1-Time 2-Px 3-Py 4-Pz 5-R11 6-R21 7-R31 8-R12 9-R22 10-R32 11-R13 12-R23 13-R33 14-Vx 15-Vy 16-Vz 17-Wx 18-Wy 19-Wz 20-state
171.338746 0.050916  0.030595  0.002714  0.460106  0.733904  0.499688  -0.800093  0.098739  0.591694  0.384907  -0.672039  0.632622  -0.001120  -0.001440  -0.001155  0.000000  0.000000  0.000000  1.000000  
171.339748 0.050916  0.030594  0.002714  0.460106  0.733904  0.499688  -0.800093  0.098739  0.591694  0.384907  -0.672039  0.632622  -0.001173  -0.001319  0.000866  0.000000  0.000000  0.000000  1.000000  
171.340983 0.050888  0.030558  0.002702  0.460106  0.733904  0.499688  -0.800093  0.098739  0.591694  0.384907  -0.672039  0.632622  -0.014392  -0.018411  -0.005711  0.000000  0.000000  0.000000  1.000000  
171.342007 0.050851  0.030512  0.002687  0.460106  0.733904  0.499688  -0.800093  0.098739  0.591694  0.384907  -0.672039  0.632622  -0.021539  -0.027286  -0.008990  0.000000  0.000000  0.000000  1.000000  
171.343235 0.050812  0.030470  0.002673  0.460106  0.733843  0.499777  -0.800093  0.098668  0.591706  0.384907  -0.672115  0.632540  -0.024605  -0.029440  -0.009635  0.000000  0.000000  0.000000  1.000000  
171.344260 0.050789  0.030447  0.002671  0.460106  0.733783  0.499866  -0.800093  0.098596  0.591718  0.384907  -0.672192  0.632459  -0.024169  -0.028050  -0.008147  0.000000  0.000000  0.000000  1.000000  
171.345504 0.050761  0.030428  0.002676  0.459915  0.733726  0.500124  -0.800143  0.098223  0.591712  0.385031  -0.672308  0.632261  -0.023774  -0.025629  -0.005811  0.000000  0.000000  0.000000  1.000000  
171.346738 0.050726  0.030413  0.002683  0.459915  0.733605  0.500302  -0.800143  0.098080  0.591736  0.385031  -0.672461  0.632097  -0.024538  -0.023440  -0.004001  0.000000  0.000000  0.000000  1.000000  
171.347739 0.050693  0.030402  0.002685  0.460080  0.733463  0.500358  -0.800049  0.098087  0.591863  0.385031  -0.672615  0.631934  -0.025557  -0.022052  -0.003266  0.000000  0.000000  0.000000  1.000000  
171.348983 0.050651  0.030380  0.002682  0.460245  0.733383  0.500325  -0.799954  0.098166  0.591977  0.385031  -0.672691  0.631853  -0.026526  -0.021477  -0.003144  0.000000  0.000000  0.000000  1.000000  
171.350255 0.050613  0.030354  0.002673  0.460270  0.733338  0.500367  -0.799998  0.098244  0.591904  0.384907  -0.672729  0.631888  -0.026883  -0.021329  -0.003645  0.000000  0.000000  0.000000  1.000000  
171.351479 0.050573  0.030331  0.002663  0.460461  0.733212  0.500376  -0.799948  0.098402  0.591946  0.384784  -0.672843  0.631842  -0.027468  -0.021108  -0.004092  0.000000  0.000000  0.000000  1.000000  
171.352726 0.050524  0.030308  0.002661  0.460461  0.733151  0.500465  -0.799948  0.098330  0.591958  0.384784  -0.672920  0.631760  -0.028532  -0.020833  -0.003824  0.000000  0.000000  0.000000  1.000000  
171.353729 0.050477  0.030279  0.002664  0.460461  0.733090  0.500554  -0.799948  0.098258  0.591970  0.384784  -0.672996  0.631678  -0.029797  -0.021379  -0.003384  0.000000  0.000000  0.000000  1.000000  
171.354730 0.050424  0.030237  0.002667  0.460600  0.733115  0.500390  -0.799809  0.098331  0.592146  0.384907  -0.672959  0.631643  -0.032795  -0.023781  -0.003178  0.000000  0.000000  0.000000  1.000000  
171.355978 0.050353  0.030170  0.002666  0.460739  0.733140  0.500226  -0.799669  0.098404  0.592322  0.385031  -0.672921  0.631608  -0.035658  -0.025847  -0.002427  0.000000  0.000000  0.000000  1.000000  
171.356980 0.050294  0.030113  0.002659  0.461042  0.733084  0.500029  -0.799435  0.098556  0.592613  0.385154  -0.672960  0.631491  -0.037202  -0.026682  -0.001810  0.000000  0.000000  0.000000  1.000000  
171.358228 0.050220  0.030043  0.002652  0.461371  0.733043  0.499785  -0.799245  0.098858  0.592819  0.385154  -0.672960  0.631491  -0.039458  -0.028479  -0.001370  0.000000  0.000000  0.000000  1.000000  
171.359231 0.050163  0.029995  0.002651  0.461562  0.732856  0.499883  -0.799195  0.098943  0.592873  0.385031  -0.673151  0.631363  -0.041784  -0.030154  -0.001319  0.000000  0.000000  0.000000  1.000000  
171.360481 0.050097  0.029951  0.002656  0.461916  0.732649  0.499859  -0.799049  0.099178  0.593030  0.384907  -0.673342  0.631235  -0.044383  -0.031831  -0.001320  0.000000  0.000000  0.000000  1.000000  
171.361493 0.050048  0.029924  0.002661  0.462271  0.732442  0.499834  -0.798904  0.099414  0.593186  0.384784  -0.673532  0.631107  -0.045970  -0.033130  -0.001484  0.000000  0.000000  0.000000  1.000000  
171.362732 0.049990  0.029890  0.002661  0.462739  0.732244  0.499692  -0.798573  0.099573  0.593604  0.384907  -0.673724  0.630826  -0.046887  -0.034156  -0.001598  0.000000  0.000000  0.000000  1.000000  
171.363736 0.049944  0.029857  0.002657  0.463232  0.732122  0.499414  -0.798287  0.099953  0.593925  0.384907  -0.673801  0.630745  -0.047685  -0.035234  -0.001804  0.000000  0.000000  0.000000  1.000000  
171.364979 0.049884  0.029813  0.002646  0.463863  0.732024  0.498971  -0.797861  0.100406  0.594421  0.385031  -0.673840  0.630628  -0.049553  -0.036783  -0.001823  0.000000  0.000000  0.000000  1.000000  
171.365981 0.049832  0.029775  0.002639  0.464520  0.731880  0.498570  -0.797479  0.100936  0.594844  0.385031  -0.673916  0.630546  -0.050750  -0.037769  -0.001839  0.000000  0.000000  0.000000  1.000000  
171.367228 0.049765  0.029725  0.002634  0.465064  0.731667  0.498377  -0.797281  0.101472  0.595018  0.384784  -0.674068  0.630535  -0.052220  -0.039928  -0.001757  0.000000  0.000000  0.000000  1.000000  
171.368228 0.049709  0.029679  0.002636  0.465557  0.731543  0.498098  -0.796993  0.101851  0.595338  0.384784  -0.674144  0.630453  -0.052922  -0.041278  -0.001836  0.022585  0.153238  -0.150051  1.000000  
171.369228 0.049652  0.029632  0.002639  0.465885  0.731501  0.497853  -0.796802  0.102153  0.595543  0.384784  -0.674144  0.630453  -0.053293  -0.041876  -0.001760  0.016735  0.158624  -0.154947  1.000000  
171.370478 0.049579  0.029567  0.002641  0.466351  0.731604  0.497265  -0.796469  0.102671  0.595899  0.384907  -0.673954  0.630581  -0.053511  -0.042058  -0.001774  0.000708  0.175514  -0.164719  1.000000  
171.371730 0.049505  0.029501  0.002636  0.467144  0.731604  0.496520  -0.795944  0.103419  0.596471  0.385031  -0.673840  0.630628  -0.053518  -0.041453  -0.001608  -0.016716  0.203521  -0.184852  1.000000  
171.372998 0.049430  0.029440  0.002628  0.467773  0.731625  0.495897  -0.795515  0.104016  0.596939  0.385154  -0.673726  0.630674  -0.053490  -0.040794  -0.001661  -0.035515  0.224925  -0.198784  1.000000  
171.374280 0.049361  0.029394  0.002621  0.468265  0.731620  0.495439  -0.795226  0.104540  0.597233  0.385154  -0.673649  0.630756  -0.053271  -0.039897  -0.002068  -0.056136  0.240633  -0.213412  1.000000  
171.375478 0.049301  0.029364  0.002617  0.468455  0.731613  0.495270  -0.795174  0.104841  0.597249  0.385031  -0.673610  0.630873  -0.053071  -0.039161  -0.002610  -0.068724  0.240360  -0.225576  1.000000  
171.376478 0.049255  0.029343  0.002615  0.468618  0.731591  0.495147  -0.795077  0.104991  0.597351  0.385031  -0.673610  0.630873  -0.052921  -0.038748  -0.003068  -0.079412  0.244856  -0.229740  1.000000  
171.377728 0.049193  0.029318  0.002609  0.469109  0.731587  0.494690  -0.794788  0.105516  0.597644  0.385031  -0.673534  0.630955  -0.053129  -0.038138  -0.003460  -0.096839  0.254130  -0.238412  1.000000  
171.378736 0.049138  0.029292  0.002601  0.469436  0.731543  0.494443  -0.794595  0.105817  0.597848  0.385031  -0.673534  0.630955  -0.053709  -0.037647  -0.003725  -0.104341  0.260801  -0.244641  1.000000  
171.379747 0.049079  0.029261  0.002592  0.469763  0.731559  0.494109  -0.794401  0.106191  0.598038  0.385031  -0.673457  0.631036  -0.054498  -0.037343  -0.003655  -0.112796  0.270963  -0.248089  1.000000  
171.380980 0.049003  0.029216  0.002582  0.469927  0.731657  0.493808  -0.794305  0.106486  0.598114  0.385031  -0.673304  0.631200  -0.055315  -0.037295  -0.003764  -0.121160  0.271554  -0.248690  1.000000  
171.381981 0.048940  0.029179  0.002578  0.469953  0.731731  0.493673  -0.794349  0.106709  0.598016  0.384907  -0.673188  0.631398  -0.055881  -0.037005  -0.003838  -0.134061  0.273169  -0.250200  1.000000  
171.383299 0.048858  0.029131  0.002574  0.469979  0.731805  0.493539  -0.794393  0.106932  0.597917  0.384784  -0.673073  0.631597  -0.056391  -0.036184  -0.004274  -0.150004  0.269490  -0.252914  1.000000  
171.384478 0.048771  0.029079  0.002566  0.470006  0.731879  0.493404  -0.794438  0.107154  0.597818  0.384660  -0.672957  0.631795  -0.057788  -0.035745  -0.005046  -0.154586  0.257180  -0.253657  1.000000  
171.385478 0.048700  0.029037  0.002556  0.470169  0.731976  0.493104  -0.794341  0.107450  0.597894  0.384660  -0.672804  0.631958  -0.058597  -0.035086  -0.005720  -0.162666  0.254039  -0.256883  1.000000  
171.386479 0.048632  0.028997  0.002543  0.470195  0.732110  0.492880  -0.794385  0.107745  0.597782  0.384537  -0.672611  0.632238  -0.059153  -0.034160  -0.006306  -0.170927  0.240641  -0.256881  1.000000  
171.387730 0.048554  0.028957  0.002524  0.470222  0.732303  0.492568  -0.794429  0.108112  0.597657  0.384413  -0.672342  0.632600  -0.059498  -0.032766  -0.007007  -0.188626  0.232867  -0.255836  1.000000  
171.388978 0.048480  0.028929  0.002509  0.470248  0.732496  0.492256  -0.794474  0.108480  0.597531  0.384290  -0.672072  0.632961  -0.059678  -0.031579  -0.007473  -0.201981  0.221705  -0.245127  1.000000  
171.389979 0.048421  0.028909  0.002500  0.470300  0.732584  0.492076  -0.794562  0.108852  0.597346  0.384043  -0.671917  0.633276  -0.060483  -0.031191  -0.007975  -0.219469  0.214014  -0.244042  1.000000  
171.391228 0.048348  0.028885  0.002492  0.470241  0.732602  0.492105  -0.794836  0.109228  0.596913  0.383549  -0.671836  0.633662  -0.061513  -0.031105  -0.008353  -0.235728  0.191047  -0.240819  1.000000  
171.392478 0.048273  0.028856  0.002482  0.470320  0.732704  0.491879  -0.794968  0.109749  0.596641  0.383178  -0.671640  0.634093  -0.062387  -0.031279  -0.008656  -0.256128  0.165001  -0.240859  1.000000  
171.393730 0.048193  0.028817  0.002466  0.470398  0.732745  0.491742  -0.795100  0.110198  0.596382  0.382807  -0.671521  0.634443  -0.063022  -0.031666  -0.009018  -0.261696  0.137345  -0.233265  1.000000  
171.394989 0.048107  0.028765  0.002446  0.470640  0.732824  0.491393  -0.795136  0.110871  0.596210  0.382436  -0.671325  0.634875  -0.063822  -0.032462  -0.009614  -0.273473  0.107456  -0.230718  1.000000  
171.395990 0.048034  0.028720  0.002430  0.470718  0.732806  0.491345  -0.795268  0.111247  0.595964  0.382065  -0.671282  0.635143  -0.064596  -0.032980  -0.010249  -0.277649  0.087332  -0.224134  1.000000  
171.397234 0.047942  0.028663  0.002413  0.471149  0.732756  0.491007  -0.795250  0.112075  0.595833  0.381571  -0.671199  0.635528  -0.065510  -0.033762  -0.011004  -0.288726  0.068815  -0.225345  1.000000  
171.398482 0.047854  0.028607  0.002397  0.471469  0.732636  0.490878  -0.795416  0.112906  0.595454  0.380828  -0.671190  0.635982  -0.065797  -0.034132  -0.011806  -0.299593  0.044084  -0.232952  1.000000  
171.399733 0.047769  0.028552  0.002378  0.471789  0.732576  0.490660  -0.795582  0.113809  0.595061  0.380086  -0.671103  0.636518  -0.065503  -0.034270  -0.012397  -0.306442  0.013141  -0.247111  1.000000  
171.400734 0.047701  0.028510  0.002360  0.472082  0.732443  0.490577  -0.795703  0.114490  0.594768  0.379467  -0.671133  0.636856  -0.065339  -0.034349  -0.012836  -0.305180  -0.014698  -0.257993  1.000000  
171.401980 0.047619  0.028461  0.002334  0.472617  0.732267  0.490325  -0.795857  0.115698  0.594328  0.378477  -0.671118  0.637461  -0.065452  -0.034672  -0.013443  -0.308035  -0.054934  -0.281995  1.000000  
171.403228 0.047538  0.028414  0.002310  0.473315  0.732006  0.490041  -0.795913  0.116984  0.594001  0.377486  -0.671179  0.637983  -0.065826  -0.035580  -0.013889  -0.313480  -0.084324  -0.303798  1.000000  
171.404478 0.047461  0.028372  0.002290  0.474013  0.731804  0.489668  -0.795967  0.118341  0.593659  0.376494  -0.671162  0.638587  -0.065957  -0.036460  -0.014299  -0.329601  -0.103555  -0.331596  1.000000  
171.405728 0.047387  0.028331  0.002274  0.474736  0.731554  0.489340  -0.796063  0.119776  0.593243  0.375378  -0.671180  0.639225  -0.066005  -0.037621  -0.014708  -0.346826  -0.118888  -0.366229  1.000000  
171.406729 0.047325  0.028295  0.002261  0.475270  0.731374  0.489092  -0.796212  0.120981  0.592798  0.374386  -0.671160  0.639827  -0.066242  -0.038699  -0.015131  -0.365970  -0.144666  -0.395466  1.000000  
171.407734 0.047260  0.028252  0.002246  0.475777  0.731239  0.488801  -0.796317  0.122110  0.592426  0.373517  -0.671103  0.640395  -0.066524  -0.040002  -0.015594  -0.378007  -0.166341  -0.418192  1.000000  
171.408977 0.047172  0.028187  0.002222  0.476525  0.730998  0.488431  -0.796451  0.123691  0.591917  0.372276  -0.671075  0.641146  -0.067077  -0.041434  -0.016053  -0.393736  -0.191213  -0.451688  1.000000  
171.409977 0.047097  0.028130  0.002201  0.477247  0.730802  0.488020  -0.796541  0.125195  0.591481  0.371158  -0.671010  0.641863  -0.067347  -0.042396  -0.016351  -0.412537  -0.214408  -0.485329  1.000000  
171.410978 0.047022  0.028072  0.002179  0.477968  0.730546  0.487697  -0.796628  0.126626  0.591058  0.370040  -0.671021  0.642497  -0.067482  -0.043210  -0.016713  -0.429511  -0.232785  -0.522906  1.000000  
171.411985 0.046948  0.028018  0.002159  0.478526  0.730373  0.487410  -0.796813  0.127978  0.590517  0.368921  -0.670952  0.643212  -0.067373  -0.043727  -0.017171  -0.450392  -0.250356  -0.562109  1.000000  
171.413230 0.046858  0.027954  0.002139  0.479322  0.730034  0.487135  -0.797024  0.129710  0.589854  0.367428  -0.670988  0.644028  -0.067535  -0.044303  -0.017405  -0.467424  -0.269017  -0.607503  1.000000  
171.414230 0.046788  0.027908  0.002124  0.479878  0.729859  0.486849  -0.797205  0.131060  0.589311  0.366308  -0.670916  0.644741  -0.067631  -0.044388  -0.017481  -0.487506  -0.286324  -0.645996  1.000000  
171.415231 0.046718  0.027864  0.002107  0.480459  0.729578  0.486698  -0.797426  0.132416  0.588708  0.365062  -0.670956  0.645405  -0.067830  -0.044496  -0.017466  -0.498083  -0.312839  -0.682938  1.000000  
171.416536 0.046630  0.027811  0.002083  0.481304  0.729201  0.486428  -0.797714  0.134371  0.587875  0.363318  -0.670977  0.646367  -0.067846  -0.044438  -0.017243  -0.512752  -0.338877  -0.737001  1.000000  
171.417728 0.046543  0.027759  0.002058  0.481958  0.728896  0.486237  -0.798055  0.136097  0.587014  0.361697  -0.670960  0.647293  -0.068537  -0.044989  -0.017344  -0.526544  -0.364780  -0.779804  1.000000  
171.418977 0.046455  0.027708  0.002033  0.482497  0.728585  0.486170  -0.798576  0.137898  0.585885  0.359825  -0.670931  0.648365  -0.069180  -0.045535  -0.017697  -0.540922  -0.403701  -0.829206  1.000000  
171.419978 0.046384  0.027666  0.002013  0.482959  0.728353  0.486058  -0.798970  0.139396  0.584993  0.358326  -0.670873  0.649254  -0.069936  -0.046131  -0.018172  -0.555333  -0.430273  -0.865714  1.000000  
171.421228 0.046293  0.027612  0.001989  0.483520  0.728052  0.485951  -0.799525  0.141342  0.583766  0.356327  -0.670792  0.650437  -0.070839  -0.046699  -0.018544  -0.580230  -0.458506  -0.913012  1.000000  
171.422477 0.046196  0.027551  0.001964  0.483938  0.727793  0.485923  -0.800216  0.143284  0.582343  0.354201  -0.670661  0.651733  -0.072141  -0.047508  -0.019090  -0.600056  -0.502315  -0.957880  1.000000  
171.423477 0.046116  0.027499  0.001943  0.484256  0.727602  0.485892  -0.800742  0.144776  0.581250  0.352574  -0.670548  0.652730  -0.072792  -0.047598  -0.019222  -0.619928  -0.533599  -0.989859  1.000000  
171.424481 0.046036  0.027445  0.001922  0.484573  0.727470  0.485774  -0.801266  0.146337  0.580137  0.350945  -0.670352  0.653808  -0.073214  -0.047422  -0.019240  -0.638503  -0.574442  -1.025731  1.000000  
171.425730 0.045937  0.027380  0.001896  0.484819  0.727419  0.485605  -0.802047  0.148335  0.578548  0.348814  -0.669969  0.655340  -0.073591  -0.046968  -0.019239  -0.666907  -0.621669  -1.060916  1.000000  
171.426979 0.045838  0.027318  0.001871  0.485087  0.727263  0.485571  -0.802863  0.150337  0.576897  0.346556  -0.669692  0.656819  -0.074065  -0.046656  -0.019197  -0.693710  -0.674880  -1.096419  1.000000  
171.428244 0.045741  0.027263  0.001850  0.485328  0.727214  0.485404  -0.803636  0.152329  0.575296  0.344422  -0.669295  0.658344  -0.074462  -0.046009  -0.019284  -0.727885  -0.726228  -1.123490  1.000000  
171.429481 0.045647  0.027213  0.001830  0.485424  0.727150  0.485402  -0.804543  0.154246  0.573514  0.342160  -0.668925  0.659899  -0.074947  -0.045587  -0.019359  -0.752950  -0.779014  -1.148803  1.000000  
171.430485 0.045574  0.027176  0.001811  0.485589  0.727124  0.485277  -0.805191  0.155863  0.572167  0.340399  -0.668579  0.661159  -0.075176  -0.045261  -0.019472  -0.780195  -0.817125  -1.168292  1.000000  
171.431738 0.045483  0.027128  0.001785  0.485915  0.726952  0.485209  -0.806106  0.158223  0.570226  0.337756  -0.668212  0.662883  -0.075380  -0.044911  -0.019593  -0.808807  -0.872632  -1.195735  1.000000  
171.432979 0.045390  0.027078  0.001756  0.486094  0.726768  0.485305  -0.807155  0.160505  0.568102  0.334984  -0.667867  0.664635  -0.075786  -0.044787  -0.019756  -0.837018  -0.940974  -1.217893  1.000000  
171.433980 0.045314  0.027035  0.001734  0.486319  0.726724  0.485145  -0.807905  0.162482  0.566470  0.332840  -0.667437  0.666143  -0.076183  -0.044875  -0.019846  -0.866017  -0.990387  -1.238936  1.000000  
171.435229 0.045218  0.026980  0.001707  0.486512  0.726557  0.485202  -0.808980  0.164903  0.564233  0.329936  -0.667025  0.667997  -0.076685  -0.045167  -0.020063  -0.894254  -1.058838  -1.260415  1.000000  
171.436478 0.045120  0.026920  0.001681  0.486889  0.726370  0.485103  -0.809984  0.167613  0.561990  0.326903  -0.666552  0.669957  -0.076905  -0.045338  -0.020278  -0.925078  -1.122942  -1.286158  1.000000  
171.437728 0.045020  0.026856  0.001653  0.487071  0.726266  0.485076  -0.811043  0.170092  0.559713  0.323993  -0.666037  0.671880  -0.077047  -0.045399  -0.020454  -0.952214  -1.183553  -1.307358  1.000000  
171.438978 0.044920  0.026791  0.001623  0.487415  0.726247  0.484760  -0.811994  0.172850  0.557484  0.321080  -0.665348  0.673958  -0.077086  -0.045384  -0.020613  -0.988527  -1.252867  -1.328775  1.000000  
171.440229 0.044822  0.026729  0.001593  0.487776  0.726183  0.484492  -0.812974  0.175679  0.555167  0.318038  -0.664676  0.676060  -0.076892  -0.044999  -0.020853  -1.027904  -1.314321  -1.350641  1.000000  
171.441478 0.044728  0.026670  0.001564  0.488342  0.726111  0.484031  -0.813918  0.178937  0.552738  0.314738  -0.663886  0.678377  -0.076516  -0.044743  -0.021194  -1.068936  -1.372536  -1.377927  1.000000  
171.442478 0.044656  0.026627  0.001539  0.488649  0.726023  0.483852  -0.814809  0.181467  0.550596  0.311942  -0.663295  0.680244  -0.076150  -0.044570  -0.021683  -1.106346  -1.428657  -1.403826  1.000000  
171.443732 0.044567  0.026576  0.001509  0.489078  0.725840  0.483692  -0.815907  0.184647  0.547907  0.308381  -0.662617  0.682524  -0.075813  -0.044464  -0.022205  -1.145549  -1.499280  -1.434016  1.000000  
171.444986 0.044479  0.026527  0.001475  0.489690  0.725633  0.483384  -0.816927  0.188110  0.545202  0.304687  -0.661869  0.684905  -0.075447  -0.044613  -0.023045  -1.201106  -1.572138  -1.474215  1.000000  
171.446232 0.044389  0.026474  0.001440  0.490273  0.725590  0.482857  -0.817900  0.191621  0.542513  0.301117  -0.660909  0.687407  -0.075358  -0.044848  -0.023725  -1.258043  -1.636286  -1.505272  1.000000  
171.447235 0.044314  0.026428  0.001411  0.490768  0.725436  0.482586  -0.818725  0.194491  0.540243  0.298053  -0.660239  0.689383  -0.075439  -0.045398  -0.024206  -1.298182  -1.684107  -1.539870  1.000000  
171.448482 0.044219  0.026368  0.001377  0.491440  0.725109  0.482394  -0.819846  0.198297  0.537151  0.293836  -0.659466  0.691929  -0.075507  -0.045914  -0.024540  -1.347015  -1.753505  -1.584932  1.000000  
171.449733 0.044121  0.026306  0.001345  0.492062  0.724990  0.481938  -0.820884  0.202070  0.534150  0.289869  -0.658450  0.694564  -0.075624  -0.046435  -0.024847  -1.406121  -1.812028  -1.627641  1.000000  
171.450982 0.044021  0.026240  0.001313  0.492676  0.724931  0.481399  -0.821908  0.205897  0.531105  0.285896  -0.657329  0.697267  -0.075814  -0.046934  -0.025319  -1.465380  -1.867857  -1.666878  1.000000  
171.452227 0.043919  0.026173  0.001280  0.493243  0.724963  0.480770  -0.822854  0.209560  0.528201  0.282176  -0.656135  0.699903  -0.076152  -0.047312  -0.025600  -1.518431  -1.903484  -1.696751  1.000000  
171.453227 0.043837  0.026119  0.001251  0.493706  0.724930  0.480345  -0.823627  0.212517  0.525810  0.279094  -0.655220  0.701992  -0.076253  -0.047464  -0.026015  -1.563125  -1.944342  -1.731224  1.000000  
171.454477 0.043735  0.026054  0.001213  0.494354  0.724796  0.479880  -0.824707  0.216597  0.522440  0.274723  -0.654031  0.704820  -0.076436  -0.047464  -0.026580  -1.620274  -2.002548  -1.780289  1.000000  
171.455477 0.043654  0.026005  0.001180  0.494879  0.724701  0.479481  -0.825584  0.219961  0.519642  0.271118  -0.653012  0.707156  -0.076627  -0.047402  -0.027159  -1.666946  -2.048942  -1.827782  1.000000  
171.456728 0.043555  0.025947  0.001141  0.495527  0.724584  0.478990  -0.826664  0.224151  0.516123  0.266608  -0.651716  0.710060  -0.076985  -0.047394  -0.027747  -1.728358  -2.108131  -1.883598  1.000000  
171.457729 0.043478  0.025905  0.001111  0.496019  0.724594  0.478465  -0.827485  0.227480  0.513344  0.263124  -0.650551  0.712425  -0.077403  -0.047506  -0.028261  -1.772813  -2.147057  -1.924724  1.000000  
171.458977 0.043381  0.025853  0.001072  0.496476  0.724643  0.477916  -0.828635  0.231616  0.509626  0.258604  -0.649035  0.715456  -0.077931  -0.047559  -0.028667  -1.834137  -2.203673  -1.969403  1.000000  
171.460227 0.043282  0.025798  0.001033  0.496975  0.724620  0.477433  -0.829854  0.236019  0.505606  0.253689  -0.647473  0.718624  -0.078627  -0.047920  -0.029048  -1.896967  -2.268499  -2.030047  1.000000  
171.461485 0.043180  0.025738  0.000993  0.497443  0.724587  0.476995  -0.831024  0.240266  0.501669  0.248897  -0.645946  0.721668  -0.079448  -0.048355  -0.029318  -1.961998  -2.335081  -2.081304  1.000000  
171.462730 0.043074  0.025675  0.000953  0.497744  0.724680  0.476540  -0.832304  0.244539  0.497464  0.243970  -0.644236  0.724872  -0.080176  -0.048674  -0.029629  -2.027228  -2.392447  -2.124412  1.000000  
171.463739 0.042989  0.025622  0.000923  0.498054  0.724778  0.476066  -0.833213  0.247916  0.494261  0.240205  -0.642833  0.727370  -0.080739  -0.048900  -0.029905  -2.071735  -2.435682  -2.155686  1.000000  
171.464983 0.042880  0.025555  0.000886  0.498331  0.724939  0.475532  -0.834456  0.252211  0.489973  0.235266  -0.640979  0.730613  -0.081497  -0.049232  -0.030221  -2.137585  -2.491186  -2.195569  1.000000  
171.466230 0.042772  0.025489  0.000849  0.498625  0.725132  0.474927  -0.835730  0.256746  0.485424  0.230061  -0.638956  0.734035  -0.081990  -0.049121  -0.030660  -2.205468  -2.555009  -2.232775  1.000000  
171.467260 0.042686  0.025439  0.000818  0.498781  0.725279  0.474540  -0.836774  0.260261  0.481741  0.225893  -0.637366  0.736707  -0.082021  -0.048757  -0.030798  -2.254313  -2.607946  -2.262402  1.000000  
171.468477 0.042581  0.025377  0.000780  0.498860  0.725583  0.473992  -0.838083  0.264526  0.477119  0.220806  -0.635260  0.740060  -0.082370  -0.048547  -0.030858  -2.311511  -2.670067  -2.289796  1.000000  
171.469478 0.042499  0.025330  0.000750  0.498979  0.725841  0.473471  -0.839068  0.267988  0.473442  0.216759  -0.633512  0.742750  -0.082398  -0.048187  -0.030839  -2.358469  -2.722918  -2.317557  1.000000  
171.470728 0.042398  0.025275  0.000712  0.499262  0.725873  0.473124  -0.840332  0.272588  0.468549  0.211139  -0.631510  0.746067  -0.082477  -0.047911  -0.030720  -2.409668  -2.790431  -2.355536  1.000000  
171.471733 0.042318  0.025232  0.000683  0.499387  0.726055  0.472712  -0.841331  0.276155  0.464651  0.206821  -0.629748  0.748761  -0.082531  -0.047788  -0.030526  -2.460647  -2.847494  -2.383368  1.000000  
171.472980 0.042220  0.025180  0.000649  0.499452  0.726431  0.472066  -0.842626  0.280706  0.459550  0.201320  -0.627298  0.752308  -0.082671  -0.047765  -0.030230  -2.521499  -2.919502  -2.404562  1.000000  
171.473981 0.042143  0.025137  0.000623  0.499553  0.726683  0.471571  -0.843588  0.284284  0.455568  0.196993  -0.625392  0.755036  -0.082545  -0.047795  -0.029860  -2.569003  -2.963517  -2.421874  1.000000  
171.475227 0.042046  0.025081  0.000590  0.499775  0.727029  0.470801  -0.844755  0.289053  0.450375  0.191349  -0.622798  0.758623  -0.082417  -0.047771  -0.029538  -2.630391  -3.022775  -2.442593  1.000000  
171.476477 0.041947  0.025021  0.000556  0.499817  0.727402  0.470181  -0.846019  0.293708  0.444958  0.185567  -0.620179  0.762196  -0.082231  -0.047869  -0.029149  -2.686767  -3.094766  -2.461346  1.000000  
171.477727 0.041848  0.024957  0.000521  0.500003  0.727822  0.469332  -0.847130  0.298459  0.439651  0.179911  -0.617412  0.765790  -0.081797  -0.047884  -0.028801  -2.753464  -3.152932  -2.476118  1.000000  
171.478743 0.041769  0.024905  0.000495  0.500065  0.728284  0.468548  -0.848032  0.302219  0.435322  0.175434  -0.615033  0.768737  -0.081141  -0.047626  -0.028485  -2.813569  -3.201414  -2.481182  1.000000  
171.479984 0.041673  0.024842  0.000462  0.500243  0.728691  0.467724  -0.849132  0.307096  0.429728  0.169503  -0.612128  0.772378  -0.080326  -0.047428  -0.028225  -2.870358  -3.261407  -2.499359  1.000000  
171.481230 0.041580  0.024781  0.000429  0.500390  0.729149  0.466853  -0.850184  0.311861  0.424182  0.163698  -0.609167  0.775963  -0.079330  -0.047092  -0.027942  -2.936461  -3.337383  -2.522509  1.000000  
171.482481 0.041489  0.024723  0.000397  0.500531  0.729629  0.465950  -0.851224  0.316707  0.418467  0.157756  -0.606084  0.779600  -0.078432  -0.046880  -0.027637  -2.999225  -3.403137  -2.539867  1.000000  
171.483731 0.041401  0.024669  0.000365  0.500818  0.730206  0.464738  -0.852113  0.321692  0.412818  0.151940  -0.602755  0.783327  -0.077151  -0.046384  -0.027145  -3.072735  -3.459265  -2.556498  1.000000  
171.484731 0.041333  0.024626  0.000341  0.500841  0.730634  0.464039  -0.852957  0.325551  0.408020  0.147045  -0.600159  0.786249  -0.076230  -0.046197  -0.026664  -3.119380  -3.506718  -2.560725  1.000000  
171.485977 0.041249  0.024573  0.000312  0.501105  0.731126  0.462979  -0.853808  0.330474  0.402242  0.141087  -0.596860  0.789843  -0.075226  -0.046069  -0.026126  -3.180982  -3.556450  -2.570642  1.000000  
171.487227 0.041165  0.024518  0.000283  0.501350  0.731680  0.461836  -0.854629  0.335400  0.396380  0.135123  -0.593423  0.793468  -0.074242  -0.046159  -0.025713  -3.239757  -3.599821  -2.579611  1.000000  
171.488228 0.041097  0.024473  0.000260  0.501497  0.732210  0.460835  -0.855283  0.339334  0.391590  0.130349  -0.590526  0.796422  -0.073515  -0.046457  -0.025490  -3.290018  -3.636967  -2.590311  1.000000  
171.489477 0.041011  0.024414  0.000230  0.501709  0.732888  0.459525  -0.856048  0.344267  0.385566  0.124377  -0.586818  0.800109  -0.072907  -0.046776  -0.025329  -3.359195  -3.689183  -2.602661  1.000000  
171.490480 0.040940  0.024364  0.000205  0.501838  0.733443  0.458498  -0.856672  0.348243  0.380578  0.119464  -0.583771  0.803082  -0.072282  -0.047046  -0.025181  -3.412808  -3.722165  -2.609037  1.000000  
171.491730 0.040851  0.024298  0.000174  0.502000  0.734211  0.457088  -0.857354  0.352950  0.374659  0.113750  -0.579966  0.806660  -0.071645  -0.047304  -0.024977  -3.475396  -3.747573  -2.609726  1.000000  
171.492977 0.040762  0.024232  0.000143  0.502330  0.735093  0.455305  -0.857917  0.358004  0.368525  0.107899  -0.575735  0.810485  -0.071035  -0.047410  -0.024769  -3.551224  -3.776906  -2.614419  1.000000  
171.493980 0.040692  0.024181  0.000117  0.502410  0.735811  0.454056  -0.858459  0.361882  0.363441  0.103109  -0.572385  0.813477  -0.070561  -0.047379  -0.024717  -3.605848  -3.806782  -2.624740  1.000000  
171.494981 0.040622  0.024132  0.000094  0.502662  0.736364  0.452879  -0.858889  0.365896  0.358370  0.098184  -0.569112  0.816377  -0.070087  -0.047367  -0.024540  -3.656534  -3.833204  -2.632427  1.000000  
171.495984 0.040554  0.024083  0.000070  0.502718  0.737034  0.451725  -0.859391  0.369657  0.353271  0.093389  -0.565804  0.819234  -0.069534  -0.047318  -0.024312  -3.705426  -3.857279  -2.632207  1.000000  
171.497233 0.040468  0.024025  0.000039  0.502810  0.738061  0.449943  -0.859954  0.374408  0.346839  0.087526  -0.561325  0.822954  -0.069206  -0.047347  -0.024252  -3.773956  -3.879505  -2.634148  1.000000  
171.498483 0.040384  0.023967  0.000008  0.503050  0.739089  0.447982  -0.860365  0.379121  0.340644  0.081927  -0.556790  0.826604  -0.068972  -0.047583  -0.024180  -3.842868  -3.891487  -2.635174  1.000000  
171.499734 0.040299  0.023908  -0.000023  0.503113  0.740086  0.446263  -0.860879  0.383815  0.334025  0.075925  -0.552231  0.830227  -0.068986  -0.047980  -0.024286  -3.915307  -3.913816  -2.640739  1.000000  
171.500742 0.040229  0.023859  -0.000048  0.503287  0.740839  0.444815  -0.861177  0.387569  0.328885  0.071254  -0.548588  0.833051  -0.069055  -0.048304  -0.024439  -3.970346  -3.918496  -2.638729  1.000000  
171.501979 0.040141  0.023795  -0.000081  0.503303  0.742009  0.442842  -0.861613  0.392002  0.322426  0.065648  -0.543836  0.836620  -0.069435  -0.049007  -0.024652  -4.035142  -3.929310  -2.625378  1.000000  
171.503228 0.040050  0.023728  -0.000113  0.503300  0.743218  0.440813  -0.862014  0.396311  0.316021  0.060173  -0.539041  0.840128  -0.069802  -0.049744  -0.024848  -4.099446  -3.931076  -2.614025  1.000000  
171.504478 0.039957  0.023656  -0.000145  0.503285  0.744341  0.438932  -0.862396  0.400584  0.309525  0.054563  -0.534313  0.843524  -0.070251  -0.050599  -0.024977  -4.144317  -3.939586  -2.603392  1.000000  
171.505478 0.039880  0.023594  -0.000170  0.503231  0.745293  0.437376  -0.862711  0.404072  0.304065  0.049886  -0.530343  0.846314  -0.070701  -0.051337  -0.024979  -4.201457  -3.951386  -2.591640  1.000000  
171.506728 0.039785  0.023517  -0.000200  0.503186  0.746529  0.435314  -0.863043  0.408305  0.297395  0.044273  -0.525340  0.849740  -0.071086  -0.052083  -0.024937  -4.256877  -3.949602  -2.576552  1.000000  
171.507730 0.039707  0.023456  -0.000223  0.503282  0.747332  0.433822  -0.863208  0.411721  0.292160  0.039728  -0.521518  0.852315  -0.071475  -0.052628  -0.024846  -4.291081  -3.947995  -2.568419  1.000000  
171.508730 0.039631  0.023396  -0.000246  0.503188  0.748206  0.432423  -0.863455  0.414848  0.286961  0.035316  -0.517773  0.854789  -0.071866  -0.053231  -0.024668  -4.314930  -3.956057  -2.554691  1.000000  
171.509980 0.039538  0.023323  -0.000274  0.503100  0.749537  0.430214  -0.863713  0.418891  0.280233  0.029833  -0.512567  0.858129  -0.072323  -0.053918  -0.024535  -4.367944  -3.950239  -2.528044  1.000000  
171.511227 0.039446  0.023252  -0.000301  0.502996  0.751060  0.427672  -0.863942  0.422907  0.273411  0.024483  -0.507009  0.861593  -0.072745  -0.054683  -0.024364  -4.433811  -3.945498  -2.501336  1.000000  
171.512261 0.039371  0.023195  -0.000322  0.503048  0.751942  0.426059  -0.864032  0.426264  0.267859  0.019801  -0.502875  0.864132  -0.073072  -0.055341  -0.024017  -4.472406  -3.941345  -2.486704  1.000000  
171.513483 0.039278  0.023120  -0.000349  0.502917  0.753278  0.423847  -0.864216  0.430116  0.261018  0.014316  -0.497566  0.867308  -0.073825  -0.056599  -0.023785  -4.518275  -3.947823  -2.459525  1.000000  
171.514731 0.039182  0.023042  -0.000375  0.502770  0.754683  0.421516  -0.864372  0.433787  0.254340  0.009098  -0.492221  0.870423  -0.074425  -0.057728  -0.023467  -4.558924  -3.931283  -2.430137  1.000000  
171.515736 0.039105  0.022977  -0.000393  0.502784  0.755651  0.419761  -0.864398  0.436735  0.249156  0.004951  -0.488112  0.872767  -0.074990  -0.058847  -0.023013  -4.593168  -3.918302  -2.402089  1.000000  
171.516980 0.039008  0.022892  -0.000414  0.502613  0.756909  0.417695  -0.864512  0.440428  0.242163  -0.000669  -0.482816  0.875721  -0.075605  -0.060309  -0.022183  -4.631503  -3.921000  -2.373557  1.000000  
171.517983 0.038928  0.022822  -0.000429  0.502606  0.757948  0.415815  -0.864501  0.443398  0.236719  -0.004951  -0.478449  0.878101  -0.076086  -0.061395  -0.021414  -4.660679  -3.912580  -2.351622  1.000000  
171.519228 0.038826  0.022731  -0.000444  0.502585  0.759169  0.413607  -0.864463  0.447152  0.229692  -0.010570  -0.472988  0.881006  -0.076648  -0.062721  -0.020314  -4.695129  -3.911487  -2.328278  1.000000  
171.520478 0.038725  0.022636  -0.000458  0.502550  0.760338  0.411497  -0.864404  0.450592  0.223098  -0.015788  -0.467818  0.883684  -0.077019  -0.063894  -0.019189  -4.709940  -3.894939  -2.300146  1.000000  
171.521728 0.038623  0.022542  -0.000470  0.502320  0.761656  0.409334  -0.864417  0.454053  0.215915  -0.021406  -0.462294  0.886468  -0.077412  -0.065015  -0.017989  -4.742909  -3.904276  -2.275578  1.000000  
171.522728 0.038543  0.022466  -0.000477  0.502269  0.762698  0.407453  -0.864330  0.456816  0.210365  -0.025687  -0.457834  0.888667  -0.077630  -0.065985  -0.016927  -4.758468  -3.902613  -2.245250  1.000000  
171.523730 0.038464  0.022392  -0.000484  0.502387  0.763595  0.405622  -0.864123  0.459667  0.204931  -0.029966  -0.453463  0.890771  -0.077847  -0.066928  -0.015809  -4.771991  -3.890711  -2.229687  1.000000  
171.524981 0.038365  0.022302  -0.000489  0.502304  0.764897  0.403267  -0.863981  0.462871  0.198213  -0.035048  -0.447978  0.893357  -0.078226  -0.068261  -0.014143  -4.789277  -3.873743  -2.193294  1.000000  
171.526228 0.038266  0.022212  -0.000491  0.502205  0.766119  0.401063  -0.863811  0.466037  0.191417  -0.040263  -0.442573  0.895828  -0.078753  -0.069568  -0.012506  -4.802338  -3.859882  -2.163362  1.000000  
171.527228 0.038186  0.022139  -0.000491  0.502292  0.766968  0.399328  -0.863550  0.468718  0.185969  -0.044540  -0.438251  0.897749  -0.079204  -0.070518  -0.011292  -4.807660  -3.851907  -2.150709  1.000000  
171.528242 0.038105  0.022065  -0.000489  0.502191  0.767963  0.397539  -0.863378  0.471220  0.180362  -0.048817  -0.433803  0.899684  -0.079459  -0.071473  -0.009517  -4.813583  -3.854769  -2.124512  1.000000  
171.529497 0.038001  0.021968  -0.000485  0.502234  0.769282  0.394926  -0.863042  0.474459  0.173340  -0.054028  -0.427895  0.902212  -0.079992  -0.072700  -0.007414  -4.833997  -3.836943  -2.099375  1.000000  
171.530732 0.037895  0.021870  -0.000476  0.502089  0.770678  0.392380  -0.862794  0.477398  0.166369  -0.059105  -0.422075  0.904632  -0.080719  -0.073816  -0.005480  -4.854324  -3.831081  -2.069290  1.000000  
171.531735 0.037807  0.021790  -0.000466  0.502135  0.771575  0.390555  -0.862464  0.479904  0.160776  -0.063378  -0.417571  0.906431  -0.081333  -0.074712  -0.003546  -4.856362  -3.826284  -2.055077  1.000000  
171.532979 0.037697  0.021688  -0.000453  0.501966  0.772969  0.388006  -0.862174  0.482717  0.153752  -0.068451  -0.411707  0.908742  -0.082054  -0.075636  -0.001638  -4.869564  -3.824212  -2.031551  1.000000  
171.533984 0.037607  0.021606  -0.000440  0.501987  0.773932  0.386055  -0.861801  0.485207  0.147896  -0.072856  -0.406945  0.910543  -0.082622  -0.076204  0.000301  -4.885093  -3.822864  -2.022718  1.000000  
171.535230 0.037495  0.021504  -0.000422  0.501783  0.775224  0.383719  -0.861452  0.487968  0.140670  -0.078192  -0.401142  0.912673  -0.083336  -0.076727  0.002494  -4.890001  -3.820591  -1.999376  1.000000  
171.536478 0.037383  0.021403  -0.000402  0.501760  0.776497  0.381169  -0.861004  0.490680  0.133813  -0.083127  -0.395330  0.914770  -0.083988  -0.077120  0.004435  -4.894279  -3.806638  -1.977937  1.000000  
171.537728 0.037272  0.021301  -0.000379  0.501540  0.777935  0.378517  -0.860627  0.493241  0.126627  -0.088192  -0.389270  0.916892  -0.084756  -0.077663  0.006533  -4.914364  -3.801898  -1.948936  1.000000  
171.538728 0.037183  0.021222  -0.000359  0.501364  0.779102  0.376344  -0.860325  0.495168  0.121033  -0.092057  -0.384459  0.918540  -0.085426  -0.078040  0.008296  -4.934443  -3.792189  -1.928741  1.000000  
171.539730 0.037093  0.021143  -0.000338  0.501004  0.780278  0.374381  -0.860113  0.496863  0.115467  -0.095920  -0.379859  0.920058  -0.086218  -0.078584  0.010213  -4.930907  -3.786093  -1.899414  1.000000  
171.540980 0.036979  0.021043  -0.000309  0.500772  0.781698  0.371720  -0.859716  0.499081  0.108659  -0.100580  -0.373987  0.921964  -0.087243  -0.079225  0.012300  -4.918133  -3.774568  -1.871364  1.000000  
171.542228 0.036863  0.020942  -0.000279  0.500522  0.783000  0.369308  -0.859287  0.501252  0.101845  -0.105371  -0.368317  0.923710  -0.088196  -0.079820  0.014185  -4.919478  -3.761756  -1.839774  1.000000  
171.543228 0.036768  0.020859  -0.000254  0.500129  0.784196  0.367298  -0.859018  0.502852  0.096066  -0.109362  -0.363561  0.925129  -0.089198  -0.080435  0.015733  -4.914718  -3.755130  -1.813470  1.000000  
171.544228 0.036671  0.020776  -0.000228  0.499927  0.785405  0.364983  -0.858671  0.504455  0.090610  -0.112952  -0.358698  0.926594  -0.090114  -0.080835  0.017235  -4.922338  -3.740891  -1.791350  1.000000  
171.545246 0.036571  0.020689  -0.000202  0.499533  0.786691  0.362744  -0.858402  0.505894  0.084959  -0.116674  -0.353820  0.928008  -0.091195  -0.081342  0.018694  -4.928141  -3.741849  -1.758724  1.000000  
171.546483 0.036444  0.020582  -0.000167  0.499093  0.788252  0.359952  -0.858051  0.507575  0.078205  -0.121058  -0.347889  0.929687  -0.092425  -0.081918  0.020288  -4.952729  -3.736359  -1.731031  1.000000  
171.547732 0.036316  0.020474  -0.000133  0.498466  0.789914  0.357166  -0.857786  0.509030  0.071361  -0.125439  -0.341943  0.931311  -0.093589  -0.082312  0.021711  -4.936164  -3.705541  -1.671208  1.000000  
171.548984 0.036188  0.020369  -0.000096  0.498006  0.791511  0.354261  -0.857401  0.510589  0.064513  -0.129819  -0.335871  0.932919  -0.094636  -0.082479  0.022907  -4.939748  -3.680878  -1.624858  1.000000  
171.550015 0.036084  0.020286  -0.000067  0.497600  0.792789  0.351965  -0.857108  0.511737  0.059090  -0.133267  -0.331075  0.934146  -0.095453  -0.082393  0.023991  -4.947058  -3.666716  -1.590050  1.000000  
171.551235 0.035954  0.020183  -0.000030  0.497133  0.794400  0.348980  -0.856709  0.513139  0.052324  -0.137509  -0.324986  0.935668  -0.096871  -0.082685  0.025186  -4.956685  -3.643368  -1.552740  1.000000  
171.552478 0.035824  0.020082  0.000009  0.496499  0.796197  0.345773  -0.856429  0.514244  0.045627  -0.141484  -0.318784  0.937208  -0.098148  -0.082687  0.026327  -4.967413  -3.613798  -1.498030  1.000000  
171.553479 0.035720  0.020001  0.000042  0.496112  0.797591  0.343107  -0.856167  0.515105  0.040545  -0.144397  -0.313872  0.938421  -0.099164  -0.082774  0.027158  -4.977171  -3.585139  -1.449966  1.000000  
171.554728 0.035589  0.019900  0.000083  0.495641  0.799184  0.340065  -0.855761  0.516251  0.034023  -0.148368  -0.307878  0.939786  -0.100284  -0.082869  0.028076  -4.980824  -3.565724  -1.411919  1.000000  
171.555730 0.035483  0.019818  0.000117  0.495244  0.800484  0.337578  -0.855481  0.517018  0.029052  -0.151278  -0.303179  0.940849  -0.101459  -0.083036  0.028893  -4.986774  -3.538895  -1.370763  1.000000  
171.556978 0.035347  0.019714  0.000159  0.494780  0.802146  0.334296  -0.855087  0.517989  0.022665  -0.154981  -0.297066  0.942196  -0.102579  -0.083252  0.029586  -5.000534  -3.497906  -1.317654  1.000000  
