1-Time 2-Px 3-Py 4-Pz 5-R11 6-R21 7-R31 8-R12 9-R22 10-R32 11-R13 12-R23 13-R33 14-Vx 15-Vy 16-Vz 17-Wx 18-Wy 19-Wz 20-state
164.519923 0.027784  -0.013541  -0.022923  0.372728  0.758685  0.534294  -0.888700  0.457526  -0.029711  -0.266995  -0.463753  0.844776  -0.002513  -0.006669  0.010404  -0.165786  0.252703  0.142115  1.000000  
164.521008 0.027781  -0.013545  -0.022917  0.372728  0.758685  0.534294  -0.888700  0.457526  -0.029711  -0.266995  -0.463753  0.844776  -0.003325  -0.004357  0.007968  0.000000  0.000000  0.000000  1.000000  
164.522011 0.027775  -0.013549  -0.022901  0.372728  0.758815  0.534110  -0.888700  0.457519  -0.029822  -0.266995  -0.463548  0.844889  -0.004839  -0.004022  0.012453  0.000000  0.000000  0.000000  1.000000  
164.523251 0.027759  -0.013554  -0.022864  0.372728  0.758880  0.534018  -0.888700  0.457515  -0.029878  -0.266995  -0.463445  0.844945  -0.008039  -0.004016  0.019623  0.000000  0.000000  0.000000  1.000000  
164.524501 0.027745  -0.013557  -0.022830  0.372728  0.759009  0.533834  -0.888700  0.457508  -0.029989  -0.266995  -0.463240  0.845057  -0.009152  -0.003747  0.021736  0.000000  0.000000  0.000000  1.000000  
164.525751 0.027731  -0.013558  -0.022805  0.372728  0.759139  0.533650  -0.888700  0.457501  -0.030100  -0.266995  -0.463035  0.845170  -0.009504  -0.002970  0.021391  0.000000  0.000000  0.000000  1.000000  
164.526766 0.027717  -0.013557  -0.022788  0.372715  0.759179  0.533601  -0.888667  0.457554  -0.030259  -0.267124  -0.462916  0.845195  -0.010296  -0.002363  0.020745  0.000000  0.000000  0.000000  1.000000  
164.528012 0.027693  -0.013555  -0.022766  0.372532  0.759403  0.533411  -0.888744  0.457390  -0.030480  -0.267124  -0.462711  0.845307  -0.011612  -0.001699  0.020126  0.000000  0.000000  0.000000  1.000000  
164.529256 0.027668  -0.013551  -0.022747  0.372532  0.759532  0.533227  -0.888744  0.457383  -0.030591  -0.267124  -0.462506  0.845419  -0.012861  -0.001043  0.019562  0.000000  0.000000  0.000000  1.000000  
164.530271 0.027649  -0.013548  -0.022730  0.372363  0.759650  0.533177  -0.888853  0.457169  -0.030597  -0.266995  -0.462523  0.845451  -0.013454  -0.000628  0.019270  0.000000  0.000000  0.000000  1.000000  
164.531510 0.027626  -0.013543  -0.022705  0.372363  0.759715  0.533084  -0.888853  0.457166  -0.030652  -0.266995  -0.462420  0.845507  -0.013967  -0.000154  0.019301  0.000000  0.000000  0.000000  1.000000  
164.532752 0.027601  -0.013539  -0.022677  0.372180  0.759809  0.533078  -0.888930  0.457009  -0.030762  -0.266995  -0.462420  0.845507  -0.014568  0.000184  0.019644  0.000000  0.000000  0.000000  1.000000  
164.533772 0.027580  -0.013536  -0.022651  0.372180  0.759809  0.533078  -0.888930  0.457009  -0.030762  -0.266995  -0.462420  0.845507  -0.015067  0.000376  0.020106  0.000000  0.000000  0.000000  1.000000  
164.535008 0.027549  -0.013535  -0.022614  0.371997  0.759903  0.533072  -0.889006  0.456853  -0.030872  -0.266995  -0.462420  0.845507  -0.015901  0.000427  0.020912  0.000000  0.000000  0.000000  1.000000  
164.536014 0.027522  -0.013535  -0.022581  0.371813  0.759997  0.533065  -0.889083  0.456696  -0.030981  -0.266995  -0.462420  0.845507  -0.017503  0.000742  0.022657  0.000000  0.000000  0.000000  1.000000  
164.537262 0.027487  -0.013535  -0.022538  0.371813  0.759997  0.533065  -0.889083  0.456696  -0.030981  -0.266995  -0.462420  0.845507  -0.019127  0.001078  0.023681  0.000000  0.000000  0.000000  1.000000  
164.538267 0.027460  -0.013533  -0.022506  0.371813  0.759933  0.533158  -0.889083  0.456700  -0.030926  -0.266995  -0.462523  0.845451  -0.020080  0.001428  0.023759  0.000000  0.000000  0.000000  1.000000  
164.539270 0.027434  -0.013529  -0.022480  0.371800  0.759909  0.533201  -0.889050  0.456757  -0.031030  -0.267124  -0.462506  0.845419  -0.021042  0.001915  0.023731  0.000000  0.000000  0.000000  1.000000  
164.540503 0.027401  -0.013521  -0.022453  0.371983  0.759815  0.533208  -0.888973  0.456914  -0.030921  -0.267124  -0.462506  0.845419  -0.022417  0.002514  0.023885  0.000000  0.000000  0.000000  1.000000  
164.541786 0.027363  -0.013511  -0.022425  0.371983  0.759879  0.533115  -0.888973  0.456910  -0.030976  -0.267124  -0.462403  0.845475  -0.023635  0.003065  0.024192  0.000000  0.000000  0.000000  1.000000  
164.543005 0.027325  -0.013503  -0.022391  0.372166  0.759850  0.533030  -0.888897  0.457063  -0.030922  -0.267124  -0.462300  0.845531  -0.024579  0.003458  0.025053  0.000000  0.000000  0.000000  1.000000  
164.544008 0.027297  -0.013494  -0.022356  0.372532  0.759662  0.533042  -0.888744  0.457375  -0.030702  -0.267124  -0.462300  0.845531  -0.025111  0.003851  0.026465  0.000000  0.000000  0.000000  1.000000  
164.545253 0.027265  -0.013483  -0.022304  0.372715  0.759697  0.532864  -0.888667  0.457524  -0.030703  -0.267124  -0.462095  0.845643  -0.025595  0.004333  0.028388  0.000000  0.000000  0.000000  1.000000  
164.546502 0.027234  -0.013470  -0.022247  0.372898  0.759667  0.532779  -0.888590  0.457677  -0.030649  -0.267124  -0.461993  0.845700  -0.026157  0.004915  0.030593  0.000000  0.000000  0.000000  1.000000  
164.547502 0.027206  -0.013460  -0.022201  0.373277  0.759503  0.532747  -0.888469  0.457933  -0.030326  -0.266995  -0.462010  0.845731  -0.026729  0.005299  0.032061  0.000000  0.000000  0.000000  1.000000  
164.548502 0.027176  -0.013451  -0.022160  0.373643  0.759379  0.532668  -0.888316  0.458242  -0.030162  -0.266995  -0.461907  0.845787  -0.027318  0.005737  0.033250  0.000000  0.000000  0.000000  1.000000  
164.549754 0.027137  -0.013442  -0.022113  0.374205  0.759249  0.532458  -0.888118  0.458647  -0.029840  -0.266866  -0.461719  0.845930  -0.027872  0.006239  0.033945  0.000000  0.000000  0.000000  1.000000  
164.550780 0.027107  -0.013433  -0.022081  0.374388  0.759219  0.532372  -0.888041  0.458799  -0.029786  -0.266866  -0.461617  0.845986  -0.028148  0.006908  0.033868  0.000000  0.000000  0.000000  1.000000  
164.552016 0.027069  -0.013420  -0.022045  0.374951  0.759089  0.532162  -0.887842  0.459204  -0.029464  -0.266737  -0.461428  0.846130  -0.028294  0.007828  0.033412  0.000000  0.000000  0.000000  1.000000  
164.553259 0.027030  -0.013406  -0.022010  0.375316  0.758964  0.532082  -0.887688  0.459513  -0.029301  -0.266737  -0.461326  0.846186  -0.028694  0.008475  0.033106  0.000000  0.000000  0.000000  1.000000  
164.554260 0.026997  -0.013395  -0.021981  0.375682  0.758839  0.532002  -0.887533  0.459822  -0.029137  -0.266737  -0.461223  0.846241  -0.029174  0.008946  0.033273  0.000000  0.000000  0.000000  1.000000  
164.555261 0.026962  -0.013385  -0.021951  0.376230  0.758684  0.531836  -0.887301  0.460284  -0.028921  -0.266737  -0.461018  0.846353  -0.029709  0.009232  0.034009  0.000000  0.000000  0.000000  1.000000  
164.556266 0.026928  -0.013374  -0.021918  0.376609  0.758583  0.531712  -0.887179  0.460536  -0.028653  -0.266608  -0.460932  0.846441  -0.030022  0.009422  0.034728  0.000000  0.000000  0.000000  1.000000  
164.557274 0.026892  -0.013363  -0.021884  0.377157  0.758428  0.531545  -0.886946  0.460997  -0.028437  -0.266608  -0.460727  0.846552  -0.030370  0.009640  0.035340  0.000000  0.000000  0.000000  1.000000  
164.558503 0.026846  -0.013349  -0.021835  0.377901  0.758201  0.531340  -0.886668  0.461558  -0.028007  -0.266479  -0.460538  0.846695  -0.030990  0.009980  0.035954  -0.031815  0.111443  -0.157701  1.000000  
164.559753 0.026800  -0.013333  -0.021784  0.378266  0.758140  0.531168  -0.886512  0.461864  -0.027900  -0.266479  -0.460333  0.846807  -0.031980  0.010342  0.036044  -0.030365  0.120914  -0.175142  1.000000  
164.561006 0.026755  -0.013316  -0.021736  0.378828  0.758136  0.530773  -0.886311  0.462262  -0.027692  -0.266350  -0.459939  0.847062  -0.032946  0.010563  0.035403  -0.037054  0.130434  -0.192719  1.000000  
164.562252 0.026709  -0.013300  -0.021694  0.379206  0.758163  0.530464  -0.886188  0.462507  -0.027537  -0.266221  -0.459648  0.847260  -0.033735  0.010865  0.034415  -0.045902  0.141751  -0.203817  1.000000  
164.563253 0.026669  -0.013287  -0.021665  0.379768  0.758094  0.530160  -0.885986  0.462909  -0.027274  -0.266092  -0.459357  0.847459  -0.034375  0.011159  0.033534  -0.050372  0.157174  -0.223351  1.000000  
164.564503 0.026618  -0.013269  -0.021630  0.380161  0.758209  0.529714  -0.885895  0.463095  -0.027072  -0.265834  -0.458979  0.847744  -0.035210  0.011709  0.032770  -0.061098  0.174445  -0.236559  1.000000  
164.565503 0.026575  -0.013255  -0.021600  0.380553  0.758324  0.529268  -0.885804  0.463281  -0.026870  -0.265576  -0.458602  0.848029  -0.035943  0.012075  0.032606  -0.073643  0.188509  -0.243914  1.000000  
164.566515 0.026535  -0.013239  -0.021566  0.380764  0.758469  0.528907  -0.885791  0.463315  -0.026721  -0.265318  -0.458327  0.848259  -0.036711  0.012470  0.032949  -0.082812  0.204230  -0.253310  1.000000  
164.567760 0.026484  -0.013221  -0.021516  0.381157  0.758648  0.528369  -0.885699  0.463499  -0.026576  -0.265060  -0.457846  0.848599  -0.037506  0.012789  0.033926  -0.102810  0.216715  -0.258734  1.000000  
164.568762 0.026444  -0.013206  -0.021475  0.381549  0.758697  0.528014  -0.885607  0.463689  -0.026319  -0.264802  -0.457571  0.848828  -0.038027  0.012980  0.034814  -0.112326  0.236882  -0.266424  1.000000  
164.569762 0.026402  -0.013192  -0.021432  0.381942  0.758811  0.527566  -0.885515  0.463876  -0.026118  -0.264544  -0.457192  0.849112  -0.038595  0.013216  0.035705  -0.124873  0.250826  -0.273630  1.000000  
164.571009 0.026347  -0.013174  -0.021380  0.382334  0.758924  0.527119  -0.885423  0.464064  -0.025917  -0.264286  -0.456814  0.849396  -0.039296  0.013540  0.036489  -0.135320  0.261849  -0.275310  1.000000  
164.572040 0.026303  -0.013158  -0.021342  0.382545  0.759069  0.526758  -0.885409  0.464098  -0.025769  -0.264028  -0.456538  0.849625  -0.039884  0.013857  0.036643  -0.147434  0.269413  -0.270783  1.000000  
164.573255 0.026249  -0.013140  -0.021301  0.382937  0.759182  0.526310  -0.885316  0.464286  -0.025569  -0.263770  -0.456159  0.849908  -0.040487  0.014159  0.036181  -0.158076  0.280787  -0.272823  1.000000  
164.574503 0.026196  -0.013121  -0.021264  0.383344  0.759318  0.525816  -0.885255  0.464419  -0.025264  -0.263383  -0.455797  0.850223  -0.040872  0.014312  0.035356  -0.168540  0.295744  -0.272360  1.000000  
164.575752 0.026145  -0.013102  -0.021229  0.383933  0.759359  0.525328  -0.885115  0.464708  -0.024852  -0.262995  -0.455434  0.850537  -0.041262  0.014497  0.034474  -0.177543  0.308159  -0.269683  1.000000  
164.576752 0.026104  -0.013087  -0.021199  0.384339  0.759495  0.524834  -0.885054  0.464841  -0.024548  -0.262608  -0.455071  0.850851  -0.041538  0.014641  0.034079  -0.189489  0.325682  -0.271485  1.000000  
164.577754 0.026062  -0.013073  -0.021168  0.384731  0.759607  0.524384  -0.884960  0.465030  -0.024349  -0.262350  -0.454691  0.851133  -0.041819  0.014657  0.034092  -0.201802  0.329571  -0.269468  1.000000  
164.579002 0.026010  -0.013056  -0.021121  0.385138  0.759806  0.523797  -0.884898  0.465161  -0.024102  -0.261962  -0.454225  0.851502  -0.041973  0.014718  0.034862  -0.216380  0.338526  -0.261017  1.000000  
164.580005 0.025969  -0.013043  -0.021081  0.385726  0.759846  0.523307  -0.884756  0.465451  -0.023691  -0.261575  -0.453861  0.851815  -0.041858  0.014596  0.035694  -0.228726  0.352419  -0.264966  1.000000  
164.581253 0.025921  -0.013024  -0.021026  0.386497  0.759852  0.522729  -0.884535  0.465896  -0.023229  -0.261188  -0.453394  0.852183  -0.041622  0.014612  0.036655  -0.235406  0.367440  -0.268234  1.000000  
164.582502 0.025875  -0.013004  -0.020970  0.387281  0.759882  0.522104  -0.884344  0.466286  -0.022663  -0.260671  -0.452942  0.852581  -0.041326  0.014642  0.037171  -0.249925  0.382308  -0.267907  1.000000  
164.583506 0.025838  -0.012988  -0.020924  0.387869  0.759984  0.521519  -0.884200  0.466575  -0.022311  -0.260283  -0.452474  0.852948  -0.041037  0.014767  0.037427  -0.264331  0.397077  -0.267515  1.000000  
164.584758 0.025790  -0.012967  -0.020873  0.388639  0.760115  0.520755  -0.883976  0.467016  -0.021964  -0.259896  -0.451798  0.853424  -0.040766  0.015024  0.037243  -0.285202  0.415323  -0.269499  1.000000  
164.586007 0.025741  -0.012945  -0.020827  0.389423  0.760269  0.519943  -0.883783  0.467402  -0.021514  -0.259379  -0.451139  0.853930  -0.040415  0.015205  0.036873  -0.301375  0.430616  -0.264929  1.000000  
164.587024 0.025704  -0.012927  -0.020793  0.390360  0.760215  0.519319  -0.883445  0.468059  -0.021111  -0.259121  -0.450549  0.854320  -0.040013  0.015440  0.036660  -0.316636  0.444344  -0.277007  1.000000  
164.588259 0.025657  -0.012904  -0.020748  0.391326  0.760271  0.518510  -0.883169  0.468603  -0.020556  -0.258604  -0.449888  0.854824  -0.039464  0.015698  0.036963  -0.335283  0.459158  -0.276748  1.000000  
164.589260 0.025620  -0.012886  -0.020708  0.392095  0.760335  0.517834  -0.882942  0.469050  -0.020157  -0.258216  -0.449314  0.855243  -0.039045  0.015920  0.037640  -0.348037  0.477210  -0.282402  1.000000  
164.590504 0.025571  -0.012865  -0.020652  0.393046  0.760427  0.516978  -0.882632  0.469648  -0.019766  -0.257828  -0.448532  0.855771  -0.038861  0.016073  0.039091  -0.364216  0.490427  -0.293768  1.000000  
164.591754 0.025522  -0.012845  -0.020593  0.394010  0.760480  0.516165  -0.882353  0.470196  -0.019215  -0.257311  -0.447869  0.856273  -0.038733  0.016160  0.040580  -0.376023  0.512524  -0.302029  1.000000  
164.593002 0.025472  -0.012827  -0.020535  0.395142  0.760410  0.515403  -0.881960  0.470955  -0.018663  -0.256923  -0.447190  0.856745  -0.038597  0.016227  0.041668  -0.382074  0.528486  -0.319100  1.000000  
164.594002 0.025432  -0.012811  -0.020490  0.396106  0.760397  0.514680  -0.881678  0.471506  -0.018058  -0.256406  -0.446630  0.857192  -0.038559  0.016299  0.042117  -0.385185  0.549778  -0.330932  1.000000  
164.595252 0.025381  -0.012791  -0.020436  0.397251  0.760349  0.513868  -0.881313  0.472212  -0.017404  -0.255888  -0.445965  0.857692  -0.038547  0.016519  0.042276  -0.390126  0.569526  -0.350369  1.000000  
164.596502 0.025330  -0.012770  -0.020386  0.398396  0.760362  0.512963  -0.880946  0.472918  -0.016810  -0.255371  -0.445195  0.858246  -0.038803  0.016639  0.041931  -0.399595  0.585904  -0.372347  1.000000  
164.597758 0.025278  -0.012749  -0.020336  0.399554  0.760459  0.511916  -0.880609  0.473568  -0.016171  -0.254724  -0.444337  0.858883  -0.039221  0.016727  0.041368  -0.408764  0.609617  -0.389959  1.000000  
164.599002 0.025226  -0.012727  -0.020287  0.400726  0.760518  0.510912  -0.880301  0.474167  -0.015371  -0.253948  -0.443597  0.859495  -0.039600  0.016908  0.041103  -0.418233  0.633640  -0.407737  1.000000  
164.600027 0.025182  -0.012708  -0.020248  0.401689  0.760561  0.510091  -0.880011  0.474722  -0.014830  -0.253430  -0.442929  0.859993  -0.039861  0.016984  0.041003  -0.430811  0.653140  -0.419438  1.000000  
164.601276 0.025125  -0.012684  -0.020195  0.402860  0.760617  0.509084  -0.879699  0.475324  -0.014033  -0.252653  -0.442187  0.860603  -0.040479  0.017074  0.041667  -0.437975  0.683489  -0.440658  1.000000  
164.602277 0.025078  -0.012664  -0.020147  0.403836  0.760744  0.508120  -0.879437  0.475825  -0.013447  -0.252006  -0.441429  0.861182  -0.041110  0.017165  0.042589  -0.449673  0.705125  -0.453146  1.000000  
164.603512 0.025019  -0.012640  -0.020082  0.405020  0.760882  0.506968  -0.879152  0.476375  -0.012607  -0.251100  -0.440596  0.861873  -0.042034  0.017275  0.043826  -0.461861  0.734235  -0.469084  1.000000  
164.604757 0.024957  -0.012617  -0.020014  0.406204  0.761019  0.505814  -0.878864  0.476928  -0.011769  -0.250193  -0.439761  0.862562  -0.043009  0.017373  0.044794  -0.476984  0.764915  -0.482977  1.000000  
164.606013 0.024892  -0.012592  -0.019948  0.407207  0.761314  0.504563  -0.878657  0.477324  -0.011094  -0.249286  -0.438820  0.863304  -0.044025  0.017672  0.045310  -0.498314  0.786536  -0.487188  1.000000  
164.607254 0.024828  -0.012565  -0.019887  0.408390  0.761447  0.503404  -0.878365  0.477880  -0.010259  -0.248379  -0.437983  0.863990  -0.045022  0.018246  0.045458  -0.508259  0.814782  -0.503589  1.000000  
164.608255 0.024775  -0.012544  -0.019842  0.409198  0.761689  0.502381  -0.878209  0.478179  -0.009680  -0.247601  -0.437234  0.864592  -0.045923  0.018612  0.045385  -0.521510  0.832581  -0.509931  1.000000  
164.609502 0.024708  -0.012518  -0.019787  0.410199  0.761979  0.501124  -0.877997  0.478581  -0.009010  -0.246694  -0.436290  0.865329  -0.046996  0.019075  0.045366  -0.538976  0.854383  -0.514465  1.000000  
164.610752 0.024641  -0.012492  -0.019732  0.411409  0.762156  0.499861  -0.877758  0.479038  -0.007970  -0.245526  -0.435478  0.866069  -0.048138  0.019476  0.045637  -0.550158  0.879866  -0.516397  1.000000  
164.611754 0.024588  -0.012470  -0.019686  0.412230  0.762419  0.498782  -0.877627  0.479289  -0.007289  -0.244618  -0.434740  0.866697  -0.048943  0.019753  0.046080  -0.567595  0.902906  -0.513319  1.000000  
164.613002 0.024520  -0.012444  -0.019625  0.413258  0.762692  0.497513  -0.877468  0.479594  -0.006355  -0.243451  -0.433925  0.867433  -0.049995  0.020133  0.046906  -0.576285  0.924930  -0.509526  1.000000  
164.614002 0.024466  -0.012423  -0.019574  0.414244  0.762829  0.496482  -0.877218  0.480058  -0.005679  -0.242672  -0.433170  0.868029  -0.050670  0.020255  0.047595  -0.585928  0.943273  -0.516458  1.000000  
164.615002 0.024411  -0.012401  -0.019521  0.415077  0.763052  0.495441  -0.877111  0.480263  -0.004838  -0.241633  -0.432549  0.868628  -0.051445  0.020524  0.048543  -0.594220  0.962092  -0.506716  1.000000  
164.616008 0.024356  -0.012380  -0.019468  0.416105  0.763261  0.494257  -0.876946  0.480574  -0.003849  -0.240465  -0.431835  0.869307  -0.052022  0.020612  0.049206  -0.602151  0.996657  -0.505576  1.000000  
164.617018 0.024300  -0.012359  -0.019416  0.416951  0.763567  0.493069  -0.876864  0.480730  -0.002963  -0.239296  -0.431119  0.869985  -0.052786  0.020714  0.049596  -0.610153  1.016219  -0.488273  1.000000  
164.618291 0.024230  -0.012332  -0.019352  0.418198  0.763808  0.491638  -0.876694  0.481047  -0.001618  -0.237736  -0.430339  0.870798  -0.053327  0.020875  0.049401  -0.615361  1.054875  -0.476685  1.000000  
164.619505 0.024160  -0.012304  -0.019290  0.419626  0.764007  0.490109  -0.876433  0.481524  -0.000232  -0.236177  -0.429450  0.871661  -0.053973  0.021194  0.049239  -0.622983  1.091876  -0.474115  1.000000  
164.620507 0.024103  -0.012281  -0.019242  0.420650  0.764269  0.488821  -0.876256  0.481845  0.000693  -0.235006  -0.428624  0.872384  -0.054400  0.021434  0.048721  -0.636994  1.120416  -0.469042  1.000000  
164.621757 0.024032  -0.012251  -0.019182  0.421909  0.764648  0.487141  -0.876103  0.482119  0.002021  -0.233315  -0.427638  0.873321  -0.054772  0.021724  0.048590  -0.648548  1.163205  -0.456269  1.000000  
164.622758 0.023976  -0.012227  -0.019133  0.422973  0.764980  0.485694  -0.876005  0.482292  0.003258  -0.231754  -0.426849  0.874123  -0.055028  0.021856  0.048848  -0.665769  1.199024  -0.439219  1.000000  
164.624012 0.023907  -0.012197  -0.019067  0.424410  0.765314  0.483912  -0.875756  0.482733  0.004624  -0.230061  -0.425752  0.875104  -0.055187  0.022112  0.049550  -0.685384  1.237554  -0.428550  1.000000  
164.625253 0.023837  -0.012167  -0.018996  0.425859  0.765669  0.482074  -0.875529  0.483127  0.006093  -0.228238  -0.424665  0.876109  -0.055447  0.022428  0.050729  -0.701402  1.276710  -0.418288  1.000000  
164.626254 0.023780  -0.012143  -0.018936  0.427087  0.765870  0.480665  -0.875303  0.483519  0.007319  -0.226805  -0.423854  0.876874  -0.055655  0.022579  0.051693  -0.712872  1.311654  -0.409559  1.000000  
164.627502 0.023710  -0.012112  -0.018859  0.428701  0.766153  0.478773  -0.874952  0.484132  0.008718  -0.225110  -0.422641  0.877895  -0.055800  0.022817  0.052713  -0.727183  1.349766  -0.407622  1.000000  
164.628503 0.023654  -0.012089  -0.018798  0.430108  0.766309  0.477261  -0.874629  0.484690  0.009979  -0.223676  -0.421719  0.878705  -0.056003  0.022933  0.053456  -0.741132  1.379482  -0.409119  1.000000  
164.629752 0.023584  -0.012061  -0.018727  0.431732  0.766552  0.475400  -0.874294  0.485260  0.011535  -0.221850  -0.420619  0.879694  -0.056099  0.023043  0.053842  -0.751439  1.416490  -0.405625  1.000000  
164.630755 0.023526  -0.012039  -0.018673  0.433149  0.766727  0.473826  -0.873989  0.485775  0.012897  -0.220284  -0.419705  0.880524  -0.056304  0.023114  0.053904  -0.759875  1.453160  -0.411437  1.000000  
164.631773 0.023468  -0.012017  -0.018621  0.434745  0.766800  0.472244  -0.873590  0.486451  0.014353  -0.218718  -0.418787  0.881351  -0.056391  0.023161  0.053833  -0.769380  1.491130  -0.410640  1.000000  
164.633006 0.023395  -0.011991  -0.018558  0.436546  0.766934  0.470362  -0.873148  0.487193  0.015996  -0.216890  -0.417679  0.882328  -0.056714  0.023094  0.053783  -0.776939  1.530107  -0.421679  1.000000  
164.634026 0.023334  -0.011971  -0.018506  0.437959  0.767101  0.468773  -0.872828  0.487720  0.017349  -0.215322  -0.416756  0.883148  -0.056845  0.022933  0.053894  -0.786773  1.564767  -0.423153  1.000000  
164.635257 0.023259  -0.011945  -0.018438  0.439756  0.767228  0.466879  -0.872373  0.488471  0.018984  -0.213492  -0.415641  0.884117  -0.057242  0.022734  0.054421  -0.791864  1.602007  -0.430008  1.000000  
164.636261 0.023198  -0.011926  -0.018381  0.441526  0.767188  0.465272  -0.871862  0.489322  0.020522  -0.211923  -0.414713  0.884930  -0.057480  0.022420  0.055047  -0.793389  1.640770  -0.450491  1.000000  
164.637509 0.023120  -0.011903  -0.018307  0.443346  0.767358  0.463257  -0.871445  0.489984  0.022359  -0.209831  -0.413616  0.885942  -0.058031  0.021970  0.055813  -0.802594  1.685630  -0.453431  1.000000  
164.638759 0.023041  -0.011879  -0.018232  0.445150  0.767499  0.461289  -0.870995  0.490701  0.024087  -0.207868  -0.412503  0.886923  -0.058695  0.021572  0.056645  -0.806050  1.729167  -0.464562  1.000000  
164.639762 0.022977  -0.011861  -0.018171  0.446736  0.767550  0.459668  -0.870556  0.491406  0.025518  -0.206297  -0.411566  0.887724  -0.059157  0.021140  0.056930  -0.813321  1.764652  -0.479121  1.000000  
164.640763 0.022913  -0.011843  -0.018111  0.448141  0.767700  0.458047  -0.870205  0.491957  0.026851  -0.204726  -0.410628  0.888522  -0.059719  0.020705  0.056950  -0.819850  1.786112  -0.485658  1.000000  
164.642006 0.022833  -0.011820  -0.018035  0.450132  0.767754  0.455999  -0.869668  0.492798  0.028766  -0.202630  -0.409516  0.889515  -0.060453  0.020172  0.056857  -0.822554  1.829217  -0.505393  1.000000  
164.643010 0.022767  -0.011802  -0.017978  0.451547  0.767923  0.454313  -0.869330  0.493309  0.030198  -0.200926  -0.408583  0.890330  -0.061024  0.019836  0.056649  -0.831566  1.865585  -0.512153  1.000000  
164.644260 0.022685  -0.011781  -0.017906  0.453379  0.768177  0.452053  -0.868918  0.493910  0.032163  -0.198567  -0.407379  0.891411  -0.061848  0.019339  0.056578  -0.845619  1.910478  -0.515983  1.000000  
164.645510 0.022601  -0.011761  -0.017833  0.455209  0.768372  0.449878  -0.868498  0.494513  0.034183  -0.196206  -0.406278  0.892436  -0.062720  0.018816  0.056898  -0.850227  1.950092  -0.529920  1.000000  
164.646778 0.022515  -0.011744  -0.017758  0.456667  0.768795  0.447671  -0.868233  0.494859  0.035848  -0.193975  -0.405053  0.893479  -0.063568  0.018174  0.057691  -0.863320  1.976649  -0.527630  1.000000  
164.648016 0.022428  -0.011727  -0.017679  0.458134  0.769186  0.445495  -0.867985  0.495159  0.037675  -0.191612  -0.403944  0.894491  -0.064523  0.017555  0.058765  -0.877755  2.005899  -0.525894  1.000000  
164.649258 0.022340  -0.011712  -0.017597  0.459801  0.769522  0.443192  -0.867679  0.495528  0.039803  -0.188984  -0.402850  0.895543  -0.065327  0.016866  0.059742  -0.886464  2.039041  -0.519441  1.000000  
164.650261 0.022270  -0.011700  -0.017530  0.461229  0.769615  0.441543  -0.867349  0.495963  0.041548  -0.187013  -0.402135  0.896277  -0.066037  0.016261  0.060579  -0.881573  2.068794  -0.522724  1.000000  
164.651510 0.022181  -0.011687  -0.017449  0.462856  0.769815  0.439487  -0.866961  0.496481  0.043412  -0.184778  -0.401112  0.897199  -0.066848  0.015549  0.061171  -0.881403  2.090408  -0.530658  1.000000  
164.652511 0.022109  -0.011677  -0.017388  0.464089  0.770035  0.437799  -0.866692  0.496819  0.044894  -0.182937  -0.400272  0.897951  -0.067453  0.014975  0.061315  -0.881512  2.098889  -0.531474  1.000000  
164.653545 0.022037  -0.011667  -0.017328  0.465332  0.770277  0.436050  -0.866440  0.497113  0.046480  -0.180964  -0.399440  0.898721  -0.067877  0.014336  0.061148  -0.879554  2.114318  -0.530361  1.000000  
164.654759 0.021948  -0.011656  -0.017255  0.466964  0.770441  0.434011  -0.866054  0.497593  0.048500  -0.178595  -0.398525  0.899601  -0.068663  0.013665  0.061061  -0.877905  2.139520  -0.530886  1.000000  
164.656014 0.021858  -0.011644  -0.017182  0.468615  0.770705  0.431757  -0.865701  0.497991  0.050668  -0.175961  -0.397516  0.900566  -0.069362  0.012808  0.060921  -0.875476  2.166147  -0.529243  1.000000  
164.657261 0.021770  -0.011634  -0.017107  0.470263  0.770913  0.429587  -0.865338  0.498389  0.052892  -0.173326  -0.396611  0.901475  -0.069836  0.012035  0.060965  -0.866344  2.194341  -0.519697  1.000000  
164.658510 0.021681  -0.011624  -0.017027  0.471908  0.771171  0.427315  -0.864967  0.498800  0.055053  -0.170690  -0.395593  0.902425  -0.070223  0.011360  0.061438  -0.865382  2.218294  -0.512070  1.000000  
164.659760 0.021593  -0.011614  -0.016945  0.473760  0.771398  0.424849  -0.864547  0.499238  0.057614  -0.167657  -0.394597  0.903429  -0.070590  0.010569  0.062184  -0.864856  2.254973  -0.499044  1.000000  
164.660763 0.021521  -0.011607  -0.016876  0.475188  0.771521  0.423026  -0.864196  0.499620  0.059543  -0.165414  -0.393871  0.904159  -0.070861  0.009917  0.062854  -0.855134  2.274569  -0.492698  1.000000  
164.661764 0.021451  -0.011600  -0.016808  0.476436  0.771796  0.421117  -0.863935  0.499856  0.061321  -0.163170  -0.393033  0.904931  -0.071047  0.009554  0.063419  -0.859194  2.289716  -0.476857  1.000000  
164.663009 0.021362  -0.011592  -0.016721  0.478256  0.771963  0.418741  -0.863449  0.500404  0.063658  -0.160398  -0.392006  0.905872  -0.071077  0.008978  0.063899  -0.856275  2.319324  -0.465329  1.000000  
164.664013 0.021292  -0.011586  -0.016653  0.479864  0.772103  0.416638  -0.862995  0.500929  0.065647  -0.158020  -0.391059  0.906699  -0.071023  0.008538  0.063974  -0.859905  2.344711  -0.466203  1.000000  
164.665259 0.021205  -0.011578  -0.016570  0.481874  0.772261  0.414017  -0.862426  0.501567  0.068211  -0.154981  -0.389928  0.907710  -0.071028  0.008129  0.064032  -0.863570  2.384625  -0.456998  1.000000  
164.666260 0.021135  -0.011573  -0.016506  0.483475  0.772393  0.411898  -0.861954  0.502104  0.070191  -0.152601  -0.388973  0.908522  -0.070904  0.007761  0.063952  -0.865733  2.403962  -0.445971  1.000000  
164.667273 0.021065  -0.011566  -0.016443  0.485250  0.772320  0.409944  -0.861374  0.502789  0.072373  -0.150220  -0.388234  0.909235  -0.070695  0.007487  0.064026  -0.859453  2.430825  -0.449299  1.000000  
164.668509 0.020978  -0.011559  -0.016363  0.487248  0.772416  0.407385  -0.860772  0.503438  0.074981  -0.147177  -0.387200  0.910173  -0.070773  0.007185  0.064457  -0.858115  2.467272  -0.445102  1.000000  
164.669511 0.020908  -0.011555  -0.016298  0.488848  0.772515  0.405275  -0.860291  0.503938  0.077113  -0.144662  -0.386351  0.910937  -0.070455  0.006830  0.064896  -0.855363  2.493186  -0.438704  1.000000  
164.670512 0.020839  -0.011551  -0.016230  0.490436  0.772635  0.403123  -0.859785  0.504498  0.079075  -0.142279  -0.385380  0.911723  -0.070267  0.006464  0.065501  -0.858616  2.522987  -0.434500  1.000000  
164.671757 0.020752  -0.011547  -0.016144  0.492606  0.772592  0.400550  -0.859064  0.505272  0.081915  -0.139099  -0.384450  0.912606  -0.070184  0.006061  0.066230  -0.851455  2.554937  -0.433294  1.000000  
164.673007 0.020665  -0.011544  -0.016058  0.494771  0.772546  0.397962  -0.858328  0.506054  0.084748  -0.135919  -0.383513  0.913479  -0.070154  0.005583  0.066830  -0.844855  2.592710  -0.435354  1.000000  
164.674007 0.020595  -0.011541  -0.015990  0.496541  0.772506  0.395830  -0.857722  0.506681  0.087109  -0.133267  -0.382766  0.914183  -0.070038  0.005283  0.067039  -0.837734  2.622334  -0.440359  1.000000  
164.675257 0.020507  -0.011539  -0.015907  0.498880  0.772374  0.393139  -0.856873  0.507590  0.090114  -0.129951  -0.381826  0.915053  -0.070016  0.004818  0.067012  -0.826419  2.658745  -0.450810  1.000000  
164.676259 0.020437  -0.011536  -0.015843  0.500649  0.772353  0.390924  -0.856259  0.508184  0.092570  -0.127165  -0.381077  0.915756  -0.069912  0.004507  0.066606  -0.818492  2.690897  -0.462185  1.000000  
164.677505 0.020347  -0.011534  -0.015763  0.502992  0.772265  0.388080  -0.855410  0.509020  0.095770  -0.123581  -0.380139  0.916636  -0.070077  0.004114  0.066250  -0.809677  2.746001  -0.479993  1.000000  
164.678754 0.020259  -0.011531  -0.015683  0.505312  0.772120  0.385345  -0.854516  0.509952  0.098750  -0.120261  -0.379183  0.917474  -0.070080  0.003754  0.065792  -0.800690  2.783423  -0.504815  1.000000  
164.680010 0.020169  -0.011528  -0.015602  0.507456  0.772102  0.382553  -0.853724  0.510689  0.101747  -0.116807  -0.378227  0.918314  -0.070226  0.003406  0.065665  -0.800138  2.818018  -0.508239  1.000000  
164.681253 0.020077  -0.011525  -0.015518  0.509785  0.772072  0.379505  -0.852837  0.511519  0.104963  -0.113085  -0.377165  0.919216  -0.070551  0.003197  0.065906  -0.799761  2.872035  -0.519157  1.000000  
164.682254 0.020003  -0.011523  -0.015448  0.511709  0.771955  0.377146  -0.852068  0.512260  0.107567  -0.110160  -0.376397  0.919886  -0.070911  0.002924  0.066361  -0.795596  2.915413  -0.533659  1.000000  
164.683256 0.019928  -0.011520  -0.015377  0.513627  0.771881  0.374682  -0.851286  0.513020  0.110102  -0.107234  -0.375513  0.920593  -0.071218  0.002705  0.066772  -0.799651  2.954274  -0.549950  1.000000  
164.684264 0.019853  -0.011517  -0.015305  0.515379  0.771916  0.372197  -0.850623  0.513527  0.112827  -0.104041  -0.374748  0.921271  -0.071560  0.002551  0.067285  -0.797582  3.005162  -0.554196  1.000000  
164.685510 0.019757  -0.011515  -0.015213  0.517685  0.771850  0.369121  -0.849686  0.514332  0.116175  -0.100181  -0.373779  0.922092  -0.072185  0.002429  0.067784  -0.795259  3.053014  -0.568292  1.000000  
164.686513 0.019679  -0.011512  -0.015142  0.519592  0.771746  0.366650  -0.848877  0.515054  0.118856  -0.097118  -0.372997  0.922736  -0.072718  0.002361  0.067912  -0.796861  3.089576  -0.578526  1.000000  
164.687764 0.019581  -0.011510  -0.015054  0.521693  0.771681  0.363791  -0.847992  0.515786  0.121962  -0.093522  -0.372119  0.923462  -0.073410  0.002285  0.068011  -0.795446  3.126092  -0.589526  1.000000  
164.689012 0.019482  -0.011509  -0.014970  0.523805  0.771691  0.360722  -0.847120  0.516399  0.125376  -0.089525  -0.371247  0.924208  -0.074238  0.002139  0.067920  -0.790759  3.167033  -0.599194  1.000000  
164.690259 0.019381  -0.011508  -0.014886  0.526076  0.771522  0.357769  -0.846112  0.517206  0.128810  -0.085660  -0.370477  0.924884  -0.075131  0.001980  0.068045  -0.781395  3.199013  -0.610672  1.000000  
164.691507 0.019280  -0.011507  -0.014802  0.528169  0.771481  0.354760  -0.845204  0.517819  0.132267  -0.081660  -0.369703  0.925554  -0.076049  0.001942  0.068466  -0.773687  3.240818  -0.612206  1.000000  
164.692755 0.019179  -0.011507  -0.014714  0.530420  0.771347  0.351679  -0.844158  0.518657  0.135618  -0.077792  -0.368807  0.926245  -0.076818  0.001773  0.068885  -0.769269  3.281484  -0.622099  1.000000  
164.694003 0.019077  -0.011507  -0.014623  0.532677  0.771246  0.348476  -0.843119  0.519361  0.139336  -0.073523  -0.368028  0.926903  -0.077637  0.001578  0.069570  -0.757484  3.330767  -0.628803  1.000000  
164.695252 0.018973  -0.011507  -0.014530  0.534748  0.771248  0.345284  -0.842169  0.519915  0.142971  -0.069252  -0.367241  0.927544  -0.078583  0.001386  0.070340  -0.747257  3.369562  -0.624495  1.000000  
164.696254 0.018890  -0.011506  -0.014455  0.536429  0.771193  0.342789  -0.841367  0.520413  0.145848  -0.065915  -0.366649  0.928022  -0.079222  0.001262  0.070891  -0.735674  3.400590  -0.622751  1.000000  
164.697503 0.018786  -0.011506  -0.014360  0.538476  0.771163  0.339633  -0.840373  0.521023  0.149360  -0.061776  -0.365845  0.928623  -0.080017  0.001072  0.071434  -0.730269  3.433047  -0.613800  1.000000  
164.698759 0.018681  -0.011505  -0.014265  0.540681  0.770996  0.336496  -0.839242  0.521840  0.152826  -0.057769  -0.365031  0.929201  -0.080727  0.000943  0.071779  -0.727287  3.466153  -0.618937  1.000000  
164.700014 0.018576  -0.011503  -0.014170  0.542874  0.770785  0.333435  -0.838092  0.522646  0.156344  -0.053761  -0.364324  0.929719  -0.081363  0.000815  0.071938  -0.712127  3.502453  -0.625775  1.000000  
164.701259 0.018471  -0.011500  -0.014074  0.545060  0.770637  0.330195  -0.836928  0.523438  0.159891  -0.049619  -0.363500  0.930272  -0.081861  0.000909  0.072344  -0.707663  3.546704  -0.629995  1.000000  
164.702260 0.018386  -0.011498  -0.013997  0.546697  0.770609  0.327541  -0.836050  0.523985  0.162662  -0.046278  -0.362768  0.930730  -0.082360  0.000918  0.072832  -0.707843  3.563558  -0.617067  1.000000  
164.703262 0.018300  -0.011496  -0.013919  0.548327  0.770540  0.324970  -0.835161  0.524518  0.165490  -0.042936  -0.362145  0.931133  -0.082785  0.000924  0.073508  -0.705240  3.583091  -0.611994  1.000000  
164.704504 0.018194  -0.011494  -0.013817  0.550313  0.770517  0.321651  -0.834063  0.525132  0.169044  -0.038658  -0.361304  0.931646  -0.083200  0.001008  0.074650  -0.704937  3.608531  -0.603756  1.000000  
164.705509 0.018108  -0.011492  -0.013734  0.551924  0.770416  0.319124  -0.833141  0.525717  0.171751  -0.035449  -0.360669  0.932020  -0.083610  0.001043  0.075850  -0.701913  3.628606  -0.601626  1.000000  
164.706769 0.018001  -0.011491  -0.013627  0.553881  0.770267  0.316076  -0.831997  0.526444  0.175037  -0.031571  -0.359924  0.932447  -0.083956  0.001086  0.077154  -0.698131  3.630552  -0.595296  1.000000  
164.708005 0.017893  -0.011490  -0.013520  0.556003  0.770023  0.312931  -0.830728  0.527234  0.178648  -0.027425  -0.359289  0.932823  -0.084362  0.001129  0.078536  -0.688381  3.654614  -0.591888  1.000000  
164.709252 0.017786  -0.011489  -0.013413  0.557940  0.769895  0.309783  -0.829551  0.527935  0.182015  -0.023413  -0.358534  0.933223  -0.084764  0.001140  0.079543  -0.684110  3.666435  -0.588629  1.000000  
164.710252 0.017700  -0.011488  -0.013330  0.559518  0.769800  0.307161  -0.828579  0.528439  0.184959  -0.019935  -0.357995  0.933511  -0.084940  0.001215  0.080070  -0.677549  3.689056  -0.578078  1.000000  
164.711253 0.017614  -0.011488  -0.013248  0.561257  0.769530  0.304653  -0.827475  0.529123  0.187918  -0.016590  -0.357564  0.933741  -0.085112  0.001223  0.080467  -0.663724  3.698794  -0.582007  1.000000  
164.712254 0.017527  -0.011487  -0.013166  0.562816  0.769342  0.302244  -0.826474  0.529691  0.190704  -0.013379  -0.357128  0.933960  -0.085344  0.001252  0.080925  -0.648568  3.708977  -0.576292  1.000000  
164.713258 0.017440  -0.011487  -0.013085  0.564368  0.769188  0.299731  -0.825461  0.530287  0.193418  -0.010169  -0.356575  0.934211  -0.085497  0.001191  0.081315  -0.642782  3.710616  -0.571519  1.000000  
164.714502 0.017331  -0.011486  -0.012981  0.566424  0.768894  0.296591  -0.824092  0.531086  0.197029  -0.006021  -0.356020  0.934459  -0.085782  0.001181  0.081809  -0.631554  3.714041  -0.571454  1.000000  
164.715503 0.017244  -0.011485  -0.012896  0.567958  0.768700  0.294148  -0.823053  0.531666  0.199790  -0.002810  -0.355572  0.934645  -0.086018  0.001115  0.082443  -0.621398  3.718212  -0.572872  1.000000  
164.716509 0.017155  -0.011484  -0.012809  0.569484  0.768506  0.291695  -0.822002  0.532249  0.202544  0.000401  -0.355120  0.934821  -0.086288  0.001006  0.083107  -0.611442  3.719073  -0.567767  1.000000  
164.717770 0.017043  -0.011482  -0.012699  0.571676  0.768061  0.288563  -0.820467  0.533195  0.206246  0.004549  -0.354662  0.934983  -0.086645  0.000923  0.084005  -0.595987  3.740143  -0.579352  1.000000  
164.719007 0.016931  -0.011481  -0.012587  0.573688  0.767677  0.285577  -0.819032  0.534130  0.209503  0.008295  -0.354087  0.935176  -0.087107  0.000927  0.084788  -0.588906  3.734307  -0.590432  1.000000  
164.720013 0.016841  -0.011479  -0.012497  0.575355  0.767340  0.283117  -0.817824  0.534921  0.212185  0.011373  -0.353622  0.935319  -0.087357  0.000935  0.085224  -0.584614  3.734140  -0.595086  1.000000  
164.721257 0.016727  -0.011477  -0.012386  0.577177  0.767061  0.280148  -0.816479  0.535706  0.215362  0.015119  -0.353037  0.935487  -0.087739  0.000990  0.085683  -0.577883  3.724920  -0.599491  1.000000  
164.722506 0.016612  -0.011474  -0.012275  0.578986  0.766774  0.277186  -0.815116  0.536432  0.218695  0.018998  -0.352560  0.935596  -0.088309  0.001112  0.085870  -0.567123  3.722907  -0.598291  1.000000  
164.723752 0.016498  -0.011470  -0.012166  0.580780  0.766540  0.274064  -0.813731  0.537084  0.222220  0.023145  -0.352075  0.935685  -0.088756  0.001298  0.086002  -0.559044  3.715964  -0.596383  1.000000  
164.725003 0.016382  -0.011467  -0.012057  0.582732  0.766139  0.271026  -0.812215  0.537976  0.225585  0.027024  -0.351587  0.935765  -0.089305  0.001455  0.086278  -0.550325  3.705341  -0.610539  1.000000  
164.726253 0.016267  -0.011463  -0.011949  0.584504  0.765846  0.268020  -0.810802  0.538714  0.228882  0.030903  -0.351093  0.935830  -0.089782  0.001647  0.086656  -0.544259  3.695896  -0.614247  1.000000  
164.727254 0.016173  -0.011461  -0.011860  0.585947  0.765545  0.265721  -0.809637  0.539313  0.231580  0.033978  -0.350831  0.935822  -0.090232  0.001763  0.087050  -0.531499  3.687891  -0.621703  1.000000  
164.728256 0.016080  -0.011459  -0.011771  0.587379  0.765302  0.263247  -0.808457  0.539905  0.234307  0.037187  -0.350451  0.935843  -0.090696  0.001916  0.087565  -0.525340  3.687206  -0.623723  1.000000  
164.729502 0.015963  -0.011456  -0.011660  0.589122  0.764915  0.260463  -0.807007  0.540634  0.237603  0.040931  -0.350172  0.935791  -0.091222  0.002037  0.088096  -0.511393  3.675834  -0.620481  1.000000  
164.730503 0.015869  -0.011453  -0.011570  0.590535  0.764639  0.258061  -0.805804  0.541201  0.240377  0.044139  -0.349898  0.935748  -0.091684  0.002139  0.088400  -0.497481  3.674320  -0.616317  1.000000  
164.731503 0.015774  -0.011451  -0.011481  0.591944  0.764335  0.255723  -0.804595  0.541809  0.243043  0.047213  -0.349621  0.935701  -0.092095  0.002220  0.088594  -0.487440  3.660972  -0.622789  1.000000  
164.732753 0.015656  -0.011449  -0.011372  0.593651  0.763974  0.252829  -0.803099  0.542507  0.246409  0.051089  -0.349328  0.935607  -0.092610  0.002254  0.088584  -0.470765  3.649849  -0.621762  1.000000  
164.733770 0.015561  -0.011445  -0.011286  0.595042  0.763638  0.250563  -0.801868  0.543089  0.249123  0.054162  -0.349158  0.935497  -0.092749  0.002388  0.088113  -0.452896  3.635793  -0.630120  1.000000  
164.735007 0.015444  -0.011442  -0.011180  0.596721  0.763304  0.247569  -0.800337  0.543755  0.252568  0.058170  -0.348852  0.935371  -0.093139  0.002471  0.087851  -0.440165  3.636034  -0.632147  1.000000  
