1-Time 2-Px 3-Py 4-Pz 5-R11 6-R21 7-R31 8-R12 9-R22 10-R32 11-R13 12-R23 13-R33 14-Vx 15-Vy 16-Vz 17-Wx 18-Wy 19-Wz 20-state
139.139152 0.062807  0.006360  0.008931  0.080062  0.995451  0.051642  -0.958000  0.062530  0.279868  0.275366  -0.071880  0.958649  0.019655  0.004629  -0.012256  -0.405226  -0.052682  0.471971  1.000000  
139.140287 0.062811  0.006359  0.008927  0.079864  0.995477  0.051458  -0.958016  0.062393  0.279842  0.275366  -0.071647  0.958666  0.004980  -0.000872  -0.004888  0.000000  0.000000  0.000000  1.000000  
139.141289 0.062797  0.006338  0.008916  0.079667  0.995514  0.051033  -0.958033  0.062324  0.279801  0.275366  -0.071182  0.958701  -0.006106  -0.012193  -0.008505  0.000000  0.000000  0.000000  1.000000  
139.142304 0.062768  0.006304  0.008898  0.079670  0.995532  0.050681  -0.958069  0.062435  0.279651  0.275237  -0.070836  0.958763  -0.014437  -0.020111  -0.011843  0.000000  0.000000  0.000000  1.000000  
139.143537 0.062733  0.006268  0.008876  0.079473  0.995569  0.050256  -0.958086  0.062366  0.279610  0.275237  -0.070371  0.958797  -0.018634  -0.022882  -0.013606  0.000000  0.000000  0.000000  1.000000  
139.144539 0.062716  0.006256  0.008869  0.079279  0.995594  0.050082  -0.958139  0.062238  0.279457  0.275109  -0.070141  0.958851  -0.018371  -0.020783  -0.012311  0.000000  0.000000  0.000000  1.000000  
139.145789 0.062697  0.006253  0.008868  0.079081  0.995631  0.049657  -0.958155  0.062169  0.279417  0.275109  -0.069676  0.958885  -0.017692  -0.017021  -0.009978  0.000000  0.000000  0.000000  1.000000  
139.147036 0.062668  0.006254  0.008869  0.078884  0.995661  0.049352  -0.958171  0.062066  0.279384  0.275109  -0.069327  0.958910  -0.018574  -0.014111  -0.008147  0.000000  0.000000  0.000000  1.000000  
139.148038 0.062639  0.006256  0.008870  0.078884  0.995673  0.049110  -0.958171  0.062133  0.279369  0.275109  -0.069094  0.958927  -0.019861  -0.012183  -0.007183  0.000000  0.000000  0.000000  1.000000  
139.149055 0.062606  0.006253  0.008867  0.078687  0.995704  0.048806  -0.958188  0.062030  0.279336  0.275109  -0.068745  0.958952  -0.021205  -0.011195  -0.006639  0.000000  0.000000  0.000000  1.000000  
139.150289 0.062568  0.006245  0.008862  0.078684  0.995722  0.048433  -0.958151  0.062123  0.279441  0.275237  -0.068393  0.958940  -0.022316  -0.010642  -0.006402  0.000000  0.000000  0.000000  1.000000  
139.151290 0.062537  0.006236  0.008852  0.078684  0.995740  0.048070  -0.958151  0.062224  0.279419  0.275237  -0.068045  0.958965  -0.022988  -0.010517  -0.006663  0.000000  0.000000  0.000000  1.000000  
139.152541 0.062496  0.006227  0.008841  0.078487  0.995770  0.047766  -0.958167  0.062121  0.279386  0.275237  -0.067696  0.958990  -0.023981  -0.010219  -0.006869  0.000000  0.000000  0.000000  1.000000  
139.153788 0.062443  0.006215  0.008832  0.078289  0.995800  0.047461  -0.958183  0.062018  0.279354  0.275237  -0.067347  0.959015  -0.025599  -0.010172  -0.006890  0.000000  0.000000  0.000000  1.000000  
139.154788 0.062391  0.006196  0.008831  0.078286  0.995818  0.047088  -0.958147  0.062110  0.279459  0.275366  -0.066995  0.959002  -0.027812  -0.010899  -0.006558  0.000000  0.000000  0.000000  1.000000  
139.156034 0.062322  0.006163  0.008830  0.078484  0.995828  0.046547  -0.958130  0.062451  0.279439  0.275366  -0.066530  0.959035  -0.032087  -0.012183  -0.005976  -0.310950  -0.006914  0.095793  1.000000  
139.157037 0.062268  0.006134  0.008825  0.078678  0.995833  0.046117  -0.958078  0.062749  0.279553  0.275494  -0.066178  0.959022  -0.033861  -0.011911  -0.005132  -0.317168  0.001943  0.079563  1.000000  
139.158038 0.062213  0.006104  0.008817  0.078878  0.995836  0.045707  -0.958098  0.063064  0.279412  0.275366  -0.065832  0.959083  -0.035478  -0.011737  -0.004426  -0.322740  -0.004600  0.064059  1.000000  
139.159283 0.062142  0.006068  0.008803  0.079276  0.995826  0.045241  -0.958102  0.063585  0.279280  0.275237  -0.065485  0.959143  -0.038478  -0.012655  -0.004420  -0.326563  -0.009629  0.039528  1.000000  
139.160536 0.062069  0.006038  0.008794  0.079676  0.995809  0.044905  -0.958143  0.064080  0.279027  0.274980  -0.065258  0.959233  -0.042106  -0.014309  -0.004885  -0.324029  -0.020422  0.017449  1.000000  
139.161785 0.062002  0.006023  0.008793  0.080074  0.995787  0.044680  -0.958147  0.064533  0.278910  0.274851  -0.065144  0.959277  -0.045202  -0.015666  -0.005192  -0.316386  -0.024007  -0.001715  1.000000  
139.163033 0.061943  0.006018  0.008791  0.080669  0.995746  0.044519  -0.958134  0.065156  0.278809  0.274723  -0.065146  0.959314  -0.046401  -0.015914  -0.005218  -0.306806  -0.026613  -0.027251  1.000000  
139.164035 0.061898  0.006013  0.008788  0.081260  0.995711  0.044226  -0.958084  0.065805  0.278829  0.274723  -0.065030  0.959322  -0.047234  -0.016051  -0.005332  -0.306135  -0.023798  -0.050321  1.000000  
139.165283 0.061838  0.005999  0.008776  0.082247  0.995643  0.043939  -0.957999  0.066830  0.278874  0.274723  -0.065030  0.959322  -0.048682  -0.016428  -0.005688  -0.302296  -0.019906  -0.086241  1.000000  
139.166286 0.061783  0.005979  0.008763  0.082841  0.995606  0.043657  -0.957985  0.067487  0.278765  0.274594  -0.064916  0.959366  -0.050329  -0.017136  -0.005931  -0.301842  -0.022576  -0.105516  1.000000  
139.167300 0.061722  0.005953  0.008751  0.083633  0.995549  0.043438  -0.957953  0.068316  0.278673  0.274465  -0.064918  0.959403  -0.052423  -0.018527  -0.006124  -0.298949  -0.024529  -0.130457  1.000000  
139.168301 0.061659  0.005924  0.008742  0.084228  0.995506  0.043278  -0.957938  0.068939  0.278572  0.274337  -0.064921  0.959440  -0.053848  -0.019855  -0.006154  -0.294434  -0.026847  -0.146848  1.000000  
139.169545 0.061581  0.005888  0.008739  0.084823  0.995463  0.043117  -0.957922  0.069563  0.278471  0.274208  -0.064923  0.959476  -0.054930  -0.020909  -0.006236  -0.287888  -0.028776  -0.160833  1.000000  
139.170787 0.061506  0.005858  0.008741  0.085418  0.995424  0.042836  -0.957906  0.070220  0.278361  0.274079  -0.064809  0.959521  -0.055329  -0.020699  -0.006072  -0.283380  -0.031414  -0.187535  1.000000  
139.171789 0.061445  0.005837  0.008741  0.086207  0.995371  0.042486  -0.957836  0.071073  0.278388  0.274079  -0.064693  0.959529  -0.055733  -0.020109  -0.005691  -0.284671  -0.024675  -0.220113  1.000000  
139.173032 0.061365  0.005809  0.008736  0.086995  0.995317  0.042136  -0.957764  0.071927  0.278414  0.274079  -0.064577  0.959537  -0.056584  -0.019625  -0.005381  -0.282050  -0.022429  -0.253105  1.000000  
139.174037 0.061297  0.005784  0.008727  0.087981  0.995253  0.041608  -0.957674  0.073019  0.278439  0.274079  -0.064344  0.959552  -0.057345  -0.019391  -0.005269  -0.289262  -0.019729  -0.292559  1.000000  
139.175283 0.061213  0.005756  0.008713  0.088974  0.995181  0.041224  -0.957656  0.074094  0.278217  0.273822  -0.064232  0.959633  -0.058082  -0.019145  -0.005484  -0.292309  -0.021479  -0.332271  1.000000  
139.176286 0.061149  0.005741  0.008703  0.089769  0.995118  0.041019  -0.957655  0.074931  0.277995  0.273565  -0.064237  0.959706  -0.058640  -0.019236  -0.006092  -0.291958  -0.028376  -0.368862  1.000000  
139.177534 0.061074  0.005732  0.008691  0.090565  0.995054  0.040814  -0.957654  0.075767  0.277773  0.273307  -0.064242  0.959779  -0.059440  -0.019178  -0.006729  -0.285017  -0.035289  -0.392947  1.000000  
139.178783 0.060997  0.005725  0.008679  0.091357  0.994990  0.040597  -0.957616  0.076595  0.277679  0.273178  -0.064245  0.959816  -0.060865  -0.019327  -0.007327  -0.282169  -0.037514  -0.426045  1.000000  
139.179784 0.060930  0.005718  0.008670  0.092149  0.994916  0.040622  -0.957576  0.077356  0.277603  0.273050  -0.064480  0.959837  -0.062427  -0.019324  -0.007407  -0.269477  -0.044614  -0.452999  1.000000  
139.181034 0.060839  0.005702  0.008660  0.093131  0.994832  0.040445  -0.957445  0.078338  0.277782  0.273178  -0.064594  0.959792  -0.063968  -0.018825  -0.006983  -0.262753  -0.037943  -0.485621  1.000000  
139.182034 0.060764  0.005683  0.008652  0.093919  0.994762  0.040337  -0.957368  0.079123  0.277825  0.273178  -0.064710  0.959784  -0.065038  -0.018346  -0.006734  -0.256172  -0.035753  -0.518915  1.000000  
139.183039 0.060685  0.005659  0.008643  0.094511  0.994704  0.040407  -0.957309  0.079670  0.277869  0.273178  -0.064943  0.959769  -0.066076  -0.018196  -0.006751  -0.241376  -0.034390  -0.538209  1.000000  
139.184053 0.060602  0.005631  0.008632  0.095105  0.994648  0.040368  -0.957287  0.080259  0.277776  0.273050  -0.065062  0.959797  -0.067301  -0.017827  -0.007261  -0.234563  -0.041867  -0.569605  1.000000  
139.185285 0.060496  0.005598  0.008619  0.095897  0.994571  0.040394  -0.957245  0.081020  0.277701  0.272921  -0.065297  0.959818  -0.069327  -0.018021  -0.008082  -0.224055  -0.044176  -0.591835  1.000000  
139.186289 0.060410  0.005574  0.008609  0.096492  0.994515  0.040356  -0.957222  0.081609  0.277608  0.272792  -0.065416  0.959846  -0.071247  -0.018144  -0.008995  -0.209293  -0.052705  -0.610543  1.000000  
139.187293 0.060325  0.005556  0.008597  0.096886  0.994482  0.040241  -0.957182  0.082019  0.277625  0.272792  -0.065416  0.959846  -0.072646  -0.018082  -0.009517  -0.197026  -0.052806  -0.610418  1.000000  
139.188334 0.060243  0.005541  0.008584  0.097675  0.994409  0.040133  -0.957102  0.082804  0.277668  0.272792  -0.065533  0.959838  -0.073678  -0.017291  -0.009976  -0.186141  -0.046974  -0.629250  1.000000  
139.189551 0.060143  0.005528  0.008566  0.098459  0.994341  0.039891  -0.956985  0.083614  0.277829  0.272921  -0.065530  0.959802  -0.074705  -0.016183  -0.010269  -0.179739  -0.032322  -0.648844  1.000000  
139.190786 0.060044  0.005518  0.008548  0.099243  0.994278  0.039529  -0.956867  0.084458  0.277979  0.273050  -0.065411  0.959774  -0.076070  -0.015352  -0.010632  -0.181759  -0.022997  -0.655316  1.000000  
139.192041 0.059940  0.005502  0.008530  0.100035  0.994207  0.039313  -0.956821  0.085285  0.277884  0.272921  -0.065414  0.959810  -0.077893  -0.015635  -0.011030  -0.181307  -0.017640  -0.668202  1.000000  
139.193283 0.059836  0.005486  0.008514  0.100630  0.994158  0.039034  -0.956796  0.085942  0.277770  0.272792  -0.065300  0.959854  -0.079545  -0.016159  -0.011366  -0.183469  -0.022621  -0.661968  1.000000  
139.194284 0.059752  0.005470  0.008501  0.101421  0.994081  0.038940  -0.956749  0.086735  0.277685  0.272664  -0.065419  0.959883  -0.080827  -0.016803  -0.011579  -0.177717  -0.026007  -0.670505  1.000000  
139.195533 0.059645  0.005448  0.008484  0.102209  0.994005  0.038832  -0.956665  0.087520  0.277727  0.272664  -0.065535  0.959875  -0.082072  -0.017437  -0.011986  -0.169012  -0.026655  -0.668931  1.000000  
139.196533 0.059558  0.005425  0.008469  0.102993  0.993933  0.038589  -0.956544  0.088330  0.277887  0.272792  -0.065533  0.959838  -0.083064  -0.017786  -0.012477  -0.169012  -0.017682  -0.668321  1.000000  
139.197783 0.059444  0.005391  0.008447  0.103974  0.993838  0.038410  -0.956401  0.089310  0.278065  0.272921  -0.065647  0.959794  -0.084029  -0.018205  -0.013166  -0.167365  -0.007701  -0.675511  1.000000  
139.198783 0.059351  0.005360  0.008426  0.104958  0.993741  0.038244  -0.956294  0.090300  0.278115  0.272921  -0.065763  0.959786  -0.084976  -0.018373  -0.013960  -0.166986  0.002140  -0.688105  1.000000  
139.200039 0.059236  0.005322  0.008399  0.106139  0.993624  0.038021  -0.956163  0.091493  0.278173  0.272921  -0.065879  0.959778  -0.085405  -0.018692  -0.014866  -0.163926  0.007550  -0.706678  1.000000  
139.201043 0.059147  0.005295  0.008377  0.107128  0.993524  0.037870  -0.956090  0.092491  0.278096  0.272792  -0.065998  0.959807  -0.085645  -0.018989  -0.015649  -0.159483  0.003968  -0.720162  1.000000  
139.202294 0.059039  0.005269  0.008346  0.108317  0.993402  0.037675  -0.956029  0.093702  0.277899  0.272535  -0.066120  0.959871  -0.085714  -0.019166  -0.016783  -0.155659  -0.003617  -0.734826  1.000000  
139.203539 0.058933  0.005248  0.008318  0.110092  0.993226  0.037175  -0.955863  0.095551  0.277840  0.272406  -0.066122  0.959908  -0.085983  -0.019377  -0.017583  -0.157286  -0.006771  -0.755353  1.000000  
139.204543 0.058848  0.005231  0.008295  0.111474  0.993086  0.036790  -0.955740  0.096991  0.277766  0.272277  -0.066125  0.959944  -0.086379  -0.019812  -0.018078  -0.158041  -0.005962  -0.774202  1.000000  
139.205785 0.058742  0.005209  0.008270  0.113048  0.992925  0.036332  -0.955555  0.098627  0.277826  0.272277  -0.066125  0.959944  -0.086778  -0.020602  -0.018544  -0.159597  0.004320  -0.793887  1.000000  
139.206785 0.058657  0.005189  0.008249  0.114429  0.992781  0.035947  -0.955427  0.100066  0.277751  0.272149  -0.066127  0.959980  -0.087011  -0.021216  -0.019052  -0.166949  0.010613  -0.819997  1.000000  
139.207788 0.058571  0.005168  0.008227  0.115810  0.992639  0.035442  -0.955297  0.101540  0.277663  0.272020  -0.066013  0.960025  -0.087158  -0.021763  -0.019584  -0.176995  0.012266  -0.839632  1.000000  
139.209035 0.058460  0.005137  0.008200  0.117589  0.992447  0.034959  -0.955153  0.103396  0.277473  0.271762  -0.066018  0.960097  -0.087491  -0.022456  -0.020280  -0.189857  0.014228  -0.873246  1.000000  
139.210286 0.058347  0.005103  0.008172  0.119171  0.992277  0.034413  -0.955031  0.105082  0.277262  0.271505  -0.065907  0.960178  -0.087999  -0.023375  -0.021175  -0.203536  0.006610  -0.893772  1.000000  
139.211533 0.058230  0.005063  0.008142  0.120949  0.992083  0.033811  -0.954880  0.106971  0.277058  0.271247  -0.065795  0.960258  -0.088514  -0.024179  -0.021828  -0.223272  -0.004498  -0.920284  1.000000  
139.212535 0.058136  0.005032  0.008118  0.122521  0.991905  0.033355  -0.954680  0.108605  0.277113  0.271247  -0.065795  0.960258  -0.088655  -0.024351  -0.022295  -0.236809  -0.002203  -0.953844  1.000000  
139.213783 0.058020  0.004996  0.008089  0.124295  0.991709  0.032617  -0.954487  0.110518  0.277020  0.271118  -0.065565  0.960310  -0.088718  -0.024273  -0.022470  -0.256190  -0.004916  -0.979895  1.000000  
139.215036 0.057904  0.004963  0.008059  0.125871  0.991528  0.032058  -0.954317  0.112194  0.276932  0.270990  -0.065451  0.960354  -0.088846  -0.023946  -0.022736  -0.277470  0.001839  -1.012648  1.000000  
139.216039 0.057811  0.004941  0.008035  0.127251  0.991368  0.031555  -0.954171  0.113665  0.276837  0.270861  -0.065337  0.960399  -0.089057  -0.023643  -0.022783  -0.293007  0.003636  -1.039479  1.000000  
139.217298 0.057696  0.004916  0.008007  0.129034  0.991156  0.030974  -0.954041  0.115561  0.276499  0.270474  -0.065228  0.960515  -0.089550  -0.023571  -0.022603  -0.316628  -0.007462  -1.081506  1.000000  
139.218534 0.057579  0.004893  0.007978  0.130816  0.990941  0.030393  -0.953908  0.117457  0.276160  0.270088  -0.065119  0.960631  -0.090315  -0.023689  -0.022639  -0.329242  -0.022576  -1.113870  1.000000  
139.219539 0.057484  0.004874  0.007955  0.131808  0.990821  0.030024  -0.953844  0.118528  0.275922  0.269830  -0.065007  0.960711  -0.090934  -0.023822  -0.022727  -0.335093  -0.031101  -1.121421  1.000000  
139.220784 0.057365  0.004851  0.007924  0.133388  0.990625  0.029485  -0.953697  0.120210  0.275702  0.269573  -0.064895  0.960791  -0.091802  -0.023815  -0.023072  -0.342328  -0.042782  -1.148241  1.000000  
139.221785 0.057268  0.004833  0.007900  0.134576  0.990481  0.028940  -0.953603  0.121517  0.275454  0.269315  -0.064667  0.960879  -0.092606  -0.023739  -0.023303  -0.356932  -0.046871  -1.171719  1.000000  
139.223031 0.057145  0.004808  0.007869  0.136152  0.990281  0.028385  -0.953416  0.123191  0.275359  0.269186  -0.064553  0.960922  -0.093680  -0.023660  -0.023579  -0.363060  -0.044384  -1.194811  1.000000  
139.224038 0.057042  0.004784  0.007845  0.137334  0.990134  0.027823  -0.953282  0.124489  0.275236  0.269057  -0.064322  0.960974  -0.094589  -0.023540  -0.023749  -0.381846  -0.043919  -1.217918  1.000000  
139.225302 0.056913  0.004752  0.007815  0.138718  0.989954  0.027343  -0.953155  0.125966  0.275006  0.268800  -0.064210  0.961054  -0.095477  -0.023220  -0.023757  -0.395258  -0.051515  -1.237886  1.000000  
139.226533 0.056783  0.004719  0.007787  0.139906  0.989802  0.026800  -0.953054  0.127273  0.274755  0.268542  -0.063982  0.961141  -0.096549  -0.022754  -0.023663  -0.405423  -0.064704  -1.246152  1.000000  
139.227534 0.056679  0.004695  0.007767  0.140898  0.989674  0.026315  -0.952980  0.128375  0.274497  0.268284  -0.063754  0.961228  -0.097199  -0.022451  -0.023451  -0.419468  -0.077794  -1.253805  1.000000  
139.228783 0.056549  0.004667  0.007743  0.142281  0.989495  0.025597  -0.952847  0.129918  0.274233  0.268026  -0.063409  0.961323  -0.098105  -0.021841  -0.023088  -0.437484  -0.086470  -1.261106  1.000000  
139.229784 0.056446  0.004646  0.007724  0.143262  0.989367  0.025075  -0.952700  0.131003  0.274227  0.268026  -0.063175  0.961338  -0.098811  -0.021493  -0.022705  -0.449805  -0.086564  -1.261356  1.000000  
139.231047 0.056320  0.004627  0.007701  0.144640  0.989185  0.024339  -0.952528  0.132536  0.274087  0.267897  -0.062828  0.961397  -0.099405  -0.020890  -0.022196  -0.467602  -0.081755  -1.267406  1.000000  
139.232286 0.056195  0.004610  0.007678  0.145828  0.989027  0.023680  -0.952420  0.133874  0.273814  0.267639  -0.062483  0.961491  -0.100152  -0.020391  -0.021918  -0.481657  -0.085261  -1.264268  1.000000  
139.233533 0.056071  0.004595  0.007655  0.147009  0.988868  0.023001  -0.952274  0.135204  0.273667  0.267511  -0.062135  0.961549  -0.100552  -0.019867  -0.021528  -0.488028  -0.086803  -1.244429  1.000000  
139.234545 0.055970  0.004579  0.007634  0.148001  0.988734  0.022399  -0.952193  0.136338  0.273387  0.267253  -0.061790  0.961643  -0.100994  -0.019696  -0.021320  -0.498267  -0.093527  -1.234685  1.000000  
139.235790 0.055842  0.004556  0.007608  0.149188  0.988572  0.021622  -0.952080  0.137708  0.273093  0.266995  -0.061328  0.961745  -0.101587  -0.019714  -0.020999  -0.508724  -0.099631  -1.215075  1.000000  
139.237040 0.055710  0.004529  0.007581  0.150571  0.988381  0.020789  -0.951935  0.139281  0.272802  0.266737  -0.060866  0.961846  -0.102289  -0.019989  -0.020833  -0.521082  -0.105291  -1.202176  1.000000  
139.238288 0.055577  0.004499  0.007555  0.151948  0.988185  0.020056  -0.951752  0.140812  0.272654  0.266608  -0.060518  0.961903  -0.102773  -0.020132  -0.020422  -0.525394  -0.106464  -1.188998  1.000000  
139.239312 0.055472  0.004475  0.007536  0.153325  0.987987  0.019324  -0.951567  0.142343  0.272503  0.266479  -0.060170  0.961961  -0.102774  -0.019987  -0.020009  -0.532847  -0.102173  -1.187715  1.000000  
139.240322 0.055367  0.004452  0.007517  0.154506  0.987816  0.018649  -0.951412  0.143671  0.272348  0.266350  -0.059822  0.962018  -0.102764  -0.019782  -0.019695  -0.544602  -0.097862  -1.186975  1.000000  
139.241533 0.055237  0.004423  0.007496  0.156280  0.987552  0.017827  -0.951195  0.145615  0.272075  0.266092  -0.059476  0.962111  -0.103079  -0.019772  -0.019429  -0.553272  -0.102768  -1.188954  1.000000  
139.242536 0.055133  0.004399  0.007476  0.157852  0.987314  0.017160  -0.950971  0.147316  0.271941  0.265963  -0.059245  0.962161  -0.103018  -0.019711  -0.019336  -0.557120  -0.102969  -1.188827  1.000000  
139.243783 0.055002  0.004367  0.007452  0.159626  0.987044  0.016220  -0.950747  0.149292  0.271646  0.265705  -0.058783  0.962261  -0.103181  -0.020013  -0.019387  -0.571135  -0.111887  -1.196257  1.000000  
139.245037 0.054873  0.004337  0.007426  0.161595  0.986740  0.015225  -0.950487  0.151471  0.271352  0.265447  -0.058320  0.962360  -0.103210  -0.020387  -0.019572  -0.584951  -0.116298  -1.203167  1.000000  
139.246283 0.054746  0.004311  0.007398  0.163753  0.986402  0.014034  -0.950153  0.153877  0.271165  0.265318  -0.057739  0.962431  -0.103279  -0.020807  -0.019904  -0.604771  -0.111401  -1.216300  1.000000  
139.247292 0.054646  0.004291  0.007379  0.165910  0.986057  0.012844  -0.949815  0.156283  0.270975  0.265189  -0.057157  0.962501  -0.103261  -0.021483  -0.020014  -0.626859  -0.103964  -1.245839  1.000000  
139.248292 0.054544  0.004270  0.007359  0.167676  0.985770  0.011886  -0.949541  0.158248  0.270794  0.265060  -0.056692  0.962564  -0.103416  -0.022028  -0.020088  -0.642351  -0.099039  -1.258670  1.000000  
139.249540 0.054413  0.004239  0.007335  0.169838  0.985415  0.010601  -0.949229  0.160692  0.270450  0.264802  -0.055996  0.962676  -0.103833  -0.022645  -0.019935  -0.671136  -0.090560  -1.281725  1.000000  
139.250793 0.054279  0.004205  0.007311  0.172189  0.985022  0.009120  -0.948841  0.163363  0.270210  0.264673  -0.055180  0.962758  -0.104197  -0.023456  -0.019728  -0.700343  -0.084672  -1.314451  1.000000  
139.252040 0.054142  0.004167  0.007288  0.174546  0.984619  0.007663  -0.948482  0.166040  0.269838  0.264415  -0.054367  0.962875  -0.104509  -0.024100  -0.019521  -0.729801  -0.086631  -1.343997  1.000000  
139.253288 0.054002  0.004126  0.007264  0.176901  0.984209  0.006208  -0.948118  0.168715  0.269459  0.264157  -0.053553  0.962992  -0.104958  -0.024838  -0.019410  -0.759401  -0.087248  -1.368216  1.000000  
139.254289 0.053889  0.004093  0.007244  0.178664  0.983897  0.005016  -0.947823  0.170741  0.269220  0.264028  -0.052854  0.963066  -0.105656  -0.025517  -0.019524  -0.785114  -0.086607  -1.388175  1.000000  
139.255360 0.053776  0.004062  0.007224  0.180232  0.983616  0.004000  -0.947562  0.172531  0.268996  0.263899  -0.052272  0.963133  -0.105572  -0.025922  -0.019522  -0.800751  -0.081309  -1.404690  1.000000  
139.256532 0.053636  0.004026  0.007200  0.181994  0.983296  0.002691  -0.947261  0.174589  0.268728  0.263770  -0.051456  0.963212  -0.106718  -0.026482  -0.019761  -0.827500  -0.079929  -1.423003  1.000000  
139.257536 0.053523  0.003997  0.007179  0.184145  0.982898  0.001392  -0.946881  0.177017  0.268479  0.263641  -0.050757  0.963285  -0.107285  -0.026780  -0.019842  -0.855425  -0.074894  -1.467732  1.000000  
139.258784 0.053382  0.003961  0.007149  0.186296  0.982494  -0.000145  -0.946496  0.179509  0.268181  0.263512  -0.049824  0.963369  -0.108073  -0.027090  -0.020180  -0.887068  -0.069733  -1.494356  1.000000  
139.260034 0.053240  0.003926  0.007119  0.188452  0.982081  -0.001654  -0.946141  0.182007  0.267750  0.263254  -0.048893  0.963487  -0.108907  -0.027409  -0.020422  -0.914475  -0.073662  -1.521256  1.000000  
139.261283 0.053096  0.003889  0.007089  0.190796  0.981624  -0.003243  -0.945707  0.184699  0.267440  0.263124  -0.047960  0.963569  -0.110208  -0.028285  -0.020613  -0.939824  -0.071408  -1.555177  1.000000  
139.262534 0.052950  0.003851  0.007060  0.193139  0.981159  -0.004949  -0.945268  0.187421  0.267100  0.262995  -0.046909  0.963656  -0.111407  -0.028974  -0.020855  -0.975111  -0.071719  -1.594687  1.000000  
139.263783 0.052803  0.003815  0.007035  0.195481  0.980685  -0.006653  -0.944822  0.190142  0.266754  0.262866  -0.045859  0.963742  -0.112613  -0.029541  -0.021033  -1.010405  -0.066156  -1.634691  1.000000  
139.265033 0.052655  0.003777  0.007009  0.198016  0.980162  -0.008530  -0.944330  0.193095  0.266375  0.262737  -0.044692  0.963832  -0.113742  -0.029944  -0.021170  -1.044501  -0.059505  -1.673730  1.000000  
139.266033 0.052536  0.003746  0.006988  0.199772  0.979793  -0.009828  -0.943996  0.195143  0.266067  0.262608  -0.043875  0.963905  -0.114445  -0.030133  -0.021309  -1.069495  -0.054260  -1.706711  1.000000  
139.267286 0.052386  0.003705  0.006960  0.201917  0.979333  -0.011711  -0.943575  0.197721  0.265654  0.262479  -0.042590  0.963997  -0.115216  -0.030252  -0.021554  -1.104615  -0.054379  -1.732828  1.000000  
139.268356 0.052265  0.003671  0.006935  0.203867  0.978910  -0.013180  -0.943192  0.200000  0.265309  0.262350  -0.041656  0.964073  -0.115298  -0.030085  -0.021813  -1.134754  -0.050673  -1.756158  1.000000  
139.269541 0.052114  0.003630  0.006904  0.206204  0.978392  -0.015113  -0.942720  0.202777  0.264879  0.262221  -0.040371  0.964163  -0.116478  -0.030303  -0.022357  -1.173043  -0.051001  -1.786989  1.000000  
139.270787 0.051967  0.003592  0.006873  0.208144  0.977951  -0.016964  -0.942293  0.205144  0.264574  0.262221  -0.039085  0.964216  -0.117012  -0.030385  -0.022799  -1.205133  -0.046507  -1.791948  1.000000  
139.272055 0.051824  0.003560  0.006844  0.210091  0.977499  -0.018903  -0.941897  0.207547  0.264111  0.262092  -0.037683  0.964307  -0.116954  -0.030077  -0.023021  -1.244731  -0.044457  -1.798794  1.000000  
139.273284 0.051683  0.003530  0.006816  0.211836  0.977084  -0.020815  -0.941506  0.209742  0.263771  0.262092  -0.036279  0.964361  -0.117008  -0.029717  -0.023061  -1.281988  -0.037139  -1.799553  1.000000  
139.274534 0.051544  0.003501  0.006788  0.213580  0.976661  -0.022725  -0.941112  0.211935  0.263423  0.262092  -0.034875  0.964413  -0.116922  -0.029312  -0.022912  -1.312661  -0.034716  -1.792682  1.000000  
139.275535 0.051432  0.003476  0.006765  0.215331  0.976240  -0.024250  -0.940749  0.214036  0.263022  0.261962  -0.033824  0.964485  -0.116693  -0.029007  -0.022784  -1.334594  -0.035808  -1.799349  1.000000  
139.276783 0.051292  0.003442  0.006737  0.217267  0.975760  -0.026212  -0.940303  0.216428  0.262656  0.261962  -0.032420  0.964533  -0.116429  -0.028806  -0.022707  -1.357926  -0.029621  -1.779621  1.000000  
139.278033 0.051152  0.003407  0.006708  0.219017  0.975317  -0.028089  -0.939933  0.218622  0.262164  0.261833  -0.031017  0.964615  -0.115953  -0.028632  -0.022795  -1.373042  -0.031497  -1.758432  1.000000  
139.279034 0.051043  0.003380  0.006684  0.220565  0.974920  -0.029703  -0.939571  0.220546  0.261850  0.261833  -0.029847  0.964651  -0.115292  -0.028439  -0.023082  -1.392755  -0.028630  -1.757747  1.000000  
139.280040 0.050934  0.003355  0.006660  0.222112  0.974518  -0.031316  -0.939207  0.222468  0.261531  0.261833  -0.028677  0.964687  -0.114602  -0.028164  -0.023295  -1.412866  -0.022762  -1.745005  1.000000  
139.281283 0.050799  0.003323  0.006631  0.224238  0.973960  -0.033444  -0.938701  0.225087  0.261105  0.261833  -0.027156  0.964731  -0.113692  -0.027662  -0.023444  -1.431452  -0.019835  -1.737357  1.000000  
139.282284 0.050692  0.003297  0.006607  0.225792  0.973546  -0.035025  -0.938365  0.227010  0.260649  0.261704  -0.025986  0.964798  -0.112936  -0.027191  -0.023549  -1.449578  -0.017231  -1.730710  1.000000  
139.283284 0.050586  0.003272  0.006582  0.227724  0.973032  -0.036742  -0.937898  0.229330  0.260298  0.261704  -0.024816  0.964829  -0.112436  -0.026734  -0.023625  -1.465537  -0.014452  -1.730430  1.000000  
139.284300 0.050483  0.003248  0.006559  0.229268  0.972603  -0.038468  -0.937522  0.231279  0.259929  0.261704  -0.023529  0.964861  -0.110546  -0.025884  -0.023413  -1.487637  -0.012768  -1.723687  1.000000  
139.285538 0.050356  0.003220  0.006531  0.231592  0.971960  -0.040730  -0.936986  0.234125  0.259310  0.261575  -0.021891  0.964935  -0.109211  -0.025261  -0.023226  -1.519392  -0.013620  -1.736765  1.000000  
139.286784 0.050230  0.003192  0.006504  0.233713  0.971361  -0.042849  -0.936460  0.236734  0.258844  0.261575  -0.020369  0.964968  -0.108153  -0.024923  -0.023117  -1.545806  -0.011026  -1.743770  1.000000  
139.287787 0.050131  0.003173  0.006484  0.235641  0.970813  -0.044677  -0.935976  0.239078  0.258437  0.261575  -0.019082  0.964994  -0.107127  -0.024621  -0.022858  -1.564794  -0.009367  -1.737512  1.000000  
139.289062 0.050006  0.003148  0.006460  0.237952  0.970135  -0.047080  -0.935392  0.241945  0.257886  0.261575  -0.017326  0.965028  -0.105928  -0.024273  -0.022593  -1.593435  -0.002567  -1.742318  1.000000  
139.290282 0.049883  0.003122  0.006435  0.240455  0.969396  -0.049534  -0.934751  0.245009  0.257314  0.261575  -0.015570  0.965058  -0.105137  -0.023990  -0.022372  -1.621216  0.000484  -1.755954  1.000000  
139.291285 0.049784  0.003101  0.006414  0.242177  0.968873  -0.051336  -0.934270  0.247146  0.257017  0.261704  -0.014282  0.965042  -0.104101  -0.023583  -0.022244  -1.643171  0.007006  -1.756784  1.000000  
139.292535 0.049657  0.003070  0.006389  0.244485  0.968157  -0.053850  -0.933669  0.250037  0.256405  0.261704  -0.012409  0.965068  -0.103331  -0.023347  -0.021995  -1.671634  0.008838  -1.756746  1.000000  
139.293784 0.049530  0.003040  0.006364  0.246983  0.967383  -0.056296  -0.933011  0.253093  0.255799  0.261704  -0.010653  0.965089  -0.102589  -0.023066  -0.021655  -1.696063  0.010777  -1.756758  1.000000  
139.295034 0.049401  0.003010  0.006340  0.249479  0.966597  -0.058739  -0.932347  0.256146  0.255182  0.261704  -0.008897  0.965107  -0.102257  -0.022970  -0.021361  -1.718121  0.012793  -1.763342  1.000000  
139.296041 0.049298  0.002988  0.006321  0.251590  0.965935  -0.060606  -0.931780  0.258674  0.254704  0.261704  -0.007609  0.965118  -0.101684  -0.022691  -0.021011  -1.737527  0.015715  -1.776212  1.000000  
139.297283 0.049171  0.002961  0.006298  0.254274  0.965079  -0.062979  -0.931051  0.261889  0.254084  0.261704  -0.005971  0.965130  -0.101414  -0.022432  -0.020558  -1.752796  0.018425  -1.795150  1.000000  
139.298284 0.049069  0.002941  0.006282  0.256382  0.964390  -0.064958  -0.930473  0.264443  0.253556  0.261704  -0.004566  0.965137  -0.101189  -0.022043  -0.020015  -1.774879  0.020916  -1.806033  1.000000  
139.299535 0.048939  0.002915  0.006259  0.259053  0.963520  -0.067242  -0.929696  0.267621  0.253070  0.261833  -0.003044  0.965108  -0.101213  -0.021841  -0.019599  -1.782492  0.027461  -1.814973  1.000000  
139.300786 0.048810  0.002889  0.006239  0.261923  0.962563  -0.069775  -0.928892  0.271054  0.252368  0.261833  -0.001288  0.965112  -0.101402  -0.021697  -0.019077  -1.807331  0.025288  -1.847815  1.000000  
139.301787 0.048706  0.002868  0.006221  0.264026  0.961843  -0.071746  -0.928296  0.273600  0.251812  0.261833  0.000117  0.965113  -0.101652  -0.021685  -0.018842  -1.825328  0.027432  -1.871154  1.000000  
139.302789 0.048602  0.002847  0.006205  0.266500  0.960992  -0.073971  -0.927552  0.276570  0.251307  0.261962  0.001639  0.965077  -0.101981  -0.021761  -0.018618  -1.849304  0.030015  -1.902921  1.000000  
139.304043 0.048471  0.002820  0.006183  0.269363  0.959987  -0.076610  -0.926725  0.280023  0.250535  0.261962  0.003512  0.965072  -0.102494  -0.021882  -0.018434  -1.876202  0.027438  -1.942763  1.000000  
139.305330 0.048339  0.002792  0.006163  0.272013  0.959023  -0.079266  -0.925878  0.283276  0.250011  0.262221  0.005384  0.964993  -0.102669  -0.021949  -0.018013  -1.897666  0.037972  -1.966995  1.000000  
139.306534 0.048205  0.002762  0.006141  0.274670  0.958026  -0.082115  -0.925056  0.286584  0.249280  0.262350  0.007491  0.964944  -0.103673  -0.022137  -0.017832  -1.932345  0.039285  -1.996638  1.000000  
139.307539 0.048097  0.002737  0.006125  0.276935  0.957183  -0.084314  -0.924307  0.289345  0.248868  0.262608  0.009012  0.964861  -0.103998  -0.022206  -0.017569  -1.953325  0.050362  -2.029439  1.000000  
139.308785 0.047961  0.002704  0.006104  0.279767  0.956106  -0.087129  -0.923381  0.292814  0.248250  0.262866  0.011001  0.964770  -0.104558  -0.022326  -0.017328  -1.983460  0.056120  -2.063198  1.000000  
139.310035 0.047826  0.002673  0.006085  0.282797  0.954953  -0.089953  -0.922420  0.296474  0.247475  0.262995  0.012990  0.964710  -0.104995  -0.022478  -0.016962  -2.010079  0.057200  -2.099362  1.000000  
139.311284 0.047691  0.002642  0.006066  0.285623  0.953842  -0.092760  -0.921475  0.299935  0.246824  0.263254  0.014978  0.964610  -0.105465  -0.022657  -0.016660  -2.034509  0.062505  -2.129873  1.000000  
139.312534 0.047557  0.002613  0.006047  0.288446  0.952715  -0.095564  -0.920522  0.303391  0.246158  0.263512  0.016966  0.964507  -0.105923  -0.022896  -0.016499  -2.062556  0.072373  -2.156884  1.000000  
139.313783 0.047424  0.002585  0.006026  0.291256  0.951559  -0.098519  -0.919526  0.306875  0.245561  0.263899  0.019069  0.964362  -0.106244  -0.023054  -0.016415  -2.087355  0.081773  -2.184427  1.000000  
139.315033 0.047291  0.002557  0.006006  0.294072  0.950398  -0.101315  -0.918555  0.310322  0.244862  0.264157  0.021056  0.964250  -0.106443  -0.023142  -0.016429  -2.108909  0.086478  -2.205550  1.000000  
139.316035 0.047186  0.002534  0.005989  0.296497  0.949400  -0.103586  -0.917663  0.313259  0.244465  0.264544  0.022574  0.964109  -0.106590  -0.023290  -0.016316  -2.124151  0.101072  -2.231739  1.000000  
139.317287 0.047053  0.002504  0.005968  0.299485  0.948142  -0.106466  -0.916581  0.316896  0.243837  0.264931  0.024560  0.963955  -0.106781  -0.023630  -0.016315  -2.143867  0.110182  -2.258255  1.000000  
139.318537 0.046920  0.002473  0.005947  0.302270  0.946945  -0.109219  -0.915517  0.320308  0.243376  0.265447  0.026426  0.963763  -0.106900  -0.023884  -0.016273  -2.158090  0.124517  -2.277021  1.000000  
139.319539 0.046813  0.002447  0.005932  0.304497  0.945959  -0.111548  -0.914666  0.323069  0.242924  0.265834  0.028060  0.963610  -0.107024  -0.024200  -0.016218  -2.170521  0.134344  -2.290719  1.000000  
139.320787 0.046679  0.002413  0.005912  0.307274  0.944718  -0.114411  -0.913586  0.326504  0.242395  0.266350  0.030042  0.963408  -0.107078  -0.024499  -0.016149  -2.184732  0.143213  -2.310719  1.000000  
139.322037 0.046545  0.002381  0.005894  0.310048  0.943461  -0.117270  -0.912498  0.329934  0.241848  0.266866  0.032024  0.963201  -0.107012  -0.024573  -0.015927  -2.204831  0.156583  -2.337650  1.000000  
139.323289 0.046413  0.002349  0.005875  0.312795  0.942168  -0.120325  -0.911333  0.333399  0.241489  0.267639  0.034119  0.962915  -0.106784  -0.024514  -0.015807  -2.220802  0.177832  -2.351310  1.000000  
139.324534 0.046279  0.002319  0.005857  0.315736  0.940775  -0.123499  -0.910129  0.337078  0.240924  0.268284  0.036332  0.962655  -0.106635  -0.024372  -0.015721  -2.239481  0.194479  -2.372392  1.000000  
139.325535 0.046174  0.002295  0.005840  0.317749  0.939760  -0.126039  -0.909276  0.339693  0.240471  0.268800  0.038194  0.962439  -0.106484  -0.024281  -0.015837  -2.260210  0.208421  -2.372700  1.000000  
139.326785 0.046042  0.002268  0.005820  0.320496  0.938372  -0.129385  -0.908120  0.343230  0.239814  0.269444  0.040638  0.962158  -0.106439  -0.024223  -0.015876  -2.292520  0.227368  -2.379841  1.000000  
139.327786 0.045937  0.002246  0.005803  0.322690  0.937260  -0.131969  -0.907190  0.346032  0.239308  0.269959  0.042499  0.961933  -0.106217  -0.024117  -0.015981  -2.311176  0.241168  -2.386958  1.000000  
139.329033 0.045806  0.002220  0.005782  0.325416  0.935833  -0.135353  -0.905985  0.349566  0.238736  0.270732  0.044939  0.961605  -0.106097  -0.024015  -0.016096  -2.339137  0.256456  -2.387802  1.000000  
139.330284 0.045675  0.002193  0.005760  0.328325  0.934314  -0.138782  -0.904703  0.353289  0.238116  0.271505  0.047378  0.961270  -0.106028  -0.023971  -0.016155  -2.374201  0.280196  -2.402155  1.000000  
139.331534 0.045542  0.002164  0.005737  0.331029  0.932861  -0.142090  -0.903446  0.356791  0.237666  0.272406  0.049696  0.960898  -0.106000  -0.023906  -0.016274  -2.395358  0.303788  -2.409818  1.000000  
139.332786 0.045408  0.002133  0.005714  0.333357  0.931537  -0.145298  -0.902317  0.359907  0.237257  0.273307  0.052013  0.960520  -0.106141  -0.023909  -0.016391  -2.407350  0.325843  -2.391079  1.000000  
139.334046 0.045274  0.002102  0.005693  0.335854  0.930101  -0.148710  -0.901078  0.363247  0.236876  0.274337  0.054443  0.960091  -0.106038  -0.023738  -0.016448  -2.428722  0.354866  -2.384832  1.000000  
139.335289 0.045139  0.002071  0.005671  0.338333  0.928661  -0.152052  -0.899796  0.366563  0.236640  0.275494  0.056753  0.959626  -0.106215  -0.023681  -0.016580  -2.448014  0.382838  -2.390267  1.000000  
139.336290 0.045030  0.002046  0.005655  0.340279  0.927492  -0.154818  -0.898786  0.369203  0.236374  0.276395  0.058716  0.959249  -0.106277  -0.023581  -0.016618  -2.456249  0.407986  -2.387887  1.000000  
139.337537 0.044894  0.002015  0.005634  0.342735  0.926015  -0.158204  -0.897455  0.372522  0.236223  0.277680  0.061019  0.958734  -0.106592  -0.023510  -0.016853  -2.470475  0.435169  -2.383586  1.000000  
139.338783 0.044758  0.001987  0.005612  0.345002  0.924577  -0.161652  -0.896187  0.375678  0.236039  0.278965  0.063436  0.958204  -0.106759  -0.023300  -0.017048  -2.484695  0.465834  -2.372109  1.000000  
139.339786 0.044648  0.001964  0.005593  0.346936  0.923385  -0.164303  -0.895160  0.378284  0.235776  0.279865  0.065278  0.957818  -0.107007  -0.023234  -0.017292  -2.493210  0.493259  -2.360262  1.000000  
139.341036 0.044511  0.001937  0.005570  0.349208  0.921937  -0.167590  -0.893913  0.381400  0.235485  0.281021  0.067578  0.957320  -0.107348  -0.023165  -0.017509  -2.503226  0.519969  -2.348773  1.000000  
139.342287 0.044372  0.001910  0.005547  0.351475  0.920450  -0.170987  -0.892660  0.384542  0.235129  0.282176  0.069991  0.956806  -0.107776  -0.023092  -0.017646  -2.517422  0.546615  -2.337574  1.000000  
139.343532 0.044234  0.001883  0.005526  0.353709  0.918960  -0.174365  -0.891329  0.387671  0.235039  0.283588  0.072281  0.956218  -0.108313  -0.023142  -0.017648  -2.524897  0.577155  -2.327472  1.000000  
139.344533 0.044122  0.001860  0.005510  0.355247  0.917869  -0.176961  -0.890390  0.389901  0.234910  0.284614  0.074113  0.955773  -0.108760  -0.023231  -0.017540  -2.528861  0.600639  -2.309608  1.000000  
139.345783 0.043982  0.001830  0.005489  0.357120  0.916469  -0.180415  -0.889229  0.392698  0.234648  0.285896  0.076633  0.955191  -0.109282  -0.023380  -0.017433  -2.541580  0.628077  -2.279086  1.000000  
139.347032 0.043841  0.001798  0.005470  0.358975  0.915114  -0.183582  -0.888027  0.395419  0.234631  0.287306  0.078799  0.954592  -0.109886  -0.023573  -0.017252  -2.542399  0.660558  -2.248916  1.000000  
139.348034 0.043728  0.001771  0.005454  0.360095  0.914140  -0.186223  -0.887116  0.397302  0.234897  0.288716  0.080616  0.954015  -0.110282  -0.023713  -0.017077  -2.551350  0.694285  -2.218675  1.000000  
139.349283 0.043587  0.001736  0.005437  0.361366  0.913021  -0.189230  -0.886055  0.399451  0.235255  0.290381  0.082655  0.953335  -0.110692  -0.023988  -0.016780  -2.544588  0.732372  -2.175711  1.000000  
139.350533 0.043447  0.001701  0.005419  0.362982  0.911743  -0.192272  -0.884805  0.401960  0.235688  0.292173  0.084573  0.952619  -0.111036  -0.024227  -0.016638  -2.537589  0.774424  -2.146241  1.000000  
139.351537 0.043335  0.001672  0.005406  0.364092  0.910857  -0.194361  -0.883882  0.403704  0.236168  0.293580  0.085805  0.952076  -0.111277  -0.024540  -0.016283  -2.520806  0.807365  -2.113171  1.000000  
139.352787 0.043194  0.001636  0.005390  0.365337  0.909820  -0.196866  -0.882772  0.405726  0.236856  0.295370  0.087256  0.951390  -0.111540  -0.024957  -0.015911  -2.488991  0.851158  -2.070146  1.000000  
139.354036 0.043054  0.001600  0.005377  0.366728  0.908706  -0.199410  -0.881507  0.407930  0.237777  0.297415  0.088581  0.950630  -0.112062  -0.025436  -0.015360  -2.445815  0.895150  -2.027597  1.000000  
139.355036 0.042941  0.001572  0.005369  0.367829  0.907848  -0.201282  -0.880573  0.409620  0.238333  0.298819  0.089578  0.950096  -0.111991  -0.025831  -0.014549  -2.413494  0.925844  -1.997270  1.000000  
139.356281 0.042801  0.001538  0.005362  0.369258  0.906781  -0.203463  -0.879409  0.411735  0.238984  0.300479  0.090681  0.949468  -0.112344  -0.026269  -0.013610  -2.363618  0.955969  -1.971305  1.000000  
139.357282 0.042688  0.001511  0.005359  0.370549  0.905856  -0.205229  -0.878429  0.413572  0.239418  0.301755  0.091563  0.948978  -0.112321  -0.026635  -0.012560  -2.325365  0.981721  -1.947890  1.000000  
