1-Time 2-Px 3-Py 4-Pz 5-R11 6-R21 7-R31 8-R12 9-R22 10-R32 11-R13 12-R23 13-R33 14-Vx 15-Vy 16-Vz 17-Wx 18-Wy 19-Wz 20-state
162.996343 0.032391  -0.000695  0.010444  0.509179  0.807202  0.298599  -0.823846  0.557511  -0.102272  -0.249027  -0.193925  0.948883  0.014975  0.007882  0.009525  0.000000  0.000000  0.000000  1.000000  
162.997537 0.032398  -0.000692  0.010452  0.509179  0.807202  0.298599  -0.823846  0.557511  -0.102272  -0.249027  -0.193925  0.948883  0.006724  0.003115  0.007211  0.000000  0.000000  0.000000  1.000000  
162.998540 0.032390  -0.000699  0.010449  0.509179  0.807238  0.298501  -0.823846  0.557499  -0.102340  -0.249027  -0.193810  0.948906  -0.000619  -0.001798  0.002210  0.000000  0.000000  0.000000  1.000000  
162.999545 0.032375  -0.000710  0.010443  0.509179  0.807238  0.298501  -0.823846  0.557499  -0.102340  -0.249027  -0.193810  0.948906  -0.005545  -0.004816  -0.000500  0.000000  0.000000  0.000000  1.000000  
163.000551 0.032365  -0.000715  0.010441  0.509179  0.807238  0.298501  -0.823846  0.557499  -0.102340  -0.249027  -0.193810  0.948906  -0.006560  -0.004888  -0.000883  0.000000  0.000000  0.000000  1.000000  
163.001802 0.032361  -0.000714  0.010446  0.509179  0.807238  0.298501  -0.823846  0.557499  -0.102340  -0.249027  -0.193810  0.948906  -0.005661  -0.003654  0.000295  0.000000  0.000000  0.000000  1.000000  
163.003047 0.032358  -0.000712  0.010455  0.509179  0.807274  0.298404  -0.823846  0.557486  -0.102408  -0.249027  -0.193695  0.948930  -0.005171  -0.002520  0.001638  0.000000  0.000000  0.000000  1.000000  
163.004050 0.032347  -0.000710  0.010459  0.509179  0.807274  0.298404  -0.823846  0.557486  -0.102408  -0.249027  -0.193695  0.948930  -0.005928  -0.001913  0.001888  0.000000  0.000000  0.000000  1.000000  
163.005291 0.032328  -0.000706  0.010463  0.509197  0.807288  0.298337  -0.823874  0.557464  -0.102300  -0.248897  -0.193701  0.948963  -0.007262  -0.001246  0.002069  0.000000  0.000000  0.000000  1.000000  
163.006294 0.032314  -0.000703  0.010465  0.509197  0.807288  0.298337  -0.823874  0.557464  -0.102300  -0.248897  -0.193701  0.948963  -0.007899  -0.000776  0.002079  0.000000  0.000000  0.000000  1.000000  
163.007541 0.032301  -0.000701  0.010469  0.509214  0.807301  0.298270  -0.823902  0.557442  -0.102192  -0.248768  -0.193708  0.948995  -0.008167  -0.000522  0.002229  0.000000  0.000000  0.000000  1.000000  
163.008785 0.032289  -0.000700  0.010472  0.509232  0.807351  0.298105  -0.823931  0.557408  -0.102151  -0.248638  -0.193600  0.949051  -0.008340  -0.000363  0.002218  0.000000  0.000000  0.000000  1.000000  
163.009785 0.032276  -0.000697  0.010473  0.509249  0.807401  0.297941  -0.823959  0.557373  -0.102111  -0.248508  -0.193491  0.949107  -0.008726  -0.000160  0.002185  0.000000  0.000000  0.000000  1.000000  
163.011034 0.032251  -0.000698  0.010472  0.509267  0.807415  0.297874  -0.823987  0.557351  -0.102003  -0.248379  -0.193498  0.949140  -0.009685  -0.000173  0.001888  0.000000  0.000000  0.000000  1.000000  
163.012036 0.032226  -0.000704  0.010468  0.509267  0.807451  0.297776  -0.823987  0.557339  -0.102070  -0.248379  -0.193383  0.949163  -0.011342  -0.000696  0.001275  0.000000  0.000000  0.000000  1.000000  
163.013284 0.032192  -0.000717  0.010462  0.509454  0.807422  0.297534  -0.823911  0.557458  -0.102036  -0.248249  -0.193159  0.949243  -0.013375  -0.001373  0.000806  0.000000  0.000000  0.000000  1.000000  
163.014284 0.032168  -0.000727  0.010458  0.509641  0.807357  0.297391  -0.823834  0.557590  -0.101935  -0.248120  -0.193050  0.949299  -0.014044  -0.001357  0.000856  0.000000  0.000000  0.000000  1.000000  
163.015284 0.032145  -0.000734  0.010456  0.509641  0.807393  0.297293  -0.823834  0.557578  -0.102002  -0.248120  -0.192935  0.949322  -0.014813  -0.001331  0.000983  0.000000  0.000000  0.000000  1.000000  
163.016534 0.032117  -0.000737  0.010455  0.509828  0.807328  0.297149  -0.823757  0.557710  -0.101901  -0.247990  -0.192827  0.949378  -0.016364  -0.001451  0.000722  0.000000  0.000000  0.000000  1.000000  
163.017553 0.032095  -0.000736  0.010456  0.509998  0.807249  0.297072  -0.823652  0.557864  -0.101907  -0.247990  -0.192712  0.949401  -0.017933  -0.001648  0.000178  0.000000  0.000000  0.000000  1.000000  
163.018788 0.032067  -0.000736  0.010454  0.510337  0.807019  0.297114  -0.823442  0.558196  -0.101785  -0.247990  -0.192712  0.949401  -0.019008  -0.001784  -0.000309  0.000000  0.000000  0.000000  1.000000  
163.020040 0.032041  -0.000737  0.010446  0.510693  0.806839  0.296991  -0.823260  0.558494  -0.101622  -0.247860  -0.192603  0.949457  -0.019454  -0.002061  -0.001097  0.000000  0.000000  0.000000  1.000000  
163.021287 0.032018  -0.000739  0.010436  0.511050  0.806622  0.296966  -0.823078  0.558804  -0.101392  -0.247731  -0.192610  0.949490  -0.019747  -0.002425  -0.001914  0.000000  0.000000  0.000000  1.000000  
163.022289 0.032000  -0.000743  0.010427  0.511406  0.806406  0.296940  -0.822896  0.559114  -0.101162  -0.247601  -0.192616  0.949522  -0.020452  -0.002825  -0.002838  0.000000  0.000000  0.000000  1.000000  
163.023535 0.031975  -0.000747  0.010417  0.511575  0.806327  0.296863  -0.822790  0.559268  -0.101169  -0.247601  -0.192501  0.949546  -0.021155  -0.003183  -0.003646  0.000000  0.000000  0.000000  1.000000  
163.024536 0.031953  -0.000751  0.010411  0.511932  0.806110  0.296838  -0.822608  0.559578  -0.100938  -0.247471  -0.192508  0.949578  -0.021857  -0.003668  -0.004241  0.000000  0.000000  0.000000  1.000000  
163.025537 0.031928  -0.000757  0.010404  0.512270  0.805879  0.296879  -0.822397  0.559910  -0.100816  -0.247471  -0.192508  0.949578  -0.022276  -0.004095  -0.004585  0.000000  0.000000  0.000000  1.000000  
163.026789 0.031896  -0.000767  0.010397  0.512626  0.805698  0.296756  -0.822214  0.560208  -0.100654  -0.247342  -0.192399  0.949634  -0.022332  -0.004313  -0.004804  0.000000  0.000000  0.000000  1.000000  
163.028038 0.031864  -0.000778  0.010391  0.513169  0.805416  0.296586  -0.821953  0.560649  -0.100323  -0.247083  -0.192297  0.949722  -0.022255  -0.004113  -0.004800  0.000000  0.000000  0.000000  1.000000  
163.029285 0.031834  -0.000784  0.010386  0.513694  0.805155  0.296385  -0.821664  0.561101  -0.100168  -0.246953  -0.192073  0.949801  -0.022202  -0.003630  -0.004800  0.000000  0.000000  0.000000  1.000000  
163.030286 0.031808  -0.000786  0.010383  0.514050  0.804973  0.296261  -0.821481  0.561398  -0.100007  -0.246823  -0.191964  0.949857  -0.022412  -0.003443  -0.004920  -0.022812  0.110105  -0.160904  1.000000  
163.031286 0.031781  -0.000786  0.010378  0.514388  0.804778  0.296205  -0.821269  0.561717  -0.099953  -0.246823  -0.191849  0.949880  -0.022734  -0.003367  -0.005237  -0.023452  0.112740  -0.173944  1.000000  
163.032538 0.031749  -0.000785  0.010371  0.514744  0.804596  0.296081  -0.821085  0.562015  -0.099791  -0.246694  -0.191740  0.949936  -0.023056  -0.003249  -0.005673  -0.020057  0.119715  -0.186074  1.000000  
163.033547 0.031726  -0.000783  0.010362  0.515082  0.804401  0.296024  -0.820873  0.562334  -0.099738  -0.246694  -0.191625  0.949959  -0.023058  -0.003162  -0.006209  -0.020857  0.123287  -0.200643  1.000000  
163.034792 0.031698  -0.000779  0.010350  0.515437  0.804183  0.295998  -0.820689  0.562643  -0.099508  -0.246564  -0.191632  0.949991  -0.023247  -0.002884  -0.006550  -0.017308  0.129344  -0.211230  1.000000  
163.035793 0.031672  -0.000778  0.010340  0.515793  0.803964  0.295971  -0.820505  0.562953  -0.099279  -0.246434  -0.191638  0.950024  -0.023710  -0.002665  -0.006707  -0.014053  0.133069  -0.226106  1.000000  
163.037040 0.031636  -0.000780  0.010326  0.516166  0.803760  0.295876  -0.820348  0.563240  -0.098942  -0.246175  -0.191651  0.950088  -0.024658  -0.002554  -0.006835  -0.010575  0.143394  -0.235563  1.000000  
163.038041 0.031604  -0.000785  0.010318  0.516539  0.803555  0.295782  -0.820191  0.563528  -0.098605  -0.245916  -0.191664  0.950153  -0.025492  -0.002657  -0.006843  -0.003187  0.150385  -0.247712  1.000000  
163.039047 0.031573  -0.000789  0.010312  0.516742  0.803431  0.295764  -0.820140  0.563662  -0.098260  -0.245656  -0.191793  0.950194  -0.026105  -0.002679  -0.006808  0.006594  0.157300  -0.255334  1.000000  
163.040047 0.031542  -0.000793  0.010305  0.516946  0.803342  0.295649  -0.820090  0.563784  -0.097984  -0.245397  -0.191806  0.950258  -0.026647  -0.002596  -0.006835  0.008245  0.163035  -0.261013  1.000000  
163.041289 0.031500  -0.000799  0.010295  0.517150  0.803217  0.295630  -0.820039  0.563918  -0.097640  -0.245137  -0.191934  0.950299  -0.027253  -0.002275  -0.007090  0.018050  0.168823  -0.266779  1.000000  
163.042534 0.031454  -0.000808  0.010280  0.517354  0.803129  0.295515  -0.819988  0.564040  -0.097364  -0.244878  -0.191947  0.950364  -0.028180  -0.002261  -0.007548  0.022071  0.173249  -0.265958  1.000000  
163.043787 0.031411  -0.000815  0.010264  0.517406  0.803170  0.295311  -0.820071  0.563974  -0.097041  -0.244489  -0.191966  0.950460  -0.029142  -0.002148  -0.008408  0.028440  0.180688  -0.257616  1.000000  
163.045034 0.031371  -0.000817  0.010247  0.517610  0.803081  0.295195  -0.820019  0.564096  -0.096765  -0.244229  -0.191979  0.950524  -0.029647  -0.002107  -0.009149  0.034184  0.190835  -0.262444  1.000000  
163.046284 0.031333  -0.000814  0.010230  0.517831  0.803006  0.295012  -0.819996  0.564196  -0.096382  -0.243840  -0.191999  0.950620  -0.029907  -0.001829  -0.009835  0.037864  0.197977  -0.258519  1.000000  
163.047284 0.031303  -0.000809  0.010217  0.517866  0.803034  0.294876  -0.820051  0.564153  -0.096167  -0.243580  -0.192012  0.950684  -0.030152  -0.001561  -0.010412  0.040205  0.205506  -0.250397  1.000000  
163.048534 0.031264  -0.000806  0.010199  0.518070  0.802945  0.294760  -0.819999  0.564275  -0.095891  -0.243321  -0.192024  0.950748  -0.030820  -0.001585  -0.010906  0.038462  0.212834  -0.241998  1.000000  
163.049784 0.031225  -0.000808  0.010181  0.518122  0.802950  0.294653  -0.820082  0.564221  -0.095500  -0.242932  -0.192159  0.950820  -0.031545  -0.001905  -0.011227  0.043104  0.218930  -0.227192  1.000000  
163.050800 0.031193  -0.000812  0.010168  0.518174  0.802992  0.294449  -0.820164  0.564156  -0.095177  -0.242542  -0.192178  0.950916  -0.031994  -0.002305  -0.011371  0.039980  0.226804  -0.214067  1.000000  
163.052039 0.031151  -0.000821  0.010154  0.518412  0.802895  0.294294  -0.820167  0.564246  -0.094618  -0.242023  -0.192319  0.951020  -0.032343  -0.002736  -0.011518  0.042295  0.238815  -0.204916  1.000000  
163.053067 0.031116  -0.000830  0.010141  0.518650  0.802798  0.294139  -0.820170  0.564336  -0.094059  -0.241504  -0.192460  0.951123  -0.032499  -0.002941  -0.011891  0.050330  0.256176  -0.201147  1.000000  
163.054288 0.031074  -0.000838  0.010122  0.518736  0.802831  0.293897  -0.820306  0.564238  -0.093453  -0.240854  -0.192608  0.951258  -0.032770  -0.003177  -0.012631  0.052236  0.270514  -0.189643  1.000000  
163.055536 0.031033  -0.000846  0.010101  0.519008  0.802726  0.293702  -0.820362  0.564295  -0.092610  -0.240075  -0.192877  0.951400  -0.032844  -0.003384  -0.013362  0.056881  0.294123  -0.171270  1.000000  
163.056785 0.030994  -0.000857  0.010076  0.519263  0.802643  0.293478  -0.820391  0.564363  -0.091943  -0.239426  -0.193024  0.951534  -0.032480  -0.003544  -0.014276  0.063213  0.310322  -0.161241  1.000000  
163.057789 0.030964  -0.000865  0.010055  0.519517  0.802561  0.293254  -0.820419  0.564430  -0.091276  -0.238776  -0.193171  0.951667  -0.032020  -0.003627  -0.014768  0.068421  0.323432  -0.146753  1.000000  
163.059036 0.030925  -0.000874  0.010028  0.519958  0.802376  0.292980  -0.820367  0.564640  -0.090442  -0.237996  -0.193325  0.951831  -0.031778  -0.003869  -0.015520  0.078878  0.344140  -0.135753  1.000000  
163.060038 0.030897  -0.000876  0.010007  0.520212  0.802293  0.292755  -0.820394  0.564707  -0.089775  -0.237347  -0.193472  0.951964  -0.031594  -0.004040  -0.016051  0.085271  0.360419  -0.125612  1.000000  
163.061287 0.030862  -0.000878  0.009982  0.520482  0.802225  0.292461  -0.820448  0.564752  -0.089001  -0.236567  -0.193626  0.952127  -0.031432  -0.004399  -0.016613  0.091683  0.385572  -0.113702  1.000000  
163.062536 0.030827  -0.000881  0.009958  0.520939  0.802054  0.292117  -0.820420  0.564940  -0.088059  -0.235656  -0.193785  0.952320  -0.031273  -0.004954  -0.017094  0.098911  0.408615  -0.107470  1.000000  
163.063539 0.030797  -0.000887  0.009940  0.521378  0.801869  0.291840  -0.820365  0.565149  -0.087225  -0.234876  -0.193938  0.952482  -0.031183  -0.005486  -0.017323  0.106944  0.434932  -0.102192  1.000000  
163.064786 0.030756  -0.000897  0.009914  0.521833  0.801699  0.291494  -0.820335  0.565336  -0.086283  -0.233966  -0.194098  0.952673  -0.031220  -0.006001  -0.017868  0.110880  0.461139  -0.096864  1.000000  
163.065788 0.030723  -0.000907  0.009894  0.522120  0.801645  0.291130  -0.820412  0.565358  -0.085402  -0.233055  -0.194257  0.952864  -0.031348  -0.006349  -0.018284  0.113174  0.486037  -0.085007  1.000000  
163.067051 0.030680  -0.000922  0.009867  0.522641  0.801530  0.290509  -0.820486  0.565457  -0.084030  -0.231624  -0.194441  0.953175  -0.031304  -0.006656  -0.019132  0.116303  0.523720  -0.071945  1.000000  
163.068292 0.030638  -0.000935  0.009841  0.523281  0.801222  0.290207  -0.820371  0.565797  -0.082854  -0.230582  -0.194722  0.953371  -0.031325  -0.006944  -0.019852  0.123624  0.553148  -0.079721  1.000000  
163.069295 0.030604  -0.000945  0.009819  0.523751  0.801066  0.289789  -0.820363  0.565961  -0.081805  -0.229540  -0.194887  0.953588  -0.031291  -0.007176  -0.020307  0.127548  0.579482  -0.074331  1.000000  
163.070543 0.030562  -0.000955  0.009793  0.524237  0.800890  0.289398  -0.820380  0.566113  -0.080581  -0.228368  -0.195173  0.953811  -0.031380  -0.007221  -0.020522  0.133140  0.611758  -0.074584  1.000000  
163.071790 0.030520  -0.000963  0.009767  0.524739  0.800727  0.288938  -0.820421  0.566242  -0.079249  -0.227065  -0.195466  0.954062  -0.031691  -0.007161  -0.020692  0.144381  0.649612  -0.080542  1.000000  
163.072803 0.030485  -0.000970  0.009747  0.525208  0.800572  0.288517  -0.820409  0.566404  -0.078201  -0.226023  -0.195630  0.954276  -0.031828  -0.006985  -0.020555  0.149879  0.677097  -0.081709  1.000000  
163.074036 0.030442  -0.000978  0.009722  0.525692  0.800396  0.288123  -0.820421  0.566554  -0.076977  -0.224850  -0.195916  0.954494  -0.032253  -0.007017  -0.020424  0.159568  0.705279  -0.082922  1.000000  
163.075037 0.030407  -0.000983  0.009702  0.526159  0.800206  0.287797  -0.820407  0.566726  -0.075861  -0.223807  -0.196196  0.954682  -0.032641  -0.007118  -0.020340  0.170799  0.734372  -0.090663  1.000000  
163.076038 0.030372  -0.000988  0.009683  0.526457  0.800168  0.287358  -0.820499  0.566723  -0.074873  -0.222763  -0.196360  0.954892  -0.033215  -0.007454  -0.020240  0.174720  0.760835  -0.085269  1.000000  
163.077286 0.030327  -0.000994  0.009659  0.526972  0.799986  0.286921  -0.820558  0.566836  -0.073365  -0.221328  -0.196773  0.955141  -0.033753  -0.007589  -0.020296  0.189973  0.803253  -0.090284  1.000000  
163.078286 0.030290  -0.001000  0.009637  0.527284  0.799963  0.286411  -0.820673  0.566810  -0.072270  -0.220154  -0.196943  0.955377  -0.034323  -0.007716  -0.020532  0.193870  0.834131  -0.083986  1.000000  
163.079286 0.030253  -0.001007  0.009615  0.527765  0.799788  0.286012  -0.820678  0.566957  -0.071047  -0.218979  -0.197228  0.955588  -0.034758  -0.007648  -0.020683  0.199541  0.861562  -0.090130  1.000000  
163.080535 0.030204  -0.001019  0.009587  0.528124  0.799774  0.285391  -0.820864  0.566872  -0.069560  -0.217412  -0.197531  0.955884  -0.035201  -0.007643  -0.020860  0.208836  0.901785  -0.088540  1.000000  
163.081540 0.030165  -0.001030  0.009564  0.528434  0.799716  0.284976  -0.820975  0.566853  -0.068395  -0.216236  -0.197816  0.956091  -0.035541  -0.007575  -0.020920  0.212549  0.927528  -0.083014  1.000000  
163.082848 0.030117  -0.001043  0.009537  0.528790  0.799703  0.284353  -0.821157  0.566767  -0.066908  -0.214669  -0.198118  0.956382  -0.035781  -0.007481  -0.020916  0.217843  0.960714  -0.078115  1.000000  
163.084041 0.030071  -0.001053  0.009511  0.529145  0.799621  0.283923  -0.821337  0.566696  -0.065284  -0.213100  -0.198652  0.956622  -0.036174  -0.007332  -0.020869  0.231537  0.993831  -0.078245  1.000000  
163.085044 0.030035  -0.001059  0.009492  0.529468  0.799579  0.283437  -0.821467  0.566653  -0.064012  -0.211793  -0.198941  0.956852  -0.036232  -0.007194  -0.020786  0.231229  1.015755  -0.073535  1.000000  
163.086291 0.029991  -0.001066  0.009470  0.529836  0.799513  0.282936  -0.821666  0.566557  -0.062280  -0.210092  -0.199481  0.957115  -0.036407  -0.007071  -0.020427  0.243122  1.051020  -0.066058  1.000000  
163.087539 0.029947  -0.001074  0.009448  0.530218  0.799496  0.282267  -0.821886  0.566429  -0.060508  -0.208261  -0.199909  0.957426  -0.036463  -0.007024  -0.020177  0.248895  1.081883  -0.057256  1.000000  
163.088651 0.029913  -0.001080  0.009431  0.530538  0.799422  0.281876  -0.822010  0.566391  -0.059168  -0.206952  -0.200314  0.957625  -0.036162  -0.006887  -0.019858  0.257828  1.104268  -0.053696  1.000000  
163.089819 0.029870  -0.001087  0.009407  0.530901  0.799358  0.281372  -0.822202  0.566290  -0.057435  -0.205250  -0.200852  0.957878  -0.036334  -0.007006  -0.019936  0.268888  1.136843  -0.040629  1.000000  
163.091036 0.029826  -0.001094  0.009384  0.531278  0.799310  0.280798  -0.822414  0.566166  -0.055595  -0.203416  -0.201396  0.958155  -0.036384  -0.007043  -0.019939  0.278733  1.167968  -0.031942  1.000000  
163.092038 0.029791  -0.001100  0.009365  0.531595  0.799203  0.280501  -0.822533  0.566130  -0.054186  -0.202106  -0.201917  0.958323  -0.036398  -0.007209  -0.019940  0.291457  1.189546  -0.022571  1.000000  
163.093286 0.029747  -0.001111  0.009340  0.531983  0.799171  0.279856  -0.822762  0.565980  -0.052238  -0.200140  -0.202465  0.958620  -0.036254  -0.007388  -0.019812  0.301852  1.223669  -0.008378  1.000000  
163.094286 0.029711  -0.001121  0.009321  0.532157  0.799246  0.279311  -0.823031  0.565725  -0.050740  -0.198567  -0.202880  0.958859  -0.036146  -0.007598  -0.019587  0.308200  1.253076  0.004873  1.000000  
163.095537 0.029664  -0.001136  0.009297  0.532556  0.799231  0.278594  -0.823277  0.565549  -0.048684  -0.196468  -0.203433  0.959174  -0.035877  -0.007685  -0.019271  0.318517  1.282508  0.018190  1.000000  
163.096786 0.029619  -0.001149  0.009275  0.533122  0.799066  0.277982  -0.823408  0.565541  -0.046502  -0.194369  -0.204102  0.959460  -0.035635  -0.007688  -0.018903  0.334573  1.305274  0.023162  1.000000  
163.098036 0.029576  -0.001161  0.009254  0.533531  0.799034  0.277290  -0.823668  0.565342  -0.044270  -0.192137  -0.204775  0.959766  -0.035411  -0.007673  -0.018483  0.346007  1.336273  0.039032  1.000000  
163.099036 0.029542  -0.001169  0.009237  0.533895  0.798958  0.276806  -0.823858  0.565211  -0.042361  -0.190298  -0.205432  0.959992  -0.035239  -0.007758  -0.018326  0.356316  1.365278  0.052486  1.000000  
163.100038 0.029509  -0.001178  0.009219  0.534074  0.798985  0.276382  -0.824135  0.564935  -0.040617  -0.188590  -0.206084  0.960189  -0.035099  -0.007937  -0.018181  0.369343  1.384501  0.070637  1.000000  
163.101045 0.029475  -0.001189  0.009201  0.534435  0.798912  0.275896  -0.824320  0.564800  -0.038708  -0.186750  -0.206740  0.960408  -0.034961  -0.008293  -0.018223  0.382741  1.416116  0.082967  1.000000  
163.102289 0.029431  -0.001202  0.009177  0.534991  0.798720  0.275374  -0.824433  0.564784  -0.036458  -0.184647  -0.207523  0.960646  -0.034983  -0.008602  -0.018400  0.397436  1.441753  0.095806  1.000000  
163.103291 0.029395  -0.001213  0.009157  0.535348  0.798649  0.274886  -0.824612  0.564643  -0.034550  -0.182806  -0.208178  0.960856  -0.035367  -0.009093  -0.018715  0.409261  1.472107  0.102829  1.000000  
163.104540 0.029349  -0.001227  0.009133  0.535743  0.798558  0.274381  -0.824848  0.564438  -0.032181  -0.180569  -0.209082  0.961083  -0.035298  -0.009437  -0.018653  0.431905  1.501316  0.116599  1.000000  
163.105806 0.029302  -0.001241  0.009109  0.536331  0.798383  0.273740  -0.825010  0.564346  -0.029540  -0.178068  -0.209995  0.961350  -0.035478  -0.009989  -0.018631  0.451674  1.540090  0.125673  1.000000  
163.107038 0.029251  -0.001259  0.009086  0.536916  0.798210  0.273097  -0.825165  0.564250  -0.026899  -0.175566  -0.210908  0.961610  -0.035945  -0.010606  -0.018540  0.467831  1.576075  0.134081  1.000000  
163.108286 0.029198  -0.001279  0.009065  0.537340  0.798171  0.272376  -0.825446  0.563962  -0.024207  -0.172931  -0.211824  0.961886  -0.036579  -0.011193  -0.018328  0.490544  1.614291  0.149848  1.000000  
163.109536 0.029144  -0.001298  0.009044  0.537931  0.798018  0.271658  -0.825609  0.563834  -0.021459  -0.170294  -0.212740  0.962155  -0.037155  -0.011561  -0.018149  0.511871  1.650863  0.151533  1.000000  
163.110540 0.029102  -0.001314  0.009027  0.538323  0.797985  0.270978  -0.825840  0.563583  -0.019051  -0.167921  -0.213528  0.962397  -0.037491  -0.011897  -0.018016  0.527706  1.690032  0.160711  1.000000  
163.111786 0.029050  -0.001333  0.009005  0.538919  0.797819  0.270282  -0.826010  0.563425  -0.016127  -0.165150  -0.214564  0.962646  -0.037953  -0.012334  -0.018004  0.547750  1.729846  0.170292  1.000000  
163.113040 0.028999  -0.001350  0.008983  0.539510  0.797622  0.269680  -0.826173  0.563263  -0.013136  -0.162378  -0.215715  0.962860  -0.038478  -0.012695  -0.018042  0.573056  1.775054  0.174301  1.000000  
163.114286 0.028948  -0.001368  0.008960  0.540110  0.797477  0.268908  -0.826347  0.563070  -0.010106  -0.159473  -0.216754  0.963113  -0.039120  -0.013178  -0.018176  0.593651  1.814768  0.178645  1.000000  
163.115286 0.028907  -0.001383  0.008940  0.540488  0.797419  0.268318  -0.826555  0.562804  -0.007631  -0.157095  -0.217655  0.963300  -0.039600  -0.013465  -0.018327  0.610547  1.850540  0.180602  1.000000  
163.116286 0.028865  -0.001400  0.008920  0.541034  0.797215  0.267824  -0.826647  0.562699  -0.005033  -0.154716  -0.218673  0.963455  -0.040169  -0.013937  -0.018483  0.631592  1.882390  0.181807  1.000000  
163.117300 0.028823  -0.001417  0.008899  0.541577  0.797046  0.267231  -0.826733  0.562589  -0.002503  -0.152336  -0.219573  0.963629  -0.040632  -0.014331  -0.018502  0.653597  1.916049  0.181480  1.000000  
163.118540 0.028770  -0.001438  0.008874  0.542013  0.796994  0.266502  -0.827027  0.562162  0.000822  -0.149162  -0.220850  0.963834  -0.041118  -0.014895  -0.018500  0.678712  1.969087  0.195541  1.000000  
163.119542 0.028728  -0.001456  0.008854  0.542559  0.796780  0.266027  -0.827118  0.562017  0.003595  -0.146648  -0.221986  0.963959  -0.041489  -0.015387  -0.018528  0.701447  1.998699  0.197299  1.000000  
163.120542 0.028684  -0.001475  0.008836  0.543103  0.796601  0.265454  -0.827203  0.561868  0.006298  -0.144133  -0.223005  0.964103  -0.041897  -0.015862  -0.018503  0.723901  2.041958  0.199372  1.000000  
163.121789 0.028630  -0.001498  0.008813  0.543684  0.796394  0.264884  -0.827346  0.561610  0.009637  -0.141087  -0.224391  0.964232  -0.042140  -0.016186  -0.018557  0.749060  2.087501  0.204360  1.000000  
163.122808 0.028586  -0.001517  0.008793  0.544050  0.796304  0.264405  -0.827531  0.561284  0.012353  -0.138569  -0.225524  0.964333  -0.042198  -0.016426  -0.018650  0.773565  2.117962  0.205809  1.000000  
163.124037 0.028533  -0.001540  0.008768  0.544813  0.795989  0.263782  -0.827578  0.561122  0.016028  -0.135256  -0.227032  0.964449  -0.042216  -0.016677  -0.019020  0.808364  2.166266  0.204394  1.000000  
163.125286 0.028481  -0.001563  0.008741  0.545409  0.795810  0.263088  -0.827741  0.560762  0.019755  -0.131808  -0.228543  0.964570  -0.042079  -0.016882  -0.019367  0.841389  2.211639  0.209573  1.000000  
163.126536 0.028432  -0.001585  0.008714  0.545990  0.795587  0.262558  -0.827880  0.560415  0.023441  -0.128492  -0.230165  0.964632  -0.041895  -0.017033  -0.019696  0.871132  2.246694  0.215138  1.000000  
163.127539 0.028393  -0.001602  0.008694  0.546536  0.795412  0.261948  -0.827967  0.560145  0.026599  -0.125572  -0.231422  0.964715  -0.041804  -0.017293  -0.019906  0.897983  2.291439  0.224824  1.000000  
163.128786 0.028345  -0.001622  0.008669  0.547115  0.795215  0.261341  -0.828102  0.559754  0.030390  -0.122120  -0.233044  0.964768  -0.041571  -0.017442  -0.020030  0.926841  2.328075  0.228681  1.000000  
163.130035 0.028298  -0.001643  0.008644  0.547687  0.795021  0.260731  -0.828226  0.559352  0.034180  -0.118667  -0.234664  0.964806  -0.041264  -0.017642  -0.020038  0.952851  2.368176  0.228907  1.000000  
163.131285 0.028253  -0.001664  0.008621  0.548431  0.794735  0.260039  -0.828239  0.559076  0.038129  -0.115079  -0.236286  0.964845  -0.040812  -0.017647  -0.019920  0.981756  2.414144  0.235004  1.000000  
163.132538 0.028207  -0.001686  0.008598  0.548998  0.794568  0.259350  -0.828354  0.558626  0.042023  -0.111490  -0.237905  0.964869  -0.040445  -0.017757  -0.019756  1.010406  2.463856  0.242154  1.000000  
163.133538 0.028169  -0.001704  0.008580  0.549518  0.794380  0.258823  -0.828398  0.558310  0.045242  -0.108564  -0.239270  0.964865  -0.040079  -0.017766  -0.019613  1.029999  2.493603  0.244835  1.000000  
163.134544 0.028132  -0.001723  0.008561  0.550049  0.794201  0.258247  -0.828458  0.557926  0.048742  -0.105371  -0.240757  0.964849  -0.039663  -0.017759  -0.019589  1.061943  2.544382  0.256607  1.000000  
163.135803 0.028087  -0.001744  0.008537  0.550613  0.794083  0.257406  -0.828566  0.557392  0.052846  -0.101512  -0.242376  0.964857  -0.038956  -0.017579  -0.019605  1.081696  2.586073  0.264976  1.000000  
163.137042 0.028043  -0.001765  0.008513  0.551324  0.793758  0.256887  -0.828525  0.557051  0.056921  -0.097917  -0.244220  0.964764  -0.038281  -0.017483  -0.019664  1.118739  2.625641  0.268055  1.000000  
163.138290 0.027999  -0.001785  0.008488  0.552028  0.793438  0.256363  -0.828474  0.556697  0.060994  -0.094321  -0.246060  0.964654  -0.037597  -0.017246  -0.019665  1.152141  2.659240  0.265358  1.000000  
163.139562 0.027956  -0.001804  0.008462  0.552738  0.793129  0.255787  -0.828431  0.556266  0.065346  -0.090458  -0.248021  0.964522  -0.036908  -0.016914  -0.019576  1.183523  2.693423  0.270560  1.000000  
163.140786 0.027913  -0.001823  0.008438  0.553441  0.792826  0.255207  -0.828375  0.555822  0.069695  -0.086593  -0.249979  0.964371  -0.036501  -0.016724  -0.019526  1.215021  2.727049  0.277907  1.000000  
163.141787 0.027880  -0.001837  0.008420  0.553921  0.792574  0.254946  -0.828355  0.555413  0.073104  -0.083660  -0.251680  0.964188  -0.036063  -0.016549  -0.019240  1.249276  2.755179  0.278117  1.000000  
163.143036 0.027839  -0.001856  0.008398  0.554609  0.792252  0.254453  -0.828276  0.554932  0.077515  -0.079793  -0.253748  0.963974  -0.035626  -0.016404  -0.019037  1.279209  2.786093  0.285742  1.000000  
163.144042 0.027806  -0.001871  0.008381  0.555084  0.792058  0.254019  -0.828248  0.554482  0.080959  -0.076725  -0.255329  0.963805  -0.035272  -0.016300  -0.018869  1.308736  2.812601  0.292558  1.000000  
163.145287 0.027764  -0.001890  0.008361  0.555773  0.791773  0.253398  -0.828170  0.553878  0.085752  -0.072455  -0.257515  0.963554  -0.034984  -0.016228  -0.018614  1.344896  2.853405  0.300046  1.000000  
163.146287 0.027730  -0.001907  0.008344  0.556412  0.791464  0.252964  -0.828016  0.553529  0.089417  -0.069252  -0.259211  0.963335  -0.034808  -0.016172  -0.018465  1.369725  2.882442  0.296864  1.000000  
163.147536 0.027687  -0.001928  0.008323  0.557079  0.791173  0.252405  -0.827903  0.552922  0.094096  -0.065114  -0.261386  0.963036  -0.034640  -0.016127  -0.018363  1.403207  2.918133  0.306232  1.000000  
163.148536 0.027653  -0.001945  0.008305  0.557704  0.790874  0.251962  -0.827728  0.552549  0.097756  -0.061909  -0.263075  0.962787  -0.034437  -0.016042  -0.018298  1.427053  2.941345  0.302042  1.000000  
163.149786 0.027611  -0.001965  0.008283  0.558349  0.790576  0.251467  -0.827583  0.551940  0.102320  -0.057902  -0.265240  0.962442  -0.034179  -0.015884  -0.018235  1.454403  2.968292  0.306980  1.000000  
163.150792 0.027577  -0.001980  0.008266  0.558962  0.790226  0.251208  -0.827388  0.551517  0.106108  -0.054696  -0.267156  0.962100  -0.034025  -0.015771  -0.018072  1.486183  2.998553  0.308734  1.000000  
163.152047 0.027535  -0.001999  0.008246  0.559761  0.789797  0.250776  -0.827102  0.551025  0.110783  -0.050688  -0.269430  0.961685  -0.033845  -0.015606  -0.017788  1.521472  3.025054  0.313797  1.000000  
163.153294 0.027493  -0.002017  0.008225  0.560726  0.789251  0.250338  -0.826692  0.550634  0.115679  -0.046545  -0.271817  0.961223  -0.033661  -0.015466  -0.017442  1.554478  3.060506  0.307416  1.000000  
163.154541 0.027451  -0.002036  0.008205  0.561510  0.788858  0.249821  -0.826383  0.550075  0.120451  -0.042401  -0.274082  0.960771  -0.033698  -0.015460  -0.017175  1.582419  3.089527  0.306472  1.000000  
163.155551 0.027418  -0.002051  0.008189  0.562270  0.788458  0.249371  -0.826037  0.549696  0.124487  -0.038926  -0.275985  0.960373  -0.033537  -0.015392  -0.016825  1.605944  3.113251  0.303471  1.000000  
163.156790 0.027375  -0.002070  0.008170  0.563201  0.787894  0.249055  -0.825577  0.549311  0.129155  -0.035048  -0.278354  0.959839  -0.033663  -0.015486  -0.016589  1.634898  3.132168  0.293107  1.000000  
163.158036 0.027333  -0.002091  0.008150  0.564125  0.787297  0.248849  -0.825106  0.548843  0.134057  -0.031036  -0.280952  0.959220  -0.033734  -0.015641  -0.016577  1.670154  3.146478  0.286007  1.000000  
163.159287 0.027290  -0.002113  0.008128  0.565042  0.786760  0.248467  -0.824624  0.548340  0.138993  -0.026890  -0.283428  0.958616  -0.033823  -0.015864  -0.016643  1.703417  3.181153  0.276452  1.000000  
163.160291 0.027255  -0.002132  0.008110  0.565769  0.786305  0.248255  -0.824228  0.547895  0.143038  -0.023546  -0.285545  0.958076  -0.033907  -0.016028  -0.016744  1.735003  3.201245  0.273063  1.000000  
163.161537 0.027211  -0.002156  0.008088  0.566840  0.785684  0.247777  -0.823606  0.547433  0.148290  -0.019132  -0.288127  0.957401  -0.033986  -0.016229  -0.016802  1.770944  3.228336  0.265673  1.000000  
163.162538 0.027176  -0.002175  0.008069  0.567720  0.785129  0.247521  -0.823070  0.547117  0.152376  -0.015788  -0.290234  0.956825  -0.034043  -0.016423  -0.016850  1.799137  3.247888  0.248133  1.000000  
163.163785 0.027132  -0.002199  0.008047  0.568769  0.784450  0.247264  -0.822415  0.546659  0.157472  -0.011640  -0.292919  0.956066  -0.034185  -0.016695  -0.016908  1.833228  3.268487  0.237030  1.000000  
163.164786 0.027097  -0.002217  0.008030  0.569635  0.783931  0.246919  -0.821857  0.546277  0.161653  -0.008162  -0.295016  0.955458  -0.034279  -0.016846  -0.016912  1.855874  3.281155  0.225363  1.000000  
163.165788 0.027061  -0.002235  0.008013  0.570662  0.783275  0.246629  -0.821172  0.546021  0.165946  -0.004683  -0.297224  0.954796  -0.034435  -0.017032  -0.016890  1.892191  3.302300  0.208304  1.000000  
163.167051 0.027016  -0.002258  0.007992  0.571851  0.782508  0.246308  -0.820357  0.545663  0.171073  -0.000535  -0.299889  0.953974  -0.034593  -0.017350  -0.016960  1.925013  3.324000  0.195611  1.000000  
163.168291 0.026972  -0.002282  0.007971  0.573029  0.781767  0.245925  -0.819526  0.545193  0.176468  0.003880  -0.302663  0.953090  -0.034784  -0.017659  -0.016914  1.960330  3.359071  0.177522  1.000000  
163.169297 0.026936  -0.002300  0.007954  0.574030  0.781086  0.245751  -0.818803  0.544948  0.180534  0.007091  -0.304853  0.952373  -0.034920  -0.017934  -0.017007  1.984743  3.371349  0.165374  1.000000  
163.170540 0.026891  -0.002325  0.007932  0.575357  0.780180  0.245526  -0.817827  0.544695  0.185651  0.011105  -0.307613  0.951447  -0.035183  -0.018281  -0.017165  2.014226  3.382680  0.141359  1.000000  
163.171786 0.026845  -0.002349  0.007911  0.576505  0.779425  0.245231  -0.816954  0.544280  0.190645  0.015119  -0.310250  0.950535  -0.035373  -0.018597  -0.017318  2.032565  3.398814  0.124755  1.000000  
163.172788 0.026807  -0.002369  0.007892  0.577481  0.778760  0.245049  -0.816195  0.543924  0.194863  0.018463  -0.312538  0.949726  -0.035671  -0.018890  -0.017481  2.059219  3.415334  0.108373  1.000000  
163.174034 0.026760  -0.002396  0.007869  0.578606  0.778011  0.244775  -0.815290  0.543350  0.200180  0.022744  -0.315388  0.948690  -0.035908  -0.019185  -0.017562  2.088917  3.436022  0.093798  1.000000  
163.175286 0.026713  -0.002423  0.007847  0.579886  0.777131  0.244541  -0.814250  0.542885  0.205605  0.027024  -0.318345  0.947590  -0.036127  -0.019437  -0.017539  2.117705  3.444899  0.069983  1.000000  
163.176535 0.026664  -0.002451  0.007824  0.581158  0.776211  0.244440  -0.813199  0.542463  0.210813  0.031036  -0.321294  0.946471  -0.036476  -0.019682  -0.017569  2.152241  3.451642  0.044734  1.000000  
163.177535 0.026625  -0.002473  0.007808  0.582099  0.775488  0.244500  -0.812391  0.541949  0.215201  0.034379  -0.323898  0.945467  -0.036788  -0.019904  -0.017414  2.180361  3.460618  0.034261  1.000000  
163.178785 0.026576  -0.002500  0.007786  0.583347  0.774582  0.244394  -0.811309  0.541416  0.220562  0.038524  -0.326943  0.944258  -0.037107  -0.020108  -0.017363  2.219017  3.472133  0.010213  1.000000  
163.180036 0.026527  -0.002527  0.007765  0.584588  0.773661  0.244348  -0.810215  0.540890  0.225810  0.042535  -0.329980  0.943029  -0.037407  -0.020401  -0.017341  2.248651  3.486039  -0.005232  1.000000  
163.181286 0.026477  -0.002555  0.007743  0.585813  0.772776  0.244214  -0.809101  0.540301  0.231151  0.046679  -0.333005  0.941769  -0.037721  -0.020691  -0.017423  2.271076  3.497846  -0.019557  1.000000  
163.182288 0.026437  -0.002577  0.007726  0.586887  0.771976  0.244165  -0.808131  0.539922  0.235391  0.049886  -0.335465  0.940731  -0.038074  -0.020944  -0.017449  2.295460  3.501368  -0.039253  1.000000  
163.183536 0.026387  -0.002604  0.007702  0.588095  0.771054  0.244173  -0.806995  0.539291  0.240677  0.053895  -0.338587  0.939390  -0.038433  -0.021130  -0.017625  2.322359  3.506374  -0.048656  1.000000  
163.184537 0.026345  -0.002626  0.007685  0.589147  0.770296  0.244029  -0.805996  0.538835  0.245004  0.057235  -0.341030  0.938309  -0.038853  -0.021384  -0.017634  2.346820  3.515144  -0.066907  1.000000  
163.185537 0.026303  -0.002648  0.007668  0.590035  0.769572  0.244167  -0.805122  0.538247  0.249137  0.060307  -0.343584  0.937184  -0.039206  -0.021564  -0.017639  2.372012  3.508022  -0.075795  1.000000  
163.186538 0.026261  -0.002671  0.007651  0.591082  0.768802  0.244059  -0.804117  0.537860  0.253183  0.063378  -0.345904  0.936127  -0.039544  -0.021821  -0.017562  2.387206  3.508789  -0.088813  1.000000  
163.187787 0.026208  -0.002699  0.007630  0.592261  0.767830  0.244262  -0.802946  0.537178  0.258298  0.067116  -0.349109  0.934675  -0.039948  -0.022010  -0.017433  2.414613  3.511231  -0.099059  1.000000  
163.189035 0.026154  -0.002728  0.007611  0.593594  0.766757  0.244398  -0.801640  0.536625  0.263453  0.070854  -0.352303  0.933200  -0.040490  -0.022228  -0.017178  2.441607  3.507552  -0.118617  1.000000  
163.190037 0.026111  -0.002752  0.007596  0.594451  0.766060  0.244499  -0.800727  0.535957  0.267556  0.073923  -0.354826  0.932005  -0.040827  -0.022279  -0.017015  2.457908  3.504310  -0.125693  1.000000  
163.191288 0.026056  -0.002781  0.007577  0.595757  0.765003  0.244628  -0.799388  0.535282  0.272858  0.077792  -0.358110  0.930433  -0.041220  -0.022411  -0.016746  2.480234  3.498236  -0.138102  1.000000  
163.192536 0.026002  -0.002810  0.007558  0.597052  0.763957  0.244741  -0.798035  0.534578  0.278148  0.081660  -0.361381  0.928836  -0.041553  -0.022482  -0.016642  2.506810  3.492801  -0.150756  1.000000  
163.193786 0.025948  -0.002839  0.007538  0.598349  0.762833  0.245081  -0.796687  0.533887  0.283293  0.085260  -0.364761  0.927190  -0.041856  -0.022581  -0.016482  2.533687  3.480016  -0.168595  1.000000  
163.194786 0.025904  -0.002862  0.007522  0.599350  0.761968  0.245324  -0.795629  0.533333  0.287280  0.088059  -0.367368  0.925897  -0.042230  -0.022702  -0.016465  2.553667  3.461350  -0.173569  1.000000  
163.196038 0.025850  -0.002891  0.007502  0.600634  0.760831  0.245712  -0.794268  0.532630  0.292308  0.091524  -0.370731  0.924220  -0.042559  -0.022769  -0.016358  2.580776  3.441333  -0.184125  1.000000  
163.197286 0.025793  -0.002921  0.007480  0.601746  0.759842  0.246053  -0.793019  0.531777  0.297210  0.094987  -0.373970  0.922564  -0.042930  -0.022958  -0.016383  2.600138  3.426821  -0.190255  1.000000  
163.198536 0.025737  -0.002950  0.007460  0.603010  0.758722  0.246412  -0.791635  0.531016  0.302217  0.098450  -0.377309  0.920840  -0.043304  -0.023105  -0.016172  2.625396  3.402487  -0.194261  1.000000  
163.199536 0.025691  -0.002974  0.007443  0.603980  0.757855  0.246705  -0.790543  0.530341  0.306237  0.101246  -0.379992  0.919432  -0.043552  -0.023191  -0.016148  2.641314  3.392886  -0.195822  1.000000  
163.200543 0.025646  -0.002998  0.007426  0.605106  0.756885  0.246925  -0.789318  0.529802  0.310301  0.104041  -0.382668  0.918009  -0.043866  -0.023340  -0.016099  2.661699  3.389275  -0.205940  1.000000  
163.201788 0.025588  -0.003028  0.007406  0.606351  0.755758  0.247321  -0.787915  0.529008  0.315183  0.107367  -0.385980  0.916238  -0.044194  -0.023432  -0.016052  2.688525  3.365522  -0.218523  1.000000  
163.202791 0.025543  -0.003052  0.007389  0.607309  0.754818  0.247842  -0.786810  0.528237  0.319211  0.110027  -0.388864  0.914701  -0.044363  -0.023505  -0.016046  2.716407  3.351380  -0.221678  1.000000  
163.204041 0.025484  -0.003083  0.007369  0.608717  0.753474  0.248478  -0.785287  0.527551  0.324059  0.113085  -0.392387  0.912822  -0.044750  -0.023677  -0.016151  2.739070  3.315215  -0.238285  1.000000  
163.205319 0.025427  -0.003113  0.007347  0.610116  0.752136  0.249098  -0.783754  0.526836  0.328898  0.116142  -0.395897  0.910921  -0.044753  -0.023650  -0.016340  2.757677  3.285745  -0.258024  1.000000  
163.206536 0.025369  -0.003144  0.007325  0.611515  0.750804  0.249685  -0.782223  0.526175  0.333567  0.119065  -0.399291  0.909060  -0.045088  -0.023810  -0.016568  2.775344  3.261861  -0.272118  1.000000  
163.207537 0.025325  -0.003167  0.007307  0.612774  0.749700  0.249915  -0.780848  0.525746  0.337442  0.121589  -0.401922  0.907566  -0.045176  -0.023837  -0.016779  2.782120  3.242231  -0.285199  1.000000  
163.208786 0.025268  -0.003196  0.007285  0.614146  0.748385  0.250489  -0.779288  0.524951  0.342253  0.124643  -0.405396  0.905604  -0.045397  -0.023827  -0.016971  2.799750  3.217377  -0.305514  1.000000  
163.209786 0.025222  -0.003220  0.007266  0.615411  0.747196  0.250934  -0.777924  0.524525  0.345988  0.126899  -0.408133  0.904060  -0.045508  -0.023864  -0.017058  2.811269  3.194463  -0.320371  1.000000  
163.210787 0.025176  -0.003244  0.007248  0.616500  0.746092  0.251546  -0.776668  0.523800  0.349887  0.129288  -0.411073  0.902388  -0.045687  -0.023942  -0.017188  2.829886  3.170815  -0.334861  1.000000  
163.212037 0.025117  -0.003274  0.007226  0.618176  0.744547  0.252007  -0.774841  0.523280  0.354681  0.132206  -0.414521  0.900386  -0.045835  -0.023913  -0.017238  2.847666  3.146763  -0.355667  1.000000  
163.213285 0.025058  -0.003304  0.007204  0.619717  0.743013  0.252748  -0.773175  0.522710  0.359131  0.134726  -0.417978  0.898411  -0.046051  -0.023968  -0.017321  2.861193  3.110039  -0.381556  1.000000  
