1-Time 2-Px 3-Py 4-Pz 5-R11 6-R21 7-R31 8-R12 9-R22 10-R32 11-R13 12-R23 13-R33 14-Vx 15-Vy 16-Vz 17-Wx 18-Wy 19-Wz 20-state
45.689691 0.014522  -0.029931  0.011629  0.551518  0.710691  0.436745  -0.806311  0.588359  0.060799  -0.213754  -0.385684  0.897528  0.001864  0.000246  0.000691  0.000000  0.000000  0.000000  1.000000  
45.690817 0.014522  -0.029930  0.011630  0.551518  0.710691  0.436745  -0.806311  0.588359  0.060799  -0.213754  -0.385684  0.897528  0.000973  0.000324  0.000515  0.000000  0.000000  0.000000  1.000000  
45.692035 0.014524  -0.029920  0.011621  0.551518  0.710744  0.436659  -0.806311  0.588367  0.060728  -0.213754  -0.385575  0.897575  0.001278  0.005511  -0.003992  0.000000  0.000000  0.000000  1.000000  
45.693043 0.014526  -0.029906  0.011611  0.551518  0.710744  0.436659  -0.806311  0.588367  0.060728  -0.213754  -0.385575  0.897575  0.001390  0.008079  -0.006032  0.000000  0.000000  0.000000  1.000000  
45.694282 0.014528  -0.029893  0.011602  0.551518  0.710797  0.436573  -0.806311  0.588374  0.060656  -0.213754  -0.385466  0.897622  0.001483  0.008970  -0.006377  0.000000  0.000000  0.000000  1.000000  
45.695531 0.014528  -0.029882  0.011599  0.551518  0.710850  0.436486  -0.806311  0.588381  0.060585  -0.213754  -0.385357  0.897669  0.001082  0.008869  -0.005546  0.000000  0.000000  0.000000  1.000000  
45.696781 0.014522  -0.029872  0.011597  0.551518  0.710956  0.436314  -0.806311  0.588396  0.060442  -0.213754  -0.385139  0.897762  0.000107  0.008767  -0.004837  0.000000  0.000000  0.000000  1.000000  
45.698038 0.014514  -0.029856  0.011591  0.551518  0.711008  0.436228  -0.806311  0.588403  0.060371  -0.213754  -0.385031  0.897809  -0.000905  0.009373  -0.004791  0.000000  0.000000  0.000000  1.000000  
45.699287 0.014504  -0.029839  0.011583  0.551352  0.711182  0.436154  -0.806424  0.588264  0.060210  -0.213754  -0.384922  0.897856  -0.001886  0.009865  -0.005034  0.000000  0.000000  0.000000  1.000000  
45.700295 0.014498  -0.029826  0.011576  0.551368  0.711212  0.436086  -0.806448  0.588222  0.060309  -0.213623  -0.384933  0.897882  -0.002270  0.010215  -0.005166  0.000000  0.000000  0.000000  1.000000  
45.701532 0.014491  -0.029810  0.011570  0.551385  0.711346  0.435846  -0.806471  0.588194  0.060265  -0.213492  -0.384726  0.898001  -0.002630  0.010497  -0.005144  0.000000  0.000000  0.000000  1.000000  
45.702794 0.014485  -0.029792  0.011562  0.551401  0.711428  0.435692  -0.806495  0.588159  0.060293  -0.213362  -0.384629  0.898074  -0.002879  0.010847  -0.005252  0.000000  0.000000  0.000000  1.000000  
45.704041 0.014477  -0.029771  0.011549  0.551401  0.711481  0.435605  -0.806495  0.588166  0.060222  -0.213362  -0.384520  0.898121  -0.003210  0.011384  -0.005743  0.000000  0.000000  0.000000  1.000000  
45.705296 0.014469  -0.029745  0.011530  0.551401  0.711534  0.435519  -0.806495  0.588173  0.060150  -0.213362  -0.384411  0.898168  -0.003632  0.012576  -0.006710  0.000000  0.000000  0.000000  1.000000  
45.706534 0.014466  -0.029714  0.011510  0.551401  0.711640  0.435346  -0.806495  0.588188  0.060008  -0.213362  -0.384193  0.898261  -0.003922  0.014176  -0.007747  0.000000  0.000000  0.000000  1.000000  
45.707778 0.014466  -0.029680  0.011495  0.551401  0.711692  0.435260  -0.806495  0.588195  0.059936  -0.213362  -0.384084  0.898308  -0.004000  0.015317  -0.007909  0.000000  0.000000  0.000000  1.000000  
45.709029 0.014462  -0.029648  0.011483  0.551401  0.711798  0.435087  -0.806495  0.588210  0.059794  -0.213362  -0.383866  0.898401  -0.004497  0.016576  -0.008055  0.000000  0.000000  0.000000  1.000000  
45.710280 0.014452  -0.029617  0.011473  0.551567  0.711835  0.434816  -0.806381  0.588378  0.059669  -0.213362  -0.383539  0.898540  -0.005126  0.017982  -0.008541  0.000000  0.000000  0.000000  1.000000  
45.711527 0.014439  -0.029585  0.011461  0.551733  0.711819  0.434631  -0.806268  0.588539  0.059616  -0.213362  -0.383321  0.898633  -0.005628  0.019266  -0.009082  0.000000  0.000000  0.000000  1.000000  
45.712527 0.014431  -0.029559  0.011449  0.551717  0.711843  0.434613  -0.806244  0.588588  0.059445  -0.213492  -0.383201  0.898654  -0.005779  0.020281  -0.009598  0.000000  0.000000  0.000000  1.000000  
45.713777 0.014424  -0.029527  0.011432  0.551883  0.711827  0.434428  -0.806131  0.588749  0.059392  -0.213492  -0.382983  0.898746  -0.005640  0.021285  -0.010282  0.000000  0.000000  0.000000  1.000000  
45.715027 0.014416  -0.029497  0.011413  0.551866  0.711904  0.434323  -0.806107  0.588806  0.059150  -0.213623  -0.382754  0.898813  -0.005542  0.022193  -0.010968  0.000000  0.000000  0.000000  1.000000  
45.716028 0.014410  -0.029472  0.011397  0.552032  0.711888  0.434138  -0.805993  0.588967  0.059096  -0.213623  -0.382536  0.898906  -0.005543  0.022958  -0.011710  0.000000  0.000000  0.000000  1.000000  
45.717276 0.014401  -0.029439  0.011378  0.552198  0.711819  0.434040  -0.805880  0.589121  0.059114  -0.213623  -0.382427  0.898952  -0.005788  0.024034  -0.012543  0.000000  0.000000  0.000000  1.000000  
45.718527 0.014392  -0.029404  0.011359  0.552364  0.711803  0.433855  -0.805766  0.589282  0.059061  -0.213623  -0.382208  0.899045  -0.005923  0.025026  -0.013110  0.000000  0.000000  0.000000  1.000000  
45.719532 0.014385  -0.029376  0.011345  0.552530  0.711735  0.433756  -0.805652  0.589435  0.059079  -0.213623  -0.382099  0.899091  -0.005874  0.025728  -0.013147  0.000000  0.000000  0.000000  1.000000  
45.720533 0.014380  -0.029347  0.011331  0.552696  0.711666  0.433658  -0.805539  0.589589  0.059096  -0.213623  -0.381990  0.899138  -0.005901  0.026176  -0.012989  0.000000  0.000000  0.000000  1.000000  
45.721784 0.014373  -0.029309  0.011317  0.552846  0.711621  0.433541  -0.805401  0.589792  0.058943  -0.213754  -0.381761  0.899204  -0.006339  0.026500  -0.012635  0.000000  0.000000  0.000000  1.000000  
45.723032 0.014362  -0.029270  0.011305  0.552995  0.711523  0.433511  -0.805264  0.589988  0.058862  -0.213884  -0.381641  0.899224  -0.006989  0.026935  -0.012501  0.000000  0.000000  0.000000  1.000000  
45.724061 0.014349  -0.029241  0.011296  0.553145  0.711425  0.433480  -0.805126  0.590183  0.058780  -0.214015  -0.381520  0.899244  -0.007489  0.027124  -0.012527  0.000000  0.000000  0.000000  1.000000  
45.725277 0.014331  -0.029207  0.011280  0.553310  0.711409  0.433296  -0.805012  0.590344  0.058726  -0.214015  -0.381302  0.899336  -0.008082  0.027319  -0.012846  0.000000  0.000000  0.000000  1.000000  
45.726279 0.014316  -0.029181  0.011266  0.553460  0.711363  0.433179  -0.804875  0.590547  0.058573  -0.214146  -0.381073  0.899403  -0.008371  0.027421  -0.013238  0.000000  0.000000  0.000000  1.000000  
45.727527 0.014301  -0.029146  0.011244  0.553609  0.711318  0.433063  -0.804737  0.590749  0.058420  -0.214276  -0.380844  0.899469  -0.008710  0.027529  -0.013652  0.000000  0.000000  0.000000  1.000000  
45.728780 0.014286  -0.029110  0.011223  0.553775  0.711249  0.432964  -0.804623  0.590903  0.058437  -0.214276  -0.380734  0.899515  -0.009236  0.027883  -0.013904  0.000000  0.000000  0.000000  1.000000  
45.730027 0.014269  -0.029075  0.011202  0.553924  0.711203  0.432848  -0.804486  0.591105  0.058284  -0.214407  -0.380505  0.899581  -0.009809  0.028097  -0.014035  0.000000  0.000000  0.000000  1.000000  
45.731029 0.014253  -0.029049  0.011188  0.554074  0.711053  0.432904  -0.804348  0.591294  0.058274  -0.214538  -0.380494  0.899554  -0.010516  0.028239  -0.013915  0.000000  0.000000  0.000000  1.000000  
45.732277 0.014235  -0.029016  0.011171  0.554239  0.710984  0.432806  -0.804234  0.591447  0.058291  -0.214538  -0.380385  0.899600  -0.011184  0.028217  -0.013747  0.000000  0.000000  0.000000  1.000000  
45.733277 0.014221  -0.028987  0.011160  0.554405  0.710914  0.432708  -0.804120  0.591601  0.058309  -0.214538  -0.380276  0.899647  -0.011575  0.028261  -0.013496  0.000000  0.000000  0.000000  1.000000  
45.734529 0.014207  -0.028949  0.011145  0.554570  0.710792  0.432696  -0.804006  0.591747  0.058398  -0.214538  -0.380276  0.899647  -0.011879  0.028499  -0.013361  0.000000  0.000000  0.000000  1.000000  
45.735557 0.014195  -0.028917  0.011132  0.554736  0.710723  0.432598  -0.803892  0.591900  0.058415  -0.214538  -0.380167  0.899693  -0.012365  0.028566  -0.013233  0.000000  0.000000  0.000000  1.000000  
45.736795 0.014177  -0.028880  0.011116  0.554885  0.710572  0.432654  -0.803754  0.592089  0.058405  -0.214669  -0.380155  0.899666  -0.013136  0.028554  -0.013480  0.000000  0.000000  0.000000  1.000000  
45.738033 0.014156  -0.028845  0.011095  0.555051  0.710450  0.432642  -0.803639  0.592235  0.058494  -0.214669  -0.380155  0.899666  -0.013762  0.028293  -0.014110  0.000000  0.000000  0.000000  1.000000  
45.739050 0.014139  -0.028818  0.011078  0.555051  0.710503  0.432556  -0.803639  0.592242  0.058422  -0.214669  -0.380046  0.899712  -0.014069  0.028239  -0.014541  0.000000  0.000000  0.000000  1.000000  
45.740280 0.014117  -0.028783  0.011054  0.555200  0.710405  0.432526  -0.803502  0.592437  0.058340  -0.214799  -0.379926  0.899732  -0.014306  0.028270  -0.015094  0.000000  0.000000  0.000000  1.000000  
45.741530 0.014095  -0.028747  0.011030  0.555365  0.710283  0.432514  -0.803387  0.592583  0.058429  -0.214799  -0.379926  0.899732  -0.014565  0.028493  -0.015405  0.000000  0.000000  0.000000  1.000000  
45.742777 0.014075  -0.028708  0.011008  0.555530  0.710213  0.432416  -0.803273  0.592737  0.058447  -0.214799  -0.379817  0.899778  -0.014900  0.028726  -0.015482  0.000000  0.000000  0.000000  1.000000  
45.743778 0.014059  -0.028678  0.010991  0.555696  0.710091  0.432404  -0.803158  0.592883  0.058536  -0.214799  -0.379817  0.899778  -0.015094  0.028821  -0.015490  0.000000  0.000000  0.000000  1.000000  
45.744780 0.014042  -0.028648  0.010976  0.555696  0.710143  0.432318  -0.803158  0.592890  0.058464  -0.214799  -0.379708  0.899824  -0.015389  0.028952  -0.015366  0.000000  0.000000  0.000000  1.000000  
45.746028 0.014021  -0.028610  0.010958  0.555861  0.710074  0.432220  -0.803044  0.593043  0.058481  -0.214799  -0.379598  0.899870  -0.015493  0.029258  -0.015342  0.000000  0.000000  0.000000  1.000000  
45.747276 0.014002  -0.028570  0.010939  0.556043  0.709981  0.432139  -0.802953  0.593148  0.058669  -0.214669  -0.379610  0.899897  -0.015534  0.029682  -0.015497  0.000000  0.000000  0.000000  1.000000  
45.748279 0.013989  -0.028536  0.010921  0.556043  0.709981  0.432139  -0.802953  0.593148  0.058669  -0.214669  -0.379610  0.899897  -0.015592  0.030038  -0.015944  0.000000  0.000000  0.000000  1.000000  
45.749527 0.013973  -0.028493  0.010897  0.556208  0.709911  0.432041  -0.802839  0.593301  0.058686  -0.214669  -0.379500  0.899943  -0.015591  0.030391  -0.016521  0.000000  0.000000  0.000000  1.000000  
45.750778 0.013956  -0.028451  0.010871  0.556390  0.709818  0.431960  -0.802748  0.593405  0.058874  -0.214538  -0.379512  0.899969  -0.015775  0.030636  -0.017346  0.000000  0.000000  0.000000  1.000000  
45.751778 0.013939  -0.028419  0.010849  0.556390  0.709870  0.431874  -0.802748  0.593412  0.058802  -0.214538  -0.379402  0.900015  -0.015884  0.030792  -0.017821  0.000000  0.000000  0.000000  1.000000  
45.752797 0.013921  -0.028386  0.010827  0.556571  0.709829  0.431707  -0.802657  0.593524  0.058918  -0.214407  -0.379304  0.900088  -0.015913  0.031099  -0.018161  0.000000  0.000000  0.000000  1.000000  
45.754031 0.013898  -0.028344  0.010802  0.556737  0.709759  0.431609  -0.802542  0.593677  0.058934  -0.214407  -0.379195  0.900134  -0.016068  0.031626  -0.018465  0.000000  0.000000  0.000000  1.000000  
45.755050 0.013879  -0.028310  0.010784  0.556737  0.709759  0.431609  -0.802542  0.593677  0.058934  -0.214407  -0.379195  0.900134  -0.016089  0.032051  -0.018306  0.000000  0.000000  0.000000  1.000000  
45.756282 0.013856  -0.028266  0.010762  0.556918  0.709718  0.431442  -0.802451  0.593789  0.059050  -0.214276  -0.379097  0.900206  -0.016199  0.032563  -0.018207  0.000000  0.000000  0.000000  1.000000  
45.757527 0.013833  -0.028222  0.010739  0.557083  0.709701  0.431258  -0.802336  0.593949  0.058995  -0.214276  -0.378879  0.900298  -0.016457  0.032927  -0.018196  0.000000  0.000000  0.000000  1.000000  
45.758527 0.013814  -0.028185  0.010722  0.557248  0.709631  0.431159  -0.802222  0.594103  0.059012  -0.214276  -0.378770  0.900344  -0.016608  0.033398  -0.018217  0.000000  0.000000  0.000000  1.000000  
45.759528 0.013796  -0.028148  0.010702  0.557265  0.709712  0.431005  -0.802245  0.594068  0.059039  -0.214146  -0.378672  0.900416  -0.016673  0.033940  -0.018520  0.000000  0.000000  0.000000  1.000000  
45.760778 0.013774  -0.028099  0.010677  0.557430  0.709694  0.430820  -0.802131  0.594229  0.058983  -0.214146  -0.378453  0.900508  -0.016792  0.034594  -0.018980  0.000000  0.000000  0.000000  1.000000  
45.761779 0.013758  -0.028060  0.010656  0.557595  0.709624  0.430722  -0.802016  0.594382  0.059000  -0.214146  -0.378344  0.900554  -0.016833  0.035136  -0.019379  0.000000  0.000000  0.000000  1.000000  
45.763027 0.013738  -0.028011  0.010629  0.557777  0.709635  0.430469  -0.801924  0.594501  0.059043  -0.214015  -0.378136  0.900672  -0.016981  0.035590  -0.019798  0.000000  0.000000  0.000000  1.000000  
45.764029 0.013721  -0.027971  0.010606  0.557942  0.709617  0.430285  -0.801810  0.594661  0.058987  -0.214015  -0.377918  0.900764  -0.017326  0.035866  -0.020079  0.000000  0.000000  0.000000  1.000000  
45.765029 0.013702  -0.027932  0.010584  0.558123  0.709576  0.430118  -0.801718  0.594773  0.059103  -0.213884  -0.377820  0.900836  -0.017729  0.036242  -0.020124  0.000000  0.000000  0.000000  1.000000  
45.766276 0.013676  -0.027884  0.010558  0.558288  0.709610  0.429847  -0.801603  0.594940  0.058975  -0.213884  -0.377492  0.900974  -0.018083  0.036675  -0.020110  0.000000  0.000000  0.000000  1.000000  
45.767277 0.013654  -0.027846  0.010538  0.558469  0.709620  0.429594  -0.801512  0.595059  0.059018  -0.213754  -0.377284  0.901091  -0.018428  0.037142  -0.020008  0.000000  0.000000  0.000000  1.000000  
45.768529 0.013627  -0.027797  0.010515  0.558799  0.709531  0.429312  -0.801282  0.595373  0.058978  -0.213754  -0.376956  0.901229  -0.018715  0.037588  -0.019792  0.000000  0.000000  0.000000  1.000000  
45.769533 0.013606  -0.027756  0.010497  0.558964  0.709513  0.429127  -0.801167  0.595533  0.058922  -0.213754  -0.376738  0.901320  -0.018856  0.038037  -0.019700  0.000000  0.000000  0.000000  1.000000  
45.770534 0.013584  -0.027715  0.010479  0.559129  0.709546  0.428857  -0.801052  0.595701  0.058794  -0.213754  -0.376410  0.901457  -0.019062  0.038538  -0.019743  0.000000  0.000000  0.000000  1.000000  
45.771800 0.013557  -0.027663  0.010452  0.559475  0.709486  0.428505  -0.800845  0.595973  0.058852  -0.213623  -0.376093  0.901620  -0.019320  0.039041  -0.020044  0.000000  0.000000  0.000000  1.000000  
45.773036 0.013530  -0.027609  0.010424  0.559805  0.709396  0.428223  -0.800614  0.596287  0.058812  -0.213623  -0.375765  0.901757  -0.019600  0.039707  -0.020498  0.000000  0.000000  0.000000  1.000000  
45.774276 0.013504  -0.027555  0.010396  0.560135  0.709307  0.427941  -0.800384  0.596600  0.058771  -0.213623  -0.375436  0.901894  -0.019794  0.040090  -0.020743  0.000000  0.000000  0.000000  1.000000  
45.775533 0.013479  -0.027500  0.010369  0.560464  0.709268  0.427572  -0.800153  0.596921  0.058657  -0.213623  -0.374999  0.902076  -0.019976  0.040579  -0.020905  0.000000  0.000000  0.000000  1.000000  
45.776778 0.013454  -0.027446  0.010341  0.560810  0.709310  0.427049  -0.799946  0.597207  0.058570  -0.213492  -0.374463  0.902330  -0.020267  0.040921  -0.020992  -0.154219  0.110391  -0.158972  1.000000  
45.778026 0.013426  -0.027391  0.010315  0.561139  0.709272  0.426681  -0.799715  0.597528  0.058456  -0.213492  -0.374025  0.902511  -0.020771  0.041327  -0.020896  -0.166207  0.114631  -0.170081  1.000000  
45.779276 0.013397  -0.027335  0.010291  0.561320  0.709384  0.426255  -0.799623  0.597661  0.058353  -0.213362  -0.373598  0.902719  -0.021338  0.041783  -0.020675  -0.179820  0.119674  -0.169786  1.000000  
45.780526 0.013368  -0.027282  0.010266  0.561650  0.709396  0.425801  -0.799391  0.597988  0.058166  -0.213362  -0.373050  0.902945  -0.021656  0.042069  -0.020510  -0.195615  0.119675  -0.182500  1.000000  
45.781526 0.013343  -0.027240  0.010248  0.561979  0.709305  0.425519  -0.799160  0.598302  0.058123  -0.213362  -0.372722  0.903081  -0.021857  0.042346  -0.020360  -0.202230  0.122209  -0.188712  1.000000  
45.782781 0.013312  -0.027186  0.010224  0.562324  0.709345  0.424995  -0.798952  0.598588  0.058034  -0.213231  -0.372185  0.903333  -0.022100  0.042723  -0.020388  -0.217086  0.124791  -0.195059  1.000000  
45.784033 0.013281  -0.027130  0.010198  0.562669  0.709385  0.424471  -0.798744  0.598875  0.057945  -0.213100  -0.371648  0.903585  -0.022351  0.043069  -0.020575  -0.233599  0.132430  -0.201122  1.000000  
45.785276 0.013251  -0.027072  0.010172  0.562834  0.709519  0.424029  -0.798628  0.599056  0.057669  -0.213100  -0.371100  0.903811  -0.022551  0.043605  -0.020770  -0.246577  0.133948  -0.205867  1.000000  
45.786288 0.013227  -0.027026  0.010150  0.563015  0.709681  0.423517  -0.798535  0.599196  0.057492  -0.212969  -0.370562  0.904062  -0.022714  0.043920  -0.020913  -0.264734  0.134864  -0.207442  1.000000  
45.787534 0.013198  -0.026968  0.010124  0.563343  0.709691  0.423063  -0.798303  0.599523  0.057302  -0.212969  -0.370014  0.904286  -0.022885  0.044189  -0.020807  -0.279583  0.137390  -0.213750  1.000000  
45.788795 0.013167  -0.026910  0.010100  0.563672  0.709752  0.422523  -0.798071  0.599857  0.057040  -0.212969  -0.369356  0.904555  -0.023164  0.044459  -0.020442  -0.294334  0.139838  -0.220004  1.000000  
45.790035 0.013136  -0.026851  0.010078  0.563853  0.709964  0.421925  -0.797979  0.600004  0.056789  -0.212839  -0.368708  0.904850  -0.023561  0.044735  -0.020065  -0.312413  0.138712  -0.218440  1.000000  
45.791277 0.013105  -0.026791  0.010057  0.564034  0.710176  0.421327  -0.797886  0.600152  0.056538  -0.212708  -0.368060  0.905145  -0.023906  0.045121  -0.019736  -0.331201  0.143856  -0.218515  1.000000  
45.792279 0.013081  -0.026744  0.010040  0.564214  0.710336  0.420814  -0.797793  0.600292  0.056360  -0.212577  -0.367522  0.905394  -0.024184  0.045329  -0.019396  -0.347519  0.143769  -0.218559  1.000000  
45.793527 0.013049  -0.026686  0.010020  0.564559  0.710423  0.420204  -0.797584  0.600585  0.056195  -0.212446  -0.366873  0.905688  -0.024438  0.045531  -0.019051  -0.362413  0.150418  -0.223195  1.000000  
45.794778 0.013015  -0.026630  0.009998  0.564904  0.710510  0.419594  -0.797374  0.600879  0.056029  -0.212316  -0.366225  0.905981  -0.024686  0.045575  -0.018895  -0.374137  0.151612  -0.227614  1.000000  
45.796029 0.012983  -0.026573  0.009975  0.565084  0.710771  0.418909  -0.797281  0.601032  0.055704  -0.212185  -0.365466  0.906318  -0.024845  0.045881  -0.018794  -0.393562  0.156890  -0.227886  1.000000  
45.797276 0.012951  -0.026516  0.009953  0.565265  0.710980  0.418310  -0.797188  0.601179  0.055452  -0.212054  -0.364817  0.906610  -0.024951  0.046147  -0.018694  -0.406530  0.155491  -0.226092  1.000000  
45.798277 0.012925  -0.026469  0.009934  0.565610  0.711014  0.417786  -0.796978  0.601466  0.055358  -0.211923  -0.364278  0.906857  -0.025007  0.046354  -0.018588  -0.418145  0.160860  -0.226380  1.000000  
45.799277 0.012900  -0.026422  0.009917  0.565790  0.711171  0.417273  -0.796885  0.601606  0.055178  -0.211793  -0.363738  0.907104  -0.025018  0.046508  -0.018371  -0.426830  0.163562  -0.222886  1.000000  
45.800278 0.012876  -0.026374  0.009899  0.565970  0.711329  0.416760  -0.796791  0.601746  0.054998  -0.211662  -0.363198  0.907351  -0.025079  0.046674  -0.018102  -0.439043  0.167622  -0.221303  1.000000  
45.801526 0.012844  -0.026315  0.009880  0.566315  0.711463  0.416063  -0.796581  0.602046  0.054758  -0.211531  -0.362438  0.907686  -0.025120  0.046662  -0.017637  -0.455237  0.171619  -0.219721  1.000000  
45.802541 0.012819  -0.026268  0.009866  0.566659  0.711545  0.415452  -0.796371  0.602339  0.054590  -0.211400  -0.361788  0.907975  -0.025220  0.046657  -0.017130  -0.469641  0.175413  -0.227826  1.000000  
45.803788 0.012788  -0.026208  0.009848  0.567020  0.711756  0.414598  -0.796184  0.602607  0.054374  -0.211139  -0.360928  0.908379  -0.025307  0.046828  -0.016763  -0.485993  0.183585  -0.224577  1.000000  
45.804796 0.012762  -0.026161  0.009834  0.567200  0.711911  0.414085  -0.796090  0.602747  0.054193  -0.211008  -0.360387  0.908624  -0.025354  0.046770  -0.016514  -0.495435  0.185025  -0.216627  1.000000  
45.806035 0.012731  -0.026101  0.009815  0.567708  0.711918  0.413377  -0.795763  0.603193  0.054035  -0.210877  -0.359626  0.908955  -0.025343  0.046751  -0.016345  -0.506412  0.187491  -0.223102  1.000000  
45.807036 0.012707  -0.026055  0.009799  0.568069  0.712026  0.412695  -0.795575  0.603447  0.053964  -0.210616  -0.358985  0.909269  -0.025346  0.046693  -0.016306  -0.518620  0.195686  -0.219813  1.000000  
45.808054 0.012682  -0.026010  0.009782  0.568412  0.712106  0.412084  -0.795364  0.603741  0.053794  -0.210485  -0.358333  0.909557  -0.025255  0.046550  -0.016339  -0.524942  0.202109  -0.224356  1.000000  
45.809277 0.012650  -0.025953  0.009762  0.568773  0.712312  0.411229  -0.795175  0.604008  0.053575  -0.210223  -0.357471  0.909956  -0.025259  0.046665  -0.016324  -0.541827  0.206321  -0.223056  1.000000  
45.810280 0.012624  -0.025908  0.009746  0.569133  0.712468  0.410460  -0.794987  0.604269  0.053430  -0.209962  -0.356719  0.910312  -0.025214  0.046675  -0.016196  -0.552592  0.217029  -0.226101  1.000000  
45.811526 0.012593  -0.025851  0.009727  0.569493  0.712672  0.409605  -0.794798  0.604537  0.053210  -0.209700  -0.355856  0.910710  -0.025145  0.046666  -0.015989  -0.568323  0.223383  -0.221077  1.000000  
45.812527 0.012569  -0.025805  0.009712  0.569836  0.712799  0.408907  -0.794586  0.604837  0.052964  -0.209569  -0.355093  0.911038  -0.025010  0.046655  -0.015723  -0.581372  0.225132  -0.223137  1.000000  
45.813527 0.012544  -0.025759  0.009699  0.570360  0.712827  0.408127  -0.794280  0.605245  0.052901  -0.209307  -0.354339  0.911391  -0.025003  0.046552  -0.015406  -0.590636  0.238331  -0.232482  1.000000  
45.814777 0.012513  -0.025702  0.009683  0.570736  0.713106  0.407113  -0.794113  0.605481  0.052705  -0.208915  -0.353375  0.911856  -0.024993  0.046443  -0.014985  -0.606017  0.244456  -0.227443  1.000000  
45.815778 0.012489  -0.025655  0.009671  0.571259  0.713132  0.406333  -0.793806  0.605889  0.052640  -0.208653  -0.352620  0.912208  -0.024990  0.046350  -0.014678  -0.611444  0.257628  -0.236868  1.000000  
45.817027 0.012456  -0.025597  0.009655  0.571781  0.713256  0.405379  -0.793498  0.606310  0.052427  -0.208392  -0.351644  0.912644  -0.025030  0.046239  -0.014560  -0.624678  0.266485  -0.247880  1.000000  
45.818028 0.012431  -0.025552  0.009640  0.572141  0.713454  0.404522  -0.793308  0.606579  0.052204  -0.208130  -0.350779  0.913037  -0.025089  0.046179  -0.014625  -0.637000  0.274650  -0.244867  1.000000  
45.819032 0.012405  -0.025507  0.009625  0.572663  0.713526  0.403655  -0.792999  0.606994  0.052062  -0.207868  -0.349912  0.913429  -0.025079  0.045919  -0.014616  -0.650189  0.283490  -0.255856  1.000000  
45.820036 0.012380  -0.025462  0.009610  0.573022  0.713674  0.402884  -0.792809  0.607256  0.051911  -0.207606  -0.349156  0.913778  -0.025062  0.045750  -0.014661  -0.658185  0.296463  -0.261177  1.000000  
45.821290 0.012348  -0.025407  0.009592  0.573544  0.713792  0.401930  -0.792499  0.607678  0.051695  -0.207345  -0.348178  0.914210  -0.025152  0.045538  -0.014588  -0.668760  0.302770  -0.266001  1.000000  
45.822303 0.012321  -0.025363  0.009577  0.574066  0.713861  0.401062  -0.792190  0.608093  0.051551  -0.207083  -0.347311  0.914599  -0.025215  0.045361  -0.014482  -0.677945  0.311598  -0.277115  1.000000  
45.823534 0.012287  -0.025310  0.009559  0.574604  0.714004  0.400035  -0.791903  0.608478  0.051432  -0.206690  -0.346342  0.915056  -0.025458  0.045153  -0.014362  -0.687746  0.324833  -0.286890  1.000000  
45.824775 0.012255  -0.025256  0.009543  0.575158  0.714222  0.398849  -0.791637  0.608831  0.051336  -0.206166  -0.345270  0.915578  -0.025538  0.045008  -0.014054  -0.701157  0.336893  -0.286298  1.000000  
45.825781 0.012228  -0.025213  0.009530  0.575679  0.714286  0.397980  -0.791326  0.609248  0.051190  -0.205905  -0.344401  0.915965  -0.025617  0.044820  -0.013824  -0.708209  0.348521  -0.299965  1.000000  
45.827033 0.012195  -0.025158  0.009516  0.576379  0.714348  0.396855  -0.790918  0.609786  0.051075  -0.205512  -0.343319  0.916459  -0.025687  0.044705  -0.013542  -0.720179  0.363917  -0.315944  1.000000  
45.828279 0.012163  -0.025103  0.009500  0.576932  0.714560  0.395668  -0.790651  0.610141  0.050976  -0.204988  -0.342245  0.916978  -0.025797  0.044480  -0.013446  -0.735282  0.374489  -0.319424  1.000000  
45.829526 0.012130  -0.025049  0.009485  0.577469  0.714743  0.394553  -0.790361  0.610534  0.050777  -0.204595  -0.341162  0.917469  -0.025950  0.044277  -0.013409  -0.746315  0.385063  -0.322962  1.000000  
45.830527 0.012105  -0.025005  0.009472  0.578005  0.714877  0.393524  -0.790070  0.610920  0.050651  -0.204202  -0.340188  0.917918  -0.026037  0.044079  -0.013510  -0.759869  0.398061  -0.332716  1.000000  
45.831778 0.012072  -0.024951  0.009455  0.578558  0.715083  0.392335  -0.789801  0.611276  0.050549  -0.203678  -0.339112  0.918432  -0.026069  0.043812  -0.013493  -0.770725  0.412704  -0.334600  1.000000  
45.833027 0.012039  -0.024897  0.009440  0.579272  0.715209  0.391049  -0.789412  0.611786  0.050452  -0.203154  -0.337924  0.918986  -0.026143  0.043656  -0.013349  -0.782360  0.426521  -0.340253  1.000000  
45.834029 0.012012  -0.024854  0.009427  0.579824  0.715317  0.390032  -0.789142  0.612132  0.050496  -0.202630  -0.337070  0.919416  -0.026232  0.043533  -0.013261  -0.791389  0.444637  -0.344897  1.000000  
45.835033 0.011985  -0.024811  0.009415  0.580360  0.715492  0.388915  -0.788849  0.612526  0.050292  -0.202237  -0.335982  0.919900  -0.026328  0.043408  -0.013008  -0.804968  0.457539  -0.354812  1.000000  
45.836044 0.011958  -0.024769  0.009405  0.580911  0.715644  0.387810  -0.788578  0.612878  0.050259  -0.201713  -0.335015  0.920368  -0.026455  0.043229  -0.012653  -0.815505  0.467778  -0.358202  1.000000  
45.837286 0.011923  -0.024717  0.009393  0.581656  0.715861  0.386289  -0.788229  0.613324  0.050280  -0.200926  -0.333730  0.921007  -0.026608  0.043113  -0.012292  -0.834968  0.490964  -0.357284  1.000000  
45.838288 0.011896  -0.024675  0.009383  0.582369  0.715883  0.385173  -0.787836  0.613825  0.050325  -0.200402  -0.332761  0.921471  -0.026557  0.043011  -0.011919  -0.840261  0.506301  -0.368943  1.000000  
45.839530 0.011862  -0.024622  0.009371  0.583113  0.716096  0.383649  -0.787485  0.614274  0.050342  -0.199616  -0.331473  0.922106  -0.026628  0.042930  -0.011691  -0.858305  0.525028  -0.374285  1.000000  
45.840533 0.011836  -0.024579  0.009360  0.583840  0.716186  0.382371  -0.787112  0.614747  0.050408  -0.198960  -0.330399  0.922633  -0.026583  0.042950  -0.011553  -0.867805  0.546185  -0.381193  1.000000  
45.841535 0.011810  -0.024536  0.009348  0.584406  0.716401  0.381103  -0.786858  0.615073  0.050394  -0.198304  -0.329325  0.923158  -0.026589  0.042877  -0.011572  -0.879197  0.561021  -0.383571  1.000000  
45.842779 0.011778  -0.024481  0.009334  0.585310  0.716524  0.379479  -0.786383  0.615679  0.050410  -0.197517  -0.327922  0.923826  -0.026545  0.042908  -0.011496  -0.892166  0.579614  -0.393749  1.000000  
45.844029 0.011746  -0.024428  0.009320  0.586230  0.716716  0.377693  -0.785928  0.616256  0.050448  -0.196599  -0.326414  0.924555  -0.026530  0.042810  -0.011458  -0.913401  0.605417  -0.404379  1.000000  
45.845276 0.011713  -0.024375  0.009305  0.587148  0.716858  0.375993  -0.785472  0.616829  0.050557  -0.195681  -0.325017  0.925242  -0.026525  0.042741  -0.011352  -0.927330  0.630736  -0.410219  1.000000  
45.846279 0.011687  -0.024333  0.009294  0.587873  0.716981  0.374624  -0.785093  0.617313  0.050539  -0.195025  -0.323825  0.925798  -0.026543  0.042662  -0.011171  -0.937927  0.642690  -0.415765  1.000000  
45.847528 0.011655  -0.024279  0.009282  0.588791  0.717116  0.372921  -0.784633  0.617889  0.050644  -0.194106  -0.322424  0.926480  -0.026516  0.042620  -0.010891  -0.951067  0.668708  -0.426597  1.000000  
45.848777 0.011621  -0.024227  0.009271  0.589722  0.717273  0.371142  -0.784192  0.618432  0.050845  -0.193056  -0.321031  0.927183  -0.026541  0.042503  -0.010600  -0.962408  0.695875  -0.424773  1.000000  
45.849777 0.011594  -0.024186  0.009263  0.590446  0.717432  0.369683  -0.783809  0.618925  0.050746  -0.192399  -0.319723  0.927771  -0.026549  0.042413  -0.010357  -0.980655  0.711355  -0.428742  1.000000  
45.851029 0.011559  -0.024135  0.009252  0.591215  0.717709  0.367911  -0.783486  0.619324  0.050866  -0.191349  -0.318326  0.928469  -0.026601  0.042270  -0.010214  -0.995420  0.733704  -0.428293  1.000000  
45.852291 0.011525  -0.024084  0.009242  0.592159  0.717970  0.365879  -0.783061  0.619850  0.051009  -0.190167  -0.316711  0.929264  -0.026471  0.042153  -0.010112  -1.013602  0.767186  -0.431668  1.000000  
45.853537 0.011493  -0.024032  0.009229  0.592927  0.718283  0.364016  -0.782735  0.620258  0.051050  -0.189116  -0.315197  0.929992  -0.026417  0.042192  -0.010155  -1.034460  0.789621  -0.430319  1.000000  
45.854804 0.011461  -0.023981  0.009217  0.593869  0.718489  0.362067  -0.782305  0.620783  0.051263  -0.187933  -0.313690  0.930741  -0.026279  0.042005  -0.010018  -1.050239  0.818996  -0.433987  1.000000  
45.856031 0.011429  -0.023929  0.009205  0.594635  0.718838  0.360114  -0.781975  0.621201  0.051224  -0.186882  -0.312060  0.931501  -0.026256  0.041933  -0.009940  -1.069473  0.835307  -0.430598  1.000000  
45.857278 0.011397  -0.023877  0.009194  0.595399  0.719181  0.358160  -0.781644  0.621622  0.051183  -0.185830  -0.310427  0.932256  -0.026245  0.041766  -0.009715  -1.091946  0.860468  -0.432031  1.000000  
45.858311 0.011370  -0.023836  0.009187  0.596148  0.719365  0.356541  -0.781291  0.622058  0.051266  -0.184910  -0.309125  0.932872  -0.026261  0.041492  -0.009372  -1.103049  0.880061  -0.430406  1.000000  
45.859527 0.011337  -0.023785  0.009178  0.596911  0.719700  0.354583  -0.780957  0.622481  0.051221  -0.183858  -0.307489  0.933620  -0.026379  0.041482  -0.008946  -1.124018  0.899760  -0.432843  1.000000  
45.860528 0.011309  -0.023745  0.009172  0.597498  0.719962  0.353060  -0.780724  0.622766  0.051304  -0.182937  -0.306296  0.934193  -0.026496  0.041302  -0.008660  -1.131267  0.918459  -0.434493  1.000000  
45.861779 0.011275  -0.023695  0.009164  0.598435  0.720185  0.351012  -0.780283  0.623309  0.051426  -0.181753  -0.304664  0.934958  -0.026616  0.041047  -0.008289  -1.151040  0.941397  -0.435081  1.000000  
45.863027 0.011239  -0.023646  0.009156  0.599035  0.720592  0.349148  -0.780067  0.623583  0.051377  -0.180700  -0.303136  0.935658  -0.026783  0.040833  -0.008094  -1.162208  0.954080  -0.425579  1.000000  
45.864032 0.011210  -0.023607  0.009151  0.599619  0.720845  0.347620  -0.779831  0.623872  0.051455  -0.179779  -0.301939  0.936222  -0.026863  0.040635  -0.007854  -1.173757  0.967759  -0.421152  1.000000  
45.865277 0.011174  -0.023559  0.009143  0.600407  0.721207  0.345502  -0.779527  0.624240  0.051598  -0.178463  -0.300308  0.936998  -0.027053  0.040474  -0.007711  -1.187729  0.991004  -0.415479  1.000000  
45.866277 0.011145  -0.023521  0.009136  0.601005  0.721519  0.343807  -0.779307  0.624507  0.051697  -0.177410  -0.299002  0.937616  -0.027188  0.040248  -0.007563  -1.200661  1.007592  -0.411166  1.000000  
45.867279 0.011115  -0.023483  0.009130  0.601587  0.721803  0.342188  -0.779066  0.624806  0.051695  -0.176488  -0.297687  0.938208  -0.027355  0.040138  -0.007468  -1.209268  1.015483  -0.409728  1.000000  
45.868527 0.011079  -0.023434  0.009124  0.602373  0.722111  0.340152  -0.778757  0.625175  0.051909  -0.175171  -0.296164  0.938937  -0.027618  0.039899  -0.006994  -1.219334  1.033834  -0.397924  1.000000  
45.869533 0.011049  -0.023396  0.009120  0.602968  0.722412  0.338453  -0.778533  0.625446  0.052003  -0.174117  -0.294853  0.939545  -0.027876  0.039656  -0.006627  -1.231353  1.048178  -0.393532  1.000000  
45.870537 0.011018  -0.023359  0.009118  0.603563  0.722669  0.336841  -0.778307  0.625713  0.052172  -0.173063  -0.293654  0.940115  -0.028264  0.039311  -0.006086  -1.236981  1.058051  -0.384137  1.000000  
45.871799 0.010980  -0.023312  0.009117  0.604345  0.723005  0.334711  -0.777992  0.626094  0.052304  -0.171745  -0.292012  0.940868  -0.028677  0.038917  -0.005375  -1.249439  1.074087  -0.380164  1.000000  
45.873031 0.010941  -0.023265  0.009116  0.604966  0.723424  0.332678  -0.777799  0.626322  0.052441  -0.170426  -0.290481  0.941581  -0.029070  0.038727  -0.004852  -1.253421  1.082571  -0.365170  1.000000  
45.874277 0.010901  -0.023219  0.009116  0.605774  0.723757  0.330476  -0.777515  0.626640  0.052843  -0.168844  -0.288962  0.942334  -0.029508  0.038393  -0.004323  -1.259732  1.105651  -0.352229  1.000000  
45.875279 0.010870  -0.023183  0.009116  0.606378  0.724063  0.328692  -0.777301  0.626890  0.053030  -0.167657  -0.287649  0.942947  -0.029798  0.038115  -0.003824  -1.265542  1.115721  -0.343167  1.000000  
45.876526 0.010831  -0.023138  0.009116  0.606996  0.724468  0.326653  -0.777102  0.627125  0.053162  -0.166338  -0.286112  0.943648  -0.030026  0.037768  -0.003376  -1.273342  1.121035  -0.330155  1.000000  
45.877526 0.010799  -0.023103  0.009116  0.607599  0.724767  0.324865  -0.776884  0.627379  0.053346  -0.165150  -0.284796  0.944255  -0.030292  0.037538  -0.002906  -1.279303  1.135554  -0.319913  1.000000  
45.878526 0.010768  -0.023067  0.009116  0.608187  0.725038  0.323154  -0.776648  0.627665  0.053429  -0.164094  -0.283472  0.944837  -0.030472  0.037286  -0.002517  -1.289097  1.140408  -0.311485  1.000000  
45.879526 0.010737  -0.023032  0.009118  0.608774  0.725306  0.321441  -0.776410  0.627953  0.053511  -0.163038  -0.282146  0.945416  -0.030561  0.037069  -0.001912  -1.291072  1.147593  -0.304976  1.000000  
45.880530 0.010707  -0.022996  0.009120  0.609361  0.725532  0.319816  -0.776170  0.628235  0.053667  -0.161982  -0.280934  0.945959  -0.030663  0.036831  -0.001273  -1.292584  1.152436  -0.296378  1.000000  
45.881776 0.010668  -0.022953  0.009126  0.610147  0.725811  0.317678  -0.775855  0.628600  0.053957  -0.160530  -0.279394  0.946662  -0.030801  0.036551  -0.000484  -1.293759  1.161719  -0.296861  1.000000  
45.883026 0.010630  -0.022911  0.009132  0.610918  0.726061  0.315618  -0.775520  0.628996  0.054146  -0.159209  -0.277847  0.947340  -0.030860  0.036218  0.000369  -1.291853  1.167864  -0.289939  1.000000  
45.884028 0.010599  -0.022877  0.009137  0.611356  0.726391  0.314008  -0.775419  0.629099  0.054409  -0.158020  -0.276751  0.947860  -0.030954  0.035859  0.001032  -1.289593  1.173939  -0.282395  1.000000  
45.885276 0.010561  -0.022836  0.009144  0.612137  0.726656  0.311865  -0.775097  0.629471  0.054693  -0.156567  -0.275205  0.948551  -0.031040  0.035489  0.001752  -1.291354  1.187166  -0.280735  1.000000  
45.886290 0.010530  -0.022803  0.009150  0.612732  0.726849  0.310241  -0.774866  0.629727  0.055018  -0.155377  -0.274107  0.949065  -0.031021  0.035087  0.002287  -1.283539  1.191402  -0.271706  1.000000  
45.887538 0.010490  -0.022763  0.009158  0.613512  0.727068  0.308182  -0.774539  0.630097  0.055375  -0.153923  -0.272673  0.949714  -0.031062  0.034667  0.002856  -1.275996  1.203708  -0.269834  1.000000  
45.888787 0.010453  -0.022722  0.009167  0.614449  0.727152  0.306110  -0.774084  0.630620  0.055793  -0.152469  -0.271237  0.950360  -0.030934  0.034278  0.003445  -1.268377  1.219069  -0.274758  1.000000  
45.890035 0.010415  -0.022683  0.009175  0.615225  0.727361  0.304046  -0.773753  0.630995  0.056145  -0.151014  -0.269799  0.951001  -0.030861  0.033881  0.003954  -1.266076  1.229381  -0.267705  1.000000  
45.891277 0.010377  -0.022643  0.009183  0.616000  0.727602  0.301893  -0.773419  0.631380  0.056418  -0.149559  -0.268243  0.951671  -0.030777  0.033540  0.004600  -1.262386  1.237162  -0.265959  1.000000  
45.892282 0.010347  -0.022612  0.009193  0.616589  0.727778  0.300261  -0.773178  0.631646  0.056735  -0.148368  -0.267137  0.952168  -0.030675  0.033256  0.005158  -1.258787  1.245288  -0.264998  1.000000  
45.893526 0.010310  -0.022573  0.009204  0.617374  0.727997  0.298112  -0.772855  0.632001  0.057180  -0.146780  -0.265699  0.952817  -0.030586  0.032903  0.005914  -1.256255  1.258094  -0.264817  1.000000  
45.894538 0.010279  -0.022541  0.009215  0.617973  0.728224  0.296309  -0.772627  0.632250  0.057516  -0.145456  -0.264480  0.953359  -0.030489  0.032623  0.006522  -1.251921  1.270127  -0.261231  1.000000  
45.895777 0.010243  -0.022503  0.009229  0.618901  0.728281  0.294224  -0.772156  0.632787  0.057919  -0.144000  -0.263033  0.953980  -0.030390  0.032360  0.007213  -1.243992  1.276461  -0.268889  1.000000  
45.897026 0.010205  -0.022465  0.009244  0.619522  0.728581  0.292169  -0.771953  0.632993  0.058374  -0.142411  -0.261705  0.954584  -0.030347  0.031964  0.007867  -1.234750  1.282896  -0.263624  1.000000  
45.898027 0.010176  -0.022435  0.009255  0.620105  0.728740  0.290529  -0.771704  0.633269  0.058682  -0.141219  -0.260592  0.955065  -0.030307  0.031682  0.008286  -1.231151  1.290924  -0.262795  1.000000  
45.899276 0.010139  -0.022398  0.009269  0.620882  0.728866  0.288547  -0.771368  0.633623  0.059271  -0.139629  -0.259376  0.955629  -0.030188  0.031384  0.008737  -1.215179  1.301411  -0.269052  1.000000  
45.900526 0.010101  -0.022362  0.009282  0.621498  0.729119  0.286575  -0.771158  0.633829  0.059798  -0.138039  -0.258159  0.956190  -0.030211  0.031136  0.009137  -1.205035  1.307719  -0.262160  1.000000  
45.901777 0.010062  -0.022325  0.009296  0.622124  0.729425  0.284432  -0.770960  0.634018  0.060347  -0.136316  -0.256829  0.956795  -0.030149  0.030841  0.009476  -1.195386  1.318830  -0.254310  1.000000  
45.902803 0.010032  -0.022297  0.009307  0.622714  0.729558  0.282793  -0.770717  0.634268  0.060826  -0.134991  -0.255831  0.957250  -0.030062  0.030469  0.009845  -1.184012  1.327519  -0.258022  1.000000  
45.904031 0.009992  -0.022262  0.009322  0.623178  0.729918  0.280836  -0.770642  0.634297  0.061468  -0.133267  -0.254729  0.957785  -0.030430  0.030375  0.010373  -1.171608  1.328619  -0.245887  1.000000  
45.905042 0.009961  -0.022234  0.009334  0.623766  0.730046  0.279195  -0.770395  0.634551  0.061945  -0.131941  -0.253729  0.958234  -0.030278  0.029865  0.010718  -1.159774  1.332235  -0.246380  1.000000  
45.906281 0.009921  -0.022199  0.009351  0.624226  0.730433  0.277146  -0.770315  0.634593  0.062508  -0.130217  -0.252508  0.958793  -0.030373  0.029581  0.011253  -1.149812  1.343375  -0.238343  1.000000  
45.907526 0.009882  -0.022165  0.009369  0.624855  0.730673  0.275089  -0.770117  0.634754  0.063304  -0.128359  -0.251407  0.959332  -0.030537  0.029238  0.011645  -1.131569  1.354337  -0.230304  1.000000  
45.908532 0.009851  -0.022137  0.009383  0.625290  0.730943  0.273375  -0.770006  0.634837  0.063820  -0.126899  -0.250407  0.959788  -0.030571  0.028972  0.011892  -1.120938  1.365028  -0.221872  1.000000  
