1-Time 2-Px 3-Py 4-Pz 5-R11 6-R21 7-R31 8-R12 9-R22 10-R32 11-R13 12-R23 13-R33 14-Vx 15-Vy 16-Vz 17-Wx 18-Wy 19-Wz 20-state
56.701696 -0.007763  -0.026592  -0.022006  0.734595  0.645872  0.207894  -0.633575  0.762602  -0.130461  -0.242802  -0.035880  0.969412  -0.000194  -0.000196  0.000071  0.000000  0.000000  0.000000  1.000000  
56.702815 -0.007763  -0.026592  -0.022005  0.734620  0.645875  0.207796  -0.633596  0.762599  -0.130377  -0.242672  -0.035882  0.969445  0.001034  0.000082  0.000454  0.000000  0.000000  0.000000  1.000000  
56.704058 -0.007754  -0.026582  -0.021988  0.734620  0.645875  0.207796  -0.633596  0.762599  -0.130377  -0.242672  -0.035882  0.969445  0.004851  0.005051  0.008910  0.000000  0.000000  0.000000  1.000000  
56.705076 -0.007744  -0.026570  -0.021969  0.734620  0.645901  0.207717  -0.633596  0.762583  -0.130469  -0.242672  -0.035764  0.969449  0.006464  0.007283  0.012340  0.000000  0.000000  0.000000  1.000000  
56.706298 -0.007737  -0.026558  -0.021946  0.734620  0.645901  0.207717  -0.633596  0.762583  -0.130469  -0.242672  -0.035764  0.969449  0.006350  0.008128  0.014211  0.000000  0.000000  0.000000  1.000000  
56.707550 -0.007730  -0.026548  -0.021928  0.734620  0.645926  0.207639  -0.633596  0.762567  -0.130562  -0.242672  -0.035646  0.969453  0.006033  0.008108  0.014253  0.000000  0.000000  0.000000  1.000000  
56.708551 -0.007723  -0.026537  -0.021916  0.734620  0.645926  0.207639  -0.633596  0.762567  -0.130562  -0.242672  -0.035646  0.969453  0.006200  0.008475  0.013852  0.000000  0.000000  0.000000  1.000000  
56.709572 -0.007714  -0.026524  -0.021909  0.734620  0.645926  0.207639  -0.633596  0.762567  -0.130562  -0.242672  -0.035646  0.969453  0.006594  0.009123  0.012894  0.000000  0.000000  0.000000  1.000000  
56.710800 -0.007707  -0.026508  -0.021901  0.734489  0.646083  0.207612  -0.633748  0.762434  -0.130604  -0.242672  -0.035646  0.969453  0.006507  0.009672  0.012007  0.000000  0.000000  0.000000  1.000000  
56.711815 -0.007705  -0.026498  -0.021891  0.734489  0.646083  0.207612  -0.633748  0.762434  -0.130604  -0.242672  -0.035646  0.969453  0.005976  0.009627  0.011758  0.000000  0.000000  0.000000  1.000000  
56.712824 -0.007704  -0.026490  -0.021879  0.734489  0.646058  0.207691  -0.633748  0.762450  -0.130512  -0.242672  -0.035764  0.969449  0.005527  0.009500  0.011833  0.000000  0.000000  0.000000  1.000000  
56.714055 -0.007700  -0.026477  -0.021861  0.734489  0.646032  0.207769  -0.633748  0.762466  -0.130419  -0.242672  -0.035882  0.969445  0.005264  0.009556  0.012117  0.000000  0.000000  0.000000  1.000000  
56.715303 -0.007695  -0.026460  -0.021842  0.734359  0.646164  0.207820  -0.633899  0.762349  -0.130370  -0.242672  -0.035999  0.969440  0.005171  0.010001  0.012364  0.000000  0.000000  0.000000  1.000000  
56.716303 -0.007689  -0.026443  -0.021824  0.734203  0.646292  0.207970  -0.634029  0.762235  -0.130405  -0.242802  -0.036116  0.969403  0.005212  0.010435  0.012750  0.000000  0.000000  0.000000  1.000000  
56.717551 -0.007677  -0.026421  -0.021797  0.734073  0.646399  0.208100  -0.634180  0.762133  -0.130263  -0.242802  -0.036351  0.969395  0.005745  0.011398  0.013920  0.000000  0.000000  0.000000  1.000000  
56.718800 -0.007663  -0.026396  -0.021765  0.734048  0.646344  0.208355  -0.634159  0.762168  -0.130163  -0.242932  -0.036585  0.969353  0.006152  0.012600  0.015123  0.000000  0.000000  0.000000  1.000000  
56.720057 -0.007648  -0.026368  -0.021735  0.734048  0.646319  0.208434  -0.634159  0.762184  -0.130070  -0.242932  -0.036702  0.969349  0.006394  0.013503  0.015605  0.000000  0.000000  0.000000  1.000000  
56.721300 -0.007634  -0.026338  -0.021710  0.734073  0.646298  0.208414  -0.634180  0.762197  -0.129893  -0.242802  -0.036821  0.969377  0.006848  0.014761  0.015803  0.000000  0.000000  0.000000  1.000000  
56.722551 -0.007624  -0.026308  -0.021689  0.733942  0.646429  0.208465  -0.634331  0.762079  -0.129843  -0.242802  -0.036939  0.969372  0.007120  0.016078  0.015944  0.000000  0.000000  0.000000  1.000000  
56.723554 -0.007617  -0.026286  -0.021674  0.733942  0.646429  0.208465  -0.634331  0.762079  -0.129843  -0.242802  -0.036939  0.969372  0.006997  0.016816  0.016270  0.000000  0.000000  0.000000  1.000000  
56.724555 -0.007610  -0.026263  -0.021656  0.733967  0.646433  0.208367  -0.634352  0.762076  -0.129759  -0.242672  -0.036940  0.969405  0.006929  0.017375  0.016899  0.000000  0.000000  0.000000  1.000000  
56.725570 -0.007605  -0.026243  -0.021632  0.733836  0.646565  0.208419  -0.634503  0.761959  -0.129709  -0.242672  -0.037057  0.969400  0.006846  0.017926  0.018244  0.000000  0.000000  0.000000  1.000000  
56.726807 -0.007602  -0.026218  -0.021592  0.733861  0.646568  0.208321  -0.634525  0.761955  -0.129624  -0.242542  -0.037059  0.969433  0.006851  0.018677  0.019941  0.000000  0.000000  0.000000  1.000000  
56.727813 -0.007603  -0.026198  -0.021558  0.733885  0.646572  0.208223  -0.634546  0.761952  -0.129539  -0.242412  -0.037060  0.969465  0.006738  0.019448  0.021372  0.000000  0.000000  0.000000  1.000000  
56.729057 -0.007602  -0.026171  -0.021518  0.733910  0.646576  0.208125  -0.634567  0.761949  -0.129454  -0.242283  -0.037061  0.969498  0.006617  0.020553  0.022946  0.000000  0.000000  0.000000  1.000000  
56.730058 -0.007597  -0.026147  -0.021488  0.734065  0.646423  0.208053  -0.634437  0.762079  -0.129327  -0.242153  -0.037062  0.969530  0.006619  0.021208  0.023981  0.000000  0.000000  0.000000  1.000000  
56.731078 -0.007589  -0.026121  -0.021464  0.734090  0.646401  0.208033  -0.634458  0.762091  -0.129150  -0.242023  -0.037181  0.969558  0.006759  0.021836  0.024404  0.000000  0.000000  0.000000  1.000000  
56.732306 -0.007580  -0.026088  -0.021437  0.734114  0.646405  0.207935  -0.634480  0.762088  -0.129065  -0.241893  -0.037182  0.969590  0.006592  0.022546  0.024420  0.000000  0.000000  0.000000  1.000000  
56.733551 -0.007571  -0.026057  -0.021412  0.734269  0.646227  0.207942  -0.634350  0.762233  -0.128845  -0.241763  -0.037301  0.969618  0.006345  0.022947  0.024005  0.000000  0.000000  0.000000  1.000000  
56.734555 -0.007564  -0.026032  -0.021392  0.734269  0.646201  0.208020  -0.634350  0.762249  -0.128752  -0.241763  -0.037419  0.969614  0.005905  0.023144  0.023635  0.000000  0.000000  0.000000  1.000000  
56.735799 -0.007557  -0.026001  -0.021368  0.734449  0.646027  0.207929  -0.634241  0.762391  -0.128447  -0.241504  -0.037539  0.969674  0.005515  0.023217  0.023437  0.000000  0.000000  0.000000  1.000000  
56.737051 -0.007554  -0.025974  -0.021343  0.734628  0.645852  0.207837  -0.634132  0.762533  -0.128142  -0.241244  -0.037659  0.969734  0.004975  0.023073  0.023626  0.000000  0.000000  0.000000  1.000000  
56.738052 -0.007553  -0.025954  -0.021321  0.734677  0.645860  0.207641  -0.634174  0.762526  -0.127973  -0.240984  -0.037662  0.969798  0.004466  0.022845  0.024199  0.000000  0.000000  0.000000  1.000000  
56.739300 -0.007553  -0.025931  -0.021289  0.735011  0.645557  0.207399  -0.633934  0.762782  -0.127633  -0.240595  -0.037665  0.969895  0.003987  0.022540  0.024836  0.000000  0.000000  0.000000  1.000000  
56.740300 -0.007553  -0.025912  -0.021261  0.735190  0.645408  0.207228  -0.633825  0.762909  -0.127421  -0.240335  -0.037668  0.969959  0.003554  0.022366  0.025185  0.000000  0.000000  0.000000  1.000000  
56.741300 -0.007554  -0.025894  -0.021230  0.735370  0.645258  0.207058  -0.633716  0.763035  -0.127209  -0.240075  -0.037670  0.970023  0.003283  0.022304  0.025286  0.000000  0.000000  0.000000  1.000000  
56.742303 -0.007556  -0.025874  -0.021200  0.735549  0.645134  0.206809  -0.633606  0.763146  -0.127089  -0.239815  -0.037555  0.970092  0.003117  0.022303  0.025031  0.000000  0.000000  0.000000  1.000000  
56.743305 -0.007556  -0.025853  -0.021173  0.735858  0.644853  0.206587  -0.633345  0.763389  -0.126927  -0.239555  -0.037440  0.970161  0.003122  0.022331  0.024582  0.000000  0.000000  0.000000  1.000000  
56.744309 -0.007553  -0.025830  -0.021149  0.736061  0.644732  0.206239  -0.633256  0.763497  -0.126723  -0.239166  -0.037326  0.970261  0.003141  0.022314  0.023936  0.000000  0.000000  0.000000  1.000000  
56.745555 -0.007545  -0.025798  -0.021123  0.736501  0.644293  0.206042  -0.632843  0.763873  -0.126520  -0.238906  -0.037211  0.970329  0.003186  0.022502  0.023667  0.000000  0.000000  0.000000  1.000000  
56.746819 -0.007536  -0.025764  -0.021096  0.736858  0.644018  0.205622  -0.632623  0.764110  -0.126189  -0.238386  -0.037098  0.970462  0.003054  0.022361  0.023375  0.000000  0.000000  0.000000  1.000000  
56.748073 -0.007527  -0.025732  -0.021064  0.737215  0.643743  0.205202  -0.632403  0.764347  -0.125859  -0.237866  -0.036985  0.970593  0.003071  0.022442  0.023814  0.000000  0.000000  0.000000  1.000000  
56.749301 -0.007522  -0.025703  -0.021026  0.737702  0.643311  0.204807  -0.632030  0.764716  -0.125487  -0.237347  -0.036872  0.970725  0.002868  0.022308  0.024858  0.000000  0.000000  0.000000  1.000000  
56.750301 -0.007519  -0.025683  -0.020994  0.738165  0.642850  0.204589  -0.631636  0.765104  -0.125107  -0.236957  -0.036876  0.970820  0.002661  0.021988  0.025676  0.000000  0.000000  0.000000  1.000000  
56.751550 -0.007519  -0.025660  -0.020954  0.738651  0.642392  0.204271  -0.631262  0.765488  -0.124643  -0.236437  -0.036881  0.970947  0.002368  0.021640  0.026651  0.040703  0.227164  -0.172930  1.000000  
56.752587 -0.007519  -0.025642  -0.020923  0.738983  0.642113  0.203948  -0.631020  0.765728  -0.124399  -0.236047  -0.036766  0.971046  0.002255  0.021468  0.027415  0.039839  0.240760  -0.185570  1.000000  
56.753800 -0.007519  -0.025619  -0.020888  0.739339  0.641813  0.203604  -0.630797  0.765979  -0.123977  -0.235526  -0.036771  0.971172  0.002276  0.021363  0.027671  0.043149  0.255154  -0.198813  1.000000  
56.754806 -0.007518  -0.025601  -0.020862  0.739647  0.641529  0.203379  -0.630534  0.766222  -0.123818  -0.235266  -0.036656  0.971239  0.002328  0.021455  0.027498  0.038258  0.264547  -0.211825  1.000000  
56.756052 -0.007518  -0.025578  -0.020832  0.739978  0.641225  0.203133  -0.630290  0.766477  -0.123481  -0.234876  -0.036659  0.971334  0.002351  0.021317  0.027044  0.042839  0.276657  -0.229693  1.000000  
56.757299 -0.007517  -0.025552  -0.020801  0.740439  0.640787  0.202835  -0.629894  0.766848  -0.123196  -0.234486  -0.036545  0.971432  0.002615  0.021449  0.026577  0.043629  0.286233  -0.249301  1.000000  
56.758300 -0.007513  -0.025528  -0.020776  0.740794  0.640511  0.202412  -0.629670  0.767084  -0.122869  -0.233966  -0.036432  0.971562  0.002863  0.021643  0.026471  0.042768  0.300099  -0.262159  1.000000  
56.759303 -0.007508  -0.025502  -0.020749  0.740995  0.640364  0.202140  -0.629579  0.767207  -0.122575  -0.233575  -0.036435  0.971656  0.003032  0.021843  0.026679  0.042687  0.308954  -0.261788  1.000000  
56.760303 -0.007502  -0.025478  -0.020718  0.741325  0.640084  0.201815  -0.629334  0.767446  -0.122332  -0.233185  -0.036321  0.971754  0.003033  0.021859  0.027306  0.042304  0.317588  -0.278214  1.000000  
56.761303 -0.007496  -0.025453  -0.020682  0.741679  0.639783  0.201469  -0.629109  0.767697  -0.121913  -0.232665  -0.036326  0.971878  0.002940  0.021684  0.028273  0.041326  0.335290  -0.290265  1.000000  
56.762551 -0.007490  -0.025424  -0.020633  0.742033  0.639481  0.201122  -0.628884  0.767948  -0.121493  -0.232144  -0.036330  0.972003  0.002701  0.021384  0.029644  0.044153  0.346508  -0.300808  1.000000  
56.763552 -0.007488  -0.025401  -0.020591  0.742340  0.639197  0.200896  -0.628619  0.768190  -0.121336  -0.231884  -0.036215  0.972069  0.002467  0.021261  0.030581  0.037888  0.353714  -0.309504  1.000000  
56.764798 -0.007486  -0.025371  -0.020538  0.742564  0.639054  0.200524  -0.628546  0.768309  -0.120958  -0.231363  -0.036219  0.972193  0.002327  0.021429  0.031487  0.033710  0.367288  -0.309060  1.000000  
56.766048 -0.007484  -0.025341  -0.020490  0.742893  0.638748  0.200276  -0.628300  0.768563  -0.120624  -0.230973  -0.036223  0.972286  0.002317  0.021843  0.031994  0.032543  0.373664  -0.319469  1.000000  
56.767048 -0.007483  -0.025319  -0.020455  0.743070  0.638597  0.200102  -0.628187  0.768688  -0.120414  -0.230712  -0.036225  0.972347  0.002405  0.022156  0.032221  0.028411  0.373699  -0.319481  1.000000  
56.768055 -0.007483  -0.025296  -0.020423  0.743399  0.638292  0.199853  -0.627941  0.768941  -0.120080  -0.230322  -0.036229  0.972440  0.002379  0.022452  0.032434  0.030136  0.376981  -0.328819  1.000000  
56.769299 -0.007484  -0.025267  -0.020383  0.743704  0.637983  0.199704  -0.627675  0.769198  -0.119830  -0.230061  -0.036231  0.972501  0.002302  0.022897  0.032818  0.031416  0.374182  -0.332843  1.000000  
56.770549 -0.007484  -0.025236  -0.020337  0.743904  0.637835  0.199430  -0.627581  0.769320  -0.119537  -0.229671  -0.036234  0.972594  0.002329  0.023499  0.033867  0.029915  0.377086  -0.328964  1.000000  
56.771552 -0.007483  -0.025210  -0.020299  0.744210  0.637502  0.199358  -0.627314  0.769591  -0.119194  -0.229410  -0.036355  0.972651  0.002332  0.023901  0.034938  0.039597  0.377296  -0.335667  1.000000  
56.772799 -0.007482  -0.025177  -0.020246  0.744362  0.637323  0.199360  -0.627181  0.769733  -0.118976  -0.229280  -0.036474  0.972677  0.002235  0.024171  0.036209  0.047311  0.369914  -0.333253  1.000000  
56.774048 -0.007478  -0.025144  -0.020193  0.744667  0.636989  0.199287  -0.626914  0.770004  -0.118633  -0.229020  -0.036594  0.972734  0.002084  0.024339  0.037580  0.055282  0.365436  -0.333432  1.000000  
56.775298 -0.007474  -0.025110  -0.020140  0.744972  0.636656  0.199214  -0.626646  0.770274  -0.118290  -0.228759  -0.036714  0.972791  0.001859  0.024485  0.038566  0.063245  0.360912  -0.333568  1.000000  
56.776306 -0.007471  -0.025084  -0.020098  0.745148  0.636480  0.199116  -0.626532  0.770413  -0.117988  -0.228498  -0.036835  0.972847  0.001545  0.024604  0.039039  0.069618  0.360559  -0.326830  1.000000  
56.777552 -0.007469  -0.025051  -0.020046  0.745453  0.636122  0.199120  -0.626265  0.770697  -0.117551  -0.228238  -0.037073  0.972899  0.001384  0.024896  0.039093  0.081624  0.351724  -0.327234  1.000000  
56.778802 -0.007469  -0.025018  -0.019997  0.745781  0.635792  0.198946  -0.626017  0.770964  -0.117125  -0.227847  -0.037195  0.972986  0.001239  0.025183  0.038859  0.087042  0.345104  -0.316848  1.000000  
56.780054 -0.007469  -0.024985  -0.019948  0.746237  0.635303  0.198796  -0.625615  0.771361  -0.116657  -0.227456  -0.037316  0.973073  0.001090  0.025395  0.038768  0.090960  0.340615  -0.317021  1.000000  
56.781299 -0.007469  -0.024952  -0.019899  0.746565  0.634973  0.198622  -0.625366  0.771627  -0.116231  -0.227065  -0.037438  0.973160  0.000997  0.025644  0.038931  0.094125  0.337837  -0.314427  1.000000  
56.782550 -0.007470  -0.024918  -0.019846  0.747020  0.634508  0.198394  -0.624963  0.772009  -0.115857  -0.226674  -0.037441  0.973251  0.000863  0.025989  0.039586  0.098143  0.333798  -0.315065  1.000000  
56.783798 -0.007473  -0.024884  -0.019790  0.747476  0.634018  0.198243  -0.624560  0.772405  -0.115391  -0.226284  -0.037563  0.973337  0.000739  0.026367  0.040669  0.103493  0.329192  -0.321524  1.000000  
56.784799 -0.007476  -0.024855  -0.019742  0.747780  0.633708  0.198090  -0.624291  0.772660  -0.115142  -0.226023  -0.037565  0.973397  0.000525  0.026653  0.041558  0.107467  0.329235  -0.321625  1.000000  
56.786049 -0.007478  -0.024818  -0.019681  0.748363  0.633059  0.197962  -0.623733  0.773186  -0.114635  -0.225632  -0.037687  0.973483  0.000388  0.026985  0.042437  0.114523  0.329722  -0.334941  1.000000  
56.787049 -0.007479  -0.024788  -0.019633  0.748818  0.632593  0.197732  -0.623329  0.773567  -0.114263  -0.225241  -0.037690  0.973574  0.000237  0.027284  0.043068  0.118424  0.329693  -0.334984  1.000000  
56.788055 -0.007479  -0.024758  -0.019584  0.749272  0.632103  0.197579  -0.622924  0.773961  -0.113797  -0.224850  -0.037812  0.973660  0.000086  0.027515  0.043423  0.128964  0.328144  -0.344653  1.000000  
56.789298 -0.007480  -0.024720  -0.019530  0.749877  0.631457  0.197348  -0.622383  0.774482  -0.113207  -0.224328  -0.037934  0.973775  -0.000222  0.027859  0.043444  0.136523  0.330760  -0.361769  1.000000  
56.790299 -0.007481  -0.024690  -0.019490  0.750354  0.630970  0.197093  -0.621997  0.774873  -0.112659  -0.223807  -0.038057  0.973890  -0.000537  0.028087  0.043373  0.146005  0.335476  -0.368319  1.000000  
56.791302 -0.007482  -0.024659  -0.019451  0.750958  0.630324  0.196861  -0.621455  0.775393  -0.112070  -0.223285  -0.038180  0.974005  -0.000771  0.028319  0.043099  0.152957  0.335973  -0.381659  1.000000  
56.792555 -0.007486  -0.024622  -0.019403  0.751584  0.629657  0.196603  -0.620931  0.775923  -0.111305  -0.222633  -0.038422  0.974145  -0.001118  0.028632  0.042903  0.169348  0.343764  -0.398119  1.000000  
56.793801 -0.007492  -0.024587  -0.019351  0.752338  0.628854  0.196291  -0.620252  0.776567  -0.110594  -0.221980  -0.038546  0.974289  -0.001552  0.028691  0.043016  0.177916  0.349120  -0.418257  1.000000  
56.794802 -0.007498  -0.024561  -0.019308  0.752812  0.628366  0.196033  -0.619862  0.776956  -0.110047  -0.221459  -0.038669  0.974403  -0.001972  0.028763  0.043402  0.184918  0.358585  -0.431319  1.000000  
56.796053 -0.007506  -0.024525  -0.019251  0.753715  0.627407  0.195640  -0.619045  0.777725  -0.109213  -0.220676  -0.038794  0.974575  -0.002524  0.028919  0.043905  0.194970  0.373118  -0.457765  1.000000  
56.797300 -0.007514  -0.024488  -0.019192  0.754511  0.626610  0.195123  -0.618399  0.778360  -0.108339  -0.219762  -0.038921  0.974777  -0.002971  0.029186  0.044347  0.201762  0.388737  -0.473478  1.000000  
56.798557 -0.007522  -0.024450  -0.019134  0.755433  0.625653  0.194625  -0.617597  0.779124  -0.107425  -0.218848  -0.039047  0.974977  -0.003283  0.029422  0.044454  0.211716  0.407770  -0.499745  1.000000  
56.799569 -0.007527  -0.024418  -0.019089  0.756055  0.625031  0.194208  -0.617067  0.779622  -0.106853  -0.218195  -0.039053  0.975123  -0.003448  0.029636  0.044209  0.217632  0.420515  -0.523318  1.000000  
56.800799 -0.007533  -0.024375  -0.019034  0.756975  0.624073  0.193708  -0.616261  0.780383  -0.105941  -0.217281  -0.039180  0.975322  -0.003709  0.030044  0.043898  0.227725  0.444364  -0.549833  1.000000  
56.802049 -0.007537  -0.024331  -0.018978  0.757915  0.623117  0.193103  -0.615472  0.781140  -0.104949  -0.216236  -0.039307  0.975549  -0.003881  0.030472  0.043616  0.233505  0.472432  -0.575770  1.000000  
56.803298 -0.007542  -0.024288  -0.018926  0.758959  0.622020  0.192544  -0.614506  0.782014  -0.104096  -0.215322  -0.039315  0.975751  -0.004168  0.030914  0.043257  0.238343  0.501017  -0.615231  1.000000  
56.804551 -0.007547  -0.024245  -0.018873  0.759896  0.621063  0.191935  -0.613713  0.782768  -0.103107  -0.214276  -0.039443  0.975976  -0.004520  0.031161  0.043175  0.239938  0.529067  -0.641057  1.000000  
56.805798 -0.007554  -0.024203  -0.018819  0.760832  0.620105  0.191324  -0.612917  0.783520  -0.102119  -0.213231  -0.039571  0.976200  -0.004843  0.031382  0.043502  0.245190  0.553031  -0.668437  1.000000  
56.807048 -0.007562  -0.024161  -0.018763  0.761892  0.618962  0.190807  -0.611963  0.784411  -0.100998  -0.212185  -0.039817  0.976418  -0.005185  0.031729  0.044073  0.256278  0.581094  -0.700693  1.000000  
56.808055 -0.007569  -0.024129  -0.018715  0.762676  0.618160  0.190272  -0.611302  0.785037  -0.100135  -0.211270  -0.039943  0.976611  -0.005404  0.032069  0.044590  0.258370  0.604753  -0.725953  1.000000  
56.809304 -0.007579  -0.024089  -0.018655  0.763754  0.617020  0.189647  -0.610361  0.785921  -0.098935  -0.210092  -0.040191  0.976855  -0.005590  0.032434  0.044997  0.269443  0.633252  -0.758716  1.000000  
56.810551 -0.007588  -0.024049  -0.018596  0.764830  0.615879  0.189018  -0.609417  0.786803  -0.097738  -0.208915  -0.040438  0.977097  -0.005677  0.032715  0.045180  0.280654  0.655896  -0.778186  1.000000  
56.811552 -0.007594  -0.024014  -0.018552  0.765610  0.615075  0.188477  -0.608751  0.787424  -0.096878  -0.207999  -0.040565  0.977288  -0.005635  0.033157  0.045015  0.286999  0.684687  -0.803990  1.000000  
56.812553 -0.007600  -0.023979  -0.018511  0.766367  0.614244  0.188111  -0.608066  0.788060  -0.096005  -0.207214  -0.040809  0.977444  -0.005670  0.033649  0.044975  0.299127  0.699018  -0.823654  1.000000  
56.813801 -0.007606  -0.023933  -0.018460  0.767291  0.613259  0.187558  -0.607256  0.788814  -0.094932  -0.206166  -0.041055  0.977655  -0.005486  0.033912  0.044149  0.307084  0.722499  -0.843068  1.000000  
56.815049 -0.007609  -0.023886  -0.018410  0.768338  0.612111  0.187021  -0.606286  0.789693  -0.093822  -0.205119  -0.041302  0.977865  -0.005325  0.034334  0.043800  0.319172  0.750486  -0.862396  1.000000  
56.816057 -0.007612  -0.023848  -0.018367  0.769112  0.611305  0.186472  -0.605614  0.790310  -0.092967  -0.204202  -0.041428  0.978052  -0.005258  0.034524  0.043650  0.322926  0.769128  -0.881668  1.000000  
56.817298 -0.007616  -0.023801  -0.018311  0.770156  0.610133  0.186005  -0.604639  0.791196  -0.091764  -0.203154  -0.041793  0.978254  -0.005205  0.034758  0.043831  0.334992  0.792970  -0.901354  1.000000  
56.818300 -0.007619  -0.023764  -0.018263  0.771051  0.609164  0.185470  -0.603804  0.791936  -0.090873  -0.202237  -0.041920  0.978439  -0.005152  0.034943  0.044190  0.340198  0.805487  -0.913779  1.000000  
56.819548 -0.007624  -0.023718  -0.018201  0.772112  0.607994  0.184894  -0.602842  0.792814  -0.089592  -0.201058  -0.042287  0.978666  -0.005163  0.035125  0.044801  0.350444  0.830852  -0.940375  1.000000  
56.820798 -0.007630  -0.023672  -0.018139  0.773171  0.606847  0.184240  -0.601877  0.793680  -0.088409  -0.199878  -0.042535  0.978897  -0.005077  0.035402  0.045319  0.355094  0.847236  -0.951781  1.000000  
56.821864 -0.007635  -0.023636  -0.018089  0.774061  0.605830  0.183845  -0.601036  0.794436  -0.087330  -0.198960  -0.042899  0.979068  -0.004889  0.035468  0.045468  0.367627  0.862438  -0.970970  1.000000  
56.823048 -0.007640  -0.023591  -0.018027  0.775136  0.604664  0.183155  -0.600082  0.795305  -0.085973  -0.197649  -0.043267  0.979318  -0.004740  0.035876  0.045856  0.376791  0.884840  -0.983863  1.000000  
56.824055 -0.007644  -0.023554  -0.017979  0.775900  0.603833  0.182664  -0.599397  0.795923  -0.085031  -0.196730  -0.043513  0.979492  -0.004393  0.036267  0.045765  0.380474  0.901544  -0.998198  1.000000  
56.825298 -0.007647  -0.023507  -0.017921  0.776950  0.602660  0.182071  -0.598422  0.796791  -0.083758  -0.195550  -0.043880  0.979712  -0.004091  0.036621  0.045767  0.388814  0.913183  -1.009491  1.000000  
56.826300 -0.007650  -0.023469  -0.017877  0.777813  0.601637  0.181769  -0.597558  0.797543  -0.082763  -0.194762  -0.044243  0.979852  -0.003782  0.036946  0.045734  0.399368  0.921066  -1.017881  1.000000  
56.827301 -0.007652  -0.023431  -0.017831  0.778695  0.600619  0.181361  -0.596707  0.798290  -0.081690  -0.193844  -0.044608  0.980018  -0.003545  0.037114  0.045991  0.415028  0.934009  -1.034569  1.000000  
56.828302 -0.007654  -0.023393  -0.017785  0.779554  0.599595  0.181055  -0.595839  0.799039  -0.080697  -0.193056  -0.044972  0.980157  -0.003343  0.037255  0.046340  0.422391  0.931501  -1.037907  1.000000  
56.829302 -0.007655  -0.023355  -0.017736  0.780413  0.598548  0.180819  -0.594970  0.799796  -0.079608  -0.192268  -0.045455  0.980289  -0.003193  0.037303  0.046972  0.440924  0.937209  -1.051608  1.000000  
56.830551 -0.007658  -0.023310  -0.017673  0.781677  0.597017  0.180421  -0.593647  0.800912  -0.078250  -0.191218  -0.045940  0.980472  -0.003134  0.037164  0.047702  0.456008  0.942293  -1.070967  1.000000  
56.831799 -0.007661  -0.023265  -0.017609  0.782837  0.595632  0.179969  -0.592497  0.801908  -0.076754  -0.190035  -0.046545  0.980673  -0.003087  0.037004  0.048370  0.473891  0.947840  -1.084298  1.000000  
56.833049 -0.007664  -0.023221  -0.017546  0.784116  0.594081  0.179528  -0.591183  0.803022  -0.075222  -0.188853  -0.047151  0.980873  -0.003023  0.036824  0.048643  0.495851  0.957733  -1.097373  1.000000  
56.834298 -0.007668  -0.023177  -0.017483  0.785391  0.592529  0.179082  -0.589865  0.804132  -0.073692  -0.187670  -0.047757  0.981070  -0.002951  0.036650  0.048693  0.515113  0.963688  -1.117581  1.000000  
56.835299 -0.007671  -0.023143  -0.017436  0.786239  0.591479  0.178830  -0.588985  0.804876  -0.072608  -0.186882  -0.048240  0.981197  -0.002858  0.036536  0.048552  0.527743  0.964238  -1.124136  1.000000  
56.836548 -0.007675  -0.023101  -0.017376  0.787610  0.589754  0.178494  -0.587484  0.806104  -0.071123  -0.185830  -0.048845  0.981367  -0.002759  0.036421  0.048565  0.548229  0.961382  -1.151351  1.000000  
56.837549 -0.007679  -0.023068  -0.017327  0.788575  0.588559  0.178179  -0.586437  0.806955  -0.070102  -0.185041  -0.049210  0.981498  -0.002682  0.036083  0.048275  0.554024  0.957885  -1.165054  1.000000  
56.838798 -0.007683  -0.023024  -0.017266  0.789799  0.586992  0.177926  -0.585078  0.808059  -0.068734  -0.184121  -0.049814  0.981641  -0.002639  0.035906  0.048396  0.568770  0.951678  -1.175910  1.000000  
56.839799 -0.007686  -0.022990  -0.017216  0.790780  0.585757  0.177640  -0.584042  0.808917  -0.067441  -0.183200  -0.050418  0.981782  -0.002650  0.035739  0.048572  0.586391  0.952555  -1.189017  1.000000  
56.840799 -0.007690  -0.022955  -0.017165  0.792018  0.584193  0.177273  -0.582691  0.810009  -0.065998  -0.182148  -0.051024  0.981946  -0.002719  0.035606  0.049004  0.601162  0.958233  -1.208533  1.000000  
56.841799 -0.007694  -0.022920  -0.017113  0.793095  0.582805  0.177028  -0.581472  0.810978  -0.064846  -0.181358  -0.051508  0.982067  -0.002820  0.035377  0.049430  0.616200  0.955090  -1.228830  1.000000  
56.842805 -0.007698  -0.022886  -0.017060  0.794308  0.581233  0.176758  -0.580102  0.812066  -0.063483  -0.180437  -0.052112  0.982205  -0.003006  0.035076  0.049881  0.634128  0.963767  -1.258493  1.000000  
56.844054 -0.007704  -0.022844  -0.016994  0.795537  0.579666  0.176376  -0.578742  0.813147  -0.062044  -0.179384  -0.052718  0.982366  -0.003292  0.034667  0.050353  0.649913  0.965793  -1.272742  1.000000  
56.845301 -0.007710  -0.022803  -0.016929  0.796920  0.577920  0.175860  -0.577244  0.814341  -0.060317  -0.178068  -0.053446  0.982566  -0.003504  0.034350  0.050460  0.664544  0.976491  -1.292476  1.000000  
56.846302 -0.007716  -0.022771  -0.016878  0.798005  0.576512  0.175562  -0.576028  0.815299  -0.058994  -0.177146  -0.054051  0.982699  -0.003778  0.034040  0.050420  0.683453  0.977824  -1.312538  1.000000  
56.847636 -0.007724  -0.022733  -0.016820  0.799262  0.574932  0.175022  -0.574686  0.816365  -0.057307  -0.175829  -0.054780  0.982895  -0.004073  0.033483  0.049777  0.694594  0.980922  -1.321927  1.000000  
56.848802 -0.007734  -0.022695  -0.016764  0.800634  0.573162  0.174557  -0.573176  0.817552  -0.055486  -0.174512  -0.055627  0.983082  -0.004526  0.033239  0.049631  0.719196  0.994441  -1.345379  1.000000  
56.850048 -0.007742  -0.022657  -0.016708  0.801884  0.571559  0.174074  -0.571826  0.818615  -0.053704  -0.173194  -0.056475  0.983267  -0.004745  0.032969  0.049293  0.735731  0.997006  -1.353952  1.000000  
56.851048 -0.007749  -0.022627  -0.016664  0.802976  0.570154  0.173650  -0.570612  0.819552  -0.052311  -0.172140  -0.057082  0.983417  -0.005057  0.032676  0.049035  0.753757  1.001749  -1.372114  1.000000  
56.852050 -0.007757  -0.022598  -0.016617  0.803966  0.568903  0.173173  -0.569574  0.820370  -0.050779  -0.170954  -0.057810  0.983582  -0.005401  0.032373  0.048981  0.765703  1.011791  -1.378116  1.000000  
56.853298 -0.007766  -0.022561  -0.016557  0.805360  0.567163  0.172399  -0.568075  0.821522  -0.048914  -0.169371  -0.058542  0.983812  -0.005698  0.032070  0.048929  0.779764  1.027137  -1.397689  1.000000  
56.854299 -0.007775  -0.022531  -0.016508  0.806461  0.565742  0.171922  -0.566864  0.822449  -0.047350  -0.168185  -0.059271  0.983972  -0.006017  0.031769  0.048882  0.798305  1.037883  -1.417405  1.000000  
56.855549 -0.007783  -0.022493  -0.016448  0.807828  0.563995  0.171243  -0.565344  0.823596  -0.045566  -0.166734  -0.060002  0.984175  -0.006342  0.031356  0.048580  0.808376  1.049793  -1.438370  1.000000  
56.856799 -0.007793  -0.022454  -0.016388  0.808958  0.562607  0.170470  -0.564153  0.824500  -0.043955  -0.165282  -0.060614  0.984382  -0.006614  0.031072  0.048307  0.810470  1.063891  -1.437340  1.000000  
56.857800 -0.007800  -0.022423  -0.016343  0.809933  0.561375  0.169901  -0.563100  0.825294  -0.042532  -0.164094  -0.061223  0.984543  -0.006775  0.030892  0.047829  0.818285  1.074006  -1.443557  1.000000  
56.858802 -0.007807  -0.022392  -0.016298  0.811021  0.559994  0.169268  -0.561877  0.826195  -0.041176  -0.162906  -0.061713  0.984710  -0.006982  0.030689  0.047301  0.823322  1.092444  -1.454578  1.000000  
56.859805 -0.007814  -0.022361  -0.016254  0.812222  0.558421  0.168706  -0.560484  0.827213  -0.039687  -0.161718  -0.062322  0.984867  -0.007135  0.030546  0.046654  0.833451  1.103169  -1.474127  1.000000  
56.860807 -0.007822  -0.022331  -0.016210  0.813321  0.557004  0.168091  -0.559268  0.828113  -0.038060  -0.160398  -0.063053  0.985036  -0.007335  0.030402  0.046154  0.840968  1.117786  -1.479641  1.000000  
56.862057 -0.007833  -0.022293  -0.016155  0.814797  0.555089  0.167275  -0.557569  0.829341  -0.036182  -0.158813  -0.063786  0.985246  -0.007460  0.030295  0.045809  0.846498  1.133410  -1.498940  1.000000  
56.863305 -0.007843  -0.022257  -0.016100  0.816153  0.553324  0.166512  -0.556034  0.830454  -0.034242  -0.157227  -0.064639  0.985445  -0.007635  0.030175  0.045814  0.853766  1.152877  -1.504287  1.000000  
56.864549 -0.007854  -0.022221  -0.016043  0.817618  0.551408  0.165680  -0.554325  0.831671  -0.032372  -0.155642  -0.065373  0.985648  -0.007727  0.030109  0.045830  0.858193  1.168400  -1.517065  1.000000  
56.865552 -0.007863  -0.022192  -0.015997  0.818702  0.550010  0.164974  -0.553094  0.832547  -0.030855  -0.154320  -0.065985  0.985815  -0.007817  0.030020  0.045956  0.861649  1.187452  -1.522302  1.000000  
56.866799 -0.007873  -0.022156  -0.015940  0.820043  0.548223  0.164256  -0.551545  0.833647  -0.028823  -0.152733  -0.066958  0.985997  -0.007842  0.029989  0.045926  0.871848  1.206766  -1.520850  1.000000  
56.868050 -0.007883  -0.022118  -0.015882  0.821363  0.546449  0.163573  -0.549980  0.834742  -0.026969  -0.151278  -0.067811  0.986163  -0.007921  0.030025  0.045768  0.884453  1.226522  -1.532873  1.000000  
56.869299 -0.007892  -0.022080  -0.015827  0.822695  0.544662  0.162839  -0.548422  0.835830  -0.024943  -0.149691  -0.068784  0.986337  -0.007865  0.030058  0.045332  0.890674  1.241077  -1.538508  1.000000  
56.870549 -0.007901  -0.022042  -0.015774  0.824134  0.542723  0.162036  -0.546689  0.837020  -0.022988  -0.148103  -0.069639  0.986517  -0.007806  0.030018  0.044810  0.893345  1.256464  -1.536841  1.000000  
56.871553 -0.007909  -0.022012  -0.015732  0.825293  0.541124  0.161481  -0.545259  0.837994  -0.021423  -0.146912  -0.070369  0.986643  -0.007854  0.029958  0.044466  0.900914  1.271156  -1.542160  1.000000  
56.872799 -0.007918  -0.021974  -0.015680  0.826834  0.538991  0.160733  -0.543348  0.839285  -0.019339  -0.145324  -0.071344  0.986808  -0.007866  0.029904  0.044230  0.907125  1.285709  -1.548020  1.000000  
56.874049 -0.007928  -0.021936  -0.015625  0.828129  0.537214  0.160013  -0.541761  0.840351  -0.017499  -0.143868  -0.072197  0.986960  -0.007929  0.029863  0.044133  0.914234  1.300612  -1.553309  1.000000  
56.875299 -0.007939  -0.021899  -0.015568  0.829641  0.535090  0.159292  -0.539828  0.841631  -0.015597  -0.142411  -0.073050  0.987108  -0.008071  0.029816  0.044310  0.918091  1.307049  -1.565743  1.000000  
56.876314 -0.007948  -0.021869  -0.015519  0.830894  0.533315  0.158715  -0.538212  0.842693  -0.014010  -0.141219  -0.073782  0.987225  -0.008124  0.029786  0.044544  0.923286  1.318458  -1.577374  1.000000  
56.877556 -0.007960  -0.021832  -0.015458  0.832285  0.531343  0.158040  -0.536441  0.843852  -0.012044  -0.139762  -0.074755  0.987359  -0.008220  0.029816  0.045057  0.932901  1.328046  -1.594750  1.000000  
56.878557 -0.007970  -0.021802  -0.015408  0.833418  0.529721  0.157511  -0.534988  0.844795  -0.010392  -0.138569  -0.075606  0.987463  -0.008324  0.030025  0.045642  0.933753  1.330858  -1.596442  1.000000  
56.879805 -0.007982  -0.021764  -0.015346  0.834799  0.527748  0.156822  -0.533209  0.845942  -0.008432  -0.137112  -0.076580  0.987591  -0.008345  0.030000  0.045682  0.938629  1.338628  -1.608647  1.000000  
56.881051 -0.007993  -0.021725  -0.015285  0.836173  0.525775  0.156124  -0.531425  0.847081  -0.006475  -0.135654  -0.077554  0.987716  -0.008410  0.030135  0.045966  0.941458  1.345170  -1.614440  1.000000  
56.882053 -0.008002  -0.021694  -0.015237  0.837185  0.524345  0.155511  -0.530134  0.847899  -0.004964  -0.134461  -0.078286  0.987822  -0.008504  0.030323  0.046037  0.944477  1.346652  -1.620579  1.000000  
56.883298 -0.008013  -0.021653  -0.015178  0.838550  0.522352  0.154862  -0.528342  0.849027  -0.002910  -0.133002  -0.079380  0.987932  -0.008539  0.030507  0.046259  0.953712  1.342983  -1.626661  1.000000  
56.884299 -0.008022  -0.021622  -0.015131  0.839430  0.521088  0.154350  -0.527208  0.849735  -0.001506  -0.131941  -0.080110  0.988015  -0.008676  0.030584  0.046425  0.950738  1.339272  -1.619536  1.000000  
56.885299 -0.008031  -0.021591  -0.015082  0.840308  0.519805  0.153897  -0.526072  0.850440  -0.000000  -0.130880  -0.080961  0.988087  -0.008847  0.030638  0.046939  0.957504  1.336894  -1.612853  1.000000  
56.886549 -0.008044  -0.021551  -0.015022  0.841213  0.518523  0.153278  -0.524953  0.851129  0.001748  -0.129553  -0.081934  0.988182  -0.009006  0.030734  0.047373  0.966331  1.333234  -1.605675  1.000000  
56.887552 -0.008054  -0.021521  -0.014972  0.842194  0.517065  0.152816  -0.523640  0.851933  0.003282  -0.128492  -0.082784  0.988249  -0.009264  0.030737  0.047942  0.973476  1.330314  -1.611999  1.000000  
56.888799 -0.008068  -0.021483  -0.014908  0.843538  0.515072  0.152133  -0.521830  0.853033  0.005324  -0.127032  -0.083879  0.988346  -0.009485  0.030760  0.048633  0.986471  1.331145  -1.617818  1.000000  
56.890049 -0.008082  -0.021445  -0.014844  0.844647  0.513421  0.151558  -0.520355  0.853919  0.007232  -0.125705  -0.084972  0.988422  -0.009683  0.030769  0.049039  0.990232  1.323056  -1.604270  1.000000  
56.891051 -0.008092  -0.021415  -0.014792  0.845525  0.512149  0.150968  -0.519216  0.854598  0.008799  -0.124510  -0.085825  0.988500  -0.009770  0.030809  0.049363  0.995263  1.323693  -1.596773  1.000000  
56.892054 -0.008103  -0.021384  -0.014742  0.846492  0.510692  0.150484  -0.517892  0.855384  0.010326  -0.123448  -0.086676  0.988559  -0.009848  0.030821  0.049396  1.000208  1.315288  -1.589783  1.000000  
56.893056 -0.008114  -0.021354  -0.014693  0.847456  0.509235  0.149996  -0.516566  0.856165  0.011852  -0.122386  -0.087527  0.988616  -0.009919  0.030905  0.049388  1.004312  1.308616  -1.589897  1.000000  
56.894305 -0.008125  -0.021313  -0.014631  0.848643  0.507398  0.149507  -0.514896  0.857143  0.013714  -0.121191  -0.088619  0.988666  -0.009887  0.031092  0.049271  1.013001  1.295834  -1.582916  1.000000  
56.895555 -0.008136  -0.021273  -0.014569  0.849931  0.505385  0.149008  -0.513048  0.858218  0.015605  -0.119995  -0.089711  0.988713  -0.009837  0.031247  0.049348  1.019676  1.284406  -1.589777  1.000000  
56.896556 -0.008146  -0.021240  -0.014519  0.851003  0.503742  0.148447  -0.511546  0.859081  0.017328  -0.118800  -0.090684  0.988768  -0.009902  0.031315  0.049492  1.026686  1.281924  -1.596273  1.000000  
56.897801 -0.008157  -0.021199  -0.014456  0.852177  0.501923  0.147877  -0.509866  0.860042  0.019079  -0.117604  -0.091656  0.988822  -0.009888  0.031348  0.049766  1.028697  1.274687  -1.596447  1.000000  
56.898803 -0.008166  -0.021166  -0.014404  0.853123  0.500465  0.147361  -0.508526  0.860800  0.020596  -0.116541  -0.092508  0.988868  -0.009900  0.031420  0.049995  1.030620  1.266864  -1.596269  1.000000  
56.900050 -0.008177  -0.021125  -0.014339  0.854419  0.498472  0.146606  -0.506680  0.861838  0.022613  -0.115079  -0.093603  0.988936  -0.009891  0.031529  0.050356  1.032258  1.268605  -1.595380  1.000000  
56.901299 -0.008189  -0.021085  -0.014274  0.855800  0.496273  0.146012  -0.504646  0.862973  0.024694  -0.113750  -0.094817  0.988975  -0.009819  0.031631  0.050686  1.043103  1.262140  -1.602310  1.000000  
56.902550 -0.008201  -0.021045  -0.014210  0.856981  0.494457  0.145245  -0.502967  0.863894  0.026674  -0.112287  -0.095913  0.989036  -0.009794  0.031722  0.050841  1.044986  1.258033  -1.594438  1.000000  
56.903799 -0.008213  -0.021005  -0.014147  0.858143  0.492631  0.144585  -0.501277  0.864815  0.028585  -0.110958  -0.097007  0.989079  -0.009702  0.031824  0.050725  1.048442  1.255128  -1.587334  1.000000  
56.904832 -0.008222  -0.020973  -0.014100  0.859070  0.491156  0.144100  -0.499922  0.865544  0.030195  -0.109894  -0.097978  0.989102  -0.009478  0.031895  0.050324  1.052623  1.250029  -1.578294  1.000000  
56.906049 -0.008234  -0.020934  -0.014043  0.860121  0.489509  0.143433  -0.498403  0.866352  0.032072  -0.108564  -0.099073  0.989140  -0.009422  0.032018  0.049999  1.054047  1.250893  -1.552597  1.000000  
56.907299 -0.008244  -0.020894  -0.013986  0.861181  0.487873  0.142645  -0.496888  0.867148  0.034012  -0.107101  -0.100168  0.989189  -0.009153  0.032204  0.049558  1.053516  1.246485  -1.537954  1.000000  
56.908549 -0.008253  -0.020854  -0.013930  0.862452  0.485894  0.141720  -0.495021  0.868132  0.036073  -0.105504  -0.101266  0.989249  -0.009001  0.032258  0.049196  1.055032  1.252541  -1.536583  1.000000  
56.909557 -0.008261  -0.020821  -0.013885  0.863274  0.484628  0.141046  -0.493841  0.868739  0.037606  -0.104307  -0.102118  0.989289  -0.008886  0.032297  0.048939  1.053914  1.252651  -1.521533  1.000000  
56.910558 -0.008269  -0.020789  -0.013837  0.864194  0.483168  0.140417  -0.492480  0.869437  0.039272  -0.103109  -0.103091  0.989313  -0.008778  0.032231  0.048819  1.057462  1.258198  -1.520698  1.000000  
56.911804 -0.008278  -0.020748  -0.013777  0.865338  0.481373  0.139537  -0.490774  0.870316  0.041124  -0.101645  -0.104067  0.989363  -0.008746  0.032411  0.048908  1.056903  1.254849  -1.512946  1.000000  
56.913054 -0.008288  -0.020708  -0.013717  0.866564  0.479371  0.138814  -0.488880  0.871289  0.043042  -0.100314  -0.105161  0.989383  -0.008596  0.032227  0.048407  1.054465  1.251858  -1.512031  1.000000  
56.914298 -0.008297  -0.020668  -0.013660  0.867685  0.477549  0.138092  -0.487160  0.872156  0.044927  -0.098982  -0.106256  0.989400  -0.008478  0.032160  0.047874  1.058457  1.253863  -1.518366  1.000000  
56.915303 -0.008305  -0.020636  -0.013615  0.868590  0.476107  0.137382  -0.485788  0.872840  0.046478  -0.097784  -0.107108  0.989427  -0.008352  0.032077  0.047285  1.060956  1.261063  -1.530305  1.000000  
56.916549 -0.008315  -0.020596  -0.013559  0.869801  0.474106  0.136637  -0.483883  0.873794  0.048386  -0.096452  -0.108203  0.989439  -0.008241  0.032079  0.046814  1.062333  1.264448  -1.549977  1.000000  
56.917549 -0.008323  -0.020565  -0.013515  0.870687  0.472652  0.136032  -0.482499  0.874476  0.049867  -0.095387  -0.109054  0.989449  -0.008118  0.032016  0.046317  1.060661  1.265914  -1.549263  1.000000  
