1-Time 2-Px 3-Py 4-Pz 5-R11 6-R21 7-R31 8-R12 9-R22 10-R32 11-R13 12-R23 13-R33 14-Vx 15-Vy 16-Vz 17-Wx 18-Wy 19-Wz 20-state
31.442909 -0.008405  -0.046952  0.032565  0.900353  0.358415  0.246788  -0.336006  0.932967  -0.129120  -0.276523  0.033332  0.960429  0.002142  -0.000000  -0.000678  0.000000  0.000000  0.000000  1.000000  
31.444041 -0.008402  -0.046952  0.032564  0.900353  0.358415  0.246788  -0.336006  0.932967  -0.129120  -0.276523  0.033332  0.960429  0.002236  0.000052  -0.000685  0.000000  0.000000  0.000000  1.000000  
31.445271 -0.008370  -0.046930  0.032537  0.900353  0.358415  0.246788  -0.336006  0.932967  -0.129120  -0.276523  0.033332  0.960429  0.018068  0.011040  -0.014599  0.000000  0.000000  0.000000  1.000000  
31.446274 -0.008328  -0.046901  0.032500  0.900387  0.358440  0.246624  -0.336019  0.932953  -0.129188  -0.276395  0.033449  0.960462  0.025893  0.017194  -0.021917  0.000000  0.000000  0.000000  1.000000  
31.447282 -0.008295  -0.046876  0.032468  0.900387  0.358470  0.246580  -0.336019  0.932937  -0.129302  -0.276395  0.033566  0.960458  0.027654  0.019232  -0.024487  0.000000  0.000000  0.000000  1.000000  
31.448305 -0.008276  -0.046859  0.032448  0.900387  0.358500  0.246537  -0.336019  0.932922  -0.129415  -0.276395  0.033682  0.960454  0.025741  0.018648  -0.023359  0.000000  0.000000  0.000000  1.000000  
31.449529 -0.008268  -0.046846  0.032435  0.900387  0.358560  0.246450  -0.336019  0.932890  -0.129641  -0.276395  0.033915  0.960446  0.022044  0.017023  -0.020982  0.000000  0.000000  0.000000  1.000000  
31.450777 -0.008267  -0.046831  0.032427  0.900318  0.358842  0.246292  -0.336204  0.932769  -0.130031  -0.276395  0.034265  0.960433  0.018444  0.016260  -0.018564  0.000000  0.000000  0.000000  1.000000  
31.451780 -0.008265  -0.046811  0.032418  0.900318  0.358872  0.246249  -0.336204  0.932753  -0.130144  -0.276395  0.034381  0.960429  0.016532  0.016670  -0.017430  0.000000  0.000000  0.000000  1.000000  
31.452787 -0.008256  -0.046787  0.032404  0.900318  0.358902  0.246205  -0.336204  0.932738  -0.130258  -0.276395  0.034498  0.960425  0.015718  0.017359  -0.017033  0.000000  0.000000  0.000000  1.000000  
31.454034 -0.008235  -0.046756  0.032379  0.900353  0.358957  0.245998  -0.336217  0.932708  -0.130439  -0.276266  0.034732  0.960453  0.015822  0.018263  -0.017352  0.000000  0.000000  0.000000  1.000000  
31.455287 -0.008212  -0.046724  0.032350  0.900422  0.359008  0.245670  -0.336243  0.932679  -0.130575  -0.276009  0.034968  0.960519  0.016151  0.019011  -0.017964  0.000000  0.000000  0.000000  1.000000  
31.456527 -0.008193  -0.046691  0.032317  0.900491  0.359088  0.245299  -0.336269  0.932635  -0.130825  -0.275752  0.035320  0.960580  0.016024  0.019732  -0.018756  0.000000  0.000000  0.000000  1.000000  
31.457773 -0.008178  -0.046653  0.032276  0.900526  0.359173  0.245048  -0.336282  0.932589  -0.131119  -0.275623  0.035671  0.960604  0.015694  0.020692  -0.019994  0.000000  0.000000  0.000000  1.000000  
31.459025 -0.008152  -0.046604  0.032226  0.900560  0.359287  0.244753  -0.336295  0.932527  -0.131527  -0.275494  0.036138  0.960623  0.016699  0.023214  -0.022591  0.000000  0.000000  0.000000  1.000000  
31.460028 -0.008118  -0.046557  0.032184  0.900526  0.359381  0.244742  -0.336282  0.932477  -0.131911  -0.275623  0.036487  0.960573  0.017052  0.025293  -0.023889  0.000000  0.000000  0.000000  1.000000  
31.461275 -0.008068  -0.046494  0.032137  0.900560  0.359312  0.244716  -0.336084  0.932485  -0.132358  -0.275752  0.036951  0.960518  0.017037  0.027114  -0.024020  0.000000  0.000000  0.000000  1.000000  
31.462303 -0.008033  -0.046445  0.032106  0.900560  0.359401  0.244585  -0.336084  0.932437  -0.132697  -0.275752  0.037301  0.960505  0.017365  0.028829  -0.024127  0.000000  0.000000  0.000000  1.000000  
31.463525 -0.008007  -0.046390  0.032073  0.900595  0.359515  0.244290  -0.336097  0.932375  -0.133105  -0.275623  0.037768  0.960524  0.017769  0.031070  -0.024773  0.000000  0.000000  0.000000  1.000000  
31.464775 -0.008000  -0.046342  0.032045  0.900699  0.359407  0.244066  -0.335924  0.932402  -0.133349  -0.275494  0.038119  0.960547  0.018180  0.033885  -0.026224  0.000000  0.000000  0.000000  1.000000  
31.466025 -0.007996  -0.046293  0.032016  0.900733  0.359521  0.243772  -0.335937  0.932339  -0.133756  -0.275366  0.038587  0.960565  0.018386  0.035801  -0.027603  0.000000  0.000000  0.000000  1.000000  
31.467274 -0.007982  -0.046244  0.031978  0.900733  0.359610  0.243641  -0.335937  0.932290  -0.134095  -0.275366  0.038936  0.960551  0.018605  0.037077  -0.028922  0.000000  0.000000  0.000000  1.000000  
31.468275 -0.007961  -0.046200  0.031936  0.900802  0.359477  0.243581  -0.335751  0.932332  -0.134271  -0.275366  0.039169  0.960541  0.019216  0.038324  -0.030628  -0.238325  0.047591  -0.017656  1.000000  
31.469283 -0.007933  -0.046155  0.031886  0.900837  0.359349  0.243642  -0.335553  0.932371  -0.134492  -0.275494  0.039401  0.960495  0.019834  0.039895  -0.032708  -0.236215  0.040306  -0.024391  1.000000  
31.470530 -0.007898  -0.046096  0.031818  0.900906  0.359246  0.243539  -0.335368  0.932396  -0.134781  -0.275494  0.039750  0.960480  0.020624  0.041471  -0.035038  -0.236689  0.038182  -0.030545  1.000000  
31.471530 -0.007873  -0.046047  0.031770  0.900975  0.359142  0.243436  -0.335182  0.932421  -0.135071  -0.275494  0.040100  0.960466  0.021523  0.043160  -0.036649  -0.239181  0.036556  -0.036475  1.000000  
31.472778 -0.007853  -0.045988  0.031720  0.901044  0.359039  0.243333  -0.334997  0.932446  -0.135360  -0.275494  0.040449  0.960451  0.021761  0.044442  -0.037017  -0.239472  0.034744  -0.041645  1.000000  
31.474024 -0.007838  -0.045926  0.031682  0.901147  0.358749  0.243379  -0.334613  0.932542  -0.135644  -0.275623  0.040797  0.960400  0.020958  0.045170  -0.036234  -0.243751  0.029178  -0.053961  1.000000  
31.475276 -0.007818  -0.045859  0.031651  0.901181  0.358621  0.243440  -0.334414  0.932581  -0.135865  -0.275752  0.041029  0.960353  0.019063  0.045648  -0.034781  -0.251880  0.024647  -0.060854  1.000000  
31.476524 -0.007791  -0.045788  0.031621  0.901250  0.358306  0.243650  -0.334018  0.932692  -0.136080  -0.276009  0.041258  0.960269  0.017458  0.046140  -0.033955  -0.252409  0.010650  -0.073705  1.000000  
31.477524 -0.007770  -0.045735  0.031591  0.901284  0.358178  0.243712  -0.333819  0.932731  -0.136301  -0.276137  0.041490  0.960222  0.017050  0.046509  -0.033863  -0.254294  0.005871  -0.080094  1.000000  
31.478772 -0.007752  -0.045678  0.031550  0.901421  0.357854  0.243681  -0.333448  0.932845  -0.136427  -0.276137  0.041723  0.960212  0.016797  0.046827  -0.034449  -0.248439  0.005286  -0.092629  1.000000  
31.479773 -0.007745  -0.045636  0.031512  0.901559  0.357529  0.243651  -0.333077  0.932959  -0.136553  -0.276137  0.041956  0.960202  0.017025  0.047033  -0.035480  -0.244626  0.004742  -0.105804  1.000000  
31.481022 -0.007738  -0.045584  0.031461  0.901696  0.357203  0.243620  -0.332706  0.933073  -0.136679  -0.276137  0.042189  0.960192  0.017213  0.047275  -0.037013  -0.240956  0.003962  -0.126637  1.000000  
31.482273 -0.007724  -0.045527  0.031404  0.901798  0.356884  0.243710  -0.332322  0.933185  -0.136849  -0.276266  0.042420  0.960145  0.017241  0.047748  -0.038226  -0.235165  -0.001086  -0.138594  1.000000  
31.483522 -0.007703  -0.045468  0.031348  0.901900  0.356534  0.243844  -0.331938  0.933313  -0.136906  -0.276395  0.042535  0.960102  0.016763  0.048111  -0.038342  -0.231433  -0.010550  -0.151459  1.000000  
31.484773 -0.007678  -0.045407  0.031295  0.902002  0.356185  0.243978  -0.331553  0.933442  -0.136963  -0.276523  0.042650  0.960060  0.016113  0.048329  -0.037631  -0.223643  -0.020031  -0.164319  1.000000  
31.485801 -0.007659  -0.045357  0.031257  0.902035  0.355998  0.244126  -0.331355  0.933513  -0.136958  -0.276652  0.042648  0.960023  0.015266  0.048366  -0.036269  -0.211043  -0.033935  -0.171528  1.000000  
31.487027 -0.007643  -0.045293  0.031217  0.902137  0.355649  0.244260  -0.330971  0.933641  -0.137014  -0.276780  0.042763  0.959981  0.014755  0.048767  -0.035437  -0.199259  -0.048028  -0.184410  1.000000  
31.488037 -0.007635  -0.045240  0.031189  0.902205  0.355456  0.244288  -0.330785  0.933714  -0.136964  -0.276780  0.042763  0.959981  0.014354  0.049008  -0.034811  -0.185071  -0.052811  -0.190806  1.000000  
31.489039 -0.007628  -0.045187  0.031163  0.902306  0.355077  0.244465  -0.330401  0.933858  -0.136908  -0.276909  0.042761  0.959944  0.013982  0.049170  -0.034628  -0.169021  -0.057888  -0.203907  1.000000  
31.490276 -0.007617  -0.045121  0.031128  0.902340  0.354861  0.244657  -0.330202  0.933946  -0.136788  -0.277038  0.042643  0.959912  0.013309  0.049080  -0.035061  -0.146721  -0.058207  -0.210559  1.000000  
31.491523 -0.007598  -0.045056  0.031080  0.902441  0.354452  0.244877  -0.329818  0.934107  -0.136618  -0.277166  0.042525  0.959881  0.012882  0.048821  -0.036034  -0.127425  -0.058030  -0.215415  1.000000  
31.492524 -0.007581  -0.045005  0.031031  0.902441  0.354422  0.244920  -0.329818  0.934123  -0.136505  -0.277166  0.042409  0.959886  0.012616  0.048686  -0.037336  -0.111262  -0.058061  -0.215426  1.000000  
31.493773 -0.007563  -0.044946  0.030965  0.902474  0.354205  0.245112  -0.329620  0.934211  -0.136385  -0.277295  0.042290  0.959854  0.012661  0.048929  -0.038995  -0.089914  -0.067868  -0.223542  1.000000  
31.495023 -0.007553  -0.044889  0.030901  0.902508  0.354200  0.244991  -0.329632  0.934213  -0.136341  -0.277166  0.042292  0.959891  0.012881  0.049330  -0.040121  -0.075588  -0.072166  -0.216787  1.000000  
31.496027 -0.007548  -0.044842  0.030857  0.902508  0.354170  0.245034  -0.329632  0.934229  -0.136228  -0.277166  0.042176  0.959896  0.012615  0.049558  -0.040157  -0.059219  -0.072132  -0.216598  1.000000  
31.497065 -0.007544  -0.044791  0.030819  0.902508  0.354141  0.245077  -0.329632  0.934246  -0.136115  -0.277166  0.042059  0.959901  0.012135  0.049763  -0.039562  -0.046931  -0.072057  -0.216329  1.000000  
31.498272 -0.007536  -0.044723  0.030777  0.902508  0.354111  0.245120  -0.329632  0.934262  -0.136001  -0.277166  0.041943  0.959906  0.011292  0.050455  -0.038743  -0.036373  -0.071295  -0.208243  1.000000  
31.499522 -0.007526  -0.044652  0.030736  0.902441  0.354274  0.245135  -0.329818  0.934206  -0.135938  -0.277166  0.041826  0.959911  0.010289  0.051184  -0.037888  -0.023986  -0.066329  -0.195309  1.000000  
31.500542 -0.007514  -0.044593  0.030702  0.902373  0.354436  0.245150  -0.330004  0.934149  -0.135876  -0.277166  0.041710  0.959916  0.009840  0.051834  -0.037681  -0.011690  -0.066297  -0.183511  1.000000  
31.501798 -0.007500  -0.044518  0.030656  0.902202  0.354796  0.245258  -0.330363  0.934018  -0.135907  -0.277295  0.041592  0.959884  0.009696  0.052438  -0.037952  0.000000  0.000000  0.000000  1.000000  
31.503036 -0.007487  -0.044446  0.030604  0.902169  0.354924  0.245195  -0.330561  0.933980  -0.135687  -0.277166  0.041361  0.959931  0.009858  0.052991  -0.039009  0.000000  0.000000  0.000000  1.000000  
31.504279 -0.007476  -0.044374  0.030546  0.902169  0.354864  0.245281  -0.330561  0.934013  -0.135461  -0.277166  0.041128  0.959941  0.010038  0.053370  -0.040947  0.000000  0.000000  0.000000  1.000000  
31.505367 -0.007469  -0.044316  0.030497  0.902101  0.354997  0.245340  -0.330747  0.933973  -0.135284  -0.277166  0.040895  0.959951  0.009632  0.053305  -0.041887  0.000000  0.000000  0.000000  1.000000  
31.506525 -0.007462  -0.044246  0.030433  0.901964  0.355322  0.245370  -0.331118  0.933859  -0.135159  -0.277166  0.040662  0.959961  0.008880  0.053978  -0.043104  0.000000  0.000000  0.000000  1.000000  
31.507782 -0.007455  -0.044177  0.030370  0.901861  0.355430  0.245592  -0.331291  0.933833  -0.134914  -0.277295  0.040311  0.959939  0.008042  0.054505  -0.043042  0.000000  0.000000  0.000000  1.000000  
31.509023 -0.007450  -0.044110  0.030311  0.901793  0.355563  0.245651  -0.331477  0.933793  -0.134738  -0.277295  0.040078  0.959949  0.007410  0.055175  -0.042471  0.000000  0.000000  0.000000  1.000000  
31.510273 -0.007449  -0.044041  0.030260  0.901725  0.355695  0.245709  -0.331662  0.933752  -0.134562  -0.277295  0.039845  0.959958  0.006882  0.055913  -0.041851  0.000000  0.000000  0.000000  1.000000  
31.511522 -0.007451  -0.043967  0.030214  0.901657  0.355798  0.245811  -0.331848  0.933728  -0.134273  -0.277295  0.039496  0.959973  0.006310  0.056633  -0.041557  0.000000  0.000000  0.000000  1.000000  
31.512773 -0.007448  -0.043888  0.030167  0.901588  0.355931  0.245870  -0.332034  0.933687  -0.134097  -0.277295  0.039263  0.959982  0.006118  0.057576  -0.041884  0.000000  0.000000  0.000000  1.000000  
31.514023 -0.007440  -0.043805  0.030118  0.901485  0.356068  0.246049  -0.332206  0.933645  -0.133965  -0.277423  0.039029  0.959955  0.006003  0.058399  -0.042487  0.000000  0.000000  0.000000  1.000000  
31.515273 -0.007428  -0.043723  0.030060  0.901450  0.356013  0.246256  -0.332194  0.933675  -0.133783  -0.277552  0.038794  0.959927  0.005991  0.058964  -0.043355  0.000000  0.000000  0.000000  1.000000  
31.516522 -0.007413  -0.043644  0.029995  0.901450  0.355984  0.246299  -0.332194  0.933691  -0.133670  -0.277552  0.038678  0.959932  0.005918  0.059254  -0.044708  0.000000  0.000000  0.000000  1.000000  
31.517772 -0.007403  -0.043566  0.029928  0.901347  0.356121  0.246479  -0.332366  0.933649  -0.133539  -0.277680  0.038444  0.959904  0.005736  0.059597  -0.045800  0.000000  0.000000  0.000000  1.000000  
31.518773 -0.007397  -0.043505  0.029877  0.901312  0.356066  0.246685  -0.332353  0.933679  -0.133357  -0.277809  0.038209  0.959876  0.005498  0.059853  -0.046258  0.000000  0.000000  0.000000  1.000000  
31.519775 -0.007395  -0.043442  0.029829  0.901312  0.356036  0.246729  -0.332353  0.933696  -0.133243  -0.277809  0.038093  0.959881  0.005205  0.060219  -0.046197  0.000000  0.000000  0.000000  1.000000  
31.520775 -0.007396  -0.043381  0.029786  0.901312  0.355976  0.246815  -0.332353  0.933728  -0.133017  -0.277809  0.037860  0.959890  0.004711  0.060612  -0.045788  0.000000  0.000000  0.000000  1.000000  
31.521776 -0.007399  -0.043319  0.029745  0.901380  0.355724  0.246929  -0.332168  0.933833  -0.132740  -0.277809  0.037627  0.959899  0.004071  0.060955  -0.044951  0.000000  0.000000  0.000000  1.000000  
31.522780 -0.007401  -0.043257  0.029705  0.901449  0.355472  0.247042  -0.331982  0.933939  -0.132462  -0.277809  0.037394  0.959908  0.003585  0.061340  -0.044366  0.000000  0.000000  0.000000  1.000000  
31.524028 -0.007402  -0.043179  0.029651  0.901414  0.355386  0.247292  -0.331969  0.933985  -0.132167  -0.277937  0.037043  0.959885  0.003259  0.062157  -0.043996  0.000000  0.000000  0.000000  1.000000  
31.525030 -0.007400  -0.043116  0.029607  0.901447  0.355139  0.247526  -0.331771  0.934089  -0.131934  -0.278066  0.036809  0.959856  0.003347  0.062669  -0.044243  0.000000  0.000000  0.000000  1.000000  
31.526272 -0.007397  -0.043033  0.029548  0.901481  0.354891  0.247760  -0.331573  0.934192  -0.131700  -0.278194  0.036575  0.959828  0.003668  0.063339  -0.045114  0.000000  0.000000  0.000000  1.000000  
31.527524 -0.007392  -0.042948  0.029486  0.901479  0.354618  0.248157  -0.331361  0.934310  -0.131398  -0.278451  0.036223  0.959767  0.003800  0.063736  -0.046150  0.184627  -0.042226  0.068251  1.000000  
31.528771 -0.007384  -0.042861  0.029420  0.901580  0.354177  0.248418  -0.330977  0.934486  -0.131113  -0.278580  0.035989  0.959739  0.003924  0.064047  -0.047281  0.192870  -0.047151  0.048100  1.000000  
31.530021 -0.007376  -0.042775  0.029353  0.901682  0.353706  0.248721  -0.330593  0.934677  -0.130715  -0.278708  0.035638  0.959714  0.003633  0.064260  -0.047963  0.206698  -0.052422  0.028509  1.000000  
31.531021 -0.007370  -0.042707  0.029299  0.901750  0.353454  0.248833  -0.330408  0.934782  -0.130437  -0.278708  0.035405  0.959723  0.003303  0.064559  -0.048214  0.210479  -0.052949  0.015319  1.000000  
31.532024 -0.007366  -0.042641  0.029247  0.901851  0.353043  0.249051  -0.330023  0.934941  -0.130265  -0.278837  0.035287  0.959690  0.002739  0.064825  -0.047983  0.218008  -0.058683  -0.004306  1.000000  
31.533271 -0.007362  -0.042557  0.029186  0.901919  0.352790  0.249163  -0.329838  0.935046  -0.129987  -0.278837  0.035055  0.959698  0.002462  0.065212  -0.047751  0.224076  -0.058725  -0.017455  1.000000  
31.534271 -0.007364  -0.042491  0.029141  0.902019  0.352349  0.249423  -0.329454  0.935221  -0.129702  -0.278965  0.034820  0.959670  0.002138  0.065509  -0.047498  0.227936  -0.063711  -0.030473  1.000000  
31.535282 -0.007368  -0.042425  0.029098  0.902120  0.351908  0.249682  -0.329069  0.935396  -0.129416  -0.279094  0.034586  0.959641  0.001875  0.065800  -0.047326  0.234268  -0.069116  -0.050206  1.000000  
31.536542 -0.007374  -0.042340  0.029045  0.902255  0.351462  0.249820  -0.328698  0.935572  -0.129086  -0.279094  0.034353  0.959649  0.001741  0.066280  -0.047409  0.243124  -0.070484  -0.077024  1.000000  
31.537780 -0.007374  -0.042255  0.028985  0.902355  0.351020  0.250079  -0.328314  0.935746  -0.128800  -0.279222  0.034119  0.959620  0.001780  0.066772  -0.047981  0.242957  -0.070686  -0.096213  1.000000  
31.539039 -0.007369  -0.042168  0.028917  0.902490  0.350574  0.250217  -0.327942  0.935922  -0.128470  -0.279222  0.033886  0.959628  0.002153  0.067402  -0.049006  0.248452  -0.072223  -0.123528  1.000000  
31.540281 -0.007360  -0.042078  0.028844  0.902523  0.350325  0.250450  -0.327743  0.936023  -0.128236  -0.279351  0.033652  0.959599  0.002597  0.068131  -0.050113  0.250451  -0.076959  -0.130043  1.000000  
31.541523 -0.007351  -0.041986  0.028773  0.902622  0.349853  0.250750  -0.327359  0.936213  -0.127836  -0.279479  0.033302  0.959574  0.002963  0.068693  -0.050852  0.260422  -0.082202  -0.149875  1.000000  
31.542771 -0.007343  -0.041893  0.028705  0.902722  0.349380  0.251051  -0.326975  0.936402  -0.127435  -0.279608  0.032951  0.959549  0.003093  0.069206  -0.051282  0.268035  -0.086671  -0.168238  1.000000  
31.543772 -0.007339  -0.041818  0.028654  0.902789  0.349126  0.251162  -0.326789  0.936504  -0.127156  -0.279608  0.032719  0.959557  0.002903  0.069546  -0.051082  0.274144  -0.083357  -0.183116  1.000000  
31.545021 -0.007338  -0.041726  0.028593  0.902821  0.348846  0.251436  -0.326590  0.936621  -0.126808  -0.279736  0.032368  0.959531  0.002469  0.069933  -0.050610  0.280180  -0.083549  -0.189780  1.000000  
31.546271 -0.007338  -0.041637  0.028533  0.902853  0.348535  0.251752  -0.326392  0.936753  -0.126345  -0.279865  0.031901  0.959509  0.002000  0.070297  -0.050119  0.291892  -0.087492  -0.194635  1.000000  
31.547271 -0.007337  -0.041567  0.028484  0.902921  0.348281  0.251862  -0.326206  0.936855  -0.126066  -0.279865  0.031669  0.959517  0.001843  0.070575  -0.050073  0.299769  -0.083480  -0.207979  1.000000  
31.548521 -0.007336  -0.041478  0.028421  0.902988  0.347997  0.252015  -0.326020  0.936972  -0.125673  -0.279865  0.031319  0.959528  0.001756  0.070866  -0.050227  0.305732  -0.083657  -0.214595  1.000000  
31.549771 -0.007335  -0.041388  0.028354  0.903020  0.347716  0.252288  -0.325821  0.937088  -0.125324  -0.279993  0.030969  0.959502  0.002068  0.071303  -0.051031  0.311754  -0.083839  -0.221224  1.000000  
31.551021 -0.007332  -0.041297  0.028287  0.903020  0.347624  0.252414  -0.325821  0.937134  -0.124983  -0.279993  0.030620  0.959514  0.002622  0.071825  -0.052026  0.309828  -0.083520  -0.214659  1.000000  
31.552028 -0.007329  -0.041223  0.028230  0.903020  0.347532  0.252541  -0.325821  0.937179  -0.124642  -0.279993  0.030271  0.959525  0.003116  0.072258  -0.052794  0.313979  -0.083484  -0.214758  1.000000  
31.553041 -0.007323  -0.041149  0.028174  0.903051  0.347282  0.252772  -0.325623  0.937280  -0.124406  -0.280122  0.030037  0.959494  0.003399  0.072569  -0.053071  0.316343  -0.084052  -0.216366  1.000000  
31.554277 -0.007313  -0.041054  0.028105  0.903051  0.347190  0.252898  -0.325623  0.937325  -0.124065  -0.280122  0.029688  0.959505  0.003621  0.073316  -0.053358  0.314526  -0.079275  -0.209977  1.000000  
31.555307 -0.007304  -0.040977  0.028052  0.903016  0.347132  0.253103  -0.325610  0.937354  -0.123881  -0.280250  0.029454  0.959475  0.003669  0.073225  -0.052659  0.314291  -0.079157  -0.209812  1.000000  
31.556527 -0.007294  -0.040879  0.027989  0.902981  0.347044  0.253350  -0.325597  0.937397  -0.123583  -0.280378  0.029103  0.959448  0.003736  0.073777  -0.052188  0.316726  -0.078933  -0.203364  1.000000  
31.557839 -0.007288  -0.040782  0.027930  0.902981  0.346921  0.253518  -0.325597  0.937457  -0.123129  -0.280378  0.028638  0.959462  0.003663  0.073672  -0.051414  0.316360  -0.073767  -0.189912  1.000000  
31.559023 -0.007285  -0.040688  0.027873  0.902946  0.346801  0.253807  -0.325584  0.937515  -0.122717  -0.280507  0.028171  0.959439  0.003676  0.074122  -0.051289  0.321296  -0.073400  -0.177027  1.000000  
31.560028 -0.007283  -0.040614  0.027826  0.902977  0.346519  0.254080  -0.325386  0.937630  -0.122367  -0.280635  0.027821  0.959411  0.003715  0.074161  -0.051155  0.325330  -0.073331  -0.177006  1.000000  
31.561273 -0.007281  -0.040524  0.027763  0.902942  0.346369  0.254410  -0.325373  0.937703  -0.121842  -0.280764  0.027238  0.959390  0.003967  0.074300  -0.051421  0.333782  -0.077335  -0.163651  1.000000  
31.562273 -0.007276  -0.040451  0.027707  0.902942  0.346276  0.254536  -0.325373  0.937747  -0.121501  -0.280764  0.026889  0.959400  0.004126  0.074386  -0.051827  0.335949  -0.072579  -0.157183  1.000000  
31.563274 -0.007271  -0.040379  0.027649  0.902907  0.346156  0.254825  -0.325360  0.937805  -0.121090  -0.280892  0.026423  0.959376  0.004448  0.074525  -0.052268  0.342182  -0.076806  -0.150425  1.000000  
31.564521 -0.007263  -0.040287  0.027577  0.902903  0.345815  0.255301  -0.325149  0.937947  -0.120555  -0.281149  0.025839  0.959316  0.004848  0.074647  -0.052685  0.350573  -0.080819  -0.137029  1.000000  
31.565771 -0.007256  -0.040194  0.027508  0.902934  0.345501  0.255615  -0.324950  0.938075  -0.120091  -0.281277  0.025372  0.959291  0.005138  0.074768  -0.052799  0.355995  -0.080150  -0.136002  1.000000  
31.567021 -0.007251  -0.040102  0.027442  0.902863  0.345383  0.256024  -0.324925  0.938131  -0.119723  -0.281534  0.024905  0.959228  0.005194  0.074776  -0.052552  0.358194  -0.083918  -0.116073  1.000000  
31.568029 -0.007246  -0.040028  0.027392  0.902895  0.345100  0.256295  -0.324726  0.938245  -0.119372  -0.281663  0.024555  0.959199  0.005148  0.074791  -0.052196  0.366303  -0.088352  -0.115958  1.000000  
31.569289 -0.007237  -0.039934  0.027331  0.902891  0.344757  0.256770  -0.324515  0.938386  -0.118837  -0.281919  0.023971  0.959139  0.005002  0.074542  -0.051463  0.376951  -0.097132  -0.109260  1.000000  
31.570527 -0.007229  -0.039841  0.027270  0.902886  0.344445  0.257203  -0.324303  0.938512  -0.118416  -0.282176  0.023504  0.959075  0.004869  0.074414  -0.051264  0.381889  -0.102101  -0.103325  1.000000  
31.571775 -0.007221  -0.039749  0.027208  0.902949  0.343908  0.257702  -0.323906  0.938723  -0.117827  -0.282433  0.022920  0.959013  0.004809  0.074053  -0.051244  0.390058  -0.106546  -0.103234  1.000000  
31.572777 -0.007217  -0.039677  0.027158  0.902944  0.343596  0.258135  -0.323695  0.938849  -0.117405  -0.282689  0.022453  0.958949  0.004739  0.073977  -0.051667  0.397985  -0.110935  -0.103071  1.000000  
31.574026 -0.007214  -0.039589  0.027094  0.903006  0.343058  0.258633  -0.323297  0.939060  -0.116816  -0.282946  0.021870  0.958886  0.004838  0.073243  -0.052000  0.408175  -0.115588  -0.109647  1.000000  
31.575055 -0.007212  -0.039520  0.027040  0.903037  0.342742  0.258944  -0.323099  0.939186  -0.116350  -0.283074  0.021404  0.958859  0.004805  0.072759  -0.052313  0.411785  -0.119899  -0.109442  1.000000  
31.576274 -0.007209  -0.039435  0.026970  0.903063  0.342206  0.259562  -0.322689  0.939394  -0.115803  -0.283459  0.020820  0.958758  0.004757  0.072581  -0.052773  0.422350  -0.129144  -0.115995  1.000000  
31.577275 -0.007206  -0.039367  0.026914  0.903160  0.341696  0.259896  -0.322304  0.939590  -0.115284  -0.283588  0.020354  0.958730  0.004656  0.072280  -0.052815  0.428364  -0.133763  -0.122557  1.000000  
31.578522 -0.007201  -0.039280  0.026845  0.903185  0.341159  0.260513  -0.321894  0.939798  -0.114736  -0.283973  0.019770  0.958629  0.004526  0.072165  -0.052769  0.438539  -0.147380  -0.128906  1.000000  
31.579522 -0.007199  -0.039210  0.026794  0.903216  0.340841  0.260823  -0.321695  0.939923  -0.114269  -0.284101  0.019304  0.958600  0.004329  0.071724  -0.052151  0.446739  -0.147342  -0.128962  1.000000  
31.580772 -0.007196  -0.039123  0.026732  0.903241  0.340271  0.261480  -0.321285  0.940143  -0.113607  -0.284486  0.018604  0.958500  0.003997  0.071398  -0.051732  0.462904  -0.161100  -0.141962  1.000000  
31.581773 -0.007197  -0.039053  0.026683  0.903301  0.339730  0.261975  -0.320888  0.940350  -0.113014  -0.284742  0.018022  0.958435  0.003646  0.071131  -0.051436  0.475096  -0.170397  -0.155116  1.000000  
31.583022 -0.007197  -0.038966  0.026622  0.903361  0.339188  0.262469  -0.320490  0.940557  -0.112422  -0.284999  0.017439  0.958369  0.003232  0.070791  -0.051403  0.485469  -0.173616  -0.160434  1.000000  
31.584029 -0.007196  -0.038898  0.026571  0.903421  0.338646  0.262962  -0.320093  0.940763  -0.111829  -0.285255  0.016856  0.958303  0.002771  0.070283  -0.051577  0.501176  -0.182669  -0.173338  1.000000  
31.585274 -0.007195  -0.038814  0.026502  0.903481  0.338071  0.263496  -0.319695  0.940982  -0.111121  -0.285512  0.016158  0.958239  0.002365  0.069705  -0.052015  0.517788  -0.187550  -0.186686  1.000000  
31.586283 -0.007193  -0.038747  0.026446  0.903541  0.337527  0.263988  -0.319298  0.941187  -0.110528  -0.285768  0.015575  0.958172  0.002101  0.069289  -0.052502  0.533572  -0.193595  -0.201254  1.000000  
31.587527 -0.007192  -0.038664  0.026373  0.903600  0.336951  0.264521  -0.318900  0.941404  -0.109819  -0.286025  0.014877  0.958107  0.001671  0.068676  -0.053232  0.546928  -0.203231  -0.214921  1.000000  
31.588530 -0.007195  -0.038599  0.026316  0.903593  0.336633  0.264948  -0.318689  0.941526  -0.109393  -0.286281  0.014411  0.958037  0.001262  0.068270  -0.053612  0.552268  -0.206001  -0.219605  1.000000  
31.589776 -0.007200  -0.038519  0.026248  0.903688  0.336054  0.265359  -0.318304  0.941743  -0.108641  -0.286409  0.013713  0.958009  0.000789  0.068027  -0.053841  0.562037  -0.207378  -0.227841  1.000000  
31.591027 -0.007206  -0.038438  0.026181  0.903747  0.335476  0.265890  -0.317906  0.941959  -0.107931  -0.286666  0.013015  0.957942  0.000274  0.067599  -0.053594  0.569975  -0.211958  -0.241093  1.000000  
31.592072 -0.007209  -0.038373  0.026129  0.903776  0.335122  0.266236  -0.317708  0.942093  -0.107348  -0.286794  0.012433  0.957912  -0.000199  0.067183  -0.053073  0.579247  -0.216152  -0.247364  1.000000  
31.593271 -0.007213  -0.038291  0.026064  0.903769  0.334738  0.266744  -0.317496  0.942238  -0.106692  -0.287050  0.011735  0.957844  -0.000739  0.067148  -0.053005  0.585518  -0.219169  -0.252341  1.000000  
31.594272 -0.007216  -0.038224  0.026013  0.903798  0.334416  0.267049  -0.317297  0.942358  -0.106223  -0.287178  0.011270  0.957811  -0.001128  0.066954  -0.052869  0.586332  -0.216345  -0.254619  1.000000  
31.595521 -0.007218  -0.038139  0.025948  0.903791  0.333997  0.267596  -0.317086  0.942516  -0.105452  -0.287435  0.010456  0.957743  -0.001437  0.066706  -0.053047  0.599629  -0.218974  -0.259110  1.000000  
31.596771 -0.007222  -0.038056  0.025882  0.903820  0.333610  0.267982  -0.316887  0.942661  -0.104754  -0.287563  0.009758  0.957712  -0.001664  0.066465  -0.053462  0.607771  -0.214358  -0.259309  1.000000  
31.598021 -0.007226  -0.037973  0.025812  0.903849  0.333189  0.268407  -0.316688  0.942818  -0.103940  -0.287691  0.008945  0.957682  -0.001887  0.066229  -0.053978  0.620095  -0.214240  -0.259508  1.000000  
31.599021 -0.007228  -0.037908  0.025754  0.903914  0.332800  0.268671  -0.316502  0.942962  -0.103199  -0.287691  0.008248  0.957688  -0.002088  0.066074  -0.054499  0.628124  -0.205131  -0.259739  1.000000  
31.600029 -0.007230  -0.037843  0.025695  0.903878  0.332637  0.268994  -0.316489  0.943024  -0.102669  -0.287819  0.007667  0.957654  -0.002422  0.065824  -0.054717  0.630419  -0.200470  -0.253392  1.000000  
31.601273 -0.007234  -0.037763  0.025622  0.903841  0.332410  0.269397  -0.316477  0.943110  -0.101911  -0.287947  0.006853  0.957622  -0.002782  0.065618  -0.054994  0.640728  -0.200229  -0.246974  1.000000  
31.602532 -0.007240  -0.037683  0.025551  0.903841  0.332148  0.269719  -0.316477  0.943209  -0.100996  -0.287947  0.005924  0.957628  -0.003154  0.065406  -0.054809  0.649915  -0.187874  -0.235970  1.000000  
31.603774 -0.007248  -0.037604  0.025483  0.903870  0.331693  0.270183  -0.316278  0.943374  -0.100067  -0.288075  0.004995  0.957595  -0.003454  0.065304  -0.054626  0.658912  -0.186093  -0.227613  1.000000  
31.604778 -0.007255  -0.037540  0.025430  0.903834  0.331529  0.270505  -0.316265  0.943435  -0.099537  -0.288203  0.004414  0.957559  -0.003652  0.065242  -0.054495  0.663066  -0.183082  -0.223239  1.000000  
31.606024 -0.007264  -0.037460  0.025364  0.903834  0.331300  0.270787  -0.316265  0.943519  -0.098736  -0.288203  0.003601  0.957562  -0.003854  0.065199  -0.054424  0.665312  -0.172191  -0.208294  1.000000  
31.607024 -0.007268  -0.037395  0.025311  0.903834  0.331135  0.270987  -0.316265  0.943578  -0.098164  -0.288203  0.003020  0.957564  -0.003912  0.065374  -0.054709  0.666883  -0.164330  -0.196959  1.000000  
31.608033 -0.007270  -0.037330  0.025255  0.903797  0.330938  0.271349  -0.316252  0.943650  -0.097519  -0.288332  0.002323  0.957528  -0.003833  0.065102  -0.054799  0.672838  -0.159575  -0.190395  1.000000  
31.609277 -0.007270  -0.037246  0.025184  0.903797  0.330708  0.271630  -0.316252  0.943732  -0.096718  -0.288332  0.001510  0.957529  -0.003681  0.065128  -0.055283  0.677179  -0.150328  -0.177377  1.000000  
31.610532 -0.007271  -0.037163  0.025111  0.903761  0.330477  0.272032  -0.316240  0.943814  -0.095959  -0.288460  0.000697  0.957492  -0.003555  0.064986  -0.055771  0.677216  -0.141036  -0.164285  1.000000  
31.611771 -0.007274  -0.037082  0.025040  0.903826  0.330052  0.272332  -0.316054  0.943963  -0.095102  -0.288460  -0.000116  0.957492  -0.003501  0.064941  -0.056097  0.677988  -0.130817  -0.156586  1.000000  
31.612771 -0.007277  -0.037017  0.024985  0.903789  0.329886  0.272653  -0.316041  0.944020  -0.094571  -0.288588  -0.000697  0.957453  -0.003512  0.064811  -0.056046  0.678106  -0.126152  -0.143534  1.000000  
31.614021 -0.007283  -0.036938  0.024919  0.903854  0.329460  0.272952  -0.315855  0.944168  -0.093714  -0.288588  -0.001510  0.957452  -0.003690  0.064622  -0.055633  0.680345  -0.117091  -0.137154  1.000000  
31.615271 -0.007287  -0.036859  0.024853  0.903919  0.329034  0.273251  -0.315669  0.944315  -0.092856  -0.288588  -0.002323  0.957451  -0.003772  0.064561  -0.055116  0.682352  -0.108000  -0.130713  1.000000  
31.616521 -0.007293  -0.036780  0.024788  0.903883  0.328835  0.273611  -0.315656  0.944383  -0.092211  -0.288716  -0.003019  0.957410  -0.003866  0.064429  -0.054612  0.678579  -0.098918  -0.117715  1.000000  
31.617521 -0.007298  -0.036718  0.024735  0.903948  0.328474  0.273830  -0.315470  0.944506  -0.091581  -0.288716  -0.003600  0.957408  -0.003928  0.064385  -0.054397  0.676531  -0.094335  -0.111210  1.000000  
31.618771 -0.007304  -0.036639  0.024670  0.904041  0.327885  0.274227  -0.315085  0.944708  -0.090823  -0.288844  -0.004297  0.957367  -0.003712  0.064356  -0.054199  0.680552  -0.089794  -0.111282  1.000000  
31.619793 -0.007308  -0.036576  0.024619  0.904070  0.327491  0.274605  -0.314886  0.944841  -0.090121  -0.288972  -0.004993  0.957325  -0.003383  0.064326  -0.054127  0.683802  -0.090372  -0.105574  1.000000  
31.621029 -0.007311  -0.036496  0.024551  0.904098  0.327062  0.275022  -0.314687  0.944985  -0.089305  -0.289100  -0.005806  0.957281  -0.003100  0.064268  -0.054208  0.688286  -0.085842  -0.105715  1.000000  
31.622040 -0.007311  -0.036432  0.024496  0.904126  0.326700  0.275360  -0.314488  0.945107  -0.088717  -0.289228  -0.006386  0.957239  -0.002841  0.064122  -0.054227  0.687336  -0.085160  -0.104988  1.000000  
31.623075 -0.007310  -0.036368  0.024439  0.904219  0.326143  0.275715  -0.314103  0.945295  -0.088072  -0.289356  -0.006966  0.957196  -0.002755  0.063854  -0.054179  0.689074  -0.081087  -0.112244  1.000000  
31.624278 -0.007310  -0.036286  0.024371  0.904247  0.325713  0.276131  -0.313904  0.945437  -0.087255  -0.289484  -0.007779  0.957151  -0.002653  0.063925  -0.054078  0.692220  -0.081110  -0.105850  1.000000  
31.625536 -0.007310  -0.036206  0.024304  0.904340  0.325088  0.276564  -0.313519  0.945645  -0.086380  -0.289612  -0.008591  0.957105  -0.002605  0.063955  -0.053878  0.698106  -0.076514  -0.112502  1.000000  
31.626775 -0.007314  -0.036127  0.024241  0.904432  0.324462  0.276996  -0.313134  0.945852  -0.085505  -0.289740  -0.009403  0.957059  -0.002666  0.063547  -0.053256  0.700386  -0.076448  -0.119230  1.000000  
31.628023 -0.007318  -0.036050  0.024179  0.904524  0.323836  0.277427  -0.312749  0.946058  -0.084630  -0.289869  -0.010216  0.957012  -0.002590  0.063376  -0.052857  0.708512  -0.076349  -0.132540  1.000000  
31.629024 -0.007321  -0.035988  0.024130  0.904653  0.323278  0.277658  -0.312377  0.946242  -0.083942  -0.289869  -0.010796  0.957006  -0.002576  0.063294  -0.052567  0.706424  -0.076250  -0.139214  1.000000  
31.630271 -0.007325  -0.035911  0.024067  0.904745  0.322651  0.278088  -0.311992  0.946447  -0.083065  -0.289997  -0.011608  0.956957  -0.002510  0.063177  -0.052445  0.710548  -0.076113  -0.152544  1.000000  
31.631271 -0.007328  -0.035849  0.024014  0.904772  0.322252  0.278461  -0.311793  0.946574  -0.082361  -0.290125  -0.012304  0.956910  -0.002383  0.063163  -0.052438  0.714778  -0.075375  -0.157895  1.000000  
31.632521 -0.007329  -0.035769  0.023949  0.904864  0.321624  0.278889  -0.311408  0.946776  -0.081484  -0.290253  -0.013116  0.956860  -0.002033  0.063179  -0.052475  0.714937  -0.079667  -0.171171  1.000000  
31.633522 -0.007330  -0.035705  0.023895  0.904891  0.321225  0.279261  -0.311209  0.946902  -0.080779  -0.290381  -0.013812  0.956812  -0.001753  0.063305  -0.052537  0.714750  -0.079520  -0.171171  1.000000  
31.634773 -0.007329  -0.035625  0.023829  0.904983  0.320630  0.279648  -0.310823  0.947094  -0.080017  -0.290509  -0.014508  0.956762  -0.001443  0.063474  -0.052714  0.714777  -0.079324  -0.184386  1.000000  
31.635796 -0.007329  -0.035560  0.023776  0.905047  0.320231  0.279898  -0.310637  0.947217  -0.079270  -0.290509  -0.015204  0.956752  -0.001218  0.063401  -0.052496  0.718002  -0.079725  -0.192434  1.000000  
31.637041 -0.007327  -0.035478  0.023709  0.905138  0.319601  0.280323  -0.310252  0.947417  -0.078391  -0.290637  -0.016016  0.956699  -0.001082  0.063672  -0.052474  0.722135  -0.079482  -0.205761  1.000000  
31.638277 -0.007325  -0.035396  0.023643  0.905165  0.319166  0.280731  -0.310053  0.947549  -0.077571  -0.290765  -0.016827  0.956647  -0.001002  0.063670  -0.052062  0.725997  -0.083963  -0.213020  1.000000  
31.639281 -0.007323  -0.035331  0.023592  0.905228  0.318732  0.281018  -0.309867  0.947681  -0.076708  -0.290765  -0.017640  0.956632  -0.000887  0.063679  -0.051836  0.734487  -0.079063  -0.219166  1.000000  
31.640521 -0.007323  -0.035250  0.023527  0.905292  0.318298  0.281304  -0.309680  0.947811  -0.075846  -0.290765  -0.018452  0.956617  -0.000827  0.063798  -0.051860  0.734983  -0.078234  -0.224146  1.000000  
31.641524 -0.007322  -0.035186  0.023475  0.905255  0.318057  0.281695  -0.309668  0.947876  -0.075082  -0.290893  -0.019263  0.956562  -0.000583  0.063853  -0.051934  0.738818  -0.083227  -0.219408  1.000000  
31.642528 -0.007322  -0.035121  0.023421  0.905319  0.317657  0.281942  -0.309481  0.947996  -0.074334  -0.290893  -0.019959  0.956547  -0.000369  0.063964  -0.052149  0.744802  -0.078500  -0.225999  1.000000  
31.643776 -0.007322  -0.035041  0.023352  0.905319  0.317417  0.282212  -0.309481  0.948058  -0.073529  -0.290893  -0.020772  0.956530  -0.000033  0.064170  -0.052730  0.742855  -0.078391  -0.219461  1.000000  
31.645026 -0.007319  -0.034960  0.023279  0.905383  0.316982  0.282496  -0.309295  0.948186  -0.072666  -0.290893  -0.021584  0.956512  0.000442  0.064422  -0.053373  0.742840  -0.078203  -0.219523  1.000000  
31.646027 -0.007314  -0.034895  0.023220  0.905383  0.316777  0.282727  -0.309295  0.948238  -0.071976  -0.290893  -0.022280  0.956496  0.000918  0.064656  -0.053808  0.746901  -0.073558  -0.219503  1.000000  
31.647276 -0.007309  -0.034812  0.023147  0.905383  0.316536  0.282996  -0.309295  0.948299  -0.071171  -0.290893  -0.023092  0.956477  0.001353  0.064872  -0.054324  0.749005  -0.073480  -0.212949  1.000000  
31.648278 -0.007303  -0.034744  0.023090  0.905383  0.316330  0.283226  -0.309295  0.948351  -0.070481  -0.290893  -0.023788  0.956460  0.001803  0.065114  -0.054599  0.751032  -0.068934  -0.206291  1.000000  
31.649526 -0.007296  -0.034660  0.023019  0.905420  0.316093  0.283373  -0.309307  0.948409  -0.069634  -0.290765  -0.024601  0.956478  0.002277  0.065425  -0.054920  0.747070  -0.059402  -0.197987  1.000000  
31.650776 -0.007289  -0.034574  0.022949  0.905420  0.315818  0.283680  -0.309307  0.948476  -0.068714  -0.290765  -0.025529  0.956454  0.002652  0.065814  -0.055170  0.747185  -0.054979  -0.184839  1.000000  
31.651776 -0.007282  -0.034506  0.022894  0.905420  0.315646  0.283871  -0.309307  0.948518  -0.068139  -0.290765  -0.026109  0.956438  0.003005  0.065974  -0.055316  0.745195  -0.054978  -0.178305  1.000000  
31.652778 -0.007275  -0.034438  0.022836  0.905393  0.315638  0.283966  -0.309506  0.948501  -0.067465  -0.290637  -0.026807  0.956458  0.003386  0.066063  -0.055676  0.746536  -0.042229  -0.159967  1.000000  
31.654027 -0.007265  -0.034353  0.022763  0.905393  0.315362  0.284272  -0.309506  0.948566  -0.066545  -0.290637  -0.027735  0.956431  0.003943  0.066313  -0.056168  0.745277  -0.037340  -0.151772  1.000000  
31.655032 -0.007258  -0.034287  0.022703  0.905430  0.315124  0.284419  -0.309519  0.948621  -0.065698  -0.290509  -0.028548  0.956446  0.004349  0.066323  -0.056711  0.754194  -0.033021  -0.145697  1.000000  
31.656034 -0.007251  -0.034221  0.022643  0.905430  0.314917  0.284648  -0.309519  0.948669  -0.065008  -0.290509  -0.029244  0.956425  0.004844  0.066431  -0.057247  0.749279  -0.028814  -0.133004  1.000000  
31.657275 -0.007242  -0.034138  0.022565  0.905466  0.314645  0.284832  -0.309531  0.948730  -0.064046  -0.290381  -0.030173  0.956435  0.005366  0.066662  -0.057965  0.747457  -0.019830  -0.118657  1.000000  
31.658527 -0.007232  -0.034056  0.022488  0.905466  0.314368  0.285138  -0.309531  0.948792  -0.063125  -0.290381  -0.031101  0.956406  0.006048  0.066817  -0.058570  0.749580  -0.015670  -0.106309  1.000000  
31.659771 -0.007222  -0.033973  0.022410  0.905466  0.314091  0.285443  -0.309531  0.948852  -0.062204  -0.290381  -0.032029  0.956375  0.006502  0.066922  -0.058876  0.749782  -0.011381  -0.092997  1.000000  
31.661021 -0.007211  -0.033889  0.022334  0.905466  0.313814  0.285747  -0.309531  0.948912  -0.061284  -0.290381  -0.032957  0.956343  0.006928  0.067088  -0.059116  0.749848  -0.007113  -0.079658  1.000000  
