1-Time 2-Px 3-Py 4-Pz 5-R11 6-R21 7-R31 8-R12 9-R22 10-R32 11-R13 12-R23 13-R33 14-Vx 15-Vy 16-Vz 17-Wx 18-Wy 19-Wz 20-state
152.109028 0.014254  -0.005885  0.013360  0.608571  0.783976  0.122567  -0.752895  0.619278  -0.222811  -0.250582  0.043316  0.967126  -0.001381  -0.003411  -0.002401  0.000000  0.000000  0.000000  1.000000  
152.110230 0.014249  -0.005893  0.013355  0.608592  0.784002  0.122296  -0.752921  0.619228  -0.222860  -0.250452  0.043552  0.967149  -0.005406  -0.007374  -0.005642  0.000000  0.000000  0.000000  1.000000  
152.111258 0.014239  -0.005901  0.013344  0.608613  0.784028  0.122024  -0.752947  0.619179  -0.222910  -0.250322  0.043788  0.967172  -0.007602  -0.007490  -0.008150  0.000000  0.000000  0.000000  1.000000  
152.112491 0.014225  -0.005909  0.013327  0.608613  0.784058  0.121834  -0.752947  0.619125  -0.223060  -0.250322  0.044023  0.967161  -0.008816  -0.007258  -0.010347  0.000000  0.000000  0.000000  1.000000  
152.113739 0.014214  -0.005917  0.013314  0.608634  0.784098  0.121467  -0.752973  0.619048  -0.223185  -0.250193  0.044376  0.967178  -0.008794  -0.007011  -0.010341  0.000000  0.000000  0.000000  1.000000  
152.114980 0.014203  -0.005927  0.013303  0.608634  0.784128  0.121277  -0.752973  0.618994  -0.223335  -0.250193  0.044611  0.967168  -0.008868  -0.007153  -0.009939  0.000000  0.000000  0.000000  1.000000  
152.115985 0.014192  -0.005934  0.013295  0.608655  0.784154  0.121005  -0.752999  0.618944  -0.223385  -0.250063  0.044847  0.967190  -0.009160  -0.007121  -0.009743  0.000000  0.000000  0.000000  1.000000  
152.116996 0.014177  -0.005940  0.013285  0.608655  0.784183  0.120815  -0.752999  0.618890  -0.223535  -0.250063  0.045082  0.967179  -0.009954  -0.007013  -0.009717  0.000000  0.000000  0.000000  1.000000  
152.118225 0.014159  -0.005946  0.013272  0.608676  0.784223  0.120448  -0.753025  0.618813  -0.223659  -0.249934  0.045435  0.967196  -0.010611  -0.006679  -0.009824  0.000000  0.000000  0.000000  1.000000  
152.119229 0.014145  -0.005950  0.013262  0.608676  0.784238  0.120353  -0.753025  0.618786  -0.223734  -0.249934  0.045553  0.967191  -0.010890  -0.006447  -0.009804  0.000000  0.000000  0.000000  1.000000  
152.120481 0.014129  -0.005955  0.013251  0.608697  0.784277  0.119986  -0.753051  0.618710  -0.223859  -0.249804  0.045906  0.967208  -0.011126  -0.006217  -0.009715  0.000000  0.000000  0.000000  1.000000  
152.121726 0.014112  -0.005962  0.013238  0.608718  0.784317  0.119620  -0.753077  0.618633  -0.223983  -0.249675  0.046260  0.967224  -0.011335  -0.006104  -0.009803  0.000000  0.000000  0.000000  1.000000  
152.122975 0.014093  -0.005967  0.013221  0.608739  0.784357  0.119253  -0.753103  0.618556  -0.224108  -0.249545  0.046613  0.967241  -0.011698  -0.005954  -0.010106  0.000000  0.000000  0.000000  1.000000  
152.123976 0.014077  -0.005972  0.013205  0.608739  0.784400  0.118968  -0.753103  0.618475  -0.224333  -0.249545  0.046965  0.967224  -0.012019  -0.005841  -0.010530  0.000000  0.000000  0.000000  1.000000  
152.124977 0.014060  -0.005976  0.013188  0.608760  0.784439  0.118601  -0.753129  0.618398  -0.224457  -0.249416  0.047319  0.967240  -0.012724  -0.005654  -0.011291  0.000000  0.000000  0.000000  1.000000  
152.126226 0.014039  -0.005981  0.013166  0.608760  0.784497  0.118220  -0.753129  0.618289  -0.224757  -0.249416  0.047788  0.967217  -0.013348  -0.005373  -0.011884  0.000000  0.000000  0.000000  1.000000  
152.127478 0.014019  -0.005985  0.013147  0.608915  0.784412  0.117981  -0.753004  0.618369  -0.224958  -0.249416  0.048140  0.967199  -0.013756  -0.005065  -0.011950  0.000000  0.000000  0.000000  1.000000  
152.128510 0.014003  -0.005988  0.013135  0.608915  0.784455  0.117696  -0.753004  0.618287  -0.225183  -0.249416  0.048492  0.967182  -0.014331  -0.004826  -0.012074  0.000000  0.000000  0.000000  1.000000  
152.129737 0.013980  -0.005993  0.013121  0.609070  0.784371  0.117456  -0.752878  0.618366  -0.225384  -0.249416  0.048844  0.967164  -0.015026  -0.004495  -0.012301  -0.272871  0.057706  -0.022204  1.000000  
152.130984 0.013957  -0.005996  0.013104  0.609225  0.784286  0.117217  -0.752753  0.618446  -0.225585  -0.249416  0.049196  0.967146  -0.015661  -0.004180  -0.012675  -0.271587  0.053957  -0.030090  1.000000  
152.132230 0.013936  -0.006000  0.013085  0.609380  0.784187  0.117074  -0.752627  0.618552  -0.225711  -0.249416  0.049431  0.967134  -0.015827  -0.003945  -0.013134  -0.265187  0.050617  -0.037121  1.000000  
152.133481 0.013916  -0.006004  0.013063  0.609514  0.784078  0.117106  -0.752476  0.618681  -0.225862  -0.249545  0.049546  0.967095  -0.015869  -0.003767  -0.013764  -0.254384  0.042101  -0.043151  1.000000  
152.134729 0.013897  -0.006008  0.013041  0.609669  0.783979  0.116963  -0.752350  0.618788  -0.225988  -0.249545  0.049781  0.967083  -0.016106  -0.003764  -0.014501  -0.249432  0.039661  -0.048850  1.000000  
152.135734 0.013881  -0.006012  0.013024  0.609824  0.783852  0.117009  -0.752225  0.618949  -0.225964  -0.249545  0.049781  0.967083  -0.016366  -0.003636  -0.015076  -0.238032  0.037795  -0.054507  1.000000  
152.136976 0.013859  -0.006016  0.013003  0.610112  0.783630  0.116994  -0.751948  0.619212  -0.226166  -0.249675  0.050014  0.967037  -0.016696  -0.003580  -0.015519  -0.232413  0.030591  -0.066188  1.000000  
152.138226 0.013836  -0.006022  0.012981  0.610267  0.783516  0.116945  -0.751822  0.619346  -0.226218  -0.249675  0.050131  0.967031  -0.016929  -0.003542  -0.015764  -0.224803  0.028937  -0.070201  1.000000  
152.139476 0.013811  -0.006025  0.012961  0.610577  0.783290  0.116848  -0.751571  0.619613  -0.226320  -0.249675  0.050366  0.967019  -0.017172  -0.003410  -0.015684  -0.222025  0.022874  -0.080942  1.000000  
152.140738 0.013788  -0.006028  0.012946  0.610710  0.783195  0.116787  -0.751419  0.619714  -0.226546  -0.249804  0.050599  0.966973  -0.017288  -0.003290  -0.015196  -0.216239  0.018069  -0.087359  1.000000  
152.141975 0.013765  -0.006031  0.012934  0.610999  0.782972  0.116772  -0.751142  0.619977  -0.226749  -0.249934  0.050831  0.966928  -0.017501  -0.003147  -0.014722  -0.210648  0.008559  -0.101105  1.000000  
152.142978 0.013745  -0.006033  0.012924  0.611153  0.782873  0.116628  -0.751016  0.620083  -0.226875  -0.249934  0.051066  0.966915  -0.017730  -0.003055  -0.014522  -0.211182  0.003684  -0.106664  1.000000  
152.143980 0.013725  -0.006036  0.012913  0.611308  0.782759  0.116580  -0.750890  0.620216  -0.226927  -0.249934  0.051183  0.966909  -0.017935  -0.003034  -0.014457  -0.205349  0.003335  -0.113264  1.000000  
152.145266 0.013700  -0.006039  0.012896  0.611441  0.782664  0.116519  -0.750738  0.620317  -0.227153  -0.250063  0.051416  0.966863  -0.018050  -0.003017  -0.014583  -0.200985  -0.005980  -0.120295  1.000000  
152.146478 0.013678  -0.006041  0.012877  0.611750  0.782423  0.116517  -0.750486  0.620612  -0.227181  -0.250063  0.051533  0.966857  -0.018068  -0.002889  -0.014620  -0.192140  -0.006623  -0.132749  1.000000  
152.147481 0.013660  -0.006042  0.012862  0.611771  0.782432  0.116341  -0.750512  0.620590  -0.227156  -0.249934  0.051652  0.966884  -0.018163  -0.002747  -0.014501  -0.188311  -0.002195  -0.133120  1.000000  
152.148727 0.013637  -0.006044  0.012844  0.611926  0.782305  0.116387  -0.750386  0.620751  -0.227132  -0.249934  0.051652  0.966884  -0.018388  -0.002625  -0.014305  0.000000  0.000000  0.000000  1.000000  
152.149978 0.013611  -0.006048  0.012826  0.612235  0.782049  0.116481  -0.750134  0.621073  -0.227084  -0.249934  0.051652  0.966884  -0.018800  -0.002609  -0.014013  0.000000  0.000000  0.000000  1.000000  
152.151224 0.013584  -0.006054  0.012809  0.612389  0.781921  0.116528  -0.750008  0.621234  -0.227060  -0.249934  0.051652  0.966884  -0.019250  -0.002677  -0.013764  0.000000  0.000000  0.000000  1.000000  
152.152226 0.013561  -0.006057  0.012795  0.612698  0.781651  0.116716  -0.749756  0.621583  -0.226936  -0.249934  0.051535  0.966890  -0.019573  -0.002655  -0.013446  0.000000  0.000000  0.000000  1.000000  
152.153474 0.013533  -0.006061  0.012777  0.612852  0.781523  0.116763  -0.749630  0.621744  -0.226912  -0.249934  0.051535  0.966890  -0.019846  -0.002580  -0.013329  0.000000  0.000000  0.000000  1.000000  
152.154474 0.013511  -0.006063  0.012762  0.612985  0.781400  0.116891  -0.749478  0.621900  -0.226989  -0.250063  0.051533  0.966857  -0.020037  -0.002535  -0.013332  0.000000  0.000000  0.000000  1.000000  
152.155474 0.013488  -0.006065  0.012745  0.613140  0.781271  0.116938  -0.749352  0.622060  -0.226964  -0.250063  0.051533  0.966857  -0.020332  -0.002497  -0.013550  0.000000  0.000000  0.000000  1.000000  
152.156474 0.013465  -0.006069  0.012728  0.613294  0.781143  0.116985  -0.749225  0.622221  -0.226940  -0.250063  0.051533  0.966857  -0.020605  -0.002618  -0.014021  -0.074576  -0.032792  -0.199682  1.000000  
152.157726 0.013437  -0.006074  0.012704  0.613602  0.780873  0.117173  -0.748973  0.622570  -0.226817  -0.250063  0.051416  0.966863  -0.020866  -0.002776  -0.014868  -0.052433  -0.033161  -0.206291  1.000000  
152.158726 0.013417  -0.006077  0.012684  0.613757  0.780745  0.117220  -0.748847  0.622731  -0.226793  -0.250063  0.051416  0.966863  -0.020855  -0.002819  -0.015493  -0.042196  -0.033253  -0.211204  1.000000  
152.159731 0.013396  -0.006080  0.012664  0.613757  0.780745  0.117220  -0.748847  0.622731  -0.226793  -0.250063  0.051416  0.966863  -0.020911  -0.002802  -0.015968  -0.035829  -0.032940  -0.204599  1.000000  
152.160974 0.013372  -0.006082  0.012640  0.613932  0.780598  0.117279  -0.748746  0.622925  -0.226593  -0.249934  0.051300  0.966903  -0.021004  -0.002789  -0.016324  -0.019670  -0.028514  -0.204858  1.000000  
152.161987 0.013352  -0.006084  0.012622  0.614086  0.780470  0.117326  -0.748620  0.623085  -0.226569  -0.249934  0.051300  0.966903  -0.021210  -0.002888  -0.016493  -0.011672  -0.028762  -0.206457  1.000000  
152.163227 0.013325  -0.006087  0.012602  0.614261  0.780323  0.117385  -0.748519  0.623279  -0.226369  -0.249804  0.051185  0.966943  -0.021514  -0.002994  -0.016665  -0.003505  -0.024078  -0.205040  1.000000  
152.164231 0.013303  -0.006091  0.012586  0.614437  0.780190  0.117349  -0.748418  0.623445  -0.226245  -0.249675  0.051187  0.966976  -0.021656  -0.003044  -0.016743  0.000543  -0.015305  -0.207172  1.000000  
152.165478 0.013274  -0.006095  0.012566  0.614437  0.780190  0.117349  -0.748418  0.623445  -0.226245  -0.249675  0.051187  0.966976  -0.021773  -0.002918  -0.016960  0.002894  -0.014975  -0.200566  1.000000  
152.166733 0.013246  -0.006098  0.012541  0.614612  0.780057  0.117314  -0.748318  0.623611  -0.226121  -0.249545  0.051188  0.967009  -0.021800  -0.002805  -0.017344  0.009318  -0.005662  -0.194248  1.000000  
152.167974 0.013219  -0.006100  0.012514  0.614766  0.779915  0.117455  -0.748191  0.623799  -0.226021  -0.249545  0.051071  0.967015  -0.021724  -0.002735  -0.018010  0.017329  -0.005616  -0.192686  1.000000  
152.168980 0.013196  -0.006104  0.012492  0.614766  0.779915  0.117455  -0.748191  0.623799  -0.226021  -0.249545  0.051071  0.967015  -0.021711  -0.002815  -0.018526  0.018094  -0.004973  -0.180883  1.000000  
152.170226 0.013168  -0.006107  0.012463  0.614920  0.779772  0.117596  -0.748065  0.623987  -0.225921  -0.249545  0.050954  0.967022  -0.021701  -0.002822  -0.019104  0.030090  -0.000490  -0.179647  1.000000  
152.171476 0.013140  -0.006110  0.012435  0.615074  0.779629  0.117737  -0.747938  0.624174  -0.225821  -0.249545  0.050837  0.967028  -0.021670  -0.002704  -0.019522  0.042221  -0.000500  -0.179654  1.000000  
152.172726 0.013112  -0.006113  0.012406  0.615228  0.779487  0.117878  -0.747811  0.624362  -0.225721  -0.249545  0.050719  0.967034  -0.021699  -0.002593  -0.019863  0.054405  0.003946  -0.180020  1.000000  
152.173741 0.013091  -0.006114  0.012383  0.615382  0.779344  0.118019  -0.747685  0.624550  -0.225621  -0.249545  0.050602  0.967040  -0.021680  -0.002451  -0.020007  0.065293  0.004315  -0.174617  1.000000  
152.174976 0.013064  -0.006117  0.012358  0.615536  0.779201  0.118160  -0.747558  0.624738  -0.225521  -0.249545  0.050485  0.967046  -0.021804  -0.002483  -0.020083  0.077675  0.008811  -0.175176  1.000000  
152.175995 0.013043  -0.006119  0.012338  0.615690  0.779058  0.118301  -0.747431  0.624926  -0.225421  -0.249545  0.050367  0.967052  -0.021900  -0.002480  -0.020163  0.085677  0.008794  -0.174840  1.000000  
152.177225 0.013015  -0.006123  0.012313  0.615822  0.778919  0.118524  -0.747279  0.625108  -0.225420  -0.249675  0.050248  0.967025  -0.022122  -0.002502  -0.020388  0.089054  -0.000173  -0.173010  1.000000  
152.178508 0.012987  -0.006125  0.012286  0.615976  0.778776  0.118665  -0.747152  0.625296  -0.225320  -0.249675  0.050131  0.967031  -0.022127  -0.002423  -0.020918  0.097846  -0.000174  -0.174265  1.000000  
152.179734 0.012958  -0.006128  0.012257  0.616284  0.778518  0.118758  -0.746898  0.625616  -0.225271  -0.249675  0.050131  0.967031  -0.022193  -0.002316  -0.021504  0.097929  -0.000174  -0.174414  1.000000  
152.180984 0.012931  -0.006130  0.012227  0.616591  0.778261  0.118851  -0.746644  0.625937  -0.225222  -0.249675  0.050131  0.967031  -0.022080  -0.002217  -0.021999  0.099645  -0.000526  -0.181081  1.000000  
152.182233 0.012904  -0.006132  0.012197  0.616724  0.778136  0.118979  -0.746492  0.626092  -0.225298  -0.249804  0.050129  0.966998  -0.022228  -0.002223  -0.022422  0.093850  -0.004653  -0.174148  1.000000  
152.183236 0.012881  -0.006133  0.012173  0.617031  0.777878  0.119072  -0.746238  0.626412  -0.225249  -0.249804  0.050129  0.966998  -0.022139  -0.002143  -0.022379  0.095573  -0.005004  -0.180827  1.000000  
152.184487 0.012851  -0.006135  0.012147  0.617317  0.777625  0.119247  -0.745958  0.626727  -0.225299  -0.249934  0.050128  0.966964  -0.022222  -0.001977  -0.022235  0.097317  -0.005355  -0.187490  1.000000  
152.185727 0.012822  -0.006136  0.012122  0.617603  0.777371  0.119423  -0.745678  0.627042  -0.225350  -0.250063  0.050126  0.966931  -0.022283  -0.001858  -0.021965  0.099099  -0.010199  -0.194017  1.000000  
152.186976 0.012795  -0.006137  0.012097  0.618063  0.776983  0.119562  -0.745296  0.627522  -0.225276  -0.250063  0.050126  0.966931  -0.022265  -0.001738  -0.021706  0.100834  -0.010552  -0.200717  1.000000  
152.188226 0.012768  -0.006138  0.012072  0.618349  0.776715  0.119831  -0.745016  0.627864  -0.225250  -0.250193  0.050007  0.966904  -0.022256  -0.001665  -0.021538  0.102580  -0.015369  -0.207173  1.000000  
152.189226 0.012746  -0.006139  0.012050  0.618655  0.776456  0.119924  -0.744761  0.628184  -0.225201  -0.250193  0.050007  0.966904  -0.022323  -0.001600  -0.021525  0.104309  -0.015720  -0.213861  1.000000  
152.190476 0.012717  -0.006142  0.012022  0.619094  0.776058  0.120240  -0.744353  0.628686  -0.225150  -0.250322  0.049888  0.966876  -0.022506  -0.001597  -0.021725  0.107785  -0.025380  -0.226804  1.000000  
152.191732 0.012688  -0.006144  0.011992  0.619532  0.775659  0.120556  -0.743945  0.629187  -0.225099  -0.250452  0.049769  0.966849  -0.022579  -0.001447  -0.022051  0.115352  -0.030560  -0.239973  1.000000  
152.192976 0.012659  -0.006145  0.011963  0.619991  0.775270  0.120695  -0.743562  0.629666  -0.225024  -0.250452  0.049769  0.966849  -0.022605  -0.001412  -0.022220  0.113748  -0.035433  -0.250983  1.000000  
152.194055 0.012636  -0.006147  0.011939  0.620276  0.775015  0.120870  -0.743281  0.629980  -0.225074  -0.250582  0.049767  0.966815  -0.022474  -0.001375  -0.022246  0.116138  -0.044949  -0.258654  1.000000  
152.195240 0.012606  -0.006149  0.011907  0.620713  0.774630  0.121092  -0.742872  0.630454  -0.225098  -0.250711  0.049765  0.966782  -0.022734  -0.001395  -0.022463  0.121592  -0.050580  -0.279022  1.000000  
152.196484 0.012575  -0.006151  0.011879  0.621172  0.774226  0.121325  -0.742489  0.630959  -0.224947  -0.250711  0.049648  0.966788  -0.023013  -0.001317  -0.022351  0.129160  -0.055772  -0.292288  1.000000  
152.197485 0.012551  -0.006152  0.011858  0.621609  0.773840  0.121547  -0.742079  0.631432  -0.224971  -0.250841  0.049646  0.966754  -0.023092  -0.001301  -0.022169  0.128551  -0.060935  -0.305400  1.000000  
152.198731 0.012521  -0.006152  0.011834  0.621914  0.773580  0.121640  -0.741823  0.631751  -0.224921  -0.250841  0.049646  0.966754  -0.023230  -0.001170  -0.021980  0.132027  -0.061638  -0.318814  1.000000  
152.199737 0.012498  -0.006152  0.011814  0.622351  0.773194  0.121862  -0.741413  0.632223  -0.224945  -0.250970  0.049645  0.966721  -0.023177  -0.001125  -0.021877  0.131386  -0.066781  -0.331837  1.000000  
152.200976 0.012468  -0.006153  0.011788  0.622809  0.772804  0.122001  -0.741029  0.632701  -0.224870  -0.250970  0.049645  0.966721  -0.023249  -0.001057  -0.021996  0.134898  -0.067502  -0.345342  1.000000  
152.202226 0.012439  -0.006153  0.011761  0.623244  0.772417  0.122223  -0.740618  0.633173  -0.224893  -0.251100  0.049643  0.966687  -0.023406  -0.001025  -0.022157  0.134912  -0.072409  -0.362147  1.000000  
152.203476 0.012410  -0.006153  0.011732  0.623702  0.772026  0.122362  -0.740233  0.633650  -0.224818  -0.251100  0.049643  0.966687  -0.023514  -0.000974  -0.022290  0.129693  -0.073360  -0.372090  1.000000  
152.204726 0.012380  -0.006154  0.011705  0.624159  0.771619  0.122594  -0.739848  0.634154  -0.224665  -0.251100  0.049526  0.966693  -0.023574  -0.000889  -0.022298  0.133702  -0.073697  -0.388719  1.000000  
152.205746 0.012357  -0.006154  0.011683  0.624463  0.771358  0.122687  -0.739591  0.634471  -0.224615  -0.251100  0.049526  0.966693  -0.023678  -0.000827  -0.022305  0.130736  -0.074285  -0.391955  1.000000  
152.206975 0.012326  -0.006155  0.011655  0.624898  0.770970  0.122909  -0.739179  0.634942  -0.224638  -0.251229  0.049524  0.966660  -0.023736  -0.000727  -0.022090  0.129105  -0.074333  -0.401985  1.000000  
152.208057 0.012301  -0.006156  0.011633  0.625203  0.770694  0.123095  -0.738922  0.635287  -0.224510  -0.251229  0.049407  0.966666  -0.023774  -0.000677  -0.021814  0.131557  -0.075045  -0.410920  1.000000  
152.209225 0.012269  -0.006157  0.011607  0.625637  0.770291  0.123411  -0.738510  0.635785  -0.224455  -0.251359  0.049288  0.966638  -0.024128  -0.000638  -0.021728  0.138397  -0.079774  -0.421861  1.000000  
152.210226 0.012243  -0.006158  0.011586  0.626093  0.769898  0.123549  -0.738123  0.636261  -0.224379  -0.251359  0.049288  0.966638  -0.024253  -0.000586  -0.021459  0.140064  -0.080085  -0.428338  1.000000  
152.211226 0.012218  -0.006158  0.011565  0.626375  0.769625  0.123819  -0.737840  0.636600  -0.224350  -0.251488  0.049169  0.966611  -0.024259  -0.000494  -0.021373  0.145887  -0.080400  -0.434968  1.000000  
152.212235 0.012193  -0.006159  0.011544  0.626679  0.769363  0.123911  -0.737582  0.636917  -0.224299  -0.251488  0.049169  0.966611  -0.024272  -0.000490  -0.021290  0.147061  -0.081047  -0.438469  1.000000  
152.213484 0.012163  -0.006159  0.011517  0.627113  0.768959  0.124227  -0.737169  0.637414  -0.224243  -0.251618  0.049050  0.966583  -0.024289  -0.000458  -0.021494  0.152145  -0.080945  -0.442858  1.000000  
152.214484 0.012139  -0.006158  0.011494  0.627416  0.768681  0.124412  -0.736911  0.637758  -0.224115  -0.251618  0.048933  0.966589  -0.024321  -0.000429  -0.021712  0.157473  -0.081025  -0.448226  1.000000  
152.215739 0.012110  -0.006159  0.011464  0.627849  0.768276  0.124728  -0.736498  0.638255  -0.224059  -0.251747  0.048814  0.966561  -0.024297  -0.000415  -0.021947  0.162832  -0.081626  -0.451696  1.000000  
152.216978 0.012080  -0.006159  0.011436  0.628304  0.767867  0.124959  -0.736110  0.638756  -0.223904  -0.251747  0.048696  0.966567  -0.024344  -0.000443  -0.022036  0.168701  -0.081969  -0.458547  1.000000  
152.217984 0.012057  -0.006159  0.011414  0.628737  0.767476  0.125181  -0.735696  0.639225  -0.223925  -0.251877  0.048695  0.966534  -0.024288  -0.000418  -0.021998  0.166406  -0.082273  -0.465177  1.000000  
152.219231 0.012028  -0.006161  0.011388  0.629191  0.767066  0.125413  -0.735307  0.639726  -0.223771  -0.251877  0.048578  0.966539  -0.024340  -0.000499  -0.021787  0.166406  -0.082217  -0.465187  1.000000  
152.220233 0.012005  -0.006161  0.011369  0.629472  0.766792  0.125682  -0.735023  0.640064  -0.223739  -0.252006  0.048459  0.966512  -0.024298  -0.000467  -0.021599  0.170551  -0.082191  -0.465192  1.000000  
152.221233 0.011981  -0.006161  0.011350  0.629774  0.766528  0.125774  -0.734763  0.640380  -0.223688  -0.252006  0.048459  0.966512  -0.024258  -0.000435  -0.021412  0.164731  -0.081820  -0.458493  1.000000  
152.222480 0.011950  -0.006162  0.011325  0.630357  0.765989  0.126135  -0.734219  0.641033  -0.223604  -0.252136  0.048340  0.966484  -0.024173  -0.000403  -0.021268  0.172369  -0.082481  -0.471921  1.000000  
152.223481 0.011927  -0.006162  0.011306  0.630637  0.765714  0.126405  -0.733934  0.641371  -0.223573  -0.252265  0.048221  0.966456  -0.024029  -0.000391  -0.021141  0.174764  -0.082110  -0.465205  1.000000  
152.224484 0.011903  -0.006163  0.011284  0.631069  0.765322  0.126627  -0.733519  0.641839  -0.223593  -0.252394  0.048219  0.966422  -0.023960  -0.000452  -0.021182  0.176518  -0.086931  -0.471612  1.000000  
152.225732 0.011874  -0.006164  0.011258  0.631499  0.764914  0.126942  -0.733103  0.642333  -0.223534  -0.252524  0.048100  0.966394  -0.023711  -0.000363  -0.021201  0.175208  -0.086197  -0.467937  1.000000  
152.226733 0.011852  -0.006164  0.011236  0.631930  0.764506  0.127257  -0.732687  0.642828  -0.223476  -0.252653  0.047981  0.966366  -0.023536  -0.000408  -0.021248  0.182509  -0.087203  -0.478402  1.000000  
152.227733 0.011830  -0.006165  0.011214  0.632360  0.764098  0.127573  -0.732271  0.643322  -0.223417  -0.252783  0.047862  0.966338  -0.023397  -0.000412  -0.021271  0.186604  -0.091658  -0.478134  1.000000  
152.228733 0.011807  -0.006166  0.011192  0.632790  0.763689  0.127888  -0.731855  0.643816  -0.223358  -0.252912  0.047743  0.966310  -0.023283  -0.000459  -0.021210  0.192516  -0.092479  -0.482563  1.000000  
152.229981 0.011780  -0.006166  0.011165  0.633198  0.763284  0.128287  -0.731413  0.644305  -0.223396  -0.253171  0.047623  0.966249  -0.023157  -0.000507  -0.021196  0.196779  -0.100994  -0.484713  1.000000  
152.231232 0.011752  -0.006168  0.011139  0.633756  0.762730  0.128826  -0.730840  0.644978  -0.223329  -0.253430  0.047385  0.966192  -0.023059  -0.000600  -0.020926  0.204895  -0.109269  -0.486543  1.000000  
152.232235 0.011730  -0.006169  0.011119  0.634185  0.762320  0.129141  -0.730423  0.645471  -0.223269  -0.253559  0.047266  0.966164  -0.022938  -0.000663  -0.020762  0.210680  -0.110115  -0.490434  1.000000  
152.233481 0.011702  -0.006171  0.011094  0.634591  0.761914  0.129541  -0.729980  0.645960  -0.223306  -0.253818  0.047146  0.966102  -0.022948  -0.000784  -0.020635  0.214873  -0.119093  -0.490091  1.000000  
152.234481 0.011679  -0.006173  0.011074  0.635019  0.761504  0.129856  -0.729562  0.646452  -0.223245  -0.253948  0.047027  0.966074  -0.022837  -0.000893  -0.020693  0.216640  -0.123851  -0.496529  1.000000  
152.235483 0.011656  -0.006175  0.011052  0.635425  0.761112  0.130164  -0.729118  0.646913  -0.223360  -0.254207  0.047024  0.966006  -0.022795  -0.000990  -0.020811  0.218591  -0.133249  -0.503062  1.000000  
152.236487 0.011634  -0.006177  0.011031  0.635981  0.760572  0.130610  -0.728544  0.647557  -0.223369  -0.254465  0.046903  0.965944  -0.022665  -0.001041  -0.020978  0.226088  -0.138265  -0.515775  1.000000  
152.237730 0.011605  -0.006179  0.011004  0.636536  0.760031  0.131056  -0.727968  0.648201  -0.223377  -0.254724  0.046783  0.965881  -0.022573  -0.001139  -0.021134  0.226141  -0.146370  -0.517965  1.000000  
152.238734 0.011583  -0.006181  0.010982  0.637112  0.759501  0.131325  -0.727418  0.648822  -0.223366  -0.254854  0.046781  0.965847  -0.022493  -0.001213  -0.021203  0.229756  -0.147863  -0.528739  1.000000  
152.239737 0.011561  -0.006182  0.010961  0.637517  0.759092  0.131726  -0.726973  0.649309  -0.223401  -0.255112  0.046661  0.965785  -0.022420  -0.001280  -0.021272  0.231548  -0.157089  -0.534903  1.000000  
152.241051 0.011533  -0.006184  0.010935  0.638070  0.758550  0.132172  -0.726397  0.649951  -0.223407  -0.255371  0.046540  0.965722  -0.022349  -0.001347  -0.021128  0.232913  -0.161499  -0.540202  1.000000  
152.242233 0.011505  -0.006185  0.010910  0.638772  0.757888  0.132573  -0.725688  0.650722  -0.223465  -0.255630  0.046537  0.965654  -0.022379  -0.001386  -0.021030  0.236870  -0.170466  -0.556534  1.000000  
152.243481 0.011478  -0.006187  0.010886  0.639324  0.757344  0.133019  -0.725111  0.651364  -0.223471  -0.255888  0.046417  0.965591  -0.022379  -0.001425  -0.020782  0.238723  -0.175179  -0.562933  1.000000  
152.244731 0.011449  -0.006189  0.010861  0.640025  0.756665  0.133512  -0.724401  0.652161  -0.223448  -0.256147  0.046296  0.965529  -0.022402  -0.001537  -0.020598  0.242271  -0.184662  -0.575723  1.000000  
152.245739 0.011427  -0.006191  0.010842  0.640576  0.756120  0.133959  -0.723822  0.652802  -0.223453  -0.256406  0.046176  0.965466  -0.022442  -0.001560  -0.020520  0.246117  -0.190911  -0.586859  1.000000  
152.246984 0.011398  -0.006193  0.010816  0.641126  0.755574  0.134406  -0.723243  0.653442  -0.223456  -0.256664  0.046055  0.965403  -0.022557  -0.001634  -0.020543  0.247979  -0.200167  -0.593159  1.000000  
152.247984 0.011374  -0.006196  0.010795  0.641676  0.755028  0.134853  -0.722664  0.654082  -0.223459  -0.256923  0.045935  0.965340  -0.022587  -0.001678  -0.020638  0.251621  -0.205239  -0.606301  1.000000  
152.248998 0.011351  -0.006198  0.010773  0.642248  0.754476  0.135214  -0.722109  0.654726  -0.223365  -0.257052  0.045816  0.965311  -0.022676  -0.001729  -0.020796  0.257388  -0.209930  -0.612503  1.000000  
152.250228 0.011322  -0.006201  0.010745  0.642945  0.753810  0.135616  -0.721396  0.655493  -0.223419  -0.257311  0.045813  0.965242  -0.022668  -0.001773  -0.020900  0.256754  -0.213720  -0.627496  1.000000  
152.251229 0.011298  -0.006203  0.010722  0.643345  0.753397  0.136018  -0.720948  0.655977  -0.223448  -0.257570  0.045693  0.965179  -0.022741  -0.001753  -0.020974  0.262629  -0.222912  -0.633675  1.000000  
152.252477 0.011269  -0.006205  0.010694  0.644040  0.752713  0.136511  -0.720234  0.656770  -0.223421  -0.257828  0.045572  0.965115  -0.022837  -0.001779  -0.021025  0.264500  -0.227603  -0.640059  1.000000  
152.253728 0.011240  -0.006207  0.010668  0.644587  0.752163  0.136958  -0.719652  0.657407  -0.223421  -0.258087  0.045452  0.965052  -0.022859  -0.001753  -0.020974  0.266443  -0.232354  -0.646613  1.000000  
152.254976 0.011212  -0.006208  0.010643  0.645281  0.751494  0.137361  -0.718936  0.658172  -0.223472  -0.258345  0.045449  0.964983  -0.022914  -0.001755  -0.020842  0.266033  -0.237408  -0.659626  1.000000  
152.256225 0.011183  -0.006210  0.010619  0.645975  0.750808  0.137854  -0.718220  0.658963  -0.223443  -0.258604  0.045328  0.964919  -0.022980  -0.001759  -0.020721  0.268128  -0.242289  -0.666547  1.000000  
152.257230 0.011160  -0.006210  0.010598  0.646372  0.750409  0.138165  -0.717770  0.659418  -0.223549  -0.258862  0.045325  0.964850  -0.022977  -0.001674  -0.020787  0.266233  -0.244053  -0.671486  1.000000  
152.258236 0.011138  -0.006212  0.010578  0.646940  0.749853  0.138527  -0.717212  0.660058  -0.223451  -0.258991  0.045207  0.964821  -0.023055  -0.001670  -0.020883  0.268328  -0.244503  -0.678760  1.000000  
152.259268 0.011115  -0.006212  0.010557  0.647336  0.749453  0.138838  -0.716760  0.660512  -0.223557  -0.259250  0.045203  0.964752  -0.023016  -0.001648  -0.020940  0.263781  -0.248389  -0.676974  1.000000  
152.260476 0.011086  -0.006214  0.010531  0.648027  0.748764  0.139332  -0.716042  0.661302  -0.223526  -0.259508  0.045083  0.964688  -0.023101  -0.001618  -0.021089  0.265662  -0.247225  -0.685534  1.000000  
152.261725 0.011058  -0.006215  0.010505  0.648593  0.748223  0.139603  -0.715483  0.661914  -0.223506  -0.259637  0.045081  0.964653  -0.023002  -0.001498  -0.021101  0.263525  -0.247549  -0.692289  1.000000  
152.262733 0.011035  -0.006216  0.010483  0.649135  0.747669  0.140051  -0.714897  0.662548  -0.223502  -0.259896  0.044961  0.964589  -0.023006  -0.001414  -0.021173  0.265816  -0.249436  -0.697788  1.000000  
152.263738 0.011012  -0.006218  0.010462  0.649553  0.747264  0.140276  -0.714470  0.663005  -0.223511  -0.260025  0.044960  0.964555  -0.023014  -0.001299  -0.021059  0.262161  -0.245161  -0.698724  1.000000  
152.264981 0.010984  -0.006217  0.010437  0.650242  0.746589  0.140679  -0.713750  0.663765  -0.223557  -0.260283  0.044956  0.964485  -0.022914  -0.001104  -0.020886  0.259355  -0.247928  -0.705254  1.000000  
152.265982 0.010960  -0.006218  0.010416  0.650782  0.746033  0.141128  -0.713162  0.664398  -0.223551  -0.260542  0.044836  0.964421  -0.022922  -0.001024  -0.020703  0.261720  -0.249915  -0.711138  1.000000  
152.267224 0.010932  -0.006218  0.010391  0.651469  0.745357  0.141532  -0.712441  0.665156  -0.223596  -0.260800  0.044833  0.964351  -0.022906  -0.000892  -0.020530  0.259270  -0.248458  -0.718547  1.000000  
152.268229 0.010909  -0.006218  0.010371  0.651885  0.744933  0.141848  -0.712012  0.665639  -0.223523  -0.260929  0.044714  0.964322  -0.022831  -0.000770  -0.020417  0.261681  -0.243635  -0.712086  1.000000  
152.269475 0.010881  -0.006218  0.010346  0.652547  0.744259  0.142339  -0.711264  0.666392  -0.223663  -0.261317  0.044709  0.964217  -0.022809  -0.000648  -0.020402  0.259655  -0.248361  -0.718459  1.000000  
152.270725 0.010853  -0.006217  0.010320  0.653085  0.743701  0.142788  -0.710675  0.667023  -0.223654  -0.261575  0.044589  0.964153  -0.022744  -0.000517  -0.020538  0.258097  -0.247979  -0.711870  1.000000  
152.271732 0.010831  -0.006217  0.010299  0.653646  0.743156  0.143060  -0.710111  0.667631  -0.223632  -0.261704  0.044588  0.964118  -0.022714  -0.000461  -0.020571  0.259910  -0.248235  -0.718308  1.000000  
152.272975 0.010803  -0.006217  0.010273  0.654306  0.742480  0.143552  -0.709360  0.668383  -0.223769  -0.262092  0.044583  0.964013  -0.022808  -0.000401  -0.020857  0.257928  -0.252995  -0.724782  1.000000  
152.273975 0.010781  -0.006217  0.010252  0.654720  0.742054  0.143868  -0.708930  0.668864  -0.223694  -0.262221  0.044464  0.963983  -0.022611  -0.000298  -0.020763  0.256309  -0.248149  -0.718392  1.000000  
152.275016 0.010759  -0.006217  0.010231  0.655256  0.741511  0.144227  -0.708339  0.669466  -0.223764  -0.262479  0.044461  0.963913  -0.022566  -0.000268  -0.020674  0.252573  -0.249664  -0.717110  1.000000  
152.276225 0.010730  -0.006217  0.010206  0.655767  0.740972  0.144674  -0.707722  0.670063  -0.223929  -0.262866  0.044456  0.963808  -0.022595  -0.000166  -0.020602  0.250976  -0.252300  -0.711615  1.000000  
152.277478 0.010701  -0.006217  0.010182  0.656302  0.740428  0.145034  -0.707130  0.670665  -0.223999  -0.263124  0.044453  0.963737  -0.022591  -0.000039  -0.020456  0.247053  -0.252182  -0.711372  1.000000  
152.278546 0.010678  -0.006217  0.010163  0.656836  0.739883  0.145394  -0.706538  0.671265  -0.224068  -0.263383  0.044450  0.963667  -0.022505  0.000048  -0.020210  0.242876  -0.253348  -0.708975  1.000000  
152.279732 0.010650  -0.006216  0.010140  0.657345  0.739342  0.145842  -0.705920  0.671861  -0.224232  -0.263770  0.044445  0.963561  -0.022647  0.000112  -0.020131  0.237587  -0.256209  -0.704382  1.000000  
152.280742 0.010626  -0.006215  0.010121  0.657878  0.738797  0.146203  -0.705326  0.672461  -0.224300  -0.264028  0.044442  0.963491  -0.022622  0.000172  -0.019987  0.235559  -0.258163  -0.709843  1.000000  
152.281981 0.010598  -0.006215  0.010097  0.658556  0.738112  0.146610  -0.704597  0.673213  -0.224338  -0.264286  0.044438  0.963420  -0.022647  0.000198  -0.019939  0.231758  -0.258207  -0.710055  1.000000  
152.283228 0.010569  -0.006215  0.010072  0.659208  0.737431  0.147105  -0.703841  0.673959  -0.224469  -0.264673  0.044433  0.963314  -0.022700  0.000241  -0.019935  0.233831  -0.263033  -0.716521  1.000000  
152.284229 0.010546  -0.006214  0.010052  0.659739  0.736884  0.147466  -0.703247  0.674557  -0.224536  -0.264931  0.044430  0.963243  -0.022699  0.000261  -0.019939  0.229938  -0.262974  -0.716450  1.000000  
152.285475 0.010517  -0.006214  0.010027  0.660390  0.736202  0.147962  -0.702490  0.675303  -0.224666  -0.265318  0.044425  0.963137  -0.022792  0.000222  -0.019890  0.226180  -0.267509  -0.716430  1.000000  
152.286476 0.010493  -0.006214  0.010008  0.660895  0.735657  0.148412  -0.701868  0.675896  -0.224825  -0.265705  0.044420  0.963030  -0.022922  0.000219  -0.019832  0.226324  -0.276431  -0.715797  1.000000  
152.287477 0.010469  -0.006215  0.009988  0.661424  0.735109  0.148774  -0.701272  0.676493  -0.224890  -0.265963  0.044417  0.962959  -0.023037  0.000149  -0.019598  0.228194  -0.279208  -0.722846  1.000000  
152.288725 0.010438  -0.006217  0.009965  0.662072  0.734424  0.149271  -0.700513  0.677236  -0.225018  -0.266350  0.044412  0.962853  -0.023204  0.000055  -0.019493  0.226312  -0.286036  -0.728755  1.000000  
152.289727 0.010414  -0.006217  0.009946  0.662575  0.733897  0.149633  -0.699890  0.677800  -0.225258  -0.266737  0.044524  0.962740  -0.023343  0.000005  -0.019311  0.222374  -0.292899  -0.728778  1.000000  
152.290737 0.010389  -0.006218  0.009927  0.663077  0.733351  0.150084  -0.699266  0.678391  -0.225415  -0.267124  0.044519  0.962633  -0.023490  -0.000091  -0.019240  0.220282  -0.299625  -0.734200  1.000000  
152.291979 0.010359  -0.006219  0.009903  0.663867  0.732524  0.150628  -0.698369  0.679284  -0.225509  -0.267511  0.044514  0.962526  -0.023622  -0.000165  -0.019275  0.222492  -0.304607  -0.741041  1.000000  
152.293224 0.010327  -0.006221  0.009878  0.664511  0.731855  0.151038  -0.697607  0.679997  -0.225716  -0.267897  0.044626  0.962413  -0.023771  -0.000259  -0.019328  0.214645  -0.306875  -0.741316  1.000000  
152.294476 0.010296  -0.006222  0.009853  0.665155  0.731167  0.151537  -0.696845  0.680737  -0.225840  -0.268284  0.044621  0.962306  -0.023939  -0.000366  -0.019446  0.216657  -0.316087  -0.747447  1.000000  
152.295479 0.010272  -0.006223  0.009834  0.665654  0.730637  0.151901  -0.696219  0.681299  -0.226077  -0.268671  0.044733  0.962193  -0.024035  -0.000440  -0.019453  0.208783  -0.320477  -0.747023  1.000000  
152.296479 0.010248  -0.006224  0.009814  0.666177  0.730084  0.152266  -0.695619  0.681891  -0.226138  -0.268928  0.044729  0.962121  -0.024083  -0.000581  -0.019522  0.208978  -0.320461  -0.746937  1.000000  
152.297484 0.010223  -0.006224  0.009794  0.666675  0.729535  0.152719  -0.694992  0.682479  -0.226291  -0.269315  0.044724  0.962013  -0.024240  -0.000705  -0.019519  0.210982  -0.327630  -0.752905  1.000000  
152.298728 0.010191  -0.006227  0.009770  0.667315  0.728863  0.153131  -0.694227  0.683190  -0.226495  -0.269702  0.044836  0.961900  -0.024467  -0.000835  -0.019518  0.203177  -0.334136  -0.752820  1.000000  
152.299752 0.010165  -0.006228  0.009751  0.667811  0.728313  0.153585  -0.693600  0.683777  -0.226647  -0.270088  0.044831  0.961791  -0.024599  -0.000956  -0.019328  0.203105  -0.340789  -0.751464  1.000000  
152.301004 0.010133  -0.006231  0.009727  0.668450  0.727640  0.153998  -0.692834  0.684486  -0.226850  -0.270474  0.044942  0.961678  -0.024743  -0.001124  -0.019287  0.197085  -0.341059  -0.757957  1.000000  
152.302227 0.010101  -0.006233  0.009704  0.669062  0.726970  0.154501  -0.692041  0.685189  -0.227144  -0.270990  0.045052  0.961527  -0.024949  -0.001229  -0.019273  0.193516  -0.350426  -0.758190  1.000000  
152.303476 0.010068  -0.006236  0.009680  0.669698  0.726277  0.155004  -0.691274  0.685924  -0.227262  -0.271376  0.045047  0.961419  -0.025113  -0.001318  -0.019321  0.191570  -0.355226  -0.764695  1.000000  
152.304729 0.010035  -0.006239  0.009654  0.670308  0.725606  0.155508  -0.690480  0.686627  -0.227555  -0.271891  0.045157  0.961268  -0.025252  -0.001491  -0.019439  0.188062  -0.361501  -0.764355  1.000000  
152.305975 0.010002  -0.006242  0.009627  0.670942  0.724912  0.156011  -0.689711  0.687360  -0.227671  -0.272277  0.045152  0.961159  -0.025423  -0.001584  -0.019673  0.189957  -0.364534  -0.770689  1.000000  
152.307039 0.009976  -0.006244  0.009605  0.671434  0.724377  0.156380  -0.689080  0.687916  -0.227903  -0.272664  0.045263  0.961044  -0.025355  -0.001661  -0.019771  0.187589  -0.368577  -0.775355  1.000000  
152.308226 0.009943  -0.006247  0.009579  0.672040  0.723705  0.156886  -0.688284  0.688617  -0.228193  -0.273178  0.045373  0.960893  -0.025566  -0.001745  -0.020029  0.184670  -0.379293  -0.778332  1.000000  
152.309479 0.009911  -0.006250  0.009551  0.672672  0.723008  0.157390  -0.687514  0.689348  -0.228307  -0.273565  0.045368  0.960783  -0.025707  -0.001852  -0.020125  0.186727  -0.380471  -0.783276  1.000000  
152.310727 0.009878  -0.006252  0.009525  0.673135  0.722476  0.157850  -0.686855  0.689898  -0.228628  -0.274079  0.045477  0.960631  -0.025874  -0.001971  -0.020319  0.181228  -0.384702  -0.776416  1.000000  
152.311730 0.009851  -0.006255  0.009504  0.673649  0.721936  0.158131  -0.686248  0.690457  -0.228765  -0.274337  0.045590  0.960552  -0.025991  -0.002086  -0.020383  0.177308  -0.384555  -0.775948  1.000000  
152.312982 0.009818  -0.006258  0.009478  0.674111  0.721384  0.158680  -0.685588  0.691033  -0.229002  -0.274851  0.045583  0.960406  -0.026117  -0.002145  -0.020509  0.175413  -0.391595  -0.768730  1.000000  
152.314232 0.009784  -0.006261  0.009450  0.674598  0.720847  0.159052  -0.684954  0.691586  -0.229229  -0.275237  0.045695  0.960290  -0.026227  -0.002222  -0.020687  0.169789  -0.391340  -0.761991  1.000000  
152.315478 0.009751  -0.006263  0.009423  0.675084  0.720309  0.159424  -0.684320  0.692139  -0.229457  -0.275623  0.045806  0.960174  -0.026358  -0.002221  -0.020956  0.163846  -0.389868  -0.755750  1.000000  
152.316726 0.009717  -0.006266  0.009396  0.675570  0.719771  0.159796  -0.683685  0.692691  -0.229684  -0.276009  0.045917  0.960058  -0.026443  -0.002281  -0.021123  0.158523  -0.390826  -0.748511  1.000000  
152.317979 0.009683  -0.006269  0.009367  0.676195  0.719090  0.160216  -0.682910  0.693390  -0.229877  -0.276395  0.046028  0.959941  -0.026518  -0.002283  -0.021513  0.154739  -0.390832  -0.748333  1.000000  
152.319229 0.009648  -0.006272  0.009339  0.676679  0.718552  0.160590  -0.682274  0.693941  -0.230103  -0.276780  0.046139  0.959825  -0.026656  -0.002261  -0.021722  0.153166  -0.390604  -0.741545  1.000000  
152.320476 0.009614  -0.006275  0.009310  0.677162  0.718013  0.160964  -0.681638  0.694492  -0.230328  -0.277166  0.046250  0.959708  -0.026769  -0.002205  -0.021857  0.148181  -0.387471  -0.735412  1.000000  
152.321724 0.009580  -0.006277  0.009282  0.677505  0.717616  0.161290  -0.681141  0.694894  -0.230586  -0.277552  0.046361  0.959591  -0.026873  -0.002182  -0.021941  0.138847  -0.386627  -0.715608  1.000000  
152.322724 0.009553  -0.006278  0.009259  0.677873  0.717215  0.161527  -0.680669  0.695300  -0.230752  -0.277809  0.046474  0.959512  -0.026957  -0.002094  -0.022001  0.133170  -0.381882  -0.709097  1.000000  
152.323730 0.009525  -0.006279  0.009237  0.678354  0.716656  0.161989  -0.680032  0.695877  -0.230892  -0.278194  0.046469  0.959400  -0.027065  -0.002065  -0.022037  0.136842  -0.385018  -0.708671  1.000000  
152.324975 0.009490  -0.006281  0.009209  0.678861  0.716111  0.162274  -0.679421  0.696431  -0.231025  -0.278451  0.046582  0.959320  -0.027245  -0.002007  -0.022148  0.131189  -0.380472  -0.702554  1.000000  
