1-Time 2-Px 3-Py 4-Pz 5-R11 6-R21 7-R31 8-R12 9-R22 10-R32 11-R13 12-R23 13-R33 14-Vx 15-Vy 16-Vz 17-Wx 18-Wy 19-Wz 20-state
146.389930 0.081861  0.046681  0.023916  0.339331  0.762022  0.551523  -0.837445  -0.022306  0.546066  0.428417  -0.647167  0.630582  -0.000157  -0.001008  0.001183  0.000000  0.000000  0.000000  1.000000  
146.391096 0.081859  0.046673  0.023913  0.339331  0.762022  0.551523  -0.837445  -0.022306  0.546066  0.428417  -0.647167  0.630582  -0.001709  -0.007253  -0.002919  0.000000  0.000000  0.000000  1.000000  
146.392316 0.081827  0.046579  0.023868  0.339331  0.762022  0.551523  -0.837445  -0.022306  0.546066  0.428417  -0.647167  0.630582  -0.015073  -0.045035  -0.021060  0.000000  0.000000  0.000000  1.000000  
146.393582 0.081778  0.046457  0.023808  0.339331  0.762022  0.551523  -0.837445  -0.022306  0.546066  0.428417  -0.647167  0.630582  -0.023361  -0.063560  -0.030611  0.000000  0.000000  0.000000  1.000000  
146.394820 0.081737  0.046369  0.023767  0.339331  0.761888  0.551708  -0.837445  -0.022438  0.546061  0.428417  -0.647320  0.630425  -0.026040  -0.065430  -0.031271  0.000000  0.000000  0.000000  1.000000  
146.395835 0.081709  0.046329  0.023755  0.339331  0.761754  0.551892  -0.837445  -0.022571  0.546056  0.428417  -0.647473  0.630268  -0.026247  -0.060916  -0.027780  0.000000  0.000000  0.000000  1.000000  
146.397083 0.081677  0.046317  0.023759  0.339137  0.761581  0.552250  -0.837462  -0.023006  0.546012  0.428538  -0.647661  0.629993  -0.026195  -0.051800  -0.022287  0.000000  0.000000  0.000000  1.000000  
146.398084 0.081645  0.046330  0.023775  0.339115  0.761413  0.552496  -0.837408  -0.023285  0.546081  0.428658  -0.647849  0.629717  -0.026881  -0.043735  -0.017546  0.000000  0.000000  0.000000  1.000000  
146.399319 0.081598  0.046342  0.023797  0.339287  0.761216  0.552660  -0.837339  -0.023327  0.546187  0.428658  -0.648078  0.629481  -0.028372  -0.036545  -0.012832  0.000000  0.000000  0.000000  1.000000  
146.400593 0.081548  0.046323  0.023800  0.339632  0.761159  0.552528  -0.837199  -0.023080  0.546411  0.428658  -0.648155  0.629403  -0.029705  -0.033959  -0.011022  0.000000  0.000000  0.000000  1.000000  
146.401817 0.081496  0.046277  0.023778  0.339826  0.761131  0.552447  -0.837182  -0.022843  0.546447  0.428538  -0.648196  0.629443  -0.031049  -0.034328  -0.011754  0.000000  0.000000  0.000000  1.000000  
146.403086 0.081435  0.046221  0.023740  0.340042  0.761070  0.552398  -0.837218  -0.022526  0.546405  0.428296  -0.648278  0.629522  -0.032693  -0.035263  -0.013474  0.000000  0.000000  0.000000  1.000000  
146.404313 0.081361  0.046156  0.023705  0.340257  0.760943  0.552441  -0.837254  -0.022275  0.546360  0.428054  -0.648436  0.629524  -0.035016  -0.036788  -0.014812  0.000000  0.000000  0.000000  1.000000  
146.405314 0.081296  0.046099  0.023684  0.340236  0.760908  0.552502  -0.837201  -0.022421  0.546435  0.428175  -0.648472  0.629405  -0.037669  -0.038765  -0.015435  0.000000  0.000000  0.000000  1.000000  
146.406564 0.081209  0.046029  0.023674  0.340365  0.760844  0.552510  -0.837025  -0.022558  0.546699  0.428417  -0.648542  0.629168  -0.042722  -0.041162  -0.015015  0.000000  0.000000  0.000000  1.000000  
146.407821 0.081121  0.045955  0.023677  0.340795  0.760855  0.552230  -0.836602  -0.022542  0.547347  0.428900  -0.648530  0.628851  -0.045890  -0.037204  -0.010445  0.000000  0.000000  0.000000  1.000000  
146.408868 0.081048  0.045884  0.023679  0.341268  0.760868  0.551921  -0.836285  -0.022300  0.547841  0.429142  -0.648524  0.628692  -0.048325  -0.037043  -0.007958  0.000000  0.000000  0.000000  1.000000  
146.410063 0.080954  0.045785  0.023674  0.341935  0.760852  0.551530  -0.835951  -0.021820  0.548370  0.429263  -0.648559  0.628574  -0.051750  -0.038099  -0.005915  0.000000  0.000000  0.000000  1.000000  
146.411314 0.080855  0.045691  0.023658  0.342667  0.760737  0.551234  -0.835775  -0.021099  0.548666  0.429021  -0.648718  0.628575  -0.056183  -0.041941  -0.006474  0.000000  0.000000  0.000000  1.000000  
146.412329 0.080779  0.045629  0.023642  0.343055  0.760479  0.551349  -0.835740  -0.020825  0.548730  0.428779  -0.649029  0.628419  -0.059815  -0.046996  -0.008394  0.000000  0.000000  0.000000  1.000000  
146.413566 0.080691  0.045571  0.023624  0.343614  0.760225  0.551350  -0.835634  -0.020395  0.548907  0.428538  -0.649340  0.628262  -0.062418  -0.051111  -0.010694  0.000000  0.000000  0.000000  1.000000  
146.414567 0.080625  0.045540  0.023612  0.344130  0.760037  0.551288  -0.835422  -0.020125  0.549241  0.428538  -0.649568  0.628026  -0.064221  -0.053450  -0.012467  0.000000  0.000000  0.000000  1.000000  
146.415573 0.080559  0.045514  0.023599  0.344946  0.759990  0.550843  -0.834961  -0.019637  0.549958  0.428779  -0.649638  0.627788  -0.065970  -0.053999  -0.013383  0.047523  0.183641  -0.156273  1.000000  
146.416839 0.080472  0.045467  0.023577  0.345912  0.759913  0.550343  -0.834375  -0.019139  0.550864  0.429142  -0.649743  0.627432  -0.068533  -0.054090  -0.013092  0.039040  0.215325  -0.167097  1.000000  
146.418066 0.080374  0.045388  0.023544  0.346704  0.759899  0.549863  -0.833860  -0.018731  0.551658  0.429504  -0.649771  0.627155  -0.070803  -0.055643  -0.013120  0.030172  0.239708  -0.172559  1.000000  
146.419314 0.080270  0.045282  0.023506  0.347562  0.759851  0.549387  -0.833503  -0.018016  0.552222  0.429504  -0.649847  0.627076  -0.072913  -0.058294  -0.013063  0.017936  0.252313  -0.187312  1.000000  
146.420564 0.080162  0.045164  0.023471  0.348293  0.759799  0.548997  -0.833322  -0.017230  0.552519  0.429263  -0.649930  0.627156  -0.074455  -0.061453  -0.014018  0.005758  0.257659  -0.206347  1.000000  
146.421564 0.080076  0.045068  0.023448  0.348852  0.759742  0.548720  -0.833213  -0.016600  0.552703  0.429021  -0.650012  0.627236  -0.075628  -0.064214  -0.015311  -0.003027  0.264876  -0.225765  1.000000  
146.422565 0.079990  0.044979  0.023431  0.349366  0.759752  0.548379  -0.832997  -0.016131  0.553042  0.429021  -0.650012  0.627236  -0.076722  -0.066207  -0.016660  -0.011853  0.278142  -0.238639  1.000000  
146.423820 0.079883  0.044888  0.023417  0.350030  0.759799  0.547891  -0.832656  -0.015586  0.553571  0.429142  -0.649971  0.627196  -0.077968  -0.066645  -0.017512  -0.027810  0.300335  -0.253753  1.000000  
146.424845 0.079800  0.044832  0.023407  0.350649  0.759847  0.547429  -0.832209  -0.015268  0.554252  0.429504  -0.649923  0.626997  -0.078061  -0.064420  -0.018076  -0.039845  0.328651  -0.262235  1.000000  
146.426064 0.079700  0.044772  0.023386  0.351267  0.760027  0.546783  -0.831761  -0.014815  0.554936  0.429867  -0.649723  0.626957  -0.078287  -0.062344  -0.018489  -0.066564  0.354883  -0.275574  1.000000  
146.427316 0.079604  0.044714  0.023352  0.352100  0.760075  0.546178  -0.831346  -0.014113  0.555576  0.429988  -0.649682  0.626917  -0.078413  -0.061064  -0.019388  -0.098305  0.383381  -0.296215  1.000000  
146.428567 0.079507  0.044651  0.023304  0.352614  0.760150  0.545743  -0.831128  -0.013576  0.555915  0.429988  -0.649606  0.626995  -0.079163  -0.061711  -0.021458  -0.119550  0.385877  -0.305414  1.000000  
146.429817 0.079403  0.044579  0.023252  0.353194  0.760123  0.545406  -0.831069  -0.012799  0.556022  0.429625  -0.649654  0.627194  -0.080632  -0.064327  -0.023973  -0.137467  0.385513  -0.323648  1.000000  
146.430822 0.079316  0.044515  0.023215  0.353410  0.760123  0.545265  -0.831102  -0.012415  0.555981  0.429384  -0.649660  0.627353  -0.081754  -0.066177  -0.025403  -0.146758  0.382646  -0.332963  1.000000  
146.431823 0.079227  0.044455  0.023187  0.353753  0.760128  0.545036  -0.830957  -0.012102  0.556206  0.429384  -0.649660  0.627353  -0.083032  -0.067577  -0.026027  -0.149565  0.393171  -0.330661  1.000000  
146.433063 0.079113  0.044386  0.023163  0.354072  0.760167  0.544774  -0.830758  -0.011869  0.556507  0.429504  -0.649619  0.627313  -0.084068  -0.066800  -0.025399  -0.151413  0.400953  -0.326139  1.000000  
146.434323 0.078996  0.044317  0.023145  0.354711  0.760245  0.544249  -0.830360  -0.011403  0.557110  0.429746  -0.649536  0.627233  -0.084878  -0.063808  -0.023930  -0.165491  0.429865  -0.328607  1.000000  
146.435564 0.078873  0.044238  0.023123  0.355201  0.760418  0.543688  -0.830088  -0.010878  0.557526  0.429867  -0.649343  0.627350  -0.085948  -0.061111  -0.023135  -0.189265  0.439814  -0.338931  1.000000  
146.436566 0.078772  0.044166  0.023095  0.355417  0.760418  0.543547  -0.830121  -0.010494  0.557485  0.429625  -0.649349  0.627509  -0.086919  -0.059561  -0.023596  -0.200138  0.423348  -0.353518  1.000000  
146.437814 0.078644  0.044070  0.023044  0.355656  0.760449  0.543347  -0.830206  -0.009963  0.557367  0.429263  -0.649321  0.627786  -0.088271  -0.058928  -0.025782  -0.207702  0.396822  -0.365593  1.000000  
146.438814 0.078543  0.043993  0.022995  0.355895  0.760480  0.543147  -0.830291  -0.009431  0.557250  0.428900  -0.649292  0.628064  -0.089331  -0.059701  -0.028174  -0.214245  0.372974  -0.373613  1.000000  
146.439819 0.078444  0.043925  0.022943  0.356327  0.760413  0.542958  -0.830355  -0.008731  0.557166  0.428417  -0.649381  0.628302  -0.090502  -0.060609  -0.030984  -0.217727  0.350775  -0.383491  1.000000  
146.441064 0.078326  0.043862  0.022883  0.356737  0.760445  0.542643  -0.830367  -0.008043  0.557159  0.428054  -0.649352  0.628579  -0.091888  -0.060954  -0.033664  -0.223897  0.338770  -0.378178  1.000000  
146.442065 0.078232  0.043828  0.022845  0.357124  0.760446  0.542388  -0.830325  -0.007503  0.557229  0.427812  -0.649358  0.628737  -0.093003  -0.060077  -0.034367  -0.237091  0.340651  -0.379565  1.000000  
146.443314 0.078114  0.043790  0.022804  0.357659  0.760482  0.541985  -0.830157  -0.006886  0.557488  0.427691  -0.649323  0.628856  -0.094395  -0.058392  -0.033896  -0.253062  0.343688  -0.376190  1.000000  
146.444316 0.078017  0.043755  0.022775  0.358046  0.760416  0.541822  -0.830114  -0.006413  0.557556  0.427449  -0.649405  0.628936  -0.095260  -0.057014  -0.033247  -0.259236  0.328643  -0.373913  1.000000  
146.445320 0.077916  0.043706  0.022745  0.358627  0.760382  0.541485  -0.830051  -0.005637  0.557660  0.427086  -0.649452  0.629134  -0.096485  -0.055953  -0.032383  -0.271782  0.306852  -0.384510  1.000000  
146.446321 0.077808  0.043639  0.022711  0.359230  0.760247  0.541275  -0.830039  -0.004848  0.557685  0.426602  -0.649616  0.629293  -0.097703  -0.056228  -0.032660  -0.276850  0.280430  -0.402629  1.000000  
146.447570 0.077667  0.043533  0.022659  0.360073  0.760074  0.540958  -0.830109  -0.003596  0.557590  0.425755  -0.649826  0.629649  -0.099593  -0.058733  -0.034426  -0.283032  0.243411  -0.423103  1.000000  
146.448818 0.077521  0.043413  0.022599  0.360915  0.759834  0.540733  -0.830177  -0.002412  0.557494  0.424907  -0.650113  0.629926  -0.101559  -0.062232  -0.037312  -0.283968  0.213998  -0.444667  1.000000  
146.450150 0.077374  0.043301  0.022540  0.361883  0.759662  0.540328  -0.830066  -0.001231  0.557664  0.424302  -0.650317  0.630124  -0.102693  -0.064287  -0.039676  -0.289974  0.208639  -0.457500  1.000000  
146.451315 0.077231  0.043206  0.022485  0.363215  0.759454  0.539726  -0.829855  0.000342  0.557979  0.423575  -0.650561  0.630361  -0.104507  -0.065122  -0.041328  -0.299405  0.210319  -0.484881  1.000000  
146.452564 0.077091  0.043128  0.022434  0.364524  0.759147  0.539276  -0.829590  0.001700  0.558370  0.422969  -0.650917  0.630400  -0.105279  -0.064148  -0.041466  -0.300375  0.211050  -0.514195  1.000000  
146.453564 0.076981  0.043071  0.022392  0.365663  0.758903  0.538848  -0.829398  0.002968  0.558651  0.422362  -0.651197  0.630518  -0.105888  -0.062477  -0.040871  -0.302028  0.201451  -0.542079  1.000000  
146.454814 0.076844  0.042996  0.022336  0.367188  0.758585  0.538258  -0.829156  0.004708  0.558998  0.421513  -0.651557  0.630714  -0.106742  -0.061924  -0.040496  -0.313896  0.188633  -0.592051  1.000000  
146.455820 0.076732  0.042928  0.022286  0.368395  0.758295  0.537841  -0.829113  0.006283  0.559045  0.420542  -0.651881  0.631027  -0.107976  -0.063272  -0.040514  -0.317758  0.164638  -0.640613  1.000000  
146.457064 0.076590  0.042832  0.022221  0.370012  0.757827  0.537390  -0.829070  0.008340  0.559083  0.419206  -0.652402  0.631378  -0.109472  -0.066397  -0.041590  -0.322216  0.140866  -0.692794  1.000000  
146.458314 0.076447  0.042734  0.022160  0.371675  0.757283  0.537010  -0.829123  0.010556  0.558966  0.417627  -0.653001  0.631805  -0.111162  -0.070378  -0.042963  -0.328226  0.122947  -0.756799  1.000000  
146.459565 0.076302  0.042638  0.022104  0.373463  0.756737  0.536539  -0.828993  0.012700  0.559115  0.416289  -0.653596  0.632073  -0.112900  -0.074232  -0.044514  -0.333133  0.125552  -0.809721  1.000000  
146.460565 0.076184  0.042560  0.022064  0.375034  0.756326  0.536023  -0.828833  0.014596  0.559306  0.415194  -0.654032  0.632342  -0.113670  -0.075397  -0.044922  -0.346049  0.130933  -0.858374  1.000000  
146.461826 0.076034  0.042459  0.022012  0.376946  0.755838  0.535369  -0.828513  0.016734  0.559719  0.414098  -0.654545  0.632530  -0.114536  -0.075865  -0.045301  -0.359385  0.143263  -0.925907  1.000000  
146.463066 0.075879  0.042346  0.021954  0.378881  0.755308  0.534751  -0.828239  0.018951  0.560055  0.412880  -0.655096  0.632755  -0.115359  -0.075968  -0.045388  -0.371272  0.140801  -0.992351  1.000000  
146.464074 0.075752  0.042244  0.021901  0.380452  0.754817  0.534330  -0.828065  0.020776  0.560247  0.411783  -0.655607  0.632941  -0.115927  -0.076023  -0.045675  -0.377375  0.129293  -1.050022  1.000000  
146.465317 0.075592  0.042112  0.021827  0.382456  0.754229  0.533729  -0.827929  0.023298  0.560349  0.410197  -0.656198  0.633358  -0.116835  -0.077845  -0.046762  -0.384808  0.117335  -1.125990  1.000000  
146.466566 0.075435  0.041984  0.021753  0.384312  0.753537  0.533372  -0.827914  0.025675  0.560267  0.408488  -0.656903  0.633731  -0.117904  -0.080659  -0.048256  -0.391600  0.115435  -1.190128  1.000000  
146.467575 0.075310  0.041892  0.021700  0.385952  0.752919  0.533061  -0.827874  0.027736  0.560229  0.407022  -0.657528  0.634027  -0.118763  -0.082768  -0.048971  -0.397757  0.120209  -1.259582  1.000000  
146.468815 0.075156  0.041795  0.021645  0.387808  0.752214  0.532709  -0.827846  0.030111  0.560147  0.405310  -0.658230  0.634395  -0.120029  -0.084570  -0.049130  -0.400619  0.121071  -1.323261  1.000000  
146.470064 0.075003  0.041712  0.021598  0.389811  0.751469  0.532298  -0.827682  0.032492  0.560255  0.403719  -0.658968  0.634643  -0.120990  -0.084824  -0.048334  -0.405042  0.134182  -1.392187  1.000000  
146.471064 0.074880  0.041647  0.021561  0.391404  0.750973  0.531829  -0.827527  0.034459  0.560368  0.402495  -0.659433  0.634938  -0.121704  -0.084314  -0.047384  -0.409843  0.135519  -1.432552  1.000000  
146.472065 0.074754  0.041578  0.021523  0.393167  0.750400  0.531337  -0.827286  0.036511  0.560593  0.401270  -0.659975  0.635151  -0.122529  -0.083690  -0.046467  -0.420213  0.143759  -1.501196  1.000000  
146.473312 0.074592  0.041474  0.021465  0.395193  0.749790  0.530695  -0.827151  0.039172  0.560612  0.399553  -0.660515  0.635671  -0.123707  -0.084044  -0.046347  -0.431472  0.134076  -1.561380  1.000000  
146.474315 0.074457  0.041375  0.021410  0.396685  0.749172  0.530455  -0.827206  0.041221  0.560384  0.397958  -0.661092  0.636071  -0.125054  -0.085573  -0.047106  -0.440406  0.122982  -1.618724  1.000000  
146.475564 0.074285  0.041241  0.021336  0.398461  0.748476  0.530106  -0.827413  0.043958  0.559871  0.395748  -0.661703  0.636814  -0.126661  -0.087964  -0.048510  -0.449997  0.098025  -1.681885  1.000000  
146.476814 0.074110  0.041109  0.021266  0.400237  0.747708  0.529851  -0.827611  0.046626  0.559362  0.393535  -0.662388  0.637473  -0.128366  -0.090072  -0.049736  -0.455299  0.079425  -1.738695  1.000000  
146.478064 0.073936  0.040987  0.021206  0.401990  0.747036  0.529472  -0.827754  0.049281  0.558923  0.391443  -0.662954  0.638173  -0.129525  -0.090628  -0.049896  -0.468406  0.067005  -1.788350  1.000000  
146.479068 0.073800  0.040900  0.021164  0.403480  0.746459  0.529153  -0.827785  0.051394  0.558687  0.389841  -0.663444  0.638644  -0.130183  -0.089698  -0.049149  -0.474996  0.059756  -1.839417  1.000000  
146.480069 0.073663  0.040818  0.021124  0.404970  0.745877  0.528836  -0.827810  0.053507  0.558451  0.388239  -0.663931  0.639113  -0.130755  -0.087700  -0.047648  -0.486168  0.047021  -1.879165  1.000000  
146.481316 0.073494  0.040721  0.021074  0.406891  0.745110  0.528441  -0.827849  0.056245  0.558124  0.386142  -0.664566  0.639724  -0.131563  -0.085577  -0.046015  -0.493588  0.021412  -1.927016  1.000000  
146.482346 0.073359  0.040639  0.021027  0.408233  0.744489  0.528282  -0.827993  0.058282  0.557701  0.384413  -0.665086  0.640225  -0.132105  -0.084813  -0.045576  -0.495557  -0.009169  -1.957970  1.000000  
146.483564 0.073189  0.040532  0.020963  0.410199  0.743693  0.527880  -0.828108  0.061245  0.557213  0.382065  -0.665710  0.640981  -0.133325  -0.085672  -0.046251  -0.504718  -0.044495  -2.007046  1.000000  
146.484565 0.073053  0.040443  0.020907  0.411755  0.742970  0.527688  -0.828247  0.063593  0.556743  0.380086  -0.666297  0.641547  -0.134299  -0.087091  -0.047486  -0.509596  -0.070407  -2.044530  1.000000  
146.485820 0.072882  0.040334  0.020838  0.413594  0.742027  0.527576  -0.828520  0.066493  0.555998  0.377486  -0.667064  0.642285  -0.135449  -0.088959  -0.049008  -0.506640  -0.103839  -2.080491  1.000000  
146.487065 0.072708  0.040226  0.020773  0.415431  0.741140  0.527378  -0.828782  0.069459  0.555243  0.374882  -0.667747  0.643099  -0.136426  -0.090098  -0.049970  -0.514668  -0.126458  -2.115564  1.000000  
146.488314 0.072531  0.040117  0.020713  0.417586  0.740255  0.526919  -0.828818  0.072648  0.554781  0.372400  -0.668390  0.643874  -0.137407  -0.090337  -0.050065  -0.525281  -0.141357  -2.150924  1.000000  
146.489564 0.072351  0.040006  0.020656  0.419934  0.739303  0.526390  -0.828801  0.076068  0.554349  0.369791  -0.669062  0.644678  -0.138162  -0.089255  -0.049138  -0.538420  -0.162743  -2.185742  1.000000  
146.490564 0.072206  0.039912  0.020608  0.421871  0.738494  0.525977  -0.828812  0.078941  0.553930  0.367552  -0.669623  0.645376  -0.138606  -0.088630  -0.048594  -0.546674  -0.185293  -2.219802  1.000000  
146.491564 0.072059  0.039811  0.020557  0.423637  0.737756  0.525593  -0.828902  0.081729  0.553391  0.365311  -0.670102  0.646151  -0.139038  -0.087938  -0.048091  -0.559812  -0.223424  -2.260294  1.000000  
146.492814 0.071875  0.039683  0.020491  0.426218  0.736694  0.524995  -0.828892  0.085600  0.552820  0.362320  -0.670786  0.647124  -0.139744  -0.088428  -0.048432  -0.578830  -0.251927  -2.310648  1.000000  
146.494065 0.071691  0.039559  0.020425  0.428670  0.735617  0.524509  -0.829039  0.089543  0.551974  0.359076  -0.671453  0.648240  -0.140573  -0.089381  -0.049274  -0.598255  -0.292942  -2.364542  1.000000  
146.495076 0.071547  0.039468  0.020374  0.430691  0.734602  0.524276  -0.829178  0.092728  0.551240  0.356327  -0.672132  0.649053  -0.141124  -0.090115  -0.050110  -0.605028  -0.326901  -2.408590  1.000000  
146.496319 0.071369  0.039365  0.020313  0.433310  0.733478  0.523692  -0.829205  0.096816  0.550496  0.353074  -0.672783  0.650155  -0.141777  -0.090542  -0.050833  -0.629610  -0.349632  -2.462402  1.000000  
146.497333 0.071228  0.039286  0.020264  0.435305  0.732481  0.523432  -0.829276  0.099916  0.549834  0.350444  -0.673415  0.650923  -0.142196  -0.090260  -0.050916  -0.641135  -0.371961  -2.496505  1.000000  
146.498569 0.071050  0.039186  0.020200  0.437748  0.731286  0.523066  -0.829361  0.103781  0.548989  0.347184  -0.674129  0.651930  -0.142632  -0.089645  -0.050769  -0.658790  -0.399083  -2.545612  1.000000  
146.499816 0.070870  0.039078  0.020132  0.440679  0.730052  0.522328  -0.829117  0.108014  0.548542  0.344045  -0.674802  0.652898  -0.143355  -0.089611  -0.050702  -0.685805  -0.416844  -2.603534  1.000000  
146.501065 0.070685  0.038955  0.020058  0.443629  0.728755  0.521641  -0.828894  0.112322  0.548014  0.340777  -0.675499  0.653890  -0.144248  -0.090574  -0.051102  -0.708535  -0.440925  -2.667646  1.000000  
146.502067 0.070532  0.038850  0.019998  0.445851  0.727621  0.521330  -0.828938  0.115866  0.547208  0.337756  -0.676123  0.654812  -0.145086  -0.091831  -0.051706  -0.719761  -0.479118  -2.718102  1.000000  
146.503314 0.070338  0.038715  0.019925  0.448730  0.726036  0.521069  -0.828967  0.120347  0.546197  0.333849  -0.677044  0.655863  -0.146203  -0.093493  -0.052541  -0.726802  -0.514047  -2.784931  1.000000  
146.504564 0.070143  0.038586  0.019859  0.451606  0.724493  0.520732  -0.828972  0.124890  0.545168  0.329936  -0.677874  0.656985  -0.147196  -0.094677  -0.053205  -0.740176  -0.538252  -2.850123  1.000000  
146.505565 0.069988  0.038488  0.019809  0.454159  0.723262  0.520223  -0.828778  0.128721  0.544571  0.326903  -0.678471  0.657884  -0.147845  -0.094824  -0.053324  -0.758972  -0.537527  -2.906401  1.000000  
146.506814 0.069793  0.038371  0.019748  0.457156  0.721741  0.519710  -0.828570  0.133244  0.543799  0.323234  -0.679217  0.658926  -0.148615  -0.094315  -0.053144  -0.775850  -0.541739  -2.967403  1.000000  
146.507816 0.069636  0.038278  0.019695  0.459682  0.720521  0.519175  -0.828304  0.136987  0.543274  0.320320  -0.679768  0.659781  -0.149259  -0.093480  -0.053056  -0.791730  -0.545680  -3.030579  1.000000  
146.508819 0.069477  0.038184  0.019638  0.462417  0.719168  0.518621  -0.828002  0.141033  0.542699  0.317150  -0.680373  0.660689  -0.150050  -0.093200  -0.053324  -0.808731  -0.549976  -3.090315  1.000000  
146.510063 0.069279  0.038066  0.019561  0.465653  0.717444  0.518113  -0.827782  0.146070  0.541701  0.312959  -0.681130  0.661906  -0.151305  -0.093574  -0.054310  -0.829727  -0.574034  -3.173662  1.000000  
146.511063 0.069120  0.037972  0.019497  0.468271  0.715949  0.517822  -0.827644  0.150196  0.540783  0.309399  -0.681805  0.662883  -0.152357  -0.094199  -0.055231  -0.844617  -0.593240  -3.241737  1.000000  
146.512070 0.068961  0.037882  0.019438  0.470904  0.714455  0.517497  -0.827522  0.154461  0.539768  0.305707  -0.682419  0.663964  -0.153609  -0.095019  -0.055963  -0.868495  -0.616606  -3.329732  1.000000  
146.513320 0.068760  0.037772  0.019367  0.474184  0.712527  0.517160  -0.827332  0.159717  0.538528  0.301117  -0.683225  0.665231  -0.155284  -0.095875  -0.056442  -0.883038  -0.640029  -3.409865  1.000000  
146.514568 0.068556  0.037666  0.019306  0.477666  0.710509  0.516731  -0.827080  0.165334  0.537218  0.296265  -0.683989  0.666623  -0.156851  -0.095770  -0.055994  -0.910613  -0.657729  -3.505857  1.000000  
146.515821 0.068349  0.037557  0.019246  0.480799  0.708594  0.516456  -0.826992  0.170715  0.535669  0.291405  -0.684654  0.668081  -0.158302  -0.094771  -0.054970  -0.934529  -0.683272  -3.581496  1.000000  
146.517064 0.068139  0.037441  0.019187  0.484244  0.706564  0.516019  -0.826638  0.176234  0.534426  0.286666  -0.685353  0.669413  -0.159600  -0.093912  -0.054050  -0.954891  -0.695733  -3.666796  1.000000  
146.518316 0.067926  0.037317  0.019124  0.487452  0.704744  0.515487  -0.826254  0.181426  0.533282  0.282304  -0.685873  0.670733  -0.160831  -0.092934  -0.053323  -0.977805  -0.717995  -3.744612  1.000000  
146.519565 0.067711  0.037190  0.019056  0.490728  0.702710  0.515155  -0.825968  0.186924  0.531824  0.277423  -0.686482  0.672145  -0.162206  -0.092974  -0.053608  -0.992555  -0.756427  -3.814868  1.000000  
146.520814 0.067498  0.037065  0.018987  0.494069  0.700460  0.515027  -0.825773  0.192728  0.530052  0.272020  -0.687177  0.673641  -0.163553  -0.093311  -0.054108  -1.006746  -0.791858  -3.901292  1.000000  
146.522063 0.067287  0.036947  0.018920  0.497228  0.698157  0.515113  -0.825642  0.198313  0.528192  0.266608  -0.687930  0.675035  -0.164629  -0.093392  -0.054443  -1.008620  -0.832713  -3.966992  1.000000  
146.523064 0.067121  0.036862  0.018867  0.499701  0.696383  0.515122  -0.825513  0.202749  0.526708  0.262350  -0.688436  0.676187  -0.165102  -0.092795  -0.054234  -1.016885  -0.867390  -4.030918  1.000000  
146.524313 0.066917  0.036761  0.018805  0.502989  0.694036  0.515088  -0.825182  0.208380  0.525025  0.257052  -0.689124  0.677520  -0.165437  -0.091681  -0.053417  -1.017406  -0.896525  -4.091809  1.000000  
146.525314 0.066754  0.036684  0.018757  0.505480  0.692126  0.515221  -0.825059  0.212959  0.523380  0.252524  -0.689645  0.678691  -0.165849  -0.090462  -0.052355  -1.024570  -0.921716  -4.142350  1.000000  
146.526315 0.066590  0.036604  0.018708  0.508131  0.690153  0.515259  -0.824805  0.217673  0.521838  0.247990  -0.690151  0.679848  -0.166125  -0.089576  -0.051394  -1.027934  -0.958076  -4.198303  1.000000  
146.527316 0.066424  0.036520  0.018659  0.510604  0.688268  0.515336  -0.824631  0.222300  0.520160  0.243451  -0.690558  0.681074  -0.166674  -0.089383  -0.050970  -1.040222  -0.992352  -4.255572  1.000000  
146.528566 0.066216  0.036414  0.018598  0.513574  0.685846  0.515613  -0.824490  0.228050  0.517889  0.237606  -0.691092  0.682594  -0.166945  -0.089149  -0.050440  -1.049157  -1.041347  -4.325219  1.000000  
146.529570 0.066049  0.036327  0.018548  0.515921  0.683774  0.516021  -0.824471  0.232833  0.515787  0.232535  -0.691550  0.683876  -0.167126  -0.089310  -0.050461  -1.052091  -1.112510  -4.388651  1.000000  
146.530819 0.065841  0.036219  0.018488  0.518895  0.681206  0.516436  -0.824309  0.238719  0.513350  0.226414  -0.692078  0.685394  -0.167191  -0.089207  -0.050541  -1.055290  -1.183009  -4.453281  1.000000  
146.532067 0.065633  0.036113  0.018431  0.522020  0.678686  0.516605  -0.823996  0.244857  0.510955  0.220284  -0.692409  0.687055  -0.166923  -0.088356  -0.050427  -1.067850  -1.226644  -4.510072  1.000000  
146.533425 0.065426  0.036013  0.018374  0.525281  0.676135  0.516644  -0.823508  0.251040  0.508737  0.214276  -0.692691  0.688669  -0.165310  -0.086094  -0.049552  -1.082343  -1.265232  -4.556282  1.000000  
146.534570 0.065220  0.035913  0.018320  0.528555  0.673453  0.516809  -0.823023  0.257365  0.506357  0.207999  -0.692983  0.690298  -0.165883  -0.084753  -0.048947  -1.102176  -1.314046  -4.637985  1.000000  
146.535821 0.065018  0.035817  0.018264  0.531653  0.670805  0.517074  -0.822624  0.263673  0.503753  0.201582  -0.693179  0.692003  -0.165135  -0.082910  -0.048056  -1.120903  -1.382355  -4.699379  1.000000  
146.537064 0.064818  0.035724  0.018209  0.534886  0.668123  0.517212  -0.822046  0.270025  0.501325  0.195287  -0.693324  0.693660  -0.164524  -0.081411  -0.047303  -1.135441  -1.438918  -4.767264  1.000000  
146.538064 0.064658  0.035652  0.018166  0.537311  0.665918  0.517543  -0.821696  0.275068  0.499153  0.190035  -0.693463  0.694979  -0.164138  -0.080546  -0.046683  -1.142303  -1.499658  -4.810183  1.000000  
146.539314 0.064460  0.035566  0.018116  0.540364  0.663073  0.518016  -0.821187  0.281346  0.496484  0.183463  -0.693670  0.696537  -0.163756  -0.079704  -0.045863  -1.152149  -1.558646  -4.861380  1.000000  
146.540315 0.064303  0.035500  0.018078  0.542587  0.660885  0.518489  -0.820880  0.286229  0.494195  0.178200  -0.693761  0.697812  -0.163371  -0.078876  -0.045166  -1.154885  -1.613609  -4.897879  1.000000  
146.541564 0.064107  0.035418  0.018032  0.545560  0.658207  0.518776  -0.820230  0.292304  0.491712  0.172008  -0.693774  0.699350  -0.162714  -0.077647  -0.044188  -1.165396  -1.652237  -4.929098  1.000000  
146.542814 0.063910  0.035334  0.017985  0.548706  0.655336  0.519092  -0.819461  0.298651  0.489174  0.165546  -0.693788  0.700894  -0.162108  -0.076348  -0.043312  -1.172289  -1.687684  -4.964012  1.000000  
146.543821 0.063751  0.035263  0.017944  0.551047  0.653088  0.519444  -0.818940  0.303689  0.486941  0.160266  -0.693721  0.702187  -0.161551  -0.075102  -0.042684  -1.182412  -1.736374  -4.991706  1.000000  
146.545077 0.063551  0.035170  0.017888  0.554139  0.650278  0.519680  -0.818069  0.309983  0.484431  0.153923  -0.693577  0.703746  -0.160857  -0.073985  -0.042277  -1.190714  -1.765001  -5.027153  1.000000  
146.546084 0.063390  0.035096  0.017841  0.556468  0.647949  0.520101  -0.817514  0.315204  0.481992  0.148368  -0.693404  0.705109  -0.160360  -0.073125  -0.042257  -1.202233  -1.812229  -5.062419  1.000000  
146.547320 0.063189  0.035006  0.017781  0.559371  0.645110  0.520516  -0.816708  0.321539  0.479167  0.141749  -0.693142  0.706726  -0.160066  -0.072335  -0.042501  -1.211295  -1.873295  -5.103751  1.000000  
146.548567 0.062992  0.034922  0.017724  0.562248  0.642244  0.520961  -0.815855  0.327853  0.476333  0.135123  -0.692846  0.708312  -0.159528  -0.071244  -0.042636  -1.221218  -1.925675  -5.144145  1.000000  
146.549567 0.062835  0.034860  0.017682  0.564488  0.640073  0.521210  -0.815148  0.332855  0.474069  0.129951  -0.692469  0.709647  -0.159034  -0.070233  -0.042548  -1.233308  -1.955363  -5.161258  1.000000  
146.550815 0.062640  0.034789  0.017630  0.567645  0.637135  0.521381  -0.813966  0.339374  0.471472  0.123448  -0.692015  0.711250  -0.158588  -0.068572  -0.042307  -1.254788  -1.971133  -5.193436  1.000000  
146.551821 0.062484  0.034733  0.017587  0.570016  0.634854  0.521576  -0.813077  0.344474  0.469301  0.118268  -0.691591  0.712541  -0.158178  -0.067186  -0.042150  -1.267791  -1.989563  -5.208337  1.000000  
146.553064 0.062288  0.034662  0.017532  0.572942  0.632039  0.521790  -0.811905  0.350667  0.466737  0.112021  -0.691056  0.714067  -0.158035  -0.066011  -0.042286  -1.284297  -2.007804  -5.232982  1.000000  
146.554064 0.062132  0.034606  0.017487  0.575117  0.629801  0.522103  -0.811083  0.355735  0.464325  0.106702  -0.690509  0.715410  -0.157854  -0.065119  -0.042641  -1.304353  -2.037949  -5.250252  1.000000  
146.555314 0.061935  0.034531  0.017429  0.577687  0.626988  0.522650  -0.810104  0.361910  0.461252  0.100048  -0.689860  0.716996  -0.157832  -0.064610  -0.043288  -1.321280  -2.068875  -5.266838  1.000000  
146.556564 0.061736  0.034454  0.017370  0.580390  0.624194  0.523000  -0.808951  0.368170  0.458311  0.093522  -0.689081  0.718625  -0.158042  -0.064218  -0.044131  -1.343645  -2.086247  -5.279635  1.000000  
146.557814 0.061535  0.034377  0.017312  0.582885  0.621560  0.523362  -0.807855  0.374129  0.455409  0.087259  -0.688252  0.720205  -0.158313  -0.063629  -0.044956  -1.357480  -2.103971  -5.275083  1.000000  
146.558815 0.061373  0.034315  0.017267  0.584960  0.619410  0.523596  -0.806873  0.378899  0.453201  0.082327  -0.687580  0.721426  -0.158574  -0.063206  -0.045145  -1.371483  -2.108977  -5.284315  1.000000  
146.559821 0.061212  0.034255  0.017222  0.587018  0.617309  0.523774  -0.805866  0.383710  0.450940  0.077392  -0.686802  0.722713  -0.158639  -0.062050  -0.045138  -1.391933  -2.105018  -5.282620  1.000000  
146.561064 0.061009  0.034180  0.017166  0.589620  0.614547  0.524099  -0.804555  0.389862  0.447994  0.070987  -0.685813  0.724307  -0.158970  -0.061151  -0.045086  -1.407664  -2.102769  -5.285882  1.000000  
146.562079 0.060846  0.034123  0.017120  0.591642  0.612477  0.524245  -0.803491  0.394690  0.445670  0.066048  -0.684903  0.725635  -0.158764  -0.059836  -0.044806  -1.423191  -2.110204  -5.283149  1.000000  
146.563319 0.060644  0.034053  0.017061  0.593851  0.610065  0.524559  -0.802332  0.400377  0.442675  0.060039  -0.683753  0.727239  -0.159157  -0.058924  -0.044966  -1.444892  -2.132528  -5.283855  1.000000  
146.564565 0.060443  0.033985  0.017001  0.596218  0.607334  0.525042  -0.801038  0.406459  0.439464  0.053494  -0.682595  0.728836  -0.159535  -0.058351  -0.045401  -1.455567  -2.144245  -5.257610  1.000000  
146.565567 0.060282  0.033931  0.016953  0.598186  0.605163  0.525311  -0.799894  0.411302  0.437036  0.048416  -0.681622  0.730101  -0.159879  -0.058105  -0.045894  -1.468102  -2.146949  -5.250888  1.000000  
146.566854 0.060081  0.033868  0.016890  0.600499  0.602514  0.525717  -0.798522  0.417315  0.433833  0.042000  -0.680313  0.731718  -0.159847  -0.057541  -0.046334  -1.482149  -2.160349  -5.231181  1.000000  
146.568064 0.059880  0.033805  0.016827  0.602778  0.599955  0.526035  -0.797103  0.423156  0.430774  0.035850  -0.678965  0.733295  -0.160582  -0.057200  -0.047019  -1.505279  -2.161662  -5.218302  1.000000  
146.569312 0.059679  0.033742  0.016763  0.604870  0.597474  0.526456  -0.795775  0.428970  0.427465  0.029565  -0.677502  0.734927  -0.160998  -0.056585  -0.047545  -1.524971  -2.168624  -5.199974  1.000000  
146.570315 0.059516  0.033687  0.016711  0.606586  0.595505  0.526713  -0.794632  0.433516  0.424998  0.024750  -0.676341  0.736172  -0.161309  -0.056214  -0.047878  -1.542876  -2.164919  -5.185316  1.000000  
146.571564 0.059310  0.033615  0.016647  0.608632  0.592941  0.527246  -0.793241  0.439354  0.421589  0.018329  -0.674826  0.737749  -0.161731  -0.055957  -0.048175  -1.562351  -2.181633  -5.176217  1.000000  
146.572564 0.059144  0.033554  0.016598  0.610313  0.590965  0.527521  -0.792050  0.444105  0.418841  0.013246  -0.673447  0.739117  -0.162077  -0.055793  -0.048401  -1.587692  -2.194932  -5.158032  1.000000  
146.573565 0.058979  0.033494  0.016550  0.611974  0.589026  0.527766  -0.790833  0.448645  0.416295  0.008429  -0.672136  0.740380  -0.162329  -0.055679  -0.048614  -1.604614  -2.193628  -5.139420  1.000000  
146.574567 0.058815  0.033435  0.016504  0.613619  0.587140  0.527957  -0.789594  0.453216  0.413686  0.003613  -0.670717  0.741704  -0.162562  -0.055663  -0.048705  -1.624450  -2.199537  -5.116108  1.000000  
146.575821 0.058610  0.033363  0.016448  0.615731  0.584437  0.528497  -0.787951  0.459198  0.410208  -0.002944  -0.669008  0.743250  -0.162537  -0.055373  -0.048654  -1.643696  -2.209294  -5.109687  1.000000  
146.577064 0.058405  0.033295  0.016393  0.617814  0.581891  0.528875  -0.786270  0.465056  0.406819  -0.009232  -0.667177  0.744842  -0.162905  -0.055222  -0.048519  -1.664963  -2.209716  -5.088653  1.000000  
146.578064 0.058241  0.033241  0.016348  0.619555  0.579708  0.529236  -0.784821  0.469890  0.404054  -0.014450  -0.665689  0.746089  -0.162903  -0.055023  -0.048278  -1.677516  -2.213936  -5.082588  1.000000  
146.579067 0.058077  0.033187  0.016302  0.621277  0.577568  0.529557  -0.783348  0.474634  0.401359  -0.019533  -0.664182  0.747315  -0.163117  -0.054998  -0.048223  -1.693733  -2.218550  -5.072748  1.000000  
146.580318 0.057873  0.033120  0.016245  0.623436  0.574714  0.530123  -0.781434  0.480736  0.397811  -0.026222  -0.662266  0.748810  -0.163286  -0.055008  -0.047967  -1.710750  -2.240234  -5.061125  1.000000  
146.581318 0.057709  0.033066  0.016200  0.625113  0.572614  0.530422  -0.779906  0.485479  0.395040  -0.031304  -0.660624  0.750064  -0.163442  -0.055198  -0.047644  -1.729848  -2.248391  -5.057139  1.000000  
146.582319 0.057545  0.033010  0.016156  0.626933  0.570585  0.530460  -0.778229  0.490344  0.392328  -0.036251  -0.658783  0.751459  -0.163691  -0.055545  -0.047179  -1.757108  -2.251030  -5.039697  1.000000  
146.583407 0.057379  0.032953  0.016112  0.628566  0.568471  0.530797  -0.776650  0.495158  0.389401  -0.041466  -0.657008  0.752743  -0.163105  -0.055681  -0.046437  -1.769176  -2.256336  -5.024415  1.000000  
146.584565 0.057168  0.032880  0.016059  0.630613  0.565816  0.531207  -0.774603  0.501327  0.385566  -0.048149  -0.654617  0.754426  -0.164680  -0.056570  -0.046004  -1.804956  -2.277658  -5.038280  1.000000  
146.585566 0.057000  0.032822  0.016017  0.632357  0.563574  0.531516  -0.772838  0.506204  0.382727  -0.053360  -0.652795  0.755653  -0.164959  -0.056688  -0.045236  -1.821961  -2.275065  -5.033660  1.000000  
146.586567 0.056831  0.032763  0.015977  0.634083  0.561441  0.531716  -0.771053  0.511035  0.379895  -0.058437  -0.650867  0.756940  -0.165221  -0.056747  -0.044593  -1.843093  -2.270966  -5.035890  1.000000  
146.587816 0.056619  0.032687  0.015926  0.636203  0.558627  0.532147  -0.768780  0.517104  0.376272  -0.064980  -0.648490  0.758445  -0.165792  -0.056800  -0.044034  -1.865904  -2.287670  -5.045528  1.000000  
146.589064 0.056406  0.032610  0.015872  0.638598  0.555525  0.532527  -0.766198  0.523430  0.372776  -0.071655  -0.646075  0.759903  -0.166069  -0.056925  -0.043619  -1.888611  -2.298652  -5.068587  1.000000  
146.590064 0.056234  0.032546  0.015830  0.640384  0.553076  0.532932  -0.764173  0.528485  0.369788  -0.077125  -0.644058  0.761078  -0.166602  -0.057317  -0.043384  -1.905201  -2.305706  -5.080830  1.000000  
146.591317 0.056020  0.032469  0.015777  0.642722  0.550045  0.533253  -0.761533  0.534602  0.366427  -0.083527  -0.641600  0.762478  -0.167206  -0.057763  -0.043246  -1.923089  -2.305315  -5.101303  1.000000  
146.592563 0.055806  0.032393  0.015725  0.645014  0.547003  0.533614  -0.758845  0.540786  0.362910  -0.090058  -0.639013  0.763906  -0.167903  -0.058437  -0.043030  -1.939699  -2.312346  -5.124874  1.000000  
146.593564 0.055634  0.032333  0.015685  0.646885  0.544573  0.533836  -0.756616  0.545770  0.360095  -0.095254  -0.636849  0.765082  -0.168342  -0.058765  -0.042672  -1.953587  -2.313700  -5.143221  1.000000  
146.594814 0.055419  0.032259  0.015637  0.649444  0.541432  0.533923  -0.753621  0.551906  0.357009  -0.101379  -0.634233  0.766467  -0.169043  -0.059198  -0.042126  -1.970617  -2.284598  -5.158516  1.000000  
146.595832 0.055245  0.032198  0.015599  0.651239  0.538859  0.534339  -0.751315  0.556953  0.354020  -0.106835  -0.632009  0.767562  -0.169692  -0.059641  -0.041456  -1.984076  -2.289594  -5.180901  1.000000  
146.597071 0.055024  0.032119  0.015552  0.653400  0.535797  0.534780  -0.748498  0.562915  0.350538  -0.113218  -0.629324  0.768852  -0.170926  -0.060424  -0.040913  -1.996762  -2.285278  -5.197210  1.000000  
146.598317 0.054800  0.032037  0.015505  0.655676  0.532729  0.535060  -0.745511  0.569027  0.347019  -0.119597  -0.626424  0.770253  -0.172950  -0.061458  -0.040688  -2.016873  -2.283568  -5.223394  1.000000  
146.599326 0.054620  0.031970  0.015467  0.657585  0.530270  0.535159  -0.743042  0.573766  0.344501  -0.124377  -0.624184  0.771313  -0.172635  -0.061670  -0.040085  -2.026685  -2.266643  -5.247666  1.000000  
146.600565 0.054394  0.031886  0.015420  0.659777  0.527175  0.535519  -0.739976  0.579899  0.340811  -0.130880  -0.621131  0.772701  -0.173729  -0.062369  -0.039814  -2.046320  -2.266800  -5.275377  1.000000  
146.601568 0.054213  0.031821  0.015382  0.661594  0.524584  0.535821  -0.737417  0.584799  0.337975  -0.136051  -0.618725  0.773737  -0.174539  -0.062841  -0.039640  -2.055226  -2.259257  -5.298003  1.000000  
146.602813 0.053986  0.031739  0.015333  0.663748  0.521620  0.536051  -0.734325  0.590662  0.334494  -0.142146  -0.615656  0.775089  -0.175578  -0.063267  -0.039510  -2.070817  -2.246214  -5.324006  1.000000  
146.603815 0.053803  0.031674  0.015294  0.665394  0.519354  0.536212  -0.731893  0.595243  0.331689  -0.146912  -0.613154  0.776183  -0.176441  -0.063458  -0.039241  -2.079365  -2.239655  -5.335746  1.000000  
146.605062 0.053574  0.031594  0.015243  0.667642  0.516223  0.536441  -0.728620  0.601030  0.328446  -0.152865  -0.610145  0.777403  -0.177339  -0.063470  -0.039155  -2.083948  -2.223974  -5.347621  1.000000  
146.606063 0.053392  0.031531  0.015202  0.669218  0.513811  0.536792  -0.726127  0.605567  0.325620  -0.157756  -0.607690  0.778348  -0.178065  -0.063579  -0.039073  -2.093215  -2.209645  -5.364705  1.000000  
146.607065 0.053210  0.031467  0.015161  0.670635  0.511635  0.537102  -0.723768  0.609949  0.322680  -0.162510  -0.605138  0.779358  -0.178907  -0.063815  -0.038931  -2.106914  -2.206382  -5.363062  1.000000  
