1-Time 2-Px 3-Py 4-Pz 5-R11 6-R21 7-R31 8-R12 9-R22 10-R32 11-R13 12-R23 13-R33 14-Vx 15-Vy 16-Vz 17-Wx 18-Wy 19-Wz 20-state
56.391429 0.031074  0.005883  -0.009325  0.417767  0.795529  0.438868  -0.849976  0.171574  0.498099  0.320954  -0.581116  0.747859  0.000213  0.000277  0.000709  0.536630  0.247737  -0.399474  1.000000  
56.392471 0.031074  0.005883  -0.009324  0.417942  0.795227  0.439247  -0.849890  0.171436  0.498294  0.320954  -0.581570  0.747506  -0.000263  0.000271  0.001097  0.545499  0.242082  -0.392184  1.000000  
56.393716 0.031059  0.005873  -0.009318  0.418273  0.794818  0.439673  -0.849679  0.171270  0.498710  0.321080  -0.582178  0.746978  -0.007516  -0.004712  0.003271  0.545153  0.247535  -0.383427  1.000000  
56.394970 0.031036  0.005859  -0.009310  0.418448  0.794462  0.440149  -0.849593  0.171071  0.498925  0.321080  -0.582721  0.746554  -0.011694  -0.007292  0.004588  0.549488  0.239888  -0.372861  1.000000  
56.396216 0.031020  0.005853  -0.009302  0.418797  0.794072  0.440521  -0.849421  0.171035  0.499231  0.321080  -0.583265  0.746130  -0.012005  -0.006587  0.005091  0.549922  0.235848  -0.359669  1.000000  
56.397221 0.031008  0.005851  -0.009297  0.419147  0.793787  0.440701  -0.849248  0.171119  0.499495  0.321080  -0.583626  0.745847  -0.011954  -0.005652  0.005128  0.544486  0.237628  -0.354551  1.000000  
56.398468 0.030988  0.005850  -0.009289  0.419497  0.793396  0.441073  -0.849076  0.171082  0.499801  0.321080  -0.584169  0.745422  -0.012648  -0.004895  0.005336  0.544051  0.235908  -0.351478  1.000000  
56.399724 0.030964  0.005848  -0.009281  0.419478  0.793109  0.441606  -0.849037  0.170648  0.500015  0.321207  -0.584685  0.744963  -0.013700  -0.004316  0.005478  0.549234  0.229294  -0.327880  1.000000  
56.400967 0.030942  0.005850  -0.009275  0.419653  0.792806  0.441984  -0.848951  0.170508  0.500209  0.321207  -0.585137  0.744608  -0.014229  -0.003548  0.005342  0.543041  0.227258  -0.317247  1.000000  
56.401968 0.030926  0.005852  -0.009271  0.419827  0.792557  0.442265  -0.848865  0.170429  0.500383  0.321207  -0.585498  0.744324  -0.014392  -0.003008  0.005199  0.000000  0.000000  0.000000  1.000000  
56.403225 0.030905  0.005852  -0.009268  0.420002  0.792200  0.442739  -0.848778  0.170228  0.500598  0.321207  -0.586039  0.743898  -0.014619  -0.002703  0.004925  0.504897  0.153989  -0.159090  1.000000  
56.404467 0.030881  0.005849  -0.009262  0.420177  0.791842  0.443212  -0.848692  0.170026  0.500813  0.321207  -0.586581  0.743471  -0.015143  -0.002598  0.004962  0.507594  0.148465  -0.155578  1.000000  
56.405470 0.030858  0.005846  -0.009253  0.420352  0.791538  0.443589  -0.848605  0.169885  0.501007  0.321207  -0.587031  0.743115  -0.015669  -0.002697  0.005250  0.509848  0.146420  -0.155344  1.000000  
56.406716 0.030827  0.005835  -0.009239  0.420526  0.791180  0.444062  -0.848518  0.169684  0.501222  0.321207  -0.587572  0.742688  -0.016739  -0.003241  0.005817  0.511625  0.142335  -0.152626  1.000000  
56.407727 0.030797  0.005821  -0.009229  0.420701  0.790876  0.444439  -0.848432  0.169542  0.501417  0.321207  -0.588022  0.742331  -0.018475  -0.004044  0.006334  0.513050  0.140902  -0.152523  1.000000  
56.408965 0.030758  0.005800  -0.009219  0.421050  0.790483  0.444808  -0.848259  0.169503  0.501723  0.321207  -0.588563  0.741903  -0.019741  -0.004505  0.006461  0.510765  0.144803  -0.159311  1.000000  
56.409966 0.030729  0.005788  -0.009214  0.421399  0.790197  0.444984  -0.848085  0.169585  0.501989  0.321207  -0.588922  0.741617  -0.020446  -0.004694  0.006374  0.502109  0.150100  -0.167346  1.000000  
56.410966 0.030702  0.005780  -0.009209  0.421768  0.789876  0.445205  -0.847950  0.169737  0.502165  0.321080  -0.589309  0.741365  -0.021565  -0.004971  0.006307  0.494374  0.149396  -0.178841  1.000000  
56.411968 0.030676  0.005773  -0.009203  0.422117  0.789590  0.445382  -0.847776  0.169819  0.502431  0.321080  -0.589669  0.741079  -0.022515  -0.005327  0.006322  0.487355  0.153950  -0.185097  1.000000  
56.413216 0.030644  0.005766  -0.009194  0.422660  0.789234  0.445498  -0.847554  0.170133  0.502700  0.320954  -0.590055  0.740827  -0.023289  -0.005632  0.006449  0.472421  0.156987  -0.199547  1.000000  
56.414221 0.030619  0.005761  -0.009185  0.423183  0.788967  0.445475  -0.847293  0.170437  0.503037  0.320954  -0.590324  0.740612  -0.023702  -0.005874  0.006629  0.458674  0.166080  -0.211026  1.000000  
56.415470 0.030590  0.005759  -0.009170  0.423900  0.788575  0.445488  -0.846982  0.170913  0.503398  0.320827  -0.590710  0.740359  -0.024148  -0.006148  0.007203  0.443895  0.173293  -0.229185  1.000000  
56.416719 0.030565  0.005759  -0.009152  0.424597  0.788218  0.445455  -0.846633  0.171318  0.503848  0.320827  -0.591070  0.740072  -0.024499  -0.006300  0.008086  0.430556  0.183991  -0.242198  1.000000  
56.417720 0.030543  0.005758  -0.009137  0.425139  0.787968  0.445380  -0.846409  0.171753  0.504076  0.320700  -0.591276  0.739962  -0.024830  -0.006398  0.008941  0.415702  0.186818  -0.253705  1.000000  
56.418966 0.030513  0.005753  -0.009119  0.425836  0.787610  0.445347  -0.846059  0.172158  0.504526  0.320700  -0.591635  0.739675  -0.025206  -0.006493  0.009692  0.404811  0.196057  -0.264541  1.000000  
56.419968 0.030485  0.005746  -0.009105  0.426552  0.787325  0.445167  -0.845746  0.172754  0.504846  0.320574  -0.591841  0.739565  -0.025732  -0.006863  0.010174  0.389714  0.202515  -0.279752  1.000000  
56.421217 0.030449  0.005734  -0.009088  0.427422  0.786931  0.445029  -0.845306  0.173319  0.505388  0.320574  -0.592200  0.739278  -0.026080  -0.007036  0.010433  0.378466  0.214474  -0.293803  1.000000  
56.422469 0.030412  0.005721  -0.009078  0.428118  0.786626  0.444899  -0.844954  0.173783  0.505818  0.320574  -0.592469  0.739062  -0.026094  -0.006813  0.010242  0.357542  0.223169  -0.304166  1.000000  
56.423722 0.030375  0.005708  -0.009072  0.428988  0.786285  0.444664  -0.844513  0.174409  0.506339  0.320574  -0.592738  0.738847  -0.025955  -0.006236  0.009954  0.333346  0.233825  -0.324656  1.000000  
56.424966 0.030338  0.005701  -0.009067  0.429683  0.785979  0.444533  -0.844159  0.174872  0.506769  0.320574  -0.593006  0.738631  -0.026023  -0.005758  0.009900  0.316010  0.244231  -0.337259  1.000000  
56.425968 0.030310  0.005697  -0.009061  0.430224  0.785727  0.444455  -0.843932  0.175305  0.506998  0.320447  -0.593213  0.738521  -0.026120  -0.005483  0.009941  0.300108  0.246955  -0.347848  1.000000  
56.427217 0.030277  0.005695  -0.009049  0.430919  0.785421  0.444323  -0.843578  0.175767  0.507428  0.320447  -0.593481  0.738305  -0.026131  -0.005039  0.010273  0.289213  0.253165  -0.355093  1.000000  
56.428469 0.030245  0.005695  -0.009035  0.431613  0.785114  0.444191  -0.843222  0.176229  0.507858  0.320447  -0.593750  0.738089  -0.026210  -0.004600  0.010465  0.270834  0.263606  -0.368109  1.000000  
56.429716 0.030211  0.005697  -0.009022  0.432327  0.784825  0.444008  -0.842905  0.176823  0.508178  0.320320  -0.593956  0.737978  -0.026423  -0.004175  0.010517  0.247744  0.270866  -0.390988  1.000000  
56.430729 0.030182  0.005700  -0.009011  0.432847  0.784608  0.443885  -0.842638  0.177184  0.508495  0.320320  -0.594135  0.737834  -0.026960  -0.004059  0.010263  0.232984  0.281273  -0.404132  1.000000  
56.431974 0.030145  0.005701  -0.008997  0.433387  0.784408  0.443711  -0.842408  0.177678  0.508703  0.320193  -0.594251  0.737795  -0.027811  -0.003963  0.009997  0.208207  0.286102  -0.417081  1.000000  
56.433219 0.030106  0.005699  -0.008983  0.433908  0.784244  0.443492  -0.842140  0.178101  0.508999  0.320193  -0.594341  0.737723  -0.028485  -0.003829  0.009703  0.190056  0.292108  -0.423925  1.000000  
56.434474 0.030063  0.005694  -0.008971  0.434621  0.784007  0.443213  -0.841821  0.178755  0.509298  0.320067  -0.594457  0.737684  -0.029046  -0.003662  0.009239  0.160477  0.303360  -0.445296  1.000000  
56.435497 0.030026  0.005689  -0.008962  0.434967  0.783934  0.443003  -0.841642  0.179078  0.509480  0.320067  -0.594457  0.737684  -0.029558  -0.003427  0.008960  0.133699  0.307365  -0.449950  1.000000  
56.436718 0.029978  0.005682  -0.008950  0.435487  0.783823  0.442688  -0.841373  0.179562  0.509754  0.320067  -0.594457  0.737684  -0.030437  -0.003037  0.008919  0.109015  0.315994  -0.460557  1.000000  
56.437968 0.029933  0.005677  -0.008935  0.435853  0.783712  0.442524  -0.841232  0.179955  0.509848  0.319940  -0.594484  0.737718  -0.031007  -0.002407  0.009400  0.084597  0.312672  -0.463282  1.000000  
56.439215 0.029890  0.005676  -0.008919  0.436199  0.783638  0.442314  -0.841052  0.180278  0.510030  0.319940  -0.594484  0.737718  -0.031375  -0.001936  0.010090  0.063686  0.310243  -0.459383  1.000000  
56.440251 0.029857  0.005677  -0.008904  0.436392  0.783564  0.442254  -0.841000  0.180510  0.510034  0.319813  -0.594511  0.737751  -0.031624  -0.001500  0.010811  0.046034  0.305016  -0.460284  1.000000  
56.441469 0.029817  0.005679  -0.008883  0.436931  0.783416  0.441985  -0.840769  0.181065  0.510219  0.319686  -0.594538  0.737784  -0.032079  -0.001139  0.011575  0.023560  0.309637  -0.465883  1.000000  
56.442715 0.029775  0.005679  -0.008862  0.437144  0.783305  0.441971  -0.840755  0.181367  0.510135  0.319433  -0.594591  0.737851  -0.032591  -0.001045  0.012104  0.015704  0.292070  -0.457399  1.000000  
56.443718 0.029744  0.005679  -0.008848  0.437529  0.783157  0.441852  -0.840650  0.181831  0.510142  0.319179  -0.594645  0.737918  -0.033062  -0.001080  0.012339  0.003683  0.288746  -0.460243  1.000000  
56.444966 0.029704  0.005678  -0.008836  0.437915  0.782955  0.441828  -0.840546  0.182232  0.510171  0.318925  -0.594788  0.737912  -0.033444  -0.001412  0.012291  -0.007992  0.277292  -0.452764  1.000000  
56.446216 0.029661  0.005673  -0.008826  0.438320  0.782770  0.441755  -0.840479  0.182766  0.510090  0.318545  -0.594868  0.738011  -0.033752  -0.001799  0.011990  -0.015630  0.258834  -0.450992  1.000000  
56.447229 0.029626  0.005667  -0.008818  0.438705  0.782621  0.441636  -0.840374  0.183230  0.510097  0.318291  -0.594922  0.738078  -0.034113  -0.002239  0.011771  -0.027532  0.249296  -0.447104  1.000000  
56.448470 0.029581  0.005656  -0.008805  0.439111  0.782488  0.441468  -0.840306  0.183826  0.509994  0.317911  -0.594912  0.738249  -0.034390  -0.002807  0.011718  -0.039325  0.230705  -0.445431  1.000000  
56.449471 0.029546  0.005646  -0.008793  0.439496  0.782339  0.441350  -0.840201  0.184289  0.510000  0.317657  -0.594966  0.738316  -0.034527  -0.003159  0.011919  -0.047040  0.219087  -0.438001  1.000000  
56.450718 0.029501  0.005636  -0.008775  0.440094  0.782130  0.441123  -0.840080  0.185116  0.509900  0.317150  -0.594983  0.738520  -0.034338  -0.003434  0.012355  -0.061016  0.201048  -0.444185  1.000000  
56.451966 0.029460  0.005626  -0.008756  0.440691  0.781868  0.440992  -0.839958  0.185881  0.509823  0.316642  -0.595089  0.738652  -0.033994  -0.003695  0.012705  -0.068715  0.178928  -0.445251  1.000000  
56.453216 0.029420  0.005619  -0.008736  0.441289  0.781712  0.440671  -0.839835  0.186769  0.509700  0.316134  -0.595016  0.738928  -0.033528  -0.003835  0.013044  -0.082012  0.159488  -0.447696  1.000000  
56.454467 0.029384  0.005614  -0.008713  0.441906  0.781464  0.440492  -0.839750  0.187666  0.509511  0.315500  -0.595059  0.739165  -0.033255  -0.004184  0.013472  -0.095862  0.138130  -0.456659  1.000000  
56.455721 0.029346  0.005610  -0.008690  0.442523  0.781216  0.440313  -0.839663  0.188563  0.509323  0.314865  -0.595101  0.739402  -0.032952  -0.004466  0.013714  -0.112451  0.117136  -0.461446  1.000000  
56.456968 0.029309  0.005606  -0.008670  0.443312  0.780928  0.440030  -0.839484  0.189620  0.509225  0.314230  -0.595144  0.739638  -0.032722  -0.004919  0.013503  -0.128624  0.099709  -0.475600  1.000000  
56.458216 0.029272  0.005602  -0.008653  0.444274  0.780653  0.439547  -0.839213  0.190899  0.509194  0.313594  -0.595096  0.739946  -0.032532  -0.005270  0.013457  -0.151078  0.086373  -0.494907  1.000000  
56.459217 0.029242  0.005596  -0.008640  0.445063  0.780362  0.439265  -0.839032  0.191955  0.509095  0.312959  -0.595137  0.740181  -0.032372  -0.005512  0.013606  -0.165316  0.076532  -0.511309  1.000000  
56.460465 0.029201  0.005588  -0.008622  0.446217  0.780006  0.438726  -0.838703  0.193465  0.509066  0.312197  -0.595115  0.740521  -0.032371  -0.005924  0.014058  -0.182460  0.067311  -0.539262  1.000000  
56.461466 0.029165  0.005579  -0.008607  0.447006  0.779712  0.438445  -0.838520  0.194520  0.508966  0.311561  -0.595156  0.740756  -0.032420  -0.006227  0.014541  -0.196535  0.057548  -0.555449  1.000000  
56.462716 0.029119  0.005564  -0.008586  0.448198  0.779277  0.438001  -0.838261  0.196168  0.508760  0.310544  -0.595185  0.741160  -0.032664  -0.006637  0.015213  -0.214932  0.042013  -0.593172  1.000000  
56.463726 0.029082  0.005553  -0.008568  0.449006  0.778943  0.437768  -0.838111  0.197293  0.508572  0.309780  -0.595251  0.741426  -0.032649  -0.006696  0.015673  -0.222709  0.028960  -0.617278  1.000000  
56.464968 0.029037  0.005542  -0.008549  0.450178  0.778541  0.437280  -0.837811  0.198869  0.508453  0.308890  -0.595252  0.741797  -0.032704  -0.006663  0.015796  -0.241680  0.016820  -0.653630  1.000000  
56.466219 0.028994  0.005534  -0.008532  0.451197  0.778140  0.436944  -0.837637  0.200355  0.508155  0.307872  -0.595279  0.742198  -0.032717  -0.006503  0.015735  -0.251390  -0.003015  -0.679696  1.000000  
56.467469 0.028950  0.005526  -0.008517  0.452388  0.777695  0.436505  -0.837369  0.202000  0.507946  0.306853  -0.595304  0.742600  -0.032959  -0.006449  0.015359  -0.269938  -0.011125  -0.725504  1.000000  
56.468715 0.028907  0.005521  -0.008502  0.453770  0.777167  0.436010  -0.837040  0.203874  0.507739  0.305707  -0.595355  0.743032  -0.033318  -0.006453  0.014885  -0.286223  -0.021927  -0.770218  1.000000  
56.469718 0.028872  0.005518  -0.008490  0.454767  0.776796  0.435631  -0.836824  0.205287  0.507526  0.304815  -0.595353  0.743399  -0.033689  -0.006444  0.014468  -0.302611  -0.026488  -0.807497  1.000000  
56.470966 0.028828  0.005515  -0.008476  0.455784  0.776385  0.435301  -0.836642  0.206769  0.507225  0.303795  -0.595376  0.743798  -0.034124  -0.006391  0.014058  -0.314564  -0.042680  -0.837191  1.000000  
56.472215 0.028781  0.005510  -0.008459  0.456993  0.775943  0.434821  -0.836398  0.208542  0.506901  0.302648  -0.595334  0.744300  -0.034698  -0.006380  0.013879  -0.334812  -0.054235  -0.879964  1.000000  
56.473466 0.028731  0.005503  -0.008439  0.458028  0.775595  0.434354  -0.836247  0.210215  0.506460  0.301500  -0.595200  0.744873  -0.035693  -0.006501  0.014002  -0.359030  -0.062366  -0.919975  1.000000  
56.474467 0.028689  0.005497  -0.008422  0.459024  0.775267  0.433886  -0.836022  0.211686  0.506218  0.300607  -0.595104  0.745310  -0.036367  -0.006518  0.014280  -0.384267  -0.064578  -0.954317  1.000000  
56.475716 0.028635  0.005489  -0.008399  0.460250  0.774832  0.433366  -0.835806  0.213587  0.505776  0.299330  -0.594993  0.745912  -0.037196  -0.006398  0.014565  -0.405203  -0.075664  -0.989290  1.000000  
56.476966 0.028578  0.005481  -0.008376  0.461303  0.774437  0.432951  -0.835681  0.215326  0.505244  0.298053  -0.594880  0.746513  -0.037940  -0.006054  0.014779  -0.428731  -0.092782  -1.028152  1.000000  
56.478215 0.028521  0.005474  -0.008355  0.462356  0.774092  0.432445  -0.835554  0.217126  0.504683  0.296776  -0.594675  0.747185  -0.038593  -0.005609  0.014853  -0.446918  -0.107829  -1.056938  1.000000  
56.479216 0.028478  0.005471  -0.008339  0.463236  0.773684  0.432233  -0.835520  0.218643  0.504085  0.295498  -0.594650  0.747712  -0.039085  -0.005129  0.014799  -0.462603  -0.124097  -1.086811  1.000000  
56.480217 0.028435  0.005470  -0.008324  0.464096  0.773365  0.431880  -0.835448  0.220151  0.503547  0.294347  -0.594508  0.748278  -0.039677  -0.004600  0.014771  -0.478320  -0.140513  -1.116526  1.000000  
56.481469 0.028380  0.005468  -0.008307  0.465166  0.772974  0.431429  -0.835348  0.222016  0.502894  0.292940  -0.594323  0.748977  -0.040366  -0.004180  0.014820  -0.506056  -0.154695  -1.153133  1.000000  
56.482471 0.028336  0.005467  -0.008292  0.466179  0.772645  0.430927  -0.835142  0.223611  0.502530  0.291917  -0.594154  0.749511  -0.040991  -0.003924  0.015024  -0.521986  -0.164286  -1.177756  1.000000  
56.483721 0.028281  0.005466  -0.008272  0.467247  0.772248  0.430480  -0.835036  0.225474  0.501873  0.290509  -0.593965  0.750207  -0.041769  -0.003651  0.015395  -0.541495  -0.177358  -1.204794  1.000000  
56.484965 0.028228  0.005465  -0.008251  0.468162  0.771857  0.430187  -0.835056  0.227246  0.501039  0.288972  -0.593798  0.750932  -0.042501  -0.003505  0.015853  -0.556499  -0.195893  -1.227571  1.000000  
56.485974 0.028185  0.005463  -0.008232  0.469020  0.771528  0.429843  -0.834973  0.228748  0.500494  0.287819  -0.593649  0.751492  -0.043000  -0.003452  0.016203  -0.568352  -0.211830  -1.248819  1.000000  
56.487216 0.028127  0.005456  -0.008211  0.470105  0.771085  0.429452  -0.834892  0.230676  0.499744  0.286281  -0.593479  0.752214  -0.043673  -0.003544  0.016567  -0.583176  -0.230146  -1.271396  1.000000  
56.488216 0.028079  0.005450  -0.008194  0.470943  0.770791  0.429063  -0.834771  0.232106  0.499284  0.285255  -0.593303  0.752742  -0.044202  -0.003635  0.016649  -0.597426  -0.246965  -1.285299  1.000000  
56.489466 0.028019  0.005441  -0.008173  0.471818  0.770469  0.428680  -0.834714  0.233735  0.498618  0.283973  -0.593082  0.753401  -0.044674  -0.003782  0.016612  -0.606758  -0.265556  -1.291618  1.000000  
56.490727 0.027960  0.005433  -0.008153  0.472919  0.770031  0.428252  -0.834657  0.235788  0.497748  0.282304  -0.592838  0.754220  -0.044886  -0.003734  0.016409  -0.623688  -0.290996  -1.302845  1.000000  
56.491966 0.027902  0.005425  -0.008132  0.473983  0.769668  0.427728  -0.834530  0.237701  0.497050  0.280892  -0.592545  0.754977  -0.045068  -0.003735  0.016258  -0.636048  -0.306020  -1.314356  1.000000  
56.492967 0.027857  0.005421  -0.008115  0.474855  0.769339  0.427352  -0.834465  0.239325  0.496379  0.279608  -0.592318  0.755631  -0.045044  -0.003618  0.016257  -0.652637  -0.327671  -1.323514  1.000000  
56.494215 0.027800  0.005417  -0.008092  0.475954  0.768945  0.426839  -0.834397  0.241433  0.495472  0.277937  -0.591975  0.756516  -0.045174  -0.003622  0.016421  -0.668500  -0.345910  -1.337344  1.000000  
56.495216 0.027756  0.005415  -0.008073  0.476862  0.768533  0.426568  -0.834391  0.243191  0.494621  0.276395  -0.591790  0.757225  -0.045271  -0.003640  0.016745  -0.681512  -0.367703  -1.345992  1.000000  
56.496464 0.027699  0.005412  -0.008047  0.477996  0.768105  0.426069  -0.834379  0.245492  0.493502  0.274465  -0.591395  0.758235  -0.045414  -0.003794  0.017361  -0.704584  -0.396292  -1.368266  1.000000  
56.497472 0.027655  0.005409  -0.008023  0.479073  0.767689  0.425608  -0.834268  0.247465  0.492705  0.272921  -0.591113  0.759012  -0.045543  -0.004002  0.017984  -0.723467  -0.414669  -1.382700  1.000000  
56.498472 0.027609  0.005405  -0.007999  0.480149  0.767270  0.425151  -0.834153  0.249436  0.491905  0.271376  -0.590829  0.759787  -0.045614  -0.004100  0.018480  -0.736666  -0.436863  -1.391378  1.000000  
56.499719 0.027551  0.005400  -0.007970  0.481623  0.766729  0.424461  -0.833930  0.252045  0.490952  0.269444  -0.590424  0.760789  -0.045893  -0.004432  0.019009  -0.761893  -0.458115  -1.416205  1.000000  
56.500720 0.027503  0.005394  -0.007949  0.482715  0.766263  0.424061  -0.833838  0.254080  0.490058  0.267768  -0.590156  0.761588  -0.046218  -0.004651  0.019228  -0.779076  -0.475695  -1.438172  1.000000  
56.501738 0.027455  0.005386  -0.007929  0.483806  0.765846  0.423571  -0.833743  0.256172  0.489131  0.266092  -0.589793  0.762456  -0.046307  -0.004845  0.019347  -0.795736  -0.493159  -1.459139  1.000000  
56.502964 0.027392  0.005374  -0.007906  0.485292  0.765302  0.422852  -0.833535  0.258899  0.488048  0.264028  -0.589307  0.763548  -0.046605  -0.005149  0.019446  -0.820644  -0.513610  -1.483286  1.000000  
56.503967 0.027343  0.005365  -0.007889  0.486381  0.764878  0.422369  -0.833430  0.260986  0.487114  0.262350  -0.588938  0.764411  -0.046684  -0.005230  0.019545  -0.836464  -0.536887  -1.501408  1.000000  
56.505220 0.027281  0.005354  -0.007867  0.487882  0.764284  0.421712  -0.833241  0.263775  0.485933  0.260154  -0.588466  0.765525  -0.046821  -0.005455  0.019584  -0.857165  -0.558428  -1.525843  1.000000  
56.506221 0.027232  0.005346  -0.007850  0.489139  0.763798  0.421137  -0.833027  0.266014  0.485080  0.258474  -0.588090  0.766382  -0.046932  -0.005536  0.019718  -0.876072  -0.568626  -1.550024  1.000000  
56.507221 0.027184  0.005339  -0.007831  0.490412  0.763267  0.420618  -0.832838  0.268318  0.484135  0.256664  -0.587733  0.767264  -0.047137  -0.005642  0.019846  -0.890867  -0.582516  -1.577057  1.000000  
56.508466 0.027123  0.005333  -0.007807  0.491942  0.762629  0.419988  -0.832689  0.271290  0.482732  0.254207  -0.587196  0.768492  -0.047375  -0.005733  0.020002  -0.913421  -0.603919  -1.609802  1.000000  
56.509716 0.027062  0.005326  -0.007781  0.493624  0.761918  0.419305  -0.832402  0.274288  0.481531  0.251877  -0.586726  0.769617  -0.047766  -0.005981  0.020151  -0.936109  -0.611822  -1.639459  1.000000  
56.510716 0.027013  0.005321  -0.007761  0.494738  0.761440  0.418860  -0.832327  0.276551  0.480366  0.249934  -0.586284  0.770587  -0.048079  -0.006207  0.020150  -0.952874  -0.633461  -1.663961  1.000000  
56.511724 0.026962  0.005315  -0.007742  0.496021  0.760952  0.418228  -0.832144  0.279026  0.479250  0.247990  -0.585744  0.771625  -0.048430  -0.006455  0.019806  -0.976931  -0.649721  -1.693186  1.000000  
56.512966 0.026898  0.005307  -0.007719  0.497559  0.760252  0.417675  -0.831995  0.282048  0.477738  0.245397  -0.585206  0.772861  -0.048903  -0.006677  0.019522  -0.995745  -0.676668  -1.720870  1.000000  
56.513973 0.026845  0.005300  -0.007701  0.499010  0.759696  0.416955  -0.831698  0.284671  0.476698  0.243451  -0.584658  0.773891  -0.049372  -0.006879  0.019190  -1.021606  -0.689042  -1.755224  1.000000  
56.515220 0.026778  0.005291  -0.007678  0.500525  0.759124  0.416178  -0.831505  0.287731  0.475194  0.240984  -0.583901  0.775233  -0.049919  -0.007065  0.018774  -1.053693  -0.706777  -1.792784  1.000000  
56.516470 0.026711  0.005281  -0.007656  0.502193  0.758477  0.415349  -0.831174  0.290818  0.473893  0.238646  -0.583213  0.776473  -0.050495  -0.007114  0.018506  -1.081574  -0.717310  -1.824794  1.000000  
56.517718 0.026642  0.005272  -0.007634  0.503719  0.757852  0.414641  -0.830993  0.293933  0.472286  0.236047  -0.582463  0.777829  -0.050846  -0.006907  0.018461  -1.108681  -0.739787  -1.855581  1.000000  
56.518966 0.026575  0.005264  -0.007609  0.505414  0.757210  0.413751  -0.830699  0.297256  0.470722  0.233445  -0.581612  0.779250  -0.051214  -0.006746  0.018624  -1.149502  -0.764015  -1.908277  1.000000  
56.519967 0.026521  0.005259  -0.007588  0.506715  0.756705  0.413083  -0.830525  0.299947  0.469319  0.231233  -0.580887  0.780450  -0.051519  -0.006428  0.018928  -1.175561  -0.782393  -1.937610  1.000000  
56.521221 0.026456  0.005254  -0.007562  0.508061  0.756174  0.412402  -0.830423  0.302945  0.467570  0.228629  -0.580022  0.781859  -0.051759  -0.006167  0.019158  -1.203543  -0.808774  -1.964297  1.000000  
56.522224 0.026405  0.005250  -0.007542  0.509357  0.755659  0.411746  -0.830236  0.305626  0.466155  0.226414  -0.579286  0.783048  -0.051880  -0.005967  0.019282  -1.229375  -0.830709  -1.995942  1.000000  
56.523466 0.026341  0.005245  -0.007517  0.510698  0.755067  0.411170  -0.830119  0.308556  0.464430  0.223807  -0.578503  0.784375  -0.052104  -0.005840  0.019275  -1.249060  -0.853186  -2.017060  1.000000  
56.524468 0.026290  0.005241  -0.007500  0.511803  0.754648  0.410567  -0.829999  0.311006  0.463008  0.221720  -0.577739  0.785531  -0.052337  -0.005771  0.019052  -1.273381  -0.868807  -2.035945  1.000000  
56.525715 0.026226  0.005234  -0.007480  0.513324  0.754041  0.409781  -0.829787  0.314258  0.461189  0.218979  -0.576770  0.787010  -0.052448  -0.005777  0.018735  -1.302456  -0.884324  -2.062191  1.000000  
56.526719 0.026174  0.005228  -0.007466  0.514594  0.753548  0.409094  -0.829549  0.316852  0.459840  0.216890  -0.575995  0.788155  -0.052546  -0.005765  0.018442  -1.323083  -0.897235  -2.081324  1.000000  
56.527722 0.026124  0.005222  -0.007452  0.515707  0.753075  0.408563  -0.829436  0.319352  0.458313  0.214669  -0.575232  0.789320  -0.052465  -0.005763  0.018108  -1.340048  -0.915810  -2.090306  1.000000  
56.528967 0.026060  0.005214  -0.007433  0.517078  0.752437  0.408005  -0.829355  0.322560  0.456208  0.211662  -0.574276  0.790826  -0.052358  -0.005750  0.017873  -1.361741  -0.946903  -2.111550  1.000000  
56.530227 0.025996  0.005204  -0.007412  0.518586  0.751809  0.407249  -0.829110  0.325785  0.454358  0.208915  -0.573279  0.792279  -0.052106  -0.005797  0.017765  -1.385712  -0.964186  -2.132735  1.000000  
56.531471 0.025932  0.005195  -0.007390  0.519935  0.751200  0.406652  -0.828986  0.328912  0.452327  0.206035  -0.572289  0.793747  -0.051865  -0.005722  0.017748  -1.406768  -0.993041  -2.144483  1.000000  
56.532472 0.025882  0.005189  -0.007371  0.521206  0.750692  0.405962  -0.828737  0.331598  0.450818  0.203809  -0.571406  0.794958  -0.051494  -0.005656  0.017798  -1.425485  -1.004867  -2.158374  1.000000  
56.533718 0.025822  0.005183  -0.007347  0.522704  0.750144  0.405050  -0.828467  0.334910  0.448864  0.201058  -0.570193  0.796528  -0.051004  -0.005526  0.017772  -1.449474  -1.024097  -2.166835  1.000000  
56.534965 0.025764  0.005179  -0.007323  0.524211  0.749548  0.404203  -0.828209  0.338277  0.446810  0.198173  -0.568987  0.798111  -0.050501  -0.005369  0.017698  -1.474654  -1.048316  -2.181416  1.000000  
56.535976 0.025718  0.005175  -0.007304  0.525290  0.749184  0.403477  -0.828025  0.340779  0.445246  0.196074  -0.567972  0.799351  -0.050007  -0.005335  0.017518  -1.497454  -1.063938  -2.184954  1.000000  
56.537219 0.025661  0.005171  -0.007280  0.526804  0.748488  0.402795  -0.827772  0.344140  0.443125  0.193056  -0.566863  0.800872  -0.049658  -0.005259  0.017479  -1.516412  -1.086175  -2.195549  1.000000  
56.538222 0.025614  0.005166  -0.007262  0.528074  0.747963  0.402106  -0.827511  0.346912  0.441450  0.190692  -0.565866  0.802143  -0.049266  -0.005349  0.017341  -1.536585  -1.098057  -2.204239  1.000000  
56.539234 0.025568  0.005161  -0.007243  0.529158  0.747594  0.401366  -0.827330  0.349514  0.439733  0.188459  -0.564751  0.803455  -0.048878  -0.005399  0.017377  -1.560542  -1.114926  -2.204816  1.000000  
56.540466 0.025510  0.005154  -0.007221  0.530661  0.746930  0.400619  -0.827051  0.352904  0.437545  0.185436  -0.563520  0.805021  -0.048554  -0.005470  0.017551  -1.582828  -1.133225  -2.215641  1.000000  
56.541717 0.025451  0.005145  -0.007198  0.532145  0.746300  0.399823  -0.826741  0.356221  0.435439  0.182542  -0.562266  0.806557  -0.048271  -0.005561  0.017874  -1.597069  -1.148360  -2.220363  1.000000  
56.542966 0.025390  0.005135  -0.007172  0.533795  0.745589  0.398948  -0.826311  0.359682  0.433405  0.179648  -0.561004  0.808085  -0.047994  -0.005676  0.018468  -1.621402  -1.161331  -2.228819  1.000000  
56.544218 0.025330  0.005125  -0.007147  0.535428  0.744912  0.398024  -0.825851  0.363070  0.431452  0.176883  -0.559719  0.809584  -0.047759  -0.005707  0.018834  -1.636807  -1.168801  -2.236132  1.000000  
56.545466 0.025270  0.005117  -0.007121  0.536899  0.744262  0.397258  -0.825511  0.366359  0.429316  0.173985  -0.558440  0.811094  -0.047628  -0.005725  0.019105  -1.648084  -1.183156  -2.234060  1.000000  
56.546466 0.025222  0.005110  -0.007103  0.538146  0.743748  0.396532  -0.825196  0.369131  0.427544  0.171613  -0.557297  0.812385  -0.047393  -0.005705  0.019115  -1.666131  -1.200648  -2.243568  1.000000  
56.547479 0.025174  0.005104  -0.007085  0.539402  0.743190  0.395872  -0.824893  0.371959  0.425673  0.169108  -0.556161  0.813687  -0.047128  -0.005641  0.019114  -1.682994  -1.213561  -2.251628  1.000000  
56.548718 0.025116  0.005099  -0.007063  0.540860  0.742571  0.395042  -0.824528  0.375273  0.423467  0.166206  -0.554760  0.815240  -0.047072  -0.005595  0.018943  -1.695283  -1.228930  -2.250369  1.000000  
56.549718 0.025070  0.005094  -0.007045  0.541939  0.742080  0.394485  -0.824321  0.377932  0.421500  0.163698  -0.553610  0.816528  -0.047046  -0.005731  0.018841  -1.704694  -1.239531  -2.251807  1.000000  
56.550721 0.025022  0.005089  -0.007027  0.543172  0.741597  0.393698  -0.823977  0.380726  0.419653  0.161322  -0.552343  0.817859  -0.047171  -0.005798  0.018796  -1.722434  -1.249676  -2.257645  1.000000  
56.551802 0.024974  0.005084  -0.007007  0.544233  0.741139  0.393094  -0.823740  0.383309  0.417764  0.158945  -0.551168  0.819115  -0.047055  -0.005871  0.018642  -1.727261  -1.253011  -2.252547  1.000000  
56.552966 0.024913  0.005077  -0.006982  0.545676  0.740548  0.392208  -0.823341  0.386638  0.415477  0.156038  -0.549636  0.820702  -0.047594  -0.006043  0.018969  -1.749825  -1.264503  -2.260346  1.000000  
56.553966 0.024864  0.005071  -0.006961  0.546718  0.740076  0.391647  -0.823072  0.389094  0.413712  0.153791  -0.548537  0.821861  -0.047745  -0.006093  0.019151  -1.759913  -1.274949  -2.264471  1.000000  
56.555217 0.024800  0.005063  -0.006933  0.548332  0.739353  0.390755  -0.822561  0.392617  0.411395  0.150749  -0.547001  0.823447  -0.048100  -0.006189  0.019552  -1.773536  -1.281988  -2.272401  1.000000  
56.556217 0.024750  0.005056  -0.006908  0.549379  0.738927  0.390089  -0.822295  0.395219  0.409430  0.148368  -0.545700  0.824741  -0.048307  -0.006162  0.019897  -1.790362  -1.294920  -2.279862  1.000000  
56.557217 0.024698  0.005049  -0.006885  0.550592  0.738369  0.389435  -0.821911  0.397916  0.407585  0.145986  -0.544494  0.825963  -0.048552  -0.006169  0.020162  -1.792931  -1.299200  -2.282032  1.000000  
56.558466 0.024634  0.005040  -0.006855  0.552013  0.737845  0.388415  -0.821469  0.401294  0.405155  0.143073  -0.542722  0.827637  -0.048832  -0.006078  0.020402  -1.819374  -1.300155  -2.280576  1.000000  
56.559722 0.024570  0.005033  -0.006826  0.553439  0.737228  0.387557  -0.821034  0.404671  0.402671  0.140027  -0.541051  0.829250  -0.049040  -0.005950  0.020705  -1.837044  -1.303867  -2.286038  1.000000  
56.560966 0.024508  0.005027  -0.006799  0.554851  0.736598  0.386736  -0.820574  0.407928  0.400317  0.137112  -0.539462  0.830772  -0.049216  -0.005746  0.020945  -1.845262  -1.312169  -2.284585  1.000000  
56.561969 0.024457  0.005023  -0.006778  0.556047  0.736067  0.386026  -0.820159  0.410639  0.398391  0.134726  -0.538127  0.832027  -0.049431  -0.005602  0.021139  -1.859242  -1.314899  -2.290173  1.000000  
56.563228 0.024394  0.005018  -0.006750  0.557608  0.735429  0.384991  -0.819552  0.414015  0.396140  0.131941  -0.536411  0.833580  -0.049730  -0.005528  0.021506  -1.870772  -1.311996  -2.293668  1.000000  
56.564228 0.024344  0.005013  -0.006727  0.558639  0.734934  0.384440  -0.819252  0.416616  0.394028  0.129421  -0.535072  0.834834  -0.049951  -0.005550  0.021880  -1.878883  -1.326639  -2.291084  1.000000  
56.565470 0.024281  0.005007  -0.006697  0.560209  0.734157  0.383640  -0.818655  0.420041  0.391624  0.126369  -0.533460  0.836332  -0.050242  -0.005544  0.022381  -1.881386  -1.335330  -2.300290  1.000000  
56.566719 0.024216  0.005000  -0.006667  0.561597  0.733499  0.382868  -0.818150  0.423244  0.389223  0.123448  -0.531830  0.837805  -0.050814  -0.005657  0.022823  -1.889887  -1.339408  -2.297706  1.000000  
56.567727 0.024164  0.004993  -0.006643  0.562774  0.732946  0.382198  -0.817698  0.425911  0.387259  0.121058  -0.530462  0.839020  -0.050739  -0.005699  0.022975  -1.895752  -1.335169  -2.298399  1.000000  
56.568965 0.024098  0.004984  -0.006612  0.564152  0.732325  0.381356  -0.817176  0.429140  0.384789  0.118135  -0.528714  0.840539  -0.051059  -0.005845  0.023269  -1.902986  -1.343549  -2.296014  1.000000  
56.569967 0.024045  0.004976  -0.006588  0.565321  0.731810  0.380614  -0.816710  0.431835  0.382757  0.115743  -0.527232  0.841802  -0.051192  -0.005848  0.023385  -1.910876  -1.348099  -2.297535  1.000000  
56.571215 0.023979  0.004967  -0.006557  0.566680  0.731219  0.379727  -0.816159  0.434984  0.380361  0.112952  -0.525460  0.843287  -0.051411  -0.005931  0.023446  -1.922303  -1.344623  -2.295041  1.000000  
56.572216 0.023926  0.004959  -0.006532  0.567833  0.730689  0.379024  -0.815667  0.437557  0.378460  0.110692  -0.524059  0.844458  -0.051503  -0.005953  0.023546  -1.927580  -1.344528  -2.290578  1.000000  
56.573237 0.023873  0.004952  -0.006506  0.568824  0.730206  0.378470  -0.815298  0.440029  0.376381  0.108298  -0.522660  0.845635  -0.051533  -0.005981  0.023685  -1.932019  -1.355043  -2.278778  1.000000  
56.574584 0.023807  0.004945  -0.006474  0.570186  0.729521  0.377739  -0.814747  0.443262  0.373773  0.105238  -0.520882  0.847117  -0.051391  -0.005954  0.023722  -1.934266  -1.366948  -2.268954  1.000000  
56.575723 0.023740  0.004937  -0.006438  0.571528  0.728819  0.377066  -0.814163  0.446278  0.371449  0.102444  -0.519287  0.848438  -0.051991  -0.006064  0.024452  -1.937288  -1.372100  -2.271514  1.000000  
56.576966 0.023674  0.004930  -0.006402  0.572879  0.728079  0.376445  -0.813593  0.449441  0.368877  0.099382  -0.517594  0.849835  -0.052227  -0.006183  0.025066  -1.935696  -1.376584  -2.266539  1.000000  
56.578216 0.023607  0.004923  -0.006364  0.574217  0.727374  0.375769  -0.813002  0.452535  0.366388  0.096452  -0.515887  0.851209  -0.052527  -0.006336  0.025735  -1.932408  -1.381364  -2.264048  1.000000  
56.579223 0.023552  0.004916  -0.006334  0.575186  0.726873  0.375254  -0.812597  0.454961  0.364274  0.094055  -0.514456  0.852343  -0.052826  -0.006505  0.026194  -1.934952  -1.385234  -2.256359  1.000000  
56.580473 0.023482  0.004906  -0.006295  0.576340  0.726385  0.374429  -0.812098  0.457917  0.361674  0.091257  -0.512521  0.853812  -0.053290  -0.006820  0.026819  -1.938957  -1.386388  -2.243044  1.000000  
56.581719 0.023410  0.004895  -0.006258  0.577322  0.725942  0.373775  -0.811711  0.460667  0.359044  0.088459  -0.510681  0.855207  -0.053725  -0.007017  0.027247  -1.945587  -1.394367  -2.235473  1.000000  
56.582970 0.023338  0.004883  -0.006221  0.578640  0.725356  0.372873  -0.811086  0.463845  0.356352  0.085527  -0.508632  0.856726  -0.054219  -0.007225  0.027741  -1.951740  -1.395940  -2.229113  1.000000  
56.583971 0.023279  0.004872  -0.006192  0.579586  0.724884  0.372321  -0.810646  0.466178  0.354303  0.083260  -0.507170  0.857815  -0.054633  -0.007419  0.028042  -1.954374  -1.404768  -2.223343  1.000000  
56.585064 0.023220  0.004862  -0.006162  0.580523  0.724449  0.371709  -0.810192  0.468449  0.352341  0.081127  -0.505698  0.858888  -0.054718  -0.007595  0.028236  -1.946906  -1.394917  -2.198992  1.000000  
56.586215 0.023146  0.004848  -0.006125  0.581493  0.723910  0.371241  -0.809785  0.471168  0.349642  0.078192  -0.503940  0.860192  -0.055577  -0.007856  0.028872  -1.946233  -1.407236  -2.194883  1.000000  
56.587217 0.023086  0.004838  -0.006093  0.582429  0.723431  0.370708  -0.809328  0.473477  0.347575  0.075925  -0.502462  0.861259  -0.056057  -0.008070  0.029316  -1.946813  -1.410688  -2.184413  1.000000  
56.588465 0.023011  0.004825  -0.006053  0.583557  0.722790  0.370185  -0.808786  0.476324  0.344937  0.072989  -0.500690  0.862544  -0.056650  -0.008385  0.029847  -1.934743  -1.419134  -2.175683  1.000000  
56.589715 0.022936  0.004812  -0.006010  0.584673  0.722185  0.369603  -0.808227  0.479105  0.342385  0.070187  -0.498907  0.863809  -0.057336  -0.008795  0.030512  -1.927125  -1.420093  -2.162741  1.000000  
56.590717 0.022875  0.004801  -0.005976  0.585592  0.721692  0.369111  -0.807745  0.481291  0.340451  0.068051  -0.497513  0.864783  -0.057708  -0.009128  0.030837  -1.922257  -1.419870  -2.151936  1.000000  
56.591723 0.022813  0.004789  -0.005941  0.586346  0.721303  0.368675  -0.807385  0.483418  0.338284  0.065781  -0.496014  0.865819  -0.058328  -0.009538  0.031259  -1.918144  -1.426852  -2.135284  1.000000  
56.592965 0.022736  0.004773  -0.005896  0.587444  0.720684  0.368135  -0.806800  0.486075  0.335865  0.063111  -0.494313  0.866990  -0.058970  -0.010039  0.031711  -1.903825  -1.430714  -2.122141  1.000000  
56.594215 0.022657  0.004758  -0.005851  0.588538  0.720107  0.367517  -0.806207  0.488762  0.333379  0.060440  -0.492501  0.868211  -0.059688  -0.010484  0.032235  -1.900922  -1.427886  -2.107414  1.000000  
56.595465 0.022577  0.004742  -0.005805  0.589456  0.719667  0.366906  -0.805722  0.491237  0.330904  0.057902  -0.490678  0.869415  -0.060365  -0.010938  0.032690  -1.895543  -1.427230  -2.077209  1.000000  
56.596465 0.022511  0.004728  -0.005768  0.590357  0.719163  0.366445  -0.805213  0.493384  0.328943  0.055765  -0.489260  0.870353  -0.060896  -0.011320  0.033110  -1.892513  -1.430250  -2.066688  1.000000  
56.597480 0.022446  0.004713  -0.005731  0.591259  0.718619  0.366059  -0.804705  0.495577  0.326883  0.053494  -0.487842  0.871291  -0.061614  -0.011692  0.033777  -1.883558  -1.429811  -2.055180  1.000000  
56.598719 0.022364  0.004695  -0.005684  0.592170  0.718134  0.365538  -0.804209  0.498077  0.324295  0.050822  -0.486007  0.872476  -0.061978  -0.011991  0.034409  -1.875429  -1.433597  -2.035743  1.000000  
56.599726 0.022299  0.004680  -0.005643  0.592892  0.717766  0.365092  -0.803801  0.500001  0.322338  0.048817  -0.484573  0.873388  -0.062821  -0.012426  0.035411  -1.863579  -1.432351  -2.014209  1.000000  
56.600969 0.022216  0.004662  -0.005594  0.593960  0.717174  0.364518  -0.803170  0.502630  0.319813  0.046144  -0.482726  0.874555  -0.063019  -0.012680  0.035969  -1.856496  -1.436600  -2.003279  1.000000  
56.602215 0.022135  0.004644  -0.005544  0.594854  0.716766  0.363862  -0.802650  0.505086  0.317239  0.043605  -0.480764  0.875765  -0.063360  -0.012968  0.036643  -1.854571  -1.440021  -1.982728  1.000000  
56.603217 0.022070  0.004629  -0.005502  0.595566  0.716393  0.363432  -0.802229  0.506987  0.315267  0.041599  -0.479318  0.876655  -0.063749  -0.013273  0.037291  -1.849014  -1.436206  -1.968928  1.000000  
56.604465 0.021989  0.004610  -0.005453  0.596617  0.715832  0.362811  -0.801575  0.509533  0.312816  0.039059  -0.477451  0.877790  -0.064232  -0.013683  0.037759  -1.847910  -1.433293  -1.957542  1.000000  
56.605466 0.021923  0.004595  -0.005413  0.597320  0.715494  0.362322  -0.801140  0.511368  0.310928  0.037187  -0.475994  0.878662  -0.064920  -0.013973  0.038360  -1.840469  -1.426576  -1.930307  1.000000  
56.606491 0.021857  0.004579  -0.005374  0.598023  0.715117  0.361907  -0.800706  0.513248  0.308942  0.035182  -0.474536  0.879533  -0.064705  -0.014218  0.038371  -1.831346  -1.423517  -1.907135  1.000000  
56.607556 0.021791  0.004562  -0.005335  0.598720  0.714776  0.361426  -0.800265  0.515071  0.307047  0.033310  -0.473072  0.880394  -0.064741  -0.014485  0.038460  -1.828954  -1.411311  -1.885880  1.000000  
56.608715 0.021708  0.004540  -0.005285  0.599588  0.714302  0.360925  -0.799707  0.517260  0.304813  0.031036  -0.471397  0.881375  -0.065361  -0.014934  0.038928  -1.821203  -1.403471  -1.871239  1.000000  
56.609965 0.021624  0.004517  -0.005234  0.600287  0.713976  0.360407  -0.799267  0.519330  0.302437  0.028763  -0.469610  0.882405  -0.065648  -0.015366  0.039322  -1.805853  -1.398797  -1.847454  1.000000  
