1-Time 2-Px 3-Py 4-Pz 5-R11 6-R21 7-R31 8-R12 9-R22 10-R32 11-R13 12-R23 13-R33 14-Vx 15-Vy 16-Vz 17-Wx 18-Wy 19-Wz 20-state
70.892787 0.048400  0.007614  0.013996  0.549976  0.564066  0.615918  -0.787939  0.594946  0.158721  -0.276909  -0.572598  0.771656  0.002094  0.001428  0.000810  0.000000  0.000000  0.000000  1.000000  
70.893818 0.048400  0.007613  0.013996  0.549976  0.564066  0.615918  -0.787939  0.594946  0.158721  -0.276909  -0.572598  0.771656  -0.000862  -0.000621  -0.000613  0.000000  0.000000  0.000000  1.000000  
70.895055 0.048375  0.007589  0.013981  0.549976  0.564066  0.615918  -0.787939  0.594946  0.158721  -0.276909  -0.572598  0.771656  -0.012719  -0.012498  -0.007679  0.000000  0.000000  0.000000  1.000000  
70.896330 0.048335  0.007554  0.013959  0.549976  0.564066  0.615918  -0.787939  0.594946  0.158721  -0.276909  -0.572598  0.771656  -0.019997  -0.018231  -0.011482  0.000000  0.000000  0.000000  1.000000  
70.897563 0.048305  0.007533  0.013942  0.549976  0.563992  0.615987  -0.787939  0.594927  0.158793  -0.276909  -0.572692  0.771586  -0.021223  -0.017927  -0.011985  0.000000  0.000000  0.000000  1.000000  
70.898816 0.048285  0.007526  0.013938  0.549976  0.563992  0.615987  -0.787939  0.594927  0.158793  -0.276909  -0.572692  0.771586  -0.020057  -0.015285  -0.010208  0.000000  0.000000  0.000000  1.000000  
70.900062 0.048263  0.007525  0.013937  0.549976  0.563917  0.616055  -0.787939  0.594907  0.158865  -0.276909  -0.572785  0.771517  -0.019683  -0.012712  -0.008501  0.000000  0.000000  0.000000  1.000000  
70.901312 0.048229  0.007523  0.013933  0.549998  0.563886  0.616064  -0.787969  0.594825  0.159022  -0.276780  -0.572901  0.771477  -0.020789  -0.010986  -0.007703  0.000000  0.000000  0.000000  1.000000  
70.902318 0.048198  0.007519  0.013926  0.549998  0.563886  0.616064  -0.787969  0.594825  0.159022  -0.276780  -0.572901  0.771477  -0.021905  -0.010214  -0.007641  0.000000  0.000000  0.000000  1.000000  
70.903554 0.048159  0.007509  0.013914  0.549998  0.563886  0.616064  -0.787969  0.594825  0.159022  -0.276780  -0.572901  0.771477  -0.023007  -0.009949  -0.007874  0.000000  0.000000  0.000000  1.000000  
70.904807 0.048125  0.007498  0.013902  0.549998  0.563886  0.616064  -0.787969  0.594825  0.159022  -0.276780  -0.572901  0.771477  -0.023449  -0.009803  -0.008055  0.000000  0.000000  0.000000  1.000000  
70.906055 0.048092  0.007493  0.013891  0.549835  0.564083  0.616029  -0.788082  0.594728  0.158823  -0.276780  -0.572807  0.771547  -0.023751  -0.009289  -0.008131  0.000000  0.000000  0.000000  1.000000  
70.907055 0.048059  0.007488  0.013883  0.549857  0.564127  0.615969  -0.788113  0.594665  0.158907  -0.276652  -0.572830  0.771576  -0.024382  -0.008970  -0.008128  0.000000  0.000000  0.000000  1.000000  
70.908305 0.048007  0.007470  0.013870  0.550040  0.564048  0.615878  -0.788030  0.594719  0.159119  -0.276523  -0.572852  0.771606  -0.026705  -0.009753  -0.008602  0.000000  0.000000  0.000000  1.000000  
70.909555 0.047947  0.007438  0.013852  0.550202  0.563926  0.615845  -0.787916  0.594835  0.159246  -0.276523  -0.572852  0.771606  -0.029488  -0.010670  -0.009051  0.000000  0.000000  0.000000  1.000000  
70.910556 0.047897  0.007408  0.013836  0.550386  0.563922  0.615685  -0.787834  0.594907  0.159385  -0.276395  -0.572780  0.771705  -0.030786  -0.010842  -0.008893  0.000000  0.000000  0.000000  1.000000  
70.911815 0.047839  0.007376  0.013816  0.550710  0.563752  0.615551  -0.787607  0.595159  0.159566  -0.276395  -0.572686  0.771775  -0.032185  -0.011250  -0.008970  0.000000  0.000000  0.000000  1.000000  
70.913064 0.047785  0.007353  0.013803  0.550851  0.563585  0.615577  -0.787463  0.595338  0.159608  -0.276523  -0.572664  0.771745  -0.034377  -0.011807  -0.009204  0.000000  0.000000  0.000000  1.000000  
70.914308 0.047731  0.007340  0.013795  0.551133  0.563252  0.615630  -0.787176  0.595695  0.159693  -0.276780  -0.572620  0.771686  -0.036423  -0.012351  -0.009521  0.000000  0.000000  0.000000  1.000000  
70.915311 0.047690  0.007334  0.013788  0.551619  0.562810  0.615599  -0.786835  0.596024  0.160145  -0.276780  -0.572714  0.771616  -0.037974  -0.012858  -0.010082  0.000000  0.000000  0.000000  1.000000  
70.916315 0.047651  0.007328  0.013775  0.551921  0.562520  0.615592  -0.786578  0.596318  0.160314  -0.276909  -0.572692  0.771586  -0.038647  -0.013172  -0.010601  0.000000  0.000000  0.000000  1.000000  
70.917561 0.047603  0.007315  0.013754  0.552569  0.562029  0.615460  -0.786123  0.596781  0.160821  -0.276909  -0.572692  0.771586  -0.039239  -0.013562  -0.011374  0.000000  0.000000  0.000000  1.000000  
70.918812 0.047554  0.007297  0.013726  0.553216  0.561612  0.615259  -0.785667  0.597263  0.161255  -0.276909  -0.572598  0.771656  -0.040034  -0.014022  -0.012376  0.000000  0.000000  0.000000  1.000000  
70.919813 0.047513  0.007281  0.013706  0.553518  0.561322  0.615252  -0.785409  0.597557  0.161424  -0.277038  -0.572576  0.771626  -0.041044  -0.014660  -0.013060  0.000000  0.000000  0.000000  1.000000  
70.921055 0.047460  0.007262  0.013684  0.553982  0.560908  0.615212  -0.785037  0.597966  0.161720  -0.277166  -0.572554  0.771596  -0.042354  -0.015647  -0.013894  0.050938  0.097601  -0.147574  1.000000  
70.922056 0.047415  0.007243  0.013669  0.554445  0.560495  0.615172  -0.784664  0.598375  0.162015  -0.277295  -0.572532  0.771566  -0.043029  -0.016430  -0.014284  0.055095  0.102722  -0.161666  1.000000  
70.923305 0.047359  0.007218  0.013654  0.554930  0.560200  0.615004  -0.784322  0.598741  0.162323  -0.277295  -0.572438  0.771636  -0.043189  -0.016754  -0.014378  0.055405  0.112058  -0.173692  1.000000  
70.924306 0.047313  0.007196  0.013640  0.555414  0.559830  0.614903  -0.783979  0.599087  0.162702  -0.277295  -0.572438  0.771636  -0.042946  -0.016419  -0.014407  0.060614  0.122843  -0.188025  1.000000  
70.925308 0.047267  0.007175  0.013625  0.555919  0.559579  0.614675  -0.783666  0.599390  0.163094  -0.277166  -0.572367  0.771735  -0.042721  -0.015798  -0.014321  0.062772  0.139341  -0.202924  1.000000  
70.926557 0.047208  0.007149  0.013605  0.556403  0.559283  0.614506  -0.783323  0.599755  0.163401  -0.277166  -0.572273  0.771805  -0.042833  -0.015337  -0.014324  0.063923  0.149983  -0.217175  1.000000  
70.927812 0.047149  0.007131  0.013586  0.556887  0.558987  0.614337  -0.782979  0.600120  0.163707  -0.277166  -0.572180  0.771874  -0.043100  -0.015053  -0.014691  0.061535  0.161756  -0.233045  1.000000  
70.929058 0.047094  0.007121  0.013568  0.557349  0.558572  0.614296  -0.782604  0.600528  0.164002  -0.277295  -0.572158  0.771844  -0.043155  -0.014728  -0.015204  0.063220  0.169985  -0.251596  1.000000  
70.930062 0.047054  0.007119  0.013553  0.557650  0.558280  0.614289  -0.782345  0.600820  0.164171  -0.277423  -0.572135  0.771814  -0.043126  -0.014581  -0.015900  0.067038  0.174238  -0.264812  1.000000  
70.931311 0.047004  0.007119  0.013528  0.558111  0.557864  0.614247  -0.781970  0.601227  0.164467  -0.277552  -0.572113  0.771785  -0.043139  -0.013942  -0.016501  0.068702  0.178880  -0.286007  1.000000  
70.932559 0.046947  0.007111  0.013499  0.558594  0.557567  0.614078  -0.781625  0.601591  0.164773  -0.277552  -0.572020  0.771854  -0.043734  -0.013602  -0.016968  0.070958  0.192255  -0.304448  1.000000  
70.933564 0.046897  0.007101  0.013477  0.558776  0.557488  0.613984  -0.781540  0.601644  0.164983  -0.277423  -0.572042  0.771884  -0.044552  -0.013327  -0.016912  0.072824  0.199758  -0.307000  1.000000  
70.934584 0.046845  0.007088  0.013457  0.559098  0.557240  0.613916  -0.781310  0.601873  0.165236  -0.277423  -0.572042  0.771884  -0.045248  -0.013068  -0.016824  0.076609  0.207545  -0.317472  1.000000  
70.935590 0.046791  0.007074  0.013442  0.559259  0.557116  0.613882  -0.781195  0.601988  0.165363  -0.277423  -0.572042  0.771884  -0.045950  -0.012938  -0.016630  0.084482  0.215361  -0.328034  1.000000  
70.936812 0.046725  0.007057  0.013422  0.559420  0.556992  0.613848  -0.781080  0.602103  0.165489  -0.277423  -0.572042  0.771884  -0.046763  -0.012632  -0.016705  0.086466  0.215952  -0.336420  1.000000  
70.938059 0.046659  0.007040  0.013399  0.559581  0.556868  0.613814  -0.780965  0.602217  0.165615  -0.277423  -0.572042  0.771884  -0.047442  -0.012049  -0.017269  0.086447  0.212364  -0.339134  1.000000  
70.939059 0.046602  0.007025  0.013376  0.559741  0.556744  0.613779  -0.780849  0.602332  0.165742  -0.277423  -0.572042  0.771884  -0.048216  -0.011582  -0.017866  0.086445  0.212360  -0.339127  1.000000  
70.940308 0.046530  0.007005  0.013343  0.559763  0.556715  0.613787  -0.780880  0.602250  0.165899  -0.277295  -0.572158  0.771844  -0.049137  -0.011144  -0.018805  0.092638  0.208429  -0.333834  1.000000  
70.941558 0.046463  0.006990  0.013312  0.559945  0.556635  0.613692  -0.780795  0.602302  0.166109  -0.277166  -0.572180  0.771874  -0.049694  -0.010549  -0.019583  0.094802  0.208125  -0.325928  1.000000  
70.942808 0.046399  0.006983  0.013280  0.559945  0.556635  0.613692  -0.780795  0.602302  0.166109  -0.277166  -0.572180  0.771874  -0.049974  -0.009878  -0.020392  0.092908  0.207765  -0.317890  1.000000  
70.943813 0.046351  0.006981  0.013255  0.560106  0.556511  0.613658  -0.780679  0.602417  0.166235  -0.277166  -0.572180  0.771874  -0.050386  -0.009483  -0.021185  0.090983  0.207335  -0.309748  1.000000  
70.945054 0.046289  0.006981  0.013224  0.560085  0.556392  0.613786  -0.780649  0.602459  0.166224  -0.277295  -0.572251  0.771775  -0.051047  -0.009240  -0.021928  0.086501  0.197846  -0.296639  1.000000  
70.946055 0.046236  0.006976  0.013197  0.560224  0.556223  0.613812  -0.780504  0.602635  0.166267  -0.277423  -0.572229  0.771745  -0.051885  -0.009541  -0.022448  0.082749  0.189989  -0.286050  1.000000  
70.947062 0.046180  0.006968  0.013170  0.560384  0.556099  0.613778  -0.780388  0.602750  0.166393  -0.277423  -0.572229  0.771745  -0.052789  -0.009905  -0.022763  0.079589  0.183618  -0.277707  1.000000  
70.948310 0.046108  0.006949  0.013135  0.560545  0.555975  0.613743  -0.780273  0.602864  0.166520  -0.277423  -0.572229  0.771745  -0.053490  -0.010299  -0.023153  0.077903  0.171700  -0.261670  1.000000  
70.949560 0.046033  0.006929  0.013103  0.561005  0.555558  0.613701  -0.779896  0.603270  0.166815  -0.277552  -0.572207  0.771715  -0.054177  -0.010610  -0.023664  0.077964  0.171734  -0.261722  1.000000  
70.950809 0.045960  0.006909  0.013069  0.561326  0.555310  0.613632  -0.779665  0.603498  0.167068  -0.277552  -0.572207  0.771715  -0.054607  -0.010753  -0.024769  0.076047  0.171341  -0.253638  1.000000  
70.951907 0.045902  0.006895  0.013040  0.561625  0.555016  0.613623  -0.779404  0.603789  0.167236  -0.277680  -0.572185  0.771685  -0.054585  -0.010701  -0.025445  0.073928  0.166831  -0.247484  1.000000  
70.953062 0.045831  0.006877  0.013000  0.562063  0.554554  0.613641  -0.778997  0.604256  0.167448  -0.277937  -0.572141  0.771626  -0.055123  -0.010818  -0.026671  0.078279  0.160117  -0.253630  1.000000  
70.954062 0.045777  0.006862  0.012965  0.562522  0.554136  0.613598  -0.778619  0.604660  0.167743  -0.278066  -0.572118  0.771596  -0.054958  -0.010724  -0.027424  0.078299  0.156501  -0.256302  1.000000  
70.955310 0.045709  0.006844  0.012919  0.563142  0.553593  0.613520  -0.778126  0.605179  0.168165  -0.278194  -0.572096  0.771566  -0.054720  -0.010653  -0.028318  0.084297  0.153223  -0.267011  1.000000  
70.956560 0.045643  0.006829  0.012874  0.563738  0.553004  0.613503  -0.777601  0.605758  0.168503  -0.278451  -0.572052  0.771506  -0.054656  -0.010761  -0.029197  0.088422  0.145988  -0.272389  1.000000  
70.957810 0.045578  0.006817  0.012833  0.564677  0.552285  0.613288  -0.776874  0.606523  0.169103  -0.278580  -0.571936  0.771545  -0.054833  -0.011118  -0.029903  0.095350  0.156883  -0.294023  1.000000  
70.959060 0.045514  0.006806  0.012793  0.565432  0.551570  0.613235  -0.776232  0.607215  0.169568  -0.278837  -0.571892  0.771486  -0.054996  -0.011792  -0.030522  0.098135  0.162095  -0.301722  1.000000  
70.960061 0.045463  0.006797  0.012761  0.566187  0.550855  0.613182  -0.775590  0.607906  0.170032  -0.279094  -0.571847  0.771426  -0.055069  -0.012393  -0.030913  0.105026  0.169315  -0.325770  1.000000  
70.961310 0.045394  0.006779  0.012717  0.567100  0.550087  0.613026  -0.774829  0.608730  0.170549  -0.279351  -0.571709  0.771435  -0.055267  -0.013019  -0.031576  0.106790  0.177476  -0.344308  1.000000  
70.962560 0.045320  0.006756  0.012671  0.568150  0.549148  0.612897  -0.773921  0.609728  0.171109  -0.279736  -0.571549  0.771414  -0.055464  -0.013696  -0.032311  0.115452  0.180293  -0.379288  1.000000  
70.963564 0.045259  0.006733  0.012634  0.568902  0.548504  0.612776  -0.773275  0.610437  0.171499  -0.279993  -0.571411  0.771423  -0.055534  -0.014115  -0.033122  0.118148  0.187279  -0.402604  1.000000  
70.964813 0.045181  0.006706  0.012585  0.569949  0.547562  0.612646  -0.772364  0.611432  0.172059  -0.280378  -0.571250  0.771402  -0.055761  -0.014623  -0.034126  0.122864  0.193782  -0.435341  1.000000  
70.966059 0.045105  0.006682  0.012538  0.571175  0.546537  0.612418  -0.771364  0.612477  0.172827  -0.280635  -0.571112  0.771411  -0.055930  -0.014933  -0.035026  0.131274  0.212440  -0.474131  1.000000  
70.967309 0.045031  0.006664  0.012491  0.572219  0.545666  0.612220  -0.770450  0.613490  0.173312  -0.281021  -0.570858  0.771459  -0.056190  -0.014926  -0.035562  0.135897  0.226997  -0.518104  1.000000  
70.968310 0.044972  0.006649  0.012453  0.573284  0.544764  0.612027  -0.769564  0.614419  0.173954  -0.281277  -0.570719  0.771468  -0.056411  -0.014899  -0.035904  0.145428  0.247406  -0.560841  1.000000  
70.969315 0.044913  0.006637  0.012416  0.574189  0.543988  0.611869  -0.768795  0.615235  0.174470  -0.281534  -0.570581  0.771476  -0.056689  -0.014763  -0.035955  0.151088  0.259874  -0.592837  1.000000  
70.970562 0.044838  0.006621  0.012370  0.575229  0.543037  0.611737  -0.767876  0.616223  0.175029  -0.281919  -0.570420  0.771455  -0.057228  -0.014714  -0.036046  0.156556  0.273063  -0.640868  1.000000  
70.971812 0.044762  0.006605  0.012327  0.576424  0.541958  0.611568  -0.766837  0.617321  0.175714  -0.282304  -0.570259  0.771433  -0.057896  -0.014788  -0.036024  0.166132  0.286241  -0.688990  1.000000  
70.973060 0.044685  0.006589  0.012283  0.577461  0.541005  0.611435  -0.765915  0.618306  0.176273  -0.282689  -0.570098  0.771411  -0.058867  -0.015223  -0.036170  0.173820  0.299039  -0.729024  1.000000  
70.974062 0.044622  0.006576  0.012248  0.578203  0.540350  0.611312  -0.765260  0.619005  0.176663  -0.282946  -0.569960  0.771419  -0.059655  -0.015408  -0.036403  0.179571  0.315081  -0.758304  1.000000  
70.975065 0.044557  0.006563  0.012210  0.578945  0.539695  0.611189  -0.764604  0.619704  0.177052  -0.283203  -0.569821  0.771427  -0.060474  -0.015568  -0.036693  0.181193  0.327539  -0.790200  1.000000  
70.976309 0.044473  0.006543  0.012162  0.579820  0.538865  0.611092  -0.763798  0.620574  0.177485  -0.283588  -0.569660  0.771405  -0.061425  -0.015696  -0.037040  0.185629  0.337404  -0.815988  1.000000  
70.977310 0.044403  0.006524  0.012121  0.580560  0.538207  0.610969  -0.763140  0.621271  0.177874  -0.283844  -0.569521  0.771413  -0.062175  -0.015694  -0.037273  0.190942  0.348644  -0.849311  1.000000  
70.978562 0.044312  0.006497  0.012071  0.581299  0.537549  0.610845  -0.762481  0.621968  0.178263  -0.284101  -0.569383  0.771421  -0.063096  -0.015718  -0.037511  0.192852  0.356758  -0.867888  1.000000  
70.979820 0.044222  0.006474  0.012022  0.582171  0.536716  0.610748  -0.761672  0.622835  0.178696  -0.284486  -0.569221  0.771398  -0.063930  -0.015331  -0.037500  0.194728  0.357558  -0.891613  1.000000  
70.981060 0.044134  0.006456  0.011976  0.582885  0.536010  0.610687  -0.760982  0.623590  0.179003  -0.284870  -0.569060  0.771375  -0.064806  -0.015069  -0.037421  0.196796  0.362179  -0.913198  1.000000  
70.982064 0.044066  0.006445  0.011940  0.583442  0.535357  0.610727  -0.760411  0.624212  0.179261  -0.285255  -0.568992  0.771283  -0.065453  -0.014823  -0.037361  0.201034  0.362960  -0.929569  1.000000  
70.983309 0.043980  0.006433  0.011894  0.583998  0.534778  0.610703  -0.759839  0.624856  0.179442  -0.285640  -0.568830  0.771260  -0.066128  -0.014442  -0.037237  0.199102  0.359461  -0.939927  1.000000  
70.984311 0.043912  0.006423  0.011859  0.584554  0.534124  0.610744  -0.759267  0.625477  0.179700  -0.286025  -0.568762  0.771168  -0.066760  -0.014226  -0.037135  0.201290  0.356090  -0.950440  1.000000  
70.985560 0.043825  0.006410  0.011814  0.585265  0.533414  0.610683  -0.758574  0.626229  0.180007  -0.286409  -0.568601  0.771144  -0.067553  -0.014044  -0.037112  0.197553  0.352383  -0.953122  1.000000  
70.986812 0.043739  0.006396  0.011768  0.585952  0.532657  0.610686  -0.757850  0.627040  0.180233  -0.286922  -0.568416  0.771090  -0.068342  -0.013970  -0.037300  0.195741  0.345334  -0.966337  1.000000  
70.988060 0.043652  0.006380  0.011720  0.586637  0.531825  0.610752  -0.757125  0.627829  0.180536  -0.287435  -0.568325  0.770966  -0.068846  -0.013911  -0.037574  0.198265  0.334049  -0.966329  1.000000  
70.989309 0.043564  0.006362  0.011672  0.587166  0.531121  0.610857  -0.756520  0.628507  0.180713  -0.287947  -0.568233  0.770842  -0.069575  -0.014061  -0.037835  0.196698  0.322808  -0.966263  1.000000  
70.990310 0.043492  0.006347  0.011633  0.587874  0.530408  0.610796  -0.755824  0.629255  0.181021  -0.288332  -0.568071  0.770818  -0.069966  -0.014174  -0.037879  0.192958  0.319096  -0.968940  1.000000  
70.991310 0.043420  0.006330  0.011596  0.588425  0.529750  0.610837  -0.755248  0.629872  0.181280  -0.288716  -0.568003  0.770724  -0.070260  -0.014210  -0.037688  0.193396  0.307427  -0.960732  1.000000  
70.992563 0.043328  0.006305  0.011551  0.589262  0.528858  0.610802  -0.754399  0.630787  0.181632  -0.289228  -0.567817  0.770669  -0.070439  -0.014125  -0.037346  0.193763  0.299983  -0.965937  1.000000  
70.993564 0.043255  0.006287  0.011515  0.589788  0.528151  0.610906  -0.753791  0.631462  0.181811  -0.289740  -0.567726  0.770544  -0.070414  -0.013894  -0.037075  0.194288  0.284754  -0.960578  1.000000  
70.994569 0.043185  0.006272  0.011481  0.590443  0.527341  0.610973  -0.753031  0.632326  0.181957  -0.290381  -0.567517  0.770457  -0.070370  -0.013717  -0.036713  0.194774  0.277289  -0.965747  1.000000  
70.995813 0.043099  0.006255  0.011436  0.591384  0.526296  0.610965  -0.751996  0.633487  0.182197  -0.291149  -0.567192  0.770406  -0.070195  -0.013615  -0.036597  0.189240  0.258639  -0.971107  1.000000  
70.996821 0.043031  0.006244  0.011400  0.592191  0.525352  0.610995  -0.751112  0.634457  0.182470  -0.291789  -0.566983  0.770318  -0.070094  -0.013652  -0.036570  0.189617  0.247511  -0.978729  1.000000  
70.998064 0.042947  0.006228  0.011352  0.593079  0.524135  0.611179  -0.750012  0.635712  0.182627  -0.292812  -0.566704  0.770135  -0.070035  -0.013894  -0.036756  0.192460  0.225268  -0.986956  1.000000  
70.999313 0.042862  0.006213  0.011304  0.594297  0.522775  0.611161  -0.748697  0.637142  0.183040  -0.293708  -0.566354  0.770051  -0.069927  -0.014098  -0.037012  0.193322  0.216912  -1.007914  1.000000  
71.000564 0.042778  0.006196  0.011253  0.595462  0.521317  0.611272  -0.747317  0.638687  0.183292  -0.294859  -0.565957  0.769903  -0.069862  -0.014402  -0.037329  0.191642  0.200249  -1.029288  1.000000  
71.001842 0.042691  0.006175  0.011203  0.596956  0.519639  0.611244  -0.745720  0.640384  0.183877  -0.295881  -0.565583  0.769785  -0.069744  -0.014740  -0.037525  0.196021  0.193773  -1.065520  1.000000  
71.003065 0.042603  0.006153  0.011154  0.598419  0.517909  0.611282  -0.744088  0.642134  0.184383  -0.297031  -0.565185  0.769635  -0.069919  -0.015174  -0.037678  0.200922  0.187602  -1.103626  1.000000  
71.004313 0.042512  0.006127  0.011107  0.599877  0.516174  0.611320  -0.742452  0.643879  0.184889  -0.298181  -0.564787  0.769483  -0.070125  -0.015685  -0.037601  0.205721  0.181264  -1.140938  1.000000  
71.005563 0.042420  0.006101  0.011062  0.601330  0.514360  0.611421  -0.740812  0.645597  0.185476  -0.299330  -0.564480  0.769262  -0.070234  -0.016064  -0.037429  0.216676  0.178916  -1.183670  1.000000  
71.006563 0.042345  0.006078  0.011025  0.602525  0.512903  0.611469  -0.739479  0.646981  0.185971  -0.300224  -0.564221  0.769104  -0.070423  -0.016435  -0.037448  0.227372  0.180131  -1.223268  1.000000  
71.007563 0.042270  0.006056  0.010989  0.603690  0.511470  0.611520  -0.738113  0.648443  0.186310  -0.301245  -0.563844  0.768981  -0.070444  -0.016552  -0.037504  0.232116  0.173726  -1.260371  1.000000  
71.008922 0.042178  0.006031  0.010944  0.605407  0.509328  0.611611  -0.736182  0.650415  0.187072  -0.302520  -0.563512  0.768723  -0.070159  -0.016737  -0.037345  0.248442  0.178761  -1.316700  1.000000  
71.010063 0.042085  0.006007  0.010896  0.606965  0.507387  0.611679  -0.734372  0.652298  0.187632  -0.303795  -0.563086  0.768533  -0.071074  -0.017216  -0.037878  0.258544  0.177163  -1.372078  1.000000  
71.011065 0.042010  0.005989  0.010857  0.608294  0.505855  0.611629  -0.732901  0.653792  0.188178  -0.304687  -0.562731  0.768440  -0.071571  -0.017621  -0.038144  0.267363  0.182112  -1.416799  1.000000  
71.012313 0.041916  0.005967  0.010807  0.609991  0.503770  0.611659  -0.730957  0.655768  0.188866  -0.305961  -0.562303  0.768246  -0.072113  -0.018026  -0.038344  0.280815  0.187657  -1.478188  1.000000  
71.013314 0.041840  0.005949  0.010767  0.611134  0.502316  0.611714  -0.729574  0.657207  0.189209  -0.306980  -0.561923  0.768118  -0.072734  -0.018483  -0.038438  0.286316  0.190371  -1.530954  1.000000  
71.014563 0.041744  0.005926  0.010716  0.612643  0.500381  0.611791  -0.727716  0.659148  0.189615  -0.308381  -0.561376  0.767957  -0.073565  -0.019006  -0.038457  0.293393  0.190416  -1.581307  1.000000  
71.015564 0.041665  0.005906  0.010677  0.613953  0.498832  0.611742  -0.726232  0.660624  0.190165  -0.309271  -0.561019  0.767860  -0.074251  -0.019397  -0.038361  0.298511  0.198992  -1.623531  1.000000  
71.016565 0.041584  0.005885  0.010637  0.615083  0.497441  0.611740  -0.724840  0.662074  0.190431  -0.310289  -0.560544  0.767796  -0.075192  -0.019669  -0.038479  0.301780  0.199839  -1.663434  1.000000  
71.017811 0.041481  0.005859  0.010588  0.616453  0.495676  0.611793  -0.723129  0.663839  0.190792  -0.311561  -0.560020  0.767664  -0.076018  -0.019872  -0.038425  0.302816  0.199603  -1.704877  1.000000  
71.019060 0.041377  0.005832  0.010537  0.617966  0.493770  0.611808  -0.721287  0.665700  0.191281  -0.312832  -0.559494  0.767530  -0.076917  -0.020038  -0.038645  0.309187  0.209872  -1.769344  1.000000  
71.020306 0.041272  0.005806  0.010485  0.619148  0.492085  0.611971  -0.719663  0.667409  0.191441  -0.314230  -0.558943  0.767360  -0.077757  -0.020041  -0.039089  0.310356  0.198029  -1.802032  1.000000  
71.021306 0.041189  0.005785  0.010443  0.620113  0.490817  0.612013  -0.718387  0.668741  0.191584  -0.315246  -0.558466  0.767291  -0.078323  -0.019946  -0.039487  0.307677  0.194966  -1.836060  1.000000  
71.022561 0.041084  0.005760  0.010389  0.621286  0.489123  0.612178  -0.716758  0.670441  0.191746  -0.316642  -0.557913  0.767119  -0.079104  -0.019788  -0.039998  0.309499  0.184484  -1.875152  1.000000  
71.023813 0.040980  0.005736  0.010335  0.622334  0.487539  0.612377  -0.715285  0.671956  0.191943  -0.317911  -0.557477  0.766910  -0.080440  -0.019809  -0.040915  0.316160  0.186116  -1.914161  1.000000  
71.025063 0.040876  0.005715  0.010281  0.623378  0.486025  0.612519  -0.713810  0.673490  0.192060  -0.319179  -0.556948  0.766768  -0.080612  -0.019506  -0.041068  0.314092  0.178636  -1.935550  1.000000  
71.026306 0.040773  0.005695  0.010228  0.624564  0.484370  0.612622  -0.712203  0.675119  0.192304  -0.320447  -0.556417  0.766625  -0.081223  -0.019274  -0.041262  0.313649  0.173907  -1.954515  1.000000  
71.027306 0.040691  0.005681  0.010188  0.625334  0.483103  0.612837  -0.711012  0.676366  0.192329  -0.321587  -0.556004  0.766447  -0.081706  -0.019046  -0.041306  0.313163  0.162635  -1.969166  1.000000  
71.028565 0.040588  0.005662  0.010138  0.626365  0.481579  0.612983  -0.709529  0.677888  0.192449  -0.322854  -0.555472  0.766300  -0.082266  -0.018863  -0.041293  0.313121  0.158227  -1.978311  1.000000  
71.029822 0.040484  0.005641  0.010088  0.627363  0.480078  0.613140  -0.708011  0.679484  0.192411  -0.324247  -0.554821  0.766184  -0.082644  -0.018653  -0.041249  0.307645  0.147204  -1.993759  1.000000  
71.031059 0.040380  0.005620  0.010038  0.628240  0.478763  0.613271  -0.706652  0.680922  0.192324  -0.325512  -0.554195  0.766101  -0.082991  -0.018405  -0.041334  0.296890  0.130289  -1.980009  1.000000  
71.032064 0.040297  0.005604  0.009998  0.629170  0.477543  0.613267  -0.705356  0.682245  0.192391  -0.326524  -0.553619  0.766087  -0.083049  -0.017968  -0.041332  0.286437  0.125757  -1.982170  1.000000  
71.033309 0.040196  0.005586  0.009945  0.630155  0.476033  0.613431  -0.703830  0.683829  0.192355  -0.327915  -0.552965  0.765965  -0.082872  -0.017445  -0.041519  0.276194  0.106134  -1.978994  1.000000  
71.034558 0.040096  0.005568  0.009892  0.631164  0.474643  0.613471  -0.702334  0.685377  0.192314  -0.329178  -0.552243  0.765943  -0.082660  -0.016961  -0.041691  0.261895  0.093617  -1.970733  1.000000  
71.035575 0.040018  0.005555  0.009850  0.632084  0.473415  0.613472  -0.701032  0.686690  0.192382  -0.330189  -0.551665  0.765925  -0.082082  -0.016314  -0.041627  0.247171  0.089036  -1.964321  1.000000  
71.036807 0.039922  0.005540  0.009797  0.633199  0.471754  0.613603  -0.699368  0.688359  0.192475  -0.331578  -0.551009  0.765797  -0.081644  -0.015565  -0.041562  0.241302  0.076652  -1.964346  1.000000  
71.038056 0.039828  0.005526  0.009746  0.634308  0.470162  0.613678  -0.697701  0.690045  0.192486  -0.332966  -0.550259  0.765734  -0.080956  -0.014942  -0.041406  0.223100  0.064238  -1.956103  1.000000  
71.039056 0.039754  0.005515  0.009705  0.635299  0.468685  0.613783  -0.696195  0.691552  0.192530  -0.334227  -0.549627  0.765638  -0.080332  -0.014437  -0.041194  0.210322  0.048246  -1.952028  1.000000  
71.040321 0.039662  0.005501  0.009657  0.636510  0.466819  0.613950  -0.694358  0.693356  0.192678  -0.335740  -0.548942  0.765468  -0.079453  -0.013954  -0.040845  0.202095  0.035890  -1.949258  1.000000  
71.041568 0.039571  0.005486  0.009609  0.637685  0.464974  0.614132  -0.692484  0.695230  0.192667  -0.337378  -0.548137  0.765325  -0.078655  -0.013677  -0.040565  0.187789  0.012345  -1.948716  1.000000  
71.042806 0.039480  0.005470  0.009561  0.638883  0.463173  0.614247  -0.690640  0.697044  0.192732  -0.338889  -0.547357  0.765215  -0.077993  -0.013516  -0.040390  0.178472  0.000363  -1.948178  1.000000  
71.043808 0.039407  0.005457  0.009524  0.639852  0.461681  0.614362  -0.689122  0.698531  0.192781  -0.340147  -0.546722  0.765111  -0.077257  -0.013299  -0.040272  0.172294  -0.007954  -1.952943  1.000000  
71.045056 0.039317  0.005440  0.009474  0.641148  0.459678  0.614512  -0.687106  0.700482  0.192901  -0.341783  -0.545913  0.764960  -0.076465  -0.013151  -0.040304  0.166636  -0.020234  -1.960092  1.000000  
71.046340 0.039225  0.005422  0.009425  0.642436  0.457744  0.614611  -0.685085  0.702449  0.192937  -0.343417  -0.545010  0.764872  -0.075288  -0.012849  -0.040132  0.157846  -0.033407  -1.965704  1.000000  
71.047564 0.039136  0.005406  0.009376  0.643684  0.455830  0.614728  -0.683026  0.704484  0.192814  -0.345175  -0.543987  0.764809  -0.074726  -0.012710  -0.040102  0.146478  -0.045910  -1.982412  1.000000  
71.048573 0.039065  0.005394  0.009338  0.644879  0.454056  0.614788  -0.681197  0.706213  0.192960  -0.346556  -0.543228  0.764723  -0.073856  -0.012483  -0.039723  0.144820  -0.050564  -1.999182  1.000000  
71.049812 0.038976  0.005380  0.009291  0.646251  0.451985  0.614873  -0.678997  0.708326  0.192967  -0.348313  -0.542202  0.764654  -0.073298  -0.012283  -0.039307  0.135737  -0.059303  -2.020536  1.000000  
71.051059 0.038888  0.005368  0.009246  0.647646  0.449958  0.614892  -0.676827  0.710379  0.193048  -0.349943  -0.541202  0.764618  -0.072760  -0.012098  -0.038742  0.128929  -0.056944  -2.041015  1.000000  
71.052312 0.038797  0.005356  0.009203  0.649032  0.448000  0.614860  -0.674651  0.712446  0.193043  -0.351572  -0.540108  0.764644  -0.072390  -0.011861  -0.038166  0.118102  -0.054748  -2.061420  1.000000  
71.053558 0.038707  0.005344  0.009159  0.650344  0.445935  0.614975  -0.672403  0.714609  0.192892  -0.353450  -0.538958  0.764590  -0.072228  -0.011683  -0.037748  0.109219  -0.058847  -2.093491  1.000000  
71.054806 0.038614  0.005331  0.009115  0.651816  0.443767  0.614985  -0.670050  0.716803  0.192942  -0.355201  -0.537834  0.764570  -0.072288  -0.011716  -0.037363  0.099701  -0.057308  -2.131637  1.000000  
71.055813 0.038539  0.005321  0.009079  0.652933  0.441987  0.615083  -0.668164  0.718564  0.192934  -0.356702  -0.536949  0.764493  -0.072391  -0.011623  -0.037147  0.092661  -0.062065  -2.156305  1.000000  
71.057056 0.038444  0.005306  0.009034  0.654352  0.439756  0.615173  -0.665767  0.720790  0.192912  -0.358576  -0.535795  0.764426  -0.072792  -0.011667  -0.037069  0.087069  -0.059883  -2.192770  1.000000  
71.058306 0.038347  0.005290  0.008988  0.655625  0.437667  0.615308  -0.663500  0.722917  0.192766  -0.360449  -0.534639  0.764354  -0.073136  -0.011651  -0.036985  0.079110  -0.065194  -2.226810  1.000000  
71.059312 0.038267  0.005276  0.008952  0.656615  0.436072  0.615384  -0.661772  0.724515  0.192707  -0.361821  -0.533778  0.764308  -0.073577  -0.011558  -0.036787  0.076355  -0.062905  -2.246374  1.000000  
71.060566 0.038167  0.005259  0.008906  0.657734  0.434122  0.615568  -0.659632  0.726536  0.192436  -0.363692  -0.532620  0.764228  -0.074178  -0.011538  -0.036535  0.070096  -0.071243  -2.271755  1.000000  
71.061810 0.038066  0.005242  0.008860  0.658979  0.432017  0.615718  -0.657353  0.728636  0.192293  -0.365560  -0.531460  0.764144  -0.074946  -0.011558  -0.036348  0.070493  -0.076943  -2.304345  1.000000  
71.063081 0.037964  0.005227  0.008816  0.660013  0.430308  0.615806  -0.655410  0.730451  0.192041  -0.367179  -0.530355  0.764135  -0.075746  -0.011474  -0.036008  0.062024  -0.080042  -2.320734  1.000000  
71.064311 0.037862  0.005214  0.008770  0.661140  0.428469  0.615880  -0.653293  0.732419  0.191757  -0.368921  -0.529128  0.764147  -0.076661  -0.011461  -0.035937  0.055987  -0.086154  -2.347546  1.000000  
71.065311 0.037779  0.005202  0.008735  0.661962  0.427004  0.616014  -0.651685  0.733898  0.191575  -0.370288  -0.528263  0.764085  -0.077540  -0.011547  -0.035900  0.052668  -0.095422  -2.361206  1.000000  
71.066560 0.037675  0.005190  0.008689  0.662939  0.425383  0.616085  -0.649697  0.735787  0.191076  -0.372028  -0.526941  0.764152  -0.078491  -0.011591  -0.035978  0.033758  -0.105338  -2.371869  1.000000  
71.067811 0.037570  0.005177  0.008643  0.663776  0.423908  0.616201  -0.647843  0.737582  0.190450  -0.373766  -0.525618  0.764216  -0.079493  -0.011632  -0.036182  0.016524  -0.119199  -2.378387  1.000000  
71.069060 0.037464  0.005165  0.008595  0.664605  0.422431  0.616322  -0.645986  0.739370  0.189824  -0.375502  -0.524293  0.764274  -0.080455  -0.011616  -0.036400  -0.003042  -0.133142  -2.377002  1.000000  
71.070306 0.037357  0.005152  0.008548  0.665463  0.421076  0.616323  -0.644162  0.741126  0.189179  -0.377114  -0.522903  0.764432  -0.081330  -0.011617  -0.036554  -0.030062  -0.142032  -2.370865  1.000000  
71.071306 0.037270  0.005141  0.008511  0.666123  0.419974  0.616362  -0.642679  0.742559  0.188603  -0.378477  -0.521755  0.764544  -0.082215  -0.011583  -0.036714  -0.051054  -0.149656  -2.368535  1.000000  
71.072566 0.037162  0.005128  0.008465  0.667101  0.418385  0.616385  -0.640712  0.744365  0.188174  -0.380086  -0.520456  0.764631  -0.082940  -0.011384  -0.036652  -0.068285  -0.156062  -2.368187  1.000000  
71.073806 0.037053  0.005114  0.008419  0.667940  0.417021  0.616401  -0.638879  0.746101  0.187529  -0.381694  -0.519064  0.764776  -0.083657  -0.011233  -0.036740  -0.090727  -0.164900  -2.361249  1.000000  
71.074806 0.036966  0.005103  0.008383  0.668584  0.415912  0.616452  -0.637390  0.747518  0.186951  -0.383054  -0.517913  0.764876  -0.084197  -0.011078  -0.036730  -0.114843  -0.176307  -2.353476  1.000000  
71.075808 0.036880  0.005093  0.008347  0.669260  0.414776  0.616483  -0.635934  0.748861  0.186535  -0.384290  -0.516883  0.764953  -0.084461  -0.010817  -0.036621  -0.129525  -0.182381  -2.339148  1.000000  
71.077056 0.036772  0.005079  0.008302  0.669951  0.413558  0.616551  -0.634232  0.750495  0.185761  -0.385895  -0.515488  0.765087  -0.084944  -0.010616  -0.036641  -0.149974  -0.191311  -2.326365  1.000000  
71.078056 0.036686  0.005070  0.008266  0.670618  0.412494  0.616539  -0.632773  0.751851  0.185253  -0.387129  -0.514364  0.765220  -0.085305  -0.010476  -0.036703  -0.168519  -0.197283  -2.310305  1.000000  
71.079059 0.036601  0.005060  0.008229  0.671282  0.411427  0.616530  -0.631312  0.753202  0.184745  -0.388362  -0.513239  0.765350  -0.085459  -0.010404  -0.036735  -0.185817  -0.210784  -2.293370  1.000000  
71.080061 0.036515  0.005051  0.008191  0.671979  0.410333  0.616499  -0.629886  0.754481  0.184398  -0.389472  -0.512236  0.765458  -0.085664  -0.010290  -0.036841  -0.201477  -0.214983  -2.271994  1.000000  
71.081064 0.036430  0.005040  0.008154  0.672672  0.409313  0.616421  -0.628458  0.755778  0.183959  -0.390581  -0.511139  0.765626  -0.085852  -0.010339  -0.036937  -0.220505  -0.217250  -2.254661  1.000000  
71.082065 0.036345  0.005031  0.008116  0.673323  0.408315  0.616372  -0.626992  0.757140  0.183358  -0.391812  -0.509920  0.765810  -0.085909  -0.010259  -0.036978  -0.238186  -0.231061  -2.238337  1.000000  
71.083312 0.036239  0.005018  0.008069  0.674241  0.406847  0.616340  -0.625001  0.758932  0.182744  -0.393412  -0.508427  0.765983  -0.085934  -0.010237  -0.036924  -0.256440  -0.234327  -2.221224  1.000000  
71.084558 0.036131  0.005006  0.008023  0.675061  0.405581  0.616276  -0.623183  0.760587  0.182071  -0.394887  -0.506962  0.766194  -0.086044  -0.010194  -0.036927  -0.280196  -0.244757  -2.193867  1.000000  
71.085564 0.036045  0.004997  0.007988  0.675786  0.404370  0.616278  -0.621537  0.762063  0.181526  -0.396239  -0.505712  0.766323  -0.086035  -0.010156  -0.036659  -0.299134  -0.250975  -2.179604  1.000000  
71.086807 0.035936  0.004985  0.007945  0.676722  0.403092  0.616089  -0.619574  0.763833  0.180793  -0.397713  -0.504059  0.766648  -0.086125  -0.010078  -0.036485  -0.328465  -0.254225  -2.154887  1.000000  
71.087812 0.035848  0.004975  0.007911  0.677347  0.402157  0.616011  -0.618100  0.765192  0.180096  -0.398940  -0.502744  0.766874  -0.086112  -0.009989  -0.036241  -0.347544  -0.256821  -2.137717  1.000000  
71.089056 0.035739  0.004963  0.007870  0.678231  0.400823  0.615909  -0.616097  0.766994  0.179291  -0.400534  -0.501061  0.767144  -0.086178  -0.009842  -0.036042  -0.371788  -0.258100  -2.127146  1.000000  
71.090306 0.035628  0.004951  0.007828  0.679273  0.399302  0.615749  -0.613987  0.768804  0.178775  -0.402005  -0.499499  0.767394  -0.086325  -0.009776  -0.035802  -0.396108  -0.255999  -2.115612  1.000000  
71.091563 0.035516  0.004939  0.007787  0.680267  0.397801  0.615623  -0.611839  0.770672  0.178095  -0.403597  -0.497814  0.767653  -0.086614  -0.009700  -0.035619  -0.420037  -0.255509  -2.102989  1.000000  
71.092809 0.035404  0.004927  0.007747  0.681418  0.396187  0.615390  -0.609583  0.772569  0.177608  -0.405065  -0.496157  0.767952  -0.086906  -0.009715  -0.035153  -0.436845  -0.248311  -2.111663  1.000000  
71.094057 0.035291  0.004914  0.007708  0.682394  0.394679  0.615278  -0.607429  0.774421  0.176926  -0.406655  -0.494470  0.768200  -0.087340  -0.009716  -0.034759  -0.453305  -0.246096  -2.104874  1.000000  
71.095307 0.035175  0.004902  0.007669  0.683403  0.393215  0.615095  -0.605307  0.776220  0.176310  -0.408121  -0.492812  0.768488  -0.088012  -0.009776  -0.034259  -0.472102  -0.242269  -2.105979  1.000000  
71.096329 0.035082  0.004891  0.007639  0.684279  0.391992  0.614902  -0.603574  0.777656  0.175926  -0.409221  -0.491521  0.768730  -0.088393  -0.009733  -0.033567  -0.479981  -0.232219  -2.103119  1.000000  
71.097560 0.034964  0.004878  0.007602  0.685273  0.390522  0.614730  -0.601447  0.779441  0.175307  -0.410685  -0.489861  0.769008  -0.089202  -0.009857  -0.033037  -0.488351  -0.221571  -2.108830  1.000000  
71.098568 0.034868  0.004867  0.007573  0.685972  0.389404  0.614660  -0.599814  0.780829  0.174727  -0.411905  -0.488540  0.769197  -0.089936  -0.009876  -0.032369  -0.495314  -0.217175  -2.109548  1.000000  
71.099813 0.034746  0.004853  0.007538  0.686910  0.387952  0.614530  -0.597646  0.782664  0.173944  -0.413489  -0.486756  0.769478  -0.090948  -0.010030  -0.031663  -0.503320  -0.210515  -2.116878  1.000000  
71.101058 0.034623  0.004839  0.007502  0.687882  0.386619  0.614283  -0.595512  0.784468  0.173131  -0.414950  -0.484907  0.769858  -0.091901  -0.010149  -0.031246  -0.515488  -0.203925  -2.123888  1.000000  
71.102313 0.034498  0.004827  0.007466  0.688803  0.385234  0.614122  -0.593339  0.786307  0.172249  -0.416532  -0.483028  0.770185  -0.093002  -0.010219  -0.030753  -0.534377  -0.204519  -2.128177  1.000000  
71.103557 0.034372  0.004814  0.007430  0.689679  0.384105  0.613846  -0.591378  0.787974  0.171372  -0.417870  -0.481207  0.770600  -0.094139  -0.010236  -0.030357  -0.547521  -0.196276  -2.124953  1.000000  
71.104805 0.034244  0.004801  0.007393  0.690626  0.382687  0.613666  -0.589236  0.789734  0.170649  -0.419328  -0.479449  0.770904  -0.095256  -0.010332  -0.030044  -0.555378  -0.189701  -2.131715  1.000000  
71.105806 0.034141  0.004792  0.007366  0.691289  0.381702  0.613534  -0.587592  0.791126  0.169871  -0.420542  -0.477937  0.771181  -0.096207  -0.010339  -0.029693  -0.570606  -0.189550  -2.136050  1.000000  
71.107056 0.034010  0.004779  0.007332  0.692101  0.380515  0.613355  -0.585588  0.792813  0.168922  -0.421998  -0.476084  0.771532  -0.097488  -0.010389  -0.029280  -0.584467  -0.184302  -2.144878  1.000000  
71.108305 0.033879  0.004766  0.007300  0.692907  0.379250  0.613229  -0.583582  0.794472  0.168067  -0.423453  -0.474324  0.771818  -0.098656  -0.010346  -0.028685  -0.595221  -0.181194  -2.146796  1.000000  
71.109306 0.033773  0.004755  0.007275  0.693596  0.378233  0.613078  -0.581969  0.795785  0.167448  -0.424544  -0.472934  0.772073  -0.099783  -0.010440  -0.028277  -0.602391  -0.177228  -2.148386  1.000000  
71.110306 0.033666  0.004743  0.007250  0.694280  0.377214  0.612932  -0.580354  0.797093  0.166827  -0.425634  -0.471542  0.772323  -0.100598  -0.010567  -0.027933  -0.607810  -0.179854  -2.153885  1.000000  
71.111556 0.033533  0.004729  0.007219  0.694991  0.376080  0.612822  -0.578522  0.798595  0.166006  -0.426965  -0.469904  0.772587  -0.101791  -0.010645  -0.027546  -0.617028  -0.179913  -2.149263  1.000000  
71.112809 0.033398  0.004714  0.007187  0.695859  0.374902  0.612560  -0.576582  0.800148  0.165279  -0.428175  -0.468201  0.772951  -0.102812  -0.010720  -0.027210  -0.623713  -0.169422  -2.146118  1.000000  
71.113813 0.033290  0.004703  0.007160  0.696335  0.374328  0.612369  -0.575286  0.801266  0.164371  -0.429142  -0.466745  0.773296  -0.103652  -0.010714  -0.027024  -0.641953  -0.172939  -2.131503  1.000000  
