1-Time 2-Px 3-Py 4-Pz 5-R11 6-R21 7-R31 8-R12 9-R22 10-R32 11-R13 12-R23 13-R33 14-Vx 15-Vy 16-Vz 17-Wx 18-Wy 19-Wz 20-state
211.371569 0.009366  -0.015737  -0.015089  0.565536  0.798908  0.204732  -0.803515  0.589680  -0.081491  -0.185830  -0.118419  0.975420  -0.000585  -0.000368  0.000051  -0.100684  0.277242  0.117113  1.000000  
211.372574 0.009365  -0.015737  -0.015089  0.565536  0.798908  0.204732  -0.803515  0.589680  -0.081491  -0.185830  -0.118419  0.975420  -0.000953  -0.000215  -0.000475  0.000000  0.000000  0.000000  1.000000  
211.373798 0.009362  -0.015733  -0.015078  0.565536  0.798933  0.204635  -0.803515  0.589670  -0.081563  -0.185830  -0.118301  0.975434  -0.001857  0.001892  0.005536  0.000000  0.000000  0.000000  1.000000  
211.374808 0.009359  -0.015728  -0.015063  0.565521  0.798949  0.204613  -0.803495  0.589673  -0.081741  -0.185962  -0.118179  0.975424  -0.002131  0.003111  0.008610  0.000000  0.000000  0.000000  1.000000  
211.376050 0.009356  -0.015723  -0.015050  0.565521  0.798973  0.204516  -0.803495  0.589663  -0.081812  -0.185962  -0.118061  0.975438  -0.002235  0.003393  0.009106  0.000000  0.000000  0.000000  1.000000  
211.377293 0.009352  -0.015719  -0.015041  0.565521  0.798998  0.204419  -0.803495  0.589654  -0.081884  -0.185962  -0.117943  0.975453  -0.002600  0.003356  0.008711  0.000000  0.000000  0.000000  1.000000  
211.378294 0.009348  -0.015713  -0.015034  0.565356  0.799144  0.204305  -0.803611  0.589479  -0.081998  -0.185962  -0.117824  0.975467  -0.002755  0.003736  0.008328  0.000000  0.000000  0.000000  1.000000  
211.379294 0.009343  -0.015707  -0.015029  0.565356  0.799169  0.204209  -0.803611  0.589469  -0.082069  -0.185962  -0.117706  0.975481  -0.003033  0.004066  0.007892  0.000000  0.000000  0.000000  1.000000  
211.380544 0.009335  -0.015700  -0.015023  0.565356  0.799194  0.204112  -0.803611  0.589459  -0.082141  -0.185962  -0.117588  0.975495  -0.003551  0.004283  0.007513  0.000000  0.000000  0.000000  1.000000  
211.381547 0.009328  -0.015695  -0.015016  0.565356  0.799194  0.204112  -0.803611  0.589459  -0.082141  -0.185962  -0.117588  0.975495  -0.003852  0.004351  0.007478  0.000000  0.000000  0.000000  1.000000  
211.382561 0.009322  -0.015690  -0.015007  0.565191  0.799315  0.204095  -0.803727  0.589295  -0.082183  -0.185962  -0.117588  0.975495  -0.004066  0.004366  0.007593  0.000000  0.000000  0.000000  1.000000  
211.383798 0.009315  -0.015683  -0.014995  0.565191  0.799315  0.204095  -0.803727  0.589295  -0.082183  -0.185962  -0.117588  0.975495  -0.004260  0.004480  0.007799  0.000000  0.000000  0.000000  1.000000  
211.385048 0.009307  -0.015675  -0.014981  0.565191  0.799315  0.204095  -0.803727  0.589295  -0.082183  -0.185962  -0.117588  0.975495  -0.004414  0.004718  0.008090  0.000000  0.000000  0.000000  1.000000  
211.386052 0.009300  -0.015668  -0.014970  0.565191  0.799315  0.204095  -0.803727  0.589295  -0.082183  -0.185962  -0.117588  0.975495  -0.004619  0.004861  0.008352  0.000000  0.000000  0.000000  1.000000  
211.387300 0.009293  -0.015658  -0.014949  0.565025  0.799412  0.204175  -0.803844  0.589140  -0.082153  -0.185962  -0.117706  0.975481  -0.004854  0.005295  0.009379  0.000000  0.000000  0.000000  1.000000  
211.388548 0.009286  -0.015646  -0.014925  0.565011  0.799403  0.204250  -0.803823  0.589153  -0.082260  -0.186093  -0.117703  0.975456  -0.005151  0.005863  0.010388  0.000000  0.000000  0.000000  1.000000  
211.389790 0.009279  -0.015633  -0.014906  0.565011  0.799403  0.204250  -0.803823  0.589153  -0.082260  -0.186093  -0.117703  0.975456  -0.005342  0.006342  0.010474  0.000000  0.000000  0.000000  1.000000  
211.390790 0.009275  -0.015621  -0.014896  0.565011  0.799403  0.204250  -0.803823  0.589153  -0.082260  -0.186093  -0.117703  0.975456  -0.005433  0.006848  0.010432  0.000000  0.000000  0.000000  1.000000  
211.391795 0.009270  -0.015610  -0.014886  0.565011  0.799403  0.204250  -0.803823  0.589153  -0.082260  -0.186093  -0.117703  0.975456  -0.005586  0.007441  0.010622  0.000000  0.000000  0.000000  1.000000  
211.393045 0.009262  -0.015596  -0.014873  0.565025  0.799412  0.204175  -0.803844  0.589140  -0.082153  -0.185962  -0.117706  0.975481  -0.005846  0.007925  0.010962  0.000000  0.000000  0.000000  1.000000  
211.394293 0.009253  -0.015582  -0.014854  0.565025  0.799437  0.204078  -0.803844  0.589130  -0.082225  -0.185962  -0.117588  0.975495  -0.005990  0.008303  0.011696  0.000000  0.000000  0.000000  1.000000  
211.395542 0.009246  -0.015569  -0.014829  0.565191  0.799315  0.204095  -0.803727  0.589295  -0.082183  -0.185962  -0.117588  0.975495  -0.005952  0.008699  0.012895  0.000000  0.000000  0.000000  1.000000  
211.396543 0.009239  -0.015559  -0.014805  0.565205  0.799324  0.204020  -0.803748  0.589282  -0.082076  -0.185830  -0.117591  0.975520  -0.005920  0.009036  0.014067  0.000000  0.000000  0.000000  1.000000  
211.397792 0.009232  -0.015546  -0.014774  0.565219  0.799333  0.203945  -0.803768  0.589269  -0.081969  -0.185699  -0.117594  0.975545  -0.005936  0.009557  0.015361  0.000000  0.000000  0.000000  1.000000  
211.398793 0.009225  -0.015534  -0.014750  0.565233  0.799342  0.203869  -0.803788  0.589256  -0.081862  -0.185567  -0.117597  0.975569  -0.005986  0.009989  0.016312  0.000000  0.000000  0.000000  1.000000  
211.400048 0.009217  -0.015518  -0.014726  0.565248  0.799352  0.203794  -0.803809  0.589243  -0.081755  -0.185436  -0.117600  0.975594  -0.005986  0.010509  0.017117  0.000000  0.000000  0.000000  1.000000  
211.401296 0.009210  -0.015502  -0.014704  0.565427  0.799239  0.203736  -0.803713  0.589395  -0.081607  -0.185304  -0.117603  0.975619  -0.005925  0.010967  0.017494  0.000000  0.000000  0.000000  1.000000  
211.402299 0.009204  -0.015489  -0.014688  0.565427  0.799239  0.203736  -0.803713  0.589395  -0.081607  -0.185304  -0.117603  0.975619  -0.005880  0.011258  0.017358  0.000000  0.000000  0.000000  1.000000  
211.403548 0.009198  -0.015472  -0.014670  0.565442  0.799248  0.203661  -0.803733  0.589382  -0.081500  -0.185173  -0.117606  0.975643  -0.005876  0.011599  0.017006  0.000000  0.000000  0.000000  1.000000  
211.404798 0.009189  -0.015455  -0.014653  0.565442  0.799248  0.203661  -0.803733  0.589382  -0.081500  -0.185173  -0.117606  0.975643  -0.006036  0.011871  0.016956  0.000000  0.000000  0.000000  1.000000  
211.406043 0.009180  -0.015439  -0.014637  0.565470  0.799266  0.203511  -0.803773  0.589356  -0.081286  -0.184910  -0.117611  0.975693  -0.006320  0.011954  0.017103  0.000000  0.000000  0.000000  1.000000  
211.407045 0.009171  -0.015428  -0.014622  0.565319  0.799397  0.203419  -0.803910  0.589179  -0.081222  -0.184778  -0.117614  0.975717  -0.006526  0.011985  0.017614  0.000000  0.000000  0.000000  1.000000  
211.408048 0.009161  -0.015418  -0.014603  0.565333  0.799406  0.203344  -0.803930  0.589166  -0.081115  -0.184647  -0.117617  0.975742  -0.006671  0.011854  0.018051  0.000000  0.000000  0.000000  1.000000  
211.409291 0.009150  -0.015405  -0.014576  0.565362  0.799424  0.203194  -0.803971  0.589140  -0.080901  -0.184384  -0.117623  0.975791  -0.006852  0.011825  0.018553  0.000000  0.000000  0.000000  1.000000  
211.410292 0.009141  -0.015393  -0.014552  0.565376  0.799433  0.203119  -0.803991  0.589127  -0.080794  -0.184252  -0.117626  0.975815  -0.007061  0.011913  0.018785  0.000000  0.000000  0.000000  1.000000  
211.411542 0.009130  -0.015378  -0.014525  0.565239  0.799572  0.202952  -0.804148  0.588937  -0.080623  -0.183989  -0.117632  0.975864  -0.007318  0.012066  0.018637  0.000000  0.000000  0.000000  1.000000  
211.412558 0.009121  -0.015367  -0.014506  0.565267  0.799590  0.202802  -0.804188  0.588911  -0.080409  -0.183726  -0.117638  0.975913  -0.007533  0.012115  0.018142  0.000000  0.000000  0.000000  1.000000  
211.413792 0.009110  -0.015352  -0.014485  0.565309  0.799642  0.202479  -0.804248  0.588863  -0.080160  -0.183332  -0.117528  0.976000  -0.007654  0.012128  0.017686  0.000000  0.000000  0.000000  1.000000  
211.415042 0.009101  -0.015334  -0.014467  0.565186  0.799815  0.202141  -0.804425  0.588650  -0.079952  -0.182937  -0.117419  0.976088  -0.007732  0.012294  0.017284  0.000000  0.000000  0.000000  1.000000  
211.416050 0.009094  -0.015319  -0.014451  0.565228  0.799842  0.201915  -0.804485  0.588611  -0.079632  -0.182542  -0.117428  0.976160  -0.007872  0.012386  0.017109  0.000000  0.000000  0.000000  1.000000  
211.417296 0.009085  -0.015300  -0.014428  0.565119  0.800024  0.201502  -0.804681  0.588386  -0.079317  -0.182016  -0.117321  0.976271  -0.007964  0.012614  0.017381  0.000000  0.000000  0.000000  1.000000  
211.418299 0.009078  -0.015286  -0.014407  0.565160  0.800075  0.201179  -0.804741  0.588337  -0.079068  -0.181622  -0.117211  0.976358  -0.008134  0.012654  0.017861  0.000000  0.000000  0.000000  1.000000  
211.419556 0.009067  -0.015270  -0.014378  0.565051  0.800232  0.200863  -0.804936  0.588121  -0.078682  -0.181095  -0.117223  0.976454  -0.008319  0.012492  0.018614  0.000000  0.000000  0.000000  1.000000  
211.420797 0.009056  -0.015256  -0.014352  0.565106  0.800293  0.200465  -0.805015  0.588061  -0.078325  -0.180569  -0.117116  0.976565  -0.008345  0.012435  0.019259  0.000000  0.000000  0.000000  1.000000  
211.422045 0.009044  -0.015242  -0.014327  0.564996  0.800474  0.200052  -0.805211  0.587835  -0.078010  -0.180042  -0.117009  0.976675  -0.008423  0.012440  0.019740  0.000000  0.000000  0.000000  1.000000  
211.423051 0.009036  -0.015231  -0.014307  0.564885  0.800655  0.199639  -0.805406  0.587610  -0.077694  -0.179516  -0.116902  0.976785  -0.008414  0.012496  0.019755  0.000000  0.000000  0.000000  1.000000  
211.424055 0.009028  -0.015220  -0.014288  0.564788  0.800821  0.199248  -0.805620  0.587381  -0.077200  -0.178858  -0.116916  0.976904  -0.008295  0.012508  0.019519  -0.036099  0.236163  0.069466  1.000000  
211.425299 0.009019  -0.015206  -0.014267  0.564871  0.800899  0.198700  -0.805738  0.587294  -0.076629  -0.178068  -0.116815  0.977060  -0.008087  0.012502  0.018921  -0.041425  0.262184  0.079437  1.000000  
211.426301 0.009014  -0.015194  -0.014252  0.564759  0.801056  0.198384  -0.805932  0.587078  -0.076242  -0.177541  -0.116826  0.977154  -0.007866  0.012475  0.018482  -0.042664  0.274754  0.087799  1.000000  
211.427547 0.009007  -0.015179  -0.014235  0.564675  0.801255  0.197821  -0.806165  0.586827  -0.075711  -0.176751  -0.116724  0.977310  -0.007557  0.012550  0.018110  -0.047972  0.296292  0.097228  1.000000  
211.428549 0.009002  -0.015165  -0.014220  0.564577  0.801420  0.197431  -0.806377  0.586599  -0.075217  -0.176093  -0.116738  0.977427  -0.007314  0.012634  0.017974  -0.049199  0.313340  0.106132  1.000000  
211.429797 0.008997  -0.015148  -0.014197  0.564491  0.801619  0.196868  -0.806609  0.586348  -0.074685  -0.175302  -0.116636  0.977581  -0.007028  0.012584  0.018292  -0.054504  0.334937  0.115580  1.000000  
211.431047 0.008992  -0.015132  -0.014168  0.564419  0.801802  0.196328  -0.806860  0.586093  -0.073976  -0.174380  -0.116656  0.977744  -0.006803  0.012503  0.018874  -0.056484  0.361533  0.131745  1.000000  
211.432054 0.008987  -0.015118  -0.014143  0.564499  0.801879  0.195781  -0.806974  0.586007  -0.073403  -0.173590  -0.116554  0.977897  -0.006643  0.012335  0.019289  -0.060983  0.386833  0.135488  1.000000  
211.433299 0.008981  -0.015102  -0.014110  0.564426  0.802086  0.195143  -0.807223  0.585744  -0.072764  -0.172667  -0.116454  0.978072  -0.006462  0.012234  0.019772  -0.066258  0.412872  0.145460  1.000000  
211.434312 0.008976  -0.015089  -0.014085  0.564505  0.802163  0.194596  -0.807337  0.585659  -0.072192  -0.171876  -0.116352  0.978223  -0.006156  0.012261  0.019842  -0.070265  0.439473  0.148583  1.000000  
211.435545 0.008969  -0.015074  -0.014057  0.564431  0.802370  0.193959  -0.807584  0.585396  -0.071552  -0.170954  -0.116252  0.978397  -0.005923  0.012307  0.020015  -0.074931  0.461820  0.157291  1.000000  
211.436554 0.008965  -0.015061  -0.014036  0.564356  0.802576  0.193322  -0.807831  0.585133  -0.070911  -0.170031  -0.116152  0.978569  -0.005569  0.012430  0.020029  -0.079548  0.492287  0.161729  1.000000  
211.437797 0.008959  -0.015045  -0.014011  0.564307  0.802800  0.192535  -0.808115  0.584844  -0.070056  -0.168844  -0.116058  0.978786  -0.005284  0.012616  0.020079  -0.084807  0.522958  0.172282  1.000000  
211.439044 0.008953  -0.015029  -0.013984  0.564244  0.803015  0.191824  -0.808379  0.584569  -0.069307  -0.167789  -0.115960  0.978979  -0.004980  0.012745  0.020250  -0.090020  0.548891  0.182209  1.000000  
211.440080 0.008950  -0.015015  -0.013961  0.564167  0.803221  0.191187  -0.808623  0.584306  -0.068666  -0.166865  -0.115860  0.979149  -0.004669  0.012908  0.020731  -0.095128  0.574155  0.191907  1.000000  
211.441292 0.008946  -0.014997  -0.013929  0.564115  0.803421  0.190499  -0.808904  0.584026  -0.067738  -0.165678  -0.115883  0.979348  -0.004542  0.013167  0.021552  -0.094374  0.601137  0.194283  1.000000  
211.442292 0.008942  -0.014982  -0.013904  0.564037  0.803626  0.189863  -0.809147  0.583763  -0.067095  -0.164754  -0.115783  0.979515  -0.004437  0.013299  0.022259  -0.100432  0.628073  0.205439  1.000000  
211.443544 0.008937  -0.014965  -0.013872  0.563829  0.803955  0.189086  -0.809559  0.583305  -0.066098  -0.163434  -0.115808  0.979733  -0.004363  0.013325  0.023186  -0.098577  0.657318  0.222550  1.000000  
211.444792 0.008930  -0.014949  -0.013838  0.563608  0.804275  0.188385  -0.809952  0.582860  -0.065207  -0.162246  -0.115831  0.979928  -0.004465  0.013282  0.023903  -0.095588  0.683376  0.232515  1.000000  
211.445792 0.008926  -0.014936  -0.013811  0.563527  0.804456  0.187847  -0.810193  0.582605  -0.064492  -0.161322  -0.115849  0.980079  -0.004467  0.013273  0.024283  -0.096704  0.700621  0.241497  1.000000  
211.447042 0.008919  -0.014918  -0.013779  0.563316  0.804785  0.187072  -0.810601  0.582147  -0.063493  -0.160002  -0.115875  0.980292  -0.004518  0.013333  0.024295  -0.093648  0.726520  0.251410  1.000000  
211.448048 0.008914  -0.014904  -0.013755  0.563092  0.805127  0.186275  -0.810991  0.581693  -0.062671  -0.158813  -0.115778  0.980497  -0.004551  0.013437  0.024087  -0.099142  0.749979  0.266451  1.000000  
211.449292 0.008906  -0.014888  -0.013726  0.562891  0.805463  0.185427  -0.811414  0.581221  -0.061561  -0.157359  -0.115805  0.980728  -0.004693  0.013472  0.024010  -0.097237  0.779333  0.283539  1.000000  
211.450553 0.008898  -0.014871  -0.013697  0.562700  0.805808  0.184504  -0.811852  0.580737  -0.060343  -0.155774  -0.115835  0.980977  -0.004747  0.013531  0.023972  -0.094887  0.816044  0.296294  1.000000  
211.451557 0.008892  -0.014857  -0.013673  0.562484  0.806136  0.183732  -0.812254  0.580277  -0.059340  -0.154452  -0.115859  0.981184  -0.004845  0.013762  0.024467  -0.091784  0.846394  0.306724  1.000000  
211.452807 0.008883  -0.014839  -0.013637  0.562122  0.806600  0.182799  -0.812804  0.579626  -0.058158  -0.152865  -0.115888  0.981429  -0.004984  0.013762  0.024983  -0.093128  0.873577  0.322008  1.000000  
211.453921 0.008878  -0.014824  -0.013604  0.561915  0.806935  0.181954  -0.813220  0.579154  -0.057045  -0.151411  -0.115914  0.981651  -0.005069  0.013770  0.025514  -0.090360  0.898802  0.332781  1.000000  
211.455045 0.008871  -0.014804  -0.013562  0.561561  0.807429  0.180851  -0.813782  0.578483  -0.055822  -0.149691  -0.115826  0.981925  -0.005313  0.014091  0.026657  -0.093094  0.932431  0.356185  1.000000  
211.456300 0.008864  -0.014784  -0.013521  0.561228  0.807918  0.179698  -0.814375  0.577793  -0.054310  -0.147706  -0.115861  0.982221  -0.005504  0.014134  0.027302  -0.094975  0.970600  0.374391  1.000000  
211.457543 0.008856  -0.014765  -0.013481  0.560892  0.808407  0.178547  -0.814964  0.577102  -0.052797  -0.145721  -0.115895  0.982514  -0.005692  0.014262  0.027856  -0.092794  1.008997  0.392620  1.000000  
211.458795 0.008849  -0.014744  -0.013446  0.560553  0.808895  0.177397  -0.815549  0.576411  -0.051282  -0.143735  -0.115929  0.982802  -0.005734  0.014578  0.028032  -0.094594  1.047104  0.410811  1.000000  
211.460047 0.008841  -0.014725  -0.013411  0.560211  0.809382  0.176249  -0.816132  0.575719  -0.049765  -0.141749  -0.115963  0.983087  -0.005868  0.014791  0.028058  -0.093060  1.085550  0.431541  1.000000  
211.461292 0.008835  -0.014705  -0.013377  0.559720  0.809984  0.175042  -0.816857  0.574841  -0.047996  -0.139497  -0.116120  0.983390  -0.005928  0.014926  0.028153  -0.087000  1.127368  0.454562  1.000000  
211.462295 0.008828  -0.014690  -0.013349  0.559362  0.810462  0.173972  -0.817416  0.574161  -0.046584  -0.137642  -0.116150  0.983648  -0.006002  0.015003  0.028262  -0.089772  1.160327  0.479003  1.000000  
211.463541 0.008819  -0.014672  -0.013314  0.559042  0.810953  0.172704  -0.818033  0.573435  -0.044665  -0.135256  -0.116308  0.983960  -0.006124  0.015044  0.028608  -0.083243  1.207598  0.498406  1.000000  
211.464542 0.008811  -0.014658  -0.013285  0.558689  0.811439  0.171563  -0.818601  0.572741  -0.043140  -0.133267  -0.116340  0.984228  -0.006178  0.015106  0.029134  -0.080797  1.245883  0.516609  1.000000  
211.465542 0.008804  -0.014644  -0.013254  0.558332  0.811903  0.170522  -0.819165  0.572052  -0.041545  -0.131278  -0.116490  0.984478  -0.006264  0.015179  0.029566  -0.075305  1.283278  0.541602  1.000000  
211.466792 0.008797  -0.014624  -0.013214  0.557853  0.812549  0.169006  -0.819912  0.571125  -0.039507  -0.128625  -0.116531  0.984823  -0.006219  0.015314  0.030072  -0.072844  1.335636  0.563091  1.000000  
211.467811 0.008791  -0.014609  -0.013182  0.557510  0.813031  0.167821  -0.820496  0.570408  -0.037689  -0.126369  -0.116685  0.985097  -0.006197  0.015359  0.030327  -0.066341  1.379306  0.583700  1.000000  
211.469045 0.008784  -0.014589  -0.013141  0.557040  0.813673  0.166261  -0.821259  0.569459  -0.035358  -0.123448  -0.116848  0.985448  -0.006179  0.015419  0.030268  -0.060373  1.435524  0.611360  1.000000  
211.470047 0.008779  -0.014573  -0.013110  0.556680  0.814165  0.165056  -0.821820  0.568749  -0.033713  -0.121323  -0.116878  0.985708  -0.006124  0.015429  0.030052  -0.058258  1.471754  0.633067  1.000000  
211.471056 0.008774  -0.014556  -0.013081  0.556165  0.814771  0.163797  -0.822518  0.567849  -0.031814  -0.118932  -0.117032  0.985981  -0.006103  0.015479  0.029790  -0.056701  1.519350  0.662692  1.000000  
211.472304 0.008767  -0.014535  -0.013045  0.555681  0.815431  0.162146  -0.823262  0.566892  -0.029542  -0.116009  -0.117073  0.986324  -0.006012  0.015589  0.029520  -0.053574  1.575781  0.683216  1.000000  
211.473546 0.008762  -0.014514  -0.013008  0.555217  0.816116  0.160278  -0.824037  0.565896  -0.026939  -0.112686  -0.117118  0.986704  -0.005933  0.015641  0.029642  -0.055333  1.645206  0.712439  1.000000  
211.474792 0.008755  -0.014493  -0.012970  0.554737  0.816773  0.158586  -0.824790  0.564914  -0.024373  -0.109495  -0.117280  0.987044  -0.005879  0.015716  0.029870  -0.052016  1.710895  0.734419  1.000000  
211.475795 0.008749  -0.014477  -0.012936  0.554389  0.817296  0.157098  -0.825372  0.564149  -0.022278  -0.106835  -0.117314  0.987332  -0.005906  0.015727  0.030350  -0.051945  1.763320  0.747572  1.000000  
211.477042 0.008740  -0.014458  -0.012892  0.553920  0.817997  0.155093  -0.826144  0.563124  -0.019444  -0.103242  -0.117359  0.987708  -0.005935  0.015744  0.031027  -0.052448  1.837806  0.770464  1.000000  
211.478042 0.008734  -0.014443  -0.012857  0.553569  0.818509  0.153636  -0.826723  0.562347  -0.017166  -0.100447  -0.117512  0.987978  -0.005927  0.015757  0.031417  -0.044702  1.883417  0.785273  1.000000  
211.479292 0.008726  -0.014423  -0.012814  0.553079  0.819181  0.151811  -0.827465  0.561334  -0.014366  -0.096985  -0.117673  0.988305  -0.005811  0.015888  0.031851  -0.041017  1.947786  0.806805  1.000000  
211.480292 0.008720  -0.014408  -0.012781  0.552710  0.819702  0.150334  -0.828019  0.560566  -0.012260  -0.094321  -0.117703  0.988559  -0.005712  0.015946  0.032081  -0.041009  1.999800  0.825107  1.000000  
211.481545 0.008713  -0.014389  -0.012741  0.552220  0.820390  0.148369  -0.828762  0.559525  -0.009233  -0.090591  -0.117864  0.988889  -0.005667  0.015962  0.032094  -0.036840  2.061333  0.841589  1.000000  
211.482794 0.008706  -0.014369  -0.012703  0.551551  0.821192  0.146408  -0.829607  0.558313  -0.006233  -0.086860  -0.118023  0.989205  -0.005634  0.015969  0.031961  -0.032859  2.130583  0.863884  1.000000  
211.484045 0.008700  -0.014349  -0.012665  0.551043  0.821879  0.144453  -0.830326  0.557269  -0.003197  -0.083127  -0.118181  0.989507  -0.005578  0.015969  0.031725  -0.023982  2.200459  0.884232  1.000000  
211.485050 0.008695  -0.014334  -0.012635  0.550498  0.822521  0.142868  -0.830989  0.556289  -0.000710  -0.080060  -0.118331  0.989742  -0.005605  0.015902  0.031730  -0.019288  2.252465  0.897447  1.000000  
211.486050 0.008690  -0.014318  -0.012604  0.550118  0.823048  0.141286  -0.831530  0.555477  0.001810  -0.076992  -0.118479  0.989967  -0.005544  0.015864  0.031856  -0.014532  2.301202  0.910621  1.000000  
211.487297 0.008684  -0.014301  -0.012563  0.549610  0.823768  0.139052  -0.832250  0.554375  0.005298  -0.072722  -0.118638  0.990271  -0.005585  0.015632  0.032177  -0.009224  2.375922  0.926728  1.000000  
211.488304 0.008678  -0.014286  -0.012528  0.549055  0.824426  0.137333  -0.832901  0.553364  0.008017  -0.069386  -0.118786  0.990493  -0.005683  0.015417  0.032530  -0.004306  2.432400  0.940525  1.000000  
211.489548 0.008670  -0.014269  -0.012482  0.548527  0.825145  0.135108  -0.833594  0.552258  0.011514  -0.065114  -0.118941  0.990764  -0.005733  0.015184  0.033079  0.001081  2.507878  0.956946  1.000000  
211.490566 0.008664  -0.014254  -0.012444  0.547957  0.825802  0.133398  -0.834222  0.551244  0.014240  -0.061776  -0.119086  0.990960  -0.005712  0.015078  0.033285  0.002039  2.558860  0.970023  1.000000  
211.491803 0.008656  -0.014237  -0.012399  0.547410  0.826519  0.131183  -0.834887  0.550136  0.017745  -0.057502  -0.119237  0.991199  -0.005728  0.014961  0.033408  0.007600  2.626138  0.985684  1.000000  
211.493047 0.008649  -0.014220  -0.012355  0.546676  0.827340  0.129050  -0.835642  0.548868  0.021118  -0.053360  -0.119384  0.991413  -0.005645  0.014873  0.033401  0.009134  2.683693  1.000165  1.000000  
211.494050 0.008643  -0.014206  -0.012321  0.546090  0.828012  0.127210  -0.836248  0.547822  0.024077  -0.049753  -0.119527  0.991584  -0.005628  0.014717  0.033387  0.013581  2.726632  1.013884  1.000000  
211.495298 0.008636  -0.014188  -0.012281  0.545171  0.828946  0.125051  -0.837098  0.546350  0.027721  -0.045342  -0.119793  0.991763  -0.005594  0.014613  0.033348  0.019076  2.796163  1.042464  1.000000  
211.496301 0.008631  -0.014175  -0.012246  0.544570  0.829625  0.123149  -0.837683  0.545287  0.030800  -0.041599  -0.119933  0.991910  -0.005567  0.014510  0.033536  0.024623  2.848515  1.055959  1.000000  
211.497548 0.008626  -0.014157  -0.012203  0.543808  0.830462  0.120854  -0.838397  0.543954  0.034702  -0.036920  -0.120195  0.992064  -0.005471  0.014398  0.033859  0.029791  2.903876  1.071484  1.000000  
211.498798 0.008620  -0.014140  -0.012158  0.542855  0.831393  0.118719  -0.839197  0.542472  0.038363  -0.032507  -0.120454  0.992186  -0.005456  0.014163  0.034373  0.036426  2.957886  1.091635  1.000000  
211.499799 0.008614  -0.014128  -0.012121  0.542224  0.832047  0.117008  -0.839737  0.541412  0.041408  -0.028896  -0.120709  0.992267  -0.005459  0.014008  0.034745  0.046155  3.006061  1.104929  1.000000  
211.500808 0.008609  -0.014115  -0.012084  0.541414  0.832821  0.115240  -0.840380  0.540164  0.044544  -0.025151  -0.120962  0.992339  -0.005525  0.013734  0.035202  0.052000  3.049659  1.117876  1.000000  
211.502049 0.008601  -0.014101  -0.012038  0.540609  0.833659  0.112932  -0.841031  0.538785  0.048754  -0.020202  -0.121336  0.992406  -0.005583  0.013517  0.035594  0.066705  3.116335  1.133851  1.000000  
211.503051 0.008595  -0.014090  -0.012003  0.539956  0.834339  0.111023  -0.841538  0.537676  0.052144  -0.016189  -0.121586  0.992449  -0.005618  0.013285  0.035616  0.076897  3.159027  1.146294  1.000000  
211.504297 0.008588  -0.014077  -0.011960  0.538952  0.835279  0.108815  -0.842260  0.536131  0.056229  -0.011373  -0.121955  0.992470  -0.005554  0.013014  0.035434  0.091318  3.210638  1.167235  1.000000  
211.505299 0.008583  -0.014066  -0.011926  0.538279  0.835966  0.106848  -0.842736  0.535002  0.059738  -0.007225  -0.122201  0.992479  -0.005471  0.012801  0.035239  0.097623  3.258436  1.180697  1.000000  
211.506300 0.008578  -0.014055  -0.011893  0.537596  0.836641  0.104989  -0.843197  0.533863  0.063315  -0.003077  -0.122564  0.992456  -0.005420  0.012617  0.034886  0.112176  3.301893  1.193677  1.000000  
211.507301 0.008573  -0.014044  -0.011861  0.536730  0.837438  0.103048  -0.843753  0.532557  0.066810  0.001070  -0.122806  0.992430  -0.005317  0.012363  0.034600  0.118298  3.344968  1.213695  1.000000  
211.508542 0.008567  -0.014031  -0.011820  0.535851  0.838284  0.100718  -0.844290  0.531141  0.071157  0.006155  -0.123164  0.992367  -0.005233  0.012152  0.034582  0.132271  3.392048  1.220582  1.000000  
211.509792 0.008562  -0.014017  -0.011777  0.534785  0.839217  0.098585  -0.844915  0.529554  0.075441  0.011105  -0.123641  0.992265  -0.005160  0.011867  0.034645  0.147176  3.438465  1.241239  1.000000  
211.511042 0.008556  -0.014004  -0.011731  0.533877  0.840071  0.096204  -0.845405  0.528115  0.079909  0.016323  -0.123993  0.992149  -0.005078  0.011638  0.034916  0.158594  3.490480  1.255541  1.000000  
211.512048 0.008552  -0.013993  -0.011694  0.533140  0.840746  0.094381  -0.845779  0.526958  0.083503  0.020470  -0.124344  0.992028  -0.005038  0.011382  0.035118  0.171310  3.532075  1.268414  1.000000  
211.513292 0.008547  -0.013981  -0.011647  0.532025  0.841724  0.091926  -0.846327  0.525285  0.088360  0.026088  -0.124809  0.991838  -0.004998  0.011067  0.035277  0.184939  3.589026  1.290604  1.000000  
211.514292 0.008543  -0.013971  -0.011611  0.531264  0.842396  0.090150  -0.846662  0.524094  0.092136  0.030368  -0.125275  0.991657  -0.004939  0.010869  0.035276  0.200208  3.629405  1.297023  1.000000  
211.515542 0.008537  -0.013959  -0.011568  0.530296  0.843247  0.087870  -0.847054  0.522585  0.096971  0.035850  -0.125854  0.991401  -0.004892  0.010624  0.035087  0.220146  3.680837  1.311685  1.000000  
211.516542 0.008532  -0.013951  -0.011535  0.529509  0.843930  0.086040  -0.847348  0.521371  0.100863  0.040263  -0.126314  0.991173  -0.004836  0.010432  0.034709  0.235589  3.726948  1.319142  1.000000  
211.517555 0.008527  -0.013942  -0.011503  0.528709  0.844622  0.084147  -0.847620  0.520137  0.104870  0.044808  -0.126770  0.990920  -0.004764  0.010256  0.034463  0.253317  3.762777  1.331114  1.000000  
211.518798 0.008521  -0.013932  -0.011464  0.527865  0.845386  0.081733  -0.847822  0.518756  0.109954  0.050554  -0.127336  0.990570  -0.004680  0.010072  0.034215  0.271310  3.806664  1.338082  1.000000  
211.519801 0.008516  -0.013924  -0.011431  0.527036  0.846080  0.079888  -0.848046  0.517484  0.114140  0.055231  -0.127905  0.990247  -0.004649  0.009864  0.034093  0.293672  3.856148  1.345854  1.000000  
211.520833 0.008510  -0.013916  -0.011398  0.526375  0.846659  0.078097  -0.848149  0.516395  0.118231  0.059772  -0.128472  0.989910  -0.004642  0.009644  0.034053  0.313124  3.888791  1.343685  1.000000  
211.522045 0.008505  -0.013905  -0.011357  0.525316  0.847515  0.075908  -0.848392  0.514820  0.123254  0.065381  -0.129147  0.989468  -0.004645  0.009432  0.034100  0.338935  3.933863  1.358502  1.000000  
211.523051 0.008500  -0.013898  -0.011322  0.524625  0.848097  0.074165  -0.848446  0.513690  0.127522  0.070053  -0.129826  0.989059  -0.004600  0.009189  0.034296  0.361697  3.979945  1.359274  1.000000  
211.524294 0.008495  -0.013888  -0.011279  0.523521  0.848983  0.071788  -0.848611  0.512055  0.132885  0.076058  -0.130488  0.988528  -0.004623  0.008942  0.034355  0.387600  4.030800  1.368173  1.000000  
211.525543 0.008488  -0.013878  -0.011236  0.522741  0.849670  0.069298  -0.848520  0.510746  0.138391  0.082193  -0.131143  0.987950  -0.004650  0.008760  0.034278  0.407443  4.086026  1.355485  1.000000  
211.526792 0.008482  -0.013867  -0.011194  0.521780  0.850438  0.067088  -0.848523  0.509267  0.143720  0.088059  -0.131916  0.987342  -0.004729  0.008525  0.033968  0.431853  4.126034  1.355906  1.000000  
211.528049 0.008476  -0.013858  -0.011152  0.520794  0.851210  0.064923  -0.848485  0.507745  0.149222  0.094055  -0.132800  0.986670  -0.004775  0.008311  0.033541  0.463915  4.183970  1.351674  1.000000  
211.529292 0.008470  -0.013849  -0.011112  0.519950  0.851907  0.062497  -0.848286  0.506376  0.154901  0.100314  -0.133556  0.985951  -0.004843  0.008127  0.033244  0.484153  4.239542  1.347706  1.000000  
211.530292 0.008464  -0.013842  -0.011079  0.519153  0.852523  0.060700  -0.848161  0.505136  0.159565  0.105371  -0.134323  0.985319  -0.004906  0.007989  0.033129  0.507206  4.283951  1.341720  1.000000  
211.531542 0.008457  -0.013832  -0.011038  0.518099  0.853323  0.058431  -0.848006  0.503553  0.165290  0.111623  -0.135186  0.984513  -0.004999  0.007897  0.033180  0.531379  4.332322  1.343824  1.000000  
211.532794 0.008448  -0.013823  -0.010994  0.517208  0.854012  0.056207  -0.847723  0.502150  0.170912  0.117737  -0.136044  0.983682  -0.005150  0.007791  0.033409  0.555352  4.369667  1.337850  1.000000  
211.534043 0.008440  -0.013814  -0.010949  0.516271  0.854734  0.053787  -0.847365  0.500690  0.176868  0.124245  -0.136890  0.982764  -0.005277  0.007718  0.033755  0.582595  4.428000  1.327096  1.000000  
211.535050 0.008433  -0.013806  -0.010911  0.515404  0.855371  0.051958  -0.847118  0.499398  0.181639  0.129421  -0.137632  0.981992  -0.005448  0.007696  0.034115  0.606691  4.470105  1.327437  1.000000  
211.536195 0.008425  -0.013799  -0.010875  0.514706  0.855891  0.050271  -0.846757  0.498267  0.186366  0.134461  -0.138491  0.981193  -0.005545  0.007552  0.034000  0.626460  4.480516  1.314260  1.000000  
211.537298 0.008417  -0.013789  -0.010830  0.513725  0.856608  0.048053  -0.846319  0.496769  0.192262  0.140822  -0.139438  0.980166  -0.005798  0.007565  0.034551  0.655342  4.541374  1.308934  1.000000  
211.538301 0.008410  -0.013782  -0.010794  0.512814  0.857247  0.046353  -0.845996  0.495427  0.197085  0.145986  -0.140283  0.979290  -0.005932  0.007574  0.034612  0.683522  4.583299  1.309148  1.000000  
211.539549 0.008401  -0.013773  -0.010751  0.511774  0.857991  0.044021  -0.845459  0.493873  0.203197  0.152601  -0.141209  0.978148  -0.006184  0.007510  0.034636  0.706189  4.643226  1.299796  1.000000  
211.540571 0.008394  -0.013764  -0.010717  0.511018  0.858525  0.042365  -0.844994  0.492704  0.207911  0.157624  -0.142045  0.977230  -0.006277  0.007544  0.034562  0.727827  4.671690  1.292149  1.000000  
211.541796 0.008385  -0.013754  -0.010673  0.510113  0.859166  0.040218  -0.844283  0.491252  0.214142  0.164226  -0.143192  0.975974  -0.006506  0.007520  0.034737  0.763166  4.727727  1.283408  1.000000  
211.543042 0.008376  -0.013745  -0.010629  0.509013  0.859914  0.038127  -0.843639  0.489608  0.220358  0.170822  -0.144330  0.974674  -0.006698  0.007506  0.034867  0.793435  4.764727  1.271648  1.000000  
211.544049 0.008368  -0.013738  -0.010593  0.508360  0.860374  0.036419  -0.842948  0.488525  0.225348  0.176093  -0.145257  0.973597  -0.006927  0.007494  0.035146  0.814392  4.801192  1.259278  1.000000  
211.545292 0.008358  -0.013729  -0.010548  0.507232  0.861118  0.034520  -0.842255  0.486841  0.231499  0.182542  -0.146499  0.972222  -0.007107  0.007470  0.035428  0.845087  4.838521  1.255439  1.000000  
211.546292 0.008350  -0.013722  -0.010509  0.506535  0.861597  0.032759  -0.841489  0.485718  0.236590  0.187933  -0.147407  0.971057  -0.007262  0.007502  0.035855  0.863201  4.869986  1.244570  1.000000  
211.547324 0.008341  -0.013714  -0.010470  0.505663  0.862166  0.031225  -0.840823  0.484395  0.241615  0.193187  -0.148431  0.969870  -0.007320  0.007560  0.036052  0.890831  4.900534  1.236631  1.000000  
211.548542 0.008331  -0.013704  -0.010422  0.504653  0.862824  0.029308  -0.839928  0.482846  0.247752  0.199616  -0.149646  0.968380  -0.007440  0.007609  0.036382  0.918560  4.929999  1.234386  1.000000  
211.549543 0.008323  -0.013695  -0.010384  0.503909  0.863310  0.027778  -0.839080  0.481628  0.252941  0.204988  -0.150767  0.967083  -0.007523  0.007697  0.036514  0.942809  4.958360  1.222404  1.000000  
211.550555 0.008315  -0.013686  -0.010345  0.503164  0.863793  0.026215  -0.838231  0.480446  0.257953  0.210223  -0.151767  0.965802  -0.007589  0.007777  0.036469  0.967764  4.992047  1.215720  1.000000  
211.551560 0.008308  -0.013677  -0.010308  0.502563  0.864189  0.024643  -0.837230  0.479382  0.263133  0.215583  -0.152873  0.964445  -0.007654  0.007905  0.036692  0.989403  5.019105  1.195903  1.000000  
211.552810 0.008298  -0.013666  -0.010263  0.501653  0.864768  0.022810  -0.836103  0.477921  0.269300  0.221980  -0.154167  0.962786  -0.007712  0.007977  0.036587  1.013753  5.048059  1.185300  1.000000  
211.553896 0.008290  -0.013657  -0.010226  0.500863  0.865263  0.021372  -0.835176  0.476670  0.274348  0.227196  -0.155260  0.961393  -0.007694  0.008025  0.036504  1.034005  5.056409  1.169166  1.000000  
211.555046 0.008280  -0.013646  -0.010178  0.500070  0.865765  0.019537  -0.833854  0.475304  0.280667  0.233706  -0.156644  0.959606  -0.007855  0.008182  0.037082  1.068311  5.088966  1.153636  1.000000  
211.556443 0.008270  -0.013635  -0.010129  0.499083  0.866370  0.017873  -0.832597  0.473707  0.287027  0.240205  -0.158131  0.957756  -0.007910  0.008179  0.037069  1.095650  5.091068  1.144846  1.000000  
211.557542 0.008258  -0.013625  -0.010079  0.498263  0.866874  0.016224  -0.831228  0.472285  0.293268  0.246564  -0.159611  0.955893  -0.008097  0.008292  0.037903  1.127029  5.133534  1.135794  1.000000  
211.558542 0.008249  -0.013616  -0.010040  0.497577  0.867292  0.014858  -0.830085  0.471119  0.298339  0.251747  -0.160780  0.954344  -0.008163  0.008424  0.038188  1.149488  5.153209  1.123736  1.000000  
211.559542 0.008240  -0.013608  -0.010001  0.497048  0.867617  0.013540  -0.828815  0.470083  0.303461  0.256923  -0.162057  0.952748  -0.008247  0.008447  0.038271  1.179249  5.164340  1.099907  1.000000  
211.560543 0.008232  -0.013598  -0.009963  0.496370  0.868022  0.012419  -0.827684  0.468891  0.308352  0.261833  -0.163336  0.951191  -0.008263  0.008607  0.038288  1.201303  5.165895  1.085645  1.000000  
211.561792 0.008222  -0.013587  -0.009916  0.495646  0.868457  0.010835  -0.826092  0.467542  0.314605  0.268155  -0.164884  0.949161  -0.008276  0.008680  0.038279  1.230466  5.182402  1.068132  1.000000  
211.562795 0.008213  -0.013579  -0.009880  0.494920  0.868884  0.009765  -0.824881  0.466263  0.319642  0.273178  -0.166252  0.947488  -0.008225  0.008778  0.038024  1.259965  5.187560  1.054482  1.000000  
211.564044 0.008203  -0.013567  -0.009834  0.494326  0.869237  0.008230  -0.823124  0.465016  0.325925  0.279479  -0.167888  0.945360  -0.008283  0.008846  0.037853  1.287352  5.197072  1.029836  1.000000  
211.565291 0.008193  -0.013555  -0.009789  0.493640  0.869638  0.006987  -0.821597  0.463706  0.331594  0.285127  -0.169429  0.943396  -0.008301  0.008925  0.037691  1.309824  5.177921  1.011896  1.000000  
211.566292 0.008185  -0.013545  -0.009753  0.493096  0.869954  0.006057  -0.820309  0.462616  0.336273  0.289740  -0.170784  0.941745  -0.008297  0.008989  0.037697  1.339342  5.182737  0.994372  1.000000  
211.567297 0.008177  -0.013535  -0.009716  0.492647  0.870215  0.004865  -0.818799  0.461632  0.341268  0.294731  -0.172108  0.939954  -0.008341  0.009038  0.037661  1.351977  5.174575  0.970516  1.000000  
211.568548 0.008166  -0.013523  -0.009669  0.491767  0.870721  0.003286  -0.816956  0.460090  0.347708  0.301245  -0.173675  0.937597  -0.008375  0.009072  0.037759  1.376767  5.186032  0.948442  1.000000  
211.569550 0.008157  -0.013514  -0.009630  0.491328  0.870972  0.002228  -0.815466  0.459115  0.352462  0.305961  -0.174991  0.935824  -0.008452  0.009034  0.037822  1.399227  5.175462  0.926043  1.000000  
211.570811 0.008147  -0.013503  -0.009583  0.490617  0.871375  0.000926  -0.813528  0.457666  0.358767  0.312197  -0.176770  0.933427  -0.008387  0.009103  0.037609  1.423421  5.181690  0.902549  1.000000  
211.572047 0.008137  -0.013491  -0.009538  0.490117  0.871657  -0.000254  -0.811565  0.456434  0.364733  0.318038  -0.178556  0.931112  -0.008426  0.009154  0.037367  1.452406  5.165563  0.875086  1.000000  
211.573056 0.008128  -0.013482  -0.009502  0.489653  0.871917  -0.001136  -0.810043  0.455387  0.369397  0.322601  -0.179956  0.929271  -0.008396  0.009197  0.037080  1.469338  5.148903  0.852758  1.000000  
211.574063 0.008120  -0.013472  -0.009468  0.489154  0.872196  -0.001869  -0.808465  0.454213  0.374267  0.327283  -0.181563  0.927319  -0.008286  0.009289  0.036749  1.494667  5.143013  0.832943  1.000000  
211.575292 0.008111  -0.013460  -0.009426  0.488553  0.872529  -0.003066  -0.806348  0.452834  0.380453  0.333344  -0.183399  0.924795  -0.008181  0.009389  0.036436  1.518689  5.141020  0.808970  1.000000  
211.576294 0.008104  -0.013451  -0.009393  0.488000  0.872834  -0.003965  -0.804687  0.451650  0.385346  0.338134  -0.184859  0.922764  -0.008142  0.009423  0.036118  1.539306  5.135240  0.788963  1.000000  
211.577544 0.008095  -0.013439  -0.009351  0.487432  0.873148  -0.004859  -0.802631  0.450243  0.391235  0.343794  -0.186800  0.920278  -0.008014  0.009469  0.035835  1.566017  5.113443  0.761965  1.000000  
211.578792 0.008087  -0.013427  -0.009308  0.487008  0.873378  -0.005940  -0.800446  0.449040  0.397050  0.349441  -0.188612  0.917778  -0.007909  0.009452  0.035661  1.584076  5.104664  0.737329  1.000000  
211.579792 0.008081  -0.013418  -0.009275  0.486407  0.873707  -0.006726  -0.798718  0.447754  0.401953  0.354201  -0.190140  0.915636  -0.007757  0.009426  0.035478  1.600606  5.095460  0.725250  1.000000  
211.581042 0.008074  -0.013407  -0.009232  0.485844  0.874010  -0.007848  -0.796318  0.446322  0.408258  0.360324  -0.192101  0.912833  -0.007586  0.009347  0.035319  1.622312  5.097255  0.703852  1.000000  
211.582042 0.008068  -0.013398  -0.009199  0.485426  0.874236  -0.008587  -0.794527  0.445223  0.412920  0.364813  -0.193619  0.910727  -0.007403  0.009254  0.035045  1.641273  5.078580  0.682589  1.000000  
211.583292 0.008062  -0.013387  -0.009158  0.484709  0.874625  -0.009387  -0.792255  0.443558  0.419033  0.370661  -0.195672  0.907922  -0.007032  0.009198  0.034664  1.667398  5.071914  0.666905  1.000000  
211.584312 0.008058  -0.013379  -0.009127  0.484423  0.874776  -0.010106  -0.790324  0.442551  0.423718  0.375130  -0.197272  0.905738  -0.006719  0.009139  0.034107  1.686544  5.052668  0.644803  1.000000  
211.585548 0.008053  -0.013369  -0.009089  0.483830  0.875092  -0.011096  -0.787899  0.441070  0.429735  0.380952  -0.199176  0.902887  -0.006456  0.009023  0.033584  1.707041  5.041769  0.621022  1.000000  
211.586550 0.008049  -0.013361  -0.009058  0.483376  0.875335  -0.011663  -0.786071  0.439870  0.434288  0.385278  -0.200756  0.900699  -0.006069  0.008999  0.033096  1.727391  5.031271  0.608521  1.000000  
211.587800 0.008046  -0.013349  -0.009022  0.482771  0.875656  -0.012588  -0.783639  0.438367  0.440163  0.390950  -0.202633  0.897829  -0.005571  0.009015  0.032539  1.740372  5.016406  0.591579  1.000000  
