1-Time 2-Px 3-Py 4-Pz 5-R11 6-R21 7-R31 8-R12 9-R22 10-R32 11-R13 12-R23 13-R33 14-Vx 15-Vy 16-Vz 17-Wx 18-Wy 19-Wz 20-state
170.148090 0.011727  -0.013018  -0.000751  0.644955  0.746738  0.162528  -0.755303  0.655242  -0.013275  -0.116408  -0.114196  0.986615  -0.001605  -0.000870  -0.001720  0.000000  0.000000  0.000000  1.000000  
170.149318 0.011725  -0.013018  -0.000753  0.644965  0.746748  0.162442  -0.755315  0.655230  -0.013175  -0.116275  -0.114197  0.986630  -0.001851  0.000059  -0.001523  0.000000  0.000000  0.000000  1.000000  
170.150539 0.011720  -0.013014  -0.000753  0.644820  0.746893  0.162353  -0.755459  0.655065  -0.013108  -0.116142  -0.114199  0.986646  -0.003422  0.001880  -0.000683  0.000000  0.000000  0.000000  1.000000  
170.151546 0.011715  -0.013010  -0.000753  0.644830  0.746903  0.162268  -0.755471  0.655053  -0.013007  -0.116009  -0.114201  0.986661  -0.003936  0.002358  -0.000461  0.000000  0.000000  0.000000  1.000000  
170.152790 0.011708  -0.013008  -0.000753  0.644840  0.746913  0.162182  -0.755483  0.655041  -0.012907  -0.115876  -0.114203  0.986676  -0.004215  0.002266  -0.000320  0.000000  0.000000  0.000000  1.000000  
170.153810 0.011704  -0.013006  -0.000752  0.644850  0.746923  0.162096  -0.755495  0.655030  -0.012807  -0.115743  -0.114205  0.986692  -0.004293  0.002211  -0.000180  0.000000  0.000000  0.000000  1.000000  
170.155054 0.011695  -0.013003  -0.000752  0.644704  0.747067  0.162008  -0.755639  0.654864  -0.012740  -0.115611  -0.114206  0.986707  -0.004767  0.002255  -0.000135  0.000000  0.000000  0.000000  1.000000  
170.156061 0.011687  -0.012999  -0.000753  0.644714  0.747077  0.161922  -0.755651  0.654853  -0.012639  -0.115478  -0.114208  0.986723  -0.005181  0.002418  -0.000263  0.000000  0.000000  0.000000  1.000000  
170.157295 0.011676  -0.012994  -0.000756  0.644569  0.747222  0.161834  -0.755795  0.654687  -0.012572  -0.115345  -0.114210  0.986738  -0.005728  0.002648  -0.000527  0.000000  0.000000  0.000000  1.000000  
170.158542 0.011665  -0.012989  -0.000757  0.644589  0.747242  0.161663  -0.755819  0.654664  -0.012371  -0.115079  -0.114213  0.986769  -0.006114  0.002794  -0.000571  0.000000  0.000000  0.000000  1.000000  
170.159555 0.011656  -0.012985  -0.000757  0.644599  0.747232  0.161668  -0.755830  0.654654  -0.012191  -0.114946  -0.114335  0.986770  -0.006297  0.002877  -0.000548  0.000000  0.000000  0.000000  1.000000  
170.160791 0.011646  -0.012981  -0.000757  0.644619  0.747252  0.161496  -0.755854  0.654631  -0.011990  -0.114680  -0.114338  0.986800  -0.006468  0.002954  -0.000487  0.000000  0.000000  0.000000  1.000000  
170.162038 0.011635  -0.012975  -0.000759  0.644483  0.747407  0.161323  -0.756010  0.654453  -0.011823  -0.114414  -0.114342  0.986831  -0.006717  0.003140  -0.000552  0.000000  0.000000  0.000000  1.000000  
170.163289 0.011623  -0.012968  -0.000760  0.644493  0.747416  0.161237  -0.756021  0.654442  -0.011722  -0.114281  -0.114344  0.986846  -0.007119  0.003424  -0.000564  0.000000  0.000000  0.000000  1.000000  
170.164538 0.011609  -0.012960  -0.000760  0.644503  0.747426  0.161151  -0.756033  0.654430  -0.011622  -0.114149  -0.114345  0.986861  -0.007784  0.003859  -0.000504  0.000000  0.000000  0.000000  1.000000  
170.165538 0.011599  -0.012952  -0.000761  0.644503  0.747426  0.161151  -0.756033  0.654430  -0.011622  -0.114149  -0.114345  0.986861  -0.008011  0.004117  -0.000519  0.000000  0.000000  0.000000  1.000000  
170.166790 0.011588  -0.012943  -0.000762  0.644513  0.747456  0.160975  -0.756045  0.654417  -0.011600  -0.114016  -0.114228  0.986890  -0.008339  0.004467  -0.000680  0.000000  0.000000  0.000000  1.000000  
170.168049 0.011575  -0.012934  -0.000764  0.644523  0.747466  0.160889  -0.756056  0.654405  -0.011500  -0.113883  -0.114229  0.986905  -0.008912  0.004942  -0.000825  0.000000  0.000000  0.000000  1.000000  
170.169294 0.011561  -0.012925  -0.000766  0.644688  0.747341  0.160806  -0.755935  0.654548  -0.011366  -0.113750  -0.114231  0.986921  -0.009330  0.005393  -0.000987  0.000000  0.000000  0.000000  1.000000  
170.170306 0.011550  -0.012918  -0.000767  0.644698  0.747351  0.160720  -0.755947  0.654536  -0.011266  -0.113617  -0.114233  0.986936  -0.009567  0.005651  -0.000930  0.000000  0.000000  0.000000  1.000000  
170.171544 0.011537  -0.012908  -0.000768  0.644864  0.747226  0.160637  -0.755826  0.654678  -0.011132  -0.113484  -0.114235  0.986951  -0.009660  0.005964  -0.000914  0.000000  0.000000  0.000000  1.000000  
170.172544 0.011526  -0.012901  -0.000767  0.644873  0.747236  0.160551  -0.755837  0.654667  -0.011032  -0.113351  -0.114236  0.986966  -0.009798  0.006174  -0.000727  0.000000  0.000000  0.000000  1.000000  
170.173545 0.011516  -0.012894  -0.000766  0.644883  0.747226  0.160556  -0.755849  0.654656  -0.010852  -0.113218  -0.114358  0.986967  -0.009911  0.006432  -0.000604  0.000000  0.000000  0.000000  1.000000  
170.174557 0.011506  -0.012886  -0.000764  0.645049  0.747102  0.160473  -0.755727  0.654799  -0.010719  -0.113085  -0.114359  0.986982  -0.010083  0.006680  -0.000467  0.000000  0.000000  0.000000  1.000000  
170.175564 0.011495  -0.012878  -0.000763  0.645059  0.747111  0.160387  -0.755739  0.654787  -0.010618  -0.112952  -0.114361  0.986997  -0.010264  0.006949  -0.000385  0.000000  0.000000  0.000000  1.000000  
170.176793 0.011481  -0.012868  -0.000763  0.645224  0.746987  0.160303  -0.755618  0.654929  -0.010485  -0.112819  -0.114363  0.987012  -0.010425  0.007253  -0.000276  0.000000  0.000000  0.000000  1.000000  
170.178045 0.011467  -0.012856  -0.000764  0.645389  0.746862  0.160220  -0.755496  0.655071  -0.010351  -0.112686  -0.114365  0.987027  -0.010571  0.007549  -0.000331  0.000000  0.000000  0.000000  1.000000  
170.179049 0.011456  -0.012847  -0.000765  0.645399  0.746872  0.160134  -0.755508  0.655060  -0.010251  -0.112553  -0.114366  0.987042  -0.010539  0.007724  -0.000306  0.000000  0.000000  0.000000  1.000000  
170.180295 0.011442  -0.012835  -0.000766  0.645564  0.746766  0.159960  -0.755386  0.655200  -0.010197  -0.112420  -0.114248  0.987071  -0.010646  0.007909  -0.000387  0.000000  0.000000  0.000000  1.000000  
170.181545 0.011427  -0.012824  -0.000767  0.645574  0.746776  0.159874  -0.755398  0.655189  -0.010097  -0.112287  -0.114250  0.987086  -0.010938  0.008013  -0.000303  0.000000  0.000000  0.000000  1.000000  
170.182546 0.011414  -0.012816  -0.000768  0.645739  0.746651  0.159790  -0.755276  0.655331  -0.009963  -0.112154  -0.114252  0.987101  -0.011125  0.008146  -0.000328  0.000000  0.000000  0.000000  1.000000  
170.183549 0.011400  -0.012807  -0.000770  0.645759  0.746671  0.159618  -0.755299  0.655308  -0.009762  -0.111889  -0.114255  0.987131  -0.011285  0.008249  -0.000300  0.000000  0.000000  0.000000  1.000000  
170.184565 0.011386  -0.012799  -0.000771  0.645924  0.746546  0.159534  -0.755177  0.655450  -0.009629  -0.111756  -0.114257  0.987145  -0.011505  0.008214  -0.000296  0.000000  0.000000  0.000000  1.000000  
170.185792 0.011370  -0.012788  -0.000770  0.646099  0.746431  0.159365  -0.755067  0.655580  -0.009396  -0.111490  -0.114261  0.987175  -0.011639  0.008351  -0.000209  0.000000  0.000000  0.000000  1.000000  
170.186797 0.011356  -0.012780  -0.000768  0.646109  0.746422  0.159369  -0.755078  0.655570  -0.009216  -0.111357  -0.114382  0.987176  -0.011935  0.008460  -0.000102  0.000000  0.000000  0.000000  1.000000  
170.188045 0.011338  -0.012769  -0.000768  0.646128  0.746441  0.159198  -0.755101  0.655546  -0.009015  -0.111091  -0.114385  0.987206  -0.012269  0.008615  -0.000181  0.000000  0.000000  0.000000  1.000000  
170.189294 0.011320  -0.012758  -0.000768  0.646157  0.746471  0.158940  -0.755135  0.655512  -0.008714  -0.110692  -0.114391  0.987250  -0.012632  0.008775  -0.000283  0.000000  0.000000  0.000000  1.000000  
170.190295 0.011306  -0.012749  -0.000769  0.646322  0.746327  0.158946  -0.755013  0.655655  -0.008501  -0.110559  -0.114512  0.987251  -0.012805  0.008775  -0.000394  0.000000  0.000000  0.000000  1.000000  
170.191545 0.011289  -0.012738  -0.000770  0.646351  0.746357  0.158689  -0.755047  0.655620  -0.008200  -0.110160  -0.114517  0.987295  -0.013030  0.008819  -0.000472  0.000000  0.000000  0.000000  1.000000  
170.192793 0.011271  -0.012724  -0.000772  0.646379  0.746406  0.158340  -0.755080  0.655584  -0.007979  -0.109761  -0.114402  0.987352  -0.013232  0.008987  -0.000514  0.000000  0.000000  0.000000  1.000000  
170.193795 0.011256  -0.012714  -0.000772  0.646399  0.746426  0.158169  -0.755102  0.655561  -0.007778  -0.109495  -0.114406  0.987381  -0.013549  0.009153  -0.000462  0.000000  0.000000  0.000000  1.000000  
170.194796 0.011242  -0.012704  -0.000772  0.646573  0.746311  0.157998  -0.754992  0.655691  -0.007545  -0.109229  -0.114409  0.987411  -0.013789  0.009083  -0.000409  0.000000  0.000000  0.000000  1.000000  
170.196046 0.011224  -0.012693  -0.000773  0.646611  0.746351  0.157655  -0.755036  0.655645  -0.007143  -0.108697  -0.114416  0.987468  -0.014019  0.009055  -0.000406  0.000000  0.000000  0.000000  1.000000  
170.197296 0.011205  -0.012682  -0.000774  0.646639  0.746381  0.157397  -0.755069  0.655610  -0.006842  -0.108298  -0.114421  0.987512  -0.014138  0.009045  -0.000404  0.000000  0.000000  0.000000  1.000000  
170.198543 0.011186  -0.012671  -0.000776  0.646677  0.746420  0.157053  -0.755113  0.655563  -0.006441  -0.107766  -0.114428  0.987569  -0.014253  0.009067  -0.000421  0.000000  0.000000  0.000000  1.000000  
170.199545 0.011172  -0.012662  -0.000779  0.646705  0.746450  0.156795  -0.755146  0.655528  -0.006140  -0.107367  -0.114432  0.987612  -0.014327  0.009143  -0.000528  0.000000  0.000000  0.000000  1.000000  
170.200793 0.011155  -0.012650  -0.000780  0.646752  0.746500  0.156365  -0.755200  0.655470  -0.005638  -0.106702  -0.114441  0.987683  -0.014338  0.009202  -0.000701  0.011598  0.233799  -0.041589  1.000000  
170.202059 0.011138  -0.012639  -0.000784  0.646798  0.746550  0.155936  -0.755254  0.655412  -0.005136  -0.106036  -0.114449  0.987754  -0.014271  0.009213  -0.001000  0.010904  0.252713  -0.033022  1.000000  
170.203295 0.011121  -0.012628  -0.000786  0.646844  0.746600  0.155506  -0.755308  0.655354  -0.004634  -0.105371  -0.114457  0.987824  -0.014186  0.009260  -0.001275  0.006807  0.270708  -0.030955  1.000000  
170.204545 0.011104  -0.012617  -0.000790  0.646880  0.746639  0.155162  -0.755351  0.655307  -0.004233  -0.104839  -0.114464  0.987880  -0.014194  0.009278  -0.001546  0.005985  0.281082  -0.022393  1.000000  
170.205547 0.011091  -0.012606  -0.000794  0.646917  0.746679  0.154818  -0.755393  0.655261  -0.003831  -0.104307  -0.114470  0.987936  -0.014121  0.009410  -0.001684  0.005967  0.294427  -0.020857  1.000000  
170.206790 0.011074  -0.012593  -0.000798  0.646962  0.746729  0.154388  -0.755446  0.655203  -0.003329  -0.103641  -0.114478  0.988005  -0.014073  0.009456  -0.001816  0.005200  0.311224  -0.012019  1.000000  
170.207793 0.011060  -0.012583  -0.000799  0.647007  0.746779  0.153958  -0.755498  0.655144  -0.002827  -0.102976  -0.114486  0.988073  -0.014041  0.009396  -0.001766  0.004440  0.328127  -0.003189  1.000000  
170.209038 0.011044  -0.012571  -0.000800  0.647061  0.746857  0.153351  -0.755561  0.655074  -0.002304  -0.102177  -0.114376  0.988169  -0.013933  0.009375  -0.001790  0.000378  0.350404  -0.000646  1.000000  
170.210119 0.011031  -0.012561  -0.000801  0.647096  0.746897  0.153007  -0.755602  0.655028  -0.001902  -0.101645  -0.114382  0.988223  -0.013762  0.009335  -0.001896  0.003694  0.364904  0.007692  1.000000  
170.211288 0.011013  -0.012550  -0.000802  0.647140  0.746965  0.152487  -0.755654  0.654970  -0.001480  -0.100979  -0.114270  0.988304  -0.013770  0.009409  -0.001926  -0.000384  0.380594  0.009677  1.000000  
170.212291 0.010999  -0.012540  -0.000803  0.647028  0.747150  0.152056  -0.755838  0.654758  -0.001009  -0.100314  -0.114277  0.988371  -0.013750  0.009457  -0.001953  -0.001856  0.396692  0.025282  1.000000  
170.213537 0.010983  -0.012528  -0.000807  0.647072  0.747200  0.151626  -0.755889  0.654700  -0.000506  -0.099648  -0.114285  0.988438  -0.013584  0.009553  -0.002063  -0.001866  0.410109  0.026827  1.000000  
170.214538 0.010970  -0.012519  -0.000809  0.647106  0.747258  0.151192  -0.755929  0.654653  -0.000184  -0.099116  -0.114171  0.988504  -0.013487  0.009584  -0.002011  -0.006645  0.422853  0.035139  1.000000  
170.215787 0.010954  -0.012506  -0.000810  0.647158  0.747317  0.150676  -0.755990  0.654583  0.000419  -0.098317  -0.114180  0.988583  -0.013417  0.009646  -0.002012  -0.007368  0.439468  0.043941  1.000000  
170.216790 0.010940  -0.012496  -0.000812  0.647209  0.747395  0.150069  -0.756049  0.654514  0.000943  -0.097518  -0.114070  0.988675  -0.013362  0.009723  -0.001959  -0.015459  0.461653  0.046505  1.000000  
170.218043 0.010923  -0.012482  -0.000814  0.647424  0.747330  0.149466  -0.755985  0.654587  0.001677  -0.096586  -0.114080  0.988765  -0.013398  0.009898  -0.001905  -0.014748  0.484507  0.042277  1.000000  
170.219062 0.010908  -0.012472  -0.000815  0.647466  0.747398  0.148945  -0.756034  0.654529  0.002100  -0.095920  -0.113967  0.988843  -0.013483  0.009984  -0.001692  -0.018943  0.497158  0.043603  1.000000  
170.220293 0.010890  -0.012459  -0.000817  0.647516  0.747457  0.148429  -0.756092  0.654459  0.002703  -0.095121  -0.113976  0.988919  -0.013608  0.009982  -0.001582  -0.023555  0.514753  0.052645  1.000000  
170.221302 0.010874  -0.012450  -0.000817  0.647557  0.747525  0.147908  -0.756140  0.654402  0.003126  -0.094455  -0.113863  0.988996  -0.013740  0.009909  -0.001334  -0.027824  0.527834  0.054069  1.000000  
170.222542 0.010856  -0.012437  -0.000818  0.647614  0.747594  0.147306  -0.756207  0.654321  0.003829  -0.093522  -0.113874  0.989084  -0.013824  0.009940  -0.001311  -0.027604  0.545735  0.056193  1.000000  
170.223845 0.010837  -0.012424  -0.000819  0.647679  0.747691  0.146526  -0.756283  0.654229  0.004554  -0.092456  -0.113765  0.989196  -0.013978  0.009906  -0.001327  -0.027791  0.567162  0.058554  1.000000  
170.225042 0.010816  -0.012411  -0.000821  0.647743  0.747788  0.145747  -0.756358  0.654137  0.005279  -0.091391  -0.113656  0.989308  -0.014378  0.010037  -0.001338  -0.032623  0.589856  0.068055  1.000000  
170.226291 0.010796  -0.012399  -0.000823  0.647806  0.747885  0.144967  -0.756432  0.654045  0.006004  -0.090325  -0.113547  0.989418  -0.014498  0.010038  -0.001379  -0.036390  0.611463  0.070511  1.000000  
170.227538 0.010776  -0.012386  -0.000824  0.647876  0.747974  0.144192  -0.756514  0.653941  0.006909  -0.089125  -0.113560  0.989526  -0.014697  0.010111  -0.001269  -0.036394  0.633674  0.073072  1.000000  
170.228542 0.010761  -0.012376  -0.000825  0.648086  0.747926  0.143497  -0.756443  0.654016  0.007563  -0.088192  -0.113449  0.989622  -0.014807  0.010162  -0.001240  -0.039760  0.652108  0.068283  1.000000  
170.229788 0.010740  -0.012362  -0.000823  0.648155  0.748032  0.142631  -0.756523  0.653913  0.008389  -0.086993  -0.113341  0.989740  -0.015139  0.010235  -0.000910  -0.043812  0.674304  0.070798  1.000000  
170.231040 0.010720  -0.012349  -0.000822  0.648230  0.748148  0.141678  -0.756611  0.653799  0.009315  -0.085660  -0.113234  0.989869  -0.015368  0.010339  -0.000691  -0.047858  0.696402  0.073301  1.000000  
170.232045 0.010703  -0.012337  -0.000820  0.648282  0.748234  0.140984  -0.756672  0.653720  0.009940  -0.084727  -0.113123  0.989962  -0.015587  0.010369  -0.000497  -0.051932  0.710063  0.074826  1.000000  
170.233049 0.010687  -0.012326  -0.000818  0.648341  0.748330  0.140204  -0.756740  0.653629  0.010666  -0.083660  -0.113013  0.990065  -0.015732  0.010385  -0.000224  -0.056417  0.728965  0.076903  1.000000  
170.234288 0.010665  -0.012312  -0.000818  0.648420  0.748455  0.139165  -0.756833  0.653504  0.011693  -0.082193  -0.112907  0.990200  -0.015970  0.010472  -0.000109  -0.060016  0.758603  0.080320  1.000000  
170.235291 0.010649  -0.012301  -0.000817  0.648484  0.748560  0.138299  -0.756907  0.653402  0.012519  -0.080993  -0.112798  0.990311  -0.016044  0.010552  -0.000002  -0.064060  0.780699  0.082812  1.000000  
170.236301 0.010632  -0.012290  -0.000816  0.648540  0.748655  0.137518  -0.756973  0.653312  0.013245  -0.079926  -0.112688  0.990411  -0.016151  0.010667  0.000052  -0.068642  0.800206  0.084949  1.000000  
170.237545 0.010610  -0.012276  -0.000815  0.648616  0.748780  0.136479  -0.757061  0.653188  0.014273  -0.078459  -0.112581  0.990540  -0.016375  0.010728  0.000189  -0.072153  0.820513  0.087284  1.000000  
170.238813 0.010588  -0.012263  -0.000815  0.648697  0.748914  0.135353  -0.757156  0.653053  0.015402  -0.076858  -0.112474  0.990678  -0.016634  0.010765  0.000272  -0.072702  0.848990  0.090396  1.000000  
170.239849 0.010571  -0.012252  -0.000815  0.648763  0.749028  0.134400  -0.757233  0.652940  0.016329  -0.075524  -0.112366  0.990793  -0.016547  0.010730  0.000381  -0.076902  0.877151  0.093559  1.000000  
170.241045 0.010549  -0.012239  -0.000814  0.648854  0.749181  0.133102  -0.757340  0.652783  0.017659  -0.073656  -0.112261  0.990945  -0.016720  0.010820  0.000574  -0.076841  0.916572  0.097968  1.000000  
170.242288 0.010529  -0.012225  -0.000812  0.648943  0.749334  0.131803  -0.757443  0.652625  0.018990  -0.071788  -0.112156  0.991094  -0.016804  0.010904  0.000845  -0.079687  0.949912  0.094898  1.000000  
170.243538 0.010507  -0.012211  -0.000809  0.649029  0.749486  0.130504  -0.757544  0.652468  0.020321  -0.069920  -0.112051  0.991240  -0.016903  0.010988  0.001101  -0.080369  0.993581  0.099655  1.000000  
170.244788 0.010486  -0.012197  -0.000804  0.649281  0.749524  0.129028  -0.757522  0.652443  0.021880  -0.067784  -0.111947  0.991400  -0.016946  0.011035  0.001261  -0.083893  1.039101  0.097849  1.000000  
170.245788 0.010470  -0.012185  -0.000803  0.649345  0.749647  0.127987  -0.757597  0.652321  0.022908  -0.066315  -0.111838  0.991511  -0.016980  0.011088  0.001280  -0.087988  1.065873  0.100841  1.000000  
170.247041 0.010448  -0.012171  -0.000800  0.649430  0.749808  0.126601  -0.757696  0.652153  0.024340  -0.064313  -0.111733  0.991655  -0.017031  0.011058  0.001342  -0.088572  1.100791  0.111632  1.000000  
170.248045 0.010432  -0.012160  -0.000798  0.649502  0.749950  0.125388  -0.757780  0.652009  0.025571  -0.062577  -0.111625  0.991778  -0.017028  0.011123  0.001368  -0.092656  1.136438  0.115627  1.000000  
170.249049 0.010415  -0.012148  -0.000795  0.649572  0.750091  0.124174  -0.757862  0.651864  0.026802  -0.060841  -0.111516  0.991898  -0.016979  0.011162  0.001522  -0.091955  1.167577  0.119138  1.000000  
170.250288 0.010393  -0.012133  -0.000792  0.649655  0.750262  0.122701  -0.757959  0.651687  0.028335  -0.058704  -0.111410  0.992039  -0.017075  0.011171  0.001688  -0.095989  1.211532  0.124071  1.000000  
170.251303 0.010375  -0.012122  -0.000787  0.649721  0.750402  0.121487  -0.758035  0.651543  0.029566  -0.056967  -0.111301  0.992153  -0.017123  0.011185  0.001988  -0.096902  1.254176  0.128639  1.000000  
170.252304 0.010357  -0.012111  -0.000783  0.649784  0.750543  0.120273  -0.758109  0.651400  0.030798  -0.055231  -0.111192  0.992263  -0.017149  0.011197  0.002174  -0.100848  1.283560  0.131919  1.000000  
170.253547 0.010334  -0.012098  -0.000777  0.649864  0.750722  0.118713  -0.758203  0.651212  0.032432  -0.052959  -0.111085  0.992399  -0.017217  0.011181  0.002585  -0.101076  1.326476  0.136601  1.000000  
170.254794 0.010313  -0.012084  -0.000771  0.649946  0.750910  0.117066  -0.758297  0.651013  0.034168  -0.050554  -0.110979  0.992536  -0.017286  0.011284  0.002951  -0.100929  1.368949  0.141275  1.000000  
170.256049 0.010290  -0.012071  -0.000765  0.650023  0.751098  0.115419  -0.758388  0.650814  0.035904  -0.048149  -0.110871  0.992668  -0.017304  0.011208  0.003258  -0.100927  1.413311  0.146131  1.000000  
170.257301 0.010268  -0.012056  -0.000759  0.650100  0.751309  0.113595  -0.758478  0.650609  0.037663  -0.045610  -0.110644  0.992813  -0.017328  0.011234  0.003526  -0.109081  1.457717  0.150981  1.000000  
170.258540 0.010246  -0.012043  -0.000752  0.650174  0.751506  0.111861  -0.758564  0.650400  0.039500  -0.043070  -0.110536  0.992938  -0.017429  0.011196  0.003747  -0.108706  1.498809  0.162443  1.000000  
170.259787 0.010224  -0.012029  -0.000745  0.650250  0.751721  0.109954  -0.758653  0.650170  0.041540  -0.040263  -0.110428  0.993068  -0.017471  0.011167  0.003991  -0.108712  1.551922  0.168253  1.000000  
170.260788 0.010206  -0.012019  -0.000740  0.650305  0.751875  0.108571  -0.758716  0.649990  0.043154  -0.038123  -0.110438  0.993152  -0.017610  0.011040  0.004156  -0.105566  1.591874  0.172605  1.000000  
170.262038 0.010183  -0.012007  -0.000734  0.650362  0.752061  0.106923  -0.758784  0.649794  0.044891  -0.035717  -0.110327  0.993253  -0.017688  0.010978  0.004411  -0.104714  1.627654  0.176497  1.000000  
170.263039 0.010165  -0.011996  -0.000728  0.650411  0.752228  0.105448  -0.758840  0.649620  0.046427  -0.033577  -0.110215  0.993340  -0.017796  0.010886  0.004653  -0.104737  1.663350  0.180313  1.000000  
170.264047 0.010146  -0.011987  -0.000722  0.650453  0.752384  0.104059  -0.758890  0.649458  0.047862  -0.031571  -0.110101  0.993419  -0.017916  0.010742  0.004920  -0.105562  1.694156  0.183518  1.000000  
170.265289 0.010123  -0.011975  -0.000712  0.650508  0.752598  0.102151  -0.758954  0.649229  0.049903  -0.028763  -0.109990  0.993516  -0.018006  0.010555  0.005326  -0.104731  1.733841  0.187822  1.000000  
170.266538 0.010099  -0.011964  -0.000702  0.650558  0.752811  0.100243  -0.759013  0.649001  0.051944  -0.025954  -0.109878  0.993606  -0.018116  0.010400  0.005566  -0.105648  1.784559  0.193238  1.000000  
170.267788 0.010075  -0.011952  -0.000692  0.650605  0.753034  0.098248  -0.759067  0.648762  0.054086  -0.023011  -0.109766  0.993691  -0.018200  0.010285  0.005912  -0.104769  1.827165  0.197851  1.000000  
170.268794 0.010056  -0.011942  -0.000685  0.650640  0.753218  0.096599  -0.759107  0.648568  0.055824  -0.020604  -0.109651  0.993757  -0.018263  0.010155  0.006043  -0.104833  1.868015  0.202195  1.000000  
170.270051 0.010034  -0.011932  -0.000674  0.650678  0.753449  0.094518  -0.759152  0.648318  0.058068  -0.017527  -0.109537  0.993828  -0.018275  0.009939  0.006383  -0.105667  1.913898  0.207042  1.000000  
170.271293 0.010011  -0.011921  -0.000665  0.650708  0.753670  0.092523  -0.759188  0.648081  0.060210  -0.014584  -0.109421  0.993888  -0.018298  0.009749  0.006630  -0.105667  1.949381  0.210770  1.000000  
170.272295 0.009993  -0.011912  -0.000656  0.650729  0.753841  0.090965  -0.759212  0.647881  0.062028  -0.012175  -0.109425  0.993921  -0.018327  0.009599  0.006819  -0.101580  1.980220  0.214094  1.000000  
170.273542 0.009971  -0.011902  -0.000645  0.650752  0.754081  0.088796  -0.759238  0.647622  0.064372  -0.008964  -0.109308  0.993968  -0.018377  0.009346  0.007093  -0.101604  2.025100  0.218854  1.000000  
170.274787 0.009948  -0.011892  -0.000634  0.650767  0.754320  0.086628  -0.759256  0.647363  0.066717  -0.005753  -0.109190  0.994004  -0.018395  0.009195  0.007429  -0.101050  2.056729  0.229085  1.000000  
170.275787 0.009930  -0.011884  -0.000625  0.650931  0.754367  0.084969  -0.759130  0.647308  0.068653  -0.003211  -0.109191  0.994016  -0.018409  0.009003  0.007669  -0.096769  2.092977  0.226092  1.000000  
170.276788 0.009912  -0.011877  -0.000615  0.650934  0.754548  0.083324  -0.759134  0.647097  0.070572  -0.000669  -0.109192  0.994020  -0.018383  0.008787  0.008067  -0.093530  2.128673  0.229876  1.000000  
170.278037 0.009888  -0.011869  -0.000602  0.650932  0.754795  0.081068  -0.759132  0.646829  0.073017  0.002676  -0.109071  0.994030  -0.018446  0.008489  0.008416  -0.092779  2.164447  0.233647  1.000000  
170.279043 0.009869  -0.011863  -0.000592  0.650925  0.754976  0.079423  -0.759124  0.646618  0.074936  0.005218  -0.109070  0.994020  -0.018466  0.008234  0.008632  -0.088747  2.190991  0.236463  1.000000  
170.280056 0.009851  -0.011857  -0.000582  0.651071  0.755014  0.077849  -0.758978  0.646574  0.076769  0.007626  -0.109068  0.994005  -0.018398  0.007981  0.008817  -0.085184  2.217263  0.232235  1.000000  
170.281287 0.009828  -0.011850  -0.000569  0.651052  0.755242  0.075771  -0.758956  0.646309  0.079192  0.010837  -0.109065  0.993976  -0.018366  0.007719  0.009002  -0.080559  2.250105  0.235842  1.000000  
170.282293 0.009810  -0.011843  -0.000560  0.651033  0.755413  0.074212  -0.758934  0.646109  0.081009  0.013246  -0.109062  0.993947  -0.018276  0.007562  0.009146  -0.076532  2.271954  0.238128  1.000000  
170.283540 0.009788  -0.011836  -0.000548  0.651001  0.755650  0.072048  -0.758896  0.645832  0.083532  0.016590  -0.109056  0.993897  -0.018269  0.007273  0.009243  -0.072515  2.307091  0.241884  1.000000  
170.284567 0.009770  -0.011830  -0.000537  0.650968  0.755850  0.070230  -0.758857  0.645600  0.085652  0.019400  -0.109051  0.993847  -0.018189  0.007000  0.009432  -0.069009  2.337356  0.244994  1.000000  
170.285794 0.009747  -0.011823  -0.000524  0.651076  0.755964  0.067960  -0.758668  0.645468  0.088290  0.022878  -0.109043  0.993774  -0.018184  0.006766  0.009690  -0.064957  2.376328  0.242185  1.000000  
170.286801 0.009729  -0.011818  -0.000511  0.651029  0.756173  0.066055  -0.758613  0.645224  0.090509  0.025820  -0.109035  0.993703  -0.018198  0.006571  0.009933  -0.060894  2.406191  0.245356  1.000000  
170.288050 0.009707  -0.011812  -0.000497  0.650969  0.756410  0.063891  -0.758543  0.644947  0.093032  0.029164  -0.109025  0.993611  -0.018220  0.006316  0.010235  -0.056891  2.433416  0.248215  1.000000  
170.289290 0.009684  -0.011806  -0.000481  0.651058  0.756515  0.061707  -0.758331  0.644826  0.095566  0.032507  -0.109014  0.993509  -0.018191  0.006022  0.010492  -0.052861  2.452529  0.243210  1.000000  
170.290541 0.009661  -0.011800  -0.000465  0.650978  0.756764  0.059461  -0.758237  0.644516  0.098368  0.036118  -0.109121  0.993372  -0.018206  0.005674  0.010879  -0.044796  2.483718  0.246658  1.000000  
170.291791 0.009638  -0.011796  -0.000449  0.650892  0.757012  0.057210  -0.758137  0.644228  0.100989  0.039594  -0.109106  0.993241  -0.018272  0.005401  0.011068  -0.040803  2.519567  0.250465  1.000000  
170.293039 0.009614  -0.011790  -0.000434  0.650794  0.757262  0.054965  -0.758024  0.643916  0.103790  0.043204  -0.109210  0.993079  -0.018253  0.005239  0.011230  -0.032462  2.547560  0.253787  1.000000  
170.294040 0.009595  -0.011786  -0.000423  0.650861  0.757348  0.052952  -0.757785  0.643817  0.106119  0.046278  -0.109195  0.992942  -0.018266  0.005147  0.011290  -0.028548  2.584396  0.250784  1.000000  
170.295054 0.009576  -0.011782  -0.000410  0.650774  0.757542  0.051226  -0.757684  0.643571  0.108314  0.049084  -0.109301  0.992796  -0.018308  0.004989  0.011475  -0.020717  2.604175  0.252704  1.000000  
170.296289 0.009553  -0.011777  -0.000395  0.650649  0.757803  0.048895  -0.757539  0.643247  0.111213  0.052826  -0.109400  0.992593  -0.018335  0.004774  0.011662  -0.012690  2.636611  0.256271  1.000000  
170.297540 0.009529  -0.011773  -0.000378  0.650516  0.758064  0.046564  -0.757383  0.642922  0.114112  0.056567  -0.109498  0.992376  -0.018404  0.004564  0.012043  -0.004656  2.663413  0.259231  1.000000  
170.298788 0.009505  -0.011768  -0.000361  0.650373  0.758326  0.044234  -0.757217  0.642597  0.117010  0.060307  -0.109595  0.992145  -0.018558  0.004375  0.012347  0.003360  2.686272  0.262037  1.000000  
170.300044 0.009483  -0.011763  -0.000344  0.650383  0.758447  0.041967  -0.756913  0.642438  0.119815  0.063912  -0.109690  0.991909  -0.018588  0.004248  0.012574  0.011170  2.704922  0.257191  1.000000  
170.301292 0.009459  -0.011759  -0.000326  0.650222  0.758710  0.039637  -0.756726  0.642112  0.122711  0.067650  -0.109784  0.991651  -0.018633  0.004104  0.012803  0.019112  2.730962  0.260078  1.000000  
170.302298 0.009439  -0.011756  -0.000311  0.650089  0.758916  0.037827  -0.756572  0.641851  0.125002  0.070587  -0.109882  0.991435  -0.018743  0.003958  0.012960  0.027291  2.748731  0.261705  1.000000  
170.303309 0.009420  -0.011752  -0.000297  0.649945  0.759132  0.035931  -0.756404  0.641580  0.127394  0.073656  -0.109977  0.991201  -0.018785  0.003877  0.013057  0.031236  2.765551  0.263751  1.000000  
170.304546 0.009396  -0.011748  -0.000280  0.649903  0.759279  0.033496  -0.756040  0.641369  0.130574  0.077659  -0.110184  0.990873  -0.018873  0.003754  0.013201  0.043067  2.793897  0.260089  1.000000  
170.305793 0.009372  -0.011745  -0.000261  0.649701  0.759554  0.031082  -0.755805  0.641029  0.133567  0.081527  -0.110270  0.990552  -0.018967  0.003645  0.013391  0.047248  2.820114  0.270119  1.000000  
170.307051 0.009348  -0.011741  -0.000243  0.649498  0.759820  0.028755  -0.755568  0.640699  0.136458  0.085260  -0.110356  0.990228  -0.018993  0.003547  0.013595  0.051162  2.832828  0.271715  1.000000  
170.308292 0.009325  -0.011737  -0.000223  0.649433  0.759961  0.026407  -0.755178  0.640497  0.139532  0.089125  -0.110558  0.989865  -0.018948  0.003482  0.013871  0.062929  2.852402  0.267092  1.000000  
170.309539 0.009301  -0.011732  -0.000203  0.649210  0.760228  0.024081  -0.754920  0.640166  0.142421  0.092856  -0.110641  0.989513  -0.018975  0.003434  0.014222  0.066846  2.875099  0.269783  1.000000  
170.310596 0.009282  -0.011729  -0.000187  0.649021  0.760444  0.022281  -0.754700  0.639873  0.144884  0.095920  -0.110848  0.989198  -0.018955  0.003405  0.014461  0.075074  2.886431  0.278437  1.000000  
170.311788 0.009258  -0.011724  -0.000166  0.648911  0.760610  0.019668  -0.754258  0.639663  0.148076  0.100048  -0.110923  0.988780  -0.019008  0.003400  0.014807  0.078769  2.933503  0.276802  1.000000  
170.313041 0.009235  -0.011720  -0.000144  0.648644  0.760896  0.017264  -0.753947  0.639289  0.151239  0.104041  -0.111117  0.988346  -0.018986  0.003431  0.015183  0.086061  2.954337  0.279874  1.000000  
170.314288 0.009211  -0.011716  -0.000123  0.648531  0.761040  0.015009  -0.753502  0.639063  0.154382  0.107899  -0.111431  0.987897  -0.018982  0.003351  0.015426  0.098440  2.972792  0.275088  1.000000  
170.315542 0.009188  -0.011712  -0.000102  0.648243  0.761329  0.012608  -0.753168  0.638685  0.157541  0.111889  -0.111621  0.987432  -0.018985  0.003285  0.015716  0.105915  2.985272  0.284248  1.000000  
170.316791 0.009164  -0.011708  -0.000080  0.648120  0.761468  0.010347  -0.752711  0.638486  0.160502  0.115611  -0.111812  0.986981  -0.019023  0.003257  0.015967  0.113326  2.990160  0.278283  1.000000  
170.318060 0.009141  -0.011705  -0.000057  0.647978  0.761616  0.008092  -0.752232  0.638255  0.163637  0.119464  -0.112120  0.986487  -0.018936  0.003219  0.016306  0.125669  3.009100  0.273603  1.000000  
170.319296 0.009118  -0.011701  -0.000034  0.647649  0.761918  0.005699  -0.751850  0.637842  0.166968  0.123581  -0.112422  0.985946  -0.018885  0.003234  0.016645  0.138235  3.035954  0.284103  1.000000  
170.320545 0.009094  -0.011697  -0.000011  0.647485  0.762070  0.003446  -0.751348  0.637607  0.170099  0.127430  -0.112725  0.985421  -0.018846  0.003246  0.016998  0.145607  3.045610  0.279005  1.000000  
170.321791 0.009071  -0.011692  0.000013  0.647289  0.762244  0.001020  -0.750808  0.637346  0.173426  0.131543  -0.113023  0.984846  -0.018832  0.003279  0.017411  0.156995  3.064293  0.274742  1.000000  
170.323074 0.009047  -0.011689  0.000038  0.646963  0.762521  -0.001111  -0.750430  0.636962  0.176452  0.135256  -0.113324  0.984309  -0.018782  0.003269  0.017679  0.164688  3.064954  0.275674  1.000000  
170.324288 0.009023  -0.011685  0.000065  0.646770  0.762678  -0.003364  -0.749893  0.636720  0.179575  0.139099  -0.113621  0.983739  -0.018837  0.003211  0.018175  0.172793  3.073443  0.277315  1.000000  
170.325538 0.009001  -0.011679  0.000091  0.646400  0.762978  -0.005665  -0.749465  0.636309  0.182796  0.143073  -0.113914  0.983135  -0.018806  0.003317  0.018603  0.183255  3.087973  0.280114  1.000000  
170.326788 0.008977  -0.011674  0.000117  0.646174  0.763149  -0.007909  -0.748891  0.636029  0.186090  0.147045  -0.114323  0.982501  -0.018742  0.003304  0.018889  0.196011  3.096505  0.274553  1.000000  
170.328046 0.008953  -0.011670  0.000145  0.645937  0.763323  -0.010153  -0.748305  0.635747  0.189381  0.151014  -0.114731  0.981851  -0.018769  0.003334  0.019304  0.207155  3.105277  0.269623  1.000000  
170.329291 0.008929  -0.011665  0.000171  0.645536  0.763628  -0.012450  -0.747840  0.635329  0.192595  0.154981  -0.115016  0.981199  -0.018845  0.003403  0.019684  0.215778  3.118409  0.278822  1.000000  
170.330294 0.008910  -0.011661  0.000194  0.645389  0.763726  -0.014006  -0.747358  0.635135  0.195086  0.157888  -0.115439  0.980686  -0.018851  0.003467  0.020034  0.226985  3.123255  0.273440  1.000000  
170.331538 0.008886  -0.011656  0.000222  0.644969  0.764036  -0.016207  -0.746873  0.634689  0.198372  0.161850  -0.115839  0.979993  -0.018876  0.003550  0.020439  0.236990  3.129097  0.275765  1.000000  
170.332788 0.008861  -0.011652  0.000250  0.644708  0.764209  -0.018363  -0.746259  0.634408  0.201553  0.165678  -0.116240  0.979305  -0.018967  0.003580  0.020809  0.243958  3.134411  0.270695  1.000000  
170.334039 0.008838  -0.011647  0.000280  0.644436  0.764385  -0.020424  -0.745634  0.634100  0.204808  0.169503  -0.116757  0.978589  -0.019007  0.003677  0.021259  0.259824  3.130503  0.271422  1.000000  
170.335057 0.008818  -0.011642  0.000304  0.644077  0.764641  -0.022108  -0.745219  0.633716  0.207492  0.172667  -0.117166  0.977987  -0.019008  0.003741  0.021597  0.273688  3.131700  0.271887  1.000000  
170.336295 0.008794  -0.011636  0.000334  0.643787  0.764820  -0.024260  -0.744574  0.633428  0.210665  0.176488  -0.117560  0.977257  -0.019109  0.003913  0.022028  0.280650  3.133112  0.266318  1.000000  
170.337550 0.008770  -0.011630  0.000363  0.643350  0.765124  -0.026190  -0.744068  0.632965  0.213817  0.180174  -0.118072  0.976523  -0.019095  0.004040  0.022382  0.296551  3.132673  0.267477  1.000000  
170.338795 0.008746  -0.011624  0.000394  0.643057  0.765300  -0.028163  -0.743420  0.632657  0.216961  0.183858  -0.118582  0.975774  -0.019176  0.004164  0.022700  0.308445  3.128509  0.268372  1.000000  
170.340041 0.008723  -0.011618  0.000423  0.642739  0.765489  -0.030220  -0.742743  0.632333  0.220201  0.187670  -0.119086  0.974986  -0.019138  0.004274  0.022893  0.323429  3.134027  0.263309  1.000000  
170.341043 0.008703  -0.011613  0.000447  0.642358  0.765744  -0.031811  -0.742302  0.631948  0.222776  0.190692  -0.119489  0.974351  -0.019171  0.004310  0.022993  0.332230  3.124006  0.270235  1.000000  
170.342293 0.008680  -0.011606  0.000477  0.642022  0.765942  -0.033773  -0.741605  0.631591  0.226086  0.194500  -0.120106  0.973522  -0.019139  0.004407  0.023255  0.347130  3.120309  0.264491  1.000000  
170.343538 0.008657  -0.011600  0.000508  0.641693  0.766129  -0.035742  -0.740917  0.631269  0.229218  0.198173  -0.120606  0.972719  -0.019113  0.004507  0.023524  0.359006  3.116123  0.265381  1.000000  
170.344538 0.008639  -0.011594  0.000533  0.641460  0.766249  -0.037291  -0.740341  0.631047  0.231680  0.201058  -0.121005  0.972077  -0.019056  0.004630  0.023794  0.369830  3.107837  0.258518  1.000000  
170.345788 0.008616  -0.011587  0.000566  0.641115  0.766445  -0.039166  -0.739634  0.630691  0.234883  0.204726  -0.121618  0.971234  -0.018910  0.004802  0.024078  0.381666  3.103463  0.259768  1.000000  
170.347038 0.008593  -0.011581  0.000597  0.640742  0.766654  -0.041124  -0.738897  0.630319  0.238179  0.208522  -0.122225  0.970350  -0.018860  0.004882  0.024278  0.396390  3.103974  0.254547  1.000000  
170.348040 0.008576  -0.011576  0.000623  0.640337  0.766916  -0.042530  -0.738430  0.629902  0.240719  0.211400  -0.122736  0.969663  -0.018696  0.005001  0.024458  0.406320  3.101469  0.263345  1.000000  
170.349288 0.008554  -0.011568  0.000654  0.639947  0.767131  -0.044485  -0.737673  0.629523  0.244009  0.215191  -0.123337  0.968752  -0.018576  0.005186  0.024626  0.416669  3.091915  0.257208  1.000000  
170.350538 0.008533  -0.011561  0.000686  0.639737  0.767203  -0.046228  -0.736817  0.629292  0.247167  0.218718  -0.124060  0.967870  -0.018361  0.005197  0.024677  0.431207  3.083646  0.251366  1.000000  
170.351559 0.008516  -0.011555  0.000711  0.639463  0.767342  -0.047681  -0.736196  0.629023  0.249689  0.221589  -0.124564  0.967152  -0.018124  0.005344  0.024743  0.442186  3.066676  0.249962  1.000000  
170.352796 0.008496  -0.011547  0.000742  0.639086  0.767549  -0.049372  -0.735456  0.628627  0.252849  0.225110  -0.125281  0.966245  -0.017900  0.005439  0.024769  0.457533  3.067961  0.245008  1.000000  
170.354056 0.008475  -0.011540  0.000773  0.638679  0.767771  -0.051146  -0.734682  0.628214  0.256103  0.228759  -0.125992  0.965295  -0.017691  0.005496  0.024849  0.472566  3.058229  0.246000  1.000000  
170.355293 0.008454  -0.011533  0.000804  0.638435  0.767863  -0.052794  -0.733791  0.627936  0.259321  0.232274  -0.126820  0.964347  -0.017542  0.005583  0.025045  0.490054  3.047691  0.233094  1.000000  
170.356294 0.008439  -0.011527  0.000829  0.638114  0.768023  -0.054329  -0.733117  0.627641  0.261929  0.235266  -0.127310  0.963557  -0.017324  0.005636  0.025113  0.497724  3.042922  0.234090  1.000000  
170.357536 0.008419  -0.011520  0.000860  0.637853  0.768114  -0.056070  -0.732209  0.627385  0.265062  0.238776  -0.128016  0.962600  -0.017136  0.005631  0.025134  0.506724  3.033208  0.222421  1.000000  
170.358786 0.008399  -0.011513  0.000892  0.637454  0.768334  -0.057579  -0.731447  0.626948  0.268183  0.242153  -0.128839  0.961646  -0.016871  0.005686  0.025193  0.522311  3.015330  0.222522  1.000000  
170.360042 0.008381  -0.011506  0.000923  0.637176  0.768439  -0.059226  -0.730520  0.626651  0.271384  0.245656  -0.129654  0.960647  -0.016547  0.005686  0.025118  0.536898  3.010091  0.216247  1.000000  
170.361287 0.008363  -0.011498  0.000954  0.636867  0.768560  -0.060957  -0.729559  0.626335  0.274678  0.249286  -0.130461  0.959602  -0.016259  0.005769  0.025043  0.549245  3.004260  0.205470  1.000000  
170.362536 0.008345  -0.011491  0.000984  0.636593  0.768661  -0.062520  -0.728639  0.626041  0.277773  0.252653  -0.131274  0.958610  -0.015984  0.005812  0.024904  0.559288  2.991629  0.199617  1.000000  
170.363536 0.008332  -0.011485  0.001009  0.636378  0.768716  -0.064016  -0.727789  0.625849  0.280423  0.255630  -0.131865  0.957740  -0.015675  0.005884  0.024843  0.567988  2.993462  0.188075  1.000000  
170.364786 0.008314  -0.011477  0.001039  0.636066  0.768836  -0.065663  -0.726827  0.625532  0.283606  0.259121  -0.132666  0.956690  -0.015450  0.005911  0.024835  0.578028  2.981576  0.182277  1.000000  
170.366036 0.008298  -0.011470  0.001069  0.635790  0.768944  -0.067048  -0.725909  0.625203  0.286668  0.262350  -0.133590  0.955681  -0.015128  0.005903  0.024693  0.595941  2.964232  0.175824  1.000000  
170.367286 0.008281  -0.011462  0.001100  0.635484  0.769060  -0.068610  -0.724956  0.624889  0.289745  0.265705  -0.134389  0.954641  -0.014865  0.005884  0.024696  0.604217  2.956752  0.163887  1.000000  
170.368289 0.008268  -0.011456  0.001124  0.635263  0.769115  -0.070022  -0.724103  0.624696  0.292283  0.268542  -0.134974  0.953765  -0.014630  0.005896  0.024647  0.610031  2.952815  0.158604  1.000000  
170.369540 0.008252  -0.011449  0.001153  0.634917  0.769258  -0.071575  -0.723108  0.624324  0.295524  0.272020  -0.135877  0.952650  -0.014299  0.005885  0.024492  0.623788  2.944765  0.153519  1.000000  
