1-Time 2-Px 3-Py 4-Pz 5-R11 6-R21 7-R31 8-R12 9-R22 10-R32 11-R13 12-R23 13-R33 14-Vx 15-Vy 16-Vz 17-Wx 18-Wy 19-Wz 20-state
49.309180 0.014716  -0.031023  0.027685  0.849850  0.512573  0.122574  -0.415968  0.795183  -0.441196  -0.323614  0.323963  0.889001  0.000328  -0.000036  -0.000312  0.000000  0.000000  0.000000  1.000000  
49.310280 0.014717  -0.031023  0.027685  0.849850  0.512573  0.122574  -0.415968  0.795183  -0.441196  -0.323614  0.323963  0.889001  0.001035  0.000413  0.000554  0.000000  0.000000  0.000000  1.000000  
49.311527 0.014722  -0.031013  0.027666  0.849850  0.512588  0.122512  -0.415968  0.795130  -0.441292  -0.323614  0.324071  0.888961  0.002790  0.005073  -0.009523  0.000000  0.000000  0.000000  1.000000  
49.312530 0.014728  -0.031000  0.027641  0.849850  0.512588  0.122512  -0.415968  0.795130  -0.441292  -0.323614  0.324071  0.888961  0.003870  0.007807  -0.014469  0.000000  0.000000  0.000000  1.000000  
49.313531 0.014732  -0.030988  0.027622  0.849850  0.512603  0.122449  -0.415968  0.795076  -0.441389  -0.323614  0.324179  0.888922  0.003935  0.009039  -0.015713  0.000000  0.000000  0.000000  1.000000  
49.314780 0.014735  -0.030976  0.027610  0.849850  0.512618  0.122387  -0.415968  0.795023  -0.441485  -0.323614  0.324287  0.888883  0.003595  0.008999  -0.014266  0.000000  0.000000  0.000000  1.000000  
49.315797 0.014734  -0.030970  0.027603  0.849850  0.512632  0.122325  -0.415968  0.794969  -0.441581  -0.323614  0.324395  0.888843  0.002825  0.008540  -0.013057  0.000000  0.000000  0.000000  1.000000  
49.317036 0.014724  -0.030962  0.027592  0.849764  0.512796  0.122234  -0.416143  0.794864  -0.441607  -0.323614  0.324395  0.888843  0.001114  0.008278  -0.012420  0.000000  0.000000  0.000000  1.000000  
49.318280 0.014712  -0.030948  0.027578  0.849764  0.512796  0.122234  -0.416143  0.794864  -0.441607  -0.323614  0.324395  0.888843  -0.000475  0.008635  -0.012239  0.000000  0.000000  0.000000  1.000000  
49.319294 0.014703  -0.030936  0.027566  0.849764  0.512811  0.122172  -0.416143  0.794810  -0.441703  -0.323614  0.324502  0.888804  -0.001320  0.009029  -0.012164  0.000000  0.000000  0.000000  1.000000  
49.320534 0.014698  -0.030917  0.027553  0.849803  0.512787  0.122003  -0.416162  0.794776  -0.441747  -0.323487  0.324625  0.888805  -0.001620  0.009730  -0.011998  0.000000  0.000000  0.000000  1.000000  
49.321534 0.014696  -0.030901  0.027541  0.849881  0.512723  0.121727  -0.416200  0.794760  -0.441739  -0.323234  0.324763  0.888847  -0.001668  0.010238  -0.012010  0.000000  0.000000  0.000000  1.000000  
49.322787 0.014690  -0.030881  0.027518  0.849834  0.512878  0.121405  -0.416394  0.794567  -0.441904  -0.323107  0.324993  0.888809  -0.001955  0.010731  -0.012583  0.000000  0.000000  0.000000  1.000000  
49.324071 0.014682  -0.030860  0.027483  0.849834  0.512922  0.121218  -0.416394  0.794406  -0.442194  -0.323107  0.325316  0.888691  -0.002336  0.011247  -0.013905  0.000000  0.000000  0.000000  1.000000  
49.325303 0.014677  -0.030833  0.027441  0.849834  0.512980  0.120969  -0.416394  0.794191  -0.442579  -0.323107  0.325748  0.888533  -0.002746  0.012798  -0.016379  0.000000  0.000000  0.000000  1.000000  
49.326528 0.014677  -0.030801  0.027402  0.849795  0.513064  0.120889  -0.416375  0.794011  -0.442920  -0.323234  0.326056  0.888373  -0.003101  0.014212  -0.017465  0.000000  0.000000  0.000000  1.000000  
49.327786 0.014680  -0.030765  0.027373  0.849795  0.513108  0.120703  -0.416375  0.793850  -0.443209  -0.323234  0.326379  0.888255  -0.003220  0.015419  -0.017509  0.000000  0.000000  0.000000  1.000000  
49.329027 0.014677  -0.030732  0.027351  0.849795  0.513151  0.120516  -0.416375  0.793688  -0.443498  -0.323234  0.326702  0.888136  -0.003814  0.016696  -0.017669  0.000000  0.000000  0.000000  1.000000  
49.330027 0.014668  -0.030708  0.027331  0.849881  0.513003  0.120545  -0.416200  0.793740  -0.443569  -0.323234  0.326810  0.888096  -0.004517  0.017811  -0.018453  0.000000  0.000000  0.000000  1.000000  
49.331277 0.014652  -0.030679  0.027305  0.849920  0.512993  0.120314  -0.416219  0.793652  -0.443710  -0.323107  0.327041  0.888058  -0.005253  0.019226  -0.019576  0.000000  0.000000  0.000000  1.000000  
49.332279 0.014641  -0.030655  0.027279  0.850005  0.512844  0.120343  -0.416044  0.793704  -0.443781  -0.323107  0.327148  0.888018  -0.005411  0.020237  -0.020736  0.000000  0.000000  0.000000  1.000000  
49.333527 0.014632  -0.030626  0.027242  0.850091  0.512695  0.120372  -0.415869  0.793755  -0.443853  -0.323107  0.327256  0.887978  -0.005088  0.021445  -0.022348  0.000000  0.000000  0.000000  1.000000  
49.334528 0.014627  -0.030599  0.027209  0.850176  0.512561  0.120339  -0.415694  0.793753  -0.444020  -0.323107  0.327471  0.887899  -0.004990  0.022184  -0.023669  0.000000  0.000000  0.000000  1.000000  
49.335544 0.014623  -0.030571  0.027173  0.850223  0.512451  0.120475  -0.415500  0.793785  -0.444144  -0.323234  0.327564  0.887818  -0.005073  0.023169  -0.025543  0.000000  0.000000  0.000000  1.000000  
49.336554 0.014617  -0.030541  0.027136  0.850184  0.512505  0.120520  -0.415481  0.793712  -0.444293  -0.323360  0.327657  0.887738  -0.005311  0.024131  -0.027134  0.000000  0.000000  0.000000  1.000000  
49.337788 0.014607  -0.030503  0.027089  0.850355  0.512222  0.120516  -0.415131  0.793762  -0.444532  -0.323360  0.327980  0.887619  -0.005572  0.025368  -0.028588  0.000000  0.000000  0.000000  1.000000  
49.338800 0.014597  -0.030473  0.027056  0.850441  0.512088  0.120484  -0.414956  0.793759  -0.444700  -0.323360  0.328195  0.887539  -0.005777  0.026273  -0.028983  0.000000  0.000000  0.000000  1.000000  
49.340038 0.014586  -0.030435  0.027019  0.850611  0.511805  0.120481  -0.414606  0.793808  -0.444939  -0.323360  0.328518  0.887420  -0.006184  0.027007  -0.028653  0.000000  0.000000  0.000000  1.000000  
49.341276 0.014576  -0.030396  0.026987  0.850658  0.511711  0.120555  -0.414412  0.793786  -0.445159  -0.323487  0.328718  0.887300  -0.006730  0.027490  -0.028217  0.000000  0.000000  0.000000  1.000000  
49.342278 0.014569  -0.030362  0.026965  0.850743  0.511576  0.120522  -0.414237  0.793784  -0.445326  -0.323487  0.328934  0.887220  -0.007389  0.027888  -0.027934  0.000000  0.000000  0.000000  1.000000  
49.343527 0.014557  -0.030320  0.026936  0.850828  0.511457  0.120428  -0.414062  0.793727  -0.445590  -0.323487  0.329256  0.887100  -0.008188  0.028321  -0.028255  0.000000  0.000000  0.000000  1.000000  
49.344778 0.014540  -0.030283  0.026904  0.851084  0.510996  0.120579  -0.413536  0.793934  -0.445709  -0.323487  0.329472  0.887020  -0.008674  0.028806  -0.028990  0.000000  0.000000  0.000000  1.000000  
49.346031 0.014521  -0.030248  0.026864  0.851293  0.510673  0.120470  -0.413205  0.794002  -0.445896  -0.323360  0.329809  0.886941  -0.008893  0.029172  -0.029921  -0.168023  -0.027773  -0.101406  1.000000  
49.347277 0.014506  -0.030212  0.026818  0.851378  0.510539  0.120438  -0.413029  0.793999  -0.446064  -0.323360  0.330025  0.886861  -0.009016  0.029528  -0.030746  -0.170319  -0.032054  -0.112774  1.000000  
49.348277 0.014494  -0.030182  0.026779  0.851587  0.510187  0.120453  -0.412698  0.794174  -0.446059  -0.323234  0.330147  0.886861  -0.009312  0.030111  -0.031409  -0.169916  -0.032366  -0.126494  1.000000  
49.349527 0.014481  -0.030141  0.026732  0.851633  0.510092  0.120528  -0.412503  0.794152  -0.446278  -0.323360  0.330347  0.886740  -0.009766  0.030562  -0.031810  -0.171833  -0.043029  -0.129564  1.000000  
49.350777 0.014464  -0.030100  0.026689  0.851803  0.509780  0.120650  -0.412153  0.794307  -0.446325  -0.323360  0.330455  0.886700  -0.010521  0.030939  -0.031667  -0.167392  -0.051728  -0.140202  1.000000  
49.351778 0.014449  -0.030066  0.026658  0.851888  0.509616  0.120742  -0.411977  0.794412  -0.446300  -0.323360  0.330455  0.886700  -0.011057  0.031188  -0.031250  -0.161116  -0.058166  -0.144735  1.000000  
49.352781 0.014431  -0.030032  0.026628  0.851973  0.509467  0.120772  -0.411802  0.794463  -0.446372  -0.323360  0.330562  0.886660  -0.011703  0.031417  -0.030804  -0.152604  -0.066863  -0.155331  1.000000  
49.353782 0.014413  -0.029998  0.026600  0.852057  0.509304  0.120864  -0.411627  0.794568  -0.446347  -0.323360  0.330562  0.886660  -0.012254  0.031710  -0.030431  -0.138250  -0.069140  -0.161408  1.000000  
49.354795 0.014397  -0.029964  0.026569  0.852096  0.509264  0.120757  -0.411645  0.794587  -0.446295  -0.323234  0.330578  0.886701  -0.012782  0.031917  -0.030444  0.000000  0.000000  0.000000  1.000000  
49.356031 0.014378  -0.029923  0.026529  0.852181  0.509100  0.120849  -0.411470  0.794692  -0.446270  -0.323234  0.330578  0.886701  -0.013411  0.032021  -0.031022  0.000000  0.000000  0.000000  1.000000  
49.357279 0.014361  -0.029881  0.026483  0.852305  0.508897  0.120834  -0.411313  0.794816  -0.446194  -0.323107  0.330593  0.886741  -0.013914  0.032025  -0.032254  0.000000  0.000000  0.000000  1.000000  
49.358528 0.014343  -0.029839  0.026432  0.852382  0.508817  0.120620  -0.411351  0.794854  -0.446091  -0.322854  0.330623  0.886822  -0.014310  0.032077  -0.033751  0.000000  0.000000  0.000000  1.000000  
49.359778 0.014321  -0.029797  0.026380  0.852421  0.508792  0.120451  -0.411370  0.794820  -0.446136  -0.322727  0.330745  0.886823  -0.014569  0.032434  -0.034996  0.000000  0.000000  0.000000  1.000000  
49.361025 0.014299  -0.029756  0.026328  0.852499  0.508727  0.120176  -0.411407  0.794804  -0.446129  -0.322474  0.330883  0.886863  -0.014829  0.032830  -0.035689  0.000000  0.000000  0.000000  1.000000  
49.362026 0.014282  -0.029722  0.026290  0.852577  0.508647  0.119962  -0.411445  0.794842  -0.446026  -0.322221  0.330913  0.886944  -0.015072  0.033176  -0.035792  0.000000  0.000000  0.000000  1.000000  
49.363275 0.014262  -0.029679  0.026245  0.852654  0.508567  0.119748  -0.411482  0.794881  -0.445923  -0.321967  0.330944  0.887025  -0.015489  0.033548  -0.035590  0.000000  0.000000  0.000000  1.000000  
49.364275 0.014245  -0.029642  0.026212  0.852693  0.508542  0.119580  -0.411501  0.794846  -0.445967  -0.321841  0.331066  0.887025  -0.015910  0.033842  -0.035299  0.000000  0.000000  0.000000  1.000000  
49.365525 0.014222  -0.029594  0.026172  0.852771  0.508462  0.119366  -0.411538  0.794885  -0.445864  -0.321587  0.331096  0.887106  -0.016406  0.034301  -0.035102  0.000000  0.000000  0.000000  1.000000  
49.366775 0.014196  -0.029545  0.026129  0.852802  0.508492  0.119015  -0.411770  0.794892  -0.445638  -0.321207  0.331034  0.887267  -0.016863  0.034739  -0.035232  0.000000  0.000000  0.000000  1.000000  
49.367776 0.014178  -0.029505  0.026092  0.852880  0.508398  0.118863  -0.411807  0.794984  -0.445438  -0.320954  0.330956  0.887388  -0.016921  0.035136  -0.035698  0.000000  0.000000  0.000000  1.000000  
49.368788 0.014160  -0.029467  0.026051  0.852872  0.508467  0.118619  -0.412020  0.794972  -0.445263  -0.320700  0.330879  0.887508  -0.016893  0.035384  -0.036619  0.000000  0.000000  0.000000  1.000000  
49.370029 0.014140  -0.029421  0.025993  0.852942  0.508443  0.118223  -0.412270  0.795052  -0.444887  -0.320193  0.330723  0.887749  -0.017004  0.035927  -0.038210  0.000000  0.000000  0.000000  1.000000  
49.371035 0.014123  -0.029385  0.025942  0.853057  0.508309  0.117964  -0.412326  0.795164  -0.444636  -0.319813  0.330660  0.887910  -0.017088  0.035899  -0.039190  0.000000  0.000000  0.000000  1.000000  
49.372285 0.014100  -0.029337  0.025880  0.853003  0.508488  0.117583  -0.412733  0.795120  -0.444336  -0.319433  0.330490  0.888110  -0.017432  0.036330  -0.040206  0.000000  0.000000  0.000000  1.000000  
49.373528 0.014075  -0.029286  0.025822  0.853072  0.508450  0.117249  -0.412983  0.795254  -0.443864  -0.318925  0.330226  0.888390  -0.017809  0.036846  -0.040691  0.000000  0.000000  0.000000  1.000000  
49.374775 0.014048  -0.029238  0.025768  0.853140  0.508426  0.116853  -0.413233  0.795334  -0.443488  -0.318418  0.330070  0.888630  -0.018222  0.037310  -0.040796  0.000000  0.000000  0.000000  1.000000  
49.375776 0.014026  -0.029199  0.025728  0.853208  0.508417  0.116395  -0.413483  0.795360  -0.443208  -0.317911  0.330021  0.888830  -0.018472  0.037753  -0.040721  0.020932  0.170729  -0.091165  1.000000  
49.376776 0.014006  -0.029160  0.025689  0.853191  0.508557  0.115908  -0.413909  0.795336  -0.442855  -0.317403  0.329865  0.889069  -0.018708  0.038094  -0.040780  0.028303  0.196501  -0.073001  1.000000  
49.378026 0.013980  -0.029109  0.025640  0.853211  0.508658  0.115314  -0.414353  0.795330  -0.442450  -0.316769  0.329723  0.889348  -0.019094  0.038611  -0.041021  0.037892  0.220036  -0.060935  1.000000  
49.379026 0.013961  -0.029066  0.025598  0.853240  0.508689  0.114964  -0.414584  0.795337  -0.442221  -0.316388  0.329659  0.889507  -0.019218  0.039054  -0.041430  0.041587  0.241268  -0.054952  1.000000  
49.380027 0.013942  -0.029021  0.025555  0.853260  0.508790  0.114370  -0.415028  0.795331  -0.441816  -0.315753  0.329517  0.889786  -0.019308  0.039460  -0.042317  0.045333  0.273511  -0.038637  1.000000  
49.381275 0.013918  -0.028966  0.025498  0.853316  0.508866  0.113607  -0.415490  0.795291  -0.441453  -0.314992  0.329497  0.890063  -0.019184  0.039925  -0.043367  0.046497  0.303131  -0.029337  1.000000  
49.382275 0.013901  -0.028921  0.025451  0.853420  0.508804  0.113105  -0.415758  0.795389  -0.441023  -0.314357  0.329354  0.890340  -0.019041  0.040269  -0.044045  0.054309  0.328765  -0.024894  1.000000  
49.383276 0.013884  -0.028877  0.025404  0.853523  0.508756  0.112540  -0.416025  0.795435  -0.440689  -0.313721  0.329319  0.890577  -0.019045  0.040612  -0.044565  0.053988  0.354075  -0.020419  1.000000  
49.384278 0.013865  -0.028834  0.025357  0.853540  0.508859  0.111947  -0.416469  0.795429  -0.440281  -0.313086  0.329175  0.890854  -0.019108  0.041021  -0.044731  0.055546  0.381704  -0.009822  1.000000  
49.385538 0.013842  -0.028778  0.025300  0.853718  0.508705  0.111291  -0.416773  0.795619  -0.439648  -0.312197  0.328952  0.891248  -0.019365  0.041718  -0.044358  0.063893  0.414654  -0.006893  1.000000  
49.386779 0.013815  -0.028723  0.025246  0.853771  0.508755  0.110652  -0.417234  0.795685  -0.439090  -0.311434  0.328715  0.891603  -0.019661  0.042197  -0.043965  0.069621  0.442711  0.003844  1.000000  
49.387785 0.013793  -0.028678  0.025205  0.853872  0.508681  0.110211  -0.417501  0.795837  -0.438562  -0.310798  0.328462  0.891918  -0.019847  0.042582  -0.043366  0.079693  0.461698  0.003847  1.000000  
49.388794 0.013770  -0.028633  0.025167  0.853973  0.508607  0.109770  -0.417768  0.795988  -0.438032  -0.310162  0.328209  0.892232  -0.019950  0.042885  -0.042841  0.093844  0.480706  0.003830  1.000000  
49.390029 0.013745  -0.028575  0.025116  0.854110  0.508482  0.109283  -0.418054  0.796212  -0.437354  -0.309399  0.327862  0.892625  -0.019838  0.043636  -0.042807  0.108107  0.500128  0.003890  1.000000  
49.391275 0.013720  -0.028516  0.025062  0.854247  0.508356  0.108796  -0.418338  0.796435  -0.436675  -0.308635  0.327514  0.893017  -0.019744  0.044221  -0.043141  0.126416  0.519343  0.003929  1.000000  
49.392276 0.013702  -0.028468  0.025014  0.854346  0.508284  0.108354  -0.418605  0.796585  -0.436144  -0.307999  0.327260  0.893329  -0.019511  0.044874  -0.043812  0.136541  0.538505  0.003968  1.000000  
49.393276 0.013684  -0.028421  0.024963  0.854531  0.508048  0.108003  -0.418696  0.796840  -0.435591  -0.307362  0.327006  0.893642  -0.019426  0.045202  -0.044515  0.148847  0.551117  -0.000583  1.000000  
49.394280 0.013668  -0.028373  0.024912  0.854666  0.507924  0.107515  -0.418980  0.797062  -0.434911  -0.306598  0.326657  0.894032  -0.019203  0.045441  -0.045063  0.167136  0.570204  -0.000520  1.000000  
49.395527 0.013648  -0.028313  0.024849  0.854923  0.507598  0.107009  -0.419106  0.797408  -0.434156  -0.305707  0.326321  0.894460  -0.018985  0.045765  -0.045498  0.179501  0.591368  -0.008093  1.000000  
49.396527 0.013631  -0.028264  0.024803  0.855020  0.507527  0.106567  -0.419372  0.797557  -0.433624  -0.305070  0.326066  0.894770  -0.018880  0.046037  -0.045595  0.191837  0.604082  -0.012625  1.000000  
49.397777 0.013610  -0.028203  0.024749  0.855313  0.507150  0.106015  -0.419516  0.797973  -0.432718  -0.304050  0.325635  0.895274  -0.018854  0.046445  -0.045236  0.210440  0.622898  -0.026299  1.000000  
49.399026 0.013589  -0.028142  0.024697  0.855518  0.506950  0.105311  -0.419835  0.798232  -0.431931  -0.303030  0.325311  0.895737  -0.018780  0.046882  -0.044868  0.218865  0.645284  -0.028983  1.000000  
49.400032 0.013571  -0.028093  0.024656  0.855686  0.506803  0.104654  -0.420136  0.798419  -0.431292  -0.302137  0.325082  0.896122  -0.018678  0.047196  -0.044421  0.224847  0.663160  -0.033629  1.000000  
49.401275 0.013547  -0.028033  0.024605  0.855976  0.506427  0.104100  -0.420278  0.798834  -0.430385  -0.301117  0.324648  0.896623  -0.018539  0.047571  -0.044199  0.237422  0.680707  -0.048386  1.000000  
49.402281 0.013529  -0.027984  0.024565  0.856142  0.506281  0.103442  -0.420579  0.799020  -0.429745  -0.300224  0.324418  0.897006  -0.018194  0.047881  -0.044087  0.245647  0.697518  -0.054330  1.000000  
49.403531 0.013507  -0.027921  0.024512  0.856466  0.505868  0.102779  -0.420738  0.799452  -0.428784  -0.299075  0.323996  0.897542  -0.017859  0.048322  -0.044421  0.258122  0.717885  -0.066745  1.000000  
49.404535 0.013491  -0.027869  0.024467  0.856630  0.505711  0.102181  -0.421037  0.799690  -0.428046  -0.298181  0.323655  0.897962  -0.017511  0.048612  -0.044737  0.266340  0.734658  -0.072612  1.000000  
49.405783 0.013473  -0.027805  0.024406  0.856901  0.505425  0.101321  -0.421389  0.800036  -0.427052  -0.296904  0.323245  0.898533  -0.017140  0.048986  -0.045184  0.280954  0.753767  -0.086166  1.000000  
49.407034 0.013453  -0.027742  0.024344  0.857221  0.505015  0.100657  -0.421547  0.800466  -0.426089  -0.295753  0.322821  0.899064  -0.016860  0.049308  -0.045454  0.295389  0.768249  -0.098123  1.000000  
49.408037 0.013437  -0.027691  0.024297  0.857418  0.504809  0.100011  -0.421863  0.800773  -0.425199  -0.294731  0.322382  0.899557  -0.016722  0.049500  -0.045109  0.313899  0.782830  -0.110135  1.000000  
49.409281 0.013417  -0.027627  0.024240  0.857632  0.504641  0.099016  -0.422407  0.801084  -0.424072  -0.293324  0.321873  0.900199  -0.016723  0.049781  -0.044591  0.330464  0.808468  -0.118960  1.000000  
49.410283 0.013399  -0.027576  0.024198  0.857826  0.504425  0.098431  -0.422722  0.801440  -0.423083  -0.292301  0.321323  0.900728  -0.016821  0.049935  -0.044137  0.353054  0.823125  -0.130907  1.000000  
49.411531 0.013376  -0.027512  0.024146  0.858124  0.504084  0.097583  -0.423089  0.801904  -0.421837  -0.290893  0.320702  0.901405  -0.016990  0.050171  -0.043748  0.375740  0.842174  -0.144283  1.000000  
49.412533 0.013359  -0.027460  0.024105  0.858264  0.504009  0.096741  -0.423597  0.802123  -0.420910  -0.289740  0.320272  0.901929  -0.017018  0.050345  -0.043650  0.390076  0.861354  -0.143855  1.000000  
49.413783 0.013336  -0.027397  0.024051  0.858470  0.503835  0.095805  -0.424138  0.802481  -0.419680  -0.288332  0.319649  0.902602  -0.017133  0.050467  -0.043765  0.404571  0.880800  -0.143220  1.000000  
49.415030 0.013314  -0.027333  0.023995  0.858675  0.503663  0.094869  -0.424679  0.802837  -0.418449  -0.286922  0.319023  0.903272  -0.017105  0.050661  -0.044081  0.421018  0.897704  -0.148716  1.000000  
49.416037 0.013297  -0.027283  0.023947  0.858844  0.503543  0.093980  -0.425203  0.803123  -0.417368  -0.285640  0.318493  0.903865  -0.016940  0.050811  -0.044612  0.435515  0.921383  -0.149678  1.000000  
49.417282 0.013276  -0.027219  0.023888  0.859112  0.503287  0.092887  -0.425777  0.803566  -0.415928  -0.283973  0.317780  0.904641  -0.016871  0.051036  -0.045208  0.456064  0.951022  -0.159640  1.000000  
49.418282 0.013260  -0.027167  0.023843  0.859189  0.503336  0.091913  -0.426476  0.803746  -0.414862  -0.282689  0.317247  0.905230  -0.016754  0.051111  -0.045363  0.462283  0.978936  -0.148004  1.000000  
49.419283 0.013244  -0.027114  0.023797  0.859385  0.503182  0.090915  -0.427014  0.804048  -0.413722  -0.281277  0.316725  0.905852  -0.016731  0.051194  -0.045442  0.472687  1.010964  -0.151826  1.000000  
49.420285 0.013229  -0.027062  0.023753  0.859579  0.503020  0.089977  -0.427552  0.804399  -0.412483  -0.279865  0.316092  0.906511  -0.016770  0.051255  -0.045151  0.483014  1.038560  -0.153930  1.000000  
49.421285 0.013214  -0.027009  0.023711  0.859715  0.502998  0.088786  -0.428282  0.804614  -0.411304  -0.278323  0.315579  0.907164  -0.016725  0.051400  -0.044637  0.491322  1.072565  -0.151398  1.000000  
49.422532 0.013193  -0.026945  0.023661  0.859916  0.502870  0.087560  -0.429045  0.805015  -0.409721  -0.276523  0.314759  0.907999  -0.016826  0.051427  -0.043979  0.508059  1.111285  -0.150109  1.000000  
49.423540 0.013176  -0.026893  0.023622  0.860047  0.502842  0.086429  -0.429774  0.805277  -0.408440  -0.274980  0.314132  0.908684  -0.016867  0.051450  -0.043354  0.520469  1.140947  -0.145881  1.000000  
49.424781 0.013155  -0.026829  0.023574  0.860217  0.502800  0.084963  -0.430745  0.805658  -0.406663  -0.272921  0.313221  0.909619  -0.016879  0.051604  -0.043012  0.537440  1.188449  -0.133407  1.000000  
49.425781 0.013140  -0.026776  0.023535  0.860374  0.502730  0.083785  -0.431488  0.805985  -0.405224  -0.271247  0.312492  0.910370  -0.016647  0.051640  -0.042832  0.548135  1.224964  -0.124214  1.000000  
49.427035 0.013120  -0.026712  0.023482  0.860592  0.502557  0.082572  -0.432263  0.806495  -0.403379  -0.269315  0.311452  0.911300  -0.016451  0.051569  -0.042976  0.573006  1.263199  -0.122420  1.000000  
49.428283 0.013102  -0.026648  0.023423  0.860717  0.502564  0.081215  -0.433214  0.806850  -0.401646  -0.267382  0.310520  0.912187  -0.016152  0.051631  -0.043275  0.592039  1.299728  -0.112904  1.000000  
49.429283 0.013089  -0.026597  0.023376  0.860831  0.502530  0.080208  -0.433938  0.807201  -0.400156  -0.265834  0.309661  0.912930  -0.015821  0.051647  -0.043504  0.606889  1.331871  -0.101924  1.000000  
49.430533 0.013073  -0.026534  0.023317  0.860979  0.502498  0.078804  -0.434902  0.807618  -0.398263  -0.263770  0.308624  0.913880  -0.015434  0.051593  -0.043566  0.630115  1.368287  -0.092153  1.000000  
49.431784 0.013057  -0.026471  0.023262  0.861123  0.502471  0.077400  -0.435865  0.808032  -0.396366  -0.261704  0.307584  0.914824  -0.015106  0.051586  -0.043252  0.651425  1.411101  -0.077517  1.000000  
49.433031 0.013041  -0.026408  0.023210  0.861292  0.502411  0.075888  -0.436842  0.808461  -0.394410  -0.259508  0.306551  0.915796  -0.014902  0.051476  -0.042888  0.669534  1.444642  -0.069976  1.000000  
49.434279 0.013025  -0.026344  0.023162  0.861546  0.502189  0.074457  -0.437640  0.808991  -0.392434  -0.257311  0.305515  0.916762  -0.014656  0.051393  -0.042363  0.690638  1.482719  -0.067608  1.000000  
49.435280 0.013012  -0.026293  0.023124  0.861674  0.502135  0.073341  -0.438374  0.809349  -0.390873  -0.255630  0.304655  0.917518  -0.014481  0.051242  -0.041941  0.709638  1.514323  -0.056414  1.000000  
49.436309 0.013000  -0.026242  0.023087  0.861828  0.502039  0.072177  -0.439123  0.809770  -0.389156  -0.253818  0.303691  0.918340  -0.014200  0.050993  -0.041509  0.728129  1.551378  -0.049927  1.000000  
49.437537 0.012985  -0.026181  0.023040  0.862098  0.501785  0.070696  -0.439932  0.810357  -0.387016  -0.251488  0.302544  0.919359  -0.013796  0.050889  -0.041436  0.752071  1.586408  -0.049862  1.000000  
49.438537 0.012973  -0.026131  0.023001  0.862244  0.501688  0.069593  -0.440678  0.810820  -0.385194  -0.249675  0.301464  0.920208  -0.013524  0.050794  -0.041407  0.773307  1.616181  -0.044320  1.000000  
49.439785 0.012959  -0.026070  0.022951  0.862446  0.501516  0.068331  -0.441453  0.811362  -0.383159  -0.247601  0.300289  0.921152  -0.013000  0.050550  -0.041648  0.791144  1.642661  -0.036946  1.000000  
49.441026 0.012946  -0.026007  0.022899  0.862643  0.501339  0.067129  -0.442226  0.811948  -0.381021  -0.245526  0.298999  0.922126  -0.012630  0.050396  -0.041720  0.814058  1.665221  -0.035620  1.000000  
49.442057 0.012936  -0.025958  0.022859  0.862839  0.501131  0.066153  -0.442776  0.812439  -0.379331  -0.243840  0.298011  0.922893  -0.012223  0.050189  -0.041349  0.833130  1.686203  -0.036825  1.000000  
49.443275 0.012924  -0.025895  0.022810  0.862999  0.500990  0.065122  -0.443531  0.813045  -0.377145  -0.241893  0.296592  0.923862  -0.011900  0.050205  -0.040906  0.860576  1.707863  -0.031874  1.000000  
49.444278 0.012914  -0.025846  0.022773  0.863247  0.500711  0.063986  -0.444108  0.813612  -0.375238  -0.239945  0.295506  0.924717  -0.011689  0.050068  -0.040182  0.879693  1.735236  -0.032154  1.000000  
49.445526 0.012899  -0.025785  0.022730  0.863455  0.500510  0.062734  -0.444890  0.814245  -0.372932  -0.237736  0.294100  0.925736  -0.011593  0.049975  -0.039125  0.909047  1.756602  -0.036769  1.000000  
49.446527 0.012888  -0.025736  0.022697  0.863666  0.500273  0.061706  -0.445449  0.814787  -0.371076  -0.235917  0.292998  0.926550  -0.011521  0.049841  -0.038456  0.930041  1.773531  -0.040391  1.000000  
49.447776 0.012874  -0.025675  0.022655  0.863893  0.500048  0.060343  -0.446241  0.815430  -0.368705  -0.233575  0.291594  0.927586  -0.011315  0.049710  -0.037736  0.953764  1.797239  -0.038498  1.000000  
49.448776 0.012864  -0.025627  0.022621  0.864179  0.499716  0.058983  -0.446840  0.816018  -0.366672  -0.231363  0.290514  0.928479  -0.011136  0.049558  -0.037315  0.977052  1.821288  -0.051126  1.000000  
49.449777 0.012854  -0.025578  0.022586  0.864405  0.499450  0.057904  -0.447408  0.816612  -0.364651  -0.229410  0.289300  0.929342  -0.010940  0.049395  -0.037159  1.002003  1.837963  -0.054492  1.000000  
49.451029 0.012843  -0.025518  0.022539  0.864617  0.499233  0.056600  -0.448195  0.817285  -0.362170  -0.227065  0.287771  0.930392  -0.010715  0.049294  -0.037247  1.027201  1.854764  -0.057096  1.000000  
49.452029 0.012834  -0.025470  0.022500  0.864808  0.499004  0.055690  -0.448746  0.817896  -0.360101  -0.225241  0.286428  0.931250  -0.010474  0.049001  -0.037263  1.058553  1.866354  -0.065246  1.000000  
49.453034 0.012824  -0.025423  0.022462  0.865023  0.498745  0.054669  -0.449310  0.818521  -0.357972  -0.223285  0.285091  0.932130  -0.010295  0.048851  -0.037235  1.087547  1.876812  -0.075729  1.000000  
49.454035 0.012815  -0.025376  0.022423  0.865141  0.498665  0.053514  -0.450050  0.818996  -0.355951  -0.221328  0.283864  0.932971  -0.010215  0.048904  -0.037341  1.101917  1.888964  -0.074809  1.000000  
49.455050 0.012805  -0.025330  0.022388  0.865348  0.498415  0.052492  -0.450610  0.819613  -0.353816  -0.219370  0.282520  0.933841  -0.010039  0.048459  -0.036649  1.125338  1.897265  -0.077465  1.000000  
49.456281 0.012794  -0.025270  0.022347  0.865587  0.498152  0.051024  -0.451414  0.820337  -0.351101  -0.216759  0.280875  0.934946  -0.009951  0.048291  -0.036050  1.153454  1.913828  -0.086121  1.000000  
49.457283 0.012785  -0.025222  0.022316  0.865666  0.498114  0.050040  -0.452136  0.820825  -0.349027  -0.214930  0.279516  0.935776  -0.009927  0.048145  -0.035408  1.170587  1.922507  -0.086095  1.000000  
49.458284 0.012776  -0.025175  0.022285  0.865793  0.498014  0.048835  -0.452883  0.821342  -0.346835  -0.212839  0.278171  0.936654  -0.009848  0.047999  -0.034933  1.191794  1.939655  -0.088872  1.000000  
49.459310 0.012767  -0.025126  0.022255  0.865889  0.497952  0.047740  -0.453615  0.821838  -0.344697  -0.210877  0.276814  0.937499  -0.009680  0.047863  -0.034423  1.207889  1.950906  -0.090063  1.000000  
49.460310 0.012759  -0.025079  0.022225  0.865913  0.498031  0.046464  -0.454536  0.822244  -0.342507  -0.208784  0.275462  0.938366  -0.009519  0.047739  -0.034163  1.223627  1.966158  -0.084888  1.000000  
49.461529 0.012748  -0.025020  0.022185  0.866006  0.497996  0.045097  -0.455495  0.822862  -0.339738  -0.206297  0.273674  0.939438  -0.009314  0.047727  -0.034110  1.250536  1.979541  -0.082702  1.000000  
49.462531 0.012740  -0.024973  0.022152  0.866089  0.497944  0.044065  -0.456222  0.823385  -0.337489  -0.204333  0.272192  0.940297  -0.009083  0.047607  -0.034087  1.271897  1.988541  -0.082391  1.000000  
49.463780 0.012732  -0.024913  0.022109  0.866217  0.497859  0.042476  -0.457201  0.824023  -0.334593  -0.201582  0.270410  0.941405  -0.008759  0.047535  -0.034118  1.297604  2.003113  -0.085401  1.000000  
49.464781 0.012725  -0.024867  0.022073  0.866220  0.497951  0.041325  -0.458115  0.824490  -0.332186  -0.199484  0.268815  0.942308  -0.008640  0.047320  -0.034179  1.321506  2.018243  -0.079803  1.000000  
49.466037 0.012717  -0.024809  0.022028  0.866357  0.497850  0.039626  -0.459101  0.825131  -0.329220  -0.196599  0.267030  0.943421  -0.008380  0.047217  -0.033953  1.338284  2.041764  -0.073338  1.000000  
49.467287 0.012706  -0.024752  0.021986  0.866369  0.497950  0.038093  -0.460250  0.825723  -0.326115  -0.193844  0.265003  0.944562  -0.008346  0.047089  -0.033494  1.368452  2.058980  -0.062976  1.000000  
49.468527 0.012696  -0.024694  0.021946  0.866394  0.498028  0.036451  -0.461408  0.826324  -0.322943  -0.190955  0.262977  0.945716  -0.008257  0.047059  -0.033091  1.388092  2.080746  -0.055991  1.000000  
49.469532 0.012688  -0.024648  0.021916  0.866395  0.498117  0.035193  -0.462324  0.826779  -0.320456  -0.188722  0.261371  0.946609  -0.008224  0.046979  -0.032643  1.406096  2.101399  -0.044899  1.000000  
49.470535 0.012679  -0.024602  0.021885  0.866412  0.498182  0.033825  -0.463250  0.827246  -0.317905  -0.186356  0.259768  0.947519  -0.008098  0.046885  -0.032377  1.430623  2.130060  -0.042873  1.000000  
49.471536 0.012672  -0.024556  0.021854  0.866359  0.498345  0.032793  -0.464139  0.827657  -0.315530  -0.184384  0.258141  0.948349  -0.008039  0.046809  -0.032372  1.449495  2.139851  -0.030253  1.000000  
49.472787 0.012662  -0.024498  0.021814  0.866355  0.498460  0.031097  -0.465286  0.828187  -0.312434  -0.181490  0.256210  0.949430  -0.007858  0.046666  -0.032477  1.462500  2.175465  -0.015254  1.000000  
49.474030 0.012654  -0.024441  0.021773  0.866321  0.498611  0.029575  -0.466417  0.828730  -0.309292  -0.178726  0.254152  0.950507  -0.007726  0.046602  -0.032801  1.481754  2.192088  -0.006825  1.000000  
49.475280 0.012645  -0.024384  0.021730  0.866320  0.498710  0.027891  -0.467568  0.829332  -0.305922  -0.175697  0.251985  0.951648  -0.007588  0.046446  -0.033101  1.505099  2.222640  0.008940  1.000000  
49.476526 0.012638  -0.024326  0.021688  0.866310  0.498819  0.026210  -0.468714  0.829924  -0.302544  -0.172667  0.249812  0.952775  -0.007334  0.046234  -0.033177  1.526491  2.248716  0.021548  1.000000  
49.477527 0.012631  -0.024281  0.021655  0.866307  0.498896  0.024800  -0.469635  0.830399  -0.299800  -0.170163  0.248072  0.953680  -0.007297  0.046107  -0.033139  1.547606  2.273750  0.031451  1.000000  
49.478778 0.012622  -0.024225  0.021618  0.866221  0.499136  0.022897  -0.470974  0.830936  -0.296190  -0.166865  0.245782  0.954854  -0.007354  0.045906  -0.032716  1.572446  2.298248  0.057841  1.000000  
49.480033 0.012612  -0.024169  0.021583  0.866183  0.499274  0.021284  -0.472109  0.831532  -0.292690  -0.163830  0.243475  0.955970  -0.007397  0.045741  -0.031987  1.595936  2.323394  0.070174  1.000000  
49.481276 0.012602  -0.024113  0.021550  0.866056  0.499569  0.019440  -0.473429  0.831994  -0.289226  -0.160662  0.241282  0.957064  -0.007534  0.045640  -0.031330  1.610540  2.355368  0.087986  1.000000  
49.482276 0.012594  -0.024068  0.021523  0.866021  0.499682  0.018037  -0.474336  0.832434  -0.286458  -0.158152  0.239523  0.957923  -0.007453  0.045608  -0.030877  1.624281  2.373809  0.094487  1.000000  
49.483527 0.012583  -0.024013  0.021491  0.865992  0.499796  0.016206  -0.475479  0.833028  -0.282812  -0.154848  0.237208  0.959038  -0.007543  0.045420  -0.030336  1.643024  2.409694  0.111423  1.000000  
49.484527 0.012575  -0.023968  0.021465  0.865942  0.499924  0.014867  -0.476381  0.833486  -0.279932  -0.152336  0.235323  0.959905  -0.007543  0.045333  -0.030093  1.663700  2.424279  0.118954  1.000000  
49.485547 0.012568  -0.023923  0.021437  0.865903  0.500033  0.013357  -0.477289  0.833918  -0.277086  -0.149691  0.233555  0.960752  -0.007385  0.045233  -0.029840  1.673082  2.448824  0.130500  1.000000  
49.486786 0.012559  -0.023868  0.021402  0.865845  0.500178  0.011593  -0.478419  0.834513  -0.273319  -0.146383  0.231106  0.961854  -0.007408  0.045157  -0.029654  1.699022  2.477189  0.136146  1.000000  
49.488039 0.012549  -0.023813  0.021366  0.865775  0.500336  0.009832  -0.479545  0.835094  -0.269544  -0.143073  0.228650  0.962938  -0.007435  0.044875  -0.029253  1.723223  2.506497  0.148458  1.000000  
49.489050 0.012542  -0.023770  0.021339  0.865695  0.500498  0.008562  -0.480432  0.835548  -0.266541  -0.140557  0.226630  0.963786  -0.007426  0.044640  -0.028769  1.742678  2.523322  0.149206  1.000000  
49.490283 0.012532  -0.023717  0.021307  0.865590  0.500704  0.006979  -0.481540  0.836123  -0.262713  -0.137377  0.224041  0.964849  -0.007591  0.044486  -0.028140  1.772999  2.543339  0.157664  1.000000  
49.491532 0.012522  -0.023663  0.021277  0.865606  0.500700  0.005167  -0.482483  0.836783  -0.258852  -0.133930  0.221571  0.965903  -0.007716  0.044215  -0.027268  1.797377  2.575614  0.162453  1.000000  
49.492777 0.012510  -0.023610  0.021250  0.865525  0.500855  0.003250  -0.483606  0.837372  -0.254819  -0.130349  0.218981  0.966983  -0.007933  0.043963  -0.026447  1.819469  2.602503  0.161498  1.000000  
49.494031 0.012499  -0.023557  0.021225  0.865532  0.500852  0.001389  -0.484546  0.838049  -0.250778  -0.126767  0.216383  0.968044  -0.008037  0.043793  -0.025640  1.846744  2.635353  0.160356  1.000000  
49.495277 0.012487  -0.023504  0.021200  0.865427  0.501036  -0.000582  -0.485657  0.838577  -0.246831  -0.123182  0.213897  0.969058  -0.008206  0.043568  -0.025006  1.861115  2.658411  0.160948  1.000000  
49.496278 0.012478  -0.023462  0.021180  0.865411  0.501060  -0.001841  -0.486351  0.839112  -0.243626  -0.120526  0.211732  0.969867  -0.008222  0.043398  -0.024606  1.883171  2.670957  0.163324  1.000000  
49.497527 0.012467  -0.023409  0.021154  0.865370  0.501121  -0.003524  -0.487267  0.839761  -0.239525  -0.117072  0.208995  0.970884  -0.008274  0.043205  -0.024188  1.907294  2.691119  0.158771  1.000000  
49.498777 0.012456  -0.023358  0.021127  0.865244  0.501321  -0.005540  -0.488369  0.840290  -0.235390  -0.113351  0.206375  0.971885  -0.008360  0.042894  -0.023760  1.926632  2.717540  0.159714  1.000000  
49.500031 0.012445  -0.023305  0.021102  0.865091  0.501560  -0.007378  -0.489458  0.840817  -0.231208  -0.109761  0.203628  0.972876  -0.008450  0.042634  -0.023133  1.948967  2.738220  0.161906  1.000000  
49.501279 0.012433  -0.023253  0.021079  0.865040  0.501616  -0.009341  -0.490370  0.841417  -0.227058  -0.106036  0.200994  0.973837  -0.008595  0.042547  -0.022494  1.972495  2.766308  0.155201  1.000000  
49.502285 0.012423  -0.023211  0.021062  0.864915  0.501798  -0.010978  -0.491241  0.841827  -0.223630  -0.102976  0.198814  0.974612  -0.008759  0.042368  -0.021673  1.996166  2.796007  0.154333  1.000000  
49.503304 0.012413  -0.023169  0.021046  0.864871  0.501840  -0.012392  -0.491923  0.842342  -0.220162  -0.100048  0.196508  0.975385  -0.009000  0.042161  -0.020752  2.014695  2.819414  0.147830  1.000000  
49.504534 0.012399  -0.023118  0.021026  0.864673  0.502134  -0.014219  -0.492988  0.842809  -0.215951  -0.096452  0.193737  0.976301  -0.009305  0.042057  -0.019980  2.040292  2.840268  0.151676  1.000000  
49.505536 0.012387  -0.023077  0.021011  0.864611  0.502200  -0.015569  -0.493661  0.843326  -0.212369  -0.093522  0.191303  0.977065  -0.009511  0.041901  -0.019129  2.060626  2.849909  0.148244  1.000000  
49.506538 0.012376  -0.023036  0.020996  0.864450  0.502427  -0.017135  -0.494513  0.843713  -0.208817  -0.090458  0.188986  0.977805  -0.009760  0.041771  -0.018612  2.079486  2.869562  0.149953  1.000000  
49.507781 0.012360  -0.022987  0.020975  0.864320  0.502588  -0.018849  -0.495384  0.844263  -0.204487  -0.086860  0.186080  0.978688  -0.010028  0.041515  -0.018248  2.104057  2.877336  0.149510  1.000000  
49.508782 0.012348  -0.022947  0.020956  0.864130  0.502859  -0.020296  -0.496221  0.844611  -0.200988  -0.083927  0.183751  0.979383  -0.010254  0.041312  -0.018191  2.119099  2.888521  0.146594  1.000000  
49.510030 0.012333  -0.022897  0.020934  0.863895  0.503180  -0.022271  -0.497269  0.845049  -0.196509  -0.080060  0.180838  0.980249  -0.010447  0.041126  -0.018043  2.135951  2.914453  0.149162  1.000000  
49.511277 0.012318  -0.022847  0.020910  0.863627  0.503562  -0.023953  -0.498299  0.845467  -0.192051  -0.076458  0.177796  0.981093  -0.010672  0.040972  -0.017983  2.166269  2.926400  0.148107  1.000000  
49.512278 0.012306  -0.022808  0.020892  0.863425  0.503827  -0.025617  -0.499131  0.845797  -0.188403  -0.073256  0.175458  0.981758  -0.010956  0.040758  -0.017760  2.180570  2.947985  0.150221  1.000000  
49.513527 0.012290  -0.022759  0.020870  0.863158  0.504178  -0.027631  -0.500163  0.846215  -0.183733  -0.069252  0.172410  0.982588  -0.011239  0.040597  -0.017432  2.204768  2.968496  0.154186  1.000000  
49.514777 0.012274  -0.022710  0.020851  0.862868  0.504562  -0.029587  -0.501182  0.846579  -0.179223  -0.065381  0.169474  0.983364  -0.011578  0.040349  -0.017047  2.227029  2.991616  0.158144  1.000000  
49.516029 0.012257  -0.022661  0.020832  0.862558  0.504982  -0.031425  -0.502190  0.846912  -0.174771  -0.061642  0.166531  0.984108  -0.011890  0.040149  -0.016781  2.242939  3.003304  0.164191  1.000000  
49.517277 0.012240  -0.022613  0.020814  0.862234  0.505418  -0.033257  -0.503190  0.847227  -0.170312  -0.057902  0.163583  0.984829  -0.012209  0.039903  -0.016565  2.262043  3.016341  0.170211  1.000000  
49.518277 0.012227  -0.022574  0.020799  0.861969  0.505771  -0.034725  -0.503988  0.847492  -0.166596  -0.054830  0.161102  0.985414  -0.012469  0.039693  -0.016495  2.272243  3.033449  0.174244  1.000000  
49.519286 0.012214  -0.022536  0.020782  0.861689  0.506153  -0.036076  -0.504777  0.847733  -0.162942  -0.051891  0.158616  0.985976  -0.012525  0.039446  -0.016541  2.289664  3.043008  0.179707  1.000000  
49.520533 0.012197  -0.022489  0.020761  0.861331  0.506634  -0.037832  -0.505758  0.848016  -0.158361  -0.048149  0.155535  0.986656  -0.012704  0.039239  -0.016686  2.303997  3.054985  0.186385  1.000000  
49.521800 0.012180  -0.022443  0.020738  0.860855  0.507312  -0.039552  -0.506910  0.848193  -0.153661  -0.044407  0.152329  0.987332  -0.012838  0.038860  -0.016924  2.325053  3.064791  0.207494  1.000000  
49.522800 0.012167  -0.022406  0.020719  0.860555  0.507695  -0.041116  -0.507688  0.848408  -0.149857  -0.041198  0.149834  0.987852  -0.012927  0.038670  -0.017029  2.339017  3.076825  0.212395  1.000000  
49.524039 0.012149  -0.022361  0.020696  0.860159  0.508217  -0.042915  -0.508649  0.848615  -0.145358  -0.037455  0.146860  0.988448  -0.013095  0.038325  -0.017038  2.350343  3.083088  0.227635  1.000000  
49.525289 0.012131  -0.022317  0.020674  0.859637  0.508974  -0.044386  -0.509774  0.848713  -0.140772  -0.033978  0.143640  0.989047  -0.013323  0.037955  -0.016906  2.368929  3.079308  0.244803  1.000000  
49.526532 0.012114  -0.022272  0.020652  0.859205  0.509581  -0.045768  -0.510714  0.848868  -0.136359  -0.030635  0.140535  0.989602  -0.013445  0.037644  -0.016895  2.383962  3.076208  0.261813  1.000000  
