1-Time 2-Px 3-Py 4-Pz 5-R11 6-R21 7-R31 8-R12 9-R22 10-R32 11-R13 12-R23 13-R33 14-Vx 15-Vy 16-Vz 17-Wx 18-Wy 19-Wz 20-state
74.200142 0.031924  -0.000113  -0.013165  -0.115253  0.992343  -0.044400  -0.926745  -0.091329  0.364422  0.357577  0.083149  0.930175  -0.001734  -0.004877  0.002482  0.000000  0.000000  0.000000  1.000000  
74.201244 0.031923  -0.000117  -0.013164  -0.115253  0.992343  -0.044400  -0.926745  -0.091329  0.364422  0.357577  0.083149  0.930175  -0.001922  -0.005908  0.000859  0.000000  0.000000  0.000000  1.000000  
74.202245 0.031911  -0.000128  -0.013155  -0.115253  0.992343  -0.044400  -0.926745  -0.091329  0.364422  0.357577  0.083149  0.930175  -0.007825  -0.008959  0.005971  0.000000  0.000000  0.000000  1.000000  
74.203245 0.031893  -0.000142  -0.013141  -0.115259  0.992342  -0.044416  -0.926792  -0.091340  0.364299  0.357452  0.083153  0.930222  -0.011571  -0.010866  0.008704  0.000000  0.000000  0.000000  1.000000  
74.204246 0.031875  -0.000154  -0.013130  -0.115069  0.992361  -0.044491  -0.926816  -0.091136  0.364289  0.357452  0.083153  0.930222  -0.013075  -0.010982  0.009332  0.000000  0.000000  0.000000  1.000000  
74.205492 0.031859  -0.000165  -0.013118  -0.115069  0.992361  -0.044491  -0.926816  -0.091136  0.364289  0.357452  0.083153  0.930222  -0.013148  -0.010405  0.009475  0.000000  0.000000  0.000000  1.000000  
74.206742 0.031839  -0.000173  -0.013107  -0.115074  0.992365  -0.044386  -0.926863  -0.091191  0.364155  0.357327  0.083044  0.930280  -0.013737  -0.009715  0.009380  0.000000  0.000000  0.000000  1.000000  
74.207754 0.031818  -0.000181  -0.013098  -0.115074  0.992365  -0.044386  -0.926863  -0.091191  0.364155  0.357327  0.083044  0.930280  -0.014719  -0.009458  0.009280  0.000000  0.000000  0.000000  1.000000  
74.208989 0.031789  -0.000189  -0.013087  -0.115074  0.992365  -0.044386  -0.926863  -0.091191  0.364155  0.357327  0.083044  0.930280  -0.015951  -0.008987  0.009230  0.000000  0.000000  0.000000  1.000000  
74.210239 0.031764  -0.000193  -0.013076  -0.115069  0.992371  -0.044250  -0.926816  -0.091224  0.364267  0.357452  0.082927  0.930243  -0.016474  -0.008279  0.009148  0.000000  0.000000  0.000000  1.000000  
74.211490 0.031740  -0.000197  -0.013066  -0.115074  0.992375  -0.044145  -0.926863  -0.091280  0.364133  0.357327  0.082819  0.930300  -0.016779  -0.007652  0.009009  0.000000  0.000000  0.000000  1.000000  
74.212743 0.031713  -0.000203  -0.013053  -0.114884  0.992400  -0.044099  -0.926887  -0.091120  0.364113  0.357327  0.082706  0.930310  -0.017297  -0.007351  0.009167  0.000000  0.000000  0.000000  1.000000  
74.213989 0.031682  -0.000209  -0.013034  -0.114884  0.992405  -0.043979  -0.926887  -0.091164  0.364101  0.357327  0.082593  0.930320  -0.017955  -0.007169  0.009739  0.000000  0.000000  0.000000  1.000000  
74.214989 0.031654  -0.000218  -0.013015  -0.114884  0.992410  -0.043859  -0.926887  -0.091208  0.364090  0.357327  0.082480  0.930330  -0.018665  -0.007270  0.010377  0.000000  0.000000  0.000000  1.000000  
74.216048 0.031623  -0.000230  -0.012995  -0.114884  0.992416  -0.043738  -0.926887  -0.091252  0.364079  0.357327  0.082367  0.930340  -0.020268  -0.007656  0.011461  0.000000  0.000000  0.000000  1.000000  
74.217239 0.031580  -0.000250  -0.012971  -0.114699  0.992433  -0.043829  -0.926958  -0.091059  0.363947  0.357202  0.082371  0.930388  -0.022019  -0.008100  0.012220  0.000000  0.000000  0.000000  1.000000  
74.218245 0.031547  -0.000264  -0.012956  -0.114508  0.992457  -0.043783  -0.926982  -0.090898  0.363927  0.357202  0.082259  0.930398  -0.023048  -0.008097  0.012374  0.000000  0.000000  0.000000  1.000000  
74.219247 0.031515  -0.000275  -0.012944  -0.114323  0.992474  -0.043873  -0.927053  -0.090705  0.363794  0.357077  0.082263  0.930446  -0.024179  -0.008070  0.012428  0.000000  0.000000  0.000000  1.000000  
74.220493 0.031477  -0.000286  -0.012931  -0.114132  0.992498  -0.043828  -0.927076  -0.090545  0.363774  0.357077  0.082150  0.930456  -0.025613  -0.008080  0.012521  0.000000  0.000000  0.000000  1.000000  
74.221743 0.031437  -0.000296  -0.012917  -0.113756  0.992540  -0.043872  -0.927170  -0.090191  0.363622  0.356952  0.082041  0.930513  -0.026881  -0.008181  0.012699  0.000000  0.000000  0.000000  1.000000  
74.222990 0.031399  -0.000305  -0.012899  -0.113374  0.992577  -0.044022  -0.927217  -0.089783  0.363603  0.356952  0.082041  0.930513  -0.027501  -0.008101  0.013078  0.000000  0.000000  0.000000  1.000000  
74.223996 0.031371  -0.000310  -0.012881  -0.112807  0.992636  -0.044141  -0.927334  -0.089225  0.363442  0.356827  0.081933  0.930571  -0.027939  -0.008144  0.013775  0.000000  0.000000  0.000000  1.000000  
74.225240 0.031340  -0.000313  -0.012856  -0.112235  0.992702  -0.044125  -0.927404  -0.088700  0.363393  0.356827  0.081707  0.930590  -0.028434  -0.008049  0.014760  0.000000  0.000000  0.000000  1.000000  
74.226489 0.031308  -0.000317  -0.012829  -0.111662  0.992762  -0.044229  -0.927473  -0.088131  0.363355  0.356827  0.081594  0.930600  -0.028811  -0.007987  0.015819  0.000000  0.000000  0.000000  1.000000  
74.227744 0.031271  -0.000323  -0.012801  -0.111089  0.992827  -0.044212  -0.927542  -0.087606  0.363306  0.356827  0.081368  0.930620  -0.029572  -0.008089  0.016827  0.000000  0.000000  0.000000  1.000000  
74.228989 0.031230  -0.000333  -0.012772  -0.110129  0.992928  -0.044331  -0.927608  -0.086661  0.363363  0.356952  0.081138  0.930592  -0.030134  -0.008217  0.017467  0.000000  0.000000  0.000000  1.000000  
74.229989 0.031198  -0.000341  -0.012751  -0.109556  0.992992  -0.044314  -0.927676  -0.086136  0.363315  0.356952  0.080912  0.930612  -0.030410  -0.008143  0.017554  0.007445  -0.039801  -0.192975  1.000000  
74.230990 0.031164  -0.000352  -0.012734  -0.108792  0.993068  -0.044493  -0.927766  -0.085362  0.363268  0.356952  0.080800  0.930622  -0.030706  -0.008111  0.017479  0.001551  -0.041344  -0.215146  1.000000  
74.231996 0.031131  -0.000360  -0.012720  -0.108224  0.993125  -0.044611  -0.927880  -0.084803  0.363106  0.356827  0.080691  0.930679  -0.030490  -0.007506  0.017041  -0.001746  -0.047470  -0.233960  1.000000  
74.232997 0.031095  -0.000369  -0.012708  -0.107651  0.993183  -0.044715  -0.927947  -0.084234  0.363069  0.356827  0.080578  0.930689  -0.030664  -0.007222  0.016757  -0.005039  -0.044687  -0.253458  1.000000  
74.234249 0.031050  -0.000376  -0.012694  -0.106701  0.993273  -0.044983  -0.928105  -0.083266  0.362889  0.356702  0.080469  0.930746  -0.031035  -0.006712  0.016723  -0.010868  -0.051775  -0.280866  1.000000  
74.235499 0.031006  -0.000382  -0.012676  -0.105751  0.993363  -0.045250  -0.928262  -0.082299  0.362708  0.356577  0.080360  0.930803  -0.031418  -0.006412  0.017113  -0.019128  -0.059086  -0.312777  1.000000  
74.236742 0.030963  -0.000387  -0.012653  -0.104987  0.993430  -0.045548  -0.928348  -0.081481  0.362671  0.356577  0.080360  0.930803  -0.031593  -0.006045  0.017592  -0.032789  -0.056373  -0.336106  1.000000  
74.237743 0.030930  -0.000388  -0.012633  -0.104419  0.993484  -0.045666  -0.928460  -0.080922  0.362509  0.356452  0.080252  0.930861  -0.031775  -0.005628  0.017992  -0.036086  -0.062504  -0.355037  1.000000  
74.238747 0.030895  -0.000388  -0.012614  -0.103845  0.993540  -0.045769  -0.928525  -0.080352  0.362471  0.356452  0.080139  0.930870  -0.032264  -0.005315  0.018132  -0.039695  -0.064657  -0.377090  1.000000  
74.239996 0.030849  -0.000389  -0.012589  -0.103081  0.993611  -0.045947  -0.928610  -0.079578  0.362424  0.356452  0.080026  0.930880  -0.033251  -0.005177  0.018090  -0.049600  -0.071347  -0.402461  1.000000  
74.241239 0.030801  -0.000392  -0.012568  -0.102512  0.993665  -0.046064  -0.928721  -0.079019  0.362262  0.356327  0.079917  0.930937  -0.034187  -0.005076  0.017793  -0.056966  -0.073006  -0.421909  1.000000  
74.242240 0.030762  -0.000395  -0.012551  -0.101939  0.993719  -0.046167  -0.928784  -0.078449  0.362224  0.356327  0.079804  0.930947  -0.035004  -0.005033  0.017332  -0.061901  -0.074075  -0.434774  1.000000  
74.243491 0.030710  -0.000401  -0.012532  -0.101360  0.993774  -0.046257  -0.928799  -0.077869  0.362310  0.356452  0.079687  0.930909  -0.035880  -0.004773  0.016617  -0.069340  -0.071226  -0.454482  1.000000  
74.244739 0.030652  -0.000409  -0.012515  -0.100978  0.993811  -0.046285  -0.928841  -0.077503  0.362281  0.356452  0.079574  0.930919  -0.036921  -0.004665  0.016118  -0.074280  -0.072294  -0.467378  1.000000  
74.245990 0.030592  -0.000417  -0.012495  -0.100404  0.993865  -0.046389  -0.928903  -0.076933  0.362243  0.356452  0.079461  0.930929  -0.038159  -0.004367  0.015902  -0.081168  -0.073445  -0.483601  1.000000  
74.247239 0.030532  -0.000424  -0.012474  -0.099639  0.993928  -0.046687  -0.928986  -0.076115  0.362205  0.356452  0.079461  0.930929  -0.039392  -0.004031  0.016316  -0.089058  -0.071112  -0.506392  1.000000  
74.248246 0.030486  -0.000428  -0.012454  -0.099256  0.993965  -0.046716  -0.929026  -0.075750  0.362176  0.356452  0.079348  0.930938  -0.040093  -0.003877  0.016759  -0.091553  -0.071630  -0.512990  1.000000  
74.249491 0.030427  -0.000431  -0.012425  -0.098491  0.994032  -0.046893  -0.929108  -0.074975  0.362129  0.356452  0.079235  0.930948  -0.040958  -0.003549  0.017681  -0.094046  -0.068213  -0.528213  1.000000  
74.250493 0.030381  -0.000431  -0.012401  -0.097922  0.994083  -0.047009  -0.929216  -0.074416  0.361967  0.356327  0.079126  0.931005  -0.041659  -0.003261  0.018320  -0.099723  -0.074309  -0.545084  1.000000  
74.251498 0.030336  -0.000432  -0.012376  -0.097349  0.994135  -0.047112  -0.929276  -0.073846  0.361929  0.356327  0.079014  0.931015  -0.042515  -0.003079  0.018772  -0.102145  -0.070315  -0.551888  1.000000  
74.252500 0.030292  -0.000433  -0.012354  -0.096775  0.994186  -0.047215  -0.929336  -0.073275  0.361891  0.356327  0.078901  0.931024  -0.043253  -0.003035  0.018953  -0.102215  -0.070848  -0.560449  1.000000  
74.253744 0.030237  -0.000435  -0.012330  -0.095818  0.994266  -0.047467  -0.929435  -0.072296  0.361833  0.356327  0.078788  0.931034  -0.043906  -0.003135  0.018887  -0.107023  -0.067407  -0.573364  1.000000  
74.254999 0.030181  -0.000439  -0.012310  -0.095052  0.994337  -0.047524  -0.929514  -0.071565  0.361777  0.356327  0.078562  0.931053  -0.044619  -0.003380  0.018637  -0.107886  -0.067811  -0.578003  1.000000  
74.256240 0.030125  -0.000446  -0.012289  -0.094096  0.994422  -0.047655  -0.929611  -0.070629  0.361710  0.356327  0.078336  0.931072  -0.045205  -0.003634  0.018586  -0.108775  -0.068832  -0.591065  1.000000  
74.257241 0.030078  -0.000455  -0.012271  -0.093330  0.994486  -0.047832  -0.929688  -0.069854  0.361662  0.356327  0.078223  0.931081  -0.045647  -0.003982  0.018686  -0.115313  -0.069272  -0.597485  1.000000  
74.258491 0.030020  -0.000467  -0.012247  -0.092186  0.994582  -0.048050  -0.929850  -0.068724  0.361462  0.356202  0.078001  0.931148  -0.045951  -0.004371  0.019014  -0.120249  -0.079190  -0.609622  1.000000  
74.259739 0.029962  -0.000479  -0.012221  -0.091038  0.994672  -0.048376  -0.929964  -0.067539  0.361395  0.356202  0.077888  0.931157  -0.045972  -0.004636  0.019586  -0.126596  -0.080098  -0.623758  1.000000  
74.260740 0.029916  -0.000488  -0.012197  -0.089893  0.994765  -0.048593  -0.930123  -0.066408  0.361195  0.356077  0.077666  0.931224  -0.045814  -0.004780  0.020181  -0.130084  -0.085649  -0.635090  1.000000  
74.261989 0.029860  -0.000497  -0.012169  -0.088553  0.994872  -0.048872  -0.930251  -0.065062  0.361108  0.356077  0.077440  0.931242  -0.045541  -0.005000  0.020673  -0.134727  -0.082565  -0.655896  1.000000  
74.263240 0.029806  -0.000506  -0.012140  -0.087025  0.994983  -0.049357  -0.930443  -0.063478  0.360896  0.355952  0.077331  0.931299  -0.045306  -0.005187  0.020945  -0.144534  -0.089140  -0.681418  1.000000  
74.264241 0.029763  -0.000512  -0.012117  -0.085876  0.995072  -0.049562  -0.930550  -0.062336  0.360819  0.355952  0.077105  0.931318  -0.045030  -0.005503  0.020889  -0.145280  -0.085620  -0.694348  1.000000  
74.265492 0.029708  -0.000519  -0.012091  -0.084156  0.995191  -0.050121  -0.930755  -0.060546  0.360595  0.355827  0.076996  0.931375  -0.044845  -0.005829  0.020667  -0.154960  -0.087695  -0.719926  1.000000  
74.266507 0.029665  -0.000525  -0.012072  -0.082623  0.995302  -0.050473  -0.930892  -0.058995  0.360498  0.355827  0.076770  0.931393  -0.044719  -0.006255  0.020195  -0.157850  -0.090451  -0.751203  1.000000  
74.267739 0.029612  -0.000531  -0.012048  -0.080902  0.995421  -0.050910  -0.931091  -0.057248  0.360266  0.355702  0.076548  0.931459  -0.044641  -0.006518  0.020064  -0.167153  -0.092850  -0.783809  1.000000  
74.268748 0.029569  -0.000537  -0.012028  -0.079177  0.995538  -0.051336  -0.931240  -0.055491  0.360157  0.355702  0.076322  0.931478  -0.044490  -0.006845  0.020164  -0.176768  -0.096175  -0.822478  1.000000  
74.269997 0.029512  -0.000546  -0.012000  -0.077068  0.995680  -0.051789  -0.931417  -0.053367  0.360021  0.355702  0.075983  0.931506  -0.044605  -0.007137  0.020641  -0.188291  -0.100274  -0.873881  1.000000  
74.271244 0.029452  -0.000559  -0.011968  -0.074958  0.995824  -0.052121  -0.931589  -0.051287  0.359878  0.355702  0.075531  0.931542  -0.044810  -0.007515  0.021494  -0.193261  -0.099302  -0.919473  1.000000  
74.272249 0.029402  -0.000570  -0.011940  -0.073232  0.995930  -0.052546  -0.931726  -0.049529  0.359769  0.355702  0.075305  0.931561  -0.045090  -0.007665  0.022135  -0.206400  -0.102877  -0.964466  1.000000  
74.273493 0.029339  -0.000584  -0.011906  -0.071122  0.996065  -0.052878  -0.931889  -0.047448  0.359626  0.355702  0.074853  0.931597  -0.045447  -0.007835  0.022760  -0.214029  -0.111381  -1.016030  1.000000  
74.274740 0.029276  -0.000595  -0.011875  -0.069203  0.996180  -0.053255  -0.932034  -0.045528  0.359500  0.355702  0.074514  0.931624  -0.045730  -0.007705  0.023001  -0.223088  -0.114848  -1.060992  1.000000  
74.275740 0.029225  -0.000602  -0.011850  -0.067288  0.996291  -0.053642  -0.932222  -0.043618  0.359249  0.355577  0.074179  0.931699  -0.046093  -0.007615  0.023177  -0.234590  -0.123335  -1.112315  1.000000  
74.276741 0.029173  -0.000609  -0.011827  -0.065560  0.996389  -0.053945  -0.932345  -0.041903  0.359134  0.355577  0.073840  0.931726  -0.046588  -0.007549  0.023189  -0.237136  -0.126312  -1.150974  1.000000  
74.277745 0.029120  -0.000615  -0.011805  -0.063644  0.996493  -0.054330  -0.932525  -0.039992  0.358883  0.355452  0.073505  0.931800  -0.047209  -0.007539  0.023106  -0.246791  -0.133760  -1.193419  1.000000  
74.278990 0.029054  -0.000623  -0.011779  -0.061151  0.996616  -0.054936  -0.932740  -0.037465  0.358598  0.355327  0.073169  0.931874  -0.047978  -0.007538  0.022984  -0.263008  -0.143124  -1.256819  1.000000  
74.279997 0.029001  -0.000628  -0.011757  -0.059234  0.996710  -0.055319  -0.932911  -0.035553  0.358347  0.355201  0.072834  0.931948  -0.048688  -0.007457  0.022959  -0.271418  -0.147044  -1.304962  1.000000  
74.281240 0.028932  -0.000634  -0.011730  -0.056740  0.996828  -0.055802  -0.933114  -0.033069  0.358057  0.355076  0.072386  0.932031  -0.049739  -0.007400  0.023212  -0.277377  -0.155185  -1.358033  1.000000  
74.282240 0.028876  -0.000639  -0.011704  -0.054818  0.996915  -0.056176  -0.933229  -0.031147  0.357930  0.355076  0.072046  0.932057  -0.050607  -0.007426  0.023596  -0.286449  -0.158521  -1.403152  1.000000  
74.283493 0.028802  -0.000649  -0.011668  -0.052323  0.997022  -0.056657  -0.933419  -0.028662  0.357640  0.354951  0.071598  0.932139  -0.051842  -0.007581  0.024316  -0.297784  -0.166580  -1.453971  1.000000  
74.284746 0.028728  -0.000659  -0.011630  -0.049635  0.997134  -0.057090  -0.933614  -0.026015  0.357335  0.354826  0.071036  0.932230  -0.053088  -0.007650  0.025047  -0.310058  -0.176473  -1.523720  1.000000  
74.285749 0.028666  -0.000668  -0.011600  -0.047329  0.997217  -0.057609  -0.933734  -0.023681  0.357185  0.354826  0.070697  0.932255  -0.054094  -0.007532  0.025360  -0.321542  -0.180202  -1.575089  1.000000  
74.286996 0.028587  -0.000678  -0.011563  -0.044640  0.997316  -0.058040  -0.933913  -0.021033  0.356880  0.354701  0.070135  0.932346  -0.055213  -0.007400  0.025628  -0.331332  -0.188625  -1.632770  1.000000  
74.287999 0.028524  -0.000686  -0.011535  -0.042334  0.997393  -0.058443  -0.934068  -0.018751  0.356602  0.354576  0.069686  0.932427  -0.056078  -0.007136  0.025666  -0.336046  -0.191684  -1.677768  1.000000  
74.288999 0.028461  -0.000692  -0.011509  -0.040219  0.997461  -0.058766  -0.934162  -0.016666  0.356460  0.354576  0.069234  0.932460  -0.056948  -0.006860  0.025565  -0.342643  -0.194122  -1.716479  1.000000  
74.290240 0.028382  -0.000698  -0.011475  -0.037338  0.997543  -0.059272  -0.934376  -0.013820  0.356020  0.354326  0.068675  0.932597  -0.057893  -0.006658  0.025800  -0.352439  -0.206992  -1.774606  1.000000  
74.291240 0.028318  -0.000703  -0.011448  -0.034839  0.997606  -0.059745  -0.934520  -0.011332  0.355729  0.354201  0.068226  0.932677  -0.058754  -0.006545  0.026068  -0.357180  -0.209991  -1.819910  1.000000  
74.292241 0.028253  -0.000708  -0.011418  -0.032532  0.997659  -0.060144  -0.934651  -0.009049  0.355452  0.354076  0.067777  0.932758  -0.059748  -0.006371  0.026623  -0.359693  -0.217010  -1.858973  1.000000  
74.293248 0.028188  -0.000711  -0.011386  -0.030032  0.997717  -0.060494  -0.934782  -0.006603  0.355161  0.353950  0.067215  0.932846  -0.060478  -0.006173  0.027259  -0.364276  -0.219643  -1.903602  1.000000  
74.294490 0.028109  -0.000716  -0.011344  -0.026763  0.997778  -0.061018  -0.934976  -0.003387  0.354695  0.353700  0.066543  0.932989  -0.061263  -0.006045  0.028293  -0.363152  -0.227301  -1.955071  1.000000  
74.295491 0.028045  -0.000720  -0.011308  -0.024455  0.997820  -0.061295  -0.935134  -0.001155  0.354293  0.353450  0.065983  0.933123  -0.061887  -0.005998  0.029273  -0.360766  -0.237050  -1.983216  1.000000  
74.296492 0.027980  -0.000726  -0.011272  -0.021761  0.997857  -0.061714  -0.935248  0.001497  0.353991  0.353325  0.065421  0.933210  -0.062678  -0.006047  0.030210  -0.363290  -0.243704  -2.022413  1.000000  
74.297493 0.027913  -0.000733  -0.011237  -0.019067  0.997886  -0.062134  -0.935401  0.004141  0.353565  0.353074  0.064861  0.933344  -0.063311  -0.006078  0.030721  -0.365734  -0.251668  -2.070270  1.000000  
74.298740 0.027829  -0.000743  -0.011194  -0.015410  0.997915  -0.062673  -0.935563  0.007728  0.353076  0.352824  0.064075  0.933493  -0.063959  -0.006177  0.031187  -0.366646  -0.262254  -2.117306  1.000000  
74.299992 0.027747  -0.000752  -0.011152  -0.011752  0.997939  -0.063090  -0.935757  0.011263  0.352464  0.352448  0.063179  0.933696  -0.064374  -0.006073  0.031378  -0.365421  -0.277986  -2.167654  1.000000  
74.300997 0.027681  -0.000760  -0.011121  -0.008863  0.997945  -0.063454  -0.935884  0.014072  0.352028  0.352198  0.062506  0.933836  -0.064670  -0.005978  0.031431  -0.369768  -0.289819  -2.210826  1.000000  
74.301999 0.027614  -0.000768  -0.011089  -0.005974  0.997944  -0.063816  -0.936001  0.016881  0.351593  0.351947  0.061832  0.933975  -0.064842  -0.005908  0.031705  -0.372160  -0.299532  -2.250054  1.000000  
74.303243 0.027532  -0.000777  -0.011047  -0.002120  0.997929  -0.064296  -0.936159  0.020624  0.350973  0.351572  0.060935  0.934176  -0.065145  -0.005945  0.032105  -0.373161  -0.316632  -2.306766  1.000000  
74.304494 0.027449  -0.000784  -0.011003  0.001928  0.997894  -0.064843  -0.936347  0.024566  0.350215  0.351071  0.060041  0.934422  -0.065408  -0.005980  0.033004  -0.379037  -0.338127  -2.376705  1.000000  
74.305746 0.027365  -0.000792  -0.010957  0.005784  0.997848  -0.065314  -0.936472  0.028311  0.349598  0.350695  0.059143  0.934620  -0.065625  -0.006054  0.033752  -0.381618  -0.349032  -2.427975  1.000000  
74.306992 0.027281  -0.000799  -0.010907  0.009834  0.997781  -0.065851  -0.936626  0.032255  0.348844  0.350193  0.058247  0.934865  -0.065897  -0.006178  0.034537  -0.382467  -0.365042  -2.486054  1.000000  
74.308010 0.027212  -0.000806  -0.010868  0.013307  0.997712  -0.066291  -0.936723  0.035633  0.348252  0.349817  0.057462  0.935054  -0.066130  -0.006372  0.035116  -0.384972  -0.380395  -2.535717  1.000000  
74.309023 0.027143  -0.000812  -0.010829  0.016782  0.997638  -0.066604  -0.936855  0.038962  0.347542  0.349316  0.056566  0.935296  -0.066438  -0.006607  0.035390  -0.383027  -0.395510  -2.585443  1.000000  
74.310243 0.027055  -0.000821  -0.010781  0.021029  0.997534  -0.066957  -0.936956  0.043029  0.346789  0.348814  0.055443  0.935550  -0.067135  -0.006851  0.035735  -0.380087  -0.411228  -2.646338  1.000000  
74.311244 0.026982  -0.000829  -0.010744  0.024504  0.997434  -0.067263  -0.937011  0.046367  0.346208  0.348438  0.054543  0.935743  -0.067624  -0.007026  0.035785  -0.378453  -0.421917  -2.697738  1.000000  
74.312246 0.026909  -0.000838  -0.010708  0.028175  0.997312  -0.067634  -0.937095  0.049904  0.345490  0.347937  0.053646  0.935982  -0.068041  -0.007128  0.035831  -0.376782  -0.441489  -2.748470  1.000000  
74.313493 0.026816  -0.000849  -0.010664  0.032618  0.997149  -0.068043  -0.937137  0.054179  0.344731  0.347435  0.052521  0.936232  -0.068687  -0.007158  0.035889  -0.375902  -0.457122  -2.814229  1.000000  
74.314494 0.026741  -0.000858  -0.010628  0.036291  0.997006  -0.068283  -0.937188  0.057675  0.344025  0.346933  0.051509  0.936474  -0.069305  -0.007263  0.036081  -0.373983  -0.471722  -2.865515  1.000000  
74.315495 0.026665  -0.000866  -0.010591  0.039962  0.996840  -0.068645  -0.937178  0.061220  0.343439  0.346556  0.050608  0.936663  -0.069951  -0.007313  0.036491  -0.370164  -0.483620  -2.905627  1.000000  
74.316745 0.026570  -0.000876  -0.010542  0.044408  0.996634  -0.068917  -0.937163  0.065456  0.342697  0.346054  0.049368  0.936915  -0.070693  -0.007326  0.036974  -0.366422  -0.500549  -2.968450  1.000000  
74.317994 0.026473  -0.000886  -0.010492  0.049243  0.996379  -0.069317  -0.937153  0.070095  0.341806  0.345427  0.048129  0.937211  -0.071763  -0.007410  0.037641  -0.365199  -0.516832  -3.027306  1.000000  
74.318999 0.026396  -0.000892  -0.010451  0.052723  0.996189  -0.069475  -0.937102  0.073395  0.341251  0.345050  0.047113  0.937401  -0.072475  -0.007407  0.037988  -0.360941  -0.529331  -3.079703  1.000000  
74.320001 0.026317  -0.000899  -0.010412  0.056402  0.995973  -0.069684  -0.937119  0.076888  0.340435  0.344422  0.046101  0.937682  -0.073276  -0.007475  0.038136  -0.355973  -0.547207  -3.122259  1.000000  
74.321243 0.026219  -0.000908  -0.010365  0.061050  0.995678  -0.069988  -0.937105  0.081318  0.339444  0.343668  0.044863  0.938019  -0.074249  -0.007538  0.038120  -0.349485  -0.569893  -3.174567  1.000000  
74.322243 0.026139  -0.000915  -0.010328  0.064727  0.995440  -0.070073  -0.937042  0.084778  0.338770  0.343165  0.043734  0.938256  -0.075157  -0.007633  0.037981  -0.341046  -0.583652  -3.221549  1.000000  
74.323268 0.026058  -0.000923  -0.010294  0.068598  0.995161  -0.070344  -0.936951  0.088483  0.338074  0.342663  0.042718  0.938487  -0.076324  -0.007798  0.037813  -0.339931  -0.591867  -3.263458  1.000000  
74.324491 0.025955  -0.000933  -0.010252  0.073438  0.994799  -0.070586  -0.936814  0.093085  0.337218  0.342034  0.041362  0.938777  -0.076931  -0.007850  0.037269  -0.333468  -0.605186  -3.318043  1.000000  
74.325741 0.025853  -0.000943  -0.010209  0.078277  0.994413  -0.070821  -0.936651  0.097686  0.336366  0.341405  0.040005  0.939064  -0.077735  -0.007850  0.036941  -0.329221  -0.618522  -3.377851  1.000000  
74.326741 0.025770  -0.000952  -0.010174  0.082153  0.994091  -0.070945  -0.936548  0.101346  0.335569  0.340777  0.038875  0.939340  -0.078419  -0.007890  0.036804  -0.321843  -0.635440  -3.416070  1.000000  
74.327997 0.025665  -0.000963  -0.010129  0.086415  0.993746  -0.070719  -0.936393  0.105253  0.334798  0.340147  0.037289  0.939632  -0.079202  -0.007841  0.036838  -0.301038  -0.641391  -3.442415  1.000000  
74.329241 0.025561  -0.000974  -0.010082  0.091067  0.993330  -0.070733  -0.936226  0.109606  0.333867  0.339392  0.035818  0.939963  -0.079876  -0.007871  0.037030  -0.290850  -0.656798  -3.475920  1.000000  
74.330490 0.025457  -0.000984  -0.010034  0.096109  0.992854  -0.070743  -0.936041  0.114323  0.332802  0.338511  0.034233  0.940339  -0.080565  -0.007839  0.037089  -0.280164  -0.673148  -3.518481  1.000000  
74.331492 0.025375  -0.000991  -0.009997  0.100179  0.992448  -0.070790  -0.935842  0.118149  0.332025  0.337882  0.032986  0.940610  -0.080971  -0.007743  0.037001  -0.272640  -0.685118  -3.559102  1.000000  
74.332741 0.025272  -0.001000  -0.009950  0.105410  0.991901  -0.070866  -0.935540  0.123075  0.331086  0.337126  0.031398  0.940936  -0.081430  -0.007733  0.036804  -0.258645  -0.695856  -3.603407  1.000000  
74.333744 0.025189  -0.001006  -0.009915  0.109870  0.991405  -0.071022  -0.935299  0.127305  0.330166  0.336370  0.030151  0.941247  -0.081720  -0.007699  0.036413  -0.257103  -0.711944  -3.649186  1.000000  
74.334763 0.025108  -0.001012  -0.009881  0.114138  0.990917  -0.071103  -0.935059  0.131330  0.329267  0.335614  0.028904  0.941556  -0.081956  -0.007664  0.035967  -0.246759  -0.722469  -3.684904  1.000000  
74.336000 0.025005  -0.001022  -0.009840  0.119373  0.990298  -0.071139  -0.934722  0.136252  0.328223  0.334732  0.027314  0.941918  -0.082238  -0.007733  0.035551  -0.233951  -0.733152  -3.726843  1.000000  
74.337246 0.024903  -0.001032  -0.009799  0.124218  0.989717  -0.070927  -0.934361  0.140730  0.327360  0.333975  0.025607  0.942234  -0.082460  -0.007787  0.035329  -0.216672  -0.738510  -3.757579  1.000000  
74.338249 0.024822  -0.001041  -0.009767  0.128293  0.989197  -0.070919  -0.934081  0.144552  0.326494  0.333218  0.024357  0.942535  -0.082520  -0.007862  0.035158  -0.207387  -0.748745  -3.778197  1.000000  
74.339250 0.024739  -0.001050  -0.009733  0.131983  0.988722  -0.070770  -0.933836  0.147966  0.325662  0.332461  0.023106  0.942834  -0.082393  -0.007950  0.035150  -0.193042  -0.758157  -3.785658  1.000000  
74.340497 0.024636  -0.001063  -0.009689  0.137217  0.988009  -0.070773  -0.933396  0.152887  0.324650  0.331578  0.021512  0.943183  -0.082422  -0.008095  0.035224  -0.182995  -0.762207  -3.810944  1.000000  
74.341742 0.024534  -0.001075  -0.009645  0.142642  0.987245  -0.070714  -0.932896  0.157971  0.323651  0.330694  0.019802  0.943530  -0.082339  -0.008152  0.035327  -0.174024  -0.771056  -3.845557  1.000000  
74.342990 0.024432  -0.001086  -0.009601  0.147496  0.986544  -0.070545  -0.932499  0.162482  0.322562  0.329684  0.018207  0.943916  -0.082260  -0.008215  0.035206  -0.159173  -0.779401  -3.860584  1.000000  
74.343997 0.024351  -0.001094  -0.009567  0.151569  0.985938  -0.070383  -0.932113  0.166263  0.321748  0.328926  0.016838  0.944206  -0.082049  -0.008166  0.034877  -0.149095  -0.788885  -3.880850  1.000000  
74.345241 0.024249  -0.001105  -0.009528  0.156991  0.985095  -0.070297  -0.931527  0.171345  0.320777  0.328041  0.015125  0.944542  -0.081922  -0.008235  0.034346  -0.137894  -0.796899  -3.908517  1.000000  
74.346490 0.024147  -0.001116  -0.009490  0.162801  0.984142  -0.070431  -0.930885  0.176867  0.319642  0.327030  0.013526  0.944917  -0.081870  -0.008363  0.033836  -0.138841  -0.810381  -3.955787  1.000000  
74.347492 0.024064  -0.001126  -0.009460  0.166870  0.983473  -0.070247  -0.930431  0.180645  0.318851  0.326271  0.012154  0.945198  -0.081871  -0.008557  0.033223  -0.123649  -0.815230  -3.964571  1.000000  
74.348741 0.023960  -0.001137  -0.009424  0.172295  0.982547  -0.070112  -0.929796  0.185721  0.317784  0.325259  0.010438  0.945567  -0.081944  -0.008704  0.032740  -0.116249  -0.826876  -3.991758  1.000000  
74.349991 0.023855  -0.001148  -0.009386  0.176943  0.981756  -0.069611  -0.929233  0.189949  0.316933  0.324373  0.008605  0.945890  -0.082160  -0.008929  0.032486  -0.094883  -0.825177  -4.001484  1.000000  
74.350994 0.023770  -0.001158  -0.009355  0.180626  0.981117  -0.069158  -0.928789  0.193282  0.316218  0.323614  0.007116  0.946163  -0.082383  -0.009073  0.032367  -0.072674  -0.825078  -4.003379  1.000000  
74.352000 0.023684  -0.001168  -0.009320  0.184500  0.980432  -0.068646  -0.928292  0.196779  0.315520  0.322854  0.005510  0.946433  -0.082649  -0.009235  0.032446  -0.055993  -0.828240  -4.010940  1.000000  
74.353001 0.023596  -0.001179  -0.009286  0.188745  0.979641  -0.068404  -0.927658  0.200718  0.314902  0.322221  0.004019  0.946656  -0.083047  -0.009369  0.032617  -0.041929  -0.828414  -4.029230  1.000000  
74.354243 0.023484  -0.001194  -0.009242  0.194151  0.978602  -0.068137  -0.926849  0.205749  0.314034  0.321334  0.002182  0.946963  -0.083696  -0.009565  0.032757  -0.029270  -0.830451  -4.048353  1.000000  
74.355493 0.023373  -0.001208  -0.009200  0.199554  0.977542  -0.067743  -0.926009  0.210739  0.313204  0.320447  0.000230  0.947266  -0.084275  -0.009666  0.032612  -0.012536  -0.832750  -4.070385  1.000000  
74.356740 0.023261  -0.001221  -0.009159  0.205153  0.976408  -0.067379  -0.925135  0.215928  0.312250  0.319433  -0.001724  0.947607  -0.084878  -0.009749  0.032359  -0.001085  -0.833786  -4.097471  1.000000  
74.357742 0.023171  -0.001232  -0.009127  0.208827  0.975654  -0.067012  -0.924575  0.219293  0.311562  0.318672  -0.003104  0.947860  -0.085520  -0.009856  0.032159  0.000670  -0.838572  -4.115267  1.000000  
74.358747 0.023081  -0.001241  -0.009095  0.213079  0.974748  -0.066805  -0.923911  0.223261  0.310715  0.317784  -0.004485  0.948153  -0.086077  -0.009953  0.032050  0.001213  -0.841809  -4.135362  1.000000  
74.359997 0.022967  -0.001254  -0.009053  0.217909  0.973724  -0.066162  -0.923132  0.227641  0.309849  0.316769  -0.006443  0.948481  -0.086883  -0.010073  0.032176  0.023932  -0.838689  -4.131680  1.000000  
74.361241 0.022852  -0.001268  -0.009012  0.223117  0.972571  -0.065757  -0.922236  0.232457  0.308942  0.315753  -0.008286  0.948805  -0.087741  -0.010283  0.032409  0.033694  -0.840489  -4.142149  1.000000  
74.362491 0.022737  -0.001282  -0.008969  0.228141  0.971447  -0.065132  -0.921397  0.237035  0.307965  0.314611  -0.010247  0.949166  -0.088471  -0.010403  0.032766  0.052333  -0.846084  -4.138306  1.000000  
74.363741 0.022621  -0.001297  -0.008925  0.233352  0.970247  -0.064561  -0.920481  0.241811  0.306990  0.313467  -0.012209  0.949520  -0.089305  -0.010690  0.033250  0.071313  -0.845772  -4.132987  1.000000  
74.364990 0.022505  -0.001313  -0.008880  0.238181  0.969127  -0.063738  -0.919632  0.246148  0.306084  0.312324  -0.014288  0.949868  -0.090025  -0.010968  0.033679  0.098594  -0.846622  -4.117042  1.000000  
74.365990 0.022411  -0.001327  -0.008844  0.241851  0.968254  -0.063182  -0.918976  0.249468  0.305366  0.311434  -0.015791  0.950137  -0.090635  -0.011251  0.034060  0.114716  -0.845105  -4.106907  1.000000  
74.366991 0.022316  -0.001341  -0.008808  0.245708  0.967330  -0.062448  -0.918254  0.252913  0.304704  0.310544  -0.017525  0.950398  -0.091231  -0.011509  0.034148  0.130127  -0.847260  -4.109211  1.000000  
74.368005 0.022221  -0.001355  -0.008773  0.249574  0.966382  -0.061795  -0.917555  0.256396  0.303898  0.309526  -0.019145  0.950698  -0.091610  -0.011685  0.034129  0.148684  -0.851277  -4.104991  1.000000  
74.369248 0.022102  -0.001373  -0.008731  0.254403  0.965171  -0.061027  -0.916656  0.260767  0.302889  0.308253  -0.021115  0.951070  -0.092173  -0.012021  0.034067  0.162847  -0.855371  -4.113958  1.000000  
74.370250 0.022008  -0.001388  -0.008697  0.258076  0.964234  -0.060415  -0.915971  0.264086  0.302085  0.307235  -0.022622  0.951365  -0.092493  -0.012195  0.034060  0.182014  -0.860186  -4.098291  1.000000  
74.371495 0.021889  -0.001405  -0.008654  0.262723  0.963033  -0.059535  -0.915119  0.268259  0.300990  0.305834  -0.024596  0.951767  -0.092993  -0.012452  0.034220  0.203916  -0.870249  -4.075336  1.000000  
74.372744 0.021769  -0.001422  -0.008610  0.267356  0.961809  -0.058681  -0.914201  0.272428  0.300032  0.304560  -0.026570  0.952123  -0.093519  -0.012791  0.034482  0.223232  -0.871586  -4.072065  1.000000  
74.373747 0.021672  -0.001436  -0.008573  0.270846  0.960877  -0.057951  -0.913555  0.275549  0.299148  0.303413  -0.028082  0.952445  -0.093934  -0.013009  0.034755  0.237990  -0.879097  -4.055577  1.000000  
74.374992 0.021550  -0.001452  -0.008527  0.275098  0.959734  -0.056842  -0.912707  0.279284  0.298273  0.302137  -0.030174  0.952787  -0.094482  -0.013251  0.035106  0.267924  -0.884755  -4.019497  1.000000  
74.375996 0.021452  -0.001466  -0.008489  0.278572  0.958773  -0.056137  -0.911990  0.282400  0.297530  0.301117  -0.031687  0.953061  -0.094934  -0.013420  0.035426  0.293120  -0.883610  -3.982017  1.000000  
74.377240 0.021327  -0.001482  -0.008442  0.282843  0.957585  -0.055056  -0.911180  0.286178  0.296402  0.299585  -0.033669  0.953475  -0.095543  -0.013557  0.035763  0.315676  -0.896213  -3.953185  1.000000  
74.378491 0.021199  -0.001500  -0.008395  0.286912  0.956437  -0.053943  -0.910368  0.289754  0.295420  0.298181  -0.035652  0.953843  -0.096364  -0.013781  0.035926  0.345523  -0.905294  -3.911148  1.000000  
74.379740 0.021071  -0.001518  -0.008349  0.290991  0.955275  -0.052667  -0.909574  0.293299  0.294366  0.296648  -0.037753  0.954240  -0.097158  -0.013876  0.036039  0.365090  -0.919993  -3.895345  1.000000  
74.380990 0.020942  -0.001535  -0.008304  0.295266  0.954019  -0.051636  -0.908736  0.297116  0.293123  0.294987  -0.039626  0.954679  -0.097907  -0.013864  0.036007  0.372701  -0.936443  -3.886644  1.000000  
74.382240 0.020812  -0.001551  -0.008259  0.299141  0.952875  -0.050437  -0.907924  0.300495  0.292193  0.293580  -0.041614  0.955028  -0.098981  -0.013777  0.036112  0.388011  -0.946978  -3.858281  1.000000  
74.383243 0.020706  -0.001564  -0.008224  0.302416  0.951877  -0.049751  -0.907169  0.303447  0.291487  0.292557  -0.043018  0.955280  -0.099651  -0.013696  0.036138  0.398085  -0.950569  -3.827867  1.000000  
74.384491 0.020574  -0.001578  -0.008181  0.306099  0.950764  -0.048480  -0.906386  0.306629  0.290591  0.291149  -0.045008  0.955618  -0.100373  -0.013420  0.036105  0.427739  -0.962127  -3.766028  1.000000  
74.385496 0.020466  -0.001590  -0.008146  0.309010  0.949872  -0.047508  -0.905768  0.309158  0.289838  0.289997  -0.046532  0.955896  -0.101171  -0.013276  0.036133  0.446535  -0.974238  -3.714709  1.000000  
74.386497 0.020359  -0.001601  -0.008111  0.311720  0.949035  -0.046514  -0.905166  0.311486  0.289224  0.288972  -0.048054  0.956131  -0.102053  -0.013081  0.036235  0.464882  -0.978623  -3.658107  1.000000  
74.387744 0.020223  -0.001615  -0.008067  0.315038  0.948014  -0.044951  -0.904507  0.314250  0.288296  0.287435  -0.050166  0.956486  -0.103078  -0.012873  0.036164  0.496678  -0.990567  -3.616087  1.000000  
74.388745 0.020113  -0.001627  -0.008033  0.317560  0.947217  -0.044004  -0.903950  0.316418  0.287670  0.286409  -0.051575  0.956718  -0.103978  -0.012744  0.036020  0.516190  -0.992113  -3.563355  1.000000  
74.389990 0.019974  -0.001640  -0.007993  0.320837  0.946168  -0.042789  -0.903157  0.319233  0.287048  0.285255  -0.053451  0.956960  -0.105096  -0.012499  0.035604  0.532830  -0.991232  -3.515009  1.000000  
74.390992 0.019861  -0.001650  -0.007962  0.323528  0.945289  -0.041937  -0.902480  0.321590  0.286548  0.284357  -0.054859  0.957148  -0.106063  -0.012312  0.035140  0.551460  -0.991626  -3.460465  1.000000  
74.391997 0.019749  -0.001660  -0.007931  0.326046  0.944465  -0.040981  -0.901897  0.323758  0.285943  0.283331  -0.056270  0.957370  -0.106942  -0.012056  0.034575  0.567329  -0.992518  -3.409831  1.000000  
74.393240 0.019606  -0.001673  -0.007895  0.329343  0.943372  -0.039781  -0.901141  0.326621  0.285069  0.281919  -0.058037  0.957681  -0.107958  -0.011757  0.033979  0.578997  -0.997262  -3.359668  1.000000  
74.394240 0.019492  -0.001682  -0.007866  0.331659  0.942591  -0.039032  -0.900572  0.328656  0.284527  0.281021  -0.059215  0.957873  -0.108703  -0.011441  0.033430  0.580303  -0.994389  -3.303197  1.000000  
74.395490 0.019348  -0.001695  -0.007829  0.334556  0.941613  -0.037910  -0.899860  0.331151  0.283886  0.279865  -0.060862  0.958108  -0.109710  -0.011113  0.032831  0.594477  -0.990702  -3.247279  1.000000  
74.396490 0.019234  -0.001704  -0.007800  0.337069  0.940751  -0.037054  -0.899241  0.333353  0.283268  0.278837  -0.062160  0.958325  -0.110433  -0.010875  0.032361  0.595985  -0.987511  -3.204221  1.000000  
74.397508 0.019118  -0.001713  -0.007770  0.339394  0.939945  -0.036251  -0.898684  0.335396  0.282623  0.277809  -0.063342  0.958546  -0.111187  -0.010608  0.032001  0.599490  -0.990047  -3.156061  1.000000  
74.398745 0.018974  -0.001723  -0.007733  0.342485  0.938866  -0.035131  -0.897908  0.338091  0.281878  0.276523  -0.064995  0.958807  -0.111932  -0.010271  0.031615  0.605363  -0.986123  -3.098943  1.000000  
74.399746 0.018859  -0.001731  -0.007704  0.344993  0.937980  -0.034265  -0.897264  0.340293  0.281279  0.275494  -0.066295  0.959014  -0.112611  -0.009959  0.031069  0.612509  -0.983277  -3.061639  1.000000  
74.400750 0.018744  -0.001740  -0.007676  0.347499  0.937085  -0.033396  -0.896612  0.342494  0.280687  0.274465  -0.067595  0.959218  -0.113108  -0.009770  0.030631  0.619096  -0.976067  -3.016130  1.000000  
74.401998 0.018600  -0.001750  -0.007643  0.350584  0.935979  -0.032150  -0.895804  0.345154  0.280008  0.273178  -0.069366  0.959459  -0.113660  -0.009566  0.029982  0.633632  -0.973197  -2.968473  1.000000  
74.403245 0.018454  -0.001762  -0.007610  0.353654  0.934857  -0.031173  -0.894949  0.347873  0.279375  0.272020  -0.070903  0.959676  -0.114316  -0.009378  0.029235  0.636393  -0.965416  -2.922450  1.000000  
74.404495 0.018309  -0.001773  -0.007579  0.356734  0.933719  -0.030145  -0.894117  0.350599  0.278631  0.270732  -0.072444  0.959925  -0.114754  -0.009188  0.028503  0.638068  -0.958082  -2.878965  1.000000  
74.405499 0.018192  -0.001783  -0.007556  0.359234  0.932789  -0.029263  -0.893427  0.352798  0.278067  0.269702  -0.073747  0.960116  -0.115013  -0.009182  0.028038  0.636717  -0.955023  -2.854508  1.000000  
74.406749 0.018048  -0.001795  -0.007526  0.362113  0.931710  -0.028105  -0.892614  0.355289  0.277507  0.268542  -0.075402  0.960312  -0.115289  -0.009124  0.027502  0.644008  -0.943648  -2.803917  1.000000  
74.407997 0.017902  -0.001808  -0.007496  0.364820  0.930688  -0.026950  -0.891898  0.357630  0.276800  0.267253  -0.076945  0.960550  -0.115476  -0.009140  0.027030  0.645522  -0.932295  -2.760087  1.000000  
74.409240 0.017756  -0.001821  -0.007465  0.367892  0.929505  -0.026018  -0.891021  0.360387  0.276046  0.265963  -0.078372  0.960792  -0.115736  -0.009250  0.026676  0.637552  -0.925212  -2.733882  1.000000  
74.410240 0.017639  -0.001832  -0.007441  0.370384  0.928536  -0.025236  -0.890296  0.362617  0.275466  0.264931  -0.079561  0.960979  -0.115899  -0.009338  0.026379  0.635667  -0.909676  -2.698401  1.000000  
74.411241 0.017522  -0.001843  -0.007418  0.372861  0.927567  -0.024387  -0.889530  0.364803  0.275055  0.264028  -0.080864  0.961119  -0.116005  -0.009422  0.025863  0.636326  -0.893499  -2.679839  1.000000  
74.412508 0.017377  -0.001858  -0.007389  0.375913  0.926357  -0.023494  -0.888589  0.367547  0.274442  0.262866  -0.082290  0.961317  -0.116092  -0.009688  0.025430  0.629955  -0.886445  -2.660081  1.000000  
74.413744 0.017230  -0.001873  -0.007360  0.379158  0.925056  -0.022602  -0.887591  0.370490  0.273714  0.261575  -0.083720  0.961545  -0.116269  -0.010003  0.024862  0.623180  -0.878771  -2.642721  1.000000  
