1-Time 2-Px 3-Py 4-Pz 5-R11 6-R21 7-R31 8-R12 9-R22 10-R32 11-R13 12-R23 13-R33 14-Vx 15-Vy 16-Vz 17-Wx 18-Wy 19-Wz 20-state
147.338959 0.032162  0.000548  -0.023112  0.654990  0.371722  0.657884  -0.725235  0.553722  0.409177  -0.212185  -0.745127  0.632268  -0.000234  0.000010  -0.000420  0.000000  0.000000  0.000000  1.000000  
147.340107 0.032162  0.000548  -0.023113  0.654990  0.371722  0.657884  -0.725235  0.553722  0.409177  -0.212185  -0.745127  0.632268  -0.000773  -0.000577  -0.001717  0.000000  0.000000  0.000000  1.000000  
147.341343 0.032149  0.000539  -0.023094  0.654990  0.371801  0.657839  -0.725235  0.553772  0.409110  -0.212185  -0.745051  0.632358  -0.006728  -0.004702  0.008986  0.000000  0.000000  0.000000  1.000000  
147.342357 0.032132  0.000529  -0.023071  0.654990  0.371801  0.657839  -0.725235  0.553772  0.409110  -0.212185  -0.745051  0.632358  -0.009976  -0.006463  0.013376  0.000000  0.000000  0.000000  1.000000  
147.343594 0.032117  0.000522  -0.023049  0.654990  0.371881  0.657794  -0.725235  0.553821  0.409043  -0.212185  -0.744974  0.632449  -0.010702  -0.006122  0.014691  0.000000  0.000000  0.000000  1.000000  
147.344846 0.032101  0.000519  -0.023037  0.654990  0.371961  0.657749  -0.725235  0.553871  0.408976  -0.212185  -0.744897  0.632539  -0.011103  -0.005291  0.013542  0.000000  0.000000  0.000000  1.000000  
147.345849 0.032083  0.000516  -0.023029  0.654841  0.372075  0.657833  -0.725370  0.553794  0.408840  -0.212185  -0.744897  0.632539  -0.012169  -0.004911  0.012798  0.000000  0.000000  0.000000  1.000000  
147.346895 0.032062  0.000512  -0.023018  0.654841  0.372075  0.657833  -0.725370  0.553794  0.408840  -0.212185  -0.744897  0.632539  -0.013338  -0.004796  0.012359  0.000000  0.000000  0.000000  1.000000  
147.348102 0.032036  0.000510  -0.023007  0.654691  0.372269  0.657872  -0.725505  0.553767  0.408638  -0.212185  -0.744820  0.632629  -0.014407  -0.004326  0.011999  0.000000  0.000000  0.000000  1.000000  
147.349352 0.032016  0.000512  -0.022996  0.654691  0.372269  0.657872  -0.725505  0.553767  0.408638  -0.212185  -0.744820  0.632629  -0.014629  -0.003599  0.011553  0.000000  0.000000  0.000000  1.000000  
147.350597 0.031995  0.000513  -0.022983  0.654542  0.372383  0.657956  -0.725639  0.553691  0.408502  -0.212185  -0.744820  0.632629  -0.014859  -0.003144  0.011433  0.000000  0.000000  0.000000  1.000000  
147.351855 0.031970  0.000510  -0.022965  0.654392  0.372497  0.658040  -0.725774  0.553614  0.408367  -0.212185  -0.744820  0.632629  -0.015375  -0.003037  0.011733  0.000000  0.000000  0.000000  1.000000  
147.353111 0.031941  0.000505  -0.022942  0.654243  0.372531  0.658169  -0.725909  0.553488  0.408298  -0.212185  -0.744897  0.632539  -0.016104  -0.003133  0.012322  0.000000  0.000000  0.000000  1.000000  
147.354338 0.031907  0.000494  -0.022913  0.654094  0.372565  0.658299  -0.726044  0.553362  0.408230  -0.212185  -0.744974  0.632449  -0.017015  -0.003633  0.013247  0.000000  0.000000  0.000000  1.000000  
147.355589 0.031870  0.000477  -0.022880  0.654094  0.372565  0.658299  -0.726044  0.553362  0.408230  -0.212185  -0.744974  0.632449  -0.019220  -0.004596  0.015191  0.000000  0.000000  0.000000  1.000000  
147.356618 0.031839  0.000462  -0.022856  0.654094  0.372485  0.658344  -0.726044  0.553312  0.408297  -0.212185  -0.745051  0.632358  -0.020456  -0.004830  0.015278  0.000000  0.000000  0.000000  1.000000  
147.357842 0.031801  0.000449  -0.022833  0.653944  0.372519  0.658473  -0.726178  0.553186  0.408229  -0.212185  -0.745127  0.632268  -0.021612  -0.005096  0.015226  0.000000  0.000000  0.000000  1.000000  
147.358853 0.031772  0.000442  -0.022819  0.653944  0.372439  0.658518  -0.726178  0.553136  0.408296  -0.212185  -0.745204  0.632178  -0.023005  -0.005395  0.015218  0.000000  0.000000  0.000000  1.000000  
147.359855 0.031741  0.000435  -0.022807  0.653944  0.372359  0.658563  -0.726178  0.553087  0.408363  -0.212185  -0.745281  0.632087  -0.024089  -0.005680  0.015422  0.000000  0.000000  0.000000  1.000000  
147.360858 0.031709  0.000427  -0.022792  0.654094  0.372246  0.658479  -0.726044  0.553163  0.408498  -0.212185  -0.745281  0.632087  -0.024972  -0.005929  0.015817  0.000000  0.000000  0.000000  1.000000  
147.362096 0.031671  0.000420  -0.022764  0.654243  0.372132  0.658395  -0.725909  0.553240  0.408634  -0.212185  -0.745281  0.632087  -0.025794  -0.006166  0.016951  0.000000  0.000000  0.000000  1.000000  
147.363107 0.031644  0.000418  -0.022735  0.654392  0.372018  0.658311  -0.725774  0.553317  0.408769  -0.212185  -0.745281  0.632087  -0.026255  -0.006266  0.018275  0.000000  0.000000  0.000000  1.000000  
147.364340 0.031616  0.000419  -0.022692  0.654542  0.371904  0.658227  -0.725639  0.553393  0.408905  -0.212185  -0.745281  0.632087  -0.026688  -0.006196  0.020324  0.000000  0.000000  0.000000  1.000000  
147.365369 0.031591  0.000420  -0.022654  0.654691  0.371870  0.658098  -0.725505  0.553519  0.408973  -0.212185  -0.745204  0.632178  -0.027331  -0.006310  0.022287  0.000000  0.000000  0.000000  1.000000  
147.366594 0.031556  0.000417  -0.022608  0.655009  0.371709  0.657872  -0.725256  0.553599  0.409307  -0.212054  -0.745226  0.632196  -0.027986  -0.006294  0.024058  0.000000  0.000000  0.000000  1.000000  
147.367621 0.031524  0.000411  -0.022576  0.655158  0.371675  0.657743  -0.725121  0.553725  0.409375  -0.212054  -0.745149  0.632286  -0.028650  -0.006460  0.025094  0.000000  0.000000  0.000000  1.000000  
147.368844 0.031483  0.000403  -0.022542  0.655476  0.371593  0.657473  -0.724872  0.553853  0.409642  -0.211923  -0.745094  0.632395  -0.029258  -0.006450  0.025546  0.000000  0.000000  0.000000  1.000000  
147.370093 0.031444  0.000394  -0.022515  0.655793  0.371591  0.657157  -0.724624  0.554032  0.409841  -0.211793  -0.744962  0.632594  -0.029450  -0.006002  0.025270  0.000000  0.000000  0.000000  1.000000  
147.371343 0.031403  0.000387  -0.022490  0.656110  0.371510  0.656886  -0.724374  0.554161  0.410107  -0.211662  -0.744907  0.632703  -0.029574  -0.005136  0.024849  0.000000  0.000000  0.000000  1.000000  
147.372346 0.031371  0.000383  -0.022471  0.656409  0.371361  0.656672  -0.724104  0.554363  0.410310  -0.211662  -0.744830  0.632793  -0.029721  -0.004724  0.024649  0.000000  0.000000  0.000000  1.000000  
147.373622 0.031331  0.000379  -0.022444  0.656875  0.371086  0.656362  -0.723720  0.554519  0.410778  -0.211531  -0.744852  0.632812  -0.029883  -0.004246  0.025382  0.000000  0.000000  0.000000  1.000000  
147.374843 0.031291  0.000376  -0.022414  0.657173  0.370937  0.656148  -0.723449  0.554721  0.410981  -0.211531  -0.744775  0.632902  -0.030012  -0.003944  0.026231  0.000000  0.000000  0.000000  1.000000  
147.375858 0.031260  0.000373  -0.022386  0.657490  0.370855  0.655876  -0.723199  0.554850  0.411247  -0.211400  -0.744720  0.633011  -0.029820  -0.003494  0.027277  0.000000  0.000000  0.000000  1.000000  
147.377096 0.031221  0.000373  -0.022346  0.657806  0.370694  0.655650  -0.722950  0.554929  0.411579  -0.211270  -0.744741  0.633029  -0.029984  -0.003136  0.027907  0.000000  0.000000  0.000000  1.000000  
147.378099 0.031190  0.000375  -0.022313  0.658253  0.370430  0.655351  -0.722543  0.555208  0.411917  -0.211270  -0.744665  0.633119  -0.030319  -0.002863  0.028149  0.000000  0.000000  0.000000  1.000000  
147.379099 0.031160  0.000378  -0.022281  0.658569  0.370428  0.655034  -0.722293  0.555387  0.412114  -0.211139  -0.744532  0.633318  -0.030914  -0.002831  0.027783  0.000000  0.000000  0.000000  1.000000  
147.380371 0.031121  0.000378  -0.022245  0.659034  0.370311  0.654633  -0.721907  0.555642  0.412447  -0.211008  -0.744400  0.633517  -0.031449  -0.002794  0.027023  0.009837  0.175494  -0.096124  1.000000  
147.381613 0.031079  0.000376  -0.022216  0.659350  0.370467  0.654226  -0.721656  0.555921  0.412509  -0.210877  -0.744114  0.633896  -0.031722  -0.002700  0.025961  -0.002084  0.193941  -0.105944  1.000000  
147.382842 0.031033  0.000374  -0.022190  0.659666  0.370622  0.653819  -0.721406  0.556200  0.412571  -0.210746  -0.743828  0.634276  -0.032158  -0.002348  0.025293  -0.017947  0.210613  -0.114791  1.000000  
147.383843 0.030995  0.000373  -0.022168  0.659963  0.370710  0.653469  -0.721134  0.556553  0.412570  -0.210746  -0.743520  0.634637  -0.032523  -0.001964  0.024959  -0.031247  0.220990  -0.123645  1.000000  
147.385122 0.030949  0.000372  -0.022135  0.660279  0.370944  0.653017  -0.720883  0.556883  0.412564  -0.210616  -0.743157  0.635106  -0.032958  -0.001409  0.025366  -0.051509  0.240678  -0.134192  1.000000  
147.386339 0.030904  0.000371  -0.022094  0.660595  0.371099  0.652610  -0.720632  0.557162  0.412626  -0.210485  -0.742870  0.635484  -0.033289  -0.001054  0.026409  -0.069119  0.254408  -0.139887  1.000000  
147.387340 0.030870  0.000372  -0.022058  0.660744  0.371301  0.652345  -0.720496  0.557439  0.412490  -0.210485  -0.742561  0.635845  -0.033417  -0.000724  0.027501  -0.087259  0.257172  -0.143011  1.000000  
147.388590 0.030826  0.000374  -0.022011  0.661059  0.371534  0.651892  -0.720244  0.557769  0.412483  -0.210354  -0.742197  0.636313  -0.033709  -0.000348  0.028962  -0.107276  0.275561  -0.152859  1.000000  
147.389592 0.030791  0.000376  -0.021974  0.661207  0.371735  0.651627  -0.720108  0.558046  0.412346  -0.210354  -0.741888  0.636673  -0.033924  0.000000  0.029765  -0.126006  0.280519  -0.157199  1.000000  
147.390843 0.030746  0.000378  -0.021932  0.661337  0.371948  0.651374  -0.719951  0.558445  0.412079  -0.210485  -0.741481  0.637105  -0.034336  0.000355  0.030292  -0.146204  0.277554  -0.160666  1.000000  
147.391854 0.030711  0.000380  -0.021904  0.661466  0.372082  0.651167  -0.719794  0.558795  0.411879  -0.210616  -0.741150  0.637446  -0.034603  0.000477  0.029932  -0.163591  0.276689  -0.165363  1.000000  
147.393095 0.030668  0.000382  -0.021872  0.661762  0.372247  0.650771  -0.719522  0.559198  0.411808  -0.210616  -0.740763  0.637896  -0.034783  0.000446  0.029398  -0.181117  0.279631  -0.168546  1.000000  
147.394098 0.030635  0.000383  -0.021849  0.661891  0.372459  0.650519  -0.719365  0.559597  0.411540  -0.210746  -0.740355  0.638326  -0.035008  0.000331  0.028846  -0.201244  0.276573  -0.171954  1.000000  
147.395101 0.030599  0.000380  -0.021825  0.662039  0.372659  0.650253  -0.719229  0.559873  0.411402  -0.210746  -0.740045  0.638685  -0.035480  0.000100  0.028556  -0.217467  0.276595  -0.172060  1.000000  
147.396346 0.030552  0.000374  -0.021793  0.662168  0.372950  0.649955  -0.719072  0.560322  0.411066  -0.210877  -0.739559  0.639205  -0.035715  -0.000157  0.028556  -0.237731  0.270767  -0.178987  1.000000  
147.397589 0.030505  0.000367  -0.021755  0.662445  0.373204  0.649527  -0.718778  0.560897  0.410794  -0.211008  -0.738994  0.639815  -0.035844  -0.000491  0.029321  -0.262164  0.267962  -0.182632  1.000000  
147.398595 0.030470  0.000363  -0.021719  0.662593  0.373561  0.649171  -0.718642  0.561273  0.410519  -0.211008  -0.738529  0.640352  -0.035630  -0.000700  0.030388  -0.285927  0.261761  -0.183078  1.000000  
147.399840 0.030428  0.000359  -0.021672  0.662870  0.373893  0.648697  -0.718348  0.561898  0.410179  -0.211139  -0.737886  0.641050  -0.035348  -0.000914  0.031332  -0.307839  0.253688  -0.188498  1.000000  
147.401090 0.030387  0.000355  -0.021622  0.663127  0.374157  0.648282  -0.718034  0.562595  0.409774  -0.211400  -0.737221  0.641729  -0.035095  -0.001080  0.032156  -0.336124  0.244859  -0.198781  1.000000  
147.402090 0.030355  0.000354  -0.021583  0.663403  0.374487  0.647808  -0.717740  0.563219  0.409432  -0.211531  -0.736576  0.642425  -0.034919  -0.001210  0.032245  -0.367032  0.246955  -0.206671  1.000000  
147.403340 0.030314  0.000356  -0.021538  0.663660  0.374828  0.647348  -0.717425  0.563964  0.408957  -0.211793  -0.735832  0.643192  -0.034745  -0.001183  0.032086  -0.400788  0.232993  -0.212562  1.000000  
147.404341 0.030281  0.000359  -0.021506  0.663936  0.375157  0.646874  -0.717131  0.564588  0.408612  -0.211923  -0.735186  0.643887  -0.034579  -0.001160  0.031699  -0.429093  0.229971  -0.216074  1.000000  
147.405342 0.030248  0.000363  -0.021477  0.664341  0.375301  0.646375  -0.716679  0.565360  0.408337  -0.212185  -0.734518  0.644562  -0.034355  -0.001055  0.031369  -0.459898  0.226159  -0.230660  1.000000  
147.406592 0.030207  0.000365  -0.021441  0.664725  0.375614  0.645798  -0.716206  0.566352  0.407791  -0.212577  -0.733593  0.645486  -0.034140  -0.001023  0.031440  -0.499133  0.222445  -0.245481  1.000000  
147.407839 0.030165  0.000365  -0.021398  0.665276  0.375875  0.645078  -0.715617  0.567349  0.407440  -0.212839  -0.732689  0.646426  -0.034132  -0.001076  0.032130  -0.538122  0.218574  -0.260159  1.000000  
147.408846 0.030130  0.000364  -0.021360  0.665532  0.376211  0.644618  -0.715301  0.568092  0.406959  -0.213100  -0.731940  0.647188  -0.034194  -0.001206  0.033002  -0.570339  0.209594  -0.270343  1.000000  
147.409848 0.030094  0.000362  -0.021319  0.665935  0.376430  0.644074  -0.714848  0.568912  0.406609  -0.213362  -0.731190  0.647949  -0.034282  -0.001275  0.034168  -0.599186  0.205121  -0.279382  1.000000  
147.410850 0.030057  0.000357  -0.021278  0.666484  0.376531  0.643447  -0.714258  0.569809  0.406391  -0.213623  -0.730440  0.648709  -0.034225  -0.001155  0.035323  -0.619759  0.204631  -0.296179  1.000000  
147.412098 0.030011  0.000354  -0.021229  0.667160  0.376680  0.642658  -0.713509  0.571002  0.406032  -0.214015  -0.729431  0.649714  -0.034242  -0.001052  0.036163  -0.652966  0.209479  -0.325674  1.000000  
147.413343 0.029967  0.000353  -0.021184  0.667836  0.376826  0.641870  -0.712759  0.572194  0.405671  -0.214407  -0.728420  0.650718  -0.034060  -0.000734  0.036322  -0.677124  0.212610  -0.352818  1.000000  
147.414346 0.029933  0.000352  -0.021151  0.668383  0.376999  0.641199  -0.712167  0.573138  0.405377  -0.214669  -0.727588  0.651563  -0.034107  -0.000484  0.035976  -0.698501  0.216532  -0.368618  1.000000  
147.415593 0.029890  0.000352  -0.021112  0.668910  0.377338  0.640449  -0.711553  0.574301  0.404809  -0.215061  -0.726495  0.652651  -0.034227  -0.000216  0.035273  -0.732204  0.214459  -0.391281  1.000000  
147.416839 0.029848  0.000355  -0.021074  0.669563  0.377489  0.639677  -0.710781  0.575610  0.404307  -0.215583  -0.725379  0.653719  -0.034307  0.000053  0.034594  -0.756633  0.217717  -0.422722  1.000000  
147.417840 0.029815  0.000359  -0.021044  0.670255  0.377616  0.638878  -0.710049  0.576679  0.404069  -0.215844  -0.724464  0.654648  -0.034351  0.000260  0.034063  -0.780630  0.226573  -0.442977  1.000000  
147.418841 0.029780  0.000363  -0.021015  0.670926  0.377751  0.638093  -0.709296  0.577867  0.403695  -0.216236  -0.723446  0.655643  -0.034459  0.000345  0.033787  -0.809576  0.236340  -0.478200  1.000000  
147.420092 0.029733  0.000367  -0.020973  0.671596  0.378194  0.637125  -0.708542  0.579249  0.403037  -0.216628  -0.722108  0.656987  -0.034922  0.000307  0.034193  -0.849825  0.244939  -0.498636  1.000000  
147.421340 0.029685  0.000370  -0.020925  0.672245  0.378489  0.636265  -0.707766  0.580652  0.402382  -0.217151  -0.720826  0.658222  -0.035371  0.000350  0.034888  -0.881325  0.250579  -0.525945  1.000000  
147.422340 0.029645  0.000371  -0.020882  0.672913  0.378772  0.635390  -0.707010  0.581934  0.401858  -0.217543  -0.719642  0.659386  -0.035786  0.000370  0.035592  -0.916114  0.264220  -0.550902  1.000000  
147.423592 0.029593  0.000372  -0.020829  0.673725  0.379162  0.634295  -0.706115  0.583439  0.401249  -0.217934  -0.718217  0.660810  -0.036368  0.000524  0.036092  -0.956811  0.282472  -0.579995  1.000000  
147.424840 0.029541  0.000375  -0.020778  0.674496  0.379492  0.633278  -0.705177  0.585130  0.400436  -0.218587  -0.716665  0.662277  -0.036846  0.000901  0.036036  -0.999417  0.286792  -0.614984  1.000000  
147.425847 0.029498  0.000379  -0.020741  0.675161  0.379842  0.632359  -0.704419  0.586456  0.399829  -0.218979  -0.715395  0.663520  -0.037221  0.001424  0.035817  -1.038083  0.302440  -0.645042  1.000000  
147.426851 0.029456  0.000383  -0.020706  0.675680  0.380310  0.631523  -0.703799  0.587703  0.399089  -0.219370  -0.714122  0.664761  -0.037613  0.001962  0.035449  -1.075073  0.307950  -0.669485  1.000000  
147.428097 0.029404  0.000390  -0.020667  0.676467  0.380849  0.630354  -0.702879  0.589415  0.398184  -0.219893  -0.712421  0.666411  -0.038179  0.002525  0.035071  -1.116984  0.317601  -0.697580  1.000000  
147.429100 0.029362  0.000396  -0.020633  0.677129  0.381266  0.629391  -0.702119  0.590785  0.397494  -0.220284  -0.711062  0.667732  -0.038672  0.002967  0.035061  -1.151285  0.330586  -0.722576  1.000000  
147.430353 0.029311  0.000404  -0.020589  0.677893  0.381806  0.628239  -0.701176  0.592610  0.396442  -0.220937  -0.709252  0.669439  -0.039262  0.003521  0.035395  -1.197845  0.337173  -0.754493  1.000000  
147.431592 0.029260  0.000413  -0.020540  0.678656  0.382419  0.627043  -0.700232  0.594478  0.395311  -0.221589  -0.707355  0.671228  -0.039834  0.003920  0.036208  -1.244855  0.346713  -0.783469  1.000000  
147.432608 0.029219  0.000419  -0.020498  0.679149  0.382957  0.626179  -0.699588  0.595879  0.394342  -0.222111  -0.705884  0.672603  -0.040314  0.004101  0.036976  -1.281683  0.346238  -0.802588  1.000000  
147.433847 0.029167  0.000427  -0.020446  0.679909  0.383561  0.624984  -0.698641  0.597742  0.393199  -0.222763  -0.703979  0.674381  -0.040906  0.004273  0.038007  -1.326278  0.350605  -0.827195  1.000000  
147.435090 0.029111  0.000430  -0.020395  0.680668  0.384159  0.623790  -0.697694  0.599600  0.392049  -0.223415  -0.702069  0.676154  -0.041487  0.004189  0.038549  -1.365675  0.356858  -0.848993  1.000000  
147.436093 0.029066  0.000432  -0.020355  0.681445  0.384516  0.622720  -0.696767  0.601199  0.391249  -0.223937  -0.700505  0.677602  -0.041989  0.004201  0.038647  -1.402196  0.362092  -0.872398  1.000000  
147.437340 0.029008  0.000434  -0.020307  0.682179  0.385040  0.621592  -0.695797  0.603118  0.390021  -0.224719  -0.698565  0.679344  -0.042469  0.004251  0.038314  -1.440950  0.365042  -0.897193  1.000000  
147.438341 0.028961  0.000436  -0.020271  0.682790  0.385522  0.620621  -0.694987  0.604745  0.388944  -0.225371  -0.696890  0.680846  -0.042865  0.004336  0.037819  -1.484206  0.365339  -0.916840  1.000000  
147.439594 0.028903  0.000440  -0.020227  0.683377  0.386387  0.619435  -0.694154  0.606718  0.387355  -0.226153  -0.694693  0.682830  -0.043245  0.004432  0.037355  -1.528442  0.357772  -0.931740  1.000000  
147.440843 0.028845  0.000445  -0.020182  0.684107  0.387122  0.618170  -0.693180  0.608764  0.385885  -0.226935  -0.692490  0.684805  -0.043553  0.004428  0.037301  -1.581756  0.353279  -0.954756  1.000000  
147.441851 0.028799  0.000449  -0.020145  0.684834  0.387552  0.617095  -0.692205  0.610619  0.384704  -0.227717  -0.690614  0.686438  -0.043912  0.004391  0.037657  -1.629092  0.349776  -0.977521  1.000000  
147.442861 0.028754  0.000455  -0.020102  0.685439  0.388243  0.615988  -0.691391  0.612371  0.383380  -0.228368  -0.688672  0.688171  -0.044029  0.004393  0.038222  -1.675275  0.343294  -0.992124  1.000000  
147.443862 0.028709  0.000461  -0.020057  0.685999  0.388726  0.615059  -0.690533  0.614203  0.381993  -0.229280  -0.686765  0.689771  -0.044266  0.004381  0.039032  -1.717517  0.333769  -1.010119  1.000000  
147.445096 0.028653  0.000469  -0.019996  0.686842  0.389473  0.613644  -0.689391  0.616513  0.380330  -0.230192  -0.684268  0.691946  -0.044638  0.004394  0.040267  -1.774464  0.333603  -1.038461  1.000000  
147.446344 0.028596  0.000477  -0.019933  0.687660  0.390223  0.612250  -0.688226  0.618927  0.378515  -0.231233  -0.681656  0.694173  -0.044945  0.004346  0.041151  -1.835964  0.325049  -1.064823  1.000000  
147.447588 0.028538  0.000482  -0.019873  0.688453  0.390975  0.610877  -0.687037  0.621443  0.376548  -0.232404  -0.678931  0.696449  -0.045458  0.004179  0.041751  -1.894256  0.310776  -1.085559  1.000000  
147.448593 0.028491  0.000485  -0.019828  0.689103  0.391405  0.609869  -0.685989  0.623596  0.374897  -0.233575  -0.676705  0.698221  -0.045741  0.004003  0.041914  -1.949626  0.291893  -1.114382  1.000000  
147.449839 0.028431  0.000487  -0.019777  0.690031  0.392089  0.608377  -0.684654  0.626221  0.372956  -0.234746  -0.673880  0.700557  -0.046095  0.003835  0.041904  -1.999406  0.283836  -1.146892  1.000000  
147.450840 0.028381  0.000487  -0.019737  0.690742  0.392700  0.607175  -0.683668  0.628169  0.371485  -0.235526  -0.671707  0.702380  -0.046382  0.003733  0.041895  -2.044191  0.281450  -1.166326  1.000000  
147.452092 0.028320  0.000486  -0.019687  0.691665  0.393370  0.605690  -0.682330  0.630777  0.369521  -0.236697  -0.668865  0.704694  -0.046671  0.003592  0.042031  -2.103556  0.272203  -1.194340  1.000000  
147.453339 0.028259  0.000487  -0.019636  0.692561  0.394114  0.604180  -0.680967  0.633527  0.367325  -0.237996  -0.665821  0.707135  -0.046821  0.003357  0.042341  -2.161425  0.258822  -1.221384  1.000000  
147.454593 0.028197  0.000485  -0.019580  0.693477  0.394840  0.602654  -0.679625  0.636159  0.365257  -0.239166  -0.662876  0.709504  -0.047051  0.002983  0.043158  -2.217558  0.248866  -1.249723  1.000000  
147.455839 0.028136  0.000484  -0.019523  0.694366  0.395566  0.601152  -0.678258  0.638886  0.363031  -0.240465  -0.659812  0.711916  -0.047325  0.002580  0.043893  -2.266956  0.235204  -1.276563  1.000000  
147.456878 0.028087  0.000483  -0.019476  0.695157  0.396033  0.599928  -0.677076  0.641091  0.361345  -0.241504  -0.657389  0.713804  -0.047426  0.002169  0.044474  -2.315026  0.225350  -1.307361  1.000000  
147.458094 0.028025  0.000482  -0.019420  0.696039  0.396817  0.598386  -0.675705  0.643841  0.359016  -0.242802  -0.654221  0.716270  -0.047874  0.001697  0.044822  -2.357947  0.216090  -1.335670  1.000000  
147.459106 0.027975  0.000482  -0.019373  0.697011  0.397408  0.596861  -0.674422  0.646076  0.357409  -0.243580  -0.651653  0.718343  -0.048179  0.001173  0.044712  -2.405342  0.216786  -1.362707  1.000000  
147.460349 0.027914  0.000482  -0.019319  0.698047  0.398248  0.595087  -0.672925  0.648913  0.355083  -0.244748  -0.648314  0.720963  -0.048532  0.000593  0.044109  -2.455864  0.213271  -1.387214  1.000000  
147.461597 0.027851  0.000479  -0.019268  0.699195  0.398808  0.593363  -0.671259  0.651836  0.352876  -0.246045  -0.645029  0.723464  -0.048962  0.000028  0.043418  -2.506319  0.210749  -1.426036  1.000000  
147.462843 0.027786  0.000475  -0.019217  0.700474  0.399366  0.591475  -0.669446  0.654914  0.350614  -0.247342  -0.641557  0.726104  -0.049450  -0.000618  0.042908  -2.558924  0.212635  -1.466870  1.000000  
147.464098 0.027720  0.000470  -0.019165  0.701659  0.400312  0.589428  -0.667820  0.657862  0.348187  -0.248379  -0.637940  0.728931  -0.049828  -0.001094  0.042774  -2.619665  0.215783  -1.495703  1.000000  
147.465343 0.027654  0.000465  -0.019109  0.702815  0.401254  0.587407  -0.666167  0.660898  0.345594  -0.249545  -0.634200  0.731791  -0.050160  -0.001480  0.043193  -2.685880  0.215464  -1.528542  1.000000  
147.466590 0.027587  0.000460  -0.019050  0.703941  0.402121  0.585462  -0.664489  0.663977  0.342913  -0.250841  -0.630423  0.734606  -0.050476  -0.001852  0.043882  -2.743064  0.214747  -1.555945  1.000000  
147.467592 0.027535  0.000455  -0.019001  0.704814  0.402673  0.584031  -0.663122  0.666444  0.340767  -0.252006  -0.627460  0.736740  -0.050688  -0.002129  0.044426  -2.789842  0.207338  -1.586386  1.000000  
147.468840 0.027470  0.000450  -0.018938  0.706092  0.403299  0.582052  -0.661316  0.669438  0.338400  -0.253171  -0.623862  0.739392  -0.050931  -0.002390  0.045037  -2.845736  0.214120  -1.625971  1.000000  
147.470090 0.027406  0.000446  -0.018878  0.707179  0.404209  0.580098  -0.659606  0.672610  0.335433  -0.254595  -0.619847  0.742274  -0.051139  -0.002623  0.045270  -2.898201  0.208900  -1.656192  1.000000  
147.471090 0.027355  0.000442  -0.018832  0.708225  0.404785  0.578418  -0.658132  0.675052  0.333417  -0.255500  -0.616809  0.744490  -0.051289  -0.002857  0.045247  -2.943956  0.218214  -1.684998  1.000000  
147.472096 0.027303  0.000437  -0.018792  0.709132  0.405631  0.576712  -0.656802  0.677482  0.331104  -0.256406  -0.613581  0.746843  -0.051471  -0.003054  0.044954  -2.986462  0.219180  -1.706358  1.000000  
147.473340 0.027239  0.000432  -0.018743  0.710390  0.406345  0.574657  -0.654984  0.680501  0.328502  -0.257570  -0.609755  0.749571  -0.051709  -0.003432  0.044399  -3.029193  0.226570  -1.723765  1.000000  
147.474340 0.027187  0.000426  -0.018704  0.711399  0.406969  0.572964  -0.653480  0.683046  0.326209  -0.258604  -0.606485  0.751864  -0.051870  -0.003781  0.044000  -3.069725  0.231624  -1.750127  1.000000  
147.475345 0.027134  0.000418  -0.018665  0.712295  0.407854  0.571219  -0.652144  0.685479  0.323770  -0.259508  -0.603136  0.754243  -0.051973  -0.004244  0.043631  -3.116188  0.234248  -1.767133  1.000000  
147.476596 0.027069  0.000407  -0.018614  0.713430  0.408938  0.569023  -0.650488  0.688435  0.320815  -0.260542  -0.599022  0.757160  -0.052144  -0.004804  0.043576  -3.166519  0.239574  -1.782944  1.000000  
147.477599 0.027017  0.000398  -0.018572  0.714346  0.409791  0.567258  -0.649172  0.690750  0.318497  -0.261317  -0.595765  0.759459  -0.052152  -0.005228  0.043738  -3.199763  0.253014  -1.792196  1.000000  
147.478845 0.026950  0.000384  -0.018518  0.715499  0.410975  0.564943  -0.647535  0.693661  0.315489  -0.262221  -0.591553  0.762434  -0.052189  -0.005831  0.043876  -3.252070  0.263695  -1.794525  1.000000  
147.480193 0.026885  0.000372  -0.018463  0.716674  0.412270  0.562505  -0.645920  0.696539  0.312444  -0.262995  -0.587254  0.765484  -0.051783  -0.006256  0.043493  -3.293121  0.269834  -1.793717  1.000000  
147.481343 0.026819  0.000359  -0.018408  0.718004  0.413529  0.559879  -0.644177  0.699471  0.309477  -0.263641  -0.582867  0.768609  -0.052100  -0.006819  0.043502  -3.357127  0.293188  -1.809586  1.000000  
147.482344 0.026767  0.000349  -0.018364  0.719091  0.414508  0.557756  -0.642752  0.701829  0.307094  -0.264157  -0.579327  0.771104  -0.052039  -0.007192  0.043151  -3.401306  0.305140  -1.811948  1.000000  
147.483590 0.026704  0.000338  -0.018312  0.720280  0.415944  0.555146  -0.641152  0.704682  0.303886  -0.264802  -0.574816  0.774252  -0.051966  -0.007586  0.042453  -3.453737  0.321976  -1.809201  1.000000  
147.484590 0.026653  0.000329  -0.018272  0.721229  0.417173  0.552987  -0.639871  0.707003  0.301184  -0.265318  -0.571063  0.776848  -0.051898  -0.007886  0.041991  -3.499989  0.329024  -1.807746  1.000000  
147.485591 0.026602  0.000321  -0.018232  0.722307  0.418244  0.550768  -0.638440  0.709398  0.298580  -0.265834  -0.567298  0.779426  -0.051862  -0.008170  0.041569  -3.550154  0.348635  -1.811867  1.000000  
147.486840 0.026537  0.000310  -0.018182  0.723513  0.419686  0.548081  -0.636857  0.712153  0.295382  -0.266350  -0.562762  0.782532  -0.051976  -0.008552  0.041308  -3.603864  0.364484  -1.804693  1.000000  
147.488097 0.026470  0.000297  -0.018130  0.724846  0.421160  0.545182  -0.635123  0.715085  0.292015  -0.266866  -0.557923  0.785814  -0.052111  -0.009099  0.041517  -3.661667  0.385374  -1.804102  1.000000  
147.489340 0.026400  0.000282  -0.018075  0.726332  0.422453  0.542195  -0.633260  0.718000  0.288892  -0.267253  -0.553181  0.789029  -0.052435  -0.009566  0.041959  -3.711453  0.404526  -1.801983  1.000000  
147.490341 0.026343  0.000267  -0.018029  0.727450  0.423503  0.539872  -0.631866  0.720206  0.286441  -0.267511  -0.549498  0.791511  -0.052778  -0.010047  0.042419  -3.741791  0.422612  -1.799233  1.000000  
147.491342 0.026285  0.000252  -0.017982  0.728695  0.424456  0.537439  -0.630320  0.722524  0.283998  -0.267768  -0.545707  0.794043  -0.053145  -0.010541  0.042830  -3.780843  0.444286  -1.794255  1.000000  
147.492359 0.026225  0.000235  -0.017939  0.729937  0.425457  0.534957  -0.628772  0.724866  0.281452  -0.268026  -0.541808  0.796622  -0.053614  -0.011071  0.042899  -3.823337  0.463413  -1.782838  1.000000  
147.493596 0.026151  0.000212  -0.017885  0.731406  0.426734  0.531924  -0.626897  0.727757  0.278156  -0.268413  -0.536906  0.799804  -0.054146  -0.011692  0.042994  -3.868026  0.483307  -1.779505  1.000000  
147.494844 0.026076  0.000187  -0.017833  0.732999  0.427707  0.528941  -0.624867  0.730650  0.275121  -0.268800  -0.532181  0.802826  -0.055207  -0.012625  0.043000  -3.895195  0.507381  -1.782009  1.000000  
147.495844 0.026016  0.000167  -0.017794  0.734101  0.428804  0.526520  -0.623461  0.732864  0.272409  -0.269057  -0.528240  0.805339  -0.055268  -0.013127  0.042384  -3.924078  0.521302  -1.775392  1.000000  
147.496898 0.025957  0.000147  -0.017754  0.735428  0.429466  0.524122  -0.621727  0.735255  0.269916  -0.269444  -0.524366  0.807738  -0.055598  -0.013791  0.041950  -3.942840  0.546190  -1.774044  1.000000  
147.498090 0.025883  0.000121  -0.017704  0.737007  0.430440  0.521097  -0.619687  0.738136  0.266727  -0.269830  -0.519497  0.810749  -0.056397  -0.014767  0.041933  -3.976305  0.567928  -1.781205  1.000000  
147.499093 0.025824  0.000098  -0.017662  0.738226  0.431271  0.518679  -0.618122  0.740367  0.264161  -0.270088  -0.515617  0.813137  -0.057094  -0.015805  0.041963  -4.009506  0.588969  -1.771620  1.000000  
147.500340 0.025747  0.000068  -0.017607  0.739921  0.432049  0.515607  -0.615923  0.743304  0.261032  -0.270474  -0.510718  0.816095  -0.057827  -0.016981  0.042322  -4.035672  0.616397  -1.772500  1.000000  
147.501340 0.025686  0.000042  -0.017560  0.741131  0.432845  0.513195  -0.614352  0.745510  0.258430  -0.270732  -0.506813  0.818440  -0.058463  -0.018153  0.042846  -4.055537  0.638228  -1.770153  1.000000  
147.502340 0.025622  0.000014  -0.017510  0.742311  0.433450  0.510975  -0.612756  0.747685  0.255924  -0.271118  -0.503078  0.820614  -0.059315  -0.019585  0.043428  -4.068325  0.648981  -1.767392  1.000000  
147.503591 0.025540  -0.000024  -0.017447  0.743710  0.434236  0.508266  -0.610828  0.750347  0.252724  -0.271634  -0.498416  0.823284  -0.060118  -0.021007  0.044101  -4.078732  0.661219  -1.769576  1.000000  
147.504840 0.025456  -0.000064  -0.017382  0.745201  0.434919  0.505491  -0.608720  0.753182  0.249354  -0.272277  -0.493521  0.826016  -0.061050  -0.022657  0.044667  -4.093237  0.673334  -1.773353  1.000000  
147.505842 0.025387  -0.000098  -0.017331  0.746340  0.435670  0.503159  -0.607093  0.755477  0.246361  -0.272792  -0.489333  0.828334  -0.061801  -0.023893  0.044985  -4.116937  0.683657  -1.779596  1.000000  
147.506843 0.025316  -0.000134  -0.017279  0.747599  0.436068  0.500939  -0.605309  0.757757  0.243731  -0.273307  -0.485436  0.830455  -0.062704  -0.025200  0.045465  -4.128248  0.699046  -1.793133  1.000000  
147.508092 0.025226  -0.000179  -0.017217  0.749045  0.436643  0.498271  -0.603168  0.760578  0.240229  -0.274079  -0.480483  0.833077  -0.063698  -0.026646  0.045918  -4.139035  0.702529  -1.808430  1.000000  
147.509103 0.025153  -0.000215  -0.017165  0.750142  0.437118  0.496200  -0.601510  0.762778  0.237392  -0.274723  -0.476547  0.835123  -0.064504  -0.027804  0.046631  -4.142644  0.702553  -1.823786  1.000000  
147.510348 0.025060  -0.000262  -0.017098  0.751548  0.437547  0.493688  -0.599339  0.765570  0.233871  -0.275623  -0.471652  0.837602  -0.065833  -0.029410  0.047852  -4.141468  0.695606  -1.841008  1.000000  
147.511596 0.024967  -0.000308  -0.017025  0.752730  0.438264  0.491246  -0.597498  0.768091  0.230288  -0.276395  -0.466863  0.840026  -0.067387  -0.030918  0.049583  -4.144131  0.681450  -1.846943  1.000000  
147.512598 0.024890  -0.000345  -0.016964  0.753784  0.438648  0.489283  -0.595809  0.770280  0.227333  -0.277166  -0.462880  0.841975  -0.068472  -0.031996  0.050953  -4.142877  0.672460  -1.865670  1.000000  
147.513841 0.024792  -0.000392  -0.016887  0.755020  0.439255  0.486827  -0.593762  0.773009  0.223393  -0.278194  -0.457725  0.844450  -0.069768  -0.033097  0.052417  -4.138753  0.657083  -1.888324  1.000000  
147.514844 0.024712  -0.000432  -0.016823  0.756064  0.439554  0.484931  -0.592068  0.775135  0.220501  -0.278965  -0.453825  0.846298  -0.071242  -0.034325  0.053921  -4.130610  0.647132  -1.905650  1.000000  
147.516092 0.024609  -0.000482  -0.016743  0.757138  0.440009  0.482840  -0.590148  0.777659  0.216730  -0.280122  -0.449042  0.848465  -0.072982  -0.035494  0.055347  -4.115178  0.617579  -1.921912  1.000000  
147.517092 0.024525  -0.000522  -0.016680  0.758022  0.440515  0.480987  -0.588583  0.779749  0.213451  -0.281021  -0.444901  0.850347  -0.074355  -0.036326  0.056301  -4.115892  0.600377  -1.937164  1.000000  
147.518346 0.024419  -0.000574  -0.016600  0.758964  0.441339  0.478741  -0.586813  0.782239  0.209169  -0.282176  -0.439684  0.852675  -0.075991  -0.037260  0.057412  -4.113896  0.558498  -1.942904  1.000000  
147.519588 0.024309  -0.000627  -0.016519  0.759811  0.442298  0.476509  -0.585221  0.784549  0.204935  -0.283203  -0.434575  0.854951  -0.077630  -0.038079  0.058413  -4.111177  0.524306  -1.941097  1.000000  
147.520591 0.024221  -0.000670  -0.016452  0.760713  0.442701  0.474691  -0.583674  0.786494  0.201872  -0.283973  -0.430631  0.856689  -0.078941  -0.038640  0.059457  -4.109764  0.492921  -1.951849  1.000000  
147.521843 0.024110  -0.000724  -0.016364  0.761791  0.443253  0.472442  -0.581765  0.788915  0.197895  -0.284999  -0.425605  0.858857  -0.080474  -0.039336  0.061127  -4.102199  0.458827  -1.957816  1.000000  
147.523090 0.024000  -0.000777  -0.016273  0.762893  0.443722  0.470218  -0.579877  0.791230  0.194162  -0.285896  -0.420793  0.860928  -0.081741  -0.039885  0.062902  -4.081143  0.428437  -1.962616  1.000000  
147.524095 0.023911  -0.000821  -0.016197  0.763814  0.444080  0.468382  -0.578347  0.793063  0.191224  -0.286537  -0.416947  0.862584  -0.082846  -0.040406  0.064565  -4.071426  0.404619  -1.965910  1.000000  
147.525351 0.023801  -0.000876  -0.016098  0.764907  0.444635  0.466065  -0.576454  0.795382  0.187267  -0.287435  -0.411907  0.864705  -0.084072  -0.040982  0.066708  -4.064195  0.370082  -1.966647  1.000000  
147.526351 0.023713  -0.000919  -0.016018  0.765789  0.444984  0.464280  -0.574897  0.797237  0.184137  -0.288203  -0.407923  0.866336  -0.084940  -0.041460  0.068310  -4.053062  0.341813  -1.971132  1.000000  
147.527352 0.023626  -0.000963  -0.015937  0.766729  0.445411  0.462315  -0.573384  0.799012  0.181135  -0.288716  -0.403966  0.868018  -0.085684  -0.041879  0.069604  -4.042041  0.325342  -1.968899  1.000000  
147.528353 0.023539  -0.001006  -0.015858  0.767666  0.445771  0.460409  -0.571870  0.800751  0.178219  -0.289228  -0.400107  0.869633  -0.086257  -0.042217  0.070781  -4.032319  0.301965  -1.962496  1.000000  
147.529599 0.023429  -0.001062  -0.015759  0.768804  0.446304  0.457989  -0.570015  0.802904  0.174438  -0.289869  -0.395169  0.871675  -0.086943  -0.042702  0.072128  -4.027222  0.276425  -1.956566  1.000000  
147.530839 0.023320  -0.001118  -0.015662  0.769999  0.446960  0.455333  -0.568203  0.804993  0.170680  -0.290253  -0.390145  0.873808  -0.087359  -0.043095  0.073162  -4.026684  0.260062  -1.944251  1.000000  
147.531840 0.023231  -0.001163  -0.015585  0.771073  0.447160  0.453315  -0.566548  0.806745  0.167888  -0.290637  -0.386279  0.875396  -0.087722  -0.043464  0.074019  -4.009671  0.250990  -1.945176  1.000000  
147.533090 0.023120  -0.001220  -0.015487  0.772408  0.447548  0.450652  -0.564595  0.808818  0.164457  -0.290893  -0.381464  0.877420  -0.088032  -0.043775  0.075219  -4.015787  0.244132  -1.938856  1.000000  
147.534090 0.023031  -0.001266  -0.015408  0.773421  0.448079  0.448381  -0.563140  0.810428  0.161489  -0.291021  -0.377400  0.879134  -0.088163  -0.044059  0.076215  -4.017189  0.241262  -1.927797  1.000000  
147.535093 0.022943  -0.001311  -0.015327  0.774316  0.448818  0.446091  -0.561843  0.811953  0.158319  -0.291149  -0.373222  0.880873  -0.088148  -0.044246  0.077274  -4.007830  0.236555  -1.912617  1.000000  
147.536096 0.022855  -0.001356  -0.015245  0.775324  0.449269  0.443881  -0.560384  0.813518  0.155427  -0.291277  -0.369250  0.882503  -0.088114  -0.044414  0.078307  -4.006820  0.233882  -1.895475  1.000000  
147.537342 0.022745  -0.001413  -0.015141  0.776591  0.449786  0.441134  -0.558627  0.815357  0.152082  -0.291277  -0.364535  0.884462  -0.088098  -0.044550  0.079299  -3.996628  0.241519  -1.879338  1.000000  
147.538590 0.022635  -0.001467  -0.015036  0.777688  0.450806  0.438150  -0.557233  0.816973  0.148481  -0.291021  -0.359623  0.886554  -0.088035  -0.044574  0.079967  -3.995702  0.255287  -1.839229  1.000000  
147.539840 0.022524  -0.001523  -0.014933  0.778980  0.451271  0.435368  -0.555493  0.818733  0.145273  -0.290893  -0.355009  0.888454  -0.088063  -0.044585  0.080347  -3.981515  0.270513  -1.821250  1.000000  
147.540842 0.022435  -0.001567  -0.014852  0.779843  0.452063  0.432995  -0.554415  0.819957  0.142459  -0.290637  -0.351155  0.890068  -0.088159  -0.044669  0.080469  -3.982443  0.282107  -1.790843  1.000000  
147.541846 0.022346  -0.001610  -0.014770  0.780736  0.452880  0.430524  -0.553358  0.821144  0.139705  -0.290253  -0.347307  0.891701  -0.088270  -0.044639  0.080479  -3.980746  0.301995  -1.758123  1.000000  
147.542849 0.022255  -0.001655  -0.014689  0.781596  0.453698  0.428096  -0.552277  0.822364  0.136774  -0.289997  -0.343329  0.893324  -0.088515  -0.044716  0.080585  -3.976641  0.318013  -1.725552  1.000000  
147.544102 0.022140  -0.001710  -0.014586  0.782745  0.454599  0.425030  -0.550917  0.823822  0.133447  -0.289484  -0.338612  0.895288  -0.088888  -0.044719  0.080843  -3.964764  0.349075  -1.686199  1.000000  
147.545348 0.022023  -0.001767  -0.014482  0.783923  0.455515  0.421867  -0.549577  0.825239  0.130176  -0.288844  -0.333896  0.897264  -0.089344  -0.044769  0.081316  -3.960874  0.391864  -1.650341  1.000000  
147.546597 0.021904  -0.001824  -0.014375  0.784953  0.456493  0.418883  -0.548373  0.826559  0.126836  -0.288332  -0.329265  0.899138  -0.089884  -0.044756  0.081986  -3.955997  0.421475  -1.606122  1.000000  
147.547598 0.021809  -0.001870  -0.014288  0.785644  0.457558  0.416419  -0.547653  0.827461  0.124031  -0.287819  -0.325497  0.900673  -0.090398  -0.044820  0.082620  -3.941429  0.451489  -1.569927  1.000000  
147.548841 0.021687  -0.001927  -0.014180  0.786590  0.458706  0.413358  -0.546630  0.828636  0.120654  -0.287178  -0.320859  0.902540  -0.091084  -0.044839  0.083206  -3.925334  0.489196  -1.538089  1.000000  
147.550090 0.021567  -0.001983  -0.014070  0.787566  0.459919  0.410139  -0.545627  0.829787  0.117235  -0.286409  -0.316114  0.904457  -0.091782  -0.044816  0.083826  -3.925780  0.528063  -1.492340  1.000000  
147.551090 0.021470  -0.002028  -0.013983  0.788397  0.460753  0.407599  -0.544763  0.830714  0.114661  -0.285768  -0.312443  0.905934  -0.092383  -0.044820  0.084140  -3.914766  0.566079  -1.453916  1.000000  
147.552097 0.021373  -0.002074  -0.013897  0.789195  0.461588  0.405102  -0.543875  0.831671  0.111910  -0.285255  -0.308644  0.907397  -0.092996  -0.044820  0.084280  -3.915409  0.589419  -1.422007  1.000000  
147.553344 0.021249  -0.002130  -0.013792  0.790167  0.462696  0.401932  -0.542867  0.832772  0.108564  -0.284486  -0.303979  0.909211  -0.093903  -0.044916  0.084368  -3.913454  0.632653  -1.383007  1.000000  
147.554590 0.021128  -0.002186  -0.013685  0.791056  0.463939  0.398737  -0.542041  0.833729  0.105296  -0.283588  -0.299426  0.911000  -0.094546  -0.044939  0.084589  -3.903224  0.671286  -1.332209  1.000000  
