1-Time 2-Px 3-Py 4-Pz 5-R11 6-R21 7-R31 8-R12 9-R22 10-R32 11-R13 12-R23 13-R33 14-Vx 15-Vy 16-Vz 17-Wx 18-Wy 19-Wz 20-state
118.820086 0.033274  0.003476  0.012065  0.468291  0.726165  0.503377  -0.803953  0.586529  -0.098203  -0.366557  -0.358704  0.858468  -0.002607  -0.002330  -0.004665  0.000000  0.000000  0.000000  1.000000  
118.821224 0.033273  0.003474  0.012062  0.468291  0.726165  0.503377  -0.803953  0.586529  -0.098203  -0.366557  -0.358704  0.858468  -0.001718  -0.002415  -0.002453  0.000000  0.000000  0.000000  1.000000  
118.822228 0.033257  0.003462  0.012052  0.468291  0.726165  0.503377  -0.803953  0.586529  -0.098203  -0.366557  -0.358704  0.858468  -0.008537  -0.007161  -0.006000  0.000000  0.000000  0.000000  1.000000  
118.823473 0.033229  0.003441  0.012035  0.468291  0.726165  0.503377  -0.803953  0.586529  -0.098203  -0.366557  -0.358704  0.858468  -0.013872  -0.010765  -0.009069  0.000000  0.000000  0.000000  1.000000  
118.824473 0.033211  0.003430  0.012024  0.468316  0.726189  0.503319  -0.803995  0.586488  -0.098103  -0.366432  -0.358723  0.858513  -0.014868  -0.010755  -0.009515  0.000000  0.000000  0.000000  1.000000  
118.825474 0.033199  0.003425  0.012018  0.468316  0.726128  0.503407  -0.803995  0.586499  -0.098032  -0.366432  -0.358827  0.858470  -0.014328  -0.009704  -0.008895  0.000000  0.000000  0.000000  1.000000  
118.826474 0.033188  0.003423  0.012016  0.468316  0.726128  0.503407  -0.803995  0.586499  -0.098032  -0.366432  -0.358827  0.858470  -0.013770  -0.008513  -0.007827  0.000000  0.000000  0.000000  1.000000  
118.827725 0.033167  0.003420  0.012010  0.468316  0.726128  0.503407  -0.803995  0.586499  -0.098032  -0.366432  -0.358827  0.858470  -0.014302  -0.007491  -0.007216  0.000000  0.000000  0.000000  1.000000  
118.828728 0.033145  0.003418  0.012003  0.468340  0.726152  0.503350  -0.804037  0.586458  -0.097933  -0.366308  -0.358846  0.858515  -0.015223  -0.006873  -0.007172  0.000000  0.000000  0.000000  1.000000  
118.829744 0.033122  0.003414  0.011995  0.468340  0.726152  0.503350  -0.804037  0.586458  -0.097933  -0.366308  -0.358846  0.858515  -0.016043  -0.006485  -0.007301  0.000000  0.000000  0.000000  1.000000  
118.830978 0.033096  0.003409  0.011986  0.468365  0.726176  0.503292  -0.804080  0.586416  -0.097834  -0.366183  -0.358865  0.858560  -0.016580  -0.006222  -0.007341  0.000000  0.000000  0.000000  1.000000  
118.831980 0.033078  0.003405  0.011977  0.468365  0.726176  0.503292  -0.804080  0.586416  -0.097834  -0.366183  -0.358865  0.858560  -0.016677  -0.006049  -0.007412  0.000000  0.000000  0.000000  1.000000  
118.833225 0.033054  0.003400  0.011968  0.468390  0.726261  0.503146  -0.804122  0.586363  -0.097806  -0.366059  -0.358780  0.858649  -0.016921  -0.005830  -0.007421  0.000000  0.000000  0.000000  1.000000  
118.834472 0.033022  0.003394  0.011955  0.468414  0.726285  0.503088  -0.804164  0.586322  -0.097706  -0.365934  -0.358799  0.858694  -0.017676  -0.005780  -0.007654  0.000000  0.000000  0.000000  1.000000  
118.835475 0.032991  0.003383  0.011942  0.468604  0.726189  0.503050  -0.804110  0.586430  -0.097503  -0.365810  -0.358817  0.858739  -0.019209  -0.006265  -0.008276  0.000000  0.000000  0.000000  1.000000  
118.836722 0.032948  0.003361  0.011924  0.468795  0.726153  0.502924  -0.804056  0.586526  -0.097372  -0.365685  -0.358732  0.858828  -0.021298  -0.007184  -0.008963  0.000000  0.000000  0.000000  1.000000  
118.837972 0.032906  0.003339  0.011907  0.468985  0.726118  0.502798  -0.804002  0.586622  -0.097240  -0.365560  -0.358647  0.858917  -0.022327  -0.007312  -0.009018  0.000000  0.000000  0.000000  1.000000  
118.839222 0.032867  0.003322  0.011893  0.469175  0.726021  0.502761  -0.803947  0.586730  -0.097037  -0.365436  -0.358666  0.858962  -0.023237  -0.007347  -0.008935  0.000000  0.000000  0.000000  1.000000  
118.840222 0.032836  0.003313  0.011883  0.469340  0.725961  0.502692  -0.803851  0.586868  -0.097005  -0.365436  -0.358561  0.859005  -0.024389  -0.007504  -0.009104  0.000000  0.000000  0.000000  1.000000  
118.841226 0.032806  0.003306  0.011874  0.469671  0.725720  0.502732  -0.803658  0.587167  -0.096798  -0.365436  -0.358561  0.859005  -0.025928  -0.007896  -0.009562  0.000000  0.000000  0.000000  1.000000  
118.842472 0.032768  0.003299  0.011860  0.470027  0.725502  0.502714  -0.803506  0.587424  -0.096492  -0.365311  -0.358580  0.859051  -0.026955  -0.008075  -0.010125  0.000000  0.000000  0.000000  1.000000  
118.843472 0.032739  0.003293  0.011846  0.470358  0.725321  0.502666  -0.803313  0.587711  -0.096356  -0.365311  -0.358476  0.859094  -0.027456  -0.008361  -0.010603  0.000000  0.000000  0.000000  1.000000  
118.844472 0.032711  0.003284  0.011828  0.470878  0.724982  0.502667  -0.803064  0.588118  -0.095946  -0.365187  -0.358495  0.859139  -0.027734  -0.008731  -0.011284  0.000000  0.000000  0.000000  1.000000  
118.845726 0.032678  0.003272  0.011806  0.471234  0.724825  0.502561  -0.802912  0.588363  -0.095712  -0.365062  -0.358409  0.859228  -0.028180  -0.009196  -0.012074  0.000000  0.000000  0.000000  1.000000  
118.846731 0.032650  0.003263  0.011789  0.471730  0.724462  0.502620  -0.802621  0.588811  -0.095401  -0.365062  -0.358409  0.859228  -0.028801  -0.009576  -0.012691  0.000000  0.000000  0.000000  1.000000  
118.847734 0.032622  0.003253  0.011774  0.472060  0.724280  0.502571  -0.802427  0.589097  -0.095266  -0.365062  -0.358305  0.859271  -0.029658  -0.010066  -0.013297  0.000000  0.000000  0.000000  1.000000  
118.848973 0.032582  0.003238  0.011755  0.472580  0.723941  0.502571  -0.802177  0.589503  -0.094856  -0.364938  -0.358324  0.859316  -0.030270  -0.010580  -0.013698  0.000000  0.000000  0.000000  1.000000  
118.849976 0.032549  0.003223  0.011739  0.473100  0.723662  0.502484  -0.801927  0.589897  -0.094518  -0.364813  -0.358239  0.859405  -0.030578  -0.011090  -0.014030  0.039768  0.125032  -0.136177  1.000000  
118.851222 0.032507  0.003203  0.011720  0.473786  0.723261  0.502415  -0.801579  0.590440  -0.094077  -0.364689  -0.358153  0.859493  -0.030557  -0.011163  -0.014103  0.045438  0.138001  -0.156985  1.000000  
118.852223 0.032474  0.003189  0.011706  0.474140  0.723103  0.502307  -0.801426  0.590686  -0.093843  -0.364564  -0.358068  0.859582  -0.030390  -0.010750  -0.014085  0.046402  0.147038  -0.167082  1.000000  
118.853472 0.032433  0.003175  0.011690  0.474660  0.722824  0.502219  -0.801175  0.591079  -0.093506  -0.364439  -0.357982  0.859670  -0.030464  -0.010459  -0.014043  0.049865  0.158509  -0.183048  1.000000  
118.854472 0.032399  0.003166  0.011679  0.475155  0.722519  0.502189  -0.800882  0.591514  -0.093267  -0.364439  -0.357878  0.859714  -0.030700  -0.010256  -0.014110  0.053329  0.161759  -0.202466  1.000000  
118.855472 0.032365  0.003160  0.011664  0.475509  0.722361  0.502081  -0.800728  0.591759  -0.093033  -0.364315  -0.357792  0.859802  -0.030896  -0.010186  -0.014544  0.050241  0.170799  -0.212551  1.000000  
118.856726 0.032324  0.003153  0.011644  0.476169  0.721934  0.502070  -0.800336  0.592343  -0.092692  -0.364315  -0.357688  0.859845  -0.031128  -0.010005  -0.015020  0.056694  0.182117  -0.238103  1.000000  
118.857979 0.032284  0.003150  0.011621  0.476688  0.721654  0.501981  -0.800084  0.592736  -0.092354  -0.364190  -0.357602  0.859934  -0.031268  -0.009816  -0.015505  0.060174  0.193669  -0.254196  1.000000  
118.859222 0.032243  0.003145  0.011597  0.477042  0.721495  0.501872  -0.799929  0.592981  -0.092121  -0.364066  -0.357517  0.860022  -0.031734  -0.009430  -0.015699  0.060622  0.197034  -0.263992  1.000000  
118.860472 0.032197  0.003136  0.011574  0.477421  0.721361  0.501705  -0.799817  0.593185  -0.091789  -0.363816  -0.357450  0.860155  -0.032490  -0.009253  -0.015800  0.061547  0.210177  -0.272385  1.000000  
118.861472 0.032159  0.003127  0.011557  0.477776  0.721202  0.501596  -0.799662  0.593430  -0.091555  -0.363692  -0.357364  0.860244  -0.033228  -0.009195  -0.015764  0.062469  0.215086  -0.284215  1.000000  
118.862475 0.032120  0.003118  0.011541  0.478130  0.720982  0.501574  -0.799507  0.593686  -0.091250  -0.363567  -0.357383  0.860289  -0.033981  -0.009223  -0.015772  0.067419  0.219968  -0.295975  1.000000  
118.863736 0.032071  0.003106  0.011520  0.478484  0.720823  0.501465  -0.799351  0.593930  -0.091017  -0.363442  -0.357297  0.860377  -0.034664  -0.008975  -0.015868  0.072959  0.226664  -0.310295  1.000000  
118.864977 0.032018  0.003092  0.011498  0.478698  0.720750  0.501366  -0.799336  0.593997  -0.090716  -0.363193  -0.357334  0.860467  -0.035426  -0.008659  -0.016053  0.074807  0.231450  -0.312043  1.000000  
118.865981 0.031975  0.003080  0.011478  0.478913  0.720737  0.501179  -0.799321  0.594052  -0.090487  -0.362944  -0.357267  0.860600  -0.036033  -0.008385  -0.016405  0.071259  0.237463  -0.312877  1.000000  
118.867225 0.031921  0.003065  0.011451  0.479152  0.720750  0.500932  -0.799347  0.594066  -0.090160  -0.362570  -0.357219  0.860778  -0.036929  -0.008158  -0.017105  0.068648  0.243298  -0.303578  1.000000  
118.868239 0.031879  0.003056  0.011428  0.479367  0.720676  0.500832  -0.799332  0.594133  -0.089859  -0.362320  -0.357256  0.860867  -0.037471  -0.008067  -0.017770  0.075132  0.249803  -0.307698  1.000000  
118.869476 0.031830  0.003049  0.011401  0.479581  0.720664  0.500645  -0.799316  0.594188  -0.089630  -0.362071  -0.357189  0.861000  -0.038027  -0.007839  -0.018596  0.075131  0.258244  -0.304495  1.000000  
118.870729 0.031781  0.003046  0.011373  0.479796  0.720652  0.500457  -0.799301  0.594244  -0.089402  -0.361821  -0.357121  0.861133  -0.038397  -0.007534  -0.019262  0.068473  0.264012  -0.295065  1.000000  
118.871752 0.031741  0.003043  0.011349  0.480010  0.720578  0.500357  -0.799285  0.594310  -0.089101  -0.361572  -0.357158  0.861222  -0.038927  -0.007406  -0.019692  0.065851  0.269612  -0.285429  1.000000  
118.872973 0.031689  0.003038  0.011319  0.480249  0.720590  0.500110  -0.799310  0.594325  -0.088774  -0.361198  -0.357109  0.861400  -0.039693  -0.007456  -0.020173  0.056711  0.273220  -0.270394  1.000000  
118.873976 0.031648  0.003031  0.011295  0.480464  0.720578  0.499922  -0.799294  0.594381  -0.088546  -0.360948  -0.357042  0.861532  -0.040368  -0.007733  -0.020469  0.054120  0.274839  -0.262738  1.000000  
118.874994 0.031604  0.003021  0.011272  0.480703  0.720590  0.499675  -0.799319  0.594395  -0.088218  -0.360574  -0.356993  0.861709  -0.040789  -0.007963  -0.020734  0.047440  0.284674  -0.251523  1.000000  
118.876226 0.031548  0.003007  0.011244  0.481106  0.720480  0.499445  -0.799245  0.594559  -0.087788  -0.360199  -0.356944  0.861886  -0.041426  -0.008183  -0.021191  0.046989  0.290736  -0.246259  1.000000  
118.877473 0.031490  0.002991  0.011214  0.481535  0.720394  0.499156  -0.799212  0.594681  -0.087260  -0.359700  -0.356913  0.862107  -0.041978  -0.008414  -0.021758  0.044412  0.304742  -0.233575  1.000000  
118.878727 0.031434  0.002977  0.011181  0.482128  0.720186  0.498884  -0.799079  0.594952  -0.086629  -0.359201  -0.356882  0.862328  -0.042448  -0.008624  -0.022663  0.038081  0.317218  -0.224410  1.000000  
118.879741 0.031392  0.002965  0.011152  0.482531  0.720075  0.498653  -0.799004  0.595115  -0.086199  -0.358826  -0.356832  0.862505  -0.042423  -0.008579  -0.023458  0.035476  0.322920  -0.214997  1.000000  
118.880976 0.031338  0.002947  0.011115  0.483124  0.719867  0.498380  -0.798870  0.595386  -0.085568  -0.358326  -0.356801  0.862725  -0.042479  -0.008820  -0.024217  0.032879  0.333008  -0.204019  1.000000  
118.881981 0.031297  0.002935  0.011083  0.483527  0.719756  0.498149  -0.798794  0.595550  -0.085139  -0.357952  -0.356751  0.862902  -0.042326  -0.008853  -0.024911  0.032791  0.341258  -0.200616  1.000000  
118.883228 0.031245  0.002922  0.011045  0.484284  0.719425  0.497892  -0.798559  0.595969  -0.084406  -0.357452  -0.356720  0.863122  -0.042339  -0.008928  -0.025564  0.035184  0.356200  -0.201497  1.000000  
118.884471 0.031195  0.002912  0.011008  0.485041  0.719094  0.497634  -0.798324  0.596387  -0.083674  -0.356952  -0.356688  0.863342  -0.042367  -0.009090  -0.026214  0.037289  0.372238  -0.199019  1.000000  
118.885477 0.031154  0.002905  0.010977  0.485773  0.718797  0.497348  -0.798046  0.596837  -0.083112  -0.356577  -0.356533  0.863561  -0.042499  -0.009546  -0.026804  0.035926  0.386066  -0.203279  1.000000  
118.886724 0.031103  0.002893  0.010940  0.486718  0.718367  0.497046  -0.797749  0.597363  -0.082180  -0.355952  -0.356519  0.863824  -0.042570  -0.010025  -0.027309  0.040466  0.408416  -0.205002  1.000000  
118.887729 0.031060  0.002881  0.010910  0.487474  0.718095  0.496698  -0.797511  0.597772  -0.081521  -0.355452  -0.356382  0.864087  -0.042626  -0.010650  -0.027722  0.039099  0.426735  -0.207630  1.000000  
118.888972 0.031003  0.002862  0.010872  0.488394  0.717699  0.496366  -0.797171  0.598328  -0.080760  -0.354951  -0.356245  0.864349  -0.042979  -0.011260  -0.028227  0.042367  0.446585  -0.220487  1.000000  
118.890222 0.030943  0.002841  0.010831  0.489502  0.717265  0.495901  -0.796769  0.598982  -0.079872  -0.354326  -0.356021  0.864698  -0.043318  -0.011789  -0.029107  0.043976  0.468896  -0.239372  1.000000  
118.891243 0.030896  0.002826  0.010800  0.490258  0.717052  0.495463  -0.796527  0.599382  -0.079288  -0.353825  -0.355778  0.865003  -0.043363  -0.012062  -0.029701  0.040625  0.485925  -0.246147  1.000000  
118.892472 0.030838  0.002807  0.010758  0.491365  0.716556  0.495083  -0.796122  0.600045  -0.078329  -0.353199  -0.355658  0.865308  -0.043512  -0.012293  -0.030428  0.041907  0.508536  -0.261284  1.000000  
118.893472 0.030791  0.002792  0.010725  0.492284  0.716218  0.494659  -0.795776  0.600593  -0.077644  -0.352699  -0.355415  0.865612  -0.043608  -0.012528  -0.030823  0.043502  0.530610  -0.280026  1.000000  
118.894473 0.030745  0.002778  0.010690  0.493391  0.715721  0.494276  -0.795368  0.601256  -0.076687  -0.352073  -0.355295  0.865916  -0.043810  -0.012633  -0.031265  0.047507  0.559353  -0.302986  1.000000  
118.895474 0.030698  0.002763  0.010657  0.494309  0.715382  0.493850  -0.795020  0.601803  -0.076003  -0.351572  -0.355051  0.866219  -0.044112  -0.012730  -0.031478  0.049031  0.577316  -0.323484  1.000000  
118.896491 0.030651  0.002749  0.010625  0.495390  0.714918  0.493438  -0.794568  0.602498  -0.075219  -0.351071  -0.354807  0.866523  -0.044455  -0.012770  -0.031608  0.049332  0.602526  -0.352692  1.000000  
118.897734 0.030592  0.002734  0.010586  0.496520  0.714504  0.492901  -0.794194  0.603112  -0.074239  -0.350319  -0.354598  0.866912  -0.044921  -0.012873  -0.031630  0.053183  0.627370  -0.377761  1.000000  
118.898980 0.030533  0.002719  0.010548  0.497789  0.713999  0.492353  -0.793676  0.603905  -0.073330  -0.349692  -0.354266  0.867301  -0.045460  -0.013089  -0.031651  0.048534  0.647004  -0.399622  1.000000  
118.900227 0.030473  0.002704  0.010508  0.499081  0.713518  0.491742  -0.793195  0.604657  -0.072324  -0.348940  -0.353951  0.867732  -0.046232  -0.013592  -0.031823  0.051074  0.679346  -0.433903  1.000000  
118.901233 0.030421  0.002690  0.010474  0.500185  0.713076  0.491261  -0.792776  0.605312  -0.071446  -0.348313  -0.353724  0.868077  -0.046916  -0.013922  -0.032072  0.054883  0.703927  -0.458877  1.000000  
118.902235 0.030369  0.002676  0.010440  0.501288  0.712633  0.490779  -0.792354  0.605967  -0.070569  -0.347686  -0.353495  0.868421  -0.047597  -0.014088  -0.032364  0.058662  0.728518  -0.483883  1.000000  
118.903474 0.030302  0.002656  0.010397  0.502416  0.712274  0.490147  -0.791969  0.606573  -0.069668  -0.346933  -0.353179  0.868851  -0.048315  -0.014211  -0.032714  0.058319  0.757673  -0.507559  1.000000  
118.904724 0.030232  0.002635  0.010353  0.503731  0.711873  0.489378  -0.791518  0.607278  -0.068644  -0.346054  -0.352774  0.869366  -0.049022  -0.014350  -0.032953  0.055710  0.782346  -0.532639  1.000000  
118.905973 0.030163  0.002614  0.010310  0.505045  0.711413  0.488693  -0.791064  0.607992  -0.067547  -0.345175  -0.352474  0.869837  -0.049673  -0.014387  -0.033172  0.055105  0.806842  -0.557736  1.000000  
118.906973 0.030108  0.002598  0.010275  0.505984  0.711150  0.488104  -0.790739  0.608493  -0.066849  -0.344547  -0.352138  0.870222  -0.050296  -0.014375  -0.033327  0.049789  0.822308  -0.572602  1.000000  
118.907983 0.030053  0.002585  0.010241  0.506947  0.710854  0.487537  -0.790450  0.608963  -0.065980  -0.343794  -0.351925  0.870606  -0.050857  -0.014282  -0.033355  0.048823  0.848645  -0.590430  1.000000  
118.909223 0.029985  0.002569  0.010200  0.508121  0.710600  0.486683  -0.790132  0.609484  -0.064963  -0.342788  -0.351534  0.871160  -0.051540  -0.014147  -0.033266  0.037225  0.872241  -0.601618  1.000000  
118.910223 0.029931  0.002556  0.010168  0.509246  0.710236  0.486039  -0.789735  0.610093  -0.064070  -0.342034  -0.351215  0.871585  -0.051959  -0.014081  -0.033201  0.034199  0.894714  -0.621144  1.000000  
118.911226 0.029877  0.002542  0.010137  0.510232  0.710021  0.485317  -0.789479  0.610517  -0.063180  -0.341154  -0.350911  0.872052  -0.052414  -0.014075  -0.033128  0.026402  0.919082  -0.633473  1.000000  
118.912484 0.029810  0.002526  0.010096  0.511568  0.709580  0.484556  -0.789049  0.611195  -0.061994  -0.340147  -0.350624  0.872561  -0.053022  -0.014070  -0.033205  0.024735  0.942627  -0.645069  1.000000  
118.913539 0.029756  0.002514  0.010064  0.512553  0.709365  0.483830  -0.788789  0.611620  -0.061107  -0.339267  -0.350319  0.873026  -0.053263  -0.014053  -0.033220  0.016593  0.958026  -0.651241  1.000000  
118.914740 0.029688  0.002498  0.010022  0.513887  0.708980  0.482977  -0.788353  0.612291  -0.059998  -0.338259  -0.349924  0.873575  -0.053944  -0.014202  -0.033470  0.006758  0.983408  -0.664145  1.000000  
118.915982 0.029619  0.002480  0.009979  0.515245  0.708620  0.482057  -0.787952  0.612924  -0.058793  -0.337126  -0.349545  0.874165  -0.054381  -0.014248  -0.033567  -0.001525  1.009256  -0.668624  1.000000  
118.917226 0.029548  0.002460  0.009937  0.516465  0.708469  0.480973  -0.787691  0.613365  -0.057665  -0.335866  -0.349076  0.874837  -0.054733  -0.014399  -0.033527  -0.016440  1.032490  -0.667119  1.000000  
118.918477 0.029476  0.002439  0.009895  0.517846  0.708191  0.479897  -0.787321  0.613955  -0.056441  -0.334606  -0.348605  0.875508  -0.054958  -0.014431  -0.033398  -0.028912  1.062170  -0.669847  1.000000  
118.919730 0.029403  0.002417  0.009854  0.519040  0.708012  0.478870  -0.787017  0.614438  -0.055415  -0.333471  -0.348116  0.876135  -0.055284  -0.014525  -0.033253  -0.042090  1.078493  -0.663937  1.000000  
118.920972 0.029332  0.002397  0.009812  0.520419  0.707673  0.477874  -0.786639  0.615037  -0.054120  -0.332209  -0.347749  0.876760  -0.055401  -0.014437  -0.033186  -0.047767  1.101857  -0.667363  1.000000  
118.922222 0.029262  0.002380  0.009772  0.521798  0.707390  0.476788  -0.786258  0.615630  -0.052901  -0.330947  -0.347274  0.877425  -0.055617  -0.014406  -0.033035  -0.058573  1.124556  -0.665852  1.000000  
118.923222 0.029208  0.002366  0.009740  0.522964  0.707124  0.475903  -0.785907  0.616162  -0.051904  -0.329936  -0.346872  0.877965  -0.055480  -0.014365  -0.032880  -0.069190  1.143339  -0.665927  1.000000  
118.924222 0.029153  0.002351  0.009708  0.524106  0.706831  0.475082  -0.785517  0.616734  -0.051006  -0.329052  -0.346453  0.878462  -0.055471  -0.014537  -0.032784  -0.081198  1.154482  -0.664671  1.000000  
118.925227 0.029098  0.002335  0.009674  0.525272  0.706505  0.474279  -0.785162  0.617274  -0.049937  -0.328041  -0.346155  0.878957  -0.055524  -0.014717  -0.032947  -0.083752  1.173284  -0.664695  1.000000  
118.926472 0.029029  0.002315  0.009633  0.526994  0.706046  0.473050  -0.784587  0.618118  -0.048509  -0.326650  -0.345585  0.879699  -0.055746  -0.014957  -0.033087  -0.093363  1.200343  -0.667080  1.000000  
118.927475 0.028974  0.002299  0.009599  0.528344  0.705674  0.472099  -0.784152  0.618761  -0.047324  -0.325512  -0.345195  0.880274  -0.055765  -0.015149  -0.033207  -0.097769  1.221042  -0.673092  1.000000  
118.928722 0.028904  0.002278  0.009556  0.529902  0.705281  0.470938  -0.783677  0.619468  -0.045924  -0.324120  -0.344728  0.880970  -0.055984  -0.015555  -0.033302  -0.108738  1.248074  -0.670205  1.000000  
118.929736 0.028848  0.002258  0.009523  0.531435  0.704804  0.469923  -0.783162  0.620220  -0.044548  -0.322854  -0.344351  0.881582  -0.056045  -0.015971  -0.033234  -0.112504  1.276688  -0.675880  1.000000  
118.930981 0.028774  0.002232  0.009483  0.533152  0.704394  0.468591  -0.782567  0.621065  -0.043208  -0.321461  -0.343668  0.882358  -0.056325  -0.016562  -0.033064  -0.125473  1.302616  -0.681305  1.000000  
118.932226 0.028699  0.002204  0.009445  0.535053  0.703823  0.467281  -0.781893  0.622023  -0.041602  -0.319940  -0.343105  0.883129  -0.056636  -0.017069  -0.032822  -0.132724  1.330460  -0.689531  1.000000  
118.933228 0.028638  0.002182  0.009414  0.536582  0.703397  0.466168  -0.781363  0.622774  -0.040311  -0.318672  -0.342616  0.883777  -0.056814  -0.017403  -0.032651  -0.138537  1.362244  -0.701690  1.000000  
118.934473 0.028562  0.002155  0.009375  0.538479  0.702821  0.464848  -0.780677  0.623735  -0.038712  -0.317150  -0.342050  0.884544  -0.057064  -0.017766  -0.032496  -0.141295  1.390291  -0.713222  1.000000  
118.935476 0.028502  0.002133  0.009343  0.540166  0.702318  0.463649  -0.780026  0.624628  -0.037408  -0.315880  -0.341451  0.885229  -0.057214  -0.018149  -0.032426  -0.149604  1.420361  -0.730394  1.000000  
118.936723 0.028427  0.002109  0.009303  0.542268  0.701716  0.462104  -0.779285  0.625657  -0.035604  -0.314103  -0.340804  0.886111  -0.057480  -0.018538  -0.032352  -0.154827  1.453431  -0.742977  1.000000  
118.937731 0.028366  0.002088  0.009271  0.543951  0.701153  0.460980  -0.778623  0.626558  -0.034231  -0.312832  -0.340309  0.886750  -0.057923  -0.019101  -0.032358  -0.159253  1.479363  -0.761820  1.000000  
118.938972 0.028289  0.002061  0.009230  0.546185  0.700389  0.459497  -0.777721  0.627772  -0.032439  -0.311179  -0.339643  0.887587  -0.058562  -0.019644  -0.032415  -0.159266  1.519958  -0.793886  1.000000  
118.940222 0.028212  0.002033  0.009188  0.548256  0.699751  0.458000  -0.776923  0.628844  -0.030747  -0.309526  -0.338974  0.888420  -0.059137  -0.020183  -0.032443  -0.164555  1.547849  -0.807715  1.000000  
118.941227 0.028148  0.002009  0.009155  0.549957  0.699206  0.456791  -0.776277  0.629712  -0.029289  -0.308126  -0.338489  0.889092  -0.059673  -0.020777  -0.032426  -0.165021  1.575788  -0.830978  1.000000  
118.942473 0.028069  0.001979  0.009115  0.552207  0.698458  0.455218  -0.775384  0.630894  -0.027416  -0.306344  -0.337830  0.889958  -0.060364  -0.021366  -0.032275  -0.172418  1.610613  -0.849453  1.000000  
118.943733 0.027987  0.001947  0.009075  0.554430  0.697680  0.453707  -0.774450  0.632115  -0.025646  -0.304687  -0.337154  0.890782  -0.061143  -0.022061  -0.032063  -0.175149  1.644904  -0.877719  1.000000  
118.944971 0.027904  0.001913  0.009036  0.556539  0.697081  0.452043  -0.773687  0.633121  -0.023781  -0.302775  -0.336505  0.891679  -0.061972  -0.022671  -0.031947  -0.178785  1.678819  -0.896012  1.000000  
118.945977 0.027837  0.001886  0.009005  0.558414  0.696476  0.450661  -0.772933  0.634098  -0.022228  -0.301245  -0.335919  0.892418  -0.062535  -0.023085  -0.031875  -0.183962  1.708512  -0.913835  1.000000  
118.947224 0.027751  0.001850  0.008966  0.560859  0.695635  0.448921  -0.771956  0.635359  -0.020092  -0.299203  -0.335278  0.893346  -0.063169  -0.023616  -0.031933  -0.179315  1.749254  -0.948823  1.000000  
118.948225 0.027683  0.001823  0.008933  0.562729  0.695023  0.447526  -0.771186  0.636339  -0.018549  -0.297670  -0.334688  0.894079  -0.063683  -0.023970  -0.032025  -0.180584  1.778993  -0.974050  1.000000  
118.949475 0.027599  0.001789  0.008892  0.565008  0.694306  0.445764  -0.770306  0.637461  -0.016518  -0.295626  -0.334042  0.894998  -0.064285  -0.024436  -0.032133  -0.178263  1.822124  -1.001904  1.000000  
118.950724 0.027515  0.001758  0.008852  0.567307  0.693611  0.443922  -0.769447  0.638548  -0.014397  -0.293452  -0.333407  0.895950  -0.064891  -0.024797  -0.032208  -0.182664  1.857858  -1.017716  1.000000  
118.951727 0.027448  0.001734  0.008819  0.569193  0.693016  0.442435  -0.768687  0.639498  -0.012774  -0.291789  -0.332823  0.896710  -0.065265  -0.025043  -0.032251  -0.182107  1.894498  -1.047995  1.000000  
118.952972 0.027364  0.001701  0.008779  0.571462  0.692341  0.440563  -0.767777  0.640625  -0.010840  -0.289740  -0.332060  0.897656  -0.065889  -0.025512  -0.032163  -0.188658  1.928784  -1.065724  1.000000  
118.954221 0.027279  0.001669  0.008742  0.573885  0.691476  0.438768  -0.766740  0.641898  -0.008744  -0.287691  -0.331403  0.898558  -0.066419  -0.025840  -0.031928  -0.186958  1.966061  -1.087600  1.000000  
118.955225 0.027212  0.001643  0.008712  0.575762  0.690871  0.437259  -0.765956  0.642854  -0.007137  -0.286025  -0.330812  0.899307  -0.066706  -0.026030  -0.031754  -0.193060  1.995789  -1.106160  1.000000  
118.956471 0.027126  0.001610  0.008675  0.578043  0.690210  0.435289  -0.765048  0.643953  -0.005127  -0.283844  -0.330053  0.900276  -0.067166  -0.026249  -0.031444  -0.198110  2.027013  -1.117898  1.000000  
118.957471 0.027058  0.001583  0.008646  0.579803  0.689785  0.433620  -0.764428  0.644700  -0.003428  -0.281919  -0.329483  0.901089  -0.067374  -0.026392  -0.031229  -0.204862  2.056306  -1.123053  1.000000  
118.958721 0.026973  0.001549  0.008611  0.581942  0.689276  0.431558  -0.763651  0.645628  -0.001424  -0.279608  -0.328731  0.902084  -0.067703  -0.026554  -0.031006  -0.214188  2.091580  -1.133170  1.000000  
118.959730 0.026904  0.001521  0.008583  0.583696  0.688844  0.429875  -0.763016  0.646380  0.000265  -0.277680  -0.328156  0.902888  -0.067719  -0.026534  -0.030730  -0.223258  2.114689  -1.134079  1.000000  
118.960972 0.026820  0.001487  0.008547  0.585985  0.688143  0.427880  -0.762099  0.647456  0.002423  -0.275366  -0.327507  0.903832  -0.067794  -0.026601  -0.030596  -0.220625  2.150299  -1.144688  1.000000  
118.962222 0.026737  0.001454  0.008511  0.588135  0.687649  0.425717  -0.761322  0.648359  0.004503  -0.272921  -0.326756  0.904845  -0.067641  -0.026416  -0.030356  -0.230413  2.180716  -1.142851  1.000000  
118.963242 0.026671  0.001427  0.008482  0.589902  0.687236  0.423938  -0.760691  0.649084  0.006272  -0.270861  -0.326185  0.905670  -0.067435  -0.026273  -0.030036  -0.237699  2.211535  -1.142093  1.000000  
118.964481 0.026588  0.001395  0.008448  0.592022  0.686657  0.421915  -0.759865  0.650027  0.008322  -0.268542  -0.325526  0.906597  -0.067341  -0.026230  -0.029550  -0.239530  2.234552  -1.143878  1.000000  
118.965728 0.026507  0.001365  0.008416  0.594138  0.686125  0.419800  -0.759030  0.650975  0.010287  -0.266221  -0.324753  0.907558  -0.067246  -0.026208  -0.028970  -0.247498  2.255386  -1.139731  1.000000  
118.966976 0.026425  0.001334  0.008384  0.596272  0.685616  0.417601  -0.758212  0.651892  0.012340  -0.263770  -0.323988  0.908547  -0.067028  -0.026223  -0.028409  -0.257536  2.277642  -1.127616  1.000000  
118.968236 0.026343  0.001302  0.008355  0.598401  0.685103  0.415392  -0.757383  0.652812  0.014386  -0.261317  -0.323220  0.909529  -0.066837  -0.026204  -0.027747  -0.265499  2.301656  -1.121480  1.000000  
118.969474 0.026261  0.001269  0.008325  0.600548  0.684612  0.413097  -0.756571  0.653703  0.016520  -0.258733  -0.322459  0.910537  -0.066734  -0.026244  -0.027182  -0.275728  2.329092  -1.108355  1.000000  
118.970722 0.026178  0.001236  0.008295  0.602844  0.683982  0.410789  -0.755624  0.654738  0.018731  -0.256147  -0.321694  0.911538  -0.066655  -0.026266  -0.026814  -0.283425  2.358019  -1.105578  1.000000  
118.971724 0.026112  0.001209  0.008271  0.604564  0.683519  0.409029  -0.754905  0.655518  0.020364  -0.254207  -0.321090  0.912294  -0.066468  -0.026322  -0.026468  -0.289179  2.376342  -1.103769  1.000000  
118.972727 0.026045  0.001182  0.008247  0.606322  0.683107  0.407110  -0.754233  0.656233  0.022183  -0.252006  -0.320506  0.913110  -0.066440  -0.026288  -0.026207  -0.296684  2.400887  -1.097224  1.000000  
118.973972 0.025962  0.001148  0.008218  0.608584  0.682438  0.404850  -0.753228  0.657311  0.024277  -0.249545  -0.319719  0.914061  -0.066171  -0.026247  -0.025678  -0.302225  2.418678  -1.091814  1.000000  
118.974972 0.025896  0.001120  0.008196  0.610138  0.682101  0.403075  -0.752612  0.657958  0.025810  -0.247601  -0.319107  0.914803  -0.066122  -0.026246  -0.025233  -0.312026  2.429011  -1.079066  1.000000  
118.975978 0.025829  0.001093  0.008175  0.611823  0.681551  0.401449  -0.751839  0.658777  0.027407  -0.245786  -0.318593  0.915471  -0.066068  -0.026218  -0.024727  -0.317152  2.434951  -1.072472  1.000000  
118.977222 0.025746  0.001060  0.008148  0.613918  0.681006  0.399169  -0.750933  0.659724  0.029398  -0.243321  -0.317797  0.916406  -0.066074  -0.026259  -0.024093  -0.324639  2.441545  -1.064114  1.000000  
118.978225 0.025680  0.001032  0.008129  0.615596  0.680498  0.397447  -0.750145  0.660551  0.030904  -0.241504  -0.317168  0.917105  -0.066159  -0.026342  -0.023547  -0.332441  2.450189  -1.058840  1.000000  
118.979225 0.025613  0.001007  0.008111  0.617332  0.680068  0.395485  -0.749425  0.661281  0.032690  -0.239296  -0.316567  0.917890  -0.066168  -0.026338  -0.022935  -0.337966  2.464396  -1.049569  1.000000  
118.980226 0.025545  0.000979  0.008093  0.619179  0.679397  0.393748  -0.748521  0.662216  0.034442  -0.237347  -0.316055  0.918573  -0.066234  -0.026468  -0.022340  -0.336730  2.471177  -1.054440  1.000000  
118.981229 0.025476  0.000951  0.008075  0.620888  0.678934  0.391851  -0.747762  0.662984  0.036122  -0.235266  -0.315439  0.919319  -0.066562  -0.026783  -0.021810  -0.344962  2.479866  -1.049045  1.000000  
118.982478 0.025389  0.000914  0.008052  0.623174  0.678314  0.389286  -0.746754  0.663988  0.038443  -0.232404  -0.314658  0.920314  -0.066912  -0.027123  -0.021296  -0.351439  2.502613  -1.037730  1.000000  
118.983482 0.025319  0.000884  0.008034  0.624895  0.677872  0.387294  -0.746002  0.664729  0.040205  -0.230192  -0.314046  0.921079  -0.067179  -0.027402  -0.020938  -0.356656  2.520309  -1.026653  1.000000  
118.984523 0.025247  0.000854  0.008015  0.626745  0.677262  0.385366  -0.745089  0.665645  0.041947  -0.228108  -0.313422  0.921810  -0.067358  -0.027625  -0.020524  -0.359666  2.528954  -1.023762  1.000000  
118.985724 0.025157  0.000815  0.007992  0.628975  0.676529  0.383012  -0.744002  0.666718  0.044136  -0.225501  -0.312722  0.922689  -0.068075  -0.028053  -0.020136  -0.364731  2.545171  -1.024515  1.000000  
118.986972 0.025065  0.000777  0.007969  0.631181  0.675765  0.380727  -0.742880  0.667827  0.046222  -0.223024  -0.312009  0.923532  -0.068677  -0.028386  -0.019609  -0.365168  2.548909  -1.026826  1.000000  
118.987972 0.024991  0.000745  0.007953  0.633170  0.674914  0.378928  -0.741810  0.668876  0.048183  -0.220937  -0.311600  0.924171  -0.069185  -0.028677  -0.019225  -0.356783  2.559625  -1.044679  1.000000  
118.988991 0.024916  0.000713  0.007937  0.635002  0.674245  0.377049  -0.740863  0.669794  0.049978  -0.218848  -0.311078  0.924844  -0.069724  -0.028988  -0.018608  -0.354959  2.565778  -1.046391  1.000000  
118.990223 0.024822  0.000672  0.007917  0.637191  0.673423  0.374818  -0.739711  0.670903  0.052121  -0.216367  -0.310468  0.925632  -0.070567  -0.029469  -0.018161  -0.349865  2.573166  -1.055473  1.000000  
118.991273 0.024746  0.000640  0.007903  0.638844  0.672813  0.373098  -0.738856  0.671711  0.053814  -0.214407  -0.310044  0.926230  -0.071034  -0.029759  -0.017637  -0.344958  2.564117  -1.057942  1.000000  
118.992472 0.024650  0.000598  0.007885  0.641023  0.671938  0.370930  -0.737685  0.672817  0.056024  -0.211923  -0.309542  0.926970  -0.072084  -0.030417  -0.017211  -0.337947  2.571179  -1.067431  1.000000  
118.993472 0.024572  0.000564  0.007872  0.642496  0.671390  0.369370  -0.736926  0.673514  0.057617  -0.210092  -0.309217  0.927495  -0.072745  -0.030797  -0.016794  -0.331110  2.559528  -1.066376  1.000000  
118.994473 0.024493  0.000529  0.007859  0.644137  0.670728  0.367711  -0.736050  0.674318  0.059375  -0.208130  -0.308899  0.928043  -0.073573  -0.031374  -0.016470  -0.326644  2.563675  -1.067428  1.000000  
118.995475 0.024414  0.000494  0.007847  0.645756  0.669993  0.366209  -0.735147  0.675147  0.061117  -0.206297  -0.308684  0.928523  -0.074306  -0.031840  -0.016080  -0.313871  2.562773  -1.069561  1.000000  
118.996482 0.024333  0.000458  0.007835  0.647371  0.669300  0.364620  -0.734238  0.675984  0.062772  -0.204464  -0.308355  0.929038  -0.075172  -0.032448  -0.015593  -0.303436  2.557592  -1.075881  1.000000  
118.997731 0.024230  0.000412  0.007820  0.649357  0.668436  0.362669  -0.733136  0.676974  0.064945  -0.202106  -0.308058  0.929652  -0.076174  -0.033027  -0.015168  -0.287589  2.552341  -1.080181  1.000000  
118.998980 0.024126  0.000366  0.007807  0.651187  0.667666  0.360803  -0.732159  0.677818  0.067118  -0.199747  -0.307872  0.930224  -0.077230  -0.033627  -0.014419  -0.269474  2.541488  -1.079744  1.000000  
118.999982 0.024042  0.000329  0.007798  0.652639  0.667063  0.359289  -0.731364  0.678512  0.068765  -0.197911  -0.307650  0.930689  -0.078048  -0.034066  -0.013762  -0.258443  2.530252  -1.078562  1.000000  
119.001221 0.023936  0.000283  0.007788  0.654477  0.666317  0.357325  -0.730391  0.679327  0.071020  -0.195418  -0.307468  0.931276  -0.078930  -0.034467  -0.012934  -0.238774  2.528711  -1.073124  1.000000  
119.002226 0.023850  0.000247  0.007782  0.655923  0.665669  0.355879  -0.729583  0.680013  0.072741  -0.193581  -0.307356  0.931697  -0.079819  -0.034833  -0.012153  -0.227276  2.515879  -1.071235  1.000000  
119.003472 0.023743  0.000203  0.007775  0.657567  0.665005  0.354082  -0.728691  0.680753  0.074726  -0.191349  -0.307154  0.932224  -0.080665  -0.035036  -0.011326  -0.212811  2.494436  -1.061393  1.000000  
119.004473 0.023657  0.000168  0.007768  0.658873  0.664523  0.352557  -0.728026  0.681272  0.076459  -0.189379  -0.307047  0.932662  -0.081530  -0.035327  -0.010602  -0.196133  2.493178  -1.051437  1.000000  
119.005723 0.023549  0.000124  0.007762  0.660508  0.663814  0.350827  -0.727121  0.682004  0.078517  -0.187145  -0.306955  0.933143  -0.082355  -0.035479  -0.009851  -0.178034  2.485446  -1.040804  1.000000  
119.006725 0.023462  0.000090  0.007757  0.661774  0.663275  0.349459  -0.726408  0.682585  0.080057  -0.185436  -0.306830  0.933525  -0.083008  -0.035489  -0.009230  -0.164816  2.470824  -1.034487  1.000000  
119.007732 0.023375  0.000055  0.007754  0.663037  0.662735  0.348087  -0.725691  0.683166  0.081594  -0.183726  -0.306704  0.933904  -0.083773  -0.035639  -0.008490  -0.150568  2.461519  -1.024956  1.000000  
119.008972 0.023266  0.000013  0.007750  0.664512  0.662164  0.346356  -0.724904  0.683762  0.083567  -0.181490  -0.306606  0.934374  -0.084467  -0.035586  -0.007748  -0.134559  2.439203  -1.012458  1.000000  
119.009972 0.023179  -0.000021  0.007748  0.665752  0.661554  0.345140  -0.724159  0.684364  0.085088  -0.179911  -0.306584  0.934686  -0.085025  -0.035524  -0.007017  -0.116368  2.422904  -1.006198  1.000000  
119.011226 0.023068  -0.000064  0.007747  0.667070  0.661123  0.343415  -0.723498  0.684825  0.086982  -0.177673  -0.306483  0.935147  -0.085692  -0.035436  -0.006051  -0.103450  2.398485  -0.980623  1.000000  
119.012486 0.022958  -0.000107  0.007747  0.668534  0.660509  0.341746  -0.722693  0.685411  0.089027  -0.175434  -0.306495  0.935566  -0.086223  -0.035170  -0.004983  -0.082550  2.360756  -0.960795  1.000000  
119.013732 0.022849  -0.000149  0.007748  0.669844  0.660036  0.340090  -0.722020  0.685862  0.090996  -0.173194  -0.306505  0.935980  -0.086548  -0.034886  -0.003991  -0.064009  2.340698  -0.940415  1.000000  
119.014979 0.022739  -0.000191  0.007750  0.671151  0.659563  0.338428  -0.721340  0.686314  0.092962  -0.170954  -0.306513  0.936389  -0.086863  -0.034643  -0.003154  -0.042556  2.316942  -0.914885  1.000000  
119.016227 0.022630  -0.000232  0.007754  0.672484  0.659146  0.336589  -0.720688  0.686705  0.095107  -0.168448  -0.306534  0.936836  -0.087015  -0.034275  -0.002162  -0.020391  2.299294  -0.886843  1.000000  
119.017477 0.022522  -0.000271  0.007759  0.673930  0.658531  0.334896  -0.719857  0.687292  0.097134  -0.166206  -0.306538  0.937235  -0.087115  -0.033951  -0.001324  -0.006432  2.280012  -0.859337  1.000000  
119.018726 0.022415  -0.000310  0.007761  0.675209  0.658030  0.333302  -0.719143  0.687774  0.098996  -0.164094  -0.306535  0.937608  -0.087126  -0.033580  -0.000697  0.006368  2.251326  -0.828613  1.000000  
119.019973 0.022308  -0.000348  0.007765  0.676631  0.657346  0.331762  -0.718284  0.688379  0.101006  -0.161982  -0.306643  0.937940  -0.087033  -0.033206  0.000012  0.026151  2.228704  -0.808222  1.000000  
119.021222 0.022202  -0.000386  0.007769  0.678065  0.656731  0.330050  -0.717434  0.688967  0.103019  -0.159737  -0.306643  0.938325  -0.086877  -0.032831  0.000697  0.037763  2.220147  -0.795006  1.000000  
119.022473 0.022096  -0.000422  0.007774  0.679479  0.656087  0.328418  -0.716563  0.689584  0.104937  -0.157624  -0.306635  0.938685  -0.086708  -0.032448  0.001337  0.051082  2.196502  -0.771800  1.000000  
119.023486 0.022012  -0.000452  0.007778  0.680713  0.655528  0.326975  -0.715796  0.690125  0.106601  -0.155774  -0.306612  0.939001  -0.086410  -0.032070  0.001875  0.057991  2.186813  -0.761059  1.000000  
119.024725 0.021905  -0.000489  0.007785  0.682120  0.654843  0.325411  -0.714913  0.690729  0.108594  -0.153659  -0.306715  0.939316  -0.086306  -0.031741  0.002506  0.071438  2.172731  -0.746010  1.000000  
119.025731 0.021821  -0.000518  0.007789  0.683186  0.654398  0.324068  -0.714262  0.691165  0.110093  -0.151940  -0.306683  0.939606  -0.086034  -0.031377  0.002840  0.072683  2.163370  -0.737877  1.000000  
119.026978 0.021715  -0.000556  0.007794  0.684732  0.653571  0.322470  -0.713228  0.691902  0.112144  -0.149823  -0.306783  0.939913  -0.085780  -0.031027  0.003154  0.083381  2.154887  -0.727475  1.000000  
119.027978 0.021630  -0.000586  0.007797  0.685939  0.652943  0.321174  -0.712428  0.692459  0.113787  -0.148103  -0.306864  0.940160  -0.085726  -0.030787  0.003309  0.090639  2.146453  -0.716842  1.000000  
119.029225 0.021523  -0.000623  0.007802  0.687344  0.652326  0.319421  -0.711537  0.693046  0.115770  -0.145854  -0.306853  0.940515  -0.085498  -0.030419  0.003504  0.097228  2.137936  -0.706561  1.000000  
119.030229 0.021437  -0.000652  0.007804  0.688544  0.651698  0.318115  -0.710727  0.693601  0.117405  -0.144133  -0.306932  0.940754  -0.085312  -0.030097  0.003539  0.103823  2.123597  -0.702235  1.000000  
119.031480 0.021328  -0.000687  0.007808  0.690206  0.650698  0.316556  -0.709514  0.694500  0.119413  -0.142146  -0.307021  0.941027  -0.085353  -0.029821  0.003519  0.113114  2.110852  -0.707319  1.000000  
119.032481 0.021241  -0.000715  0.007810  0.691545  0.649926  0.315216  -0.708552  0.695189  0.121106  -0.140424  -0.307097  0.941261  -0.085317  -0.029530  0.003522  0.118935  2.110605  -0.707853  1.000000  
119.033726 0.021131  -0.000751  0.007813  0.693198  0.648925  0.313643  -0.707327  0.696085  0.123104  -0.138437  -0.307184  0.941527  -0.085631  -0.029390  0.003449  0.130437  2.098272  -0.727458  1.000000  
