1-Time 2-Px 3-Py 4-Pz 5-R11 6-R21 7-R31 8-R12 9-R22 10-R32 11-R13 12-R23 13-R33 14-Vx 15-Vy 16-Vz 17-Wx 18-Wy 19-Wz 20-state
87.110535 -0.000084  -0.012796  0.012834  0.859570  0.503037  -0.089958  -0.510932  0.849231  -0.133249  0.009366  0.160499  0.986992  0.009925  0.002519  0.005259  0.219214  0.405608  -0.467069  1.000000  
87.111575 -0.000075  -0.012794  0.012839  0.859673  0.502836  -0.090097  -0.510753  0.849373  -0.133030  0.009633  0.160379  0.987008  0.011853  0.002402  0.007053  0.214960  0.402269  -0.459297  1.000000  
87.112606 -0.000061  -0.012788  0.012839  0.859775  0.502628  -0.090288  -0.510574  0.849541  -0.132640  0.010035  0.160139  0.987043  0.013025  0.004661  0.002928  0.218664  0.403047  -0.451911  1.000000  
87.113805 -0.000043  -0.012776  0.012834  0.859774  0.502631  -0.090279  -0.510574  0.849584  -0.132366  0.010169  0.159900  0.987081  0.014016  0.006572  -0.000012  0.221179  0.389497  -0.433118  1.000000  
87.114829 -0.000029  -0.012770  0.012832  0.859773  0.502624  -0.090332  -0.510573  0.849611  -0.132196  0.010302  0.159780  0.987099  0.013794  0.006520  -0.000517  0.000000  0.000000  0.000000  1.000000  
87.116058 -0.000014  -0.012765  0.012834  0.859982  0.502267  -0.090330  -0.510218  0.849845  -0.132063  0.010436  0.159660  0.987117  0.013509  0.005959  0.000036  0.000000  0.000000  0.000000  1.000000  
87.117315 0.000002  -0.012759  0.012837  0.860293  0.501698  -0.090529  -0.509685  0.850204  -0.131813  0.010837  0.159539  0.987132  0.013284  0.005735  0.000427  0.000000  0.000000  0.000000  1.000000  
87.118557 0.000015  -0.012749  0.012838  0.860496  0.501278  -0.090921  -0.509327  0.850497  -0.131308  0.011506  0.159299  0.987163  0.012896  0.006044  0.000510  0.000000  0.000000  0.000000  1.000000  
87.119576 0.000026  -0.012741  0.012838  0.860492  0.501245  -0.091141  -0.509324  0.850561  -0.130900  0.011908  0.159058  0.987197  0.012568  0.006261  0.000458  0.000000  0.000000  0.000000  1.000000  
87.120802 0.000040  -0.012733  0.012840  0.860592  0.501019  -0.091447  -0.509144  0.850739  -0.130443  0.012443  0.158818  0.987230  0.012482  0.006320  0.000606  0.000000  0.000000  0.000000  1.000000  
87.121814 0.000053  -0.012728  0.012841  0.860695  0.500847  -0.091412  -0.508966  0.850885  -0.130188  0.012577  0.158578  0.987266  0.012482  0.006217  0.000646  0.000000  0.000000  0.000000  1.000000  
87.122823 0.000064  -0.012722  0.012841  0.860798  0.500676  -0.091378  -0.508788  0.851030  -0.129933  0.012711  0.158338  0.987303  0.012392  0.006157  0.000582  0.000000  0.000000  0.000000  1.000000  
87.124056 0.000078  -0.012712  0.012839  0.860901  0.500494  -0.091404  -0.508610  0.851160  -0.129782  0.012844  0.158218  0.987321  0.012242  0.006334  0.000385  0.000000  0.000000  0.000000  1.000000  
87.125072 0.000089  -0.012702  0.012832  0.860898  0.500468  -0.091571  -0.508608  0.851197  -0.129544  0.013112  0.158098  0.987336  0.012159  0.006614  -0.000099  0.000000  0.000000  0.000000  1.000000  
87.126076 0.000101  -0.012689  0.012823  0.861105  0.500093  -0.091684  -0.508251  0.851440  -0.129344  0.013379  0.157978  0.987352  0.012178  0.007081  -0.000815  0.000000  0.000000  0.000000  1.000000  
87.127320 0.000118  -0.012670  0.012809  0.861309  0.499687  -0.091972  -0.507894  0.851678  -0.129181  0.013781  0.157977  0.987347  0.012221  0.007930  -0.002062  0.000000  0.000000  0.000000  1.000000  
87.128569 0.000134  -0.012654  0.012798  0.861513  0.499282  -0.092261  -0.507537  0.851916  -0.129017  0.014182  0.157976  0.987341  0.011949  0.008272  -0.002422  0.000000  0.000000  0.000000  1.000000  
87.129575 0.000143  -0.012644  0.012794  0.861616  0.499088  -0.092348  -0.507358  0.852030  -0.128969  0.014316  0.157976  0.987339  0.011685  0.008546  -0.002576  0.000000  0.000000  0.000000  1.000000  
87.130578 0.000151  -0.012635  0.012793  0.861822  0.498701  -0.092522  -0.507001  0.852257  -0.128873  0.014584  0.157975  0.987335  0.011336  0.008780  -0.002749  0.000000  0.000000  0.000000  1.000000  
87.131818 0.000162  -0.012626  0.012792  0.861924  0.498530  -0.092489  -0.506823  0.852401  -0.128619  0.014717  0.157735  0.987372  0.010989  0.009068  -0.002981  0.130114  0.215696  -0.263104  1.000000  
87.133059 0.000175  -0.012615  0.012786  0.862027  0.498347  -0.092516  -0.506645  0.852530  -0.128467  0.014851  0.157615  0.987389  0.011021  0.009279  -0.003459  0.128189  0.208156  -0.258521  1.000000  
87.134307 0.000189  -0.012602  0.012776  0.862025  0.498352  -0.092509  -0.506644  0.852572  -0.128194  0.014985  0.157375  0.987425  0.011052  0.009422  -0.004075  0.131691  0.202750  -0.245667  1.000000  
87.135553 0.000203  -0.012589  0.012763  0.862128  0.498169  -0.092536  -0.506465  0.852701  -0.128042  0.015119  0.157255  0.987442  0.011033  0.009696  -0.005026  0.129845  0.196568  -0.242355  1.000000  
87.136553 0.000213  -0.012579  0.012753  0.862335  0.497811  -0.092537  -0.506109  0.852932  -0.127910  0.015252  0.157135  0.987459  0.010897  0.009976  -0.005833  0.129302  0.191536  -0.249546  1.000000  
87.137803 0.000224  -0.012566  0.012740  0.862541  0.497453  -0.092538  -0.505753  0.853163  -0.127778  0.015386  0.157015  0.987476  0.010676  0.010443  -0.006733  0.127606  0.185152  -0.253826  1.000000  
87.138805 0.000233  -0.012554  0.012729  0.862539  0.497435  -0.092652  -0.505752  0.853173  -0.127711  0.015520  0.157015  0.987474  0.010501  0.010746  -0.007420  0.123023  0.183243  -0.245497  1.000000  
87.140057 0.000243  -0.012537  0.012716  0.862643  0.497270  -0.092565  -0.505574  0.853291  -0.127627  0.015520  0.156895  0.987493  0.010295  0.011000  -0.007761  0.121814  0.174292  -0.241923  1.000000  
87.141304 0.000253  -0.012521  0.012707  0.862645  0.497300  -0.092391  -0.505575  0.853296  -0.127590  0.015386  0.156775  0.987514  0.009917  0.010943  -0.007589  0.118953  0.157986  -0.227169  1.000000  
87.142321 0.000261  -0.012508  0.012702  0.862751  0.497142  -0.092250  -0.505399  0.853388  -0.127676  0.015252  0.156776  0.987516  0.009458  0.010794  -0.007032  0.114902  0.144786  -0.225055  1.000000  
87.143561 0.000267  -0.012493  0.012700  0.862753  0.497171  -0.092076  -0.505400  0.853393  -0.127639  0.015119  0.156656  0.987537  0.008862  0.010765  -0.006507  0.107524  0.132516  -0.224429  1.000000  
87.144808 0.000272  -0.012479  0.012698  0.862755  0.497212  -0.091842  -0.505401  0.853413  -0.127499  0.014985  0.156417  0.987577  0.008397  0.010810  -0.006344  0.110778  0.122765  -0.221339  1.000000  
87.146057 0.000276  -0.012468  0.012693  0.862755  0.497223  -0.091781  -0.505401  0.853429  -0.127395  0.014985  0.156297  0.987596  0.008003  0.010919  -0.006683  0.110861  0.120469  -0.206910  1.000000  
87.147058 0.000282  -0.012459  0.012684  0.862753  0.497227  -0.091775  -0.505400  0.853470  -0.127121  0.015119  0.156057  0.987632  0.007790  0.011052  -0.007193  0.116111  0.115934  -0.186742  1.000000  
87.148059 0.000289  -0.012447  0.012673  0.862753  0.497238  -0.091714  -0.505400  0.853486  -0.127018  0.015119  0.155937  0.987651  0.007591  0.011202  -0.007582  0.000000  0.000000  0.000000  1.000000  
87.149303 0.000298  -0.012431  0.012659  0.862857  0.497085  -0.091568  -0.505222  0.853619  -0.126830  0.015119  0.155698  0.987689  0.007316  0.011359  -0.007839  0.000000  0.000000  0.000000  1.000000  
87.150303 0.000303  -0.012418  0.012649  0.862857  0.497096  -0.091507  -0.505222  0.853634  -0.126726  0.015119  0.155578  0.987708  0.006805  0.011558  -0.007726  0.000000  0.000000  0.000000  1.000000  
87.151553 0.000308  -0.012403  0.012641  0.862857  0.497118  -0.091387  -0.505222  0.853665  -0.126519  0.015119  0.155338  0.987746  0.006324  0.011719  -0.007502  0.000000  0.000000  0.000000  1.000000  
87.152553 0.000312  -0.012392  0.012635  0.862857  0.497140  -0.091266  -0.505222  0.853695  -0.126312  0.015119  0.155099  0.987783  0.005928  0.011762  -0.007115  0.000000  0.000000  0.000000  1.000000  
87.153803 0.000318  -0.012376  0.012629  0.862859  0.497180  -0.091031  -0.505223  0.853716  -0.126172  0.014985  0.154859  0.987823  0.005701  0.011843  -0.006714  0.000000  0.000000  0.000000  1.000000  
87.155053 0.000324  -0.012360  0.012621  0.862860  0.497220  -0.090797  -0.505224  0.853736  -0.126031  0.014851  0.154620  0.987862  0.005360  0.011803  -0.006365  0.000000  0.000000  0.000000  1.000000  
87.156055 0.000327  -0.012349  0.012613  0.862964  0.497066  -0.090650  -0.505047  0.853869  -0.125843  0.014851  0.154380  0.987900  0.004979  0.011682  -0.006357  0.000000  0.000000  0.000000  1.000000  
87.157055 0.000330  -0.012338  0.012605  0.862964  0.497088  -0.090530  -0.505047  0.853899  -0.125636  0.014851  0.154141  0.987937  0.004739  0.011568  -0.006620  0.000000  0.000000  0.000000  1.000000  
87.158341 0.000333  -0.012326  0.012593  0.862963  0.497104  -0.090463  -0.505046  0.853955  -0.125258  0.014985  0.153781  0.987991  0.004487  0.011261  -0.007250  0.000000  0.000000  0.000000  1.000000  
87.159561 0.000339  -0.012314  0.012581  0.863063  0.496936  -0.090424  -0.504866  0.854139  -0.124729  0.015252  0.153301  0.988062  0.004554  0.011176  -0.007949  0.000000  0.000000  0.000000  1.000000  
87.160808 0.000344  -0.012302  0.012567  0.863061  0.496951  -0.090357  -0.504865  0.854195  -0.124351  0.015386  0.152941  0.988116  0.004607  0.011286  -0.008521  0.000000  0.000000  0.000000  1.000000  
87.161808 0.000349  -0.012289  0.012555  0.863060  0.496967  -0.090291  -0.504864  0.854250  -0.123974  0.015520  0.152581  0.988169  0.004574  0.011479  -0.008739  0.000000  0.000000  0.000000  1.000000  
87.163058 0.000354  -0.012274  0.012543  0.863058  0.496993  -0.090164  -0.504863  0.854320  -0.123492  0.015654  0.152101  0.988241  0.004295  0.011527  -0.008664  0.184948  0.015810  -0.071935  1.000000  
87.164061 0.000359  -0.012261  0.012536  0.863056  0.497019  -0.090037  -0.504862  0.854390  -0.123011  0.015788  0.151622  0.988313  0.004114  0.011554  -0.008337  0.194614  0.015967  -0.072521  1.000000  
87.165306 0.000363  -0.012247  0.012530  0.863052  0.497028  -0.090024  -0.504859  0.854470  -0.122463  0.016055  0.151141  0.988382  0.004021  0.011429  -0.007946  0.206945  0.021500  -0.066376  1.000000  
87.166553 0.000366  -0.012232  0.012524  0.862946  0.497230  -0.089922  -0.505036  0.854438  -0.121963  0.016189  0.150662  0.988453  0.003913  0.011416  -0.007849  0.217688  0.024511  -0.045484  1.000000  
87.167554 0.000370  -0.012219  0.012517  0.862943  0.497228  -0.089969  -0.505034  0.854502  -0.121519  0.016456  0.150301  0.988503  0.003862  0.011542  -0.007932  0.227875  0.031298  -0.032876  1.000000  
87.168804 0.000373  -0.012202  0.012505  0.862939  0.497248  -0.089896  -0.505032  0.854596  -0.120867  0.016724  0.149701  0.988590  0.003677  0.011629  -0.008249  0.246206  0.035457  -0.033279  1.000000  
87.170053 0.000376  -0.012186  0.012491  0.862935  0.497268  -0.089823  -0.505029  0.854689  -0.120215  0.016992  0.149101  0.988676  0.003491  0.011608  -0.008631  0.262516  0.045339  -0.027853  1.000000  
87.171053 0.000377  -0.012175  0.012479  0.862827  0.497453  -0.089834  -0.505205  0.854665  -0.119648  0.017259  0.148620  0.988744  0.003349  0.011578  -0.008961  0.277035  0.060115  -0.023293  1.000000  
87.172055 0.000378  -0.012166  0.012467  0.862823  0.497473  -0.089761  -0.505202  0.854758  -0.118996  0.017527  0.148020  0.988829  0.003248  0.011456  -0.009170  0.295225  0.073933  -0.018349  1.000000  
87.173306 0.000380  -0.012155  0.012453  0.862713  0.497663  -0.089766  -0.505376  0.854771  -0.118155  0.017928  0.147299  0.988929  0.003113  0.011483  -0.009382  0.315398  0.092579  -0.014237  1.000000  
87.174553 0.000381  -0.012141  0.012441  0.862602  0.497875  -0.089650  -0.505550  0.854813  -0.117106  0.018329  0.146338  0.989065  0.002837  0.011564  -0.009352  0.343824  0.111264  -0.010107  1.000000  
87.175568 0.000382  -0.012129  0.012432  0.862598  0.497896  -0.089576  -0.505548  0.854904  -0.116454  0.018597  0.145738  0.989148  0.002601  0.011696  -0.009166  0.358774  0.121037  -0.011497  1.000000  
87.176808 0.000383  -0.012113  0.012422  0.862488  0.498109  -0.089459  -0.505721  0.854943  -0.115405  0.018998  0.144777  0.989282  0.002252  0.011738  -0.008897  0.383486  0.131021  -0.005941  1.000000  
87.177819 0.000384  -0.012101  0.012415  0.862481  0.498124  -0.089439  -0.505718  0.855056  -0.114582  0.019400  0.144056  0.989379  0.002036  0.011756  -0.008667  0.403745  0.144317  -0.007907  1.000000  
87.179058 0.000384  -0.012086  0.012406  0.862368  0.498320  -0.089436  -0.505890  0.855103  -0.113466  0.019935  0.143094  0.989508  0.001678  0.011674  -0.008645  0.428514  0.164197  0.003172  1.000000  
87.180126 0.000384  -0.012074  0.012398  0.862259  0.498539  -0.089264  -0.506065  0.855116  -0.112587  0.020202  0.142253  0.989624  0.001379  0.011623  -0.008896  0.452068  0.173723  0.008733  1.000000  
87.181304 0.000382  -0.012060  0.012385  0.862249  0.498560  -0.089238  -0.506059  0.855263  -0.111489  0.020737  0.141291  0.989751  0.001091  0.011686  -0.009431  0.477638  0.191930  0.006191  1.000000  
87.182304 0.000382  -0.012049  0.012373  0.862140  0.498780  -0.089065  -0.506234  0.855273  -0.110611  0.021005  0.140450  0.989865  0.000852  0.011550  -0.009735  0.498150  0.201844  0.011809  1.000000  
87.183305 0.000383  -0.012037  0.012360  0.862029  0.498983  -0.089007  -0.506407  0.855293  -0.109665  0.021406  0.139608  0.989975  0.000763  0.011464  -0.009986  0.518449  0.218838  0.015968  1.000000  
87.184553 0.000383  -0.012025  0.012347  0.862019  0.499027  -0.088859  -0.506401  0.855463  -0.108359  0.021941  0.138406  0.990133  0.000561  0.011111  -0.009943  0.550770  0.240872  0.012856  1.000000  
87.185553 0.000383  -0.012016  0.012339  0.861904  0.499215  -0.088914  -0.506572  0.855489  -0.107346  0.022476  0.137563  0.990238  0.000418  0.010938  -0.009730  0.571177  0.259538  0.017171  1.000000  
87.186553 0.000381  -0.012007  0.012332  0.861894  0.499238  -0.088886  -0.506566  0.855630  -0.106247  0.023011  0.136601  0.990359  0.000201  0.010928  -0.009373  0.596448  0.280486  0.021717  1.000000  
87.187803 0.000380  -0.011996  0.012326  0.861776  0.499454  -0.088813  -0.506736  0.855714  -0.104751  0.023680  0.135277  0.990525  0.000025  0.010933  -0.008880  0.629226  0.299270  0.026201  1.000000  
87.188807 0.000379  -0.011985  0.012321  0.861765  0.499489  -0.088725  -0.506729  0.855864  -0.103548  0.024215  0.134194  0.990659  -0.000119  0.010965  -0.008404  0.652451  0.310991  0.031045  1.000000  
87.190056 0.000379  -0.011972  0.012313  0.861751  0.499541  -0.088569  -0.506721  0.856059  -0.101967  0.024884  0.132750  0.990837  -0.000203  0.010816  -0.008197  0.689107  0.328733  0.028786  1.000000  
87.191303 0.000381  -0.011960  0.012303  0.861635  0.499785  -0.088320  -0.506892  0.856139  -0.100433  0.025419  0.131305  0.991016  -0.000113  0.010632  -0.008105  0.721445  0.338424  0.034622  1.000000  
87.192307 0.000381  -0.011951  0.012295  0.861623  0.499831  -0.088171  -0.506885  0.856296  -0.099126  0.025954  0.130102  0.991161  -0.000156  0.010406  -0.008241  0.752036  0.354614  0.033298  1.000000  
87.193309 0.000383  -0.011941  0.012285  0.861614  0.499893  -0.087907  -0.506879  0.856441  -0.097885  0.026355  0.128898  0.991308  -0.000111  0.010219  -0.008429  0.781088  0.363722  0.032334  1.000000  
87.194557 0.000382  -0.011931  0.012272  0.861599  0.499958  -0.087691  -0.506870  0.856638  -0.096198  0.027024  0.127332  0.991492  -0.000117  0.009963  -0.008670  0.814792  0.378209  0.029914  1.000000  
87.195558 0.000381  -0.011922  0.012263  0.861586  0.500016  -0.087481  -0.506863  0.856800  -0.094786  0.027559  0.126007  0.991646  -0.000100  0.009733  -0.008653  0.845676  0.394510  0.028650  1.000000  
87.196558 0.000380  -0.011914  0.012253  0.861573  0.500086  -0.087211  -0.506855  0.856971  -0.093270  0.028094  0.124562  0.991814  -0.000219  0.009452  -0.008548  0.882138  0.402392  0.020916  1.000000  
87.197559 0.000379  -0.011907  0.012246  0.861456  0.500332  -0.086959  -0.507025  0.857036  -0.091735  0.028629  0.123116  0.991979  -0.000246  0.009237  -0.008187  0.918976  0.416670  0.026289  1.000000  
87.198804 0.000376  -0.011898  0.012240  0.861439  0.500419  -0.086621  -0.507015  0.857242  -0.089839  0.029298  0.121309  0.992182  -0.000489  0.008924  -0.007561  0.959952  0.430083  0.024970  1.000000  
87.200060 0.000374  -0.011890  0.012236  0.861419  0.500504  -0.086336  -0.507003  0.857464  -0.087771  0.030100  0.119380  0.992392  -0.000598  0.008663  -0.007053  1.004656  0.443338  0.023701  1.000000  
87.201303 0.000372  -0.011882  0.012232  0.861397  0.500600  -0.085990  -0.506991  0.857691  -0.085599  0.030903  0.117331  0.992612  -0.000634  0.008482  -0.006814  1.049644  0.460333  0.015078  1.000000  
87.202553 0.000370  -0.011873  0.012227  0.861376  0.500696  -0.085645  -0.506978  0.857912  -0.083426  0.031705  0.115281  0.992827  -0.000658  0.008291  -0.006725  1.089434  0.468903  0.007001  1.000000  
87.203803 0.000370  -0.011863  0.012219  0.861249  0.500980  -0.085255  -0.507142  0.858035  -0.081130  0.032507  0.113110  0.993051  -0.000571  0.008144  -0.006789  1.138105  0.487452  0.012164  1.000000  
87.205053 0.000370  -0.011853  0.012211  0.861226  0.501089  -0.084848  -0.507129  0.858256  -0.078852  0.033310  0.110939  0.993269  -0.000584  0.007950  -0.006851  1.182868  0.499999  0.004379  1.000000  
87.206053 0.000370  -0.011845  0.012204  0.861207  0.501179  -0.084509  -0.507117  0.858435  -0.076953  0.033978  0.109129  0.993447  -0.000753  0.007760  -0.006769  1.219133  0.512403  -0.003497  1.000000  
87.207055 0.000369  -0.011838  0.012198  0.861079  0.501435  -0.084300  -0.507281  0.858514  -0.074969  0.034781  0.107318  0.993616  -0.000826  0.007661  -0.006588  1.255289  0.526357  0.002275  1.000000  
87.208059 0.000367  -0.011832  0.012193  0.861059  0.501526  -0.083960  -0.507269  0.858685  -0.073069  0.035449  0.105508  0.993786  -0.000966  0.007452  -0.006245  1.290083  0.534350  -0.004359  1.000000  
87.209072 0.000365  -0.011827  0.012191  0.861034  0.501607  -0.083735  -0.507254  0.858858  -0.071102  0.036251  0.103696  0.993948  -0.001178  0.007198  -0.005710  1.326069  0.551902  -0.005895  1.000000  
87.210312 0.000362  -0.011819  0.012186  0.860900  0.501903  -0.083334  -0.507414  0.858973  -0.068528  0.037187  0.101281  0.994163  -0.001288  0.006951  -0.005212  1.375390  0.565455  -0.006602  1.000000  
87.211568 0.000359  -0.011813  0.012184  0.860765  0.502211  -0.082872  -0.507573  0.859089  -0.065850  0.038123  0.098745  0.994382  -0.001367  0.006729  -0.004635  1.425232  0.583690  -0.007735  1.000000  
87.212808 0.000355  -0.011807  0.012182  0.860625  0.502519  -0.082461  -0.507729  0.859210  -0.063000  0.039193  0.096087  0.994601  -0.001548  0.006563  -0.004193  1.481841  0.602091  -0.001926  1.000000  
87.214055 0.000351  -0.011801  0.012179  0.860593  0.502672  -0.081861  -0.507710  0.859427  -0.060129  0.040129  0.093309  0.994828  -0.001626  0.006356  -0.003943  1.530447  0.614196  -0.009677  1.000000  
87.215303 0.000349  -0.011795  0.012175  0.860451  0.502982  -0.081449  -0.507865  0.859530  -0.057277  0.041198  0.090650  0.995030  -0.001614  0.006200  -0.003966  1.582830  0.631851  -0.010562  1.000000  
87.216305 0.000348  -0.011791  0.012171  0.860313  0.503264  -0.081165  -0.508023  0.859592  -0.054910  0.042134  0.088473  0.995187  -0.001577  0.006016  -0.004003  1.628901  0.646850  -0.003710  1.000000  
87.217553 0.000348  -0.011785  0.012165  0.860169  0.503606  -0.080566  -0.508177  0.859697  -0.051745  0.043204  0.085451  0.995405  -0.001474  0.005906  -0.004112  1.686154  0.660318  -0.003790  1.000000  
87.218803 0.000348  -0.011778  0.012160  0.860019  0.503949  -0.080020  -0.508327  0.859803  -0.048407  0.044407  0.082307  0.995617  -0.001472  0.005686  -0.003972  1.741405  0.677850  0.002032  1.000000  
87.219803 0.000348  -0.011773  0.012158  0.859878  0.504255  -0.079609  -0.508482  0.859852  -0.045830  0.045342  0.079888  0.995772  -0.001543  0.005457  -0.003583  1.788833  0.693176  0.009294  1.000000  
87.221053 0.000346  -0.011767  0.012157  0.859720  0.504601  -0.079113  -0.508628  0.859946  -0.042319  0.046679  0.076622  0.995967  -0.001580  0.005208  -0.003086  1.846885  0.714664  0.014746  1.000000  
87.222310 0.000344  -0.011763  0.012159  0.859671  0.504772  -0.078554  -0.508599  0.860120  -0.038996  0.047882  0.073476  0.996147  -0.001640  0.004875  -0.002495  1.907084  0.737832  0.007947  1.000000  
87.223553 0.000342  -0.011759  0.012161  0.859510  0.505114  -0.078116  -0.508743  0.860183  -0.035589  0.049218  0.070330  0.996309  -0.001588  0.004679  -0.002069  1.956317  0.763467  0.013191  1.000000  
87.224803 0.000340  -0.011756  0.012162  0.859354  0.505474  -0.077501  -0.508889  0.860232  -0.032144  0.050421  0.067063  0.996474  -0.001592  0.004386  -0.001697  2.009226  0.781863  0.020180  1.000000  
87.225821 0.000339  -0.011755  0.012162  0.859202  0.505797  -0.077076  -0.509039  0.860245  -0.029289  0.051490  0.064400  0.996595  -0.001427  0.004153  -0.001521  2.058069  0.802086  0.027658  1.000000  
87.227059 0.000338  -0.011753  0.012161  0.859142  0.505986  -0.076505  -0.509003  0.860381  -0.025687  0.052826  0.061010  0.996738  -0.001228  0.003849  -0.001474  2.111454  0.823994  0.020792  1.000000  
87.228060 0.000338  -0.011752  0.012160  0.859087  0.506146  -0.076064  -0.508970  0.860488  -0.022571  0.054028  0.058105  0.996847  -0.001028  0.003627  -0.001411  2.160515  0.846374  0.020561  1.000000  
87.229306 0.000339  -0.011750  0.012158  0.859018  0.506351  -0.075484  -0.508929  0.860606  -0.018691  0.055498  0.054472  0.996972  -0.000831  0.003346  -0.001365  2.221826  0.873232  0.020507  1.000000  
87.230554 0.000339  -0.011748  0.012157  0.858842  0.506735  -0.074907  -0.509064  0.860602  -0.014796  0.056967  0.050840  0.997081  -0.000717  0.003022  -0.001077  2.275335  0.896214  0.027979  1.000000  
87.231557 0.000339  -0.011747  0.012156  0.858887  0.506733  -0.074401  -0.508852  0.860776  -0.011589  0.058170  0.047813  0.997161  -0.000568  0.002837  -0.000857  2.319682  0.913404  0.021721  1.000000  
87.232802 0.000340  -0.011746  0.012157  0.858819  0.506967  -0.073581  -0.508811  0.860845  -0.007568  0.059505  0.043939  0.997261  -0.000542  0.002427  -0.000343  2.381309  0.931429  0.023008  1.000000  
87.233803 0.000340  -0.011747  0.012160  0.858757  0.507146  -0.073077  -0.508775  0.860889  -0.004345  0.060707  0.040911  0.997317  -0.000585  0.002081  0.000008  2.417831  0.945337  0.016273  1.000000  
87.234803 0.000339  -0.011747  0.012162  0.858805  0.507170  -0.072334  -0.508564  0.861023  -0.000997  0.061776  0.037642  0.997380  -0.000611  0.001621  0.000321  2.474578  0.961690  0.011443  1.000000  
87.235803 0.000338  -0.011749  0.012165  0.858740  0.507369  -0.071706  -0.508526  0.861043  0.002435  0.062977  0.034373  0.997423  -0.000609  0.001253  0.000524  2.518951  0.976000  0.011935  1.000000  
87.237053 0.000336  -0.011751  0.012167  0.858772  0.507431  -0.070886  -0.508306  0.861153  0.006443  0.064313  0.030499  0.997464  -0.000532  0.000807  0.000529  2.570846  0.988344  0.000345  1.000000  
87.238311 0.000334  -0.011755  0.012167  0.858786  0.507497  -0.070235  -0.508076  0.861246  0.010691  0.065915  0.026503  0.997473  -0.000533  0.000315  0.000431  2.629732  1.011137  -0.004857  1.000000  
87.239553 0.000333  -0.011757  0.012167  0.858799  0.507565  -0.069584  -0.507844  0.861319  0.014940  0.067517  0.022508  0.997464  -0.000478  -0.000018  0.000294  2.683346  1.031660  -0.016756  1.000000  
87.240555 0.000332  -0.011760  0.012166  0.858833  0.507593  -0.068959  -0.507626  0.861382  0.018357  0.068718  0.019239  0.997451  -0.000473  -0.000372  0.000241  2.731541  1.050667  -0.022017  1.000000  
87.241807 0.000331  -0.011764  0.012167  0.858946  0.507506  -0.068192  -0.507216  0.861518  0.022801  0.070320  0.015003  0.997412  -0.000499  -0.000767  0.000366  2.782905  1.065795  -0.039968  1.000000  
87.242810 0.000331  -0.011767  0.012168  0.858976  0.507545  -0.067507  -0.506995  0.861547  0.026324  0.071521  0.011614  0.997371  -0.000527  -0.001050  0.000543  2.825114  1.082806  -0.051254  1.000000  
87.244063 0.000330  -0.011770  0.012170  0.858981  0.507656  -0.066614  -0.506759  0.861530  0.030990  0.073123  0.007137  0.997297  -0.000610  -0.001393  0.000819  2.887470  1.101036  -0.062127  1.000000  
87.245310 0.000328  -0.011774  0.012173  0.859087  0.507599  -0.065667  -0.506345  0.861589  0.035748  0.074724  0.002540  0.997201  -0.000693  -0.001737  0.001095  2.945552  1.117752  -0.072646  1.000000  
87.246559 0.000326  -0.011779  0.012177  0.859078  0.507715  -0.064891  -0.506102  0.861523  0.040481  0.076458  -0.001935  0.997071  -0.000915  -0.002133  0.001397  3.001980  1.139988  -0.083349  1.000000  
87.247808 0.000323  -0.011783  0.012180  0.859179  0.507647  -0.064071  -0.505685  0.861542  0.045029  0.078059  -0.006288  0.996929  -0.001085  -0.002508  0.001469  3.045589  1.153010  -0.100369  1.000000  
87.248810 0.000321  -0.011788  0.012180  0.859193  0.507703  -0.063445  -0.505455  0.861476  0.048723  0.079393  -0.009794  0.996795  -0.001270  -0.002855  0.001333  3.076835  1.166141  -0.111147  1.000000  
87.250057 0.000317  -0.011795  0.012180  0.859280  0.507672  -0.062497  -0.505030  0.861426  0.053755  0.081127  -0.014628  0.996596  -0.001440  -0.003144  0.001066  3.132925  1.184084  -0.127778  1.000000  
87.251058 0.000315  -0.011800  0.012178  0.859403  0.507576  -0.061584  -0.504627  0.861409  0.057681  0.082327  -0.018494  0.996434  -0.001490  -0.003358  0.000822  3.176006  1.188285  -0.144796  1.000000  
87.252062 0.000312  -0.011805  0.012176  0.859525  0.507480  -0.060673  -0.504222  0.861374  0.061607  0.083527  -0.022360  0.996255  -0.001581  -0.003599  0.000655  3.220412  1.197621  -0.155037  1.000000  
87.253306 0.000308  -0.011812  0.012174  0.859616  0.507444  -0.059679  -0.503800  0.861260  0.066466  0.085127  -0.027069  0.996002  -0.001764  -0.003852  0.000458  3.271745  1.206756  -0.171211  1.000000  
87.254308 0.000305  -0.011818  0.012174  0.859630  0.507526  -0.058758  -0.503571  0.861081  0.070402  0.086326  -0.030931  0.995787  -0.001891  -0.004086  0.000474  3.315201  1.215952  -0.181284  1.000000  
87.255588 0.000302  -0.011824  0.012174  0.859820  0.507330  -0.057659  -0.502969  0.861004  0.075456  0.087926  -0.035878  0.995481  -0.002025  -0.004274  0.000560  3.364345  1.224708  -0.203825  1.000000  
87.256808 0.000298  -0.011831  0.012176  0.859905  0.507320  -0.056486  -0.502543  0.860785  0.080625  0.089525  -0.040943  0.995143  -0.002222  -0.004502  0.000623  3.422461  1.235280  -0.212645  1.000000  
87.257810 0.000296  -0.011836  0.012177  0.860018  0.507234  -0.055524  -0.502134  0.860637  0.084652  0.090724  -0.044921  0.994862  -0.002343  -0.004635  0.000577  3.457838  1.235903  -0.222164  1.000000  
87.259066 0.000293  -0.011842  0.012178  0.860201  0.507049  -0.054374  -0.501529  0.860467  0.089806  0.092323  -0.049981  0.994474  -0.002470  -0.004835  0.000510  3.503559  1.240858  -0.237377  1.000000  
87.260311 0.000290  -0.011849  0.012179  0.860392  0.506871  -0.052990  -0.500929  0.860248  0.095102  0.093789  -0.055281  0.994056  -0.002607  -0.005027  0.000340  3.558690  1.242171  -0.259426  1.000000  
87.261560 0.000287  -0.011856  0.012177  0.860467  0.506870  -0.051765  -0.500498  0.859900  0.100369  0.095387  -0.060455  0.993603  -0.002594  -0.005168  -0.000010  3.606345  1.247774  -0.260669  1.000000  
87.262560 0.000285  -0.011862  0.012176  0.860573  0.506780  -0.050875  -0.500086  0.859674  0.104286  0.096586  -0.064304  0.993245  -0.002622  -0.005337  -0.000282  3.629589  1.253393  -0.270023  1.000000  
87.263840 0.000282  -0.011870  0.012173  0.860746  0.506592  -0.049799  -0.499476  0.859402  0.109330  0.098184  -0.069232  0.992757  -0.002565  -0.005449  -0.000452  3.660742  1.257919  -0.277870  1.000000  
87.265059 0.000278  -0.011878  0.012171  0.860917  0.506424  -0.048544  -0.498864  0.859059  0.114685  0.099781  -0.074518  0.992215  -0.002653  -0.005571  -0.000576  3.707642  1.270056  -0.292793  1.000000  
87.266060 0.000275  -0.011885  0.012169  0.861109  0.506192  -0.047554  -0.498265  0.858810  0.119071  0.101113  -0.078839  0.991746  -0.002658  -0.005636  -0.000598  3.742663  1.275955  -0.301588  1.000000  
87.267308 0.000270  -0.011893  0.012168  0.861275  0.506026  -0.046306  -0.497651  0.858407  0.124422  0.102710  -0.084117  0.991148  -0.002723  -0.005711  -0.000492  3.790151  1.282314  -0.309352  1.000000  
87.268310 0.000267  -0.011899  0.012167  0.861474  0.505780  -0.045270  -0.497057  0.858130  0.128634  0.103907  -0.088313  0.990658  -0.002696  -0.005742  -0.000438  3.817866  1.282488  -0.322805  1.000000  
87.269558 0.000263  -0.011907  0.012166  0.861750  0.505438  -0.043819  -0.496271  0.857747  0.134112  0.105371  -0.093825  0.989997  -0.002731  -0.005841  -0.000535  3.875616  1.281590  -0.332983  1.000000  
87.270561 0.000260  -0.011914  0.012164  0.862060  0.505015  -0.042582  -0.495504  0.857500  0.138454  0.106436  -0.098256  0.989453  -0.002799  -0.005974  -0.000642  3.909702  1.279128  -0.348715  1.000000  
87.271808 0.000256  -0.011922  0.012160  0.862331  0.504666  -0.041205  -0.494716  0.857071  0.143823  0.107899  -0.103638  0.988745  -0.002784  -0.006024  -0.001065  3.951624  1.278432  -0.363654  1.000000  
87.272809 0.000253  -0.011928  0.012156  0.862523  0.504430  -0.040064  -0.494118  0.856664  0.148236  0.109096  -0.108061  0.988140  -0.002837  -0.006157  -0.001386  3.979522  1.277939  -0.369160  1.000000  
87.274063 0.000250  -0.011937  0.012150  0.862789  0.504090  -0.038575  -0.493327  0.856137  0.153808  0.110559  -0.113674  0.987347  -0.002880  -0.006297  -0.001858  4.017488  1.276488  -0.383321  1.000000  
87.275081 0.000246  -0.011944  0.012145  0.862990  0.503844  -0.037266  -0.492736  0.855668  0.158254  0.111623  -0.118209  0.986695  -0.002933  -0.006436  -0.002268  4.046812  1.270407  -0.388174  1.000000  
87.276310 0.000242  -0.011953  0.012139  0.863366  0.503304  -0.035829  -0.491773  0.855228  0.163539  0.112952  -0.123575  0.985886  -0.003062  -0.006640  -0.002595  4.078855  1.261466  -0.410420  1.000000  
87.277312 0.000238  -0.011961  0.012134  0.863578  0.503040  -0.034415  -0.491187  0.854716  0.167915  0.113883  -0.128104  0.985201  -0.003198  -0.006684  -0.002826  4.114014  1.250031  -0.412995  1.000000  
87.278557 0.000232  -0.011971  0.012129  0.863963  0.502497  -0.032633  -0.490230  0.854141  0.173545  0.115079  -0.133938  0.984285  -0.003391  -0.006902  -0.003029  4.164527  1.240960  -0.435049  1.000000  
87.279808 0.000226  -0.011981  0.012124  0.864332  0.501959  -0.031097  -0.489264  0.853563  0.179029  0.116408  -0.139526  0.983352  -0.003534  -0.007021  -0.003140  4.187637  1.234241  -0.445894  1.000000  
87.281062 0.000220  -0.011990  0.012120  0.864726  0.501385  -0.029339  -0.488312  0.852969  0.184380  0.117471  -0.145111  0.982417  -0.003620  -0.007020  -0.003326  4.210763  1.221700  -0.465032  1.000000  
87.282305 0.000213  -0.012000  0.012113  0.865105  0.500832  -0.027584  -0.487352  0.852284  0.189999  0.118667  -0.150926  0.981397  -0.003763  -0.007143  -0.003690  4.246654  1.211410  -0.476132  1.000000  
87.283558 0.000207  -0.012009  0.012106  0.865495  0.500260  -0.025661  -0.486399  0.851549  0.195653  0.119729  -0.156855  0.980337  -0.003973  -0.007214  -0.004169  4.292081  1.203203  -0.488652  1.000000  
87.284803 0.000201  -0.012018  0.012096  0.865869  0.499693  -0.024044  -0.485437  0.850839  0.201058  0.120925  -0.162418  0.979284  -0.004094  -0.007272  -0.004648  4.314124  1.198395  -0.506069  1.000000  
87.286054 0.000194  -0.012027  0.012085  0.866254  0.499113  -0.022139  -0.484482  0.850030  0.206704  0.121987  -0.168332  0.978153  -0.004303  -0.007353  -0.005229  4.345729  1.180850  -0.515382  1.000000  
87.287303 0.000187  -0.012037  0.012073  0.866652  0.498509  -0.020069  -0.483534  0.849169  0.212384  0.122917  -0.174360  0.976980  -0.004507  -0.007510  -0.005728  4.382467  1.163574  -0.531438  1.000000  
87.288425 0.000180  -0.012046  0.012062  0.866964  0.498025  -0.018573  -0.482772  0.848495  0.216765  0.123714  -0.178961  0.976047  -0.004755  -0.007598  -0.006085  4.387326  1.149599  -0.537235  1.000000  
87.289553 0.000172  -0.012057  0.012051  0.867259  0.497582  -0.016533  -0.482001  0.847491  0.222338  0.124643  -0.184856  0.974829  -0.005031  -0.007777  -0.006455  4.422367  1.140079  -0.543445  1.000000  
87.290555 0.000165  -0.012066  0.012041  0.867583  0.497072  -0.014814  -0.481246  0.846722  0.226854  0.125307  -0.189686  0.973816  -0.005316  -0.007928  -0.006783  4.448420  1.126488  -0.553941  1.000000  
87.291807 0.000156  -0.012078  0.012028  0.867990  0.496421  -0.012661  -0.480304  0.845738  0.232454  0.126103  -0.195686  0.972525  -0.005601  -0.008053  -0.007204  4.491288  1.105342  -0.569903  1.000000  
87.292809 0.000148  -0.012088  0.012018  0.868212  0.496072  -0.010968  -0.479727  0.844842  0.236862  0.126767  -0.200385  0.971481  -0.005839  -0.008159  -0.007644  4.518764  1.086578  -0.574830  1.000000  
87.293810 0.000140  -0.012098  0.012007  0.868547  0.495523  -0.009094  -0.478979  0.843980  0.241407  0.127298  -0.205318  0.970381  -0.006043  -0.008313  -0.008146  4.551764  1.069410  -0.581495  1.000000  
87.295060 0.000131  -0.012109  0.011991  0.868852  0.495024  -0.006913  -0.478214  0.842796  0.246994  0.128094  -0.211295  0.968992  -0.006196  -0.008400  -0.008809  4.575675  1.040754  -0.584660  1.000000  
87.296066 0.000124  -0.012117  0.011978  0.869087  0.494634  -0.005120  -0.477645  0.841838  0.251326  0.128625  -0.215979  0.967889  -0.006397  -0.008495  -0.009514  4.589483  1.021969  -0.589812  1.000000  
87.297304 0.000115  -0.012128  0.011961  0.869517  0.493894  -0.002837  -0.476717  0.840750  0.256674  0.129155  -0.221830  0.966494  -0.006536  -0.008569  -0.010143  4.611637  0.992558  -0.597473  1.000000  
87.298305 0.000107  -0.012137  0.011946  0.869751  0.493490  -0.000936  -0.476146  0.839678  0.261201  0.129686  -0.226735  0.965284  -0.006759  -0.008704  -0.010834  4.639525  0.973344  -0.596341  1.000000  
87.299553 0.000097  -0.012148  0.011928  0.870097  0.492878  0.001678  -0.475405  0.838342  0.266781  0.130084  -0.232923  0.963756  -0.007041  -0.008841  -0.011419  4.667109  0.941670  -0.596298  1.000000  
87.300553 0.000088  -0.012157  0.011913  0.870344  0.492431  0.003563  -0.474842  0.837297  0.271033  0.130482  -0.237584  0.962563  -0.007305  -0.008942  -0.011777  4.679929  0.921363  -0.588947  1.000000  
87.301553 0.000079  -0.012167  0.011899  0.870704  0.491775  0.005559  -0.474109  0.836313  0.275322  0.130747  -0.242360  0.961336  -0.007459  -0.009008  -0.012078  4.698442  0.894443  -0.596693  1.000000  
87.302553 0.000068  -0.012176  0.011886  0.870951  0.491312  0.007553  -0.473546  0.835155  0.279768  0.131145  -0.247241  0.960038  -0.007773  -0.009080  -0.012342  4.718567  0.871022  -0.597189  1.000000  
87.303803 0.000055  -0.012188  0.011868  0.871407  0.490456  0.010133  -0.472632  0.833847  0.285163  0.131411  -0.253282  0.958425  -0.008141  -0.009188  -0.012704  4.740662  0.836192  -0.605966  1.000000  
87.305078 0.000042  -0.012200  0.011848  0.871862  0.489588  0.012643  -0.471718  0.832538  0.290451  0.131676  -0.259197  0.956806  -0.008416  -0.009179  -0.013225  4.751243  0.806025  -0.614351  1.000000  
87.306303 0.000028  -0.012212  0.011828  0.872219  0.488877  0.015262  -0.470983  0.831059  0.295831  0.131941  -0.265217  0.955118  -0.008766  -0.009292  -0.013727  4.780518  0.773379  -0.609954  1.000000  
87.307304 0.000017  -0.012223  0.011809  0.872494  0.488312  0.017455  -0.470436  0.829826  0.300132  0.132074  -0.270075  0.953738  -0.008996  -0.009353  -0.014262  4.796241  0.750073  -0.611531  1.000000  
87.308337 0.000007  -0.012233  0.011790  0.872881  0.487537  0.019633  -0.469718  0.828724  0.304272  0.132074  -0.274815  0.952383  -0.009173  -0.009347  -0.014814  4.798256  0.717735  -0.613335  1.000000  
87.309561 -0.000007  -0.012245  0.011765  0.873364  0.486552  0.022389  -0.468819  0.827290  0.309516  0.132074  -0.280816  0.950631  -0.009507  -0.009453  -0.015585  4.822559  0.678079  -0.619077  1.000000  
87.310562 -0.000017  -0.012255  0.011744  0.873750  0.485755  0.024550  -0.468099  0.826141  0.313647  0.132074  -0.285541  0.949222  -0.009756  -0.009492  -0.016074  4.844017  0.656067  -0.623876  1.000000  
87.311811 -0.000030  -0.012267  0.011718  0.874232  0.484745  0.027226  -0.467200  0.824684  0.318779  0.132074  -0.291407  0.947438  -0.009986  -0.009547  -0.016610  4.846748  0.618956  -0.626745  1.000000  
87.313055 -0.000044  -0.012280  0.011693  0.874904  0.483381  0.029758  -0.465939  0.823394  0.323918  0.132074  -0.297262  0.945617  -0.010235  -0.009649  -0.017068  4.848589  0.586477  -0.645531  1.000000  
87.314058 -0.000055  -0.012290  0.011673  0.875383  0.482381  0.031824  -0.465039  0.822270  0.328042  0.132074  -0.301961  0.944127  -0.010440  -0.009758  -0.017508  4.859041  0.564831  -0.655586  1.000000  
87.315060 -0.000066  -0.012301  0.011652  0.875973  0.481171  0.033865  -0.463965  0.821283  0.332010  0.131941  -0.306544  0.942668  -0.010618  -0.009881  -0.017938  4.860715  0.536225  -0.674708  1.000000  
87.316303 -0.000080  -0.012314  0.011625  0.876640  0.479780  0.036239  -0.462702  0.819987  0.336938  0.131941  -0.312141  0.940829  -0.010750  -0.009987  -0.018609  4.855506  0.508802  -0.693681  1.000000  
87.317553 -0.000094  -0.012327  0.011598  0.877432  0.478123  0.038865  -0.461274  0.818715  0.341952  0.131676  -0.317967  0.938913  -0.010839  -0.010092  -0.019222  4.852590  0.479005  -0.720571  1.000000  
87.318555 -0.000106  -0.012339  0.011575  0.878001  0.476910  0.040873  -0.460190  0.817552  0.346169  0.131676  -0.322746  0.937281  -0.010930  -0.010209  -0.019856  4.865959  0.460223  -0.738830  1.000000  
87.319803 -0.000120  -0.012353  0.011544  0.878789  0.475237  0.043350  -0.458760  0.816305  0.350978  0.131411  -0.328323  0.935380  -0.010992  -0.010353  -0.020631  4.855548  0.436791  -0.771554  1.000000  
87.321084 -0.000134  -0.012366  0.011512  0.879559  0.473584  0.045756  -0.457320  0.814963  0.355940  0.131278  -0.333996  0.933388  -0.010970  -0.010392  -0.021316  4.838516  0.411828  -0.797290  1.000000  
87.322335 -0.000147  -0.012380  0.011480  0.880342  0.471878  0.048254  -0.455887  0.813610  0.360841  0.131013  -0.339662  0.931378  -0.010932  -0.010470  -0.021948  4.835627  0.393913  -0.829883  1.000000  
87.323575 -0.000162  -0.012394  0.011447  0.881201  0.470037  0.050491  -0.454263  0.812344  0.365707  0.130880  -0.345198  0.929359  -0.011053  -0.010560  -0.022583  4.821381  0.376526  -0.862870  1.000000  
87.324803 -0.000175  -0.012409  0.011414  0.881979  0.468310  0.052894  -0.452827  0.810972  0.370503  0.130615  -0.350728  0.927324  -0.011074  -0.010743  -0.023084  4.812148  0.362276  -0.894445  1.000000  
87.325822 -0.000187  -0.012420  0.011387  0.882554  0.467013  0.054757  -0.451745  0.809809  0.374347  0.130482  -0.355117  0.925671  -0.011163  -0.010869  -0.023505  4.803886  0.343839  -0.921842  1.000000  
87.327057 -0.000201  -0.012435  0.011353  0.883312  0.465285  0.057187  -0.450299  0.808221  0.379485  0.130349  -0.360955  0.923429  -0.011211  -0.011016  -0.024052  4.809635  0.334132  -0.946086  1.000000  
87.328064 -0.000213  -0.012447  0.011324  0.883898  0.463932  0.059077  -0.449223  0.807082  0.383168  0.130084  -0.365220  0.921788  -0.011267  -0.011191  -0.024715  4.789374  0.319037  -0.971943  1.000000  
87.329307 -0.000228  -0.012463  0.011287  0.884653  0.462210  0.061248  -0.447775  0.805622  0.387906  0.129951  -0.370587  0.919662  -0.011355  -0.011386  -0.025394  4.766090  0.316273  -1.001765  1.000000  
