1-Time 2-Px 3-Py 4-Pz 5-R11 6-R21 7-R31 8-R12 9-R22 10-R32 11-R13 12-R23 13-R33 14-Vx 15-Vy 16-Vz 17-Wx 18-Wy 19-Wz 20-state
96.458864 0.031347  0.004348  0.022195  0.555137  0.812458  0.178145  -0.799533  0.580285  -0.154968  -0.229280  -0.056404  0.971725  0.012263  0.007482  0.007821  0.000000  0.000000  0.000000  1.000000  
96.459881 0.031354  0.004351  0.022199  0.555137  0.812458  0.178145  -0.799533  0.580285  -0.154968  -0.229280  -0.056404  0.971725  0.008037  0.004075  0.005837  0.000000  0.000000  0.000000  1.000000  
96.461069 0.031346  0.004342  0.022190  0.555137  0.812458  0.178145  -0.799533  0.580285  -0.154968  -0.229280  -0.056404  0.971725  -0.000587  -0.002990  -0.002093  0.000000  0.000000  0.000000  1.000000  
96.462080 0.031330  0.004326  0.022172  0.555137  0.812458  0.178145  -0.799533  0.580285  -0.154968  -0.229280  -0.056404  0.971725  -0.005700  -0.007358  -0.007371  0.000000  0.000000  0.000000  1.000000  
96.463083 0.031318  0.004317  0.022162  0.555137  0.812458  0.178145  -0.799533  0.580285  -0.154968  -0.229280  -0.056404  0.971725  -0.007262  -0.007666  -0.008150  0.000000  0.000000  0.000000  1.000000  
96.464312 0.031315  0.004318  0.022159  0.554972  0.812577  0.178113  -0.799648  0.580118  -0.155005  -0.229280  -0.056404  0.971725  -0.006126  -0.005776  -0.006740  0.000000  0.000000  0.000000  1.000000  
96.465334 0.031316  0.004322  0.022161  0.554972  0.812577  0.178113  -0.799648  0.580118  -0.155005  -0.229280  -0.056404  0.971725  -0.005058  -0.004104  -0.005349  0.000000  0.000000  0.000000  1.000000  
96.466567 0.031307  0.004326  0.022159  0.554972  0.812577  0.178113  -0.799648  0.580118  -0.155005  -0.229280  -0.056404  0.971725  -0.005421  -0.002928  -0.004696  0.000000  0.000000  0.000000  1.000000  
96.467573 0.031292  0.004328  0.022155  0.554972  0.812577  0.178113  -0.799648  0.580118  -0.155005  -0.229280  -0.056404  0.971725  -0.006486  -0.002275  -0.004668  0.000000  0.000000  0.000000  1.000000  
96.468596 0.031276  0.004329  0.022149  0.554990  0.812581  0.178039  -0.799673  0.580112  -0.154898  -0.229150  -0.056406  0.971756  -0.007518  -0.001994  -0.004810  0.000000  0.000000  0.000000  1.000000  
96.469816 0.031260  0.004327  0.022144  0.555007  0.812607  0.177866  -0.799698  0.580087  -0.154862  -0.229020  -0.056289  0.971793  -0.008112  -0.001894  -0.004712  0.000000  0.000000  0.000000  1.000000  
96.470818 0.031252  0.004326  0.022140  0.555025  0.812633  0.177693  -0.799723  0.580062  -0.154825  -0.228889  -0.056173  0.971830  -0.008129  -0.001880  -0.004666  0.000000  0.000000  0.000000  1.000000  
96.471819 0.031243  0.004326  0.022134  0.555025  0.812655  0.177595  -0.799723  0.580043  -0.154896  -0.228889  -0.056055  0.971837  -0.008199  -0.001677  -0.004762  0.000000  0.000000  0.000000  1.000000  
96.473061 0.031224  0.004326  0.022119  0.555042  0.812680  0.177422  -0.799748  0.580018  -0.154859  -0.228759  -0.055939  0.971875  -0.008794  -0.001549  -0.005405  0.000000  0.000000  0.000000  1.000000  
96.474063 0.031202  0.004321  0.022102  0.555224  0.812587  0.177281  -0.799659  0.580161  -0.154786  -0.228629  -0.055823  0.971912  -0.009694  -0.001768  -0.006152  0.000000  0.000000  0.000000  1.000000  
96.475311 0.031168  0.004305  0.022079  0.555424  0.812519  0.176967  -0.799595  0.580278  -0.154677  -0.228368  -0.055591  0.971986  -0.012340  -0.003002  -0.007981  0.000000  0.000000  0.000000  1.000000  
96.476311 0.031142  0.004289  0.022062  0.555588  0.812464  0.176704  -0.799481  0.580389  -0.154852  -0.228368  -0.055237  0.972007  -0.013361  -0.003231  -0.008243  0.000000  0.000000  0.000000  1.000000  
96.477561 0.031112  0.004272  0.022046  0.555770  0.812391  0.176464  -0.799391  0.580513  -0.154849  -0.228238  -0.055003  0.972050  -0.014080  -0.003256  -0.008048  0.000000  0.000000  0.000000  1.000000  
96.478561 0.031091  0.004263  0.022036  0.555935  0.812315  0.176299  -0.799277  0.580642  -0.154954  -0.228238  -0.054767  0.972064  -0.015079  -0.003554  -0.008222  0.000000  0.000000  0.000000  1.000000  
96.479568 0.031067  0.004258  0.022027  0.556100  0.812216  0.176232  -0.799162  0.580791  -0.154988  -0.228238  -0.054649  0.972070  -0.016589  -0.004078  -0.008799  0.000000  0.000000  0.000000  1.000000  
96.480820 0.031038  0.004254  0.022012  0.556429  0.811999  0.176198  -0.798933  0.581106  -0.154986  -0.228238  -0.054532  0.972077  -0.018375  -0.004615  -0.009960  0.000000  0.000000  0.000000  1.000000  
96.481821 0.031016  0.004252  0.021996  0.556757  0.811759  0.176261  -0.798704  0.581441  -0.154913  -0.228238  -0.054532  0.972077  -0.019204  -0.004968  -0.010901  0.000000  0.000000  0.000000  1.000000  
96.483086 0.030992  0.004246  0.021969  0.557251  0.811421  0.176259  -0.798360  0.581923  -0.154875  -0.228238  -0.054414  0.972084  -0.019533  -0.005632  -0.012336  0.000000  0.000000  0.000000  1.000000  
96.484316 0.030969  0.004235  0.021939  0.557597  0.811186  0.176248  -0.798156  0.582251  -0.154696  -0.228108  -0.054415  0.972114  -0.019801  -0.006199  -0.013798  0.000000  0.000000  0.000000  1.000000  
96.485325 0.030950  0.004225  0.021915  0.557925  0.810967  0.176213  -0.797926  0.582566  -0.154694  -0.228108  -0.054297  0.972121  -0.020545  -0.006845  -0.015332  0.000000  0.000000  0.000000  1.000000  
96.486563 0.030922  0.004213  0.021887  0.558418  0.810607  0.176309  -0.797581  0.583067  -0.154585  -0.228108  -0.054297  0.972121  -0.021741  -0.007684  -0.016723  0.000000  0.000000  0.000000  1.000000  
96.487564 0.030896  0.004203  0.021866  0.558729  0.810363  0.176447  -0.797326  0.583407  -0.154619  -0.228238  -0.054296  0.972090  -0.022555  -0.008376  -0.017421  0.000000  0.000000  0.000000  1.000000  
96.488599 0.030869  0.004192  0.021845  0.559221  0.810024  0.176444  -0.796981  0.583888  -0.154581  -0.228238  -0.054178  0.972097  -0.022946  -0.008903  -0.017766  0.000000  0.000000  0.000000  1.000000  
96.489814 0.030835  0.004176  0.021824  0.559713  0.809685  0.176441  -0.796636  0.584370  -0.154543  -0.228238  -0.054060  0.972103  -0.023152  -0.009097  -0.017652  -0.038567  0.045960  -0.178460  1.000000  
96.491064 0.030801  0.004162  0.021806  0.560223  0.809371  0.176266  -0.796315  0.584827  -0.154469  -0.228108  -0.053826  0.972147  -0.023063  -0.008638  -0.017368  -0.041877  0.051431  -0.197858  1.000000  
96.492311 0.030768  0.004149  0.021792  0.560551  0.809151  0.176231  -0.796084  0.585141  -0.154468  -0.228108  -0.053708  0.972153  -0.023357  -0.008307  -0.017167  -0.042795  0.052191  -0.211269  1.000000  
96.493312 0.030740  0.004141  0.021778  0.560861  0.808949  0.176173  -0.795828  0.585442  -0.154643  -0.228238  -0.053470  0.972136  -0.023778  -0.008282  -0.017494  -0.047730  0.048465  -0.224871  1.000000  
96.494562 0.030705  0.004134  0.021756  0.561171  0.808725  0.176214  -0.795572  0.585763  -0.154748  -0.228368  -0.053351  0.972112  -0.024136  -0.008255  -0.018078  -0.047037  0.045117  -0.245090  1.000000  
96.495565 0.030682  0.004132  0.021734  0.561481  0.808479  0.176353  -0.795316  0.586101  -0.154782  -0.228498  -0.053349  0.972081  -0.024098  -0.008176  -0.018748  -0.043888  0.041426  -0.258741  1.000000  
96.496570 0.030661  0.004132  0.021711  0.561808  0.808238  0.176416  -0.795085  0.586434  -0.154709  -0.228498  -0.053349  0.972081  -0.024003  -0.008027  -0.019319  -0.041081  0.042527  -0.274329  1.000000  
96.497821 0.030635  0.004132  0.021682  0.561990  0.808121  0.176373  -0.794994  0.586595  -0.154567  -0.228368  -0.053351  0.972112  -0.024201  -0.007763  -0.019471  -0.039193  0.042537  -0.278640  1.000000  
96.499072 0.030604  0.004127  0.021654  0.562171  0.807983  0.176428  -0.794903  0.586774  -0.154353  -0.228238  -0.053470  0.972136  -0.024767  -0.007350  -0.019296  -0.033599  0.047384  -0.285058  1.000000  
96.500319 0.030564  0.004114  0.021630  0.562516  0.807724  0.176514  -0.794697  0.587119  -0.154103  -0.228108  -0.053590  0.972160  -0.025766  -0.007445  -0.019045  -0.022412  0.048136  -0.298391  1.000000  
96.501560 0.030521  0.004099  0.021605  0.562679  0.807561  0.176742  -0.794581  0.587323  -0.153924  -0.228108  -0.053826  0.972147  -0.026724  -0.007622  -0.018800  -0.008735  0.044081  -0.305329  1.000000  
96.502569 0.030488  0.004090  0.021587  0.562662  0.807535  0.176915  -0.794556  0.587348  -0.153959  -0.228238  -0.053942  0.972110  -0.027291  -0.007469  -0.018522  0.003423  0.035441  -0.308314  1.000000  
96.503818 0.030448  0.004080  0.021562  0.562843  0.807375  0.177067  -0.794465  0.587545  -0.153674  -0.228108  -0.054179  0.972127  -0.027856  -0.007160  -0.018770  0.015611  0.035463  -0.308346  1.000000  
96.505061 0.030406  0.004071  0.021532  0.562843  0.807332  0.177263  -0.794465  0.587583  -0.153531  -0.228108  -0.054415  0.972114  -0.028118  -0.006791  -0.019147  0.030301  0.026108  -0.302185  1.000000  
96.506061 0.030372  0.004062  0.021507  0.562860  0.807315  0.177286  -0.794490  0.587595  -0.153354  -0.227977  -0.054535  0.972138  -0.028655  -0.006619  -0.019929  0.042162  0.030328  -0.299446  1.000000  
96.507062 0.030339  0.004055  0.021479  0.563042  0.807177  0.177340  -0.794399  0.587774  -0.153140  -0.227847  -0.054655  0.972162  -0.029081  -0.006425  -0.021063  0.058780  0.030544  -0.301951  1.000000  
96.508065 0.030308  0.004049  0.021449  0.563077  0.807185  0.177190  -0.794449  0.587762  -0.152928  -0.227587  -0.054658  0.972223  -0.029305  -0.006206  -0.022330  0.060731  0.038803  -0.292280  1.000000  
96.509314 0.030272  0.004047  0.021411  0.563095  0.807168  0.177212  -0.794474  0.587775  -0.152750  -0.227456  -0.054778  0.972246  -0.029360  -0.005879  -0.023432  0.069747  0.042507  -0.278825  1.000000  
96.510317 0.030244  0.004047  0.021381  0.563095  0.807147  0.177310  -0.794474  0.587793  -0.152679  -0.227456  -0.054896  0.972240  -0.029686  -0.005810  -0.023962  0.076245  0.042117  -0.272054  1.000000  
96.511565 0.030209  0.004046  0.021345  0.563130  0.807112  0.177356  -0.794523  0.587818  -0.152324  -0.227196  -0.055135  0.972287  -0.030152  -0.005765  -0.024353  0.081177  0.050308  -0.258231  1.000000  
96.512590 0.030178  0.004040  0.021318  0.563147  0.807095  0.177378  -0.794548  0.587831  -0.152147  -0.227065  -0.055255  0.972311  -0.030968  -0.006186  -0.024633  0.085185  0.054029  -0.239723  1.000000  
96.513822 0.030135  0.004028  0.021286  0.563363  0.806965  0.177282  -0.794506  0.587997  -0.151721  -0.226674  -0.055378  0.972395  -0.031733  -0.006689  -0.024946  0.087256  0.062377  -0.231535  1.000000  
96.514831 0.030099  0.004016  0.021261  0.563562  0.806831  0.177260  -0.794440  0.588169  -0.151401  -0.226414  -0.055499  0.972449  -0.032045  -0.006858  -0.025237  0.093597  0.070802  -0.223922  1.000000  
96.516067 0.030053  0.004000  0.021226  0.563778  0.806701  0.177163  -0.794398  0.588336  -0.150974  -0.226023  -0.055622  0.972533  -0.032498  -0.007013  -0.026049  0.095120  0.084004  -0.211228  1.000000  
96.517070 0.030017  0.003988  0.021193  0.563977  0.806567  0.177142  -0.794331  0.588508  -0.150654  -0.225762  -0.055744  0.972586  -0.032470  -0.007023  -0.027040  0.097595  0.097090  -0.203702  1.000000  
96.518310 0.029975  0.003975  0.021146  0.564175  0.806412  0.177218  -0.794264  0.588698  -0.150263  -0.225501  -0.055983  0.972633  -0.032634  -0.007248  -0.028457  0.101906  0.104638  -0.188488  1.000000  
96.519313 0.029942  0.003965  0.021107  0.564374  0.806278  0.177196  -0.794197  0.588870  -0.149943  -0.225241  -0.056104  0.972686  -0.032606  -0.007418  -0.029689  0.107718  0.113703  -0.176021  1.000000  
96.520561 0.029901  0.003952  0.021057  0.564736  0.806023  0.177204  -0.794014  0.589208  -0.149586  -0.224980  -0.056226  0.972740  -0.032526  -0.007614  -0.030890  0.117255  0.121150  -0.167199  1.000000  
96.521561 0.029867  0.003943  0.021015  0.565115  0.805772  0.177137  -0.793855  0.589540  -0.149124  -0.224589  -0.056349  0.972823  -0.032530  -0.007708  -0.031795  0.125316  0.130078  -0.166733  1.000000  
96.522562 0.029834  0.003935  0.020975  0.565640  0.805416  0.177078  -0.793554  0.590025  -0.148802  -0.224328  -0.056353  0.972883  -0.032607  -0.007865  -0.032663  0.136060  0.144985  -0.174098  1.000000  
96.523814 0.029794  0.003926  0.020924  0.566019  0.805165  0.177010  -0.793395  0.590356  -0.148340  -0.223937  -0.056476  0.972966  -0.032819  -0.008095  -0.033569  0.148261  0.162929  -0.173090  1.000000  
96.525061 0.029754  0.003916  0.020876  0.566724  0.804691  0.176905  -0.793001  0.591000  -0.147876  -0.223546  -0.056481  0.973056  -0.033111  -0.008704  -0.034142  0.151353  0.177162  -0.185801  1.000000  
96.526064 0.029721  0.003907  0.020840  0.567103  0.804440  0.176836  -0.792841  0.591331  -0.147414  -0.223154  -0.056604  0.973138  -0.033544  -0.009418  -0.034769  0.154112  0.193512  -0.183244  1.000000  
96.527311 0.029676  0.003891  0.020794  0.567825  0.803970  0.176654  -0.792471  0.591969  -0.146845  -0.222633  -0.056611  0.973257  -0.034076  -0.010168  -0.035612  0.157202  0.207705  -0.195929  1.000000  
96.528313 0.029638  0.003875  0.020755  0.568203  0.803761  0.176390  -0.792309  0.592264  -0.146526  -0.222241  -0.056498  0.973353  -0.034385  -0.010587  -0.036297  0.154647  0.216978  -0.202128  1.000000  
96.529327 0.029598  0.003857  0.020712  0.568744  0.803408  0.176252  -0.792031  0.592741  -0.146100  -0.221850  -0.056503  0.973442  -0.034561  -0.010960  -0.037619  0.154839  0.232901  -0.216390  1.000000  
96.530330 0.029561  0.003840  0.020669  0.569303  0.803081  0.175941  -0.791775  0.593195  -0.145640  -0.221328  -0.056392  0.973568  -0.034608  -0.011213  -0.038714  0.149675  0.247056  -0.229039  1.000000  
96.531571 0.029514  0.003820  0.020613  0.570041  0.802636  0.175583  -0.791426  0.593808  -0.145039  -0.220676  -0.056283  0.973722  -0.034725  -0.011566  -0.039892  0.142045  0.270690  -0.247996  1.000000  
96.532819 0.029469  0.003804  0.020558  0.570779  0.802190  0.175224  -0.791076  0.594421  -0.144438  -0.220023  -0.056173  0.973876  -0.034852  -0.011786  -0.040541  0.135997  0.299266  -0.273487  1.000000  
96.534064 0.029422  0.003789  0.020503  0.571662  0.801616  0.174969  -0.790584  0.595205  -0.143907  -0.219501  -0.056062  0.974000  -0.035235  -0.011924  -0.040932  0.129859  0.314267  -0.299649  1.000000  
96.535071 0.029384  0.003778  0.020461  0.572219  0.801287  0.174655  -0.790325  0.595658  -0.143449  -0.218979  -0.055950  0.974124  -0.035620  -0.012021  -0.041054  0.126204  0.328795  -0.319024  1.000000  
96.536315 0.029335  0.003765  0.020413  0.573118  0.800717  0.174323  -0.789854  0.596435  -0.142814  -0.218326  -0.055841  0.974277  -0.036078  -0.012067  -0.040858  0.124120  0.348360  -0.345049  1.000000  
96.537561 0.029287  0.003753  0.020364  0.573837  0.800285  0.173940  -0.789476  0.597035  -0.142394  -0.217804  -0.055611  0.974407  -0.036514  -0.012146  -0.040728  0.116968  0.360362  -0.368235  1.000000  
96.538561 0.029248  0.003742  0.020323  0.574393  0.799955  0.173624  -0.789216  0.597488  -0.141937  -0.217281  -0.055499  0.974530  -0.037025  -0.012466  -0.040688  0.114389  0.378353  -0.391162  1.000000  
96.539813 0.029196  0.003726  0.020269  0.575307  0.799387  0.173212  -0.788765  0.598258  -0.141199  -0.216498  -0.055391  0.974711  -0.037827  -0.012936  -0.041143  0.112808  0.399502  -0.420246  1.000000  
96.541066 0.029143  0.003709  0.020213  0.576042  0.798916  0.172943  -0.788408  0.598886  -0.140529  -0.215844  -0.055399  0.974855  -0.038571  -0.013201  -0.041810  0.115498  0.421894  -0.449219  1.000000  
96.542311 0.029090  0.003690  0.020156  0.576614  0.798588  0.172548  -0.788168  0.599333  -0.139969  -0.215191  -0.055289  0.975006  -0.039106  -0.013375  -0.042536  0.110778  0.432860  -0.464796  1.000000  
96.543312 0.029047  0.003674  0.020109  0.577185  0.798261  0.172152  -0.787928  0.599779  -0.139409  -0.214538  -0.055179  0.975156  -0.039401  -0.013448  -0.043047  0.105531  0.447144  -0.477633  1.000000  
96.544565 0.028993  0.003651  0.020051  0.577774  0.797937  0.171679  -0.787710  0.600219  -0.138744  -0.213754  -0.055070  0.975334  -0.039756  -0.013443  -0.043426  0.096129  0.465644  -0.489912  1.000000  
96.545816 0.028940  0.003632  0.019995  0.578540  0.797494  0.171155  -0.787395  0.600818  -0.137939  -0.212839  -0.054963  0.975540  -0.040186  -0.013384  -0.043463  0.092213  0.484581  -0.509016  1.000000  
96.547070 0.028886  0.003617  0.019941  0.579128  0.797170  0.170679  -0.787175  0.601258  -0.137275  -0.212054  -0.054854  0.975717  -0.040699  -0.013096  -0.043315  0.083430  0.502744  -0.525865  1.000000  
96.548321 0.028835  0.003605  0.019890  0.579731  0.796870  0.170029  -0.786976  0.601676  -0.136580  -0.211139  -0.054629  0.975928  -0.041042  -0.012889  -0.043021  0.072350  0.521113  -0.531759  1.000000  
96.549571 0.028785  0.003595  0.019843  0.580172  0.796673  0.169446  -0.786897  0.601946  -0.135847  -0.210223  -0.054521  0.976132  -0.041207  -0.012554  -0.042546  0.061295  0.544032  -0.537322  1.000000  
96.550819 0.028735  0.003584  0.019793  0.580775  0.796352  0.168890  -0.786696  0.602381  -0.135080  -0.209307  -0.054414  0.976335  -0.041269  -0.012380  -0.042542  0.054252  0.562257  -0.543012  1.000000  
96.551828 0.028694  0.003574  0.019751  0.581199  0.796150  0.168383  -0.786592  0.602657  -0.134453  -0.208522  -0.054305  0.976509  -0.041481  -0.012460  -0.042774  0.049855  0.580022  -0.541944  1.000000  
96.553063 0.028641  0.003559  0.019696  0.581638  0.795953  0.167798  -0.786509  0.602928  -0.133722  -0.207606  -0.054197  0.976710  -0.041769  -0.012516  -0.043199  0.039557  0.597392  -0.529845  1.000000  
96.554311 0.028586  0.003542  0.019640  0.582239  0.795631  0.167240  -0.786306  0.603362  -0.132956  -0.206690  -0.054089  0.976910  -0.042092  -0.012668  -0.043457  0.035397  0.615896  -0.533698  1.000000  
96.555596 0.028533  0.003526  0.019584  0.582678  0.795412  0.166750  -0.786221  0.603649  -0.132152  -0.205774  -0.054100  0.977103  -0.042015  -0.012604  -0.043288  0.027933  0.632294  -0.518543  1.000000  
96.556814 0.028480  0.003510  0.019531  0.583294  0.795094  0.166112  -0.786037  0.604078  -0.131282  -0.204726  -0.053994  0.977329  -0.042044  -0.012462  -0.043141  0.023444  0.650954  -0.518257  1.000000  
96.558064 0.028426  0.003492  0.019477  0.583748  0.794880  0.165542  -0.785973  0.604359  -0.130374  -0.203678  -0.054006  0.977547  -0.042065  -0.012278  -0.042824  0.025431  0.667524  -0.506217  1.000000  
96.559313 0.028372  0.003474  0.019427  0.584363  0.794521  0.165094  -0.785787  0.604819  -0.129358  -0.202630  -0.054136  0.977758  -0.042111  -0.012010  -0.042337  0.029050  0.685642  -0.505460  1.000000  
96.560562 0.028319  0.003459  0.019376  0.584978  0.794182  0.164549  -0.785599  0.605263  -0.128417  -0.201582  -0.054148  0.977974  -0.042084  -0.011792  -0.042014  0.031158  0.698322  -0.497946  1.000000  
96.561562 0.028278  0.003448  0.019336  0.585414  0.793963  0.164054  -0.785509  0.605549  -0.127615  -0.200664  -0.054159  0.978162  -0.042521  -0.011758  -0.042292  0.033368  0.711419  -0.490718  1.000000  
96.562578 0.028239  0.003438  0.019295  0.585849  0.793744  0.163559  -0.785418  0.605835  -0.126813  -0.199747  -0.054169  0.978349  -0.042369  -0.011802  -0.042210  0.034369  0.725129  -0.480648  1.000000  
96.563597 0.028200  0.003427  0.019253  0.586446  0.793400  0.163089  -0.785206  0.606285  -0.125977  -0.198829  -0.054179  0.978535  -0.041598  -0.011748  -0.041828  0.036624  0.742161  -0.472670  1.000000  
96.564612 0.028160  0.003416  0.019210  0.586880  0.793180  0.162592  -0.785113  0.606571  -0.125176  -0.197911  -0.054190  0.978721  -0.041561  -0.011910  -0.042054  0.038852  0.754732  -0.464990  1.000000  
96.565814 0.028109  0.003402  0.019155  0.587685  0.792744  0.161814  -0.784841  0.607151  -0.124068  -0.196599  -0.054086  0.978991  -0.041712  -0.012127  -0.042546  0.038131  0.776548  -0.460686  1.000000  
96.566814 0.028068  0.003389  0.019110  0.588280  0.792399  0.161340  -0.784625  0.607600  -0.123234  -0.195681  -0.054096  0.979174  -0.041723  -0.012331  -0.042790  0.040710  0.795878  -0.457013  1.000000  
96.567822 0.028026  0.003374  0.019067  0.588728  0.792184  0.160762  -0.784550  0.607880  -0.122329  -0.194631  -0.054107  0.979383  -0.041653  -0.012570  -0.042644  0.041522  0.812849  -0.442504  1.000000  
96.569068 0.027971  0.003353  0.019015  0.589530  0.791746  0.159979  -0.784272  0.608459  -0.121223  -0.193318  -0.054003  0.979649  -0.041659  -0.012860  -0.042339  0.041006  0.830871  -0.441767  1.000000  
96.570310 0.027917  0.003333  0.018967  0.590315  0.791283  0.159369  -0.783972  0.609059  -0.120149  -0.192137  -0.054015  0.979880  -0.041739  -0.013135  -0.041845  0.045699  0.846781  -0.443800  1.000000  
96.571311 0.027874  0.003317  0.018930  0.590938  0.790965  0.158637  -0.783791  0.609481  -0.119182  -0.190955  -0.053909  0.980117  -0.041832  -0.013344  -0.041451  0.045345  0.870379  -0.443452  1.000000  
96.572560 0.027818  0.003297  0.018883  0.591752  0.790511  0.157866  -0.783528  0.610069  -0.117900  -0.189510  -0.053925  0.980397  -0.041966  -0.013571  -0.041079  0.047738  0.893908  -0.438898  1.000000  
96.573562 0.027775  0.003280  0.018844  0.592373  0.790173  0.157226  -0.783343  0.610505  -0.116860  -0.188328  -0.053937  0.980624  -0.041931  -0.013643  -0.040936  0.048711  0.916827  -0.444542  1.000000  
96.574838 0.027721  0.003260  0.018793  0.593346  0.789611  0.156379  -0.782953  0.611241  -0.115622  -0.186882  -0.053833  0.980906  -0.041891  -0.013803  -0.040787  0.053521  0.934089  -0.450119  1.000000  
96.576058 0.027668  0.003241  0.018741  0.594141  0.789151  0.155680  -0.782663  0.611834  -0.114448  -0.185567  -0.053847  0.981155  -0.042047  -0.014146  -0.040968  0.058630  0.955579  -0.457581  1.000000  
96.577059 0.027626  0.003226  0.018698  0.594905  0.788701  0.155043  -0.782331  0.612424  -0.113558  -0.184515  -0.053739  0.981359  -0.042174  -0.014471  -0.041139  0.056295  0.964207  -0.465423  1.000000  
96.578063 0.027583  0.003210  0.018655  0.595669  0.788250  0.154404  -0.781997  0.613014  -0.112669  -0.183463  -0.053631  0.981563  -0.042429  -0.014804  -0.041265  0.061683  0.976998  -0.476097  1.000000  
96.579324 0.027528  0.003189  0.018600  0.596637  0.787685  0.153548  -0.781598  0.613748  -0.111436  -0.182016  -0.053526  0.981838  -0.042920  -0.015361  -0.041457  0.065091  0.995613  -0.495475  1.000000  
96.580622 0.027472  0.003168  0.018546  0.597603  0.787119  0.152689  -0.781195  0.614483  -0.110204  -0.180569  -0.053422  0.982110  -0.043072  -0.015812  -0.041152  0.067016  1.012580  -0.507448  1.000000  
96.581813 0.027414  0.003144  0.018493  0.598728  0.786426  0.151850  -0.780666  0.615379  -0.108943  -0.179121  -0.053317  0.982381  -0.043605  -0.016327  -0.041145  0.071297  1.030122  -0.530290  1.000000  
96.583064 0.027355  0.003119  0.018443  0.599721  0.785885  0.150730  -0.780295  0.616089  -0.107581  -0.177410  -0.053095  0.982704  -0.044045  -0.016732  -0.040878  0.069610  1.061243  -0.547101  1.000000  
96.584065 0.027306  0.003097  0.018404  0.600507  0.785421  0.150016  -0.779989  0.616679  -0.106415  -0.176093  -0.053108  0.982940  -0.044372  -0.017012  -0.040752  0.075689  1.079921  -0.559875  1.000000  
96.585310 0.027246  0.003074  0.018355  0.601642  0.784729  0.149088  -0.779469  0.617569  -0.105055  -0.174512  -0.053004  0.983227  -0.044746  -0.017228  -0.040835  0.075512  1.099263  -0.580962  1.000000  
96.586335 0.027199  0.003055  0.018314  0.602601  0.784158  0.148215  -0.779052  0.618302  -0.103832  -0.173063  -0.052898  0.983489  -0.044909  -0.017440  -0.041059  0.079241  1.126743  -0.605096  1.000000  
96.587561 0.027142  0.003034  0.018262  0.603732  0.783464  0.147281  -0.778525  0.619191  -0.102476  -0.171481  -0.052794  0.983772  -0.045133  -0.017522  -0.041471  0.078906  1.141792  -0.626390  1.000000  
96.588561 0.027096  0.003017  0.018219  0.604541  0.783024  0.146301  -0.778244  0.619756  -0.101182  -0.169899  -0.052689  0.984052  -0.045289  -0.017552  -0.041646  0.072558  1.169310  -0.638590  1.000000  
96.589564 0.027051  0.003000  0.018176  0.605495  0.782451  0.145420  -0.777818  0.620489  -0.099964  -0.168448  -0.052583  0.984307  -0.045535  -0.017642  -0.041925  0.070771  1.193529  -0.657165  1.000000  
96.590811 0.026993  0.002981  0.018122  0.606502  0.781894  0.144213  -0.777459  0.621199  -0.098331  -0.166470  -0.052482  0.984649  -0.045699  -0.017577  -0.041995  0.068113  1.225387  -0.669167  1.000000  
96.591819 0.026948  0.002965  0.018081  0.607452  0.781319  0.143327  -0.777027  0.621930  -0.097117  -0.165018  -0.052375  0.984899  -0.046098  -0.017683  -0.042060  0.066929  1.244112  -0.688644  1.000000  
96.593062 0.026891  0.002946  0.018030  0.608428  0.780752  0.142275  -0.776626  0.622651  -0.095696  -0.163302  -0.052271  0.985190  -0.046111  -0.017571  -0.041647  0.063834  1.261493  -0.695380  1.000000  
96.594310 0.026833  0.002926  0.017981  0.609588  0.780064  0.141077  -0.776130  0.623521  -0.094040  -0.161322  -0.052168  0.985522  -0.046360  -0.017558  -0.041354  0.062362  1.291199  -0.715526  1.000000  
96.595311 0.026787  0.002910  0.017941  0.610373  0.779615  0.140163  -0.775814  0.624092  -0.092860  -0.159869  -0.052061  0.985764  -0.046457  -0.017471  -0.041049  0.058464  1.303139  -0.720837  1.000000  
96.596320 0.026740  0.002892  0.017902  0.611157  0.779182  0.139152  -0.775495  0.624651  -0.091756  -0.158416  -0.051835  0.986011  -0.046493  -0.017415  -0.040817  0.054963  1.318295  -0.733601  1.000000  
96.597564 0.026683  0.002871  0.017850  0.612004  0.778753  0.137825  -0.775256  0.625194  -0.090060  -0.156302  -0.051733  0.986354  -0.046354  -0.017134  -0.040867  0.050784  1.350733  -0.739403  1.000000  
96.598818 0.026627  0.002850  0.017798  0.612995  0.778190  0.136595  -0.774870  0.625904  -0.088442  -0.154320  -0.051629  0.986671  -0.046066  -0.016828  -0.041053  0.050619  1.373134  -0.745221  1.000000  
96.599829 0.026584  0.002835  0.017755  0.613786  0.777758  0.135495  -0.774558  0.626458  -0.087239  -0.152733  -0.051403  0.986930  -0.045665  -0.016467  -0.041248  0.042600  1.395162  -0.750795  1.000000  
96.600843 0.026542  0.002822  0.017713  0.614416  0.777423  0.134564  -0.774370  0.626874  -0.085914  -0.151146  -0.051415  0.987173  -0.045435  -0.016188  -0.041487  0.041420  1.407882  -0.749873  1.000000  
96.602063 0.026491  0.002807  0.017658  0.615400  0.776874  0.133231  -0.773973  0.627572  -0.084377  -0.149162  -0.051192  0.987487  -0.044897  -0.015697  -0.041652  0.037121  1.427388  -0.756924  1.000000  
96.603063 0.026450  0.002795  0.017618  0.616026  0.776537  0.132295  -0.773779  0.627988  -0.083054  -0.147574  -0.051204  0.987725  -0.044527  -0.015277  -0.041496  0.035844  1.443231  -0.749887  1.000000  
96.604310 0.026400  0.002782  0.017568  0.617030  0.775979  0.130885  -0.773405  0.628686  -0.081237  -0.145324  -0.051101  0.988064  -0.044125  -0.014856  -0.041199  0.031393  1.470144  -0.755496  1.000000  
96.605310 0.026360  0.002770  0.017531  0.617800  0.775523  0.129950  -0.773062  0.629256  -0.080070  -0.143868  -0.050992  0.988282  -0.043783  -0.014616  -0.040915  0.029264  1.481318  -0.755038  1.000000  
96.606560 0.026309  0.002757  0.017486  0.618774  0.774955  0.128698  -0.772650  0.629965  -0.078464  -0.141881  -0.050887  0.988575  -0.043338  -0.014151  -0.040357  0.030056  1.503852  -0.762560  1.000000  
96.607561 0.026269  0.002747  0.017451  0.619405  0.774621  0.127671  -0.772459  0.630374  -0.077043  -0.140159  -0.050900  0.988820  -0.042979  -0.013777  -0.039909  0.030778  1.526086  -0.753340  1.000000  
96.608567 0.026228  0.002736  0.017416  0.620181  0.774168  0.126646  -0.772123  0.630939  -0.075776  -0.138569  -0.050791  0.989049  -0.042630  -0.013446  -0.039599  0.030713  1.539511  -0.759664  1.000000  
96.609848 0.026177  0.002723  0.017373  0.621001  0.773732  0.125287  -0.771842  0.631482  -0.074099  -0.136449  -0.050686  0.989350  -0.042042  -0.012978  -0.039143  0.026983  1.560277  -0.744846  1.000000  
96.611061 0.026127  0.002710  0.017328  0.621977  0.773149  0.124034  -0.771428  0.632194  -0.072321  -0.134328  -0.050701  0.989639  -0.041704  -0.012515  -0.038910  0.030589  1.584632  -0.744506  1.000000  
96.612066 0.026088  0.002699  0.017293  0.622599  0.772829  0.122903  -0.771224  0.632594  -0.070981  -0.132604  -0.050593  0.989877  -0.041193  -0.012047  -0.038474  0.026216  1.600954  -0.730306  1.000000  
96.613078 0.026049  0.002689  0.017258  0.623378  0.772363  0.121879  -0.770889  0.633162  -0.069541  -0.130880  -0.050605  0.990106  -0.040636  -0.011492  -0.038036  0.029027  1.613638  -0.729552  1.000000  
96.614370 0.026002  0.002677  0.017216  0.624188  0.771924  0.120508  -0.770591  0.633705  -0.067870  -0.128757  -0.050499  0.990390  -0.040003  -0.010948  -0.037153  0.025308  1.624006  -0.714617  1.000000  
96.615572 0.025957  0.002668  0.017175  0.625174  0.771348  0.119074  -0.770187  0.634405  -0.065894  -0.126369  -0.050514  0.990696  -0.039781  -0.010514  -0.036607  0.026770  1.651315  -0.709247  1.000000  
96.616816 0.025913  0.002659  0.017136  0.626136  0.770763  0.117804  -0.769751  0.635115  -0.064126  -0.124245  -0.050528  0.990964  -0.039301  -0.010094  -0.035626  0.029324  1.667065  -0.707696  1.000000  
96.617890 0.025877  0.002652  0.017106  0.626747  0.770426  0.116755  -0.769531  0.635523  -0.062716  -0.122519  -0.050539  0.991179  -0.038686  -0.009691  -0.034500  0.030019  1.671039  -0.692081  1.000000  
96.619067 0.025833  0.002642  0.017070  0.627693  0.769836  0.115561  -0.769074  0.636237  -0.061055  -0.120526  -0.050551  0.991422  -0.038444  -0.009481  -0.033765  0.031602  1.674803  -0.687295  1.000000  
96.620310 0.025787  0.002630  0.017034  0.628646  0.769249  0.114280  -0.768626  0.636945  -0.059293  -0.118401  -0.050565  0.991678  -0.038200  -0.009355  -0.033134  0.030941  1.683864  -0.687550  1.000000  
96.621311 0.025749  0.002619  0.017004  0.629567  0.768649  0.113248  -0.768136  0.637669  -0.057841  -0.116674  -0.050575  0.991882  -0.037960  -0.009337  -0.032679  0.033795  1.695532  -0.688500  1.000000  
96.622560 0.025703  0.002606  0.016965  0.630514  0.768047  0.112052  -0.767679  0.638383  -0.056006  -0.114547  -0.050708  0.992123  -0.037752  -0.009379  -0.032389  0.044315  1.701725  -0.687269  1.000000  
96.623820 0.025656  0.002593  0.016928  0.631616  0.767327  0.110771  -0.767087  0.639247  -0.054227  -0.112420  -0.050720  0.992365  -0.037420  -0.009348  -0.031928  0.047019  1.710793  -0.693334  1.000000  
96.625061 0.025609  0.002579  0.016891  0.632567  0.766729  0.109483  -0.766632  0.639954  -0.052294  -0.110160  -0.050854  0.992612  -0.037149  -0.009399  -0.031474  0.052631  1.724441  -0.686219  1.000000  
96.626063 0.025572  0.002569  0.016863  0.633467  0.766122  0.108521  -0.766116  0.640680  -0.050953  -0.108564  -0.050863  0.992787  -0.036965  -0.009367  -0.030910  0.056998  1.724343  -0.693739  1.000000  
96.627311 0.025525  0.002555  0.016829  0.634569  0.765391  0.107236  -0.765521  0.641543  -0.049003  -0.106303  -0.050996  0.993025  -0.037048  -0.009461  -0.030428  0.069265  1.734132  -0.707281  1.000000  
96.628564 0.025478  0.002542  0.016798  0.635676  0.764663  0.105860  -0.764931  0.642399  -0.046953  -0.103907  -0.051129  0.993272  -0.036915  -0.009538  -0.029593  0.076059  1.748504  -0.713392  1.000000  
96.629581 0.025441  0.002531  0.016773  0.636420  0.764191  0.104793  -0.764545  0.642960  -0.045538  -0.102177  -0.051138  0.993451  -0.036870  -0.009684  -0.028910  0.082851  1.752547  -0.713394  1.000000  
96.630821 0.025395  0.002519  0.016743  0.637503  0.763454  0.103579  -0.763924  0.643825  -0.043697  -0.100048  -0.051270  0.993661  -0.036916  -0.009872  -0.028273  0.087374  1.758399  -0.727646  1.000000  
96.632068 0.025349  0.002505  0.016712  0.638590  0.762720  0.102275  -0.763309  0.644683  -0.041757  -0.097784  -0.051402  0.993879  -0.037023  -0.010236  -0.027715  0.098322  1.766972  -0.733646  1.000000  
96.633070 0.025311  0.002494  0.016687  0.639484  0.762101  0.101300  -0.762780  0.645404  -0.040249  -0.096053  -0.051531  0.994041  -0.037133  -0.010434  -0.027365  0.106694  1.767226  -0.747346  1.000000  
96.634393 0.025264  0.002477  0.016654  0.640400  0.761495  0.100065  -0.762277  0.646108  -0.038436  -0.093922  -0.051662  0.994238  -0.037102  -0.010798  -0.027083  0.108705  1.762893  -0.745600  1.000000  
96.635563 0.025215  0.002459  0.016619  0.641477  0.760760  0.098747  -0.761647  0.646963  -0.036504  -0.091657  -0.051794  0.994443  -0.037512  -0.011230  -0.027090  0.116244  1.781822  -0.754126  1.000000  
96.636810 0.025165  0.002439  0.016585  0.642550  0.760025  0.097425  -0.761012  0.647816  -0.034575  -0.089392  -0.051925  0.994642  -0.037674  -0.011627  -0.026933  0.124195  1.791711  -0.767684  1.000000  
96.638060 0.025115  0.002421  0.016552  0.643463  0.759422  0.096091  -0.760503  0.648512  -0.032669  -0.087126  -0.052056  0.994836  -0.037886  -0.011988  -0.026542  0.130317  1.795023  -0.767400  1.000000  
96.639310 0.025066  0.002402  0.016520  0.644372  0.758808  0.094846  -0.759990  0.649210  -0.030687  -0.084860  -0.052308  0.995019  -0.038203  -0.012340  -0.026262  0.137310  1.804189  -0.773655  1.000000  
96.640560 0.025016  0.002384  0.016490  0.645433  0.758071  0.093509  -0.759338  0.650060  -0.028766  -0.082593  -0.052439  0.995203  -0.038322  -0.012682  -0.025731  0.144450  1.805841  -0.781073  1.000000  
96.641814 0.024966  0.002366  0.016460  0.646335  0.757468  0.092163  -0.758814  0.650753  -0.026867  -0.080326  -0.052569  0.995381  -0.038515  -0.012989  -0.025456  0.151069  1.809485  -0.787529  1.000000  
96.642815 0.024926  0.002351  0.016436  0.647056  0.756974  0.091158  -0.758395  0.651307  -0.025215  -0.078459  -0.052819  0.995517  -0.038704  -0.013272  -0.025381  0.157656  1.815115  -0.787712  1.000000  
96.644063 0.024876  0.002331  0.016405  0.648106  0.756236  0.089809  -0.757729  0.652153  -0.023302  -0.076191  -0.052949  0.995686  -0.038957  -0.013721  -0.025381  0.164423  1.819019  -0.794106  1.000000  
96.645311 0.024826  0.002312  0.016374  0.649010  0.755630  0.088369  -0.757206  0.652834  -0.021129  -0.073656  -0.053200  0.995864  -0.039173  -0.014107  -0.025411  0.171077  1.828579  -0.800542  1.000000  
96.646332 0.024786  0.002297  0.016349  0.649728  0.755151  0.087176  -0.756782  0.653378  -0.019461  -0.071655  -0.053329  0.996003  -0.039420  -0.014507  -0.025408  0.173845  1.833236  -0.800316  1.000000  
96.647568 0.024735  0.002277  0.016320  0.650468  0.754681  0.085724  -0.756382  0.653901  -0.017310  -0.069119  -0.053580  0.996169  -0.039669  -0.014835  -0.025326  0.180436  1.852349  -0.801992  1.000000  
96.648573 0.024695  0.002260  0.016296  0.651174  0.754197  0.084612  -0.755943  0.654448  -0.015746  -0.067250  -0.053708  0.996290  -0.039848  -0.015216  -0.025176  0.182477  1.856487  -0.799437  1.000000  
96.649819 0.024643  0.002238  0.016268  0.652056  0.753587  0.083243  -0.755393  0.655129  -0.013684  -0.064847  -0.053958  0.996435  -0.040186  -0.015495  -0.024801  0.188571  1.865386  -0.798851  1.000000  
96.650820 0.024601  0.002219  0.016246  0.652606  0.753244  0.082035  -0.755087  0.655514  -0.012040  -0.062844  -0.054086  0.996557  -0.040270  -0.015686  -0.024434  0.189710  1.873576  -0.784603  1.000000  
96.652069 0.024549  0.002198  0.016220  0.653330  0.752784  0.080478  -0.754668  0.656031  -0.009977  -0.060307  -0.054215  0.996706  -0.040400  -0.015850  -0.023769  0.187043  1.886838  -0.776989  1.000000  
96.653071 0.024508  0.002181  0.016200  0.654024  0.752291  0.079445  -0.754213  0.656576  -0.008341  -0.058437  -0.054463  0.996804  -0.040479  -0.015991  -0.023438  0.193597  1.891290  -0.776604  1.000000  
96.654319 0.024458  0.002161  0.016175  0.654730  0.751812  0.078147  -0.753773  0.657104  -0.006404  -0.056166  -0.054712  0.996921  -0.040530  -0.016122  -0.022988  0.198117  1.896623  -0.763712  1.000000  
96.655569 0.024408  0.002139  0.016150  0.655438  0.751338  0.076759  -0.753333  0.657624  -0.004369  -0.053761  -0.054961  0.997040  -0.040522  -0.016353  -0.022653  0.199663  1.903738  -0.748175  1.000000  
96.656819 0.024359  0.002118  0.016123  0.656137  0.750861  0.075455  -0.752884  0.658149  -0.002436  -0.051490  -0.055210  0.997146  -0.040477  -0.016512  -0.022433  0.200711  1.903125  -0.734198  1.000000  
96.658069 0.024309  0.002096  0.016096  0.656840  0.750393  0.073971  -0.752439  0.658662  -0.000305  -0.048951  -0.055459  0.997260  -0.040437  -0.016715  -0.022178  0.202244  1.911879  -0.726640  1.000000  
96.659073 0.024270  0.002078  0.016075  0.657364  0.750036  0.072924  -0.752101  0.659046  0.001308  -0.047080  -0.055706  0.997337  -0.040335  -0.016893  -0.021889  0.207879  1.911892  -0.712991  1.000000  
96.660319 0.024221  0.002056  0.016050  0.658056  0.749556  0.071614  -0.751643  0.659562  0.003415  -0.044674  -0.056075  0.997427  -0.040301  -0.017111  -0.021537  0.213170  1.920282  -0.698383  1.000000  
96.661319 0.024182  0.002037  0.016030  0.658729  0.749065  0.070560  -0.751162  0.660099  0.005039  -0.042802  -0.056322  0.997495  -0.040322  -0.017298  -0.021285  0.214166  1.922275  -0.691365  1.000000  
96.662588 0.024132  0.002014  0.016009  0.659417  0.748599  0.069064  -0.750699  0.660606  0.007162  -0.040263  -0.056570  0.997586  -0.040198  -0.017519  -0.020656  0.216847  1.931919  -0.682923  1.000000  
96.663821 0.024081  0.001990  0.015988  0.660097  0.748120  0.067743  -0.750226  0.661117  0.009264  -0.037856  -0.056938  0.997660  -0.040151  -0.017711  -0.020131  0.222455  1.945799  -0.668398  1.000000  
96.664822 0.024042  0.001971  0.015973  0.660757  0.747624  0.066770  -0.749730  0.661655  0.010782  -0.036118  -0.057184  0.997710  -0.040017  -0.017785  -0.019634  0.224884  1.942751  -0.662062  1.000000  
96.666074 0.023993  0.001947  0.015952  0.661581  0.747005  0.065528  -0.749110  0.662323  0.012793  -0.033845  -0.057551  0.997769  -0.039818  -0.017852  -0.019159  0.231054  1.940881  -0.661007  1.000000  
96.667318 0.023944  0.001925  0.015932  0.662244  0.746526  0.064283  -0.748617  0.662842  0.014607  -0.031705  -0.057797  0.997825  -0.039700  -0.017981  -0.018918  0.232620  1.935865  -0.647247  1.000000  
96.668319 0.023905  0.001907  0.015916  0.662896  0.746031  0.063301  -0.748112  0.663377  0.016120  -0.029966  -0.058043  0.997864  -0.039554  -0.018021  -0.018585  0.235484  1.932719  -0.647632  1.000000  
96.669561 0.023857  0.001885  0.015896  0.663712  0.745418  0.061960  -0.747481  0.664034  0.018224  -0.027559  -0.058410  0.997912  -0.039423  -0.018070  -0.018320  0.241831  1.937022  -0.646897  1.000000  
96.670563 0.023819  0.001867  0.015881  0.664358  0.744924  0.060972  -0.746969  0.664566  0.019733  -0.025820  -0.058654  0.997944  -0.039320  -0.018146  -0.017945  0.244094  1.931640  -0.639760  1.000000  
96.671818 0.023770  0.001844  0.015861  0.665164  0.744306  0.059713  -0.746326  0.665225  0.021733  -0.023546  -0.059021  0.997979  -0.039234  -0.018240  -0.017484  0.246456  1.931716  -0.639223  1.000000  
96.673065 0.023720  0.001821  0.015843  0.665967  0.743694  0.058360  -0.745681  0.665877  0.023829  -0.021139  -0.059387  0.998011  -0.039240  -0.018402  -0.016879  0.252580  1.940572  -0.631469  1.000000  
96.674323 0.023672  0.001797  0.015826  0.666767  0.743083  0.057003  -0.745031  0.666526  0.025923  -0.018731  -0.059753  0.998037  -0.039190  -0.018437  -0.016191  0.254818  1.940344  -0.630829  1.000000  
96.675562 0.023622  0.001773  0.015810  0.667407  0.742605  0.055736  -0.744512  0.667026  0.027903  -0.016456  -0.060119  0.998056  -0.039322  -0.018583  -0.015701  0.260964  1.927644  -0.624629  1.000000  
