1-Time 2-Px 3-Py 4-Pz 5-R11 6-R21 7-R31 8-R12 9-R22 10-R32 11-R13 12-R23 13-R33 14-Vx 15-Vy 16-Vz 17-Wx 18-Wy 19-Wz 20-state
16.643190 0.003100  -0.014898  0.012504  0.543441  0.797118  0.263202  -0.813770  0.577209  -0.067885  -0.206035  -0.177295  0.962349  0.009205  0.001513  0.006093  0.000000  0.000000  0.000000  1.000000  
16.644305 0.003107  -0.014896  0.012508  0.543273  0.797236  0.263188  -0.813882  0.577045  -0.067940  -0.206035  -0.177295  0.962349  0.009205  0.001513  0.006094  0.000000  0.000000  0.000000  1.000000  
16.645307 0.003117  -0.014891  0.012507  0.543106  0.797355  0.263174  -0.813994  0.576881  -0.067994  -0.206035  -0.177295  0.962349  0.009200  0.001759  0.005581  0.000000  0.000000  0.000000  1.000000  
16.646558 0.003130  -0.014880  0.012499  0.543106  0.797355  0.263174  -0.813994  0.576881  -0.067994  -0.206035  -0.177295  0.962349  0.009290  0.002358  0.004527  0.000000  0.000000  0.000000  1.000000  
16.647578 0.003139  -0.014873  0.012495  0.542953  0.797519  0.262992  -0.814128  0.576688  -0.068011  -0.205905  -0.177183  0.962398  0.009652  0.006205  -0.002211  0.000000  0.000000  0.000000  1.000000  
16.648803 0.003150  -0.014868  0.012495  0.542786  0.797638  0.262978  -0.814240  0.576524  -0.068065  -0.205905  -0.177183  0.962398  0.009413  0.005684  -0.001713  0.000000  0.000000  0.000000  1.000000  
16.650050 0.003158  -0.014863  0.012498  0.542618  0.797788  0.262868  -0.814352  0.576352  -0.068189  -0.205905  -0.177066  0.962419  0.008848  0.005273  -0.000868  0.000000  0.000000  0.000000  1.000000  
16.651298 0.003163  -0.014857  0.012500  0.542450  0.797939  0.262757  -0.814464  0.576179  -0.068313  -0.205905  -0.176949  0.962441  0.008099  0.005287  -0.000569  0.000000  0.000000  0.000000  1.000000  
16.652298 0.003167  -0.014848  0.012499  0.542283  0.798057  0.262743  -0.814575  0.576015  -0.068367  -0.205905  -0.176949  0.962441  0.007610  0.005645  -0.000554  0.000000  0.000000  0.000000  1.000000  
16.653298 0.003170  -0.014840  0.012498  0.542115  0.798176  0.262729  -0.814687  0.575851  -0.068421  -0.205905  -0.176949  0.962441  0.007174  0.005879  -0.000659  0.000000  0.000000  0.000000  1.000000  
16.654555 0.003177  -0.014831  0.012496  0.542130  0.798221  0.262560  -0.814710  0.575823  -0.068384  -0.205774  -0.176838  0.962489  0.007014  0.006103  -0.000731  0.000000  0.000000  0.000000  1.000000  
16.655799 0.003184  -0.014821  0.012493  0.541978  0.798384  0.262378  -0.814844  0.575630  -0.068400  -0.205643  -0.176726  0.962538  0.006879  0.006224  -0.000944  0.000000  0.000000  0.000000  1.000000  
16.656799 0.003189  -0.014813  0.012489  0.541825  0.798548  0.262196  -0.814979  0.575438  -0.068417  -0.205512  -0.176614  0.962586  0.006681  0.006362  -0.001136  0.000000  0.000000  0.000000  1.000000  
16.658049 0.003194  -0.014802  0.012478  0.541825  0.798580  0.262099  -0.814979  0.575430  -0.068487  -0.205512  -0.176497  0.962608  0.006446  0.006633  -0.001774  0.000000  0.000000  0.000000  1.000000  
16.659052 0.003199  -0.014789  0.012467  0.541658  0.798698  0.262085  -0.815090  0.575265  -0.068541  -0.205512  -0.176497  0.962608  0.006287  0.007183  -0.002714  0.000000  0.000000  0.000000  1.000000  
16.660060 0.003206  -0.014775  0.012454  0.541658  0.798730  0.261988  -0.815090  0.575257  -0.068611  -0.205512  -0.176380  0.962629  0.006094  0.007894  -0.003610  0.000000  0.000000  0.000000  1.000000  
16.661304 0.003216  -0.014756  0.012442  0.541490  0.798912  0.261780  -0.815202  0.575076  -0.068804  -0.205512  -0.176147  0.962672  0.005933  0.008418  -0.003849  0.000000  0.000000  0.000000  1.000000  
16.662577 0.003221  -0.014741  0.012437  0.541505  0.798957  0.261612  -0.815225  0.575048  -0.068766  -0.205381  -0.176035  0.962720  0.005442  0.008769  -0.003853  0.000000  0.000000  0.000000  1.000000  
16.663804 0.003221  -0.014728  0.012435  0.541505  0.798988  0.261515  -0.815225  0.575039  -0.068836  -0.205381  -0.175918  0.962742  0.004700  0.009451  -0.004123  0.000000  0.000000  0.000000  1.000000  
16.665048 0.003222  -0.014714  0.012431  0.541505  0.799052  0.261321  -0.815225  0.575023  -0.068976  -0.205381  -0.175685  0.962784  0.004299  0.009976  -0.004514  0.000000  0.000000  0.000000  1.000000  
16.666052 0.003225  -0.014702  0.012422  0.541505  0.799052  0.261321  -0.815225  0.575023  -0.068976  -0.205381  -0.175685  0.962784  0.004220  0.010490  -0.005241  0.000000  0.000000  0.000000  1.000000  
16.667298 0.003230  -0.014687  0.012407  0.541505  0.799083  0.261224  -0.815225  0.575014  -0.069045  -0.205381  -0.175568  0.962806  0.004278  0.010834  -0.006229  0.000000  0.000000  0.000000  1.000000  
16.668299 0.003234  -0.014676  0.012394  0.541505  0.799083  0.261224  -0.815225  0.575014  -0.069045  -0.205381  -0.175568  0.962806  0.004253  0.011039  -0.006973  0.000000  0.000000  0.000000  1.000000  
16.669299 0.003239  -0.014665  0.012382  0.541673  0.798997  0.261142  -0.815113  0.575171  -0.069061  -0.205381  -0.175451  0.962827  0.004182  0.011239  -0.007749  0.000000  0.000000  0.000000  1.000000  
16.670549 0.003243  -0.014651  0.012368  0.541673  0.798997  0.261142  -0.815113  0.575171  -0.069061  -0.205381  -0.175451  0.962827  0.003979  0.011568  -0.008423  0.000000  0.000000  0.000000  1.000000  
16.671555 0.003247  -0.014638  0.012359  0.541841  0.798878  0.261156  -0.815002  0.575335  -0.069008  -0.205381  -0.175451  0.962827  0.003985  0.011862  -0.008804  0.000000  0.000000  0.000000  1.000000  
16.672800 0.003252  -0.014622  0.012347  0.542008  0.798791  0.261073  -0.814890  0.575491  -0.069024  -0.205381  -0.175334  0.962848  0.003970  0.012175  -0.008877  0.000000  0.000000  0.000000  1.000000  
16.674049 0.003256  -0.014604  0.012338  0.542008  0.798791  0.261073  -0.814890  0.575491  -0.069024  -0.205381  -0.175334  0.962848  0.003815  0.012354  -0.008601  0.000000  0.000000  0.000000  1.000000  
16.675051 0.003260  -0.014590  0.012333  0.542176  0.798705  0.260990  -0.814778  0.575647  -0.069040  -0.205381  -0.175218  0.962869  0.003576  0.012326  -0.008092  0.000000  0.000000  0.000000  1.000000  
16.676053 0.003263  -0.014576  0.012329  0.542344  0.798586  0.261005  -0.814667  0.575812  -0.068986  -0.205381  -0.175218  0.962869  0.003255  0.012240  -0.007676  0.000000  0.000000  0.000000  1.000000  
16.677302 0.003263  -0.014561  0.012325  0.542511  0.798499  0.260922  -0.814555  0.575968  -0.069002  -0.205381  -0.175101  0.962891  0.002873  0.012174  -0.007500  0.000000  0.000000  0.000000  1.000000  
16.678304 0.003262  -0.014550  0.012321  0.542679  0.798381  0.260936  -0.814443  0.576132  -0.068948  -0.205381  -0.175101  0.962891  0.002717  0.012225  -0.007764  0.000000  0.000000  0.000000  1.000000  
16.679553 0.003260  -0.014537  0.012309  0.542847  0.798262  0.260950  -0.814332  0.576296  -0.068895  -0.205381  -0.175101  0.962891  0.002643  0.012222  -0.008377  0.000000  0.000000  0.000000  1.000000  
16.680803 0.003262  -0.014522  0.012293  0.543030  0.798156  0.260893  -0.814243  0.576441  -0.068734  -0.205250  -0.175106  0.962918  0.002541  0.012188  -0.008792  0.000000  0.000000  0.000000  1.000000  
16.682047 0.003265  -0.014506  0.012277  0.543197  0.798038  0.260907  -0.814131  0.576605  -0.068680  -0.205250  -0.175106  0.962918  0.002420  0.012255  -0.008873  0.000000  0.000000  0.000000  1.000000  
16.683049 0.003266  -0.014494  0.012268  0.543197  0.798006  0.261004  -0.814131  0.576614  -0.068610  -0.205250  -0.175223  0.962896  0.002163  0.012327  -0.008651  0.000000  0.000000  0.000000  1.000000  
16.684050 0.003265  -0.014483  0.012260  0.543380  0.797900  0.260947  -0.814042  0.576759  -0.068449  -0.205119  -0.175227  0.962923  0.001786  0.012331  -0.008241  0.000000  0.000000  0.000000  1.000000  
16.685298 0.003263  -0.014470  0.012253  0.543548  0.797750  0.261057  -0.813930  0.576931  -0.068326  -0.205119  -0.175344  0.962902  0.001389  0.012254  -0.007862  0.000000  0.000000  0.000000  1.000000  
16.686298 0.003263  -0.014458  0.012248  0.543731  0.797612  0.261097  -0.813841  0.577084  -0.068095  -0.204988  -0.175466  0.962908  0.001086  0.012234  -0.007583  0.000000  0.000000  0.000000  1.000000  
16.687298 0.003262  -0.014445  0.012242  0.543913  0.797475  0.261136  -0.813752  0.577237  -0.067864  -0.204857  -0.175588  0.962914  0.000825  0.012243  -0.007383  0.000000  0.000000  0.000000  1.000000  
16.688549 0.003262  -0.014427  0.012231  0.544096  0.797338  0.261175  -0.813663  0.577390  -0.067633  -0.204726  -0.175709  0.962919  0.000506  0.012246  -0.007310  0.000000  0.000000  0.000000  1.000000  
16.689549 0.003261  -0.014414  0.012222  0.544279  0.797232  0.261117  -0.813573  0.577534  -0.067472  -0.204595  -0.175714  0.962946  0.000142  0.012163  -0.007527  0.000000  0.000000  0.000000  1.000000  
16.690799 0.003258  -0.014401  0.012209  0.544461  0.797094  0.261156  -0.813484  0.577687  -0.067241  -0.204464  -0.175836  0.962952  -0.000340  0.011884  -0.008149  0.000000  0.000000  0.000000  1.000000  
16.691825 0.003254  -0.014391  0.012197  0.544659  0.796970  0.261123  -0.813417  0.577820  -0.066903  -0.204202  -0.175963  0.962984  -0.000577  0.011727  -0.008702  0.000000  0.000000  0.000000  1.000000  
16.693058 0.003250  -0.014378  0.012181  0.544857  0.796845  0.261090  -0.813351  0.577953  -0.066565  -0.203940  -0.176089  0.963017  -0.000782  0.011652  -0.009470  0.000000  0.000000  0.000000  1.000000  
16.694063 0.003247  -0.014367  0.012167  0.545055  0.796753  0.260960  -0.813284  0.578078  -0.066297  -0.203678  -0.176099  0.963070  -0.000923  0.011680  -0.009784  0.000000  0.000000  0.000000  1.000000  
16.695082 0.003245  -0.014354  0.012153  0.545253  0.796628  0.260927  -0.813217  0.578211  -0.065959  -0.203416  -0.176226  0.963102  -0.001137  0.011772  -0.009885  0.000000  0.000000  0.000000  1.000000  
16.696301 0.003241  -0.014338  0.012139  0.545466  0.796517  0.260822  -0.813172  0.578324  -0.065515  -0.203023  -0.176357  0.963161  -0.001575  0.011857  -0.009810  0.000000  0.000000  0.000000  1.000000  
16.697305 0.003239  -0.014325  0.012130  0.545678  0.796406  0.260717  -0.813127  0.578437  -0.065070  -0.202630  -0.176489  0.963220  -0.001872  0.011831  -0.009683  0.000000  0.000000  0.000000  1.000000  
16.698549 0.003234  -0.014310  0.012120  0.546058  0.796175  0.260624  -0.812970  0.578714  -0.064571  -0.202237  -0.176620  0.963279  -0.002111  0.011877  -0.009568  0.067876  0.136641  -0.147192  1.000000  
16.699550 0.003230  -0.014299  0.012112  0.546104  0.796183  0.260505  -0.813037  0.578663  -0.064180  -0.201844  -0.176752  0.963337  -0.002269  0.012002  -0.009752  0.074585  0.148690  -0.138102  1.000000  
16.700799 0.003227  -0.014281  0.012098  0.546331  0.796085  0.260328  -0.813015  0.578756  -0.063628  -0.201320  -0.176888  0.963422  -0.002398  0.012174  -0.010287  0.078620  0.166400  -0.134869  1.000000  
16.702049 0.003225  -0.014263  0.012077  0.546559  0.795987  0.260150  -0.812991  0.578849  -0.063076  -0.200795  -0.177024  0.963506  -0.002555  0.012321  -0.011160  0.087432  0.183835  -0.137200  1.000000  
16.703299 0.003222  -0.014245  0.012056  0.546801  0.795903  0.259899  -0.812990  0.578922  -0.062418  -0.200140  -0.177165  0.963616  -0.002732  0.012342  -0.011922  0.091395  0.205732  -0.133149  1.000000  
16.704300 0.003218  -0.014232  0.012037  0.547028  0.795805  0.259721  -0.812966  0.579015  -0.061866  -0.199616  -0.177302  0.963700  -0.002902  0.012350  -0.012536  0.096183  0.225139  -0.131009  1.000000  
16.705301 0.003213  -0.014221  0.012020  0.547087  0.795827  0.259529  -0.813055  0.578944  -0.061368  -0.199091  -0.177438  0.963783  -0.003099  0.012379  -0.013024  0.104291  0.242833  -0.127779  1.000000  
16.706548 0.003206  -0.014206  0.011999  0.547344  0.795787  0.259110  -0.813074  0.578989  -0.060673  -0.198304  -0.177467  0.963940  -0.003289  0.012478  -0.013396  0.103383  0.267208  -0.121945  1.000000  
16.707569 0.003200  -0.014192  0.011984  0.547585  0.795703  0.258859  -0.813072  0.579062  -0.060014  -0.197649  -0.177608  0.964049  -0.003435  0.012729  -0.013599  0.112254  0.291326  -0.118828  1.000000  
16.708800 0.003194  -0.014176  0.011967  0.547826  0.795618  0.258607  -0.813068  0.579135  -0.059356  -0.196993  -0.177749  0.964157  -0.003614  0.012938  -0.013619  0.115387  0.311055  -0.113901  1.000000  
16.709802 0.003189  -0.014162  0.011952  0.548067  0.795534  0.258355  -0.813065  0.579207  -0.058697  -0.196337  -0.177889  0.964265  -0.003749  0.013015  -0.013639  0.120389  0.335831  -0.110810  1.000000  
16.710809 0.003184  -0.014148  0.011939  0.548308  0.795450  0.258103  -0.813060  0.579279  -0.058039  -0.195681  -0.178030  0.964372  -0.003976  0.013057  -0.013732  0.124338  0.353365  -0.107508  1.000000  
16.712061 0.003178  -0.014130  0.011922  0.548578  0.795393  0.257706  -0.813099  0.579311  -0.057167  -0.194762  -0.178180  0.964531  -0.004138  0.013180  -0.014073  0.128308  0.384252  -0.101808  1.000000  
16.713307 0.003172  -0.014112  0.011904  0.549014  0.795248  0.257224  -0.813024  0.579501  -0.056312  -0.193844  -0.178213  0.964710  -0.004244  0.013397  -0.014633  0.125573  0.416562  -0.102824  1.000000  
16.714552 0.003167  -0.014093  0.011882  0.549283  0.795191  0.256826  -0.813061  0.579533  -0.055440  -0.192925  -0.178363  0.964866  -0.004196  0.013735  -0.015358  0.125491  0.443160  -0.097934  1.000000  
16.715555 0.003163  -0.014078  0.011863  0.549704  0.795032  0.256415  -0.812963  0.579741  -0.054692  -0.192137  -0.178391  0.965018  -0.004353  0.013795  -0.015886  0.126771  0.466458  -0.100554  1.000000  
16.716798 0.003158  -0.014059  0.011840  0.550154  0.794870  0.255955  -0.812906  0.579917  -0.053661  -0.191086  -0.178546  0.965198  -0.004559  0.013825  -0.016078  0.126991  0.494609  -0.100681  1.000000  
16.717798 0.003152  -0.014045  0.011824  0.550589  0.794725  0.255470  -0.812828  0.580106  -0.052807  -0.190167  -0.178578  0.965374  -0.004699  0.013780  -0.016004  0.124245  0.526670  -0.101671  1.000000  
16.718798 0.003145  -0.014032  0.011810  0.551009  0.794566  0.255057  -0.812727  0.580314  -0.052060  -0.189379  -0.178606  0.965523  -0.005002  0.013761  -0.015725  0.123802  0.551118  -0.112584  1.000000  
16.720055 0.003134  -0.014016  0.011795  0.551624  0.794284  0.254605  -0.812554  0.580653  -0.050977  -0.188328  -0.178760  0.965701  -0.005313  0.013928  -0.015253  0.125007  0.583201  -0.113498  1.000000  
16.721298 0.003124  -0.013999  0.011780  0.552239  0.794033  0.254055  -0.812379  0.580985  -0.049965  -0.187276  -0.178796  0.965898  -0.005533  0.013981  -0.014949  0.122508  0.611624  -0.120159  1.000000  
16.722299 0.003117  -0.013985  0.011767  0.552658  0.793874  0.253640  -0.812276  0.581193  -0.049219  -0.186488  -0.178824  0.966046  -0.005652  0.014089  -0.014741  0.123731  0.630416  -0.123581  1.000000  
16.723300 0.003111  -0.013971  0.011753  0.553257  0.793609  0.253160  -0.812078  0.581545  -0.048315  -0.185567  -0.178856  0.966217  -0.005697  0.014085  -0.014676  0.123651  0.660826  -0.138675  1.000000  
16.724546 0.003103  -0.013953  0.011733  0.553871  0.793358  0.252607  -0.811900  0.581877  -0.047304  -0.184515  -0.178892  0.966412  -0.005799  0.014136  -0.014807  0.122053  0.685069  -0.147850  1.000000  
16.725547 0.003096  -0.013939  0.011717  0.554455  0.793080  0.252199  -0.811680  0.582248  -0.046507  -0.183726  -0.178918  0.966557  -0.005932  0.014156  -0.015016  0.120516  0.705045  -0.157848  1.000000  
16.726551 0.003089  -0.013926  0.011701  0.555053  0.792814  0.251716  -0.811479  0.582600  -0.045604  -0.182806  -0.178950  0.966726  -0.006091  0.014064  -0.015216  0.118548  0.729629  -0.162525  1.000000  
16.727554 0.003082  -0.013913  0.011685  0.555665  0.792532  0.251256  -0.811297  0.582937  -0.044524  -0.181753  -0.179103  0.966896  -0.006197  0.014049  -0.015367  0.120963  0.754053  -0.171720  1.000000  
16.728802 0.003074  -0.013895  0.011666  0.556442  0.792160  0.250707  -0.810999  0.583431  -0.043464  -0.180700  -0.179138  0.967087  -0.006338  0.013996  -0.015340  0.120629  0.775554  -0.188521  1.000000  
16.730053 0.003065  -0.013878  0.011648  0.557400  0.791682  0.250092  -0.810604  0.584068  -0.042246  -0.179516  -0.179177  0.967300  -0.006717  0.013795  -0.014947  0.121535  0.802572  -0.211160  1.000000  
16.731065 0.003057  -0.013864  0.011635  0.558009  0.791430  0.249530  -0.810418  0.584399  -0.041239  -0.178463  -0.179212  0.967488  -0.006959  0.013759  -0.014515  0.121082  0.828023  -0.227021  1.000000  
16.732298 0.003044  -0.013847  0.011622  0.558991  0.790977  0.248764  -0.810058  0.584996  -0.039810  -0.177015  -0.179260  0.967746  -0.007400  0.013670  -0.014022  0.121929  0.864445  -0.248200  1.000000  
16.733299 0.003033  -0.013835  0.011612  0.559599  0.790725  0.248199  -0.809868  0.585327  -0.038804  -0.175961  -0.179294  0.967931  -0.007702  0.013572  -0.013641  0.123200  0.881612  -0.255393  1.000000  
16.734549 0.003019  -0.013820  0.011599  0.560579  0.790272  0.247428  -0.809504  0.585924  -0.037377  -0.174512  -0.179341  0.968185  -0.007971  0.013513  -0.013458  0.123865  0.912958  -0.277115  1.000000  
16.735798 0.003006  -0.013804  0.011585  0.561571  0.789833  0.246580  -0.809156  0.586500  -0.035845  -0.172931  -0.179392  0.968459  -0.008139  0.013498  -0.013353  0.125392  0.947591  -0.302119  1.000000  
16.736798 0.002995  -0.013790  0.011571  0.562356  0.789473  0.245944  -0.808863  0.586973  -0.034684  -0.171745  -0.179430  0.968663  -0.008387  0.013437  -0.013486  0.124746  0.973441  -0.318116  1.000000  
16.737800 0.002985  -0.013777  0.011557  0.563139  0.789113  0.245305  -0.808569  0.587445  -0.033524  -0.170558  -0.179467  0.968866  -0.008664  0.013378  -0.013535  0.128352  0.992290  -0.338066  1.000000  
16.739048 0.002972  -0.013760  0.011538  0.564153  0.788700  0.244301  -0.808250  0.587982  -0.031784  -0.168712  -0.179525  0.969178  -0.008962  0.013390  -0.013485  0.128641  1.032339  -0.358195  1.000000  
16.740050 0.002962  -0.013746  0.011525  0.564948  0.788353  0.243584  -0.807969  0.588434  -0.030519  -0.167393  -0.179566  0.969400  -0.009209  0.013420  -0.013334  0.127798  1.057988  -0.374088  1.000000  
16.741298 0.002948  -0.013729  0.011511  0.565945  0.787927  0.242647  -0.807624  0.588990  -0.028888  -0.165678  -0.179619  0.969684  -0.009524  0.013378  -0.013003  0.128022  1.093845  -0.395103  1.000000  
16.742548 0.002933  -0.013713  0.011497  0.566775  0.787592  0.241797  -0.807393  0.589386  -0.027236  -0.163962  -0.179789  0.969944  -0.009977  0.013314  -0.012548  0.129695  1.122685  -0.403520  1.000000  
16.743560 0.002920  -0.013699  0.011487  0.567578  0.787258  0.240998  -0.807122  0.589818  -0.025869  -0.162510  -0.179833  0.970181  -0.010424  0.013254  -0.012110  0.129612  1.153040  -0.423594  1.000000  
16.744801 0.002905  -0.013683  0.011475  0.568583  0.786816  0.240073  -0.806785  0.590355  -0.024063  -0.160662  -0.180006  0.970456  -0.010831  0.013198  -0.011703  0.136482  1.187826  -0.438064  1.000000  
16.745803 0.002892  -0.013670  0.011467  0.569216  0.786604  0.239264  -0.806626  0.590625  -0.022748  -0.159209  -0.180048  0.970688  -0.011183  0.013164  -0.011426  0.132891  1.211285  -0.440748  1.000000  
16.746804 0.002878  -0.013658  0.011456  0.570027  0.786284  0.238383  -0.806364  0.591036  -0.021278  -0.157624  -0.180095  0.970938  -0.011406  0.013133  -0.011415  0.134449  1.235694  -0.450124  1.000000  
16.748051 0.002861  -0.013642  0.011443  0.571051  0.785869  0.237299  -0.806051  0.591533  -0.019265  -0.155509  -0.180274  0.971246  -0.011673  0.013086  -0.011495  0.141057  1.275034  -0.463854  1.000000  
16.749300 0.002844  -0.013627  0.011427  0.571894  0.785563  0.236281  -0.805833  0.591887  -0.017407  -0.153526  -0.180448  0.971529  -0.011875  0.013113  -0.011682  0.145312  1.311771  -0.464122  1.000000  
16.750548 0.002828  -0.013610  0.011412  0.572912  0.785177  0.235094  -0.805510  0.592380  -0.015469  -0.151411  -0.180508  0.971850  -0.012053  0.013124  -0.011686  0.142501  1.344156  -0.473023  1.000000  
16.751548 0.002815  -0.013596  0.011399  0.573727  0.784843  0.234220  -0.805251  0.592773  -0.013827  -0.149691  -0.180674  0.972085  -0.012213  0.013168  -0.011690  0.147928  1.373201  -0.481600  1.000000  
16.752562 0.002802  -0.013582  0.011389  0.574552  0.784551  0.233174  -0.805005  0.593143  -0.012151  -0.147839  -0.180724  0.972359  -0.012399  0.013227  -0.011392  0.148176  1.410219  -0.482139  1.000000  
16.753797 0.002786  -0.013566  0.011378  0.575752  0.784043  0.231921  -0.804582  0.593759  -0.009887  -0.145456  -0.180907  0.972684  -0.012587  0.013139  -0.010872  0.154366  1.463579  -0.492077  1.000000  
16.754806 0.002773  -0.013553  0.011372  0.576560  0.783709  0.231038  -0.804312  0.594150  -0.008248  -0.143735  -0.181071  0.972910  -0.012820  0.013067  -0.010356  0.158528  1.490995  -0.493804  1.000000  
16.756050 0.002756  -0.013536  0.011364  0.577743  0.783215  0.229756  -0.803863  0.594783  -0.006166  -0.141484  -0.181130  0.973229  -0.013022  0.013065  -0.009917  0.160658  1.534828  -0.506856  1.000000  
16.757299 0.002739  -0.013519  0.011356  0.578778  0.782844  0.228411  -0.803557  0.595215  -0.003849  -0.138967  -0.181314  0.973557  -0.013158  0.013135  -0.009584  0.160154  1.573090  -0.507118  1.000000  
16.758300 0.002725  -0.013507  0.011347  0.579767  0.782416  0.227366  -0.803185  0.595726  -0.001957  -0.136979  -0.181482  0.973807  -0.013242  0.013055  -0.009467  0.164278  1.610902  -0.507804  1.000000  
16.759555 0.002708  -0.013491  0.011337  0.580961  0.781923  0.226012  -0.802748  0.596318  0.000402  -0.134461  -0.181664  0.974125  -0.013333  0.012972  -0.009391  0.169086  1.663743  -0.510974  1.000000  
16.760555 0.002695  -0.013480  0.011327  0.581955  0.781537  0.224787  -0.802381  0.596808  0.002323  -0.132339  -0.181716  0.974405  -0.013371  0.012877  -0.009490  0.169939  1.701592  -0.518031  1.000000  
16.761805 0.002677  -0.013467  0.011314  0.583317  0.780908  0.223438  -0.801825  0.597539  0.004901  -0.129686  -0.182017  0.974706  -0.013369  0.012731  -0.009426  0.178509  1.743942  -0.524122  1.000000  
16.763054 0.002660  -0.013453  0.011303  0.584684  0.780320  0.221911  -0.801275  0.598250  0.007508  -0.126899  -0.182201  0.975038  -0.013359  0.012640  -0.009238  0.183997  1.796381  -0.535405  1.000000  
16.764299 0.002643  -0.013439  0.011293  0.585882  0.779856  0.220378  -0.800836  0.598799  0.010066  -0.124112  -0.182384  0.975363  -0.013422  0.012540  -0.008918  0.187312  1.842285  -0.534180  1.000000  
16.765301 0.002629  -0.013426  0.011286  0.587026  0.779321  0.219225  -0.800324  0.599445  0.012095  -0.121987  -0.182551  0.975599  -0.013476  0.012460  -0.008551  0.191973  1.875633  -0.541931  1.000000  
16.766548 0.002612  -0.013413  0.011279  0.588370  0.778693  0.217849  -0.799738  0.600171  0.014660  -0.119331  -0.182847  0.975872  -0.013577  0.012192  -0.007937  0.199792  1.912256  -0.548536  1.000000  
16.767572 0.002597  -0.013402  0.011276  0.589517  0.778171  0.216607  -0.799227  0.600795  0.016788  -0.117072  -0.183015  0.976114  -0.013671  0.012000  -0.007501  0.204636  1.950178  -0.555444  1.000000  
16.768799 0.002578  -0.013390  0.011271  0.590871  0.777573  0.215062  -0.798650  0.601478  0.019557  -0.114149  -0.183315  0.976405  -0.013833  0.011664  -0.007102  0.212728  1.989707  -0.562830  1.000000  
16.770049 0.002560  -0.013378  0.011265  0.592383  0.776877  0.213410  -0.797942  0.602322  0.022292  -0.111224  -0.183495  0.976708  -0.013981  0.011402  -0.007038  0.216884  2.030900  -0.575239  1.000000  
16.771049 0.002545  -0.013369  0.011260  0.593527  0.776345  0.212166  -0.797422  0.602921  0.024589  -0.108830  -0.183780  0.976924  -0.014076  0.011170  -0.006975  0.225835  2.071338  -0.582679  1.000000  
16.772299 0.002525  -0.013357  0.011251  0.595201  0.775514  0.210509  -0.796586  0.603898  0.027537  -0.105770  -0.184079  0.977204  -0.014225  0.010780  -0.006953  0.232284  2.121997  -0.608064  1.000000  
16.773300 0.002510  -0.013350  0.011245  0.596343  0.775023  0.209079  -0.796063  0.604477  0.029859  -0.103242  -0.184246  0.977443  -0.014394  0.010443  -0.006830  0.235428  2.156971  -0.614332  1.000000  
16.774549 0.002488  -0.013340  0.011238  0.597842  0.774291  0.207504  -0.795329  0.605288  0.032829  -0.100181  -0.184660  0.977683  -0.014664  0.010073  -0.006588  0.243692  2.200072  -0.626732  1.000000  
16.775801 0.002466  -0.013332  0.011233  0.599334  0.773586  0.205825  -0.794586  0.606100  0.035720  -0.097118  -0.184954  0.977937  -0.015022  0.009693  -0.006083  0.252759  2.244580  -0.646147  1.000000  
16.776808 0.002447  -0.013325  0.011231  0.600446  0.773041  0.204626  -0.794019  0.606710  0.037895  -0.094854  -0.185232  0.978106  -0.015373  0.009373  -0.005532  0.257474  2.272895  -0.656306  1.000000  
16.778053 0.002423  -0.013318  0.011229  0.601927  0.772311  0.203025  -0.793258  0.607514  0.040852  -0.091790  -0.185641  0.978321  -0.015801  0.008994  -0.004928  0.270380  2.309424  -0.677536  1.000000  
16.779054 0.002404  -0.013311  0.011229  0.602882  0.771898  0.201758  -0.792821  0.607917  0.043262  -0.089259  -0.186040  0.978479  -0.016190  0.008617  -0.004331  0.277102  2.341818  -0.678187  1.000000  
16.780304 0.002378  -0.013304  0.011228  0.604188  0.771271  0.200244  -0.792166  0.608551  0.046242  -0.086193  -0.186565  0.978654  -0.016750  0.008099  -0.003842  0.292162  2.375389  -0.685614  1.000000  
16.781548 0.002353  -0.013298  0.011228  0.605657  0.770536  0.198631  -0.791386  0.609321  0.049364  -0.082993  -0.187091  0.978830  -0.017263  0.007663  -0.003442  0.302369  2.409577  -0.697360  1.000000  
16.782567 0.002332  -0.013293  0.011227  0.606761  0.770000  0.197335  -0.790802  0.609876  0.051805  -0.080460  -0.187486  0.978966  -0.017678  0.007284  -0.003224  0.314996  2.438731  -0.707778  1.000000  
16.783799 0.002304  -0.013288  0.011226  0.608048  0.769354  0.195889  -0.790119  0.610494  0.054848  -0.077392  -0.188126  0.979091  -0.018265  0.006833  -0.003002  0.329067  2.463603  -0.710170  1.000000  
16.784799 0.002282  -0.013285  0.011225  0.609148  0.768812  0.194594  -0.789529  0.611018  0.057461  -0.074724  -0.188639  0.979199  -0.018852  0.006327  -0.002735  0.338506  2.491765  -0.715819  1.000000  
16.786048 0.002253  -0.013281  0.011225  0.610434  0.768200  0.192972  -0.788843  0.611589  0.060703  -0.071388  -0.189280  0.979325  -0.019460  0.005864  -0.002326  0.356101  2.527917  -0.715346  1.000000  
16.787049 0.002229  -0.013278  0.011227  0.611366  0.767804  0.191595  -0.788370  0.611929  0.063373  -0.068585  -0.189792  0.979426  -0.020105  0.005370  -0.001686  0.368131  2.558142  -0.719198  1.000000  
16.788050 0.002204  -0.013276  0.011230  0.612445  0.767228  0.190454  -0.787749  0.612456  0.065947  -0.066048  -0.190419  0.979479  -0.020668  0.005023  -0.001045  0.382429  2.577344  -0.721925  1.000000  
16.789299 0.002171  -0.013274  0.011236  0.613712  0.766599  0.188902  -0.787036  0.613008  0.069251  -0.062710  -0.191173  0.979551  -0.021520  0.004504  -0.000100  0.400061  2.606053  -0.723043  1.000000  
16.790549 0.002138  -0.013271  0.011245  0.614971  0.765950  0.187433  -0.786311  0.613547  0.072626  -0.059372  -0.192044  0.979589  -0.022232  0.004140  0.000793  0.423091  2.626812  -0.722159  1.000000  
16.791806 0.002104  -0.013269  0.011254  0.616056  0.765437  0.185960  -0.785697  0.613952  0.075780  -0.056166  -0.192792  0.979631  -0.022839  0.003761  0.001548  0.437588  2.645613  -0.713465  1.000000  
16.792824 0.002077  -0.013267  0.011262  0.617117  0.764862  0.184802  -0.785051  0.614435  0.078518  -0.053494  -0.193534  0.979634  -0.023402  0.003465  0.002263  0.454760  2.657875  -0.709710  1.000000  
16.794050 0.002044  -0.013264  0.011271  0.618355  0.764244  0.183216  -0.784297  0.614969  0.081805  -0.050153  -0.194280  0.979663  -0.023974  0.003191  0.002788  0.469354  2.675594  -0.710164  1.000000  
16.795056 0.002017  -0.013261  0.011278  0.619243  0.763800  0.182063  -0.783762  0.615286  0.084498  -0.047481  -0.195019  0.979650  -0.024474  0.002912  0.003423  0.489150  2.695267  -0.701571  1.000000  
16.796305 0.001984  -0.013260  0.011288  0.620467  0.763165  0.180553  -0.782989  0.615800  0.087852  -0.044139  -0.195881  0.979634  -0.025007  0.002579  0.004081  0.505887  2.717680  -0.696102  1.000000  
16.797305 0.001956  -0.013258  0.011296  0.621512  0.762654  0.179113  -0.782321  0.616236  0.090707  -0.041198  -0.196499  0.979638  -0.025533  0.002343  0.004689  0.519477  2.742319  -0.691656  1.000000  
16.798307 0.001927  -0.013258  0.011306  0.622548  0.762107  0.177841  -0.781640  0.616678  0.093530  -0.038391  -0.197234  0.979604  -0.025869  0.002095  0.005391  0.536360  2.758028  -0.686722  1.000000  
16.799549 0.001892  -0.013257  0.011318  0.623747  0.761463  0.176389  -0.780834  0.617199  0.096768  -0.035182  -0.198089  0.979552  -0.026416  0.001886  0.006357  0.553148  2.767861  -0.683913  1.000000  
16.800799 0.001857  -0.013256  0.011334  0.625102  0.760691  0.174918  -0.779893  0.617838  0.100215  -0.031839  -0.199062  0.979470  -0.026851  0.001704  0.007372  0.573741  2.777177  -0.680788  1.000000  
16.802049 0.001820  -0.013255  0.011351  0.626452  0.759959  0.173263  -0.778944  0.618462  0.103683  -0.028362  -0.199915  0.979403  -0.027240  0.001543  0.008289  0.589718  2.789552  -0.670175  1.000000  
16.803299 0.001784  -0.013254  0.011368  0.627792  0.759210  0.171689  -0.777983  0.619068  0.107221  -0.024884  -0.200884  0.979299  -0.027599  0.001424  0.009164  0.610419  2.800099  -0.670761  1.000000  
16.804299 0.001755  -0.013253  0.011383  0.628794  0.758676  0.170378  -0.777259  0.619487  0.110023  -0.022075  -0.201610  0.979217  -0.027700  0.001383  0.009743  0.623350  2.812455  -0.663235  1.000000  
16.805549 0.001719  -0.013252  0.011399  0.630122  0.757985  0.168538  -0.776283  0.620018  0.113855  -0.018196  -0.202576  0.979098  -0.027926  0.001261  0.010331  0.643669  2.839530  -0.656574  1.000000  
16.806800 0.001684  -0.013250  0.011416  0.631437  0.757243  0.166943  -0.775290  0.620570  0.117553  -0.014584  -0.203656  0.978934  -0.028061  0.001257  0.010842  0.663972  2.863315  -0.654312  1.000000  
16.808056 0.001648  -0.013247  0.011434  0.632742  0.756508  0.165328  -0.774283  0.621150  0.121068  -0.011105  -0.204615  0.978779  -0.028193  0.001238  0.011416  0.680989  2.877128  -0.652775  1.000000  
16.809298 0.001612  -0.013246  0.011451  0.634198  0.755701  0.163428  -0.773137  0.621816  0.124914  -0.007225  -0.205572  0.978615  -0.028379  0.001176  0.011904  0.692758  2.905822  -0.656186  1.000000  
16.810308 0.001582  -0.013244  0.011467  0.635322  0.755032  0.162151  -0.772236  0.622313  0.127977  -0.004282  -0.206525  0.978432  -0.028584  0.001160  0.012521  0.710876  2.920959  -0.661288  1.000000  
16.811555 0.001544  -0.013242  0.011488  0.636757  0.754215  0.160311  -0.771064  0.622987  0.131709  -0.000535  -0.207477  0.978240  -0.028811  0.001170  0.013269  0.723379  2.941222  -0.662740  1.000000  
16.812561 0.001514  -0.013241  0.011505  0.637866  0.753607  0.158757  -0.770143  0.623446  0.134888  0.002676  -0.208306  0.978060  -0.029006  0.001173  0.013759  0.735413  2.965590  -0.667251  1.000000  
16.813805 0.001474  -0.013239  0.011528  0.639439  0.752650  0.156958  -0.768815  0.624245  0.138713  0.006422  -0.209370  0.977815  -0.029319  0.001221  0.014568  0.748994  2.991030  -0.676750  1.000000  
16.815047 0.001433  -0.013238  0.011550  0.640843  0.751789  0.155349  -0.767606  0.624886  0.142474  0.010035  -0.210550  0.977532  -0.029643  0.001237  0.015086  0.765665  3.004226  -0.686157  1.000000  
16.816056 0.001401  -0.013237  0.011568  0.641928  0.751137  0.154018  -0.766657  0.625392  0.145334  0.012844  -0.211373  0.977321  -0.029873  0.001264  0.015429  0.774480  3.010657  -0.696631  1.000000  
16.817298 0.001360  -0.013235  0.011589  0.643468  0.750192  0.152188  -0.765290  0.626128  0.149313  0.016724  -0.212546  0.977008  -0.030190  0.001318  0.015737  0.786896  3.030056  -0.711758  1.000000  
16.818298 0.001327  -0.013234  0.011605  0.644692  0.749435  0.150731  -0.764186  0.626715  0.152470  0.019801  -0.213482  0.976746  -0.030458  0.001335  0.015813  0.795676  3.050771  -0.719312  1.000000  
16.819299 0.001293  -0.013232  0.011621  0.645748  0.748848  0.149121  -0.763204  0.627140  0.155614  0.023011  -0.214297  0.976497  -0.030817  0.001401  0.015876  0.802201  3.069348  -0.723602  1.000000  
16.820549 0.001251  -0.013230  0.011640  0.647253  0.747952  0.147079  -0.761796  0.627851  0.159593  0.027024  -0.215341  0.976165  -0.031292  0.001460  0.016059  0.807763  3.098416  -0.740065  1.000000  
16.821551 0.001216  -0.013228  0.011658  0.648449  0.747206  0.145592  -0.760662  0.628420  0.162731  0.030100  -0.216269  0.975870  -0.031710  0.001505  0.016358  0.816616  3.121549  -0.754492  1.000000  
16.822799 0.001171  -0.013225  0.011679  0.650089  0.746153  0.143666  -0.759098  0.629271  0.166699  0.033978  -0.217426  0.975485  -0.032383  0.001472  0.016639  0.822391  3.144818  -0.771147  1.000000  
16.823801 0.001134  -0.013224  0.011698  0.651108  0.745562  0.142108  -0.758073  0.629652  0.169893  0.037187  -0.218347  0.975162  -0.032889  0.001465  0.016973  0.829965  3.162524  -0.771306  1.000000  
16.825050 0.001087  -0.013223  0.011722  0.652565  0.744668  0.140105  -0.756612  0.630311  0.173914  0.041198  -0.219495  0.974743  -0.033535  0.001404  0.017296  0.836904  3.190528  -0.790249  1.000000  
16.826302 0.001038  -0.013221  0.011748  0.653852  0.743891  0.138215  -0.755271  0.630787  0.177973  0.045209  -0.220757  0.974280  -0.034250  0.001396  0.017629  0.847693  3.215770  -0.795490  1.000000  
16.827305 0.000999  -0.013221  0.011768  0.654992  0.743203  0.136506  -0.754074  0.631278  0.181273  0.048550  -0.221668  0.973913  -0.034920  0.001383  0.017825  0.855129  3.232076  -0.803511  1.000000  
16.828311 0.000959  -0.013220  0.011787  0.655977  0.742594  0.135087  -0.753013  0.631633  0.184419  0.051623  -0.222697  0.973520  -0.035452  0.001384  0.017878  0.865394  3.245921  -0.809682  1.000000  
16.829557 0.000909  -0.013218  0.011810  0.657374  0.741743  0.132952  -0.751488  0.632192  0.188677  0.055899  -0.223944  0.972998  -0.036091  0.001362  0.017883  0.871854  3.284650  -0.811767  1.000000  
16.830805 0.000858  -0.013217  0.011833  0.658612  0.740989  0.131015  -0.750094  0.632633  0.192702  0.059906  -0.225189  0.972472  -0.036783  0.001360  0.017954  0.882601  3.309108  -0.810147  1.000000  
16.832057 0.000808  -0.013215  0.011856  0.659837  0.740242  0.129065  -0.748686  0.633065  0.196717  0.063912  -0.226430  0.971928  -0.037419  0.001343  0.018107  0.888890  3.330279  -0.815868  1.000000  
16.833301 0.000756  -0.013214  0.011880  0.661207  0.739350  0.127147  -0.747135  0.633663  0.200652  0.067784  -0.227669  0.971377  -0.038086  0.001313  0.018382  0.895553  3.348476  -0.822830  1.000000  
16.834549 0.000705  -0.013213  0.011905  0.662404  0.738585  0.125351  -0.745699  0.634026  0.204802  0.071788  -0.229136  0.970744  -0.038699  0.001218  0.018765  0.914140  3.360586  -0.823664  1.000000  
16.835799 0.000653  -0.013212  0.011933  0.663734  0.737732  0.123323  -0.744105  0.634533  0.208988  0.075925  -0.230478  0.970111  -0.039338  0.001161  0.019242  0.919669  3.376892  -0.829595  1.000000  
16.837049 0.000601  -0.013211  0.011961  0.664896  0.737017  0.121325  -0.742633  0.634877  0.213138  0.080060  -0.231814  0.969460  -0.039796  0.001067  0.019692  0.929864  3.401409  -0.827195  1.000000  
16.838051 0.000560  -0.013210  0.011983  0.665950  0.736302  0.119873  -0.741350  0.635297  0.216327  0.083127  -0.232931  0.968934  -0.040218  0.001026  0.019947  0.937703  3.409328  -0.830494  1.000000  
16.839301 0.000506  -0.013210  0.012011  0.667254  0.735427  0.117981  -0.739733  0.635821  0.220290  0.086993  -0.234264  0.968273  -0.040664  0.000901  0.020223  0.947883  3.417308  -0.831261  1.000000  
16.840548 0.000453  -0.013210  0.012039  0.668392  0.734675  0.116210  -0.738239  0.636156  0.224297  0.090858  -0.235709  0.967567  -0.040949  0.000859  0.020404  0.957890  3.417732  -0.827175  1.000000  
16.841549 0.000412  -0.013209  0.012060  0.669424  0.733968  0.114727  -0.736936  0.636603  0.227291  0.093789  -0.236700  0.967045  -0.041106  0.000818  0.020505  0.960917  3.419553  -0.830233  1.000000  
16.842553 0.000370  -0.013210  0.012082  0.670439  0.733272  0.113237  -0.735616  0.636994  0.230451  0.096852  -0.237803  0.966473  -0.041271  0.000736  0.020702  0.967813  3.417731  -0.834203  1.000000  
16.843569 0.000329  -0.013209  0.012104  0.671588  0.732471  0.111604  -0.734139  0.637505  0.233724  0.100048  -0.238899  0.965877  -0.041302  0.000691  0.020905  0.974149  3.425745  -0.833647  1.000000  
16.844804 0.000277  -0.013207  0.012133  0.672840  0.731590  0.109829  -0.732474  0.637979  0.237624  0.103774  -0.240330  0.965128  -0.041457  0.000675  0.021280  0.980371  3.433565  -0.834464  1.000000  
16.846052 0.000225  -0.013206  0.012164  0.674078  0.730716  0.108041  -0.730796  0.638442  0.241513  0.107500  -0.241755  0.964364  -0.041594  0.000682  0.021834  0.990373  3.442219  -0.836332  1.000000  
16.847053 0.000183  -0.013205  0.012189  0.675052  0.730040  0.106513  -0.729439  0.638802  0.244644  0.110559  -0.242842  0.963745  -0.041646  0.000645  0.022175  0.993719  3.441708  -0.831279  1.000000  
16.848056 0.000142  -0.013205  0.012215  0.676039  0.729325  0.105153  -0.728095  0.639204  0.247579  0.113351  -0.243934  0.963145  -0.041642  0.000650  0.022671  0.997076  3.433457  -0.829203  1.000000  
16.849301 0.000091  -0.013203  0.012248  0.677114  0.728555  0.103559  -0.726549  0.639538  0.251232  0.116807  -0.245354  0.962371  -0.041630  0.000678  0.023260  1.007505  3.417325  -0.828453  1.000000  
16.850548 0.000041  -0.013202  0.012281  0.678476  0.727516  0.101938  -0.724712  0.640131  0.254997  0.120261  -0.246885  0.961554  -0.041549  0.000716  0.023590  1.020742  3.403828  -0.834921  1.000000  
16.851548 -0.000000  -0.013201  0.012307  0.679434  0.726802  0.100638  -0.723345  0.640480  0.257988  0.123050  -0.248082  0.960892  -0.041454  0.000672  0.023845  1.028233  3.396305  -0.832796  1.000000  
16.852798 -0.000050  -0.013198  0.012340  0.680624  0.725919  0.098959  -0.721629  0.640935  0.261637  0.126501  -0.249488  0.960080  -0.041340  0.000801  0.024115  1.034931  3.382455  -0.824015  1.000000  
16.853799 -0.000091  -0.013197  0.012364  0.681713  0.725082  0.097587  -0.720106  0.641417  0.264635  0.129288  -0.250678  0.959398  -0.041219  0.000888  0.024274  1.041156  3.373670  -0.836218  1.000000  
16.854801 -0.000131  -0.013195  0.012389  0.682793  0.724250  0.096206  -0.718575  0.641893  0.267626  0.132074  -0.251864  0.958708  -0.041059  0.000986  0.024462  1.048972  3.361699  -0.841244  1.000000  
16.856055 -0.000182  -0.013193  0.012421  0.683975  0.723325  0.094759  -0.716857  0.642338  0.271141  0.135256  -0.253382  0.957864  -0.040953  0.001100  0.024818  1.054660  3.337992  -0.848688  1.000000  
16.857298 -0.000232  -0.013191  0.012452  0.685305  0.722262  0.093244  -0.715003  0.642979  0.274497  0.138304  -0.254784  0.957056  -0.040796  0.001237  0.025106  1.059330  3.308457  -0.859261  1.000000  
16.858304 -0.000273  -0.013189  0.012479  0.686236  0.721529  0.092069  -0.713617  0.643332  0.277262  0.140822  -0.255969  0.956373  -0.040824  0.001285  0.025340  1.062219  3.293815  -0.865775  1.000000  
16.859575 -0.000324  -0.013186  0.012512  0.687519  0.720512  0.090442  -0.711719  0.643873  0.280864  0.144133  -0.257469  0.955477  -0.040677  0.001451  0.025653  1.068001  3.261269  -0.873586  1.000000  
16.860803 -0.000375  -0.013182  0.012544  0.688817  0.719454  0.088981  -0.709838  0.644452  0.284273  0.147177  -0.258974  0.954605  -0.040670  0.001636  0.025812  1.072158  3.239985  -0.889531  1.000000  
