1-Time 2-Px 3-Py 4-Pz 5-R11 6-R21 7-R31 8-R12 9-R22 10-R32 11-R13 12-R23 13-R33 14-Vx 15-Vy 16-Vz 17-Wx 18-Wy 19-Wz 20-state
33.695682 0.047369  0.012111  0.036009  0.681310  0.650136  0.336364  -0.495215  0.070984  0.865866  0.539054  -0.756495  0.370319  0.000296  0.000019  -0.000723  0.000000  0.000000  0.000000  1.000000  
33.696891 0.047370  0.012110  0.036007  0.681193  0.650299  0.336284  -0.495130  0.070865  0.865924  0.539279  -0.756366  0.370255  0.000996  -0.001025  -0.002201  0.000000  0.000000  0.000000  1.000000  
33.697898 0.047353  0.012085  0.035985  0.681076  0.650463  0.336203  -0.495045  0.070746  0.865982  0.539505  -0.756236  0.370192  -0.007697  -0.012864  -0.012263  0.000000  0.000000  0.000000  1.000000  
33.698919 0.047323  0.012044  0.035948  0.680916  0.650559  0.336342  -0.495143  0.070552  0.865942  0.539617  -0.756171  0.370160  -0.014949  -0.022186  -0.020310  0.000000  0.000000  0.000000  1.000000  
33.700153 0.047289  0.012000  0.035904  0.680799  0.650723  0.336262  -0.495058  0.070433  0.866000  0.539842  -0.756041  0.370097  -0.018773  -0.026085  -0.024670  0.000000  0.000000  0.000000  1.000000  
33.701156 0.047273  0.011983  0.035884  0.680682  0.650846  0.336260  -0.494973  0.070209  0.866067  0.540068  -0.755957  0.369941  -0.018091  -0.024274  -0.023872  0.000000  0.000000  0.000000  1.000000  
33.702400 0.047261  0.011980  0.035873  0.680566  0.650928  0.336338  -0.494888  0.069880  0.866142  0.540293  -0.755916  0.369694  -0.016572  -0.020075  -0.020974  0.000000  0.000000  0.000000  1.000000  
33.703401 0.047250  0.011984  0.035863  0.680449  0.651051  0.336337  -0.494803  0.069656  0.866209  0.540518  -0.755831  0.369539  -0.015823  -0.016889  -0.019516  0.000000  0.000000  0.000000  1.000000  
33.704405 0.047229  0.011985  0.035848  0.680332  0.651133  0.336415  -0.494718  0.069327  0.866284  0.540743  -0.755791  0.369292  -0.016394  -0.014748  -0.018982  0.000000  0.000000  0.000000  1.000000  
33.705649 0.047193  0.011976  0.035821  0.680215  0.651255  0.336414  -0.494633  0.069103  0.866350  0.540968  -0.755706  0.369137  -0.017983  -0.013849  -0.019304  0.000000  0.000000  0.000000  1.000000  
33.706653 0.047163  0.011961  0.035798  0.680156  0.651337  0.336374  -0.494590  0.069044  0.866380  0.541081  -0.755641  0.369105  -0.019088  -0.013947  -0.019651  0.000000  0.000000  0.000000  1.000000  
33.707656 0.047137  0.011943  0.035776  0.680039  0.651501  0.336294  -0.494505  0.068925  0.866438  0.541306  -0.755511  0.369042  -0.019650  -0.014224  -0.019861  0.000000  0.000000  0.000000  1.000000  
33.708894 0.047109  0.011927  0.035748  0.679980  0.651542  0.336334  -0.494462  0.068760  0.866475  0.541418  -0.755490  0.368918  -0.019939  -0.014092  -0.020062  0.000000  0.000000  0.000000  1.000000  
33.709901 0.047086  0.011919  0.035723  0.679922  0.651623  0.336294  -0.494420  0.068701  0.866504  0.541531  -0.755425  0.368887  -0.020207  -0.013660  -0.020400  0.000000  0.000000  0.000000  1.000000  
33.711146 0.047044  0.011901  0.035683  0.679906  0.651773  0.336035  -0.494195  0.068716  0.866631  0.541756  -0.755295  0.368823  -0.022043  -0.014234  -0.022104  0.000000  0.000000  0.000000  1.000000  
33.712149 0.047002  0.011873  0.035643  0.679730  0.652018  0.335916  -0.494067  0.068538  0.866718  0.542093  -0.755099  0.368728  -0.024544  -0.015386  -0.024157  0.000000  0.000000  0.000000  1.000000  
33.713397 0.046943  0.011827  0.035589  0.679554  0.652304  0.335717  -0.493939  0.068465  0.866797  0.542430  -0.754859  0.368724  -0.026377  -0.015902  -0.025236  0.000000  0.000000  0.000000  1.000000  
33.714398 0.046898  0.011789  0.035552  0.679538  0.652453  0.335459  -0.493714  0.068480  0.866924  0.542655  -0.754729  0.368660  -0.027344  -0.015626  -0.025093  0.000000  0.000000  0.000000  1.000000  
33.715406 0.046856  0.011756  0.035524  0.679683  0.652507  0.335062  -0.493391  0.068690  0.867091  0.542767  -0.754663  0.368628  -0.028740  -0.015761  -0.024934  0.000000  0.000000  0.000000  1.000000  
33.716421 0.046816  0.011733  0.035505  0.679726  0.652534  0.334922  -0.493208  0.068659  0.867197  0.542880  -0.754643  0.368505  -0.030570  -0.016702  -0.025265  0.000000  0.000000  0.000000  1.000000  
33.717640 0.046769  0.011717  0.035480  0.679784  0.652411  0.335041  -0.493251  0.068614  0.867177  0.542767  -0.754753  0.368445  -0.033004  -0.017964  -0.026329  0.000000  0.000000  0.000000  1.000000  
33.718899 0.046725  0.011707  0.035442  0.679843  0.652289  0.335160  -0.493294  0.068568  0.867156  0.542655  -0.754863  0.368385  -0.034583  -0.018802  -0.027752  0.000000  0.000000  0.000000  1.000000  
33.720144 0.046682  0.011694  0.035390  0.679843  0.652208  0.335319  -0.493294  0.068357  0.867173  0.542655  -0.754952  0.368202  -0.035200  -0.019321  -0.029583  0.000000  0.000000  0.000000  1.000000  
33.721405 0.046641  0.011671  0.035330  0.679945  0.652153  0.335219  -0.493154  0.068386  0.867250  0.542655  -0.754997  0.368111  -0.035423  -0.019655  -0.031734  0.000000  0.000000  0.000000  1.000000  
33.722639 0.046597  0.011640  0.035270  0.680089  0.652206  0.334822  -0.492831  0.068596  0.867417  0.542767  -0.754931  0.368079  -0.036045  -0.020246  -0.033765  0.000000  0.000000  0.000000  1.000000  
33.723639 0.046561  0.011614  0.035224  0.680089  0.652166  0.334901  -0.492831  0.068490  0.867425  0.542767  -0.754976  0.367987  -0.036954  -0.021092  -0.035395  0.000000  0.000000  0.000000  1.000000  
33.724878 0.046510  0.011581  0.035170  0.680046  0.652057  0.335199  -0.493014  0.068310  0.867336  0.542655  -0.755086  0.367927  -0.038416  -0.022560  -0.036947  0.000000  0.000000  0.000000  1.000000  
33.726155 0.046457  0.011550  0.035117  0.680003  0.651990  0.335417  -0.493196  0.068235  0.867238  0.542543  -0.755151  0.367959  -0.039060  -0.023368  -0.037628  0.000000  0.000000  0.000000  1.000000  
33.727382 0.046405  0.011518  0.035067  0.679902  0.651963  0.335675  -0.493336  0.067996  0.867177  0.542543  -0.755196  0.367868  -0.039098  -0.023147  -0.037757  0.000000  0.000000  0.000000  1.000000  
33.728398 0.046364  0.011494  0.035031  0.679902  0.652004  0.335596  -0.493336  0.068101  0.867169  0.542543  -0.755151  0.367959  -0.038616  -0.022166  -0.037184  0.000000  0.000000  0.000000  1.000000  
33.729656 0.046312  0.011466  0.034992  0.679902  0.652004  0.335596  -0.493336  0.068101  0.867169  0.542543  -0.755151  0.367959  -0.038473  -0.020823  -0.037109  0.000000  0.000000  0.000000  1.000000  
33.730900 0.046259  0.011439  0.034954  0.679800  0.652058  0.335695  -0.493476  0.068072  0.867091  0.542543  -0.755107  0.368051  -0.038478  -0.020298  -0.037333  0.000000  0.000000  0.000000  1.000000  
33.731910 0.046217  0.011421  0.034918  0.679757  0.651991  0.335914  -0.493659  0.067997  0.866993  0.542430  -0.755172  0.368083  -0.038662  -0.020387  -0.038848  0.000000  0.000000  0.000000  1.000000  
33.733134 0.046170  0.011408  0.034861  0.679613  0.651937  0.336310  -0.493981  0.067788  0.866826  0.542318  -0.755237  0.368114  -0.038812  -0.020576  -0.040572  0.000000  0.000000  0.000000  1.000000  
33.734144 0.046136  0.011403  0.034808  0.679468  0.651883  0.336707  -0.494304  0.067579  0.866658  0.542205  -0.755302  0.368146  -0.038699  -0.020306  -0.041592  0.000000  0.000000  0.000000  1.000000  
33.735166 0.046103  0.011399  0.034755  0.679425  0.651815  0.336925  -0.494486  0.067504  0.866560  0.542093  -0.755368  0.368178  -0.038636  -0.019699  -0.042159  0.000000  0.000000  0.000000  1.000000  
33.736416 0.046057  0.011389  0.034693  0.679339  0.651720  0.337283  -0.494852  0.067460  0.866355  0.541868  -0.755453  0.368333  -0.039081  -0.018555  -0.042196  0.000000  0.000000  0.000000  1.000000  
33.737626 0.045998  0.011370  0.034639  0.679135  0.651748  0.337639  -0.495131  0.067192  0.866216  0.541868  -0.755453  0.368333  -0.039988  -0.018039  -0.042084  0.000000  0.000000  0.000000  1.000000  
33.738663 0.045946  0.011349  0.034598  0.679091  0.651680  0.337858  -0.495314  0.067117  0.866118  0.541756  -0.755518  0.368365  -0.040885  -0.017470  -0.041599  0.000000  0.000000  0.000000  1.000000  
33.739899 0.045879  0.011321  0.034544  0.678946  0.651626  0.338254  -0.495636  0.066908  0.865949  0.541643  -0.755584  0.368397  -0.042040  -0.017200  -0.041664  0.000000  0.000000  0.000000  1.000000  
33.741137 0.045816  0.011297  0.034482  0.678757  0.651504  0.338868  -0.496141  0.066625  0.865682  0.541418  -0.755714  0.368460  -0.042799  -0.016829  -0.042407  0.000000  0.000000  0.000000  1.000000  
33.742397 0.045758  0.011280  0.034413  0.678567  0.651382  0.339482  -0.496645  0.066342  0.865414  0.541193  -0.755844  0.368524  -0.043096  -0.015753  -0.043646  0.000000  0.000000  0.000000  1.000000  
33.743626 0.045702  0.011265  0.034341  0.678377  0.651218  0.340175  -0.497150  0.065955  0.865154  0.540968  -0.756019  0.368495  -0.043502  -0.014903  -0.045491  0.000000  0.000000  0.000000  1.000000  
33.744900 0.045644  0.011250  0.034267  0.678186  0.651055  0.340868  -0.497655  0.065567  0.864894  0.540743  -0.756194  0.368467  -0.043887  -0.013991  -0.047973  0.121948  -0.160111  -0.011487  1.000000  
33.746126 0.045586  0.011235  0.034189  0.678142  0.650987  0.341086  -0.497837  0.065493  0.864794  0.540631  -0.756259  0.368499  -0.044259  -0.013251  -0.050577  0.125007  -0.173956  -0.014426  1.000000  
33.747393 0.045530  0.011222  0.034106  0.678142  0.650987  0.341086  -0.497837  0.065493  0.864794  0.540631  -0.756259  0.368499  -0.044502  -0.012817  -0.052689  0.124706  -0.177240  -0.007896  1.000000  
33.748395 0.045485  0.011213  0.034039  0.678098  0.650918  0.341304  -0.498019  0.065419  0.864695  0.540518  -0.756324  0.368530  -0.045201  -0.012929  -0.053963  0.125268  -0.183776  -0.005410  1.000000  
33.749636 0.045429  0.011206  0.033960  0.678054  0.650892  0.341443  -0.498202  0.065450  0.864587  0.540405  -0.756344  0.368654  -0.046308  -0.013149  -0.054845  0.119967  -0.189580  -0.006849  1.000000  
33.750922 0.045366  0.011194  0.033887  0.678126  0.650619  0.341819  -0.498470  0.065391  0.864437  0.540068  -0.756584  0.368657  -0.047434  -0.013425  -0.055386  0.124118  -0.207171  -0.013938  1.000000  
33.752141 0.045296  0.011173  0.033817  0.678301  0.650374  0.341938  -0.498598  0.065571  0.864350  0.539730  -0.756778  0.368752  -0.048553  -0.013728  -0.056506  0.128024  -0.220606  -0.027575  1.000000  
33.753395 0.045221  0.011143  0.033741  0.678578  0.650158  0.341800  -0.498587  0.065989  0.864324  0.539392  -0.756928  0.368939  -0.049234  -0.014089  -0.057833  0.119793  -0.226468  -0.039681  1.000000  
33.754646 0.045146  0.011112  0.033657  0.678899  0.649967  0.341524  -0.498393  0.066377  0.864407  0.539166  -0.757058  0.369002  -0.049681  -0.014128  -0.060120  0.104408  -0.212673  -0.051353  1.000000  
33.755878 0.045076  0.011086  0.033565  0.679279  0.649736  0.341209  -0.498241  0.066929  0.864451  0.538828  -0.757208  0.369189  -0.050182  -0.014446  -0.061992  0.089209  -0.201266  -0.067159  1.000000  
33.757153 0.045011  0.011067  0.033469  0.679600  0.649545  0.340933  -0.498047  0.067316  0.864533  0.538603  -0.757337  0.369252  -0.050643  -0.014442  -0.063961  0.000000  0.000000  0.000000  1.000000  
33.758379 0.044948  0.011054  0.033372  0.679980  0.649230  0.340775  -0.497894  0.067659  0.864594  0.538265  -0.757576  0.369255  -0.051073  -0.014316  -0.065704  0.000000  0.000000  0.000000  1.000000  
33.759395 0.044897  0.011044  0.033294  0.680256  0.648930  0.340795  -0.497882  0.067867  0.864585  0.537926  -0.757815  0.369257  -0.051407  -0.014188  -0.066973  0.000000  0.000000  0.000000  1.000000  
33.760646 0.044832  0.011027  0.033198  0.680591  0.648547  0.340855  -0.497912  0.068135  0.864547  0.537475  -0.758119  0.369291  -0.051919  -0.014316  -0.068291  0.000000  0.000000  0.000000  1.000000  
33.761884 0.044764  0.011004  0.033103  0.680926  0.648164  0.340916  -0.497941  0.068403  0.864509  0.537024  -0.758422  0.369325  -0.052610  -0.014906  -0.069077  0.071454  -0.177013  -0.152104  1.000000  
33.762902 0.044708  0.010983  0.033028  0.681247  0.647972  0.340639  -0.497746  0.068790  0.864591  0.536798  -0.758551  0.369388  -0.053439  -0.015725  -0.069663  0.057002  -0.159275  -0.167389  1.000000  
33.763909 0.044651  0.010962  0.032954  0.681465  0.647753  0.340620  -0.497690  0.068938  0.864611  0.536572  -0.758725  0.369359  -0.054273  -0.016667  -0.070237  0.049875  -0.145543  -0.179096  1.000000  
33.765147 0.044577  0.010937  0.032863  0.681844  0.647478  0.340384  -0.497537  0.069384  0.864664  0.536233  -0.758919  0.369453  -0.055272  -0.017753  -0.071320  0.038396  -0.132817  -0.193428  1.000000  
33.766154 0.044516  0.010915  0.032789  0.682062  0.647300  0.340285  -0.497481  0.069637  0.864675  0.536008  -0.759048  0.369516  -0.055791  -0.018297  -0.072243  0.035013  -0.124321  -0.202385  1.000000  
33.767158 0.044454  0.010891  0.032712  0.682236  0.647054  0.340405  -0.497607  0.069817  0.864588  0.535669  -0.759241  0.369610  -0.055986  -0.018638  -0.073757  0.027846  -0.118833  -0.217290  1.000000  
33.768400 0.044377  0.010858  0.032611  0.682468  0.646725  0.340565  -0.497776  0.070056  0.864471  0.535217  -0.759499  0.369736  -0.056190  -0.018886  -0.075495  0.020395  -0.114296  -0.234602  1.000000  
33.769629 0.044299  0.010823  0.032507  0.682757  0.646356  0.340687  -0.497987  0.070461  0.864317  0.534651  -0.759776  0.369985  -0.056563  -0.019304  -0.076739  0.008787  -0.110729  -0.253655  1.000000  
33.770641 0.044237  0.010798  0.032426  0.682930  0.646151  0.340728  -0.498114  0.070745  0.864221  0.534312  -0.759924  0.370171  -0.056853  -0.019464  -0.077149  -0.002637  -0.104269  -0.266788  1.000000  
33.771650 0.044175  0.010777  0.032349  0.683103  0.645946  0.340770  -0.498240  0.071030  0.864125  0.533973  -0.760072  0.370357  -0.057467  -0.019738  -0.077236  -0.014166  -0.096592  -0.278056  1.000000  
33.772875 0.044099  0.010761  0.032261  0.683334  0.645700  0.340774  -0.498408  0.071479  0.863991  0.533520  -0.760239  0.370666  -0.058345  -0.019885  -0.076631  -0.037234  -0.084131  -0.291469  1.000000  
33.773881 0.044039  0.010751  0.032193  0.683565  0.645412  0.340856  -0.498576  0.071824  0.863865  0.533067  -0.760450  0.370884  -0.058935  -0.019886  -0.075960  -0.052783  -0.073084  -0.309859  1.000000  
33.774894 0.043980  0.010741  0.032126  0.683635  0.645222  0.341075  -0.498843  0.071976  0.863698  0.532728  -0.760597  0.371070  -0.059461  -0.019809  -0.075379  -0.064070  -0.071133  -0.317687  1.000000  
33.776125 0.043902  0.010720  0.032038  0.683820  0.644908  0.341297  -0.499194  0.072352  0.863464  0.532162  -0.760827  0.371410  -0.060236  -0.019884  -0.074786  -0.072115  -0.078961  -0.333663  1.000000  
33.777152 0.043837  0.010698  0.031964  0.683901  0.644568  0.341775  -0.499685  0.072492  0.863168  0.531595  -0.761102  0.371659  -0.060942  -0.020108  -0.074793  -0.069332  -0.099961  -0.351454  1.000000  
33.778380 0.043752  0.010664  0.031868  0.684040  0.644229  0.342137  -0.500219  0.072901  0.862825  0.530915  -0.761350  0.372123  -0.061868  -0.020544  -0.074912  -0.077232  -0.114241  -0.366277  1.000000  
33.779640 0.043668  0.010630  0.031769  0.684178  0.643849  0.342577  -0.500752  0.073206  0.862490  0.530234  -0.761642  0.372495  -0.062666  -0.021132  -0.075387  -0.078196  -0.128359  -0.382822  1.000000  
33.780649 0.043601  0.010605  0.031691  0.684200  0.643634  0.342937  -0.501201  0.073391  0.862213  0.529781  -0.761807  0.372804  -0.062990  -0.021430  -0.075670  -0.086762  -0.137661  -0.388589  1.000000  
33.781885 0.043521  0.010576  0.031594  0.684233  0.643269  0.343555  -0.501875  0.073565  0.861806  0.529100  -0.762098  0.373176  -0.063305  -0.021457  -0.075936  -0.083066  -0.159974  -0.393605  1.000000  
33.782902 0.043457  0.010555  0.031517  0.684151  0.643069  0.344092  -0.502465  0.073618  0.861458  0.528645  -0.762262  0.373485  -0.063349  -0.021110  -0.075701  -0.072954  -0.184177  -0.390191  1.000000  
33.784142 0.043377  0.010528  0.031422  0.684239  0.642664  0.344672  -0.503181  0.073957  0.861011  0.527850  -0.762570  0.373981  -0.063548  -0.020596  -0.075110  -0.066773  -0.218567  -0.393743  1.000000  
33.785145 0.043312  0.010505  0.031347  0.684316  0.642409  0.344994  -0.503672  0.074308  0.860693  0.527282  -0.762751  0.374414  -0.063858  -0.020275  -0.074612  -0.063346  -0.240369  -0.398843  1.000000  
33.786228 0.043247  0.010484  0.031276  0.684346  0.642046  0.345612  -0.504345  0.074483  0.860284  0.526599  -0.763039  0.374785  -0.063553  -0.020092  -0.073603  -0.053499  -0.276037  -0.404528  1.000000  
33.787399 0.043168  0.010461  0.031190  0.684383  0.641618  0.346332  -0.505243  0.074857  0.859724  0.525689  -0.763363  0.375404  -0.064018  -0.020471  -0.073678  -0.055182  -0.312356  -0.413313  1.000000  
33.788651 0.043092  0.010441  0.031102  0.684467  0.641257  0.346835  -0.505958  0.075303  0.859265  0.524892  -0.763622  0.375992  -0.064186  -0.020824  -0.073889  -0.053589  -0.347082  -0.415548  1.000000  
33.789889 0.043015  0.010420  0.031008  0.684605  0.640815  0.347378  -0.506715  0.075810  0.858774  0.523981  -0.763943  0.376610  -0.064347  -0.021352  -0.074501  -0.058942  -0.375430  -0.422259  1.000000  
33.790891 0.042950  0.010400  0.030931  0.684734  0.640522  0.347664  -0.507247  0.076328  0.858414  0.523297  -0.764137  0.377167  -0.064503  -0.021734  -0.074968  -0.068300  -0.396933  -0.426286  1.000000  
33.791911 0.042883  0.010376  0.030853  0.684967  0.640214  0.347773  -0.507638  0.076977  0.858125  0.522613  -0.764330  0.377724  -0.064680  -0.021805  -0.075246  -0.078400  -0.420321  -0.430229  1.000000  
33.793127 0.042796  0.010342  0.030755  0.685158  0.639733  0.348281  -0.508435  0.077651  0.857592  0.521586  -0.764665  0.378466  -0.064851  -0.021828  -0.075424  -0.083579  -0.449696  -0.440190  1.000000  
33.794152 0.042726  0.010314  0.030678  0.685446  0.639343  0.348432  -0.508867  0.078362  0.857271  0.520786  -0.764918  0.379054  -0.064810  -0.021793  -0.075164  -0.093764  -0.479075  -0.455913  1.000000  
33.795378 0.042640  0.010280  0.030585  0.685634  0.638906  0.348863  -0.509664  0.079141  0.856726  0.519758  -0.765203  0.379889  -0.065178  -0.022019  -0.075123  -0.103042  -0.510681  -0.470226  1.000000  
33.796626 0.042556  0.010251  0.030490  0.685926  0.638411  0.349196  -0.510320  0.079947  0.856261  0.518729  -0.765533  0.380631  -0.065444  -0.022076  -0.075001  -0.112592  -0.538380  -0.486238  1.000000  
33.797631 0.042490  0.010231  0.030416  0.686161  0.637956  0.349566  -0.510933  0.080589  0.855834  0.517813  -0.765845  0.381250  -0.065630  -0.021979  -0.074737  -0.121699  -0.556714  -0.496672  1.000000  
33.798643 0.042424  0.010212  0.030341  0.686500  0.637484  0.349760  -0.511405  0.081363  0.855479  0.516897  -0.766155  0.381868  -0.065715  -0.021791  -0.074502  -0.131451  -0.574509  -0.513800  1.000000  
33.799881 0.042340  0.010186  0.030245  0.686732  0.637115  0.349976  -0.512018  0.082213  0.855031  0.515981  -0.766372  0.382673  -0.065965  -0.021711  -0.074806  -0.147725  -0.588786  -0.520427  1.000000  
33.801132 0.042257  0.010159  0.030147  0.687124  0.636647  0.350059  -0.512531  0.083255  0.854623  0.514949  -0.766648  0.383508  -0.066438  -0.021799  -0.075766  -0.161913  -0.609394  -0.542016  1.000000  
33.802132 0.042190  0.010135  0.030065  0.687354  0.636194  0.350431  -0.513143  0.083899  0.854193  0.514031  -0.766954  0.384127  -0.066346  -0.022053  -0.076280  -0.167069  -0.630031  -0.556545  1.000000  
33.803380 0.042106  0.010105  0.029960  0.687803  0.635497  0.350814  -0.513920  0.084996  0.853617  0.512653  -0.767411  0.385054  -0.066801  -0.022682  -0.077397  -0.179154  -0.651888  -0.578682  1.000000  
33.804380 0.042037  0.010079  0.029873  0.688191  0.634987  0.350977  -0.514430  0.085936  0.853215  0.511619  -0.767729  0.385797  -0.067359  -0.023440  -0.078306  -0.191949  -0.669157  -0.599578  1.000000  
33.805628 0.041947  0.010045  0.029765  0.688636  0.634333  0.351286  -0.515205  0.087137  0.852626  0.510239  -0.768133  0.386817  -0.068011  -0.024058  -0.079052  -0.214372  -0.687375  -0.628369  1.000000  
33.806630 0.041872  0.010017  0.029682  0.688970  0.633802  0.351590  -0.515897  0.088112  0.852107  0.509087  -0.768460  0.387683  -0.068627  -0.024386  -0.079555  -0.225551  -0.701471  -0.648300  1.000000  
33.807880 0.041779  0.009982  0.029584  0.689463  0.633213  0.351685  -0.516488  0.089383  0.851617  0.507820  -0.768799  0.388673  -0.068953  -0.024414  -0.079408  -0.251650  -0.710086  -0.671459  1.000000  
33.809128 0.041683  0.009948  0.029489  0.689954  0.632625  0.351781  -0.517077  0.090655  0.851124  0.506552  -0.769134  0.389663  -0.069645  -0.024405  -0.079393  -0.273768  -0.711629  -0.692174  1.000000  
33.810378 0.041589  0.009917  0.029393  0.690497  0.631997  0.351844  -0.517707  0.092091  0.850587  0.505167  -0.769480  0.390777  -0.070106  -0.024251  -0.079424  -0.305497  -0.713617  -0.720753  1.000000  
33.811378 0.041513  0.009893  0.029314  0.690824  0.631510  0.352076  -0.518396  0.093171  0.850050  0.504012  -0.769750  0.391737  -0.070725  -0.024310  -0.079733  -0.326181  -0.726509  -0.744622  1.000000  
33.812380 0.041439  0.009871  0.029232  0.691256  0.631004  0.352135  -0.518943  0.094381  0.849583  0.502855  -0.770017  0.392696  -0.071271  -0.024417  -0.080276  -0.350394  -0.732070  -0.767008  1.000000  
33.813381 0.041364  0.009850  0.029151  0.691633  0.630436  0.352412  -0.519671  0.095523  0.849009  0.501583  -0.770341  0.393686  -0.071804  -0.024473  -0.080631  -0.373201  -0.742887  -0.794878  1.000000  
33.814397 0.041291  0.009828  0.029068  0.692115  0.629849  0.352515  -0.520257  0.096795  0.848507  0.500309  -0.770663  0.394676  -0.072188  -0.024622  -0.081013  -0.397044  -0.743161  -0.819908  1.000000  
33.815632 0.041198  0.009800  0.028968  0.692596  0.629245  0.352651  -0.521064  0.098370  0.847830  0.498802  -0.770957  0.396008  -0.072892  -0.024682  -0.081276  -0.430000  -0.748584  -0.847069  1.000000  
33.816879 0.041104  0.009770  0.028867  0.692966  0.628620  0.353039  -0.522013  0.099714  0.847089  0.497294  -0.771294  0.397246  -0.073566  -0.024767  -0.081270  -0.458222  -0.758970  -0.872701  1.000000  
33.817883 0.041027  0.009746  0.028787  0.693281  0.628136  0.353279  -0.522698  0.100795  0.846538  0.496133  -0.771547  0.398205  -0.074316  -0.024781  -0.080951  -0.478307  -0.762328  -0.890776  1.000000  
33.819127 0.040929  0.009713  0.028687  0.693646  0.627556  0.353593  -0.523646  0.102242  0.845779  0.494622  -0.771829  0.399537  -0.075009  -0.024853  -0.080510  -0.499789  -0.776684  -0.908431  1.000000  
33.820128 0.040851  0.009687  0.028609  0.694010  0.627035  0.353803  -0.524369  0.103489  0.845178  0.493342  -0.772086  0.400621  -0.075515  -0.024742  -0.079819  -0.515683  -0.786656  -0.926595  1.000000  
33.821131 0.040774  0.009662  0.028533  0.694265  0.626536  0.354187  -0.525236  0.104607  0.844503  0.492061  -0.772340  0.401704  -0.075792  -0.024549  -0.079332  -0.533207  -0.801193  -0.946754  1.000000  
33.822378 0.040679  0.009631  0.028440  0.694670  0.625735  0.354810  -0.526442  0.106114  0.843563  0.490196  -0.772785  0.403127  -0.075833  -0.024285  -0.078853  -0.547041  -0.829247  -0.972579  1.000000  
33.823628 0.040584  0.009600  0.028345  0.694966  0.625143  0.355272  -0.527568  0.107599  0.842671  0.488563  -0.773058  0.404583  -0.075797  -0.023992  -0.078810  -0.560616  -0.853164  -0.983042  1.000000  
33.824877 0.040491  0.009570  0.028248  0.695311  0.624514  0.355704  -0.528733  0.109249  0.841728  0.486811  -0.773335  0.406163  -0.075683  -0.023894  -0.078961  -0.585629  -0.869333  -0.998569  1.000000  
33.825878 0.040418  0.009549  0.028168  0.695553  0.624108  0.355943  -0.529596  0.110573  0.841013  0.485525  -0.773475  0.407434  -0.075492  -0.023622  -0.079023  -0.603639  -0.889080  -1.015032  1.000000  
33.826880 0.040347  0.009531  0.028088  0.695787  0.623604  0.356367  -0.530680  0.111996  0.840140  0.484003  -0.773676  0.408860  -0.075218  -0.023387  -0.078927  -0.625634  -0.911074  -1.028544  1.000000  
33.827880 0.040276  0.009514  0.028010  0.696025  0.623244  0.356533  -0.531541  0.113423  0.839404  0.482715  -0.773758  0.410225  -0.075043  -0.023144  -0.078673  -0.651585  -0.924367  -1.037574  1.000000  
33.829130 0.040187  0.009492  0.027916  0.696194  0.622773  0.357026  -0.532806  0.114985  0.838389  0.481073  -0.773907  0.411869  -0.074910  -0.022814  -0.078313  -0.665086  -0.953216  -1.044341  1.000000  
33.830131 0.040116  0.009474  0.027845  0.696418  0.622276  0.357455  -0.533887  0.116409  0.837504  0.479548  -0.774094  0.413294  -0.074673  -0.022544  -0.077516  -0.688813  -0.981484  -1.062543  1.000000  
33.831136 0.040043  0.009454  0.027774  0.696588  0.621907  0.357767  -0.534929  0.117871  0.836635  0.478138  -0.774169  0.414784  -0.074525  -0.022284  -0.076821  -0.707199  -1.008710  -1.072584  1.000000  
33.832387 0.039950  0.009426  0.027688  0.696686  0.621473  0.358330  -0.536373  0.119572  0.835468  0.476375  -0.774257  0.416645  -0.074243  -0.022013  -0.075820  -0.727455  -1.045406  -1.073223  1.000000  
33.833631 0.039858  0.009399  0.027602  0.696989  0.620811  0.358886  -0.537750  0.121425  0.834314  0.474374  -0.774500  0.418474  -0.073933  -0.021772  -0.074952  -0.750897  -1.075990  -1.087719  1.000000  
33.834633 0.039786  0.009379  0.027533  0.697248  0.620286  0.359291  -0.538867  0.123015  0.833361  0.472724  -0.774669  0.420023  -0.073490  -0.021284  -0.074271  -0.773259  -1.096368  -1.096663  1.000000  
33.835882 0.039698  0.009357  0.027447  0.697492  0.619799  0.359658  -0.540202  0.125008  0.832198  0.470836  -0.774740  0.422009  -0.073076  -0.020823  -0.073712  -0.800512  -1.122545  -1.102274  1.000000  
33.837137 0.039612  0.009336  0.027360  0.697779  0.619235  0.360072  -0.541575  0.127064  0.830994  0.468828  -0.774857  0.424025  -0.072287  -0.020011  -0.073198  -0.827878  -1.153028  -1.115827  1.000000  
33.838381 0.039526  0.009314  0.027269  0.697838  0.618771  0.360756  -0.543234  0.128966  0.829617  0.466818  -0.774913  0.426135  -0.071719  -0.019379  -0.072954  -0.843157  -1.199521  -1.117031  1.000000  
33.839632 0.039441  0.009293  0.027178  0.698051  0.618204  0.361316  -0.544786  0.131058  0.828271  0.464687  -0.775015  0.428274  -0.071148  -0.018766  -0.072492  -0.870370  -1.241467  -1.128500  1.000000  
33.840878 0.039357  0.009274  0.027089  0.698095  0.617795  0.361929  -0.546441  0.133060  0.826860  0.462671  -0.775000  0.430477  -0.070732  -0.018350  -0.071763  -0.892243  -1.286574  -1.129166  1.000000  
33.841878 0.039290  0.009260  0.027019  0.698213  0.617405  0.362366  -0.547693  0.134723  0.825761  0.461010  -0.775023  0.432214  -0.070442  -0.018066  -0.071266  -0.911772  -1.310904  -1.130604  1.000000  
33.842880 0.039223  0.009247  0.026953  0.698165  0.617128  0.362930  -0.549050  0.136195  0.824618  0.459466  -0.774986  0.433921  -0.070195  -0.017776  -0.070499  -0.924651  -1.345970  -1.126298  1.000000  
33.843880 0.039155  0.009234  0.026887  0.698161  0.616818  0.363465  -0.550444  0.137830  0.823416  0.457801  -0.774945  0.435751  -0.070065  -0.017532  -0.069850  -0.945700  -1.374514  -1.121315  1.000000  
33.845130 0.039067  0.009215  0.026805  0.698344  0.616318  0.363961  -0.551988  0.140021  0.822012  0.455659  -0.774949  0.437983  -0.069889  -0.017266  -0.069328  -0.965822  -1.402771  -1.128802  1.000000  
33.846381 0.038979  0.009194  0.026720  0.698406  0.615898  0.364554  -0.553674  0.142184  0.820505  0.453514  -0.774889  0.440309  -0.069690  -0.016974  -0.069092  -0.991539  -1.442807  -1.131500  1.000000  
33.847381 0.038908  0.009175  0.026651  0.698546  0.615491  0.364971  -0.554958  0.144009  0.819319  0.451724  -0.774876  0.442168  -0.069540  -0.016760  -0.069167  -1.011502  -1.479463  -1.141331  1.000000  
33.848384 0.038837  0.009158  0.026581  0.698568  0.615117  0.365559  -0.556384  0.145706  0.818050  0.449932  -0.774855  0.444027  -0.069227  -0.016318  -0.069172  -1.032196  -1.511441  -1.142995  1.000000  
33.849638 0.038751  0.009138  0.026494  0.698819  0.614609  0.365934  -0.557996  0.148321  0.816481  0.447541  -0.774762  0.446599  -0.068984  -0.016044  -0.069262  -1.071993  -1.539897  -1.161214  1.000000  
33.850882 0.038665  0.009121  0.026408  0.698831  0.614170  0.366648  -0.559893  0.150682  0.814748  0.445146  -0.774655  0.449170  -0.068827  -0.015643  -0.069281  -1.101518  -1.576312  -1.169433  1.000000  
33.852133 0.038581  0.009107  0.026322  0.699065  0.613675  0.367030  -0.561500  0.153294  0.813154  0.442749  -0.774535  0.451741  -0.068761  -0.015274  -0.069170  -1.142942  -1.605517  -1.173333  1.000000  
33.853133 0.038512  0.009095  0.026256  0.699132  0.613460  0.367262  -0.562738  0.155247  0.811926  0.441068  -0.774316  0.453755  -0.068716  -0.014884  -0.068705  -1.170490  -1.625253  -1.176290  1.000000  
33.854384 0.038426  0.009080  0.026173  0.699144  0.613215  0.367648  -0.564410  0.157698  0.810292  0.438906  -0.774015  0.456358  -0.068793  -0.014468  -0.068173  -1.198407  -1.649316  -1.174680  1.000000  
33.855632 0.038340  0.009064  0.026091  0.699195  0.612851  0.368157  -0.566118  0.160113  0.808625  0.436620  -0.773807  0.458896  -0.068938  -0.014258  -0.067642  -1.232548  -1.681513  -1.182157  1.000000  
33.856880 0.038254  0.009048  0.026012  0.699355  0.612505  0.368429  -0.567679  0.162751  0.807003  0.434331  -0.773530  0.461527  -0.069129  -0.014155  -0.067174  -1.264132  -1.697116  -1.186775  1.000000  
33.857882 0.038184  0.009033  0.025947  0.699373  0.612093  0.369079  -0.569128  0.164506  0.805625  0.432402  -0.773485  0.463410  -0.069263  -0.014255  -0.067060  -1.276491  -1.726604  -1.194177  1.000000  
33.859130 0.038096  0.009016  0.025864  0.699401  0.611839  0.369448  -0.570828  0.167111  0.803884  0.430109  -0.773128  0.466132  -0.069457  -0.014278  -0.067164  -1.306995  -1.749318  -1.202430  1.000000  
33.860132 0.038025  0.009001  0.025795  0.699524  0.611627  0.369565  -0.572129  0.169477  0.802462  0.428175  -0.772781  0.468483  -0.069493  -0.014264  -0.067320  -1.344230  -1.767136  -1.208204  1.000000  
33.861382 0.037936  0.008981  0.025706  0.699701  0.611315  0.369748  -0.573717  0.172365  0.800711  0.425755  -0.772389  0.471325  -0.069458  -0.014076  -0.067604  -1.388014  -1.783160  -1.223835  1.000000  
33.862386 0.037865  0.008966  0.025635  0.699606  0.611353  0.369863  -0.575087  0.174565  0.799251  0.424059  -0.771864  0.473708  -0.069487  -0.013964  -0.067735  -1.412432  -1.797477  -1.219566  1.000000  
33.863632 0.037778  0.008947  0.025548  0.699769  0.611098  0.369977  -0.576670  0.177543  0.797452  0.421634  -0.771387  0.476641  -0.069871  -0.013817  -0.068094  -1.459237  -1.816539  -1.224355  1.000000  
33.864647 0.037709  0.008934  0.025479  0.699750  0.610943  0.370268  -0.578108  0.179772  0.795911  0.419692  -0.770993  0.478986  -0.069385  -0.013549  -0.067559  -1.482686  -1.834039  -1.221108  1.000000  
33.865878 0.037622  0.008920  0.025396  0.699941  0.610621  0.370438  -0.579721  0.182808  0.794043  0.417140  -0.770534  0.481945  -0.069606  -0.013417  -0.067456  -1.520149  -1.852532  -1.231884  1.000000  
33.866883 0.037552  0.008907  0.025329  0.699995  0.610365  0.370759  -0.581226  0.185259  0.792374  0.414950  -0.770152  0.484440  -0.069728  -0.013504  -0.067317  -1.552566  -1.879524  -1.238210  1.000000  
33.867888 0.037483  0.008896  0.025263  0.700120  0.610154  0.370869  -0.582548  0.187767  0.790811  0.412880  -0.769711  0.486903  -0.069749  -0.013489  -0.067260  -1.586721  -1.889210  -1.245045  1.000000  
33.869130 0.037397  0.008881  0.025182  0.700005  0.610099  0.371175  -0.584406  0.190667  0.788743  0.410441  -0.769042  0.490014  -0.069818  -0.013493  -0.067211  -1.622640  -1.902224  -1.246468  1.000000  
33.870387 0.037310  0.008865  0.025100  0.700044  0.609935  0.371372  -0.586152  0.193753  0.786693  0.407877  -0.768400  0.493151  -0.069799  -0.013479  -0.067177  -1.665801  -1.919163  -1.257190  1.000000  
33.871628 0.037222  0.008848  0.025017  0.699952  0.609820  0.371734  -0.588039  0.196708  0.784548  0.405310  -0.767740  0.496285  -0.069901  -0.013513  -0.067361  -1.698444  -1.939929  -1.259060  1.000000  
33.872880 0.037133  0.008829  0.024933  0.699851  0.609715  0.372098  -0.589923  0.199658  0.782386  0.402740  -0.767062  0.499416  -0.070015  -0.013590  -0.067596  -1.734433  -1.958970  -1.265194  1.000000  
33.873882 0.037062  0.008814  0.024865  0.699657  0.609788  0.372342  -0.591486  0.202018  0.780598  0.400779  -0.766385  0.502025  -0.070069  -0.013698  -0.067744  -1.767269  -1.976911  -1.266157  1.000000  
33.875132 0.036974  0.008795  0.024782  0.699578  0.609759  0.372538  -0.593398  0.205307  0.778285  0.398081  -0.765535  0.505458  -0.070079  -0.013640  -0.067481  -1.815976  -1.996466  -1.271805  1.000000  
33.876382 0.036885  0.008777  0.024700  0.699530  0.609661  0.372789  -0.595341  0.208656  0.775907  0.395256  -0.764707  0.508917  -0.070031  -0.013572  -0.066963  -1.857946  -2.021653  -1.273967  1.000000  
33.877632 0.036797  0.008759  0.024621  0.699430  0.609698  0.372916  -0.597245  0.212024  0.773527  0.392550  -0.763750  0.512435  -0.070012  -0.013439  -0.066345  -1.904257  -2.036797  -1.277347  1.000000  
33.878882 0.036709  0.008743  0.024544  0.699236  0.609576  0.373479  -0.599323  0.215045  0.771082  0.389718  -0.763003  0.515700  -0.070240  -0.013445  -0.065813  -1.934771  -2.066727  -1.275928  1.000000  
33.880148 0.036620  0.008727  0.024466  0.699070  0.609434  0.374021  -0.601431  0.218219  0.768545  0.386759  -0.762215  0.519082  -0.070174  -0.013445  -0.065247  -1.969744  -2.088520  -1.278266  1.000000  
33.881150 0.036549  0.008714  0.024404  0.698905  0.609495  0.374229  -0.603045  0.220865  0.766522  0.384537  -0.761403  0.521916  -0.070310  -0.013547  -0.064937  -1.999002  -2.108124  -1.273175  1.000000  
33.882379 0.036462  0.008696  0.024323  0.698515  0.609712  0.374604  -0.605221  0.224045  0.763879  0.381818  -0.760299  0.525509  -0.070437  -0.013730  -0.064889  -2.035527  -2.134499  -1.269365  1.000000  
33.883389 0.036392  0.008682  0.024259  0.698372  0.609759  0.374793  -0.606861  0.226838  0.761750  0.379467  -0.759433  0.528457  -0.070475  -0.013862  -0.064727  -2.070512  -2.160737  -1.272510  1.000000  
33.884393 0.036321  0.008666  0.024194  0.698097  0.609862  0.375138  -0.608643  0.229500  0.759529  0.377114  -0.758550  0.531401  -0.070595  -0.014104  -0.064659  -2.098695  -2.196433  -1.275311  1.000000  
33.885634 0.036230  0.008644  0.024114  0.697787  0.609886  0.375675  -0.610906  0.232855  0.756685  0.374014  -0.757508  0.535066  -0.070828  -0.014541  -0.064623  -2.138990  -2.230453  -1.276197  1.000000  
33.886648 0.036157  0.008625  0.024051  0.697492  0.609964  0.376095  -0.612680  0.235411  0.754457  0.371655  -0.756654  0.537910  -0.070927  -0.014822  -0.064217  -2.160811  -2.259488  -1.273831  1.000000  
33.887911 0.036065  0.008602  0.023973  0.697121  0.610136  0.376505  -0.614901  0.238773  0.751588  0.368672  -0.755461  0.541627  -0.071077  -0.015143  -0.063809  -2.207842  -2.289507  -1.269667  1.000000  
33.888916 0.035990  0.008583  0.023912  0.696971  0.610156  0.376751  -0.616556  0.241598  0.749325  0.366183  -0.754546  0.544582  -0.071267  -0.015346  -0.063289  -2.240204  -2.311332  -1.277961  1.000000  
33.889957 0.035917  0.008565  0.023853  0.696521  0.610315  0.377326  -0.618463  0.244008  0.746970  0.363816  -0.753642  0.547413  -0.071283  -0.015512  -0.062618  -2.249484  -2.341379  -1.266457  1.000000  
33.891129 0.035824  0.008542  0.023782  0.696115  0.610525  0.377735  -0.620670  0.247342  0.744037  0.360823  -0.752383  0.551113  -0.071981  -0.015919  -0.062250  -2.282941  -2.379210  -1.263163  1.000000  
33.892401 0.035731  0.008518  0.023711  0.695695  0.610750  0.378143  -0.622871  0.250666  0.741079  0.357827  -0.751100  0.554806  -0.072215  -0.016330  -0.061614  -2.306820  -2.419046  -1.262748  1.000000  
33.893628 0.035636  0.008493  0.023641  0.695239  0.610911  0.378722  -0.625305  0.254233  0.737807  0.354451  -0.749769  0.558758  -0.072721  -0.016864  -0.061240  -2.337931  -2.465525  -1.263688  1.000000  
33.894661 0.035560  0.008472  0.023582  0.694875  0.611204  0.378918  -0.627051  0.257003  0.735361  0.352073  -0.748585  0.561841  -0.072945  -0.017436  -0.060860  -2.368929  -2.492482  -1.257257  1.000000  
33.895886 0.035465  0.008448  0.023509  0.694452  0.611444  0.379306  -0.629268  0.260448  0.732249  0.348940  -0.747197  0.565631  -0.073506  -0.017944  -0.060755  -2.399800  -2.530395  -1.247998  1.000000  
33.897127 0.035369  0.008422  0.023435  0.693980  0.611820  0.379563  -0.631447  0.263902  0.729130  0.345929  -0.745675  0.569475  -0.074100  -0.018539  -0.060370  -2.430764  -2.552051  -1.236189  1.000000  
33.898135 0.035291  0.008401  0.023377  0.693552  0.612174  0.379774  -0.633149  0.266487  0.726710  0.343668  -0.744464  0.572420  -0.074600  -0.019020  -0.059899  -2.451556  -2.575584  -1.222205  1.000000  
33.899149 0.035211  0.008377  0.023319  0.693248  0.612528  0.379760  -0.634705  0.269278  0.724320  0.341405  -0.743168  0.575450  -0.075216  -0.019571  -0.059311  -2.479499  -2.586829  -1.213140  1.000000  
33.900380 0.035110  0.008347  0.023249  0.692743  0.612942  0.380012  -0.636869  0.272696  0.721134  0.338385  -0.741579  0.579272  -0.075967  -0.020128  -0.058661  -2.506963  -2.614339  -1.208676  1.000000  
33.901402 0.035028  0.008321  0.023192  0.692356  0.613226  0.380259  -0.638621  0.275474  0.718524  0.335866  -0.740316  0.582345  -0.076497  -0.020609  -0.058228  -2.533363  -2.636220  -1.204160  1.000000  
33.902656 0.034925  0.008289  0.023122  0.691960  0.613610  0.380361  -0.640632  0.278993  0.715369  0.332840  -0.738678  0.586150  -0.077254  -0.021236  -0.057708  -2.567520  -2.655044  -1.200321  1.000000  
33.903880 0.034822  0.008257  0.023051  0.691418  0.614020  0.380683  -0.642780  0.282284  0.712144  0.329810  -0.737085  0.589856  -0.078073  -0.021805  -0.057558  -2.589423  -2.677408  -1.199136  1.000000  
33.904888 0.034740  0.008232  0.022993  0.691102  0.614352  0.380722  -0.644345  0.285089  0.709608  0.327409  -0.735728  0.592881  -0.078836  -0.022336  -0.057605  -2.608872  -2.691486  -1.191349  1.000000  
33.906146 0.034635  0.008199  0.022921  0.690640  0.614893  0.380688  -0.646310  0.288586  0.706400  0.324500  -0.733911  0.596720  -0.079347  -0.022921  -0.057409  -2.634600  -2.702095  -1.175365  1.000000  
33.907377 0.034530  0.008165  0.022847  0.690134  0.615565  0.380518  -0.648240  0.292085  0.703187  0.321714  -0.731960  0.600611  -0.080172  -0.023543  -0.057707  -2.661770  -2.707805  -1.161997  1.000000  
33.908403 0.034446  0.008139  0.022788  0.689864  0.615962  0.380366  -0.649592  0.294763  0.700818  0.319559  -0.730552  0.603470  -0.080501  -0.023933  -0.057733  -2.682624  -2.706870  -1.146724  1.000000  
33.909635 0.034340  0.008106  0.022714  0.689474  0.616456  0.380273  -0.651370  0.298105  0.697746  0.316769  -0.728776  0.607077  -0.081480  -0.024489  -0.057956  -2.709184  -2.705554  -1.135008  1.000000  
33.910642 0.034255  0.008078  0.022656  0.689086  0.616952  0.380172  -0.652886  0.300871  0.695138  0.314484  -0.727219  0.610125  -0.082044  -0.025061  -0.057796  -2.735806  -2.711418  -1.127001  1.000000  
33.911906 0.034146  0.008044  0.022585  0.688648  0.617583  0.379941  -0.654626  0.304204  0.692044  0.311815  -0.725294  0.613776  -0.082737  -0.025607  -0.057496  -2.759218  -2.699410  -1.115079  1.000000  
33.913161 0.034036  0.008008  0.022514  0.688065  0.618243  0.379924  -0.656503  0.307310  0.688886  0.309144  -0.723420  0.617328  -0.083696  -0.026228  -0.057481  -2.767451  -2.699528  -1.095948  1.000000  
