1-Time 2-Px 3-Py 4-Pz 5-R11 6-R21 7-R31 8-R12 9-R22 10-R32 11-R13 12-R23 13-R33 14-Vx 15-Vy 16-Vz 17-Wx 18-Wy 19-Wz 20-state
98.197572 0.026444  -0.025663  -0.000571  0.788740  0.396880  -0.469442  -0.590858  0.700187  -0.400781  0.169635  0.593485  0.786765  -0.001192  -0.000920  0.000763  -0.211482  -0.097939  0.132060  1.000000  
98.198577 0.026443  -0.025666  -0.000569  0.788740  0.396880  -0.469442  -0.590858  0.700187  -0.400781  0.169635  0.593485  0.786765  -0.001781  -0.003847  0.002318  0.000000  0.000000  0.000000  1.000000  
98.199851 0.026435  -0.025666  -0.000566  0.788618  0.397024  -0.469524  -0.591020  0.700105  -0.400684  0.169635  0.593485  0.786765  -0.004625  -0.001051  0.002381  0.000000  0.000000  0.000000  1.000000  
98.201059 0.026422  -0.025662  -0.000564  0.788636  0.397031  -0.469488  -0.591034  0.700009  -0.400832  0.169503  0.593594  0.786711  -0.006827  0.000413  0.002186  0.000000  0.000000  0.000000  1.000000  
98.202073 0.026414  -0.025660  -0.000562  0.788636  0.397031  -0.469488  -0.591034  0.700009  -0.400832  0.169503  0.593594  0.786711  -0.007111  0.000773  0.002084  0.000000  0.000000  0.000000  1.000000  
98.203081 0.026405  -0.025659  -0.000556  0.788515  0.397232  -0.469523  -0.591196  0.699976  -0.400651  0.169503  0.593499  0.786783  -0.007465  0.000754  0.002844  0.000000  0.000000  0.000000  1.000000  
98.204311 0.026392  -0.025656  -0.000548  0.788533  0.397295  -0.469438  -0.591210  0.699928  -0.400714  0.169371  0.593513  0.786801  -0.008016  0.001138  0.003447  0.000000  0.000000  0.000000  1.000000  
98.205409 0.026377  -0.025651  -0.000543  0.788411  0.397496  -0.469473  -0.591372  0.699895  -0.400532  0.169371  0.593417  0.786873  -0.008828  0.001590  0.003642  0.000000  0.000000  0.000000  1.000000  
98.206597 0.026355  -0.025644  -0.000540  0.788289  0.397640  -0.469555  -0.591535  0.699813  -0.400436  0.169371  0.593417  0.786873  -0.010198  0.002193  0.003510  0.000000  0.000000  0.000000  1.000000  
98.207829 0.026333  -0.025635  -0.000534  0.788271  0.397634  -0.469591  -0.591521  0.699909  -0.400287  0.169503  0.593308  0.786927  -0.011150  0.002805  0.003651  0.000000  0.000000  0.000000  1.000000  
98.208832 0.026317  -0.025627  -0.000528  0.788271  0.397691  -0.469543  -0.591521  0.699958  -0.400203  0.169503  0.593213  0.786999  -0.011557  0.003330  0.003834  0.000000  0.000000  0.000000  1.000000  
98.210133 0.026298  -0.025615  -0.000520  0.788131  0.397771  -0.469709  -0.591670  0.699924  -0.400043  0.169635  0.593199  0.786981  -0.011866  0.003939  0.004099  0.000000  0.000000  0.000000  1.000000  
98.211327 0.026277  -0.025603  -0.000514  0.788009  0.397915  -0.469792  -0.591832  0.699842  -0.399946  0.169635  0.593199  0.786981  -0.012410  0.004437  0.004191  0.000000  0.000000  0.000000  1.000000  
98.212578 0.026252  -0.025591  -0.000510  0.788009  0.397915  -0.469792  -0.591832  0.699842  -0.399946  0.169635  0.593199  0.786981  -0.013017  0.004902  0.004078  0.000000  0.000000  0.000000  1.000000  
98.213828 0.026226  -0.025576  -0.000506  0.788009  0.397915  -0.469792  -0.591832  0.699842  -0.399946  0.169635  0.593199  0.786981  -0.014378  0.006072  0.004168  0.000000  0.000000  0.000000  1.000000  
98.215079 0.026203  -0.025559  -0.000501  0.788028  0.397979  -0.469708  -0.591845  0.699794  -0.400009  0.169503  0.593213  0.786999  -0.015386  0.007121  0.004407  0.000000  0.000000  0.000000  1.000000  
98.216335 0.026181  -0.025541  -0.000496  0.788028  0.397979  -0.469708  -0.591845  0.699794  -0.400009  0.169503  0.593213  0.786999  -0.016007  0.008130  0.004490  0.000000  0.000000  0.000000  1.000000  
98.217389 0.026163  -0.025527  -0.000493  0.788028  0.397979  -0.469708  -0.591845  0.699794  -0.400009  0.169503  0.593213  0.786999  -0.016648  0.009027  0.004450  0.000000  0.000000  0.000000  1.000000  
98.218587 0.026138  -0.025509  -0.000489  0.788149  0.397892  -0.469577  -0.591683  0.699924  -0.400021  0.169503  0.593117  0.787071  -0.017501  0.010018  0.004279  0.000000  0.000000  0.000000  1.000000  
98.219828 0.026112  -0.025489  -0.000484  0.788253  0.397684  -0.469579  -0.591507  0.700054  -0.400054  0.169635  0.593103  0.787053  -0.018258  0.011113  0.004052  0.000000  0.000000  0.000000  1.000000  
98.221064 0.026085  -0.025470  -0.000481  0.788375  0.397597  -0.469448  -0.591345  0.700184  -0.400066  0.169635  0.593008  0.787125  -0.018605  0.011810  0.004015  0.000000  0.000000  0.000000  1.000000  
98.222313 0.026060  -0.025448  -0.000476  0.788497  0.397453  -0.469366  -0.591183  0.700266  -0.400163  0.169635  0.593008  0.787125  -0.018804  0.012726  0.004012  0.000000  0.000000  0.000000  1.000000  
98.223317 0.026041  -0.025428  -0.000471  0.788758  0.397285  -0.469069  -0.590872  0.700431  -0.400334  0.169503  0.592926  0.787215  -0.018894  0.013537  0.004004  0.000000  0.000000  0.000000  1.000000  
98.224587 0.026017  -0.025401  -0.000465  0.788880  0.397198  -0.468938  -0.590709  0.700561  -0.400346  0.169503  0.592831  0.787287  -0.019241  0.014606  0.003887  0.000000  0.000000  0.000000  1.000000  
98.225815 0.025991  -0.025376  -0.000462  0.789123  0.396909  -0.468773  -0.590384  0.700725  -0.400539  0.169503  0.592831  0.787287  -0.019693  0.015508  0.003710  0.000000  0.000000  0.000000  1.000000  
98.226842 0.025968  -0.025356  -0.000460  0.789366  0.396677  -0.468560  -0.590059  0.700937  -0.400647  0.169503  0.592735  0.787359  -0.019958  0.016221  0.003557  0.000000  0.000000  0.000000  1.000000  
98.228067 0.025939  -0.025333  -0.000459  0.789748  0.396308  -0.468228  -0.589585  0.701134  -0.400999  0.169371  0.592749  0.787377  -0.020165  0.016863  0.003301  0.000000  0.000000  0.000000  1.000000  
98.229330 0.025913  -0.025307  -0.000458  0.789991  0.396076  -0.468015  -0.589260  0.701346  -0.401107  0.169371  0.592653  0.787449  -0.020278  0.017574  0.003028  0.000000  0.000000  0.000000  1.000000  
98.230564 0.025887  -0.025279  -0.000456  0.790234  0.395787  -0.467850  -0.588935  0.701509  -0.401299  0.169371  0.592653  0.787449  -0.020488  0.018204  0.002835  0.000000  0.000000  0.000000  1.000000  
98.231582 0.025866  -0.025257  -0.000455  0.790476  0.395555  -0.467636  -0.588609  0.701720  -0.401407  0.169371  0.592558  0.787521  -0.020709  0.018755  0.002671  0.000000  0.000000  0.000000  1.000000  
98.232814 0.025836  -0.025234  -0.000456  0.790700  0.395259  -0.467508  -0.588270  0.701979  -0.401451  0.169503  0.592449  0.787574  -0.021172  0.019067  0.002374  0.000000  0.000000  0.000000  1.000000  
98.233824 0.025812  -0.025215  -0.000457  0.790821  0.395115  -0.467425  -0.588108  0.702061  -0.401548  0.169503  0.592449  0.787574  -0.021426  0.019433  0.002064  0.000000  0.000000  0.000000  1.000000  
98.234846 0.025788  -0.025194  -0.000459  0.791045  0.394819  -0.467296  -0.587768  0.702319  -0.401592  0.169635  0.592339  0.787628  -0.021626  0.019825  0.001652  0.000000  0.000000  0.000000  1.000000  
98.235847 0.025764  -0.025173  -0.000459  0.791287  0.394529  -0.467131  -0.587443  0.702482  -0.401784  0.169635  0.592339  0.787628  -0.021699  0.020098  0.001446  0.000000  0.000000  0.000000  1.000000  
98.237076 0.025734  -0.025145  -0.000461  0.791390  0.394378  -0.467085  -0.587266  0.702659  -0.401733  0.169767  0.592230  0.787682  -0.022037  0.020526  0.001011  0.014344  -0.095902  -0.149813  1.000000  
98.238327 0.025704  -0.025117  -0.000463  0.791511  0.394290  -0.466955  -0.587103  0.702789  -0.401743  0.169767  0.592135  0.787754  -0.022464  0.020691  0.000432  0.013156  -0.103562  -0.152543  1.000000  
98.239559 0.025674  -0.025090  -0.000466  0.791631  0.394202  -0.466824  -0.586940  0.702919  -0.401754  0.169767  0.592039  0.787825  -0.022944  0.020803  -0.000028  0.015952  -0.106933  -0.156940  1.000000  
98.240573 0.025648  -0.025067  -0.000468  0.791734  0.394050  -0.466778  -0.586764  0.703096  -0.401702  0.169899  0.591930  0.787879  -0.023233  0.020902  -0.000455  0.017615  -0.114885  -0.167503  1.000000  
98.241827 0.025614  -0.025040  -0.000473  0.791836  0.393898  -0.466732  -0.586587  0.703273  -0.401650  0.170031  0.591821  0.787933  -0.023653  0.021130  -0.000883  0.019475  -0.120437  -0.182506  1.000000  
98.242843 0.025586  -0.025018  -0.000476  0.791818  0.393891  -0.466769  -0.586574  0.703368  -0.401502  0.170163  0.591711  0.787986  -0.023940  0.021314  -0.001156  0.023522  -0.116754  -0.185095  1.000000  
98.244075 0.025552  -0.024989  -0.000477  0.791782  0.393821  -0.466891  -0.586546  0.703511  -0.401292  0.170426  0.591589  0.788021  -0.024510  0.021539  -0.001300  0.027362  -0.108737  -0.189078  1.000000  
98.245088 0.025524  -0.024966  -0.000480  0.791866  0.393662  -0.466882  -0.586356  0.703784  -0.401091  0.170690  0.591370  0.788128  -0.024923  0.021548  -0.001525  0.034546  -0.102907  -0.204178  1.000000  
98.246312 0.025491  -0.024936  -0.000482  0.791847  0.393712  -0.466872  -0.586343  0.703928  -0.400858  0.170822  0.591165  0.788254  -0.025330  0.021825  -0.001814  0.042358  -0.098526  -0.205306  1.000000  
98.247324 0.025463  -0.024912  -0.000485  0.791829  0.393705  -0.466909  -0.586329  0.704024  -0.400710  0.170954  0.591056  0.788307  -0.025733  0.022102  -0.001988  0.046460  -0.095089  -0.208308  1.000000  
98.248329 0.025434  -0.024887  -0.000490  0.791792  0.393691  -0.466983  -0.586302  0.704215  -0.400413  0.171217  0.590837  0.788414  -0.026057  0.022441  -0.002214  0.051986  -0.084369  -0.209615  1.000000  
98.249573 0.025398  -0.024857  -0.000495  0.791774  0.393741  -0.466972  -0.586288  0.704359  -0.400180  0.171349  0.590632  0.788539  -0.026445  0.022915  -0.002428  0.061291  -0.080241  -0.204160  1.000000  
98.250585 0.025370  -0.024833  -0.000498  0.791857  0.393582  -0.466964  -0.586098  0.704632  -0.399979  0.171613  0.590413  0.788645  -0.026762  0.023107  -0.002598  0.065294  -0.072955  -0.209423  1.000000  
98.251809 0.025336  -0.024802  -0.000503  0.791839  0.393688  -0.466905  -0.586084  0.704824  -0.399660  0.171745  0.590112  0.788842  -0.026993  0.023288  -0.002838  0.078124  -0.064763  -0.205208  1.000000  
98.252815 0.025309  -0.024777  -0.000508  0.791923  0.393529  -0.466897  -0.585894  0.705096  -0.399460  0.172008  0.589893  0.788948  -0.027162  0.023467  -0.003067  0.082871  -0.054485  -0.215107  1.000000  
98.254077 0.025276  -0.024744  -0.000516  0.792006  0.393427  -0.466842  -0.585703  0.705416  -0.399174  0.172272  0.589579  0.789126  -0.027387  0.023781  -0.003464  0.095392  -0.042751  -0.213095  1.000000  
98.255082 0.025249  -0.024718  -0.000520  0.791969  0.393470  -0.466868  -0.585676  0.705655  -0.398791  0.172535  0.589264  0.789303  -0.027456  0.024073  -0.003552  0.105458  -0.031752  -0.214733  1.000000  
98.256314 0.025216  -0.024686  -0.000526  0.792154  0.393159  -0.466816  -0.585309  0.706103  -0.398538  0.172931  0.588935  0.789462  -0.027460  0.024364  -0.003639  0.116709  -0.020749  -0.221045  1.000000  
98.257568 0.025182  -0.024656  -0.000531  0.792238  0.393057  -0.466761  -0.585118  0.706422  -0.398252  0.173194  0.588620  0.789639  -0.027401  0.024595  -0.003736  0.127213  -0.001878  -0.218383  1.000000  
98.258593 0.025156  -0.024631  -0.000533  0.792302  0.392892  -0.466791  -0.584914  0.706788  -0.397903  0.173590  0.588291  0.789797  -0.027245  0.024662  -0.003818  0.141513  0.013032  -0.222593  1.000000  
98.259810 0.025125  -0.024597  -0.000537  0.792487  0.392637  -0.466691  -0.584546  0.707283  -0.397563  0.173985  0.587866  0.790027  -0.027117  0.024948  -0.003900  0.152548  0.023720  -0.228928  1.000000  
98.260820 0.025100  -0.024569  -0.000541  0.792690  0.392389  -0.466555  -0.584192  0.707683  -0.397373  0.174248  0.587551  0.790203  -0.026902  0.025326  -0.004058  0.160585  0.030918  -0.234222  1.000000  
98.261836 0.025076  -0.024539  -0.000544  0.792874  0.392077  -0.466504  -0.583824  0.708129  -0.397119  0.174644  0.587222  0.790361  -0.026690  0.025687  -0.004060  0.172849  0.037929  -0.249585  1.000000  
98.263072 0.025045  -0.024503  -0.000549  0.793058  0.391879  -0.466359  -0.583456  0.708670  -0.396693  0.175039  0.586700  0.790660  -0.026365  0.026074  -0.004011  0.187654  0.044881  -0.252990  1.000000  
98.264311 0.025014  -0.024468  -0.000551  0.793481  0.391331  -0.466098  -0.582761  0.709325  -0.396545  0.175434  0.586275  0.790889  -0.026118  0.026336  -0.003863  0.197469  0.047615  -0.271932  1.000000  
98.265423 0.024989  -0.024439  -0.000552  0.793664  0.391076  -0.466001  -0.582393  0.709817  -0.396205  0.175829  0.585849  0.791116  -0.025654  0.026493  -0.003704  0.214487  0.055067  -0.278399  1.000000  
98.266588 0.024959  -0.024402  -0.000553  0.793967  0.390787  -0.465728  -0.581860  0.710486  -0.395788  0.176224  0.585231  0.791486  -0.025549  0.027029  -0.003347  0.234224  0.058483  -0.289997  1.000000  
98.267807 0.024928  -0.024364  -0.000555  0.794370  0.390288  -0.465460  -0.581151  0.711280  -0.395404  0.176751  0.584599  0.791835  -0.025455  0.027561  -0.003103  0.249224  0.060404  -0.314912  1.000000  
98.268814 0.024902  -0.024333  -0.000555  0.794652  0.389821  -0.465368  -0.580604  0.711898  -0.395096  0.177278  0.584158  0.792043  -0.025329  0.027850  -0.002704  0.261676  0.062665  -0.341695  1.000000  
98.270059 0.024870  -0.024295  -0.000554  0.794933  0.389524  -0.465136  -0.580057  0.712658  -0.394528  0.177805  0.583429  0.792462  -0.025343  0.028216  -0.002225  0.283376  0.065485  -0.360361  1.000000  
98.271085 0.024844  -0.024265  -0.000553  0.795215  0.389114  -0.464999  -0.579510  0.713321  -0.394133  0.178331  0.582892  0.792739  -0.025141  0.028533  -0.001825  0.299447  0.072449  -0.384844  1.000000  
98.272345 0.024810  -0.024227  -0.000551  0.795476  0.388753  -0.464855  -0.578948  0.714125  -0.393502  0.178989  0.582148  0.793137  -0.025168  0.028985  -0.001364  0.319043  0.074813  -0.400857  1.000000  
98.273693 0.024776  -0.024188  -0.000550  0.795836  0.388181  -0.464716  -0.578208  0.715054  -0.392904  0.179779  0.581389  0.793515  -0.025136  0.029362  -0.001070  0.335753  0.073591  -0.435017  1.000000  
98.274837 0.024743  -0.024148  -0.000549  0.796095  0.387876  -0.464527  -0.577646  0.715903  -0.392184  0.180437  0.580548  0.793981  -0.025485  0.029958  -0.000760  0.358754  0.076846  -0.455373  1.000000  
98.276067 0.024708  -0.024105  -0.000546  0.796433  0.387296  -0.464430  -0.576891  0.716921  -0.391435  0.181358  0.579677  0.794407  -0.025798  0.030365  -0.000291  0.379126  0.081924  -0.489232  1.000000  
98.277085 0.024679  -0.024072  -0.000544  0.796691  0.386934  -0.464291  -0.576328  0.717719  -0.390801  0.182016  0.578931  0.794801  -0.026073  0.030627  0.000140  0.398690  0.085175  -0.520140  1.000000  
98.278324 0.024642  -0.024031  -0.000540  0.797027  0.386410  -0.464151  -0.575571  0.718781  -0.389963  0.182937  0.577963  0.795294  -0.026506  0.031014  0.000653  0.418804  0.086778  -0.550979  1.000000  
98.279589 0.024605  -0.023989  -0.000535  0.797223  0.385971  -0.464179  -0.574964  0.719807  -0.388966  0.183989  0.576979  0.795766  -0.026821  0.031455  0.001153  0.447934  0.101504  -0.582220  1.000000  
98.280809 0.024567  -0.023948  -0.000529  0.797536  0.385440  -0.464082  -0.574192  0.720956  -0.387976  0.185041  0.575897  0.796305  -0.027351  0.031802  0.001595  0.471735  0.110317  -0.617948  1.000000  
98.282055 0.024528  -0.023904  -0.000523  0.797729  0.385058  -0.464068  -0.573583  0.722024  -0.386890  0.186093  0.574815  0.796842  -0.027936  0.032191  0.002084  0.496307  0.120469  -0.650309  1.000000  
98.283056 0.024496  -0.023869  -0.000517  0.797941  0.384625  -0.464062  -0.572989  0.722950  -0.386040  0.187013  0.573939  0.797258  -0.028374  0.032494  0.002540  0.517634  0.130840  -0.674018  1.000000  
98.284058 0.024464  -0.023833  -0.000511  0.798034  0.384341  -0.464137  -0.572558  0.723796  -0.385093  0.187933  0.573063  0.797672  -0.028872  0.032867  0.002887  0.536472  0.148949  -0.695295  1.000000  
98.285305 0.024423  -0.023788  -0.000504  0.798203  0.384009  -0.464121  -0.571933  0.724995  -0.383766  0.189116  0.571769  0.798320  -0.029404  0.033338  0.003312  0.570598  0.163429  -0.722549  1.000000  
98.286305 0.024390  -0.023752  -0.000497  0.798391  0.383571  -0.464161  -0.571321  0.726006  -0.382763  0.190167  0.570779  0.798779  -0.029843  0.033718  0.003741  0.591256  0.177420  -0.748074  1.000000  
98.287555 0.024348  -0.023706  -0.000490  0.798654  0.383027  -0.464158  -0.570515  0.727321  -0.381465  0.191480  0.569468  0.799401  -0.030333  0.034295  0.003997  0.623582  0.195088  -0.785347  1.000000  
98.288556 0.024314  -0.023668  -0.000484  0.798721  0.382795  -0.464233  -0.570067  0.728295  -0.380276  0.192531  0.568379  0.799923  -0.031085  0.034950  0.004435  0.650792  0.209992  -0.804385  1.000000  
98.289806 0.024272  -0.023621  -0.000477  0.798959  0.382190  -0.464323  -0.569244  0.729648  -0.378914  0.193975  0.567049  0.800518  -0.031439  0.035151  0.004805  0.679383  0.231535  -0.835084  1.000000  
98.291055 0.024231  -0.023572  -0.000468  0.799077  0.381849  -0.464401  -0.568584  0.731009  -0.377277  0.195418  0.565524  0.801246  -0.031855  0.035574  0.005197  0.718512  0.257612  -0.861719  1.000000  
98.292063 0.024197  -0.023532  -0.000461  0.799257  0.381524  -0.464358  -0.567969  0.732098  -0.376090  0.196468  0.564334  0.801828  -0.032204  0.036075  0.005541  0.748936  0.276019  -0.882251  1.000000  
98.293314 0.024155  -0.023483  -0.000451  0.799487  0.381033  -0.464364  -0.567143  0.733529  -0.374545  0.197911  0.562805  0.802547  -0.032521  0.036538  0.005933  0.783953  0.302256  -0.908692  1.000000  
98.294315 0.024122  -0.023444  -0.000444  0.799643  0.380703  -0.464367  -0.566511  0.734700  -0.373204  0.199091  0.561499  0.803170  -0.032739  0.036903  0.006098  0.822234  0.323826  -0.928591  1.000000  
98.295564 0.024079  -0.023395  -0.000435  0.799847  0.380264  -0.464376  -0.565667  0.736256  -0.371413  0.200664  0.559756  0.803995  -0.033025  0.037465  0.006339  0.860709  0.353878  -0.956727  1.000000  
98.296806 0.024038  -0.023344  -0.000425  0.800048  0.379769  -0.464434  -0.564821  0.737761  -0.369710  0.202237  0.558108  0.804746  -0.033238  0.037972  0.006626  0.897066  0.381190  -0.978131  1.000000  
98.297812 0.024004  -0.023303  -0.000418  0.800313  0.379345  -0.464324  -0.564022  0.739043  -0.368369  0.203416  0.556699  0.805424  -0.033337  0.038362  0.006736  0.930434  0.399557  -1.003466  1.000000  
98.299055 0.023964  -0.023251  -0.000406  0.800603  0.378750  -0.464310  -0.562993  0.740747  -0.366514  0.205119  0.554836  0.806278  -0.033301  0.038826  0.006963  0.968721  0.422861  -1.029605  1.000000  
98.300058 0.023932  -0.023209  -0.000397  0.800841  0.378321  -0.464249  -0.562176  0.742106  -0.365017  0.206428  0.553310  0.806992  -0.033261  0.039215  0.007217  1.002558  0.445343  -1.051859  1.000000  
98.301305 0.023892  -0.023157  -0.000384  0.801239  0.377630  -0.464124  -0.560979  0.743919  -0.363162  0.208130  0.551343  0.807900  -0.033152  0.039745  0.007585  1.043857  0.468444  -1.082902  1.000000  
98.302307 0.023860  -0.023114  -0.000375  0.801449  0.377198  -0.464114  -0.560143  0.745354  -0.361507  0.209569  0.549700  0.808648  -0.033093  0.040113  0.007811  1.082177  0.488089  -1.112462  1.000000  
98.303556 0.023820  -0.023060  -0.000362  0.801725  0.376660  -0.464073  -0.559108  0.747075  -0.359550  0.211270  0.547728  0.809543  -0.032984  0.040536  0.008159  1.128250  0.513224  -1.138832  1.000000  
98.304809 0.023781  -0.023006  -0.000348  0.801950  0.376060  -0.464171  -0.558040  0.748916  -0.357375  0.213231  0.545623  0.810450  -0.032751  0.041041  0.008602  1.165155  0.542142  -1.170448  1.000000  
98.305811 0.023749  -0.022963  -0.000336  0.802266  0.375530  -0.464055  -0.557034  0.750452  -0.355717  0.214669  0.543873  0.811245  -0.032605  0.041315  0.009000  1.197382  0.557719  -1.195199  1.000000  
98.307063 0.023712  -0.022907  -0.000319  0.802712  0.374621  -0.464018  -0.555631  0.752431  -0.353725  0.216628  0.541762  0.812137  -0.032291  0.041776  0.009484  1.237291  0.577759  -1.231608  1.000000  
98.308310 0.023673  -0.022853  -0.000305  0.803176  0.373828  -0.463854  -0.554242  0.754402  -0.351701  0.218457  0.539565  0.813109  -0.032167  0.042072  0.009777  1.276344  0.594016  -1.264493  1.000000  
98.309321 0.023640  -0.022809  -0.000293  0.803595  0.373199  -0.463636  -0.553067  0.756037  -0.350037  0.219893  0.537709  0.813951  -0.032016  0.042411  0.010127  1.314783  0.600723  -1.298615  1.000000  
98.310567 0.023601  -0.022754  -0.000277  0.804139  0.372357  -0.463369  -0.551492  0.758234  -0.347762  0.221850  0.535193  0.815077  -0.031898  0.042714  0.010585  1.359784  0.613423  -1.336195  1.000000  
98.311814 0.023561  -0.022700  -0.000260  0.804701  0.371518  -0.463066  -0.549931  0.760336  -0.345636  0.223676  0.532788  0.816153  -0.031737  0.042970  0.011095  1.400427  0.619196  -1.377949  1.000000  
98.313062 0.023521  -0.022645  -0.000244  0.805208  0.370615  -0.462908  -0.548335  0.762550  -0.343289  0.225762  0.530247  0.817233  -0.031630  0.043141  0.011494  1.445002  0.629018  -1.422260  1.000000  
98.314075 0.023490  -0.022601  -0.000228  0.805559  0.369922  -0.462853  -0.547118  0.764272  -0.341394  0.227456  0.528248  0.818057  -0.031589  0.043296  0.011908  1.475533  0.642025  -1.452297  1.000000  
98.315307 0.023449  -0.022546  -0.000210  0.806166  0.368973  -0.462553  -0.545350  0.766621  -0.338947  0.229540  0.525501  0.819244  -0.031655  0.043516  0.012381  1.523432  0.649048  -1.502861  1.000000  
98.316556 0.023410  -0.022490  -0.000191  0.806542  0.368395  -0.462358  -0.543912  0.768845  -0.336210  0.231624  0.522649  0.820480  -0.031690  0.043869  0.012819  1.573230  0.659980  -1.538740  1.000000  
98.317807 0.023369  -0.022436  -0.000173  0.806997  0.367658  -0.462151  -0.542288  0.771210  -0.333406  0.233836  0.519676  0.821740  -0.031675  0.043768  0.013128  1.632270  0.677139  -1.582174  1.000000  
98.319056 0.023330  -0.022381  -0.000153  0.807419  0.366862  -0.462046  -0.540643  0.773597  -0.330534  0.236177  0.516682  0.822959  -0.031618  0.043846  0.013579  1.678777  0.689975  -1.623087  1.000000  
98.320062 0.023297  -0.022338  -0.000136  0.807828  0.366064  -0.461964  -0.539232  0.775461  -0.328464  0.237996  0.514448  0.823833  -0.031899  0.044131  0.014033  1.707747  0.696868  -1.656260  1.000000  
98.321306 0.023258  -0.022282  -0.000115  0.808262  0.365327  -0.461788  -0.537600  0.777781  -0.325641  0.240205  0.511461  0.825051  -0.031768  0.043915  0.014332  1.756445  0.705408  -1.698311  1.000000  
98.322313 0.023226  -0.022237  -0.000098  0.808660  0.364640  -0.461635  -0.536185  0.779702  -0.323373  0.242023  0.509021  0.826028  -0.031847  0.043886  0.014619  1.793129  0.716445  -1.733495  1.000000  
98.323556 0.023186  -0.022183  -0.000078  0.809163  0.363798  -0.461418  -0.534363  0.782184  -0.320382  0.244359  0.505806  0.827314  -0.031888  0.043960  0.014919  1.835979  0.726584  -1.772630  1.000000  
98.324556 0.023153  -0.022140  -0.000062  0.809631  0.362950  -0.461265  -0.532759  0.784230  -0.318043  0.246305  0.503241  0.828301  -0.031983  0.043914  0.015259  1.872517  0.738335  -1.807755  1.000000  
98.325566 0.023121  -0.022097  -0.000045  0.809983  0.362319  -0.461143  -0.531319  0.786228  -0.315508  0.248249  0.500571  0.829338  -0.031976  0.043827  0.015502  1.913472  0.749247  -1.844405  1.000000  
98.326832 0.023081  -0.022044  -0.000024  0.810326  0.361639  -0.461074  -0.529638  0.788661  -0.312246  0.250711  0.497224  0.830610  -0.031962  0.043694  0.015802  1.964509  0.765859  -1.880258  1.000000  
98.328069 0.023042  -0.021990  -0.000003  0.810878  0.360635  -0.460891  -0.527619  0.791223  -0.309167  0.253171  0.493871  0.831863  -0.031980  0.043566  0.016026  2.007984  0.780184  -1.923766  1.000000  
98.329315 0.023002  -0.021937  0.000017  0.811499  0.359524  -0.460665  -0.525411  0.793949  -0.305921  0.255759  0.490293  0.833187  -0.031978  0.043495  0.016172  2.057204  0.791224  -1.972251  1.000000  
98.330556 0.022963  -0.021883  0.000036  0.811893  0.358740  -0.460582  -0.523534  0.796505  -0.302476  0.258345  0.486709  0.834489  -0.031874  0.043391  0.016172  2.102845  0.806716  -2.003376  1.000000  
98.331556 0.022933  -0.021841  0.000051  0.812209  0.358280  -0.460383  -0.522082  0.798535  -0.299621  0.260283  0.483712  0.835628  -0.031792  0.043271  0.016180  2.152544  0.824785  -2.031186  1.000000  
98.332809 0.022895  -0.021790  0.000070  0.812585  0.357611  -0.460239  -0.520199  0.801122  -0.295967  0.262866  0.479914  0.837009  -0.031589  0.043019  0.016125  2.204612  0.842563  -2.063987  1.000000  
98.334056 0.022859  -0.021737  0.000088  0.813088  0.356833  -0.459955  -0.518164  0.803725  -0.292458  0.265318  0.476126  0.838397  -0.031348  0.042915  0.016064  2.251265  0.851458  -2.097229  1.000000  
98.335056 0.022830  -0.021696  0.000104  0.813429  0.356103  -0.459918  -0.516500  0.805845  -0.289556  0.267511  0.473081  0.839424  -0.031167  0.042768  0.015996  2.299850  0.868507  -2.130330  1.000000  
98.336062 0.022802  -0.021654  0.000119  0.813686  0.355538  -0.459899  -0.515019  0.807807  -0.286712  0.269573  0.470150  0.840410  -0.030901  0.042523  0.015848  2.330727  0.883089  -2.147790  1.000000  
98.337305 0.022767  -0.021603  0.000136  0.814101  0.354712  -0.459803  -0.512937  0.810449  -0.282961  0.272277  0.466209  0.841733  -0.030604  0.042331  0.015646  2.382866  0.903207  -2.170676  1.000000  
98.338308 0.022740  -0.021562  0.000151  0.814344  0.354318  -0.459677  -0.511452  0.812480  -0.279809  0.274337  0.462964  0.842855  -0.030215  0.042105  0.015494  2.429500  0.921650  -2.190610  1.000000  
98.339556 0.022706  -0.021511  0.000169  0.814497  0.353836  -0.459777  -0.509680  0.814996  -0.275694  0.277166  0.458891  0.844155  -0.029806  0.041925  0.015342  2.483213  0.960597  -2.205472  1.000000  
98.340556 0.022680  -0.021472  0.000183  0.814621  0.353671  -0.459685  -0.508358  0.816949  -0.272335  0.279222  0.455534  0.845295  -0.029461  0.041717  0.015177  2.529355  0.982795  -2.211476  1.000000  
98.341572 0.022654  -0.021432  0.000196  0.814979  0.353278  -0.459351  -0.506719  0.819031  -0.269118  0.281149  0.452087  0.846506  -0.028988  0.041493  0.014940  2.582823  1.001779  -2.227053  1.000000  
98.342815 0.022622  -0.021383  0.000213  0.815482  0.352514  -0.459046  -0.504474  0.821696  -0.265182  0.283716  0.447828  0.847912  -0.028482  0.041182  0.014669  2.635719  1.015999  -2.249422  1.000000  
98.343818 0.022597  -0.021343  0.000227  0.815825  0.352123  -0.458736  -0.502831  0.823738  -0.261949  0.285640  0.444371  0.849084  -0.027977  0.040939  0.014481  2.683501  1.024469  -2.262773  1.000000  
98.345065 0.022567  -0.021294  0.000242  0.816307  0.351249  -0.458548  -0.500581  0.826290  -0.258194  0.288203  0.440306  0.850335  -0.027358  0.040656  0.014212  2.719749  1.041603  -2.277500  1.000000  
98.346065 0.022544  -0.021255  0.000256  0.816705  0.350639  -0.458307  -0.498745  0.828395  -0.254982  0.290253  0.436823  0.851433  -0.026882  0.040447  0.014090  2.748014  1.050961  -2.297469  1.000000  
98.347311 0.022514  -0.021208  0.000271  0.817201  0.349775  -0.458083  -0.496280  0.831183  -0.250683  0.293068  0.432195  0.852829  -0.026360  0.040125  0.013885  2.796528  1.063999  -2.332753  1.000000  
98.348557 0.022484  -0.021162  0.000288  0.817750  0.348748  -0.457886  -0.493623  0.834068  -0.246306  0.296009  0.427440  0.854210  -0.025931  0.039755  0.013740  2.844736  1.081575  -2.369949  1.000000  
98.349806 0.022454  -0.021115  0.000304  0.818419  0.347544  -0.457606  -0.490813  0.836932  -0.242173  0.298819  0.422798  0.855540  -0.025473  0.039425  0.013564  2.897233  1.091357  -2.403123  1.000000  
98.351056 0.022426  -0.021068  0.000320  0.818870  0.346687  -0.457450  -0.488337  0.839618  -0.237841  0.301627  0.418151  0.856838  -0.025050  0.039125  0.013363  2.934462  1.103745  -2.429655  1.000000  
98.352063 0.022403  -0.021031  0.000331  0.819516  0.345729  -0.457017  -0.485982  0.841903  -0.234565  0.303668  0.414332  0.857972  -0.024697  0.038759  0.013203  2.983099  1.111313  -2.467712  1.000000  
98.353306 0.022374  -0.020985  0.000347  0.820239  0.344519  -0.456633  -0.482994  0.844826  -0.230189  0.306471  0.409361  0.859360  -0.024446  0.038425  0.013099  3.019287  1.116337  -2.497840  1.000000  
98.354306 0.022350  -0.020949  0.000360  0.820727  0.343687  -0.456383  -0.480781  0.847016  -0.226743  0.308635  0.405515  0.860408  -0.024203  0.038172  0.012981  3.054450  1.123932  -2.514743  1.000000  
98.355308 0.022326  -0.020913  0.000372  0.821107  0.343141  -0.456111  -0.478736  0.849168  -0.222991  0.310798  0.401456  0.861532  -0.023963  0.037859  0.012854  3.094046  1.132307  -2.531780  1.000000  
98.356558 0.022296  -0.020869  0.000388  0.821626  0.342440  -0.455703  -0.476097  0.851880  -0.218248  0.313467  0.396277  0.862962  -0.023865  0.037551  0.012818  3.146605  1.140262  -2.553033  1.000000  
98.357810 0.022266  -0.020825  0.000406  0.822131  0.341740  -0.455318  -0.473455  0.854553  -0.213493  0.316134  0.391091  0.864353  -0.023735  0.037195  0.012835  3.198456  1.148254  -2.573760  1.000000  
98.358819 0.022242  -0.020790  0.000419  0.822612  0.340957  -0.455036  -0.471254  0.856615  -0.210073  0.318165  0.387246  0.865339  -0.023719  0.036816  0.012878  3.228287  1.152532  -2.580569  1.000000  
98.360069 0.022211  -0.020747  0.000436  0.823187  0.339973  -0.454733  -0.468437  0.859241  -0.205598  0.320827  0.382260  0.866572  -0.023708  0.036439  0.012899  3.261717  1.153803  -2.605042  1.000000  
98.361315 0.022181  -0.020704  0.000454  0.823783  0.339145  -0.454271  -0.465639  0.861855  -0.200962  0.323360  0.377075  0.867901  -0.023756  0.036063  0.013019  3.300061  1.156080  -2.629972  1.000000  
98.362563 0.022150  -0.020663  0.000472  0.824364  0.338428  -0.453751  -0.462837  0.864480  -0.196104  0.325891  0.371674  0.869283  -0.023859  0.035763  0.013164  3.342498  1.155232  -2.652877  1.000000  
98.363564 0.022125  -0.020629  0.000487  0.824856  0.337592  -0.453481  -0.460437  0.866597  -0.192374  0.328041  0.367480  0.870257  -0.023923  0.035437  0.013207  3.370560  1.162261  -2.674618  1.000000  
98.364574 0.022100  -0.020595  0.000502  0.825336  0.336812  -0.453186  -0.458034  0.868712  -0.188531  0.330189  0.363177  0.871251  -0.023975  0.035196  0.013370  3.401521  1.161341  -2.691566  1.000000  
98.365807 0.022069  -0.020553  0.000519  0.825970  0.336028  -0.452613  -0.455056  0.871346  -0.183524  0.332714  0.357550  0.872617  -0.024202  0.034870  0.013500  3.455926  1.159311  -2.722149  1.000000  
98.367056 0.022038  -0.020512  0.000537  0.826587  0.335190  -0.452108  -0.452074  0.873915  -0.178610  0.335236  0.352023  0.873897  -0.024347  0.034573  0.013729  3.491941  1.155055  -2.739358  1.000000  
98.368063 0.022011  -0.020480  0.000552  0.827029  0.334413  -0.451874  -0.449665  0.875938  -0.174742  0.337378  0.347709  0.874800  -0.024558  0.034226  0.013893  3.524727  1.162677  -2.766173  1.000000  
98.369306 0.021978  -0.020441  0.000571  0.827524  0.333867  -0.451371  -0.446849  0.878405  -0.169501  0.339896  0.341961  0.876090  -0.024817  0.033851  0.014156  3.555764  1.151571  -2.790760  1.000000  
98.370306 0.021952  -0.020409  0.000585  0.827932  0.333574  -0.450841  -0.444650  0.880337  -0.165208  0.341783  0.337248  0.877182  -0.024985  0.033608  0.014202  3.595436  1.141179  -2.802735  1.000000  
98.371306 0.021925  -0.020378  0.000601  0.828370  0.333156  -0.450344  -0.442472  0.882160  -0.161284  0.343542  0.332867  0.878168  -0.025157  0.033345  0.014386  3.618722  1.143483  -2.825442  1.000000  
98.372657 0.021891  -0.020339  0.000619  0.828958  0.332472  -0.449767  -0.439501  0.884564  -0.156159  0.345929  0.327123  0.879388  -0.025214  0.032787  0.014346  3.644087  1.140397  -2.829352  1.000000  
98.373811 0.021858  -0.020300  0.000638  0.829572  0.331936  -0.449031  -0.436550  0.886941  -0.150863  0.348187  0.321176  0.880688  -0.025605  0.032702  0.014598  3.694734  1.143429  -2.855072  1.000000  
98.374837 0.021831  -0.020270  0.000653  0.830027  0.331407  -0.448580  -0.434174  0.888798  -0.146735  0.350068  0.316556  0.881615  -0.025776  0.032332  0.014678  3.735271  1.142798  -2.866322  1.000000  
98.376072 0.021796  -0.020232  0.000672  0.830483  0.331018  -0.448025  -0.431369  0.891047  -0.141269  0.352448  0.310585  0.882789  -0.026087  0.032015  0.014774  3.780882  1.143867  -2.873471  1.000000  
98.377311 0.021762  -0.020195  0.000693  0.831054  0.330483  -0.447360  -0.428412  0.893300  -0.135938  0.354701  0.304626  0.883963  -0.026320  0.031751  0.014984  3.817532  1.144255  -2.873401  1.000000  
98.378326 0.021734  -0.020165  0.000708  0.831344  0.330269  -0.446978  -0.426181  0.895057  -0.131313  0.356702  0.299660  0.884855  -0.026485  0.031426  0.014995  3.852174  1.142552  -2.865187  1.000000  
98.379563 0.021700  -0.020127  0.000727  0.831845  0.329648  -0.446504  -0.423199  0.897230  -0.126016  0.359076  0.293786  0.885864  -0.026734  0.031200  0.015046  3.890256  1.145011  -2.858874  1.000000  
98.380813 0.021665  -0.020090  0.000747  0.832374  0.329226  -0.445830  -0.420238  0.899386  -0.120436  0.361322  0.287602  0.886979  -0.026948  0.030835  0.015195  3.934454  1.138386  -2.861669  1.000000  
98.382057 0.021629  -0.020054  0.000767  0.832931  0.328839  -0.445075  -0.417296  0.901478  -0.114897  0.363442  0.281430  0.888092  -0.027265  0.030523  0.015343  3.976423  1.142306  -2.851056  1.000000  
98.383059 0.021600  -0.020025  0.000784  0.833348  0.328462  -0.444571  -0.414933  0.903111  -0.110546  0.365187  0.276591  0.888896  -0.027416  0.030358  0.015428  4.006250  1.141060  -2.834921  1.000000  
98.384063 0.021571  -0.019997  0.000800  0.833586  0.328513  -0.444087  -0.412912  0.904594  -0.105896  0.366930  0.271643  0.889704  -0.027596  0.030081  0.015477  4.044144  1.144657  -2.816617  1.000000  
98.385307 0.021535  -0.019962  0.000820  0.834106  0.328236  -0.443314  -0.409967  0.906590  -0.100109  0.369045  0.265246  0.890758  -0.027823  0.029817  0.015566  4.079794  1.140382  -2.816094  1.000000  
98.386557 0.021497  -0.019928  0.000839  0.834572  0.328072  -0.442558  -0.407214  0.908432  -0.094492  0.371034  0.259077  0.891747  -0.028145  0.029439  0.015686  4.108329  1.135162  -2.805455  1.000000  
98.387557 0.021467  -0.019900  0.000855  0.834994  0.327892  -0.441896  -0.404868  0.909951  -0.089833  0.372648  0.253920  0.892557  -0.028502  0.029451  0.015832  4.140460  1.129635  -2.802529  1.000000  
98.388557 0.021436  -0.019873  0.000871  0.835406  0.327712  -0.441249  -0.402522  0.911440  -0.085167  0.374262  0.248762  0.893334  -0.028515  0.029044  0.015787  4.184655  1.130296  -2.793319  1.000000  
98.389563 0.021405  -0.019846  0.000886  0.835810  0.327480  -0.440658  -0.400176  0.912887  -0.080604  0.375874  0.243710  0.894049  -0.028872  0.028767  0.015819  4.218084  1.123870  -2.793910  1.000000  
98.390807 0.021367  -0.019814  0.000906  0.836358  0.327212  -0.439814  -0.397268  0.914634  -0.074984  0.377733  0.237438  0.894953  -0.029059  0.028421  0.015757  4.244462  1.118136  -2.782169  1.000000  
98.391826 0.021336  -0.019788  0.000921  0.836742  0.327141  -0.439138  -0.394920  0.916039  -0.070074  0.379343  0.232058  0.895683  -0.029297  0.028076  0.015726  4.283571  1.120023  -2.766670  1.000000  
98.393066 0.021297  -0.019755  0.000939  0.837347  0.326844  -0.438204  -0.391838  0.917792  -0.064192  0.381200  0.225456  0.896580  -0.029664  0.027816  0.015659  4.323344  1.109059  -2.761957  1.000000  
98.394316 0.021257  -0.019724  0.000958  0.837984  0.326467  -0.437267  -0.388776  0.919468  -0.058573  0.382931  0.219082  0.897423  -0.029926  0.027439  0.015610  4.358364  1.095670  -2.750599  1.000000  
98.395567 0.021217  -0.019693  0.000978  0.838607  0.326195  -0.436275  -0.385714  0.921111  -0.052720  0.384660  0.212489  0.898268  -0.030329  0.026946  0.015702  4.384708  1.086083  -2.737630  1.000000  
98.396568 0.021185  -0.019669  0.000994  0.839120  0.325932  -0.435483  -0.383232  0.922400  -0.048081  0.386019  0.207237  0.898912  -0.030603  0.026594  0.015611  4.410395  1.077363  -2.729629  1.000000  
98.397813 0.021145  -0.019639  0.001013  0.839718  0.325657  -0.434536  -0.380167  0.923954  -0.042210  0.387746  0.200641  0.899665  -0.030876  0.026168  0.015559  4.449208  1.064126  -2.718626  1.000000  
98.399057 0.021104  -0.019610  0.001033  0.840301  0.325380  -0.433614  -0.377101  0.925459  -0.036329  0.389472  0.194044  0.900366  -0.031131  0.025825  0.015589  4.471452  1.053229  -2.714024  1.000000  
98.400063 0.021072  -0.019587  0.001048  0.840706  0.325358  -0.432846  -0.374790  0.926575  -0.031466  0.390827  0.188681  0.900918  -0.031385  0.025422  0.015499  4.488443  1.049170  -2.707258  1.000000  
98.401307 0.021029  -0.019560  0.001068  0.841265  0.325133  -0.431928  -0.371723  0.927995  -0.025457  0.392550  0.181974  0.901549  -0.031698  0.024953  0.015499  4.523867  1.046882  -2.706187  1.000000  
98.402308 0.020997  -0.019538  0.001083  0.841775  0.324940  -0.431079  -0.369258  0.929096  -0.020719  0.393781  0.176621  0.902076  -0.031841  0.024546  0.015478  4.561752  1.042103  -2.708480  1.000000  
98.403557 0.020956  -0.019511  0.001102  0.842330  0.324948  -0.429987  -0.366405  0.930339  -0.014703  0.395256  0.169934  0.902715  -0.032033  0.024110  0.015390  4.570517  1.033445  -2.685582  1.000000  
98.404814 0.020914  -0.019485  0.001122  0.842900  0.324741  -0.429025  -0.363355  0.931610  -0.008718  0.396853  0.163237  0.903250  -0.032327  0.023623  0.015438  4.598019  1.025266  -2.677363  1.000000  
98.406057 0.020873  -0.019460  0.001140  0.843505  0.324605  -0.427937  -0.360326  0.932823  -0.002659  0.398326  0.156440  0.903804  -0.032415  0.023089  0.015394  4.619213  1.010522  -2.672084  1.000000  
98.407059 0.020839  -0.019440  0.001155  0.843975  0.324355  -0.427200  -0.357859  0.933774  0.001991  0.399553  0.151197  0.904155  -0.032670  0.022792  0.015412  4.632041  1.001924  -2.665186  1.000000  
98.408063 0.020806  -0.019420  0.001170  0.844608  0.324104  -0.426138  -0.355259  0.934743  0.006804  0.400534  0.145643  0.904633  -0.032739  0.022341  0.015420  4.646987  0.979925  -2.667788  1.000000  
98.409308 0.020764  -0.019397  0.001188  0.845229  0.324030  -0.424961  -0.352248  0.935817  0.012950  0.401882  0.138746  0.905119  -0.032902  0.021813  0.015313  4.677821  0.965179  -2.657929  1.000000  
98.410311 0.020730  -0.019379  0.001202  0.845748  0.324122  -0.423856  -0.350015  0.936575  0.017791  0.402740  0.133309  0.905555  -0.032976  0.021338  0.015199  4.695746  0.946556  -2.641876  1.000000  
98.411558 0.020688  -0.019357  0.001220  0.846419  0.323798  -0.422765  -0.346827  0.937628  0.023751  0.404087  0.126523  0.905928  -0.033164  0.020763  0.015123  4.710279  0.931979  -2.638766  1.000000  
98.412559 0.020655  -0.019340  0.001235  0.846943  0.323675  -0.421808  -0.344398  0.938389  0.028562  0.405065  0.121079  0.906235  -0.033212  0.020333  0.014979  4.728596  0.919264  -2.632514  1.000000  
98.413579 0.020621  -0.019323  0.001248  0.847580  0.323370  -0.420762  -0.341813  0.939180  0.033247  0.405922  0.115643  0.906562  -0.033271  0.019764  0.014754  4.734821  0.903379  -2.637389  1.000000  
98.414810 0.020579  -0.019303  0.001265  0.848247  0.323309  -0.419463  -0.338838  0.940022  0.039336  0.407022  0.108764  0.906920  -0.033387  0.019224  0.014695  4.752113  0.885207  -2.635619  1.000000  
98.416064 0.020537  -0.019284  0.001282  0.848989  0.322945  -0.418239  -0.335492  0.940942  0.045533  0.408244  0.101659  0.907195  -0.033336  0.018691  0.014544  4.768996  0.868720  -2.645815  1.000000  
98.417307 0.020496  -0.019265  0.001299  0.849631  0.322824  -0.417027  -0.332514  0.941690  0.051522  0.409343  0.094893  0.907433  -0.033390  0.018169  0.014422  4.779659  0.856032  -2.638737  1.000000  
