1-Time 2-Px 3-Py 4-Pz 5-R11 6-R21 7-R31 8-R12 9-R22 10-R32 11-R13 12-R23 13-R33 14-Vx 15-Vy 16-Vz 17-Wx 18-Wy 19-Wz 20-state
35.752802 0.041634  -0.044876  0.014863  0.581760  0.637199  0.505502  -0.789730  0.591239  0.163593  -0.194631  -0.494383  0.847174  0.003563  0.002005  0.001981  0.000000  0.000000  0.000000  1.000000  
35.753991 0.041637  -0.044875  0.014864  0.581597  0.637321  0.505536  -0.789850  0.591107  0.163489  -0.194631  -0.494383  0.847174  0.003545  0.001995  0.001971  0.000000  0.000000  0.000000  1.000000  
35.755163 0.041636  -0.044868  0.014857  0.581597  0.637321  0.505536  -0.789850  0.591107  0.163489  -0.194631  -0.494383  0.847174  0.000692  0.004053  -0.002608  0.000000  0.000000  0.000000  1.000000  
35.756173 0.041630  -0.044862  0.014848  0.581597  0.637382  0.505459  -0.789850  0.591127  0.163418  -0.194631  -0.494280  0.847234  -0.001454  0.004849  -0.005029  0.000000  0.000000  0.000000  1.000000  
35.757419 0.041624  -0.044852  0.014838  0.581435  0.637504  0.505492  -0.789970  0.590996  0.163314  -0.194631  -0.494280  0.847234  -0.002412  0.005709  -0.005763  0.000000  0.000000  0.000000  1.000000  
35.758420 0.041621  -0.044842  0.014836  0.581435  0.637565  0.505415  -0.789970  0.591016  0.163242  -0.194631  -0.494177  0.847294  -0.002501  0.006510  -0.005133  0.000000  0.000000  0.000000  1.000000  
35.759422 0.041617  -0.044829  0.014836  0.581272  0.637748  0.505371  -0.790090  0.590904  0.163066  -0.194631  -0.494074  0.847354  -0.002801  0.007597  -0.004275  0.000000  0.000000  0.000000  1.000000  
35.760660 0.041607  -0.044808  0.014835  0.581272  0.637809  0.505294  -0.790090  0.590924  0.162994  -0.194631  -0.493972  0.847414  -0.003699  0.009116  -0.003695  0.000000  0.000000  0.000000  1.000000  
35.761908 0.041589  -0.044788  0.014831  0.581109  0.637931  0.505328  -0.790209  0.590793  0.162890  -0.194631  -0.493972  0.847414  -0.005156  0.010125  -0.003667  0.000000  0.000000  0.000000  1.000000  
35.763156 0.041568  -0.044769  0.014828  0.580962  0.638153  0.505216  -0.790350  0.590628  0.162806  -0.194500  -0.493882  0.847497  -0.006641  0.010726  -0.003508  0.000000  0.000000  0.000000  1.000000  
35.764159 0.041551  -0.044755  0.014827  0.580815  0.638375  0.505105  -0.790490  0.590463  0.162722  -0.194369  -0.493792  0.847579  -0.007622  0.011024  -0.003225  0.000000  0.000000  0.000000  1.000000  
35.765405 0.041531  -0.044733  0.014825  0.580668  0.638597  0.504994  -0.790631  0.590298  0.162638  -0.194237  -0.493703  0.847661  -0.008423  0.011698  -0.003107  0.000000  0.000000  0.000000  1.000000  
35.766408 0.041515  -0.044713  0.014819  0.580683  0.638636  0.504927  -0.790652  0.590245  0.162729  -0.194106  -0.493716  0.847684  -0.009011  0.012341  -0.003301  0.000000  0.000000  0.000000  1.000000  
35.767655 0.041492  -0.044684  0.014807  0.580535  0.638858  0.504816  -0.790792  0.590080  0.162645  -0.193975  -0.493626  0.847766  -0.009802  0.013239  -0.003832  0.000000  0.000000  0.000000  1.000000  
35.768673 0.041473  -0.044660  0.014795  0.580535  0.638858  0.504816  -0.790792  0.590080  0.162645  -0.193975  -0.493626  0.847766  -0.011173  0.014607  -0.004687  0.000000  0.000000  0.000000  1.000000  
35.769910 0.041447  -0.044630  0.014783  0.580535  0.638919  0.504739  -0.790792  0.590100  0.162573  -0.193975  -0.493523  0.847826  -0.012635  0.016019  -0.005129  0.000000  0.000000  0.000000  1.000000  
35.771160 0.041420  -0.044598  0.014771  0.580551  0.639081  0.504516  -0.790813  0.590086  0.162522  -0.193844  -0.493330  0.847968  -0.014022  0.017580  -0.005078  0.000000  0.000000  0.000000  1.000000  
35.772163 0.041397  -0.044570  0.014765  0.580551  0.639203  0.504361  -0.790813  0.590125  0.162379  -0.193844  -0.493125  0.848088  -0.015277  0.018877  -0.004927  0.000000  0.000000  0.000000  1.000000  
35.773518 0.041368  -0.044531  0.014758  0.580698  0.639165  0.504240  -0.790673  0.590349  0.162248  -0.193975  -0.492906  0.848185  -0.017015  0.020681  -0.005252  0.000000  0.000000  0.000000  1.000000  
35.774657 0.041339  -0.044488  0.014754  0.580861  0.639104  0.504129  -0.790553  0.590501  0.162280  -0.193975  -0.492803  0.848245  -0.018475  0.022489  -0.005502  0.000000  0.000000  0.000000  1.000000  
35.775905 0.041311  -0.044444  0.014749  0.581008  0.639005  0.504085  -0.790413  0.590705  0.162221  -0.194106  -0.492687  0.848282  -0.019524  0.024015  -0.005682  0.000000  0.000000  0.000000  1.000000  
35.776908 0.041286  -0.044410  0.014742  0.581171  0.639005  0.503897  -0.790293  0.590876  0.162181  -0.194106  -0.492481  0.848402  -0.020271  0.025310  -0.005993  0.000000  0.000000  0.000000  1.000000  
35.777938 0.041261  -0.044377  0.014731  0.581318  0.638906  0.503853  -0.790152  0.591080  0.162122  -0.194237  -0.492365  0.848439  -0.020745  0.026524  -0.006521  0.000000  0.000000  0.000000  1.000000  
35.779157 0.041229  -0.044335  0.014715  0.581644  0.638724  0.503709  -0.789913  0.591363  0.162257  -0.194237  -0.492262  0.848498  -0.021463  0.028011  -0.007478  0.000000  0.000000  0.000000  1.000000  
35.780160 0.041201  -0.044301  0.014702  0.581969  0.638541  0.503565  -0.789673  0.591645  0.162393  -0.194237  -0.492159  0.848558  -0.022386  0.029304  -0.008298  0.000000  0.000000  0.000000  1.000000  
35.781408 0.041166  -0.044256  0.014687  0.582279  0.638258  0.503565  -0.789413  0.591961  0.162509  -0.194369  -0.492146  0.848536  -0.023299  0.030451  -0.008796  0.000000  0.000000  0.000000  1.000000  
35.782658 0.041131  -0.044211  0.014675  0.582588  0.638037  0.503488  -0.789152  0.592297  0.162553  -0.194500  -0.492030  0.848573  -0.024217  0.031677  -0.008776  0.000000  0.000000  0.000000  1.000000  
35.783908 0.041095  -0.044163  0.014666  0.583075  0.637671  0.503388  -0.788792  0.592691  0.162864  -0.194500  -0.492030  0.848573  -0.024861  0.032693  -0.008451  0.000000  0.000000  0.000000  1.000000  
35.785170 0.041057  -0.044115  0.014659  0.583547  0.637326  0.503277  -0.788411  0.593157  0.163012  -0.194631  -0.491914  0.848610  -0.025714  0.034007  -0.008088  0.000000  0.000000  0.000000  1.000000  
35.786415 0.041013  -0.044067  0.014653  0.584018  0.636921  0.503244  -0.788029  0.593604  0.163231  -0.194762  -0.491901  0.848588  -0.026845  0.035076  -0.007805  0.000000  0.000000  0.000000  1.000000  
35.787663 0.040967  -0.044018  0.014644  0.584651  0.636453  0.503100  -0.787527  0.594201  0.163482  -0.194893  -0.491785  0.848625  -0.028003  0.035899  -0.007929  0.000000  0.000000  0.000000  1.000000  
35.788676 0.040931  -0.043976  0.014637  0.585122  0.636108  0.502990  -0.787145  0.594666  0.163630  -0.195025  -0.491669  0.848662  -0.028810  0.036529  -0.008120  0.000000  0.000000  0.000000  1.000000  
35.789927 0.040887  -0.043922  0.014627  0.585755  0.635579  0.502923  -0.786642  0.595243  0.163953  -0.195156  -0.491656  0.848639  -0.029903  0.037158  -0.008538  -0.051942  0.079945  -0.173376  1.000000  
35.791160 0.040843  -0.043865  0.014615  0.586371  0.635071  0.502846  -0.786118  0.595891  0.164113  -0.195418  -0.491527  0.848654  -0.030895  0.038112  -0.008889  -0.049235  0.089185  -0.207197  1.000000  
35.792163 0.040805  -0.043820  0.014602  0.586679  0.634847  0.502769  -0.785855  0.596225  0.164156  -0.195550  -0.491411  0.848690  -0.031760  0.038870  -0.009162  -0.045164  0.095484  -0.227039  1.000000  
35.793408 0.040754  -0.043765  0.014584  0.587148  0.634439  0.502736  -0.785472  0.596670  0.164376  -0.195681  -0.491398  0.848668  -0.033024  0.039735  -0.009418  -0.041128  0.097963  -0.249234  1.000000  
35.794408 0.040712  -0.043722  0.014570  0.587618  0.634031  0.502702  -0.785088  0.597114  0.164595  -0.195812  -0.491385  0.848645  -0.034108  0.040411  -0.009367  -0.031392  0.102960  -0.274979  1.000000  
35.795657 0.040658  -0.043667  0.014556  0.588103  0.633662  0.502601  -0.784725  0.597506  0.164906  -0.195812  -0.491385  0.848645  -0.035319  0.041169  -0.009382  -0.022190  0.113523  -0.302950  1.000000  
35.796669 0.040615  -0.043623  0.014547  0.588587  0.633293  0.502499  -0.784361  0.597897  0.165216  -0.195812  -0.491385  0.848645  -0.036351  0.041699  -0.009120  -0.016808  0.123216  -0.328545  1.000000  
35.797905 0.040559  -0.043565  0.014537  0.588910  0.632986  0.502507  -0.784119  0.598137  0.165496  -0.195812  -0.491488  0.848586  -0.037628  0.042383  -0.009063  -0.005988  0.126229  -0.342769  1.000000  
35.798908 0.040513  -0.043520  0.014528  0.589233  0.632679  0.502516  -0.783877  0.598378  0.165775  -0.195812  -0.491591  0.848526  -0.038974  0.043015  -0.009198  0.000781  0.131946  -0.351511  1.000000  
35.799914 0.040465  -0.043475  0.014518  0.589394  0.632495  0.502559  -0.783755  0.598488  0.165951  -0.195812  -0.491694  0.848466  -0.040128  0.043416  -0.009564  0.014367  0.136415  -0.360270  1.000000  
35.801158 0.040404  -0.043418  0.014502  0.589878  0.632064  0.502533  -0.783391  0.598858  0.166334  -0.195812  -0.491796  0.848407  -0.041193  0.043937  -0.010061  0.026323  0.141591  -0.377044  1.000000  
35.802163 0.040355  -0.043371  0.014486  0.590201  0.631756  0.502541  -0.783148  0.599098  0.166614  -0.195812  -0.491899  0.848347  -0.042049  0.044514  -0.010858  0.041460  0.149527  -0.391836  1.000000  
35.803417 0.040293  -0.043312  0.014464  0.590362  0.631572  0.502583  -0.783027  0.599208  0.166790  -0.195812  -0.492002  0.848287  -0.043290  0.045022  -0.011756  0.053460  0.152657  -0.387725  1.000000  
35.804421 0.040243  -0.043263  0.014447  0.590684  0.631325  0.502514  -0.782783  0.599468  0.166997  -0.195812  -0.492002  0.848287  -0.044251  0.045393  -0.012416  0.059127  0.156736  -0.395369  1.000000  
35.805659 0.040182  -0.043198  0.014425  0.591006  0.631017  0.502522  -0.782540  0.599708  0.167277  -0.195812  -0.492105  0.848228  -0.045381  0.046006  -0.013109  0.068677  0.164081  -0.399108  1.000000  
35.806940 0.040121  -0.043132  0.014403  0.591329  0.630709  0.502530  -0.782297  0.599947  0.167556  -0.195812  -0.492208  0.848168  -0.046306  0.046561  -0.013505  0.082184  0.167316  -0.404630  1.000000  
35.808169 0.040059  -0.043066  0.014380  0.591651  0.630462  0.502461  -0.782053  0.600207  0.167763  -0.195812  -0.492208  0.848168  -0.047122  0.047376  -0.013804  0.090486  0.171391  -0.402957  1.000000  
35.809407 0.039995  -0.042999  0.014361  0.591988  0.630194  0.502399  -0.781830  0.600394  0.168133  -0.195681  -0.492324  0.848131  -0.047814  0.048164  -0.013988  0.098580  0.175225  -0.400565  1.000000  
35.810408 0.039943  -0.042947  0.014345  0.592310  0.629947  0.502330  -0.781587  0.600653  0.168340  -0.195681  -0.492324  0.848131  -0.048425  0.048776  -0.014269  0.098729  0.179329  -0.398787  1.000000  
35.811429 0.039891  -0.042893  0.014329  0.592471  0.629823  0.502296  -0.781465  0.600783  0.168444  -0.195681  -0.492324  0.848131  -0.049033  0.049442  -0.014780  0.098527  0.178963  -0.397971  1.000000  
35.812657 0.039828  -0.042825  0.014305  0.592938  0.629351  0.502336  -0.781078  0.601204  0.168736  -0.195812  -0.492414  0.848049  -0.049489  0.050158  -0.015576  0.107271  0.180990  -0.400793  1.000000  
35.813906 0.039766  -0.042756  0.014279  0.593420  0.628980  0.502232  -0.780711  0.601592  0.169046  -0.195812  -0.492414  0.848049  -0.049847  0.050909  -0.016635  0.107271  0.180991  -0.400796  1.000000  
35.815239 0.039703  -0.042688  0.014250  0.593902  0.628547  0.502204  -0.780345  0.601960  0.169430  -0.195812  -0.492517  0.847989  -0.049778  0.051517  -0.017689  0.114743  0.182574  -0.395124  1.000000  
35.816405 0.039638  -0.042619  0.014219  0.594384  0.628175  0.502099  -0.779978  0.602348  0.169740  -0.195812  -0.492517  0.847989  -0.050335  0.052476  -0.018651  0.115450  0.188756  -0.396425  1.000000  
35.817406 0.039585  -0.042563  0.014193  0.594866  0.627742  0.502070  -0.779610  0.602715  0.170123  -0.195812  -0.492620  0.847929  -0.050558  0.053162  -0.019313  0.123563  0.192603  -0.394161  1.000000  
35.818414 0.039533  -0.042506  0.014168  0.595347  0.627370  0.501965  -0.779243  0.603103  0.170433  -0.195812  -0.492620  0.847929  -0.050672  0.053732  -0.019715  0.123558  0.196405  -0.391810  1.000000  
35.819658 0.039466  -0.042434  0.014140  0.596133  0.626709  0.501858  -0.778609  0.603801  0.170860  -0.195943  -0.492606  0.847906  -0.051012  0.054470  -0.020250  0.129061  0.199844  -0.397815  1.000000  
35.820662 0.039414  -0.042374  0.014117  0.596758  0.626171  0.501787  -0.778097  0.604369  0.171183  -0.196074  -0.492593  0.847884  -0.051215  0.054941  -0.020518  0.134198  0.201363  -0.400902  1.000000  
35.821906 0.039349  -0.042297  0.014090  0.597527  0.625529  0.501672  -0.777441  0.605138  0.171446  -0.196337  -0.492464  0.847898  -0.051540  0.055782  -0.020893  0.137085  0.208195  -0.412813  1.000000  
35.823155 0.039284  -0.042219  0.014062  0.598470  0.624741  0.501530  -0.776681  0.605963  0.171976  -0.196468  -0.492451  0.847875  -0.051724  0.056499  -0.021211  0.141370  0.219933  -0.432599  1.000000  
35.824161 0.039229  -0.042157  0.014039  0.599094  0.624262  0.501381  -0.776167  0.606550  0.172225  -0.196599  -0.492335  0.847912  -0.051880  0.057098  -0.021791  0.138515  0.221699  -0.436139  1.000000  
35.825405 0.039162  -0.042078  0.014009  0.600020  0.623493  0.501231  -0.775385  0.607446  0.172591  -0.196862  -0.492205  0.847926  -0.052061  0.057916  -0.022442  0.137454  0.222275  -0.454541  1.000000  
35.826406 0.039106  -0.042016  0.013984  0.600961  0.622762  0.501012  -0.774622  0.608289  0.173047  -0.196993  -0.492089  0.847963  -0.052383  0.058567  -0.023009  0.138836  0.231884  -0.480072  1.000000  
35.827662 0.039038  -0.041937  0.013951  0.602060  0.621966  0.500681  -0.773735  0.609279  0.173531  -0.197124  -0.491870  0.848060  -0.052670  0.059246  -0.023631  0.133201  0.243440  -0.509688  1.000000  
35.828905 0.038967  -0.041859  0.013918  0.603142  0.621067  0.500494  -0.772825  0.610300  0.174000  -0.197386  -0.491741  0.848074  -0.053258  0.059864  -0.024028  0.130870  0.250639  -0.539182  1.000000  
35.829914 0.038910  -0.041795  0.013894  0.603921  0.620459  0.500310  -0.772183  0.611012  0.174351  -0.197517  -0.491625  0.848111  -0.054036  0.060848  -0.024284  0.128207  0.260246  -0.564640  1.000000  
35.831155 0.038836  -0.041715  0.013863  0.605017  0.619658  0.499978  -0.771291  0.612000  0.174834  -0.197649  -0.491406  0.848207  -0.054358  0.061156  -0.024150  0.121527  0.269862  -0.590209  1.000000  
35.832161 0.038776  -0.041651  0.013840  0.605953  0.618922  0.499756  -0.770522  0.612838  0.175288  -0.197780  -0.491290  0.848244  -0.054833  0.061793  -0.023925  0.118893  0.279509  -0.615760  1.000000  
35.833405 0.038700  -0.041571  0.013812  0.607046  0.618119  0.499424  -0.769627  0.613823  0.175770  -0.197911  -0.491071  0.848340  -0.055574  0.062409  -0.023763  0.114944  0.295928  -0.653111  1.000000  
35.834407 0.038638  -0.041504  0.013790  0.607980  0.617380  0.499202  -0.768856  0.614659  0.176223  -0.198042  -0.490955  0.848377  -0.056125  0.062972  -0.023662  0.116362  0.305538  -0.678694  1.000000  
35.835422 0.038576  -0.041436  0.013768  0.608896  0.616660  0.498975  -0.768063  0.615567  0.176513  -0.198304  -0.490722  0.848450  -0.056768  0.063565  -0.023686  0.110561  0.313595  -0.711763  1.000000  
35.836658 0.038499  -0.041348  0.013739  0.609986  0.615852  0.498641  -0.767164  0.616549  0.176993  -0.198435  -0.490503  0.848546  -0.057655  0.064334  -0.023787  0.105369  0.327159  -0.744524  1.000000  
35.837908 0.038421  -0.041260  0.013709  0.611216  0.614875  0.498342  -0.766117  0.617709  0.177487  -0.198698  -0.490271  0.848619  -0.058507  0.064995  -0.023961  0.105902  0.339948  -0.782967  1.000000  
35.839159 0.038341  -0.041172  0.013677  0.612443  0.613956  0.497967  -0.765067  0.618888  0.177905  -0.198960  -0.489935  0.848751  -0.059261  0.065711  -0.024157  0.101928  0.348359  -0.824468  1.000000  
35.840162 0.038276  -0.041101  0.013651  0.613371  0.613271  0.497669  -0.764289  0.619740  0.178281  -0.199091  -0.489716  0.848847  -0.060054  0.066228  -0.024218  0.094694  0.357466  -0.851118  1.000000  
35.841405 0.038192  -0.041011  0.013620  0.614596  0.612288  0.497369  -0.763237  0.620894  0.178773  -0.199353  -0.489483  0.848919  -0.060991  0.066982  -0.024241  0.095517  0.370575  -0.890093  1.000000  
35.842406 0.038123  -0.040939  0.013596  0.615521  0.611660  0.496997  -0.762456  0.621766  0.179072  -0.199484  -0.489161  0.849074  -0.062023  0.067654  -0.024123  0.084831  0.383665  -0.912778  1.000000  
35.843654 0.038039  -0.040848  0.013567  0.616603  0.610843  0.496661  -0.761548  0.622742  0.179549  -0.199616  -0.488942  0.849170  -0.062861  0.068385  -0.023877  0.082235  0.393143  -0.938307  1.000000  
35.844655 0.037972  -0.040775  0.013545  0.617526  0.610212  0.496289  -0.760765  0.623612  0.179847  -0.199747  -0.488619  0.849325  -0.063553  0.069101  -0.023643  0.070787  0.402585  -0.966023  1.000000  
35.845655 0.037903  -0.040701  0.013523  0.618448  0.609521  0.495990  -0.759981  0.624460  0.180221  -0.199878  -0.488400  0.849420  -0.064176  0.069742  -0.023431  0.067617  0.408745  -0.983622  1.000000  
35.846658 0.037834  -0.040626  0.013502  0.619213  0.608956  0.495729  -0.759323  0.625181  0.180491  -0.200009  -0.488181  0.849515  -0.064858  0.070574  -0.023321  0.058752  0.414913  -1.005671  1.000000  
35.847906 0.037746  -0.040533  0.013474  0.620446  0.608065  0.495281  -0.758281  0.626300  0.180992  -0.200140  -0.487858  0.849670  -0.065689  0.071512  -0.023279  0.052177  0.425229  -1.033495  1.000000  
35.848906 0.037676  -0.040456  0.013453  0.621382  0.607411  0.494910  -0.757514  0.627095  0.181451  -0.200140  -0.487652  0.849788  -0.066214  0.072153  -0.023201  0.047734  0.434926  -1.038748  1.000000  
35.849908 0.037606  -0.040378  0.013431  0.622301  0.606774  0.494537  -0.756725  0.627961  0.181746  -0.200271  -0.487329  0.849942  -0.066802  0.072907  -0.023209  0.037409  0.441604  -1.053018  1.000000  
35.851156 0.037520  -0.040279  0.013402  0.623373  0.606007  0.494126  -0.755807  0.628951  0.182142  -0.200402  -0.487007  0.850096  -0.067308  0.073688  -0.023264  0.029202  0.447799  -1.061764  1.000000  
35.852172 0.037451  -0.040199  0.013377  0.624445  0.605178  0.493789  -0.754887  0.629918  0.182613  -0.200533  -0.486787  0.850191  -0.067820  0.074297  -0.023227  0.028256  0.457877  -1.081900  1.000000  
35.853409 0.037362  -0.040098  0.013347  0.625653  0.604237  0.493413  -0.753817  0.631081  0.183022  -0.200795  -0.486451  0.850321  -0.068442  0.075119  -0.023215  0.023177  0.464533  -1.094124  1.000000  
35.854659 0.037272  -0.039996  0.013318  0.626876  0.603334  0.492964  -0.752765  0.632192  0.183517  -0.200926  -0.486128  0.850475  -0.069130  0.076066  -0.023085  0.019152  0.470536  -1.102767  1.000000  
35.855908 0.037181  -0.039895  0.013291  0.628098  0.602489  0.492442  -0.751710  0.633324  0.183934  -0.201058  -0.485702  0.850687  -0.069641  0.076840  -0.022761  0.008619  0.477430  -1.117817  1.000000  
35.857154 0.037089  -0.039792  0.013266  0.629301  0.601601  0.491993  -0.750634  0.634505  0.184262  -0.201320  -0.485263  0.850876  -0.070138  0.077670  -0.022420  -0.000525  0.479864  -1.120422  1.000000  
35.858406 0.036998  -0.039689  0.013241  0.630656  0.600579  0.491506  -0.749425  0.635808  0.184691  -0.201582  -0.484823  0.851065  -0.070565  0.078593  -0.022081  -0.007057  0.482915  -1.138029  1.000000  
35.859656 0.036907  -0.039584  0.013215  0.632026  0.599596  0.490946  -0.748235  0.637059  0.185205  -0.201713  -0.484397  0.851276  -0.070992  0.079437  -0.021936  -0.013490  0.492130  -1.152458  1.000000  
35.860905 0.036815  -0.039480  0.013189  0.633530  0.598438  0.490420  -0.746891  0.638481  0.185732  -0.201975  -0.483957  0.851464  -0.071491  0.080213  -0.021913  -0.020033  0.498998  -1.167710  1.000000  
35.862155 0.036722  -0.039375  0.013163  0.634878  0.597408  0.489933  -0.745675  0.639777  0.186156  -0.202237  -0.483517  0.851652  -0.071767  0.080954  -0.021920  -0.027631  0.500735  -1.178048  1.000000  
35.863155 0.036648  -0.039290  0.013140  0.636087  0.596549  0.489411  -0.744607  0.640900  0.186565  -0.202368  -0.483091  0.851863  -0.072062  0.081626  -0.021915  -0.034453  0.507756  -1.193730  1.000000  
35.864405 0.036556  -0.039185  0.013114  0.637737  0.595249  0.488847  -0.743124  0.642439  0.187189  -0.202630  -0.482651  0.852050  -0.072453  0.082304  -0.021905  -0.039165  0.516015  -1.215375  1.000000  
35.865406 0.036482  -0.039099  0.013092  0.638924  0.594343  0.488398  -0.742031  0.643607  0.187508  -0.202892  -0.482210  0.852237  -0.072741  0.082703  -0.021794  -0.044167  0.522462  -1.227753  1.000000  
35.866655 0.036389  -0.038991  0.013066  0.640567  0.593036  0.487834  -0.740542  0.645140  0.188129  -0.203154  -0.481770  0.852424  -0.073208  0.083260  -0.021569  -0.046455  0.531242  -1.252937  1.000000  
35.867655 0.036313  -0.038905  0.013046  0.641751  0.592125  0.487385  -0.739444  0.646305  0.188446  -0.203416  -0.481330  0.852610  -0.073572  0.083663  -0.021273  -0.056841  0.534146  -1.258837  1.000000  
35.868665 0.036236  -0.038819  0.013028  0.642914  0.591169  0.487012  -0.738325  0.647517  0.188676  -0.203809  -0.480876  0.852772  -0.073905  0.083997  -0.020850  -0.060911  0.533908  -1.271233  1.000000  
35.869911 0.036138  -0.038711  0.013005  0.644682  0.589735  0.486413  -0.736673  0.649235  0.189227  -0.204202  -0.480318  0.852992  -0.074410  0.084335  -0.020481  -0.061741  0.542424  -1.305801  1.000000  
35.871159 0.036039  -0.038605  0.012983  0.646294  0.588431  0.485852  -0.735149  0.650829  0.189677  -0.204595  -0.479761  0.853212  -0.074891  0.084647  -0.020165  -0.069297  0.547897  -1.325650  1.000000  
35.872164 0.035960  -0.038518  0.012965  0.647770  0.587241  0.485327  -0.733776  0.652228  0.190189  -0.204857  -0.479320  0.853397  -0.075246  0.084894  -0.020086  -0.067480  0.556716  -1.351409  1.000000  
35.873405 0.035861  -0.038411  0.012940  0.649508  0.585810  0.484732  -0.732091  0.654007  0.190570  -0.205381  -0.478645  0.853650  -0.075836  0.085225  -0.020086  -0.076308  0.561159  -1.388046  1.000000  
35.874406 0.035781  -0.038324  0.012920  0.650977  0.584612  0.484207  -0.730712  0.655400  0.191079  -0.205643  -0.478204  0.853834  -0.076352  0.085447  -0.020060  -0.074472  0.570002  -1.413998  1.000000  
35.875406 0.035702  -0.038237  0.012898  0.652425  0.583427  0.483688  -0.729308  0.656862  0.191421  -0.206035  -0.477646  0.854052  -0.076712  0.085634  -0.020079  -0.080677  0.574914  -1.442193  1.000000  
35.876655 0.035603  -0.038129  0.012873  0.654319  0.581949  0.482909  -0.727498  0.658726  0.191901  -0.206428  -0.476880  0.854385  -0.077135  0.085895  -0.019995  -0.088659  0.588114  -1.481779  1.000000  
35.877905 0.035503  -0.038021  0.012848  0.656208  0.580407  0.482201  -0.725683  0.660564  0.192458  -0.206821  -0.476218  0.854659  -0.077569  0.086078  -0.019873  -0.093372  0.595994  -1.515536  1.000000  
35.878906 0.035422  -0.037935  0.012828  0.657645  0.579151  0.481754  -0.724269  0.661992  0.192875  -0.207214  -0.475763  0.854817  -0.078335  0.086483  -0.019764  -0.093548  0.602367  -1.550276  1.000000  
35.879945 0.035341  -0.037848  0.012810  0.659228  0.577814  0.481197  -0.722716  0.663561  0.193310  -0.207606  -0.475204  0.855033  -0.078413  0.085965  -0.019456  -0.098267  0.605849  -1.584676  1.000000  
35.881155 0.035239  -0.037740  0.012786  0.661251  0.576178  0.480380  -0.720752  0.665529  0.193878  -0.207999  -0.474437  0.855363  -0.079145  0.086270  -0.019365  -0.102091  0.619265  -1.625140  1.000000  
35.882405 0.035137  -0.037632  0.012764  0.663102  0.574572  0.479752  -0.718897  0.667397  0.194341  -0.208522  -0.473760  0.855611  -0.079665  0.086263  -0.019137  -0.106544  0.627258  -1.659635  1.000000  
35.883656 0.035034  -0.037525  0.012740  0.664800  0.573156  0.479095  -0.717175  0.669165  0.194621  -0.209046  -0.472980  0.855915  -0.080187  0.086340  -0.019178  -0.120297  0.626213  -1.691959  1.000000  
35.884905 0.034930  -0.037417  0.012715  0.666494  0.571735  0.478440  -0.715449  0.670930  0.194899  -0.209569  -0.472199  0.856218  -0.080598  0.086303  -0.019314  -0.127800  0.624561  -1.713597  1.000000  
35.885908 0.034846  -0.037331  0.012696  0.668055  0.570433  0.477817  -0.713876  0.672504  0.195242  -0.209962  -0.471535  0.856488  -0.080913  0.086303  -0.019440  -0.132389  0.632226  -1.747505  1.000000  
35.886909 0.034761  -0.037246  0.012675  0.669465  0.569265  0.477236  -0.712438  0.673957  0.195484  -0.210354  -0.470871  0.856757  -0.081321  0.086273  -0.019657  -0.138158  0.638978  -1.776136  1.000000  
35.887911 0.034676  -0.037160  0.012655  0.670873  0.568151  0.476586  -0.710996  0.675432  0.195643  -0.210746  -0.470102  0.857082  -0.081585  0.086213  -0.019719  -0.151098  0.636575  -1.792535  1.000000  
35.889158 0.034572  -0.037052  0.012628  0.672695  0.566573  0.475895  -0.709117  0.677299  0.196010  -0.211270  -0.469320  0.857382  -0.081924  0.086237  -0.019725  -0.155438  0.644018  -1.826939  1.000000  
35.890405 0.034468  -0.036944  0.012602  0.674532  0.565089  0.475059  -0.707252  0.679140  0.196375  -0.211662  -0.468447  0.857762  -0.082250  0.086260  -0.019755  -0.166833  0.648690  -1.847521  1.000000  
35.891406 0.034385  -0.036856  0.012583  0.675928  0.563905  0.474481  -0.705801  0.680581  0.196609  -0.212054  -0.467782  0.858028  -0.082573  0.086257  -0.019678  -0.169941  0.650750  -1.865998  1.000000  
35.892655 0.034281  -0.036748  0.012557  0.677736  0.562426  0.473658  -0.703907  0.682483  0.196802  -0.212577  -0.466791  0.858439  -0.082864  0.086312  -0.019733  -0.185445  0.649958  -1.892348  1.000000  
35.893655 0.034196  -0.036661  0.012537  0.679144  0.561334  0.472935  -0.702470  0.683897  0.197031  -0.212839  -0.466035  0.858785  -0.083098  0.086314  -0.019811  -0.198030  0.652665  -1.902670  1.000000  
35.894905 0.034093  -0.036553  0.012512  0.680962  0.559830  0.472103  -0.700588  0.685723  0.197384  -0.213231  -0.465161  0.859161  -0.083460  0.086599  -0.019921  -0.207168  0.652485  -1.921176  1.000000  
35.895905 0.034008  -0.036467  0.012491  0.682487  0.558546  0.471422  -0.698983  0.687291  0.197622  -0.213623  -0.464390  0.859481  -0.083463  0.086327  -0.019992  -0.219916  0.653861  -1.935449  1.000000  
35.896930 0.033926  -0.036380  0.012470  0.683884  0.557442  0.470702  -0.697536  0.688696  0.197843  -0.213884  -0.463633  0.859824  -0.083367  0.086203  -0.020147  -0.228536  0.658536  -1.946097  1.000000  
35.898155 0.033822  -0.036272  0.012444  0.685688  0.555923  0.469874  -0.695642  0.690511  0.198186  -0.214276  -0.462758  0.860198  -0.083530  0.086385  -0.020351  -0.235004  0.668295  -1.961180  1.000000  
35.899155 0.033738  -0.036186  0.012423  0.687058  0.554711  0.469304  -0.694167  0.691930  0.198404  -0.214669  -0.462091  0.860459  -0.083627  0.086386  -0.020512  -0.240979  0.666395  -1.969578  1.000000  
35.900158 0.033655  -0.036099  0.012401  0.688445  0.553540  0.468654  -0.692711  0.693303  0.198702  -0.214930  -0.461437  0.860744  -0.083564  0.086490  -0.020644  -0.249277  0.667975  -1.972284  1.000000  
35.901404 0.033549  -0.035992  0.012375  0.690094  0.552149  0.467870  -0.690947  0.694993  0.198941  -0.215322  -0.460561  0.861115  -0.083649  0.086515  -0.020725  -0.258223  0.670579  -1.973817  1.000000  
35.902421 0.033465  -0.035905  0.012354  0.691453  0.550983  0.467237  -0.689463  0.696428  0.199068  -0.215714  -0.459789  0.861430  -0.083497  0.086524  -0.020670  -0.270504  0.667872  -1.977954  1.000000  
35.903657 0.033361  -0.035795  0.012328  0.693093  0.549639  0.466389  -0.687692  0.698135  0.199216  -0.216106  -0.458808  0.861855  -0.083458  0.086715  -0.020647  -0.282003  0.666229  -1.979123  1.000000  
35.904658 0.033279  -0.035707  0.012309  0.694466  0.548452  0.465743  -0.686223  0.699497  0.199505  -0.216367  -0.458153  0.862137  -0.083904  0.087349  -0.020676  -0.285389  0.668779  -1.977271  1.000000  
35.905659 0.033196  -0.035619  0.012290  0.695956  0.547131  0.465073  -0.684588  0.701036  0.199721  -0.216759  -0.457380  0.862449  -0.083429  0.086819  -0.020442  -0.291368  0.666511  -1.985583  1.000000  
35.906905 0.033091  -0.035510  0.012267  0.697583  0.545773  0.464230  -0.682805  0.702732  0.199860  -0.217151  -0.456398  0.862871  -0.083456  0.086849  -0.020383  -0.304265  0.661459  -1.980296  1.000000  
35.907908 0.033008  -0.035422  0.012248  0.698785  0.544789  0.463578  -0.681451  0.704064  0.199795  -0.217543  -0.455520  0.863236  -0.083413  0.086897  -0.020300  -0.317097  0.656504  -1.974464  1.000000  
35.909156 0.032905  -0.035313  0.012224  0.700543  0.543333  0.462632  -0.679517  0.705890  0.199938  -0.217934  -0.454431  0.863711  -0.083358  0.086990  -0.020191  -0.332479  0.658522  -1.973017  1.000000  
35.910406 0.032801  -0.035205  0.012199  0.702296  0.541871  0.461688  -0.677579  0.707712  0.200076  -0.218326  -0.453343  0.864184  -0.083273  0.087009  -0.020168  -0.349456  0.653348  -1.967662  1.000000  
35.911406 0.032719  -0.035117  0.012179  0.703787  0.540627  0.460876  -0.675946  0.709216  0.200273  -0.218587  -0.452477  0.864572  -0.083225  0.087075  -0.020120  -0.360975  0.655637  -1.965774  1.000000  
35.912407 0.032636  -0.035031  0.012161  0.705252  0.539335  0.460149  -0.674290  0.710759  0.200387  -0.218979  -0.451597  0.864933  -0.083214  0.087100  -0.019868  -0.366800  0.657038  -1.971987  1.000000  
35.913657 0.032532  -0.034922  0.012137  0.706991  0.537801  0.459275  -0.672340  0.712544  0.200601  -0.219370  -0.450612  0.865347  -0.083205  0.087138  -0.019682  -0.378077  0.659124  -1.970326  1.000000  
35.914906 0.032427  -0.034814  0.012116  0.708840  0.536182  0.458317  -0.670219  0.714525  0.200652  -0.219893  -0.449403  0.865843  -0.083229  0.087154  -0.019355  -0.386248  0.663143  -1.982869  1.000000  
35.916156 0.032322  -0.034706  0.012096  0.710567  0.534747  0.457318  -0.668259  0.716349  0.200684  -0.220284  -0.448207  0.866364  -0.083230  0.087173  -0.018876  -0.399507  0.661894  -1.978919  1.000000  
35.917158 0.032236  -0.034620  0.012082  0.712014  0.533436  0.456599  -0.666587  0.717877  0.200785  -0.220676  -0.447325  0.866719  -0.083418  0.087173  -0.018437  -0.405280  0.663272  -1.985214  1.000000  
35.918417 0.032131  -0.034511  0.012063  0.713846  0.531798  0.455649  -0.664452  0.719843  0.200824  -0.221198  -0.446114  0.867210  -0.083347  0.086988  -0.017988  -0.417067  0.662887  -1.995785  1.000000  
35.919659 0.032026  -0.034402  0.012043  0.715671  0.530097  0.454766  -0.662311  0.721779  0.200946  -0.221720  -0.445008  0.867645  -0.083547  0.087009  -0.017660  -0.424028  0.665988  -2.008995  1.000000  
35.920661 0.031941  -0.034314  0.012029  0.717103  0.528826  0.453989  -0.660628  0.723318  0.200950  -0.222111  -0.444020  0.868051  -0.083626  0.087048  -0.017382  -0.432604  0.665174  -2.009187  1.000000  
35.921909 0.031835  -0.034205  0.012008  0.718917  0.527114  0.453111  -0.658478  0.725244  0.201064  -0.222633  -0.442912  0.868483  -0.083783  0.086951  -0.017184  -0.438279  0.662065  -2.017832  1.000000  
35.923158 0.031728  -0.034096  0.011990  0.720745  0.525494  0.452087  -0.656343  0.727149  0.201165  -0.223024  -0.441713  0.868994  -0.083981  0.086968  -0.016794  -0.443899  0.666574  -2.022136  1.000000  
35.924160 0.031642  -0.034010  0.011974  0.722298  0.524057  0.451275  -0.654501  0.728785  0.201251  -0.223415  -0.440723  0.869395  -0.084179  0.086828  -0.016558  -0.448279  0.666765  -2.036491  1.000000  
35.925406 0.031534  -0.033901  0.011958  0.724093  0.522381  0.450342  -0.652336  0.730719  0.201265  -0.223937  -0.439509  0.869876  -0.084500  0.086817  -0.016052  -0.458074  0.663570  -2.045464  1.000000  
35.926655 0.031426  -0.033792  0.011941  0.726148  0.520396  0.449330  -0.649867  0.732862  0.201459  -0.224459  -0.438294  0.870354  -0.084829  0.086888  -0.015576  -0.461105  0.666984  -2.068032  1.000000  
35.927656 0.031340  -0.033705  0.011929  0.727684  0.518996  0.448463  -0.648011  0.734507  0.201445  -0.224850  -0.437197  0.870805  -0.085096  0.086888  -0.015083  -0.473108  0.670545  -2.078699  1.000000  
35.928905 0.031230  -0.033596  0.011914  0.729614  0.517192  0.447410  -0.645701  0.736492  0.201615  -0.225241  -0.435995  0.871307  -0.085724  0.087258  -0.014656  -0.481427  0.674283  -2.091304  1.000000  
35.929939 0.031142  -0.033509  0.011903  0.731139  0.515727  0.446611  -0.643837  0.738104  0.201683  -0.225632  -0.435003  0.871701  -0.085474  0.086813  -0.014167  -0.489371  0.673822  -2.103656  1.000000  
35.931155 0.031032  -0.033399  0.011888  0.733320  0.513658  0.445418  -0.641215  0.740314  0.201937  -0.226023  -0.433693  0.872252  -0.085940  0.087104  -0.013881  -0.494528  0.687900  -2.130543  1.000000  
35.932157 0.030945  -0.033311  0.011876  0.734987  0.512127  0.444432  -0.639210  0.742008  0.202076  -0.226284  -0.432608  0.872723  -0.086083  0.087284  -0.013745  -0.501507  0.694832  -2.148984  1.000000  
35.933405 0.030834  -0.033201  0.011860  0.737282  0.509834  0.443265  -0.636423  0.744285  0.202499  -0.226674  -0.431403  0.873218  -0.086550  0.087432  -0.013538  -0.503649  0.710655  -2.185491  1.000000  
35.934655 0.030724  -0.033090  0.011843  0.739459  0.507836  0.441931  -0.633799  0.746461  0.202720  -0.226935  -0.429999  0.873843  -0.086824  0.087461  -0.013399  -0.515479  0.727001  -2.213984  1.000000  
35.935740 0.030634  -0.033002  0.011829  0.741236  0.506184  0.440848  -0.631626  0.748267  0.202844  -0.227196  -0.428806  0.874361  -0.086649  0.087010  -0.013154  -0.524189  0.735347  -2.231078  1.000000  
35.936908 0.030522  -0.032890  0.011813  0.743396  0.504221  0.439458  -0.628988  0.750454  0.202960  -0.227456  -0.427293  0.875034  -0.087490  0.087627  -0.013012  -0.537253  0.757293  -2.263560  1.000000  
35.938161 0.030410  -0.032778  0.011797  0.745675  0.502094  0.438030  -0.626190  0.752737  0.203158  -0.227717  -0.425780  0.875703  -0.087837  0.087848  -0.012784  -0.543486  0.776193  -2.298500  1.000000  
35.939408 0.030298  -0.032665  0.011782  0.747944  0.499956  0.436606  -0.623383  0.755012  0.203348  -0.227977  -0.424266  0.876370  -0.088183  0.088242  -0.012603  -0.551294  0.792032  -2.327714  1.000000  
35.940655 0.030187  -0.032551  0.011767  0.750097  0.498059  0.435077  -0.620742  0.757164  0.203423  -0.228108  -0.422658  0.877113  -0.088393  0.088649  -0.012475  -0.564899  0.808690  -2.349143  1.000000  
35.941657 0.030098  -0.032459  0.011754  0.751732  0.496619  0.433899  -0.618713  0.758827  0.203408  -0.228238  -0.421367  0.877700  -0.088582  0.088879  -0.012507  -0.577410  0.819810  -2.357884  1.000000  
35.942906 0.029986  -0.032344  0.011737  0.753846  0.494713  0.432407  -0.616040  0.761028  0.203300  -0.228498  -0.419637  0.878461  -0.088825  0.089323  -0.012618  -0.596409  0.829112  -2.375225  1.000000  
35.944162 0.029875  -0.032229  0.011721  0.756123  0.492674  0.430755  -0.613242  0.763228  0.203513  -0.228498  -0.418038  0.879223  -0.088865  0.089638  -0.012739  -0.608399  0.852387  -2.400093  1.000000  
35.945405 0.029763  -0.032114  0.011706  0.758367  0.490581  0.429197  -0.610417  0.765455  0.203641  -0.228629  -0.416424  0.879954  -0.088992  0.090052  -0.012801  -0.616702  0.871364  -2.421495  1.000000  
35.946406 0.029675  -0.032021  0.011694  0.759998  0.489154  0.427939  -0.608385  0.767063  0.203673  -0.228629  -0.415143  0.880560  -0.089082  0.090463  -0.012739  -0.628872  0.890811  -2.433044  1.000000  
35.947655 0.029562  -0.031906  0.011679  0.762122  0.487243  0.426338  -0.605721  0.769142  0.203770  -0.228629  -0.413540  0.881313  -0.089176  0.090827  -0.012697  -0.639983  0.907955  -2.446545  1.000000  
35.948906 0.029450  -0.031790  0.011664  0.764238  0.485322  0.424740  -0.603050  0.771215  0.203858  -0.228629  -0.411936  0.882064  -0.089318  0.091094  -0.012584  -0.653178  0.926677  -2.457587  1.000000  
35.950159 0.029338  -0.031675  0.011650  0.766319  0.483347  0.423238  -0.600353  0.773315  0.203864  -0.228759  -0.410317  0.882785  -0.089417  0.091382  -0.012398  -0.665438  0.940693  -2.465260  1.000000  
35.951405 0.029225  -0.031559  0.011638  0.768317  0.481608  0.421595  -0.597845  0.775241  0.203920  -0.228629  -0.408723  0.883558  -0.089495  0.091721  -0.012129  -0.681993  0.962762  -2.468760  1.000000  
35.952416 0.029134  -0.031466  0.011629  0.769669  0.480515  0.420375  -0.596103  0.776652  0.203649  -0.228629  -0.407330  0.884201  -0.089446  0.091926  -0.011840  -0.699571  0.974112  -2.463702  1.000000  
35.953657 0.029023  -0.031348  0.011616  0.771286  0.479291  0.418806  -0.594060  0.778298  0.203336  -0.228498  -0.405626  0.885018  -0.089512  0.092323  -0.011723  -0.721131  0.987539  -2.449870  1.000000  
35.954659 0.028933  -0.031254  0.011604  0.772775  0.478120  0.417397  -0.592171  0.779793  0.203118  -0.228368  -0.404135  0.885733  -0.089553  0.092559  -0.011693  -0.743608  1.003289  -2.449223  1.000000  
35.955909 0.028822  -0.031135  0.011587  0.774503  0.476772  0.415733  -0.589960  0.781554  0.202781  -0.228238  -0.402320  0.886592  -0.089479  0.092827  -0.011789  -0.766745  1.009312  -2.430927  1.000000  
35.957156 0.028711  -0.031016  0.011569  0.776224  0.475465  0.414015  -0.587744  0.783336  0.202340  -0.228108  -0.400396  0.887496  -0.089460  0.093128  -0.011839  -0.793397  1.018942  -2.417051  1.000000  
35.958407 0.028600  -0.030898  0.011553  0.777915  0.474057  0.412454  -0.585504  0.785122  0.201914  -0.228108  -0.398565  0.888320  -0.089494  0.093376  -0.011812  -0.817832  1.027490  -2.406967  1.000000  
35.959657 0.028487  -0.030778  0.011538  0.779504  0.472845  0.410843  -0.583438  0.786773  0.201466  -0.227977  -0.396745  0.889168  -0.089517  0.093666  -0.011823  -0.845842  1.039068  -2.389465  1.000000  
35.960906 0.028373  -0.030660  0.011526  0.781207  0.471463  0.409193  -0.581207  0.788517  0.201095  -0.227847  -0.394923  0.890012  -0.089746  0.093864  -0.011605  -0.869683  1.041386  -2.362700  1.000000  
35.961907 0.028280  -0.030566  0.011515  0.782521  0.470320  0.407996  -0.579437  0.789900  0.200776  -0.227847  -0.393519  0.890634  -0.090009  0.093993  -0.011540  -0.884726  1.040492  -2.348092  1.000000  
35.963156 0.028165  -0.030448  0.011503  0.784212  0.468873  0.406410  -0.577197  0.791612  0.200486  -0.227717  -0.391802  0.891424  -0.090243  0.094048  -0.011315  -0.911035  1.041481  -2.317623  1.000000  
35.964264 0.028071  -0.030354  0.011495  0.785754  0.467392  0.405136  -0.575096  0.793181  0.200322  -0.227717  -0.390396  0.892040  -0.089775  0.093535  -0.011043  -0.919743  1.038527  -2.308741  1.000000  
35.965406 0.027953  -0.030238  0.011484  0.787290  0.466003  0.403751  -0.572991  0.794794  0.199960  -0.227717  -0.388772  0.892749  -0.090829  0.094293  -0.010960  -0.930133  1.036651  -2.293056  1.000000  
35.966656 0.027834  -0.030121  0.011473  0.788939  0.464541  0.402216  -0.570720  0.796547  0.199481  -0.227717  -0.386931  0.893549  -0.091410  0.094624  -0.010879  -0.949318  1.030670  -2.269627  1.000000  
35.967906 0.027716  -0.030003  0.011462  0.790580  0.463070  0.400685  -0.568443  0.798294  0.198993  -0.227717  -0.385087  0.894345  -0.091558  0.094448  -0.010747  -0.968943  1.020558  -2.237412  1.000000  
35.968917 0.027623  -0.029908  0.011453  0.791724  0.462112  0.399532  -0.566797  0.799638  0.198294  -0.227847  -0.383447  0.895016  -0.091828  0.094387  -0.010649  -0.992931  1.006451  -2.206170  1.000000  
35.970160 0.027506  -0.029789  0.011442  0.793354  0.460627  0.398010  -0.564513  0.801376  0.197792  -0.227847  -0.381601  0.895805  -0.092223  0.094454  -0.010314  -1.005666  1.002139  -2.186305  1.000000  
35.971409 0.027390  -0.029670  0.011432  0.794747  0.459609  0.396406  -0.562551  0.802992  0.196828  -0.227847  -0.379427  0.896728  -0.092598  0.094496  -0.009802  -1.032333  0.990618  -2.162257  1.000000  
