1-Time 2-Px 3-Py 4-Pz 5-R11 6-R21 7-R31 8-R12 9-R22 10-R32 11-R13 12-R23 13-R33 14-Vx 15-Vy 16-Vz 17-Wx 18-Wy 19-Wz 20-state
27.552361 0.024991  -0.001905  0.008145  0.661119  0.698770  0.273207  -0.740559  0.666182  0.088172  -0.120394  -0.260618  0.957906  0.000393  -0.000465  -0.001497  0.000000  0.000000  0.000000  1.000000  
27.553495 0.024992  -0.001906  0.008143  0.661119  0.698770  0.273207  -0.740559  0.666182  0.088172  -0.120394  -0.260618  0.957906  0.000702  -0.000701  -0.002107  0.000000  0.000000  0.000000  1.000000  
27.554752 0.024981  -0.001912  0.008135  0.661119  0.698770  0.273207  -0.740559  0.666182  0.088172  -0.120394  -0.260618  0.957906  -0.005261  -0.003473  -0.004729  0.000000  0.000000  0.000000  1.000000  
27.555990 0.024963  -0.001921  0.008124  0.661119  0.698770  0.273207  -0.740559  0.666182  0.088172  -0.120394  -0.260618  0.957906  -0.008718  -0.004950  -0.006290  0.000000  0.000000  0.000000  1.000000  
27.556995 0.024954  -0.001925  0.008118  0.661119  0.698770  0.273207  -0.740559  0.666182  0.088172  -0.120394  -0.260618  0.957906  -0.008769  -0.004594  -0.006183  0.000000  0.000000  0.000000  1.000000  
27.558237 0.024948  -0.001926  0.008115  0.661119  0.698770  0.273207  -0.740559  0.666182  0.088172  -0.120394  -0.260618  0.957906  -0.007954  -0.003721  -0.005332  0.000000  0.000000  0.000000  1.000000  
27.559242 0.024939  -0.001927  0.008113  0.661119  0.698770  0.273207  -0.740559  0.666182  0.088172  -0.120394  -0.260618  0.957906  -0.008121  -0.003354  -0.004923  0.000000  0.000000  0.000000  1.000000  
27.560489 0.024922  -0.001929  0.008107  0.661129  0.698794  0.273121  -0.740571  0.666156  0.088267  -0.120261  -0.260622  0.957921  -0.009001  -0.003062  -0.004927  0.000000  0.000000  0.000000  1.000000  
27.561502 0.024907  -0.001929  0.008100  0.661129  0.698794  0.273121  -0.740571  0.666156  0.088267  -0.120261  -0.260622  0.957921  -0.009677  -0.002684  -0.005057  0.000000  0.000000  0.000000  1.000000  
27.562735 0.024891  -0.001928  0.008093  0.661129  0.698794  0.273121  -0.740571  0.666156  0.088267  -0.120261  -0.260622  0.957921  -0.010036  -0.002291  -0.005128  0.000000  0.000000  0.000000  1.000000  
27.563737 0.024881  -0.001929  0.008089  0.661293  0.698713  0.272933  -0.740447  0.666284  0.088338  -0.120128  -0.260510  0.957969  -0.010097  -0.002160  -0.005094  0.000000  0.000000  0.000000  1.000000  
27.564738 0.024870  -0.001930  0.008082  0.661140  0.698850  0.272951  -0.740583  0.666141  0.088282  -0.120128  -0.260510  0.957969  -0.010166  -0.002038  -0.005200  0.000000  0.000000  0.000000  1.000000  
27.565740 0.024857  -0.001931  0.008076  0.661151  0.698873  0.272866  -0.740595  0.666115  0.088378  -0.119995  -0.260514  0.957984  -0.010352  -0.001964  -0.005293  0.000000  0.000000  0.000000  1.000000  
27.566740 0.024841  -0.001931  0.008068  0.661303  0.698769  0.272763  -0.740459  0.666269  0.088353  -0.119995  -0.260398  0.958016  -0.010769  -0.001873  -0.005469  0.000000  0.000000  0.000000  1.000000  
27.567996 0.024817  -0.001937  0.008057  0.661314  0.698792  0.272678  -0.740471  0.666243  0.088449  -0.119862  -0.260402  0.958031  -0.011657  -0.002091  -0.005797  0.000000  0.000000  0.000000  1.000000  
27.569243 0.024791  -0.001946  0.008044  0.661477  0.698711  0.272489  -0.740347  0.666372  0.088520  -0.119729  -0.260290  0.958078  -0.013096  -0.002510  -0.006346  0.000000  0.000000  0.000000  1.000000  
27.570246 0.024770  -0.001954  0.008035  0.661477  0.698745  0.272405  -0.740347  0.666382  0.088439  -0.119729  -0.260174  0.958110  -0.013540  -0.002465  -0.006404  0.000000  0.000000  0.000000  1.000000  
27.571494 0.024747  -0.001959  0.008023  0.661629  0.698640  0.272302  -0.740210  0.666537  0.088414  -0.119729  -0.260058  0.958141  -0.014162  -0.002420  -0.006535  0.000000  0.000000  0.000000  1.000000  
27.572754 0.024725  -0.001962  0.008015  0.661782  0.698536  0.272199  -0.740074  0.666692  0.088389  -0.119729  -0.259942  0.958173  -0.015159  -0.002412  -0.006837  0.000000  0.000000  0.000000  1.000000  
27.573989 0.024702  -0.001962  0.008007  0.662086  0.698295  0.272078  -0.739802  0.666990  0.088420  -0.119729  -0.259825  0.958204  -0.015940  -0.002341  -0.007085  0.000000  0.000000  0.000000  1.000000  
27.575239 0.024679  -0.001965  0.007995  0.662239  0.698157  0.272059  -0.739665  0.667134  0.088476  -0.119729  -0.259825  0.958204  -0.016459  -0.002416  -0.007589  0.000000  0.000000  0.000000  1.000000  
27.576486 0.024658  -0.001967  0.007980  0.662543  0.697915  0.271938  -0.739392  0.667432  0.088507  -0.119729  -0.259709  0.958236  -0.016606  -0.002534  -0.008068  0.000000  0.000000  0.000000  1.000000  
27.577487 0.024644  -0.001968  0.007967  0.662695  0.697778  0.271920  -0.739256  0.667575  0.088563  -0.119729  -0.259709  0.958236  -0.016691  -0.002644  -0.008567  0.000000  0.000000  0.000000  1.000000  
27.578490 0.024629  -0.001970  0.007955  0.663000  0.697536  0.271799  -0.738983  0.667873  0.088594  -0.119729  -0.259593  0.958267  -0.017025  -0.002772  -0.009034  0.000000  0.000000  0.000000  1.000000  
27.579735 0.024610  -0.001972  0.007942  0.663304  0.697261  0.271762  -0.738710  0.668161  0.088706  -0.119729  -0.259593  0.958267  -0.017298  -0.002807  -0.009356  0.000000  0.000000  0.000000  1.000000  
27.580740 0.024591  -0.001975  0.007931  0.663608  0.696986  0.271726  -0.738437  0.668448  0.088818  -0.119729  -0.259593  0.958267  -0.017728  -0.002984  -0.009623  0.000000  0.000000  0.000000  1.000000  
27.581986 0.024566  -0.001981  0.007919  0.663912  0.696744  0.271605  -0.738164  0.668745  0.088849  -0.119729  -0.259477  0.958299  -0.017951  -0.003242  -0.009871  0.000000  0.000000  0.000000  1.000000  
27.582986 0.024547  -0.001986  0.007908  0.664216  0.696501  0.271484  -0.737890  0.669043  0.088880  -0.119729  -0.259360  0.958330  -0.018028  -0.003310  -0.009963  0.000000  0.000000  0.000000  1.000000  
27.583992 0.024529  -0.001991  0.007897  0.664530  0.696282  0.271277  -0.737629  0.669315  0.089005  -0.119597  -0.259248  0.958377  -0.017774  -0.003078  -0.010001  0.000000  0.000000  0.000000  1.000000  
27.585236 0.024505  -0.001996  0.007884  0.664682  0.696177  0.271174  -0.737492  0.669469  0.088980  -0.119597  -0.259132  0.958409  -0.017664  -0.002803  -0.010034  0.000000  0.000000  0.000000  1.000000  
27.586241 0.024486  -0.001997  0.007875  0.664986  0.695934  0.271053  -0.737218  0.669766  0.089011  -0.119597  -0.259016  0.958440  -0.017724  -0.002544  -0.010060  0.000000  0.000000  0.000000  1.000000  
27.587241 0.024467  -0.001998  0.007866  0.665138  0.695829  0.270950  -0.737081  0.669920  0.088985  -0.119597  -0.258900  0.958472  -0.017831  -0.002440  -0.010169  -0.039567  0.072777  -0.165331  1.000000  
27.588242 0.024447  -0.001997  0.007854  0.665441  0.695586  0.270829  -0.736807  0.670217  0.089015  -0.119597  -0.258783  0.958503  -0.017951  -0.002385  -0.010570  -0.041984  0.076363  -0.178599  1.000000  
27.589503 0.024425  -0.001996  0.007838  0.665593  0.695481  0.270726  -0.736670  0.670371  0.088990  -0.119597  -0.258667  0.958534  -0.017843  -0.002199  -0.010970  -0.045231  0.073788  -0.186360  1.000000  
27.590562 0.024409  -0.001996  0.007825  0.665593  0.695514  0.270642  -0.736670  0.670382  0.088908  -0.119597  -0.258551  0.958566  -0.017659  -0.002050  -0.011030  -0.049189  0.073600  -0.185920  1.000000  
27.591736 0.024385  -0.001994  0.007808  0.665744  0.695408  0.270539  -0.736533  0.670536  0.088883  -0.119597  -0.258435  0.958597  -0.018009  -0.001817  -0.011204  -0.052159  0.074994  -0.191551  1.000000  
27.592986 0.024360  -0.001993  0.007793  0.665907  0.695326  0.270351  -0.736408  0.670665  0.088952  -0.119464  -0.258322  0.958644  -0.018452  -0.001663  -0.011165  -0.055368  0.081032  -0.196875  1.000000  
27.594236 0.024333  -0.001996  0.007779  0.665917  0.695349  0.270265  -0.736420  0.670639  0.089047  -0.119331  -0.258327  0.958659  -0.018928  -0.001624  -0.011245  -0.052175  0.079242  -0.190308  1.000000  
27.595486 0.024307  -0.001998  0.007765  0.665917  0.695349  0.270265  -0.736420  0.670639  0.089047  -0.119331  -0.258327  0.958659  -0.019297  -0.001601  -0.011283  -0.051370  0.076720  -0.198059  1.000000  
27.596736 0.024277  -0.002002  0.007750  0.665928  0.695373  0.270179  -0.736432  0.670613  0.089143  -0.119198  -0.258331  0.958675  -0.019616  -0.001497  -0.011426  -0.048164  0.079239  -0.190335  1.000000  
27.597736 0.024253  -0.002005  0.007737  0.665939  0.695429  0.270008  -0.736443  0.670598  0.089156  -0.119065  -0.258219  0.958721  -0.019937  -0.001266  -0.011566  -0.052230  0.079220  -0.190324  1.000000  
27.598986 0.024221  -0.002009  0.007718  0.665798  0.695590  0.269941  -0.736592  0.670430  0.089196  -0.118932  -0.258223  0.958737  -0.020501  -0.001204  -0.011939  -0.049853  0.075653  -0.177182  1.000000  
27.599992 0.024198  -0.002012  0.007703  0.665809  0.695613  0.269855  -0.736604  0.670404  0.089291  -0.118800  -0.258227  0.958752  -0.020863  -0.001063  -0.012295  -0.045820  0.079944  -0.176014  1.000000  
27.601236 0.024170  -0.002012  0.007685  0.665668  0.695807  0.269703  -0.736753  0.670246  0.089249  -0.118667  -0.258115  0.958799  -0.021113  -0.000969  -0.012730  -0.047482  0.080694  -0.161750  1.000000  
27.602240 0.024149  -0.002010  0.007671  0.665678  0.695863  0.269532  -0.736765  0.670231  0.089263  -0.118534  -0.258002  0.958845  -0.021217  -0.000804  -0.012970  0.000000  0.000000  0.000000  1.000000  
27.603260 0.024127  -0.002007  0.007655  0.665537  0.696056  0.269380  -0.736914  0.670073  0.089222  -0.118401  -0.257890  0.958892  -0.021383  -0.000637  -0.013246  0.000000  0.000000  0.000000  1.000000  
27.604494 0.024099  -0.002005  0.007635  0.665548  0.696112  0.269210  -0.736925  0.670058  0.089236  -0.118268  -0.257778  0.958939  -0.021767  -0.000568  -0.013526  0.000000  0.000000  0.000000  1.000000  
27.605741 0.024072  -0.002004  0.007615  0.665569  0.696191  0.268953  -0.736949  0.670018  0.089345  -0.118002  -0.257670  0.959000  -0.022252  -0.000647  -0.013720  0.000000  0.000000  0.000000  1.000000  
27.606989 0.024045  -0.002005  0.007598  0.665590  0.696270  0.268697  -0.736972  0.669978  0.089454  -0.117737  -0.257562  0.959062  -0.022384  -0.000767  -0.013858  0.000000  0.000000  0.000000  1.000000  
27.608006 0.024023  -0.002008  0.007583  0.665601  0.696326  0.268526  -0.736984  0.669963  0.089468  -0.117604  -0.257450  0.959108  -0.022489  -0.000918  -0.013972  0.000000  0.000000  0.000000  1.000000  
27.609237 0.023993  -0.002012  0.007563  0.665622  0.696404  0.268270  -0.737007  0.669923  0.089577  -0.117338  -0.257341  0.959170  -0.022721  -0.001063  -0.014398  0.000000  0.000000  0.000000  1.000000  
27.610485 0.023965  -0.002016  0.007542  0.665643  0.696516  0.267929  -0.737030  0.669893  0.089605  -0.117072  -0.257117  0.959263  -0.022766  -0.001185  -0.014863  0.000000  0.000000  0.000000  1.000000  
27.611486 0.023943  -0.002021  0.007524  0.665815  0.696456  0.267654  -0.736917  0.669997  0.089770  -0.116807  -0.257009  0.959324  -0.022690  -0.001240  -0.015312  0.000000  0.000000  0.000000  1.000000  
27.612488 0.023921  -0.002024  0.007505  0.665988  0.696397  0.267379  -0.736803  0.670100  0.089934  -0.116541  -0.256900  0.959385  -0.022483  -0.001304  -0.015733  0.000000  0.000000  0.000000  1.000000  
27.613736 0.023895  -0.002030  0.007480  0.666161  0.696337  0.267104  -0.736689  0.670203  0.090098  -0.116275  -0.256792  0.959447  -0.022135  -0.001371  -0.016098  0.000000  0.000000  0.000000  1.000000  
27.614986 0.023869  -0.002034  0.007456  0.666344  0.696333  0.266658  -0.736586  0.670292  0.090276  -0.115876  -0.256571  0.959554  -0.021939  -0.001465  -0.016477  0.000000  0.000000  0.000000  1.000000  
27.615993 0.023849  -0.002034  0.007437  0.666526  0.696329  0.266212  -0.736483  0.670381  0.090454  -0.115478  -0.256350  0.959661  -0.021768  -0.001513  -0.016802  0.000000  0.000000  0.000000  1.000000  
27.617236 0.023824  -0.002034  0.007412  0.666709  0.696324  0.265766  -0.736380  0.670470  0.090632  -0.115079  -0.256130  0.959768  -0.021662  -0.001598  -0.017255  -0.094654  0.160615  -0.013336  1.000000  
27.618490 0.023798  -0.002035  0.007387  0.667043  0.696182  0.265301  -0.736140  0.670702  0.090864  -0.114680  -0.255909  0.959875  -0.021504  -0.001874  -0.017613  -0.098695  0.173513  -0.009897  1.000000  
27.619491 0.023777  -0.002037  0.007368  0.667215  0.696154  0.264941  -0.736025  0.670817  0.090946  -0.114414  -0.255684  0.959966  -0.021469  -0.002169  -0.017822  -0.102786  0.182199  -0.007623  1.000000  
27.620741 0.023750  -0.002042  0.007344  0.667387  0.696158  0.264496  -0.735911  0.670943  0.090947  -0.114149  -0.255342  0.960089  -0.021456  -0.002501  -0.018104  -0.111766  0.192337  -0.005402  1.000000  
27.621991 0.023722  -0.002046  0.007319  0.667731  0.696070  0.263860  -0.735681  0.671161  0.091192  -0.113617  -0.255008  0.960241  -0.021523  -0.002691  -0.018670  -0.117358  0.211531  -0.013964  1.000000  
27.623241 0.023692  -0.002050  0.007294  0.667913  0.696128  0.263244  -0.735577  0.671273  0.091206  -0.113218  -0.254554  0.960408  -0.021584  -0.002756  -0.019089  -0.130547  0.221913  -0.011821  1.000000  
27.624243 0.023668  -0.002054  0.007274  0.668095  0.696122  0.262798  -0.735473  0.671363  0.091383  -0.112819  -0.254333  0.960514  -0.021656  -0.002817  -0.019355  -0.137899  0.232346  -0.016166  1.000000  
27.625486 0.023638  -0.002060  0.007250  0.668438  0.696065  0.262076  -0.735243  0.671594  0.091545  -0.112287  -0.253882  0.960695  -0.021828  -0.002937  -0.019482  -0.151399  0.251236  -0.024667  1.000000  
27.626735 0.023609  -0.002064  0.007226  0.668781  0.696006  0.261355  -0.735012  0.671824  0.091708  -0.111756  -0.253431  0.960876  -0.021866  -0.002830  -0.019613  -0.166016  0.267670  -0.034457  1.000000  
27.627736 0.023587  -0.002067  0.007207  0.668812  0.696170  0.260842  -0.735045  0.671782  0.091748  -0.111357  -0.253093  0.961012  -0.021947  -0.002742  -0.019503  -0.174786  0.276001  -0.040297  1.000000  
27.628985 0.023558  -0.002069  0.007185  0.669003  0.696281  0.260055  -0.734951  0.671881  0.091775  -0.110825  -0.252525  0.961223  -0.022151  -0.002544  -0.019348  -0.192804  0.292710  -0.042053  1.000000  
27.629986 0.023534  -0.002070  0.007168  0.669184  0.696305  0.259523  -0.734846  0.671983  0.091869  -0.110426  -0.252187  0.961357  -0.022311  -0.002397  -0.019202  -0.204223  0.303141  -0.046417  1.000000  
27.630986 0.023511  -0.002070  0.007150  0.669355  0.696338  0.258993  -0.734730  0.672121  0.091787  -0.110160  -0.251728  0.961508  -0.022534  -0.002386  -0.019083  -0.214782  0.310900  -0.058541  1.000000  
27.631992 0.023488  -0.002070  0.007132  0.669385  0.696531  0.258395  -0.734763  0.672091  0.091746  -0.109761  -0.251272  0.961673  -0.022774  -0.002458  -0.018978  -0.228811  0.322127  -0.056815  1.000000  
27.633235 0.023459  -0.002070  0.007109  0.669576  0.696671  0.257522  -0.734668  0.672202  0.091690  -0.109229  -0.250587  0.961912  -0.022988  -0.002396  -0.018886  -0.245825  0.336147  -0.066299  1.000000  
27.634241 0.023435  -0.002071  0.007089  0.669605  0.696895  0.256840  -0.734701  0.672183  0.091568  -0.108830  -0.250015  0.962106  -0.023171  -0.002296  -0.018994  -0.265905  0.344510  -0.064077  1.000000  
27.635495 0.023404  -0.002073  0.007064  0.669644  0.697171  0.255985  -0.734744  0.672151  0.091460  -0.108298  -0.249329  0.962344  -0.023471  -0.002123  -0.018972  -0.284445  0.355992  -0.062481  1.000000  
27.636498 0.023378  -0.002075  0.007044  0.669825  0.697224  0.255368  -0.734638  0.672265  0.091471  -0.107899  -0.248873  0.962507  -0.023679  -0.002049  -0.018972  -0.293563  0.363488  -0.066413  1.000000  
27.637742 0.023348  -0.002078  0.007019  0.669864  0.697530  0.254429  -0.734680  0.672244  0.091281  -0.107367  -0.248070  0.962774  -0.023775  -0.001959  -0.018998  -0.320660  0.375328  -0.064888  1.000000  
27.638743 0.023323  -0.002080  0.007000  0.669741  0.697890  0.253764  -0.734850  0.672083  0.091107  -0.106968  -0.247497  0.962966  -0.023963  -0.001900  -0.019042  -0.337577  0.377654  -0.057194  1.000000  
27.639995 0.023292  -0.002083  0.006977  0.669789  0.698186  0.252822  -0.734903  0.672027  0.091094  -0.106303  -0.246813  0.963215  -0.023861  -0.001670  -0.018845  -0.357979  0.390625  -0.053933  1.000000  
27.641240 0.023264  -0.002083  0.006953  0.669837  0.698511  0.251795  -0.734955  0.671982  0.091000  -0.105637  -0.246013  0.963493  -0.023784  -0.001340  -0.018788  -0.379273  0.401986  -0.044098  1.000000  
27.642487 0.023236  -0.002083  0.006931  0.669733  0.698973  0.250786  -0.735145  0.671794  0.090854  -0.104972  -0.245212  0.963770  -0.023795  -0.001131  -0.018711  -0.402017  0.408179  -0.027359  1.000000  
27.643735 0.023209  -0.002083  0.006909  0.669771  0.699274  0.249845  -0.735186  0.671774  0.090665  -0.104440  -0.244408  0.964032  -0.023606  -0.000986  -0.018697  -0.427082  0.415076  -0.018713  1.000000  
27.644736 0.023189  -0.002083  0.006891  0.669809  0.699544  0.248989  -0.735228  0.671744  0.090558  -0.103907  -0.243720  0.964263  -0.023407  -0.000895  -0.018777  -0.447789  0.421170  -0.011291  1.000000  
27.645986 0.023163  -0.002081  0.006868  0.669704  0.700032  0.247894  -0.735417  0.671567  0.090332  -0.103242  -0.242801  0.964567  -0.023206  -0.000771  -0.018814  -0.469989  0.422963  0.003990  1.000000  
27.647237 0.023138  -0.002079  0.006845  0.669750  0.700382  0.246780  -0.735468  0.671535  0.090157  -0.102577  -0.241881  0.964869  -0.023017  -0.000658  -0.018841  -0.499899  0.431724  0.019332  1.000000  
27.648238 0.023117  -0.002079  0.006825  0.669626  0.700765  0.246028  -0.735636  0.671384  0.089904  -0.102177  -0.241189  0.965084  -0.022776  -0.000621  -0.018888  -0.517732  0.428283  0.032441  1.000000  
27.649494 0.023091  -0.002080  0.006802  0.669672  0.701141  0.244828  -0.735686  0.671363  0.089649  -0.101512  -0.240152  0.965413  -0.022415  -0.000551  -0.018762  -0.542886  0.439584  0.042145  1.000000  
27.650740 0.023064  -0.002082  0.006780  0.669718  0.701515  0.243627  -0.735736  0.671342  0.089394  -0.100846  -0.239114  0.965740  -0.022217  -0.000521  -0.018625  -0.567501  0.447267  0.051441  1.000000  
27.651743 0.023043  -0.002083  0.006762  0.669754  0.701837  0.242598  -0.735776  0.671335  0.089125  -0.100314  -0.238190  0.966024  -0.021907  -0.000424  -0.018449  -0.594115  0.447608  0.064894  1.000000  
27.652756 0.023022  -0.002084  0.006743  0.669639  0.702267  0.241673  -0.735954  0.671172  0.088887  -0.099781  -0.237382  0.966278  -0.021645  -0.000380  -0.018315  -0.611647  0.452758  0.080144  1.000000  
27.653997 0.022997  -0.002086  0.006721  0.669683  0.702636  0.240471  -0.736003  0.671151  0.088633  -0.099116  -0.236343  0.966601  -0.021276  -0.000279  -0.018291  -0.637089  0.455646  0.087619  1.000000  
27.655247 0.022973  -0.002087  0.006699  0.669737  0.703055  0.239096  -0.736061  0.671119  0.088393  -0.098317  -0.235189  0.966964  -0.020892  -0.000227  -0.018213  -0.662854  0.460937  0.102755  1.000000  
27.656496 0.022949  -0.002088  0.006674  0.669790  0.703442  0.237806  -0.736120  0.671076  0.088234  -0.097518  -0.234152  0.967297  -0.020583  -0.000321  -0.018338  -0.684713  0.466380  0.117939  1.000000  
27.657739 0.022925  -0.002089  0.006651  0.669842  0.703856  0.236429  -0.736177  0.671044  0.087995  -0.096719  -0.232997  0.967656  -0.020310  -0.000379  -0.018357  -0.710027  0.473612  0.126437  1.000000  
27.658742 0.022906  -0.002090  0.006633  0.669877  0.704197  0.235312  -0.736215  0.671048  0.087645  -0.096186  -0.231952  0.967960  -0.020190  -0.000484  -0.018400  -0.730367  0.478048  0.127152  1.000000  
27.659992 0.022882  -0.002091  0.006611  0.670080  0.704497  0.233831  -0.736134  0.671172  0.087373  -0.095387  -0.230678  0.968343  -0.020065  -0.000600  -0.018343  -0.758865  0.491231  0.129986  1.000000  
27.661243 0.022857  -0.002093  0.006589  0.670140  0.704953  0.232280  -0.736200  0.671129  0.087148  -0.094455  -0.229406  0.968737  -0.020042  -0.000874  -0.018333  -0.784023  0.502782  0.139449  1.000000  
27.662243 0.022836  -0.002096  0.006571  0.670182  0.705309  0.231074  -0.736247  0.671111  0.086895  -0.093789  -0.228363  0.969048  -0.020105  -0.001135  -0.018248  -0.805098  0.509962  0.147901  1.000000  
27.663491 0.022809  -0.002101  0.006551  0.670250  0.705836  0.229263  -0.736321  0.671068  0.086604  -0.092723  -0.226858  0.969504  -0.020193  -0.001506  -0.018006  -0.833851  0.527743  0.151673  1.000000  
27.664491 0.022786  -0.002105  0.006535  0.670299  0.706207  0.227968  -0.736375  0.671028  0.086447  -0.091924  -0.225816  0.969823  -0.020345  -0.001677  -0.017832  -0.850087  0.540936  0.154440  1.000000  
27.665738 0.022757  -0.002109  0.006515  0.670365  0.706700  0.226241  -0.736448  0.670975  0.086238  -0.090858  -0.224426  0.970246  -0.020428  -0.001850  -0.017672  -0.872313  0.556839  0.164607  1.000000  
27.666739 0.022735  -0.002113  0.006500  0.670414  0.707122  0.224774  -0.736501  0.670957  0.085919  -0.090058  -0.223148  0.970616  -0.020512  -0.002024  -0.017513  -0.896261  0.569810  0.167186  1.000000  
27.667746 0.022713  -0.002117  0.006484  0.670614  0.707376  0.223373  -0.736417  0.671075  0.085728  -0.089259  -0.221986  0.970956  -0.020619  -0.002181  -0.017307  -0.919223  0.585015  0.163435  1.000000  
27.668775 0.022691  -0.002120  0.006468  0.670670  0.707786  0.221903  -0.736478  0.671025  0.085586  -0.088326  -0.220827  0.971305  -0.020711  -0.002324  -0.017089  -0.938076  0.603727  0.160300  1.000000  
27.669994 0.022663  -0.002125  0.006449  0.670734  0.708293  0.220086  -0.736548  0.670986  0.085297  -0.087259  -0.219315  0.971744  -0.020950  -0.002553  -0.016957  -0.963656  0.616900  0.162672  1.000000  
27.670994 0.022641  -0.002129  0.006434  0.670788  0.708697  0.218614  -0.736608  0.670938  0.085156  -0.086326  -0.218154  0.972089  -0.021199  -0.002832  -0.016698  -0.983753  0.630859  0.165459  1.000000  
27.671998 0.022619  -0.002133  0.006419  0.670842  0.709098  0.217141  -0.736667  0.670890  0.085016  -0.085393  -0.216993  0.972431  -0.021463  -0.003006  -0.016538  -0.999261  0.645659  0.161261  1.000000  
27.673246 0.022591  -0.002138  0.006400  0.670911  0.709614  0.215234  -0.736743  0.670832  0.084824  -0.084193  -0.215481  0.972872  -0.021693  -0.003241  -0.016108  -1.023664  0.667699  0.165667  1.000000  
27.674492 0.022563  -0.002143  0.006382  0.670986  0.710146  0.213238  -0.736825  0.670753  0.084729  -0.082860  -0.213971  0.973319  -0.021882  -0.003511  -0.015829  -1.048246  0.689869  0.170049  1.000000  
27.675741 0.022535  -0.002150  0.006366  0.671060  0.710672  0.211240  -0.736907  0.670676  0.084634  -0.081527  -0.212459  0.973763  -0.022239  -0.003947  -0.015330  -1.067997  0.713562  0.167608  1.000000  
27.676990 0.022505  -0.002158  0.006349  0.671133  0.711220  0.209156  -0.736987  0.670610  0.084459  -0.080193  -0.210828  0.974228  -0.022445  -0.004209  -0.015040  -1.092547  0.735746  0.171783  1.000000  
27.678240 0.022476  -0.002166  0.006332  0.671046  0.711907  0.207088  -0.737196  0.670430  0.084064  -0.078993  -0.209075  0.974704  -0.022581  -0.004429  -0.014852  -1.120953  0.757804  0.175819  1.000000  
27.679240 0.022453  -0.002172  0.006318  0.671103  0.712357  0.205349  -0.737258  0.670387  0.083860  -0.077926  -0.207674  0.975089  -0.022601  -0.004533  -0.014691  -1.141708  0.775789  0.179050  1.000000  
27.680272 0.022430  -0.002178  0.006305  0.671158  0.712779  0.203696  -0.737319  0.670335  0.083737  -0.076858  -0.206390  0.975447  -0.022542  -0.004683  -0.014458  -1.156577  0.792536  0.182004  1.000000  
27.681485 0.022404  -0.002185  0.006290  0.671234  0.713376  0.201345  -0.737402  0.670274  0.083498  -0.075391  -0.204519  0.975955  -0.022466  -0.004841  -0.014285  -1.180767  0.817656  0.186520  1.000000  
27.682488 0.022383  -0.002190  0.006277  0.671294  0.713833  0.199515  -0.737468  0.670214  0.083392  -0.074190  -0.203117  0.976340  -0.022320  -0.004900  -0.014090  -1.200661  0.841331  0.183888  1.000000  
27.683735 0.022358  -0.002194  0.006262  0.671374  0.714436  0.197074  -0.737556  0.670135  0.083251  -0.072589  -0.201245  0.976848  -0.022236  -0.004966  -0.013773  -1.228955  0.872067  0.189474  1.000000  
27.684737 0.022338  -0.002198  0.006252  0.671439  0.714926  0.195067  -0.737627  0.670068  0.083161  -0.071254  -0.199724  0.977258  -0.022029  -0.004960  -0.013416  -1.249105  0.898380  0.194202  1.000000  
27.685744 0.022319  -0.002203  0.006241  0.671496  0.715370  0.193234  -0.737690  0.670012  0.083056  -0.070053  -0.198318  0.977631  -0.021820  -0.004979  -0.013056  -1.271691  0.919245  0.197590  1.000000  
27.686991 0.022297  -0.002208  0.006229  0.671571  0.715956  0.190788  -0.737772  0.669938  0.082917  -0.068451  -0.196442  0.978123  -0.021500  -0.004985  -0.012630  -1.296759  0.944778  0.201874  1.000000  
27.687995 0.022278  -0.002213  0.006220  0.671632  0.716431  0.188777  -0.737839  0.669876  0.082828  -0.067116  -0.194917  0.978521  -0.021198  -0.005080  -0.012199  -1.312152  0.967916  0.205475  1.000000  
27.689242 0.022255  -0.002219  0.006208  0.671546  0.717126  0.186434  -0.738049  0.669677  0.082555  -0.065648  -0.193037  0.978993  -0.020912  -0.005121  -0.011863  -1.334174  0.984881  0.214760  1.000000  
27.690487 0.022232  -0.002226  0.006196  0.671616  0.717693  0.183983  -0.738126  0.669609  0.082419  -0.064046  -0.191157  0.979468  -0.020548  -0.005128  -0.011506  -1.355024  1.010014  0.225508  1.000000  
27.691488 0.022214  -0.002232  0.006187  0.671673  0.718175  0.181882  -0.738189  0.669561  0.082251  -0.062710  -0.189509  0.979874  -0.020202  -0.005126  -0.011257  -1.374495  1.036407  0.229565  1.000000  
27.692735 0.022192  -0.002238  0.006175  0.671740  0.718729  0.179429  -0.738263  0.669496  0.082116  -0.061108  -0.187626  0.980338  -0.019696  -0.005013  -0.010951  -1.391518  1.054435  0.231704  1.000000  
27.693735 0.022175  -0.002243  0.006167  0.671794  0.719200  0.177325  -0.738322  0.669451  0.081949  -0.059772  -0.185976  0.980735  -0.019271  -0.004887  -0.010568  -1.407685  1.072234  0.233864  1.000000  
27.694736 0.022158  -0.002248  0.006159  0.671842  0.719650  0.175308  -0.738375  0.669425  0.081686  -0.058570  -0.184323  0.981119  -0.018909  -0.004831  -0.010187  -1.423622  1.085499  0.235018  1.000000  
27.695991 0.022138  -0.002252  0.006149  0.671904  0.720227  0.172676  -0.738444  0.669385  0.081390  -0.056967  -0.182198  0.981610  -0.018351  -0.004663  -0.009737  -1.451958  1.103947  0.236714  1.000000  
27.697237 0.022118  -0.002257  0.006141  0.671965  0.720777  0.170129  -0.738510  0.669338  0.081176  -0.055364  -0.180189  0.982073  -0.018001  -0.004571  -0.009288  -1.464858  1.120174  0.245038  1.000000  
27.698238 0.022103  -0.002259  0.006135  0.672014  0.721225  0.168020  -0.738565  0.669298  0.081011  -0.054028  -0.178534  0.982449  -0.017604  -0.004494  -0.008828  -1.480763  1.133450  0.246052  1.000000  
27.699486 0.022084  -0.002263  0.006129  0.672077  0.721777  0.165382  -0.738633  0.669236  0.080895  -0.052291  -0.176525  0.982906  -0.017227  -0.004383  -0.008308  -1.497439  1.156165  0.248513  1.000000  
27.700736 0.022066  -0.002267  0.006125  0.672137  0.722340  0.162655  -0.738699  0.669187  0.080699  -0.050554  -0.174394  0.983377  -0.016924  -0.004261  -0.007775  -1.521280  1.178181  0.250740  1.000000  
27.701738 0.022051  -0.002270  0.006121  0.672186  0.722806  0.160366  -0.738753  0.669145  0.080552  -0.049084  -0.172617  0.983765  -0.016685  -0.004211  -0.007341  -1.541651  1.196198  0.252473  1.000000  
27.702740 0.022035  -0.002274  0.006117  0.672078  0.723407  0.158093  -0.738940  0.668982  0.080195  -0.047748  -0.170718  0.984162  -0.016467  -0.004151  -0.007017  -1.562191  1.203950  0.258947  1.000000  
27.703742 0.022020  -0.002278  0.006115  0.672124  0.723842  0.155890  -0.738991  0.668933  0.080131  -0.046278  -0.169059  0.984519  -0.016252  -0.004081  -0.006449  -1.581082  1.223965  0.261086  1.000000  
27.704743 0.022004  -0.002282  0.006113  0.672169  0.724290  0.153597  -0.739040  0.668896  0.079986  -0.044808  -0.167278  0.984891  -0.016139  -0.003969  -0.005932  -1.599119  1.236500  0.261491  1.000000  
27.705992 0.021984  -0.002287  0.006111  0.672225  0.724850  0.150685  -0.739101  0.668850  0.079809  -0.042936  -0.165022  0.985355  -0.015938  -0.003900  -0.005284  -1.619716  1.254886  0.262458  1.000000  
27.707238 0.021964  -0.002292  0.006110  0.672129  0.725535  0.147788  -0.739302  0.668631  0.079782  -0.040931  -0.162884  0.985796  -0.015803  -0.003754  -0.004641  -1.634956  1.274328  0.270668  1.000000  
27.708243 0.021947  -0.002295  0.006109  0.672172  0.725977  0.145402  -0.739350  0.668584  0.079737  -0.039327  -0.161100  0.986154  -0.015716  -0.003604  -0.004063  -1.647945  1.299836  0.266270  1.000000  
27.709486 0.021927  -0.002299  0.006109  0.672221  0.726493  0.142574  -0.739403  0.668536  0.079644  -0.037455  -0.158958  0.986575  -0.015635  -0.003499  -0.003367  -1.658781  1.316072  0.266677  1.000000  
27.710735 0.021908  -0.002303  0.006110  0.672111  0.727141  0.139761  -0.739588  0.668366  0.079345  -0.035717  -0.156694  0.987001  -0.015627  -0.003412  -0.002610  -1.679271  1.324077  0.272392  1.000000  
27.711992 0.021888  -0.002306  0.006112  0.672158  0.727669  0.136752  -0.739640  0.668318  0.079271  -0.033711  -0.154429  0.987429  -0.015578  -0.003364  -0.001934  -1.693424  1.344760  0.273235  1.000000  
27.713235 0.021869  -0.002310  0.006115  0.672199  0.728190  0.133742  -0.739685  0.668298  0.079019  -0.031839  -0.152043  0.987861  -0.015640  -0.003390  -0.001381  -1.707494  1.351603  0.271446  1.000000  
27.714235 0.021853  -0.002313  0.006116  0.672078  0.728719  0.131455  -0.739858  0.668127  0.078852  -0.030368  -0.150252  0.988181  -0.015699  -0.003431  -0.000887  -1.716623  1.360221  0.277586  1.000000  
27.715485 0.021834  -0.002318  0.006119  0.672120  0.729248  0.128263  -0.739904  0.668082  0.078797  -0.028228  -0.147864  0.988605  -0.015724  -0.003462  -0.000375  -1.736219  1.377948  0.277712  1.000000  
27.716735 0.021814  -0.002323  0.006123  0.672159  0.729752  0.125159  -0.739947  0.668031  0.078824  -0.026088  -0.145593  0.989000  -0.015761  -0.003501  0.000100  -1.748359  1.396181  0.277864  1.000000  
27.717739 0.021798  -0.002327  0.006126  0.672189  0.730161  0.122585  -0.739979  0.667998  0.078801  -0.024349  -0.143680  0.989325  -0.015784  -0.003532  0.000603  -1.764417  1.414192  0.278517  1.000000  
27.718740 0.021783  -0.002330  0.006131  0.672064  0.730686  0.120116  -0.740148  0.667807  0.078835  -0.022610  -0.141886  0.989625  -0.015794  -0.003514  0.001079  -1.772274  1.427719  0.278341  1.000000  
27.719742 0.021767  -0.002335  0.006137  0.672091  0.731094  0.117451  -0.740178  0.667764  0.078912  -0.020737  -0.139970  0.989939  -0.015769  -0.003524  0.001609  -1.782662  1.453284  0.279986  1.000000  
27.720994 0.021747  -0.002340  0.006144  0.672123  0.731586  0.114162  -0.740213  0.667699  0.079138  -0.018329  -0.137695  0.990305  -0.015747  -0.003508  0.002262  -1.791396  1.476621  0.280608  1.000000  
27.722238 0.021727  -0.002344  0.006152  0.672149  0.732068  0.110872  -0.740242  0.667661  0.079187  -0.016055  -0.135298  0.990675  -0.015758  -0.003511  0.002774  -1.804381  1.499832  0.281077  1.000000  
27.723239 0.021712  -0.002346  0.006158  0.672016  0.732587  0.108220  -0.740401  0.667478  0.079243  -0.014182  -0.133378  0.990964  -0.015659  -0.003405  0.003280  -1.815374  1.516093  0.287916  1.000000  
27.724491 0.021693  -0.002350  0.006166  0.672035  0.733048  0.104927  -0.740423  0.667447  0.079293  -0.011908  -0.130978  0.991314  -0.015612  -0.003403  0.003905  -1.827323  1.543222  0.288747  1.000000  
27.725737 0.021673  -0.002353  0.006176  0.672054  0.733520  0.101454  -0.740443  0.667396  0.079540  -0.009366  -0.128576  0.991655  -0.015627  -0.003386  0.004390  -1.836047  1.575558  0.290197  1.000000  
27.726986 0.021654  -0.002356  0.006185  0.672067  0.733979  0.097979  -0.740458  0.667349  0.079788  -0.006824  -0.126173  0.991985  -0.015627  -0.003342  0.004842  -1.848683  1.602449  0.290781  1.000000  
27.727992 0.021637  -0.002360  0.006192  0.672228  0.734187  0.095289  -0.740329  0.667460  0.080068  -0.004817  -0.124369  0.992224  -0.015672  -0.003386  0.005274  -1.851443  1.630653  0.285159  1.000000  
27.729236 0.021617  -0.002365  0.006202  0.672234  0.734602  0.091990  -0.740335  0.667425  0.080299  -0.002408  -0.122083  0.992517  -0.015751  -0.003438  0.005758  -1.859762  1.653729  0.285000  1.000000  
27.730236 0.021601  -0.002368  0.006211  0.672236  0.734930  0.089314  -0.740337  0.667391  0.080560  -0.000401  -0.120277  0.992740  -0.015795  -0.003391  0.006188  -1.859650  1.676449  0.285307  1.000000  
27.731486 0.021581  -0.002372  0.006222  0.672234  0.735346  0.085833  -0.740335  0.667341  0.080989  0.002275  -0.117989  0.993012  -0.015821  -0.003355  0.006724  -1.864573  1.703034  0.285499  1.000000  
27.732736 0.021560  -0.002377  0.006235  0.672227  0.735760  0.082262  -0.740328  0.667307  0.081337  0.004951  -0.115578  0.993286  -0.015911  -0.003346  0.007239  -1.864341  1.735616  0.279052  1.000000  
27.733986 0.021539  -0.002381  0.006248  0.672217  0.736141  0.078869  -0.740317  0.667300  0.081490  0.007359  -0.113167  0.993549  -0.016035  -0.003284  0.007738  -1.872740  1.754280  0.277626  1.000000  
27.735237 0.021518  -0.002385  0.006262  0.672202  0.736529  0.075295  -0.740300  0.667277  0.081840  0.010035  -0.110753  0.993797  -0.016067  -0.003163  0.008194  -1.876264  1.781024  0.277124  1.000000  
27.736241 0.021501  -0.002387  0.006273  0.672188  0.736811  0.072614  -0.740285  0.667283  0.081923  0.011908  -0.108822  0.993990  -0.016135  -0.003085  0.008565  -1.883691  1.797478  0.268888  1.000000  
27.737488 0.021481  -0.002390  0.006289  0.672163  0.737186  0.068948  -0.740257  0.667259  0.082372  0.014717  -0.106407  0.994214  -0.016156  -0.003011  0.009050  -1.887437  1.824598  0.268224  1.000000  
27.738488 0.021464  -0.002392  0.006301  0.672140  0.737461  0.066176  -0.740232  0.667242  0.082734  0.016858  -0.104594  0.994372  -0.016269  -0.002943  0.009419  -1.892279  1.841145  0.267450  1.000000  
27.739491 0.021447  -0.002393  0.006314  0.672113  0.737737  0.063313  -0.740202  0.667218  0.083194  0.019132  -0.102780  0.994520  -0.016365  -0.002862  0.009808  -1.890986  1.869718  0.267515  1.000000  
27.740736 0.021425  -0.002396  0.006331  0.672074  0.738078  0.059644  -0.740159  0.667209  0.083645  0.021941  -0.100362  0.994709  -0.016570  -0.002852  0.010357  -1.895305  1.907270  0.260898  1.000000  
27.741737 0.021407  -0.002398  0.006346  0.672036  0.738345  0.056691  -0.740118  0.667185  0.084205  0.024349  -0.098546  0.994835  -0.016759  -0.002846  0.010908  -1.895734  1.934992  0.260909  1.000000  
27.742986 0.021384  -0.002401  0.006365  0.671988  0.738656  0.053109  -0.740064  0.667177  0.084737  0.027158  -0.096246  0.994987  -0.016874  -0.002745  0.011486  -1.891271  1.966499  0.260198  1.000000  
27.743992 0.021365  -0.002404  0.006381  0.671947  0.738893  0.050244  -0.740020  0.667190  0.085019  0.029298  -0.094309  0.995112  -0.017024  -0.002697  0.012128  -1.894892  1.989719  0.252328  1.000000  
27.745236 0.021342  -0.002408  0.006401  0.671889  0.739181  0.046661  -0.739956  0.667193  0.085551  0.032106  -0.092008  0.995241  -0.017262  -0.002669  0.012709  -1.891194  2.013064  0.250373  1.000000  
27.746486 0.021317  -0.002412  0.006423  0.671670  0.739606  0.042915  -0.740021  0.667051  0.086093  0.035048  -0.089584  0.995362  -0.017583  -0.002676  0.013413  -1.895205  2.039637  0.255661  1.000000  
27.747738 0.021293  -0.002417  0.006444  0.671595  0.739884  0.039152  -0.739937  0.667049  0.086824  0.038123  -0.087280  0.995454  -0.017787  -0.002665  0.014012  -1.891611  2.067628  0.254410  1.000000  
27.748986 0.021268  -0.002421  0.006466  0.671516  0.740136  0.035567  -0.739851  0.667051  0.087537  0.041065  -0.085097  0.995526  -0.018009  -0.002702  0.014534  -1.887810  2.095814  0.246012  1.000000  
27.749986 0.021249  -0.002425  0.006485  0.671448  0.740330  0.032698  -0.739776  0.667050  0.088180  0.043471  -0.083397  0.995568  -0.018226  -0.002761  0.015132  -1.884190  2.110042  0.243877  1.000000  
27.750987 0.021230  -0.002428  0.006504  0.671223  0.740658  0.029758  -0.739834  0.666912  0.088736  0.045877  -0.081577  0.995611  -0.018367  -0.002812  0.015565  -1.879707  2.127122  0.248651  1.000000  
27.751992 0.021211  -0.002432  0.006523  0.671147  0.740840  0.026799  -0.739750  0.666930  0.089298  0.048283  -0.079757  0.995644  -0.018569  -0.002870  0.016163  -1.874407  2.149215  0.246580  1.000000  
27.752993 0.021191  -0.002435  0.006544  0.670915  0.741151  0.023858  -0.739800  0.666800  0.089856  0.050688  -0.077936  0.995669  -0.018795  -0.002975  0.016721  -1.870297  2.167570  0.244442  1.000000  
27.754240 0.021166  -0.002440  0.006569  0.670812  0.741356  0.020091  -0.739686  0.666851  0.090409  0.053628  -0.075508  0.995702  -0.019058  -0.003180  0.017336  -1.870656  2.191002  0.241559  1.000000  
27.755240 0.021146  -0.002444  0.006591  0.670565  0.741654  0.017060  -0.739721  0.666723  0.091067  0.056166  -0.073686  0.995699  -0.019212  -0.003281  0.017864  -1.865901  2.208086  0.246087  1.000000  
27.756492 0.021120  -0.002449  0.006618  0.670446  0.741841  0.013203  -0.739590  0.666779  0.091720  0.059238  -0.071258  0.995697  -0.019451  -0.003435  0.018444  -1.865775  2.226510  0.242502  1.000000  
27.757738 0.021094  -0.002454  0.006645  0.670174  0.742143  0.009543  -0.739595  0.666686  0.092353  0.062176  -0.068951  0.995681  -0.019696  -0.003589  0.019030  -1.865952  2.239920  0.252532  1.000000  
27.758987 0.021067  -0.002460  0.006674  0.670042  0.742300  0.005776  -0.739450  0.666745  0.093087  0.065247  -0.066643  0.995641  -0.019925  -0.003707  0.019524  -1.865454  2.262417  0.249440  1.000000  
27.759992 0.021044  -0.002466  0.006696  0.669929  0.742420  0.002815  -0.739325  0.666780  0.093830  0.067784  -0.064941  0.995584  -0.020154  -0.003918  0.019976  -1.860982  2.280389  0.247085  1.000000  
27.761236 0.021017  -0.002473  0.006726  0.669786  0.742554  -0.000863  -0.739166  0.666840  0.094644  0.070854  -0.062753  0.995511  -0.020388  -0.004090  0.020514  -1.857212  2.294882  0.243238  1.000000  
27.762237 0.020994  -0.002479  0.006750  0.669662  0.742657  -0.003643  -0.739031  0.666861  0.095549  0.073389  -0.061293  0.995418  -0.020544  -0.004258  0.021017  -1.840708  2.308588  0.240521  1.000000  
27.763485 0.020966  -0.002487  0.006779  0.669494  0.742781  -0.007410  -0.738845  0.666910  0.096641  0.076725  -0.059225  0.995292  -0.020773  -0.004478  0.021477  -1.829425  2.334430  0.237820  1.000000  
27.764485 0.020943  -0.002493  0.006803  0.669209  0.743002  -0.010351  -0.738835  0.666812  0.097385  0.079259  -0.057524  0.995193  -0.021019  -0.004622  0.021782  -1.820945  2.352044  0.241918  1.000000  
27.765486 0.020921  -0.002499  0.006828  0.669064  0.743082  -0.013490  -0.738676  0.666878  0.098146  0.081927  -0.055701  0.995081  -0.021271  -0.004827  0.022223  -1.816836  2.370329  0.238979  1.000000  
27.766736 0.020891  -0.002506  0.006858  0.668884  0.743167  -0.017258  -0.738477  0.666963  0.099058  0.085127  -0.053514  0.994932  -0.021669  -0.005025  0.022608  -1.808716  2.397676  0.235686  1.000000  
27.767737 0.020867  -0.002513  0.006882  0.668736  0.743222  -0.020308  -0.738314  0.667045  0.099719  0.087659  -0.051692  0.994808  -0.021972  -0.005257  0.022870  -1.804707  2.407192  0.231894  1.000000  
27.768741 0.020843  -0.002519  0.006906  0.668576  0.743271  -0.023537  -0.738137  0.667138  0.100397  0.090325  -0.049749  0.994669  -0.022252  -0.005420  0.023138  -1.807087  2.422823  0.228281  1.000000  
