1-Time 2-Px 3-Py 4-Pz 5-R11 6-R21 7-R31 8-R12 9-R22 10-R32 11-R13 12-R23 13-R33 14-Vx 15-Vy 16-Vz 17-Wx 18-Wy 19-Wz 20-state
163.837720 0.033817  0.012290  0.000195  0.573128  0.624633  0.530432  -0.741580  0.670768  0.011379  -0.348689  -0.399879  0.847651  -0.005561  -0.004903  -0.001076  0.009084  0.208968  0.084321  1.000000  
163.838906 0.033812  0.012284  0.000196  0.573128  0.624633  0.530432  -0.741580  0.670768  0.011379  -0.348689  -0.399879  0.847651  -0.004939  -0.005617  0.000036  0.000000  0.000000  0.000000  1.000000  
163.840138 0.033786  0.012260  0.000192  0.573157  0.624666  0.530363  -0.741616  0.670726  0.011469  -0.348564  -0.399899  0.847693  -0.013529  -0.012911  -0.001596  0.000000  0.000000  0.000000  1.000000  
163.841404 0.033756  0.012234  0.000187  0.573157  0.624666  0.530363  -0.741616  0.670726  0.011469  -0.348564  -0.399899  0.847693  -0.017146  -0.015656  -0.002459  0.000000  0.000000  0.000000  1.000000  
163.842407 0.033737  0.012219  0.000185  0.573185  0.624698  0.530293  -0.741653  0.670684  0.011559  -0.348438  -0.399919  0.847735  -0.017631  -0.015651  -0.002261  0.000000  0.000000  0.000000  1.000000  
163.843639 0.033716  0.012206  0.000188  0.573214  0.624667  0.530300  -0.741690  0.670640  0.011730  -0.348313  -0.400042  0.847729  -0.017417  -0.014509  -0.001343  0.000000  0.000000  0.000000  1.000000  
163.844657 0.033697  0.012196  0.000190  0.573366  0.624529  0.530297  -0.741572  0.670769  0.011839  -0.348313  -0.400042  0.847729  -0.017660  -0.013817  -0.000872  0.000000  0.000000  0.000000  1.000000  
163.845906 0.033666  0.012184  0.000192  0.573395  0.624497  0.530304  -0.741609  0.670725  0.012010  -0.348187  -0.400165  0.847723  -0.018768  -0.013204  -0.000416  0.000000  0.000000  0.000000  1.000000  
163.846912 0.033641  0.012176  0.000192  0.573395  0.624497  0.530304  -0.741609  0.670725  0.012010  -0.348187  -0.400165  0.847723  -0.019467  -0.012543  -0.000354  0.000000  0.000000  0.000000  1.000000  
163.848155 0.033613  0.012166  0.000191  0.573423  0.624465  0.530310  -0.741646  0.670681  0.012181  -0.348062  -0.400287  0.847716  -0.019856  -0.012025  -0.000395  0.000000  0.000000  0.000000  1.000000  
163.849401 0.033585  0.012155  0.000190  0.573423  0.624465  0.530310  -0.741646  0.670681  0.012181  -0.348062  -0.400287  0.847716  -0.020071  -0.011693  -0.000496  0.000000  0.000000  0.000000  1.000000  
163.850654 0.033554  0.012143  0.000190  0.573452  0.624498  0.530241  -0.741683  0.670639  0.012271  -0.347937  -0.400307  0.847758  -0.020593  -0.011468  -0.000433  0.000000  0.000000  0.000000  1.000000  
163.851664 0.033525  0.012133  0.000192  0.573480  0.624531  0.530171  -0.741720  0.670596  0.012361  -0.347811  -0.400327  0.847800  -0.021192  -0.011375  -0.000263  0.000000  0.000000  0.000000  1.000000  
163.852918 0.033481  0.012113  0.000195  0.573509  0.624564  0.530102  -0.741756  0.670554  0.012451  -0.347686  -0.400347  0.847843  -0.022652  -0.011876  -0.000003  0.000000  0.000000  0.000000  1.000000  
163.854158 0.033432  0.012081  0.000198  0.573690  0.624458  0.530030  -0.741675  0.670640  0.012649  -0.347560  -0.400367  0.847885  -0.025021  -0.013237  0.000258  0.000000  0.000000  0.000000  1.000000  
163.855405 0.033381  0.012046  0.000197  0.573871  0.624353  0.529958  -0.741594  0.670726  0.012848  -0.347435  -0.400387  0.847927  -0.026592  -0.013741  0.000514  0.000000  0.000000  0.000000  1.000000  
163.856428 0.033341  0.012022  0.000197  0.574024  0.624215  0.529955  -0.741476  0.670855  0.012957  -0.347435  -0.400387  0.847927  -0.027787  -0.014143  0.000652  0.000000  0.000000  0.000000  1.000000  
163.857651 0.033293  0.011996  0.000197  0.574176  0.624077  0.529953  -0.741357  0.670983  0.013067  -0.347435  -0.400387  0.847927  -0.029322  -0.014662  0.000797  0.000000  0.000000  0.000000  1.000000  
163.858890 0.033247  0.011974  0.000200  0.574329  0.623874  0.530026  -0.741239  0.671110  0.013257  -0.347435  -0.400490  0.847878  -0.031234  -0.015380  0.000808  0.000000  0.000000  0.000000  1.000000  
163.859891 0.033211  0.011959  0.000202  0.574510  0.623769  0.529953  -0.741158  0.671196  0.013456  -0.347309  -0.400509  0.847920  -0.032024  -0.015661  0.000815  0.000000  0.000000  0.000000  1.000000  
163.860916 0.033178  0.011945  0.000203  0.574815  0.623493  0.529948  -0.740921  0.671453  0.013674  -0.347309  -0.400509  0.847920  -0.032682  -0.016026  0.000767  0.000000  0.000000  0.000000  1.000000  
163.861920 0.033145  0.011932  0.000202  0.575149  0.623249  0.529872  -0.740721  0.671667  0.013982  -0.347184  -0.400529  0.847962  -0.033177  -0.016418  0.000682  0.000000  0.000000  0.000000  1.000000  
163.863145 0.033107  0.011916  0.000200  0.575606  0.622834  0.529864  -0.740366  0.672052  0.014309  -0.347184  -0.400529  0.847962  -0.033762  -0.016680  0.000597  0.000000  0.000000  0.000000  1.000000  
163.864157 0.033076  0.011902  0.000201  0.575787  0.622729  0.529791  -0.740284  0.672138  0.014508  -0.347058  -0.400549  0.848004  -0.034512  -0.017114  0.000757  0.000000  0.000000  0.000000  1.000000  
163.865457 0.033036  0.011885  0.000203  0.576244  0.622378  0.529707  -0.739928  0.672524  0.014753  -0.347058  -0.400446  0.848053  -0.034997  -0.017470  0.000859  0.000000  0.000000  0.000000  1.000000  
163.866645 0.032990  0.011862  0.000206  0.576729  0.621995  0.529628  -0.739609  0.672866  0.015170  -0.346933  -0.400466  0.848095  -0.035710  -0.018063  0.000921  0.000000  0.000000  0.000000  1.000000  
163.867654 0.032951  0.011840  0.000207  0.577062  0.621815  0.529476  -0.739408  0.673082  0.015396  -0.346807  -0.400383  0.848185  -0.035943  -0.018538  0.000783  0.000000  0.000000  0.000000  1.000000  
163.868889 0.032904  0.011810  0.000207  0.577547  0.621497  0.529321  -0.739088  0.673426  0.015731  -0.346682  -0.400300  0.848276  -0.035976  -0.018566  0.000636  0.066118  0.136004  -0.120919  1.000000  
163.869893 0.032866  0.011788  0.000207  0.577880  0.621381  0.529094  -0.738886  0.673643  0.015875  -0.346556  -0.400114  0.848415  -0.035770  -0.018173  0.000607  0.062766  0.141460  -0.132565  1.000000  
163.870909 0.032828  0.011769  0.000205  0.578213  0.621200  0.528942  -0.738685  0.673859  0.016100  -0.346431  -0.400031  0.848505  -0.035564  -0.017642  0.000606  0.063459  0.150931  -0.142272  1.000000  
163.872153 0.032780  0.011751  0.000205  0.578546  0.621084  0.528715  -0.738483  0.674076  0.016244  -0.346305  -0.399845  0.848644  -0.035385  -0.016943  0.000592  0.060620  0.157722  -0.155236  1.000000  
163.873428 0.032736  0.011737  0.000205  0.579002  0.620732  0.528629  -0.738126  0.674462  0.016488  -0.346305  -0.399742  0.848693  -0.035229  -0.016320  0.000403  0.059575  0.161723  -0.174516  1.000000  
163.874639 0.032694  0.011727  0.000206  0.579334  0.620551  0.528477  -0.737924  0.674677  0.016714  -0.346180  -0.399659  0.848783  -0.035088  -0.015719  0.000267  0.057520  0.167469  -0.177343  1.000000  
163.875643 0.032662  0.011721  0.000205  0.579667  0.620435  0.528250  -0.737722  0.674895  0.016857  -0.346054  -0.399472  0.848922  -0.035012  -0.015209  0.000134  0.050106  0.172912  -0.188968  1.000000  
163.876891 0.032618  0.011713  0.000203  0.579847  0.620393  0.528101  -0.737639  0.674982  0.016973  -0.345929  -0.399389  0.849012  -0.035227  -0.014625  0.000094  0.048445  0.179746  -0.192973  1.000000  
163.877897 0.032581  0.011705  0.000202  0.580179  0.620212  0.527948  -0.737436  0.675198  0.017198  -0.345803  -0.399306  0.849103  -0.035595  -0.014308  0.000119  0.045439  0.186704  -0.206252  1.000000  
163.878909 0.032543  0.011694  0.000201  0.580360  0.620234  0.527724  -0.737353  0.675288  0.017232  -0.345678  -0.399119  0.849241  -0.036124  -0.014112  -0.000022  0.039643  0.193406  -0.210115  1.000000  
163.880155 0.032495  0.011680  0.000200  0.580540  0.620192  0.527575  -0.737270  0.675376  0.017348  -0.345552  -0.399036  0.849331  -0.036754  -0.013944  -0.000163  0.037930  0.196164  -0.216009  1.000000  
163.881392 0.032445  0.011663  0.000200  0.580749  0.620247  0.527280  -0.737223  0.675424  0.017471  -0.345301  -0.398869  0.849512  -0.036963  -0.013542  -0.000341  0.031884  0.201492  -0.218396  1.000000  
163.882410 0.032401  0.011648  0.000199  0.580778  0.620408  0.527059  -0.737259  0.675386  0.017397  -0.345175  -0.398683  0.849650  -0.037333  -0.013013  -0.000555  0.023932  0.202972  -0.220059  1.000000  
163.883649 0.032344  0.011627  0.000194  0.580835  0.620665  0.526693  -0.737332  0.675309  0.017329  -0.344924  -0.398413  0.849879  -0.037917  -0.012423  -0.000874  0.009182  0.202730  -0.210752  1.000000  
163.884658 0.032300  0.011612  0.000188  0.580863  0.620826  0.526472  -0.737368  0.675271  0.017255  -0.344799  -0.398226  0.850018  -0.038309  -0.011928  -0.001271  -0.001316  0.205710  -0.204753  1.000000  
163.885909 0.032250  0.011600  0.000182  0.581072  0.620945  0.526101  -0.737321  0.675321  0.017296  -0.344547  -0.397956  0.850246  -0.038473  -0.011166  -0.001598  -0.011122  0.210764  -0.207050  1.000000  
163.887148 0.032202  0.011593  0.000178  0.581101  0.621169  0.525805  -0.737357  0.675286  0.017140  -0.344422  -0.397666  0.850432  -0.038526  -0.010522  -0.001814  -0.025639  0.211905  -0.199249  1.000000  
163.888406 0.032153  0.011588  0.000176  0.581129  0.621393  0.525509  -0.737393  0.675250  0.016984  -0.344296  -0.397376  0.850619  -0.038888  -0.009979  -0.001937  -0.042883  0.212154  -0.187259  1.000000  
163.889638 0.032104  0.011581  0.000174  0.581158  0.621617  0.525212  -0.737429  0.675215  0.016827  -0.344171  -0.397086  0.850805  -0.039357  -0.009723  -0.002126  -0.061116  0.207677  -0.179945  1.000000  
163.890886 0.032055  0.011574  0.000169  0.581310  0.621669  0.524982  -0.737310  0.675349  0.016690  -0.344171  -0.396776  0.850950  -0.039867  -0.009678  -0.002402  -0.075691  0.205103  -0.174319  1.000000  
163.891902 0.032016  0.011565  0.000163  0.581310  0.621860  0.524756  -0.737310  0.675355  0.016444  -0.344171  -0.396467  0.851094  -0.040191  -0.009900  -0.002727  -0.092559  0.195471  -0.164514  1.000000  
163.893173 0.031964  0.011550  0.000153  0.581490  0.621945  0.524456  -0.737226  0.675447  0.016396  -0.344045  -0.396176  0.851280  -0.040434  -0.010099  -0.003247  -0.110209  0.195345  -0.152029  1.000000  
163.894392 0.031910  0.011532  0.000145  0.581670  0.622093  0.524080  -0.737143  0.675541  0.016265  -0.343919  -0.395783  0.851514  -0.041009  -0.010468  -0.003727  -0.127996  0.191179  -0.145162  1.000000  
163.895396 0.031867  0.011518  0.000141  0.581822  0.622081  0.523926  -0.737023  0.675673  0.016209  -0.343919  -0.395576  0.851610  -0.041301  -0.010615  -0.004043  -0.134647  0.188751  -0.139608  1.000000  
163.896405 0.031825  0.011502  0.000134  0.581974  0.622196  0.523621  -0.736903  0.675809  0.015989  -0.343919  -0.395163  0.851801  -0.041208  -0.010607  -0.004541  -0.152950  0.181591  -0.135451  1.000000  
163.897642 0.031774  0.011481  0.000125  0.582277  0.622172  0.523312  -0.736663  0.676073  0.015877  -0.343919  -0.394750  0.851993  -0.041079  -0.010818  -0.004845  -0.167512  0.174833  -0.131603  1.000000  
163.898658 0.031733  0.011465  0.000115  0.582429  0.622286  0.523007  -0.736543  0.676209  0.015656  -0.343919  -0.394336  0.852185  -0.040562  -0.010695  -0.005193  -0.185759  0.166516  -0.122774  1.000000  
163.899911 0.031686  0.011448  0.000104  0.582883  0.622186  0.522620  -0.736184  0.676603  0.015569  -0.343919  -0.393819  0.852424  -0.040250  -0.010779  -0.005532  -0.195588  0.161041  -0.132514  1.000000  
163.901150 0.031640  0.011435  0.000094  0.583158  0.622191  0.522307  -0.735907  0.676910  0.015284  -0.344045  -0.393283  0.852620  -0.040072  -0.010941  -0.005832  -0.206235  0.155731  -0.133467  1.000000  
163.902403 0.031596  0.011424  0.000086  0.583612  0.622153  0.521845  -0.735547  0.677305  0.015114  -0.344045  -0.392662  0.852906  -0.039811  -0.011181  -0.006131  -0.228257  0.152834  -0.136492  1.000000  
163.903646 0.031552  0.011412  0.000077  0.584189  0.621942  0.521451  -0.735030  0.677869  0.014961  -0.344171  -0.392022  0.853150  -0.039357  -0.011733  -0.006686  -0.242233  0.151475  -0.144389  1.000000  
163.904656 0.031515  0.011400  0.000068  0.584614  0.621807  0.521136  -0.734633  0.678303  0.014782  -0.344296  -0.391485  0.853346  -0.039208  -0.012192  -0.007119  -0.256188  0.146025  -0.154146  1.000000  
163.905658 0.031478  0.011386  0.000057  0.585039  0.621734  0.520745  -0.734236  0.678739  0.014521  -0.344422  -0.390845  0.853589  -0.039091  -0.012775  -0.007560  -0.271613  0.143173  -0.169662  1.000000  
163.906899 0.031429  0.011367  0.000043  0.585766  0.621445  0.520274  -0.733597  0.679432  0.014391  -0.344547  -0.390101  0.853878  -0.039124  -0.013232  -0.007986  -0.289004  0.139095  -0.193134  1.000000  
163.908143 0.031378  0.011344  0.000029  0.586341  0.621357  0.519730  -0.733079  0.679998  0.014070  -0.344673  -0.389253  0.854214  -0.039194  -0.013789  -0.008251  -0.306414  0.139054  -0.214754  1.000000  
163.909386 0.031326  0.011321  0.000019  0.587067  0.621128  0.519185  -0.732439  0.680692  0.013855  -0.344799  -0.388405  0.854550  -0.038926  -0.014103  -0.008423  -0.322811  0.140545  -0.240260  1.000000  
163.910638 0.031275  0.011299  0.000008  0.587641  0.621101  0.518567  -0.731919  0.681259  0.013450  -0.344924  -0.387453  0.854931  -0.038817  -0.014351  -0.008746  -0.344065  0.140400  -0.261681  1.000000  
163.911890 0.031225  0.011279  -0.000005  0.588365  0.620933  0.517947  -0.731278  0.681953  0.013150  -0.345050  -0.386500  0.855312  -0.038626  -0.014293  -0.009071  -0.361851  0.144078  -0.291340  1.000000  
163.912908 0.031184  0.011264  -0.000016  0.588938  0.620841  0.517405  -0.730757  0.682517  0.012825  -0.345175  -0.385651  0.855644  -0.038547  -0.014158  -0.009257  -0.376425  0.142361  -0.320379  1.000000  
163.914141 0.031135  0.011247  -0.000030  0.589510  0.620811  0.516789  -0.730236  0.683082  0.012417  -0.345301  -0.384698  0.856023  -0.038658  -0.014026  -0.009320  -0.392501  0.143746  -0.345272  1.000000  
163.915395 0.031086  0.011233  -0.000043  0.590082  0.620842  0.516098  -0.729714  0.683648  0.011924  -0.345427  -0.383640  0.856446  -0.038707  -0.013999  -0.009549  -0.417211  0.136432  -0.373501  1.000000  
163.916637 0.031038  0.011220  -0.000056  0.590654  0.620873  0.515408  -0.729192  0.684213  0.011430  -0.345552  -0.382582  0.856869  -0.038948  -0.014086  -0.009770  -0.432433  0.137557  -0.397518  1.000000  
163.917891 0.030989  0.011206  -0.000069  0.591225  0.620964  0.514642  -0.728670  0.684779  0.010852  -0.345678  -0.381420  0.857336  -0.039335  -0.014249  -0.010099  -0.459001  0.140929  -0.428224  1.000000  
163.919137 0.030936  0.011189  -0.000082  0.591825  0.621148  0.513729  -0.728183  0.685306  0.010278  -0.345678  -0.380172  0.857891  -0.039857  -0.014475  -0.010354  -0.482187  0.150066  -0.448321  1.000000  
163.920394 0.030881  0.011172  -0.000098  0.592245  0.621378  0.512967  -0.727781  0.685742  0.009591  -0.345803  -0.379008  0.858355  -0.040512  -0.014523  -0.010524  -0.507472  0.149563  -0.469771  1.000000  
163.921639 0.030824  0.011152  -0.000112  0.592666  0.621668  0.512129  -0.727379  0.686179  0.008820  -0.345929  -0.377740  0.858863  -0.040991  -0.014600  -0.010537  -0.539070  0.150375  -0.483450  1.000000  
163.922887 0.030767  0.011131  -0.000127  0.593085  0.622019  0.511216  -0.726977  0.686615  0.007965  -0.346054  -0.376366  0.859415  -0.041412  -0.014541  -0.010568  -0.576213  0.148463  -0.503818  1.000000  
163.924137 0.030710  0.011111  -0.000140  0.593505  0.622369  0.510303  -0.726575  0.687050  0.007108  -0.346180  -0.374992  0.859965  -0.041754  -0.014218  -0.010764  -0.606915  0.143839  -0.514990  1.000000  
163.925387 0.030654  0.011094  -0.000152  0.593924  0.622716  0.509390  -0.726172  0.687484  0.006250  -0.346305  -0.373617  0.860513  -0.042106  -0.013867  -0.010839  -0.642258  0.144468  -0.528422  1.000000  
163.926637 0.030599  0.011080  -0.000164  0.594522  0.623014  0.508327  -0.725683  0.688007  0.005501  -0.346305  -0.372155  0.861146  -0.042395  -0.013505  -0.010778  -0.671534  0.151757  -0.546217  1.000000  
163.927638 0.030557  0.011070  -0.000174  0.594792  0.623439  0.507491  -0.725402  0.688309  0.004620  -0.346431  -0.370883  0.861645  -0.042543  -0.013212  -0.010729  -0.707790  0.147159  -0.548081  1.000000  
163.928657 0.030516  0.011059  -0.000186  0.595061  0.623923  0.506579  -0.725122  0.688611  0.003654  -0.346556  -0.369506  0.862186  -0.042595  -0.012894  -0.010742  -0.741661  0.145113  -0.555833  1.000000  
163.929892 0.030464  0.011047  -0.000198  0.595479  0.624387  0.505515  -0.724718  0.689040  0.002624  -0.346682  -0.367918  0.862814  -0.042774  -0.012712  -0.010647  -0.782566  0.140449  -0.558172  1.000000  
163.930894 0.030424  0.011039  -0.000208  0.595748  0.624869  0.504602  -0.724437  0.689339  0.001656  -0.346807  -0.366539  0.863350  -0.042991  -0.012657  -0.010666  -0.818477  0.139790  -0.558002  1.000000  
163.931902 0.030382  0.011028  -0.000218  0.596017  0.625410  0.503614  -0.724156  0.689636  0.000603  -0.346933  -0.365054  0.863929  -0.043139  -0.012654  -0.010575  -0.855012  0.135089  -0.560070  1.000000  
163.933138 0.030329  0.011012  -0.000230  0.596405  0.625898  0.502547  -0.723716  0.690098  -0.000603  -0.347184  -0.363341  0.864550  -0.043304  -0.012730  -0.010559  -0.898131  0.127706  -0.556369  1.000000  
163.934387 0.030275  0.010994  -0.000242  0.596822  0.626476  0.501330  -0.723312  0.690519  -0.001806  -0.347309  -0.361540  0.865254  -0.043343  -0.012797  -0.010448  -0.942607  0.126925  -0.556547  1.000000  
163.935387 0.030231  0.010979  -0.000254  0.597090  0.626951  0.500416  -0.723030  0.690811  -0.002778  -0.347435  -0.360157  0.865781  -0.043317  -0.012866  -0.010408  -0.978855  0.121046  -0.544404  1.000000  
163.936394 0.030187  0.010963  -0.000264  0.597477  0.627372  0.499425  -0.722589  0.691266  -0.003905  -0.347686  -0.358546  0.866349  -0.043174  -0.012771  -0.010270  -1.015115  0.116245  -0.546292  1.000000  
163.937637 0.030132  0.010942  -0.000275  0.597864  0.627913  0.498281  -0.722149  0.691718  -0.005202  -0.347937  -0.356723  0.867000  -0.043090  -0.012771  -0.010076  -1.053816  0.108753  -0.542323  1.000000  
163.938637 0.030089  0.010927  -0.000285  0.598251  0.628330  0.497290  -0.721707  0.692169  -0.006332  -0.348187  -0.355110  0.867561  -0.042933  -0.012754  -0.010059  -1.092476  0.097306  -0.540049  1.000000  
163.939637 0.030047  0.010914  -0.000294  0.598637  0.628746  0.496299  -0.721266  0.692618  -0.007464  -0.348438  -0.353495  0.868120  -0.042679  -0.012709  -0.009982  -1.129079  0.090671  -0.540829  1.000000  
163.940888 0.029997  0.010897  -0.000305  0.599171  0.629318  0.494928  -0.720701  0.693188  -0.008915  -0.348689  -0.351353  0.868888  -0.042334  -0.012738  -0.009926  -1.171464  0.084870  -0.537874  1.000000  
163.941900 0.029957  0.010885  -0.000315  0.599526  0.629699  0.494012  -0.720223  0.693668  -0.010140  -0.349065  -0.349720  0.869396  -0.042088  -0.012882  -0.009864  -1.210072  0.071383  -0.533903  1.000000  
163.943140 0.029906  0.010868  -0.000326  0.600207  0.630122  0.492644  -0.719534  0.694362  -0.011495  -0.349316  -0.347575  0.870155  -0.042079  -0.013170  -0.009770  -1.250547  0.068345  -0.537415  1.000000  
163.944393 0.029854  0.010851  -0.000337  0.600710  0.630714  0.491272  -0.718932  0.694956  -0.013127  -0.349692  -0.345305  0.870907  -0.042083  -0.013476  -0.009555  -1.299750  0.056990  -0.539433  1.000000  
163.945402 0.029813  0.010836  -0.000344  0.601242  0.631034  0.490208  -0.718365  0.695520  -0.014251  -0.349943  -0.343580  0.871489  -0.042035  -0.013828  -0.009342  -1.329398  0.054542  -0.547018  1.000000  
163.946641 0.029759  0.010816  -0.000353  0.601890  0.631536  0.488764  -0.717638  0.696235  -0.015873  -0.350319  -0.341202  0.872272  -0.042236  -0.014378  -0.009183  -1.372186  0.047653  -0.556739  1.000000  
163.947646 0.029715  0.010796  -0.000361  0.602421  0.632088  0.487395  -0.717071  0.696785  -0.017339  -0.350569  -0.339051  0.873009  -0.042365  -0.014865  -0.009055  -1.418416  0.045029  -0.564433  1.000000  
163.948904 0.029658  0.010772  -0.000370  0.603068  0.632641  0.485875  -0.716342  0.697489  -0.019051  -0.350945  -0.336564  0.873820  -0.042536  -0.015251  -0.008791  -1.460129  0.033816  -0.575405  1.000000  
163.950138 0.029599  0.010747  -0.000380  0.603714  0.633307  0.484203  -0.715614  0.698183  -0.020937  -0.351321  -0.333862  0.874705  -0.042842  -0.015692  -0.008573  -1.513425  0.029181  -0.591317  1.000000  
163.951138 0.029553  0.010728  -0.000389  0.604242  0.633788  0.482911  -0.715044  0.698722  -0.022327  -0.351572  -0.331812  0.875385  -0.043008  -0.015982  -0.008504  -1.544791  0.028869  -0.604889  1.000000  
163.952155 0.029506  0.010707  -0.000397  0.604740  0.634297  0.481619  -0.714439  0.699290  -0.023894  -0.351947  -0.329638  0.876055  -0.043098  -0.016174  -0.008390  -1.582189  0.017692  -0.615671  1.000000  
163.953388 0.029448  0.010684  -0.000406  0.605561  0.634892  0.479800  -0.713619  0.700063  -0.025686  -0.352198  -0.326840  0.877002  -0.043436  -0.016440  -0.008217  -1.628848  0.019355  -0.635796  1.000000  
163.954390 0.029402  0.010667  -0.000414  0.606087  0.635421  0.478433  -0.713049  0.700588  -0.027169  -0.352448  -0.324679  0.877704  -0.043730  -0.016689  -0.008177  -1.666798  0.016426  -0.643377  1.000000  
163.955637 0.029344  0.010645  -0.000424  0.606906  0.636005  0.476615  -0.712228  0.701351  -0.028969  -0.352699  -0.321877  0.878635  -0.044211  -0.017072  -0.008088  -1.712824  0.017932  -0.663265  1.000000  
163.956888 0.029284  0.010620  -0.000434  0.607578  0.636785  0.474714  -0.711531  0.701973  -0.030956  -0.352949  -0.318966  0.879595  -0.044916  -0.017636  -0.007937  -1.756422  0.016821  -0.676842  1.000000  
163.958138 0.029224  0.010595  -0.000444  0.608364  0.637444  0.472820  -0.710672  0.702748  -0.033025  -0.353325  -0.315929  0.880540  -0.045478  -0.018182  -0.007852  -1.796867  0.012009  -0.700083  1.000000  
163.959387 0.029162  0.010569  -0.000454  0.609065  0.638295  0.470765  -0.710009  0.703321  -0.035017  -0.353450  -0.312920  0.881563  -0.046127  -0.018766  -0.007803  -1.840821  0.014811  -0.712191  1.000000  
163.960394 0.029112  0.010547  -0.000462  0.609734  0.638828  0.469174  -0.709310  0.703942  -0.036675  -0.353700  -0.310428  0.882344  -0.046737  -0.019269  -0.007856  -1.883302  0.017942  -0.730013  1.000000  
163.961638 0.029048  0.010518  -0.000471  0.610432  0.639779  0.466964  -0.708647  0.704494  -0.038845  -0.353825  -0.307200  0.883423  -0.047452  -0.019885  -0.007858  -1.925387  0.022781  -0.742099  1.000000  
163.962651 0.028995  0.010494  -0.000478  0.611131  0.640384  0.465218  -0.707982  0.705068  -0.040507  -0.353950  -0.304611  0.884269  -0.048033  -0.020206  -0.007865  -1.961975  0.028030  -0.766230  1.000000  
163.963892 0.028928  0.010464  -0.000489  0.611828  0.641432  0.462851  -0.707317  0.705596  -0.042856  -0.354076  -0.301162  0.885399  -0.048688  -0.020593  -0.007927  -2.018370  0.034533  -0.776891  1.000000  
163.964905 0.028876  0.010440  -0.000498  0.612410  0.642252  0.460941  -0.706813  0.705992  -0.044616  -0.354076  -0.298475  0.886309  -0.049009  -0.020792  -0.007945  -2.063879  0.039209  -0.781088  1.000000  
163.966142 0.028810  0.010411  -0.000507  0.613106  0.643339  0.458493  -0.706146  0.706501  -0.047060  -0.354201  -0.294910  0.887451  -0.049566  -0.021076  -0.007911  -2.121408  0.045539  -0.792258  1.000000  
163.967391 0.028745  0.010383  -0.000516  0.613978  0.644241  0.456053  -0.705388  0.707109  -0.049238  -0.354201  -0.291463  0.888589  -0.050007  -0.021305  -0.007815  -2.174762  0.058335  -0.807333  1.000000  
163.968396 0.028693  0.010362  -0.000523  0.614528  0.645068  0.454140  -0.704847  0.707511  -0.051184  -0.354326  -0.288645  0.889459  -0.050390  -0.021538  -0.007769  -2.216665  0.062749  -0.811835  1.000000  
163.969641 0.028629  0.010337  -0.000531  0.615398  0.645952  0.451699  -0.704087  0.708105  -0.053372  -0.354326  -0.285190  0.890573  -0.050850  -0.021774  -0.007677  -2.266136  0.073145  -0.821633  1.000000  
163.970887 0.028564  0.010309  -0.000540  0.616267  0.646934  0.449100  -0.703326  0.708679  -0.055737  -0.354326  -0.281515  0.891741  -0.051248  -0.022096  -0.007556  -2.311969  0.084946  -0.829840  1.000000  
163.971888 0.028512  0.010286  -0.000547  0.616991  0.647726  0.446960  -0.702692  0.709152  -0.057683  -0.354326  -0.278485  0.892692  -0.051466  -0.022314  -0.007547  -2.360490  0.099723  -0.837958  1.000000  
163.972888 0.028459  0.010261  -0.000554  0.617569  0.648602  0.444886  -0.702183  0.709494  -0.059639  -0.354326  -0.275560  0.893599  -0.051811  -0.022615  -0.007439  -2.410306  0.104426  -0.835826  1.000000  
163.973889 0.028406  0.010236  -0.000560  0.618292  0.649379  0.442744  -0.701547  0.709956  -0.061593  -0.354326  -0.272523  0.894530  -0.052104  -0.022950  -0.007391  -2.450022  0.114899  -0.845280  1.000000  
163.975138 0.028339  0.010203  -0.000568  0.619158  0.650376  0.440062  -0.700783  0.710492  -0.064063  -0.354326  -0.268723  0.895679  -0.052451  -0.023389  -0.007197  -2.509786  0.126993  -0.847722  1.000000  
163.976139 0.028285  0.010175  -0.000573  0.619879  0.651135  0.437919  -0.700145  0.710941  -0.066025  -0.354326  -0.265680  0.896587  -0.052558  -0.023627  -0.007085  -2.539428  0.136339  -0.849826  1.000000  
163.977139 0.028232  0.010147  -0.000579  0.620599  0.651940  0.435696  -0.699507  0.711376  -0.068077  -0.354326  -0.262524  0.897516  -0.052630  -0.023972  -0.006960  -2.581404  0.144421  -0.853395  1.000000  
163.978389 0.028166  0.010113  -0.000585  0.621607  0.652758  0.433027  -0.698612  0.712022  -0.070472  -0.354326  -0.258711  0.898622  -0.052587  -0.024208  -0.006642  -2.621014  0.158138  -0.861809  1.000000  
163.979401 0.028114  0.010085  -0.000590  0.622325  0.653544  0.430803  -0.697972  0.712443  -0.072533  -0.354326  -0.255549  0.899527  -0.052518  -0.024493  -0.006397  -2.661903  0.169372  -0.864799  1.000000  
163.980643 0.028049  0.010051  -0.000594  0.623044  0.654686  0.428022  -0.697331  0.712794  -0.075203  -0.354326  -0.251619  0.900634  -0.052467  -0.024820  -0.005997  -2.712629  0.179151  -0.861776  1.000000  
163.981644 0.027998  0.010024  -0.000596  0.623586  0.655630  0.425782  -0.696782  0.713080  -0.077535  -0.354451  -0.248327  0.901498  -0.052456  -0.025152  -0.005685  -2.752191  0.180728  -0.860540  1.000000  
163.982894 0.027934  0.009990  -0.000599  0.624446  0.656602  0.423014  -0.696011  0.713546  -0.080126  -0.354451  -0.244388  0.902574  -0.052321  -0.025645  -0.005228  -2.792278  0.190286  -0.856874  1.000000  
163.984138 0.027871  0.009954  -0.000599  0.625131  0.657687  0.420309  -0.695333  0.713891  -0.082898  -0.354576  -0.240432  0.903586  -0.052275  -0.026229  -0.004789  -2.831756  0.192035  -0.855290  1.000000  
163.985140 0.027819  0.009924  -0.000600  0.625703  0.658573  0.418063  -0.694818  0.714137  -0.085065  -0.354576  -0.237252  0.904426  -0.052233  -0.026763  -0.004350  -2.869818  0.197383  -0.854118  1.000000  
163.986389 0.027753  0.009884  -0.000599  0.626386  0.659737  0.415195  -0.694138  0.714440  -0.088018  -0.354701  -0.233069  0.905464  -0.052335  -0.027623  -0.003687  -2.914796  0.196973  -0.846423  1.000000  
163.987389 0.027700  0.009851  -0.000597  0.626783  0.660782  0.412929  -0.693716  0.714547  -0.090453  -0.354826  -0.229761  0.906261  -0.052373  -0.028216  -0.003172  -2.958466  0.194258  -0.834202  1.000000  
163.988390 0.027645  0.009816  -0.000595  0.627211  0.661740  0.410739  -0.693329  0.714644  -0.092625  -0.354826  -0.226682  0.907036  -0.052460  -0.028805  -0.002501  -2.981416  0.194111  -0.827330  1.000000  
163.989639 0.027575  0.009771  -0.000590  0.627718  0.662948  0.408007  -0.692741  0.714811  -0.095676  -0.355076  -0.222586  0.907952  -0.052689  -0.029708  -0.001595  -3.018360  0.187051  -0.815524  1.000000  
163.990889 0.027505  0.009726  -0.000584  0.628225  0.664145  0.405273  -0.692154  0.714965  -0.098729  -0.355327  -0.218487  0.908849  -0.052942  -0.030355  -0.000778  -3.050240  0.178289  -0.810767  1.000000  
163.992138 0.027432  0.009682  -0.000576  0.628556  0.665506  0.402516  -0.691660  0.714978  -0.102046  -0.355702  -0.214263  0.909708  -0.053351  -0.031017  0.000201  -3.087340  0.167063  -0.800355  1.000000  
163.993392 0.027358  0.009637  -0.000566  0.629061  0.666728  0.399695  -0.691072  0.715090  -0.105191  -0.355952  -0.210046  0.910593  -0.053936  -0.031751  0.001338  -3.124212  0.155109  -0.790249  1.000000  
163.994639 0.027283  0.009593  -0.000555  0.629392  0.668066  0.396931  -0.690578  0.715072  -0.108512  -0.356327  -0.205815  0.911412  -0.054562  -0.032362  0.002360  -3.149520  0.136161  -0.781782  1.000000  
163.995658 0.027222  0.009558  -0.000545  0.629754  0.668980  0.394811  -0.690118  0.715139  -0.110963  -0.356577  -0.202587  0.912037  -0.055183  -0.032899  0.003317  -3.162021  0.126437  -0.776933  1.000000  
163.996894 0.027144  0.009515  -0.000530  0.630225  0.670055  0.392227  -0.689494  0.715259  -0.114032  -0.356952  -0.198572  0.912773  -0.056139  -0.033506  0.004439  -3.182694  0.108025  -0.769256  1.000000  
163.997896 0.027080  0.009479  -0.000517  0.630586  0.671049  0.389942  -0.689034  0.715278  -0.116661  -0.357202  -0.195119  0.913420  -0.057052  -0.034207  0.005527  -3.207112  0.093811  -0.765190  1.000000  
163.999153 0.026999  0.009433  -0.000498  0.630915  0.672299  0.387248  -0.688539  0.715219  -0.119901  -0.357577  -0.190988  0.914146  -0.058211  -0.034846  0.006900  -3.233609  0.076908  -0.748794  1.000000  
164.000396 0.026915  0.009384  -0.000476  0.631385  0.673390  0.384577  -0.687913  0.715284  -0.123064  -0.357952  -0.186855  0.914853  -0.059475  -0.035562  0.008361  -3.251577  0.057379  -0.740158  1.000000  
164.001640 0.026831  0.009332  -0.000453  0.631854  0.674471  0.381903  -0.687287  0.715334  -0.126229  -0.358326  -0.182719  0.915541  -0.060745  -0.036254  0.009876  -3.269088  0.037912  -0.731260  1.000000  
164.002890 0.026746  0.009280  -0.000427  0.632354  0.675603  0.379063  -0.686696  0.715336  -0.129393  -0.358576  -0.178478  0.916280  -0.061897  -0.036884  0.011443  -3.287789  0.024411  -0.727302  1.000000  
164.004171 0.026661  0.009228  -0.000397  0.632854  0.676677  0.376302  -0.686104  0.715340  -0.132473  -0.358826  -0.174346  0.916977  -0.062829  -0.037367  0.013090  -3.301069  0.009434  -0.716132  1.000000  
164.005389 0.026575  0.009174  -0.000367  0.633354  0.677785  0.373458  -0.685512  0.715314  -0.135642  -0.359076  -0.170101  0.917677  -0.063965  -0.037980  0.014855  -3.320503  -0.007076  -0.700241  1.000000  
164.006390 0.026507  0.009132  -0.000342  0.633853  0.678475  0.371352  -0.684920  0.715424  -0.138032  -0.359325  -0.166854  0.918175  -0.064738  -0.038465  0.016112  -3.326915  -0.019753  -0.695956  1.000000  
164.007390 0.026439  0.009090  -0.000315  0.634243  0.679320  0.369133  -0.684493  0.715370  -0.140410  -0.359450  -0.163615  0.918709  -0.065357  -0.038900  0.017400  -3.331869  -0.029530  -0.684308  1.000000  
164.008396 0.026371  0.009049  -0.000288  0.634741  0.680085  0.366861  -0.683900  0.715429  -0.142977  -0.359700  -0.160143  0.919223  -0.065905  -0.039297  0.018709  -3.346462  -0.042204  -0.679877  1.000000  
164.009639 0.026285  0.008997  -0.000252  0.635379  0.681005  0.364041  -0.683176  0.715494  -0.146079  -0.359950  -0.155888  0.919856  -0.066614  -0.039851  0.020347  -3.355065  -0.053307  -0.676011  1.000000  
164.010640 0.026216  0.008955  -0.000223  0.635909  0.681722  0.361766  -0.682617  0.715534  -0.148474  -0.360074  -0.152532  0.920370  -0.067109  -0.040263  0.021503  -3.359266  -0.060089  -0.676808  1.000000  
164.011896 0.026130  0.008904  -0.000185  0.636545  0.682575  0.359027  -0.681892  0.715593  -0.151495  -0.360324  -0.148384  0.920950  -0.067635  -0.040798  0.023265  -3.359561  -0.067505  -0.677516  1.000000  
164.013145 0.026043  0.008852  -0.000145  0.637495  0.683179  0.356184  -0.680939  0.715886  -0.154369  -0.360449  -0.144130  0.921576  -0.068124  -0.041291  0.024745  -3.365794  -0.071402  -0.682522  1.000000  
164.014147 0.025971  0.008808  -0.000112  0.638195  0.683777  0.353774  -0.680282  0.716005  -0.156695  -0.360449  -0.140664  0.922112  -0.068515  -0.041674  0.025707  -3.371131  -0.072560  -0.688517  1.000000  
164.015153 0.025901  0.008765  -0.000078  0.638755  0.684513  0.351332  -0.679756  0.715975  -0.159097  -0.360449  -0.137196  0.922634  -0.068735  -0.041945  0.026952  -3.378399  -0.070645  -0.687162  1.000000  
164.016399 0.025811  0.008709  -0.000034  0.639734  0.685093  0.348407  -0.678835  0.716222  -0.161894  -0.360449  -0.132942  0.923257  -0.069065  -0.042243  0.028351  -3.373857  -0.071289  -0.699586  1.000000  
164.017640 0.025723  0.008653  0.000012  0.640605  0.685778  0.345447  -0.678079  0.716323  -0.164590  -0.360324  -0.128803  0.923892  -0.069332  -0.042518  0.029550  -3.370322  -0.063153  -0.710521  1.000000  
164.018889 0.025634  0.008598  0.000059  0.641615  0.686425  0.342273  -0.677190  0.716494  -0.167481  -0.360199  -0.124326  0.924554  -0.069762  -0.042776  0.031039  -3.375134  -0.054008  -0.727594  1.000000  
164.019890 0.025564  0.008555  0.000098  0.642345  0.686981  0.339779  -0.676565  0.716555  -0.169734  -0.360074  -0.120855  0.925062  -0.069735  -0.042699  0.031954  -3.382320  -0.040975  -0.737607  1.000000  
164.021139 0.025476  0.008502  0.000146  0.643213  0.687748  0.336570  -0.675806  0.716562  -0.172703  -0.359950  -0.116371  0.925686  -0.069853  -0.042671  0.032979  -3.383153  -0.027724  -0.754094  1.000000  
164.022390 0.025387  0.008449  0.000196  0.644286  0.688291  0.333393  -0.674982  0.716718  -0.175255  -0.359575  -0.112120  0.926356  -0.070139  -0.042723  0.034073  -3.369019  -0.000161  -0.774687  1.000000  
164.023640 0.025298  0.008398  0.000247  0.645047  0.689143  0.330146  -0.674388  0.716570  -0.178124  -0.359325  -0.107748  0.926971  -0.070392  -0.042739  0.035326  -3.374968  0.015101  -0.778063  1.000000  
164.024641 0.025225  0.008356  0.000289  0.645807  0.689741  0.327399  -0.673793  0.716541  -0.180475  -0.359076  -0.104047  0.927491  -0.070644  -0.042696  0.036219  -3.381665  0.032014  -0.787751  1.000000  
164.025890 0.025133  0.008304  0.000342  0.646772  0.690474  0.323931  -0.673134  0.716472  -0.183191  -0.358576  -0.099567  0.928175  -0.071151  -0.042779  0.037254  -3.392595  0.062442  -0.795731  1.000000  
164.027140 0.025037  0.008252  0.000394  0.647565  0.691288  0.320595  -0.672571  0.716282  -0.185979  -0.358201  -0.095189  0.928779  -0.071663  -0.042775  0.038081  -3.396831  0.081791  -0.798521  1.000000  
164.028391 0.024940  0.008199  0.000448  0.648390  0.692132  0.317087  -0.672042  0.716049  -0.188768  -0.357702  -0.090701  0.929421  -0.072322  -0.042769  0.038960  -3.404125  0.110888  -0.806835  1.000000  
164.029397 0.024861  0.008155  0.000491  0.649042  0.692831  0.314212  -0.671611  0.715833  -0.191105  -0.357327  -0.086993  0.929919  -0.072915  -0.042823  0.039766  -3.411842  0.134992  -0.809965  1.000000  
164.030646 0.024760  0.008101  0.000547  0.649900  0.693649  0.310614  -0.671114  0.715572  -0.193809  -0.356702  -0.082501  0.930568  -0.073706  -0.042753  0.040568  -3.421015  0.167725  -0.811699  1.000000  
164.031896 0.024658  0.008047  0.000604  0.650585  0.694551  0.307144  -0.670716  0.715190  -0.196581  -0.356202  -0.078114  0.931138  -0.074599  -0.042590  0.041367  -3.427126  0.196084  -0.814602  1.000000  
164.033145 0.024554  0.007993  0.000661  0.651198  0.695597  0.303458  -0.670519  0.714639  -0.199238  -0.355452  -0.073731  0.931782  -0.075588  -0.042495  0.042065  -3.433885  0.227080  -0.804350  1.000000  
164.034390 0.024450  0.007939  0.000719  0.651949  0.696548  0.299640  -0.670187  0.714173  -0.202006  -0.354701  -0.069117  0.932422  -0.076712  -0.042438  0.042772  -3.455818  0.258348  -0.795102  1.000000  
164.035639 0.024346  0.007887  0.000779  0.652561  0.697553  0.295945  -0.669988  0.713604  -0.204662  -0.353950  -0.064725  0.933022  -0.077839  -0.042399  0.043543  -3.464324  0.289421  -0.784913  1.000000  
164.036640 0.024260  0.007845  0.000827  0.653002  0.698396  0.292970  -0.669888  0.713087  -0.206776  -0.353325  -0.061232  0.933495  -0.078833  -0.042363  0.044103  -3.477676  0.311801  -0.769936  1.000000  
164.037889 0.024152  0.007792  0.000889  0.653476  0.699443  0.289395  -0.669822  0.712407  -0.209318  -0.352574  -0.057059  0.934043  -0.080100  -0.042516  0.044872  -3.478603  0.342525  -0.754338  1.000000  
164.039139 0.024042  0.007740  0.000950  0.653982  0.700615  0.285390  -0.669789  0.711611  -0.212115  -0.351697  -0.052432  0.934644  -0.081491  -0.042523  0.045564  -3.498708  0.377003  -0.732292  1.000000  
164.040140 0.023954  0.007697  0.001001  0.654284  0.701628  0.282190  -0.669822  0.710877  -0.214456  -0.351071  -0.048702  0.935082  -0.082428  -0.042540  0.046181  -3.514354  0.403367  -0.711091  1.000000  
164.041389 0.023840  0.007643  0.001065  0.654756  0.702822  0.278091  -0.669754  0.710013  -0.217509  -0.350319  -0.043838  0.935604  -0.083746  -0.042707  0.046944  -3.546444  0.429243  -0.690570  1.000000  
164.042639 0.023726  0.007588  0.001131  0.655123  0.704043  0.274111  -0.669854  0.709068  -0.220268  -0.349441  -0.039311  0.936133  -0.084808  -0.042861  0.047679  -3.571554  0.455802  -0.657645  1.000000  
164.043640 0.023634  0.007543  0.001184  0.655562  0.704860  0.270944  -0.669751  0.708454  -0.222545  -0.348814  -0.035573  0.936516  -0.085827  -0.043005  0.048373  -3.583553  0.478089  -0.637867  1.000000  
164.044890 0.023518  0.007488  0.001251  0.655929  0.706073  0.266868  -0.669849  0.707463  -0.225384  -0.347937  -0.030926  0.937008  -0.086872  -0.043111  0.049221  -3.609847  0.503478  -0.605749  1.000000  
164.045893 0.023425  0.007443  0.001306  0.656262  0.707005  0.263560  -0.669913  0.706686  -0.227622  -0.347184  -0.027183  0.937403  -0.087796  -0.043155  0.049947  -3.629842  0.528840  -0.578116  1.000000  
164.046895 0.023332  0.007397  0.001362  0.656732  0.707714  0.260467  -0.669842  0.706103  -0.229632  -0.346431  -0.023665  0.937777  -0.088377  -0.043303  0.050536  -3.643414  0.551388  -0.552034  1.000000  
164.048146 0.023215  0.007341  0.001433  0.657268  0.708662  0.256509  -0.669836  0.705286  -0.232148  -0.345427  -0.019236  0.938249  -0.089356  -0.043405  0.051532  -3.653342  0.578128  -0.526461  1.000000  
164.049223 0.023122  0.007297  0.001490  0.657737  0.709402  0.253239  -0.669763  0.704634  -0.234327  -0.344673  -0.015485  0.938595  -0.089533  -0.043323  0.051984  -3.655613  0.595521  -0.506493  1.000000  
164.050390 0.023005  0.007241  0.001564  0.658271  0.710371  0.249102  -0.669755  0.703744  -0.237009  -0.343668  -0.010821  0.939029  -0.090875  -0.043813  0.053221  -3.683532  0.619879  -0.485011  1.000000  
164.051391 0.022912  0.007195  0.001623  0.658740  0.711047  0.245913  -0.669680  0.703108  -0.239099  -0.342914  -0.007178  0.939339  -0.091401  -0.044036  0.053935  -3.697847  0.638730  -0.458291  1.000000  
164.052391 0.022818  0.007150  0.001683  0.659241  0.711680  0.242719  -0.669637  0.702494  -0.241014  -0.342034  -0.003647  0.939680  -0.091869  -0.044231  0.054669  -3.709254  0.658249  -0.439936  1.000000  
164.053639 0.022699  0.007093  0.001759  0.659911  0.712386  0.238795  -0.669490  0.701787  -0.243471  -0.341028  0.000798  0.940053  -0.092527  -0.044551  0.055633  -3.710038  0.677372  -0.431323  1.000000  
164.054639 0.022605  0.007047  0.001819  0.660549  0.712872  0.235561  -0.669310  0.701280  -0.245420  -0.340147  0.004448  0.940362  -0.092995  -0.044767  0.056321  -3.711182  0.697286  -0.420068  1.000000  
