1-Time 2-Px 3-Py 4-Pz 5-R11 6-R21 7-R31 8-R12 9-R22 10-R32 11-R13 12-R23 13-R33 14-Vx 15-Vy 16-Vz 17-Wx 18-Wy 19-Wz 20-state 21-PR11 22-PR21 23-PR31 24-PR12 25-PR22 26-PR32 27-PR13 28-PR23 29-PR33 
93.528823 0.000891  0.091701  0.001099  0.980697  0.185985  -0.060364  -0.184234  0.982314  0.033430  0.065514  -0.021664  0.997616  -0.000007  0.000022  -0.000011  0.000000  0.000000  0.000000  2.000000  1.000000  0.000000  0.000000  -0.000000  1.000000  0.000000  0.000000  -0.000000  1.000000  1.000000  -0.000009  0.000401  0.000009  1.000000  0.000000  -0.000401  0.000000  1.000000  1.000000  0.000000  0.000000  0.000000  1.000000  0.000000  0.000000  0.000000  1.000000  0.786960  0.367504  -0.495616  -0.350126  0.927394  0.131726  0.508041  0.069865  0.858495  0.000000  0.000000  
93.529827 0.000890  0.091701  0.001099  0.980659  0.186187  -0.060358  -0.184436  0.982275  0.033443  0.065514  -0.021664  0.997616  -0.000007  0.000022  -0.000011  0.000000  0.000000  0.000000  2.000000  1.000000  0.000000  0.000000  0.000000  1.000000  0.000000  0.000000  0.000000  1.000000  1.000000  -0.000009  0.000401  0.000009  1.000000  0.000000  -0.000401  0.000000  1.000000  1.000000  0.000000  0.000000  0.000000  1.000000  0.000000  0.000000  0.000000  1.000000  1.000000  0.000000  0.000000  0.000000  1.000000  0.000000  0.000000  0.000000  1.000000  0.000000  0.000000  
93.530828 0.000890  0.091699  0.001099  0.980498  0.186999  -0.060461  -0.185241  0.982121  0.033517  0.065648  -0.021664  0.997608  -0.000017  -0.000071  0.000002  0.000000  0.000000  0.000000  2.000000  1.000000  0.000000  0.000000  0.000000  1.000000  0.000000  0.000000  0.000000  1.000000  1.000000  0.000816  0.000285  -0.000816  1.000000  0.000054  -0.000285  -0.000054  1.000000  1.000000  0.000000  0.000000  0.000000  1.000000  0.000000  0.000000  0.000000  1.000000  1.000000  0.000000  0.000000  0.000000  1.000000  0.000000  0.000000  0.000000  1.000000  0.000000  0.000000  
93.532077 0.000889  0.091697  0.001099  0.980221  0.188424  -0.060521  -0.186653  0.981846  0.033748  0.065781  -0.021784  0.997596  -0.000068  -0.000245  -0.000045  0.000000  0.000000  0.000000  2.000000  1.000000  0.000000  0.000000  0.000000  1.000000  0.000000  0.000000  0.000000  1.000000  0.999998  0.002051  0.000179  -0.002051  0.999998  0.000257  -0.000178  -0.000257  1.000000  1.000000  0.000000  0.000000  0.000000  1.000000  0.000000  0.000000  0.000000  1.000000  1.000000  0.000000  0.000000  0.000000  1.000000  0.000000  0.000000  0.000000  1.000000  0.000000  0.000000  
93.533323 0.000889  0.091694  0.001098  0.980020  0.189445  -0.060594  -0.187660  0.981647  0.033955  0.065915  -0.021905  0.997585  -0.000126  -0.000437  -0.000051  0.000000  0.000000  0.000000  2.000000  1.000000  0.000000  0.000000  0.000000  1.000000  0.000000  0.000000  0.000000  1.000000  0.999995  0.003289  -0.000061  -0.003289  0.999994  0.000460  0.000063  -0.000459  1.000000  1.000000  0.000000  0.000000  0.000000  1.000000  0.000000  0.000000  0.000000  1.000000  1.000000  0.000000  0.000000  0.000000  1.000000  0.000000  0.000000  0.000000  1.000000  0.000000  0.000000  
93.534325 0.000888  0.091691  0.001099  0.979904  0.190051  -0.060573  -0.188265  0.981530  0.033992  0.065915  -0.021905  0.997585  -0.000146  -0.000625  -0.000025  0.000000  0.000000  0.000000  2.000000  1.000000  0.000000  0.000000  0.000000  1.000000  0.000000  0.000000  0.000000  1.000000  0.999992  0.004110  -0.000043  -0.004110  0.999991  0.000514  0.000045  -0.000514  1.000000  1.000000  0.000000  0.000000  0.000000  1.000000  0.000000  0.000000  0.000000  1.000000  1.000000  0.000000  0.000000  0.000000  1.000000  0.000000  0.000000  0.000000  1.000000  0.000000  0.000000  
93.535346 0.000888  0.091689  0.001099  0.979770  0.190670  -0.060791  -0.188867  0.981407  0.034199  0.066182  -0.022026  0.997564  -0.000174  -0.000788  -0.000011  0.000000  0.000000  0.000000  2.000000  1.000000  0.000000  0.000000  0.000000  1.000000  0.000000  0.000000  0.000000  1.000000  0.999989  0.004730  -0.000162  -0.004729  0.999989  0.000676  0.000166  -0.000676  1.000000  1.000000  0.000000  0.000000  0.000000  1.000000  0.000000  0.000000  0.000000  1.000000  1.000000  0.000000  0.000000  0.000000  1.000000  0.000000  0.000000  0.000000  1.000000  0.000000  0.000000  
93.536576 0.000887  0.091687  0.001100  0.979510  0.191898  -0.061119  -0.190072  0.981165  0.034470  0.066582  -0.022146  0.997535  -0.000206  -0.000898  0.000075  0.029595  0.018081  0.200628  2.000000  1.000000  0.000208  -0.000017  -0.000208  1.000000  0.000030  0.000017  -0.000030  1.000000  0.999983  0.005765  -0.000540  -0.005765  0.999983  0.000868  0.000545  -0.000865  0.999999  1.000000  0.000072  -0.000007  -0.000072  1.000000  0.000011  0.000007  -0.000011  1.000000  1.000000  0.000208  -0.000017  -0.000208  1.000000  0.000030  0.000017  -0.000030  1.000000  0.000049  0.005855  
93.537581 0.000887  0.091686  0.001102  0.979248  0.193119  -0.061469  -0.191277  0.980925  0.034622  0.066983  -0.022146  0.997508  -0.000260  -0.000987  0.000182  0.032387  0.030650  0.242279  2.000000  1.000000  0.000453  -0.000049  -0.000453  1.000000  0.000065  0.000049  -0.000065  1.000000  0.999975  0.007006  -0.000913  -0.007006  0.999975  0.000953  0.000920  -0.000946  0.999999  1.000000  0.000088  -0.000011  -0.000088  1.000000  0.000012  0.000011  -0.000012  1.000000  1.000000  0.000453  -0.000049  -0.000453  1.000000  0.000065  0.000049  -0.000065  1.000000  0.000060  0.007129  
93.538824 0.000886  0.091685  0.001102  0.978857  0.194955  -0.061905  -0.193084  0.980559  0.034958  0.067517  -0.022266  0.997470  -0.000326  -0.001052  0.000183  0.040686  0.047252  0.304814  2.000000  1.000000  0.000956  -0.000128  -0.000956  1.000000  0.000132  0.000128  -0.000132  1.000000  0.999960  0.008867  -0.001405  -0.008865  0.999960  0.001202  0.001416  -0.001190  0.999998  1.000000  0.000111  -0.000018  -0.000111  1.000000  0.000015  0.000018  -0.000015  1.000000  1.000000  0.000956  -0.000128  -0.000956  1.000000  0.000132  0.000128  -0.000132  1.000000  0.000076  0.009057  
93.540078 0.000885  0.091684  0.001100  0.978511  0.196586  -0.062216  -0.194690  0.980231  0.035257  0.067917  -0.022386  0.997440  -0.000389  -0.001140  0.000061  0.048523  0.059496  0.360295  2.000000  0.999999  0.001569  -0.000241  -0.001569  0.999999  0.000212  0.000242  -0.000212  1.000000  0.999943  0.010522  -0.001901  -0.010519  0.999944  0.001438  0.001916  -0.001418  0.999997  1.000000  0.000132  -0.000024  -0.000132  1.000000  0.000018  0.000024  -0.000018  1.000000  0.999999  0.001569  -0.000241  -0.001569  0.999999  0.000212  0.000242  -0.000212  1.000000  0.000090  0.010787  
93.541078 0.000884  0.091684  0.001098  0.978251  0.197803  -0.062434  -0.195895  0.979986  0.035386  0.068184  -0.022386  0.997422  -0.000441  -0.001133  -0.000074  0.051349  0.067564  0.401852  2.000000  0.999998  0.002129  -0.000346  -0.002129  0.999998  0.000286  0.000347  -0.000285  1.000000  0.999931  0.011555  -0.002145  -0.011551  0.999932  0.001511  0.002162  -0.001486  0.999997  1.000000  0.000144  -0.000027  -0.000144  1.000000  0.000019  0.000027  -0.000019  1.000000  0.999998  0.002129  -0.000346  -0.002129  0.999998  0.000286  0.000347  -0.000285  1.000000  0.000099  0.011848  
93.542079 0.000884  0.091685  0.001097  0.978000  0.199024  -0.062497  -0.197102  0.979736  0.035608  0.068318  -0.022507  0.997410  -0.000462  -0.001067  -0.000107  0.058205  0.075609  0.443442  2.000000  0.999996  0.002748  -0.000461  -0.002748  0.999996  0.000368  0.000462  -0.000367  1.000000  0.999915  0.012793  -0.002382  -0.012789  0.999917  0.001719  0.002404  -0.001689  0.999996  1.000000  0.000160  -0.000030  -0.000160  1.000000  0.000021  0.000030  -0.000021  1.000000  0.999996  0.002748  -0.000461  -0.002748  0.999996  0.000368  0.000462  -0.000367  1.000000  0.000110  0.013125  
93.543080 0.000884  0.091686  0.001098  0.977738  0.200240  -0.062715  -0.198306  0.979488  0.035739  0.068585  -0.022506  0.997391  -0.000451  -0.001013  -0.000067  0.061050  0.083677  0.485010  2.000000  0.999994  0.003434  -0.000584  -0.003434  0.999994  0.000457  0.000586  -0.000455  1.000000  0.999896  0.014234  -0.002482  -0.014229  0.999897  0.001819  0.002508  -0.001784  0.999995  1.000000  0.000178  -0.000031  -0.000178  1.000000  0.000023  0.000031  -0.000023  1.000000  0.999994  0.003434  -0.000584  -0.003434  0.999994  0.000457  0.000586  -0.000455  1.000000  0.000122  0.014561  
93.544324 0.000884  0.091686  0.001098  0.977309  0.202269  -0.062878  -0.200315  0.979069  0.036040  0.068852  -0.022627  0.997370  -0.000437  -0.000980  -0.000107  0.069864  0.091128  0.554354  2.000000  0.999991  0.004202  -0.000719  -0.004202  0.999991  0.000556  0.000721  -0.000553  1.000000  0.999867  0.016088  -0.002704  -0.016083  0.999869  0.002071  0.002737  -0.002027  0.999994  1.000000  0.000201  -0.000034  -0.000201  1.000000  0.000026  0.000034  -0.000026  1.000000  0.999991  0.004202  -0.000719  -0.004202  0.999991  0.000556  0.000721  -0.000553  1.000000  0.000138  0.016443  
93.545329 0.000885  0.091685  0.001097  0.977002  0.203686  -0.063088  -0.201719  0.978775  0.036184  0.069119  -0.022626  0.997352  -0.000373  -0.000983  -0.000138  0.073189  0.099024  0.602722  2.000000  0.999987  0.005051  -0.000867  -0.005050  0.999987  0.000662  0.000870  -0.000658  0.999999  0.999842  0.017535  -0.003071  -0.017528  0.999844  0.002176  0.003109  -0.002122  0.999993  1.000000  0.000219  -0.000039  -0.000219  1.000000  0.000027  0.000039  -0.000027  1.000000  0.999987  0.005051  -0.000867  -0.005050  0.999987  0.000662  0.000870  -0.000658  0.999999  0.000151  0.017932  
93.546381 0.000885  0.091684  0.001096  0.976683  0.205113  -0.063402  -0.203121  0.978474  0.036476  0.069519  -0.022747  0.997321  -0.000303  -0.000906  -0.000183  0.080517  0.111197  0.650163  2.000000  0.999982  0.005976  -0.001028  -0.005976  0.999982  0.000776  0.001033  -0.000770  0.999999  0.999814  0.018982  -0.003436  -0.018973  0.999817  0.002402  0.003481  -0.002336  0.999991  1.000000  0.000237  -0.000043  -0.000237  1.000000  0.000030  0.000043  -0.000030  1.000000  0.999982  0.005976  -0.001028  -0.005976  0.999982  0.000776  0.001033  -0.000770  0.999999  0.000163  0.019436  
93.547574 0.000886  0.091683  0.001096  0.976319  0.206733  -0.063734  -0.204724  0.978133  0.036662  0.069920  -0.022746  0.997293  -0.000220  -0.000807  -0.000135  0.084558  0.123667  0.706916  2.000000  0.999975  0.006982  -0.001216  -0.006981  0.999975  0.000899  0.001222  -0.000891  0.999999  0.999779  0.020636  -0.003931  -0.020627  0.999784  0.002526  0.003982  -0.002445  0.999989  1.000000  0.000258  -0.000049  -0.000258  1.000000  0.000031  0.000049  -0.000031  1.000000  0.999975  0.006982  -0.001216  -0.006981  0.999975  0.000899  0.001222  -0.000891  0.999999  0.000177  0.021156  
93.548822 0.000887  0.091681  0.001098  0.975987  0.208162  -0.064178  -0.206123  0.977827  0.036983  0.070453  -0.022866  0.997253  -0.000094  -0.000785  -0.000072  0.091355  0.143892  0.749845  2.000000  0.999964  0.008331  -0.001474  -0.008330  0.999965  0.001064  0.001483  -0.001052  0.999998  0.999747  0.022083  -0.004295  -0.022072  0.999753  0.002757  0.004354  -0.002661  0.999987  1.000000  0.000276  -0.000054  -0.000276  1.000000  0.000034  0.000054  -0.000034  1.000000  0.999964  0.008331  -0.001474  -0.008330  0.999965  0.001064  0.001483  -0.001052  0.999998  0.000189  0.022661  
93.550071 0.000889  0.091677  0.001099  0.975661  0.209588  -0.064491  -0.207523  0.977520  0.037277  0.070854  -0.022986  0.997222  0.000056  -0.000824  -0.000020  0.098824  0.156147  0.798035  2.000000  0.999951  0.009768  -0.001758  -0.009766  0.999952  0.001241  0.001770  -0.001224  0.999998  0.999712  0.023530  -0.004658  -0.023517  0.999719  0.002988  0.004727  -0.002877  0.999985  1.000000  0.000294  -0.000059  -0.000294  1.000000  0.000037  0.000059  -0.000037  1.000000  0.999951  0.009768  -0.001758  -0.009766  0.999952  0.001241  0.001770  -0.001224  0.999998  0.000201  0.024168  
93.551320 0.000893  0.091674  0.001100  0.975323  0.211008  -0.064959  -0.208921  0.977214  0.037482  0.071388  -0.022986  0.997184  0.000396  -0.000914  -0.000007  0.103169  0.174332  0.853297  2.000000  0.999934  0.011288  -0.002068  -0.011285  0.999935  0.001431  0.002084  -0.001408  0.999997  0.999685  0.024569  -0.005167  -0.024554  0.999694  0.003073  0.005241  -0.002945  0.999982  1.000000  0.000307  -0.000065  -0.000307  1.000000  0.000038  0.000065  -0.000038  1.000000  0.999934  0.011288  -0.002068  -0.011285  0.999935  0.001431  0.002084  -0.001408  0.999997  0.000216  0.025289  
93.552325 0.000896  0.091669  0.001101  0.975046  0.212221  -0.065173  -0.210121  0.976951  0.037618  0.071655  -0.022985  0.997165  0.000664  -0.001124  -0.000044  0.105247  0.180874  0.887434  2.000000  0.999923  0.012220  -0.002267  -0.012216  0.999924  0.001548  0.002286  -0.001520  0.999996  0.999673  0.024986  -0.005424  -0.024969  0.999683  0.003112  0.005500  -0.002976  0.999980  1.000000  0.000312  -0.000068  -0.000312  1.000000  0.000038  0.000068  -0.000038  1.000000  0.999923  0.012220  -0.002267  -0.012216  0.999924  0.001548  0.002286  -0.001520  0.999996  0.000227  0.025751  
93.553325 0.000900  0.091665  0.001102  0.974801  0.213244  -0.065500  -0.211119  0.976726  0.037888  0.072055  -0.023105  0.997133  0.000924  -0.001359  -0.000028  0.112747  0.195014  0.929519  2.000000  0.999906  0.013467  -0.002541  -0.013462  0.999908  0.001703  0.002564  -0.001669  0.999995  0.999677  0.024784  -0.005560  -0.024767  0.999688  0.003104  0.005635  -0.002965  0.999980  1.000000  0.000310  -0.000070  -0.000310  1.000000  0.000038  0.000070  -0.000038  1.000000  0.999906  0.013467  -0.002541  -0.013462  0.999908  0.001703  0.002564  -0.001669  0.999995  0.000236  0.025583  
93.554331 0.000902  0.091660  0.001102  0.974608  0.214054  -0.065729  -0.211917  0.976549  0.037999  0.072322  -0.023105  0.997114  0.001163  -0.001608  0.000062  0.114765  0.203359  0.957192  2.000000  0.999888  0.014716  -0.002826  -0.014711  0.999890  0.001858  0.002853  -0.001817  0.999994  0.999671  0.024992  -0.005689  -0.024975  0.999684  0.003004  0.005762  -0.002861  0.999979  1.000000  0.000312  -0.000072  -0.000312  1.000000  0.000037  0.000072  -0.000037  1.000000  0.999888  0.014716  -0.002826  -0.014711  0.999890  0.001858  0.002853  -0.001817  0.999994  0.000243  0.025801  
93.555576 0.000906  0.091654  0.001101  0.974361  0.215060  -0.066107  -0.212914  0.976330  0.038034  0.072722  -0.022983  0.997087  0.001477  -0.002022  0.000165  0.113229  0.220663  0.992258  2.000000  0.999862  0.016281  -0.003197  -0.016275  0.999865  0.002043  0.003230  -0.001991  0.999993  0.999664  0.025206  -0.006088  -0.025189  0.999678  0.002908  0.006159  -0.002753  0.999977  1.000000  0.000315  -0.000077  -0.000315  1.000000  0.000035  0.000077  -0.000035  1.000000  0.999862  0.016281  -0.003197  -0.016275  0.999865  0.002043  0.003230  -0.001991  0.999993  0.000252  0.026088  
93.556628 0.000909  0.091648  0.001101  0.974220  0.215666  -0.066214  -0.213514  0.976197  0.038103  0.072856  -0.022983  0.997078  0.001710  -0.002436  0.000207  0.114527  0.224295  1.011255  2.000000  0.999840  0.017536  -0.003503  -0.017529  0.999844  0.002184  0.003541  -0.002122  0.999991  0.999664  0.025206  -0.006088  -0.025189  0.999679  0.002793  0.006156  -0.002639  0.999978  1.000000  0.000315  -0.000077  -0.000315  1.000000  0.000034  0.000077  -0.000034  1.000000  0.999840  0.017536  -0.003503  -0.017529  0.999844  0.002184  0.003541  -0.002122  0.999991  0.000259  0.026075  
93.557822 0.000913  0.091641  0.001100  0.974015  0.216479  -0.066574  -0.214310  0.976017  0.038244  0.073256  -0.022982  0.997048  0.001931  -0.002973  0.000157  0.115904  0.235633  1.032494  2.000000  0.999816  0.018781  -0.003805  -0.018772  0.999821  0.002320  0.003848  -0.002248  0.999990  0.999674  0.024794  -0.006098  -0.024779  0.999689  0.002652  0.006162  -0.002500  0.999978  1.000000  0.000310  -0.000077  -0.000310  1.000000  0.000032  0.000077  -0.000032  1.000000  0.999816  0.018781  -0.003805  -0.018772  0.999821  0.002320  0.003848  -0.002248  0.999990  0.000267  0.025666  
93.558822 0.000915  0.091635  0.001100  0.973819  0.217280  -0.066829  -0.215108  0.975841  0.038238  0.073523  -0.022861  0.997031  0.002071  -0.003446  0.000129  0.113901  0.243990  1.059999  2.000000  0.999792  0.019990  -0.004098  -0.019980  0.999797  0.002450  0.004146  -0.002367  0.999989  0.999696  0.023965  -0.005854  -0.023951  0.999710  0.002477  0.005911  -0.002336  0.999980  1.000000  0.000300  -0.000074  -0.000300  1.000000  0.000030  0.000074  -0.000030  1.000000  0.999792  0.019990  -0.004098  -0.019980  0.999797  0.002450  0.004146  -0.002367  0.999989  0.000274  0.024790  
93.559851 0.000917  0.091628  0.001100  0.973667  0.217889  -0.067066  -0.215705  0.975706  0.038337  0.073790  -0.022861  0.997012  0.002182  -0.003898  0.000162  0.115853  0.254478  1.081854  2.000000  0.999773  0.020873  -0.004314  -0.020862  0.999779  0.002540  0.004366  -0.002450  0.999987  0.999710  0.023349  -0.005869  -0.023336  0.999725  0.002317  0.005921  -0.002180  0.999980  1.000000  0.000292  -0.000074  -0.000292  1.000000  0.000028  0.000074  -0.000028  1.000000  0.999773  0.020873  -0.004314  -0.020862  0.999779  0.002540  0.004366  -0.002450  0.999987  0.000278  0.024182  
93.561070 0.000919  0.091621  0.001100  0.973549  0.218292  -0.067467  -0.216099  0.975619  0.038333  0.074190  -0.022739  0.996985  0.002268  -0.004226  0.000211  0.109824  0.262095  1.053722  2.000000  0.999747  0.022022  -0.004605  -0.022010  0.999754  0.002653  0.004663  -0.002551  0.999986  0.999724  0.022732  -0.005887  -0.022720  0.999740  0.002160  0.005934  -0.002025  0.999980  1.000000  0.000284  -0.000074  -0.000284  1.000000  0.000026  0.000074  -0.000026  1.000000  0.999747  0.022022  -0.004605  -0.022010  0.999754  0.002653  0.004663  -0.002551  0.999986  0.000275  0.023577  
93.562073 0.000920  0.091615  0.001100  0.973485  0.218490  -0.067746  -0.216295  0.975577  0.038286  0.074457  -0.022618  0.996968  0.002314  -0.004638  0.000223  0.099529  0.267289  1.019467  2.000000  0.999721  0.023123  -0.004896  -0.023110  0.999729  0.002755  0.004958  -0.002641  0.999984  0.999748  0.021701  -0.005780  -0.021691  0.999763  0.001844  0.005819  -0.001718  0.999982  1.000000  0.000271  -0.000073  -0.000271  1.000000  0.000022  0.000073  -0.000022  1.000000  0.999721  0.023123  -0.004896  -0.023110  0.999729  0.002755  0.004958  -0.002641  0.999984  0.000268  0.022530  
93.563321 0.000920  0.091607  0.001099  0.973386  0.218895  -0.067861  -0.216694  0.975486  0.038343  0.074590  -0.022617  0.996958  0.002276  -0.005030  0.000150  0.094168  0.267668  0.998870  2.000000  0.999688  0.024438  -0.005260  -0.024423  0.999698  0.002867  0.005329  -0.002738  0.999982  0.999769  0.020675  -0.005805  -0.020665  0.999785  0.001652  0.005838  -0.001532  0.999982  1.000000  0.000258  -0.000073  -0.000258  1.000000  0.000020  0.000073  -0.000020  1.000000  0.999688  0.024438  -0.005260  -0.024423  0.999698  0.002867  0.005329  -0.002738  0.999982  0.000261  0.021535  
93.564323 0.000920  0.091600  0.001099  0.973331  0.219090  -0.068010  -0.216892  0.975445  0.038268  0.074724  -0.022496  0.996950  0.002138  -0.005382  0.000024  0.089228  0.272498  0.985280  2.000000  0.999661  0.025431  -0.005550  -0.025415  0.999673  0.002947  0.005624  -0.002805  0.999980  0.999794  0.019442  -0.005837  -0.019434  0.999810  0.001442  0.005864  -0.001328  0.999982  1.000000  0.000243  -0.000073  -0.000243  1.000000  0.000017  0.000073  -0.000017  1.000000  0.999661  0.025431  -0.005550  -0.025415  0.999673  0.002947  0.005624  -0.002805  0.999980  0.000257  0.020348  
93.565323 0.000919  0.091592  0.001099  0.973232  0.219487  -0.068151  -0.217291  0.975359  0.038206  0.074857  -0.022375  0.996943  0.001926  -0.005628  -0.000008  0.080913  0.268387  0.979034  2.000000  0.999636  0.026354  -0.005836  -0.026337  0.999649  0.003013  0.005913  -0.002858  0.999978  0.999825  0.017796  -0.005745  -0.017790  0.999841  0.001080  0.005763  -0.000977  0.999983  1.000000  0.000222  -0.000072  -0.000222  1.000000  0.000013  0.000072  -0.000013  1.000000  0.999636  0.026354  -0.005836  -0.026337  0.999649  0.003013  0.005913  -0.002858  0.999978  0.000253  0.018729  
93.566573 0.000916  0.091582  0.001099  0.973213  0.219484  -0.068438  -0.217286  0.975362  0.038146  0.075124  -0.022254  0.996926  0.001450  -0.006073  -0.000102  0.070176  0.264652  0.937142  2.000000  0.999605  0.027412  -0.006183  -0.027393  0.999620  0.003080  0.006265  -0.002909  0.999976  0.999854  0.016146  -0.005519  -0.016142  0.999869  0.000838  0.005531  -0.000749  0.999984  1.000000  0.000202  -0.000069  -0.000202  1.000000  0.000010  0.000069  -0.000010  1.000000  0.999605  0.027412  -0.006183  -0.027393  0.999620  0.003080  0.006265  -0.002909  0.999976  0.000246  0.017082  
93.567825 0.000913  0.091572  0.001099  0.973203  0.219479  -0.068594  -0.217284  0.975366  0.038057  0.075257  -0.022133  0.996918  0.000989  -0.006361  -0.000171  0.062140  0.250507  0.875647  2.000000  0.999582  0.028173  -0.006458  -0.028153  0.999599  0.003118  0.006543  -0.002934  0.999974  0.999877  0.014705  -0.005420  -0.014702  0.999892  0.000491  0.005427  -0.000412  0.999985  1.000000  0.000184  -0.000068  -0.000184  1.000000  0.000006  0.000068  -0.000006  1.000000  0.999582  0.028173  -0.006458  -0.028153  0.999599  0.003118  0.006543  -0.002934  0.999974  0.000234  0.015679  
93.568831 0.000909  0.091564  0.001099  0.973193  0.219473  -0.068751  -0.217282  0.975370  0.037968  0.075391  -0.022011  0.996911  0.000513  -0.006611  -0.000170  0.050737  0.242518  0.826878  2.000000  0.999561  0.028851  -0.006718  -0.028830  0.999579  0.003141  0.006806  -0.002946  0.999973  0.999901  0.013056  -0.005192  -0.013054  0.999915  0.000248  0.005195  -0.000181  0.999986  1.000000  0.000163  -0.000065  -0.000163  1.000000  0.000003  0.000065  -0.000003  1.000000  0.999561  0.028851  -0.006718  -0.028830  0.999579  0.003141  0.006806  -0.002946  0.999973  0.000220  0.014052  
93.570077 0.000905  0.091555  0.001101  0.973173  0.219471  -0.069038  -0.217278  0.975374  0.037907  0.075658  -0.021890  0.996894  0.000032  -0.006773  -0.000037  0.039497  0.241440  0.779015  2.000000  0.999537  0.029615  -0.007030  -0.029593  0.999557  0.003152  0.007121  -0.002942  0.999970  0.999921  0.011609  -0.004826  -0.011609  0.999933  -0.000101  0.004824  0.000157  0.999988  1.000000  0.000145  -0.000060  -0.000145  1.000000  -0.000002  0.000060  0.000002  1.000000  0.999537  0.029615  -0.007030  -0.029593  0.999557  0.003152  0.007121  -0.002942  0.999970  0.000206  0.012573  
93.571324 0.000899  0.091545  0.001101  0.973163  0.219457  -0.069222  -0.217275  0.975382  0.037700  0.075791  -0.021648  0.996889  -0.000597  -0.006979  0.000030  0.024068  0.238126  0.731099  2.000000  0.999514  0.030291  -0.007332  -0.030269  0.999537  0.003142  0.007424  -0.002918  0.999968  0.999937  0.010168  -0.004726  -0.010170  0.999948  -0.000449  0.004721  0.000497  0.999989  1.000000  0.000127  -0.000059  -0.000127  1.000000  -0.000006  0.000059  0.000006  1.000000  0.999514  0.030291  -0.007332  -0.030269  0.999537  0.003142  0.007424  -0.002918  0.999968  0.000194  0.011223  
93.572325 0.000894  0.091537  0.001103  0.973198  0.219250  -0.069386  -0.217073  0.975431  0.037596  0.075925  -0.021527  0.996881  -0.001240  -0.007156  0.000157  0.016205  0.234908  0.676185  2.000000  0.999498  0.030763  -0.007560  -0.030740  0.999523  0.003115  0.007652  -0.002881  0.999967  0.999950  0.008929  -0.004488  -0.008932  0.999960  -0.000784  0.004481  0.000824  0.999990  1.000000  0.000112  -0.000056  -0.000112  1.000000  -0.000010  0.000056  0.000010  1.000000  0.999498  0.030763  -0.007560  -0.030740  0.999523  0.003115  0.007652  -0.002881  0.999967  0.000183  0.010026  
93.573352 0.000888  0.091528  0.001102  0.973198  0.219242  -0.069413  -0.217073  0.975436  0.037478  0.075925  -0.021406  0.996884  -0.001797  -0.007319  0.000110  0.004268  0.228879  0.625826  2.000000  0.999484  0.031155  -0.007771  -0.031132  0.999511  0.003074  0.007863  -0.002831  0.999965  0.999965  0.007277  -0.004124  -0.007281  0.999973  -0.001030  0.004117  0.001060  0.999991  1.000000  0.000091  -0.000052  -0.000091  1.000000  -0.000013  0.000052  0.000013  1.000000  0.999484  0.031155  -0.007771  -0.031132  0.999511  0.003074  0.007863  -0.002831  0.999965  0.000172  0.008430  
93.574574 0.000879  0.091516  0.001101  0.973198  0.219225  -0.069466  -0.217073  0.975445  0.037241  0.075925  -0.021164  0.996889  -0.002508  -0.007599  0.000038  -0.007250  0.219417  0.573119  2.000000  0.999472  0.031489  -0.007967  -0.031466  0.999500  0.003014  0.008058  -0.002762  0.999964  0.999974  0.006241  -0.003747  -0.006247  0.999979  -0.001472  0.003738  0.001495  0.999992  1.000000  0.000078  -0.000047  -0.000078  1.000000  -0.000019  0.000047  0.000019  1.000000  0.999472  0.031489  -0.007967  -0.031466  0.999500  0.003014  0.008058  -0.002762  0.999964  0.000155  0.007429  
93.575826 0.000870  0.091504  0.001098  0.973243  0.219016  -0.069500  -0.216872  0.975494  0.037109  0.075925  -0.021043  0.996891  -0.003301  -0.007939  -0.000121  -0.021422  0.209945  0.495654  2.000000  0.999460  0.031830  -0.008195  -0.031807  0.999490  0.002920  0.008284  -0.002658  0.999962  0.999981  0.005003  -0.003507  -0.005009  0.999986  -0.001687  0.003498  0.001705  0.999992  1.000000  0.000063  -0.000044  -0.000063  1.000000  -0.000021  0.000044  0.000021  1.000000  0.999460  0.031830  -0.008195  -0.031807  0.999490  0.002920  0.008284  -0.002658  0.999962  0.000138  0.006341  
93.576826 0.000863  0.091496  0.001096  0.973243  0.218999  -0.069553  -0.216872  0.975503  0.036872  0.075925  -0.020801  0.996897  -0.003861  -0.008076  -0.000221  -0.032963  0.197160  0.446057  2.000000  0.999460  0.031830  -0.008195  -0.031807  0.999490  0.002920  0.008284  -0.002658  0.999962  0.999986  0.004173  -0.003124  -0.004178  0.999990  -0.001750  0.003116  0.001763  0.999994  1.000000  0.000000  0.000000  0.000000  1.000000  0.000000  0.000000  0.000000  1.000000  0.999460  0.031830  -0.008195  -0.031807  0.999490  0.002920  0.008284  -0.002658  0.999962  0.000126  0.000000  
93.578073 0.000853  0.091485  0.001094  0.973243  0.218990  -0.069580  -0.216872  0.975508  0.036754  0.075925  -0.020680  0.996899  -0.004539  -0.008242  -0.000372  -0.044568  0.184734  0.397477  2.000000  0.999460  0.031830  -0.008195  -0.031807  0.999490  0.002920  0.008284  -0.002658  0.999962  0.999991  0.003140  -0.002879  -0.003146  0.999993  -0.002070  0.002872  0.002079  0.999994  1.000000  0.000000  0.000000  0.000000  1.000000  0.000000  0.000000  0.000000  1.000000  0.999460  0.031830  -0.008195  -0.031807  0.999490  0.002920  0.008284  -0.002658  0.999962  0.000114  0.000000  
93.579320 0.000843  0.091474  0.001091  0.973243  0.218982  -0.069606  -0.216872  0.975512  0.036636  0.075925  -0.020560  0.996902  -0.005134  -0.008344  -0.000542  -0.050683  0.170616  0.359706  2.000000  0.999460  0.031830  -0.008195  -0.031807  0.999490  0.002920  0.008284  -0.002658  0.999962  0.999994  0.002310  -0.002495  -0.002316  0.999995  -0.002133  0.002490  0.002138  0.999995  1.000000  0.000000  0.000000  0.000000  1.000000  0.000000  0.000000  0.000000  1.000000  0.999460  0.031830  -0.008195  -0.031807  0.999490  0.002920  0.008284  -0.002658  0.999962  0.000102  0.000000  
93.580323 0.000834  0.091466  0.001088  0.973288  0.218773  -0.069641  -0.216672  0.975562  0.036503  0.075925  -0.020439  0.996904  -0.005675  -0.008416  -0.000734  -0.062227  0.158282  0.311509  2.000000  0.999460  0.031830  -0.008195  -0.031807  0.999490  0.002920  0.008284  -0.002658  0.999962  0.999997  0.001275  -0.002115  -0.001280  0.999996  -0.002332  0.002112  0.002335  0.999995  1.000000  0.000000  0.000000  0.000000  1.000000  0.000000  0.000000  0.000000  1.000000  0.999460  0.031830  -0.008195  -0.031807  0.999490  0.002920  0.008284  -0.002658  0.999962  0.000090  0.000000  
93.581323 0.000824  0.091457  0.001085  0.973288  0.218764  -0.069667  -0.216672  0.975566  0.036385  0.075925  -0.020318  0.996907  -0.006230  -0.008472  -0.000987  -0.071938  0.144200  0.253744  2.000000  0.999460  0.031830  -0.008195  -0.031807  0.999490  0.002920  0.008284  -0.002658  0.999962  0.999998  0.000651  -0.001726  -0.000655  0.999997  -0.002379  0.001725  0.002380  0.999996  1.000000  0.000000  0.000000  0.000000  1.000000  0.000000  0.000000  0.000000  1.000000  0.999460  0.031830  -0.008195  -0.031807  0.999490  0.002920  0.008284  -0.002658  0.999962  0.000079  0.000000  
93.582573 0.000812  0.091446  0.001080  0.973297  0.218753  -0.069563  -0.216674  0.975571  0.036237  0.075791  -0.020197  0.996919  -0.006828  -0.008564  -0.001305  -0.080846  0.129032  0.221885  2.000000  0.999460  0.031830  -0.008195  -0.031807  0.999490  0.002920  0.008284  -0.002658  0.999962  0.999999  0.000440  -0.001463  -0.000444  0.999997  -0.002395  0.001462  0.002395  0.999996  1.000000  0.000000  0.000000  0.000000  1.000000  0.000000  0.000000  0.000000  1.000000  0.999460  0.031830  -0.008195  -0.031807  0.999490  0.002920  0.008284  -0.002658  0.999962  0.000069  0.000000  
93.583828 0.000800  0.091435  0.001076  0.973263  0.218943  -0.069452  -0.216877  0.975531  0.036104  0.075658  -0.020076  0.996932  -0.007290  -0.008595  -0.001523  -0.088617  0.113005  0.181893  2.000000  0.999460  0.031830  -0.008195  -0.031807  0.999490  0.002920  0.008284  -0.002658  0.999962  0.999999  0.000230  -0.001200  -0.000233  0.999997  -0.002410  0.001199  0.002411  0.999996  1.000000  0.000000  0.000000  0.000000  1.000000  0.000000  0.000000  0.000000  1.000000  0.999460  0.031830  -0.008195  -0.031807  0.999490  0.002920  0.008284  -0.002658  0.999962  0.000061  0.000000  
93.585073 0.000788  0.091425  0.001073  0.973263  0.218935  -0.069479  -0.216877  0.975535  0.035986  0.075658  -0.019955  0.996934  -0.007805  -0.008636  -0.001828  0.000000  0.000000  0.000000  2.000000  0.999460  0.031830  -0.008195  -0.031807  0.999490  0.002920  0.008284  -0.002658  0.999962  1.000000  0.000019  -0.000936  -0.000021  0.999997  -0.002426  0.000936  0.002426  0.999997  1.000000  0.000000  0.000000  0.000000  1.000000  0.000000  0.000000  0.000000  1.000000  0.999460  0.031830  -0.008195  -0.031807  0.999490  0.002920  0.008284  -0.002658  0.999962  0.000000  0.000000  
93.586331 0.000776  0.091416  0.001070  0.973263  0.218926  -0.069505  -0.216877  0.975540  0.035868  0.075658  -0.019834  0.996937  -0.008296  -0.008627  -0.002162  0.000000  0.000000  0.000000  2.000000  0.999460  0.031830  -0.008195  -0.031807  0.999490  0.002920  0.008284  -0.002658  0.999962  1.000000  -0.000397  -0.000677  0.000395  0.999997  -0.002457  0.000678  0.002457  0.999997  1.000000  0.000000  0.000000  0.000000  1.000000  0.000000  0.000000  0.000000  1.000000  0.999460  0.031830  -0.008195  -0.031807  0.999490  0.002920  0.008284  -0.002658  0.999962  0.000000  0.000000  
93.587573 0.000764  0.091407  0.001067  0.973273  0.218915  -0.069402  -0.216879  0.975545  0.035720  0.075524  -0.019714  0.996949  -0.008590  -0.008524  -0.002401  0.000000  0.000000  0.000000  2.000000  0.999460  0.031830  -0.008195  -0.031807  0.999490  0.002920  0.008284  -0.002658  0.999962  1.000000  -0.000403  -0.000409  0.000402  0.999997  -0.002578  0.000410  0.002578  0.999997  1.000000  0.000000  0.000000  0.000000  1.000000  0.000000  0.000000  0.000000  1.000000  0.999460  0.031830  -0.008195  -0.031807  0.999490  0.002920  0.008284  -0.002658  0.999962  0.000000  0.000000  
93.588827 0.000752  0.091398  0.001062  0.973273  0.218907  -0.069428  -0.216879  0.975549  0.035602  0.075524  -0.019593  0.996951  -0.008836  -0.008360  -0.002608  0.000000  0.000000  0.000000  2.000000  0.999460  0.031830  -0.008195  -0.031807  0.999490  0.002920  0.008284  -0.002658  0.999962  1.000000  -0.000408  -0.000142  0.000408  0.999997  -0.002457  0.000143  0.002457  0.999997  1.000000  0.000000  0.000000  0.000000  1.000000  0.000000  0.000000  0.000000  1.000000  0.999460  0.031830  -0.008195  -0.031807  0.999490  0.002920  0.008284  -0.002658  0.999962  0.000000  0.000000  
93.590077 0.000741  0.091390  0.001058  0.973273  0.218898  -0.069455  -0.216879  0.975553  0.035484  0.075524  -0.019472  0.996954  -0.008992  -0.008082  -0.002755  0.000000  0.000000  0.000000  2.000000  0.999460  0.031830  -0.008195  -0.031807  0.999490  0.002920  0.008284  -0.002658  0.999962  1.000000  -0.000410  -0.000008  0.000410  0.999997  -0.002457  0.000009  0.002457  0.999997  1.000000  0.000000  0.000000  0.000000  1.000000  0.000000  0.000000  0.000000  1.000000  0.999460  0.031830  -0.008195  -0.031807  0.999490  0.002920  0.008284  -0.002658  0.999962  0.000000  0.000000  
93.591104 0.000733  0.091383  0.001054  0.973228  0.219099  -0.069448  -0.217079  0.975508  0.035498  0.075524  -0.019472  0.996954  -0.009050  -0.007895  -0.002899  0.000000  0.000000  0.000000  2.000000  0.999460  0.031830  -0.008195  -0.031807  0.999490  0.002920  0.008284  -0.002658  0.999962  1.000000  -0.000208  0.000130  0.000208  0.999997  -0.002320  -0.000129  0.002320  0.999997  1.000000  0.000000  0.000000  0.000000  1.000000  0.000000  0.000000  0.000000  1.000000  0.999460  0.031830  -0.008195  -0.031807  0.999490  0.002920  0.008284  -0.002658  0.999962  0.000000  0.000000  
93.592327 0.000722  0.091375  0.001050  0.973238  0.219088  -0.069344  -0.217082  0.975513  0.035350  0.075391  -0.019351  0.996966  -0.009111  -0.007708  -0.003033  0.000000  0.000000  0.000000  2.000000  0.999460  0.031830  -0.008195  -0.031807  0.999490  0.002920  0.008284  -0.002658  0.999962  1.000000  -0.000213  0.000397  0.000214  0.999997  -0.002320  -0.000397  0.002320  0.999997  1.000000  0.000000  0.000000  0.000000  1.000000  0.000000  0.000000  0.000000  1.000000  0.999460  0.031830  -0.008195  -0.031807  0.999490  0.002920  0.008284  -0.002658  0.999962  0.000000  0.000000  
93.593577 0.000714  0.091368  0.001046  0.973238  0.219080  -0.069371  -0.217082  0.975517  0.035232  0.075391  -0.019230  0.996969  -0.009026  -0.007484  -0.003143  0.000000  0.000000  0.000000  2.000000  0.999460  0.031830  -0.008195  -0.031807  0.999490  0.002920  0.008284  -0.002658  0.999962  1.000000  -0.000010  0.000535  0.000011  0.999998  -0.002183  -0.000535  0.002183  0.999997  1.000000  0.000000  0.000000  0.000000  1.000000  0.000000  0.000000  0.000000  1.000000  0.999460  0.031830  -0.008195  -0.031807  0.999490  0.002920  0.008284  -0.002658  0.999962  0.000000  0.000000  
93.594819 0.000706  0.091361  0.001040  0.973248  0.219069  -0.069267  -0.217084  0.975522  0.035085  0.075257  -0.019109  0.996981  -0.008826  -0.007264  -0.003284  0.000000  0.000000  0.000000  2.000000  0.999460  0.031830  -0.008195  -0.031807  0.999490  0.002920  0.008284  -0.002658  0.999962  1.000000  -0.000013  0.000669  0.000014  0.999998  -0.002062  -0.000669  0.002062  0.999998  1.000000  0.000000  0.000000  0.000000  1.000000  0.000000  0.000000  0.000000  1.000000  0.999460  0.031830  -0.008195  -0.031807  0.999490  0.002920  0.008284  -0.002658  0.999962  0.000000  0.000000  
93.596073 0.000699  0.091355  0.001035  0.973248  0.219069  -0.069267  -0.217084  0.975522  0.035085  0.075257  -0.019109  0.996981  -0.008501  -0.006933  -0.003344  0.000000  0.000000  0.000000  2.000000  0.999460  0.031830  -0.008195  -0.031807  0.999490  0.002920  0.008284  -0.002658  0.999962  1.000000  0.000192  0.000673  -0.000191  0.999998  -0.001925  -0.000673  0.001925  0.999998  1.000000  0.000000  0.000000  0.000000  1.000000  0.000000  0.000000  0.000000  1.000000  0.999460  0.031830  -0.008195  -0.031807  0.999490  0.002920  0.008284  -0.002658  0.999962  0.000000  0.000000  
93.597322 0.000692  0.091348  0.001028  0.973213  0.219267  -0.069130  -0.217286  0.975478  0.035070  0.075124  -0.019110  0.996991  -0.008129  -0.006639  -0.003486  0.000000  0.000000  0.000000  2.000000  0.999460  0.031830  -0.008195  -0.031807  0.999490  0.002920  0.008284  -0.002658  0.999962  1.000000  0.000395  0.000811  -0.000394  0.999999  -0.001667  -0.000811  0.001667  0.999998  1.000000  0.000000  0.000000  0.000000  1.000000  0.000000  0.000000  0.000000  1.000000  0.999460  0.031830  -0.008195  -0.031807  0.999490  0.002920  0.008284  -0.002658  0.999962  0.000000  0.000000  
93.598322 0.000687  0.091342  0.001023  0.973213  0.219267  -0.069130  -0.217286  0.975478  0.035070  0.075124  -0.019110  0.996991  -0.007844  -0.006481  -0.003613  0.000000  0.000000  0.000000  2.000000  0.999460  0.031830  -0.008195  -0.031807  0.999490  0.002920  0.008284  -0.002658  0.999962  1.000000  0.000395  0.000811  -0.000394  0.999999  -0.001546  -0.000811  0.001546  0.999998  1.000000  0.000000  0.000000  0.000000  1.000000  0.000000  0.000000  0.000000  1.000000  0.999460  0.031830  -0.008195  -0.031807  0.999490  0.002920  0.008284  -0.002658  0.999962  0.000000  0.000000  
93.599323 0.000683  0.091337  0.001018  0.973213  0.219267  -0.069130  -0.217286  0.975478  0.035070  0.075124  -0.019110  0.996991  -0.007444  -0.006278  -0.003859  0.000000  0.000000  0.000000  2.000000  0.999460  0.031830  -0.008195  -0.031807  0.999490  0.002920  0.008284  -0.002658  0.999962  1.000000  0.000395  0.000811  -0.000394  0.999999  -0.001425  -0.000811  0.001424  0.999999  1.000000  0.000000  0.000000  0.000000  1.000000  0.000000  0.000000  0.000000  1.000000  0.999460  0.031830  -0.008195  -0.031807  0.999490  0.002920  0.008284  -0.002658  0.999962  0.000000  0.000000  
93.600579 0.000678  0.091330  0.001011  0.973213  0.219267  -0.069130  -0.217286  0.975478  0.035070  0.075124  -0.019110  0.996991  -0.006945  -0.006068  -0.004092  0.000000  0.000000  0.000000  2.000000  0.999460  0.031830  -0.008195  -0.031807  0.999490  0.002920  0.008284  -0.002658  0.999962  0.999999  0.000600  0.000814  -0.000599  0.999999  -0.001288  -0.000815  0.001287  0.999999  1.000000  0.000000  0.000000  0.000000  1.000000  0.000000  0.000000  0.000000  1.000000  0.999460  0.031830  -0.008195  -0.031807  0.999490  0.002920  0.008284  -0.002658  0.999962  0.000000  0.000000  
93.601818 0.000674  0.091324  0.001005  0.973223  0.219273  -0.068973  -0.217289  0.975474  0.035159  0.074991  -0.019231  0.996999  -0.006482  -0.005882  -0.004263  0.000000  0.000000  0.000000  2.000000  0.999460  0.031830  -0.008195  -0.031807  0.999490  0.002920  0.008284  -0.002658  0.999962  0.999999  0.000598  0.000948  -0.000597  0.999999  -0.001045  -0.000949  0.001045  0.999999  1.000000  0.000000  0.000000  0.000000  1.000000  0.000000  0.000000  0.000000  1.000000  0.999460  0.031830  -0.008195  -0.031807  0.999490  0.002920  0.008284  -0.002658  0.999962  0.000000  0.000000  
93.602828 0.000671  0.091320  0.001001  0.973223  0.219273  -0.068973  -0.217289  0.975474  0.035159  0.074991  -0.019231  0.996999  -0.005972  -0.005644  -0.004362  0.000000  0.000000  0.000000  2.000000  0.999460  0.031830  -0.008195  -0.031807  0.999490  0.002920  0.008284  -0.002658  0.999962  0.999999  0.000600  0.000815  -0.000599  0.999999  -0.000924  -0.000815  0.000924  0.999999  1.000000  0.000000  0.000000  0.000000  1.000000  0.000000  0.000000  0.000000  1.000000  0.999460  0.031830  -0.008195  -0.031807  0.999490  0.002920  0.008284  -0.002658  0.999962  0.000000  0.000000  
