1-Time 2-Px 3-Py 4-Pz 5-R11 6-R21 7-R31 8-R12 9-R22 10-R32 11-R13 12-R23 13-R33 14-Vx 15-Vy 16-Vz 17-Wx 18-Wy 19-Wz 20-state 21-PR11 22-PR21 23-PR31 24-PR12 25-PR22 26-PR32 27-PR13 28-PR23 29-PR33 
37.625366 0.019113  0.098128  -0.006846  0.990505  0.121213  0.064870  -0.076621  0.094940  0.992530  0.114149  -0.988076  0.103326  -0.000098  -0.000028  0.000016  0.000000  0.000000  0.000000  2.000000  1.000000  0.000000  0.000000  0.000000  -0.000000  1.000000  0.000000  -1.000000  -0.000000  1.000000  0.000085  0.000814  -0.000085  1.000000  0.000337  -0.000814  -0.000337  1.000000  1.000000  0.000000  0.000000  0.000000  1.000000  0.000000  0.000000  0.000000  1.000000  0.610048  0.650046  0.453079  -0.523150  -0.099024  0.846468  0.595109  -0.753415  0.279662  0.000000  0.000000  
37.626379 0.019113  0.098128  -0.006846  0.990505  0.121213  0.064870  -0.076621  0.094940  0.992530  0.114149  -0.988076  0.103326  -0.000088  -0.000056  0.000027  0.000000  0.000000  0.000000  2.000000  1.000000  0.000000  0.000000  0.000000  -0.000000  1.000000  0.000000  -1.000000  -0.000000  1.000000  0.000218  0.000800  -0.000218  1.000000  0.000337  -0.000800  -0.000337  1.000000  1.000000  0.000000  0.000000  0.000000  1.000000  0.000000  0.000000  0.000000  1.000000  1.000000  0.000000  0.000000  0.000000  -0.000000  1.000000  0.000000  -1.000000  -0.000000  0.000000  0.000000  
37.627624 0.019117  0.098129  -0.006848  0.990456  0.121159  0.065701  -0.077438  0.094850  0.992475  0.114016  -0.988091  0.103327  0.000195  0.000015  -0.000133  0.000000  0.000000  0.000000  2.000000  1.000000  0.000000  0.000000  0.000000  -0.000000  1.000000  0.000000  -1.000000  -0.000000  0.999999  -0.000006  0.001234  0.000005  1.000000  0.000384  -0.001234  -0.000384  0.999999  1.000000  0.000000  0.000000  0.000000  1.000000  0.000000  0.000000  0.000000  1.000000  1.000000  0.000000  0.000000  0.000000  -0.000000  1.000000  0.000000  -1.000000  -0.000000  0.000000  0.000000  
37.628872 0.019123  0.098130  -0.006851  0.990437  0.120729  0.066778  -0.078462  0.094767  0.992403  0.113484  -0.988152  0.103334  0.000601  0.000059  -0.000287  0.000000  0.000000  0.000000  2.000000  1.000000  0.000000  0.000000  0.000000  -0.000000  1.000000  0.000000  -1.000000  -0.000000  0.999997  -0.000299  0.002293  0.000297  1.000000  0.000501  -0.002293  -0.000500  0.999997  1.000000  0.000000  0.000000  0.000000  1.000000  0.000000  0.000000  0.000000  1.000000  1.000000  0.000000  0.000000  0.000000  -0.000000  1.000000  0.000000  -1.000000  -0.000000  0.000000  0.000000  
37.629873 0.019128  0.098130  -0.006853  0.990434  0.120401  0.067417  -0.079077  0.094845  0.992346  0.113085  -0.988184  0.103458  0.000896  0.000102  -0.000437  0.000000  0.000000  0.000000  2.000000  1.000000  0.000000  0.000000  0.000000  -0.000000  1.000000  0.000000  -1.000000  -0.000000  0.999995  -0.000634  0.002945  0.000632  1.000000  0.000450  -0.002946  -0.000448  0.999996  1.000000  0.000000  0.000000  0.000000  1.000000  0.000000  0.000000  0.000000  1.000000  1.000000  0.000000  0.000000  0.000000  -0.000000  1.000000  0.000000  -1.000000  -0.000000  0.000000  0.000000  
37.631123 0.019135  0.098132  -0.006855  0.990430  0.120072  0.068057  -0.079693  0.094923  0.992290  0.112686  -0.988217  0.103583  0.001377  0.000206  -0.000580  0.000000  0.000000  0.000000  2.000000  1.000000  0.000000  0.000000  0.000000  -0.000000  1.000000  0.000000  -1.000000  -0.000000  0.999992  -0.000948  0.003801  0.000946  0.999999  0.000422  -0.003801  -0.000419  0.999993  1.000000  0.000000  0.000000  0.000000  1.000000  0.000000  0.000000  0.000000  1.000000  1.000000  0.000000  0.000000  0.000000  -0.000000  1.000000  0.000000  -1.000000  -0.000000  0.000000  0.000000  
37.632372 0.019145  0.098135  -0.006857  0.990395  0.120007  0.068669  -0.080306  0.094979  0.992235  0.112553  -0.988219  0.103704  0.002093  0.000463  -0.000679  0.000000  0.000000  0.000000  2.000000  1.000000  0.000000  0.000000  0.000000  -0.000000  1.000000  0.000000  -1.000000  -0.000000  0.999990  -0.001171  0.004236  0.001169  0.999999  0.000348  -0.004236  -0.000343  0.999991  1.000000  0.000000  0.000000  0.000000  1.000000  0.000000  0.000000  0.000000  1.000000  1.000000  0.000000  0.000000  0.000000  -0.000000  1.000000  0.000000  -1.000000  -0.000000  0.000000  0.000000  
37.633623 0.019156  0.098139  -0.006858  0.990329  0.120094  0.069472  -0.081121  0.095001  0.992166  0.112553  -0.988207  0.103824  0.002827  0.000694  -0.000768  0.016312  -0.183369  -0.034997  2.000000  1.000000  0.000000  0.000000  0.000000  -0.000000  1.000000  0.000000  -1.000000  -0.000000  0.999988  -0.001107  0.004846  0.001105  0.999999  0.000297  -0.004847  -0.000291  0.999988  1.000000  0.000000  0.000000  0.000000  1.000000  0.000000  0.000000  0.000000  1.000000  1.000000  0.000000  0.000000  0.000000  -0.000000  1.000000  0.000000  -1.000000  -0.000000  0.000045  0.000000  
37.634870 0.019166  0.098140  -0.006861  0.990247  0.120321  0.070246  -0.081935  0.095132  0.992087  0.112686  -0.988166  0.104062  0.003514  0.000825  -0.000930  0.011221  -0.208568  -0.027408  2.000000  1.000000  -0.000061  0.000330  -0.000330  -0.000016  1.000000  -0.000061  -1.000000  -0.000016  0.999984  -0.000888  0.005646  0.000886  1.000000  0.000269  -0.005646  -0.000264  0.999984  1.000000  -0.000011  0.000071  0.000011  1.000000  0.000003  -0.000071  -0.000003  1.000000  1.000000  -0.000061  0.000330  -0.000330  -0.000016  1.000000  -0.000061  -1.000000  -0.000016  0.000051  0.005722  
37.635877 0.019174  0.098142  -0.006863  0.990194  0.120276  0.071062  -0.082752  0.095164  0.992016  0.112553  -0.988169  0.104184  0.004001  0.000910  -0.001097  0.006282  -0.238081  -0.029228  2.000000  1.000000  -0.000108  0.000639  -0.000639  -0.000024  1.000000  -0.000108  -1.000000  -0.000024  0.999979  -0.000935  0.006474  0.000934  1.000000  0.000120  -0.006474  -0.000114  0.999979  1.000000  -0.000012  0.000081  0.000012  1.000000  0.000001  -0.000081  -0.000001  1.000000  1.000000  -0.000108  0.000639  -0.000639  -0.000024  1.000000  -0.000108  -1.000000  -0.000024  0.000058  0.006542  
37.637123 0.019184  0.098145  -0.006867  0.990153  0.119987  0.072110  -0.083775  0.095194  0.991927  0.112154  -0.988201  0.104308  0.004759  0.001104  -0.001377  0.006073  -0.273671  -0.039031  2.000000  0.999999  -0.000171  0.001082  -0.001082  -0.000027  0.999999  -0.000171  -1.000000  -0.000027  0.999971  -0.001093  0.007519  0.001093  0.999999  -0.000006  -0.007519  0.000014  0.999972  1.000000  -0.000014  0.000094  0.000014  1.000000  -0.000000  -0.000094  0.000000  1.000000  0.999999  -0.000171  0.001082  -0.001082  -0.000027  0.999999  -0.000171  -1.000000  -0.000027  0.000067  0.007598  
37.638125 0.019193  0.098147  -0.006870  0.990114  0.119811  0.072940  -0.084593  0.095238  0.991854  0.111889  -0.988218  0.104432  0.005416  0.001320  -0.001575  0.004306  -0.295112  -0.045797  2.000000  0.999999  -0.000232  0.001485  -0.001485  -0.000026  0.999999  -0.000232  -1.000000  -0.000026  0.999964  -0.001273  0.008361  0.001273  0.999999  -0.000034  -0.008361  0.000044  0.999965  1.000000  -0.000016  0.000105  0.000016  1.000000  -0.000000  -0.000105  0.000000  1.000000  0.999999  -0.000232  0.001485  -0.001485  -0.000026  0.999999  -0.000232  -1.000000  -0.000026  0.000073  0.008458  
37.639376 0.019206  0.098151  -0.006873  0.990086  0.119400  0.073988  -0.085617  0.095401  0.991750  0.111357  -0.988252  0.104678  0.006265  0.001527  -0.001856  -0.000023  -0.331161  -0.060038  2.000000  0.999998  -0.000330  0.002040  -0.002040  -0.000019  0.999998  -0.000330  -1.000000  -0.000020  0.999956  -0.001718  0.009231  0.001719  0.999999  -0.000183  -0.009231  0.000199  0.999957  1.000000  -0.000021  0.000115  0.000021  1.000000  -0.000002  -0.000115  0.000002  1.000000  0.999998  -0.000330  0.002040  -0.002040  -0.000019  0.999998  -0.000330  -1.000000  -0.000020  0.000082  0.009392  
37.640622 0.019219  0.098155  -0.006877  0.990023  0.119150  0.075211  -0.086844  0.095649  0.991620  0.110958  -0.988258  0.105042  0.007074  0.001774  -0.002059  -0.007644  -0.373676  -0.069073  2.000000  0.999996  -0.000449  0.002657  -0.002657  -0.000001  0.999996  -0.000449  -1.000000  -0.000002  0.999945  -0.002006  0.010291  0.002011  0.999998  -0.000430  -0.010290  0.000451  0.999947  1.000000  -0.000025  0.000129  0.000025  1.000000  -0.000006  -0.000129  0.000006  1.000000  0.999996  -0.000449  0.002657  -0.002657  -0.000001  0.999996  -0.000449  -1.000000  -0.000002  0.000092  0.010495  
37.641624 0.019231  0.098160  -0.006879  0.989999  0.118973  0.075809  -0.087458  0.095959  0.991536  0.110692  -0.988250  0.105405  0.007788  0.002107  -0.002188  -0.017586  -0.395094  -0.075768  2.000000  0.999995  -0.000530  0.003066  -0.003066  0.000018  0.999995  -0.000530  -1.000000  0.000017  0.999936  -0.002184  0.011134  0.002191  0.999997  -0.000580  -0.011132  0.000604  0.999938  1.000000  -0.000027  0.000139  0.000027  1.000000  -0.000007  -0.000139  0.000007  1.000000  0.999995  -0.000530  0.003066  -0.003066  0.000018  0.999995  -0.000530  -1.000000  0.000017  0.000099  0.011362  
37.642626 0.019243  0.098166  -0.006881  0.989960  0.118929  0.076392  -0.088071  0.096258  0.991452  0.110559  -0.988226  0.105766  0.008453  0.002561  -0.002186  -0.027506  -0.416063  -0.077989  2.000000  0.999993  -0.000646  0.003650  -0.003650  0.000059  0.999993  -0.000647  -1.000000  0.000057  0.999925  -0.002360  0.011976  0.002372  0.999997  -0.000972  -0.011974  0.001000  0.999928  1.000000  -0.000030  0.000150  0.000030  1.000000  -0.000012  -0.000150  0.000012  1.000000  0.999993  -0.000646  0.003650  -0.003650  0.000059  0.999993  -0.000647  -1.000000  0.000057  0.000106  0.012247  
37.643876 0.019259  0.098176  -0.006884  0.989931  0.118641  0.077207  -0.088890  0.096556  0.991350  0.110160  -0.988231  0.106130  0.009154  0.003119  -0.002213  -0.037485  -0.438005  -0.089146  2.000000  0.999990  -0.000801  0.004422  -0.004422  0.000135  0.999990  -0.000802  -1.000000  0.000132  0.999917  -0.002556  0.012616  0.002574  0.999996  -0.001387  -0.012613  0.001420  0.999919  1.000000  -0.000032  0.000158  0.000032  1.000000  -0.000018  -0.000158  0.000018  1.000000  0.999990  -0.000801  0.004422  -0.004422  0.000135  0.999990  -0.000802  -1.000000  0.000132  0.000110  0.012949  
37.644877 0.019272  0.098183  -0.006888  0.989905  0.118475  0.077790  -0.089504  0.096988  0.991253  0.109894  -0.988209  0.106613  0.009676  0.003549  -0.002337  -0.051518  -0.459482  -0.095797  2.000000  0.999987  -0.000937  0.005074  -0.005074  0.000213  0.999987  -0.000938  -1.000000  0.000208  0.999908  -0.002753  0.013256  0.002775  0.999995  -0.001682  -0.013251  0.001718  0.999911  1.000000  -0.000035  0.000166  0.000035  1.000000  -0.000021  -0.000166  0.000021  1.000000  0.999987  -0.000937  0.005074  -0.005074  0.000213  0.999987  -0.000938  -1.000000  0.000208  0.000116  0.013645  
37.646123 0.019288  0.098192  -0.006895  0.989860  0.118330  0.078578  -0.090322  0.097395  0.991139  0.109628  -0.988186  0.107095  0.010205  0.004029  -0.002672  -0.068869  -0.487872  -0.101755  2.000000  0.999982  -0.001120  0.005927  -0.005927  0.000334  0.999982  -0.001122  -0.999999  0.000328  0.999899  -0.002947  0.013896  0.002976  0.999993  -0.002097  -0.013890  0.002138  0.999901  1.000000  -0.000037  0.000174  0.000037  1.000000  -0.000026  -0.000174  0.000026  1.000000  0.999982  -0.001120  0.005927  -0.005927  0.000334  0.999982  -0.001122  -0.999999  0.000328  0.000124  0.014363  
37.647372 0.019305  0.098201  -0.006905  0.989815  0.118195  0.079351  -0.091140  0.097923  0.991012  0.109362  -0.988150  0.107698  0.010655  0.004376  -0.003188  -0.086221  -0.516214  -0.107627  2.000000  0.999976  -0.001319  0.006823  -0.006822  0.000488  0.999977  -0.001323  -0.999999  0.000479  0.999889  -0.003272  0.014551  0.003311  0.999991  -0.002634  -0.014543  0.002682  0.999891  1.000000  -0.000041  0.000182  0.000041  1.000000  -0.000033  -0.000182  0.000033  1.000000  0.999976  -0.001319  0.006823  -0.006822  0.000488  0.999977  -0.001323  -0.999999  0.000479  0.000132  0.015150  
37.648373 0.019318  0.098208  -0.006914  0.989806  0.118001  0.079744  -0.091550  0.098259  0.990941  0.109096  -0.988140  0.108061  0.011021  0.004710  -0.003796  -0.097764  -0.524145  -0.115767  2.000000  0.999970  -0.001484  0.007543  -0.007542  0.000634  0.999971  -0.001488  -0.999999  0.000622  0.999892  -0.003289  0.014350  0.003332  0.999990  -0.003025  -0.014340  0.003072  0.999892  1.000000  -0.000041  0.000179  0.000041  1.000000  -0.000038  -0.000179  0.000038  1.000000  0.999970  -0.001484  0.007543  -0.007542  0.000634  0.999971  -0.001488  -0.999999  0.000622  0.000138  0.015035  
37.649623 0.019335  0.098217  -0.006927  0.989793  0.117705  0.080342  -0.092165  0.098704  0.990840  0.108697  -0.988131  0.108545  0.011459  0.005189  -0.004493  -0.111854  -0.546106  -0.126845  2.000000  0.999965  -0.001646  0.008248  -0.008246  0.000806  0.999966  -0.001652  -0.999998  0.000792  0.999898  -0.003193  0.013931  0.003242  0.999988  -0.003562  -0.013919  0.003606  0.999897  1.000000  -0.000040  0.000174  0.000040  1.000000  -0.000045  -0.000174  0.000045  1.000000  0.999965  -0.001646  0.008248  -0.008246  0.000806  0.999966  -0.001652  -0.999998  0.000792  0.000140  0.014735  
37.650870 0.019351  0.098225  -0.006941  0.989770  0.117653  0.080708  -0.092574  0.099148  0.990757  0.108564  -0.988093  0.109026  0.011789  0.005569  -0.005185  -0.125698  -0.556060  -0.128732  2.000000  0.999957  -0.001840  0.009110  -0.009108  0.001046  0.999958  -0.001850  -0.999998  0.001029  0.999904  -0.003097  0.013511  0.003151  0.999987  -0.003977  -0.013499  0.004019  0.999901  1.000000  -0.000039  0.000169  0.000039  1.000000  -0.000050  -0.000169  0.000050  1.000000  0.999957  -0.001840  0.009110  -0.009108  0.001046  0.999958  -0.001850  -0.999998  0.001029  0.000146  0.014427  
37.651935 0.019364  0.098231  -0.006953  0.989760  0.117470  0.081088  -0.092984  0.099605  0.990673  0.108298  -0.988069  0.109508  0.012168  0.005832  -0.005855  -0.145263  -0.573745  -0.136788  2.000000  0.999950  -0.001986  0.009788  -0.009785  0.001256  0.999951  -0.001998  -0.999997  0.001237  0.999905  -0.002824  0.013484  0.002883  0.999986  -0.004346  -0.013472  0.004385  0.999900  1.000000  -0.000036  0.000168  0.000036  1.000000  -0.000055  -0.000168  0.000055  1.000000  0.999950  -0.001986  0.009788  -0.009785  0.001256  0.999951  -0.001998  -0.999997  0.001237  0.000150  0.014452  
37.653122 0.019381  0.098238  -0.006969  0.989736  0.117419  0.081453  -0.093393  0.100050  0.990590  0.108165  -0.988030  0.109989  0.012543  0.006041  -0.006627  -0.160375  -0.589151  -0.139932  2.000000  0.999943  -0.002133  0.010463  -0.010459  0.001490  0.999944  -0.002148  -0.999997  0.001467  0.999905  -0.002951  0.013500  0.003015  0.999984  -0.004712  -0.013486  0.004752  0.999898  1.000000  -0.000037  0.000169  0.000037  1.000000  -0.000059  -0.000169  0.000059  1.000000  0.999943  -0.002133  0.010463  -0.010459  0.001490  0.999944  -0.002148  -0.999997  0.001467  0.000155  0.014607  
37.654130 0.019395  0.098243  -0.006982  0.989712  0.117359  0.081833  -0.093802  0.100375  0.990518  0.108032  -0.988004  0.110351  0.012855  0.006276  -0.007354  -0.171035  -0.603090  -0.142758  2.000000  0.999935  -0.002284  0.011128  -0.011124  0.001738  0.999937  -0.002303  -0.999996  0.001713  0.999909  -0.003124  0.013110  0.003189  0.999982  -0.005000  -0.013094  0.005041  0.999902  1.000000  -0.000039  0.000164  0.000039  1.000000  -0.000063  -0.000164  0.000063  1.000000  0.999935  -0.002284  0.011128  -0.011124  0.001738  0.999937  -0.002303  -0.999996  0.001713  0.000159  0.014382  
37.655373 0.019411  0.098248  -0.006999  0.989702  0.117177  0.082214  -0.094212  0.100832  0.990433  0.107766  -0.987979  0.110833  0.012995  0.006327  -0.008174  -0.186901  -0.611772  -0.151014  2.000000  0.999926  -0.002490  0.011939  -0.011934  0.002069  0.999927  -0.002514  -0.999995  0.002039  0.999913  -0.003428  0.012734  0.003497  0.999979  -0.005408  -0.012715  0.005452  0.999904  1.000000  -0.000043  0.000159  0.000043  1.000000  -0.000068  -0.000159  0.000068  1.000000  0.999926  -0.002490  0.011939  -0.011934  0.002069  0.999927  -0.002514  -0.999995  0.002039  0.000162  0.014262  
37.656377 0.019423  0.098251  -0.007014  0.989683  0.117217  0.082389  -0.094416  0.101048  0.990391  0.107766  -0.987952  0.111073  0.013062  0.006204  -0.009070  -0.192531  -0.613024  -0.148835  2.000000  0.999920  -0.002619  0.012412  -0.012406  0.002280  0.999920  -0.002647  -0.999994  0.002247  0.999916  -0.003446  0.012532  0.003517  0.999978  -0.005675  -0.012513  0.005719  0.999905  1.000000  -0.000044  0.000157  0.000044  1.000000  -0.000071  -0.000157  0.000071  1.000000  0.999920  -0.002619  0.012412  -0.012406  0.002280  0.999920  -0.002647  -0.999994  0.002247  0.000166  0.014192  
37.657381 0.019437  0.098256  -0.007028  0.989663  0.117268  0.082550  -0.094620  0.101384  0.990337  0.107766  -0.987912  0.111432  0.013112  0.006062  -0.009977  -0.208658  -0.597018  -0.147684  2.000000  0.999911  -0.002788  0.013018  -0.013011  0.002573  0.999912  -0.002821  -0.999993  0.002537  0.999923  -0.003377  0.011909  0.003448  0.999976  -0.005988  -0.011888  0.006029  0.999911  1.000000  -0.000043  0.000149  0.000043  1.000000  -0.000075  -0.000149  0.000075  1.000000  0.999911  -0.002788  0.013018  -0.013011  0.002573  0.999912  -0.002821  -0.999993  0.002537  0.000164  0.013760  
37.658381 0.019450  0.098260  -0.007045  0.989610  0.117472  0.082900  -0.095026  0.101684  0.990268  0.107899  -0.987857  0.111790  0.013135  0.005802  -0.010939  -0.222484  -0.581402  -0.131177  2.000000  0.999903  -0.002948  0.013595  -0.013586  0.002883  0.999904  -0.002987  -0.999991  0.002842  0.999931  -0.003175  0.011271  0.003246  0.999975  -0.006302  -0.011250  0.006338  0.999917  1.000000  -0.000040  0.000141  0.000040  1.000000  -0.000079  -0.000141  0.000079  1.000000  0.999903  -0.002948  0.013595  -0.013586  0.002883  0.999904  -0.002987  -0.999991  0.002842  0.000160  0.013306  
37.659645 0.019468  0.098265  -0.007067  0.989590  0.117533  0.083047  -0.095230  0.102140  0.990201  0.107899  -0.987802  0.112269  0.013254  0.005576  -0.012115  -0.237042  -0.558731  -0.115304  2.000000  0.999893  -0.003119  0.014272  -0.014261  0.003286  0.999893  -0.003166  -0.999990  0.003241  0.999943  -0.002597  0.010384  0.002665  0.999975  -0.006521  -0.010367  0.006548  0.999925  1.000000  -0.000033  0.000130  0.000033  1.000000  -0.000082  -0.000130  0.000082  1.000000  0.999893  -0.003119  0.014272  -0.014261  0.003286  0.999893  -0.003166  -0.999990  0.003241  0.000155  0.012541  
37.660879 0.019486  0.098271  -0.007088  0.989576  0.117705  0.082975  -0.095228  0.102608  0.990153  0.108032  -0.987733  0.112747  0.013403  0.005323  -0.013097  -0.251772  -0.536633  -0.099566  2.000000  0.999886  -0.003234  0.014775  -0.014763  0.003628  0.999884  -0.003287  -0.999988  0.003580  0.999950  -0.002262  0.009730  0.002329  0.999974  -0.006834  -0.009714  0.006856  0.999929  1.000000  -0.000029  0.000122  0.000029  1.000000  -0.000086  -0.000122  0.000086  1.000000  0.999886  -0.003234  0.014775  -0.014763  0.003628  0.999884  -0.003287  -0.999988  0.003580  0.000150  0.012110  
37.662125 0.019504  0.098277  -0.007112  0.989556  0.117776  0.083108  -0.095432  0.103184  0.990074  0.108032  -0.987665  0.113346  0.013496  0.005155  -0.014069  -0.269667  -0.522568  -0.096413  2.000000  0.999877  -0.003356  0.015349  -0.015335  0.004072  0.999874  -0.003418  -0.999986  0.004020  0.999961  -0.001840  0.008654  0.001902  0.999972  -0.007195  -0.008641  0.007211  0.999937  1.000000  -0.000023  0.000108  0.000023  1.000000  -0.000090  -0.000108  0.000090  1.000000  0.999877  -0.003356  0.015349  -0.015335  0.004072  0.999874  -0.003418  -0.999986  0.004020  0.000150  0.011409  
37.663149 0.019518  0.098281  -0.007131  0.989531  0.117718  0.083488  -0.095841  0.103509  0.990000  0.107899  -0.987638  0.113707  0.013537  0.004957  -0.014686  -0.278358  -0.515769  -0.101414  2.000000  0.999870  -0.003444  0.015764  -0.015749  0.004434  0.999866  -0.003514  -0.999984  0.004380  0.999966  -0.001773  0.008030  0.001832  0.999972  -0.007265  -0.008017  0.007279  0.999941  1.000000  -0.000023  0.000100  0.000023  1.000000  -0.000091  -0.000100  0.000091  1.000000  0.999870  -0.003444  0.015764  -0.015749  0.004434  0.999866  -0.003514  -0.999984  0.004380  0.000149  0.010978  
37.664375 0.019536  0.098288  -0.007155  0.989526  0.117658  0.083635  -0.096046  0.104097  0.989919  0.107766  -0.987583  0.114308  0.013650  0.004790  -0.015479  -0.294022  -0.499478  -0.110855  2.000000  0.999863  -0.003526  0.016161  -0.016144  0.004808  0.999858  -0.003603  -0.999982  0.004750  0.999968  -0.001659  0.007813  0.001718  0.999970  -0.007531  -0.007800  0.007544  0.999941  1.000000  -0.000021  0.000098  0.000021  1.000000  -0.000094  -0.000098  0.000094  1.000000  0.999863  -0.003526  0.016161  -0.016144  0.004808  0.999858  -0.003603  -0.999982  0.004750  0.000148  0.010982  
37.665624 0.019554  0.098294  -0.007179  0.989492  0.117852  0.083767  -0.096248  0.104541  0.989852  0.107899  -0.987513  0.114785  0.013753  0.004627  -0.016133  -0.309176  -0.471409  -0.104841  2.000000  0.999855  -0.003619  0.016630  -0.016611  0.005281  0.999848  -0.003706  -0.999980  0.005220  0.999972  -0.001436  0.007377  0.001492  0.999970  -0.007579  -0.007365  0.007590  0.999944  1.000000  -0.000018  0.000092  0.000018  1.000000  -0.000095  -0.000092  0.000095  1.000000  0.999855  -0.003619  0.016630  -0.016611  0.005281  0.999848  -0.003706  -0.999980  0.005220  0.000145  0.010677  
37.666870 0.019570  0.098299  -0.007203  0.989472  0.117914  0.083913  -0.096452  0.104997  0.989784  0.107899  -0.987457  0.115264  0.013769  0.004541  -0.016721  -0.320359  -0.443368  -0.098821  2.000000  0.999848  -0.003687  0.017060  -0.017038  0.005761  0.999838  -0.003785  -0.999977  0.005698  0.999977  -0.001104  0.006721  0.001156  0.999970  -0.007649  -0.006713  0.007656  0.999948  1.000000  -0.000014  0.000084  0.000014  1.000000  -0.000096  -0.000084  0.000096  1.000000  0.999848  -0.003687  0.017060  -0.017038  0.005761  0.999838  -0.003785  -0.999977  0.005698  0.000141  0.010245  
37.667873 0.019582  0.098303  -0.007221  0.989443  0.118208  0.083839  -0.096449  0.105331  0.989749  0.108165  -0.987387  0.115620  0.013632  0.004431  -0.017089  -0.331485  -0.414320  -0.084006  2.000000  0.999842  -0.003728  0.017373  -0.017350  0.006146  0.999831  -0.003834  -0.999974  0.006080  0.999981  -0.000774  0.006065  0.000820  0.999971  -0.007596  -0.006059  0.007601  0.999953  1.000000  -0.000010  0.000076  0.000010  1.000000  -0.000095  -0.000076  0.000095  1.000000  0.999842  -0.003728  0.017373  -0.017350  0.006146  0.999831  -0.003834  -0.999974  0.006080  0.000135  0.009754  
37.668881 0.019595  0.098307  -0.007241  0.989429  0.118370  0.083781  -0.096448  0.105679  0.989712  0.108298  -0.987330  0.115978  0.013522  0.004351  -0.017531  -0.342079  -0.380985  -0.066022  2.000000  0.999837  -0.003749  0.017653  -0.017628  0.006528  0.999823  -0.003863  -0.999972  0.006461  0.999985  -0.000312  0.005394  0.000353  0.999971  -0.007665  -0.005391  0.007667  0.999956  1.000000  -0.000004  0.000067  0.000004  1.000000  -0.000096  -0.000067  0.000096  1.000000  0.999837  -0.003749  0.017653  -0.017628  0.006528  0.999823  -0.003863  -0.999972  0.006461  0.000131  0.009379  
37.670122 0.019611  0.098311  -0.007265  0.989395  0.118563  0.083912  -0.096650  0.106122  0.989645  0.108431  -0.987259  0.116455  0.013544  0.004313  -0.017978  -0.349717  -0.356140  -0.054338  2.000000  0.999832  -0.003748  0.017969  -0.017943  0.007005  0.999814  -0.003873  -0.999968  0.006937  0.999989  0.000151  0.004722  -0.000115  0.999971  -0.007613  -0.004723  0.007612  0.999960  1.000000  0.000002  0.000059  -0.000002  1.000000  -0.000095  -0.000059  0.000095  1.000000  0.999832  -0.003748  0.017969  -0.017943  0.007005  0.999814  -0.003873  -0.999968  0.006937  0.000127  0.008959  
37.671125 0.019624  0.098315  -0.007286  0.989375  0.118616  0.084072  -0.096854  0.106457  0.989589  0.108431  -0.987217  0.116814  0.013564  0.004294  -0.018405  -0.356138  -0.334381  -0.043224  2.000000  0.999827  -0.003730  0.018204  -0.018176  0.007383  0.999808  -0.003864  -0.999966  0.007314  0.999989  0.000286  0.004706  -0.000250  0.999972  -0.007492  -0.004708  0.007491  0.999961  1.000000  0.000003  0.000059  -0.000003  1.000000  -0.000094  -0.000059  0.000094  1.000000  0.999827  -0.003730  0.018204  -0.018176  0.007383  0.999808  -0.003864  -0.999966  0.007314  0.000123  0.008852  
37.672126 0.019637  0.098317  -0.007307  0.989355  0.118669  0.084233  -0.097057  0.106793  0.989533  0.108431  -0.987174  0.117174  0.013554  0.004173  -0.018871  -0.358035  -0.308781  -0.037579  2.000000  0.999824  -0.003711  0.018373  -0.018344  0.007669  0.999802  -0.003851  -0.999964  0.007600  0.999990  0.000396  0.004487  -0.000362  0.999971  -0.007636  -0.004490  0.007635  0.999961  1.000000  0.000005  0.000056  -0.000005  1.000000  -0.000095  -0.000056  0.000095  1.000000  0.999824  -0.003711  0.018373  -0.018344  0.007669  0.999802  -0.003851  -0.999964  0.007600  0.000120  0.008865  
37.673377 0.019653  0.098321  -0.007332  0.989335  0.118742  0.084365  -0.097261  0.107369  0.989450  0.108431  -0.987103  0.117772  0.013541  0.004122  -0.019165  -0.363635  -0.294099  -0.030020  2.000000  0.999820  -0.003668  0.018641  -0.018611  0.008145  0.999794  -0.003819  -0.999960  0.008076  0.999991  0.000641  0.004252  -0.000608  0.999971  -0.007538  -0.004257  0.007536  0.999963  1.000000  0.000008  0.000053  -0.000008  1.000000  -0.000094  -0.000053  0.000094  1.000000  0.999820  -0.003668  0.018641  -0.018611  0.008145  0.999794  -0.003819  -0.999960  0.008076  0.000118  0.008677  
37.674626 0.019670  0.098326  -0.007357  0.989315  0.118805  0.084511  -0.097465  0.107824  0.989381  0.108431  -0.987046  0.118251  0.013514  0.004014  -0.019416  -0.366041  -0.272155  -0.018811  2.000000  0.999815  -0.003613  0.018890  -0.018858  0.008622  0.999785  -0.003776  -0.999956  0.008552  0.999992  0.000860  0.003813  -0.000831  0.999971  -0.007584  -0.003820  0.007581  0.999964  1.000000  0.000011  0.000048  -0.000011  1.000000  -0.000095  -0.000048  0.000095  1.000000  0.999815  -0.003613  0.018890  -0.018858  0.008622  0.999785  -0.003776  -0.999956  0.008552  0.000116  0.008531  
37.675878 0.019688  0.098331  -0.007382  0.989295  0.118878  0.084642  -0.097668  0.108400  0.989298  0.108431  -0.986974  0.118850  0.013492  0.003993  -0.019548  -0.372337  -0.250589  -0.012068  2.000000  0.999811  -0.003547  0.019125  -0.019092  0.009104  0.999776  -0.003720  -0.999952  0.009035  0.999993  0.000971  0.003594  -0.000942  0.999969  -0.007849  -0.003601  0.007846  0.999963  1.000000  0.000012  0.000045  -0.000012  1.000000  -0.000098  -0.000045  0.000098  1.000000  0.999811  -0.003547  0.019125  -0.019092  0.009104  0.999776  -0.003720  -0.999952  0.009035  0.000114  0.008686  
37.677128 0.019707  0.098337  -0.007404  0.989240  0.119106  0.084962  -0.098074  0.108938  0.989199  0.108564  -0.986887  0.119447  0.013521  0.003994  -0.019451  -0.373861  -0.235391  -0.000086  2.000000  0.999807  -0.003467  0.019345  -0.019311  0.009595  0.999767  -0.003651  -0.999948  0.009527  0.999994  0.001214  0.003358  -0.001187  0.999967  -0.007993  -0.003368  0.007989  0.999962  1.000000  0.000015  0.000042  -0.000015  1.000000  -0.000100  -0.000042  0.000100  1.000000  0.999807  -0.003467  0.019345  -0.019311  0.009595  0.999767  -0.003651  -0.999948  0.009527  0.000111  0.008752  
37.678376 0.019726  0.098343  -0.007424  0.989205  0.119301  0.085091  -0.098276  0.109380  0.989130  0.108697  -0.986815  0.119924  0.013600  0.004037  -0.019186  -0.374565  -0.221584  0.016474  2.000000  0.999803  -0.003376  0.019559  -0.019524  0.010094  0.999758  -0.003573  -0.999943  0.010027  0.999994  0.001348  0.003341  -0.001322  0.999967  -0.007993  -0.003352  0.007988  0.999962  1.000000  0.000017  0.000042  -0.000017  1.000000  -0.000100  -0.000042  0.000100  1.000000  0.999803  -0.003376  0.019559  -0.019524  0.010094  0.999758  -0.003573  -0.999943  0.010027  0.000110  0.008765  
37.679626 0.019745  0.098349  -0.007443  0.989170  0.119507  0.085207  -0.098479  0.109942  0.989047  0.108830  -0.986727  0.120520  0.013657  0.004010  -0.018833  -0.380319  -0.211314  0.029051  2.000000  0.999799  -0.003285  0.019767  -0.019731  0.010597  0.999749  -0.003494  -0.999938  0.010530  0.999994  0.001350  0.003340  -0.001323  0.999966  -0.008114  -0.003351  0.008109  0.999962  1.000000  0.000017  0.000042  -0.000017  1.000000  -0.000101  -0.000042  0.000101  1.000000  0.999799  -0.003285  0.019767  -0.019731  0.010597  0.999749  -0.003494  -0.999938  0.010530  0.000109  0.008876  
37.680867 0.019764  0.098355  -0.007462  0.989130  0.119604  0.085541  -0.098886  0.110493  0.988945  0.108830  -0.986654  0.121119  0.013808  0.003974  -0.018565  -0.385278  -0.209039  0.033343  2.000000  0.999796  -0.003211  0.019941  -0.019904  0.011008  0.999741  -0.003430  -0.999934  0.010942  0.999993  0.001245  0.003559  -0.001215  0.999966  -0.008212  -0.003569  0.008208  0.999960  1.000000  0.000015  0.000045  -0.000015  1.000000  -0.000103  -0.000045  0.000103  1.000000  0.999796  -0.003211  0.019941  -0.019904  0.011008  0.999741  -0.003430  -0.999934  0.010942  0.000110  0.009035  
37.681874 0.019778  0.098358  -0.007478  0.989089  0.119691  0.085890  -0.099293  0.110923  0.988856  0.108830  -0.986595  0.121598  0.013899  0.003897  -0.018329  -0.386064  -0.208398  0.042389  2.000000  0.999793  -0.003141  0.020125  -0.020088  0.011421  0.999733  -0.003370  -0.999930  0.011356  0.999993  0.001246  0.003558  -0.001217  0.999965  -0.008334  -0.003569  0.008329  0.999959  1.000000  0.000015  0.000045  -0.000015  1.000000  -0.000104  -0.000045  0.000104  1.000000  0.999793  -0.003141  0.020125  -0.020088  0.011421  0.999733  -0.003370  -0.999930  0.011356  0.000110  0.009145  
37.683122 0.019796  0.098360  -0.007499  0.989048  0.119789  0.086225  -0.099700  0.111474  0.988753  0.108830  -0.986521  0.122196  0.014040  0.003729  -0.018199  -0.388583  -0.209201  0.047258  2.000000  0.999788  -0.003049  0.020370  -0.020332  0.011939  0.999722  -0.003291  -0.999924  0.011875  0.999991  0.001431  0.003947  -0.001398  0.999964  -0.008411  -0.003959  0.008406  0.999957  1.000000  0.000018  0.000049  -0.000018  1.000000  -0.000105  -0.000049  0.000105  1.000000  0.999788  -0.003049  0.020370  -0.020332  0.011939  0.999722  -0.003291  -0.999924  0.011875  0.000112  0.009399  
37.684123 0.019810  0.098363  -0.007515  0.989007  0.119877  0.086574  -0.100108  0.111904  0.988664  0.108830  -0.986462  0.122675  0.014135  0.003642  -0.017983  -0.393484  -0.206939  0.051375  2.000000  0.999784  -0.002969  0.020574  -0.020536  0.012356  0.999713  -0.003222  -0.999919  0.012293  0.999990  0.001458  0.004150  -0.001424  0.999965  -0.008268  -0.004162  0.008262  0.999957  1.000000  0.000018  0.000052  -0.000018  1.000000  -0.000103  -0.000052  0.000103  1.000000  0.999784  -0.002969  0.020574  -0.020536  0.012356  0.999713  -0.003222  -0.999919  0.012293  0.000112  0.009363  
37.685372 0.019827  0.098366  -0.007534  0.988966  0.119976  0.086908  -0.100515  0.112454  0.988560  0.108830  -0.986387  0.123273  0.014222  0.003571  -0.017604  -0.397467  -0.205817  0.060335  2.000000  0.999779  -0.002863  0.020834  -0.020796  0.012874  0.999701  -0.003130  -0.999913  0.012811  0.999989  0.001619  0.004336  -0.001583  0.999964  -0.008368  -0.004349  0.008361  0.999956  1.000000  0.000020  0.000054  -0.000020  1.000000  -0.000105  -0.000054  0.000105  1.000000  0.999779  -0.002863  0.020834  -0.020796  0.012874  0.999701  -0.003130  -0.999913  0.012811  0.000114  0.009559  
37.686622 0.019844  0.098370  -0.007552  0.988903  0.120088  0.087460  -0.101126  0.112860  0.988451  0.108830  -0.986327  0.123751  0.014272  0.003605  -0.017080  -0.400077  -0.219369  0.062043  2.000000  0.999773  -0.002757  0.021110  -0.021071  0.013390  0.999688  -0.003039  -0.999907  0.013328  0.999988  0.001514  0.004554  -0.001476  0.999965  -0.008224  -0.004567  0.008217  0.999956  1.000000  0.000019  0.000057  -0.000019  1.000000  -0.000103  -0.000057  0.000103  1.000000  0.999773  -0.002757  0.021110  -0.021071  0.013390  0.999688  -0.003039  -0.999907  0.013328  0.000115  0.009519  
37.687630 0.019857  0.098375  -0.007565  0.988862  0.120177  0.087809  -0.101533  0.113290  0.988361  0.108830  -0.986267  0.124230  0.014312  0.003766  -0.016483  -0.403301  -0.221107  0.062650  2.000000  0.999768  -0.002674  0.021350  -0.021311  0.013804  0.999678  -0.002967  -0.999901  0.013744  0.999987  0.001434  0.004977  -0.001393  0.999965  -0.008300  -0.004988  0.008293  0.999953  1.000000  0.000018  0.000062  -0.000018  1.000000  -0.000104  -0.000062  0.000104  1.000000  0.999768  -0.002674  0.021350  -0.021311  0.013804  0.999678  -0.002967  -0.999901  0.013744  0.000117  0.009780  
37.688872 0.019874  0.098381  -0.007580  0.988784  0.120421  0.088345  -0.102142  0.113682  0.988253  0.108963  -0.986192  0.124707  0.014279  0.003835  -0.015846  -0.402591  -0.232852  0.063865  2.000000  0.999763  -0.002591  0.021612  -0.021573  0.014220  0.999666  -0.002897  -0.999896  0.014161  0.999984  0.001487  0.005382  -0.001442  0.999964  -0.008376  -0.005394  0.008368  0.999950  1.000000  0.000018  0.000067  -0.000018  1.000000  -0.000105  -0.000067  0.000105  1.000000  0.999763  -0.002591  0.021612  -0.021573  0.014220  0.999666  -0.002897  -0.999896  0.014161  0.000117  0.010064  
37.689872 0.019887  0.098386  -0.007592  0.988742  0.120511  0.088693  -0.102549  0.114111  0.988161  0.108963  -0.986132  0.125185  0.014273  0.003962  -0.015282  -0.405226  -0.242155  0.060875  2.000000  0.999757  -0.002511  0.021901  -0.021862  0.014640  0.999654  -0.002831  -0.999890  0.014581  0.999982  0.001408  0.005804  -0.001359  0.999963  -0.008453  -0.005816  0.008445  0.999947  1.000000  0.000017  0.000073  -0.000017  1.000000  -0.000106  -0.000073  0.000106  1.000000  0.999757  -0.002511  0.021901  -0.021862  0.014640  0.999654  -0.002831  -0.999890  0.014581  0.000119  0.010347  
37.690873 0.019900  0.098391  -0.007603  0.988678  0.120624  0.089245  -0.103160  0.114516  0.988051  0.108963  -0.986071  0.125664  0.014153  0.004018  -0.014788  -0.407711  -0.260443  0.062911  2.000000  0.999750  -0.002436  0.022206  -0.022167  0.015063  0.999641  -0.002769  -0.999884  0.015006  0.999980  0.001330  0.006226  -0.001277  0.999963  -0.008529  -0.006237  0.008521  0.999944  1.000000  0.000016  0.000078  -0.000016  1.000000  -0.000107  -0.000078  0.000107  1.000000  0.999750  -0.002436  0.022206  -0.022167  0.015063  0.999641  -0.002769  -0.999884  0.015006  0.000122  0.010640  
37.692126 0.019916  0.098397  -0.007618  0.988615  0.120749  0.089782  -0.103770  0.115041  0.987926  0.108963  -0.985994  0.126262  0.013947  0.004018  -0.014270  -0.410373  -0.268863  0.068889  2.000000  0.999742  -0.002340  0.022612  -0.022573  0.015597  0.999624  -0.002692  -0.999876  0.015540  0.999977  0.001385  0.006631  -0.001329  0.999963  -0.008484  -0.006643  0.008475  0.999942  1.000000  0.000017  0.000083  -0.000017  1.000000  -0.000106  -0.000083  0.000106  1.000000  0.999742  -0.002340  0.022612  -0.022573  0.015597  0.999624  -0.002692  -0.999876  0.015540  0.000123  0.010854  
37.693377 0.019931  0.098403  -0.007632  0.988550  0.120886  0.090304  -0.104381  0.115685  0.987786  0.108963  -0.985902  0.126979  0.013662  0.003983  -0.013847  -0.413231  -0.282668  0.070784  2.000000  0.999732  -0.002241  0.023045  -0.023006  0.016131  0.999605  -0.002612  -0.999867  0.016075  0.999973  0.001467  0.007240  -0.001405  0.999963  -0.008539  -0.007252  0.008529  0.999937  1.000000  0.000018  0.000091  -0.000018  1.000000  -0.000107  -0.000091  0.000107  1.000000  0.999732  -0.002241  0.023045  -0.023006  0.016131  0.999605  -0.002612  -0.999867  0.016075  0.000126  0.011287  
37.694627 0.019946  0.098409  -0.007647  0.988464  0.121037  0.091044  -0.105195  0.116185  0.987641  0.108963  -0.985825  0.127577  0.013327  0.003990  -0.013548  -0.414714  -0.302319  0.077852  2.000000  0.999721  -0.002138  0.023504  -0.023466  0.016670  0.999586  -0.002529  -0.999859  0.016615  0.999971  0.001499  0.007442  -0.001433  0.999961  -0.008760  -0.007454  0.008749  0.999934  1.000000  0.000018  0.000093  -0.000018  1.000000  -0.000109  -0.000093  0.000109  1.000000  0.999721  -0.002138  0.023504  -0.023466  0.016670  0.999586  -0.002529  -0.999859  0.016615  0.000128  0.011587  
37.695873 0.019960  0.098415  -0.007662  0.988399  0.121153  0.091595  -0.105805  0.116589  0.987528  0.108963  -0.985763  0.128055  0.013060  0.004023  -0.013301  -0.409799  -0.313883  0.074598  2.000000  0.999712  -0.002052  0.023898  -0.023859  0.017107  0.999569  -0.002459  -0.999852  0.017053  0.999968  0.001555  0.007847  -0.001486  0.999961  -0.008715  -0.007860  0.008704  0.999931  1.000000  0.000019  0.000098  -0.000019  1.000000  -0.000109  -0.000098  0.000109  1.000000  0.999712  -0.002052  0.023898  -0.023859  0.017107  0.999569  -0.002459  -0.999852  0.017053  0.000130  0.011826  
37.697123 0.019973  0.098420  -0.007676  0.988311  0.121305  0.092335  -0.106619  0.117088  0.987382  0.108963  -0.985685  0.128653  0.012751  0.004128  -0.012842  -0.411573  -0.334688  0.072852  2.000000  0.999700  -0.001942  0.024415  -0.024377  0.017646  0.999547  -0.002372  -0.999842  0.017593  0.999963  0.001505  0.008472  -0.001432  0.999962  -0.008648  -0.008485  0.008636  0.999927  1.000000  0.000018  0.000106  -0.000018  1.000000  -0.000108  -0.000106  0.000108  1.000000  0.999700  -0.001942  0.024415  -0.024377  0.017646  0.999547  -0.002372  -0.999842  0.017593  0.000133  0.012195  
37.698377 0.019986  0.098424  -0.007690  0.988245  0.121434  0.092871  -0.107230  0.117612  0.987253  0.108963  -0.985607  0.129251  0.012390  0.004234  -0.012386  -0.416775  -0.359017  0.067261  2.000000  0.999687  -0.001836  0.024964  -0.024926  0.018181  0.999524  -0.002289  -0.999833  0.018130  0.999959  0.001431  0.008894  -0.001354  0.999962  -0.008603  -0.008906  0.008590  0.999923  1.000000  0.000017  0.000111  -0.000017  1.000000  -0.000107  -0.000111  0.000107  1.000000  0.999687  -0.001836  0.024964  -0.024926  0.018181  0.999524  -0.002289  -0.999833  0.018130  0.000137  0.012452  
37.699622 0.019998  0.098428  -0.007703  0.988179  0.121552  0.093422  -0.107840  0.118016  0.987139  0.108963  -0.985544  0.129729  0.012087  0.004246  -0.011980  -0.415277  -0.373217  0.064680  2.000000  0.999672  -0.001733  0.025541  -0.025504  0.018718  0.999499  -0.002210  -0.999823  0.018668  0.999954  0.001514  0.009502  -0.001433  0.999963  -0.008536  -0.009515  0.008522  0.999918  1.000000  0.000018  0.000119  -0.000018  1.000000  -0.000107  -0.000119  0.000107  1.000000  0.999672  -0.001733  0.025541  -0.025504  0.018718  0.999499  -0.002210  -0.999823  0.018668  0.000140  0.012858  
37.700624 0.020007  0.098431  -0.007713  0.988112  0.121670  0.093972  -0.108450  0.118420  0.987023  0.108963  -0.985481  0.130207  0.011745  0.004222  -0.011682  -0.417894  -0.386883  0.066554  2.000000  0.999660  -0.001654  0.026018  -0.025982  0.019141  0.999479  -0.002152  -0.999815  0.019092  0.999954  0.001386  0.009519  -0.001306  0.999964  -0.008414  -0.009530  0.008401  0.999919  1.000000  0.000017  0.000119  -0.000017  1.000000  -0.000105  -0.000119  0.000105  1.000000  0.999660  -0.001654  0.026018  -0.025982  0.019141  0.999479  -0.002152  -0.999815  0.019092  0.000142  0.012776  
