1-Time 2-Px 3-Py 4-Pz 5-R11 6-R21 7-R31 8-R12 9-R22 10-R32 11-R13 12-R23 13-R33 14-Vx 15-Vy 16-Vz 17-Wx 18-Wy 19-Wz 20-state 21-PR11 22-PR21 23-PR31 24-PR12 25-PR22 26-PR32 27-PR13 28-PR23 29-PR33 
72.448423 0.009066  0.101467  -0.006374  0.988632  0.146995  -0.031604  -0.145545  0.988367  0.044121  0.037722  -0.039020  0.998526  0.000032  0.000143  0.000149  0.000000  0.000000  0.000000  2.000000  1.000000  0.000000  0.000000  -0.000000  1.000000  0.000000  0.000000  -0.000000  1.000000  1.000000  0.000000  0.000000  0.000000  1.000000  0.000000  0.000000  -0.000000  1.000000  1.000000  0.000000  0.000000  0.000000  1.000000  0.000000  0.000000  0.000000  1.000000  0.825384  0.382795  -0.414981  -0.438289  0.897776  -0.043600  0.355870  0.217868  0.908785  0.000000  0.000000  
72.449428 0.009066  0.101467  -0.006374  0.988602  0.147198  -0.031595  -0.145748  0.988337  0.044128  0.037722  -0.039020  0.998526  0.000032  0.000143  0.000149  0.000000  0.000000  0.000000  2.000000  1.000000  0.000000  0.000000  0.000000  1.000000  0.000000  0.000000  0.000000  1.000000  1.000000  0.000000  0.000000  0.000000  1.000000  0.000000  0.000000  -0.000000  1.000000  1.000000  0.000000  0.000000  0.000000  1.000000  0.000000  0.000000  0.000000  1.000000  1.000000  0.000000  0.000000  0.000000  1.000000  0.000000  0.000000  0.000000  1.000000  0.000000  0.000000  
72.450679 0.009068  0.101468  -0.006376  0.988482  0.148012  -0.031559  -0.146562  0.988216  0.044154  0.037722  -0.039020  0.998526  0.000173  0.000169  -0.000006  0.000000  0.000000  0.000000  2.000000  1.000000  0.000000  0.000000  0.000000  1.000000  0.000000  0.000000  0.000000  1.000000  1.000000  0.000822  0.000032  -0.000822  1.000000  0.000031  -0.000032  -0.000031  1.000000  1.000000  0.000000  0.000000  0.000000  1.000000  0.000000  0.000000  0.000000  1.000000  1.000000  0.000000  0.000000  0.000000  1.000000  0.000000  0.000000  0.000000  1.000000  0.000000  0.000000  
72.451930 0.009071  0.101469  -0.006378  0.988326  0.149038  -0.031627  -0.147579  0.988056  0.044326  0.037856  -0.039141  0.998516  0.000346  0.000245  -0.000183  0.000000  0.000000  0.000000  2.000000  1.000000  0.000000  0.000000  0.000000  1.000000  0.000000  0.000000  0.000000  1.000000  0.999998  0.001855  -0.000061  -0.001855  0.999998  0.000191  0.000061  -0.000191  1.000000  1.000000  0.000000  0.000000  0.000000  1.000000  0.000000  0.000000  0.000000  1.000000  1.000000  0.000000  0.000000  0.000000  1.000000  0.000000  0.000000  0.000000  1.000000  0.000000  0.000000  
72.452933 0.009073  0.101470  -0.006381  0.988234  0.149652  -0.031582  -0.148189  0.987959  0.044465  0.037856  -0.039262  0.998512  0.000528  0.000299  -0.000351  0.000000  0.000000  0.000000  2.000000  1.000000  0.000000  0.000000  0.000000  1.000000  0.000000  0.000000  0.000000  1.000000  0.999996  0.002678  -0.000028  -0.002678  0.999996  0.000344  0.000029  -0.000344  1.000000  1.000000  0.000000  0.000000  0.000000  1.000000  0.000000  0.000000  0.000000  1.000000  1.000000  0.000000  0.000000  0.000000  1.000000  0.000000  0.000000  0.000000  1.000000  0.000000  0.000000  
72.453937 0.009076  0.101470  -0.006384  0.988142  0.150266  -0.031536  -0.148800  0.987861  0.044605  0.037856  -0.039383  0.998507  0.000731  0.000328  -0.000544  0.000000  0.000000  0.000000  2.000000  1.000000  0.000000  0.000000  0.000000  1.000000  0.000000  0.000000  0.000000  1.000000  0.999995  0.003089  -0.000012  -0.003089  0.999995  0.000481  0.000013  -0.000481  1.000000  1.000000  0.000000  0.000000  0.000000  1.000000  0.000000  0.000000  0.000000  1.000000  1.000000  0.000000  0.000000  0.000000  1.000000  0.000000  0.000000  0.000000  1.000000  0.000000  0.000000  
72.455185 0.009081  0.101472  -0.006387  0.988045  0.150885  -0.031622  -0.149409  0.987762  0.044764  0.037990  -0.039504  0.998497  0.001071  0.000440  -0.000810  0.000000  0.000000  0.000000  2.000000  1.000000  0.000000  0.000000  0.000000  1.000000  0.000000  0.000000  0.000000  1.000000  0.999992  0.003916  -0.000113  -0.003916  0.999992  0.000633  0.000115  -0.000633  1.000000  1.000000  0.000000  0.000000  0.000000  1.000000  0.000000  0.000000  0.000000  1.000000  1.000000  0.000000  0.000000  0.000000  1.000000  0.000000  0.000000  0.000000  1.000000  0.000000  0.000000  
72.456429 0.009087  0.101475  -0.006390  0.987845  0.152125  -0.031945  -0.150627  0.987567  0.044983  0.038391  -0.039624  0.998477  0.001449  0.000638  -0.001009  0.026963  0.015663  0.173585  2.000000  1.000000  0.000000  0.000000  0.000000  1.000000  0.000000  0.000000  0.000000  1.000000  0.999988  0.004955  -0.000339  -0.004954  0.999987  0.000795  0.000342  -0.000793  1.000000  1.000000  0.000000  0.000000  0.000000  1.000000  0.000000  0.000000  0.000000  1.000000  1.000000  0.000000  0.000000  0.000000  1.000000  0.000000  0.000000  0.000000  1.000000  0.000000  0.000000  
72.457429 0.009092  0.101477  -0.006392  0.987648  0.153359  -0.032135  -0.151846  0.987371  0.045183  0.038658  -0.039745  0.998462  0.001743  0.000780  -0.001182  0.032647  0.023003  0.215379  2.000000  1.000000  0.000279  -0.000026  -0.000279  1.000000  0.000045  0.000026  -0.000045  1.000000  0.999982  0.005993  -0.000564  -0.005993  0.999982  0.000957  0.000570  -0.000954  0.999999  1.000000  0.000075  -0.000007  -0.000075  1.000000  0.000012  0.000007  -0.000012  1.000000  1.000000  0.000279  -0.000026  -0.000279  1.000000  0.000045  0.000026  -0.000045  1.000000  0.000051  0.006095  
72.458434 0.009096  0.101479  -0.006395  0.987454  0.154588  -0.032192  -0.153065  0.987174  0.045363  0.038792  -0.039866  0.998452  0.002007  0.000890  -0.001375  0.038320  0.025842  0.256970  2.000000  1.000000  0.000620  -0.000063  -0.000620  1.000000  0.000098  0.000063  -0.000098  1.000000  0.999974  0.007237  -0.000781  -0.007236  0.999973  0.001128  0.000789  -0.001122  0.999999  1.000000  0.000090  -0.000010  -0.000090  1.000000  0.000014  0.000010  -0.000014  1.000000  1.000000  0.000620  -0.000063  -0.000620  1.000000  0.000098  0.000063  -0.000098  1.000000  0.000062  0.007366  
72.459684 0.009101  0.101481  -0.006400  0.987223  0.156025  -0.032372  -0.154486  0.986943  0.045570  0.039059  -0.039987  0.998436  0.002403  0.001049  -0.001734  0.044301  0.032907  0.305758  2.000000  0.999999  0.001132  -0.000119  -0.001132  0.999999  0.000175  0.000119  -0.000175  1.000000  0.999962  0.008687  -0.000990  -0.008686  0.999961  0.001307  0.001001  -0.001298  0.999999  1.000000  0.000109  -0.000012  -0.000109  1.000000  0.000016  0.000012  -0.000016  1.000000  0.999999  0.001132  -0.000119  -0.001132  0.999999  0.000175  0.000119  -0.000175  1.000000  0.000074  0.008840  
72.460929 0.009109  0.101485  -0.006405  0.986989  0.157461  -0.032551  -0.155907  0.986710  0.045778  0.039327  -0.040107  0.998421  0.002901  0.001297  -0.002063  0.050279  0.039954  0.354436  2.000000  0.999998  0.001737  -0.000184  -0.001737  0.999998  0.000264  0.000184  -0.000263  1.000000  0.999946  0.010337  -0.001056  -0.010335  0.999945  0.001493  0.001071  -0.001482  0.999998  1.000000  0.000129  -0.000013  -0.000129  1.000000  0.000019  0.000013  -0.000019  1.000000  0.999998  0.001737  -0.000184  -0.001737  0.999998  0.000264  0.000184  -0.000263  1.000000  0.000088  0.010497  
72.461932 0.009115  0.101489  -0.006409  0.986790  0.158689  -0.032607  -0.157125  0.986509  0.045959  0.039460  -0.040228  0.998411  0.003351  0.001496  -0.002334  0.056061  0.042842  0.396635  2.000000  0.999997  0.002290  -0.000242  -0.002290  0.999997  0.000342  0.000243  -0.000342  1.000000  0.999932  0.011576  -0.001138  -0.011574  0.999932  0.001664  0.001157  -0.001650  0.999998  1.000000  0.000145  -0.000014  -0.000145  1.000000  0.000021  0.000014  -0.000021  1.000000  0.999997  0.002290  -0.000242  -0.002290  0.999997  0.000342  0.000243  -0.000342  1.000000  0.000099  0.011749  
72.462952 0.009123  0.101493  -0.006412  0.986557  0.160120  -0.032653  -0.158546  0.986273  0.046147  0.039594  -0.040349  0.998401  0.003875  0.001808  -0.002547  0.061905  0.045291  0.444241  2.000000  0.999996  0.002905  -0.000306  -0.002905  0.999996  0.000427  0.000307  -0.000426  1.000000  0.999917  0.012820  -0.001355  -0.012817  0.999916  0.001715  0.001377  -0.001698  0.999998  1.000000  0.000160  -0.000017  -0.000160  1.000000  0.000021  0.000017  -0.000021  1.000000  0.999996  0.002905  -0.000306  -0.002905  0.999996  0.000427  0.000307  -0.000426  1.000000  0.000109  0.013004  
72.464180 0.009134  0.101500  -0.006416  0.986284  0.161755  -0.032841  -0.160169  0.986006  0.046243  0.039861  -0.040349  0.998390  0.004527  0.002206  -0.002815  0.064159  0.052114  0.500195  2.000000  0.999993  0.003605  -0.000378  -0.003605  0.999993  0.000521  0.000380  -0.000520  1.000000  0.999891  0.014680  -0.001545  -0.014677  0.999890  0.001913  0.001573  -0.001890  0.999997  1.000000  0.000183  -0.000019  -0.000183  1.000000  0.000024  0.000019  -0.000024  1.000000  0.999993  0.003605  -0.000378  -0.003605  0.999993  0.000521  0.000380  -0.000520  1.000000  0.000124  0.014884  
72.465180 0.009143  0.101505  -0.006420  0.986037  0.163196  -0.033150  -0.161588  0.985763  0.046475  0.040263  -0.040469  0.998369  0.005108  0.002553  -0.003037  0.070282  0.063690  0.549548  2.000000  0.999990  0.004381  -0.000461  -0.004380  0.999990  0.000622  0.000464  -0.000620  1.000000  0.999868  0.016130  -0.001751  -0.016126  0.999868  0.002095  0.001785  -0.002066  0.999996  1.000000  0.000202  -0.000022  -0.000202  1.000000  0.000026  0.000022  -0.000026  1.000000  0.999990  0.004381  -0.000461  -0.004380  0.999990  0.000622  0.000464  -0.000620  1.000000  0.000137  0.016358  
72.466207 0.009153  0.101510  -0.006425  0.985826  0.164428  -0.033336  -0.162804  0.985554  0.046679  0.040530  -0.040590  0.998354  0.005599  0.002831  -0.003269  0.075938  0.070882  0.590435  2.000000  0.999986  0.005223  -0.000558  -0.005223  0.999986  0.000730  0.000561  -0.000727  1.000000  0.999847  0.017374  -0.001966  -0.017370  0.999847  0.002269  0.002005  -0.002235  0.999995  1.000000  0.000217  -0.000025  -0.000217  1.000000  0.000028  0.000025  -0.000028  1.000000  0.999986  0.005223  -0.000558  -0.005223  0.999986  0.000730  0.000561  -0.000727  1.000000  0.000148  0.017630  
72.467433 0.009165  0.101517  -0.006431  0.985540  0.166071  -0.033634  -0.164425  0.985273  0.046919  0.040931  -0.040710  0.998332  0.006198  0.003191  -0.003443  0.082373  0.082178  0.646736  2.000000  0.999981  0.006139  -0.000671  -0.006138  0.999981  0.000847  0.000676  -0.000843  0.999999  0.999820  0.018835  -0.002439  -0.018829  0.999820  0.002458  0.002484  -0.002412  0.999994  1.000000  0.000235  -0.000031  -0.000235  1.000000  0.000030  0.000031  -0.000030  1.000000  0.999981  0.006139  -0.000671  -0.006138  0.999981  0.000847  0.000676  -0.000843  0.999999  0.000161  0.019149  
72.468679 0.009178  0.101522  -0.006438  0.985286  0.167511  -0.033942  -0.165842  0.985024  0.047154  0.041332  -0.040831  0.998311  0.006840  0.003487  -0.003687  0.088490  0.093681  0.695613  2.000000  0.999972  0.007373  -0.000835  -0.007372  0.999972  0.001005  0.000842  -0.000999  0.999999  0.999790  0.020290  -0.002777  -0.020283  0.999791  0.002645  0.002830  -0.002588  0.999993  1.000000  0.000254  -0.000035  -0.000254  1.000000  0.000033  0.000035  -0.000033  1.000000  0.999972  0.007373  -0.000835  -0.007372  0.999972  0.001005  0.000842  -0.000999  0.999999  0.000174  0.020647  
72.469690 0.009189  0.101527  -0.006443  0.985069  0.168742  -0.034126  -0.167057  0.984809  0.047360  0.041599  -0.040951  0.998295  0.007373  0.003708  -0.003862  0.094266  0.100922  0.737119  2.000000  0.999964  0.008432  -0.000979  -0.008431  0.999964  0.001142  0.000988  -0.001134  0.999999  0.999759  0.021740  -0.002982  -0.021731  0.999760  0.002831  0.003043  -0.002765  0.999992  1.000000  0.000272  -0.000038  -0.000272  1.000000  0.000035  0.000038  -0.000035  1.000000  0.999964  0.008432  -0.000979  -0.008431  0.999964  0.001142  0.000988  -0.001134  0.999999  0.000186  0.022123  
72.470940 0.009203  0.101532  -0.006450  0.984741  0.170587  -0.034413  -0.168879  0.984486  0.047610  0.042000  -0.041072  0.998273  0.007949  0.003878  -0.004123  0.100974  0.111864  0.799850  2.000000  0.999951  0.009834  -0.001174  -0.009833  0.999951  0.001325  0.001187  -0.001314  0.999998  0.999735  0.022779  -0.003203  -0.022769  0.999736  0.003000  0.003271  -0.002926  0.999990  1.000000  0.000285  -0.000040  -0.000285  1.000000  0.000037  0.000040  -0.000037  1.000000  0.999951  0.009834  -0.001174  -0.009833  0.999951  0.001325  0.001187  -0.001314  0.999998  0.000200  0.023195  
72.472184 0.009217  0.101536  -0.006458  0.984416  0.172426  -0.034567  -0.170701  0.984161  0.047839  0.042268  -0.041192  0.998257  0.008527  0.003988  -0.004465  0.107661  0.118318  0.862492  2.000000  0.999938  0.011010  -0.001344  -0.011008  0.999938  0.001478  0.001360  -0.001463  0.999998  0.999710  0.023817  -0.003424  -0.023807  0.999712  0.003051  0.003496  -0.002969  0.999989  1.000000  0.000298  -0.000043  -0.000298  1.000000  0.000038  0.000043  -0.000038  1.000000  0.999938  0.011010  -0.001344  -0.011008  0.999938  0.001478  0.001360  -0.001463  0.999998  0.000216  0.024252  
72.473435 0.009230  0.101539  -0.006468  0.984122  0.174062  -0.034730  -0.172321  0.983868  0.048061  0.042535  -0.041313  0.998240  0.009073  0.004015  -0.004878  0.114063  0.125017  0.918039  2.000000  0.999920  0.012524  -0.001564  -0.012522  0.999920  0.001673  0.001585  -0.001654  0.999997  0.999694  0.024445  -0.003663  -0.024434  0.999697  0.003083  0.003737  -0.002993  0.999989  1.000000  0.000306  -0.000046  -0.000306  1.000000  0.000038  0.000046  -0.000038  1.000000  0.999920  0.012524  -0.001564  -0.012522  0.999920  0.001673  0.001585  -0.001654  0.999997  0.000230  0.024907  
72.474682 0.009244  0.101540  -0.006479  0.983897  0.175292  -0.034912  -0.173534  0.983644  0.048269  0.042802  -0.041434  0.998224  0.009497  0.003924  -0.005250  0.119944  0.132289  0.959950  2.000000  0.999899  0.014083  -0.001798  -0.014080  0.999899  0.001868  0.001824  -0.001842  0.999997  0.999673  0.025279  -0.003892  -0.025267  0.999676  0.003124  0.003970  -0.003025  0.999988  1.000000  0.000316  -0.000049  -0.000316  1.000000  0.000038  0.000049  -0.000038  1.000000  0.999899  0.014083  -0.001798  -0.014080  0.999899  0.001868  0.001824  -0.001842  0.999997  0.000243  0.025764  
72.475934 0.009257  0.101542  -0.006490  0.983635  0.176724  -0.035084  -0.174950  0.983383  0.048486  0.043070  -0.041554  0.998208  0.009979  0.003797  -0.005685  0.126111  0.139271  1.008720  2.000000  0.999875  0.015687  -0.002045  -0.015682  0.999875  0.002062  0.002077  -0.002029  0.999996  0.999657  0.025901  -0.003996  -0.025889  0.999660  0.003157  0.004077  -0.003052  0.999987  1.000000  0.000324  -0.000050  -0.000324  1.000000  0.000039  0.000050  -0.000039  1.000000  0.999875  0.015687  -0.002045  -0.015682  0.999875  0.002062  0.002077  -0.002029  0.999996  0.000255  0.026394  
72.477180 0.009271  0.101544  -0.006502  0.983365  0.178162  -0.035387  -0.176364  0.983118  0.048726  0.043471  -0.041675  0.998185  0.010315  0.003613  -0.006218  0.132356  0.150735  1.057637  2.000000  0.999847  0.017316  -0.002290  -0.017310  0.999848  0.002257  0.002329  -0.002217  0.999995  0.999652  0.026101  -0.003851  -0.026089  0.999655  0.003172  0.003932  -0.003071  0.999988  1.000000  0.000326  -0.000049  -0.000326  1.000000  0.000039  0.000049  -0.000039  1.000000  0.999847  0.017316  -0.002290  -0.017310  0.999848  0.002257  0.002329  -0.002217  0.999995  0.000267  0.026571  
72.478180 0.009282  0.101547  -0.006511  0.983171  0.179189  -0.035578  -0.177374  0.982926  0.048929  0.043738  -0.041795  0.998168  0.010483  0.003420  -0.006596  0.137985  0.158262  1.092578  2.000000  0.999824  0.018618  -0.002485  -0.018612  0.999824  0.002411  0.002529  -0.002364  0.999994  0.999657  0.025895  -0.003859  -0.025884  0.999660  0.003049  0.003937  -0.002948  0.999988  1.000000  0.000324  -0.000049  -0.000324  1.000000  0.000037  0.000049  -0.000037  1.000000  0.999824  0.018618  -0.002485  -0.018612  0.999824  0.002411  0.002529  -0.002364  0.999994  0.000276  0.026356  
72.479180 0.009293  0.101549  -0.006520  0.982976  0.180212  -0.035790  -0.178384  0.982739  0.049014  0.044006  -0.041795  0.998157  0.010634  0.003253  -0.006950  0.138598  0.164724  1.119831  2.000000  0.999798  0.019911  -0.002682  -0.019904  0.999799  0.002566  0.002733  -0.002512  0.999993  0.999662  0.025696  -0.003999  -0.025684  0.999665  0.003047  0.004076  -0.002944  0.999987  1.000000  0.000321  -0.000050  -0.000321  1.000000  0.000037  0.000050  -0.000037  1.000000  0.999798  0.019911  -0.002682  -0.019904  0.999799  0.002566  0.002733  -0.002512  0.999993  0.000283  0.026180  
72.480429 0.009307  0.101553  -0.006530  0.982781  0.181239  -0.035981  -0.179394  0.982545  0.049218  0.044273  -0.041915  0.998140  0.010744  0.003117  -0.007260  0.143804  0.174806  1.128108  2.000000  0.999771  0.021195  -0.002884  -0.021188  0.999772  0.002721  0.002941  -0.002659  0.999992  0.999661  0.025702  -0.004129  -0.025689  0.999665  0.003058  0.004206  -0.002950  0.999987  1.000000  0.000321  -0.000052  -0.000321  1.000000  0.000038  0.000052  -0.000038  1.000000  0.999771  0.021195  -0.002884  -0.021188  0.999772  0.002721  0.002941  -0.002659  0.999992  0.000288  0.026207  
72.481680 0.009321  0.101557  -0.006541  0.982584  0.182261  -0.036193  -0.180403  0.982356  0.049303  0.044540  -0.041915  0.998128  0.010875  0.002907  -0.007596  0.139952  0.179232  1.128296  2.000000  0.999736  0.022779  -0.003143  -0.022770  0.999737  0.002909  0.003208  -0.002836  0.999991  0.999676  0.025091  -0.004289  -0.025078  0.999681  0.002916  0.004361  -0.002808  0.999987  1.000000  0.000314  -0.000054  -0.000314  1.000000  0.000036  0.000054  -0.000036  1.000000  0.999736  0.022779  -0.003143  -0.022770  0.999737  0.002909  0.003208  -0.002836  0.999991  0.000287  0.025618  
72.482930 0.009334  0.101561  -0.006552  0.982386  0.183283  -0.036405  -0.181412  0.982166  0.049388  0.044808  -0.041914  0.998116  0.010879  0.002754  -0.007873  0.135472  0.186043  1.133071  2.000000  0.999698  0.024331  -0.003406  -0.024321  0.999699  0.003089  0.003480  -0.003005  0.999989  0.999686  0.024680  -0.004307  -0.024668  0.999692  0.002784  0.004374  -0.002676  0.999987  1.000000  0.000308  -0.000054  -0.000308  1.000000  0.000034  0.000054  -0.000034  1.000000  0.999698  0.024331  -0.003406  -0.024321  0.999699  0.003089  0.003480  -0.003005  0.999989  0.000288  0.025203  
72.483931 0.009343  0.101563  -0.006561  0.982268  0.183895  -0.036505  -0.182018  0.982052  0.049435  0.044941  -0.041914  0.998110  0.010815  0.002644  -0.008138  0.131517  0.190449  1.133374  2.000000  0.999667  0.025547  -0.003621  -0.025536  0.999669  0.003229  0.003702  -0.003135  0.999988  0.999701  0.024063  -0.004333  -0.024052  0.999707  0.002638  0.004396  -0.002533  0.999987  1.000000  0.000301  -0.000055  -0.000301  1.000000  0.000032  0.000055  -0.000032  1.000000  0.999667  0.025547  -0.003621  -0.025536  0.999669  0.003229  0.003702  -0.003135  0.999988  0.000292  0.024589  
72.484931 0.009351  0.101565  -0.006571  0.982106  0.184715  -0.036727  -0.182824  0.981898  0.049514  0.045209  -0.041914  0.998098  0.010635  0.002490  -0.008454  0.129054  0.196183  1.149938  2.000000  0.999636  0.026706  -0.003832  -0.026694  0.999638  0.003362  0.003921  -0.003258  0.999987  0.999726  0.023030  -0.004244  -0.023019  0.999732  0.002596  0.004303  -0.002498  0.999988  1.000000  0.000288  -0.000053  -0.000288  1.000000  0.000032  0.000053  -0.000032  1.000000  0.999636  0.026706  -0.003832  -0.026694  0.999638  0.003362  0.003921  -0.003258  0.999987  0.000291  0.023558  
72.485947 0.009359  0.101566  -0.006581  0.982024  0.185125  -0.036838  -0.183228  0.981821  0.049554  0.045342  -0.041913  0.998092  0.010314  0.002259  -0.008770  0.124264  0.192353  1.128357  2.000000  0.999605  0.027827  -0.004040  -0.027813  0.999607  0.003488  0.004136  -0.003374  0.999986  0.999745  0.022202  -0.004145  -0.022192  0.999751  0.002444  0.004199  -0.002352  0.999988  1.000000  0.000277  -0.000052  -0.000277  1.000000  0.000030  0.000052  -0.000030  1.000000  0.999605  0.027827  -0.004040  -0.027813  0.999607  0.003488  0.004136  -0.003374  0.999986  0.000291  0.022715  
72.487184 0.009368  0.101568  -0.006593  0.981861  0.185940  -0.037082  -0.184034  0.981672  0.049514  0.045610  -0.041792  0.998085  0.010018  0.002132  -0.009020  0.115646  0.188761  1.107744  2.000000  0.999573  0.028914  -0.004245  -0.028898  0.999576  0.003605  0.004348  -0.003481  0.999984  0.999759  0.021579  -0.004041  -0.021571  0.999765  0.002177  0.004087  -0.002090  0.999989  1.000000  0.000270  -0.000051  -0.000270  1.000000  0.000027  0.000051  -0.000027  1.000000  0.999573  0.028914  -0.004245  -0.028898  0.999576  0.003605  0.004348  -0.003481  0.999984  0.000284  0.022060  
72.488435 0.009375  0.101569  -0.006607  0.981741  0.186552  -0.037183  -0.184639  0.981556  0.049562  0.045743  -0.041791  0.998079  0.009672  0.002038  -0.009253  0.110649  0.185383  1.080233  2.000000  0.999541  0.029956  -0.004442  -0.029940  0.999545  0.003713  0.004551  -0.003579  0.999983  0.999781  0.020546  -0.003951  -0.020538  0.999787  0.002016  0.003992  -0.001934  0.999990  1.000000  0.000257  -0.000050  -0.000257  1.000000  0.000025  0.000050  -0.000025  1.000000  0.999541  0.029956  -0.004442  -0.029940  0.999545  0.003713  0.004551  -0.003579  0.999983  0.000277  0.021017  
72.489683 0.009382  0.101570  -0.006621  0.981615  0.187164  -0.037438  -0.185243  0.981444  0.049515  0.046010  -0.041670  0.998071  0.009173  0.001978  -0.009502  0.100970  0.189122  1.050769  2.000000  0.999502  0.031217  -0.004677  -0.031199  0.999506  0.003833  0.004795  -0.003685  0.999982  0.999798  0.019718  -0.003855  -0.019711  0.999804  0.001741  0.003889  -0.001665  0.999991  1.000000  0.000246  -0.000048  -0.000246  1.000000  0.000021  0.000048  -0.000021  1.000000  0.999502  0.031217  -0.004677  -0.031199  0.999506  0.003833  0.004795  -0.003685  0.999982  0.000269  0.020164  
72.490934 0.009388  0.101571  -0.006634  0.981533  0.187569  -0.037571  -0.185646  0.981372  0.049436  0.046144  -0.041549  0.998070  0.008725  0.001972  -0.009629  0.091793  0.188171  1.010907  2.000000  0.999463  0.032412  -0.004907  -0.032393  0.999467  0.003939  0.005033  -0.003778  0.999980  0.999819  0.018679  -0.003631  -0.018673  0.999824  0.001576  0.003660  -0.001508  0.999992  1.000000  0.000233  -0.000046  -0.000233  1.000000  0.000019  0.000046  -0.000019  1.000000  0.999463  0.032412  -0.004907  -0.032393  0.999467  0.003939  0.005033  -0.003778  0.999980  0.000261  0.019092  
72.492184 0.009394  0.101572  -0.006649  0.981450  0.187979  -0.037682  -0.186049  0.981294  0.049477  0.046278  -0.041548  0.998064  0.008082  0.001825  -0.009840  0.086399  0.189594  0.976732  2.000000  0.999425  0.033520  -0.005130  -0.033500  0.999431  0.004024  0.005262  -0.003849  0.999979  0.999853  0.016818  -0.003445  -0.016814  0.999858  0.001130  0.003463  -0.001072  0.999993  1.000000  0.000210  -0.000043  -0.000210  1.000000  0.000014  0.000043  -0.000014  1.000000  0.999425  0.033520  -0.005130  -0.033500  0.999431  0.004024  0.005262  -0.003849  0.999979  0.000253  0.017203  
72.493184 0.009398  0.101573  -0.006662  0.981367  0.188388  -0.037793  -0.186452  0.981215  0.049517  0.046411  -0.041548  0.998058  0.007657  0.001749  -0.010049  0.081001  0.186402  0.941715  2.000000  0.999396  0.034330  -0.005302  -0.034308  0.999403  0.004082  0.005439  -0.003897  0.999978  0.999869  0.015790  -0.003488  -0.015787  0.999875  0.000964  0.003503  -0.000909  0.999993  1.000000  0.000197  -0.000044  -0.000197  1.000000  0.000012  0.000044  -0.000012  1.000000  0.999396  0.034330  -0.005302  -0.034308  0.999403  0.004082  0.005439  -0.003897  0.999978  0.000243  0.016199  
72.494433 0.009402  0.101572  -0.006678  0.981323  0.188591  -0.037937  -0.186653  0.981182  0.049431  0.046545  -0.041427  0.998057  0.007004  0.001447  -0.010478  0.070636  0.184169  0.886219  2.000000  0.999363  0.035267  -0.005509  -0.035245  0.999370  0.004144  0.005652  -0.003947  0.999976  0.999888  0.014551  -0.003409  -0.014549  0.999894  0.000788  0.003420  -0.000738  0.999994  1.000000  0.000182  -0.000043  -0.000182  1.000000  0.000010  0.000043  -0.000010  1.000000  0.999363  0.035267  -0.005509  -0.035245  0.999370  0.004144  0.005652  -0.003947  0.999976  0.000232  0.014965  
72.495682 0.009406  0.101572  -0.006695  0.981246  0.188995  -0.037916  -0.187057  0.981104  0.049447  0.046545  -0.041427  0.998057  0.006416  0.001235  -0.010806  0.064951  0.172393  0.844488  2.000000  0.999337  0.035971  -0.005669  -0.035947  0.999345  0.004181  0.005816  -0.003974  0.999975  0.999898  0.013924  -0.003167  -0.013922  0.999903  0.000638  0.003176  -0.000594  0.999995  1.000000  0.000174  -0.000040  -0.000174  1.000000  0.000008  0.000040  -0.000008  1.000000  0.999337  0.035971  -0.005669  -0.035947  0.999345  0.004181  0.005816  -0.003974  0.999975  0.000220  0.014293  
72.496930 0.009409  0.101572  -0.006712  0.981163  0.189404  -0.038027  -0.187460  0.981025  0.049487  0.046679  -0.041426  0.998051  0.005719  0.000898  -0.011317  0.059624  0.160247  0.809210  2.000000  0.999312  0.036636  -0.005825  -0.036611  0.999321  0.004213  0.005975  -0.003997  0.999974  0.999912  0.012891  -0.003077  -0.012889  0.999917  0.000471  0.003083  -0.000432  0.999995  1.000000  0.000161  -0.000038  -0.000161  1.000000  0.000006  0.000038  -0.000006  1.000000  0.999312  0.036636  -0.005825  -0.036611  0.999321  0.004213  0.005975  -0.003997  0.999974  0.000209  0.013261  
72.497935 0.009411  0.101571  -0.006726  0.981156  0.189405  -0.038181  -0.187459  0.981030  0.049393  0.046812  -0.041305  0.998049  0.005086  0.000659  -0.011623  0.049796  0.157435  0.767450  2.000000  0.999288  0.037257  -0.005977  -0.037232  0.999298  0.004234  0.006131  -0.004009  0.999973  0.999923  0.012063  -0.002979  -0.012062  0.999927  0.000192  0.002981  -0.000156  0.999996  1.000000  0.000151  -0.000037  -0.000151  1.000000  0.000002  0.000037  -0.000002  1.000000  0.999288  0.037257  -0.005977  -0.037232  0.999298  0.004234  0.006131  -0.004009  0.999973  0.000200  0.012427  
72.499196 0.009414  0.101571  -0.006743  0.981112  0.189608  -0.038325  -0.187659  0.980996  0.049307  0.046946  -0.041184  0.998048  0.004514  0.000449  -0.011974  0.039693  0.150401  0.718545  2.000000  0.999260  0.037961  -0.006160  -0.037935  0.999271  0.004250  0.006317  -0.004013  0.999972  0.999937  0.010824  -0.002897  -0.010824  0.999941  0.000136  0.002898  -0.000105  0.999996  1.000000  0.000135  -0.000036  -0.000135  1.000000  0.000002  0.000036  -0.000002  1.000000  0.999260  0.037961  -0.006160  -0.037935  0.999271  0.004250  0.006317  -0.004013  0.999972  0.000188  0.011206  
72.500430 0.009416  0.101570  -0.006760  0.981067  0.189815  -0.038446  -0.187860  0.980956  0.049340  0.047080  -0.041184  0.998042  0.004053  0.000291  -0.012276  0.033652  0.146429  0.671685  2.000000  0.999235  0.038590  -0.006334  -0.038564  0.999247  0.004247  0.006493  -0.003999  0.999971  0.999949  0.009785  -0.002674  -0.009785  0.999952  -0.000153  0.002672  0.000179  0.999996  1.000000  0.000122  -0.000033  -0.000122  1.000000  -0.000002  0.000033  0.000002  1.000000  0.999235  0.038590  -0.006334  -0.038564  0.999247  0.004247  0.006493  -0.003999  0.999971  0.000174  0.010145  
72.501430 0.009417  0.101568  -0.006773  0.981028  0.190013  -0.038459  -0.188062  0.980923  0.049229  0.047080  -0.041063  0.998047  0.003628  0.000066  -0.012524  0.023819  0.139226  0.630279  2.000000  0.999217  0.039043  -0.006459  -0.039016  0.999230  0.004231  0.006620  -0.003976  0.999970  0.999959  0.008746  -0.002451  -0.008747  0.999962  -0.000443  0.002447  0.000465  0.999997  1.000000  0.000109  -0.000031  -0.000109  1.000000  -0.000006  0.000031  0.000006  1.000000  0.999217  0.039043  -0.006459  -0.039016  0.999230  0.004231  0.006620  -0.003976  0.999970  0.000161  0.009094  
72.502433 0.009418  0.101567  -0.006786  0.981028  0.190008  -0.038482  -0.188062  0.980929  0.049110  0.047080  -0.040941  0.998052  0.003194  -0.000094  -0.012742  0.013931  0.136445  0.588906  2.000000  0.999199  0.039464  -0.006577  -0.039437  0.999213  0.004211  0.006738  -0.003948  0.999970  0.999965  0.008118  -0.002210  -0.008120  0.999967  -0.000594  0.002205  0.000612  0.999997  1.000000  0.000101  -0.000028  -0.000101  1.000000  -0.000008  0.000028  0.000008  1.000000  0.999199  0.039464  -0.006577  -0.039437  0.999213  0.004211  0.006738  -0.003948  0.999970  0.000152  0.008435  
72.503435 0.009420  0.101566  -0.006800  0.980989  0.190205  -0.038495  -0.188264  0.980895  0.048999  0.047080  -0.040820  0.998057  0.002891  -0.000245  -0.012863  0.008119  0.129244  0.547361  2.000000  0.999187  0.039758  -0.006659  -0.039730  0.999202  0.004190  0.006820  -0.003922  0.999969  0.999968  0.007702  -0.002094  -0.007703  0.999970  -0.000734  0.002088  0.000750  0.999998  1.000000  0.000096  -0.000026  -0.000096  1.000000  -0.000009  0.000026  0.000009  1.000000  0.999187  0.039758  -0.006659  -0.039730  0.999202  0.004190  0.006820  -0.003922  0.999969  0.000142  0.008016  
72.504683 0.009422  0.101565  -0.006815  0.980957  0.190397  -0.038377  -0.188467  0.980863  0.048863  0.046946  -0.040700  0.998068  0.002659  -0.000318  -0.012928  -0.002071  0.114358  0.502923  2.000000  0.999168  0.040205  -0.006783  -0.040177  0.999184  0.004145  0.006944  -0.003869  0.999968  0.999975  0.006863  -0.001728  -0.006864  0.999976  -0.000895  0.001722  0.000907  0.999998  1.000000  0.000086  -0.000022  -0.000086  1.000000  -0.000011  0.000022  0.000011  1.000000  0.999168  0.040205  -0.006783  -0.040177  0.999184  0.004145  0.006944  -0.003869  0.999968  0.000133  0.007134  
72.505938 0.009425  0.101566  -0.006831  0.980957  0.190392  -0.038400  -0.188467  0.980869  0.048744  0.046946  -0.040579  0.998073  0.002406  -0.000382  -0.013118  -0.012343  0.107350  0.454151  2.000000  0.999152  0.040604  -0.006889  -0.040577  0.999168  0.004090  0.007050  -0.003807  0.999968  0.999980  0.006035  -0.001629  -0.006037  0.999981  -0.001055  0.001622  0.001064  0.999998  1.000000  0.000075  -0.000020  -0.000075  1.000000  -0.000013  0.000020  0.000013  1.000000  0.999152  0.040604  -0.006889  -0.040577  0.999168  0.004090  0.007050  -0.003807  0.999968  0.000120  0.006340  
72.507185 0.009428  0.101566  -0.006847  0.980957  0.190388  -0.038423  -0.188467  0.980875  0.048625  0.046946  -0.040457  0.998078  0.002275  -0.000425  -0.013136  -0.022623  0.100336  0.405359  2.000000  0.999137  0.040955  -0.006983  -0.040927  0.999154  0.004025  0.007142  -0.003736  0.999968  0.999984  0.005408  -0.001387  -0.005409  0.999985  -0.001205  0.001380  0.001212  0.999998  1.000000  0.000068  -0.000017  -0.000068  1.000000  -0.000015  0.000017  0.000015  1.000000  0.999137  0.040955  -0.006983  -0.040927  0.999154  0.004025  0.007142  -0.003736  0.999968  0.000108  0.005712  
72.508435 0.009433  0.101567  -0.006863  0.980912  0.190590  -0.038568  -0.188668  0.980841  0.048539  0.047080  -0.040336  0.998076  0.002233  -0.000427  -0.013229  -0.032267  0.092843  0.370742  2.000000  0.999137  0.040955  -0.006983  -0.040927  0.999154  0.004025  0.007142  -0.003736  0.999968  0.999990  0.004375  -0.001295  -0.004376  0.999990  -0.001131  0.001290  0.001137  0.999999  1.000000  0.000000  0.000000  0.000000  1.000000  0.000000  0.000000  0.000000  1.000000  0.999137  0.040955  -0.006983  -0.040927  0.999154  0.004025  0.007142  -0.003736  0.999968  0.000099  0.000000  
72.509679 0.009437  0.101567  -0.006880  0.980918  0.190585  -0.038436  -0.188669  0.980842  0.048514  0.046946  -0.040336  0.998083  0.002257  -0.000339  -0.013246  -0.037257  0.079770  0.339562  2.000000  0.999137  0.040955  -0.006983  -0.040927  0.999154  0.004025  0.007142  -0.003736  0.999968  0.999992  0.003953  -0.001045  -0.003954  0.999992  -0.001150  0.001041  0.001155  0.999999  1.000000  0.000000  0.000000  0.000000  1.000000  0.000000  0.000000  0.000000  1.000000  0.999137  0.040955  -0.006983  -0.040927  0.999154  0.004025  0.007142  -0.003736  0.999968  0.000089  0.000000  
72.510680 0.009440  0.101567  -0.006894  0.980918  0.190580  -0.038460  -0.188669  0.980848  0.048395  0.046946  -0.040215  0.998088  0.002305  -0.000328  -0.013310  -0.042524  0.076449  0.311922  2.000000  0.999137  0.040955  -0.006983  -0.040927  0.999154  0.004025  0.007142  -0.003736  0.999968  0.999993  0.003531  -0.000795  -0.003532  0.999993  -0.001291  0.000790  0.001294  0.999999  1.000000  0.000000  0.000000  0.000000  1.000000  0.000000  0.000000  0.000000  1.000000  0.999137  0.040955  -0.006983  -0.040927  0.999154  0.004025  0.007142  -0.003736  0.999968  0.000082  0.000000  
72.511929 0.009446  0.101567  -0.006912  0.980918  0.190580  -0.038460  -0.188669  0.980848  0.048395  0.046946  -0.040215  0.998088  0.002433  -0.000286  -0.013297  -0.044066  0.068966  0.277384  2.000000  0.999137  0.040955  -0.006983  -0.040927  0.999154  0.004025  0.007142  -0.003736  0.999968  0.999995  0.003115  -0.000678  -0.003115  0.999994  -0.001189  0.000674  0.001192  0.999999  1.000000  0.000000  0.000000  0.000000  1.000000  0.000000  0.000000  0.000000  1.000000  0.999137  0.040955  -0.006983  -0.040927  0.999154  0.004025  0.007142  -0.003736  0.999968  0.000074  0.000000  
72.513180 0.009452  0.101568  -0.006929  0.980885  0.190777  -0.038318  -0.188872  0.980809  0.048378  0.046812  -0.040216  0.998094  0.002674  -0.000233  -0.013332  -0.045288  0.056698  0.249328  2.000000  0.999137  0.040955  -0.006983  -0.040927  0.999154  0.004025  0.007142  -0.003736  0.999968  0.999996  0.002898  -0.000419  -0.002899  0.999995  -0.001200  0.000415  0.001201  0.999999  1.000000  0.000000  0.000000  0.000000  1.000000  0.000000  0.000000  0.000000  1.000000  0.999137  0.040955  -0.006983  -0.040927  0.999154  0.004025  0.007142  -0.003736  0.999968  0.000067  0.000000  
72.514428 0.009458  0.101567  -0.006947  0.980891  0.190767  -0.038210  -0.188874  0.980816  0.048233  0.046679  -0.040095  0.998105  0.002944  -0.000227  -0.013374  -0.050577  0.044473  0.221391  2.000000  0.999137  0.040955  -0.006983  -0.040927  0.999154  0.004025  0.007142  -0.003736  0.999968  0.999997  0.002477  -0.000168  -0.002477  0.999996  -0.001340  0.000165  0.001341  0.999999  1.000000  0.000000  0.000000  0.000000  1.000000  0.000000  0.000000  0.000000  1.000000  0.999137  0.040955  -0.006983  -0.040927  0.999154  0.004025  0.007142  -0.003736  0.999968  0.000059  0.000000  
72.515429 0.009463  0.101567  -0.006960  0.980891  0.190767  -0.038210  -0.188874  0.980816  0.048233  0.046679  -0.040095  0.998105  0.003172  -0.000172  -0.013369  -0.051512  0.040863  0.200671  2.000000  0.999137  0.040955  -0.006983  -0.040927  0.999154  0.004025  0.007142  -0.003736  0.999968  0.999997  0.002266  -0.000043  -0.002266  0.999997  -0.001229  0.000040  0.001229  0.999999  1.000000  0.000000  0.000000  0.000000  1.000000  0.000000  0.000000  0.000000  1.000000  0.999137  0.040955  -0.006983  -0.040927  0.999154  0.004025  0.007142  -0.003736  0.999968  0.000054  0.000000  
72.516430 0.009469  0.101568  -0.006975  0.980852  0.190969  -0.038201  -0.189076  0.980777  0.048241  0.046679  -0.040095  0.998105  0.003531  -0.000046  -0.013446  -0.048080  0.032528  0.186623  2.000000  0.999137  0.040955  -0.006983  -0.040927  0.999154  0.004025  0.007142  -0.003736  0.999968  0.999998  0.002060  -0.000051  -0.002060  0.999997  -0.001238  0.000048  0.001238  0.999999  1.000000  0.000000  0.000000  0.000000  1.000000  0.000000  0.000000  0.000000  1.000000  0.999137  0.040955  -0.006983  -0.040927  0.999154  0.004025  0.007142  -0.003736  0.999968  0.000049  0.000000  
72.517432 0.009475  0.101567  -0.006990  0.980859  0.190964  -0.038069  -0.189077  0.980778  0.048216  0.046545  -0.040095  0.998111  0.003810  0.000009  -0.013571  0.000000  0.000000  0.000000  2.000000  0.999137  0.040955  -0.006983  -0.040927  0.999154  0.004025  0.007142  -0.003736  0.999968  0.999999  0.001638  0.000200  -0.001638  0.999998  -0.001258  -0.000202  0.001257  0.999999  1.000000  0.000000  0.000000  0.000000  1.000000  0.000000  0.000000  0.000000  1.000000  0.999137  0.040955  -0.006983  -0.040927  0.999154  0.004025  0.007142  -0.003736  0.999968  0.000045  0.000000  
72.518680 0.009483  0.101567  -0.007009  0.980859  0.190964  -0.038069  -0.189077  0.980778  0.048216  0.046545  -0.040095  0.998111  0.004228  0.000095  -0.013727  0.000000  0.000000  0.000000  2.000000  0.999137  0.040955  -0.006983  -0.040927  0.999154  0.004025  0.007142  -0.003736  0.999968  0.999999  0.001428  0.000325  -0.001427  0.999998  -0.001146  -0.000327  0.001145  0.999999  1.000000  0.000000  0.000000  0.000000  1.000000  0.000000  0.000000  0.000000  1.000000  0.999137  0.040955  -0.006983  -0.040927  0.999154  0.004025  0.007142  -0.003736  0.999968  0.000000  0.000000  
72.519685 0.009490  0.101567  -0.007023  0.980826  0.191160  -0.037928  -0.189280  0.980740  0.048199  0.046411  -0.040095  0.998117  0.004617  0.000146  -0.013880  0.000000  0.000000  0.000000  2.000000  0.999137  0.040955  -0.006983  -0.040927  0.999154  0.004025  0.007142  -0.003736  0.999968  0.999999  0.001622  0.000601  -0.001622  0.999998  -0.001137  -0.000603  0.001136  0.999999  1.000000  0.000000  0.000000  0.000000  1.000000  0.000000  0.000000  0.000000  1.000000  0.999137  0.040955  -0.006983  -0.040927  0.999154  0.004025  0.007142  -0.003736  0.999968  0.000000  0.000000  
72.520933 0.009499  0.101568  -0.007042  0.980787  0.191362  -0.037918  -0.189482  0.980700  0.048206  0.046411  -0.040095  0.998117  0.004964  0.000178  -0.014066  0.000000  0.000000  0.000000  2.000000  0.999137  0.040955  -0.006983  -0.040927  0.999154  0.004025  0.007142  -0.003736  0.999968  0.999999  0.001411  0.000726  -0.001411  0.999998  -0.001025  -0.000728  0.001024  0.999999  1.000000  0.000000  0.000000  0.000000  1.000000  0.000000  0.000000  0.000000  1.000000  0.999137  0.040955  -0.006983  -0.040927  0.999154  0.004025  0.007142  -0.003736  0.999968  0.000000  0.000000  
72.521937 0.009507  0.101569  -0.007056  0.980793  0.191357  -0.037787  -0.189483  0.980701  0.048181  0.046278  -0.040096  0.998124  0.005314  0.000225  -0.014218  0.000000  0.000000  0.000000  2.000000  0.999137  0.040955  -0.006983  -0.040927  0.999154  0.004025  0.007142  -0.003736  0.999968  0.999998  0.001612  0.000868  -0.001611  0.999998  -0.000894  -0.000870  0.000893  0.999999  1.000000  0.000000  0.000000  0.000000  1.000000  0.000000  0.000000  0.000000  1.000000  0.999137  0.040955  -0.006983  -0.040927  0.999154  0.004025  0.007142  -0.003736  0.999968  0.000000  0.000000  
72.523181 0.009517  0.101571  -0.007074  0.980754  0.191559  -0.037777  -0.189685  0.980662  0.048189  0.046278  -0.040096  0.998124  0.005716  0.000316  -0.014311  0.000000  0.000000  0.000000  2.000000  0.999137  0.040955  -0.006983  -0.040927  0.999154  0.004025  0.007142  -0.003736  0.999968  0.999998  0.001612  0.000868  -0.001611  0.999998  -0.000773  -0.000869  0.000771  0.999999  1.000000  0.000000  0.000000  0.000000  1.000000  0.000000  0.000000  0.000000  1.000000  0.999137  0.040955  -0.006983  -0.040927  0.999154  0.004025  0.007142  -0.003736  0.999968  0.000000  0.000000  
