1-Time 2-Px 3-Py 4-Pz 5-R11 6-R21 7-R31 8-R12 9-R22 10-R32 11-R13 12-R23 13-R33 14-Vx 15-Vy 16-Vz 17-Wx 18-Wy 19-Wz 20-state 21-PR11 22-PR21 23-PR31 24-PR12 25-PR22 26-PR32 27-PR13 28-PR23 29-PR33 
54.565902 0.001680  0.090561  0.002073  0.994871  0.100866  0.007546  -0.100908  0.994881  0.005452  -0.006957  -0.006186  0.999957  -0.000057  -0.000112  -0.000112  0.000000  0.000000  0.000000  2.000000  1.000000  0.000000  0.000000  -0.000000  1.000000  0.000000  0.000000  -0.000000  1.000000  1.000000  -0.000001  0.000134  0.000001  1.000000  0.000121  -0.000134  -0.000121  1.000000  1.000000  0.000000  0.000000  0.000000  1.000000  0.000000  0.000000  0.000000  1.000000  0.654721  0.670580  -0.348801  -0.681234  0.723432  0.112098  0.327505  0.164222  0.930468  0.000000  0.000000  
54.567154 0.001680  0.090560  0.002073  0.994851  0.101071  0.007547  -0.101113  0.994860  0.005451  -0.006957  -0.006186  0.999957  -0.000095  -0.000158  -0.000090  0.000000  0.000000  0.000000  2.000000  1.000000  0.000000  0.000000  0.000000  1.000000  0.000000  0.000000  0.000000  1.000000  1.000000  -0.000001  0.000134  0.000001  1.000000  0.000121  -0.000134  -0.000121  1.000000  1.000000  0.000000  0.000000  0.000000  1.000000  0.000000  0.000000  0.000000  1.000000  1.000000  0.000000  0.000000  0.000000  1.000000  0.000000  0.000000  0.000000  1.000000  0.000000  0.000000  
54.568488 0.001680  0.090558  0.002073  0.994788  0.101685  0.007551  -0.101727  0.994797  0.005446  -0.006957  -0.006186  0.999957  -0.000115  -0.000307  -0.000115  0.000000  0.000000  0.000000  2.000000  1.000000  0.000000  0.000000  0.000000  1.000000  0.000000  0.000000  0.000000  1.000000  1.000000  0.000617  0.000138  -0.000617  1.000000  0.000117  -0.000138  -0.000117  1.000000  1.000000  0.000000  0.000000  0.000000  1.000000  0.000000  0.000000  0.000000  1.000000  1.000000  0.000000  0.000000  0.000000  1.000000  0.000000  0.000000  0.000000  1.000000  0.000000  0.000000  
54.569646 0.001679  0.090554  0.002073  0.994702  0.102503  0.007821  -0.102546  0.994713  0.005413  -0.007225  -0.006186  0.999955  -0.000135  -0.000493  -0.000087  0.000000  0.000000  0.000000  2.000000  1.000000  0.000000  0.000000  0.000000  1.000000  0.000000  0.000000  0.000000  1.000000  0.999999  0.001439  0.000276  -0.001439  0.999999  0.000111  -0.000276  -0.000111  1.000000  1.000000  0.000000  0.000000  0.000000  1.000000  0.000000  0.000000  0.000000  1.000000  1.000000  0.000000  0.000000  0.000000  1.000000  0.000000  0.000000  0.000000  1.000000  0.000000  0.000000  
54.570653 0.001678  0.090552  0.002073  0.994680  0.102706  0.007968  -0.102751  0.994692  0.005518  -0.007359  -0.006307  0.999953  -0.000159  -0.000694  -0.000060  0.000000  0.000000  0.000000  2.000000  1.000000  0.000000  0.000000  0.000000  1.000000  0.000000  0.000000  0.000000  1.000000  0.999998  0.001850  0.000413  -0.001850  0.999998  0.000108  -0.000413  -0.000109  1.000000  1.000000  0.000000  0.000000  0.000000  1.000000  0.000000  0.000000  0.000000  1.000000  1.000000  0.000000  0.000000  0.000000  1.000000  0.000000  0.000000  0.000000  1.000000  0.000000  0.000000  
54.571899 0.001678  0.090549  0.002073  0.994637  0.103115  0.007970  -0.103161  0.994649  0.005515  -0.007359  -0.006307  0.999953  -0.000198  -0.000846  -0.000012  0.000000  0.000000  0.000000  2.000000  1.000000  0.000000  0.000000  0.000000  1.000000  0.000000  0.000000  0.000000  1.000000  0.999997  0.002261  0.000549  -0.002261  0.999997  0.000226  -0.000549  -0.000227  1.000000  1.000000  0.000000  0.000000  0.000000  1.000000  0.000000  0.000000  0.000000  1.000000  1.000000  0.000000  0.000000  0.000000  1.000000  0.000000  0.000000  0.000000  1.000000  0.000000  0.000000  
54.572911 0.001678  0.090547  0.002074  0.994595  0.103525  0.007972  -0.103570  0.994607  0.005511  -0.007359  -0.006307  0.999953  -0.000199  -0.001001  0.000024  0.000000  0.000000  0.000000  2.000000  1.000000  0.000000  0.000000  0.000000  1.000000  0.000000  0.000000  0.000000  1.000000  0.999996  0.002673  0.000552  -0.002673  0.999996  0.000223  -0.000551  -0.000224  1.000000  1.000000  0.000000  0.000000  0.000000  1.000000  0.000000  0.000000  0.000000  1.000000  1.000000  0.000000  0.000000  0.000000  1.000000  0.000000  0.000000  0.000000  1.000000  0.000000  0.000000  
54.574151 0.001678  0.090545  0.002075  0.994511  0.104345  0.007711  -0.104389  0.994521  0.005533  -0.007091  -0.006307  0.999955  -0.000181  -0.001114  0.000113  0.000000  0.000000  0.000000  2.000000  1.000000  0.000000  0.000000  0.000000  1.000000  0.000000  0.000000  0.000000  1.000000  0.999995  0.003292  0.000288  -0.003292  0.999995  0.000219  -0.000288  -0.000220  1.000000  1.000000  0.000000  0.000000  0.000000  1.000000  0.000000  0.000000  0.000000  1.000000  1.000000  0.000000  0.000000  0.000000  1.000000  0.000000  0.000000  0.000000  1.000000  0.000000  0.000000  
54.575159 0.001678  0.090543  0.002075  0.994447  0.104959  0.007727  -0.105004  0.994456  0.005649  -0.007091  -0.006429  0.999954  -0.000185  -0.001233  0.000138  0.000000  0.000000  0.000000  2.000000  1.000000  0.000000  0.000000  0.000000  1.000000  0.000000  0.000000  0.000000  1.000000  0.999992  0.004116  0.000160  -0.004116  0.999991  0.000335  -0.000159  -0.000335  1.000000  1.000000  0.000000  0.000000  0.000000  1.000000  0.000000  0.000000  0.000000  1.000000  1.000000  0.000000  0.000000  0.000000  1.000000  0.000000  0.000000  0.000000  1.000000  0.000000  0.000000  
54.576406 0.001678  0.090541  0.002075  0.994338  0.105982  0.007733  -0.106027  0.994347  0.005641  -0.007091  -0.006429  0.999954  -0.000154  -0.001384  0.000113  0.011027  -0.010074  0.172916  2.000000  1.000000  0.000000  0.000000  0.000000  1.000000  0.000000  0.000000  0.000000  1.000000  0.999988  0.004940  0.000165  -0.004940  0.999988  0.000207  -0.000164  -0.000208  1.000000  1.000000  0.000000  0.000000  0.000000  1.000000  0.000000  0.000000  0.000000  1.000000  1.000000  0.000000  0.000000  0.000000  1.000000  0.000000  0.000000  0.000000  1.000000  0.000000  0.000000  
54.577656 0.001679  0.090539  0.002074  0.994249  0.106799  0.007883  -0.106846  0.994259  0.005741  -0.007225  -0.006550  0.999952  -0.000129  -0.001513  0.000076  0.014893  -0.014752  0.200505  2.000000  1.000000  0.000158  0.000298  -0.000158  1.000000  0.000016  -0.000298  -0.000016  1.000000  0.999983  0.005762  0.000305  -0.005762  0.999983  0.000322  -0.000303  -0.000324  1.000000  1.000000  0.000033  0.000064  -0.000033  1.000000  0.000004  -0.000064  -0.000004  1.000000  1.000000  0.000158  0.000298  -0.000158  1.000000  0.000016  -0.000298  -0.000016  1.000000  0.000048  0.005779  
54.578904 0.001679  0.090537  0.002075  0.994160  0.107617  0.008021  -0.107664  0.994171  0.005720  -0.007359  -0.006550  0.999951  -0.000089  -0.001611  0.000090  0.014685  -0.019423  0.228165  2.000000  1.000000  0.000337  0.000649  -0.000337  1.000000  0.000036  -0.000649  -0.000036  1.000000  0.999978  0.006585  0.000444  -0.006585  0.999978  0.000315  -0.000442  -0.000318  1.000000  1.000000  0.000036  0.000074  -0.000036  1.000000  0.000004  -0.000074  -0.000004  1.000000  1.000000  0.000337  0.000649  -0.000337  1.000000  0.000036  -0.000649  -0.000036  1.000000  0.000056  0.006608  
54.579904 0.001680  0.090537  0.002076  0.994071  0.108436  0.008026  -0.108483  0.994082  0.005713  -0.007359  -0.006550  0.999951  -0.000022  -0.001623  0.000197  0.014488  -0.019597  0.255819  2.000000  0.999999  0.000495  0.000968  -0.000495  1.000000  0.000051  -0.000968  -0.000052  1.000000  0.999972  0.007408  0.000450  -0.007408  0.999973  0.000309  -0.000447  -0.000312  1.000000  1.000000  0.000041  0.000083  -0.000041  1.000000  0.000004  -0.000083  -0.000004  1.000000  0.999999  0.000495  0.000968  -0.000495  1.000000  0.000051  -0.000968  -0.000052  1.000000  0.000063  0.007429  
54.581157 0.001680  0.090534  0.002077  0.993980  0.109253  0.008164  -0.109302  0.993992  0.005692  -0.007493  -0.006550  0.999950  -0.000019  -0.001737  0.000230  0.014272  -0.024266  0.283446  2.000000  0.999999  0.000710  0.001411  -0.000710  1.000000  0.000070  -0.001411  -0.000071  0.999999  0.999966  0.008231  0.000589  -0.008231  0.999966  0.000302  -0.000586  -0.000307  1.000000  1.000000  0.000045  0.000093  -0.000045  1.000000  0.000004  -0.000093  -0.000004  1.000000  0.999999  0.000710  0.001411  -0.000710  1.000000  0.000070  -0.001411  -0.000071  0.999999  0.000070  0.008258  
54.582226 0.001680  0.090531  0.002077  0.993913  0.109867  0.008167  -0.109915  0.993925  0.005687  -0.007493  -0.006550  0.999950  -0.000003  -0.001904  0.000238  0.014095  -0.024347  0.303579  2.000000  0.999998  0.000853  0.001703  -0.000853  1.000000  0.000081  -0.001703  -0.000083  0.999999  0.999961  0.008848  0.000593  -0.008849  0.999961  0.000297  -0.000590  -0.000303  1.000000  1.000000  0.000049  0.000099  -0.000049  1.000000  0.000004  -0.000099  -0.000004  1.000000  0.999998  0.000853  0.001703  -0.000853  1.000000  0.000081  -0.001703  -0.000083  0.999999  0.000075  0.008873  
54.583419 0.001680  0.090527  0.002077  0.993845  0.110481  0.008171  -0.110529  0.993857  0.005682  -0.007493  -0.006550  0.999950  0.000006  -0.002055  0.000284  0.013946  -0.020023  0.324824  2.000000  0.999997  0.001061  0.002123  -0.001062  0.999999  0.000096  -0.002123  -0.000098  0.999998  0.999953  0.009672  0.000598  -0.009672  0.999953  0.000291  -0.000595  -0.000297  1.000000  1.000000  0.000054  0.000108  -0.000054  1.000000  0.000004  -0.000108  -0.000004  1.000000  0.999997  0.001061  0.002123  -0.001062  0.999999  0.000096  -0.002123  -0.000098  0.999998  0.000082  0.009695  
54.584654 0.001680  0.090523  0.002078  0.993776  0.111094  0.008188  -0.111143  0.993788  0.005797  -0.007493  -0.006671  0.999950  0.000073  -0.002091  0.000394  0.017881  -0.020187  0.345775  2.000000  0.999996  0.001285  0.002570  -0.001285  0.999999  0.000111  -0.002570  -0.000114  0.999997  0.999947  0.010289  0.000603  -0.010290  0.999947  0.000408  -0.000599  -0.000414  1.000000  1.000000  0.000058  0.000115  -0.000058  1.000000  0.000005  -0.000115  -0.000005  1.000000  0.999996  0.001285  0.002570  -0.001285  0.999999  0.000111  -0.002570  -0.000114  0.999997  0.000087  0.010315  
54.585906 0.001680  0.090518  0.002080  0.993707  0.111708  0.008191  -0.111757  0.993719  0.005792  -0.007493  -0.006671  0.999950  0.000105  -0.002207  0.000452  0.013662  -0.020352  0.366720  2.000000  0.999994  0.001584  0.003164  -0.001584  0.999999  0.000136  -0.003164  -0.000141  0.999995  0.999940  0.010907  0.000608  -0.010907  0.999940  0.000403  -0.000603  -0.000410  1.000000  1.000000  0.000062  0.000122  -0.000062  1.000000  0.000005  -0.000122  -0.000005  1.000000  0.999994  0.001584  0.003164  -0.001584  0.999999  0.000136  -0.003164  -0.000141  0.999995  0.000092  0.010932  
54.587150 0.001681  0.090512  0.002081  0.993638  0.112321  0.008195  -0.112370  0.993650  0.005787  -0.007493  -0.006671  0.999950  0.000173  -0.002399  0.000512  0.013507  -0.020478  0.387347  2.000000  0.999991  0.001901  0.003789  -0.001902  0.999998  0.000160  -0.003788  -0.000167  0.999993  0.999933  0.011524  0.000612  -0.011525  0.999934  0.000398  -0.000607  -0.000405  1.000000  1.000000  0.000065  0.000129  -0.000065  1.000000  0.000005  -0.000129  -0.000005  1.000000  0.999991  0.001901  0.003789  -0.001902  0.999998  0.000160  -0.003788  -0.000167  0.999993  0.000096  0.011548  
54.588155 0.001682  0.090507  0.002082  0.993568  0.112934  0.008331  -0.112984  0.993580  0.005767  -0.007626  -0.006671  0.999949  0.000289  -0.002627  0.000491  0.013328  -0.025105  0.408015  2.000000  0.999988  0.002165  0.004317  -0.002165  0.999998  0.000179  -0.004316  -0.000188  0.999991  0.999928  0.011935  0.000748  -0.011936  0.999929  0.000394  -0.000743  -0.000403  1.000000  1.000000  0.000067  0.000134  -0.000067  1.000000  0.000005  -0.000134  -0.000005  1.000000  0.999988  0.002165  0.004317  -0.002165  0.999998  0.000179  -0.004316  -0.000188  0.999991  0.000101  0.011966  
54.589400 0.001684  0.090501  0.002083  0.993498  0.113548  0.008335  -0.113598  0.993510  0.005762  -0.007626  -0.006671  0.999949  0.000425  -0.002898  0.000507  0.013179  -0.025242  0.428830  2.000000  0.999984  0.002496  0.004984  -0.002497  0.999997  0.000202  -0.004983  -0.000215  0.999988  0.999928  0.011935  0.000748  -0.011936  0.999929  0.000394  -0.000743  -0.000403  1.000000  1.000000  0.000067  0.000134  -0.000067  1.000000  0.000005  -0.000134  -0.000005  1.000000  0.999984  0.002496  0.004984  -0.002497  0.999997  0.000202  -0.004983  -0.000215  0.999988  0.000106  0.011966  
54.590408 0.001686  0.090496  0.002083  0.993474  0.113752  0.008336  -0.113802  0.993487  0.005760  -0.007626  -0.006671  0.999949  0.000542  -0.003150  0.000482  0.013124  -0.025278  0.435614  2.000000  0.999982  0.002694  0.005377  -0.002696  0.999996  0.000216  -0.005377  -0.000231  0.999986  0.999931  0.011730  0.000613  -0.011731  0.999931  0.000395  -0.000608  -0.000402  1.000000  1.000000  0.000067  0.000131  -0.000067  1.000000  0.000005  -0.000131  -0.000005  1.000000  0.999982  0.002694  0.005377  -0.002696  0.999996  0.000216  -0.005377  -0.000231  0.999986  0.000109  0.011753  
54.591656 0.001688  0.090489  0.002083  0.993427  0.114161  0.008338  -0.114211  0.993440  0.005757  -0.007626  -0.006671  0.999949  0.000646  -0.003405  0.000560  0.013022  -0.025366  0.449422  2.000000  0.999978  0.002960  0.005889  -0.002962  0.999996  0.000235  -0.005888  -0.000252  0.999983  0.999933  0.011525  0.000478  -0.011525  0.999934  0.000397  -0.000473  -0.000402  1.000000  1.000000  0.000067  0.000128  -0.000067  1.000000  0.000005  -0.000128  -0.000005  1.000000  0.999978  0.002960  0.005889  -0.002962  0.999996  0.000235  -0.005888  -0.000252  0.999983  0.000113  0.011542  
54.592657 0.001690  0.090483  0.002083  0.993404  0.114366  0.008340  -0.114416  0.993416  0.005755  -0.007626  -0.006671  0.999949  0.000721  -0.003730  0.000601  0.012971  -0.025409  0.456315  2.000000  0.999974  0.003231  0.006395  -0.003233  0.999995  0.000249  -0.006394  -0.000269  0.999980  0.999934  0.011526  0.000344  -0.011526  0.999934  0.000276  -0.000341  -0.000279  1.000000  1.000000  0.000068  0.000127  -0.000068  1.000000  0.000003  -0.000127  -0.000003  1.000000  0.999974  0.003231  0.006395  -0.003233  0.999995  0.000249  -0.006394  -0.000269  0.999980  0.000115  0.011535  
54.593908 0.001692  0.090475  0.002082  0.993356  0.114775  0.008342  -0.114825  0.993369  0.005751  -0.007626  -0.006671  0.999949  0.000865  -0.004187  0.000526  0.012872  -0.025500  0.470190  2.000000  0.999969  0.003569  0.007023  -0.003571  0.999994  0.000264  -0.007022  -0.000289  0.999975  0.999936  0.011320  0.000343  -0.011320  0.999936  0.000277  -0.000339  -0.000281  1.000000  1.000000  0.000067  0.000125  -0.000067  1.000000  0.000003  -0.000125  -0.000003  1.000000  0.999969  0.003569  0.007023  -0.003571  0.999994  0.000264  -0.007022  -0.000289  0.999975  0.000116  0.011329  
54.594911 0.001694  0.090469  0.002082  0.993332  0.114980  0.008462  -0.115029  0.993346  0.005614  -0.007760  -0.006550  0.999948  0.000932  -0.004549  0.000403  0.008714  -0.030013  0.477105  2.000000  0.999966  0.003766  0.007397  -0.003768  0.999993  0.000270  -0.007396  -0.000298  0.999973  0.999938  0.011113  0.000608  -0.011113  0.999938  0.000156  -0.000606  -0.000163  1.000000  1.000000  0.000063  0.000124  -0.000063  1.000000  0.000002  -0.000124  -0.000002  1.000000  0.999966  0.003766  0.007397  -0.003768  0.999993  0.000270  -0.007396  -0.000298  0.999973  0.000120  0.011131  
54.596155 0.001695  0.090461  0.002082  0.993308  0.115184  0.008463  -0.115234  0.993323  0.005612  -0.007760  -0.006550  0.999948  0.000988  -0.004897  0.000341  0.008595  -0.029821  0.480224  2.000000  0.999961  0.004009  0.007886  -0.004011  0.999992  0.000275  -0.007885  -0.000306  0.999969  0.999942  0.010700  0.000739  -0.010700  0.999943  0.000038  -0.000738  -0.000046  1.000000  1.000000  0.000059  0.000120  -0.000059  1.000000  0.000001  -0.000120  -0.000001  1.000000  0.999961  0.004009  0.007886  -0.004011  0.999992  0.000275  -0.007885  -0.000306  0.999969  0.000121  0.010726  
54.597405 0.001695  0.090452  0.002082  0.993283  0.115389  0.008583  -0.115438  0.993300  0.005474  -0.007894  -0.006428  0.999948  0.001052  -0.005279  0.000328  0.004608  -0.034485  0.477160  2.000000  0.999955  0.004293  0.008470  -0.004296  0.999991  0.000272  -0.008469  -0.000308  0.999964  0.999949  0.010083  0.000733  -0.010083  0.999949  -0.000079  -0.000734  0.000071  1.000000  1.000000  0.000055  0.000114  -0.000055  1.000000  -0.000001  -0.000114  0.000001  1.000000  0.999955  0.004293  0.008470  -0.004296  0.999991  0.000272  -0.008469  -0.000308  0.999964  0.000121  0.010110  
54.598649 0.001696  0.090443  0.002082  0.993260  0.115593  0.008584  -0.115642  0.993276  0.005473  -0.007894  -0.006428  0.999948  0.001101  -0.005585  0.000308  0.004732  -0.029865  0.456547  2.000000  0.999950  0.004496  0.008908  -0.004499  0.999990  0.000266  -0.008907  -0.000306  0.999960  0.999955  0.009464  0.000863  -0.009464  0.999955  -0.000075  -0.000864  0.000067  1.000000  1.000000  0.000050  0.000108  -0.000050  1.000000  -0.000001  -0.000108  0.000001  1.000000  0.999950  0.004496  0.008908  -0.004499  0.999990  0.000266  -0.008907  -0.000306  0.999960  0.000116  0.009504  
54.599650 0.001695  0.090435  0.002081  0.993258  0.115593  0.008703  -0.115642  0.993277  0.005337  -0.008028  -0.006307  0.999948  0.001039  -0.005821  0.000170  0.000699  -0.029748  0.442664  2.000000  0.999946  0.004688  0.009326  -0.004691  0.999989  0.000252  -0.009325  -0.000296  0.999956  0.999960  0.008847  0.000858  -0.008847  0.999961  -0.000314  -0.000861  0.000306  1.000000  1.000000  0.000046  0.000101  -0.000046  1.000000  -0.000004  -0.000101  0.000004  1.000000  0.999946  0.004688  0.009326  -0.004691  0.999989  0.000252  -0.009325  -0.000296  0.999956  0.000111  0.008894  
54.600678 0.001695  0.090427  0.002080  0.993235  0.115798  0.008704  -0.115847  0.993253  0.005335  -0.008028  -0.006307  0.999948  0.001002  -0.006122  0.000044  -0.003350  -0.025208  0.435319  2.000000  0.999941  0.004863  0.009712  -0.004866  0.999988  0.000235  -0.009711  -0.000282  0.999953  0.999966  0.008230  0.000721  -0.008230  0.999966  -0.000309  -0.000723  0.000303  1.000000  1.000000  0.000044  0.000094  -0.000044  1.000000  -0.000004  -0.000094  0.000004  1.000000  0.999941  0.004863  0.009712  -0.004866  0.999988  0.000235  -0.009711  -0.000282  0.999953  0.000109  0.008267  
54.601900 0.001693  0.090417  0.002081  0.993234  0.115798  0.008823  -0.115847  0.993253  0.005199  -0.008162  -0.006186  0.999948  0.000864  -0.006396  0.000025  -0.007352  -0.029618  0.421896  2.000000  0.999937  0.005026  0.010075  -0.005029  0.999987  0.000215  -0.010074  -0.000265  0.999949  0.999971  0.007612  0.000850  -0.007611  0.999971  -0.000426  -0.000853  0.000420  1.000000  1.000000  0.000038  0.000088  -0.000038  1.000000  -0.000005  -0.000088  0.000005  1.000000  0.999937  0.005026  0.010075  -0.005029  0.999987  0.000215  -0.010074  -0.000265  0.999949  0.000108  0.007671  
54.602902 0.001692  0.090409  0.002081  0.993234  0.115798  0.008823  -0.115847  0.993253  0.005199  -0.008162  -0.006186  0.999948  0.000659  -0.006633  -0.000046  -0.007241  -0.029341  0.411695  2.000000  0.999932  0.005175  0.010408  -0.005177  0.999987  0.000192  -0.010407  -0.000246  0.999946  0.999975  0.006995  0.000712  -0.006995  0.999975  -0.000421  -0.000715  0.000416  1.000000  1.000000  0.000036  0.000080  -0.000036  1.000000  -0.000005  -0.000080  0.000005  1.000000  0.999932  0.005175  0.010408  -0.005177  0.999987  0.000192  -0.010407  -0.000246  0.999946  0.000103  0.007044  
54.603902 0.001690  0.090401  0.002081  0.993234  0.115798  0.008823  -0.115847  0.993253  0.005199  -0.008162  -0.006186  0.999948  0.000398  -0.006884  -0.000124  -0.007054  -0.033669  0.391026  2.000000  0.999929  0.005307  0.010706  -0.005309  0.999986  0.000170  -0.010705  -0.000226  0.999943  0.999981  0.006172  0.000707  -0.006171  0.999981  -0.000414  -0.000710  0.000410  1.000000  1.000000  0.000031  0.000071  -0.000031  1.000000  -0.000005  -0.000071  0.000005  1.000000  0.999929  0.005307  0.010706  -0.005309  0.999986  0.000170  -0.010705  -0.000226  0.999943  0.000098  0.006226  
54.604905 0.001688  0.090392  0.002080  0.993232  0.115798  0.008942  -0.115847  0.993254  0.005063  -0.008295  -0.006065  0.999947  0.000184  -0.007060  -0.000145  -0.015055  -0.042773  0.366547  2.000000  0.999925  0.005413  0.010971  -0.005415  0.999985  0.000143  -0.010970  -0.000203  0.999940  0.999985  0.005348  0.000835  -0.005347  0.999986  -0.000530  -0.000838  0.000525  1.000000  1.000000  0.000024  0.000063  -0.000024  1.000000  -0.000007  -0.000063  0.000007  1.000000  0.999925  0.005413  0.010971  -0.005415  0.999985  0.000143  -0.010970  -0.000203  0.999940  0.000093  0.005438  
54.606178 0.001685  0.090382  0.002081  0.993209  0.116003  0.008943  -0.116051  0.993230  0.005061  -0.008295  -0.006065  0.999947  -0.000127  -0.007279  -0.000126  -0.014828  -0.042560  0.338544  2.000000  0.999923  0.005485  0.011158  -0.005487  0.999985  0.000122  -0.011157  -0.000184  0.999938  0.999987  0.004936  0.000833  -0.004935  0.999988  -0.000648  -0.000836  0.000643  0.999999  1.000000  0.000000  0.000000  0.000000  1.000000  0.000000  0.000000  0.000000  1.000000  0.999923  0.005485  0.011158  -0.005487  0.999985  0.000122  -0.011157  -0.000184  0.999938  0.000088  0.000000  
54.607401 0.001682  0.090372  0.002082  0.993209  0.116003  0.008943  -0.116051  0.993230  0.005061  -0.008295  -0.006065  0.999947  -0.000449  -0.007495  -0.000064  -0.018728  -0.037948  0.311206  2.000000  0.999923  0.005485  0.011158  -0.005487  0.999985  0.000122  -0.011157  -0.000184  0.999938  0.999989  0.004524  0.000830  -0.004524  0.999990  -0.000644  -0.000833  0.000640  0.999999  1.000000  0.000000  0.000000  0.000000  1.000000  0.000000  0.000000  0.000000  1.000000  0.999923  0.005485  0.011158  -0.005487  0.999985  0.000122  -0.011157  -0.000184  0.999938  0.000080  0.000000  
54.608409 0.001680  0.090363  0.002082  0.993207  0.116003  0.009062  -0.116051  0.993231  0.004925  -0.008429  -0.005943  0.999947  -0.000806  -0.007700  0.000008  -0.022674  -0.037784  0.290324  2.000000  0.999923  0.005485  0.011158  -0.005487  0.999985  0.000122  -0.011157  -0.000184  0.999938  0.999991  0.004112  0.000827  -0.004112  0.999991  -0.000762  -0.000830  0.000759  0.999999  1.000000  0.000000  0.000000  0.000000  1.000000  0.000000  0.000000  0.000000  1.000000  0.999923  0.005485  0.011158  -0.005487  0.999985  0.000122  -0.011157  -0.000184  0.999938  0.000075  0.000000  
54.609654 0.001675  0.090352  0.002082  0.993184  0.116208  0.009063  -0.116255  0.993207  0.004923  -0.008429  -0.005943  0.999947  -0.001245  -0.007970  0.000002  -0.022462  -0.037621  0.262724  2.000000  0.999923  0.005485  0.011158  -0.005487  0.999985  0.000122  -0.011157  -0.000184  0.999938  0.999993  0.003701  0.000825  -0.003700  0.999993  -0.000759  -0.000828  0.000756  0.999999  1.000000  0.000000  0.000000  0.000000  1.000000  0.000000  0.000000  0.000000  1.000000  0.999923  0.005485  0.011158  -0.005487  0.999985  0.000122  -0.011157  -0.000184  0.999938  0.000068  0.000000  
54.610663 0.001671  0.090342  0.002082  0.993182  0.116208  0.009182  -0.116255  0.993208  0.004787  -0.008563  -0.005822  0.999946  -0.001591  -0.008178  -0.000026  -0.026397  -0.037462  0.241870  2.000000  0.999923  0.005485  0.011158  -0.005487  0.999985  0.000122  -0.011157  -0.000184  0.999938  0.999994  0.003289  0.000822  -0.003288  0.999994  -0.000877  -0.000825  0.000874  0.999999  1.000000  0.000000  0.000000  0.000000  1.000000  0.000000  0.000000  0.000000  1.000000  0.999923  0.005485  0.011158  -0.005487  0.999985  0.000122  -0.011157  -0.000184  0.999938  0.000063  0.000000  
54.611908 0.001665  0.090329  0.002081  0.993182  0.116208  0.009182  -0.116255  0.993208  0.004787  -0.008563  -0.005822  0.999946  -0.002046  -0.008474  -0.000084  -0.026247  -0.037393  0.214790  2.000000  0.999923  0.005485  0.011158  -0.005487  0.999985  0.000122  -0.011157  -0.000184  0.999938  0.999996  0.002671  0.000952  -0.002670  0.999996  -0.000872  -0.000954  0.000869  0.999999  1.000000  0.000000  0.000000  0.000000  1.000000  0.000000  0.000000  0.000000  1.000000  0.999923  0.005485  0.011158  -0.005487  0.999985  0.000122  -0.011157  -0.000184  0.999938  0.000057  0.000000  
54.613151 0.001659  0.090317  0.002079  0.993157  0.116413  0.009301  -0.116460  0.993185  0.004649  -0.008697  -0.005701  0.999946  -0.002434  -0.008677  -0.000147  -0.030184  -0.041732  0.200550  2.000000  0.999923  0.005485  0.011158  -0.005487  0.999985  0.000122  -0.011157  -0.000184  0.999938  0.999996  0.002464  0.001084  -0.002463  0.999996  -0.000992  -0.001087  0.000989  0.999999  1.000000  0.000000  0.000000  0.000000  1.000000  0.000000  0.000000  0.000000  1.000000  0.999923  0.005485  0.011158  -0.005487  0.999985  0.000122  -0.011157  -0.000184  0.999938  0.000052  0.000000  
54.614155 0.001654  0.090307  0.002078  0.993157  0.116413  0.009301  -0.116460  0.993185  0.004649  -0.008697  -0.005701  0.999946  -0.002794  -0.008868  -0.000194  -0.034072  -0.041586  0.179649  2.000000  0.999923  0.005485  0.011158  -0.005487  0.999985  0.000122  -0.011157  -0.000184  0.999938  0.999997  0.002258  0.001083  -0.002257  0.999997  -0.000990  -0.001085  0.000988  0.999999  1.000000  0.000000  0.000000  0.000000  1.000000  0.000000  0.000000  0.000000  1.000000  0.999923  0.005485  0.011158  -0.005487  0.999985  0.000122  -0.011157  -0.000184  0.999938  0.000050  0.000000  
54.615401 0.001649  0.090295  0.002077  0.993132  0.116617  0.009435  -0.116664  0.993161  0.004632  -0.008831  -0.005701  0.999945  -0.003100  -0.009035  -0.000289  -0.033808  -0.045744  0.171589  2.000000  0.999923  0.005485  0.011158  -0.005487  0.999985  0.000122  -0.011157  -0.000184  0.999938  0.999997  0.002052  0.001216  -0.002051  0.999997  -0.000989  -0.001218  0.000986  0.999999  1.000000  0.000000  0.000000  0.000000  1.000000  0.000000  0.000000  0.000000  1.000000  0.999923  0.005485  0.011158  -0.005487  0.999985  0.000122  -0.011157  -0.000184  0.999938  0.000045  0.000000  
54.616403 0.001643  0.090285  0.002076  0.993132  0.116617  0.009435  -0.116664  0.993161  0.004632  -0.008831  -0.005701  0.999945  -0.003389  -0.009122  -0.000338  0.000000  0.000000  0.000000  2.000000  0.999923  0.005485  0.011158  -0.005487  0.999985  0.000122  -0.011157  -0.000184  0.999938  0.999998  0.001641  0.001080  -0.001640  0.999998  -0.000864  -0.001081  0.000862  0.999999  1.000000  0.000000  0.000000  0.000000  1.000000  0.000000  0.000000  0.000000  1.000000  0.999923  0.005485  0.011158  -0.005487  0.999985  0.000122  -0.011157  -0.000184  0.999938  0.000000  0.000000  
54.617654 0.001637  0.090272  0.002074  0.993132  0.116617  0.009435  -0.116664  0.993161  0.004632  -0.008831  -0.005701  0.999945  -0.003721  -0.009260  -0.000505  0.000000  0.000000  0.000000  2.000000  0.999923  0.005485  0.011158  -0.005487  0.999985  0.000122  -0.011157  -0.000184  0.999938  0.999998  0.001435  0.001079  -0.001434  0.999999  -0.000862  -0.001080  0.000860  0.999999  1.000000  0.000000  0.000000  0.000000  1.000000  0.000000  0.000000  0.000000  1.000000  0.999923  0.005485  0.011158  -0.005487  0.999985  0.000122  -0.011157  -0.000184  0.999938  0.000000  0.000000  
54.618902 0.001631  0.090260  0.002072  0.993107  0.116820  0.009569  -0.116868  0.993137  0.004614  -0.008964  -0.005701  0.999944  -0.003947  -0.009380  -0.000593  0.000000  0.000000  0.000000  2.000000  0.999923  0.005485  0.011158  -0.005487  0.999985  0.000122  -0.011157  -0.000184  0.999938  0.999998  0.001435  0.001079  -0.001434  0.999999  -0.000741  -0.001080  0.000739  0.999999  1.000000  0.000000  0.000000  0.000000  1.000000  0.000000  0.000000  0.000000  1.000000  0.999923  0.005485  0.011158  -0.005487  0.999985  0.000122  -0.011157  -0.000184  0.999938  0.000000  0.000000  
54.620151 0.001625  0.090248  0.002070  0.993082  0.117024  0.009703  -0.117073  0.993113  0.004597  -0.009098  -0.005701  0.999942  -0.004247  -0.009509  -0.000724  0.000000  0.000000  0.000000  2.000000  0.999923  0.005485  0.011158  -0.005487  0.999985  0.000122  -0.011157  -0.000184  0.999938  0.999999  0.001228  0.001211  -0.001228  0.999999  -0.000618  -0.001212  0.000616  0.999999  1.000000  0.000000  0.000000  0.000000  1.000000  0.000000  0.000000  0.000000  1.000000  0.999923  0.005485  0.011158  -0.005487  0.999985  0.000122  -0.011157  -0.000184  0.999938  0.000000  0.000000  
54.621152 0.001620  0.090239  0.002069  0.993082  0.117024  0.009703  -0.117073  0.993113  0.004597  -0.009098  -0.005701  0.999942  -0.004348  -0.009561  -0.000810  0.000000  0.000000  0.000000  2.000000  0.999923  0.005485  0.011158  -0.005487  0.999985  0.000122  -0.011157  -0.000184  0.999938  0.999998  0.001435  0.001079  -0.001434  0.999999  -0.000620  -0.001079  0.000618  0.999999  1.000000  0.000000  0.000000  0.000000  1.000000  0.000000  0.000000  0.000000  1.000000  0.999923  0.005485  0.011158  -0.005487  0.999985  0.000122  -0.011157  -0.000184  0.999938  0.000000  0.000000  
54.622152 0.001616  0.090230  0.002068  0.993082  0.117024  0.009703  -0.117073  0.993113  0.004597  -0.009098  -0.005701  0.999942  -0.004472  -0.009634  -0.000901  0.000000  0.000000  0.000000  2.000000  0.999923  0.005485  0.011158  -0.005487  0.999985  0.000122  -0.011157  -0.000184  0.999938  0.999999  0.001229  0.001077  -0.001228  0.999999  -0.000618  -0.001078  0.000616  0.999999  1.000000  0.000000  0.000000  0.000000  1.000000  0.000000  0.000000  0.000000  1.000000  0.999923  0.005485  0.011158  -0.005487  0.999985  0.000122  -0.011157  -0.000184  0.999938  0.000000  0.000000  
54.623163 0.001611  0.090221  0.002068  0.993082  0.117024  0.009703  -0.117073  0.993113  0.004597  -0.009098  -0.005701  0.999942  -0.004628  -0.009669  -0.000973  0.000000  0.000000  0.000000  2.000000  0.999923  0.005485  0.011158  -0.005487  0.999985  0.000122  -0.011157  -0.000184  0.999938  0.999999  0.001230  0.000944  -0.001229  0.999999  -0.000496  -0.000944  0.000495  0.999999  1.000000  0.000000  0.000000  0.000000  1.000000  0.000000  0.000000  0.000000  1.000000  0.999923  0.005485  0.011158  -0.005487  0.999985  0.000122  -0.011157  -0.000184  0.999938  0.000000  0.000000  
54.624405 0.001606  0.090209  0.002067  0.993082  0.117024  0.009703  -0.117073  0.993113  0.004597  -0.009098  -0.005701  0.999942  -0.004691  -0.009688  -0.001035  0.000000  0.000000  0.000000  2.000000  0.999923  0.005485  0.011158  -0.005487  0.999985  0.000122  -0.011157  -0.000184  0.999938  0.999999  0.001230  0.000944  -0.001229  0.999999  -0.000496  -0.000944  0.000495  0.999999  1.000000  0.000000  0.000000  0.000000  1.000000  0.000000  0.000000  0.000000  1.000000  0.999923  0.005485  0.011158  -0.005487  0.999985  0.000122  -0.011157  -0.000184  0.999938  0.000000  0.000000  
54.625656 0.001601  0.090197  0.002066  0.993056  0.117228  0.009837  -0.117277  0.993089  0.004579  -0.009232  -0.005701  0.999941  -0.004707  -0.009645  -0.001057  0.000000  0.000000  0.000000  2.000000  0.999923  0.005485  0.011158  -0.005487  0.999985  0.000122  -0.011157  -0.000184  0.999938  0.999999  0.001436  0.000945  -0.001435  0.999999  -0.000377  -0.000945  0.000376  0.999999  1.000000  0.000000  0.000000  0.000000  1.000000  0.000000  0.000000  0.000000  1.000000  0.999923  0.005485  0.011158  -0.005487  0.999985  0.000122  -0.011157  -0.000184  0.999938  0.000000  0.000000  
54.626906 0.001596  0.090186  0.002064  0.993056  0.117228  0.009837  -0.117277  0.993089  0.004579  -0.009232  -0.005701  0.999941  -0.004606  -0.009503  -0.001091  0.000000  0.000000  0.000000  2.000000  0.999923  0.005485  0.011158  -0.005487  0.999985  0.000122  -0.011157  -0.000184  0.999938  0.999999  0.001230  0.000944  -0.001229  0.999999  -0.000375  -0.000944  0.000374  0.999999  1.000000  0.000000  0.000000  0.000000  1.000000  0.000000  0.000000  0.000000  1.000000  0.999923  0.005485  0.011158  -0.005487  0.999985  0.000122  -0.011157  -0.000184  0.999938  0.000000  0.000000  
54.628156 0.001592  0.090175  0.002063  0.993056  0.117226  0.009851  -0.117277  0.993088  0.004699  -0.009232  -0.005822  0.999940  -0.004504  -0.009433  -0.001052  0.000000  0.000000  0.000000  2.000000  0.999923  0.005485  0.011158  -0.005487  0.999985  0.000122  -0.011157  -0.000184  0.999938  0.999999  0.001230  0.000944  -0.001229  0.999999  -0.000254  -0.000944  0.000253  1.000000  1.000000  0.000000  0.000000  0.000000  1.000000  0.000000  0.000000  0.000000  1.000000  0.999923  0.005485  0.011158  -0.005487  0.999985  0.000122  -0.011157  -0.000184  0.999938  0.000000  0.000000  
54.629156 0.001588  0.090167  0.002063  0.993055  0.117226  0.009984  -0.117277  0.993088  0.004684  -0.009366  -0.005822  0.999939  -0.004404  -0.009334  -0.001033  0.000000  0.000000  0.000000  2.000000  0.999923  0.005485  0.011158  -0.005487  0.999985  0.000122  -0.011157  -0.000184  0.999938  0.999999  0.001229  0.001078  -0.001229  0.999999  -0.000133  -0.001078  0.000132  0.999999  1.000000  0.000000  0.000000  0.000000  1.000000  0.000000  0.000000  0.000000  1.000000  0.999923  0.005485  0.011158  -0.005487  0.999985  0.000122  -0.011157  -0.000184  0.999938  0.000000  0.000000  
54.630405 0.001585  0.090156  0.002062  0.993055  0.117226  0.009984  -0.117277  0.993088  0.004684  -0.009366  -0.005822  0.999939  -0.004203  -0.009239  -0.001013  0.000000  0.000000  0.000000  2.000000  0.999923  0.005485  0.011158  -0.005487  0.999985  0.000122  -0.011157  -0.000184  0.999938  0.999999  0.001024  0.000943  -0.001024  0.999999  -0.000131  -0.000943  0.000130  1.000000  1.000000  0.000000  0.000000  0.000000  1.000000  0.000000  0.000000  0.000000  1.000000  0.999923  0.005485  0.011158  -0.005487  0.999985  0.000122  -0.011157  -0.000184  0.999938  0.000000  0.000000  
54.631406 0.001584  0.090149  0.002061  0.993031  0.117430  0.009985  -0.117481  0.993064  0.004682  -0.009366  -0.005822  0.999939  -0.003945  -0.009066  -0.000964  0.000000  0.000000  0.000000  2.000000  0.999923  0.005485  0.011158  -0.005487  0.999985  0.000122  -0.011157  -0.000184  0.999938  0.999999  0.001024  0.000943  -0.001024  0.999999  -0.000010  -0.000943  0.000009  1.000000  1.000000  0.000000  0.000000  0.000000  1.000000  0.000000  0.000000  0.000000  1.000000  0.999923  0.005485  0.011158  -0.005487  0.999985  0.000122  -0.011157  -0.000184  0.999938  0.000000  0.000000  
54.632655 0.001582  0.090139  0.002060  0.993031  0.117430  0.009985  -0.117481  0.993064  0.004682  -0.009366  -0.005822  0.999939  -0.003622  -0.008900  -0.000945  0.000000  0.000000  0.000000  2.000000  0.999923  0.005485  0.011158  -0.005487  0.999985  0.000122  -0.011157  -0.000184  0.999938  0.999999  0.001230  0.000810  -0.001230  0.999999  -0.000012  -0.000810  0.000011  1.000000  1.000000  0.000000  0.000000  0.000000  1.000000  0.000000  0.000000  0.000000  1.000000  0.999923  0.005485  0.011158  -0.005487  0.999985  0.000122  -0.011157  -0.000184  0.999938  0.000000  0.000000  
54.633907 0.001581  0.090130  0.002059  0.993030  0.117428  0.010132  -0.117481  0.993064  0.004786  -0.009500  -0.005943  0.999937  -0.003307  -0.008646  -0.000865  0.000000  0.000000  0.000000  2.000000  0.999923  0.005485  0.011158  -0.005487  0.999985  0.000122  -0.011157  -0.000184  0.999938  0.999999  0.001025  0.000809  -0.001025  0.999999  0.000233  -0.000809  -0.000234  1.000000  1.000000  0.000000  0.000000  0.000000  1.000000  0.000000  0.000000  0.000000  1.000000  0.999923  0.005485  0.011158  -0.005487  0.999985  0.000122  -0.011157  -0.000184  0.999938  0.000000  0.000000  
54.635158 0.001579  0.090121  0.002058  0.993030  0.117428  0.010132  -0.117481  0.993064  0.004786  -0.009500  -0.005943  0.999937  -0.002984  -0.008446  -0.000814  0.000000  0.000000  0.000000  2.000000  0.999923  0.005485  0.011158  -0.005487  0.999985  0.000122  -0.011157  -0.000184  0.999938  0.999999  0.000819  0.000808  -0.000819  1.000000  0.000235  -0.000807  -0.000235  1.000000  1.000000  0.000000  0.000000  0.000000  1.000000  0.000000  0.000000  0.000000  1.000000  0.999923  0.005485  0.011158  -0.005487  0.999985  0.000122  -0.011157  -0.000184  0.999938  0.000000  0.000000  
54.636407 0.001578  0.090112  0.002056  0.993030  0.117427  0.010146  -0.117481  0.993063  0.004907  -0.009500  -0.006065  0.999936  -0.002713  -0.008314  -0.000828  0.000000  0.000000  0.000000  2.000000  0.999923  0.005485  0.011158  -0.005487  0.999985  0.000122  -0.011157  -0.000184  0.999938  0.999999  0.000819  0.000674  -0.000820  1.000000  0.000356  -0.000674  -0.000357  1.000000  1.000000  0.000000  0.000000  0.000000  1.000000  0.000000  0.000000  0.000000  1.000000  0.999923  0.005485  0.011158  -0.005487  0.999985  0.000122  -0.011157  -0.000184  0.999938  0.000000  0.000000  
54.637408 0.001578  0.090105  0.002056  0.993005  0.117631  0.010147  -0.117685  0.993039  0.004905  -0.009500  -0.006065  0.999936  -0.002435  -0.008170  -0.000799  0.000000  0.000000  0.000000  2.000000  0.999923  0.005485  0.011158  -0.005487  0.999985  0.000122  -0.011157  -0.000184  0.999938  0.999999  0.001025  0.000675  -0.001025  0.999999  0.000354  -0.000675  -0.000355  1.000000  1.000000  0.000000  0.000000  0.000000  1.000000  0.000000  0.000000  0.000000  1.000000  0.999923  0.005485  0.011158  -0.005487  0.999985  0.000122  -0.011157  -0.000184  0.999938  0.000000  0.000000  
54.638657 0.001577  0.090096  0.002057  0.993005  0.117630  0.010161  -0.117685  0.993038  0.005025  -0.009500  -0.006186  0.999936  -0.002153  -0.007966  -0.000723  0.000000  0.000000  0.000000  2.000000  0.999923  0.005485  0.011158  -0.005487  0.999985  0.000122  -0.011157  -0.000184  0.999938  0.999999  0.001025  0.000675  -0.001025  0.999999  0.000475  -0.000675  -0.000476  1.000000  1.000000  0.000000  0.000000  0.000000  1.000000  0.000000  0.000000  0.000000  1.000000  0.999923  0.005485  0.011158  -0.005487  0.999985  0.000122  -0.011157  -0.000184  0.999938  0.000000  0.000000  
54.639659 0.001577  0.090090  0.002057  0.992980  0.117834  0.010295  -0.117890  0.993014  0.005007  -0.009633  -0.006186  0.999934  -0.001821  -0.007769  -0.000627  0.000000  0.000000  0.000000  2.000000  0.999923  0.005485  0.011158  -0.005487  0.999985  0.000122  -0.011157  -0.000184  0.999938  0.999999  0.000819  0.000674  -0.000820  1.000000  0.000477  -0.000674  -0.000478  1.000000  1.000000  0.000000  0.000000  0.000000  1.000000  0.000000  0.000000  0.000000  1.000000  0.999923  0.005485  0.011158  -0.005487  0.999985  0.000122  -0.011157  -0.000184  0.999938  0.000000  0.000000  
54.640908 0.001577  0.090082  0.002058  0.992980  0.117834  0.010295  -0.117890  0.993014  0.005007  -0.009633  -0.006186  0.999934  -0.001510  -0.007563  -0.000494  0.000000  0.000000  0.000000  2.000000  0.999923  0.005485  0.011158  -0.005487  0.999985  0.000122  -0.011157  -0.000184  0.999938  0.999999  0.001026  0.000542  -0.001026  0.999999  0.000475  -0.000541  -0.000476  1.000000  1.000000  0.000000  0.000000  0.000000  1.000000  0.000000  0.000000  0.000000  1.000000  0.999923  0.005485  0.011158  -0.005487  0.999985  0.000122  -0.011157  -0.000184  0.999938  0.000000  0.000000  
