1-Time 2-Px 3-Py 4-Pz 5-R11 6-R21 7-R31 8-R12 9-R22 10-R32 11-R13 12-R23 13-R33 14-Vx 15-Vy 16-Vz 17-Wx 18-Wy 19-Wz 20-state 21-PR11 22-PR21 23-PR31 24-PR12 25-PR22 26-PR32 27-PR13 28-PR23 29-PR33 
110.749391 0.005552  0.096029  -0.011002  0.994473  0.035880  -0.098674  0.095080  0.090930  0.991308  0.044540  -0.995211  0.087016  0.000032  0.000048  -0.000024  0.000000  0.000000  0.000000  2.000000  1.000000  0.000000  0.000000  0.000000  -0.000000  1.000000  0.000000  -1.000000  -0.000000  1.000000  -0.000133  0.000012  0.000133  1.000000  0.000485  -0.000012  -0.000485  1.000000  1.000000  0.000000  0.000000  0.000000  1.000000  0.000000  0.000000  0.000000  1.000000  0.453724  0.628566  0.631695  -0.658259  -0.241421  0.713030  0.600691  -0.739338  0.304221  0.000000  0.000000  
110.750400 0.005552  0.096029  -0.011002  0.994473  0.035880  -0.098674  0.095080  0.090930  0.991308  0.044540  -0.995211  0.087016  0.000036  0.000069  -0.000069  0.000000  0.000000  0.000000  2.000000  1.000000  0.000000  0.000000  0.000000  -0.000000  1.000000  0.000000  -1.000000  -0.000000  1.000000  -0.000133  0.000012  0.000133  1.000000  0.000485  -0.000012  -0.000485  1.000000  1.000000  0.000000  0.000000  0.000000  1.000000  0.000000  0.000000  0.000000  1.000000  1.000000  0.000000  0.000000  0.000000  -0.000000  1.000000  0.000000  -1.000000  -0.000000  0.000000  0.000000  
110.751649 0.005553  0.096028  -0.011007  0.994480  0.036152  -0.098498  0.094874  0.091068  0.991315  0.044808  -0.995188  0.087135  0.000078  -0.000028  -0.000385  0.000000  0.000000  0.000000  2.000000  1.000000  0.000000  0.000000  0.000000  -0.000000  1.000000  0.000000  -1.000000  -0.000000  1.000000  0.000151  0.000193  -0.000151  1.000000  0.000373  -0.000193  -0.000373  1.000000  1.000000  0.000000  0.000000  0.000000  1.000000  0.000000  0.000000  0.000000  1.000000  1.000000  0.000000  0.000000  0.000000  -0.000000  1.000000  0.000000  -1.000000  -0.000000  0.000000  0.000000  
110.752905 0.005554  0.096027  -0.011012  0.994476  0.036701  -0.098340  0.094667  0.091111  0.991331  0.045342  -0.995164  0.087133  0.000123  -0.000105  -0.000745  0.000000  0.000000  0.000000  2.000000  1.000000  0.000000  0.000000  0.000000  -0.000000  1.000000  0.000000  -1.000000  -0.000000  1.000000  0.000569  0.000363  -0.000569  1.000000  0.000382  -0.000363  -0.000382  1.000000  1.000000  0.000000  0.000000  0.000000  1.000000  0.000000  0.000000  0.000000  1.000000  1.000000  0.000000  0.000000  0.000000  -0.000000  1.000000  0.000000  -1.000000  -0.000000  0.000000  0.000000  
110.754145 0.005554  0.096026  -0.011017  0.994464  0.036966  -0.098363  0.094666  0.091136  0.991329  0.045610  -0.995152  0.087132  0.000190  -0.000131  -0.001096  0.000000  0.000000  0.000000  2.000000  1.000000  0.000000  0.000000  0.000000  -0.000000  1.000000  0.000000  -1.000000  -0.000000  0.999999  0.000969  0.000328  -0.000969  0.999999  0.000261  -0.000328  -0.000261  1.000000  1.000000  0.000000  0.000000  0.000000  1.000000  0.000000  0.000000  0.000000  1.000000  1.000000  0.000000  0.000000  0.000000  -0.000000  1.000000  0.000000  -1.000000  -0.000000  0.000000  0.000000  
110.755145 0.005556  0.096026  -0.011021  0.994471  0.037249  -0.098182  0.094460  0.091154  0.991347  0.045877  -0.995140  0.087131  0.000272  -0.000148  -0.001345  0.000000  0.000000  0.000000  2.000000  1.000000  0.000000  0.000000  0.000000  -0.000000  1.000000  0.000000  -1.000000  -0.000000  0.999999  0.001253  0.000510  -0.001254  0.999999  0.000270  -0.000509  -0.000271  1.000000  1.000000  0.000000  0.000000  0.000000  1.000000  0.000000  0.000000  0.000000  1.000000  1.000000  0.000000  0.000000  0.000000  -0.000000  1.000000  0.000000  -1.000000  -0.000000  0.000000  0.000000  
110.756152 0.005558  0.096026  -0.011025  0.994478  0.037533  -0.098002  0.094254  0.091171  0.991365  0.046144  -0.995128  0.087130  0.000365  -0.000166  -0.001629  0.000000  0.000000  0.000000  2.000000  1.000000  0.000000  0.000000  0.000000  -0.000000  1.000000  0.000000  -1.000000  -0.000000  0.999999  0.001538  0.000691  -0.001538  0.999999  0.000279  -0.000691  -0.000281  1.000000  1.000000  0.000000  0.000000  0.000000  1.000000  0.000000  0.000000  0.000000  1.000000  1.000000  0.000000  0.000000  0.000000  -0.000000  1.000000  0.000000  -1.000000  -0.000000  0.000000  0.000000  
110.757403 0.005561  0.096027  -0.011029  0.994505  0.037824  -0.097621  0.093843  0.091301  0.991392  0.046411  -0.995105  0.087250  0.000570  -0.000126  -0.001881  0.000000  0.000000  0.000000  2.000000  1.000000  0.000000  0.000000  0.000000  -0.000000  1.000000  0.000000  -1.000000  -0.000000  0.999998  0.001823  0.000872  -0.001823  0.999998  0.000167  -0.000872  -0.000169  1.000000  1.000000  0.000000  0.000000  0.000000  1.000000  0.000000  0.000000  0.000000  1.000000  1.000000  0.000000  0.000000  0.000000  -0.000000  1.000000  0.000000  -1.000000  -0.000000  0.000000  0.000000  
110.758649 0.005564  0.096027  -0.011033  0.994525  0.038248  -0.097252  0.093432  0.091443  0.991418  0.046812  -0.995076  0.087369  0.000816  -0.000136  -0.002186  0.000000  0.000000  0.000000  2.000000  1.000000  0.000000  0.000000  0.000000  -0.000000  1.000000  0.000000  -1.000000  -0.000000  0.999997  0.002143  0.001463  -0.002143  0.999998  0.000074  -0.001463  -0.000077  0.999999  1.000000  0.000000  0.000000  0.000000  1.000000  0.000000  0.000000  0.000000  1.000000  1.000000  0.000000  0.000000  0.000000  -0.000000  1.000000  0.000000  -1.000000  -0.000000  0.000000  0.000000  
110.759653 0.005566  0.096026  -0.011037  0.994525  0.038652  -0.097088  0.093225  0.091593  0.991423  0.047213  -0.995046  0.087488  0.000960  -0.000151  -0.002477  0.000000  0.000000  0.000000  2.000000  1.000000  0.000000  0.000000  0.000000  -0.000000  1.000000  0.000000  -1.000000  -0.000000  0.999995  0.002561  0.001633  -0.002561  0.999997  -0.000160  -0.001633  0.000155  0.999999  1.000000  0.000000  0.000000  0.000000  1.000000  0.000000  0.000000  0.000000  1.000000  1.000000  0.000000  0.000000  0.000000  -0.000000  1.000000  0.000000  -1.000000  -0.000000  0.000000  0.000000  
110.760902 0.005569  0.096027  -0.011043  0.994544  0.039076  -0.096719  0.092814  0.091734  0.991449  0.047614  -0.995017  0.087607  0.001167  -0.000167  -0.002811  0.000000  0.000000  0.000000  2.000000  1.000000  0.000000  0.000000  0.000000  -0.000000  1.000000  0.000000  -1.000000  -0.000000  0.999994  0.003113  0.001791  -0.003112  0.999995  -0.000272  -0.001791  0.000266  0.999998  1.000000  0.000000  0.000000  0.000000  1.000000  0.000000  0.000000  0.000000  1.000000  1.000000  0.000000  0.000000  0.000000  -0.000000  1.000000  0.000000  -1.000000  -0.000000  0.000000  0.000000  
110.762152 0.005572  0.096026  -0.011050  0.994538  0.039602  -0.096572  0.092607  0.092016  0.991442  0.048149  -0.994970  0.087846  0.001311  -0.000174  -0.003284  0.000000  0.000000  0.000000  2.000000  1.000000  0.000000  0.000000  0.000000  -0.000000  1.000000  0.000000  -1.000000  -0.000000  0.999990  0.003815  0.002141  -0.003814  0.999993  -0.000496  -0.002143  0.000488  0.999998  1.000000  0.000000  0.000000  0.000000  1.000000  0.000000  0.000000  0.000000  1.000000  1.000000  0.000000  0.000000  0.000000  -0.000000  1.000000  0.000000  -1.000000  -0.000000  0.000000  0.000000  
110.763402 0.005575  0.096026  -0.011059  0.994525  0.040260  -0.096436  0.092399  0.092310  0.991434  0.048817  -0.994916  0.088084  0.001540  -0.000186  -0.003869  0.000000  0.000000  0.000000  2.000000  1.000000  0.000000  0.000000  0.000000  -0.000000  1.000000  0.000000  -1.000000  -0.000000  0.999988  0.004367  0.002297  -0.004365  0.999990  -0.000851  -0.002301  0.000841  0.999997  1.000000  0.000000  0.000000  0.000000  1.000000  0.000000  0.000000  0.000000  1.000000  1.000000  0.000000  0.000000  0.000000  -0.000000  1.000000  0.000000  -1.000000  -0.000000  0.000000  0.000000  
110.764652 0.005578  0.096026  -0.011068  0.994530  0.040937  -0.096096  0.091987  0.092595  0.991446  0.049485  -0.994862  0.088323  0.001714  -0.000201  -0.004447  0.000000  0.000000  0.000000  2.000000  1.000000  0.000063  0.000033  -0.000033  0.000013  1.000000  0.000063  -1.000000  0.000013  0.999984  0.005070  0.002647  -0.005068  0.999987  -0.001075  -0.002652  0.001061  0.999996  1.000000  0.000063  0.000033  -0.000063  1.000000  -0.000013  -0.000033  0.000013  1.000000  1.000000  0.000063  0.000033  -0.000033  0.000013  1.000000  0.000063  -1.000000  0.000013  0.000000  0.005819  
110.765898 0.005581  0.096026  -0.011079  0.994516  0.041596  -0.095961  0.091779  0.092888  0.991438  0.050153  -0.994807  0.088561  0.001939  -0.000189  -0.005047  -0.035513  -0.093902  0.193367  2.000000  1.000000  0.000339  0.000169  -0.000169  0.000073  1.000000  0.000339  -1.000000  0.000073  0.999980  0.005756  0.002791  -0.005752  0.999983  -0.001308  -0.002799  0.001292  0.999995  1.000000  0.000072  0.000035  -0.000072  1.000000  -0.000016  -0.000035  0.000016  1.000000  1.000000  0.000339  0.000169  -0.000169  0.000073  1.000000  0.000339  -1.000000  0.000073  0.000054  0.006528  
110.767147 0.005585  0.096026  -0.011089  0.994508  0.042110  -0.095819  0.091572  0.093289  0.991419  0.050688  -0.994748  0.088921  0.002162  -0.000034  -0.005386  -0.047390  -0.099180  0.211947  2.000000  1.000000  0.000719  0.000352  -0.000352  0.000162  1.000000  0.000719  -1.000000  0.000162  0.999976  0.006308  0.002947  -0.006303  0.999979  -0.001541  -0.002957  0.001522  0.999994  1.000000  0.000079  0.000037  -0.000079  1.000000  -0.000019  -0.000037  0.000019  1.000000  1.000000  0.000719  0.000352  -0.000352  0.000162  1.000000  0.000719  -1.000000  0.000162  0.000058  0.007129  
110.768150 0.005588  0.096027  -0.011097  0.994506  0.042504  -0.095661  0.091365  0.093558  0.991413  0.051089  -0.994706  0.089160  0.002326  0.000056  -0.005585  -0.055189  -0.104845  0.226006  2.000000  0.999999  0.001050  0.000506  -0.000506  0.000247  1.000000  0.001050  -0.999999  0.000248  0.999973  0.006726  0.003115  -0.006721  0.999976  -0.001774  -0.003127  0.001753  0.999994  1.000000  0.000084  0.000039  -0.000084  1.000000  -0.000022  -0.000039  0.000022  1.000000  0.999999  0.001050  0.000506  -0.000506  0.000247  1.000000  0.001050  -0.999999  0.000248  0.000063  0.007620  
110.769398 0.005594  0.096028  -0.011105  0.994516  0.043038  -0.095316  0.090953  0.093949  0.991414  0.051623  -0.994646  0.089520  0.002585  0.000143  -0.005813  -0.070786  -0.116975  0.245123  2.000000  0.999999  0.001497  0.000711  -0.000712  0.000376  1.000000  0.001497  -0.999999  0.000377  0.999966  0.007431  0.003462  -0.007423  0.999970  -0.002241  -0.003479  0.002215  0.999991  1.000000  0.000093  0.000043  -0.000093  1.000000  -0.000028  -0.000043  0.000028  1.000000  0.999999  0.001497  0.000711  -0.000712  0.000376  1.000000  0.001497  -0.999999  0.000377  0.000070  0.008495  
110.770400 0.005598  0.096028  -0.011112  0.994507  0.043564  -0.095170  0.090746  0.094229  0.991406  0.052158  -0.994597  0.089759  0.002804  0.000170  -0.006040  -0.078569  -0.121825  0.268121  2.000000  0.999998  0.001879  0.000886  -0.000887  0.000496  0.999999  0.001878  -0.999998  0.000498  0.999963  0.007850  0.003629  -0.007841  0.999966  -0.002474  -0.003648  0.002445  0.999990  1.000000  0.000098  0.000045  -0.000098  1.000000  -0.000031  -0.000045  0.000031  1.000000  0.999998  0.001879  0.000886  -0.000887  0.000496  0.999999  0.001878  -0.999998  0.000498  0.000075  0.008991  
110.771651 0.005604  0.096029  -0.011121  0.994498  0.044079  -0.095030  0.090539  0.094629  0.991387  0.052692  -0.994536  0.090118  0.003023  0.000153  -0.006312  -0.090441  -0.127087  0.286732  2.000000  0.999997  0.002385  0.001117  -0.001118  0.000668  0.999999  0.002384  -0.999997  0.000670  0.999959  0.008270  0.003794  -0.008258  0.999962  -0.002949  -0.003818  0.002918  0.999988  1.000000  0.000103  0.000048  -0.000103  1.000000  -0.000037  -0.000048  0.000037  1.000000  0.999997  0.002385  0.001117  -0.001118  0.000668  0.999999  0.002384  -0.999997  0.000670  0.000081  0.009560  
110.772653 0.005609  0.096028  -0.011129  0.994495  0.044462  -0.094878  0.090332  0.095017  0.991369  0.053093  -0.994482  0.090478  0.003174  0.000094  -0.006651  -0.102295  -0.132707  0.300784  2.000000  0.999995  0.002797  0.001299  -0.001301  0.000816  0.999999  0.002796  -0.999996  0.000819  0.999959  0.008271  0.003792  -0.008259  0.999961  -0.003069  -0.003817  0.003037  0.999988  1.000000  0.000103  0.000048  -0.000103  1.000000  -0.000038  -0.000048  0.000038  1.000000  0.999995  0.002797  0.001299  -0.001301  0.000816  0.999999  0.002796  -0.999996  0.000819  0.000085  0.009597  
110.773899 0.005614  0.096026  -0.011140  0.994486  0.044977  -0.094739  0.090125  0.095417  0.991349  0.053628  -0.994421  0.090837  0.003279  -0.000034  -0.007026  -0.118209  -0.137937  0.319303  2.000000  0.999994  0.003219  0.001483  -0.001486  0.000983  0.999998  0.003217  -0.999994  0.000988  0.999956  0.008539  0.003763  -0.008525  0.999957  -0.003552  -0.003794  0.003520  0.999987  1.000000  0.000107  0.000047  -0.000107  1.000000  -0.000044  -0.000047  0.000044  1.000000  0.999994  0.003219  0.001483  -0.001486  0.000983  0.999998  0.003217  -0.999994  0.000988  0.000091  0.009979  
110.774908 0.005618  0.096024  -0.011151  0.994483  0.045360  -0.094587  0.089918  0.095804  0.991331  0.054028  -0.994366  0.091197  0.003405  -0.000159  -0.007517  -0.130017  -0.143505  0.333261  2.000000  0.999992  0.003647  0.001674  -0.001678  0.001167  0.999998  0.003646  -0.999993  0.001173  0.999954  0.008692  0.003954  -0.008677  0.999955  -0.003784  -0.003987  0.003750  0.999985  1.000000  0.000109  0.000050  -0.000109  1.000000  -0.000047  -0.000050  0.000047  1.000000  0.999992  0.003647  0.001674  -0.001678  0.001167  0.999998  0.003646  -0.999993  0.001173  0.000095  0.010265  
110.776149 0.005624  0.096021  -0.011165  0.994472  0.045875  -0.094449  0.089711  0.096204  0.991311  0.054563  -0.994304  0.091556  0.003596  -0.000342  -0.008077  -0.141942  -0.148807  0.352035  2.000000  0.999989  0.004194  0.001918  -0.001924  0.001419  0.999997  0.004191  -0.999990  0.001427  0.999953  0.008827  0.003937  -0.008810  0.999952  -0.004268  -0.003975  0.004233  0.999983  1.000000  0.000110  0.000049  -0.000110  1.000000  -0.000053  -0.000049  0.000053  1.000000  0.999989  0.004194  0.001918  -0.001924  0.001419  0.999997  0.004191  -0.999990  0.001427  0.000101  0.010558  
110.777149 0.005628  0.096019  -0.011177  0.994469  0.046258  -0.094298  0.089504  0.096591  0.991292  0.054964  -0.994249  0.091916  0.003789  -0.000483  -0.008491  -0.153761  -0.154384  0.366045  2.000000  0.999987  0.004642  0.002111  -0.002119  0.001639  0.999996  0.004638  -0.999988  0.001648  0.999953  0.008942  0.003718  -0.008925  0.999950  -0.004518  -0.003758  0.004485  0.999983  1.000000  0.000112  0.000047  -0.000112  1.000000  -0.000056  -0.000047  0.000056  1.000000  0.999987  0.004642  0.002111  -0.002119  0.001639  0.999996  0.004638  -0.999988  0.001648  0.000105  0.010680  
110.778408 0.005635  0.096016  -0.011192  0.994458  0.046774  -0.094160  0.089296  0.096989  0.991272  0.055498  -0.994186  0.092275  0.004028  -0.000694  -0.008880  -0.169606  -0.159545  0.384451  2.000000  0.999984  0.005212  0.002337  -0.002347  0.001929  0.999995  0.005207  -0.999985  0.001942  0.999952  0.009191  0.003484  -0.009174  0.999946  -0.004890  -0.003529  0.004858  0.999982  1.000000  0.000115  0.000044  -0.000115  1.000000  -0.000061  -0.000044  0.000061  1.000000  0.999984  0.005212  0.002337  -0.002347  0.001929  0.999995  0.005207  -0.999985  0.001942  0.000112  0.010972  
110.779653 0.005642  0.096013  -0.011206  0.994446  0.047278  -0.094028  0.089089  0.097508  0.991239  0.056032  -0.994111  0.092755  0.004306  -0.000905  -0.009228  -0.185577  -0.164774  0.403173  2.000000  0.999980  0.005790  0.002541  -0.002554  0.002239  0.999994  0.005785  -0.999981  0.002254  0.999952  0.009288  0.003059  -0.009272  0.999944  -0.005150  -0.003106  0.005121  0.999982  1.000000  0.000116  0.000039  -0.000116  1.000000  -0.000064  -0.000039  0.000064  1.000000  0.999980  0.005790  0.002541  -0.002554  0.002239  0.999994  0.005785  -0.999981  0.002254  0.000116  0.011045  
110.780903 0.005648  0.096009  -0.011221  0.994442  0.047650  -0.093884  0.088882  0.098015  0.991208  0.056433  -0.994044  0.093235  0.004517  -0.001122  -0.009463  -0.201495  -0.170757  0.412825  2.000000  0.999976  0.006369  0.002740  -0.002756  0.002567  0.999993  0.006362  -0.999976  0.002585  0.999953  0.009175  0.003271  -0.009158  0.999944  -0.005381  -0.003321  0.005351  0.999980  1.000000  0.000115  0.000041  -0.000115  1.000000  -0.000067  -0.000041  0.000067  1.000000  0.999976  0.006369  0.002740  -0.002756  0.002567  0.999993  0.006362  -0.999976  0.002585  0.000121  0.011121  
110.782154 0.005656  0.096006  -0.011235  0.994445  0.047901  -0.093722  0.088676  0.098389  0.991189  0.056700  -0.993994  0.093595  0.004751  -0.001344  -0.009708  -0.209567  -0.171050  0.408364  2.000000  0.999972  0.006831  0.002902  -0.002922  0.002846  0.999992  0.006823  -0.999973  0.002866  0.999953  0.009177  0.003267  -0.009158  0.999942  -0.005743  -0.003319  0.005713  0.999978  1.000000  0.000115  0.000041  -0.000115  1.000000  -0.000072  -0.000041  0.000072  1.000000  0.999972  0.006831  0.002902  -0.002922  0.002846  0.999992  0.006823  -0.999973  0.002866  0.000122  0.011300  
110.783400 0.005662  0.096003  -0.011249  0.994467  0.048161  -0.093363  0.088265  0.098874  0.991178  0.056967  -0.993934  0.094076  0.004864  -0.001633  -0.009996  -0.223630  -0.176799  0.401289  2.000000  0.999968  0.007394  0.003109  -0.003133  0.003209  0.999990  0.007384  -0.999968  0.003232  0.999954  0.008931  0.003493  -0.008910  0.999943  -0.005853  -0.003545  0.005821  0.999977  1.000000  0.000112  0.000044  -0.000112  1.000000  -0.000073  -0.000044  0.000073  1.000000  0.999968  0.007394  0.003109  -0.003133  0.003209  0.999990  0.007384  -0.999968  0.003232  0.000124  0.011227  
110.784400 0.005668  0.096000  -0.011259  0.994470  0.048413  -0.093201  0.088059  0.099248  0.991159  0.057235  -0.993884  0.094436  0.004942  -0.001964  -0.010316  -0.235473  -0.183644  0.402155  2.000000  0.999964  0.007827  0.003274  -0.003301  0.003507  0.999988  0.007815  -0.999963  0.003533  0.999958  0.008513  0.003323  -0.008493  0.999945  -0.006103  -0.003375  0.006075  0.999976  1.000000  0.000106  0.000042  -0.000106  1.000000  -0.000076  -0.000042  0.000076  1.000000  0.999964  0.007827  0.003274  -0.003301  0.003507  0.999988  0.007815  -0.999963  0.003533  0.000125  0.010982  
110.785401 0.005672  0.095996  -0.011271  0.994480  0.048532  -0.093027  0.087854  0.099611  0.991140  0.057368  -0.993842  0.094797  0.004972  -0.002211  -0.010676  -0.249475  -0.185394  0.400811  2.000000  0.999960  0.008245  0.003439  -0.003471  0.003813  0.999987  0.008231  -0.999959  0.003842  0.999960  0.008248  0.003345  -0.008227  0.999947  -0.006222  -0.003396  0.006195  0.999975  1.000000  0.000103  0.000042  -0.000103  1.000000  -0.000078  -0.000042  0.000078  1.000000  0.999960  0.008245  0.003439  -0.003471  0.003813  0.999987  0.008231  -0.999959  0.003842  0.000126  0.010852  
110.786404 0.005677  0.095993  -0.011284  0.994483  0.048783  -0.092866  0.087648  0.099985  0.991121  0.057635  -0.993792  0.095157  0.004961  -0.002462  -0.011061  -0.262036  -0.178456  0.400258  2.000000  0.999956  0.008641  0.003604  -0.003640  0.004128  0.999985  0.008626  -0.999954  0.004160  0.999963  0.007850  0.003379  -0.007828  0.999948  -0.006463  -0.003430  0.006436  0.999973  1.000000  0.000098  0.000043  -0.000098  1.000000  -0.000081  -0.000043  0.000081  1.000000  0.999956  0.008641  0.003604  -0.003640  0.004128  0.999985  0.008626  -0.999954  0.004160  0.000128  0.010707  
110.787647 0.005682  0.095987  -0.011302  0.994478  0.049145  -0.092730  0.087441  0.100611  0.991076  0.058036  -0.993711  0.095758  0.004901  -0.002764  -0.011541  -0.275975  -0.176426  0.401459  2.000000  0.999951  0.009123  0.003809  -0.003850  0.004531  0.999982  0.009106  -0.999948  0.004566  0.999965  0.007585  0.003401  -0.007563  0.999950  -0.006582  -0.003451  0.006556  0.999973  1.000000  0.000095  0.000043  -0.000095  1.000000  -0.000082  -0.000043  0.000082  1.000000  0.999951  0.009123  0.003809  -0.003850  0.004531  0.999982  0.009106  -0.999948  0.004566  0.000129  0.010595  
110.788647 0.005686  0.095982  -0.011317  0.994488  0.049253  -0.092563  0.087236  0.101093  0.991045  0.058170  -0.993657  0.096239  0.004887  -0.002982  -0.011970  -0.288406  -0.169877  0.396415  2.000000  0.999948  0.009408  0.003932  -0.003977  0.004786  0.999981  0.009389  -0.999944  0.004823  0.999965  0.007587  0.003397  -0.007563  0.999947  -0.006945  -0.003450  0.006919  0.999970  1.000000  0.000095  0.000043  -0.000095  1.000000  -0.000087  -0.000043  0.000087  1.000000  0.999948  0.009408  0.003932  -0.003977  0.004786  0.999981  0.009389  -0.999944  0.004823  0.000130  0.010824  
110.789649 0.005689  0.095978  -0.011331  0.994490  0.049505  -0.092403  0.087030  0.101467  0.991025  0.058437  -0.993606  0.096599  0.004839  -0.003134  -0.012210  -0.296449  -0.170202  0.392048  2.000000  0.999944  0.009778  0.004098  -0.004149  0.005137  0.999978  0.009757  -0.999939  0.005177  0.999967  0.007322  0.003419  -0.007298  0.999948  -0.007185  -0.003472  0.007160  0.999968  1.000000  0.000091  0.000043  -0.000091  1.000000  -0.000090  -0.000043  0.000090  1.000000  0.999944  0.009778  0.004098  -0.004149  0.005137  0.999978  0.009757  -0.999939  0.005177  0.000131  0.010805  
110.790904 0.005694  0.095974  -0.011349  0.994518  0.049624  -0.092037  0.086619  0.102059  0.991000  0.058570  -0.993540  0.097201  0.004806  -0.003228  -0.012447  -0.311041  -0.172675  0.381901  2.000000  0.999938  0.010223  0.004303  -0.004360  0.005582  0.999975  0.010199  -0.999932  0.005626  0.999971  0.006904  0.003250  -0.006881  0.999950  -0.007315  -0.003301  0.007293  0.999968  1.000000  0.000086  0.000041  -0.000086  1.000000  -0.000091  -0.000041  0.000091  1.000000  0.999938  0.010223  0.004303  -0.004360  0.005582  0.999975  0.010199  -0.999932  0.005626  0.000131  0.010563  
110.792149 0.005700  0.095971  -0.011366  0.994528  0.049733  -0.091871  0.086414  0.102541  0.990968  0.058704  -0.993485  0.097682  0.004716  -0.003268  -0.012619  -0.320574  -0.171975  0.369948  2.000000  0.999933  0.010644  0.004517  -0.004581  0.006038  0.999971  0.010616  -0.999925  0.006086  0.999973  0.006527  0.003491  -0.006501  0.999952  -0.007303  -0.003538  0.007280  0.999967  1.000000  0.000081  0.000044  -0.000081  1.000000  -0.000091  -0.000044  0.000091  1.000000  0.999933  0.010644  0.004517  -0.004581  0.006038  0.999971  0.010616  -0.999925  0.006086  0.000130  0.010390  
110.793152 0.005704  0.095968  -0.011379  0.994564  0.049730  -0.091487  0.086004  0.103001  0.990956  0.058704  -0.993437  0.098164  0.004658  -0.003304  -0.012706  -0.330948  -0.182239  0.351337  2.000000  0.999929  0.010960  0.004694  -0.004765  0.006408  0.999968  0.010929  -0.999919  0.006460  0.999975  0.006129  0.003527  -0.006102  0.999953  -0.007544  -0.003573  0.007522  0.999965  1.000000  0.000076  0.000044  -0.000076  1.000000  -0.000094  -0.000044  0.000094  1.000000  0.999929  0.010960  0.004694  -0.004765  0.006408  0.999968  0.010929  -0.999919  0.006460  0.000129  0.010332  
110.794154 0.005707  0.095965  -0.011393  0.994574  0.049840  -0.091320  0.085799  0.103483  0.990924  0.058837  -0.993382  0.098646  0.004548  -0.003320  -0.012821  -0.339348  -0.176462  0.337266  2.000000  0.999925  0.011255  0.004879  -0.004956  0.006783  0.999965  0.011222  -0.999914  0.006838  0.999976  0.005751  0.003768  -0.005723  0.999955  -0.007531  -0.003811  0.007509  0.999965  1.000000  0.000072  0.000047  -0.000072  1.000000  -0.000094  -0.000047  0.000094  1.000000  0.999925  0.011255  0.004879  -0.004956  0.006783  0.999965  0.011222  -0.999914  0.006838  0.000129  0.010190  
110.795402 0.005711  0.095962  -0.011409  0.994591  0.049806  -0.091146  0.085594  0.104074  0.990880  0.058837  -0.993322  0.099248  0.004379  -0.003277  -0.012949  -0.352915  -0.176683  0.317012  2.000000  0.999920  0.011598  0.005115  -0.005199  0.007261  0.999960  0.011560  -0.999906  0.007321  0.999979  0.005221  0.003817  -0.005191  0.999956  -0.007771  -0.003858  0.007751  0.999963  1.000000  0.000065  0.000048  -0.000065  1.000000  -0.000097  -0.000048  0.000097  1.000000  0.999920  0.011598  0.005115  -0.005199  0.007261  0.999960  0.011560  -0.999906  0.007321  0.000127  0.010103  
110.796652 0.005715  0.095959  -0.011426  0.994619  0.049926  -0.090782  0.085184  0.104666  0.990853  0.058971  -0.993253  0.099850  0.004160  -0.003236  -0.013121  -0.363265  -0.186431  0.302235  2.000000  0.999916  0.011854  0.005305  -0.005396  0.007657  0.999956  0.011813  -0.999900  0.007720  0.999979  0.004978  0.004045  -0.004945  0.999956  -0.008001  -0.004085  0.007981  0.999960  1.000000  0.000062  0.000051  -0.000062  1.000000  -0.000100  -0.000051  0.000100  1.000000  0.999916  0.011854  0.005305  -0.005396  0.007657  0.999956  0.011813  -0.999900  0.007720  0.000127  0.010247  
110.797903 0.005718  0.095956  -0.011444  0.994628  0.050014  -0.090627  0.084979  0.105388  0.990794  0.059105  -0.993173  0.100572  0.003872  -0.003226  -0.013440  -0.375479  -0.187572  0.288952  2.000000  0.999911  0.012147  0.005550  -0.005649  0.008172  0.999951  0.012101  -0.999893  0.008240  0.999982  0.004448  0.004095  -0.004414  0.999955  -0.008363  -0.004133  0.008345  0.999957  1.000000  0.000055  0.000051  -0.000055  1.000000  -0.000104  -0.000051  0.000104  1.000000  0.999911  0.012147  0.005550  -0.005649  0.008172  0.999951  0.012101  -0.999893  0.008240  0.000126  0.010313  
110.799153 0.005721  0.095952  -0.011463  0.994663  0.050003  -0.090250  0.084569  0.105968  0.990767  0.059105  -0.993112  0.101174  0.003616  -0.003203  -0.013814  -0.383553  -0.189135  0.271121  2.000000  0.999906  0.012415  0.005806  -0.005915  0.008699  0.999945  0.012364  -0.999885  0.008772  0.999982  0.004072  0.004338  -0.004035  0.999955  -0.008592  -0.004373  0.008574  0.999954  1.000000  0.000051  0.000054  -0.000051  1.000000  -0.000107  -0.000054  0.000107  1.000000  0.999906  0.012415  0.005806  -0.005915  0.008699  0.999945  0.012364  -0.999885  0.008772  0.000128  0.010444  
110.800399 0.005724  0.095949  -0.011483  0.994690  0.050113  -0.089892  0.084159  0.106680  0.990725  0.059238  -0.993030  0.101896  0.003452  -0.003131  -0.014111  -0.396147  -0.195564  0.256341  2.000000  0.999901  0.012658  0.006078  -0.006195  0.009243  0.999938  0.012601  -0.999877  0.009321  0.999984  0.003676  0.004376  -0.003637  0.999954  -0.008832  -0.004408  0.008816  0.999951  1.000000  0.000046  0.000055  -0.000046  1.000000  -0.000110  -0.000055  0.000110  1.000000  0.999901  0.012658  0.006078  -0.006195  0.009243  0.999938  0.012601  -0.999877  0.009321  0.000127  0.010513  
110.801400 0.005726  0.095947  -0.011499  0.994707  0.050081  -0.089718  0.083954  0.107271  0.990679  0.059238  -0.992968  0.102498  0.003285  -0.003066  -0.014334  -0.407566  -0.198811  0.240680  2.000000  0.999898  0.012836  0.006303  -0.006428  0.009689  0.999932  0.012774  -0.999871  0.009770  0.999984  0.003433  0.004605  -0.003391  0.999953  -0.009062  -0.004636  0.009046  0.999948  1.000000  0.000043  0.000058  -0.000043  1.000000  -0.000113  -0.000058  0.000113  1.000000  0.999898  0.012836  0.006303  -0.006428  0.009689  0.999932  0.012774  -0.999871  0.009770  0.000128  0.010723  
110.802646 0.005729  0.095943  -0.011519  0.994742  0.050060  -0.089347  0.083545  0.107971  0.990637  0.059238  -0.992893  0.103221  0.003085  -0.002899  -0.014455  -0.415951  -0.205179  0.226173  2.000000  0.999893  0.013034  0.006584  -0.006717  0.010258  0.999925  0.012966  -0.999862  0.010344  0.999985  0.003037  0.004644  -0.002994  0.999952  -0.009303  -0.004672  0.009289  0.999946  1.000000  0.000038  0.000058  -0.000038  1.000000  -0.000116  -0.000058  0.000116  1.000000  0.999893  0.013034  0.006584  -0.006717  0.010258  0.999925  0.012966  -0.999862  0.010344  0.000129  0.010826  
110.803647 0.005731  0.095941  -0.011534  0.994759  0.050028  -0.089173  0.083340  0.108561  0.990590  0.059238  -0.992830  0.103823  0.002981  -0.002767  -0.014503  -0.427485  -0.208516  0.210238  2.000000  0.999890  0.013180  0.006814  -0.006955  0.010725  0.999918  0.013106  -0.999856  0.010815  0.999985  0.002774  0.004670  -0.002729  0.999951  -0.009544  -0.004696  0.009531  0.999944  1.000000  0.000034  0.000059  -0.000034  1.000000  -0.000119  -0.000059  0.000119  1.000000  0.999890  0.013180  0.006814  -0.006955  0.010725  0.999918  0.013106  -0.999856  0.010815  0.000131  0.010976  
110.804651 0.005733  0.095939  -0.011548  0.994785  0.050151  -0.088810  0.082930  0.109153  0.990560  0.059372  -0.992759  0.104424  0.002884  -0.002582  -0.014480  -0.435255  -0.216202  0.202095  2.000000  0.999887  0.013288  0.006992  -0.007139  0.011086  0.999913  0.013210  -0.999850  0.011179  0.999983  0.002819  0.005077  -0.002769  0.999949  -0.009763  -0.005105  0.009749  0.999939  1.000000  0.000035  0.000064  -0.000035  1.000000  -0.000122  -0.000064  0.000122  1.000000  0.999887  0.013288  0.006992  -0.007139  0.011086  0.999913  0.013210  -0.999850  0.011179  0.000131  0.011354  
110.805900 0.005736  0.095937  -0.011567  0.994819  0.050143  -0.088432  0.082520  0.109733  0.990530  0.059372  -0.992696  0.105026  0.002780  -0.002471  -0.014512  -0.439223  -0.222409  0.187847  2.000000  0.999883  0.013458  0.007292  -0.007450  0.011705  0.999904  0.013372  -0.999841  0.011804  0.999985  0.002535  0.004899  -0.002486  0.999947  -0.010016  -0.004924  0.010003  0.999938  1.000000  0.000031  0.000061  -0.000031  1.000000  -0.000125  -0.000061  0.000125  1.000000  0.999883  0.013458  0.007292  -0.007450  0.011705  0.999904  0.013372  -0.999841  0.011804  0.000131  0.011429  
110.807149 0.005740  0.095934  -0.011584  0.994853  0.050124  -0.088061  0.082110  0.110433  0.990486  0.059372  -0.992619  0.105749  0.002663  -0.002411  -0.014560  -0.450853  -0.230865  0.170876  2.000000  0.999878  0.013611  0.007604  -0.007772  0.012335  0.999894  0.013516  -0.999831  0.012439  0.999984  0.002294  0.005130  -0.002242  0.999945  -0.010245  -0.005153  0.010234  0.999934  1.000000  0.000028  0.000064  -0.000028  1.000000  -0.000128  -0.000064  0.000128  1.000000  0.999878  0.013611  0.007604  -0.007772  0.012335  0.999894  0.013516  -0.999831  0.012439  0.000133  0.011680  
110.808152 0.005742  0.095933  -0.011598  0.994862  0.050226  -0.087901  0.081905  0.111034  0.990436  0.059505  -0.992547  0.106350  0.002533  -0.002304  -0.014645  -0.462793  -0.234099  0.159026  2.000000  0.999875  0.013724  0.007863  -0.008039  0.012846  0.999885  0.013622  -0.999823  0.012954  0.999983  0.002185  0.005347  -0.002131  0.999945  -0.010232  -0.005369  0.010220  0.999933  1.000000  0.000027  0.000067  -0.000027  1.000000  -0.000128  -0.000067  0.000128  1.000000  0.999875  0.013724  0.007863  -0.008039  0.012846  0.999885  0.013622  -0.999823  0.012954  0.000134  0.011745  
110.809404 0.005745  0.095931  -0.011616  0.994896  0.050208  -0.087530  0.081495  0.111734  0.990391  0.059505  -0.992469  0.107072  0.002493  -0.002216  -0.014665  -0.470377  -0.242620  0.141924  2.000000  0.999871  0.013848  0.008193  -0.008380  0.013485  0.999874  0.013736  -0.999813  0.013599  0.999983  0.001812  0.005593  -0.001755  0.999946  -0.010218  -0.005611  0.010208  0.999932  1.000000  0.000022  0.000070  -0.000022  1.000000  -0.000128  -0.000070  0.000128  1.000000  0.999871  0.013848  0.008193  -0.008380  0.013485  0.999874  0.013736  -0.999813  0.013599  0.000136  0.011784  
110.810654 0.005748  0.095928  -0.011635  0.994921  0.050322  -0.087173  0.081085  0.112445  0.990344  0.059639  -0.992383  0.107794  0.002418  -0.002163  -0.014875  -0.478046  -0.250301  0.133814  2.000000  0.999866  0.013958  0.008532  -0.008729  0.014136  0.999862  0.013836  -0.999803  0.014256  0.999983  0.001684  0.005606  -0.001624  0.999943  -0.010580  -0.005623  0.010571  0.999928  1.000000  0.000021  0.000070  -0.000021  1.000000  -0.000132  -0.000070  0.000132  1.000000  0.999866  0.013958  0.008532  -0.008729  0.014136  0.999862  0.013836  -0.999803  0.014256  0.000140  0.012088  
110.811903 0.005751  0.095926  -0.011655  0.994955  0.050306  -0.086802  0.080675  0.113145  0.990298  0.059639  -0.992304  0.108516  0.002381  -0.002156  -0.015083  -0.489892  -0.258037  0.125715  2.000000  0.999862  0.014067  0.008881  -0.009089  0.014799  0.999849  0.013933  -0.999792  0.014924  0.999982  0.001577  0.005823  -0.001515  0.999942  -0.010689  -0.005840  0.010680  0.999926  1.000000  0.000019  0.000073  -0.000019  1.000000  -0.000134  -0.000073  0.000134  1.000000  0.999862  0.014067  0.008881  -0.009089  0.014799  0.999849  0.013933  -0.999792  0.014924  0.000141  0.012270  
110.813149 0.005755  0.095924  -0.011676  0.994980  0.050422  -0.086446  0.080265  0.113856  0.990250  0.059772  -0.992217  0.109237  0.002399  -0.002103  -0.015240  -0.497924  -0.256289  0.120379  2.000000  0.999858  0.014154  0.009165  -0.009382  0.015344  0.999838  0.014011  -0.999782  0.015475  0.999982  0.001714  0.005807  -0.001650  0.999938  -0.011053  -0.005826  0.011043  0.999922  1.000000  0.000021  0.000073  -0.000021  1.000000  -0.000138  -0.000073  0.000138  1.000000  0.999858  0.014154  0.009165  -0.009382  0.015344  0.999838  0.014011  -0.999782  0.015475  0.000144  0.012599  
110.814149 0.005757  0.095921  -0.011691  0.995005  0.050549  -0.086083  0.079855  0.114446  0.990215  0.059906  -0.992143  0.109838  0.002428  -0.002075  -0.015222  -0.505688  -0.265686  0.117755  2.000000  0.999854  0.014245  0.009450  -0.009676  0.015895  0.999827  0.014093  -0.999772  0.016031  0.999982  0.001850  0.005792  -0.001786  0.999937  -0.011053  -0.005812  0.011042  0.999922  1.000000  0.000023  0.000073  -0.000023  1.000000  -0.000138  -0.000073  0.000138  1.000000  0.999854  0.014245  0.009450  -0.009676  0.015895  0.999827  0.014093  -0.999772  0.016031  0.000145  0.012610  
110.815402 0.005761  0.095919  -0.011711  0.995030  0.050666  -0.085727  0.079444  0.115157  0.990165  0.060039  -0.992054  0.110559  0.002448  -0.002016  -0.015232  -0.513658  -0.273094  0.114215  2.000000  0.999849  0.014358  0.009808  -0.010046  0.016594  0.999812  0.014193  -0.999759  0.016735  0.999982  0.001722  0.005805  -0.001657  0.999935  -0.011295  -0.005824  0.011285  0.999919  1.000000  0.000021  0.000073  -0.000021  1.000000  -0.000141  -0.000073  0.000141  1.000000  0.999849  0.014358  0.009808  -0.010046  0.016594  0.999812  0.014193  -0.999759  0.016735  0.000148  0.012811  
110.816439 0.005763  0.095916  -0.011726  0.995046  0.050638  -0.085554  0.079239  0.115747  0.990113  0.060039  -0.991987  0.111161  0.002499  -0.001976  -0.015110  -0.521203  -0.273664  0.105279  2.000000  0.999844  0.014456  0.010100  -0.010348  0.017155  0.999799  0.014280  -0.999748  0.017302  0.999980  0.001881  0.005994  -0.001814  0.999936  -0.011161  -0.006014  0.011150  0.999920  1.000000  0.000023  0.000075  -0.000023  1.000000  -0.000139  -0.000075  0.000139  1.000000  0.999844  0.014456  0.010100  -0.010348  0.017155  0.999799  0.014280  -0.999748  0.017302  0.000149  0.012803  
110.817651 0.005767  0.095914  -0.011744  0.995070  0.050766  -0.085192  0.078829  0.116337  0.990077  0.060173  -0.991912  0.111762  0.002538  -0.001940  -0.014996  -0.522332  -0.277328  0.097505  2.000000  0.999840  0.014550  0.010395  -0.010653  0.017721  0.999786  0.014362  -0.999737  0.017873  0.999979  0.001908  0.006196  -0.001838  0.999935  -0.011270  -0.006217  0.011258  0.999917  1.000000  0.000023  0.000078  -0.000023  1.000000  -0.000141  -0.000078  0.000141  1.000000  0.999840  0.014550  0.010395  -0.010653  0.017721  0.999786  0.014362  -0.999737  0.017873  0.000150  0.012997  
110.818899 0.005771  0.095912  -0.011761  0.995103  0.050752  -0.084821  0.078419  0.117037  0.990027  0.060173  -0.991830  0.112483  0.002638  -0.001902  -0.014905  -0.524386  -0.286461  0.092925  2.000000  0.999835  0.014648  0.010700  -0.010967  0.018290  0.999773  0.014449  -0.999725  0.018448  0.999978  0.001803  0.006414  -0.001729  0.999932  -0.011500  -0.006434  0.011488  0.999913  1.000000  0.000022  0.000080  -0.000022  1.000000  -0.000144  -0.000080  0.000144  1.000000  0.999835  0.014648  0.010700  -0.010967  0.018290  0.999773  0.014449  -0.999725  0.018448  0.000151  0.013286  
110.819918 0.005774  0.095910  -0.011776  0.995127  0.050892  -0.084453  0.078009  0.117506  0.990003  0.060307  -0.991767  0.112964  0.002629  -0.001896  -0.014864  -0.528249  -0.289027  0.089291  2.000000  0.999831  0.014742  0.011005  -0.011282  0.018864  0.999758  0.014531  -0.999713  0.019027  0.999979  0.001783  0.006209  -0.001711  0.999932  -0.011512  -0.006229  0.011501  0.999914  1.000000  0.000022  0.000078  -0.000022  1.000000  -0.000144  -0.000078  0.000144  1.000000  0.999831  0.014742  0.011005  -0.011282  0.018864  0.999758  0.014531  -0.999713  0.019027  0.000152  0.013196  
110.821148 0.005777  0.095907  -0.011794  0.995143  0.050865  -0.084280  0.077804  0.118096  0.989949  0.060307  -0.991699  0.113565  0.002698  -0.001931  -0.014910  -0.528502  -0.286903  0.088806  2.000000  0.999826  0.014840  0.011317  -0.011605  0.019438  0.999744  0.014616  -0.999701  0.019606  0.999978  0.001810  0.006412  -0.001736  0.999932  -0.011499  -0.006433  0.011487  0.999913  1.000000  0.000022  0.000080  -0.000022  1.000000  -0.000144  -0.000080  0.000144  1.000000  0.999826  0.014840  0.011317  -0.011605  0.019438  0.999744  0.014616  -0.999701  0.019606  0.000152  0.013285  
110.822149 0.005780  0.095905  -0.011808  0.995167  0.050995  -0.083919  0.077394  0.118686  0.989911  0.060440  -0.991621  0.114166  0.002732  -0.001969  -0.014944  -0.535941  -0.293562  0.089639  2.000000  0.999821  0.014940  0.011629  -0.011927  0.020014  0.999729  0.014704  -0.999688  0.020189  0.999978  0.001946  0.006396  -0.001873  0.999932  -0.011499  -0.006418  0.011486  0.999913  1.000000  0.000024  0.000080  -0.000024  1.000000  -0.000144  -0.000080  0.000144  1.000000  0.999821  0.014940  0.011629  -0.011927  0.020014  0.999729  0.014704  -0.999688  0.020189  0.000154  0.013296  
110.823397 0.005784  0.095902  -0.011828  0.995175  0.051090  -0.083767  0.077188  0.119406  0.989840  0.060574  -0.991530  0.114886  0.002751  -0.002037  -0.015092  -0.540539  -0.286301  0.093566  2.000000  0.999814  0.015073  0.012018  -0.012329  0.020731  0.999709  0.014820  -0.999671  0.020913  0.999977  0.002084  0.006379  -0.002010  0.999932  -0.011499  -0.006402  0.011486  0.999914  1.000000  0.000026  0.000080  -0.000026  1.000000  -0.000144  -0.000080  0.000144  1.000000  0.999814  0.015073  0.012018  -0.012329  0.020731  0.999709  0.014820  -0.999671  0.020913  0.000155  0.013308  
110.824402 0.005787  0.095899  -0.011844  0.995183  0.051197  -0.083610  0.076983  0.120006  0.989784  0.060707  -0.991452  0.115487  0.002771  -0.002115  -0.015194  -0.544410  -0.286177  0.093699  2.000000  0.999809  0.015187  0.012326  -0.012648  0.021304  0.999693  0.014920  -0.999658  0.021492  0.999979  0.002196  0.006158  -0.002125  0.999931  -0.011511  -0.006183  0.011497  0.999915  1.000000  0.000027  0.000077  -0.000027  1.000000  -0.000144  -0.000077  0.000144  1.000000  0.999809  0.015187  0.012326  -0.012648  0.021304  0.999693  0.014920  -0.999658  0.021492  0.000155  0.013233  
