1-Time 2-Px 3-Py 4-Pz 5-R11 6-R21 7-R31 8-R12 9-R22 10-R32 11-R13 12-R23 13-R33 14-Vx 15-Vy 16-Vz 17-Wx 18-Wy 19-Wz 20-state 21-PR11 22-PR21 23-PR31 24-PR12 25-PR22 26-PR32 27-PR13 28-PR23 29-PR33 
213.947156 0.001259  0.087084  0.001329  0.996657  0.051497  0.063419  -0.051547  0.998670  -0.000851  -0.063378  -0.002421  0.997987  0.001737  0.001497  0.001383  0.000000  0.000000  0.000000  2.000000  1.000000  0.000000  0.000000  -0.000000  1.000000  0.000000  0.000000  -0.000000  1.000000  1.000000  -0.000206  0.000267  0.000206  1.000000  0.000134  -0.000267  -0.000134  1.000000  1.000000  0.000000  0.000000  0.000000  1.000000  0.000000  0.000000  0.000000  1.000000  0.571030  0.734451  -0.366751  -0.727571  0.659694  0.188267  0.380216  0.159332  0.911070  0.000000  0.000000  
213.948163 0.001261  0.087085  0.001330  0.996657  0.051497  0.063419  -0.051547  0.998670  -0.000851  -0.063378  -0.002421  0.997987  0.001696  0.001451  0.001406  0.000000  0.000000  0.000000  2.000000  1.000000  0.000000  0.000000  0.000000  1.000000  0.000000  0.000000  0.000000  1.000000  1.000000  -0.000001  0.000401  0.000001  1.000000  0.000121  -0.000401  -0.000121  1.000000  1.000000  0.000000  0.000000  0.000000  1.000000  0.000000  0.000000  0.000000  1.000000  1.000000  0.000000  0.000000  0.000000  1.000000  0.000000  0.000000  0.000000  1.000000  0.000000  0.000000  
213.949411 0.001262  0.087084  0.001332  0.996628  0.051908  0.063552  -0.051957  0.998649  -0.000884  -0.063512  -0.002421  0.997978  0.001635  0.001252  0.001405  0.000000  0.000000  0.000000  2.000000  1.000000  0.000000  0.000000  0.000000  1.000000  0.000000  0.000000  0.000000  1.000000  1.000000  0.000204  0.000536  -0.000204  1.000000  0.000108  -0.000536  -0.000108  1.000000  1.000000  0.000000  0.000000  0.000000  1.000000  0.000000  0.000000  0.000000  1.000000  1.000000  0.000000  0.000000  0.000000  1.000000  0.000000  0.000000  0.000000  1.000000  0.000000  0.000000  
213.950411 0.001262  0.087081  0.001334  0.996600  0.052113  0.063818  -0.052161  0.998638  -0.000911  -0.063779  -0.002421  0.997961  0.001532  0.001008  0.001426  0.000000  0.000000  0.000000  2.000000  1.000000  0.000000  0.000000  0.000000  1.000000  0.000000  0.000000  0.000000  1.000000  1.000000  0.000615  0.000670  -0.000615  1.000000  0.000082  -0.000670  -0.000082  1.000000  1.000000  0.000000  0.000000  0.000000  1.000000  0.000000  0.000000  0.000000  1.000000  1.000000  0.000000  0.000000  0.000000  1.000000  0.000000  0.000000  0.000000  1.000000  0.000000  0.000000  
213.951415 0.001263  0.087079  0.001335  0.996553  0.052523  0.064218  -0.052570  0.998617  -0.000958  -0.064179  -0.002421  0.997935  0.001460  0.000753  0.001384  0.000000  0.000000  0.000000  2.000000  1.000000  0.000000  0.000000  0.000000  1.000000  0.000000  0.000000  0.000000  1.000000  0.999999  0.000820  0.000939  -0.000820  1.000000  0.000069  -0.000939  -0.000069  1.000000  1.000000  0.000000  0.000000  0.000000  1.000000  0.000000  0.000000  0.000000  1.000000  1.000000  0.000000  0.000000  0.000000  1.000000  0.000000  0.000000  0.000000  1.000000  0.000000  0.000000  
213.952418 0.001264  0.087077  0.001337  0.996525  0.052728  0.064484  -0.052774  0.998606  -0.000986  -0.064446  -0.002421  0.997918  0.001395  0.000509  0.001438  0.000000  0.000000  0.000000  2.000000  1.000000  0.000000  0.000000  0.000000  1.000000  0.000000  0.000000  0.000000  1.000000  0.999999  0.001024  0.001340  -0.001024  0.999999  0.000055  -0.001340  -0.000056  0.999999  1.000000  0.000000  0.000000  0.000000  1.000000  0.000000  0.000000  0.000000  1.000000  1.000000  0.000000  0.000000  0.000000  1.000000  0.000000  0.000000  0.000000  1.000000  0.000000  0.000000  
213.953666 0.001264  0.087074  0.001339  0.996497  0.052933  0.064751  -0.052978  0.998595  -0.001013  -0.064713  -0.002421  0.997901  0.001260  0.000195  0.001495  0.000000  0.000000  0.000000  2.000000  1.000000  0.000000  0.000000  0.000000  1.000000  0.000000  0.000000  0.000000  1.000000  0.999998  0.001229  0.001609  -0.001229  0.999999  0.000041  -0.001608  -0.000043  0.999999  1.000000  0.000000  0.000000  0.000000  1.000000  0.000000  0.000000  0.000000  1.000000  1.000000  0.000000  0.000000  0.000000  1.000000  0.000000  0.000000  0.000000  1.000000  0.000000  0.000000  
213.954915 0.001265  0.087072  0.001341  0.996477  0.053130  0.064890  -0.053183  0.998584  -0.000912  -0.064847  -0.002542  0.997892  0.001178  -0.000079  0.001496  0.000000  0.000000  0.000000  2.000000  1.000000  0.000000  0.000000  0.000000  1.000000  0.000000  0.000000  0.000000  1.000000  0.999997  0.001434  0.001743  -0.001434  0.999999  0.000149  -0.001743  -0.000152  0.999998  1.000000  0.000000  0.000000  0.000000  1.000000  0.000000  0.000000  0.000000  1.000000  1.000000  0.000000  0.000000  0.000000  1.000000  0.000000  0.000000  0.000000  1.000000  0.000000  0.000000  
213.955916 0.001266  0.087070  0.001342  0.996457  0.053335  0.065023  -0.053388  0.998573  -0.000933  -0.064980  -0.002542  0.997883  0.001091  -0.000328  0.001486  0.000000  0.000000  0.000000  2.000000  1.000000  0.000000  0.000000  0.000000  1.000000  0.000000  0.000000  0.000000  1.000000  0.999997  0.001844  0.001878  -0.001845  0.999998  0.000122  -0.001878  -0.000126  0.999998  1.000000  0.000000  0.000000  0.000000  1.000000  0.000000  0.000000  0.000000  1.000000  1.000000  0.000000  0.000000  0.000000  1.000000  0.000000  0.000000  0.000000  1.000000  0.000000  0.000000  
213.957169 0.001267  0.087068  0.001344  0.996427  0.053746  0.065156  -0.053798  0.998551  -0.000967  -0.065114  -0.002542  0.997875  0.001030  -0.000632  0.001467  0.000000  0.000000  0.000000  2.000000  1.000000  0.000000  0.000000  0.000000  1.000000  0.000000  0.000000  0.000000  1.000000  0.999996  0.002049  0.002012  -0.002050  0.999998  0.000109  -0.002012  -0.000113  0.999998  1.000000  0.000000  0.000000  0.000000  1.000000  0.000000  0.000000  0.000000  1.000000  1.000000  0.000000  0.000000  0.000000  1.000000  0.000000  0.000000  0.000000  1.000000  0.000000  0.000000  
213.958416 0.001268  0.087065  0.001346  0.996389  0.053943  0.065563  -0.054001  0.998540  -0.000881  -0.065514  -0.002663  0.997848  0.000962  -0.000955  0.001493  0.000000  0.000000  0.000000  2.000000  1.000000  0.000000  0.000000  0.000000  1.000000  0.000000  0.000000  0.000000  1.000000  0.999994  0.002459  0.002415  -0.002460  0.999997  0.000202  -0.002414  -0.000208  0.999997  1.000000  0.000000  0.000000  0.000000  1.000000  0.000000  0.000000  0.000000  1.000000  1.000000  0.000000  0.000000  0.000000  1.000000  0.000000  0.000000  0.000000  1.000000  0.000000  0.000000  
213.959666 0.001270  0.087062  0.001348  0.996332  0.054353  0.066095  -0.054410  0.998518  -0.000937  -0.066048  -0.002663  0.997813  0.000971  -0.001232  0.001527  0.000000  0.000000  0.000000  2.000000  1.000000  0.000000  0.000000  0.000000  1.000000  0.000000  0.000000  0.000000  1.000000  0.999992  0.002869  0.002817  -0.002869  0.999996  0.000174  -0.002817  -0.000182  0.999996  1.000000  0.000000  0.000000  0.000000  1.000000  0.000000  0.000000  0.000000  1.000000  1.000000  0.000000  0.000000  0.000000  1.000000  0.000000  0.000000  0.000000  1.000000  0.000000  0.000000  
213.960925 0.001271  0.087059  0.001351  0.996263  0.054968  0.066628  -0.055023  0.998485  -0.001007  -0.066582  -0.002663  0.997777  0.000905  -0.001546  0.001637  0.000000  0.000000  0.000000  2.000000  1.000000  0.000000  0.000000  0.000000  1.000000  0.000000  0.000000  0.000000  1.000000  0.999989  0.003279  0.003220  -0.003279  0.999995  0.000145  -0.003219  -0.000156  0.999995  1.000000  0.000000  0.000000  0.000000  1.000000  0.000000  0.000000  0.000000  1.000000  1.000000  0.000000  0.000000  0.000000  1.000000  0.000000  0.000000  0.000000  1.000000  0.000000  0.000000  
213.962168 0.001271  0.087054  0.001355  0.996204  0.055378  0.067161  -0.055431  0.998462  -0.001064  -0.067116  -0.002663  0.997742  0.000751  -0.002057  0.001736  0.000000  0.000000  0.000000  2.000000  1.000000  0.000000  0.000000  0.000000  1.000000  0.000000  0.000000  0.000000  1.000000  0.999986  0.003688  0.003756  -0.003689  0.999993  0.000116  -0.003755  -0.000130  0.999993  1.000000  0.000000  0.000000  0.000000  1.000000  0.000000  0.000000  0.000000  1.000000  1.000000  0.000000  0.000000  0.000000  1.000000  0.000000  0.000000  0.000000  1.000000  0.000000  0.000000  
213.963412 0.001270  0.087048  0.001358  0.996154  0.055788  0.067560  -0.055840  0.998439  -0.001114  -0.067517  -0.002662  0.997715  0.000610  -0.002495  0.001821  0.000000  0.000000  0.000000  2.000000  1.000000  0.000000  0.000000  0.000000  1.000000  0.000000  0.000000  0.000000  1.000000  0.999982  0.004098  0.004292  -0.004098  0.999992  -0.000035  -0.004292  0.000018  0.999991  1.000000  0.000000  0.000000  0.000000  1.000000  0.000000  0.000000  0.000000  1.000000  1.000000  0.000000  0.000000  0.000000  1.000000  0.000000  0.000000  0.000000  1.000000  0.000000  0.000000  
213.964412 0.001268  0.087042  0.001360  0.996125  0.055992  0.067827  -0.056044  0.998428  -0.001143  -0.067784  -0.002662  0.997696  0.000422  -0.002805  0.001877  0.000000  0.000000  0.000000  2.000000  1.000000  0.000000  0.000000  0.000000  1.000000  0.000000  0.000000  0.000000  1.000000  0.999979  0.004508  0.004560  -0.004508  0.999990  -0.000064  -0.004561  0.000044  0.999990  1.000000  0.000000  0.000000  0.000000  1.000000  0.000000  0.000000  0.000000  1.000000  1.000000  0.000000  0.000000  0.000000  1.000000  0.000000  0.000000  0.000000  1.000000  0.000000  0.000000  
213.965662 0.001267  0.087034  0.001364  0.996086  0.056205  0.068219  -0.056248  0.998416  -0.001301  -0.068184  -0.002541  0.997670  0.000264  -0.003135  0.002010  -0.002294  -0.171266  0.158383  2.000000  1.000000  0.000000  0.000000  0.000000  1.000000  0.000000  0.000000  0.000000  1.000000  0.999977  0.004713  0.004828  -0.004712  0.999989  -0.000201  -0.004829  0.000178  0.999988  1.000000  0.000000  0.000000  0.000000  1.000000  0.000000  0.000000  0.000000  1.000000  1.000000  0.000000  0.000000  0.000000  1.000000  0.000000  0.000000  0.000000  1.000000  0.000000  0.000000  
213.966662 0.001266  0.087028  0.001367  0.996056  0.056410  0.068486  -0.056452  0.998404  -0.001330  -0.068451  -0.002541  0.997651  0.000178  -0.003348  0.002084  -0.002770  -0.180273  0.165261  2.000000  1.000000  -0.000049  0.000170  0.000049  1.000000  -0.000005  -0.000170  0.000005  1.000000  0.999975  0.004918  0.005096  -0.004917  0.999988  -0.000216  -0.005097  0.000191  0.999987  1.000000  -0.000024  0.000085  0.000024  1.000000  -0.000003  -0.000085  0.000003  1.000000  1.000000  -0.000049  0.000170  0.000049  1.000000  -0.000005  -0.000170  0.000005  1.000000  0.000060  0.007085  
213.967665 0.001265  0.087022  0.001369  0.996026  0.056615  0.068752  -0.056656  0.998393  -0.001359  -0.068718  -0.002541  0.997633  0.000069  -0.003657  0.002098  -0.003249  -0.189284  0.172142  2.000000  1.000000  -0.000153  0.000520  0.000153  1.000000  -0.000016  -0.000520  0.000016  1.000000  0.999972  0.005123  0.005364  -0.005122  0.999987  -0.000232  -0.005365  0.000205  0.999986  1.000000  -0.000026  0.000089  0.000026  1.000000  -0.000003  -0.000089  0.000003  1.000000  1.000000  -0.000153  0.000520  0.000153  1.000000  -0.000016  -0.000520  0.000016  1.000000  0.000064  0.007421  
213.968915 0.001265  0.087014  0.001371  0.995966  0.057016  0.069291  -0.057064  0.998370  -0.001297  -0.069252  -0.002662  0.997596  0.000016  -0.004049  0.002128  -0.000134  -0.207312  0.185888  2.000000  0.999999  -0.000288  0.000980  0.000288  1.000000  -0.000024  -0.000980  0.000024  1.000000  0.999969  0.005326  0.005767  -0.005326  0.999986  -0.000127  -0.005767  0.000097  0.999983  1.000000  -0.000029  0.000094  0.000029  1.000000  -0.000001  -0.000094  0.000001  1.000000  0.999999  -0.000288  0.000980  0.000288  1.000000  -0.000024  -0.000980  0.000024  1.000000  0.000069  0.007851  
213.970171 0.001265  0.087005  0.001372  0.995926  0.057221  0.069691  -0.057267  0.998358  -0.001334  -0.069653  -0.002662  0.997568  -0.000015  -0.004507  0.002083  -0.000643  -0.216225  0.192678  2.000000  0.999999  -0.000443  0.001453  0.000443  1.000000  -0.000031  -0.001453  0.000031  0.999999  0.999968  0.005326  0.006034  -0.005325  0.999986  -0.000130  -0.006035  0.000098  0.999982  1.000000  -0.000032  0.000095  0.000032  1.000000  -0.000001  -0.000095  0.000001  1.000000  0.999999  -0.000443  0.001453  0.000443  1.000000  -0.000031  -0.001453  0.000031  0.999999  0.000072  0.008049  
213.971412 0.001266  0.086997  0.001374  0.995865  0.057630  0.070223  -0.057675  0.998334  -0.001394  -0.070187  -0.002662  0.997530  -0.000029  -0.004865  0.002061  -0.001618  -0.234321  0.206505  2.000000  0.999998  -0.000579  0.001836  0.000579  1.000000  -0.000036  -0.001836  0.000037  0.999998  0.999966  0.005325  0.006302  -0.005324  0.999986  -0.000133  -0.006302  0.000100  0.999980  1.000000  -0.000035  0.000097  0.000035  1.000000  -0.000001  -0.000097  0.000001  1.000000  0.999998  -0.000579  0.001836  0.000579  1.000000  -0.000036  -0.001836  0.000037  0.999998  0.000078  0.008251  
213.972430 0.001267  0.086990  0.001375  0.995825  0.057835  0.070623  -0.057878  0.998323  -0.001432  -0.070587  -0.002662  0.997502  -0.000035  -0.005199  0.002018  -0.006195  -0.247675  0.213214  2.000000  0.999997  -0.000722  0.002220  0.000722  1.000000  -0.000041  -0.002220  0.000043  0.999998  0.999966  0.005119  0.006435  -0.005118  0.999987  -0.000121  -0.006436  0.000088  0.999979  1.000000  -0.000038  0.000096  0.000038  1.000000  -0.000001  -0.000096  0.000001  1.000000  0.999997  -0.000722  0.002220  0.000722  1.000000  -0.000041  -0.002220  0.000043  0.999998  0.000081  0.008224  
213.973666 0.001268  0.086982  0.001376  0.995797  0.057834  0.071022  -0.057877  0.998323  -0.001455  -0.070987  -0.002662  0.997474  -0.000054  -0.005568  0.001962  -0.006241  -0.261282  0.213281  2.000000  0.999996  -0.000868  0.002606  0.000868  1.000000  -0.000047  -0.002606  0.000049  0.999997  0.999965  0.005119  0.006569  -0.005118  0.999987  -0.000123  -0.006569  0.000089  0.999978  1.000000  -0.000039  0.000096  0.000039  1.000000  -0.000001  -0.000096  0.000001  1.000000  0.999996  -0.000868  0.002606  0.000868  1.000000  -0.000047  -0.002606  0.000049  0.999997  0.000084  0.008328  
213.974915 0.001269  0.086973  0.001376  0.995756  0.058038  0.071422  -0.058080  0.998311  -0.001493  -0.071388  -0.002662  0.997445  -0.000089  -0.005964  0.001852  -0.006750  -0.274794  0.220152  2.000000  0.999995  -0.001058  0.003091  0.001059  0.999999  -0.000055  -0.003091  0.000058  0.999995  0.999965  0.005118  0.006569  -0.005117  0.999987  -0.000245  -0.006570  0.000212  0.999978  1.000000  -0.000039  0.000096  0.000039  1.000000  -0.000003  -0.000096  0.000003  1.000000  0.999995  -0.001058  0.003091  0.001059  0.999999  -0.000055  -0.003091  0.000058  0.999995  0.000087  0.008331  
213.976165 0.001269  0.086964  0.001378  0.995725  0.058243  0.071688  -0.058284  0.998299  -0.001523  -0.071655  -0.002662  0.997426  -0.000110  -0.006301  0.001736  -0.007258  -0.284271  0.227403  2.000000  0.999993  -0.001260  0.003577  0.001260  0.999999  -0.000069  -0.003577  0.000073  0.999994  0.999964  0.005118  0.006836  -0.005116  0.999987  -0.000247  -0.006838  0.000212  0.999977  1.000000  -0.000042  0.000098  0.000042  1.000000  -0.000003  -0.000098  0.000003  1.000000  0.999993  -0.001260  0.003577  0.001260  0.999999  -0.000069  -0.003577  0.000073  0.999994  0.000090  0.008543  
213.977167 0.001269  0.086956  0.001379  0.995694  0.058448  0.071954  -0.058488  0.998287  -0.001553  -0.071922  -0.002662  0.997407  -0.000139  -0.006568  0.001601  -0.007762  -0.288394  0.233978  2.000000  0.999991  -0.001433  0.003961  0.001433  0.999999  -0.000079  -0.003961  0.000085  0.999992  0.999964  0.004912  0.006970  -0.004910  0.999988  -0.000234  -0.006971  0.000200  0.999976  1.000000  -0.000045  0.000097  0.000045  1.000000  -0.000003  -0.000097  0.000003  1.000000  0.999991  -0.001433  0.003961  0.001433  0.999999  -0.000079  -0.003961  0.000085  0.999992  0.000093  0.008529  
213.978413 0.001268  0.086945  0.001380  0.995665  0.058447  0.072354  -0.058486  0.998287  -0.001577  -0.072322  -0.002662  0.997378  -0.000123  -0.006884  0.001424  -0.007340  -0.301882  0.227049  2.000000  0.999989  -0.001659  0.004437  0.001660  0.999999  -0.000093  -0.004437  0.000100  0.999990  0.999965  0.004706  0.006969  -0.004704  0.999989  -0.000342  -0.006971  0.000309  0.999976  1.000000  -0.000046  0.000094  0.000046  1.000000  -0.000004  -0.000094  0.000004  1.000000  0.999989  -0.001659  0.004437  0.001660  0.999999  -0.000093  -0.004437  0.000100  0.999990  0.000094  0.008416  
213.979414 0.001267  0.086937  0.001381  0.995634  0.058652  0.072620  -0.058690  0.998275  -0.001608  -0.072589  -0.002661  0.997358  -0.000033  -0.007028  0.001356  -0.007400  -0.301860  0.227028  2.000000  0.999987  -0.001800  0.004719  0.001800  0.999998  -0.000104  -0.004719  0.000113  0.999989  0.999964  0.004706  0.007103  -0.004704  0.999989  -0.000344  -0.007105  0.000310  0.999975  1.000000  -0.000047  0.000095  0.000047  1.000000  -0.000004  -0.000095  0.000004  1.000000  0.999987  -0.001800  0.004719  0.001800  0.999998  -0.000104  -0.004719  0.000113  0.999989  0.000095  0.008527  
213.980662 0.001267  0.086926  0.001381  0.995592  0.058856  0.073019  -0.058893  0.998263  -0.001646  -0.072989  -0.002661  0.997329  0.000038  -0.007240  0.001152  -0.007019  -0.301906  0.220166  2.000000  0.999985  -0.002042  0.005174  0.002042  0.999998  -0.000123  -0.005174  0.000133  0.999987  0.999966  0.004295  0.006968  -0.004293  0.999991  -0.000316  -0.006970  0.000286  0.999976  1.000000  -0.000049  0.000090  0.000049  1.000000  -0.000004  -0.000090  0.000004  1.000000  0.999985  -0.002042  0.005174  0.002042  0.999998  -0.000123  -0.005174  0.000133  0.999987  0.000093  0.008191  
213.981911 0.001266  0.086915  0.001382  0.995563  0.058864  0.073412  -0.058891  0.998263  -0.001791  -0.073389  -0.002540  0.997300  0.000027  -0.007469  0.001035  -0.010604  -0.303811  0.211480  2.000000  0.999982  -0.002284  0.005612  0.002285  0.999997  -0.000143  -0.005612  0.000156  0.999984  0.999969  0.003885  0.006833  -0.003883  0.999992  -0.000408  -0.006835  0.000382  0.999977  1.000000  -0.000050  0.000085  0.000050  1.000000  -0.000005  -0.000085  0.000005  1.000000  0.999982  -0.002284  0.005612  0.002285  0.999997  -0.000143  -0.005612  0.000156  0.999984  0.000093  0.007870  
213.982912 0.001265  0.086906  0.001383  0.995531  0.059069  0.073678  -0.059095  0.998251  -0.001822  -0.073656  -0.002540  0.997280  0.000033  -0.007603  0.000924  -0.010662  -0.303842  0.211498  2.000000  0.999979  -0.002477  0.005948  0.002478  0.999997  -0.000162  -0.005948  0.000176  0.999982  0.999970  0.003886  0.006699  -0.003883  0.999992  -0.000409  -0.006701  0.000383  0.999977  1.000000  -0.000048  0.000084  0.000048  1.000000  -0.000005  -0.000084  0.000005  1.000000  0.999979  -0.002477  0.005948  0.002478  0.999997  -0.000162  -0.005948  0.000176  0.999982  0.000094  0.007755  
213.984163 0.001264  0.086895  0.001384  0.995512  0.059068  0.073944  -0.059094  0.998251  -0.001838  -0.073923  -0.002540  0.997261  -0.000019  -0.007759  0.000848  -0.014278  -0.308409  0.204692  2.000000  0.999976  -0.002716  0.006337  0.002717  0.999996  -0.000184  -0.006337  0.000201  0.999980  0.999974  0.003270  0.006430  -0.003268  0.999995  -0.000365  -0.006431  0.000344  0.999979  1.000000  -0.000049  0.000076  0.000049  1.000000  -0.000004  -0.000076  0.000004  1.000000  0.999976  -0.002716  0.006337  0.002717  0.999996  -0.000184  -0.006337  0.000201  0.999980  0.000093  0.007223  
213.985165 0.001263  0.086887  0.001385  0.995489  0.059264  0.074084  -0.059298  0.998239  -0.001740  -0.074057  -0.002661  0.997250  -0.000126  -0.007832  0.000820  -0.010342  -0.310881  0.206304  2.000000  0.999974  -0.002906  0.006639  0.002907  0.999996  -0.000198  -0.006638  0.000217  0.999978  0.999975  0.003270  0.006297  -0.003268  0.999995  -0.000244  -0.006298  0.000223  0.999980  1.000000  -0.000048  0.000075  0.000048  1.000000  -0.000003  -0.000075  0.000003  1.000000  0.999974  -0.002906  0.006639  0.002907  0.999996  -0.000198  -0.006638  0.000217  0.999978  0.000093  0.007099  
213.986172 0.001263  0.086880  0.001385  0.995480  0.059264  0.074217  -0.059298  0.998239  -0.001748  -0.074190  -0.002661  0.997241  -0.000185  -0.007884  0.000765  -0.009409  -0.310925  0.192544  2.000000  0.999971  -0.003092  0.006929  0.003093  0.999995  -0.000205  -0.006928  0.000227  0.999976  0.999976  0.003064  0.006163  -0.003064  0.999995  -0.000108  -0.006163  0.000089  0.999981  1.000000  -0.000048  0.000072  0.000048  1.000000  -0.000001  -0.000072  0.000001  1.000000  0.999971  -0.003092  0.006929  0.003093  0.999995  -0.000205  -0.006928  0.000227  0.999976  0.000092  0.006883  
213.987417 0.001262  0.086871  0.001386  0.995457  0.059469  0.074350  -0.059502  0.998227  -0.001771  -0.074323  -0.002661  0.997231  -0.000316  -0.007929  0.000771  -0.013520  -0.306301  0.192449  2.000000  0.999969  -0.003276  0.007209  0.003278  0.999995  -0.000209  -0.007209  0.000233  0.999974  0.999977  0.003065  0.006029  -0.003064  0.999995  -0.000108  -0.006029  0.000090  0.999982  1.000000  -0.000046  0.000071  0.000046  1.000000  -0.000001  -0.000071  0.000001  1.000000  0.999969  -0.003276  0.007209  0.003278  0.999995  -0.000209  -0.007209  0.000233  0.999974  0.000091  0.006764  
213.988662 0.001262  0.086862  0.001387  0.995448  0.059469  0.074483  -0.059502  0.998227  -0.001779  -0.074457  -0.002661  0.997221  -0.000444  -0.007966  0.000762  -0.012500  -0.294861  0.177216  2.000000  0.999965  -0.003499  0.007550  0.003501  0.999994  -0.000214  -0.007549  0.000240  0.999971  0.999979  0.002860  0.005761  -0.002860  0.999996  -0.000093  -0.005761  0.000077  0.999983  1.000000  -0.000044  0.000067  0.000044  1.000000  -0.000001  -0.000067  0.000001  1.000000  0.999965  -0.003499  0.007550  0.003501  0.999994  -0.000214  -0.007549  0.000240  0.999971  0.000087  0.006432  
213.989667 0.001260  0.086854  0.001388  0.995425  0.059674  0.074616  -0.059706  0.998214  -0.001802  -0.074590  -0.002661  0.997211  -0.000562  -0.008066  0.000762  -0.012176  -0.283771  0.171799  2.000000  0.999963  -0.003673  0.007807  0.003675  0.999993  -0.000222  -0.007806  0.000251  0.999969  0.999981  0.002655  0.005493  -0.002654  0.999996  -0.000200  -0.005493  0.000185  0.999985  1.000000  -0.000043  0.000063  0.000043  1.000000  -0.000002  -0.000063  0.000002  1.000000  0.999963  -0.003673  0.007807  0.003675  0.999993  -0.000222  -0.007806  0.000251  0.999969  0.000085  0.006104  
213.990915 0.001258  0.086843  0.001387  0.995393  0.059879  0.074882  -0.059910  0.998202  -0.001834  -0.074857  -0.002661  0.997191  -0.000764  -0.008173  0.000617  -0.011651  -0.277043  0.163599  2.000000  0.999960  -0.003882  0.008116  0.003884  0.999992  -0.000233  -0.008115  0.000265  0.999967  0.999983  0.002656  0.005225  -0.002655  0.999996  -0.000200  -0.005225  0.000186  0.999986  1.000000  -0.000040  0.000061  0.000040  1.000000  -0.000002  -0.000061  0.000002  1.000000  0.999960  -0.003882  0.008116  0.003884  0.999992  -0.000233  -0.008115  0.000265  0.999967  0.000081  0.005864  
213.992165 0.001255  0.086831  0.001385  0.995361  0.060083  0.075148  -0.060113  0.998190  -0.001865  -0.075124  -0.002661  0.997171  -0.000926  -0.008273  0.000427  -0.011226  -0.268043  0.156736  2.000000  0.999958  -0.003961  0.008236  0.003963  0.999992  -0.000237  -0.008235  0.000270  0.999966  0.999985  0.002246  0.004956  -0.002245  0.999997  -0.000170  -0.004957  0.000159  0.999988  1.000000  0.000000  0.000000  0.000000  1.000000  0.000000  0.000000  0.000000  1.000000  0.999958  -0.003961  0.008236  0.003963  0.999992  -0.000237  -0.008235  0.000270  0.999966  0.000079  0.000000  
213.993165 0.001252  0.086823  0.001384  0.995341  0.060092  0.075407  -0.060112  0.998190  -0.002002  -0.075391  -0.002540  0.997151  -0.001056  -0.008267  0.000299  -0.014459  -0.265693  0.144240  2.000000  0.999958  -0.003961  0.008236  0.003963  0.999992  -0.000237  -0.008235  0.000270  0.999966  0.999986  0.002247  0.004688  -0.002246  0.999997  -0.000292  -0.004689  0.000281  0.999989  1.000000  0.000000  0.000000  0.000000  1.000000  0.000000  0.000000  0.000000  1.000000  0.999958  -0.003961  0.008236  0.003963  0.999992  -0.000237  -0.008235  0.000270  0.999966  0.000076  0.000000  
213.994170 0.001250  0.086813  0.001383  0.995328  0.060297  0.075407  -0.060317  0.998177  -0.002018  -0.075391  -0.002540  0.997151  -0.001211  -0.008349  0.000141  -0.014476  -0.256661  0.144240  2.000000  0.999958  -0.003961  0.008236  0.003963  0.999992  -0.000237  -0.008235  0.000270  0.999966  0.999987  0.002453  0.004421  -0.002452  0.999997  -0.000308  -0.004422  0.000297  0.999990  1.000000  0.000000  0.000000  0.000000  1.000000  0.000000  0.000000  0.000000  1.000000  0.999958  -0.003961  0.008236  0.003963  0.999992  -0.000237  -0.008235  0.000270  0.999966  0.000074  0.000000  
213.995412 0.001246  0.086803  0.001382  0.995306  0.060502  0.075539  -0.060521  0.998165  -0.002041  -0.075524  -0.002540  0.997141  -0.001352  -0.008316  0.000028  -0.010442  -0.247727  0.144315  2.000000  0.999958  -0.003961  0.008236  0.003963  0.999992  -0.000237  -0.008235  0.000270  0.999966  0.999988  0.002453  0.004288  -0.002452  0.999997  -0.000308  -0.004288  0.000297  0.999991  1.000000  0.000000  0.000000  0.000000  1.000000  0.000000  0.000000  0.000000  1.000000  0.999958  -0.003961  0.008236  0.003963  0.999992  -0.000237  -0.008235  0.000270  0.999966  0.000072  0.000000  
213.996663 0.001243  0.086792  0.001381  0.995293  0.060708  0.075539  -0.060726  0.998152  -0.002057  -0.075524  -0.002540  0.997141  -0.001555  -0.008302  -0.000076  -0.010468  -0.238893  0.144434  2.000000  0.999958  -0.003961  0.008236  0.003963  0.999992  -0.000237  -0.008235  0.000270  0.999966  0.999989  0.002454  0.003886  -0.002453  0.999997  -0.000308  -0.003887  0.000298  0.999992  1.000000  0.000000  0.000000  0.000000  1.000000  0.000000  0.000000  0.000000  1.000000  0.999958  -0.003961  0.008236  0.003963  0.999992  -0.000237  -0.008235  0.000270  0.999966  0.000070  0.000000  
213.997912 0.001240  0.086782  0.001380  0.995281  0.060913  0.075539  -0.060931  0.998140  -0.002072  -0.075524  -0.002540  0.997141  -0.001703  -0.008228  -0.000177  -0.014068  -0.225234  0.137455  2.000000  0.999958  -0.003961  0.008236  0.003963  0.999992  -0.000237  -0.008235  0.000270  0.999966  0.999991  0.002250  0.003618  -0.002248  0.999997  -0.000292  -0.003619  0.000284  0.999993  1.000000  0.000000  0.000000  0.000000  1.000000  0.000000  0.000000  0.000000  1.000000  0.999958  -0.003961  0.008236  0.003963  0.999992  -0.000237  -0.008235  0.000270  0.999966  0.000066  0.000000  
213.998912 0.001237  0.086774  0.001380  0.995271  0.060904  0.075679  -0.060930  0.998140  -0.001960  -0.075658  -0.002661  0.997130  -0.001822  -0.008207  -0.000285  -0.009448  -0.214448  0.129485  2.000000  0.999958  -0.003961  0.008236  0.003963  0.999992  -0.000237  -0.008235  0.000270  0.999966  0.999991  0.002455  0.003351  -0.002454  0.999997  -0.000187  -0.003352  0.000178  0.999994  1.000000  0.000000  0.000000  0.000000  1.000000  0.000000  0.000000  0.000000  1.000000  0.999958  -0.003961  0.008236  0.003963  0.999992  -0.000237  -0.008235  0.000270  0.999966  0.000062  0.000000  
214.000162 0.001234  0.086765  0.001379  0.995258  0.061109  0.075679  -0.061135  0.998128  -0.001975  -0.075658  -0.002661  0.997130  -0.001922  -0.008148  -0.000372  -0.009476  -0.201110  0.129547  2.000000  0.999958  -0.003961  0.008236  0.003963  0.999992  -0.000237  -0.008235  0.000270  0.999966  0.999993  0.002456  0.002950  -0.002456  0.999997  -0.000187  -0.002950  0.000180  0.999996  1.000000  0.000000  0.000000  0.000000  1.000000  0.000000  0.000000  0.000000  1.000000  0.999958  -0.003961  0.008236  0.003963  0.999992  -0.000237  -0.008235  0.000270  0.999966  0.000060  0.000000  
214.001162 0.001233  0.086758  0.001379  0.995245  0.061315  0.075678  -0.061340  0.998115  -0.001991  -0.075658  -0.002661  0.997130  -0.002043  -0.008175  -0.000424  -0.009009  -0.183210  0.122721  2.000000  0.999958  -0.003961  0.008236  0.003963  0.999992  -0.000237  -0.008235  0.000270  0.999966  0.999993  0.002457  0.002682  -0.002456  0.999997  -0.000187  -0.002683  0.000180  0.999996  1.000000  0.000000  0.000000  0.000000  1.000000  0.000000  0.000000  0.000000  1.000000  0.999958  -0.003961  0.008236  0.003963  0.999992  -0.000237  -0.008235  0.000270  0.999966  0.000057  0.000000  
214.002173 0.001231  0.086751  0.001378  0.995223  0.061520  0.075811  -0.061545  0.998102  -0.002015  -0.075791  -0.002661  0.997120  -0.002151  -0.008158  -0.000534  -0.009119  -0.175773  0.123788  2.000000  0.999958  -0.003961  0.008236  0.003963  0.999992  -0.000237  -0.008235  0.000270  0.999966  0.999994  0.002663  0.002415  -0.002662  0.999996  -0.000082  -0.002415  0.000075  0.999997  1.000000  0.000000  0.000000  0.000000  1.000000  0.000000  0.000000  0.000000  1.000000  0.999958  -0.003961  0.008236  0.003963  0.999992  -0.000237  -0.008235  0.000270  0.999966  0.000055  0.000000  
214.003413 0.001228  0.086741  0.001378  0.995210  0.061725  0.075811  -0.061749  0.998090  -0.002030  -0.075791  -0.002661  0.997120  -0.002249  -0.008148  -0.000563  0.000000  0.000000  0.000000  2.000000  0.999958  -0.003961  0.008236  0.003963  0.999992  -0.000237  -0.008235  0.000270  0.999966  0.999994  0.002663  0.002148  -0.002663  0.999996  -0.000082  -0.002148  0.000076  0.999998  1.000000  0.000000  0.000000  0.000000  1.000000  0.000000  0.000000  0.000000  1.000000  0.999958  -0.003961  0.008236  0.003963  0.999992  -0.000237  -0.008235  0.000270  0.999966  0.000000  0.000000  
214.004419 0.001225  0.086734  0.001378  0.995210  0.061725  0.075811  -0.061749  0.998090  -0.002030  -0.075791  -0.002661  0.997120  -0.002375  -0.008145  -0.000626  0.000000  0.000000  0.000000  2.000000  0.999958  -0.003961  0.008236  0.003963  0.999992  -0.000237  -0.008235  0.000270  0.999966  0.999994  0.002664  0.002014  -0.002664  0.999996  -0.000082  -0.002014  0.000076  0.999998  1.000000  0.000000  0.000000  0.000000  1.000000  0.000000  0.000000  0.000000  1.000000  0.999958  -0.003961  0.008236  0.003963  0.999992  -0.000237  -0.008235  0.000270  0.999966  0.000000  0.000000  
214.005665 0.001222  0.086725  0.001377  0.995197  0.061931  0.075810  -0.061954  0.998077  -0.002046  -0.075791  -0.002661  0.997120  -0.002435  -0.008014  -0.000622  0.000000  0.000000  0.000000  2.000000  0.999958  -0.003961  0.008236  0.003963  0.999992  -0.000237  -0.008235  0.000270  0.999966  0.999995  0.002664  0.001746  -0.002664  0.999996  -0.000203  -0.001747  0.000198  0.999998  1.000000  0.000000  0.000000  0.000000  1.000000  0.000000  0.000000  0.000000  1.000000  0.999958  -0.003961  0.008236  0.003963  0.999992  -0.000237  -0.008235  0.000270  0.999966  0.000000  0.000000  
214.006916 0.001219  0.086716  0.001377  0.995184  0.062136  0.075810  -0.062159  0.998064  -0.002061  -0.075791  -0.002661  0.997120  -0.002445  -0.007833  -0.000551  0.000000  0.000000  0.000000  2.000000  0.999958  -0.003961  0.008236  0.003963  0.999992  -0.000237  -0.008235  0.000270  0.999966  0.999995  0.002870  0.001613  -0.002870  0.999996  -0.000218  -0.001614  0.000214  0.999999  1.000000  0.000000  0.000000  0.000000  1.000000  0.000000  0.000000  0.000000  1.000000  0.999958  -0.003961  0.008236  0.003963  0.999992  -0.000237  -0.008235  0.000270  0.999966  0.000000  0.000000  
214.008167 0.001216  0.086707  0.001376  0.995172  0.062351  0.075802  -0.062364  0.998051  -0.002198  -0.075791  -0.002540  0.997120  -0.002442  -0.007658  -0.000509  0.000000  0.000000  0.000000  2.000000  0.999958  -0.003961  0.008236  0.003963  0.999992  -0.000237  -0.008235  0.000270  0.999966  0.999995  0.002665  0.001478  -0.002665  0.999996  -0.000324  -0.001479  0.000320  0.999999  1.000000  0.000000  0.000000  0.000000  1.000000  0.000000  0.000000  0.000000  1.000000  0.999958  -0.003961  0.008236  0.003963  0.999992  -0.000237  -0.008235  0.000270  0.999966  0.000000  0.000000  
214.009168 0.001213  0.086700  0.001376  0.995172  0.062351  0.075802  -0.062364  0.998051  -0.002198  -0.075791  -0.002540  0.997120  -0.002436  -0.007592  -0.000462  0.000000  0.000000  0.000000  2.000000  0.999958  -0.003961  0.008236  0.003963  0.999992  -0.000237  -0.008235  0.000270  0.999966  0.999995  0.002871  0.001345  -0.002870  0.999996  -0.000340  -0.001346  0.000336  0.999999  1.000000  0.000000  0.000000  0.000000  1.000000  0.000000  0.000000  0.000000  1.000000  0.999958  -0.003961  0.008236  0.003963  0.999992  -0.000237  -0.008235  0.000270  0.999966  0.000000  0.000000  
214.010413 0.001211  0.086691  0.001376  0.995149  0.062556  0.075934  -0.062568  0.998038  -0.002222  -0.075925  -0.002540  0.997110  -0.002335  -0.007436  -0.000375  0.000000  0.000000  0.000000  2.000000  0.999958  -0.003961  0.008236  0.003963  0.999992  -0.000237  -0.008235  0.000270  0.999966  0.999995  0.002871  0.001345  -0.002870  0.999996  -0.000340  -0.001346  0.000336  0.999999  1.000000  0.000000  0.000000  0.000000  1.000000  0.000000  0.000000  0.000000  1.000000  0.999958  -0.003961  0.008236  0.003963  0.999992  -0.000237  -0.008235  0.000270  0.999966  0.000000  0.000000  
214.011416 0.001209  0.086684  0.001377  0.995149  0.062556  0.075934  -0.062568  0.998038  -0.002222  -0.075925  -0.002540  0.997110  -0.002300  -0.007330  -0.000326  0.000000  0.000000  0.000000  2.000000  0.999958  -0.003961  0.008236  0.003963  0.999992  -0.000237  -0.008235  0.000270  0.999966  0.999996  0.002666  0.001077  -0.002666  0.999996  -0.000325  -0.001078  0.000322  0.999999  1.000000  0.000000  0.000000  0.000000  1.000000  0.000000  0.000000  0.000000  1.000000  0.999958  -0.003961  0.008236  0.003963  0.999992  -0.000237  -0.008235  0.000270  0.999966  0.000000  0.000000  
214.012416 0.001208  0.086678  0.001376  0.995136  0.062762  0.075934  -0.062773  0.998025  -0.002238  -0.075925  -0.002540  0.997110  -0.002187  -0.007178  -0.000268  0.000000  0.000000  0.000000  2.000000  0.999958  -0.003961  0.008236  0.003963  0.999992  -0.000237  -0.008235  0.000270  0.999966  0.999995  0.002872  0.000944  -0.002871  0.999996  -0.000340  -0.000945  0.000337  0.999999  1.000000  0.000000  0.000000  0.000000  1.000000  0.000000  0.000000  0.000000  1.000000  0.999958  -0.003961  0.008236  0.003963  0.999992  -0.000237  -0.008235  0.000270  0.999966  0.000000  0.000000  
214.013666 0.001207  0.086671  0.001377  0.995126  0.062752  0.076075  -0.062773  0.998026  -0.002125  -0.076058  -0.002661  0.997100  -0.002036  -0.007026  -0.000178  0.000000  0.000000  0.000000  2.000000  0.999958  -0.003961  0.008236  0.003963  0.999992  -0.000237  -0.008235  0.000270  0.999966  0.999996  0.002667  0.000810  -0.002667  0.999996  -0.000082  -0.000810  0.000080  1.000000  1.000000  0.000000  0.000000  0.000000  1.000000  0.000000  0.000000  0.000000  1.000000  0.999958  -0.003961  0.008236  0.003963  0.999992  -0.000237  -0.008235  0.000270  0.999966  0.000000  0.000000  
214.014912 0.001207  0.086663  0.001377  0.995113  0.062958  0.076074  -0.062977  0.998013  -0.002141  -0.076058  -0.002661  0.997100  -0.001865  -0.006905  -0.000108  0.000000  0.000000  0.000000  2.000000  0.999958  -0.003961  0.008236  0.003963  0.999992  -0.000237  -0.008235  0.000270  0.999966  0.999996  0.002667  0.000542  -0.002667  0.999996  -0.000082  -0.000542  0.000081  1.000000  1.000000  0.000000  0.000000  0.000000  1.000000  0.000000  0.000000  0.000000  1.000000  0.999958  -0.003961  0.008236  0.003963  0.999992  -0.000237  -0.008235  0.000270  0.999966  0.000000  0.000000  
214.016166 0.001206  0.086656  0.001378  0.995113  0.062958  0.076074  -0.062977  0.998013  -0.002141  -0.076058  -0.002661  0.997100  -0.001763  -0.006807  -0.000090  0.000000  0.000000  0.000000  2.000000  0.999958  -0.003961  0.008236  0.003963  0.999992  -0.000237  -0.008235  0.000270  0.999966  0.999997  0.002462  0.000542  -0.002462  0.999997  -0.000067  -0.000542  0.000065  1.000000  1.000000  0.000000  0.000000  0.000000  1.000000  0.000000  0.000000  0.000000  1.000000  0.999958  -0.003961  0.008236  0.003963  0.999992  -0.000237  -0.008235  0.000270  0.999966  0.000000  0.000000  
214.017416 0.001205  0.086648  0.001378  0.995100  0.063154  0.076082  -0.063182  0.998000  -0.002035  -0.076058  -0.002782  0.997100  -0.001670  -0.006736  -0.000029  0.000000  0.000000  0.000000  2.000000  0.999958  -0.003961  0.008236  0.003963  0.999992  -0.000237  -0.008235  0.000270  0.999966  0.999997  0.002462  0.000542  -0.002462  0.999997  0.000055  -0.000542  -0.000056  1.000000  1.000000  0.000000  0.000000  0.000000  1.000000  0.000000  0.000000  0.000000  1.000000  0.999958  -0.003961  0.008236  0.003963  0.999992  -0.000237  -0.008235  0.000270  0.999966  0.000000  0.000000  
214.018428 0.001205  0.086642  0.001379  0.995100  0.063154  0.076082  -0.063182  0.998000  -0.002035  -0.076058  -0.002782  0.997100  -0.001528  -0.006629  0.000021  0.000000  0.000000  0.000000  2.000000  0.999958  -0.003961  0.008236  0.003963  0.999992  -0.000237  -0.008235  0.000270  0.999966  0.999997  0.002257  0.000541  -0.002257  0.999997  0.000070  -0.000541  -0.000072  1.000000  1.000000  0.000000  0.000000  0.000000  1.000000  0.000000  0.000000  0.000000  1.000000  0.999958  -0.003961  0.008236  0.003963  0.999992  -0.000237  -0.008235  0.000270  0.999966  0.000000  0.000000  
214.019668 0.001204  0.086634  0.001380  0.995087  0.063359  0.076081  -0.063387  0.997987  -0.002051  -0.076058  -0.002782  0.997100  -0.001328  -0.006529  0.000167  0.000000  0.000000  0.000000  2.000000  0.999958  -0.003961  0.008236  0.003963  0.999992  -0.000237  -0.008235  0.000270  0.999966  0.999997  0.002257  0.000407  -0.002257  0.999997  -0.000051  -0.000408  0.000050  1.000000  1.000000  0.000000  0.000000  0.000000  1.000000  0.000000  0.000000  0.000000  1.000000  0.999958  -0.003961  0.008236  0.003963  0.999992  -0.000237  -0.008235  0.000270  0.999966  0.000000  0.000000  
214.020669 0.001204  0.086628  0.001382  0.995076  0.063359  0.076214  -0.063386  0.997987  -0.002059  -0.076191  -0.002782  0.997089  -0.001173  -0.006445  0.000325  0.000000  0.000000  0.000000  2.000000  0.999958  -0.003961  0.008236  0.003963  0.999992  -0.000237  -0.008235  0.000270  0.999966  0.999997  0.002257  0.000541  -0.002257  0.999997  -0.000051  -0.000541  0.000050  1.000000  1.000000  0.000000  0.000000  0.000000  1.000000  0.000000  0.000000  0.000000  1.000000  0.999958  -0.003961  0.008236  0.003963  0.999992  -0.000237  -0.008235  0.000270  0.999966  0.000000  0.000000  
214.021915 0.001204  0.086622  0.001385  0.995076  0.063368  0.076207  -0.063386  0.997987  -0.002180  -0.076191  -0.002661  0.997090  -0.000959  -0.006282  0.000518  0.000000  0.000000  0.000000  2.000000  0.999958  -0.003961  0.008236  0.003963  0.999992  -0.000237  -0.008235  0.000270  0.999966  0.999998  0.002051  0.000541  -0.002051  0.999998  -0.000157  -0.000541  0.000156  1.000000  1.000000  0.000000  0.000000  0.000000  1.000000  0.000000  0.000000  0.000000  1.000000  0.999958  -0.003961  0.008236  0.003963  0.999992  -0.000237  -0.008235  0.000270  0.999966  0.000000  0.000000  
