1-Time 2-Px 3-Py 4-Pz 5-R11 6-R21 7-R31 8-R12 9-R22 10-R32 11-R13 12-R23 13-R33 14-Vx 15-Vy 16-Vz 17-Wx 18-Wy 19-Wz 20-state 21-PR11 22-PR21 23-PR31 24-PR12 25-PR22 26-PR32 27-PR13 28-PR23 29-PR33 
139.831639 0.000718  0.091398  0.000125  0.989372  0.145397  -0.001436  -0.145238  0.988664  0.038084  0.006957  -0.037471  0.999273  0.000084  0.000102  0.000049  0.000000  0.000000  0.000000  2.000000  1.000000  0.000000  0.000000  -0.000000  1.000000  0.000000  0.000000  -0.000000  1.000000  1.000000  0.000000  0.000000  0.000000  1.000000  0.000000  0.000000  0.000000  1.000000  1.000000  0.000000  0.000000  0.000000  1.000000  0.000000  0.000000  0.000000  1.000000  0.733432  0.494562  -0.466354  -0.478905  0.862820  0.161838  0.482418  0.104642  0.869668  0.000000  0.000000  
139.832645 0.000718  0.091398  0.000125  0.989372  0.145397  -0.001436  -0.145238  0.988664  0.038084  0.006957  -0.037471  0.999273  0.000061  0.000053  0.000040  0.000000  0.000000  0.000000  2.000000  1.000000  0.000000  0.000000  0.000000  1.000000  0.000000  0.000000  0.000000  1.000000  1.000000  0.000000  0.000000  0.000000  1.000000  0.000000  0.000000  0.000000  1.000000  1.000000  0.000000  0.000000  0.000000  1.000000  0.000000  0.000000  0.000000  1.000000  1.000000  0.000000  0.000000  0.000000  1.000000  0.000000  0.000000  0.000000  1.000000  0.000000  0.000000  
139.833647 0.000717  0.091397  0.000125  0.989282  0.146008  -0.001395  -0.145849  0.988569  0.038205  0.006957  -0.037592  0.999269  0.000013  -0.000045  0.000022  0.000000  0.000000  0.000000  2.000000  1.000000  0.000000  0.000000  0.000000  1.000000  0.000000  0.000000  0.000000  1.000000  1.000000  0.000411  0.000015  -0.000411  1.000000  0.000124  -0.000015  -0.000124  1.000000  1.000000  0.000000  0.000000  0.000000  1.000000  0.000000  0.000000  0.000000  1.000000  1.000000  0.000000  0.000000  0.000000  1.000000  0.000000  0.000000  0.000000  1.000000  0.000000  0.000000  
139.834652 0.000716  0.091395  0.000125  0.989163  0.146817  -0.001231  -0.146663  0.988449  0.038187  0.006824  -0.037592  0.999270  -0.000058  -0.000191  -0.000006  0.000000  0.000000  0.000000  2.000000  1.000000  0.000000  0.000000  0.000000  1.000000  0.000000  0.000000  0.000000  1.000000  0.999999  0.001234  0.000046  -0.001234  0.999999  0.000130  -0.000046  -0.000130  1.000000  1.000000  0.000000  0.000000  0.000000  1.000000  0.000000  0.000000  0.000000  1.000000  1.000000  0.000000  0.000000  0.000000  1.000000  0.000000  0.000000  0.000000  1.000000  0.000000  0.000000  
139.835894 0.000716  0.091392  0.000124  0.988981  0.148038  -0.001166  -0.147885  0.988262  0.038308  0.006824  -0.037714  0.999265  -0.000102  -0.000387  -0.000043  0.000000  0.000000  0.000000  2.000000  1.000000  0.000000  0.000000  0.000000  1.000000  0.000000  0.000000  0.000000  1.000000  0.999997  0.002464  0.000227  -0.002464  0.999997  0.000259  -0.000226  -0.000260  1.000000  1.000000  0.000000  0.000000  0.000000  1.000000  0.000000  0.000000  0.000000  1.000000  1.000000  0.000000  0.000000  0.000000  1.000000  0.000000  0.000000  0.000000  1.000000  0.000000  0.000000  
139.836899 0.000715  0.091389  0.000124  0.988890  0.148643  -0.000992  -0.148496  0.988167  0.038409  0.006690  -0.037835  0.999262  -0.000176  -0.000608  -0.000100  0.000000  0.000000  0.000000  2.000000  1.000000  0.000000  0.000000  0.000000  1.000000  0.000000  0.000000  0.000000  1.000000  0.999995  0.003076  0.000384  -0.003076  0.999995  0.000384  -0.000383  -0.000386  1.000000  1.000000  0.000000  0.000000  0.000000  1.000000  0.000000  0.000000  0.000000  1.000000  1.000000  0.000000  0.000000  0.000000  1.000000  0.000000  0.000000  0.000000  1.000000  0.000000  0.000000  
139.838144 0.000714  0.091387  0.000124  0.988798  0.149254  -0.000951  -0.149107  0.988070  0.038529  0.006690  -0.037956  0.999257  -0.000204  -0.000773  -0.000085  0.000000  0.000000  0.000000  2.000000  1.000000  0.000000  0.000000  0.000000  1.000000  0.000000  0.000000  0.000000  1.000000  0.999993  0.003693  0.000408  -0.003693  0.999993  0.000510  -0.000406  -0.000511  1.000000  1.000000  0.000000  0.000000  0.000000  1.000000  0.000000  0.000000  0.000000  1.000000  1.000000  0.000000  0.000000  0.000000  1.000000  0.000000  0.000000  0.000000  1.000000  0.000000  0.000000  
139.839146 0.000714  0.091384  0.000124  0.988704  0.149874  -0.001173  -0.149717  0.987972  0.038690  0.006957  -0.038077  0.999251  -0.000252  -0.000912  -0.000051  0.000000  0.000000  0.000000  2.000000  1.000000  0.000000  0.000000  0.000000  1.000000  0.000000  0.000000  0.000000  1.000000  0.999991  0.004315  0.000298  -0.004315  0.999990  0.000636  -0.000296  -0.000637  1.000000  1.000000  0.000000  0.000000  0.000000  1.000000  0.000000  0.000000  0.000000  1.000000  1.000000  0.000000  0.000000  0.000000  1.000000  0.000000  0.000000  0.000000  1.000000  0.000000  0.000000  
139.840147 0.000713  0.091383  0.000125  0.988580  0.150693  -0.001255  -0.150531  0.987842  0.038831  0.007091  -0.038198  0.999245  -0.000276  -0.001001  -0.000007  0.025722  -0.002313  0.179926  2.000000  1.000000  0.000064  0.000001  -0.000064  1.000000  0.000010  -0.000001  -0.000010  1.000000  0.999987  0.005148  0.000063  -0.005148  0.999986  0.000764  -0.000059  -0.000764  1.000000  1.000000  0.000064  0.000001  -0.000064  1.000000  0.000010  -0.000001  -0.000010  1.000000  1.000000  0.000064  0.000001  -0.000064  1.000000  0.000010  -0.000001  -0.000010  1.000000  0.000044  0.005205  
139.841149 0.000713  0.091382  0.000125  0.988422  0.151720  -0.001461  -0.151548  0.987680  0.038992  0.007359  -0.038319  0.999238  -0.000367  -0.001122  -0.000014  0.030062  0.005351  0.214776  2.000000  1.000000  0.000355  0.000000  -0.000355  1.000000  0.000048  -0.000000  -0.000048  1.000000  0.999981  0.006182  -0.000031  -0.006182  0.999981  0.000772  0.000036  -0.000771  1.000000  1.000000  0.000077  -0.000000  -0.000077  1.000000  0.000010  0.000000  -0.000010  1.000000  1.000000  0.000355  0.000000  -0.000355  1.000000  0.000048  -0.000000  -0.000048  1.000000  0.000052  0.006230  
139.842395 0.000712  0.091380  0.000124  0.988202  0.153148  -0.001518  -0.152973  0.987455  0.039135  0.007493  -0.038441  0.999233  -0.000401  -0.001224  -0.000063  0.034508  0.007994  0.263376  2.000000  1.000000  0.000793  -0.000008  -0.000793  1.000000  0.000106  0.000008  -0.000106  1.000000  0.999971  0.007627  -0.000108  -0.007627  0.999970  0.001025  0.000116  -0.001024  0.999999  1.000000  0.000095  -0.000001  -0.000095  1.000000  0.000013  0.000001  -0.000013  1.000000  1.000000  0.000793  -0.000008  -0.000793  1.000000  0.000106  0.000008  -0.000106  1.000000  0.000065  0.007696  
139.843643 0.000711  0.091379  0.000123  0.988013  0.154363  -0.001319  -0.154193  0.987261  0.039236  0.007359  -0.038562  0.999229  -0.000448  -0.001281  -0.000134  0.038865  0.001907  0.304692  2.000000  0.999999  0.001319  -0.000022  -0.001319  0.999999  0.000173  0.000022  -0.000173  1.000000  0.999961  0.008866  -0.000193  -0.008866  0.999960  0.001156  0.000203  -0.001155  0.999999  1.000000  0.000111  -0.000002  -0.000111  1.000000  0.000014  0.000002  -0.000014  1.000000  0.999999  0.001319  -0.000022  -0.001319  0.999999  0.000173  0.000022  -0.000173  1.000000  0.000075  0.008943  
139.844645 0.000711  0.091379  0.000123  0.987854  0.155379  -0.001260  -0.155210  0.987097  0.039357  0.007359  -0.038683  0.999224  -0.000448  -0.001280  -0.000134  0.043186  0.000571  0.339236  2.000000  0.999998  0.001796  -0.000024  -0.001796  0.999998  0.000234  0.000024  -0.000234  1.000000  0.999951  0.009890  -0.000018  -0.009889  0.999950  0.001284  0.000031  -0.001284  0.999999  1.000000  0.000124  -0.000000  -0.000124  1.000000  0.000016  0.000000  -0.000016  1.000000  0.999998  0.001796  -0.000024  -0.001796  0.999998  0.000234  0.000024  -0.000234  1.000000  0.000084  0.009973  
139.845895 0.000712  0.091380  0.000125  0.987630  0.156797  -0.001052  -0.156634  0.986868  0.039457  0.007225  -0.038804  0.999221  -0.000408  -0.001242  -0.000021  0.047582  -0.005789  0.387455  2.000000  0.999997  0.002465  -0.000018  -0.002465  0.999997  0.000318  0.000019  -0.000318  1.000000  0.999936  0.011324  0.000172  -0.011324  0.999935  0.001414  -0.000156  -0.001415  0.999999  1.000000  0.000142  0.000002  -0.000142  1.000000  0.000018  -0.000002  -0.000018  1.000000  0.999997  0.002465  -0.000018  -0.002465  0.999997  0.000318  0.000019  -0.000318  1.000000  0.000096  0.011414  
139.847144 0.000712  0.091380  0.000126  0.987436  0.158016  -0.000984  -0.157854  0.986669  0.039578  0.007225  -0.038925  0.999216  -0.000378  -0.001257  0.000052  0.051953  -0.007398  0.428939  2.000000  0.999995  0.003073  -0.000008  -0.003073  0.999995  0.000389  0.000009  -0.000389  1.000000  0.999921  0.012558  0.000220  -0.012559  0.999920  0.001422  -0.000203  -0.001425  0.999999  1.000000  0.000157  0.000003  -0.000157  1.000000  0.000018  -0.000003  -0.000018  1.000000  0.999995  0.003073  -0.000008  -0.003073  0.999995  0.000389  0.000009  -0.000389  1.000000  0.000105  0.012641  
139.848394 0.000712  0.091378  0.000127  0.987207  0.159443  -0.001059  -0.159276  0.986439  0.039601  0.007359  -0.038925  0.999215  -0.000373  -0.001276  0.000103  0.051913  -0.004718  0.473704  2.000000  0.999992  0.003909  0.000008  -0.003909  0.999992  0.000486  -0.000006  -0.000486  1.000000  0.999902  0.013998  0.000278  -0.013999  0.999901  0.001553  -0.000256  -0.001557  0.999999  1.000000  0.000175  0.000003  -0.000175  1.000000  0.000019  -0.000003  -0.000019  1.000000  0.999992  0.003909  0.000008  -0.003909  0.999992  0.000486  -0.000006  -0.000486  1.000000  0.000118  0.014088  
139.849394 0.000712  0.091377  0.000127  0.987042  0.160458  -0.000999  -0.160292  0.986270  0.039721  0.007359  -0.039047  0.999210  -0.000274  -0.001223  0.000133  0.056658  -0.006108  0.512120  2.000000  0.999989  0.004640  0.000016  -0.004640  0.999989  0.000568  -0.000013  -0.000568  1.000000  0.999887  0.015032  0.000187  -0.015032  0.999886  0.001683  -0.000161  -0.001686  0.999999  1.000000  0.000188  0.000002  -0.000188  1.000000  0.000021  -0.000002  -0.000021  1.000000  0.999989  0.004640  0.000016  -0.004640  0.999989  0.000568  -0.000013  -0.000568  1.000000  0.000127  0.015128  
139.850644 0.000713  0.091375  0.000128  0.986842  0.161681  -0.001062  -0.161511  0.986065  0.039864  0.007493  -0.039168  0.999205  -0.000180  -0.001165  0.000242  0.061069  -0.003237  0.553773  2.000000  0.999984  0.005621  0.000027  -0.005621  0.999984  0.000677  -0.000023  -0.000677  1.000000  0.999868  0.016271  0.000103  -0.016271  0.999866  0.001815  -0.000074  -0.001816  0.999998  1.000000  0.000203  0.000001  -0.000203  1.000000  0.000023  -0.000001  -0.000023  1.000000  0.999984  0.005621  0.000027  -0.005621  0.999984  0.000677  -0.000023  -0.000677  1.000000  0.000138  0.016373  
139.851655 0.000713  0.091372  0.000129  0.986710  0.162488  -0.000878  -0.162324  0.985928  0.039963  0.007359  -0.039289  0.999201  -0.000121  -0.001153  0.000333  0.065289  -0.008824  0.581102  2.000000  0.999979  0.006460  0.000033  -0.006460  0.999979  0.000771  -0.000028  -0.000771  1.000000  0.999854  0.017094  0.000138  -0.017094  0.999852  0.001942  -0.000104  -0.001944  0.999998  1.000000  0.000214  0.000002  -0.000214  1.000000  0.000024  -0.000002  -0.000024  1.000000  0.999979  0.006460  0.000033  -0.006460  0.999979  0.000771  -0.000028  -0.000771  1.000000  0.000145  0.017205  
139.852894 0.000715  0.091369  0.000130  0.986542  0.163503  -0.000817  -0.163340  0.985755  0.040083  0.007359  -0.039410  0.999196  0.000058  -0.001207  0.000454  0.069629  -0.010191  0.615819  2.000000  0.999971  0.007567  0.000051  -0.007567  0.999971  0.000897  -0.000045  -0.000897  1.000000  0.999836  0.018117  0.000314  -0.018118  0.999834  0.002068  -0.000277  -0.002073  0.999998  1.000000  0.000226  0.000004  -0.000226  1.000000  0.000026  -0.000004  -0.000026  1.000000  0.999971  0.007567  0.000051  -0.007567  0.999971  0.000897  -0.000045  -0.000897  1.000000  0.000153  0.018239  
139.853900 0.000717  0.091365  0.000131  0.986409  0.164310  -0.000632  -0.164152  0.985616  0.040181  0.007225  -0.039531  0.999192  0.000254  -0.001321  0.000475  0.073843  -0.015783  0.643146  2.000000  0.999964  0.008488  0.000073  -0.008488  0.999963  0.001000  -0.000064  -0.001001  0.999999  0.999828  0.018523  0.000466  -0.018524  0.999826  0.002068  -0.000428  -0.002076  0.999998  1.000000  0.000232  0.000006  -0.000232  1.000000  0.000026  -0.000006  -0.000026  1.000000  0.999964  0.008488  0.000073  -0.008488  0.999963  0.001000  -0.000064  -0.001001  0.999999  0.000160  0.018645  
139.855146 0.000721  0.091360  0.000131  0.986206  0.165522  -0.000430  -0.165371  0.985409  0.040280  0.007091  -0.039653  0.999188  0.000511  -0.001512  0.000435  0.078172  -0.021917  0.684491  2.000000  0.999956  0.009429  0.000100  -0.009429  0.999955  0.001108  -0.000090  -0.001109  0.999999  0.999821  0.018929  0.000619  -0.018930  0.999818  0.002189  -0.000577  -0.002201  0.999997  1.000000  0.000237  0.000007  -0.000237  1.000000  0.000027  -0.000007  -0.000027  1.000000  0.999956  0.009429  0.000100  -0.009429  0.999955  0.001108  -0.000090  -0.001109  0.999999  0.000171  0.019067  
139.856399 0.000724  0.091355  0.000131  0.986069  0.166333  -0.000377  -0.166183  0.985267  0.040399  0.007091  -0.039774  0.999184  0.000771  -0.001800  0.000376  0.082472  -0.023035  0.712403  2.000000  0.999944  0.010602  0.000130  -0.010602  0.999943  0.001245  -0.000117  -0.001246  0.999999  0.999824  0.018729  0.000479  -0.018730  0.999822  0.002188  -0.000438  -0.002196  0.999997  1.000000  0.000234  0.000006  -0.000234  1.000000  0.000027  -0.000006  -0.000027  1.000000  0.999944  0.010602  0.000130  -0.010602  0.999943  0.001245  -0.000117  -0.001246  0.999999  0.000179  0.018864  
139.857645 0.000727  0.091349  0.000130  0.985932  0.167145  -0.000324  -0.166995  0.985125  0.040519  0.007091  -0.039895  0.999179  0.001004  -0.002080  0.000379  0.086716  -0.024142  0.739824  2.000000  0.999931  0.011765  0.000155  -0.011766  0.999930  0.001380  -0.000139  -0.001382  0.999999  0.999828  0.018528  0.000339  -0.018529  0.999826  0.002187  -0.000299  -0.002192  0.999998  1.000000  0.000232  0.000004  -0.000232  1.000000  0.000027  -0.000004  -0.000027  1.000000  0.999931  0.011765  0.000155  -0.011766  0.999930  0.001380  -0.000139  -0.001382  0.999999  0.000185  0.018661  
139.858898 0.000730  0.091343  0.000128  0.985830  0.167748  -0.000146  -0.167604  0.985017  0.040616  0.006957  -0.040016  0.999175  0.001274  -0.002500  0.000338  0.090877  -0.029480  0.760308  2.000000  0.999916  0.012936  0.000181  -0.012936  0.999915  0.001514  -0.000161  -0.001516  0.999999  0.999824  0.018728  0.000483  -0.018729  0.999822  0.002185  -0.000442  -0.002194  0.999997  1.000000  0.000234  0.000006  -0.000234  1.000000  0.000027  -0.000006  -0.000027  1.000000  0.999916  0.012936  0.000181  -0.012936  0.999915  0.001514  -0.000161  -0.001516  0.999999  0.000192  0.018863  
139.860149 0.000734  0.091336  0.000128  0.985692  0.168559  -0.000113  -0.168415  0.984879  0.040617  0.006957  -0.040016  0.999175  0.001488  -0.002966  0.000231  0.091074  -0.030554  0.787995  2.000000  0.999901  0.014091  0.000224  -0.014091  0.999899  0.001642  -0.000201  -0.001645  0.999999  0.999832  0.018306  0.000734  -0.018308  0.999830  0.002062  -0.000696  -0.002075  0.999998  1.000000  0.000229  0.000009  -0.000229  1.000000  0.000026  -0.000009  -0.000026  1.000000  0.999901  0.014091  0.000224  -0.014091  0.999899  0.001642  -0.000201  -0.001645  0.999999  0.000197  0.018438  
139.861398 0.000736  0.091329  0.000127  0.985588  0.169162  0.000064  -0.169024  0.984771  0.040713  0.006824  -0.040138  0.999171  0.001609  -0.003408  0.000072  0.095247  -0.035902  0.808615  2.000000  0.999884  0.015218  0.000290  -0.015219  0.999883  0.001765  -0.000263  -0.001769  0.999998  0.999840  0.017879  0.001121  -0.017881  0.999838  0.002057  -0.001084  -0.002076  0.999997  1.000000  0.000224  0.000014  -0.000224  1.000000  0.000026  -0.000014  -0.000026  1.000000  0.999884  0.015218  0.000290  -0.015219  0.999883  0.001765  -0.000263  -0.001769  0.999998  0.000204  0.018034  
139.862646 0.000738  0.091322  0.000126  0.985485  0.169765  0.000221  -0.169633  0.984667  0.040691  0.006690  -0.040138  0.999172  0.001757  -0.003835  -0.000045  0.091227  -0.040988  0.822405  2.000000  0.999867  0.016305  0.000371  -0.016305  0.999865  0.001883  -0.000341  -0.001889  0.999998  0.999854  0.017045  0.001355  -0.017048  0.999853  0.001807  -0.001324  -0.001829  0.999997  1.000000  0.000213  0.000017  -0.000213  1.000000  0.000023  -0.000017  -0.000023  1.000000  0.999867  0.016305  0.000371  -0.016305  0.999865  0.001883  -0.000341  -0.001889  0.999998  0.000207  0.017196  
139.863894 0.000739  0.091315  0.000125  0.985416  0.170165  0.000349  -0.170039  0.984603  0.040548  0.006556  -0.040016  0.999178  0.001794  -0.004178  -0.000111  0.086339  -0.044795  0.808674  2.000000  0.999853  0.017136  0.000449  -0.017137  0.999851  0.001967  -0.000415  -0.001974  0.999998  0.999864  0.016418  0.001596  -0.016420  0.999864  0.001558  -0.001570  -0.001584  0.999998  1.000000  0.000205  0.000020  -0.000205  1.000000  0.000020  -0.000020  -0.000020  1.000000  0.999853  0.017136  0.000449  -0.017137  0.999851  0.001967  -0.000415  -0.001974  0.999998  0.000205  0.016571  
139.864896 0.000739  0.091310  0.000124  0.985381  0.170362  0.000489  -0.170242  0.984569  0.040526  0.006422  -0.040017  0.999178  0.001789  -0.004403  -0.000196  0.086049  -0.043730  0.781245  2.000000  0.999839  0.017934  0.000527  -0.017935  0.999837  0.002042  -0.000490  -0.002051  0.999998  0.999877  0.015595  0.001563  -0.015597  0.999877  0.001430  -0.001540  -0.001454  0.999998  1.000000  0.000195  0.000019  -0.000195  1.000000  0.000018  -0.000019  -0.000018  1.000000  0.999839  0.017934  0.000527  -0.017935  0.999837  0.002042  -0.000490  -0.002051  0.999998  0.000200  0.015740  
139.866144 0.000738  0.091303  0.000123  0.985347  0.170560  0.000609  -0.170445  0.984539  0.040383  0.006288  -0.039895  0.999184  0.001711  -0.004760  -0.000358  0.077731  -0.047122  0.753649  2.000000  0.999822  0.018872  0.000626  -0.018873  0.999820  0.002129  -0.000586  -0.002140  0.999998  0.999893  0.014567  0.001521  -0.014569  0.999893  0.001301  -0.001502  -0.001323  0.999998  1.000000  0.000182  0.000019  -0.000182  1.000000  0.000016  -0.000019  -0.000016  1.000000  0.999822  0.018872  0.000626  -0.018873  0.999820  0.002129  -0.000586  -0.002140  0.999998  0.000192  0.014705  
139.867392 0.000737  0.091295  0.000122  0.985278  0.170960  0.000757  -0.170851  0.984470  0.040360  0.006155  -0.039895  0.999185  0.001533  -0.004981  -0.000498  0.073550  -0.046906  0.746866  2.000000  0.999805  0.019726  0.000724  -0.019727  0.999803  0.002201  -0.000681  -0.002215  0.999997  0.999913  0.013122  0.001596  -0.013124  0.999913  0.001169  -0.001580  -0.001190  0.999998  1.000000  0.000164  0.000020  -0.000164  1.000000  0.000015  -0.000020  -0.000015  1.000000  0.999805  0.019726  0.000724  -0.019727  0.999803  0.002201  -0.000681  -0.002215  0.999997  0.000188  0.013271  
139.868403 0.000735  0.091289  0.000122  0.985278  0.170955  0.000868  -0.170851  0.984476  0.040218  0.006021  -0.039774  0.999191  0.001238  -0.005229  -0.000655  0.061815  -0.055539  0.732208  2.000000  0.999792  0.020358  0.000807  -0.020360  0.999790  0.002252  -0.000761  -0.002268  0.999997  0.999923  0.012294  0.001696  -0.012296  0.999924  0.001042  -0.001684  -0.001063  0.999998  1.000000  0.000154  0.000021  -0.000154  1.000000  0.000013  -0.000021  -0.000013  1.000000  0.999792  0.020358  0.000807  -0.020360  0.999790  0.002252  -0.000761  -0.002268  0.999997  0.000186  0.012455  
139.869645 0.000731  0.091281  0.000120  0.985278  0.170955  0.000868  -0.170851  0.984476  0.040218  0.006021  -0.039774  0.999191  0.000791  -0.005435  -0.000724  0.061158  -0.058453  0.698346  2.000000  0.999778  0.021070  0.000918  -0.021072  0.999775  0.002303  -0.000870  -0.002322  0.999997  0.999940  0.010849  0.001771  -0.010850  0.999941  0.000791  -0.001763  -0.000810  0.999998  1.000000  0.000136  0.000022  -0.000136  1.000000  0.000010  -0.000022  -0.000010  1.000000  0.999778  0.021070  0.000918  -0.021072  0.999775  0.002303  -0.000870  -0.002322  0.999997  0.000177  0.011022  
139.870647 0.000728  0.091274  0.000119  0.985279  0.170950  0.001000  -0.170851  0.984477  0.040195  0.005887  -0.039774  0.999191  0.000404  -0.005610  -0.000798  0.056978  -0.070582  0.664017  2.000000  0.999769  0.021461  0.000988  -0.021463  0.999767  0.002331  -0.000938  -0.002352  0.999997  0.999946  0.010226  0.001880  -0.010228  0.999947  0.000786  -0.001872  -0.000806  0.999998  1.000000  0.000128  0.000023  -0.000128  1.000000  0.000010  -0.000023  -0.000010  1.000000  0.999769  0.021461  0.000988  -0.021463  0.999767  0.002331  -0.000938  -0.002352  0.999997  0.000169  0.010428  
139.871648 0.000724  0.091267  0.000117  0.985279  0.170950  0.000979  -0.170851  0.984481  0.040076  0.005887  -0.039653  0.999196  -0.000025  -0.005774  -0.000913  0.048659  -0.073639  0.628976  2.000000  0.999759  0.021939  0.001086  -0.021941  0.999756  0.002358  -0.001034  -0.002381  0.999997  0.999956  0.009193  0.001972  -0.009194  0.999958  0.000538  -0.001967  -0.000556  0.999998  1.000000  0.000115  0.000025  -0.000115  1.000000  0.000007  -0.000025  -0.000007  1.000000  0.999759  0.021939  0.001086  -0.021941  0.999756  0.002358  -0.001034  -0.002381  0.999997  0.000161  0.009418  
139.872653 0.000720  0.091261  0.000116  0.985280  0.170945  0.001111  -0.170851  0.984482  0.040053  0.005753  -0.039653  0.999197  -0.000534  -0.005863  -0.000920  0.044653  -0.081363  0.585280  2.000000  0.999749  0.022372  0.001186  -0.022375  0.999747  0.002377  -0.001132  -0.002403  0.999996  0.999963  0.008370  0.001939  -0.008371  0.999965  0.000411  -0.001936  -0.000427  0.999998  1.000000  0.000105  0.000024  -0.000105  1.000000  0.000005  -0.000024  -0.000005  1.000000  0.999749  0.022372  0.001186  -0.022375  0.999747  0.002377  -0.001132  -0.002403  0.999996  0.000152  0.008602  
139.873898 0.000714  0.091252  0.000115  0.985316  0.170737  0.001214  -0.170649  0.984523  0.039911  0.005620  -0.039532  0.999203  -0.001106  -0.006005  -0.000913  0.032034  -0.079508  0.536908  2.000000  0.999738  0.022854  0.001304  -0.022857  0.999736  0.002388  -0.001249  -0.002417  0.999996  0.999973  0.007141  0.001756  -0.007141  0.999974  0.000040  -0.001755  -0.000053  0.999998  1.000000  0.000089  0.000022  -0.000089  1.000000  0.000001  -0.000022  -0.000001  1.000000  0.999738  0.022854  0.001304  -0.022857  0.999736  0.002388  -0.001249  -0.002417  0.999996  0.000138  0.007354  
139.875148 0.000706  0.091243  0.000113  0.985316  0.170737  0.001193  -0.170649  0.984528  0.039791  0.005620  -0.039411  0.999207  -0.001843  -0.006180  -0.000982  0.023583  -0.073403  0.495677  2.000000  0.999729  0.023251  0.001418  -0.023255  0.999727  0.002383  -0.001363  -0.002416  0.999996  0.999982  0.005702  0.001698  -0.005701  0.999984  -0.000211  -0.001699  0.000201  0.999999  1.000000  0.000071  0.000021  -0.000071  1.000000  -0.000003  -0.000021  0.000003  1.000000  0.999729  0.023251  0.001418  -0.023255  0.999727  0.002383  -0.001363  -0.002416  0.999996  0.000128  0.005953  
139.876398 0.000697  0.091233  0.000109  0.985352  0.170529  0.001316  -0.170446  0.984564  0.039769  0.005486  -0.039411  0.999208  -0.002619  -0.006392  -0.001162  0.023060  -0.075407  0.443606  2.000000  0.999724  0.023450  0.001485  -0.023453  0.999722  0.002374  -0.001428  -0.002408  0.999996  0.999988  0.004462  0.001783  -0.004462  0.999990  -0.000339  -0.001784  0.000331  0.999998  1.000000  0.000000  0.000000  0.000000  1.000000  0.000000  0.000000  0.000000  1.000000  0.999724  0.023450  0.001485  -0.023453  0.999722  0.002374  -0.001428  -0.002408  0.999996  0.000114  0.000000  
139.877645 0.000687  0.091223  0.000105  0.985352  0.170524  0.001427  -0.170446  0.984570  0.039627  0.005352  -0.039290  0.999214  -0.003412  -0.006635  -0.001393  0.014754  -0.078606  0.398557  2.000000  0.999724  0.023450  0.001485  -0.023453  0.999722  0.002374  -0.001428  -0.002408  0.999996  0.999992  0.003634  0.001884  -0.003633  0.999993  -0.000587  -0.001886  0.000580  0.999998  1.000000  0.000000  0.000000  0.000000  1.000000  0.000000  0.000000  0.000000  1.000000  0.999724  0.023450  0.001485  -0.023453  0.999722  0.002374  -0.001428  -0.002408  0.999996  0.000104  0.000000  
139.878896 0.000676  0.091213  0.000100  0.985388  0.170316  0.001530  -0.170243  0.984611  0.039485  0.005218  -0.039168  0.999219  -0.004235  -0.006874  -0.001644  0.006253  -0.085430  0.342899  2.000000  0.999724  0.023450  0.001485  -0.023453  0.999722  0.002374  -0.001428  -0.002408  0.999996  0.999994  0.002807  0.001985  -0.002805  0.999996  -0.000713  -0.001987  0.000707  0.999998  1.000000  0.000000  0.000000  0.000000  1.000000  0.000000  0.000000  0.000000  1.000000  0.999724  0.023450  0.001485  -0.023453  0.999722  0.002374  -0.001428  -0.002408  0.999996  0.000093  0.000000  
139.880144 0.000665  0.091203  0.000095  0.985388  0.170317  0.001510  -0.170243  0.984615  0.039365  0.005218  -0.039047  0.999224  -0.004924  -0.007031  -0.001898  -0.002058  -0.083655  0.312651  2.000000  0.999724  0.023450  0.001485  -0.023453  0.999722  0.002374  -0.001428  -0.002408  0.999996  0.999996  0.002195  0.001826  -0.002193  0.999997  -0.000959  -0.001829  0.000955  0.999998  1.000000  0.000000  0.000000  0.000000  1.000000  0.000000  0.000000  0.000000  1.000000  0.999724  0.023450  0.001485  -0.023453  0.999722  0.002374  -0.001428  -0.002408  0.999996  0.000083  0.000000  
139.881144 0.000656  0.091196  0.000091  0.985424  0.170109  0.001613  -0.170040  0.984656  0.039224  0.005084  -0.038926  0.999229  -0.005481  -0.007131  -0.002134  -0.010536  -0.091457  0.266537  2.000000  0.999724  0.023450  0.001485  -0.023453  0.999722  0.002374  -0.001428  -0.002408  0.999996  0.999997  0.001583  0.001669  -0.001581  0.999998  -0.000962  -0.001670  0.000959  0.999998  1.000000  0.000000  0.000000  0.000000  1.000000  0.000000  0.000000  0.000000  1.000000  0.999724  0.023450  0.001485  -0.023453  0.999722  0.002374  -0.001428  -0.002408  0.999996  0.000075  0.000000  
139.882145 0.000647  0.091189  0.000087  0.985424  0.170109  0.001613  -0.170040  0.984656  0.039224  0.005084  -0.038926  0.999229  -0.006101  -0.007233  -0.002402  -0.014637  -0.085446  0.243907  2.000000  0.999724  0.023450  0.001485  -0.023453  0.999722  0.002374  -0.001428  -0.002408  0.999996  0.999998  0.000961  0.001778  -0.000959  0.999999  -0.001208  -0.001779  0.001206  0.999998  1.000000  0.000000  0.000000  0.000000  1.000000  0.000000  0.000000  0.000000  1.000000  0.999724  0.023450  0.001485  -0.023453  0.999722  0.002374  -0.001428  -0.002408  0.999996  0.000066  0.000000  
139.883146 0.000637  0.091181  0.000082  0.985424  0.170109  0.001592  -0.170040  0.984661  0.039104  0.005084  -0.038805  0.999234  -0.006579  -0.007320  -0.002679  -0.022912  -0.079920  0.216668  2.000000  0.999724  0.023450  0.001485  -0.023453  0.999722  0.002374  -0.001428  -0.002408  0.999996  0.999999  0.000349  0.001620  -0.000347  0.999999  -0.001332  -0.001621  0.001332  0.999998  1.000000  0.000000  0.000000  0.000000  1.000000  0.000000  0.000000  0.000000  1.000000  0.999724  0.023450  0.001485  -0.023453  0.999722  0.002374  -0.001428  -0.002408  0.999996  0.000060  0.000000  
139.884146 0.000627  0.091174  0.000077  0.985460  0.169901  0.001716  -0.169838  0.984697  0.039082  0.004951  -0.038805  0.999235  -0.007129  -0.007381  -0.002980  -0.027494  -0.083206  0.169910  2.000000  0.999724  0.023450  0.001485  -0.023453  0.999722  0.002374  -0.001428  -0.002408  0.999996  0.999999  -0.000263  0.001463  0.000265  0.999999  -0.001214  -0.001462  0.001214  0.999998  1.000000  0.000000  0.000000  0.000000  1.000000  0.000000  0.000000  0.000000  1.000000  0.999724  0.023450  0.001485  -0.023453  0.999722  0.002374  -0.001428  -0.002408  0.999996  0.000052  0.000000  
139.885148 0.000617  0.091166  0.000071  0.985460  0.169901  0.001695  -0.169838  0.984702  0.038962  0.004951  -0.038684  0.999239  -0.007550  -0.007473  -0.003251  0.000000  0.000000  0.000000  2.000000  0.999724  0.023450  0.001485  -0.023453  0.999722  0.002374  -0.001428  -0.002408  0.999996  0.999999  -0.000468  0.001455  0.000470  0.999999  -0.001336  -0.001454  0.001337  0.999998  1.000000  0.000000  0.000000  0.000000  1.000000  0.000000  0.000000  0.000000  1.000000  0.999724  0.023450  0.001485  -0.023453  0.999722  0.002374  -0.001428  -0.002408  0.999996  0.000000  0.000000  
139.886150 0.000608  0.091159  0.000066  0.985460  0.169901  0.001695  -0.169838  0.984702  0.038962  0.004951  -0.038684  0.999239  -0.007982  -0.007491  -0.003505  0.000000  0.000000  0.000000  2.000000  0.999724  0.023450  0.001485  -0.023453  0.999722  0.002374  -0.001428  -0.002408  0.999996  0.999999  -0.000669  0.001313  0.000671  0.999999  -0.001337  -0.001312  0.001338  0.999998  1.000000  0.000000  0.000000  0.000000  1.000000  0.000000  0.000000  0.000000  1.000000  0.999724  0.023450  0.001485  -0.023453  0.999722  0.002374  -0.001428  -0.002408  0.999996  0.000000  0.000000  
139.887395 0.000595  0.091150  0.000060  0.985460  0.169897  0.001806  -0.169838  0.984707  0.038820  0.004817  -0.038562  0.999245  -0.008456  -0.007559  -0.003803  0.000000  0.000000  0.000000  2.000000  0.999724  0.023450  0.001485  -0.023453  0.999722  0.002374  -0.001428  -0.002408  0.999996  0.999999  -0.000874  0.001305  0.000876  0.999999  -0.001338  -0.001304  0.001339  0.999998  1.000000  0.000000  0.000000  0.000000  1.000000  0.000000  0.000000  0.000000  1.000000  0.999724  0.023450  0.001485  -0.023453  0.999722  0.002374  -0.001428  -0.002408  0.999996  0.000000  0.000000  
139.888397 0.000586  0.091143  0.000056  0.985460  0.169897  0.001806  -0.169838  0.984707  0.038820  0.004817  -0.038562  0.999245  -0.008670  -0.007530  -0.003976  0.000000  0.000000  0.000000  2.000000  0.999724  0.023450  0.001485  -0.023453  0.999722  0.002374  -0.001428  -0.002408  0.999996  0.999999  -0.001080  0.001297  0.001082  0.999999  -0.001339  -0.001296  0.001341  0.999998  1.000000  0.000000  0.000000  0.000000  1.000000  0.000000  0.000000  0.000000  1.000000  0.999724  0.023450  0.001485  -0.023453  0.999722  0.002374  -0.001428  -0.002408  0.999996  0.000000  0.000000  
139.889655 0.000575  0.091135  0.000050  0.985495  0.169694  0.001778  -0.169635  0.984747  0.038701  0.004817  -0.038441  0.999249  -0.008997  -0.007490  -0.004279  0.000000  0.000000  0.000000  2.000000  0.999724  0.023450  0.001485  -0.023453  0.999722  0.002374  -0.001428  -0.002408  0.999996  0.999999  -0.001281  0.001156  0.001282  0.999998  -0.001219  -0.001154  0.001220  0.999999  1.000000  0.000000  0.000000  0.000000  1.000000  0.000000  0.000000  0.000000  1.000000  0.999724  0.023450  0.001485  -0.023453  0.999722  0.002374  -0.001428  -0.002408  0.999996  0.000000  0.000000  
139.890897 0.000564  0.091125  0.000044  0.985495  0.169694  0.001778  -0.169635  0.984747  0.038701  0.004817  -0.038441  0.999249  -0.009119  -0.007448  -0.004461  0.000000  0.000000  0.000000  2.000000  0.999724  0.023450  0.001485  -0.023453  0.999722  0.002374  -0.001428  -0.002408  0.999996  0.999999  -0.001275  0.001022  0.001277  0.999998  -0.001340  -0.001020  0.001342  0.999999  1.000000  0.000000  0.000000  0.000000  1.000000  0.000000  0.000000  0.000000  1.000000  0.999724  0.023450  0.001485  -0.023453  0.999722  0.002374  -0.001428  -0.002408  0.999996  0.000000  0.000000  
139.891899 0.000556  0.091118  0.000039  0.985495  0.169694  0.001778  -0.169635  0.984747  0.038701  0.004817  -0.038441  0.999249  -0.009147  -0.007342  -0.004614  0.000000  0.000000  0.000000  2.000000  0.999724  0.023450  0.001485  -0.023453  0.999722  0.002374  -0.001428  -0.002408  0.999996  0.999999  -0.001275  0.001022  0.001277  0.999998  -0.001219  -0.001021  0.001220  0.999999  1.000000  0.000000  0.000000  0.000000  1.000000  0.000000  0.000000  0.000000  1.000000  0.999724  0.023450  0.001485  -0.023453  0.999722  0.002374  -0.001428  -0.002408  0.999996  0.000000  0.000000  
139.892944 0.000548  0.091111  0.000033  0.985495  0.169694  0.001778  -0.169635  0.984747  0.038701  0.004817  -0.038441  0.999249  -0.009077  -0.007217  -0.004718  0.000000  0.000000  0.000000  2.000000  0.999724  0.023450  0.001485  -0.023453  0.999722  0.002374  -0.001428  -0.002408  0.999996  0.999999  -0.001270  0.000888  0.001271  0.999998  -0.001219  -0.000887  0.001220  0.999999  1.000000  0.000000  0.000000  0.000000  1.000000  0.000000  0.000000  0.000000  1.000000  0.999724  0.023450  0.001485  -0.023453  0.999722  0.002374  -0.001428  -0.002408  0.999996  0.000000  0.000000  
139.894147 0.000539  0.091102  0.000026  0.985495  0.169694  0.001778  -0.169635  0.984747  0.038701  0.004817  -0.038441  0.999249  -0.008984  -0.007215  -0.004941  0.000000  0.000000  0.000000  2.000000  0.999724  0.023450  0.001485  -0.023453  0.999722  0.002374  -0.001428  -0.002408  0.999996  0.999999  -0.001270  0.000888  0.001271  0.999999  -0.001098  -0.000887  0.001099  0.999999  1.000000  0.000000  0.000000  0.000000  1.000000  0.000000  0.000000  0.000000  1.000000  0.999724  0.023450  0.001485  -0.023453  0.999722  0.002374  -0.001428  -0.002408  0.999996  0.000000  0.000000  
139.895396 0.000532  0.091094  0.000019  0.985495  0.169694  0.001778  -0.169635  0.984747  0.038701  0.004817  -0.038441  0.999249  -0.008759  -0.007159  -0.005069  0.000000  0.000000  0.000000  2.000000  0.999724  0.023450  0.001485  -0.023453  0.999722  0.002374  -0.001428  -0.002408  0.999996  0.999999  -0.001059  0.000763  0.001060  0.999999  -0.001097  -0.000761  0.001097  0.999999  1.000000  0.000000  0.000000  0.000000  1.000000  0.000000  0.000000  0.000000  1.000000  0.999724  0.023450  0.001485  -0.023453  0.999722  0.002374  -0.001428  -0.002408  0.999996  0.000000  0.000000  
139.896644 0.000526  0.091087  0.000013  0.985495  0.169694  0.001778  -0.169635  0.984747  0.038701  0.004817  -0.038441  0.999249  -0.008393  -0.007025  -0.005060  0.000000  0.000000  0.000000  2.000000  0.999724  0.023450  0.001485  -0.023453  0.999722  0.002374  -0.001428  -0.002408  0.999996  0.999999  -0.000849  0.000637  0.000849  0.999999  -0.000974  -0.000636  0.000975  0.999999  1.000000  0.000000  0.000000  0.000000  1.000000  0.000000  0.000000  0.000000  1.000000  0.999724  0.023450  0.001485  -0.023453  0.999722  0.002374  -0.001428  -0.002408  0.999996  0.000000  0.000000  
139.897644 0.000521  0.091081  0.000007  0.985495  0.169694  0.001778  -0.169635  0.984747  0.038701  0.004817  -0.038441  0.999249  -0.008062  -0.006917  -0.005148  0.000000  0.000000  0.000000  2.000000  0.999724  0.023450  0.001485  -0.023453  0.999722  0.002374  -0.001428  -0.002408  0.999996  1.000000  -0.000843  0.000503  0.000844  0.999999  -0.000853  -0.000502  0.000853  1.000000  1.000000  0.000000  0.000000  0.000000  1.000000  0.000000  0.000000  0.000000  1.000000  0.999724  0.023450  0.001485  -0.023453  0.999722  0.002374  -0.001428  -0.002408  0.999996  0.000000  0.000000  
139.898895 0.000517  0.091074  0.000000  0.985495  0.169694  0.001778  -0.169635  0.984747  0.038701  0.004817  -0.038441  0.999249  -0.007523  -0.006759  -0.005199  0.000000  0.000000  0.000000  2.000000  0.999724  0.023450  0.001485  -0.023453  0.999722  0.002374  -0.001428  -0.002408  0.999996  1.000000  -0.000633  0.000377  0.000633  1.000000  -0.000731  -0.000377  0.000731  1.000000  1.000000  0.000000  0.000000  0.000000  1.000000  0.000000  0.000000  0.000000  1.000000  0.999724  0.023450  0.001485  -0.023453  0.999722  0.002374  -0.001428  -0.002408  0.999996  0.000000  0.000000  
139.899899 0.000514  0.091069  -0.000005  0.985460  0.169897  0.001786  -0.169838  0.984712  0.038701  0.004817  -0.038441  0.999249  -0.006989  -0.006567  -0.005145  0.000000  0.000000  0.000000  2.000000  0.999724  0.023450  0.001485  -0.023453  0.999722  0.002374  -0.001428  -0.002408  0.999996  1.000000  -0.000427  0.000385  0.000427  1.000000  -0.000730  -0.000385  0.000730  1.000000  1.000000  0.000000  0.000000  0.000000  1.000000  0.000000  0.000000  0.000000  1.000000  0.999724  0.023450  0.001485  -0.023453  0.999722  0.002374  -0.001428  -0.002408  0.999996  0.000000  0.000000  
139.901144 0.000511  0.091063  -0.000011  0.985461  0.169891  0.001938  -0.169838  0.984708  0.038797  0.004683  -0.038562  0.999245  -0.006467  -0.006401  -0.005160  0.000000  0.000000  0.000000  2.000000  0.999724  0.023450  0.001485  -0.023453  0.999722  0.002374  -0.001428  -0.002408  0.999996  1.000000  -0.000432  0.000519  0.000432  1.000000  -0.000487  -0.000519  0.000487  1.000000  1.000000  0.000000  0.000000  0.000000  1.000000  0.000000  0.000000  0.000000  1.000000  0.999724  0.023450  0.001485  -0.023453  0.999722  0.002374  -0.001428  -0.002408  0.999996  0.000000  0.000000  
139.902151 0.000508  0.091057  -0.000016  0.985461  0.169891  0.001938  -0.169838  0.984708  0.038797  0.004683  -0.038562  0.999245  -0.005887  -0.006282  -0.005195  0.000000  0.000000  0.000000  2.000000  0.999724  0.023450  0.001485  -0.023453  0.999722  0.002374  -0.001428  -0.002408  0.999996  1.000000  -0.000221  0.000393  0.000221  1.000000  -0.000365  -0.000393  0.000365  1.000000  1.000000  0.000000  0.000000  0.000000  1.000000  0.000000  0.000000  0.000000  1.000000  0.999724  0.023450  0.001485  -0.023453  0.999722  0.002374  -0.001428  -0.002408  0.999996  0.000000  0.000000  
139.903404 0.000506  0.091051  -0.000023  0.985461  0.169891  0.001959  -0.169838  0.984703  0.038917  0.004683  -0.038684  0.999241  -0.005243  -0.006140  -0.005206  0.000000  0.000000  0.000000  2.000000  0.999724  0.023450  0.001485  -0.023453  0.999722  0.002374  -0.001428  -0.002408  0.999996  1.000000  -0.000221  0.000393  0.000221  1.000000  -0.000122  -0.000393  0.000122  1.000000  1.000000  0.000000  0.000000  0.000000  1.000000  0.000000  0.000000  0.000000  1.000000  0.999724  0.023450  0.001485  -0.023453  0.999722  0.002374  -0.001428  -0.002408  0.999996  0.000000  0.000000  
139.904649 0.000505  0.091044  -0.000028  0.985461  0.169891  0.001979  -0.169838  0.984699  0.039036  0.004683  -0.038805  0.999236  -0.004689  -0.006028  -0.005202  0.000000  0.000000  0.000000  2.000000  0.999724  0.023450  0.001485  -0.023453  0.999722  0.002374  -0.001428  -0.002408  0.999996  1.000000  -0.000016  0.000401  0.000016  1.000000  0.000000  -0.000401  0.000000  1.000000  1.000000  0.000000  0.000000  0.000000  1.000000  0.000000  0.000000  0.000000  1.000000  0.999724  0.023450  0.001485  -0.023453  0.999722  0.002374  -0.001428  -0.002408  0.999996  0.000000  0.000000  
139.905660 0.000504  0.091040  -0.000032  0.985426  0.170094  0.001987  -0.170041  0.984664  0.039036  0.004683  -0.038805  0.999236  -0.004022  -0.005792  -0.005124  0.000000  0.000000  0.000000  2.000000  0.999724  0.023450  0.001485  -0.023453  0.999722  0.002374  -0.001428  -0.002408  0.999996  1.000000  0.000195  0.000275  -0.000195  1.000000  0.000122  -0.000275  -0.000122  1.000000  1.000000  0.000000  0.000000  0.000000  1.000000  0.000000  0.000000  0.000000  1.000000  0.999724  0.023450  0.001485  -0.023453  0.999722  0.002374  -0.001428  -0.002408  0.999996  0.000000  0.000000  
