1-Time 2-Px 3-Py 4-Pz 5-R11 6-R21 7-R31 8-R12 9-R22 10-R32 11-R13 12-R23 13-R33 14-Vx 15-Vy 16-Vz 17-Wx 18-Wy 19-Wz 20-state 21-PR11 22-PR21 23-PR31 24-PR12 25-PR22 26-PR32 27-PR13 28-PR23 29-PR33 
23.112860 0.013745  0.094751  -0.003969  0.997221  0.059513  0.044809  -0.058165  0.997832  -0.030799  -0.046545  0.028107  0.998521  0.002596  0.002063  0.000886  0.000000  0.000000  0.000000  2.000000  1.000000  0.000000  0.000000  -0.000000  1.000000  0.000000  0.000000  -0.000000  1.000000  1.000000  -0.000620  -0.000116  0.000620  1.000000  0.000150  0.000116  -0.000150  1.000000  1.000000  0.000000  0.000000  0.000000  1.000000  0.000000  0.000000  0.000000  1.000000  0.627944  0.671122  -0.394058  -0.683683  0.717613  0.132699  0.371838  0.186083  0.909456  0.000000  0.000000  
23.113870 0.013747  0.094753  -0.003968  0.997221  0.059513  0.044809  -0.058165  0.997832  -0.030799  -0.046545  0.028107  0.998521  0.002606  0.002066  0.000877  0.000000  0.000000  0.000000  2.000000  1.000000  0.000000  0.000000  0.000000  1.000000  0.000000  0.000000  0.000000  1.000000  1.000000  -0.000620  -0.000116  0.000620  1.000000  0.000150  0.000116  -0.000150  1.000000  1.000000  0.000000  0.000000  0.000000  1.000000  0.000000  0.000000  0.000000  1.000000  1.000000  0.000000  0.000000  0.000000  1.000000  0.000000  0.000000  0.000000  1.000000  0.000000  0.000000  
23.115117 0.013753  0.094755  -0.003968  0.997191  0.059928  0.044930  -0.058576  0.997807  -0.030825  -0.046679  0.028107  0.998514  0.002806  0.002116  0.000848  0.000000  0.000000  0.000000  2.000000  1.000000  0.000000  0.000000  0.000000  1.000000  0.000000  0.000000  0.000000  1.000000  1.000000  -0.000209  -0.000128  0.000209  1.000000  0.000131  0.000128  -0.000131  1.000000  1.000000  0.000000  0.000000  0.000000  1.000000  0.000000  0.000000  0.000000  1.000000  1.000000  0.000000  0.000000  0.000000  1.000000  0.000000  0.000000  0.000000  1.000000  0.000000  0.000000  
23.116366 0.013761  0.094758  -0.003968  0.997154  0.060346  0.045184  -0.058986  0.997782  -0.030859  -0.046946  0.028106  0.998502  0.003099  0.002130  0.000756  0.000000  0.000000  0.000000  2.000000  1.000000  0.000000  0.000000  0.000000  1.000000  0.000000  0.000000  0.000000  1.000000  1.000000  0.000209  0.000128  -0.000209  1.000000  0.000233  -0.000128  -0.000233  1.000000  1.000000  0.000000  0.000000  0.000000  1.000000  0.000000  0.000000  0.000000  1.000000  1.000000  0.000000  0.000000  0.000000  1.000000  0.000000  0.000000  0.000000  1.000000  0.000000  0.000000  
23.117614 0.013769  0.094760  -0.003969  0.997117  0.060764  0.045438  -0.059395  0.997756  -0.030894  -0.047213  0.028106  0.998489  0.003426  0.002087  0.000651  0.000000  0.000000  0.000000  2.000000  1.000000  0.000000  0.000000  0.000000  1.000000  0.000000  0.000000  0.000000  1.000000  1.000000  0.000632  0.000518  -0.000632  1.000000  0.000214  -0.000517  -0.000214  1.000000  1.000000  0.000000  0.000000  0.000000  1.000000  0.000000  0.000000  0.000000  1.000000  1.000000  0.000000  0.000000  0.000000  1.000000  0.000000  0.000000  0.000000  1.000000  0.000000  0.000000  
23.118866 0.013778  0.094763  -0.003970  0.997111  0.060773  0.045564  -0.059395  0.997752  -0.031023  -0.047347  0.028227  0.998480  0.003846  0.002117  0.000472  0.000000  0.000000  0.000000  2.000000  1.000000  0.000000  0.000000  0.000000  1.000000  0.000000  0.000000  0.000000  1.000000  0.999999  0.000845  0.000779  -0.000845  1.000000  0.000204  -0.000779  -0.000204  1.000000  1.000000  0.000000  0.000000  0.000000  1.000000  0.000000  0.000000  0.000000  1.000000  1.000000  0.000000  0.000000  0.000000  1.000000  0.000000  0.000000  0.000000  1.000000  0.000000  0.000000  
23.119866 0.013787  0.094766  -0.003972  0.997099  0.060979  0.045558  -0.059600  0.997740  -0.031032  -0.047347  0.028227  0.998480  0.004242  0.002178  0.000318  0.000000  0.000000  0.000000  2.000000  1.000000  0.000000  0.000000  0.000000  1.000000  0.000000  0.000000  0.000000  1.000000  0.999999  0.001051  0.000773  -0.001051  0.999999  0.000073  -0.000773  -0.000073  1.000000  1.000000  0.000000  0.000000  0.000000  1.000000  0.000000  0.000000  0.000000  1.000000  1.000000  0.000000  0.000000  0.000000  1.000000  0.000000  0.000000  0.000000  1.000000  0.000000  0.000000  
23.121116 0.013799  0.094770  -0.003974  0.997074  0.061390  0.045545  -0.060011  0.997715  -0.031051  -0.047347  0.028227  0.998480  0.004871  0.002283  0.000117  0.000000  0.000000  0.000000  2.000000  1.000000  0.000000  0.000000  0.000000  1.000000  0.000000  0.000000  0.000000  1.000000  0.999999  0.001462  0.000762  -0.001462  0.999999  0.000053  -0.000762  -0.000054  1.000000  1.000000  0.000000  0.000000  0.000000  1.000000  0.000000  0.000000  0.000000  1.000000  1.000000  0.000000  0.000000  0.000000  1.000000  0.000000  0.000000  0.000000  1.000000  0.000000  0.000000  
23.122119 0.013810  0.094771  -0.003976  0.997049  0.061800  0.045532  -0.060421  0.997689  -0.031070  -0.047347  0.028227  0.998480  0.005362  0.002250  -0.000074  0.000000  0.000000  0.000000  2.000000  1.000000  0.000000  0.000000  0.000000  1.000000  0.000000  0.000000  0.000000  1.000000  0.999998  0.001873  0.000750  -0.001873  0.999998  0.000034  -0.000750  -0.000035  1.000000  1.000000  0.000000  0.000000  0.000000  1.000000  0.000000  0.000000  0.000000  1.000000  1.000000  0.000000  0.000000  0.000000  1.000000  0.000000  0.000000  0.000000  1.000000  0.000000  0.000000  
23.123369 0.013823  0.094773  -0.003979  0.997018  0.062215  0.045653  -0.060831  0.997664  -0.031096  -0.047481  0.028227  0.998473  0.006087  0.002185  -0.000392  0.000000  0.000000  0.000000  2.000000  1.000000  0.000000  0.000000  0.000000  1.000000  0.000000  0.000000  0.000000  1.000000  0.999997  0.002288  0.000872  -0.002288  0.999997  0.000014  -0.000872  -0.000016  1.000000  1.000000  0.000000  0.000000  0.000000  1.000000  0.000000  0.000000  0.000000  1.000000  1.000000  0.000000  0.000000  0.000000  1.000000  0.000000  0.000000  0.000000  1.000000  0.000000  0.000000  
23.124369 0.013835  0.094775  -0.003981  0.996987  0.062630  0.045773  -0.061242  0.997638  -0.031123  -0.047614  0.028226  0.998467  0.006696  0.002181  -0.000601  0.000000  0.000000  0.000000  2.000000  1.000000  0.000000  0.000000  0.000000  1.000000  0.000000  0.000000  0.000000  1.000000  0.999996  0.002703  0.000994  -0.002703  0.999996  -0.000006  -0.000994  0.000003  1.000000  1.000000  0.000000  0.000000  0.000000  1.000000  0.000000  0.000000  0.000000  1.000000  1.000000  0.000000  0.000000  0.000000  1.000000  0.000000  0.000000  0.000000  1.000000  0.000000  0.000000  
23.125373 0.013847  0.094777  -0.003985  0.996949  0.063048  0.046027  -0.061651  0.997611  -0.031159  -0.047882  0.028226  0.998454  0.007354  0.002136  -0.000907  0.000000  0.000000  0.000000  2.000000  1.000000  0.000000  0.000000  0.000000  1.000000  0.000000  0.000000  0.000000  1.000000  0.999994  0.003121  0.001250  -0.003121  0.999995  -0.000026  -0.001250  0.000023  0.999999  1.000000  0.000000  0.000000  0.000000  1.000000  0.000000  0.000000  0.000000  1.000000  1.000000  0.000000  0.000000  0.000000  1.000000  0.000000  0.000000  0.000000  1.000000  0.000000  0.000000  
23.126616 0.013864  0.094780  -0.003988  0.996904  0.063470  0.046414  -0.062061  0.997585  -0.031203  -0.048283  0.028225  0.998435  0.008229  0.002117  -0.001231  0.000000  0.000000  0.000000  2.000000  1.000000  0.000000  0.000000  0.000000  1.000000  0.000000  0.000000  0.000000  1.000000  0.999992  0.003746  0.001500  -0.003745  0.999993  -0.000178  -0.001501  0.000173  0.999999  1.000000  0.000000  0.000000  0.000000  1.000000  0.000000  0.000000  0.000000  1.000000  1.000000  0.000000  0.000000  0.000000  1.000000  0.000000  0.000000  0.000000  1.000000  0.000000  0.000000  
23.127869 0.013880  0.094782  -0.003992  0.996852  0.064094  0.046662  -0.062675  0.997545  -0.031248  -0.048550  0.028225  0.998422  0.009172  0.002092  -0.001593  0.000000  0.000000  0.000000  2.000000  1.000000  0.000000  0.000000  0.000000  1.000000  0.000000  0.000000  0.000000  1.000000  0.999990  0.004164  0.001756  -0.004164  0.999991  -0.000199  -0.001757  0.000192  0.999998  1.000000  0.000000  0.000000  0.000000  1.000000  0.000000  0.000000  0.000000  1.000000  1.000000  0.000000  0.000000  0.000000  1.000000  0.000000  0.000000  0.000000  1.000000  0.000000  0.000000  
23.129116 0.013898  0.094784  -0.003997  0.996820  0.064514  0.046774  -0.063085  0.997514  -0.031397  -0.048683  0.028346  0.998412  0.010069  0.002041  -0.001942  0.000000  0.000000  0.000000  2.000000  1.000000  0.000000  0.000000  0.000000  1.000000  0.000000  0.000000  0.000000  1.000000  0.999987  0.004788  0.002006  -0.004788  0.999989  -0.000230  -0.002007  0.000221  0.999998  1.000000  0.000000  0.000000  0.000000  1.000000  0.000000  0.000000  0.000000  1.000000  1.000000  0.000000  0.000000  0.000000  1.000000  0.000000  0.000000  0.000000  1.000000  0.000000  0.000000  
23.130369 0.013916  0.094786  -0.004002  0.996794  0.064924  0.046761  -0.063496  0.997488  -0.031416  -0.048683  0.028346  0.998412  0.010801  0.002013  -0.002334  0.000000  0.000000  0.000000  2.000000  1.000000  0.000011  0.000069  -0.000011  1.000000  -0.000005  -0.000069  0.000005  1.000000  0.999984  0.005200  0.001993  -0.005199  0.999986  -0.000372  -0.001995  0.000361  0.999998  1.000000  0.000011  0.000069  -0.000011  1.000000  -0.000005  -0.000069  0.000005  1.000000  1.000000  0.000011  0.000069  -0.000011  1.000000  -0.000005  -0.000069  0.000005  1.000000  0.000000  0.005581  
23.131615 0.013935  0.094789  -0.004009  0.996774  0.065139  0.046880  -0.063701  0.997470  -0.031555  -0.048817  0.028467  0.998402  0.011585  0.002013  -0.002740  -0.012654  -0.071300  0.181783  2.000000  1.000000  0.000071  0.000430  -0.000071  1.000000  -0.000033  -0.000430  0.000033  1.000000  0.999982  0.005615  0.002115  -0.005614  0.999984  -0.000514  -0.002117  0.000502  0.999998  1.000000  0.000012  0.000074  -0.000012  1.000000  -0.000006  -0.000074  0.000006  1.000000  1.000000  0.000071  0.000430  -0.000071  1.000000  -0.000033  -0.000430  0.000033  1.000000  0.000049  0.006021  
23.132865 0.013955  0.094792  -0.004015  0.996742  0.065560  0.046993  -0.064111  0.997439  -0.031704  -0.048951  0.028588  0.998392  0.012266  0.002071  -0.003029  -0.017402  -0.075386  0.195720  2.000000  1.000000  0.000137  0.000812  -0.000137  1.000000  -0.000073  -0.000812  0.000073  1.000000  0.999979  0.006030  0.002236  -0.006028  0.999982  -0.000777  -0.002240  0.000764  0.999997  1.000000  0.000013  0.000079  -0.000013  1.000000  -0.000010  -0.000079  0.000010  1.000000  1.000000  0.000137  0.000812  -0.000137  1.000000  -0.000073  -0.000812  0.000073  1.000000  0.000053  0.006477  
23.133866 0.013970  0.094794  -0.004020  0.996708  0.065980  0.047105  -0.064521  0.997408  -0.031853  -0.049084  0.028709  0.998382  0.012823  0.002056  -0.003301  -0.022154  -0.079479  0.209681  2.000000  0.999999  0.000191  0.001135  -0.000190  1.000000  -0.000112  -0.001135  0.000111  0.999999  0.999978  0.006240  0.002364  -0.006238  0.999980  -0.000788  -0.002368  0.000773  0.999997  1.000000  0.000013  0.000082  -0.000013  1.000000  -0.000010  -0.000082  0.000010  1.000000  0.999999  0.000191  0.001135  -0.000190  1.000000  -0.000112  -0.001135  0.000111  0.999999  0.000055  0.006718  
23.134867 0.013988  0.094796  -0.004026  0.996682  0.066198  0.047357  -0.064725  0.997390  -0.032001  -0.049352  0.028830  0.998365  0.013510  0.002012  -0.003642  -0.026587  -0.088248  0.216826  2.000000  0.999999  0.000245  0.001476  -0.000245  1.000000  -0.000157  -0.001476  0.000157  0.999999  0.999976  0.006449  0.002491  -0.006447  0.999979  -0.000920  -0.002497  0.000904  0.999996  1.000000  0.000013  0.000085  -0.000013  1.000000  -0.000011  -0.000085  0.000011  1.000000  0.999999  0.000245  0.001476  -0.000245  1.000000  -0.000157  -0.001476  0.000157  0.999999  0.000058  0.006973  
23.136116 0.014009  0.094798  -0.004034  0.996649  0.066619  0.047469  -0.065135  0.997358  -0.032150  -0.049485  0.028950  0.998355  0.013984  0.001901  -0.004019  -0.031129  -0.091706  0.229206  2.000000  0.999998  0.000308  0.001909  -0.000307  1.000000  -0.000224  -0.001909  0.000223  0.999998  0.999976  0.006454  0.002623  -0.006451  0.999979  -0.001164  -0.002630  0.001147  0.999996  1.000000  0.000012  0.000086  -0.000012  1.000000  -0.000014  -0.000086  0.000014  1.000000  0.999998  0.000308  0.001909  -0.000307  1.000000  -0.000224  -0.001909  0.000223  0.999998  0.000062  0.007062  
23.137117 0.014027  0.094799  -0.004041  0.996609  0.067043  0.047714  -0.065544  0.997326  -0.032308  -0.049753  0.029071  0.998338  0.014474  0.001860  -0.004317  -0.039878  -0.100140  0.242942  2.000000  0.999998  0.000346  0.002166  -0.000346  1.000000  -0.000270  -0.002166  0.000270  0.999998  0.999976  0.006450  0.002488  -0.006447  0.999978  -0.001287  -0.002497  0.001270  0.999996  1.000000  0.000013  0.000085  -0.000013  1.000000  -0.000016  -0.000085  0.000016  1.000000  0.999998  0.000346  0.002166  -0.000346  1.000000  -0.000270  -0.002166  0.000270  0.999998  0.000065  0.007031  
23.138366 0.014048  0.094800  -0.004050  0.996588  0.067264  0.047824  -0.065749  0.997305  -0.032569  -0.049886  0.029313  0.998325  0.014961  0.001780  -0.004709  -0.048695  -0.105197  0.251909  2.000000  0.999997  0.000410  0.002594  -0.000409  1.000000  -0.000355  -0.002595  0.000354  0.999997  0.999977  0.006245  0.002494  -0.006241  0.999980  -0.001399  -0.002502  0.001384  0.999996  1.000000  0.000012  0.000083  -0.000012  1.000000  -0.000017  -0.000083  0.000017  1.000000  0.999997  0.000410  0.002594  -0.000409  1.000000  -0.000355  -0.002595  0.000354  0.999997  0.000068  0.006867  
23.139372 0.014064  0.094800  -0.004058  0.996575  0.067475  0.047810  -0.065954  0.997287  -0.032699  -0.049886  0.029434  0.998321  0.015334  0.001657  -0.005103  -0.053095  -0.104963  0.258776  2.000000  0.999996  0.000465  0.002935  -0.000464  1.000000  -0.000431  -0.002935  0.000430  0.999996  0.999976  0.006447  0.002353  -0.006443  0.999978  -0.001531  -0.002363  0.001516  0.999996  1.000000  0.000015  0.000085  -0.000015  1.000000  -0.000019  -0.000085  0.000019  1.000000  0.999996  0.000465  0.002935  -0.000464  1.000000  -0.000431  -0.002935  0.000430  0.999996  0.000069  0.007030  
23.140620 0.014085  0.094800  -0.004067  0.996555  0.067690  0.047928  -0.066159  0.997269  -0.032839  -0.050020  0.029555  0.998311  0.015684  0.001523  -0.005475  -0.057857  -0.109043  0.272728  2.000000  0.999994  0.000538  0.003361  -0.000536  1.000000  -0.000527  -0.003362  0.000525  0.999994  0.999976  0.006451  0.002486  -0.006447  0.999978  -0.001532  -0.002496  0.001516  0.999996  1.000000  0.000013  0.000085  -0.000013  1.000000  -0.000019  -0.000085  0.000019  1.000000  0.999994  0.000538  0.003361  -0.000536  1.000000  -0.000527  -0.003362  0.000525  0.999994  0.000073  0.007079  
23.141871 0.014106  0.094799  -0.004078  0.996555  0.067690  0.047928  -0.066159  0.997269  -0.032839  -0.050020  0.029555  0.998311  0.015926  0.001263  -0.005976  -0.061934  -0.109063  0.272730  2.000000  0.999993  0.000600  0.003780  -0.000597  1.000000  -0.000629  -0.003780  0.000627  0.999993  0.999979  0.006040  0.002497  -0.006036  0.999980  -0.001632  -0.002507  0.001617  0.999996  1.000000  0.000011  0.000081  -0.000011  1.000000  -0.000020  -0.000081  0.000020  1.000000  0.999993  0.000600  0.003780  -0.000597  1.000000  -0.000629  -0.003780  0.000627  0.999993  0.000075  0.006735  
23.143120 0.014126  0.094797  -0.004088  0.996541  0.067901  0.047913  -0.066364  0.997251  -0.032970  -0.050020  0.029676  0.998307  0.016162  0.000980  -0.006430  -0.066359  -0.108871  0.279706  2.000000  0.999991  0.000653  0.004184  -0.000650  1.000000  -0.000737  -0.004185  0.000734  0.999991  0.999980  0.005835  0.002503  -0.005830  0.999981  -0.001743  -0.002513  0.001729  0.999995  1.000000  0.000009  0.000079  -0.000009  1.000000  -0.000022  -0.000079  0.000022  1.000000  0.999991  0.000653  0.004184  -0.000650  1.000000  -0.000737  -0.004185  0.000734  0.999991  0.000077  0.006582  
23.144370 0.014145  0.094795  -0.004099  0.996527  0.068118  0.047890  -0.066569  0.997229  -0.033222  -0.050020  0.029918  0.998300  0.016256  0.000686  -0.006759  -0.074513  -0.108839  0.279723  2.000000  0.999989  0.000703  0.004564  -0.000700  0.999999  -0.000852  -0.004565  0.000848  0.999989  0.999983  0.005416  0.002247  -0.005412  0.999984  -0.001844  -0.002257  0.001832  0.999996  1.000000  0.000009  0.000073  -0.000009  1.000000  -0.000023  -0.000073  0.000023  1.000000  0.999989  0.000703  0.004564  -0.000700  0.999999  -0.000852  -0.004565  0.000848  0.999989  0.000076  0.006145  
23.145388 0.014160  0.094794  -0.004108  0.996521  0.068122  0.048023  -0.066569  0.997228  -0.033231  -0.050153  0.029918  0.998293  0.016283  0.000475  -0.007077  -0.073833  -0.109171  0.265736  2.000000  0.999988  0.000732  0.004785  -0.000728  0.999999  -0.000925  -0.004786  0.000922  0.999988  0.999983  0.005416  0.002246  -0.005412  0.999983  -0.001966  -0.002257  0.001954  0.999996  1.000000  0.000009  0.000073  -0.000009  1.000000  -0.000025  -0.000073  0.000025  1.000000  0.999988  0.000732  0.004785  -0.000728  0.999999  -0.000925  -0.004786  0.000922  0.999988  0.000076  0.006183  
23.146617 0.014180  0.094792  -0.004119  0.996521  0.068134  0.048006  -0.066569  0.997220  -0.033473  -0.050153  0.030160  0.998286  0.016368  0.000150  -0.007440  -0.081406  -0.100633  0.251868  2.000000  0.999988  0.000750  0.004926  -0.000745  0.999999  -0.000976  -0.004926  0.000972  0.999987  0.999986  0.004997  0.001991  -0.004993  0.999985  -0.002067  -0.002001  0.002057  0.999996  1.000000  0.000000  0.000000  0.000000  1.000000  0.000000  0.000000  0.000000  1.000000  0.999988  0.000750  0.004926  -0.000745  0.999999  -0.000976  -0.004926  0.000972  0.999987  0.000072  0.000000  
23.147865 0.014199  0.094790  -0.004131  0.996500  0.068349  0.048124  -0.066774  0.997202  -0.033612  -0.050287  0.030281  0.998276  0.016274  -0.000130  -0.007762  -0.084882  -0.095391  0.249823  2.000000  0.999988  0.000750  0.004926  -0.000745  0.999999  -0.000976  -0.004926  0.000972  0.999987  0.999988  0.004583  0.001868  -0.004578  0.999987  -0.002290  -0.001879  0.002281  0.999996  1.000000  0.000000  0.000000  0.000000  1.000000  0.000000  0.000000  0.000000  1.000000  0.999988  0.000750  0.004926  -0.000745  0.999999  -0.000976  -0.004926  0.000972  0.999987  0.000070  0.000000  
23.148868 0.014213  0.094788  -0.004141  0.996500  0.068355  0.048116  -0.066774  0.997198  -0.033733  -0.050287  0.030402  0.998272  0.016168  -0.000434  -0.008088  -0.085206  -0.091793  0.244693  2.000000  0.999988  0.000750  0.004926  -0.000745  0.999999  -0.000976  -0.004926  0.000972  0.999987  0.999990  0.004164  0.001613  -0.004160  0.999988  -0.002390  -0.001623  0.002383  0.999996  1.000000  0.000000  0.000000  0.000000  1.000000  0.000000  0.000000  0.000000  1.000000  0.999988  0.000750  0.004926  -0.000745  0.999999  -0.000976  -0.004926  0.000972  0.999987  0.000070  0.000000  
23.150115 0.014231  0.094786  -0.004153  0.996500  0.068366  0.048100  -0.066774  0.997190  -0.033975  -0.050287  0.030645  0.998265  0.015896  -0.000671  -0.008373  -0.093046  -0.091990  0.237856  2.000000  0.999988  0.000750  0.004926  -0.000745  0.999999  -0.000976  -0.004926  0.000972  0.999987  0.999992  0.003749  0.001491  -0.003745  0.999990  -0.002370  -0.001500  0.002364  0.999996  1.000000  0.000000  0.000000  0.000000  1.000000  0.000000  0.000000  0.000000  1.000000  0.999988  0.000750  0.004926  -0.000745  0.999999  -0.000976  -0.004926  0.000972  0.999987  0.000069  0.000000  
23.151116 0.014245  0.094785  -0.004162  0.996507  0.068368  0.047958  -0.066774  0.997186  -0.034087  -0.050153  0.030766  0.998268  0.015725  -0.000857  -0.008546  -0.095950  -0.086940  0.228862  2.000000  0.999988  0.000750  0.004926  -0.000745  0.999999  -0.000976  -0.004926  0.000972  0.999987  0.999994  0.003334  0.001369  -0.003330  0.999991  -0.002591  -0.001378  0.002586  0.999996  1.000000  0.000000  0.000000  0.000000  1.000000  0.000000  0.000000  0.000000  1.000000  0.999988  0.000750  0.004926  -0.000745  0.999999  -0.000976  -0.004926  0.000972  0.999987  0.000066  0.000000  
23.152116 0.014258  0.094784  -0.004172  0.996507  0.068374  0.047950  -0.066774  0.997182  -0.034208  -0.050153  0.030887  0.998264  0.015439  -0.001015  -0.008730  -0.099332  -0.087339  0.215182  2.000000  0.999988  0.000750  0.004926  -0.000745  0.999999  -0.000976  -0.004926  0.000972  0.999987  0.999994  0.003124  0.001242  -0.003121  0.999992  -0.002581  -0.001250  0.002577  0.999996  1.000000  0.000000  0.000000  0.000000  1.000000  0.000000  0.000000  0.000000  1.000000  0.999988  0.000750  0.004926  -0.000745  0.999999  -0.000976  -0.004926  0.000972  0.999987  0.000065  0.000000  
23.153366 0.014274  0.094782  -0.004184  0.996507  0.068385  0.047933  -0.066774  0.997173  -0.034450  -0.050153  0.031129  0.998256  0.015124  -0.001182  -0.008984  -0.106761  -0.083260  0.201351  2.000000  0.999988  0.000750  0.004926  -0.000745  0.999999  -0.000976  -0.004926  0.000972  0.999987  0.999996  0.002709  0.001120  -0.002706  0.999993  -0.002681  -0.001127  0.002678  0.999996  1.000000  0.000000  0.000000  0.000000  1.000000  0.000000  0.000000  0.000000  1.000000  0.999988  0.000750  0.004926  -0.000745  0.999999  -0.000976  -0.004926  0.000972  0.999987  0.000061  0.000000  
23.154616 0.014290  0.094780  -0.004197  0.996507  0.068397  0.047916  -0.066774  0.997165  -0.034692  -0.050153  0.031371  0.998249  0.014797  -0.001366  -0.009157  -0.114202  -0.074728  0.187388  2.000000  0.999988  0.000750  0.004926  -0.000745  0.999999  -0.000976  -0.004926  0.000972  0.999987  0.999997  0.002294  0.000999  -0.002292  0.999994  -0.002782  -0.001005  0.002780  0.999996  1.000000  0.000000  0.000000  0.000000  1.000000  0.000000  0.000000  0.000000  1.000000  0.999988  0.000750  0.004926  -0.000745  0.999999  -0.000976  -0.004926  0.000972  0.999987  0.000058  0.000000  
23.155624 0.014302  0.094778  -0.004206  0.996507  0.068403  0.047908  -0.066774  0.997161  -0.034813  -0.050153  0.031492  0.998245  0.014445  -0.001518  -0.009270  -0.118205  -0.066950  0.167914  2.000000  0.999988  0.000750  0.004926  -0.000745  0.999999  -0.000976  -0.004926  0.000972  0.999987  0.999998  0.002080  0.000737  -0.002078  0.999994  -0.002772  -0.000743  0.002770  0.999996  1.000000  0.000000  0.000000  0.000000  1.000000  0.000000  0.000000  0.000000  1.000000  0.999988  0.000750  0.004926  -0.000745  0.999999  -0.000976  -0.004926  0.000972  0.999987  0.000055  0.000000  
23.156866 0.014317  0.094774  -0.004219  0.996521  0.068209  0.047899  -0.066569  0.997166  -0.035045  -0.050153  0.031734  0.998237  0.014084  -0.001694  -0.009404  0.000000  0.000000  0.000000  2.000000  0.999988  0.000750  0.004926  -0.000745  0.999999  -0.000976  -0.004926  0.000972  0.999987  0.999998  0.001665  0.000616  -0.001664  0.999994  -0.002872  -0.000621  0.002871  0.999996  1.000000  0.000000  0.000000  0.000000  1.000000  0.000000  0.000000  0.000000  1.000000  0.999988  0.000750  0.004926  -0.000745  0.999999  -0.000976  -0.004926  0.000972  0.999987  0.000000  0.000000  
23.157875 0.014328  0.094770  -0.004229  0.996521  0.068221  0.047882  -0.066569  0.997158  -0.035287  -0.050153  0.031977  0.998229  0.013675  -0.001855  -0.009553  0.000000  0.000000  0.000000  2.000000  0.999988  0.000750  0.004926  -0.000745  0.999999  -0.000976  -0.004926  0.000972  0.999987  0.999999  0.001040  0.000368  -0.001039  0.999995  -0.002841  -0.000371  0.002841  0.999996  1.000000  0.000000  0.000000  0.000000  1.000000  0.000000  0.000000  0.000000  1.000000  0.999988  0.000750  0.004926  -0.000745  0.999999  -0.000976  -0.004926  0.000972  0.999987  0.000000  0.000000  
23.159118 0.014341  0.094765  -0.004243  0.996521  0.068227  0.047874  -0.066569  0.997153  -0.035408  -0.050153  0.032098  0.998226  0.013280  -0.002016  -0.009743  0.000000  0.000000  0.000000  2.000000  0.999988  0.000750  0.004926  -0.000745  0.999999  -0.000976  -0.004926  0.000972  0.999987  1.000000  0.000831  0.000241  -0.000830  0.999996  -0.002831  -0.000243  0.002831  0.999996  1.000000  0.000000  0.000000  0.000000  1.000000  0.000000  0.000000  0.000000  1.000000  0.999988  0.000750  0.004926  -0.000745  0.999999  -0.000976  -0.004926  0.000972  0.999987  0.000000  0.000000  
23.160370 0.014354  0.094761  -0.004256  0.996521  0.068232  0.047866  -0.066569  0.997149  -0.035529  -0.050153  0.032219  0.998222  0.012901  -0.002210  -0.009862  0.000000  0.000000  0.000000  2.000000  0.999988  0.000750  0.004926  -0.000745  0.999999  -0.000976  -0.004926  0.000972  0.999987  1.000000  0.000625  0.000248  -0.000624  0.999996  -0.002821  -0.000249  0.002821  0.999996  1.000000  0.000000  0.000000  0.000000  1.000000  0.000000  0.000000  0.000000  1.000000  0.999988  0.000750  0.004926  -0.000745  0.999999  -0.000976  -0.004926  0.000972  0.999987  0.000000  0.000000  
23.161626 0.014366  0.094756  -0.004268  0.996527  0.068240  0.047716  -0.066569  0.997141  -0.035762  -0.050020  0.032461  0.998221  0.012326  -0.002456  -0.009970  0.000000  0.000000  0.000000  2.000000  0.999988  0.000750  0.004926  -0.000745  0.999999  -0.000976  -0.004926  0.000972  0.999987  1.000000  0.000411  -0.000013  -0.000411  0.999996  -0.002810  0.000012  0.002810  0.999996  1.000000  0.000000  0.000000  0.000000  1.000000  0.000000  0.000000  0.000000  1.000000  0.999988  0.000750  0.004926  -0.000745  0.999999  -0.000976  -0.004926  0.000972  0.999987  0.000000  0.000000  
23.162871 0.014378  0.094751  -0.004281  0.996527  0.068245  0.047708  -0.066569  0.997136  -0.035883  -0.050020  0.032582  0.998217  0.011879  -0.002624  -0.009998  0.000000  0.000000  0.000000  2.000000  0.999988  0.000750  0.004926  -0.000745  0.999999  -0.000976  -0.004926  0.000972  0.999987  1.000000  0.000206  -0.000007  -0.000206  0.999996  -0.002921  0.000006  0.002921  0.999996  1.000000  0.000000  0.000000  0.000000  1.000000  0.000000  0.000000  0.000000  1.000000  0.999988  0.000750  0.004926  -0.000745  0.999999  -0.000976  -0.004926  0.000972  0.999987  0.000000  0.000000  
23.164114 0.014389  0.094746  -0.004294  0.996541  0.068046  0.047707  -0.066364  0.997146  -0.035994  -0.050020  0.032703  0.998213  0.011477  -0.002772  -0.010047  0.000000  0.000000  0.000000  2.000000  0.999988  0.000750  0.004926  -0.000745  0.999999  -0.000976  -0.004926  0.000972  0.999987  1.000000  0.000000  0.000000  0.000000  0.999996  -0.002911  0.000000  0.002911  0.999996  1.000000  0.000000  0.000000  0.000000  1.000000  0.000000  0.000000  0.000000  1.000000  0.999988  0.000750  0.004926  -0.000745  0.999999  -0.000976  -0.004926  0.000972  0.999987  0.000000  0.000000  
23.165116 0.014398  0.094742  -0.004304  0.996541  0.068058  0.047690  -0.066364  0.997137  -0.036236  -0.050020  0.032946  0.998205  0.011079  -0.002997  -0.010116  0.000000  0.000000  0.000000  2.000000  0.999988  0.000750  0.004926  -0.000745  0.999999  -0.000976  -0.004926  0.000972  0.999987  1.000000  -0.000206  0.000007  0.000206  0.999996  -0.002901  -0.000006  0.002901  0.999996  1.000000  0.000000  0.000000  0.000000  1.000000  0.000000  0.000000  0.000000  1.000000  0.999988  0.000750  0.004926  -0.000745  0.999999  -0.000976  -0.004926  0.000972  0.999987  0.000000  0.000000  
23.166120 0.014406  0.094739  -0.004315  0.996527  0.068269  0.047674  -0.066569  0.997119  -0.036367  -0.050020  0.033067  0.998201  0.010687  -0.003143  -0.010190  0.000000  0.000000  0.000000  2.000000  0.999988  0.000750  0.004926  -0.000745  0.999999  -0.000976  -0.004926  0.000972  0.999987  1.000000  -0.000004  -0.000134  0.000004  0.999995  -0.003032  0.000134  0.003032  0.999995  1.000000  0.000000  0.000000  0.000000  1.000000  0.000000  0.000000  0.000000  1.000000  0.999988  0.000750  0.004926  -0.000745  0.999999  -0.000976  -0.004926  0.000972  0.999987  0.000000  0.000000  
23.167365 0.014416  0.094735  -0.004327  0.996521  0.068285  0.047791  -0.066569  0.997110  -0.036617  -0.050153  0.033309  0.998186  0.010289  -0.003277  -0.010198  0.000000  0.000000  0.000000  2.000000  0.999988  0.000750  0.004926  -0.000745  0.999999  -0.000976  -0.004926  0.000972  0.999987  1.000000  -0.000210  -0.000127  0.000210  0.999995  -0.003022  0.000128  0.003022  0.999995  1.000000  0.000000  0.000000  0.000000  1.000000  0.000000  0.000000  0.000000  1.000000  0.999988  0.000750  0.004926  -0.000745  0.999999  -0.000976  -0.004926  0.000972  0.999987  0.000000  0.000000  
23.168366 0.014424  0.094731  -0.004337  0.996521  0.068290  0.047783  -0.066569  0.997105  -0.036738  -0.050153  0.033430  0.998182  0.009973  -0.003409  -0.010168  0.000000  0.000000  0.000000  2.000000  0.999988  0.000750  0.004926  -0.000745  0.999999  -0.000976  -0.004926  0.000972  0.999987  1.000000  -0.000210  -0.000127  0.000210  0.999995  -0.003143  0.000128  0.003143  0.999995  1.000000  0.000000  0.000000  0.000000  1.000000  0.000000  0.000000  0.000000  1.000000  0.999988  0.000750  0.004926  -0.000745  0.999999  -0.000976  -0.004926  0.000972  0.999987  0.000000  0.000000  
23.169616 0.014433  0.094728  -0.004349  0.996534  0.068097  0.047774  -0.066364  0.997110  -0.036970  -0.050153  0.033672  0.998174  0.009499  -0.003493  -0.010154  0.000000  0.000000  0.000000  2.000000  0.999988  0.000750  0.004926  -0.000745  0.999999  -0.000976  -0.004926  0.000972  0.999987  1.000000  -0.000210  -0.000127  0.000210  0.999995  -0.003143  0.000127  0.003143  0.999995  1.000000  0.000000  0.000000  0.000000  1.000000  0.000000  0.000000  0.000000  1.000000  0.999988  0.000750  0.004926  -0.000745  0.999999  -0.000976  -0.004926  0.000972  0.999987  0.000000  0.000000  
23.170618 0.014441  0.094726  -0.004358  0.996534  0.068108  0.047757  -0.066364  0.997101  -0.037212  -0.050153  0.033914  0.998166  0.009278  -0.003448  -0.010096  0.000000  0.000000  0.000000  2.000000  0.999988  0.000750  0.004926  -0.000745  0.999999  -0.000976  -0.004926  0.000972  0.999987  1.000000  -0.000416  -0.000120  0.000415  0.999995  -0.003133  0.000121  0.003133  0.999995  1.000000  0.000000  0.000000  0.000000  1.000000  0.000000  0.000000  0.000000  1.000000  0.999988  0.000750  0.004926  -0.000745  0.999999  -0.000976  -0.004926  0.000972  0.999987  0.000000  0.000000  
23.171619 0.014449  0.094724  -0.004367  0.996521  0.068319  0.047741  -0.066569  0.997083  -0.037343  -0.050153  0.034035  0.998161  0.008983  -0.003413  -0.010065  0.000000  0.000000  0.000000  2.000000  0.999988  0.000750  0.004926  -0.000745  0.999999  -0.000976  -0.004926  0.000972  0.999987  1.000000  -0.000411  0.000014  0.000411  0.999995  -0.003254  -0.000013  0.003254  0.999995  1.000000  0.000000  0.000000  0.000000  1.000000  0.000000  0.000000  0.000000  1.000000  0.999988  0.000750  0.004926  -0.000745  0.999999  -0.000976  -0.004926  0.000972  0.999987  0.000000  0.000000  
23.172619 0.014456  0.094722  -0.004375  0.996521  0.068331  0.047725  -0.066569  0.997074  -0.037585  -0.050153  0.034277  0.998153  0.008751  -0.003279  -0.009892  0.000000  0.000000  0.000000  2.000000  0.999988  0.000750  0.004926  -0.000745  0.999999  -0.000976  -0.004926  0.000972  0.999987  1.000000  -0.000205  0.000007  0.000206  0.999995  -0.003143  -0.000006  0.003143  0.999995  1.000000  0.000000  0.000000  0.000000  1.000000  0.000000  0.000000  0.000000  1.000000  0.999988  0.000750  0.004926  -0.000745  0.999999  -0.000976  -0.004926  0.000972  0.999987  0.000000  0.000000  
23.173621 0.014463  0.094718  -0.004384  0.996521  0.068337  0.047717  -0.066569  0.997069  -0.037706  -0.050153  0.034398  0.998149  0.008447  -0.003266  -0.009770  0.000000  0.000000  0.000000  2.000000  0.999988  0.000750  0.004926  -0.000745  0.999999  -0.000976  -0.004926  0.000972  0.999987  1.000000  -0.000205  0.000007  0.000206  0.999995  -0.003265  -0.000006  0.003265  0.999995  1.000000  0.000000  0.000000  0.000000  1.000000  0.000000  0.000000  0.000000  1.000000  0.999988  0.000750  0.004926  -0.000745  0.999999  -0.000976  -0.004926  0.000972  0.999987  0.000000  0.000000  
23.174872 0.014472  0.094715  -0.004394  0.996514  0.068353  0.047833  -0.066568  0.997060  -0.037957  -0.050287  0.034640  0.998134  0.008171  -0.003092  -0.009530  0.000000  0.000000  0.000000  2.000000  0.999988  0.000750  0.004926  -0.000745  0.999999  -0.000976  -0.004926  0.000972  0.999987  1.000000  -0.000201  0.000141  0.000201  0.999995  -0.003265  -0.000140  0.003265  0.999995  1.000000  0.000000  0.000000  0.000000  1.000000  0.000000  0.000000  0.000000  1.000000  0.999988  0.000750  0.004926  -0.000745  0.999999  -0.000976  -0.004926  0.000972  0.999987  0.000000  0.000000  
23.176122 0.014480  0.094712  -0.004403  0.996514  0.068365  0.047817  -0.066568  0.997050  -0.038198  -0.050287  0.034882  0.998125  0.007911  -0.003035  -0.009318  0.000000  0.000000  0.000000  2.000000  0.999988  0.000750  0.004926  -0.000745  0.999999  -0.000976  -0.004926  0.000972  0.999987  1.000000  -0.000201  0.000141  0.000201  0.999995  -0.003265  -0.000140  0.003265  0.999995  1.000000  0.000000  0.000000  0.000000  1.000000  0.000000  0.000000  0.000000  1.000000  0.999988  0.000750  0.004926  -0.000745  0.999999  -0.000976  -0.004926  0.000972  0.999987  0.000000  0.000000  
23.177366 0.014489  0.094710  -0.004412  0.996514  0.068370  0.047808  -0.066568  0.997046  -0.038319  -0.050287  0.035003  0.998121  0.007768  -0.002895  -0.009099  0.000000  0.000000  0.000000  2.000000  0.999988  0.000750  0.004926  -0.000745  0.999999  -0.000976  -0.004926  0.000972  0.999987  1.000000  0.000005  0.000134  -0.000004  0.999995  -0.003275  -0.000134  0.003275  0.999995  1.000000  0.000000  0.000000  0.000000  1.000000  0.000000  0.000000  0.000000  1.000000  0.999988  0.000750  0.004926  -0.000745  0.999999  -0.000976  -0.004926  0.000972  0.999987  0.000000  0.000000  
23.178620 0.014498  0.094707  -0.004422  0.996500  0.068581  0.047792  -0.066774  0.997027  -0.038450  -0.050287  0.035124  0.998117  0.007560  -0.002725  -0.008880  0.000000  0.000000  0.000000  2.000000  0.999988  0.000750  0.004926  -0.000745  0.999999  -0.000976  -0.004926  0.000972  0.999987  1.000000  0.000005  0.000134  -0.000004  0.999995  -0.003154  -0.000134  0.003154  0.999995  1.000000  0.000000  0.000000  0.000000  1.000000  0.000000  0.000000  0.000000  1.000000  0.999988  0.000750  0.004926  -0.000745  0.999999  -0.000976  -0.004926  0.000972  0.999987  0.000000  0.000000  
23.179871 0.014506  0.094703  -0.004433  0.996500  0.068593  0.047776  -0.066774  0.997018  -0.038692  -0.050287  0.035367  0.998108  0.007357  -0.002646  -0.008716  0.000000  0.000000  0.000000  2.000000  0.999988  0.000750  0.004926  -0.000745  0.999999  -0.000976  -0.004926  0.000972  0.999987  1.000000  0.000210  0.000126  -0.000210  0.999995  -0.003043  -0.000127  0.003043  0.999995  1.000000  0.000000  0.000000  0.000000  1.000000  0.000000  0.000000  0.000000  1.000000  0.999988  0.000750  0.004926  -0.000745  0.999999  -0.000976  -0.004926  0.000972  0.999987  0.000000  0.000000  
23.181117 0.014514  0.094700  -0.004443  0.996500  0.068599  0.047767  -0.066774  0.997013  -0.038813  -0.050287  0.035488  0.998104  0.007224  -0.002600  -0.008541  0.000000  0.000000  0.000000  2.000000  0.999988  0.000750  0.004926  -0.000745  0.999999  -0.000976  -0.004926  0.000972  0.999987  1.000000  0.000210  0.000126  -0.000210  0.999995  -0.003164  -0.000127  0.003164  0.999995  1.000000  0.000000  0.000000  0.000000  1.000000  0.000000  0.000000  0.000000  1.000000  0.999988  0.000750  0.004926  -0.000745  0.999999  -0.000976  -0.004926  0.000972  0.999987  0.000000  0.000000  
23.182370 0.014523  0.094697  -0.004453  0.996493  0.068609  0.047892  -0.066773  0.997008  -0.038943  -0.050421  0.035608  0.998093  0.007122  -0.002469  -0.008422  0.000000  0.000000  0.000000  2.000000  0.999988  0.000750  0.004926  -0.000745  0.999999  -0.000976  -0.004926  0.000972  0.999987  1.000000  0.000220  0.000394  -0.000219  0.999995  -0.003164  -0.000395  0.003164  0.999995  1.000000  0.000000  0.000000  0.000000  1.000000  0.000000  0.000000  0.000000  1.000000  0.999988  0.000750  0.004926  -0.000745  0.999999  -0.000976  -0.004926  0.000972  0.999987  0.000000  0.000000  
23.183616 0.014531  0.094694  -0.004464  0.996493  0.068615  0.047884  -0.066773  0.997003  -0.039064  -0.050421  0.035729  0.998089  0.007018  -0.002453  -0.008304  0.000000  0.000000  0.000000  2.000000  0.999988  0.000750  0.004926  -0.000745  0.999999  -0.000976  -0.004926  0.000972  0.999987  1.000000  0.000220  0.000394  -0.000219  0.999995  -0.003043  -0.000394  0.003043  0.999995  1.000000  0.000000  0.000000  0.000000  1.000000  0.000000  0.000000  0.000000  1.000000  0.999988  0.000750  0.004926  -0.000745  0.999999  -0.000976  -0.004926  0.000972  0.999987  0.000000  0.000000  
23.184868 0.014540  0.094692  -0.004475  0.996473  0.068831  0.048001  -0.066978  0.996984  -0.039204  -0.050554  0.035850  0.998078  0.006945  -0.002358  -0.008229  0.000000  0.000000  0.000000  2.000000  0.999988  0.000750  0.004926  -0.000745  0.999999  -0.000976  -0.004926  0.000972  0.999987  1.000000  0.000636  0.000513  -0.000634  0.999995  -0.003064  -0.000515  0.003063  0.999995  1.000000  0.000000  0.000000  0.000000  1.000000  0.000000  0.000000  0.000000  1.000000  0.999988  0.000750  0.004926  -0.000745  0.999999  -0.000976  -0.004926  0.000972  0.999987  0.000000  0.000000  
23.185872 0.014546  0.094690  -0.004483  0.996473  0.068837  0.047992  -0.066978  0.996979  -0.039324  -0.050554  0.035971  0.998073  0.006859  -0.002347  -0.008152  0.000000  0.000000  0.000000  2.000000  0.999988  0.000750  0.004926  -0.000745  0.999999  -0.000976  -0.004926  0.000972  0.999987  1.000000  0.000430  0.000520  -0.000429  0.999995  -0.003053  -0.000521  0.003053  0.999995  1.000000  0.000000  0.000000  0.000000  1.000000  0.000000  0.000000  0.000000  1.000000  0.999988  0.000750  0.004926  -0.000745  0.999999  -0.000976  -0.004926  0.000972  0.999987  0.000000  0.000000  
23.187116 0.014555  0.094688  -0.004493  0.996466  0.068847  0.048117  -0.066977  0.996974  -0.039454  -0.050688  0.036092  0.998062  0.006798  -0.002303  -0.008184  0.000000  0.000000  0.000000  2.000000  0.999988  0.000750  0.004926  -0.000745  0.999999  -0.000976  -0.004926  0.000972  0.999987  1.000000  0.000425  0.000386  -0.000424  0.999996  -0.002932  -0.000388  0.002932  0.999996  1.000000  0.000000  0.000000  0.000000  1.000000  0.000000  0.000000  0.000000  1.000000  0.999988  0.000750  0.004926  -0.000745  0.999999  -0.000976  -0.004926  0.000972  0.999987  0.000000  0.000000  
23.188364 0.014563  0.094686  -0.004504  0.996452  0.069064  0.048092  -0.067183  0.996950  -0.039706  -0.050688  0.036334  0.998053  0.006736  -0.002213  -0.008142  0.000000  0.000000  0.000000  2.000000  0.999988  0.000750  0.004926  -0.000745  0.999999  -0.000976  -0.004926  0.000972  0.999987  1.000000  0.000636  0.000512  -0.000634  0.999996  -0.002821  -0.000514  0.002821  0.999996  1.000000  0.000000  0.000000  0.000000  1.000000  0.000000  0.000000  0.000000  1.000000  0.999988  0.000750  0.004926  -0.000745  0.999999  -0.000976  -0.004926  0.000972  0.999987  0.000000  0.000000  
