1-Time 2-Px 3-Py 4-Pz 5-R11 6-R21 7-R31 8-R12 9-R22 10-R32 11-R13 12-R23 13-R33 14-Vx 15-Vy 16-Vz 17-Wx 18-Wy 19-Wz 20-state 21-PR11 22-PR21 23-PR31 24-PR12 25-PR22 26-PR32 27-PR13 28-PR23 29-PR33 
21.712844 0.011301  0.098265  0.000933  0.999224  0.031099  0.024154  -0.029013  0.166734  0.985575  0.026623  -0.985511  0.167507  -0.003144  0.003894  -0.003124  0.135684  -0.343218  -0.077881  2.000000  1.000000  0.000000  0.000000  0.000000  -0.000000  1.000000  0.000000  -1.000000  -0.000000  0.999976  -0.002000  0.006602  0.001981  0.999994  0.002849  -0.006607  -0.002836  0.999974  1.000000  -0.000025  0.000083  0.000025  1.000000  0.000036  -0.000083  -0.000036  1.000000  0.493588  0.832845  0.250479  -0.521834  0.053211  0.851386  0.695745  -0.550942  0.460871  0.000093  0.007461  
21.713848 0.011297  0.098269  0.000930  0.999222  0.030998  0.024383  -0.029219  0.166612  0.985590  0.026489  -0.985535  0.167388  -0.003120  0.003865  -0.003145  0.135447  -0.337110  -0.083514  2.000000  1.000000  -0.000100  0.000336  -0.000336  -0.000142  1.000000  -0.000100  -1.000000  -0.000142  0.999975  -0.001966  0.006804  0.001947  0.999994  0.002854  -0.006810  -0.002841  0.999973  1.000000  -0.000024  0.000085  0.000024  1.000000  0.000036  -0.000085  -0.000036  1.000000  1.000000  -0.000100  0.000336  -0.000336  -0.000142  1.000000  -0.000100  -1.000000  -0.000142  0.000095  0.007634  
21.714849 0.011296  0.098273  0.000926  0.999211  0.030838  0.025037  -0.029837  0.166600  0.985573  0.026222  -0.985542  0.167389  -0.002994  0.003886  -0.003221  0.131696  -0.351489  -0.085622  2.000000  1.000000  -0.000202  0.000676  -0.000677  -0.000281  1.000000  -0.000201  -1.000000  -0.000282  0.999973  -0.002064  0.007030  0.002045  0.999994  0.002738  -0.007035  -0.002723  0.999972  1.000000  -0.000026  0.000088  0.000026  1.000000  0.000034  -0.000088  -0.000034  1.000000  1.000000  -0.000202  0.000676  -0.000677  -0.000281  1.000000  -0.000201  -1.000000  -0.000282  0.000097  0.007819  
21.716098 0.011294  0.098278  0.000923  0.999193  0.030482  0.026141  -0.030866  0.166585  0.985544  0.025687  -0.985556  0.167391  -0.002795  0.003900  -0.003184  0.128117  -0.374294  -0.095447  2.000000  0.999999  -0.000334  0.001124  -0.001125  -0.000448  0.999999  -0.000333  -1.000000  -0.000448  0.999969  -0.002259  0.007480  0.002239  0.999994  0.002627  -0.007486  -0.002610  0.999969  1.000000  -0.000028  0.000094  0.000028  1.000000  0.000033  -0.000094  -0.000033  1.000000  0.999999  -0.000334  0.001124  -0.001125  -0.000448  0.999999  -0.000333  -1.000000  -0.000448  0.000100  0.008241  
21.717346 0.011294  0.098285  0.000922  0.999181  0.030095  0.027038  -0.031689  0.166696  0.985499  0.025151  -0.985549  0.167513  -0.002545  0.004040  -0.003023  0.120232  -0.390225  -0.106405  2.000000  0.999999  -0.000479  0.001603  -0.001604  -0.000602  0.999999  -0.000478  -1.000000  -0.000603  0.999966  -0.002454  0.007931  0.002435  0.999994  0.002394  -0.007937  -0.002375  0.999966  1.000000  -0.000031  0.000099  0.000031  1.000000  0.000030  -0.000099  -0.000030  1.000000  0.999999  -0.000479  0.001603  -0.001604  -0.000602  0.999999  -0.000478  -1.000000  -0.000603  0.000104  0.008638  
21.718348 0.011293  0.098291  0.000920  0.999178  0.029772  0.027508  -0.032101  0.166816  0.985465  0.024750  -0.985539  0.167634  -0.002356  0.004201  -0.002874  0.111997  -0.392481  -0.119693  2.000000  0.999998  -0.000608  0.002001  -0.002002  -0.000712  0.999998  -0.000607  -1.000000  -0.000713  0.999965  -0.002716  0.007976  0.002699  0.999994  0.002030  -0.007982  -0.002008  0.999966  1.000000  -0.000034  0.000100  0.000034  1.000000  0.000025  -0.000100  -0.000025  1.000000  0.999998  -0.000608  0.002001  -0.002002  -0.000712  0.999998  -0.000607  -1.000000  -0.000713  0.000106  0.008665  
21.719601 0.011294  0.098300  0.000919  0.999171  0.029580  0.027955  -0.032512  0.166931  0.985432  0.024483  -0.985525  0.167755  -0.002087  0.004480  -0.002669  0.103773  -0.393254  -0.124128  2.000000  0.999997  -0.000783  0.002508  -0.002509  -0.000833  0.999997  -0.000781  -0.999999  -0.000835  0.999962  -0.002813  0.008202  0.002797  0.999994  0.001912  -0.008207  -0.001889  0.999965  1.000000  -0.000035  0.000103  0.000035  1.000000  0.000024  -0.000103  -0.000024  1.000000  0.999997  -0.000783  0.002508  -0.002509  -0.000833  0.999997  -0.000781  -0.999999  -0.000835  0.000107  0.008877  
21.720848 0.011294  0.098309  0.000919  0.999151  0.029461  0.028804  -0.033335  0.167155  0.985367  0.024215  -0.985490  0.167995  -0.001780  0.004767  -0.002429  0.091851  -0.407689  -0.126204  2.000000  0.999995  -0.000927  0.002927  -0.002928  -0.000915  0.999995  -0.000925  -0.999999  -0.000917  0.999960  -0.002908  0.008428  0.002895  0.999995  0.001553  -0.008432  -0.001528  0.999963  1.000000  -0.000036  0.000105  0.000036  1.000000  0.000019  -0.000105  -0.000019  1.000000  0.999995  -0.000927  0.002927  -0.002928  -0.000915  0.999995  -0.000925  -0.999999  -0.000917  0.000108  0.009048  
21.721849 0.011295  0.098316  0.000917  0.999133  0.029436  0.029431  -0.033952  0.167261  0.985328  0.024081  -0.985473  0.168115  -0.001572  0.004945  -0.002359  0.083816  -0.414425  -0.125008  2.000000  0.999994  -0.001068  0.003363  -0.003365  -0.000979  0.999994  -0.001065  -0.999999  -0.000983  0.999958  -0.002705  0.008812  0.002695  0.999996  0.001199  -0.008815  -0.001175  0.999960  1.000000  -0.000034  0.000110  0.000034  1.000000  0.000015  -0.000110  -0.000015  1.000000  0.999994  -0.001068  0.003363  -0.003365  -0.000979  0.999994  -0.001065  -0.999999  -0.000983  0.000110  0.009294  
21.723102 0.011295  0.098324  0.000915  0.999108  0.029449  0.030258  -0.034775  0.167480  0.985262  0.023948  -0.985436  0.168355  -0.001317  0.005104  -0.002243  0.071898  -0.428016  -0.122626  2.000000  0.999992  -0.001241  0.003931  -0.003932  -0.001043  0.999992  -0.001237  -0.999999  -0.001048  0.999953  -0.002767  0.009240  0.002758  0.999996  0.000966  -0.009243  -0.000941  0.999957  1.000000  -0.000035  0.000116  0.000035  1.000000  0.000012  -0.000116  -0.000012  1.000000  0.999992  -0.001241  0.003931  -0.003932  -0.001043  0.999992  -0.001237  -0.999999  -0.001048  0.000113  0.009693  
21.724352 0.011294  0.098331  0.000912  0.999089  0.029196  0.031133  -0.035598  0.167589  0.985214  0.023546  -0.985425  0.168476  -0.001153  0.005255  -0.002162  0.059902  -0.442396  -0.124740  2.000000  0.999989  -0.001412  0.004523  -0.004525  -0.001081  0.999989  -0.001407  -0.999998  -0.001087  0.999949  -0.002827  0.009669  0.002823  0.999996  0.000490  -0.009671  -0.000462  0.999953  1.000000  -0.000035  0.000121  0.000035  1.000000  0.000006  -0.000121  -0.000006  1.000000  0.999989  -0.001412  0.004523  -0.004525  -0.001081  0.999989  -0.001407  -0.999998  -0.001087  0.000117  0.010086  
21.725603 0.011294  0.098338  0.000909  0.999072  0.028814  0.032028  -0.036421  0.167823  0.985144  0.023011  -0.985396  0.168717  -0.000853  0.005441  -0.002056  0.047893  -0.458275  -0.135649  2.000000  0.999986  -0.001588  0.005141  -0.005142  -0.001098  0.999986  -0.001582  -0.999998  -0.001106  0.999945  -0.002887  0.010098  0.002886  0.999996  0.000134  -0.010099  -0.000105  0.999949  1.000000  -0.000036  0.000126  0.000036  1.000000  0.000001  -0.000126  -0.000001  1.000000  0.999986  -0.001588  0.005141  -0.005142  -0.001098  0.999986  -0.001582  -0.999998  -0.001106  0.000120  0.010504  
21.726852 0.011295  0.098346  0.000907  0.999043  0.028604  0.033099  -0.037450  0.168167  0.985047  0.022610  -0.985343  0.169077  -0.000568  0.005633  -0.001918  0.031987  -0.479536  -0.136519  2.000000  0.999982  -0.001774  0.005796  -0.005798  -0.001088  0.999983  -0.001768  -0.999998  -0.001098  0.999938  -0.003044  0.010753  0.003048  0.999995  -0.000338  -0.010752  0.000370  0.999942  1.000000  -0.000038  0.000134  0.000038  1.000000  -0.000004  -0.000134  0.000004  1.000000  0.999982  -0.001774  0.005796  -0.005798  -0.001088  0.999983  -0.001768  -0.999998  -0.001098  0.000124  0.011181  
21.728101 0.011296  0.098353  0.000906  0.999023  0.028228  0.033990  -0.038273  0.168522  0.984955  0.022075  -0.985294  0.169438  -0.000205  0.005842  -0.001712  0.011815  -0.495585  -0.147473  2.000000  0.999977  -0.001970  0.006493  -0.006495  -0.001045  0.999978  -0.001963  -0.999998  -0.001058  0.999932  -0.003235  0.011205  0.003244  0.999994  -0.000814  -0.011202  0.000850  0.999937  1.000000  -0.000040  0.000140  0.000040  1.000000  -0.000010  -0.000140  0.000010  1.000000  0.999977  -0.001970  0.006493  -0.006495  -0.001045  0.999978  -0.001963  -0.999998  -0.001058  0.000127  0.011692  
21.729105 0.011297  0.098359  0.000905  0.999000  0.027984  0.034859  -0.039096  0.168872  0.984862  0.021674  -0.985241  0.169798  0.000055  0.005955  -0.001539  -0.004265  -0.510559  -0.153867  2.000000  0.999974  -0.002095  0.006932  -0.006934  -0.001001  0.999975  -0.002088  -0.999997  -0.001016  0.999924  -0.003390  0.011860  0.003405  0.999993  -0.001284  -0.011856  0.001325  0.999929  1.000000  -0.000042  0.000148  0.000042  1.000000  -0.000016  -0.000148  0.000016  1.000000  0.999974  -0.002095  0.006932  -0.006934  -0.001001  0.999975  -0.002088  -0.999997  -0.001016  0.000133  0.012404  
21.730352 0.011299  0.098366  0.000905  0.998976  0.027745  0.035725  -0.039919  0.169343  0.984748  0.021272  -0.985167  0.170277  0.000268  0.006130  -0.001323  -0.024078  -0.528802  -0.157989  2.000000  0.999968  -0.002314  0.007696  -0.007698  -0.000897  0.999970  -0.002307  -0.999997  -0.000915  0.999915  -0.003543  0.012516  0.003566  0.999992  -0.001877  -0.012509  0.001921  0.999920  1.000000  -0.000044  0.000156  0.000044  1.000000  -0.000024  -0.000156  0.000024  1.000000  0.999968  -0.002314  0.007696  -0.007698  -0.000897  0.999970  -0.002307  -0.999997  -0.000915  0.000137  0.013146  
21.731353 0.011300  0.098373  0.000905  0.998960  0.027468  0.036391  -0.040537  0.169700  0.984662  0.020871  -0.985113  0.170637  0.000391  0.006209  -0.001175  -0.040549  -0.540220  -0.162319  2.000000  0.999962  -0.002500  0.008328  -0.008330  -0.000783  0.999965  -0.002494  -0.999997  -0.000804  0.999911  -0.003767  0.012765  0.003799  0.999990  -0.002480  -0.012756  0.002528  0.999915  1.000000  -0.000047  0.000160  0.000047  1.000000  -0.000031  -0.000160  0.000031  1.000000  0.999962  -0.002500  0.008328  -0.008330  -0.000783  0.999965  -0.002494  -0.999997  -0.000804  0.000140  0.013543  
21.732598 0.011301  0.098379  0.000905  0.998935  0.027231  0.037257  -0.041360  0.170172  0.984546  0.020470  -0.985038  0.171116  0.000541  0.006178  -0.001083  -0.060731  -0.555477  -0.168748  2.000000  0.999954  -0.002743  0.009149  -0.009150  -0.000603  0.999958  -0.002737  -0.999996  -0.000628  0.999905  -0.003954  0.013219  0.003995  0.999987  -0.003077  -0.013206  0.003130  0.999908  1.000000  -0.000050  0.000165  0.000050  1.000000  -0.000039  -0.000165  0.000039  1.000000  0.999954  -0.002743  0.009149  -0.009150  -0.000603  0.999958  -0.002737  -0.999996  -0.000628  0.000144  0.014142  
21.733623 0.011303  0.098385  0.000903  0.998914  0.027091  0.037898  -0.041977  0.170643  0.984438  0.020202  -0.984960  0.171595  0.000648  0.006088  -0.001112  -0.085090  -0.561865  -0.167368  2.000000  0.999947  -0.002945  0.009832  -0.009833  -0.000427  0.999952  -0.002940  -0.999996  -0.000456  0.999895  -0.004105  0.013875  0.004156  0.999985  -0.003670  -0.013859  0.003728  0.999897  1.000000  -0.000052  0.000173  0.000052  1.000000  -0.000046  -0.000173  0.000046  1.000000  0.999947  -0.002945  0.009832  -0.009833  -0.000427  0.999952  -0.002940  -0.999996  -0.000456  0.000150  0.014935  
21.734845 0.011305  0.098391  0.000901  0.998879  0.026895  0.038964  -0.043005  0.171229  0.984292  0.019801  -0.984864  0.172194  0.000737  0.005927  -0.001247  -0.109353  -0.583878  -0.168347  2.000000  0.999940  -0.003150  0.010539  -0.010540  -0.000214  0.999944  -0.003148  -0.999995  -0.000247  0.999889  -0.004158  0.014306  0.004221  0.999981  -0.004392  -0.014287  0.004451  0.999888  1.000000  -0.000052  0.000179  0.000052  1.000000  -0.000055  -0.000179  0.000055  1.000000  0.999940  -0.003150  0.010539  -0.010540  -0.000214  0.999944  -0.003148  -0.999995  -0.000247  0.000155  0.015540  
21.735847 0.011306  0.098396  0.000899  0.998869  0.026595  0.039422  -0.043417  0.171832  0.984169  0.019400  -0.984767  0.172793  0.000775  0.005792  -0.001314  -0.133752  -0.592043  -0.175819  2.000000  0.999933  -0.003307  0.011076  -0.011076  -0.000031  0.999939  -0.003306  -0.999995  -0.000068  0.999888  -0.004281  0.014331  0.004353  0.999978  -0.005000  -0.014310  0.005062  0.999885  1.000000  -0.000054  0.000179  0.000054  1.000000  -0.000063  -0.000179  0.000063  1.000000  0.999933  -0.003307  0.011076  -0.011076  -0.000031  0.999939  -0.003306  -0.999995  -0.000068  0.000156  0.015781  
21.736848 0.011307  0.098402  0.000897  0.998847  0.026457  0.040063  -0.044034  0.172305  0.984059  0.019132  -0.984688  0.173271  0.000816  0.005715  -0.001312  -0.154076  -0.599632  -0.178951  2.000000  0.999924  -0.003519  0.011787  -0.011787  0.000238  0.999931  -0.003521  -0.999994  0.000196  0.999892  -0.004178  0.014108  0.004256  0.999976  -0.005495  -0.014084  0.005555  0.999885  1.000000  -0.000053  0.000176  0.000053  1.000000  -0.000069  -0.000176  0.000069  1.000000  0.999924  -0.003519  0.011787  -0.011787  0.000238  0.999931  -0.003521  -0.999994  0.000196  0.000161  0.015717  
21.737849 0.011307  0.098406  0.000895  0.998834  0.026289  0.040499  -0.044446  0.172903  0.983936  0.018864  -0.984588  0.173869  0.000839  0.005600  -0.001345  -0.178493  -0.607289  -0.182059  2.000000  0.999915  -0.003725  0.012488  -0.012486  0.000534  0.999922  -0.003731  -0.999993  0.000487  0.999895  -0.004073  0.013884  0.004158  0.999973  -0.006112  -0.013859  0.006169  0.999885  1.000000  -0.000051  0.000173  0.000051  1.000000  -0.000077  -0.000173  0.000077  1.000000  0.999915  -0.003725  0.012488  -0.012486  0.000534  0.999922  -0.003731  -0.999993  0.000487  0.000163  0.015719  
21.739102 0.011308  0.098413  0.000893  0.998811  0.026158  0.041137  -0.045063  0.173495  0.983803  0.018597  -0.984487  0.174467  0.000920  0.005528  -0.001309  -0.206978  -0.614011  -0.180725  2.000000  0.999903  -0.003972  0.013353  -0.013349  0.000936  0.999910  -0.003985  -0.999992  0.000883  0.999896  -0.003933  0.013864  0.004023  0.999971  -0.006483  -0.013838  0.006538  0.999883  1.000000  -0.000050  0.000173  0.000050  1.000000  -0.000081  -0.000173  0.000081  1.000000  0.999903  -0.003972  0.013353  -0.013349  0.000936  0.999910  -0.003985  -0.999992  0.000883  0.000168  0.015814  
21.740352 0.011306  0.098418  0.000891  0.998800  0.025865  0.041593  -0.045474  0.174218  0.983657  0.018196  -0.984367  0.175185  0.000815  0.005374  -0.001242  -0.235504  -0.622427  -0.188210  2.000000  0.999890  -0.004208  0.014219  -0.014214  0.001374  0.999898  -0.004227  -0.999990  0.001314  0.999897  -0.003791  0.013843  0.003891  0.999966  -0.007216  -0.013815  0.007269  0.999878  1.000000  -0.000048  0.000173  0.000048  1.000000  -0.000091  -0.000173  0.000091  1.000000  0.999890  -0.004208  0.014219  -0.014214  0.001374  0.999898  -0.004227  -0.999990  0.001314  0.000173  0.016077  
21.741600 0.011304  0.098422  0.000889  0.998776  0.025740  0.042229  -0.046091  0.174930  0.983501  0.017928  -0.984244  0.175902  0.000651  0.005157  -0.001221  -0.268077  -0.630080  -0.191305  2.000000  0.999876  -0.004448  0.015074  -0.015066  0.001844  0.999885  -0.004476  -0.999988  0.001777  0.999901  -0.003985  0.013464  0.004087  0.999963  -0.007592  -0.013434  0.007646  0.999881  1.000000  -0.000050  0.000168  0.000050  1.000000  -0.000095  -0.000168  0.000095  1.000000  0.999876  -0.004448  0.015074  -0.015066  0.001844  0.999885  -0.004476  -0.999988  0.001777  0.000176  0.015976  
21.742851 0.011301  0.098426  0.000888  0.998764  0.025448  0.042686  -0.046503  0.175653  0.983353  0.017527  -0.984123  0.176620  0.000340  0.004927  -0.001235  -0.296862  -0.631899  -0.200037  2.000000  0.999862  -0.004701  0.015910  -0.015899  0.002346  0.999871  -0.004737  -0.999986  0.002271  0.999906  -0.004179  0.013086  0.004287  0.999957  -0.008209  -0.013051  0.008264  0.999881  1.000000  -0.000053  0.000163  0.000053  1.000000  -0.000103  -0.000163  0.000103  1.000000  0.999862  -0.004701  0.015910  -0.015899  0.002346  0.999871  -0.004737  -0.999986  0.002271  0.000179  0.016018  
21.744103 0.011296  0.098429  0.000885  0.998750  0.025289  0.043120  -0.046914  0.176371  0.983205  0.017259  -0.983999  0.177337  -0.000035  0.004685  -0.001297  -0.325635  -0.625006  -0.200992  2.000000  0.999851  -0.004911  0.016569  -0.016556  0.002778  0.999859  -0.004956  -0.999984  0.002696  0.999905  -0.004301  0.013113  0.004416  0.999952  -0.008696  -0.013075  0.008753  0.999876  1.000000  -0.000054  0.000164  0.000054  1.000000  -0.000109  -0.000164  0.000109  1.000000  0.999851  -0.004911  0.016569  -0.016556  0.002778  0.999859  -0.004956  -0.999984  0.002696  0.000184  0.016327  
21.745352 0.011292  0.098432  0.000881  0.998733  0.025267  0.043527  -0.047326  0.177201  0.983036  0.017125  -0.983850  0.178173  -0.000438  0.004363  -0.001581  -0.354658  -0.609980  -0.194281  2.000000  0.999836  -0.005172  0.017372  -0.017355  0.003354  0.999844  -0.005229  -0.999981  0.003264  0.999911  -0.004232  0.012688  0.004352  0.999946  -0.009437  -0.012647  0.009492  0.999875  1.000000  -0.000054  0.000158  0.000054  1.000000  -0.000118  -0.000158  0.000118  1.000000  0.999836  -0.005172  0.017372  -0.017355  0.003354  0.999844  -0.005229  -0.999981  0.003264  0.000184  0.016385  
21.746602 0.011289  0.098435  0.000877  0.998715  0.025251  0.043931  -0.047737  0.178151  0.982845  0.016992  -0.983679  0.179128  -0.000756  0.004099  -0.001869  -0.387821  -0.594219  -0.183128  2.000000  0.999821  -0.005417  0.018147  -0.018125  0.003972  0.999828  -0.005488  -0.999977  0.003873  0.999920  -0.003936  0.012012  0.004057  0.999941  -0.010063  -0.011972  0.010111  0.999877  1.000000  -0.000050  0.000150  0.000050  1.000000  -0.000126  -0.000150  0.000126  1.000000  0.999821  -0.005417  0.018147  -0.018125  0.003972  0.999828  -0.005488  -0.999977  0.003873  0.000182  0.016173  
21.747850 0.011285  0.098439  0.000872  0.998710  0.025062  0.044160  -0.047943  0.178993  0.982682  0.016724  -0.983531  0.179964  -0.001136  0.003819  -0.002185  -0.408698  -0.579106  -0.176343  2.000000  0.999806  -0.005650  0.018878  -0.018852  0.004630  0.999812  -0.005736  -0.999973  0.004522  0.999928  -0.003772  0.011360  0.003894  0.999935  -0.010687  -0.011319  0.010731  0.999878  1.000000  -0.000048  0.000142  0.000048  1.000000  -0.000134  -0.000142  0.000134  1.000000  0.999806  -0.005650  0.018878  -0.018852  0.004630  0.999812  -0.005736  -0.999973  0.004522  0.000183  0.016062  
21.748850 0.011283  0.098442  0.000868  0.998692  0.025042  0.044567  -0.048354  0.179823  0.982510  0.016590  -0.983380  0.180799  -0.001410  0.003705  -0.002323  -0.437403  -0.578475  -0.171691  2.000000  0.999794  -0.005827  0.019432  -0.019402  0.005181  0.999798  -0.005926  -0.999970  0.005067  0.999933  -0.003707  0.010934  0.003829  0.999930  -0.011185  -0.010892  0.011226  0.999878  1.000000  -0.000047  0.000136  0.000047  1.000000  -0.000140  -0.000136  0.000140  1.000000  0.999794  -0.005827  0.019432  -0.019402  0.005181  0.999798  -0.005926  -0.999970  0.005067  0.000184  0.016090  
21.750097 0.011281  0.098447  0.000864  0.998677  0.024892  0.044999  -0.048766  0.180660  0.982336  0.016323  -0.983231  0.181635  -0.001712  0.003631  -0.002446  -0.458285  -0.566963  -0.171174  2.000000  0.999780  -0.006035  0.020087  -0.020051  0.005902  0.999782  -0.006152  -0.999964  0.005779  0.999942  -0.003413  0.010258  0.003533  0.999925  -0.011688  -0.010217  0.011724  0.999879  1.000000  -0.000043  0.000128  0.000043  1.000000  -0.000146  -0.000128  0.000146  1.000000  0.999780  -0.006035  0.020087  -0.020051  0.005902  0.999782  -0.006152  -0.999964  0.005779  0.000187  0.015935  
21.751098 0.011279  0.098452  0.000862  0.998669  0.024836  0.045204  -0.048971  0.181495  0.982172  0.016189  -0.983078  0.182470  -0.001798  0.003626  -0.002469  -0.478861  -0.553561  -0.173274  2.000000  0.999769  -0.006193  0.020589  -0.020549  0.006498  0.999768  -0.006326  -0.999960  0.006370  0.999946  -0.003349  0.009831  0.003467  0.999923  -0.011943  -0.009790  0.011976  0.999880  1.000000  -0.000043  0.000123  0.000043  1.000000  -0.000149  -0.000123  0.000150  1.000000  0.999769  -0.006193  0.020589  -0.020549  0.006498  0.999768  -0.006326  -0.999960  0.006370  0.000189  0.015840  
21.752101 0.011278  0.098456  0.000860  0.998651  0.024813  0.045615  -0.049383  0.182206  0.982019  0.016055  -0.982947  0.183186  -0.001994  0.003551  -0.002454  -0.499329  -0.546929  -0.174260  2.000000  0.999760  -0.006309  0.020957  -0.020913  0.006965  0.999757  -0.006453  -0.999956  0.006831  0.999949  -0.003248  0.009607  0.003368  0.999917  -0.012434  -0.009566  0.012466  0.999877  1.000000  -0.000041  0.000120  0.000041  1.000000  -0.000156  -0.000120  0.000156  1.000000  0.999760  -0.006309  0.020957  -0.020913  0.006965  0.999757  -0.006453  -0.999956  0.006831  0.000190  0.016058  
21.753348 0.011275  0.098462  0.000858  0.998633  0.024801  0.046020  -0.049794  0.183155  0.981822  0.015921  -0.982771  0.184140  -0.002142  0.003512  -0.002394  -0.524025  -0.532800  -0.171976  2.000000  0.999747  -0.006490  0.021549  -0.021498  0.007768  0.999739  -0.006656  -0.999949  0.007627  0.999953  -0.003051  0.009156  0.003170  0.999911  -0.012931  -0.009116  0.012959  0.999874  1.000000  -0.000039  0.000114  0.000039  1.000000  -0.000162  -0.000114  0.000162  1.000000  0.999747  -0.006490  0.021549  -0.021498  0.007768  0.999739  -0.006656  -0.999949  0.007627  0.000191  0.016148  
21.754355 0.011273  0.098465  0.000857  0.998622  0.024872  0.046204  -0.049999  0.183865  0.981679  0.015921  -0.982637  0.184855  -0.002305  0.003443  -0.002345  -0.544949  -0.521196  -0.162274  2.000000  0.999736  -0.006620  0.021995  -0.021939  0.008429  0.999724  -0.006804  -0.999943  0.008282  0.999959  -0.002725  0.008680  0.002841  0.999907  -0.013306  -0.008643  0.013330  0.999874  1.000000  -0.000035  0.000108  0.000035  1.000000  -0.000166  -0.000108  0.000166  1.000000  0.999736  -0.006620  0.021995  -0.021939  0.008429  0.999724  -0.006804  -0.999943  0.008282  0.000193  0.016130  
21.755603 0.011269  0.098469  0.000857  0.998612  0.024955  0.046382  -0.050205  0.184812  0.981491  0.015921  -0.982457  0.185809  -0.002453  0.003386  -0.002243  -0.569230  -0.494333  -0.151128  2.000000  0.999724  -0.006764  0.022509  -0.022445  0.009269  0.999705  -0.006971  -0.999934  0.009115  0.999967  -0.002476  0.007799  0.002581  0.999906  -0.013446  -0.007765  0.013466  0.999879  1.000000  -0.000032  0.000097  0.000032  1.000000  -0.000168  -0.000097  0.000168  1.000000  0.999724  -0.006764  0.022509  -0.022445  0.009269  0.999705  -0.006971  -0.999934  0.009115  0.000193  0.015749  
21.756848 0.011266  0.098472  0.000856  0.998602  0.025038  0.046560  -0.050411  0.185759  0.981301  0.015921  -0.982276  0.186762  -0.002535  0.003288  -0.002166  -0.590132  -0.465098  -0.142531  2.000000  0.999712  -0.006884  0.022979  -0.022909  0.010116  0.999686  -0.007115  -0.999925  0.009956  0.999971  -0.002019  0.007298  0.002118  0.999904  -0.013700  -0.007269  0.013715  0.999880  1.000000  -0.000026  0.000091  0.000026  1.000000  -0.000171  -0.000091  0.000171  1.000000  0.999712  -0.006884  0.022979  -0.022909  0.010116  0.999686  -0.007115  -0.999925  0.009956  0.000192  0.015660  
21.757849 0.011263  0.098474  0.000855  0.998589  0.025248  0.046715  -0.050616  0.186581  0.981135  0.016055  -0.982115  0.187595  -0.002541  0.003229  -0.002210  -0.611856  -0.444632  -0.125017  2.000000  0.999703  -0.006962  0.023333  -0.023257  0.010811  0.999671  -0.007212  -0.999917  0.010646  0.999975  -0.001696  0.006819  0.001791  0.999901  -0.013952  -0.006795  0.013964  0.999879  1.000000  -0.000022  0.000085  0.000022  1.000000  -0.000174  -0.000085  0.000174  1.000000  0.999703  -0.006962  0.023333  -0.023257  0.010811  0.999671  -0.007212  -0.999917  0.010646  0.000191  0.015628  
21.759103 0.011259  0.098477  0.000853  0.998568  0.025370  0.047095  -0.051027  0.187522  0.980934  0.016055  -0.981933  0.188548  -0.002454  0.003194  -0.002165  -0.627320  -0.425114  -0.112977  2.000000  0.999693  -0.007042  0.023758  -0.023675  0.011695  0.999651  -0.007317  -0.999907  0.011525  0.999977  -0.001465  0.006569  0.001559  0.999898  -0.014200  -0.006547  0.014210  0.999878  1.000000  -0.000019  0.000082  0.000019  1.000000  -0.000178  -0.000082  0.000178  1.000000  0.999693  -0.007042  0.023758  -0.023675  0.011695  0.999651  -0.007317  -0.999907  0.011525  0.000192  0.015719  
21.760352 0.011256  0.098479  0.000851  0.998549  0.025362  0.047499  -0.051439  0.188470  0.980731  0.015921  -0.981751  0.189502  -0.002387  0.003168  -0.002007  -0.649289  -0.412729  -0.102830  2.000000  0.999685  -0.007095  0.024090  -0.024001  0.012425  0.999635  -0.007391  -0.999898  0.012251  0.999978  -0.001327  0.006545  0.001423  0.999891  -0.014687  -0.006525  0.014696  0.999871  1.000000  -0.000017  0.000082  0.000017  1.000000  -0.000184  -0.000082  0.000184  1.000000  0.999685  -0.007095  0.024090  -0.024001  0.012425  0.999635  -0.007391  -0.999898  0.012251  0.000194  0.016139  
21.761605 0.011254  0.098483  0.000850  0.998528  0.025486  0.047878  -0.051850  0.189411  0.980528  0.015921  -0.981567  0.190454  -0.002272  0.003205  -0.001768  -0.665661  -0.396595  -0.091721  2.000000  0.999674  -0.007146  0.024495  -0.024398  0.013354  0.999613  -0.007470  -0.999885  0.013175  0.999980  -0.000966  0.006268  0.001059  0.999888  -0.014936  -0.006253  0.014942  0.999869  1.000000  -0.000013  0.000078  0.000013  1.000000  -0.000187  -0.000078  0.000187  1.000000  0.999674  -0.007146  0.024495  -0.024398  0.013354  0.999613  -0.007470  -0.999885  0.013175  0.000194  0.016230  
21.762853 0.011254  0.098488  0.000850  0.998517  0.025578  0.048052  -0.052055  0.190476  0.980311  0.015921  -0.981358  0.191526  -0.002099  0.003306  -0.001485  -0.682711  -0.367110  -0.083162  2.000000  0.999665  -0.007177  0.024886  -0.024781  0.014301  0.999591  -0.007530  -0.999872  0.014118  0.999982  -0.000736  0.006015  0.000828  0.999883  -0.015304  -0.006003  0.015309  0.999865  1.000000  -0.000010  0.000075  0.000010  1.000000  -0.000191  -0.000075  0.000191  1.000000  0.999665  -0.007177  0.024886  -0.024781  0.014301  0.999591  -0.007530  -0.999872  0.014118  0.000195  0.016464  
21.764098 0.011255  0.098495  0.000851  0.998494  0.025840  0.048402  -0.052466  0.191529  0.980084  0.016055  -0.981147  0.192596  -0.001845  0.003436  -0.001148  -0.697486  -0.354160  -0.065900  2.000000  0.999655  -0.007183  0.025265  -0.025153  0.015261  0.999567  -0.007566  -0.999858  0.015075  0.999982  -0.000204  0.005913  0.000296  0.999881  -0.015428  -0.005909  0.015430  0.999863  1.000000  -0.000003  0.000074  0.000003  1.000000  -0.000193  -0.000074  0.000193  1.000000  0.999655  -0.007183  0.025265  -0.025153  0.015261  0.999567  -0.007566  -0.999858  0.015075  0.000196  0.016525  
21.765100 0.011256  0.098501  0.000852  0.998483  0.025915  0.048585  -0.052672  0.192237  0.979934  0.016055  -0.981006  0.193310  -0.001651  0.003533  -0.000782  -0.704617  -0.335539  -0.061223  2.000000  0.999648  -0.007172  0.025558  -0.025440  0.016040  0.999548  -0.007579  -0.999846  0.015852  0.999984  -0.000108  0.005686  0.000197  0.999877  -0.015675  -0.005683  0.015676  0.999861  1.000000  -0.000002  0.000071  0.000002  1.000000  -0.000196  -0.000071  0.000196  1.000000  0.999648  -0.007172  0.025558  -0.025440  0.016040  0.999548  -0.007579  -0.999846  0.015852  0.000197  0.016676  
21.766348 0.011258  0.098508  0.000855  0.998459  0.026179  0.048934  -0.053083  0.193289  0.979705  0.016189  -0.980793  0.194381  -0.001374  0.003688  -0.000408  -0.720256  -0.325085  -0.044453  2.000000  0.999639  -0.007142  0.025917  -0.025792  0.017022  0.999522  -0.007579  -0.999830  0.016832  0.999984  0.000291  0.005608  -0.000203  0.999875  -0.015798  -0.005612  0.015796  0.999859  1.000000  0.000003  0.000070  -0.000003  1.000000  -0.000197  -0.000070  0.000197  1.000000  0.999639  -0.007142  0.025917  -0.025792  0.017022  0.999522  -0.007579  -0.999830  0.016832  0.000197  0.016766  
21.767599 0.011260  0.098516  0.000857  0.998437  0.026312  0.049309  -0.053494  0.194348  0.979473  0.016189  -0.980580  0.195451  -0.001115  0.003814  -0.000100  -0.730537  -0.320797  -0.035045  2.000000  0.999629  -0.007096  0.026279  -0.026148  0.018012  0.999496  -0.007566  -0.999813  0.017819  0.999983  0.000469  0.005783  -0.000377  0.999873  -0.015916  -0.005790  0.015914  0.999857  1.000000  0.000005  0.000072  -0.000005  1.000000  -0.000199  -0.000072  0.000199  1.000000  0.999629  -0.007096  0.026279  -0.026148  0.018012  0.999496  -0.007566  -0.999813  0.017819  0.000200  0.016941  
21.768600 0.011261  0.098521  0.000859  0.998413  0.026565  0.049663  -0.053905  0.195161  0.979289  0.016323  -0.980411  0.196283  -0.000864  0.003893  0.000092  -0.742777  -0.311584  -0.022951  2.000000  0.999624  -0.007059  0.026497  -0.026361  0.018617  0.999479  -0.007549  -0.999802  0.018424  0.999983  0.000736  0.005730  -0.000643  0.999867  -0.016281  -0.005742  0.016277  0.999851  1.000000  0.000009  0.000072  -0.000009  1.000000  -0.000203  -0.000072  0.000203  1.000000  0.999624  -0.007059  0.026497  -0.026361  0.018617  0.999479  -0.007549  -0.999802  0.018424  0.000201  0.017275  
21.769604 0.011263  0.098525  0.000861  0.998390  0.026694  0.050041  -0.054316  0.196100  0.979078  0.016323  -0.980220  0.197235  -0.000597  0.003941  0.000255  -0.757089  -0.312496  -0.014036  2.000000  0.999617  -0.006999  0.026791  -0.026651  0.019434  0.999456  -0.007516  -0.999787  0.019240  0.999983  0.000873  0.005703  -0.000779  0.999865  -0.016403  -0.005717  0.016398  0.999849  1.000000  0.000010  0.000071  -0.000010  1.000000  -0.000205  -0.000071  0.000205  1.000000  0.999617  -0.006999  0.026791  -0.026651  0.019434  0.999456  -0.007516  -0.999787  0.019240  0.000204  0.017387  
21.770849 0.011265  0.098530  0.000864  0.998368  0.026830  0.050415  -0.054727  0.197158  0.978843  0.016323  -0.980005  0.198305  -0.000251  0.004027  0.000444  -0.767076  -0.307429  -0.000512  2.000000  0.999607  -0.006909  0.027163  -0.027017  0.020464  0.999425  -0.007461  -0.999767  0.020269  0.999983  0.001141  0.005649  -0.001047  0.999861  -0.016647  -0.005668  0.016641  0.999845  1.000000  0.000014  0.000071  -0.000014  1.000000  -0.000208  -0.000071  0.000208  1.000000  0.999607  -0.006909  0.027163  -0.027017  0.020464  0.999425  -0.007461  -0.999767  0.020269  0.000206  0.017615  
21.771850 0.011265  0.098533  0.000866  0.998357  0.026920  0.050590  -0.054933  0.198102  0.978641  0.016323  -0.979812  0.199256  0.000037  0.004092  0.000714  -0.783460  -0.299036  0.007186  2.000000  0.999600  -0.006827  0.027461  -0.027311  0.021297  0.999400  -0.007407  -0.999750  0.021102  0.999982  0.001319  0.005823  -0.001221  0.999859  -0.016766  -0.005845  0.016759  0.999842  1.000000  0.000016  0.000073  -0.000016  1.000000  -0.000210  -0.000073  0.000210  1.000000  0.999600  -0.006827  0.027461  -0.027311  0.021297  0.999400  -0.007407  -0.999750  0.021102  0.000210  0.017795  
21.773105 0.011266  0.098537  0.000870  0.998332  0.027194  0.050933  -0.055344  0.199271  0.978380  0.016456  -0.979567  0.200443  0.000331  0.004232  0.001054  -0.798388  -0.291363  0.023939  2.000000  0.999590  -0.006703  0.027822  -0.027666  0.022342  0.999368  -0.007320  -0.999728  0.022147  0.999983  0.001678  0.005540  -0.001584  0.999856  -0.016892  -0.005567  0.016883  0.999842  1.000000  0.000020  0.000069  -0.000020  1.000000  -0.000211  -0.000069  0.000211  1.000000  0.999590  -0.006703  0.027822  -0.027666  0.022342  0.999368  -0.007320  -0.999728  0.022147  0.000213  0.017853  
21.774352 0.011267  0.098543  0.000875  0.998307  0.027463  0.051280  -0.055754  0.200320  0.978143  0.016590  -0.979345  0.201512  0.000624  0.004400  0.001533  -0.810442  -0.289571  0.033029  2.000000  0.999581  -0.006567  0.028181  -0.028020  0.023398  0.999333  -0.007222  -0.999705  0.023204  0.999982  0.001857  0.005713  -0.001759  0.999854  -0.017010  -0.005743  0.017000  0.999839  1.000000  0.000023  0.000072  -0.000023  1.000000  -0.000213  -0.000072  0.000213  1.000000  0.999581  -0.006567  0.028181  -0.028020  0.023398  0.999333  -0.007222  -0.999705  0.023204  0.000215  0.018036  
21.775601 0.011269  0.098547  0.000881  0.998281  0.027733  0.051625  -0.056165  0.201369  0.977904  0.016724  -0.979123  0.202581  0.000885  0.004484  0.002007  -0.815878  -0.292227  0.043088  2.000000  0.999572  -0.006423  0.028540  -0.028375  0.024460  0.999298  -0.007116  -0.999680  0.024267  0.999982  0.001994  0.005684  -0.001896  0.999851  -0.017131  -0.005717  0.017120  0.999837  1.000000  0.000024  0.000071  -0.000024  1.000000  -0.000214  -0.000071  0.000214  1.000000  0.999572  -0.006423  0.028540  -0.028375  0.024460  0.999298  -0.007116  -0.999680  0.024267  0.000217  0.018155  
21.776848 0.011271  0.098553  0.000887  0.998258  0.027879  0.051994  -0.056576  0.202544  0.977638  0.016724  -0.978876  0.203768  0.001122  0.004557  0.002441  -0.828004  -0.290459  0.052143  2.000000  0.999564  -0.006299  0.028838  -0.028670  0.025328  0.999268  -0.007025  -0.999659  0.025136  0.999981  0.002043  0.005883  -0.001939  0.999843  -0.017613  -0.005918  0.017602  0.999828  1.000000  0.000025  0.000074  -0.000025  1.000000  -0.000220  -0.000074  0.000220  1.000000  0.999564  -0.006299  0.028838  -0.028670  0.025328  0.999268  -0.007025  -0.999659  0.025136  0.000219  0.018677  
21.778102 0.011274  0.098558  0.000893  0.998233  0.028150  0.052339  -0.056987  0.203592  0.977396  0.016858  -0.978651  0.204836  0.001295  0.004548  0.002875  -0.834831  -0.291064  0.061718  2.000000  0.999554  -0.006138  0.029218  -0.029046  0.026424  0.999229  -0.006905  -0.999632  0.026234  0.999979  0.002091  0.006082  -0.001984  0.999843  -0.017609  -0.006118  0.017597  0.999826  1.000000  0.000025  0.000076  -0.000025  1.000000  -0.000220  -0.000076  0.000220  1.000000  0.999554  -0.006138  0.029218  -0.029046  0.026424  0.999229  -0.006905  -0.999632  0.026234  0.000221  0.018742  
21.779347 0.011277  0.098563  0.000898  0.998209  0.028291  0.052710  -0.057398  0.204647  0.977151  0.016858  -0.978427  0.205905  0.001400  0.004465  0.003165  -0.835968  -0.293614  0.071570  2.000000  0.999544  -0.005977  0.029610  -0.029435  0.027525  0.999188  -0.006787  -0.999603  0.027337  0.999978  0.002140  0.006281  -0.002029  0.999841  -0.017728  -0.006318  0.017715  0.999823  1.000000  0.000026  0.000079  -0.000026  1.000000  -0.000222  -0.000079  0.000222  1.000000  0.999544  -0.005977  0.029610  -0.029435  0.027525  0.999188  -0.006787  -0.999603  0.027337  0.000222  0.018924  
21.780348 0.011278  0.098567  0.000902  0.998183  0.028551  0.053061  -0.057809  0.205458  0.976957  0.016992  -0.978249  0.206735  0.001426  0.004328  0.003298  -0.840079  -0.291847  0.080558  2.000000  0.999535  -0.005841  0.029924  -0.029747  0.028411  0.999154  -0.006686  -0.999579  0.028224  0.999978  0.002408  0.006224  -0.002297  0.999840  -0.017728  -0.006265  0.017714  0.999823  1.000000  0.000029  0.000078  -0.000029  1.000000  -0.000222  -0.000078  0.000222  1.000000  0.999535  -0.005841  0.029924  -0.029747  0.028411  0.999154  -0.006686  -0.999579  0.028224  0.000224  0.018937  
21.781599 0.011281  0.098572  0.000906  0.998159  0.028694  0.053432  -0.058220  0.206512  0.976710  0.016992  -0.978023  0.207803  0.001498  0.004137  0.003388  -0.845180  -0.290371  0.089716  2.000000  0.999524  -0.005661  0.030315  -0.030136  0.029515  0.999110  -0.006551  -0.999548  0.029330  0.999978  0.002415  0.006221  -0.002304  0.999838  -0.017850  -0.006263  0.017835  0.999821  1.000000  0.000030  0.000078  -0.000029  1.000000  -0.000223  -0.000078  0.000223  1.000000  0.999524  -0.005661  0.030315  -0.030136  0.029515  0.999110  -0.006551  -0.999548  0.029330  0.000226  0.019051  
21.782601 0.011283  0.098575  0.000908  0.998133  0.028956  0.053782  -0.058631  0.207322  0.976514  0.017125  -0.977844  0.208632  0.001543  0.003927  0.003453  -0.847117  -0.290590  0.099441  2.000000  0.999515  -0.005514  0.030635  -0.030453  0.030401  0.999074  -0.006440  -0.999523  0.030218  0.999976  0.002594  0.006392  -0.002479  0.999838  -0.017847  -0.006438  0.017830  0.999820  1.000000  0.000032  0.000080  -0.000032  1.000000  -0.000223  -0.000080  0.000223  1.000000  0.999515  -0.005514  0.030635  -0.030453  0.030401  0.999074  -0.006440  -0.999523  0.030218  0.000226  0.019127  
21.783848 0.011285  0.098578  0.000912  0.998109  0.029100  0.054152  -0.059042  0.208376  0.976265  0.017125  -0.977616  0.209700  0.001538  0.003764  0.003471  -0.851111  -0.290459  0.099730  2.000000  0.999506  -0.005360  0.030957  -0.030775  0.031296  0.999036  -0.006323  -0.999496  0.031115  0.999976  0.002600  0.006390  -0.002484  0.999833  -0.018089  -0.006436  0.018073  0.999816  1.000000  0.000032  0.000080  -0.000032  1.000000  -0.000226  -0.000080  0.000226  1.000000  0.999506  -0.005360  0.030957  -0.030775  0.031296  0.999036  -0.006323  -0.999496  0.031115  0.000227  0.019354  
21.784848 0.011286  0.098580  0.000914  0.998084  0.029232  0.054529  -0.059453  0.209193  0.976065  0.017125  -0.977437  0.210530  0.001534  0.003608  0.003491  -0.856061  -0.301473  0.101824  2.000000  0.999497  -0.005208  0.031283  -0.031100  0.032190  0.998998  -0.006209  -0.999468  0.032012  0.999976  0.002475  0.006416  -0.002359  0.999836  -0.017967  -0.006459  0.017952  0.999818  1.000000  0.000030  0.000080  -0.000030  1.000000  -0.000225  -0.000080  0.000225  1.000000  0.999497  -0.005208  0.031283  -0.031100  0.032190  0.998998  -0.006209  -0.999468  0.032012  0.000227  0.019232  
21.785851 0.011287  0.098582  0.000917  0.998070  0.029452  0.054677  -0.059658  0.210007  0.975878  0.017259  -0.977256  0.211359  0.001532  0.003489  0.003595  -0.856154  -0.300539  0.106466  2.000000  0.999487  -0.005052  0.031616  -0.031432  0.033086  0.998958  -0.006093  -0.999440  0.032911  0.999975  0.002654  0.006587  -0.002535  0.999833  -0.018085  -0.006634  0.018068  0.999815  1.000000  0.000032  0.000083  -0.000032  1.000000  -0.000226  -0.000083  0.000226  1.000000  0.999487  -0.005052  0.031616  -0.031432  0.033086  0.998958  -0.006093  -0.999440  0.032911  0.000229  0.019423  
21.787099 0.011288  0.098583  0.000921  0.998045  0.029592  0.055050  -0.060069  0.210942  0.975651  0.017259  -0.977051  0.212307  0.001466  0.003259  0.003614  -0.856050  -0.301297  0.102376  2.000000  0.999475  -0.004861  0.032031  -0.031846  0.034206  0.998907  -0.005952  -0.999403  0.034033  0.999975  0.002530  0.006612  -0.002411  0.999836  -0.017963  -0.006657  0.017947  0.999817  1.000000  0.000031  0.000083  -0.000031  1.000000  -0.000224  -0.000083  0.000224  1.000000  0.999475  -0.004861  0.032031  -0.031846  0.034206  0.998907  -0.005952  -0.999403  0.034033  0.000229  0.019302  
21.788101 0.011288  0.098585  0.000925  0.998018  0.029850  0.055402  -0.060480  0.211632  0.975476  0.017393  -0.976893  0.213018  0.001458  0.003136  0.003669  -0.851822  -0.307028  0.108353  2.000000  0.999465  -0.004706  0.032364  -0.032179  0.035099  0.998866  -0.005837  -0.999373  0.034928  0.999975  0.002666  0.006582  -0.002548  0.999838  -0.017842  -0.006629  0.017825  0.999819  1.000000  0.000033  0.000083  -0.000033  1.000000  -0.000223  -0.000083  0.000223  1.000000  0.999465  -0.004706  0.032364  -0.032179  0.035099  0.998866  -0.005837  -0.999373  0.034928  0.000228  0.019196  
