1-Time 2-Px 3-Py 4-Pz 5-R11 6-R21 7-R31 8-R12 9-R22 10-R32 11-R13 12-R23 13-R33 14-Vx 15-Vy 16-Vz 17-Wx 18-Wy 19-Wz 20-state 21-PR11 22-PR21 23-PR31 24-PR12 25-PR22 26-PR32 27-PR13 28-PR23 29-PR33 
10.872333 -0.001047  0.088538  -0.003839  0.995967  0.089587  -0.004949  -0.089432  0.995663  0.025651  0.007225  -0.025105  0.999659  0.000345  0.000013  -0.001528  0.000000  0.000000  0.000000  2.000000  1.000000  0.000000  0.000000  -0.000000  1.000000  0.000000  0.000000  -0.000000  1.000000  1.000000  -0.000000  0.000000  0.000000  1.000000  0.000121  -0.000000  -0.000121  1.000000  1.000000  0.000000  0.000000  0.000000  1.000000  0.000000  0.000000  0.000000  1.000000  1.000000  0.000000  0.000000  0.000000  1.000000  0.000000  0.000000  0.000000  1.000000  0.000000  0.000000  
10.873338 -0.001046  0.088538  -0.003840  0.995948  0.089792  -0.004943  -0.089637  0.995644  0.025652  0.007225  -0.025105  0.999659  0.000376  0.000038  -0.001509  0.000000  0.000000  0.000000  2.000000  1.000000  0.000000  0.000000  0.000000  1.000000  0.000000  0.000000  0.000000  1.000000  1.000000  0.000000  -0.000000  -0.000000  1.000000  0.000000  0.000000  0.000000  1.000000  1.000000  0.000000  0.000000  0.000000  1.000000  0.000000  0.000000  0.000000  1.000000  1.000000  0.000000  0.000000  0.000000  1.000000  0.000000  0.000000  0.000000  1.000000  0.000000  0.000000  
10.874588 -0.001047  0.088534  -0.003845  0.995911  0.090202  -0.004933  -0.090047  0.995607  0.025654  0.007225  -0.025105  0.999659  0.000264  -0.000195  -0.001721  0.000000  0.000000  0.000000  2.000000  1.000000  0.000000  0.000000  0.000000  1.000000  0.000000  0.000000  0.000000  1.000000  1.000000  0.000617  0.000016  -0.000617  1.000000  0.000004  -0.000016  -0.000004  1.000000  1.000000  0.000000  0.000000  0.000000  1.000000  0.000000  0.000000  0.000000  1.000000  1.000000  0.000000  0.000000  0.000000  1.000000  0.000000  0.000000  0.000000  1.000000  0.000000  0.000000  
10.875589 -0.001049  0.088530  -0.003849  0.995856  0.090817  -0.004917  -0.090662  0.995551  0.025657  0.007225  -0.025105  0.999659  0.000115  -0.000473  -0.001911  0.000000  0.000000  0.000000  2.000000  1.000000  0.000000  0.000000  0.000000  1.000000  0.000000  0.000000  0.000000  1.000000  0.999999  0.001029  0.000026  -0.001029  0.999999  0.000007  -0.000026  -0.000007  1.000000  1.000000  0.000000  0.000000  0.000000  1.000000  0.000000  0.000000  0.000000  1.000000  1.000000  0.000000  0.000000  0.000000  1.000000  0.000000  0.000000  0.000000  1.000000  0.000000  0.000000  
10.876839 -0.001050  0.088526  -0.003854  0.995799  0.091432  -0.004890  -0.091277  0.995492  0.025781  0.007225  -0.025226  0.999656  0.000022  -0.000733  -0.002146  0.000000  0.000000  0.000000  2.000000  1.000000  0.000000  0.000000  0.000000  1.000000  0.000000  0.000000  0.000000  1.000000  0.999998  0.001852  0.000047  -0.001852  0.999998  0.000135  -0.000047  -0.000135  1.000000  1.000000  0.000000  0.000000  0.000000  1.000000  0.000000  0.000000  0.000000  1.000000  1.000000  0.000000  0.000000  0.000000  1.000000  0.000000  0.000000  0.000000  1.000000  0.000000  0.000000  
10.878089 -0.001051  0.088522  -0.003859  0.995743  0.092047  -0.004863  -0.091892  0.995432  0.025905  0.007225  -0.025348  0.999653  -0.000026  -0.001014  -0.002341  0.000000  0.000000  0.000000  2.000000  1.000000  0.000000  0.000000  0.000000  1.000000  0.000000  0.000000  0.000000  1.000000  0.999997  0.002264  0.000057  -0.002264  0.999997  0.000259  -0.000057  -0.000259  1.000000  1.000000  0.000000  0.000000  0.000000  1.000000  0.000000  0.000000  0.000000  1.000000  1.000000  0.000000  0.000000  0.000000  1.000000  0.000000  0.000000  0.000000  1.000000  0.000000  0.000000  
10.879342 -0.001052  0.088517  -0.003864  0.995705  0.092458  -0.004841  -0.092302  0.995391  0.026028  0.007225  -0.025469  0.999650  -0.000136  -0.001344  -0.002574  0.000000  0.000000  0.000000  2.000000  1.000000  0.000000  0.000000  0.000000  1.000000  0.000000  0.000000  0.000000  1.000000  0.999996  0.002881  0.000073  -0.002881  0.999996  0.000385  -0.000072  -0.000385  1.000000  1.000000  0.000000  0.000000  0.000000  1.000000  0.000000  0.000000  0.000000  1.000000  1.000000  0.000000  0.000000  0.000000  1.000000  0.000000  0.000000  0.000000  1.000000  0.000000  0.000000  
10.880584 -0.001052  0.088513  -0.003869  0.995646  0.093080  -0.005080  -0.092917  0.995330  0.026176  0.007493  -0.025590  0.999644  -0.000222  -0.001628  -0.002801  0.000000  0.000000  0.000000  2.000000  1.000000  0.000000  0.000000  0.000000  1.000000  0.000000  0.000000  0.000000  1.000000  0.999995  0.003300  -0.000183  -0.003300  0.999994  0.000510  0.000185  -0.000509  1.000000  1.000000  0.000000  0.000000  0.000000  1.000000  0.000000  0.000000  0.000000  1.000000  1.000000  0.000000  0.000000  0.000000  1.000000  0.000000  0.000000  0.000000  1.000000  0.000000  0.000000  
10.881585 -0.001053  0.088510  -0.003874  0.995587  0.093698  -0.005197  -0.093532  0.995272  0.026192  0.007626  -0.025590  0.999643  -0.000290  -0.001840  -0.003027  0.000000  0.000000  0.000000  2.000000  1.000000  0.000000  0.000000  0.000000  1.000000  0.000000  0.000000  0.000000  1.000000  0.999992  0.003920  -0.000301  -0.003920  0.999992  0.000515  0.000303  -0.000514  1.000000  1.000000  0.000000  0.000000  0.000000  1.000000  0.000000  0.000000  0.000000  1.000000  1.000000  0.000000  0.000000  0.000000  1.000000  0.000000  0.000000  0.000000  1.000000  0.000000  0.000000  
10.882835 -0.001053  0.088507  -0.003880  0.995489  0.094727  -0.005292  -0.094556  0.995171  0.026330  0.007760  -0.025711  0.999639  -0.000324  -0.002083  -0.003307  0.021681  0.013588  0.173390  2.000000  1.000000  0.000000  0.000000  0.000000  1.000000  0.000000  0.000000  0.000000  1.000000  0.999988  0.004953  -0.000408  -0.004953  0.999988  0.000645  0.000411  -0.000642  1.000000  1.000000  0.000000  0.000000  0.000000  1.000000  0.000000  0.000000  0.000000  1.000000  1.000000  0.000000  0.000000  0.000000  1.000000  0.000000  0.000000  0.000000  1.000000  0.000000  0.000000  
10.884084 -0.001054  0.088502  -0.003888  0.995411  0.095547  -0.005258  -0.095376  0.995090  0.026456  0.007760  -0.025833  0.999636  -0.000424  -0.002347  -0.003659  0.025963  0.012871  0.201039  2.000000  1.000000  0.000346  -0.000025  -0.000346  1.000000  0.000042  0.000025  -0.000042  1.000000  0.999983  0.005776  -0.000386  -0.005776  0.999983  0.000772  0.000390  -0.000770  1.000000  1.000000  0.000072  -0.000005  -0.000072  1.000000  0.000010  0.000005  -0.000010  1.000000  1.000000  0.000346  -0.000025  -0.000346  1.000000  0.000042  0.000025  -0.000042  1.000000  0.000049  0.005840  
10.885087 -0.001055  0.088500  -0.003893  0.995332  0.096366  -0.005237  -0.096196  0.995011  0.026460  0.007760  -0.025833  0.999636  -0.000485  -0.002538  -0.003925  0.026168  0.012165  0.228684  2.000000  1.000000  0.000660  -0.000043  -0.000660  1.000000  0.000081  0.000043  -0.000081  1.000000  0.999978  0.006599  -0.000365  -0.006599  0.999978  0.000778  0.000370  -0.000776  1.000000  1.000000  0.000082  -0.000005  -0.000082  1.000000  0.000010  0.000005  -0.000010  1.000000  1.000000  0.000660  -0.000043  -0.000660  1.000000  0.000081  0.000043  -0.000081  1.000000  0.000056  0.006655  
10.886335 -0.001055  0.088496  -0.003901  0.995253  0.097185  -0.005215  -0.097015  0.994931  0.026464  0.007760  -0.025833  0.999636  -0.000534  -0.002800  -0.004281  0.026375  0.011460  0.256347  2.000000  0.999999  0.001109  -0.000065  -0.001109  0.999999  0.000130  0.000066  -0.000130  1.000000  0.999972  0.007422  -0.000343  -0.007422  0.999972  0.000785  0.000349  -0.000782  1.000000  1.000000  0.000093  -0.000004  -0.000093  1.000000  0.000010  0.000004  -0.000010  1.000000  0.999999  0.001109  -0.000065  -0.001109  0.999999  0.000130  0.000066  -0.000130  1.000000  0.000063  0.007472  
10.887348 -0.001056  0.088493  -0.003906  0.995171  0.098008  -0.005326  -0.097835  0.994850  0.026482  0.007894  -0.025833  0.999635  -0.000620  -0.003046  -0.004565  0.026588  0.015242  0.283984  2.000000  0.999999  0.001505  -0.000082  -0.001505  0.999999  0.000169  0.000082  -0.000169  1.000000  0.999966  0.008246  -0.000322  -0.008245  0.999966  0.000791  0.000329  -0.000788  1.000000  1.000000  0.000103  -0.000004  -0.000103  1.000000  0.000010  0.000004  -0.000010  1.000000  0.999999  0.001505  -0.000082  -0.001505  0.999999  0.000169  0.000082  -0.000169  1.000000  0.000070  0.008290  
10.888584 -0.001058  0.088487  -0.003914  0.995090  0.098828  -0.005292  -0.098654  0.994766  0.026607  0.007894  -0.025954  0.999632  -0.000739  -0.003337  -0.004900  0.030886  0.014526  0.311779  2.000000  0.999998  0.001949  -0.000104  -0.001949  0.999998  0.000210  0.000104  -0.000210  1.000000  0.999959  0.009072  -0.000433  -0.009072  0.999958  0.000920  0.000442  -0.000916  0.999999  1.000000  0.000113  -0.000005  -0.000113  1.000000  0.000011  0.000005  -0.000011  1.000000  0.999998  0.001949  -0.000104  -0.001949  0.999998  0.000210  0.000104  -0.000210  1.000000  0.000077  0.009129  
10.889585 -0.001059  0.088482  -0.003921  0.995008  0.099651  -0.005403  -0.099474  0.994684  0.026624  0.008028  -0.025954  0.999631  -0.000764  -0.003471  -0.005063  0.031117  0.018314  0.339551  2.000000  0.999997  0.002428  -0.000129  -0.002428  0.999997  0.000256  0.000129  -0.000256  1.000000  0.999951  0.009899  -0.000546  -0.009898  0.999951  0.000927  0.000555  -0.000922  0.999999  1.000000  0.000124  -0.000007  -0.000124  1.000000  0.000012  0.000007  -0.000012  1.000000  0.999997  0.002428  -0.000129  -0.002428  0.999997  0.000256  0.000129  -0.000256  1.000000  0.000084  0.009957  
10.890837 -0.001061  0.088476  -0.003929  0.994904  0.100678  -0.005509  -0.100498  0.994580  0.026643  0.008162  -0.025954  0.999630  -0.000747  -0.003584  -0.005240  0.031409  0.021928  0.374286  2.000000  0.999995  0.003085  -0.000163  -0.003085  0.999995  0.000315  0.000164  -0.000314  1.000000  0.999940  0.010931  -0.000653  -0.010931  0.999940  0.000937  0.000663  -0.000929  0.999999  1.000000  0.000137  -0.000008  -0.000137  1.000000  0.000012  0.000008  -0.000012  1.000000  0.999995  0.003085  -0.000163  -0.003085  0.999995  0.000315  0.000164  -0.000314  1.000000  0.000092  0.010991  
10.892089 -0.001062  0.088470  -0.003936  0.994821  0.101498  -0.005475  -0.101317  0.994494  0.026768  0.008162  -0.026075  0.999627  -0.000794  -0.003700  -0.005429  0.035697  0.021196  0.401935  2.000000  0.999993  0.003658  -0.000195  -0.003658  0.999993  0.000366  0.000197  -0.000365  1.000000  0.999931  0.011754  -0.000630  -0.011754  0.999930  0.001064  0.000642  -0.001057  0.999999  1.000000  0.000147  -0.000008  -0.000147  1.000000  0.000013  0.000008  -0.000013  1.000000  0.999993  0.003658  -0.000195  -0.003658  0.999993  0.000366  0.000197  -0.000365  1.000000  0.000099  0.011819  
10.893341 -0.001063  0.088463  -0.003943  0.994715  0.102525  -0.005568  -0.102341  0.994385  0.026908  0.008295  -0.026196  0.999622  -0.000834  -0.003874  -0.005510  0.040065  0.024777  0.436595  2.000000  0.999990  0.004431  -0.000234  -0.004431  0.999990  0.000436  0.000236  -0.000435  1.000000  0.999918  0.012783  -0.000601  -0.012783  0.999918  0.001194  0.000616  -0.001186  0.999999  1.000000  0.000160  -0.000008  -0.000160  1.000000  0.000015  0.000008  -0.000015  1.000000  0.999990  0.004431  -0.000234  -0.004431  0.999990  0.000436  0.000236  -0.000435  1.000000  0.000108  0.012853  
10.894589 -0.001064  0.088455  -0.003951  0.994630  0.103345  -0.005533  -0.103160  0.994297  0.027033  0.008295  -0.026318  0.999619  -0.000839  -0.004134  -0.005719  0.044358  0.024040  0.464280  2.000000  0.999986  0.005258  -0.000279  -0.005258  0.999986  0.000514  0.000282  -0.000512  1.000000  0.999910  0.013404  -0.000717  -0.013403  0.999909  0.001322  0.000735  -0.001312  0.999999  1.000000  0.000168  -0.000009  -0.000168  1.000000  0.000016  0.000009  -0.000016  1.000000  0.999986  0.005258  -0.000279  -0.005258  0.999986  0.000514  0.000282  -0.000512  1.000000  0.000115  0.013488  
10.895836 -0.001065  0.088447  -0.003960  0.994523  0.104369  -0.005493  -0.104184  0.994187  0.027160  0.008295  -0.026439  0.999616  -0.000837  -0.004376  -0.005973  0.048708  0.023123  0.498914  2.000000  0.999981  0.006104  -0.000324  -0.006104  0.999981  0.000601  0.000328  -0.000599  1.000000  0.999907  0.013610  -0.000710  -0.013609  0.999906  0.001445  0.000730  -0.001435  0.999999  1.000000  0.000170  -0.000009  -0.000170  1.000000  0.000018  0.000009  -0.000018  1.000000  0.999981  0.006104  -0.000324  -0.006104  0.999981  0.000601  0.000328  -0.000599  1.000000  0.000124  0.013705  
10.897087 -0.001065  0.088439  -0.003970  0.994437  0.105188  -0.005458  -0.105003  0.994098  0.027285  0.008295  -0.026560  0.999613  -0.000799  -0.004622  -0.006216  0.052995  0.022376  0.526542  2.000000  0.999977  0.006800  -0.000359  -0.006800  0.999977  0.000675  0.000364  -0.000672  1.000000  0.999904  0.013816  -0.000703  -0.013815  0.999904  0.001446  0.000723  -0.001436  0.999999  1.000000  0.000173  -0.000009  -0.000173  1.000000  0.000018  0.000009  -0.000018  1.000000  0.999977  0.006800  -0.000359  -0.006800  0.999977  0.000675  0.000364  -0.000672  1.000000  0.000131  0.013909  
10.898332 -0.001065  0.088431  -0.003981  0.994351  0.106008  -0.005422  -0.105821  0.994007  0.027410  0.008295  -0.026681  0.999610  -0.000757  -0.004912  -0.006509  0.057292  0.021630  0.554271  2.000000  0.999970  0.007687  -0.000402  -0.007686  0.999970  0.000770  0.000408  -0.000767  1.000000  0.999896  0.014434  -0.000685  -0.014433  0.999895  0.001451  0.000706  -0.001441  0.999999  1.000000  0.000180  -0.000009  -0.000180  1.000000  0.000018  0.000009  -0.000018  1.000000  0.999970  0.007687  -0.000402  -0.007686  0.999970  0.000770  0.000408  -0.000767  1.000000  0.000139  0.014522  
10.899339 -0.001066  0.088424  -0.003990  0.994285  0.106622  -0.005392  -0.106436  0.993938  0.027534  0.008295  -0.026803  0.999606  -0.000770  -0.005220  -0.006742  0.061522  0.021054  0.574947  2.000000  0.999965  0.008408  -0.000436  -0.008408  0.999964  0.000847  0.000443  -0.000843  1.000000  0.999893  0.014639  -0.000677  -0.014638  0.999892  0.001574  0.000700  -0.001564  0.999999  1.000000  0.000183  -0.000009  -0.000183  1.000000  0.000020  0.000009  -0.000020  1.000000  0.999965  0.008408  -0.000436  -0.008408  0.999964  0.000847  0.000443  -0.000843  1.000000  0.000145  0.014739  
10.900588 -0.001066  0.088416  -0.004002  0.994197  0.107441  -0.005357  -0.107254  0.993847  0.027659  0.008295  -0.026924  0.999603  -0.000745  -0.005510  -0.007023  0.065284  0.020136  0.597768  2.000000  0.999956  0.009326  -0.000477  -0.009325  0.999956  0.000944  0.000485  -0.000939  0.999999  0.999890  0.014842  -0.000536  -0.014841  0.999889  0.001576  0.000560  -0.001567  0.999999  1.000000  0.000186  -0.000007  -0.000186  1.000000  0.000020  0.000007  -0.000020  1.000000  0.999956  0.009326  -0.000477  -0.009325  0.999956  0.000944  0.000485  -0.000939  0.999999  0.000152  0.014935  
10.901836 -0.001066  0.088407  -0.004013  0.994108  0.108260  -0.005321  -0.108073  0.993755  0.027784  0.008295  -0.027045  0.999600  -0.000731  -0.005837  -0.007330  0.070104  0.019541  0.630278  2.000000  0.999947  0.010251  -0.000503  -0.010250  0.999947  0.001039  0.000514  -0.001034  0.999999  0.999890  0.014838  -0.000401  -0.014837  0.999889  0.001576  0.000424  -0.001569  0.999999  1.000000  0.000185  -0.000005  -0.000185  1.000000  0.000020  0.000005  -0.000020  1.000000  0.999947  0.010251  -0.000503  -0.010250  0.999947  0.001039  0.000514  -0.001034  0.999999  0.000157  0.014927  
10.903087 -0.001067  0.088399  -0.004024  0.994043  0.108870  -0.005171  -0.108687  0.993688  0.027772  0.008162  -0.027045  0.999601  -0.000714  -0.006027  -0.007524  0.070188  0.014690  0.644177  2.000000  0.999937  0.011170  -0.000511  -0.011169  0.999937  0.001135  0.000524  -0.001129  0.999999  0.999893  0.014621  -0.000005  -0.014621  0.999892  0.001451  0.000026  -0.001450  0.999999  1.000000  0.000183  -0.000000  -0.000183  1.000000  0.000018  0.000000  -0.000018  1.000000  0.999937  0.011170  -0.000511  -0.011169  0.999937  0.001135  0.000524  -0.001129  0.999999  0.000162  0.014694  
10.904088 -0.001068  0.088393  -0.004032  0.993975  0.109485  -0.005140  -0.109301  0.993617  0.027896  0.008162  -0.027166  0.999598  -0.000656  -0.006157  -0.007676  0.073752  0.014170  0.652534  2.000000  0.999929  0.011888  -0.000512  -0.011887  0.999929  0.001212  0.000526  -0.001206  0.999999  0.999899  0.014210  -0.000015  -0.014210  0.999898  0.001569  0.000037  -0.001568  0.999999  1.000000  0.000178  -0.000000  -0.000178  1.000000  0.000020  0.000000  -0.000020  1.000000  0.999929  0.011888  -0.000512  -0.011887  0.999929  0.001212  0.000526  -0.001206  0.999999  0.000164  0.014297  
10.905338 -0.001070  0.088385  -0.004042  0.993931  0.109890  -0.004996  -0.109710  0.993572  0.027884  0.008028  -0.027166  0.999599  -0.000658  -0.006285  -0.007779  0.074220  0.010155  0.644039  2.000000  0.999920  0.012601  -0.000507  -0.012600  0.999920  0.001286  0.000523  -0.001279  0.999999  0.999899  0.014206  0.000119  -0.014206  0.999898  0.001446  -0.000099  -0.001447  0.999999  1.000000  0.000178  0.000001  -0.000178  1.000000  0.000018  -0.000001  -0.000018  1.000000  0.999920  0.012601  -0.000507  -0.012600  0.999920  0.001286  0.000523  -0.001279  0.999999  0.000162  0.014281  
10.906588 -0.001072  0.088376  -0.004052  0.993863  0.110504  -0.004979  -0.110324  0.993504  0.027887  0.008028  -0.027166  0.999599  -0.000682  -0.006421  -0.007928  0.070144  0.010116  0.644050  2.000000  0.999909  0.013466  -0.000500  -0.013465  0.999908  0.001376  0.000518  -0.001369  0.999999  0.999908  0.013589  0.000102  -0.013589  0.999907  0.001441  -0.000083  -0.001442  0.999999  1.000000  0.000170  0.000001  -0.000170  1.000000  0.000018  -0.000001  -0.000018  1.000000  0.999909  0.013466  -0.000500  -0.013465  0.999908  0.001376  0.000518  -0.001369  0.999999  0.000161  0.013666  
10.907837 -0.001074  0.088368  -0.004062  0.993819  0.110909  -0.004834  -0.110733  0.993459  0.027874  0.007894  -0.027166  0.999600  -0.000739  -0.006539  -0.008164  0.065972  0.005763  0.637024  2.000000  0.999897  0.014310  -0.000486  -0.014309  0.999897  0.001466  0.000507  -0.001458  0.999999  0.999910  0.013379  0.000230  -0.013380  0.999909  0.001437  -0.000211  -0.001440  0.999999  1.000000  0.000167  0.000003  -0.000167  1.000000  0.000018  -0.000003  -0.000018  1.000000  0.999897  0.014310  -0.000486  -0.014309  0.999897  0.001466  0.000507  -0.001458  0.999999  0.000161  0.013459  
10.909088 -0.001077  0.088359  -0.004072  0.993773  0.111318  -0.004823  -0.111143  0.993413  0.027876  0.007894  -0.027166  0.999600  -0.000847  -0.006600  -0.008324  0.061899  0.005724  0.637074  2.000000  0.999886  0.015115  -0.000465  -0.015114  0.999885  0.001553  0.000488  -0.001546  0.999999  0.999919  0.012759  0.000347  -0.012759  0.999918  0.001312  -0.000331  -0.001316  0.999999  1.000000  0.000159  0.000004  -0.000159  1.000000  0.000016  -0.000004  -0.000016  1.000000  0.999886  0.015115  -0.000465  -0.015114  0.999885  0.001553  0.000488  -0.001546  0.999999  0.000160  0.012831  
10.910338 -0.001080  0.088351  -0.004083  0.993727  0.111728  -0.004798  -0.111552  0.993364  0.027998  0.007894  -0.027288  0.999596  -0.001019  -0.006639  -0.008516  0.061916  -0.003162  0.629757  2.000000  0.999874  0.015886  -0.000438  -0.015886  0.999872  0.001638  0.000464  -0.001631  0.999999  0.999926  0.012138  0.000466  -0.012138  0.999925  0.001428  -0.000448  -0.001434  0.999999  1.000000  0.000152  0.000006  -0.000152  1.000000  0.000018  -0.000006  -0.000018  1.000000  0.999874  0.015886  -0.000438  -0.015886  0.999872  0.001638  0.000464  -0.001631  0.999999  0.000159  0.012231  
10.911590 -0.001083  0.088342  -0.004095  0.993681  0.112137  -0.004786  -0.111961  0.993318  0.028000  0.007894  -0.027288  0.999596  -0.001227  -0.006716  -0.008607  0.061846  -0.007290  0.615759  2.000000  0.999862  0.016614  -0.000406  -0.016613  0.999860  0.001727  0.000434  -0.001720  0.999998  0.999936  0.011311  0.000577  -0.011312  0.999935  0.001422  -0.000561  -0.001428  0.999999  1.000000  0.000141  0.000007  -0.000141  1.000000  0.000018  -0.000007  -0.000018  1.000000  0.999862  0.016614  -0.000406  -0.016613  0.999860  0.001727  0.000434  -0.001720  0.999998  0.000155  0.011415  
10.912591 -0.001086  0.088335  -0.004104  0.993681  0.112137  -0.004786  -0.111961  0.993318  0.028000  0.007894  -0.027288  0.999596  -0.001452  -0.006760  -0.008659  0.057596  -0.011089  0.587989  2.000000  0.999855  0.017031  -0.000384  -0.017030  0.999853  0.001775  0.000414  -0.001768  0.999998  0.999940  0.010899  0.000566  -0.010900  0.999940  0.001297  -0.000552  -0.001304  0.999999  1.000000  0.000136  0.000007  -0.000136  1.000000  0.000016  -0.000007  -0.000016  1.000000  0.999855  0.017031  -0.000384  -0.017030  0.999853  0.001775  0.000414  -0.001768  0.999998  0.000149  0.010991  
10.913839 -0.001090  0.088327  -0.004116  0.993635  0.112546  -0.004775  -0.112370  0.993272  0.028002  0.007894  -0.027288  0.999596  -0.001662  -0.006730  -0.008658  0.053413  -0.010758  0.574179  2.000000  0.999844  0.017683  -0.000348  -0.017683  0.999842  0.001853  0.000381  -0.001846  0.999998  0.999949  0.010076  0.000543  -0.010077  0.999949  0.001170  -0.000531  -0.001175  0.999999  1.000000  0.000126  0.000007  -0.000126  1.000000  0.000015  -0.000007  -0.000015  1.000000  0.999844  0.017683  -0.000348  -0.017683  0.999842  0.001853  0.000381  -0.001846  0.999998  0.000143  0.010159  
10.915084 -0.001094  0.088318  -0.004128  0.993612  0.112751  -0.004755  -0.112575  0.993245  0.028124  0.007894  -0.027409  0.999593  -0.001933  -0.006749  -0.008694  0.056864  -0.010157  0.548952  2.000000  0.999833  0.018290  -0.000305  -0.018289  0.999831  0.001925  0.000341  -0.001919  0.999998  0.999955  0.009455  0.000661  -0.009456  0.999955  0.001165  -0.000650  -0.001171  0.999999  1.000000  0.000118  0.000008  -0.000118  1.000000  0.000015  -0.000008  -0.000015  1.000000  0.999833  0.018290  -0.000305  -0.018289  0.999831  0.001925  0.000341  -0.001919  0.999998  0.000137  0.009550  
10.916088 -0.001098  0.088311  -0.004138  0.993612  0.112751  -0.004755  -0.112575  0.993245  0.028124  0.007894  -0.027409  0.999593  -0.002191  -0.006770  -0.008760  0.057113  -0.009504  0.525783  2.000000  0.999824  0.018747  -0.000272  -0.018746  0.999822  0.001980  0.000309  -0.001974  0.999998  0.999961  0.008838  0.000644  -0.008838  0.999960  0.001039  -0.000635  -0.001045  0.999999  1.000000  0.000110  0.000008  -0.000110  1.000000  0.000013  -0.000008  -0.000013  1.000000  0.999824  0.018747  -0.000272  -0.018746  0.999822  0.001980  0.000309  -0.001974  0.999998  0.000133  0.008922  
10.917089 -0.001104  0.088302  -0.004149  0.993589  0.112955  -0.004749  -0.112779  0.993222  0.028125  0.007894  -0.027409  0.999593  -0.002521  -0.006894  -0.008907  0.056555  -0.009063  0.507915  2.000000  0.999816  0.019166  -0.000240  -0.019165  0.999814  0.002028  0.000279  -0.002023  0.999998  0.999968  0.008015  0.000622  -0.008015  0.999967  0.000912  -0.000614  -0.000917  0.999999  1.000000  0.000100  0.000008  -0.000100  1.000000  0.000011  -0.000008  -0.000011  1.000000  0.999816  0.019166  -0.000240  -0.019165  0.999814  0.002028  0.000279  -0.002023  0.999998  0.000129  0.008091  
10.918337 -0.001110  0.088293  -0.004164  0.993565  0.113160  -0.004744  -0.112984  0.993199  0.028126  0.007894  -0.027409  0.999593  -0.002861  -0.006979  -0.009194  0.052367  -0.013001  0.487066  2.000000  0.999807  0.019641  -0.000201  -0.019640  0.999805  0.002080  0.000242  -0.002075  0.999998  0.999974  0.007191  0.000599  -0.007192  0.999974  0.000784  -0.000593  -0.000788  1.000000  1.000000  0.000090  0.000007  -0.000090  1.000000  0.000010  -0.000007  -0.000010  1.000000  0.999807  0.019641  -0.000201  -0.019640  0.999805  0.002080  0.000242  -0.002075  0.999998  0.000121  0.007259  
10.919584 -0.001118  0.088282  -0.004180  0.993567  0.113156  -0.004611  -0.112984  0.993199  0.028111  0.007760  -0.027409  0.999594  -0.003270  -0.007173  -0.009567  0.052095  -0.021002  0.452514  2.000000  0.999798  0.020075  -0.000156  -0.020074  0.999796  0.002123  0.000199  -0.002120  0.999998  0.999978  0.006570  0.000716  -0.006571  0.999978  0.000657  -0.000711  -0.000662  1.000000  1.000000  0.000082  0.000009  -0.000082  1.000000  0.000008  -0.000009  -0.000008  1.000000  0.999798  0.020075  -0.000156  -0.020074  0.999796  0.002123  0.000199  -0.002120  0.999998  0.000116  0.006642  
10.920591 -0.001124  0.088274  -0.004193  0.993567  0.113156  -0.004611  -0.112984  0.993199  0.028111  0.007760  -0.027409  0.999594  -0.003642  -0.007276  -0.009932  0.052280  -0.024747  0.421545  2.000000  0.999794  0.020313  -0.000129  -0.020313  0.999791  0.002146  0.000173  -0.002143  0.999998  0.999981  0.006159  0.000704  -0.006159  0.999981  0.000533  -0.000701  -0.000537  1.000000  1.000000  0.000077  0.000009  -0.000077  1.000000  0.000007  -0.000009  -0.000007  1.000000  0.999794  0.020313  -0.000129  -0.020313  0.999791  0.002146  0.000173  -0.002143  0.999998  0.000108  0.006222  
10.921842 -0.001131  0.088265  -0.004209  0.993543  0.113361  -0.004605  -0.113188  0.993176  0.028112  0.007760  -0.027409  0.999594  -0.003955  -0.007350  -0.010369  0.048039  -0.024218  0.400803  2.000000  0.999786  0.020675  -0.000085  -0.020675  0.999784  0.002178  0.000130  -0.002176  0.999998  0.999984  0.005542  0.000687  -0.005542  0.999985  0.000528  -0.000685  -0.000532  1.000000  1.000000  0.000069  0.000009  -0.000069  1.000000  0.000007  -0.000009  -0.000007  1.000000  0.999786  0.020675  -0.000085  -0.020675  0.999784  0.002178  0.000130  -0.002176  0.999998  0.000104  0.005609  
10.923088 -0.001139  0.088255  -0.004227  0.993543  0.113361  -0.004605  -0.113188  0.993176  0.028112  0.007760  -0.027409  0.999594  -0.004319  -0.007438  -0.010856  0.043720  -0.027816  0.366168  2.000000  0.999782  0.020872  -0.000060  -0.020872  0.999780  0.002193  0.000105  -0.002191  0.999998  0.999988  0.004928  0.000537  -0.004928  0.999988  0.000402  -0.000535  -0.000405  1.000000  1.000000  0.000000  0.000000  0.000000  1.000000  0.000000  0.000000  0.000000  1.000000  0.999782  0.020872  -0.000060  -0.020872  0.999780  0.002193  0.000105  -0.002191  0.999998  0.000095  0.000000  
10.924334 -0.001147  0.088244  -0.004244  0.993543  0.113361  -0.004605  -0.113188  0.993176  0.028112  0.007760  -0.027409  0.999594  -0.004690  -0.007544  -0.011301  0.039144  -0.027051  0.342511  2.000000  0.999782  0.020872  -0.000060  -0.020872  0.999780  0.002193  0.000105  -0.002191  0.999998  0.999991  0.004105  0.000514  -0.004105  0.999992  0.000274  -0.000513  -0.000276  1.000000  1.000000  0.000000  0.000000  0.000000  1.000000  0.000000  0.000000  0.000000  1.000000  0.999782  0.020872  -0.000060  -0.020872  0.999780  0.002193  0.000105  -0.002191  0.999998  0.000086  0.000000  
10.925338 -0.001155  0.088236  -0.004258  0.993543  0.113361  -0.004605  -0.113188  0.993176  0.028112  0.007760  -0.027409  0.999594  -0.005050  -0.007655  -0.011671  0.035112  -0.026363  0.310749  2.000000  0.999782  0.020872  -0.000060  -0.020872  0.999780  0.002193  0.000105  -0.002191  0.999998  0.999993  0.003697  0.000369  -0.003697  0.999993  0.000271  -0.000368  -0.000273  1.000000  1.000000  0.000000  0.000000  0.000000  1.000000  0.000000  0.000000  0.000000  1.000000  0.999782  0.020872  -0.000060  -0.020872  0.999780  0.002193  0.000105  -0.002191  0.999998  0.000080  0.000000  
10.926339 -0.001162  0.088228  -0.004272  0.993543  0.113361  -0.004605  -0.113188  0.993176  0.028112  0.007760  -0.027409  0.999594  -0.005334  -0.007728  -0.012011  0.030618  -0.025612  0.287637  2.000000  0.999782  0.020872  -0.000060  -0.020872  0.999780  0.002193  0.000105  -0.002191  0.999998  0.999995  0.003285  0.000358  -0.003285  0.999995  0.000268  -0.000357  -0.000269  1.000000  1.000000  0.000000  0.000000  0.000000  1.000000  0.000000  0.000000  0.000000  1.000000  0.999782  0.020872  -0.000060  -0.020872  0.999780  0.002193  0.000105  -0.002191  0.999998  0.000073  0.000000  
10.927588 -0.001171  0.088218  -0.004288  0.993543  0.113361  -0.004605  -0.113188  0.993176  0.028112  0.007760  -0.027409  0.999594  -0.005644  -0.007825  -0.012294  0.026519  -0.024908  0.255461  2.000000  0.999782  0.020872  -0.000060  -0.020872  0.999780  0.002193  0.000105  -0.002191  0.999998  0.999996  0.002672  0.000207  -0.002672  0.999996  0.000263  -0.000206  -0.000264  1.000000  1.000000  0.000000  0.000000  0.000000  1.000000  0.000000  0.000000  0.000000  1.000000  0.999782  0.020872  -0.000060  -0.020872  0.999780  0.002193  0.000105  -0.002191  0.999998  0.000066  0.000000  
10.928832 -0.001180  0.088207  -0.004305  0.993542  0.113364  -0.004738  -0.113188  0.993175  0.028127  0.007894  -0.027409  0.999593  -0.006023  -0.007990  -0.012645  0.022107  -0.019701  0.232885  2.000000  0.999782  0.020872  -0.000060  -0.020872  0.999780  0.002193  0.000105  -0.002191  0.999998  0.999997  0.002260  0.000196  -0.002260  0.999997  0.000260  -0.000195  -0.000261  1.000000  1.000000  0.000000  0.000000  0.000000  1.000000  0.000000  0.000000  0.000000  1.000000  0.999782  0.020872  -0.000060  -0.020872  0.999780  0.002193  0.000105  -0.002191  0.999998  0.000060  0.000000  
10.929839 -0.001188  0.088199  -0.004318  0.993542  0.113364  -0.004738  -0.113188  0.993175  0.028127  0.007894  -0.027409  0.999593  -0.006317  -0.008050  -0.012932  0.017985  -0.019123  0.207106  2.000000  0.999782  0.020872  -0.000060  -0.020872  0.999780  0.002193  0.000105  -0.002191  0.999998  0.999998  0.001852  0.000051  -0.001852  0.999998  0.000257  -0.000050  -0.000257  1.000000  1.000000  0.000000  0.000000  0.000000  1.000000  0.000000  0.000000  0.000000  1.000000  0.999782  0.020872  -0.000060  -0.020872  0.999780  0.002193  0.000105  -0.002191  0.999998  0.000055  0.000000  
10.931085 -0.001197  0.088188  -0.004335  0.993542  0.113364  -0.004738  -0.113188  0.993175  0.028127  0.007894  -0.027409  0.999593  -0.006601  -0.008189  -0.013184  0.013688  -0.018386  0.179479  2.000000  0.999782  0.020872  -0.000060  -0.020872  0.999780  0.002193  0.000105  -0.002191  0.999998  0.999999  0.001646  0.000045  -0.001646  0.999999  0.000134  -0.000045  -0.000134  1.000000  1.000000  0.000000  0.000000  0.000000  1.000000  0.000000  0.000000  0.000000  1.000000  0.999782  0.020872  -0.000060  -0.020872  0.999780  0.002193  0.000105  -0.002191  0.999998  0.000048  0.000000  
10.932088 -0.001205  0.088179  -0.004351  0.993542  0.113364  -0.004738  -0.113188  0.993175  0.028127  0.007894  -0.027409  0.999593  -0.006762  -0.008235  -0.013472  0.000000  0.000000  0.000000  2.000000  0.999782  0.020872  -0.000060  -0.020872  0.999780  0.002193  0.000105  -0.002191  0.999998  0.999999  0.001235  0.000034  -0.001235  0.999999  0.000131  -0.000034  -0.000131  1.000000  1.000000  0.000000  0.000000  0.000000  1.000000  0.000000  0.000000  0.000000  1.000000  0.999782  0.020872  -0.000060  -0.020872  0.999780  0.002193  0.000105  -0.002191  0.999998  0.000043  0.000000  
10.933334 -0.001216  0.088167  -0.004370  0.993542  0.113364  -0.004738  -0.113188  0.993175  0.028127  0.007894  -0.027409  0.999593  -0.007006  -0.008346  -0.013727  0.000000  0.000000  0.000000  2.000000  0.999782  0.020872  -0.000060  -0.020872  0.999780  0.002193  0.000105  -0.002191  0.999998  0.999999  0.001029  0.000028  -0.001029  0.999999  0.000129  -0.000028  -0.000129  1.000000  1.000000  0.000000  0.000000  0.000000  1.000000  0.000000  0.000000  0.000000  1.000000  0.999782  0.020872  -0.000060  -0.020872  0.999780  0.002193  0.000105  -0.002191  0.999998  0.000000  0.000000  
10.934584 -0.001226  0.088155  -0.004391  0.993542  0.113364  -0.004738  -0.113188  0.993175  0.028127  0.007894  -0.027409  0.999593  -0.007172  -0.008465  -0.014045  0.000000  0.000000  0.000000  2.000000  0.999782  0.020872  -0.000060  -0.020872  0.999780  0.002193  0.000105  -0.002191  0.999998  1.000000  0.000823  0.000023  -0.000823  1.000000  0.000128  -0.000022  -0.000128  1.000000  1.000000  0.000000  0.000000  0.000000  1.000000  0.000000  0.000000  0.000000  1.000000  0.999782  0.020872  -0.000060  -0.020872  0.999780  0.002193  0.000105  -0.002191  0.999998  0.000000  0.000000  
10.935585 -0.001234  0.088146  -0.004407  0.993542  0.113364  -0.004738  -0.113188  0.993175  0.028127  0.007894  -0.027409  0.999593  -0.007295  -0.008577  -0.014249  0.000000  0.000000  0.000000  2.000000  0.999782  0.020872  -0.000060  -0.020872  0.999780  0.002193  0.000105  -0.002191  0.999998  1.000000  0.000617  0.000017  -0.000617  1.000000  0.000005  -0.000017  -0.000005  1.000000  1.000000  0.000000  0.000000  0.000000  1.000000  0.000000  0.000000  0.000000  1.000000  0.999782  0.020872  -0.000060  -0.020872  0.999780  0.002193  0.000105  -0.002191  0.999998  0.000000  0.000000  
10.936590 -0.001241  0.088136  -0.004423  0.993542  0.113364  -0.004738  -0.113188  0.993175  0.028127  0.007894  -0.027409  0.999593  -0.007438  -0.008692  -0.014465  0.000000  0.000000  0.000000  2.000000  0.999782  0.020872  -0.000060  -0.020872  0.999780  0.002193  0.000105  -0.002191  0.999998  1.000000  0.000617  0.000017  -0.000617  1.000000  0.000005  -0.000017  -0.000005  1.000000  1.000000  0.000000  0.000000  0.000000  1.000000  0.000000  0.000000  0.000000  1.000000  0.999782  0.020872  -0.000060  -0.020872  0.999780  0.002193  0.000105  -0.002191  0.999998  0.000000  0.000000  
10.937844 -0.001250  0.088125  -0.004443  0.993542  0.113364  -0.004738  -0.113188  0.993175  0.028127  0.007894  -0.027409  0.999593  -0.007536  -0.008824  -0.014682  0.000000  0.000000  0.000000  2.000000  0.999782  0.020872  -0.000060  -0.020872  0.999780  0.002193  0.000105  -0.002191  0.999998  1.000000  0.000412  0.000011  -0.000412  1.000000  0.000003  -0.000011  -0.000003  1.000000  1.000000  0.000000  0.000000  0.000000  1.000000  0.000000  0.000000  0.000000  1.000000  0.999782  0.020872  -0.000060  -0.020872  0.999780  0.002193  0.000105  -0.002191  0.999998  0.000000  0.000000  
10.939085 -0.001259  0.088112  -0.004464  0.993542  0.113364  -0.004738  -0.113188  0.993175  0.028127  0.007894  -0.027409  0.999593  -0.007595  -0.008981  -0.014910  0.000000  0.000000  0.000000  2.000000  0.999782  0.020872  -0.000060  -0.020872  0.999780  0.002193  0.000105  -0.002191  0.999998  1.000000  0.000209  -0.000128  -0.000209  1.000000  0.000002  0.000128  -0.000002  1.000000  1.000000  0.000000  0.000000  0.000000  1.000000  0.000000  0.000000  0.000000  1.000000  0.999782  0.020872  -0.000060  -0.020872  0.999780  0.002193  0.000105  -0.002191  0.999998  0.000000  0.000000  
10.940087 -0.001266  0.088102  -0.004481  0.993543  0.113361  -0.004605  -0.113188  0.993176  0.028112  0.007760  -0.027409  0.999594  -0.007561  -0.009084  -0.015130  0.000000  0.000000  0.000000  2.000000  0.999782  0.020872  -0.000060  -0.020872  0.999780  0.002193  0.000105  -0.002191  0.999998  1.000000  0.000206  0.000006  -0.000206  1.000000  0.000002  -0.000006  -0.000002  1.000000  1.000000  0.000000  0.000000  0.000000  1.000000  0.000000  0.000000  0.000000  1.000000  0.999782  0.020872  -0.000060  -0.020872  0.999780  0.002193  0.000105  -0.002191  0.999998  0.000000  0.000000  
10.941339 -0.001276  0.088089  -0.004503  0.993520  0.113566  -0.004585  -0.113393  0.993149  0.028233  0.007760  -0.027530  0.999591  -0.007630  -0.009250  -0.015407  0.000000  0.000000  0.000000  2.000000  0.999782  0.020872  -0.000060  -0.020872  0.999780  0.002193  0.000105  -0.002191  0.999998  1.000000  0.000206  0.000006  -0.000206  1.000000  0.000123  -0.000006  -0.000123  1.000000  1.000000  0.000000  0.000000  0.000000  1.000000  0.000000  0.000000  0.000000  1.000000  0.999782  0.020872  -0.000060  -0.020872  0.999780  0.002193  0.000105  -0.002191  0.999998  0.000000  0.000000  
10.942587 -0.001285  0.088076  -0.004524  0.993520  0.113566  -0.004585  -0.113393  0.993149  0.028233  0.007760  -0.027530  0.999591  -0.007589  -0.009431  -0.015705  0.000000  0.000000  0.000000  2.000000  0.999782  0.020872  -0.000060  -0.020872  0.999780  0.002193  0.000105  -0.002191  0.999998  1.000000  0.000206  0.000006  -0.000206  1.000000  0.000123  -0.000006  -0.000123  1.000000  1.000000  0.000000  0.000000  0.000000  1.000000  0.000000  0.000000  0.000000  1.000000  0.999782  0.020872  -0.000060  -0.020872  0.999780  0.002193  0.000105  -0.002191  0.999998  0.000000  0.000000  
10.943589 -0.001292  0.088066  -0.004541  0.993498  0.113766  -0.004447  -0.113598  0.993126  0.028219  0.007626  -0.027530  0.999592  -0.007563  -0.009590  -0.015974  0.000000  0.000000  0.000000  2.000000  0.999782  0.020872  -0.000060  -0.020872  0.999780  0.002193  0.000105  -0.002191  0.999998  1.000000  0.000412  0.000011  -0.000412  1.000000  0.000124  -0.000011  -0.000124  1.000000  1.000000  0.000000  0.000000  0.000000  1.000000  0.000000  0.000000  0.000000  1.000000  0.999782  0.020872  -0.000060  -0.020872  0.999780  0.002193  0.000105  -0.002191  0.999998  0.000000  0.000000  
10.944833 -0.001301  0.088052  -0.004563  0.993498  0.113766  -0.004447  -0.113598  0.993126  0.028219  0.007626  -0.027530  0.999592  -0.007539  -0.009822  -0.016315  0.000000  0.000000  0.000000  2.000000  0.999782  0.020872  -0.000060  -0.020872  0.999780  0.002193  0.000105  -0.002191  0.999998  1.000000  0.000408  0.000145  -0.000408  1.000000  0.000124  -0.000145  -0.000124  1.000000  1.000000  0.000000  0.000000  0.000000  1.000000  0.000000  0.000000  0.000000  1.000000  0.999782  0.020872  -0.000060  -0.020872  0.999780  0.002193  0.000105  -0.002191  0.999998  0.000000  0.000000  
10.945843 -0.001308  0.088041  -0.004580  0.993474  0.113971  -0.004441  -0.113802  0.993103  0.028220  0.007626  -0.027530  0.999592  -0.007472  -0.009982  -0.016557  0.000000  0.000000  0.000000  2.000000  0.999782  0.020872  -0.000060  -0.020872  0.999780  0.002193  0.000105  -0.002191  0.999998  1.000000  0.000408  0.000145  -0.000408  1.000000  0.000124  -0.000145  -0.000124  1.000000  1.000000  0.000000  0.000000  0.000000  1.000000  0.000000  0.000000  0.000000  1.000000  0.999782  0.020872  -0.000060  -0.020872  0.999780  0.002193  0.000105  -0.002191  0.999998  0.000000  0.000000  
10.947089 -0.001316  0.088027  -0.004601  0.993474  0.113971  -0.004441  -0.113802  0.993103  0.028220  0.007626  -0.027530  0.999592  -0.007363  -0.010118  -0.016705  0.000000  0.000000  0.000000  2.000000  0.999782  0.020872  -0.000060  -0.020872  0.999780  0.002193  0.000105  -0.002191  0.999998  1.000000  0.000614  0.000151  -0.000614  1.000000  0.000126  -0.000151  -0.000126  1.000000  1.000000  0.000000  0.000000  0.000000  1.000000  0.000000  0.000000  0.000000  1.000000  0.999782  0.020872  -0.000060  -0.020872  0.999780  0.002193  0.000105  -0.002191  0.999998  0.000000  0.000000  
10.948334 -0.001325  0.088013  -0.004623  0.993451  0.114175  -0.004435  -0.114007  0.993079  0.028221  0.007626  -0.027530  0.999592  -0.007281  -0.010276  -0.016865  0.000000  0.000000  0.000000  2.000000  0.999782  0.020872  -0.000060  -0.020872  0.999780  0.002193  0.000105  -0.002191  0.999998  1.000000  0.000819  0.000156  -0.000819  1.000000  0.000128  -0.000156  -0.000128  1.000000  1.000000  0.000000  0.000000  0.000000  1.000000  0.000000  0.000000  0.000000  1.000000  0.999782  0.020872  -0.000060  -0.020872  0.999780  0.002193  0.000105  -0.002191  0.999998  0.000000  0.000000  
