1-Time 2-Px 3-Py 4-Pz 5-R11 6-R21 7-R31 8-R12 9-R22 10-R32 11-R13 12-R23 13-R33 14-Vx 15-Vy 16-Vz 17-Wx 18-Wy 19-Wz 20-state 21-PR11 22-PR21 23-PR31 24-PR12 25-PR22 26-PR32 27-PR13 28-PR23 29-PR33 
60.142571 0.011954  0.096492  -0.008400  0.995914  0.084320  -0.032336  0.025634  0.079385  0.996514  0.086593  -0.993271  0.076899  0.001483  0.001962  0.002784  0.000000  0.000000  0.000000  2.000000  1.000000  0.000000  0.000000  0.000000  -0.000000  1.000000  0.000000  -1.000000  -0.000000  0.999999  -0.000095  -0.001227  0.000096  1.000000  0.000499  0.001227  -0.000500  0.999999  1.000000  0.000000  0.000000  0.000000  1.000000  0.000000  0.000000  0.000000  1.000000  0.565854  0.718530  0.404381  -0.504572  -0.086114  0.859064  0.652086  -0.690144  0.313822  0.000000  0.000000  
60.143576 0.011955  0.096495  -0.008397  0.995914  0.084324  -0.032326  0.025634  0.079264  0.996524  0.086593  -0.993281  0.076779  0.001525  0.001988  0.002768  0.000000  0.000000  0.000000  2.000000  1.000000  0.000000  0.000000  0.000000  -0.000000  1.000000  0.000000  -1.000000  -0.000000  0.999999  -0.000079  -0.001022  0.000080  1.000000  0.000517  0.001022  -0.000517  0.999999  1.000000  0.000000  0.000000  0.000000  1.000000  0.000000  0.000000  0.000000  1.000000  1.000000  0.000000  0.000000  0.000000  -0.000000  1.000000  0.000000  -1.000000  -0.000000  0.000000  0.000000  
60.144822 0.011960  0.096497  -0.008396  0.995924  0.084353  -0.031926  0.025224  0.079351  0.996528  0.086593  -0.993271  0.076899  0.001714  0.002007  0.002636  0.000000  0.000000  0.000000  2.000000  1.000000  0.000000  0.000000  0.000000  -0.000000  1.000000  0.000000  -1.000000  -0.000000  1.000000  -0.000048  -0.000613  0.000048  1.000000  0.000432  0.000613  -0.000432  1.000000  1.000000  0.000000  0.000000  0.000000  1.000000  0.000000  0.000000  0.000000  1.000000  1.000000  0.000000  0.000000  0.000000  -0.000000  1.000000  0.000000  -1.000000  -0.000000  0.000000  0.000000  
60.146073 0.011966  0.096500  -0.008395  0.995940  0.084402  -0.031310  0.024609  0.079298  0.996547  0.086593  -0.993271  0.076899  0.001971  0.002044  0.002414  0.000000  0.000000  0.000000  2.000000  1.000000  0.000000  0.000000  0.000000  -0.000000  1.000000  0.000000  -1.000000  -0.000000  1.000000  -0.000016  -0.000204  0.000016  1.000000  0.000346  0.000204  -0.000346  1.000000  1.000000  0.000000  0.000000  0.000000  1.000000  0.000000  0.000000  0.000000  1.000000  1.000000  0.000000  0.000000  0.000000  -0.000000  1.000000  0.000000  -1.000000  -0.000000  0.000000  0.000000  
60.147324 0.011972  0.096503  -0.008395  0.995945  0.084418  -0.031105  0.024404  0.079281  0.996554  0.086593  -0.993271  0.076899  0.002239  0.002056  0.002203  0.000000  0.000000  0.000000  2.000000  1.000000  0.000000  0.000000  0.000000  -0.000000  1.000000  0.000000  -1.000000  -0.000000  1.000000  0.000032  0.000409  -0.000032  1.000000  0.000400  -0.000409  -0.000400  1.000000  1.000000  0.000000  0.000000  0.000000  1.000000  0.000000  0.000000  0.000000  1.000000  1.000000  0.000000  0.000000  0.000000  -0.000000  1.000000  0.000000  -1.000000  -0.000000  0.000000  0.000000  
60.148325 0.011977  0.096505  -0.008395  0.995950  0.084430  -0.030910  0.024199  0.079385  0.996550  0.086593  -0.993262  0.077020  0.002524  0.002102  0.002051  0.000000  0.000000  0.000000  2.000000  1.000000  0.000000  0.000000  0.000000  -0.000000  1.000000  0.000000  -1.000000  -0.000000  1.000000  0.000048  0.000613  -0.000048  1.000000  0.000296  -0.000613  -0.000296  1.000000  1.000000  0.000000  0.000000  0.000000  1.000000  0.000000  0.000000  0.000000  1.000000  1.000000  0.000000  0.000000  0.000000  -0.000000  1.000000  0.000000  -1.000000  -0.000000  0.000000  0.000000  
60.149574 0.011986  0.096510  -0.008393  0.995948  0.084596  -0.030510  0.023789  0.079353  0.996563  0.086726  -0.993251  0.077019  0.003025  0.002259  0.001874  0.000000  0.000000  0.000000  2.000000  1.000000  0.000000  0.000000  0.000000  -0.000000  1.000000  0.000000  -1.000000  -0.000000  0.999999  0.000213  0.001012  -0.000213  1.000000  0.000332  -0.001012  -0.000332  0.999999  1.000000  0.000000  0.000000  0.000000  1.000000  0.000000  0.000000  0.000000  1.000000  1.000000  0.000000  0.000000  0.000000  -0.000000  1.000000  0.000000  -1.000000  -0.000000  0.000000  0.000000  
60.150821 0.011996  0.096514  -0.008392  0.995939  0.084907  -0.029926  0.023173  0.079428  0.996571  0.086993  -0.993218  0.077138  0.003532  0.002368  0.001754  0.000000  0.000000  0.000000  2.000000  1.000000  0.000000  0.000000  0.000000  -0.000000  1.000000  0.000000  -1.000000  -0.000000  0.999999  0.000394  0.001615  -0.000394  1.000000  0.000143  -0.001615  -0.000143  0.999999  1.000000  0.000000  0.000000  0.000000  1.000000  0.000000  0.000000  0.000000  1.000000  1.000000  0.000000  0.000000  0.000000  -0.000000  1.000000  0.000000  -1.000000  -0.000000  0.000000  0.000000  
60.151823 0.012004  0.096518  -0.008390  0.995942  0.085085  -0.029331  0.022558  0.079499  0.996580  0.087126  -0.993197  0.077257  0.003984  0.002454  0.001686  0.000000  0.000000  0.000000  2.000000  1.000000  0.000000  0.000000  0.000000  -0.000000  1.000000  0.000000  -1.000000  -0.000000  0.999997  0.000708  0.002208  -0.000708  1.000000  0.000075  -0.002208  -0.000076  0.999998  1.000000  0.000000  0.000000  0.000000  1.000000  0.000000  0.000000  0.000000  1.000000  1.000000  0.000000  0.000000  0.000000  -0.000000  1.000000  0.000000  -1.000000  -0.000000  0.000000  0.000000  
60.153074 0.012013  0.096521  -0.008389  0.995932  0.085397  -0.028746  0.021942  0.079573  0.996587  0.087393  -0.993164  0.077376  0.004491  0.002563  0.001566  0.000000  0.000000  0.000000  2.000000  1.000000  0.000000  0.000000  0.000000  -0.000000  1.000000  0.000000  -1.000000  -0.000000  0.999996  0.001023  0.002800  -0.001023  0.999999  0.000007  -0.002800  -0.000010  0.999996  1.000000  0.000000  0.000000  0.000000  1.000000  0.000000  0.000000  0.000000  1.000000  1.000000  0.000000  0.000000  0.000000  -0.000000  1.000000  0.000000  -1.000000  -0.000000  0.000000  0.000000  
60.154328 0.012022  0.096526  -0.008387  0.995930  0.085559  -0.028357  0.021532  0.079662  0.996589  0.087526  -0.993143  0.077495  0.004955  0.002666  0.001413  0.000000  0.000000  0.000000  2.000000  1.000000  0.000000  0.000000  0.000000  -0.000000  1.000000  0.000000  -1.000000  -0.000000  0.999993  0.001204  0.003403  -0.001204  0.999999  -0.000183  -0.003403  0.000178  0.999994  1.000000  0.000000  0.000000  0.000000  1.000000  0.000000  0.000000  0.000000  1.000000  1.000000  0.000000  0.000000  0.000000  -0.000000  1.000000  0.000000  -1.000000  -0.000000  0.000000  0.000000  
60.155570 0.012032  0.096530  -0.008387  0.995931  0.085734  -0.027772  0.020916  0.079854  0.996587  0.087659  -0.993113  0.077735  0.005508  0.002790  0.001137  0.000000  0.000000  0.000000  2.000000  1.000000  0.000000  0.000000  0.000000  -0.000000  1.000000  0.000000  -1.000000  -0.000000  0.999990  0.001402  0.004210  -0.001401  0.999999  -0.000354  -0.004211  0.000348  0.999991  1.000000  0.000000  0.000000  0.000000  1.000000  0.000000  0.000000  0.000000  1.000000  1.000000  0.000000  0.000000  0.000000  -0.000000  1.000000  0.000000  -1.000000  -0.000000  0.000000  0.000000  
60.156570 0.012041  0.096535  -0.008388  0.995932  0.085910  -0.027188  0.020301  0.080045  0.996584  0.087793  -0.993082  0.077975  0.006007  0.002946  0.000959  0.000000  0.000000  0.000000  2.000000  1.000000  0.000000  0.000000  0.000000  -0.000000  1.000000  0.000000  -1.000000  -0.000000  0.999988  0.001568  0.004609  -0.001566  0.999999  -0.000440  -0.004609  0.000433  0.999989  1.000000  0.000000  0.000000  0.000000  1.000000  0.000000  0.000000  0.000000  1.000000  1.000000  0.000000  0.000000  0.000000  -0.000000  1.000000  0.000000  -1.000000  -0.000000  0.000000  0.000000  
60.157820 0.012052  0.096540  -0.008387  0.995932  0.086086  -0.026604  0.019686  0.080236  0.996581  0.087926  -0.993052  0.078215  0.006518  0.003134  0.000763  -0.017520  -0.168286  0.058279  2.000000  1.000000  0.000086  0.000258  -0.000258  0.000031  1.000000  0.000086  -1.000000  0.000031  0.999984  0.001767  0.005416  -0.001763  0.999998  -0.000733  -0.005417  0.000723  0.999985  1.000000  0.000022  0.000068  -0.000022  1.000000  -0.000009  -0.000068  0.000009  1.000000  1.000000  0.000086  0.000258  -0.000258  0.000031  1.000000  0.000086  -1.000000  0.000031  0.000045  0.005743  
60.158827 0.012061  0.096545  -0.008388  0.995929  0.086245  -0.026225  0.019276  0.080445  0.996573  0.088059  -0.993021  0.078455  0.007075  0.003363  0.000555  -0.024447  -0.181625  0.063844  2.000000  1.000000  0.000156  0.000471  -0.000471  0.000065  1.000000  0.000156  -1.000000  0.000065  0.999980  0.001950  0.006018  -0.001944  0.999998  -0.001043  -0.006020  0.001032  0.999981  1.000000  0.000024  0.000075  -0.000024  1.000000  -0.000013  -0.000075  0.000013  1.000000  1.000000  0.000156  0.000471  -0.000471  0.000065  1.000000  0.000156  -1.000000  0.000065  0.000049  0.006411  
60.160070 0.012074  0.096553  -0.008389  0.995917  0.086551  -0.025662  0.018660  0.080760  0.996559  0.088326  -0.992969  0.078815  0.007550  0.003713  0.000477  -0.038922  -0.201582  0.074471  2.000000  1.000000  0.000286  0.000862  -0.000862  0.000138  1.000000  0.000285  -1.000000  0.000138  0.999977  0.002117  0.006416  -0.002109  0.999997  -0.001250  -0.006419  0.001237  0.999979  1.000000  0.000026  0.000080  -0.000026  1.000000  -0.000016  -0.000080  0.000016  1.000000  1.000000  0.000286  0.000862  -0.000862  0.000138  1.000000  0.000285  -1.000000  0.000138  0.000053  0.006870  
60.161074 0.012085  0.096560  -0.008389  0.995909  0.086694  -0.025488  0.018455  0.080986  0.996544  0.088459  -0.992938  0.079055  0.008068  0.004076  0.000458  -0.045835  -0.214889  0.080032  2.000000  0.999999  0.000399  0.001195  -0.001195  0.000211  0.999999  0.000399  -1.000000  0.000211  0.999974  0.002285  0.006813  -0.002274  0.999996  -0.001579  -0.006817  0.001563  0.999976  1.000000  0.000028  0.000085  -0.000028  1.000000  -0.000020  -0.000085  0.000020  1.000000  0.999999  0.000399  0.001195  -0.001195  0.000211  0.999999  0.000399  -1.000000  0.000211  0.000058  0.007356  
60.162328 0.012098  0.096569  -0.008389  0.995908  0.086865  -0.024926  0.017839  0.081418  0.996520  0.088592  -0.992887  0.079536  0.008518  0.004433  0.000404  -0.060296  -0.235090  0.086179  2.000000  0.999999  0.000553  0.001641  -0.001641  0.000319  0.999999  0.000553  -1.000000  0.000320  0.999969  0.002603  0.007405  -0.002589  0.999995  -0.001890  -0.007409  0.001870  0.999971  1.000000  0.000032  0.000093  -0.000032  1.000000  -0.000024  -0.000093  0.000023  1.000000  0.999999  0.000553  0.001641  -0.001641  0.000319  0.999999  0.000553  -1.000000  0.000320  0.000063  0.008071  
60.163575 0.012113  0.096578  -0.008389  0.995904  0.087022  -0.024558  0.017429  0.081748  0.996501  0.088725  -0.992847  0.079896  0.008992  0.004789  0.000330  -0.075376  -0.248492  0.091785  2.000000  0.999997  0.000719  0.002127  -0.002127  0.000451  0.999998  0.000718  -1.000000  0.000453  0.999964  0.002788  0.008006  -0.002769  0.999993  -0.002322  -0.008013  0.002299  0.999965  1.000000  0.000035  0.000100  -0.000035  1.000000  -0.000029  -0.000100  0.000029  1.000000  0.999997  0.000719  0.002127  -0.002127  0.000451  0.999998  0.000718  -1.000000  0.000453  0.000068  0.008787  
60.164826 0.012128  0.096586  -0.008391  0.995902  0.087194  -0.023995  0.016814  0.082180  0.996476  0.088859  -0.992796  0.080377  0.009392  0.005074  0.000106  -0.089237  -0.275598  0.098507  2.000000  0.999996  0.000894  0.002637  -0.002638  0.000611  0.999996  0.000893  -0.999999  0.000613  0.999962  0.002808  0.008209  -0.002786  0.999993  -0.002668  -0.008217  0.002645  0.999963  1.000000  0.000035  0.000103  -0.000035  1.000000  -0.000033  -0.000103  0.000033  1.000000  0.999996  0.000894  0.002637  -0.002638  0.000611  0.999996  0.000893  -0.999999  0.000613  0.000074  0.009074  
60.166075 0.012143  0.096594  -0.008394  0.995909  0.087219  -0.023617  0.016404  0.082506  0.996456  0.088859  -0.992767  0.080738  0.009748  0.005289  -0.000237  -0.100246  -0.289307  0.099645  2.000000  0.999994  0.001078  0.003147  -0.003148  0.000793  0.999995  0.001075  -0.999999  0.000797  0.999964  0.002929  0.007993  -0.002904  0.999991  -0.003171  -0.008002  0.003147  0.999963  1.000000  0.000036  0.000100  -0.000036  1.000000  -0.000039  -0.000100  0.000039  1.000000  0.999994  0.001078  0.003147  -0.003148  0.000793  0.999995  0.001075  -0.999999  0.000797  0.000079  0.009080  
60.167321 0.012158  0.096601  -0.008399  0.995901  0.087358  -0.023465  0.016199  0.082974  0.996420  0.088992  -0.992715  0.081219  0.010072  0.005524  -0.000659  -0.115934  -0.295826  0.104755  2.000000  0.999993  0.001230  0.003551  -0.003553  0.000961  0.999993  0.001226  -0.999999  0.000965  0.999963  0.003065  0.007981  -0.003037  0.999989  -0.003535  -0.007991  0.003510  0.999962  1.000000  0.000038  0.000100  -0.000038  1.000000  -0.000044  -0.000100  0.000044  1.000000  0.999993  0.001230  0.003551  -0.003553  0.000961  0.999993  0.001226  -0.999999  0.000965  0.000083  0.009246  
60.168324 0.012170  0.096606  -0.008403  0.995895  0.087516  -0.023097  0.015788  0.083303  0.996399  0.089125  -0.992674  0.081579  0.010389  0.005629  -0.001026  -0.130396  -0.316067  0.110919  2.000000  0.999991  0.001387  0.003955  -0.003957  0.001146  0.999992  0.001382  -0.999998  0.001152  0.999963  0.003202  0.007969  -0.003172  0.999988  -0.003777  -0.007981  0.003752  0.999961  1.000000  0.000040  0.000100  -0.000040  1.000000  -0.000047  -0.000100  0.000047  1.000000  0.999991  0.001387  0.003955  -0.003957  0.001146  0.999992  0.001382  -0.999998  0.001152  0.000088  0.009377  
60.169573 0.012185  0.096612  -0.008410  0.995878  0.087805  -0.022751  0.015378  0.083754  0.996368  0.089392  -0.992610  0.082059  0.010800  0.005725  -0.001507  -0.145430  -0.329037  0.121051  2.000000  0.999989  0.001592  0.004468  -0.004471  0.001399  0.999989  0.001585  -0.999998  0.001406  0.999961  0.003222  0.008171  -0.003188  0.999986  -0.004243  -0.008185  0.004217  0.999958  1.000000  0.000040  0.000102  -0.000040  1.000000  -0.000053  -0.000102  0.000053  1.000000  0.999989  0.001592  0.004468  -0.004471  0.001399  0.999989  0.001585  -0.999998  0.001406  0.000093  0.009750  
60.170821 0.012201  0.096617  -0.008416  0.995869  0.087944  -0.022600  0.015173  0.084222  0.996332  0.089525  -0.992559  0.082539  0.011136  0.005744  -0.001950  -0.161115  -0.335544  0.126175  2.000000  0.999986  0.001800  0.004976  -0.004979  0.001678  0.999986  0.001791  -0.999997  0.001687  0.999963  0.003343  0.007954  -0.003306  0.999984  -0.004624  -0.007970  0.004597  0.999958  1.000000  0.000042  0.000100  -0.000042  1.000000  -0.000058  -0.000100  0.000058  1.000000  0.999986  0.001800  0.004976  -0.004979  0.001678  0.999986  0.001791  -0.999997  0.001687  0.000098  0.009783  
60.172070 0.012216  0.096622  -0.008424  0.995860  0.088086  -0.022438  0.014967  0.084568  0.996305  0.089658  -0.992517  0.082899  0.011410  0.005662  -0.002434  -0.170716  -0.346089  0.130762  2.000000  0.999983  0.002001  0.005456  -0.005460  0.001980  0.999983  0.001990  -0.999996  0.001991  0.999966  0.003179  0.007555  -0.003141  0.999982  -0.005021  -0.007571  0.004997  0.999959  1.000000  0.000040  0.000095  -0.000040  1.000000  -0.000063  -0.000095  0.000063  1.000000  0.999983  0.002001  0.005456  -0.005460  0.001980  0.999983  0.001990  -0.999996  0.001991  0.000103  0.009606  
60.173071 0.012229  0.096626  -0.008429  0.995851  0.088228  -0.022276  0.014762  0.084914  0.996279  0.089792  -0.992474  0.083260  0.011701  0.005662  -0.002739  -0.187827  -0.355492  0.136941  2.000000  0.999981  0.002158  0.005818  -0.005823  0.002237  0.999981  0.002145  -0.999995  0.002250  0.999970  0.003148  0.007145  -0.003110  0.999981  -0.005299  -0.007161  0.005276  0.999960  1.000000  0.000039  0.000089  -0.000039  1.000000  -0.000066  -0.000089  0.000066  1.000000  0.999981  0.002158  0.005818  -0.005823  0.002237  0.999981  0.002145  -0.999995  0.002250  0.000105  0.009430  
60.174325 0.012245  0.096630  -0.008435  0.995842  0.088368  -0.022125  0.014557  0.085381  0.996242  0.089925  -0.992422  0.083740  0.011918  0.005451  -0.003187  -0.200634  -0.348195  0.140968  2.000000  0.999978  0.002351  0.006257  -0.006263  0.002576  0.999977  0.002335  -0.999994  0.002591  0.999971  0.003134  0.006939  -0.003095  0.999980  -0.005558  -0.006957  0.005536  0.999960  1.000000  0.000039  0.000087  -0.000039  1.000000  -0.000069  -0.000087  0.000069  1.000000  0.999978  0.002351  0.006257  -0.006263  0.002576  0.999977  0.002335  -0.999994  0.002591  0.000107  0.009421  
60.175574 0.012262  0.096635  -0.008443  0.995821  0.088640  -0.021985  0.014352  0.085850  0.996205  0.090191  -0.992357  0.084220  0.012180  0.005221  -0.003668  -0.215700  -0.337732  0.148219  2.000000  0.999975  0.002509  0.006596  -0.006603  0.002867  0.999974  0.002490  -0.999993  0.002883  0.999972  0.003253  0.006722  -0.003213  0.999977  -0.005939  -0.006741  0.005917  0.999960  1.000000  0.000040  0.000084  -0.000040  1.000000  -0.000074  -0.000084  0.000074  1.000000  0.999975  0.002509  0.006596  -0.006603  0.002867  0.999974  0.002490  -0.999993  0.002883  0.000107  0.009535  
60.176820 0.012279  0.096640  -0.008451  0.995812  0.088780  -0.021834  0.014147  0.086317  0.996167  0.090325  -0.992304  0.084700  0.012405  0.004958  -0.004186  -0.232487  -0.330563  0.152212  2.000000  0.999973  0.002670  0.006919  -0.006927  0.003175  0.999971  0.002648  -0.999991  0.003194  0.999975  0.003222  0.006312  -0.003182  0.999975  -0.006338  -0.006332  0.006317  0.999960  1.000000  0.000040  0.000079  -0.000040  1.000000  -0.000079  -0.000079  0.000079  1.000000  0.999973  0.002670  0.006919  -0.006927  0.003175  0.999971  0.002648  -0.999991  0.003194  0.000108  0.009500  
60.177823 0.012293  0.096644  -0.008458  0.995803  0.088923  -0.021673  0.013941  0.086664  0.996140  0.090458  -0.992261  0.085060  0.012584  0.004728  -0.004681  -0.240553  -0.330162  0.156738  2.000000  0.999970  0.002827  0.007219  -0.007229  0.003495  0.999968  0.002802  -0.999990  0.003515  0.999977  0.003189  0.005902  -0.003151  0.999974  -0.006494  -0.005922  0.006475  0.999961  1.000000  0.000040  0.000074  -0.000040  1.000000  -0.000081  -0.000074  0.000081  1.000000  0.999970  0.002827  0.007219  -0.007229  0.003495  0.999968  0.002802  -0.999990  0.003515  0.000110  0.009330  
60.179075 0.012310  0.096649  -0.008468  0.995791  0.089045  -0.021727  0.013941  0.087149  0.996098  0.090591  -0.992208  0.085540  0.012721  0.004484  -0.005259  -0.259981  -0.319048  0.156959  2.000000  0.999967  0.003020  0.007567  -0.007579  0.003908  0.999964  0.002991  -0.999988  0.003931  0.999981  0.003006  0.005299  -0.002971  0.999973  -0.006668  -0.005318  0.006652  0.999964  1.000000  0.000037  0.000066  -0.000037  1.000000  -0.000083  -0.000066  0.000083  1.000000  0.999967  0.003020  0.007567  -0.007579  0.003908  0.999964  0.002991  -0.999988  0.003931  0.000110  0.009026  
60.180323 0.012326  0.096652  -0.008479  0.995781  0.089183  -0.021588  0.013736  0.087736  0.996049  0.090724  -0.992144  0.086141  0.012799  0.004159  -0.005837  -0.274755  -0.309750  0.155322  2.000000  0.999964  0.003208  0.007883  -0.007896  0.004334  0.999959  0.003173  -0.999985  0.004359  0.999984  0.002974  0.004888  -0.002940  0.999972  -0.006946  -0.004909  0.006931  0.999964  1.000000  0.000037  0.000061  -0.000037  1.000000  -0.000087  -0.000061  0.000087  1.000000  0.999964  0.003208  0.007883  -0.007896  0.004334  0.999959  0.003173  -0.999985  0.004359  0.000110  0.008994  
60.181345 0.012339  0.096656  -0.008488  0.995772  0.089326  -0.021427  0.013531  0.088082  0.996021  0.090858  -0.992100  0.086501  0.012924  0.003990  -0.006265  -0.286002  -0.298526  0.150879  2.000000  0.999961  0.003354  0.008119  -0.008135  0.004683  0.999956  0.003316  -0.999983  0.004710  0.999985  0.002958  0.004683  -0.002925  0.999971  -0.007085  -0.004703  0.007071  0.999964  1.000000  0.000037  0.000059  -0.000037  1.000000  -0.000088  -0.000059  0.000088  1.000000  0.999961  0.003354  0.008119  -0.008135  0.004683  0.999956  0.003316  -0.999983  0.004710  0.000108  0.008987  
60.182575 0.012355  0.096660  -0.008500  0.995760  0.089448  -0.021482  0.013531  0.088567  0.995978  0.090991  -0.992046  0.086981  0.012956  0.003772  -0.006768  -0.300224  -0.278453  0.144888  2.000000  0.999959  0.003499  0.008348  -0.008365  0.005044  0.999952  0.003457  -0.999981  0.005073  0.999986  0.002810  0.004489  -0.002777  0.999970  -0.007223  -0.004509  0.007211  0.999964  1.000000  0.000035  0.000056  -0.000035  1.000000  -0.000090  -0.000056  0.000090  1.000000  0.999959  0.003499  0.008348  -0.008365  0.005044  0.999952  0.003457  -0.999981  0.005073  0.000108  0.008951  
60.183816 0.012370  0.096664  -0.008511  0.995748  0.089568  -0.021548  0.013531  0.089173  0.995924  0.091124  -0.991981  0.087582  0.012930  0.003652  -0.007015  -0.315166  -0.262142  0.147124  2.000000  0.999957  0.003642  0.008556  -0.008575  0.005417  0.999949  0.003596  -0.999979  0.005448  0.999988  0.002776  0.004078  -0.002745  0.999967  -0.007623  -0.004099  0.007612  0.999963  1.000000  0.000035  0.000051  -0.000035  1.000000  -0.000095  -0.000051  0.000095  1.000000  0.999957  0.003642  0.008556  -0.008575  0.005417  0.999949  0.003596  -0.999979  0.005448  0.000109  0.009076  
60.184823 0.012382  0.096668  -0.008519  0.995750  0.089578  -0.021375  0.013326  0.089517  0.995896  0.091124  -0.991949  0.087943  0.012900  0.003643  -0.007237  -0.327119  -0.250890  0.142766  2.000000  0.999955  0.003786  0.008751  -0.008773  0.005796  0.999945  0.003735  -0.999976  0.005829  0.999989  0.002760  0.003873  -0.002730  0.999967  -0.007641  -0.003894  0.007630  0.999963  1.000000  0.000034  0.000049  -0.000034  1.000000  -0.000095  -0.000049  0.000095  1.000000  0.999955  0.003786  0.008751  -0.008773  0.005796  0.999945  0.003735  -0.999976  0.005829  0.000108  0.008995  
60.186069 0.012396  0.096672  -0.008530  0.995726  0.089831  -0.021453  0.013325  0.090125  0.995841  0.091391  -0.991871  0.088542  0.012798  0.003552  -0.007445  -0.338360  -0.227963  0.144433  2.000000  0.999952  0.003965  0.008968  -0.008993  0.006278  0.999940  0.003909  -0.999972  0.006313  0.999991  0.002708  0.003258  -0.002682  0.999966  -0.007816  -0.003279  0.007807  0.999964  1.000000  0.000034  0.000041  -0.000034  1.000000  -0.000098  -0.000041  0.000098  1.000000  0.999952  0.003965  0.008968  -0.008993  0.006278  0.999940  0.003909  -0.999972  0.006313  0.000109  0.008887  
60.187069 0.012407  0.096675  -0.008538  0.995726  0.089823  -0.021486  0.013325  0.090487  0.995808  0.091391  -0.991839  0.088903  0.012722  0.003587  -0.007603  -0.343615  -0.215050  0.134472  2.000000  0.999950  0.004110  0.009122  -0.009149  0.006669  0.999936  0.004049  -0.999969  0.006707  0.999991  0.002824  0.003041  -0.002800  0.999965  -0.007834  -0.003063  0.007826  0.999965  1.000000  0.000035  0.000038  -0.000035  1.000000  -0.000098  -0.000038  0.000098  1.000000  0.999950  0.004110  0.009122  -0.009149  0.006669  0.999936  0.004049  -0.999969  0.006707  0.000107  0.008862  
60.188071 0.012419  0.096679  -0.008546  0.995714  0.089945  -0.021542  0.013325  0.090972  0.995764  0.091524  -0.991783  0.089383  0.012644  0.003572  -0.007866  -0.356766  -0.196351  0.134042  2.000000  0.999948  0.004253  0.009257  -0.009287  0.007066  0.999932  0.004187  -0.999966  0.007105  0.999993  0.002789  0.002631  -0.002768  0.999964  -0.007992  -0.002654  0.007984  0.999965  1.000000  0.000035  0.000033  -0.000035  1.000000  -0.000100  -0.000033  0.000100  1.000000  0.999948  0.004253  0.009257  -0.009287  0.007066  0.999932  0.004187  -0.999966  0.007105  0.000107  0.008861  
60.189320 0.012432  0.096684  -0.008557  0.995704  0.090086  -0.021392  0.013120  0.091438  0.995724  0.091657  -0.991728  0.089863  0.012457  0.003582  -0.008103  -0.362214  -0.187712  0.132322  2.000000  0.999946  0.004427  0.009413  -0.009446  0.007568  0.999927  0.004356  -0.999962  0.007610  0.999993  0.002772  0.002425  -0.002752  0.999963  -0.008131  -0.002448  0.008124  0.999964  1.000000  0.000035  0.000030  -0.000035  1.000000  -0.000102  -0.000030  0.000102  1.000000  0.999946  0.004427  0.009413  -0.009446  0.007568  0.999927  0.004356  -0.999962  0.007610  0.000107  0.008923  
60.190571 0.012445  0.096689  -0.008568  0.995704  0.090073  -0.021447  0.013120  0.092042  0.995669  0.091657  -0.991673  0.090465  0.012217  0.003578  -0.008343  -0.371509  -0.174398  0.126801  2.000000  0.999944  0.004563  0.009526  -0.009562  0.007976  0.999922  0.004487  -0.999958  0.008019  0.999994  0.002621  0.002232  -0.002603  0.999962  -0.008270  -0.002254  0.008264  0.999963  1.000000  0.000033  0.000028  -0.000033  1.000000  -0.000103  -0.000028  0.000103  1.000000  0.999944  0.004563  0.009526  -0.009562  0.007976  0.999922  0.004487  -0.999958  0.008019  0.000107  0.008956  
60.191839 0.012458  0.096694  -0.008580  0.995695  0.090212  -0.021309  0.012915  0.092629  0.995617  0.091790  -0.991606  0.091065  0.011897  0.003581  -0.008607  -0.379626  -0.162315  0.122206  2.000000  0.999942  0.004722  0.009651  -0.009691  0.008497  0.999917  0.004640  -0.999953  0.008542  0.999995  0.002471  0.002038  -0.002454  0.999962  -0.008409  -0.002059  0.008404  0.999963  1.000000  0.000031  0.000026  -0.000031  1.000000  -0.000105  -0.000026  0.000105  1.000000  0.999942  0.004722  0.009651  -0.009691  0.008497  0.999917  0.004640  -0.999953  0.008542  0.000108  0.008996  
60.193073 0.012472  0.096699  -0.008591  0.995695  0.090199  -0.021364  0.012915  0.093233  0.995561  0.091790  -0.991550  0.091667  0.011690  0.003604  -0.008726  -0.386057  -0.147400  0.120176  2.000000  0.999941  0.004848  0.009747  -0.009790  0.008925  0.999912  0.004760  -0.999948  0.008972  0.999996  0.002320  0.001845  -0.002304  0.999960  -0.008670  -0.001865  0.008666  0.999961  1.000000  0.000029  0.000023  -0.000029  1.000000  -0.000108  -0.000023  0.000108  1.000000  0.999941  0.004848  0.009747  -0.009790  0.008925  0.999912  0.004760  -0.999948  0.008972  0.000108  0.009161  
60.194074 0.012483  0.096703  -0.008599  0.995685  0.090341  -0.021215  0.012710  0.093699  0.995519  0.091924  -0.991493  0.092147  0.011523  0.003648  -0.008771  -0.394589  -0.134847  0.120051  2.000000  0.999939  0.004971  0.009842  -0.009888  0.009362  0.999907  0.004879  -0.999944  0.009410  0.999996  0.002321  0.001844  -0.002305  0.999959  -0.008791  -0.001864  0.008787  0.999960  1.000000  0.000029  0.000023  -0.000029  1.000000  -0.000110  -0.000023  0.000110  1.000000  0.999939  0.004971  0.009842  -0.009888  0.009362  0.999907  0.004879  -0.999944  0.009410  0.000108  0.009275  
60.195327 0.012496  0.096709  -0.008609  0.995675  0.090480  -0.021077  0.012504  0.094286  0.995467  0.092057  -0.991425  0.092747  0.011283  0.003778  -0.008656  -0.399230  -0.127900  0.119512  2.000000  0.999937  0.005123  0.009952  -0.010003  0.009916  0.999901  0.005024  -0.999938  0.009966  0.999996  0.002322  0.001842  -0.002306  0.999958  -0.008912  -0.001863  0.008908  0.999959  1.000000  0.000029  0.000023  -0.000029  1.000000  -0.000111  -0.000023  0.000111  1.000000  0.999937  0.005123  0.009952  -0.010003  0.009916  0.999901  0.005024  -0.999938  0.009966  0.000109  0.009390  
60.196577 0.012509  0.096715  -0.008617  0.995663  0.090600  -0.021144  0.012504  0.094891  0.995409  0.092190  -0.991356  0.093347  0.011115  0.003918  -0.008422  -0.405135  -0.120129  0.118138  2.000000  0.999936  0.005271  0.010058  -0.010112  0.010478  0.999894  0.005165  -0.999931  0.010530  0.999996  0.002171  0.001649  -0.002156  0.999957  -0.009051  -0.001669  0.009048  0.999958  1.000000  0.000027  0.000021  -0.000027  1.000000  -0.000113  -0.000021  0.000113  1.000000  0.999936  0.005271  0.010058  -0.010112  0.010478  0.999894  0.005165  -0.999931  0.010530  0.000110  0.009451  
60.197822 0.012522  0.096721  -0.008624  0.995656  0.090761  -0.020791  0.012094  0.095338  0.995371  0.092323  -0.991299  0.093827  0.010964  0.004054  -0.008135  -0.408679  -0.119935  0.118048  2.000000  0.999934  0.005413  0.010158  -0.010217  0.011040  0.999887  0.005300  -0.999924  0.011095  0.999996  0.002172  0.001648  -0.002157  0.999957  -0.009051  -0.001668  0.009047  0.999958  1.000000  0.000027  0.000021  -0.000027  1.000000  -0.000113  -0.000021  0.000113  1.000000  0.999934  0.005413  0.010158  -0.010217  0.011040  0.999887  0.005300  -0.999924  0.011095  0.000111  0.009451  
60.199074 0.012535  0.096726  -0.008633  0.995646  0.090901  -0.020654  0.011889  0.095925  0.995318  0.092456  -0.991229  0.094427  0.010762  0.004079  -0.007965  -0.412680  -0.113992  0.118490  2.000000  0.999932  0.005528  0.010246  -0.010309  0.011494  0.999881  0.005410  -0.999919  0.011550  0.999996  0.002192  0.001851  -0.002175  0.999956  -0.009153  -0.001871  0.009149  0.999956  1.000000  0.000027  0.000023  -0.000027  1.000000  -0.000114  -0.000023  0.000114  1.000000  0.999932  0.005528  0.010246  -0.010309  0.011494  0.999881  0.005410  -0.999919  0.011550  0.000111  0.009591  
60.200075 0.012545  0.096730  -0.008638  0.995636  0.091043  -0.020506  0.011684  0.096391  0.995275  0.092590  -0.991171  0.094906  0.010696  0.004096  -0.007780  -0.417308  -0.107061  0.117908  2.000000  0.999931  0.005643  0.010339  -0.010406  0.011952  0.999874  0.005518  -0.999913  0.012010  0.999995  0.002212  0.002054  -0.002193  0.999955  -0.009256  -0.002074  0.009251  0.999955  1.000000  0.000028  0.000026  -0.000028  1.000000  -0.000116  -0.000026  0.000116  1.000000  0.999931  0.005643  0.010339  -0.010406  0.011952  0.999874  0.005518  -0.999913  0.012010  0.000112  0.009734  
60.201320 0.012557  0.096735  -0.008645  0.995626  0.091183  -0.020369  0.011479  0.096977  0.995220  0.092723  -0.991101  0.095506  0.010576  0.004095  -0.007579  -0.422014  -0.106139  0.117009  2.000000  0.999929  0.005783  0.010462  -0.010534  0.012529  0.999866  0.005651  -0.999905  0.012589  0.999996  0.002080  0.002065  -0.002061  0.999955  -0.009256  -0.002085  0.009251  0.999955  1.000000  0.000026  0.000026  -0.000026  1.000000  -0.000116  -0.000026  0.000116  1.000000  0.999929  0.005783  0.010462  -0.010534  0.012529  0.999866  0.005651  -0.999905  0.012589  0.000113  0.009707  
60.202325 0.012567  0.096739  -0.008650  0.995630  0.091214  -0.020003  0.011069  0.097423  0.995182  0.092723  -0.991054  0.095987  0.010434  0.004136  -0.007329  -0.425077  -0.120182  0.113915  2.000000  0.999927  0.005897  0.010571  -0.010646  0.012994  0.999859  0.005759  -0.999898  0.013056  0.999995  0.002101  0.002268  -0.002080  0.999954  -0.009358  -0.002288  0.009353  0.999954  1.000000  0.000026  0.000028  -0.000026  1.000000  -0.000117  -0.000028  0.000117  1.000000  0.999927  0.005897  0.010571  -0.010646  0.012994  0.999859  0.005759  -0.999898  0.013056  0.000114  0.009853  
60.203568 0.012578  0.096744  -0.008657  0.995620  0.091354  -0.019867  0.010864  0.098009  0.995126  0.092856  -0.990984  0.096587  0.010315  0.004218  -0.007096  -0.429526  -0.113658  0.108867  2.000000  0.999924  0.006039  0.010714  -0.010795  0.013574  0.999850  0.005893  -0.999890  0.013638  0.999995  0.002122  0.002471  -0.002099  0.999954  -0.009339  -0.002491  0.009334  0.999953  1.000000  0.000026  0.000031  -0.000026  1.000000  -0.000117  -0.000031  0.000117  1.000000  0.999924  0.006039  0.010714  -0.010795  0.013574  0.999850  0.005893  -0.999890  0.013638  0.000115  0.009888  
60.204650 0.012587  0.096748  -0.008662  0.995612  0.091518  -0.019514  0.010454  0.098455  0.995087  0.092989  -0.990924  0.097067  0.010146  0.004230  -0.006778  -0.431280  -0.121084  0.110156  2.000000  0.999923  0.006126  0.010810  -0.010894  0.013921  0.999844  0.005975  -0.999884  0.013987  0.999994  0.002277  0.002661  -0.002252  0.999954  -0.009320  -0.002682  0.009314  0.999953  1.000000  0.000028  0.000033  -0.000028  1.000000  -0.000116  -0.000033  0.000116  1.000000  0.999923  0.006126  0.010810  -0.010894  0.013921  0.999844  0.005975  -0.999884  0.013987  0.000116  0.009954  
60.205816 0.012599  0.096754  -0.008668  0.995589  0.091794  -0.019380  0.010249  0.098922  0.995042  0.093256  -0.990852  0.097545  0.010091  0.004302  -0.006489  -0.432528  -0.120974  0.115020  2.000000  0.999921  0.006245  0.010948  -0.011037  0.014389  0.999836  0.006087  -0.999877  0.014457  0.999993  0.002431  0.002851  -0.002404  0.999953  -0.009422  -0.002874  0.009415  0.999952  1.000000  0.000030  0.000036  -0.000030  1.000000  -0.000118  -0.000036  0.000118  1.000000  0.999921  0.006245  0.010948  -0.011037  0.014389  0.999836  0.006087  -0.999877  0.014457  0.000116  0.010137  
60.206819 0.012608  0.096759  -0.008672  0.995579  0.091937  -0.019233  0.010043  0.099387  0.994998  0.093389  -0.990792  0.098024  0.009989  0.004338  -0.006169  -0.436208  -0.126685  0.114691  2.000000  0.999919  0.006339  0.011058  -0.011151  0.014744  0.999829  0.006174  -0.999871  0.014813  0.999992  0.002452  0.003054  -0.002423  0.999952  -0.009525  -0.003077  0.009517  0.999950  1.000000  0.000030  0.000038  -0.000030  1.000000  -0.000119  -0.000038  0.000119  1.000000  0.999919  0.006339  0.011058  -0.011151  0.014744  0.999829  0.006174  -0.999871  0.014813  0.000117  0.010295  
60.207825 0.012617  0.096764  -0.008675  0.995571  0.092102  -0.018881  0.009633  0.099833  0.994958  0.093522  -0.990732  0.098504  0.009856  0.004430  -0.005692  -0.439201  -0.134548  0.116348  2.000000  0.999916  0.006465  0.011219  -0.011316  0.015219  0.999820  0.006293  -0.999863  0.015291  0.999991  0.002494  0.003461  -0.002461  0.999951  -0.009608  -0.003484  0.009599  0.999948  1.000000  0.000031  0.000043  -0.000031  1.000000  -0.000120  -0.000043  0.000120  1.000000  0.999916  0.006465  0.011219  -0.011316  0.015219  0.999820  0.006293  -0.999863  0.015291  0.000118  0.010509  
60.208826 0.012626  0.096770  -0.008677  0.995560  0.092246  -0.018734  0.009428  0.100298  0.994913  0.093655  -0.990672  0.098983  0.009706  0.004494  -0.005295  -0.442613  -0.141355  0.117041  2.000000  0.999913  0.006593  0.011395  -0.011497  0.015697  0.999811  0.006413  -0.999855  0.015772  0.999990  0.002383  0.003677  -0.002348  0.999951  -0.009589  -0.003699  0.009580  0.999947  1.000000  0.000030  0.000046  -0.000030  1.000000  -0.000120  -0.000046  0.000120  1.000000  0.999913  0.006593  0.011395  -0.011497  0.015697  0.999811  0.006413  -0.999855  0.015772  0.000119  0.010538  
60.210070 0.012637  0.096777  -0.008680  0.995564  0.092276  -0.018380  0.009018  0.100864  0.994859  0.093655  -0.990612  0.099584  0.009557  0.004592  -0.004839  -0.442379  -0.147350  0.112352  2.000000  0.999909  0.006758  0.011636  -0.011744  0.016293  0.999798  0.006567  -0.999844  0.016371  0.999988  0.002559  0.004070  -0.002520  0.999951  -0.009551  -0.004094  0.009541  0.999946  1.000000  0.000032  0.000051  -0.000032  1.000000  -0.000119  -0.000051  0.000119  1.000000  0.999909  0.006758  0.011636  -0.011744  0.016293  0.999798  0.006567  -0.999844  0.016371  0.000120  0.010688  
60.211324 0.012648  0.096783  -0.008682  0.995555  0.092439  -0.018040  0.008608  0.101430  0.994805  0.093789  -0.990539  0.100184  0.009373  0.004658  -0.004441  -0.446042  -0.154185  0.113142  2.000000  0.999905  0.006922  0.011889  -0.012005  0.016889  0.999785  0.006720  -0.999833  0.016970  0.999988  0.002582  0.004272  -0.002541  0.999951  -0.009532  -0.004297  0.009521  0.999945  1.000000  0.000032  0.000054  -0.000032  1.000000  -0.000119  -0.000054  0.000119  1.000000  0.999905  0.006922  0.011889  -0.012005  0.016889  0.999785  0.006720  -0.999833  0.016970  0.000122  0.010755  
60.212574 0.012658  0.096790  -0.008684  0.995546  0.092600  -0.017711  0.008198  0.102117  0.994739  0.093922  -0.990453  0.100903  0.009178  0.004716  -0.004075  -0.452526  -0.167612  0.114446  2.000000  0.999901  0.007093  0.012165  -0.012288  0.017486  0.999772  0.006878  -0.999822  0.017571  0.999986  0.002739  0.004461  -0.002696  0.999950  -0.009634  -0.004487  0.009622  0.999944  1.000000  0.000034  0.000056  -0.000034  1.000000  -0.000120  -0.000056  0.000120  1.000000  0.999901  0.007093  0.012165  -0.012288  0.017486  0.999772  0.006878  -0.999822  0.017571  0.000124  0.010959  
60.213823 0.012667  0.096797  -0.008686  0.995551  0.092653  -0.017153  0.007583  0.102663  0.994687  0.093922  -0.990392  0.101504  0.008995  0.004814  -0.003616  -0.454992  -0.183078  0.112331  2.000000  0.999896  0.007263  0.012457  -0.012586  0.018079  0.999757  0.007036  -0.999810  0.018169  0.999985  0.002650  0.004881  -0.002604  0.999952  -0.009475  -0.004905  0.009462  0.999943  1.000000  0.000033  0.000061  -0.000033  1.000000  -0.000118  -0.000061  0.000118  1.000000  0.999896  0.007263  0.012457  -0.012586  0.018079  0.999757  0.007036  -0.999810  0.018169  0.000125  0.010977  
60.215072 0.012677  0.096803  -0.008688  0.995541  0.092816  -0.016825  0.007173  0.103350  0.994619  0.094055  -0.990305  0.102223  0.008758  0.004864  -0.003309  -0.458061  -0.195115  0.112828  2.000000  0.999892  0.007401  0.012705  -0.012841  0.018555  0.999745  0.007164  -0.999800  0.018648  0.999984  0.002674  0.005083  -0.002625  0.999951  -0.009576  -0.005108  0.009563  0.999941  1.000000  0.000033  0.000064  -0.000033  1.000000  -0.000120  -0.000064  0.000120  1.000000  0.999892  0.007401  0.012705  -0.012841  0.018555  0.999745  0.007164  -0.999800  0.018648  0.000126  0.011161  
60.216325 0.012685  0.096808  -0.008688  0.995530  0.092959  -0.016690  0.006968  0.103935  0.994560  0.094188  -0.990230  0.102823  0.008490  0.004933  -0.002841  -0.461453  -0.201858  0.113594  2.000000  0.999886  0.007576  0.013034  -0.013178  0.019156  0.999730  0.007324  -0.999788  0.019254  0.999982  0.002699  0.005285  -0.002648  0.999950  -0.009678  -0.005311  0.009664  0.999939  1.000000  0.000033  0.000066  -0.000033  1.000000  -0.000121  -0.000066  0.000121  1.000000  0.999886  0.007576  0.013034  -0.013178  0.019156  0.999730  0.007324  -0.999788  0.019254  0.000129  0.011347  
60.217572 0.012693  0.096814  -0.008690  0.995520  0.093125  -0.016351  0.006558  0.104501  0.994503  0.094321  -0.990155  0.103422  0.008243  0.004928  -0.002560  -0.459889  -0.217169  0.116005  2.000000  0.999880  0.007751  0.013376  -0.013527  0.019757  0.999713  0.007485  -0.999775  0.019860  0.999980  0.002744  0.005691  -0.002689  0.999950  -0.009640  -0.005717  0.009624  0.999937  1.000000  0.000034  0.000071  -0.000034  1.000000  -0.000120  -0.000071  0.000120  1.000000  0.999880  0.007751  0.013376  -0.013527  0.019757  0.999713  0.007485  -0.999775  0.019860  0.000130  0.011519  
60.218820 0.012700  0.096819  -0.008691  0.995510  0.093290  -0.016011  0.006148  0.105066  0.994446  0.094455  -0.990080  0.104021  0.007940  0.004928  -0.002120  -0.459208  -0.223950  0.116806  2.000000  0.999874  0.007926  0.013733  -0.013892  0.020356  0.999696  0.007644  -0.999761  0.020464  0.999979  0.002769  0.005893  -0.002712  0.999950  -0.009620  -0.005919  0.009604  0.999936  1.000000  0.000034  0.000074  -0.000034  1.000000  -0.000120  -0.000074  0.000120  1.000000  0.999874  0.007926  0.013733  -0.013892  0.020356  0.999696  0.007644  -0.999761  0.020464  0.000132  0.011610  
