1-Time 2-Px 3-Py 4-Pz 5-R11 6-R21 7-R31 8-R12 9-R22 10-R32 11-R13 12-R23 13-R33 14-Vx 15-Vy 16-Vz 17-Wx 18-Wy 19-Wz 20-state 21-PR11 22-PR21 23-PR31 24-PR12 25-PR22 26-PR32 27-PR13 28-PR23 29-PR33 
262.737328 -0.000563  0.089539  -0.001585  0.988799  0.133465  0.066810  -0.135808  0.990224  0.031829  -0.061909  -0.040545  0.997258  0.000013  -0.000045  0.000021  0.000000  0.000000  0.000000  2.000000  1.000000  0.000000  0.000000  -0.000000  1.000000  0.000000  0.000000  -0.000000  1.000000  1.000000  0.000000  -0.000000  0.000000  1.000000  0.000000  0.000000  0.000000  1.000000  1.000000  0.000000  0.000000  0.000000  1.000000  0.000000  0.000000  0.000000  1.000000  0.625034  0.547345  -0.556548  -0.493355  0.829516  0.261734  0.604924  0.110983  0.788511  0.000000  0.000000  
262.738336 -0.000564  0.089538  -0.001585  0.988771  0.133669  0.066817  -0.136012  0.990196  0.031815  -0.061909  -0.040545  0.997258  -0.000011  -0.000093  0.000012  0.000000  0.000000  0.000000  2.000000  1.000000  0.000000  0.000000  0.000000  1.000000  0.000000  0.000000  0.000000  1.000000  1.000000  0.000000  -0.000000  0.000000  1.000000  0.000000  0.000000  0.000000  1.000000  1.000000  0.000000  0.000000  0.000000  1.000000  0.000000  0.000000  0.000000  1.000000  1.000000  0.000000  0.000000  0.000000  1.000000  0.000000  0.000000  0.000000  1.000000  0.000000  0.000000  
262.739584 -0.000565  0.089535  -0.001586  0.988650  0.134479  0.066975  -0.136825  0.990087  0.031741  -0.062043  -0.040545  0.997250  -0.000131  -0.000293  -0.000084  0.000000  0.000000  0.000000  2.000000  1.000000  0.000000  0.000000  0.000000  1.000000  0.000000  0.000000  0.000000  1.000000  1.000000  0.000816  0.000167  -0.000816  1.000000  -0.000051  -0.000167  0.000051  1.000000  1.000000  0.000000  0.000000  0.000000  1.000000  0.000000  0.000000  0.000000  1.000000  1.000000  0.000000  0.000000  0.000000  1.000000  0.000000  0.000000  0.000000  1.000000  0.000000  0.000000  
262.740837 -0.000567  0.089531  -0.001588  0.988456  0.135678  0.067427  -0.138042  0.989918  0.031723  -0.062443  -0.040665  0.997220  -0.000256  -0.000566  -0.000211  0.000000  0.000000  0.000000  2.000000  1.000000  0.000000  0.000000  0.000000  1.000000  0.000000  0.000000  0.000000  1.000000  0.999998  0.001831  0.000476  -0.001831  0.999998  0.000006  -0.000476  -0.000007  1.000000  1.000000  0.000000  0.000000  0.000000  1.000000  0.000000  0.000000  0.000000  1.000000  1.000000  0.000000  0.000000  0.000000  1.000000  0.000000  0.000000  0.000000  1.000000  0.000000  0.000000  
262.742084 -0.000568  0.089527  -0.001590  0.988288  0.136672  0.067873  -0.139056  0.989776  0.031718  -0.062844  -0.040785  0.997190  -0.000349  -0.000815  -0.000319  0.000000  0.000000  0.000000  2.000000  1.000000  0.000000  0.000000  0.000000  1.000000  0.000000  0.000000  0.000000  1.000000  0.999995  0.003047  0.000928  -0.003047  0.999995  0.000049  -0.000928  -0.000052  1.000000  1.000000  0.000000  0.000000  0.000000  1.000000  0.000000  0.000000  0.000000  1.000000  1.000000  0.000000  0.000000  0.000000  1.000000  0.000000  0.000000  0.000000  1.000000  0.000000  0.000000  
262.743085 -0.000569  0.089524  -0.001591  0.988194  0.137270  0.068041  -0.139665  0.989689  0.031778  -0.062977  -0.040906  0.997176  -0.000412  -0.001038  -0.000406  0.000000  0.000000  0.000000  2.000000  1.000000  0.000000  0.000000  0.000000  1.000000  0.000000  0.000000  0.000000  1.000000  0.999993  0.003652  0.001220  -0.003652  0.999993  0.000009  -0.001220  -0.000013  0.999999  1.000000  0.000000  0.000000  0.000000  1.000000  0.000000  0.000000  0.000000  1.000000  1.000000  0.000000  0.000000  0.000000  1.000000  0.000000  0.000000  0.000000  1.000000  0.000000  0.000000  
262.744334 -0.000571  0.089520  -0.001592  0.988099  0.137867  0.068210  -0.140275  0.989601  0.031837  -0.063111  -0.041026  0.997163  -0.000557  -0.001326  -0.000459  0.000000  0.000000  0.000000  2.000000  1.000000  0.000000  0.000000  0.000000  1.000000  0.000000  0.000000  0.000000  1.000000  0.999990  0.004262  0.001380  -0.004262  0.999991  0.000212  -0.001379  -0.000218  0.999999  1.000000  0.000000  0.000000  0.000000  1.000000  0.000000  0.000000  0.000000  1.000000  1.000000  0.000000  0.000000  0.000000  1.000000  0.000000  0.000000  0.000000  1.000000  0.000000  0.000000  
262.745336 -0.000573  0.089517  -0.001593  0.988021  0.138476  0.068114  -0.140886  0.989511  0.031934  -0.062977  -0.041147  0.997166  -0.000660  -0.001497  -0.000505  0.009580  -0.043002  0.170990  2.000000  1.000000  0.000000  0.000000  0.000000  1.000000  0.000000  0.000000  0.000000  1.000000  0.999987  0.004883  0.001272  -0.004883  0.999988  0.000295  -0.001271  -0.000301  0.999999  1.000000  0.000000  0.000000  0.000000  1.000000  0.000000  0.000000  0.000000  1.000000  1.000000  0.000000  0.000000  0.000000  1.000000  0.000000  0.000000  0.000000  1.000000  0.000000  0.000000  
262.746589 -0.000575  0.089514  -0.001594  0.987884  0.139491  0.068032  -0.141904  0.989363  0.032003  -0.062844  -0.041269  0.997170  -0.000794  -0.001691  -0.000570  0.011418  -0.039616  0.204021  2.000000  1.000000  0.000344  0.000076  -0.000344  1.000000  0.000019  -0.000076  -0.000019  1.000000  0.999982  0.005915  0.001181  -0.005915  0.999982  0.000352  -0.001179  -0.000359  0.999999  1.000000  0.000074  0.000015  -0.000074  1.000000  0.000004  -0.000015  -0.000004  1.000000  1.000000  0.000344  0.000076  -0.000344  1.000000  0.000019  -0.000076  -0.000019  1.000000  0.000051  0.006042  
262.747835 -0.000577  0.089511  -0.001595  0.987678  0.140900  0.068112  -0.143328  0.989153  0.032144  -0.062844  -0.041511  0.997160  -0.000921  -0.001869  -0.000678  0.016644  -0.041953  0.253992  2.000000  1.000000  0.000762  0.000152  -0.000762  1.000000  0.000043  -0.000152  -0.000043  1.000000  0.999974  0.007147  0.001232  -0.007147  0.999974  0.000395  -0.001230  -0.000404  0.999999  1.000000  0.000089  0.000015  -0.000089  1.000000  0.000005  -0.000015  -0.000005  1.000000  1.000000  0.000762  0.000152  -0.000762  1.000000  0.000043  -0.000152  -0.000043  1.000000  0.000061  0.007263  
262.749085 -0.000578  0.089508  -0.001596  0.987484  0.142103  0.068433  -0.144545  0.988976  0.032142  -0.063111  -0.041631  0.997138  -0.001034  -0.002090  -0.000764  0.018089  -0.052654  0.294979  2.000000  0.999999  0.001263  0.000239  -0.001263  0.999999  0.000073  -0.000239  -0.000074  1.000000  0.999962  0.008572  0.001561  -0.008573  0.999963  0.000544  -0.001556  -0.000558  0.999999  1.000000  0.000107  0.000019  -0.000107  1.000000  0.000007  -0.000019  -0.000007  1.000000  0.999999  0.001263  0.000239  -0.001263  0.999999  0.000073  -0.000239  -0.000074  1.000000  0.000073  0.008731  
262.750090 -0.000579  0.089506  -0.001597  0.987309  0.143096  0.068879  -0.145558  0.988828  0.032133  -0.063512  -0.041751  0.997107  -0.001063  -0.002212  -0.000802  0.019933  -0.067560  0.328852  2.000000  0.999998  0.001719  0.000327  -0.001719  0.999999  0.000099  -0.000327  -0.000100  1.000000  0.999952  0.009588  0.001870  -0.009588  0.999954  0.000477  -0.001866  -0.000494  0.999998  1.000000  0.000120  0.000023  -0.000120  1.000000  0.000006  -0.000023  -0.000006  1.000000  0.999998  0.001719  0.000327  -0.001719  0.999999  0.000099  -0.000327  -0.000100  1.000000  0.000082  0.009781  
262.751350 -0.000580  0.089504  -0.001596  0.987103  0.144292  0.069332  -0.146773  0.988649  0.032109  -0.063912  -0.041871  0.997077  -0.001148  -0.002391  -0.000743  0.021323  -0.082735  0.369538  2.000000  0.999997  0.002361  0.000462  -0.002361  0.999997  0.000134  -0.000462  -0.000135  1.000000  0.999939  0.010802  0.002323  -0.010804  0.999942  0.000515  -0.002318  -0.000540  0.999997  1.000000  0.000135  0.000029  -0.000135  1.000000  0.000007  -0.000029  -0.000007  1.000000  0.999997  0.002361  0.000462  -0.002361  0.999997  0.000134  -0.000462  -0.000135  1.000000  0.000093  0.011062  
262.752590 -0.000581  0.089501  -0.001595  0.986874  0.145706  0.069642  -0.148193  0.988442  0.031969  -0.064179  -0.041870  0.997060  -0.001200  -0.002574  -0.000656  0.018229  -0.093749  0.417606  2.000000  0.999995  0.002944  0.000594  -0.002945  0.999996  0.000163  -0.000593  -0.000165  1.000000  0.999921  0.012222  0.002785  -0.012224  0.999925  0.000538  -0.002778  -0.000572  0.999996  1.000000  0.000153  0.000035  -0.000153  1.000000  0.000007  -0.000035  -0.000007  1.000000  0.999995  0.002944  0.000594  -0.002945  0.999996  0.000163  -0.000593  -0.000165  1.000000  0.000105  0.012548  
262.753843 -0.000584  0.089496  -0.001595  0.986681  0.146913  0.069831  -0.149411  0.988258  0.031983  -0.064313  -0.041991  0.997046  -0.001356  -0.002725  -0.000575  0.019656  -0.099974  0.458778  2.000000  0.999993  0.003594  0.000739  -0.003594  0.999994  0.000193  -0.000739  -0.000195  1.000000  0.999905  0.013448  0.002971  -0.013450  0.999909  0.000578  -0.002963  -0.000618  0.999995  1.000000  0.000168  0.000037  -0.000168  1.000000  0.000007  -0.000037  -0.000007  1.000000  0.999993  0.003594  0.000739  -0.003594  0.999994  0.000193  -0.000739  -0.000195  1.000000  0.000116  0.013786  
262.755085 -0.000588  0.089490  -0.001595  0.986488  0.148119  0.070021  -0.150628  0.988073  0.031996  -0.064446  -0.042111  0.997032  -0.001481  -0.002911  -0.000547  0.021081  -0.106223  0.500036  2.000000  0.999990  0.004478  0.000933  -0.004478  0.999990  0.000229  -0.000932  -0.000234  1.000000  0.999887  0.014674  0.003157  -0.014676  0.999892  0.000617  -0.003148  -0.000663  0.999995  1.000000  0.000183  0.000039  -0.000183  1.000000  0.000008  -0.000039  -0.000008  1.000000  0.999990  0.004478  0.000933  -0.004478  0.999990  0.000229  -0.000932  -0.000234  1.000000  0.000126  0.015024  
262.756339 -0.000591  0.089484  -0.001596  0.986324  0.149122  0.070204  -0.151642  0.987917  0.032024  -0.064580  -0.042232  0.997019  -0.001538  -0.003067  -0.000469  0.022934  -0.112167  0.534288  2.000000  0.999985  0.005433  0.001136  -0.005434  0.999985  0.000269  -0.001134  -0.000275  0.999999  0.999871  0.015694  0.003335  -0.015696  0.999877  0.000669  -0.003324  -0.000722  0.999994  1.000000  0.000196  0.000042  -0.000196  1.000000  0.000009  -0.000042  -0.000009  1.000000  0.999985  0.005433  0.001136  -0.005434  0.999985  0.000269  -0.001134  -0.000275  0.999999  0.000135  0.016060  
262.757585 -0.000593  0.089477  -0.001597  0.986158  0.150125  0.070387  -0.152656  0.987760  0.032051  -0.064713  -0.042352  0.997005  -0.001615  -0.003225  -0.000454  0.024786  -0.118136  0.568633  2.000000  0.999978  0.006452  0.001349  -0.006453  0.999979  0.000313  -0.001347  -0.000322  0.999999  0.999854  0.016714  0.003513  -0.016717  0.999860  0.000721  -0.003501  -0.000780  0.999994  1.000000  0.000209  0.000044  -0.000209  1.000000  0.000009  -0.000044  -0.000009  1.000000  0.999978  0.006452  0.001349  -0.006453  0.999979  0.000313  -0.001347  -0.000322  0.999999  0.000144  0.017097  
262.758586 -0.000594  0.089471  -0.001599  0.986015  0.150910  0.070713  -0.153466  0.987630  0.032192  -0.064980  -0.042593  0.996977  -0.001583  -0.003400  -0.000473  0.031104  -0.128335  0.595814  2.000000  0.999972  0.007314  0.001532  -0.007314  0.999973  0.000352  -0.001530  -0.000364  0.999999  0.999839  0.017523  0.003816  -0.017527  0.999846  0.000784  -0.003802  -0.000851  0.999992  1.000000  0.000219  0.000048  -0.000219  1.000000  0.000010  -0.000048  -0.000010  1.000000  0.999972  0.007314  0.001532  -0.007314  0.999973  0.000352  -0.001530  -0.000364  0.999999  0.000151  0.017954  
262.759591 -0.000595  0.089465  -0.001600  0.985839  0.151906  0.071028  -0.154478  0.987472  0.032197  -0.065247  -0.042714  0.996955  -0.001537  -0.003647  -0.000553  0.032895  -0.138772  0.629812  2.000000  0.999965  0.008207  0.001731  -0.008208  0.999966  0.000398  -0.001727  -0.000412  0.999998  0.999827  0.018127  0.004114  -0.018131  0.999835  0.000981  -0.004095  -0.001056  0.999991  1.000000  0.000227  0.000051  -0.000227  1.000000  0.000013  -0.000051  -0.000013  1.000000  0.999965  0.008207  0.001731  -0.008208  0.999966  0.000398  -0.001727  -0.000412  0.999998  0.000160  0.018617  
262.760835 -0.000595  0.089456  -0.001604  0.985654  0.152889  0.071494  -0.155488  0.987309  0.032301  -0.065648  -0.042954  0.996918  -0.001413  -0.004002  -0.000719  0.038719  -0.153794  0.663833  2.000000  0.999954  0.009340  0.001990  -0.009341  0.999956  0.000467  -0.001985  -0.000485  0.999998  0.999827  0.018120  0.004252  -0.018125  0.999835  0.001216  -0.004229  -0.001293  0.999990  1.000000  0.000227  0.000053  -0.000227  1.000000  0.000016  -0.000053  -0.000016  1.000000  0.999954  0.009340  0.001990  -0.009341  0.999956  0.000467  -0.001985  -0.000485  0.999998  0.000169  0.018655  
262.762083 -0.000595  0.089448  -0.001607  0.985467  0.153879  0.071941  -0.156499  0.987150  0.032285  -0.066048  -0.043074  0.996886  -0.001271  -0.004358  -0.000899  0.040450  -0.168769  0.697791  2.000000  0.999945  0.010249  0.002202  -0.010250  0.999947  0.000527  -0.002197  -0.000550  0.999997  0.999827  0.018119  0.004254  -0.018124  0.999835  0.001209  -0.004231  -0.001286  0.999990  1.000000  0.000227  0.000053  -0.000227  1.000000  0.000016  -0.000053  -0.000016  1.000000  0.999945  0.010249  0.002202  -0.010250  0.999947  0.000527  -0.002197  -0.000550  0.999997  0.000178  0.018654  
262.763083 -0.000595  0.089440  -0.001612  0.985353  0.154460  0.072262  -0.157104  0.987049  0.032438  -0.066315  -0.043315  0.996858  -0.001214  -0.004735  -0.001110  0.046800  -0.177277  0.712334  2.000000  0.999935  0.011155  0.002415  -0.011156  0.999938  0.000589  -0.002409  -0.000616  0.999997  0.999827  0.018118  0.004256  -0.018123  0.999835  0.001204  -0.004233  -0.001281  0.999990  1.000000  0.000227  0.000053  -0.000227  1.000000  0.000016  -0.000053  -0.000016  1.000000  0.999935  0.011155  0.002415  -0.011156  0.999938  0.000589  -0.002409  -0.000616  0.999997  0.000185  0.018654  
262.764086 -0.000595  0.089432  -0.001616  0.985247  0.155055  0.072432  -0.157712  0.986951  0.032492  -0.066449  -0.043436  0.996844  -0.001136  -0.005121  -0.001284  0.049870  -0.184105  0.738533  2.000000  0.999924  0.012055  0.002627  -0.012057  0.999927  0.000655  -0.002618  -0.000686  0.999996  0.999831  0.017912  0.004252  -0.017917  0.999839  0.001337  -0.004227  -0.001413  0.999990  1.000000  0.000224  0.000053  -0.000224  1.000000  0.000017  -0.000053  -0.000017  1.000000  0.999924  0.012055  0.002627  -0.012057  0.999927  0.000655  -0.002618  -0.000686  0.999996  0.000189  0.018462  
262.765340 -0.000596  0.089421  -0.001621  0.985132  0.155644  0.072734  -0.158317  0.986852  0.032524  -0.066716  -0.043556  0.996821  -0.001103  -0.005617  -0.001632  0.052505  -0.193981  0.758733  2.000000  0.999909  0.013182  0.002896  -0.013185  0.999913  0.000736  -0.002886  -0.000775  0.999996  0.999830  0.017905  0.004387  -0.017911  0.999839  0.001332  -0.004363  -0.001410  0.999989  1.000000  0.000224  0.000055  -0.000224  1.000000  0.000017  -0.000055  -0.000017  1.000000  0.999909  0.013182  0.002896  -0.013185  0.999913  0.000736  -0.002886  -0.000775  0.999996  0.000195  0.018487  
262.766344 -0.000596  0.089413  -0.001625  0.985025  0.156239  0.072905  -0.158924  0.986753  0.032578  -0.066849  -0.043676  0.996807  -0.001074  -0.006076  -0.001934  0.055182  -0.199354  0.779072  2.000000  0.999896  0.014072  0.003126  -0.014075  0.999901  0.000802  -0.003114  -0.000846  0.999995  0.999833  0.017688  0.004648  -0.017694  0.999843  0.001343  -0.004624  -0.001425  0.999988  1.000000  0.000221  0.000058  -0.000221  1.000000  0.000017  -0.000058  -0.000017  1.000000  0.999896  0.014072  0.003126  -0.014075  0.999901  0.000802  -0.003114  -0.000846  0.999995  0.000200  0.018342  
262.767589 -0.000598  0.089402  -0.001629  0.984909  0.156828  0.073208  -0.159530  0.986654  0.032610  -0.067116  -0.043796  0.996783  -0.001085  -0.006607  -0.002294  0.057845  -0.209374  0.799809  2.000000  0.999879  0.015161  0.003431  -0.015164  0.999885  0.000884  -0.003418  -0.000936  0.999994  0.999843  0.017060  0.004891  -0.017067  0.999853  0.001383  -0.004867  -0.001466  0.999987  1.000000  0.000213  0.000061  -0.000213  1.000000  0.000018  -0.000061  -0.000018  1.000000  0.999879  0.015161  0.003431  -0.015164  0.999885  0.000884  -0.003418  -0.000936  0.999994  0.000205  0.017805  
262.768840 -0.000599  0.089390  -0.001634  0.984792  0.157417  0.073510  -0.160135  0.986555  0.032641  -0.067383  -0.043917  0.996760  -0.000979  -0.007074  -0.002659  0.061742  -0.213852  0.799359  2.000000  0.999865  0.016009  0.003686  -0.016012  0.999871  0.000945  -0.003671  -0.001004  0.999993  0.999848  0.016637  0.005143  -0.016644  0.999861  0.001285  -0.005121  -0.001370  0.999986  1.000000  0.000208  0.000064  -0.000208  1.000000  0.000017  -0.000064  -0.000017  1.000000  0.999865  0.016009  0.003686  -0.016012  0.999871  0.000945  -0.003671  -0.001004  0.999993  0.000208  0.017465  
262.769841 -0.000601  0.089380  -0.001638  0.984709  0.157811  0.073787  -0.160538  0.986492  0.032568  -0.067650  -0.043916  0.996742  -0.000896  -0.007454  -0.002910  0.062485  -0.217783  0.785448  2.000000  0.999851  0.016827  0.003945  -0.016831  0.999858  0.001007  -0.003927  -0.001073  0.999992  0.999859  0.016021  0.005117  -0.016027  0.999871  0.001201  -0.005097  -0.001283  0.999986  1.000000  0.000200  0.000064  -0.000200  1.000000  0.000016  -0.000064  -0.000016  1.000000  0.999851  0.016827  0.003945  -0.016831  0.999858  0.001007  -0.003927  -0.001073  0.999992  0.000204  0.016865  
262.771088 -0.000604  0.089368  -0.001644  0.984625  0.158206  0.074063  -0.160940  0.986429  0.032495  -0.067917  -0.043915  0.996724  -0.000900  -0.007851  -0.003218  0.059954  -0.212187  0.758087  2.000000  0.999832  0.017803  0.004266  -0.017807  0.999841  0.001079  -0.004246  -0.001154  0.999990  0.999872  0.015200  0.005081  -0.015206  0.999884  0.001130  -0.005063  -0.001207  0.999986  1.000000  0.000190  0.000063  -0.000190  1.000000  0.000015  -0.000063  -0.000015  1.000000  0.999832  0.017803  0.004266  -0.017807  0.999841  0.001079  -0.004246  -0.001154  0.999990  0.000198  0.016070  
262.772337 -0.000607  0.089356  -0.001649  0.984531  0.158595  0.074472  -0.161341  0.986367  0.032400  -0.068318  -0.043914  0.996697  -0.001000  -0.008196  -0.003450  0.056482  -0.211658  0.744297  2.000000  0.999814  0.018727  0.004580  -0.018732  0.999824  0.001146  -0.004558  -0.001232  0.999989  0.999884  0.014384  0.004912  -0.014390  0.999896  0.001061  -0.004896  -0.001132  0.999987  1.000000  0.000180  0.000061  -0.000180  1.000000  0.000014  -0.000061  -0.000014  1.000000  0.999814  0.018727  0.004580  -0.018732  0.999824  0.001146  -0.004558  -0.001232  0.999989  0.000192  0.015240  
262.773588 -0.000611  0.089343  -0.001654  0.984480  0.158786  0.074741  -0.161541  0.986336  0.032341  -0.068585  -0.043913  0.996678  -0.001133  -0.008548  -0.003730  0.053162  -0.215594  0.730238  2.000000  0.999797  0.019569  0.004885  -0.019575  0.999808  0.001211  -0.004861  -0.001306  0.999987  0.999904  0.012947  0.004850  -0.012952  0.999916  0.001034  -0.004836  -0.001097  0.999988  1.000000  0.000162  0.000061  -0.000162  1.000000  0.000013  -0.000061  -0.000013  1.000000  0.999797  0.019569  0.004885  -0.019575  0.999808  0.001211  -0.004861  -0.001306  0.999987  0.000191  0.013867  
262.774835 -0.000617  0.089331  -0.001660  0.984438  0.158983  0.074880  -0.161742  0.986304  0.032304  -0.068718  -0.043913  0.996669  -0.001425  -0.008808  -0.003919  0.049589  -0.222210  0.710208  2.000000  0.999780  0.020334  0.005189  -0.020341  0.999792  0.001274  -0.005162  -0.001379  0.999986  0.999917  0.011921  0.004806  -0.011926  0.999928  0.001103  -0.004792  -0.001161  0.999988  1.000000  0.000149  0.000060  -0.000149  1.000000  0.000014  -0.000060  -0.000014  1.000000  0.999780  0.020334  0.005189  -0.020341  0.999792  0.001274  -0.005162  -0.001379  0.999986  0.000188  0.012903  
262.776084 -0.000623  0.089318  -0.001666  0.984395  0.159181  0.075018  -0.161943  0.986272  0.032267  -0.068852  -0.043912  0.996660  -0.001893  -0.009187  -0.004127  0.043309  -0.230031  0.682409  2.000000  0.999764  0.021033  0.005495  -0.021040  0.999778  0.001334  -0.005466  -0.001449  0.999984  0.999929  0.010889  0.004895  -0.010894  0.999940  0.001052  -0.004883  -0.001105  0.999987  1.000000  0.000136  0.000061  -0.000136  1.000000  0.000013  -0.000061  -0.000013  1.000000  0.999764  0.021033  0.005495  -0.021040  0.999778  0.001334  -0.005466  -0.001449  0.999984  0.000182  0.011987  
262.777334 -0.000630  0.089305  -0.001674  0.984386  0.159175  0.075149  -0.161942  0.986273  0.032245  -0.068985  -0.043912  0.996651  -0.002305  -0.009380  -0.004381  0.041934  -0.232775  0.641160  2.000000  0.999751  0.021551  0.005738  -0.021559  0.999767  0.001378  -0.005707  -0.001502  0.999983  0.999938  0.010068  0.004860  -0.010073  0.999949  0.000986  -0.004849  -0.001035  0.999988  1.000000  0.000126  0.000061  -0.000126  1.000000  0.000013  -0.000061  -0.000013  1.000000  0.999751  0.021551  0.005738  -0.021559  0.999767  0.001378  -0.005707  -0.001502  0.999983  0.000172  0.011225  
262.778335 -0.000635  0.089296  -0.001680  0.984377  0.159169  0.075281  -0.161940  0.986274  0.032224  -0.069119  -0.043911  0.996642  -0.002662  -0.009478  -0.004479  0.040864  -0.232993  0.605125  2.000000  0.999739  0.022029  0.005977  -0.022038  0.999756  0.001419  -0.005944  -0.001551  0.999981  0.999946  0.009247  0.004824  -0.009251  0.999957  0.000921  -0.004815  -0.000965  0.999988  1.000000  0.000116  0.000060  -0.000116  1.000000  0.000012  -0.000060  -0.000012  1.000000  0.999739  0.022029  0.005977  -0.022038  0.999756  0.001419  -0.005944  -0.001551  0.999981  0.000164  0.010472  
262.779335 -0.000642  0.089286  -0.001686  0.984334  0.159366  0.075419  -0.162141  0.986242  0.032187  -0.069252  -0.043911  0.996632  -0.003066  -0.009630  -0.004647  0.037728  -0.225786  0.579817  2.000000  0.999728  0.022473  0.006210  -0.022483  0.999746  0.001455  -0.006176  -0.001594  0.999980  0.999952  0.008637  0.004664  -0.008640  0.999962  0.000720  -0.004657  -0.000760  0.999989  1.000000  0.000108  0.000058  -0.000108  1.000000  0.000009  -0.000058  -0.000009  1.000000  0.999728  0.022473  0.006210  -0.022483  0.999746  0.001455  -0.006176  -0.001594  0.999980  0.000158  0.009843  
262.780585 -0.000651  0.089272  -0.001696  0.984316  0.159355  0.075682  -0.162138  0.986244  0.032143  -0.069519  -0.043910  0.996614  -0.003660  -0.009815  -0.004922  0.036227  -0.219588  0.538898  2.000000  0.999715  0.022967  0.006490  -0.022977  0.999735  0.001492  -0.006454  -0.001640  0.999978  0.999963  0.007417  0.004343  -0.007419  0.999972  0.000562  -0.004338  -0.000594  0.999990  1.000000  0.000093  0.000054  -0.000093  1.000000  0.000007  -0.000054  -0.000007  1.000000  0.999715  0.022967  0.006490  -0.022977  0.999735  0.001492  -0.006454  -0.001640  0.999978  0.000147  0.008614  
262.781833 -0.000662  0.089257  -0.001707  0.984264  0.159555  0.075933  -0.162338  0.986217  0.031965  -0.069786  -0.043788  0.996600  -0.004356  -0.010088  -0.005347  0.030734  -0.213518  0.498377  2.000000  0.999704  0.023392  0.006759  -0.023403  0.999725  0.001513  -0.006721  -0.001671  0.999976  0.999971  0.006397  0.004163  -0.006398  0.999979  0.000267  -0.004162  -0.000294  0.999991  1.000000  0.000080  0.000052  -0.000080  1.000000  0.000004  -0.000052  -0.000004  1.000000  0.999704  0.023392  0.006759  -0.023403  0.999725  0.001513  -0.006721  -0.001671  0.999976  0.000137  0.007638  
262.782842 -0.000672  0.089244  -0.001716  0.984246  0.159544  0.076196  -0.162335  0.986219  0.031921  -0.070053  -0.043788  0.996582  -0.005007  -0.010350  -0.005757  0.029544  -0.213399  0.460773  2.000000  0.999695  0.023686  0.006962  -0.023697  0.999718  0.001523  -0.006924  -0.001687  0.999975  0.999976  0.005582  0.003994  -0.005583  0.999984  0.000203  -0.003993  -0.000225  0.999992  1.000000  0.000070  0.000050  -0.000070  1.000000  0.000003  -0.000050  -0.000003  1.000000  0.999695  0.023686  0.006962  -0.023697  0.999718  0.001523  -0.006924  -0.001687  0.999975  0.000129  0.006867  
262.784094 -0.000685  0.089228  -0.001729  0.984237  0.159547  0.076308  -0.162333  0.986224  0.031780  -0.070187  -0.043666  0.996578  -0.005725  -0.010604  -0.006287  0.028191  -0.211530  0.419267  2.000000  0.999689  0.023882  0.007113  -0.023894  0.999713  0.001527  -0.007075  -0.001696  0.999974  0.999981  0.004761  0.003958  -0.004761  0.999989  0.000017  -0.003958  -0.000036  0.999992  1.000000  0.000000  0.000000  0.000000  1.000000  0.000000  0.000000  0.000000  1.000000  0.999689  0.023882  0.007113  -0.023894  0.999713  0.001527  -0.007075  -0.001696  0.999974  0.000120  0.000000  
262.785340 -0.000698  0.089214  -0.001742  0.984227  0.159542  0.076440  -0.162332  0.986225  0.031758  -0.070320  -0.043666  0.996568  -0.006478  -0.010823  -0.006814  0.026886  -0.214286  0.377715  2.000000  0.999689  0.023882  0.007113  -0.023894  0.999713  0.001527  -0.007075  -0.001696  0.999974  0.999983  0.004351  0.003940  -0.004351  0.999991  -0.000076  -0.003940  0.000059  0.999992  1.000000  0.000000  0.000000  0.000000  1.000000  0.000000  0.000000  0.000000  1.000000  0.999689  0.023882  0.007113  -0.023894  0.999713  0.001527  -0.007075  -0.001696  0.999974  0.000111  0.000000  
262.786585 -0.000712  0.089199  -0.001755  0.984218  0.159545  0.076552  -0.162330  0.986230  0.031617  -0.070453  -0.043545  0.996564  -0.007096  -0.010926  -0.007275  0.020388  -0.211421  0.347366  2.000000  0.999689  0.023882  0.007113  -0.023894  0.999713  0.001527  -0.007075  -0.001696  0.999974  0.999986  0.003741  0.003779  -0.003740  0.999993  -0.000397  -0.003780  0.000383  0.999993  1.000000  0.000000  0.000000  0.000000  1.000000  0.000000  0.000000  0.000000  1.000000  0.999689  0.023882  0.007113  -0.023894  0.999713  0.001527  -0.007075  -0.001696  0.999974  0.000103  0.000000  
262.787588 -0.000723  0.089188  -0.001765  0.984218  0.159545  0.076552  -0.162330  0.986230  0.031617  -0.070453  -0.043545  0.996564  -0.007662  -0.011036  -0.007715  0.014692  -0.202710  0.316062  2.000000  0.999689  0.023882  0.007113  -0.023894  0.999713  0.001527  -0.007075  -0.001696  0.999974  0.999989  0.003132  0.003619  -0.003130  0.999995  -0.000475  -0.003620  0.000463  0.999993  1.000000  0.000000  0.000000  0.000000  1.000000  0.000000  0.000000  0.000000  1.000000  0.999689  0.023882  0.007113  -0.023894  0.999713  0.001527  -0.007075  -0.001696  0.999974  0.000097  0.000000  
262.788839 -0.000738  0.089173  -0.001778  0.984209  0.159539  0.076683  -0.162329  0.986231  0.031595  -0.070587  -0.043544  0.996555  -0.008353  -0.011150  -0.008213  0.012896  -0.196714  0.281706  2.000000  0.999689  0.023882  0.007113  -0.023894  0.999713  0.001527  -0.007075  -0.001696  0.999974  0.999991  0.002316  0.003449  -0.002315  0.999997  -0.000417  -0.003450  0.000409  0.999994  1.000000  0.000000  0.000000  0.000000  1.000000  0.000000  0.000000  0.000000  1.000000  0.999689  0.023882  0.007113  -0.023894  0.999713  0.001527  -0.007075  -0.001696  0.999974  0.000087  0.000000  
262.790089 -0.000753  0.089159  -0.001792  0.984199  0.159543  0.076796  -0.162327  0.986236  0.031454  -0.070720  -0.043423  0.996551  -0.009018  -0.011273  -0.008775  0.003416  -0.185954  0.240695  2.000000  0.999689  0.023882  0.007113  -0.023894  0.999713  0.001527  -0.007075  -0.001696  0.999974  0.999993  0.001912  0.003297  -0.001910  0.999998  -0.000631  -0.003299  0.000624  0.999994  1.000000  0.000000  0.000000  0.000000  1.000000  0.000000  0.000000  0.000000  1.000000  0.999689  0.023882  0.007113  -0.023894  0.999713  0.001527  -0.007075  -0.001696  0.999974  0.000079  0.000000  
262.791090 -0.000766  0.089148  -0.001804  0.984190  0.159537  0.076927  -0.162326  0.986236  0.031432  -0.070854  -0.043422  0.996541  -0.009659  -0.011398  -0.009271  -0.002913  -0.175906  0.213600  2.000000  0.999689  0.023882  0.007113  -0.023894  0.999713  0.001527  -0.007075  -0.001696  0.999974  0.999994  0.001508  0.003146  -0.001506  0.999999  -0.000602  -0.003147  0.000597  0.999995  1.000000  0.000000  0.000000  0.000000  1.000000  0.000000  0.000000  0.000000  1.000000  0.999689  0.023882  0.007113  -0.023894  0.999713  0.001527  -0.007075  -0.001696  0.999974  0.000070  0.000000  
262.792334 -0.000781  0.089134  -0.001818  0.984138  0.159738  0.077177  -0.162525  0.986209  0.031253  -0.071121  -0.043301  0.996527  -0.010151  -0.011496  -0.009674  -0.009619  -0.173474  0.191204  2.000000  0.999689  0.023882  0.007113  -0.023894  0.999713  0.001527  -0.007075  -0.001696  0.999974  0.999995  0.001314  0.002869  -0.001312  0.999999  -0.000709  -0.002870  0.000705  0.999996  1.000000  0.000000  0.000000  0.000000  1.000000  0.000000  0.000000  0.000000  1.000000  0.999689  0.023882  0.007113  -0.023894  0.999713  0.001527  -0.007075  -0.001696  0.999974  0.000064  0.000000  
262.793585 -0.000796  0.089120  -0.001832  0.984138  0.159747  0.077158  -0.162525  0.986213  0.031134  -0.071121  -0.043180  0.996533  -0.010631  -0.011536  -0.009992  -0.020054  -0.164754  0.165595  2.000000  0.999689  0.023882  0.007113  -0.023894  0.999713  0.001527  -0.007075  -0.001696  0.999974  0.999996  0.000910  0.002718  -0.000908  0.999999  -0.000801  -0.002719  0.000798  0.999996  1.000000  0.000000  0.000000  0.000000  1.000000  0.000000  0.000000  0.000000  1.000000  0.999689  0.023882  0.007113  -0.023894  0.999713  0.001527  -0.007075  -0.001696  0.999974  0.000060  0.000000  
262.794589 -0.000808  0.089110  -0.001842  0.984128  0.159742  0.077290  -0.162524  0.986214  0.031112  -0.071254  -0.043179  0.996523  -0.011060  -0.011566  -0.010312  0.000000  0.000000  0.000000  2.000000  0.999689  0.023882  0.007113  -0.023894  0.999713  0.001527  -0.007075  -0.001696  0.999974  0.999996  0.000711  0.002575  -0.000709  0.999999  -0.000786  -0.002576  0.000784  0.999996  1.000000  0.000000  0.000000  0.000000  1.000000  0.000000  0.000000  0.000000  1.000000  0.999689  0.023882  0.007113  -0.023894  0.999713  0.001527  -0.007075  -0.001696  0.999974  0.000000  0.000000  
262.795834 -0.000824  0.089096  -0.001857  0.984128  0.159751  0.077270  -0.162524  0.986218  0.030992  -0.071254  -0.043059  0.996528  -0.011389  -0.011507  -0.010573  0.000000  0.000000  0.000000  2.000000  0.999689  0.023882  0.007113  -0.023894  0.999713  0.001527  -0.007075  -0.001696  0.999974  0.999997  0.000717  0.002442  -0.000715  0.999999  -0.000908  -0.002442  0.000906  0.999997  1.000000  0.000000  0.000000  0.000000  1.000000  0.000000  0.000000  0.000000  1.000000  0.999689  0.023882  0.007113  -0.023894  0.999713  0.001527  -0.007075  -0.001696  0.999974  0.000000  0.000000  
262.797084 -0.000840  0.089082  -0.001871  0.984128  0.159760  0.077251  -0.162524  0.986222  0.030873  -0.071254  -0.042938  0.996534  -0.011670  -0.011433  -0.010819  0.000000  0.000000  0.000000  2.000000  0.999689  0.023882  0.007113  -0.023894  0.999713  0.001527  -0.007075  -0.001696  0.999974  0.999997  0.000518  0.002299  -0.000515  0.999999  -0.001014  -0.002300  0.001013  0.999997  1.000000  0.000000  0.000000  0.000000  1.000000  0.000000  0.000000  0.000000  1.000000  0.999689  0.023882  0.007113  -0.023894  0.999713  0.001527  -0.007075  -0.001696  0.999974  0.000000  0.000000  
262.798085 -0.000852  0.089071  -0.001884  0.984095  0.159963  0.077257  -0.162726  0.986189  0.030857  -0.071254  -0.042938  0.996534  -0.011839  -0.011337  -0.011023  0.000000  0.000000  0.000000  2.000000  0.999689  0.023882  0.007113  -0.023894  0.999713  0.001527  -0.007075  -0.001696  0.999974  0.999997  0.000723  0.002308  -0.000720  0.999999  -0.001029  -0.002309  0.001027  0.999997  1.000000  0.000000  0.000000  0.000000  1.000000  0.000000  0.000000  0.000000  1.000000  0.999689  0.023882  0.007113  -0.023894  0.999713  0.001527  -0.007075  -0.001696  0.999974  0.000000  0.000000  
262.799085 -0.000864  0.089060  -0.001896  0.984086  0.159967  0.077369  -0.162725  0.986193  0.030715  -0.071388  -0.042816  0.996529  -0.011933  -0.011234  -0.011166  0.000000  0.000000  0.000000  2.000000  0.999689  0.023882  0.007113  -0.023894  0.999713  0.001527  -0.007075  -0.001696  0.999974  0.999997  0.000518  0.002299  -0.000515  0.999999  -0.001136  -0.002299  0.001134  0.999997  1.000000  0.000000  0.000000  0.000000  1.000000  0.000000  0.000000  0.000000  1.000000  0.999689  0.023882  0.007113  -0.023894  0.999713  0.001527  -0.007075  -0.001696  0.999974  0.000000  0.000000  
262.800093 -0.000875  0.089049  -0.001909  0.984043  0.160165  0.077507  -0.162926  0.986161  0.030678  -0.071521  -0.042816  0.996520  -0.011992  -0.011176  -0.011332  0.000000  0.000000  0.000000  2.000000  0.999689  0.023882  0.007113  -0.023894  0.999713  0.001527  -0.007075  -0.001696  0.999974  0.999998  0.000735  0.002040  -0.000732  0.999999  -0.001150  -0.002041  0.001149  0.999997  1.000000  0.000000  0.000000  0.000000  1.000000  0.000000  0.000000  0.000000  1.000000  0.999689  0.023882  0.007113  -0.023894  0.999713  0.001527  -0.007075  -0.001696  0.999974  0.000000  0.000000  
262.801357 -0.000888  0.089035  -0.001925  0.984033  0.160159  0.077639  -0.162924  0.986162  0.030656  -0.071655  -0.042816  0.996510  -0.011965  -0.011112  -0.011536  0.000000  0.000000  0.000000  2.000000  0.999689  0.023882  0.007113  -0.023894  0.999713  0.001527  -0.007075  -0.001696  0.999974  0.999998  0.000735  0.002040  -0.000732  0.999999  -0.001150  -0.002041  0.001149  0.999997  1.000000  0.000000  0.000000  0.000000  1.000000  0.000000  0.000000  0.000000  1.000000  0.999689  0.023882  0.007113  -0.023894  0.999713  0.001527  -0.007075  -0.001696  0.999974  0.000000  0.000000  
262.802590 -0.000900  0.089022  -0.001941  0.984000  0.160371  0.077626  -0.163127  0.986133  0.030520  -0.071655  -0.042695  0.996515  -0.011801  -0.011053  -0.011724  0.000000  0.000000  0.000000  2.000000  0.999689  0.023882  0.007113  -0.023894  0.999713  0.001527  -0.007075  -0.001696  0.999974  0.999998  0.000741  0.001907  -0.000738  0.999999  -0.001151  -0.001907  0.001149  0.999998  1.000000  0.000000  0.000000  0.000000  1.000000  0.000000  0.000000  0.000000  1.000000  0.999689  0.023882  0.007113  -0.023894  0.999713  0.001527  -0.007075  -0.001696  0.999974  0.000000  0.000000  
262.803837 -0.000911  0.089009  -0.001957  0.983990  0.160366  0.077757  -0.163125  0.986134  0.030498  -0.071788  -0.042694  0.996506  -0.011522  -0.010963  -0.011913  0.000000  0.000000  0.000000  2.000000  0.999689  0.023882  0.007113  -0.023894  0.999713  0.001527  -0.007075  -0.001696  0.999974  0.999998  0.000746  0.001773  -0.000744  0.999999  -0.001151  -0.001774  0.001149  0.999998  1.000000  0.000000  0.000000  0.000000  1.000000  0.000000  0.000000  0.000000  1.000000  0.999689  0.023882  0.007113  -0.023894  0.999713  0.001527  -0.007075  -0.001696  0.999974  0.000000  0.000000  
262.805087 -0.000921  0.088996  -0.001973  0.983990  0.160356  0.077777  -0.163125  0.986130  0.030618  -0.071788  -0.042815  0.996501  -0.011214  -0.010868  -0.012068  0.000000  0.000000  0.000000  2.000000  0.999689  0.023882  0.007113  -0.023894  0.999713  0.001527  -0.007075  -0.001696  0.999974  0.999999  0.000758  0.001506  -0.000756  0.999999  -0.000908  -0.001506  0.000907  0.999998  1.000000  0.000000  0.000000  0.000000  1.000000  0.000000  0.000000  0.000000  1.000000  0.999689  0.023882  0.007113  -0.023894  0.999713  0.001527  -0.007075  -0.001696  0.999974  0.000000  0.000000  
262.806088 -0.000929  0.088986  -0.001987  0.983947  0.160554  0.077914  -0.163326  0.986098  0.030580  -0.071922  -0.042815  0.996491  -0.010907  -0.010774  -0.012224  0.000000  0.000000  0.000000  2.000000  0.999689  0.023882  0.007113  -0.023894  0.999713  0.001527  -0.007075  -0.001696  0.999974  0.999998  0.000963  0.001514  -0.000961  0.999999  -0.000923  -0.001515  0.000922  0.999998  1.000000  0.000000  0.000000  0.000000  1.000000  0.000000  0.000000  0.000000  1.000000  0.999689  0.023882  0.007113  -0.023894  0.999713  0.001527  -0.007075  -0.001696  0.999974  0.000000  0.000000  
262.807335 -0.000938  0.088973  -0.002004  0.983947  0.160554  0.077914  -0.163326  0.986098  0.030580  -0.071922  -0.042815  0.996491  -0.010471  -0.010705  -0.012416  0.000000  0.000000  0.000000  2.000000  0.999689  0.023882  0.007113  -0.023894  0.999713  0.001527  -0.007075  -0.001696  0.999974  0.999998  0.000963  0.001514  -0.000961  0.999999  -0.000802  -0.001515  0.000800  0.999999  1.000000  0.000000  0.000000  0.000000  1.000000  0.000000  0.000000  0.000000  1.000000  0.999689  0.023882  0.007113  -0.023894  0.999713  0.001527  -0.007075  -0.001696  0.999974  0.000000  0.000000  
262.808587 -0.000947  0.088960  -0.002020  0.983913  0.160747  0.077940  -0.163529  0.986061  0.030684  -0.071922  -0.042936  0.996486  -0.010027  -0.010657  -0.012584  0.000000  0.000000  0.000000  2.000000  0.999689  0.023882  0.007113  -0.023894  0.999713  0.001527  -0.007075  -0.001696  0.999974  0.999998  0.001173  0.001390  -0.001172  0.999999  -0.000695  -0.001391  0.000694  0.999999  1.000000  0.000000  0.000000  0.000000  1.000000  0.000000  0.000000  0.000000  1.000000  0.999689  0.023882  0.007113  -0.023894  0.999713  0.001527  -0.007075  -0.001696  0.999974  0.000000  0.000000  
262.809833 -0.000955  0.088948  -0.002036  0.983904  0.160742  0.078072  -0.163527  0.986062  0.030662  -0.072055  -0.042935  0.996476  -0.009509  -0.010594  -0.012744  0.000000  0.000000  0.000000  2.000000  0.999689  0.023882  0.007113  -0.023894  0.999713  0.001527  -0.007075  -0.001696  0.999974  0.999998  0.001173  0.001390  -0.001173  0.999999  -0.000574  -0.001390  0.000573  0.999999  1.000000  0.000000  0.000000  0.000000  1.000000  0.000000  0.000000  0.000000  1.000000  0.999689  0.023882  0.007113  -0.023894  0.999713  0.001527  -0.007075  -0.001696  0.999974  0.000000  0.000000  
262.810835 -0.000960  0.088938  -0.002049  0.983870  0.160945  0.078078  -0.163730  0.986029  0.030646  -0.072055  -0.042935  0.996476  -0.009015  -0.010519  -0.012836  0.000000  0.000000  0.000000  2.000000  0.999689  0.023882  0.007113  -0.023894  0.999713  0.001527  -0.007075  -0.001696  0.999974  0.999998  0.001384  0.001265  -0.001384  0.999999  -0.000589  -0.001266  0.000587  0.999999  1.000000  0.000000  0.000000  0.000000  1.000000  0.000000  0.000000  0.000000  1.000000  0.999689  0.023882  0.007113  -0.023894  0.999713  0.001527  -0.007075  -0.001696  0.999974  0.000000  0.000000  
262.812085 -0.000967  0.088927  -0.002064  0.983861  0.160939  0.078210  -0.163728  0.986030  0.030624  -0.072188  -0.042935  0.996466  -0.008411  -0.010339  -0.012820  0.000000  0.000000  0.000000  2.000000  0.999689  0.023882  0.007113  -0.023894  0.999713  0.001527  -0.007075  -0.001696  0.999974  0.999999  0.001179  0.001256  -0.001179  0.999999  -0.000453  -0.001257  0.000452  0.999999  1.000000  0.000000  0.000000  0.000000  1.000000  0.000000  0.000000  0.000000  1.000000  0.999689  0.023882  0.007113  -0.023894  0.999713  0.001527  -0.007075  -0.001696  0.999974  0.000000  0.000000  
262.813335 -0.000972  0.088916  -0.002079  0.983817  0.161136  0.078347  -0.163929  0.985998  0.030586  -0.072322  -0.042934  0.996457  -0.007826  -0.010169  -0.012756  0.000000  0.000000  0.000000  2.000000  0.999689  0.023882  0.007113  -0.023894  0.999713  0.001527  -0.007075  -0.001696  0.999974  0.999998  0.001390  0.001131  -0.001390  0.999999  -0.000468  -0.001132  0.000466  0.999999  1.000000  0.000000  0.000000  0.000000  1.000000  0.000000  0.000000  0.000000  1.000000  0.999689  0.023882  0.007113  -0.023894  0.999713  0.001527  -0.007075  -0.001696  0.999974  0.000000  0.000000  
