1-Time 2-Px 3-Py 4-Pz 5-R11 6-R21 7-R31 8-R12 9-R22 10-R32 11-R13 12-R23 13-R33 14-Vx 15-Vy 16-Vz 17-Wx 18-Wy 19-Wz 20-state 21-PR11 22-PR21 23-PR31 24-PR12 25-PR22 26-PR32 27-PR13 28-PR23 29-PR33 
98.212574 0.001273  0.092453  0.002031  0.973755  0.217093  -0.068347  -0.215304  0.976002  0.032627  0.073790  -0.017055  0.997128  -0.000021  0.000026  0.000020  0.000000  0.000000  0.000000  2.000000  1.000000  0.000000  0.000000  -0.000000  1.000000  0.000000  0.000000  -0.000000  1.000000  1.000000  -0.000000  0.000000  0.000000  1.000000  -0.000000  0.000000  0.000000  1.000000  1.000000  0.000000  0.000000  0.000000  1.000000  0.000000  0.000000  0.000000  1.000000  0.739865  0.428429  -0.518699  -0.476163  0.878146  0.046129  0.475256  0.212856  0.853712  0.000000  0.000000  
98.213579 0.001273  0.092453  0.002031  0.973755  0.217093  -0.068347  -0.215304  0.976002  0.032627  0.073790  -0.017055  0.997128  0.000000  0.000000  0.000000  0.000000  0.000000  0.000000  2.000000  1.000000  0.000000  0.000000  0.000000  1.000000  0.000000  0.000000  0.000000  1.000000  1.000000  -0.000000  0.000000  0.000000  1.000000  -0.000000  0.000000  0.000000  1.000000  1.000000  0.000000  0.000000  0.000000  1.000000  0.000000  0.000000  0.000000  1.000000  1.000000  0.000000  0.000000  0.000000  1.000000  0.000000  0.000000  0.000000  1.000000  0.000000  0.000000  
98.214580 0.001273  0.092452  0.002032  0.973523  0.218100  -0.068443  -0.216304  0.975777  0.032726  0.073923  -0.017055  0.997118  -0.000031  -0.000068  0.000033  0.000000  0.000000  0.000000  2.000000  1.000000  0.000000  0.000000  0.000000  1.000000  0.000000  0.000000  0.000000  1.000000  1.000000  0.000823  -0.000120  -0.000823  1.000000  0.000061  0.000120  -0.000061  1.000000  1.000000  0.000000  0.000000  0.000000  1.000000  0.000000  0.000000  0.000000  1.000000  1.000000  0.000000  0.000000  0.000000  1.000000  0.000000  0.000000  0.000000  1.000000  0.000000  0.000000  
98.215580 0.001272  0.092450  0.002031  0.973201  0.219508  -0.068526  -0.217705  0.975462  0.032854  0.074057  -0.017055  0.997108  -0.000071  -0.000188  0.000025  0.000000  0.000000  0.000000  2.000000  1.000000  0.000000  0.000000  0.000000  1.000000  0.000000  0.000000  0.000000  1.000000  0.999998  0.002057  -0.000232  -0.002057  0.999998  0.000152  0.000233  -0.000152  1.000000  1.000000  0.000000  0.000000  0.000000  1.000000  0.000000  0.000000  0.000000  1.000000  1.000000  0.000000  0.000000  0.000000  1.000000  0.000000  0.000000  0.000000  1.000000  0.000000  0.000000  
98.216830 0.001272  0.092447  0.002032  0.972867  0.220926  -0.068712  -0.219102  0.975139  0.033130  0.074323  -0.017176  0.997086  -0.000092  -0.000376  0.000051  0.000000  0.000000  0.000000  2.000000  1.000000  0.000000  0.000000  0.000000  1.000000  0.000000  0.000000  0.000000  1.000000  0.999993  0.003702  -0.000337  -0.003702  0.999993  0.000396  0.000339  -0.000395  1.000000  1.000000  0.000000  0.000000  0.000000  1.000000  0.000000  0.000000  0.000000  1.000000  1.000000  0.000000  0.000000  0.000000  1.000000  0.000000  0.000000  0.000000  1.000000  0.000000  0.000000  
98.218080 0.001271  0.092444  0.002032  0.972641  0.221938  -0.068651  -0.220104  0.974907  0.033319  0.074323  -0.017297  0.997084  -0.000112  -0.000564  0.000077  0.000000  0.000000  0.000000  2.000000  1.000000  0.000000  0.000000  0.000000  1.000000  0.000000  0.000000  0.000000  1.000000  0.999989  0.004731  -0.000452  -0.004730  0.999989  0.000594  0.000455  -0.000592  1.000000  1.000000  0.000000  0.000000  0.000000  1.000000  0.000000  0.000000  0.000000  1.000000  1.000000  0.000000  0.000000  0.000000  1.000000  0.000000  0.000000  0.000000  1.000000  0.000000  0.000000  
98.219091 0.001272  0.092443  0.002033  0.972440  0.222746  -0.068884  -0.220900  0.974723  0.033434  0.074590  -0.017296  0.997064  -0.000100  -0.000648  0.000152  0.022519  0.023642  0.193575  2.000000  1.000000  0.000201  -0.000023  -0.000201  1.000000  0.000024  0.000023  -0.000024  1.000000  0.999984  0.005556  -0.000705  -0.005556  0.999984  0.000657  0.000709  -0.000653  1.000000  1.000000  0.000069  -0.000009  -0.000069  1.000000  0.000008  0.000009  -0.000008  1.000000  1.000000  0.000201  -0.000023  -0.000201  1.000000  0.000024  0.000023  -0.000024  1.000000  0.000047  0.005639  
98.220335 0.001271  0.092442  0.002035  0.972082  0.224167  -0.069329  -0.222292  0.974395  0.033771  0.075124  -0.017417  0.997022  -0.000109  -0.000748  0.000299  0.030249  0.040772  0.242144  2.000000  1.000000  0.000517  -0.000070  -0.000517  1.000000  0.000064  0.000070  -0.000064  1.000000  0.999976  0.006795  -0.001084  -0.006794  0.999977  0.000873  0.001090  -0.000866  0.999999  1.000000  0.000085  -0.000014  -0.000085  1.000000  0.000011  0.000014  -0.000011  1.000000  1.000000  0.000517  -0.000070  -0.000517  1.000000  0.000064  0.000070  -0.000064  1.000000  0.000058  0.006936  
98.221584 0.001271  0.092442  0.002037  0.971619  0.225984  -0.069916  -0.224082  0.973975  0.034049  0.075791  -0.017416  0.996972  -0.000152  -0.000776  0.000444  0.034991  0.062180  0.304637  2.000000  0.999999  0.001009  -0.000161  -0.001009  0.999999  0.000124  0.000162  -0.000124  1.000000  0.999961  0.008654  -0.001719  -0.008653  0.999962  0.001017  0.001728  -0.001003  0.999998  1.000000  0.000108  -0.000022  -0.000108  1.000000  0.000013  0.000022  -0.000013  1.000000  0.999999  0.001009  -0.000161  -0.001009  0.999999  0.000124  0.000162  -0.000124  1.000000  0.000075  0.008881  
98.222829 0.001270  0.092441  0.002037  0.971116  0.228006  -0.070338  -0.226072  0.973502  0.034432  0.076325  -0.017536  0.996929  -0.000226  -0.000827  0.000435  0.044345  0.078954  0.373956  2.000000  0.999999  0.001627  -0.000293  -0.001627  0.999999  0.000197  0.000293  -0.000197  1.000000  0.999940  0.010719  -0.002350  -0.010716  0.999942  0.001301  0.002363  -0.001276  0.999996  1.000000  0.000134  -0.000029  -0.000134  1.000000  0.000016  0.000029  -0.000016  1.000000  0.999999  0.001627  -0.000293  -0.001627  0.999999  0.000197  0.000293  -0.000197  1.000000  0.000093  0.011049  
98.223829 0.001269  0.092440  0.002036  0.970759  0.229424  -0.070650  -0.227465  0.973166  0.034743  0.076725  -0.017656  0.996896  -0.000265  -0.000866  0.000322  0.052140  0.091576  0.422470  2.000000  0.999997  0.002215  -0.000420  -0.002214  0.999998  0.000269  0.000420  -0.000268  1.000000  0.999920  0.012368  -0.002719  -0.012364  0.999922  0.001553  0.002738  -0.001519  0.999995  1.000000  0.000155  -0.000034  -0.000155  1.000000  0.000019  0.000034  -0.000019  1.000000  0.999997  0.002215  -0.000420  -0.002214  0.999998  0.000269  0.000420  -0.000268  1.000000  0.000107  0.012757  
98.224835 0.001268  0.092441  0.002034  0.970363  0.231040  -0.070824  -0.229058  0.972782  0.035038  0.076992  -0.017777  0.996873  -0.000307  -0.000808  0.000226  0.060436  0.099564  0.477742  2.000000  0.999996  0.002874  -0.000564  -0.002874  0.999996  0.000349  0.000565  -0.000348  1.000000  0.999900  0.013810  -0.002960  -0.013805  0.999903  0.001667  0.002983  -0.001626  0.999994  1.000000  0.000173  -0.000037  -0.000173  1.000000  0.000021  0.000037  -0.000021  1.000000  0.999996  0.002874  -0.000564  -0.002874  0.999996  0.000349  0.000565  -0.000348  1.000000  0.000119  0.014220  
98.226084 0.001269  0.092443  0.002034  0.969907  0.232849  -0.071148  -0.230849  0.972350  0.035262  0.077392  -0.017776  0.996842  -0.000304  -0.000692  0.000202  0.065236  0.111961  0.540025  2.000000  0.999992  0.003804  -0.000758  -0.003804  0.999993  0.000466  0.000759  -0.000463  1.000000  0.999872  0.015662  -0.003191  -0.015656  0.999876  0.001934  0.003220  -0.001884  0.999993  1.000000  0.000196  -0.000040  -0.000196  1.000000  0.000024  0.000040  -0.000024  1.000000  0.999992  0.003804  -0.000758  -0.003804  0.999993  0.000466  0.000759  -0.000463  1.000000  0.000135  0.016098  
98.227329 0.001269  0.092445  0.002035  0.969409  0.234863  -0.071307  -0.232840  0.971864  0.035589  0.077659  -0.017897  0.996819  -0.000247  -0.000541  0.000261  0.074633  0.119728  0.609246  2.000000  0.999988  0.004860  -0.000971  -0.004860  0.999988  0.000598  0.000974  -0.000593  0.999999  0.999837  0.017722  -0.003550  -0.017714  0.999841  0.002221  0.003589  -0.002158  0.999991  1.000000  0.000221  -0.000045  -0.000221  1.000000  0.000027  0.000045  -0.000027  1.000000  0.999988  0.004860  -0.000971  -0.004860  0.999988  0.000598  0.000974  -0.000593  0.999999  0.000153  0.018208  
98.228330 0.001270  0.092445  0.002035  0.968946  0.236679  -0.071601  -0.234629  0.971421  0.035933  0.078059  -0.018017  0.996786  -0.000210  -0.000495  0.000239  0.083555  0.132080  0.671533  2.000000  0.999984  0.005571  -0.001109  -0.005570  0.999984  0.000686  0.001113  -0.000680  0.999999  0.999801  0.019575  -0.003780  -0.019565  0.999805  0.002491  0.003828  -0.002417  0.999990  1.000000  0.000245  -0.000048  -0.000245  1.000000  0.000031  0.000048  -0.000031  1.000000  0.999984  0.005571  -0.001109  -0.005570  0.999984  0.000686  0.001113  -0.000680  0.999999  0.000169  0.020088  
98.229330 0.001271  0.092445  0.002034  0.968489  0.238483  -0.071793  -0.236418  0.970979  0.036128  0.078326  -0.018017  0.996765  -0.000114  -0.000431  0.000176  0.088380  0.139977  0.733754  2.000000  0.999977  0.006604  -0.001307  -0.006603  0.999978  0.000814  0.001313  -0.000805  0.999999  0.999762  0.021427  -0.004011  -0.021416  0.999767  0.002640  0.004067  -0.002554  0.999988  1.000000  0.000268  -0.000050  -0.000268  1.000000  0.000032  0.000050  -0.000032  1.000000  0.999977  0.006604  -0.001307  -0.006603  0.999978  0.000814  0.001313  -0.000805  0.999999  0.000184  0.021955  
98.230331 0.001272  0.092445  0.002033  0.968068  0.240089  -0.072122  -0.238006  0.970584  0.036342  0.078726  -0.018016  0.996733  0.000012  -0.000339  0.000134  0.092766  0.152522  0.789313  2.000000  0.999969  0.007727  -0.001522  -0.007725  0.999970  0.000949  0.001530  -0.000938  0.999998  0.999724  0.023076  -0.004380  -0.023064  0.999730  0.002778  0.004443  -0.002676  0.999987  1.000000  0.000288  -0.000055  -0.000288  1.000000  0.000034  0.000055  -0.000034  1.000000  0.999969  0.007727  -0.001522  -0.007725  0.999970  0.000949  0.001530  -0.000938  0.999998  0.000199  0.023647  
98.231579 0.001274  0.092444  0.002034  0.967634  0.241706  -0.072551  -0.239590  0.970180  0.036707  0.079259  -0.018136  0.996689  0.000165  -0.000257  0.000162  0.101273  0.169458  0.844677  2.000000  0.999956  0.009233  -0.001817  -0.009231  0.999957  0.001134  0.001827  -0.001117  0.999998  0.999682  0.024728  -0.004879  -0.024713  0.999690  0.003041  0.004952  -0.002919  0.999983  1.000000  0.000309  -0.000061  -0.000309  1.000000  0.000037  0.000061  -0.000037  1.000000  0.999956  0.009233  -0.001817  -0.009231  0.999957  0.001134  0.001827  -0.001117  0.999998  0.000213  0.025383  
98.232579 0.001276  0.092443  0.002035  0.967306  0.242920  -0.072864  -0.240777  0.969875  0.037011  0.079660  -0.018257  0.996655  0.000267  -0.000181  0.000191  0.107827  0.180692  0.879159  2.000000  0.999943  0.010516  -0.002074  -0.010513  0.999944  0.001289  0.002087  -0.001267  0.999997  0.999644  0.026171  -0.005251  -0.026155  0.999653  0.003165  0.005332  -0.003026  0.999981  1.000000  0.000327  -0.000066  -0.000327  1.000000  0.000039  0.000066  -0.000039  1.000000  0.999943  0.010516  -0.002074  -0.010513  0.999944  0.001289  0.002087  -0.001267  0.999997  0.000226  0.026875  
98.233833 0.001279  0.092441  0.002037  0.966877  0.244524  -0.073191  -0.242362  0.969471  0.037228  0.080060  -0.018256  0.996623  0.000496  -0.000191  0.000265  0.113135  0.194664  0.941684  2.000000  0.999923  0.012206  -0.002418  -0.012202  0.999924  0.001498  0.002436  -0.001469  0.999996  0.999603  0.027616  -0.005620  -0.027597  0.999613  0.003411  0.005712  -0.003254  0.999978  1.000000  0.000345  -0.000071  -0.000345  1.000000  0.000042  0.000071  -0.000042  1.000000  0.999923  0.012206  -0.002418  -0.012202  0.999924  0.001498  0.002436  -0.001469  0.999996  0.000238  0.028382  
98.235079 0.001284  0.092437  0.002038  0.966395  0.246336  -0.073480  -0.244145  0.969010  0.037579  0.080460  -0.018376  0.996588  0.000847  -0.000356  0.000223  0.122211  0.207004  1.004067  2.000000  0.999899  0.013971  -0.002780  -0.013966  0.999901  0.001716  0.002804  -0.001677  0.999995  0.999578  0.028442  -0.005867  -0.028421  0.999590  0.003609  0.005967  -0.003441  0.999976  1.000000  0.000355  -0.000074  -0.000355  1.000000  0.000044  0.000074  -0.000044  1.000000  0.999899  0.013971  -0.002780  -0.013966  0.999901  0.001716  0.002804  -0.001677  0.999995  0.000255  0.029258  
98.236083 0.001288  0.092433  0.002040  0.966072  0.247537  -0.073692  -0.245333  0.968704  0.037735  0.080726  -0.018376  0.996567  0.001161  -0.000565  0.000202  0.125534  0.215229  1.045455  2.000000  0.999882  0.015045  -0.003003  -0.015040  0.999885  0.001852  0.003031  -0.001807  0.999994  0.999566  0.028854  -0.005992  -0.028833  0.999578  0.003649  0.006095  -0.003475  0.999975  1.000000  0.000361  -0.000076  -0.000361  1.000000  0.000045  0.000076  -0.000045  1.000000  0.999882  0.015045  -0.003003  -0.015040  0.999885  0.001852  0.003031  -0.001807  0.999994  0.000267  0.029689  
98.237090 0.001293  0.092430  0.002041  0.965747  0.248738  -0.073904  -0.246521  0.968396  0.037892  0.080993  -0.018376  0.996545  0.001537  -0.000782  0.000215  0.128846  0.223414  1.086647  2.000000  0.999859  0.016475  -0.003308  -0.016468  0.999862  0.002033  0.003341  -0.001978  0.999992  0.999577  0.028446  -0.006134  -0.028425  0.999590  0.003503  0.006231  -0.003327  0.999975  1.000000  0.000355  -0.000077  -0.000355  1.000000  0.000043  0.000077  -0.000043  1.000000  0.999859  0.016475  -0.003308  -0.016468  0.999862  0.002033  0.003341  -0.001978  0.999992  0.000276  0.029304  
98.238334 0.001298  0.092424  0.002041  0.965421  0.249930  -0.074145  -0.247708  0.968092  0.037932  0.081260  -0.018254  0.996526  0.001956  -0.001116  0.000353  0.128161  0.231782  1.128387  2.000000  0.999826  0.018268  -0.003696  -0.018260  0.999831  0.002250  0.003736  -0.002182  0.999991  0.999564  0.028858  -0.006263  -0.028837  0.999578  0.003422  0.006359  -0.003240  0.999975  1.000000  0.000361  -0.000079  -0.000361  1.000000  0.000042  0.000079  -0.000042  1.000000  0.999826  0.018268  -0.003696  -0.018260  0.999831  0.002250  0.003736  -0.002182  0.999991  0.000288  0.029721  
98.239590 0.001303  0.092418  0.002041  0.965144  0.250931  -0.074364  -0.248697  0.967833  0.038075  0.081527  -0.018254  0.996504  0.002354  -0.001595  0.000464  0.130970  0.240109  1.162769  2.000000  0.999790  0.020072  -0.004091  -0.020062  0.999796  0.002459  0.004140  -0.002376  0.999989  0.999564  0.028857  -0.006263  -0.028837  0.999579  0.003309  0.006355  -0.003127  0.999975  1.000000  0.000361  -0.000079  -0.000361  1.000000  0.000040  0.000079  -0.000040  1.000000  0.999790  0.020072  -0.004091  -0.020062  0.999796  0.002459  0.004140  -0.002376  0.999989  0.000297  0.029708  
98.240833 0.001309  0.092411  0.002041  0.964877  0.251921  -0.074485  -0.249687  0.967578  0.038068  0.081660  -0.018133  0.996495  0.002715  -0.002157  0.000516  0.129691  0.244121  1.197582  2.000000  0.999751  0.021855  -0.004475  -0.021843  0.999758  0.002661  0.004532  -0.002562  0.999986  0.999583  0.028236  -0.006008  -0.028217  0.999597  0.003145  0.006094  -0.002974  0.999977  1.000000  0.000353  -0.000076  -0.000353  1.000000  0.000038  0.000076  -0.000038  1.000000  0.999751  0.021855  -0.004475  -0.021843  0.999758  0.002661  0.004532  -0.002562  0.999986  0.000306  0.029033  
98.242085 0.001314  0.092403  0.002041  0.964598  0.252921  -0.074704  -0.250675  0.967317  0.038211  0.081927  -0.018132  0.996473  0.003017  -0.002828  0.000456  0.132534  0.252483  1.232118  2.000000  0.999710  0.023594  -0.004834  -0.023580  0.999718  0.002851  0.004900  -0.002736  0.999984  0.999609  0.027406  -0.005626  -0.027389  0.999620  0.002964  0.005706  -0.002809  0.999980  1.000000  0.000343  -0.000071  -0.000343  1.000000  0.000036  0.000071  -0.000036  1.000000  0.999710  0.023594  -0.004834  -0.023580  0.999718  0.002851  0.004900  -0.002736  0.999984  0.000315  0.028129  
98.243330 0.001317  0.092395  0.002041  0.964370  0.253713  -0.074961  -0.251464  0.967112  0.038223  0.082193  -0.018011  0.996454  0.003155  -0.003367  0.000447  0.130838  0.261172  1.260369  2.000000  0.999668  0.025258  -0.005172  -0.025242  0.999677  0.003030  0.005247  -0.002899  0.999982  0.999643  0.026169  -0.005384  -0.026154  0.999654  0.002749  0.005454  -0.002608  0.999982  1.000000  0.000327  -0.000068  -0.000327  1.000000  0.000033  0.000068  -0.000033  1.000000  0.999668  0.025258  -0.005172  -0.025242  0.999677  0.003030  0.005247  -0.002899  0.999982  0.000322  0.026854  
98.244582 0.001320  0.092387  0.002041  0.964246  0.254107  -0.075234  -0.251855  0.967011  0.038204  0.082460  -0.017890  0.996434  0.003286  -0.003940  0.000511  0.124375  0.261824  1.225694  2.000000  0.999633  0.026538  -0.005430  -0.026521  0.999643  0.003158  0.005512  -0.003013  0.999980  0.999666  0.025342  -0.005136  -0.025329  0.999676  0.002443  0.005196  -0.002312  0.999984  1.000000  0.000317  -0.000065  -0.000317  1.000000  0.000030  0.000065  -0.000030  1.000000  0.999633  0.026538  -0.005430  -0.026521  0.999643  0.003158  0.005512  -0.003013  0.999980  0.000317  0.025969  
98.245584 0.001322  0.092381  0.002041  0.964142  0.254505  -0.075218  -0.252252  0.966906  0.038235  0.082460  -0.017890  0.996434  0.003330  -0.004345  0.000513  0.121739  0.257918  1.191049  2.000000  0.999598  0.027761  -0.005681  -0.027743  0.999610  0.003273  0.005770  -0.003114  0.999979  0.999702  0.023902  -0.005034  -0.023892  0.999712  0.002085  0.005082  -0.001965  0.999985  1.000000  0.000299  -0.000063  -0.000299  1.000000  0.000025  0.000063  -0.000025  1.000000  0.999598  0.027761  -0.005681  -0.027743  0.999610  0.003273  0.005770  -0.003114  0.999979  0.000308  0.024513  
98.246829 0.001323  0.092372  0.002040  0.964038  0.254894  -0.075234  -0.252649  0.966806  0.038149  0.082460  -0.017769  0.996436  0.003272  -0.004805  0.000408  0.111132  0.251732  1.160800  2.000000  0.999555  0.029209  -0.005980  -0.029189  0.999568  0.003400  0.006076  -0.003224  0.999976  0.999737  0.022457  -0.004664  -0.022449  0.999746  0.001846  0.004704  -0.001741  0.999987  1.000000  0.000281  -0.000059  -0.000281  1.000000  0.000022  0.000059  -0.000022  1.000000  0.999555  0.029209  -0.005980  -0.029189  0.999568  0.003400  0.006076  -0.003224  0.999976  0.000299  0.023009  
98.247830 0.001323  0.092364  0.002040  0.963986  0.255084  -0.075257  -0.252847  0.966758  0.038047  0.082460  -0.017648  0.996438  0.003150  -0.005197  0.000307  0.101740  0.254325  1.142928  2.000000  0.999522  0.030293  -0.006205  -0.030271  0.999536  0.003485  0.006308  -0.003295  0.999975  0.999765  0.021221  -0.004423  -0.021214  0.999774  0.001502  0.004454  -0.001408  0.999989  1.000000  0.000265  -0.000055  -0.000265  1.000000  0.000018  0.000055  -0.000018  1.000000  0.999522  0.030293  -0.006205  -0.030271  0.999536  0.003485  0.006308  -0.003295  0.999975  0.000295  0.021727  
98.249080 0.001323  0.092354  0.002040  0.963882  0.255464  -0.075303  -0.253244  0.966662  0.037843  0.082460  -0.017406  0.996442  0.002825  -0.005707  0.000227  0.091913  0.243753  1.119933  2.000000  0.999482  0.031518  -0.006467  -0.031496  0.999498  0.003567  0.006576  -0.003361  0.999973  0.999816  0.018751  -0.004072  -0.018746  0.999824  0.001057  0.004091  -0.000980  0.999991  1.000000  0.000234  -0.000051  -0.000234  1.000000  0.000013  0.000051  -0.000013  1.000000  0.999482  0.031518  -0.006467  -0.031496  0.999498  0.003567  0.006576  -0.003361  0.999973  0.000288  0.019216  
98.250087 0.001321  0.092346  0.002041  0.963882  0.255455  -0.075334  -0.253244  0.966666  0.037726  0.082460  -0.017286  0.996444  0.002362  -0.006156  0.000109  0.080978  0.228558  1.080259  2.000000  0.999453  0.032407  -0.006659  -0.032383  0.999469  0.003614  0.006773  -0.003396  0.999971  0.999847  0.017101  -0.003704  -0.017098  0.999853  0.000800  0.003717  -0.000737  0.999993  1.000000  0.000214  -0.000046  -0.000214  1.000000  0.000010  0.000046  -0.000010  1.000000  0.999453  0.032407  -0.006659  -0.032383  0.999469  0.003614  0.006773  -0.003396  0.999971  0.000280  0.017515  
98.251330 0.001317  0.092336  0.002040  0.963871  0.255448  -0.075494  -0.253242  0.966670  0.037643  0.082593  -0.017164  0.996436  0.001855  -0.006456  0.000024  0.072821  0.214187  1.023165  2.000000  0.999418  0.033403  -0.006876  -0.033379  0.999436  0.003650  0.006994  -0.003418  0.999970  0.999878  0.015246  -0.003341  -0.015245  0.999884  0.000286  0.003345  -0.000235  0.999994  1.000000  0.000191  -0.000042  -0.000191  1.000000  0.000003  0.000042  -0.000003  1.000000  0.999418  0.033403  -0.006876  -0.033379  0.999436  0.003650  0.006994  -0.003418  0.999970  0.000266  0.015611  
98.252336 0.001314  0.092328  0.002041  0.963871  0.255430  -0.075556  -0.253242  0.966680  0.037408  0.082593  -0.016923  0.996440  0.001327  -0.006746  -0.000028  0.056609  0.197374  0.968165  2.000000  0.999399  0.033949  -0.006997  -0.033924  0.999418  0.003659  0.007117  -0.003419  0.999969  0.999894  0.014215  -0.003094  -0.014215  0.999899  0.000080  0.003095  -0.000036  0.999995  1.000000  0.000178  -0.000039  -0.000178  1.000000  0.000001  0.000039  -0.000001  1.000000  0.999399  0.033949  -0.006997  -0.033924  0.999418  0.003659  0.007117  -0.003419  0.999969  0.000251  0.014548  
98.253581 0.001309  0.092318  0.002042  0.963871  0.255411  -0.075618  -0.253242  0.966689  0.037174  0.082593  -0.016681  0.996444  0.000695  -0.006991  0.000038  0.039272  0.180782  0.899454  2.000000  0.999369  0.034775  -0.007175  -0.034749  0.999389  0.003650  0.007297  -0.003398  0.999968  0.999917  0.012566  -0.002726  -0.012567  0.999921  -0.000420  0.002720  0.000454  0.999996  1.000000  0.000157  -0.000034  -0.000157  1.000000  -0.000005  0.000034  0.000005  1.000000  0.999369  0.034775  -0.007175  -0.034749  0.999389  0.003650  0.007297  -0.003398  0.999968  0.000232  0.012866  
98.254835 0.001304  0.092309  0.002044  0.963871  0.255393  -0.075680  -0.253242  0.966698  0.036939  0.082593  -0.016439  0.996448  -0.000012  -0.007202  0.000158  0.022020  0.170020  0.837628  2.000000  0.999343  0.035503  -0.007329  -0.035477  0.999364  0.003613  0.007453  -0.003350  0.999967  0.999938  0.010917  -0.002356  -0.010918  0.999940  -0.000798  0.002347  0.000824  0.999997  1.000000  0.000136  -0.000029  -0.000136  1.000000  -0.000010  0.000029  0.000010  1.000000  0.999343  0.035503  -0.007329  -0.035477  0.999364  0.003613  0.007453  -0.003350  0.999967  0.000217  0.011198  
98.256091 0.001298  0.092298  0.002045  0.963871  0.255374  -0.075742  -0.253242  0.966707  0.036705  0.082593  -0.016198  0.996452  -0.000804  -0.007406  0.000248  0.004366  0.162268  0.768530  2.000000  0.999320  0.036117  -0.007460  -0.036091  0.999342  0.003546  0.007583  -0.003275  0.999966  0.999959  0.008855  -0.001859  -0.008858  0.999960  -0.001332  0.001847  0.001348  0.999997  1.000000  0.000111  -0.000023  -0.000111  1.000000  -0.000017  0.000023  0.000017  1.000000  0.999320  0.036117  -0.007460  -0.036091  0.999342  0.003546  0.007583  -0.003275  0.999966  0.000200  0.009147  
98.257331 0.001289  0.092286  0.002044  0.963934  0.255155  -0.075682  -0.253046  0.966768  0.036421  0.082460  -0.015956  0.996467  -0.001717  -0.007697  0.000206  -0.011546  0.147263  0.677377  2.000000  0.999301  0.036608  -0.007567  -0.036582  0.999325  0.003448  0.007688  -0.003168  0.999965  0.999973  0.007207  -0.001488  -0.007209  0.999972  -0.001832  0.001475  0.001843  0.999997  1.000000  0.000090  -0.000019  -0.000090  1.000000  -0.000023  0.000019  0.000023  1.000000  0.999301  0.036608  -0.007567  -0.036582  0.999325  0.003448  0.007688  -0.003168  0.999965  0.000180  0.007585  
98.258331 0.001281  0.092277  0.002043  0.963944  0.255135  -0.075615  -0.253049  0.966778  0.036152  0.082327  -0.015714  0.996481  -0.002618  -0.007951  0.000098  -0.026965  0.133272  0.630039  2.000000  0.999289  0.036931  -0.007635  -0.036906  0.999313  0.003352  0.007754  -0.003068  0.999965  0.999980  0.006174  -0.001105  -0.006176  0.999979  -0.002039  0.001093  0.002046  0.999997  1.000000  0.000077  -0.000014  -0.000077  1.000000  -0.000026  0.000014  0.000026  1.000000  0.999289  0.036931  -0.007635  -0.036906  0.999313  0.003352  0.007754  -0.003068  0.999965  0.000164  0.006596  
98.259584 0.001271  0.092265  0.002041  0.964007  0.254906  -0.075586  -0.252853  0.966844  0.035751  0.082193  -0.015352  0.996498  -0.003436  -0.008172  -0.000006  -0.045741  0.112275  0.546794  2.000000  0.999278  0.037203  -0.007687  -0.037179  0.999303  0.003241  0.007802  -0.002953  0.999965  0.999986  0.005144  -0.000856  -0.005146  0.999984  -0.002367  0.000844  0.002371  0.999997  1.000000  0.000064  -0.000011  -0.000064  1.000000  -0.000030  0.000011  0.000030  1.000000  0.999278  0.037203  -0.007687  -0.037179  0.999303  0.003241  0.007802  -0.002953  0.999965  0.000145  0.005727  
98.260836 0.001260  0.092254  0.002039  0.964018  0.254886  -0.075519  -0.252856  0.966853  0.035483  0.082060  -0.015110  0.996513  -0.004271  -0.008362  -0.000123  -0.062909  0.095354  0.484395  2.000000  0.999278  0.037203  -0.007687  -0.037179  0.999303  0.003241  0.007802  -0.002953  0.999965  0.999992  0.003906  -0.000475  -0.003908  0.999989  -0.002712  0.000464  0.002713  0.999996  1.000000  0.000000  0.000000  0.000000  1.000000  0.000000  0.000000  0.000000  1.000000  0.999278  0.037203  -0.007687  -0.037179  0.999303  0.003241  0.007802  -0.002953  0.999965  0.000130  0.000000  
98.262083 0.001248  0.092243  0.002036  0.964028  0.254866  -0.075452  -0.252859  0.966862  0.035214  0.081927  -0.014869  0.996527  -0.005129  -0.008493  -0.000273  -0.075441  0.073855  0.428883  2.000000  0.999278  0.037203  -0.007687  -0.037179  0.999303  0.003241  0.007802  -0.002953  0.999965  0.999996  0.002876  -0.000224  -0.002877  0.999992  -0.002917  0.000216  0.002918  0.999996  1.000000  0.000000  0.000000  0.000000  1.000000  0.000000  0.000000  0.000000  1.000000  0.999278  0.037203  -0.007687  -0.037179  0.999303  0.003241  0.007802  -0.002953  0.999965  0.000115  0.000000  
98.263331 0.001235  0.092232  0.002033  0.964028  0.254847  -0.075514  -0.252859  0.966871  0.034980  0.081927  -0.014627  0.996531  -0.005941  -0.008556  -0.000487  -0.091504  0.061187  0.380373  2.000000  0.999278  0.037203  -0.007687  -0.037179  0.999303  0.003241  0.007802  -0.002953  0.999965  0.999998  0.002050  0.000164  -0.002049  0.999993  -0.003228  -0.000171  0.003227  0.999995  1.000000  0.000000  0.000000  0.000000  1.000000  0.000000  0.000000  0.000000  1.000000  0.999278  0.037203  -0.007687  -0.037179  0.999303  0.003241  0.007802  -0.002953  0.999965  0.000103  0.000000  
98.264579 0.001221  0.092222  0.002029  0.964039  0.254836  -0.075416  -0.252861  0.966875  0.034829  0.081793  -0.014506  0.996544  -0.006680  -0.008555  -0.000748  -0.098648  0.043661  0.329103  2.000000  0.999278  0.037203  -0.007687  -0.037179  0.999303  0.003241  0.007802  -0.002953  0.999965  0.999999  0.001223  0.000553  -0.001221  0.999993  -0.003417  -0.000557  0.003416  0.999994  1.000000  0.000000  0.000000  0.000000  1.000000  0.000000  0.000000  0.000000  1.000000  0.999278  0.037203  -0.007687  -0.037179  0.999303  0.003241  0.007802  -0.002953  0.999965  0.000090  0.000000  
98.265580 0.001210  0.092213  0.002026  0.964049  0.254816  -0.075349  -0.252864  0.966884  0.034560  0.081660  -0.014265  0.996558  -0.007322  -0.008597  -0.000998  -0.114738  0.031108  0.281208  2.000000  0.999278  0.037203  -0.007687  -0.037179  0.999303  0.003241  0.007802  -0.002953  0.999965  0.999999  0.000811  0.000681  -0.000809  0.999993  -0.003572  -0.000684  0.003571  0.999993  1.000000  0.000000  0.000000  0.000000  1.000000  0.000000  0.000000  0.000000  1.000000  0.999278  0.037203  -0.007687  -0.037179  0.999303  0.003241  0.007802  -0.002953  0.999965  0.000077  0.000000  
98.266828 0.001195  0.092203  0.002021  0.964060  0.254805  -0.075251  -0.252867  0.966889  0.034409  0.081527  -0.014144  0.996571  -0.008047  -0.008578  -0.001325  -0.122581  0.018505  0.232907  2.000000  0.999278  0.037203  -0.007687  -0.037179  0.999303  0.003241  0.007802  -0.002953  0.999965  0.999999  0.000397  0.000942  -0.000394  0.999993  -0.003605  -0.000944  0.003605  0.999993  1.000000  0.000000  0.000000  0.000000  1.000000  0.000000  0.000000  0.000000  1.000000  0.999278  0.037203  -0.007687  -0.037179  0.999303  0.003241  0.007802  -0.002953  0.999965  0.000067  0.000000  
98.267829 0.001183  0.092195  0.002017  0.964018  0.254984  -0.075176  -0.253068  0.966845  0.034156  0.081393  -0.013902  0.996585  -0.008603  -0.008600  -0.001601  -0.128851  0.005610  0.205347  2.000000  0.999278  0.037203  -0.007687  -0.037179  0.999303  0.003241  0.007802  -0.002953  0.999965  0.999999  0.000190  0.001073  -0.000186  0.999993  -0.003622  -0.001074  0.003622  0.999993  1.000000  0.000000  0.000000  0.000000  1.000000  0.000000  0.000000  0.000000  1.000000  0.999278  0.037203  -0.007687  -0.037179  0.999303  0.003241  0.007802  -0.002953  0.999965  0.000060  0.000000  
98.268834 0.001172  0.092188  0.002014  0.964018  0.254975  -0.075207  -0.253068  0.966849  0.034039  0.081393  -0.013782  0.996587  -0.009117  -0.008549  -0.001892  0.000000  0.000000  0.000000  2.000000  0.999278  0.037203  -0.007687  -0.037179  0.999303  0.003241  0.007802  -0.002953  0.999965  0.999999  -0.000015  0.001070  0.000019  0.999993  -0.003760  -0.001070  0.003760  0.999992  1.000000  0.000000  0.000000  0.000000  1.000000  0.000000  0.000000  0.000000  1.000000  0.999278  0.037203  -0.007687  -0.037179  0.999303  0.003241  0.007802  -0.002953  0.999965  0.000000  0.000000  
98.269835 0.001160  0.092181  0.002011  0.964029  0.254955  -0.075140  -0.253071  0.966858  0.033770  0.081260  -0.013540  0.996601  -0.009626  -0.008521  -0.002173  0.000000  0.000000  0.000000  2.000000  0.999278  0.037203  -0.007687  -0.037179  0.999303  0.003241  0.007802  -0.002953  0.999965  0.999999  -0.000222  0.001201  0.000226  0.999992  -0.003898  -0.001200  0.003898  0.999992  1.000000  0.000000  0.000000  0.000000  1.000000  0.000000  0.000000  0.000000  1.000000  0.999278  0.037203  -0.007687  -0.037179  0.999303  0.003241  0.007802  -0.002953  0.999965  0.000000  0.000000  
98.271080 0.001145  0.092172  0.002007  0.964029  0.254937  -0.075202  -0.253071  0.966866  0.033536  0.081260  -0.013298  0.996604  -0.010163  -0.008433  -0.002488  0.000000  0.000000  0.000000  2.000000  0.999278  0.037203  -0.007687  -0.037179  0.999303  0.003241  0.007802  -0.002953  0.999965  0.999999  -0.000221  0.001201  0.000226  0.999992  -0.004020  -0.001200  0.004020  0.999991  1.000000  0.000000  0.000000  0.000000  1.000000  0.000000  0.000000  0.000000  1.000000  0.999278  0.037203  -0.007687  -0.037179  0.999303  0.003241  0.007802  -0.002953  0.999965  0.000000  0.000000  
98.272081 0.001134  0.092165  0.002004  0.963977  0.255117  -0.075257  -0.253269  0.966822  0.033317  0.081260  -0.013056  0.996607  -0.010456  -0.008273  -0.002697  -0.162555  -0.023691  0.088564  2.000000  0.999278  0.037203  -0.007687  -0.037179  0.999303  0.003241  0.007802  -0.002953  0.999965  0.999999  -0.000018  0.001338  0.000023  0.999992  -0.003881  -0.001338  0.003882  0.999992  1.000000  0.000000  0.000000  0.000000  1.000000  0.000000  0.000000  0.000000  1.000000  0.999278  0.037203  -0.007687  -0.037179  0.999303  0.003241  0.007802  -0.002953  0.999965  0.000000  0.000000  
98.273084 0.001123  0.092158  0.002001  0.963966  0.255110  -0.075417  -0.253267  0.966826  0.033233  0.081393  -0.012935  0.996598  -0.010710  -0.008041  -0.002856  -0.166124  -0.027941  0.061636  2.000000  0.999278  0.037203  -0.007687  -0.037179  0.999303  0.003241  0.007802  -0.002953  0.999965  0.999999  -0.000016  0.001204  0.000020  0.999992  -0.004003  -0.001204  0.004003  0.999991  1.000000  0.000000  0.000000  0.000000  1.000000  0.000000  0.000000  0.000000  1.000000  0.999278  0.037203  -0.007687  -0.037179  0.999303  0.003241  0.007802  -0.002953  0.999965  0.000046  0.000000  
98.274331 0.001109  0.092149  0.001996  0.963925  0.255289  -0.075343  -0.253468  0.966781  0.032981  0.081260  -0.012694  0.996612  -0.010930  -0.007879  -0.003039  -0.170798  -0.041321  0.054550  2.000000  0.999278  0.037203  -0.007687  -0.037179  0.999303  0.003241  0.007802  -0.002953  0.999965  0.999999  0.000190  0.001207  -0.000185  0.999992  -0.003986  -0.001207  0.003986  0.999991  1.000000  0.000000  0.000000  0.000000  1.000000  0.000000  0.000000  0.000000  1.000000  0.999278  0.037203  -0.007687  -0.037179  0.999303  0.003241  0.007802  -0.002953  0.999965  0.000047  0.000000  
98.275583 0.001097  0.092140  0.001992  0.963873  0.255470  -0.075398  -0.253666  0.966737  0.032762  0.081260  -0.012452  0.996615  -0.011020  -0.007703  -0.003158  -0.178022  -0.040866  0.047261  2.000000  0.999278  0.037203  -0.007687  -0.037179  0.999303  0.003241  0.007802  -0.002953  0.999965  0.999999  0.000394  0.001343  -0.000388  0.999992  -0.003969  -0.001345  0.003969  0.999991  1.000000  0.000000  0.000000  0.000000  1.000000  0.000000  0.000000  0.000000  1.000000  0.999278  0.037203  -0.007687  -0.037179  0.999303  0.003241  0.007802  -0.002953  0.999965  0.000047  0.000000  
98.276584 0.001088  0.092133  0.001989  0.963873  0.255452  -0.075460  -0.253666  0.966745  0.032527  0.081260  -0.012210  0.996618  -0.010982  -0.007589  -0.003241  -0.184685  -0.040983  0.033865  2.000000  0.999278  0.037203  -0.007687  -0.037179  0.999303  0.003241  0.007802  -0.002953  0.999965  0.999999  0.000394  0.001343  -0.000389  0.999992  -0.003969  -0.001344  0.003969  0.999991  1.000000  0.000000  0.000000  0.000000  1.000000  0.000000  0.000000  0.000000  1.000000  0.999278  0.037203  -0.007687  -0.037179  0.999303  0.003241  0.007802  -0.002953  0.999965  0.000048  0.000000  
98.277615 0.001080  0.092126  0.001986  0.963820  0.255641  -0.075485  -0.253865  0.966696  0.032425  0.081260  -0.012089  0.996620  -0.010820  -0.007485  -0.003308  -0.184498  -0.040938  0.033836  2.000000  0.999278  0.037203  -0.007687  -0.037179  0.999303  0.003241  0.007802  -0.002953  0.999965  0.999999  0.000806  0.001214  -0.000801  0.999992  -0.003815  -0.001217  0.003814  0.999992  1.000000  0.000000  0.000000  0.000000  1.000000  0.000000  0.000000  0.000000  1.000000  0.999278  0.037203  -0.007687  -0.037179  0.999303  0.003241  0.007802  -0.002953  0.999965  0.000048  0.000000  
98.278832 0.001071  0.092118  0.001981  0.963820  0.255623  -0.075547  -0.253865  0.966704  0.032191  0.081260  -0.011848  0.996623  -0.010533  -0.007339  -0.003388  -0.185835  -0.040773  0.020092  2.000000  0.999278  0.037203  -0.007687  -0.037179  0.999303  0.003241  0.007802  -0.002953  0.999965  0.999999  0.000808  0.001080  -0.000804  0.999992  -0.003815  -0.001083  0.003814  0.999992  1.000000  0.000000  0.000000  0.000000  1.000000  0.000000  0.000000  0.000000  1.000000  0.999278  0.037203  -0.007687  -0.037179  0.999303  0.003241  0.007802  -0.002953  0.999965  0.000048  0.000000  
98.280079 0.001064  0.092110  0.001976  0.963768  0.255813  -0.075571  -0.254063  0.966655  0.032089  0.081260  -0.011727  0.996624  -0.010132  -0.007182  -0.003442  -0.183787  -0.040544  0.026777  2.000000  0.999278  0.037203  -0.007687  -0.037179  0.999303  0.003241  0.007802  -0.002953  0.999965  0.999999  0.001220  0.000951  -0.001217  0.999993  -0.003539  -0.000955  0.003537  0.999993  1.000000  0.000000  0.000000  0.000000  1.000000  0.000000  0.000000  0.000000  1.000000  0.999278  0.037203  -0.007687  -0.037179  0.999303  0.003241  0.007802  -0.002953  0.999965  0.000048  0.000000  
98.281080 0.001058  0.092104  0.001971  0.963716  0.256003  -0.075595  -0.254262  0.966606  0.031987  0.081260  -0.011606  0.996625  -0.009733  -0.006999  -0.003523  -0.183178  -0.045089  0.033549  2.000000  0.999278  0.037203  -0.007687  -0.037179  0.999303  0.003241  0.007802  -0.002953  0.999965  0.999999  0.001427  0.000820  -0.001424  0.999993  -0.003522  -0.000825  0.003521  0.999993  1.000000  0.000000  0.000000  0.000000  1.000000  0.000000  0.000000  0.000000  1.000000  0.999278  0.037203  -0.007687  -0.037179  0.999303  0.003241  0.007802  -0.002953  0.999965  0.000048  0.000000  
98.282334 0.001052  0.092096  0.001964  0.963716  0.255994  -0.075626  -0.254262  0.966610  0.031870  0.081260  -0.011485  0.996627  -0.009196  -0.006869  -0.003644  -0.179144  -0.045085  0.033559  2.000000  0.999278  0.037203  -0.007687  -0.037179  0.999303  0.003241  0.007802  -0.002953  0.999965  0.999999  0.001427  0.000819  -0.001424  0.999993  -0.003401  -0.000824  0.003399  0.999994  1.000000  0.000000  0.000000  0.000000  1.000000  0.000000  0.000000  0.000000  1.000000  0.999278  0.037203  -0.007687  -0.037179  0.999303  0.003241  0.007802  -0.002953  0.999965  0.000047  0.000000  
98.283580 0.001046  0.092088  0.001957  0.963716  0.255994  -0.075626  -0.254262  0.966610  0.031870  0.081260  -0.011485  0.996627  -0.008574  -0.006766  -0.003812  -0.171056  -0.045080  0.033564  2.000000  0.999278  0.037203  -0.007687  -0.037179  0.999303  0.003241  0.007802  -0.002953  0.999965  0.999999  0.001428  0.000686  -0.001426  0.999994  -0.003158  -0.000690  0.003157  0.999995  1.000000  0.000000  0.000000  0.000000  1.000000  0.000000  0.000000  0.000000  1.000000  0.999278  0.037203  -0.007687  -0.037179  0.999303  0.003241  0.007802  -0.002953  0.999965  0.000046  0.000000  
98.284580 0.001042  0.092082  0.001952  0.963663  0.256183  -0.075651  -0.254460  0.966561  0.031768  0.081260  -0.011364  0.996628  -0.007995  -0.006696  -0.003988  -0.170486  -0.045170  0.040407  2.000000  0.999278  0.037203  -0.007687  -0.037179  0.999303  0.003241  0.007802  -0.002953  0.999965  0.999998  0.001634  0.000688  -0.001632  0.999994  -0.003141  -0.000693  0.003140  0.999995  1.000000  0.000000  0.000000  0.000000  1.000000  0.000000  0.000000  0.000000  1.000000  0.999278  0.037203  -0.007687  -0.037179  0.999303  0.003241  0.007802  -0.002953  0.999965  0.000045  0.000000  
98.285590 0.001038  0.092077  0.001947  0.963663  0.256183  -0.075651  -0.254460  0.966561  0.031768  0.081260  -0.011364  0.996628  -0.007451  -0.006610  -0.004147  -0.163713  -0.045531  0.040739  2.000000  0.999278  0.037203  -0.007687  -0.037179  0.999303  0.003241  0.007802  -0.002953  0.999965  0.999999  0.001635  0.000554  -0.001634  0.999994  -0.002899  -0.000559  0.002898  0.999996  1.000000  0.000000  0.000000  0.000000  1.000000  0.000000  0.000000  0.000000  1.000000  0.999278  0.037203  -0.007687  -0.037179  0.999303  0.003241  0.007802  -0.002953  0.999965  0.000044  0.000000  
98.286854 0.001035  0.092070  0.001941  0.963611  0.256373  -0.075676  -0.254658  0.966512  0.031667  0.081260  -0.011243  0.996630  -0.006669  -0.006418  -0.004253  0.000000  0.000000  0.000000  2.000000  0.999278  0.037203  -0.007687  -0.037179  0.999303  0.003241  0.007802  -0.002953  0.999965  0.999998  0.001842  0.000422  -0.001841  0.999994  -0.002882  -0.000428  0.002881  0.999996  1.000000  0.000000  0.000000  0.000000  1.000000  0.000000  0.000000  0.000000  1.000000  0.999278  0.037203  -0.007687  -0.037179  0.999303  0.003241  0.007802  -0.002953  0.999965  0.000000  0.000000  
