1-Time 2-Px 3-Py 4-Pz 5-R11 6-R21 7-R31 8-R12 9-R22 10-R32 11-R13 12-R23 13-R33 14-Vx 15-Vy 16-Vz 17-Wx 18-Wy 19-Wz 20-state 21-PR11 22-PR21 23-PR31 24-PR12 25-PR22 26-PR32 27-PR13 28-PR23 29-PR33 
130.455282 -0.001129  0.088002  -0.002837  0.998493  0.040581  0.036943  -0.040724  0.999166  0.003106  -0.036786  -0.004606  0.999313  0.000368  0.000642  0.001161  0.000000  0.000000  0.000000  2.000000  1.000000  0.000000  0.000000  -0.000000  1.000000  0.000000  0.000000  -0.000000  1.000000  0.999999  -0.001026  -0.000540  0.001026  0.999999  0.000159  0.000540  -0.000160  1.000000  1.000000  0.000000  0.000000  0.000000  1.000000  0.000000  0.000000  0.000000  1.000000  0.554028  0.680625  -0.479377  -0.750357  0.657673  0.066565  0.360579  0.322825  0.875081  0.000000  0.000000  
130.456298 -0.001128  0.088002  -0.002836  0.998493  0.040581  0.036943  -0.040724  0.999166  0.003106  -0.036786  -0.004606  0.999313  0.000350  0.000613  0.001108  0.000000  0.000000  0.000000  2.000000  1.000000  0.000000  0.000000  0.000000  1.000000  0.000000  0.000000  0.000000  1.000000  1.000000  -0.000821  -0.000405  0.000821  1.000000  0.000152  0.000405  -0.000152  1.000000  1.000000  0.000000  0.000000  0.000000  1.000000  0.000000  0.000000  0.000000  1.000000  1.000000  0.000000  0.000000  0.000000  1.000000  0.000000  0.000000  0.000000  1.000000  0.000000  0.000000  
130.457539 -0.001130  0.088000  -0.002837  0.998480  0.040786  0.037077  -0.040929  0.999157  0.003093  -0.036920  -0.004606  0.999308  0.000211  0.000386  0.000961  0.000000  0.000000  0.000000  2.000000  1.000000  0.000000  0.000000  0.000000  1.000000  0.000000  0.000000  0.000000  1.000000  1.000000  -0.000616  -0.000270  0.000616  1.000000  0.000144  0.000270  -0.000144  1.000000  1.000000  0.000000  0.000000  0.000000  1.000000  0.000000  0.000000  0.000000  1.000000  1.000000  0.000000  0.000000  0.000000  1.000000  0.000000  0.000000  0.000000  1.000000  0.000000  0.000000  
130.458539 -0.001132  0.087997  -0.002838  0.998466  0.040991  0.037212  -0.041134  0.999149  0.003080  -0.037054  -0.004606  0.999303  0.000061  0.000108  0.000773  0.000000  0.000000  0.000000  2.000000  1.000000  0.000000  0.000000  0.000000  1.000000  0.000000  0.000000  0.000000  1.000000  1.000000  -0.000411  -0.000136  0.000411  1.000000  0.000137  0.000136  -0.000137  1.000000  1.000000  0.000000  0.000000  0.000000  1.000000  0.000000  0.000000  0.000000  1.000000  1.000000  0.000000  0.000000  0.000000  1.000000  0.000000  0.000000  0.000000  1.000000  0.000000  0.000000  
130.459785 -0.001133  0.087993  -0.002839  0.998453  0.041197  0.037346  -0.041340  0.999140  0.003067  -0.037187  -0.004606  0.999298  -0.000076  -0.000216  0.000606  0.000000  0.000000  0.000000  2.000000  1.000000  0.000000  0.000000  0.000000  1.000000  0.000000  0.000000  0.000000  1.000000  1.000000  -0.000000  0.000000  0.000000  1.000000  0.000121  0.000000  -0.000121  1.000000  1.000000  0.000000  0.000000  0.000000  1.000000  0.000000  0.000000  0.000000  1.000000  1.000000  0.000000  0.000000  0.000000  1.000000  0.000000  0.000000  0.000000  1.000000  0.000000  0.000000  
130.461052 -0.001135  0.087989  -0.002840  0.998448  0.041191  0.037484  -0.041339  0.999140  0.003183  -0.037321  -0.004727  0.999292  -0.000226  -0.000494  0.000418  0.000000  0.000000  0.000000  2.000000  1.000000  0.000000  0.000000  0.000000  1.000000  0.000000  0.000000  0.000000  1.000000  1.000000  -0.000001  0.000268  0.000001  1.000000  0.000243  -0.000268  -0.000243  1.000000  1.000000  0.000000  0.000000  0.000000  1.000000  0.000000  0.000000  0.000000  1.000000  1.000000  0.000000  0.000000  0.000000  1.000000  0.000000  0.000000  0.000000  1.000000  0.000000  0.000000  
130.462284 -0.001136  0.087985  -0.002841  0.998439  0.041397  0.037485  -0.041545  0.999132  0.003175  -0.037321  -0.004727  0.999292  -0.000391  -0.000810  0.000315  0.000000  0.000000  0.000000  2.000000  1.000000  0.000000  0.000000  0.000000  1.000000  0.000000  0.000000  0.000000  1.000000  1.000000  0.000204  0.000269  -0.000205  1.000000  0.000235  -0.000269  -0.000235  1.000000  1.000000  0.000000  0.000000  0.000000  1.000000  0.000000  0.000000  0.000000  1.000000  1.000000  0.000000  0.000000  0.000000  1.000000  0.000000  0.000000  0.000000  1.000000  0.000000  0.000000  
130.463535 -0.001138  0.087982  -0.002841  0.998431  0.041598  0.037491  -0.041751  0.999123  0.003288  -0.037321  -0.004848  0.999292  -0.000504  -0.001087  0.000157  0.000000  0.000000  0.000000  2.000000  1.000000  0.000000  0.000000  0.000000  1.000000  0.000000  0.000000  0.000000  1.000000  1.000000  0.000410  0.000270  -0.000410  1.000000  0.000227  -0.000269  -0.000227  1.000000  1.000000  0.000000  0.000000  0.000000  1.000000  0.000000  0.000000  0.000000  1.000000  1.000000  0.000000  0.000000  0.000000  1.000000  0.000000  0.000000  0.000000  1.000000  0.000000  0.000000  
130.464536 -0.001138  0.087979  -0.002843  0.998422  0.041804  0.037492  -0.041956  0.999114  0.003281  -0.037321  -0.004848  0.999292  -0.000547  -0.001294  -0.000006  0.000000  0.000000  0.000000  2.000000  1.000000  0.000000  0.000000  0.000000  1.000000  0.000000  0.000000  0.000000  1.000000  1.000000  0.000616  0.000271  -0.000616  1.000000  0.000341  -0.000270  -0.000341  1.000000  1.000000  0.000000  0.000000  0.000000  1.000000  0.000000  0.000000  0.000000  1.000000  1.000000  0.000000  0.000000  0.000000  1.000000  0.000000  0.000000  0.000000  1.000000  0.000000  0.000000  
130.465782 -0.001139  0.087976  -0.002844  0.998414  0.042010  0.037492  -0.042162  0.999105  0.003273  -0.037321  -0.004848  0.999292  -0.000633  -0.001580  -0.000229  0.000000  0.000000  0.000000  2.000000  1.000000  0.000000  0.000000  0.000000  1.000000  0.000000  0.000000  0.000000  1.000000  0.999999  0.001027  0.000273  -0.001027  0.999999  0.000325  -0.000272  -0.000326  1.000000  1.000000  0.000000  0.000000  0.000000  1.000000  0.000000  0.000000  0.000000  1.000000  1.000000  0.000000  0.000000  0.000000  1.000000  0.000000  0.000000  0.000000  1.000000  0.000000  0.000000  
130.467034 -0.001140  0.087972  -0.002846  0.998400  0.042215  0.037626  -0.042367  0.999097  0.003260  -0.037455  -0.004848  0.999287  -0.000757  -0.001908  -0.000428  0.000000  0.000000  0.000000  2.000000  1.000000  0.000000  0.000000  0.000000  1.000000  0.000000  0.000000  0.000000  1.000000  0.999999  0.001232  0.000541  -0.001232  0.999999  0.000318  -0.000541  -0.000318  1.000000  1.000000  0.000000  0.000000  0.000000  1.000000  0.000000  0.000000  0.000000  1.000000  1.000000  0.000000  0.000000  0.000000  1.000000  0.000000  0.000000  0.000000  1.000000  0.000000  0.000000  
130.468282 -0.001141  0.087969  -0.002847  0.998372  0.042625  0.037895  -0.042778  0.999079  0.003233  -0.037722  -0.004848  0.999276  -0.000846  -0.002137  -0.000578  0.000000  0.000000  0.000000  2.000000  1.000000  0.000000  0.000000  0.000000  1.000000  0.000000  0.000000  0.000000  1.000000  0.999998  0.001643  0.000677  -0.001643  0.999999  0.000181  -0.000677  -0.000182  1.000000  1.000000  0.000000  0.000000  0.000000  1.000000  0.000000  0.000000  0.000000  1.000000  1.000000  0.000000  0.000000  0.000000  1.000000  0.000000  0.000000  0.000000  1.000000  0.000000  0.000000  
130.469283 -0.001142  0.087967  -0.002848  0.998363  0.042830  0.037896  -0.042983  0.999071  0.003225  -0.037722  -0.004848  0.999276  -0.000897  -0.002364  -0.000699  0.000000  0.000000  0.000000  2.000000  1.000000  0.000000  0.000000  0.000000  1.000000  0.000000  0.000000  0.000000  1.000000  0.999998  0.001848  0.000812  -0.001848  0.999998  0.000173  -0.000811  -0.000174  1.000000  1.000000  0.000000  0.000000  0.000000  1.000000  0.000000  0.000000  0.000000  1.000000  1.000000  0.000000  0.000000  0.000000  1.000000  0.000000  0.000000  0.000000  1.000000  0.000000  0.000000  
130.470293 -0.001144  0.087963  -0.002849  0.998358  0.042830  0.038029  -0.042983  0.999071  0.003219  -0.037856  -0.004848  0.999271  -0.001017  -0.002659  -0.000814  0.000000  0.000000  0.000000  2.000000  1.000000  0.000000  0.000000  0.000000  1.000000  0.000000  0.000000  0.000000  1.000000  0.999997  0.002053  0.000946  -0.002053  0.999998  0.000165  -0.000946  -0.000167  1.000000  1.000000  0.000000  0.000000  0.000000  1.000000  0.000000  0.000000  0.000000  1.000000  1.000000  0.000000  0.000000  0.000000  1.000000  0.000000  0.000000  0.000000  1.000000  0.000000  0.000000  
130.471536 -0.001146  0.087957  -0.002850  0.998335  0.043245  0.038159  -0.043394  0.999053  0.003076  -0.037990  -0.004727  0.999267  -0.001193  -0.003029  -0.000959  0.000000  0.000000  0.000000  2.000000  1.000000  0.000000  0.000000  0.000000  1.000000  0.000000  0.000000  0.000000  1.000000  0.999997  0.002258  0.001081  -0.002258  0.999997  0.000035  -0.001081  -0.000038  0.999999  1.000000  0.000000  0.000000  0.000000  1.000000  0.000000  0.000000  0.000000  1.000000  1.000000  0.000000  0.000000  0.000000  1.000000  0.000000  0.000000  0.000000  1.000000  0.000000  0.000000  
130.472540 -0.001149  0.087952  -0.002851  0.998335  0.043245  0.038159  -0.043394  0.999053  0.003076  -0.037990  -0.004727  0.999267  -0.001291  -0.003219  -0.000992  0.000000  0.000000  0.000000  2.000000  1.000000  0.000000  0.000000  0.000000  1.000000  0.000000  0.000000  0.000000  1.000000  0.999996  0.002464  0.001082  -0.002464  0.999997  0.000027  -0.001082  -0.000030  0.999999  1.000000  0.000000  0.000000  0.000000  1.000000  0.000000  0.000000  0.000000  1.000000  1.000000  0.000000  0.000000  0.000000  1.000000  0.000000  0.000000  0.000000  1.000000  0.000000  0.000000  
130.473787 -0.001153  0.087945  -0.002853  0.998321  0.043450  0.038293  -0.043599  0.999044  0.003063  -0.038123  -0.004727  0.999262  -0.001390  -0.003411  -0.001027  0.000000  0.000000  0.000000  2.000000  1.000000  0.000000  0.000000  0.000000  1.000000  0.000000  0.000000  0.000000  1.000000  0.999995  0.002874  0.001218  -0.002875  0.999996  0.000011  -0.001218  -0.000015  0.999999  1.000000  0.000000  0.000000  0.000000  1.000000  0.000000  0.000000  0.000000  1.000000  1.000000  0.000000  0.000000  0.000000  1.000000  0.000000  0.000000  0.000000  1.000000  0.000000  0.000000  
130.475035 -0.001155  0.087938  -0.002854  0.998307  0.043655  0.038427  -0.043804  0.999035  0.003049  -0.038257  -0.004727  0.999257  -0.001464  -0.003584  -0.000991  0.000000  0.000000  0.000000  2.000000  1.000000  0.000000  0.000000  0.000000  1.000000  0.000000  0.000000  0.000000  1.000000  0.999994  0.003080  0.001352  -0.003080  0.999995  0.000004  -0.001352  -0.000008  0.999999  1.000000  0.000000  0.000000  0.000000  1.000000  0.000000  0.000000  0.000000  1.000000  1.000000  0.000000  0.000000  0.000000  1.000000  0.000000  0.000000  0.000000  1.000000  0.000000  0.000000  
130.476039 -0.001158  0.087932  -0.002855  0.998307  0.043655  0.038427  -0.043804  0.999035  0.003049  -0.038257  -0.004727  0.999257  -0.001525  -0.003774  -0.000997  0.000000  0.000000  0.000000  2.000000  1.000000  0.000000  0.000000  0.000000  1.000000  0.000000  0.000000  0.000000  1.000000  0.999994  0.003079  0.001486  -0.003079  0.999995  0.000003  -0.001486  -0.000008  0.999999  1.000000  0.000000  0.000000  0.000000  1.000000  0.000000  0.000000  0.000000  1.000000  1.000000  0.000000  0.000000  0.000000  1.000000  0.000000  0.000000  0.000000  1.000000  0.000000  0.000000  
130.477044 -0.001159  0.087927  -0.002856  0.998293  0.043856  0.038567  -0.044010  0.999026  0.003156  -0.038391  -0.004848  0.999251  -0.001527  -0.003956  -0.001053  0.000000  0.000000  0.000000  2.000000  1.000000  0.000000  0.000000  0.000000  1.000000  0.000000  0.000000  0.000000  1.000000  0.999993  0.003284  0.001621  -0.003284  0.999995  -0.000005  -0.001621  -0.000000  0.999999  1.000000  0.000000  0.000000  0.000000  1.000000  0.000000  0.000000  0.000000  1.000000  1.000000  0.000000  0.000000  0.000000  1.000000  0.000000  0.000000  0.000000  1.000000  0.000000  0.000000  
130.478055 -0.001160  0.087921  -0.002858  0.998279  0.044061  0.038701  -0.044215  0.999017  0.003143  -0.038524  -0.004848  0.999246  -0.001513  -0.004144  -0.001117  0.000000  0.000000  0.000000  2.000000  1.000000  0.000000  0.000000  0.000000  1.000000  0.000000  0.000000  0.000000  1.000000  0.999993  0.003284  0.001621  -0.003284  0.999995  0.000116  -0.001621  -0.000121  0.999999  1.000000  0.000000  0.000000  0.000000  1.000000  0.000000  0.000000  0.000000  1.000000  1.000000  0.000000  0.000000  0.000000  1.000000  0.000000  0.000000  0.000000  1.000000  0.000000  0.000000  
130.479281 -0.001161  0.087914  -0.002860  0.998260  0.044265  0.038969  -0.044420  0.999008  0.003123  -0.038792  -0.004848  0.999236  -0.001474  -0.004362  -0.001207  0.000000  0.000000  0.000000  2.000000  1.000000  0.000000  0.000000  0.000000  1.000000  0.000000  0.000000  0.000000  1.000000  0.999993  0.003284  0.001621  -0.003284  0.999995  0.000115  -0.001621  -0.000121  0.999999  1.000000  0.000000  0.000000  0.000000  1.000000  0.000000  0.000000  0.000000  1.000000  1.000000  0.000000  0.000000  0.000000  1.000000  0.000000  0.000000  0.000000  1.000000  0.000000  0.000000  
130.480531 -0.001161  0.087908  -0.002863  0.998260  0.044260  0.038974  -0.044420  0.999008  0.003244  -0.038792  -0.004969  0.999235  -0.001465  -0.004577  -0.001235  0.000000  0.000000  0.000000  2.000000  1.000000  0.000000  0.000000  0.000000  1.000000  0.000000  0.000000  0.000000  1.000000  0.999994  0.003078  0.001621  -0.003078  0.999995  0.000244  -0.001620  -0.000249  0.999999  1.000000  0.000000  0.000000  0.000000  1.000000  0.000000  0.000000  0.000000  1.000000  1.000000  0.000000  0.000000  0.000000  1.000000  0.000000  0.000000  0.000000  1.000000  0.000000  0.000000  
130.481533 -0.001162  0.087902  -0.002865  0.998254  0.044260  0.039108  -0.044420  0.999008  0.003238  -0.038926  -0.004969  0.999230  -0.001499  -0.004804  -0.001316  0.000000  0.000000  0.000000  2.000000  1.000000  0.000000  0.000000  0.000000  1.000000  0.000000  0.000000  0.000000  1.000000  0.999994  0.003078  0.001621  -0.003078  0.999995  0.000122  -0.001620  -0.000127  0.999999  1.000000  0.000000  0.000000  0.000000  1.000000  0.000000  0.000000  0.000000  1.000000  1.000000  0.000000  0.000000  0.000000  1.000000  0.000000  0.000000  0.000000  1.000000  0.000000  0.000000  
130.482782 -0.001163  0.087896  -0.002868  0.998240  0.044465  0.039242  -0.044625  0.998999  0.003224  -0.039059  -0.004969  0.999225  -0.001476  -0.005028  -0.001377  0.000000  0.000000  0.000000  2.000000  1.000000  0.000000  0.000000  0.000000  1.000000  0.000000  0.000000  0.000000  1.000000  0.999994  0.003077  0.001755  -0.003077  0.999995  0.000122  -0.001754  -0.000127  0.999998  1.000000  0.000000  0.000000  0.000000  1.000000  0.000000  0.000000  0.000000  1.000000  1.000000  0.000000  0.000000  0.000000  1.000000  0.000000  0.000000  0.000000  1.000000  0.000000  0.000000  
130.483782 -0.001163  0.087890  -0.002869  0.998240  0.044465  0.039242  -0.044625  0.998999  0.003224  -0.039059  -0.004969  0.999225  -0.001465  -0.005206  -0.001459  0.000000  0.000000  0.000000  2.000000  1.000000  0.000000  0.000000  0.000000  1.000000  0.000000  0.000000  0.000000  1.000000  0.999994  0.002871  0.001754  -0.002872  0.999996  0.000130  -0.001753  -0.000135  0.999998  1.000000  0.000000  0.000000  0.000000  1.000000  0.000000  0.000000  0.000000  1.000000  1.000000  0.000000  0.000000  0.000000  1.000000  0.000000  0.000000  0.000000  1.000000  0.000000  0.000000  
130.485033 -0.001164  0.087884  -0.002870  0.998235  0.044464  0.039375  -0.044625  0.998999  0.003218  -0.039193  -0.004969  0.999219  -0.001401  -0.005356  -0.001461  0.000000  0.000000  0.000000  2.000000  1.000000  0.000000  0.000000  0.000000  1.000000  0.000000  0.000000  0.000000  1.000000  0.999995  0.002665  0.001886  -0.002665  0.999996  0.000016  -0.001886  -0.000021  0.999998  1.000000  0.000000  0.000000  0.000000  1.000000  0.000000  0.000000  0.000000  1.000000  1.000000  0.000000  0.000000  0.000000  1.000000  0.000000  0.000000  0.000000  1.000000  0.000000  0.000000  
130.486286 -0.001166  0.087877  -0.002871  0.998229  0.044463  0.039509  -0.044625  0.998999  0.003212  -0.039327  -0.004969  0.999214  -0.001337  -0.005454  -0.001445  0.000000  0.000000  0.000000  2.000000  1.000000  0.000000  0.000000  0.000000  1.000000  0.000000  0.000000  0.000000  1.000000  0.999995  0.002459  0.002019  -0.002459  0.999997  0.000024  -0.002019  -0.000029  0.999998  1.000000  0.000000  0.000000  0.000000  1.000000  0.000000  0.000000  0.000000  1.000000  1.000000  0.000000  0.000000  0.000000  1.000000  0.000000  0.000000  0.000000  1.000000  0.000000  0.000000  
130.487291 -0.001167  0.087871  -0.002872  0.998215  0.044673  0.039638  -0.044830  0.998990  0.003077  -0.039460  -0.004848  0.999209  -0.001252  -0.005499  -0.001366  0.000000  0.000000  0.000000  2.000000  1.000000  0.000000  0.000000  0.000000  1.000000  0.000000  0.000000  0.000000  1.000000  0.999995  0.002459  0.002019  -0.002459  0.999997  -0.000097  -0.002019  0.000093  0.999998  1.000000  0.000000  0.000000  0.000000  1.000000  0.000000  0.000000  0.000000  1.000000  1.000000  0.000000  0.000000  0.000000  1.000000  0.000000  0.000000  0.000000  1.000000  0.000000  0.000000  
130.488535 -0.001169  0.087864  -0.002872  0.998210  0.044672  0.039771  -0.044830  0.998990  0.003071  -0.039594  -0.004848  0.999204  -0.001148  -0.005509  -0.001236  0.000000  0.000000  0.000000  2.000000  1.000000  0.000000  0.000000  0.000000  1.000000  0.000000  0.000000  0.000000  1.000000  0.999995  0.002253  0.002018  -0.002253  0.999997  -0.000090  -0.002018  0.000085  0.999998  1.000000  0.000000  0.000000  0.000000  1.000000  0.000000  0.000000  0.000000  1.000000  1.000000  0.000000  0.000000  0.000000  1.000000  0.000000  0.000000  0.000000  1.000000  0.000000  0.000000  
130.489538 -0.001171  0.087858  -0.002871  0.998199  0.044671  0.040039  -0.044829  0.998990  0.003059  -0.039861  -0.004848  0.999193  -0.001063  -0.005552  -0.001157  0.000000  0.000000  0.000000  2.000000  1.000000  0.000000  0.000000  0.000000  1.000000  0.000000  0.000000  0.000000  1.000000  0.999996  0.002047  0.002017  -0.002047  0.999998  -0.000082  -0.002017  0.000078  0.999998  1.000000  0.000000  0.000000  0.000000  1.000000  0.000000  0.000000  0.000000  1.000000  1.000000  0.000000  0.000000  0.000000  1.000000  0.000000  0.000000  0.000000  1.000000  0.000000  0.000000  
130.490787 -0.001172  0.087850  -0.002871  0.998199  0.044671  0.040039  -0.044829  0.998990  0.003059  -0.039861  -0.004848  0.999193  -0.001002  -0.005567  -0.001086  0.000000  0.000000  0.000000  2.000000  1.000000  0.000000  0.000000  0.000000  1.000000  0.000000  0.000000  0.000000  1.000000  0.999996  0.001842  0.002016  -0.001842  0.999998  -0.000074  -0.002016  0.000070  0.999998  1.000000  0.000000  0.000000  0.000000  1.000000  0.000000  0.000000  0.000000  1.000000  1.000000  0.000000  0.000000  0.000000  1.000000  0.000000  0.000000  0.000000  1.000000  0.000000  0.000000  
130.492038 -0.001174  0.087843  -0.002871  0.998194  0.044670  0.040172  -0.044829  0.998990  0.003053  -0.039995  -0.004848  0.999188  -0.001024  -0.005560  -0.000993  0.000000  0.000000  0.000000  2.000000  1.000000  0.000000  0.000000  0.000000  1.000000  0.000000  0.000000  0.000000  1.000000  0.999997  0.001430  0.002014  -0.001430  0.999999  0.000064  -0.002014  -0.000067  0.999998  1.000000  0.000000  0.000000  0.000000  1.000000  0.000000  0.000000  0.000000  1.000000  1.000000  0.000000  0.000000  0.000000  1.000000  0.000000  0.000000  0.000000  1.000000  0.000000  0.000000  
130.493286 -0.001176  0.087837  -0.002871  0.998188  0.044670  0.040306  -0.044829  0.998990  0.003047  -0.040129  -0.004848  0.999183  -0.001073  -0.005532  -0.000799  0.000000  0.000000  0.000000  2.000000  1.000000  0.000000  0.000000  0.000000  1.000000  0.000000  0.000000  0.000000  1.000000  0.999997  0.001430  0.002014  -0.001430  0.999999  0.000064  -0.002014  -0.000067  0.999998  1.000000  0.000000  0.000000  0.000000  1.000000  0.000000  0.000000  0.000000  1.000000  1.000000  0.000000  0.000000  0.000000  1.000000  0.000000  0.000000  0.000000  1.000000  0.000000  0.000000  
130.494286 -0.001177  0.087832  -0.002871  0.998188  0.044665  0.040311  -0.044829  0.998990  0.003168  -0.040129  -0.004969  0.999182  -0.001116  -0.005530  -0.000704  0.000000  0.000000  0.000000  2.000000  1.000000  0.000000  0.000000  0.000000  1.000000  0.000000  0.000000  0.000000  1.000000  0.999997  0.001224  0.002013  -0.001225  0.999999  0.000193  -0.002013  -0.000195  0.999998  1.000000  0.000000  0.000000  0.000000  1.000000  0.000000  0.000000  0.000000  1.000000  1.000000  0.000000  0.000000  0.000000  1.000000  0.000000  0.000000  0.000000  1.000000  0.000000  0.000000  
130.495303 -0.001178  0.087827  -0.002871  0.998188  0.044665  0.040311  -0.044829  0.998990  0.003168  -0.040129  -0.004969  0.999182  -0.001129  -0.005451  -0.000596  0.000000  0.000000  0.000000  2.000000  1.000000  0.000000  0.000000  0.000000  1.000000  0.000000  0.000000  0.000000  1.000000  0.999997  0.001019  0.002012  -0.001019  0.999999  0.000201  -0.002012  -0.000203  0.999998  1.000000  0.000000  0.000000  0.000000  1.000000  0.000000  0.000000  0.000000  1.000000  1.000000  0.000000  0.000000  0.000000  1.000000  0.000000  0.000000  0.000000  1.000000  0.000000  0.000000  
130.496535 -0.001179  0.087822  -0.002871  0.998183  0.044664  0.040445  -0.044828  0.998990  0.003162  -0.040263  -0.004969  0.999177  -0.001113  -0.005382  -0.000336  0.000000  0.000000  0.000000  2.000000  1.000000  0.000000  0.000000  0.000000  1.000000  0.000000  0.000000  0.000000  1.000000  0.999997  0.001019  0.002012  -0.001019  0.999999  0.000201  -0.002012  -0.000203  0.999998  1.000000  0.000000  0.000000  0.000000  1.000000  0.000000  0.000000  0.000000  1.000000  1.000000  0.000000  0.000000  0.000000  1.000000  0.000000  0.000000  0.000000  1.000000  0.000000  0.000000  
130.497562 -0.001180  0.087817  -0.002871  0.998178  0.044664  0.040578  -0.044828  0.998990  0.003156  -0.040396  -0.004969  0.999171  -0.001165  -0.005355  -0.000207  0.000000  0.000000  0.000000  2.000000  1.000000  0.000000  0.000000  0.000000  1.000000  0.000000  0.000000  0.000000  1.000000  0.999998  0.000814  0.001877  -0.000814  1.000000  0.000209  -0.001877  -0.000211  0.999998  1.000000  0.000000  0.000000  0.000000  1.000000  0.000000  0.000000  0.000000  1.000000  1.000000  0.000000  0.000000  0.000000  1.000000  0.000000  0.000000  0.000000  1.000000  0.000000  0.000000  
130.498570 -0.001181  0.087812  -0.002871  0.998178  0.044664  0.040578  -0.044828  0.998990  0.003156  -0.040396  -0.004969  0.999171  -0.001225  -0.005313  -0.000089  0.000000  0.000000  0.000000  2.000000  1.000000  0.000000  0.000000  0.000000  1.000000  0.000000  0.000000  0.000000  1.000000  0.999998  0.000608  0.001876  -0.000608  1.000000  0.000096  -0.001876  -0.000097  0.999998  1.000000  0.000000  0.000000  0.000000  1.000000  0.000000  0.000000  0.000000  1.000000  1.000000  0.000000  0.000000  0.000000  1.000000  0.000000  0.000000  0.000000  1.000000  0.000000  0.000000  
130.499785 -0.001184  0.087805  -0.002872  0.998158  0.044868  0.040846  -0.045033  0.998981  0.003135  -0.040664  -0.004969  0.999161  -0.001330  -0.005322  -0.000084  0.000000  0.000000  0.000000  2.000000  1.000000  0.000000  0.000000  0.000000  1.000000  0.000000  0.000000  0.000000  1.000000  0.999998  0.000814  0.001877  -0.000814  1.000000  0.000088  -0.001877  -0.000089  0.999998  1.000000  0.000000  0.000000  0.000000  1.000000  0.000000  0.000000  0.000000  1.000000  1.000000  0.000000  0.000000  0.000000  1.000000  0.000000  0.000000  0.000000  1.000000  0.000000  0.000000  
130.500789 -0.001186  0.087800  -0.002872  0.998152  0.044867  0.040979  -0.045033  0.998981  0.003129  -0.040797  -0.004969  0.999155  -0.001394  -0.005313  -0.000049  0.000000  0.000000  0.000000  2.000000  1.000000  0.000000  0.000000  0.000000  1.000000  0.000000  0.000000  0.000000  1.000000  0.999998  0.000608  0.001876  -0.000608  1.000000  0.000096  -0.001876  -0.000097  0.999998  1.000000  0.000000  0.000000  0.000000  1.000000  0.000000  0.000000  0.000000  1.000000  1.000000  0.000000  0.000000  0.000000  1.000000  0.000000  0.000000  0.000000  1.000000  0.000000  0.000000  
130.502043 -0.001189  0.087793  -0.002873  0.998152  0.044867  0.040979  -0.045033  0.998981  0.003129  -0.040797  -0.004969  0.999155  -0.001439  -0.005256  -0.000096  0.000000  0.000000  0.000000  2.000000  1.000000  0.000000  0.000000  0.000000  1.000000  0.000000  0.000000  0.000000  1.000000  0.999998  0.000608  0.001876  -0.000608  1.000000  -0.000025  -0.001876  0.000024  0.999998  1.000000  0.000000  0.000000  0.000000  1.000000  0.000000  0.000000  0.000000  1.000000  1.000000  0.000000  0.000000  0.000000  1.000000  0.000000  0.000000  0.000000  1.000000  0.000000  0.000000  
130.503288 -0.001191  0.087787  -0.002874  0.998137  0.045072  0.041114  -0.045238  0.998971  0.003115  -0.040931  -0.004969  0.999150  -0.001501  -0.005203  -0.000161  0.000000  0.000000  0.000000  2.000000  1.000000  0.000000  0.000000  0.000000  1.000000  0.000000  0.000000  0.000000  1.000000  0.999998  0.000607  0.002010  -0.000607  1.000000  -0.000025  -0.002010  0.000024  0.999998  1.000000  0.000000  0.000000  0.000000  1.000000  0.000000  0.000000  0.000000  1.000000  1.000000  0.000000  0.000000  0.000000  1.000000  0.000000  0.000000  0.000000  1.000000  0.000000  0.000000  
130.504300 -0.001193  0.087782  -0.002874  0.998137  0.045072  0.041114  -0.045238  0.998971  0.003115  -0.040931  -0.004969  0.999150  -0.001556  -0.005132  -0.000222  0.000000  0.000000  0.000000  2.000000  1.000000  0.000000  0.000000  0.000000  1.000000  0.000000  0.000000  0.000000  1.000000  0.999998  0.000608  0.001876  -0.000608  1.000000  -0.000025  -0.001876  0.000024  0.999998  1.000000  0.000000  0.000000  0.000000  1.000000  0.000000  0.000000  0.000000  1.000000  1.000000  0.000000  0.000000  0.000000  1.000000  0.000000  0.000000  0.000000  1.000000  0.000000  0.000000  
130.505535 -0.001196  0.087776  -0.002874  0.998137  0.045072  0.041114  -0.045238  0.998971  0.003115  -0.040931  -0.004969  0.999150  -0.001597  -0.005041  -0.000232  0.000000  0.000000  0.000000  2.000000  1.000000  0.000000  0.000000  0.000000  1.000000  0.000000  0.000000  0.000000  1.000000  0.999998  0.000608  0.001742  -0.000608  1.000000  -0.000025  -0.001742  0.000024  0.999998  1.000000  0.000000  0.000000  0.000000  1.000000  0.000000  0.000000  0.000000  1.000000  1.000000  0.000000  0.000000  0.000000  1.000000  0.000000  0.000000  0.000000  1.000000  0.000000  0.000000  
130.506538 -0.001198  0.087772  -0.002875  0.998132  0.045067  0.041253  -0.045238  0.998971  0.003230  -0.041065  -0.005090  0.999144  -0.001622  -0.004947  -0.000274  0.000000  0.000000  0.000000  2.000000  1.000000  0.000000  0.000000  0.000000  1.000000  0.000000  0.000000  0.000000  1.000000  0.999998  0.000608  0.001876  -0.000608  1.000000  -0.000025  -0.001876  0.000024  0.999998  1.000000  0.000000  0.000000  0.000000  1.000000  0.000000  0.000000  0.000000  1.000000  1.000000  0.000000  0.000000  0.000000  1.000000  0.000000  0.000000  0.000000  1.000000  0.000000  0.000000  
130.507540 -0.001200  0.087767  -0.002875  0.998123  0.045272  0.041253  -0.045443  0.998962  0.003222  -0.041065  -0.005090  0.999144  -0.001672  -0.004903  -0.000325  0.000000  0.000000  0.000000  2.000000  1.000000  0.000000  0.000000  0.000000  1.000000  0.000000  0.000000  0.000000  1.000000  0.999998  0.000608  0.001742  -0.000608  1.000000  0.000096  -0.001742  -0.000097  0.999998  1.000000  0.000000  0.000000  0.000000  1.000000  0.000000  0.000000  0.000000  1.000000  1.000000  0.000000  0.000000  0.000000  1.000000  0.000000  0.000000  0.000000  1.000000  0.000000  0.000000  
130.508786 -0.001202  0.087762  -0.002876  0.998117  0.045272  0.041387  -0.045443  0.998962  0.003215  -0.041198  -0.005090  0.999138  -0.001695  -0.004820  -0.000317  0.000000  0.000000  0.000000  2.000000  1.000000  0.000000  0.000000  0.000000  1.000000  0.000000  0.000000  0.000000  1.000000  0.999999  0.000610  0.001475  -0.000610  1.000000  0.000217  -0.001475  -0.000218  0.999999  1.000000  0.000000  0.000000  0.000000  1.000000  0.000000  0.000000  0.000000  1.000000  1.000000  0.000000  0.000000  0.000000  1.000000  0.000000  0.000000  0.000000  1.000000  0.000000  0.000000  
130.510040 -0.001203  0.087757  -0.002876  0.998117  0.045272  0.041387  -0.045443  0.998962  0.003215  -0.041198  -0.005090  0.999138  -0.001678  -0.004752  -0.000319  0.000000  0.000000  0.000000  2.000000  1.000000  0.000000  0.000000  0.000000  1.000000  0.000000  0.000000  0.000000  1.000000  0.999999  0.000610  0.001475  -0.000610  1.000000  0.000217  -0.001475  -0.000218  0.999999  1.000000  0.000000  0.000000  0.000000  1.000000  0.000000  0.000000  0.000000  1.000000  1.000000  0.000000  0.000000  0.000000  1.000000  0.000000  0.000000  0.000000  1.000000  0.000000  0.000000  
130.511284 -0.001205  0.087753  -0.002875  0.998108  0.045472  0.041393  -0.045649  0.998952  0.003328  -0.041198  -0.005211  0.999137  -0.001723  -0.004675  -0.000287  0.000000  0.000000  0.000000  2.000000  1.000000  0.000000  0.000000  0.000000  1.000000  0.000000  0.000000  0.000000  1.000000  0.999999  0.000816  0.001342  -0.000816  1.000000  0.000330  -0.001342  -0.000331  0.999999  1.000000  0.000000  0.000000  0.000000  1.000000  0.000000  0.000000  0.000000  1.000000  1.000000  0.000000  0.000000  0.000000  1.000000  0.000000  0.000000  0.000000  1.000000  0.000000  0.000000  
130.512294 -0.001207  0.087749  -0.002875  0.998108  0.045472  0.041393  -0.045649  0.998952  0.003328  -0.041198  -0.005211  0.999137  -0.001806  -0.004617  -0.000323  0.000000  0.000000  0.000000  2.000000  1.000000  0.000000  0.000000  0.000000  1.000000  0.000000  0.000000  0.000000  1.000000  0.999999  0.000817  0.001208  -0.000817  1.000000  0.000330  -0.001208  -0.000331  0.999999  1.000000  0.000000  0.000000  0.000000  1.000000  0.000000  0.000000  0.000000  1.000000  1.000000  0.000000  0.000000  0.000000  1.000000  0.000000  0.000000  0.000000  1.000000  0.000000  0.000000  
130.513314 -0.001209  0.087745  -0.002875  0.998108  0.045472  0.041393  -0.045649  0.998952  0.003328  -0.041198  -0.005211  0.999137  -0.001837  -0.004539  -0.000322  0.000000  0.000000  0.000000  2.000000  1.000000  0.000000  0.000000  0.000000  1.000000  0.000000  0.000000  0.000000  1.000000  0.999999  0.000817  0.001208  -0.000817  1.000000  0.000330  -0.001208  -0.000331  0.999999  1.000000  0.000000  0.000000  0.000000  1.000000  0.000000  0.000000  0.000000  1.000000  1.000000  0.000000  0.000000  0.000000  1.000000  0.000000  0.000000  0.000000  1.000000  0.000000  0.000000  
130.514538 -0.001211  0.087740  -0.002875  0.998108  0.045472  0.041393  -0.045649  0.998952  0.003328  -0.041198  -0.005211  0.999137  -0.001826  -0.004386  -0.000262  0.000000  0.000000  0.000000  2.000000  1.000000  0.000000  0.000000  0.000000  1.000000  0.000000  0.000000  0.000000  1.000000  0.999999  0.000817  0.001075  -0.000818  1.000000  0.000330  -0.001074  -0.000331  0.999999  1.000000  0.000000  0.000000  0.000000  1.000000  0.000000  0.000000  0.000000  1.000000  1.000000  0.000000  0.000000  0.000000  1.000000  0.000000  0.000000  0.000000  1.000000  0.000000  0.000000  
130.515542 -0.001213  0.087737  -0.002876  0.998108  0.045472  0.041393  -0.045649  0.998952  0.003328  -0.041198  -0.005211  0.999137  -0.001784  -0.004267  -0.000255  0.000000  0.000000  0.000000  2.000000  1.000000  0.000000  0.000000  0.000000  1.000000  0.000000  0.000000  0.000000  1.000000  0.999999  0.000817  0.001075  -0.000817  1.000000  0.000209  -0.001074  -0.000210  0.999999  1.000000  0.000000  0.000000  0.000000  1.000000  0.000000  0.000000  0.000000  1.000000  1.000000  0.000000  0.000000  0.000000  1.000000  0.000000  0.000000  0.000000  1.000000  0.000000  0.000000  
130.516783 -0.001214  0.087732  -0.002877  0.998093  0.045682  0.041522  -0.045854  0.998943  0.003192  -0.041332  -0.005090  0.999133  -0.001717  -0.004154  -0.000274  0.000000  0.000000  0.000000  2.000000  1.000000  0.000000  0.000000  0.000000  1.000000  0.000000  0.000000  0.000000  1.000000  0.999999  0.001023  0.001076  -0.001023  0.999999  0.000200  -0.001076  -0.000201  0.999999  1.000000  0.000000  0.000000  0.000000  1.000000  0.000000  0.000000  0.000000  1.000000  1.000000  0.000000  0.000000  0.000000  1.000000  0.000000  0.000000  0.000000  1.000000  0.000000  0.000000  
130.517789 -0.001216  0.087729  -0.002878  0.998093  0.045682  0.041522  -0.045854  0.998943  0.003192  -0.041332  -0.005090  0.999133  -0.001675  -0.004037  -0.000268  0.000000  0.000000  0.000000  2.000000  1.000000  0.000000  0.000000  0.000000  1.000000  0.000000  0.000000  0.000000  1.000000  0.999999  0.001023  0.001076  -0.001023  0.999999  0.000079  -0.001076  -0.000080  0.999999  1.000000  0.000000  0.000000  0.000000  1.000000  0.000000  0.000000  0.000000  1.000000  1.000000  0.000000  0.000000  0.000000  1.000000  0.000000  0.000000  0.000000  1.000000  0.000000  0.000000  
130.519049 -0.001217  0.087725  -0.002878  0.998093  0.045682  0.041522  -0.045854  0.998943  0.003192  -0.041332  -0.005090  0.999133  -0.001611  -0.003891  -0.000248  0.000000  0.000000  0.000000  2.000000  1.000000  0.000000  0.000000  0.000000  1.000000  0.000000  0.000000  0.000000  1.000000  0.999999  0.001024  0.000942  -0.001024  0.999999  0.000079  -0.000942  -0.000080  1.000000  1.000000  0.000000  0.000000  0.000000  1.000000  0.000000  0.000000  0.000000  1.000000  1.000000  0.000000  0.000000  0.000000  1.000000  0.000000  0.000000  0.000000  1.000000  0.000000  0.000000  
130.520295 -0.001218  0.087721  -0.002879  0.998087  0.045676  0.041661  -0.045854  0.998943  0.003307  -0.041466  -0.005211  0.999126  -0.001485  -0.003705  -0.000278  0.000000  0.000000  0.000000  2.000000  1.000000  0.000000  0.000000  0.000000  1.000000  0.000000  0.000000  0.000000  1.000000  0.999999  0.000819  0.000807  -0.000819  1.000000  0.000209  -0.000807  -0.000209  1.000000  1.000000  0.000000  0.000000  0.000000  1.000000  0.000000  0.000000  0.000000  1.000000  1.000000  0.000000  0.000000  0.000000  1.000000  0.000000  0.000000  0.000000  1.000000  0.000000  0.000000  
130.521538 -0.001218  0.087718  -0.002878  0.998078  0.045882  0.041661  -0.046059  0.998933  0.003299  -0.041466  -0.005211  0.999126  -0.001330  -0.003542  -0.000236  0.000000  0.000000  0.000000  2.000000  1.000000  0.000000  0.000000  0.000000  1.000000  0.000000  0.000000  0.000000  1.000000  0.999999  0.001025  0.000674  -0.001025  0.999999  0.000200  -0.000674  -0.000201  1.000000  1.000000  0.000000  0.000000  0.000000  1.000000  0.000000  0.000000  0.000000  1.000000  1.000000  0.000000  0.000000  0.000000  1.000000  0.000000  0.000000  0.000000  1.000000  0.000000  0.000000  
130.522552 -0.001218  0.087716  -0.002879  0.998078  0.045882  0.041661  -0.046059  0.998933  0.003299  -0.041466  -0.005211  0.999126  -0.001235  -0.003422  -0.000232  0.000000  0.000000  0.000000  2.000000  1.000000  0.000000  0.000000  0.000000  1.000000  0.000000  0.000000  0.000000  1.000000  0.999999  0.001025  0.000674  -0.001025  0.999999  0.000200  -0.000674  -0.000201  1.000000  1.000000  0.000000  0.000000  0.000000  1.000000  0.000000  0.000000  0.000000  1.000000  1.000000  0.000000  0.000000  0.000000  1.000000  0.000000  0.000000  0.000000  1.000000  0.000000  0.000000  
130.523783 -0.001219  0.087712  -0.002879  0.998078  0.045882  0.041661  -0.046059  0.998933  0.003299  -0.041466  -0.005211  0.999126  -0.001142  -0.003325  -0.000222  0.000000  0.000000  0.000000  2.000000  1.000000  0.000000  0.000000  0.000000  1.000000  0.000000  0.000000  0.000000  1.000000  1.000000  0.000820  0.000539  -0.000820  1.000000  0.000208  -0.000539  -0.000209  1.000000  1.000000  0.000000  0.000000  0.000000  1.000000  0.000000  0.000000  0.000000  1.000000  1.000000  0.000000  0.000000  0.000000  1.000000  0.000000  0.000000  0.000000  1.000000  0.000000  0.000000  
130.524788 -0.001218  0.087710  -0.002879  0.998078  0.045877  0.041667  -0.046059  0.998933  0.003420  -0.041466  -0.005332  0.999126  -0.001043  -0.003217  -0.000213  0.000000  0.000000  0.000000  2.000000  1.000000  0.000000  0.000000  0.000000  1.000000  0.000000  0.000000  0.000000  1.000000  1.000000  0.000820  0.000539  -0.000820  1.000000  0.000208  -0.000539  -0.000209  1.000000  1.000000  0.000000  0.000000  0.000000  1.000000  0.000000  0.000000  0.000000  1.000000  1.000000  0.000000  0.000000  0.000000  1.000000  0.000000  0.000000  0.000000  1.000000  0.000000  0.000000  
130.525793 -0.001219  0.087707  -0.002878  0.998078  0.045877  0.041667  -0.046059  0.998933  0.003420  -0.041466  -0.005332  0.999126  -0.000967  -0.003171  -0.000207  0.000000  0.000000  0.000000  2.000000  1.000000  0.000000  0.000000  0.000000  1.000000  0.000000  0.000000  0.000000  1.000000  1.000000  0.000820  0.000540  -0.000820  1.000000  0.000330  -0.000539  -0.000330  1.000000  1.000000  0.000000  0.000000  0.000000  1.000000  0.000000  0.000000  0.000000  1.000000  1.000000  0.000000  0.000000  0.000000  1.000000  0.000000  0.000000  0.000000  1.000000  0.000000  0.000000  
130.527043 -0.001218  0.087704  -0.002877  0.998068  0.046083  0.041668  -0.046265  0.998923  0.003411  -0.041466  -0.005332  0.999126  -0.000799  -0.003052  -0.000144  0.000000  0.000000  0.000000  2.000000  1.000000  0.000000  0.000000  0.000000  1.000000  0.000000  0.000000  0.000000  1.000000  0.999999  0.001026  0.000407  -0.001026  0.999999  0.000200  -0.000407  -0.000200  1.000000  1.000000  0.000000  0.000000  0.000000  1.000000  0.000000  0.000000  0.000000  1.000000  1.000000  0.000000  0.000000  0.000000  1.000000  0.000000  0.000000  0.000000  1.000000  0.000000  0.000000  
130.528289 -0.001219  0.087700  -0.002876  0.998068  0.046083  0.041668  -0.046265  0.998923  0.003411  -0.041466  -0.005332  0.999126  -0.000677  -0.003001  -0.000054  0.000000  0.000000  0.000000  2.000000  1.000000  0.000000  0.000000  0.000000  1.000000  0.000000  0.000000  0.000000  1.000000  1.000000  0.000821  0.000406  -0.000821  1.000000  0.000208  -0.000406  -0.000209  1.000000  1.000000  0.000000  0.000000  0.000000  1.000000  0.000000  0.000000  0.000000  1.000000  1.000000  0.000000  0.000000  0.000000  1.000000  0.000000  0.000000  0.000000  1.000000  0.000000  0.000000  
130.529573 -0.001219  0.087697  -0.002875  0.998068  0.046083  0.041668  -0.046265  0.998923  0.003411  -0.041466  -0.005332  0.999126  -0.000476  -0.002843  0.000069  0.000000  0.000000  0.000000  2.000000  1.000000  0.000000  0.000000  0.000000  1.000000  0.000000  0.000000  0.000000  1.000000  1.000000  0.000821  0.000272  -0.000821  1.000000  0.000208  -0.000272  -0.000209  1.000000  1.000000  0.000000  0.000000  0.000000  1.000000  0.000000  0.000000  0.000000  1.000000  1.000000  0.000000  0.000000  0.000000  1.000000  0.000000  0.000000  0.000000  1.000000  0.000000  0.000000  
130.530782 -0.001218  0.087694  -0.002873  0.998068  0.046083  0.041668  -0.046265  0.998923  0.003411  -0.041466  -0.005332  0.999126  -0.000325  -0.002742  0.000256  0.000000  0.000000  0.000000  2.000000  1.000000  0.000000  0.000000  0.000000  1.000000  0.000000  0.000000  0.000000  1.000000  1.000000  0.000821  0.000272  -0.000821  1.000000  0.000208  -0.000272  -0.000209  1.000000  1.000000  0.000000  0.000000  0.000000  1.000000  0.000000  0.000000  0.000000  1.000000  1.000000  0.000000  0.000000  0.000000  1.000000  0.000000  0.000000  0.000000  1.000000  0.000000  0.000000  
