1-Time 2-Px 3-Py 4-Pz 5-R11 6-R21 7-R31 8-R12 9-R22 10-R32 11-R13 12-R23 13-R33 14-Vx 15-Vy 16-Vz 17-Wx 18-Wy 19-Wz 20-state 21-PR11 22-PR21 23-PR31 24-PR12 25-PR22 26-PR32 27-PR13 28-PR23 29-PR33 
95.232993 0.007272  0.094357  -0.000139  0.997480  0.061874  0.034711  -0.061684  0.998074  -0.006522  -0.035048  0.004364  0.999376  0.000650  0.000286  0.000149  0.000000  0.000000  0.000000  2.000000  1.000000  0.000000  0.000000  -0.000000  1.000000  0.000000  0.000000  -0.000000  1.000000  0.999999  -0.001025  0.000941  0.001024  0.999999  0.000279  -0.000941  -0.000278  1.000000  1.000000  0.000000  0.000000  0.000000  1.000000  0.000000  0.000000  0.000000  1.000000  0.398966  0.848312  -0.348126  -0.870448  0.469757  0.147134  0.288350  0.244324  0.925829  0.000000  0.000000  
95.233998 0.007273  0.094357  -0.000139  0.997493  0.061669  0.034713  -0.061479  0.998087  -0.006514  -0.035048  0.004364  0.999376  0.000658  0.000262  0.000160  0.000000  0.000000  0.000000  2.000000  1.000000  0.000000  0.000000  0.000000  1.000000  0.000000  0.000000  0.000000  1.000000  0.999999  -0.001230  0.000942  0.001230  0.999999  0.000286  -0.000942  -0.000285  1.000000  1.000000  0.000000  0.000000  0.000000  1.000000  0.000000  0.000000  0.000000  1.000000  1.000000  0.000000  0.000000  0.000000  1.000000  0.000000  0.000000  0.000000  1.000000  0.000000  0.000000  
95.235248 0.007275  0.094356  -0.000138  0.997458  0.062081  0.034977  -0.061889  0.998062  -0.006545  -0.035316  0.004364  0.999367  0.000735  0.000190  0.000194  0.000000  0.000000  0.000000  2.000000  1.000000  0.000000  0.000000  0.000000  1.000000  0.000000  0.000000  0.000000  1.000000  0.999999  -0.000613  0.000939  0.000613  1.000000  0.000264  -0.000939  -0.000264  1.000000  1.000000  0.000000  0.000000  0.000000  1.000000  0.000000  0.000000  0.000000  1.000000  1.000000  0.000000  0.000000  0.000000  1.000000  0.000000  0.000000  0.000000  1.000000  0.000000  0.000000  
95.236248 0.007276  0.094356  -0.000138  0.997423  0.062489  0.035249  -0.062299  0.998037  -0.006455  -0.035583  0.004243  0.999358  0.000804  0.000143  0.000216  0.000000  0.000000  0.000000  2.000000  1.000000  0.000000  0.000000  0.000000  1.000000  0.000000  0.000000  0.000000  1.000000  0.999999  -0.000406  0.001206  0.000406  1.000000  0.000378  -0.001206  -0.000378  0.999999  1.000000  0.000000  0.000000  0.000000  1.000000  0.000000  0.000000  0.000000  1.000000  1.000000  0.000000  0.000000  0.000000  1.000000  0.000000  0.000000  0.000000  1.000000  0.000000  0.000000  
95.237249 0.007278  0.094355  -0.000138  0.997401  0.062695  0.035514  -0.062504  0.998024  -0.006479  -0.035850  0.004243  0.999348  0.000904  0.000043  0.000228  0.000000  0.000000  0.000000  2.000000  1.000000  0.000000  0.000000  0.000000  1.000000  0.000000  0.000000  0.000000  1.000000  0.999999  -0.000200  0.001473  0.000199  1.000000  0.000371  -0.001473  -0.000371  0.999999  1.000000  0.000000  0.000000  0.000000  1.000000  0.000000  0.000000  0.000000  1.000000  1.000000  0.000000  0.000000  0.000000  1.000000  0.000000  0.000000  0.000000  1.000000  0.000000  0.000000  
95.238250 0.007280  0.094354  -0.000138  0.997391  0.062696  0.035781  -0.062503  0.998024  -0.006496  -0.036118  0.004243  0.999339  0.000995  -0.000033  0.000229  0.000000  0.000000  0.000000  2.000000  1.000000  0.000000  0.000000  0.000000  1.000000  0.000000  0.000000  0.000000  1.000000  0.999998  0.000213  0.001738  -0.000214  1.000000  0.000356  -0.001738  -0.000357  0.999998  1.000000  0.000000  0.000000  0.000000  1.000000  0.000000  0.000000  0.000000  1.000000  1.000000  0.000000  0.000000  0.000000  1.000000  0.000000  0.000000  0.000000  1.000000  0.000000  0.000000  
95.239502 0.007284  0.094354  -0.000139  0.997360  0.063108  0.035912  -0.062914  0.997998  -0.006519  -0.036251  0.004243  0.999334  0.001129  -0.000121  0.000130  0.000000  0.000000  0.000000  2.000000  1.000000  0.000000  0.000000  0.000000  1.000000  0.000000  0.000000  0.000000  1.000000  0.999998  0.000419  0.001871  -0.000420  1.000000  0.000349  -0.001871  -0.000350  0.999998  1.000000  0.000000  0.000000  0.000000  1.000000  0.000000  0.000000  0.000000  1.000000  1.000000  0.000000  0.000000  0.000000  1.000000  0.000000  0.000000  0.000000  1.000000  0.000000  0.000000  
95.240750 0.007287  0.094354  -0.000139  0.997343  0.063314  0.036044  -0.063119  0.997985  -0.006535  -0.036385  0.004243  0.999329  0.001349  -0.000142  0.000141  0.000000  0.000000  0.000000  2.000000  1.000000  0.000000  0.000000  0.000000  1.000000  0.000000  0.000000  0.000000  1.000000  0.999997  0.001037  0.002003  -0.001038  0.999999  0.000205  -0.002002  -0.000207  0.999998  1.000000  0.000000  0.000000  0.000000  1.000000  0.000000  0.000000  0.000000  1.000000  1.000000  0.000000  0.000000  0.000000  1.000000  0.000000  0.000000  0.000000  1.000000  0.000000  0.000000  
95.241999 0.007292  0.094353  -0.000140  0.997312  0.063725  0.036175  -0.063529  0.997958  -0.006558  -0.036519  0.004243  0.999324  0.001541  -0.000197  0.000063  0.000000  0.000000  0.000000  2.000000  1.000000  0.000000  0.000000  0.000000  1.000000  0.000000  0.000000  0.000000  1.000000  0.999997  0.001449  0.002135  -0.001450  0.999999  0.000190  -0.002134  -0.000193  0.999998  1.000000  0.000000  0.000000  0.000000  1.000000  0.000000  0.000000  0.000000  1.000000  1.000000  0.000000  0.000000  0.000000  1.000000  0.000000  0.000000  0.000000  1.000000  0.000000  0.000000  
95.243001 0.007295  0.094352  -0.000140  0.997294  0.063931  0.036307  -0.063734  0.997945  -0.006574  -0.036653  0.004243  0.999319  0.001769  -0.000255  0.000019  0.000000  0.000000  0.000000  2.000000  1.000000  0.000000  0.000000  0.000000  1.000000  0.000000  0.000000  0.000000  1.000000  0.999996  0.001655  0.002134  -0.001655  0.999999  0.000182  -0.002133  -0.000186  0.999998  1.000000  0.000000  0.000000  0.000000  1.000000  0.000000  0.000000  0.000000  1.000000  1.000000  0.000000  0.000000  0.000000  1.000000  0.000000  0.000000  0.000000  1.000000  0.000000  0.000000  
95.244007 0.007299  0.094352  -0.000142  0.997257  0.064343  0.036571  -0.064144  0.997919  -0.006606  -0.036920  0.004242  0.999309  0.001947  -0.000318  -0.000091  0.000000  0.000000  0.000000  2.000000  1.000000  0.000000  0.000000  0.000000  1.000000  0.000000  0.000000  0.000000  1.000000  0.999995  0.001862  0.002400  -0.001862  0.999998  0.000174  -0.002400  -0.000179  0.999997  1.000000  0.000000  0.000000  0.000000  1.000000  0.000000  0.000000  0.000000  1.000000  1.000000  0.000000  0.000000  0.000000  1.000000  0.000000  0.000000  0.000000  1.000000  0.000000  0.000000  
95.245253 0.007304  0.094351  -0.000142  0.997216  0.064752  0.036976  -0.064554  0.997893  -0.006526  -0.037321  0.004121  0.999295  0.002231  -0.000380  -0.000201  0.000000  0.000000  0.000000  2.000000  1.000000  0.000000  0.000000  0.000000  1.000000  0.000000  0.000000  0.000000  1.000000  0.999994  0.002480  0.002532  -0.002480  0.999997  0.000151  -0.002531  -0.000157  0.999997  1.000000  0.000000  0.000000  0.000000  1.000000  0.000000  0.000000  0.000000  1.000000  1.000000  0.000000  0.000000  0.000000  1.000000  0.000000  0.000000  0.000000  1.000000  0.000000  0.000000  
95.246503 0.007309  0.094351  -0.000142  0.997174  0.065164  0.037374  -0.064963  0.997866  -0.006568  -0.037722  0.004121  0.999280  0.002562  -0.000380  -0.000235  0.000000  0.000000  0.000000  2.000000  1.000000  0.000000  0.000000  0.000000  1.000000  0.000000  0.000000  0.000000  1.000000  0.999992  0.002893  0.002932  -0.002893  0.999996  0.000256  -0.002931  -0.000264  0.999996  1.000000  0.000000  0.000000  0.000000  1.000000  0.000000  0.000000  0.000000  1.000000  1.000000  0.000000  0.000000  0.000000  1.000000  0.000000  0.000000  0.000000  1.000000  0.000000  0.000000  
95.247504 0.007313  0.094351  -0.000142  0.997137  0.065576  0.037638  -0.065373  0.997839  -0.006601  -0.037990  0.004121  0.999270  0.002803  -0.000429  -0.000247  0.000000  0.000000  0.000000  2.000000  1.000000  0.000000  0.000000  0.000000  1.000000  0.000000  0.000000  0.000000  1.000000  0.999989  0.003305  0.003197  -0.003306  0.999995  0.000239  -0.003197  -0.000250  0.999995  1.000000  0.000000  0.000000  0.000000  1.000000  0.000000  0.000000  0.000000  1.000000  1.000000  0.000000  0.000000  0.000000  1.000000  0.000000  0.000000  0.000000  1.000000  0.000000  0.000000  
95.248752 0.007319  0.094349  -0.000142  0.997095  0.065989  0.038036  -0.065783  0.997812  -0.006642  -0.038391  0.004121  0.999254  0.003108  -0.000502  -0.000247  0.000000  0.000000  0.000000  2.000000  1.000000  0.000000  0.000000  0.000000  1.000000  0.000000  0.000000  0.000000  1.000000  0.999986  0.003923  0.003462  -0.003924  0.999992  0.000093  -0.003462  -0.000107  0.999994  1.000000  0.000000  0.000000  0.000000  1.000000  0.000000  0.000000  0.000000  1.000000  1.000000  0.000000  0.000000  0.000000  1.000000  0.000000  0.000000  0.000000  1.000000  0.000000  0.000000  
95.250002 0.007324  0.094348  -0.000143  0.997071  0.066200  0.038293  -0.065987  0.997797  -0.006789  -0.038658  0.004242  0.999243  0.003347  -0.000589  -0.000346  0.000000  0.000000  0.000000  2.000000  1.000000  0.000000  0.000000  0.000000  1.000000  0.000000  0.000000  0.000000  1.000000  0.999984  0.004337  0.003728  -0.004336  0.999991  -0.000045  -0.003728  0.000029  0.999993  1.000000  0.000000  0.000000  0.000000  1.000000  0.000000  0.000000  0.000000  1.000000  1.000000  0.000000  0.000000  0.000000  1.000000  0.000000  0.000000  0.000000  1.000000  0.000000  0.000000  
95.251253 0.007329  0.094346  -0.000144  0.997034  0.066612  0.038557  -0.066397  0.997770  -0.006822  -0.038926  0.004242  0.999233  0.003555  -0.000644  -0.000390  0.000000  0.000000  0.000000  2.000000  1.000000  0.000000  0.000000  0.000000  1.000000  0.000000  0.000000  0.000000  1.000000  0.999982  0.004543  0.003861  -0.004543  0.999990  -0.000054  -0.003861  0.000037  0.999993  1.000000  0.000000  0.000000  0.000000  1.000000  0.000000  0.000000  0.000000  1.000000  1.000000  0.000000  0.000000  0.000000  1.000000  0.000000  0.000000  0.000000  1.000000  0.000000  0.000000  
95.252498 0.007334  0.094344  -0.000146  0.997010  0.066818  0.038822  -0.066602  0.997756  -0.006848  -0.039193  0.004242  0.999223  0.003677  -0.000719  -0.000481  0.000000  0.000000  0.000000  2.000000  1.000000  0.000000  0.000000  0.000000  1.000000  0.000000  0.000000  0.000000  1.000000  0.999979  0.004955  0.004126  -0.004955  0.999988  -0.000072  -0.004127  0.000051  0.999991  1.000000  0.000000  0.000000  0.000000  1.000000  0.000000  0.000000  0.000000  1.000000  1.000000  0.000000  0.000000  0.000000  1.000000  0.000000  0.000000  0.000000  1.000000  0.000000  0.000000  
95.253499 0.007338  0.094342  -0.000147  0.996985  0.067025  0.039088  -0.066806  0.997742  -0.006874  -0.039460  0.004242  0.999212  0.003848  -0.000802  -0.000546  0.000000  0.000000  0.000000  2.000000  1.000000  -0.000014  0.000082  0.000014  1.000000  -0.000001  -0.000082  0.000001  1.000000  0.999978  0.005162  0.004259  -0.005161  0.999987  -0.000081  -0.004260  0.000059  0.999991  1.000000  -0.000014  0.000082  0.000014  1.000000  -0.000001  -0.000082  0.000001  1.000000  1.000000  -0.000014  0.000082  0.000014  1.000000  -0.000001  -0.000082  0.000001  1.000000  0.000000  0.006692  
95.254500 0.007344  0.094341  -0.000149  0.996961  0.067231  0.039353  -0.067011  0.997728  -0.006900  -0.039728  0.004242  0.999202  0.004009  -0.000860  -0.000621  0.001720  -0.170090  0.173569  2.000000  1.000000  -0.000072  0.000432  0.000072  1.000000  -0.000005  -0.000432  0.000005  1.000000  0.999974  0.005575  0.004659  -0.005575  0.999984  -0.000100  -0.004659  0.000074  0.999989  1.000000  -0.000016  0.000089  0.000016  1.000000  -0.000001  -0.000089  0.000001  1.000000  1.000000  -0.000072  0.000432  0.000072  1.000000  -0.000005  -0.000432  0.000005  1.000000  0.000062  0.007266  
95.255502 0.007349  0.094338  -0.000151  0.996917  0.067644  0.039751  -0.067420  0.997701  -0.006943  -0.040129  0.004242  0.999186  0.004163  -0.001025  -0.000807  0.001168  -0.183501  0.187436  2.000000  1.000000  -0.000137  0.000785  0.000137  1.000000  -0.000009  -0.000785  0.000009  1.000000  0.999974  0.005370  0.004793  -0.005369  0.999986  -0.000093  -0.004794  0.000067  0.999989  1.000000  -0.000018  0.000088  0.000018  1.000000  -0.000001  -0.000088  0.000001  1.000000  1.000000  -0.000137  0.000785  0.000137  1.000000  -0.000009  -0.000785  0.000009  1.000000  0.000064  0.007198  
95.256748 0.007356  0.094336  -0.000154  0.996887  0.067851  0.040149  -0.067624  0.997686  -0.006979  -0.040530  0.004242  0.999169  0.004336  -0.001154  -0.000966  0.000871  -0.197058  0.194506  2.000000  0.999999  -0.000210  0.001144  0.000210  1.000000  -0.000015  -0.001144  0.000015  0.999999  0.999972  0.005576  0.004926  -0.005575  0.999984  -0.000225  -0.004927  0.000197  0.999988  1.000000  -0.000018  0.000091  0.000018  1.000000  -0.000003  -0.000091  0.000003  1.000000  0.999999  -0.000210  0.001144  0.000210  1.000000  -0.000015  -0.001144  0.000015  0.999999  0.000068  0.007443  
95.257749 0.007361  0.094333  -0.000157  0.996863  0.068062  0.040406  -0.067829  0.997672  -0.007126  -0.040797  0.004363  0.999158  0.004422  -0.001297  -0.001136  -0.007843  -0.201432  0.208289  2.000000  0.999999  -0.000291  0.001500  0.000291  1.000000  -0.000029  -0.001500  0.000030  0.999999  0.999973  0.005371  0.005060  -0.005370  0.999986  -0.000340  -0.005062  0.000312  0.999987  1.000000  -0.000021  0.000090  0.000021  1.000000  -0.000004  -0.000090  0.000004  1.000000  0.999999  -0.000291  0.001500  0.000291  1.000000  -0.000029  -0.001500  0.000030  0.999999  0.000070  0.007387  
95.259000 0.007367  0.094329  -0.000162  0.996846  0.068064  0.040806  -0.067828  0.997671  -0.007153  -0.041198  0.004363  0.999141  0.004532  -0.001479  -0.001333  -0.007885  -0.214923  0.208348  2.000000  0.999998  -0.000392  0.001947  0.000393  1.000000  -0.000050  -0.001946  0.000051  0.999998  0.999973  0.005371  0.004927  -0.005369  0.999986  -0.000341  -0.004928  0.000315  0.999988  1.000000  -0.000020  0.000089  0.000020  1.000000  -0.000004  -0.000089  0.000004  1.000000  0.999998  -0.000392  0.001947  0.000393  1.000000  -0.000050  -0.001946  0.000051  0.999998  0.000074  0.007295  
95.260002 0.007372  0.094327  -0.000165  0.996821  0.068271  0.041072  -0.068032  0.997657  -0.007180  -0.041466  0.004363  0.999130  0.004589  -0.001656  -0.001530  -0.008176  -0.223873  0.215288  2.000000  0.999997  -0.000478  0.002300  0.000479  1.000000  -0.000066  -0.002300  0.000067  0.999997  0.999973  0.005371  0.005060  -0.005370  0.999986  -0.000343  -0.005062  0.000315  0.999987  1.000000  -0.000021  0.000090  0.000021  1.000000  -0.000004  -0.000090  0.000004  1.000000  0.999997  -0.000478  0.002300  0.000479  1.000000  -0.000066  -0.002300  0.000067  0.999997  0.000077  0.007387  
95.261002 0.007376  0.094323  -0.000169  0.996801  0.068477  0.041204  -0.068237  0.997643  -0.007198  -0.041599  0.004363  0.999125  0.004597  -0.001897  -0.001803  -0.008468  -0.223814  0.222172  2.000000  0.999996  -0.000574  0.002651  0.000574  1.000000  -0.000082  -0.002651  0.000083  0.999996  0.999974  0.004960  0.005196  -0.004959  0.999988  -0.000327  -0.005198  0.000301  0.999986  1.000000  -0.000025  0.000086  0.000025  1.000000  -0.000004  -0.000086  0.000004  1.000000  0.999996  -0.000574  0.002651  0.000574  1.000000  -0.000082  -0.002651  0.000083  0.999996  0.000078  0.007190  
95.262002 0.007381  0.094320  -0.000172  0.996790  0.068478  0.041470  -0.068236  0.997643  -0.007216  -0.041867  0.004363  0.999114  0.004630  -0.002086  -0.002066  -0.008498  -0.232799  0.222204  2.000000  0.999995  -0.000677  0.002999  0.000677  1.000000  -0.000097  -0.002999  0.000099  0.999995  0.999973  0.004961  0.005330  -0.004959  0.999988  -0.000328  -0.005331  0.000302  0.999986  1.000000  -0.000027  0.000087  0.000027  1.000000  -0.000004  -0.000087  0.000004  1.000000  0.999995  -0.000677  0.002999  0.000677  1.000000  -0.000097  -0.002999  0.000099  0.999995  0.000080  0.007288  
95.263252 0.007385  0.094315  -0.000177  0.996779  0.068479  0.041737  -0.068235  0.997643  -0.007234  -0.042134  0.004363  0.999102  0.004587  -0.002329  -0.002339  -0.008812  -0.237336  0.229203  2.000000  0.999994  -0.000822  0.003421  0.000823  1.000000  -0.000116  -0.003421  0.000119  0.999994  0.999975  0.004550  0.005465  -0.004548  0.999990  -0.000312  -0.005467  0.000287  0.999985  1.000000  -0.000031  0.000083  0.000031  1.000000  -0.000004  -0.000083  0.000004  1.000000  0.999994  -0.000822  0.003421  0.000823  1.000000  -0.000116  -0.003421  0.000119  0.999994  0.000083  0.007118  
95.264502 0.007390  0.094309  -0.000182  0.996754  0.068685  0.042002  -0.068440  0.997629  -0.007261  -0.042401  0.004363  0.999091  0.004528  -0.002605  -0.002667  -0.008785  -0.239857  0.227348  2.000000  0.999993  -0.000948  0.003750  0.000948  1.000000  -0.000130  -0.003750  0.000134  0.999993  0.999975  0.004550  0.005465  -0.004548  0.999990  -0.000313  -0.005467  0.000288  0.999985  1.000000  -0.000031  0.000083  0.000031  1.000000  -0.000004  -0.000083  0.000004  1.000000  0.999993  -0.000948  0.003750  0.000948  1.000000  -0.000130  -0.003750  0.000134  0.999993  0.000083  0.007118  
95.265752 0.007394  0.094304  -0.000188  0.996742  0.068687  0.042269  -0.068439  0.997629  -0.007279  -0.042669  0.004363  0.999080  0.004486  -0.002828  -0.002914  -0.012455  -0.241904  0.215373  2.000000  0.999991  -0.001113  0.004153  0.001114  0.999999  -0.000148  -0.004153  0.000153  0.999991  0.999976  0.004138  0.005467  -0.004137  0.999991  -0.000297  -0.005469  0.000274  0.999985  1.000000  -0.000033  0.000079  0.000033  1.000000  -0.000004  -0.000079  0.000004  1.000000  0.999991  -0.001113  0.004153  0.001114  0.999999  -0.000148  -0.004153  0.000153  0.999991  0.000081  0.006863  
95.267002 0.007399  0.094299  -0.000193  0.996725  0.068688  0.042669  -0.068438  0.997629  -0.007307  -0.043070  0.004363  0.999063  0.004500  -0.003069  -0.003257  -0.011995  -0.241966  0.201545  2.000000  0.999989  -0.001286  0.004528  0.001287  0.999999  -0.000172  -0.004527  0.000178  0.999990  0.999979  0.003726  0.005335  -0.003724  0.999993  -0.000402  -0.005337  0.000382  0.999986  1.000000  -0.000034  0.000074  0.000034  1.000000  -0.000005  -0.000074  0.000005  1.000000  0.999989  -0.001286  0.004528  0.001287  0.999999  -0.000172  -0.004527  0.000178  0.999990  0.000080  0.006520  
95.268252 0.007403  0.094293  -0.000200  0.996700  0.068900  0.042926  -0.068642  0.997613  -0.007455  -0.043337  0.004484  0.999050  0.004359  -0.003294  -0.003576  -0.016128  -0.242004  0.201599  2.000000  0.999987  -0.001465  0.004885  0.001466  0.999999  -0.000202  -0.004885  0.000209  0.999988  0.999980  0.003316  0.005337  -0.003313  0.999994  -0.000507  -0.005339  0.000489  0.999986  1.000000  -0.000037  0.000069  0.000037  1.000000  -0.000006  -0.000069  0.000006  1.000000  0.999987  -0.001465  0.004885  0.001466  0.999999  -0.000202  -0.004885  0.000209  0.999988  0.000080  0.006303  
95.269499 0.007406  0.094288  -0.000206  0.996688  0.068901  0.043193  -0.068641  0.997613  -0.007473  -0.043605  0.004484  0.999039  0.004164  -0.003509  -0.003807  -0.015760  -0.244484  0.193085  2.000000  0.999985  -0.001649  0.005213  0.001650  0.999999  -0.000232  -0.005212  0.000241  0.999986  0.999982  0.002903  0.005205  -0.002901  0.999996  -0.000490  -0.005206  0.000474  0.999986  1.000000  -0.000038  0.000064  0.000038  1.000000  -0.000006  -0.000064  0.000006  1.000000  0.999985  -0.001649  0.005213  0.001650  0.999999  -0.000232  -0.005212  0.000241  0.999986  0.000079  0.005980  
95.270748 0.007410  0.094283  -0.000213  0.996682  0.068907  0.043318  -0.068641  0.997612  -0.007603  -0.043738  0.004605  0.999032  0.003919  -0.003734  -0.004085  -0.019553  -0.244484  0.186227  2.000000  0.999983  -0.001840  0.005518  0.001842  0.999998  -0.000260  -0.005518  0.000270  0.999985  0.999984  0.002492  0.005073  -0.002490  0.999997  -0.000472  -0.005074  0.000459  0.999987  1.000000  -0.000039  0.000059  0.000039  1.000000  -0.000006  -0.000059  0.000006  1.000000  0.999983  -0.001840  0.005518  0.001842  0.999998  -0.000260  -0.005518  0.000270  0.999985  0.000077  0.005671  
95.271749 0.007413  0.094279  -0.000218  0.996676  0.068908  0.043451  -0.068641  0.997612  -0.007613  -0.043872  0.004605  0.999027  0.003759  -0.003830  -0.004244  -0.019185  -0.246580  0.173947  2.000000  0.999982  -0.001919  0.005635  0.001921  0.999998  -0.000271  -0.005635  0.000282  0.999984  0.999985  0.002286  0.004940  -0.002283  0.999997  -0.000463  -0.004941  0.000452  0.999988  1.000000  0.000000  0.000000  0.000000  1.000000  0.000000  0.000000  0.000000  1.000000  0.999982  -0.001919  0.005635  0.001921  0.999998  -0.000271  -0.005635  0.000282  0.999984  0.000076  0.000000  
95.272999 0.007415  0.094274  -0.000225  0.996670  0.068908  0.043584  -0.068640  0.997612  -0.007622  -0.044006  0.004605  0.999021  0.003564  -0.003930  -0.004443  -0.018773  -0.244583  0.165659  2.000000  0.999982  -0.001919  0.005635  0.001921  0.999998  -0.000271  -0.005635  0.000282  0.999984  0.999986  0.002080  0.004941  -0.002078  0.999998  -0.000455  -0.004942  0.000444  0.999988  1.000000  0.000000  0.000000  0.000000  1.000000  0.000000  0.000000  0.000000  1.000000  0.999982  -0.001919  0.005635  0.001921  0.999998  -0.000271  -0.005635  0.000282  0.999984  0.000074  0.000000  
95.274249 0.007418  0.094269  -0.000232  0.996650  0.069120  0.043708  -0.068845  0.997597  -0.007761  -0.044139  0.004726  0.999014  0.003366  -0.004011  -0.004648  -0.022574  -0.240169  0.158812  2.000000  0.999982  -0.001919  0.005635  0.001921  0.999998  -0.000271  -0.005635  0.000282  0.999984  0.999987  0.002079  0.004673  -0.002077  0.999998  -0.000455  -0.004674  0.000445  0.999989  1.000000  0.000000  0.000000  0.000000  1.000000  0.000000  0.000000  0.000000  1.000000  0.999982  -0.001919  0.005635  0.001921  0.999998  -0.000271  -0.005635  0.000282  0.999984  0.000072  0.000000  
95.275249 0.007420  0.094265  -0.000238  0.996645  0.069120  0.043841  -0.068845  0.997597  -0.007770  -0.044273  0.004726  0.999008  0.003184  -0.004060  -0.004801  -0.026099  -0.231307  0.145034  2.000000  0.999982  -0.001919  0.005635  0.001921  0.999998  -0.000271  -0.005635  0.000282  0.999984  0.999988  0.001873  0.004540  -0.001870  0.999998  -0.000567  -0.004541  0.000559  0.999990  1.000000  0.000000  0.000000  0.000000  1.000000  0.000000  0.000000  0.000000  1.000000  0.999982  -0.001919  0.005635  0.001921  0.999998  -0.000271  -0.005635  0.000282  0.999984  0.000070  0.000000  
95.276501 0.007422  0.094258  -0.000246  0.996633  0.069122  0.044108  -0.068844  0.997597  -0.007789  -0.044540  0.004726  0.998996  0.002933  -0.004221  -0.005037  -0.025581  -0.226892  0.131289  2.000000  0.999982  -0.001919  0.005635  0.001921  0.999998  -0.000271  -0.005635  0.000282  0.999984  0.999990  0.001460  0.004141  -0.001457  0.999999  -0.000549  -0.004142  0.000543  0.999991  1.000000  0.000000  0.000000  0.000000  1.000000  0.000000  0.000000  0.000000  1.000000  0.999982  -0.001919  0.005635  0.001921  0.999998  -0.000271  -0.005635  0.000282  0.999984  0.000067  0.000000  
95.277510 0.007424  0.094254  -0.000253  0.996627  0.069122  0.044241  -0.068843  0.997597  -0.007798  -0.044674  0.004726  0.998990  0.002766  -0.004287  -0.005265  -0.025500  -0.221977  0.119660  2.000000  0.999982  -0.001919  0.005635  0.001921  0.999998  -0.000271  -0.005635  0.000282  0.999984  0.999991  0.001253  0.004008  -0.001252  0.999999  -0.000419  -0.004009  0.000414  0.999992  1.000000  0.000000  0.000000  0.000000  1.000000  0.000000  0.000000  0.000000  1.000000  0.999982  -0.001919  0.005635  0.001921  0.999998  -0.000271  -0.005635  0.000282  0.999984  0.000063  0.000000  
95.278748 0.007426  0.094247  -0.000262  0.996607  0.069334  0.044365  -0.069048  0.997582  -0.007937  -0.044808  0.004847  0.998984  0.002579  -0.004395  -0.005548  -0.028831  -0.213613  0.110678  2.000000  0.999982  -0.001919  0.005635  0.001921  0.999998  -0.000271  -0.005635  0.000282  0.999984  0.999992  0.001047  0.003875  -0.001045  0.999999  -0.000531  -0.003876  0.000527  0.999992  1.000000  0.000000  0.000000  0.000000  1.000000  0.000000  0.000000  0.000000  1.000000  0.999982  -0.001919  0.005635  0.001921  0.999998  -0.000271  -0.005635  0.000282  0.999984  0.000060  0.000000  
95.279758 0.007428  0.094242  -0.000269  0.996607  0.069334  0.044365  -0.069048  0.997582  -0.007937  -0.044808  0.004847  0.998984  0.002435  -0.004432  -0.005758  -0.024712  -0.206356  0.104624  2.000000  0.999982  -0.001919  0.005635  0.001921  0.999998  -0.000271  -0.005635  0.000282  0.999984  0.999993  0.001252  0.003606  -0.001250  0.999999  -0.000541  -0.003607  0.000536  0.999993  1.000000  0.000000  0.000000  0.000000  1.000000  0.000000  0.000000  0.000000  1.000000  0.999982  -0.001919  0.005635  0.001921  0.999998  -0.000271  -0.005635  0.000282  0.999984  0.000059  0.000000  
95.281000 0.007430  0.094237  -0.000278  0.996601  0.069334  0.044498  -0.069048  0.997582  -0.007946  -0.044941  0.004847  0.998978  0.002330  -0.004450  -0.005940  -0.024161  -0.201996  0.090811  2.000000  0.999982  -0.001919  0.005635  0.001921  0.999998  -0.000271  -0.005635  0.000282  0.999984  0.999993  0.001045  0.003474  -0.001043  0.999999  -0.000531  -0.003474  0.000528  0.999994  1.000000  0.000000  0.000000  0.000000  1.000000  0.000000  0.000000  0.000000  1.000000  0.999982  -0.001919  0.005635  0.001921  0.999998  -0.000271  -0.005635  0.000282  0.999984  0.000057  0.000000  
95.282254 0.007432  0.094232  -0.000286  0.996601  0.069334  0.044498  -0.069048  0.997582  -0.007946  -0.044941  0.004847  0.998978  0.002191  -0.004391  -0.006069  -0.023874  -0.192971  0.083829  2.000000  0.999982  -0.001919  0.005635  0.001921  0.999998  -0.000271  -0.005635  0.000282  0.999984  0.999995  0.000838  0.003207  -0.000837  1.000000  -0.000522  -0.003208  0.000520  0.999995  1.000000  0.000000  0.000000  0.000000  1.000000  0.000000  0.000000  0.000000  1.000000  0.999982  -0.001919  0.005635  0.001921  0.999998  -0.000271  -0.005635  0.000282  0.999984  0.000054  0.000000  
95.283503 0.007435  0.094228  -0.000294  0.996601  0.069334  0.044498  -0.069048  0.997582  -0.007946  -0.044941  0.004847  0.998978  0.002140  -0.004286  -0.006224  -0.023594  -0.184016  0.076878  2.000000  0.999982  -0.001919  0.005635  0.001921  0.999998  -0.000271  -0.005635  0.000282  0.999984  0.999995  0.000837  0.002940  -0.000835  1.000000  -0.000522  -0.002940  0.000520  0.999996  1.000000  0.000000  0.000000  0.000000  1.000000  0.000000  0.000000  0.000000  1.000000  0.999982  -0.001919  0.005635  0.001921  0.999998  -0.000271  -0.005635  0.000282  0.999984  0.000051  0.000000  
95.284751 0.007438  0.094224  -0.000302  0.996580  0.069540  0.044630  -0.069252  0.997567  -0.007965  -0.045075  0.004847  0.998972  0.002098  -0.004204  -0.006330  -0.023326  -0.175095  0.069940  2.000000  0.999982  -0.001919  0.005635  0.001921  0.999998  -0.000271  -0.005635  0.000282  0.999984  0.999996  0.000836  0.002672  -0.000834  1.000000  -0.000522  -0.002672  0.000520  0.999996  1.000000  0.000000  0.000000  0.000000  1.000000  0.000000  0.000000  0.000000  1.000000  0.999982  -0.001919  0.005635  0.001921  0.999998  -0.000271  -0.005635  0.000282  0.999984  0.000047  0.000000  
95.285999 0.007442  0.094220  -0.000310  0.996580  0.069540  0.044630  -0.069252  0.997567  -0.007965  -0.045075  0.004847  0.998972  0.002088  -0.004136  -0.006399  0.000000  0.000000  0.000000  2.000000  0.999982  -0.001919  0.005635  0.001921  0.999998  -0.000271  -0.005635  0.000282  0.999984  0.999997  0.000834  0.002404  -0.000833  1.000000  -0.000522  -0.002405  0.000520  0.999997  1.000000  0.000000  0.000000  0.000000  1.000000  0.000000  0.000000  0.000000  1.000000  0.999982  -0.001919  0.005635  0.001921  0.999998  -0.000271  -0.005635  0.000282  0.999984  0.000000  0.000000  
95.287000 0.007445  0.094217  -0.000316  0.996560  0.069746  0.044761  -0.069457  0.997553  -0.007983  -0.045209  0.004847  0.998966  0.002125  -0.004048  -0.006487  0.000000  0.000000  0.000000  2.000000  0.999982  -0.001919  0.005635  0.001921  0.999998  -0.000271  -0.005635  0.000282  0.999984  0.999997  0.001039  0.002270  -0.001038  0.999999  -0.000532  -0.002270  0.000529  0.999997  1.000000  0.000000  0.000000  0.000000  1.000000  0.000000  0.000000  0.000000  1.000000  0.999982  -0.001919  0.005635  0.001921  0.999998  -0.000271  -0.005635  0.000282  0.999984  0.000000  0.000000  
95.288247 0.007449  0.094214  -0.000323  0.996560  0.069746  0.044761  -0.069457  0.997553  -0.007983  -0.045209  0.004847  0.998966  0.002197  -0.003908  -0.006438  0.000000  0.000000  0.000000  2.000000  0.999982  -0.001919  0.005635  0.001921  0.999998  -0.000271  -0.005635  0.000282  0.999984  0.999998  0.000832  0.002003  -0.000832  1.000000  -0.000401  -0.002003  0.000399  0.999998  1.000000  0.000000  0.000000  0.000000  1.000000  0.000000  0.000000  0.000000  1.000000  0.999982  -0.001919  0.005635  0.001921  0.999998  -0.000271  -0.005635  0.000282  0.999984  0.000000  0.000000  
95.289248 0.007453  0.094212  -0.000328  0.996554  0.069747  0.044895  -0.069457  0.997553  -0.007993  -0.045342  0.004847  0.998960  0.002298  -0.003750  -0.006408  0.000000  0.000000  0.000000  2.000000  0.999982  -0.001919  0.005635  0.001921  0.999998  -0.000271  -0.005635  0.000282  0.999984  0.999998  0.000832  0.001869  -0.000831  1.000000  -0.000401  -0.001869  0.000400  0.999998  1.000000  0.000000  0.000000  0.000000  1.000000  0.000000  0.000000  0.000000  1.000000  0.999982  -0.001919  0.005635  0.001921  0.999998  -0.000271  -0.005635  0.000282  0.999984  0.000000  0.000000  
95.290249 0.007456  0.094211  -0.000334  0.996554  0.069752  0.044886  -0.069457  0.997552  -0.008114  -0.045342  0.004968  0.998959  0.002416  -0.003593  -0.006379  0.000000  0.000000  0.000000  2.000000  0.999982  -0.001919  0.005635  0.001921  0.999998  -0.000271  -0.005635  0.000282  0.999984  0.999998  0.000831  0.001735  -0.000830  1.000000  -0.000401  -0.001736  0.000400  0.999998  1.000000  0.000000  0.000000  0.000000  1.000000  0.000000  0.000000  0.000000  1.000000  0.999982  -0.001919  0.005635  0.001921  0.999998  -0.000271  -0.005635  0.000282  0.999984  0.000000  0.000000  
95.291498 0.007461  0.094209  -0.000340  0.996540  0.069958  0.044884  -0.069662  0.997538  -0.008123  -0.045342  0.004968  0.998959  0.002586  -0.003274  -0.006287  0.000000  0.000000  0.000000  2.000000  0.999982  -0.001919  0.005635  0.001921  0.999998  -0.000271  -0.005635  0.000282  0.999984  0.999998  0.001036  0.001467  -0.001035  0.999999  -0.000411  -0.001467  0.000409  0.999999  1.000000  0.000000  0.000000  0.000000  1.000000  0.000000  0.000000  0.000000  1.000000  0.999982  -0.001919  0.005635  0.001921  0.999998  -0.000271  -0.005635  0.000282  0.999984  0.000000  0.000000  
95.292503 0.007465  0.094207  -0.000346  0.996540  0.069958  0.044884  -0.069662  0.997538  -0.008123  -0.045342  0.004968  0.998959  0.002706  -0.003081  -0.006173  0.000000  0.000000  0.000000  2.000000  0.999982  -0.001919  0.005635  0.001921  0.999998  -0.000271  -0.005635  0.000282  0.999984  0.999999  0.001035  0.001333  -0.001034  0.999999  -0.000411  -0.001333  0.000409  0.999999  1.000000  0.000000  0.000000  0.000000  1.000000  0.000000  0.000000  0.000000  1.000000  0.999982  -0.001919  0.005635  0.001921  0.999998  -0.000271  -0.005635  0.000282  0.999984  0.000000  0.000000  
95.293512 0.007469  0.094206  -0.000350  0.996540  0.069952  0.044893  -0.069662  0.997539  -0.008002  -0.045342  0.004847  0.998960  0.002919  -0.002751  -0.005955  0.000000  0.000000  0.000000  2.000000  0.999982  -0.001919  0.005635  0.001921  0.999998  -0.000271  -0.005635  0.000282  0.999984  0.999999  0.001035  0.001333  -0.001034  0.999999  -0.000289  -0.001333  0.000288  0.999999  1.000000  0.000000  0.000000  0.000000  1.000000  0.000000  0.000000  0.000000  1.000000  0.999982  -0.001919  0.005635  0.001921  0.999998  -0.000271  -0.005635  0.000282  0.999984  0.000000  0.000000  
95.294754 0.007474  0.094205  -0.000356  0.996534  0.069953  0.045026  -0.069662  0.997539  -0.008011  -0.045476  0.004847  0.998954  0.003082  -0.002466  -0.005770  0.000000  0.000000  0.000000  2.000000  0.999982  -0.001919  0.005635  0.001921  0.999998  -0.000271  -0.005635  0.000282  0.999984  0.999999  0.000829  0.001334  -0.000829  1.000000  -0.000159  -0.001334  0.000158  0.999999  1.000000  0.000000  0.000000  0.000000  1.000000  0.000000  0.000000  0.000000  1.000000  0.999982  -0.001919  0.005635  0.001921  0.999998  -0.000271  -0.005635  0.000282  0.999984  0.000000  0.000000  
95.296005 0.007479  0.094204  -0.000362  0.996519  0.070158  0.045025  -0.069867  0.997524  -0.008020  -0.045476  0.004847  0.998954  0.003287  -0.002161  -0.005604  0.000000  0.000000  0.000000  2.000000  0.999982  -0.001919  0.005635  0.001921  0.999998  -0.000271  -0.005635  0.000282  0.999984  0.999999  0.001034  0.001065  -0.001033  0.999999  -0.000168  -0.001066  0.000167  0.999999  1.000000  0.000000  0.000000  0.000000  1.000000  0.000000  0.000000  0.000000  1.000000  0.999982  -0.001919  0.005635  0.001921  0.999998  -0.000271  -0.005635  0.000282  0.999984  0.000000  0.000000  
95.297248 0.007485  0.094204  -0.000367  0.996513  0.070159  0.045158  -0.069866  0.997524  -0.008030  -0.045610  0.004847  0.998948  0.003495  -0.001882  -0.005421  0.000000  0.000000  0.000000  2.000000  0.999982  -0.001919  0.005635  0.001921  0.999998  -0.000271  -0.005635  0.000282  0.999984  0.999999  0.001034  0.001065  -0.001033  0.999999  -0.000168  -0.001066  0.000167  0.999999  1.000000  0.000000  0.000000  0.000000  1.000000  0.000000  0.000000  0.000000  1.000000  0.999982  -0.001919  0.005635  0.001921  0.999998  -0.000271  -0.005635  0.000282  0.999984  0.000000  0.000000  
95.298253 0.007489  0.094204  -0.000371  0.996507  0.070154  0.045300  -0.069866  0.997525  -0.007918  -0.045743  0.004726  0.998942  0.003679  -0.001642  -0.005217  0.000000  0.000000  0.000000  2.000000  0.999982  -0.001919  0.005635  0.001921  0.999998  -0.000271  -0.005635  0.000282  0.999984  0.999999  0.001033  0.000932  -0.001033  0.999999  -0.000047  -0.000932  0.000046  1.000000  1.000000  0.000000  0.000000  0.000000  1.000000  0.000000  0.000000  0.000000  1.000000  0.999982  -0.001919  0.005635  0.001921  0.999998  -0.000271  -0.005635  0.000282  0.999984  0.000000  0.000000  
95.299504 0.007495  0.094203  -0.000377  0.996507  0.070154  0.045300  -0.069866  0.997525  -0.007918  -0.045743  0.004726  0.998942  0.003822  -0.001391  -0.005087  0.000000  0.000000  0.000000  2.000000  0.999982  -0.001919  0.005635  0.001921  0.999998  -0.000271  -0.005635  0.000282  0.999984  0.999999  0.000827  0.000933  -0.000827  1.000000  0.000084  -0.000933  -0.000084  1.000000  1.000000  0.000000  0.000000  0.000000  1.000000  0.000000  0.000000  0.000000  1.000000  0.999982  -0.001919  0.005635  0.001921  0.999998  -0.000271  -0.005635  0.000282  0.999984  0.000000  0.000000  
95.300786 0.007500  0.094204  -0.000382  0.996507  0.070154  0.045300  -0.069866  0.997525  -0.007918  -0.045743  0.004726  0.998942  0.003936  -0.001109  -0.004926  0.000000  0.000000  0.000000  2.000000  0.999982  -0.001919  0.005635  0.001921  0.999998  -0.000271  -0.005635  0.000282  0.999984  0.999999  0.000826  0.000799  -0.000827  1.000000  0.000084  -0.000799  -0.000084  1.000000  1.000000  0.000000  0.000000  0.000000  1.000000  0.000000  0.000000  0.000000  1.000000  0.999982  -0.001919  0.005635  0.001921  0.999998  -0.000271  -0.005635  0.000282  0.999984  0.000000  0.000000  
95.302002 0.007505  0.094204  -0.000388  0.996501  0.070149  0.045442  -0.069865  0.997526  -0.007807  -0.045877  0.004604  0.998936  0.003991  -0.000886  -0.004796  0.000000  0.000000  0.000000  2.000000  0.999982  -0.001919  0.005635  0.001921  0.999998  -0.000271  -0.005635  0.000282  0.999984  0.999999  0.000827  0.000933  -0.000827  1.000000  0.000205  -0.000933  -0.000206  1.000000  1.000000  0.000000  0.000000  0.000000  1.000000  0.000000  0.000000  0.000000  1.000000  0.999982  -0.001919  0.005635  0.001921  0.999998  -0.000271  -0.005635  0.000282  0.999984  0.000000  0.000000  
95.303249 0.007509  0.094204  -0.000393  0.996501  0.070149  0.045442  -0.069865  0.997526  -0.007807  -0.045877  0.004604  0.998936  0.004031  -0.000637  -0.004669  0.000000  0.000000  0.000000  2.000000  0.999982  -0.001919  0.005635  0.001921  0.999998  -0.000271  -0.005635  0.000282  0.999984  0.999999  0.000827  0.000933  -0.000827  1.000000  0.000205  -0.000933  -0.000206  1.000000  1.000000  0.000000  0.000000  0.000000  1.000000  0.000000  0.000000  0.000000  1.000000  0.999982  -0.001919  0.005635  0.001921  0.999998  -0.000271  -0.005635  0.000282  0.999984  0.000000  0.000000  
95.304499 0.007513  0.094205  -0.000398  0.996480  0.070355  0.045573  -0.070070  0.997511  -0.007825  -0.046010  0.004604  0.998930  0.003985  -0.000493  -0.004550  0.000000  0.000000  0.000000  2.000000  0.999982  -0.001919  0.005635  0.001921  0.999998  -0.000271  -0.005635  0.000282  0.999984  0.999999  0.000621  0.000934  -0.000621  1.000000  0.000214  -0.000934  -0.000215  1.000000  1.000000  0.000000  0.000000  0.000000  1.000000  0.000000  0.000000  0.000000  1.000000  0.999982  -0.001919  0.005635  0.001921  0.999998  -0.000271  -0.005635  0.000282  0.999984  0.000000  0.000000  
95.305749 0.007517  0.094205  -0.000402  0.996480  0.070350  0.045582  -0.070070  0.997512  -0.007704  -0.046010  0.004483  0.998931  0.003936  -0.000343  -0.004384  0.000000  0.000000  0.000000  2.000000  0.999982  -0.001919  0.005635  0.001921  0.999998  -0.000271  -0.005635  0.000282  0.999984  0.999999  0.000827  0.000933  -0.000827  1.000000  0.000326  -0.000933  -0.000327  1.000000  1.000000  0.000000  0.000000  0.000000  1.000000  0.000000  0.000000  0.000000  1.000000  0.999982  -0.001919  0.005635  0.001921  0.999998  -0.000271  -0.005635  0.000282  0.999984  0.000000  0.000000  
95.306996 0.007521  0.094205  -0.000406  0.996474  0.070350  0.045715  -0.070070  0.997512  -0.007714  -0.046144  0.004483  0.998925  0.003836  -0.000225  -0.004227  0.000000  0.000000  0.000000  2.000000  0.999982  -0.001919  0.005635  0.001921  0.999998  -0.000271  -0.005635  0.000282  0.999984  0.999999  0.000621  0.000934  -0.000621  1.000000  0.000335  -0.000934  -0.000336  1.000000  1.000000  0.000000  0.000000  0.000000  1.000000  0.000000  0.000000  0.000000  1.000000  0.999982  -0.001919  0.005635  0.001921  0.999998  -0.000271  -0.005635  0.000282  0.999984  0.000000  0.000000  
95.307999 0.007523  0.094206  -0.000409  0.996468  0.070351  0.045849  -0.070069  0.997512  -0.007723  -0.046278  0.004483  0.998919  0.003732  -0.000070  -0.004055  0.000000  0.000000  0.000000  2.000000  0.999982  -0.001919  0.005635  0.001921  0.999998  -0.000271  -0.005635  0.000282  0.999984  0.999999  0.000622  0.001068  -0.000622  1.000000  0.000335  -0.001067  -0.000336  0.999999  1.000000  0.000000  0.000000  0.000000  1.000000  0.000000  0.000000  0.000000  1.000000  0.999982  -0.001919  0.005635  0.001921  0.999998  -0.000271  -0.005635  0.000282  0.999984  0.000000  0.000000  
