1-Time 2-Px 3-Py 4-Pz 5-R11 6-R21 7-R31 8-R12 9-R22 10-R32 11-R13 12-R23 13-R33 14-Vx 15-Vy 16-Vz 17-Wx 18-Wy 19-Wz 20-state 21-PR11 22-PR21 23-PR31 24-PR12 25-PR22 26-PR32 27-PR13 28-PR23 29-PR33 
192.221117 0.021031  0.090424  -0.011241  0.997301  0.068642  -0.026048  0.021972  0.059474  0.997988  0.070053  -0.995867  0.057805  -0.001770  0.002471  0.001979  0.000000  0.000000  0.000000  2.000000  1.000000  0.000000  0.000000  0.000000  -0.000000  1.000000  0.000000  -1.000000  -0.000000  1.000000  -0.000291  -0.000395  0.000291  1.000000  0.000456  0.000394  -0.000456  1.000000  1.000000  0.000000  0.000000  0.000000  1.000000  0.000000  0.000000  0.000000  1.000000  0.444016  0.670898  0.593924  -0.637526  -0.229220  0.735540  0.629612  -0.705233  0.325937  0.000000  0.000000  
192.222366 0.021029  0.090426  -0.011240  0.997306  0.068654  -0.025842  0.021767  0.059460  0.997993  0.070053  -0.995867  0.057805  -0.001699  0.002459  0.001932  0.000000  0.000000  0.000000  2.000000  1.000000  0.000000  0.000000  0.000000  -0.000000  1.000000  0.000000  -1.000000  -0.000000  1.000000  -0.000303  -0.000600  0.000303  1.000000  0.000442  0.000599  -0.000442  1.000000  1.000000  0.000000  0.000000  0.000000  1.000000  0.000000  0.000000  0.000000  1.000000  1.000000  0.000000  0.000000  0.000000  -0.000000  1.000000  0.000000  -1.000000  -0.000000  0.000000  0.000000  
192.223616 0.021031  0.090426  -0.011244  0.997315  0.068679  -0.025431  0.021356  0.059431  0.998004  0.070053  -0.995867  0.057805  -0.001426  0.002231  0.001492  0.000000  0.000000  0.000000  2.000000  1.000000  0.000000  0.000000  0.000000  -0.000000  1.000000  0.000000  -1.000000  -0.000000  1.000000  -0.000279  -0.000190  0.000279  1.000000  0.000471  0.000189  -0.000471  1.000000  1.000000  0.000000  0.000000  0.000000  1.000000  0.000000  0.000000  0.000000  1.000000  1.000000  0.000000  0.000000  0.000000  -0.000000  1.000000  0.000000  -1.000000  -0.000000  0.000000  0.000000  
192.224861 0.021035  0.090426  -0.011248  0.997323  0.068703  -0.025021  0.020946  0.059403  0.998014  0.070053  -0.995867  0.057805  -0.001074  0.002060  0.001061  0.000000  0.000000  0.000000  2.000000  1.000000  0.000000  0.000000  0.000000  -0.000000  1.000000  0.000000  -1.000000  -0.000000  1.000000  -0.000243  0.000426  0.000243  1.000000  0.000393  -0.000426  -0.000393  1.000000  1.000000  0.000000  0.000000  0.000000  1.000000  0.000000  0.000000  0.000000  1.000000  1.000000  0.000000  0.000000  0.000000  -0.000000  1.000000  0.000000  -1.000000  -0.000000  0.000000  0.000000  
192.225866 0.021038  0.090426  -0.011251  0.997332  0.068728  -0.024610  0.020535  0.059375  0.998025  0.070053  -0.995867  0.057805  -0.000736  0.001867  0.000723  0.000000  0.000000  0.000000  2.000000  1.000000  0.000000  0.000000  0.000000  -0.000000  1.000000  0.000000  -1.000000  -0.000000  1.000000  -0.000231  0.000631  0.000231  1.000000  0.000407  -0.000631  -0.000407  1.000000  1.000000  0.000000  0.000000  0.000000  1.000000  0.000000  0.000000  0.000000  1.000000  1.000000  0.000000  0.000000  0.000000  -0.000000  1.000000  0.000000  -1.000000  -0.000000  0.000000  0.000000  
192.227111 0.021045  0.090426  -0.011255  0.997336  0.068740  -0.024404  0.020330  0.059361  0.998030  0.070053  -0.995867  0.057805  -0.000131  0.001610  0.000297  0.000000  0.000000  0.000000  2.000000  1.000000  0.000000  0.000000  0.000000  -0.000000  1.000000  0.000000  -1.000000  -0.000000  0.999999  -0.000208  0.001041  0.000207  1.000000  0.000436  -0.001041  -0.000436  0.999999  1.000000  0.000000  0.000000  0.000000  1.000000  0.000000  0.000000  0.000000  1.000000  1.000000  0.000000  0.000000  0.000000  -0.000000  1.000000  0.000000  -1.000000  -0.000000  0.000000  0.000000  
192.228112 0.021051  0.090426  -0.011258  0.997340  0.068755  -0.024190  0.020124  0.059226  0.998042  0.070053  -0.995874  0.057684  0.000432  0.001494  -0.000016  0.000000  0.000000  0.000000  2.000000  1.000000  0.000000  0.000000  0.000000  -0.000000  1.000000  0.000000  -1.000000  -0.000000  0.999999  -0.000184  0.001451  0.000183  1.000000  0.000586  -0.001451  -0.000586  0.999999  1.000000  0.000000  0.000000  0.000000  1.000000  0.000000  0.000000  0.000000  1.000000  1.000000  0.000000  0.000000  0.000000  -0.000000  1.000000  0.000000  -1.000000  -0.000000  0.000000  0.000000  
192.229114 0.021060  0.090426  -0.011260  0.997339  0.068913  -0.023787  0.019714  0.059200  0.998051  0.070187  -0.995865  0.057684  0.001134  0.001303  -0.000315  0.000000  0.000000  0.000000  2.000000  1.000000  0.000000  0.000000  0.000000  -0.000000  1.000000  0.000000  -1.000000  -0.000000  0.999999  -0.000039  0.001648  0.000038  1.000000  0.000480  -0.001648  -0.000480  0.999999  1.000000  0.000000  0.000000  0.000000  1.000000  0.000000  0.000000  0.000000  1.000000  1.000000  0.000000  0.000000  0.000000  -0.000000  1.000000  0.000000  -1.000000  -0.000000  0.000000  0.000000  
192.230115 0.021068  0.090425  -0.011263  0.997334  0.069058  -0.023589  0.019508  0.059188  0.998056  0.070320  -0.995855  0.057683  0.001795  0.001014  -0.000693  0.000000  0.000000  0.000000  2.000000  1.000000  0.000000  0.000000  0.000000  -0.000000  1.000000  0.000000  -1.000000  -0.000000  0.999998  0.000252  0.002042  -0.000253  1.000000  0.000508  -0.002042  -0.000509  0.999998  1.000000  0.000000  0.000000  0.000000  1.000000  0.000000  0.000000  0.000000  1.000000  1.000000  0.000000  0.000000  0.000000  -0.000000  1.000000  0.000000  -1.000000  -0.000000  0.000000  0.000000  
192.231362 0.021078  0.090421  -0.011268  0.997332  0.069213  -0.023195  0.019097  0.059283  0.998059  0.070453  -0.995839  0.057803  0.002612  0.000572  -0.001193  0.000000  0.000000  0.000000  2.000000  1.000000  0.000000  0.000000  0.000000  -0.000000  1.000000  0.000000  -1.000000  -0.000000  0.999997  0.000410  0.002445  -0.000411  1.000000  0.000416  -0.002445  -0.000417  0.999997  1.000000  0.000000  0.000000  0.000000  1.000000  0.000000  0.000000  0.000000  1.000000  1.000000  0.000000  0.000000  0.000000  -0.000000  1.000000  0.000000  -1.000000  -0.000000  0.000000  0.000000  
192.232362 0.021086  0.090420  -0.011271  0.997331  0.069370  -0.022791  0.018686  0.059257  0.998068  0.070587  -0.995829  0.057803  0.003281  0.000350  -0.001516  0.000000  0.000000  0.000000  2.000000  1.000000  0.000000  0.000000  0.000000  -0.000000  1.000000  0.000000  -1.000000  -0.000000  0.999996  0.000567  0.002847  -0.000568  1.000000  0.000445  -0.002847  -0.000446  0.999996  1.000000  0.000000  0.000000  0.000000  1.000000  0.000000  0.000000  0.000000  1.000000  1.000000  0.000000  0.000000  0.000000  -0.000000  1.000000  0.000000  -1.000000  -0.000000  0.000000  0.000000  
192.233362 0.021093  0.090419  -0.011276  0.997338  0.069395  -0.022380  0.018276  0.059229  0.998077  0.070587  -0.995829  0.057803  0.003903  0.000087  -0.001986  0.000000  0.000000  0.000000  2.000000  1.000000  0.000000  0.000000  0.000000  -0.000000  1.000000  0.000000  -1.000000  -0.000000  0.999995  0.000591  0.003257  -0.000592  1.000000  0.000352  -0.003257  -0.000354  0.999995  1.000000  0.000000  0.000000  0.000000  1.000000  0.000000  0.000000  0.000000  1.000000  1.000000  0.000000  0.000000  0.000000  -0.000000  1.000000  0.000000  -1.000000  -0.000000  0.000000  0.000000  
192.234617 0.021103  0.090418  -0.011283  0.997346  0.069417  -0.021978  0.017865  0.059321  0.998079  0.070587  -0.995822  0.057924  0.004718  -0.000178  -0.002601  0.000000  0.000000  0.000000  2.000000  1.000000  0.000000  0.000000  0.000000  -0.000000  1.000000  0.000000  -1.000000  -0.000000  0.999993  0.000615  0.003667  -0.000616  1.000000  0.000260  -0.003667  -0.000262  0.999993  1.000000  0.000000  0.000000  0.000000  1.000000  0.000000  0.000000  0.000000  1.000000  1.000000  0.000000  0.000000  0.000000  -0.000000  1.000000  0.000000  -1.000000  -0.000000  0.000000  0.000000  
192.235866 0.021113  0.090417  -0.011291  0.997347  0.069584  -0.021378  0.017249  0.059402  0.998085  0.070720  -0.995806  0.058044  0.005594  -0.000467  -0.003385  0.000000  0.000000  0.000000  2.000000  1.000000  0.000000  0.000000  0.000000  -0.000000  1.000000  0.000000  -1.000000  -0.000000  0.999991  0.000785  0.004274  -0.000785  1.000000  0.000182  -0.004274  -0.000185  0.999991  1.000000  0.000000  0.000000  0.000000  1.000000  0.000000  0.000000  0.000000  1.000000  1.000000  0.000000  0.000000  0.000000  -0.000000  1.000000  0.000000  -1.000000  -0.000000  0.000000  0.000000  
192.237123 0.021124  0.090415  -0.011300  0.997354  0.069606  -0.020975  0.016838  0.059494  0.998087  0.070720  -0.995799  0.058165  0.006423  -0.000738  -0.004042  0.000000  0.000000  0.000000  2.000000  1.000000  0.000000  0.000000  0.000000  -0.000000  1.000000  0.000000  -1.000000  -0.000000  0.999988  0.000821  0.004889  -0.000821  1.000000  0.000104  -0.004889  -0.000108  0.999988  1.000000  0.000000  0.000000  0.000000  1.000000  0.000000  0.000000  0.000000  1.000000  1.000000  0.000000  0.000000  0.000000  -0.000000  1.000000  0.000000  -1.000000  -0.000000  0.000000  0.000000  
192.238365 0.021135  0.090415  -0.011309  0.997351  0.069758  -0.020589  0.016428  0.059710  0.998081  0.070854  -0.995775  0.058406  0.007046  -0.000736  -0.004374  -0.000020  -0.171190  0.028026  2.000000  1.000000  0.000040  0.000191  -0.000191  0.000002  1.000000  0.000040  -1.000000  0.000002  0.999986  0.001101  0.005078  -0.001100  0.999999  -0.000125  -0.005078  0.000120  0.999987  1.000000  0.000014  0.000063  -0.000014  1.000000  -0.000002  -0.000063  0.000002  1.000000  1.000000  0.000040  0.000191  -0.000191  0.000002  1.000000  0.000040  -1.000000  0.000002  0.000000  0.005198  
192.239615 0.021147  0.090416  -0.011317  0.997355  0.069766  -0.020400  0.016222  0.059938  0.998070  0.070854  -0.995761  0.058647  0.007580  -0.000717  -0.004614  -0.007695  -0.177781  0.032934  2.000000  1.000000  0.000109  0.000526  -0.000526  0.000020  1.000000  0.000109  -1.000000  0.000020  0.999984  0.001126  0.005488  -0.001124  0.999999  -0.000339  -0.005489  0.000333  0.999985  1.000000  0.000014  0.000069  -0.000014  1.000000  -0.000004  -0.000069  0.000004  1.000000  1.000000  0.000109  0.000526  -0.000526  0.000020  1.000000  0.000109  -1.000000  0.000020  0.000045  0.005613  
192.240863 0.021159  0.090418  -0.011324  0.997352  0.069919  -0.020014  0.015811  0.060153  0.998064  0.070987  -0.995737  0.058888  0.008052  -0.000576  -0.004833  -0.014859  -0.191314  0.038257  2.000000  1.000000  0.000185  0.000879  -0.000879  0.000052  1.000000  0.000185  -1.000000  0.000053  0.999983  0.001273  0.005685  -0.001269  0.999999  -0.000567  -0.005686  0.000560  0.999984  1.000000  0.000016  0.000071  -0.000016  1.000000  -0.000007  -0.000071  0.000007  1.000000  1.000000  0.000185  0.000879  -0.000879  0.000052  1.000000  0.000185  -1.000000  0.000053  0.000047  0.005853  
192.241863 0.021168  0.090418  -0.011331  0.997355  0.069929  -0.019817  0.015606  0.060260  0.998061  0.070987  -0.995730  0.059009  0.008364  -0.000500  -0.005140  -0.018446  -0.198187  0.038671  2.000000  0.999999  0.000250  0.001181  -0.001181  0.000087  0.999999  0.000250  -1.000000  0.000087  0.999979  0.001310  0.006300  -0.001305  0.999999  -0.000767  -0.006301  0.000759  0.999980  1.000000  0.000016  0.000079  -0.000016  1.000000  -0.000010  -0.000079  0.000010  1.000000  0.999999  0.000250  0.001181  -0.001181  0.000087  0.999999  0.000250  -1.000000  0.000087  0.000051  0.006480  
192.242867 0.021178  0.090418  -0.011338  0.997358  0.069936  -0.019629  0.015401  0.060488  0.998050  0.070987  -0.995716  0.059251  0.008582  -0.000582  -0.005427  -0.030182  -0.205054  0.039084  2.000000  0.999999  0.000316  0.001499  -0.001499  0.000129  0.999999  0.000315  -1.000000  0.000130  0.999979  0.001311  0.006300  -0.001305  0.999999  -0.000888  -0.006301  0.000880  0.999980  1.000000  0.000016  0.000079  -0.000016  1.000000  -0.000011  -0.000079  0.000011  1.000000  0.999999  0.000316  0.001499  -0.001499  0.000129  0.999999  0.000315  -1.000000  0.000130  0.000052  0.006495  
192.244113 0.021191  0.090416  -0.011350  0.997365  0.069957  -0.019235  0.014990  0.060701  0.998043  0.070987  -0.995701  0.059492  0.008718  -0.000696  -0.005982  -0.037361  -0.218851  0.039926  2.000000  0.999998  0.000398  0.001895  -0.001895  0.000195  0.999998  0.000397  -1.000000  0.000196  0.999979  0.001312  0.006299  -0.001305  0.999999  -0.001131  -0.006301  0.001123  0.999980  1.000000  0.000016  0.000079  -0.000016  1.000000  -0.000014  -0.000079  0.000014  1.000000  0.999998  0.000398  0.001895  -0.001895  0.000195  0.999998  0.000397  -1.000000  0.000196  0.000056  0.006533  
192.245363 0.021203  0.090412  -0.011363  0.997368  0.069965  -0.019046  0.014785  0.060929  0.998033  0.070987  -0.995687  0.059734  0.008877  -0.000767  -0.006648  -0.044536  -0.232622  0.040766  2.000000  0.999997  0.000463  0.002207  -0.002207  0.000260  0.999998  0.000463  -1.000000  0.000261  0.999981  0.001302  0.006094  -0.001293  0.999998  -0.001388  -0.006096  0.001380  0.999980  1.000000  0.000016  0.000076  -0.000016  1.000000  -0.000017  -0.000076  0.000017  1.000000  0.999997  0.000463  0.002207  -0.002207  0.000260  0.999998  0.000463  -1.000000  0.000261  0.000060  0.006383  
192.246612 0.021215  0.090408  -0.011380  0.997364  0.070118  -0.018660  0.014374  0.061144  0.998025  0.071121  -0.995663  0.059975  0.009026  -0.000866  -0.007467  -0.051703  -0.246165  0.046105  2.000000  0.999997  0.000548  0.002585  -0.002586  0.000357  0.999997  0.000547  -1.000000  0.000359  0.999982  0.001425  0.005881  -0.001415  0.999998  -0.001645  -0.005883  0.001636  0.999981  1.000000  0.000018  0.000074  -0.000018  1.000000  -0.000021  -0.000074  0.000021  1.000000  0.999997  0.000548  0.002585  -0.002586  0.000357  0.999997  0.000547  -1.000000  0.000359  0.000062  0.006269  
192.247862 0.021228  0.090402  -0.011397  0.997358  0.070262  -0.018471  0.014169  0.061252  0.998022  0.071254  -0.995646  0.060095  0.009255  -0.001166  -0.008250  -0.059360  -0.252493  0.055484  2.000000  0.999995  0.000637  0.002958  -0.002958  0.000470  0.999996  0.000636  -1.000000  0.000472  0.999982  0.001426  0.005880  -0.001415  0.999997  -0.001887  -0.005883  0.001879  0.999981  1.000000  0.000018  0.000074  -0.000018  1.000000  -0.000024  -0.000074  0.000024  1.000000  0.999995  0.000637  0.002958  -0.002958  0.000470  0.999996  0.000636  -1.000000  0.000472  0.000064  0.006337  
192.248862 0.021238  0.090396  -0.011412  0.997351  0.070403  -0.018291  0.013963  0.061482  0.998011  0.071388  -0.995622  0.060336  0.009398  -0.001461  -0.008887  -0.067025  -0.259183  0.060429  2.000000  0.999994  0.000715  0.003252  -0.003252  0.000574  0.999995  0.000713  -1.000000  0.000577  0.999982  0.001560  0.005872  -0.001548  0.999997  -0.002130  -0.005875  0.002121  0.999980  1.000000  0.000019  0.000073  -0.000019  1.000000  -0.000027  -0.000073  0.000027  1.000000  0.999994  0.000715  0.003252  -0.003252  0.000574  0.999995  0.000713  -1.000000  0.000577  0.000066  0.006437  
192.250113 0.021251  0.090389  -0.011430  0.997344  0.070547  -0.018102  0.013758  0.061590  0.998007  0.071521  -0.995605  0.060456  0.009629  -0.001897  -0.009606  -0.070591  -0.265786  0.065340  2.000000  0.999993  0.000811  0.003611  -0.003612  0.000718  0.999993  0.000808  -0.999999  0.000721  0.999983  0.001416  0.005675  -0.001402  0.999996  -0.002385  -0.005678  0.002377  0.999981  1.000000  0.000018  0.000071  -0.000018  1.000000  -0.000030  -0.000071  0.000030  1.000000  0.999993  0.000811  0.003611  -0.003612  0.000718  0.999993  0.000808  -0.999999  0.000721  0.000070  0.006315  
192.251362 0.021265  0.090381  -0.011448  0.997337  0.070688  -0.017922  0.013552  0.061820  0.997995  0.071655  -0.995581  0.060697  0.009798  -0.002352  -0.010263  -0.077115  -0.277024  0.070108  2.000000  0.999992  0.000906  0.003960  -0.003961  0.000871  0.999992  0.000902  -0.999999  0.000875  0.999984  0.001538  0.005461  -0.001524  0.999996  -0.002520  -0.005465  0.002512  0.999982  1.000000  0.000019  0.000068  -0.000019  1.000000  -0.000031  -0.000068  0.000031  1.000000  0.999992  0.000906  0.003960  -0.003961  0.000871  0.999992  0.000902  -0.999999  0.000875  0.000074  0.006207  
192.252384 0.021275  0.090373  -0.011463  0.997331  0.070832  -0.017733  0.013347  0.061928  0.997991  0.071788  -0.995564  0.060817  0.009949  -0.002868  -0.010808  -0.081755  -0.278849  0.075142  2.000000  0.999991  0.000983  0.004233  -0.004234  0.000998  0.999991  0.000979  -0.999999  0.001003  0.999984  0.001539  0.005461  -0.001525  0.999995  -0.002641  -0.005465  0.002633  0.999982  1.000000  0.000019  0.000068  -0.000019  1.000000  -0.000033  -0.000068  0.000033  1.000000  0.999991  0.000983  0.004233  -0.004234  0.000998  0.999991  0.000979  -0.999999  0.001003  0.000075  0.006256  
192.253615 0.021290  0.090364  -0.011482  0.997324  0.070976  -0.017544  0.013141  0.062036  0.997987  0.071922  -0.995547  0.060937  0.010177  -0.003436  -0.011427  -0.085641  -0.269611  0.078629  2.000000  0.999989  0.001061  0.004496  -0.004497  0.001135  0.999989  0.001056  -0.999999  0.001140  0.999985  0.001661  0.005248  -0.001646  0.999995  -0.002777  -0.005252  0.002768  0.999982  1.000000  0.000021  0.000066  -0.000021  1.000000  -0.000035  -0.000066  0.000035  1.000000  0.999989  0.001061  0.004496  -0.004497  0.001135  0.999989  0.001056  -0.999999  0.001140  0.000074  0.006163  
192.254861 0.021304  0.090355  -0.011501  0.997317  0.071118  -0.017364  0.012936  0.062265  0.997976  0.072055  -0.995523  0.061178  0.010366  -0.004092  -0.012210  -0.094195  -0.262495  0.082703  2.000000  0.999988  0.001144  0.004748  -0.004749  0.001279  0.999988  0.001138  -0.999999  0.001284  0.999987  0.001770  0.004829  -0.001756  0.999994  -0.002927  -0.004834  0.002918  0.999984  1.000000  0.000000  0.000000  0.000000  1.000000  0.000000  0.000000  0.000000  1.000000  0.999988  0.001144  0.004748  -0.004749  0.001279  0.999988  0.001138  -0.999999  0.001284  0.000073  0.000000  
192.255867 0.021316  0.090348  -0.011515  0.997319  0.071128  -0.017168  0.012730  0.062372  0.997972  0.072055  -0.995515  0.061299  0.010530  -0.004708  -0.012854  -0.099546  -0.257781  0.082994  2.000000  0.999988  0.001166  0.004811  -0.004812  0.001315  0.999988  0.001160  -0.999998  0.001321  0.999987  0.001771  0.004829  -0.001756  0.999994  -0.003048  -0.004834  0.003040  0.999984  1.000000  0.000000  0.000000  0.000000  1.000000  0.000000  0.000000  0.000000  1.000000  0.999988  0.001166  0.004811  -0.004812  0.001315  0.999988  0.001160  -0.999998  0.001321  0.000072  0.000000  
192.257116 0.021330  0.090338  -0.011535  0.997315  0.071283  -0.016782  0.012320  0.062586  0.997964  0.072188  -0.995491  0.061540  0.010639  -0.005334  -0.013501  -0.111774  -0.257539  0.087510  2.000000  0.999988  0.001166  0.004811  -0.004812  0.001315  0.999988  0.001160  -0.999998  0.001321  0.999989  0.001747  0.004418  -0.001733  0.999994  -0.003077  -0.004424  0.003069  0.999986  1.000000  0.000000  0.000000  0.000000  1.000000  0.000000  0.000000  0.000000  1.000000  0.999988  0.001166  0.004811  -0.004812  0.001315  0.999988  0.001160  -0.999998  0.001321  0.000073  0.000000  
192.258367 0.021344  0.090328  -0.011556  0.997308  0.071425  -0.016602  0.012114  0.062815  0.997952  0.072322  -0.995466  0.061781  0.010744  -0.005981  -0.014324  -0.119888  -0.257514  0.087537  2.000000  0.999988  0.001166  0.004811  -0.004812  0.001315  0.999988  0.001160  -0.999998  0.001321  0.999989  0.001748  0.004418  -0.001734  0.999993  -0.003197  -0.004424  0.003190  0.999985  1.000000  0.000000  0.000000  0.000000  1.000000  0.000000  0.000000  0.000000  1.000000  0.999988  0.001166  0.004811  -0.004812  0.001315  0.999988  0.001160  -0.999998  0.001321  0.000075  0.000000  
192.259616 0.021358  0.090318  -0.011578  0.997301  0.071567  -0.016422  0.011909  0.063044  0.997940  0.072455  -0.995441  0.062022  0.010824  -0.006429  -0.014906  -0.128486  -0.250581  0.087144  2.000000  0.999988  0.001166  0.004811  -0.004812  0.001315  0.999988  0.001160  -0.999998  0.001321  0.999990  0.001857  0.004000  -0.001844  0.999993  -0.003105  -0.004005  0.003098  0.999987  1.000000  0.000000  0.000000  0.000000  1.000000  0.000000  0.000000  0.000000  1.000000  0.999988  0.001166  0.004811  -0.004812  0.001315  0.999988  0.001160  -0.999998  0.001321  0.000072  0.000000  
192.260861 0.021370  0.090307  -0.011600  0.997303  0.071576  -0.016234  0.011704  0.063272  0.997928  0.072455  -0.995426  0.062263  0.010852  -0.006892  -0.015401  -0.135992  -0.241951  0.081596  2.000000  0.999988  0.001166  0.004811  -0.004812  0.001315  0.999988  0.001160  -0.999998  0.001321  0.999990  0.001724  0.004007  -0.001712  0.999994  -0.003104  -0.004013  0.003098  0.999987  1.000000  0.000000  0.000000  0.000000  1.000000  0.000000  0.000000  0.000000  1.000000  0.999988  0.001166  0.004811  -0.004812  0.001315  0.999988  0.001160  -0.999998  0.001321  0.000071  0.000000  
192.261864 0.021379  0.090300  -0.011617  0.997293  0.071708  -0.016251  0.011703  0.063394  0.997920  0.072589  -0.995409  0.062383  0.010806  -0.007159  -0.015581  -0.138083  -0.230175  0.081473  2.000000  0.999988  0.001166  0.004811  -0.004812  0.001315  0.999988  0.001160  -0.999998  0.001321  0.999990  0.001859  0.003999  -0.001846  0.999993  -0.003226  -0.004005  0.003218  0.999987  1.000000  0.000000  0.000000  0.000000  1.000000  0.000000  0.000000  0.000000  1.000000  0.999988  0.001166  0.004811  -0.004812  0.001315  0.999988  0.001160  -0.999998  0.001321  0.000072  0.000000  
192.263113 0.021391  0.090290  -0.011636  0.997286  0.071850  -0.016072  0.011498  0.063623  0.997908  0.072722  -0.995384  0.062624  0.010745  -0.007336  -0.015671  -0.146723  -0.223012  0.085577  2.000000  0.999988  0.001166  0.004811  -0.004812  0.001315  0.999988  0.001160  -0.999998  0.001321  0.999991  0.001980  0.003785  -0.001968  0.999993  -0.003240  -0.003791  0.003233  0.999988  1.000000  0.000000  0.000000  0.000000  1.000000  0.000000  0.000000  0.000000  1.000000  0.999988  0.001166  0.004811  -0.004812  0.001315  0.999988  0.001160  -0.999998  0.001321  0.000070  0.000000  
192.264118 0.021400  0.090283  -0.011651  0.997288  0.071861  -0.015875  0.011293  0.063729  0.997903  0.072722  -0.995377  0.062745  0.010609  -0.007523  -0.015648  -0.147180  -0.216055  0.085164  2.000000  0.999988  0.001166  0.004811  -0.004812  0.001315  0.999988  0.001160  -0.999998  0.001321  0.999991  0.001981  0.003785  -0.001969  0.999993  -0.003119  -0.003791  0.003111  0.999988  1.000000  0.000000  0.000000  0.000000  1.000000  0.000000  0.000000  0.000000  1.000000  0.999988  0.001166  0.004811  -0.004812  0.001315  0.999988  0.001160  -0.999998  0.001321  0.000070  0.000000  
192.265362 0.021411  0.090274  -0.011669  0.997281  0.072004  -0.015695  0.011087  0.063958  0.997891  0.072856  -0.995352  0.062986  0.010487  -0.007565  -0.015713  -0.150536  -0.207225  0.088566  2.000000  0.999988  0.001166  0.004811  -0.004812  0.001315  0.999988  0.001160  -0.999998  0.001321  0.999991  0.002102  0.003571  -0.002091  0.999993  -0.003134  -0.003577  0.003126  0.999989  1.000000  0.000000  0.000000  0.000000  1.000000  0.000000  0.000000  0.000000  1.000000  0.999988  0.001166  0.004811  -0.004812  0.001315  0.999988  0.001160  -0.999998  0.001321  0.000070  0.000000  
192.266364 0.021420  0.090266  -0.011686  0.997281  0.072000  -0.015713  0.011087  0.064200  0.997875  0.072856  -0.995336  0.063227  0.010342  -0.007652  -0.015844  -0.159599  -0.193823  0.083308  2.000000  0.999988  0.001166  0.004811  -0.004812  0.001315  0.999988  0.001160  -0.999998  0.001321  0.999992  0.001956  0.003374  -0.001946  0.999994  -0.003026  -0.003380  0.003020  0.999990  1.000000  0.000000  0.000000  0.000000  1.000000  0.000000  0.000000  0.000000  1.000000  0.999988  0.001166  0.004811  -0.004812  0.001315  0.999988  0.001160  -0.999998  0.001321  0.000066  0.000000  
192.267612 0.021429  0.090255  -0.011706  0.997273  0.072142  -0.015533  0.010882  0.064429  0.997863  0.072989  -0.995311  0.063468  0.010061  -0.007796  -0.015963  -0.160072  -0.186975  0.082941  2.000000  0.999988  0.001166  0.004811  -0.004812  0.001315  0.999988  0.001160  -0.999998  0.001321  0.999992  0.002091  0.003365  -0.002081  0.999993  -0.003026  -0.003371  0.003019  0.999990  1.000000  0.000000  0.000000  0.000000  1.000000  0.000000  0.000000  0.000000  1.000000  0.999988  0.001166  0.004811  -0.004812  0.001315  0.999988  0.001160  -0.999998  0.001321  0.000066  0.000000  
192.268614 0.021437  0.090246  -0.011723  0.997276  0.072154  -0.015337  0.010677  0.064535  0.997858  0.072989  -0.995303  0.063589  0.009817  -0.007854  -0.016102  -0.160072  -0.186965  0.082963  2.000000  0.999988  0.001166  0.004811  -0.004812  0.001315  0.999988  0.001160  -0.999998  0.001321  0.999992  0.001958  0.003373  -0.001947  0.999993  -0.003147  -0.003379  0.003141  0.999989  1.000000  0.000000  0.000000  0.000000  1.000000  0.000000  0.000000  0.000000  1.000000  0.999988  0.001166  0.004811  -0.004812  0.001315  0.999988  0.001160  -0.999998  0.001321  0.000065  0.000000  
192.269615 0.021445  0.090238  -0.011741  0.997278  0.072163  -0.015149  0.010471  0.064762  0.997846  0.072989  -0.995288  0.063830  0.009550  -0.007933  -0.016259  -0.160040  -0.186907  0.082992  2.000000  0.999988  0.001166  0.004811  -0.004812  0.001315  0.999988  0.001160  -0.999998  0.001321  0.999993  0.001825  0.003381  -0.001814  0.999993  -0.003268  -0.003387  0.003262  0.999989  1.000000  0.000000  0.000000  0.000000  1.000000  0.000000  0.000000  0.000000  1.000000  0.999988  0.001166  0.004811  -0.004812  0.001315  0.999988  0.001160  -0.999998  0.001321  0.000065  0.000000  
192.270867 0.021455  0.090227  -0.011764  0.997280  0.072173  -0.014961  0.010266  0.064989  0.997833  0.072989  -0.995273  0.064072  0.009283  -0.008067  -0.016536  -0.161868  -0.181842  0.078819  2.000000  0.999988  0.001166  0.004811  -0.004812  0.001315  0.999988  0.001160  -0.999998  0.001321  0.999993  0.001693  0.003389  -0.001681  0.999993  -0.003268  -0.003395  0.003262  0.999989  1.000000  0.000000  0.000000  0.000000  1.000000  0.000000  0.000000  0.000000  1.000000  0.999988  0.001166  0.004811  -0.004812  0.001315  0.999988  0.001160  -0.999998  0.001321  0.000065  0.000000  
192.272113 0.021466  0.090217  -0.011786  0.997272  0.072316  -0.014782  0.010061  0.065218  0.997820  0.073123  -0.995247  0.064313  0.009044  -0.008128  -0.016738  -0.160541  -0.180069  0.082675  2.000000  0.999988  0.001166  0.004811  -0.004812  0.001315  0.999988  0.001160  -0.999998  0.001321  0.999994  0.001680  0.003184  -0.001669  0.999993  -0.003403  -0.003189  0.003398  0.999989  1.000000  0.000000  0.000000  0.000000  1.000000  0.000000  0.000000  0.000000  1.000000  0.999988  0.001166  0.004811  -0.004812  0.001315  0.999988  0.001160  -0.999998  0.001321  0.000064  0.000000  
192.273367 0.021476  0.090206  -0.011808  0.997266  0.072473  -0.014397  0.009650  0.065432  0.997810  0.073256  -0.995222  0.064553  0.008806  -0.008172  -0.016775  -0.161825  -0.181224  0.087875  2.000000  0.999988  0.001166  0.004811  -0.004812  0.001315  0.999988  0.001160  -0.999998  0.001321  0.999994  0.001547  0.003192  -0.001537  0.999993  -0.003281  -0.003197  0.003276  0.999990  1.000000  0.000000  0.000000  0.000000  1.000000  0.000000  0.000000  0.000000  1.000000  0.999988  0.001166  0.004811  -0.004812  0.001315  0.999988  0.001160  -0.999998  0.001321  0.000063  0.000000  
192.274624 0.021487  0.090194  -0.011828  0.997259  0.072616  -0.014218  0.009444  0.065660  0.997797  0.073389  -0.995196  0.064794  0.008589  -0.008230  -0.016625  -0.165082  -0.172672  0.091244  2.000000  0.999988  0.001166  0.004811  -0.004812  0.001315  0.999988  0.001160  -0.999998  0.001321  0.999993  0.001561  0.003397  -0.001550  0.999993  -0.003266  -0.003402  0.003260  0.999989  1.000000  0.000000  0.000000  0.000000  1.000000  0.000000  0.000000  0.000000  1.000000  0.999988  0.001166  0.004811  -0.004812  0.001315  0.999988  0.001160  -0.999998  0.001321  0.000064  0.000000  
192.275866 0.021497  0.090183  -0.011848  0.997251  0.072761  -0.014030  0.009239  0.065767  0.997792  0.073523  -0.995179  0.064914  0.008392  -0.008329  -0.016523  -0.158228  -0.174033  0.092018  2.000000  0.999988  0.001166  0.004811  -0.004812  0.001315  0.999988  0.001160  -0.999998  0.001321  0.999993  0.001695  0.003388  -0.001684  0.999993  -0.003387  -0.003393  0.003381  0.999989  1.000000  0.000000  0.000000  0.000000  1.000000  0.000000  0.000000  0.000000  1.000000  0.999988  0.001166  0.004811  -0.004812  0.001315  0.999988  0.001160  -0.999998  0.001321  0.000064  0.000000  
192.277109 0.021506  0.090171  -0.011868  0.997245  0.072918  -0.013645  0.008828  0.065981  0.997782  0.073656  -0.995153  0.065155  0.008292  -0.008473  -0.016520  -0.160497  -0.179176  0.096195  2.000000  0.999988  0.001166  0.004811  -0.004812  0.001315  0.999988  0.001160  -0.999998  0.001321  0.999993  0.001696  0.003387  -0.001685  0.999993  -0.003387  -0.003393  0.003381  0.999989  1.000000  0.000000  0.000000  0.000000  1.000000  0.000000  0.000000  0.000000  1.000000  0.999988  0.001166  0.004811  -0.004812  0.001315  0.999988  0.001160  -0.999998  0.001321  0.000064  0.000000  
192.278113 0.021514  0.090161  -0.011884  0.997237  0.073063  -0.013458  0.008623  0.066088  0.997777  0.073790  -0.995135  0.065275  0.008227  -0.008639  -0.016596  -0.156396  -0.179119  0.096208  2.000000  0.999988  0.001166  0.004811  -0.004812  0.001315  0.999988  0.001160  -0.999998  0.001321  0.999992  0.001577  0.003600  -0.001564  0.999993  -0.003371  -0.003606  0.003366  0.999988  1.000000  0.000000  0.000000  0.000000  1.000000  0.000000  0.000000  0.000000  1.000000  0.999988  0.001166  0.004811  -0.004812  0.001315  0.999988  0.001160  -0.999998  0.001321  0.000064  0.000000  
192.279362 0.021523  0.090148  -0.011904  0.997240  0.073087  -0.013064  0.008212  0.066300  0.997766  0.073790  -0.995119  0.065517  0.008056  -0.008904  -0.016691  -0.157181  -0.187756  0.092999  2.000000  0.999988  0.001166  0.004811  -0.004812  0.001315  0.999988  0.001160  -0.999998  0.001321  0.999991  0.001724  0.003796  -0.001712  0.999993  -0.003356  -0.003802  0.003350  0.999987  1.000000  0.000000  0.000000  0.000000  1.000000  0.000000  0.000000  0.000000  1.000000  0.999988  0.001166  0.004811  -0.004812  0.001315  0.999988  0.001160  -0.999998  0.001321  0.000066  0.000000  
192.280612 0.021532  0.090134  -0.011925  0.997233  0.073246  -0.012671  0.007802  0.066392  0.997763  0.073923  -0.995102  0.065637  0.007920  -0.009167  -0.016769  -0.155367  -0.193034  0.092691  2.000000  0.999988  0.001166  0.004811  -0.004812  0.001315  0.999988  0.001160  -0.999998  0.001321  0.999991  0.001725  0.003796  -0.001713  0.999993  -0.003235  -0.003802  0.003228  0.999988  1.000000  0.000000  0.000000  0.000000  1.000000  0.000000  0.000000  0.000000  1.000000  0.999988  0.001166  0.004811  -0.004812  0.001315  0.999988  0.001160  -0.999998  0.001321  0.000066  0.000000  
192.281613 0.021539  0.090124  -0.011941  0.997225  0.073390  -0.012492  0.007596  0.066620  0.997750  0.074057  -0.995076  0.065877  0.007775  -0.009314  -0.016781  -0.159399  -0.193033  0.092735  2.000000  0.999988  0.001166  0.004811  -0.004812  0.001315  0.999988  0.001160  -0.999998  0.001321  0.999990  0.001739  0.004001  -0.001726  0.999994  -0.003098  -0.004006  0.003091  0.999987  1.000000  0.000000  0.000000  0.000000  1.000000  0.000000  0.000000  0.000000  1.000000  0.999988  0.001166  0.004811  -0.004812  0.001315  0.999988  0.001160  -0.999998  0.001321  0.000067  0.000000  
192.282617 0.021545  0.090114  -0.011958  0.997217  0.073535  -0.012305  0.007391  0.066727  0.997744  0.074190  -0.995058  0.065997  0.007702  -0.009398  -0.016772  -0.156604  -0.194600  0.093532  2.000000  0.999988  0.001166  0.004811  -0.004812  0.001315  0.999988  0.001160  -0.999998  0.001321  0.999990  0.001873  0.003992  -0.001860  0.999993  -0.003098  -0.003997  0.003090  0.999987  1.000000  0.000000  0.000000  0.000000  1.000000  0.000000  0.000000  0.000000  1.000000  0.999988  0.001166  0.004811  -0.004812  0.001315  0.999988  0.001160  -0.999998  0.001321  0.000066  0.000000  
192.283858 0.021553  0.090102  -0.011977  0.997200  0.073827  -0.011921  0.006980  0.066819  0.997741  0.074457  -0.995030  0.066117  0.007586  -0.009447  -0.016596  -0.154784  -0.199546  0.097681  2.000000  0.999988  0.001166  0.004811  -0.004812  0.001315  0.999988  0.001160  -0.999998  0.001321  0.999989  0.002021  0.004187  -0.002008  0.999993  -0.003082  -0.004193  0.003074  0.999986  1.000000  0.000000  0.000000  0.000000  1.000000  0.000000  0.000000  0.000000  1.000000  0.999988  0.001166  0.004811  -0.004812  0.001315  0.999988  0.001160  -0.999998  0.001321  0.000068  0.000000  
192.284862 0.021560  0.090093  -0.011993  0.997191  0.073971  -0.011742  0.006775  0.067047  0.997727  0.074590  -0.995004  0.066357  0.007489  -0.009529  -0.016492  -0.160649  -0.194321  0.098100  2.000000  0.999988  0.001166  0.004811  -0.004812  0.001315  0.999988  0.001160  -0.999998  0.001321  0.999988  0.002168  0.004383  -0.002155  0.999993  -0.003067  -0.004389  0.003058  0.999986  1.000000  0.000000  0.000000  0.000000  1.000000  0.000000  0.000000  0.000000  1.000000  0.999988  0.001166  0.004811  -0.004812  0.001315  0.999988  0.001160  -0.999998  0.001321  0.000068  0.000000  
192.285866 0.021566  0.090085  -0.012007  0.997184  0.074131  -0.011349  0.006364  0.067138  0.997723  0.074724  -0.994986  0.066478  0.007366  -0.009513  -0.016248  -0.158252  -0.206018  0.102611  2.000000  0.999988  0.001166  0.004811  -0.004812  0.001315  0.999988  0.001160  -0.999998  0.001321  0.999988  0.002169  0.004383  -0.002155  0.999993  -0.003067  -0.004389  0.003057  0.999986  1.000000  0.000000  0.000000  0.000000  1.000000  0.000000  0.000000  0.000000  1.000000  0.999988  0.001166  0.004811  -0.004812  0.001315  0.999988  0.001160  -0.999998  0.001321  0.000068  0.000000  
192.287117 0.021573  0.090074  -0.012024  0.997175  0.074276  -0.011162  0.006159  0.067245  0.997717  0.074857  -0.994968  0.066598  0.007152  -0.009542  -0.015861  -0.155965  -0.200815  0.103054  2.000000  0.999988  0.001166  0.004811  -0.004812  0.001315  0.999988  0.001160  -0.999998  0.001321  0.999986  0.002331  0.004783  -0.002316  0.999993  -0.003037  -0.004790  0.003026  0.999984  1.000000  0.000000  0.000000  0.000000  1.000000  0.000000  0.000000  0.000000  1.000000  0.999988  0.001166  0.004811  -0.004812  0.001315  0.999988  0.001160  -0.999998  0.001321  0.000069  0.000000  
192.288366 0.021581  0.090062  -0.012042  0.997168  0.074434  -0.010778  0.005748  0.067457  0.997706  0.074991  -0.994942  0.066838  0.006957  -0.009565  -0.015602  -0.154152  -0.205970  0.102698  2.000000  0.999988  0.001166  0.004811  -0.004812  0.001315  0.999988  0.001160  -0.999998  0.001321  0.999985  0.002346  0.004987  -0.002330  0.999993  -0.003021  -0.004994  0.003010  0.999983  1.000000  0.000000  0.000000  0.000000  1.000000  0.000000  0.000000  0.000000  1.000000  0.999988  0.001166  0.004811  -0.004812  0.001315  0.999988  0.001160  -0.999998  0.001321  0.000069  0.000000  
192.289619 0.021588  0.090052  -0.012059  0.997160  0.074593  -0.010394  0.005337  0.067669  0.997694  0.075124  -0.994915  0.067079  0.006769  -0.009499  -0.015407  -0.154894  -0.214542  0.104049  2.000000  0.999988  0.001166  0.004811  -0.004812  0.001315  0.999988  0.001160  -0.999998  0.001321  0.999985  0.002480  0.004977  -0.002465  0.999992  -0.003021  -0.004985  0.003009  0.999983  1.000000  0.000000  0.000000  0.000000  1.000000  0.000000  0.000000  0.000000  1.000000  0.999988  0.001166  0.004811  -0.004812  0.001315  0.999988  0.001160  -0.999998  0.001321  0.000070  0.000000  
192.290622 0.021594  0.090042  -0.012073  0.997161  0.074605  -0.010198  0.005132  0.067775  0.997687  0.075124  -0.994907  0.067200  0.006597  -0.009492  -0.015269  -0.150768  -0.214452  0.104054  2.000000  0.999987  0.001197  0.004876  -0.004877  0.001352  0.999987  0.001191  -0.999998  0.001358  0.999983  0.002495  0.005182  -0.002479  0.999992  -0.003006  -0.005189  0.002993  0.999982  1.000000  0.000031  0.000065  -0.000031  1.000000  -0.000037  -0.000065  0.000037  1.000000  0.999987  0.001197  0.004876  -0.004877  0.001352  0.999987  0.001191  -0.999998  0.001358  0.000072  0.006487  
192.291867 0.021601  0.090032  -0.012091  0.997153  0.074764  -0.009814  0.004722  0.067987  0.997675  0.075257  -0.994881  0.067440  0.006416  -0.009427  -0.015107  -0.150252  -0.221346  0.104573  2.000000  0.999986  0.001296  0.005070  -0.005072  0.001461  0.999986  0.001289  -0.999998  0.001468  0.999983  0.002629  0.005172  -0.002614  0.999992  -0.003006  -0.005180  0.002993  0.999982  1.000000  0.000033  0.000065  -0.000033  1.000000  -0.000037  -0.000065  0.000037  1.000000  0.999986  0.001296  0.005070  -0.005072  0.001461  0.999986  0.001289  -0.999998  0.001468  0.000072  0.006532  
192.293114 0.021608  0.090020  -0.012109  0.997144  0.074909  -0.009636  0.004516  0.068214  0.997660  0.075391  -0.994855  0.067681  0.006239  -0.009368  -0.014956  -0.154317  -0.221352  0.104626  2.000000  0.999985  0.001427  0.005334  -0.005336  0.001607  0.999984  0.001418  -0.999998  0.001615  0.999982  0.002644  0.005377  -0.002628  0.999992  -0.002991  -0.005384  0.002976  0.999981  1.000000  0.000033  0.000067  -0.000033  1.000000  -0.000037  -0.000067  0.000037  1.000000  0.999985  0.001427  0.005334  -0.005336  0.001607  0.999984  0.001418  -0.999998  0.001615  0.000073  0.006693  
192.294359 0.021614  0.090007  -0.012127  0.997136  0.075068  -0.009252  0.004106  0.068426  0.997648  0.075524  -0.994828  0.067922  0.006087  -0.009379  -0.014845  -0.152039  -0.232907  0.109183  2.000000  0.999983  0.001594  0.005667  -0.005670  0.001790  0.999982  0.001584  -0.999997  0.001799  0.999982  0.002645  0.005376  -0.002630  0.999992  -0.002869  -0.005384  0.002854  0.999981  1.000000  0.000033  0.000067  -0.000033  1.000000  -0.000036  -0.000067  0.000036  1.000000  0.999983  0.001594  0.005667  -0.005670  0.001790  0.999982  0.001584  -0.999997  0.001799  0.000075  0.006640  
192.295363 0.021619  0.089996  -0.012142  0.997126  0.075214  -0.009065  0.003900  0.068532  0.997641  0.075658  -0.994810  0.068042  0.005906  -0.009375  -0.014705  -0.149170  -0.234784  0.110116  2.000000  0.999981  0.001729  0.005935  -0.005939  0.001935  0.999980  0.001717  -0.999997  0.001945  0.999982  0.002646  0.005375  -0.002630  0.999992  -0.002989  -0.005383  0.002975  0.999981  1.000000  0.000033  0.000067  -0.000033  1.000000  -0.000037  -0.000067  0.000037  1.000000  0.999981  0.001729  0.005935  -0.005939  0.001935  0.999980  0.001717  -0.999997  0.001945  0.000075  0.006693  
192.296610 0.021626  0.089982  -0.012160  0.997117  0.075360  -0.008878  0.003695  0.068638  0.997635  0.075791  -0.994791  0.068162  0.005795  -0.009453  -0.014617  -0.147926  -0.232543  0.113689  2.000000  0.999979  0.001898  0.006274  -0.006278  0.002113  0.999978  0.001885  -0.999996  0.002125  0.999982  0.002647  0.005375  -0.002632  0.999992  -0.002867  -0.005383  0.002853  0.999981  1.000000  0.000033  0.000067  -0.000033  1.000000  -0.000036  -0.000067  0.000036  1.000000  0.999979  0.001898  0.006274  -0.006278  0.002113  0.999978  0.001885  -0.999996  0.002125  0.000076  0.006639  
