1-Time 2-Px 3-Py 4-Pz 5-R11 6-R21 7-R31 8-R12 9-R22 10-R32 11-R13 12-R23 13-R33 14-Vx 15-Vy 16-Vz 17-Wx 18-Wy 19-Wz 20-state 21-PR11 22-PR21 23-PR31 24-PR12 25-PR22 26-PR32 27-PR13 28-PR23 29-PR33 
92.898116 0.012751  0.097546  -0.012844  0.994991  0.093180  0.036195  -0.043659  0.079347  0.995891  0.089925  -0.992483  0.083018  -0.000214  0.000114  0.000777  0.000000  0.000000  0.000000  2.000000  1.000000  0.000000  0.000000  0.000000  -0.000000  1.000000  0.000000  -1.000000  -0.000000  1.000000  0.000133  -0.000011  -0.000133  1.000000  -0.000485  0.000011  0.000485  1.000000  1.000000  0.000000  0.000000  0.000000  1.000000  0.000000  0.000000  0.000000  1.000000  0.593893  0.595544  0.540942  -0.525543  -0.221924  0.821312  0.609176  -0.772060  0.181185  0.000000  0.000000  
92.899123 0.012751  0.097547  -0.012843  0.994982  0.093196  0.036400  -0.043864  0.079328  0.995883  0.089925  -0.992483  0.083018  -0.000183  0.000144  0.000799  0.000000  0.000000  0.000000  2.000000  1.000000  0.000000  0.000000  0.000000  -0.000000  1.000000  0.000000  -1.000000  -0.000000  1.000000  0.000133  -0.000011  -0.000133  1.000000  -0.000485  0.000011  0.000485  1.000000  1.000000  0.000000  0.000000  0.000000  1.000000  0.000000  0.000000  0.000000  1.000000  1.000000  0.000000  0.000000  0.000000  -0.000000  1.000000  0.000000  -1.000000  -0.000000  0.000000  0.000000  
92.900371 0.012753  0.097547  -0.012848  0.994976  0.093101  0.036810  -0.044274  0.079416  0.995858  0.089792  -0.992484  0.083139  -0.000066  0.000115  0.000417  0.000000  0.000000  0.000000  2.000000  1.000000  0.000000  0.000000  0.000000  -0.000000  1.000000  0.000000  -1.000000  -0.000000  1.000000  0.000034  0.000409  -0.000034  1.000000  -0.000570  -0.000409  0.000570  1.000000  1.000000  0.000000  0.000000  0.000000  1.000000  0.000000  0.000000  0.000000  1.000000  1.000000  0.000000  0.000000  0.000000  -0.000000  1.000000  0.000000  -1.000000  -0.000000  0.000000  0.000000  
92.901371 0.012755  0.097546  -0.012853  0.994960  0.093017  0.037436  -0.044889  0.079365  0.995834  0.089658  -0.992496  0.083140  0.000092  0.000090  0.000067  0.000000  0.000000  0.000000  2.000000  1.000000  0.000000  0.000000  0.000000  -0.000000  1.000000  0.000000  -1.000000  -0.000000  0.999999  -0.000048  0.001033  0.000048  1.000000  -0.000393  -0.001033  0.000393  0.999999  1.000000  0.000000  0.000000  0.000000  1.000000  0.000000  0.000000  0.000000  1.000000  1.000000  0.000000  0.000000  0.000000  -0.000000  1.000000  0.000000  -1.000000  -0.000000  0.000000  0.000000  
92.902372 0.012758  0.097546  -0.012857  0.994966  0.092789  0.037857  -0.045300  0.079459  0.995808  0.089392  -0.992510  0.083263  0.000293  0.000092  -0.000300  0.000000  0.000000  0.000000  2.000000  1.000000  0.000000  0.000000  0.000000  -0.000000  1.000000  0.000000  -1.000000  -0.000000  0.999999  -0.000263  0.001668  0.000264  1.000000  -0.000459  -0.001668  0.000459  0.999999  1.000000  0.000000  0.000000  0.000000  1.000000  0.000000  0.000000  0.000000  1.000000  1.000000  0.000000  0.000000  0.000000  -0.000000  1.000000  0.000000  -1.000000  -0.000000  0.000000  0.000000  
92.903617 0.012761  0.097547  -0.012862  0.994971  0.092561  0.038278  -0.045710  0.079554  0.995782  0.089125  -0.992524  0.083385  0.000567  0.000151  -0.000660  0.000000  0.000000  0.000000  2.000000  1.000000  0.000000  0.000000  0.000000  -0.000000  1.000000  0.000000  -1.000000  -0.000000  0.999998  -0.000362  0.002088  0.000363  1.000000  -0.000543  -0.002088  0.000544  0.999998  1.000000  0.000000  0.000000  0.000000  1.000000  0.000000  0.000000  0.000000  1.000000  1.000000  0.000000  0.000000  0.000000  -0.000000  1.000000  0.000000  -1.000000  -0.000000  0.000000  0.000000  
92.904871 0.012767  0.097548  -0.012866  0.994952  0.092598  0.038677  -0.046120  0.079637  0.995756  0.089125  -0.992514  0.083505  0.000947  0.000214  -0.001033  0.000000  0.000000  0.000000  2.000000  1.000000  0.000000  0.000000  0.000000  -0.000000  1.000000  0.000000  -1.000000  -0.000000  0.999997  -0.000461  0.002508  0.000462  1.000000  -0.000627  -0.002508  0.000629  0.999997  1.000000  0.000000  0.000000  0.000000  1.000000  0.000000  0.000000  0.000000  1.000000  1.000000  0.000000  0.000000  0.000000  -0.000000  1.000000  0.000000  -1.000000  -0.000000  0.000000  0.000000  
92.906123 0.012773  0.097550  -0.012870  0.994923  0.092657  0.039270  -0.046735  0.079821  0.995713  0.089125  -0.992493  0.083746  0.001358  0.000306  -0.001384  0.000000  0.000000  0.000000  2.000000  1.000000  0.000000  0.000000  0.000000  -0.000000  1.000000  0.000000  -1.000000  -0.000000  0.999996  -0.000426  0.002917  0.000428  1.000000  -0.000833  -0.002916  0.000834  0.999995  1.000000  0.000000  0.000000  0.000000  1.000000  0.000000  0.000000  0.000000  1.000000  1.000000  0.000000  0.000000  0.000000  -0.000000  1.000000  0.000000  -1.000000  -0.000000  0.000000  0.000000  
92.907376 0.012778  0.097551  -0.012874  0.994882  0.092849  0.039851  -0.047349  0.079999  0.995670  0.089259  -0.992461  0.083986  0.001770  0.000314  -0.001775  0.000000  0.000000  0.000000  2.000000  1.000000  0.000000  0.000000  0.000000  -0.000000  1.000000  0.000000  -1.000000  -0.000000  0.999994  -0.000240  0.003518  0.000243  1.000000  -0.000778  -0.003518  0.000779  0.999994  1.000000  0.000000  0.000000  0.000000  1.000000  0.000000  0.000000  0.000000  1.000000  1.000000  0.000000  0.000000  0.000000  -0.000000  1.000000  0.000000  -1.000000  -0.000000  0.000000  0.000000  
92.908624 0.012782  0.097551  -0.012881  0.994843  0.092919  0.040660  -0.048168  0.080043  0.995627  0.089259  -0.992451  0.084106  0.002048  0.000313  -0.002225  0.000000  0.000000  0.000000  2.000000  1.000000  0.000000  0.000000  0.000000  -0.000000  1.000000  0.000000  -1.000000  -0.000000  0.999991  -0.000171  0.004336  0.000175  1.000000  -0.000947  -0.004336  0.000948  0.999990  1.000000  0.000000  0.000000  0.000000  1.000000  0.000000  0.000000  0.000000  1.000000  1.000000  0.000000  0.000000  0.000000  -0.000000  1.000000  0.000000  -1.000000  -0.000000  0.000000  0.000000  
92.909876 0.012786  0.097551  -0.012887  0.994837  0.092714  0.041275  -0.048783  0.080240  0.995581  0.088992  -0.992454  0.084349  0.002337  0.000308  -0.002713  0.000000  0.000000  0.000000  2.000000  1.000000  0.000000  0.000000  0.000000  -0.000000  1.000000  0.000000  -1.000000  -0.000000  0.999988  -0.000251  0.004960  0.000257  0.999999  -0.001134  -0.004960  0.001135  0.999987  1.000000  0.000000  0.000000  0.000000  1.000000  0.000000  0.000000  0.000000  1.000000  1.000000  0.000000  0.000000  0.000000  -0.000000  1.000000  0.000000  -1.000000  -0.000000  0.000000  0.000000  
92.911198 0.012791  0.097551  -0.012894  0.994808  0.092657  0.042083  -0.049603  0.080412  0.995527  0.088859  -0.992446  0.084591  0.002647  0.000292  -0.003298  -0.047175  -0.201243  -0.014548  2.000000  1.000000  -0.000025  0.000342  -0.000342  0.000076  1.000000  -0.000025  -1.000000  0.000076  0.999983  -0.000447  0.005800  0.000455  0.999999  -0.001303  -0.005799  0.001306  0.999982  1.000000  -0.000006  0.000072  0.000006  1.000000  -0.000016  -0.000072  0.000016  1.000000  1.000000  -0.000025  0.000342  -0.000342  0.000076  1.000000  -0.000025  -1.000000  0.000076  0.000050  0.005962  
92.912369 0.012796  0.097551  -0.012901  0.994791  0.092474  0.042892  -0.050424  0.080712  0.995461  0.088592  -0.992439  0.084954  0.003047  0.000340  -0.003874  -0.056623  -0.228134  -0.021019  2.000000  1.000000  -0.000050  0.000658  -0.000658  0.000149  1.000000  -0.000050  -1.000000  0.000149  0.999978  -0.000509  0.006629  0.000519  0.999999  -0.001594  -0.006628  0.001597  0.999977  1.000000  -0.000006  0.000083  0.000006  1.000000  -0.000020  -0.000083  0.000020  1.000000  1.000000  -0.000050  0.000658  -0.000658  0.000149  1.000000  -0.000050  -1.000000  0.000149  0.000058  0.006837  
92.913374 0.012801  0.097553  -0.012908  0.994760  0.092539  0.043473  -0.051038  0.081017  0.995405  0.088592  -0.992408  0.085315  0.003387  0.000421  -0.004328  -0.067454  -0.250565  -0.019403  2.000000  0.999999  -0.000081  0.001010  -0.001010  0.000230  0.999999  -0.000081  -1.000000  0.000230  0.999974  -0.000588  0.007253  0.000600  0.999998  -0.001660  -0.007252  0.001664  0.999972  1.000000  -0.000007  0.000091  0.000007  1.000000  -0.000021  -0.000091  0.000021  1.000000  0.999999  -0.000081  0.001010  -0.001010  0.000230  0.999999  -0.000081  -1.000000  0.000230  0.000063  0.007464  
92.914623 0.012806  0.097555  -0.012915  0.994740  0.092473  0.044066  -0.051653  0.081329  0.995348  0.088459  -0.992388  0.085677  0.003681  0.000558  -0.004724  -0.077849  -0.271551  -0.022090  2.000000  0.999999  -0.000113  0.001396  -0.001396  0.000327  0.999999  -0.000114  -1.000000  0.000326  0.999969  -0.000666  0.007878  0.000682  0.999998  -0.002090  -0.007876  0.002095  0.999967  1.000000  -0.000008  0.000098  0.000008  1.000000  -0.000026  -0.000098  0.000026  1.000000  0.999999  -0.000113  0.001396  -0.001396  0.000327  0.999999  -0.000114  -1.000000  0.000326  0.000069  0.008178  
92.915874 0.012813  0.097559  -0.012925  0.994730  0.092395  0.044442  -0.052063  0.081780  0.995290  0.088326  -0.992358  0.086160  0.003947  0.000869  -0.004960  -0.092941  -0.285679  -0.025337  2.000000  0.999998  -0.000163  0.001912  -0.001912  0.000469  0.999998  -0.000164  -1.000000  0.000469  0.999963  -0.000877  0.008514  0.000897  0.999997  -0.002398  -0.008512  0.002405  0.999961  1.000000  -0.000011  0.000106  0.000011  1.000000  -0.000030  -0.000106  0.000030  1.000000  0.999998  -0.000163  0.001912  -0.001912  0.000469  0.999998  -0.000164  -1.000000  0.000469  0.000075  0.008890  
92.917119 0.012819  0.097563  -0.012933  0.994710  0.092335  0.045023  -0.052678  0.082213  0.995222  0.088192  -0.992328  0.086642  0.004156  0.001158  -0.005150  -0.103382  -0.306790  -0.027983  2.000000  0.999997  -0.000220  0.002463  -0.002462  0.000637  0.999997  -0.000222  -1.000000  0.000637  0.999958  -0.000953  0.009139  0.000979  0.999996  -0.002828  -0.009136  0.002837  0.999954  1.000000  -0.000012  0.000114  0.000012  1.000000  -0.000035  -0.000114  0.000035  1.000000  0.999997  -0.000220  0.002463  -0.002462  0.000637  0.999997  -0.000222  -1.000000  0.000637  0.000081  0.009615  
92.918121 0.012824  0.097567  -0.012941  0.994689  0.092275  0.045605  -0.053293  0.082646  0.995153  0.088059  -0.992298  0.087125  0.004296  0.001346  -0.005470  -0.117826  -0.327675  -0.030615  2.000000  0.999996  -0.000270  0.002930  -0.002930  0.000793  0.999995  -0.000273  -1.000000  0.000793  0.999954  -0.001046  0.009559  0.001078  0.999994  -0.003276  -0.009556  0.003286  0.999949  1.000000  -0.000013  0.000119  0.000013  1.000000  -0.000041  -0.000119  0.000041  1.000000  0.999996  -0.000270  0.002930  -0.002930  0.000793  0.999995  -0.000273  -1.000000  0.000793  0.000086  0.010161  
92.919371 0.012831  0.097570  -0.012953  0.994667  0.092216  0.046186  -0.053908  0.083079  0.995084  0.087926  -0.992267  0.087607  0.004429  0.001499  -0.005888  -0.132303  -0.348653  -0.033246  2.000000  0.999994  -0.000337  0.003558  -0.003558  0.001007  0.999993  -0.000340  -0.999999  0.001005  0.999945  -0.001103  0.010389  0.001141  0.999993  -0.003567  -0.010385  0.003578  0.999940  1.000000  -0.000014  0.000130  0.000014  1.000000  -0.000045  -0.000130  0.000045  1.000000  0.999994  -0.000337  0.003558  -0.003558  0.001007  0.999993  -0.000340  -0.999999  0.001005  0.000093  0.011041  
92.920376 0.012836  0.097572  -0.012963  0.994646  0.092158  0.046768  -0.054523  0.083512  0.995014  0.087793  -0.992236  0.088090  0.004486  0.001593  -0.006440  -0.146752  -0.369559  -0.035859  2.000000  0.999992  -0.000395  0.004083  -0.004083  0.001200  0.999991  -0.000400  -0.999999  0.001199  0.999943  -0.001214  0.010605  0.001257  0.999991  -0.004034  -0.010600  0.004047  0.999936  1.000000  -0.000015  0.000133  0.000015  1.000000  -0.000051  -0.000133  0.000051  1.000000  0.999992  -0.000395  0.004083  -0.004083  0.001200  0.999991  -0.000400  -0.999999  0.001199  0.000098  0.011414  
92.921617 0.012843  0.097575  -0.012979  0.994646  0.091950  0.047157  -0.054934  0.083972  0.994953  0.087526  -0.992217  0.088573  0.004509  0.001660  -0.007092  -0.161973  -0.384305  -0.043567  2.000000  0.999989  -0.000469  0.004741  -0.004740  0.001469  0.999988  -0.000476  -0.999999  0.001466  0.999945  -0.001093  0.010390  0.001139  0.999990  -0.004419  -0.010385  0.004430  0.999936  1.000000  -0.000014  0.000130  0.000014  1.000000  -0.000055  -0.000130  0.000055  1.000000  0.999989  -0.000469  0.004741  -0.004740  0.001469  0.999988  -0.000476  -0.999999  0.001466  0.000104  0.011346  
92.922618 0.012848  0.097576  -0.012992  0.994635  0.091875  0.047533  -0.055344  0.084424  0.994892  0.087393  -0.992185  0.089056  0.004568  0.001684  -0.007750  -0.172973  -0.398373  -0.046733  2.000000  0.999987  -0.000514  0.005128  -0.005127  0.001646  0.999986  -0.000522  -0.999999  0.001643  0.999948  -0.001106  0.010186  0.001155  0.999988  -0.004802  -0.010181  0.004814  0.999937  1.000000  -0.000014  0.000127  0.000014  1.000000  -0.000060  -0.000127  0.000060  1.000000  0.999987  -0.000514  0.005128  -0.005127  0.001646  0.999986  -0.000522  -0.999999  0.001643  0.000107  0.011318  
92.923621 0.012852  0.097577  -0.013007  0.994624  0.091916  0.047694  -0.055549  0.084888  0.994841  0.087393  -0.992142  0.089537  0.004679  0.001731  -0.008459  -0.188655  -0.405223  -0.046037  2.000000  0.999984  -0.000570  0.005643  -0.005642  0.001901  0.999982  -0.000581  -0.999998  0.001898  0.999948  -0.001101  0.010187  0.001155  0.999985  -0.005289  -0.010181  0.005300  0.999934  1.000000  -0.000014  0.000127  0.000014  1.000000  -0.000066  -0.000127  0.000066  1.000000  0.999984  -0.000570  0.005643  -0.005642  0.001901  0.999982  -0.000581  -0.999998  0.001898  0.000111  0.011534  
92.924633 0.012858  0.097576  -0.013023  0.994613  0.091841  0.048071  -0.055959  0.085340  0.994779  0.087259  -0.992110  0.090019  0.004836  0.001732  -0.009245  -0.203640  -0.419552  -0.053676  2.000000  0.999981  -0.000616  0.006154  -0.006153  0.002175  0.999979  -0.000630  -0.999997  0.002171  0.999946  -0.000812  0.010368  0.000870  0.999984  -0.005637  -0.010363  0.005646  0.999930  1.000000  -0.000011  0.000130  0.000011  1.000000  -0.000071  -0.000130  0.000071  1.000000  0.999981  -0.000616  0.006154  -0.006153  0.002175  0.999979  -0.000630  -0.999997  0.002171  0.000117  0.011831  
92.925874 0.012865  0.097576  -0.013043  0.994590  0.091906  0.048425  -0.056368  0.085905  0.994707  0.087259  -0.992055  0.090621  0.005034  0.001730  -0.010119  -0.222852  -0.433418  -0.052364  2.000000  0.999978  -0.000663  0.006673  -0.006671  0.002473  0.999975  -0.000679  -0.999997  0.002468  0.999946  -0.000939  0.010381  0.001002  0.999981  -0.006122  -0.010375  0.006132  0.999927  1.000000  -0.000012  0.000130  0.000012  1.000000  -0.000077  -0.000130  0.000077  1.000000  0.999978  -0.000663  0.006673  -0.006671  0.002473  0.999975  -0.000679  -0.999997  0.002468  0.000122  0.012091  
92.927127 0.012871  0.097574  -0.013062  0.994566  0.091965  0.048790  -0.056778  0.086350  0.994646  0.087259  -0.992011  0.091102  0.005104  0.001546  -0.010880  -0.237906  -0.447117  -0.051051  2.000000  0.999973  -0.000721  0.007317  -0.007315  0.002867  0.999969  -0.000742  -0.999996  0.002862  0.999948  -0.000952  0.010177  0.001017  0.999979  -0.006383  -0.010171  0.006393  0.999928  1.000000  -0.000012  0.000127  0.000012  1.000000  -0.000080  -0.000127  0.000080  1.000000  0.999973  -0.000721  0.007317  -0.007315  0.002867  0.999969  -0.000742  -0.999996  0.002862  0.000127  0.012053  
92.928374 0.012878  0.097573  -0.013081  0.994554  0.091898  0.049156  -0.057188  0.086923  0.994572  0.087126  -0.991967  0.091705  0.005183  0.001346  -0.011793  -0.253097  -0.461414  -0.054175  2.000000  0.999968  -0.000794  0.007944  -0.007941  0.003283  0.999963  -0.000820  -0.999994  0.003277  0.999949  -0.001231  0.009998  0.001299  0.999976  -0.006764  -0.009989  0.006776  0.999927  1.000000  -0.000016  0.000125  0.000016  1.000000  -0.000085  -0.000125  0.000085  1.000000  0.999968  -0.000794  0.007944  -0.007941  0.003283  0.999963  -0.000820  -0.999994  0.003277  0.000132  0.012137  
92.929624 0.012885  0.097570  -0.013101  0.994519  0.092090  0.049508  -0.057597  0.087360  0.994510  0.087259  -0.991911  0.092185  0.005211  0.000955  -0.012488  -0.269368  -0.461020  -0.049583  2.000000  0.999963  -0.000867  0.008551  -0.008547  0.003720  0.999957  -0.000899  -0.999993  0.003713  0.999953  -0.001131  0.009578  0.001199  0.999974  -0.007164  -0.009569  0.007175  0.999928  1.000000  -0.000015  0.000120  0.000015  1.000000  -0.000090  -0.000120  0.000090  1.000000  0.999963  -0.000867  0.008551  -0.008547  0.003720  0.999957  -0.000899  -0.999993  0.003713  0.000134  0.012017  
92.930877 0.012892  0.097569  -0.013122  0.994495  0.092156  0.049862  -0.058006  0.087925  0.994437  0.087259  -0.991855  0.092787  0.005310  0.000566  -0.013287  -0.286323  -0.453344  -0.041061  2.000000  0.999959  -0.000916  0.009024  -0.009020  0.004090  0.999951  -0.000953  -0.999991  0.004082  0.999956  -0.001010  0.009362  0.001081  0.999971  -0.007547  -0.009354  0.007557  0.999928  1.000000  -0.000013  0.000117  0.000013  1.000000  -0.000094  -0.000117  0.000094  1.000000  0.999959  -0.000916  0.009024  -0.009020  0.004090  0.999951  -0.000953  -0.999991  0.004082  0.000133  0.012071  
92.932124 0.012901  0.097567  -0.013144  0.994472  0.092337  0.049998  -0.058211  0.088502  0.994374  0.087393  -0.991787  0.093387  0.005478  0.000177  -0.014143  -0.303923  -0.438496  -0.028686  2.000000  0.999954  -0.000959  0.009595  -0.009590  0.004579  0.999944  -0.001003  -0.999989  0.004570  0.999960  -0.000643  0.008917  0.000714  0.999968  -0.007950  -0.008911  0.007956  0.999929  1.000000  -0.000008  0.000111  0.000008  1.000000  -0.000099  -0.000111  0.000099  1.000000  0.999954  -0.000959  0.009595  -0.009590  0.004579  0.999944  -0.001003  -0.999989  0.004570  0.000133  0.011966  
92.933374 0.012909  0.097564  -0.013166  0.994448  0.092404  0.050351  -0.058620  0.089067  0.994299  0.087393  -0.991730  0.093989  0.005548  -0.000264  -0.014924  -0.320238  -0.437642  -0.019565  2.000000  0.999948  -0.000991  0.010124  -0.010119  0.005087  0.999936  -0.001042  -0.999987  0.005076  0.999967  -0.000448  0.008075  0.000515  0.999966  -0.008267  -0.008071  0.008271  0.999933  1.000000  -0.000006  0.000101  0.000006  1.000000  -0.000103  -0.000101  0.000103  1.000000  0.999948  -0.000991  0.010124  -0.010119  0.005087  0.999936  -0.001042  -0.999987  0.005076  0.000133  0.011567  
92.934624 0.012916  0.097562  -0.013190  0.994436  0.092459  0.050489  -0.058825  0.089771  0.994224  0.087393  -0.991661  0.094711  0.005637  -0.000649  -0.015694  -0.341281  -0.430852  -0.019998  2.000000  0.999944  -0.001011  0.010523  -0.010517  0.005508  0.999930  -0.001069  -0.999984  0.005498  0.999969  -0.000462  0.007872  0.000530  0.999963  -0.008528  -0.007867  0.008532  0.999933  1.000000  -0.000006  0.000098  0.000006  1.000000  -0.000107  -0.000098  0.000107  1.000000  0.999944  -0.001011  0.010523  -0.010517  0.005508  0.999930  -0.001069  -0.999984  0.005498  0.000136  0.011616  
92.935874 0.012924  0.097559  -0.013216  0.994411  0.092527  0.050842  -0.059234  0.090336  0.994148  0.087393  -0.991604  0.095312  0.005655  -0.001046  -0.016566  -0.354141  -0.424019  -0.020436  2.000000  0.999939  -0.001029  0.010994  -0.010987  0.006054  0.999921  -0.001096  -0.999981  0.006043  0.999972  -0.000362  0.007451  0.000428  0.999961  -0.008808  -0.007447  0.008811  0.999933  1.000000  -0.000005  0.000093  0.000005  1.000000  -0.000110  -0.000093  0.000110  1.000000  0.999939  -0.001029  0.010994  -0.010987  0.006054  0.999921  -0.001096  -0.999981  0.006043  0.000137  0.011544  
92.937123 0.012931  0.097556  -0.013243  0.994398  0.092469  0.051197  -0.059644  0.091029  0.994060  0.087259  -0.991546  0.096035  0.005695  -0.001314  -0.017209  -0.371110  -0.418033  -0.029815  2.000000  0.999934  -0.001044  0.011457  -0.011450  0.006614  0.999913  -0.001120  -0.999978  0.006602  0.999974  -0.000377  0.007247  0.000442  0.999959  -0.009069  -0.007243  0.009072  0.999933  1.000000  -0.000005  0.000091  0.000005  1.000000  -0.000113  -0.000091  0.000113  1.000000  0.999934  -0.001044  0.011457  -0.011450  0.006614  0.999913  -0.001120  -0.999978  0.006602  0.000140  0.011617  
92.938371 0.012936  0.097554  -0.013271  0.994375  0.092651  0.051333  -0.059848  0.091605  0.993995  0.087393  -0.991476  0.096635  0.005684  -0.001558  -0.017857  -0.389216  -0.397025  -0.027059  2.000000  0.999930  -0.001051  0.011822  -0.011814  0.007077  0.999905  -0.001134  -0.999974  0.007064  0.999974  -0.000106  0.007222  0.000173  0.999957  -0.009313  -0.007220  0.009314  0.999931  1.000000  -0.000002  0.000090  0.000002  1.000000  -0.000116  -0.000090  0.000116  1.000000  0.999930  -0.001051  0.011822  -0.011814  0.007077  0.999905  -0.001134  -0.999974  0.007064  0.000140  0.011786  
92.939621 0.012941  0.097552  -0.013297  0.994362  0.092708  0.051470  -0.060053  0.092310  0.993918  0.087393  -0.991405  0.097357  0.005580  -0.001648  -0.018281  -0.406828  -0.382520  -0.019167  2.000000  0.999924  -0.001048  0.012253  -0.012244  0.007667  0.999896  -0.001141  -0.999970  0.007654  0.999978  -0.000027  0.006596  0.000091  0.999954  -0.009611  -0.006596  0.009611  0.999932  1.000000  -0.000001  0.000082  0.000001  1.000000  -0.000120  -0.000082  0.000120  1.000000  0.999924  -0.001048  0.012253  -0.012244  0.007667  0.999896  -0.001141  -0.999970  0.007654  0.000140  0.011657  
92.940871 0.012947  0.097550  -0.013322  0.994326  0.092910  0.051810  -0.060462  0.092866  0.993841  0.087526  -0.991334  0.097957  0.005513  -0.001734  -0.018645  -0.421308  -0.368872  -0.011338  2.000000  0.999919  -0.001031  0.012654  -0.012645  0.008268  0.999886  -0.001136  -0.999965  0.008255  0.999981  0.000203  0.006162  -0.000144  0.999953  -0.009647  -0.006164  0.009646  0.999934  1.000000  0.000002  0.000077  -0.000002  1.000000  -0.000121  -0.000077  0.000121  1.000000  0.999919  -0.001031  0.012654  -0.012645  0.008268  0.999886  -0.001136  -0.999965  0.008255  0.000140  0.011449  
92.941877 0.012952  0.097548  -0.013344  0.994302  0.093093  0.051945  -0.060666  0.093442  0.993775  0.087659  -0.991263  0.098557  0.005448  -0.001784  -0.019126  -0.429552  -0.353333  -0.003443  2.000000  0.999916  -0.001003  0.012956  -0.012947  0.008751  0.999878  -0.001117  -0.999961  0.008737  0.999982  0.000585  0.005918  -0.000528  0.999953  -0.009667  -0.005924  0.009664  0.999936  1.000000  0.000007  0.000074  -0.000007  1.000000  -0.000121  -0.000074  0.000121  1.000000  0.999916  -0.001003  0.012956  -0.012947  0.008751  0.999878  -0.001117  -0.999961  0.008737  0.000138  0.011349  
92.943128 0.012957  0.097545  -0.013371  0.994289  0.093150  0.052081  -0.060870  0.094146  0.993696  0.087659  -0.991191  0.099278  0.005364  -0.001859  -0.019660  -0.443621  -0.332321  -0.000688  2.000000  0.999911  -0.000958  0.013321  -0.013312  0.009365  0.999868  -0.001082  -0.999956  0.009352  0.999984  0.000703  0.005701  -0.000647  0.999952  -0.009807  -0.005707  0.009803  0.999936  1.000000  0.000008  0.000071  -0.000008  1.000000  -0.000123  -0.000071  0.000123  1.000000  0.999911  -0.000958  0.013321  -0.013312  0.009365  0.999868  -0.001082  -0.999956  0.009352  0.000139  0.011364  
92.944375 0.012962  0.097542  -0.013400  0.994264  0.093227  0.052423  -0.061280  0.094830  0.993606  0.087659  -0.991119  0.099999  0.005272  -0.001887  -0.020259  -0.456508  -0.325060  0.003328  2.000000  0.999906  -0.000900  0.013675  -0.013666  0.009985  0.999857  -0.001037  -0.999950  0.009972  0.999983  0.000840  0.005687  -0.000783  0.999950  -0.009929  -0.005695  0.009924  0.999935  1.000000  0.000010  0.000071  -0.000010  1.000000  -0.000124  -0.000071  0.000124  1.000000  0.999906  -0.000900  0.013675  -0.013666  0.009985  0.999857  -0.001037  -0.999950  0.009972  0.000139  0.011471  
92.945624 0.012968  0.097540  -0.013430  0.994239  0.093304  0.052764  -0.061689  0.095515  0.993515  0.087659  -0.991046  0.100721  0.005118  -0.001975  -0.020905  -0.464712  -0.324658  0.008004  2.000000  0.999901  -0.000840  0.014024  -0.014014  0.010615  0.999845  -0.000989  -0.999943  0.010602  0.999985  0.000957  0.005469  -0.000901  0.999948  -0.010190  -0.005478  0.010185  0.999933  1.000000  0.000012  0.000068  -0.000012  1.000000  -0.000127  -0.000068  0.000127  1.000000  0.999901  -0.000840  0.014024  -0.014014  0.010615  0.999845  -0.000989  -0.999943  0.010602  0.000141  0.011602  
92.946907 0.012974  0.097537  -0.013460  0.994213  0.093382  0.053105  -0.062099  0.096200  0.993423  0.087659  -0.990972  0.101442  0.004958  -0.002022  -0.021396  -0.472902  -0.316970  0.012012  2.000000  0.999897  -0.000786  0.014298  -0.014288  0.011125  0.999836  -0.000945  -0.999938  0.011113  0.999985  0.000961  0.005468  -0.000905  0.999946  -0.010312  -0.005477  0.010306  0.999932  1.000000  0.000012  0.000068  -0.000012  1.000000  -0.000129  -0.000068  0.000129  1.000000  0.999897  -0.000786  0.014298  -0.014288  0.011125  0.999836  -0.000945  -0.999938  0.011113  0.000142  0.011709  
92.948125 0.012981  0.097534  -0.013491  0.994176  0.093599  0.053421  -0.062507  0.096996  0.993320  0.087793  -0.990874  0.102282  0.004905  -0.002024  -0.022016  -0.486914  -0.302762  0.019881  2.000000  0.999894  -0.000731  0.014574  -0.014565  0.011652  0.999826  -0.000901  -0.999932  0.011640  0.999985  0.000965  0.005467  -0.000907  0.999943  -0.010675  -0.005477  0.010670  0.999928  1.000000  0.000012  0.000068  -0.000012  1.000000  -0.000133  -0.000068  0.000133  1.000000  0.999894  -0.000731  0.014574  -0.014565  0.011652  0.999826  -0.000901  -0.999932  0.011640  0.000142  0.012031  
92.949376 0.012989  0.097532  -0.013519  0.994138  0.093817  0.053737  -0.062916  0.097793  0.993216  0.087926  -0.990775  0.103122  0.004919  -0.001997  -0.022339  -0.495630  -0.294997  0.028391  2.000000  0.999888  -0.000647  0.014923  -0.014914  0.012329  0.999813  -0.000831  -0.999924  0.012318  0.999984  0.001369  0.005425  -0.001310  0.999940  -0.010919  -0.005440  0.010911  0.999926  1.000000  0.000017  0.000068  -0.000017  1.000000  -0.000136  -0.000068  0.000136  1.000000  0.999888  -0.000647  0.014923  -0.014914  0.012329  0.999813  -0.000831  -0.999924  0.012318  0.000144  0.012266  
92.950621 0.012997  0.097530  -0.013547  0.994100  0.094029  0.054064  -0.063324  0.098469  0.993123  0.088059  -0.990688  0.103842  0.004962  -0.001924  -0.022465  -0.499711  -0.291296  0.041656  2.000000  0.999883  -0.000553  0.015273  -0.015265  0.013025  0.999799  -0.000752  -0.999915  0.013015  0.999984  0.001374  0.005424  -0.001312  0.999935  -0.011282  -0.005439  0.011275  0.999922  1.000000  0.000017  0.000068  -0.000017  1.000000  -0.000141  -0.000068  0.000141  1.000000  0.999883  -0.000553  0.015273  -0.015265  0.013025  0.999799  -0.000752  -0.999915  0.013015  0.000144  0.012590  
92.951872 0.013005  0.097529  -0.013575  0.994076  0.094228  0.054174  -0.063528  0.099284  0.993029  0.088192  -0.990588  0.104682  0.005043  -0.001869  -0.022501  -0.513888  -0.279448  0.049892  2.000000  0.999878  -0.000456  0.015618  -0.015610  0.013728  0.999784  -0.000671  -0.999906  0.013720  0.999984  0.001511  0.005409  -0.001450  0.999935  -0.011282  -0.005425  0.011274  0.999922  1.000000  0.000019  0.000068  -0.000018  1.000000  -0.000141  -0.000068  0.000141  1.000000  0.999878  -0.000456  0.015618  -0.015610  0.013728  0.999784  -0.000671  -0.999906  0.013720  0.000146  0.012599  
92.953125 0.013014  0.097526  -0.013603  0.994036  0.094329  0.054719  -0.064142  0.099948  0.992923  0.088192  -0.990511  0.105403  0.005251  -0.001861  -0.022527  -0.516490  -0.283122  0.054691  2.000000  0.999872  -0.000360  0.015965  -0.015958  0.014442  0.999768  -0.000590  -0.999896  0.014434  0.999983  0.001404  0.005625  -0.001339  0.999933  -0.011506  -0.005641  0.011498  0.999918  1.000000  0.000017  0.000070  -0.000017  1.000000  -0.000144  -0.000070  0.000144  1.000000  0.999872  -0.000360  0.015965  -0.015958  0.014442  0.999768  -0.000590  -0.999896  0.014434  0.000148  0.012881  
92.954375 0.013022  0.097523  -0.013632  0.993998  0.094549  0.055033  -0.064551  0.100744  0.992816  0.088326  -0.990410  0.106243  0.005444  -0.001949  -0.022709  -0.525040  -0.284643  0.064344  2.000000  0.999867  -0.000257  0.016324  -0.016319  0.015163  0.999752  -0.000504  -0.999885  0.015157  0.999982  0.001563  0.005814  -0.001495  0.999931  -0.011609  -0.005832  0.011600  0.999916  1.000000  0.000019  0.000073  -0.000019  1.000000  -0.000145  -0.000073  0.000145  1.000000  0.999867  -0.000257  0.016324  -0.016319  0.015163  0.999752  -0.000504  -0.999885  0.015157  0.000149  0.013074  
92.955376 0.013028  0.097520  -0.013656  0.993971  0.094624  0.055385  -0.064960  0.101307  0.992732  0.088326  -0.990345  0.106843  0.005575  -0.002012  -0.022894  -0.528906  -0.284494  0.064473  2.000000  0.999863  -0.000191  0.016548  -0.016543  0.015601  0.999741  -0.000450  -0.999878  0.015596  0.999981  0.001589  0.006017  -0.001517  0.999929  -0.011834  -0.006035  0.011825  0.999912  1.000000  0.000019  0.000075  -0.000019  1.000000  -0.000148  -0.000075  0.000148  1.000000  0.999863  -0.000191  0.016548  -0.016543  0.015601  0.999741  -0.000450  -0.999878  0.015596  0.000151  0.013367  
92.956617 0.013037  0.097517  -0.013685  0.993931  0.094734  0.055917  -0.065574  0.102092  0.992611  0.088326  -0.990254  0.107684  0.005762  -0.002125  -0.023115  -0.540332  -0.289028  0.064820  2.000000  0.999857  -0.000081  0.016932  -0.016929  0.016338  0.999723  -0.000358  -0.999867  0.016334  0.999979  0.001616  0.006219  -0.001542  0.999928  -0.011937  -0.006238  0.011928  0.999909  1.000000  0.000020  0.000078  -0.000020  1.000000  -0.000149  -0.000078  0.000149  1.000000  0.999857  -0.000081  0.016932  -0.016929  0.016338  0.999723  -0.000358  -0.999867  0.016334  0.000154  0.013553  
92.957622 0.013044  0.097514  -0.013709  0.993892  0.094950  0.056243  -0.065982  0.102766  0.992515  0.088459  -0.990163  0.108403  0.005943  -0.002160  -0.023243  -0.548192  -0.297289  0.075183  2.000000  0.999851  0.000012  0.017243  -0.017241  0.016934  0.999708  -0.000280  -0.999857  0.016932  0.999979  0.001886  0.006189  -0.001812  0.999927  -0.011938  -0.006212  0.011927  0.999910  1.000000  0.000023  0.000078  -0.000023  1.000000  -0.000149  -0.000078  0.000149  1.000000  0.999851  0.000012  0.017243  -0.017241  0.016934  0.999708  -0.000280  -0.999857  0.016932  0.000155  0.013574  
92.958630 0.013050  0.097512  -0.013733  0.993865  0.095026  0.056594  -0.066391  0.103329  0.992429  0.088459  -0.990098  0.109004  0.006097  -0.002131  -0.023303  -0.556098  -0.297120  0.075293  2.000000  0.999846  0.000113  0.017558  -0.017558  0.017532  0.999692  -0.000194  -0.999846  0.017531  0.999979  0.001756  0.006203  -0.001682  0.999927  -0.011937  -0.006223  0.011927  0.999910  1.000000  0.000021  0.000078  -0.000021  1.000000  -0.000149  -0.000078  0.000149  1.000000  0.999846  0.000113  0.017558  -0.017558  0.017532  0.999692  -0.000194  -0.999846  0.017531  0.000157  0.013563  
92.959885 0.013059  0.097510  -0.013762  0.993826  0.095242  0.056918  -0.066800  0.104003  0.992331  0.088592  -0.990006  0.109723  0.006284  -0.002096  -0.023308  -0.560190  -0.297096  0.075499  2.000000  0.999839  0.000241  0.017964  -0.017965  0.018281  0.999671  -0.000087  -0.999833  0.018283  0.999976  0.001940  0.006594  -0.001860  0.999926  -0.012023  -0.006617  0.012010  0.999906  1.000000  0.000024  0.000083  -0.000024  1.000000  -0.000150  -0.000083  0.000150  1.000000  0.999839  0.000241  0.017964  -0.017965  0.018281  0.999671  -0.000087  -0.999833  0.018283  0.000160  0.013844  
92.961123 0.013067  0.097507  -0.013792  0.993772  0.095487  0.057436  -0.067413  0.104778  0.992208  0.088725  -0.989901  0.110562  0.006450  -0.002086  -0.023338  -0.566565  -0.308253  0.076484  2.000000  0.999832  0.000350  0.018301  -0.018305  0.018890  0.999654  0.000004  -0.999822  0.018893  0.999975  0.001968  0.006796  -0.001884  0.999922  -0.012368  -0.006820  0.012355  0.999900  1.000000  0.000024  0.000085  -0.000024  1.000000  -0.000155  -0.000085  0.000155  1.000000  0.999832  0.000350  0.018301  -0.018305  0.018890  0.999654  0.000004  -0.999822  0.018893  0.000162  0.014244  
92.962379 0.013075  0.097505  -0.013822  0.993733  0.095705  0.057760  -0.067821  0.105452  0.992109  0.088859  -0.989808  0.111281  0.006579  -0.002053  -0.023328  -0.570579  -0.307738  0.081125  2.000000  0.999824  0.000490  0.018741  -0.018747  0.019663  0.999631  0.000121  -0.999807  0.019669  0.999972  0.002018  0.007203  -0.001928  0.999921  -0.012453  -0.007227  0.012438  0.999897  1.000000  0.000025  0.000090  -0.000025  1.000000  -0.000156  -0.000090  0.000156  1.000000  0.999824  0.000490  0.018741  -0.018747  0.019663  0.999631  0.000121  -0.999807  0.019669  0.000164  0.014521  
92.963624 0.013083  0.097503  -0.013850  0.993679  0.095952  0.058276  -0.068434  0.106226  0.991984  0.088992  -0.989702  0.112120  0.006634  -0.002066  -0.023165  -0.578124  -0.323456  0.087940  2.000000  0.999817  0.000605  0.019112  -0.019120  0.020289  0.999611  0.000217  -0.999794  0.020296  0.999969  0.002203  0.007593  -0.002107  0.999918  -0.012659  -0.007621  0.012643  0.999891  1.000000  0.000027  0.000095  -0.000027  1.000000  -0.000158  -0.000095  0.000158  1.000000  0.999817  0.000605  0.019112  -0.019120  0.020289  0.999611  0.000217  -0.999794  0.020296  0.000167  0.014919  
92.964874 0.013092  0.097501  -0.013877  0.993636  0.096060  0.058819  -0.069048  0.106888  0.991871  0.088992  -0.989620  0.112841  0.006712  -0.002056  -0.023100  -0.577593  -0.330292  0.088906  2.000000  0.999808  0.000755  0.019584  -0.019595  0.021075  0.999586  0.000342  -0.999778  0.021086  0.999969  0.002209  0.007592  -0.002112  0.999918  -0.012659  -0.007619  0.012643  0.999891  1.000000  0.000027  0.000095  -0.000027  1.000000  -0.000158  -0.000095  0.000158  1.000000  0.999808  0.000755  0.019584  -0.019595  0.021075  0.999586  0.000342  -0.999778  0.021086  0.000167  0.014919  
92.966126 0.013101  0.097498  -0.013905  0.993593  0.096176  0.059350  -0.069662  0.107671  0.991743  0.088992  -0.989524  0.113681  0.006675  -0.002085  -0.023122  -0.580958  -0.337018  0.089875  2.000000  0.999798  0.000907  0.020074  -0.020089  0.021863  0.999559  0.000468  -0.999761  0.021877  0.999967  0.002237  0.007794  -0.002139  0.999918  -0.012642  -0.007822  0.012624  0.999890  1.000000  0.000027  0.000098  -0.000027  1.000000  -0.000158  -0.000098  0.000158  1.000000  0.999798  0.000907  0.020074  -0.020089  0.021863  0.999559  0.000468  -0.999761  0.021877  0.000169  0.015012  
92.967367 0.013109  0.097496  -0.013934  0.993538  0.096426  0.059865  -0.070274  0.108444  0.991616  0.089125  -0.989415  0.114520  0.006692  -0.002165  -0.023215  -0.588184  -0.349882  0.100572  2.000000  0.999788  0.001064  0.020576  -0.020595  0.022649  0.999531  0.000597  -0.999743  0.022666  0.999965  0.002400  0.007980  -0.002300  0.999919  -0.012502  -0.008010  0.012484  0.999890  1.000000  0.000029  0.000100  -0.000029  1.000000  -0.000156  -0.000100  0.000156  1.000000  0.999788  0.001064  0.020576  -0.020595  0.022649  0.999531  0.000597  -0.999743  0.022666  0.000172  0.015018  
92.968374 0.013115  0.097493  -0.013957  0.993509  0.096507  0.060215  -0.070683  0.109006  0.991525  0.089125  -0.989345  0.115120  0.006663  -0.002143  -0.023192  -0.591785  -0.357255  0.097049  2.000000  0.999779  0.001195  0.020982  -0.021004  0.023274  0.999508  0.000706  -0.999728  0.023294  0.999964  0.002430  0.008182  -0.002327  0.999919  -0.012484  -0.008212  0.012465  0.999889  1.000000  0.000030  0.000102  -0.000030  1.000000  -0.000156  -0.000102  0.000156  1.000000  0.999779  0.001195  0.020982  -0.021004  0.023274  0.999508  0.000706  -0.999728  0.023294  0.000174  0.015116  
92.969624 0.013123  0.097490  -0.013986  0.993465  0.096626  0.060745  -0.071297  0.109788  0.991395  0.089125  -0.989247  0.115960  0.006608  -0.002144  -0.023196  -0.594892  -0.364310  0.093542  2.000000  0.999768  0.001354  0.021499  -0.021526  0.024048  0.999479  0.000837  -0.999710  0.024071  0.999962  0.002327  0.008399  -0.002223  0.999920  -0.012466  -0.008428  0.012446  0.999887  1.000000  0.000028  0.000105  -0.000028  1.000000  -0.000156  -0.000105  0.000156  1.000000  0.999768  0.001354  0.021499  -0.021526  0.024048  0.999479  0.000837  -0.999710  0.024071  0.000177  0.015203  
92.970871 0.013130  0.097486  -0.014015  0.993409  0.096870  0.061272  -0.071910  0.110440  0.991278  0.089259  -0.989151  0.116678  0.006519  -0.002197  -0.023167  -0.596769  -0.374318  0.098886  2.000000  0.999756  0.001511  0.022029  -0.022060  0.024818  0.999449  0.000963  -0.999691  0.024845  0.999960  0.002357  0.008601  -0.002251  0.999922  -0.012325  -0.008630  0.012305  0.999887  1.000000  0.000029  0.000108  -0.000029  1.000000  -0.000154  -0.000108  0.000154  1.000000  0.999756  0.001511  0.022029  -0.022060  0.024818  0.999449  0.000963  -0.999691  0.024845  0.000179  0.015206  
92.972128 0.013136  0.097482  -0.014045  0.993353  0.097116  0.061798  -0.072522  0.111092  0.991160  0.089392  -0.989054  0.117397  0.006386  -0.002254  -0.023163  -0.596363  -0.391041  0.101499  2.000000  0.999746  0.001636  0.022467  -0.022502  0.025433  0.999423  0.001064  -0.999675  0.025464  0.999957  0.002411  0.009007  -0.002300  0.999920  -0.012409  -0.009036  0.012388  0.999882  1.000000  0.000029  0.000113  -0.000029  1.000000  -0.000155  -0.000113  0.000155  1.000000  0.999746  0.001636  0.022467  -0.022502  0.025433  0.999423  0.001064  -0.999675  0.025464  0.000180  0.015514  
92.973367 0.013143  0.097476  -0.014075  0.993308  0.097230  0.062339  -0.073136  0.111753  0.991041  0.089392  -0.988968  0.118117  0.006286  -0.002412  -0.023218  -0.595055  -0.394660  0.101697  2.000000  0.999733  0.001794  0.023030  -0.023069  0.026203  0.999390  0.001190  -0.999655  0.026237  0.999955  0.002309  0.009224  -0.002195  0.999921  -0.012390  -0.009252  0.012370  0.999881  1.000000  0.000028  0.000115  -0.000028  1.000000  -0.000155  -0.000115  0.000155  1.000000  0.999733  0.001794  0.023030  -0.023069  0.026203  0.999390  0.001190  -0.999655  0.026237  0.000181  0.015611  
92.974374 0.013147  0.097472  -0.014099  0.993250  0.097476  0.062865  -0.073748  0.112405  0.990922  0.089525  -0.988870  0.118835  0.006148  -0.002548  -0.023217  -0.597714  -0.407595  0.107871  2.000000  0.999722  0.001926  0.023485  -0.023528  0.026818  0.999363  0.001295  -0.999638  0.026856  0.999955  0.002448  0.009207  -0.002334  0.999921  -0.012390  -0.009237  0.012368  0.999881  1.000000  0.000030  0.000115  -0.000030  1.000000  -0.000155  -0.000115  0.000155  1.000000  0.999722  0.001926  0.023485  -0.023528  0.026818  0.999363  0.001295  -0.999638  0.026856  0.000182  0.015621  
92.975375 0.013152  0.097468  -0.014124  0.993220  0.097561  0.063213  -0.074157  0.112966  0.990828  0.089525  -0.988798  0.119435  0.006039  -0.002694  -0.023323  -0.598634  -0.410929  0.109047  2.000000  0.999711  0.002054  0.023948  -0.023996  0.027433  0.999336  0.001395  -0.999622  0.027475  0.999953  0.002346  0.009425  -0.002229  0.999921  -0.012371  -0.009453  0.012350  0.999879  1.000000  0.000029  0.000118  -0.000029  1.000000  -0.000155  -0.000118  0.000155  1.000000  0.999711  0.002054  0.023948  -0.023996  0.027433  0.999336  0.001395  -0.999622  0.027475  0.000185  0.015720  
