1-Time 2-Px 3-Py 4-Pz 5-R11 6-R21 7-R31 8-R12 9-R22 10-R32 11-R13 12-R23 13-R33 14-Vx 15-Vy 16-Vz 17-Wx 18-Wy 19-Wz 20-state 21-PR11 22-PR21 23-PR31 24-PR12 25-PR22 26-PR32 27-PR13 28-PR23 29-PR33 
50.905638 0.000724  0.090340  0.000472  0.998487  0.054381  -0.008175  -0.054321  0.998496  0.007369  0.008563  -0.006914  0.999939  0.000254  0.000162  0.000179  0.000000  0.000000  0.000000  2.000000  1.000000  0.000000  0.000000  -0.000000  1.000000  0.000000  0.000000  -0.000000  1.000000  1.000000  -0.000613  -0.000673  0.000613  1.000000  -0.000248  0.000673  0.000247  1.000000  1.000000  0.000000  0.000000  0.000000  1.000000  0.000000  0.000000  0.000000  1.000000  0.620791  0.613480  -0.488119  -0.675435  0.734614  0.064261  0.398002  0.289800  0.870408  0.000000  0.000000  
50.906649 0.000724  0.090340  0.000472  0.998487  0.054381  -0.008175  -0.054321  0.998496  0.007369  0.008563  -0.006914  0.999939  0.000213  0.000142  0.000193  0.000000  0.000000  0.000000  2.000000  1.000000  0.000000  0.000000  0.000000  1.000000  0.000000  0.000000  0.000000  1.000000  1.000000  -0.000613  -0.000673  0.000613  1.000000  -0.000248  0.000673  0.000247  1.000000  1.000000  0.000000  0.000000  0.000000  1.000000  0.000000  0.000000  0.000000  1.000000  1.000000  0.000000  0.000000  0.000000  1.000000  0.000000  0.000000  0.000000  1.000000  0.000000  0.000000  
50.907893 0.000723  0.090338  0.000472  0.998463  0.054793  -0.008305  -0.054732  0.998474  0.007380  0.008697  -0.006914  0.999938  0.000117  -0.000054  0.000157  0.000000  0.000000  0.000000  2.000000  1.000000  0.000000  0.000000  0.000000  1.000000  0.000000  0.000000  0.000000  1.000000  1.000000  -0.000201  -0.000670  0.000201  1.000000  -0.000244  0.000670  0.000244  1.000000  1.000000  0.000000  0.000000  0.000000  1.000000  0.000000  0.000000  0.000000  1.000000  1.000000  0.000000  0.000000  0.000000  1.000000  0.000000  0.000000  0.000000  1.000000  0.000000  0.000000  
50.908897 0.000722  0.090335  0.000471  0.998452  0.054999  -0.008304  -0.054938  0.998462  0.007381  0.008697  -0.006914  0.999938  0.000038  -0.000220  0.000173  0.000000  0.000000  0.000000  2.000000  1.000000  0.000000  0.000000  0.000000  1.000000  0.000000  0.000000  0.000000  1.000000  1.000000  0.000210  -0.000668  -0.000211  1.000000  -0.000241  0.000668  0.000241  1.000000  1.000000  0.000000  0.000000  0.000000  1.000000  0.000000  0.000000  0.000000  1.000000  1.000000  0.000000  0.000000  0.000000  1.000000  0.000000  0.000000  0.000000  1.000000  0.000000  0.000000  
50.910160 0.000721  0.090332  0.000471  0.998441  0.055204  -0.008302  -0.055143  0.998451  0.007383  0.008697  -0.006914  0.999938  -0.000045  -0.000462  0.000159  0.000000  0.000000  0.000000  2.000000  1.000000  0.000000  0.000000  0.000000  1.000000  0.000000  0.000000  0.000000  1.000000  1.000000  0.000416  -0.000666  -0.000417  1.000000  -0.000239  0.000666  0.000239  1.000000  1.000000  0.000000  0.000000  0.000000  1.000000  0.000000  0.000000  0.000000  1.000000  1.000000  0.000000  0.000000  0.000000  1.000000  0.000000  0.000000  0.000000  1.000000  0.000000  0.000000  
50.911398 0.000720  0.090329  0.000472  0.998441  0.055205  -0.008295  -0.055143  0.998450  0.007504  0.008697  -0.007035  0.999937  -0.000136  -0.000723  0.000188  0.000000  0.000000  0.000000  2.000000  1.000000  0.000000  0.000000  0.000000  1.000000  0.000000  0.000000  0.000000  1.000000  1.000000  0.000416  -0.000666  -0.000417  1.000000  -0.000118  0.000666  0.000118  1.000000  1.000000  0.000000  0.000000  0.000000  1.000000  0.000000  0.000000  0.000000  1.000000  1.000000  0.000000  0.000000  0.000000  1.000000  0.000000  0.000000  0.000000  1.000000  0.000000  0.000000  
50.912644 0.000720  0.090326  0.000472  0.998417  0.055617  -0.008426  -0.055554  0.998427  0.007515  0.008831  -0.007035  0.999936  -0.000219  -0.000965  0.000175  0.000000  0.000000  0.000000  2.000000  1.000000  0.000000  0.000000  0.000000  1.000000  0.000000  0.000000  0.000000  1.000000  1.000000  0.000622  -0.000665  -0.000622  1.000000  0.000005  0.000665  -0.000005  1.000000  1.000000  0.000000  0.000000  0.000000  1.000000  0.000000  0.000000  0.000000  1.000000  1.000000  0.000000  0.000000  0.000000  1.000000  0.000000  0.000000  0.000000  1.000000  0.000000  0.000000  
50.913896 0.000719  0.090323  0.000474  0.998404  0.055824  -0.008558  -0.055760  0.998416  0.007524  0.008964  -0.007035  0.999935  -0.000269  -0.001146  0.000264  0.000000  0.000000  0.000000  2.000000  1.000000  0.000000  0.000000  0.000000  1.000000  0.000000  0.000000  0.000000  1.000000  0.999999  0.001035  -0.000796  -0.001035  0.999999  0.000009  0.000796  -0.000008  1.000000  1.000000  0.000000  0.000000  0.000000  1.000000  0.000000  0.000000  0.000000  1.000000  1.000000  0.000000  0.000000  0.000000  1.000000  0.000000  0.000000  0.000000  1.000000  0.000000  0.000000  
50.915145 0.000718  0.090320  0.000474  0.998380  0.056236  -0.008688  -0.056171  0.998393  0.007535  0.009098  -0.007035  0.999934  -0.000352  -0.001388  0.000250  0.000000  0.000000  0.000000  2.000000  1.000000  0.000000  0.000000  0.000000  1.000000  0.000000  0.000000  0.000000  1.000000  0.999999  0.001448  -0.000926  -0.001448  0.999999  0.000013  0.000926  -0.000012  1.000000  1.000000  0.000000  0.000000  0.000000  1.000000  0.000000  0.000000  0.000000  1.000000  1.000000  0.000000  0.000000  0.000000  1.000000  0.000000  0.000000  0.000000  1.000000  0.000000  0.000000  
50.916396 0.000718  0.090317  0.000474  0.998355  0.056648  -0.008819  -0.056582  0.998369  0.007546  0.009232  -0.007035  0.999933  -0.000366  -0.001559  0.000234  0.000000  0.000000  0.000000  2.000000  1.000000  0.000000  0.000000  0.000000  1.000000  0.000000  0.000000  0.000000  1.000000  0.999998  0.001859  -0.000924  -0.001859  0.999998  0.000017  0.000924  -0.000015  1.000000  1.000000  0.000000  0.000000  0.000000  1.000000  0.000000  0.000000  0.000000  1.000000  1.000000  0.000000  0.000000  0.000000  1.000000  0.000000  0.000000  0.000000  1.000000  0.000000  0.000000  
50.917645 0.000717  0.090314  0.000473  0.998332  0.057059  -0.008816  -0.056993  0.998346  0.007550  0.009232  -0.007035  0.999933  -0.000428  -0.001787  0.000147  0.000000  0.000000  0.000000  2.000000  1.000000  0.000000  0.000000  0.000000  1.000000  0.000000  0.000000  0.000000  1.000000  0.999997  0.002271  -0.000921  -0.002271  0.999997  0.000021  0.000921  -0.000019  1.000000  1.000000  0.000000  0.000000  0.000000  1.000000  0.000000  0.000000  0.000000  1.000000  1.000000  0.000000  0.000000  0.000000  1.000000  0.000000  0.000000  0.000000  1.000000  0.000000  0.000000  
50.918645 0.000717  0.090312  0.000473  0.998320  0.057264  -0.008814  -0.057198  0.998334  0.007552  0.009232  -0.007035  0.999933  -0.000469  -0.001908  0.000140  0.000000  0.000000  0.000000  2.000000  1.000000  0.000000  0.000000  0.000000  1.000000  0.000000  0.000000  0.000000  1.000000  0.999996  0.002683  -0.000918  -0.002683  0.999996  0.000025  0.000918  -0.000022  1.000000  1.000000  0.000000  0.000000  0.000000  1.000000  0.000000  0.000000  0.000000  1.000000  1.000000  0.000000  0.000000  0.000000  1.000000  0.000000  0.000000  0.000000  1.000000  0.000000  0.000000  
50.919646 0.000716  0.090310  0.000474  0.998307  0.057471  -0.008946  -0.057404  0.998322  0.007561  0.009366  -0.007035  0.999931  -0.000518  -0.002048  0.000175  0.000000  0.000000  0.000000  2.000000  1.000000  0.000000  0.000000  0.000000  1.000000  0.000000  0.000000  0.000000  1.000000  0.999995  0.002890  -0.001050  -0.002890  0.999996  0.000027  0.001050  -0.000024  0.999999  1.000000  0.000000  0.000000  0.000000  1.000000  0.000000  0.000000  0.000000  1.000000  1.000000  0.000000  0.000000  0.000000  1.000000  0.000000  0.000000  0.000000  1.000000  0.000000  0.000000  
50.920893 0.000715  0.090307  0.000474  0.998283  0.057882  -0.008943  -0.057815  0.998299  0.007565  0.009366  -0.007035  0.999931  -0.000578  -0.002257  0.000128  0.000000  0.000000  0.000000  2.000000  1.000000  0.000000  0.000000  0.000000  1.000000  0.000000  0.000000  0.000000  1.000000  0.999994  0.003300  -0.000913  -0.003300  0.999995  0.000031  0.000913  -0.000028  1.000000  1.000000  0.000000  0.000000  0.000000  1.000000  0.000000  0.000000  0.000000  1.000000  1.000000  0.000000  0.000000  0.000000  1.000000  0.000000  0.000000  0.000000  1.000000  0.000000  0.000000  
50.921896 0.000714  0.090303  0.000474  0.998259  0.058292  -0.008947  -0.058226  0.998276  0.007447  0.009366  -0.006914  0.999932  -0.000660  -0.002496  0.000115  0.000000  0.000000  0.000000  2.000000  1.000000  0.000000  0.000000  0.000000  1.000000  0.000000  0.000000  0.000000  1.000000  0.999993  0.003506  -0.000912  -0.003506  0.999994  -0.000089  0.000912  0.000092  1.000000  1.000000  0.000000  0.000000  0.000000  1.000000  0.000000  0.000000  0.000000  1.000000  1.000000  0.000000  0.000000  0.000000  1.000000  0.000000  0.000000  0.000000  1.000000  0.000000  0.000000  
50.923149 0.000713  0.090298  0.000473  0.998246  0.058498  -0.009079  -0.058431  0.998264  0.007457  0.009500  -0.006914  0.999931  -0.000661  -0.002661  0.000110  0.000000  0.000000  0.000000  2.000000  1.000000  0.000000  0.000000  0.000000  1.000000  0.000000  0.000000  0.000000  1.000000  0.999992  0.003919  -0.001043  -0.003919  0.999992  -0.000084  0.001043  0.000088  0.999999  1.000000  0.000000  0.000000  0.000000  1.000000  0.000000  0.000000  0.000000  1.000000  1.000000  0.000000  0.000000  0.000000  1.000000  0.000000  0.000000  0.000000  1.000000  0.000000  0.000000  
50.924398 0.000712  0.090293  0.000474  0.998221  0.058910  -0.009210  -0.058842  0.998239  0.007469  0.009633  -0.006914  0.999930  -0.000635  -0.002751  0.000154  0.000000  0.000000  0.000000  2.000000  1.000000  0.000000  0.000000  0.000000  1.000000  0.000000  0.000000  0.000000  1.000000  0.999990  0.004330  -0.001040  -0.004330  0.999991  0.000042  0.001041  -0.000037  0.999999  1.000000  0.000000  0.000000  0.000000  1.000000  0.000000  0.000000  0.000000  1.000000  1.000000  0.000000  0.000000  0.000000  1.000000  0.000000  0.000000  0.000000  1.000000  0.000000  0.000000  
50.925647 0.000712  0.090288  0.000475  0.998209  0.059116  -0.009208  -0.059048  0.998227  0.007471  0.009633  -0.006914  0.999930  -0.000596  -0.002889  0.000221  0.000000  0.000000  0.000000  2.000000  1.000000  0.000000  0.000000  0.000000  1.000000  0.000000  0.000000  0.000000  1.000000  0.999988  0.004742  -0.001038  -0.004742  0.999989  0.000046  0.001038  -0.000041  0.999999  1.000000  0.000000  0.000000  0.000000  1.000000  0.000000  0.000000  0.000000  1.000000  1.000000  0.000000  0.000000  0.000000  1.000000  0.000000  0.000000  0.000000  1.000000  0.000000  0.000000  
50.926893 0.000712  0.090281  0.000476  0.998195  0.059323  -0.009333  -0.059253  0.998214  0.007602  0.009767  -0.007035  0.999928  -0.000574  -0.003100  0.000245  0.000000  0.000000  0.000000  2.000000  1.000000  0.000000  0.000000  0.000000  1.000000  0.000000  0.000000  0.000000  1.000000  0.999987  0.004949  -0.001169  -0.004949  0.999988  0.000169  0.001170  -0.000164  0.999999  1.000000  0.000000  0.000000  0.000000  1.000000  0.000000  0.000000  0.000000  1.000000  1.000000  0.000000  0.000000  0.000000  1.000000  0.000000  0.000000  0.000000  1.000000  0.000000  0.000000  
50.927893 0.000712  0.090276  0.000476  0.998183  0.059529  -0.009331  -0.059459  0.998202  0.007603  0.009767  -0.007035  0.999928  -0.000524  -0.003277  0.000241  0.000000  0.000000  0.000000  2.000000  1.000000  0.000045  0.000049  -0.000045  1.000000  0.000002  -0.000049  -0.000002  1.000000  0.999987  0.004949  -0.001169  -0.004949  0.999988  0.000169  0.001170  -0.000164  0.999999  1.000000  0.000000  0.000000  0.000000  1.000000  0.000000  0.000000  0.000000  1.000000  1.000000  0.000045  0.000049  -0.000045  1.000000  0.000002  -0.000049  -0.000002  1.000000  0.000000  0.000000  
50.928898 0.000712  0.090271  0.000477  0.998171  0.059734  -0.009330  -0.059664  0.998190  0.007605  0.009767  -0.007035  0.999928  -0.000435  -0.003447  0.000225  0.001562  0.048233  0.173264  2.000000  1.000000  0.000045  0.000049  -0.000045  1.000000  0.000002  -0.000049  -0.000002  1.000000  0.999987  0.004948  -0.001035  -0.004948  0.999988  0.000169  0.001036  -0.000164  0.999999  1.000000  0.000000  0.000000  0.000000  1.000000  0.000000  0.000000  0.000000  1.000000  1.000000  0.000045  0.000049  -0.000045  1.000000  0.000002  -0.000049  -0.000002  1.000000  0.000045  0.000000  
50.930144 0.000713  0.090264  0.000477  0.998157  0.059941  -0.009462  -0.059870  0.998177  0.007615  0.009901  -0.007035  0.999926  -0.000340  -0.003699  0.000239  0.001648  0.048190  0.180202  2.000000  1.000000  0.000045  0.000049  -0.000045  1.000000  0.000002  -0.000049  -0.000002  1.000000  0.999987  0.004949  -0.001169  -0.004949  0.999988  0.000170  0.001170  -0.000164  0.999999  1.000000  0.000000  0.000000  0.000000  1.000000  0.000000  0.000000  0.000000  1.000000  1.000000  0.000045  0.000049  -0.000045  1.000000  0.000002  -0.000049  -0.000002  1.000000  0.000047  0.000000  
50.931147 0.000714  0.090259  0.000478  0.998145  0.060146  -0.009460  -0.060075  0.998165  0.007617  0.009901  -0.007035  0.999926  -0.000286  -0.003926  0.000289  0.001712  0.048138  0.187105  2.000000  1.000000  0.000045  0.000049  -0.000045  1.000000  0.000002  -0.000049  -0.000002  1.000000  0.999987  0.004949  -0.001169  -0.004949  0.999988  0.000170  0.001170  -0.000164  0.999999  1.000000  0.000000  0.000000  0.000000  1.000000  0.000000  0.000000  0.000000  1.000000  1.000000  0.000045  0.000049  -0.000045  1.000000  0.000002  -0.000049  -0.000002  1.000000  0.000048  0.000000  
50.932393 0.000715  0.090253  0.000478  0.998132  0.060352  -0.009459  -0.060281  0.998152  0.007619  0.009901  -0.007035  0.999926  -0.000146  -0.004114  0.000373  0.001776  0.048100  0.194065  2.000000  1.000000  0.000045  0.000049  -0.000045  1.000000  0.000002  -0.000049  -0.000002  1.000000  0.999988  0.004743  -0.001171  -0.004743  0.999989  0.000047  0.001171  -0.000041  0.999999  1.000000  0.000000  0.000000  0.000000  1.000000  0.000000  0.000000  0.000000  1.000000  1.000000  0.000045  0.000049  -0.000045  1.000000  0.000002  -0.000049  -0.000002  1.000000  0.000048  0.000000  
50.933394 0.000716  0.090247  0.000479  0.998132  0.060352  -0.009459  -0.060281  0.998152  0.007619  0.009901  -0.007035  0.999926  -0.000040  -0.004351  0.000389  0.005864  0.043609  0.194006  2.000000  1.000000  0.000045  0.000049  -0.000045  1.000000  0.000002  -0.000049  -0.000002  1.000000  0.999988  0.004742  -0.001037  -0.004742  0.999989  0.000047  0.001037  -0.000042  0.999999  1.000000  0.000000  0.000000  0.000000  1.000000  0.000000  0.000000  0.000000  1.000000  1.000000  0.000045  0.000049  -0.000045  1.000000  0.000002  -0.000049  -0.000002  1.000000  0.000050  0.000000  
50.934645 0.000718  0.090240  0.000479  0.998120  0.060556  -0.009464  -0.060486  0.998141  0.007500  0.009901  -0.006914  0.999927  0.000076  -0.004669  0.000346  0.001916  0.043527  0.207844  2.000000  1.000000  0.000045  0.000049  -0.000045  1.000000  0.000002  -0.000049  -0.000002  1.000000  0.999989  0.004535  -0.000905  -0.004535  0.999990  -0.000077  0.000905  0.000081  1.000000  1.000000  0.000000  0.000000  0.000000  1.000000  0.000000  0.000000  0.000000  1.000000  1.000000  0.000045  0.000049  -0.000045  1.000000  0.000002  -0.000049  -0.000002  1.000000  0.000053  0.000000  
50.935893 0.000718  0.090233  0.000480  0.998107  0.060762  -0.009463  -0.060692  0.998128  0.007502  0.009901  -0.006914  0.999927  0.000247  -0.004928  0.000434  0.001964  0.043129  0.213033  2.000000  1.000000  0.000045  0.000049  -0.000045  1.000000  0.000002  -0.000049  -0.000002  1.000000  0.999989  0.004534  -0.000771  -0.004534  0.999990  -0.000077  0.000771  0.000080  1.000000  1.000000  0.000000  0.000000  0.000000  1.000000  0.000000  0.000000  0.000000  1.000000  1.000000  0.000045  0.000049  -0.000045  1.000000  0.000002  -0.000049  -0.000002  1.000000  0.000055  0.000000  
50.936896 0.000718  0.090228  0.000481  0.998107  0.060760  -0.009470  -0.060692  0.998129  0.007381  0.009901  -0.006792  0.999928  0.000280  -0.004990  0.000467  -0.002079  0.043143  0.213036  2.000000  1.000000  0.000045  0.000049  -0.000045  1.000000  0.000002  -0.000049  -0.000002  1.000000  0.999991  0.004122  -0.000640  -0.004122  0.999992  -0.000081  0.000640  0.000083  1.000000  1.000000  0.000000  0.000000  0.000000  1.000000  0.000000  0.000000  0.000000  1.000000  1.000000  0.000045  0.000049  -0.000045  1.000000  0.000002  -0.000049  -0.000002  1.000000  0.000054  0.000000  
50.938147 0.000719  0.090221  0.000481  0.998107  0.060760  -0.009470  -0.060692  0.998129  0.007381  0.009901  -0.006792  0.999928  0.000369  -0.005127  0.000532  -0.002212  0.039108  0.200983  2.000000  1.000000  0.000045  0.000049  -0.000045  1.000000  0.000002  -0.000049  -0.000002  1.000000  0.999992  0.003916  -0.000642  -0.003916  0.999992  -0.000204  0.000642  0.000206  1.000000  1.000000  0.000000  0.000000  0.000000  1.000000  0.000000  0.000000  0.000000  1.000000  1.000000  0.000045  0.000049  -0.000045  1.000000  0.000002  -0.000049  -0.000002  1.000000  0.000051  0.000000  
50.939393 0.000719  0.090214  0.000483  0.998107  0.060760  -0.009470  -0.060692  0.998129  0.007381  0.009901  -0.006792  0.999928  0.000458  -0.005264  0.000597  -0.002340  0.039201  0.187132  2.000000  1.000000  0.000045  0.000049  -0.000045  1.000000  0.000002  -0.000049  -0.000002  1.000000  0.999994  0.003504  -0.000645  -0.003504  0.999994  -0.000208  0.000644  0.000210  1.000000  1.000000  0.000000  0.000000  0.000000  1.000000  0.000000  0.000000  0.000000  1.000000  1.000000  0.000045  0.000049  -0.000045  1.000000  0.000002  -0.000049  -0.000002  1.000000  0.000049  0.000000  
50.940401 0.000719  0.090207  0.000484  0.998096  0.060964  -0.009343  -0.060897  0.998118  0.007254  0.009767  -0.006671  0.999930  0.000462  -0.005427  0.000578  -0.010441  0.034646  0.193966  2.000000  1.000000  0.000045  0.000049  -0.000045  1.000000  0.000002  -0.000049  -0.000002  1.000000  0.999994  0.003503  -0.000511  -0.003503  0.999994  -0.000208  0.000511  0.000210  1.000000  1.000000  0.000000  0.000000  0.000000  1.000000  0.000000  0.000000  0.000000  1.000000  1.000000  0.000045  0.000049  -0.000045  1.000000  0.000002  -0.000049  -0.000002  1.000000  0.000049  0.000000  
50.941649 0.000718  0.090200  0.000485  0.998096  0.060964  -0.009343  -0.060897  0.998118  0.007254  0.009767  -0.006671  0.999930  0.000437  -0.005517  0.000622  -0.010506  0.034695  0.187059  2.000000  1.000000  0.000045  0.000049  -0.000045  1.000000  0.000002  -0.000049  -0.000002  1.000000  0.999995  0.003091  -0.000381  -0.003091  0.999995  -0.000334  0.000380  0.000335  1.000000  1.000000  0.000000  0.000000  0.000000  1.000000  0.000000  0.000000  0.000000  1.000000  1.000000  0.000045  0.000049  -0.000045  1.000000  0.000002  -0.000049  -0.000002  1.000000  0.000049  0.000000  
50.942892 0.000717  0.090192  0.000486  0.998096  0.060964  -0.009343  -0.060897  0.998118  0.007254  0.009767  -0.006671  0.999930  0.000358  -0.005614  0.000639  -0.010563  0.030261  0.180203  2.000000  1.000000  0.000045  0.000049  -0.000045  1.000000  0.000002  -0.000049  -0.000002  1.000000  0.999996  0.002678  -0.000250  -0.002678  0.999996  -0.000216  0.000249  0.000217  1.000000  1.000000  0.000000  0.000000  0.000000  1.000000  0.000000  0.000000  0.000000  1.000000  1.000000  0.000045  0.000049  -0.000045  1.000000  0.000002  -0.000049  -0.000002  1.000000  0.000046  0.000000  
50.943920 0.000715  0.090185  0.000486  0.998096  0.060964  -0.009343  -0.060897  0.998118  0.007254  0.009767  -0.006671  0.999930  0.000193  -0.005728  0.000627  0.000000  0.000000  0.000000  2.000000  1.000000  0.000045  0.000049  -0.000045  1.000000  0.000002  -0.000049  -0.000002  1.000000  0.999997  0.002266  -0.000252  -0.002266  0.999997  -0.000220  0.000252  0.000221  1.000000  1.000000  0.000000  0.000000  0.000000  1.000000  0.000000  0.000000  0.000000  1.000000  1.000000  0.000045  0.000049  -0.000045  1.000000  0.000002  -0.000049  -0.000002  1.000000  0.000044  0.000000  
50.945148 0.000714  0.090177  0.000488  0.998096  0.060964  -0.009343  -0.060897  0.998118  0.007254  0.009767  -0.006671  0.999930  0.000044  -0.005840  0.000719  0.000000  0.000000  0.000000  2.000000  1.000000  0.000045  0.000049  -0.000045  1.000000  0.000002  -0.000049  -0.000002  1.000000  0.999998  0.002059  -0.000120  -0.002059  0.999998  -0.000223  0.000120  0.000223  1.000000  1.000000  0.000000  0.000000  0.000000  1.000000  0.000000  0.000000  0.000000  1.000000  1.000000  0.000045  0.000049  -0.000045  1.000000  0.000002  -0.000049  -0.000002  1.000000  0.000000  0.000000  
50.946397 0.000713  0.090169  0.000490  0.998084  0.061169  -0.009341  -0.061103  0.998105  0.007256  0.009767  -0.006671  0.999930  -0.000104  -0.005902  0.000785  0.000000  0.000000  0.000000  2.000000  1.000000  0.000045  0.000049  -0.000045  1.000000  0.000002  -0.000049  -0.000002  1.000000  0.999998  0.001854  -0.000121  -0.001854  0.999998  -0.000225  0.000121  0.000225  1.000000  1.000000  0.000000  0.000000  0.000000  1.000000  0.000000  0.000000  0.000000  1.000000  1.000000  0.000045  0.000049  -0.000045  1.000000  0.000002  -0.000049  -0.000002  1.000000  0.000000  0.000000  
50.947648 0.000711  0.090161  0.000491  0.998084  0.061169  -0.009341  -0.061103  0.998105  0.007256  0.009767  -0.006671  0.999930  -0.000341  -0.006010  0.000873  0.000000  0.000000  0.000000  2.000000  1.000000  0.000045  0.000049  -0.000045  1.000000  0.000002  -0.000049  -0.000002  1.000000  0.999998  0.001853  0.000012  -0.001853  0.999998  -0.000346  -0.000013  0.000346  1.000000  1.000000  0.000000  0.000000  0.000000  1.000000  0.000000  0.000000  0.000000  1.000000  1.000000  0.000045  0.000049  -0.000045  1.000000  0.000002  -0.000049  -0.000002  1.000000  0.000000  0.000000  
50.948893 0.000708  0.090153  0.000492  0.998084  0.061169  -0.009341  -0.061103  0.998105  0.007256  0.009767  -0.006671  0.999930  -0.000602  -0.006124  0.000900  0.000000  0.000000  0.000000  2.000000  1.000000  0.000045  0.000049  -0.000045  1.000000  0.000002  -0.000049  -0.000002  1.000000  0.999999  0.001647  0.000011  -0.001647  0.999999  -0.000348  -0.000012  0.000348  1.000000  1.000000  0.000000  0.000000  0.000000  1.000000  0.000000  0.000000  0.000000  1.000000  1.000000  0.000045  0.000049  -0.000045  1.000000  0.000002  -0.000049  -0.000002  1.000000  0.000000  0.000000  
50.950142 0.000705  0.090144  0.000493  0.998084  0.061169  -0.009341  -0.061103  0.998105  0.007256  0.009767  -0.006671  0.999930  -0.000859  -0.006227  0.000924  0.000000  0.000000  0.000000  2.000000  1.000000  0.000045  0.000049  -0.000045  1.000000  0.000002  -0.000049  -0.000002  1.000000  0.999999  0.001234  0.000142  -0.001234  0.999999  -0.000352  -0.000142  0.000352  1.000000  1.000000  0.000000  0.000000  0.000000  1.000000  0.000000  0.000000  0.000000  1.000000  1.000000  0.000045  0.000049  -0.000045  1.000000  0.000002  -0.000049  -0.000002  1.000000  0.000000  0.000000  
50.951145 0.000702  0.090137  0.000493  0.998084  0.061168  -0.009348  -0.061103  0.998106  0.007135  0.009767  -0.006550  0.999931  -0.001109  -0.006354  0.000921  0.000000  0.000000  0.000000  2.000000  1.000000  0.000045  0.000049  -0.000045  1.000000  0.000002  -0.000049  -0.000002  1.000000  0.999999  0.001234  0.000142  -0.001234  0.999999  -0.000473  -0.000142  0.000473  1.000000  1.000000  0.000000  0.000000  0.000000  1.000000  0.000000  0.000000  0.000000  1.000000  1.000000  0.000045  0.000049  -0.000045  1.000000  0.000002  -0.000049  -0.000002  1.000000  0.000000  0.000000  
50.952394 0.000698  0.090128  0.000493  0.998071  0.061374  -0.009347  -0.061308  0.998093  0.007136  0.009767  -0.006550  0.999931  -0.001347  -0.006494  0.000832  0.000000  0.000000  0.000000  2.000000  1.000000  0.000045  0.000049  -0.000045  1.000000  0.000002  -0.000049  -0.000002  1.000000  0.999999  0.001234  0.000142  -0.001234  0.999999  -0.000473  -0.000142  0.000473  1.000000  1.000000  0.000000  0.000000  0.000000  1.000000  0.000000  0.000000  0.000000  1.000000  1.000000  0.000045  0.000049  -0.000045  1.000000  0.000002  -0.000049  -0.000002  1.000000  0.000000  0.000000  
50.953643 0.000694  0.090119  0.000493  0.998071  0.061374  -0.009347  -0.061308  0.998093  0.007136  0.009767  -0.006550  0.999931  -0.001620  -0.006597  0.000755  0.000000  0.000000  0.000000  2.000000  1.000000  0.000045  0.000049  -0.000045  1.000000  0.000002  -0.000049  -0.000002  1.000000  0.999999  0.001028  0.000141  -0.001028  0.999999  -0.000475  -0.000141  0.000475  1.000000  1.000000  0.000000  0.000000  0.000000  1.000000  0.000000  0.000000  0.000000  1.000000  1.000000  0.000045  0.000049  -0.000045  1.000000  0.000002  -0.000049  -0.000002  1.000000  0.000000  0.000000  
50.954651 0.000692  0.090112  0.000493  0.998071  0.061374  -0.009347  -0.061308  0.998093  0.007136  0.009767  -0.006550  0.999931  -0.001836  -0.006662  0.000684  0.000000  0.000000  0.000000  2.000000  1.000000  0.000045  0.000049  -0.000045  1.000000  0.000002  -0.000049  -0.000002  1.000000  1.000000  0.000823  0.000139  -0.000822  1.000000  -0.000477  -0.000140  0.000477  1.000000  1.000000  0.000000  0.000000  0.000000  1.000000  0.000000  0.000000  0.000000  1.000000  1.000000  0.000045  0.000049  -0.000045  1.000000  0.000002  -0.000049  -0.000002  1.000000  0.000000  0.000000  
50.955893 0.000688  0.090103  0.000493  0.998058  0.061579  -0.009346  -0.061514  0.998081  0.007138  0.009767  -0.006550  0.999931  -0.002068  -0.006744  0.000594  0.000000  0.000000  0.000000  2.000000  1.000000  0.000045  0.000049  -0.000045  1.000000  0.000002  -0.000049  -0.000002  1.000000  0.999999  0.001028  0.000141  -0.001028  0.999999  -0.000354  -0.000141  0.000354  1.000000  1.000000  0.000000  0.000000  0.000000  1.000000  0.000000  0.000000  0.000000  1.000000  1.000000  0.000045  0.000049  -0.000045  1.000000  0.000002  -0.000049  -0.000002  1.000000  0.000000  0.000000  
50.956901 0.000684  0.090096  0.000493  0.998058  0.061579  -0.009346  -0.061514  0.998081  0.007138  0.009767  -0.006550  0.999931  -0.002224  -0.006773  0.000513  0.000000  0.000000  0.000000  2.000000  1.000000  0.000045  0.000049  -0.000045  1.000000  0.000002  -0.000049  -0.000002  1.000000  1.000000  0.000823  0.000139  -0.000823  1.000000  -0.000356  -0.000139  0.000356  1.000000  1.000000  0.000000  0.000000  0.000000  1.000000  0.000000  0.000000  0.000000  1.000000  1.000000  0.000045  0.000049  -0.000045  1.000000  0.000002  -0.000049  -0.000002  1.000000  0.000000  0.000000  
50.958150 0.000680  0.090087  0.000492  0.998058  0.061579  -0.009346  -0.061514  0.998081  0.007138  0.009767  -0.006550  0.999931  -0.002442  -0.006857  0.000391  0.000000  0.000000  0.000000  2.000000  1.000000  0.000045  0.000049  -0.000045  1.000000  0.000002  -0.000049  -0.000002  1.000000  1.000000  0.000823  0.000139  -0.000823  1.000000  -0.000235  -0.000139  0.000234  1.000000  1.000000  0.000000  0.000000  0.000000  1.000000  0.000000  0.000000  0.000000  1.000000  1.000000  0.000045  0.000049  -0.000045  1.000000  0.000002  -0.000049  -0.000002  1.000000  0.000000  0.000000  
50.959398 0.000676  0.090078  0.000491  0.998046  0.061785  -0.009344  -0.061719  0.998068  0.007140  0.009767  -0.006550  0.999931  -0.002620  -0.006944  0.000248  0.000000  0.000000  0.000000  2.000000  1.000000  0.000045  0.000049  -0.000045  1.000000  0.000002  -0.000049  -0.000002  1.000000  1.000000  0.000823  0.000139  -0.000823  1.000000  -0.000235  -0.000139  0.000234  1.000000  1.000000  0.000000  0.000000  0.000000  1.000000  0.000000  0.000000  0.000000  1.000000  1.000000  0.000045  0.000049  -0.000045  1.000000  0.000002  -0.000049  -0.000002  1.000000  0.000000  0.000000  
50.960647 0.000672  0.090069  0.000491  0.998046  0.061785  -0.009344  -0.061719  0.998068  0.007140  0.009767  -0.006550  0.999931  -0.002761  -0.006980  0.000178  0.000000  0.000000  0.000000  2.000000  1.000000  0.000045  0.000049  -0.000045  1.000000  0.000002  -0.000049  -0.000002  1.000000  1.000000  0.000823  0.000139  -0.000823  1.000000  -0.000235  -0.000139  0.000234  1.000000  1.000000  0.000000  0.000000  0.000000  1.000000  0.000000  0.000000  0.000000  1.000000  1.000000  0.000045  0.000049  -0.000045  1.000000  0.000002  -0.000049  -0.000002  1.000000  0.000000  0.000000  
50.961897 0.000668  0.090060  0.000491  0.998046  0.061785  -0.009344  -0.061719  0.998068  0.007140  0.009767  -0.006550  0.999931  -0.002969  -0.007064  0.000035  0.000000  0.000000  0.000000  2.000000  1.000000  0.000045  0.000049  -0.000045  1.000000  0.000002  -0.000049  -0.000002  1.000000  1.000000  0.000823  0.000005  -0.000823  1.000000  -0.000113  -0.000005  0.000113  1.000000  1.000000  0.000000  0.000000  0.000000  1.000000  0.000000  0.000000  0.000000  1.000000  1.000000  0.000045  0.000049  -0.000045  1.000000  0.000002  -0.000049  -0.000002  1.000000  0.000000  0.000000  
50.962897 0.000664  0.090053  0.000490  0.998044  0.061785  -0.009478  -0.061719  0.998068  0.007149  0.009901  -0.006550  0.999930  -0.003067  -0.007078  -0.000089  0.000000  0.000000  0.000000  2.000000  1.000000  0.000045  0.000049  -0.000045  1.000000  0.000002  -0.000049  -0.000002  1.000000  1.000000  0.000824  -0.000128  -0.000824  1.000000  -0.000113  0.000128  0.000113  1.000000  1.000000  0.000000  0.000000  0.000000  1.000000  0.000000  0.000000  0.000000  1.000000  1.000000  0.000045  0.000049  -0.000045  1.000000  0.000002  -0.000049  -0.000002  1.000000  0.000000  0.000000  
50.964143 0.000660  0.090045  0.000490  0.998044  0.061785  -0.009478  -0.061719  0.998068  0.007149  0.009901  -0.006550  0.999930  -0.003125  -0.007109  -0.000144  0.000000  0.000000  0.000000  2.000000  1.000000  0.000045  0.000049  -0.000045  1.000000  0.000002  -0.000049  -0.000002  1.000000  1.000000  0.000824  -0.000128  -0.000824  1.000000  -0.000113  0.000128  0.000113  1.000000  1.000000  0.000000  0.000000  0.000000  1.000000  0.000000  0.000000  0.000000  1.000000  1.000000  0.000045  0.000049  -0.000045  1.000000  0.000002  -0.000049  -0.000002  1.000000  0.000000  0.000000  
50.965144 0.000657  0.090037  0.000490  0.998044  0.061785  -0.009478  -0.061719  0.998068  0.007149  0.009901  -0.006550  0.999930  -0.003152  -0.007097  -0.000245  0.000000  0.000000  0.000000  2.000000  1.000000  0.000045  0.000049  -0.000045  1.000000  0.000002  -0.000049  -0.000002  1.000000  1.000000  0.000824  -0.000128  -0.000824  1.000000  -0.000113  0.000128  0.000113  1.000000  1.000000  0.000000  0.000000  0.000000  1.000000  0.000000  0.000000  0.000000  1.000000  1.000000  0.000045  0.000049  -0.000045  1.000000  0.000002  -0.000049  -0.000002  1.000000  0.000000  0.000000  
50.966396 0.000654  0.090029  0.000489  0.998044  0.061785  -0.009478  -0.061719  0.998068  0.007149  0.009901  -0.006550  0.999930  -0.003150  -0.007053  -0.000298  0.000000  0.000000  0.000000  2.000000  1.000000  0.000045  0.000049  -0.000045  1.000000  0.000002  -0.000049  -0.000002  1.000000  1.000000  0.000618  -0.000130  -0.000618  1.000000  -0.000115  0.000130  0.000115  1.000000  1.000000  0.000000  0.000000  0.000000  1.000000  0.000000  0.000000  0.000000  1.000000  1.000000  0.000045  0.000049  -0.000045  1.000000  0.000002  -0.000049  -0.000002  1.000000  0.000000  0.000000  
50.967644 0.000651  0.090021  0.000488  0.998044  0.061785  -0.009478  -0.061719  0.998068  0.007149  0.009901  -0.006550  0.999930  -0.003095  -0.006994  -0.000363  0.000000  0.000000  0.000000  2.000000  1.000000  0.000045  0.000049  -0.000045  1.000000  0.000002  -0.000049  -0.000002  1.000000  1.000000  0.000618  -0.000130  -0.000618  1.000000  -0.000115  0.000130  0.000115  1.000000  1.000000  0.000000  0.000000  0.000000  1.000000  0.000000  0.000000  0.000000  1.000000  1.000000  0.000045  0.000049  -0.000045  1.000000  0.000002  -0.000049  -0.000002  1.000000  0.000000  0.000000  
50.968647 0.000648  0.090014  0.000487  0.998044  0.061785  -0.009478  -0.061719  0.998068  0.007149  0.009901  -0.006550  0.999930  -0.003102  -0.006981  -0.000406  0.000000  0.000000  0.000000  2.000000  1.000000  0.000045  0.000049  -0.000045  1.000000  0.000002  -0.000049  -0.000002  1.000000  1.000000  0.000618  -0.000130  -0.000618  1.000000  -0.000115  0.000130  0.000115  1.000000  1.000000  0.000000  0.000000  0.000000  1.000000  0.000000  0.000000  0.000000  1.000000  1.000000  0.000045  0.000049  -0.000045  1.000000  0.000002  -0.000049  -0.000002  1.000000  0.000000  0.000000  
50.969654 0.000646  0.090008  0.000487  0.998044  0.061785  -0.009478  -0.061719  0.998068  0.007149  0.009901  -0.006550  0.999930  -0.003042  -0.006960  -0.000448  0.000000  0.000000  0.000000  2.000000  1.000000  0.000045  0.000049  -0.000045  1.000000  0.000002  -0.000049  -0.000002  1.000000  1.000000  0.000618  -0.000130  -0.000618  1.000000  -0.000115  0.000130  0.000115  1.000000  1.000000  0.000000  0.000000  0.000000  1.000000  0.000000  0.000000  0.000000  1.000000  1.000000  0.000045  0.000049  -0.000045  1.000000  0.000002  -0.000049  -0.000002  1.000000  0.000000  0.000000  
50.970889 0.000644  0.090000  0.000486  0.998044  0.061785  -0.009478  -0.061719  0.998068  0.007149  0.009901  -0.006550  0.999930  -0.002899  -0.006895  -0.000481  0.000000  0.000000  0.000000  2.000000  1.000000  0.000045  0.000049  -0.000045  1.000000  0.000002  -0.000049  -0.000002  1.000000  1.000000  0.000618  -0.000130  -0.000618  1.000000  0.000006  0.000130  -0.000006  1.000000  1.000000  0.000000  0.000000  0.000000  1.000000  0.000000  0.000000  0.000000  1.000000  1.000000  0.000045  0.000049  -0.000045  1.000000  0.000002  -0.000049  -0.000002  1.000000  0.000000  0.000000  
50.971894 0.000643  0.089994  0.000485  0.998044  0.061787  -0.009470  -0.061719  0.998067  0.007270  0.009901  -0.006671  0.999929  -0.002789  -0.006805  -0.000494  0.000000  0.000000  0.000000  2.000000  1.000000  0.000045  0.000049  -0.000045  1.000000  0.000002  -0.000049  -0.000002  1.000000  1.000000  0.000413  -0.000131  -0.000413  1.000000  0.000004  0.000131  -0.000004  1.000000  1.000000  0.000000  0.000000  0.000000  1.000000  0.000000  0.000000  0.000000  1.000000  1.000000  0.000045  0.000049  -0.000045  1.000000  0.000002  -0.000049  -0.000002  1.000000  0.000000  0.000000  
50.972896 0.000641  0.089988  0.000485  0.998044  0.061787  -0.009470  -0.061719  0.998067  0.007270  0.009901  -0.006671  0.999929  -0.002643  -0.006701  -0.000479  0.000000  0.000000  0.000000  2.000000  1.000000  0.000045  0.000049  -0.000045  1.000000  0.000002  -0.000049  -0.000002  1.000000  1.000000  0.000413  -0.000131  -0.000413  1.000000  0.000125  0.000131  -0.000125  1.000000  1.000000  0.000000  0.000000  0.000000  1.000000  0.000000  0.000000  0.000000  1.000000  1.000000  0.000045  0.000049  -0.000045  1.000000  0.000002  -0.000049  -0.000002  1.000000  0.000000  0.000000  
50.974149 0.000640  0.089981  0.000484  0.998044  0.061787  -0.009470  -0.061719  0.998067  0.007270  0.009901  -0.006671  0.999929  -0.002441  -0.006605  -0.000461  0.000000  0.000000  0.000000  2.000000  1.000000  0.000045  0.000049  -0.000045  1.000000  0.000002  -0.000049  -0.000002  1.000000  1.000000  0.000413  -0.000131  -0.000413  1.000000  0.000125  0.000131  -0.000125  1.000000  1.000000  0.000000  0.000000  0.000000  1.000000  0.000000  0.000000  0.000000  1.000000  1.000000  0.000045  0.000049  -0.000045  1.000000  0.000002  -0.000049  -0.000002  1.000000  0.000000  0.000000  
50.975150 0.000639  0.089974  0.000483  0.998046  0.061786  -0.009337  -0.061719  0.998067  0.007261  0.009767  -0.006671  0.999930  -0.002292  -0.006540  -0.000527  0.000000  0.000000  0.000000  2.000000  1.000000  0.000045  0.000049  -0.000045  1.000000  0.000002  -0.000049  -0.000002  1.000000  1.000000  0.000412  0.000003  -0.000412  1.000000  0.000125  -0.000003  -0.000125  1.000000  1.000000  0.000000  0.000000  0.000000  1.000000  0.000000  0.000000  0.000000  1.000000  1.000000  0.000045  0.000049  -0.000045  1.000000  0.000002  -0.000049  -0.000002  1.000000  0.000000  0.000000  
50.976393 0.000637  0.089967  0.000483  0.998046  0.061786  -0.009337  -0.061719  0.998067  0.007261  0.009767  -0.006671  0.999930  -0.002135  -0.006465  -0.000539  0.000000  0.000000  0.000000  2.000000  1.000000  0.000045  0.000049  -0.000045  1.000000  0.000002  -0.000049  -0.000002  1.000000  1.000000  0.000206  0.000001  -0.000206  1.000000  0.000123  -0.000001  -0.000123  1.000000  1.000000  0.000000  0.000000  0.000000  1.000000  0.000000  0.000000  0.000000  1.000000  1.000000  0.000045  0.000049  -0.000045  1.000000  0.000002  -0.000049  -0.000002  1.000000  0.000000  0.000000  
50.977395 0.000636  0.089961  0.000482  0.998046  0.061786  -0.009337  -0.061719  0.998067  0.007261  0.009767  -0.006671  0.999930  -0.002047  -0.006422  -0.000561  0.000000  0.000000  0.000000  2.000000  1.000000  0.000045  0.000049  -0.000045  1.000000  0.000002  -0.000049  -0.000002  1.000000  1.000000  0.000206  0.000001  -0.000206  1.000000  0.000123  -0.000001  -0.000123  1.000000  1.000000  0.000000  0.000000  0.000000  1.000000  0.000000  0.000000  0.000000  1.000000  1.000000  0.000045  0.000049  -0.000045  1.000000  0.000002  -0.000049  -0.000002  1.000000  0.000000  0.000000  
50.978651 0.000635  0.089954  0.000482  0.998033  0.061991  -0.009335  -0.061925  0.998054  0.007263  0.009767  -0.006671  0.999930  -0.001799  -0.006266  -0.000569  0.000000  0.000000  0.000000  2.000000  1.000000  0.000045  0.000049  -0.000045  1.000000  0.000002  -0.000049  -0.000002  1.000000  1.000000  0.000412  0.000003  -0.000412  1.000000  0.000125  -0.000003  -0.000125  1.000000  1.000000  0.000000  0.000000  0.000000  1.000000  0.000000  0.000000  0.000000  1.000000  1.000000  0.000045  0.000049  -0.000045  1.000000  0.000002  -0.000049  -0.000002  1.000000  0.000000  0.000000  
50.979894 0.000633  0.089947  0.000482  0.998033  0.061991  -0.009335  -0.061925  0.998054  0.007263  0.009767  -0.006671  0.999930  -0.001619  -0.006147  -0.000532  0.000000  0.000000  0.000000  2.000000  1.000000  0.000045  0.000049  -0.000045  1.000000  0.000002  -0.000049  -0.000002  1.000000  1.000000  0.000206  0.000001  -0.000206  1.000000  0.000123  -0.000001  -0.000123  1.000000  1.000000  0.000000  0.000000  0.000000  1.000000  0.000000  0.000000  0.000000  1.000000  1.000000  0.000045  0.000049  -0.000045  1.000000  0.000002  -0.000049  -0.000002  1.000000  0.000000  0.000000  
50.980894 0.000633  0.089942  0.000482  0.998033  0.061991  -0.009335  -0.061925  0.998054  0.007263  0.009767  -0.006671  0.999930  -0.001482  -0.006045  -0.000484  0.000000  0.000000  0.000000  2.000000  1.000000  0.000045  0.000049  -0.000045  1.000000  0.000002  -0.000049  -0.000002  1.000000  1.000000  0.000206  0.000001  -0.000206  1.000000  0.000123  -0.000001  -0.000123  1.000000  1.000000  0.000000  0.000000  0.000000  1.000000  0.000000  0.000000  0.000000  1.000000  1.000000  0.000045  0.000049  -0.000045  1.000000  0.000002  -0.000049  -0.000002  1.000000  0.000000  0.000000  
50.982143 0.000631  0.089935  0.000482  0.998033  0.061991  -0.009335  -0.061925  0.998054  0.007263  0.009767  -0.006671  0.999930  -0.001360  -0.005942  -0.000404  0.000000  0.000000  0.000000  2.000000  1.000000  0.000045  0.000049  -0.000045  1.000000  0.000002  -0.000049  -0.000002  1.000000  1.000000  0.000206  0.000001  -0.000206  1.000000  0.000123  -0.000001  -0.000123  1.000000  1.000000  0.000000  0.000000  0.000000  1.000000  0.000000  0.000000  0.000000  1.000000  1.000000  0.000045  0.000049  -0.000045  1.000000  0.000002  -0.000049  -0.000002  1.000000  0.000000  0.000000  
