1-Time 2-Px 3-Py 4-Pz 5-R11 6-R21 7-R31 8-R12 9-R22 10-R32 11-R13 12-R23 13-R33 14-Vx 15-Vy 16-Vz 17-Wx 18-Wy 19-Wz 20-state 21-PR11 22-PR21 23-PR31 24-PR12 25-PR22 26-PR32 27-PR13 28-PR23 29-PR33 
178.159002 0.015909  0.102212  -0.012061  0.999412  0.028612  0.018893  -0.020578  0.059793  0.997999  0.027425  -0.997801  0.060346  -0.000538  -0.000651  -0.000660  0.000000  0.000000  0.000000  2.000000  1.000000  0.000000  0.000000  0.000000  -0.000000  1.000000  0.000000  -1.000000  -0.000000  1.000000  0.000134  -0.000008  -0.000134  1.000000  -0.000364  0.000008  0.000364  1.000000  1.000000  0.000000  0.000000  0.000000  1.000000  0.000000  0.000000  0.000000  1.000000  0.625052  0.348058  0.698689  -0.701526  -0.142035  0.698346  0.342304  -0.926651  0.155392  0.000000  0.000000  
178.160004 0.015909  0.102211  -0.012063  0.999412  0.028612  0.018893  -0.020578  0.059793  0.997999  0.027425  -0.997801  0.060346  -0.000496  -0.000622  -0.000675  0.000000  0.000000  0.000000  2.000000  1.000000  0.000000  0.000000  0.000000  -0.000000  1.000000  0.000000  -1.000000  -0.000000  1.000000  0.000134  -0.000008  -0.000134  1.000000  -0.000364  0.000008  0.000364  1.000000  1.000000  0.000000  0.000000  0.000000  1.000000  0.000000  0.000000  0.000000  1.000000  1.000000  0.000000  0.000000  0.000000  -0.000000  1.000000  0.000000  -1.000000  -0.000000  0.000000  0.000000  
178.161004 0.015910  0.102211  -0.012066  0.999411  0.028491  0.019106  -0.020784  0.059790  0.997995  0.027292  -0.997804  0.060347  -0.000356  -0.000577  -0.000897  0.000000  0.000000  0.000000  2.000000  1.000000  0.000000  0.000000  0.000000  -0.000000  1.000000  0.000000  -1.000000  -0.000000  1.000000  0.000146  0.000197  -0.000146  1.000000  -0.000358  -0.000197  0.000358  1.000000  1.000000  0.000000  0.000000  0.000000  1.000000  0.000000  0.000000  0.000000  1.000000  1.000000  0.000000  0.000000  0.000000  -0.000000  1.000000  0.000000  -1.000000  -0.000000  0.000000  0.000000  
178.162253 0.015915  0.102213  -0.012074  0.999407  0.028506  0.019308  -0.020989  0.059905  0.997983  0.027292  -0.997797  0.060468  -0.000017  -0.000423  -0.001293  0.000000  0.000000  0.000000  2.000000  1.000000  0.000000  0.000000  0.000000  -0.000000  1.000000  0.000000  -1.000000  -0.000000  1.000000  0.000025  0.000411  -0.000025  1.000000  -0.000474  -0.000411  0.000474  1.000000  1.000000  0.000000  0.000000  0.000000  1.000000  0.000000  0.000000  0.000000  1.000000  1.000000  0.000000  0.000000  0.000000  -0.000000  1.000000  0.000000  -1.000000  -0.000000  0.000000  0.000000  
178.163503 0.015919  0.102214  -0.012081  0.999411  0.028375  0.019313  -0.020990  0.060029  0.997976  0.027158  -0.997793  0.060589  0.000334  -0.000271  -0.001727  0.000000  0.000000  0.000000  2.000000  1.000000  0.000000  0.000000  0.000000  -0.000000  1.000000  0.000000  -1.000000  -0.000000  1.000000  -0.000109  0.000419  0.000109  1.000000  -0.000474  -0.000419  0.000474  1.000000  1.000000  0.000000  0.000000  0.000000  1.000000  0.000000  0.000000  0.000000  1.000000  1.000000  0.000000  0.000000  0.000000  -0.000000  1.000000  0.000000  -1.000000  -0.000000  0.000000  0.000000  
178.164753 0.015925  0.102216  -0.012089  0.999410  0.028253  0.019527  -0.021195  0.060026  0.997972  0.027024  -0.997797  0.060589  0.000761  -0.000121  -0.002244  0.000000  0.000000  0.000000  2.000000  1.000000  0.000000  0.000000  0.000000  -0.000000  1.000000  0.000000  -1.000000  -0.000000  1.000000  -0.000230  0.000632  0.000230  1.000000  -0.000468  -0.000632  0.000468  1.000000  1.000000  0.000000  0.000000  0.000000  1.000000  0.000000  0.000000  0.000000  1.000000  1.000000  0.000000  0.000000  0.000000  -0.000000  1.000000  0.000000  -1.000000  -0.000000  0.000000  0.000000  
178.166003 0.015933  0.102218  -0.012097  0.999410  0.028256  0.019523  -0.021195  0.060147  0.997964  0.027024  -0.997790  0.060710  0.001342  0.000126  -0.002734  0.000000  0.000000  0.000000  2.000000  1.000000  0.000000  0.000000  0.000000  -0.000000  1.000000  0.000000  -1.000000  -0.000000  1.000000  -0.000230  0.000632  0.000230  1.000000  -0.000590  -0.000632  0.000590  1.000000  1.000000  0.000000  0.000000  0.000000  1.000000  0.000000  0.000000  0.000000  1.000000  1.000000  0.000000  0.000000  0.000000  -0.000000  1.000000  0.000000  -1.000000  -0.000000  0.000000  0.000000  
178.167253 0.015942  0.102221  -0.012105  0.999402  0.028404  0.019717  -0.021401  0.060259  0.997953  0.027158  -0.997779  0.060831  0.002017  0.000406  -0.003244  0.000000  0.000000  0.000000  2.000000  1.000000  0.000000  0.000000  0.000000  -0.000000  1.000000  0.000000  -1.000000  -0.000000  1.000000  -0.000217  0.000838  0.000218  1.000000  -0.000705  -0.000838  0.000706  0.999999  1.000000  0.000000  0.000000  0.000000  1.000000  0.000000  0.000000  0.000000  1.000000  1.000000  0.000000  0.000000  0.000000  -0.000000  1.000000  0.000000  -1.000000  -0.000000  0.000000  0.000000  
178.168254 0.015949  0.102223  -0.012113  0.999398  0.028419  0.019919  -0.021607  0.060374  0.997942  0.027158  -0.997771  0.060952  0.002451  0.000470  -0.003711  0.000000  0.000000  0.000000  2.000000  1.000000  0.000000  0.000000  0.000000  -0.000000  1.000000  0.000000  -1.000000  -0.000000  0.999999  -0.000204  0.001043  0.000205  1.000000  -0.000821  -0.001043  0.000821  0.999999  1.000000  0.000000  0.000000  0.000000  1.000000  0.000000  0.000000  0.000000  1.000000  1.000000  0.000000  0.000000  0.000000  -0.000000  1.000000  0.000000  -1.000000  -0.000000  0.000000  0.000000  
178.169503 0.015957  0.102224  -0.012123  0.999397  0.028300  0.020129  -0.021813  0.060492  0.997930  0.027024  -0.997767  0.061073  0.003130  0.000644  -0.004311  0.000000  0.000000  0.000000  2.000000  1.000000  0.000000  0.000000  0.000000  -0.000000  1.000000  0.000000  -1.000000  -0.000000  0.999999  -0.000325  0.001257  0.000326  1.000000  -0.000937  -0.001257  0.000937  0.999999  1.000000  0.000000  0.000000  0.000000  1.000000  0.000000  0.000000  0.000000  1.000000  1.000000  0.000000  0.000000  0.000000  -0.000000  1.000000  0.000000  -1.000000  -0.000000  0.000000  0.000000  
178.170504 0.015964  0.102224  -0.012131  0.999397  0.028303  0.020126  -0.021813  0.060614  0.997923  0.027024  -0.997760  0.061194  0.003656  0.000720  -0.004842  0.000000  0.000000  0.000000  2.000000  1.000000  0.000000  0.000000  0.000000  -0.000000  1.000000  0.000000  -1.000000  -0.000000  0.999999  -0.000325  0.001257  0.000326  0.999999  -0.001058  -0.001257  0.001058  0.999999  1.000000  0.000000  0.000000  0.000000  1.000000  0.000000  0.000000  0.000000  1.000000  1.000000  0.000000  0.000000  0.000000  -0.000000  1.000000  0.000000  -1.000000  -0.000000  0.000000  0.000000  
178.171758 0.015974  0.102225  -0.012142  0.999392  0.028320  0.020324  -0.022018  0.060850  0.997904  0.027024  -0.997745  0.061436  0.004354  0.000850  -0.005526  0.000000  0.000000  0.000000  2.000000  1.000000  0.000000  0.000000  0.000000  -0.000000  1.000000  0.000000  -1.000000  -0.000000  0.999999  -0.000312  0.001463  0.000314  0.999999  -0.001174  -0.001462  0.001174  0.999998  1.000000  0.000000  0.000000  0.000000  1.000000  0.000000  0.000000  0.000000  1.000000  1.000000  0.000000  0.000000  0.000000  -0.000000  1.000000  0.000000  -1.000000  -0.000000  0.000000  0.000000  
178.173005 0.015985  0.102227  -0.012154  0.999391  0.028204  0.020531  -0.022224  0.061089  0.997885  0.026890  -0.997734  0.061679  0.005155  0.001033  -0.006314  0.000000  0.000000  0.000000  2.000000  1.000000  0.000000  0.000000  0.000000  -0.000000  1.000000  0.000000  -1.000000  -0.000000  0.999999  -0.000433  0.001676  0.000435  0.999999  -0.001289  -0.001676  0.001290  0.999998  1.000000  0.000000  0.000000  0.000000  1.000000  0.000000  0.000000  0.000000  1.000000  1.000000  0.000000  0.000000  0.000000  -0.000000  1.000000  0.000000  -1.000000  -0.000000  0.000000  0.000000  
178.174259 0.015997  0.102231  -0.012167  0.999387  0.028222  0.020730  -0.022430  0.061325  0.997866  0.026890  -0.997719  0.061921  0.006007  0.001328  -0.007116  0.000000  0.000000  0.000000  2.000000  1.000000  0.000000  0.000000  0.000000  -0.000000  1.000000  0.000000  -1.000000  -0.000000  0.999998  -0.000419  0.001882  0.000423  0.999999  -0.001647  -0.001881  0.001648  0.999997  1.000000  0.000000  0.000000  0.000000  1.000000  0.000000  0.000000  0.000000  1.000000  1.000000  0.000000  0.000000  0.000000  -0.000000  1.000000  0.000000  -1.000000  -0.000000  0.000000  0.000000  
178.175262 0.016007  0.102234  -0.012178  0.999382  0.028239  0.020928  -0.022636  0.061562  0.997847  0.026890  -0.997704  0.062163  0.006661  0.001574  -0.007687  0.000000  0.000000  0.000000  2.000000  1.000000  0.000000  0.000000  0.000000  -0.000000  1.000000  0.000000  -1.000000  -0.000000  0.999998  -0.000406  0.002087  0.000410  0.999998  -0.001763  -0.002086  0.001764  0.999996  1.000000  0.000000  0.000000  0.000000  1.000000  0.000000  0.000000  0.000000  1.000000  1.000000  0.000000  0.000000  0.000000  -0.000000  1.000000  0.000000  -1.000000  -0.000000  0.000000  0.000000  
178.176507 0.016021  0.102240  -0.012192  0.999382  0.028245  0.020921  -0.022636  0.061804  0.997832  0.026890  -0.997689  0.062405  0.007367  0.001909  -0.008226  0.000000  0.000000  0.000000  2.000000  1.000000  0.000000  0.000000  0.000000  -0.000000  1.000000  0.000000  -1.000000  -0.000000  0.999998  -0.000406  0.002087  0.000410  0.999998  -0.002127  -0.002086  0.002128  0.999996  1.000000  0.000000  0.000000  0.000000  1.000000  0.000000  0.000000  0.000000  1.000000  1.000000  0.000000  0.000000  0.000000  -0.000000  1.000000  0.000000  -1.000000  -0.000000  0.000000  0.000000  
178.177753 0.016036  0.102248  -0.012207  0.999377  0.028265  0.021117  -0.022841  0.062161  0.997805  0.026890  -0.997666  0.062768  0.008068  0.002330  -0.008722  0.000000  0.000000  0.000000  2.000000  1.000000  0.000000  0.000000  0.000000  -0.000000  1.000000  0.000000  -1.000000  -0.000000  0.999997  -0.000392  0.002293  0.000398  0.999997  -0.002364  -0.002292  0.002365  0.999995  1.000000  0.000000  0.000000  0.000000  1.000000  0.000000  0.000000  0.000000  1.000000  1.000000  0.000000  0.000000  0.000000  -0.000000  1.000000  0.000000  -1.000000  -0.000000  0.000000  0.000000  
178.178754 0.016048  0.102253  -0.012219  0.999373  0.028283  0.021315  -0.023047  0.062397  0.997785  0.026890  -0.997651  0.063010  0.008586  0.002577  -0.009172  0.000000  0.000000  0.000000  2.000000  1.000000  0.000000  0.000000  0.000000  -0.000000  1.000000  0.000000  -1.000000  -0.000000  0.999997  -0.000379  0.002498  0.000385  0.999997  -0.002601  -0.002497  0.002602  0.999993  1.000000  0.000000  0.000000  0.000000  1.000000  0.000000  0.000000  0.000000  1.000000  1.000000  0.000000  0.000000  0.000000  -0.000000  1.000000  0.000000  -1.000000  -0.000000  0.000000  0.000000  
178.179757 0.016060  0.102259  -0.012232  0.999368  0.028304  0.021510  -0.023253  0.062754  0.997758  0.026890  -0.997628  0.063373  0.009105  0.002905  -0.009613  0.000000  0.000000  0.000000  2.000000  1.000000  0.000000  0.000000  0.000000  -0.000000  1.000000  0.000000  -1.000000  -0.000000  0.999996  -0.000365  0.002704  0.000373  0.999996  -0.002838  -0.002703  0.002839  0.999992  1.000000  0.000000  0.000000  0.000000  1.000000  0.000000  0.000000  0.000000  1.000000  1.000000  0.000000  0.000000  0.000000  -0.000000  1.000000  0.000000  -1.000000  -0.000000  0.000000  0.000000  
178.181006 0.016076  0.102266  -0.012251  0.999367  0.028191  0.021714  -0.023459  0.063115  0.997731  0.026757  -0.997608  0.063736  0.009636  0.003237  -0.010357  0.000000  0.000000  0.000000  2.000000  1.000000  0.000000  0.000000  0.000000  -0.000000  1.000000  0.000000  -1.000000  -0.000000  0.999997  -0.000511  0.002507  0.000519  0.999995  -0.003207  -0.002505  0.003209  0.999992  1.000000  0.000000  0.000000  0.000000  1.000000  0.000000  0.000000  0.000000  1.000000  1.000000  0.000000  0.000000  0.000000  -0.000000  1.000000  0.000000  -1.000000  -0.000000  0.000000  0.000000  
178.182007 0.016088  0.102272  -0.012266  0.999367  0.028196  0.021707  -0.023459  0.063357  0.997715  0.026757  -0.997593  0.063978  0.009949  0.003427  -0.010896  0.000000  0.000000  0.000000  2.000000  1.000000  0.000000  0.000000  0.000000  -0.000000  1.000000  0.000000  -1.000000  -0.000000  0.999996  -0.000363  0.002704  0.000372  0.999994  -0.003445  -0.002703  0.003446  0.999990  1.000000  0.000000  0.000000  0.000000  1.000000  0.000000  0.000000  0.000000  1.000000  1.000000  0.000000  0.000000  0.000000  -0.000000  1.000000  0.000000  -1.000000  -0.000000  0.000000  0.000000  
178.183259 0.016103  0.102278  -0.012288  0.999362  0.028220  0.021899  -0.023664  0.063835  0.997680  0.026757  -0.997561  0.064462  0.010318  0.003708  -0.011696  0.000000  0.000000  0.000000  2.000000  1.000000  0.000000  0.000000  0.000000  -0.000000  1.000000  0.000000  -1.000000  -0.000000  0.999996  -0.000228  0.002696  0.000239  0.999993  -0.003809  -0.002695  0.003810  0.999989  1.000000  0.000000  0.000000  0.000000  1.000000  0.000000  0.000000  0.000000  1.000000  1.000000  0.000000  0.000000  0.000000  -0.000000  1.000000  0.000000  -1.000000  -0.000000  0.000000  0.000000  
178.184502 0.016117  0.102283  -0.012311  0.999361  0.028108  0.022103  -0.023870  0.064195  0.997652  0.026623  -0.997541  0.064825  0.010676  0.003943  -0.012543  0.000000  0.000000  0.000000  2.000000  1.000000  0.000000  0.000000  0.000000  -0.000000  1.000000  0.000000  -1.000000  -0.000000  0.999996  -0.000361  0.002704  0.000372  0.999992  -0.004052  -0.002703  0.004053  0.999988  1.000000  0.000000  0.000000  0.000000  1.000000  0.000000  0.000000  0.000000  1.000000  1.000000  0.000000  0.000000  0.000000  -0.000000  1.000000  0.000000  -1.000000  -0.000000  0.000000  0.000000  
178.185503 0.016128  0.102286  -0.012330  0.999356  0.028129  0.022298  -0.024076  0.064553  0.997624  0.026623  -0.997518  0.065188  0.010930  0.004109  -0.013278  0.000000  0.000000  0.000000  2.000000  1.000000  0.000000  0.000000  0.000000  -0.000000  1.000000  0.000000  -1.000000  -0.000000  0.999996  -0.000227  0.002696  0.000238  0.999991  -0.004295  -0.002695  0.004295  0.999987  1.000000  0.000000  0.000000  0.000000  1.000000  0.000000  0.000000  0.000000  1.000000  1.000000  0.000000  0.000000  0.000000  -0.000000  1.000000  0.000000  -1.000000  -0.000000  0.000000  0.000000  
178.186508 0.016140  0.102289  -0.012350  0.999356  0.028134  0.022291  -0.024076  0.064795  0.997608  0.026623  -0.997502  0.065430  0.011233  0.004326  -0.014078  -0.172115  -0.119043  -0.019537  2.000000  1.000000  0.000000  0.000000  0.000000  -0.000000  1.000000  0.000000  -1.000000  -0.000000  0.999996  -0.000212  0.002901  0.000226  0.999989  -0.004653  -0.002900  0.004654  0.999985  1.000000  0.000000  0.000000  0.000000  1.000000  0.000000  0.000000  0.000000  1.000000  1.000000  0.000000  0.000000  0.000000  -0.000000  1.000000  0.000000  -1.000000  -0.000000  0.000053  0.000000  
178.187753 0.016154  0.102293  -0.012374  0.999351  0.028156  0.022486  -0.024282  0.065152  0.997580  0.026623  -0.997478  0.065793  0.011462  0.004487  -0.014901  -0.184161  -0.125952  -0.019080  2.000000  1.000000  0.000000  0.000000  0.000000  -0.000000  1.000000  0.000000  -1.000000  -0.000000  0.999996  -0.000345  0.002910  0.000358  0.999989  -0.004774  -0.002908  0.004775  0.999984  1.000000  0.000000  0.000000  0.000000  1.000000  0.000000  0.000000  0.000000  1.000000  1.000000  0.000000  0.000000  0.000000  -0.000000  1.000000  0.000000  -1.000000  -0.000000  0.000056  0.000000  
178.189004 0.016169  0.102298  -0.012398  0.999337  0.028325  0.022878  -0.024693  0.065500  0.997547  0.026757  -0.997450  0.066156  0.011632  0.004569  -0.015583  -0.191958  -0.139497  -0.013688  2.000000  1.000000  -0.000009  0.000073  -0.000073  0.000125  1.000000  -0.000009  -1.000000  0.000125  0.999996  -0.000343  0.002910  0.000358  0.999987  -0.005016  -0.002908  0.005017  0.999983  1.000000  -0.000004  0.000036  0.000004  1.000000  -0.000063  -0.000036  0.000063  1.000000  1.000000  -0.000009  0.000073  -0.000073  0.000125  1.000000  -0.000009  -1.000000  0.000125  0.000059  0.005810  
178.190022 0.016181  0.102301  -0.012417  0.999337  0.028333  0.022867  -0.024693  0.065863  0.997523  0.026757  -0.997426  0.066519  0.011751  0.004528  -0.016153  -0.204051  -0.139405  -0.013653  2.000000  1.000000  -0.000014  0.000220  -0.000220  0.000381  1.000000  -0.000014  -1.000000  0.000381  0.999996  -0.000076  0.002893  0.000091  0.999987  -0.005138  -0.002892  0.005138  0.999983  1.000000  -0.000001  0.000036  0.000001  1.000000  -0.000064  -0.000036  0.000064  1.000000  1.000000  -0.000014  0.000220  -0.000220  0.000381  1.000000  -0.000014  -1.000000  0.000381  0.000061  0.005897  
178.191254 0.016197  0.102306  -0.012441  0.999327  0.028368  0.023268  -0.025105  0.066214  0.997490  0.026757  -0.997402  0.066882  0.011907  0.004504  -0.016890  -0.212158  -0.146114  -0.008700  2.000000  1.000000  -0.000018  0.000370  -0.000370  0.000650  1.000000  -0.000018  -1.000000  0.000650  0.999996  -0.000075  0.002893  0.000090  0.999986  -0.005381  -0.002892  0.005381  0.999981  1.000000  -0.000001  0.000036  0.000001  1.000000  -0.000067  -0.000036  0.000067  1.000000  1.000000  -0.000018  0.000370  -0.000370  0.000650  1.000000  -0.000018  -1.000000  0.000650  0.000063  0.006110  
178.192507 0.016214  0.102313  -0.012465  0.999318  0.028524  0.023454  -0.025310  0.066568  0.997461  0.026890  -0.997374  0.067245  0.012052  0.004427  -0.017524  -0.222537  -0.144631  -0.004151  2.000000  1.000000  -0.000017  0.000561  -0.000560  0.000998  0.999999  -0.000018  -1.000000  0.000998  0.999996  0.000194  0.002875  -0.000177  0.999983  -0.005745  -0.002876  0.005744  0.999979  1.000000  0.000002  0.000036  -0.000002  1.000000  -0.000072  -0.000036  0.000072  1.000000  1.000000  -0.000017  0.000561  -0.000560  0.000998  0.999999  -0.000018  -1.000000  0.000998  0.000066  0.006427  
178.193760 0.016231  0.102319  -0.012489  0.999313  0.028549  0.023645  -0.025516  0.067046  0.997424  0.026890  -0.997341  0.067729  0.012200  0.004394  -0.018032  -0.236600  -0.145529  0.000347  2.000000  1.000000  -0.000005  0.000753  -0.000753  0.001358  0.999999  -0.000006  -0.999999  0.001358  0.999995  0.000209  0.003080  -0.000191  0.999983  -0.005861  -0.003081  0.005860  0.999978  1.000000  0.000002  0.000039  -0.000002  1.000000  -0.000073  -0.000039  0.000073  1.000000  1.000000  -0.000005  0.000753  -0.000753  0.001358  0.999999  -0.000006  -0.999999  0.001358  0.000069  0.006624  
178.195009 0.016248  0.102325  -0.012513  0.999311  0.028441  0.023846  -0.025722  0.067528  0.997386  0.026757  -0.997312  0.068213  0.012314  0.004305  -0.018509  -0.248613  -0.152401  0.000837  2.000000  1.000000  0.000007  0.000948  -0.000948  0.001730  0.999998  0.000005  -0.999999  0.001730  0.999995  0.000077  0.003089  -0.000058  0.999982  -0.005982  -0.003089  0.005982  0.999977  1.000000  0.000001  0.000039  -0.000001  1.000000  -0.000075  -0.000039  0.000075  1.000000  1.000000  0.000007  0.000948  -0.000948  0.001730  0.999998  0.000005  -0.999999  0.001730  0.000072  0.006733  
178.196259 0.016264  0.102330  -0.012539  0.999300  0.028484  0.024239  -0.026133  0.068121  0.997335  0.026757  -0.997270  0.068818  0.012341  0.004098  -0.019012  -0.264785  -0.159334  0.001342  2.000000  0.999999  0.000012  0.001152  -0.001152  0.002118  0.999997  0.000010  -0.999998  0.002118  0.999995  0.000093  0.003294  -0.000072  0.999980  -0.006340  -0.003295  0.006340  0.999974  1.000000  0.000001  0.000041  -0.000001  1.000000  -0.000079  -0.000041  0.000079  1.000000  0.999999  0.000012  0.001152  -0.001152  0.002118  0.999997  0.000010  -0.999998  0.002118  0.000076  0.007146  
178.197264 0.016277  0.102334  -0.012560  0.999295  0.028510  0.024431  -0.026339  0.068599  0.997297  0.026757  -0.997237  0.069301  0.012401  0.004025  -0.019297  -0.276771  -0.166500  -0.002646  2.000000  0.999999  0.000017  0.001324  -0.001324  0.002440  0.999996  0.000014  -0.999997  0.002440  0.999994  0.000108  0.003499  -0.000085  0.999978  -0.006578  -0.003500  0.006577  0.999972  1.000000  0.000001  0.000044  -0.000001  1.000000  -0.000082  -0.000044  0.000082  1.000000  0.999999  0.000017  0.001324  -0.001324  0.002440  0.999996  0.000014  -0.999997  0.002440  0.000081  0.007451  
178.198500 0.016292  0.102338  -0.012588  0.999289  0.028536  0.024622  -0.026545  0.069077  0.997258  0.026757  -0.997203  0.069785  0.012446  0.003941  -0.019699  -0.290737  -0.165172  -0.002585  2.000000  0.999999  0.000023  0.001507  -0.001507  0.002775  0.999995  0.000019  -0.999996  0.002775  0.999993  0.000124  0.003705  -0.000100  0.999978  -0.006693  -0.003705  0.006693  0.999971  1.000000  0.000001  0.000046  -0.000001  1.000000  -0.000084  -0.000046  0.000084  1.000000  0.999999  0.000023  0.001507  -0.001507  0.002775  0.999995  0.000019  -0.999996  0.002775  0.000083  0.007651  
178.199507 0.016304  0.102340  -0.012610  0.999284  0.028559  0.024817  -0.026750  0.069434  0.997228  0.026757  -0.997178  0.070148  0.012509  0.003868  -0.019982  -0.297199  -0.166227  0.001931  2.000000  0.999999  0.000029  0.001689  -0.001689  0.003119  0.999994  0.000024  -0.999995  0.003119  0.999993  0.000126  0.003705  -0.000101  0.999976  -0.006936  -0.003705  0.006936  0.999969  1.000000  0.000001  0.000046  -0.000001  1.000000  -0.000087  -0.000046  0.000087  1.000000  0.999999  0.000029  0.001689  -0.001689  0.003119  0.999994  0.000024  -0.999995  0.003119  0.000086  0.007864  
178.200757 0.016317  0.102344  -0.012637  0.999269  0.028733  0.025204  -0.027162  0.069902  0.997184  0.026890  -0.997140  0.070632  0.012437  0.003842  -0.020139  -0.309240  -0.172836  0.006925  2.000000  0.999998  0.000040  0.001923  -0.001923  0.003555  0.999992  0.000034  -0.999994  0.003555  0.999992  0.000276  0.003900  -0.000249  0.999975  -0.007052  -0.003902  0.007051  0.999968  1.000000  0.000003  0.000049  -0.000003  1.000000  -0.000088  -0.000049  0.000088  1.000000  0.999998  0.000040  0.001923  -0.001923  0.003555  0.999992  0.000034  -0.999994  0.003555  0.000089  0.008063  
178.202003 0.016331  0.102347  -0.012665  0.999264  0.028760  0.025396  -0.027368  0.070380  0.997145  0.026890  -0.997106  0.071115  0.012386  0.003771  -0.020372  -0.318855  -0.171126  0.011371  2.000000  0.999998  0.000066  0.002166  -0.002167  0.003993  0.999990  0.000057  -0.999992  0.003993  0.999992  0.000411  0.003891  -0.000384  0.999975  -0.007052  -0.003894  0.007051  0.999968  1.000000  0.000005  0.000049  -0.000005  1.000000  -0.000088  -0.000049  0.000088  1.000000  0.999998  0.000066  0.002166  -0.002167  0.003993  0.999990  0.000057  -0.999992  0.003993  0.000090  0.008064  
178.203009 0.016342  0.102350  -0.012688  0.999252  0.028798  0.025796  -0.027779  0.070731  0.997109  0.026890  -0.997080  0.071478  0.012337  0.003715  -0.020555  -0.325399  -0.179448  0.011978  2.000000  0.999997  0.000087  0.002369  -0.002369  0.004347  0.999988  0.000077  -0.999991  0.004347  0.999992  0.000427  0.004096  -0.000398  0.999975  -0.007047  -0.004099  0.007045  0.999967  1.000000  0.000005  0.000051  -0.000005  1.000000  -0.000088  -0.000051  0.000088  1.000000  0.999997  0.000087  0.002369  -0.002369  0.004347  0.999988  0.000077  -0.999991  0.004347  0.000092  0.008161  
178.204253 0.016355  0.102353  -0.012717  0.999244  0.028707  0.026202  -0.028191  0.071207  0.997063  0.026757  -0.997048  0.071962  0.012210  0.003651  -0.020922  -0.330497  -0.191983  0.008414  2.000000  0.999997  0.000111  0.002633  -0.002633  0.004793  0.999985  0.000099  -0.999989  0.004793  0.999991  0.000310  0.004311  -0.000279  0.999974  -0.007163  -0.004313  0.007161  0.999965  1.000000  0.000004  0.000054  -0.000004  1.000000  -0.000090  -0.000054  0.000090  1.000000  0.999997  0.000111  0.002633  -0.002633  0.004793  0.999985  0.000099  -0.999989  0.004793  0.000094  0.008365  
178.205503 0.016368  0.102356  -0.012747  0.999233  0.028749  0.026599  -0.028602  0.071679  0.997018  0.026757  -0.997013  0.072446  0.012082  0.003528  -0.021358  -0.338363  -0.198803  0.008945  2.000000  0.999996  0.000140  0.002909  -0.002910  0.005243  0.999982  0.000125  -0.999986  0.005244  0.999990  0.000461  0.004506  -0.000428  0.999973  -0.007279  -0.004509  0.007277  0.999963  1.000000  0.000006  0.000056  -0.000006  1.000000  -0.000091  -0.000056  0.000091  1.000000  0.999996  0.000140  0.002909  -0.002910  0.005243  0.999982  0.000125  -0.999986  0.005244  0.000096  0.008573  
178.206515 0.016378  0.102359  -0.012771  0.999227  0.028773  0.026793  -0.028808  0.072036  0.996986  0.026757  -0.996987  0.072809  0.011829  0.003381  -0.021678  -0.341076  -0.200393  0.009090  2.000000  0.999995  0.000158  0.003086  -0.003087  0.005518  0.999980  0.000141  -0.999985  0.005518  0.999989  0.000477  0.004711  -0.000442  0.999973  -0.007395  -0.004715  0.007393  0.999962  1.000000  0.000006  0.000059  -0.000006  1.000000  -0.000092  -0.000059  0.000092  1.000000  0.999995  0.000158  0.003086  -0.003087  0.005518  0.999980  0.000141  -0.999985  0.005518  0.000099  0.008780  
178.207755 0.016391  0.102362  -0.012802  0.999209  0.028831  0.027395  -0.029425  0.072502  0.996934  0.026757  -0.996951  0.073293  0.011613  0.003197  -0.022175  -0.344722  -0.221170  0.010592  2.000000  0.999994  0.000183  0.003332  -0.003333  0.005892  0.999977  0.000163  -0.999983  0.005892  0.999988  0.000495  0.004916  -0.000458  0.999972  -0.007511  -0.004920  0.007509  0.999960  1.000000  0.000006  0.000061  -0.000006  1.000000  -0.000094  -0.000061  0.000094  1.000000  0.999994  0.000183  0.003332  -0.003333  0.005892  0.999977  0.000163  -0.999983  0.005892  0.000102  0.008989  
178.208756 0.016402  0.102365  -0.012827  0.999203  0.028856  0.027590  -0.029630  0.072858  0.996902  0.026757  -0.996925  0.073655  0.011399  0.003066  -0.022526  -0.348799  -0.221166  0.010659  2.000000  0.999994  0.000209  0.003590  -0.003592  0.006274  0.999974  0.000187  -0.999980  0.006275  0.999986  0.000527  0.005326  -0.000486  0.999970  -0.007743  -0.005330  0.007740  0.999956  1.000000  0.000006  0.000067  -0.000006  1.000000  -0.000097  -0.000067  0.000097  1.000000  0.999994  0.000209  0.003590  -0.003592  0.006274  0.999974  0.000187  -0.999980  0.006275  0.000103  0.009412  
178.209756 0.016412  0.102367  -0.012851  0.999190  0.028900  0.027986  -0.030042  0.073330  0.996855  0.026757  -0.996889  0.074139  0.011155  0.002859  -0.022967  -0.353787  -0.226158  0.011122  2.000000  0.999993  0.000236  0.003857  -0.003858  0.006660  0.999970  0.000210  -0.999978  0.006660  0.999985  0.000544  0.005531  -0.000502  0.999970  -0.007737  -0.005535  0.007734  0.999955  1.000000  0.000007  0.000069  -0.000007  1.000000  -0.000097  -0.000069  0.000097  1.000000  0.999993  0.000236  0.003857  -0.003858  0.006660  0.999970  0.000210  -0.999978  0.006660  0.000105  0.009526  
178.211010 0.016425  0.102369  -0.012881  0.999178  0.028944  0.028383  -0.030453  0.073802  0.996808  0.026757  -0.996853  0.074623  0.010886  0.002676  -0.023226  -0.356529  -0.234603  0.016289  2.000000  0.999991  0.000262  0.004201  -0.004202  0.007151  0.999966  0.000232  -0.999974  0.007152  0.999983  0.000429  0.005746  -0.000384  0.999969  -0.007852  -0.005749  0.007850  0.999953  1.000000  0.000005  0.000072  -0.000005  1.000000  -0.000098  -0.000072  0.000098  1.000000  0.999991  0.000262  0.004201  -0.004202  0.007151  0.999966  0.000232  -0.999974  0.007152  0.000107  0.009739  
178.212260 0.016438  0.102371  -0.012911  0.999165  0.028988  0.028779  -0.030865  0.074274  0.996760  0.026757  -0.996816  0.075106  0.010698  0.002504  -0.023373  -0.361371  -0.246392  0.017198  2.000000  0.999990  0.000290  0.004557  -0.004559  0.007644  0.999960  0.000255  -0.999971  0.007646  0.999983  0.000432  0.005746  -0.000386  0.999968  -0.007974  -0.005749  0.007971  0.999952  1.000000  0.000005  0.000072  -0.000005  1.000000  -0.000100  -0.000072  0.000100  1.000000  0.999990  0.000290  0.004557  -0.004559  0.007644  0.999960  0.000255  -0.999971  0.007646  0.000109  0.009837  
178.213509 0.016450  0.102372  -0.012940  0.999146  0.029048  0.029381  -0.031482  0.074739  0.996706  0.026757  -0.996780  0.075590  0.010464  0.002290  -0.023511  -0.363948  -0.262193  0.018428  2.000000  0.999988  0.000312  0.004927  -0.004929  0.008142  0.999955  0.000272  -0.999967  0.008144  0.999982  0.000317  0.005961  -0.000269  0.999968  -0.007967  -0.005964  0.007966  0.999950  1.000000  0.000004  0.000075  -0.000004  1.000000  -0.000100  -0.000075  0.000100  1.000000  0.999988  0.000312  0.004927  -0.004929  0.008142  0.999955  0.000272  -0.999967  0.008144  0.000110  0.009955  
178.214757 0.016461  0.102372  -0.012970  0.999133  0.029093  0.029777  -0.031893  0.075211  0.996657  0.026757  -0.996743  0.076074  0.010288  0.002041  -0.023743  -0.365032  -0.266703  0.023333  2.000000  0.999986  0.000330  0.005240  -0.005243  0.008546  0.999950  0.000285  -0.999963  0.008548  0.999980  0.000351  0.006371  -0.000299  0.999967  -0.008078  -0.006374  0.008076  0.999947  1.000000  0.000004  0.000080  -0.000004  1.000000  -0.000101  -0.000080  0.000101  1.000000  0.999986  0.000330  0.005240  -0.005243  0.008546  0.999950  0.000285  -0.999963  0.008548  0.000113  0.010294  
178.216018 0.016471  0.102371  -0.013002  0.999120  0.029139  0.030173  -0.032305  0.075683  0.996609  0.026757  -0.996706  0.076557  0.010063  0.001729  -0.023917  -0.367520  -0.275541  0.024125  2.000000  0.999984  0.000356  0.005641  -0.005644  0.009052  0.999943  0.000305  -0.999959  0.009054  0.999978  0.000503  0.006566  -0.000450  0.999967  -0.008073  -0.006570  0.008070  0.999946  1.000000  0.000006  0.000082  -0.000006  1.000000  -0.000101  -0.000082  0.000101  1.000000  0.999984  0.000356  0.005641  -0.005644  0.009052  0.999943  0.000305  -0.999959  0.009054  0.000115  0.010418  
178.217255 0.016482  0.102369  -0.013032  0.999100  0.029201  0.030775  -0.032922  0.076148  0.996553  0.026757  -0.996669  0.077041  0.009843  0.001363  -0.024160  -0.372865  -0.287447  0.025049  2.000000  0.999982  0.000383  0.005972  -0.005975  0.009457  0.999937  0.000326  -0.999955  0.009459  0.999977  0.000522  0.006771  -0.000467  0.999967  -0.008068  -0.006775  0.008065  0.999945  1.000000  0.000006  0.000085  -0.000006  1.000000  -0.000101  -0.000085  0.000101  1.000000  0.999982  0.000383  0.005972  -0.005975  0.009457  0.999937  0.000326  -0.999955  0.009459  0.000117  0.010545  
178.218510 0.016491  0.102367  -0.013064  0.999086  0.029247  0.031171  -0.033333  0.076620  0.996503  0.026757  -0.996631  0.077524  0.009581  0.001028  -0.024318  -0.375201  -0.296276  0.025855  2.000000  0.999979  0.000417  0.006400  -0.006404  0.009958  0.999930  0.000354  -0.999950  0.009960  0.999976  0.000541  0.006976  -0.000486  0.999968  -0.007941  -0.006980  0.007938  0.999944  1.000000  0.000006  0.000087  -0.000006  1.000000  -0.000099  -0.000087  0.000099  1.000000  0.999979  0.000417  0.006400  -0.006404  0.009958  0.999930  0.000354  -0.999950  0.009960  0.000120  0.010583  
178.219753 0.016500  0.102365  -0.013097  0.999069  0.029423  0.031560  -0.033744  0.076966  0.996463  0.026890  -0.996600  0.077887  0.009326  0.000707  -0.024537  -0.376054  -0.300767  0.026235  2.000000  0.999977  0.000454  0.006830  -0.006835  0.010446  0.999922  0.000383  -0.999945  0.010449  0.999976  0.000678  0.006965  -0.000623  0.999969  -0.007820  -0.006970  0.007815  0.999945  1.000000  0.000008  0.000087  -0.000008  1.000000  -0.000098  -0.000087  0.000098  1.000000  0.999977  0.000454  0.006830  -0.006835  0.010446  0.999922  0.000383  -0.999945  0.010449  0.000121  0.010493  
178.220775 0.016507  0.102363  -0.013124  0.999055  0.029467  0.031959  -0.034156  0.077316  0.996421  0.026890  -0.996571  0.078249  0.009077  0.000378  -0.024739  -0.378735  -0.309945  0.027047  2.000000  0.999974  0.000490  0.007186  -0.007191  0.010832  0.999915  0.000412  -0.999941  0.010835  0.999974  0.000696  0.007170  -0.000640  0.999970  -0.007693  -0.007176  0.007688  0.999945  1.000000  0.000008  0.000090  -0.000008  1.000000  -0.000096  -0.000090  0.000096  1.000000  0.999974  0.000490  0.007186  -0.007191  0.010832  0.999915  0.000412  -0.999941  0.010835  0.000122  0.010538  
178.222004 0.016515  0.102361  -0.013157  0.999033  0.029530  0.032560  -0.034773  0.077781  0.996364  0.026890  -0.996533  0.078733  0.008789  0.000060  -0.024988  -0.379568  -0.321637  0.023528  2.000000  0.999971  0.000525  0.007553  -0.007558  0.011219  0.999908  0.000441  -0.999937  0.011223  0.999973  0.000582  0.007386  -0.000524  0.999969  -0.007808  -0.007390  0.007804  0.999942  1.000000  0.000007  0.000092  -0.000007  1.000000  -0.000098  -0.000092  0.000098  1.000000  0.999971  0.000525  0.007553  -0.007558  0.011219  0.999908  0.000441  -0.999937  0.011223  0.000124  0.010762  
178.223005 0.016522  0.102360  -0.013185  0.999019  0.029574  0.032960  -0.035184  0.078132  0.996322  0.026890  -0.996504  0.079096  0.008536  -0.000188  -0.025134  -0.379304  -0.328402  0.024143  2.000000  0.999969  0.000549  0.007837  -0.007843  0.011513  0.999903  0.000459  -0.999934  0.011517  0.999971  0.000601  0.007591  -0.000541  0.999968  -0.007924  -0.007595  0.007920  0.999940  1.000000  0.000007  0.000095  -0.000007  1.000000  -0.000099  -0.000095  0.000099  1.000000  0.999969  0.000549  0.007837  -0.007843  0.011513  0.999903  0.000459  -0.999934  0.011517  0.000125  0.010988  
178.224259 0.016530  0.102359  -0.013218  0.999004  0.029623  0.033356  -0.035595  0.078603  0.996270  0.026890  -0.996466  0.079579  0.008197  -0.000508  -0.025313  -0.382458  -0.331121  0.024504  2.000000  0.999966  0.000582  0.008232  -0.008238  0.011910  0.999895  0.000484  -0.999929  0.011914  0.999968  0.000637  0.008001  -0.000573  0.999968  -0.008034  -0.008006  0.008030  0.999936  1.000000  0.000008  0.000100  -0.000008  1.000000  -0.000100  -0.000100  0.000100  1.000000  0.999966  0.000582  0.008232  -0.008238  0.011910  0.999895  0.000484  -0.999929  0.011914  0.000127  0.011355  
178.225502 0.016539  0.102356  -0.013252  0.998990  0.029667  0.033755  -0.036007  0.078953  0.996228  0.026890  -0.996437  0.079942  0.007932  -0.000836  -0.025534  -0.375086  -0.334880  0.029398  2.000000  0.999962  0.000626  0.008729  -0.008736  0.012409  0.999885  0.000517  -0.999923  0.012414  0.999968  0.000774  0.007990  -0.000710  0.999967  -0.008036  -0.007996  0.008030  0.999936  1.000000  0.000009  0.000100  -0.000009  1.000000  -0.000100  -0.000100  0.000100  1.000000  0.999962  0.000626  0.008729  -0.008736  0.012409  0.999885  0.000517  -0.999923  0.012414  0.000127  0.011356  
178.226511 0.016545  0.102354  -0.013279  0.998975  0.029716  0.034151  -0.036418  0.079424  0.996175  0.026890  -0.996398  0.080425  0.007634  -0.001162  -0.025716  -0.373911  -0.344517  0.030341  2.000000  0.999958  0.000667  0.009131  -0.009139  0.012805  0.999876  0.000550  -0.999918  0.012811  0.999966  0.000794  0.008195  -0.000728  0.999967  -0.008030  -0.008201  0.008024  0.999934  1.000000  0.000010  0.000102  -0.000010  1.000000  -0.000100  -0.000102  0.000100  1.000000  0.999958  0.000667  0.009131  -0.009139  0.012805  0.999876  0.000550  -0.999918  0.012811  0.000127  0.011499  
178.227752 0.016553  0.102350  -0.013312  0.998952  0.029782  0.034752  -0.037035  0.079889  0.996116  0.026890  -0.996359  0.080909  0.007374  -0.001457  -0.025966  -0.370787  -0.348636  0.030785  2.000000  0.999953  0.000718  0.009633  -0.009641  0.013301  0.999865  0.000590  -0.999911  0.013307  0.999968  0.000781  0.007989  -0.000718  0.999968  -0.007914  -0.007995  0.007908  0.999937  1.000000  0.000009  0.000100  -0.000009  1.000000  -0.000099  -0.000100  0.000099  1.000000  0.999953  0.000718  0.009633  -0.009641  0.013301  0.999865  0.000590  -0.999911  0.013307  0.000127  0.011271  
178.228755 0.016560  0.102347  -0.013339  0.998937  0.029828  0.035151  -0.037446  0.080239  0.996072  0.026890  -0.996329  0.081271  0.007154  -0.001713  -0.026254  -0.369747  -0.358558  0.031726  2.000000  0.999949  0.000760  0.010035  -0.010044  0.013690  0.999856  0.000622  -0.999906  0.013697  0.999968  0.000784  0.007989  -0.000722  0.999969  -0.007793  -0.007995  0.007787  0.999938  1.000000  0.000009  0.000100  -0.000009  1.000000  -0.000097  -0.000100  0.000097  1.000000  0.999949  0.000760  0.010035  -0.010044  0.013690  0.999856  0.000622  -0.999906  0.013697  0.000128  0.011186  
178.229756 0.016565  0.102343  -0.013366  0.998921  0.029874  0.035550  -0.037858  0.080590  0.996028  0.026890  -0.996300  0.081634  0.006961  -0.001958  -0.026395  -0.369522  -0.365409  0.032379  2.000000  0.999945  0.000802  0.010436  -0.010447  0.014076  0.999846  0.000655  -0.999901  0.014083  0.999968  0.000787  0.007988  -0.000726  0.999970  -0.007672  -0.007994  0.007666  0.999939  1.000000  0.000009  0.000100  -0.000009  1.000000  -0.000096  -0.000100  0.000096  1.000000  0.999945  0.000802  0.010436  -0.010447  0.014076  0.999846  0.000655  -0.999901  0.014083  0.000130  0.011102  
178.230756 0.016571  0.102338  -0.013393  0.998906  0.029920  0.035950  -0.038269  0.080940  0.995984  0.026890  -0.996270  0.081996  0.006736  -0.002184  -0.026569  -0.370103  -0.369362  0.028281  2.000000  0.999942  0.000834  0.010744  -0.010754  0.014367  0.999839  0.000679  -0.999896  0.014375  0.999966  0.000807  0.008193  -0.000743  0.999969  -0.007788  -0.008199  0.007781  0.999936  1.000000  0.000010  0.000102  -0.000010  1.000000  -0.000097  -0.000102  0.000097  1.000000  0.999942  0.000834  0.010744  -0.010754  0.014367  0.999839  0.000679  -0.999896  0.014375  0.000129  0.011331  
178.232006 0.016578  0.102333  -0.013427  0.998890  0.029971  0.036345  -0.038680  0.081411  0.995930  0.026890  -0.996230  0.082480  0.006554  -0.002422  -0.026726  -0.369103  -0.372418  0.028719  2.000000  0.999936  0.000888  0.011261  -0.011272  0.014853  0.999826  0.000721  -0.999889  0.014862  0.999964  0.000828  0.008398  -0.000762  0.999969  -0.007782  -0.008404  0.007776  0.999934  1.000000  0.000010  0.000105  -0.000010  1.000000  -0.000097  -0.000105  0.000097  1.000000  0.999936  0.000888  0.011261  -0.011272  0.014853  0.999826  0.000721  -0.999889  0.014862  0.000132  0.011477  
178.233054 0.016584  0.102328  -0.013454  0.998870  0.030151  0.036733  -0.039091  0.081755  0.995885  0.027024  -0.996196  0.082842  0.006348  -0.002665  -0.026748  -0.369446  -0.379525  0.033923  2.000000  0.999931  0.000937  0.011675  -0.011688  0.015237  0.999816  0.000759  -0.999883  0.015247  0.999964  0.000964  0.008387  -0.000900  0.999970  -0.007661  -0.008394  0.007653  0.999935  1.000000  0.000012  0.000105  -0.000012  1.000000  -0.000096  -0.000105  0.000096  1.000000  0.999931  0.000937  0.011675  -0.011688  0.015237  0.999816  0.000759  -0.999883  0.015247  0.000133  0.011397  
178.234253 0.016590  0.102322  -0.013488  0.998854  0.030198  0.037132  -0.039503  0.082105  0.995840  0.027024  -0.996166  0.083204  0.006234  -0.002967  -0.026951  -0.364870  -0.378623  0.038520  2.000000  0.999926  0.000988  0.012091  -0.012105  0.015625  0.999805  0.000799  -0.999877  0.015636  0.999964  0.000968  0.008386  -0.000903  0.999969  -0.007782  -0.008393  0.007774  0.999935  1.000000  0.000012  0.000105  -0.000012  1.000000  -0.000097  -0.000105  0.000097  1.000000  0.999926  0.000988  0.012091  -0.012105  0.015625  0.999805  0.000799  -0.999877  0.015636  0.000132  0.011479  
