1-Time 2-Px 3-Py 4-Pz 5-R11 6-R21 7-R31 8-R12 9-R22 10-R32 11-R13 12-R23 13-R33 14-Vx 15-Vy 16-Vz 17-Wx 18-Wy 19-Wz 20-state 21-PR11 22-PR21 23-PR31 24-PR12 25-PR22 26-PR32 27-PR13 28-PR23 29-PR33 
202.270874 0.002873  0.094418  0.003106  0.995833  0.090643  0.010058  -0.090660  0.995881  0.001277  -0.009901  -0.002183  0.999949  0.000439  0.000207  -0.000182  0.000000  0.000000  0.000000  2.000000  1.000000  0.000000  0.000000  -0.000000  1.000000  0.000000  0.000000  -0.000000  1.000000  1.000000  -0.000618  -0.000001  0.000618  1.000000  0.000249  0.000001  -0.000249  1.000000  1.000000  0.000000  0.000000  0.000000  1.000000  0.000000  0.000000  0.000000  1.000000  0.579278  0.690605  -0.433014  -0.668546  0.706448  0.232331  0.466351  0.154905  0.870931  0.000000  0.000000  
202.271877 0.002873  0.094419  0.003106  0.995833  0.090643  0.010058  -0.090660  0.995881  0.001277  -0.009901  -0.002183  0.999949  0.000439  0.000207  -0.000181  0.000000  0.000000  0.000000  2.000000  1.000000  0.000000  0.000000  0.000000  1.000000  0.000000  0.000000  0.000000  1.000000  1.000000  -0.000618  -0.000001  0.000618  1.000000  0.000249  0.000001  -0.000249  1.000000  1.000000  0.000000  0.000000  0.000000  1.000000  0.000000  0.000000  0.000000  1.000000  1.000000  0.000000  0.000000  0.000000  1.000000  0.000000  0.000000  0.000000  1.000000  0.000000  0.000000  
202.272877 0.002874  0.094418  0.003106  0.995795  0.091053  0.010059  -0.091070  0.995844  0.001273  -0.009901  -0.002183  0.999949  0.000467  0.000159  -0.000190  0.000000  0.000000  0.000000  2.000000  1.000000  0.000000  0.000000  0.000000  1.000000  0.000000  0.000000  0.000000  1.000000  1.000000  -0.000412  -0.000001  0.000412  1.000000  0.000247  0.000001  -0.000247  1.000000  1.000000  0.000000  0.000000  0.000000  1.000000  0.000000  0.000000  0.000000  1.000000  1.000000  0.000000  0.000000  0.000000  1.000000  0.000000  0.000000  0.000000  1.000000  0.000000  0.000000  
202.273879 0.002875  0.094418  0.003106  0.995756  0.091462  0.010192  -0.091480  0.995806  0.001256  -0.010035  -0.002183  0.999947  0.000487  0.000092  -0.000156  0.000000  0.000000  0.000000  2.000000  1.000000  0.000000  0.000000  0.000000  1.000000  0.000000  0.000000  0.000000  1.000000  1.000000  0.000206  0.000000  -0.000206  1.000000  0.000241  -0.000000  -0.000241  1.000000  1.000000  0.000000  0.000000  0.000000  1.000000  0.000000  0.000000  0.000000  1.000000  1.000000  0.000000  0.000000  0.000000  1.000000  0.000000  0.000000  0.000000  1.000000  0.000000  0.000000  
202.274883 0.002876  0.094417  0.003107  0.995717  0.091872  0.010326  -0.091890  0.995768  0.001240  -0.010169  -0.002183  0.999946  0.000545  0.000031  -0.000091  0.000000  0.000000  0.000000  2.000000  1.000000  0.000000  0.000000  0.000000  1.000000  0.000000  0.000000  0.000000  1.000000  1.000000  0.000411  0.000135  -0.000411  1.000000  0.000117  -0.000135  -0.000117  1.000000  1.000000  0.000000  0.000000  0.000000  1.000000  0.000000  0.000000  0.000000  1.000000  1.000000  0.000000  0.000000  0.000000  1.000000  0.000000  0.000000  0.000000  1.000000  0.000000  0.000000  
202.276128 0.002877  0.094415  0.003108  0.995698  0.092076  0.010338  -0.092095  0.995749  0.001358  -0.010169  -0.002305  0.999946  0.000580  -0.000079  -0.000035  0.000000  0.000000  0.000000  2.000000  1.000000  0.000000  0.000000  0.000000  1.000000  0.000000  0.000000  0.000000  1.000000  1.000000  0.000823  0.000269  -0.000823  1.000000  0.000234  -0.000269  -0.000234  1.000000  1.000000  0.000000  0.000000  0.000000  1.000000  0.000000  0.000000  0.000000  1.000000  1.000000  0.000000  0.000000  0.000000  1.000000  0.000000  0.000000  0.000000  1.000000  0.000000  0.000000  
202.277128 0.002878  0.094415  0.003109  0.995678  0.092281  0.010471  -0.092300  0.995730  0.001344  -0.010302  -0.002305  0.999944  0.000661  -0.000090  0.000040  0.000000  0.000000  0.000000  2.000000  1.000000  0.000000  0.000000  0.000000  1.000000  0.000000  0.000000  0.000000  1.000000  0.999999  0.001234  0.000404  -0.001234  0.999999  0.000230  -0.000404  -0.000230  1.000000  1.000000  0.000000  0.000000  0.000000  1.000000  0.000000  0.000000  0.000000  1.000000  1.000000  0.000000  0.000000  0.000000  1.000000  0.000000  0.000000  0.000000  1.000000  0.000000  0.000000  
202.278378 0.002880  0.094415  0.003110  0.995641  0.092691  0.010338  -0.092710  0.995692  0.001352  -0.010169  -0.002305  0.999946  0.000734  -0.000118  0.000157  0.000000  0.000000  0.000000  2.000000  1.000000  0.000000  0.000000  0.000000  1.000000  0.000000  0.000000  0.000000  1.000000  0.999999  0.001646  0.000271  -0.001646  0.999999  0.000226  -0.000271  -0.000226  1.000000  1.000000  0.000000  0.000000  0.000000  1.000000  0.000000  0.000000  0.000000  1.000000  1.000000  0.000000  0.000000  0.000000  1.000000  0.000000  0.000000  0.000000  1.000000  0.000000  0.000000  
202.279628 0.002881  0.094415  0.003112  0.995585  0.093305  0.010217  -0.093325  0.995635  0.001479  -0.010035  -0.002426  0.999947  0.000778  -0.000175  0.000253  0.000000  0.000000  0.000000  2.000000  1.000000  0.000000  0.000000  0.000000  1.000000  0.000000  0.000000  0.000000  1.000000  0.999998  0.002058  0.000139  -0.002058  0.999998  0.000222  -0.000138  -0.000222  1.000000  1.000000  0.000000  0.000000  0.000000  1.000000  0.000000  0.000000  0.000000  1.000000  1.000000  0.000000  0.000000  0.000000  1.000000  0.000000  0.000000  0.000000  1.000000  0.000000  0.000000  
202.280629 0.002882  0.094414  0.003113  0.995547  0.093715  0.010218  -0.093735  0.995596  0.001475  -0.010035  -0.002426  0.999947  0.000844  -0.000182  0.000358  0.000000  0.000000  0.000000  2.000000  1.000000  0.000000  0.000000  0.000000  1.000000  0.000000  0.000000  0.000000  1.000000  0.999996  0.002676  0.000140  -0.002676  0.999996  0.000337  -0.000139  -0.000337  1.000000  1.000000  0.000000  0.000000  0.000000  1.000000  0.000000  0.000000  0.000000  1.000000  1.000000  0.000000  0.000000  0.000000  1.000000  0.000000  0.000000  0.000000  1.000000  0.000000  0.000000  
202.281878 0.002884  0.094415  0.003113  0.995489  0.094329  0.010230  -0.094350  0.995538  0.001589  -0.010035  -0.002547  0.999946  0.000939  -0.000196  0.000403  0.000000  0.000000  0.000000  2.000000  1.000000  0.000000  0.000000  0.000000  1.000000  0.000000  0.000000  0.000000  1.000000  0.999995  0.003293  0.000142  -0.003293  0.999995  0.000331  -0.000141  -0.000331  1.000000  1.000000  0.000000  0.000000  0.000000  1.000000  0.000000  0.000000  0.000000  1.000000  1.000000  0.000000  0.000000  0.000000  1.000000  0.000000  0.000000  0.000000  1.000000  0.000000  0.000000  
202.282882 0.002886  0.094415  0.003113  0.995429  0.094943  0.010364  -0.094964  0.995479  0.001570  -0.010169  -0.002547  0.999945  0.000997  -0.000216  0.000415  0.000000  0.000000  0.000000  2.000000  1.000000  0.000000  0.000000  0.000000  1.000000  0.000000  0.000000  0.000000  1.000000  0.999993  0.003705  0.000277  -0.003705  0.999993  0.000447  -0.000275  -0.000449  1.000000  1.000000  0.000000  0.000000  0.000000  1.000000  0.000000  0.000000  0.000000  1.000000  1.000000  0.000000  0.000000  0.000000  1.000000  0.000000  0.000000  0.000000  1.000000  0.000000  0.000000  
202.284128 0.002888  0.094416  0.003114  0.995369  0.095557  0.010499  -0.095579  0.995421  0.001551  -0.010302  -0.002547  0.999944  0.001094  -0.000154  0.000488  0.000000  0.000000  0.000000  2.000000  1.000000  0.000000  0.000000  0.000000  1.000000  0.000000  0.000000  0.000000  1.000000  0.999990  0.004528  0.000413  -0.004528  0.999990  0.000439  -0.000411  -0.000440  1.000000  1.000000  0.000000  0.000000  0.000000  1.000000  0.000000  0.000000  0.000000  1.000000  1.000000  0.000000  0.000000  0.000000  1.000000  0.000000  0.000000  0.000000  1.000000  0.000000  0.000000  
202.285150 0.002889  0.094417  0.003115  0.995328  0.095966  0.010644  -0.095989  0.995381  0.001654  -0.010436  -0.002668  0.999942  0.001137  -0.000134  0.000612  0.000000  0.000000  0.000000  2.000000  1.000000  0.000000  0.000000  0.000000  1.000000  0.000000  0.000000  0.000000  1.000000  0.999988  0.004939  0.000548  -0.004940  0.999988  0.000555  -0.000546  -0.000558  1.000000  1.000000  0.000000  0.000000  0.000000  1.000000  0.000000  0.000000  0.000000  1.000000  1.000000  0.000000  0.000000  0.000000  1.000000  0.000000  0.000000  0.000000  1.000000  0.000000  0.000000  
202.286377 0.002891  0.094417  0.003117  0.995268  0.096580  0.010645  -0.096603  0.995322  0.001648  -0.010436  -0.002668  0.999942  0.001206  -0.000141  0.000719  0.018496  -0.018441  0.186887  2.000000  1.000000  0.000111  0.000248  -0.000111  1.000000  0.000028  -0.000248  -0.000028  1.000000  0.999984  0.005557  0.000550  -0.005557  0.999984  0.000548  -0.000547  -0.000551  1.000000  1.000000  0.000029  0.000064  -0.000029  1.000000  0.000007  -0.000064  -0.000007  1.000000  1.000000  0.000111  0.000248  -0.000111  1.000000  0.000028  -0.000248  -0.000028  1.000000  0.000043  0.005611  
202.287381 0.002893  0.094417  0.003117  0.995248  0.096784  0.010657  -0.096808  0.995301  0.001766  -0.010436  -0.002790  0.999942  0.001273  -0.000107  0.000772  0.022488  -0.018456  0.193666  2.000000  1.000000  0.000233  0.000513  -0.000233  1.000000  0.000055  -0.000513  -0.000055  1.000000  0.999982  0.005968  0.000551  -0.005969  0.999982  0.000544  -0.000548  -0.000547  1.000000  1.000000  0.000031  0.000068  -0.000031  1.000000  0.000007  -0.000068  -0.000007  1.000000  1.000000  0.000233  0.000513  -0.000233  1.000000  0.000055  -0.000513  -0.000055  1.000000  0.000049  0.006019  
202.288632 0.002894  0.094416  0.003118  0.995208  0.097194  0.010658  -0.097218  0.995262  0.001762  -0.010436  -0.002790  0.999942  0.001310  -0.000101  0.000804  0.022348  -0.018490  0.207506  2.000000  1.000000  0.000397  0.000867  -0.000397  1.000000  0.000096  -0.000867  -0.000097  1.000000  0.999979  0.006380  0.000553  -0.006380  0.999979  0.000661  -0.000549  -0.000665  1.000000  1.000000  0.000034  0.000073  -0.000034  1.000000  0.000008  -0.000073  -0.000008  1.000000  1.000000  0.000397  0.000867  -0.000397  1.000000  0.000096  -0.000867  -0.000097  1.000000  0.000052  0.006438  
202.289882 0.002896  0.094415  0.003119  0.995168  0.097604  0.010659  -0.097628  0.995221  0.001758  -0.010436  -0.002790  0.999942  0.001332  -0.000075  0.000781  0.022202  -0.018519  0.221292  2.000000  0.999999  0.000575  0.001243  -0.000575  1.000000  0.000134  -0.001243  -0.000135  0.999999  0.999975  0.006998  0.000554  -0.006998  0.999975  0.000533  -0.000551  -0.000537  1.000000  1.000000  0.000038  0.000079  -0.000038  1.000000  0.000007  -0.000079  -0.000007  1.000000  0.999999  0.000575  0.001243  -0.000575  1.000000  0.000134  -0.001243  -0.000135  0.999999  0.000056  0.007040  
202.291133 0.002897  0.094414  0.003121  0.995127  0.098013  0.010792  -0.098037  0.995181  0.001740  -0.010570  -0.002790  0.999940  0.001339  -0.000073  0.000824  0.022045  -0.023047  0.235103  2.000000  0.999998  0.000763  0.001648  -0.000763  1.000000  0.000167  -0.001648  -0.000169  0.999999  0.999974  0.007203  0.000689  -0.007204  0.999974  0.000530  -0.000685  -0.000535  1.000000  1.000000  0.000038  0.000082  -0.000038  1.000000  0.000007  -0.000082  -0.000007  1.000000  0.999998  0.000763  0.001648  -0.000763  1.000000  0.000167  -0.001648  -0.000169  0.999999  0.000058  0.007256  
202.292377 0.002899  0.094413  0.003122  0.995106  0.098218  0.010793  -0.098242  0.995161  0.001738  -0.010570  -0.002790  0.999940  0.001368  -0.000162  0.000870  0.021979  -0.023069  0.242078  2.000000  0.999997  0.000960  0.002075  -0.000960  1.000000  0.000200  -0.002075  -0.000202  0.999998  0.999971  0.007615  0.000690  -0.007615  0.999971  0.000526  -0.000686  -0.000531  1.000000  1.000000  0.000040  0.000087  -0.000040  1.000000  0.000007  -0.000087  -0.000007  1.000000  0.999997  0.000960  0.002075  -0.000960  1.000000  0.000200  -0.002075  -0.000202  0.999998  0.000061  0.007664  
202.293378 0.002901  0.094411  0.003123  0.995064  0.098627  0.010927  -0.098652  0.995121  0.001720  -0.010704  -0.002790  0.999939  0.001454  -0.000230  0.000873  0.021748  -0.027614  0.262805  2.000000  0.999996  0.001115  0.002422  -0.001115  0.999999  0.000226  -0.002422  -0.000229  0.999997  0.999971  0.007615  0.000824  -0.007615  0.999971  0.000525  -0.000820  -0.000531  1.000000  1.000000  0.000039  0.000088  -0.000039  1.000000  0.000007  -0.000088  -0.000007  1.000000  0.999996  0.001115  0.002422  -0.001115  0.999999  0.000226  -0.002422  -0.000229  0.999997  0.000066  0.007677  
202.294379 0.002903  0.094410  0.003124  0.995044  0.098832  0.010927  -0.098857  0.995100  0.001718  -0.010704  -0.002790  0.999939  0.001510  -0.000326  0.000857  0.021676  -0.027631  0.269720  2.000000  0.999996  0.001229  0.002683  -0.001230  0.999999  0.000246  -0.002682  -0.000249  0.999996  0.999972  0.007409  0.000823  -0.007409  0.999972  0.000527  -0.000819  -0.000533  1.000000  1.000000  0.000037  0.000085  -0.000037  1.000000  0.000007  -0.000085  -0.000007  1.000000  0.999996  0.001229  0.002683  -0.001230  0.999999  0.000246  -0.002682  -0.000249  0.999996  0.000068  0.007473  
202.295632 0.002906  0.094407  0.003125  0.995024  0.099037  0.010927  -0.099061  0.995080  0.001716  -0.010704  -0.002790  0.999939  0.001550  -0.000495  0.000842  0.021602  -0.027644  0.276604  2.000000  0.999994  0.001421  0.003098  -0.001422  0.999999  0.000278  -0.003097  -0.000283  0.999995  0.999974  0.007204  0.000555  -0.007204  0.999974  0.000529  -0.000551  -0.000533  1.000000  1.000000  0.000039  0.000081  -0.000039  1.000000  0.000007  -0.000081  -0.000007  1.000000  0.999994  0.001421  0.003098  -0.001422  0.999999  0.000278  -0.003097  -0.000283  0.999995  0.000070  0.007244  
202.296878 0.002908  0.094404  0.003126  0.995024  0.099037  0.010927  -0.099061  0.995080  0.001716  -0.010704  -0.002790  0.999939  0.001571  -0.000675  0.000824  0.021607  -0.027650  0.276660  2.000000  0.999993  0.001612  0.003498  -0.001613  0.999999  0.000308  -0.003498  -0.000314  0.999994  0.999975  0.006998  0.000554  -0.006998  0.999975  0.000410  -0.000552  -0.000414  1.000000  1.000000  0.000038  0.000079  -0.000038  1.000000  0.000005  -0.000079  -0.000005  1.000000  0.999993  0.001612  0.003498  -0.001613  0.999999  0.000308  -0.003498  -0.000314  0.999994  0.000070  0.007032  
202.297879 0.002909  0.094402  0.003126  0.995003  0.099242  0.010928  -0.099266  0.995059  0.001713  -0.010704  -0.002790  0.999939  0.001546  -0.000840  0.000839  0.021535  -0.027666  0.283574  2.000000  0.999991  0.001766  0.003807  -0.001768  0.999998  0.000328  -0.003807  -0.000335  0.999993  0.999975  0.006998  0.000421  -0.006998  0.999975  0.000410  -0.000418  -0.000413  1.000000  1.000000  0.000039  0.000078  -0.000039  1.000000  0.000005  -0.000078  -0.000005  1.000000  0.999991  0.001766  0.003807  -0.001768  0.999998  0.000328  -0.003807  -0.000335  0.999993  0.000071  0.007023  
202.298884 0.002911  0.094400  0.003126  0.995003  0.099242  0.010928  -0.099266  0.995059  0.001713  -0.010704  -0.002790  0.999939  0.001545  -0.001097  0.000838  0.017458  -0.027682  0.283562  2.000000  0.999990  0.001910  0.004111  -0.001911  0.999998  0.000348  -0.004110  -0.000356  0.999991  0.999978  0.006586  0.000553  -0.006586  0.999978  0.000415  -0.000551  -0.000418  1.000000  1.000000  0.000035  0.000075  -0.000035  1.000000  0.000005  -0.000075  -0.000005  1.000000  0.999990  0.001910  0.004111  -0.001911  0.999998  0.000348  -0.004110  -0.000356  0.999991  0.000071  0.006622  
202.300128 0.002913  0.094396  0.003126  0.994983  0.099447  0.010928  -0.099471  0.995039  0.001711  -0.010704  -0.002790  0.999939  0.001558  -0.001358  0.000702  0.017316  -0.027717  0.297404  2.000000  0.999988  0.002071  0.004472  -0.002072  0.999998  0.000372  -0.004472  -0.000382  0.999990  0.999981  0.006174  0.000686  -0.006174  0.999981  0.000298  -0.000684  -0.000302  1.000000  1.000000  0.000031  0.000071  -0.000031  1.000000  0.000004  -0.000071  -0.000004  1.000000  0.999988  0.002071  0.004472  -0.002072  0.999998  0.000372  -0.004472  -0.000382  0.999990  0.000075  0.006219  
202.301128 0.002913  0.094393  0.003125  0.994981  0.099446  0.011061  -0.099471  0.995039  0.001698  -0.010837  -0.002790  0.999937  0.001485  -0.001615  0.000563  0.017156  -0.031953  0.294988  2.000000  0.999986  0.002185  0.004745  -0.002187  0.999998  0.000387  -0.004744  -0.000397  0.999989  0.999983  0.005762  0.000819  -0.005762  0.999983  0.000301  -0.000817  -0.000306  1.000000  1.000000  0.000027  0.000067  -0.000027  1.000000  0.000004  -0.000067  -0.000004  1.000000  0.999986  0.002185  0.004745  -0.002187  0.999998  0.000387  -0.004744  -0.000397  0.999989  0.000074  0.005828  
202.302151 0.002914  0.094390  0.003125  0.994981  0.099446  0.011061  -0.099471  0.995039  0.001698  -0.010837  -0.002790  0.999937  0.001424  -0.001823  0.000492  0.017357  -0.032176  0.290289  2.000000  0.999985  0.002260  0.004936  -0.002262  0.999997  0.000398  -0.004936  -0.000409  0.999988  0.999985  0.005350  0.000818  -0.005350  0.999986  0.000306  -0.000816  -0.000310  1.000000  1.000000  0.000025  0.000063  -0.000025  1.000000  0.000004  -0.000063  -0.000004  1.000000  0.999985  0.002260  0.004936  -0.002262  0.999997  0.000398  -0.004936  -0.000409  0.999988  0.000073  0.005421  
202.303379 0.002914  0.094385  0.003124  0.994980  0.099447  0.011182  -0.099471  0.995039  0.001564  -0.010971  -0.002668  0.999936  0.001339  -0.002085  0.000384  0.013492  -0.036634  0.269782  2.000000  0.999985  0.002306  0.005058  -0.002309  0.999997  0.000402  -0.005057  -0.000414  0.999987  0.999988  0.004939  0.000682  -0.004939  0.999988  0.000068  -0.000682  -0.000071  1.000000  1.000000  0.000000  0.000000  0.000000  1.000000  0.000000  0.000000  0.000000  1.000000  0.999985  0.002306  0.005058  -0.002309  0.999997  0.000402  -0.005057  -0.000414  0.999987  0.000071  0.000000  
202.304380 0.002913  0.094382  0.003123  0.995000  0.099242  0.011182  -0.099266  0.995060  0.001566  -0.010971  -0.002668  0.999936  0.001241  -0.002253  0.000310  0.013620  -0.032104  0.255958  2.000000  0.999985  0.002306  0.005058  -0.002309  0.999997  0.000402  -0.005057  -0.000414  0.999987  0.999991  0.004115  0.000680  -0.004115  0.999992  0.000076  -0.000680  -0.000079  1.000000  1.000000  0.000000  0.000000  0.000000  1.000000  0.000000  0.000000  0.000000  1.000000  0.999985  0.002306  0.005058  -0.002309  0.999997  0.000402  -0.005057  -0.000414  0.999987  0.000065  0.000000  
202.305384 0.002913  0.094378  0.003122  0.994999  0.099242  0.011315  -0.099266  0.995060  0.001553  -0.011105  -0.002668  0.999935  0.001099  -0.002449  0.000138  0.013730  -0.032063  0.242062  2.000000  0.999985  0.002306  0.005058  -0.002309  0.999997  0.000402  -0.005057  -0.000414  0.999987  0.999993  0.003704  0.000679  -0.003704  0.999993  -0.000041  -0.000679  0.000038  1.000000  1.000000  0.000000  0.000000  0.000000  1.000000  0.000000  0.000000  0.000000  1.000000  0.999985  0.002306  0.005058  -0.002309  0.999997  0.000402  -0.005057  -0.000414  0.999987  0.000063  0.000000  
202.306627 0.002912  0.094374  0.003122  0.994999  0.099242  0.011315  -0.099266  0.995060  0.001553  -0.011105  -0.002668  0.999935  0.000950  -0.002662  0.000008  0.009633  -0.027341  0.233252  2.000000  0.999985  0.002306  0.005058  -0.002309  0.999997  0.000402  -0.005057  -0.000414  0.999987  0.999996  0.002880  0.000677  -0.002880  0.999996  -0.000032  -0.000677  0.000030  1.000000  1.000000  0.000000  0.000000  0.000000  1.000000  0.000000  0.000000  0.000000  1.000000  0.999985  0.002306  0.005058  -0.002309  0.999997  0.000402  -0.005057  -0.000414  0.999987  0.000059  0.000000  
202.307634 0.002911  0.094370  0.003121  0.994997  0.099242  0.011448  -0.099266  0.995060  0.001540  -0.011239  -0.002668  0.999933  0.000721  -0.002831  -0.000140  0.009785  -0.036537  0.228198  2.000000  0.999985  0.002306  0.005058  -0.002309  0.999997  0.000402  -0.005057  -0.000414  0.999987  0.999996  0.002674  0.000810  -0.002674  0.999996  -0.000030  -0.000810  0.000028  1.000000  1.000000  0.000000  0.000000  0.000000  1.000000  0.000000  0.000000  0.000000  1.000000  0.999985  0.002306  0.005058  -0.002309  0.999997  0.000402  -0.005057  -0.000414  0.999987  0.000058  0.000000  
202.308881 0.002910  0.094365  0.003121  0.994997  0.099243  0.011436  -0.099266  0.995060  0.001419  -0.011239  -0.002547  0.999934  0.000484  -0.003001  -0.000210  0.005945  -0.040975  0.207466  2.000000  0.999985  0.002306  0.005058  -0.002309  0.999997  0.000402  -0.005057  -0.000414  0.999987  0.999998  0.002057  0.000808  -0.002056  0.999998  -0.000266  -0.000809  0.000264  1.000000  1.000000  0.000000  0.000000  0.000000  1.000000  0.000000  0.000000  0.000000  1.000000  0.999985  0.002306  0.005058  -0.002309  0.999997  0.000402  -0.005057  -0.000414  0.999987  0.000055  0.000000  
202.310133 0.002908  0.094361  0.003120  0.995016  0.099038  0.011569  -0.099061  0.995080  0.001408  -0.011373  -0.002547  0.999932  0.000214  -0.003110  -0.000294  0.002151  -0.045414  0.179769  2.000000  0.999985  0.002306  0.005058  -0.002309  0.999997  0.000402  -0.005057  -0.000414  0.999987  0.999998  0.001645  0.000807  -0.001645  0.999999  -0.000261  -0.000807  0.000260  1.000000  1.000000  0.000000  0.000000  0.000000  1.000000  0.000000  0.000000  0.000000  1.000000  0.999985  0.002306  0.005058  -0.002309  0.999997  0.000402  -0.005057  -0.000414  0.999987  0.000048  0.000000  
202.311383 0.002907  0.094358  0.003120  0.995016  0.099038  0.011569  -0.099061  0.995080  0.001408  -0.011373  -0.002547  0.999932  -0.000002  -0.003202  -0.000355  0.000000  0.000000  0.000000  2.000000  0.999985  0.002306  0.005058  -0.002309  0.999997  0.000402  -0.005057  -0.000414  0.999987  0.999999  0.001233  0.000806  -0.001233  0.999999  -0.000257  -0.000806  0.000256  1.000000  1.000000  0.000000  0.000000  0.000000  1.000000  0.000000  0.000000  0.000000  1.000000  0.999985  0.002306  0.005058  -0.002309  0.999997  0.000402  -0.005057  -0.000414  0.999987  0.000000  0.000000  
202.312630 0.002905  0.094353  0.003120  0.995016  0.099038  0.011569  -0.099061  0.995080  0.001408  -0.011373  -0.002547  0.999932  -0.000234  -0.003301  -0.000351  0.000000  0.000000  0.000000  2.000000  0.999985  0.002306  0.005058  -0.002309  0.999997  0.000402  -0.005057  -0.000414  0.999987  0.999999  0.001027  0.000805  -0.001027  0.999999  -0.000254  -0.000806  0.000253  1.000000  1.000000  0.000000  0.000000  0.000000  1.000000  0.000000  0.000000  0.000000  1.000000  0.999985  0.002306  0.005058  -0.002309  0.999997  0.000402  -0.005057  -0.000414  0.999987  0.000000  0.000000  
202.313881 0.002904  0.094349  0.003120  0.995015  0.099039  0.011690  -0.099061  0.995081  0.001274  -0.011506  -0.002426  0.999931  -0.000480  -0.003408  -0.000375  0.000000  0.000000  0.000000  2.000000  0.999985  0.002306  0.005058  -0.002309  0.999997  0.000402  -0.005057  -0.000414  0.999987  0.999999  0.000616  0.000804  -0.000615  1.000000  -0.000371  -0.000805  0.000371  1.000000  1.000000  0.000000  0.000000  0.000000  1.000000  0.000000  0.000000  0.000000  1.000000  0.999985  0.002306  0.005058  -0.002309  0.999997  0.000402  -0.005057  -0.000414  0.999987  0.000000  0.000000  
202.314882 0.002902  0.094344  0.003120  0.995015  0.099039  0.011690  -0.099061  0.995081  0.001274  -0.011506  -0.002426  0.999931  -0.000715  -0.003523  -0.000396  0.000000  0.000000  0.000000  2.000000  0.999985  0.002306  0.005058  -0.002309  0.999997  0.000402  -0.005057  -0.000414  0.999987  1.000000  0.000204  0.000803  -0.000204  1.000000  -0.000366  -0.000803  0.000366  1.000000  1.000000  0.000000  0.000000  0.000000  1.000000  0.000000  0.000000  0.000000  1.000000  0.999985  0.002306  0.005058  -0.002309  0.999997  0.000402  -0.005057  -0.000414  0.999987  0.000000  0.000000  
202.316128 0.002899  0.094338  0.003119  0.995013  0.099039  0.011823  -0.099060  0.995081  0.001261  -0.011640  -0.002426  0.999929  -0.000929  -0.003638  -0.000380  0.000000  0.000000  0.000000  2.000000  0.999985  0.002306  0.005058  -0.002309  0.999997  0.000402  -0.005057  -0.000414  0.999987  1.000000  -0.000002  0.000937  0.000003  1.000000  -0.000364  -0.000937  0.000364  0.999999  1.000000  0.000000  0.000000  0.000000  1.000000  0.000000  0.000000  0.000000  1.000000  0.999985  0.002306  0.005058  -0.002309  0.999997  0.000402  -0.005057  -0.000414  0.999987  0.000000  0.000000  
202.317378 0.002898  0.094333  0.003119  0.995013  0.099039  0.011823  -0.099060  0.995081  0.001261  -0.011640  -0.002426  0.999929  -0.001092  -0.003733  -0.000379  0.000000  0.000000  0.000000  2.000000  0.999985  0.002306  0.005058  -0.002309  0.999997  0.000402  -0.005057  -0.000414  0.999987  1.000000  -0.000002  0.000937  0.000003  1.000000  -0.000364  -0.000937  0.000364  0.999999  1.000000  0.000000  0.000000  0.000000  1.000000  0.000000  0.000000  0.000000  1.000000  0.999985  0.002306  0.005058  -0.002309  0.999997  0.000402  -0.005057  -0.000414  0.999987  0.000000  0.000000  
202.318629 0.002896  0.094328  0.003118  0.994991  0.099243  0.011957  -0.099265  0.995060  0.001245  -0.011774  -0.002426  0.999928  -0.001175  -0.003785  -0.000351  0.000000  0.000000  0.000000  2.000000  0.999985  0.002306  0.005058  -0.002309  0.999997  0.000402  -0.005057  -0.000414  0.999987  0.999999  -0.000208  0.001070  0.000209  1.000000  -0.000361  -0.001070  0.000362  0.999999  1.000000  0.000000  0.000000  0.000000  1.000000  0.000000  0.000000  0.000000  1.000000  0.999985  0.002306  0.005058  -0.002309  0.999997  0.000402  -0.005057  -0.000414  0.999987  0.000000  0.000000  
202.319629 0.002894  0.094323  0.003119  0.994991  0.099243  0.011957  -0.099265  0.995060  0.001245  -0.011774  -0.002426  0.999928  -0.001290  -0.003825  -0.000271  0.000000  0.000000  0.000000  2.000000  0.999985  0.002306  0.005058  -0.002309  0.999997  0.000402  -0.005057  -0.000414  0.999987  0.999999  -0.000003  0.001070  0.000003  1.000000  -0.000364  -0.001070  0.000364  0.999999  1.000000  0.000000  0.000000  0.000000  1.000000  0.000000  0.000000  0.000000  1.000000  0.999985  0.002306  0.005058  -0.002309  0.999997  0.000402  -0.005057  -0.000414  0.999987  0.000000  0.000000  
202.320631 0.002893  0.094320  0.003118  0.994991  0.099243  0.011957  -0.099265  0.995060  0.001245  -0.011774  -0.002426  0.999928  -0.001335  -0.003854  -0.000262  0.000000  0.000000  0.000000  2.000000  0.999985  0.002306  0.005058  -0.002309  0.999997  0.000402  -0.005057  -0.000414  0.999987  0.999999  -0.000208  0.001070  0.000209  1.000000  -0.000361  -0.001070  0.000362  0.999999  1.000000  0.000000  0.000000  0.000000  1.000000  0.000000  0.000000  0.000000  1.000000  0.999985  0.002306  0.005058  -0.002309  0.999997  0.000402  -0.005057  -0.000414  0.999987  0.000000  0.000000  
202.321631 0.002891  0.094315  0.003118  0.995012  0.099038  0.011956  -0.099060  0.995081  0.001248  -0.011774  -0.002426  0.999928  -0.001377  -0.003887  -0.000246  0.000000  0.000000  0.000000  2.000000  0.999985  0.002306  0.005058  -0.002309  0.999997  0.000402  -0.005057  -0.000414  0.999987  0.999999  -0.000414  0.000936  0.000414  1.000000  -0.000359  -0.000935  0.000359  0.999999  1.000000  0.000000  0.000000  0.000000  1.000000  0.000000  0.000000  0.000000  1.000000  0.999985  0.002306  0.005058  -0.002309  0.999997  0.000402  -0.005057  -0.000414  0.999987  0.000000  0.000000  
202.322632 0.002890  0.094312  0.003118  0.995010  0.099038  0.012090  -0.099060  0.995081  0.001234  -0.011908  -0.002426  0.999926  -0.001384  -0.003891  -0.000210  0.000000  0.000000  0.000000  2.000000  0.999985  0.002306  0.005058  -0.002309  0.999997  0.000402  -0.005057  -0.000414  0.999987  0.999999  -0.000414  0.001069  0.000415  1.000000  -0.000359  -0.001069  0.000359  0.999999  1.000000  0.000000  0.000000  0.000000  1.000000  0.000000  0.000000  0.000000  1.000000  0.999985  0.002306  0.005058  -0.002309  0.999997  0.000402  -0.005057  -0.000414  0.999987  0.000000  0.000000  
202.323879 0.002890  0.094307  0.003117  0.994990  0.099243  0.012090  -0.099265  0.995060  0.001232  -0.011908  -0.002426  0.999926  -0.001341  -0.003867  -0.000220  0.000000  0.000000  0.000000  2.000000  0.999985  0.002306  0.005058  -0.002309  0.999997  0.000402  -0.005057  -0.000414  0.999987  0.999999  -0.000414  0.000936  0.000414  1.000000  -0.000238  -0.000935  0.000238  1.000000  1.000000  0.000000  0.000000  0.000000  1.000000  0.000000  0.000000  0.000000  1.000000  0.999985  0.002306  0.005058  -0.002309  0.999997  0.000402  -0.005057  -0.000414  0.999987  0.000000  0.000000  
202.324880 0.002889  0.094304  0.003117  0.994988  0.099243  0.012223  -0.099265  0.995060  0.001219  -0.012042  -0.002426  0.999925  -0.001275  -0.003885  -0.000244  0.000000  0.000000  0.000000  2.000000  0.999985  0.002306  0.005058  -0.002309  0.999997  0.000402  -0.005057  -0.000414  0.999987  0.999999  -0.000003  0.001070  0.000003  1.000000  -0.000243  -0.001070  0.000243  0.999999  1.000000  0.000000  0.000000  0.000000  1.000000  0.000000  0.000000  0.000000  1.000000  0.999985  0.002306  0.005058  -0.002309  0.999997  0.000402  -0.005057  -0.000414  0.999987  0.000000  0.000000  
202.325882 0.002889  0.094301  0.003117  0.994988  0.099243  0.012223  -0.099265  0.995060  0.001219  -0.012042  -0.002426  0.999925  -0.001245  -0.003855  -0.000223  0.000000  0.000000  0.000000  2.000000  0.999985  0.002306  0.005058  -0.002309  0.999997  0.000402  -0.005057  -0.000414  0.999987  1.000000  -0.000002  0.000937  0.000002  1.000000  -0.000243  -0.000937  0.000243  1.000000  1.000000  0.000000  0.000000  0.000000  1.000000  0.000000  0.000000  0.000000  1.000000  0.999985  0.002306  0.005058  -0.002309  0.999997  0.000402  -0.005057  -0.000414  0.999987  0.000000  0.000000  
202.327126 0.002889  0.094298  0.003117  0.995007  0.099037  0.012356  -0.099060  0.995081  0.001208  -0.012175  -0.002426  0.999923  -0.001125  -0.003789  -0.000217  0.000000  0.000000  0.000000  2.000000  0.999985  0.002306  0.005058  -0.002309  0.999997  0.000402  -0.005057  -0.000414  0.999987  0.999999  -0.000208  0.001070  0.000209  1.000000  -0.000240  -0.001070  0.000240  0.999999  1.000000  0.000000  0.000000  0.000000  1.000000  0.000000  0.000000  0.000000  1.000000  0.999985  0.002306  0.005058  -0.002309  0.999997  0.000402  -0.005057  -0.000414  0.999987  0.000000  0.000000  
202.328131 0.002889  0.094296  0.003118  0.995007  0.099037  0.012356  -0.099060  0.995081  0.001208  -0.012175  -0.002426  0.999923  -0.001023  -0.003698  -0.000190  0.000000  0.000000  0.000000  2.000000  0.999985  0.002306  0.005058  -0.002309  0.999997  0.000402  -0.005057  -0.000414  0.999987  1.000000  -0.000208  0.000936  0.000208  1.000000  -0.000240  -0.000936  0.000240  1.000000  1.000000  0.000000  0.000000  0.000000  1.000000  0.000000  0.000000  0.000000  1.000000  0.999985  0.002306  0.005058  -0.002309  0.999997  0.000402  -0.005057  -0.000414  0.999987  0.000000  0.000000  
202.329381 0.002890  0.094293  0.003119  0.995007  0.099037  0.012356  -0.099060  0.995081  0.001208  -0.012175  -0.002426  0.999923  -0.000881  -0.003536  -0.000098  0.000000  0.000000  0.000000  2.000000  0.999985  0.002306  0.005058  -0.002309  0.999997  0.000402  -0.005057  -0.000414  0.999987  1.000000  -0.000208  0.000936  0.000208  1.000000  -0.000119  -0.000936  0.000119  1.000000  1.000000  0.000000  0.000000  0.000000  1.000000  0.000000  0.000000  0.000000  1.000000  0.999985  0.002306  0.005058  -0.002309  0.999997  0.000402  -0.005057  -0.000414  0.999987  0.000000  0.000000  
202.330629 0.002890  0.094290  0.003119  0.995005  0.099037  0.012489  -0.099060  0.995081  0.001195  -0.012309  -0.002426  0.999921  -0.000705  -0.003343  -0.000024  0.000000  0.000000  0.000000  2.000000  0.999985  0.002306  0.005058  -0.002309  0.999997  0.000402  -0.005057  -0.000414  0.999987  1.000000  -0.000002  0.000937  0.000002  1.000000  -0.000121  -0.000937  0.000121  1.000000  1.000000  0.000000  0.000000  0.000000  1.000000  0.000000  0.000000  0.000000  1.000000  0.999985  0.002306  0.005058  -0.002309  0.999997  0.000402  -0.005057  -0.000414  0.999987  0.000000  0.000000  
202.331876 0.002891  0.094288  0.003121  0.995005  0.099037  0.012489  -0.099060  0.995081  0.001195  -0.012309  -0.002426  0.999921  -0.000499  -0.003150  0.000118  0.000000  0.000000  0.000000  2.000000  0.999985  0.002306  0.005058  -0.002309  0.999997  0.000402  -0.005057  -0.000414  0.999987  1.000000  -0.000002  0.000937  0.000002  1.000000  -0.000121  -0.000937  0.000121  1.000000  1.000000  0.000000  0.000000  0.000000  1.000000  0.000000  0.000000  0.000000  1.000000  0.999985  0.002306  0.005058  -0.002309  0.999997  0.000402  -0.005057  -0.000414  0.999987  0.000000  0.000000  
202.332878 0.002891  0.094286  0.003122  0.995004  0.099037  0.012622  -0.099059  0.995081  0.001181  -0.012443  -0.002426  0.999920  -0.000359  -0.002990  0.000209  0.000000  0.000000  0.000000  2.000000  0.999985  0.002306  0.005058  -0.002309  0.999997  0.000402  -0.005057  -0.000414  0.999987  0.999999  -0.000003  0.001070  0.000003  1.000000  -0.000121  -0.001070  0.000121  0.999999  1.000000  0.000000  0.000000  0.000000  1.000000  0.000000  0.000000  0.000000  1.000000  0.999985  0.002306  0.005058  -0.002309  0.999997  0.000402  -0.005057  -0.000414  0.999987  0.000000  0.000000  
202.333878 0.002893  0.094284  0.003123  0.995004  0.099037  0.012622  -0.099059  0.995081  0.001181  -0.012443  -0.002426  0.999920  -0.000139  -0.002773  0.000356  0.000000  0.000000  0.000000  2.000000  0.999985  0.002306  0.005058  -0.002309  0.999997  0.000402  -0.005057  -0.000414  0.999987  1.000000  -0.000002  0.000937  0.000002  1.000000  0.000000  -0.000937  0.000000  1.000000  1.000000  0.000000  0.000000  0.000000  1.000000  0.000000  0.000000  0.000000  1.000000  0.999985  0.002306  0.005058  -0.002309  0.999997  0.000402  -0.005057  -0.000414  0.999987  0.000000  0.000000  
202.334878 0.002895  0.094283  0.003125  0.995002  0.099036  0.012755  -0.099059  0.995081  0.001168  -0.012577  -0.002426  0.999918  0.000045  -0.002617  0.000403  0.000000  0.000000  0.000000  2.000000  0.999985  0.002306  0.005058  -0.002309  0.999997  0.000402  -0.005057  -0.000414  0.999987  0.999999  -0.000003  0.001070  0.000003  1.000000  0.000000  -0.001070  0.000000  0.999999  1.000000  0.000000  0.000000  0.000000  1.000000  0.000000  0.000000  0.000000  1.000000  0.999985  0.002306  0.005058  -0.002309  0.999997  0.000402  -0.005057  -0.000414  0.999987  0.000000  0.000000  
202.336130 0.002896  0.094281  0.003127  0.995002  0.099036  0.012755  -0.099059  0.995081  0.001168  -0.012577  -0.002426  0.999918  0.000251  -0.002424  0.000546  0.000000  0.000000  0.000000  2.000000  0.999985  0.002306  0.005058  -0.002309  0.999997  0.000402  -0.005057  -0.000414  0.999987  1.000000  -0.000002  0.000937  0.000002  1.000000  0.000000  -0.000937  0.000000  1.000000  1.000000  0.000000  0.000000  0.000000  1.000000  0.000000  0.000000  0.000000  1.000000  0.999985  0.002306  0.005058  -0.002309  0.999997  0.000402  -0.005057  -0.000414  0.999987  0.000000  0.000000  
202.337141 0.002898  0.094280  0.003128  0.995000  0.099035  0.012900  -0.099059  0.995081  0.001276  -0.012711  -0.002547  0.999916  0.000501  -0.002219  0.000678  0.000000  0.000000  0.000000  2.000000  0.999985  0.002306  0.005058  -0.002309  0.999997  0.000402  -0.005057  -0.000414  0.999987  0.999999  -0.000003  0.001070  0.000003  1.000000  0.000121  -0.001070  -0.000121  0.999999  1.000000  0.000000  0.000000  0.000000  1.000000  0.000000  0.000000  0.000000  1.000000  0.999985  0.002306  0.005058  -0.002309  0.999997  0.000402  -0.005057  -0.000414  0.999987  0.000000  0.000000  
202.338383 0.002901  0.094279  0.003129  0.995000  0.099035  0.012900  -0.099059  0.995081  0.001276  -0.012711  -0.002547  0.999916  0.000718  -0.002006  0.000782  0.000000  0.000000  0.000000  2.000000  0.999985  0.002306  0.005058  -0.002309  0.999997  0.000402  -0.005057  -0.000414  0.999987  1.000000  -0.000002  0.000937  0.000002  1.000000  0.000121  -0.000937  -0.000121  1.000000  1.000000  0.000000  0.000000  0.000000  1.000000  0.000000  0.000000  0.000000  1.000000  0.999985  0.002306  0.005058  -0.002309  0.999997  0.000402  -0.005057  -0.000414  0.999987  0.000000  0.000000  
202.339628 0.002903  0.094277  0.003130  0.994999  0.099034  0.013033  -0.099059  0.995081  0.001262  -0.012844  -0.002547  0.999914  0.000911  -0.001855  0.000883  0.000000  0.000000  0.000000  2.000000  0.999985  0.002306  0.005058  -0.002309  0.999997  0.000402  -0.005057  -0.000414  0.999987  1.000000  -0.000208  0.000936  0.000208  1.000000  0.000124  -0.000936  -0.000124  1.000000  1.000000  0.000000  0.000000  0.000000  1.000000  0.000000  0.000000  0.000000  1.000000  0.999985  0.002306  0.005058  -0.002309  0.999997  0.000402  -0.005057  -0.000414  0.999987  0.000000  0.000000  
202.340882 0.002905  0.094276  0.003131  0.994999  0.099034  0.013033  -0.099059  0.995081  0.001262  -0.012844  -0.002547  0.999914  0.001106  -0.001678  0.000970  0.000000  0.000000  0.000000  2.000000  0.999985  0.002306  0.005058  -0.002309  0.999997  0.000402  -0.005057  -0.000414  0.999987  0.999999  -0.000209  0.001070  0.000208  1.000000  0.000124  -0.001070  -0.000124  0.999999  1.000000  0.000000  0.000000  0.000000  1.000000  0.000000  0.000000  0.000000  1.000000  0.999985  0.002306  0.005058  -0.002309  0.999997  0.000402  -0.005057  -0.000414  0.999987  0.000000  0.000000  
202.342130 0.002908  0.094274  0.003132  0.994997  0.099032  0.013179  -0.099059  0.995081  0.001370  -0.012978  -0.002668  0.999912  0.001284  -0.001545  0.001012  0.000000  0.000000  0.000000  2.000000  0.999985  0.002306  0.005058  -0.002309  0.999997  0.000402  -0.005057  -0.000414  0.999987  0.999999  -0.000003  0.001070  0.000003  1.000000  0.000243  -0.001070  -0.000243  0.999999  1.000000  0.000000  0.000000  0.000000  1.000000  0.000000  0.000000  0.000000  1.000000  0.999985  0.002306  0.005058  -0.002309  0.999997  0.000402  -0.005057  -0.000414  0.999987  0.000000  0.000000  
202.343137 0.002910  0.094274  0.003133  0.994997  0.099032  0.013179  -0.099059  0.995081  0.001370  -0.012978  -0.002668  0.999912  0.001417  -0.001436  0.001064  0.000000  0.000000  0.000000  2.000000  0.999985  0.002306  0.005058  -0.002309  0.999997  0.000402  -0.005057  -0.000414  0.999987  0.999999  -0.000003  0.001070  0.000003  1.000000  0.000243  -0.001070  -0.000243  0.999999  1.000000  0.000000  0.000000  0.000000  1.000000  0.000000  0.000000  0.000000  1.000000  0.999985  0.002306  0.005058  -0.002309  0.999997  0.000402  -0.005057  -0.000414  0.999987  0.000000  0.000000  
202.344377 0.002912  0.094273  0.003134  0.994975  0.099237  0.013312  -0.099263  0.995060  0.001354  -0.013112  -0.002668  0.999910  0.001511  -0.001338  0.001048  0.000000  0.000000  0.000000  2.000000  0.999985  0.002306  0.005058  -0.002309  0.999997  0.000402  -0.005057  -0.000414  0.999987  0.999999  -0.000209  0.001070  0.000208  1.000000  0.000245  -0.001070  -0.000245  0.999999  1.000000  0.000000  0.000000  0.000000  1.000000  0.000000  0.000000  0.000000  1.000000  0.999985  0.002306  0.005058  -0.002309  0.999997  0.000402  -0.005057  -0.000414  0.999987  0.000000  0.000000  
