1-Time 2-Px 3-Py 4-Pz 5-R11 6-R21 7-R31 8-R12 9-R22 10-R32 11-R13 12-R23 13-R33 14-Vx 15-Vy 16-Vz 17-Wx 18-Wy 19-Wz 20-state 21-PR11 22-PR21 23-PR31 24-PR12 25-PR22 26-PR32 27-PR13 28-PR23 29-PR33 
93.440983 -0.004478  0.085773  0.002414  0.995161  0.087167  0.045338  -0.087914  0.996019  0.014746  -0.043872  -0.018661  0.998863  0.001699  0.001327  0.001008  0.000000  0.000000  0.000000  2.000000  1.000000  0.000000  0.000000  -0.000000  1.000000  0.000000  0.000000  -0.000000  1.000000  1.000000  -0.000000  0.000000  -0.000000  1.000000  0.000000  0.000000  -0.000000  1.000000  1.000000  0.000000  0.000000  0.000000  1.000000  0.000000  0.000000  0.000000  1.000000  0.677676  0.678561  -0.283392  -0.674966  0.726922  0.126513  0.291851  0.105545  0.950623  0.000000  0.000000  
93.441996 -0.004476  0.085775  0.002415  0.995161  0.087167  0.045338  -0.087914  0.996019  0.014746  -0.043872  -0.018661  0.998863  0.001697  0.001325  0.001007  0.000000  0.000000  0.000000  2.000000  1.000000  0.000000  0.000000  0.000000  1.000000  0.000000  0.000000  0.000000  1.000000  1.000000  -0.000000  0.000000  -0.000000  1.000000  0.000000  0.000000  -0.000000  1.000000  1.000000  0.000000  0.000000  0.000000  1.000000  0.000000  0.000000  0.000000  1.000000  1.000000  0.000000  0.000000  0.000000  1.000000  0.000000  0.000000  0.000000  1.000000  0.000000  0.000000  
93.443226 -0.004477  0.085772  0.002416  0.995101  0.087780  0.045480  -0.088528  0.995965  0.014706  -0.044006  -0.018661  0.998857  0.001500  0.001030  0.000973  0.000000  0.000000  0.000000  2.000000  1.000000  0.000000  0.000000  0.000000  1.000000  0.000000  0.000000  0.000000  1.000000  1.000000  0.000409  0.000141  -0.000409  1.000000  -0.000018  -0.000141  0.000018  1.000000  1.000000  0.000000  0.000000  0.000000  1.000000  0.000000  0.000000  0.000000  1.000000  1.000000  0.000000  0.000000  0.000000  1.000000  0.000000  0.000000  0.000000  1.000000  0.000000  0.000000  
93.444237 -0.004478  0.085769  0.002417  0.995053  0.088185  0.045752  -0.088937  0.995929  0.014664  -0.044273  -0.018660  0.998845  0.001317  0.000760  0.000985  0.000000  0.000000  0.000000  2.000000  1.000000  0.000000  0.000000  0.000000  1.000000  0.000000  0.000000  0.000000  1.000000  0.999999  0.001023  0.000287  -0.001023  0.999999  -0.000045  -0.000287  0.000045  1.000000  1.000000  0.000000  0.000000  0.000000  1.000000  0.000000  0.000000  0.000000  1.000000  1.000000  0.000000  0.000000  0.000000  1.000000  0.000000  0.000000  0.000000  1.000000  0.000000  0.000000  
93.445241 -0.004479  0.085767  0.002418  0.995010  0.088593  0.045891  -0.089346  0.995893  0.014633  -0.044407  -0.018660  0.998839  0.001149  0.000487  0.000969  0.000000  0.000000  0.000000  2.000000  1.000000  0.000000  0.000000  0.000000  1.000000  0.000000  0.000000  0.000000  1.000000  0.999999  0.001429  0.000562  -0.001429  0.999999  -0.000064  -0.000562  0.000063  1.000000  1.000000  0.000000  0.000000  0.000000  1.000000  0.000000  0.000000  0.000000  1.000000  1.000000  0.000000  0.000000  0.000000  1.000000  0.000000  0.000000  0.000000  1.000000  0.000000  0.000000  
93.446246 -0.004479  0.085764  0.002419  0.994980  0.088787  0.046171  -0.089550  0.995874  0.014720  -0.044674  -0.018781  0.998825  0.000976  0.000173  0.001004  0.000000  0.000000  0.000000  2.000000  1.000000  0.000000  0.000000  0.000000  1.000000  0.000000  0.000000  0.000000  1.000000  0.999998  0.001630  0.000834  -0.001630  0.999999  0.000048  -0.000833  -0.000049  1.000000  1.000000  0.000000  0.000000  0.000000  1.000000  0.000000  0.000000  0.000000  1.000000  1.000000  0.000000  0.000000  0.000000  1.000000  0.000000  0.000000  0.000000  1.000000  0.000000  0.000000  
93.447475 -0.004481  0.085760  0.002421  0.994943  0.089197  0.046177  -0.089959  0.995837  0.014701  -0.044674  -0.018781  0.998825  0.000699  -0.000207  0.001014  0.000000  0.000000  0.000000  2.000000  1.000000  0.000000  0.000000  0.000000  1.000000  0.000000  0.000000  0.000000  1.000000  0.999998  0.002041  0.000841  -0.002041  0.999998  0.000029  -0.000841  -0.000031  1.000000  1.000000  0.000000  0.000000  0.000000  1.000000  0.000000  0.000000  0.000000  1.000000  1.000000  0.000000  0.000000  0.000000  1.000000  0.000000  0.000000  0.000000  1.000000  0.000000  0.000000  
93.448478 -0.004484  0.085757  0.002422  0.994906  0.089601  0.046194  -0.090369  0.995798  0.014803  -0.044674  -0.018902  0.998823  0.000453  -0.000468  0.001056  0.000000  0.000000  0.000000  2.000000  1.000000  0.000000  0.000000  0.000000  1.000000  0.000000  0.000000  0.000000  1.000000  0.999997  0.002247  0.000845  -0.002247  0.999997  0.000141  -0.000845  -0.000143  1.000000  1.000000  0.000000  0.000000  0.000000  1.000000  0.000000  0.000000  0.000000  1.000000  1.000000  0.000000  0.000000  0.000000  1.000000  0.000000  0.000000  0.000000  1.000000  0.000000  0.000000  
93.449733 -0.004486  0.085754  0.002424  0.994856  0.090213  0.046081  -0.090984  0.995741  0.014908  -0.044540  -0.019024  0.998826  0.000150  -0.000798  0.001071  0.000000  0.000000  0.000000  2.000000  1.000000  0.000000  0.000000  0.000000  1.000000  0.000000  0.000000  0.000000  1.000000  0.999996  0.002866  0.000723  -0.002866  0.999996  0.000114  -0.000723  -0.000116  1.000000  1.000000  0.000000  0.000000  0.000000  1.000000  0.000000  0.000000  0.000000  1.000000  1.000000  0.000000  0.000000  0.000000  1.000000  0.000000  0.000000  0.000000  1.000000  0.000000  0.000000  
93.450980 -0.004488  0.085750  0.002425  0.994793  0.090826  0.046224  -0.091598  0.995685  0.014867  -0.044674  -0.019023  0.998820  -0.000148  -0.001151  0.001098  0.000000  0.000000  0.000000  2.000000  1.000000  0.000000  0.000000  0.000000  1.000000  0.000000  0.000000  0.000000  1.000000  0.999993  0.003686  0.000873  -0.003686  0.999993  0.000198  -0.000872  -0.000201  1.000000  1.000000  0.000000  0.000000  0.000000  1.000000  0.000000  0.000000  0.000000  1.000000  1.000000  0.000000  0.000000  0.000000  1.000000  0.000000  0.000000  0.000000  1.000000  0.000000  0.000000  
93.451985 -0.004489  0.085748  0.002426  0.994731  0.091433  0.046377  -0.092212  0.995627  0.014947  -0.044808  -0.019145  0.998812  -0.000352  -0.001425  0.001051  0.000000  0.000000  0.000000  2.000000  1.000000  0.000000  0.000000  0.000000  1.000000  0.000000  0.000000  0.000000  1.000000  0.999991  0.004095  0.001015  -0.004095  0.999992  0.000301  -0.001014  -0.000305  0.999999  1.000000  0.000000  0.000000  0.000000  1.000000  0.000000  0.000000  0.000000  1.000000  1.000000  0.000000  0.000000  0.000000  1.000000  0.000000  0.000000  0.000000  1.000000  0.000000  0.000000  
93.452985 -0.004490  0.085745  0.002427  0.994687  0.091840  0.046516  -0.092621  0.995590  0.014915  -0.044941  -0.019144  0.998806  -0.000540  -0.001672  0.001053  0.000000  0.000000  0.000000  2.000000  1.000000  0.000000  0.000000  0.000000  1.000000  0.000000  0.000000  0.000000  1.000000  0.999988  0.004709  0.001160  -0.004709  0.999989  0.000272  -0.001159  -0.000278  0.999999  1.000000  0.000000  0.000000  0.000000  1.000000  0.000000  0.000000  0.000000  1.000000  1.000000  0.000000  0.000000  0.000000  1.000000  0.000000  0.000000  0.000000  1.000000  0.000000  0.000000  
93.453990 -0.004492  0.085743  0.002428  0.994617  0.092444  0.046803  -0.093234  0.995531  0.014982  -0.045209  -0.019265  0.998792  -0.000786  -0.001932  0.001095  0.012362  -0.048339  0.178713  2.000000  1.000000  0.000034  0.000128  -0.000034  1.000000  0.000006  -0.000128  -0.000006  1.000000  0.999986  0.005115  0.001436  -0.005116  0.999987  0.000252  -0.001434  -0.000260  0.999999  1.000000  0.000016  0.000064  -0.000016  1.000000  0.000003  -0.000064  -0.000003  1.000000  1.000000  0.000034  0.000128  -0.000034  1.000000  0.000006  -0.000128  -0.000006  1.000000  0.000045  0.005319  
93.454995 -0.004494  0.085741  0.002431  0.994547  0.093054  0.047078  -0.093847  0.995475  0.014928  -0.045476  -0.019265  0.998780  -0.001015  -0.002162  0.001185  0.011412  -0.057720  0.199265  2.000000  1.000000  0.000088  0.000336  -0.000088  1.000000  0.000020  -0.000336  -0.000020  1.000000  0.999982  0.005729  0.001582  -0.005730  0.999984  0.000345  -0.001580  -0.000354  0.999999  1.000000  0.000019  0.000072  -0.000019  1.000000  0.000004  -0.000072  -0.000004  1.000000  1.000000  0.000088  0.000336  -0.000088  1.000000  0.000020  -0.000336  -0.000020  1.000000  0.000050  0.005954  
93.455997 -0.004496  0.085737  0.002433  0.994483  0.093666  0.047220  -0.094461  0.995417  0.014887  -0.045610  -0.019265  0.998774  -0.001247  -0.002490  0.001262  0.010469  -0.062596  0.219861  2.000000  1.000000  0.000146  0.000568  -0.000146  1.000000  0.000032  -0.000568  -0.000032  1.000000  0.999978  0.006341  0.001861  -0.006342  0.999980  0.000315  -0.001859  -0.000327  0.999998  1.000000  0.000019  0.000080  -0.000019  1.000000  0.000004  -0.000080  -0.000004  1.000000  1.000000  0.000146  0.000568  -0.000146  1.000000  0.000032  -0.000568  -0.000032  1.000000  0.000056  0.006616  
93.457237 -0.004500  0.085730  0.002435  0.994419  0.094278  0.047362  -0.095074  0.995359  0.014845  -0.045743  -0.019265  0.998767  -0.001606  -0.002955  0.001315  0.009528  -0.067504  0.240573  2.000000  1.000000  0.000231  0.000912  -0.000231  1.000000  0.000047  -0.000912  -0.000047  1.000000  0.999974  0.006955  0.002007  -0.006956  0.999976  0.000286  -0.002005  -0.000300  0.999998  1.000000  0.000022  0.000088  -0.000022  1.000000  0.000004  -0.000088  -0.000004  1.000000  1.000000  0.000231  0.000912  -0.000231  1.000000  0.000047  -0.000912  -0.000047  1.000000  0.000061  0.007245  
93.458491 -0.004504  0.085722  0.002437  0.994354  0.094890  0.047505  -0.095688  0.995301  0.014803  -0.045877  -0.019265  0.998761  -0.001833  -0.003306  0.001403  0.008579  -0.072376  0.261154  2.000000  0.999999  0.000324  0.001286  -0.000325  1.000000  0.000061  -0.001286  -0.000061  0.999999  0.999969  0.007570  0.002152  -0.007570  0.999971  0.000257  -0.002150  -0.000273  0.999998  1.000000  0.000024  0.000095  -0.000024  1.000000  0.000003  -0.000095  -0.000003  1.000000  0.999999  0.000324  0.001286  -0.000325  1.000000  0.000061  -0.001286  -0.000061  0.999999  0.000066  0.007874  
93.459741 -0.004508  0.085714  0.002440  0.994308  0.095298  0.047644  -0.096097  0.995262  0.014770  -0.046010  -0.019265  0.998755  -0.002032  -0.003609  0.001498  0.007940  -0.077136  0.274896  2.000000  0.999998  0.000424  0.001684  -0.000424  1.000000  0.000073  -0.001684  -0.000074  0.999999  0.999966  0.007978  0.002294  -0.007979  0.999968  0.000237  -0.002292  -0.000255  0.999997  1.000000  0.000025  0.000101  -0.000025  1.000000  0.000003  -0.000101  -0.000003  1.000000  0.999998  0.000424  0.001684  -0.000424  1.000000  0.000073  -0.001684  -0.000074  0.999999  0.000070  0.008305  
93.460744 -0.004511  0.085708  0.002443  0.994262  0.095705  0.047783  -0.096506  0.995223  0.014738  -0.046144  -0.019264  0.998749  -0.002146  -0.003819  0.001639  0.007298  -0.081883  0.288594  2.000000  0.999998  0.000502  0.001999  -0.000502  1.000000  0.000081  -0.001999  -0.000082  0.999998  0.999962  0.008387  0.002435  -0.008388  0.999965  0.000216  -0.002433  -0.000237  0.999997  1.000000  0.000026  0.000106  -0.000026  1.000000  0.000003  -0.000106  -0.000003  1.000000  0.999998  0.000502  0.001999  -0.000502  1.000000  0.000081  -0.001999  -0.000082  0.999998  0.000073  0.008736  
93.461985 -0.004514  0.085698  0.002445  0.994210  0.096104  0.048067  -0.096914  0.995183  0.014813  -0.046411  -0.019385  0.998734  -0.002267  -0.004260  0.001674  0.010712  -0.091171  0.302301  2.000000  0.999997  0.000609  0.002442  -0.000609  1.000000  0.000096  -0.002442  -0.000098  0.999997  0.999958  0.008793  0.002712  -0.008794  0.999961  0.000316  -0.002709  -0.000340  0.999996  1.000000  0.000026  0.000112  -0.000026  1.000000  0.000004  -0.000112  -0.000004  1.000000  0.999997  0.000609  0.002442  -0.000609  1.000000  0.000096  -0.002442  -0.000098  0.999997  0.000077  0.009207  
93.462992 -0.004516  0.085690  0.002447  0.994158  0.096502  0.048350  -0.097322  0.995142  0.014888  -0.046679  -0.019506  0.998719  -0.002231  -0.004572  0.001672  0.014116  -0.100416  0.315861  2.000000  0.999996  0.000689  0.002791  -0.000690  1.000000  0.000109  -0.002791  -0.000111  0.999996  0.999954  0.009201  0.002854  -0.009202  0.999958  0.000417  -0.002850  -0.000443  0.999996  1.000000  0.000027  0.000117  -0.000027  1.000000  0.000005  -0.000117  -0.000005  1.000000  0.999996  0.000689  0.002791  -0.000690  1.000000  0.000109  -0.002791  -0.000111  0.999996  0.000081  0.009643  
93.463994 -0.004517  0.085682  0.002447  0.994105  0.096907  0.048622  -0.097730  0.995102  0.014842  -0.046946  -0.019506  0.998707  -0.002173  -0.004907  0.001650  0.013445  -0.109665  0.329496  2.000000  0.999995  0.000768  0.003159  -0.000768  1.000000  0.000124  -0.003159  -0.000127  0.999995  0.999949  0.009607  0.003130  -0.009608  0.999954  0.000395  -0.003126  -0.000425  0.999995  1.000000  0.000026  0.000124  -0.000026  1.000000  0.000005  -0.000124  -0.000005  1.000000  0.999995  0.000768  0.003159  -0.000768  1.000000  0.000124  -0.003159  -0.000127  0.999995  0.000085  0.010113  
93.465251 -0.004518  0.085672  0.002449  0.994079  0.097103  0.048770  -0.097934  0.995081  0.014939  -0.047080  -0.019627  0.998698  -0.002093  -0.005390  0.001607  0.017176  -0.114267  0.336182  2.000000  0.999993  0.000870  0.003669  -0.000871  1.000000  0.000149  -0.003669  -0.000152  0.999993  0.999946  0.009807  0.003402  -0.009809  0.999952  0.000504  -0.003397  -0.000538  0.999994  1.000000  0.000024  0.000127  -0.000024  1.000000  0.000007  -0.000127  -0.000007  1.000000  0.999993  0.000870  0.003669  -0.000871  1.000000  0.000149  -0.003669  -0.000152  0.999993  0.000089  0.010394  
93.466477 -0.004518  0.085663  0.002450  0.994026  0.097502  0.049054  -0.098342  0.995039  0.015014  -0.047347  -0.019748  0.998683  -0.001981  -0.005753  0.001618  0.020590  -0.123641  0.350107  2.000000  0.999991  0.000964  0.004178  -0.000964  1.000000  0.000176  -0.004178  -0.000180  0.999991  0.999948  0.009598  0.003533  -0.009601  0.999954  0.000633  -0.003527  -0.000667  0.999994  1.000000  0.000022  0.000126  -0.000022  1.000000  0.000008  -0.000126  -0.000008  1.000000  0.999991  0.000964  0.004178  -0.000964  1.000000  0.000176  -0.004178  -0.000180  0.999991  0.000091  0.010249  
93.467484 -0.004518  0.085655  0.002450  0.994019  0.097499  0.049187  -0.098341  0.995040  0.015000  -0.047481  -0.019748  0.998677  -0.001928  -0.006163  0.001644  0.020568  -0.128147  0.350052  2.000000  0.999989  0.001030  0.004555  -0.001031  0.999999  0.000200  -0.004555  -0.000204  0.999990  0.999950  0.009393  0.003529  -0.009395  0.999956  0.000641  -0.003523  -0.000674  0.999994  1.000000  0.000021  0.000124  -0.000021  1.000000  0.000008  -0.000124  -0.000008  1.000000  0.999989  0.001030  0.004555  -0.001031  0.999999  0.000200  -0.004555  -0.000204  0.999990  0.000093  0.010056  
93.468487 -0.004519  0.085646  0.002451  0.993993  0.097695  0.049335  -0.098545  0.995018  0.015098  -0.047614  -0.019869  0.998668  -0.001850  -0.006589  0.001538  0.024302  -0.132786  0.356836  2.000000  0.999987  0.001095  0.004925  -0.001096  0.999999  0.000224  -0.004925  -0.000229  0.999988  0.999950  0.009395  0.003395  -0.009398  0.999956  0.000640  -0.003389  -0.000672  0.999994  1.000000  0.000022  0.000123  -0.000022  1.000000  0.000008  -0.000123  -0.000008  1.000000  0.999987  0.001095  0.004925  -0.001096  0.999999  0.000224  -0.004925  -0.000229  0.999988  0.000095  0.010012  
93.469743 -0.004519  0.085636  0.002451  0.993960  0.097895  0.049604  -0.098749  0.994998  0.015061  -0.047882  -0.019869  0.998655  -0.001715  -0.007096  0.001377  0.023934  -0.141891  0.363523  2.000000  0.999985  0.001177  0.005414  -0.001179  0.999999  0.000261  -0.005413  -0.000267  0.999985  0.999952  0.009187  0.003526  -0.009189  0.999958  0.000647  -0.003520  -0.000680  0.999994  1.000000  0.000019  0.000121  -0.000019  1.000000  0.000008  -0.000121  -0.000008  1.000000  0.999985  0.001177  0.005414  -0.001179  0.999999  0.000261  -0.005413  -0.000267  0.999985  0.000098  0.009863  
93.470975 -0.004520  0.085625  0.002452  0.993927  0.098094  0.049873  -0.098952  0.994979  0.015025  -0.048149  -0.019868  0.998643  -0.001611  -0.007467  0.001315  0.023388  -0.149869  0.367451  2.000000  0.999982  0.001257  0.005901  -0.001259  0.999999  0.000293  -0.005901  -0.000301  0.999983  0.999952  0.009186  0.003526  -0.009189  0.999958  0.000646  -0.003520  -0.000678  0.999994  1.000000  0.000019  0.000121  -0.000019  1.000000  0.000008  -0.000121  -0.000008  1.000000  0.999982  0.001257  0.005901  -0.001259  0.999999  0.000293  -0.005901  -0.000301  0.999983  0.000099  0.009862  
93.471997 -0.004521  0.085616  0.002453  0.993893  0.098294  0.050142  -0.099156  0.994959  0.014988  -0.048416  -0.019868  0.998630  -0.001451  -0.007774  0.001206  0.023517  -0.160005  0.370088  2.000000  0.999980  0.001305  0.006265  -0.001307  0.999999  0.000316  -0.006265  -0.000324  0.999980  0.999953  0.008976  0.003790  -0.008978  0.999960  0.000532  -0.003785  -0.000566  0.999993  1.000000  0.000015  0.000121  -0.000015  1.000000  0.000007  -0.000121  -0.000007  1.000000  0.999980  0.001305  0.006265  -0.001307  0.999999  0.000316  -0.006265  -0.000324  0.999980  0.000101  0.009759  
93.473236 -0.004524  0.085604  0.002454  0.993880  0.098295  0.050396  -0.099154  0.994961  0.014841  -0.048683  -0.019747  0.998619  -0.001317  -0.008039  0.001143  0.019991  -0.159772  0.356402  2.000000  0.999976  0.001350  0.006742  -0.001352  0.999999  0.000339  -0.006742  -0.000348  0.999977  0.999955  0.008559  0.004048  -0.008561  0.999963  0.000429  -0.004045  -0.000463  0.999992  1.000000  0.000010  0.000118  -0.000010  1.000000  0.000006  -0.000118  -0.000006  1.000000  0.999976  0.001350  0.006742  -0.001352  0.999999  0.000339  -0.006742  -0.000348  0.999977  0.000098  0.009479  
93.474240 -0.004526  0.085594  0.002455  0.993867  0.098290  0.050662  -0.099153  0.994962  0.014814  -0.048951  -0.019746  0.998606  -0.001235  -0.008260  0.001066  0.020890  -0.163900  0.335642  2.000000  0.999974  0.001364  0.007093  -0.001366  0.999999  0.000354  -0.007092  -0.000364  0.999975  0.999957  0.008140  0.004442  -0.008142  0.999967  0.000325  -0.004439  -0.000361  0.999990  1.000000  0.000003  0.000116  -0.000003  1.000000  0.000004  -0.000116  -0.000004  1.000000  0.999974  0.001364  0.007093  -0.001366  0.999999  0.000354  -0.007092  -0.000364  0.999975  0.000095  0.009280  
93.475481 -0.004528  0.085582  0.002457  0.993834  0.098495  0.050919  -0.099356  0.994944  0.014656  -0.049218  -0.019625  0.998595  -0.001169  -0.008556  0.000954  0.016583  -0.162511  0.332846  2.000000  0.999971  0.001360  0.007553  -0.001363  0.999999  0.000367  -0.007552  -0.000377  0.999971  0.999959  0.007724  0.004700  -0.007725  0.999970  0.000221  -0.004698  -0.000257  0.999989  1.000000  -0.000003  0.000113  0.000003  1.000000  0.000003  -0.000113  -0.000003  1.000000  0.999971  0.001360  0.007553  -0.001363  0.999999  0.000367  -0.007552  -0.000377  0.999971  0.000093  0.009045  
93.476489 -0.004530  0.085571  0.002458  0.993821  0.098490  0.051185  -0.099355  0.994945  0.014630  -0.049485  -0.019625  0.998582  -0.001140  -0.008714  0.000943  0.013223  -0.168062  0.321594  2.000000  0.999968  0.001345  0.007890  -0.001348  0.999999  0.000374  -0.007889  -0.000385  0.999969  0.999959  0.007513  0.004964  -0.007514  0.999972  0.000108  -0.004963  -0.000145  0.999988  1.000000  -0.000007  0.000112  0.000007  1.000000  0.000002  -0.000112  -0.000002  1.000000  0.999968  0.001345  0.007890  -0.001348  0.999999  0.000374  -0.007889  -0.000385  0.999969  0.000092  0.009006  
93.477736 -0.004534  0.085559  0.002460  0.993808  0.098485  0.051451  -0.099354  0.994945  0.014603  -0.049753  -0.019625  0.998569  -0.001199  -0.008890  0.000902  0.009759  -0.176839  0.307650  2.000000  0.999965  0.001309  0.008320  -0.001313  0.999999  0.000381  -0.008320  -0.000392  0.999965  0.999964  0.006897  0.004952  -0.006897  0.999976  0.000137  -0.004951  -0.000171  0.999988  1.000000  -0.000010  0.000106  0.000010  1.000000  0.000002  -0.000106  -0.000002  1.000000  0.999965  0.001309  0.008320  -0.001313  0.999999  0.000381  -0.008320  -0.000392  0.999965  0.000090  0.008492  
93.478981 -0.004537  0.085547  0.002462  0.993801  0.098482  0.051584  -0.099353  0.994945  0.014590  -0.049886  -0.019624  0.998562  -0.001315  -0.009055  0.000954  0.010723  -0.180991  0.286922  2.000000  0.999961  0.001259  0.008727  -0.001262  0.999999  0.000389  -0.008727  -0.000400  0.999962  0.999968  0.006280  0.004940  -0.006281  0.999980  0.000167  -0.004939  -0.000198  0.999988  1.000000  -0.000014  0.000099  0.000014  1.000000  0.000002  -0.000099  -0.000002  1.000000  0.999961  0.001259  0.008727  -0.001262  0.999999  0.000389  -0.008727  -0.000400  0.999962  0.000086  0.007992  
93.479985 -0.004539  0.085537  0.002463  0.993794  0.098480  0.051717  -0.099352  0.994946  0.014577  -0.050020  -0.019624  0.998555  -0.001419  -0.009179  0.000990  0.007297  -0.189669  0.272817  2.000000  0.999959  0.001215  0.009015  -0.001219  0.999999  0.000392  -0.009015  -0.000403  0.999959  0.999971  0.005871  0.004798  -0.005871  0.999983  0.000065  -0.004798  -0.000093  0.999988  1.000000  -0.000015  0.000094  0.000015  1.000000  0.000001  -0.000094  -0.000001  1.000000  0.999959  0.001215  0.009015  -0.001219  0.999999  0.000392  -0.009015  -0.000403  0.999959  0.000083  0.007583  
93.481236 -0.004542  0.085525  0.002465  0.993788  0.098471  0.051862  -0.099352  0.994944  0.014684  -0.050153  -0.019745  0.998546  -0.001651  -0.009329  0.001044  0.008244  -0.189291  0.252054  2.000000  0.999955  0.001145  0.009365  -0.001148  0.999999  0.000397  -0.009365  -0.000408  0.999956  0.999976  0.005051  0.004649  -0.005052  0.999987  0.000106  -0.004648  -0.000129  0.999989  1.000000  -0.000019  0.000084  0.000019  1.000000  0.000001  -0.000084  -0.000001  1.000000  0.999955  0.001145  0.009365  -0.001148  0.999999  0.000397  -0.009365  -0.000408  0.999956  0.000080  0.006866  
93.482479 -0.004546  0.085513  0.002467  0.993781  0.098468  0.051995  -0.099351  0.994944  0.014671  -0.050287  -0.019745  0.998540  -0.001828  -0.009460  0.001111  0.009513  -0.184313  0.224569  2.000000  0.999955  0.001145  0.009365  -0.001148  0.999999  0.000397  -0.009365  -0.000408  0.999956  0.999979  0.004434  0.004637  -0.004435  0.999990  0.000257  -0.004636  -0.000278  0.999989  1.000000  0.000000  0.000000  0.000000  1.000000  0.000000  0.000000  0.000000  1.000000  0.999955  0.001145  0.009365  -0.001148  0.999999  0.000397  -0.009365  -0.000408  0.999956  0.000075  0.000000  
93.483777 -0.004550  0.085501  0.002468  0.993768  0.098463  0.052260  -0.099350  0.994945  0.014644  -0.050554  -0.019745  0.998526  -0.002104  -0.009572  0.001124  0.006360  -0.183679  0.203553  2.000000  0.999955  0.001145  0.009365  -0.001148  0.999999  0.000397  -0.009365  -0.000408  0.999956  0.999982  0.003608  0.004755  -0.003610  0.999993  0.000298  -0.004754  -0.000315  0.999989  1.000000  0.000000  0.000000  0.000000  1.000000  0.000000  0.000000  0.000000  1.000000  0.999955  0.001145  0.009365  -0.001148  0.999999  0.000397  -0.009365  -0.000408  0.999956  0.000070  0.000000  
93.484979 -0.004556  0.085487  0.002468  0.993734  0.098669  0.052517  -0.099553  0.994927  0.014486  -0.050822  -0.019623  0.998515  -0.002458  -0.009786  0.001104  0.002880  -0.182201  0.188519  2.000000  0.999955  0.001145  0.009365  -0.001148  0.999999  0.000397  -0.009365  -0.000408  0.999956  0.999982  0.003401  0.004884  -0.003402  0.999994  0.000186  -0.004884  -0.000203  0.999988  1.000000  0.000000  0.000000  0.000000  1.000000  0.000000  0.000000  0.000000  1.000000  0.999955  0.001145  0.009365  -0.001148  0.999999  0.000397  -0.009365  -0.000408  0.999956  0.000068  0.000000  
93.485980 -0.004561  0.085475  0.002467  0.993727  0.098666  0.052650  -0.099552  0.994927  0.014473  -0.050955  -0.019623  0.998508  -0.002775  -0.010001  0.000990  0.003848  -0.181794  0.167941  2.000000  0.999955  0.001145  0.009365  -0.001148  0.999999  0.000397  -0.009365  -0.000408  0.999956  0.999985  0.002787  0.004738  -0.002787  0.999996  0.000096  -0.004738  -0.000109  0.999989  1.000000  0.000000  0.000000  0.000000  1.000000  0.000000  0.000000  0.000000  1.000000  0.999955  0.001145  0.009365  -0.001148  0.999999  0.000397  -0.009365  -0.000408  0.999956  0.000063  0.000000  
93.486981 -0.004566  0.085463  0.002466  0.993713  0.098661  0.052916  -0.099551  0.994928  0.014446  -0.051222  -0.019623  0.998494  -0.003019  -0.010155  0.000863  0.004479  -0.185942  0.154101  2.000000  0.999955  0.001145  0.009365  -0.001148  0.999999  0.000397  -0.009365  -0.000408  0.999956  0.999985  0.002578  0.004868  -0.002579  0.999997  0.000106  -0.004868  -0.000118  0.999988  1.000000  0.000000  0.000000  0.000000  1.000000  0.000000  0.000000  0.000000  1.000000  0.999955  0.001145  0.009365  -0.001148  0.999999  0.000397  -0.009365  -0.000408  0.999956  0.000060  0.000000  
93.488232 -0.004573  0.085449  0.002465  0.993706  0.098658  0.053049  -0.099550  0.994928  0.014433  -0.051356  -0.019623  0.998488  -0.003279  -0.010307  0.000731  0.005841  -0.186971  0.127749  2.000000  0.999955  0.001145  0.009365  -0.001148  0.999999  0.000397  -0.009365  -0.000408  0.999956  0.999988  0.001967  0.004589  -0.001967  0.999998  0.000016  -0.004589  -0.000025  0.999989  1.000000  0.000000  0.000000  0.000000  1.000000  0.000000  0.000000  0.000000  1.000000  0.999955  0.001145  0.009365  -0.001148  0.999999  0.000397  -0.009365  -0.000408  0.999956  0.000057  0.000000  
93.489238 -0.004578  0.085438  0.002464  0.993679  0.098867  0.053173  -0.099754  0.994910  0.014288  -0.051490  -0.019502  0.998483  -0.003471  -0.010402  0.000596  0.001744  -0.186844  0.127677  2.000000  0.999955  0.001145  0.009365  -0.001148  0.999999  0.000397  -0.009365  -0.000408  0.999956  0.999989  0.001764  0.004451  -0.001763  0.999998  -0.000217  -0.004451  0.000209  0.999990  1.000000  0.000000  0.000000  0.000000  1.000000  0.000000  0.000000  0.000000  1.000000  0.999955  0.001145  0.009365  -0.001148  0.999999  0.000397  -0.009365  -0.000408  0.999956  0.000057  0.000000  
93.490484 -0.004584  0.085425  0.002463  0.993672  0.098864  0.053306  -0.099753  0.994910  0.014274  -0.051623  -0.019502  0.998476  -0.003765  -0.010493  0.000385  0.002743  -0.186566  0.107023  2.000000  0.999955  0.001145  0.009365  -0.001148  0.999999  0.000397  -0.009365  -0.000408  0.999956  0.999989  0.001561  0.004313  -0.001560  0.999999  -0.000206  -0.004313  0.000199  0.999991  1.000000  0.000000  0.000000  0.000000  1.000000  0.000000  0.000000  0.000000  1.000000  0.999955  0.001145  0.009365  -0.001148  0.999999  0.000397  -0.009365  -0.000408  0.999956  0.000054  0.000000  
93.491487 -0.004590  0.085414  0.002462  0.993665  0.098862  0.053439  -0.099753  0.994910  0.014261  -0.051757  -0.019501  0.998469  -0.003955  -0.010523  0.000262  -0.001018  -0.181850  0.100136  2.000000  0.999955  0.001145  0.009365  -0.001148  0.999999  0.000397  -0.009365  -0.000408  0.999956  0.999990  0.001356  0.004309  -0.001354  0.999999  -0.000317  -0.004309  0.000311  0.999991  1.000000  0.000000  0.000000  0.000000  1.000000  0.000000  0.000000  0.000000  1.000000  0.999955  0.001145  0.009365  -0.001148  0.999999  0.000397  -0.009365  -0.000408  0.999956  0.000052  0.000000  
93.492739 -0.004596  0.085401  0.002461  0.993658  0.098859  0.053572  -0.099752  0.994910  0.014248  -0.051891  -0.019501  0.998462  -0.004221  -0.010566  0.000017  -0.004093  -0.177001  0.079506  2.000000  0.999955  0.001145  0.009365  -0.001148  0.999999  0.000397  -0.009365  -0.000408  0.999956  0.999990  0.001150  0.004305  -0.001148  0.999999  -0.000428  -0.004305  0.000423  0.999991  1.000000  0.000000  0.000000  0.000000  1.000000  0.000000  0.000000  0.000000  1.000000  0.999955  0.001145  0.009365  -0.001148  0.999999  0.000397  -0.009365  -0.000408  0.999956  0.000050  0.000000  
93.494006 -0.004603  0.085388  0.002459  0.993631  0.099061  0.053708  -0.099956  0.994890  0.014223  -0.052024  -0.019501  0.998455  -0.004447  -0.010611  -0.000206  -0.007903  -0.173656  0.073212  2.000000  0.999955  0.001145  0.009365  -0.001148  0.999999  0.000397  -0.009365  -0.000408  0.999956  0.999991  0.001153  0.004171  -0.001151  0.999999  -0.000428  -0.004171  0.000423  0.999991  1.000000  0.000000  0.000000  0.000000  1.000000  0.000000  0.000000  0.000000  1.000000  0.999955  0.001145  0.009365  -0.001148  0.999999  0.000397  -0.009365  -0.000408  0.999956  0.000048  0.000000  
93.495237 -0.004608  0.085375  0.002458  0.993624  0.099052  0.053853  -0.099955  0.994889  0.014331  -0.052158  -0.019622  0.998446  -0.004586  -0.010691  -0.000392  -0.003407  -0.170885  0.065231  2.000000  0.999955  0.001145  0.009365  -0.001148  0.999999  0.000397  -0.009365  -0.000408  0.999956  0.999991  0.000949  0.004033  -0.000948  1.000000  -0.000296  -0.004034  0.000292  0.999992  1.000000  0.000000  0.000000  0.000000  1.000000  0.000000  0.000000  0.000000  1.000000  0.999955  0.001145  0.009365  -0.001148  0.999999  0.000397  -0.009365  -0.000408  0.999956  0.000046  0.000000  
93.496488 -0.004614  0.085362  0.002457  0.993596  0.099255  0.053988  -0.100159  0.994869  0.014306  -0.052291  -0.019622  0.998439  -0.004763  -0.010753  -0.000611  0.000000  0.000000  0.000000  2.000000  0.999955  0.001145  0.009365  -0.001148  0.999999  0.000397  -0.009365  -0.000408  0.999956  0.999992  0.000952  0.003900  -0.000951  1.000000  -0.000175  -0.003900  0.000171  0.999992  1.000000  0.000000  0.000000  0.000000  1.000000  0.000000  0.000000  0.000000  1.000000  0.999955  0.001145  0.009365  -0.001148  0.999999  0.000397  -0.009365  -0.000408  0.999956  0.000000  0.000000  
93.497490 -0.004619  0.085352  0.002457  0.993596  0.099255  0.053988  -0.100159  0.994869  0.014306  -0.052291  -0.019622  0.998439  -0.004899  -0.010807  -0.000711  0.000000  0.000000  0.000000  2.000000  0.999955  0.001145  0.009365  -0.001148  0.999999  0.000397  -0.009365  -0.000408  0.999956  0.999993  0.000957  0.003632  -0.000956  1.000000  -0.000175  -0.003632  0.000172  0.999993  1.000000  0.000000  0.000000  0.000000  1.000000  0.000000  0.000000  0.000000  1.000000  0.999955  0.001145  0.009365  -0.001148  0.999999  0.000397  -0.009365  -0.000408  0.999956  0.000000  0.000000  
93.498724 -0.004625  0.085339  0.002455  0.993589  0.099252  0.054121  -0.100158  0.994869  0.014293  -0.052425  -0.019622  0.998432  -0.005047  -0.010825  -0.000832  0.000000  0.000000  0.000000  2.000000  0.999955  0.001145  0.009365  -0.001148  0.999999  0.000397  -0.009365  -0.000408  0.999956  0.999994  0.000757  0.003360  -0.000756  1.000000  -0.000043  -0.003360  0.000041  0.999994  1.000000  0.000000  0.000000  0.000000  1.000000  0.000000  0.000000  0.000000  1.000000  0.999955  0.001145  0.009365  -0.001148  0.999999  0.000397  -0.009365  -0.000408  0.999956  0.000000  0.000000  
93.499725 -0.004631  0.085328  0.002454  0.993589  0.099258  0.054109  -0.100158  0.994871  0.014172  -0.052425  -0.019501  0.998434  -0.005059  -0.010778  -0.000900  0.000000  0.000000  0.000000  2.000000  0.999955  0.001145  0.009365  -0.001148  0.999999  0.000397  -0.009365  -0.000408  0.999956  0.999995  0.000762  0.003093  -0.000762  1.000000  -0.000043  -0.003093  0.000041  0.999995  1.000000  0.000000  0.000000  0.000000  1.000000  0.000000  0.000000  0.000000  1.000000  0.999955  0.001145  0.009365  -0.001148  0.999999  0.000397  -0.009365  -0.000408  0.999956  0.000000  0.000000  
93.500726 -0.004635  0.085318  0.002452  0.993569  0.099463  0.054112  -0.100363  0.994850  0.014161  -0.052425  -0.019501  0.998434  -0.005038  -0.010667  -0.001001  0.000000  0.000000  0.000000  2.000000  0.999955  0.001145  0.009365  -0.001148  0.999999  0.000397  -0.009365  -0.000408  0.999956  0.999996  0.000973  0.002829  -0.000973  1.000000  -0.000175  -0.002829  0.000172  0.999996  1.000000  0.000000  0.000000  0.000000  1.000000  0.000000  0.000000  0.000000  1.000000  0.999955  0.001145  0.009365  -0.001148  0.999999  0.000397  -0.009365  -0.000408  0.999956  0.000000  0.000000  
93.501976 -0.004641  0.085305  0.002451  0.993562  0.099461  0.054245  -0.100362  0.994850  0.014148  -0.052559  -0.019501  0.998427  -0.004991  -0.010584  -0.001028  0.000000  0.000000  0.000000  2.000000  0.999955  0.001145  0.009365  -0.001148  0.999999  0.000397  -0.009365  -0.000408  0.999956  0.999996  0.000976  0.002696  -0.000975  1.000000  -0.000175  -0.002696  0.000173  0.999996  1.000000  0.000000  0.000000  0.000000  1.000000  0.000000  0.000000  0.000000  1.000000  0.999955  0.001145  0.009365  -0.001148  0.999999  0.000397  -0.009365  -0.000408  0.999956  0.000000  0.000000  
93.503238 -0.004646  0.085292  0.002449  0.993562  0.099461  0.054245  -0.100362  0.994850  0.014148  -0.052559  -0.019501  0.998427  -0.004909  -0.010488  -0.001076  0.000000  0.000000  0.000000  2.000000  0.999955  0.001145  0.009365  -0.001148  0.999999  0.000397  -0.009365  -0.000408  0.999956  0.999996  0.000978  0.002562  -0.000978  1.000000  -0.000175  -0.002562  0.000173  0.999997  1.000000  0.000000  0.000000  0.000000  1.000000  0.000000  0.000000  0.000000  1.000000  0.999955  0.001145  0.009365  -0.001148  0.999999  0.000397  -0.009365  -0.000408  0.999956  0.000000  0.000000  
93.504255 -0.004650  0.085282  0.002447  0.993534  0.099663  0.054381  -0.100566  0.994830  0.014123  -0.052692  -0.019500  0.998420  -0.004822  -0.010389  -0.001120  0.000000  0.000000  0.000000  2.000000  0.999955  0.001145  0.009365  -0.001148  0.999999  0.000397  -0.009365  -0.000408  0.999956  0.999996  0.000976  0.002696  -0.000975  1.000000  -0.000175  -0.002696  0.000173  0.999996  1.000000  0.000000  0.000000  0.000000  1.000000  0.000000  0.000000  0.000000  1.000000  0.999955  0.001145  0.009365  -0.001148  0.999999  0.000397  -0.009365  -0.000408  0.999956  0.000000  0.000000  
93.505479 -0.004654  0.085270  0.002445  0.993534  0.099663  0.054381  -0.100566  0.994830  0.014123  -0.052692  -0.019500  0.998420  -0.004668  -0.010303  -0.001178  0.000000  0.000000  0.000000  2.000000  0.999955  0.001145  0.009365  -0.001148  0.999999  0.000397  -0.009365  -0.000408  0.999956  0.999996  0.001186  0.002432  -0.001186  0.999999  -0.000308  -0.002432  0.000305  0.999997  1.000000  0.000000  0.000000  0.000000  1.000000  0.000000  0.000000  0.000000  1.000000  0.999955  0.001145  0.009365  -0.001148  0.999999  0.000397  -0.009365  -0.000408  0.999956  0.000000  0.000000  
93.506495 -0.004656  0.085261  0.002444  0.993527  0.099660  0.054514  -0.100565  0.994830  0.014109  -0.052826  -0.019500  0.998413  -0.004427  -0.010178  -0.001189  0.000000  0.000000  0.000000  2.000000  0.999955  0.001145  0.009365  -0.001148  0.999999  0.000397  -0.009365  -0.000408  0.999956  0.999996  0.001186  0.002432  -0.001186  0.999999  -0.000308  -0.002432  0.000305  0.999997  1.000000  0.000000  0.000000  0.000000  1.000000  0.000000  0.000000  0.000000  1.000000  0.999955  0.001145  0.009365  -0.001148  0.999999  0.000397  -0.009365  -0.000408  0.999956  0.000000  0.000000  
93.507730 -0.004659  0.085250  0.002442  0.993527  0.099660  0.054514  -0.100565  0.994830  0.014109  -0.052826  -0.019500  0.998413  -0.004221  -0.010049  -0.001257  0.000000  0.000000  0.000000  2.000000  0.999955  0.001145  0.009365  -0.001148  0.999999  0.000397  -0.009365  -0.000408  0.999956  0.999997  0.001189  0.002298  -0.001188  0.999999  -0.000308  -0.002299  0.000305  0.999997  1.000000  0.000000  0.000000  0.000000  1.000000  0.000000  0.000000  0.000000  1.000000  0.999955  0.001145  0.009365  -0.001148  0.999999  0.000397  -0.009365  -0.000408  0.999956  0.000000  0.000000  
93.508980 -0.004661  0.085239  0.002440  0.993506  0.099858  0.054529  -0.100770  0.994808  0.014219  -0.052826  -0.019621  0.998411  -0.003900  -0.009904  -0.001284  0.000000  0.000000  0.000000  2.000000  0.999955  0.001145  0.009365  -0.001148  0.999999  0.000397  -0.009365  -0.000408  0.999956  0.999997  0.000989  0.002027  -0.000988  0.999999  -0.000176  -0.002027  0.000174  0.999998  1.000000  0.000000  0.000000  0.000000  1.000000  0.000000  0.000000  0.000000  1.000000  0.999955  0.001145  0.009365  -0.001148  0.999999  0.000397  -0.009365  -0.000408  0.999956  0.000000  0.000000  
93.510069 -0.004663  0.085231  0.002439  0.993506  0.099858  0.054529  -0.100770  0.994808  0.014219  -0.052826  -0.019621  0.998411  -0.003725  -0.009708  -0.001290  0.000000  0.000000  0.000000  2.000000  0.999955  0.001145  0.009365  -0.001148  0.999999  0.000397  -0.009365  -0.000408  0.999956  0.999998  0.001199  0.001763  -0.001199  0.999999  -0.000065  -0.001763  0.000063  0.999998  1.000000  0.000000  0.000000  0.000000  1.000000  0.000000  0.000000  0.000000  1.000000  0.999955  0.001145  0.009365  -0.001148  0.999999  0.000397  -0.009365  -0.000408  0.999956  0.000000  0.000000  
93.511231 -0.004665  0.085220  0.002437  0.993506  0.099858  0.054529  -0.100770  0.994808  0.014219  -0.052826  -0.019621  0.998411  -0.003491  -0.009649  -0.001332  0.000000  0.000000  0.000000  2.000000  0.999955  0.001145  0.009365  -0.001148  0.999999  0.000397  -0.009365  -0.000408  0.999956  0.999998  0.001204  0.001496  -0.001204  0.999999  -0.000065  -0.001496  0.000063  0.999999  1.000000  0.000000  0.000000  0.000000  1.000000  0.000000  0.000000  0.000000  1.000000  0.999955  0.001145  0.009365  -0.001148  0.999999  0.000397  -0.009365  -0.000408  0.999956  0.000000  0.000000  
93.512480 -0.004667  0.085209  0.002436  0.993506  0.099858  0.054529  -0.100770  0.994808  0.014219  -0.052826  -0.019621  0.998411  -0.003254  -0.009535  -0.001355  0.000000  0.000000  0.000000  2.000000  0.999955  0.001145  0.009365  -0.001148  0.999999  0.000397  -0.009365  -0.000408  0.999956  0.999999  0.001002  0.001358  -0.001002  0.999999  0.000067  -0.001358  -0.000068  0.999999  1.000000  0.000000  0.000000  0.000000  1.000000  0.000000  0.000000  0.000000  1.000000  0.999955  0.001145  0.009365  -0.001148  0.999999  0.000397  -0.009365  -0.000408  0.999956  0.000000  0.000000  
93.513481 -0.004669  0.085200  0.002436  0.993506  0.099858  0.054529  -0.100770  0.994808  0.014219  -0.052826  -0.019621  0.998411  -0.002925  -0.009378  -0.001320  0.000000  0.000000  0.000000  2.000000  0.999955  0.001145  0.009365  -0.001148  0.999999  0.000397  -0.009365  -0.000408  0.999956  0.999999  0.001004  0.001224  -0.001004  0.999999  0.000067  -0.001224  -0.000068  0.999999  1.000000  0.000000  0.000000  0.000000  1.000000  0.000000  0.000000  0.000000  1.000000  0.999955  0.001145  0.009365  -0.001148  0.999999  0.000397  -0.009365  -0.000408  0.999956  0.000000  0.000000  
93.514758 -0.004670  0.085190  0.002437  0.993479  0.100061  0.054665  -0.100974  0.994788  0.014194  -0.052959  -0.019621  0.998404  -0.002565  -0.009147  -0.001153  0.000000  0.000000  0.000000  2.000000  0.999955  0.001145  0.009365  -0.001148  0.999999  0.000397  -0.009365  -0.000408  0.999956  0.999999  0.001210  0.001228  -0.001210  0.999999  0.000056  -0.001228  -0.000057  0.999999  1.000000  0.000000  0.000000  0.000000  1.000000  0.000000  0.000000  0.000000  1.000000  0.999955  0.001145  0.009365  -0.001148  0.999999  0.000397  -0.009365  -0.000408  0.999956  0.000000  0.000000  
