1-Time 2-Px 3-Py 4-Pz 5-R11 6-R21 7-R31 8-R12 9-R22 10-R32 11-R13 12-R23 13-R33 14-Vx 15-Vy 16-Vz 17-Wx 18-Wy 19-Wz 20-state 21-PR11 22-PR21 23-PR31 24-PR12 25-PR22 26-PR32 27-PR13 28-PR23 29-PR33 
15.494848 -0.003542  0.086776  0.001893  0.994623  0.069785  0.076521  -0.070145  0.997535  0.002021  -0.076191  -0.007378  0.997066  0.005753  0.005773  -0.003036  0.000000  0.000000  0.000000  2.000000  1.000000  0.000000  0.000000  -0.000000  1.000000  0.000000  0.000000  -0.000000  1.000000  1.000000  0.000006  -0.000803  -0.000006  1.000000  0.000000  0.000803  0.000000  1.000000  1.000000  0.000000  0.000000  0.000000  1.000000  0.000000  0.000000  0.000000  1.000000  0.683755  0.656659  -0.318243  -0.685377  0.727618  0.028804  0.250474  0.198421  0.947571  0.000000  0.000000  
15.495855 -0.003537  0.086782  0.001890  0.994623  0.069785  0.076521  -0.070145  0.997535  0.002021  -0.076191  -0.007378  0.997066  0.005710  0.005728  -0.003013  0.000000  0.000000  0.000000  2.000000  1.000000  0.000000  0.000000  0.000000  1.000000  0.000000  0.000000  0.000000  1.000000  1.000000  0.000006  -0.000803  -0.000006  1.000000  0.000000  0.000803  0.000000  1.000000  1.000000  0.000000  0.000000  0.000000  1.000000  0.000000  0.000000  0.000000  1.000000  1.000000  0.000000  0.000000  0.000000  1.000000  0.000000  0.000000  0.000000  1.000000  0.000000  0.000000  
15.497104 -0.003532  0.086786  0.001886  0.994584  0.070195  0.076655  -0.070554  0.997506  0.001980  -0.076325  -0.007377  0.997056  0.005579  0.005518  -0.003065  0.000000  0.000000  0.000000  2.000000  1.000000  0.000000  0.000000  0.000000  1.000000  0.000000  0.000000  0.000000  1.000000  1.000000  0.000210  -0.000667  -0.000210  1.000000  -0.000016  0.000667  0.000016  1.000000  1.000000  0.000000  0.000000  0.000000  1.000000  0.000000  0.000000  0.000000  1.000000  1.000000  0.000000  0.000000  0.000000  1.000000  0.000000  0.000000  0.000000  1.000000  0.000000  0.000000  
15.498352 -0.003527  0.086789  0.001881  0.994524  0.070603  0.077055  -0.070961  0.997477  0.001920  -0.076725  -0.007377  0.997025  0.005396  0.005214  -0.003132  0.000000  0.000000  0.000000  2.000000  1.000000  0.000000  0.000000  0.000000  1.000000  0.000000  0.000000  0.000000  1.000000  1.000000  0.000823  -0.000262  -0.000823  1.000000  -0.000063  0.000261  0.000063  1.000000  1.000000  0.000000  0.000000  0.000000  1.000000  0.000000  0.000000  0.000000  1.000000  1.000000  0.000000  0.000000  0.000000  1.000000  0.000000  0.000000  0.000000  1.000000  0.000000  0.000000  
15.499388 -0.003523  0.086790  0.001878  0.994474  0.071012  0.077322  -0.071369  0.997448  0.001869  -0.076992  -0.007377  0.997004  0.005217  0.004925  -0.003142  0.000000  0.000000  0.000000  2.000000  1.000000  0.000000  0.000000  0.000000  1.000000  0.000000  0.000000  0.000000  1.000000  0.999999  0.001231  0.000143  -0.001231  0.999999  -0.000095  -0.000143  0.000095  1.000000  1.000000  0.000000  0.000000  0.000000  1.000000  0.000000  0.000000  0.000000  1.000000  1.000000  0.000000  0.000000  0.000000  1.000000  0.000000  0.000000  0.000000  1.000000  0.000000  0.000000  
15.500604 -0.003519  0.086793  0.001874  0.994424  0.071420  0.077589  -0.071777  0.997419  0.001818  -0.077259  -0.007377  0.996984  0.005074  0.004617  -0.003145  0.000000  0.000000  0.000000  2.000000  1.000000  0.000000  0.000000  0.000000  1.000000  0.000000  0.000000  0.000000  1.000000  0.999999  0.001434  0.000412  -0.001434  0.999999  -0.000111  -0.000412  0.000111  1.000000  1.000000  0.000000  0.000000  0.000000  1.000000  0.000000  0.000000  0.000000  1.000000  1.000000  0.000000  0.000000  0.000000  1.000000  0.000000  0.000000  0.000000  1.000000  0.000000  0.000000  
15.501606 -0.003516  0.086794  0.001871  0.994409  0.071626  0.077589  -0.071982  0.997404  0.001802  -0.077259  -0.007377  0.996984  0.004867  0.004298  -0.003140  0.000000  0.000000  0.000000  2.000000  1.000000  0.000000  0.000000  0.000000  1.000000  0.000000  0.000000  0.000000  1.000000  0.999999  0.001639  0.000413  -0.001639  0.999999  -0.000127  -0.000414  0.000127  1.000000  1.000000  0.000000  0.000000  0.000000  1.000000  0.000000  0.000000  0.000000  1.000000  1.000000  0.000000  0.000000  0.000000  1.000000  0.000000  0.000000  0.000000  1.000000  0.000000  0.000000  
15.502854 -0.003512  0.086795  0.001868  0.994379  0.072027  0.077599  -0.072392  0.997374  0.001891  -0.077259  -0.007498  0.996983  0.004642  0.003910  -0.003133  0.000000  0.000000  0.000000  2.000000  1.000000  0.000000  0.000000  0.000000  1.000000  0.000000  0.000000  0.000000  1.000000  0.999998  0.002049  0.000550  -0.002049  0.999998  -0.000038  -0.000551  0.000037  1.000000  1.000000  0.000000  0.000000  0.000000  1.000000  0.000000  0.000000  0.000000  1.000000  1.000000  0.000000  0.000000  0.000000  1.000000  0.000000  0.000000  0.000000  1.000000  0.000000  0.000000  
15.503854 -0.003509  0.086797  0.001865  0.994339  0.072437  0.077732  -0.072800  0.997345  0.001849  -0.077392  -0.007498  0.996973  0.004500  0.003643  -0.003092  0.000000  0.000000  0.000000  2.000000  1.000000  0.000000  0.000000  0.000000  1.000000  0.000000  0.000000  0.000000  1.000000  0.999997  0.002459  0.000553  -0.002459  0.999997  -0.000070  -0.000554  0.000068  1.000000  1.000000  0.000000  0.000000  0.000000  1.000000  0.000000  0.000000  0.000000  1.000000  1.000000  0.000000  0.000000  0.000000  1.000000  0.000000  0.000000  0.000000  1.000000  0.000000  0.000000  
15.504855 -0.003505  0.086798  0.001862  0.994309  0.072838  0.077742  -0.073210  0.997315  0.001938  -0.077392  -0.007619  0.996972  0.004360  0.003331  -0.003072  0.000000  0.000000  0.000000  2.000000  1.000000  0.000000  0.000000  0.000000  1.000000  0.000000  0.000000  0.000000  1.000000  0.999996  0.002869  0.000690  -0.002869  0.999996  -0.000102  -0.000691  0.000100  1.000000  1.000000  0.000000  0.000000  0.000000  1.000000  0.000000  0.000000  0.000000  1.000000  1.000000  0.000000  0.000000  0.000000  1.000000  0.000000  0.000000  0.000000  1.000000  0.000000  0.000000  
15.505858 -0.003501  0.086799  0.001859  0.994258  0.073246  0.078009  -0.073617  0.997285  0.001887  -0.077659  -0.007619  0.996951  0.004197  0.002953  -0.003058  0.000000  0.000000  0.000000  2.000000  1.000000  0.000000  0.000000  0.000000  1.000000  0.000000  0.000000  0.000000  1.000000  0.999993  0.003481  0.001097  -0.003481  0.999994  -0.000029  -0.001097  0.000025  0.999999  1.000000  0.000000  0.000000  0.000000  1.000000  0.000000  0.000000  0.000000  1.000000  1.000000  0.000000  0.000000  0.000000  1.000000  0.000000  0.000000  0.000000  1.000000  0.000000  0.000000  
15.506859 -0.003498  0.086799  0.001857  0.994192  0.073860  0.078276  -0.074230  0.997239  0.001819  -0.077926  -0.007618  0.996930  0.004067  0.002582  -0.003062  0.000000  0.000000  0.000000  2.000000  1.000000  0.000000  0.000000  0.000000  1.000000  0.000000  0.000000  0.000000  1.000000  0.999992  0.003890  0.001367  -0.003890  0.999992  -0.000062  -0.001367  0.000057  0.999999  1.000000  0.000000  0.000000  0.000000  1.000000  0.000000  0.000000  0.000000  1.000000  1.000000  0.000000  0.000000  0.000000  1.000000  0.000000  0.000000  0.000000  1.000000  0.000000  0.000000  
15.508104 -0.003493  0.086800  0.001854  0.994089  0.074677  0.078809  -0.075045  0.997179  0.001714  -0.078459  -0.007618  0.996888  0.003880  0.002133  -0.002961  0.000000  0.000000  0.000000  2.000000  1.000000  0.000000  0.000000  0.000000  1.000000  0.000000  0.000000  0.000000  1.000000  0.999987  0.004708  0.001775  -0.004707  0.999989  -0.000128  -0.001775  0.000120  0.999998  1.000000  0.000000  0.000000  0.000000  1.000000  0.000000  0.000000  0.000000  1.000000  1.000000  0.000000  0.000000  0.000000  1.000000  0.000000  0.000000  0.000000  1.000000  0.000000  0.000000  
15.509109 -0.003490  0.086800  0.001853  0.994026  0.075085  0.079209  -0.075452  0.997148  0.001651  -0.078859  -0.007618  0.996857  0.003704  0.001736  -0.002821  -0.005852  -0.068780  0.178788  2.000000  1.000000  0.000015  0.000142  -0.000015  1.000000  -0.000004  -0.000142  0.000004  1.000000  0.999983  0.005319  0.002314  -0.005319  0.999986  -0.000179  -0.002315  0.000167  0.999997  1.000000  0.000008  0.000072  -0.000008  1.000000  -0.000002  -0.000072  0.000002  1.000000  1.000000  0.000015  0.000142  -0.000015  1.000000  -0.000004  -0.000142  0.000004  1.000000  0.000048  0.005804  
15.510361 -0.003488  0.086798  0.001851  0.993932  0.075903  0.079609  -0.076269  0.997086  0.001555  -0.079259  -0.007618  0.996825  0.003413  0.001155  -0.002683  -0.008047  -0.082466  0.206250  2.000000  1.000000  0.000042  0.000454  -0.000042  1.000000  -0.000014  -0.000454  0.000014  1.000000  0.999978  0.005931  0.002854  -0.005930  0.999982  -0.000231  -0.002855  0.000214  0.999996  1.000000  0.000006  0.000082  -0.000006  1.000000  -0.000003  -0.000082  0.000003  1.000000  1.000000  0.000042  0.000454  -0.000042  1.000000  -0.000014  -0.000454  0.000014  1.000000  0.000054  0.006586  
15.511604 -0.003487  0.086794  0.001849  0.993864  0.076527  0.079867  -0.076881  0.997039  0.001365  -0.079526  -0.007497  0.996805  0.003113  0.000647  -0.002578  -0.013778  -0.091640  0.226975  2.000000  1.000000  0.000076  0.000892  -0.000075  1.000000  -0.000032  -0.000892  0.000032  1.000000  0.999973  0.006544  0.003259  -0.006543  0.999979  -0.000403  -0.003261  0.000381  0.999995  1.000000  0.000006  0.000091  -0.000006  1.000000  -0.000005  -0.000091  0.000005  1.000000  1.000000  0.000076  0.000892  -0.000075  1.000000  -0.000032  -0.000892  0.000032  1.000000  0.000060  0.007321  
15.512859 -0.003487  0.086790  0.001846  0.993811  0.076935  0.080134  -0.077288  0.997008  0.001311  -0.079793  -0.007496  0.996783  0.002835  0.000188  -0.002467  -0.014871  -0.105193  0.240574  2.000000  0.999999  0.000108  0.001373  -0.000108  1.000000  -0.000058  -0.001373  0.000058  0.999999  0.999968  0.007158  0.003531  -0.007156  0.999974  -0.000454  -0.003534  0.000429  0.999994  1.000000  0.000006  0.000100  -0.000006  1.000000  -0.000006  -0.000100  0.000006  1.000000  0.999999  0.000108  0.001373  -0.000108  1.000000  -0.000058  -0.001373  0.000058  0.999999  0.000066  0.007994  
15.513863 -0.003487  0.086787  0.001844  0.993757  0.077344  0.080400  -0.077696  0.996976  0.001257  -0.080060  -0.007496  0.996762  0.002546  -0.000215  -0.002327  -0.015985  -0.114271  0.254263  2.000000  0.999998  0.000134  0.001782  -0.000134  1.000000  -0.000081  -0.001782  0.000081  0.999998  0.999965  0.007568  0.003667  -0.007566  0.999971  -0.000488  -0.003671  0.000460  0.999993  1.000000  0.000008  0.000105  -0.000008  1.000000  -0.000006  -0.000105  0.000006  1.000000  0.999998  0.000134  0.001782  -0.000134  1.000000  -0.000081  -0.001782  0.000081  0.999998  0.000069  0.008423  
15.515102 -0.003486  0.086782  0.001841  0.993688  0.077957  0.080667  -0.078308  0.996929  0.001187  -0.080326  -0.007496  0.996740  0.002259  -0.000640  -0.002291  -0.017638  -0.127964  0.274962  2.000000  0.999997  0.000161  0.002330  -0.000161  1.000000  -0.000112  -0.002330  0.000112  0.999997  0.999959  0.007974  0.004205  -0.007972  0.999968  -0.000524  -0.004209  0.000490  0.999991  1.000000  0.000004  0.000113  -0.000004  1.000000  -0.000006  -0.000113  0.000006  1.000000  0.999997  0.000161  0.002330  -0.000161  1.000000  -0.000112  -0.002330  0.000112  0.999997  0.000074  0.009029  
15.516103 -0.003486  0.086779  0.001839  0.993623  0.078365  0.081066  -0.078714  0.996897  0.001122  -0.080726  -0.007496  0.996708  0.002081  -0.001003  -0.002294  -0.018780  -0.141546  0.288629  2.000000  0.999996  0.000183  0.002802  -0.000182  1.000000  -0.000139  -0.002802  0.000138  0.999996  0.999953  0.008588  0.004477  -0.008585  0.999963  -0.000576  -0.004482  0.000537  0.999990  1.000000  0.000005  0.000121  -0.000005  1.000000  -0.000007  -0.000121  0.000007  1.000000  0.999996  0.000183  0.002802  -0.000182  1.000000  -0.000139  -0.002802  0.000138  0.999996  0.000080  0.009701  
15.517104 -0.003485  0.086775  0.001836  0.993553  0.078978  0.081333  -0.079326  0.996848  0.001051  -0.080993  -0.007496  0.996686  0.001934  -0.001341  -0.002279  -0.020459  -0.150725  0.309316  2.000000  0.999995  0.000198  0.003297  -0.000198  1.000000  -0.000168  -0.003298  0.000167  0.999995  0.999950  0.008791  0.004746  -0.008788  0.999961  -0.000596  -0.004751  0.000554  0.999989  1.000000  0.000004  0.000125  -0.000004  1.000000  -0.000007  -0.000125  0.000007  1.000000  0.999995  0.000198  0.003297  -0.000198  1.000000  -0.000168  -0.003298  0.000167  0.999995  0.000085  0.010007  
15.518352 -0.003484  0.086769  0.001832  0.993460  0.079580  0.081874  -0.079937  0.996799  0.001078  -0.081527  -0.007616  0.996642  0.001771  -0.001805  -0.002329  -0.018080  -0.173349  0.329759  2.000000  0.999993  0.000210  0.003810  -0.000210  1.000000  -0.000196  -0.003810  0.000195  0.999993  0.999947  0.008994  0.005016  -0.008991  0.999959  -0.000495  -0.005020  0.000450  0.999987  1.000000  0.000002  0.000129  -0.000002  1.000000  -0.000006  -0.000129  0.000006  1.000000  0.999993  0.000210  0.003810  -0.000210  1.000000  -0.000196  -0.003810  0.000195  0.999993  0.000091  0.010309  
15.519360 -0.003482  0.086765  0.001828  0.993422  0.079783  0.082141  -0.080139  0.996783  0.001040  -0.081793  -0.007616  0.996620  0.001599  -0.002175  -0.002350  -0.018671  -0.182389  0.336576  2.000000  0.999991  0.000219  0.004330  -0.000218  1.000000  -0.000220  -0.004330  0.000219  0.999991  0.999946  0.008992  0.005150  -0.008990  0.999959  -0.000499  -0.005154  0.000452  0.999987  1.000000  0.000000  0.000130  -0.000000  1.000000  -0.000006  -0.000130  0.000006  1.000000  0.999991  0.000219  0.004330  -0.000218  1.000000  -0.000220  -0.004330  0.000219  0.999991  0.000095  0.010374  
15.520604 -0.003481  0.086761  0.001824  0.993340  0.080396  0.082540  -0.080750  0.996734  0.000957  -0.082193  -0.007616  0.996587  0.001418  -0.002491  -0.002386  -0.020385  -0.196031  0.357155  2.000000  0.999988  0.000227  0.004974  -0.000226  1.000000  -0.000250  -0.004974  0.000249  0.999988  0.999947  0.008993  0.005016  -0.008991  0.999959  -0.000501  -0.005020  0.000456  0.999987  1.000000  0.000002  0.000129  -0.000002  1.000000  -0.000006  -0.000129  0.000006  1.000000  0.999988  0.000227  0.004974  -0.000226  1.000000  -0.000250  -0.004974  0.000249  0.999988  0.000100  0.010309  
15.521859 -0.003479  0.086755  0.001819  0.993301  0.080599  0.082806  -0.080953  0.996718  0.000918  -0.082460  -0.007616  0.996565  0.001207  -0.002910  -0.002486  -0.020958  -0.209564  0.363935  2.000000  0.999984  0.000235  0.005631  -0.000233  1.000000  -0.000281  -0.005631  0.000280  0.999984  0.999944  0.009196  0.005285  -0.009194  0.999958  -0.000522  -0.005290  0.000473  0.999986  1.000000  0.000000  0.000133  -0.000000  1.000000  -0.000006  -0.000133  0.000006  1.000000  0.999984  0.000235  0.005631  -0.000233  1.000000  -0.000281  -0.005631  0.000280  0.999984  0.000105  0.010619  
15.523126 -0.003478  0.086750  0.001815  0.993246  0.081007  0.083072  -0.081360  0.996684  0.000863  -0.082727  -0.007615  0.996543  0.000957  -0.003356  -0.002638  -0.022092  -0.218512  0.377401  2.000000  0.999980  0.000231  0.006296  -0.000230  1.000000  -0.000315  -0.006296  0.000314  0.999980  0.999943  0.009195  0.005419  -0.009192  0.999958  -0.000644  -0.005425  0.000594  0.999985  1.000000  -0.000001  0.000133  0.000001  1.000000  -0.000008  -0.000133  0.000008  1.000000  0.999980  0.000231  0.006296  -0.000230  1.000000  -0.000315  -0.006296  0.000314  0.999980  0.000109  0.010691  
15.524361 -0.003477  0.086744  0.001812  0.993190  0.081416  0.083338  -0.081767  0.996651  0.000806  -0.082993  -0.007615  0.996521  0.000784  -0.003746  -0.002766  -0.023232  -0.232231  0.391311  2.000000  0.999977  0.000215  0.006833  -0.000213  1.000000  -0.000346  -0.006834  0.000345  0.999977  0.999942  0.009193  0.005686  -0.009190  0.999958  -0.000647  -0.005692  0.000594  0.999984  1.000000  -0.000004  0.000135  0.000004  1.000000  -0.000008  -0.000135  0.000008  1.000000  0.999977  0.000215  0.006833  -0.000213  1.000000  -0.000346  -0.006834  0.000345  0.999977  0.000113  0.010828  
15.525613 -0.003477  0.086737  0.001808  0.993134  0.081834  0.083594  -0.082174  0.996618  0.000629  -0.083260  -0.007494  0.996500  0.000669  -0.004016  -0.002914  -0.028465  -0.241319  0.405074  2.000000  0.999972  0.000187  0.007501  -0.000184  1.000000  -0.000392  -0.007502  0.000391  0.999972  0.999943  0.008988  0.005818  -0.008983  0.999959  -0.000874  -0.005825  0.000822  0.999983  1.000000  -0.000007  0.000134  0.000007  1.000000  -0.000011  -0.000134  0.000011  1.000000  0.999972  0.000187  0.007501  -0.000184  1.000000  -0.000392  -0.007502  0.000391  0.999972  0.000117  0.010740  
15.526860 -0.003477  0.086731  0.001805  0.993084  0.082047  0.083983  -0.082376  0.996601  0.000458  -0.083660  -0.007373  0.996467  0.000699  -0.004187  -0.002926  -0.032100  -0.250259  0.398155  2.000000  0.999968  0.000154  0.008033  -0.000151  1.000000  -0.000437  -0.008033  0.000436  0.999968  0.999944  0.008782  0.005949  -0.008776  0.999961  -0.000982  -0.005957  0.000930  0.999982  1.000000  -0.000010  0.000132  0.000010  1.000000  -0.000012  -0.000132  0.000012  1.000000  0.999968  0.000154  0.008033  -0.000151  1.000000  -0.000437  -0.008033  0.000436  0.999968  0.000118  0.010650  
15.528108 -0.003476  0.086724  0.001800  0.993027  0.082465  0.084239  -0.082783  0.996568  0.000280  -0.083927  -0.007252  0.996446  0.000698  -0.004348  -0.003018  -0.036310  -0.245738  0.398193  2.000000  0.999962  0.000098  0.008679  -0.000094  1.000000  -0.000499  -0.008679  0.000498  0.999962  0.999947  0.008372  0.005945  -0.008366  0.999964  -0.001072  -0.005954  0.001023  0.999982  1.000000  -0.000012  0.000128  0.000012  1.000000  -0.000013  -0.000128  0.000013  1.000000  0.999962  0.000098  0.008679  -0.000094  1.000000  -0.000499  -0.008679  0.000498  0.999962  0.000119  0.010322  
15.529360 -0.003476  0.086717  0.001796  0.992977  0.082678  0.084628  -0.082985  0.996551  0.000109  -0.084327  -0.007131  0.996413  0.000717  -0.004607  -0.003175  -0.039675  -0.248364  0.388459  2.000000  0.999957  0.000037  0.009301  -0.000031  1.000000  -0.000565  -0.009301  0.000564  0.999957  0.999951  0.007963  0.005808  -0.007956  0.999968  -0.001162  -0.005817  0.001116  0.999982  1.000000  -0.000013  0.000122  0.000013  1.000000  -0.000014  -0.000122  0.000014  1.000000  0.999957  0.000037  0.009301  -0.000031  1.000000  -0.000565  -0.009301  0.000564  0.999957  0.000117  0.009921  
15.530608 -0.003475  0.086711  0.001792  0.992920  0.083086  0.084893  -0.083392  0.996517  0.000052  -0.084593  -0.007131  0.996390  0.000721  -0.004655  -0.003211  -0.040068  -0.250164  0.391266  2.000000  0.999951  -0.000033  0.009889  0.000039  1.000000  -0.000634  -0.009889  0.000634  0.999951  0.999958  0.007349  0.005536  -0.007343  0.999972  -0.001112  -0.005544  0.001072  0.999984  1.000000  -0.000014  0.000114  0.000014  1.000000  -0.000014  -0.000114  0.000014  1.000000  0.999951  -0.000033  0.009889  0.000039  1.000000  -0.000634  -0.009889  0.000634  0.999951  0.000116  0.009265  
15.531856 -0.003475  0.086705  0.001787  0.992897  0.083095  0.085149  -0.083390  0.996517  -0.000091  -0.084860  -0.007010  0.996368  0.000692  -0.004734  -0.003297  -0.043644  -0.259129  0.384384  2.000000  0.999945  -0.000105  0.010441  0.000113  1.000000  -0.000705  -0.010441  0.000707  0.999945  0.999963  0.006734  0.005397  -0.006728  0.999977  -0.001183  -0.005405  0.001147  0.999985  1.000000  -0.000016  0.000107  0.000016  1.000000  -0.000015  -0.000107  0.000015  1.000000  0.999945  -0.000105  0.010441  0.000113  1.000000  -0.000705  -0.010441  0.000707  0.999945  0.000115  0.008709  
15.533104 -0.003474  0.086699  0.001783  0.992869  0.083299  0.085282  -0.083593  0.996500  -0.000120  -0.084993  -0.007010  0.996357  0.000642  -0.004731  -0.003298  -0.046640  -0.263644  0.370673  2.000000  0.999940  -0.000188  0.010966  0.000196  1.000000  -0.000770  -0.010966  0.000772  0.999940  0.999964  0.006529  0.005396  -0.006524  0.999978  -0.001045  -0.005403  0.001010  0.999985  1.000000  -0.000018  0.000104  0.000018  1.000000  -0.000013  -0.000104  0.000013  1.000000  0.999940  -0.000188  0.010966  0.000196  1.000000  -0.000770  -0.010966  0.000772  0.999940  0.000116  0.008533  
15.534104 -0.003474  0.086696  0.001779  0.992869  0.083299  0.085282  -0.083593  0.996500  -0.000120  -0.084993  -0.007010  0.996357  0.000570  -0.004737  -0.003361  -0.045735  -0.257024  0.360895  2.000000  0.999935  -0.000257  0.011365  0.000266  1.000000  -0.000820  -0.011365  0.000823  0.999935  0.999968  0.006120  0.005126  -0.006115  0.999981  -0.001010  -0.005132  0.000979  0.999986  1.000000  -0.000017  0.000098  0.000017  1.000000  -0.000012  -0.000098  0.000012  1.000000  0.999935  -0.000257  0.011365  0.000266  1.000000  -0.000820  -0.011365  0.000823  0.999935  0.000112  0.008045  
15.535105 -0.003473  0.086692  0.001775  0.992840  0.083503  0.085415  -0.083797  0.996483  -0.000149  -0.085127  -0.007010  0.996345  0.000579  -0.004718  -0.003401  -0.049088  -0.258928  0.349867  2.000000  0.999932  -0.000310  0.011655  0.000320  1.000000  -0.000857  -0.011655  0.000860  0.999932  0.999969  0.005915  0.005125  -0.005910  0.999982  -0.000993  -0.005130  0.000963  0.999986  1.000000  -0.000019  0.000096  0.000019  1.000000  -0.000012  -0.000096  0.000012  1.000000  0.999932  -0.000310  0.011655  0.000320  1.000000  -0.000857  -0.011655  0.000860  0.999932  0.000111  0.007887  
15.536355 -0.003472  0.086688  0.001769  0.992829  0.083512  0.085537  -0.083796  0.996483  -0.000281  -0.085260  -0.006889  0.996335  0.000546  -0.004679  -0.003484  -0.051129  -0.252216  0.326573  2.000000  0.999927  -0.000401  0.012114  0.000412  0.999999  -0.000921  -0.012114  0.000926  0.999926  0.999974  0.005302  0.004852  -0.005297  0.999985  -0.001063  -0.004858  0.001037  0.999988  1.000000  -0.000019  0.000088  0.000019  1.000000  -0.000013  -0.000088  0.000013  1.000000  0.999927  -0.000401  0.012114  0.000412  0.999999  -0.000921  -0.012114  0.000926  0.999926  0.000105  0.007263  
15.537357 -0.003472  0.086683  0.001765  0.992800  0.083717  0.085670  -0.083999  0.996466  -0.000310  -0.085393  -0.006889  0.996324  0.000505  -0.004662  -0.003526  -0.050645  -0.243191  0.319719  2.000000  0.999922  -0.000475  0.012460  0.000487  0.999999  -0.000973  -0.012460  0.000979  0.999922  0.999976  0.005097  0.004717  -0.005093  0.999986  -0.001046  -0.004722  0.001022  0.999988  1.000000  -0.000019  0.000085  0.000019  1.000000  -0.000013  -0.000085  0.000013  1.000000  0.999922  -0.000475  0.012460  0.000487  0.999999  -0.000973  -0.012460  0.000979  0.999922  0.000102  0.007022  
15.538604 -0.003472  0.086677  0.001758  0.992760  0.083930  0.085925  -0.084201  0.996449  -0.000471  -0.085660  -0.006768  0.996301  0.000410  -0.004715  -0.003732  -0.053127  -0.234112  0.299280  2.000000  0.999921  -0.000493  0.012544  0.000505  0.999999  -0.000986  -0.012544  0.000992  0.999921  0.999980  0.004690  0.004313  -0.004685  0.999988  -0.001133  -0.004318  0.001113  0.999990  1.000000  0.000000  0.000000  0.000000  1.000000  0.000000  0.000000  0.000000  1.000000  0.999921  -0.000493  0.012544  0.000505  0.999999  -0.000986  -0.012544  0.000992  0.999921  0.000097  0.000000  
15.539610 -0.003474  0.086671  0.001752  0.992749  0.083929  0.086058  -0.084200  0.996449  -0.000482  -0.085793  -0.006768  0.996290  0.000244  -0.004770  -0.003977  -0.051486  -0.229480  0.278760  2.000000  0.999921  -0.000493  0.012544  0.000505  0.999999  -0.000986  -0.012544  0.000992  0.999921  0.999983  0.004075  0.004175  -0.004070  0.999991  -0.001202  -0.004180  0.001185  0.999991  1.000000  0.000000  0.000000  0.000000  1.000000  0.000000  0.000000  0.000000  1.000000  0.999921  -0.000493  0.012544  0.000505  0.999999  -0.000986  -0.012544  0.000992  0.999921  0.000092  0.000000  
15.540611 -0.003475  0.086666  0.001746  0.992720  0.084144  0.086181  -0.084404  0.996431  -0.000632  -0.085926  -0.006647  0.996279  0.000169  -0.004785  -0.004118  -0.054916  -0.222250  0.267324  2.000000  0.999921  -0.000493  0.012544  0.000505  0.999999  -0.000986  -0.012544  0.000992  0.999921  0.999984  0.004077  0.004041  -0.004071  0.999991  -0.001324  -0.004046  0.001308  0.999991  1.000000  0.000000  0.000000  0.000000  1.000000  0.000000  0.000000  0.000000  1.000000  0.999921  -0.000493  0.012544  0.000505  0.999999  -0.000986  -0.012544  0.000992  0.999921  0.000089  0.000000  
15.541859 -0.003476  0.086659  0.001738  0.992691  0.084359  0.086303  -0.084607  0.996414  -0.000782  -0.086060  -0.006526  0.996269  0.000012  -0.004813  -0.004416  -0.053954  -0.215903  0.258366  2.000000  0.999921  -0.000493  0.012544  0.000505  0.999999  -0.000986  -0.012544  0.000992  0.999921  0.999985  0.003872  0.003905  -0.003867  0.999992  -0.001307  -0.003910  0.001292  0.999992  1.000000  0.000000  0.000000  0.000000  1.000000  0.000000  0.000000  0.000000  1.000000  0.999921  -0.000493  0.012544  0.000505  0.999999  -0.000986  -0.012544  0.000992  0.999921  0.000086  0.000000  
15.543104 -0.003478  0.086652  0.001732  0.992674  0.084564  0.086303  -0.084812  0.996397  -0.000800  -0.086060  -0.006526  0.996269  -0.000127  -0.004781  -0.004589  -0.052862  -0.206936  0.244806  2.000000  0.999921  -0.000493  0.012544  0.000505  0.999999  -0.000986  -0.012544  0.000992  0.999921  0.999987  0.003464  0.003635  -0.003459  0.999993  -0.001393  -0.003640  0.001380  0.999992  1.000000  0.000000  0.000000  0.000000  1.000000  0.000000  0.000000  0.000000  1.000000  0.999921  -0.000493  0.012544  0.000505  0.999999  -0.000986  -0.012544  0.000992  0.999921  0.000082  0.000000  
15.544112 -0.003479  0.086647  0.001726  0.992674  0.084574  0.086293  -0.084812  0.996397  -0.000921  -0.086060  -0.006405  0.996269  -0.000229  -0.004750  -0.004782  -0.056233  -0.199447  0.233000  2.000000  0.999921  -0.000493  0.012544  0.000505  0.999999  -0.000986  -0.012544  0.000992  0.999921  0.999988  0.003466  0.003367  -0.003461  0.999993  -0.001514  -0.003372  0.001502  0.999993  1.000000  0.000000  0.000000  0.000000  1.000000  0.000000  0.000000  0.000000  1.000000  0.999921  -0.000493  0.012544  0.000505  0.999999  -0.000986  -0.012544  0.000992  0.999921  0.000079  0.000000  
15.545358 -0.003481  0.086641  0.001719  0.992645  0.084779  0.086425  -0.085015  0.996379  -0.000950  -0.086193  -0.006405  0.996258  -0.000401  -0.004741  -0.004977  -0.055143  -0.194910  0.219302  2.000000  0.999921  -0.000493  0.012544  0.000505  0.999999  -0.000986  -0.012544  0.000992  0.999921  0.999991  0.003058  0.003097  -0.003053  0.999994  -0.001357  -0.003101  0.001348  0.999994  1.000000  0.000000  0.000000  0.000000  1.000000  0.000000  0.000000  0.000000  1.000000  0.999921  -0.000493  0.012544  0.000505  0.999999  -0.000986  -0.012544  0.000992  0.999921  0.000074  0.000000  
15.546361 -0.003483  0.086637  0.001713  0.992645  0.084789  0.086415  -0.085015  0.996379  -0.001071  -0.086193  -0.006284  0.996259  -0.000520  -0.004699  -0.005089  -0.058100  -0.181284  0.205584  2.000000  0.999921  -0.000493  0.012544  0.000505  0.999999  -0.000986  -0.012544  0.000992  0.999921  0.999992  0.002854  0.002961  -0.002849  0.999995  -0.001461  -0.002965  0.001453  0.999995  1.000000  0.000000  0.000000  0.000000  1.000000  0.000000  0.000000  0.000000  1.000000  0.999921  -0.000493  0.012544  0.000505  0.999999  -0.000986  -0.012544  0.000992  0.999921  0.000071  0.000000  
15.547605 -0.003484  0.086631  0.001705  0.992609  0.085199  0.086415  -0.085424  0.996344  -0.001106  -0.086193  -0.006284  0.996259  -0.000658  -0.004723  -0.005334  -0.057165  -0.166591  0.197409  2.000000  0.999921  -0.000493  0.012544  0.000505  0.999999  -0.000986  -0.012544  0.000992  0.999921  0.999993  0.002651  0.002559  -0.002647  0.999996  -0.001322  -0.002562  0.001316  0.999996  1.000000  0.000000  0.000000  0.000000  1.000000  0.000000  0.000000  0.000000  1.000000  0.999921  -0.000493  0.012544  0.000505  0.999999  -0.000986  -0.012544  0.000992  0.999921  0.000065  0.000000  
15.548609 -0.003486  0.086627  0.001699  0.992580  0.085404  0.086547  -0.085627  0.996327  -0.001135  -0.086326  -0.006284  0.996247  -0.000789  -0.004733  -0.005485  -0.060525  -0.158659  0.185025  2.000000  0.999921  -0.000493  0.012544  0.000505  0.999999  -0.000986  -0.012544  0.000992  0.999921  0.999994  0.002652  0.002425  -0.002649  0.999996  -0.001201  -0.002428  0.001195  0.999996  1.000000  0.000000  0.000000  0.000000  1.000000  0.000000  0.000000  0.000000  1.000000  0.999921  -0.000493  0.012544  0.000505  0.999999  -0.000986  -0.012544  0.000992  0.999921  0.000064  0.000000  
15.549855 -0.003487  0.086621  0.001691  0.992563  0.085619  0.086537  -0.085831  0.996309  -0.001274  -0.086326  -0.006163  0.996248  -0.000944  -0.004802  -0.005675  -0.064162  -0.148580  0.183765  2.000000  0.999921  -0.000493  0.012544  0.000505  0.999999  -0.000986  -0.012544  0.000992  0.999921  0.999994  0.002859  0.002024  -0.002857  0.999995  -0.001219  -0.002028  0.001213  0.999997  1.000000  0.000000  0.000000  0.000000  1.000000  0.000000  0.000000  0.000000  1.000000  0.999921  -0.000493  0.012544  0.000505  0.999999  -0.000986  -0.012544  0.000992  0.999921  0.000061  0.000000  
15.551104 -0.003489  0.086616  0.001683  0.992533  0.085824  0.086669  -0.086035  0.996291  -0.001303  -0.086460  -0.006163  0.996236  -0.001173  -0.004854  -0.005868  -0.063577  -0.139486  0.176827  2.000000  0.999921  -0.000493  0.012544  0.000505  0.999999  -0.000986  -0.012544  0.000992  0.999921  0.999995  0.002655  0.001889  -0.002653  0.999996  -0.001202  -0.001893  0.001197  0.999997  1.000000  0.000000  0.000000  0.000000  1.000000  0.000000  0.000000  0.000000  1.000000  0.999921  -0.000493  0.012544  0.000505  0.999999  -0.000986  -0.012544  0.000992  0.999921  0.000059  0.000000  
15.552104 -0.003491  0.086611  0.001676  0.992516  0.086039  0.086659  -0.086239  0.996273  -0.001442  -0.086460  -0.006042  0.996237  -0.001340  -0.004867  -0.006052  -0.067066  -0.134995  0.170061  2.000000  0.999921  -0.000493  0.012544  0.000505  0.999999  -0.000986  -0.012544  0.000992  0.999921  0.999995  0.002862  0.001623  -0.002860  0.999995  -0.001098  -0.001626  0.001094  0.999998  1.000000  0.000000  0.000000  0.000000  1.000000  0.000000  0.000000  0.000000  1.000000  0.999921  -0.000493  0.012544  0.000505  0.999999  -0.000986  -0.012544  0.000992  0.999921  0.000058  0.000000  
15.553104 -0.003494  0.086607  0.001669  0.992498  0.086244  0.086658  -0.086443  0.996256  -0.001460  -0.086460  -0.006042  0.996237  -0.001504  -0.004845  -0.006154  -0.067123  -0.126138  0.170208  2.000000  0.999921  -0.000493  0.012544  0.000505  0.999999  -0.000986  -0.012544  0.000992  0.999921  0.999995  0.002862  0.001623  -0.002860  0.999995  -0.001220  -0.001626  0.001215  0.999998  1.000000  0.000000  0.000000  0.000000  1.000000  0.000000  0.000000  0.000000  1.000000  0.999921  -0.000493  0.012544  0.000505  0.999999  -0.000986  -0.012544  0.000992  0.999921  0.000056  0.000000  
15.554356 -0.003498  0.086601  0.001660  0.992480  0.086449  0.086658  -0.086648  0.996238  -0.001478  -0.086460  -0.006042  0.996237  -0.001666  -0.004787  -0.006296  -0.066527  -0.117099  0.163332  2.000000  0.999921  -0.000493  0.012544  0.000505  0.999999  -0.000986  -0.012544  0.000992  0.999921  0.999994  0.003068  0.001490  -0.003066  0.999995  -0.001237  -0.001494  0.001233  0.999998  1.000000  0.000000  0.000000  0.000000  1.000000  0.000000  0.000000  0.000000  1.000000  0.999921  -0.000493  0.012544  0.000505  0.999999  -0.000986  -0.012544  0.000992  0.999921  0.000054  0.000000  
15.555612 -0.003501  0.086595  0.001650  0.992462  0.086665  0.086647  -0.086852  0.996220  -0.001616  -0.086460  -0.005921  0.996238  -0.001785  -0.004678  -0.006433  0.000000  0.000000  0.000000  2.000000  0.999921  -0.000493  0.012544  0.000505  0.999999  -0.000986  -0.012544  0.000992  0.999921  0.999994  0.003069  0.001356  -0.003067  0.999994  -0.001359  -0.001360  0.001355  0.999998  1.000000  0.000000  0.000000  0.000000  1.000000  0.000000  0.000000  0.000000  1.000000  0.999921  -0.000493  0.012544  0.000505  0.999999  -0.000986  -0.012544  0.000992  0.999921  0.000000  0.000000  
15.556612 -0.003504  0.086590  0.001642  0.992444  0.086870  0.086647  -0.087056  0.996202  -0.001634  -0.086460  -0.005921  0.996238  -0.001878  -0.004654  -0.006528  0.000000  0.000000  0.000000  2.000000  0.999921  -0.000493  0.012544  0.000505  0.999999  -0.000986  -0.012544  0.000992  0.999921  0.999994  0.003275  0.001223  -0.003273  0.999994  -0.001255  -0.001227  0.001251  0.999998  1.000000  0.000000  0.000000  0.000000  1.000000  0.000000  0.000000  0.000000  1.000000  0.999921  -0.000493  0.012544  0.000505  0.999999  -0.000986  -0.012544  0.000992  0.999921  0.000000  0.000000  
15.557859 -0.003507  0.086584  0.001633  0.992415  0.087074  0.086779  -0.087260  0.996184  -0.001664  -0.086593  -0.005921  0.996226  -0.001983  -0.004617  -0.006672  0.000000  0.000000  0.000000  2.000000  0.999921  -0.000493  0.012544  0.000505  0.999999  -0.000986  -0.012544  0.000992  0.999921  0.999994  0.003275  0.001223  -0.003273  0.999994  -0.001256  -0.001227  0.001252  0.999998  1.000000  0.000000  0.000000  0.000000  1.000000  0.000000  0.000000  0.000000  1.000000  0.999921  -0.000493  0.012544  0.000505  0.999999  -0.000986  -0.012544  0.000992  0.999921  0.000000  0.000000  
15.559104 -0.003510  0.086579  0.001624  0.992367  0.087494  0.086901  -0.087667  0.996148  -0.001832  -0.086726  -0.005800  0.996215  -0.002052  -0.004564  -0.006775  0.000000  0.000000  0.000000  2.000000  0.999921  -0.000493  0.012544  0.000505  0.999999  -0.000986  -0.012544  0.000992  0.999921  0.999994  0.003276  0.001089  -0.003274  0.999994  -0.001256  -0.001093  0.001253  0.999999  1.000000  0.000000  0.000000  0.000000  1.000000  0.000000  0.000000  0.000000  1.000000  0.999921  -0.000493  0.012544  0.000505  0.999999  -0.000986  -0.012544  0.000992  0.999921  0.000000  0.000000  
15.560358 -0.003512  0.086574  0.001615  0.992349  0.087699  0.086900  -0.087872  0.996130  -0.001850  -0.086726  -0.005800  0.996215  -0.002074  -0.004483  -0.006964  0.000000  0.000000  0.000000  2.000000  0.999921  -0.000493  0.012544  0.000505  0.999999  -0.000986  -0.012544  0.000992  0.999921  0.999993  0.003686  0.000957  -0.003685  0.999992  -0.001292  -0.000962  0.001288  0.999999  1.000000  0.000000  0.000000  0.000000  1.000000  0.000000  0.000000  0.000000  1.000000  0.999921  -0.000493  0.012544  0.000505  0.999999  -0.000986  -0.012544  0.000992  0.999921  0.000000  0.000000  
15.561359 -0.003513  0.086570  0.001608  0.992320  0.087904  0.087033  -0.088075  0.996112  -0.001880  -0.086860  -0.005800  0.996204  -0.002055  -0.004431  -0.007028  0.000000  0.000000  0.000000  2.000000  0.999921  -0.000493  0.012544  0.000505  0.999999  -0.000986  -0.012544  0.000992  0.999921  0.999994  0.003482  0.000823  -0.003481  0.999993  -0.001153  -0.000827  0.001150  0.999999  1.000000  0.000000  0.000000  0.000000  1.000000  0.000000  0.000000  0.000000  1.000000  0.999921  -0.000493  0.012544  0.000505  0.999999  -0.000986  -0.012544  0.000992  0.999921  0.000000  0.000000  
15.562603 -0.003515  0.086565  0.001598  0.992301  0.088109  0.087032  -0.088279  0.996094  -0.001898  -0.086860  -0.005800  0.996204  -0.002079  -0.004374  -0.007151  0.000000  0.000000  0.000000  2.000000  0.999921  -0.000493  0.012544  0.000505  0.999999  -0.000986  -0.012544  0.000992  0.999921  0.999994  0.003482  0.000823  -0.003481  0.999993  -0.001032  -0.000826  0.001029  0.999999  1.000000  0.000000  0.000000  0.000000  1.000000  0.000000  0.000000  0.000000  1.000000  0.999921  -0.000493  0.012544  0.000505  0.999999  -0.000986  -0.012544  0.000992  0.999921  0.000000  0.000000  
15.563604 -0.003516  0.086562  0.001590  0.992301  0.088109  0.087032  -0.088279  0.996094  -0.001898  -0.086860  -0.005800  0.996204  -0.002063  -0.004340  -0.007235  0.000000  0.000000  0.000000  2.000000  0.999921  -0.000493  0.012544  0.000505  0.999999  -0.000986  -0.012544  0.000992  0.999921  0.999994  0.003482  0.000823  -0.003481  0.999993  -0.001032  -0.000826  0.001029  0.999999  1.000000  0.000000  0.000000  0.000000  1.000000  0.000000  0.000000  0.000000  1.000000  0.999921  -0.000493  0.012544  0.000505  0.999999  -0.000986  -0.012544  0.000992  0.999921  0.000000  0.000000  
15.564605 -0.003518  0.086558  0.001582  0.992283  0.088314  0.087032  -0.088483  0.996076  -0.001915  -0.086860  -0.005800  0.996204  -0.002075  -0.004326  -0.007333  0.000000  0.000000  0.000000  2.000000  0.999921  -0.000493  0.012544  0.000505  0.999999  -0.000986  -0.012544  0.000992  0.999921  0.999993  0.003687  0.000824  -0.003686  0.999993  -0.000928  -0.000827  0.000925  0.999999  1.000000  0.000000  0.000000  0.000000  1.000000  0.000000  0.000000  0.000000  1.000000  0.999921  -0.000493  0.012544  0.000505  0.999999  -0.000986  -0.012544  0.000992  0.999921  0.000000  0.000000  
15.565611 -0.003519  0.086554  0.001575  0.992265  0.088519  0.087032  -0.088688  0.996058  -0.001933  -0.086860  -0.005800  0.996204  -0.002087  -0.004294  -0.007377  -0.050974  -0.055007  0.165075  2.000000  0.999921  -0.000493  0.012544  0.000505  0.999999  -0.000986  -0.012544  0.000992  0.999921  0.999993  0.003688  0.000690  -0.003687  0.999993  -0.000928  -0.000693  0.000926  0.999999  1.000000  0.000000  0.000000  0.000000  1.000000  0.000000  0.000000  0.000000  1.000000  0.999921  -0.000493  0.012544  0.000505  0.999999  -0.000986  -0.012544  0.000992  0.999921  0.000046  0.000000  
15.566854 -0.003521  0.086548  0.001566  0.992235  0.088723  0.087164  -0.088891  0.996039  -0.001963  -0.086993  -0.005800  0.996192  -0.001995  -0.004298  -0.007444  -0.050586  -0.054565  0.163745  2.000000  0.999921  -0.000493  0.012544  0.000505  0.999999  -0.000986  -0.012544  0.000992  0.999921  0.999993  0.003687  0.000824  -0.003686  0.999993  -0.000808  -0.000827  0.000805  0.999999  1.000000  0.000000  0.000000  0.000000  1.000000  0.000000  0.000000  0.000000  1.000000  0.999921  -0.000493  0.012544  0.000505  0.999999  -0.000986  -0.012544  0.000992  0.999921  0.000045  0.000000  
15.568104 -0.003522  0.086543  0.001558  0.992205  0.088938  0.087285  -0.089094  0.996021  -0.002114  -0.087126  -0.005679  0.996181  -0.001859  -0.004220  -0.007424  -0.051031  -0.055001  0.165119  2.000000  0.999921  -0.000493  0.012544  0.000505  0.999999  -0.000986  -0.012544  0.000992  0.999921  0.999993  0.003686  0.000957  -0.003686  0.999993  -0.000929  -0.000960  0.000926  0.999999  1.000000  0.000000  0.000000  0.000000  1.000000  0.000000  0.000000  0.000000  1.000000  0.999921  -0.000493  0.012544  0.000505  0.999999  -0.000986  -0.012544  0.000992  0.999921  0.000047  0.000000  
15.569105 -0.003524  0.086539  0.001551  0.992187  0.089143  0.087285  -0.089298  0.996003  -0.002132  -0.087126  -0.005679  0.996181  -0.001756  -0.004193  -0.007346  -0.051218  -0.050134  0.170634  2.000000  0.999921  -0.000493  0.012544  0.000505  0.999999  -0.000986  -0.012544  0.000992  0.999921  0.999994  0.003482  0.000822  -0.003481  0.999994  -0.000911  -0.000825  0.000909  0.999999  1.000000  0.000000  0.000000  0.000000  1.000000  0.000000  0.000000  0.000000  1.000000  0.999921  -0.000493  0.012544  0.000505  0.999999  -0.000986  -0.012544  0.000992  0.999921  0.000045  0.000000  
