1-Time 2-Px 3-Py 4-Pz 5-R11 6-R21 7-R31 8-R12 9-R22 10-R32 11-R13 12-R23 13-R33 14-Vx 15-Vy 16-Vz 17-Wx 18-Wy 19-Wz 20-state 21-PR11 22-PR21 23-PR31 24-PR12 25-PR22 26-PR32 27-PR13 28-PR23 29-PR33 
237.670682 0.017425  0.091396  -0.012905  0.997363  0.065444  0.031361  -0.036976  0.086428  0.995572  0.062443  -0.994106  0.088620  0.000668  0.000606  0.000588  0.000000  0.000000  0.000000  2.000000  1.000000  0.000000  0.000000  0.000000  -0.000000  1.000000  0.000000  -1.000000  -0.000000  1.000000  -0.000000  -0.000000  0.000000  1.000000  0.000000  0.000000  0.000000  1.000000  1.000000  0.000000  0.000000  0.000000  1.000000  0.000000  0.000000  0.000000  1.000000  0.636649  0.667338  0.386443  -0.475137  -0.055248  0.878176  0.607391  -0.742702  0.281903  0.000000  0.000000  
237.671931 0.017427  0.091397  -0.012905  0.997356  0.065461  0.031566  -0.037181  0.086415  0.995565  0.062443  -0.994106  0.088620  0.000693  0.000597  0.000507  0.000000  0.000000  0.000000  2.000000  1.000000  0.000000  0.000000  0.000000  -0.000000  1.000000  0.000000  -1.000000  -0.000000  1.000000  0.000018  0.000205  -0.000018  1.000000  0.000013  -0.000205  -0.000013  1.000000  1.000000  0.000000  0.000000  0.000000  1.000000  0.000000  0.000000  0.000000  1.000000  1.000000  0.000000  0.000000  0.000000  -0.000000  1.000000  0.000000  -1.000000  -0.000000  0.000000  0.000000  
237.672933 0.017430  0.091395  -0.012910  0.997348  0.065479  0.031771  -0.037387  0.086401  0.995559  0.062443  -0.994106  0.088620  0.000864  0.000432  0.000146  0.000000  0.000000  0.000000  2.000000  1.000000  0.000000  0.000000  0.000000  -0.000000  1.000000  0.000000  -1.000000  -0.000000  1.000000  0.000036  0.000409  -0.000036  1.000000  0.000026  -0.000409  -0.000026  1.000000  1.000000  0.000000  0.000000  0.000000  1.000000  0.000000  0.000000  0.000000  1.000000  1.000000  0.000000  0.000000  0.000000  -0.000000  1.000000  0.000000  -1.000000  -0.000000  0.000000  0.000000  
237.673933 0.017434  0.091393  -0.012916  0.997349  0.065253  0.032197  -0.037798  0.086505  0.995534  0.062176  -0.994112  0.088742  0.001071  0.000228  -0.000285  0.000000  0.000000  0.000000  2.000000  1.000000  0.000000  0.000000  0.000000  -0.000000  1.000000  0.000000  -1.000000  -0.000000  1.000000  -0.000060  0.000831  0.000060  1.000000  -0.000070  -0.000831  0.000070  1.000000  1.000000  0.000000  0.000000  0.000000  1.000000  0.000000  0.000000  0.000000  1.000000  1.000000  0.000000  0.000000  0.000000  -0.000000  1.000000  0.000000  -1.000000  -0.000000  0.000000  0.000000  
237.675183 0.017439  0.091392  -0.012922  0.997334  0.065177  0.032816  -0.038414  0.086591  0.995503  0.062043  -0.994110  0.088864  0.001445  0.000130  -0.000743  0.000000  0.000000  0.000000  2.000000  1.000000  0.000000  0.000000  0.000000  -0.000000  1.000000  0.000000  -1.000000  -0.000000  0.999999  -0.000272  0.001468  0.000272  1.000000  -0.000031  -0.001468  0.000032  0.999999  1.000000  0.000000  0.000000  0.000000  1.000000  0.000000  0.000000  0.000000  1.000000  1.000000  0.000000  0.000000  0.000000  -0.000000  1.000000  0.000000  -1.000000  -0.000000  0.000000  0.000000  
237.676447 0.017447  0.091390  -0.012927  0.997326  0.065080  0.033237  -0.038825  0.086569  0.995489  0.061909  -0.994118  0.088864  0.001873  0.000002  -0.001154  0.000000  0.000000  0.000000  2.000000  1.000000  0.000000  0.000000  0.000000  -0.000000  1.000000  0.000000  -1.000000  -0.000000  0.999998  -0.000369  0.001890  0.000369  1.000000  -0.000127  -0.001889  0.000128  0.999998  1.000000  0.000000  0.000000  0.000000  1.000000  0.000000  0.000000  0.000000  1.000000  1.000000  0.000000  0.000000  0.000000  -0.000000  1.000000  0.000000  -1.000000  -0.000000  0.000000  0.000000  
237.677683 0.017457  0.091390  -0.012932  0.997327  0.064969  0.033446  -0.039031  0.086682  0.995471  0.061776  -0.994115  0.088986  0.002483  -0.000050  -0.001584  0.000000  0.000000  0.000000  2.000000  1.000000  0.000000  0.000000  0.000000  -0.000000  1.000000  0.000000  -1.000000  -0.000000  0.999998  -0.000484  0.002106  0.000484  1.000000  -0.000114  -0.002106  0.000115  0.999998  1.000000  0.000000  0.000000  0.000000  1.000000  0.000000  0.000000  0.000000  1.000000  1.000000  0.000000  0.000000  0.000000  -0.000000  1.000000  0.000000  -1.000000  -0.000000  0.000000  0.000000  
237.678933 0.017468  0.091390  -0.012938  0.997310  0.065005  0.033856  -0.039441  0.086655  0.995457  0.061776  -0.994115  0.088986  0.003224  -0.000077  -0.001960  0.000000  0.000000  0.000000  2.000000  1.000000  0.000000  0.000000  0.000000  -0.000000  1.000000  0.000000  -1.000000  -0.000000  0.999997  -0.000447  0.002515  0.000447  1.000000  -0.000210  -0.002515  0.000211  0.999997  1.000000  0.000000  0.000000  0.000000  1.000000  0.000000  0.000000  0.000000  1.000000  1.000000  0.000000  0.000000  0.000000  -0.000000  1.000000  0.000000  -1.000000  -0.000000  0.000000  0.000000  
237.680180 0.017480  0.091389  -0.012943  0.997286  0.065177  0.034246  -0.039852  0.086744  0.995433  0.061909  -0.994096  0.089106  0.003935  -0.000227  -0.002402  0.000000  0.000000  0.000000  2.000000  1.000000  0.000000  0.000000  0.000000  -0.000000  1.000000  0.000000  -1.000000  -0.000000  0.999996  -0.000277  0.002913  0.000277  1.000000  -0.000306  -0.002913  0.000306  0.999996  1.000000  0.000000  0.000000  0.000000  1.000000  0.000000  0.000000  0.000000  1.000000  1.000000  0.000000  0.000000  0.000000  -0.000000  1.000000  0.000000  -1.000000  -0.000000  0.000000  0.000000  
237.681182 0.017488  0.091387  -0.012949  0.997269  0.065217  0.034648  -0.040262  0.086838  0.995409  0.061909  -0.994085  0.089226  0.004475  -0.000388  -0.002775  0.000000  0.000000  0.000000  2.000000  1.000000  0.000000  0.000000  0.000000  -0.000000  1.000000  0.000000  -1.000000  -0.000000  0.999994  -0.000239  0.003322  0.000241  1.000000  -0.000401  -0.003322  0.000402  0.999994  1.000000  0.000000  0.000000  0.000000  1.000000  0.000000  0.000000  0.000000  1.000000  1.000000  0.000000  0.000000  0.000000  -0.000000  1.000000  0.000000  -1.000000  -0.000000  0.000000  0.000000  
237.682184 0.017496  0.091386  -0.012954  0.997253  0.065142  0.035267  -0.040879  0.086923  0.995376  0.061776  -0.994083  0.089348  0.004971  -0.000550  -0.003182  0.000000  0.000000  0.000000  2.000000  1.000000  0.000000  0.000000  0.000000  -0.000000  1.000000  0.000000  -1.000000  -0.000000  0.999993  -0.000336  0.003744  0.000338  1.000000  -0.000497  -0.003743  0.000498  0.999993  1.000000  0.000000  0.000000  0.000000  1.000000  0.000000  0.000000  0.000000  1.000000  1.000000  0.000000  0.000000  0.000000  -0.000000  1.000000  0.000000  -1.000000  -0.000000  0.000000  0.000000  
237.683184 0.017506  0.091384  -0.012960  0.997244  0.065054  0.035673  -0.041290  0.087144  0.995340  0.061642  -0.994069  0.089589  0.005559  -0.000662  -0.003624  0.000000  0.000000  0.000000  2.000000  1.000000  0.000000  0.000000  0.000000  -0.000000  1.000000  0.000000  -1.000000  -0.000000  0.999991  -0.000432  0.004165  0.000434  1.000000  -0.000593  -0.004165  0.000595  0.999991  1.000000  0.000000  0.000000  0.000000  1.000000  0.000000  0.000000  0.000000  1.000000  1.000000  0.000000  0.000000  0.000000  -0.000000  1.000000  0.000000  -1.000000  -0.000000  0.000000  0.000000  
237.684186 0.017516  0.091383  -0.012967  0.997243  0.064828  0.036099  -0.041701  0.087249  0.995313  0.061375  -0.994075  0.089711  0.006206  -0.000821  -0.004215  0.000000  0.000000  0.000000  2.000000  1.000000  0.000000  0.000000  0.000000  -0.000000  1.000000  0.000000  -1.000000  -0.000000  0.999988  -0.000509  0.004791  0.000513  1.000000  -0.000797  -0.004790  0.000799  0.999988  1.000000  0.000000  0.000000  0.000000  1.000000  0.000000  0.000000  0.000000  1.000000  1.000000  0.000000  0.000000  0.000000  -0.000000  1.000000  0.000000  -1.000000  -0.000000  0.000000  0.000000  
237.685435 0.017528  0.091381  -0.012977  0.997226  0.064763  0.036702  -0.042317  0.087576  0.995259  0.061241  -0.994050  0.090074  0.006996  -0.001000  -0.004903  -0.037786  -0.182415  -0.024230  2.000000  1.000000  -0.000032  0.000256  -0.000256  0.000048  1.000000  -0.000032  -1.000000  0.000048  0.999986  -0.000737  0.005224  0.000742  0.999999  -0.001014  -0.005224  0.001018  0.999986  1.000000  -0.000009  0.000065  0.000009  1.000000  -0.000013  -0.000065  0.000013  1.000000  1.000000  -0.000032  0.000256  -0.000256  0.000048  1.000000  -0.000032  -1.000000  0.000048  0.000045  0.005373  
237.686683 0.017542  0.091380  -0.012987  0.997207  0.064693  0.037313  -0.042933  0.087783  0.995214  0.061108  -0.994037  0.090316  0.007803  -0.001144  -0.005525  -0.044670  -0.203461  -0.026830  2.000000  1.000000  -0.000067  0.000540  -0.000540  0.000110  1.000000  -0.000067  -1.000000  0.000110  0.999983  -0.000680  0.005839  0.000688  0.999999  -0.001340  -0.005838  0.001344  0.999982  1.000000  -0.000009  0.000073  0.000009  1.000000  -0.000017  -0.000073  0.000017  1.000000  1.000000  -0.000067  0.000540  -0.000540  0.000110  1.000000  -0.000067  -1.000000  0.000110  0.000051  0.006029  
237.687687 0.017553  0.091380  -0.012995  0.997199  0.064725  0.037494  -0.043139  0.088132  0.995174  0.061108  -0.994004  0.090678  0.008379  -0.001025  -0.005737  -0.056462  -0.210313  -0.026169  2.000000  1.000000  -0.000107  0.000848  -0.000848  0.000183  1.000000  -0.000107  -1.000000  0.000183  0.999980  -0.000774  0.006260  0.000784  0.999998  -0.001557  -0.006259  0.001562  0.999979  1.000000  -0.000010  0.000078  0.000010  1.000000  -0.000019  -0.000078  0.000019  1.000000  1.000000  -0.000107  0.000848  -0.000848  0.000183  1.000000  -0.000107  -1.000000  0.000183  0.000055  0.006498  
237.688936 0.017568  0.091381  -0.013004  0.997189  0.064642  0.037893  -0.043550  0.088474  0.995126  0.060974  -0.993979  0.091040  0.009042  -0.000786  -0.005891  -0.067852  -0.224485  -0.029367  2.000000  0.999999  -0.000156  0.001254  -0.001254  0.000298  0.999999  -0.000156  -1.000000  0.000298  0.999977  -0.000867  0.006682  0.000881  0.999998  -0.002016  -0.006680  0.002022  0.999976  1.000000  -0.000011  0.000084  0.000011  1.000000  -0.000025  -0.000084  0.000025  1.000000  0.999999  -0.000156  0.001254  -0.001254  0.000298  0.999999  -0.000156  -1.000000  0.000298  0.000059  0.007034  
237.689937 0.017580  0.091382  -0.013011  0.997171  0.064692  0.038279  -0.043960  0.088809  0.995078  0.060974  -0.993946  0.091402  0.009518  -0.000688  -0.006080  -0.079222  -0.238235  -0.028080  2.000000  0.999999  -0.000198  0.001599  -0.001599  0.000406  0.999999  -0.000199  -1.000000  0.000406  0.999975  -0.000828  0.007091  0.000844  0.999997  -0.002234  -0.007089  0.002240  0.999972  1.000000  -0.000010  0.000089  0.000010  1.000000  -0.000028  -0.000089  0.000028  1.000000  0.999999  -0.000198  0.001599  -0.001599  0.000406  0.999999  -0.000199  -1.000000  0.000406  0.000063  0.007482  
237.690938 0.017592  0.091383  -0.013020  0.997161  0.064610  0.038677  -0.044371  0.089150  0.995029  0.060841  -0.993920  0.091764  0.009972  -0.000505  -0.006344  -0.090609  -0.252391  -0.031265  2.000000  0.999998  -0.000244  0.001959  -0.001959  0.000530  0.999998  -0.000245  -1.000000  0.000529  0.999973  -0.000940  0.007309  0.000959  0.999996  -0.002585  -0.007306  0.002592  0.999970  1.000000  -0.000012  0.000091  0.000012  1.000000  -0.000032  -0.000091  0.000032  1.000000  0.999998  -0.000244  0.001959  -0.001959  0.000530  0.999998  -0.000245  -1.000000  0.000529  0.000066  0.007810  
237.691940 0.017605  0.091384  -0.013030  0.997151  0.064528  0.039076  -0.044782  0.089492  0.994980  0.060707  -0.993895  0.092127  0.010309  -0.000422  -0.006793  -0.101991  -0.266532  -0.034443  2.000000  0.999997  -0.000295  0.002340  -0.002340  0.000671  0.999997  -0.000296  -1.000000  0.000670  0.999970  -0.001033  0.007730  0.001056  0.999995  -0.002923  -0.007727  0.002931  0.999966  1.000000  -0.000013  0.000097  0.000013  1.000000  -0.000037  -0.000097  0.000037  1.000000  0.999997  -0.000295  0.002340  -0.002340  0.000671  0.999997  -0.000296  -1.000000  0.000670  0.000070  0.008330  
237.693183 0.017621  0.091385  -0.013044  0.997140  0.064446  0.039474  -0.045193  0.089833  0.994931  0.060574  -0.993870  0.092489  0.010649  -0.000364  -0.007339  -0.113410  -0.280767  -0.037627  2.000000  0.999996  -0.000364  0.002829  -0.002829  0.000870  0.999996  -0.000367  -1.000000  0.000869  0.999968  -0.001144  0.007948  0.001171  0.999994  -0.003396  -0.007944  0.003405  0.999963  1.000000  -0.000014  0.000099  0.000014  1.000000  -0.000043  -0.000099  0.000043  1.000000  0.999996  -0.000364  0.002829  -0.002829  0.000870  0.999996  -0.000367  -1.000000  0.000869  0.000076  0.008720  
237.694432 0.017637  0.091385  -0.013061  0.997130  0.064370  0.039865  -0.045604  0.090296  0.994870  0.060440  -0.993833  0.092972  0.010975  -0.000323  -0.008120  -0.128886  -0.294945  -0.040781  2.000000  0.999995  -0.000421  0.003226  -0.003226  0.001048  0.999994  -0.000425  -0.999999  0.001046  0.999968  -0.001141  0.007948  0.001170  0.999993  -0.003639  -0.007944  0.003648  0.999962  1.000000  -0.000014  0.000099  0.000014  1.000000  -0.000046  -0.000099  0.000046  1.000000  0.999995  -0.000421  0.003226  -0.003226  0.001048  0.999994  -0.000425  -0.999999  0.001046  0.000081  0.008818  
237.695433 0.017649  0.091385  -0.013076  0.997128  0.064270  0.040059  -0.045810  0.090650  0.994829  0.060307  -0.993807  0.093334  0.011205  -0.000224  -0.008805  -0.140715  -0.302253  -0.044577  2.000000  0.999993  -0.000471  0.003615  -0.003615  0.001243  0.999993  -0.000475  -0.999999  0.001241  0.999970  -0.000890  0.007719  0.000921  0.999992  -0.004018  -0.007716  0.004025  0.999962  1.000000  -0.000011  0.000096  0.000011  1.000000  -0.000050  -0.000096  0.000050  1.000000  0.999993  -0.000471  0.003615  -0.003615  0.001243  0.999993  -0.000475  -0.999999  0.001241  0.000083  0.008750  
237.696433 0.017662  0.091384  -0.013093  0.997109  0.064322  0.040445  -0.046220  0.090986  0.994779  0.060307  -0.993773  0.093696  0.011490  -0.000169  -0.009606  -0.152119  -0.316066  -0.043268  2.000000  0.999992  -0.000521  0.003997  -0.003996  0.001451  0.999991  -0.000527  -0.999999  0.001448  0.999971  -0.000907  0.007515  0.000939  0.999990  -0.004274  -0.007511  0.004281  0.999963  1.000000  -0.000012  0.000094  0.000012  1.000000  -0.000053  -0.000094  0.000053  1.000000  0.999992  -0.000521  0.003997  -0.003996  0.001451  0.999991  -0.000527  -0.999999  0.001448  0.000086  0.008695  
237.697683 0.017678  0.091382  -0.013114  0.997100  0.064356  0.040627  -0.046425  0.091335  0.994737  0.060307  -0.993739  0.094058  0.011801  -0.000218  -0.010531  -0.163903  -0.322909  -0.042573  2.000000  0.999990  -0.000573  0.004471  -0.004470  0.001733  0.999989  -0.000581  -0.999998  0.001730  0.999972  -0.000771  0.007503  0.000806  0.999989  -0.004639  -0.007499  0.004645  0.999961  1.000000  -0.000010  0.000094  0.000010  1.000000  -0.000058  -0.000094  0.000058  1.000000  0.999990  -0.000573  0.004471  -0.004470  0.001733  0.999989  -0.000581  -0.999998  0.001730  0.000091  0.008857  
237.698687 0.017690  0.091380  -0.013131  0.997080  0.064408  0.041013  -0.046836  0.091670  0.994687  0.060307  -0.993704  0.094419  0.012030  -0.000238  -0.011206  -0.175257  -0.336620  -0.041241  2.000000  0.999988  -0.000611  0.004851  -0.004850  0.001974  0.999986  -0.000621  -0.999998  0.001971  0.999972  -0.000768  0.007503  0.000805  0.999988  -0.004882  -0.007499  0.004888  0.999960  1.000000  -0.000010  0.000094  0.000010  1.000000  -0.000061  -0.000094  0.000061  1.000000  0.999988  -0.000611  0.004851  -0.004850  0.001974  0.999986  -0.000621  -0.999998  0.001971  0.000094  0.008986  
237.699932 0.017706  0.091377  -0.013151  0.997061  0.064461  0.041399  -0.047247  0.092006  0.994637  0.060307  -0.993670  0.094781  0.012188  -0.000307  -0.011855  -0.186692  -0.350486  -0.039924  2.000000  0.999986  -0.000661  0.005328  -0.005327  0.002291  0.999983  -0.000673  -0.999997  0.002288  0.999971  -0.000899  0.007516  0.000937  0.999986  -0.005123  -0.007511  0.005130  0.999959  1.000000  -0.000011  0.000094  0.000011  1.000000  -0.000064  -0.000094  0.000064  1.000000  0.999986  -0.000661  0.005328  -0.005327  0.002291  0.999983  -0.000673  -0.999997  0.002288  0.000098  0.009142  
237.700935 0.017718  0.091374  -0.013168  0.997051  0.064495  0.041580  -0.047452  0.092354  0.994595  0.060307  -0.993635  0.095142  0.012318  -0.000464  -0.012490  -0.198489  -0.357353  -0.039222  2.000000  0.999984  -0.000694  0.005615  -0.005614  0.002494  0.999981  -0.000708  -0.999997  0.002490  0.999970  -0.000876  0.007721  0.000919  0.999985  -0.005475  -0.007716  0.005481  0.999955  1.000000  -0.000011  0.000096  0.000011  1.000000  -0.000068  -0.000096  0.000068  1.000000  0.999984  -0.000694  0.005615  -0.005614  0.002494  0.999981  -0.000708  -0.999997  0.002490  0.000101  0.009508  
237.701938 0.017731  0.091370  -0.013184  0.997034  0.064662  0.041749  -0.047657  0.092697  0.994553  0.060440  -0.993593  0.095503  0.012421  -0.000612  -0.013044  -0.210666  -0.356894  -0.034675  2.000000  0.999982  -0.000733  0.005991  -0.005989  0.002776  0.999978  -0.000750  -0.999996  0.002772  0.999972  -0.000760  0.007504  0.000803  0.999983  -0.005730  -0.007500  0.005736  0.999955  1.000000  -0.000010  0.000094  0.000010  1.000000  -0.000072  -0.000094  0.000072  1.000000  0.999982  -0.000733  0.005991  -0.005989  0.002776  0.999978  -0.000750  -0.999996  0.002772  0.000103  0.009474  
237.702946 0.017744  0.091367  -0.013202  0.997014  0.064716  0.042135  -0.048067  0.093032  0.994502  0.060440  -0.993558  0.095865  0.012516  -0.000903  -0.013776  -0.218790  -0.356403  -0.030104  2.000000  0.999980  -0.000765  0.006353  -0.006350  0.003072  0.999975  -0.000784  -0.999995  0.003067  0.999975  -0.000663  0.007082  0.000706  0.999982  -0.005998  -0.007078  0.006003  0.999957  1.000000  -0.000009  0.000089  0.000009  1.000000  -0.000075  -0.000089  0.000075  1.000000  0.999980  -0.000765  0.006353  -0.006350  0.003072  0.999975  -0.000784  -0.999995  0.003067  0.000105  0.009307  
237.704184 0.017762  0.091364  -0.013223  0.996996  0.064888  0.042295  -0.048272  0.093495  0.994449  0.060574  -0.993503  0.096346  0.012731  -0.001151  -0.014480  -0.236046  -0.341982  -0.022356  2.000000  0.999977  -0.000797  0.006795  -0.006792  0.003459  0.999971  -0.000820  -0.999994  0.003453  0.999976  -0.000412  0.006853  0.000456  0.999980  -0.006377  -0.006850  0.006380  0.999956  1.000000  -0.000005  0.000086  0.000005  1.000000  -0.000080  -0.000086  0.000080  1.000000  0.999977  -0.000797  0.006795  -0.006792  0.003459  0.999971  -0.000820  -0.999994  0.003453  0.000106  0.009371  
237.705187 0.017776  0.091361  -0.013239  0.996976  0.064947  0.042673  -0.048683  0.093950  0.994386  0.060574  -0.993456  0.096828  0.012865  -0.001446  -0.015164  -0.247838  -0.348397  -0.017129  2.000000  0.999974  -0.000806  0.007134  -0.007131  0.003781  0.999967  -0.000833  -0.999993  0.003775  0.999978  -0.000163  0.006622  0.000206  0.999979  -0.006512  -0.006621  0.006513  0.999957  1.000000  -0.000002  0.000083  0.000002  1.000000  -0.000081  -0.000083  0.000081  1.000000  0.999974  -0.000806  0.007134  -0.007131  0.003781  0.999967  -0.000833  -0.999993  0.003775  0.000105  0.009289  
237.706433 0.017793  0.091358  -0.013262  0.996966  0.064988  0.042846  -0.048888  0.094419  0.994331  0.060574  -0.993409  0.097310  0.012986  -0.001736  -0.015927  -0.262550  -0.338476  -0.013109  2.000000  0.999971  -0.000810  0.007548  -0.007544  0.004194  0.999963  -0.000841  -0.999991  0.004188  0.999979  -0.000047  0.006405  0.000089  0.999978  -0.006646  -0.006405  0.006647  0.999957  1.000000  -0.000001  0.000080  0.000001  1.000000  -0.000083  -0.000080  0.000083  1.000000  0.999971  -0.000810  0.007548  -0.007544  0.004194  0.999963  -0.000841  -0.999991  0.004188  0.000107  0.009231  
237.707437 0.017808  0.091356  -0.013281  0.996956  0.065023  0.043027  -0.049093  0.094768  0.994288  0.060574  -0.993374  0.097671  0.013067  -0.001945  -0.016502  -0.272782  -0.340711  -0.008652  2.000000  0.999969  -0.000808  0.007860  -0.007857  0.004533  0.999959  -0.000843  -0.999989  0.004527  0.999981  0.000069  0.006187  -0.000027  0.999977  -0.006781  -0.006188  0.006780  0.999958  1.000000  0.000001  0.000077  -0.000001  1.000000  -0.000085  -0.000077  0.000085  1.000000  0.999969  -0.000808  0.007860  -0.007857  0.004533  0.999959  -0.000843  -0.999989  0.004527  0.000109  0.009180  
237.708685 0.017825  0.091352  -0.013307  0.996935  0.065088  0.043397  -0.049504  0.095344  0.994213  0.060574  -0.993314  0.098274  0.013160  -0.002225  -0.017181  -0.293173  -0.340721  -0.008549  2.000000  0.999966  -0.000803  0.008168  -0.008164  0.004881  0.999955  -0.000843  -0.999988  0.004875  0.999981  0.000072  0.006187  -0.000029  0.999975  -0.007023  -0.006188  0.007023  0.999956  1.000000  0.000001  0.000077  -0.000001  1.000000  -0.000088  -0.000077  0.000088  1.000000  0.999966  -0.000803  0.008168  -0.008164  0.004881  0.999955  -0.000843  -0.999988  0.004875  0.000112  0.009360  
237.709934 0.017842  0.091349  -0.013333  0.996925  0.065129  0.043570  -0.049709  0.095813  0.994157  0.060574  -0.993266  0.098756  0.013269  -0.002401  -0.017704  -0.305797  -0.334262  -0.013572  2.000000  0.999963  -0.000791  0.008549  -0.008545  0.005327  0.999949  -0.000837  -0.999986  0.005320  0.999982  0.000188  0.005970  -0.000146  0.999974  -0.007158  -0.005971  0.007157  0.999957  1.000000  0.000002  0.000075  -0.000002  1.000000  -0.000089  -0.000075  0.000089  1.000000  0.999963  -0.000791  0.008549  -0.008545  0.005327  0.999949  -0.000837  -0.999986  0.005320  0.000113  0.009322  
237.711184 0.017858  0.091346  -0.013359  0.996897  0.065328  0.043927  -0.050119  0.096382  0.994082  0.060707  -0.993198  0.099357  0.013268  -0.002554  -0.018055  -0.318467  -0.326559  -0.005130  2.000000  0.999960  -0.000767  0.008922  -0.008917  0.005781  0.999944  -0.000818  -0.999983  0.005774  0.999982  0.000458  0.005943  -0.000414  0.999973  -0.007401  -0.005946  0.007399  0.999955  1.000000  0.000005  0.000074  -0.000005  1.000000  -0.000093  -0.000074  0.000093  1.000000  0.999960  -0.000767  0.008922  -0.008917  0.005781  0.999944  -0.000818  -0.999983  0.005774  0.000115  0.009502  
237.712184 0.017870  0.091344  -0.013379  0.996886  0.065364  0.044108  -0.050324  0.096731  0.994038  0.060707  -0.993162  0.099719  0.013240  -0.002604  -0.018280  -0.327049  -0.319689  -0.005705  2.000000  0.999957  -0.000739  0.009214  -0.009209  0.006150  0.999939  -0.000795  -0.999981  0.006143  0.999983  0.000573  0.005725  -0.000531  0.999972  -0.007415  -0.005729  0.007411  0.999956  1.000000  0.000007  0.000072  -0.000007  1.000000  -0.000093  -0.000072  0.000093  1.000000  0.999957  -0.000739  0.009214  -0.009209  0.006150  0.999939  -0.000795  -0.999981  0.006143  0.000115  0.009384  
237.713434 0.017885  0.091341  -0.013403  0.996868  0.065543  0.044259  -0.050529  0.097313  0.993970  0.060841  -0.993093  0.100320  0.013203  -0.002649  -0.018472  -0.344185  -0.304622  0.006526  2.000000  0.999954  -0.000690  0.009563  -0.009558  0.006618  0.999932  -0.000754  -0.999978  0.006611  0.999985  0.000822  0.005493  -0.000781  0.999971  -0.007549  -0.005500  0.007545  0.999956  1.000000  0.000010  0.000069  -0.000010  1.000000  -0.000094  -0.000069  0.000094  1.000000  0.999954  -0.000690  0.009563  -0.009558  0.006618  0.999932  -0.000754  -0.999978  0.006611  0.000114  0.009371  
237.714680 0.017901  0.091338  -0.013428  0.996849  0.065717  0.044419  -0.050734  0.097775  0.993915  0.060974  -0.993036  0.100801  0.013153  -0.002695  -0.018680  -0.349949  -0.294520  0.014811  2.000000  0.999951  -0.000629  0.009891  -0.009886  0.007087  0.999926  -0.000699  -0.999975  0.007080  0.999987  0.001050  0.005057  -0.001012  0.999971  -0.007574  -0.005065  0.007569  0.999959  1.000000  0.000013  0.000063  -0.000013  1.000000  -0.000095  -0.000063  0.000095  1.000000  0.999951  -0.000629  0.009891  -0.009886  0.007087  0.999926  -0.000699  -0.999975  0.007080  0.000114  0.009166  
237.715931 0.017915  0.091333  -0.013454  0.996828  0.065785  0.044788  -0.051144  0.098351  0.993837  0.060974  -0.992975  0.101404  0.013110  -0.002729  -0.019072  -0.358533  -0.287312  0.018740  2.000000  0.999948  -0.000558  0.010210  -0.010205  0.007564  0.999919  -0.000635  -0.999971  0.007558  0.999987  0.001186  0.005043  -0.001147  0.999970  -0.007696  -0.005052  0.007690  0.999958  1.000000  0.000015  0.000063  -0.000015  1.000000  -0.000096  -0.000063  0.000096  1.000000  0.999948  -0.000558  0.010210  -0.010205  0.007564  0.999919  -0.000635  -0.999971  0.007558  0.000114  0.009275  
237.716933 0.017926  0.091328  -0.013476  0.996818  0.065827  0.044961  -0.051349  0.098820  0.993780  0.060974  -0.992926  0.101885  0.012990  -0.002817  -0.019469  -0.367005  -0.280014  0.022622  2.000000  0.999946  -0.000511  0.010399  -0.010395  0.007859  0.999915  -0.000592  -0.999969  0.007854  0.999987  0.001188  0.005042  -0.001148  0.999968  -0.007939  -0.005052  0.007933  0.999956  1.000000  0.000015  0.000063  -0.000015  1.000000  -0.000099  -0.000063  0.000099  1.000000  0.999946  -0.000511  0.010399  -0.010395  0.007859  0.999915  -0.000592  -0.999969  0.007854  0.000115  0.009477  
237.717936 0.017937  0.091323  -0.013499  0.996815  0.065736  0.045147  -0.051555  0.099295  0.993722  0.060841  -0.992884  0.102368  0.012860  -0.002901  -0.019830  -0.371411  -0.273563  0.017634  2.000000  0.999943  -0.000450  0.010652  -0.010648  0.008260  0.999909  -0.000538  -0.999966  0.008255  0.999987  0.001058  0.005056  -0.001017  0.999967  -0.008060  -0.005064  0.008055  0.999955  1.000000  0.000013  0.000063  -0.000013  1.000000  -0.000101  -0.000063  0.000101  1.000000  0.999943  -0.000450  0.010652  -0.010648  0.008260  0.999909  -0.000538  -0.999966  0.008255  0.000116  0.009571  
237.718940 0.017948  0.091320  -0.013521  0.996805  0.065779  0.045320  -0.051760  0.099764  0.993664  0.060841  -0.992835  0.102850  0.012617  -0.002955  -0.020249  -0.379057  -0.268549  0.021705  2.000000  0.999940  -0.000393  0.010905  -0.010901  0.008670  0.999903  -0.000488  -0.999962  0.008665  0.999987  0.001060  0.005055  -0.001018  0.999965  -0.008303  -0.005064  0.008298  0.999953  1.000000  0.000013  0.000063  -0.000013  1.000000  -0.000104  -0.000063  0.000104  1.000000  0.999940  -0.000393  0.010905  -0.010901  0.008670  0.999903  -0.000488  -0.999962  0.008665  0.000117  0.009776  
237.720187 0.017962  0.091315  -0.013550  0.996783  0.065848  0.045689  -0.052171  0.100339  0.993585  0.060841  -0.992772  0.103452  0.012437  -0.003074  -0.020747  -0.387192  -0.268074  0.026309  2.000000  0.999937  -0.000323  0.011221  -0.011218  0.009192  0.999895  -0.000426  -0.999958  0.009188  0.999987  0.001063  0.005054  -0.001021  0.999964  -0.008424  -0.005063  0.008419  0.999952  1.000000  0.000013  0.000063  -0.000013  1.000000  -0.000105  -0.000063  0.000105  1.000000  0.999937  -0.000323  0.011221  -0.011218  0.009192  0.999895  -0.000426  -0.999958  0.009188  0.000118  0.009879  
237.721433 0.017977  0.091311  -0.013579  0.996753  0.066055  0.046036  -0.052581  0.101028  0.993493  0.060974  -0.992688  0.104173  0.012249  -0.003128  -0.021150  -0.395404  -0.267214  0.035427  2.000000  0.999933  -0.000251  0.011535  -0.011532  0.009730  0.999886  -0.000364  -0.999953  0.009727  0.999987  0.001067  0.005054  -0.001023  0.999962  -0.008667  -0.005063  0.008661  0.999950  1.000000  0.000013  0.000063  -0.000013  1.000000  -0.000108  -0.000063  0.000108  1.000000  0.999933  -0.000251  0.011535  -0.011532  0.009730  0.999886  -0.000364  -0.999953  0.009727  0.000120  0.010087  
237.722684 0.017992  0.091307  -0.013606  0.996732  0.066119  0.046413  -0.052991  0.101483  0.993425  0.060974  -0.992638  0.104655  0.012003  -0.003222  -0.021319  -0.395796  -0.259849  0.039346  2.000000  0.999930  -0.000180  0.011846  -0.011844  0.010273  0.999877  -0.000302  -0.999947  0.010270  0.999988  0.001048  0.004849  -0.001006  0.999962  -0.008678  -0.004858  0.008673  0.999951  1.000000  0.000013  0.000061  -0.000013  1.000000  -0.000108  -0.000061  0.000108  1.000000  0.999930  -0.000180  0.011846  -0.011844  0.010273  0.999877  -0.000302  -0.999947  0.010270  0.000119  0.009994  
237.723942 0.018006  0.091303  -0.013632  0.996713  0.066301  0.046563  -0.053196  0.102065  0.993354  0.061108  -0.992566  0.105256  0.011844  -0.003240  -0.021317  -0.404197  -0.251956  0.047716  2.000000  0.999926  -0.000102  0.012159  -0.012157  0.010820  0.999868  -0.000233  -0.999941  0.010817  0.999987  0.001206  0.005038  -0.001161  0.999961  -0.008787  -0.005049  0.008781  0.999949  1.000000  0.000015  0.000063  -0.000015  1.000000  -0.000110  -0.000063  0.000110  1.000000  0.999926  -0.000102  0.012159  -0.012157  0.010820  0.999868  -0.000233  -0.999941  0.010817  0.000120  0.010198  
237.725182 0.018021  0.091299  -0.013658  0.996682  0.066504  0.046918  -0.053606  0.102633  0.993274  0.061241  -0.992494  0.105857  0.011720  -0.003281  -0.021282  -0.408687  -0.256332  0.052585  2.000000  0.999923  -0.000037  0.012411  -0.012410  0.011266  0.999860  -0.000177  -0.999937  0.011264  0.999987  0.001209  0.005038  -0.001163  0.999959  -0.009029  -0.005048  0.009023  0.999947  1.000000  0.000015  0.000063  -0.000015  1.000000  -0.000113  -0.000063  0.000113  1.000000  0.999923  -0.000037  0.012411  -0.012410  0.011266  0.999860  -0.000177  -0.999937  0.011264  0.000121  0.010407  
237.726432 0.018034  0.091295  -0.013684  0.996649  0.066596  0.047491  -0.054221  0.103194  0.993182  0.061241  -0.992429  0.106459  0.011563  -0.003389  -0.021299  -0.412318  -0.262665  0.057848  2.000000  0.999919  0.000045  0.012734  -0.012734  0.011831  0.999849  -0.000105  -0.999930  0.011831  0.999986  0.001234  0.005241  -0.001186  0.999958  -0.009138  -0.005252  0.009132  0.999945  1.000000  0.000015  0.000066  -0.000015  1.000000  -0.000114  -0.000066  0.000114  1.000000  0.999919  0.000045  0.012734  -0.012734  0.011831  0.999849  -0.000105  -0.999930  0.011831  0.000123  0.010604  
237.727760 0.018047  0.091289  -0.013711  0.996627  0.066668  0.047860  -0.054632  0.103769  0.993100  0.061241  -0.992365  0.107061  0.011299  -0.003565  -0.021394  -0.418800  -0.264172  0.058331  2.000000  0.999915  0.000113  0.013004  -0.013005  0.012291  0.999840  -0.000047  -0.999924  0.012292  0.999984  0.001259  0.005445  -0.001208  0.999957  -0.009247  -0.005456  0.009240  0.999942  1.000000  0.000015  0.000068  -0.000015  1.000000  -0.000116  -0.000068  0.000116  1.000000  0.999915  0.000113  0.013004  -0.013005  0.012291  0.999840  -0.000047  -0.999924  0.012292  0.000126  0.010802  
237.728932 0.018059  0.091282  -0.013738  0.996593  0.066761  0.048432  -0.055247  0.104330  0.993007  0.061241  -0.992299  0.107663  0.011132  -0.003836  -0.021668  -0.427724  -0.276281  0.059499  2.000000  0.999912  0.000182  0.013287  -0.013288  0.012761  0.999830  0.000012  -0.999919  0.012762  0.999983  0.001284  0.005648  -0.001231  0.999955  -0.009356  -0.005660  0.009349  0.999940  1.000000  0.000016  0.000071  -0.000016  1.000000  -0.000117  -0.000071  0.000117  1.000000  0.999912  0.000182  0.013287  -0.013288  0.012761  0.999830  0.000012  -0.999919  0.012762  0.000126  0.011001  
237.729936 0.018067  0.091277  -0.013759  0.996581  0.066812  0.048596  -0.055452  0.104918  0.992934  0.061241  -0.992234  0.108265  0.010904  -0.003964  -0.021745  -0.435301  -0.273936  0.059955  2.000000  0.999908  0.000251  0.013574  -0.013577  0.013232  0.999820  0.000072  -0.999912  0.013234  0.999982  0.001310  0.005852  -0.001254  0.999954  -0.009465  -0.005864  0.009457  0.999938  1.000000  0.000016  0.000073  -0.000016  1.000000  -0.000118  -0.000073  0.000118  1.000000  0.999908  0.000251  0.013574  -0.013577  0.013232  0.999820  0.000072  -0.999912  0.013234  0.000129  0.011202  
237.731183 0.018078  0.091270  -0.013787  0.996539  0.067033  0.049163  -0.056067  0.105351  0.992853  0.061375  -0.992173  0.108745  0.010676  -0.004082  -0.021871  -0.435334  -0.283022  0.060464  2.000000  0.999903  0.000341  0.013940  -0.013944  0.013830  0.999807  0.000149  -0.999904  0.013833  0.999982  0.001313  0.005851  -0.001257  0.999953  -0.009585  -0.005863  0.009578  0.999937  1.000000  0.000016  0.000073  -0.000016  1.000000  -0.000120  -0.000073  0.000120  1.000000  0.999903  0.000341  0.013940  -0.013944  0.013830  0.999807  0.000149  -0.999904  0.013833  0.000131  0.011304  
237.732433 0.018087  0.091264  -0.013815  0.996516  0.067107  0.049531  -0.056478  0.105926  0.992769  0.061375  -0.992107  0.109347  0.010370  -0.004119  -0.021876  -0.439329  -0.282958  0.060611  2.000000  0.999897  0.000432  0.014319  -0.014323  0.014419  0.999793  0.000225  -0.999896  0.014423  0.999981  0.001338  0.006055  -0.001281  0.999955  -0.009452  -0.006067  0.009444  0.999937  1.000000  0.000016  0.000076  -0.000016  1.000000  -0.000118  -0.000076  0.000118  1.000000  0.999897  0.000432  0.014319  -0.014323  0.014419  0.999793  0.000225  -0.999896  0.014423  0.000131  0.011301  
237.733433 0.018095  0.091259  -0.013838  0.996484  0.067307  0.049892  -0.056887  0.106372  0.992698  0.061509  -0.992046  0.109827  0.010151  -0.004155  -0.021790  -0.442942  -0.284802  0.065724  2.000000  0.999894  0.000490  0.014551  -0.014556  0.014779  0.999785  0.000275  -0.999891  0.014785  0.999979  0.001497  0.006243  -0.001436  0.999952  -0.009682  -0.006258  0.009673  0.999934  1.000000  0.000018  0.000078  -0.000018  1.000000  -0.000121  -0.000078  0.000121  1.000000  0.999894  0.000490  0.014551  -0.014556  0.014779  0.999785  0.000275  -0.999891  0.014785  0.000132  0.011614  
237.734440 0.018102  0.091255  -0.013859  0.996461  0.067375  0.050268  -0.057298  0.106826  0.992625  0.061509  -0.991992  0.110309  0.009874  -0.004211  -0.021646  -0.446589  -0.292116  0.062089  2.000000  0.999889  0.000565  0.014871  -0.014878  0.015262  0.999773  0.000337  -0.999883  0.015268  0.999978  0.001390  0.006462  -0.001327  0.999952  -0.009669  -0.006475  0.009660  0.999932  1.000000  0.000017  0.000081  -0.000017  1.000000  -0.000121  -0.000081  0.000121  1.000000  0.999889  0.000565  0.014871  -0.014878  0.015262  0.999773  0.000337  -0.999883  0.015268  0.000133  0.011709  
237.735451 0.018110  0.091252  -0.013880  0.996429  0.067576  0.050629  -0.057708  0.107272  0.992553  0.061642  -0.991930  0.110789  0.009603  -0.004176  -0.021492  -0.450022  -0.298356  0.067374  2.000000  0.999884  0.000644  0.015204  -0.015212  0.015748  0.999760  0.000405  -0.999876  0.015756  0.999977  0.001415  0.006665  -0.001350  0.999951  -0.009777  -0.006679  0.009768  0.999930  1.000000  0.000017  0.000083  -0.000017  1.000000  -0.000122  -0.000083  0.000122  1.000000  0.999884  0.000644  0.015204  -0.015212  0.015748  0.999760  0.000405  -0.999876  0.015756  0.000134  0.011913  
237.736682 0.018118  0.091246  -0.013906  0.996405  0.067652  0.050997  -0.058118  0.107847  0.992467  0.061642  -0.991863  0.111391  0.009261  -0.004238  -0.021405  -0.450732  -0.296109  0.067037  2.000000  0.999877  0.000742  0.015636  -0.015646  0.016356  0.999744  0.000486  -0.999866  0.016366  0.999974  0.001465  0.007073  -0.001396  0.999951  -0.009752  -0.007087  0.009742  0.999927  1.000000  0.000018  0.000088  -0.000018  1.000000  -0.000122  -0.000089  0.000122  1.000000  0.999877  0.000742  0.015636  -0.015646  0.016356  0.999744  0.000486  -0.999866  0.016366  0.000136  0.012132  
237.737684 0.018125  0.091242  -0.013925  0.996381  0.067721  0.051373  -0.058528  0.108300  0.992394  0.061642  -0.991809  0.111872  0.008842  -0.004346  -0.021306  -0.453993  -0.305366  0.068455  2.000000  0.999872  0.000821  0.015992  -0.016004  0.016839  0.999730  0.000552  -0.999858  0.016850  0.999972  0.001491  0.007276  -0.001421  0.999953  -0.009618  -0.007290  0.009608  0.999927  1.000000  0.000018  0.000091  -0.000018  1.000000  -0.000120  -0.000091  0.000120  1.000000  0.999872  0.000821  0.015992  -0.016004  0.016839  0.999730  0.000552  -0.999858  0.016850  0.000138  0.012148  
237.738698 0.018132  0.091238  -0.013946  0.996357  0.067791  0.051749  -0.058938  0.108754  0.992320  0.061642  -0.991755  0.112353  0.008529  -0.004379  -0.021276  -0.453309  -0.312023  0.069293  2.000000  0.999866  0.000904  0.016353  -0.016366  0.017318  0.999716  0.000620  -0.999850  0.017331  0.999972  0.001628  0.007261  -0.001558  0.999953  -0.009619  -0.007276  0.009608  0.999927  1.000000  0.000020  0.000091  -0.000020  1.000000  -0.000120  -0.000091  0.000120  1.000000  0.999866  0.000904  0.016353  -0.016366  0.017318  0.999716  0.000620  -0.999850  0.017331  0.000139  0.012157  
237.739931 0.018140  0.091233  -0.013973  0.996320  0.067889  0.052320  -0.059554  0.109314  0.992222  0.061642  -0.991686  0.112955  0.008192  -0.004449  -0.021336  -0.457004  -0.323167  0.070353  2.000000  0.999858  0.001014  0.016814  -0.016830  0.017917  0.999698  0.000712  -0.999839  0.017931  0.999971  0.001655  0.007464  -0.001584  0.999953  -0.009607  -0.007479  0.009595  0.999926  1.000000  0.000020  0.000093  -0.000020  1.000000  -0.000120  -0.000093  0.000120  1.000000  0.999858  0.001014  0.016814  -0.016830  0.017917  0.999698  0.000712  -0.999839  0.017931  0.000140  0.012273  
237.740933 0.018147  0.091229  -0.013993  0.996295  0.067960  0.052696  -0.059964  0.109767  0.992147  0.061642  -0.991631  0.113436  0.007873  -0.004545  -0.021339  -0.456724  -0.326307  0.066647  2.000000  0.999853  0.001081  0.017097  -0.017113  0.018279  0.999686  0.000768  -0.999832  0.018295  0.999971  0.001659  0.007463  -0.001586  0.999951  -0.009728  -0.007479  0.009716  0.999925  1.000000  0.000020  0.000093  -0.000020  1.000000  -0.000122  -0.000093  0.000122  1.000000  0.999853  0.001081  0.017097  -0.017113  0.018279  0.999686  0.000768  -0.999832  0.018295  0.000140  0.012368  
237.741937 0.018152  0.091224  -0.014013  0.996262  0.068157  0.053064  -0.060374  0.110092  0.992086  0.061776  -0.991582  0.113796  0.007546  -0.004548  -0.021282  -0.456222  -0.332628  0.071967  2.000000  0.999847  0.001172  0.017480  -0.017499  0.018755  0.999671  0.000844  -0.999823  0.018773  0.999969  0.001685  0.007667  -0.001612  0.999954  -0.009473  -0.007682  0.009461  0.999926  1.000000  0.000021  0.000096  -0.000021  1.000000  -0.000118  -0.000096  0.000118  1.000000  0.999847  0.001172  0.017480  -0.017499  0.018755  0.999671  0.000844  -0.999823  0.018773  0.000141  0.012298  
237.743185 0.018159  0.091217  -0.014039  0.996225  0.068258  0.053636  -0.060989  0.110652  0.991986  0.061776  -0.991513  0.114397  0.007118  -0.004598  -0.021172  -0.455369  -0.346813  0.069186  2.000000  0.999838  0.001290  0.017968  -0.017990  0.019344  0.999651  0.000942  -0.999812  0.019364  0.999968  0.001713  0.007870  -0.001639  0.999954  -0.009460  -0.007885  0.009447  0.999924  1.000000  0.000021  0.000098  -0.000021  1.000000  -0.000118  -0.000098  0.000118  1.000000  0.999838  0.001290  0.017968  -0.017990  0.019344  0.999651  0.000942  -0.999812  0.019364  0.000143  0.012419  
237.744437 0.018165  0.091210  -0.014065  0.996191  0.068468  0.053987  -0.061399  0.111217  0.991898  0.061909  -0.991435  0.114997  0.006754  -0.004680  -0.021050  -0.458889  -0.353573  0.070109  2.000000  0.999828  0.001404  0.018475  -0.018500  0.019939  0.999630  0.001035  -0.999800  0.019962  0.999964  0.001632  0.008292  -0.001553  0.999953  -0.009555  -0.008307  0.009542  0.999920  1.000000  0.000020  0.000104  -0.000020  1.000000  -0.000119  -0.000104  0.000119  1.000000  0.999828  0.001404  0.018475  -0.018500  0.019939  0.999630  0.001035  -0.999800  0.019962  0.000146  0.012752  
