1-Time 2-Px 3-Py 4-Pz 5-R11 6-R21 7-R31 8-R12 9-R22 10-R32 11-R13 12-R23 13-R33 14-Vx 15-Vy 16-Vz 17-Wx 18-Wy 19-Wz 20-state 21-PR11 22-PR21 23-PR31 24-PR12 25-PR22 26-PR32 27-PR13 28-PR23 29-PR33 
106.936474 0.003698  0.091386  -0.008280  0.994023  0.108211  -0.014458  -0.108064  0.994087  0.010601  0.015520  -0.008975  0.999839  -0.000279  -0.000239  -0.000178  0.000000  0.000000  0.000000  2.000000  1.000000  0.000000  0.000000  -0.000000  1.000000  0.000000  0.000000  -0.000000  1.000000  1.000000  0.000001  -0.000134  -0.000001  1.000000  0.000000  0.000134  0.000000  1.000000  1.000000  0.000000  0.000000  0.000000  1.000000  0.000000  0.000000  0.000000  1.000000  0.582337  0.739722  -0.337188  -0.697945  0.667599  0.259200  0.416842  0.084397  0.905052  0.000000  0.000000  
106.937481 0.003697  0.091385  -0.008280  0.994001  0.108415  -0.014456  -0.108268  0.994065  0.010604  0.015520  -0.008975  0.999839  -0.000279  -0.000239  -0.000178  0.000000  0.000000  0.000000  2.000000  1.000000  0.000000  0.000000  0.000000  1.000000  0.000000  0.000000  0.000000  1.000000  1.000000  0.000001  -0.000134  -0.000001  1.000000  0.000000  0.000134  0.000000  1.000000  1.000000  0.000000  0.000000  0.000000  1.000000  0.000000  0.000000  0.000000  1.000000  1.000000  0.000000  0.000000  0.000000  1.000000  0.000000  0.000000  0.000000  1.000000  0.000000  0.000000  
106.938738 0.003696  0.091383  -0.008284  0.993933  0.109029  -0.014450  -0.108882  0.993998  0.010612  0.015520  -0.008975  0.999839  -0.000354  -0.000435  -0.000432  0.000000  0.000000  0.000000  2.000000  1.000000  0.000000  0.000000  0.000000  1.000000  0.000000  0.000000  0.000000  1.000000  1.000000  0.000619  -0.000128  -0.000619  1.000000  0.000010  0.000128  -0.000010  1.000000  1.000000  0.000000  0.000000  0.000000  1.000000  0.000000  0.000000  0.000000  1.000000  1.000000  0.000000  0.000000  0.000000  1.000000  0.000000  0.000000  0.000000  1.000000  0.000000  0.000000  
106.939981 0.003695  0.091379  -0.008288  0.993843  0.109848  -0.014441  -0.109701  0.993908  0.010624  0.015520  -0.008975  0.999839  -0.000395  -0.000663  -0.000745  0.000000  0.000000  0.000000  2.000000  1.000000  0.000000  0.000000  0.000000  1.000000  0.000000  0.000000  0.000000  1.000000  0.999999  0.001442  -0.000121  -0.001442  0.999999  0.000022  0.000121  -0.000022  1.000000  1.000000  0.000000  0.000000  0.000000  1.000000  0.000000  0.000000  0.000000  1.000000  1.000000  0.000000  0.000000  0.000000  1.000000  0.000000  0.000000  0.000000  1.000000  0.000000  0.000000  
106.940981 0.003695  0.091376  -0.008292  0.993823  0.110051  -0.014306  -0.109905  0.993885  0.010613  0.015386  -0.008975  0.999841  -0.000388  -0.000834  -0.000984  0.000000  0.000000  0.000000  2.000000  1.000000  0.000000  0.000000  0.000000  1.000000  0.000000  0.000000  0.000000  1.000000  0.999998  0.001853  0.000017  -0.001853  0.999998  0.000028  -0.000017  -0.000029  1.000000  1.000000  0.000000  0.000000  0.000000  1.000000  0.000000  0.000000  0.000000  1.000000  1.000000  0.000000  0.000000  0.000000  1.000000  0.000000  0.000000  0.000000  1.000000  0.000000  0.000000  
106.941984 0.003695  0.091373  -0.008296  0.993778  0.110462  -0.014288  -0.110315  0.993839  0.010739  0.015386  -0.009096  0.999840  -0.000360  -0.001031  -0.001248  0.000000  0.000000  0.000000  2.000000  1.000000  0.000000  0.000000  0.000000  1.000000  0.000000  0.000000  0.000000  1.000000  0.999997  0.002264  0.000021  -0.002264  0.999997  0.000156  -0.000020  -0.000156  1.000000  1.000000  0.000000  0.000000  0.000000  1.000000  0.000000  0.000000  0.000000  1.000000  1.000000  0.000000  0.000000  0.000000  1.000000  0.000000  0.000000  0.000000  1.000000  0.000000  0.000000  
106.943238 0.003696  0.091370  -0.008300  0.993707  0.111077  -0.014414  -0.110928  0.993770  0.010763  0.015520  -0.009096  0.999838  -0.000301  -0.001203  -0.001492  0.000000  0.000000  0.000000  2.000000  1.000000  0.000000  0.000000  0.000000  1.000000  0.000000  0.000000  0.000000  1.000000  0.999996  0.002676  0.000024  -0.002676  0.999996  0.000163  -0.000024  -0.000163  1.000000  1.000000  0.000000  0.000000  0.000000  1.000000  0.000000  0.000000  0.000000  1.000000  1.000000  0.000000  0.000000  0.000000  1.000000  0.000000  0.000000  0.000000  1.000000  0.000000  0.000000  
106.944484 0.003697  0.091368  -0.008304  0.993634  0.111693  -0.014674  -0.111541  0.993701  0.010801  0.015788  -0.009096  0.999834  -0.000206  -0.001327  -0.001762  0.000000  0.000000  0.000000  2.000000  1.000000  0.000000  0.000000  0.000000  1.000000  0.000000  0.000000  0.000000  1.000000  0.999994  0.003502  -0.000236  -0.003502  0.999994  0.000176  0.000236  -0.000176  1.000000  1.000000  0.000000  0.000000  0.000000  1.000000  0.000000  0.000000  0.000000  1.000000  1.000000  0.000000  0.000000  0.000000  1.000000  0.000000  0.000000  0.000000  1.000000  0.000000  0.000000  
106.945733 0.003697  0.091365  -0.008309  0.993517  0.112717  -0.014795  -0.112564  0.993585  0.010832  0.015921  -0.009096  0.999832  -0.000130  -0.001482  -0.002086  0.000000  0.000000  0.000000  2.000000  1.000000  0.000000  0.000000  0.000000  1.000000  0.000000  0.000000  0.000000  1.000000  0.999991  0.004326  -0.000362  -0.004326  0.999991  0.000190  0.000363  -0.000188  1.000000  1.000000  0.000000  0.000000  0.000000  1.000000  0.000000  0.000000  0.000000  1.000000  1.000000  0.000000  0.000000  0.000000  1.000000  0.000000  0.000000  0.000000  1.000000  0.000000  0.000000  
106.946739 0.003698  0.091362  -0.008315  0.993445  0.113332  -0.014922  -0.113177  0.993516  0.010856  0.016055  -0.009096  0.999830  -0.000085  -0.001662  -0.002428  0.006793  0.020911  0.173077  2.000000  1.000000  0.000037  0.000053  -0.000037  1.000000  0.000003  -0.000053  -0.000003  1.000000  0.999987  0.005151  -0.000488  -0.005151  0.999987  0.000204  0.000489  -0.000201  1.000000  1.000000  0.000037  0.000053  -0.000037  1.000000  0.000003  -0.000053  -0.000003  1.000000  1.000000  0.000037  0.000053  -0.000037  1.000000  0.000003  -0.000053  -0.000003  1.000000  0.000044  0.005178  
106.947979 0.003699  0.091360  -0.008322  0.993328  0.114355  -0.014910  -0.114200  0.993398  0.010871  0.016055  -0.009096  0.999830  -0.000009  -0.001831  -0.002889  0.007340  0.020609  0.207759  2.000000  1.000000  0.000238  0.000339  -0.000238  1.000000  0.000016  -0.000339  -0.000016  1.000000  0.999982  0.005974  -0.000481  -0.005974  0.999982  0.000217  0.000482  -0.000214  1.000000  1.000000  0.000043  0.000062  -0.000043  1.000000  0.000003  -0.000062  -0.000003  1.000000  1.000000  0.000238  0.000339  -0.000238  1.000000  0.000016  -0.000339  -0.000016  1.000000  0.000050  0.005997  
106.948982 0.003700  0.091358  -0.008328  0.993232  0.115174  -0.015034  -0.115018  0.993304  0.010899  0.016189  -0.009096  0.999828  0.000099  -0.001894  -0.003291  0.007789  0.024849  0.235409  2.000000  1.000000  0.000422  0.000607  -0.000422  1.000000  0.000027  -0.000607  -0.000027  1.000000  0.999977  0.006799  -0.000607  -0.006799  0.999977  0.000231  0.000608  -0.000227  1.000000  1.000000  0.000049  0.000070  -0.000049  1.000000  0.000003  -0.000070  -0.000003  1.000000  1.000000  0.000422  0.000607  -0.000422  1.000000  0.000027  -0.000607  -0.000027  1.000000  0.000057  0.006830  
106.950231 0.003702  0.091357  -0.008334  0.993136  0.115992  -0.015025  -0.115835  0.993208  0.010911  0.016189  -0.009096  0.999828  0.000225  -0.001953  -0.003660  0.008228  0.024606  0.263148  2.000000  0.999999  0.000681  0.000981  -0.000681  1.000000  0.000041  -0.000980  -0.000042  1.000000  0.999971  0.007622  -0.000599  -0.007622  0.999971  0.000244  0.000601  -0.000240  1.000000  1.000000  0.000054  0.000079  -0.000054  1.000000  0.000003  -0.000079  -0.000003  1.000000  0.999999  0.000681  0.000981  -0.000681  1.000000  0.000041  -0.000980  -0.000042  1.000000  0.000064  0.007649  
106.951233 0.003703  0.091355  -0.008340  0.993041  0.116810  -0.015016  -0.116653  0.993113  0.010924  0.016189  -0.009096  0.999828  0.000332  -0.002068  -0.004079  0.008663  0.024349  0.290737  2.000000  0.999999  0.000910  0.001318  -0.000910  1.000000  0.000053  -0.001318  -0.000055  0.999999  0.999964  0.008445  -0.000592  -0.008445  0.999964  0.000258  0.000594  -0.000253  1.000000  1.000000  0.000059  0.000088  -0.000059  1.000000  0.000003  -0.000088  -0.000003  1.000000  0.999999  0.000910  0.001318  -0.000910  1.000000  0.000053  -0.001318  -0.000055  0.999999  0.000071  0.008470  
106.952234 0.003704  0.091353  -0.008347  0.992966  0.117424  -0.015142  -0.117266  0.993040  0.010949  0.016323  -0.009096  0.999825  0.000439  -0.002210  -0.004520  0.009034  0.024165  0.311538  2.000000  0.999998  0.001101  0.001597  -0.001101  0.999999  0.000063  -0.001597  -0.000065  0.999999  0.999957  0.009270  -0.000718  -0.009270  0.999957  0.000272  0.000720  -0.000265  1.000000  1.000000  0.000066  0.000096  -0.000066  1.000000  0.000003  -0.000096  -0.000003  1.000000  0.999998  0.001101  0.001597  -0.001101  0.999999  0.000063  -0.001597  -0.000065  0.999999  0.000078  0.009302  
106.953481 0.003705  0.091349  -0.008355  0.992843  0.118446  -0.015278  -0.118288  0.992920  0.010860  0.016456  -0.008975  0.999824  0.000617  -0.002246  -0.004877  0.005530  0.028367  0.346131  2.000000  0.999997  0.001444  0.002098  -0.001444  0.999999  0.000074  -0.002098  -0.000077  0.999998  0.999949  0.010094  -0.000845  -0.010094  0.999949  0.000166  0.000847  -0.000157  1.000000  1.000000  0.000072  0.000104  -0.000072  1.000000  0.000002  -0.000104  -0.000002  1.000000  0.999997  0.001444  0.002098  -0.001444  0.999999  0.000074  -0.002098  -0.000077  0.999998  0.000085  0.010131  
106.954735 0.003707  0.091346  -0.008364  0.992768  0.119060  -0.015405  -0.118901  0.992846  0.010885  0.016590  -0.008975  0.999822  0.000793  -0.002221  -0.005149  0.005886  0.032675  0.366902  2.000000  0.999995  0.001822  0.002641  -0.001822  0.999998  0.000083  -0.002641  -0.000088  0.999997  0.999940  0.010919  -0.000971  -0.010919  0.999940  0.000180  0.000973  -0.000170  1.000000  1.000000  0.000079  0.000112  -0.000079  1.000000  0.000002  -0.000112  -0.000002  1.000000  0.999995  0.001822  0.002641  -0.001822  0.999998  0.000083  -0.002641  -0.000088  0.999997  0.000092  0.010964  
106.955988 0.003709  0.091342  -0.008371  0.992669  0.119878  -0.015396  -0.119718  0.992748  0.010898  0.016590  -0.008975  0.999822  0.000926  -0.002209  -0.005274  0.006330  0.032425  0.394540  2.000000  0.999992  0.002227  0.003222  -0.002227  0.999998  0.000093  -0.003222  -0.000101  0.999995  0.999933  0.011536  -0.000966  -0.011536  0.999933  0.000191  0.000968  -0.000180  1.000000  1.000000  0.000083  0.000119  -0.000083  1.000000  0.000002  -0.000119  -0.000002  1.000000  0.999992  0.002227  0.003222  -0.002227  0.999998  0.000093  -0.003222  -0.000101  0.999995  0.000097  0.011578  
106.957231 0.003711  0.091337  -0.008379  0.992568  0.120697  -0.015519  -0.120536  0.992649  0.010926  0.016724  -0.008975  0.999820  0.001064  -0.002321  -0.005454  0.006804  0.036676  0.422293  2.000000  0.999989  0.002662  0.003842  -0.002662  0.999996  0.000104  -0.003842  -0.000114  0.999993  0.999923  0.012361  -0.001092  -0.012361  0.999924  0.000206  0.001094  -0.000192  0.999999  1.000000  0.000089  0.000127  -0.000089  1.000000  0.000002  -0.000127  -0.000002  1.000000  0.999989  0.002662  0.003842  -0.002662  0.999996  0.000104  -0.003842  -0.000114  0.999993  0.000104  0.012411  
106.958484 0.003714  0.091332  -0.008386  0.992469  0.121514  -0.015510  -0.121353  0.992549  0.010939  0.016724  -0.008975  0.999820  0.001249  -0.002498  -0.005708  0.007249  0.036424  0.449917  2.000000  0.999985  0.003119  0.004497  -0.003119  0.999995  0.000115  -0.004497  -0.000129  0.999990  0.999918  0.012772  -0.001088  -0.012772  0.999918  0.000213  0.001091  -0.000199  0.999999  1.000000  0.000092  0.000131  -0.000092  1.000000  0.000003  -0.000131  -0.000003  1.000000  0.999985  0.003119  0.004497  -0.003119  0.999995  0.000115  -0.004497  -0.000129  0.999990  0.000111  0.012821  
106.959484 0.003718  0.091327  -0.008394  0.992393  0.122127  -0.015504  -0.121966  0.992474  0.010949  0.016724  -0.008975  0.999820  0.001423  -0.002674  -0.005997  0.007583  0.036237  0.470657  2.000000  0.999981  0.003488  0.005027  -0.003488  0.999994  0.000124  -0.005027  -0.000141  0.999987  0.999918  0.012772  -0.001088  -0.012772  0.999918  0.000213  0.001091  -0.000199  0.999999  1.000000  0.000092  0.000131  -0.000092  1.000000  0.000003  -0.000131  -0.000003  1.000000  0.999981  0.003488  0.005027  -0.003488  0.999994  0.000124  -0.005027  -0.000141  0.999987  0.000116  0.012821  
106.960734 0.003722  0.091321  -0.008404  0.992318  0.122740  -0.015497  -0.122579  0.992398  0.010958  0.016724  -0.008975  0.999820  0.001617  -0.002955  -0.006348  0.007918  0.036053  0.491437  2.000000  0.999977  0.003857  0.005558  -0.003858  0.999993  0.000132  -0.005557  -0.000153  0.999985  0.999918  0.012772  -0.001088  -0.012772  0.999918  0.000213  0.001091  -0.000199  0.999999  1.000000  0.000092  0.000131  -0.000092  1.000000  0.000003  -0.000131  -0.000003  1.000000  0.999977  0.003857  0.005558  -0.003858  0.999993  0.000132  -0.005557  -0.000153  0.999985  0.000122  0.012821  
106.961985 0.003724  0.091313  -0.008415  0.992267  0.123147  -0.015507  -0.122987  0.992349  0.010844  0.016724  -0.008853  0.999821  0.001766  -0.003258  -0.006683  0.004065  0.035956  0.505224  2.000000  0.999971  0.004323  0.006219  -0.004324  0.999991  0.000136  -0.006219  -0.000163  0.999981  0.999918  0.012773  -0.001224  -0.012774  0.999918  -0.000030  0.001223  0.000045  0.999999  1.000000  0.000093  0.000131  -0.000093  1.000000  -0.000000  -0.000131  0.000000  1.000000  0.999971  0.004323  0.006219  -0.004324  0.999991  0.000136  -0.006219  -0.000163  0.999981  0.000125  0.012832  
106.963236 0.003728  0.091305  -0.008427  0.992217  0.123555  -0.015503  -0.123396  0.992298  0.010851  0.016724  -0.008853  0.999821  0.001979  -0.003630  -0.006960  0.004288  0.035832  0.519040  2.000000  0.999965  0.004792  0.006882  -0.004793  0.999989  0.000131  -0.006882  -0.000164  0.999976  0.999915  0.012978  -0.001088  -0.012978  0.999916  -0.000026  0.001087  0.000041  0.999999  1.000000  0.000093  0.000134  -0.000093  1.000000  -0.000000  -0.000134  0.000000  1.000000  0.999965  0.004792  0.006882  -0.004793  0.999989  0.000131  -0.006882  -0.000164  0.999976  0.000130  0.013024  
106.964479 0.003733  0.091298  -0.008439  0.992166  0.123962  -0.015513  -0.123804  0.992249  0.010737  0.016724  -0.008732  0.999822  0.002180  -0.004022  -0.007225  0.000436  0.035751  0.533023  2.000000  0.999958  0.005246  0.007539  -0.005247  0.999986  0.000125  -0.007538  -0.000165  0.999972  0.999921  0.012565  -0.000958  -0.012565  0.999921  -0.000033  0.000957  0.000045  1.000000  1.000000  0.000089  0.000130  -0.000089  1.000000  -0.000000  -0.000130  0.000000  1.000000  0.999958  0.005246  0.007539  -0.005247  0.999986  0.000125  -0.007538  -0.000165  0.999972  0.000134  0.012602  
106.965729 0.003738  0.091289  -0.008449  0.992115  0.124370  -0.015509  -0.124213  0.992197  0.010743  0.016724  -0.008732  0.999822  0.002354  -0.004434  -0.007471  0.000659  0.035626  0.546818  2.000000  0.999950  0.005674  0.008184  -0.005675  0.999984  0.000112  -0.008183  -0.000158  0.999967  0.999926  0.012151  -0.000695  -0.012151  0.999926  -0.000161  0.000693  0.000170  1.000000  1.000000  0.000083  0.000127  -0.000083  1.000000  -0.000002  -0.000127  0.000002  1.000000  0.999950  0.005674  0.008184  -0.005675  0.999984  0.000112  -0.008183  -0.000158  0.999967  0.000136  0.012172  
106.966733 0.003740  0.091282  -0.008457  0.992066  0.124776  -0.015387  -0.124622  0.992148  0.010613  0.016590  -0.008611  0.999825  0.002433  -0.004814  -0.007623  -0.003207  0.030809  0.556421  2.000000  0.999944  0.005995  0.008679  -0.005996  0.999982  0.000100  -0.008678  -0.000152  0.999962  0.999933  0.011531  -0.000433  -0.011531  0.999933  -0.000173  0.000431  0.000178  1.000000  1.000000  0.000077  0.000122  -0.000077  1.000000  -0.000002  -0.000122  0.000002  1.000000  0.999944  0.005995  0.008679  -0.005996  0.999982  0.000100  -0.008678  -0.000152  0.999962  0.000139  0.011541  
106.967980 0.003743  0.091274  -0.008467  0.992040  0.124980  -0.015385  -0.124826  0.992122  0.010616  0.016590  -0.008611  0.999825  0.002606  -0.005133  -0.007658  -0.003343  0.031110  0.553832  2.000000  0.999937  0.006372  0.009278  -0.006373  0.999980  0.000078  -0.009278  -0.000137  0.999957  0.999938  0.011120  -0.000438  -0.011120  0.999938  -0.000301  0.000435  0.000306  1.000000  1.000000  0.000074  0.000118  -0.000074  1.000000  -0.000004  -0.000118  0.000004  1.000000  0.999937  0.006372  0.009278  -0.006373  0.999980  0.000078  -0.009278  -0.000137  0.999957  0.000139  0.011133  
106.969229 0.003747  0.091265  -0.008476  0.992016  0.125181  -0.015265  -0.125030  0.992098  0.010482  0.016456  -0.008490  0.999829  0.002699  -0.005508  -0.007709  -0.007616  0.026548  0.535534  2.000000  0.999931  0.006655  0.009727  -0.006656  0.999978  0.000055  -0.009727  -0.000119  0.999953  0.999947  0.010295  -0.000313  -0.010295  0.999947  -0.000438  0.000309  0.000441  1.000000  1.000000  0.000068  0.000110  -0.000068  1.000000  -0.000005  -0.000110  0.000005  1.000000  0.999931  0.006655  0.009727  -0.006656  0.999978  0.000055  -0.009727  -0.000119  0.999953  0.000132  0.010309  
106.970230 0.003749  0.091258  -0.008484  0.992016  0.125180  -0.015280  -0.125030  0.992099  0.010361  0.016456  -0.008368  0.999830  0.002770  -0.005817  -0.007796  -0.011990  0.026762  0.514999  2.000000  0.999924  0.006916  0.010159  -0.006916  0.999976  0.000025  -0.010159  -0.000095  0.999948  0.999951  0.009882  -0.000184  -0.009882  0.999951  -0.000566  0.000178  0.000567  1.000000  1.000000  0.000064  0.000106  -0.000064  1.000000  -0.000007  -0.000106  0.000007  1.000000  0.999924  0.006916  0.010159  -0.006916  0.999976  0.000025  -0.010159  -0.000095  0.999948  0.000130  0.009900  
106.971481 0.003749  0.091248  -0.008493  0.991993  0.125381  -0.015161  -0.125235  0.992074  0.010228  0.016323  -0.008247  0.999833  0.002666  -0.006162  -0.007920  -0.020254  0.026818  0.508071  2.000000  0.999917  0.007216  0.010663  -0.007217  0.999974  -0.000017  -0.010663  -0.000060  0.999943  0.999959  0.009058  -0.000058  -0.009058  0.999959  -0.000702  0.000052  0.000702  1.000000  1.000000  0.000057  0.000098  -0.000057  1.000000  -0.000009  -0.000098  0.000009  1.000000  0.999917  0.007216  0.010663  -0.007217  0.999974  -0.000017  -0.010663  -0.000060  0.999943  0.000127  0.009085  
106.972488 0.003750  0.091241  -0.008500  0.991967  0.125583  -0.015174  -0.125439  0.992050  0.010110  0.016323  -0.008126  0.999834  0.002593  -0.006378  -0.007973  -0.024570  0.022629  0.505229  2.000000  0.999912  0.007429  0.011031  -0.007429  0.999972  -0.000056  -0.011031  -0.000026  0.999939  0.999966  0.008233  0.000068  -0.008233  0.999966  -0.000715  -0.000074  0.000714  1.000000  1.000000  0.000051  0.000090  -0.000051  1.000000  -0.000009  -0.000090  0.000009  1.000000  0.999912  0.007429  0.011031  -0.007429  0.999972  -0.000056  -0.011031  -0.000026  0.999939  0.000127  0.008265  
106.973735 0.003750  0.091231  -0.008510  0.991967  0.125583  -0.015174  -0.125439  0.992050  0.010110  0.016323  -0.008126  0.999834  0.002314  -0.006733  -0.008134  -0.024665  0.018162  0.480485  2.000000  0.999906  0.007624  0.011375  -0.007624  0.999971  -0.000096  -0.011376  0.000009  0.999935  0.999971  0.007616  0.000062  -0.007616  0.999971  -0.000725  -0.000068  0.000724  1.000000  1.000000  0.000047  0.000083  -0.000047  1.000000  -0.000009  -0.000083  0.000009  1.000000  0.999906  0.007624  0.011375  -0.007624  0.999971  -0.000096  -0.011376  0.000009  0.999935  0.000121  0.007651  
106.974982 0.003749  0.091220  -0.008522  0.991969  0.125580  -0.015056  -0.125439  0.992051  0.009973  0.016189  -0.008004  0.999837  0.001990  -0.006988  -0.008257  -0.029475  0.005149  0.449843  2.000000  0.999900  0.007830  0.011770  -0.007828  0.999969  -0.000149  -0.011771  0.000057  0.999931  0.999977  0.006789  0.000456  -0.006789  0.999977  -0.000861  -0.000462  0.000857  1.000000  1.000000  0.000037  0.000076  -0.000037  1.000000  -0.000011  -0.000076  0.000011  1.000000  0.999900  0.007830  0.011770  -0.007828  0.999969  -0.000149  -0.011771  0.000057  0.999931  0.000114  0.006859  
106.976236 0.003747  0.091210  -0.008532  0.991969  0.125579  -0.015071  -0.125439  0.992052  0.009853  0.016189  -0.007883  0.999838  0.001616  -0.007189  -0.008245  -0.034071  0.000972  0.415096  2.000000  0.999896  0.007971  0.012060  -0.007969  0.999968  -0.000198  -0.012061  0.000102  0.999927  0.999981  0.006172  0.000450  -0.006171  0.999980  -0.000992  -0.000456  0.000989  0.999999  1.000000  0.000034  0.000070  -0.000034  1.000000  -0.000012  -0.000070  0.000012  1.000000  0.999896  0.007971  0.012060  -0.007969  0.999968  -0.000198  -0.012061  0.000102  0.999927  0.000107  0.006267  
106.977484 0.003744  0.091201  -0.008543  0.991969  0.125579  -0.015071  -0.125439  0.992052  0.009853  0.016189  -0.007883  0.999838  0.001199  -0.007330  -0.008142  -0.034521  0.001207  0.387457  2.000000  0.999890  0.008123  0.012384  -0.008121  0.999967  -0.000263  -0.012386  0.000162  0.999923  0.999986  0.005347  0.000578  -0.005347  0.999985  -0.001005  -0.000583  0.001002  0.999999  1.000000  0.000027  0.000062  -0.000027  1.000000  -0.000013  -0.000062  0.000013  1.000000  0.999890  0.008123  0.012384  -0.008121  0.999967  -0.000263  -0.012386  0.000162  0.999923  0.000100  0.005471  
106.978739 0.003742  0.091191  -0.008552  0.991945  0.125780  -0.014952  -0.125644  0.992028  0.009719  0.016055  -0.007762  0.999841  0.000701  -0.007408  -0.008008  -0.039038  -0.007529  0.359660  2.000000  0.999888  0.008175  0.012506  -0.008172  0.999967  -0.000290  -0.012508  0.000188  0.999922  0.999989  0.004729  0.000706  -0.004728  0.999988  -0.001137  -0.000711  0.001134  0.999999  1.000000  0.000000  0.000000  0.000000  1.000000  0.000000  0.000000  0.000000  1.000000  0.999888  0.008175  0.012506  -0.008172  0.999967  -0.000290  -0.012508  0.000188  0.999922  0.000093  0.000000  
106.979980 0.003737  0.091181  -0.008563  0.991945  0.125778  -0.014967  -0.125644  0.992029  0.009598  0.016055  -0.007641  0.999842  0.000157  -0.007597  -0.008044  -0.043099  -0.007274  0.336176  2.000000  0.999888  0.008175  0.012506  -0.008172  0.999967  -0.000290  -0.012508  0.000188  0.999922  0.999991  0.004112  0.000701  -0.004111  0.999991  -0.001268  -0.000706  0.001265  0.999999  1.000000  0.000000  0.000000  0.000000  1.000000  0.000000  0.000000  0.000000  1.000000  0.999888  0.008175  0.012506  -0.008172  0.999967  -0.000290  -0.012508  0.000188  0.999922  0.000085  0.000000  
106.980981 0.003733  0.091172  -0.008572  0.991948  0.125777  -0.014834  -0.125644  0.992029  0.009582  0.015921  -0.007641  0.999844  -0.000439  -0.007733  -0.008027  -0.043561  -0.011504  0.308685  2.000000  0.999888  0.008175  0.012506  -0.008172  0.999967  -0.000290  -0.012508  0.000188  0.999922  0.999994  0.003493  0.000830  -0.003492  0.999993  -0.001279  -0.000834  0.001276  0.999999  1.000000  0.000000  0.000000  0.000000  1.000000  0.000000  0.000000  0.000000  1.000000  0.999888  0.008175  0.012506  -0.008172  0.999967  -0.000290  -0.012508  0.000188  0.999922  0.000080  0.000000  
106.982233 0.003726  0.091160  -0.008584  0.991948  0.125775  -0.014850  -0.125644  0.992030  0.009461  0.015921  -0.007519  0.999845  -0.001035  -0.007896  -0.008179  -0.048027  -0.015717  0.281207  2.000000  0.999888  0.008175  0.012506  -0.008172  0.999967  -0.000290  -0.012508  0.000188  0.999922  0.999996  0.002876  0.000825  -0.002875  0.999995  -0.001288  -0.000828  0.001286  0.999999  1.000000  0.000000  0.000000  0.000000  1.000000  0.000000  0.000000  0.000000  1.000000  0.999888  0.008175  0.012506  -0.008172  0.999967  -0.000290  -0.012508  0.000188  0.999922  0.000071  0.000000  
106.983236 0.003720  0.091151  -0.008594  0.991950  0.125774  -0.014717  -0.125644  0.992030  0.009445  0.015788  -0.007519  0.999847  -0.001679  -0.008053  -0.008342  -0.044903  -0.024537  0.248854  2.000000  0.999888  0.008175  0.012506  -0.008172  0.999967  -0.000290  -0.012508  0.000188  0.999922  0.999997  0.002463  0.000955  -0.002462  0.999996  -0.001295  -0.000958  0.001293  0.999999  1.000000  0.000000  0.000000  0.000000  1.000000  0.000000  0.000000  0.000000  1.000000  0.999888  0.008175  0.012506  -0.008172  0.999967  -0.000290  -0.012508  0.000188  0.999922  0.000065  0.000000  
106.984480 0.003712  0.091139  -0.008606  0.991924  0.125977  -0.014730  -0.125849  0.992006  0.009327  0.015788  -0.007398  0.999848  -0.002303  -0.008267  -0.008563  -0.049203  -0.028914  0.235060  2.000000  0.999888  0.008175  0.012506  -0.008172  0.999967  -0.000290  -0.012508  0.000188  0.999922  0.999997  0.002463  0.000955  -0.002462  0.999996  -0.001417  -0.000958  0.001414  0.999999  1.000000  0.000000  0.000000  0.000000  1.000000  0.000000  0.000000  0.000000  1.000000  0.999888  0.008175  0.012506  -0.008172  0.999967  -0.000290  -0.012508  0.000188  0.999922  0.000060  0.000000  
106.985522 0.003705  0.091130  -0.008618  0.991898  0.126181  -0.014728  -0.126053  0.991980  0.009330  0.015788  -0.007398  0.999848  -0.002964  -0.008425  -0.008848  -0.049354  -0.028759  0.220894  2.000000  0.999888  0.008175  0.012506  -0.008172  0.999967  -0.000290  -0.012508  0.000188  0.999922  0.999997  0.002051  0.000952  -0.002050  0.999997  -0.001302  -0.000954  0.001300  0.999999  1.000000  0.000000  0.000000  0.000000  1.000000  0.000000  0.000000  0.000000  1.000000  0.999888  0.008175  0.012506  -0.008172  0.999967  -0.000290  -0.012508  0.000188  0.999922  0.000055  0.000000  
106.986734 0.003696  0.091118  -0.008630  0.991898  0.126179  -0.014744  -0.126053  0.991981  0.009210  0.015788  -0.007277  0.999849  -0.003672  -0.008591  -0.009116  -0.053931  -0.033055  0.193474  2.000000  0.999888  0.008175  0.012506  -0.008172  0.999967  -0.000290  -0.012508  0.000188  0.999922  0.999998  0.001846  0.000950  -0.001844  0.999997  -0.001305  -0.000953  0.001303  0.999999  1.000000  0.000000  0.000000  0.000000  1.000000  0.000000  0.000000  0.000000  1.000000  0.999888  0.008175  0.012506  -0.008172  0.999967  -0.000290  -0.012508  0.000188  0.999922  0.000052  0.000000  
106.987980 0.003686  0.091106  -0.008643  0.991896  0.126180  -0.014876  -0.126053  0.991981  0.009227  0.015921  -0.007277  0.999847  -0.004270  -0.008696  -0.009299  -0.053813  -0.028157  0.171338  2.000000  0.999888  0.008175  0.012506  -0.008172  0.999967  -0.000290  -0.012508  0.000188  0.999922  0.999999  0.001436  0.000679  -0.001435  0.999998  -0.001311  -0.000681  0.001310  0.999999  1.000000  0.000000  0.000000  0.000000  1.000000  0.000000  0.000000  0.000000  1.000000  0.999888  0.008175  0.012506  -0.008172  0.999967  -0.000290  -0.012508  0.000188  0.999922  0.000045  0.000000  
106.988985 0.003677  0.091096  -0.008654  0.991870  0.126384  -0.014875  -0.126257  0.991955  0.009230  0.015921  -0.007277  0.999847  -0.004898  -0.008835  -0.009429  0.000000  0.000000  0.000000  2.000000  0.999888  0.008175  0.012506  -0.008172  0.999967  -0.000290  -0.012508  0.000188  0.999922  0.999999  0.001436  0.000679  -0.001435  0.999998  -0.001311  -0.000681  0.001310  0.999999  1.000000  0.000000  0.000000  0.000000  1.000000  0.000000  0.000000  0.000000  1.000000  0.999888  0.008175  0.012506  -0.008172  0.999967  -0.000290  -0.012508  0.000188  0.999922  0.000000  0.000000  
106.989985 0.003668  0.091087  -0.008664  0.991844  0.126589  -0.014873  -0.126461  0.991929  0.009233  0.015921  -0.007277  0.999847  -0.005544  -0.008973  -0.009534  0.000000  0.000000  0.000000  2.000000  0.999888  0.008175  0.012506  -0.008172  0.999967  -0.000290  -0.012508  0.000188  0.999922  0.999999  0.001643  0.000547  -0.001642  0.999998  -0.001187  -0.000549  0.001186  0.999999  1.000000  0.000000  0.000000  0.000000  1.000000  0.000000  0.000000  0.000000  1.000000  0.999888  0.008175  0.012506  -0.008172  0.999967  -0.000290  -0.012508  0.000188  0.999922  0.000000  0.000000  
106.991234 0.003657  0.091074  -0.008676  0.991818  0.126793  -0.014871  -0.126665  0.991903  0.009236  0.015921  -0.007277  0.999847  -0.006001  -0.009074  -0.009586  0.000000  0.000000  0.000000  2.000000  0.999888  0.008175  0.012506  -0.008172  0.999967  -0.000290  -0.012508  0.000188  0.999922  0.999999  0.001643  0.000547  -0.001642  0.999998  -0.001065  -0.000549  0.001065  0.999999  1.000000  0.000000  0.000000  0.000000  1.000000  0.000000  0.000000  0.000000  1.000000  0.999888  0.008175  0.012506  -0.008172  0.999967  -0.000290  -0.012508  0.000188  0.999922  0.000000  0.000000  
106.992480 0.003645  0.091063  -0.008687  0.991818  0.126793  -0.014871  -0.126665  0.991903  0.009236  0.015921  -0.007277  0.999847  -0.006664  -0.009197  -0.009630  0.000000  0.000000  0.000000  2.000000  0.999888  0.008175  0.012506  -0.008172  0.999967  -0.000290  -0.012508  0.000188  0.999922  0.999999  0.001438  0.000412  -0.001438  0.999999  -0.000947  -0.000413  0.000947  0.999999  1.000000  0.000000  0.000000  0.000000  1.000000  0.000000  0.000000  0.000000  1.000000  0.999888  0.008175  0.012506  -0.008172  0.999967  -0.000290  -0.012508  0.000188  0.999922  0.000000  0.000000  
106.993483 0.003635  0.091054  -0.008696  0.991792  0.126997  -0.014869  -0.126869  0.991876  0.009239  0.015921  -0.007277  0.999847  -0.007221  -0.009295  -0.009735  0.000000  0.000000  0.000000  2.000000  0.999888  0.008175  0.012506  -0.008172  0.999967  -0.000290  -0.012508  0.000188  0.999922  0.999999  0.001438  0.000412  -0.001438  0.999999  -0.000826  -0.000413  0.000826  1.000000  1.000000  0.000000  0.000000  0.000000  1.000000  0.000000  0.000000  0.000000  1.000000  0.999888  0.008175  0.012506  -0.008172  0.999967  -0.000290  -0.012508  0.000188  0.999922  0.000000  0.000000  
106.994741 0.003622  0.091043  -0.008707  0.991790  0.126998  -0.015002  -0.126869  0.991876  0.009256  0.016055  -0.007277  0.999845  -0.007811  -0.009358  -0.009764  0.000000  0.000000  0.000000  2.000000  0.999888  0.008175  0.012506  -0.008172  0.999967  -0.000290  -0.012508  0.000188  0.999922  0.999999  0.001440  0.000144  -0.001440  0.999999  -0.000826  -0.000145  0.000826  1.000000  1.000000  0.000000  0.000000  0.000000  1.000000  0.000000  0.000000  0.000000  1.000000  0.999888  0.008175  0.012506  -0.008172  0.999967  -0.000290  -0.012508  0.000188  0.999922  0.000000  0.000000  
106.995980 0.003608  0.091032  -0.008720  0.991763  0.127202  -0.015000  -0.127073  0.991850  0.009259  0.016055  -0.007277  0.999845  -0.008274  -0.009350  -0.009857  0.000000  0.000000  0.000000  2.000000  0.999888  0.008175  0.012506  -0.008172  0.999967  -0.000290  -0.012508  0.000188  0.999922  0.999999  0.001646  0.000146  -0.001646  0.999998  -0.000701  -0.000147  0.000701  1.000000  1.000000  0.000000  0.000000  0.000000  1.000000  0.000000  0.000000  0.000000  1.000000  0.999888  0.008175  0.012506  -0.008172  0.999967  -0.000290  -0.012508  0.000188  0.999922  0.000000  0.000000  
106.997234 0.003595  0.091021  -0.008733  0.991737  0.127406  -0.014998  -0.127277  0.991824  0.009262  0.016055  -0.007277  0.999845  -0.008764  -0.009321  -0.009956  0.000000  0.000000  0.000000  2.000000  0.999888  0.008175  0.012506  -0.008172  0.999967  -0.000290  -0.012508  0.000188  0.999922  0.999998  0.001852  0.000147  -0.001851  0.999998  -0.000577  -0.000148  0.000576  1.000000  1.000000  0.000000  0.000000  0.000000  1.000000  0.000000  0.000000  0.000000  1.000000  0.999888  0.008175  0.012506  -0.008172  0.999967  -0.000290  -0.012508  0.000188  0.999922  0.000000  0.000000  
106.998480 0.003581  0.091009  -0.008746  0.991711  0.127610  -0.014996  -0.127482  0.991798  0.009265  0.016055  -0.007277  0.999845  -0.009221  -0.009292  -0.009959  0.000000  0.000000  0.000000  2.000000  0.999888  0.008175  0.012506  -0.008172  0.999967  -0.000290  -0.012508  0.000188  0.999922  0.999998  0.002058  0.000015  -0.002058  0.999998  -0.000452  -0.000016  0.000452  1.000000  1.000000  0.000000  0.000000  0.000000  1.000000  0.000000  0.000000  0.000000  1.000000  0.999888  0.008175  0.012506  -0.008172  0.999967  -0.000290  -0.012508  0.000188  0.999922  0.000000  0.000000  
106.999482 0.003570  0.091001  -0.008755  0.991711  0.127610  -0.014996  -0.127482  0.991798  0.009265  0.016055  -0.007277  0.999845  -0.009483  -0.009209  -0.009888  0.000000  0.000000  0.000000  2.000000  0.999888  0.008175  0.012506  -0.008172  0.999967  -0.000290  -0.012508  0.000188  0.999922  0.999998  0.001853  0.000014  -0.001853  0.999998  -0.000455  -0.000014  0.000455  1.000000  1.000000  0.000000  0.000000  0.000000  1.000000  0.000000  0.000000  0.000000  1.000000  0.999888  0.008175  0.012506  -0.008172  0.999967  -0.000290  -0.012508  0.000188  0.999922  0.000000  0.000000  
107.000730 0.003557  0.090990  -0.008768  0.991685  0.127815  -0.014994  -0.127686  0.991771  0.009268  0.016055  -0.007277  0.999845  -0.009786  -0.009166  -0.009858  0.000000  0.000000  0.000000  2.000000  0.999888  0.008175  0.012506  -0.008172  0.999967  -0.000290  -0.012508  0.000188  0.999922  0.999998  0.002058  0.000015  -0.002058  0.999998  -0.000331  -0.000016  0.000331  1.000000  1.000000  0.000000  0.000000  0.000000  1.000000  0.000000  0.000000  0.000000  1.000000  0.999888  0.008175  0.012506  -0.008172  0.999967  -0.000290  -0.012508  0.000188  0.999922  0.000000  0.000000  
107.001731 0.003547  0.090982  -0.008776  0.991685  0.127816  -0.014978  -0.127686  0.991770  0.009389  0.016055  -0.007398  0.999844  -0.009939  -0.009102  -0.009739  0.000000  0.000000  0.000000  2.000000  0.999888  0.008175  0.012506  -0.008172  0.999967  -0.000290  -0.012508  0.000188  0.999922  0.999998  0.002059  -0.000119  -0.002059  0.999998  -0.000331  0.000118  0.000331  1.000000  1.000000  0.000000  0.000000  0.000000  1.000000  0.000000  0.000000  0.000000  1.000000  0.999888  0.008175  0.012506  -0.008172  0.999967  -0.000290  -0.012508  0.000188  0.999922  0.000000  0.000000  
107.002736 0.003537  0.090974  -0.008785  0.991658  0.128021  -0.014976  -0.127890  0.991744  0.009392  0.016055  -0.007398  0.999844  -0.010106  -0.009001  -0.009622  0.000000  0.000000  0.000000  2.000000  0.999888  0.008175  0.012506  -0.008172  0.999967  -0.000290  -0.012508  0.000188  0.999922  0.999998  0.002059  -0.000119  -0.002059  0.999998  -0.000088  0.000118  0.000089  1.000000  1.000000  0.000000  0.000000  0.000000  1.000000  0.000000  0.000000  0.000000  1.000000  0.999888  0.008175  0.012506  -0.008172  0.999967  -0.000290  -0.012508  0.000188  0.999922  0.000000  0.000000  
107.003985 0.003525  0.090962  -0.008796  0.991658  0.128021  -0.014976  -0.127890  0.991744  0.009392  0.016055  -0.007398  0.999844  -0.010236  -0.008946  -0.009504  0.000000  0.000000  0.000000  2.000000  0.999888  0.008175  0.012506  -0.008172  0.999967  -0.000290  -0.012508  0.000188  0.999922  0.999997  0.002266  -0.000251  -0.002266  0.999997  -0.000085  0.000251  0.000086  1.000000  1.000000  0.000000  0.000000  0.000000  1.000000  0.000000  0.000000  0.000000  1.000000  0.999888  0.008175  0.012506  -0.008172  0.999967  -0.000290  -0.012508  0.000188  0.999922  0.000000  0.000000  
107.005230 0.003513  0.090951  -0.008807  0.991632  0.128227  -0.014959  -0.128094  0.991716  0.009515  0.016055  -0.007519  0.999843  -0.010223  -0.008840  -0.009367  0.000000  0.000000  0.000000  2.000000  0.999888  0.008175  0.012506  -0.008172  0.999967  -0.000290  -0.012508  0.000188  0.999922  0.999998  0.002060  -0.000252  -0.002060  0.999998  0.000154  0.000252  -0.000154  1.000000  1.000000  0.000000  0.000000  0.000000  1.000000  0.000000  0.000000  0.000000  1.000000  0.999888  0.008175  0.012506  -0.008172  0.999967  -0.000290  -0.012508  0.000188  0.999922  0.000000  0.000000  
107.006235 0.003504  0.090942  -0.008816  0.991634  0.128226  -0.014826  -0.128094  0.991717  0.009498  0.015921  -0.007519  0.999845  -0.010210  -0.008770  -0.009324  0.000000  0.000000  0.000000  2.000000  0.999888  0.008175  0.012506  -0.008172  0.999967  -0.000290  -0.012508  0.000188  0.999922  0.999998  0.002059  -0.000118  -0.002059  0.999998  0.000154  0.000119  -0.000154  1.000000  1.000000  0.000000  0.000000  0.000000  1.000000  0.000000  0.000000  0.000000  1.000000  0.999888  0.008175  0.012506  -0.008172  0.999967  -0.000290  -0.012508  0.000188  0.999922  0.000000  0.000000  
107.007483 0.003492  0.090931  -0.008826  0.991634  0.128227  -0.014811  -0.128094  0.991715  0.009618  0.015921  -0.007641  0.999844  -0.010199  -0.008819  -0.009307  0.000000  0.000000  0.000000  2.000000  0.999888  0.008175  0.012506  -0.008172  0.999967  -0.000290  -0.012508  0.000188  0.999922  0.999998  0.002059  -0.000118  -0.002059  0.999998  0.000397  0.000119  -0.000396  1.000000  1.000000  0.000000  0.000000  0.000000  1.000000  0.000000  0.000000  0.000000  1.000000  0.999888  0.008175  0.012506  -0.008172  0.999967  -0.000290  -0.012508  0.000188  0.999922  0.000000  0.000000  
107.008736 0.003481  0.090919  -0.008838  0.991634  0.128227  -0.014811  -0.128094  0.991715  0.009618  0.015921  -0.007641  0.999844  -0.010060  -0.008863  -0.009325  0.000000  0.000000  0.000000  2.000000  0.999888  0.008175  0.012506  -0.008172  0.999967  -0.000290  -0.012508  0.000188  0.999922  0.999998  0.002058  0.000016  -0.002058  0.999998  0.000397  -0.000015  -0.000397  1.000000  1.000000  0.000000  0.000000  0.000000  1.000000  0.000000  0.000000  0.000000  1.000000  0.999888  0.008175  0.012506  -0.008172  0.999967  -0.000290  -0.012508  0.000188  0.999922  0.000000  0.000000  
107.009981 0.003471  0.090908  -0.008848  0.991608  0.128433  -0.014793  -0.128298  0.991688  0.009742  0.015921  -0.007762  0.999843  -0.009895  -0.008893  -0.009233  0.000000  0.000000  0.000000  2.000000  0.999888  0.008175  0.012506  -0.008172  0.999967  -0.000290  -0.012508  0.000188  0.999922  0.999998  0.002058  0.000016  -0.002058  0.999998  0.000518  -0.000015  -0.000518  1.000000  1.000000  0.000000  0.000000  0.000000  1.000000  0.000000  0.000000  0.000000  1.000000  0.999888  0.008175  0.012506  -0.008172  0.999967  -0.000290  -0.012508  0.000188  0.999922  0.000000  0.000000  
107.011232 0.003461  0.090896  -0.008859  0.991606  0.128434  -0.014926  -0.128298  0.991688  0.009759  0.016055  -0.007762  0.999841  -0.009679  -0.008886  -0.009156  0.000000  0.000000  0.000000  2.000000  0.999888  0.008175  0.012506  -0.008172  0.999967  -0.000290  -0.012508  0.000188  0.999922  0.999998  0.001854  -0.000119  -0.001854  0.999998  0.000515  0.000120  -0.000515  1.000000  1.000000  0.000000  0.000000  0.000000  1.000000  0.000000  0.000000  0.000000  1.000000  0.999888  0.008175  0.012506  -0.008172  0.999967  -0.000290  -0.012508  0.000188  0.999922  0.000000  0.000000  
107.012484 0.003450  0.090885  -0.008870  0.991606  0.128434  -0.014926  -0.128298  0.991688  0.009759  0.016055  -0.007762  0.999841  -0.009432  -0.008854  -0.008976  0.000000  0.000000  0.000000  2.000000  0.999888  0.008175  0.012506  -0.008172  0.999967  -0.000290  -0.012508  0.000188  0.999922  0.999999  0.001648  -0.000121  -0.001648  0.999999  0.000512  0.000122  -0.000511  1.000000  1.000000  0.000000  0.000000  0.000000  1.000000  0.000000  0.000000  0.000000  1.000000  0.999888  0.008175  0.012506  -0.008172  0.999967  -0.000290  -0.012508  0.000188  0.999922  0.000000  0.000000  
