1-Time 2-Px 3-Py 4-Pz 5-R11 6-R21 7-R31 8-R12 9-R22 10-R32 11-R13 12-R23 13-R33 14-Vx 15-Vy 16-Vz 17-Wx 18-Wy 19-Wz 20-state 21-PR11 22-PR21 23-PR31 24-PR12 25-PR22 26-PR32 27-PR13 28-PR23 29-PR33 
119.432607 -0.003020  0.086493  -0.003134  0.981141  0.193293  0.000252  -0.193115  0.980180  0.044194  0.008295  -0.043409  0.999023  -0.000031  -0.000024  -0.000019  0.000000  0.000000  0.000000  2.000000  1.000000  0.000000  0.000000  -0.000000  1.000000  0.000000  0.000000  -0.000000  1.000000  1.000000  -0.000000  0.000000  -0.000000  1.000000  -0.000000  0.000000  0.000000  1.000000  1.000000  0.000000  0.000000  0.000000  1.000000  0.000000  0.000000  0.000000  1.000000  0.688622  0.475912  -0.547090  -0.510164  0.854142  0.100871  0.515298  0.209643  0.830974  0.000000  0.000000  
119.433616 -0.003020  0.086493  -0.003134  0.981141  0.193293  0.000252  -0.193115  0.980180  0.044194  0.008295  -0.043409  0.999023  -0.000031  -0.000024  -0.000019  0.000000  0.000000  0.000000  2.000000  1.000000  0.000000  0.000000  0.000000  1.000000  0.000000  0.000000  0.000000  1.000000  1.000000  -0.000000  0.000000  -0.000000  1.000000  -0.000000  0.000000  0.000000  1.000000  1.000000  0.000000  0.000000  0.000000  1.000000  0.000000  0.000000  0.000000  1.000000  1.000000  0.000000  0.000000  0.000000  1.000000  0.000000  0.000000  0.000000  1.000000  0.000000  0.000000  
119.434868 -0.003022  0.086489  -0.003136  0.980902  0.194503  0.000330  -0.194326  0.979936  0.044313  0.008295  -0.043530  0.999018  -0.000197  -0.000291  -0.000171  0.000000  0.000000  0.000000  2.000000  1.000000  0.000000  0.000000  0.000000  1.000000  0.000000  0.000000  0.000000  1.000000  0.999999  0.001028  0.000045  -0.001028  0.999999  0.000130  -0.000045  -0.000130  1.000000  1.000000  0.000000  0.000000  0.000000  1.000000  0.000000  0.000000  0.000000  1.000000  1.000000  0.000000  0.000000  0.000000  1.000000  0.000000  0.000000  0.000000  1.000000  0.000000  0.000000  
119.435868 -0.003025  0.086485  -0.003138  0.980702  0.195506  0.000531  -0.195336  0.979731  0.044405  0.008162  -0.043652  0.999013  -0.000362  -0.000558  -0.000324  0.000000  0.000000  0.000000  2.000000  1.000000  0.000000  0.000000  0.000000  1.000000  0.000000  0.000000  0.000000  1.000000  0.999998  0.002051  0.000224  -0.002051  0.999998  0.000259  -0.000223  -0.000260  1.000000  1.000000  0.000000  0.000000  0.000000  1.000000  0.000000  0.000000  0.000000  1.000000  1.000000  0.000000  0.000000  0.000000  1.000000  0.000000  0.000000  0.000000  1.000000  0.000000  0.000000  
119.437119 -0.003028  0.086479  -0.003141  0.980461  0.196710  0.000740  -0.196548  0.979484  0.044497  0.008028  -0.043773  0.999009  -0.000559  -0.000946  -0.000514  0.000000  0.000000  0.000000  2.000000  1.000000  0.000000  0.000000  0.000000  1.000000  0.000000  0.000000  0.000000  1.000000  0.999995  0.003279  0.000412  -0.003279  0.999995  0.000390  -0.000410  -0.000391  1.000000  1.000000  0.000000  0.000000  0.000000  1.000000  0.000000  0.000000  0.000000  1.000000  1.000000  0.000000  0.000000  0.000000  1.000000  0.000000  0.000000  0.000000  1.000000  0.000000  0.000000  
119.438366 -0.003030  0.086474  -0.003143  0.980300  0.197511  0.000956  -0.197355  0.979312  0.044707  0.007894  -0.044015  0.999000  -0.000707  -0.001282  -0.000635  0.000000  0.000000  0.000000  2.000000  1.000000  0.000000  0.000000  0.000000  1.000000  0.000000  0.000000  0.000000  1.000000  0.999991  0.004096  0.000582  -0.004096  0.999991  0.000639  -0.000580  -0.000641  1.000000  1.000000  0.000000  0.000000  0.000000  1.000000  0.000000  0.000000  0.000000  1.000000  1.000000  0.000000  0.000000  0.000000  1.000000  0.000000  0.000000  0.000000  1.000000  0.000000  0.000000  
119.439617 -0.003033  0.086469  -0.003144  0.980094  0.198530  0.000764  -0.198364  0.979100  0.044878  0.008162  -0.044136  0.998992  -0.000930  -0.001661  -0.000762  0.025934  -0.012364  0.179479  2.000000  1.000000  0.000064  0.000006  -0.000064  1.000000  0.000010  -0.000006  -0.000010  1.000000  0.999987  0.005130  0.000495  -0.005130  0.999987  0.000769  -0.000491  -0.000771  1.000000  1.000000  0.000064  0.000006  -0.000064  1.000000  0.000010  -0.000006  -0.000010  1.000000  1.000000  0.000064  0.000006  -0.000064  1.000000  0.000010  -0.000006  -0.000010  1.000000  0.000044  0.005211  
119.440869 -0.003037  0.086465  -0.003145  0.979847  0.199751  0.000606  -0.199574  0.978841  0.045168  0.008429  -0.044379  0.998979  -0.001180  -0.001934  -0.000805  0.034466  -0.005226  0.221395  2.000000  1.000000  0.000357  0.000019  -0.000357  1.000000  0.000053  -0.000019  -0.000053  1.000000  0.999980  0.006381  0.000149  -0.006382  0.999979  0.000902  -0.000143  -0.000903  1.000000  1.000000  0.000080  0.000002  -0.000080  1.000000  0.000011  -0.000002  -0.000011  1.000000  1.000000  0.000357  0.000019  -0.000357  1.000000  0.000053  -0.000019  -0.000053  1.000000  0.000054  0.006447  
119.442117 -0.003040  0.086461  -0.003147  0.979472  0.201581  0.000321  -0.201388  0.978460  0.045366  0.008831  -0.044500  0.998970  -0.001416  -0.002171  -0.000934  0.039107  0.005499  0.284104  2.000000  1.000000  0.000813  0.000021  -0.000813  1.000000  0.000121  -0.000021  -0.000121  1.000000  0.999968  0.008039  -0.000043  -0.008038  0.999967  0.001160  0.000053  -0.001160  0.999999  1.000000  0.000100  -0.000001  -0.000100  1.000000  0.000014  0.000001  -0.000014  1.000000  1.000000  0.000813  0.000021  -0.000813  1.000000  0.000121  -0.000021  -0.000121  1.000000  0.000068  0.008122  
119.443117 -0.003044  0.086458  -0.003150  0.979179  0.202997  0.000280  -0.202799  0.978162  0.045511  0.008964  -0.044621  0.998964  -0.001644  -0.002389  -0.001104  0.043619  0.007842  0.332673  2.000000  0.999999  0.001259  0.000010  -0.001259  0.999999  0.000182  -0.000010  -0.000182  1.000000  0.999955  0.009490  -0.000245  -0.009490  0.999954  0.001296  0.000258  -0.001293  0.999999  1.000000  0.000119  -0.000003  -0.000119  1.000000  0.000016  0.000003  -0.000016  1.000000  0.999999  0.001259  0.000010  -0.001259  0.999999  0.000182  -0.000010  -0.000182  1.000000  0.000080  0.009581  
119.444362 -0.003048  0.086454  -0.003153  0.978802  0.204809  0.000414  -0.204613  0.977773  0.045748  0.008964  -0.044863  0.998953  -0.001927  -0.002637  -0.001355  0.052316  0.005054  0.394928  2.000000  0.999998  0.001929  -0.000002  -0.001929  0.999998  0.000271  0.000002  -0.000271  1.000000  0.999933  0.011547  -0.000151  -0.011546  0.999932  0.001556  0.000168  -0.001554  0.999999  1.000000  0.000144  -0.000002  -0.000144  1.000000  0.000019  0.000002  -0.000019  1.000000  0.999998  0.001929  -0.000002  -0.001929  0.999998  0.000271  0.000002  -0.000271  1.000000  0.000098  0.011652  
119.445365 -0.003050  0.086452  -0.003155  0.978506  0.206218  0.000505  -0.206024  0.977472  0.045866  0.008964  -0.044984  0.998947  -0.002067  -0.002760  -0.001479  0.056804  0.002890  0.443266  2.000000  0.999997  0.002548  -0.000008  -0.002548  0.999997  0.000349  0.000009  -0.000349  1.000000  0.999916  0.012986  -0.000086  -0.012986  0.999914  0.001568  0.000106  -0.001567  0.999999  1.000000  0.000162  -0.000001  -0.000162  1.000000  0.000020  0.000001  -0.000020  1.000000  0.999997  0.002548  -0.000008  -0.002548  0.999997  0.000349  0.000009  -0.000349  1.000000  0.000110  0.013081  
119.446613 -0.003053  0.086450  -0.003156  0.978124  0.208023  0.000746  -0.207836  0.977083  0.045956  0.008831  -0.045105  0.998943  -0.002274  -0.002918  -0.001517  0.061401  -0.004385  0.505411  2.000000  0.999994  0.003421  -0.000009  -0.003421  0.999994  0.000455  0.000011  -0.000455  1.000000  0.999893  0.014625  0.000124  -0.014625  0.999892  0.001701  -0.000099  -0.001703  0.999999  1.000000  0.000183  0.000001  -0.000183  1.000000  0.000021  -0.000001  -0.000021  1.000000  0.999994  0.003421  -0.000009  -0.003421  0.999994  0.000455  0.000011  -0.000455  1.000000  0.000124  0.014725  
119.447616 -0.003056  0.086447  -0.003157  0.977780  0.209632  0.000822  -0.209447  0.976740  0.045954  0.008831  -0.045105  0.998943  -0.002472  -0.003086  -0.001590  0.061904  -0.006838  0.560972  2.000000  0.999991  0.004204  -0.000001  -0.004204  0.999991  0.000547  0.000003  -0.000547  1.000000  0.999868  0.016270  0.000200  -0.016270  0.999866  0.001836  -0.000170  -0.001839  0.999998  1.000000  0.000203  0.000002  -0.000203  1.000000  0.000023  -0.000002  -0.000023  1.000000  0.999991  0.004204  -0.000001  -0.004204  0.999991  0.000547  0.000003  -0.000547  1.000000  0.000138  0.016375  
119.448864 -0.003060  0.086442  -0.003159  0.977389  0.211447  0.000802  -0.211258  0.976343  0.046099  0.008964  -0.045227  0.998937  -0.002673  -0.003356  -0.001676  0.066512  -0.005135  0.622985  2.000000  0.999987  0.005077  0.000006  -0.005077  0.999987  0.000642  -0.000003  -0.000642  1.000000  0.999836  0.018127  0.000152  -0.018127  0.999834  0.001974  -0.000117  -0.001977  0.999998  1.000000  0.000227  0.000002  -0.000227  1.000000  0.000025  -0.000002  -0.000025  1.000000  0.999987  0.005077  0.000006  -0.005077  0.999987  0.000642  -0.000003  -0.000642  1.000000  0.000153  0.018236  
119.449868 -0.003064  0.086437  -0.003161  0.977083  0.212859  0.000764  -0.212666  0.976030  0.046245  0.009098  -0.045348  0.998930  -0.002775  -0.003426  -0.001658  0.071040  -0.002830  0.671459  2.000000  0.999982  0.006029  0.000014  -0.006029  0.999982  0.000742  -0.000010  -0.000742  1.000000  0.999808  0.019572  0.000084  -0.019572  0.999806  0.001989  -0.000045  -0.001990  0.999998  1.000000  0.000245  0.000001  -0.000245  1.000000  0.000025  -0.000001  -0.000025  1.000000  0.999982  0.006029  0.000014  -0.006029  0.999982  0.000742  -0.000010  -0.000742  1.000000  0.000165  0.019674  
119.451112 -0.003068  0.086431  -0.003164  0.976730  0.214472  0.000735  -0.214275  0.975671  0.046391  0.009232  -0.045469  0.998923  -0.002848  -0.003528  -0.001642  0.075659  -0.000840  0.727081  2.000000  0.999973  0.007320  0.000019  -0.007320  0.999973  0.000874  -0.000012  -0.000874  1.000000  0.999775  0.021223  0.000028  -0.021223  0.999773  0.002126  0.000017  -0.002126  0.999998  1.000000  0.000265  0.000000  -0.000265  1.000000  0.000027  -0.000000  -0.000027  1.000000  0.999973  0.007320  0.000019  -0.007320  0.999973  0.000874  -0.000012  -0.000874  1.000000  0.000179  0.021331  
119.452119 -0.003070  0.086425  -0.003164  0.976464  0.215677  0.000819  -0.215481  0.975400  0.046508  0.009232  -0.045590  0.998918  -0.002850  -0.003608  -0.001538  0.080082  -0.002731  0.768391  2.000000  0.999965  0.008422  0.000022  -0.008422  0.999964  0.000987  -0.000014  -0.000987  1.000000  0.999748  0.022457  0.000087  -0.022457  0.999745  0.002258  -0.000036  -0.002259  0.999997  1.000000  0.000281  0.000001  -0.000281  1.000000  0.000028  -0.000001  -0.000028  1.000000  0.999965  0.008422  0.000022  -0.008422  0.999964  0.000987  -0.000014  -0.000987  1.000000  0.000190  0.022572  
119.453365 -0.003073  0.086417  -0.003165  0.976153  0.217083  0.000912  -0.216888  0.975082  0.046625  0.009232  -0.045711  0.998912  -0.002865  -0.003835  -0.001492  0.084610  -0.004937  0.817037  2.000000  0.999954  0.009599  0.000029  -0.009599  0.999953  0.001109  -0.000018  -0.001109  0.999999  0.999710  0.024101  0.000168  -0.024102  0.999706  0.002514  -0.000107  -0.002517  0.999997  1.000000  0.000301  0.000002  -0.000301  1.000000  0.000031  -0.000002  -0.000031  1.000000  0.999954  0.009599  0.000029  -0.009599  0.999953  0.001109  -0.000018  -0.001109  0.999999  0.000203  0.024235  
119.454617 -0.003074  0.086407  -0.003167  0.975749  0.218889  0.001052  -0.218696  0.974667  0.046860  0.009232  -0.045953  0.998901  -0.002735  -0.004173  -0.001532  0.093286  -0.007816  0.879033  2.000000  0.999938  0.011162  0.000041  -0.011162  0.999937  0.001274  -0.000027  -0.001275  0.999999  0.999674  0.025540  0.000240  -0.025541  0.999670  0.002768  -0.000170  -0.002773  0.999996  1.000000  0.000319  0.000003  -0.000319  1.000000  0.000035  -0.000003  -0.000035  1.000000  0.999938  0.011162  0.000041  -0.011162  0.999937  0.001274  -0.000027  -0.001275  0.999999  0.000218  0.025694  
119.455866 -0.003074  0.086396  -0.003169  0.975434  0.220287  0.001303  -0.220103  0.974341  0.047065  0.009098  -0.046196  0.998891  -0.002450  -0.004594  -0.001615  0.101795  -0.014583  0.927170  2.000000  0.999918  0.012773  0.000062  -0.012773  0.999917  0.001447  -0.000044  -0.001448  0.999999  0.999663  0.025951  0.000266  -0.025952  0.999659  0.002889  -0.000191  -0.002895  0.999996  1.000000  0.000324  0.000003  -0.000324  1.000000  0.000036  -0.000003  -0.000036  1.000000  0.999918  0.012773  0.000062  -0.012773  0.999917  0.001447  -0.000044  -0.001448  0.999999  0.000232  0.026116  
119.456881 -0.003073  0.086387  -0.003172  0.975163  0.221484  0.001518  -0.221308  0.974063  0.047152  0.008964  -0.046317  0.998887  -0.002211  -0.005022  -0.001723  0.106120  -0.020984  0.968012  2.000000  0.999905  0.013754  0.000073  -0.013754  0.999904  0.001556  -0.000051  -0.001557  0.999999  0.999652  0.026363  0.000288  -0.026363  0.999648  0.002892  -0.000212  -0.002899  0.999996  1.000000  0.000330  0.000003  -0.000330  1.000000  0.000036  -0.000003  -0.000036  1.000000  0.999905  0.013754  0.000073  -0.013754  0.999904  0.001556  -0.000051  -0.001557  0.999999  0.000242  0.026526  
119.458117 -0.003072  0.086375  -0.003177  0.974889  0.222687  0.001631  -0.222512  0.973778  0.047386  0.008964  -0.046559  0.998875  -0.001867  -0.005551  -0.001797  0.114667  -0.022976  1.009825  2.000000  0.999881  0.015397  0.000094  -0.015397  0.999880  0.001736  -0.000067  -0.001737  0.999998  0.999652  0.026363  0.000291  -0.026363  0.999648  0.002889  -0.000215  -0.002895  0.999996  1.000000  0.000330  0.000003  -0.000330  1.000000  0.000036  -0.000003  -0.000036  1.000000  0.999881  0.015397  0.000094  -0.015397  0.999880  0.001736  -0.000067  -0.001737  0.999998  0.000252  0.026525  
119.459373 -0.003071  0.086363  -0.003183  0.974659  0.223689  0.001707  -0.223515  0.973542  0.047503  0.008964  -0.046681  0.998870  -0.001506  -0.006173  -0.001920  0.119018  -0.024590  1.044176  2.000000  0.999855  0.017050  0.000110  -0.017050  0.999853  0.001915  -0.000077  -0.001917  0.999998  0.999647  0.026574  0.000174  -0.026575  0.999643  0.002890  -0.000097  -0.002894  0.999996  1.000000  0.000332  0.000002  -0.000332  1.000000  0.000036  -0.000002  -0.000036  1.000000  0.999855  0.017050  0.000110  -0.017050  0.999853  0.001915  -0.000077  -0.001917  0.999998  0.000261  0.026735  
119.460614 -0.003069  0.086349  -0.003188  0.974430  0.224684  0.001913  -0.224519  0.973307  0.047589  0.008831  -0.046802  0.998865  -0.001199  -0.006842  -0.002159  0.123355  -0.030712  1.078837  2.000000  0.999825  0.018710  0.000133  -0.018710  0.999823  0.002094  -0.000094  -0.002096  0.999998  0.999647  0.026555  0.000578  -0.026557  0.999643  0.002887  -0.000501  -0.002901  0.999996  1.000000  0.000332  0.000007  -0.000332  1.000000  0.000036  -0.000007  -0.000036  1.000000  0.999825  0.018710  0.000133  -0.018710  0.999823  0.002094  -0.000094  -0.002096  0.999998  0.000270  0.026722  
119.461865 -0.003068  0.086335  -0.003193  0.974198  0.225686  0.001989  -0.225522  0.973069  0.047705  0.008831  -0.046923  0.998859  -0.000892  -0.007694  -0.002492  0.127721  -0.032339  1.113349  2.000000  0.999793  0.020346  0.000185  -0.020346  0.999790  0.002263  -0.000139  -0.002267  0.999997  0.999664  0.025920  0.000950  -0.025922  0.999660  0.002639  -0.000881  -0.002663  0.999996  1.000000  0.000324  0.000011  -0.000324  1.000000  0.000033  -0.000011  -0.000033  1.000000  0.999793  0.020346  0.000185  -0.020346  0.999790  0.002263  -0.000139  -0.002267  0.999997  0.000278  0.026075  
119.463113 -0.003067  0.086321  -0.003198  0.973967  0.226681  0.002169  -0.226525  0.972838  0.047673  0.008697  -0.046923  0.998861  -0.000657  -0.008330  -0.002686  0.127978  -0.038403  1.148037  2.000000  0.999759  0.021942  0.000259  -0.021942  0.999756  0.002429  -0.000206  -0.002434  0.999997  0.999679  0.025284  0.001324  -0.025288  0.999677  0.002631  -0.001258  -0.002664  0.999996  1.000000  0.000316  0.000016  -0.000316  1.000000  0.000033  -0.000016  -0.000033  1.000000  0.999759  0.021942  0.000259  -0.021942  0.999756  0.002429  -0.000206  -0.002434  0.999997  0.000285  0.025460  
119.464363 -0.003067  0.086307  -0.003203  0.973828  0.227276  0.002301  -0.227126  0.972705  0.047523  0.008563  -0.046802  0.998867  -0.000283  -0.008950  -0.002827  0.119640  -0.042274  1.134094  2.000000  0.999731  0.023180  0.000337  -0.023180  0.999728  0.002552  -0.000278  -0.002559  0.999997  0.999700  0.024449  0.001553  -0.024453  0.999698  0.002379  -0.001494  -0.002416  0.999996  1.000000  0.000306  0.000019  -0.000306  1.000000  0.000030  -0.000019  -0.000030  1.000000  0.999731  0.023180  0.000337  -0.023180  0.999728  0.002552  -0.000278  -0.002559  0.999997  0.000288  0.024618  
119.465613 -0.003069  0.086292  -0.003207  0.973689  0.227865  0.002590  -0.227728  0.972567  0.047461  0.008295  -0.046802  0.998870  -0.000146  -0.009412  -0.002952  0.114278  -0.045830  1.110886  2.000000  0.999696  0.024650  0.000442  -0.024652  0.999692  0.002687  -0.000375  -0.002697  0.999996  0.999734  0.022998  0.001749  -0.023002  0.999733  0.002120  -0.001700  -0.002159  0.999996  1.000000  0.000288  0.000022  -0.000288  1.000000  0.000027  -0.000022  -0.000027  1.000000  0.999696  0.024650  0.000442  -0.024652  0.999692  0.002687  -0.000375  -0.002697  0.999996  0.000281  0.023165  
119.466868 -0.003071  0.086278  -0.003212  0.973597  0.228259  0.002712  -0.228129  0.972481  0.047311  0.008162  -0.046681  0.998877  -0.000073  -0.009933  -0.003193  0.106644  -0.044646  1.085553  2.000000  0.999661  0.026041  0.000555  -0.026043  0.999657  0.002808  -0.000482  -0.002821  0.999996  0.999762  0.021758  0.001822  -0.021762  0.999761  0.001865  -0.001781  -0.001904  0.999997  1.000000  0.000272  0.000023  -0.000272  1.000000  0.000024  -0.000023  -0.000024  1.000000  0.999661  0.026041  0.000555  -0.026043  0.999657  0.002808  -0.000482  -0.002821  0.999996  0.000274  0.021918  
119.468113 -0.003074  0.086262  -0.003216  0.973458  0.228848  0.002974  -0.228731  0.972348  0.047130  0.007894  -0.046560  0.998884  -0.000111  -0.010404  -0.003449  0.094148  -0.048895  1.078526  2.000000  0.999626  0.027349  0.000670  -0.027351  0.999622  0.002915  -0.000590  -0.002932  0.999996  0.999792  0.020313  0.001886  -0.020316  0.999792  0.001607  -0.001853  -0.001645  0.999997  1.000000  0.000254  0.000023  -0.000254  1.000000  0.000020  -0.000023  -0.000020  1.000000  0.999626  0.027349  0.000670  -0.027351  0.999622  0.002915  -0.000590  -0.002932  0.999996  0.000269  0.020467  
119.469119 -0.003078  0.086250  -0.003220  0.973412  0.229042  0.003114  -0.228932  0.972302  0.047099  0.007760  -0.046560  0.998885  -0.000305  -0.010791  -0.003647  0.089874  -0.056984  1.056980  2.000000  0.999599  0.028321  0.000769  -0.028323  0.999594  0.002991  -0.000684  -0.003012  0.999995  0.999820  0.018862  0.002086  -0.018865  0.999821  0.001473  -0.002058  -0.001512  0.999997  1.000000  0.000236  0.000026  -0.000236  1.000000  0.000019  -0.000026  -0.000019  1.000000  0.999599  0.028321  0.000769  -0.028323  0.999594  0.002991  -0.000684  -0.003012  0.999995  0.000267  0.019036  
119.470364 -0.003085  0.086233  -0.003226  0.973318  0.229437  0.003235  -0.229333  0.972215  0.046949  0.007626  -0.046439  0.998892  -0.000726  -0.011139  -0.003883  0.081086  -0.069321  1.034929  2.000000  0.999566  0.029440  0.000902  -0.029442  0.999562  0.003074  -0.000811  -0.003099  0.999995  0.999846  0.017410  0.002284  -0.017413  0.999847  0.001339  -0.002260  -0.001379  0.999996  1.000000  0.000218  0.000028  -0.000218  1.000000  0.000017  -0.000028  -0.000017  1.000000  0.999566  0.029440  0.000902  -0.029442  0.999562  0.003074  -0.000811  -0.003099  0.999995  0.000262  0.017613  
119.471380 -0.003091  0.086220  -0.003232  0.973271  0.229637  0.003217  -0.229533  0.972174  0.046831  0.007626  -0.046318  0.998898  -0.001212  -0.011441  -0.004070  0.069255  -0.081151  0.993333  2.000000  0.999541  0.030264  0.001016  -0.030267  0.999537  0.003128  -0.000921  -0.003157  0.999995  0.999870  0.015965  0.002349  -0.015968  0.999872  0.001087  -0.002331  -0.001124  0.999997  1.000000  0.000200  0.000029  -0.000200  1.000000  0.000014  -0.000029  -0.000014  1.000000  0.999541  0.030264  0.001016  -0.030267  0.999537  0.003128  -0.000921  -0.003157  0.999995  0.000252  0.016175  
119.472613 -0.003099  0.086204  -0.003238  0.973272  0.229632  0.003319  -0.229533  0.972181  0.046682  0.007493  -0.046196  0.998904  -0.001747  -0.011713  -0.004162  0.060295  -0.091697  0.936919  2.000000  0.999518  0.031036  0.001139  -0.031039  0.999513  0.003173  -0.001040  -0.003207  0.999994  0.999886  0.014931  0.002433  -0.014933  0.999888  0.000835  -0.002420  -0.000872  0.999997  1.000000  0.000187  0.000030  -0.000187  1.000000  0.000011  -0.000030  -0.000011  1.000000  0.999518  0.031036  0.001139  -0.031039  0.999513  0.003173  -0.001040  -0.003207  0.999994  0.000239  0.015152  
119.473619 -0.003106  0.086191  -0.003243  0.973225  0.229832  0.003329  -0.229734  0.972133  0.046682  0.007493  -0.046196  0.998904  -0.002337  -0.011952  -0.004232  0.056200  -0.089673  0.882379  2.000000  0.999495  0.031743  0.001259  -0.031747  0.999491  0.003205  -0.001157  -0.003244  0.999994  0.999903  0.013697  0.002375  -0.013699  0.999906  0.000584  -0.002367  -0.000617  0.999997  1.000000  0.000171  0.000030  -0.000171  1.000000  0.000008  -0.000030  -0.000008  1.000000  0.999495  0.031743  0.001259  -0.031747  0.999491  0.003205  -0.001157  -0.003244  0.999994  0.000226  0.013915  
119.474868 -0.003116  0.086175  -0.003250  0.973178  0.230027  0.003413  -0.229934  0.972099  0.046414  0.007359  -0.045954  0.998916  -0.003132  -0.012120  -0.004336  0.043462  -0.091601  0.826911  2.000000  0.999470  0.032537  0.001412  -0.032541  0.999465  0.003227  -0.001306  -0.003271  0.999994  0.999922  0.012252  0.002441  -0.012253  0.999925  0.000330  -0.002437  -0.000360  0.999997  1.000000  0.000153  0.000030  -0.000153  1.000000  0.000004  -0.000030  -0.000004  1.000000  0.999470  0.032537  0.001412  -0.032541  0.999465  0.003227  -0.001306  -0.003271  0.999994  0.000213  0.012498  
119.476116 -0.003129  0.086158  -0.003257  0.973132  0.230221  0.003525  -0.230135  0.972058  0.046265  0.007225  -0.045833  0.998923  -0.004130  -0.012382  -0.004452  0.034815  -0.089414  0.778637  2.000000  0.999446  0.033238  0.001563  -0.033243  0.999442  0.003222  -0.001455  -0.003272  0.999994  0.999939  0.010813  0.002372  -0.010813  0.999942  -0.000166  -0.002373  0.000141  0.999997  1.000000  0.000135  0.000030  -0.000135  1.000000  -0.000002  -0.000030  0.000002  1.000000  0.999446  0.033238  0.001563  -0.033243  0.999442  0.003222  -0.001455  -0.003272  0.999994  0.000200  0.011071  
119.477365 -0.003144  0.086139  -0.003266  0.973134  0.230210  0.003757  -0.230135  0.972067  0.046086  0.006957  -0.045712  0.998930  -0.005187  -0.012705  -0.004730  0.026013  -0.095265  0.709166  2.000000  0.999426  0.033841  0.001714  -0.033847  0.999422  0.003191  -0.001605  -0.003247  0.999993  0.999957  0.008957  0.002419  -0.008955  0.999960  -0.000545  -0.002424  0.000524  0.999997  1.000000  0.000112  0.000030  -0.000112  1.000000  -0.000007  -0.000030  0.000007  1.000000  0.999426  0.033841  0.001714  -0.033847  0.999422  0.003191  -0.001605  -0.003247  0.999993  0.000184  0.009293  
119.478614 -0.003161  0.086119  -0.003277  0.973088  0.230399  0.003971  -0.230336  0.972033  0.045787  0.006690  -0.045470  0.998943  -0.006398  -0.013105  -0.005154  0.013299  -0.106185  0.653225  2.000000  0.999408  0.034360  0.001867  -0.034365  0.999404  0.003137  -0.001758  -0.003199  0.999993  0.999965  0.007923  0.002504  -0.007920  0.999968  -0.001038  -0.002512  0.001018  0.999996  1.000000  0.000099  0.000031  -0.000099  1.000000  -0.000013  -0.000031  0.000013  1.000000  0.999408  0.034360  0.001867  -0.034365  0.999404  0.003137  -0.001758  -0.003199  0.999993  0.000171  0.008373  
119.479864 -0.003179  0.086100  -0.003288  0.973042  0.230594  0.004082  -0.230537  0.971993  0.045638  0.006556  -0.045349  0.998950  -0.007429  -0.013429  -0.005577  0.004781  -0.112361  0.606340  2.000000  0.999392  0.034815  0.002031  -0.034822  0.999389  0.003059  -0.001923  -0.003128  0.999993  0.999973  0.006883  0.002723  -0.006879  0.999976  -0.001289  -0.002732  0.001271  0.999995  1.000000  0.000086  0.000034  -0.000086  1.000000  -0.000016  -0.000034  0.000016  1.000000  0.999392  0.034815  0.002031  -0.034822  0.999389  0.003059  -0.001923  -0.003128  0.999993  0.000154  0.007512  
119.481113 -0.003198  0.086080  -0.003301  0.973042  0.230589  0.004156  -0.230537  0.972005  0.045371  0.006422  -0.045106  0.998962  -0.008597  -0.013764  -0.006117  -0.007905  -0.119514  0.549180  2.000000  0.999380  0.035144  0.002167  -0.035150  0.999378  0.002981  -0.002061  -0.003055  0.999993  0.999977  0.006267  0.002694  -0.006262  0.999979  -0.001658  -0.002704  0.001641  0.999995  1.000000  0.000078  0.000034  -0.000078  1.000000  -0.000021  -0.000034  0.000021  1.000000  0.999380  0.035144  0.002167  -0.035150  0.999378  0.002981  -0.002061  -0.003055  0.999993  0.000144  0.007018  
119.482113 -0.003215  0.086066  -0.003310  0.972996  0.230784  0.004268  -0.230737  0.971965  0.045222  0.006288  -0.044985  0.998968  -0.009558  -0.013945  -0.006535  -0.016172  -0.121661  0.516654  2.000000  0.999369  0.035439  0.002301  -0.035446  0.999367  0.002891  -0.002198  -0.002970  0.999993  0.999980  0.005644  0.002799  -0.005639  0.999983  -0.001784  -0.002809  0.001768  0.999994  1.000000  0.000071  0.000035  -0.000071  1.000000  -0.000022  -0.000035  0.000022  1.000000  0.999369  0.035439  0.002301  -0.035446  0.999367  0.002891  -0.002198  -0.002970  0.999993  0.000136  0.006545  
119.483364 -0.003235  0.086048  -0.003323  0.972997  0.230778  0.004370  -0.230738  0.971971  0.045073  0.006155  -0.044864  0.998974  -0.010695  -0.014129  -0.007044  -0.024661  -0.123923  0.468385  2.000000  0.999362  0.035635  0.002403  -0.035642  0.999361  0.002816  -0.002301  -0.002900  0.999993  0.999986  0.004616  0.002752  -0.004610  0.999987  -0.002033  -0.002761  0.002021  0.999994  1.000000  0.000000  0.000000  0.000000  1.000000  0.000000  0.000000  0.000000  1.000000  0.999362  0.035635  0.002403  -0.035642  0.999361  0.002816  -0.002301  -0.002900  0.999993  0.000123  0.000000  
119.484613 -0.003259  0.086029  -0.003337  0.972950  0.230974  0.004453  -0.230938  0.971936  0.044805  0.006021  -0.044622  0.998986  -0.011886  -0.014275  -0.007606  -0.041289  -0.125904  0.413376  2.000000  0.999362  0.035635  0.002403  -0.035642  0.999361  0.002816  -0.002301  -0.002900  0.999993  0.999989  0.003794  0.002714  -0.003788  0.999990  -0.002281  -0.002723  0.002271  0.999994  1.000000  0.000000  0.000000  0.000000  1.000000  0.000000  0.000000  0.000000  1.000000  0.999362  0.035635  0.002403  -0.035642  0.999361  0.002816  -0.002301  -0.002900  0.999993  0.000112  0.000000  
119.485617 -0.003278  0.086014  -0.003348  0.972903  0.231169  0.004564  -0.231139  0.971895  0.044656  0.005887  -0.044501  0.998992  -0.012826  -0.014446  -0.008048  -0.054226  -0.125080  0.375286  2.000000  0.999362  0.035635  0.002403  -0.035642  0.999361  0.002816  -0.002301  -0.002900  0.999993  0.999990  0.003588  0.002705  -0.003583  0.999991  -0.002162  -0.002713  0.002152  0.999994  1.000000  0.000000  0.000000  0.000000  1.000000  0.000000  0.000000  0.000000  1.000000  0.999362  0.035635  0.002403  -0.035642  0.999361  0.002816  -0.002301  -0.002900  0.999993  0.000104  0.000000  
119.486869 -0.003303  0.085995  -0.003362  0.972856  0.231363  0.004675  -0.231339  0.971855  0.044506  0.005753  -0.044379  0.998998  -0.013900  -0.014570  -0.008565  -0.062191  -0.122537  0.338037  2.000000  0.999362  0.035635  0.002403  -0.035642  0.999361  0.002816  -0.002301  -0.002900  0.999993  0.999991  0.003389  0.002561  -0.003384  0.999992  -0.002285  -0.002569  0.002276  0.999994  1.000000  0.000000  0.000000  0.000000  1.000000  0.000000  0.000000  0.000000  1.000000  0.999362  0.035635  0.002403  -0.035642  0.999361  0.002816  -0.002301  -0.002900  0.999993  0.000093  0.000000  
119.488117 -0.003327  0.085978  -0.003375  0.972810  0.231552  0.004916  -0.231540  0.971815  0.044325  0.005486  -0.044258  0.999005  -0.015118  -0.014736  -0.009070  -0.074590  -0.129862  0.303217  2.000000  0.999362  0.035635  0.002403  -0.035642  0.999361  0.002816  -0.002301  -0.002900  0.999993  0.999992  0.003184  0.002552  -0.003178  0.999992  -0.002408  -0.002559  0.002399  0.999994  1.000000  0.000000  0.000000  0.000000  1.000000  0.000000  0.000000  0.000000  1.000000  0.999362  0.035635  0.002403  -0.035642  0.999361  0.002816  -0.002301  -0.002900  0.999993  0.000086  0.000000  
119.489119 -0.003347  0.085963  -0.003385  0.972762  0.231753  0.004897  -0.231740  0.971773  0.044206  0.005486  -0.044137  0.999010  -0.015939  -0.014816  -0.009392  -0.083584  -0.129716  0.278157  2.000000  0.999362  0.035635  0.002403  -0.035642  0.999361  0.002816  -0.002301  -0.002900  0.999993  0.999992  0.002979  0.002542  -0.002973  0.999993  -0.002409  -0.002550  0.002401  0.999994  1.000000  0.000000  0.000000  0.000000  1.000000  0.000000  0.000000  0.000000  1.000000  0.999362  0.035635  0.002403  -0.035642  0.999361  0.002816  -0.002301  -0.002900  0.999993  0.000082  0.000000  
119.490121 -0.003367  0.085950  -0.003395  0.972763  0.231748  0.004999  -0.231740  0.971780  0.044057  0.005352  -0.044016  0.999016  -0.016682  -0.014810  -0.009673  -0.091941  -0.128413  0.250411  2.000000  0.999362  0.035635  0.002403  -0.035642  0.999361  0.002816  -0.002301  -0.002900  0.999993  0.999993  0.002773  0.002533  -0.002767  0.999993  -0.002532  -0.002540  0.002525  0.999994  1.000000  0.000000  0.000000  0.000000  1.000000  0.000000  0.000000  0.000000  1.000000  0.999362  0.035635  0.002403  -0.035642  0.999361  0.002816  -0.002301  -0.002900  0.999993  0.000076  0.000000  
119.491364 -0.003393  0.085932  -0.003408  0.972716  0.231943  0.005110  -0.231941  0.971738  0.043907  0.005218  -0.043895  0.999023  -0.017416  -0.014815  -0.009988  -0.096244  -0.131655  0.222603  2.000000  0.999362  0.035635  0.002403  -0.035642  0.999361  0.002816  -0.002301  -0.002900  0.999993  0.999994  0.002568  0.002524  -0.002562  0.999994  -0.002533  -0.002530  0.002527  0.999994  1.000000  0.000000  0.000000  0.000000  1.000000  0.000000  0.000000  0.000000  1.000000  0.999362  0.035635  0.002403  -0.035642  0.999361  0.002816  -0.002301  -0.002900  0.999993  0.000070  0.000000  
119.492367 -0.003413  0.085917  -0.003420  0.972668  0.232144  0.005091  -0.232141  0.971696  0.043789  0.005218  -0.043774  0.999028  -0.018042  -0.014788  -0.010311  -0.104547  -0.126208  0.202049  2.000000  0.999362  0.035635  0.002403  -0.035642  0.999361  0.002816  -0.002301  -0.002900  0.999993  0.999994  0.002568  0.002523  -0.002562  0.999994  -0.002533  -0.002530  0.002527  0.999994  1.000000  0.000000  0.000000  0.000000  1.000000  0.000000  0.000000  0.000000  1.000000  0.999362  0.035635  0.002403  -0.035642  0.999361  0.002816  -0.002301  -0.002900  0.999993  0.000068  0.000000  
119.493369 -0.003434  0.085902  -0.003432  0.972621  0.232339  0.005202  -0.232341  0.971655  0.043639  0.005084  -0.043652  0.999034  -0.018465  -0.014706  -0.010532  -0.108747  -0.125571  0.188237  2.000000  0.999362  0.035635  0.002403  -0.035642  0.999361  0.002816  -0.002301  -0.002900  0.999993  0.999994  0.002569  0.002523  -0.002562  0.999994  -0.002534  -0.002529  0.002527  0.999994  1.000000  0.000000  0.000000  0.000000  1.000000  0.000000  0.000000  0.000000  1.000000  0.999362  0.035635  0.002403  -0.035642  0.999361  0.002816  -0.002301  -0.002900  0.999993  0.000062  0.000000  
119.494613 -0.003458  0.085883  -0.003449  0.972574  0.232529  0.005415  -0.232542  0.971620  0.043340  0.004817  -0.043410  0.999046  -0.018935  -0.014686  -0.010859  -0.112977  -0.129430  0.174267  2.000000  0.999362  0.035635  0.002403  -0.035642  0.999361  0.002816  -0.002301  -0.002900  0.999993  0.999993  0.002775  0.002532  -0.002768  0.999993  -0.002533  -0.002539  0.002526  0.999994  1.000000  0.000000  0.000000  0.000000  1.000000  0.000000  0.000000  0.000000  1.000000  0.999362  0.035635  0.002403  -0.035642  0.999361  0.002816  -0.002301  -0.002900  0.999993  0.000061  0.000000  
119.495864 -0.003482  0.085865  -0.003464  0.972527  0.232724  0.005525  -0.232742  0.971579  0.043190  0.004683  -0.043289  0.999052  -0.019237  -0.014636  -0.011106  0.000000  0.000000  0.000000  2.000000  0.999362  0.035635  0.002403  -0.035642  0.999361  0.002816  -0.002301  -0.002900  0.999993  0.999993  0.002769  0.002665  -0.002762  0.999993  -0.002534  -0.002672  0.002526  0.999993  1.000000  0.000000  0.000000  0.000000  1.000000  0.000000  0.000000  0.000000  1.000000  0.999362  0.035635  0.002403  -0.035642  0.999361  0.002816  -0.002301  -0.002900  0.999993  0.000060  0.000000  
119.497113 -0.003504  0.085847  -0.003480  0.972480  0.232919  0.005636  -0.232942  0.971538  0.043039  0.004549  -0.043168  0.999057  -0.019350  -0.014635  -0.011363  0.000000  0.000000  0.000000  2.000000  0.999362  0.035635  0.002403  -0.035642  0.999361  0.002816  -0.002301  -0.002900  0.999993  0.999993  0.002770  0.002664  -0.002763  0.999993  -0.002655  -0.002672  0.002648  0.999993  1.000000  0.000000  0.000000  0.000000  1.000000  0.000000  0.000000  0.000000  1.000000  0.999362  0.035635  0.002403  -0.035642  0.999361  0.002816  -0.002301  -0.002900  0.999993  0.000000  0.000000  
119.498367 -0.003524  0.085829  -0.003496  0.972433  0.233108  0.005877  -0.233143  0.971498  0.042858  0.004282  -0.043047  0.999064  -0.019289  -0.014546  -0.011551  0.000000  0.000000  0.000000  2.000000  0.999362  0.035635  0.002403  -0.035642  0.999361  0.002816  -0.002301  -0.002900  0.999993  0.999992  0.002970  0.002806  -0.002963  0.999992  -0.002534  -0.002814  0.002526  0.999993  1.000000  0.000000  0.000000  0.000000  1.000000  0.000000  0.000000  0.000000  1.000000  0.999362  0.035635  0.002403  -0.035642  0.999361  0.002816  -0.002301  -0.002900  0.999993  0.000000  0.000000  
119.499613 -0.003543  0.085812  -0.003512  0.972386  0.233303  0.005987  -0.233343  0.971456  0.042708  0.004148  -0.042926  0.999070  -0.018985  -0.014451  -0.011672  0.000000  0.000000  0.000000  2.000000  0.999362  0.035635  0.002403  -0.035642  0.999361  0.002816  -0.002301  -0.002900  0.999993  0.999993  0.002770  0.002664  -0.002764  0.999993  -0.002535  -0.002671  0.002528  0.999993  1.000000  0.000000  0.000000  0.000000  1.000000  0.000000  0.000000  0.000000  1.000000  0.999362  0.035635  0.002403  -0.035642  0.999361  0.002816  -0.002301  -0.002900  0.999993  0.000000  0.000000  
119.500617 -0.003558  0.085799  -0.003525  0.972386  0.233298  0.006117  -0.233343  0.971457  0.042677  0.004014  -0.042926  0.999070  -0.018674  -0.014335  -0.011751  0.000000  0.000000  0.000000  2.000000  0.999362  0.035635  0.002403  -0.035642  0.999361  0.002816  -0.002301  -0.002900  0.999993  0.999993  0.002770  0.002664  -0.002764  0.999993  -0.002414  -0.002670  0.002407  0.999994  1.000000  0.000000  0.000000  0.000000  1.000000  0.000000  0.000000  0.000000  1.000000  0.999362  0.035635  0.002403  -0.035642  0.999361  0.002816  -0.002301  -0.002900  0.999993  0.000000  0.000000  
119.501619 -0.003572  0.085785  -0.003538  0.972339  0.233487  0.006357  -0.233544  0.971417  0.042495  0.003746  -0.042804  0.999076  -0.018299  -0.014230  -0.011879  0.000000  0.000000  0.000000  2.000000  0.999362  0.035635  0.002403  -0.035642  0.999361  0.002816  -0.002301  -0.002900  0.999993  0.999992  0.002976  0.002672  -0.002970  0.999993  -0.002293  -0.002679  0.002285  0.999994  1.000000  0.000000  0.000000  0.000000  1.000000  0.000000  0.000000  0.000000  1.000000  0.999362  0.035635  0.002403  -0.035642  0.999361  0.002816  -0.002301  -0.002900  0.999993  0.000000  0.000000  
119.502864 -0.003589  0.085769  -0.003554  0.972340  0.233482  0.006487  -0.233544  0.971419  0.042464  0.003613  -0.042804  0.999077  -0.017762  -0.014169  -0.012119  0.000000  0.000000  0.000000  2.000000  0.999362  0.035635  0.002403  -0.035642  0.999361  0.002816  -0.002301  -0.002900  0.999993  0.999992  0.002765  0.002797  -0.002759  0.999994  -0.002173  -0.002803  0.002165  0.999994  1.000000  0.000000  0.000000  0.000000  1.000000  0.000000  0.000000  0.000000  1.000000  0.999362  0.035635  0.002403  -0.035642  0.999361  0.002816  -0.002301  -0.002900  0.999993  0.000000  0.000000  
119.504117 -0.003605  0.085752  -0.003571  0.972292  0.233671  0.006756  -0.233744  0.971373  0.042400  0.003345  -0.042805  0.999078  -0.017175  -0.014110  -0.012367  0.000000  0.000000  0.000000  2.000000  0.999362  0.035635  0.002403  -0.035642  0.999361  0.002816  -0.002301  -0.002900  0.999993  0.999992  0.002765  0.002797  -0.002760  0.999994  -0.001931  -0.002802  0.001923  0.999994  1.000000  0.000000  0.000000  0.000000  1.000000  0.000000  0.000000  0.000000  1.000000  0.999362  0.035635  0.002403  -0.035642  0.999361  0.002816  -0.002301  -0.002900  0.999993  0.000000  0.000000  
119.505119 -0.003617  0.085738  -0.003584  0.972245  0.233865  0.006895  -0.233945  0.971326  0.042367  0.003211  -0.042805  0.999078  -0.016627  -0.014118  -0.012572  0.000000  0.000000  0.000000  2.000000  0.999362  0.035635  0.002403  -0.035642  0.999361  0.002816  -0.002301  -0.002900  0.999993  0.999992  0.002759  0.002931  -0.002754  0.999995  -0.001810  -0.002936  0.001802  0.999994  1.000000  0.000000  0.000000  0.000000  1.000000  0.000000  0.000000  0.000000  1.000000  0.999362  0.035635  0.002403  -0.035642  0.999361  0.002816  -0.002301  -0.002900  0.999993  0.000000  0.000000  
119.506128 -0.003628  0.085725  -0.003597  0.972245  0.233859  0.007025  -0.233945  0.971328  0.042336  0.003077  -0.042805  0.999079  -0.015936  -0.014018  -0.012747  0.000000  0.000000  0.000000  2.000000  0.999362  0.035635  0.002403  -0.035642  0.999361  0.002816  -0.002301  -0.002900  0.999993  0.999992  0.002759  0.002931  -0.002754  0.999995  -0.001689  -0.002935  0.001681  0.999994  1.000000  0.000000  0.000000  0.000000  1.000000  0.000000  0.000000  0.000000  1.000000  0.999362  0.035635  0.002403  -0.035642  0.999361  0.002816  -0.002301  -0.002900  0.999993  0.000000  0.000000  
119.507368 -0.003641  0.085709  -0.003612  0.972198  0.234049  0.007265  -0.234145  0.971287  0.042154  0.002810  -0.042683  0.999085  -0.015087  -0.013873  -0.012809  0.000000  0.000000  0.000000  2.000000  0.999362  0.035635  0.002403  -0.035642  0.999361  0.002816  -0.002301  -0.002900  0.999993  0.999992  0.002754  0.003064  -0.002749  0.999995  -0.001690  -0.003069  0.001682  0.999994  1.000000  0.000000  0.000000  0.000000  1.000000  0.000000  0.000000  0.000000  1.000000  0.999362  0.035635  0.002403  -0.035642  0.999361  0.002816  -0.002301  -0.002900  0.999993  0.000000  0.000000  
119.508672 -0.003653  0.085693  -0.003627  0.972198  0.234038  0.007525  -0.234145  0.971290  0.042092  0.002542  -0.042683  0.999085  -0.014140  -0.013612  -0.012715  0.000000  0.000000  0.000000  2.000000  0.999362  0.035635  0.002403  -0.035642  0.999361  0.002816  -0.002301  -0.002900  0.999993  0.999992  0.002554  0.002921  -0.002549  0.999996  -0.001570  -0.002925  0.001562  0.999995  1.000000  0.000000  0.000000  0.000000  1.000000  0.000000  0.000000  0.000000  1.000000  0.999362  0.035635  0.002403  -0.035642  0.999361  0.002816  -0.002301  -0.002900  0.999993  0.000000  0.000000  
