1-Time 2-Px 3-Py 4-Pz 5-R11 6-R21 7-R31 8-R12 9-R22 10-R32 11-R13 12-R23 13-R33 14-Vx 15-Vy 16-Vz 17-Wx 18-Wy 19-Wz 20-state 21-PR11 22-PR21 23-PR31 24-PR12 25-PR22 26-PR32 27-PR13 28-PR23 29-PR33 
23.418249 0.006143  0.092218  -0.022731  0.997841  0.048233  0.044585  -0.048519  0.998808  0.005361  -0.044273  -0.007513  0.998991  -0.000219  -0.000129  0.000412  0.000000  0.000000  0.000000  2.000000  
23.419253 0.006143  0.092218  -0.022731  0.997841  0.048233  0.044585  -0.048519  0.998808  0.005361  -0.044273  -0.007513  0.998991  -0.000210  -0.000131  0.000372  0.000000  0.000000  0.000000  2.000000  
23.420257 0.006143  0.092217  -0.022731  0.997825  0.048437  0.044719  -0.048724  0.998798  0.005346  -0.044407  -0.007513  0.998985  -0.000174  -0.000210  0.000362  0.000000  0.000000  0.000000  2.000000  
23.421501 0.006144  0.092215  -0.022731  0.997809  0.048642  0.044854  -0.048929  0.998788  0.005330  -0.044540  -0.007513  0.998979  -0.000113  -0.000308  0.000308  0.000000  0.000000  0.000000  2.000000  
23.422505 0.006144  0.092214  -0.022731  0.997787  0.048840  0.045128  -0.049134  0.998777  0.005429  -0.044808  -0.007634  0.998966  -0.000056  -0.000416  0.000265  0.000000  0.000000  0.000000  2.000000  
23.423505 0.006145  0.092212  -0.022731  0.997770  0.049045  0.045262  -0.049339  0.998767  0.005413  -0.044941  -0.007634  0.998960  0.000044  -0.000518  0.000243  0.000000  0.000000  0.000000  2.000000  
23.424513 0.006147  0.092210  -0.022731  0.997770  0.049045  0.045262  -0.049339  0.998767  0.005413  -0.044941  -0.007634  0.998960  0.000163  -0.000647  0.000190  0.000000  0.000000  0.000000  2.000000  
23.425754 0.006149  0.092208  -0.022732  0.997760  0.049250  0.045264  -0.049544  0.998757  0.005403  -0.044941  -0.007634  0.998960  0.000292  -0.000778  0.000096  0.000000  0.000000  0.000000  2.000000  
23.426755 0.006151  0.092206  -0.022732  0.997750  0.049456  0.045265  -0.049750  0.998747  0.005394  -0.044941  -0.007634  0.998960  0.000453  -0.000906  0.000070  0.000000  0.000000  0.000000  2.000000  
23.427756 0.006153  0.092204  -0.022732  0.997724  0.049866  0.045400  -0.050160  0.998727  0.005369  -0.045075  -0.007634  0.998954  0.000635  -0.000982  0.000055  0.000000  0.000000  0.000000  2.000000  
23.428756 0.006155  0.092202  -0.022731  0.997713  0.050066  0.045408  -0.050366  0.998716  0.005481  -0.045075  -0.007755  0.998954  0.000807  -0.001136  0.000037  0.000000  0.000000  0.000000  2.000000  
23.430008 0.006159  0.092200  -0.022731  0.997680  0.050475  0.045677  -0.050776  0.998695  0.005448  -0.045342  -0.007755  0.998941  0.001017  -0.001286  0.000045  0.000000  0.000000  0.000000  2.000000  
23.431013 0.006161  0.092198  -0.022731  0.997658  0.050679  0.045945  -0.050981  0.998685  0.005425  -0.045610  -0.007755  0.998929  0.001219  -0.001412  0.000046  0.000000  0.000000  0.000000  2.000000  
23.432254 0.006165  0.092195  -0.022729  0.997624  0.051088  0.046214  -0.051391  0.998664  0.005393  -0.045877  -0.007755  0.998917  0.001473  -0.001586  0.000130  0.000000  0.000000  0.000000  2.000000  
23.433260 0.006167  0.092192  -0.022727  0.997591  0.051497  0.046483  -0.051801  0.998643  0.005360  -0.046144  -0.007755  0.998905  0.001634  -0.001782  0.000247  0.000000  0.000000  0.000000  2.000000  
23.434504 0.006170  0.092188  -0.022725  0.997574  0.051702  0.046618  -0.052006  0.998632  0.005343  -0.046278  -0.007755  0.998899  0.001806  -0.002005  0.000372  0.000000  0.000000  0.000000  2.000000  
23.435509 0.006172  0.092186  -0.022724  0.997546  0.052112  0.046753  -0.052416  0.998611  0.005317  -0.046411  -0.007755  0.998892  0.001949  -0.002050  0.000469  0.000000  0.000000  0.000000  2.000000  
23.436755 0.006174  0.092181  -0.022723  0.997529  0.052316  0.046888  -0.052622  0.998600  0.005300  -0.046545  -0.007755  0.998886  0.002009  -0.002224  0.000564  0.000000  0.000000  0.000000  2.000000  
23.437756 0.006176  0.092178  -0.022722  0.997512  0.052515  0.047029  -0.052827  0.998589  0.005405  -0.046679  -0.007876  0.998879  0.002093  -0.002359  0.000597  0.000000  0.000000  0.000000  2.000000  
23.439006 0.006178  0.092173  -0.022722  0.997489  0.052719  0.047297  -0.053031  0.998578  0.005381  -0.046946  -0.007876  0.998866  0.002162  -0.002533  0.000651  0.000000  0.000000  0.000000  2.000000  
23.440014 0.006181  0.092169  -0.022721  0.997461  0.053129  0.047433  -0.053442  0.998557  0.005354  -0.047080  -0.007875  0.998860  0.002207  -0.002725  0.000722  0.000000  0.000000  0.000000  2.000000  
23.441258 0.006184  0.092163  -0.022721  0.997431  0.053331  0.047834  -0.053646  0.998546  0.005323  -0.047481  -0.007875  0.998841  0.002293  -0.002924  0.000745  0.004293  -0.109229  0.171925  2.000000  
23.442506 0.006187  0.092157  -0.022720  0.997407  0.053534  0.048102  -0.053851  0.998535  0.005299  -0.047748  -0.007875  0.998828  0.002281  -0.003148  0.000764  0.003952  -0.118285  0.178781  2.000000  
23.443506 0.006189  0.092152  -0.022720  0.997389  0.053739  0.048237  -0.054056  0.998524  0.005282  -0.047882  -0.007875  0.998822  0.002255  -0.003377  0.000791  0.003621  -0.122829  0.185649  2.000000  
23.444755 0.006191  0.092145  -0.022719  0.997365  0.053942  0.048505  -0.054260  0.998513  0.005257  -0.048149  -0.007875  0.998809  0.002198  -0.003681  0.000817  0.003278  -0.131907  0.192537  2.000000  
23.446006 0.006194  0.092138  -0.022719  0.997348  0.054141  0.048646  -0.054465  0.998501  0.005361  -0.048283  -0.007996  0.998802  0.002145  -0.003970  0.000765  0.007019  -0.136432  0.199350  2.000000  
23.447008 0.006195  0.092132  -0.022719  0.997330  0.054346  0.048780  -0.054670  0.998490  0.005344  -0.048416  -0.007996  0.998795  0.002052  -0.004241  0.000705  0.006685  -0.140978  0.206220  2.000000  
23.448011 0.006196  0.092126  -0.022717  0.997323  0.054345  0.048914  -0.054670  0.998490  0.005336  -0.048550  -0.007996  0.998789  0.001972  -0.004471  0.000680  0.006671  -0.145461  0.206166  2.000000  
23.449254 0.006198  0.092119  -0.022717  0.997306  0.054549  0.049048  -0.054875  0.998479  0.005319  -0.048683  -0.007996  0.998782  0.001916  -0.004723  0.000611  0.006338  -0.150065  0.213118  2.000000  
23.450257 0.006199  0.092112  -0.022715  0.997299  0.054548  0.049182  -0.054874  0.998479  0.005312  -0.048817  -0.007996  0.998776  0.001852  -0.004983  0.000568  0.006632  -0.150012  0.206206  2.000000  
23.451506 0.006201  0.092104  -0.022715  0.997275  0.054757  0.049443  -0.055079  0.998469  0.005166  -0.049084  -0.007875  0.998764  0.001826  -0.005236  0.000565  0.002499  -0.149990  0.206199  2.000000  
23.452756 0.006202  0.092096  -0.022713  0.997250  0.054961  0.049711  -0.055284  0.998457  0.005141  -0.049352  -0.007875  0.998750  0.001740  -0.005447  0.000581  -0.001606  -0.153249  0.204486  2.000000  
23.454018 0.006203  0.092088  -0.022711  0.997244  0.054960  0.049844  -0.055283  0.998458  0.005133  -0.049485  -0.007875  0.998744  0.001664  -0.005658  0.000669  -0.001309  -0.153181  0.197610  2.000000  
23.455255 0.006205  0.092081  -0.022709  0.997244  0.054960  0.049844  -0.055283  0.998458  0.005133  -0.049485  -0.007875  0.998744  0.001552  -0.005784  0.000787  -0.000986  -0.153230  0.190882  2.000000  
23.456260 0.006206  0.092075  -0.022708  0.997226  0.055164  0.049979  -0.055488  0.998446  0.005115  -0.049619  -0.007875  0.998737  0.001489  -0.005879  0.000844  -0.001007  -0.158886  0.192291  2.000000  
23.457510 0.006208  0.092068  -0.022706  0.997226  0.055170  0.049972  -0.055488  0.998447  0.004994  -0.049619  -0.007753  0.998738  0.001407  -0.005953  0.000934  -0.004441  -0.154271  0.178512  2.000000  
23.458756 0.006209  0.092061  -0.022704  0.997219  0.055169  0.050105  -0.055488  0.998447  0.004987  -0.049753  -0.007753  0.998731  0.001351  -0.006026  0.000998  -0.008215  -0.154257  0.171622  2.000000  
23.459759 0.006211  0.092055  -0.022703  0.997212  0.055168  0.050239  -0.055487  0.998447  0.004980  -0.049886  -0.007753  0.998725  0.001306  -0.006024  0.001104  0.000000  0.000000  0.000000  2.000000  
23.461011 0.006212  0.092047  -0.022702  0.997194  0.055379  0.050367  -0.055692  0.998436  0.004841  -0.050020  -0.007632  0.998719  0.001273  -0.006070  0.001132  0.000000  0.000000  0.000000  2.000000  
23.462014 0.006213  0.092041  -0.022702  0.997188  0.055378  0.050500  -0.055692  0.998436  0.004833  -0.050153  -0.007632  0.998712  0.001210  -0.006122  0.001094  0.000000  0.000000  0.000000  2.000000  
23.463257 0.006215  0.092032  -0.022701  0.997181  0.055377  0.050633  -0.055692  0.998436  0.004826  -0.050287  -0.007632  0.998706  0.001230  -0.006177  0.001111  0.000000  0.000000  0.000000  2.000000  
23.464258 0.006216  0.092025  -0.022701  0.997181  0.055377  0.050633  -0.055692  0.998436  0.004826  -0.050287  -0.007632  0.998706  0.001208  -0.006205  0.001051  0.000000  0.000000  0.000000  2.000000  
23.465502 0.006217  0.092017  -0.022699  0.997181  0.055383  0.050627  -0.055692  0.998437  0.004705  -0.050287  -0.007511  0.998707  0.001206  -0.006253  0.001054  0.000000  0.000000  0.000000  2.000000  
23.466513 0.006219  0.092010  -0.022698  0.997181  0.055383  0.050627  -0.055692  0.998437  0.004705  -0.050287  -0.007511  0.998707  0.001218  -0.006252  0.001107  0.000000  0.000000  0.000000  2.000000  
23.467756 0.006221  0.092002  -0.022696  0.997181  0.055383  0.050627  -0.055692  0.998437  0.004705  -0.050287  -0.007511  0.998707  0.001270  -0.006259  0.001096  0.000000  0.000000  0.000000  2.000000  
23.469003 0.006223  0.091995  -0.022695  0.997163  0.055588  0.050761  -0.055896  0.998426  0.004687  -0.050421  -0.007511  0.998700  0.001328  -0.006233  0.001089  0.000000  0.000000  0.000000  2.000000  
23.470013 0.006225  0.091988  -0.022693  0.997163  0.055588  0.050761  -0.055896  0.998426  0.004687  -0.050421  -0.007511  0.998700  0.001380  -0.006281  0.001078  0.000000  0.000000  0.000000  2.000000  
23.471257 0.006228  0.091981  -0.022692  0.997163  0.055594  0.050754  -0.055896  0.998426  0.004566  -0.050421  -0.007390  0.998701  0.001416  -0.006306  0.001060  0.000000  0.000000  0.000000  2.000000  
23.472508 0.006230  0.091973  -0.022690  0.997156  0.055593  0.050888  -0.055896  0.998426  0.004558  -0.050554  -0.007390  0.998694  0.001516  -0.006308  0.001035  0.000000  0.000000  0.000000  2.000000  
23.473758 0.006233  0.091966  -0.022689  0.997156  0.055593  0.050888  -0.055896  0.998426  0.004558  -0.050554  -0.007390  0.998694  0.001554  -0.006317  0.001009  0.000000  0.000000  0.000000  2.000000  
23.474760 0.006235  0.091961  -0.022687  0.997163  0.055594  0.050754  -0.055896  0.998426  0.004566  -0.050421  -0.007390  0.998701  0.001616  -0.006265  0.001048  0.000000  0.000000  0.000000  2.000000  
23.476015 0.006238  0.091954  -0.022685  0.997163  0.055600  0.050748  -0.055896  0.998427  0.004444  -0.050421  -0.007268  0.998702  0.001700  -0.006181  0.001145  0.000000  0.000000  0.000000  2.000000  
23.477260 0.006240  0.091948  -0.022683  0.997163  0.055600  0.050748  -0.055896  0.998427  0.004444  -0.050421  -0.007268  0.998702  0.001775  -0.006079  0.001236  0.000000  0.000000  0.000000  2.000000  
23.478507 0.006242  0.091940  -0.022681  0.997163  0.055600  0.050748  -0.055896  0.998427  0.004444  -0.050421  -0.007268  0.998702  0.001851  -0.005976  0.001327  0.000000  0.000000  0.000000  2.000000  
23.479754 0.006245  0.091933  -0.022679  0.997163  0.055600  0.050748  -0.055896  0.998427  0.004444  -0.050421  -0.007268  0.998702  0.001936  -0.005900  0.001426  0.000000  0.000000  0.000000  2.000000  
23.480756 0.006247  0.091928  -0.022678  0.997163  0.055600  0.050748  -0.055896  0.998427  0.004444  -0.050421  -0.007268  0.998702  0.001999  -0.005825  0.001417  0.000000  0.000000  0.000000  2.000000  
23.482004 0.006250  0.091921  -0.022676  0.997163  0.055606  0.050741  -0.055896  0.998427  0.004323  -0.050421  -0.007147  0.998702  0.002066  -0.005752  0.001415  0.000000  0.000000  0.000000  2.000000  
23.483020 0.006253  0.091915  -0.022675  0.997163  0.055606  0.050741  -0.055896  0.998427  0.004323  -0.050421  -0.007147  0.998702  0.002100  -0.005718  0.001385  0.000000  0.000000  0.000000  2.000000  
23.484254 0.006256  0.091908  -0.022673  0.997163  0.055600  0.050748  -0.055896  0.998427  0.004444  -0.050421  -0.007268  0.998702  0.002185  -0.005700  0.001394  0.000000  0.000000  0.000000  2.000000  
23.485505 0.006260  0.091901  -0.022671  0.997169  0.055601  0.050614  -0.055897  0.998427  0.004452  -0.050287  -0.007269  0.998708  0.002250  -0.005655  0.001441  0.000000  0.000000  0.000000  2.000000  
23.486505 0.006262  0.091895  -0.022670  0.997169  0.055601  0.050614  -0.055897  0.998427  0.004452  -0.050287  -0.007269  0.998708  0.002299  -0.005650  0.001420  0.000000  0.000000  0.000000  2.000000  
23.487506 0.006265  0.091889  -0.022669  0.997169  0.055601  0.050614  -0.055897  0.998427  0.004452  -0.050287  -0.007269  0.998708  0.002331  -0.005631  0.001447  0.000000  0.000000  0.000000  2.000000  
23.488758 0.006269  0.091882  -0.022666  0.997169  0.055601  0.050614  -0.055897  0.998427  0.004452  -0.050287  -0.007269  0.998708  0.002412  -0.005652  0.001549  0.000000  0.000000  0.000000  2.000000  
23.489763 0.006272  0.091876  -0.022664  0.997169  0.055601  0.050614  -0.055897  0.998427  0.004452  -0.050287  -0.007269  0.998708  0.002483  -0.005696  0.001546  0.000000  0.000000  0.000000  2.000000  
23.491010 0.006275  0.091869  -0.022662  0.997169  0.055601  0.050614  -0.055897  0.998427  0.004452  -0.050287  -0.007269  0.998708  0.002523  -0.005705  0.001580  0.000000  0.000000  0.000000  2.000000  
23.492010 0.006278  0.091862  -0.022660  0.997169  0.055601  0.050614  -0.055897  0.998427  0.004452  -0.050287  -0.007269  0.998708  0.002555  -0.005775  0.001598  0.000000  0.000000  0.000000  2.000000  
23.493010 0.006281  0.091857  -0.022657  0.997169  0.055601  0.050614  -0.055897  0.998427  0.004452  -0.050287  -0.007269  0.998708  0.002593  -0.005779  0.001630  0.000000  0.000000  0.000000  2.000000  
23.494021 0.006284  0.091851  -0.022655  0.997169  0.055601  0.050614  -0.055897  0.998427  0.004452  -0.050287  -0.007269  0.998708  0.002676  -0.005767  0.001679  0.000000  0.000000  0.000000  2.000000  
23.495256 0.006287  0.091844  -0.022653  0.997169  0.055601  0.050614  -0.055897  0.998427  0.004452  -0.050287  -0.007269  0.998708  0.002714  -0.005776  0.001711  0.000000  0.000000  0.000000  2.000000  
23.496257 0.006290  0.091838  -0.022651  0.997169  0.055601  0.050614  -0.055897  0.998427  0.004452  -0.050287  -0.007269  0.998708  0.002752  -0.005771  0.001776  0.000000  0.000000  0.000000  2.000000  
23.497507 0.006293  0.091831  -0.022648  0.997169  0.055601  0.050614  -0.055897  0.998427  0.004452  -0.050287  -0.007269  0.998708  0.002795  -0.005795  0.001852  0.000000  0.000000  0.000000  2.000000  
23.498752 0.006297  0.091824  -0.022645  0.997169  0.055601  0.050614  -0.055897  0.998427  0.004452  -0.050287  -0.007269  0.998708  0.002808  -0.005771  0.001911  0.000000  0.000000  0.000000  2.000000  
23.499759 0.006300  0.091818  -0.022643  0.997169  0.055601  0.050614  -0.055897  0.998427  0.004452  -0.050287  -0.007269  0.998708  0.002806  -0.005788  0.002000  0.000000  0.000000  0.000000  2.000000  
23.501004 0.006303  0.091810  -0.022640  0.997169  0.055601  0.050614  -0.055897  0.998427  0.004452  -0.050287  -0.007269  0.998708  0.002817  -0.005840  0.002057  0.000000  0.000000  0.000000  2.000000  
23.502010 0.006306  0.091804  -0.022638  0.997169  0.055595  0.050621  -0.055897  0.998426  0.004573  -0.050287  -0.007390  0.998707  0.002775  -0.005886  0.002125  0.000000  0.000000  0.000000  2.000000  
23.503255 0.006309  0.091795  -0.022635  0.997169  0.055595  0.050621  -0.055897  0.998426  0.004573  -0.050287  -0.007390  0.998707  0.002756  -0.005963  0.002118  0.000000  0.000000  0.000000  2.000000  
23.504261 0.006312  0.091788  -0.022633  0.997169  0.055595  0.050621  -0.055897  0.998426  0.004573  -0.050287  -0.007390  0.998707  0.002732  -0.006014  0.002152  0.000000  0.000000  0.000000  2.000000  
23.505503 0.006314  0.091780  -0.022631  0.997169  0.055595  0.050621  -0.055897  0.998426  0.004573  -0.050287  -0.007390  0.998707  0.002714  -0.006090  0.002145  0.000000  0.000000  0.000000  2.000000  
23.506510 0.006317  0.091773  -0.022629  0.997169  0.055595  0.050621  -0.055897  0.998426  0.004573  -0.050287  -0.007390  0.998707  0.002717  -0.006170  0.002105  0.000000  0.000000  0.000000  2.000000  
23.507760 0.006320  0.091764  -0.022627  0.997158  0.055800  0.050622  -0.056102  0.998415  0.004563  -0.050287  -0.007390  0.998707  0.002684  -0.006300  0.002091  0.000000  0.000000  0.000000  2.000000  
23.509009 0.006324  0.091755  -0.022624  0.997158  0.055800  0.050622  -0.056102  0.998415  0.004563  -0.050287  -0.007390  0.998707  0.002678  -0.006399  0.002094  0.000000  0.000000  0.000000  2.000000  
23.510013 0.006326  0.091748  -0.022622  0.997158  0.055800  0.050622  -0.056102  0.998415  0.004563  -0.050287  -0.007390  0.998707  0.002665  -0.006493  0.002137  0.000000  0.000000  0.000000  2.000000  
23.511260 0.006330  0.091739  -0.022619  0.997158  0.055800  0.050622  -0.056102  0.998415  0.004563  -0.050287  -0.007390  0.998707  0.002668  -0.006603  0.002146  0.000000  0.000000  0.000000  2.000000  
23.512504 0.006334  0.091730  -0.022616  0.997158  0.055800  0.050622  -0.056102  0.998415  0.004563  -0.050287  -0.007390  0.998707  0.002671  -0.006698  0.002108  0.000000  0.000000  0.000000  2.000000  
23.513754 0.006337  0.091721  -0.022614  0.997158  0.055800  0.050622  -0.056102  0.998415  0.004563  -0.050287  -0.007390  0.998707  0.002611  -0.006866  0.002078  0.000000  0.000000  0.000000  2.000000  
23.514777 0.006339  0.091714  -0.022612  0.997158  0.055800  0.050622  -0.056102  0.998415  0.004563  -0.050287  -0.007390  0.998707  0.002629  -0.006911  0.002092  0.000000  0.000000  0.000000  2.000000  
23.516024 0.006343  0.091705  -0.022609  0.997158  0.055800  0.050622  -0.056102  0.998415  0.004563  -0.050287  -0.007390  0.998707  0.002645  -0.007036  0.002064  0.000000  0.000000  0.000000  2.000000  
23.517256 0.006346  0.091695  -0.022607  0.997158  0.055800  0.050622  -0.056102  0.998415  0.004563  -0.050287  -0.007390  0.998707  0.002655  -0.007150  0.002032  0.000000  0.000000  0.000000  2.000000  
23.518256 0.006349  0.091687  -0.022604  0.997158  0.055800  0.050622  -0.056102  0.998415  0.004563  -0.050287  -0.007390  0.998707  0.002675  -0.007201  0.002048  0.000000  0.000000  0.000000  2.000000  
23.519506 0.006352  0.091678  -0.022602  0.997158  0.055800  0.050622  -0.056102  0.998415  0.004563  -0.050287  -0.007390  0.998707  0.002677  -0.007285  0.002011  0.000000  0.000000  0.000000  2.000000  
23.520764 0.006356  0.091668  -0.022600  0.997158  0.055800  0.050622  -0.056102  0.998415  0.004563  -0.050287  -0.007390  0.998707  0.002704  -0.007385  0.002079  0.000000  0.000000  0.000000  2.000000  
23.522003 0.006360  0.091658  -0.022596  0.997158  0.055800  0.050622  -0.056102  0.998415  0.004563  -0.050287  -0.007390  0.998707  0.002727  -0.007437  0.002100  0.000000  0.000000  0.000000  2.000000  
23.523007 0.006363  0.091651  -0.022595  0.997158  0.055800  0.050622  -0.056102  0.998415  0.004563  -0.050287  -0.007390  0.998707  0.002777  -0.007439  0.002088  0.000000  0.000000  0.000000  2.000000  
23.524017 0.006366  0.091643  -0.022592  0.997158  0.055800  0.050622  -0.056102  0.998415  0.004563  -0.050287  -0.007390  0.998707  0.002802  -0.007509  0.002106  0.000000  0.000000  0.000000  2.000000  
23.525254 0.006370  0.091633  -0.022590  0.997158  0.055800  0.050622  -0.056102  0.998415  0.004563  -0.050287  -0.007390  0.998707  0.002834  -0.007570  0.002084  0.000000  0.000000  0.000000  2.000000  
23.526256 0.006373  0.091625  -0.022588  0.997158  0.055800  0.050622  -0.056102  0.998415  0.004563  -0.050287  -0.007390  0.998707  0.002854  -0.007594  0.002057  0.000000  0.000000  0.000000  2.000000  
23.527256 0.006376  0.091618  -0.022586  0.997169  0.055595  0.050621  -0.055897  0.998426  0.004573  -0.050287  -0.007390  0.998707  0.002903  -0.007620  0.002087  0.000000  0.000000  0.000000  2.000000  
23.528261 0.006379  0.091610  -0.022583  0.997169  0.055595  0.050621  -0.055897  0.998426  0.004573  -0.050287  -0.007390  0.998707  0.002922  -0.007669  0.002103  0.000000  0.000000  0.000000  2.000000  
23.529506 0.006383  0.091600  -0.022581  0.997169  0.055595  0.050621  -0.055897  0.998426  0.004573  -0.050287  -0.007390  0.998707  0.002999  -0.007714  0.002063  0.000000  0.000000  0.000000  2.000000  
23.530506 0.006386  0.091592  -0.022579  0.997169  0.055595  0.050621  -0.055897  0.998426  0.004573  -0.050287  -0.007390  0.998707  0.002974  -0.007758  0.002050  0.000000  0.000000  0.000000  2.000000  
23.531761 0.006390  0.091582  -0.022577  0.997176  0.055596  0.050488  -0.055897  0.998426  0.004581  -0.050153  -0.007390  0.998714  0.003022  -0.007753  0.002036  0.000000  0.000000  0.000000  2.000000  
23.532763 0.006393  0.091574  -0.022574  0.997176  0.055596  0.050488  -0.055897  0.998426  0.004581  -0.050153  -0.007390  0.998714  0.003022  -0.007777  0.002084  0.000000  0.000000  0.000000  2.000000  
23.534019 0.006397  0.091565  -0.022571  0.997176  0.055596  0.050488  -0.055897  0.998426  0.004581  -0.050153  -0.007390  0.998714  0.003052  -0.007750  0.002104  0.000000  0.000000  0.000000  2.000000  
23.535256 0.006401  0.091556  -0.022568  0.997176  0.055596  0.050488  -0.055897  0.998426  0.004581  -0.050153  -0.007390  0.998714  0.003117  -0.007705  0.002144  0.000000  0.000000  0.000000  2.000000  
23.536502 0.006405  0.091547  -0.022566  0.997176  0.055596  0.050488  -0.055897  0.998426  0.004581  -0.050153  -0.007390  0.998714  0.003116  -0.007707  0.002150  0.000000  0.000000  0.000000  2.000000  
23.537505 0.006408  0.091539  -0.022564  0.997176  0.055596  0.050488  -0.055897  0.998426  0.004581  -0.050153  -0.007390  0.998714  0.003117  -0.007687  0.002104  0.000000  0.000000  0.000000  2.000000  
23.538759 0.006412  0.091531  -0.022561  0.997165  0.055801  0.050489  -0.056103  0.998415  0.004570  -0.050153  -0.007390  0.998714  0.003122  -0.007614  0.002144  0.000000  0.000000  0.000000  2.000000  
23.539762 0.006415  0.091523  -0.022559  0.997165  0.055801  0.050489  -0.056103  0.998415  0.004570  -0.050153  -0.007390  0.998714  0.003109  -0.007587  0.002140  0.000000  0.000000  0.000000  2.000000  
23.541009 0.006418  0.091514  -0.022556  0.997165  0.055801  0.050489  -0.056103  0.998415  0.004570  -0.050153  -0.007390  0.998714  0.003079  -0.007536  0.002164  0.000000  0.000000  0.000000  2.000000  
23.542258 0.006422  0.091506  -0.022553  0.997165  0.055801  0.050489  -0.056103  0.998415  0.004570  -0.050153  -0.007390  0.998714  0.003032  -0.007433  0.002168  0.000000  0.000000  0.000000  2.000000  
23.543506 0.006425  0.091497  -0.022551  0.997171  0.055802  0.050355  -0.056103  0.998414  0.004578  -0.050020  -0.007390  0.998721  0.003002  -0.007363  0.002149  0.000000  0.000000  0.000000  2.000000  
23.544507 0.006428  0.091490  -0.022549  0.997171  0.055802  0.050355  -0.056103  0.998414  0.004578  -0.050020  -0.007390  0.998721  0.003005  -0.007282  0.002189  0.000000  0.000000  0.000000  2.000000  
23.545758 0.006431  0.091482  -0.022546  0.997171  0.055802  0.050355  -0.056103  0.998414  0.004578  -0.050020  -0.007390  0.998721  0.002945  -0.007241  0.002151  0.000000  0.000000  0.000000  2.000000  
23.547009 0.006434  0.091473  -0.022544  0.997171  0.055802  0.050355  -0.056103  0.998414  0.004578  -0.050020  -0.007390  0.998721  0.002894  -0.007129  0.002154  0.000000  0.000000  0.000000  2.000000  
23.548258 0.006437  0.091465  -0.022541  0.997171  0.055802  0.050355  -0.056103  0.998414  0.004578  -0.050020  -0.007390  0.998721  0.002857  -0.007042  0.002128  0.000000  0.000000  0.000000  2.000000  
23.549262 0.006439  0.091458  -0.022539  0.997171  0.055802  0.050355  -0.056103  0.998414  0.004578  -0.050020  -0.007390  0.998721  0.002794  -0.006982  0.002080  0.000000  0.000000  0.000000  2.000000  
23.550506 0.006443  0.091450  -0.022537  0.997171  0.055802  0.050355  -0.056103  0.998414  0.004578  -0.050020  -0.007390  0.998721  0.002723  -0.006909  0.002029  0.000000  0.000000  0.000000  2.000000  
23.551754 0.006446  0.091443  -0.022535  0.997171  0.055802  0.050355  -0.056103  0.998414  0.004578  -0.050020  -0.007390  0.998721  0.002678  -0.006796  0.001996  0.000000  0.000000  0.000000  2.000000  
23.552815 0.006448  0.091436  -0.022533  0.997171  0.055802  0.050355  -0.056103  0.998414  0.004578  -0.050020  -0.007390  0.998721  0.002627  -0.006687  0.002000  0.000000  0.000000  0.000000  2.000000  
23.554021 0.006451  0.091429  -0.022531  0.997178  0.055803  0.050222  -0.056103  0.998414  0.004585  -0.049886  -0.007390  0.998728  0.002540  -0.006657  0.001895  0.000000  0.000000  0.000000  2.000000  
23.555256 0.006453  0.091421  -0.022529  0.997178  0.055803  0.050222  -0.056103  0.998414  0.004585  -0.049886  -0.007390  0.998728  0.002490  -0.006551  0.001905  0.000000  0.000000  0.000000  2.000000  
23.556262 0.006456  0.091415  -0.022527  0.997178  0.055803  0.050222  -0.056103  0.998414  0.004585  -0.049886  -0.007390  0.998728  0.002421  -0.006484  0.001853  0.000000  0.000000  0.000000  2.000000  
23.557506 0.006458  0.091408  -0.022525  0.997166  0.056009  0.050223  -0.056309  0.998403  0.004575  -0.049886  -0.007390  0.998728  0.002372  -0.006378  0.001863  0.000000  0.000000  0.000000  2.000000  
23.558507 0.006460  0.091402  -0.022524  0.997166  0.056009  0.050223  -0.056309  0.998403  0.004575  -0.049886  -0.007390  0.998728  0.002302  -0.006310  0.001811  0.000000  0.000000  0.000000  2.000000  
23.559758 0.006463  0.091395  -0.022521  0.997166  0.056009  0.050223  -0.056309  0.998403  0.004575  -0.049886  -0.007390  0.998728  0.002275  -0.006235  0.001790  0.000000  0.000000  0.000000  2.000000  
23.561007 0.006465  0.091388  -0.022520  0.997166  0.056009  0.050223  -0.056309  0.998403  0.004575  -0.049886  -0.007390  0.998728  0.002236  -0.006113  0.001712  0.000000  0.000000  0.000000  2.000000  
23.562008 0.006467  0.091383  -0.022518  0.997166  0.056009  0.050223  -0.056309  0.998403  0.004575  -0.049886  -0.007390  0.998728  0.002196  -0.006011  0.001679  0.000000  0.000000  0.000000  2.000000  
23.563009 0.006469  0.091378  -0.022517  0.997166  0.056009  0.050223  -0.056309  0.998403  0.004575  -0.049886  -0.007390  0.998728  0.002174  -0.005937  0.001611  0.000000  0.000000  0.000000  2.000000  
23.564020 0.006471  0.091372  -0.022516  0.997166  0.056009  0.050223  -0.056309  0.998403  0.004575  -0.049886  -0.007390  0.998728  0.002134  -0.005834  0.001579  0.000000  0.000000  0.000000  2.000000  
23.565255 0.006474  0.091366  -0.022515  0.997166  0.056009  0.050223  -0.056309  0.998403  0.004575  -0.049886  -0.007390  0.998728  0.002100  -0.005742  0.001554  0.000000  0.000000  0.000000  2.000000  
23.566258 0.006476  0.091360  -0.022513  0.997166  0.056009  0.050223  -0.056309  0.998403  0.004575  -0.049886  -0.007390  0.998728  0.002085  -0.005688  0.001492  0.000000  0.000000  0.000000  2.000000  
23.567504 0.006478  0.091354  -0.022512  0.997155  0.056214  0.050224  -0.056514  0.998391  0.004564  -0.049886  -0.007390  0.998728  0.002045  -0.005586  0.001458  0.000000  0.000000  0.000000  2.000000  
23.568506 0.006480  0.091349  -0.022510  0.997155  0.056214  0.050224  -0.056514  0.998391  0.004564  -0.049886  -0.007390  0.998728  0.002049  -0.005487  0.001456  0.000000  0.000000  0.000000  2.000000  
23.569778 0.006482  0.091343  -0.022509  0.997155  0.056214  0.050224  -0.056514  0.998391  0.004564  -0.049886  -0.007390  0.998728  0.001995  -0.005434  0.001371  0.000000  0.000000  0.000000  2.000000  
23.571010 0.006485  0.091337  -0.022508  0.997155  0.056214  0.050224  -0.056514  0.998391  0.004564  -0.049886  -0.007390  0.998728  0.001964  -0.005350  0.001350  0.000000  0.000000  0.000000  2.000000  
23.572255 0.006487  0.091330  -0.022507  0.997161  0.056215  0.050090  -0.056514  0.998391  0.004572  -0.049753  -0.007390  0.998734  0.001914  -0.005304  0.001268  0.000000  0.000000  0.000000  2.000000  
23.573266 0.006488  0.091326  -0.022506  0.997150  0.056427  0.050084  -0.056720  0.998380  0.004441  -0.049753  -0.007269  0.998735  0.001917  -0.005190  0.001212  0.000000  0.000000  0.000000  2.000000  
23.574512 0.006490  0.091319  -0.022505  0.997150  0.056427  0.050084  -0.056720  0.998380  0.004441  -0.049753  -0.007269  0.998735  0.001867  -0.005145  0.001129  0.000000  0.000000  0.000000  2.000000  
23.575757 0.006493  0.091314  -0.022503  0.997150  0.056427  0.050084  -0.056720  0.998380  0.004441  -0.049753  -0.007269  0.998735  0.001869  -0.005044  0.001124  0.000000  0.000000  0.000000  2.000000  
23.577004 0.006495  0.091308  -0.022503  0.997150  0.056427  0.050084  -0.056720  0.998380  0.004441  -0.049753  -0.007269  0.998735  0.001827  -0.005015  0.001056  0.000000  0.000000  0.000000  2.000000  
23.578018 0.006496  0.091303  -0.022502  0.997138  0.056632  0.050085  -0.056925  0.998369  0.004430  -0.049753  -0.007269  0.998735  0.001797  -0.004943  0.001024  0.000000  0.000000  0.000000  2.000000  
23.579255 0.006498  0.091297  -0.022501  0.997138  0.056632  0.050085  -0.056925  0.998369  0.004430  -0.049753  -0.007269  0.998735  0.001779  -0.004896  0.001009  0.000000  0.000000  0.000000  2.000000  
23.580256 0.006500  0.091293  -0.022500  0.997138  0.056632  0.050085  -0.056925  0.998369  0.004430  -0.049753  -0.007269  0.998735  0.001769  -0.004848  0.000953  0.000000  0.000000  0.000000  2.000000  
23.581508 0.006502  0.091287  -0.022499  0.997138  0.056632  0.050085  -0.056925  0.998369  0.004430  -0.049753  -0.007269  0.998735  0.001717  -0.004824  0.000918  0.000000  0.000000  0.000000  2.000000  
23.582757 0.006504  0.091281  -0.022499  0.997126  0.056832  0.050093  -0.057130  0.998356  0.004541  -0.049753  -0.007390  0.998734  0.001677  -0.004780  0.000794  0.000000  0.000000  0.000000  2.000000  
23.584018 0.006506  0.091275  -0.022498  0.997126  0.056832  0.050093  -0.057130  0.998356  0.004541  -0.049753  -0.007390  0.998734  0.001633  -0.004776  0.000766  0.000000  0.000000  0.000000  2.000000  
23.585256 0.006507  0.091270  -0.022497  0.997126  0.056832  0.050093  -0.057130  0.998356  0.004541  -0.049753  -0.007390  0.998734  0.001617  -0.004727  0.000762  0.000000  0.000000  0.000000  2.000000  
23.586507 0.006509  0.091264  -0.022497  0.997115  0.057037  0.050094  -0.057335  0.998345  0.004531  -0.049753  -0.007390  0.998734  0.001563  -0.004682  0.000667  0.000000  0.000000  0.000000  2.000000  
23.587508 0.006510  0.091259  -0.022497  0.997115  0.057037  0.050094  -0.057335  0.998345  0.004531  -0.049753  -0.007390  0.998734  0.001554  -0.004658  0.000659  0.000000  0.000000  0.000000  2.000000  
23.588755 0.006512  0.091253  -0.022496  0.997115  0.057037  0.050094  -0.057335  0.998345  0.004531  -0.049753  -0.007390  0.998734  0.001476  -0.004658  0.000618  0.000000  0.000000  0.000000  2.000000  
23.589771 0.006513  0.091249  -0.022496  0.997103  0.057243  0.050095  -0.057541  0.998333  0.004520  -0.049753  -0.007390  0.998734  0.001460  -0.004632  0.000596  0.000000  0.000000  0.000000  2.000000  
23.591010 0.006514  0.091243  -0.022495  0.997103  0.057243  0.050095  -0.057541  0.998333  0.004520  -0.049753  -0.007390  0.998734  0.001387  -0.004661  0.000550  0.000000  0.000000  0.000000  2.000000  
23.592257 0.006516  0.091237  -0.022495  0.997103  0.057243  0.050095  -0.057541  0.998333  0.004520  -0.049753  -0.007390  0.998734  0.001358  -0.004586  0.000526  0.000000  0.000000  0.000000  2.000000  
23.593258 0.006517  0.091232  -0.022494  0.997103  0.057243  0.050095  -0.057541  0.998333  0.004520  -0.049753  -0.007390  0.998734  0.001295  -0.004638  0.000487  0.000000  0.000000  0.000000  2.000000  
23.594258 0.006518  0.091228  -0.022494  0.997091  0.057448  0.050096  -0.057746  0.998321  0.004510  -0.049753  -0.007390  0.998734  0.001285  -0.004613  0.000479  0.000000  0.000000  0.000000  2.000000  
23.595258 0.006519  0.091223  -0.022494  0.997091  0.057448  0.050096  -0.057746  0.998321  0.004510  -0.049753  -0.007390  0.998734  0.001221  -0.004642  0.000392  0.000000  0.000000  0.000000  2.000000  
23.596508 0.006519  0.091217  -0.022494  0.997091  0.057448  0.050096  -0.057746  0.998321  0.004510  -0.049753  -0.007390  0.998734  0.001138  -0.004667  0.000385  0.000000  0.000000  0.000000  2.000000  
23.597753 0.006521  0.091211  -0.022494  0.997079  0.057654  0.050097  -0.057951  0.998309  0.004500  -0.049753  -0.007390  0.998734  0.001118  -0.004670  0.000337  0.000000  0.000000  0.000000  2.000000  
23.599008 0.006521  0.091205  -0.022494  0.997079  0.057654  0.050097  -0.057951  0.998309  0.004500  -0.049753  -0.007390  0.998734  0.001036  -0.004673  0.000283  0.000000  0.000000  0.000000  2.000000  
23.600010 0.006522  0.091200  -0.022493  0.997079  0.057654  0.050097  -0.057951  0.998309  0.004500  -0.049753  -0.007390  0.998734  0.000982  -0.004696  0.000284  0.000000  0.000000  0.000000  2.000000  
23.601257 0.006522  0.091194  -0.022493  0.997079  0.057654  0.050097  -0.057951  0.998309  0.004500  -0.049753  -0.007390  0.998734  0.000899  -0.004722  0.000277  0.000000  0.000000  0.000000  2.000000  
23.602507 0.006523  0.091188  -0.022493  0.997067  0.057859  0.050098  -0.058156  0.998297  0.004490  -0.049753  -0.007390  0.998734  0.000810  -0.004771  0.000231  0.000000  0.000000  0.000000  2.000000  
23.603755 0.006523  0.091182  -0.022493  0.997067  0.057859  0.050098  -0.058156  0.998297  0.004490  -0.049753  -0.007390  0.998734  0.000769  -0.004771  0.000205  0.000000  0.000000  0.000000  2.000000  
23.604757 0.006523  0.091177  -0.022493  0.997067  0.057859  0.050098  -0.058156  0.998297  0.004490  -0.049753  -0.007390  0.998734  0.000687  -0.004800  0.000198  0.000000  0.000000  0.000000  2.000000  
23.605765 0.006523  0.091172  -0.022493  0.997067  0.057859  0.050098  -0.058156  0.998297  0.004490  -0.049753  -0.007390  0.998734  0.000627  -0.004799  0.000150  0.000000  0.000000  0.000000  2.000000  
23.607009 0.006524  0.091166  -0.022492  0.997055  0.058065  0.050099  -0.058362  0.998285  0.004479  -0.049753  -0.007390  0.998734  0.000554  -0.004851  0.000151  0.000000  0.000000  0.000000  2.000000  
23.608013 0.006524  0.091161  -0.022493  0.997062  0.058066  0.049965  -0.058362  0.998285  0.004487  -0.049619  -0.007390  0.998741  0.000512  -0.004851  0.000124  0.000000  0.000000  0.000000  2.000000  
23.609257 0.006524  0.091154  -0.022492  0.997062  0.058066  0.049965  -0.058362  0.998285  0.004487  -0.049619  -0.007390  0.998741  0.000420  -0.004897  0.000120  0.000000  0.000000  0.000000  2.000000  
23.610259 0.006524  0.091150  -0.022492  0.997062  0.058066  0.049965  -0.058362  0.998285  0.004487  -0.049619  -0.007390  0.998741  0.000397  -0.004903  0.000098  0.000000  0.000000  0.000000  2.000000  
23.611506 0.006524  0.091143  -0.022492  0.997050  0.058271  0.049966  -0.058567  0.998273  0.004477  -0.049619  -0.007390  0.998741  0.000328  -0.004897  0.000105  0.000000  0.000000  0.000000  2.000000  
23.612755 0.006525  0.091137  -0.022491  0.997050  0.058271  0.049966  -0.058567  0.998273  0.004477  -0.049619  -0.007390  0.998741  0.000284  -0.004898  0.000163  0.000000  0.000000  0.000000  2.000000  
23.613756 0.006525  0.091133  -0.022491  0.997056  0.058272  0.049833  -0.058568  0.998273  0.004485  -0.049485  -0.007390  0.998748  0.000242  -0.004923  0.000184  0.000000  0.000000  0.000000  2.000000  
23.615011 0.006525  0.091126  -0.022491  0.997044  0.058478  0.049834  -0.058773  0.998261  0.004474  -0.049485  -0.007390  0.998748  0.000191  -0.004921  0.000197  0.000000  0.000000  0.000000  2.000000  
23.616012 0.006525  0.091122  -0.022491  0.997044  0.058478  0.049834  -0.058773  0.998261  0.004474  -0.049485  -0.007390  0.998748  0.000149  -0.004921  0.000169  0.000000  0.000000  0.000000  2.000000  
23.617255 0.006525  0.091116  -0.022490  0.997044  0.058478  0.049834  -0.058773  0.998261  0.004474  -0.049485  -0.007390  0.998748  0.000161  -0.004869  0.000221  0.000000  0.000000  0.000000  2.000000  
23.618255 0.006525  0.091111  -0.022490  0.997051  0.058479  0.049700  -0.058773  0.998261  0.004482  -0.049352  -0.007390  0.998754  0.000146  -0.004864  0.000214  0.000000  0.000000  0.000000  2.000000  
23.619508 0.006525  0.091105  -0.022489  0.997039  0.058684  0.049701  -0.058979  0.998249  0.004472  -0.049352  -0.007390  0.998754  0.000141  -0.004842  0.000254  0.000000  0.000000  0.000000  2.000000  
23.620760 0.006526  0.091100  -0.022488  0.997039  0.058684  0.049701  -0.058979  0.998249  0.004472  -0.049352  -0.007390  0.998754  0.000148  -0.004811  0.000305  0.000000  0.000000  0.000000  2.000000  
23.622010 0.006526  0.091094  -0.022488  0.997033  0.058891  0.049569  -0.059184  0.998237  0.004470  -0.049218  -0.007390  0.998761  0.000133  -0.004736  0.000289  0.000000  0.000000  0.000000  2.000000  
23.623014 0.006527  0.091090  -0.022487  0.997033  0.058891  0.049569  -0.059184  0.998237  0.004470  -0.049218  -0.007390  0.998761  0.000187  -0.004681  0.000368  0.000000  0.000000  0.000000  2.000000  
23.624019 0.006527  0.091086  -0.022487  0.997040  0.058892  0.049435  -0.059185  0.998237  0.004478  -0.049084  -0.007390  0.998767  0.000208  -0.004629  0.000379  0.000000  0.000000  0.000000  2.000000  
23.625257 0.006528  0.091081  -0.022486  0.997027  0.059097  0.049436  -0.059390  0.998225  0.004467  -0.049084  -0.007390  0.998767  0.000236  -0.004553  0.000440  0.000000  0.000000  0.000000  2.000000  
23.626507 0.006529  0.091076  -0.022485  0.997034  0.059098  0.049303  -0.059390  0.998225  0.004475  -0.048951  -0.007390  0.998774  0.000274  -0.004502  0.000462  0.000000  0.000000  0.000000  2.000000  
23.627755 0.006530  0.091071  -0.022484  0.997034  0.059098  0.049303  -0.059390  0.998225  0.004475  -0.048951  -0.007390  0.998774  0.000359  -0.004400  0.000513  0.000000  0.000000  0.000000  2.000000  
23.628757 0.006531  0.091068  -0.022483  0.997028  0.059305  0.049170  -0.059596  0.998213  0.004473  -0.048817  -0.007390  0.998780  0.000413  -0.004326  0.000544  0.000000  0.000000  0.000000  2.000000  
23.629760 0.006532  0.091064  -0.022482  0.997028  0.059305  0.049170  -0.059596  0.998213  0.004473  -0.048817  -0.007390  0.998780  0.000498  -0.004219  0.000594  0.000000  0.000000  0.000000  2.000000  
23.631003 0.006533  0.091060  -0.022481  0.997022  0.059511  0.049038  -0.059802  0.998200  0.004471  -0.048683  -0.007390  0.998787  0.000562  -0.004125  0.000631  0.000000  0.000000  0.000000  2.000000  
23.632003 0.006534  0.091057  -0.022480  0.997022  0.059511  0.049038  -0.059802  0.998200  0.004471  -0.048683  -0.007390  0.998787  0.000637  -0.003997  0.000672  0.000000  0.000000  0.000000  2.000000  
23.633006 0.006536  0.091053  -0.022479  0.997029  0.059512  0.048904  -0.059802  0.998200  0.004479  -0.048550  -0.007390  0.998793  0.000699  -0.003948  0.000711  0.000000  0.000000  0.000000  2.000000  
23.634021 0.006537  0.091050  -0.022478  0.997017  0.059718  0.048905  -0.060007  0.998188  0.004469  -0.048550  -0.007390  0.998793  0.000797  -0.003802  0.000767  0.000000  0.000000  0.000000  2.000000  
23.635258 0.006539  0.091047  -0.022477  0.997023  0.059719  0.048772  -0.060008  0.998188  0.004477  -0.048416  -0.007390  0.998800  0.000905  -0.003650  0.000829  0.000000  0.000000  0.000000  2.000000  
23.636503 0.006541  0.091044  -0.022476  0.997017  0.059925  0.048639  -0.060213  0.998175  0.004475  -0.048283  -0.007390  0.998806  0.000982  -0.003501  0.000823  0.000000  0.000000  0.000000  2.000000  
23.637506 0.006542  0.091041  -0.022475  0.997024  0.059932  0.048499  -0.060214  0.998176  0.004362  -0.048149  -0.007269  0.998814  0.001068  -0.003390  0.000875  0.000000  0.000000  0.000000  2.000000  
