1-Time 2-Px 3-Py 4-Pz 5-R11 6-R21 7-R31 8-R12 9-R22 10-R32 11-R13 12-R23 13-R33 14-Vx 15-Vy 16-Vz 17-Wx 18-Wy 19-Wz 20-state 21-PR11 22-PR21 23-PR31 24-PR12 25-PR22 26-PR32 27-PR13 28-PR23 29-PR33 
170.667784 0.000192  0.089376  -0.002114  0.999590  0.018576  -0.021767  -0.019141  0.999478  -0.026028  0.021272  0.026434  0.999424  0.000033  0.000414  0.000066  0.000000  0.000000  0.000000  2.000000  
170.668945 0.000192  0.089376  -0.002113  0.999590  0.018576  -0.021767  -0.019141  0.999478  -0.026028  0.021272  0.026434  0.999424  -0.000005  0.000372  0.000090  0.000000  0.000000  0.000000  2.000000  
170.670194 0.000191  0.089373  -0.002114  0.999587  0.018782  -0.021773  -0.019346  0.999474  -0.026023  0.021272  0.026434  0.999424  -0.000087  0.000173  0.000022  0.000000  0.000000  0.000000  2.000000  
170.671198 0.000190  0.089371  -0.002115  0.999584  0.018778  -0.021906  -0.019346  0.999474  -0.026021  0.021406  0.026434  0.999421  -0.000151  0.000004  0.000006  0.000000  0.000000  0.000000  2.000000  
170.672454 0.000189  0.089368  -0.002115  0.999584  0.018778  -0.021906  -0.019346  0.999474  -0.026021  0.021406  0.026434  0.999421  -0.000206  -0.000210  0.000011  0.000000  0.000000  0.000000  2.000000  
170.673698 0.000188  0.089365  -0.002115  0.999580  0.018981  -0.021914  -0.019552  0.999467  -0.026137  0.021406  0.026555  0.999418  -0.000262  -0.000461  -0.000068  0.000000  0.000000  0.000000  2.000000  
170.674698 0.000187  0.089363  -0.002116  0.999577  0.018978  -0.022048  -0.019552  0.999467  -0.026135  0.021540  0.026555  0.999415  -0.000321  -0.000651  -0.000073  0.000000  0.000000  0.000000  2.000000  
170.675698 0.000187  0.089360  -0.002116  0.999573  0.019183  -0.022053  -0.019758  0.999463  -0.026130  0.021540  0.026555  0.999415  -0.000360  -0.000871  -0.000100  0.000000  0.000000  0.000000  2.000000  
170.676947 0.000186  0.089357  -0.002117  0.999573  0.019183  -0.022053  -0.019758  0.999463  -0.026130  0.021540  0.026555  0.999415  -0.000416  -0.001119  -0.000178  0.000000  0.000000  0.000000  2.000000  
170.677948 0.000185  0.089354  -0.002119  0.999566  0.019383  -0.022194  -0.019963  0.999456  -0.026244  0.021674  0.026676  0.999409  -0.000465  -0.001348  -0.000299  0.000000  0.000000  0.000000  2.000000  
170.679198 0.000184  0.089351  -0.002121  0.999559  0.019585  -0.022334  -0.020169  0.999452  -0.026237  0.021807  0.026676  0.999406  -0.000564  -0.001576  -0.000418  0.000000  0.000000  0.000000  2.000000  
170.680444 0.000182  0.089348  -0.002123  0.999559  0.019585  -0.022334  -0.020169  0.999452  -0.026237  0.021807  0.026676  0.999406  -0.000706  -0.001841  -0.000652  0.000000  0.000000  0.000000  2.000000  
170.681448 0.000179  0.089344  -0.002125  0.999552  0.019785  -0.022475  -0.020375  0.999445  -0.026351  0.021941  0.026797  0.999400  -0.000850  -0.002091  -0.000759  0.000000  0.000000  0.000000  2.000000  
170.682514 0.000177  0.089341  -0.002127  0.999552  0.019785  -0.022475  -0.020375  0.999445  -0.026351  0.021941  0.026797  0.999400  -0.001013  -0.002374  -0.000919  0.000000  0.000000  0.000000  2.000000  
170.683698 0.000173  0.089334  -0.002130  0.999547  0.019988  -0.022483  -0.020581  0.999438  -0.026467  0.021941  0.026918  0.999397  -0.001270  -0.002803  -0.001165  0.000000  0.000000  0.000000  2.000000  
170.684943 0.000169  0.089327  -0.002133  0.999543  0.020193  -0.022488  -0.020786  0.999434  -0.026463  0.021941  0.026918  0.999397  -0.001490  -0.003100  -0.001278  0.000000  0.000000  0.000000  2.000000  
170.685945 0.000165  0.089322  -0.002134  0.999539  0.020396  -0.022496  -0.020992  0.999426  -0.026579  0.021941  0.027039  0.999394  -0.001667  -0.003317  -0.001320  0.000000  0.000000  0.000000  2.000000  
170.687199 0.000161  0.089316  -0.002135  0.999536  0.020393  -0.022630  -0.020992  0.999426  -0.026577  0.022075  0.027039  0.999391  -0.001899  -0.003537  -0.001383  0.000000  0.000000  0.000000  2.000000  
170.688202 0.000157  0.089310  -0.002136  0.999532  0.020596  -0.022638  -0.021198  0.999419  -0.026693  0.022075  0.027161  0.999387  -0.002121  -0.003776  -0.001423  0.000000  0.000000  0.000000  2.000000  
170.689451 0.000153  0.089303  -0.002137  0.999524  0.020798  -0.022777  -0.021404  0.999415  -0.026686  0.022209  0.027160  0.999384  -0.002317  -0.004065  -0.001474  0.000000  0.000000  0.000000  2.000000  
170.690460 0.000150  0.089297  -0.002138  0.999524  0.020795  -0.022780  -0.021404  0.999411  -0.026807  0.022209  0.027282  0.999381  -0.002508  -0.004277  -0.001494  0.000000  0.000000  0.000000  2.000000  
170.691698 0.000146  0.089290  -0.002140  0.999517  0.020997  -0.022919  -0.021609  0.999407  -0.026799  0.022343  0.027282  0.999378  -0.002706  -0.004571  -0.001546  0.000000  0.000000  0.000000  2.000000  
170.692948 0.000142  0.089283  -0.002141  0.999512  0.021200  -0.022927  -0.021815  0.999400  -0.026916  0.022343  0.027403  0.999375  -0.002874  -0.004779  -0.001505  0.000000  0.000000  0.000000  2.000000  
170.694197 0.000138  0.089276  -0.002143  0.999508  0.021403  -0.022935  -0.022021  0.999392  -0.027032  0.022343  0.027524  0.999371  -0.003013  -0.005007  -0.001520  0.000000  0.000000  0.000000  2.000000  
170.695198 0.000135  0.089270  -0.002145  0.999508  0.021403  -0.022935  -0.022021  0.999392  -0.027032  0.022343  0.027524  0.999371  -0.003163  -0.005270  -0.001454  0.000000  0.000000  0.000000  2.000000  
170.696445 0.000130  0.089262  -0.002147  0.999503  0.021606  -0.022943  -0.022227  0.999384  -0.027149  0.022343  0.027645  0.999368  -0.003268  -0.005467  -0.001451  0.000000  0.000000  0.000000  2.000000  
170.697700 0.000125  0.089253  -0.002149  0.999499  0.021809  -0.022951  -0.022432  0.999376  -0.027265  0.022343  0.027767  0.999365  -0.003460  -0.005739  -0.001413  0.000000  0.000000  0.000000  2.000000  
170.698700 0.000121  0.089247  -0.002150  0.999499  0.021809  -0.022951  -0.022432  0.999376  -0.027265  0.022343  0.027767  0.999365  -0.003499  -0.005826  -0.001337  0.000000  0.000000  0.000000  2.000000  
170.699949 0.000115  0.089239  -0.002153  0.999502  0.021810  -0.022820  -0.022433  0.999373  -0.027390  0.022209  0.027888  0.999364  -0.003568  -0.005938  -0.001279  0.000000  0.000000  0.000000  2.000000  
170.701196 0.000110  0.089230  -0.002154  0.999497  0.022013  -0.022829  -0.022638  0.999365  -0.027506  0.022209  0.028009  0.999361  -0.003634  -0.006065  -0.001349  0.000000  0.000000  0.000000  2.000000  
170.702446 0.000104  0.089222  -0.002156  0.999492  0.022219  -0.022834  -0.022844  0.999361  -0.027501  0.022209  0.028009  0.999361  -0.003732  -0.006208  -0.001400  0.000000  0.000000  0.000000  2.000000  
170.703448 0.000101  0.089215  -0.002158  0.999492  0.022216  -0.022837  -0.022844  0.999357  -0.027623  0.022209  0.028130  0.999358  -0.003725  -0.006241  -0.001427  0.000000  0.000000  0.000000  2.000000  
170.704454 0.000096  0.089208  -0.002160  0.999492  0.022216  -0.022837  -0.022844  0.999357  -0.027623  0.022209  0.028130  0.999358  -0.003782  -0.006345  -0.001538  0.000000  0.000000  0.000000  2.000000  
170.705455 0.000092  0.089201  -0.002162  0.999488  0.022419  -0.022845  -0.023050  0.999349  -0.027739  0.022209  0.028251  0.999354  -0.003830  -0.006390  -0.001569  0.000000  0.000000  0.000000  2.000000  
170.706463 0.000088  0.089195  -0.002164  0.999488  0.022419  -0.022845  -0.023050  0.999349  -0.027739  0.022209  0.028251  0.999354  -0.003909  -0.006420  -0.001625  0.000000  0.000000  0.000000  2.000000  
170.707698 0.000083  0.089187  -0.002166  0.999483  0.022622  -0.022854  -0.023256  0.999341  -0.027856  0.022209  0.028373  0.999351  -0.004000  -0.006526  -0.001675  0.000000  0.000000  0.000000  2.000000  
170.708946 0.000078  0.089178  -0.002167  0.999483  0.022622  -0.022854  -0.023256  0.999341  -0.027856  0.022209  0.028373  0.999351  -0.004093  -0.006603  -0.001648  0.000000  0.000000  0.000000  2.000000  
170.709947 0.000074  0.089172  -0.002169  0.999478  0.022825  -0.022862  -0.023461  0.999333  -0.027972  0.022209  0.028494  0.999347  -0.004160  -0.006671  -0.001644  0.000000  0.000000  0.000000  2.000000  
170.710947 0.000068  0.089164  -0.002171  0.999478  0.022825  -0.022862  -0.023461  0.999333  -0.027972  0.022209  0.028494  0.999347  -0.004258  -0.006765  -0.001660  0.000000  0.000000  0.000000  2.000000  
170.712198 0.000062  0.089155  -0.002174  0.999478  0.022822  -0.022865  -0.023461  0.999330  -0.028093  0.022209  0.028615  0.999344  -0.004349  -0.006808  -0.001719  0.000000  0.000000  0.000000  2.000000  
170.713448 0.000056  0.089146  -0.002177  0.999473  0.023025  -0.022874  -0.023667  0.999322  -0.028210  0.022209  0.028736  0.999340  -0.004428  -0.006851  -0.001778  0.000000  0.000000  0.000000  2.000000  
170.714695 0.000049  0.089137  -0.002181  0.999476  0.023026  -0.022743  -0.023667  0.999318  -0.028334  0.022075  0.028858  0.999340  -0.004530  -0.006902  -0.001932  0.000000  0.000000  0.000000  2.000000  
170.715949 0.000042  0.089128  -0.002185  0.999471  0.023232  -0.022749  -0.023873  0.999314  -0.028330  0.022075  0.028858  0.999340  -0.004613  -0.006914  -0.002086  0.000000  0.000000  0.000000  2.000000  
170.717194 0.000035  0.089120  -0.002190  0.999471  0.023229  -0.022752  -0.023873  0.999310  -0.028451  0.022075  0.028979  0.999336  -0.004706  -0.006914  -0.002251  0.000000  0.000000  0.000000  2.000000  
170.718195 0.000030  0.089113  -0.002193  0.999466  0.023435  -0.022757  -0.024079  0.999305  -0.028446  0.022075  0.028979  0.999336  -0.004806  -0.006920  -0.002375  0.000000  0.000000  0.000000  2.000000  
170.719197 0.000024  0.089106  -0.002197  0.999466  0.023435  -0.022757  -0.024079  0.999305  -0.028446  0.022075  0.028979  0.999336  -0.004900  -0.006894  -0.002544  0.000000  0.000000  0.000000  2.000000  
170.720444 0.000017  0.089098  -0.002202  0.999463  0.023428  -0.022894  -0.024079  0.999302  -0.028564  0.022209  0.029100  0.999330  -0.005013  -0.006864  -0.002688  0.000000  0.000000  0.000000  2.000000  
170.721453 0.000012  0.089091  -0.002205  0.999458  0.023634  -0.022900  -0.024284  0.999297  -0.028559  0.022209  0.029100  0.999330  -0.005104  -0.006898  -0.002797  0.000000  0.000000  0.000000  2.000000  
170.722463 0.000006  0.089085  -0.002209  0.999458  0.023634  -0.022900  -0.024284  0.999297  -0.028559  0.022209  0.029100  0.999330  -0.005252  -0.006889  -0.002923  0.000000  0.000000  0.000000  2.000000  
170.723697 -0.000002  0.089076  -0.002213  0.999453  0.023840  -0.022906  -0.024490  0.999292  -0.028555  0.022209  0.029100  0.999330  -0.005431  -0.006911  -0.003108  0.000000  0.000000  0.000000  2.000000  
170.724698 -0.000008  0.089069  -0.002217  0.999453  0.023837  -0.022909  -0.024490  0.999289  -0.028676  0.022209  0.029221  0.999326  -0.005567  -0.006925  -0.003261  0.000000  0.000000  0.000000  2.000000  
170.725948 -0.000017  0.089060  -0.002222  0.999453  0.023837  -0.022909  -0.024490  0.999289  -0.028676  0.022209  0.029221  0.999326  -0.005705  -0.006940  -0.003414  0.000000  0.000000  0.000000  2.000000  
170.727197 -0.000025  0.089051  -0.002227  0.999448  0.024040  -0.022917  -0.024696  0.999280  -0.028792  0.022209  0.029342  0.999323  -0.005821  -0.006956  -0.003543  0.000000  0.000000  0.000000  2.000000  
170.728461 -0.000034  0.089042  -0.002232  0.999448  0.024040  -0.022917  -0.024696  0.999280  -0.028792  0.022209  0.029342  0.999323  -0.005954  -0.006928  -0.003663  0.000000  0.000000  0.000000  2.000000  
170.729697 -0.000042  0.089033  -0.002238  0.999448  0.024037  -0.022920  -0.024696  0.999277  -0.028914  0.022209  0.029464  0.999319  -0.006064  -0.006921  -0.003799  0.000000  0.000000  0.000000  2.000000  
170.730949 -0.000051  0.089024  -0.002243  0.999443  0.024243  -0.022926  -0.024902  0.999272  -0.028909  0.022209  0.029464  0.999319  -0.006184  -0.006947  -0.003846  0.000000  0.000000  0.000000  2.000000  
170.732194 -0.000060  0.089016  -0.002248  0.999443  0.024243  -0.022926  -0.024902  0.999272  -0.028909  0.022209  0.029464  0.999319  -0.006358  -0.006932  -0.003947  0.000000  0.000000  0.000000  2.000000  
170.733195 -0.000066  0.089009  -0.002253  0.999443  0.024243  -0.022926  -0.024902  0.999272  -0.028909  0.022209  0.029464  0.999319  -0.006407  -0.006916  -0.003986  0.000000  0.000000  0.000000  2.000000  
170.734195 -0.000074  0.089003  -0.002257  0.999443  0.024243  -0.022926  -0.024902  0.999272  -0.028909  0.022209  0.029464  0.999319  -0.006509  -0.006912  -0.003982  0.000000  0.000000  0.000000  2.000000  
170.735200 -0.000080  0.088997  -0.002261  0.999443  0.024243  -0.022926  -0.024902  0.999272  -0.028909  0.022209  0.029464  0.999319  -0.006594  -0.006878  -0.004018  0.000000  0.000000  0.000000  2.000000  
170.736450 -0.000089  0.088988  -0.002267  0.999443  0.024243  -0.022926  -0.024902  0.999272  -0.028909  0.022209  0.029464  0.999319  -0.006733  -0.006870  -0.004087  0.000000  0.000000  0.000000  2.000000  
170.737457 -0.000097  0.088982  -0.002271  0.999438  0.024448  -0.022932  -0.025107  0.999267  -0.028904  0.022209  0.029464  0.999319  -0.006845  -0.006877  -0.004176  0.000000  0.000000  0.000000  2.000000  
170.738465 -0.000104  0.088975  -0.002276  0.999441  0.024452  -0.022799  -0.025108  0.999267  -0.028907  0.022075  0.029464  0.999322  -0.006946  -0.006864  -0.004263  0.000000  0.000000  0.000000  2.000000  
170.739701 -0.000115  0.088966  -0.002282  0.999441  0.024452  -0.022799  -0.025108  0.999267  -0.028907  0.022075  0.029464  0.999322  -0.007097  -0.006903  -0.004376  0.000000  0.000000  0.000000  2.000000  
170.740948 -0.000125  0.088957  -0.002289  0.999441  0.024452  -0.022799  -0.025108  0.999267  -0.028907  0.022075  0.029464  0.999322  -0.007193  -0.006838  -0.004469  0.000000  0.000000  0.000000  2.000000  
170.742198 -0.000135  0.088948  -0.002295  0.999441  0.024452  -0.022799  -0.025108  0.999267  -0.028907  0.022075  0.029464  0.999322  -0.007320  -0.006841  -0.004527  0.000000  0.000000  0.000000  2.000000  
170.743450 -0.000145  0.088939  -0.002300  0.999441  0.024452  -0.022799  -0.025108  0.999267  -0.028907  0.022075  0.029464  0.999322  -0.007424  -0.006826  -0.004526  0.000000  0.000000  0.000000  2.000000  
170.744698 -0.000155  0.088931  -0.002306  0.999441  0.024452  -0.022799  -0.025108  0.999267  -0.028907  0.022075  0.029464  0.999322  -0.007495  -0.006769  -0.004509  0.000000  0.000000  0.000000  2.000000  
170.745698 -0.000163  0.088925  -0.002310  0.999441  0.024452  -0.022799  -0.025108  0.999267  -0.028907  0.022075  0.029464  0.999322  -0.007571  -0.006711  -0.004538  0.000000  0.000000  0.000000  2.000000  
170.746701 -0.000171  0.088918  -0.002315  0.999441  0.024452  -0.022799  -0.025108  0.999267  -0.028907  0.022075  0.029464  0.999322  -0.007611  -0.006686  -0.004576  0.000000  0.000000  0.000000  2.000000  
170.747945 -0.000180  0.088911  -0.002321  0.999441  0.024452  -0.022799  -0.025108  0.999267  -0.028907  0.022075  0.029464  0.999322  -0.007702  -0.006654  -0.004615  0.000000  0.000000  0.000000  2.000000  
170.749280 -0.000184  0.088908  -0.002323  0.999441  0.024452  -0.022799  -0.025108  0.999267  -0.028907  0.022075  0.029464  0.999322  -0.007388  -0.006326  -0.004386  0.000000  0.000000  0.000000  2.000000  
170.750453 -0.000200  0.088896  -0.002333  0.999441  0.024455  -0.022796  -0.025108  0.999270  -0.028786  0.022075  0.029343  0.999326  -0.007882  -0.006618  -0.004721  0.000000  0.000000  0.000000  2.000000  
170.751696 -0.000211  0.088887  -0.002340  0.999441  0.024455  -0.022796  -0.025108  0.999270  -0.028786  0.022075  0.029343  0.999326  -0.007974  -0.006663  -0.004788  0.000000  0.000000  0.000000  2.000000  
170.752946 -0.000221  0.088879  -0.002346  0.999441  0.024455  -0.022796  -0.025108  0.999270  -0.028786  0.022075  0.029343  0.999326  -0.008027  -0.006621  -0.004840  0.000000  0.000000  0.000000  2.000000  
170.753951 -0.000230  0.088872  -0.002352  0.999441  0.024455  -0.022796  -0.025108  0.999270  -0.028786  0.022075  0.029343  0.999326  -0.008078  -0.006605  -0.004881  0.000000  0.000000  0.000000  2.000000  
170.754957 -0.000239  0.088865  -0.002358  0.999441  0.024455  -0.022796  -0.025108  0.999270  -0.028786  0.022075  0.029343  0.999326  -0.008126  -0.006599  -0.004876  0.000000  0.000000  0.000000  2.000000  
170.756203 -0.000249  0.088856  -0.002364  0.999441  0.024455  -0.022796  -0.025108  0.999270  -0.028786  0.022075  0.029343  0.999326  -0.008129  -0.006559  -0.004931  0.000000  0.000000  0.000000  2.000000  
170.757454 -0.000260  0.088848  -0.002370  0.999441  0.024455  -0.022796  -0.025108  0.999270  -0.028786  0.022075  0.029343  0.999326  -0.008194  -0.006557  -0.004987  0.000000  0.000000  0.000000  2.000000  
170.758466 -0.000268  0.088841  -0.002376  0.999441  0.024458  -0.022793  -0.025108  0.999274  -0.028665  0.022075  0.029221  0.999329  -0.008220  -0.006561  -0.005047  0.000000  0.000000  0.000000  2.000000  
170.759701 -0.000278  0.088833  -0.002382  0.999438  0.024454  -0.022926  -0.025107  0.999274  -0.028662  0.022209  0.029221  0.999326  -0.008251  -0.006572  -0.005113  0.000000  0.000000  0.000000  2.000000  
170.760951 -0.000289  0.088824  -0.002389  0.999438  0.024454  -0.022926  -0.025107  0.999274  -0.028662  0.022209  0.029221  0.999326  -0.008285  -0.006629  -0.005215  0.000000  0.000000  0.000000  2.000000  
170.762198 -0.000299  0.088816  -0.002396  0.999433  0.024660  -0.022932  -0.025313  0.999269  -0.028657  0.022209  0.029221  0.999326  -0.008327  -0.006664  -0.005328  0.000000  0.000000  0.000000  2.000000  
170.763451 -0.000309  0.088807  -0.002403  0.999433  0.024660  -0.022932  -0.025313  0.999269  -0.028657  0.022209  0.029221  0.999326  -0.008808  -0.007097  -0.005670  0.000000  0.000000  0.000000  2.000000  
170.764456 -0.000318  0.088800  -0.002409  0.999433  0.024662  -0.022929  -0.025313  0.999272  -0.028536  0.022209  0.029100  0.999330  -0.008395  -0.006761  -0.005404  0.000000  0.000000  0.000000  2.000000  
170.765694 -0.000329  0.088791  -0.002416  0.999433  0.024662  -0.022929  -0.025313  0.999272  -0.028536  0.022209  0.029100  0.999330  -0.008496  -0.006872  -0.005458  0.000000  0.000000  0.000000  2.000000  
170.766695 -0.000339  0.088784  -0.002422  0.999433  0.024662  -0.022929  -0.025313  0.999272  -0.028536  0.022209  0.029100  0.999330  -0.008528  -0.006898  -0.005477  0.000000  0.000000  0.000000  2.000000  
170.767697 -0.000348  0.088776  -0.002427  0.999433  0.024662  -0.022929  -0.025313  0.999272  -0.028536  0.022209  0.029100  0.999330  -0.008566  -0.006982  -0.005489  0.000000  0.000000  0.000000  2.000000  
170.768948 -0.000360  0.088766  -0.002434  0.999436  0.024666  -0.022796  -0.025313  0.999272  -0.028539  0.022075  0.029100  0.999333  -0.008645  -0.007060  -0.005490  0.000000  0.000000  0.000000  2.000000  
170.770194 -0.000371  0.088756  -0.002442  0.999436  0.024666  -0.022796  -0.025313  0.999272  -0.028539  0.022075  0.029100  0.999333  -0.008738  -0.007134  -0.005547  0.000000  0.000000  0.000000  2.000000  
170.771199 -0.000381  0.088749  -0.002447  0.999436  0.024666  -0.022796  -0.025313  0.999272  -0.028539  0.022075  0.029100  0.999333  -0.008811  -0.007177  -0.005552  0.000000  0.000000  0.000000  2.000000  
170.772453 -0.000393  0.088739  -0.002455  0.999431  0.024872  -0.022801  -0.025519  0.999267  -0.028534  0.022075  0.029100  0.999333  -0.008911  -0.007301  -0.005647  0.000000  0.000000  0.000000  2.000000  
170.773699 -0.000406  0.088728  -0.002463  0.999431  0.024872  -0.022801  -0.025519  0.999267  -0.028534  0.022075  0.029100  0.999333  -0.009020  -0.007403  -0.005754  0.000000  0.000000  0.000000  2.000000  
170.774948 -0.000418  0.088718  -0.002471  0.999431  0.024872  -0.022801  -0.025519  0.999267  -0.028534  0.022075  0.029100  0.999333  -0.009155  -0.007497  -0.005798  0.000000  0.000000  0.000000  2.000000  
170.775948 -0.000428  0.088710  -0.002477  0.999431  0.024872  -0.022801  -0.025519  0.999267  -0.028534  0.022075  0.029100  0.999333  -0.009277  -0.007595  -0.005874  0.000000  0.000000  0.000000  2.000000  
170.777198 -0.000441  0.088700  -0.002485  0.999431  0.024872  -0.022801  -0.025519  0.999267  -0.028534  0.022075  0.029100  0.999333  -0.009449  -0.007747  -0.005934  0.000000  0.000000  0.000000  2.000000  
170.778465 -0.000454  0.088689  -0.002493  0.999431  0.024872  -0.022801  -0.025519  0.999267  -0.028534  0.022075  0.029100  0.999333  -0.009613  -0.007921  -0.005982  0.000000  0.000000  0.000000  2.000000  
170.779696 -0.000467  0.088678  -0.002501  0.999431  0.024872  -0.022801  -0.025519  0.999267  -0.028534  0.022075  0.029100  0.999333  -0.009792  -0.008051  -0.006053  0.000000  0.000000  0.000000  2.000000  
170.780946 -0.000481  0.088666  -0.002509  0.999431  0.024872  -0.022801  -0.025519  0.999267  -0.028534  0.022075  0.029100  0.999333  -0.009953  -0.008193  -0.006105  0.000000  0.000000  0.000000  2.000000  
170.782194 -0.000494  0.088655  -0.002518  0.999425  0.025078  -0.022807  -0.025725  0.999262  -0.028530  0.022075  0.029100  0.999333  -0.010121  -0.008300  -0.006215  0.000000  0.000000  0.000000  2.000000  
170.783196 -0.000506  0.088646  -0.002525  0.999425  0.025078  -0.022807  -0.025725  0.999262  -0.028530  0.022075  0.029100  0.999333  -0.010245  -0.008428  -0.006286  0.000000  0.000000  0.000000  2.000000  
170.784444 -0.000520  0.088634  -0.002533  0.999425  0.025078  -0.022807  -0.025725  0.999262  -0.028530  0.022075  0.029100  0.999333  -0.010370  -0.008527  -0.006365  0.000000  0.000000  0.000000  2.000000  
170.785448 -0.000531  0.088625  -0.002540  0.999425  0.025078  -0.022807  -0.025725  0.999262  -0.028530  0.022075  0.029100  0.999333  -0.010524  -0.008651  -0.006460  0.000000  0.000000  0.000000  2.000000  
170.786458 -0.000542  0.088616  -0.002547  0.999425  0.025078  -0.022807  -0.025725  0.999262  -0.028530  0.022075  0.029100  0.999333  -0.010584  -0.008714  -0.006535  0.000000  0.000000  0.000000  2.000000  
170.787458 -0.000554  0.088607  -0.002554  0.999425  0.025078  -0.022807  -0.025725  0.999262  -0.028530  0.022075  0.029100  0.999333  -0.010705  -0.008811  -0.006610  0.000000  0.000000  0.000000  2.000000  
170.788463 -0.000565  0.088597  -0.002561  0.999425  0.025078  -0.022807  -0.025725  0.999262  -0.028530  0.022075  0.029100  0.999333  -0.010809  -0.008878  -0.006633  0.000000  0.000000  0.000000  2.000000  
170.789701 -0.000579  0.088586  -0.002570  0.999425  0.025081  -0.022804  -0.025725  0.999265  -0.028409  0.022075  0.028979  0.999336  -0.010941  -0.008984  -0.006714  0.000000  0.000000  0.000000  2.000000  
170.790948 -0.000593  0.088574  -0.002579  0.999425  0.025081  -0.022804  -0.025725  0.999265  -0.028409  0.022075  0.028979  0.999336  -0.011030  -0.009082  -0.006761  0.000000  0.000000  0.000000  2.000000  
170.792199 -0.000608  0.088562  -0.002587  0.999425  0.025081  -0.022804  -0.025725  0.999265  -0.028409  0.022075  0.028979  0.999336  -0.011169  -0.009177  -0.006806  0.000000  0.000000  0.000000  2.000000  
170.793452 -0.000622  0.088550  -0.002596  0.999425  0.025081  -0.022804  -0.025725  0.999265  -0.028409  0.022075  0.028979  0.999336  -0.011263  -0.009251  -0.006867  0.000000  0.000000  0.000000  2.000000  
170.794459 -0.000634  0.088540  -0.002604  0.999425  0.025081  -0.022804  -0.025725  0.999265  -0.028409  0.022075  0.028979  0.999336  -0.011329  -0.009319  -0.006944  0.000000  0.000000  0.000000  2.000000  
170.795699 -0.000649  0.088528  -0.002613  0.999425  0.025081  -0.022804  -0.025725  0.999265  -0.028409  0.022075  0.028979  0.999336  -0.011385  -0.009376  -0.007018  0.000000  0.000000  0.000000  2.000000  
170.796952 -0.000663  0.088516  -0.002622  0.999425  0.025081  -0.022804  -0.025725  0.999265  -0.028409  0.022075  0.028979  0.999336  -0.011443  -0.009420  -0.007052  0.000000  0.000000  0.000000  2.000000  
170.798195 -0.000678  0.088504  -0.002631  0.999431  0.024875  -0.022798  -0.025519  0.999270  -0.028413  0.022075  0.028979  0.999336  -0.011478  -0.009417  -0.007081  0.000000  0.000000  0.000000  2.000000  
170.799196 -0.000690  0.088495  -0.002638  0.999431  0.024875  -0.022798  -0.025519  0.999270  -0.028413  0.022075  0.028979  0.999336  -0.011502  -0.009450  -0.007133  0.000000  0.000000  0.000000  2.000000  
170.800198 -0.000701  0.088485  -0.002646  0.999431  0.024875  -0.022798  -0.025519  0.999270  -0.028413  0.022075  0.028979  0.999336  -0.011482  -0.009446  -0.007161  0.000000  0.000000  0.000000  2.000000  
170.801448 -0.000715  0.088474  -0.002654  0.999431  0.024875  -0.022798  -0.025519  0.999270  -0.028413  0.022075  0.028979  0.999336  -0.011489  -0.009448  -0.007163  0.000000  0.000000  0.000000  2.000000  
170.802458 -0.000726  0.088465  -0.002661  0.999431  0.024875  -0.022798  -0.025519  0.999270  -0.028413  0.022075  0.028979  0.999336  -0.011482  -0.009440  -0.007157  0.000000  0.000000  0.000000  2.000000  
170.803698 -0.000740  0.088454  -0.002670  0.999431  0.024875  -0.022798  -0.025519  0.999270  -0.028413  0.022075  0.028979  0.999336  -0.011491  -0.009446  -0.007161  0.000000  0.000000  0.000000  2.000000  
170.804704 -0.000751  0.088445  -0.002677  0.999431  0.024875  -0.022798  -0.025519  0.999270  -0.028413  0.022075  0.028979  0.999336  -0.011461  -0.009391  -0.007147  0.000000  0.000000  0.000000  2.000000  
170.805949 -0.000765  0.088434  -0.002686  0.999431  0.024875  -0.022798  -0.025519  0.999270  -0.028413  0.022075  0.028979  0.999336  -0.011474  -0.009370  -0.007160  0.000000  0.000000  0.000000  2.000000  
170.807198 -0.000779  0.088422  -0.002695  0.999434  0.024879  -0.022665  -0.025519  0.999270  -0.028417  0.021941  0.028979  0.999339  -0.011391  -0.009314  -0.007147  0.000000  0.000000  0.000000  2.000000  
170.808198 -0.000790  0.088414  -0.002702  0.999434  0.024879  -0.022665  -0.025519  0.999270  -0.028417  0.021941  0.028979  0.999339  -0.011384  -0.009250  -0.007154  0.000000  0.000000  0.000000  2.000000  
170.809198 -0.000801  0.088405  -0.002709  0.999434  0.024879  -0.022665  -0.025519  0.999270  -0.028417  0.021941  0.028979  0.999339  -0.011314  -0.009206  -0.007149  0.000000  0.000000  0.000000  2.000000  
170.810462 -0.000815  0.088394  -0.002718  0.999434  0.024879  -0.022665  -0.025519  0.999270  -0.028417  0.021941  0.028979  0.999339  -0.011241  -0.009115  -0.007108  0.000000  0.000000  0.000000  2.000000  
170.811697 -0.000828  0.088382  -0.002726  0.999434  0.024879  -0.022665  -0.025519  0.999270  -0.028417  0.021941  0.028979  0.999339  -0.011193  -0.009073  -0.007077  0.000000  0.000000  0.000000  2.000000  
170.812948 -0.000841  0.088372  -0.002735  0.999434  0.024881  -0.022662  -0.025519  0.999274  -0.028295  0.021941  0.028858  0.999343  -0.011080  -0.008994  -0.007046  0.000000  0.000000  0.000000  2.000000  
170.814196 -0.000854  0.088361  -0.002743  0.999436  0.024885  -0.022528  -0.025519  0.999274  -0.028299  0.021807  0.028858  0.999346  -0.010960  -0.008894  -0.006967  0.000000  0.000000  0.000000  2.000000  
170.815445 -0.000867  0.088351  -0.002751  0.999436  0.024885  -0.022528  -0.025519  0.999274  -0.028299  0.021807  0.028858  0.999346  -0.010872  -0.008820  -0.006910  0.000000  0.000000  0.000000  2.000000  
170.816448 -0.000877  0.088343  -0.002757  0.999436  0.024885  -0.022528  -0.025519  0.999274  -0.028299  0.021807  0.028858  0.999346  -0.010808  -0.008766  -0.006869  0.000000  0.000000  0.000000  2.000000  
170.817451 -0.000886  0.088335  -0.002764  0.999436  0.024888  -0.022525  -0.025519  0.999277  -0.028178  0.021807  0.028737  0.999349  -0.010678  -0.008673  -0.006827  0.000000  0.000000  0.000000  2.000000  
170.818461 -0.000896  0.088327  -0.002770  0.999436  0.024888  -0.022525  -0.025519  0.999277  -0.028178  0.021807  0.028737  0.999349  -0.010553  -0.008584  -0.006791  0.000000  0.000000  0.000000  2.000000  
170.819697 -0.000908  0.088316  -0.002779  0.999436  0.024888  -0.022525  -0.025519  0.999277  -0.028178  0.021807  0.028737  0.999349  -0.010493  -0.008576  -0.006782  0.000000  0.000000  0.000000  2.000000  
170.820946 -0.000920  0.088307  -0.002786  0.999445  0.024686  -0.022386  -0.025313  0.999282  -0.028186  0.021674  0.028737  0.999352  -0.010339  -0.008448  -0.006685  0.000000  0.000000  0.000000  2.000000  
170.821948 -0.000930  0.088298  -0.002793  0.999445  0.024689  -0.022383  -0.025313  0.999286  -0.028064  0.021674  0.028615  0.999355  -0.010245  -0.008414  -0.006663  0.000000  0.000000  0.000000  2.000000  
170.822951 -0.000939  0.088291  -0.002799  0.999445  0.024689  -0.022383  -0.025313  0.999286  -0.028064  0.021674  0.028615  0.999355  -0.010100  -0.008338  -0.006606  0.000000  0.000000  0.000000  2.000000  
170.824197 -0.000951  0.088281  -0.002806  0.999445  0.024689  -0.022383  -0.025313  0.999286  -0.028064  0.021674  0.028615  0.999355  -0.010002  -0.008267  -0.006492  0.000000  0.000000  0.000000  2.000000  
170.825197 -0.000961  0.088273  -0.002812  0.999447  0.024693  -0.022249  -0.025314  0.999285  -0.028068  0.021540  0.028616  0.999358  -0.009911  -0.008191  -0.006434  0.000000  0.000000  0.000000  2.000000  
170.826198 -0.000969  0.088265  -0.002818  0.999447  0.024695  -0.022246  -0.025314  0.999289  -0.027947  0.021540  0.028494  0.999362  -0.009771  -0.008118  -0.006379  0.000000  0.000000  0.000000  2.000000  
170.827453 -0.000981  0.088256  -0.002826  0.999447  0.024695  -0.022246  -0.025314  0.999289  -0.027947  0.021540  0.028494  0.999362  -0.009667  -0.008019  -0.006277  0.000000  0.000000  0.000000  2.000000  
170.828461 -0.000990  0.088248  -0.002832  0.999447  0.024695  -0.022246  -0.025314  0.999289  -0.027947  0.021540  0.028494  0.999362  -0.009528  -0.007921  -0.006231  0.000000  0.000000  0.000000  2.000000  
170.829697 -0.001001  0.088239  -0.002839  0.999447  0.024698  -0.022243  -0.025314  0.999292  -0.027825  0.021540  0.028373  0.999365  -0.009440  -0.007847  -0.006175  0.000000  0.000000  0.000000  2.000000  
170.830953 -0.001012  0.088230  -0.002846  0.999447  0.024698  -0.022243  -0.025314  0.999292  -0.027825  0.021540  0.028373  0.999365  -0.009347  -0.007769  -0.006115  0.000000  0.000000  0.000000  2.000000  
170.832199 -0.001023  0.088221  -0.002853  0.999450  0.024705  -0.022106  -0.025314  0.999296  -0.027708  0.021406  0.028252  0.999372  -0.009279  -0.007737  -0.006060  0.000000  0.000000  0.000000  2.000000  
170.833452 -0.001034  0.088212  -0.002861  0.999450  0.024705  -0.022106  -0.025314  0.999296  -0.027708  0.021406  0.028252  0.999372  -0.009194  -0.007666  -0.006007  0.000000  0.000000  0.000000  2.000000  
170.834457 -0.001043  0.088205  -0.002866  0.999450  0.024705  -0.022106  -0.025314  0.999296  -0.027708  0.021406  0.028252  0.999372  -0.009104  -0.007581  -0.005914  0.000000  0.000000  0.000000  2.000000  
170.835696 -0.001054  0.088195  -0.002874  0.999450  0.024707  -0.022103  -0.025314  0.999299  -0.027586  0.021406  0.028131  0.999375  -0.009067  -0.007560  -0.005925  0.000000  0.000000  0.000000  2.000000  
170.836943 -0.001065  0.088186  -0.002881  0.999450  0.024707  -0.022103  -0.025314  0.999299  -0.027586  0.021406  0.028131  0.999375  -0.008998  -0.007460  -0.005848  0.000000  0.000000  0.000000  2.000000  
170.837953 -0.001074  0.088179  -0.002886  0.999450  0.024707  -0.022103  -0.025314  0.999299  -0.027586  0.021406  0.028131  0.999375  -0.008967  -0.007449  -0.005785  0.000000  0.000000  0.000000  2.000000  
170.839199 -0.001085  0.088170  -0.002893  0.999453  0.024714  -0.021967  -0.025314  0.999302  -0.027469  0.021272  0.028010  0.999381  -0.008916  -0.007378  -0.005759  0.000000  0.000000  0.000000  2.000000  
170.840450 -0.001096  0.088161  -0.002900  0.999453  0.024714  -0.021967  -0.025314  0.999302  -0.027469  0.021272  0.028010  0.999381  -0.008902  -0.007322  -0.005715  0.000000  0.000000  0.000000  2.000000  
170.841698 -0.001107  0.088152  -0.002907  0.999453  0.024716  -0.021964  -0.025314  0.999305  -0.027347  0.021272  0.027888  0.999385  -0.008864  -0.007301  -0.005727  0.000000  0.000000  0.000000  2.000000  
170.842700 -0.001116  0.088145  -0.002913  0.999453  0.024716  -0.021964  -0.025314  0.999305  -0.027347  0.021272  0.027888  0.999385  -0.008834  -0.007250  -0.005718  0.000000  0.000000  0.000000  2.000000  
170.843947 -0.001126  0.088136  -0.002920  0.999453  0.024716  -0.021964  -0.025314  0.999305  -0.027347  0.021272  0.027888  0.999385  -0.008805  -0.007225  -0.005699  0.000000  0.000000  0.000000  2.000000  
170.844948 -0.001135  0.088129  -0.002925  0.999453  0.024719  -0.021961  -0.025314  0.999309  -0.027226  0.021272  0.027767  0.999388  -0.008786  -0.007193  -0.005646  0.000000  0.000000  0.000000  2.000000  
170.845948 -0.001144  0.088122  -0.002931  0.999453  0.024719  -0.021961  -0.025314  0.999309  -0.027226  0.021272  0.027767  0.999388  -0.008795  -0.007198  -0.005647  0.000000  0.000000  0.000000  2.000000  
170.847198 -0.001155  0.088114  -0.002937  0.999453  0.024719  -0.021961  -0.025314  0.999309  -0.027226  0.021272  0.027767  0.999388  -0.008788  -0.007120  -0.005615  0.000000  0.000000  0.000000  2.000000  
170.848459 -0.001166  0.088105  -0.002944  0.999453  0.024722  -0.021958  -0.025314  0.999312  -0.027105  0.021272  0.027646  0.999391  -0.008793  -0.007107  -0.005579  0.000000  0.000000  0.000000  2.000000  
170.849695 -0.001177  0.088096  -0.002951  0.999453  0.024722  -0.021958  -0.025314  0.999312  -0.027105  0.021272  0.027646  0.999391  -0.008761  -0.007108  -0.005552  0.000000  0.000000  0.000000  2.000000  
170.850702 -0.001185  0.088089  -0.002956  0.999453  0.024722  -0.021958  -0.025314  0.999312  -0.027105  0.021272  0.027646  0.999391  -0.008738  -0.007073  -0.005496  0.000000  0.000000  0.000000  2.000000  
170.851945 -0.001197  0.088080  -0.002963  0.999453  0.024722  -0.021958  -0.025314  0.999312  -0.027105  0.021272  0.027646  0.999391  -0.008773  -0.007099  -0.005516  0.000000  0.000000  0.000000  2.000000  
170.852946 -0.001205  0.088073  -0.002968  0.999448  0.024930  -0.021960  -0.025519  0.999310  -0.026979  0.021272  0.027525  0.999395  -0.008753  -0.007081  -0.005502  0.000000  0.000000  0.000000  2.000000  
170.854196 -0.001216  0.088064  -0.002975  0.999448  0.024930  -0.021960  -0.025519  0.999310  -0.026979  0.021272  0.027525  0.999395  -0.008750  -0.007078  -0.005499  0.000000  0.000000  0.000000  2.000000  
170.855198 -0.001225  0.088057  -0.002981  0.999448  0.024930  -0.021960  -0.025519  0.999310  -0.026979  0.021272  0.027525  0.999395  -0.008713  -0.007046  -0.005476  0.000000  0.000000  0.000000  2.000000  
170.856202 -0.001233  0.088050  -0.002986  0.999448  0.024930  -0.021960  -0.025519  0.999310  -0.026979  0.021272  0.027525  0.999395  -0.008724  -0.007039  -0.005442  0.000000  0.000000  0.000000  2.000000  
170.857450 -0.001244  0.088041  -0.002992  0.999448  0.024930  -0.021960  -0.025519  0.999310  -0.026979  0.021272  0.027525  0.999395  -0.008702  -0.007047  -0.005420  0.000000  0.000000  0.000000  2.000000  
170.858467 -0.001252  0.088034  -0.002998  0.999445  0.024929  -0.022091  -0.025519  0.999314  -0.026855  0.021406  0.027403  0.999395  -0.008684  -0.007045  -0.005361  0.000000  0.000000  0.000000  2.000000  
170.859697 -0.001263  0.088026  -0.003004  0.999445  0.024929  -0.022091  -0.025519  0.999314  -0.026855  0.021406  0.027403  0.999395  -0.008672  -0.007033  -0.005354  0.000000  0.000000  0.000000  2.000000  
170.860698 -0.001272  0.088019  -0.003009  0.999445  0.024929  -0.022091  -0.025519  0.999314  -0.026855  0.021406  0.027403  0.999395  -0.008672  -0.007031  -0.005353  0.000000  0.000000  0.000000  2.000000  
170.861699 -0.001280  0.088012  -0.003014  0.999445  0.024929  -0.022091  -0.025519  0.999314  -0.026855  0.021406  0.027403  0.999395  -0.008669  -0.007041  -0.005302  0.000000  0.000000  0.000000  2.000000  
170.862946 -0.001291  0.088003  -0.003021  0.999445  0.024929  -0.022091  -0.025519  0.999314  -0.026855  0.021406  0.027403  0.999395  -0.008664  -0.007064  -0.005292  0.000000  0.000000  0.000000  2.000000  
170.864194 -0.001302  0.087994  -0.003027  0.999445  0.024929  -0.022091  -0.025519  0.999314  -0.026855  0.021406  0.027403  0.999395  -0.008618  -0.006997  -0.005270  0.000000  0.000000  0.000000  2.000000  
170.865196 -0.001311  0.087987  -0.003032  0.999445  0.024929  -0.022091  -0.025519  0.999314  -0.026855  0.021406  0.027403  0.999395  -0.008633  -0.006993  -0.005237  0.000000  0.000000  0.000000  2.000000  
170.866457 -0.001321  0.087978  -0.003039  0.999445  0.024929  -0.022091  -0.025519  0.999314  -0.026855  0.021406  0.027403  0.999395  -0.008612  -0.007003  -0.005217  0.000000  0.000000  0.000000  2.000000  
170.867701 -0.001332  0.087970  -0.003045  0.999445  0.024929  -0.022091  -0.025519  0.999314  -0.026855  0.021406  0.027403  0.999395  -0.008604  -0.006951  -0.005176  0.000000  0.000000  0.000000  2.000000  
170.868946 -0.001343  0.087961  -0.003052  0.999445  0.024929  -0.022091  -0.025519  0.999314  -0.026855  0.021406  0.027403  0.999395  -0.008607  -0.006952  -0.005177  0.000000  0.000000  0.000000  2.000000  
170.870194 -0.001354  0.087953  -0.003057  0.999445  0.024929  -0.022091  -0.025519  0.999314  -0.026855  0.021406  0.027403  0.999395  -0.008594  -0.006953  -0.005125  0.000000  0.000000  0.000000  2.000000  
170.871202 -0.001362  0.087946  -0.003062  0.999445  0.024929  -0.022091  -0.025519  0.999314  -0.026855  0.021406  0.027403  0.999395  -0.008575  -0.006921  -0.005072  0.000000  0.000000  0.000000  2.000000  
170.872451 -0.001372  0.087938  -0.003068  0.999445  0.024929  -0.022091  -0.025519  0.999314  -0.026855  0.021406  0.027403  0.999395  -0.008572  -0.006889  -0.005072  0.000000  0.000000  0.000000  2.000000  
170.873697 -0.001383  0.087929  -0.003074  0.999445  0.024929  -0.022091  -0.025519  0.999314  -0.026855  0.021406  0.027403  0.999395  -0.008567  -0.006869  -0.005032  0.000000  0.000000  0.000000  2.000000  
170.874699 -0.001392  0.087922  -0.003079  0.999445  0.024929  -0.022091  -0.025519  0.999314  -0.026855  0.021406  0.027403  0.999395  -0.008600  -0.006879  -0.005006  0.000000  0.000000  0.000000  2.000000  
170.875948 -0.001403  0.087914  -0.003086  0.999445  0.024929  -0.022091  -0.025519  0.999314  -0.026855  0.021406  0.027403  0.999395  -0.008608  -0.006885  -0.005016  0.000000  0.000000  0.000000  2.000000  
170.877201 -0.001414  0.087905  -0.003092  0.999445  0.024929  -0.022091  -0.025519  0.999314  -0.026855  0.021406  0.027403  0.999395  -0.008603  -0.006878  -0.005006  0.000000  0.000000  0.000000  2.000000  
170.878463 -0.001424  0.087896  -0.003099  0.999445  0.024929  -0.022091  -0.025519  0.999314  -0.026855  0.021406  0.027403  0.999395  -0.008590  -0.006866  -0.004997  0.000000  0.000000  0.000000  2.000000  
170.879693 -0.001435  0.087888  -0.003105  0.999445  0.024926  -0.022094  -0.025519  0.999310  -0.026976  0.021406  0.027525  0.999392  -0.008566  -0.006860  -0.005027  0.000000  0.000000  0.000000  2.000000  
170.880695 -0.001444  0.087881  -0.003110  0.999445  0.024926  -0.022094  -0.025519  0.999310  -0.026976  0.021406  0.027525  0.999392  -0.008584  -0.006831  -0.005004  0.000000  0.000000  0.000000  2.000000  
170.881697 -0.001452  0.087874  -0.003115  0.999442  0.024923  -0.022227  -0.025519  0.999310  -0.026972  0.021540  0.027525  0.999389  -0.008593  -0.006851  -0.005044  0.000000  0.000000  0.000000  2.000000  
170.882698 -0.001461  0.087867  -0.003120  0.999442  0.024923  -0.022227  -0.025519  0.999310  -0.026972  0.021540  0.027525  0.999389  -0.008616  -0.006854  -0.005022  0.000000  0.000000  0.000000  2.000000  
170.883723 -0.001470  0.087861  -0.003125  0.999442  0.024923  -0.022227  -0.025519  0.999310  -0.026972  0.021540  0.027525  0.999389  -0.008573  -0.006803  -0.004949  0.000000  0.000000  0.000000  2.000000  
