1-Time 2-Px 3-Py 4-Pz 5-R11 6-R21 7-R31 8-R12 9-R22 10-R32 11-R13 12-R23 13-R33 14-Vx 15-Vy 16-Vz 17-Wx 18-Wy 19-Wz 20-state 21-PR11 22-PR21 23-PR31 24-PR12 25-PR22 26-PR32 27-PR13 28-PR23 29-PR33 
27.190759 0.006964  0.098530  -0.009452  0.999702  0.022537  -0.009396  -0.022437  0.999692  0.010645  0.009633  -0.010431  0.999899  -0.000065  -0.000124  0.000267  0.000000  0.000000  0.000000  2.000000  
27.191762 0.006964  0.098530  -0.009452  0.999702  0.022537  -0.009396  -0.022437  0.999692  0.010645  0.009633  -0.010431  0.999899  -0.000054  -0.000128  0.000236  0.000000  0.000000  0.000000  2.000000  
27.192766 0.006964  0.098529  -0.009452  0.999701  0.022539  -0.009530  -0.022437  0.999692  0.010648  0.009767  -0.010431  0.999898  -0.000036  -0.000172  0.000254  0.000000  0.000000  0.000000  2.000000  
27.194016 0.006966  0.098530  -0.009451  0.999701  0.022539  -0.009530  -0.022437  0.999692  0.010648  0.009767  -0.010431  0.999898  0.000065  -0.000163  0.000243  0.000000  0.000000  0.000000  2.000000  
27.195268 0.006967  0.098529  -0.009451  0.999701  0.022540  -0.009527  -0.022437  0.999690  0.010769  0.009767  -0.010552  0.999897  0.000135  -0.000204  0.000255  0.000000  0.000000  0.000000  2.000000  
27.196270 0.006968  0.098528  -0.009451  0.999699  0.022541  -0.009661  -0.022437  0.999690  0.010772  0.009901  -0.010552  0.999895  0.000250  -0.000235  0.000258  0.000000  0.000000  0.000000  2.000000  
27.197515 0.006971  0.098527  -0.009450  0.999695  0.022747  -0.009659  -0.022643  0.999686  0.010774  0.009901  -0.010552  0.999895  0.000395  -0.000299  0.000243  0.000000  0.000000  0.000000  2.000000  
27.198515 0.006973  0.098526  -0.009450  0.999693  0.022748  -0.009793  -0.022643  0.999686  0.010777  0.010035  -0.010552  0.999894  0.000554  -0.000328  0.000279  0.000000  0.000000  0.000000  2.000000  
27.199766 0.006975  0.098525  -0.009449  0.999689  0.022955  -0.009788  -0.022849  0.999680  0.010900  0.010035  -0.010673  0.999893  0.000713  -0.000433  0.000278  0.000000  0.000000  0.000000  2.000000  
27.201016 0.006977  0.098523  -0.009449  0.999682  0.023163  -0.009919  -0.023054  0.999675  0.010906  0.010169  -0.010673  0.999891  0.000861  -0.000536  0.000313  0.000000  0.000000  0.000000  2.000000  
27.202017 0.006979  0.098522  -0.009448  0.999682  0.023163  -0.009919  -0.023054  0.999675  0.010906  0.010169  -0.010673  0.999891  0.001041  -0.000589  0.000323  0.000000  0.000000  0.000000  2.000000  
27.203269 0.006982  0.098520  -0.009448  0.999676  0.023370  -0.010051  -0.023260  0.999670  0.010911  0.010302  -0.010673  0.999890  0.001179  -0.000670  0.000348  0.000000  0.000000  0.000000  2.000000  
27.204271 0.006984  0.098520  -0.009447  0.999672  0.023576  -0.010048  -0.023466  0.999665  0.010913  0.010302  -0.010673  0.999890  0.001358  -0.000723  0.000358  0.000000  0.000000  0.000000  2.000000  
27.205511 0.006986  0.098518  -0.009447  0.999665  0.023783  -0.010180  -0.023672  0.999660  0.010918  0.010436  -0.010673  0.999889  0.001539  -0.000777  0.000369  0.000000  0.000000  0.000000  2.000000  
27.206515 0.006988  0.098517  -0.009446  0.999665  0.023784  -0.010177  -0.023672  0.999659  0.011039  0.010436  -0.010795  0.999887  0.001656  -0.000833  0.000420  0.000000  0.000000  0.000000  2.000000  
27.207763 0.006991  0.098516  -0.009445  0.999659  0.023991  -0.010308  -0.023877  0.999654  0.011045  0.010570  -0.010795  0.999886  0.001756  -0.000877  0.000429  0.000000  0.000000  0.000000  2.000000  
27.208766 0.006992  0.098515  -0.009444  0.999658  0.023993  -0.010442  -0.023877  0.999654  0.011048  0.010704  -0.010795  0.999884  0.001814  -0.000959  0.000463  0.000000  0.000000  0.000000  2.000000  
27.210013 0.006994  0.098513  -0.009444  0.999651  0.024201  -0.010571  -0.024083  0.999648  0.011174  0.010837  -0.010916  0.999882  0.001820  -0.001031  0.000491  0.000000  0.000000  0.000000  2.000000  
27.211019 0.006995  0.098511  -0.009443  0.999646  0.024407  -0.010568  -0.024289  0.999643  0.011177  0.010837  -0.010916  0.999882  0.001777  -0.001125  0.000538  0.000000  0.000000  0.000000  2.000000  
27.212268 0.006996  0.098509  -0.009442  0.999645  0.024410  -0.010699  -0.024289  0.999641  0.011301  0.010971  -0.011037  0.999879  0.001703  -0.001201  0.000576  0.000000  0.000000  0.000000  2.000000  
27.213515 0.006996  0.098506  -0.009441  0.999638  0.024617  -0.010831  -0.024495  0.999636  0.011307  0.011105  -0.011037  0.999877  0.001562  -0.001357  0.000581  0.000000  0.000000  0.000000  2.000000  
27.214516 0.006996  0.098503  -0.009440  0.999632  0.024825  -0.010962  -0.024700  0.999631  0.011312  0.011239  -0.011037  0.999876  0.001434  -0.001490  0.000615  0.000000  0.000000  0.000000  2.000000  
27.215766 0.006996  0.098499  -0.009439  0.999630  0.024826  -0.011096  -0.024700  0.999631  0.011315  0.011373  -0.011037  0.999874  0.001248  -0.001649  0.000662  0.000000  0.000000  0.000000  2.000000  
27.216767 0.006996  0.098496  -0.009438  0.999630  0.024827  -0.011093  -0.024700  0.999629  0.011437  0.011373  -0.011158  0.999873  0.001103  -0.001782  0.000694  0.000000  0.000000  0.000000  2.000000  
27.217768 0.006996  0.098493  -0.009437  0.999624  0.025035  -0.011224  -0.024906  0.999624  0.011442  0.011506  -0.011158  0.999872  0.000957  -0.001913  0.000727  0.000000  0.000000  0.000000  2.000000  
27.219015 0.006995  0.098488  -0.009436  0.999622  0.025036  -0.011358  -0.024906  0.999624  0.011446  0.011640  -0.011158  0.999870  0.000751  -0.002125  0.000763  0.000000  0.000000  0.000000  2.000000  
27.220265 0.006995  0.098484  -0.009435  0.999620  0.025038  -0.011492  -0.024906  0.999624  0.011449  0.011774  -0.011158  0.999868  0.000585  -0.002307  0.000783  0.000000  0.000000  0.000000  2.000000  
27.221276 0.006995  0.098481  -0.009434  0.999619  0.025039  -0.011625  -0.024906  0.999624  0.011452  0.011908  -0.011158  0.999867  0.000460  -0.002463  0.000789  0.000000  0.000000  0.000000  2.000000  
27.222513 0.006995  0.098477  -0.009433  0.999611  0.025249  -0.011887  -0.025112  0.999618  0.011583  0.012175  -0.011280  0.999862  0.000308  -0.002648  0.000815  0.000000  0.000000  0.000000  2.000000  
27.223516 0.006995  0.098474  -0.009433  0.999609  0.025251  -0.012021  -0.025112  0.999618  0.011586  0.012309  -0.011280  0.999861  0.000189  -0.002783  0.000777  0.000000  0.000000  0.000000  2.000000  
27.224763 0.006995  0.098470  -0.009432  0.999607  0.025252  -0.012155  -0.025112  0.999617  0.011589  0.012443  -0.011280  0.999859  0.000105  -0.002930  0.000813  0.000000  0.000000  0.000000  2.000000  
27.225769 0.006995  0.098467  -0.009431  0.999606  0.025254  -0.012289  -0.025112  0.999617  0.011593  0.012577  -0.011279  0.999857  -0.000003  -0.003043  0.000791  0.000000  0.000000  0.000000  2.000000  
27.227013 0.006995  0.098463  -0.009430  0.999609  0.025050  -0.012425  -0.024906  0.999623  0.011593  0.012711  -0.011279  0.999856  -0.000049  -0.003134  0.000842  0.000000  0.000000  0.000000  2.000000  
27.228020 0.006995  0.098460  -0.009429  0.999607  0.025051  -0.012559  -0.024906  0.999623  0.011597  0.012844  -0.011279  0.999854  -0.000130  -0.003219  0.000841  0.000000  0.000000  0.000000  2.000000  
27.229267 0.006994  0.098455  -0.009428  0.999606  0.025053  -0.012692  -0.024906  0.999622  0.011600  0.012978  -0.011279  0.999852  -0.000139  -0.003240  0.000825  0.000000  0.000000  0.000000  2.000000  
27.230271 0.006994  0.098452  -0.009427  0.999604  0.025054  -0.012826  -0.024906  0.999622  0.011603  0.013112  -0.011279  0.999850  -0.000118  -0.003221  0.000806  0.000000  0.000000  0.000000  2.000000  
27.231281 0.006995  0.098450  -0.009426  0.999602  0.025056  -0.012960  -0.024906  0.999622  0.011607  0.013246  -0.011279  0.999849  -0.000059  -0.003161  0.000847  0.000000  0.000000  0.000000  2.000000  
27.232515 0.006995  0.098446  -0.009424  0.999604  0.024853  -0.013230  -0.024700  0.999627  0.011611  0.013513  -0.011279  0.999845  -0.000029  -0.003136  0.000869  0.000000  0.000000  0.000000  2.000000  
27.233516 0.006996  0.098444  -0.009424  0.999602  0.024854  -0.013363  -0.024700  0.999627  0.011614  0.013647  -0.011279  0.999843  0.000063  -0.003028  0.000886  0.000000  0.000000  0.000000  2.000000  
27.234517 0.006997  0.098442  -0.009423  0.999600  0.024856  -0.013497  -0.024700  0.999627  0.011617  0.013781  -0.011279  0.999841  0.000134  -0.002972  0.000892  0.000000  0.000000  0.000000  2.000000  
27.235765 0.006998  0.098440  -0.009421  0.999596  0.024859  -0.013765  -0.024700  0.999627  0.011624  0.014048  -0.011279  0.999838  0.000246  -0.002814  0.000921  0.000000  0.000000  0.000000  2.000000  
27.236767 0.007000  0.098438  -0.009421  0.999599  0.024655  -0.013901  -0.024494  0.999632  0.011624  0.014182  -0.011279  0.999836  0.000320  -0.002737  0.000883  0.000000  0.000000  0.000000  2.000000  
27.238013 0.007002  0.098437  -0.009419  0.999597  0.024656  -0.014034  -0.024494  0.999632  0.011628  0.014316  -0.011279  0.999834  0.000443  -0.002580  0.000915  0.000000  0.000000  0.000000  2.000000  
27.239013 0.007003  0.098436  -0.009418  0.999596  0.024658  -0.014168  -0.024494  0.999632  0.011631  0.014450  -0.011279  0.999832  0.000545  -0.002477  0.000897  0.000000  0.000000  0.000000  2.000000  
27.240016 0.007005  0.098435  -0.009417  0.999594  0.024659  -0.014302  -0.024494  0.999632  0.011634  0.014584  -0.011279  0.999830  0.000648  -0.002314  0.000923  0.000000  0.000000  0.000000  2.000000  
27.241276 0.007006  0.098433  -0.009416  0.999590  0.024662  -0.014569  -0.024494  0.999632  0.011641  0.014851  -0.011279  0.999826  0.000757  -0.002143  0.000946  0.000000  0.000000  0.000000  2.000000  
27.242513 0.007008  0.098432  -0.009415  0.999588  0.024664  -0.014703  -0.024493  0.999632  0.011644  0.014985  -0.011279  0.999824  0.000879  -0.001989  0.000940  0.000000  0.000000  0.000000  2.000000  
27.243761 0.007009  0.098430  -0.009414  0.999586  0.024665  -0.014837  -0.024493  0.999632  0.011647  0.015119  -0.011279  0.999822  0.001021  -0.001784  0.000945  0.000000  0.000000  0.000000  2.000000  
27.244767 0.007010  0.098430  -0.009413  0.999582  0.024668  -0.015104  -0.024493  0.999632  0.011654  0.015386  -0.011279  0.999818  0.001081  -0.001614  0.000977  0.000000  0.000000  0.000000  2.000000  
27.246015 0.007012  0.098429  -0.009411  0.999580  0.024668  -0.015241  -0.024493  0.999633  0.011536  0.015520  -0.011158  0.999817  0.001176  -0.001413  0.000989  0.000000  0.000000  0.000000  2.000000  
27.247018 0.007013  0.098429  -0.009410  0.999577  0.024669  -0.015375  -0.024493  0.999633  0.011539  0.015654  -0.011158  0.999815  0.001210  -0.001266  0.000958  0.000000  0.000000  0.000000  2.000000  
27.248019 0.007015  0.098429  -0.009409  0.999575  0.024671  -0.015509  -0.024493  0.999633  0.011542  0.015788  -0.011158  0.999813  0.001292  -0.001060  0.001004  0.000000  0.000000  0.000000  2.000000  
27.249268 0.007016  0.098429  -0.009407  0.999571  0.024674  -0.015776  -0.024493  0.999633  0.011549  0.016055  -0.011158  0.999809  0.001320  -0.000889  0.001057  0.000000  0.000000  0.000000  2.000000  
27.250277 0.007018  0.098429  -0.009406  0.999569  0.024675  -0.015910  -0.024493  0.999633  0.011552  0.016189  -0.011158  0.999807  0.001324  -0.000761  0.001048  0.000000  0.000000  0.000000  2.000000  
27.251279 0.007019  0.098430  -0.009405  0.999567  0.024677  -0.016043  -0.024493  0.999633  0.011556  0.016323  -0.011158  0.999805  0.001284  -0.000616  0.001094  0.000000  0.000000  0.000000  2.000000  
27.252515 0.007020  0.098430  -0.009403  0.999562  0.024680  -0.016311  -0.024493  0.999633  0.011562  0.016590  -0.011158  0.999800  0.001257  -0.000473  0.001106  0.000000  0.000000  0.000000  2.000000  
27.253763 0.007021  0.098431  -0.009402  0.999560  0.024681  -0.016445  -0.024493  0.999633  0.011565  0.016724  -0.011158  0.999798  0.001206  -0.000344  0.001141  0.000000  0.000000  0.000000  2.000000  
27.255011 0.007022  0.098431  -0.009400  0.999558  0.024683  -0.016578  -0.024493  0.999633  0.011569  0.016858  -0.011158  0.999796  0.001146  -0.000252  0.001175  0.000000  0.000000  0.000000  2.000000  
27.256052 0.007022  0.098431  -0.009399  0.999556  0.024684  -0.016712  -0.024493  0.999633  0.011572  0.016992  -0.011157  0.999793  0.001105  -0.000141  0.001182  0.000000  0.000000  0.000000  2.000000  
27.257265 0.007022  0.098431  -0.009398  0.999553  0.024686  -0.016846  -0.024493  0.999633  0.011575  0.017125  -0.011157  0.999791  0.000980  -0.000051  0.001205  0.000000  0.000000  0.000000  2.000000  
27.258274 0.007022  0.098431  -0.009396  0.999551  0.024687  -0.016980  -0.024493  0.999633  0.011579  0.017259  -0.011157  0.999789  0.000896  0.000036  0.001228  0.000000  0.000000  0.000000  2.000000  
27.259517 0.007022  0.098431  -0.009395  0.999546  0.024690  -0.017247  -0.024492  0.999633  0.011585  0.017527  -0.011157  0.999784  0.000766  0.000090  0.001158  0.000000  0.000000  0.000000  2.000000  
27.260783 0.007021  0.098431  -0.009394  0.999544  0.024692  -0.017381  -0.024492  0.999633  0.011588  0.017661  -0.011157  0.999782  0.000649  0.000150  0.001160  0.000000  0.000000  0.000000  2.000000  
27.262015 0.007022  0.098432  -0.009393  0.999542  0.024693  -0.017514  -0.024492  0.999633  0.011592  0.017794  -0.011157  0.999779  0.000559  0.000190  0.001165  0.000000  0.000000  0.000000  2.000000  
27.263016 0.007021  0.098432  -0.009392  0.999539  0.024695  -0.017648  -0.024492  0.999633  0.011595  0.017928  -0.011157  0.999777  0.000412  0.000197  0.001137  0.000000  0.000000  0.000000  2.000000  
27.264018 0.007021  0.098432  -0.009391  0.999539  0.024695  -0.017648  -0.024492  0.999633  0.011595  0.017928  -0.011157  0.999777  0.000290  0.000182  0.001103  0.000000  0.000000  0.000000  2.000000  
27.265267 0.007020  0.098432  -0.009389  0.999537  0.024696  -0.017782  -0.024492  0.999633  0.011598  0.018062  -0.011157  0.999775  0.000165  0.000195  0.001122  0.000000  0.000000  0.000000  2.000000  
27.266276 0.007019  0.098432  -0.009389  0.999534  0.024698  -0.017916  -0.024492  0.999633  0.011601  0.018196  -0.011157  0.999772  0.000047  0.000155  0.001077  0.000000  0.000000  0.000000  2.000000  
27.267518 0.007018  0.098432  -0.009387  0.999532  0.024699  -0.018049  -0.024492  0.999633  0.011605  0.018329  -0.011157  0.999770  -0.000152  0.000084  0.001035  0.000000  0.000000  0.000000  2.000000  
27.268765 0.007017  0.098431  -0.009386  0.999530  0.024701  -0.018183  -0.024492  0.999633  0.011608  0.018463  -0.011157  0.999767  -0.000313  0.000017  0.001005  0.000000  0.000000  0.000000  2.000000  
27.270013 0.007015  0.098431  -0.009385  0.999530  0.024701  -0.018183  -0.024492  0.999633  0.011608  0.018463  -0.011157  0.999767  -0.000424  0.000031  0.001008  0.000000  0.000000  0.000000  2.000000  
27.271015 0.007014  0.098431  -0.009384  0.999527  0.024702  -0.018317  -0.024492  0.999633  0.011611  0.018597  -0.011157  0.999765  -0.000538  -0.000029  0.000993  0.000000  0.000000  0.000000  2.000000  
27.272261 0.007012  0.098430  -0.009383  0.999525  0.024704  -0.018451  -0.024492  0.999633  0.011615  0.018731  -0.011157  0.999762  -0.000657  -0.000088  0.000990  0.000000  0.000000  0.000000  2.000000  
27.273265 0.007011  0.098430  -0.009382  0.999525  0.024704  -0.018451  -0.024492  0.999633  0.011615  0.018731  -0.011157  0.999762  -0.000717  -0.000071  0.000987  0.000000  0.000000  0.000000  2.000000  
27.274275 0.007010  0.098430  -0.009380  0.999530  0.024498  -0.018453  -0.024286  0.999638  0.011611  0.018731  -0.011157  0.999762  -0.000769  -0.000099  0.001017  0.000000  0.000000  0.000000  2.000000  
27.275513 0.007009  0.098430  -0.009379  0.999527  0.024499  -0.018587  -0.024286  0.999638  0.011614  0.018864  -0.011157  0.999760  -0.000828  -0.000077  0.001032  0.000000  0.000000  0.000000  2.000000  
27.276513 0.007008  0.098430  -0.009378  0.999527  0.024499  -0.018587  -0.024286  0.999638  0.011614  0.018864  -0.011157  0.999760  -0.000921  -0.000108  0.001054  0.000000  0.000000  0.000000  2.000000  
27.277519 0.007007  0.098430  -0.009376  0.999525  0.024501  -0.018720  -0.024286  0.999638  0.011617  0.018998  -0.011157  0.999757  -0.000964  -0.000139  0.001049  0.000000  0.000000  0.000000  2.000000  
27.278768 0.007006  0.098430  -0.009375  0.999525  0.024501  -0.018720  -0.024286  0.999638  0.011617  0.018998  -0.011157  0.999757  -0.001005  -0.000166  0.001063  0.000000  0.000000  0.000000  2.000000  
27.280015 0.007005  0.098430  -0.009374  0.999525  0.024501  -0.018720  -0.024286  0.999638  0.011617  0.018998  -0.011157  0.999757  -0.001056  -0.000170  0.001069  0.000000  0.000000  0.000000  2.000000  
27.281018 0.007004  0.098429  -0.009373  0.999522  0.024502  -0.018854  -0.024286  0.999638  0.011620  0.019132  -0.011157  0.999755  -0.001048  -0.000193  0.001079  0.000000  0.000000  0.000000  2.000000  
27.282278 0.007003  0.098429  -0.009371  0.999522  0.024502  -0.018854  -0.024286  0.999638  0.011620  0.019132  -0.011157  0.999755  -0.001028  -0.000161  0.001133  0.000000  0.000000  0.000000  2.000000  
27.283515 0.007002  0.098429  -0.009369  0.999527  0.024297  -0.018857  -0.024080  0.999643  0.011617  0.019132  -0.011157  0.999755  -0.000969  -0.000179  0.001137  0.000000  0.000000  0.000000  2.000000  
27.284767 0.007001  0.098428  -0.009368  0.999527  0.024297  -0.018857  -0.024080  0.999643  0.011617  0.019132  -0.011157  0.999755  -0.000971  -0.000199  0.001181  0.000000  0.000000  0.000000  2.000000  
27.286032 0.007001  0.098428  -0.009366  0.999527  0.024297  -0.018857  -0.024080  0.999643  0.011617  0.019132  -0.011157  0.999755  -0.000891  -0.000166  0.001196  0.000000  0.000000  0.000000  2.000000  
27.287261 0.007000  0.098428  -0.009364  0.999527  0.024297  -0.018857  -0.024080  0.999643  0.011617  0.019132  -0.011157  0.999755  -0.000800  -0.000150  0.001235  0.000000  0.000000  0.000000  2.000000  
27.288265 0.007000  0.098428  -0.009363  0.999527  0.024297  -0.018857  -0.024080  0.999643  0.011617  0.019132  -0.011157  0.999755  -0.000750  -0.000146  0.001230  0.000000  0.000000  0.000000  2.000000  
27.289266 0.007000  0.098428  -0.009362  0.999524  0.024298  -0.018990  -0.024080  0.999642  0.011620  0.019266  -0.011157  0.999752  -0.000700  -0.000142  0.001225  0.000000  0.000000  0.000000  2.000000  
27.290275 0.007000  0.098428  -0.009361  0.999524  0.024298  -0.018990  -0.024080  0.999642  0.011620  0.019266  -0.011157  0.999752  -0.000607  -0.000115  0.001188  0.000000  0.000000  0.000000  2.000000  
27.291277 0.007000  0.098428  -0.009360  0.999524  0.024298  -0.018990  -0.024080  0.999642  0.011620  0.019266  -0.011157  0.999752  -0.000547  -0.000133  0.001192  0.000000  0.000000  0.000000  2.000000  
27.292513 0.007000  0.098428  -0.009359  0.999524  0.024298  -0.018990  -0.024080  0.999642  0.011620  0.019266  -0.011157  0.999752  -0.000448  -0.000100  0.001154  0.000000  0.000000  0.000000  2.000000  
27.293518 0.007000  0.098428  -0.009359  0.999524  0.024298  -0.018990  -0.024080  0.999642  0.011620  0.019266  -0.011157  0.999752  -0.000402  -0.000077  0.001123  0.000000  0.000000  0.000000  2.000000  
27.294519 0.007000  0.098429  -0.009358  0.999524  0.024298  -0.018990  -0.024080  0.999642  0.011620  0.019266  -0.011157  0.999752  -0.000309  -0.000046  0.001102  0.000000  0.000000  0.000000  2.000000  
27.295766 0.007000  0.098429  -0.009357  0.999524  0.024298  -0.018990  -0.024080  0.999642  0.011620  0.019266  -0.011157  0.999752  -0.000247  -0.000043  0.001062  0.000000  0.000000  0.000000  2.000000  
27.296767 0.007000  0.098429  -0.009357  0.999524  0.024298  -0.018990  -0.024080  0.999642  0.011620  0.019266  -0.011157  0.999752  -0.000211  -0.000050  0.000956  0.000000  0.000000  0.000000  2.000000  
27.297768 0.007000  0.098428  -0.009357  0.999524  0.024298  -0.018990  -0.024080  0.999642  0.011620  0.019266  -0.011157  0.999752  -0.000146  -0.000028  0.000875  0.000000  0.000000  0.000000  2.000000  
27.298769 0.007000  0.098428  -0.009357  0.999524  0.024298  -0.018990  -0.024080  0.999642  0.011620  0.019266  -0.011157  0.999752  -0.000081  -0.000005  0.000786  0.000000  0.000000  0.000000  2.000000  
27.300014 0.007000  0.098428  -0.009357  0.999522  0.024300  -0.019124  -0.024080  0.999642  0.011623  0.019400  -0.011157  0.999750  -0.000053  0.000010  0.000660  0.000000  0.000000  0.000000  2.000000  
27.301016 0.007000  0.098428  -0.009357  0.999522  0.024300  -0.019124  -0.024080  0.999642  0.011623  0.019400  -0.011157  0.999750  -0.000030  0.000006  0.000591  0.000000  0.000000  0.000000  2.000000  
27.302018 0.007000  0.098428  -0.009357  0.999527  0.024094  -0.019126  -0.023874  0.999647  0.011619  0.019400  -0.011157  0.999750  -0.000004  0.000022  0.000486  0.000000  0.000000  0.000000  2.000000  
27.303269 0.007000  0.098428  -0.009358  0.999527  0.024094  -0.019126  -0.023874  0.999647  0.011619  0.019400  -0.011157  0.999750  0.000031  0.000015  0.000380  0.000000  0.000000  0.000000  2.000000  
27.304511 0.007001  0.098429  -0.009358  0.999527  0.024094  -0.019126  -0.023874  0.999647  0.011619  0.019400  -0.011157  0.999750  0.000077  0.000081  0.000272  0.000000  0.000000  0.000000  2.000000  
27.305513 0.007001  0.098429  -0.009358  0.999524  0.024095  -0.019260  -0.023874  0.999647  0.011622  0.019533  -0.011157  0.999747  0.000084  0.000047  0.000150  0.000000  0.000000  0.000000  2.000000  
27.306766 0.007001  0.098429  -0.009359  0.999524  0.024095  -0.019260  -0.023874  0.999647  0.011622  0.019533  -0.011157  0.999747  0.000080  0.000033  0.000015  0.000000  0.000000  0.000000  2.000000  
27.308013 0.007001  0.098429  -0.009360  0.999521  0.024097  -0.019394  -0.023874  0.999647  0.011626  0.019667  -0.011157  0.999744  0.000082  0.000053  -0.000029  0.000000  0.000000  0.000000  2.000000  
27.309019 0.007002  0.098429  -0.009360  0.999521  0.024097  -0.019394  -0.023874  0.999647  0.011626  0.019667  -0.011157  0.999744  0.000080  0.000040  -0.000165  0.000000  0.000000  0.000000  2.000000  
27.310268 0.007002  0.098429  -0.009360  0.999521  0.024097  -0.019394  -0.023874  0.999647  0.011626  0.019667  -0.011157  0.999744  0.000078  0.000040  -0.000162  0.000000  0.000000  0.000000  2.000000  
27.311281 0.007002  0.098429  -0.009361  0.999519  0.024098  -0.019528  -0.023874  0.999647  0.011629  0.019801  -0.011157  0.999742  0.000094  0.000058  -0.000244  0.000000  0.000000  0.000000  2.000000  
27.312515 0.007001  0.098429  -0.009361  0.999519  0.024098  -0.019528  -0.023874  0.999647  0.011629  0.019801  -0.011157  0.999742  0.000063  0.000029  -0.000260  0.000000  0.000000  0.000000  2.000000  
27.313515 0.007001  0.098429  -0.009362  0.999516  0.024100  -0.019661  -0.023874  0.999647  0.011632  0.019935  -0.011157  0.999739  0.000066  0.000049  -0.000304  0.000000  0.000000  0.000000  2.000000  
27.314516 0.007001  0.098429  -0.009362  0.999516  0.024100  -0.019661  -0.023874  0.999647  0.011632  0.019935  -0.011157  0.999739  0.000067  0.000050  -0.000309  0.000000  0.000000  0.000000  2.000000  
27.315765 0.007001  0.098429  -0.009362  0.999514  0.024101  -0.019795  -0.023874  0.999647  0.011635  0.020068  -0.011157  0.999736  0.000069  0.000069  -0.000348  0.000000  0.000000  0.000000  2.000000  
27.316765 0.007002  0.098430  -0.009362  0.999514  0.024101  -0.019795  -0.023874  0.999647  0.011635  0.020068  -0.011157  0.999736  0.000098  0.000097  -0.000327  0.000000  0.000000  0.000000  2.000000  
27.318015 0.007002  0.098430  -0.009362  0.999516  0.023897  -0.019931  -0.023668  0.999652  0.011634  0.020202  -0.011157  0.999734  0.000088  0.000101  -0.000298  0.000000  0.000000  0.000000  2.000000  
27.319265 0.007002  0.098430  -0.009362  0.999513  0.023898  -0.020065  -0.023668  0.999652  0.011637  0.020336  -0.011157  0.999731  0.000085  0.000081  -0.000253  0.000000  0.000000  0.000000  2.000000  
27.320511 0.007002  0.098430  -0.009362  0.999513  0.023898  -0.020065  -0.023668  0.999652  0.011637  0.020336  -0.011157  0.999731  0.000063  0.000104  -0.000223  0.000000  0.000000  0.000000  2.000000  
27.321513 0.007002  0.098430  -0.009361  0.999510  0.023900  -0.020199  -0.023668  0.999652  0.011641  0.020470  -0.011157  0.999728  0.000040  0.000110  -0.000157  0.000000  0.000000  0.000000  2.000000  
27.322763 0.007002  0.098431  -0.009361  0.999508  0.023901  -0.020332  -0.023668  0.999652  0.011644  0.020604  -0.011157  0.999725  0.000066  0.000117  -0.000090  0.000000  0.000000  0.000000  2.000000  
27.324011 0.007002  0.098431  -0.009360  0.999505  0.023903  -0.020466  -0.023668  0.999652  0.011647  0.020737  -0.011157  0.999723  0.000052  0.000099  -0.000012  0.000000  0.000000  0.000000  2.000000  
27.325011 0.007003  0.098431  -0.009359  0.999505  0.023905  -0.020463  -0.023668  0.999651  0.011768  0.020737  -0.011278  0.999721  0.000070  0.000130  0.000043  0.000000  0.000000  0.000000  2.000000  
27.326017 0.007002  0.098431  -0.009359  0.999502  0.023907  -0.020597  -0.023668  0.999651  0.011771  0.020871  -0.011278  0.999719  0.000055  0.000112  0.000121  0.000000  0.000000  0.000000  2.000000  
27.327268 0.007003  0.098432  -0.009358  0.999499  0.023908  -0.020731  -0.023668  0.999651  0.011774  0.021005  -0.011278  0.999716  0.000073  0.000143  0.000176  0.000000  0.000000  0.000000  2.000000  
27.328320 0.007002  0.098432  -0.009358  0.999496  0.023910  -0.020864  -0.023668  0.999651  0.011778  0.021139  -0.011278  0.999713  0.000080  0.000178  0.000269  0.000000  0.000000  0.000000  2.000000  
27.329530 0.007003  0.098432  -0.009357  0.999494  0.023911  -0.020998  -0.023668  0.999650  0.011781  0.021272  -0.011278  0.999710  0.000098  0.000210  0.000326  0.000000  0.000000  0.000000  2.000000  
27.330767 0.007003  0.098433  -0.009356  0.999496  0.023707  -0.021134  -0.023462  0.999655  0.011780  0.021406  -0.011278  0.999707  0.000113  0.000221  0.000426  0.000000  0.000000  0.000000  2.000000  
27.332014 0.007004  0.098433  -0.009355  0.999493  0.023709  -0.021268  -0.023462  0.999655  0.011783  0.021540  -0.011278  0.999704  0.000129  0.000248  0.000474  0.000000  0.000000  0.000000  2.000000  
27.333035 0.007004  0.098433  -0.009354  0.999490  0.023710  -0.021402  -0.023462  0.999655  0.011786  0.021674  -0.011278  0.999701  0.000119  0.000254  0.000517  0.000000  0.000000  0.000000  2.000000  
27.334270 0.007004  0.098434  -0.009353  0.999487  0.023712  -0.021535  -0.023462  0.999655  0.011789  0.021807  -0.011278  0.999699  0.000108  0.000257  0.000553  0.000000  0.000000  0.000000  2.000000  
27.335516 0.007004  0.098434  -0.009353  0.999484  0.023713  -0.021669  -0.023461  0.999655  0.011792  0.021941  -0.011278  0.999696  0.000146  0.000264  0.000582  0.000000  0.000000  0.000000  2.000000  
27.336762 0.007005  0.098434  -0.009352  0.999481  0.023715  -0.021803  -0.023461  0.999655  0.011795  0.022075  -0.011278  0.999693  0.000182  0.000266  0.000602  0.000000  0.000000  0.000000  2.000000  
27.337764 0.007004  0.098435  -0.009352  0.999478  0.023716  -0.021937  -0.023461  0.999655  0.011798  0.022209  -0.011278  0.999690  0.000156  0.000241  0.000591  0.000000  0.000000  0.000000  2.000000  
27.338764 0.007005  0.098435  -0.009351  0.999475  0.023718  -0.022070  -0.023461  0.999655  0.011802  0.022343  -0.011278  0.999687  0.000176  0.000293  0.000603  0.000000  0.000000  0.000000  2.000000  
27.340013 0.007005  0.098435  -0.009351  0.999472  0.023719  -0.022204  -0.023461  0.999655  0.011805  0.022476  -0.011278  0.999684  0.000146  0.000264  0.000582  0.000000  0.000000  0.000000  2.000000  
27.341276 0.007005  0.098435  -0.009351  0.999466  0.023722  -0.022471  -0.023461  0.999655  0.011811  0.022744  -0.011277  0.999678  0.000200  0.000288  0.000532  0.000000  0.000000  0.000000  2.000000  
27.342518 0.007006  0.098436  -0.009350  0.999463  0.023724  -0.022605  -0.023461  0.999655  0.011814  0.022878  -0.011277  0.999675  0.000194  0.000264  0.000568  0.000000  0.000000  0.000000  2.000000  
27.343762 0.007006  0.098436  -0.009350  0.999460  0.023725  -0.022739  -0.023461  0.999655  0.011817  0.023011  -0.011277  0.999672  0.000176  0.000233  0.000512  0.000000  0.000000  0.000000  2.000000  
27.344770 0.007006  0.098436  -0.009349  0.999457  0.023727  -0.022873  -0.023461  0.999655  0.011820  0.023145  -0.011277  0.999669  0.000203  0.000232  0.000450  0.000000  0.000000  0.000000  2.000000  
27.346015 0.007006  0.098436  -0.009349  0.999459  0.023522  -0.023009  -0.023255  0.999660  0.011819  0.023279  -0.011277  0.999665  0.000173  0.000203  0.000430  0.000000  0.000000  0.000000  2.000000  
27.347266 0.007006  0.098436  -0.009349  0.999455  0.023524  -0.023142  -0.023255  0.999660  0.011822  0.023413  -0.011277  0.999662  0.000141  0.000171  0.000402  0.000000  0.000000  0.000000  2.000000  
27.348268 0.007006  0.098436  -0.009349  0.999452  0.023525  -0.023276  -0.023255  0.999660  0.011825  0.023546  -0.011277  0.999659  0.000124  0.000141  0.000347  0.000000  0.000000  0.000000  2.000000  
27.349517 0.007006  0.098436  -0.009348  0.999449  0.023527  -0.023410  -0.023255  0.999660  0.011828  0.023680  -0.011277  0.999656  0.000096  0.000114  0.000333  0.000000  0.000000  0.000000  2.000000  
27.350765 0.007006  0.098436  -0.009348  0.999446  0.023528  -0.023544  -0.023255  0.999660  0.011831  0.023814  -0.011277  0.999653  0.000108  0.000112  0.000297  0.000000  0.000000  0.000000  2.000000  
27.351765 0.007006  0.098436  -0.009348  0.999443  0.023530  -0.023677  -0.023255  0.999660  0.011834  0.023948  -0.011277  0.999650  0.000069  0.000105  0.000268  0.000000  0.000000  0.000000  2.000000  
27.353012 0.007005  0.098435  -0.009348  0.999443  0.023530  -0.023677  -0.023255  0.999660  0.011834  0.023948  -0.011277  0.999650  0.000048  0.000054  0.000256  0.000000  0.000000  0.000000  2.000000  
27.354013 0.007005  0.098435  -0.009348  0.999439  0.023531  -0.023811  -0.023255  0.999659  0.011837  0.024081  -0.011277  0.999646  0.000018  0.000024  0.000232  0.000000  0.000000  0.000000  2.000000  
27.355266 0.007005  0.098435  -0.009348  0.999436  0.023533  -0.023945  -0.023255  0.999659  0.011841  0.024215  -0.011277  0.999643  -0.000011  -0.000005  0.000215  0.000000  0.000000  0.000000  2.000000  
27.356512 0.007005  0.098435  -0.009348  0.999433  0.023534  -0.024078  -0.023254  0.999659  0.011844  0.024349  -0.011277  0.999640  -0.000040  -0.000033  0.000191  0.000000  0.000000  0.000000  2.000000  
27.357518 0.007004  0.098434  -0.009348  0.999430  0.023536  -0.024212  -0.023254  0.999659  0.011847  0.024483  -0.011277  0.999637  -0.000098  -0.000072  0.000109  0.000000  0.000000  0.000000  2.000000  
27.358772 0.007004  0.098435  -0.009347  0.999426  0.023537  -0.024346  -0.023254  0.999659  0.011850  0.024616  -0.011277  0.999633  -0.000109  -0.000069  0.000144  0.000000  0.000000  0.000000  2.000000  
27.360011 0.007004  0.098434  -0.009348  0.999428  0.023333  -0.024482  -0.023048  0.999664  0.011848  0.024750  -0.011277  0.999630  -0.000166  -0.000126  0.000101  0.000000  0.000000  0.000000  2.000000  
27.361019 0.007003  0.098434  -0.009347  0.999428  0.023333  -0.024482  -0.023048  0.999664  0.011848  0.024750  -0.011277  0.999630  -0.000169  -0.000128  0.000103  0.000000  0.000000  0.000000  2.000000  
27.362277 0.007003  0.098434  -0.009347  0.999425  0.023335  -0.024616  -0.023048  0.999664  0.011851  0.024884  -0.011277  0.999627  -0.000210  -0.000154  0.000117  0.000000  0.000000  0.000000  2.000000  
27.363516 0.007002  0.098433  -0.009347  0.999421  0.023336  -0.024749  -0.023048  0.999664  0.011854  0.025018  -0.011277  0.999623  -0.000236  -0.000181  0.000095  0.000000  0.000000  0.000000  2.000000  
27.364521 0.007002  0.098433  -0.009347  0.999418  0.023338  -0.024883  -0.023048  0.999664  0.011857  0.025151  -0.011277  0.999620  -0.000240  -0.000183  0.000097  0.000000  0.000000  0.000000  2.000000  
27.365765 0.007001  0.098433  -0.009347  0.999418  0.023338  -0.024883  -0.023048  0.999664  0.011857  0.025151  -0.011277  0.999620  -0.000277  -0.000207  0.000110  0.000000  0.000000  0.000000  2.000000  
27.366766 0.007001  0.098432  -0.009347  0.999415  0.023339  -0.025017  -0.023048  0.999664  0.011860  0.025285  -0.011277  0.999617  -0.000312  -0.000239  0.000091  0.000000  0.000000  0.000000  2.000000  
27.368015 0.007000  0.098432  -0.009347  0.999411  0.023341  -0.025151  -0.023048  0.999664  0.011863  0.025419  -0.011277  0.999613  -0.000321  -0.000217  0.000082  0.000000  0.000000  0.000000  2.000000  
27.369265 0.007000  0.098432  -0.009346  0.999411  0.023341  -0.025151  -0.023048  0.999664  0.011863  0.025419  -0.011277  0.999613  -0.000357  -0.000240  0.000095  0.000000  0.000000  0.000000  2.000000  
27.370275 0.006999  0.098432  -0.009347  0.999408  0.023342  -0.025284  -0.023048  0.999664  0.011866  0.025553  -0.011277  0.999610  -0.000360  -0.000224  0.000052  0.000000  0.000000  0.000000  2.000000  
27.371277 0.006999  0.098432  -0.009346  0.999408  0.023342  -0.025284  -0.023048  0.999664  0.011866  0.025553  -0.011277  0.999610  -0.000371  -0.000221  0.000087  0.000000  0.000000  0.000000  2.000000  
27.372513 0.006999  0.098432  -0.009347  0.999404  0.023344  -0.025418  -0.023048  0.999664  0.011870  0.025687  -0.011277  0.999606  -0.000375  -0.000196  0.000077  0.000000  0.000000  0.000000  2.000000  
27.373518 0.006998  0.098431  -0.009347  0.999404  0.023344  -0.025418  -0.023048  0.999664  0.011870  0.025687  -0.011277  0.999606  -0.000411  -0.000228  0.000058  0.000000  0.000000  0.000000  2.000000  
27.374766 0.006997  0.098431  -0.009347  0.999401  0.023345  -0.025552  -0.023048  0.999664  0.011873  0.025820  -0.011277  0.999603  -0.000420  -0.000206  0.000048  0.000000  0.000000  0.000000  2.000000  
27.376014 0.006997  0.098431  -0.009348  0.999397  0.023347  -0.025685  -0.023048  0.999664  0.011876  0.025954  -0.011277  0.999600  -0.000440  -0.000211  -0.000016  0.000000  0.000000  0.000000  2.000000  
27.377269 0.006996  0.098431  -0.009347  0.999397  0.023347  -0.025685  -0.023048  0.999664  0.011876  0.025954  -0.011277  0.999600  -0.000449  -0.000189  -0.000025  0.000000  0.000000  0.000000  2.000000  
27.378280 0.006996  0.098430  -0.009348  0.999394  0.023348  -0.025819  -0.023048  0.999664  0.011879  0.026088  -0.011277  0.999596  -0.000456  -0.000192  -0.000025  0.000000  0.000000  0.000000  2.000000  
27.379518 0.006995  0.098430  -0.009348  0.999394  0.023348  -0.025819  -0.023048  0.999664  0.011879  0.026088  -0.011277  0.999596  -0.000487  -0.000196  -0.000054  0.000000  0.000000  0.000000  2.000000  
27.380772 0.006994  0.098430  -0.009348  0.999390  0.023350  -0.025953  -0.023048  0.999664  0.011882  0.026222  -0.011277  0.999593  -0.000492  -0.000179  -0.000099  0.000000  0.000000  0.000000  2.000000  
27.382015 0.006994  0.098430  -0.009349  0.999390  0.023350  -0.025953  -0.023048  0.999664  0.011882  0.026222  -0.011277  0.999593  -0.000482  -0.000156  -0.000141  0.000000  0.000000  0.000000  2.000000  
27.383267 0.006993  0.098430  -0.009348  0.999387  0.023351  -0.026087  -0.023048  0.999664  0.011885  0.026355  -0.011276  0.999589  -0.000493  -0.000154  -0.000107  0.000000  0.000000  0.000000  2.000000  
27.384269 0.006993  0.098430  -0.009348  0.999383  0.023353  -0.026220  -0.023047  0.999664  0.011888  0.026489  -0.011276  0.999586  -0.000469  -0.000107  -0.000132  0.000000  0.000000  0.000000  2.000000  
27.385269 0.006992  0.098430  -0.009349  0.999383  0.023353  -0.026220  -0.023047  0.999664  0.011888  0.026489  -0.011276  0.999586  -0.000452  -0.000127  -0.000121  0.000000  0.000000  0.000000  2.000000  
27.386514 0.006992  0.098430  -0.009349  0.999380  0.023354  -0.026354  -0.023047  0.999664  0.011891  0.026623  -0.011276  0.999582  -0.000418  -0.000102  -0.000138  0.000000  0.000000  0.000000  2.000000  
27.387517 0.006992  0.098430  -0.009349  0.999380  0.023354  -0.026354  -0.023047  0.999664  0.011891  0.026623  -0.011276  0.999582  -0.000448  -0.000132  -0.000158  0.000000  0.000000  0.000000  2.000000  
27.388523 0.006992  0.098430  -0.009349  0.999376  0.023356  -0.026488  -0.023047  0.999664  0.011894  0.026757  -0.011276  0.999578  -0.000407  -0.000105  -0.000173  0.000000  0.000000  0.000000  2.000000  
27.389531 0.006991  0.098429  -0.009349  0.999376  0.023356  -0.026488  -0.023047  0.999664  0.011894  0.026757  -0.011276  0.999578  -0.000397  -0.000127  -0.000164  0.000000  0.000000  0.000000  2.000000  
27.390761 0.006991  0.098429  -0.009350  0.999373  0.023357  -0.026621  -0.023047  0.999664  0.011897  0.026890  -0.011276  0.999575  -0.000382  -0.000147  -0.000152  0.000000  0.000000  0.000000  2.000000  
27.391761 0.006991  0.098428  -0.009350  0.999369  0.023359  -0.026755  -0.023047  0.999664  0.011900  0.027024  -0.011276  0.999571  -0.000361  -0.000171  -0.000178  0.000000  0.000000  0.000000  2.000000  
27.392763 0.006991  0.098428  -0.009350  0.999365  0.023360  -0.026889  -0.023047  0.999664  0.011903  0.027158  -0.011276  0.999568  -0.000340  -0.000196  -0.000204  0.000000  0.000000  0.000000  2.000000  
27.394015 0.006991  0.098428  -0.009350  0.999370  0.023155  -0.026891  -0.022841  0.999668  0.011898  0.027158  -0.011276  0.999568  -0.000290  -0.000191  -0.000209  0.000000  0.000000  0.000000  2.000000  
27.395016 0.006991  0.098427  -0.009351  0.999367  0.023156  -0.027025  -0.022841  0.999668  0.011901  0.027292  -0.011276  0.999564  -0.000277  -0.000239  -0.000195  0.000000  0.000000  0.000000  2.000000  
27.396018 0.006991  0.098427  -0.009351  0.999363  0.023158  -0.027159  -0.022841  0.999668  0.011904  0.027425  -0.011276  0.999560  -0.000247  -0.000210  -0.000174  0.000000  0.000000  0.000000  2.000000  
27.397089 0.006991  0.098427  -0.009351  0.999359  0.023159  -0.027292  -0.022841  0.999668  0.011907  0.027559  -0.011276  0.999557  -0.000186  -0.000227  -0.000170  0.000000  0.000000  0.000000  2.000000  
27.398270 0.006990  0.098426  -0.009351  0.999355  0.023164  -0.027423  -0.022841  0.999667  0.012031  0.027693  -0.011397  0.999552  -0.000187  -0.000228  -0.000170  0.000000  0.000000  0.000000  2.000000  
27.399516 0.006990  0.098426  -0.009350  0.999352  0.023165  -0.027557  -0.022841  0.999667  0.012034  0.027827  -0.011397  0.999548  -0.000151  -0.000242  -0.000096  0.000000  0.000000  0.000000  2.000000  
27.400518 0.006990  0.098426  -0.009350  0.999348  0.023167  -0.027691  -0.022841  0.999667  0.012038  0.027960  -0.011397  0.999544  -0.000151  -0.000242  -0.000096  0.000000  0.000000  0.000000  2.000000  
27.401765 0.006990  0.098426  -0.009350  0.999344  0.023168  -0.027824  -0.022841  0.999667  0.012041  0.028094  -0.011397  0.999540  -0.000112  -0.000235  -0.000067  0.000000  0.000000  0.000000  2.000000  
27.403012 0.006990  0.098426  -0.009349  0.999341  0.023170  -0.027958  -0.022841  0.999667  0.012044  0.028228  -0.011397  0.999537  -0.000103  -0.000273  -0.000013  0.000000  0.000000  0.000000  2.000000  
27.404016 0.006990  0.098425  -0.009350  0.999337  0.023171  -0.028092  -0.022841  0.999667  0.012047  0.028362  -0.011397  0.999533  -0.000105  -0.000278  -0.000013  0.000000  0.000000  0.000000  2.000000  
27.405262 0.006990  0.098425  -0.009349  0.999329  0.023175  -0.028359  -0.022840  0.999666  0.012053  0.028629  -0.011397  0.999525  -0.000115  -0.000271  0.000022  0.000000  0.000000  0.000000  2.000000  
27.406268 0.006990  0.098425  -0.009349  0.999330  0.022970  -0.028495  -0.022635  0.999671  0.012050  0.028763  -0.011397  0.999521  -0.000077  -0.000264  0.000051  0.000000  0.000000  0.000000  2.000000  
27.407511 0.006990  0.098425  -0.009349  0.999322  0.022973  -0.028763  -0.022634  0.999671  0.012056  0.029030  -0.011397  0.999514  -0.000109  -0.000238  0.000111  0.000000  0.000000  0.000000  2.000000  
