1-Time 2-Px 3-Py 4-Pz 5-R11 6-R21 7-R31 8-R12 9-R22 10-R32 11-R13 12-R23 13-R33 14-Vx 15-Vy 16-Vz 17-Wx 18-Wy 19-Wz 20-state 21-PR11 22-PR21 23-PR31 24-PR12 25-PR22 26-PR32 27-PR13 28-PR23 29-PR33 
210.292011 0.004505  0.090402  -0.025968  0.996515  0.047520  0.068549  -0.071103  0.054340  0.995988  0.043605  -0.997391  0.057529  -0.000039  0.000325  -0.000741  0.000000  0.000000  0.000000  2.000000  
210.293016 0.004505  0.090401  -0.025969  0.996515  0.047520  0.068549  -0.071103  0.054340  0.995988  0.043605  -0.997391  0.057529  -0.000052  0.000273  -0.000792  0.000000  0.000000  0.000000  2.000000  
210.294262 0.004505  0.090400  -0.025971  0.996507  0.047407  0.068755  -0.071309  0.054460  0.995966  0.043471  -0.997390  0.057651  -0.000046  0.000148  -0.000782  0.000000  0.000000  0.000000  2.000000  
210.295263 0.004505  0.090398  -0.025972  0.996503  0.047152  0.068976  -0.071515  0.054470  0.995951  0.043204  -0.997402  0.057651  -0.000030  0.000021  -0.000811  0.000000  0.000000  0.000000  2.000000  
210.296263 0.004505  0.090397  -0.025972  0.996500  0.046897  0.069196  -0.071721  0.054479  0.995936  0.042936  -0.997413  0.057652  -0.000014  -0.000129  -0.000793  0.000000  0.000000  0.000000  2.000000  
210.297266 0.004506  0.090394  -0.025973  0.996497  0.046650  0.069411  -0.071927  0.054610  0.995914  0.042669  -0.997417  0.057774  0.000021  -0.000306  -0.000808  0.000000  0.000000  0.000000  2.000000  
210.298529 0.004506  0.090392  -0.025974  0.996502  0.046517  0.069419  -0.071927  0.054619  0.995913  0.042535  -0.997423  0.057774  0.000075  -0.000532  -0.000806  0.000000  0.000000  0.000000  2.000000  
210.299764 0.004507  0.090389  -0.025974  0.996493  0.046403  0.069626  -0.072133  0.054740  0.995892  0.042401  -0.997422  0.057895  0.000133  -0.000706  -0.000715  0.000000  0.000000  0.000000  2.000000  
210.300767 0.004508  0.090387  -0.025975  0.996478  0.046423  0.069825  -0.072338  0.054851  0.995871  0.042401  -0.997415  0.058016  0.000209  -0.000859  -0.000751  0.000000  0.000000  0.000000  2.000000  
210.302009 0.004509  0.090385  -0.025976  0.996469  0.046301  0.070038  -0.072544  0.054851  0.995856  0.042268  -0.997420  0.058017  0.000244  -0.001037  -0.000767  0.000000  0.000000  0.000000  2.000000  
210.303009 0.004509  0.090383  -0.025978  0.996465  0.046055  0.070253  -0.072750  0.054982  0.995834  0.042000  -0.997425  0.058138  0.000283  -0.001172  -0.000856  0.000000  0.000000  0.000000  2.000000  
210.304014 0.004509  0.090381  -0.025979  0.996462  0.045800  0.070474  -0.072956  0.054992  0.995818  0.041733  -0.997436  0.058139  0.000272  -0.001366  -0.000870  0.000000  0.000000  0.000000  2.000000  
210.305264 0.004509  0.090377  -0.025981  0.996448  0.045432  0.070901  -0.073367  0.055124  0.995780  0.041332  -0.997445  0.058261  0.000304  -0.001621  -0.000930  0.000000  0.000000  0.000000  2.000000  
210.306528 0.004509  0.090374  -0.025981  0.996434  0.045073  0.071324  -0.073779  0.055376  0.995736  0.040931  -0.997448  0.058504  0.000285  -0.001893  -0.000925  0.000000  0.000000  0.000000  2.000000  
210.307767 0.004509  0.090370  -0.025982  0.996435  0.044694  0.071547  -0.073985  0.055517  0.995713  0.040530  -0.997457  0.058626  0.000280  -0.002143  -0.000822  0.000000  0.000000  0.000000  2.000000  
210.308768 0.004508  0.090367  -0.025982  0.996446  0.044445  0.071552  -0.073986  0.055778  0.995698  0.040263  -0.997453  0.058868  0.000237  -0.002265  -0.000796  0.000000  0.000000  0.000000  2.000000  
210.309773 0.004507  0.090363  -0.025982  0.996442  0.044199  0.071767  -0.074192  0.055910  0.995675  0.039995  -0.997457  0.058990  0.000152  -0.002411  -0.000747  0.000000  0.000000  0.000000  2.000000  
210.311015 0.004505  0.090358  -0.025984  0.996437  0.043962  0.071977  -0.074398  0.056162  0.995646  0.039728  -0.997453  0.059233  0.000004  -0.002586  -0.000785  0.000000  0.000000  0.000000  2.000000  
210.312262 0.004503  0.090354  -0.025986  0.996417  0.043736  0.072392  -0.074809  0.056406  0.995601  0.039460  -0.997450  0.059475  -0.000183  -0.002714  -0.000834  0.000000  0.000000  0.000000  2.000000  
210.313517 0.004501  0.090349  -0.025989  0.996412  0.043499  0.072602  -0.075015  0.056658  0.995572  0.039193  -0.997446  0.059718  -0.000370  -0.002841  -0.000991  0.000000  0.000000  0.000000  2.000000  
210.314525 0.004499  0.090346  -0.025992  0.996422  0.043242  0.072613  -0.075015  0.056799  0.995563  0.038926  -0.997449  0.059839  -0.000527  -0.002916  -0.001176  0.000000  0.000000  0.000000  2.000000  
210.315763 0.004498  0.090343  -0.025996  0.996417  0.043005  0.072824  -0.075221  0.057052  0.995533  0.038658  -0.997445  0.060082  -0.000684  -0.002970  -0.001410  0.000000  0.000000  0.000000  2.000000  
210.316766 0.004496  0.090340  -0.025999  0.996407  0.042892  0.073031  -0.075427  0.057174  0.995511  0.038524  -0.997442  0.060203  -0.000842  -0.003045  -0.001570  0.000000  0.000000  0.000000  2.000000  
210.318009 0.004494  0.090336  -0.026003  0.996417  0.042644  0.073037  -0.075428  0.057435  0.995496  0.038257  -0.997438  0.060446  -0.000979  -0.003099  -0.001700  0.000000  0.000000  0.000000  2.000000  
210.319011 0.004493  0.090334  -0.026006  0.996407  0.042532  0.073245  -0.075633  0.057557  0.995473  0.038123  -0.997436  0.060567  -0.001048  -0.003100  -0.001814  -0.095996  -0.155569  -0.170993  2.000000  
210.320259 0.004491  0.090330  -0.026010  0.996417  0.042283  0.073251  -0.075634  0.057819  0.995458  0.037856  -0.997431  0.060810  -0.001233  -0.003126  -0.001975  -0.104207  -0.156180  -0.180018  2.000000  
210.321259 0.004488  0.090327  -0.026014  0.996406  0.042171  0.073459  -0.075839  0.057941  0.995435  0.037722  -0.997429  0.060931  -0.001399  -0.003179  -0.002168  -0.107711  -0.170515  -0.188150  2.000000  
210.322261 0.004485  0.090323  -0.026018  0.996411  0.042047  0.073462  -0.075840  0.058072  0.995428  0.037589  -0.997427  0.061052  -0.001566  -0.003207  -0.002408  -0.110863  -0.169363  -0.191016  2.000000  
210.323263 0.004482  0.090319  -0.026022  0.996401  0.041944  0.073665  -0.076045  0.058315  0.995398  0.037455  -0.997417  0.061295  -0.001746  -0.003289  -0.002700  -0.118665  -0.176471  -0.195011  2.000000  
210.324284 0.004479  0.090315  -0.026027  0.996401  0.041953  0.073660  -0.076045  0.058436  0.995391  0.037455  -0.997409  0.061416  -0.001935  -0.003373  -0.003029  -0.120205  -0.163586  -0.188413  2.000000  
210.325529 0.004474  0.090310  -0.026033  0.996401  0.041970  0.073649  -0.076045  0.058677  0.995376  0.037455  -0.997394  0.061658  -0.002094  -0.003379  -0.003360  -0.128626  -0.156136  -0.179787  2.000000  
210.326764 0.004471  0.090305  -0.026039  0.996401  0.041997  0.073634  -0.076045  0.059039  0.995355  0.037455  -0.997372  0.062021  -0.002225  -0.003389  -0.003630  0.000000  0.000000  0.000000  2.000000  
210.327764 0.004468  0.090302  -0.026043  0.996401  0.042006  0.073629  -0.076045  0.059160  0.995348  0.037455  -0.997364  0.062142  -0.002243  -0.003338  -0.003742  0.000000  0.000000  0.000000  2.000000  
210.329013 0.004466  0.090298  -0.026048  0.996390  0.041912  0.073827  -0.076251  0.059524  0.995310  0.037321  -0.997347  0.062505  -0.002285  -0.003292  -0.003862  0.000000  0.000000  0.000000  2.000000  
210.330013 0.004464  0.090295  -0.026053  0.996390  0.041930  0.073817  -0.076251  0.059765  0.995296  0.037321  -0.997331  0.062747  -0.002334  -0.003299  -0.003982  -0.156290  -0.147150  -0.160923  2.000000  
210.331013 0.004462  0.090293  -0.026057  0.996395  0.041806  0.073820  -0.076251  0.059896  0.995288  0.037187  -0.997329  0.062868  -0.002384  -0.003273  -0.004015  -0.157856  -0.141747  -0.167132  2.000000  
210.332014 0.004460  0.090291  -0.026061  0.996390  0.041957  0.073802  -0.076251  0.060128  0.995274  0.037321  -0.997309  0.063110  -0.002403  -0.003199  -0.004077  -0.166282  -0.134038  -0.154055  2.000000  
210.333259 0.004458  0.090288  -0.026066  0.996390  0.041975  0.073791  -0.076251  0.060369  0.995259  0.037321  -0.997293  0.063352  -0.002428  -0.003150  -0.004143  -0.169243  -0.125575  -0.144275  2.000000  
210.334265 0.004455  0.090286  -0.026070  0.996385  0.042126  0.073773  -0.076250  0.060600  0.995245  0.037455  -0.997273  0.063593  -0.002499  -0.003153  -0.004189  -0.175284  -0.112021  -0.132829  2.000000  
210.335511 0.004453  0.090283  -0.026075  0.996380  0.042277  0.073754  -0.076250  0.060831  0.995231  0.037589  -0.997252  0.063835  -0.002473  -0.003108  -0.004269  -0.178183  -0.103196  -0.114337  2.000000  
210.336517 0.004451  0.090280  -0.026080  0.996380  0.042295  0.073744  -0.076250  0.061073  0.995217  0.037589  -0.997237  0.064077  -0.002447  -0.003057  -0.004391  -0.182825  -0.089003  -0.106282  2.000000  
210.337761 0.004447  0.090275  -0.026087  0.996396  0.042309  0.073523  -0.076045  0.061444  0.995209  0.037589  -0.997213  0.064440  -0.002413  -0.003038  -0.004460  -0.191438  -0.074500  -0.093732  2.000000  
210.339013 0.004444  0.090271  -0.026094  0.996396  0.042327  0.073513  -0.076045  0.061685  0.995195  0.037589  -0.997198  0.064682  -0.002363  -0.002971  -0.004582  -0.191683  -0.067115  -0.085219  2.000000  
210.340259 0.004441  0.090267  -0.026100  0.996396  0.042353  0.073498  -0.076045  0.062047  0.995172  0.037589  -0.997174  0.065044  -0.002263  -0.002922  -0.004555  -0.196012  -0.059468  -0.072272  2.000000  
210.341264 0.004439  0.090263  -0.026105  0.996391  0.042504  0.073479  -0.076044  0.062279  0.995158  0.037722  -0.997153  0.065286  -0.002201  -0.002873  -0.004519  -0.200350  -0.052088  -0.063794  2.000000  
210.342519 0.004437  0.090260  -0.026110  0.996391  0.042531  0.073463  -0.076044  0.062641  0.995135  0.037722  -0.997130  0.065649  -0.002110  -0.002819  -0.004518  -0.202248  -0.044787  -0.051260  2.000000  
210.343764 0.004436  0.090257  -0.026114  0.996386  0.042682  0.073444  -0.076044  0.062872  0.995120  0.037856  -0.997109  0.065890  -0.002024  -0.002743  -0.004423  -0.206622  -0.037053  -0.038227  2.000000  
210.344764 0.004435  0.090256  -0.026117  0.996386  0.042700  0.073434  -0.076044  0.063113  0.995105  0.037856  -0.997092  0.066132  -0.001929  -0.002648  -0.004314  -0.206861  -0.029589  -0.029672  2.000000  
210.346014 0.004434  0.090253  -0.026121  0.996381  0.042850  0.073415  -0.076044  0.063345  0.995090  0.037990  -0.997071  0.066374  -0.001824  -0.002641  -0.004256  -0.210936  -0.028740  -0.016202  2.000000  
210.347014 0.004433  0.090251  -0.026125  0.996381  0.042868  0.073404  -0.076044  0.063586  0.995075  0.037990  -0.997055  0.066616  -0.001789  -0.002675  -0.004270  -0.211187  -0.021557  -0.012145  2.000000  
210.348264 0.004433  0.090248  -0.026131  0.996381  0.042895  0.073389  -0.076044  0.063948  0.995052  0.037990  -0.997031  0.066979  -0.001677  -0.002723  -0.004346  -0.219666  -0.014090  -0.003607  2.000000  
210.349525 0.004431  0.090244  -0.026136  0.996381  0.042913  0.073378  -0.076044  0.064190  0.995036  0.037990  -0.997015  0.067220  -0.001606  -0.002773  -0.004342  -0.219555  -0.013796  0.000885  2.000000  
210.350761 0.004430  0.090241  -0.026141  0.996381  0.042939  0.073363  -0.076044  0.064552  0.995013  0.037990  -0.996990  0.067583  -0.001504  -0.002782  -0.004314  -0.223964  -0.006322  0.009420  2.000000  
210.351763 0.004428  0.090237  -0.026146  0.996381  0.042948  0.073357  -0.076044  0.064672  0.995005  0.037990  -0.996982  0.067704  -0.001443  -0.002775  -0.004242  -0.223996  -0.006032  0.013910  2.000000  
210.353009 0.004426  0.090233  -0.026149  0.996375  0.043108  0.073333  -0.076043  0.065024  0.994982  0.038123  -0.996952  0.068067  -0.001378  -0.002776  -0.004053  -0.230476  0.001442  0.022254  2.000000  
210.354264 0.004424  0.090228  -0.026153  0.996375  0.043126  0.073322  -0.076043  0.065266  0.994966  0.038123  -0.996936  0.068308  -0.001283  -0.002793  -0.003864  -0.230625  0.001448  0.022268  2.000000  
210.355264 0.004422  0.090224  -0.026157  0.996375  0.043144  0.073312  -0.076043  0.065507  0.994950  0.038123  -0.996919  0.068550  -0.001281  -0.002837  -0.003765  -0.232520  0.001466  0.022451  2.000000  
210.356516 0.004420  0.090220  -0.026162  0.996375  0.043161  0.073301  -0.076043  0.065748  0.994934  0.038123  -0.996902  0.068792  -0.001273  -0.002865  -0.003708  -0.230514  0.001459  0.022257  2.000000  
210.357764 0.004418  0.090216  -0.026167  0.996381  0.043046  0.073300  -0.076044  0.066000  0.994918  0.037990  -0.996891  0.069034  -0.001294  -0.002913  -0.003769  -0.228309  0.001182  0.017950  2.000000  
210.358768 0.004416  0.090213  -0.026172  0.996381  0.043055  0.073295  -0.076044  0.066121  0.994910  0.037990  -0.996882  0.069155  -0.001329  -0.002989  -0.003878  -0.224469  0.008380  0.021979  2.000000  
210.359770 0.004414  0.090210  -0.026177  0.996375  0.043206  0.073275  -0.076043  0.066352  0.994894  0.038123  -0.996860  0.069397  -0.001387  -0.003093  -0.004048  -0.224455  0.008682  0.026462  2.000000  
210.361016 0.004412  0.090206  -0.026184  0.996375  0.043224  0.073265  -0.076043  0.066593  0.994878  0.038123  -0.996844  0.069639  -0.001505  -0.003196  -0.004164  -0.224473  0.008988  0.030949  2.000000  
210.362263 0.004409  0.090202  -0.026190  0.996375  0.043241  0.073254  -0.076043  0.066834  0.994862  0.038123  -0.996827  0.069880  -0.001588  -0.003245  -0.004249  -0.224525  0.008698  0.026466  2.000000  
210.363515 0.004407  0.090198  -0.026196  0.996375  0.043259  0.073244  -0.076043  0.067076  0.994846  0.038123  -0.996810  0.070122  -0.001706  -0.003320  -0.004283  -0.224470  0.008401  0.021971  2.000000  
210.364516 0.004404  0.090194  -0.026201  0.996391  0.043263  0.073028  -0.075838  0.067326  0.994845  0.038123  -0.996793  0.070364  -0.001785  -0.003369  -0.004368  -0.224732  0.015003  0.017018  2.000000  
210.365764 0.004400  0.090188  -0.026207  0.996391  0.043290  0.073013  -0.075838  0.067688  0.994820  0.038123  -0.996767  0.070727  -0.001979  -0.003495  -0.004400  -0.228825  0.015010  0.017015  2.000000  
210.366766 0.004397  0.090184  -0.026212  0.996391  0.043307  0.073002  -0.075838  0.067929  0.994804  0.038123  -0.996750  0.070969  -0.002082  -0.003566  -0.004412  -0.228526  0.008114  0.017476  2.000000  
210.368011 0.004392  0.090177  -0.026218  0.996391  0.043325  0.072992  -0.075838  0.068171  0.994787  0.038123  -0.996733  0.071210  -0.002274  -0.003693  -0.004572  -0.222641  0.008054  0.017333  2.000000  
210.369259 0.004388  0.090171  -0.026224  0.996407  0.043329  0.072776  -0.075633  0.068421  0.994786  0.038123  -0.996715  0.071452  -0.002428  -0.003808  -0.004745  -0.222900  0.014899  0.016863  2.000000  
210.370259 0.004384  0.090166  -0.026230  0.996407  0.043346  0.072766  -0.075633  0.068662  0.994769  0.038123  -0.996698  0.071694  -0.002523  -0.003859  -0.004847  -0.222899  0.014903  0.016860  2.000000  
210.371259 0.004380  0.090161  -0.026236  0.996407  0.043355  0.072760  -0.075633  0.068783  0.994761  0.038123  -0.996689  0.071815  -0.002701  -0.003984  -0.005043  -0.218896  0.014603  0.012410  2.000000  
210.372515 0.004375  0.090155  -0.026244  0.996407  0.043373  0.072750  -0.075633  0.069024  0.994744  0.038123  -0.996672  0.072057  -0.002883  -0.004101  -0.005256  -0.214844  0.014606  0.012405  2.000000  
210.373517 0.004372  0.090151  -0.026250  0.996422  0.043367  0.072540  -0.075428  0.069154  0.994750  0.038123  -0.996663  0.072178  -0.003015  -0.004183  -0.005320  -0.212781  0.021315  0.007539  2.000000  
210.374522 0.004368  0.090147  -0.026257  0.996422  0.043385  0.072529  -0.075428  0.069395  0.994734  0.038123  -0.996645  0.072419  -0.003140  -0.004258  -0.005440  -0.212750  0.021313  0.007533  2.000000  
210.375526 0.004364  0.090142  -0.026263  0.996422  0.043394  0.072524  -0.075428  0.069516  0.994725  0.038123  -0.996637  0.072540  -0.003269  -0.004361  -0.005519  -0.208639  0.020999  0.003043  2.000000  
210.376764 0.004360  0.090137  -0.026272  0.996433  0.043521  0.072304  -0.075222  0.069635  0.994732  0.038257  -0.996623  0.072661  -0.003423  -0.004479  -0.005605  -0.203214  0.027985  0.006987  2.000000  
210.377766 0.004355  0.090132  -0.026278  0.996433  0.043539  0.072294  -0.075222  0.069877  0.994715  0.038257  -0.996605  0.072903  -0.003569  -0.004548  -0.005706  -0.204889  0.028218  0.007038  2.000000  
210.379013 0.004350  0.090126  -0.026287  0.996448  0.043542  0.072078  -0.075017  0.070127  0.994713  0.038257  -0.996587  0.073144  -0.003730  -0.004650  -0.005848  -0.203472  0.034829  0.006492  2.000000  
210.380015 0.004346  0.090120  -0.026293  0.996448  0.043551  0.072073  -0.075017  0.070248  0.994705  0.038257  -0.996578  0.073265  -0.003838  -0.004752  -0.006002  -0.196995  0.035117  0.006537  2.000000  
210.381265 0.004340  0.090113  -0.026302  0.996464  0.043554  0.071858  -0.074812  0.070498  0.994703  0.038257  -0.996561  0.073507  -0.003948  -0.004831  -0.006206  -0.197280  0.042020  0.006041  2.000000  
210.382523 0.004334  0.090106  -0.026311  0.996464  0.043571  0.071847  -0.074812  0.070739  0.994685  0.038257  -0.996543  0.073749  -0.004046  -0.004909  -0.006446  -0.197205  0.042006  0.006028  2.000000  
210.383760 0.004328  0.090099  -0.026321  0.996479  0.043565  0.071637  -0.074607  0.070869  0.994692  0.038257  -0.996534  0.073870  -0.004134  -0.004961  -0.006660  -0.191868  0.048198  0.001037  2.000000  
210.384761 0.004323  0.090094  -0.026328  0.996494  0.043568  0.071422  -0.074402  0.071119  0.994689  0.038257  -0.996516  0.074111  -0.004188  -0.005011  -0.006737  -0.193728  0.055496  0.000540  2.000000  
210.386016 0.004317  0.090087  -0.026337  0.996494  0.043577  0.071417  -0.074402  0.071240  0.994680  0.038257  -0.996507  0.074232  -0.004244  -0.005017  -0.006843  -0.189649  0.055495  0.000530  2.000000  
210.387259 0.004312  0.090081  -0.026345  0.996504  0.043712  0.071191  -0.074196  0.071480  0.994679  0.038391  -0.996484  0.074474  -0.004270  -0.005071  -0.006860  -0.188360  0.062521  0.008918  2.000000  
210.388262 0.004308  0.090076  -0.026352  0.996520  0.043706  0.070981  -0.073991  0.071610  0.994685  0.038391  -0.996475  0.074594  -0.004314  -0.005084  -0.006856  -0.188628  0.069365  0.008418  2.000000  
210.389535 0.004303  0.090070  -0.026359  0.996520  0.043715  0.070976  -0.073991  0.071730  0.994676  0.038391  -0.996466  0.074715  -0.004313  -0.005083  -0.006784  -0.181938  0.069577  0.003983  2.000000  
210.390761 0.004298  0.090065  -0.026368  0.996535  0.043717  0.070760  -0.073786  0.071981  0.994673  0.038391  -0.996447  0.074957  -0.004316  -0.005085  -0.006858  -0.180794  0.075880  0.003439  2.000000  
210.391770 0.004294  0.090060  -0.026375  0.996535  0.043726  0.070755  -0.073786  0.072101  0.994664  0.038391  -0.996438  0.075078  -0.004340  -0.005089  -0.006897  -0.180811  0.075888  0.003430  2.000000  
210.393018 0.004289  0.090054  -0.026384  0.996550  0.043728  0.070540  -0.073581  0.072352  0.994661  0.038391  -0.996420  0.075320  -0.004323  -0.005093  -0.006980  -0.178467  0.083401  0.002932  2.000000  
210.394264 0.004284  0.090048  -0.026394  0.996565  0.043730  0.070324  -0.073376  0.072602  0.994658  0.038391  -0.996402  0.075561  -0.004352  -0.005089  -0.007107  -0.178511  0.083422  0.002912  2.000000  
210.395517 0.004278  0.090042  -0.026404  0.996565  0.043739  0.070319  -0.073376  0.072723  0.994649  0.038391  -0.996393  0.075682  -0.004345  -0.005068  -0.007195  0.000000  0.000000  0.000000  2.000000  
210.396519 0.004273  0.090036  -0.026413  0.996580  0.043732  0.070109  -0.073171  0.072852  0.994655  0.038391  -0.996383  0.075803  -0.004349  -0.005048  -0.007248  0.000000  0.000000  0.000000  2.000000  
210.397763 0.004268  0.090030  -0.026422  0.996595  0.043734  0.069894  -0.072965  0.073103  0.994652  0.038391  -0.996365  0.076045  -0.004329  -0.004951  -0.007270  0.000000  0.000000  0.000000  2.000000  
210.399013 0.004262  0.090025  -0.026431  0.996595  0.043743  0.069888  -0.072965  0.073223  0.994643  0.038391  -0.996356  0.076166  -0.004244  -0.004851  -0.007223  0.000000  0.000000  0.000000  2.000000  
210.400261 0.004257  0.090019  -0.026440  0.996610  0.043744  0.069673  -0.072760  0.073474  0.994639  0.038391  -0.996337  0.076407  -0.004228  -0.004797  -0.007227  0.000000  0.000000  0.000000  2.000000  
210.401262 0.004253  0.090015  -0.026448  0.996610  0.043753  0.069668  -0.072760  0.073594  0.994631  0.038391  -0.996328  0.076528  -0.004196  -0.004733  -0.007297  0.000000  0.000000  0.000000  2.000000  
210.402512 0.004248  0.090010  -0.026457  0.996625  0.043746  0.069458  -0.072555  0.073724  0.994636  0.038391  -0.996319  0.076649  -0.004218  -0.004654  -0.007366  0.000000  0.000000  0.000000  2.000000  
210.403759 0.004243  0.090005  -0.026468  0.996640  0.043748  0.069242  -0.072350  0.073974  0.994632  0.038391  -0.996300  0.076891  -0.004189  -0.004560  -0.007490  0.000000  0.000000  0.000000  2.000000  
210.404761 0.004239  0.090001  -0.026476  0.996640  0.043756  0.069237  -0.072350  0.074095  0.994623  0.038391  -0.996291  0.077012  -0.004203  -0.004564  -0.007636  0.000000  0.000000  0.000000  2.000000  
210.406009 0.004234  0.089996  -0.026487  0.996655  0.043749  0.069027  -0.072145  0.074224  0.994629  0.038391  -0.996281  0.077132  -0.004221  -0.004548  -0.007834  0.000000  0.000000  0.000000  2.000000  
210.407011 0.004229  0.089991  -0.026496  0.996655  0.043758  0.069022  -0.072145  0.074345  0.994620  0.038391  -0.996272  0.077253  -0.004269  -0.004498  -0.007910  0.000000  0.000000  0.000000  2.000000  
210.408016 0.004225  0.089988  -0.026504  0.996670  0.043751  0.068811  -0.071939  0.074475  0.994625  0.038391  -0.996263  0.077374  -0.004270  -0.004450  -0.008004  0.000000  0.000000  0.000000  2.000000  
210.409019 0.004221  0.089983  -0.026513  0.996670  0.043759  0.068806  -0.071939  0.074595  0.994616  0.038391  -0.996253  0.077495  -0.004264  -0.004422  -0.008047  0.000000  0.000000  0.000000  2.000000  
210.410263 0.004215  0.089977  -0.026524  0.996685  0.043752  0.068596  -0.071734  0.074725  0.994621  0.038391  -0.996244  0.077616  -0.004277  -0.004375  -0.008107  0.000000  0.000000  0.000000  2.000000  
210.411269 0.004211  0.089973  -0.026533  0.996685  0.043760  0.068591  -0.071734  0.074846  0.994612  0.038391  -0.996234  0.077737  -0.004255  -0.004300  -0.008142  0.000000  0.000000  0.000000  2.000000  
210.412517 0.004205  0.089967  -0.026544  0.996699  0.043753  0.068381  -0.071529  0.074975  0.994617  0.038391  -0.996225  0.077857  -0.004237  -0.004278  -0.008270  0.000000  0.000000  0.000000  2.000000  
210.413764 0.004200  0.089962  -0.026555  0.996714  0.043754  0.068165  -0.071324  0.075226  0.994612  0.038391  -0.996206  0.078099  -0.004262  -0.004258  -0.008427  0.000000  0.000000  0.000000  2.000000  
210.415013 0.004194  0.089956  -0.026567  0.996719  0.043630  0.068170  -0.071324  0.075356  0.994603  0.038257  -0.996202  0.078220  -0.004276  -0.004238  -0.008623  0.000000  0.000000  0.000000  2.000000  
210.416013 0.004190  0.089952  -0.026577  0.996734  0.043614  0.067966  -0.071119  0.075365  0.994617  0.038257  -0.996202  0.078220  -0.004291  -0.004243  -0.008772  0.000000  0.000000  0.000000  2.000000  
210.417263 0.004185  0.089947  -0.026591  0.996749  0.043607  0.067756  -0.070914  0.075494  0.994621  0.038257  -0.996192  0.078341  -0.004279  -0.004252  -0.009043  0.000000  0.000000  0.000000  2.000000  
210.418522 0.004179  0.089942  -0.026604  0.996743  0.043748  0.067740  -0.070914  0.075606  0.994613  0.038391  -0.996178  0.078462  -0.004345  -0.004303  -0.009261  0.000000  0.000000  0.000000  2.000000  
210.419525 0.004175  0.089937  -0.026615  0.996758  0.043741  0.067530  -0.070708  0.075735  0.994618  0.038391  -0.996168  0.078583  -0.004350  -0.004332  -0.009402  0.000000  0.000000  0.000000  2.000000  
210.420761 0.004170  0.089931  -0.026628  0.996773  0.043733  0.067320  -0.070503  0.075865  0.994622  0.038391  -0.996159  0.078703  -0.004359  -0.004365  -0.009550  0.000000  0.000000  0.000000  2.000000  
210.422009 0.004165  0.089926  -0.026641  0.996773  0.043741  0.067314  -0.070503  0.075986  0.994613  0.038391  -0.996149  0.078824  -0.004319  -0.004400  -0.009683  0.000000  0.000000  0.000000  2.000000  
210.423014 0.004160  0.089920  -0.026651  0.996787  0.043726  0.067110  -0.070298  0.075995  0.994627  0.038391  -0.996149  0.078824  -0.004314  -0.004477  -0.009767  0.000000  0.000000  0.000000  2.000000  
210.424267 0.004155  0.089914  -0.026664  0.996792  0.043601  0.067115  -0.070298  0.076125  0.994617  0.038257  -0.996145  0.078945  -0.004305  -0.004536  -0.009948  0.000000  0.000000  0.000000  2.000000  
210.425520 0.004150  0.089907  -0.026678  0.996807  0.043593  0.066905  -0.070093  0.076254  0.994622  0.038257  -0.996135  0.079066  -0.004282  -0.004584  -0.010139  0.000000  0.000000  0.000000  2.000000  
210.426530 0.004146  0.089902  -0.026689  0.996821  0.043578  0.066700  -0.069888  0.076263  0.994635  0.038257  -0.996135  0.079066  -0.004215  -0.004638  -0.010321  0.000000  0.000000  0.000000  2.000000  
210.427764 0.004141  0.089896  -0.026703  0.996821  0.043586  0.066695  -0.069888  0.076384  0.994626  0.038257  -0.996125  0.079187  -0.004217  -0.004674  -0.010516  0.000000  0.000000  0.000000  2.000000  
210.429013 0.004136  0.089889  -0.026718  0.996830  0.043711  0.066474  -0.069682  0.076504  0.994631  0.038391  -0.996111  0.079307  -0.004192  -0.004754  -0.010681  0.000000  0.000000  0.000000  2.000000  
210.430015 0.004132  0.089885  -0.026729  0.996845  0.043695  0.066269  -0.069477  0.076513  0.994645  0.038391  -0.996111  0.079307  -0.004148  -0.004809  -0.010789  0.000000  0.000000  0.000000  2.000000  
210.431266 0.004127  0.089878  -0.026744  0.996845  0.043695  0.066269  -0.069477  0.076513  0.994645  0.038391  -0.996111  0.079307  -0.004133  -0.004898  -0.010977  0.000000  0.000000  0.000000  2.000000  
210.432515 0.004123  0.089872  -0.026758  0.996859  0.043688  0.066059  -0.069272  0.076643  0.994649  0.038391  -0.996101  0.079428  -0.004058  -0.004918  -0.011007  0.000000  0.000000  0.000000  2.000000  
210.433762 0.004118  0.089867  -0.026773  0.996873  0.043672  0.065855  -0.069067  0.076652  0.994663  0.038391  -0.996101  0.079428  -0.003969  -0.004892  -0.011036  0.000000  0.000000  0.000000  2.000000  
210.435010 0.004114  0.089861  -0.026787  0.996873  0.043680  0.065849  -0.069067  0.076772  0.994654  0.038391  -0.996091  0.079549  -0.003934  -0.004945  -0.011106  0.000000  0.000000  0.000000  2.000000  
210.436264 0.004109  0.089855  -0.026801  0.996887  0.043664  0.065645  -0.068861  0.076781  0.994667  0.038391  -0.996091  0.079549  -0.003914  -0.004951  -0.011195  0.000000  0.000000  0.000000  2.000000  
210.437509 0.004104  0.089849  -0.026816  0.996887  0.043664  0.065645  -0.068861  0.076781  0.994667  0.038391  -0.996091  0.079549  -0.003881  -0.004975  -0.011297  0.000000  0.000000  0.000000  2.000000  
210.438759 0.004100  0.089842  -0.026831  0.996901  0.043656  0.065434  -0.068656  0.076911  0.994671  0.038391  -0.996082  0.079670  -0.003808  -0.004959  -0.011483  0.000000  0.000000  0.000000  2.000000  
210.439767 0.004096  0.089838  -0.026843  0.996901  0.043656  0.065434  -0.068656  0.076911  0.994671  0.038391  -0.996082  0.079670  -0.003800  -0.004936  -0.011570  0.000000  0.000000  0.000000  2.000000  
210.441012 0.004092  0.089831  -0.026858  0.996916  0.043640  0.065230  -0.068451  0.076920  0.994685  0.038391  -0.996082  0.079670  -0.003744  -0.004917  -0.011675  0.000000  0.000000  0.000000  2.000000  
210.442014 0.004089  0.089827  -0.026871  0.996916  0.043648  0.065224  -0.068451  0.077041  0.994675  0.038391  -0.996072  0.079791  -0.003672  -0.004857  -0.011789  0.000000  0.000000  0.000000  2.000000  
210.443022 0.004086  0.089823  -0.026883  0.996930  0.043632  0.065020  -0.068246  0.077050  0.994689  0.038391  -0.996072  0.079791  -0.003593  -0.004773  -0.011791  0.000000  0.000000  0.000000  2.000000  
210.444263 0.004082  0.089818  -0.026898  0.996924  0.043765  0.065009  -0.068245  0.077041  0.994690  0.038524  -0.996067  0.079790  -0.003493  -0.004704  -0.011805  0.000000  0.000000  0.000000  2.000000  
210.445264 0.004080  0.089814  -0.026910  0.996939  0.043749  0.064804  -0.068040  0.077050  0.994703  0.038524  -0.996067  0.079790  -0.003422  -0.004656  -0.011809  0.000000  0.000000  0.000000  2.000000  
210.446264 0.004077  0.089810  -0.026921  0.996939  0.043749  0.064804  -0.068040  0.077050  0.994703  0.038524  -0.996067  0.079790  -0.003352  -0.004586  -0.011861  0.000000  0.000000  0.000000  2.000000  
210.447266 0.004075  0.089806  -0.026933  0.996939  0.043749  0.064804  -0.068040  0.077050  0.994703  0.038524  -0.996067  0.079790  -0.003245  -0.004509  -0.011828  0.000000  0.000000  0.000000  2.000000  
210.448516 0.004072  0.089801  -0.026948  0.996947  0.043866  0.064589  -0.067834  0.077049  0.994717  0.038658  -0.996062  0.079790  -0.003165  -0.004437  -0.011919  0.000000  0.000000  0.000000  2.000000  
210.449524 0.004069  0.089797  -0.026961  0.996947  0.043866  0.064589  -0.067834  0.077049  0.994717  0.038658  -0.996062  0.079790  -0.003083  -0.004364  -0.012006  0.000000  0.000000  0.000000  2.000000  
210.450761 0.004066  0.089793  -0.026977  0.996947  0.043874  0.064583  -0.067834  0.077170  0.994708  0.038658  -0.996052  0.079911  -0.002964  -0.004298  -0.012084  0.000000  0.000000  0.000000  2.000000  
210.452009 0.004063  0.089788  -0.026993  0.996961  0.043858  0.064379  -0.067629  0.077179  0.994721  0.038658  -0.996052  0.079911  -0.002874  -0.004189  -0.012183  0.000000  0.000000  0.000000  2.000000  
210.453009 0.004061  0.089784  -0.027006  0.996956  0.043991  0.064368  -0.067629  0.077170  0.994722  0.038792  -0.996047  0.079910  -0.002795  -0.004143  -0.012228  0.000000  0.000000  0.000000  2.000000  
210.454014 0.004058  0.089781  -0.027019  0.996956  0.043991  0.064368  -0.067629  0.077170  0.994722  0.038792  -0.996047  0.079910  -0.002679  -0.004010  -0.012294  0.000000  0.000000  0.000000  2.000000  
210.455264 0.004056  0.089776  -0.027035  0.996970  0.043975  0.064163  -0.067424  0.077179  0.994735  0.038792  -0.996047  0.079910  -0.002537  -0.003893  -0.012359  0.000000  0.000000  0.000000  2.000000  
210.456513 0.004054  0.089772  -0.027051  0.996965  0.044108  0.064152  -0.067423  0.077170  0.994736  0.038926  -0.996042  0.079910  -0.002413  -0.003791  -0.012429  0.000000  0.000000  0.000000  2.000000  
210.457539 0.004053  0.089769  -0.027064  0.996965  0.044108  0.064152  -0.067423  0.077170  0.994736  0.038926  -0.996042  0.079910  -0.002278  -0.003671  -0.012469  0.000000  0.000000  0.000000  2.000000  
210.458770 0.004051  0.089766  -0.027080  0.996973  0.044226  0.063937  -0.067218  0.077170  0.994749  0.039059  -0.996037  0.079910  -0.002137  -0.003556  -0.012543  0.000000  0.000000  0.000000  2.000000  
210.460014 0.004050  0.089763  -0.027096  0.996973  0.044226  0.063937  -0.067218  0.077170  0.994749  0.039059  -0.996037  0.079910  -0.002018  -0.003464  -0.012665  0.000000  0.000000  0.000000  2.000000  
210.461265 0.004049  0.089759  -0.027114  0.996968  0.044358  0.063926  -0.067217  0.077161  0.994750  0.039193  -0.996031  0.079909  -0.001890  -0.003374  -0.012829  0.000000  0.000000  0.000000  2.000000  
210.462520 0.004047  0.089756  -0.027130  0.996982  0.044343  0.063722  -0.067012  0.077171  0.994763  0.039193  -0.996031  0.079909  -0.001758  -0.003303  -0.012928  0.000000  0.000000  0.000000  2.000000  
210.463765 0.004046  0.089752  -0.027148  0.996977  0.044476  0.063711  -0.067012  0.077162  0.994764  0.039327  -0.996026  0.079909  -0.001630  -0.003212  -0.013091  0.000000  0.000000  0.000000  2.000000  
210.465013 0.004045  0.089748  -0.027165  0.996985  0.044593  0.063495  -0.066806  0.077162  0.994778  0.039460  -0.996021  0.079908  -0.001532  -0.003169  -0.013220  0.000000  0.000000  0.000000  2.000000  
210.466014 0.004044  0.089745  -0.027179  0.996985  0.044600  0.063490  -0.066806  0.077282  0.994768  0.039460  -0.996011  0.080029  -0.001401  -0.003124  -0.013281  0.000000  0.000000  0.000000  2.000000  
210.467259 0.004043  0.089741  -0.027196  0.996994  0.044717  0.063275  -0.066601  0.077283  0.994782  0.039594  -0.996006  0.080029  -0.001287  -0.003059  -0.013329  0.000000  0.000000  0.000000  2.000000  
210.468260 0.004042  0.089738  -0.027210  0.996994  0.044717  0.063275  -0.066601  0.077283  0.994782  0.039594  -0.996006  0.080029  -0.001210  -0.002983  -0.013406  0.000000  0.000000  0.000000  2.000000  
210.469261 0.004041  0.089735  -0.027224  0.996989  0.044850  0.063264  -0.066600  0.077274  0.994783  0.039728  -0.996001  0.080028  -0.001120  -0.002969  -0.013460  0.000000  0.000000  0.000000  2.000000  
210.470523 0.004041  0.089732  -0.027242  0.997002  0.044834  0.063059  -0.066395  0.077283  0.994796  0.039728  -0.996001  0.080028  -0.000971  -0.002918  -0.013580  0.000000  0.000000  0.000000  2.000000  
210.471759 0.004040  0.089728  -0.027261  0.997011  0.044952  0.062844  -0.066189  0.077284  0.994810  0.039861  -0.995995  0.080028  -0.000902  -0.002912  -0.013792  0.000000  0.000000  0.000000  2.000000  
210.473014 0.004040  0.089724  -0.027279  0.997005  0.045092  0.062827  -0.066189  0.077395  0.994801  0.039995  -0.995980  0.080148  -0.000796  -0.002894  -0.013910  0.000000  0.000000  0.000000  2.000000  
210.474283 0.004039  0.089721  -0.027298  0.997013  0.045209  0.062612  -0.065983  0.077396  0.994815  0.040129  -0.995975  0.080148  -0.000737  -0.002916  -0.014095  0.000000  0.000000  0.000000  2.000000  
210.475519 0.004039  0.089717  -0.027317  0.997008  0.045342  0.062601  -0.065983  0.077387  0.994815  0.040263  -0.995970  0.080147  -0.000653  -0.002924  -0.014277  0.000000  0.000000  0.000000  2.000000  
210.476519 0.004039  0.089714  -0.027333  0.997022  0.045326  0.062396  -0.065778  0.077396  0.994828  0.040263  -0.995970  0.080147  -0.000619  -0.002930  -0.014443  0.000000  0.000000  0.000000  2.000000  
210.477765 0.004038  0.089710  -0.027352  0.997016  0.045459  0.062386  -0.065777  0.077388  0.994829  0.040396  -0.995964  0.080147  -0.000566  -0.002987  -0.014597  0.000000  0.000000  0.000000  2.000000  
210.479013 0.004038  0.089706  -0.027372  0.997024  0.045584  0.062165  -0.065572  0.077509  0.994833  0.040530  -0.995949  0.080267  -0.000542  -0.003023  -0.014712  0.000000  0.000000  0.000000  2.000000  
210.480263 0.004037  0.089701  -0.027391  0.997032  0.045701  0.061949  -0.065366  0.077510  0.994846  0.040664  -0.995944  0.080267  -0.000508  -0.003052  -0.014827  0.000000  0.000000  0.000000  2.000000  
210.481516 0.004036  0.089697  -0.027410  0.997027  0.045841  0.061933  -0.065366  0.077622  0.994838  0.040797  -0.995928  0.080387  -0.000474  -0.003083  -0.014953  0.000000  0.000000  0.000000  2.000000  
210.482526 0.004036  0.089693  -0.027426  0.997035  0.045958  0.061717  -0.065160  0.077622  0.994851  0.040931  -0.995923  0.080387  -0.000481  -0.003176  -0.015086  0.000000  0.000000  0.000000  2.000000  
210.483764 0.004035  0.089688  -0.027445  0.997043  0.046075  0.061502  -0.064955  0.077623  0.994865  0.041065  -0.995918  0.080386  -0.000479  -0.003232  -0.015232  0.000000  0.000000  0.000000  2.000000  
210.484772 0.004034  0.089685  -0.027461  0.997037  0.046216  0.061485  -0.064954  0.077735  0.994856  0.041198  -0.995902  0.080507  -0.000494  -0.003257  -0.015324  0.000000  0.000000  0.000000  2.000000  
210.486014 0.004033  0.089680  -0.027481  0.997045  0.046333  0.061270  -0.064749  0.077736  0.994869  0.041332  -0.995897  0.080506  -0.000523  -0.003337  -0.015487  0.000000  0.000000  0.000000  2.000000  
210.487264 0.004032  0.089676  -0.027502  0.997034  0.046606  0.061243  -0.064748  0.077839  0.994861  0.041599  -0.995876  0.080626  -0.000539  -0.003365  -0.015590  0.000000  0.000000  0.000000  2.000000  
210.488509 0.004031  0.089672  -0.027522  0.997042  0.046730  0.061022  -0.064542  0.077961  0.994865  0.041733  -0.995861  0.080746  -0.000597  -0.003418  -0.015696  0.000000  0.000000  0.000000  2.000000  
210.489524 0.004030  0.089668  -0.027538  0.997036  0.046863  0.061011  -0.064542  0.077952  0.994866  0.041867  -0.995855  0.080746  -0.000610  -0.003465  -0.015721  0.000000  0.000000  0.000000  2.000000  
210.490761 0.004029  0.089664  -0.027559  0.997044  0.046988  0.060789  -0.064336  0.078074  0.994869  0.042000  -0.995840  0.080866  -0.000635  -0.003492  -0.015809  0.000000  0.000000  0.000000  2.000000  
210.491771 0.004028  0.089660  -0.027575  0.997033  0.047254  0.060768  -0.064336  0.078057  0.994871  0.042268  -0.995828  0.080865  -0.000681  -0.003565  -0.015851  0.000000  0.000000  0.000000  2.000000  
210.493021 0.004027  0.089655  -0.027595  0.997040  0.047378  0.060546  -0.064130  0.078179  0.994875  0.042401  -0.995813  0.080986  -0.000747  -0.003590  -0.015939  0.000000  0.000000  0.000000  2.000000  
210.494262 0.004025  0.089650  -0.027615  0.997029  0.047651  0.060519  -0.064129  0.078282  0.994866  0.042669  -0.995792  0.081106  -0.000810  -0.003638  -0.016001  0.000000  0.000000  0.000000  2.000000  
210.495263 0.004024  0.089646  -0.027632  0.997023  0.047784  0.060508  -0.064129  0.078274  0.994867  0.042802  -0.995786  0.081105  -0.000825  -0.003687  -0.016052  0.000000  0.000000  0.000000  2.000000  
210.496519 0.004023  0.089641  -0.027653  0.997025  0.048041  0.060276  -0.063923  0.078387  0.994872  0.043070  -0.995765  0.081225  -0.000908  -0.003743  -0.016225  0.000000  0.000000  0.000000  2.000000  
210.497763 0.004021  0.089635  -0.027674  0.997013  0.048314  0.060248  -0.063922  0.078491  0.994863  0.043337  -0.995743  0.081345  -0.000959  -0.003811  -0.016268  0.000000  0.000000  0.000000  2.000000  
210.498766 0.004019  0.089631  -0.027690  0.997002  0.048588  0.060221  -0.063921  0.078595  0.994855  0.043605  -0.995722  0.081465  -0.001020  -0.003865  -0.016331  0.000000  0.000000  0.000000  2.000000  
210.499766 0.004018  0.089626  -0.027707  0.997003  0.048837  0.059994  -0.063715  0.078588  0.994869  0.043872  -0.995710  0.081464  -0.001029  -0.003912  -0.016405  0.000000  0.000000  0.000000  2.000000  
210.501011 0.004017  0.089621  -0.027728  0.996992  0.049110  0.059966  -0.063715  0.078691  0.994861  0.044139  -0.995689  0.081584  -0.001093  -0.003958  -0.016439  0.000000  0.000000  0.000000  2.000000  
210.502012 0.004016  0.089617  -0.027744  0.996980  0.049384  0.059939  -0.063714  0.078795  0.994853  0.044407  -0.995667  0.081703  -0.001124  -0.004016  -0.016446  0.000000  0.000000  0.000000  2.000000  
210.503261 0.004014  0.089611  -0.027765  0.996968  0.049657  0.059911  -0.063713  0.078899  0.994845  0.044674  -0.995645  0.081823  -0.001130  -0.004079  -0.016454  0.000000  0.000000  0.000000  2.000000  
210.504510 0.004013  0.089606  -0.027785  0.996950  0.050063  0.059872  -0.063712  0.078994  0.994837  0.045075  -0.995617  0.081942  -0.001164  -0.004129  -0.016442  -0.063882  0.088579  0.158400  2.000000  
210.505764 0.004011  0.089601  -0.027805  0.996938  0.050336  0.059844  -0.063711  0.079097  0.994829  0.045342  -0.995595  0.082062  -0.001217  -0.004234  -0.016443  -0.067924  0.088928  0.162800  2.000000  
210.507011 0.004010  0.089595  -0.027826  0.996920  0.050742  0.059805  -0.063710  0.079193  0.994821  0.045743  -0.995567  0.082181  -0.001192  -0.004249  -0.016491  -0.072298  0.083528  0.173698  2.000000  
210.508017 0.004009  0.089591  -0.027843  0.996914  0.051132  0.059561  -0.063504  0.079298  0.994826  0.046144  -0.995539  0.082301  -0.001215  -0.004297  -0.016503  -0.071716  0.083580  0.181137  2.000000  
210.509264 0.004007  0.089585  -0.027864  0.996896  0.051538  0.059522  -0.063502  0.079394  0.994819  0.046545  -0.995510  0.082420  -0.001240  -0.004363  -0.016558  -0.076441  0.085055  0.191686  2.000000  
