1-Time 2-Px 3-Py 4-Pz 5-R11 6-R21 7-R31 8-R12 9-R22 10-R32 11-R13 12-R23 13-R33 14-Vx 15-Vy 16-Vz 17-Wx 18-Wy 19-Wz 20-state 21-PR11 22-PR21 23-PR31 24-PR12 25-PR22 26-PR32 27-PR13 28-PR23 29-PR33 
80.190442 0.005194  0.087887  -0.018839  0.991213  0.045959  0.124038  -0.125344  0.026705  0.991754  0.042268  -0.998586  0.032231  0.000548  -0.000075  0.000617  -0.005811  0.062252  0.429734  2.000000  
80.191684 0.005195  0.087887  -0.018839  0.991184  0.046622  0.124016  -0.125340  0.026621  0.991757  0.042936  -0.998558  0.032230  0.000538  -0.000072  0.000657  -0.005839  0.062569  0.438918  2.000000  
80.192932 0.005195  0.087884  -0.018838  0.991136  0.047158  0.124203  -0.125541  0.026544  0.991733  0.043471  -0.998535  0.032229  0.000478  -0.000273  0.000633  -0.005607  0.055800  0.443624  2.000000  
80.193936 0.005195  0.087881  -0.018838  0.991098  0.047443  0.124393  -0.125744  0.026621  0.991706  0.043738  -0.998519  0.032350  0.000425  -0.000457  0.000621  -0.009440  0.048771  0.439349  2.000000  
80.195187 0.005196  0.087877  -0.018837  0.991086  0.047708  0.124385  -0.125742  0.026587  0.991707  0.044006  -0.998507  0.032349  0.000433  -0.000715  0.000654  -0.009454  0.048638  0.434973  2.000000  
80.196438 0.005197  0.087873  -0.018836  0.991043  0.048126  0.124570  -0.125944  0.026647  0.991679  0.044407  -0.998486  0.032470  0.000472  -0.001006  0.000617  -0.013016  0.034826  0.435250  2.000000  
80.197689 0.005198  0.087867  -0.018835  0.990993  0.048662  0.124757  -0.126145  0.026570  0.991656  0.044941  -0.998462  0.032469  0.000496  -0.001374  0.000580  -0.012760  0.028061  0.439959  2.000000  
80.198939 0.005200  0.087862  -0.018834  0.990963  0.049325  0.124735  -0.126141  0.026486  0.991659  0.045610  -0.998432  0.032468  0.000583  -0.001714  0.000628  -0.012765  0.028200  0.444368  2.000000  
80.200184 0.005202  0.087856  -0.018834  0.990913  0.049860  0.124922  -0.126342  0.026408  0.991635  0.046144  -0.998407  0.032467  0.000649  -0.002053  0.000570  -0.012233  0.014538  0.449583  2.000000  
80.201191 0.005203  0.087852  -0.018834  0.990875  0.050131  0.125118  -0.126545  0.026364  0.991611  0.046411  -0.998395  0.032467  0.000699  -0.002378  0.000543  -0.011952  0.007477  0.445099  2.000000  
80.202449 0.005204  0.087845  -0.018834  0.990836  0.050416  0.125307  -0.126747  0.026440  0.991583  0.046679  -0.998378  0.032588  0.000728  -0.002849  0.000473  -0.015745  0.000304  0.436256  2.000000  
80.203688 0.005206  0.087838  -0.018833  0.990798  0.050687  0.125503  -0.126949  0.026395  0.991558  0.046946  -0.998366  0.032587  0.000822  -0.003299  0.000491  -0.015462  -0.006896  0.427589  2.000000  
80.204937 0.005207  0.087831  -0.018831  0.990733  0.050978  0.125896  -0.127356  0.026461  0.991504  0.047213  -0.998349  0.032708  0.000878  -0.003819  0.000585  -0.018676  -0.027884  0.419225  2.000000  
80.206186 0.005208  0.087823  -0.018829  0.990700  0.051131  0.126090  -0.127559  0.026553  0.991475  0.047347  -0.998339  0.032829  0.000903  -0.004364  0.000660  -0.022459  -0.035215  0.406097  2.000000  
80.207186 0.005208  0.087816  -0.018827  0.990688  0.051396  0.126081  -0.127557  0.026519  0.991477  0.047614  -0.998326  0.032828  0.000915  -0.004694  0.000798  -0.022440  -0.035355  0.401544  2.000000  
80.208439 0.005209  0.087807  -0.018824  0.990649  0.051697  0.126264  -0.127760  0.026715  0.991445  0.047882  -0.998305  0.033070  0.000945  -0.005075  0.000954  -0.029747  -0.049016  0.389824  2.000000  
80.209441 0.005209  0.087799  -0.018822  0.990616  0.051850  0.126457  -0.127963  0.026808  0.991417  0.048015  -0.998295  0.033191  0.000890  -0.005372  0.000998  -0.033749  -0.056735  0.379713  2.000000  
80.210690 0.005209  0.087790  -0.018822  0.990550  0.052142  0.126850  -0.128369  0.026872  0.991362  0.048283  -0.998278  0.033312  0.000827  -0.005738  0.001039  -0.037204  -0.070976  0.366733  2.000000  
80.211941 0.005209  0.087781  -0.018821  0.990511  0.052428  0.127039  -0.128571  0.026947  0.991334  0.048550  -0.998261  0.033432  0.000752  -0.005996  0.001015  -0.040643  -0.085054  0.358159  2.000000  
80.213184 0.005210  0.087772  -0.018821  0.990472  0.052713  0.127228  -0.128773  0.027022  0.991306  0.048817  -0.998244  0.033553  0.000686  -0.006184  0.000946  -0.044382  -0.092404  0.344998  2.000000  
80.214191 0.005211  0.087766  -0.018821  0.990432  0.052999  0.127417  -0.128976  0.027097  0.991277  0.049084  -0.998227  0.033674  0.000685  -0.006340  0.000913  -0.048106  -0.099574  0.336200  2.000000  
80.215450 0.005212  0.087758  -0.018821  0.990386  0.053433  0.127595  -0.129177  0.027275  0.991246  0.049485  -0.998199  0.033915  0.000658  -0.006466  0.000861  -0.055561  -0.113437  0.332005  2.000000  
80.216690 0.005214  0.087751  -0.018821  0.990346  0.053719  0.127783  -0.129379  0.027350  0.991218  0.049753  -0.998181  0.034036  0.000669  -0.006546  0.000882  -0.059295  -0.120825  0.318924  2.000000  
80.217946 0.005216  0.087743  -0.018820  0.990306  0.054021  0.127965  -0.129581  0.027544  0.991186  0.050020  -0.998160  0.034277  0.000712  -0.006629  0.000916  -0.062974  -0.127911  0.310041  2.000000  
80.219187 0.005217  0.087735  -0.018819  0.990233  0.054445  0.128353  -0.129986  0.027590  0.991132  0.050421  -0.998136  0.034398  0.000683  -0.006676  0.000860  -0.066379  -0.142084  0.301712  2.000000  
80.220187 0.005217  0.087728  -0.018819  0.990193  0.054746  0.128535  -0.130189  0.027785  0.991100  0.050688  -0.998114  0.034639  0.000595  -0.006742  0.000801  -0.073232  -0.154726  0.295243  2.000000  
80.221222 0.005217  0.087721  -0.018818  0.990152  0.055033  0.128723  -0.130391  0.027859  0.991071  0.050955  -0.998096  0.034760  0.000572  -0.006747  0.000740  -0.077427  -0.163338  0.279681  2.000000  
80.222453 0.005217  0.087712  -0.018817  0.990098  0.055599  0.128895  -0.130591  0.028018  0.991040  0.051490  -0.998060  0.035001  0.000564  -0.006766  0.000596  -0.085509  -0.163354  0.279794  2.000000  
80.223691 0.005217  0.087704  -0.018816  0.990064  0.056292  0.128858  -0.130586  0.028171  0.991037  0.052158  -0.998017  0.035242  0.000569  -0.006729  0.000501  -0.089875  -0.156185  0.288745  2.000000  
80.224940 0.005218  0.087696  -0.018816  0.990002  0.056991  0.129025  -0.130786  0.028312  0.991006  0.052826  -0.997973  0.035483  0.000589  -0.006649  0.000425  -0.097622  -0.162605  0.302499  2.000000  
80.225942 0.005219  0.087690  -0.018815  0.989947  0.057558  0.129196  -0.130986  0.028471  0.990975  0.053360  -0.997936  0.035724  0.000676  -0.006483  0.000407  -0.105677  -0.162214  0.311423  2.000000  
80.226943 0.005220  0.087685  -0.018815  0.989899  0.057977  0.129379  -0.131187  0.028527  0.990947  0.053761  -0.997910  0.035844  0.000775  -0.006373  0.000449  -0.105275  -0.169090  0.311701  2.000000  
80.228180 0.005222  0.087679  -0.018814  0.989863  0.058670  0.129341  -0.131182  0.028679  0.990943  0.054429  -0.997865  0.036085  0.000826  -0.006230  0.000449  -0.112786  -0.160738  0.313540  2.000000  
80.229187 0.005224  0.087675  -0.018814  0.989807  0.059237  0.129511  -0.131382  0.028837  0.990912  0.054964  -0.997827  0.036326  0.000851  -0.006101  0.000499  -0.121766  -0.162001  0.316108  2.000000  
80.230433 0.005226  0.087670  -0.018812  0.989743  0.059936  0.129677  -0.131581  0.028978  0.990882  0.055632  -0.997782  0.036567  0.000913  -0.005874  0.000609  -0.128407  -0.167164  0.322671  2.000000  
80.231439 0.005228  0.087667  -0.018811  0.989686  0.060503  0.129847  -0.131780  0.029135  0.990851  0.056166  -0.997743  0.036808  0.000950  -0.005685  0.000707  -0.137560  -0.168372  0.329904  2.000000  
80.232686 0.005230  0.087663  -0.018809  0.989634  0.061460  0.129798  -0.131773  0.029252  0.990848  0.057101  -0.997681  0.037048  0.000970  -0.005451  0.000789  -0.140708  -0.159277  0.349239  2.000000  
80.233937 0.005231  0.087658  -0.018807  0.989580  0.062418  0.129748  -0.131766  0.029369  0.990846  0.058036  -0.997618  0.037288  0.000989  -0.005274  0.000783  -0.150642  -0.145940  0.374121  2.000000  
80.234939 0.005232  0.087654  -0.018807  0.989515  0.063117  0.129912  -0.131965  0.029509  0.990815  0.058704  -0.997570  0.037528  0.001063  -0.005053  0.000802  -0.154628  -0.145210  0.392056  2.000000  
80.235942 0.005233  0.087649  -0.018806  0.989475  0.063810  0.129872  -0.131960  0.029661  0.990811  0.059372  -0.997521  0.037769  0.001068  -0.004920  0.000799  -0.159009  -0.137595  0.409811  2.000000  
80.237187 0.005233  0.087643  -0.018805  0.989420  0.064783  0.129813  -0.131952  0.029898  0.990805  0.060307  -0.997451  0.038130  0.001099  -0.004690  0.000842  -0.167467  -0.129804  0.432127  2.000000  
80.238188 0.005234  0.087639  -0.018804  0.989361  0.065350  0.129981  -0.132152  0.030054  0.990774  0.060841  -0.997410  0.038370  0.001170  -0.004516  0.000825  -0.171125  -0.136318  0.441426  2.000000  
80.239439 0.005236  0.087634  -0.018803  0.989304  0.066308  0.129929  -0.132144  0.030171  0.990771  0.061776  -0.997343  0.038610  0.001251  -0.004312  0.000905  -0.174044  -0.127292  0.464286  2.000000  
80.240688 0.005238  0.087630  -0.018799  0.989219  0.067271  0.130081  -0.132340  0.030274  0.990742  0.062710  -0.997275  0.038850  0.001337  -0.004068  0.001072  -0.178381  -0.119549  0.486347  2.000000  
80.241936 0.005241  0.087627  -0.018796  0.989152  0.068377  0.130015  -0.132331  0.030493  0.990736  0.063779  -0.997193  0.039210  0.001389  -0.003864  0.001275  -0.186778  -0.111615  0.512918  2.000000  
80.242938 0.005244  0.087625  -0.018793  0.989100  0.069202  0.129967  -0.132324  0.030627  0.990733  0.064580  -0.997132  0.039450  0.001462  -0.003686  0.001446  -0.192692  -0.104861  0.534821  2.000000  
80.244184 0.005246  0.087622  -0.018790  0.989031  0.070291  0.129908  -0.132315  0.030726  0.990731  0.065648  -0.997053  0.039689  0.001513  -0.003547  0.001557  -0.195510  -0.096092  0.557071  2.000000  
80.245186 0.005248  0.087619  -0.018788  0.988970  0.071248  0.129854  -0.132307  0.030842  0.990729  0.066582  -0.996982  0.039929  0.001532  -0.003499  0.001615  -0.199840  -0.088297  0.579005  2.000000  
80.246440 0.005251  0.087615  -0.018787  0.988872  0.072359  0.129989  -0.132501  0.031046  0.990697  0.067650  -0.996895  0.040288  0.001575  -0.003477  0.001594  -0.205511  -0.088019  0.606360  2.000000  
80.247682 0.005253  0.087611  -0.018786  0.988799  0.073448  0.129929  -0.132491  0.031145  0.990695  0.068718  -0.996813  0.040527  0.001587  -0.003502  0.001557  -0.208201  -0.079335  0.627885  2.000000  
80.248684 0.005255  0.087607  -0.018784  0.988735  0.074405  0.129873  -0.132483  0.031261  0.990692  0.069653  -0.996738  0.040766  0.001587  -0.003501  0.001557  -0.208541  -0.071490  0.649905  2.000000  
80.249685 0.005256  0.087603  -0.018783  0.988679  0.075230  0.129822  -0.132475  0.031395  0.990689  0.070453  -0.996672  0.041006  0.001651  -0.003453  0.001596  -0.212969  -0.063854  0.667552  2.000000  
80.250933 0.005258  0.087598  -0.018780  0.988577  0.076325  0.129964  -0.132668  0.031478  0.990660  0.071521  -0.996586  0.041245  0.001682  -0.003396  0.001750  -0.212947  -0.062852  0.689998  2.000000  
80.251941 0.005259  0.087594  -0.018777  0.988510  0.077282  0.129907  -0.132660  0.031594  0.990658  0.072455  -0.996509  0.041484  0.001724  -0.003316  0.001868  -0.219090  -0.055806  0.708747  2.000000  
80.253189 0.005261  0.087590  -0.018774  0.988423  0.078502  0.129839  -0.132648  0.031675  0.990657  0.073656  -0.996411  0.041722  0.001744  -0.003253  0.002064  -0.217638  -0.047295  0.729362  2.000000  
80.254448 0.005262  0.087586  -0.018771  0.988334  0.079723  0.129769  -0.132636  0.031756  0.990656  0.074857  -0.996311  0.041960  0.001765  -0.003223  0.002121  -0.219757  -0.040071  0.748464  2.000000  
80.255451 0.005264  0.087582  -0.018768  0.988254  0.080811  0.129705  -0.132625  0.031854  0.990654  0.075925  -0.996220  0.042198  0.001732  -0.003249  0.002102  -0.218601  -0.031885  0.765239  2.000000  
80.256686 0.005266  0.087579  -0.018766  0.988135  0.082054  0.129829  -0.132816  0.032038  0.990623  0.077125  -0.996113  0.042556  0.001682  -0.003248  0.002059  -0.221959  -0.037591  0.787161  2.000000  
80.257687 0.005268  0.087575  -0.018764  0.988053  0.083127  0.129774  -0.132805  0.032017  0.990625  0.078192  -0.996025  0.042674  0.001649  -0.003330  0.001953  -0.220092  -0.030318  0.806802  2.000000  
80.258937 0.005270  0.087572  -0.018762  0.987959  0.084362  0.129692  -0.132793  0.032217  0.990620  0.079393  -0.995914  0.043032  0.001605  -0.003387  0.001890  -0.222743  -0.022095  0.822231  2.000000  
80.260185 0.005272  0.087567  -0.018760  0.987825  0.085721  0.129818  -0.132982  0.032262  0.990593  0.080726  -0.995797  0.043269  0.001583  -0.003459  0.001876  -0.222673  -0.020998  0.844464  2.000000  
80.261186 0.005274  0.087563  -0.018759  0.987750  0.086677  0.129757  -0.132972  0.032378  0.990591  0.081660  -0.995710  0.043507  0.001548  -0.003489  0.001910  -0.227199  -0.013465  0.857753  2.000000  
80.262434 0.005276  0.087558  -0.018756  0.987625  0.087903  0.129888  -0.133162  0.032441  0.990563  0.082860  -0.995601  0.043744  0.001544  -0.003534  0.002006  -0.222590  -0.019679  0.866822  2.000000  
80.263438 0.005277  0.087554  -0.018753  0.987547  0.088859  0.129826  -0.133151  0.032556  0.990561  0.083793  -0.995512  0.043983  0.001539  -0.003579  0.002102  -0.226571  -0.019154  0.875669  2.000000  
80.264439 0.005279  0.087549  -0.018751  0.987442  0.089821  0.129967  -0.133344  0.032654  0.990532  0.084727  -0.995422  0.044221  0.001523  -0.003681  0.002149  -0.226109  -0.025604  0.880709  2.000000  
80.265447 0.005281  0.087544  -0.018749  0.987362  0.090776  0.129904  -0.133333  0.032769  0.990529  0.085660  -0.995332  0.044458  0.001549  -0.003756  0.002174  -0.226523  -0.018175  0.889218  2.000000  
80.266691 0.005282  0.087537  -0.018746  0.987232  0.092002  0.130033  -0.133523  0.032830  0.990502  0.086860  -0.995217  0.044695  0.001566  -0.003908  0.002146  -0.223700  -0.024567  0.905641  2.000000  
80.267942 0.005284  0.087531  -0.018745  0.987116  0.093353  0.129951  -0.133507  0.032892  0.990502  0.088192  -0.995090  0.044931  0.001615  -0.004013  0.001966  -0.220074  -0.016642  0.923340  2.000000  
80.269186 0.005287  0.087525  -0.018743  0.986971  0.094727  0.130060  -0.133694  0.033054  0.990471  0.089525  -0.994954  0.045288  0.001642  -0.004136  0.001852  -0.225787  -0.022180  0.938365  2.000000  
80.270186 0.005290  0.087519  -0.018743  0.986887  0.095666  0.130007  -0.133683  0.033049  0.990473  0.090458  -0.994865  0.045405  0.001734  -0.004276  0.001747  -0.222216  -0.014981  0.942540  2.000000  
80.271439 0.005293  0.087513  -0.018742  0.986751  0.096891  0.130133  -0.133871  0.033109  0.990445  0.091657  -0.994744  0.045641  0.001821  -0.004415  0.001633  -0.219383  -0.021705  0.950671  2.000000  
80.272439 0.005295  0.087508  -0.018741  0.986650  0.097721  0.130277  -0.134065  0.033222  0.990416  0.092456  -0.994659  0.045879  0.001907  -0.004505  0.001611  -0.217057  -0.027947  0.947875  2.000000  
80.273689 0.005298  0.087502  -0.018740  0.986539  0.098939  0.130198  -0.134049  0.033301  0.990415  0.093655  -0.994536  0.046115  0.001923  -0.004716  0.001548  -0.214627  -0.027873  0.955437  2.000000  
80.274937 0.005302  0.087495  -0.018738  0.986399  0.100180  0.130311  -0.134237  0.033479  0.990384  0.094854  -0.994406  0.046472  0.001990  -0.004854  0.001515  -0.218078  -0.034470  0.955815  2.000000  
80.276186 0.005305  0.087488  -0.018735  0.986245  0.101537  0.130428  -0.134423  0.033519  0.990357  0.096186  -0.994267  0.046707  0.002045  -0.005013  0.001570  -0.213945  -0.033785  0.964970  2.000000  
80.277433 0.005307  0.087481  -0.018733  0.986089  0.102894  0.130545  -0.134609  0.033559  0.990330  0.097518  -0.994126  0.046942  0.002061  -0.005164  0.001557  -0.215523  -0.039564  0.970482  2.000000  
80.278440 0.005309  0.087475  -0.018731  0.985998  0.103848  0.130477  -0.134596  0.033673  0.990328  0.098450  -0.994023  0.047179  0.002107  -0.005229  0.001495  -0.213124  -0.039782  0.973927  2.000000  
80.279685 0.005311  0.087467  -0.018728  0.985839  0.105220  0.130580  -0.134781  0.033832  0.990298  0.099781  -0.993873  0.047534  0.002125  -0.005343  0.001426  -0.214774  -0.045199  0.984202  2.000000  
80.280689 0.005312  0.087461  -0.018728  0.985718  0.106181  0.130714  -0.134971  0.033924  0.990269  0.100713  -0.993768  0.047771  0.002134  -0.005402  0.001298  -0.216441  -0.045521  0.987771  2.000000  
80.281934 0.005314  0.087454  -0.018727  0.985583  0.107530  0.130624  -0.134953  0.033984  0.990269  0.102044  -0.993621  0.048006  0.002132  -0.005487  0.001258  -0.214630  -0.044314  0.993349  2.000000  
80.282934 0.005316  0.087448  -0.018726  0.985460  0.108490  0.130757  -0.135143  0.034076  0.990240  0.102976  -0.993513  0.048242  0.002092  -0.005500  0.001245  -0.213904  -0.050887  0.993496  2.000000  
80.283935 0.005317  0.087443  -0.018725  0.985337  0.109451  0.130890  -0.135333  0.034167  0.990211  0.103907  -0.993405  0.048478  0.002060  -0.005523  0.001226  -0.213227  -0.057474  0.993931  2.000000  
80.284940 0.005319  0.087438  -0.018723  0.985240  0.110404  0.130818  -0.135319  0.034281  0.990209  0.104839  -0.993295  0.048714  0.001997  -0.005516  0.001275  -0.214829  -0.058299  0.988482  2.000000  
80.286186 0.005321  0.087432  -0.018721  0.985072  0.111776  0.130917  -0.135503  0.034437  0.990178  0.106169  -0.993137  0.049069  0.001909  -0.005492  0.001390  -0.216991  -0.057104  0.989327  2.000000  
80.287438 0.005323  0.087427  -0.018719  0.984917  0.113015  0.131021  -0.135688  0.034611  0.990147  0.107367  -0.992990  0.049424  0.001844  -0.005391  0.001482  -0.220281  -0.063620  0.989686  2.000000  
80.288439 0.005324  0.087423  -0.018717  0.984802  0.114100  0.130941  -0.135672  0.034706  0.990146  0.108431  -0.992863  0.049659  0.001724  -0.005366  0.001533  -0.220230  -0.063179  0.994422  2.000000  
80.289439 0.005325  0.087418  -0.018716  0.984673  0.115060  0.131071  -0.135861  0.034796  0.990117  0.109362  -0.992749  0.049895  0.001653  -0.005301  0.001528  -0.220070  -0.063122  0.989756  2.000000  
80.290448 0.005325  0.087413  -0.018715  0.984572  0.116029  0.130982  -0.135847  0.035029  0.990110  0.110293  -0.992628  0.050251  0.001511  -0.005268  0.001473  -0.225754  -0.063939  0.984101  2.000000  
80.291692 0.005326  0.087407  -0.018714  0.984411  0.117267  0.131083  -0.136031  0.035202  0.990079  0.111490  -0.992476  0.050605  0.001325  -0.005218  0.001339  -0.229074  -0.070520  0.984651  2.000000  
80.292938 0.005326  0.087401  -0.018713  0.984264  0.118375  0.131190  -0.136218  0.035392  0.990047  0.112553  -0.992338  0.050960  0.001166  -0.005112  0.001218  -0.228955  -0.070151  0.984706  2.000000  
80.294185 0.005326  0.087395  -0.018713  0.984145  0.119490  0.131078  -0.136201  0.035727  0.990037  0.113617  -0.992192  0.051435  0.001049  -0.004982  0.001077  -0.235552  -0.069359  0.978790  2.000000  
80.295185 0.005326  0.087391  -0.018712  0.984011  0.120466  0.131191  -0.136389  0.035935  0.990003  0.114547  -0.992067  0.051791  0.000941  -0.004843  0.001082  -0.241089  -0.069730  0.980863  2.000000  
80.296433 0.005326  0.087387  -0.018711  0.983873  0.121697  0.131085  -0.136370  0.036132  0.989999  0.115743  -0.991909  0.052145  0.000868  -0.004656  0.001106  -0.243016  -0.068412  0.981688  2.000000  
80.297438 0.005327  0.087383  -0.018709  0.983737  0.122672  0.131196  -0.136558  0.036339  0.989965  0.116674  -0.991782  0.052500  0.000768  -0.004487  0.001161  -0.248907  -0.069307  0.976092  2.000000  
80.298688 0.005327  0.087379  -0.018708  0.983613  0.123771  0.131095  -0.136540  0.036553  0.989960  0.117737  -0.991637  0.052854  0.000683  -0.004296  0.001176  -0.250776  -0.068430  0.968071  2.000000  
80.299939 0.005328  0.087376  -0.018706  0.983460  0.124894  0.131182  -0.136725  0.036862  0.989923  0.118800  -0.991485  0.053328  0.000585  -0.004119  0.001132  -0.258693  -0.068275  0.963499  2.000000  
80.301185 0.005328  0.087374  -0.018706  0.983317  0.126140  0.131057  -0.136706  0.037178  0.989914  0.119995  -0.991316  0.053802  0.000514  -0.003913  0.001061  -0.267363  -0.061093  0.963175  2.000000  
80.302187 0.005329  0.087371  -0.018706  0.983193  0.126983  0.131172  -0.136895  0.037402  0.989879  0.120792  -0.991199  0.054157  0.000400  -0.003799  0.000881  -0.273600  -0.061757  0.962359  2.000000  
80.303191 0.005330  0.087369  -0.018706  0.983081  0.127951  0.131075  -0.136879  0.037635  0.989873  0.121722  -0.991066  0.054512  0.000400  -0.003622  0.000767  -0.277527  -0.061444  0.962212  2.000000  
80.304439 0.005330  0.087367  -0.018706  0.982935  0.129196  0.130948  -0.136859  0.037950  0.989863  0.122917  -0.990893  0.054984  0.000343  -0.003385  0.000654  -0.284028  -0.053552  0.958683  2.000000  
80.305449 0.005330  0.087366  -0.018706  0.982837  0.130032  0.130857  -0.136845  0.038201  0.989856  0.123714  -0.990774  0.055339  0.000300  -0.003178  0.000602  -0.288673  -0.046656  0.953687  2.000000  
80.306691 0.005330  0.087363  -0.018706  0.982705  0.131145  0.130734  -0.136827  0.038535  0.989845  0.124776  -0.990614  0.055812  0.000265  -0.002922  0.000550  -0.299052  -0.047601  0.943520  2.000000  
80.307937 0.005329  0.087362  -0.018706  0.982544  0.132251  0.130831  -0.137011  0.038722  0.989812  0.125838  -0.990460  0.056165  0.000249  -0.002640  0.000508  -0.298978  -0.047485  0.939156  2.000000  
80.309186 0.005330  0.087361  -0.018705  0.982427  0.133233  0.130714  -0.136994  0.039074  0.989801  0.126767  -0.990314  0.056639  0.000272  -0.002293  0.000534  -0.307788  -0.040969  0.925287  2.000000  
80.310441 0.005330  0.087360  -0.018704  0.982292  0.134346  0.130589  -0.136975  0.039408  0.989790  0.127828  -0.990151  0.057112  0.000250  -0.001996  0.000530  -0.312563  -0.033938  0.920478  2.000000  
80.311685 0.005330  0.087361  -0.018704  0.982156  0.135459  0.130463  -0.136956  0.039741  0.989780  0.128890  -0.989986  0.057584  0.000236  -0.001690  0.000441  -0.320633  -0.034072  0.911555  2.000000  
80.312934 0.005330  0.087361  -0.018703  0.982036  0.136441  0.130343  -0.136940  0.040094  0.989768  0.129819  -0.989837  0.058057  0.000254  -0.001361  0.000370  -0.326788  -0.026645  0.903657  2.000000  
80.313936 0.005331  0.087362  -0.018703  0.981932  0.137291  0.130230  -0.136925  0.040464  0.989755  0.130615  -0.989704  0.058532  0.000212  -0.001099  0.000266  -0.334343  -0.020338  0.897403  2.000000  
80.315182 0.005331  0.087364  -0.018703  0.981811  0.138288  0.130092  -0.136908  0.040936  0.989738  0.131543  -0.989546  0.059124  0.000244  -0.000803  0.000209  -0.343683  -0.019787  0.890090  2.000000  
80.316182 0.005331  0.087364  -0.018703  0.981723  0.138991  0.130002  -0.136896  0.041205  0.989728  0.132206  -0.989436  0.059479  0.000191  -0.000648  0.000156  -0.348472  -0.013436  0.876326  2.000000  
80.317184 0.005332  0.087365  -0.018703  0.981636  0.139694  0.129912  -0.136884  0.041474  0.989719  0.132869  -0.989326  0.059834  0.000182  -0.000415  0.000170  -0.352428  -0.013654  0.867327  2.000000  
80.318193 0.005331  0.087366  -0.018703  0.981547  0.140396  0.129821  -0.136872  0.041743  0.989709  0.133532  -0.989215  0.060189  0.000128  -0.000160  0.000153  -0.356100  -0.007827  0.851629  2.000000  
80.319439 0.005331  0.087367  -0.018702  0.981459  0.141099  0.129730  -0.136859  0.042011  0.989699  0.134195  -0.989104  0.060543  0.000087  -0.000017  0.000247  -0.358031  -0.001197  0.835399  2.000000  
80.320686 0.005331  0.087368  -0.018701  0.981352  0.141948  0.129613  -0.136844  0.042382  0.989686  0.134991  -0.988966  0.061016  0.000067  0.000220  0.000300  -0.362867  0.005214  0.821652  2.000000  
80.321690 0.005330  0.087369  -0.018701  0.981262  0.142666  0.129504  -0.136832  0.042771  0.989671  0.135654  -0.988846  0.061490  0.000044  0.000377  0.000313  -0.366893  0.005063  0.812777  2.000000  
80.322935 0.005330  0.087370  -0.018700  0.981172  0.143384  0.129393  -0.136819  0.043159  0.989655  0.136316  -0.988726  0.061965  0.000041  0.000562  0.000384  -0.371769  0.011450  0.799057  2.000000  
80.323936 0.005330  0.087371  -0.018700  0.981081  0.144102  0.129282  -0.136807  0.043548  0.989640  0.136979  -0.988604  0.062438  -0.000003  0.000703  0.000345  -0.375752  0.011536  0.794525  2.000000  
80.324937 0.005329  0.087372  -0.018699  0.980980  0.144682  0.129400  -0.136998  0.043806  0.989602  0.137509  -0.988508  0.062794  -0.000040  0.000772  0.000351  -0.374785  0.010677  0.778707  2.000000  
80.325937 0.005329  0.087373  -0.018700  0.980926  0.145138  0.129305  -0.136991  0.044231  0.989584  0.137907  -0.988422  0.063270  -0.000057  0.000861  0.000291  -0.382873  0.009916  0.760658  2.000000  
80.327184 0.005328  0.087374  -0.018700  0.980834  0.145855  0.129192  -0.136978  0.044619  0.989569  0.138569  -0.988299  0.063743  -0.000123  0.000925  0.000231  -0.383844  0.016091  0.742526  2.000000  
80.328436 0.005328  0.087376  -0.018700  0.980742  0.146573  0.129079  -0.136965  0.045008  0.989553  0.139232  -0.988175  0.064217  -0.000167  0.000943  0.000207  -0.384625  0.016007  0.731795  2.000000  
80.329684 0.005328  0.087377  -0.018700  0.980621  0.147315  0.129151  -0.137154  0.045487  0.989505  0.139894  -0.988043  0.064810  -0.000224  0.000957  0.000205  -0.392685  0.015569  0.718423  2.000000  
80.330937 0.005327  0.087378  -0.018699  0.980547  0.147901  0.129045  -0.137144  0.045893  0.989487  0.140424  -0.987937  0.065284  -0.000291  0.000980  0.000258  -0.391831  0.014206  0.692937  2.000000  
80.332187 0.005326  0.087379  -0.018698  0.980454  0.148619  0.128929  -0.137131  0.046282  0.989471  0.141087  -0.987811  0.065757  -0.000337  0.000935  0.000327  -0.392825  0.020581  0.679238  2.000000  
80.333434 0.005326  0.087380  -0.018697  0.980379  0.149220  0.128804  -0.137120  0.046809  0.989448  0.141616  -0.987695  0.066351  -0.000373  0.000955  0.000428  -0.401560  0.019569  0.657756  2.000000  
80.334438 0.005325  0.087381  -0.018697  0.980294  0.149669  0.128927  -0.137314  0.047083  0.989408  0.142014  -0.987614  0.066707  -0.000426  0.000903  0.000351  -0.396649  0.012276  0.642724  2.000000  
80.335453 0.005324  0.087381  -0.018696  0.980257  0.149994  0.128836  -0.137309  0.047526  0.989387  0.142279  -0.987544  0.067184  -0.000465  0.000892  0.000337  -0.399720  0.011019  0.620805  2.000000  
80.336689 0.005323  0.087382  -0.018696  0.980181  0.150580  0.128728  -0.137298  0.047933  0.989369  0.142808  -0.987435  0.067658  -0.000490  0.000853  0.000313  -0.400661  0.010643  0.607106  2.000000  
80.337691 0.005322  0.087382  -0.018696  0.980096  0.151029  0.128850  -0.137492  0.048207  0.989329  0.143206  -0.987353  0.068013  -0.000562  0.000817  0.000280  -0.403931  0.009546  0.589647  2.000000  
80.338936 0.005321  0.087383  -0.018696  0.980039  0.151484  0.128749  -0.137484  0.048632  0.989309  0.143603  -0.987263  0.068488  -0.000562  0.000830  0.000266  -0.403962  0.008700  0.571760  2.000000  
80.340186 0.005320  0.087384  -0.018696  0.979934  0.152080  0.128843  -0.137675  0.049007  0.989264  0.144133  -0.987153  0.068962  -0.000594  0.000805  0.000247  -0.403076  0.000994  0.554343  2.000000  
80.341440 0.005319  0.087385  -0.018695  0.979877  0.152534  0.128741  -0.137667  0.049432  0.989244  0.144530  -0.987061  0.069436  -0.000617  0.000799  0.000339  -0.402917  -0.000176  0.531720  2.000000  
80.342443 0.005319  0.087386  -0.018694  0.979819  0.152989  0.128640  -0.137659  0.049857  0.989224  0.144927  -0.986969  0.069911  -0.000630  0.000778  0.000426  -0.402824  -0.000786  0.518164  2.000000  
80.343690 0.005318  0.087388  -0.018694  0.979733  0.153470  0.128722  -0.137853  0.050370  0.989171  0.145324  -0.986869  0.070506  -0.000674  0.000757  0.000446  -0.406804  -0.007893  0.505660  2.000000  
80.344933 0.005318  0.087388  -0.018693  0.979666  0.153804  0.128833  -0.138049  0.050782  0.989123  0.145589  -0.986796  0.070982  -0.000665  0.000722  0.000486  -0.401733  -0.015858  0.483791  2.000000  
80.345934 0.005317  0.087389  -0.018693  0.979609  0.154243  0.128748  -0.138041  0.051086  0.989108  0.145986  -0.986711  0.071337  -0.000654  0.000719  0.000448  -0.401688  -0.016560  0.470424  2.000000  
80.347187 0.005317  0.087390  -0.018693  0.979541  0.154578  0.128858  -0.138237  0.051498  0.989059  0.146251  -0.986638  0.071812  -0.000655  0.000669  0.000327  -0.399982  -0.024770  0.452394  2.000000  
80.348432 0.005316  0.087390  -0.018693  0.979483  0.155032  0.128754  -0.138229  0.051922  0.989038  0.146648  -0.986544  0.072287  -0.000633  0.000655  0.000283  -0.400747  -0.024971  0.439827  2.000000  
80.349434 0.005316  0.087390  -0.018693  0.979416  0.155351  0.128882  -0.138425  0.052213  0.988996  0.146912  -0.986478  0.072643  -0.000581  0.000651  0.000273  -0.403777  -0.032213  0.431359  2.000000  
80.350439 0.005316  0.087391  -0.018693  0.979348  0.155670  0.129010  -0.138621  0.052504  0.988953  0.147177  -0.986413  0.072999  -0.000519  0.000644  0.000224  -0.401986  -0.040339  0.417410  2.000000  
80.351443 0.005316  0.087391  -0.018693  0.979309  0.155979  0.128934  -0.138615  0.052827  0.988936  0.147442  -0.986347  0.073355  -0.000475  0.000650  0.000216  -0.397891  -0.041077  0.403981  2.000000  
80.352688 0.005316  0.087392  -0.018693  0.979222  0.156429  0.129051  -0.138809  0.053099  0.988895  0.147839  -0.986261  0.073710  -0.000373  0.000656  0.000183  -0.392783  -0.048349  0.395482  2.000000  
80.353937 0.005317  0.087393  -0.018693  0.979135  0.156894  0.129150  -0.139002  0.053491  0.988846  0.148236  -0.986166  0.074184  -0.000244  0.000660  0.000232  -0.388673  -0.049060  0.382061  2.000000  
80.354940 0.005317  0.087394  -0.018692  0.979095  0.157202  0.129073  -0.138996  0.053814  0.988830  0.148500  -0.986099  0.074539  -0.000192  0.000656  0.000221  -0.388631  -0.049539  0.373094  2.000000  
80.356187 0.005318  0.087395  -0.018693  0.979027  0.157522  0.129199  -0.139192  0.054104  0.988786  0.148765  -0.986032  0.074895  -0.000076  0.000644  0.000160  -0.383519  -0.056834  0.364609  2.000000  
80.357187 0.005319  0.087396  -0.018692  0.978939  0.157972  0.129316  -0.139385  0.054376  0.988744  0.149162  -0.985945  0.075250  0.000020  0.000662  0.000130  -0.378460  -0.063829  0.360678  2.000000  
80.358189 0.005320  0.087396  -0.018692  0.978900  0.158280  0.129238  -0.139380  0.054698  0.988727  0.149427  -0.985878  0.075605  0.000093  0.000627  0.000089  -0.378391  -0.064322  0.351698  2.000000  
80.359439 0.005321  0.087397  -0.018692  0.978832  0.158599  0.129364  -0.139576  0.054988  0.988683  0.149691  -0.985811  0.075961  0.000207  0.000592  0.000076  -0.370176  -0.065102  0.338253  2.000000  
80.360682 0.005322  0.087397  -0.018693  0.978743  0.159050  0.129479  -0.139769  0.055259  0.988641  0.150088  -0.985723  0.076315  0.000285  0.000546  -0.000004  -0.366114  -0.071214  0.335992  2.000000  
80.361684 0.005322  0.087398  -0.018694  0.978703  0.159342  0.129421  -0.139763  0.055462  0.988631  0.150353  -0.985664  0.076551  0.000354  0.000548  -0.000054  -0.356890  -0.072628  0.325366  2.000000  
80.362935 0.005323  0.087398  -0.018694  0.978635  0.159678  0.129526  -0.139959  0.055872  0.988580  0.150617  -0.985587  0.077026  0.000454  0.000533  -0.000075  -0.355852  -0.079945  0.316936  2.000000  
80.363938 0.005323  0.087398  -0.018694  0.978595  0.159970  0.129467  -0.139953  0.056074  0.988569  0.150882  -0.985528  0.077262  0.000500  0.000538  -0.000047  -0.352713  -0.073336  0.311941  2.000000  
80.365184 0.005324  0.087399  -0.018694  0.978526  0.160290  0.129592  -0.140149  0.056363  0.988525  0.151146  -0.985459  0.077617  0.000543  0.000525  -0.000057  -0.344818  -0.079712  0.305531  2.000000  
80.366439 0.005325  0.087399  -0.018693  0.978466  0.160728  0.129502  -0.140140  0.056667  0.988509  0.151543  -0.985371  0.077971  0.000625  0.000522  -0.000001  -0.340669  -0.079562  0.305507  2.000000  
80.367690 0.005326  0.087400  -0.018693  0.978397  0.161048  0.129627  -0.140336  0.056956  0.988464  0.151807  -0.985302  0.078327  0.000696  0.000500  -0.000003  -0.336582  -0.080085  0.296642  2.000000  
80.368937 0.005327  0.087400  -0.018693  0.978357  0.161356  0.129547  -0.140330  0.057278  0.988447  0.152072  -0.985233  0.078682  0.000693  0.000419  -0.000043  -0.331181  -0.081268  0.290174  2.000000  
80.369941 0.005328  0.087400  -0.018693  0.978308  0.161530  0.129701  -0.140529  0.057466  0.988407  0.152204  -0.985193  0.078919  0.000704  0.000416  -0.000082  -0.327048  -0.081842  0.281205  2.000000  
80.371186 0.005329  0.087400  -0.018694  0.978267  0.161823  0.129641  -0.140523  0.057669  0.988397  0.152469  -0.985133  0.079155  0.000689  0.000330  -0.000121  -0.318948  -0.082094  0.276825  2.000000  
80.372438 0.005330  0.087400  -0.018695  0.978198  0.162143  0.129765  -0.140718  0.057957  0.988352  0.152733  -0.985064  0.079510  0.000666  0.000230  -0.000183  -0.311206  -0.088397  0.270631  2.000000  
80.373439 0.005330  0.087399  -0.018696  0.978157  0.162435  0.129704  -0.140713  0.058160  0.988341  0.152998  -0.985004  0.079746  0.000643  0.000172  -0.000229  -0.302547  -0.082526  0.267904  2.000000  
80.374443 0.005330  0.087399  -0.018696  0.978117  0.162727  0.129643  -0.140707  0.058362  0.988330  0.153262  -0.984944  0.079982  0.000627  0.000100  -0.000194  -0.299371  -0.075592  0.267314  2.000000  
80.375450 0.005331  0.087398  -0.018696  0.978067  0.162901  0.129797  -0.140905  0.058549  0.988290  0.153394  -0.984904  0.080219  0.000604  0.000049  -0.000205  -0.294182  -0.082655  0.263324  2.000000  
80.376686 0.005331  0.087397  -0.018697  0.978027  0.163209  0.129716  -0.140899  0.058871  0.988272  0.153659  -0.984833  0.080574  0.000590  -0.000029  -0.000206  -0.291219  -0.076095  0.258448  2.000000  
80.377687 0.005331  0.087396  -0.018697  0.978006  0.163356  0.129686  -0.140896  0.058972  0.988266  0.153791  -0.984803  0.080692  0.000532  -0.000128  -0.000188  -0.284813  -0.075433  0.256376  2.000000  
80.378935 0.005331  0.087395  -0.018698  0.977957  0.163545  0.129819  -0.141095  0.059280  0.988220  0.153923  -0.984753  0.081048  0.000531  -0.000209  -0.000263  -0.278970  -0.076971  0.245071  2.000000  
80.380184 0.005331  0.087394  -0.018698  0.977916  0.163838  0.129758  -0.141089  0.059482  0.988208  0.154187  -0.984692  0.081284  0.000453  -0.000314  -0.000317  -0.272595  -0.076257  0.243068  2.000000  
80.381186 0.005332  0.087394  -0.018699  0.977896  0.163984  0.129727  -0.141086  0.059583  0.988203  0.154320  -0.984662  0.081402  0.000440  -0.000368  -0.000366  -0.265534  -0.069783  0.238117  2.000000  
80.382441 0.005332  0.087393  -0.018700  0.977875  0.164146  0.129677  -0.141083  0.059804  0.988190  0.154452  -0.984622  0.081639  0.000395  -0.000448  -0.000435  -0.260600  -0.064157  0.230609  2.000000  
80.383689 0.005333  0.087392  -0.018700  0.977826  0.164320  0.129829  -0.141281  0.059991  0.988150  0.154584  -0.984581  0.081876  0.000372  -0.000499  -0.000445  -0.252418  -0.064779  0.221660  2.000000  
80.384691 0.005333  0.087392  -0.018700  0.977805  0.164482  0.129779  -0.141278  0.060212  0.988137  0.154716  -0.984541  0.082113  0.000316  -0.000576  -0.000475  -0.248349  -0.065071  0.217218  2.000000  
80.385957 0.005333  0.087391  -0.018701  0.977785  0.164644  0.129728  -0.141275  0.060433  0.988124  0.154848  -0.984500  0.082350  0.000273  -0.000597  -0.000454  -0.245140  -0.058503  0.212066  2.000000  
80.387186 0.005333  0.087391  -0.018702  0.977764  0.164790  0.129697  -0.141272  0.060534  0.988118  0.154981  -0.984469  0.082468  0.000237  -0.000613  -0.000467  -0.236209  -0.051954  0.201032  2.000000  
80.388188 0.005333  0.087390  -0.018702  0.977764  0.164821  0.129657  -0.141272  0.060773  0.988104  0.154981  -0.984449  0.082707  0.000186  -0.000642  -0.000415  -0.232159  -0.052606  0.192158  2.000000  
80.389439 0.005332  0.087389  -0.018702  0.977715  0.164980  0.129829  -0.141471  0.060840  0.988071  0.155113  -0.984419  0.082824  0.000142  -0.000630  -0.000437  -0.225885  -0.053709  0.184776  2.000000  
80.390445 0.005333  0.087389  -0.018703  0.977694  0.165142  0.129778  -0.141468  0.061061  0.988058  0.155245  -0.984378  0.083061  0.000142  -0.000630  -0.000437  -0.222799  -0.047187  0.179717  2.000000  
80.391687 0.005333  0.087388  -0.018703  0.977694  0.165157  0.129758  -0.141468  0.061181  0.988050  0.155245  -0.984368  0.083181  0.000116  -0.000585  -0.000423  -0.214729  -0.047889  0.170838  2.000000  
80.392689 0.005333  0.087388  -0.018703  0.977694  0.165173  0.129738  -0.141468  0.061301  0.988043  0.155245  -0.984358  0.083300  0.000139  -0.000533  -0.000412  -0.207598  -0.041754  0.161308  2.000000  
80.393935 0.005334  0.087388  -0.018704  0.977674  0.165319  0.129707  -0.141465  0.061402  0.988037  0.155377  -0.984327  0.083418  0.000139  -0.000502  -0.000453  -0.201867  -0.041749  0.155568  2.000000  
80.395184 0.005334  0.087388  -0.018705  0.977674  0.165351  0.129667  -0.141465  0.061642  0.988022  0.155377  -0.984307  0.083657  0.000153  -0.000425  -0.000452  -0.198843  -0.035665  0.146117  2.000000  
80.396433 0.005334  0.087388  -0.018706  0.977674  0.165366  0.129647  -0.141465  0.061761  0.988015  0.155377  -0.984296  0.083776  0.000176  -0.000375  -0.000442  -0.190788  -0.036731  0.132819  2.000000  
80.397438 0.005335  0.087388  -0.018706  0.977644  0.165395  0.129830  -0.141666  0.061847  0.987981  0.155377  -0.984286  0.083895  0.000199  -0.000324  -0.000431  -0.184205  -0.037740  0.124961  2.000000  
80.398439 0.005335  0.087388  -0.018707  0.977644  0.165395  0.129830  -0.141666  0.061847  0.987981  0.155377  -0.984286  0.083895  0.000184  -0.000277  -0.000457  0.000000  0.000000  0.000000  2.000000  
80.399687 0.005337  0.087389  -0.018707  0.977644  0.165410  0.129810  -0.141666  0.061967  0.987973  0.155377  -0.984276  0.084015  0.000245  -0.000223  -0.000411  0.000000  0.000000  0.000000  2.000000  
80.400937 0.005337  0.087389  -0.018707  0.977644  0.165426  0.129790  -0.141666  0.062087  0.987966  0.155377  -0.984266  0.084134  0.000311  -0.000151  -0.000421  0.000000  0.000000  0.000000  2.000000  
80.401939 0.005338  0.087389  -0.018708  0.977644  0.165442  0.129770  -0.141666  0.062207  0.987958  0.155377  -0.984256  0.084254  0.000307  -0.000127  -0.000437  0.000000  0.000000  0.000000  2.000000  
80.402940 0.005338  0.087389  -0.018708  0.977665  0.165312  0.129781  -0.141669  0.062226  0.987956  0.155245  -0.984276  0.084255  0.000373  -0.000054  -0.000446  0.000000  0.000000  0.000000  2.000000  
80.404186 0.005339  0.087389  -0.018709  0.977665  0.165327  0.129761  -0.141669  0.062345  0.987949  0.155245  -0.984266  0.084375  0.000410  -0.000032  -0.000458  0.000000  0.000000  0.000000  2.000000  
80.405187 0.005339  0.087389  -0.018710  0.977665  0.165327  0.129761  -0.141669  0.062345  0.987949  0.155245  -0.984266  0.084375  0.000444  0.000016  -0.000487  0.000000  0.000000  0.000000  2.000000  
80.406444 0.005340  0.087389  -0.018710  0.977686  0.165197  0.129772  -0.141672  0.062364  0.987947  0.155113  -0.984287  0.084376  0.000486  0.000064  -0.000524  0.000000  0.000000  0.000000  2.000000  
80.407689 0.005341  0.087390  -0.018711  0.977686  0.165213  0.129752  -0.141672  0.062484  0.987940  0.155113  -0.984277  0.084496  0.000500  0.000142  -0.000522  0.000000  0.000000  0.000000  2.000000  
80.408936 0.005342  0.087390  -0.018712  0.977686  0.165213  0.129752  -0.141672  0.062484  0.987940  0.155113  -0.984277  0.084496  0.000544  0.000163  -0.000542  0.000000  0.000000  0.000000  2.000000  
80.409937 0.005342  0.087391  -0.018713  0.977706  0.165082  0.129764  -0.141675  0.062503  0.987938  0.154981  -0.984297  0.084498  0.000567  0.000215  -0.000532  0.000000  0.000000  0.000000  2.000000  
