1-Time 2-Px 3-Py 4-Pz 5-R11 6-R21 7-R31 8-R12 9-R22 10-R32 11-R13 12-R23 13-R33 14-Vx 15-Vy 16-Vz 17-Wx 18-Wy 19-Wz 20-state 21-PR11 22-PR21 23-PR31 24-PR12 25-PR22 26-PR32 27-PR13 28-PR23 29-PR33 
177.549159 -0.001683  0.085571  -0.003031  0.998516  0.001034  0.054451  -0.001850  0.999887  0.014939  -0.054429  -0.015018  0.998405  -0.001332  0.004426  -0.002268  0.000000  0.000000  0.000000  2.000000  
177.550165 -0.001685  0.085575  -0.003033  0.998516  0.001034  0.054451  -0.001850  0.999887  0.014939  -0.054429  -0.015018  0.998405  -0.001319  0.004375  -0.002244  0.000000  0.000000  0.000000  2.000000  
177.551426 -0.001688  0.085576  -0.003037  0.998509  0.001032  0.054584  -0.001850  0.999887  0.014939  -0.054563  -0.015018  0.998397  -0.001483  0.004089  -0.002259  0.000000  0.000000  0.000000  2.000000  
177.552665 -0.001692  0.085577  -0.003040  0.998494  0.001234  0.054855  -0.002056  0.999886  0.014927  -0.054830  -0.015018  0.998383  -0.001637  0.003761  -0.002256  0.000000  0.000000  0.000000  2.000000  
177.553910 -0.001697  0.085576  -0.003043  0.998486  0.001225  0.054988  -0.002056  0.999885  0.015048  -0.054964  -0.015139  0.998374  -0.001827  0.003331  -0.002300  0.000000  0.000000  0.000000  2.000000  
177.554911 -0.001700  0.085576  -0.003045  0.998479  0.001223  0.055122  -0.002056  0.999885  0.015048  -0.055097  -0.015139  0.998366  -0.001956  0.003005  -0.002232  0.000000  0.000000  0.000000  2.000000  
177.555912 -0.001703  0.085574  -0.003048  0.998472  0.001214  0.055256  -0.002056  0.999883  0.015169  -0.055231  -0.015260  0.998357  -0.002115  0.002598  -0.002257  0.000000  0.000000  0.000000  2.000000  
177.557166 -0.001708  0.085571  -0.003050  0.998472  0.001009  0.055253  -0.001850  0.999883  0.015180  -0.055231  -0.015260  0.998357  -0.002356  0.002027  -0.002263  0.000000  0.000000  0.000000  2.000000  
177.558169 -0.001712  0.085570  -0.003053  0.998465  0.001000  0.055386  -0.001850  0.999881  0.015302  -0.055364  -0.015380  0.998348  -0.002477  0.001621  -0.002257  0.000000  0.000000  0.000000  2.000000  
177.559419 -0.001715  0.085567  -0.003056  0.998457  0.000998  0.055520  -0.001850  0.999881  0.015301  -0.055498  -0.015380  0.998340  -0.002621  0.001066  -0.002279  0.000000  0.000000  0.000000  2.000000  
177.560665 -0.001720  0.085564  -0.003058  0.998450  0.000989  0.055653  -0.001850  0.999879  0.015422  -0.055632  -0.015501  0.998331  -0.002789  0.000497  -0.002225  0.000000  0.000000  0.000000  2.000000  
177.561667 -0.001723  0.085561  -0.003060  0.998434  0.001191  0.055924  -0.002055  0.999879  0.015410  -0.055899  -0.015501  0.998316  -0.002954  -0.000029  -0.002226  0.000000  0.000000  0.000000  2.000000  
177.562914 -0.001728  0.085556  -0.003062  0.998419  0.001186  0.056191  -0.002055  0.999879  0.015410  -0.056166  -0.015501  0.998301  -0.003158  -0.000698  -0.002221  0.000000  0.000000  0.000000  2.000000  
177.564167 -0.001734  0.085550  -0.003063  0.998412  0.001191  0.056324  -0.002055  0.999881  0.015288  -0.056299  -0.015380  0.998295  -0.003435  -0.001478  -0.002158  0.000000  0.000000  0.000000  2.000000  
177.565416 -0.001741  0.085542  -0.003066  0.998397  0.001187  0.056592  -0.002055  0.999881  0.015288  -0.056567  -0.015379  0.998280  -0.003748  -0.002170  -0.002107  0.000000  0.000000  0.000000  2.000000  
177.566420 -0.001748  0.085535  -0.003068  0.998397  0.001187  0.056592  -0.002055  0.999881  0.015288  -0.056567  -0.015379  0.998280  -0.003964  -0.002726  -0.002053  0.000000  0.000000  0.000000  2.000000  
177.567660 -0.001756  0.085526  -0.003071  0.998389  0.001185  0.056725  -0.002055  0.999881  0.015287  -0.056700  -0.015379  0.998273  -0.004265  -0.003375  -0.002043  0.000000  0.000000  0.000000  2.000000  
177.568664 -0.001763  0.085519  -0.003073  0.998382  0.001183  0.056859  -0.002055  0.999881  0.015287  -0.056834  -0.015379  0.998265  -0.004488  -0.003903  -0.002036  0.000000  0.000000  0.000000  2.000000  
177.569910 -0.001771  0.085508  -0.003077  0.998366  0.001179  0.057126  -0.002055  0.999881  0.015287  -0.057101  -0.015379  0.998250  -0.004750  -0.004503  -0.002147  0.000000  0.000000  0.000000  2.000000  
177.570912 -0.001778  0.085499  -0.003081  0.998358  0.001376  0.057263  -0.002261  0.999879  0.015396  -0.057235  -0.015500  0.998240  -0.005013  -0.005033  -0.002216  0.000000  0.000000  0.000000  2.000000  
177.572160 -0.001787  0.085487  -0.003086  0.998351  0.001374  0.057396  -0.002261  0.999879  0.015395  -0.057368  -0.015500  0.998233  -0.005245  -0.005600  -0.002400  0.000000  0.000000  0.000000  2.000000  
177.573164 -0.001794  0.085479  -0.003091  0.998343  0.001372  0.057530  -0.002261  0.999879  0.015395  -0.057502  -0.015500  0.998225  -0.005459  -0.006060  -0.002586  0.000000  0.000000  0.000000  2.000000  
177.574410 -0.001802  0.085468  -0.003098  0.998342  0.001570  0.057533  -0.002466  0.999877  0.015505  -0.057502  -0.015621  0.998223  -0.005755  -0.006640  -0.002809  0.000000  0.000000  0.000000  2.000000  
177.575421 -0.001809  0.085458  -0.003103  0.998335  0.001568  0.057667  -0.002466  0.999877  0.015504  -0.057635  -0.015621  0.998215  -0.006025  -0.007170  -0.003068  0.000000  0.000000  0.000000  2.000000  
177.576430 -0.001816  0.085448  -0.003107  0.998335  0.001561  0.057667  -0.002466  0.999875  0.015626  -0.057635  -0.015742  0.998214  -0.006260  -0.007606  -0.003234  0.000000  0.000000  0.000000  2.000000  
177.577664 -0.001825  0.085436  -0.003114  0.998335  0.001561  0.057667  -0.002466  0.999875  0.015626  -0.057635  -0.015742  0.998214  -0.006540  -0.008074  -0.003557  0.000000  0.000000  0.000000  2.000000  
177.578667 -0.001833  0.085425  -0.003119  0.998326  0.001765  0.057804  -0.002672  0.999875  0.015613  -0.057769  -0.015742  0.998206  -0.006777  -0.008538  -0.003814  0.000000  0.000000  0.000000  2.000000  
177.579913 -0.001843  0.085412  -0.003126  0.998326  0.001765  0.057804  -0.002672  0.999875  0.015613  -0.057769  -0.015742  0.998206  -0.006982  -0.008937  -0.004087  0.000000  0.000000  0.000000  2.000000  
177.580914 -0.001851  0.085401  -0.003131  0.998319  0.001770  0.057937  -0.002672  0.999876  0.015492  -0.057902  -0.015620  0.998200  -0.007145  -0.009253  -0.004373  0.000000  0.000000  0.000000  2.000000  
177.582164 -0.001861  0.085388  -0.003137  0.998318  0.001976  0.057940  -0.002877  0.999876  0.015480  -0.057902  -0.015620  0.998200  -0.007247  -0.009533  -0.004561  0.000000  0.000000  0.000000  2.000000  
177.583165 -0.001870  0.085377  -0.003142  0.998310  0.001974  0.058074  -0.002877  0.999876  0.015479  -0.058036  -0.015620  0.998192  -0.007361  -0.009735  -0.004690  0.000000  0.000000  0.000000  2.000000  
177.584415 -0.001880  0.085364  -0.003148  0.998310  0.002180  0.058077  -0.003083  0.999876  0.015467  -0.058036  -0.015620  0.998192  -0.007456  -0.009935  -0.004847  0.000000  0.000000  0.000000  2.000000  
177.585663 -0.001889  0.085351  -0.003154  0.998310  0.002180  0.058077  -0.003083  0.999876  0.015467  -0.058036  -0.015620  0.998192  -0.007499  -0.010070  -0.004980  0.000000  0.000000  0.000000  2.000000  
177.586914 -0.001898  0.085338  -0.003161  0.998310  0.002180  0.058077  -0.003083  0.999876  0.015467  -0.058036  -0.015620  0.998192  -0.007540  -0.010142  -0.005038  0.000000  0.000000  0.000000  2.000000  
177.588169 -0.001908  0.085326  -0.003168  0.998310  0.002180  0.058077  -0.003083  0.999876  0.015467  -0.058036  -0.015620  0.998192  -0.007629  -0.010237  -0.005084  0.000000  0.000000  0.000000  2.000000  
177.589410 -0.001917  0.085312  -0.003175  0.998309  0.002378  0.058080  -0.003288  0.999873  0.015577  -0.058036  -0.015741  0.998190  -0.007700  -0.010363  -0.005153  0.000000  0.000000  0.000000  2.000000  
177.590419 -0.001924  0.085302  -0.003181  0.998309  0.002378  0.058080  -0.003288  0.999873  0.015577  -0.058036  -0.015741  0.998190  -0.007682  -0.010387  -0.005192  0.000000  0.000000  0.000000  2.000000  
177.591425 -0.001931  0.085291  -0.003186  0.998301  0.002376  0.058214  -0.003288  0.999873  0.015576  -0.058170  -0.015741  0.998183  -0.007707  -0.010491  -0.005273  0.000000  0.000000  0.000000  2.000000  
177.592664 -0.001942  0.085277  -0.003194  0.998301  0.002376  0.058214  -0.003288  0.999873  0.015576  -0.058170  -0.015741  0.998183  -0.007773  -0.010608  -0.005337  0.000000  0.000000  0.000000  2.000000  
177.593671 -0.001950  0.085265  -0.003201  0.998301  0.002582  0.058217  -0.003494  0.999873  0.015564  -0.058170  -0.015741  0.998183  -0.007791  -0.010670  -0.005453  0.000000  0.000000  0.000000  2.000000  
177.594913 -0.001960  0.085251  -0.003210  0.998293  0.002580  0.058351  -0.003494  0.999873  0.015564  -0.058303  -0.015741  0.998175  -0.007812  -0.010761  -0.005580  0.000000  0.000000  0.000000  2.000000  
177.595914 -0.001969  0.085239  -0.003216  0.998293  0.002580  0.058351  -0.003494  0.999873  0.015564  -0.058303  -0.015741  0.998175  -0.007803  -0.010829  -0.005652  0.000000  0.000000  0.000000  2.000000  
177.596916 -0.001976  0.085228  -0.003222  0.998293  0.002580  0.058351  -0.003494  0.999873  0.015564  -0.058303  -0.015741  0.998175  -0.007755  -0.010832  -0.005781  0.000000  0.000000  0.000000  2.000000  
177.597917 -0.001984  0.085216  -0.003228  0.998293  0.002580  0.058351  -0.003494  0.999873  0.015564  -0.058303  -0.015741  0.998175  -0.007740  -0.010892  -0.005886  0.000000  0.000000  0.000000  2.000000  
177.599165 -0.001993  0.085203  -0.003236  0.998292  0.002786  0.058354  -0.003699  0.999872  0.015552  -0.058303  -0.015741  0.998175  -0.007669  -0.010882  -0.005964  0.000000  0.000000  0.000000  2.000000  
177.600411 -0.002001  0.085190  -0.003244  0.998284  0.002784  0.058487  -0.003699  0.999872  0.015551  -0.058437  -0.015741  0.998167  -0.007632  -0.010884  -0.006065  0.000000  0.000000  0.000000  2.000000  
177.601425 -0.002008  0.085180  -0.003250  0.998284  0.002784  0.058487  -0.003699  0.999872  0.015551  -0.058437  -0.015741  0.998167  -0.007562  -0.010867  -0.006100  0.000000  0.000000  0.000000  2.000000  
177.602662 -0.002017  0.085167  -0.003258  0.998284  0.002784  0.058487  -0.003699  0.999872  0.015551  -0.058437  -0.015741  0.998167  -0.007574  -0.010909  -0.006189  0.000000  0.000000  0.000000  2.000000  
177.603694 -0.002024  0.085157  -0.003264  0.998284  0.002784  0.058487  -0.003699  0.999872  0.015551  -0.058437  -0.015741  0.998167  -0.007533  -0.010897  -0.006242  0.000000  0.000000  0.000000  2.000000  
177.604910 -0.002033  0.085144  -0.003273  0.998276  0.002782  0.058621  -0.003699  0.999872  0.015551  -0.058570  -0.015741  0.998159  -0.007530  -0.010906  -0.006332  0.000000  0.000000  0.000000  2.000000  
177.605911 -0.002040  0.085134  -0.003278  0.998276  0.002988  0.058624  -0.003905  0.999872  0.015539  -0.058570  -0.015741  0.998159  -0.007502  -0.010867  -0.006310  0.000000  0.000000  0.000000  2.000000  
177.607166 -0.002050  0.085121  -0.003287  0.998276  0.002988  0.058624  -0.003905  0.999872  0.015539  -0.058570  -0.015741  0.998159  -0.007475  -0.010775  -0.006354  0.000000  0.000000  0.000000  2.000000  
177.608170 -0.002058  0.085110  -0.003293  0.998276  0.002988  0.058624  -0.003905  0.999872  0.015539  -0.058570  -0.015741  0.998159  -0.007453  -0.010713  -0.006358  0.000000  0.000000  0.000000  2.000000  
177.609421 -0.002067  0.085097  -0.003302  0.998268  0.002985  0.058758  -0.003905  0.999872  0.015538  -0.058704  -0.015741  0.998151  -0.007435  -0.010658  -0.006349  0.000000  0.000000  0.000000  2.000000  
177.610430 -0.002075  0.085086  -0.003309  0.998268  0.002985  0.058758  -0.003905  0.999872  0.015538  -0.058704  -0.015741  0.998151  -0.007342  -0.010563  -0.006390  0.000000  0.000000  0.000000  2.000000  
177.611669 -0.002084  0.085072  -0.003318  0.998260  0.002983  0.058891  -0.003905  0.999872  0.015538  -0.058837  -0.015741  0.998143  -0.007347  -0.010528  -0.006449  0.000000  0.000000  0.000000  2.000000  
177.612914 -0.002093  0.085059  -0.003326  0.998259  0.003189  0.058895  -0.004110  0.999871  0.015526  -0.058837  -0.015741  0.998143  -0.007275  -0.010463  -0.006485  0.000000  0.000000  0.000000  2.000000  
177.613915 -0.002100  0.085049  -0.003333  0.998259  0.003189  0.058895  -0.004110  0.999871  0.015526  -0.058837  -0.015741  0.998143  -0.007259  -0.010423  -0.006569  0.000000  0.000000  0.000000  2.000000  
177.615164 -0.002108  0.085037  -0.003342  0.998251  0.003187  0.059028  -0.004110  0.999871  0.015525  -0.058971  -0.015741  0.998136  -0.007197  -0.010385  -0.006628  0.000000  0.000000  0.000000  2.000000  
177.616417 -0.002116  0.085024  -0.003351  0.998251  0.003180  0.059028  -0.004110  0.999869  0.015646  -0.058971  -0.015862  0.998134  -0.007178  -0.010377  -0.006733  0.000000  0.000000  0.000000  2.000000  
177.617662 -0.002124  0.085011  -0.003360  0.998251  0.003180  0.059028  -0.004110  0.999869  0.015646  -0.058971  -0.015862  0.998134  -0.007137  -0.010383  -0.006802  0.000000  0.000000  0.000000  2.000000  
177.618665 -0.002131  0.085001  -0.003368  0.998243  0.003178  0.059162  -0.004110  0.999869  0.015646  -0.059105  -0.015861  0.998126  -0.007127  -0.010388  -0.006912  0.000000  0.000000  0.000000  2.000000  
177.619915 -0.002139  0.084988  -0.003377  0.998242  0.003384  0.059165  -0.004316  0.999868  0.015634  -0.059105  -0.015861  0.998126  -0.007074  -0.010377  -0.006972  0.000000  0.000000  0.000000  2.000000  
177.621165 -0.002148  0.084975  -0.003386  0.998235  0.003381  0.059299  -0.004316  0.999868  0.015633  -0.059238  -0.015861  0.998118  -0.007027  -0.010413  -0.007058  0.000000  0.000000  0.000000  2.000000  
177.622410 -0.002157  0.084962  -0.003394  0.998235  0.003389  0.059298  -0.004316  0.999870  0.015512  -0.059238  -0.015740  0.998120  -0.006994  -0.010418  -0.007051  0.000000  0.000000  0.000000  2.000000  
177.623414 -0.002164  0.084951  -0.003401  0.998227  0.003387  0.059432  -0.004316  0.999870  0.015511  -0.059372  -0.015740  0.998112  -0.006966  -0.010424  -0.007113  0.000000  0.000000  0.000000  2.000000  
177.624415 -0.002171  0.084940  -0.003408  0.998227  0.003387  0.059432  -0.004316  0.999870  0.015511  -0.059372  -0.015740  0.998112  -0.006888  -0.010407  -0.007099  0.000000  0.000000  0.000000  2.000000  
177.625420 -0.002178  0.084930  -0.003415  0.998227  0.003387  0.059432  -0.004316  0.999870  0.015511  -0.059372  -0.015740  0.998112  -0.006890  -0.010408  -0.007100  0.000000  0.000000  0.000000  2.000000  
177.626430 -0.002185  0.084920  -0.003422  0.998219  0.003384  0.059565  -0.004316  0.999870  0.015511  -0.059505  -0.015740  0.998104  -0.006790  -0.010355  -0.007099  0.000000  0.000000  0.000000  2.000000  
177.627664 -0.002192  0.084907  -0.003431  0.998219  0.003384  0.059565  -0.004316  0.999870  0.015511  -0.059505  -0.015740  0.998104  -0.006737  -0.010346  -0.007150  0.000000  0.000000  0.000000  2.000000  
177.628665 -0.002199  0.084896  -0.003439  0.998218  0.003590  0.059569  -0.004521  0.999870  0.015498  -0.059505  -0.015740  0.998104  -0.006723  -0.010376  -0.007188  0.000000  0.000000  0.000000  2.000000  
177.629667 -0.002205  0.084886  -0.003446  0.998218  0.003583  0.059569  -0.004521  0.999868  0.015620  -0.059505  -0.015861  0.998102  -0.006659  -0.010357  -0.007216  0.000000  0.000000  0.000000  2.000000  
177.630913 -0.002212  0.084874  -0.003456  0.998210  0.003581  0.059703  -0.004521  0.999868  0.015619  -0.059639  -0.015861  0.998094  -0.006629  -0.010359  -0.007203  0.000000  0.000000  0.000000  2.000000  
177.631914 -0.002219  0.084863  -0.003463  0.998210  0.003581  0.059703  -0.004521  0.999868  0.015619  -0.059639  -0.015861  0.998094  -0.006590  -0.010389  -0.007240  0.000000  0.000000  0.000000  2.000000  
177.633165 -0.002227  0.084850  -0.003473  0.998210  0.003581  0.059703  -0.004521  0.999868  0.015619  -0.059639  -0.015861  0.998094  -0.006635  -0.010438  -0.007221  0.000000  0.000000  0.000000  2.000000  
177.634412 -0.002235  0.084837  -0.003482  0.998202  0.003579  0.059836  -0.004521  0.999868  0.015618  -0.059772  -0.015861  0.998086  -0.006597  -0.010461  -0.007268  0.000000  0.000000  0.000000  2.000000  
177.635415 -0.002242  0.084826  -0.003490  0.998202  0.003579  0.059836  -0.004521  0.999868  0.015618  -0.059772  -0.015861  0.998086  -0.006615  -0.010488  -0.007319  0.000000  0.000000  0.000000  2.000000  
177.636660 -0.002250  0.084812  -0.003500  0.998194  0.003577  0.059970  -0.004521  0.999868  0.015618  -0.059906  -0.015861  0.998078  -0.006591  -0.010522  -0.007389  0.000000  0.000000  0.000000  2.000000  
177.637662 -0.002257  0.084801  -0.003508  0.998193  0.003783  0.059973  -0.004727  0.999867  0.015605  -0.059906  -0.015861  0.998078  -0.006556  -0.010529  -0.007438  0.000000  0.000000  0.000000  2.000000  
177.638911 -0.002266  0.084787  -0.003518  0.998193  0.003783  0.059973  -0.004727  0.999867  0.015605  -0.059906  -0.015861  0.998078  -0.006541  -0.010590  -0.007543  0.000000  0.000000  0.000000  2.000000  
177.639914 -0.002272  0.084776  -0.003525  0.998193  0.003783  0.059973  -0.004727  0.999867  0.015605  -0.059906  -0.015861  0.998078  -0.006531  -0.010617  -0.007577  0.000000  0.000000  0.000000  2.000000  
177.640915 -0.002279  0.084765  -0.003533  0.998193  0.003783  0.059973  -0.004727  0.999867  0.015605  -0.059906  -0.015861  0.998078  -0.006528  -0.010652  -0.007650  0.000000  0.000000  0.000000  2.000000  
177.641917 -0.002285  0.084755  -0.003541  0.998193  0.003783  0.059973  -0.004727  0.999867  0.015605  -0.059906  -0.015861  0.998078  -0.006535  -0.010645  -0.007657  0.000000  0.000000  0.000000  2.000000  
177.643169 -0.002294  0.084741  -0.003550  0.998193  0.003783  0.059973  -0.004727  0.999867  0.015605  -0.059906  -0.015861  0.998078  -0.006541  -0.010701  -0.007690  0.000000  0.000000  0.000000  2.000000  
177.644417 -0.002301  0.084728  -0.003561  0.998184  0.003986  0.060110  -0.004932  0.999866  0.015592  -0.060039  -0.015861  0.998070  -0.006565  -0.010703  -0.007751  0.000000  0.000000  0.000000  2.000000  
177.645665 -0.002310  0.084715  -0.003570  0.998184  0.003986  0.060110  -0.004932  0.999866  0.015592  -0.060039  -0.015861  0.998070  -0.006596  -0.010724  -0.007769  0.000000  0.000000  0.000000  2.000000  
177.646915 -0.002318  0.084702  -0.003580  0.998184  0.003986  0.060110  -0.004932  0.999866  0.015592  -0.060039  -0.015861  0.998070  -0.006644  -0.010744  -0.007756  0.000000  0.000000  0.000000  2.000000  
177.647916 -0.002325  0.084691  -0.003588  0.998184  0.003986  0.060110  -0.004932  0.999866  0.015592  -0.060039  -0.015861  0.998070  -0.006661  -0.010770  -0.007806  0.000000  0.000000  0.000000  2.000000  
177.649164 -0.002334  0.084678  -0.003598  0.998184  0.003986  0.060110  -0.004932  0.999866  0.015592  -0.060039  -0.015861  0.998070  -0.006744  -0.010785  -0.007821  0.000000  0.000000  0.000000  2.000000  
177.650413 -0.002344  0.084664  -0.003608  0.998184  0.003986  0.060110  -0.004932  0.999866  0.015592  -0.060039  -0.015861  0.998070  -0.006786  -0.010779  -0.007857  0.000000  0.000000  0.000000  2.000000  
177.651425 -0.002351  0.084653  -0.003616  0.998183  0.004192  0.060113  -0.005137  0.999865  0.015580  -0.060039  -0.015861  0.998070  -0.006814  -0.010772  -0.007872  0.000000  0.000000  0.000000  2.000000  
177.652662 -0.002361  0.084639  -0.003626  0.998183  0.004192  0.060113  -0.005137  0.999865  0.015580  -0.060039  -0.015861  0.998070  -0.006905  -0.010794  -0.007900  0.000000  0.000000  0.000000  2.000000  
177.653910 -0.002370  0.084625  -0.003636  0.998183  0.004192  0.060113  -0.005137  0.999865  0.015580  -0.060039  -0.015861  0.998070  -0.006913  -0.010769  -0.007911  0.000000  0.000000  0.000000  2.000000  
177.654910 -0.002377  0.084614  -0.003645  0.998183  0.004192  0.060113  -0.005137  0.999865  0.015580  -0.060039  -0.015861  0.998070  -0.006982  -0.010793  -0.007960  0.000000  0.000000  0.000000  2.000000  
177.655914 -0.002385  0.084604  -0.003653  0.998183  0.004192  0.060113  -0.005137  0.999865  0.015580  -0.060039  -0.015861  0.998070  -0.007037  -0.010761  -0.007965  0.000000  0.000000  0.000000  2.000000  
177.657173 -0.002394  0.084591  -0.003663  0.998182  0.004398  0.060116  -0.005343  0.999865  0.015568  -0.060039  -0.015861  0.998070  -0.007124  -0.010747  -0.008037  0.000000  0.000000  0.000000  2.000000  
177.658430 -0.002403  0.084578  -0.003673  0.998182  0.004398  0.060116  -0.005343  0.999865  0.015568  -0.060039  -0.015861  0.998070  -0.007212  -0.010746  -0.008009  0.000000  0.000000  0.000000  2.000000  
177.659668 -0.002413  0.084564  -0.003684  0.998182  0.004391  0.060117  -0.005343  0.999863  0.015689  -0.060039  -0.015982  0.998068  -0.007336  -0.010767  -0.008058  0.000000  0.000000  0.000000  2.000000  
177.660914 -0.002423  0.084551  -0.003694  0.998182  0.004391  0.060117  -0.005343  0.999863  0.015689  -0.060039  -0.015982  0.998068  -0.007458  -0.010786  -0.008104  0.000000  0.000000  0.000000  2.000000  
177.661917 -0.002431  0.084540  -0.003702  0.998173  0.004594  0.060253  -0.005548  0.999862  0.015676  -0.060173  -0.015982  0.998060  -0.007546  -0.010777  -0.008129  0.000000  0.000000  0.000000  2.000000  
177.663164 -0.002442  0.084527  -0.003712  0.998173  0.004594  0.060253  -0.005548  0.999862  0.015676  -0.060173  -0.015982  0.998060  -0.007673  -0.010787  -0.008146  0.000000  0.000000  0.000000  2.000000  
177.664164 -0.002451  0.084516  -0.003720  0.998173  0.004594  0.060253  -0.005548  0.999862  0.015676  -0.060173  -0.015982  0.998060  -0.007779  -0.010762  -0.008182  0.000000  0.000000  0.000000  2.000000  
177.665165 -0.002459  0.084506  -0.003728  0.998173  0.004594  0.060253  -0.005548  0.999862  0.015676  -0.060173  -0.015982  0.998060  -0.007848  -0.010724  -0.008154  0.000000  0.000000  0.000000  2.000000  
177.666426 -0.002470  0.084492  -0.003739  0.998173  0.004594  0.060253  -0.005548  0.999862  0.015676  -0.060173  -0.015982  0.998060  -0.007982  -0.010703  -0.008171  0.000000  0.000000  0.000000  2.000000  
177.667662 -0.002482  0.084479  -0.003748  0.998173  0.004594  0.060253  -0.005548  0.999862  0.015676  -0.060173  -0.015982  0.998060  -0.008112  -0.010671  -0.008150  0.000000  0.000000  0.000000  2.000000  
177.668663 -0.002491  0.084468  -0.003757  0.998173  0.004594  0.060253  -0.005548  0.999862  0.015676  -0.060173  -0.015982  0.998060  -0.008219  -0.010633  -0.008153  0.000000  0.000000  0.000000  2.000000  
177.669910 -0.002503  0.084456  -0.003767  0.998171  0.004800  0.060257  -0.005754  0.999861  0.015663  -0.060173  -0.015982  0.998060  -0.008370  -0.010585  -0.008123  0.000000  0.000000  0.000000  2.000000  
177.670916 -0.002511  0.084446  -0.003774  0.998171  0.004800  0.060257  -0.005754  0.999861  0.015663  -0.060173  -0.015982  0.998060  -0.008470  -0.010528  -0.008107  0.000000  0.000000  0.000000  2.000000  
177.672162 -0.002523  0.084432  -0.003785  0.998171  0.004800  0.060257  -0.005754  0.999861  0.015663  -0.060173  -0.015982  0.998060  -0.008629  -0.010564  -0.008113  0.000000  0.000000  0.000000  2.000000  
177.673165 -0.002533  0.084422  -0.003793  0.998171  0.004800  0.060257  -0.005754  0.999861  0.015663  -0.060173  -0.015982  0.998060  -0.008782  -0.010518  -0.008110  0.000000  0.000000  0.000000  2.000000  
177.674412 -0.002545  0.084410  -0.003803  0.998171  0.004800  0.060257  -0.005754  0.999861  0.015663  -0.060173  -0.015982  0.998060  -0.008936  -0.010504  -0.008103  0.000000  0.000000  0.000000  2.000000  
177.675420 -0.002555  0.084399  -0.003811  0.998171  0.004800  0.060257  -0.005754  0.999861  0.015663  -0.060173  -0.015982  0.998060  -0.009075  -0.010462  -0.008132  0.000000  0.000000  0.000000  2.000000  
177.676420 -0.002566  0.084389  -0.003820  0.998171  0.004800  0.060257  -0.005754  0.999861  0.015663  -0.060173  -0.015982  0.998060  -0.009230  -0.010450  -0.008126  0.000000  0.000000  0.000000  2.000000  
177.677664 -0.002579  0.084376  -0.003829  0.998171  0.004800  0.060257  -0.005754  0.999861  0.015663  -0.060173  -0.015982  0.998060  -0.009397  -0.010399  -0.008091  0.000000  0.000000  0.000000  2.000000  
177.678666 -0.002589  0.084366  -0.003838  0.998163  0.004798  0.060390  -0.005754  0.999861  0.015663  -0.060307  -0.015981  0.998052  -0.009551  -0.010338  -0.008103  0.000000  0.000000  0.000000  2.000000  
177.679918 -0.002603  0.084354  -0.003848  0.998163  0.004798  0.060390  -0.005754  0.999861  0.015663  -0.060307  -0.015981  0.998052  -0.009710  -0.010296  -0.008104  0.000000  0.000000  0.000000  2.000000  
177.681169 -0.002616  0.084342  -0.003857  0.998163  0.004798  0.060390  -0.005754  0.999861  0.015663  -0.060307  -0.015981  0.998052  -0.009872  -0.010227  -0.008026  0.000000  0.000000  0.000000  2.000000  
177.682431 -0.002629  0.084330  -0.003867  0.998163  0.004798  0.060390  -0.005754  0.999861  0.015663  -0.060307  -0.015981  0.998052  -0.009989  -0.010120  -0.008004  0.000000  0.000000  0.000000  2.000000  
177.683665 -0.002643  0.084318  -0.003876  0.998163  0.004798  0.060390  -0.005754  0.999861  0.015663  -0.060307  -0.015981  0.998052  -0.010167  -0.010008  -0.007951  0.000000  0.000000  0.000000  2.000000  
177.684665 -0.002654  0.084309  -0.003883  0.998163  0.004798  0.060390  -0.005754  0.999861  0.015663  -0.060307  -0.015981  0.998052  -0.010256  -0.009941  -0.007902  0.000000  0.000000  0.000000  2.000000  
177.685673 -0.002665  0.084300  -0.003891  0.998163  0.004798  0.060390  -0.005754  0.999861  0.015663  -0.060307  -0.015981  0.998052  -0.010414  -0.009898  -0.007901  0.000000  0.000000  0.000000  2.000000  
177.686915 -0.002679  0.084288  -0.003901  0.998163  0.004798  0.060390  -0.005754  0.999861  0.015663  -0.060307  -0.015981  0.998052  -0.010533  -0.009783  -0.007845  0.000000  0.000000  0.000000  2.000000  
177.688162 -0.002693  0.084277  -0.003910  0.998163  0.004798  0.060390  -0.005754  0.999861  0.015663  -0.060307  -0.015981  0.998052  -0.010642  -0.009674  -0.007791  0.000000  0.000000  0.000000  2.000000  
177.689165 -0.002703  0.084269  -0.003917  0.998164  0.004592  0.060387  -0.005548  0.999862  0.015675  -0.060307  -0.015981  0.998052  -0.010745  -0.009576  -0.007748  0.000000  0.000000  0.000000  2.000000  
177.690427 -0.002718  0.084258  -0.003926  0.998156  0.004590  0.060520  -0.005548  0.999862  0.015674  -0.060440  -0.015981  0.998044  -0.010838  -0.009425  -0.007634  0.000000  0.000000  0.000000  2.000000  
177.691664 -0.002732  0.084247  -0.003934  0.998156  0.004590  0.060520  -0.005548  0.999862  0.015674  -0.060440  -0.015981  0.998044  -0.010900  -0.009269  -0.007544  0.000000  0.000000  0.000000  2.000000  
177.692667 -0.002743  0.084239  -0.003942  0.998156  0.004590  0.060520  -0.005548  0.999862  0.015674  -0.060440  -0.015981  0.998044  -0.010961  -0.009153  -0.007485  0.000000  0.000000  0.000000  2.000000  
177.693673 -0.002754  0.084230  -0.003948  0.998156  0.004590  0.060520  -0.005548  0.999862  0.015674  -0.060440  -0.015981  0.998044  -0.010986  -0.009039  -0.007398  0.000000  0.000000  0.000000  2.000000  
177.694915 -0.002768  0.084220  -0.003957  0.998156  0.004590  0.060520  -0.005548  0.999862  0.015674  -0.060440  -0.015981  0.998044  -0.011029  -0.008899  -0.007316  0.000000  0.000000  0.000000  2.000000  
177.696165 -0.002782  0.084211  -0.003966  0.998148  0.004588  0.060654  -0.005548  0.999862  0.015674  -0.060574  -0.015981  0.998036  -0.011073  -0.008719  -0.007264  0.000000  0.000000  0.000000  2.000000  
177.697167 -0.002793  0.084203  -0.003972  0.998148  0.004588  0.060654  -0.005548  0.999862  0.015674  -0.060574  -0.015981  0.998036  -0.011054  -0.008589  -0.007192  0.000000  0.000000  0.000000  2.000000  
177.698425 -0.002806  0.084194  -0.003981  0.998148  0.004588  0.060654  -0.005548  0.999862  0.015674  -0.060574  -0.015981  0.998036  -0.011032  -0.008432  -0.007135  0.000000  0.000000  0.000000  2.000000  
177.699664 -0.002819  0.084185  -0.003989  0.998148  0.004588  0.060654  -0.005548  0.999862  0.015674  -0.060574  -0.015981  0.998036  -0.011030  -0.008284  -0.007072  0.000000  0.000000  0.000000  2.000000  
177.700666 -0.002830  0.084177  -0.003995  0.998149  0.004382  0.060651  -0.005343  0.999863  0.015686  -0.060574  -0.015981  0.998036  -0.010980  -0.008160  -0.006975  0.000000  0.000000  0.000000  2.000000  
177.701913 -0.002842  0.084168  -0.004003  0.998141  0.004373  0.060785  -0.005343  0.999861  0.015807  -0.060707  -0.016102  0.998026  -0.010910  -0.007978  -0.006833  0.000000  0.000000  0.000000  2.000000  
177.702916 -0.002853  0.084161  -0.004009  0.998141  0.004373  0.060785  -0.005343  0.999861  0.015807  -0.060707  -0.016102  0.998026  -0.010827  -0.007870  -0.006755  0.000000  0.000000  0.000000  2.000000  
177.704161 -0.002865  0.084153  -0.004017  0.998141  0.004373  0.060785  -0.005343  0.999861  0.015807  -0.060707  -0.016102  0.998026  -0.010758  -0.007706  -0.006649  0.000000  0.000000  0.000000  2.000000  
177.705415 -0.002877  0.084144  -0.004024  0.998141  0.004373  0.060785  -0.005343  0.999861  0.015807  -0.060707  -0.016102  0.998026  -0.010653  -0.007611  -0.006545  0.000000  0.000000  0.000000  2.000000  
177.706660 -0.002889  0.084135  -0.004031  0.998133  0.004370  0.060918  -0.005343  0.999861  0.015806  -0.060841  -0.016102  0.998018  -0.010499  -0.007467  -0.006459  0.000000  0.000000  0.000000  2.000000  
177.707661 -0.002898  0.084129  -0.004037  0.998133  0.004370  0.060918  -0.005343  0.999861  0.015806  -0.060841  -0.016102  0.998018  -0.010345  -0.007351  -0.006366  0.000000  0.000000  0.000000  2.000000  
177.708669 -0.002907  0.084122  -0.004043  0.998133  0.004370  0.060918  -0.005343  0.999861  0.015806  -0.060841  -0.016102  0.998018  -0.010221  -0.007257  -0.006291  0.000000  0.000000  0.000000  2.000000  
177.709914 -0.002919  0.084114  -0.004050  0.998133  0.004370  0.060918  -0.005343  0.999861  0.015806  -0.060841  -0.016102  0.998018  -0.010046  -0.007111  -0.006146  0.000000  0.000000  0.000000  2.000000  
177.710918 -0.002927  0.084107  -0.004055  0.998133  0.004370  0.060918  -0.005343  0.999861  0.015806  -0.060841  -0.016102  0.998018  -0.009810  -0.007000  -0.006033  0.000000  0.000000  0.000000  2.000000  
177.711919 -0.002935  0.084101  -0.004061  0.998125  0.004368  0.061052  -0.005343  0.999861  0.015805  -0.060974  -0.016102  0.998009  -0.009665  -0.006935  -0.005980  0.000000  0.000000  0.000000  2.000000  
177.712974 -0.002944  0.084095  -0.004066  0.998125  0.004361  0.061052  -0.005343  0.999859  0.015927  -0.060974  -0.016223  0.998007  -0.009465  -0.006814  -0.005852  0.000000  0.000000  0.000000  2.000000  
177.714165 -0.002953  0.084087  -0.004073  0.998125  0.004361  0.061052  -0.005343  0.999859  0.015927  -0.060974  -0.016223  0.998007  -0.009290  -0.006756  -0.005770  0.000000  0.000000  0.000000  2.000000  
177.715416 -0.002963  0.084079  -0.004079  0.998125  0.004361  0.061052  -0.005343  0.999859  0.015927  -0.060974  -0.016223  0.998007  -0.009044  -0.006641  -0.005653  0.000000  0.000000  0.000000  2.000000  
177.716419 -0.002971  0.084073  -0.004084  0.998125  0.004361  0.061052  -0.005343  0.999859  0.015927  -0.060974  -0.016223  0.998007  -0.008903  -0.006606  -0.005589  0.000000  0.000000  0.000000  2.000000  
177.717662 -0.002980  0.084066  -0.004091  0.998117  0.004359  0.061186  -0.005343  0.999859  0.015926  -0.061108  -0.016223  0.997999  -0.008641  -0.006469  -0.005512  0.000000  0.000000  0.000000  2.000000  
177.718664 -0.002988  0.084060  -0.004096  0.998117  0.004359  0.061186  -0.005343  0.999859  0.015926  -0.061108  -0.016223  0.997999  -0.008485  -0.006424  -0.005445  0.000000  0.000000  0.000000  2.000000  
177.719912 -0.002997  0.084052  -0.004101  0.998117  0.004351  0.061186  -0.005343  0.999857  0.016047  -0.061108  -0.016344  0.997997  -0.008290  -0.006346  -0.005347  0.000000  0.000000  0.000000  2.000000  
177.720915 -0.003004  0.084046  -0.004106  0.998117  0.004351  0.061186  -0.005343  0.999857  0.016047  -0.061108  -0.016344  0.997997  -0.008088  -0.006270  -0.005260  0.000000  0.000000  0.000000  2.000000  
177.722165 -0.003013  0.084039  -0.004112  0.998117  0.004351  0.061186  -0.005343  0.999857  0.016047  -0.061108  -0.016344  0.997997  -0.007914  -0.006183  -0.005189  0.000000  0.000000  0.000000  2.000000  
177.723414 -0.003021  0.084032  -0.004118  0.998117  0.004351  0.061186  -0.005343  0.999857  0.016047  -0.061108  -0.016344  0.997997  -0.007721  -0.006091  -0.005139  0.000000  0.000000  0.000000  2.000000  
177.724415 -0.003028  0.084026  -0.004123  0.998117  0.004351  0.061186  -0.005343  0.999857  0.016047  -0.061108  -0.016344  0.997997  -0.007603  -0.006073  -0.005094  0.000000  0.000000  0.000000  2.000000  
177.725423 -0.003034  0.084021  -0.004127  0.998116  0.004557  0.061190  -0.005548  0.999856  0.016034  -0.061108  -0.016344  0.997997  -0.007410  -0.005936  -0.004988  0.000000  0.000000  0.000000  2.000000  
177.726427 -0.003041  0.084016  -0.004132  0.998116  0.004550  0.061190  -0.005548  0.999854  0.016156  -0.061108  -0.016465  0.997995  -0.007305  -0.005893  -0.004949  0.000000  0.000000  0.000000  2.000000  
177.727665 -0.003049  0.084009  -0.004138  0.998116  0.004550  0.061190  -0.005548  0.999854  0.016156  -0.061108  -0.016465  0.997995  -0.007161  -0.005827  -0.004895  0.000000  0.000000  0.000000  2.000000  
177.728665 -0.003056  0.084004  -0.004142  0.998116  0.004550  0.061190  -0.005548  0.999854  0.016156  -0.061108  -0.016465  0.997995  -0.007069  -0.005758  -0.004840  0.000000  0.000000  0.000000  2.000000  
177.729914 -0.003064  0.083998  -0.004148  0.998124  0.004552  0.061057  -0.005548  0.999854  0.016157  -0.060974  -0.016465  0.998004  -0.006942  -0.005644  -0.004782  0.000000  0.000000  0.000000  2.000000  
177.731167 -0.003071  0.083991  -0.004154  0.998124  0.004552  0.061057  -0.005548  0.999854  0.016157  -0.060974  -0.016465  0.998004  -0.006838  -0.005600  -0.004742  0.000000  0.000000  0.000000  2.000000  
177.732418 -0.003079  0.083985  -0.004160  0.998124  0.004552  0.061057  -0.005548  0.999854  0.016157  -0.060974  -0.016465  0.998004  -0.006737  -0.005505  -0.004700  0.000000  0.000000  0.000000  2.000000  
177.733665 -0.003088  0.083978  -0.004165  0.998124  0.004552  0.061057  -0.005548  0.999854  0.016157  -0.060974  -0.016465  0.998004  -0.006650  -0.005412  -0.004655  0.000000  0.000000  0.000000  2.000000  
177.734913 -0.003096  0.083972  -0.004171  0.998124  0.004552  0.061057  -0.005548  0.999854  0.016157  -0.060974  -0.016465  0.998004  -0.006598  -0.005316  -0.004639  0.000000  0.000000  0.000000  2.000000  
177.736166 -0.003104  0.083966  -0.004177  0.998124  0.004545  0.061057  -0.005548  0.999852  0.016278  -0.060974  -0.016586  0.998002  -0.006546  -0.005249  -0.004615  0.000000  0.000000  0.000000  2.000000  
177.737414 -0.003111  0.083960  -0.004182  0.998124  0.004545  0.061057  -0.005548  0.999852  0.016278  -0.060974  -0.016586  0.998002  -0.006469  -0.005184  -0.004556  0.000000  0.000000  0.000000  2.000000  
177.738425 -0.003118  0.083955  -0.004186  0.998124  0.004545  0.061057  -0.005548  0.999852  0.016278  -0.060974  -0.016586  0.998002  -0.006431  -0.005119  -0.004511  0.000000  0.000000  0.000000  2.000000  
177.739665 -0.003126  0.083949  -0.004191  0.998123  0.004750  0.061061  -0.005754  0.999851  0.016265  -0.060974  -0.016586  0.998002  -0.006424  -0.005070  -0.004474  0.000000  0.000000  0.000000  2.000000  
177.740912 -0.003134  0.083943  -0.004197  0.998123  0.004750  0.061061  -0.005754  0.999851  0.016265  -0.060974  -0.016586  0.998002  -0.006453  -0.005016  -0.004455  0.000000  0.000000  0.000000  2.000000  
177.741917 -0.003141  0.083938  -0.004201  0.998123  0.004750  0.061061  -0.005754  0.999851  0.016265  -0.060974  -0.016586  0.998002  -0.006418  -0.004973  -0.004392  0.000000  0.000000  0.000000  2.000000  
177.743168 -0.003149  0.083932  -0.004206  0.998131  0.004753  0.060927  -0.005754  0.999851  0.016266  -0.060841  -0.016586  0.998010  -0.006470  -0.004930  -0.004366  0.000000  0.000000  0.000000  2.000000  
177.744428 -0.003158  0.083927  -0.004211  0.998131  0.004753  0.060927  -0.005754  0.999851  0.016266  -0.060841  -0.016586  0.998010  -0.006497  -0.004890  -0.004307  0.000000  0.000000  0.000000  2.000000  
177.745664 -0.003166  0.083921  -0.004216  0.998131  0.004753  0.060927  -0.005754  0.999851  0.016266  -0.060841  -0.016586  0.998010  -0.006523  -0.004865  -0.004288  0.000000  0.000000  0.000000  2.000000  
177.746666 -0.003173  0.083916  -0.004220  0.998131  0.004753  0.060927  -0.005754  0.999851  0.016266  -0.060841  -0.016586  0.998010  -0.006570  -0.004842  -0.004236  0.000000  0.000000  0.000000  2.000000  
177.747918 -0.003182  0.083910  -0.004225  0.998132  0.004547  0.060924  -0.005548  0.999852  0.016279  -0.060841  -0.016586  0.998010  -0.006620  -0.004820  -0.004197  0.000000  0.000000  0.000000  2.000000  
177.749164 -0.003191  0.083903  -0.004230  0.998132  0.004547  0.060924  -0.005548  0.999852  0.016279  -0.060841  -0.016586  0.998010  -0.006691  -0.004827  -0.004116  0.000000  0.000000  0.000000  2.000000  
177.750164 -0.003199  0.083899  -0.004233  0.998132  0.004547  0.060924  -0.005548  0.999852  0.016279  -0.060841  -0.016586  0.998010  -0.006771  -0.004813  -0.004048  0.000000  0.000000  0.000000  2.000000  
177.751164 -0.003206  0.083893  -0.004237  0.998132  0.004547  0.060924  -0.005548  0.999852  0.016279  -0.060841  -0.016586  0.998010  -0.006840  -0.004837  -0.004008  0.000000  0.000000  0.000000  2.000000  
177.752413 -0.003215  0.083887  -0.004242  0.998132  0.004547  0.060924  -0.005548  0.999852  0.016279  -0.060841  -0.016586  0.998010  -0.006934  -0.004848  -0.003990  0.000000  0.000000  0.000000  2.000000  
177.753665 -0.003224  0.083881  -0.004247  0.998132  0.004554  0.060923  -0.005548  0.999854  0.016157  -0.060841  -0.016465  0.998012  -0.006989  -0.004826  -0.003946  0.000000  0.000000  0.000000  2.000000  
177.754667 -0.003232  0.083876  -0.004251  0.998132  0.004554  0.060923  -0.005548  0.999854  0.016157  -0.060841  -0.016465  0.998012  -0.007101  -0.004865  -0.003979  0.000000  0.000000  0.000000  2.000000  
177.755910 -0.003242  0.083869  -0.004255  0.998132  0.004554  0.060923  -0.005548  0.999854  0.016157  -0.060841  -0.016465  0.998012  -0.007175  -0.004908  -0.003898  0.000000  0.000000  0.000000  2.000000  
177.756912 -0.003249  0.083865  -0.004259  0.998132  0.004554  0.060923  -0.005548  0.999854  0.016157  -0.060841  -0.016465  0.998012  -0.007227  -0.004903  -0.003896  0.000000  0.000000  0.000000  2.000000  
177.758171 -0.003259  0.083858  -0.004263  0.998140  0.004556  0.060790  -0.005548  0.999854  0.016158  -0.060707  -0.016465  0.998020  -0.007333  -0.004973  -0.003863  0.000000  0.000000  0.000000  2.000000  
177.759171 -0.003266  0.083853  -0.004267  0.998140  0.004556  0.060790  -0.005548  0.999854  0.016158  -0.060707  -0.016465  0.998020  -0.007385  -0.004995  -0.003852  0.000000  0.000000  0.000000  2.000000  
177.760420 -0.003276  0.083846  -0.004272  0.998140  0.004556  0.060790  -0.005548  0.999854  0.016158  -0.060707  -0.016465  0.998020  -0.007469  -0.005026  -0.003820  0.000000  0.000000  0.000000  2.000000  
177.761429 -0.003284  0.083841  -0.004276  0.998140  0.004556  0.060790  -0.005548  0.999854  0.016158  -0.060707  -0.016465  0.998020  -0.007504  -0.005065  -0.003793  0.000000  0.000000  0.000000  2.000000  
177.762665 -0.003293  0.083834  -0.004281  0.998140  0.004556  0.060790  -0.005548  0.999854  0.016158  -0.060707  -0.016465  0.998020  -0.007532  -0.005140  -0.003794  0.000000  0.000000  0.000000  2.000000  
177.763914 -0.003303  0.083827  -0.004286  0.998140  0.004556  0.060790  -0.005548  0.999854  0.016158  -0.060707  -0.016465  0.998020  -0.007560  -0.005167  -0.003821  0.000000  0.000000  0.000000  2.000000  
