1-Time 2-Px 3-Py 4-Pz 5-R11 6-R21 7-R31 8-R12 9-R22 10-R32 11-R13 12-R23 13-R33 14-Vx 15-Vy 16-Vz 17-Wx 18-Wy 19-Wz 20-state 21-PR11 22-PR21 23-PR31 24-PR12 25-PR22 26-PR32 27-PR13 28-PR23 29-PR33 
126.119609 0.010312  0.099908  -0.016268  0.998015  0.062656  0.006354  -0.062336  0.997173  -0.041949  -0.008964  0.041470  0.999100  -0.000202  -0.000235  0.000500  0.004202  0.282198  0.292891  2.000000  
126.120861 0.010312  0.099907  -0.016268  0.997980  0.063255  0.005928  -0.062953  0.997135  -0.041928  -0.008563  0.041470  0.999103  -0.000222  -0.000289  0.000487  0.004128  0.287256  0.306518  2.000000  
126.122121 0.010314  0.099908  -0.016266  0.997906  0.064465  0.005342  -0.064186  0.997058  -0.041901  -0.008028  0.041470  0.999107  -0.000040  -0.000168  0.000524  0.003832  0.297596  0.340609  2.000000  
126.123358 0.010316  0.099909  -0.016264  0.997842  0.065474  0.004899  -0.065213  0.996992  -0.041880  -0.007626  0.041470  0.999111  0.000163  -0.000116  0.000626  0.003621  0.303334  0.368180  2.000000  
126.124361 0.010319  0.099910  -0.016263  0.997791  0.066279  0.004456  -0.066035  0.996934  -0.041979  -0.007225  0.041592  0.999109  0.000314  -0.000025  0.000643  -0.000595  0.313181  0.388493  2.000000  
126.125609 0.010322  0.099911  -0.016262  0.997726  0.067284  0.003872  -0.067062  0.996862  -0.042068  -0.006690  0.041713  0.999107  0.000527  0.000047  0.000660  -0.004743  0.323103  0.408897  2.000000  
126.126609 0.010326  0.099912  -0.016261  0.997646  0.068493  0.003286  -0.068295  0.996779  -0.042037  -0.006155  0.041713  0.999111  0.000841  0.000185  0.000748  -0.004948  0.333504  0.443050  2.000000  
126.127859 0.010330  0.099914  -0.016259  0.997537  0.070101  0.002408  -0.069938  0.996662  -0.042107  -0.005352  0.041835  0.999110  0.001128  0.000340  0.000817  -0.009282  0.353643  0.490832  2.000000  
126.129107 0.010334  0.099915  -0.016258  0.997424  0.071715  0.001663  -0.071581  0.996542  -0.042184  -0.004683  0.041956  0.999108  0.001397  0.000392  0.000832  -0.013527  0.368782  0.531579  2.000000  
126.130107 0.010338  0.099915  -0.016258  0.997338  0.072918  0.000945  -0.072813  0.996455  -0.042137  -0.004014  0.041956  0.999111  0.001653  0.000444  0.000832  -0.013485  0.380601  0.561002  2.000000  
126.131356 0.010342  0.099916  -0.016259  0.997219  0.074531  0.000209  -0.074456  0.996336  -0.042089  -0.003345  0.041956  0.999114  0.001979  0.000545  0.000747  -0.017833  0.399229  0.613517  2.000000  
126.132360 0.010345  0.099918  -0.016259  0.997112  0.075944  -0.000385  -0.075893  0.996229  -0.042048  -0.002810  0.041956  0.999115  0.002262  0.000696  0.000721  -0.017870  0.409560  0.647554  2.000000  
126.133605 0.010350  0.099920  -0.016258  0.996987  0.077557  -0.001121  -0.077535  0.996105  -0.041996  -0.002141  0.041956  0.999117  0.002576  0.000877  0.000717  -0.017951  0.425151  0.695529  2.000000  
126.134605 0.010353  0.099922  -0.016258  0.996876  0.078970  -0.001714  -0.078972  0.995994  -0.041952  -0.001606  0.041956  0.999118  0.002754  0.000932  0.000684  -0.017931  0.435635  0.729813  2.000000  
126.135607 0.010357  0.099923  -0.016259  0.996762  0.080377  -0.002441  -0.080409  0.995881  -0.041896  -0.000937  0.041956  0.999119  0.003043  0.001079  0.000621  -0.017876  0.450783  0.770626  2.000000  
126.136854 0.010363  0.099926  -0.016259  0.996628  0.081984  -0.003309  -0.082050  0.995750  -0.041826  -0.000134  0.041956  0.999119  0.003333  0.001248  0.000513  -0.017674  0.466022  0.811594  2.000000  
126.137870 0.010367  0.099929  -0.016258  0.996509  0.083384  -0.004179  -0.083486  0.995629  -0.041875  0.000669  0.042078  0.999114  0.003456  0.001369  0.000432  -0.021503  0.485215  0.844907  2.000000  
126.139111 0.010371  0.099932  -0.016257  0.996369  0.084984  -0.005191  -0.085127  0.995488  -0.041909  0.001606  0.042199  0.999108  0.003531  0.001484  0.000426  -0.025229  0.505121  0.885860  2.000000  
126.140112 0.010375  0.099933  -0.016256  0.996261  0.086180  -0.006041  -0.086358  0.995385  -0.041833  0.002408  0.042199  0.999106  0.003598  0.001540  0.000430  -0.024912  0.524576  0.919740  2.000000  
126.141358 0.010381  0.099936  -0.016254  0.996097  0.087989  -0.006939  -0.088203  0.995217  -0.041993  0.003211  0.042441  0.999094  0.003719  0.001625  0.000480  -0.032679  0.540012  0.960778  2.000000  
126.142358 0.010386  0.099938  -0.016251  0.995966  0.089388  -0.007809  -0.089639  0.995087  -0.042032  0.004014  0.042562  0.999086  0.003817  0.001622  0.000588  -0.036379  0.559747  1.001403  2.000000  
126.143358 0.010389  0.099939  -0.016247  0.995852  0.090588  -0.008538  -0.090868  0.994973  -0.042082  0.004683  0.042683  0.999078  0.003855  0.001662  0.000751  -0.044135  0.574302  1.028339  2.000000  
126.144361 0.010393  0.099939  -0.016244  0.995736  0.091786  -0.009278  -0.092098  0.994853  -0.042251  0.005352  0.042925  0.999064  0.003854  0.001654  0.000977  -0.051802  0.584630  1.055636  2.000000  
126.145606 0.010397  0.099939  -0.016239  0.995577  0.093382  -0.010302  -0.093738  0.994694  -0.042389  0.006288  0.043167  0.999048  0.003825  0.001551  0.001318  -0.058905  0.603856  1.080549  2.000000  
126.146611 0.010400  0.099939  -0.016235  0.995456  0.094580  -0.011031  -0.094967  0.994576  -0.042434  0.006957  0.043288  0.999038  0.003817  0.001489  0.001612  -0.062895  0.618876  1.116371  2.000000  
126.147856 0.010404  0.099938  -0.016230  0.995290  0.096171  -0.012177  -0.096605  0.994418  -0.042433  0.008028  0.043409  0.999025  0.003768  0.001291  0.001915  -0.066090  0.638474  1.150309  2.000000  
126.148859 0.010406  0.099937  -0.016227  0.995184  0.097158  -0.013030  -0.097629  0.994317  -0.042463  0.008831  0.043530  0.999013  0.003663  0.001082  0.002105  -0.069529  0.657284  1.170051  2.000000  
126.150110 0.010408  0.099936  -0.016222  0.995012  0.098746  -0.014188  -0.099267  0.994150  -0.042576  0.009901  0.043772  0.998992  0.003479  0.000885  0.002434  -0.076154  0.676118  1.200663  2.000000  
126.151111 0.010410  0.099935  -0.016219  0.994901  0.099732  -0.015042  -0.100290  0.994046  -0.042602  0.010704  0.043893  0.998979  0.003339  0.000661  0.002658  -0.079443  0.690162  1.213800  2.000000  
126.152360 0.010412  0.099934  -0.016216  0.994725  0.101330  -0.015935  -0.101928  0.993873  -0.042736  0.011506  0.044135  0.998959  0.003160  0.000387  0.002947  -0.087400  0.705282  1.230255  2.000000  
126.153604 0.010413  0.099932  -0.016213  0.994545  0.102924  -0.016948  -0.103565  0.993704  -0.042733  0.012443  0.044256  0.998943  0.002882  0.000094  0.003010  -0.089829  0.718628  1.246888  2.000000  
126.154613 0.010413  0.099931  -0.016210  0.994406  0.104111  -0.017823  -0.104792  0.993570  -0.042869  0.013246  0.044497  0.998922  0.002638  -0.000154  0.003127  -0.093842  0.738494  1.263262  2.000000  
126.155859 0.010412  0.099929  -0.016207  0.994217  0.105696  -0.018983  -0.106428  0.993392  -0.042967  0.014316  0.044739  0.998896  0.002257  -0.000424  0.003197  -0.096743  0.752836  1.276435  2.000000  
126.157111 0.010412  0.099928  -0.016202  0.994047  0.107075  -0.020134  -0.107859  0.993233  -0.043065  0.015386  0.044981  0.998869  0.001809  -0.000659  0.003281  -0.099685  0.766568  1.275747  2.000000  
126.158357 0.010409  0.099926  -0.016199  0.993851  0.108655  -0.021307  -0.109494  0.993045  -0.043276  0.016456  0.045343  0.998836  0.001320  -0.000857  0.003243  -0.109825  0.774151  1.271373  2.000000  
126.159359 0.010407  0.099925  -0.016195  0.993702  0.109840  -0.022184  -0.110720  0.992903  -0.043402  0.017259  0.045585  0.998811  0.000959  -0.000940  0.003252  -0.112913  0.778876  1.271095  2.000000  
126.160359 0.010405  0.099924  -0.016191  0.993550  0.111024  -0.023061  -0.111946  0.992761  -0.043526  0.018062  0.045827  0.998786  0.000546  -0.000999  0.003269  -0.120169  0.787596  1.263676  2.000000  
126.161607 0.010402  0.099924  -0.016185  0.993345  0.112599  -0.024250  -0.113580  0.992561  -0.043848  0.019132  0.046310  0.998744  0.000135  -0.001038  0.003329  -0.135208  0.801250  1.262857  2.000000  
126.162609 0.010399  0.099923  -0.016181  0.993188  0.113778  -0.025142  -0.114805  0.992409  -0.044087  0.019935  0.046673  0.998711  -0.000307  -0.001077  0.003366  -0.147743  0.812156  1.259382  2.000000  
126.163859 0.010394  0.099921  -0.016175  0.993000  0.115149  -0.026309  -0.116234  0.992234  -0.044288  0.021005  0.047035  0.998672  -0.000781  -0.001067  0.003426  -0.159027  0.825488  1.245158  2.000000  
126.165105 0.010390  0.099920  -0.016169  0.992757  0.116918  -0.027642  -0.118070  0.992004  -0.044578  0.022209  0.047519  0.998623  -0.001196  -0.001022  0.003574  -0.174023  0.843861  1.250742  2.000000  
126.166118 0.010386  0.099920  -0.016164  0.992589  0.118089  -0.028668  -0.119294  0.991848  -0.044793  0.023145  0.047881  0.998585  -0.001656  -0.001001  0.003673  -0.185131  0.847893  1.242905  2.000000  
126.167356 0.010381  0.099920  -0.016158  0.992366  0.119657  -0.029861  -0.120926  0.991637  -0.045098  0.024215  0.048364  0.998536  -0.002076  -0.000934  0.003876  -0.194521  0.855537  1.245904  2.000000  
126.168357 0.010377  0.099920  -0.016153  0.992193  0.120825  -0.030889  -0.122149  0.991477  -0.045307  0.025151  0.048727  0.998495  -0.002360  -0.000850  0.004026  -0.205614  0.859871  1.238623  2.000000  
126.169607 0.010372  0.099919  -0.016148  0.991963  0.122395  -0.032069  -0.123779  0.991267  -0.045485  0.026222  0.049089  0.998450  -0.002736  -0.000756  0.004112  -0.212433  0.864683  1.238276  2.000000  
126.170857 0.010366  0.099919  -0.016144  0.991730  0.123959  -0.033264  -0.125409  0.991048  -0.045779  0.027292  0.049572  0.998398  -0.003071  -0.000633  0.004179  -0.223284  0.869525  1.237807  2.000000  
126.171863 0.010362  0.099919  -0.016142  0.991556  0.125138  -0.034029  -0.126632  0.990882  -0.046014  0.027960  0.049934  0.998361  -0.003357  -0.000625  0.004121  -0.232676  0.871604  1.227336  2.000000  
126.173111 0.010357  0.099917  -0.016139  0.991319  0.126706  -0.035093  -0.128261  0.990658  -0.046318  0.028896  0.050417  0.998310  -0.003541  -0.000623  0.004032  -0.239615  0.871945  1.226851  2.000000  
126.174122 0.010353  0.099917  -0.016137  0.991114  0.128087  -0.035869  -0.129687  0.990462  -0.046541  0.029565  0.050779  0.998272  -0.003682  -0.000594  0.003924  -0.244727  0.870141  1.230007  2.000000  
126.175359 0.010349  0.099917  -0.016135  0.990894  0.129442  -0.037058  -0.131111  0.990261  -0.046830  0.030635  0.051262  0.998215  -0.003735  -0.000505  0.003733  -0.249725  0.877253  1.226020  2.000000  
126.176608 0.010345  0.099917  -0.016132  0.990648  0.131007  -0.038125  -0.132739  0.990030  -0.047125  0.031571  0.051745  0.998161  -0.003790  -0.000406  0.003525  -0.258544  0.880028  1.229026  2.000000  
126.177609 0.010343  0.099918  -0.016130  0.990462  0.132177  -0.038909  -0.133960  0.989849  -0.047469  0.032240  0.052228  0.998115  -0.003708  -0.000285  0.003350  -0.272065  0.873503  1.225662  2.000000  
126.178859 0.010340  0.099919  -0.016126  0.990182  0.133943  -0.039988  -0.135790  0.989586  -0.047749  0.033176  0.052711  0.998059  -0.003580  -0.000103  0.003250  -0.280279  0.872439  1.242468  2.000000  
126.180105 0.010338  0.099921  -0.016123  0.989921  0.135491  -0.041207  -0.137416  0.989343  -0.048137  0.034246  0.053314  0.997990  -0.003441  0.000018  0.003033  -0.291077  0.873096  1.242255  2.000000  
126.181110 0.010337  0.099923  -0.016120  0.989699  0.136866  -0.041987  -0.138839  0.989134  -0.048344  0.034914  0.053676  0.997948  -0.003254  0.000178  0.002943  -0.297864  0.869487  1.255771  2.000000  
126.182372 0.010337  0.099925  -0.016116  0.989436  0.138419  -0.043076  -0.140464  0.988885  -0.048744  0.035850  0.054279  0.997882  -0.002969  0.000323  0.002772  -0.311342  0.876443  1.258227  2.000000  
126.183606 0.010336  0.099928  -0.016112  0.989170  0.139965  -0.044183  -0.142089  0.988627  -0.049259  0.036786  0.055004  0.997808  -0.002597  0.000551  0.002631  -0.326549  0.873138  1.258822  2.000000  
126.184858 0.010337  0.099931  -0.016108  0.988900  0.141515  -0.045275  -0.143713  0.988373  -0.049651  0.037722  0.055607  0.997740  -0.002266  0.000744  0.002612  -0.338704  0.871120  1.254630  2.000000  
126.186119 0.010337  0.099934  -0.016104  0.988632  0.143065  -0.046253  -0.145337  0.988109  -0.050179  0.038524  0.056331  0.997669  -0.001828  0.001027  0.002629  -0.352523  0.864987  1.257967  2.000000  
126.187362 0.010338  0.099937  -0.016101  0.988355  0.144611  -0.047348  -0.146960  0.987849  -0.050565  0.039460  0.056934  0.997598  -0.001466  0.001312  0.002613  -0.363303  0.861500  1.264875  2.000000  
126.188608 0.010338  0.099940  -0.016099  0.988111  0.145960  -0.048301  -0.148379  0.987616  -0.050977  0.040263  0.057538  0.997531  -0.001135  0.001546  0.002609  -0.371274  0.855456  1.261164  2.000000  
126.189609 0.010339  0.099943  -0.016097  0.987869  0.147315  -0.049124  -0.149799  0.987379  -0.051406  0.040931  0.058141  0.997469  -0.000771  0.001833  0.002606  -0.378080  0.847440  1.267923  2.000000  
126.190858 0.010340  0.099947  -0.016096  0.987588  0.148865  -0.050090  -0.151420  0.987111  -0.051802  0.041733  0.058744  0.997400  -0.000407  0.002062  0.002501  -0.388477  0.840922  1.264922  2.000000  
126.192106 0.010342  0.099952  -0.016096  0.987304  0.150407  -0.051076  -0.153042  0.986834  -0.052315  0.042535  0.059468  0.997324  -0.000142  0.002266  0.002327  -0.396091  0.835729  1.268210  2.000000  
126.193107 0.010344  0.099955  -0.016096  0.987060  0.151772  -0.051752  -0.154461  0.986596  -0.052638  0.043070  0.059950  0.997272  0.000126  0.002481  0.002202  -0.398814  0.822978  1.274945  2.000000  
126.194123 0.010345  0.099959  -0.016096  0.986839  0.152919  -0.052569  -0.155675  0.986382  -0.053068  0.043738  0.060553  0.997206  0.000382  0.002649  0.001961  -0.405324  0.815942  1.271402  2.000000  
126.195356 0.010347  0.099964  -0.016097  0.986547  0.154457  -0.053560  -0.157295  0.986097  -0.053573  0.044540  0.061277  0.997127  0.000574  0.002832  0.001665  -0.412698  0.806558  1.274951  2.000000  
126.196357 0.010348  0.099968  -0.016097  0.986328  0.155616  -0.054228  -0.158509  0.985885  -0.053900  0.045075  0.061759  0.997073  0.000777  0.003030  0.001418  -0.416057  0.797741  1.268101  2.000000  
126.197611 0.010350  0.099973  -0.016099  0.986024  0.157142  -0.055353  -0.160127  0.985597  -0.054379  0.046010  0.062482  0.996985  0.000910  0.003142  0.001054  -0.426301  0.786761  1.272122  2.000000  
126.198860 0.010352  0.099978  -0.016099  0.985728  0.158676  -0.056235  -0.161746  0.985298  -0.055016  0.046679  0.063327  0.996901  0.001041  0.003313  0.000779  -0.437524  0.777396  1.275141  2.000000  
126.199863 0.010353  0.099981  -0.016100  0.985496  0.159817  -0.057058  -0.162958  0.985074  -0.055435  0.047347  0.063929  0.996831  0.001111  0.003397  0.000508  -0.444717  0.770517  1.272572  2.000000  
126.201105 0.010354  0.099986  -0.016099  0.985189  0.161339  -0.058076  -0.164574  0.984771  -0.056045  0.048149  0.064773  0.996738  0.001142  0.003513  0.000350  -0.455691  0.765765  1.275363  2.000000  
126.202118 0.010355  0.099991  -0.016098  0.984959  0.162478  -0.058789  -0.165787  0.984536  -0.056602  0.048683  0.065497  0.996664  0.001210  0.003637  0.000208  -0.467163  0.757758  1.264722  2.000000  
126.203360 0.010357  0.099996  -0.016097  0.984618  0.164209  -0.059691  -0.167606  0.984192  -0.057216  0.049352  0.066341  0.996576  0.001218  0.003728  0.000176  -0.482038  0.750617  1.278996  2.000000  
126.204367 0.010358  0.100000  -0.016096  0.984377  0.165336  -0.060539  -0.168817  0.983954  -0.057746  0.050020  0.067064  0.996494  0.001278  0.003860  0.000069  -0.493529  0.750704  1.271307  2.000000  
126.205610 0.010359  0.100006  -0.016094  0.984030  0.167055  -0.061465  -0.170635  0.983598  -0.058474  0.050688  0.068029  0.996395  0.001266  0.003964  0.000103  -0.508284  0.743584  1.285241  2.000000  
126.206858 0.010360  0.100012  -0.016094  0.983707  0.168568  -0.062492  -0.172248  0.983281  -0.059070  0.051490  0.068872  0.996296  0.001212  0.004060  0.000108  -0.514942  0.738807  1.281113  2.000000  
126.207859 0.010361  0.100016  -0.016094  0.983430  0.169903  -0.063226  -0.173660  0.983000  -0.059603  0.052024  0.069595  0.996218  0.001180  0.004109  0.000130  -0.526707  0.731870  1.285239  2.000000  
126.208861 0.010362  0.100021  -0.016094  0.983181  0.171032  -0.064059  -0.174869  0.982762  -0.060004  0.052692  0.070197  0.996141  0.001169  0.004215  0.000164  -0.529736  0.727982  1.284901  2.000000  
126.209862 0.010363  0.100026  -0.016094  0.982936  0.172162  -0.064783  -0.176078  0.982512  -0.060546  0.053227  0.070920  0.996061  0.001125  0.004283  0.000177  -0.537243  0.719273  1.277935  2.000000  
126.211114 0.010365  0.100032  -0.016094  0.982602  0.173668  -0.065817  -0.177689  0.982186  -0.061131  0.054028  0.071762  0.995957  0.001103  0.004308  0.000207  -0.548598  0.715158  1.270712  2.000000  
126.212361 0.010366  0.100037  -0.016094  0.982265  0.175172  -0.066853  -0.179299  0.981857  -0.061712  0.054830  0.072605  0.995853  0.001051  0.004362  0.000305  -0.554947  0.715843  1.273872  2.000000  
126.213603 0.010367  0.100042  -0.016095  0.981933  0.176684  -0.067760  -0.180910  0.981523  -0.062315  0.055498  0.073447  0.995754  0.001023  0.004313  0.000292  -0.557773  0.707735  1.273463  2.000000  
126.214607 0.010368  0.100045  -0.016096  0.981679  0.177816  -0.068469  -0.182118  0.981274  -0.062729  0.056032  0.074049  0.995679  0.000991  0.004304  0.000263  -0.562086  0.700038  1.270653  2.000000  
126.215858 0.010369  0.100049  -0.016096  0.981333  0.179314  -0.069510  -0.183726  0.980937  -0.063302  0.056834  0.074891  0.995571  0.000992  0.004223  0.000220  -0.565302  0.701277  1.270487  2.000000  
126.217149 0.010370  0.100052  -0.016096  0.980984  0.180811  -0.070553  -0.185333  0.980598  -0.063872  0.057635  0.075733  0.995461  0.000972  0.004102  0.000118  -0.571405  0.696599  1.268199  2.000000  
126.218356 0.010371  0.100056  -0.016095  0.980639  0.182315  -0.071467  -0.186941  0.980254  -0.064463  0.058303  0.076575  0.995358  0.000980  0.004000  0.000133  -0.578008  0.693506  1.272547  2.000000  
126.219356 0.010373  0.100058  -0.016094  0.980408  0.183230  -0.072298  -0.187943  0.980036  -0.064858  0.058971  0.077176  0.995272  0.001003  0.003857  0.000153  -0.577417  0.693746  1.265125  2.000000  
126.220359 0.010375  0.100061  -0.016092  0.980136  0.184337  -0.073166  -0.189147  0.979771  -0.065356  0.059639  0.077897  0.995176  0.001105  0.003743  0.000185  -0.586346  0.694425  1.254685  2.000000  
126.221361 0.010377  0.100064  -0.016090  0.979831  0.185663  -0.073896  -0.190553  0.979473  -0.065743  0.060173  0.078498  0.995097  0.001177  0.003658  0.000285  -0.585251  0.695605  1.261024  2.000000  
126.222608 0.010380  0.100067  -0.016087  0.979468  0.187150  -0.074947  -0.192157  0.979122  -0.066299  0.060974  0.079339  0.994981  0.001280  0.003481  0.000455  -0.592418  0.696594  1.260600  2.000000  
126.223609 0.010382  0.100070  -0.016084  0.979190  0.188252  -0.075819  -0.193359  0.978852  -0.066790  0.061642  0.080060  0.994882  0.001363  0.003331  0.000654  -0.595657  0.697474  1.260166  2.000000  
126.224609 0.010385  0.100073  -0.016082  0.978910  0.189362  -0.076669  -0.194560  0.978589  -0.067160  0.062310  0.080660  0.994792  0.001456  0.003178  0.000816  -0.598805  0.698095  1.259624  2.000000  
126.225862 0.010389  0.100076  -0.016078  0.978579  0.190643  -0.077710  -0.195961  0.978270  -0.067723  0.063111  0.081500  0.994673  0.001647  0.002990  0.001096  -0.602641  0.702547  1.244858  2.000000  
126.227111 0.010393  0.100079  -0.016075  0.978205  0.192123  -0.078768  -0.197562  0.977910  -0.068267  0.063912  0.082341  0.994553  0.001812  0.002852  0.001310  -0.605637  0.703475  1.244160  2.000000  
126.228356 0.010397  0.100081  -0.016071  0.977819  0.193599  -0.079934  -0.199161  0.977558  -0.068663  0.064847  0.083059  0.994433  0.001998  0.002681  0.001589  -0.602980  0.708492  1.246575  2.000000  
126.229357 0.010400  0.100083  -0.016068  0.977488  0.194895  -0.080826  -0.200561  0.977239  -0.069125  0.065514  0.083779  0.994328  0.002107  0.002566  0.001759  -0.605811  0.709874  1.252975  2.000000  
126.230357 0.010403  0.100084  -0.016066  0.977155  0.196198  -0.081696  -0.201960  0.976927  -0.069466  0.066182  0.084379  0.994233  0.002280  0.002447  0.001933  -0.602190  0.716152  1.255887  2.000000  
126.231609 0.010407  0.100086  -0.016063  0.976709  0.197849  -0.083034  -0.203756  0.976521  -0.069927  0.067250  0.085217  0.994090  0.002481  0.002356  0.002128  -0.600547  0.726679  1.261382  2.000000  
126.232861 0.010411  0.100088  -0.016061  0.976310  0.199318  -0.084206  -0.205351  0.976160  -0.070309  0.068184  0.085935  0.993965  0.002691  0.002221  0.002291  -0.591253  0.736603  1.259831  2.000000  
126.234122 0.010415  0.100089  -0.016058  0.975908  0.200774  -0.085403  -0.206946  0.975787  -0.070805  0.069119  0.086773  0.993827  0.002873  0.002095  0.002427  -0.589110  0.741110  1.255258  2.000000  
126.235356 0.010420  0.100091  -0.016055  0.975450  0.202428  -0.086721  -0.208738  0.975381  -0.071134  0.070187  0.087490  0.993690  0.002990  0.002009  0.002464  -0.583507  0.755958  1.260382  2.000000  
126.236359 0.010424  0.100092  -0.016052  0.975093  0.203712  -0.087727  -0.210131  0.975060  -0.071433  0.070987  0.088088  0.993580  0.003104  0.001874  0.002505  -0.578513  0.761263  1.259507  2.000000  
126.237362 0.010427  0.100094  -0.016049  0.974723  0.204993  -0.088839  -0.211522  0.974748  -0.071582  0.071922  0.088564  0.993471  0.003198  0.001811  0.002580  -0.570341  0.776697  1.261547  2.000000  
126.238608 0.010432  0.100095  -0.016046  0.974254  0.206640  -0.090160  -0.213311  0.974335  -0.071899  0.072989  0.089280  0.993329  0.003288  0.001697  0.002554  -0.563274  0.786267  1.270082  2.000000  
126.239610 0.010436  0.100097  -0.016042  0.973878  0.207918  -0.091273  -0.214700  0.974019  -0.072041  0.073923  0.089755  0.993217  0.003387  0.001632  0.002631  -0.558241  0.800275  1.268491  2.000000  
126.240861 0.010441  0.100099  -0.016037  0.973337  0.209738  -0.092871  -0.216683  0.973563  -0.072273  0.075257  0.090469  0.993052  0.003432  0.001549  0.002708  -0.551439  0.820706  1.286791  2.000000  
126.242108 0.010445  0.100101  -0.016032  0.972835  0.211344  -0.094481  -0.218464  0.973138  -0.072636  0.076592  0.091303  0.992873  0.003493  0.001466  0.002845  -0.550059  0.839670  1.284692  2.000000  
126.243113 0.010449  0.100102  -0.016028  0.972393  0.212793  -0.095766  -0.220048  0.972766  -0.072835  0.077659  0.091898  0.992736  0.003542  0.001392  0.002934  -0.543929  0.859290  1.296024  2.000000  
126.244122 0.010453  0.100103  -0.016023  0.971948  0.214252  -0.097025  -0.221630  0.972401  -0.072913  0.078726  0.092372  0.992608  0.003611  0.001383  0.003076  -0.534365  0.880994  1.311419  2.000000  
126.245358 0.010458  0.100105  -0.016017  0.971386  0.216061  -0.098627  -0.223607  0.971933  -0.073123  0.080060  0.093084  0.992434  0.003674  0.001378  0.003261  -0.527403  0.898989  1.319033  2.000000  
126.246612 0.010463  0.100107  -0.016012  0.970854  0.217655  -0.100343  -0.225379  0.971509  -0.073317  0.081527  0.093795  0.992248  0.003774  0.001378  0.003472  -0.521864  0.925360  1.327379  2.000000  
126.247855 0.010468  0.100109  -0.016006  0.970234  0.219671  -0.101935  -0.227552  0.970997  -0.073375  0.082860  0.094386  0.992081  0.003833  0.001409  0.003639  -0.511155  0.951073  1.346145  2.000000  
126.249110 0.010474  0.100111  -0.016000  0.969644  0.221471  -0.103641  -0.229521  0.970531  -0.073417  0.084327  0.094976  0.991901  0.003913  0.001456  0.003832  -0.503687  0.975613  1.363338  2.000000  
126.250124 0.010478  0.100112  -0.015996  0.969117  0.223120  -0.105020  -0.231293  0.970119  -0.073301  0.085527  0.095327  0.991765  0.003961  0.001458  0.003974  -0.488402  0.995662  1.381220  2.000000  
126.251357 0.010484  0.100114  -0.015991  0.968468  0.225115  -0.106741  -0.233458  0.969600  -0.073309  0.086993  0.095917  0.991581  0.004039  0.001485  0.004060  -0.481164  1.022318  1.394444  2.000000  
126.252357 0.010489  0.100116  -0.015987  0.967931  0.226759  -0.108119  -0.235227  0.969182  -0.073182  0.088192  0.096267  0.991441  0.004120  0.001497  0.004119  -0.466072  1.042553  1.412546  2.000000  
126.253656 0.010495  0.100118  -0.015982  0.967208  0.228950  -0.109956  -0.237583  0.968620  -0.073005  0.089792  0.096735  0.991252  0.004215  0.001523  0.004204  -0.449429  1.074763  1.439719  2.000000  
126.254861 0.010501  0.100120  -0.015977  0.966527  0.230938  -0.111778  -0.239738  0.968101  -0.072842  0.091391  0.097201  0.991060  0.004321  0.001517  0.004286  -0.433977  1.106861  1.466370  2.000000  
126.256111 0.010507  0.100122  -0.015971  0.965838  0.232923  -0.113599  -0.241890  0.967578  -0.072672  0.092989  0.097668  0.990865  0.004412  0.001505  0.004353  -0.422425  1.127847  1.478689  2.000000  
126.257357 0.010513  0.100123  -0.015966  0.965091  0.235104  -0.115435  -0.244238  0.967003  -0.072470  0.094588  0.098133  0.990668  0.004515  0.001493  0.004384  -0.406071  1.157542  1.502100  2.000000  
126.258359 0.010518  0.100124  -0.015961  0.964501  0.236713  -0.117068  -0.245992  0.966576  -0.072247  0.096053  0.098480  0.990493  0.004566  0.001475  0.004422  -0.390784  1.191195  1.518694  2.000000  
126.259607 0.010524  0.100126  -0.015954  0.963714  0.238864  -0.119158  -0.248328  0.965999  -0.071963  0.097917  0.098943  0.990264  0.004651  0.001475  0.004466  -0.378642  1.225212  1.535661  2.000000  
126.260609 0.010529  0.100126  -0.015949  0.963112  0.240469  -0.120789  -0.250077  0.965565  -0.071728  0.099382  0.099288  0.990083  0.004721  0.001423  0.004537  -0.362919  1.254875  1.552735  2.000000  
126.261857 0.010536  0.100129  -0.015941  0.962361  0.242430  -0.122834  -0.252210  0.965040  -0.071335  0.101246  0.099630  0.989860  0.004793  0.001438  0.004637  -0.347146  1.284114  1.563405  2.000000  
126.263106 0.010542  0.100130  -0.015933  0.961485  0.244758  -0.125063  -0.254732  0.964404  -0.070965  0.103242  0.100089  0.989608  0.004853  0.001420  0.004797  -0.329392  1.323866  1.592936  2.000000  
126.264123 0.010547  0.100132  -0.015926  0.960863  0.246371  -0.126661  -0.256473  0.963970  -0.070592  0.104706  0.100314  0.989431  0.004888  0.001371  0.004982  -0.313853  1.347516  1.603009  2.000000  
126.265357 0.010553  0.100134  -0.015918  0.960128  0.248098  -0.128844  -0.258396  0.963479  -0.070282  0.106702  0.100773  0.989171  0.004934  0.001392  0.005201  -0.302587  1.381109  1.606634  2.000000  
126.266610 0.010559  0.100136  -0.015910  0.959225  0.250433  -0.131038  -0.260908  0.962839  -0.069766  0.108697  0.101111  0.988919  0.004942  0.001382  0.005391  -0.285323  1.420421  1.629723  2.000000  
126.267860 0.010565  0.100137  -0.015901  0.958296  0.252752  -0.133358  -0.263412  0.962198  -0.069205  0.110825  0.101446  0.988649  0.004869  0.001315  0.005615  -0.267802  1.454013  1.659190  2.000000  
126.269109 0.010570  0.100139  -0.015893  0.957386  0.255094  -0.135419  -0.265920  0.961544  -0.068702  0.112686  0.101785  0.988404  0.004831  0.001349  0.005871  -0.253483  1.481701  1.684290  2.000000  
126.270116 0.010573  0.100139  -0.015886  0.956606  0.257080  -0.137165  -0.268038  0.960991  -0.068200  0.114281  0.102006  0.988198  0.004734  0.001282  0.006021  -0.236936  1.506496  1.701551  2.000000  
126.271118 0.010576  0.100140  -0.015880  0.955860  0.258854  -0.139022  -0.269952  0.960492  -0.067683  0.116009  0.102225  0.987974  0.004609  0.001255  0.006160  -0.220759  1.530628  1.711899  2.000000  
126.272359 0.010580  0.100141  -0.015871  0.954796  0.261570  -0.141232  -0.272838  0.959720  -0.067058  0.118002  0.102560  0.987703  0.004428  0.001226  0.006352  -0.201445  1.558399  1.750235  2.000000  
126.273360 0.010582  0.100141  -0.015865  0.953977  0.263536  -0.143098  -0.274942  0.959159  -0.066495  0.119729  0.102778  0.987472  0.004243  0.001139  0.006446  -0.184494  1.583461  1.767625  2.000000  
126.274608 0.010584  0.100142  -0.015857  0.952974  0.265843  -0.145496  -0.277418  0.958499  -0.065717  0.121987  0.102989  0.987174  0.004010  0.001071  0.006507  -0.162672  1.617952  1.784332  2.000000  
126.275609 0.010586  0.100142  -0.015849  0.952080  0.268002  -0.147370  -0.279711  0.957874  -0.065106  0.123714  0.103207  0.986936  0.003764  0.001004  0.006603  -0.148819  1.638977  1.808861  2.000000  
126.276859 0.010588  0.100142  -0.015841  0.951056  0.270304  -0.149761  -0.282177  0.957205  -0.064305  0.125970  0.103417  0.986629  0.003440  0.000925  0.006644  -0.126096  1.673952  1.832082  2.000000  
126.278114 0.010589  0.100143  -0.015832  0.949962  0.272781  -0.152195  -0.284834  0.956466  -0.063576  0.128227  0.103745  0.986304  0.003081  0.000794  0.006702  -0.111985  1.703226  1.848226  2.000000  
126.279357 0.010589  0.100143  -0.015824  0.948898  0.275063  -0.154704  -0.287285  0.955790  -0.062713  0.130615  0.103952  0.985968  0.002729  0.000712  0.006734  -0.093774  1.742123  1.864376  2.000000  
126.280357 0.010589  0.100143  -0.015815  0.948009  0.277002  -0.156679  -0.289361  0.955206  -0.062055  0.132472  0.104165  0.985698  0.002387  0.000638  0.006845  -0.085075  1.766693  1.875258  2.000000  
126.281605 0.010588  0.100143  -0.015806  0.946898  0.279503  -0.158941  -0.292008  0.954455  -0.061213  0.134593  0.104374  0.985389  0.001937  0.000501  0.006925  -0.069084  1.787198  1.889531  2.000000  
126.282605 0.010587  0.100143  -0.015798  0.945992  0.281438  -0.160910  -0.294076  0.953863  -0.060536  0.136449  0.104586  0.985111  0.001554  0.000421  0.007005  -0.060959  1.806142  1.893579  2.000000  
126.283855 0.010585  0.100143  -0.015788  0.944781  0.284116  -0.163302  -0.296902  0.953046  -0.059598  0.138702  0.104792  0.984774  0.001053  0.000301  0.007048  -0.045861  1.836256  1.917010  2.000000  
126.284857 0.010583  0.100143  -0.015780  0.943857  0.286046  -0.165265  -0.298962  0.952445  -0.058903  0.140557  0.105003  0.984489  0.000690  0.000251  0.007187  -0.036860  1.855782  1.927672  2.000000  
126.285857 0.010580  0.100142  -0.015773  0.942907  0.287961  -0.167350  -0.301013  0.951845  -0.058158  0.142544  0.105212  0.984181  0.000249  0.000134  0.007182  -0.027816  1.884244  1.937466  2.000000  
126.287105 0.010575  0.100142  -0.015763  0.941768  0.290225  -0.169831  -0.303429  0.951135  -0.057214  0.144927  0.105414  0.983811  -0.000255  0.000070  0.007310  -0.013692  1.908455  1.947529  2.000000  
126.288113 0.010572  0.100141  -0.015756  0.940819  0.292148  -0.171783  -0.305476  0.950522  -0.056491  0.146780  0.105623  0.983514  -0.000718  -0.000003  0.007369  -0.005393  1.927704  1.951752  2.000000  
126.289359 0.010566  0.100141  -0.015746  0.939615  0.294616  -0.174142  -0.308082  0.949738  -0.055529  0.149030  0.105826  0.983154  -0.001191  -0.000057  0.007480  0.011693  1.944130  1.966174  2.000000  
126.290607 0.010561  0.100140  -0.015737  0.938424  0.296859  -0.176735  -0.310476  0.949017  -0.054508  0.151543  0.106024  0.982748  -0.001704  -0.000133  0.007466  0.023382  1.967012  1.972346  2.000000  
126.291607 0.010556  0.100139  -0.015731  0.937492  0.298567  -0.178790  -0.312310  0.948458  -0.053751  0.153526  0.106229  0.982418  -0.002126  -0.000198  0.007472  0.031004  1.987686  1.980323  2.000000  
126.292857 0.010549  0.100138  -0.015722  0.936255  0.301026  -0.181135  -0.314899  0.947658  -0.052753  0.155774  0.106430  0.982042  -0.002638  -0.000273  0.007457  0.044709  1.997964  1.984857  2.000000  
126.293858 0.010544  0.100138  -0.015716  0.935347  0.302779  -0.182897  -0.316738  0.947089  -0.051947  0.157492  0.106519  0.981759  -0.003000  -0.000336  0.007418  0.053223  2.008937  1.990920  2.000000  
126.294862 0.010538  0.100137  -0.015709  0.934412  0.304495  -0.184818  -0.318567  0.946516  -0.051207  0.159341  0.106725  0.981438  -0.003426  -0.000417  0.007357  0.062913  2.018689  2.001354  2.000000  
126.296105 0.010532  0.100136  -0.015701  0.933190  0.306738  -0.187264  -0.320941  0.945769  -0.050173  0.161718  0.106922  0.981028  -0.003793  -0.000475  0.007245  0.074574  2.033391  2.009260  2.000000  
126.297105 0.010526  0.100135  -0.015694  0.932152  0.308631  -0.189312  -0.322947  0.945130  -0.049334  0.163698  0.107124  0.980677  -0.004125  -0.000586  0.007188  0.078529  2.046073  2.005781  2.000000  
126.298108 0.010521  0.100134  -0.015688  0.931128  0.310534  -0.191232  -0.324955  0.944483  -0.048529  0.165546  0.107328  0.980344  -0.004384  -0.000619  0.007084  0.085809  2.053311  2.008585  2.000000  
126.299109 0.010514  0.100132  -0.015682  0.930095  0.312436  -0.193150  -0.326960  0.943833  -0.047716  0.167393  0.107532  0.980008  -0.004654  -0.000728  0.006980  0.093567  2.066799  2.005555  2.000000  
126.300114 0.010509  0.100131  -0.015676  0.929076  0.314373  -0.194902  -0.328967  0.943180  -0.046824  0.169108  0.107619  0.979704  -0.004887  -0.000799  0.006833  0.098958  2.070068  2.006928  2.000000  
126.301358 0.010502  0.100129  -0.015668  0.927875  0.316386  -0.197354  -0.331124  0.942471  -0.045892  0.171481  0.107931  0.979258  -0.005071  -0.000862  0.006715  0.103008  2.078884  1.997766  2.000000  
126.302360 0.010496  0.100128  -0.015662  0.926819  0.318281  -0.199261  -0.333115  0.941809  -0.045053  0.173326  0.108133  0.978910  -0.005220  -0.000909  0.006605  0.108206  2.089173  1.986200  2.000000  
126.303607 0.010490  0.100127  -0.015654  0.925551  0.320520  -0.201551  -0.335459  0.941027  -0.043989  0.175566  0.108327  0.978490  -0.005289  -0.000923  0.006507  0.113222  2.089913  1.985274  2.000000  
126.304611 0.010485  0.100127  -0.015648  0.924500  0.322424  -0.203327  -0.337449  0.940353  -0.043178  0.177278  0.108530  0.978158  -0.005347  -0.000901  0.006409  0.117034  2.090164  1.984034  2.000000  
126.305859 0.010479  0.100126  -0.015641  0.923283  0.324465  -0.205600  -0.339592  0.939629  -0.042135  0.179516  0.108723  0.977729  -0.005355  -0.000912  0.006264  0.121625  2.087261  1.971711  2.000000  
126.307111 0.010474  0.100126  -0.015635  0.922056  0.326477  -0.207907  -0.341729  0.938895  -0.041196  0.181753  0.109033  0.977281  -0.005304  -0.000864  0.006161  0.120289  2.090746  1.956359  2.000000  
126.308359 0.010469  0.100126  -0.015628  0.920748  0.328706  -0.210178  -0.344050  0.938095  -0.040089  0.183989  0.109224  0.976841  -0.005203  -0.000790  0.006005  0.123597  2.088474  1.952826  2.000000  
126.309361 0.010465  0.100126  -0.015624  0.919737  0.330407  -0.211930  -0.345831  0.937474  -0.039286  0.185699  0.109425  0.976495  -0.005117  -0.000777  0.005905  0.126404  2.083536  1.945260  2.000000  
126.310608 0.010460  0.100126  -0.015619  0.918554  0.332219  -0.214216  -0.347763  0.936797  -0.038360  0.187933  0.109733  0.976033  -0.005007  -0.000719  0.005688  0.128012  2.082500  1.923852  2.000000  
126.311857 0.010455  0.100125  -0.015614  0.917242  0.334453  -0.216351  -0.350076  0.935980  -0.037269  0.190035  0.109924  0.975604  -0.004833  -0.000645  0.005447  0.131637  2.078205  1.916766  2.000000  
126.312859 0.010451  0.100125  -0.015611  0.916186  0.336134  -0.218215  -0.351835  0.935354  -0.036396  0.191874  0.110121  0.975222  -0.004710  -0.000596  0.005261  0.132102  2.079583  1.910660  2.000000  
126.314125 0.010447  0.100124  -0.015607  0.914856  0.338336  -0.220381  -0.354137  0.934524  -0.035398  0.193975  0.110429  0.974771  -0.004489  -0.000471  0.004951  0.133806  2.071014  1.899156  2.000000  
126.315358 0.010443  0.100124  -0.015604  0.913491  0.340521  -0.222664  -0.356423  0.933694  -0.034342  0.196206  0.110734  0.974290  -0.004300  -0.000401  0.004641  0.137680  2.067848  1.892602  2.000000  
126.316605 0.010440  0.100125  -0.015601  0.912166  0.342757  -0.224658  -0.358721  0.932852  -0.033257  0.198173  0.110925  0.973870  -0.004079  -0.000296  0.004357  0.138897  2.056802  1.888728  2.000000  
126.317606 0.010438  0.100125  -0.015598  0.911029  0.344607  -0.226432  -0.360659  0.932133  -0.032464  0.199878  0.111240  0.973486  -0.003797  -0.000216  0.004088  0.139994  2.049359  1.895290  2.000000  
126.318855 0.010436  0.100125  -0.015596  0.909586  0.347016  -0.228544  -0.363123  0.931216  -0.031264  0.201975  0.111428  0.973031  -0.003515  -0.000113  0.003751  0.144646  2.045248  1.894421  2.000000  
126.319859 0.010435  0.100126  -0.015594  0.908510  0.348696  -0.230263  -0.364864  0.930565  -0.030389  0.203678  0.111623  0.972654  -0.003256  0.000018  0.003474  0.147371  2.035908  1.887385  2.000000  
126.321110 0.010434  0.100128  -0.015592  0.907022  0.351057  -0.232528  -0.367306  0.929641  -0.029233  0.205905  0.111924  0.972150  -0.002916  0.000104  0.003170  0.147542  2.029236  1.890206  2.000000  
126.322120 0.010434  0.100128  -0.015592  0.905855  0.352925  -0.234244  -0.369223  0.928910  -0.028294  0.207606  0.112119  0.971766  -0.002635  0.000130  0.002821  0.152546  2.025241  1.895664  2.000000  
126.323361 0.010434  0.100130  -0.015590  0.904451  0.355101  -0.236372  -0.371477  0.928043  -0.027214  0.209700  0.112421  0.971281  -0.002268  0.000246  0.002541  0.153181  2.021960  1.895354  2.000000  
126.324361 0.010435  0.100130  -0.015590  0.903346  0.356773  -0.238076  -0.373198  0.927379  -0.026308  0.211400  0.112614  0.970890  -0.001960  0.000302  0.002217  0.153781  2.015983  1.891209  2.000000  
126.325606 0.010435  0.100131  -0.015589  0.901948  0.358754  -0.240385  -0.375232  0.926593  -0.025046  0.213754  0.112791  0.970354  -0.001605  0.000363  0.001966  0.160786  2.017718  1.886687  2.000000  
126.326607 0.010437  0.100132  -0.015589  0.900752  0.360582  -0.242129  -0.377129  0.925845  -0.024187  0.215453  0.113101  0.969943  -0.001242  0.000459  0.001687  0.158485  2.017084  1.888696  2.000000  
126.327609 0.010438  0.100133  -0.015590  0.899522  0.362424  -0.243945  -0.379011  0.925102  -0.023158  0.217281  0.113289  0.969512  -0.000949  0.000512  0.001453  0.160347  2.013814  1.884559  2.000000  
126.328857 0.010440  0.100134  -0.015590  0.898101  0.364629  -0.245885  -0.381246  0.924213  -0.021969  0.219240  0.113473  0.969050  -0.000537  0.000609  0.001213  0.165719  2.003557  1.880673  2.000000  
126.329858 0.010441  0.100134  -0.015590  0.896883  0.366480  -0.247573  -0.383128  0.923457  -0.020974  0.220937  0.113664  0.968642  -0.000193  0.000650  0.000970  0.169519  1.999718  1.880153  2.000000  
126.330861 0.010443  0.100135  -0.015591  0.895738  0.368138  -0.249253  -0.384821  0.922774  -0.020023  0.222633  0.113853  0.968231  0.000172  0.000755  0.000751  0.171187  1.991774  1.876449  2.000000  
126.332112 0.010446  0.100137  -0.015592  0.894238  0.370308  -0.251416  -0.387015  0.921884  -0.018705  0.224850  0.114029  0.967698  0.000532  0.000794  0.000465  0.180017  1.992274  1.874929  2.000000  
126.333113 0.010449  0.100138  -0.015593  0.893052  0.371948  -0.253206  -0.388687  0.921200  -0.017688  0.226674  0.114214  0.967251  0.000798  0.000857  0.000293  0.182525  1.991737  1.866791  2.000000  
126.334122 0.010451  0.100139  -0.015594  0.891859  0.373586  -0.254992  -0.390353  0.920514  -0.016664  0.228498  0.114399  0.966800  0.001085  0.000895  0.000091  0.183094  1.995011  1.861874  2.000000  
126.335359 0.010454  0.100141  -0.015595  0.890253  0.375937  -0.257142  -0.392711  0.919535  -0.015264  0.230712  0.114572  0.966253  0.001340  0.000941  -0.000117  0.192455  1.997898  1.870500  2.000000  
126.336360 0.010457  0.100143  -0.015596  0.889046  0.377570  -0.258918  -0.394367  0.918843  -0.014224  0.232535  0.114755  0.965795  0.001549  0.000987  -0.000304  0.194403  2.001668  1.871982  2.000000  
