1-Time 2-Px 3-Py 4-Pz 5-R11 6-R21 7-R31 8-R12 9-R22 10-R32 11-R13 12-R23 13-R33 14-Vx 15-Vy 16-Vz 17-Wx 18-Wy 19-Wz 20-state 21-PR11 22-PR21 23-PR31 24-PR12 25-PR22 26-PR32 27-PR13 28-PR23 29-PR33 
111.595339 0.009744  0.099223  -0.018425  0.999380  0.035183  -0.000985  -0.035197  0.998876  -0.031759  -0.000134  0.031774  0.999495  -0.000774  -0.000647  -0.000401  0.000000  0.000000  0.000000  2.000000  
111.596340 0.009743  0.099223  -0.018426  0.999373  0.035389  -0.000991  -0.035402  0.998868  -0.031759  -0.000134  0.031774  0.999495  -0.000744  -0.000617  -0.000380  0.000000  0.000000  0.000000  2.000000  
111.597342 0.009744  0.099223  -0.018426  0.999366  0.035590  -0.001136  -0.035608  0.998857  -0.031875  0.000000  0.031896  0.999491  -0.000623  -0.000557  -0.000387  0.000000  0.000000  0.000000  2.000000  
111.598592 0.009746  0.099223  -0.018425  0.999358  0.035791  -0.001276  -0.035814  0.998850  -0.031870  0.000134  0.031896  0.999491  -0.000441  -0.000460  -0.000305  0.000000  0.000000  0.000000  2.000000  
111.599840 0.009748  0.099223  -0.018425  0.999351  0.035997  -0.001287  -0.036020  0.998839  -0.031991  0.000134  0.032017  0.999487  -0.000268  -0.000418  -0.000275  0.000000  0.000000  0.000000  2.000000  
111.600843 0.009750  0.099224  -0.018425  0.999344  0.036203  -0.001293  -0.036225  0.998831  -0.031991  0.000134  0.032017  0.999487  -0.000066  -0.000347  -0.000224  0.000000  0.000000  0.000000  2.000000  
111.601846 0.009752  0.099224  -0.018425  0.999336  0.036404  -0.001438  -0.036431  0.998820  -0.032107  0.000268  0.032138  0.999483  0.000127  -0.000308  -0.000272  0.000000  0.000000  0.000000  2.000000  
111.603094 0.009756  0.099225  -0.018426  0.999321  0.036806  -0.001723  -0.036843  0.998802  -0.032218  0.000535  0.032259  0.999479  0.000431  -0.000206  -0.000287  0.000000  0.000000  0.000000  2.000000  
111.604105 0.009758  0.099225  -0.018426  0.999313  0.037007  -0.001863  -0.037048  0.998794  -0.032212  0.000669  0.032259  0.999479  0.000683  -0.000131  -0.000246  0.000000  0.000000  0.000000  2.000000  
111.605348 0.009762  0.099225  -0.018427  0.999298  0.037414  -0.002015  -0.037460  0.998775  -0.032328  0.000803  0.032381  0.999475  0.000957  -0.000059  -0.000282  0.000000  0.000000  0.000000  2.000000  
111.606596 0.009765  0.099225  -0.018429  0.999282  0.037821  -0.002166  -0.037871  0.998756  -0.032443  0.000937  0.032502  0.999471  0.001231  0.000013  -0.000319  0.000000  0.000000  0.000000  2.000000  
111.607847 0.009768  0.099226  -0.018430  0.999267  0.038232  -0.002180  -0.038283  0.998740  -0.032442  0.000937  0.032502  0.999471  0.001535  0.000058  -0.000425  0.000000  0.000000  0.000000  2.000000  
111.609099 0.009771  0.099226  -0.018432  0.999251  0.038639  -0.002327  -0.038694  0.998725  -0.032436  0.001070  0.032502  0.999471  0.001780  0.000128  -0.000454  0.000000  0.000000  0.000000  2.000000  
111.610110 0.009773  0.099226  -0.018433  0.999243  0.038844  -0.002338  -0.038900  0.998713  -0.032557  0.001070  0.032623  0.999467  0.002000  0.000169  -0.000508  0.000000  0.000000  0.000000  2.000000  
111.611346 0.009776  0.099226  -0.018434  0.999218  0.039457  -0.002492  -0.039517  0.998689  -0.032550  0.001204  0.032623  0.999467  0.002224  0.000259  -0.000582  0.000000  0.000000  0.000000  2.000000  
111.612350 0.009778  0.099227  -0.018436  0.999210  0.039658  -0.002637  -0.039723  0.998677  -0.032665  0.001338  0.032744  0.999463  0.002305  0.000258  -0.000708  0.000000  0.000000  0.000000  2.000000  
111.613591 0.009781  0.099228  -0.018438  0.999193  0.040060  -0.002918  -0.040134  0.998661  -0.032654  0.001606  0.032744  0.999462  0.002326  0.000300  -0.000837  -0.032566  0.095697  0.176909  2.000000  
111.614594 0.009782  0.099228  -0.018438  0.999185  0.040261  -0.003063  -0.040340  0.998649  -0.032769  0.001739  0.032866  0.999458  0.002354  0.000328  -0.000859  -0.036625  0.100415  0.183653  2.000000  
111.615841 0.009785  0.099230  -0.018439  0.999168  0.040667  -0.003215  -0.040751  0.998628  -0.032883  0.001873  0.032987  0.999454  0.002355  0.000372  -0.000908  -0.040692  0.100697  0.190651  2.000000  
111.617096 0.009788  0.099230  -0.018439  0.999150  0.041074  -0.003367  -0.041162  0.998607  -0.032997  0.002007  0.033108  0.999450  0.002335  0.000419  -0.000925  -0.044706  0.101090  0.204345  2.000000  
111.618105 0.009789  0.099231  -0.018440  0.999142  0.041279  -0.003379  -0.041368  0.998595  -0.033118  0.002007  0.033229  0.999446  0.002219  0.000414  -0.000909  -0.048771  0.101313  0.211223  2.000000  
111.619342 0.009791  0.099231  -0.018439  0.999125  0.041685  -0.003536  -0.041780  0.998570  -0.033353  0.002141  0.033472  0.999437  0.002097  0.000377  -0.000869  -0.056902  0.101827  0.225118  2.000000  
111.620590 0.009791  0.099230  -0.018439  0.999107  0.042090  -0.003694  -0.042191  0.998545  -0.033588  0.002275  0.033714  0.999429  0.001935  0.000345  -0.000754  -0.065016  0.102313  0.238949  2.000000  
111.621600 0.009792  0.099230  -0.018438  0.999098  0.042291  -0.003839  -0.042397  0.998532  -0.033703  0.002408  0.033835  0.999425  0.001805  0.000318  -0.000652  -0.069039  0.102296  0.238869  2.000000  
111.622845 0.009793  0.099230  -0.018438  0.999089  0.042491  -0.003990  -0.042602  0.998516  -0.033939  0.002542  0.034078  0.999416  0.001667  0.000264  -0.000492  -0.077181  0.107066  0.245669  2.000000  
111.624108 0.009793  0.099228  -0.018437  0.999071  0.042893  -0.004277  -0.043014  0.998494  -0.034047  0.002810  0.034199  0.999411  0.001442  0.000182  -0.000310  -0.081150  0.111976  0.259215  2.000000  
111.625346 0.009792  0.099227  -0.018436  0.999061  0.043093  -0.004428  -0.043219  0.998477  -0.034282  0.002944  0.034441  0.999402  0.001211  0.000094  -0.000198  -0.089324  0.112084  0.259378  2.000000  
111.626594 0.009792  0.099226  -0.018436  0.999052  0.043288  -0.004707  -0.043425  0.998465  -0.034391  0.003211  0.034563  0.999397  0.001023  -0.000014  -0.000086  -0.093329  0.116814  0.266116  2.000000  
111.627594 0.009791  0.099225  -0.018436  0.999042  0.043488  -0.004858  -0.043631  0.998447  -0.034626  0.003345  0.034805  0.999389  0.000796  -0.000179  -0.000019  -0.097388  0.121357  0.265945  2.000000  
111.628843 0.009790  0.099223  -0.018436  0.999033  0.043688  -0.005004  -0.043836  0.998435  -0.034740  0.003479  0.034926  0.999384  0.000588  -0.000291  0.000061  -0.101448  0.121151  0.259041  2.000000  
111.630094 0.009788  0.099222  -0.018437  0.999023  0.043888  -0.005156  -0.044042  0.998417  -0.034976  0.003613  0.035169  0.999375  0.000321  -0.000460  0.000100  -0.104649  0.124915  0.263653  2.000000  
111.631100 0.009787  0.099221  -0.018437  0.999014  0.044088  -0.005302  -0.044248  0.998404  -0.035090  0.003746  0.035290  0.999370  0.000074  -0.000588  0.000155  -0.109528  0.125684  0.258810  2.000000  
111.632343 0.009785  0.099220  -0.018437  0.999004  0.044287  -0.005459  -0.044453  0.998382  -0.035446  0.003880  0.035653  0.999357  -0.000199  -0.000737  0.000147  -0.117666  0.125768  0.258825  2.000000  
111.633378 0.009784  0.099219  -0.018437  0.998994  0.044487  -0.005605  -0.044659  0.998369  -0.035560  0.004014  0.035775  0.999352  -0.000369  -0.000822  0.000210  -0.117503  0.125412  0.251588  2.000000  
111.634592 0.009783  0.099218  -0.018436  0.998984  0.044686  -0.005762  -0.044864  0.998347  -0.035916  0.004148  0.036138  0.999338  -0.000533  -0.000873  0.000224  -0.124753  0.124614  0.249835  2.000000  
111.635845 0.009781  0.099216  -0.018435  0.998975  0.044885  -0.005914  -0.045070  0.998329  -0.036151  0.004282  0.036381  0.999329  -0.000755  -0.000958  0.000215  -0.133912  0.125427  0.244950  2.000000  
111.637091 0.009779  0.099216  -0.018434  0.998965  0.045084  -0.006071  -0.045276  0.998307  -0.036507  0.004415  0.036744  0.999315  -0.000853  -0.000948  0.000269  -0.140912  0.124242  0.236094  2.000000  
111.638103 0.009778  0.099215  -0.018434  0.998964  0.045077  -0.006216  -0.045276  0.998299  -0.036743  0.004549  0.036987  0.999305  -0.000969  -0.000949  0.000247  -0.150180  0.124768  0.224108  2.000000  
111.639343 0.009777  0.099214  -0.018432  0.998954  0.045276  -0.006368  -0.045481  0.998281  -0.036978  0.004683  0.037229  0.999296  -0.001030  -0.000952  0.000295  -0.157043  0.128248  0.222134  2.000000  
111.640344 0.009776  0.099213  -0.018432  0.998944  0.045475  -0.006520  -0.045687  0.998262  -0.037213  0.004817  0.037472  0.999286  -0.001034  -0.000911  0.000321  -0.161071  0.128044  0.215245  2.000000  
111.641594 0.009776  0.099213  -0.018430  0.998934  0.045673  -0.006678  -0.045893  0.998240  -0.037569  0.004951  0.037835  0.999272  -0.001024  -0.000857  0.000372  -0.173195  0.127842  0.208365  2.000000  
111.642594 0.009776  0.099213  -0.018429  0.998924  0.045872  -0.006831  -0.046098  0.998221  -0.037803  0.005084  0.038078  0.999262  -0.000985  -0.000797  0.000489  -0.177217  0.127886  0.208350  2.000000  
111.643844 0.009776  0.099213  -0.018429  0.998914  0.046071  -0.006983  -0.046304  0.998203  -0.038038  0.005218  0.038320  0.999252  -0.000922  -0.000700  0.000552  -0.182844  0.128798  0.203234  2.000000  
111.644845 0.009776  0.099212  -0.018428  0.998904  0.046269  -0.007136  -0.046509  0.998184  -0.038272  0.005352  0.038562  0.999242  -0.000821  -0.000636  0.000623  -0.190933  0.128531  0.196232  2.000000  
111.646101 0.009776  0.099212  -0.018428  0.998892  0.046462  -0.007428  -0.046715  0.998161  -0.038622  0.005620  0.038926  0.999226  -0.000720  -0.000550  0.000646  -0.199203  0.132911  0.189246  2.000000  
111.647342 0.009776  0.099212  -0.018429  0.998882  0.046659  -0.007586  -0.046921  0.998138  -0.038977  0.005753  0.039289  0.999211  -0.000609  -0.000512  0.000570  -0.203155  0.132633  0.182169  2.000000  
111.648590 0.009777  0.099212  -0.018429  0.998872  0.046863  -0.007605  -0.047126  0.998119  -0.039218  0.005753  0.039532  0.999202  -0.000481  -0.000432  0.000480  -0.205474  0.127091  0.180772  2.000000  
111.649845 0.009777  0.099212  -0.018430  0.998862  0.047060  -0.007764  -0.047332  0.998095  -0.039573  0.005887  0.039895  0.999187  -0.000313  -0.000325  0.000371  -0.211294  0.127968  0.175348  2.000000  
111.651098 0.009778  0.099213  -0.018432  0.998851  0.047258  -0.007923  -0.047537  0.998071  -0.039928  0.006021  0.040259  0.999171  -0.000137  -0.000224  0.000228  -0.217600  0.126946  0.173859  2.000000  
111.652345 0.009779  0.099214  -0.018432  0.998841  0.047455  -0.008082  -0.047743  0.998047  -0.040283  0.006155  0.040623  0.999156  0.000033  -0.000113  0.000116  -0.223491  0.127796  0.168349  2.000000  
111.653590 0.009781  0.099215  -0.018433  0.998830  0.047652  -0.008241  -0.047949  0.998023  -0.040638  0.006288  0.040986  0.999140  0.000230  0.000022  0.000028  -0.225691  0.126805  0.166939  2.000000  
111.654598 0.009782  0.099216  -0.018433  0.998819  0.047850  -0.008395  -0.048154  0.998003  -0.040872  0.006422  0.041228  0.999129  0.000384  0.000156  -0.000051  -0.231592  0.123107  0.161523  2.000000  
111.655844 0.009784  0.099217  -0.018433  0.998808  0.048046  -0.008560  -0.048360  0.997974  -0.041348  0.006556  0.041713  0.999108  0.000493  0.000285  -0.000160  -0.239763  0.123186  0.161504  2.000000  
111.656846 0.009785  0.099218  -0.018433  0.998798  0.048243  -0.008714  -0.048565  0.997954  -0.041582  0.006690  0.041956  0.999097  0.000584  0.000338  -0.000234  -0.243810  0.123212  0.161476  2.000000  
111.658094 0.009787  0.099220  -0.018433  0.998787  0.048440  -0.008873  -0.048771  0.997929  -0.041937  0.006824  0.042319  0.999081  0.000702  0.000467  -0.000232  -0.247849  0.123253  0.161429  2.000000  
111.659099 0.009787  0.099221  -0.018432  0.998776  0.048636  -0.009033  -0.048977  0.997904  -0.042292  0.006957  0.042683  0.999064  0.000781  0.000522  -0.000268  -0.253871  0.122276  0.160069  2.000000  
111.660344 0.009789  0.099222  -0.018432  0.998765  0.048833  -0.009193  -0.049182  0.997879  -0.042647  0.007091  0.043046  0.999048  0.000859  0.000652  -0.000260  -0.260016  0.123332  0.161349  2.000000  
111.661595 0.009790  0.099223  -0.018432  0.998754  0.049028  -0.009359  -0.049388  0.997848  -0.043122  0.007225  0.043531  0.999026  0.000907  0.000733  -0.000227  -0.268192  0.123411  0.161331  2.000000  
111.662842 0.009790  0.099224  -0.018432  0.998742  0.049224  -0.009520  -0.049593  0.997823  -0.043477  0.007359  0.043894  0.999009  0.000906  0.000810  -0.000184  -0.273979  0.122692  0.166811  2.000000  
111.664106 0.009790  0.099225  -0.018431  0.998731  0.049420  -0.009680  -0.049799  0.997797  -0.043831  0.007493  0.044258  0.998992  0.000880  0.000851  -0.000078  -0.273963  0.118305  0.166957  2.000000  
111.665343 0.009790  0.099226  -0.018431  0.998710  0.049822  -0.009850  -0.050210  0.997761  -0.044184  0.007626  0.044621  0.998975  0.000866  0.000917  -0.000034  -0.276193  0.119339  0.168287  2.000000  
111.666350 0.009791  0.099227  -0.018432  0.998709  0.049812  -0.010001  -0.050210  0.997745  -0.044540  0.007760  0.044985  0.998958  0.000818  0.000927  0.000014  -0.280238  0.119386  0.168245  2.000000  
111.667595 0.009790  0.099227  -0.018432  0.998687  0.050213  -0.010172  -0.050621  0.997708  -0.044892  0.007894  0.045348  0.998940  0.000716  0.000920  0.000034  -0.281935  0.123199  0.173506  2.000000  
111.668842 0.009790  0.099228  -0.018432  0.998675  0.050409  -0.010333  -0.050827  0.997682  -0.045246  0.008028  0.045712  0.998922  0.000596  0.000860  0.000040  -0.285968  0.123257  0.173476  2.000000  
111.669847 0.009790  0.099229  -0.018432  0.998664  0.050605  -0.010488  -0.051032  0.997661  -0.045479  0.008162  0.045954  0.998910  0.000524  0.000881  0.000081  -0.284258  0.119852  0.175085  2.000000  
111.671095 0.009790  0.099229  -0.018432  0.998652  0.050801  -0.010649  -0.051238  0.997634  -0.045833  0.008295  0.046317  0.998892  0.000446  0.000811  0.000077  -0.288275  0.119890  0.175026  2.000000  
111.672098 0.009790  0.099229  -0.018432  0.998640  0.050996  -0.010810  -0.051443  0.997607  -0.046187  0.008429  0.046681  0.998874  0.000292  0.000680  0.000012  -0.292299  0.119932  0.174972  2.000000  
111.673100 0.009790  0.099229  -0.018432  0.998629  0.051192  -0.010966  -0.051649  0.997586  -0.046420  0.008563  0.046923  0.998862  0.000212  0.000625  0.000048  -0.292256  0.119966  0.174931  2.000000  
111.674110 0.009789  0.099229  -0.018432  0.998617  0.051388  -0.011128  -0.051854  0.997559  -0.046774  0.008697  0.047286  0.998844  0.000072  0.000511  0.000042  -0.296178  0.120282  0.181757  2.000000  
111.675345 0.009789  0.099228  -0.018431  0.998604  0.051576  -0.011423  -0.052060  0.997532  -0.047121  0.008964  0.047650  0.998824  -0.000017  0.000380  0.000073  -0.297885  0.123860  0.180117  2.000000  
111.676592 0.009788  0.099228  -0.018429  0.998592  0.051769  -0.011591  -0.052265  0.997498  -0.047596  0.009098  0.048134  0.998799  -0.000105  0.000300  0.000191  -0.301931  0.123947  0.180080  2.000000  
111.677594 0.009787  0.099227  -0.018428  0.998580  0.051966  -0.011747  -0.052471  0.997476  -0.047828  0.009232  0.048377  0.998787  -0.000166  0.000202  0.000246  -0.300370  0.125046  0.181558  2.000000  
111.678844 0.009787  0.099226  -0.018426  0.998566  0.052152  -0.012049  -0.052676  0.997443  -0.048296  0.009500  0.048861  0.998760  -0.000194  0.000107  0.000366  -0.308453  0.129591  0.181293  2.000000  
111.680099 0.009787  0.099226  -0.018425  0.998554  0.052347  -0.012212  -0.052882  0.997415  -0.048649  0.009633  0.049224  0.998741  -0.000212  0.000010  0.000446  -0.308714  0.129777  0.181413  2.000000  
111.681099 0.009787  0.099225  -0.018424  0.998542  0.052542  -0.012368  -0.053087  0.997393  -0.048881  0.009767  0.049467  0.998728  -0.000277  -0.000090  0.000528  -0.304223  0.134154  0.180935  2.000000  
111.682104 0.009787  0.099225  -0.018423  0.998529  0.052730  -0.012664  -0.053293  0.997365  -0.049227  0.010035  0.049830  0.998707  -0.000259  -0.000160  0.000599  -0.308259  0.138700  0.180690  2.000000  
111.683346 0.009786  0.099225  -0.018423  0.998516  0.052925  -0.012820  -0.053498  0.997342  -0.049460  0.010169  0.050072  0.998694  -0.000288  -0.000212  0.000626  -0.304181  0.138765  0.180661  2.000000  
111.684591 0.009786  0.099224  -0.018423  0.998491  0.053318  -0.013127  -0.053909  0.997303  -0.049803  0.010436  0.050435  0.998673  -0.000287  -0.000312  0.000629  -0.305744  0.142502  0.185854  2.000000  
111.685845 0.009786  0.099224  -0.018422  0.998479  0.053512  -0.013290  -0.054115  0.997274  -0.050156  0.010570  0.050799  0.998653  -0.000305  -0.000387  0.000663  -0.304177  0.143764  0.187335  2.000000  
111.687091 0.009786  0.099223  -0.018422  0.998465  0.053698  -0.013587  -0.054320  0.997246  -0.050501  0.010837  0.051162  0.998632  -0.000260  -0.000375  0.000681  -0.301574  0.147075  0.185495  2.000000  
111.688099 0.009786  0.099222  -0.018422  0.998452  0.053894  -0.013744  -0.054525  0.997223  -0.050733  0.010971  0.051404  0.998618  -0.000269  -0.000429  0.000630  -0.299962  0.148346  0.186982  2.000000  
111.689343 0.009786  0.099221  -0.018423  0.998438  0.054080  -0.014041  -0.054731  0.997194  -0.051079  0.011239  0.051767  0.998596  -0.000238  -0.000477  0.000607  -0.300002  0.152587  0.179813  2.000000  
111.690346 0.009786  0.099221  -0.018422  0.998414  0.054480  -0.014208  -0.055142  0.997159  -0.051307  0.011373  0.052010  0.998582  -0.000182  -0.000460  0.000522  -0.295744  0.153285  0.193571  2.000000  
111.691594 0.009785  0.099220  -0.018423  0.998399  0.054668  -0.014499  -0.055347  0.997136  -0.051532  0.011640  0.052252  0.998566  -0.000182  -0.000494  0.000385  -0.289243  0.156545  0.191729  2.000000  
111.692844 0.009786  0.099220  -0.018422  0.998373  0.055059  -0.014807  -0.055758  0.997096  -0.051874  0.011908  0.052615  0.998544  -0.000119  -0.000484  0.000331  -0.287510  0.162409  0.193024  2.000000  
111.694108 0.009786  0.099219  -0.018422  0.998357  0.055238  -0.015238  -0.055963  0.997067  -0.052211  0.012309  0.052978  0.998520  -0.000091  -0.000496  0.000220  -0.287332  0.171388  0.192444  2.000000  
111.695342 0.009786  0.099219  -0.018422  0.998330  0.055631  -0.015540  -0.056374  0.997032  -0.052432  0.012577  0.053220  0.998504  -0.000041  -0.000471  0.000163  -0.284994  0.174896  0.197546  2.000000  
111.696591 0.009787  0.099219  -0.018422  0.998314  0.055809  -0.015971  -0.056580  0.997003  -0.052768  0.012978  0.053583  0.998479  -0.000001  -0.000436  0.000143  -0.284948  0.183882  0.197048  2.000000  
111.697846 0.009787  0.099219  -0.018421  0.998285  0.056194  -0.016406  -0.056990  0.996968  -0.052981  0.013379  0.053825  0.998461  0.000069  -0.000365  0.000101  -0.279000  0.194787  0.205058  2.000000  
111.699091 0.009787  0.099219  -0.018422  0.998256  0.056576  -0.016849  -0.057401  0.996927  -0.053314  0.013781  0.054188  0.998436  0.000078  -0.000360  0.000062  -0.280669  0.202536  0.209759  2.000000  
111.700100 0.009788  0.099219  -0.018422  0.998241  0.056763  -0.017140  -0.057606  0.996903  -0.053537  0.014048  0.054430  0.998419  0.000138  -0.000286  0.000058  -0.278771  0.208694  0.211131  2.000000  
111.701343 0.009788  0.099219  -0.018422  0.998223  0.056942  -0.017565  -0.057811  0.996879  -0.053752  0.014450  0.054672  0.998400  0.000139  -0.000286  0.000058  -0.272462  0.216014  0.208945  2.000000  
111.702345 0.009788  0.099220  -0.018421  0.998193  0.057326  -0.018001  -0.058222  0.996844  -0.053963  0.014851  0.054914  0.998381  0.000158  -0.000233  0.000070  -0.270477  0.222703  0.217283  2.000000  
111.703590 0.009788  0.099220  -0.018422  0.998163  0.057708  -0.018445  -0.058633  0.996802  -0.054295  0.015252  0.055277  0.998355  0.000163  -0.000132  0.000028  -0.268119  0.230217  0.221819  2.000000  
111.704598 0.009788  0.099220  -0.018422  0.998147  0.057896  -0.018730  -0.058838  0.996784  -0.054396  0.015520  0.055398  0.998344  0.000185  -0.000082  0.000041  -0.262121  0.236654  0.223353  2.000000  
111.705844 0.009788  0.099220  -0.018423  0.998114  0.058272  -0.019300  -0.059249  0.996749  -0.054599  0.016055  0.055639  0.998322  0.000163  -0.000012  -0.000022  -0.257973  0.245726  0.222835  2.000000  
111.706844 0.009788  0.099220  -0.018423  0.998095  0.058451  -0.019725  -0.059454  0.996725  -0.054813  0.016456  0.055881  0.998302  0.000150  0.000011  -0.000029  -0.255690  0.253013  0.227322  2.000000  
111.707846 0.009788  0.099220  -0.018424  0.998066  0.058844  -0.020021  -0.059864  0.996695  -0.054910  0.016724  0.056002  0.998291  0.000141  0.000057  -0.000084  -0.247464  0.257879  0.233878  2.000000  
111.709097 0.009788  0.099220  -0.018424  0.998033  0.059219  -0.020592  -0.060275  0.996659  -0.055111  0.017259  0.056244  0.998268  0.000138  0.000078  -0.000129  -0.243273  0.271702  0.239974  2.000000  
111.710345 0.009787  0.099220  -0.018425  0.998001  0.059602  -0.021029  -0.060685  0.996623  -0.055320  0.017661  0.056486  0.998247  0.000089  0.000098  -0.000168  -0.237046  0.278531  0.241622  2.000000  
111.711594 0.009787  0.099220  -0.018425  0.997979  0.059774  -0.021581  -0.060890  0.996606  -0.055404  0.018196  0.056606  0.998231  0.000048  0.000092  -0.000197  -0.228783  0.292033  0.240812  2.000000  
111.712599 0.009787  0.099221  -0.018425  0.997946  0.060157  -0.022018  -0.061301  0.996569  -0.055612  0.018597  0.056848  0.998210  0.000007  0.000087  -0.000226  -0.228563  0.296907  0.247371  2.000000  
111.713843 0.009787  0.099221  -0.018424  0.997911  0.060534  -0.022581  -0.061711  0.996539  -0.055691  0.019132  0.056968  0.998193  -0.000023  0.000114  -0.000157  -0.220365  0.311010  0.253647  2.000000  
111.715092 0.009786  0.099221  -0.018425  0.997875  0.060908  -0.023152  -0.062121  0.996503  -0.055890  0.019667  0.057210  0.998168  -0.000093  0.000078  -0.000203  -0.218264  0.322111  0.257507  2.000000  
111.716101 0.009786  0.099221  -0.018424  0.997851  0.061080  -0.023704  -0.062326  0.996485  -0.055973  0.020202  0.057330  0.998151  -0.000115  0.000104  -0.000176  -0.211733  0.333706  0.258982  2.000000  
111.717342 0.009786  0.099221  -0.018424  0.997815  0.061454  -0.024275  -0.062736  0.996448  -0.056172  0.020737  0.057572  0.998126  -0.000182  0.000047  -0.000176  -0.209850  0.344850  0.262966  2.000000  
111.718342 0.009785  0.099220  -0.018424  0.997780  0.061838  -0.024706  -0.063146  0.996417  -0.056257  0.021139  0.057692  0.998111  -0.000222  0.000020  -0.000158  -0.205636  0.354204  0.269287  2.000000  
111.719345 0.009784  0.099220  -0.018424  0.997756  0.062009  -0.025258  -0.063351  0.996400  -0.056339  0.021674  0.057813  0.998092  -0.000261  -0.000007  -0.000141  -0.199191  0.365822  0.264039  2.000000  
111.720597 0.009784  0.099220  -0.018424  0.997715  0.062377  -0.025955  -0.063761  0.996370  -0.056407  0.022343  0.057933  0.998070  -0.000286  -0.000004  -0.000065  -0.190754  0.379674  0.270069  2.000000  
111.721602 0.009783  0.099220  -0.018423  0.997677  0.062754  -0.026519  -0.064171  0.996339  -0.056483  0.022878  0.058053  0.998051  -0.000306  0.000021  -0.000035  -0.186455  0.393562  0.276151  2.000000  
111.722845 0.009783  0.099220  -0.018424  0.997638  0.063126  -0.027091  -0.064581  0.996302  -0.056679  0.023413  0.058295  0.998025  -0.000341  -0.000006  -0.000016  -0.182295  0.398257  0.275864  2.000000  
111.724108 0.009782  0.099220  -0.018424  0.997595  0.063494  -0.027788  -0.064991  0.996271  -0.056745  0.024081  0.058415  0.998002  -0.000397  -0.000032  0.000040  -0.176450  0.408688  0.279568  2.000000  
111.725344 0.009781  0.099219  -0.018424  0.997552  0.063862  -0.028485  -0.065400  0.996241  -0.056811  0.024750  0.058535  0.997978  -0.000420  -0.000060  0.000019  -0.169614  0.421167  0.281308  2.000000  
111.726592 0.009781  0.099219  -0.018425  0.997508  0.064233  -0.029175  -0.065810  0.996217  -0.056755  0.025419  0.058534  0.997962  -0.000450  -0.000089  -0.000002  -0.161174  0.430598  0.287677  2.000000  
111.727595 0.009780  0.099218  -0.018426  0.997467  0.064608  -0.029739  -0.066220  0.996185  -0.056829  0.025954  0.058654  0.997941  -0.000459  -0.000143  -0.000053  -0.156966  0.439617  0.287080  2.000000  
111.728841 0.009779  0.099218  -0.018426  0.997409  0.065181  -0.030448  -0.066834  0.996141  -0.056887  0.026623  0.058774  0.997916  -0.000508  -0.000201  -0.000132  -0.151193  0.450136  0.297551  2.000000  
111.730107 0.009779  0.099217  -0.018427  0.997363  0.065548  -0.031146  -0.067244  0.996110  -0.056950  0.027292  0.058894  0.997891  -0.000526  -0.000259  -0.000186  -0.144044  0.458262  0.299538  2.000000  
111.731343 0.009778  0.099216  -0.018428  0.997303  0.066120  -0.031855  -0.067859  0.996065  -0.057006  0.027960  0.059014  0.997865  -0.000497  -0.000280  -0.000213  -0.135632  0.467910  0.305950  2.000000  
111.732346 0.009777  0.099215  -0.018428  0.997260  0.066499  -0.032411  -0.068268  0.996040  -0.056957  0.028495  0.059013  0.997850  -0.000555  -0.000344  -0.000297  -0.127171  0.477231  0.312226  2.000000  
111.733592 0.009777  0.099215  -0.018429  0.997194  0.067062  -0.033254  -0.068883  0.995995  -0.057002  0.029298  0.059133  0.997820  -0.000537  -0.000340  -0.000330  -0.122755  0.491225  0.318317  2.000000  
111.734847 0.009776  0.099214  -0.018430  0.997128  0.067626  -0.034096  -0.069497  0.995950  -0.057047  0.030100  0.059253  0.997789  -0.000536  -0.000395  -0.000419  -0.118316  0.500782  0.324693  2.000000  
111.736098 0.009776  0.099214  -0.018430  0.997065  0.068197  -0.034805  -0.070111  0.995904  -0.057100  0.030769  0.059372  0.997762  -0.000524  -0.000427  -0.000457  -0.112815  0.510880  0.334864  2.000000  
111.737340 0.009775  0.099214  -0.018431  0.996996  0.068765  -0.035640  -0.070725  0.995865  -0.057022  0.031571  0.059371  0.997737  -0.000506  -0.000422  -0.000488  -0.104311  0.520192  0.341112  2.000000  
111.738350 0.009775  0.099214  -0.018432  0.996931  0.069336  -0.036349  -0.071339  0.995818  -0.057073  0.032240  0.059491  0.997708  -0.000494  -0.000432  -0.000573  -0.104771  0.533752  0.350144  2.000000  
111.739596 0.009774  0.099213  -0.018433  0.996846  0.070104  -0.037203  -0.072158  0.995757  -0.057106  0.033042  0.059610  0.997675  -0.000503  -0.000486  -0.000625  -0.100095  0.543624  0.363348  2.000000  
111.740844 0.009773  0.099212  -0.018435  0.996774  0.070671  -0.038037  -0.072772  0.995717  -0.057024  0.033845  0.059609  0.997648  -0.000534  -0.000493  -0.000693  -0.091520  0.553178  0.369745  2.000000  
111.741846 0.009773  0.099212  -0.018435  0.996706  0.071242  -0.038747  -0.073386  0.995669  -0.057073  0.034513  0.059728  0.997618  -0.000525  -0.000485  -0.000681  -0.090200  0.562719  0.379477  2.000000  
111.743092 0.009772  0.099211  -0.018437  0.996613  0.072006  -0.039726  -0.074204  0.995614  -0.056971  0.035449  0.059726  0.997585  -0.000516  -0.000487  -0.000720  -0.085486  0.576931  0.392374  2.000000  
111.744107 0.009771  0.099210  -0.018438  0.996558  0.072376  -0.040415  -0.074613  0.995588  -0.056905  0.036118  0.059725  0.997561  -0.000514  -0.000496  -0.000770  -0.076978  0.586260  0.398609  2.000000  
111.745344 0.009770  0.099209  -0.018439  0.996462  0.073135  -0.041402  -0.075431  0.995525  -0.056922  0.037054  0.059844  0.997520  -0.000575  -0.000522  -0.000807  -0.072795  0.600983  0.415080  2.000000  
111.746344 0.009769  0.099208  -0.018441  0.996386  0.073702  -0.042236  -0.076044  0.995483  -0.056836  0.037856  0.059842  0.997490  -0.000575  -0.000533  -0.000859  -0.071560  0.614656  0.424312  2.000000  
111.747590 0.009768  0.099207  -0.018443  0.996292  0.074473  -0.043081  -0.076862  0.995426  -0.056739  0.038658  0.059840  0.997459  -0.000605  -0.000584  -0.000962  -0.062725  0.619950  0.437651  2.000000  
111.748595 0.009767  0.099205  -0.018444  0.996213  0.075035  -0.043923  -0.077475  0.995377  -0.056771  0.039460  0.059959  0.997421  -0.000625  -0.000648  -0.001030  -0.062714  0.634519  0.447564  2.000000  
111.749845 0.009766  0.099204  -0.018446  0.996112  0.075799  -0.044901  -0.078293  0.995319  -0.056662  0.040396  0.059957  0.997383  -0.000674  -0.000695  -0.001054  -0.053336  0.643582  0.456746  2.000000  
111.751096 0.009764  0.099203  -0.018448  0.996009  0.076562  -0.045879  -0.079110  0.995261  -0.056551  0.041332  0.059955  0.997345  -0.000763  -0.000759  -0.001162  -0.048829  0.654313  0.474068  2.000000  
111.752345 0.009763  0.099201  -0.018449  0.995888  0.077525  -0.046878  -0.080132  0.995179  -0.056549  0.042268  0.060073  0.997299  -0.000806  -0.000801  -0.001203  -0.047409  0.667936  0.489510  2.000000  
111.753346 0.009761  0.099200  -0.018451  0.995798  0.078084  -0.047844  -0.080744  0.995135  -0.056445  0.043204  0.060071  0.997259  -0.000911  -0.000902  -0.001265  -0.042745  0.681698  0.495490  2.000000  
111.754352 0.009760  0.099199  -0.018452  0.995696  0.078855  -0.048688  -0.081561  0.995075  -0.056340  0.044006  0.060069  0.997224  -0.000966  -0.000945  -0.001268  -0.038145  0.692548  0.512980  2.000000  
111.755595 0.009758  0.099197  -0.018453  0.995581  0.079604  -0.049808  -0.082377  0.995008  -0.056333  0.045075  0.060187  0.997169  -0.001037  -0.001002  -0.001271  -0.037186  0.707018  0.525974  2.000000  
111.756596 0.009756  0.099195  -0.018455  0.995477  0.080376  -0.050652  -0.083194  0.994946  -0.056225  0.045877  0.060185  0.997132  -0.001168  -0.001116  -0.001316  -0.032239  0.716931  0.539251  2.000000  
111.757843 0.009753  0.099193  -0.018456  0.995358  0.081131  -0.051762  -0.084009  0.994885  -0.056094  0.046946  0.060182  0.997083  -0.001289  -0.001177  -0.001309  -0.027150  0.731250  0.552191  2.000000  
111.759098 0.009750  0.099191  -0.018458  0.995221  0.082084  -0.052893  -0.085029  0.994800  -0.056070  0.048015  0.060300  0.997025  -0.001397  -0.001271  -0.001332  -0.030189  0.745511  0.565083  2.000000  
111.760344 0.009747  0.099189  -0.018459  0.995081  0.083044  -0.054014  -0.086049  0.994720  -0.055924  0.049084  0.060296  0.996973  -0.001500  -0.001347  -0.001318  -0.024625  0.758457  0.579854  2.000000  
111.761594 0.009744  0.099186  -0.018461  0.994939  0.083997  -0.055144  -0.087069  0.994633  -0.055896  0.050153  0.060414  0.996913  -0.001643  -0.001464  -0.001323  -0.023699  0.774653  0.597839  2.000000  
111.762595 0.009741  0.099183  -0.018463  0.994820  0.084759  -0.056121  -0.087884  0.994568  -0.055768  0.051089  0.060411  0.996865  -0.001791  -0.001549  -0.001338  -0.018596  0.788979  0.610769  2.000000  
111.763843 0.009738  0.099180  -0.018465  0.994674  0.085719  -0.057241  -0.088903  0.994486  -0.055615  0.052158  0.060408  0.996810  -0.001923  -0.001664  -0.001383  -0.017315  0.796626  0.618582  2.000000  
111.764847 0.009736  0.099178  -0.018467  0.994551  0.086474  -0.058227  -0.089718  0.994414  -0.055605  0.053093  0.060526  0.996754  -0.002023  -0.001750  -0.001407  -0.016587  0.808184  0.630203  2.000000  
111.766100 0.009732  0.099175  -0.018469  0.994394  0.087425  -0.059479  -0.090735  0.994331  -0.055436  0.054296  0.060522  0.996689  -0.002193  -0.001891  -0.001433  -0.011238  0.822379  0.643012  2.000000  
111.767341 0.009728  0.099171  -0.018472  0.994215  0.088573  -0.060753  -0.091958  0.994222  -0.055372  0.055498  0.060639  0.996616  -0.002345  -0.002031  -0.001495  -0.009690  0.842015  0.662786  2.000000  
111.768342 0.009725  0.099168  -0.018474  0.994087  0.089335  -0.061728  -0.092771  0.994154  -0.055236  0.056433  0.060636  0.996563  -0.002433  -0.002139  -0.001510  -0.008481  0.849267  0.670196  2.000000  
111.769342 0.009722  0.099165  -0.018476  0.993957  0.090090  -0.062714  -0.093585  0.994079  -0.055218  0.057368  0.060753  0.996503  -0.002553  -0.002254  -0.001593  -0.011635  0.858469  0.676305  2.000000  
111.770345 0.009718  0.099161  -0.018478  0.993806  0.091057  -0.063700  -0.094603  0.993991  -0.055065  0.058303  0.060750  0.996449  -0.002694  -0.002454  -0.001686  -0.006381  0.870968  0.695378  2.000000  
111.771356 0.009715  0.099158  -0.018480  0.993673  0.091811  -0.064685  -0.095416  0.993914  -0.055044  0.059238  0.060867  0.996386  -0.002762  -0.002509  -0.001688  -0.009531  0.880069  0.701389  2.000000  
111.772596 0.009710  0.099153  -0.018483  0.993503  0.092761  -0.065936  -0.096432  0.993827  -0.054861  0.060440  0.060863  0.996315  -0.002913  -0.002733  -0.001837  -0.004319  0.889701  0.707811  2.000000  
111.773845 0.009706  0.099149  -0.018486  0.993338  0.093711  -0.067065  -0.097448  0.993730  -0.054810  0.061509  0.060980  0.996242  -0.003035  -0.002851  -0.001921  -0.007011  0.900045  0.721372  2.000000  
111.775095 0.009701  0.099144  -0.018488  0.993143  0.094857  -0.068338  -0.098668  0.993614  -0.054729  0.062710  0.061096  0.996160  -0.003111  -0.002993  -0.001976  -0.005154  0.906933  0.734694  2.000000  
111.776101 0.009697  0.099140  -0.018491  0.992982  0.095814  -0.069334  -0.099684  0.993515  -0.054686  0.063645  0.061213  0.996093  -0.003242  -0.003152  -0.002062  -0.007871  0.916850  0.747865  2.000000  
111.777349 0.009693  0.099135  -0.018494  0.992810  0.096763  -0.070463  -0.100699  0.993416  -0.054627  0.064713  0.061330  0.996017  -0.003311  -0.003287  -0.002109  -0.011143  0.924130  0.753668  2.000000  
111.778349 0.009689  0.099131  -0.018497  0.992645  0.097720  -0.071459  -0.101715  0.993315  -0.054580  0.065648  0.061447  0.995949  -0.003401  -0.003373  -0.002171  -0.009715  0.929714  0.767177  2.000000  
111.779405 0.009685  0.099127  -0.018499  0.992478  0.098676  -0.072455  -0.102730  0.993213  -0.054531  0.066582  0.061564  0.995880  -0.003468  -0.003472  -0.002218  -0.012367  0.937649  0.778734  2.000000  
111.780598 0.009680  0.099121  -0.018503  0.992270  0.099820  -0.073727  -0.103948  0.993092  -0.054437  0.067784  0.061680  0.995792  -0.003581  -0.003648  -0.002293  -0.014761  0.944785  0.793608  2.000000  
111.781842 0.009674  0.099116  -0.018506  0.992038  0.101159  -0.075022  -0.105369  0.992942  -0.054445  0.068985  0.061916  0.995694  -0.003680  -0.003785  -0.002409  -0.016754  0.956392  0.806445  2.000000  
111.782844 0.009670  0.099112  -0.018509  0.991873  0.102123  -0.075886  -0.106384  0.992836  -0.054403  0.069786  0.062034  0.995631  -0.003742  -0.003849  -0.002450  -0.019764  0.955801  0.820462  2.000000  
111.784106 0.009665  0.099106  -0.018514  0.991657  0.103265  -0.077157  -0.107600  0.992710  -0.054300  0.070987  0.062149  0.995539  -0.003838  -0.003986  -0.002561  -0.021986  0.962304  0.826574  2.000000  
111.785117 0.009661  0.099101  -0.018517  0.991488  0.104228  -0.078020  -0.108614  0.992602  -0.054254  0.071788  0.062266  0.995474  -0.003886  -0.004043  -0.002640  -0.020913  0.961065  0.840043  2.000000  
111.786341 0.009655  0.099096  -0.018521  0.991267  0.105360  -0.079304  -0.109829  0.992468  -0.054266  0.072989  0.062502  0.995372  -0.003999  -0.004159  -0.002764  -0.027075  0.963742  0.846738  2.000000  
111.787345 0.009651  0.099091  -0.018525  0.991108  0.106110  -0.080288  -0.110638  0.992381  -0.054218  0.073923  0.062619  0.995296  -0.004015  -0.004185  -0.002820  -0.030461  0.967284  0.853914  2.000000  
111.788346 0.009646  0.099086  -0.018529  0.990924  0.107053  -0.081296  -0.111650  0.992264  -0.054272  0.074857  0.062856  0.995211  -0.004092  -0.004309  -0.002918  -0.033316  0.972207  0.860180  2.000000  
111.789592 0.009640  0.099081  -0.018533  0.990695  0.108183  -0.082580  -0.112864  0.992127  -0.054276  0.076058  0.063091  0.995105  -0.004174  -0.004359  -0.003019  -0.039361  0.978572  0.865833  2.000000  
111.790595 0.009636  0.099076  -0.018536  0.990507  0.109136  -0.083575  -0.113876  0.992015  -0.054205  0.076992  0.063208  0.995026  -0.004183  -0.004412  -0.003069  -0.042105  0.979064  0.872573  2.000000  
111.791844 0.009631  0.099070  -0.018541  0.990273  0.110265  -0.084859  -0.115088  0.991875  -0.054204  0.078192  0.063443  0.994918  -0.004234  -0.004449  -0.003195  -0.045340  0.982912  0.879888  2.000000  
111.793092 0.009625  0.099065  -0.018545  0.990022  0.111606  -0.086021  -0.116505  0.991710  -0.054198  0.079259  0.063679  0.994818  -0.004298  -0.004488  -0.003284  -0.050839  0.985204  0.892515  2.000000  
111.794143 0.009620  0.099060  -0.018548  0.989828  0.112546  -0.087030  -0.117515  0.991589  -0.054240  0.080193  0.063916  0.994728  -0.004370  -0.004562  -0.003339  -0.054214  0.982802  0.898625  2.000000  
111.795342 0.009615  0.099054  -0.018553  0.989585  0.113673  -0.088313  -0.118726  0.991445  -0.054230  0.081393  0.064151  0.994615  -0.004414  -0.004576  -0.003409  -0.060839  0.985071  0.906905  2.000000  
111.796592 0.009609  0.099049  -0.018557  0.989351  0.114797  -0.089479  -0.119938  0.991292  -0.054354  0.082460  0.064507  0.994505  -0.004403  -0.004576  -0.003446  -0.071968  0.980710  0.906902  2.000000  
111.797845 0.009604  0.099043  -0.018562  0.989089  0.116135  -0.090642  -0.121353  0.991121  -0.054336  0.083527  0.064742  0.994400  -0.004428  -0.004571  -0.003470  -0.074042  0.981714  0.920410  2.000000  
111.798846 0.009599  0.099039  -0.018565  0.988885  0.117073  -0.091650  -0.122361  0.990995  -0.054368  0.084460  0.064978  0.994306  -0.004442  -0.004550  -0.003481  -0.080716  0.977707  0.927338  2.000000  
111.800095 0.009594  0.099033  -0.018570  0.988643  0.118205  -0.092802  -0.123571  0.990845  -0.054363  0.085527  0.065214  0.994199  -0.004471  -0.004540  -0.003494  -0.082615  0.974653  0.925960  2.000000  
111.801097 0.009589  0.099029  -0.018573  0.988447  0.119150  -0.093679  -0.124580  0.990717  -0.054408  0.086326  0.065450  0.994115  -0.004460  -0.004540  -0.003531  -0.085392  0.975530  0.932823  2.000000  
111.802342 0.009584  0.099023  -0.018578  0.988174  0.120474  -0.094856  -0.125993  0.990533  -0.054499  0.087393  0.065806  0.993998  -0.004456  -0.004535  -0.003527  -0.095363  0.971920  0.946324  2.000000  
111.803346 0.009580  0.099019  -0.018581  0.987962  0.121409  -0.095865  -0.127000  0.990403  -0.054523  0.088326  0.066042  0.993900  -0.004406  -0.004453  -0.003493  -0.099207  0.975607  0.954152  2.000000  
111.804348 0.009576  0.099015  -0.018585  0.987749  0.122344  -0.096874  -0.128006  0.990272  -0.054545  0.089259  0.066277  0.993801  -0.004369  -0.004443  -0.003566  -0.102325  0.975701  0.953830  2.000000  
111.805348 0.009572  0.099011  -0.018588  0.987533  0.123290  -0.097868  -0.129012  0.990147  -0.054445  0.090191  0.066392  0.993709  -0.004339  -0.004414  -0.003546  -0.100856  0.976358  0.960627  2.000000  
111.806597 0.009567  0.099006  -0.018593  0.987250  0.124610  -0.099046  -0.130422  0.989958  -0.054525  0.091257  0.066747  0.993588  -0.004300  -0.004386  -0.003563  -0.106022  0.973817  0.965719  2.000000  
111.807843 0.009563  0.099000  -0.018598  0.986991  0.125737  -0.100198  -0.131628  0.989800  -0.054502  0.092323  0.066982  0.993474  -0.004219  -0.004354  -0.003553  -0.108983  0.974134  0.965601  2.000000  
111.808844 0.009559  0.098996  -0.018601  0.986741  0.126873  -0.101218  -0.132836  0.989639  -0.054494  0.093256  0.067217  0.993371  -0.004153  -0.004313  -0.003601  -0.111510  0.974677  0.972107  2.000000  
111.810102 0.009555  0.098992  -0.018606  0.986449  0.128191  -0.102397  -0.134244  0.989445  -0.054565  0.094321  0.067572  0.993246  -0.004026  -0.004234  -0.003554  -0.119243  0.969355  0.980523  2.000000  
111.811345 0.009551  0.098987  -0.018610  0.986114  0.129714  -0.103703  -0.135853  0.989230  -0.054473  0.095520  0.067805  0.993116  -0.003947  -0.004202  -0.003545  -0.120941  0.970526  0.994113  2.000000  
111.812592 0.009547  0.098982  -0.018614  0.985789  0.131012  -0.105145  -0.137256  0.989035  -0.054500  0.096852  0.068157  0.992962  -0.003827  -0.004144  -0.003553  -0.123766  0.979946  0.993280  2.000000  
111.813841 0.009544  0.098978  -0.018619  0.985433  0.132524  -0.106582  -0.138861  0.988818  -0.054381  0.098184  0.068389  0.992816  -0.003694  -0.004074  -0.003580  -0.125388  0.985966  1.006924  2.000000  
