1-Time 2-Px 3-Py 4-Pz 5-R11 6-R21 7-R31 8-R12 9-R22 10-R32 11-R13 12-R23 13-R33 14-Vx 15-Vy 16-Vz 17-Wx 18-Wy 19-Wz 20-state 21-PR11 22-PR21 23-PR31 24-PR12 25-PR22 26-PR32 27-PR13 28-PR23 29-PR33 
189.074788 0.002538  0.091765  -0.018820  0.997742  -0.034393  -0.057696  0.059639  0.058421  0.996509  -0.030903  -0.997699  0.060340  -0.000102  -0.000168  -0.000413  0.000000  0.000000  0.000000  2.000000  
189.075794 0.002538  0.091765  -0.018820  0.997742  -0.034393  -0.057696  0.059639  0.058421  0.996509  -0.030903  -0.997699  0.060340  -0.000102  -0.000168  -0.000412  0.000000  0.000000  0.000000  2.000000  
189.077040 0.002538  0.091763  -0.018821  0.997746  -0.034260  -0.057704  0.059639  0.058429  0.996509  -0.030769  -0.997704  0.060341  -0.000137  -0.000289  -0.000426  0.000000  0.000000  0.000000  2.000000  
189.078041 0.002537  0.091761  -0.018822  0.997742  -0.034006  -0.057925  0.059845  0.058438  0.996496  -0.030501  -0.997712  0.060341  -0.000173  -0.000409  -0.000439  0.000000  0.000000  0.000000  2.000000  
189.079042 0.002537  0.091760  -0.018822  0.997746  -0.033872  -0.057933  0.059845  0.058446  0.996495  -0.030368  -0.997716  0.060341  -0.000175  -0.000496  -0.000426  0.000000  0.000000  0.000000  2.000000  
189.080290 0.002537  0.091758  -0.018822  0.997741  -0.033618  -0.058155  0.060051  0.058455  0.996482  -0.030100  -0.997724  0.060342  -0.000145  -0.000619  -0.000356  0.000000  0.000000  0.000000  2.000000  
189.081292 0.002537  0.091756  -0.018822  0.997745  -0.033485  -0.058163  0.060051  0.058463  0.996482  -0.029966  -0.997728  0.060342  -0.000150  -0.000714  -0.000351  0.000000  0.000000  0.000000  2.000000  
189.082294 0.002538  0.091755  -0.018822  0.997749  -0.033351  -0.058171  0.060051  0.058471  0.996481  -0.029833  -0.997732  0.060342  -0.000085  -0.000781  -0.000301  0.000000  0.000000  0.000000  2.000000  
189.083297 0.002539  0.091753  -0.018822  0.997749  -0.033358  -0.058167  0.060051  0.058592  0.996474  -0.029833  -0.997725  0.060463  -0.000031  -0.000899  -0.000299  0.000000  0.000000  0.000000  2.000000  
189.084548 0.002540  0.091751  -0.018822  0.997745  -0.033104  -0.058388  0.060257  0.058601  0.996461  -0.029565  -0.997732  0.060464  0.000093  -0.000989  -0.000252  0.000000  0.000000  0.000000  2.000000  
189.085558 0.002541  0.091750  -0.018822  0.997740  -0.032857  -0.058605  0.060463  0.058731  0.996441  -0.029298  -0.997733  0.060585  0.000128  -0.001081  -0.000220  0.000000  0.000000  0.000000  2.000000  
189.086575 0.002542  0.091749  -0.018822  0.997736  -0.032602  -0.058827  0.060669  0.058741  0.996428  -0.029030  -0.997741  0.060586  0.000226  -0.001101  -0.000197  0.000000  0.000000  0.000000  2.000000  
189.087794 0.002542  0.091747  -0.018823  0.997735  -0.032222  -0.059052  0.060875  0.058879  0.996407  -0.028629  -0.997745  0.060708  0.000259  -0.001248  -0.000252  0.000000  0.000000  0.000000  2.000000  
189.088794 0.002543  0.091746  -0.018825  0.997730  -0.031975  -0.059270  0.061081  0.059010  0.996387  -0.028362  -0.997745  0.060829  0.000296  -0.001351  -0.000397  0.000000  0.000000  0.000000  2.000000  
189.090044 0.002543  0.091743  -0.018828  0.997728  -0.031587  -0.059499  0.061287  0.059028  0.996373  -0.027960  -0.997756  0.060830  0.000304  -0.001499  -0.000500  0.000000  0.000000  0.000000  2.000000  
189.091045 0.002543  0.091740  -0.018830  0.997736  -0.031328  -0.059512  0.061288  0.059165  0.996365  -0.027693  -0.997757  0.060951  0.000303  -0.001672  -0.000589  0.000000  0.000000  0.000000  2.000000  
189.092047 0.002543  0.091737  -0.018831  0.997731  -0.031081  -0.059729  0.061493  0.059296  0.996345  -0.027425  -0.997756  0.061073  0.000339  -0.001743  -0.000602  0.000000  0.000000  0.000000  2.000000  
189.093306 0.002542  0.091733  -0.018831  0.997729  -0.030693  -0.059959  0.061700  0.059314  0.996331  -0.027024  -0.997767  0.061073  0.000354  -0.001864  -0.000627  0.000000  0.000000  0.000000  2.000000  
189.094545 0.002543  0.091730  -0.018831  0.997740  -0.030308  -0.059976  0.061700  0.059581  0.996315  -0.026623  -0.997763  0.061316  0.000421  -0.001910  -0.000623  0.000000  0.000000  0.000000  2.000000  
189.095556 0.002544  0.091728  -0.018831  0.997734  -0.030061  -0.060194  0.061906  0.059712  0.996294  -0.026355  -0.997763  0.061437  0.000457  -0.001982  -0.000636  0.000000  0.000000  0.000000  2.000000  
189.096792 0.002545  0.091725  -0.018829  0.997748  -0.029535  -0.060223  0.061907  0.059866  0.996285  -0.025820  -0.997769  0.061559  0.000511  -0.002069  -0.000503  -0.030848  0.072572  0.166760  2.000000  
189.097792 0.002547  0.091722  -0.018828  0.997742  -0.029288  -0.060441  0.062113  0.059997  0.996264  -0.025553  -0.997769  0.061681  0.000567  -0.002101  -0.000445  -0.034737  0.080034  0.175306  2.000000  
189.099042 0.002549  0.091719  -0.018827  0.997739  -0.028916  -0.060664  0.062319  0.060258  0.996236  -0.025151  -0.997764  0.061923  0.000619  -0.002187  -0.000314  -0.046785  0.087771  0.188335  2.000000  
189.100047 0.002550  0.091716  -0.018825  0.997749  -0.028523  -0.060685  0.062319  0.060404  0.996227  -0.024750  -0.997766  0.062045  0.000643  -0.002313  -0.000212  -0.050673  0.095493  0.201329  2.000000  
189.101295 0.002552  0.091713  -0.018824  0.997759  -0.028131  -0.060707  0.062320  0.060549  0.996218  -0.024349  -0.997769  0.062167  0.000682  -0.002433  -0.000117  -0.054769  0.096339  0.214798  2.000000  
189.102552 0.002554  0.091710  -0.018823  0.997769  -0.027746  -0.060725  0.062321  0.060816  0.996202  -0.023948  -0.997763  0.062409  0.000784  -0.002519  0.000004  -0.062925  0.097175  0.228204  2.000000  
189.103794 0.002557  0.091706  -0.018822  0.997778  -0.027361  -0.060743  0.062321  0.061083  0.996185  -0.023546  -0.997758  0.062652  0.000912  -0.002620  0.000232  -0.075001  0.104951  0.241304  2.000000  
189.105044 0.002559  0.091702  -0.018821  0.997788  -0.026976  -0.060762  0.062322  0.061349  0.996169  -0.023145  -0.997752  0.062895  0.001071  -0.002698  0.000478  -0.082501  0.104960  0.252703  2.000000  
189.106294 0.002561  0.091698  -0.018819  0.997797  -0.026591  -0.060780  0.062322  0.061616  0.996152  -0.022744  -0.997746  0.063137  0.001254  -0.002748  0.000778  -0.091369  0.106424  0.263779  2.000000  
189.107551 0.002564  0.091694  -0.018817  0.997803  -0.026332  -0.060794  0.062323  0.061753  0.996144  -0.022476  -0.997744  0.063259  0.001447  -0.002778  0.001000  -0.094851  0.098982  0.266449  2.000000  
189.108568 0.002566  0.091690  -0.018815  0.997822  -0.026068  -0.060600  0.062118  0.062017  0.996140  -0.022209  -0.997735  0.063501  0.001530  -0.002837  0.001151  -0.103905  0.092852  0.268843  2.000000  
189.109793 0.002568  0.091686  -0.018813  0.997828  -0.025808  -0.060613  0.062118  0.062154  0.996132  -0.021941  -0.997733  0.063623  0.001627  -0.002906  0.001268  -0.108280  0.086051  0.269517  2.000000  
189.111042 0.002570  0.091682  -0.018810  0.997833  -0.025557  -0.060624  0.062118  0.062413  0.996115  -0.021674  -0.997723  0.063865  0.001721  -0.002968  0.001382  -0.115501  0.085662  0.271768  2.000000  
189.112290 0.002572  0.091678  -0.018808  0.997855  -0.025159  -0.060439  0.061914  0.062684  0.996111  -0.021272  -0.997716  0.064108  0.001755  -0.003060  0.001369  -0.123779  0.079401  0.281082  2.000000  
189.113290 0.002574  0.091674  -0.018806  0.997860  -0.024907  -0.060450  0.061914  0.062943  0.996095  -0.021005  -0.997706  0.064350  0.001820  -0.003128  0.001419  -0.127843  0.080016  0.289998  2.000000  
189.114292 0.002577  0.091671  -0.018804  0.997869  -0.024522  -0.060470  0.061914  0.063209  0.996078  -0.020604  -0.997699  0.064593  0.001857  -0.003147  0.001491  -0.136099  0.073750  0.299273  2.000000  
189.115293 0.002578  0.091667  -0.018802  0.997872  -0.024396  -0.060475  0.061915  0.063338  0.996070  -0.020470  -0.997694  0.064714  0.001872  -0.003212  0.001551  -0.136272  0.066655  0.295224  2.000000  
189.116296 0.002581  0.091664  -0.018799  0.997874  -0.024277  -0.060478  0.061915  0.063588  0.996054  -0.020336  -0.997681  0.064956  0.001891  -0.003286  0.001660  -0.145896  0.059840  0.289433  2.000000  
189.117551 0.002583  0.091660  -0.018796  0.997890  -0.024146  -0.060276  0.061709  0.063843  0.996050  -0.020202  -0.997668  0.065198  0.001910  -0.003338  0.001809  -0.148949  0.045368  0.283184  2.000000  
189.118798 0.002585  0.091655  -0.018792  0.997905  -0.024021  -0.060071  0.061504  0.064219  0.996039  -0.020068  -0.997647  0.065561  0.001898  -0.003407  0.002036  -0.158651  0.031146  0.272876  2.000000  
189.120045 0.002587  0.091650  -0.018787  0.997908  -0.023903  -0.060074  0.061504  0.064468  0.996023  -0.019935  -0.997633  0.065804  0.001864  -0.003445  0.002242  -0.167004  0.023996  0.268875  2.000000  
189.121294 0.002588  0.091645  -0.018783  0.997913  -0.023658  -0.060083  0.061505  0.064847  0.995998  -0.019667  -0.997615  0.066167  0.001796  -0.003498  0.002367  -0.175162  0.023775  0.264381  2.000000  
189.122557 0.002589  0.091640  -0.018780  0.997928  -0.023526  -0.059881  0.061299  0.065102  0.995994  -0.019533  -0.997601  0.066409  0.001694  -0.003580  0.002409  -0.179470  0.009436  0.256149  2.000000  
189.123794 0.002590  0.091635  -0.018778  0.997931  -0.023407  -0.059884  0.061300  0.065352  0.995978  -0.019400  -0.997588  0.066651  0.001632  -0.003656  0.002420  -0.182276  0.002277  0.250142  2.000000  
189.125041 0.002591  0.091630  -0.018776  0.997933  -0.023296  -0.059884  0.061300  0.065722  0.995953  -0.019266  -0.997566  0.067015  0.001551  -0.003689  0.002397  -0.190542  -0.005083  0.241712  2.000000  
189.126041 0.002592  0.091625  -0.018776  0.997949  -0.023164  -0.059683  0.061094  0.065977  0.995949  -0.019132  -0.997552  0.067257  0.001450  -0.003794  0.002250  -0.196321  -0.012562  0.235151  2.000000  
189.127041 0.002592  0.091621  -0.018776  0.997949  -0.023171  -0.059680  0.061094  0.066098  0.995941  -0.019132  -0.997544  0.067378  0.001350  -0.003846  0.002188  -0.192428  -0.020298  0.222176  2.000000  
189.128042 0.002593  0.091617  -0.018775  0.997961  -0.023172  -0.059469  0.060889  0.066344  0.995937  -0.019132  -0.997528  0.067620  0.001272  -0.003851  0.002136  -0.195022  -0.027514  0.211876  2.000000  
189.129289 0.002594  0.091612  -0.018773  0.997964  -0.023053  -0.059473  0.060889  0.066594  0.995921  -0.018998  -0.997514  0.067862  0.001183  -0.003906  0.002037  -0.199258  -0.034911  0.203477  2.000000  
189.130290 0.002595  0.091609  -0.018773  0.997976  -0.023053  -0.059262  0.060684  0.066840  0.995917  -0.018998  -0.997497  0.068104  0.001107  -0.003890  0.001941  -0.203405  -0.042296  0.194986  2.000000  
189.131290 0.002596  0.091605  -0.018771  0.997976  -0.023068  -0.059256  0.060684  0.067082  0.995900  -0.018998  -0.997481  0.068346  0.001048  -0.003920  0.001860  -0.207430  -0.043132  0.181631  2.000000  
189.132296 0.002597  0.091602  -0.018770  0.997979  -0.022949  -0.059260  0.060684  0.067331  0.995884  -0.018864  -0.997467  0.068588  0.000931  -0.003925  0.001751  -0.209163  -0.044041  0.174196  2.000000  
189.133297 0.002598  0.091598  -0.018769  0.997991  -0.022949  -0.059049  0.060478  0.067578  0.995879  -0.018864  -0.997450  0.068830  0.000873  -0.003933  0.001622  -0.211565  -0.051067  0.164271  2.000000  
189.134550 0.002598  0.091593  -0.018768  0.997991  -0.022964  -0.059044  0.060478  0.067819  0.995863  -0.018864  -0.997433  0.069072  0.000787  -0.003922  0.001383  -0.211561  -0.051912  0.150938  2.000000  
189.135558 0.002599  0.091590  -0.018767  0.998006  -0.022831  -0.058842  0.060273  0.068074  0.995858  -0.018731  -0.997419  0.069314  0.000780  -0.003907  0.001197  -0.215728  -0.059024  0.146946  2.000000  
189.136794 0.002599  0.091585  -0.018766  0.998006  -0.022852  -0.058834  0.060273  0.068436  0.995833  -0.018731  -0.997394  0.069677  0.000721  -0.003856  0.001015  -0.217524  -0.060362  0.134738  2.000000  
189.137795 0.002600  0.091582  -0.018766  0.998019  -0.022852  -0.058624  0.060068  0.068682  0.995829  -0.018731  -0.997377  0.069919  0.000703  -0.003764  0.000863  -0.221707  -0.067832  0.126220  2.000000  
189.138796 0.002601  0.091579  -0.018765  0.998021  -0.022733  -0.058627  0.060068  0.068932  0.995811  -0.018597  -0.997362  0.070161  0.000719  -0.003670  0.000820  -0.225639  -0.060909  0.125774  2.000000  
189.140044 0.002602  0.091576  -0.018764  0.998021  -0.022755  -0.058619  0.060068  0.069294  0.995786  -0.018597  -0.997337  0.070524  0.000746  -0.003527  0.000825  -0.229691  -0.061774  0.112326  2.000000  
189.141044 0.002604  0.091574  -0.018763  0.998033  -0.022755  -0.058409  0.059862  0.069541  0.995781  -0.018597  -0.997320  0.070766  0.000802  -0.003379  0.000895  -0.229853  -0.069265  0.103849  2.000000  
189.142292 0.002605  0.091572  -0.018762  0.998036  -0.022643  -0.058410  0.059862  0.069911  0.995755  -0.018463  -0.997296  0.071129  0.000833  -0.003228  0.000901  -0.233793  -0.062945  0.094435  2.000000  
189.143292 0.002606  0.091570  -0.018761  0.998036  -0.022657  -0.058404  0.059862  0.070153  0.995738  -0.018463  -0.997279  0.071371  0.000887  -0.003066  0.000923  -0.237917  -0.063554  0.085491  2.000000  
189.144540 0.002608  0.091569  -0.018760  0.998048  -0.022664  -0.058191  0.059657  0.070520  0.995725  -0.018463  -0.997253  0.071734  0.000910  -0.002876  0.000876  -0.240052  -0.070439  0.076347  2.000000  
189.145555 0.002609  0.091567  -0.018760  0.998060  -0.022663  -0.057981  0.059452  0.070766  0.995720  -0.018463  -0.997235  0.071976  0.000908  -0.002738  0.000818  -0.242060  -0.078488  0.068467  2.000000  
189.146792 0.002611  0.091565  -0.018760  0.998063  -0.022544  -0.057985  0.059452  0.071015  0.995702  -0.018329  -0.997220  0.072218  0.000947  -0.002552  0.000691  -0.240051  -0.071020  0.067487  2.000000  
189.148047 0.002612  0.091563  -0.018761  0.998075  -0.022550  -0.057772  0.059246  0.071382  0.995688  -0.018329  -0.997194  0.072581  0.000948  -0.002398  0.000593  -0.242138  -0.078788  0.064055  2.000000  
189.149300 0.002613  0.091562  -0.018761  0.998078  -0.022431  -0.057776  0.059246  0.071632  0.995670  -0.018196  -0.997179  0.072823  0.001011  -0.002158  0.000473  -0.241944  -0.071856  0.063581  2.000000  
189.150552 0.002614  0.091560  -0.018761  0.998090  -0.022438  -0.057563  0.059041  0.071999  0.995656  -0.018196  -0.997152  0.073186  0.001002  -0.001987  0.000370  -0.242079  -0.079049  0.059606  2.000000  
189.151798 0.002615  0.091559  -0.018760  0.998090  -0.022451  -0.057557  0.059041  0.072240  0.995638  -0.018196  -0.997135  0.073428  0.001064  -0.001708  0.000378  -0.242086  -0.079669  0.050658  2.000000  
189.153047 0.002616  0.091558  -0.018760  0.998104  -0.022324  -0.057354  0.058836  0.072615  0.995623  -0.018062  -0.997110  0.073791  0.001072  -0.001539  0.000413  -0.246162  -0.079657  0.050684  2.000000  
189.154296 0.002617  0.091557  -0.018758  0.998116  -0.022323  -0.057144  0.058630  0.072861  0.995617  -0.018062  -0.997092  0.074033  0.001041  -0.001372  0.000421  -0.242325  -0.086901  0.046733  2.000000  
189.155570 0.002618  0.091557  -0.018757  0.998119  -0.022204  -0.057148  0.058630  0.073110  0.995599  -0.017928  -0.997077  0.074275  0.001039  -0.001177  0.000448  -0.241863  -0.079560  0.050684  2.000000  
189.156795 0.002619  0.091557  -0.018756  0.998131  -0.022210  -0.056935  0.058425  0.073477  0.995584  -0.017928  -0.997050  0.074637  0.000947  -0.001062  0.000420  -0.246271  -0.086834  0.046757  2.000000  
189.158042 0.002620  0.091556  -0.018755  0.998133  -0.022090  -0.056940  0.058425  0.073727  0.995566  -0.017794  -0.997034  0.074880  0.000895  -0.000922  0.000372  -0.242071  -0.079601  0.050778  2.000000  
189.159292 0.002620  0.091556  -0.018755  0.998148  -0.021956  -0.056739  0.058219  0.073980  0.995559  -0.017661  -0.997018  0.075122  0.000779  -0.000855  0.000333  -0.242225  -0.086504  0.051301  2.000000  
189.160294 0.002620  0.091556  -0.018755  0.998148  -0.021969  -0.056734  0.058219  0.074222  0.995541  -0.017661  -0.997000  0.075363  0.000726  -0.000737  0.000331  -0.242200  -0.079623  0.050846  2.000000  
189.161540 0.002619  0.091555  -0.018755  0.998160  -0.021968  -0.056524  0.058014  0.074468  0.995534  -0.017661  -0.996981  0.075605  0.000599  -0.000679  0.000332  -0.244269  -0.086091  0.046465  2.000000  
189.162554 0.002619  0.091554  -0.018756  0.998160  -0.021982  -0.056518  0.058014  0.074709  0.995516  -0.017661  -0.996963  0.075847  0.000493  -0.000634  0.000302  -0.242107  -0.086752  0.046856  2.000000  
189.163794 0.002618  0.091554  -0.018756  0.998174  -0.021847  -0.056318  0.057809  0.074963  0.995509  -0.017527  -0.996947  0.076089  0.000368  -0.000499  0.000383  -0.240203  -0.085737  0.050958  2.000000  
189.165044 0.002617  0.091554  -0.018755  0.998186  -0.021845  -0.056108  0.057603  0.075209  0.995503  -0.017527  -0.996928  0.076331  0.000246  -0.000445  0.000384  -0.240299  -0.092885  0.047025  2.000000  
189.166045 0.002617  0.091553  -0.018755  0.998186  -0.021852  -0.056105  0.057603  0.075330  0.995493  -0.017527  -0.996919  0.076452  0.000124  -0.000383  0.000389  -0.234024  -0.086747  0.046935  2.000000  
189.167294 0.002616  0.091553  -0.018755  0.998200  -0.021717  -0.055905  0.057398  0.075584  0.995486  -0.017393  -0.996903  0.076694  0.000017  -0.000333  0.000352  -0.232209  -0.092536  0.051519  2.000000  
189.168297 0.002615  0.091553  -0.018755  0.998200  -0.021723  -0.055903  0.057398  0.075704  0.995477  -0.017393  -0.996894  0.076815  -0.000100  -0.000323  0.000233  -0.230023  -0.086428  0.051475  2.000000  
189.169546 0.002614  0.091553  -0.018756  0.998200  -0.021737  -0.055897  0.057398  0.075946  0.995459  -0.017393  -0.996875  0.077057  -0.000205  -0.000326  0.000114  -0.223988  -0.085995  0.046609  2.000000  
189.170559 0.002614  0.091552  -0.018756  0.998212  -0.021728  -0.055690  0.057192  0.076071  0.995461  -0.017393  -0.996866  0.077178  -0.000322  -0.000332  0.000036  -0.217632  -0.086673  0.047004  2.000000  
189.171796 0.002613  0.091552  -0.018757  0.998212  -0.021741  -0.055685  0.057192  0.076313  0.995442  -0.017393  -0.996847  0.077419  -0.000394  -0.000323  -0.000100  -0.213602  -0.087014  0.042557  2.000000  
189.173044 0.002613  0.091551  -0.018758  0.998223  -0.021732  -0.055477  0.056987  0.076438  0.995445  -0.017393  -0.996837  0.077540  -0.000473  -0.000327  -0.000153  -0.209661  -0.093911  0.043090  2.000000  
189.174294 0.002612  0.091551  -0.018757  0.998226  -0.021613  -0.055482  0.056987  0.076687  0.995425  -0.017259  -0.996821  0.077782  -0.000523  -0.000327  -0.000142  -0.205441  -0.086657  0.047083  2.000000  
189.175555 0.002612  0.091551  -0.018758  0.998237  -0.021604  -0.055275  0.056781  0.076812  0.995427  -0.017259  -0.996812  0.077903  -0.000523  -0.000326  -0.000142  -0.199713  -0.085938  0.046712  2.000000  
189.176791 0.002611  0.091550  -0.018757  0.998237  -0.021610  -0.055272  0.056781  0.076933  0.995418  -0.017259  -0.996802  0.078024  -0.000525  -0.000319  -0.000102  -0.195674  -0.086269  0.042283  2.000000  
189.177792 0.002611  0.091550  -0.018756  0.998249  -0.021601  -0.055064  0.056576  0.077058  0.995420  -0.017259  -0.996793  0.078145  -0.000496  -0.000315  -0.000039  -0.189183  -0.086993  0.042664  2.000000  
189.179040 0.002611  0.091549  -0.018757  0.998247  -0.021748  -0.055049  0.056576  0.077292  0.995402  -0.017393  -0.996771  0.078387  -0.000486  -0.000317  -0.000076  -0.187577  -0.086919  0.033428  2.000000  
189.180040 0.002610  0.091549  -0.018757  0.998247  -0.021754  -0.055046  0.056576  0.077413  0.995393  -0.017393  -0.996762  0.078508  -0.000476  -0.000319  -0.000113  -0.183574  -0.086931  0.033451  2.000000  
189.181044 0.002610  0.091549  -0.018758  0.998258  -0.021739  -0.054841  0.056370  0.077417  0.995404  -0.017393  -0.996762  0.078508  -0.000425  -0.000298  -0.000170  -0.175448  -0.086908  0.033455  2.000000  
189.182294 0.002610  0.091549  -0.018759  0.998258  -0.021745  -0.054839  0.056370  0.077538  0.995395  -0.017393  -0.996752  0.078629  -0.000392  -0.000333  -0.000278  -0.171398  -0.087241  0.029023  2.000000  
189.183297 0.002610  0.091549  -0.018759  0.998270  -0.021736  -0.054631  0.056165  0.077663  0.995396  -0.017393  -0.996743  0.078749  -0.000311  -0.000307  -0.000271  -0.168806  -0.087993  0.029291  2.000000  
189.184549 0.002611  0.091549  -0.018761  0.998270  -0.021742  -0.054628  0.056165  0.077784  0.995387  -0.017393  -0.996733  0.078870  -0.000267  -0.000262  -0.000336  0.000000  0.000000  0.000000  2.000000  
189.185560 0.002611  0.091549  -0.018760  0.998282  -0.021733  -0.054421  0.055959  0.077909  0.995389  -0.017393  -0.996724  0.078991  -0.000185  -0.000184  -0.000242  0.000000  0.000000  0.000000  2.000000  
189.186796 0.002611  0.091550  -0.018760  0.998282  -0.021740  -0.054418  0.055959  0.078030  0.995379  -0.017393  -0.996714  0.079112  -0.000113  -0.000154  -0.000194  0.000000  0.000000  0.000000  2.000000  
189.187798 0.002612  0.091550  -0.018760  0.998293  -0.021724  -0.054213  0.055754  0.078034  0.995390  -0.017393  -0.996714  0.079112  -0.000053  -0.000106  -0.000161  0.000000  0.000000  0.000000  2.000000  
189.189044 0.002612  0.091550  -0.018760  0.998293  -0.021730  -0.054211  0.055754  0.078155  0.995381  -0.017393  -0.996704  0.079233  -0.000011  -0.000082  -0.000180  0.000000  0.000000  0.000000  2.000000  
189.190294 0.002612  0.091550  -0.018760  0.998305  -0.021714  -0.054006  0.055548  0.078159  0.995392  -0.017393  -0.996704  0.079233  0.000051  -0.000031  -0.000143  0.000000  0.000000  0.000000  2.000000  
189.191550 0.002613  0.091551  -0.018759  0.998305  -0.021721  -0.054003  0.055548  0.078280  0.995383  -0.017393  -0.996695  0.079354  0.000114  0.000041  -0.000152  0.000000  0.000000  0.000000  2.000000  
189.192800 0.002613  0.091551  -0.018759  0.998316  -0.021711  -0.053795  0.055343  0.078405  0.995384  -0.017393  -0.996685  0.079475  0.000147  0.000088  -0.000179  0.000000  0.000000  0.000000  2.000000  
189.194045 0.002614  0.091551  -0.018759  0.998327  -0.021695  -0.053591  0.055137  0.078410  0.995395  -0.017393  -0.996685  0.079475  0.000209  0.000138  -0.000142  0.000000  0.000000  0.000000  2.000000  
189.195290 0.002614  0.091552  -0.018759  0.998327  -0.021695  -0.053591  0.055137  0.078410  0.995395  -0.017393  -0.996685  0.079475  0.000256  0.000188  -0.000067  0.000000  0.000000  0.000000  2.000000  
189.196292 0.002614  0.091553  -0.018758  0.998339  -0.021679  -0.053386  0.054932  0.078414  0.995406  -0.017393  -0.996685  0.079475  0.000272  0.000242  -0.000019  0.000000  0.000000  0.000000  2.000000  
189.197295 0.002615  0.091553  -0.018758  0.998339  -0.021685  -0.053383  0.054932  0.078535  0.995397  -0.017393  -0.996675  0.079596  0.000323  0.000295  0.000055  0.000000  0.000000  0.000000  2.000000  
189.198552 0.002616  0.091554  -0.018757  0.998350  -0.021669  -0.053178  0.054726  0.078540  0.995408  -0.017393  -0.996675  0.079596  0.000362  0.000328  0.000214  0.000000  0.000000  0.000000  2.000000  
189.199798 0.002616  0.091554  -0.018756  0.998350  -0.021669  -0.053178  0.054726  0.078540  0.995408  -0.017393  -0.996675  0.079596  0.000366  0.000352  0.000303  0.000000  0.000000  0.000000  2.000000  
189.201045 0.002617  0.091555  -0.018756  0.998361  -0.021653  -0.052973  0.054521  0.078544  0.995419  -0.017393  -0.996675  0.079596  0.000403  0.000383  0.000326  0.000000  0.000000  0.000000  2.000000  
189.202294 0.002617  0.091555  -0.018755  0.998372  -0.021630  -0.052771  0.054315  0.078428  0.995439  -0.017393  -0.996685  0.079475  0.000404  0.000384  0.000326  0.000000  0.000000  0.000000  2.000000  
189.203294 0.002618  0.091555  -0.018755  0.998372  -0.021630  -0.052771  0.054315  0.078428  0.995439  -0.017393  -0.996685  0.079475  0.000405  0.000354  0.000329  0.000000  0.000000  0.000000  2.000000  
189.204549 0.002618  0.091556  -0.018755  0.998384  -0.021614  -0.052566  0.054109  0.078432  0.995450  -0.017393  -0.996685  0.079475  0.000412  0.000360  0.000334  0.000000  0.000000  0.000000  2.000000  
189.205559 0.002619  0.091556  -0.018754  0.998384  -0.021614  -0.052566  0.054109  0.078432  0.995450  -0.017393  -0.996685  0.079475  0.000451  0.000362  0.000360  0.000000  0.000000  0.000000  2.000000  
189.206795 0.002619  0.091556  -0.018754  0.998395  -0.021592  -0.052364  0.053904  0.078316  0.995470  -0.017393  -0.996695  0.079354  0.000452  0.000362  0.000361  0.000000  0.000000  0.000000  2.000000  
189.208043 0.002620  0.091556  -0.018753  0.998395  -0.021592  -0.052364  0.053904  0.078316  0.995470  -0.017393  -0.996695  0.079354  0.000450  0.000341  0.000406  0.000000  0.000000  0.000000  2.000000  
189.209290 0.002621  0.091557  -0.018752  0.998408  -0.021442  -0.052169  0.053698  0.078327  0.995480  -0.017259  -0.996697  0.079354  0.000471  0.000339  0.000463  0.000000  0.000000  0.000000  2.000000  
189.210291 0.002621  0.091557  -0.018750  0.998408  -0.021436  -0.052172  0.053698  0.078207  0.995490  -0.017259  -0.996707  0.079233  0.000467  0.000326  0.000555  0.000000  0.000000  0.000000  2.000000  
189.211295 0.002622  0.091557  -0.018749  0.998417  -0.021553  -0.051956  0.053493  0.078204  0.995501  -0.017393  -0.996704  0.079233  0.000496  0.000330  0.000618  0.000000  0.000000  0.000000  2.000000  
189.212319 0.002622  0.091557  -0.018748  0.998417  -0.021547  -0.051959  0.053493  0.078083  0.995511  -0.017393  -0.996714  0.079112  0.000462  0.000283  0.000645  0.000000  0.000000  0.000000  2.000000  
189.213543 0.002623  0.091558  -0.018748  0.998428  -0.021531  -0.051754  0.053287  0.078088  0.995521  -0.017393  -0.996714  0.079112  0.000505  0.000278  0.000624  0.000000  0.000000  0.000000  2.000000  
189.214549 0.002624  0.091558  -0.018747  0.998428  -0.021524  -0.051757  0.053287  0.077967  0.995531  -0.017393  -0.996724  0.078991  0.000494  0.000280  0.000661  0.000000  0.000000  0.000000  2.000000  
189.215557 0.002624  0.091559  -0.018747  0.998428  -0.021524  -0.051757  0.053287  0.077967  0.995531  -0.017393  -0.996724  0.078991  0.000482  0.000257  0.000615  0.000000  0.000000  0.000000  2.000000  
189.216797 0.002625  0.091559  -0.018746  0.998439  -0.021502  -0.051554  0.053082  0.077851  0.995551  -0.017393  -0.996733  0.078870  0.000491  0.000234  0.000624  0.000000  0.000000  0.000000  2.000000  
189.218043 0.002625  0.091559  -0.018746  0.998439  -0.021496  -0.051557  0.053082  0.077730  0.995560  -0.017393  -0.996743  0.078749  0.000491  0.000207  0.000622  0.000000  0.000000  0.000000  2.000000  
189.219294 0.002625  0.091559  -0.018745  0.998450  -0.021474  -0.051355  0.052876  0.077613  0.995580  -0.017393  -0.996752  0.078629  0.000481  0.000236  0.000662  0.000000  0.000000  0.000000  2.000000  
189.220548 0.002626  0.091559  -0.018744  0.998450  -0.021474  -0.051355  0.052876  0.077613  0.995580  -0.017393  -0.996752  0.078629  0.000462  0.000234  0.000688  0.000000  0.000000  0.000000  2.000000  
189.221794 0.002627  0.091560  -0.018743  0.998450  -0.021467  -0.051357  0.052876  0.077493  0.995590  -0.017393  -0.996762  0.078508  0.000482  0.000261  0.000743  0.000000  0.000000  0.000000  2.000000  
189.223045 0.002628  0.091560  -0.018742  0.998460  -0.021445  -0.051155  0.052671  0.077376  0.995610  -0.017393  -0.996771  0.078387  0.000510  0.000268  0.000730  0.000000  0.000000  0.000000  2.000000  
189.224052 0.002628  0.091561  -0.018741  0.998460  -0.021439  -0.051157  0.052671  0.077256  0.995619  -0.017393  -0.996781  0.078266  0.000523  0.000312  0.000728  0.000000  0.000000  0.000000  2.000000  
189.225292 0.002629  0.091562  -0.018740  0.998460  -0.021433  -0.051160  0.052671  0.077135  0.995628  -0.017393  -0.996790  0.078145  0.000534  0.000311  0.000691  0.000000  0.000000  0.000000  2.000000  
189.226294 0.002630  0.091562  -0.018739  0.998471  -0.021411  -0.050958  0.052465  0.077018  0.995648  -0.017393  -0.996800  0.078024  0.000565  0.000328  0.000660  0.000000  0.000000  0.000000  2.000000  
189.227548 0.002631  0.091563  -0.018739  0.998471  -0.021405  -0.050960  0.052465  0.076898  0.995658  -0.017393  -0.996809  0.077903  0.000577  0.000355  0.000625  0.000000  0.000000  0.000000  2.000000  
189.228793 0.002632  0.091564  -0.018738  0.998471  -0.021398  -0.050963  0.052465  0.076777  0.995667  -0.017393  -0.996819  0.077782  0.000589  0.000397  0.000626  0.000000  0.000000  0.000000  2.000000  
189.230045 0.002633  0.091565  -0.018736  0.998482  -0.021376  -0.050760  0.052260  0.076661  0.995687  -0.017393  -0.996828  0.077661  0.000619  0.000431  0.000692  0.000000  0.000000  0.000000  2.000000  
189.231047 0.002635  0.091566  -0.018736  0.998482  -0.021376  -0.050760  0.052260  0.076661  0.995687  -0.017393  -0.996828  0.077661  0.000704  0.000531  0.000740  0.000000  0.000000  0.000000  2.000000  
189.232292 0.002636  0.091567  -0.018734  0.998482  -0.021370  -0.050763  0.052260  0.076540  0.995696  -0.017393  -0.996837  0.077540  0.000732  0.000577  0.000838  0.000000  0.000000  0.000000  2.000000  
189.233298 0.002636  0.091568  -0.018732  0.998493  -0.021348  -0.050561  0.052054  0.076423  0.995716  -0.017393  -0.996847  0.077419  0.000754  0.000624  0.000849  0.000000  0.000000  0.000000  2.000000  
189.234559 0.002637  0.091570  -0.018731  0.998493  -0.021342  -0.050563  0.052054  0.076303  0.995725  -0.017393  -0.996856  0.077299  0.000800  0.000734  0.000921  0.000000  0.000000  0.000000  2.000000  
189.235560 0.002639  0.091571  -0.018730  0.998493  -0.021336  -0.050566  0.052054  0.076182  0.995734  -0.017393  -0.996866  0.077178  0.000842  0.000757  0.000902  0.000000  0.000000  0.000000  2.000000  
189.236572 0.002640  0.091572  -0.018729  0.998493  -0.021330  -0.050568  0.052054  0.076061  0.995743  -0.017393  -0.996875  0.077057  0.000894  0.000831  0.000930  0.000000  0.000000  0.000000  2.000000  
189.237795 0.002641  0.091574  -0.018728  0.998503  -0.021308  -0.050366  0.051848  0.075945  0.995763  -0.017393  -0.996884  0.076936  0.000919  0.000902  0.000896  0.000000  0.000000  0.000000  2.000000  
189.239047 0.002643  0.091576  -0.018728  0.998503  -0.021302  -0.050369  0.051848  0.075824  0.995772  -0.017393  -0.996894  0.076815  0.000948  0.000984  0.000902  0.000000  0.000000  0.000000  2.000000  
189.240297 0.002644  0.091578  -0.018727  0.998503  -0.021296  -0.050371  0.051848  0.075703  0.995781  -0.017393  -0.996903  0.076694  0.001020  0.001096  0.000901  0.000000  0.000000  0.000000  2.000000  
189.241547 0.002646  0.091580  -0.018726  0.998503  -0.021290  -0.050374  0.051848  0.075582  0.995791  -0.017393  -0.996912  0.076573  0.001055  0.001151  0.000914  0.000000  0.000000  0.000000  2.000000  
189.242794 0.002648  0.091581  -0.018725  0.998514  -0.021268  -0.050171  0.051643  0.075466  0.995810  -0.017393  -0.996922  0.076452  0.001103  0.001195  0.000947  0.000000  0.000000  0.000000  2.000000  
189.243796 0.002650  0.091583  -0.018724  0.998514  -0.021262  -0.050174  0.051643  0.075345  0.995819  -0.017393  -0.996931  0.076331  0.001166  0.001267  0.000939  0.000000  0.000000  0.000000  2.000000  
189.245040 0.002651  0.091584  -0.018722  0.998514  -0.021256  -0.050176  0.051643  0.075224  0.995828  -0.017393  -0.996940  0.076210  0.001209  0.001297  0.000960  0.000000  0.000000  0.000000  2.000000  
189.246043 0.002653  0.091586  -0.018721  0.998514  -0.021250  -0.050179  0.051643  0.075104  0.995838  -0.017393  -0.996949  0.076089  0.001239  0.001322  0.000978  0.000000  0.000000  0.000000  2.000000  
189.247045 0.002655  0.091587  -0.018719  0.998514  -0.021244  -0.050182  0.051643  0.074983  0.995847  -0.017393  -0.996959  0.075968  0.001301  0.001367  0.000975  0.000000  0.000000  0.000000  2.000000  
189.248298 0.002657  0.091589  -0.018718  0.998525  -0.021222  -0.049979  0.051437  0.074866  0.995866  -0.017393  -0.996968  0.075848  0.001343  0.001392  0.000956  0.000000  0.000000  0.000000  2.000000  
189.249301 0.002658  0.091591  -0.018718  0.998525  -0.021216  -0.049982  0.051437  0.074746  0.995875  -0.017393  -0.996977  0.075727  0.001426  0.001439  0.000918  0.000000  0.000000  0.000000  2.000000  
189.250560 0.002660  0.091592  -0.018717  0.998525  -0.021210  -0.049984  0.051437  0.074625  0.995884  -0.017393  -0.996986  0.075606  0.001432  0.001439  0.000920  0.000000  0.000000  0.000000  2.000000  
189.251795 0.002663  0.091594  -0.018716  0.998525  -0.021204  -0.049987  0.051437  0.074504  0.995893  -0.017393  -0.996995  0.075485  0.001522  0.001462  0.000890  0.000000  0.000000  0.000000  2.000000  
189.253044 0.002665  0.091596  -0.018715  0.998525  -0.021192  -0.049992  0.051437  0.074262  0.995911  -0.017393  -0.997014  0.075243  0.001557  0.001464  0.000913  0.000000  0.000000  0.000000  2.000000  
189.254045 0.002666  0.091598  -0.018714  0.998525  -0.021186  -0.049995  0.051437  0.074142  0.995920  -0.017393  -0.997023  0.075122  0.001569  0.001442  0.000924  0.000000  0.000000  0.000000  2.000000  
189.255293 0.002669  0.091599  -0.018712  0.998525  -0.021180  -0.049997  0.051437  0.074021  0.995929  -0.017393  -0.997032  0.075001  0.001609  0.001444  0.000950  0.000000  0.000000  0.000000  2.000000  
189.256296 0.002670  0.091601  -0.018711  0.998535  -0.021159  -0.049795  0.051232  0.073904  0.995949  -0.017393  -0.997041  0.074880  0.001644  0.001445  0.000974  0.000000  0.000000  0.000000  2.000000  
189.257297 0.002672  0.091603  -0.018710  0.998535  -0.021153  -0.049797  0.051232  0.073783  0.995957  -0.017393  -0.997050  0.074759  0.001666  0.001493  0.000985  0.000000  0.000000  0.000000  2.000000  
189.258557 0.002674  0.091604  -0.018709  0.998535  -0.021147  -0.049800  0.051232  0.073663  0.995966  -0.017393  -0.997059  0.074638  0.001643  0.001444  0.000974  0.000000  0.000000  0.000000  2.000000  
189.259794 0.002676  0.091606  -0.018708  0.998535  -0.021141  -0.049802  0.051232  0.073542  0.995975  -0.017393  -0.997068  0.074517  0.001654  0.001443  0.000936  0.000000  0.000000  0.000000  2.000000  
189.261040 0.002678  0.091607  -0.018707  0.998535  -0.021135  -0.049805  0.051232  0.073421  0.995984  -0.017393  -0.997077  0.074396  0.001627  0.001419  0.000921  0.000000  0.000000  0.000000  2.000000  
189.262040 0.002679  0.091608  -0.018707  0.998535  -0.021129  -0.049808  0.051232  0.073300  0.995993  -0.017393  -0.997086  0.074275  0.001618  0.001390  0.000829  0.000000  0.000000  0.000000  2.000000  
189.263042 0.002680  0.091609  -0.018706  0.998535  -0.021122  -0.049810  0.051232  0.073179  0.996002  -0.017393  -0.997095  0.074154  0.001614  0.001389  0.000824  0.000000  0.000000  0.000000  2.000000  
189.264043 0.002682  0.091611  -0.018705  0.998535  -0.021116  -0.049813  0.051232  0.073059  0.996011  -0.017393  -0.997104  0.074033  0.001582  0.001342  0.000852  0.000000  0.000000  0.000000  2.000000  
189.265043 0.002683  0.091612  -0.018704  0.998535  -0.021116  -0.049813  0.051232  0.073059  0.996011  -0.017393  -0.997104  0.074033  0.001545  0.001322  0.000875  0.000000  0.000000  0.000000  2.000000  
189.266044 0.002684  0.091613  -0.018703  0.998535  -0.021110  -0.049815  0.051232  0.072938  0.996020  -0.017393  -0.997113  0.073913  0.001539  0.001318  0.000871  0.000000  0.000000  0.000000  2.000000  
189.267047 0.002686  0.091614  -0.018701  0.998535  -0.021104  -0.049818  0.051232  0.072817  0.996029  -0.017393  -0.997122  0.073792  0.001518  0.001322  0.000946  0.000000  0.000000  0.000000  2.000000  
189.268297 0.002688  0.091615  -0.018700  0.998535  -0.021098  -0.049820  0.051232  0.072696  0.996037  -0.017393  -0.997131  0.073671  0.001480  0.001229  0.000928  0.000000  0.000000  0.000000  2.000000  
189.269547 0.002689  0.091617  -0.018699  0.998535  -0.021092  -0.049823  0.051232  0.072575  0.996046  -0.017393  -0.997140  0.073550  0.001470  0.001232  0.000966  0.000000  0.000000  0.000000  2.000000  
189.270553 0.002691  0.091618  -0.018698  0.998535  -0.021086  -0.049825  0.051232  0.072455  0.996055  -0.017393  -0.997149  0.073429  0.001440  0.001206  0.000947  0.000000  0.000000  0.000000  2.000000  
189.271795 0.002692  0.091619  -0.018697  0.998535  -0.021080  -0.049828  0.051232  0.072334  0.996064  -0.017393  -0.997158  0.073308  0.001387  0.001133  0.000919  0.000000  0.000000  0.000000  2.000000  
189.272795 0.002693  0.091619  -0.018696  0.998535  -0.021074  -0.049831  0.051232  0.072213  0.996073  -0.017393  -0.997167  0.073187  0.001357  0.001078  0.000905  0.000000  0.000000  0.000000  2.000000  
189.274045 0.002694  0.091621  -0.018696  0.998535  -0.021068  -0.049833  0.051232  0.072092  0.996081  -0.017393  -0.997175  0.073066  0.001326  0.001052  0.000887  0.000000  0.000000  0.000000  2.000000  
189.275083 0.002696  0.091622  -0.018695  0.998535  -0.021062  -0.049836  0.051232  0.071971  0.996090  -0.017393  -0.997184  0.072945  0.001323  0.001050  0.000885  0.000000  0.000000  0.000000  2.000000  
189.276292 0.002697  0.091622  -0.018693  0.998535  -0.021056  -0.049838  0.051232  0.071850  0.996099  -0.017393  -0.997193  0.072824  0.001293  0.001006  0.000914  0.000000  0.000000  0.000000  2.000000  
189.277293 0.002698  0.091623  -0.018693  0.998535  -0.021056  -0.049838  0.051232  0.071850  0.996099  -0.017393  -0.997193  0.072824  0.001252  0.000982  0.000933  0.000000  0.000000  0.000000  2.000000  
189.278295 0.002699  0.091624  -0.018692  0.998535  -0.021050  -0.049841  0.051232  0.071730  0.996108  -0.017393  -0.997202  0.072703  0.001211  0.000959  0.000953  0.000000  0.000000  0.000000  2.000000  
189.279540 0.002700  0.091626  -0.018690  0.998535  -0.021044  -0.049843  0.051232  0.071609  0.996116  -0.017393  -0.997211  0.072582  0.001191  0.000943  0.000937  0.000000  0.000000  0.000000  2.000000  
189.280543 0.002701  0.091626  -0.018689  0.998535  -0.021038  -0.049846  0.051232  0.071488  0.996125  -0.017393  -0.997220  0.072461  0.001170  0.000896  0.000927  0.000000  0.000000  0.000000  2.000000  
189.281554 0.002703  0.091627  -0.018688  0.998535  -0.021038  -0.049846  0.051232  0.071488  0.996125  -0.017393  -0.997220  0.072461  0.001164  0.000901  0.000968  0.000000  0.000000  0.000000  2.000000  
189.282556 0.002704  0.091628  -0.018687  0.998535  -0.021032  -0.049848  0.051232  0.071367  0.996134  -0.017393  -0.997228  0.072340  0.001117  0.000882  0.000897  0.000000  0.000000  0.000000  2.000000  
189.283794 0.002705  0.091629  -0.018686  0.998535  -0.021026  -0.049851  0.051232  0.071246  0.996142  -0.017393  -0.997237  0.072219  0.001090  0.000871  0.000921  0.000000  0.000000  0.000000  2.000000  
189.284799 0.002706  0.091629  -0.018685  0.998535  -0.021020  -0.049854  0.051232  0.071125  0.996151  -0.017393  -0.997246  0.072098  0.001095  0.000834  0.000887  0.000000  0.000000  0.000000  2.000000  
189.285800 0.002707  0.091630  -0.018684  0.998535  -0.021020  -0.049854  0.051232  0.071125  0.996151  -0.017393  -0.997246  0.072098  0.001054  0.000810  0.000906  0.000000  0.000000  0.000000  2.000000  
189.287044 0.002708  0.091631  -0.018683  0.998535  -0.021014  -0.049856  0.051232  0.071005  0.996159  -0.017393  -0.997255  0.071977  0.001058  0.000825  0.000947  0.000000  0.000000  0.000000  2.000000  
189.288294 0.002709  0.091632  -0.018682  0.998535  -0.021008  -0.049859  0.051232  0.070884  0.996168  -0.017393  -0.997263  0.071856  0.001019  0.000823  0.000922  0.000000  0.000000  0.000000  2.000000  
189.289546 0.002710  0.091633  -0.018681  0.998535  -0.021008  -0.049859  0.051232  0.070884  0.996168  -0.017393  -0.997263  0.071856  0.001033  0.000814  0.000982  0.000000  0.000000  0.000000  2.000000  
189.290556 0.002711  0.091634  -0.018679  0.998535  -0.021002  -0.049861  0.051232  0.070763  0.996177  -0.017393  -0.997272  0.071735  0.000991  0.000790  0.001000  0.000000  0.000000  0.000000  2.000000  
