1-Time 2-Px 3-Py 4-Pz 5-R11 6-R21 7-R31 8-R12 9-R22 10-R32 11-R13 12-R23 13-R33 14-Vx 15-Vy 16-Vz 17-Wx 18-Wy 19-Wz 20-state 21-PR11 22-PR21 23-PR31 24-PR12 25-PR22 26-PR32 27-PR13 28-PR23 29-PR33 
129.196726 0.007487  0.091671  -0.028232  0.998601  0.003234  0.052787  -0.052884  0.068646  0.996238  -0.000401  -0.997636  0.068721  0.000099  0.000131  0.000152  0.000000  0.000000  0.000000  2.000000  
129.197730 0.007487  0.091671  -0.028232  0.998611  0.003354  0.052572  -0.052679  0.068640  0.996250  -0.000268  -0.997636  0.068721  0.000068  0.000107  0.000135  0.000000  0.000000  0.000000  2.000000  
129.198733 0.007488  0.091670  -0.028233  0.998611  0.003220  0.052582  -0.052679  0.068647  0.996249  -0.000401  -0.997636  0.068721  0.000108  0.000027  0.000115  0.000000  0.000000  0.000000  2.000000  
129.199983 0.007489  0.091668  -0.028232  0.998611  0.003087  0.052591  -0.052679  0.068654  0.996249  -0.000535  -0.997636  0.068721  0.000201  -0.000078  0.000129  0.000000  0.000000  0.000000  2.000000  
129.200988 0.007490  0.091667  -0.028232  0.998611  0.002954  0.052600  -0.052679  0.068661  0.996248  -0.000669  -0.997636  0.068721  0.000297  -0.000209  0.000193  0.000000  0.000000  0.000000  2.000000  
129.202235 0.007493  0.091666  -0.028230  0.998611  0.002827  0.052609  -0.052679  0.068789  0.996239  -0.000803  -0.997627  0.068842  0.000432  -0.000314  0.000233  0.000000  0.000000  0.000000  2.000000  
129.203238 0.007495  0.091664  -0.028230  0.998622  0.002813  0.052404  -0.052473  0.068789  0.996250  -0.000803  -0.997627  0.068842  0.000557  -0.000394  0.000267  0.000000  0.000000  0.000000  2.000000  
129.204487 0.007497  0.091663  -0.028229  0.998633  0.002665  0.052208  -0.052267  0.068797  0.996261  -0.000937  -0.997627  0.068842  0.000735  -0.000500  0.000334  0.000000  0.000000  0.000000  2.000000  
129.205498 0.007499  0.091661  -0.028229  0.998633  0.002671  0.052207  -0.052267  0.068918  0.996252  -0.000937  -0.997619  0.068963  0.000846  -0.000633  0.000313  0.000000  0.000000  0.000000  2.000000  
129.206737 0.007502  0.091660  -0.028228  0.998643  0.002657  0.052002  -0.052062  0.068918  0.996263  -0.000937  -0.997619  0.068963  0.001033  -0.000741  0.000339  0.000000  0.000000  0.000000  2.000000  
129.207738 0.007504  0.091658  -0.028228  0.998643  0.002530  0.052011  -0.052062  0.069046  0.996254  -0.001070  -0.997610  0.069084  0.001166  -0.000822  0.000330  0.000000  0.000000  0.000000  2.000000  
129.208760 0.007506  0.091657  -0.028228  0.998643  0.002397  0.052021  -0.052062  0.069053  0.996254  -0.001204  -0.997610  0.069084  0.001308  -0.000929  0.000328  0.000000  0.000000  0.000000  2.000000  
129.209982 0.007508  0.091654  -0.028228  0.998653  0.002122  0.051834  -0.051856  0.069188  0.996255  -0.001472  -0.997601  0.069205  0.001412  -0.001141  0.000303  0.000000  0.000000  0.000000  2.000000  
129.210984 0.007510  0.091651  -0.028228  0.998653  0.001862  0.051852  -0.051856  0.069323  0.996246  -0.001739  -0.997593  0.069326  0.001545  -0.001327  0.000297  0.000000  0.000000  0.000000  2.000000  
129.212232 0.007512  0.091648  -0.028227  0.998653  0.001735  0.051861  -0.051856  0.069451  0.996237  -0.001873  -0.997584  0.069447  0.001680  -0.001537  0.000341  0.000000  0.000000  0.000000  2.000000  
129.213485 0.007514  0.091645  -0.028227  0.998652  0.001481  0.051879  -0.051856  0.069706  0.996219  -0.002141  -0.997566  0.069689  0.001757  -0.001666  0.000405  0.000000  0.000000  0.000000  2.000000  
129.214494 0.007515  0.091642  -0.028226  0.998652  0.001354  0.051888  -0.051856  0.069834  0.996210  -0.002275  -0.997558  0.069810  0.001786  -0.001820  0.000464  0.000000  0.000000  0.000000  2.000000  
129.215496 0.007517  0.091639  -0.028225  0.998652  0.001233  0.051897  -0.051856  0.070083  0.996192  -0.002408  -0.997540  0.070052  0.001787  -0.001925  0.000467  0.000000  0.000000  0.000000  2.000000  
129.216733 0.007518  0.091635  -0.028225  0.998641  0.001127  0.052112  -0.052062  0.070331  0.996164  -0.002542  -0.997523  0.070294  0.001723  -0.002076  0.000348  0.000000  0.000000  0.000000  2.000000  
129.217742 0.007519  0.091632  -0.028225  0.998640  0.001007  0.052121  -0.052062  0.070580  0.996147  -0.002676  -0.997506  0.070536  0.001665  -0.002214  0.000303  0.000000  0.000000  0.000000  2.000000  
129.218743 0.007520  0.091629  -0.028226  0.998640  0.000886  0.052130  -0.052062  0.070828  0.996129  -0.002810  -0.997488  0.070778  0.001601  -0.002348  0.000218  0.000000  0.000000  0.000000  2.000000  
129.219985 0.007521  0.091626  -0.028226  0.998629  0.000780  0.052344  -0.052267  0.071077  0.996101  -0.002944  -0.997471  0.071020  0.001539  -0.002410  0.000149  0.000000  0.000000  0.000000  2.000000  
129.220985 0.007523  0.091623  -0.028226  0.998629  0.000793  0.052344  -0.052267  0.071318  0.996083  -0.002944  -0.997453  0.071262  0.001478  -0.002486  0.000160  0.000000  0.000000  0.000000  2.000000  
129.222238 0.007524  0.091620  -0.028226  0.998618  0.000687  0.052558  -0.052473  0.071567  0.996055  -0.003077  -0.997436  0.071504  0.001391  -0.002602  0.000188  0.000000  0.000000  0.000000  2.000000  
129.223487 0.007525  0.091618  -0.028225  0.998617  0.000573  0.052568  -0.052473  0.071936  0.996028  -0.003211  -0.997409  0.071867  0.001307  -0.002634  0.000196  0.000000  0.000000  0.000000  2.000000  
129.224488 0.007526  0.091615  -0.028224  0.998606  0.000461  0.052782  -0.052678  0.072064  0.996008  -0.003345  -0.997400  0.071988  0.001210  -0.002671  0.000314  0.000000  0.000000  0.000000  2.000000  
129.225497 0.007526  0.091612  -0.028224  0.998595  0.000488  0.052987  -0.052884  0.072305  0.995980  -0.003345  -0.997382  0.072230  0.001084  -0.002694  0.000283  0.000000  0.000000  0.000000  2.000000  
129.226736 0.007525  0.091608  -0.028223  0.998595  0.000368  0.052997  -0.052884  0.072554  0.995961  -0.003479  -0.997364  0.072472  0.000935  -0.002775  0.000293  0.000000  0.000000  0.000000  2.000000  
129.227738 0.007525  0.091605  -0.028223  0.998584  0.000402  0.053202  -0.053089  0.072916  0.995924  -0.003479  -0.997338  0.072835  0.000772  -0.002819  0.000233  0.000000  0.000000  0.000000  2.000000  
129.228983 0.007525  0.091601  -0.028223  0.998584  0.000548  0.053192  -0.053089  0.073151  0.995907  -0.003345  -0.997321  0.073076  0.000688  -0.002823  0.000233  0.000000  0.000000  0.000000  2.000000  
129.230231 0.007525  0.091597  -0.028222  0.998573  0.000583  0.053397  -0.053295  0.073513  0.995869  -0.003345  -0.997294  0.073439  0.000586  -0.002819  0.000211  0.000000  0.000000  0.000000  2.000000  
129.231238 0.007526  0.091595  -0.028221  0.998573  0.000602  0.053397  -0.053295  0.073876  0.995842  -0.003345  -0.997267  0.073802  0.000577  -0.002710  0.000250  -0.171276  -0.027116  -0.088236  2.000000  
129.232489 0.007527  0.091592  -0.028220  0.998562  0.000504  0.053611  -0.053501  0.074245  0.995804  -0.003479  -0.997240  0.074165  0.000553  -0.002687  0.000377  -0.178041  -0.040617  -0.086549  2.000000  
129.233512 0.007528  0.091591  -0.028219  0.998562  0.000523  0.053611  -0.053501  0.074607  0.995777  -0.003479  -0.997213  0.074528  0.000577  -0.002596  0.000484  -0.191573  -0.040609  -0.082694  2.000000  
129.234567 0.007530  0.091589  -0.028217  0.998551  0.000552  0.053816  -0.053706  0.074849  0.995748  -0.003479  -0.997195  0.074770  0.000621  -0.002531  0.000605  -0.195286  -0.054310  -0.081529  2.000000  
129.235741 0.007532  0.091587  -0.028215  0.998551  0.000571  0.053816  -0.053706  0.075211  0.995720  -0.003479  -0.997167  0.075133  0.000652  -0.002461  0.000765  -0.208020  -0.061361  -0.081225  2.000000  
129.236993 0.007535  0.091585  -0.028212  0.998540  0.000746  0.054010  -0.053912  0.075687  0.995673  -0.003345  -0.997131  0.075617  0.000690  -0.002405  0.000931  -0.220250  -0.067632  -0.071732  2.000000  
129.238235 0.007536  0.091582  -0.028210  0.998541  0.000899  0.054000  -0.053912  0.076042  0.995646  -0.003211  -0.997104  0.075980  0.000723  -0.002390  0.000991  -0.232574  -0.067020  -0.062776  2.000000  
129.239488 0.007538  0.091579  -0.028208  0.998541  0.000919  0.054000  -0.053912  0.076404  0.995618  -0.003211  -0.997076  0.076342  0.000809  -0.002404  0.001053  -0.240680  -0.073260  -0.053267  2.000000  
129.240735 0.007539  0.091576  -0.028207  0.998530  0.001094  0.054194  -0.054117  0.076880  0.995571  -0.003077  -0.997040  0.076826  0.000918  -0.002377  0.001169  -0.250877  -0.078876  -0.043416  2.000000  
129.241736 0.007540  0.091572  -0.028205  0.998530  0.001107  0.054194  -0.054117  0.077122  0.995552  -0.003077  -0.997021  0.077068  0.001007  -0.002390  0.001217  -0.254927  -0.078229  -0.034504  2.000000  
129.242983 0.007542  0.091569  -0.028204  0.998530  0.001133  0.054193  -0.054117  0.077605  0.995514  -0.003077  -0.996984  0.077552  0.001122  -0.002365  0.001289  -0.265192  -0.078224  -0.025790  2.000000  
129.243984 0.007544  0.091566  -0.028203  0.998519  0.001169  0.054397  -0.054323  0.077967  0.995475  -0.003077  -0.996955  0.077915  0.001277  -0.002303  0.001345  -0.271126  -0.084434  -0.025053  2.000000  
129.245230 0.007546  0.091562  -0.028201  0.998519  0.001189  0.054397  -0.054323  0.078329  0.995446  -0.003077  -0.996927  0.078277  0.001360  -0.002316  0.001390  -0.277621  -0.084523  -0.016275  2.000000  
129.246231 0.007547  0.091560  -0.028200  0.998519  0.001342  0.054386  -0.054323  0.078684  0.995418  -0.002944  -0.996899  0.078640  0.001423  -0.002369  0.001432  -0.283252  -0.076277  -0.007727  2.000000  
129.247235 0.007549  0.091558  -0.028198  0.998519  0.001362  0.054386  -0.054323  0.079046  0.995390  -0.002944  -0.996870  0.079003  0.001501  -0.002331  0.001488  -0.287304  -0.075947  -0.003256  2.000000  
129.248481 0.007552  0.091556  -0.028196  0.998508  0.001531  0.054579  -0.054529  0.079401  0.995350  -0.002810  -0.996842  0.079366  0.001583  -0.002348  0.001533  -0.291499  -0.082160  0.006180  2.000000  
129.249485 0.007554  0.091553  -0.028194  0.998508  0.001551  0.054579  -0.054529  0.079763  0.995321  -0.002810  -0.996813  0.079728  0.001598  -0.002382  0.001545  -0.295545  -0.075317  0.005689  2.000000  
129.250500 0.007556  0.091551  -0.028192  0.998509  0.001704  0.054568  -0.054529  0.080118  0.995293  -0.002676  -0.996784  0.080091  0.001624  -0.002410  0.001520  -0.301810  -0.075193  0.014719  2.000000  
129.251736 0.007558  0.091549  -0.028191  0.998509  0.001730  0.054567  -0.054529  0.080601  0.995254  -0.002676  -0.996745  0.080575  0.001638  -0.002450  0.001476  -0.307526  -0.067418  0.018558  2.000000  
129.252736 0.007560  0.091546  -0.028190  0.998509  0.001750  0.054566  -0.054529  0.080963  0.995224  -0.002676  -0.996716  0.080937  0.001633  -0.002504  0.001381  -0.311557  -0.067068  0.023025  2.000000  
129.253740 0.007561  0.091543  -0.028188  0.998497  0.001787  0.054770  -0.054734  0.081325  0.995184  -0.002676  -0.996686  0.081300  0.001628  -0.002572  0.001385  -0.315629  -0.067067  0.023047  2.000000  
129.254984 0.007562  0.091539  -0.028187  0.998497  0.001813  0.054770  -0.054734  0.081807  0.995144  -0.002676  -0.996647  0.081784  0.001593  -0.002631  0.001407  -0.323669  -0.066705  0.027515  2.000000  
129.255988 0.007563  0.091535  -0.028185  0.998498  0.001966  0.054758  -0.054734  0.082162  0.995115  -0.002542  -0.996617  0.082146  0.001569  -0.002673  0.001446  -0.326368  -0.059661  0.036203  2.000000  
129.257235 0.007564  0.091530  -0.028183  0.998498  0.001993  0.054757  -0.054734  0.082645  0.995075  -0.002542  -0.996577  0.082630  0.001528  -0.002697  0.001469  -0.334528  -0.052752  0.035690  2.000000  
129.258496 0.007565  0.091526  -0.028181  0.998498  0.002020  0.054756  -0.054734  0.083128  0.995035  -0.002542  -0.996537  0.083113  0.001479  -0.002720  0.001534  -0.338484  -0.052718  0.035700  2.000000  
129.259752 0.007565  0.091522  -0.028179  0.998486  0.002063  0.054960  -0.054940  0.083610  0.994983  -0.002542  -0.996496  0.083597  0.001395  -0.002741  0.001528  -0.342425  -0.053036  0.031228  2.000000  
129.260989 0.007567  0.091519  -0.028178  0.998486  0.002090  0.054959  -0.054940  0.084093  0.994942  -0.002542  -0.996456  0.084080  0.001321  -0.002769  0.001483  -0.346715  -0.053056  0.031270  2.000000  
129.262233 0.007568  0.091515  -0.028177  0.998487  0.002250  0.054946  -0.054940  0.084568  0.994902  -0.002408  -0.996415  0.084564  0.001267  -0.002829  0.001394  -0.351926  -0.045059  0.039380  2.000000  
129.263235 0.007569  0.091513  -0.028177  0.998487  0.002276  0.054945  -0.054940  0.085051  0.994861  -0.002408  -0.996374  0.085047  0.001179  -0.002903  0.001302  -0.355951  -0.045040  0.039397  2.000000  
129.264236 0.007571  0.091510  -0.028177  0.998475  0.002314  0.055149  -0.055145  0.085413  0.994818  -0.002408  -0.996343  0.085410  0.001130  -0.002934  0.001130  -0.355987  -0.045030  0.039417  2.000000  
129.265498 0.007573  0.091507  -0.028176  0.998475  0.002341  0.055148  -0.055145  0.085895  0.994777  -0.002408  -0.996301  0.085893  0.001101  -0.002963  0.001107  -0.360000  -0.045009  0.039433  2.000000  
129.266731 0.007574  0.091503  -0.028175  0.998475  0.002368  0.055147  -0.055145  0.086378  0.994735  -0.002408  -0.996260  0.086377  0.001047  -0.003016  0.001028  -0.364115  -0.038523  0.034460  2.000000  
129.267741 0.007575  0.091500  -0.028174  0.998464  0.002412  0.055351  -0.055351  0.086860  0.994682  -0.002408  -0.996218  0.086860  0.000970  -0.003063  0.001033  -0.371084  -0.045708  0.035311  2.000000  
129.268989 0.007576  0.091495  -0.028173  0.998464  0.002439  0.055350  -0.055351  0.087343  0.994639  -0.002408  -0.996175  0.087343  0.000949  -0.003116  0.001021  -0.371110  -0.046063  0.030854  2.000000  
129.270236 0.007577  0.091491  -0.028171  0.998453  0.002477  0.055553  -0.055556  0.087704  0.994596  -0.002408  -0.996143  0.087706  0.000969  -0.003148  0.000988  -0.371166  -0.046429  0.026394  2.000000  
129.271488 0.007578  0.091486  -0.028170  0.998453  0.002637  0.055540  -0.055556  0.088179  0.994554  -0.002275  -0.996101  0.088189  0.000976  -0.003146  0.000945  -0.372107  -0.045661  0.030638  2.000000  
129.272735 0.007579  0.091481  -0.028169  0.998453  0.002671  0.055539  -0.055556  0.088782  0.994500  -0.002275  -0.996047  0.088793  0.000966  -0.003175  0.000842  -0.379291  -0.046026  0.030919  2.000000  
129.273783 0.007580  0.091478  -0.028168  0.998441  0.002710  0.055743  -0.055762  0.089144  0.994457  -0.002275  -0.996015  0.089156  0.001028  -0.003195  0.000789  -0.378684  -0.045941  0.030886  2.000000  
129.274985 0.007582  0.091473  -0.028167  0.998441  0.002737  0.055741  -0.055762  0.089626  0.994413  -0.002275  -0.995972  0.089639  0.001083  -0.003207  0.000776  -0.383328  -0.045997  0.030952  2.000000  
129.275993 0.007584  0.091471  -0.028166  0.998430  0.002775  0.055945  -0.055968  0.089987  0.994369  -0.002275  -0.995939  0.090001  0.001133  -0.003207  0.000760  -0.383240  -0.053245  0.027064  2.000000  
129.277233 0.007586  0.091467  -0.028165  0.998430  0.002936  0.055931  -0.055968  0.090462  0.994326  -0.002141  -0.995896  0.090485  0.001187  -0.003238  0.000796  -0.384279  -0.052438  0.031319  2.000000  
129.278234 0.007588  0.091464  -0.028165  0.998430  0.002956  0.055930  -0.055968  0.090824  0.994293  -0.002141  -0.995863  0.090847  0.001238  -0.003236  0.000781  -0.387408  -0.046345  0.026525  2.000000  
129.279481 0.007591  0.091461  -0.028163  0.998419  0.003002  0.056134  -0.056173  0.091306  0.994237  -0.002141  -0.995818  0.091330  0.001305  -0.003234  0.000917  -0.388346  -0.052799  0.026918  2.000000  
129.280731 0.007593  0.091457  -0.028162  0.998419  0.003029  0.056132  -0.056173  0.091788  0.994193  -0.002141  -0.995774  0.091813  0.001326  -0.003285  0.000932  -0.388378  -0.053174  0.022501  2.000000  
129.281733 0.007594  0.091453  -0.028161  0.998407  0.003202  0.056323  -0.056379  0.092142  0.994149  -0.002007  -0.995741  0.092176  0.001348  -0.003342  0.000948  -0.388335  -0.059611  0.027554  2.000000  
129.282737 0.007596  0.091450  -0.028160  0.998407  0.003229  0.056322  -0.056379  0.092624  0.994104  -0.002007  -0.995696  0.092659  0.001397  -0.003340  0.000932  -0.391512  -0.060085  0.027809  2.000000  
129.283989 0.007598  0.091445  -0.028159  0.998407  0.003256  0.056320  -0.056379  0.093107  0.994059  -0.002007  -0.995651  0.093142  0.001460  -0.003371  0.000924  -0.391483  -0.053177  0.027233  2.000000  
129.285234 0.007599  0.091440  -0.028158  0.998396  0.003303  0.056523  -0.056584  0.093588  0.994002  -0.002007  -0.995606  0.093625  0.001484  -0.003396  0.000848  -0.391762  -0.060096  0.027885  2.000000  
129.286237 0.007600  0.091436  -0.028158  0.998396  0.003323  0.056522  -0.056584  0.093950  0.993968  -0.002007  -0.995571  0.093987  0.001529  -0.003378  0.000825  -0.391505  -0.060444  0.023409  2.000000  
129.287485 0.007602  0.091431  -0.028156  0.998384  0.003496  0.056713  -0.056790  0.094303  0.993922  -0.001873  -0.995537  0.094350  0.001576  -0.003399  0.000860  -0.387511  -0.066940  0.028533  2.000000  
129.288487 0.007604  0.091427  -0.028155  0.998384  0.003517  0.056712  -0.056790  0.094665  0.993888  -0.001873  -0.995503  0.094712  0.001576  -0.003400  0.000860  -0.388421  -0.066390  0.028322  2.000000  
129.289487 0.007606  0.091424  -0.028154  0.998373  0.003557  0.056915  -0.056995  0.095026  0.993842  -0.001873  -0.995468  0.095074  0.001609  -0.003377  0.000880  -0.387683  -0.066949  0.028594  2.000000  
129.290735 0.007607  0.091420  -0.028153  0.998373  0.003718  0.056901  -0.056995  0.095501  0.993796  -0.001739  -0.995422  0.095557  0.001620  -0.003424  0.000935  -0.387546  -0.066508  0.033097  2.000000  
129.291985 0.007610  0.091416  -0.028151  0.998373  0.003738  0.056899  -0.056995  0.095862  0.993762  -0.001739  -0.995388  0.095919  0.001596  -0.003480  0.000966  -0.383372  -0.066884  0.028638  2.000000  
129.293230 0.007612  0.091412  -0.028150  0.998361  0.003919  0.057089  -0.057201  0.096336  0.993704  -0.001606  -0.995341  0.096402  0.001593  -0.003499  0.001014  -0.380277  -0.072759  0.033504  2.000000  
129.294233 0.007613  0.091408  -0.028149  0.998361  0.003940  0.057088  -0.057201  0.096698  0.993669  -0.001606  -0.995306  0.096765  0.001545  -0.003583  0.000985  -0.380237  -0.065907  0.032903  2.000000  
129.295496 0.007615  0.091403  -0.028148  0.998350  0.003980  0.057291  -0.057406  0.097058  0.993622  -0.001606  -0.995271  0.097127  0.001481  -0.003656  0.000995  -0.376190  -0.072724  0.033557  2.000000  
129.296731 0.007616  0.091398  -0.028147  0.998350  0.004141  0.057276  -0.057406  0.097533  0.993575  -0.001472  -0.995224  0.097610  0.001466  -0.003704  0.000941  -0.376171  -0.072295  0.038032  2.000000  
129.297737 0.007617  0.091393  -0.028147  0.998350  0.004162  0.057274  -0.057406  0.097894  0.993540  -0.001472  -0.995188  0.097972  0.001405  -0.003764  0.000903  -0.372161  -0.065454  0.037433  2.000000  
129.298983 0.007618  0.091388  -0.028146  0.998338  0.004203  0.057477  -0.057612  0.098255  0.993492  -0.001472  -0.995152  0.098334  0.001341  -0.003807  0.000865  -0.368150  -0.072276  0.038100  2.000000  
129.300236 0.007619  0.091382  -0.028145  0.998338  0.004357  0.057463  -0.057612  0.098609  0.993457  -0.001338  -0.995117  0.098696  0.001313  -0.003872  0.000896  -0.367032  -0.065955  0.037795  2.000000  
129.301490 0.007620  0.091377  -0.028144  0.998338  0.004378  0.057461  -0.057612  0.098970  0.993421  -0.001338  -0.995081  0.099058  0.001279  -0.003892  0.000875  -0.362905  -0.065930  0.037817  2.000000  
129.302497 0.007621  0.091373  -0.028144  0.998338  0.004532  0.057446  -0.057612  0.099324  0.993386  -0.001204  -0.995045  0.099420  0.001238  -0.003896  0.000849  -0.358765  -0.065480  0.042315  2.000000  
129.303507 0.007622  0.091369  -0.028143  0.998326  0.004566  0.057649  -0.057817  0.099564  0.993350  -0.001204  -0.995021  0.099662  0.001246  -0.003915  0.000855  -0.355140  -0.065550  0.042388  2.000000  
129.304738 0.007624  0.091364  -0.028141  0.998327  0.004720  0.057634  -0.057817  0.099918  0.993314  -0.001070  -0.994984  0.100024  0.001183  -0.003971  0.000817  -0.350727  -0.065045  0.046853  2.000000  
129.305985 0.007625  0.091359  -0.028141  0.998327  0.004741  0.057633  -0.057817  0.100279  0.993278  -0.001070  -0.994948  0.100386  0.001117  -0.003999  0.000729  -0.347915  -0.057676  0.045849  2.000000  
129.306986 0.007627  0.091356  -0.028141  0.998327  0.004895  0.057618  -0.057817  0.100633  0.993242  -0.000937  -0.994912  0.100748  0.001126  -0.004001  0.000687  -0.346624  -0.058119  0.046242  2.000000  
129.308235 0.007628  0.091351  -0.028140  0.998327  0.004909  0.057616  -0.057817  0.100874  0.993218  -0.000937  -0.994887  0.100989  0.001071  -0.004056  0.000606  -0.338465  -0.058101  0.046263  2.000000  
129.309489 0.007630  0.091346  -0.028140  0.998315  0.005083  0.057805  -0.058023  0.101227  0.993170  -0.000803  -0.994850  0.101351  0.001047  -0.004082  0.000545  -0.334352  -0.057643  0.050758  2.000000  
129.310733 0.007631  0.091341  -0.028139  0.998315  0.005237  0.057790  -0.058023  0.101581  0.993134  -0.000669  -0.994814  0.101713  0.001061  -0.004094  0.000558  -0.330381  -0.057641  0.050800  2.000000  
129.311733 0.007632  0.091336  -0.028138  0.998315  0.005258  0.057788  -0.058023  0.101942  0.993097  -0.000669  -0.994776  0.102075  0.001049  -0.004109  0.000595  -0.330300  -0.050723  0.050138  2.000000  
129.312981 0.007634  0.091331  -0.028137  0.998315  0.005405  0.057773  -0.058023  0.102175  0.993073  -0.000535  -0.994752  0.102317  0.001078  -0.004059  0.000614  -0.322222  -0.050279  0.054645  2.000000  
129.313992 0.007635  0.091327  -0.028136  0.998315  0.005426  0.057771  -0.058023  0.102536  0.993036  -0.000535  -0.994714  0.102679  0.001102  -0.004029  0.000626  -0.320766  -0.043726  0.054435  2.000000  
129.315235 0.007636  0.091322  -0.028135  0.998315  0.005573  0.057756  -0.058023  0.102770  0.993011  -0.000401  -0.994690  0.102920  0.001136  -0.003991  0.000650  -0.314148  -0.042922  0.058496  2.000000  
129.316486 0.007638  0.091317  -0.028135  0.998315  0.005727  0.057740  -0.058023  0.103123  0.992975  -0.000268  -0.994652  0.103282  0.001208  -0.003943  0.000647  -0.309876  -0.035987  0.057797  2.000000  
129.317491 0.007639  0.091314  -0.028134  0.998315  0.005741  0.057739  -0.058023  0.103364  0.992950  -0.000268  -0.994627  0.103523  0.001240  -0.003919  0.000666  -0.305941  -0.035986  0.057835  2.000000  
129.318492 0.007641  0.091310  -0.028133  0.998315  0.005888  0.057724  -0.058023  0.103597  0.992925  -0.000134  -0.994602  0.103764  0.001238  -0.003897  0.000618  -0.301693  -0.035502  0.062288  2.000000  
129.319735 0.007643  0.091307  -0.028133  0.998315  0.006035  0.057708  -0.058023  0.103830  0.992901  0.000000  -0.994577  0.104006  0.001265  -0.003821  0.000539  -0.293567  -0.028599  0.061620  2.000000  
129.320737 0.007645  0.091303  -0.028133  0.998315  0.006182  0.057693  -0.058023  0.104064  0.992877  0.000134  -0.994551  0.104247  0.001296  -0.003795  0.000558  -0.289469  -0.028129  0.066098  2.000000  
129.321985 0.007646  0.091299  -0.028132  0.998315  0.006335  0.057677  -0.058023  0.104417  0.992840  0.000268  -0.994513  0.104609  0.001319  -0.003769  0.000619  -0.291140  -0.027432  0.070003  2.000000  
129.323235 0.007648  0.091296  -0.028130  0.998315  0.006482  0.057661  -0.058023  0.104650  0.992815  0.000401  -0.994488  0.104850  0.001355  -0.003674  0.000681  -0.285406  -0.020750  0.069901  2.000000  
129.324236 0.007650  0.091293  -0.028129  0.998315  0.006496  0.057660  -0.058023  0.104891  0.992790  0.000401  -0.994462  0.105091  0.001358  -0.003596  0.000728  -0.281317  -0.020728  0.069904  2.000000  
129.325498 0.007651  0.091288  -0.028128  0.998315  0.006643  0.057644  -0.058023  0.105124  0.992765  0.000535  -0.994437  0.105333  0.001378  -0.003540  0.000739  -0.273056  -0.013358  0.073657  2.000000  
129.326733 0.007653  0.091284  -0.028126  0.998315  0.006790  0.057628  -0.058023  0.105357  0.992740  0.000669  -0.994411  0.105574  0.001390  -0.003483  0.000795  -0.269109  -0.013342  0.073697  2.000000  
129.327735 0.007654  0.091281  -0.028125  0.998315  0.006937  0.057612  -0.058023  0.105591  0.992715  0.000803  -0.994385  0.105815  0.001403  -0.003411  0.000798  -0.262832  -0.012755  0.077527  2.000000  
129.328981 0.007656  0.091277  -0.028124  0.998303  0.007098  0.057802  -0.058229  0.105702  0.992692  0.000937  -0.994373  0.105936  0.001404  -0.003331  0.000847  -0.254749  -0.012281  0.081969  2.000000  
129.329983 0.007657  0.091274  -0.028122  0.998303  0.007245  0.057786  -0.058229  0.105935  0.992667  0.001070  -0.994347  0.106177  0.001449  -0.003229  0.000870  -0.252821  -0.012360  0.082665  2.000000  
129.331016 0.007658  0.091272  -0.028122  0.998303  0.007385  0.057771  -0.058229  0.106047  0.992655  0.001204  -0.994334  0.106297  0.001416  -0.003167  0.000895  -0.244379  -0.011864  0.087041  2.000000  
129.332233 0.007660  0.091269  -0.028121  0.998302  0.007532  0.057755  -0.058229  0.106281  0.992630  0.001338  -0.994308  0.106539  0.001406  -0.003046  0.000887  -0.242614  -0.011757  0.086416  2.000000  
129.333486 0.007662  0.091266  -0.028119  0.998302  0.007672  0.057740  -0.058228  0.106393  0.992618  0.001472  -0.994295  0.106659  0.001401  -0.002966  0.000975  -0.234678  -0.004453  0.090206  2.000000  
129.334496 0.007663  0.091264  -0.028118  0.998302  0.007811  0.057724  -0.058228  0.106506  0.992606  0.001606  -0.994281  0.106780  0.001363  -0.002905  0.001044  -0.228255  -0.004464  0.090872  2.000000  
129.335497 0.007664  0.091262  -0.028117  0.998302  0.007958  0.057708  -0.058228  0.106739  0.992581  0.001739  -0.994255  0.107021  0.001323  -0.002825  0.001064  -0.226437  -0.003944  0.094586  2.000000  
129.336735 0.007666  0.091259  -0.028115  0.998302  0.008098  0.057693  -0.058228  0.106852  0.992568  0.001873  -0.994242  0.107142  0.001325  -0.002753  0.001108  -0.218339  -0.003921  0.094583  2.000000  
129.337738 0.007667  0.091257  -0.028115  0.998301  0.008238  0.057678  -0.058228  0.106964  0.992556  0.002007  -0.994229  0.107262  0.001263  -0.002694  0.001070  -0.211990  -0.003462  0.099839  2.000000  
129.338984 0.007668  0.091254  -0.028113  0.998301  0.008378  0.057662  -0.058228  0.107077  0.992544  0.002141  -0.994215  0.107383  0.001234  -0.002648  0.001094  -0.203854  0.003444  0.099125  2.000000  
129.339985 0.007669  0.091251  -0.028112  0.998301  0.008385  0.057661  -0.058228  0.107197  0.992531  0.002141  -0.994202  0.107503  0.001203  -0.002571  0.001072  -0.199764  0.003462  0.099118  2.000000  
129.341235 0.007669  0.091248  -0.028111  0.998301  0.008524  0.057646  -0.058228  0.107310  0.992519  0.002275  -0.994189  0.107624  0.001130  -0.002494  0.001024  -0.191603  0.003486  0.099114  2.000000  
129.342480 0.007671  0.091245  -0.028110  0.998300  0.008664  0.057631  -0.058228  0.107423  0.992507  0.002408  -0.994176  0.107744  0.001109  -0.002443  0.001010  -0.185984  0.003475  0.098298  2.000000  
129.343481 0.007671  0.091243  -0.028109  0.998288  0.008826  0.057819  -0.058434  0.107533  0.992483  0.002542  -0.994162  0.107865  0.001078  -0.002365  0.000988  -0.177912  -0.002856  0.103467  2.000000  
129.344482 0.007672  0.091241  -0.028109  0.998288  0.008966  0.057804  -0.058434  0.107646  0.992471  0.002676  -0.994149  0.107986  0.001047  -0.002288  0.000966  -0.173918  -0.002838  0.103499  2.000000  
129.345495 0.007673  0.091240  -0.028107  0.998287  0.009106  0.057788  -0.058434  0.107759  0.992458  0.002810  -0.994135  0.108106  0.001015  -0.002221  0.000995  0.000000  0.000000  0.000000  2.000000  
129.346730 0.007675  0.091238  -0.028106  0.998287  0.009378  0.057758  -0.058434  0.107863  0.992447  0.003077  -0.994121  0.108227  0.001015  -0.002116  0.000992  0.000000  0.000000  0.000000  2.000000  
129.347738 0.007676  0.091236  -0.028105  0.998287  0.009378  0.057758  -0.058434  0.107863  0.992447  0.003077  -0.994121  0.108227  0.000984  -0.002061  0.001018  0.000000  0.000000  0.000000  2.000000  
129.348982 0.007676  0.091234  -0.028104  0.998286  0.009651  0.057728  -0.058434  0.107968  0.992436  0.003345  -0.994107  0.108347  0.000935  -0.002029  0.000934  0.000000  0.000000  0.000000  2.000000  
129.350236 0.007678  0.091232  -0.028103  0.998285  0.009791  0.057713  -0.058434  0.108081  0.992423  0.003479  -0.994094  0.108468  0.000914  -0.001977  0.000919  0.000000  0.000000  0.000000  2.000000  
129.351237 0.007678  0.091231  -0.028103  0.998285  0.009791  0.057713  -0.058434  0.108081  0.992423  0.003479  -0.994094  0.108468  0.000875  -0.001960  0.000851  0.000000  0.000000  0.000000  2.000000  
129.352490 0.007679  0.091229  -0.028103  0.998285  0.009930  0.057697  -0.058434  0.108193  0.992411  0.003613  -0.994080  0.108588  0.000851  -0.001882  0.000786  0.000000  0.000000  0.000000  2.000000  
129.353737 0.007681  0.091227  -0.028102  0.998284  0.010070  0.057681  -0.058434  0.108306  0.992399  0.003746  -0.994067  0.108709  0.000860  -0.001780  0.000741  0.000000  0.000000  0.000000  2.000000  
129.354989 0.007682  0.091225  -0.028101  0.998284  0.010203  0.057667  -0.058434  0.108298  0.992400  0.003880  -0.994066  0.108709  0.000839  -0.001727  0.000726  0.000000  0.000000  0.000000  2.000000  
129.356234 0.007682  0.091224  -0.028101  0.998283  0.010343  0.057651  -0.058434  0.108411  0.992387  0.004014  -0.994052  0.108829  0.000855  -0.001650  0.000685  0.000000  0.000000  0.000000  2.000000  
129.357235 0.007683  0.091222  -0.028101  0.998283  0.010475  0.057636  -0.058434  0.108403  0.992388  0.004148  -0.994052  0.108829  0.000827  -0.001572  0.000666  0.000000  0.000000  0.000000  2.000000  
129.358235 0.007683  0.091220  -0.028100  0.998282  0.010608  0.057622  -0.058434  0.108395  0.992389  0.004282  -0.994051  0.108829  0.000825  -0.001548  0.000617  0.000000  0.000000  0.000000  2.000000  
129.359487 0.007684  0.091219  -0.028099  0.998282  0.010741  0.057607  -0.058434  0.108388  0.992390  0.004415  -0.994051  0.108829  0.000826  -0.001443  0.000614  0.000000  0.000000  0.000000  2.000000  
129.360734 0.007686  0.091218  -0.028098  0.998269  0.010770  0.057810  -0.058639  0.108506  0.992365  0.004415  -0.994037  0.108950  0.000846  -0.001367  0.000576  0.000000  0.000000  0.000000  2.000000  
129.361986 0.007687  0.091217  -0.028098  0.998269  0.010903  0.057796  -0.058639  0.108498  0.992366  0.004549  -0.994037  0.108949  0.000835  -0.001341  0.000569  0.000000  0.000000  0.000000  2.000000  
129.363233 0.007688  0.091217  -0.028097  0.998268  0.011036  0.057781  -0.058639  0.108490  0.992367  0.004683  -0.994036  0.108949  0.000809  -0.001269  0.000503  0.000000  0.000000  0.000000  2.000000  
129.364481 0.007689  0.091215  -0.028097  0.998268  0.011169  0.057767  -0.058639  0.108482  0.992367  0.004817  -0.994036  0.108949  0.000757  -0.001243  0.000470  0.000000  0.000000  0.000000  2.000000  
129.365496 0.007690  0.091214  -0.028096  0.998267  0.011301  0.057752  -0.058639  0.108475  0.992368  0.004951  -0.994035  0.108949  0.000780  -0.001185  0.000482  0.000000  0.000000  0.000000  2.000000  
129.366733 0.007690  0.091213  -0.028096  0.998266  0.011434  0.057738  -0.058639  0.108467  0.992369  0.005084  -0.994034  0.108949  0.000749  -0.001138  0.000508  0.000000  0.000000  0.000000  2.000000  
129.367740 0.007691  0.091212  -0.028095  0.998266  0.011434  0.057738  -0.058639  0.108467  0.992369  0.005084  -0.994034  0.108949  0.000708  -0.001131  0.000482  0.000000  0.000000  0.000000  2.000000  
129.368985 0.007691  0.091210  -0.028094  0.998266  0.011567  0.057723  -0.058639  0.108459  0.992370  0.005218  -0.994034  0.108949  0.000679  -0.001077  0.000510  0.000000  0.000000  0.000000  2.000000  
129.370235 0.007692  0.091209  -0.028094  0.998265  0.011693  0.057710  -0.058639  0.108331  0.992384  0.005352  -0.994046  0.108828  0.000658  -0.001025  0.000495  0.000000  0.000000  0.000000  2.000000  
129.371236 0.007692  0.091209  -0.028093  0.998264  0.011826  0.057695  -0.058639  0.108323  0.992385  0.005486  -0.994045  0.108828  0.000679  -0.000972  0.000507  0.000000  0.000000  0.000000  2.000000  
129.372487 0.007693  0.091208  -0.028093  0.998264  0.011826  0.057695  -0.058639  0.108323  0.992385  0.005486  -0.994045  0.108828  0.000649  -0.000929  0.000533  0.000000  0.000000  0.000000  2.000000  
129.373765 0.007693  0.091207  -0.028093  0.998263  0.011951  0.057682  -0.058639  0.108195  0.992399  0.005620  -0.994058  0.108708  0.000604  -0.000891  0.000456  0.000000  0.000000  0.000000  2.000000  
129.374985 0.007694  0.091206  -0.028092  0.998263  0.012084  0.057668  -0.058639  0.108187  0.992400  0.005753  -0.994057  0.108708  0.000584  -0.000841  0.000442  0.000000  0.000000  0.000000  2.000000  
129.376233 0.007694  0.091206  -0.028092  0.998262  0.012210  0.057655  -0.058639  0.108059  0.992414  0.005887  -0.994070  0.108587  0.000520  -0.000788  0.000401  0.000000  0.000000  0.000000  2.000000  
129.377235 0.007695  0.091206  -0.028091  0.998261  0.012343  0.057640  -0.058639  0.108051  0.992414  0.006021  -0.994069  0.108587  0.000502  -0.000760  0.000436  0.000000  0.000000  0.000000  2.000000  
129.378483 0.007695  0.091205  -0.028091  0.998260  0.012468  0.057627  -0.058638  0.107923  0.992428  0.006155  -0.994081  0.108466  0.000441  -0.000721  0.000394  0.000000  0.000000  0.000000  2.000000  
129.379731 0.007695  0.091205  -0.028090  0.998272  0.012446  0.057423  -0.058433  0.107925  0.992440  0.006155  -0.994081  0.108466  0.000380  -0.000693  0.000402  0.000000  0.000000  0.000000  2.000000  
129.380741 0.007695  0.091204  -0.028090  0.998272  0.012572  0.057410  -0.058433  0.107797  0.992454  0.006288  -0.994093  0.108346  0.000365  -0.000652  0.000394  0.000000  0.000000  0.000000  2.000000  
129.381995 0.007695  0.091204  -0.028089  0.998271  0.012705  0.057395  -0.058433  0.107790  0.992455  0.006422  -0.994093  0.108345  0.000325  -0.000572  0.000414  0.000000  0.000000  0.000000  2.000000  
129.383231 0.007695  0.091203  -0.028089  0.998270  0.012831  0.057383  -0.058433  0.107661  0.992469  0.006556  -0.994105  0.108225  0.000259  -0.000534  0.000415  0.000000  0.000000  0.000000  2.000000  
129.384239 0.007695  0.091203  -0.028089  0.998269  0.012956  0.057370  -0.058433  0.107533  0.992483  0.006690  -0.994117  0.108104  0.000251  -0.000492  0.000364  0.000000  0.000000  0.000000  2.000000  
129.385499 0.007695  0.091202  -0.028089  0.998269  0.012956  0.057370  -0.058433  0.107533  0.992483  0.006690  -0.994117  0.108104  0.000230  -0.000440  0.000349  0.000000  0.000000  0.000000  2.000000  
129.386740 0.007695  0.091202  -0.028089  0.998268  0.013082  0.057357  -0.058433  0.107405  0.992497  0.006824  -0.994129  0.107983  0.000175  -0.000389  0.000265  0.000000  0.000000  0.000000  2.000000  
129.387985 0.007695  0.091202  -0.028089  0.998267  0.013208  0.057344  -0.058433  0.107277  0.992511  0.006957  -0.994141  0.107863  0.000151  -0.000331  0.000246  0.000000  0.000000  0.000000  2.000000  
129.389234 0.007695  0.091202  -0.028089  0.998266  0.013334  0.057331  -0.058433  0.107149  0.992524  0.007091  -0.994154  0.107742  0.000091  -0.000303  0.000254  0.000000  0.000000  0.000000  2.000000  
129.390234 0.007695  0.091202  -0.028089  0.998265  0.013460  0.057318  -0.058433  0.107021  0.992538  0.007225  -0.994166  0.107621  0.000080  -0.000277  0.000247  0.000000  0.000000  0.000000  2.000000  
129.391483 0.007696  0.091203  -0.028088  0.998264  0.013593  0.057304  -0.058432  0.107013  0.992539  0.007359  -0.994165  0.107621  0.000068  -0.000227  0.000191  0.000000  0.000000  0.000000  2.000000  
129.392736 0.007696  0.091203  -0.028088  0.998263  0.013718  0.057291  -0.058432  0.106885  0.992553  0.007493  -0.994177  0.107501  0.000048  -0.000178  0.000179  0.000000  0.000000  0.000000  2.000000  
129.393742 0.007695  0.091203  -0.028089  0.998262  0.013844  0.057279  -0.058432  0.106756  0.992567  0.007626  -0.994189  0.107380  0.000027  -0.000126  0.000164  0.000000  0.000000  0.000000  2.000000  
129.394982 0.007695  0.091203  -0.028088  0.998261  0.013970  0.057266  -0.058432  0.106628  0.992581  0.007760  -0.994201  0.107259  0.000016  -0.000100  0.000156  0.000000  0.000000  0.000000  2.000000  
129.396236 0.007695  0.091203  -0.028088  0.998260  0.014096  0.057253  -0.058432  0.106500  0.992594  0.007894  -0.994213  0.107138  -0.000028  -0.000075  0.000080  0.000000  0.000000  0.000000  2.000000  
129.397484 0.007695  0.091203  -0.028088  0.998259  0.014222  0.057241  -0.058432  0.106372  0.992608  0.008028  -0.994225  0.107018  -0.000048  -0.000022  0.000064  0.000000  0.000000  0.000000  2.000000  
129.398488 0.007695  0.091203  -0.028088  0.998258  0.014348  0.057228  -0.058432  0.106244  0.992622  0.008162  -0.994237  0.106897  -0.000028  0.000030  0.000077  0.000000  0.000000  0.000000  2.000000  
129.399731 0.007694  0.091204  -0.028088  0.998257  0.014473  0.057216  -0.058432  0.106116  0.992635  0.008295  -0.994248  0.106776  -0.000048  0.000081  0.000061  0.000000  0.000000  0.000000  2.000000  
129.400738 0.007694  0.091204  -0.028088  0.998256  0.014599  0.057203  -0.058432  0.105987  0.992649  0.008429  -0.994260  0.106656  -0.000059  0.000109  0.000055  0.000000  0.000000  0.000000  2.000000  
129.401985 0.007694  0.091205  -0.028087  0.998241  0.014880  0.057381  -0.058637  0.105848  0.992652  0.008697  -0.994271  0.106535  -0.000046  0.000160  0.000107  0.000000  0.000000  0.000000  2.000000  
129.402988 0.007694  0.091205  -0.028087  0.998240  0.015006  0.057368  -0.058637  0.105720  0.992666  0.008831  -0.994283  0.106414  -0.000057  0.000189  0.000101  0.000000  0.000000  0.000000  2.000000  
129.404235 0.007695  0.091206  -0.028087  0.998239  0.015132  0.057356  -0.058637  0.105592  0.992679  0.008964  -0.994294  0.106293  -0.000035  0.000241  0.000113  0.000000  0.000000  0.000000  2.000000  
129.405236 0.007694  0.091206  -0.028087  0.998238  0.015257  0.057344  -0.058637  0.105464  0.992693  0.009098  -0.994306  0.106173  -0.000046  0.000267  0.000106  0.000000  0.000000  0.000000  2.000000  
129.406493 0.007695  0.091207  -0.028087  0.998237  0.015383  0.057331  -0.058637  0.105336  0.992706  0.009232  -0.994318  0.106052  -0.000056  0.000293  0.000098  0.000000  0.000000  0.000000  2.000000  
129.407738 0.007695  0.091207  -0.028087  0.998234  0.015642  0.057305  -0.058637  0.105200  0.992721  0.009500  -0.994328  0.105931  -0.000067  0.000319  0.000091  0.000000  0.000000  0.000000  2.000000  
129.408983 0.007695  0.091207  -0.028087  0.998233  0.015761  0.057295  -0.058637  0.104951  0.992747  0.009633  -0.994353  0.105690  -0.000048  0.000291  0.000056  0.000000  0.000000  0.000000  2.000000  
129.410236 0.007694  0.091208  -0.028087  0.998232  0.015887  0.057283  -0.058637  0.104823  0.992761  0.009767  -0.994364  0.105569  -0.000035  0.000345  0.000110  0.000000  0.000000  0.000000  2.000000  
129.411488 0.007694  0.091208  -0.028087  0.998229  0.016145  0.057256  -0.058637  0.104687  0.992775  0.010035  -0.994374  0.105448  -0.000024  0.000319  0.000118  0.000000  0.000000  0.000000  2.000000  
129.412735 0.007694  0.091208  -0.028087  0.998228  0.016264  0.057246  -0.058637  0.104438  0.992801  0.010169  -0.994398  0.105207  -0.000015  0.000312  0.000074  0.000000  0.000000  0.000000  2.000000  
129.413735 0.007694  0.091208  -0.028086  0.998226  0.016390  0.057234  -0.058636  0.104310  0.992815  0.010302  -0.994410  0.105086  -0.000014  0.000293  0.000125  0.000000  0.000000  0.000000  2.000000  
129.414980 0.007694  0.091208  -0.028086  0.998213  0.016537  0.057426  -0.058842  0.104178  0.992816  0.010436  -0.994421  0.104965  -0.000014  0.000288  0.000123  0.000000  0.000000  0.000000  2.000000  
