1-Time 2-Px 3-Py 4-Pz 5-R11 6-R21 7-R31 8-R12 9-R22 10-R32 11-R13 12-R23 13-R33 14-Vx 15-Vy 16-Vz 17-Wx 18-Wy 19-Wz 20-state 21-PR11 22-PR21 23-PR31 24-PR12 25-PR22 26-PR32 27-PR13 28-PR23 29-PR33 
151.381884 0.000624  0.087904  -0.003544  0.999387  0.010061  0.033522  -0.009876  0.999935  -0.005669  -0.033577  0.005334  0.999422  -0.001208  0.000556  -0.001322  0.000000  0.000000  0.000000  2.000000  
151.383139 0.000623  0.087904  -0.003545  0.999387  0.010061  0.033522  -0.009876  0.999935  -0.005669  -0.033577  0.005334  0.999422  -0.001132  0.000602  -0.001316  0.000000  0.000000  0.000000  2.000000  
151.384384 0.000621  0.087902  -0.003548  0.999387  0.010061  0.033522  -0.009876  0.999935  -0.005669  -0.033577  0.005334  0.999422  -0.001192  0.000407  -0.001321  0.000000  0.000000  0.000000  2.000000  
151.385388 0.000619  0.087900  -0.003549  0.999381  0.010267  0.033655  -0.010082  0.999933  -0.005677  -0.033711  0.005334  0.999417  -0.001249  0.000180  -0.001356  0.000000  0.000000  0.000000  2.000000  
151.386397 0.000617  0.087897  -0.003551  0.999376  0.010268  0.033789  -0.010082  0.999933  -0.005678  -0.033845  0.005334  0.999413  -0.001256  -0.000043  -0.001407  0.000000  0.000000  0.000000  2.000000  
151.387636 0.000615  0.087894  -0.003553  0.999376  0.010268  0.033789  -0.010082  0.999933  -0.005678  -0.033845  0.005334  0.999413  -0.001259  -0.000308  -0.001351  0.000000  0.000000  0.000000  2.000000  
151.388884 0.000613  0.087889  -0.003555  0.999376  0.010268  0.033789  -0.010082  0.999933  -0.005678  -0.033845  0.005334  0.999413  -0.001303  -0.000608  -0.001409  0.000000  0.000000  0.000000  2.000000  
151.389886 0.000611  0.087886  -0.003556  0.999376  0.010268  0.033789  -0.010082  0.999933  -0.005678  -0.033845  0.005334  0.999413  -0.001321  -0.000902  -0.001404  0.000000  0.000000  0.000000  2.000000  
151.390888 0.000610  0.087882  -0.003558  0.999376  0.010268  0.033789  -0.010082  0.999933  -0.005678  -0.033845  0.005334  0.999413  -0.001347  -0.001173  -0.001410  0.000000  0.000000  0.000000  2.000000  
151.392140 0.000608  0.087878  -0.003560  0.999376  0.010268  0.033789  -0.010082  0.999933  -0.005678  -0.033845  0.005334  0.999413  -0.001363  -0.001525  -0.001479  0.000000  0.000000  0.000000  2.000000  
151.393393 0.000606  0.087874  -0.003562  0.999370  0.010475  0.033921  -0.010287  0.999931  -0.005687  -0.033978  0.005334  0.999408  -0.001419  -0.001819  -0.001504  0.000000  0.000000  0.000000  2.000000  
151.394400 0.000604  0.087871  -0.003564  0.999365  0.010475  0.034055  -0.010287  0.999931  -0.005688  -0.034112  0.005334  0.999404  -0.001476  -0.002114  -0.001528  0.000000  0.000000  0.000000  2.000000  
151.395644 0.000602  0.087866  -0.003566  0.999365  0.010479  0.034054  -0.010287  0.999930  -0.005809  -0.034112  0.005455  0.999403  -0.001584  -0.002511  -0.001574  0.000000  0.000000  0.000000  2.000000  
151.396891 0.000598  0.087861  -0.003568  0.999358  0.010686  0.034186  -0.010493  0.999928  -0.005818  -0.034246  0.005455  0.999399  -0.001753  -0.002955  -0.001655  0.000000  0.000000  0.000000  2.000000  
151.398139 0.000593  0.087853  -0.003571  0.999358  0.010690  0.034185  -0.010493  0.999927  -0.005939  -0.034246  0.005576  0.999398  -0.002010  -0.003440  -0.001710  0.000000  0.000000  0.000000  2.000000  
151.399396 0.000587  0.087845  -0.003573  0.999358  0.010694  0.034183  -0.010493  0.999927  -0.006060  -0.034246  0.005698  0.999397  -0.002245  -0.003818  -0.001680  0.000000  0.000000  0.000000  2.000000  
151.400637 0.000582  0.087837  -0.003575  0.999356  0.010900  0.034182  -0.010699  0.999924  -0.006067  -0.034246  0.005698  0.999397  -0.002422  -0.004116  -0.001701  0.000000  0.000000  0.000000  2.000000  
151.401638 0.000577  0.087830  -0.003578  0.999356  0.010900  0.034182  -0.010699  0.999924  -0.006067  -0.034246  0.005698  0.999397  -0.002644  -0.004404  -0.001782  0.000000  0.000000  0.000000  2.000000  
151.402638 0.000573  0.087823  -0.003580  0.999352  0.010905  0.034315  -0.010699  0.999924  -0.006190  -0.034379  0.005819  0.999392  -0.002817  -0.004688  -0.001768  0.000000  0.000000  0.000000  2.000000  
151.403889 0.000567  0.087814  -0.003583  0.999349  0.011111  0.034313  -0.010905  0.999921  -0.006197  -0.034379  0.005819  0.999392  -0.003051  -0.005081  -0.001868  0.000000  0.000000  0.000000  2.000000  
151.405134 0.000562  0.087805  -0.003586  0.999349  0.011111  0.034313  -0.010905  0.999921  -0.006197  -0.034379  0.005819  0.999392  -0.003200  -0.005318  -0.001971  0.000000  0.000000  0.000000  2.000000  
151.406384 0.000558  0.087796  -0.003590  0.999349  0.011115  0.034312  -0.010905  0.999921  -0.006318  -0.034379  0.005940  0.999391  -0.003416  -0.005639  -0.002074  0.000000  0.000000  0.000000  2.000000  
151.407390 0.000555  0.087790  -0.003592  0.999347  0.011321  0.034311  -0.011110  0.999918  -0.006325  -0.034379  0.005940  0.999391  -0.003542  -0.005853  -0.002127  0.000000  0.000000  0.000000  2.000000  
151.408390 0.000551  0.087783  -0.003596  0.999352  0.011320  0.034177  -0.011110  0.999918  -0.006324  -0.034246  0.005940  0.999396  -0.003685  -0.006099  -0.002231  0.000000  0.000000  0.000000  2.000000  
151.409395 0.000547  0.087776  -0.003599  0.999352  0.011320  0.034177  -0.011110  0.999918  -0.006324  -0.034246  0.005940  0.999396  -0.003830  -0.006346  -0.002337  0.000000  0.000000  0.000000  2.000000  
151.410400 0.000543  0.087768  -0.003602  0.999349  0.011530  0.034174  -0.011316  0.999915  -0.006452  -0.034246  0.006061  0.999395  -0.003983  -0.006625  -0.002454  0.000000  0.000000  0.000000  2.000000  
151.411402 0.000538  0.087761  -0.003605  0.999349  0.011530  0.034174  -0.011316  0.999915  -0.006452  -0.034246  0.006061  0.999395  -0.004104  -0.006824  -0.002551  0.000000  0.000000  0.000000  2.000000  
151.412637 0.000533  0.087751  -0.003609  0.999349  0.011534  0.034173  -0.011316  0.999914  -0.006573  -0.034246  0.006182  0.999394  -0.004157  -0.007014  -0.002627  0.000000  0.000000  0.000000  2.000000  
151.413638 0.000528  0.087744  -0.003612  0.999347  0.011744  0.034170  -0.011522  0.999911  -0.006702  -0.034246  0.006304  0.999394  -0.004178  -0.007118  -0.002709  0.000000  0.000000  0.000000  2.000000  
151.414639 0.000523  0.087736  -0.003615  0.999347  0.011748  0.034169  -0.011522  0.999910  -0.006823  -0.034246  0.006425  0.999393  -0.004190  -0.007221  -0.002801  0.000000  0.000000  0.000000  2.000000  
151.415888 0.000518  0.087726  -0.003618  0.999347  0.011753  0.034167  -0.011522  0.999910  -0.006944  -0.034246  0.006546  0.999392  -0.004201  -0.007273  -0.002842  0.000000  0.000000  0.000000  2.000000  
151.416889 0.000513  0.087719  -0.003621  0.999347  0.011753  0.034167  -0.011522  0.999910  -0.006944  -0.034246  0.006546  0.999392  -0.004198  -0.007330  -0.002917  0.000000  0.000000  0.000000  2.000000  
151.417891 0.000509  0.087711  -0.003624  0.999345  0.011963  0.034164  -0.011727  0.999906  -0.007073  -0.034246  0.006667  0.999391  -0.004153  -0.007342  -0.002923  0.000000  0.000000  0.000000  2.000000  
151.418894 0.000506  0.087704  -0.003626  0.999345  0.011963  0.034164  -0.011727  0.999906  -0.007073  -0.034246  0.006667  0.999391  -0.004101  -0.007308  -0.002931  0.000000  0.000000  0.000000  2.000000  
151.420136 0.000501  0.087696  -0.003630  0.999349  0.011966  0.034029  -0.011728  0.999905  -0.007192  -0.034112  0.006789  0.999395  -0.004073  -0.007288  -0.002914  0.000000  0.000000  0.000000  2.000000  
151.421139 0.000498  0.087689  -0.003632  0.999347  0.012172  0.034028  -0.011933  0.999903  -0.007199  -0.034112  0.006789  0.999395  -0.004078  -0.007304  -0.002868  0.000000  0.000000  0.000000  2.000000  
151.422395 0.000494  0.087680  -0.003635  0.999347  0.012176  0.034026  -0.011933  0.999902  -0.007321  -0.034112  0.006910  0.999394  -0.004047  -0.007277  -0.002848  0.000000  0.000000  0.000000  2.000000  
151.423633 0.000490  0.087671  -0.003639  0.999347  0.012176  0.034026  -0.011933  0.999902  -0.007321  -0.034112  0.006910  0.999394  -0.004007  -0.007314  -0.002833  0.000000  0.000000  0.000000  2.000000  
151.424636 0.000486  0.087664  -0.003642  0.999347  0.012180  0.034025  -0.011933  0.999901  -0.007442  -0.034112  0.007031  0.999393  -0.003968  -0.007309  -0.002802  0.000000  0.000000  0.000000  2.000000  
151.425642 0.000482  0.087657  -0.003645  0.999344  0.012390  0.034022  -0.012139  0.999898  -0.007570  -0.034112  0.007152  0.999392  -0.003961  -0.007325  -0.002767  0.000000  0.000000  0.000000  2.000000  
151.426891 0.000477  0.087647  -0.003649  0.999344  0.012390  0.034022  -0.012139  0.999898  -0.007570  -0.034112  0.007152  0.999392  -0.003939  -0.007350  -0.002788  0.000000  0.000000  0.000000  2.000000  
151.428137 0.000471  0.087637  -0.003653  0.999342  0.012600  0.034019  -0.012345  0.999894  -0.007699  -0.034112  0.007274  0.999392  -0.003947  -0.007332  -0.002822  0.000000  0.000000  0.000000  2.000000  
151.429140 0.000467  0.087630  -0.003657  0.999342  0.012604  0.034017  -0.012345  0.999893  -0.007820  -0.034112  0.007395  0.999391  -0.003890  -0.007313  -0.002847  0.000000  0.000000  0.000000  2.000000  
151.430394 0.000462  0.087621  -0.003661  0.999342  0.012608  0.034016  -0.012345  0.999892  -0.007941  -0.034112  0.007516  0.999390  -0.003836  -0.007267  -0.002902  0.000000  0.000000  0.000000  2.000000  
151.431401 0.000458  0.087614  -0.003664  0.999339  0.012818  0.034012  -0.012550  0.999889  -0.008069  -0.034112  0.007637  0.999389  -0.003790  -0.007199  -0.002968  0.000000  0.000000  0.000000  2.000000  
151.432637 0.000454  0.087606  -0.003669  0.999339  0.012822  0.034011  -0.012550  0.999888  -0.008191  -0.034112  0.007758  0.999388  -0.003742  -0.007097  -0.003016  0.000000  0.000000  0.000000  2.000000  
151.433639 0.000450  0.087600  -0.003672  0.999337  0.013032  0.034008  -0.012756  0.999884  -0.008319  -0.034112  0.007880  0.999387  -0.003757  -0.007076  -0.003105  0.000000  0.000000  0.000000  2.000000  
151.434886 0.000446  0.087592  -0.003677  0.999337  0.013036  0.034006  -0.012756  0.999883  -0.008440  -0.034112  0.008001  0.999386  -0.003735  -0.006991  -0.003166  0.000000  0.000000  0.000000  2.000000  
151.435889 0.000442  0.087586  -0.003680  0.999334  0.013246  0.034003  -0.012962  0.999879  -0.008569  -0.034112  0.008122  0.999385  -0.003755  -0.006943  -0.003267  0.000000  0.000000  0.000000  2.000000  
151.437134 0.000438  0.087579  -0.003685  0.999334  0.013246  0.034003  -0.012962  0.999879  -0.008569  -0.034112  0.008122  0.999385  -0.003796  -0.006906  -0.003354  0.000000  0.000000  0.000000  2.000000  
151.438138 0.000434  0.087572  -0.003688  0.999336  0.013455  0.033866  -0.013168  0.999875  -0.008695  -0.033978  0.008243  0.999389  -0.003858  -0.006848  -0.003369  0.000000  0.000000  0.000000  2.000000  
151.439391 0.000429  0.087564  -0.003692  0.999333  0.013665  0.033862  -0.013373  0.999872  -0.008823  -0.033978  0.008365  0.999388  -0.003909  -0.006800  -0.003420  0.000000  0.000000  0.000000  2.000000  
151.440635 0.000423  0.087556  -0.003697  0.999333  0.013673  0.033859  -0.013373  0.999869  -0.009066  -0.033978  0.008607  0.999386  -0.003984  -0.006744  -0.003463  0.000000  0.000000  0.000000  2.000000  
151.441636 0.000417  0.087548  -0.003701  0.999330  0.013883  0.033855  -0.013579  0.999866  -0.009194  -0.033978  0.008728  0.999384  -0.004045  -0.006749  -0.003555  0.000000  0.000000  0.000000  2.000000  
151.442644 0.000412  0.087541  -0.003705  0.999330  0.013887  0.033854  -0.013579  0.999864  -0.009315  -0.033978  0.008849  0.999383  -0.004095  -0.006684  -0.003594  0.000000  0.000000  0.000000  2.000000  
151.443892 0.000406  0.087532  -0.003711  0.999327  0.014097  0.033850  -0.013785  0.999860  -0.009444  -0.033978  0.008971  0.999382  -0.004148  -0.006639  -0.003646  0.000000  0.000000  0.000000  2.000000  
151.445138 0.000399  0.087523  -0.003716  0.999327  0.014101  0.033848  -0.013785  0.999859  -0.009565  -0.033978  0.009092  0.999381  -0.004277  -0.006630  -0.003722  0.000000  0.000000  0.000000  2.000000  
151.446138 0.000394  0.087517  -0.003720  0.999325  0.014311  0.033844  -0.013991  0.999855  -0.009693  -0.033978  0.009213  0.999380  -0.004350  -0.006627  -0.003812  0.000000  0.000000  0.000000  2.000000  
151.447391 0.000389  0.087509  -0.003726  0.999329  0.014314  0.033709  -0.013991  0.999854  -0.009813  -0.033845  0.009334  0.999384  -0.004414  -0.006601  -0.003911  0.000000  0.000000  0.000000  2.000000  
151.448394 0.000384  0.087503  -0.003731  0.999326  0.014524  0.033705  -0.014196  0.999850  -0.009941  -0.033845  0.009456  0.999382  -0.004496  -0.006579  -0.003982  0.000000  0.000000  0.000000  2.000000  
151.449638 0.000378  0.087495  -0.003737  0.999323  0.014734  0.033701  -0.014402  0.999846  -0.010069  -0.033845  0.009577  0.999381  -0.004607  -0.006577  -0.004085  0.000000  0.000000  0.000000  2.000000  
151.450887 0.000371  0.087487  -0.003743  0.999323  0.014738  0.033700  -0.014402  0.999844  -0.010190  -0.033845  0.009698  0.999380  -0.004744  -0.006628  -0.004183  0.000000  0.000000  0.000000  2.000000  
151.452137 0.000365  0.087479  -0.003749  0.999320  0.014948  0.033696  -0.014608  0.999840  -0.010319  -0.033845  0.009819  0.999379  -0.004921  -0.006671  -0.004346  0.000000  0.000000  0.000000  2.000000  
151.453139 0.000358  0.087472  -0.003754  0.999325  0.014955  0.033558  -0.014608  0.999838  -0.010559  -0.033711  0.010062  0.999381  -0.005060  -0.006723  -0.004446  0.000000  0.000000  0.000000  2.000000  
151.454391 0.000351  0.087462  -0.003760  0.999325  0.014959  0.033557  -0.014608  0.999836  -0.010680  -0.033711  0.010183  0.999380  -0.005191  -0.006797  -0.004533  0.000000  0.000000  0.000000  2.000000  
151.455636 0.000343  0.087453  -0.003766  0.999322  0.015169  0.033553  -0.014814  0.999832  -0.010809  -0.033711  0.010304  0.999379  -0.005306  -0.006801  -0.004624  0.000000  0.000000  0.000000  2.000000  
151.456638 0.000336  0.087445  -0.003771  0.999322  0.015173  0.033551  -0.014814  0.999831  -0.010930  -0.033711  0.010425  0.999377  -0.005457  -0.006846  -0.004688  0.000000  0.000000  0.000000  2.000000  
151.457884 0.000327  0.087436  -0.003777  0.999323  0.015381  0.033413  -0.015020  0.999826  -0.011056  -0.033577  0.010547  0.999380  -0.005605  -0.006881  -0.004725  0.000000  0.000000  0.000000  2.000000  
151.458892 0.000320  0.087428  -0.003782  0.999323  0.015386  0.033411  -0.015020  0.999825  -0.011177  -0.033577  0.010668  0.999379  -0.005724  -0.006941  -0.004791  0.000000  0.000000  0.000000  2.000000  
151.459892 0.000314  0.087421  -0.003787  0.999323  0.015390  0.033409  -0.015020  0.999823  -0.011299  -0.033577  0.010789  0.999378  -0.005792  -0.006964  -0.004839  0.000000  0.000000  0.000000  2.000000  
151.461139 0.000305  0.087412  -0.003793  0.999325  0.015602  0.033269  -0.015225  0.999817  -0.011546  -0.033443  0.011032  0.999380  -0.005960  -0.007010  -0.004873  0.000000  0.000000  0.000000  2.000000  
151.462140 0.000299  0.087405  -0.003798  0.999325  0.015606  0.033267  -0.015225  0.999816  -0.011667  -0.033443  0.011153  0.999378  -0.006082  -0.007076  -0.004866  0.000000  0.000000  0.000000  2.000000  
151.463141 0.000292  0.087398  -0.003803  0.999325  0.015606  0.033267  -0.015225  0.999816  -0.011667  -0.033443  0.011153  0.999378  -0.006204  -0.007099  -0.004913  0.000000  0.000000  0.000000  2.000000  
151.464391 0.000284  0.087389  -0.003810  0.999329  0.015613  0.033130  -0.015225  0.999813  -0.011908  -0.033310  0.011395  0.999380  -0.006347  -0.007176  -0.004983  0.000000  0.000000  0.000000  2.000000  
151.465391 0.000276  0.087382  -0.003815  0.999326  0.015822  0.033126  -0.015431  0.999808  -0.012036  -0.033310  0.011517  0.999379  -0.006506  -0.007245  -0.005007  0.000000  0.000000  0.000000  2.000000  
151.466399 0.000269  0.087374  -0.003821  0.999330  0.015825  0.032990  -0.015431  0.999807  -0.012155  -0.033176  0.011638  0.999382  -0.006615  -0.007286  -0.005039  0.000000  0.000000  0.000000  2.000000  
151.467636 0.000260  0.087364  -0.003827  0.999330  0.015829  0.032988  -0.015431  0.999806  -0.012276  -0.033176  0.011759  0.999380  -0.006805  -0.007395  -0.005054  0.000000  0.000000  0.000000  2.000000  
151.468889 0.000249  0.087354  -0.003834  0.999335  0.015831  0.032852  -0.015431  0.999804  -0.012396  -0.033042  0.011880  0.999383  -0.006996  -0.007487  -0.005096  0.000000  0.000000  0.000000  2.000000  
151.470135 0.000239  0.087343  -0.003841  0.999335  0.015835  0.032851  -0.015431  0.999803  -0.012517  -0.033042  0.012002  0.999382  -0.007140  -0.007555  -0.005132  0.000000  0.000000  0.000000  2.000000  
151.471139 0.000231  0.087335  -0.003846  0.999332  0.016045  0.032846  -0.015637  0.999798  -0.012645  -0.033042  0.012123  0.999380  -0.007223  -0.007576  -0.005165  0.000000  0.000000  0.000000  2.000000  
151.472393 0.000220  0.087325  -0.003852  0.999336  0.016051  0.032708  -0.015637  0.999795  -0.012885  -0.032909  0.012365  0.999382  -0.007388  -0.007660  -0.005142  0.000000  0.000000  0.000000  2.000000  
151.473636 0.000210  0.087315  -0.003858  0.999336  0.016055  0.032706  -0.015637  0.999793  -0.013007  -0.032909  0.012487  0.999380  -0.007500  -0.007705  -0.005161  0.000000  0.000000  0.000000  2.000000  
151.474636 0.000202  0.087306  -0.003863  0.999340  0.016058  0.032571  -0.015637  0.999792  -0.013126  -0.032775  0.012608  0.999383  -0.007589  -0.007746  -0.005135  0.000000  0.000000  0.000000  2.000000  
151.475642 0.000193  0.087298  -0.003868  0.999340  0.016062  0.032569  -0.015637  0.999790  -0.013247  -0.032775  0.012729  0.999382  -0.007723  -0.007790  -0.005154  0.000000  0.000000  0.000000  2.000000  
151.476649 0.000185  0.087291  -0.003873  0.999345  0.016060  0.032435  -0.015637  0.999790  -0.013245  -0.032641  0.012729  0.999386  -0.007810  -0.007827  -0.005125  0.000000  0.000000  0.000000  2.000000  
151.477888 0.000175  0.087281  -0.003879  0.999349  0.016066  0.032298  -0.015637  0.999787  -0.013485  -0.032507  0.012972  0.999387  -0.007951  -0.007911  -0.005118  0.000000  0.000000  0.000000  2.000000  
151.478890 0.000167  0.087273  -0.003884  0.999346  0.016272  0.032295  -0.015843  0.999783  -0.013492  -0.032507  0.012972  0.999387  -0.008036  -0.007988  -0.005132  0.000000  0.000000  0.000000  2.000000  
151.480139 0.000156  0.087262  -0.003890  0.999350  0.016278  0.032157  -0.015843  0.999780  -0.013732  -0.032374  0.013214  0.999388  -0.008167  -0.008075  -0.005081  0.000000  0.000000  0.000000  2.000000  
151.481404 0.000145  0.087252  -0.003896  0.999350  0.016282  0.032155  -0.015843  0.999779  -0.013854  -0.032374  0.013335  0.999387  -0.008270  -0.008152  -0.005055  0.000000  0.000000  0.000000  2.000000  
151.482640 0.000134  0.087241  -0.003902  0.999355  0.016284  0.032020  -0.015843  0.999777  -0.013973  -0.032240  0.013457  0.999390  -0.008381  -0.008195  -0.004998  0.000000  0.000000  0.000000  2.000000  
151.483886 0.000122  0.087230  -0.003908  0.999359  0.016286  0.031884  -0.015843  0.999775  -0.014092  -0.032106  0.013578  0.999392  -0.008482  -0.008247  -0.004975  0.000000  0.000000  0.000000  2.000000  
151.485133 0.000111  0.087219  -0.003915  0.999359  0.016294  0.031880  -0.015843  0.999772  -0.014335  -0.032106  0.013820  0.999389  -0.008563  -0.008308  -0.004936  0.000000  0.000000  0.000000  2.000000  
151.486135 0.000102  0.087210  -0.003919  0.999360  0.016502  0.031741  -0.016049  0.999767  -0.014460  -0.031972  0.013942  0.999392  -0.008615  -0.008348  -0.004880  0.000000  0.000000  0.000000  2.000000  
151.487392 0.000090  0.087199  -0.003926  0.999360  0.016505  0.031739  -0.016049  0.999765  -0.014582  -0.031972  0.014063  0.999390  -0.008696  -0.008366  -0.004894  0.000000  0.000000  0.000000  2.000000  
151.488636 0.000079  0.087188  -0.003932  0.999364  0.016507  0.031604  -0.016049  0.999763  -0.014701  -0.031839  0.014184  0.999392  -0.008750  -0.008436  -0.004920  0.000000  0.000000  0.000000  2.000000  
151.489638 0.000070  0.087180  -0.003937  0.999368  0.016509  0.031468  -0.016049  0.999761  -0.014820  -0.031705  0.014305  0.999395  -0.008793  -0.008448  -0.004902  0.000000  0.000000  0.000000  2.000000  
151.490886 0.000058  0.087169  -0.003943  0.999369  0.016713  0.031331  -0.016255  0.999758  -0.014824  -0.031571  0.014305  0.999399  -0.008880  -0.008478  -0.004923  0.000000  0.000000  0.000000  2.000000  
151.492144 0.000047  0.087159  -0.003950  0.999374  0.016715  0.031195  -0.016255  0.999756  -0.014943  -0.031438  0.014427  0.999402  -0.008941  -0.008548  -0.004950  0.000000  0.000000  0.000000  2.000000  
151.493398 0.000036  0.087148  -0.003956  0.999378  0.016717  0.031060  -0.016255  0.999754  -0.015062  -0.031304  0.014548  0.999404  -0.009017  -0.008574  -0.004914  0.000000  0.000000  0.000000  2.000000  
151.494640 0.000024  0.087137  -0.003962  0.999382  0.016719  0.030924  -0.016255  0.999753  -0.015181  -0.031170  0.014669  0.999406  -0.009098  -0.008622  -0.004921  0.000000  0.000000  0.000000  2.000000  
151.495888 0.000012  0.087127  -0.003968  0.999379  0.016928  0.030919  -0.016461  0.999747  -0.015309  -0.031170  0.014791  0.999405  -0.009164  -0.008650  -0.004973  0.000000  0.000000  0.000000  2.000000  
151.496891 0.000002  0.087117  -0.003974  0.999383  0.016930  0.030783  -0.016461  0.999745  -0.015428  -0.031036  0.014912  0.999407  -0.009231  -0.008694  -0.005008  0.000000  0.000000  0.000000  2.000000  
151.497892 -0.000007  0.087109  -0.003979  0.999387  0.016928  0.030649  -0.016461  0.999746  -0.015426  -0.030903  0.014912  0.999411  -0.009281  -0.008688  -0.005003  0.000000  0.000000  0.000000  2.000000  
151.499138 -0.000020  0.087098  -0.003985  0.999388  0.017136  0.030510  -0.016667  0.999740  -0.015551  -0.030769  0.015033  0.999413  -0.009308  -0.008693  -0.005066  0.000000  0.000000  0.000000  2.000000  
151.500138 -0.000030  0.087088  -0.003991  0.999392  0.017137  0.030375  -0.016667  0.999738  -0.015670  -0.030635  0.015154  0.999416  -0.009364  -0.008693  -0.005065  0.000000  0.000000  0.000000  2.000000  
151.501144 -0.000039  0.087080  -0.003996  0.999392  0.017345  0.030235  -0.016873  0.999733  -0.015795  -0.030501  0.015276  0.999418  -0.009397  -0.008687  -0.005091  0.000000  0.000000  0.000000  2.000000  
151.502392 -0.000051  0.087069  -0.004003  0.999396  0.017343  0.030102  -0.016873  0.999733  -0.015793  -0.030368  0.015276  0.999422  -0.009419  -0.008687  -0.005152  0.000000  0.000000  0.000000  2.000000  
151.503636 -0.000063  0.087059  -0.004009  0.999397  0.017550  0.029963  -0.017079  0.999727  -0.015918  -0.030234  0.015397  0.999424  -0.009478  -0.008641  -0.005170  0.000000  0.000000  0.000000  2.000000  
151.504884 -0.000075  0.087048  -0.004017  0.999401  0.017552  0.029827  -0.017079  0.999726  -0.016037  -0.030100  0.015518  0.999426  -0.009514  -0.008625  -0.005245  0.000000  0.000000  0.000000  2.000000  
151.505889 -0.000085  0.087040  -0.004022  0.999401  0.017755  0.029690  -0.017285  0.999722  -0.016041  -0.029966  0.015518  0.999430  -0.009562  -0.008592  -0.005283  0.000000  0.000000  0.000000  2.000000  
151.507138 -0.000097  0.087030  -0.004029  0.999409  0.017755  0.029420  -0.017285  0.999720  -0.016158  -0.029699  0.015640  0.999437  -0.009600  -0.008575  -0.005322  0.000000  0.000000  0.000000  2.000000  
151.508384 -0.000109  0.087020  -0.004036  0.999410  0.017959  0.029283  -0.017490  0.999716  -0.016162  -0.029565  0.015640  0.999440  -0.009681  -0.008580  -0.005383  0.000000  0.000000  0.000000  2.000000  
151.509396 -0.000119  0.087011  -0.004042  0.999414  0.017960  0.029147  -0.017491  0.999714  -0.016280  -0.029431  0.015761  0.999443  -0.009704  -0.008553  -0.005451  0.000000  0.000000  0.000000  2.000000  
151.510638 -0.000132  0.087001  -0.004050  0.999414  0.018167  0.029008  -0.017696  0.999709  -0.016405  -0.029298  0.015882  0.999445  -0.009784  -0.008529  -0.005519  0.000000  0.000000  0.000000  2.000000  
151.511640 -0.000142  0.086992  -0.004056  0.999418  0.018165  0.028874  -0.017696  0.999709  -0.016403  -0.029164  0.015882  0.999448  -0.009793  -0.008503  -0.005568  0.000000  0.000000  0.000000  2.000000  
151.512888 -0.000155  0.086982  -0.004063  0.999418  0.018372  0.028735  -0.017902  0.999703  -0.016528  -0.029030  0.016004  0.999450  -0.009861  -0.008486  -0.005630  0.000000  0.000000  0.000000  2.000000  
151.514138 -0.000169  0.086971  -0.004071  0.999422  0.018574  0.028464  -0.018108  0.999699  -0.016529  -0.028763  0.016004  0.999458  -0.009923  -0.008413  -0.005734  0.000000  0.000000  0.000000  2.000000  
151.515138 -0.000179  0.086963  -0.004077  0.999426  0.018575  0.028328  -0.018108  0.999697  -0.016648  -0.028629  0.016125  0.999460  -0.009952  -0.008391  -0.005805  0.000000  0.000000  0.000000  2.000000  
151.516391 -0.000191  0.086953  -0.004085  0.999426  0.018779  0.028191  -0.018314  0.999694  -0.016651  -0.028495  0.016125  0.999464  -0.009974  -0.008341  -0.005835  0.000000  0.000000  0.000000  2.000000  
151.517636 -0.000204  0.086943  -0.004093  0.999430  0.018780  0.028055  -0.018314  0.999692  -0.016770  -0.028362  0.016247  0.999466  -0.010027  -0.008242  -0.005895  0.000000  0.000000  0.000000  2.000000  
151.518640 -0.000214  0.086936  -0.004099  0.999430  0.018984  0.027918  -0.018520  0.999688  -0.016773  -0.028228  0.016247  0.999469  -0.010057  -0.008221  -0.005967  0.000000  0.000000  0.000000  2.000000  
151.519885 -0.000226  0.086926  -0.004106  0.999430  0.019191  0.027779  -0.018726  0.999682  -0.016898  -0.028094  0.016368  0.999471  -0.010093  -0.008145  -0.005966  0.000000  0.000000  0.000000  2.000000  
151.521143 -0.000239  0.086917  -0.004114  0.999434  0.019188  0.027645  -0.018726  0.999682  -0.016895  -0.027960  0.016368  0.999475  -0.010148  -0.008099  -0.006019  0.000000  0.000000  0.000000  2.000000  
151.522399 -0.000252  0.086907  -0.004122  0.999433  0.019395  0.027505  -0.018932  0.999676  -0.017020  -0.027827  0.016489  0.999477  -0.010157  -0.008016  -0.006043  0.000000  0.000000  0.000000  2.000000  
151.523640 -0.000264  0.086898  -0.004130  0.999437  0.019393  0.027372  -0.018932  0.999676  -0.017017  -0.027693  0.016489  0.999480  -0.010193  -0.008001  -0.006121  0.000000  0.000000  0.000000  2.000000  
151.524883 -0.000277  0.086888  -0.004137  0.999437  0.019600  0.027232  -0.019138  0.999670  -0.017141  -0.027559  0.016611  0.999482  -0.010167  -0.007921  -0.006117  0.000000  0.000000  0.000000  2.000000  
151.525893 -0.000287  0.086881  -0.004143  0.999437  0.019804  0.027095  -0.019343  0.999666  -0.017144  -0.027425  0.016611  0.999486  -0.010156  -0.007850  -0.006120  0.000000  0.000000  0.000000  2.000000  
151.527137 -0.000300  0.086870  -0.004151  0.999440  0.019805  0.026959  -0.019343  0.999664  -0.017263  -0.027292  0.016732  0.999487  -0.010182  -0.007843  -0.006143  0.000000  0.000000  0.000000  2.000000  
151.528139 -0.000310  0.086863  -0.004157  0.999440  0.020008  0.026821  -0.019549  0.999660  -0.017266  -0.027158  0.016732  0.999491  -0.010151  -0.007774  -0.006177  0.000000  0.000000  0.000000  2.000000  
151.529140 -0.000320  0.086855  -0.004164  0.999444  0.020009  0.026685  -0.019549  0.999658  -0.017385  -0.027024  0.016853  0.999493  -0.010109  -0.007706  -0.006155  0.000000  0.000000  0.000000  2.000000  
151.530158 -0.000330  0.086848  -0.004170  0.999444  0.020009  0.026685  -0.019549  0.999658  -0.017385  -0.027024  0.016853  0.999493  -0.010060  -0.007652  -0.006171  0.000000  0.000000  0.000000  2.000000  
151.531402 -0.000341  0.086839  -0.004177  0.999443  0.020213  0.026548  -0.019755  0.999654  -0.017388  -0.026890  0.016853  0.999496  -0.009963  -0.007559  -0.006159  0.000000  0.000000  0.000000  2.000000  
151.532637 -0.000353  0.086830  -0.004185  0.999443  0.020416  0.026411  -0.019961  0.999650  -0.017390  -0.026757  0.016853  0.999500  -0.009976  -0.007538  -0.006172  0.000000  0.000000  0.000000  2.000000  
151.533638 -0.000363  0.086823  -0.004191  0.999446  0.020417  0.026275  -0.019961  0.999647  -0.017509  -0.026623  0.016975  0.999501  -0.009898  -0.007509  -0.006116  0.000000  0.000000  0.000000  2.000000  
151.534884 -0.000374  0.086814  -0.004199  0.999446  0.020621  0.026137  -0.020167  0.999643  -0.017512  -0.026489  0.016975  0.999505  -0.009847  -0.007468  -0.006171  0.000000  0.000000  0.000000  2.000000  
151.535889 -0.000383  0.086807  -0.004205  0.999446  0.020621  0.026137  -0.020167  0.999643  -0.017512  -0.026489  0.016975  0.999505  -0.009777  -0.007450  -0.006164  0.000000  0.000000  0.000000  2.000000  
151.537136 -0.000395  0.086798  -0.004212  0.999445  0.020824  0.026000  -0.020373  0.999639  -0.017514  -0.026355  0.016975  0.999509  -0.009720  -0.007403  -0.006127  0.000000  0.000000  0.000000  2.000000  
151.538139 -0.000405  0.086791  -0.004218  0.999449  0.020825  0.025864  -0.020373  0.999637  -0.017633  -0.026222  0.017096  0.999510  -0.009712  -0.007395  -0.006121  0.000000  0.000000  0.000000  2.000000  
151.539388 -0.000416  0.086782  -0.004225  0.999444  0.021031  0.025860  -0.020579  0.999633  -0.017638  -0.026222  0.017096  0.999510  -0.009637  -0.007367  -0.006065  0.000000  0.000000  0.000000  2.000000  
151.540389 -0.000426  0.086774  -0.004231  0.999448  0.021029  0.025726  -0.020579  0.999633  -0.017635  -0.026088  0.017096  0.999513  -0.009582  -0.007380  -0.006106  0.000000  0.000000  0.000000  2.000000  
151.541399 -0.000435  0.086766  -0.004237  0.999448  0.021029  0.025726  -0.020579  0.999633  -0.017635  -0.026088  0.017096  0.999513  -0.009473  -0.007319  -0.006034  0.000000  0.000000  0.000000  2.000000  
151.542643 -0.000446  0.086757  -0.004244  0.999447  0.021235  0.025586  -0.020784  0.999626  -0.017759  -0.025954  0.017218  0.999515  -0.009404  -0.007292  -0.005984  0.000000  0.000000  0.000000  2.000000  
151.543644 -0.000455  0.086750  -0.004250  0.999447  0.021235  0.025586  -0.020784  0.999626  -0.017759  -0.025954  0.017218  0.999515  -0.009344  -0.007242  -0.005946  0.000000  0.000000  0.000000  2.000000  
151.544889 -0.000467  0.086741  -0.004257  0.999446  0.021439  0.025449  -0.020990  0.999622  -0.017762  -0.025820  0.017218  0.999518  -0.009294  -0.007247  -0.005945  0.000000  0.000000  0.000000  2.000000  
151.546138 -0.000478  0.086732  -0.004265  0.999442  0.021645  0.025445  -0.021196  0.999617  -0.017767  -0.025820  0.017218  0.999518  -0.009243  -0.007248  -0.005947  0.000000  0.000000  0.000000  2.000000  
151.547394 -0.000489  0.086723  -0.004272  0.999445  0.021642  0.025312  -0.021196  0.999618  -0.017764  -0.025687  0.017218  0.999522  -0.009194  -0.007265  -0.005906  0.000000  0.000000  0.000000  2.000000  
151.548638 -0.000500  0.086714  -0.004279  0.999441  0.021848  0.025308  -0.021402  0.999613  -0.017769  -0.025687  0.017218  0.999522  -0.009155  -0.007247  -0.005918  0.000000  0.000000  0.000000  2.000000  
151.549639 -0.000509  0.086707  -0.004285  0.999441  0.021848  0.025308  -0.021402  0.999613  -0.017769  -0.025687  0.017218  0.999522  -0.009131  -0.007314  -0.005887  0.000000  0.000000  0.000000  2.000000  
151.550885 -0.000521  0.086697  -0.004293  0.999440  0.022052  0.025171  -0.021608  0.999609  -0.017772  -0.025553  0.017218  0.999525  -0.009169  -0.007340  -0.005905  0.000000  0.000000  0.000000  2.000000  
151.551887 -0.000530  0.086689  -0.004299  0.999435  0.022257  0.025167  -0.021813  0.999604  -0.017777  -0.025553  0.017218  0.999525  -0.009155  -0.007384  -0.005882  0.000000  0.000000  0.000000  2.000000  
151.552889 -0.000539  0.086682  -0.004305  0.999435  0.022257  0.025167  -0.021813  0.999604  -0.017777  -0.025553  0.017218  0.999525  -0.009139  -0.007388  -0.005917  0.000000  0.000000  0.000000  2.000000  
151.554138 -0.000551  0.086672  -0.004313  0.999434  0.022464  0.025027  -0.022019  0.999597  -0.017900  -0.025419  0.017339  0.999527  -0.009152  -0.007436  -0.005953  0.000000  0.000000  0.000000  2.000000  
151.555139 -0.000560  0.086664  -0.004319  0.999434  0.022464  0.025027  -0.022019  0.999597  -0.017900  -0.025419  0.017339  0.999527  -0.009144  -0.007462  -0.005946  0.000000  0.000000  0.000000  2.000000  
151.556139 -0.000570  0.086656  -0.004325  0.999430  0.022670  0.025023  -0.022225  0.999593  -0.017905  -0.025419  0.017339  0.999527  -0.009182  -0.007490  -0.005969  0.000000  0.000000  0.000000  2.000000  
151.557390 -0.000582  0.086646  -0.004333  0.999430  0.022670  0.025023  -0.022225  0.999593  -0.017905  -0.025419  0.017339  0.999527  -0.009224  -0.007559  -0.006022  0.000000  0.000000  0.000000  2.000000  
151.558394 -0.000592  0.086638  -0.004339  0.999429  0.022873  0.024886  -0.022431  0.999588  -0.017908  -0.025285  0.017339  0.999530  -0.009237  -0.007583  -0.006069  0.000000  0.000000  0.000000  2.000000  
151.559403 -0.000601  0.086630  -0.004346  0.999429  0.022873  0.024886  -0.022431  0.999588  -0.017908  -0.025285  0.017339  0.999530  -0.009240  -0.007633  -0.006112  0.000000  0.000000  0.000000  2.000000  
151.560638 -0.000613  0.086621  -0.004354  0.999424  0.023079  0.024882  -0.022637  0.999583  -0.017913  -0.025285  0.017339  0.999530  -0.009297  -0.007684  -0.006179  0.000000  0.000000  0.000000  2.000000  
151.561641 -0.000622  0.086613  -0.004360  0.999419  0.023285  0.024879  -0.022842  0.999579  -0.017918  -0.025285  0.017339  0.999530  -0.009327  -0.007712  -0.006204  0.000000  0.000000  0.000000  2.000000  
151.562888 -0.000635  0.086603  -0.004368  0.999423  0.023282  0.024745  -0.022842  0.999579  -0.017915  -0.025151  0.017339  0.999533  -0.009389  -0.007759  -0.006241  0.000000  0.000000  0.000000  2.000000  
151.563889 -0.000644  0.086595  -0.004375  0.999418  0.023488  0.024741  -0.023048  0.999574  -0.017920  -0.025151  0.017339  0.999533  -0.009451  -0.007800  -0.006270  0.000000  0.000000  0.000000  2.000000  
151.564893 -0.000654  0.086587  -0.004381  0.999418  0.023488  0.024741  -0.023048  0.999574  -0.017920  -0.025151  0.017339  0.999533  -0.009513  -0.007853  -0.006315  0.000000  0.000000  0.000000  2.000000  
151.566139 -0.000667  0.086577  -0.004390  0.999413  0.023694  0.024737  -0.023254  0.999569  -0.017925  -0.025151  0.017339  0.999533  -0.009586  -0.007909  -0.006359  0.000000  0.000000  0.000000  2.000000  
151.567392 -0.000680  0.086566  -0.004398  0.999417  0.023692  0.024604  -0.023254  0.999569  -0.017922  -0.025018  0.017339  0.999537  -0.009743  -0.008009  -0.006406  0.000000  0.000000  0.000000  2.000000  
151.568402 -0.000690  0.086558  -0.004404  0.999417  0.023689  0.024607  -0.023254  0.999571  -0.017801  -0.025018  0.017218  0.999539  -0.009707  -0.007984  -0.006388  0.000000  0.000000  0.000000  2.000000  
151.569636 -0.000703  0.086547  -0.004413  0.999412  0.023894  0.024603  -0.023460  0.999566  -0.017806  -0.025018  0.017218  0.999539  -0.009789  -0.008055  -0.006471  0.000000  0.000000  0.000000  2.000000  
151.570636 -0.000714  0.086539  -0.004419  0.999415  0.023892  0.024469  -0.023460  0.999566  -0.017802  -0.024884  0.017218  0.999542  -0.009871  -0.008073  -0.006486  0.000000  0.000000  0.000000  2.000000  
151.571636 -0.000724  0.086530  -0.004426  0.999415  0.023892  0.024469  -0.023460  0.999566  -0.017802  -0.024884  0.017218  0.999542  -0.009928  -0.008144  -0.006513  0.000000  0.000000  0.000000  2.000000  
151.572639 -0.000734  0.086521  -0.004433  0.999410  0.024098  0.024466  -0.023666  0.999561  -0.017807  -0.024884  0.017218  0.999542  -0.010019  -0.008176  -0.006540  0.000000  0.000000  0.000000  2.000000  
151.573884 -0.000748  0.086511  -0.004441  0.999414  0.024096  0.024332  -0.023666  0.999561  -0.017804  -0.024750  0.017218  0.999545  -0.010105  -0.008236  -0.006584  0.000000  0.000000  0.000000  2.000000  
151.574886 -0.000758  0.086503  -0.004448  0.999414  0.024096  0.024332  -0.023666  0.999561  -0.017804  -0.024750  0.017218  0.999545  -0.010186  -0.008254  -0.006599  0.000000  0.000000  0.000000  2.000000  
151.575900 -0.000769  0.086494  -0.004455  0.999414  0.024096  0.024332  -0.023666  0.999561  -0.017804  -0.024750  0.017218  0.999545  -0.010251  -0.008307  -0.006643  0.000000  0.000000  0.000000  2.000000  
151.577138 -0.000782  0.086484  -0.004463  0.999412  0.024299  0.024195  -0.023872  0.999556  -0.017806  -0.024616  0.017218  0.999549  -0.010360  -0.008361  -0.006626  0.000000  0.000000  0.000000  2.000000  
151.578139 -0.000793  0.086476  -0.004469  0.999412  0.024299  0.024195  -0.023872  0.999556  -0.017806  -0.024616  0.017218  0.999549  -0.010396  -0.008372  -0.006605  0.000000  0.000000  0.000000  2.000000  
151.579140 -0.000803  0.086467  -0.004476  0.999415  0.024297  0.024061  -0.023872  0.999557  -0.017803  -0.024483  0.017218  0.999552  -0.010439  -0.008400  -0.006627  0.000000  0.000000  0.000000  2.000000  
151.580396 -0.000817  0.086457  -0.004484  0.999415  0.024297  0.024061  -0.023872  0.999557  -0.017803  -0.024483  0.017218  0.999552  -0.010549  -0.008428  -0.006620  0.000000  0.000000  0.000000  2.000000  
151.581403 -0.000828  0.086448  -0.004491  0.999415  0.024297  0.024061  -0.023872  0.999557  -0.017803  -0.024483  0.017218  0.999552  -0.010595  -0.008418  -0.006612  0.000000  0.000000  0.000000  2.000000  
151.582641 -0.000842  0.086437  -0.004499  0.999418  0.024294  0.023927  -0.023872  0.999557  -0.017800  -0.024349  0.017218  0.999555  -0.010678  -0.008466  -0.006620  0.000000  0.000000  0.000000  2.000000  
151.583886 -0.000856  0.086426  -0.004507  0.999418  0.024294  0.023927  -0.023872  0.999557  -0.017800  -0.024349  0.017218  0.999555  -0.010734  -0.008463  -0.006618  0.000000  0.000000  0.000000  2.000000  
151.585134 -0.000870  0.086416  -0.004516  0.999422  0.024292  0.023793  -0.023872  0.999557  -0.017797  -0.024215  0.017218  0.999558  -0.010794  -0.008464  -0.006619  0.000000  0.000000  0.000000  2.000000  
151.586135 -0.000882  0.086407  -0.004522  0.999422  0.024292  0.023793  -0.023872  0.999557  -0.017797  -0.024215  0.017218  0.999558  -0.010840  -0.008483  -0.006604  0.000000  0.000000  0.000000  2.000000  
151.587391 -0.000895  0.086396  -0.004530  0.999425  0.024287  0.023663  -0.023872  0.999559  -0.017672  -0.024081  0.017097  0.999564  -0.010911  -0.008492  -0.006611  0.000000  0.000000  0.000000  2.000000  
151.588392 -0.000906  0.086388  -0.004536  0.999428  0.024285  0.023529  -0.023872  0.999559  -0.017669  -0.023948  0.017097  0.999567  -0.010935  -0.008478  -0.006542  0.000000  0.000000  0.000000  2.000000  
151.589634 -0.000920  0.086377  -0.004544  0.999428  0.024285  0.023529  -0.023872  0.999559  -0.017669  -0.023948  0.017097  0.999567  -0.010988  -0.008503  -0.006534  0.000000  0.000000  0.000000  2.000000  
151.590636 -0.000931  0.086369  -0.004551  0.999431  0.024282  0.023395  -0.023872  0.999559  -0.017666  -0.023814  0.017097  0.999570  -0.011003  -0.008499  -0.006502  0.000000  0.000000  0.000000  2.000000  
151.591884 -0.000945  0.086359  -0.004559  0.999431  0.024282  0.023395  -0.023872  0.999559  -0.017666  -0.023814  0.017097  0.999570  -0.011054  -0.008493  -0.006497  0.000000  0.000000  0.000000  2.000000  
151.592890 -0.000956  0.086350  -0.004565  0.999435  0.024280  0.023262  -0.023872  0.999559  -0.017663  -0.023680  0.017097  0.999573  -0.011049  -0.008484  -0.006489  0.000000  0.000000  0.000000  2.000000  
151.594141 -0.000970  0.086340  -0.004573  0.999439  0.024074  0.023265  -0.023666  0.999564  -0.017658  -0.023680  0.017097  0.999573  -0.011092  -0.008501  -0.006472  0.000000  0.000000  0.000000  2.000000  
151.595391 -0.000983  0.086329  -0.004581  0.999443  0.024072  0.023131  -0.023666  0.999564  -0.017655  -0.023546  0.017097  0.999577  -0.011061  -0.008505  -0.006450  0.000000  0.000000  0.000000  2.000000  
151.596639 -0.000997  0.086318  -0.004589  0.999446  0.024070  0.022998  -0.023666  0.999564  -0.017651  -0.023413  0.017097  0.999580  -0.011071  -0.008495  -0.006414  0.000000  0.000000  0.000000  2.000000  
