1-Time 2-Px 3-Py 4-Pz 5-R11 6-R21 7-R31 8-R12 9-R22 10-R32 11-R13 12-R23 13-R33 14-Vx 15-Vy 16-Vz 17-Wx 18-Wy 19-Wz 20-state 21-PR11 22-PR21 23-PR31 24-PR12 25-PR22 26-PR32 27-PR13 28-PR23 29-PR33 
19.904492 0.010482  0.095192  -0.015960  0.996317  0.082624  0.022914  -0.083264  0.996120  0.028510  -0.020470  -0.030313  0.999331  -0.000019  0.000014  -0.000156  0.000000  0.000000  0.000000  2.000000  
19.905495 0.010482  0.095192  -0.015960  0.996317  0.082624  0.022914  -0.083264  0.996120  0.028510  -0.020470  -0.030313  0.999331  -0.000030  0.000017  -0.000117  0.000000  0.000000  0.000000  2.000000  
19.906498 0.010484  0.095192  -0.015960  0.996283  0.083032  0.022936  -0.083674  0.996082  0.028622  -0.020470  -0.030434  0.999327  0.000075  -0.000005  -0.000086  0.000000  0.000000  0.000000  2.000000  
19.907743 0.010486  0.095191  -0.015960  0.996246  0.083438  0.023081  -0.084084  0.996048  0.028601  -0.020604  -0.030434  0.999324  0.000232  -0.000027  -0.000064  0.000000  0.000000  0.000000  2.000000  
19.908991 0.010489  0.095190  -0.015960  0.996208  0.083841  0.023236  -0.084494  0.996011  0.028701  -0.020737  -0.030556  0.999318  0.000433  -0.000127  -0.000053  0.000000  0.000000  0.000000  2.000000  
19.909993 0.010492  0.095189  -0.015960  0.996188  0.084039  0.023386  -0.084699  0.995990  0.028806  -0.020871  -0.030677  0.999311  0.000622  -0.000202  -0.000051  0.000000  0.000000  0.000000  2.000000  
19.910994 0.010496  0.095188  -0.015960  0.996153  0.084449  0.023398  -0.085109  0.995955  0.028796  -0.020871  -0.030677  0.999311  0.000874  -0.000221  -0.000007  0.000000  0.000000  0.000000  2.000000  
19.911995 0.010500  0.095188  -0.015959  0.996121  0.084861  0.023286  -0.085519  0.995917  0.028919  -0.020737  -0.030798  0.999310  0.001177  -0.000238  0.000029  0.000000  0.000000  0.000000  2.000000  
19.912998 0.010504  0.095188  -0.015959  0.996068  0.085473  0.023315  -0.086135  0.995861  0.029025  -0.020737  -0.030919  0.999307  0.001428  -0.000256  0.000073  0.000000  0.000000  0.000000  2.000000  
19.914257 0.010509  0.095188  -0.015958  0.996014  0.086085  0.023343  -0.086750  0.995804  0.029131  -0.020737  -0.031040  0.999303  0.001773  -0.000270  0.000139  0.000000  0.000000  0.000000  2.000000  
19.915501 0.010515  0.095188  -0.015957  0.995958  0.086696  0.023494  -0.087365  0.995751  0.029105  -0.020871  -0.031040  0.999300  0.002173  -0.000285  0.000197  0.000000  0.000000  0.000000  2.000000  
19.916745 0.010521  0.095188  -0.015956  0.995901  0.087304  0.023656  -0.087979  0.995694  0.029200  -0.021005  -0.031161  0.999294  0.002623  -0.000217  0.000288  0.000000  0.000000  0.000000  2.000000  
19.917995 0.010528  0.095190  -0.015954  0.995822  0.088113  0.023957  -0.088799  0.995619  0.029277  -0.021272  -0.031282  0.999284  0.003104  -0.000143  0.000448  0.028712  -0.032720  0.185844  2.000000  
19.918999 0.010533  0.095191  -0.015951  0.995765  0.088720  0.024119  -0.089414  0.995561  0.029371  -0.021406  -0.031404  0.999278  0.003479  -0.000069  0.000626  0.032338  -0.037861  0.206420  2.000000  
19.920063 0.010539  0.095192  -0.015948  0.995725  0.089126  0.024264  -0.089824  0.995525  0.029349  -0.021540  -0.031403  0.999275  0.003849  -0.000021  0.000809  0.031974  -0.042703  0.219700  2.000000  
19.921244 0.010547  0.095193  -0.015946  0.995650  0.089943  0.024299  -0.090643  0.995448  0.029450  -0.021540  -0.031525  0.999271  0.004248  0.000105  0.000978  0.035534  -0.043658  0.247799  2.000000  
19.922255 0.010553  0.095195  -0.015943  0.995613  0.090350  0.024322  -0.091053  0.995407  0.029561  -0.021540  -0.031646  0.999267  0.004542  0.000198  0.001109  0.039306  -0.044086  0.261530  2.000000  
19.923495 0.010559  0.095195  -0.015940  0.995554  0.090957  0.024485  -0.091668  0.995348  0.029654  -0.021674  -0.031767  0.999260  0.004767  0.000294  0.001303  0.042938  -0.049253  0.282204  2.000000  
19.924496 0.010565  0.095195  -0.015937  0.995516  0.091364  0.024508  -0.092078  0.995307  0.029765  -0.021674  -0.031888  0.999256  0.004969  0.000368  0.001506  0.046737  -0.049716  0.296117  2.000000  
19.925742 0.010572  0.095194  -0.015935  0.995437  0.092174  0.024688  -0.092897  0.995224  0.029974  -0.021807  -0.032131  0.999246  0.005144  0.000377  0.001622  0.054278  -0.055103  0.323582  2.000000  
19.926745 0.010578  0.095194  -0.015934  0.995396  0.092576  0.024845  -0.093307  0.995183  0.030072  -0.021941  -0.032252  0.999239  0.005277  0.000361  0.001721  0.058030  -0.060040  0.337208  2.000000  
19.927749 0.010583  0.095194  -0.015932  0.995335  0.093183  0.025008  -0.093921  0.995123  0.030165  -0.022075  -0.032373  0.999232  0.005407  0.000370  0.001781  0.061342  -0.064887  0.356059  2.000000  
19.928995 0.010589  0.095192  -0.015930  0.995290  0.093581  0.025298  -0.094331  0.995081  0.030250  -0.022343  -0.032494  0.999222  0.005440  0.000270  0.001847  0.065386  -0.074662  0.371409  2.000000  
19.930015 0.010593  0.095190  -0.015929  0.995271  0.093783  0.025315  -0.094536  0.995058  0.030365  -0.022343  -0.032615  0.999218  0.005390  0.000140  0.001878  0.069263  -0.074847  0.378041  2.000000  
19.931248 0.010599  0.095188  -0.015928  0.995229  0.094186  0.025472  -0.094945  0.995016  0.030463  -0.022476  -0.032736  0.999211  0.005365  -0.000017  0.001913  0.073053  -0.079840  0.391921  2.000000  
19.932251 0.010603  0.095187  -0.015928  0.995187  0.094588  0.025629  -0.095355  0.994974  0.030560  -0.022610  -0.032857  0.999204  0.005283  -0.000210  0.001816  0.076783  -0.084771  0.405486  2.000000  
19.933252 0.010607  0.095185  -0.015927  0.995147  0.094994  0.025654  -0.095764  0.994931  0.030671  -0.022610  -0.032978  0.999200  0.005178  -0.000375  0.001749  0.080570  -0.085243  0.419352  2.000000  
19.934495 0.010610  0.095183  -0.015925  0.995124  0.095192  0.025805  -0.095969  0.994909  0.030773  -0.022744  -0.033099  0.999193  0.004921  -0.000579  0.001571  0.084498  -0.090014  0.426270  2.000000  
19.935744 0.010614  0.095182  -0.015923  0.995102  0.095389  0.025956  -0.096173  0.994886  0.030876  -0.022878  -0.033221  0.999186  0.004686  -0.000755  0.001535  0.088546  -0.094534  0.426120  2.000000  
19.936746 0.010617  0.095181  -0.015921  0.995082  0.095591  0.025973  -0.096378  0.994862  0.030991  -0.022878  -0.033342  0.999182  0.004481  -0.000906  0.001549  0.088702  -0.094372  0.419224  2.000000  
19.937996 0.010620  0.095179  -0.015919  0.995059  0.095791  0.026113  -0.096583  0.994843  0.030973  -0.023011  -0.033342  0.999179  0.004177  -0.001075  0.001477  0.088756  -0.089643  0.412389  2.000000  
19.939000 0.010621  0.095177  -0.015917  0.995036  0.095991  0.026252  -0.096787  0.994824  0.030954  -0.023145  -0.033342  0.999176  0.003892  -0.001213  0.001465  0.084781  -0.089452  0.405492  2.000000  
19.940246 0.010622  0.095174  -0.015914  0.995016  0.096193  0.026270  -0.096992  0.994800  0.031070  -0.023145  -0.033463  0.999172  0.003463  -0.001355  0.001440  0.084091  -0.088772  0.402180  2.000000  
19.941496 0.010622  0.095172  -0.015912  0.995013  0.096188  0.026403  -0.096992  0.994801  0.031057  -0.023279  -0.033463  0.999169  0.003066  -0.001490  0.001500  0.080334  -0.092826  0.388366  2.000000  
19.942742 0.010622  0.095169  -0.015909  0.994993  0.096393  0.026410  -0.097197  0.994781  0.031051  -0.023279  -0.033463  0.999169  0.002578  -0.001650  0.001568  0.080658  -0.096839  0.374489  2.000000  
19.943997 0.010621  0.095166  -0.015906  0.994993  0.096393  0.026410  -0.097197  0.994781  0.031051  -0.023279  -0.033463  0.999169  0.002083  -0.001737  0.001628  0.073802  -0.096822  0.350020  2.000000  
19.944999 0.010620  0.095163  -0.015904  0.994993  0.096393  0.026410  -0.097197  0.994781  0.031051  -0.023279  -0.033463  0.999169  0.001822  -0.001787  0.001671  0.074053  -0.091841  0.336189  2.000000  
19.946265 0.010619  0.095160  -0.015903  0.994990  0.096389  0.026543  -0.097197  0.994781  0.031038  -0.023413  -0.033463  0.999166  0.001302  -0.001848  0.001720  0.070355  -0.091143  0.315275  2.000000  
19.947496 0.010618  0.095156  -0.015902  0.994990  0.096389  0.026543  -0.097197  0.994781  0.031038  -0.023413  -0.033463  0.999166  0.000920  -0.002007  0.001716  0.066213  -0.085343  0.292437  2.000000  
19.948497 0.010616  0.095153  -0.015903  0.994987  0.096384  0.026676  -0.097196  0.994782  0.031025  -0.023546  -0.033462  0.999163  0.000581  -0.002073  0.001610  0.063251  -0.080680  0.267357  2.000000  
19.949746 0.010614  0.095149  -0.015903  0.994987  0.096384  0.026676  -0.097196  0.994782  0.031025  -0.023546  -0.033462  0.999163  0.000173  -0.002289  0.001435  0.063841  -0.075677  0.247298  2.000000  
19.950752 0.010614  0.095146  -0.015903  0.994984  0.096380  0.026809  -0.097196  0.994782  0.031012  -0.023680  -0.033462  0.999159  -0.000087  -0.002410  0.001297  0.060054  -0.079318  0.225777  2.000000  
19.951996 0.010613  0.095142  -0.015904  0.994984  0.096380  0.026809  -0.097196  0.994782  0.031012  -0.023680  -0.033462  0.999159  -0.000399  -0.002591  0.001079  0.055839  -0.078247  0.210244  2.000000  
19.953250 0.010611  0.095139  -0.015904  0.995004  0.096175  0.026803  -0.096991  0.994802  0.031018  -0.023680  -0.033462  0.999159  -0.000638  -0.002633  0.000905  0.052991  -0.073280  0.177545  2.000000  
19.954256 0.010610  0.095136  -0.015904  0.995023  0.095974  0.026785  -0.096786  0.994825  0.030903  -0.023680  -0.033341  0.999163  -0.000772  -0.002699  0.000763  0.000000  0.000000  0.000000  2.000000  
19.955494 0.010609  0.095133  -0.015905  0.995023  0.095974  0.026785  -0.096786  0.994825  0.030903  -0.023680  -0.033341  0.999163  -0.000864  -0.002741  0.000603  0.000000  0.000000  0.000000  2.000000  
19.956741 0.010608  0.095129  -0.015905  0.995040  0.095768  0.026900  -0.096581  0.994849  0.030774  -0.023814  -0.033220  0.999164  -0.000961  -0.002788  0.000424  0.000000  0.000000  0.000000  2.000000  
19.957744 0.010607  0.095126  -0.015905  0.995040  0.095768  0.026900  -0.096581  0.994849  0.030774  -0.023814  -0.033220  0.999164  -0.000974  -0.002849  0.000246  0.000000  0.000000  0.000000  2.000000  
19.958991 0.010607  0.095123  -0.015905  0.995040  0.095771  0.026888  -0.096581  0.994853  0.030654  -0.023814  -0.033099  0.999168  -0.000904  -0.002838  0.000098  0.000000  0.000000  0.000000  2.000000  
19.959992 0.010607  0.095121  -0.015904  0.995060  0.095566  0.026882  -0.096376  0.994873  0.030659  -0.023814  -0.033099  0.999168  -0.000851  -0.002794  -0.000005  0.000000  0.000000  0.000000  2.000000  
19.960994 0.010608  0.095120  -0.015904  0.995080  0.095364  0.026864  -0.096171  0.994896  0.030544  -0.023814  -0.032977  0.999172  -0.000745  -0.002748  -0.000115  0.000000  0.000000  0.000000  2.000000  
19.961996 0.010610  0.095118  -0.015904  0.995080  0.095368  0.026852  -0.096171  0.994900  0.030424  -0.023814  -0.032856  0.999176  -0.000579  -0.002634  -0.000137  0.000000  0.000000  0.000000  2.000000  
19.962999 0.010611  0.095118  -0.015904  0.995100  0.095163  0.026846  -0.095967  0.994919  0.030429  -0.023814  -0.032856  0.999176  -0.000380  -0.002442  -0.000096  0.000000  0.000000  0.000000  2.000000  
19.964248 0.010613  0.095117  -0.015904  0.995100  0.095166  0.026834  -0.095967  0.994923  0.030308  -0.023814  -0.032735  0.999180  -0.000127  -0.002213  -0.000062  0.000000  0.000000  0.000000  2.000000  
19.965496 0.010615  0.095116  -0.015904  0.995116  0.094957  0.026961  -0.095761  0.994943  0.030301  -0.023948  -0.032735  0.999177  0.000080  -0.002029  -0.000060  0.000000  0.000000  0.000000  2.000000  
19.966498 0.010617  0.095115  -0.015905  0.995116  0.094960  0.026950  -0.095761  0.994947  0.030180  -0.023948  -0.032614  0.999181  0.000291  -0.001873  -0.000059  0.000000  0.000000  0.000000  2.000000  
19.967743 0.010619  0.095115  -0.015906  0.995136  0.094755  0.026944  -0.095556  0.994966  0.030186  -0.023948  -0.032614  0.999181  0.000505  -0.001740  -0.000135  0.000000  0.000000  0.000000  2.000000  
19.968747 0.010621  0.095114  -0.015906  0.995136  0.094759  0.026932  -0.095556  0.994970  0.030065  -0.023948  -0.032493  0.999185  0.000765  -0.001555  -0.000153  0.000000  0.000000  0.000000  2.000000  
19.969748 0.010624  0.095113  -0.015907  0.995136  0.094759  0.026932  -0.095556  0.994970  0.030065  -0.023948  -0.032493  0.999185  0.000965  -0.001423  -0.000202  0.000000  0.000000  0.000000  2.000000  
19.970994 0.010626  0.095112  -0.015908  0.995156  0.094554  0.026926  -0.095352  0.994989  0.030071  -0.023948  -0.032493  0.999185  0.001229  -0.001236  -0.000208  0.000000  0.000000  0.000000  2.000000  
19.971997 0.010628  0.095112  -0.015908  0.995152  0.094549  0.027059  -0.095351  0.994990  0.030058  -0.024081  -0.032492  0.999182  0.001365  -0.001077  -0.000258  0.000000  0.000000  0.000000  2.000000  
19.973245 0.010630  0.095111  -0.015909  0.995152  0.094549  0.027059  -0.095351  0.994990  0.030058  -0.024081  -0.032492  0.999182  0.001546  -0.000895  -0.000325  0.000000  0.000000  0.000000  2.000000  
19.974495 0.010633  0.095111  -0.015910  0.995172  0.094345  0.027053  -0.095146  0.995009  0.030064  -0.024081  -0.032492  0.999182  0.001724  -0.000735  -0.000344  0.000000  0.000000  0.000000  2.000000  
19.975513 0.010635  0.095111  -0.015909  0.995172  0.094345  0.027053  -0.095146  0.995009  0.030064  -0.024081  -0.032492  0.999182  0.001816  -0.000626  -0.000328  0.000000  0.000000  0.000000  2.000000  
19.976743 0.010637  0.095111  -0.015908  0.995172  0.094345  0.027053  -0.095146  0.995009  0.030064  -0.024081  -0.032492  0.999182  0.001871  -0.000507  -0.000269  0.000000  0.000000  0.000000  2.000000  
19.977753 0.010639  0.095111  -0.015908  0.995172  0.094345  0.027053  -0.095146  0.995009  0.030064  -0.024081  -0.032492  0.999182  0.001921  -0.000461  -0.000261  0.000000  0.000000  0.000000  2.000000  
19.978997 0.010642  0.095113  -0.015906  0.995172  0.094348  0.027041  -0.095146  0.995013  0.029943  -0.024081  -0.032371  0.999186  0.001973  -0.000296  -0.000186  0.000000  0.000000  0.000000  2.000000  
19.980248 0.010644  0.095114  -0.015905  0.995172  0.094348  0.027041  -0.095146  0.995013  0.029943  -0.024081  -0.032371  0.999186  0.001989  -0.000151  -0.000061  0.000000  0.000000  0.000000  2.000000  
19.981500 0.010646  0.095115  -0.015904  0.995172  0.094348  0.027041  -0.095146  0.995013  0.029943  -0.024081  -0.032371  0.999186  0.001945  0.000016  0.000108  0.000000  0.000000  0.000000  2.000000  
19.982554 0.010647  0.095116  -0.015903  0.995172  0.094348  0.027041  -0.095146  0.995013  0.029943  -0.024081  -0.032371  0.999186  0.001884  0.000075  0.000205  0.000000  0.000000  0.000000  2.000000  
19.983749 0.010649  0.095117  -0.015901  0.995152  0.094553  0.027048  -0.095351  0.994993  0.029937  -0.024081  -0.032371  0.999186  0.001794  0.000191  0.000364  0.000000  0.000000  0.000000  2.000000  
19.984994 0.010650  0.095118  -0.015900  0.995152  0.094553  0.027048  -0.095351  0.994993  0.029937  -0.024081  -0.032371  0.999186  0.001717  0.000361  0.000534  0.000000  0.000000  0.000000  2.000000  
19.985998 0.010651  0.095118  -0.015898  0.995152  0.094549  0.027059  -0.095351  0.994990  0.030058  -0.024081  -0.032492  0.999182  0.001641  0.000448  0.000662  0.000000  0.000000  0.000000  2.000000  
19.987247 0.010652  0.095119  -0.015897  0.995152  0.094549  0.027059  -0.095351  0.994990  0.030058  -0.024081  -0.032492  0.999182  0.001580  0.000530  0.000806  0.000000  0.000000  0.000000  2.000000  
19.988250 0.010653  0.095120  -0.015895  0.995152  0.094549  0.027059  -0.095351  0.994990  0.030058  -0.024081  -0.032492  0.999182  0.001477  0.000626  0.000956  0.000000  0.000000  0.000000  2.000000  
19.989491 0.010654  0.095121  -0.015894  0.995152  0.094549  0.027059  -0.095351  0.994990  0.030058  -0.024081  -0.032492  0.999182  0.001400  0.000674  0.001038  0.000000  0.000000  0.000000  2.000000  
19.990497 0.010654  0.095121  -0.015894  0.995133  0.094751  0.027077  -0.095556  0.994967  0.030173  -0.024081  -0.032614  0.999178  0.001287  0.000700  0.001046  0.000000  0.000000  0.000000  2.000000  
19.991747 0.010655  0.095122  -0.015892  0.995133  0.094751  0.027077  -0.095556  0.994967  0.030173  -0.024081  -0.032614  0.999178  0.001148  0.000710  0.001088  0.000000  0.000000  0.000000  2.000000  
19.992993 0.010656  0.095123  -0.015891  0.995133  0.094748  0.027088  -0.095556  0.994963  0.030294  -0.024081  -0.032735  0.999174  0.001068  0.000723  0.001070  0.000000  0.000000  0.000000  2.000000  
19.994262 0.010657  0.095123  -0.015890  0.995136  0.094752  0.026955  -0.095556  0.994963  0.030307  -0.023948  -0.032735  0.999177  0.000927  0.000651  0.001069  0.000000  0.000000  0.000000  2.000000  
19.995496 0.010657  0.095124  -0.015888  0.995136  0.094752  0.026955  -0.095556  0.994963  0.030307  -0.023948  -0.032735  0.999177  0.000850  0.000644  0.001099  0.000000  0.000000  0.000000  2.000000  
19.996497 0.010658  0.095125  -0.015887  0.995136  0.094752  0.026955  -0.095556  0.994963  0.030307  -0.023948  -0.032735  0.999177  0.000798  0.000643  0.001108  0.000000  0.000000  0.000000  2.000000  
19.997498 0.010658  0.095125  -0.015885  0.995116  0.094957  0.026961  -0.095761  0.994943  0.030301  -0.023948  -0.032735  0.999177  0.000748  0.000623  0.001167  0.000000  0.000000  0.000000  2.000000  
19.998745 0.010659  0.095126  -0.015884  0.995116  0.094957  0.026961  -0.095761  0.994943  0.030301  -0.023948  -0.032735  0.999177  0.000704  0.000618  0.001133  0.000000  0.000000  0.000000  2.000000  
19.999745 0.010659  0.095126  -0.015883  0.995116  0.094954  0.026973  -0.095761  0.994939  0.030422  -0.023948  -0.032856  0.999173  0.000654  0.000571  0.001110  0.000000  0.000000  0.000000  2.000000  
20.000746 0.010660  0.095127  -0.015882  0.995116  0.094954  0.026973  -0.095761  0.994939  0.030422  -0.023948  -0.032856  0.999173  0.000602  0.000594  0.001070  0.000000  0.000000  0.000000  2.000000  
20.001999 0.010660  0.095128  -0.015881  0.995116  0.094954  0.026973  -0.095761  0.994939  0.030422  -0.023948  -0.032856  0.999173  0.000518  0.000564  0.001057  0.000000  0.000000  0.000000  2.000000  
20.003242 0.010660  0.095129  -0.015880  0.995116  0.094954  0.026973  -0.095761  0.994939  0.030422  -0.023948  -0.032856  0.999173  0.000468  0.000552  0.001010  0.000000  0.000000  0.000000  2.000000  
20.004498 0.010661  0.095129  -0.015879  0.995116  0.094954  0.026973  -0.095761  0.994939  0.030422  -0.023948  -0.032856  0.999173  0.000466  0.000587  0.001018  0.000000  0.000000  0.000000  2.000000  
20.005744 0.010661  0.095130  -0.015879  0.995116  0.094954  0.026973  -0.095761  0.994939  0.030422  -0.023948  -0.032856  0.999173  0.000459  0.000600  0.000954  0.000000  0.000000  0.000000  2.000000  
20.006992 0.010662  0.095131  -0.015878  0.995096  0.095158  0.026979  -0.095966  0.994920  0.030416  -0.023948  -0.032856  0.999173  0.000448  0.000625  0.000945  0.000000  0.000000  0.000000  2.000000  
20.008247 0.010662  0.095131  -0.015878  0.995096  0.095158  0.026979  -0.095966  0.994920  0.030416  -0.023948  -0.032856  0.999173  0.000374  0.000547  0.000858  0.000000  0.000000  0.000000  2.000000  
20.009494 0.010662  0.095132  -0.015879  0.995096  0.095158  0.026979  -0.095966  0.994920  0.030416  -0.023948  -0.032856  0.999173  0.000380  0.000580  0.000711  0.000000  0.000000  0.000000  2.000000  
20.010747 0.010662  0.095132  -0.015879  0.995096  0.095158  0.026979  -0.095966  0.994920  0.030416  -0.023948  -0.032856  0.999173  0.000315  0.000499  0.000582  0.000000  0.000000  0.000000  2.000000  
20.011992 0.010663  0.095132  -0.015879  0.995096  0.095158  0.026979  -0.095966  0.994920  0.030416  -0.023948  -0.032856  0.999173  0.000301  0.000457  0.000475  0.000000  0.000000  0.000000  2.000000  
20.012997 0.010663  0.095133  -0.015880  0.995096  0.095158  0.026979  -0.095966  0.994920  0.030416  -0.023948  -0.032856  0.999173  0.000272  0.000474  0.000359  0.000000  0.000000  0.000000  2.000000  
20.013997 0.010663  0.095133  -0.015880  0.995096  0.095158  0.026979  -0.095966  0.994920  0.030416  -0.023948  -0.032856  0.999173  0.000279  0.000445  0.000228  0.000000  0.000000  0.000000  2.000000  
20.015241 0.010663  0.095132  -0.015881  0.995096  0.095158  0.026979  -0.095966  0.994920  0.030416  -0.023948  -0.032856  0.999173  0.000277  0.000401  0.000088  0.000000  0.000000  0.000000  2.000000  
20.016257 0.010663  0.095133  -0.015882  0.995096  0.095162  0.026968  -0.095966  0.994923  0.030296  -0.023948  -0.032735  0.999177  0.000273  0.000374  -0.000009  0.000000  0.000000  0.000000  2.000000  
20.017499 0.010664  0.095133  -0.015883  0.995096  0.095162  0.026968  -0.095966  0.994923  0.030296  -0.023948  -0.032735  0.999177  0.000229  0.000306  -0.000127  0.000000  0.000000  0.000000  2.000000  
20.018743 0.010664  0.095133  -0.015883  0.995116  0.094957  0.026961  -0.095761  0.994943  0.030301  -0.023948  -0.032735  0.999177  0.000220  0.000273  -0.000225  0.000000  0.000000  0.000000  2.000000  
20.019997 0.010663  0.095133  -0.015885  0.995116  0.094957  0.026961  -0.095761  0.994943  0.030301  -0.023948  -0.032735  0.999177  0.000154  0.000209  -0.000418  0.000000  0.000000  0.000000  2.000000  
20.021024 0.010663  0.095133  -0.015886  0.995116  0.094957  0.026961  -0.095761  0.994943  0.030301  -0.023948  -0.032735  0.999177  0.000134  0.000177  -0.000478  0.000000  0.000000  0.000000  2.000000  
20.022263 0.010663  0.095134  -0.015886  0.995116  0.094957  0.026961  -0.095761  0.994943  0.030301  -0.023948  -0.032735  0.999177  0.000103  0.000171  -0.000547  0.000000  0.000000  0.000000  2.000000  
20.023494 0.010663  0.095133  -0.015888  0.995116  0.094957  0.026961  -0.095761  0.994943  0.030301  -0.023948  -0.032735  0.999177  0.000083  0.000160  -0.000645  0.000000  0.000000  0.000000  2.000000  
20.024497 0.010663  0.095133  -0.015889  0.995116  0.094957  0.026961  -0.095761  0.994943  0.030301  -0.023948  -0.032735  0.999177  0.000032  0.000080  -0.000689  0.000000  0.000000  0.000000  2.000000  
20.025743 0.010662  0.095133  -0.015890  0.995116  0.094957  0.026961  -0.095761  0.994943  0.030301  -0.023948  -0.032735  0.999177  0.000013  0.000071  -0.000784  0.000000  0.000000  0.000000  2.000000  
20.026746 0.010662  0.095132  -0.015892  0.995116  0.094957  0.026961  -0.095761  0.994943  0.030301  -0.023948  -0.032735  0.999177  -0.000091  0.000012  -0.000870  0.000000  0.000000  0.000000  2.000000  
20.027749 0.010661  0.095132  -0.015893  0.995116  0.094957  0.026961  -0.095761  0.994943  0.030301  -0.023948  -0.032735  0.999177  -0.000100  -0.000045  -0.000921  0.000000  0.000000  0.000000  2.000000  
20.028750 0.010661  0.095132  -0.015894  0.995116  0.094960  0.026950  -0.095761  0.994947  0.030180  -0.023948  -0.032614  0.999181  -0.000142  -0.000048  -0.000951  0.000000  0.000000  0.000000  2.000000  
20.029997 0.010661  0.095132  -0.015895  0.995116  0.094960  0.026950  -0.095761  0.994947  0.030180  -0.023948  -0.032614  0.999181  -0.000164  -0.000020  -0.000922  0.000000  0.000000  0.000000  2.000000  
20.031248 0.010661  0.095132  -0.015896  0.995116  0.094960  0.026950  -0.095761  0.994947  0.030180  -0.023948  -0.032614  0.999181  -0.000181  -0.000073  -0.000919  0.000000  0.000000  0.000000  2.000000  
20.032249 0.010660  0.095132  -0.015897  0.995116  0.094960  0.026950  -0.095761  0.994947  0.030180  -0.023948  -0.032614  0.999181  -0.000226  -0.000077  -0.000965  0.000000  0.000000  0.000000  2.000000  
20.033252 0.010660  0.095132  -0.015897  0.995116  0.094957  0.026961  -0.095761  0.994943  0.030301  -0.023948  -0.032735  0.999177  -0.000215  -0.000103  -0.000955  0.000000  0.000000  0.000000  2.000000  
20.034496 0.010660  0.095131  -0.015899  0.995116  0.094957  0.026961  -0.095761  0.994943  0.030301  -0.023948  -0.032735  0.999177  -0.000204  -0.000105  -0.000994  0.000000  0.000000  0.000000  2.000000  
20.035498 0.010660  0.095131  -0.015900  0.995119  0.094961  0.026828  -0.095762  0.994943  0.030314  -0.023814  -0.032735  0.999180  -0.000234  -0.000133  -0.001009  0.000000  0.000000  0.000000  2.000000  
20.036744 0.010660  0.095131  -0.015902  0.995100  0.095166  0.026834  -0.095967  0.994923  0.030308  -0.023814  -0.032735  0.999180  -0.000262  -0.000160  -0.001020  0.000000  0.000000  0.000000  2.000000  
20.037745 0.010660  0.095131  -0.015902  0.995100  0.095166  0.026834  -0.095967  0.994923  0.030308  -0.023814  -0.032735  0.999180  -0.000252  -0.000185  -0.001011  0.000000  0.000000  0.000000  2.000000  
20.038997 0.010659  0.095130  -0.015903  0.995100  0.095166  0.026834  -0.095967  0.994923  0.030308  -0.023814  -0.032735  0.999180  -0.000226  -0.000182  -0.000958  0.000000  0.000000  0.000000  2.000000  
20.040246 0.010659  0.095131  -0.015904  0.995100  0.095166  0.026834  -0.095967  0.994923  0.030308  -0.023814  -0.032735  0.999180  -0.000206  -0.000151  -0.000898  0.000000  0.000000  0.000000  2.000000  
20.041247 0.010659  0.095130  -0.015905  0.995100  0.095166  0.026834  -0.095967  0.994923  0.030308  -0.023814  -0.032735  0.999180  -0.000203  -0.000148  -0.000884  0.000000  0.000000  0.000000  2.000000  
20.042255 0.010659  0.095130  -0.015906  0.995100  0.095166  0.026834  -0.095967  0.994923  0.030308  -0.023814  -0.032735  0.999180  -0.000151  -0.000148  -0.000893  0.000000  0.000000  0.000000  2.000000  
20.043496 0.010660  0.095130  -0.015906  0.995100  0.095166  0.026834  -0.095967  0.994923  0.030308  -0.023814  -0.032735  0.999180  -0.000110  -0.000145  -0.000862  0.000000  0.000000  0.000000  2.000000  
20.044499 0.010660  0.095130  -0.015907  0.995100  0.095166  0.026834  -0.095967  0.994923  0.030308  -0.023814  -0.032735  0.999180  -0.000081  -0.000142  -0.000807  0.000000  0.000000  0.000000  2.000000  
20.045746 0.010660  0.095130  -0.015908  0.995080  0.095368  0.026852  -0.096171  0.994900  0.030424  -0.023814  -0.032856  0.999176  -0.000048  -0.000089  -0.000820  0.000000  0.000000  0.000000  2.000000  
20.046996 0.010660  0.095130  -0.015909  0.995080  0.095368  0.026852  -0.096171  0.994900  0.030424  -0.023814  -0.032856  0.999176  -0.000027  -0.000117  -0.000849  0.000000  0.000000  0.000000  2.000000  
20.047998 0.010660  0.095130  -0.015910  0.995080  0.095368  0.026852  -0.096171  0.994900  0.030424  -0.023814  -0.032856  0.999176  0.000004  -0.000090  -0.000842  0.000000  0.000000  0.000000  2.000000  
20.049250 0.010661  0.095130  -0.015912  0.995080  0.095368  0.026852  -0.096171  0.994900  0.030424  -0.023814  -0.032856  0.999176  0.000046  -0.000064  -0.000860  0.000000  0.000000  0.000000  2.000000  
20.050257 0.010661  0.095131  -0.015912  0.995080  0.095368  0.026852  -0.096171  0.994900  0.030424  -0.023814  -0.032856  0.999176  0.000108  -0.000007  -0.000817  0.000000  0.000000  0.000000  2.000000  
20.051496 0.010662  0.095131  -0.015914  0.995080  0.095368  0.026852  -0.096171  0.994900  0.030424  -0.023814  -0.032856  0.999176  0.000169  -0.000009  -0.000850  0.000000  0.000000  0.000000  2.000000  
20.052499 0.010662  0.095131  -0.015914  0.995060  0.095572  0.026859  -0.096376  0.994880  0.030418  -0.023814  -0.032856  0.999176  0.000158  -0.000007  -0.000812  0.000000  0.000000  0.000000  2.000000  
20.053743 0.010662  0.095130  -0.015916  0.995060  0.095572  0.026859  -0.096376  0.994880  0.030418  -0.023814  -0.032856  0.999176  0.000172  -0.000010  -0.000865  0.000000  0.000000  0.000000  2.000000  
20.054745 0.010662  0.095130  -0.015916  0.995060  0.095572  0.026859  -0.096376  0.994880  0.030418  -0.023814  -0.032856  0.999176  0.000172  -0.000010  -0.000865  0.000000  0.000000  0.000000  2.000000  
20.055992 0.010662  0.095130  -0.015918  0.995060  0.095572  0.026859  -0.096376  0.994880  0.030418  -0.023814  -0.032856  0.999176  0.000211  0.000016  -0.000867  0.000000  0.000000  0.000000  2.000000  
20.056995 0.010663  0.095130  -0.015919  0.995057  0.095568  0.026992  -0.096376  0.994880  0.030405  -0.023948  -0.032856  0.999173  0.000222  0.000013  -0.000906  0.000000  0.000000  0.000000  2.000000  
20.058254 0.010663  0.095130  -0.015920  0.995037  0.095773  0.026998  -0.096581  0.994861  0.030400  -0.023948  -0.032856  0.999173  0.000226  0.000014  -0.000920  0.000000  0.000000  0.000000  2.000000  
20.059494 0.010663  0.095131  -0.015922  0.995037  0.095773  0.026998  -0.096581  0.994861  0.030400  -0.023948  -0.032856  0.999173  0.000234  0.000033  -0.000991  0.000000  0.000000  0.000000  2.000000  
20.060495 0.010664  0.095130  -0.015923  0.995037  0.095773  0.026998  -0.096581  0.994861  0.030400  -0.023948  -0.032856  0.999173  0.000244  0.000008  -0.000982  0.000000  0.000000  0.000000  2.000000  
20.061503 0.010664  0.095130  -0.015924  0.995017  0.095978  0.027004  -0.096786  0.994841  0.030394  -0.023948  -0.032856  0.999173  0.000259  0.000005  -0.001037  0.000000  0.000000  0.000000  2.000000  
20.062746 0.010664  0.095130  -0.015925  0.995017  0.095978  0.027004  -0.096786  0.994841  0.030394  -0.023948  -0.032856  0.999173  0.000256  0.000005  -0.001023  0.000000  0.000000  0.000000  2.000000  
20.063996 0.010665  0.095130  -0.015926  0.995017  0.095978  0.027004  -0.096786  0.994841  0.030394  -0.023948  -0.032856  0.999173  0.000259  -0.000018  -0.000990  0.000000  0.000000  0.000000  2.000000  
20.064998 0.010665  0.095130  -0.015927  0.994997  0.096183  0.027010  -0.096990  0.994821  0.030388  -0.023948  -0.032856  0.999173  0.000239  -0.000049  -0.001050  0.000000  0.000000  0.000000  2.000000  
20.066262 0.010665  0.095130  -0.015929  0.994997  0.096183  0.027010  -0.096990  0.994821  0.030388  -0.023948  -0.032856  0.999173  0.000238  -0.000049  -0.001049  0.000000  0.000000  0.000000  2.000000  
20.067496 0.010665  0.095129  -0.015930  0.994997  0.096183  0.027010  -0.096990  0.994821  0.030388  -0.023948  -0.032856  0.999173  0.000225  -0.000104  -0.001083  0.000000  0.000000  0.000000  2.000000  
20.068498 0.010666  0.095129  -0.015932  0.994997  0.096183  0.027010  -0.096990  0.994821  0.030388  -0.023948  -0.032856  0.999173  0.000256  -0.000076  -0.001062  0.000000  0.000000  0.000000  2.000000  
20.069744 0.010666  0.095128  -0.015934  0.994977  0.096387  0.027017  -0.097195  0.994801  0.030383  -0.023948  -0.032856  0.999173  0.000257  -0.000134  -0.001150  0.000000  0.000000  0.000000  2.000000  
20.070744 0.010667  0.095128  -0.015935  0.994977  0.096387  0.027017  -0.097195  0.994801  0.030383  -0.023948  -0.032856  0.999173  0.000283  -0.000188  -0.001151  0.000000  0.000000  0.000000  2.000000  
20.071997 0.010667  0.095127  -0.015937  0.994977  0.096387  0.027017  -0.097195  0.994801  0.030383  -0.023948  -0.032856  0.999173  0.000252  -0.000216  -0.001172  0.000000  0.000000  0.000000  2.000000  
20.073247 0.010667  0.095127  -0.015938  0.994957  0.096592  0.027023  -0.097400  0.994782  0.030377  -0.023948  -0.032856  0.999173  0.000280  -0.000243  -0.001221  0.000000  0.000000  0.000000  2.000000  
20.074255 0.010668  0.095126  -0.015939  0.994957  0.096592  0.027023  -0.097400  0.994782  0.030377  -0.023948  -0.032856  0.999173  0.000294  -0.000295  -0.001183  0.000000  0.000000  0.000000  2.000000  
20.075497 0.010668  0.095126  -0.015940  0.994957  0.096592  0.027023  -0.097400  0.994782  0.030377  -0.023948  -0.032856  0.999173  0.000293  -0.000318  -0.001136  0.000000  0.000000  0.000000  2.000000  
20.076744 0.010669  0.095125  -0.015942  0.994937  0.096797  0.027029  -0.097605  0.994762  0.030372  -0.023948  -0.032856  0.999173  0.000310  -0.000341  -0.001147  0.000000  0.000000  0.000000  2.000000  
20.077749 0.010669  0.095125  -0.015943  0.994937  0.096797  0.027029  -0.097605  0.994762  0.030372  -0.023948  -0.032856  0.999173  0.000325  -0.000372  -0.001157  0.000000  0.000000  0.000000  2.000000  
20.078996 0.010669  0.095124  -0.015944  0.994937  0.096797  0.027029  -0.097605  0.994762  0.030372  -0.023948  -0.032856  0.999173  0.000311  -0.000422  -0.001188  0.000000  0.000000  0.000000  2.000000  
20.080248 0.010670  0.095123  -0.015946  0.994917  0.097002  0.027035  -0.097810  0.994742  0.030366  -0.023948  -0.032856  0.999173  0.000321  -0.000447  -0.001179  0.000000  0.000000  0.000000  2.000000  
20.081248 0.010670  0.095123  -0.015946  0.994917  0.097002  0.027035  -0.097810  0.994742  0.030366  -0.023948  -0.032856  0.999173  0.000321  -0.000470  -0.001133  0.000000  0.000000  0.000000  2.000000  
20.082258 0.010671  0.095123  -0.015947  0.994917  0.097002  0.027035  -0.097810  0.994742  0.030366  -0.023948  -0.032856  0.999173  0.000357  -0.000449  -0.001129  0.000000  0.000000  0.000000  2.000000  
20.083498 0.010671  0.095122  -0.015948  0.994900  0.097211  0.026909  -0.098015  0.994721  0.030374  -0.023814  -0.032856  0.999176  0.000361  -0.000467  -0.001102  0.000000  0.000000  0.000000  2.000000  
20.084502 0.010672  0.095122  -0.015949  0.994900  0.097211  0.026909  -0.098015  0.994721  0.030374  -0.023814  -0.032856  0.999176  0.000387  -0.000443  -0.001060  0.000000  0.000000  0.000000  2.000000  
20.085746 0.010673  0.095122  -0.015950  0.994900  0.097211  0.026909  -0.098015  0.994721  0.030374  -0.023814  -0.032856  0.999176  0.000407  -0.000412  -0.001000  0.000000  0.000000  0.000000  2.000000  
20.086994 0.010673  0.095122  -0.015950  0.994880  0.097416  0.026915  -0.098220  0.994701  0.030368  -0.023814  -0.032856  0.999176  0.000420  -0.000374  -0.000924  0.000000  0.000000  0.000000  2.000000  
20.087996 0.010674  0.095121  -0.015951  0.994880  0.097416  0.026915  -0.098220  0.994701  0.030368  -0.023814  -0.032856  0.999176  0.000447  -0.000349  -0.000880  0.000000  0.000000  0.000000  2.000000  
20.089242 0.010674  0.095121  -0.015952  0.994860  0.097620  0.026921  -0.098425  0.994681  0.030363  -0.023814  -0.032856  0.999176  0.000419  -0.000316  -0.000837  0.000000  0.000000  0.000000  2.000000  
20.090243 0.010675  0.095122  -0.015952  0.994860  0.097620  0.026921  -0.098425  0.994681  0.030363  -0.023814  -0.032856  0.999176  0.000435  -0.000264  -0.000799  0.000000  0.000000  0.000000  2.000000  
20.091247 0.010675  0.095122  -0.015953  0.994860  0.097617  0.026933  -0.098425  0.994678  0.030483  -0.023814  -0.032977  0.999172  0.000407  -0.000232  -0.000757  0.000000  0.000000  0.000000  2.000000  
20.092496 0.010676  0.095122  -0.015953  0.994839  0.097822  0.026939  -0.098629  0.994657  0.030478  -0.023814  -0.032977  0.999172  0.000416  -0.000176  -0.000706  0.000000  0.000000  0.000000  2.000000  
20.093743 0.010676  0.095122  -0.015954  0.994842  0.097826  0.026806  -0.098630  0.994657  0.030491  -0.023680  -0.032978  0.999176  0.000466  -0.000117  -0.000626  0.000000  0.000000  0.000000  2.000000  
20.094750 0.010677  0.095123  -0.015954  0.994822  0.098031  0.026812  -0.098835  0.994637  0.030485  -0.023680  -0.032978  0.999176  0.000483  -0.000062  -0.000586  0.000000  0.000000  0.000000  2.000000  
20.095996 0.010677  0.095122  -0.015954  0.994822  0.098031  0.026812  -0.098835  0.994637  0.030485  -0.023680  -0.032978  0.999176  0.000454  -0.000033  -0.000547  0.000000  0.000000  0.000000  2.000000  
20.097249 0.010678  0.095123  -0.015955  0.994802  0.098236  0.026819  -0.099039  0.994617  0.030480  -0.023680  -0.032978  0.999176  0.000454  0.000048  -0.000506  0.000000  0.000000  0.000000  2.000000  
20.098256 0.010678  0.095124  -0.015954  0.994802  0.098236  0.026819  -0.099039  0.994617  0.030480  -0.023680  -0.032978  0.999176  0.000459  0.000108  -0.000424  0.000000  0.000000  0.000000  2.000000  
20.099497 0.010679  0.095124  -0.015955  0.994784  0.098445  0.026692  -0.099244  0.994596  0.030488  -0.023546  -0.032978  0.999179  0.000461  0.000162  -0.000367  0.000000  0.000000  0.000000  2.000000  
20.100499 0.010679  0.095124  -0.015954  0.994764  0.098650  0.026698  -0.099449  0.994576  0.030482  -0.023546  -0.032978  0.999179  0.000436  0.000196  -0.000304  0.000000  0.000000  0.000000  2.000000  
20.101746 0.010680  0.095126  -0.015954  0.994767  0.098651  0.026577  -0.099450  0.994571  0.030616  -0.023413  -0.033099  0.999178  0.000477  0.000281  -0.000232  0.000000  0.000000  0.000000  2.000000  
20.102752 0.010680  0.095126  -0.015954  0.994747  0.098856  0.026584  -0.099654  0.994551  0.030611  -0.023413  -0.033099  0.999178  0.000455  0.000310  -0.000202  0.000000  0.000000  0.000000  2.000000  
20.103992 0.010681  0.095127  -0.015954  0.994726  0.099060  0.026590  -0.099859  0.994531  0.030605  -0.023413  -0.033099  0.999178  0.000457  0.000360  -0.000149  0.000000  0.000000  0.000000  2.000000  
20.104994 0.010681  0.095127  -0.015954  0.994709  0.099270  0.026463  -0.100064  0.994510  0.030613  -0.023279  -0.033099  0.999181  0.000453  0.000369  -0.000112  0.000000  0.000000  0.000000  2.000000  
20.106259 0.010682  0.095128  -0.015953  0.994691  0.099479  0.026336  -0.100269  0.994489  0.030621  -0.023145  -0.033099  0.999184  0.000420  0.000400  -0.000044  0.000000  0.000000  0.000000  2.000000  
20.107493 0.010682  0.095129  -0.015954  0.994670  0.099683  0.026343  -0.100474  0.994469  0.030616  -0.023145  -0.033099  0.999184  0.000434  0.000447  -0.000031  0.000000  0.000000  0.000000  2.000000  
20.108495 0.010682  0.095130  -0.015954  0.994653  0.099889  0.026228  -0.100679  0.994444  0.030744  -0.023011  -0.033220  0.999183  0.000402  0.000500  -0.000011  0.000000  0.000000  0.000000  2.000000  
20.109745 0.010682  0.095130  -0.015953  0.994635  0.100099  0.026101  -0.100884  0.994423  0.030752  -0.022878  -0.033221  0.999186  0.000370  0.000530  0.000057  0.000000  0.000000  0.000000  2.000000  
20.110994 0.010683  0.095131  -0.015953  0.994614  0.100303  0.026108  -0.101089  0.994402  0.030747  -0.022878  -0.033221  0.999186  0.000379  0.000586  0.000107  0.000000  0.000000  0.000000  2.000000  
20.111996 0.010683  0.095132  -0.015952  0.994597  0.100512  0.025981  -0.101294  0.994381  0.030755  -0.022744  -0.033221  0.999189  0.000385  0.000573  0.000157  0.000000  0.000000  0.000000  2.000000  
20.112998 0.010683  0.095132  -0.015953  0.994579  0.100718  0.025867  -0.101499  0.994356  0.030884  -0.022610  -0.033342  0.999188  0.000344  0.000571  0.000126  0.000000  0.000000  0.000000  2.000000  
20.114258 0.010683  0.095133  -0.015952  0.994540  0.101132  0.025746  -0.101909  0.994314  0.030887  -0.022476  -0.033342  0.999191  0.000322  0.000598  0.000156  0.000000  0.000000  0.000000  2.000000  
20.115496 0.010684  0.095134  -0.015952  0.994522  0.101341  0.025620  -0.102114  0.994293  0.030895  -0.022343  -0.033342  0.999194  0.000306  0.000614  0.000145  0.000000  0.000000  0.000000  2.000000  
20.116498 0.010684  0.095134  -0.015951  0.994483  0.101752  0.025512  -0.102524  0.994247  0.031019  -0.022209  -0.033463  0.999193  0.000280  0.000573  0.000174  0.000000  0.000000  0.000000  2.000000  
20.117746 0.010684  0.095135  -0.015951  0.994467  0.101966  0.025252  -0.102729  0.994225  0.031041  -0.021941  -0.033464  0.999199  0.000254  0.000591  0.000200  0.000000  0.000000  0.000000  2.000000  
20.118998 0.010685  0.095136  -0.015951  0.994428  0.102380  0.025132  -0.103139  0.994182  0.031045  -0.021807  -0.033464  0.999202  0.000258  0.000601  0.000203  0.000000  0.000000  0.000000  2.000000  
20.120242 0.010684  0.095136  -0.015950  0.994391  0.102795  0.024891  -0.103549  0.994135  0.031183  -0.021540  -0.033585  0.999204  0.000212  0.000566  0.000217  0.020369  0.070079  0.173943  2.000000  
20.121244 0.010685  0.095137  -0.015950  0.994375  0.103008  0.024632  -0.103754  0.994113  0.031205  -0.021272  -0.033585  0.999209  0.000212  0.000566  0.000217  0.016195  0.078759  0.181111  2.000000  
20.122256 0.010685  0.095137  -0.015950  0.994335  0.103422  0.024512  -0.104164  0.994070  0.031209  -0.021139  -0.033585  0.999212  0.000184  0.000523  0.000247  0.016181  0.083651  0.189618  2.000000  
