1-Time 2-Px 3-Py 4-Pz 5-R11 6-R21 7-R31 8-R12 9-R22 10-R32 11-R13 12-R23 13-R33 14-Vx 15-Vy 16-Vz 17-Wx 18-Wy 19-Wz 20-state 21-PR11 22-PR21 23-PR31 24-PR12 25-PR22 26-PR32 27-PR13 28-PR23 29-PR33 
98.413520 0.009229  0.092019  -0.039574  0.997244  0.050650  -0.054219  0.041495  0.225058  0.973461  0.061509  -0.973028  0.222336  -0.000133  0.000221  -0.000120  0.000000  0.000000  0.000000  2.000000  
98.414760 0.009229  0.092019  -0.039574  0.997235  0.050774  -0.054255  0.041495  0.225181  0.973433  0.061642  -0.972993  0.222452  -0.000101  0.000246  -0.000101  0.000000  0.000000  0.000000  2.000000  
98.415763 0.009230  0.092017  -0.039574  0.997244  0.050984  -0.053896  0.041084  0.225402  0.973399  0.061776  -0.972931  0.222686  -0.000004  0.000134  -0.000097  0.000000  0.000000  0.000000  2.000000  
98.417008 0.009232  0.092017  -0.039572  0.997236  0.051277  -0.053768  0.040878  0.225638  0.973353  0.062043  -0.972861  0.222918  0.000136  0.000101  0.000032  0.000000  0.000000  0.000000  2.000000  
98.418262 0.009235  0.092018  -0.039569  0.997236  0.051434  -0.053616  0.040672  0.225987  0.973281  0.062176  -0.972772  0.223271  0.000318  0.000147  0.000285  0.000000  0.000000  0.000000  2.000000  
98.419517 0.009238  0.092020  -0.039565  0.997236  0.051591  -0.053464  0.040467  0.226336  0.973208  0.062310  -0.972682  0.223623  0.000553  0.000272  0.000570  0.000000  0.000000  0.000000  2.000000  
98.420521 0.009241  0.092022  -0.039563  0.997236  0.051925  -0.053142  0.040055  0.226679  0.973145  0.062577  -0.972584  0.223973  0.000766  0.000369  0.000744  0.000000  0.000000  0.000000  2.000000  
98.421762 0.009246  0.092025  -0.039559  0.997244  0.052300  -0.052626  0.039439  0.227130  0.973066  0.062844  -0.972459  0.224441  0.001072  0.000544  0.001023  0.000000  0.000000  0.000000  2.000000  
98.422765 0.009250  0.092027  -0.039557  0.997243  0.052628  -0.052311  0.039028  0.227590  0.972975  0.063111  -0.972334  0.224909  0.001373  0.000664  0.001150  0.000000  0.000000  0.000000  2.000000  
98.423766 0.009254  0.092030  -0.039555  0.997234  0.053080  -0.052033  0.038616  0.228174  0.972854  0.063512  -0.972172  0.225493  0.001639  0.000866  0.001259  0.000000  0.000000  0.000000  2.000000  
98.425013 0.009258  0.092035  -0.039555  0.997233  0.053402  -0.051725  0.038205  0.228752  0.972735  0.063779  -0.972019  0.226079  0.001957  0.001173  0.001303  0.000000  0.000000  0.000000  2.000000  
98.426013 0.009261  0.092038  -0.039555  0.997231  0.053725  -0.051418  0.037793  0.229330  0.972615  0.064046  -0.971865  0.226664  0.002156  0.001350  0.001275  0.000000  0.000000  0.000000  2.000000  
98.427263 0.009265  0.092041  -0.039557  0.997221  0.054172  -0.051148  0.037382  0.230030  0.972465  0.064446  -0.971675  0.227365  0.002400  0.001553  0.001176  -0.168982  -0.133115  0.160006  2.000000  
98.428515 0.009269  0.092043  -0.039559  0.997218  0.054661  -0.050685  0.036765  0.230836  0.972298  0.064847  -0.971456  0.228184  0.002640  0.001645  0.001031  -0.196556  -0.143412  0.176267  2.000000  
98.429760 0.009273  0.092045  -0.039561  0.997207  0.055103  -0.050423  0.036353  0.231654  0.972119  0.065247  -0.971236  0.229003  0.002944  0.001847  0.000908  -0.220158  -0.154788  0.188276  2.000000  
98.430761 0.009276  0.092046  -0.039562  0.997195  0.055552  -0.050155  0.035942  0.232352  0.971967  0.065648  -0.971044  0.229704  0.003027  0.001941  0.000828  -0.243686  -0.165101  0.204584  2.000000  
98.432008 0.009281  0.092048  -0.039562  0.997191  0.056030  -0.049708  0.035325  0.233393  0.971741  0.066048  -0.970767  0.230758  0.003225  0.002035  0.000703  -0.279474  -0.176416  0.216594  2.000000  
98.433009 0.009284  0.092048  -0.039561  0.997188  0.056344  -0.049417  0.034914  0.234204  0.971560  0.066315  -0.970553  0.231578  0.003363  0.002038  0.000517  -0.307123  -0.187739  0.228584  2.000000  
98.434010 0.009289  0.092049  -0.039560  0.997166  0.056912  -0.049196  0.034502  0.235141  0.971349  0.066849  -0.970294  0.232511  0.003496  0.001975  0.000396  -0.338767  -0.196958  0.249319  2.000000  
98.435011 0.009294  0.092050  -0.039559  0.997154  0.057345  -0.048952  0.034091  0.236191  0.971108  0.067250  -0.970013  0.233564  0.003598  0.001909  0.000335  -0.374478  -0.208195  0.261319  2.000000  
98.436014 0.009299  0.092050  -0.039558  0.997131  0.057908  -0.048740  0.033679  0.237245  0.970866  0.067784  -0.969722  0.234614  0.003694  0.001803  0.000162  -0.410175  -0.217356  0.282082  2.000000  
98.437019 0.009304  0.092051  -0.039555  0.997111  0.058298  -0.048691  0.033473  0.238188  0.970642  0.068184  -0.969468  0.235549  0.003827  0.001714  0.000139  -0.442598  -0.215097  0.290865  2.000000  
98.438266 0.009309  0.092053  -0.039553  0.997095  0.058899  -0.048296  0.032856  0.239464  0.970349  0.068718  -0.969117  0.236833  0.003850  0.001606  0.000181  -0.486017  -0.230919  0.313281  2.000000  
98.439514 0.009315  0.092054  -0.039551  0.997071  0.059446  -0.048110  0.032444  0.240869  0.970015  0.069252  -0.968735  0.238235  0.003906  0.001363  0.000210  -0.534027  -0.241054  0.329823  2.000000  
98.440517 0.009319  0.092054  -0.039551  0.997048  0.060012  -0.047904  0.032032  0.241920  0.969767  0.069786  -0.968439  0.239283  0.003977  0.001144  0.000309  -0.565177  -0.248146  0.347848  2.000000  
98.441518 0.009322  0.092054  -0.039550  0.997033  0.060442  -0.047674  0.031621  0.243084  0.969490  0.070187  -0.968120  0.240451  0.003966  0.000991  0.000379  -0.609409  -0.260186  0.367061  2.000000  
98.442525 0.009325  0.092053  -0.039551  0.997001  0.060958  -0.047669  0.031414  0.244146  0.969230  0.070720  -0.967821  0.241499  0.003947  0.000770  0.000430  -0.645773  -0.256763  0.380201  2.000000  
98.443528 0.009326  0.092052  -0.039551  0.996979  0.061339  -0.047641  0.031208  0.245321  0.968939  0.071121  -0.967499  0.242666  0.003809  0.000535  0.000541  -0.686035  -0.260114  0.395102  2.000000  
98.444763 0.009327  0.092049  -0.039552  0.996951  0.062063  -0.047303  0.030591  0.246830  0.968576  0.071788  -0.967069  0.244179  0.003650  0.000276  0.000587  -0.734330  -0.269154  0.416291  2.000000  
98.446009 0.009328  0.092047  -0.039554  0.996925  0.062607  -0.047134  0.030179  0.248348  0.968201  0.072322  -0.966646  0.245694  0.003407  -0.000011  0.000513  -0.772229  -0.270087  0.427746  2.000000  
98.447011 0.009329  0.092045  -0.039556  0.996908  0.063035  -0.046918  0.029768  0.249625  0.967885  0.072722  -0.966289  0.246977  0.003197  -0.000214  0.000413  -0.815123  -0.270893  0.435834  2.000000  
98.448266 0.009330  0.092042  -0.039558  0.996887  0.063633  -0.046552  0.029151  0.251127  0.967515  0.073256  -0.965860  0.248490  0.002912  -0.000443  0.000192  -0.851112  -0.280779  0.452676  2.000000  
98.449513 0.009331  0.092040  -0.039558  0.996860  0.064174  -0.046396  0.028739  0.252758  0.967103  0.073790  -0.965399  0.250120  0.002651  -0.000638  0.000062  -0.891273  -0.288053  0.465313  2.000000  
98.450525 0.009332  0.092039  -0.039559  0.996842  0.064598  -0.046192  0.028328  0.254150  0.966750  0.074190  -0.965005  0.251518  0.002393  -0.000758  0.000006  -0.930761  -0.288786  0.473623  2.000000  
98.451762 0.009333  0.092037  -0.039558  0.996809  0.065323  -0.045874  0.027711  0.255770  0.966340  0.074857  -0.964528  0.253143  0.002039  -0.000952  -0.000106  -0.967712  -0.282809  0.483172  2.000000  
98.452764 0.009335  0.092036  -0.039556  0.996780  0.065877  -0.045708  0.027300  0.257163  0.965982  0.075391  -0.964120  0.254537  0.001777  -0.001115  -0.000183  -0.999908  -0.280189  0.492107  2.000000  
98.453768 0.009336  0.092035  -0.039555  0.996756  0.066486  -0.045344  0.026683  0.258542  0.965631  0.075925  -0.963709  0.255930  0.001571  -0.001266  -0.000208  -1.031847  -0.287531  0.502453  2.000000  
98.455011 0.009337  0.092033  -0.039552  0.996732  0.067080  -0.045007  0.026066  0.260271  0.965184  0.076458  -0.963203  0.257672  0.001333  -0.001418  -0.000041  -1.067348  -0.289103  0.509037  2.000000  
98.456013 0.009337  0.092030  -0.039549  0.996702  0.067631  -0.044854  0.025655  0.261778  0.964787  0.076992  -0.962755  0.259180  0.001075  -0.001669  0.000085  -1.104671  -0.289833  0.518012  2.000000  
98.457268 0.009337  0.092026  -0.039546  0.996666  0.068351  -0.044564  0.025038  0.263625  0.964300  0.077659  -0.962201  0.261034  0.000828  -0.001898  0.000329  -1.145002  -0.286869  0.527015  2.000000  
98.458528 0.009336  0.092021  -0.039542  0.996639  0.068943  -0.044242  0.024421  0.265466  0.963811  0.078192  -0.961652  0.262890  0.000652  -0.002067  0.000562  -1.180988  -0.284890  0.531541  2.000000  
98.459762 0.009335  0.092016  -0.039539  0.996612  0.069531  -0.043931  0.023805  0.267423  0.963285  0.078726  -0.961067  0.264861  0.000500  -0.002215  0.000905  -1.217719  -0.289819  0.538366  2.000000  
98.460763 0.009334  0.092013  -0.039536  0.996584  0.070141  -0.043588  0.023188  0.268910  0.962886  0.079259  -0.960608  0.266365  0.000406  -0.002298  0.001203  -1.245604  -0.293638  0.549133  2.000000  
98.462008 0.009334  0.092008  -0.039534  0.996556  0.070737  -0.043274  0.022572  0.270747  0.962386  0.079793  -0.960048  0.268218  0.000345  -0.002415  0.001486  -1.273433  -0.298346  0.555654  2.000000  
98.463011 0.009333  0.092005  -0.039533  0.996522  0.071289  -0.043142  0.022160  0.272363  0.961939  0.080326  -0.959550  0.269836  0.000244  -0.002557  0.001643  -1.302151  -0.289784  0.558593  2.000000  
98.464262 0.009333  0.092001  -0.039532  0.996493  0.071878  -0.042849  0.021544  0.274430  0.961366  0.080860  -0.958917  0.271919  0.000183  -0.002616  0.001725  -1.334677  -0.296784  0.556760  2.000000  
98.465266 0.009334  0.091999  -0.039532  0.996473  0.072360  -0.042488  0.020928  0.276025  0.960922  0.081260  -0.958423  0.273538  0.000143  -0.002686  0.001828  -1.354667  -0.302735  0.559045  2.000000  
98.466523 0.009335  0.091998  -0.039530  0.996446  0.073008  -0.042002  0.020106  0.278074  0.960349  0.081793  -0.957781  0.275617  0.000137  -0.002681  0.001871  -1.377241  -0.317821  0.564123  2.000000  
98.467761 0.009337  0.091995  -0.039529  0.996415  0.073607  -0.041708  0.019490  0.280018  0.959797  0.082327  -0.957169  0.277580  0.000132  -0.002719  0.001790  -1.401241  -0.316842  0.564651  2.000000  
98.468761 0.009339  0.091993  -0.039529  0.996394  0.074089  -0.041362  0.018874  0.281726  0.959309  0.082727  -0.956630  0.279311  0.000160  -0.002775  0.001757  -1.424778  -0.323773  0.562578  2.000000  
98.469775 0.009340  0.091991  -0.039528  0.996361  0.074705  -0.041046  0.018258  0.283318  0.958852  0.083260  -0.956112  0.280923  0.000216  -0.002795  0.001620  -1.443387  -0.332072  0.569321  2.000000  
98.471012 0.009342  0.091988  -0.039525  0.996331  0.075357  -0.040580  0.017437  0.285475  0.958228  0.083793  -0.955419  0.283113  0.000312  -0.002782  0.001651  -1.471158  -0.341690  0.568989  2.000000  
98.472012 0.009343  0.091985  -0.039522  0.996296  0.075976  -0.040269  0.016821  0.287063  0.957764  0.084327  -0.954894  0.284722  0.000431  -0.002756  0.001600  -1.490101  -0.352908  0.577378  2.000000  
98.473013 0.009344  0.091982  -0.039520  0.996272  0.076469  -0.039922  0.016205  0.288649  0.957298  0.084727  -0.954376  0.286334  0.000519  -0.002734  0.001552  -1.510109  -0.364007  0.575994  2.000000  
98.474265 0.009345  0.091977  -0.039517  0.996225  0.077199  -0.039690  0.015588  0.290701  0.956687  0.085393  -0.953695  0.288400  0.000615  -0.002722  0.001538  -1.525204  -0.364206  0.582318  2.000000  
98.475283 0.009346  0.091974  -0.039515  0.996200  0.077694  -0.039347  0.014973  0.292283  0.956215  0.085793  -0.953171  0.290009  0.000782  -0.002691  0.001507  -1.542162  -0.370302  0.585259  2.000000  
98.476515 0.009348  0.091970  -0.039511  0.996155  0.078483  -0.038935  0.014151  0.294431  0.955568  0.086460  -0.952445  0.292188  0.000933  -0.002630  0.001578  -1.563263  -0.380692  0.593295  2.000000  
98.477515 0.009349  0.091968  -0.039509  0.996117  0.079100  -0.038655  0.013536  0.296244  0.955017  0.086993  -0.951831  0.294023  0.001072  -0.002558  0.001661  -1.582589  -0.385051  0.600030  2.000000  
98.478516 0.009352  0.091967  -0.039506  0.996081  0.079788  -0.038161  0.012715  0.297806  0.954542  0.087526  -0.951286  0.295625  0.001228  -0.002433  0.001803  -1.594576  -0.393757  0.607432  2.000000  
98.479760 0.009354  0.091965  -0.039504  0.996030  0.080521  -0.037955  0.012099  0.299964  0.953874  0.088192  -0.950546  0.297799  0.001361  -0.002333  0.001833  -1.614674  -0.398058  0.614666  2.000000  
98.480761 0.009356  0.091964  -0.039504  0.995990  0.081147  -0.037673  0.011483  0.301655  0.953348  0.088725  -0.949958  0.299513  0.001462  -0.002259  0.001845  -1.629805  -0.403616  0.617076  2.000000  
98.482008 0.009358  0.091963  -0.039504  0.995939  0.081945  -0.037277  0.010662  0.303791  0.952679  0.089392  -0.949208  0.301684  0.001499  -0.002210  0.001723  -1.643942  -0.404481  0.618989  2.000000  
98.483010 0.009360  0.091962  -0.039504  0.995912  0.082509  -0.036764  0.009842  0.305460  0.952154  0.089792  -0.948623  0.303400  0.001521  -0.002238  0.001638  -1.654603  -0.417811  0.619169  2.000000  
98.484010 0.009362  0.091961  -0.039505  0.995870  0.083140  -0.036489  0.009226  0.307146  0.951618  0.090325  -0.948024  0.305110  0.001508  -0.002185  0.001536  -1.665764  -0.423313  0.621740  2.000000  
98.485262 0.009363  0.091959  -0.039505  0.995815  0.083880  -0.036299  0.008611  0.309292  0.950928  0.090991  -0.947260  0.307276  0.001440  -0.002104  0.001403  -1.677879  -0.420783  0.627032  2.000000  
98.486267 0.009364  0.091957  -0.039506  0.995783  0.084386  -0.035989  0.007995  0.310973  0.950385  0.091391  -0.946665  0.308987  0.001421  -0.002024  0.001249  -1.691192  -0.425592  0.624267  2.000000  
98.487271 0.009364  0.091954  -0.039506  0.995739  0.085015  -0.035732  0.007380  0.312769  0.949801  0.091924  -0.946017  0.310809  0.001391  -0.001976  0.000996  -1.702678  -0.423063  0.629143  2.000000  
98.488515 0.009364  0.091951  -0.039507  0.995683  0.085824  -0.035356  0.006560  0.314891  0.949105  0.092590  -0.945240  0.312969  0.001303  -0.001944  0.000749  -1.712498  -0.430420  0.633402  2.000000  
98.489766 0.009363  0.091947  -0.039507  0.995626  0.086636  -0.034984  0.005739  0.317010  0.948405  0.093256  -0.944457  0.315126  0.001215  -0.001890  0.000554  -1.721401  -0.432239  0.639365  2.000000  
98.491015 0.009364  0.091943  -0.039507  0.995567  0.087449  -0.034615  0.004919  0.319127  0.947699  0.093922  -0.943669  0.317282  0.001099  -0.001887  0.000339  -1.732919  -0.437512  0.642402  2.000000  
98.492273 0.009364  0.091940  -0.039507  0.995508  0.088264  -0.034250  0.004099  0.321241  0.946989  0.094588  -0.942875  0.319436  0.000993  -0.001909  0.000131  -1.739663  -0.441225  0.649517  2.000000  
98.493526 0.009365  0.091937  -0.039506  0.995447  0.089015  -0.034084  0.003484  0.323370  0.946266  0.095254  -0.942076  0.321588  0.000882  -0.001930  -0.000032  -1.742954  -0.438293  0.654633  2.000000  
98.494763 0.009366  0.091934  -0.039506  0.995373  0.089964  -0.033760  0.002664  0.325364  0.945585  0.096053  -0.941299  0.323619  0.000731  -0.002087  -0.000123  -1.746549  -0.440885  0.666402  2.000000  
98.496009 0.009367  0.091931  -0.039505  0.995310  0.090713  -0.033612  0.002049  0.327603  0.944813  0.096719  -0.940451  0.325880  0.000685  -0.002183  -0.000095  -1.756296  -0.434576  0.666151  2.000000  
98.497014 0.009368  0.091929  -0.039505  0.995246  0.091484  -0.033413  0.001434  0.329266  0.944236  0.097385  -0.939795  0.327569  0.000594  -0.002321  -0.000011  -1.759054  -0.428912  0.674801  2.000000  
98.498259 0.009369  0.091925  -0.039505  0.995181  0.092240  -0.033262  0.000820  0.331385  0.943495  0.098050  -0.938976  0.329713  0.000518  -0.002439  -0.000005  -1.764672  -0.421338  0.678664  2.000000  
98.499513 0.009369  0.091920  -0.039506  0.995116  0.093065  -0.032920  0.000000  0.333483  0.942756  0.098716  -0.938151  0.331854  0.000426  -0.002663  -0.000018  -1.763333  -0.424791  0.685836  2.000000  
98.500515 0.009369  0.091916  -0.039507  0.995063  0.093645  -0.032880  -0.000410  0.335159  0.942161  0.099249  -0.937496  0.333543  0.000376  -0.002849  -0.000052  -1.763961  -0.415705  0.688840  2.000000  
98.501762 0.009369  0.091910  -0.039508  0.995009  0.094352  -0.032489  -0.001229  0.337138  0.941455  0.099781  -0.936716  0.335571  0.000349  -0.003041  -0.000118  -1.763260  -0.415479  0.685365  2.000000  
98.502764 0.009368  0.091905  -0.039510  0.994954  0.095003  -0.032260  -0.001843  0.338791  0.940860  0.100314  -0.936053  0.337256  0.000318  -0.003198  -0.000192  -1.766971  -0.412840  0.690305  2.000000  
98.503768 0.009369  0.091901  -0.039511  0.994912  0.095534  -0.031976  -0.002458  0.340328  0.940303  0.100713  -0.935441  0.338832  0.000327  -0.003305  -0.000239  -1.765526  -0.411150  0.686076  2.000000  
98.505013 0.009369  0.091894  -0.039512  0.994843  0.096300  -0.031833  -0.003072  0.342320  0.939579  0.101379  -0.934636  0.340850  0.000364  -0.003475  -0.000320  -1.770731  -0.408580  0.691785  2.000000  
98.506274 0.009369  0.091888  -0.039514  0.994786  0.097014  -0.031453  -0.003891  0.344289  0.938856  0.101911  -0.933838  0.342871  0.000374  -0.003660  -0.000466  -1.764494  -0.408015  0.687725  2.000000  
98.507519 0.009371  0.091882  -0.039514  0.994715  0.097783  -0.031316  -0.004505  0.346275  0.938122  0.102577  -0.933023  0.344886  0.000411  -0.003825  -0.000547  -1.760759  -0.399932  0.686449  2.000000  
98.508763 0.009372  0.091876  -0.039515  0.994657  0.098429  -0.031136  -0.005119  0.348260  0.937384  0.103109  -0.932216  0.346903  0.000440  -0.004071  -0.000635  -1.757327  -0.393371  0.680984  2.000000  
98.510013 0.009373  0.091869  -0.039515  0.994597  0.099147  -0.030767  -0.005938  0.350221  0.936648  0.103641  -0.931405  0.348918  0.000490  -0.004326  -0.000647  -1.753036  -0.393304  0.677655  2.000000  
98.511263 0.009375  0.091862  -0.039515  0.994551  0.099675  -0.030534  -0.006552  0.352088  0.935944  0.104041  -0.930644  0.350823  0.000504  -0.004614  -0.000660  -1.745212  -0.388227  0.667737  2.000000  
98.512281 0.009376  0.091857  -0.039513  0.994507  0.100142  -0.030459  -0.006961  0.353633  0.935358  0.104440  -0.930008  0.352388  0.000569  -0.004775  -0.000577  -1.741060  -0.381899  0.661715  2.000000  
98.513524 0.009378  0.091849  -0.039512  0.994445  0.100869  -0.030086  -0.007780  0.355475  0.934653  0.104972  -0.929227  0.354285  0.000602  -0.005020  -0.000455  -1.736394  -0.380403  0.662407  2.000000  
98.514758 0.009379  0.091840  -0.039511  0.994398  0.101403  -0.029848  -0.008394  0.357223  0.933981  0.105371  -0.928498  0.356073  0.000690  -0.005236  -0.000362  -1.726567  -0.377647  0.653712  2.000000  
98.515764 0.009379  0.091833  -0.039511  0.994352  0.101876  -0.029767  -0.008803  0.358650  0.933431  0.105770  -0.927896  0.357521  0.000732  -0.005431  -0.000205  -1.717328  -0.367958  0.650938  2.000000  
98.517008 0.009380  0.091824  -0.039510  0.994303  0.102410  -0.029545  -0.009416  0.360508  0.932709  0.106169  -0.927117  0.359418  0.000767  -0.005664  -0.000134  -1.707841  -0.365300  0.642428  2.000000  
98.518009 0.009381  0.091816  -0.039510  0.994271  0.102760  -0.029419  -0.009826  0.361933  0.932152  0.106436  -0.926523  0.360869  0.000838  -0.005853  -0.000001  -1.699695  -0.360667  0.632138  2.000000  
98.519264 0.009382  0.091807  -0.039510  0.994222  0.103299  -0.029189  -0.010439  0.363674  0.931468  0.106835  -0.925781  0.362651  0.000865  -0.006039  0.000106  -1.686313  -0.353763  0.620852  2.000000  
98.520267 0.009382  0.091799  -0.039511  0.994189  0.103651  -0.029066  -0.010848  0.365097  0.930906  0.107101  -0.925181  0.364100  0.000876  -0.006246  0.000153  -1.676475  -0.351463  0.612140  2.000000  
98.521516 0.009383  0.091790  -0.039512  0.994141  0.104116  -0.029031  -0.011257  0.366856  0.930209  0.107500  -0.924433  0.365879  0.000860  -0.006441  0.000142  -1.666577  -0.344549  0.600462  2.000000  
98.522531 0.009384  0.091783  -0.039512  0.994108  0.104469  -0.028910  -0.011666  0.368277  0.929643  0.107766  -0.923828  0.367326  0.000896  -0.006592  0.000156  -1.654004  -0.339950  0.589941  2.000000  
98.523764 0.009385  0.091774  -0.039513  0.994057  0.105019  -0.028662  -0.012279  0.369786  0.929036  0.108165  -0.923163  0.368878  0.000858  -0.006814  0.000129  -1.639040  -0.335636  0.580089  2.000000  
98.524764 0.009385  0.091766  -0.039513  0.994038  0.105253  -0.028482  -0.012689  0.371093  0.928509  0.108298  -0.922611  0.370216  0.000823  -0.006948  0.000155  -1.626697  -0.340965  0.563803  2.000000  
98.526013 0.009387  0.091756  -0.039513  0.993989  0.105728  -0.028428  -0.013097  0.372621  0.927891  0.108697  -0.921941  0.371766  0.000789  -0.007164  0.000082  -1.607304  -0.330041  0.551164  2.000000  
98.527264 0.009387  0.091746  -0.039513  0.993954  0.106077  -0.028338  -0.013506  0.374262  0.927225  0.108963  -0.921236  0.373432  0.000715  -0.007396  -0.000012  -1.590224  -0.331082  0.534855  2.000000  
98.528513 0.009387  0.091735  -0.039513  0.993916  0.106510  -0.028034  -0.014120  0.375654  0.926652  0.109229  -0.920619  0.374873  0.000638  -0.007603  -0.000109  -1.566612  -0.328416  0.520608  2.000000  
98.529764 0.009388  0.091724  -0.039512  0.993881  0.106867  -0.027921  -0.014528  0.377068  0.926072  0.109495  -0.920000  0.376313  0.000639  -0.007806  -0.000118  -1.543627  -0.323454  0.503745  2.000000  
98.531008 0.009389  0.091712  -0.039511  0.993846  0.107225  -0.027809  -0.014937  0.378480  0.925489  0.109761  -0.919378  0.377752  0.000577  -0.007996  -0.000059  -1.520693  -0.312884  0.491120  2.000000  
98.532014 0.009389  0.091703  -0.039510  0.993810  0.107593  -0.027660  -0.015346  0.379554  0.925042  0.110027  -0.918892  0.378856  0.000574  -0.008102  -0.000014  -1.504164  -0.315379  0.483162  2.000000  
98.533259 0.009389  0.091691  -0.039510  0.993792  0.107754  -0.027677  -0.015550  0.380876  0.924495  0.110160  -0.918326  0.380187  0.000544  -0.008232  0.000017  -1.480884  -0.304074  0.462260  2.000000  
98.534263 0.009390  0.091682  -0.039509  0.993756  0.108124  -0.027529  -0.015959  0.381949  0.924046  0.110426  -0.917837  0.381290  0.000553  -0.008365  0.000068  -1.465128  -0.298609  0.456014  2.000000  
98.535513 0.009391  0.091671  -0.039509  0.993735  0.108364  -0.027358  -0.016368  0.383247  0.923501  0.110559  -0.917267  0.382619  0.000589  -0.008476  0.000183  -1.441318  -0.297883  0.437415  2.000000  
98.536520 0.009392  0.091661  -0.039508  0.993702  0.108655  -0.027402  -0.016572  0.384340  0.923043  0.110825  -0.916775  0.383720  0.000593  -0.008610  0.000232  -1.422702  -0.286190  0.428803  2.000000  
98.537763 0.009392  0.091650  -0.039508  0.993684  0.108820  -0.027408  -0.016776  0.385547  0.922536  0.110958  -0.916249  0.384938  0.000564  -0.008778  0.000310  -1.395526  -0.275068  0.408517  2.000000  
98.538768 0.009394  0.091641  -0.039508  0.993662  0.109072  -0.027199  -0.017185  0.386507  0.922126  0.111091  -0.915814  0.385932  0.000590  -0.008886  0.000377  -1.371386  -0.272984  0.393750  2.000000  
98.539768 0.009395  0.091633  -0.039508  0.993643  0.109248  -0.027167  -0.017390  0.387377  0.921757  0.111224  -0.915426  0.386814  0.000617  -0.008911  0.000388  -1.348397  -0.263011  0.380687  2.000000  
98.541013 0.009396  0.091622  -0.039507  0.993610  0.109536  -0.027227  -0.017594  0.388580  0.921247  0.111490  -0.914881  0.388024  0.000656  -0.008983  0.000405  -1.325602  -0.251307  0.371923  2.000000  
98.542013 0.009397  0.091612  -0.039508  0.993591  0.109712  -0.027195  -0.017798  0.389449  0.920876  0.111623  -0.914490  0.388906  0.000693  -0.009084  0.000379  -1.307156  -0.245801  0.358282  2.000000  
98.543264 0.009399  0.091600  -0.039507  0.993569  0.109962  -0.027002  -0.018207  0.390518  0.920415  0.111756  -0.914004  0.390009  0.000793  -0.009116  0.000437  -1.275016  -0.239532  0.344182  2.000000  
98.544514 0.009401  0.091588  -0.039506  0.993550  0.110136  -0.026984  -0.018411  0.391498  0.919995  0.111889  -0.913564  0.391000  0.000866  -0.009176  0.000429  -1.247224  -0.229507  0.330855  2.000000  
98.545514 0.009403  0.091578  -0.039505  0.993546  0.110193  -0.026889  -0.018616  0.392256  0.919668  0.111889  -0.913232  0.391776  0.000977  -0.009221  0.000490  -1.223658  -0.227851  0.316095  2.000000  
98.546762 0.009405  0.091566  -0.039503  0.993509  0.110570  -0.026736  -0.019024  0.393210  0.919252  0.112154  -0.912776  0.392761  0.001085  -0.009272  0.000505  -1.191579  -0.222655  0.309654  2.000000  
98.547763 0.009407  0.091556  -0.039501  0.993509  0.110551  -0.026816  -0.019024  0.393879  0.918966  0.112154  -0.912490  0.393425  0.001203  -0.009337  0.000571  -1.164489  -0.212974  0.296360  2.000000  
98.549011 0.009410  0.091544  -0.039499  0.993471  0.110931  -0.026651  -0.019433  0.394720  0.918596  0.112420  -0.912080  0.394298  0.001375  -0.009344  0.000672  -1.132817  -0.207937  0.289961  2.000000  
98.550268 0.009414  0.091532  -0.039496  0.993452  0.111112  -0.026609  -0.019637  0.395475  0.918267  0.112553  -0.911731  0.395067  0.001558  -0.009377  0.000827  -1.099753  -0.201238  0.281049  2.000000  
98.551509 0.009418  0.091521  -0.039494  0.993433  0.111293  -0.026567  -0.019841  0.396229  0.917937  0.112686  -0.911382  0.395835  0.001761  -0.009376  0.000991  -1.064217  -0.197988  0.270516  2.000000  
98.552515 0.009421  0.091511  -0.039491  0.993413  0.111480  -0.026498  -0.020045  0.396760  0.917703  0.112819  -0.911128  0.396381  0.001941  -0.009407  0.001143  -1.032878  -0.193161  0.264069  2.000000  
98.553528 0.009425  0.091502  -0.039489  0.993398  0.111586  -0.026619  -0.020045  0.397314  0.917464  0.112952  -0.910873  0.396928  0.002117  -0.009419  0.001244  -1.009609  -0.181939  0.254763  2.000000  
98.554530 0.009429  0.091493  -0.039487  0.993394  0.111652  -0.026498  -0.020249  0.397847  0.917228  0.112952  -0.910632  0.397480  0.002287  -0.009496  0.001394  -0.978220  -0.173832  0.243365  2.000000  
98.555764 0.009433  0.091481  -0.039485  0.993375  0.111836  -0.026444  -0.020454  0.398489  0.916945  0.113085  -0.910329  0.398137  0.002484  -0.009492  0.001504  -0.946806  -0.170762  0.232741  2.000000  
98.557013 0.009438  0.091469  -0.039482  0.993355  0.112024  -0.026376  -0.020658  0.399020  0.916710  0.113218  -0.910074  0.398683  0.002709  -0.009532  0.001682  -0.906821  -0.165897  0.226146  2.000000  
98.558013 0.009442  0.091459  -0.039481  0.993340  0.112133  -0.026484  -0.020657  0.399462  0.916517  0.113351  -0.909866  0.399118  0.002901  -0.009570  0.001744  -0.884544  -0.151775  0.219060  2.000000  
98.559013 0.009446  0.091449  -0.039479  0.993336  0.112202  -0.026350  -0.020862  0.399884  0.916328  0.113351  -0.909672  0.399560  0.003068  -0.009605  0.001845  -0.861088  -0.148796  0.208330  2.000000  
98.560271 0.009451  0.091437  -0.039476  0.993321  0.112311  -0.026458  -0.020862  0.400326  0.916135  0.113484  -0.909464  0.399995  0.003283  -0.009587  0.001921  -0.822099  -0.137745  0.199042  2.000000  
98.561515 0.009456  0.091424  -0.039474  0.993301  0.112502  -0.026377  -0.021066  0.400744  0.915948  0.113617  -0.909256  0.400430  0.003505  -0.009578  0.001952  -0.784680  -0.134068  0.193987  2.000000  
98.562522 0.009461  0.091415  -0.039472  0.993286  0.112614  -0.026472  -0.021066  0.401075  0.915803  0.113750  -0.909097  0.400755  0.003675  -0.009558  0.002002  -0.761676  -0.123033  0.184534  2.000000  
98.563523 0.009466  0.091405  -0.039469  0.993282  0.112691  -0.026310  -0.021270  0.401274  0.915711  0.113750  -0.908999  0.400975  0.003825  -0.009593  0.002039  -0.731300  -0.123689  0.179028  2.000000  
98.564760 0.009473  0.091393  -0.039466  0.993267  0.112803  -0.026405  -0.021270  0.401605  0.915566  0.113883  -0.908840  0.401300  0.004015  -0.009617  0.002100  -0.690102  -0.113672  0.171127  2.000000  
98.565763 0.009478  0.091383  -0.039463  0.993247  0.113000  -0.026298  -0.021474  0.401801  0.915475  0.114016  -0.908728  0.401514  0.004195  -0.009626  0.002156  -0.664038  -0.112617  0.169743  2.000000  
98.566763 0.009483  0.091373  -0.039460  0.993247  0.112997  -0.026311  -0.021474  0.401912  0.915427  0.114016  -0.908680  0.401624  0.004275  -0.009712  0.002200  -0.632519  -0.108024  0.163036  2.000000  
98.568008 0.009489  0.091361  -0.039457  0.993232  0.113112  -0.026393  -0.021473  0.402131  0.915330  0.114149  -0.908568  0.401838  0.004424  -0.009757  0.002239  -0.597641  -0.095368  0.157716  2.000000  
98.569014 0.009495  0.091351  -0.039454  0.993216  0.113231  -0.026460  -0.021473  0.402240  0.915283  0.114281  -0.908505  0.401942  0.004534  -0.009815  0.002301  -0.565985  -0.090769  0.150959  2.000000  
98.570018 0.009500  0.091340  -0.039451  0.993216  0.113228  -0.026474  -0.021473  0.402351  0.915234  0.114281  -0.908457  0.402053  0.004638  -0.009845  0.002360  -0.534955  -0.086928  0.145467  2.000000  
98.571268 0.009506  0.091327  -0.039448  0.993197  0.113432  -0.026339  -0.021677  0.402325  0.915240  0.114414  -0.908443  0.402046  0.004731  -0.009962  0.002412  -0.490729  -0.080498  0.142751  2.000000  
98.572522 0.009512  0.091313  -0.039445  0.993181  0.113553  -0.026393  -0.021677  0.402322  0.915242  0.114547  -0.908429  0.402040  0.004771  -0.010071  0.002483  -0.450570  -0.074078  0.140012  2.000000  
98.573526 0.009516  0.091302  -0.039442  0.993181  0.113553  -0.026393  -0.021677  0.402322  0.915242  0.114547  -0.908429  0.402040  0.004838  -0.010128  0.002521  -0.427527  -0.068968  0.132109  2.000000  
98.574762 0.009523  0.091288  -0.039440  0.993166  0.113675  -0.026447  -0.021677  0.402319  0.915243  0.114680  -0.908415  0.402034  0.004894  -0.010272  0.002504  -0.383687  -0.056833  0.127758  2.000000  
98.575764 0.009527  0.091276  -0.039438  0.993166  0.113678  -0.026433  -0.021677  0.402208  0.915291  0.114680  -0.908463  0.401924  0.004942  -0.010364  0.002529  -0.351884  -0.052286  0.120920  2.000000  
98.577013 0.009533  0.091262  -0.039436  0.993151  0.113803  -0.026473  -0.021676  0.402095  0.915341  0.114813  -0.908498  0.401807  0.004918  -0.010503  0.002464  -0.315977  -0.045934  0.118197  2.000000  
98.578014 0.009538  0.091251  -0.039434  0.993151  0.113806  -0.026459  -0.021676  0.401984  0.915390  0.114813  -0.908547  0.401697  0.004945  -0.010576  0.002433  -0.288207  -0.041397  0.111333  2.000000  
98.579015 0.009543  0.091239  -0.039432  0.993140  0.113848  -0.026687  -0.021472  0.401893  0.915435  0.114946  -0.908581  0.401581  0.004934  -0.010726  0.002372  -0.261205  -0.028760  0.105827  2.000000  
98.580264 0.009549  0.091225  -0.039429  0.993140  0.113855  -0.026660  -0.021472  0.401671  0.915532  0.114946  -0.908679  0.401360  0.004952  -0.010862  0.002332  -0.227508  -0.024041  0.098154  2.000000  
98.581509 0.009556  0.091211  -0.039427  0.993124  0.113983  -0.026686  -0.021471  0.401447  0.915631  0.115079  -0.908762  0.401134  0.004931  -0.011006  0.002268  -0.189420  -0.017908  0.096228  2.000000  
98.582516 0.009561  0.091199  -0.039424  0.993124  0.113989  -0.026658  -0.021471  0.401225  0.915728  0.115079  -0.908859  0.400913  0.004898  -0.011136  0.002247  0.000000  0.000000  0.000000  2.000000  
98.583524 0.009565  0.091187  -0.039422  0.993124  0.113996  -0.026631  -0.021471  0.401002  0.915825  0.115079  -0.908957  0.400693  0.004852  -0.011236  0.002220  0.000000  0.000000  0.000000  2.000000  
98.584761 0.009571  0.091171  -0.039419  0.993113  0.114044  -0.026831  -0.021266  0.400690  0.915967  0.115212  -0.909088  0.400356  0.004846  -0.011417  0.002171  0.000000  0.000000  0.000000  2.000000  
98.586013 0.009577  0.091156  -0.039415  0.993113  0.114054  -0.026790  -0.021266  0.400357  0.916113  0.115212  -0.909234  0.400025  0.004822  -0.011578  0.002204  0.000000  0.000000  0.000000  2.000000  
98.587020 0.009582  0.091143  -0.039413  0.993113  0.114064  -0.026748  -0.021266  0.400023  0.916258  0.115212  -0.909379  0.399694  0.004834  -0.011714  0.002203  0.000000  0.000000  0.000000  2.000000  
98.588265 0.009588  0.091127  -0.039410  0.993102  0.114113  -0.026949  -0.021062  0.399711  0.916399  0.115345  -0.909511  0.399357  0.004853  -0.011866  0.002212  0.000000  0.000000  0.000000  2.000000  
98.589521 0.009594  0.091111  -0.039406  0.993102  0.114126  -0.026893  -0.021062  0.399266  0.916593  0.115345  -0.909704  0.398916  0.004842  -0.011961  0.002308  0.000000  0.000000  0.000000  2.000000  
98.590763 0.009600  0.091095  -0.039403  0.993107  0.114057  -0.027027  -0.020857  0.398845  0.916781  0.115345  -0.909898  0.398474  0.004845  -0.012070  0.002308  0.000000  0.000000  0.000000  2.000000  
98.591763 0.009605  0.091083  -0.039401  0.993107  0.114067  -0.026985  -0.020857  0.398511  0.916926  0.115345  -0.910043  0.398143  0.004906  -0.012129  0.002392  0.000000  0.000000  0.000000  2.000000  
98.593012 0.009611  0.091067  -0.039398  0.993107  0.114080  -0.026930  -0.020857  0.398066  0.917120  0.115345  -0.910236  0.397701  0.004909  -0.012241  0.002393  0.000000  0.000000  0.000000  2.000000  
98.594013 0.009617  0.091055  -0.039396  0.993111  0.114008  -0.027077  -0.020653  0.397756  0.917259  0.115345  -0.910380  0.397370  0.004965  -0.012274  0.002426  0.000000  0.000000  0.000000  2.000000  
98.595260 0.009624  0.091039  -0.039393  0.993111  0.114021  -0.027022  -0.020653  0.397311  0.917452  0.115345  -0.910573  0.396928  0.004968  -0.012386  0.002427  0.000000  0.000000  0.000000  2.000000  
98.596263 0.009629  0.091027  -0.039391  0.993115  0.113952  -0.027155  -0.020448  0.396889  0.917639  0.115345  -0.910766  0.396487  0.004991  -0.012453  0.002436  0.183556  0.049536  0.027375  2.000000  
98.597512 0.009636  0.091012  -0.039388  0.993115  0.113965  -0.027100  -0.020448  0.396444  0.917831  0.115345  -0.910958  0.396045  0.005052  -0.012478  0.002428  0.202274  0.047336  0.023076  2.000000  
98.598516 0.009642  0.090999  -0.039385  0.993115  0.113979  -0.027045  -0.020448  0.395998  0.918023  0.115345  -0.911150  0.395603  0.005121  -0.012542  0.002467  0.228367  0.045911  0.019150  2.000000  
98.599760 0.009649  0.090983  -0.039382  0.993119  0.113914  -0.027165  -0.020244  0.395465  0.918258  0.115345  -0.911390  0.395050  0.005162  -0.012542  0.002492  0.245970  0.051783  0.016276  2.000000  
98.600761 0.009654  0.090970  -0.039379  0.993119  0.113923  -0.027123  -0.020244  0.395131  0.918402  0.115345  -0.911533  0.394718  0.005229  -0.012595  0.002478  0.261351  0.056237  0.009463  2.000000  
98.601762 0.009660  0.090957  -0.039376  0.993139  0.113733  -0.027204  -0.020040  0.394711  0.918587  0.115212  -0.911739  0.394282  0.005269  -0.012586  0.002507  0.276759  0.060697  0.002657  2.000000  
98.602763 0.009665  0.090944  -0.039373  0.993139  0.113747  -0.027149  -0.020040  0.394265  0.918778  0.115212  -0.911930  0.393840  0.005308  -0.012582  0.002527  0.293077  0.058939  -0.001415  2.000000  
98.603767 0.009670  0.090932  -0.039370  0.993139  0.113760  -0.027094  -0.020040  0.393820  0.918969  0.115212  -0.912121  0.393397  0.005354  -0.012579  0.002506  0.311619  0.057589  -0.005532  2.000000  
98.605013 0.009677  0.090916  -0.039367  0.993143  0.113695  -0.027214  -0.019835  0.393286  0.919202  0.115212  -0.912360  0.392844  0.005401  -0.012591  0.002534  0.331251  0.063898  -0.008266  2.000000  
98.606013 0.009683  0.090903  -0.039364  0.993143  0.113705  -0.027173  -0.019835  0.392951  0.919345  0.115212  -0.912502  0.392512  0.005431  -0.012577  0.002607  0.339384  0.062098  -0.012372  2.000000  
98.607266 0.009690  0.090888  -0.039360  0.993147  0.113641  -0.027293  -0.019631  0.392417  0.919578  0.115212  -0.912740  0.391958  0.005505  -0.012546  0.002647  0.351956  0.067837  -0.014971  2.000000  
98.608516 0.009697  0.090873  -0.039357  0.993147  0.113657  -0.027224  -0.019631  0.391859  0.919816  0.115212  -0.912978  0.391405  0.005531  -0.012518  0.002669  0.368198  0.066075  -0.019039  2.000000  
98.609763 0.009704  0.090858  -0.039353  0.993151  0.113593  -0.027345  -0.019426  0.391324  0.920048  0.115212  -0.913215  0.390851  0.005535  -0.012542  0.002720  0.380266  0.066072  -0.019007  2.000000  
98.610766 0.009710  0.090846  -0.039351  0.993151  0.113606  -0.027290  -0.019426  0.390878  0.920237  0.115212  -0.913405  0.390408  0.005551  -0.012472  0.002729  0.391598  0.066631  -0.019142  2.000000  
98.612014 0.009717  0.090831  -0.039347  0.993151  0.113626  -0.027207  -0.019426  0.390208  0.920522  0.115212  -0.913688  0.389743  0.005530  -0.012450  0.002817  0.403841  0.064854  -0.023232  2.000000  
98.613266 0.009723  0.090816  -0.039344  0.993155  0.113563  -0.027328  -0.019222  0.389673  0.920753  0.115212  -0.913925  0.389189  0.005501  -0.012373  0.002754  0.415370  0.071187  -0.025944  2.000000  
98.614517 0.009729  0.090801  -0.039341  0.993155  0.113579  -0.027259  -0.019222  0.389115  0.920989  0.115212  -0.914161  0.388634  0.005481  -0.012342  0.002794  0.424120  0.063073  -0.027294  2.000000  
98.615763 0.009735  0.090786  -0.039338  0.993159  0.113516  -0.027380  -0.019017  0.388579  0.921219  0.115212  -0.914396  0.388080  0.005415  -0.012292  0.002758  0.431569  0.069410  -0.029996  2.000000  
98.616764 0.009740  0.090774  -0.039335  0.993159  0.113529  -0.027324  -0.019017  0.388132  0.921407  0.115212  -0.914584  0.387636  0.005392  -0.012239  0.002747  0.436131  0.068854  -0.029726  2.000000  
98.618011 0.009746  0.090759  -0.039332  0.993159  0.113545  -0.027256  -0.019017  0.387574  0.921643  0.115212  -0.914819  0.387081  0.005316  -0.012174  0.002708  0.441014  0.060850  -0.031090  2.000000  
98.619014 0.009751  0.090747  -0.039328  0.993159  0.113562  -0.027187  -0.019017  0.387015  0.921877  0.115212  -0.915054  0.386527  0.005289  -0.012123  0.002743  0.452741  0.061358  -0.031312  2.000000  
98.620020 0.009756  0.090736  -0.039326  0.993143  0.113698  -0.027183  -0.019017  0.386565  0.922066  0.115345  -0.915227  0.386077  0.005232  -0.011985  0.002712  0.456749  0.063139  -0.027150  2.000000  
98.621263 0.009762  0.090721  -0.039322  0.993147  0.113631  -0.027318  -0.018813  0.386141  0.922248  0.115345  -0.915414  0.385632  0.005163  -0.011941  0.002724  0.457061  0.062634  -0.026901  2.000000  
98.622265 0.009766  0.090710  -0.039319  0.993147  0.113644  -0.027263  -0.018813  0.385693  0.922435  0.115345  -0.915601  0.385188  0.005085  -0.011875  0.002730  0.461101  0.062645  -0.026875  2.000000  
98.623527 0.009772  0.090696  -0.039315  0.993147  0.113661  -0.027194  -0.018813  0.385134  0.922669  0.115345  -0.915835  0.384633  0.004991  -0.011781  0.002778  0.465583  0.056846  -0.024346  2.000000  
98.624763 0.009778  0.090682  -0.039311  0.993147  0.113677  -0.027125  -0.018813  0.384574  0.922902  0.115345  -0.916068  0.384077  0.004921  -0.011733  0.002787  0.465978  0.056414  -0.024124  2.000000  
98.626013 0.009784  0.090668  -0.039307  0.993147  0.113691  -0.027070  -0.018813  0.384126  0.923089  0.115345  -0.916254  0.383633  0.004845  -0.011685  0.002847  0.466576  0.050574  -0.021595  2.000000  
98.627013 0.009788  0.090657  -0.039304  0.993132  0.113826  -0.027066  -0.018812  0.383676  0.923276  0.115478  -0.916426  0.383182  0.004759  -0.011593  0.002843  0.470610  0.052343  -0.017435  2.000000  
98.628264 0.009793  0.090643  -0.039301  0.993132  0.113843  -0.026997  -0.018812  0.383116  0.923509  0.115478  -0.916658  0.382626  0.004682  -0.011538  0.002898  0.470685  0.052362  -0.017406  2.000000  
98.629512 0.009799  0.090630  -0.039297  0.993132  0.113856  -0.026942  -0.018812  0.382668  0.923694  0.115478  -0.916844  0.382182  0.004619  -0.011403  0.002914  0.467549  0.045660  -0.014568  2.000000  
98.630516 0.009802  0.090619  -0.039294  0.993132  0.113869  -0.026886  -0.018812  0.382220  0.923880  0.115478  -0.917029  0.381737  0.004559  -0.011283  0.002939  0.471353  0.046038  -0.014664  2.000000  
