1-Time 2-Px 3-Py 4-Pz 5-R11 6-R21 7-R31 8-R12 9-R22 10-R32 11-R13 12-R23 13-R33 14-Vx 15-Vy 16-Vz 17-Wx 18-Wy 19-Wz 20-state 21-PR11 22-PR21 23-PR31 24-PR12 25-PR22 26-PR32 27-PR13 28-PR23 29-PR33 
186.649420 0.000488  0.090069  -0.000612  0.999625  0.022741  0.015278  -0.022847  0.999716  0.006809  -0.015119  -0.007156  0.999860  -0.000343  -0.000546  0.000143  0.000000  0.000000  0.000000  2.000000  
186.650420 0.000488  0.090068  -0.000612  0.999623  0.022740  0.015412  -0.022847  0.999716  0.006806  -0.015252  -0.007156  0.999858  -0.000334  -0.000559  0.000114  0.000000  0.000000  0.000000  2.000000  
186.651434 0.000487  0.090066  -0.000613  0.999619  0.022738  0.015679  -0.022847  0.999716  0.006800  -0.015520  -0.007156  0.999854  -0.000368  -0.000660  0.000064  0.000000  0.000000  0.000000  2.000000  
186.652671 0.000485  0.090062  -0.000614  0.999610  0.022942  0.015948  -0.023053  0.999711  0.006791  -0.015788  -0.007156  0.999850  -0.000488  -0.000863  -0.000034  0.000000  0.000000  0.000000  2.000000  
186.653672 0.000485  0.090059  -0.000614  0.999605  0.022940  0.016215  -0.023053  0.999711  0.006784  -0.016055  -0.007156  0.999846  -0.000495  -0.001015  -0.000093  0.000000  0.000000  0.000000  2.000000  
186.654675 0.000484  0.090055  -0.000615  0.999603  0.022939  0.016349  -0.023052  0.999711  0.006781  -0.016189  -0.007156  0.999843  -0.000533  -0.001233  -0.000119  0.000000  0.000000  0.000000  2.000000  
186.655675 0.000483  0.090052  -0.000615  0.999594  0.023141  0.016621  -0.023258  0.999706  0.006893  -0.016456  -0.007277  0.999838  -0.000548  -0.001404  -0.000136  0.000000  0.000000  0.000000  2.000000  
186.656923 0.000482  0.090047  -0.000615  0.999592  0.023140  0.016755  -0.023258  0.999706  0.006890  -0.016590  -0.007277  0.999836  -0.000604  -0.001696  -0.000160  0.000000  0.000000  0.000000  2.000000  
186.657924 0.000481  0.090043  -0.000615  0.999587  0.023138  0.017022  -0.023258  0.999706  0.006884  -0.016858  -0.007277  0.999831  -0.000592  -0.001916  -0.000187  0.000000  0.000000  0.000000  2.000000  
186.658933 0.000481  0.090039  -0.000616  0.999580  0.023343  0.017157  -0.023464  0.999701  0.006877  -0.016992  -0.007277  0.999829  -0.000565  -0.002180  -0.000192  0.000000  0.000000  0.000000  2.000000  
186.660176 0.000482  0.090034  -0.000616  0.999573  0.023340  0.017558  -0.023464  0.999701  0.006868  -0.017393  -0.007277  0.999822  -0.000512  -0.002456  -0.000261  0.000000  0.000000  0.000000  2.000000  
186.661436 0.000481  0.090029  -0.000617  0.999564  0.023544  0.017827  -0.023669  0.999696  0.006858  -0.017661  -0.007277  0.999818  -0.000541  -0.002794  -0.000294  0.000000  0.000000  0.000000  2.000000  
186.662674 0.000481  0.090024  -0.000617  0.999552  0.023747  0.018230  -0.023875  0.999692  0.006844  -0.018062  -0.007277  0.999810  -0.000495  -0.003090  -0.000321  0.000000  0.000000  0.000000  2.000000  
186.663674 0.000481  0.090019  -0.000616  0.999540  0.023950  0.018633  -0.024080  0.999687  0.006831  -0.018463  -0.007277  0.999803  -0.000483  -0.003352  -0.000294  0.000000  0.000000  0.000000  2.000000  
186.664675 0.000481  0.090014  -0.000616  0.999535  0.023948  0.018900  -0.024080  0.999687  0.006825  -0.018731  -0.007276  0.999798  -0.000520  -0.003712  -0.000286  -0.004412  -0.170994  0.019496  2.000000  
186.665923 0.000479  0.090006  -0.000617  0.999522  0.024151  0.019303  -0.024286  0.999682  0.006811  -0.019132  -0.007276  0.999790  -0.000529  -0.004122  -0.000287  -0.004532  -0.180047  0.026348  2.000000  
186.666926 0.000477  0.089999  -0.000617  0.999509  0.024353  0.019705  -0.024492  0.999677  0.006797  -0.019533  -0.007276  0.999783  -0.000575  -0.004402  -0.000217  -0.004770  -0.189136  0.040115  2.000000  
186.668169 0.000476  0.089991  -0.000617  0.999501  0.024351  0.020106  -0.024491  0.999677  0.006787  -0.019935  -0.007276  0.999775  -0.000602  -0.004712  -0.000167  -0.004780  -0.202687  0.040029  2.000000  
186.669171 0.000475  0.089983  -0.000617  0.999491  0.024554  0.020375  -0.024697  0.999672  0.006777  -0.020202  -0.007276  0.999769  -0.000634  -0.004993  -0.000129  -0.004906  -0.207208  0.046908  2.000000  
186.670171 0.000474  0.089975  -0.000616  0.999478  0.024757  0.020778  -0.024903  0.999667  0.006762  -0.020604  -0.007276  0.999761  -0.000660  -0.005258  -0.000133  -0.005039  -0.216250  0.053759  2.000000  
186.671174 0.000472  0.089967  -0.000616  0.999469  0.024752  0.021182  -0.024902  0.999666  0.006874  -0.021005  -0.007397  0.999752  -0.000692  -0.005542  -0.000094  -0.000978  -0.225305  0.053694  2.000000  
186.672425 0.000471  0.089957  -0.000617  0.999456  0.024955  0.021585  -0.025108  0.999661  0.006859  -0.021406  -0.007397  0.999743  -0.000708  -0.005929  -0.000106  0.002840  -0.238788  0.067417  2.000000  
186.673674 0.000471  0.089947  -0.000617  0.999439  0.025154  0.022124  -0.025313  0.999655  0.006962  -0.021941  -0.007519  0.999731  -0.000706  -0.006237  -0.000106  0.006768  -0.252352  0.074225  2.000000  
186.674676 0.000470  0.089938  -0.000619  0.999425  0.025357  0.022527  -0.025519  0.999650  0.006948  -0.022343  -0.007518  0.999722  -0.000748  -0.006531  -0.000160  0.006619  -0.261377  0.081069  2.000000  
186.675679 0.000470  0.089930  -0.000619  0.999419  0.025355  0.022794  -0.025519  0.999650  0.006941  -0.022610  -0.007518  0.999716  -0.000748  -0.006855  -0.000189  0.006602  -0.265859  0.081031  2.000000  
186.676925 0.000469  0.089919  -0.000620  0.999404  0.025555  0.023200  -0.025724  0.999644  0.007047  -0.023011  -0.007640  0.999706  -0.000801  -0.007247  -0.000232  0.010525  -0.274923  0.087869  2.000000  
186.678172 0.000469  0.089908  -0.000621  0.999395  0.025551  0.023601  -0.025724  0.999644  0.007037  -0.023413  -0.007640  0.999697  -0.000814  -0.007562  -0.000280  0.010504  -0.283980  0.087822  2.000000  
186.679174 0.000468  0.089899  -0.000622  0.999385  0.025548  0.024002  -0.025724  0.999644  0.007026  -0.023814  -0.007639  0.999687  -0.000849  -0.007836  -0.000376  0.014421  -0.293001  0.094684  2.000000  
186.680177 0.000467  0.089890  -0.000623  0.999379  0.025546  0.024269  -0.025724  0.999644  0.007019  -0.024081  -0.007639  0.999681  -0.000856  -0.008120  -0.000473  0.014400  -0.297469  0.094641  2.000000  
186.681440 0.000466  0.089878  -0.000624  0.999369  0.025543  0.024671  -0.025723  0.999645  0.007009  -0.024483  -0.007639  0.999671  -0.000799  -0.008314  -0.000511  0.014500  -0.301782  0.087652  2.000000  
186.682687 0.000465  0.089867  -0.000625  0.999356  0.025539  0.025205  -0.025723  0.999645  0.006995  -0.025018  -0.007639  0.999658  -0.000749  -0.008490  -0.000560  0.014465  -0.310812  0.087596  2.000000  
186.683928 0.000464  0.089854  -0.000626  0.999346  0.025536  0.025606  -0.025723  0.999645  0.006985  -0.025419  -0.007639  0.999648  -0.000716  -0.008702  -0.000661  0.014432  -0.310879  0.087614  2.000000  
186.685179 0.000463  0.089843  -0.000628  0.999336  0.025533  0.026008  -0.025722  0.999645  0.006975  -0.025820  -0.007639  0.999637  -0.000651  -0.008839  -0.000796  0.010332  -0.319867  0.087525  2.000000  
186.686428 0.000462  0.089831  -0.000630  0.999330  0.025324  0.026407  -0.025516  0.999650  0.006970  -0.026222  -0.007639  0.999627  -0.000683  -0.008953  -0.000890  0.010599  -0.324287  0.073666  2.000000  
186.687681 0.000461  0.089819  -0.000632  0.999323  0.025322  0.026675  -0.025516  0.999650  0.006963  -0.026489  -0.007639  0.999620  -0.000686  -0.009033  -0.001000  0.010579  -0.324289  0.073666  2.000000  
186.688692 0.000460  0.089810  -0.000634  0.999316  0.025317  0.026945  -0.025516  0.999649  0.007077  -0.026757  -0.007760  0.999612  -0.000713  -0.009110  -0.001091  0.014791  -0.328726  0.066693  2.000000  
186.689921 0.000459  0.089799  -0.000636  0.999314  0.025109  0.027211  -0.025310  0.999655  0.007076  -0.027024  -0.007760  0.999605  -0.000770  -0.009175  -0.001171  0.014807  -0.326075  0.059304  2.000000  
186.690921 0.000458  0.089790  -0.000638  0.999307  0.025107  0.027479  -0.025310  0.999655  0.007069  -0.027292  -0.007760  0.999597  -0.000780  -0.009188  -0.001264  0.014943  -0.326001  0.052439  2.000000  
186.691926 0.000457  0.089780  -0.000641  0.999305  0.024899  0.027744  -0.025104  0.999660  0.007068  -0.027559  -0.007760  0.999590  -0.000849  -0.009232  -0.001401  0.015363  -0.324081  0.039069  2.000000  
186.692929 0.000455  0.089771  -0.000644  0.999297  0.024894  0.028015  -0.025104  0.999659  0.007183  -0.027827  -0.007881  0.999582  -0.000971  -0.009293  -0.001533  0.019424  -0.319566  0.039080  2.000000  
186.694173 0.000452  0.089758  -0.000648  0.999295  0.024686  0.028281  -0.024898  0.999664  0.007182  -0.028094  -0.007881  0.999574  -0.001113  -0.009380  -0.001717  0.019579  -0.316916  0.025045  2.000000  
186.695178 0.000449  0.089749  -0.000651  0.999288  0.024684  0.028548  -0.024898  0.999664  0.007175  -0.028362  -0.007881  0.999567  -0.001202  -0.009384  -0.001884  0.019890  -0.314896  0.018363  2.000000  
186.696426 0.000446  0.089737  -0.000656  0.999280  0.024681  0.028816  -0.024898  0.999664  0.007169  -0.028629  -0.007881  0.999559  -0.001327  -0.009438  -0.002146  0.019894  -0.312389  0.011357  2.000000  
186.697678 0.000444  0.089725  -0.000661  0.999281  0.024475  0.028948  -0.024692  0.999669  0.007171  -0.028763  -0.007881  0.999555  -0.001439  -0.009437  -0.002371  0.020213  -0.301293  0.004632  2.000000  
186.698923 0.000441  0.089714  -0.000666  0.999274  0.024472  0.029215  -0.024692  0.999669  0.007165  -0.029030  -0.007881  0.999547  -0.001571  -0.009369  -0.002627  0.020217  -0.298815  -0.002265  2.000000  
186.699923 0.000438  0.089705  -0.000669  0.999275  0.024266  0.029347  -0.024486  0.999674  0.007167  -0.029164  -0.007881  0.999544  -0.001687  -0.009313  -0.002780  0.020729  -0.287702  -0.016016  2.000000  
186.701168 0.000435  0.089694  -0.000675  0.999271  0.024265  0.029481  -0.024486  0.999675  0.007164  -0.029298  -0.007881  0.999540  -0.001813  -0.009272  -0.003027  0.016521  -0.276455  -0.015836  2.000000  
186.702170 0.000433  0.089686  -0.000679  0.999272  0.024058  0.029613  -0.024280  0.999680  0.007167  -0.029431  -0.007881  0.999536  -0.001941  -0.009225  -0.003207  0.017015  -0.269674  -0.029738  2.000000  
186.703173 0.000431  0.089677  -0.000683  0.999268  0.024057  0.029747  -0.024280  0.999680  0.007164  -0.029565  -0.007881  0.999532  -0.002021  -0.009164  -0.003332  0.017056  -0.258442  -0.036281  2.000000  
186.704423 0.000427  0.089666  -0.000688  0.999273  0.023851  0.029746  -0.024074  0.999684  0.007170  -0.029565  -0.007881  0.999532  -0.002170  -0.009135  -0.003508  0.013200  -0.245051  -0.043062  2.000000  
186.705424 0.000425  0.089658  -0.000691  0.999269  0.023850  0.029879  -0.024074  0.999684  0.007167  -0.029699  -0.007881  0.999528  -0.002222  -0.009079  -0.003634  0.013388  -0.236039  -0.049848  2.000000  
186.706690 0.000421  0.089647  -0.000696  0.999274  0.023644  0.029878  -0.023868  0.999689  0.007173  -0.029699  -0.007881  0.999528  -0.002387  -0.009025  -0.003712  0.009791  -0.224268  -0.063970  2.000000  
186.707921 0.000418  0.089636  -0.000700  0.999274  0.023644  0.029878  -0.023868  0.999689  0.007173  -0.029699  -0.007881  0.999528  -0.002465  -0.008972  -0.003775  0.009727  -0.209148  -0.063370  2.000000  
186.708928 0.000415  0.089627  -0.000705  0.999279  0.023438  0.029876  -0.023663  0.999694  0.007179  -0.029699  -0.007881  0.999528  -0.002504  -0.008899  -0.003841  0.010005  -0.197320  -0.070701  2.000000  
186.710177 0.000411  0.089616  -0.000709  0.999284  0.023232  0.029875  -0.023457  0.999699  0.007185  -0.029699  -0.007881  0.999528  -0.002541  -0.008835  -0.003868  0.010116  -0.186728  -0.076911  2.000000  
186.711436 0.000408  0.089605  -0.000714  0.999284  0.023236  0.029872  -0.023457  0.999700  0.007064  -0.029699  -0.007760  0.999529  -0.002564  -0.008730  -0.003883  0.006089  -0.173377  -0.076807  2.000000  
186.712675 0.000405  0.089595  -0.000719  0.999288  0.023030  0.029871  -0.023251  0.999705  0.007070  -0.029699  -0.007760  0.999529  -0.002594  -0.008697  -0.003901  0.000000  0.000000  0.000000  2.000000  
186.713923 0.000402  0.089585  -0.000723  0.999297  0.022825  0.029735  -0.023045  0.999709  0.007079  -0.029565  -0.007760  0.999533  -0.002569  -0.008637  -0.003867  0.000000  0.000000  0.000000  2.000000  
186.715173 0.000400  0.089575  -0.000728  0.999297  0.022825  0.029735  -0.023045  0.999709  0.007079  -0.029565  -0.007760  0.999533  -0.002529  -0.008560  -0.003807  0.000000  0.000000  0.000000  2.000000  
186.716173 0.000398  0.089567  -0.000731  0.999302  0.022620  0.029734  -0.022840  0.999714  0.007085  -0.029565  -0.007760  0.999533  -0.002500  -0.008540  -0.003790  0.000000  0.000000  0.000000  2.000000  
186.717174 0.000396  0.089559  -0.000734  0.999311  0.022415  0.029599  -0.022634  0.999719  0.007095  -0.029431  -0.007760  0.999537  -0.002465  -0.008475  -0.003685  0.000000  0.000000  0.000000  2.000000  
186.718423 0.000394  0.089549  -0.000737  0.999311  0.022415  0.029599  -0.022634  0.999719  0.007095  -0.029431  -0.007760  0.999537  -0.002400  -0.008385  -0.003560  0.000000  0.000000  0.000000  2.000000  
186.719669 0.000391  0.089539  -0.000740  0.999319  0.022210  0.029464  -0.022428  0.999723  0.007104  -0.029298  -0.007760  0.999541  -0.002387  -0.008340  -0.003459  0.000000  0.000000  0.000000  2.000000  
186.720671 0.000390  0.089532  -0.000743  0.999324  0.022004  0.029462  -0.022223  0.999728  0.007110  -0.029298  -0.007760  0.999541  -0.002283  -0.008270  -0.003357  0.000000  0.000000  0.000000  2.000000  
186.721672 0.000387  0.089524  -0.000745  0.999324  0.022004  0.029462  -0.022223  0.999728  0.007110  -0.029298  -0.007760  0.999541  -0.002266  -0.008252  -0.003249  0.000000  0.000000  0.000000  2.000000  
186.722924 0.000385  0.089514  -0.000746  0.999328  0.021798  0.029461  -0.022017  0.999732  0.007116  -0.029298  -0.007760  0.999541  -0.002176  -0.008152  -0.002982  0.000000  0.000000  0.000000  2.000000  
186.724174 0.000382  0.089504  -0.000746  0.999337  0.021594  0.029326  -0.021811  0.999737  0.007125  -0.029164  -0.007760  0.999545  -0.002116  -0.008020  -0.002737  0.000000  0.000000  0.000000  2.000000  
186.725177 0.000380  0.089497  -0.000747  0.999341  0.021388  0.029324  -0.021606  0.999741  0.007131  -0.029164  -0.007760  0.999545  -0.002063  -0.007926  -0.002495  0.000000  0.000000  0.000000  2.000000  
186.726428 0.000378  0.089489  -0.000747  0.999341  0.021388  0.029324  -0.021606  0.999741  0.007131  -0.029164  -0.007760  0.999545  -0.002002  -0.007766  -0.002177  0.000000  0.000000  0.000000  2.000000  
186.727676 0.000375  0.089480  -0.000746  0.999346  0.021182  0.029323  -0.021400  0.999746  0.007137  -0.029164  -0.007760  0.999545  -0.001928  -0.007602  -0.001790  0.000000  0.000000  0.000000  2.000000  
186.728923 0.000373  0.089472  -0.000746  0.999346  0.021182  0.029323  -0.021400  0.999746  0.007137  -0.029164  -0.007760  0.999545  -0.001902  -0.007470  -0.001489  0.000000  0.000000  0.000000  2.000000  
186.730174 0.000371  0.089465  -0.000745  0.999350  0.020976  0.029321  -0.021194  0.999750  0.007143  -0.029164  -0.007760  0.999545  -0.001911  -0.007308  -0.001135  0.000000  0.000000  0.000000  2.000000  
186.731176 0.000369  0.089459  -0.000745  0.999350  0.020976  0.029321  -0.021194  0.999750  0.007143  -0.029164  -0.007760  0.999545  -0.001929  -0.007153  -0.000874  0.000000  0.000000  0.000000  2.000000  
186.732427 0.000367  0.089452  -0.000744  0.999350  0.020976  0.029321  -0.021194  0.999750  0.007143  -0.029164  -0.007760  0.999545  -0.001931  -0.006972  -0.000563  0.000000  0.000000  0.000000  2.000000  
186.733674 0.000364  0.089445  -0.000743  0.999350  0.020976  0.029321  -0.021194  0.999750  0.007143  -0.029164  -0.007760  0.999545  -0.001955  -0.006793  -0.000314  0.000000  0.000000  0.000000  2.000000  
186.734929 0.000361  0.089438  -0.000743  0.999350  0.020976  0.029321  -0.021194  0.999750  0.007143  -0.029164  -0.007760  0.999545  -0.001986  -0.006590  -0.000075  0.000000  0.000000  0.000000  2.000000  
186.736174 0.000358  0.089431  -0.000742  0.999346  0.020975  0.029455  -0.021194  0.999750  0.007140  -0.029298  -0.007760  0.999541  -0.002037  -0.006430  0.000111  0.000000  0.000000  0.000000  2.000000  
186.737423 0.000354  0.089424  -0.000742  0.999346  0.020975  0.029455  -0.021194  0.999750  0.007140  -0.029298  -0.007760  0.999541  -0.002106  -0.006261  0.000235  0.000000  0.000000  0.000000  2.000000  
186.738433 0.000351  0.089418  -0.000742  0.999346  0.020975  0.029455  -0.021194  0.999750  0.007140  -0.029298  -0.007760  0.999541  -0.002118  -0.006078  0.000316  0.000000  0.000000  0.000000  2.000000  
186.739668 0.000348  0.089412  -0.000742  0.999342  0.021181  0.029456  -0.021400  0.999746  0.007134  -0.029298  -0.007760  0.999541  -0.002176  -0.005928  0.000353  0.000000  0.000000  0.000000  2.000000  
186.740670 0.000346  0.089407  -0.000742  0.999342  0.021177  0.029459  -0.021400  0.999745  0.007255  -0.029298  -0.007881  0.999540  -0.002192  -0.005786  0.000350  0.000000  0.000000  0.000000  2.000000  
186.741678 0.000344  0.089403  -0.000742  0.999342  0.021177  0.029459  -0.021400  0.999745  0.007255  -0.029298  -0.007881  0.999540  -0.002221  -0.005599  0.000326  0.000000  0.000000  0.000000  2.000000  
186.742679 0.000342  0.089398  -0.000742  0.999337  0.021383  0.029460  -0.021606  0.999740  0.007249  -0.029298  -0.007881  0.999540  -0.002253  -0.005464  0.000284  0.000000  0.000000  0.000000  2.000000  
186.743925 0.000339  0.089393  -0.000743  0.999333  0.021589  0.029462  -0.021811  0.999736  0.007243  -0.029298  -0.007881  0.999540  -0.002318  -0.005298  0.000145  0.000000  0.000000  0.000000  2.000000  
186.745176 0.000336  0.089388  -0.000745  0.999333  0.021589  0.029462  -0.021811  0.999736  0.007243  -0.029298  -0.007881  0.999540  -0.002352  -0.005146  0.000037  0.000000  0.000000  0.000000  2.000000  
186.746435 0.000333  0.089383  -0.000747  0.999328  0.021795  0.029463  -0.022017  0.999731  0.007237  -0.029298  -0.007881  0.999540  -0.002384  -0.004980  -0.000130  0.000000  0.000000  0.000000  2.000000  
186.747677 0.000330  0.089378  -0.000749  0.999324  0.022001  0.029465  -0.022223  0.999727  0.007231  -0.029298  -0.007881  0.999540  -0.002409  -0.004799  -0.000359  0.000000  0.000000  0.000000  2.000000  
186.748923 0.000327  0.089374  -0.000752  0.999319  0.022206  0.029466  -0.022428  0.999722  0.007225  -0.029298  -0.007881  0.999540  -0.002443  -0.004635  -0.000604  0.000000  0.000000  0.000000  2.000000  
186.750170 0.000324  0.089369  -0.000755  0.999314  0.022416  0.029465  -0.022634  0.999719  0.007098  -0.029298  -0.007760  0.999541  -0.002455  -0.004468  -0.000833  0.000000  0.000000  0.000000  2.000000  
186.751434 0.000321  0.089365  -0.000759  0.999310  0.022622  0.029467  -0.022840  0.999714  0.007091  -0.029298  -0.007760  0.999541  -0.002407  -0.004263  -0.001149  0.000000  0.000000  0.000000  2.000000  
186.752669 0.000318  0.089361  -0.000763  0.999305  0.022827  0.029468  -0.023046  0.999709  0.007085  -0.029298  -0.007760  0.999541  -0.002393  -0.004113  -0.001433  0.000000  0.000000  0.000000  2.000000  
186.753671 0.000315  0.089358  -0.000767  0.999300  0.023033  0.029469  -0.023251  0.999705  0.007079  -0.029298  -0.007760  0.999541  -0.002385  -0.003952  -0.001737  0.000000  0.000000  0.000000  2.000000  
186.754671 0.000313  0.089354  -0.000771  0.999300  0.023033  0.029469  -0.023251  0.999705  0.007079  -0.029298  -0.007760  0.999541  -0.002392  -0.003836  -0.001992  0.000000  0.000000  0.000000  2.000000  
186.755918 0.000310  0.089351  -0.000776  0.999295  0.023239  0.029471  -0.023457  0.999700  0.007073  -0.029298  -0.007760  0.999541  -0.002362  -0.003694  -0.002292  0.000000  0.000000  0.000000  2.000000  
186.756922 0.000308  0.089348  -0.000781  0.999291  0.023445  0.029472  -0.023663  0.999695  0.007067  -0.029298  -0.007760  0.999541  -0.002356  -0.003585  -0.002574  0.000000  0.000000  0.000000  2.000000  
186.758176 0.000306  0.089344  -0.000787  0.999286  0.023647  0.029477  -0.023869  0.999689  0.007182  -0.029298  -0.007881  0.999540  -0.002335  -0.003439  -0.002940  0.000000  0.000000  0.000000  2.000000  
186.759428 0.000303  0.089341  -0.000793  0.999281  0.023853  0.029478  -0.024074  0.999684  0.007176  -0.029298  -0.007881  0.999540  -0.002325  -0.003327  -0.003346  0.000000  0.000000  0.000000  2.000000  
186.760429 0.000301  0.089338  -0.000798  0.999276  0.024059  0.029480  -0.024280  0.999679  0.007170  -0.029298  -0.007881  0.999540  -0.002316  -0.003254  -0.003574  0.000000  0.000000  0.000000  2.000000  
186.761440 0.000299  0.089335  -0.000803  0.999271  0.024265  0.029481  -0.024486  0.999675  0.007164  -0.029298  -0.007881  0.999540  -0.002271  -0.003180  -0.003774  0.000000  0.000000  0.000000  2.000000  
186.762440 0.000297  0.089332  -0.000808  0.999271  0.024265  0.029481  -0.024486  0.999675  0.007164  -0.029298  -0.007881  0.999540  -0.002265  -0.003112  -0.004008  0.000000  0.000000  0.000000  2.000000  
186.763676 0.000295  0.089329  -0.000814  0.999266  0.024474  0.029480  -0.024691  0.999670  0.007037  -0.029298  -0.007760  0.999541  -0.002179  -0.003022  -0.004225  0.000000  0.000000  0.000000  2.000000  
186.764676 0.000293  0.089327  -0.000819  0.999266  0.024474  0.029480  -0.024691  0.999670  0.007037  -0.029298  -0.007760  0.999541  -0.002133  -0.002916  -0.004344  0.000000  0.000000  0.000000  2.000000  
186.765676 0.000291  0.089325  -0.000824  0.999261  0.024680  0.029481  -0.024897  0.999665  0.007031  -0.029298  -0.007760  0.999541  -0.002066  -0.002837  -0.004484  0.000000  0.000000  0.000000  2.000000  
186.766924 0.000290  0.089322  -0.000830  0.999261  0.024680  0.029481  -0.024897  0.999665  0.007031  -0.029298  -0.007760  0.999541  -0.001968  -0.002733  -0.004604  0.000000  0.000000  0.000000  2.000000  
186.768171 0.000288  0.089319  -0.000836  0.999255  0.024886  0.029483  -0.025103  0.999660  0.007025  -0.029298  -0.007760  0.999541  -0.001866  -0.002654  -0.004716  0.000000  0.000000  0.000000  2.000000  
186.769425 0.000287  0.089316  -0.000842  0.999252  0.024884  0.029616  -0.025103  0.999660  0.007021  -0.029431  -0.007760  0.999537  -0.001780  -0.002586  -0.004817  0.000000  0.000000  0.000000  2.000000  
186.770432 0.000286  0.089314  -0.000847  0.999252  0.024884  0.029616  -0.025103  0.999660  0.007021  -0.029431  -0.007760  0.999537  -0.001677  -0.002504  -0.004856  0.000000  0.000000  0.000000  2.000000  
186.771434 0.000285  0.089312  -0.000852  0.999252  0.024884  0.029616  -0.025103  0.999660  0.007021  -0.029431  -0.007760  0.999537  -0.001574  -0.002465  -0.004911  0.000000  0.000000  0.000000  2.000000  
186.772674 0.000284  0.089309  -0.000859  0.999246  0.025090  0.029618  -0.025308  0.999655  0.007015  -0.029431  -0.007760  0.999537  -0.001486  -0.002424  -0.004939  0.000000  0.000000  0.000000  2.000000  
186.773918 0.000283  0.089307  -0.000865  0.999242  0.025089  0.029751  -0.025308  0.999655  0.007012  -0.029565  -0.007760  0.999533  -0.001392  -0.002373  -0.004936  0.000000  0.000000  0.000000  2.000000  
186.774932 0.000283  0.089304  -0.000869  0.999242  0.025089  0.029751  -0.025308  0.999655  0.007012  -0.029565  -0.007760  0.999533  -0.001286  -0.002334  -0.004932  0.000000  0.000000  0.000000  2.000000  
186.776176 0.000282  0.089301  -0.000875  0.999238  0.025088  0.029885  -0.025308  0.999655  0.007009  -0.029699  -0.007760  0.999529  -0.001159  -0.002287  -0.004924  0.000000  0.000000  0.000000  2.000000  
186.777426 0.000281  0.089299  -0.000881  0.999238  0.025088  0.029885  -0.025308  0.999655  0.007009  -0.029699  -0.007760  0.999529  -0.001025  -0.002256  -0.004876  0.000000  0.000000  0.000000  2.000000  
186.778437 0.000281  0.089297  -0.000885  0.999234  0.025087  0.030019  -0.025308  0.999655  0.007005  -0.029833  -0.007759  0.999525  -0.000925  -0.002206  -0.004828  0.000000  0.000000  0.000000  2.000000  
186.779673 0.000281  0.089294  -0.000891  0.999240  0.024881  0.030017  -0.025102  0.999660  0.007011  -0.029833  -0.007759  0.999525  -0.000833  -0.002181  -0.004816  0.000000  0.000000  0.000000  2.000000  
186.780924 0.000280  0.089292  -0.000897  0.999236  0.024880  0.030151  -0.025102  0.999660  0.007008  -0.029966  -0.007759  0.999521  -0.000746  -0.002180  -0.004788  0.000000  0.000000  0.000000  2.000000  
186.782173 0.000280  0.089289  -0.000902  0.999236  0.024880  0.030151  -0.025102  0.999660  0.007008  -0.029966  -0.007759  0.999521  -0.000635  -0.002131  -0.004750  0.000000  0.000000  0.000000  2.000000  
186.783423 0.000280  0.089287  -0.000908  0.999232  0.024879  0.030285  -0.025102  0.999660  0.007005  -0.030100  -0.007759  0.999517  -0.000538  -0.002077  -0.004681  0.000000  0.000000  0.000000  2.000000  
186.784669 0.000280  0.089285  -0.000913  0.999228  0.024878  0.030418  -0.025102  0.999660  0.007001  -0.030234  -0.007759  0.999513  -0.000485  -0.002045  -0.004601  0.000000  0.000000  0.000000  2.000000  
186.785925 0.000279  0.089283  -0.000917  0.999228  0.024878  0.030418  -0.025102  0.999660  0.007001  -0.030234  -0.007759  0.999513  -0.000398  -0.002009  -0.004480  0.000000  0.000000  0.000000  2.000000  
186.787174 0.000279  0.089281  -0.000922  0.999224  0.024877  0.030552  -0.025102  0.999660  0.006998  -0.030368  -0.007759  0.999509  -0.000351  -0.001953  -0.004409  0.000000  0.000000  0.000000  2.000000  
186.788425 0.000279  0.089279  -0.000926  0.999219  0.024876  0.030686  -0.025102  0.999660  0.006995  -0.030501  -0.007759  0.999505  -0.000280  -0.001891  -0.004276  0.000000  0.000000  0.000000  2.000000  
186.789671 0.000279  0.089277  -0.000931  0.999215  0.024875  0.030819  -0.025102  0.999660  0.006991  -0.030635  -0.007759  0.999501  -0.000245  -0.001835  -0.004189  0.000000  0.000000  0.000000  2.000000  
186.790675 0.000279  0.089276  -0.000934  0.999215  0.024875  0.030819  -0.025102  0.999660  0.006991  -0.030635  -0.007759  0.999501  -0.000225  -0.001771  -0.004054  0.000000  0.000000  0.000000  2.000000  
186.791679 0.000278  0.089274  -0.000937  0.999211  0.024874  0.030953  -0.025102  0.999660  0.006988  -0.030769  -0.007759  0.999496  -0.000209  -0.001737  -0.003987  0.000000  0.000000  0.000000  2.000000  
186.792925 0.000278  0.089273  -0.000941  0.999207  0.024873  0.031087  -0.025102  0.999661  0.006984  -0.030903  -0.007759  0.999492  -0.000210  -0.001645  -0.003831  0.000000  0.000000  0.000000  2.000000  
186.794173 0.000278  0.089272  -0.000945  0.999198  0.025078  0.031222  -0.025307  0.999655  0.006975  -0.031036  -0.007759  0.999488  -0.000183  -0.001562  -0.003740  0.000000  0.000000  0.000000  2.000000  
186.795175 0.000278  0.089271  -0.000947  0.999198  0.025074  0.031225  -0.025307  0.999655  0.007096  -0.031036  -0.007880  0.999487  -0.000183  -0.001471  -0.003584  0.000000  0.000000  0.000000  2.000000  
186.796426 0.000278  0.089270  -0.000951  0.999194  0.025073  0.031359  -0.025307  0.999655  0.007093  -0.031170  -0.007880  0.999483  -0.000140  -0.001369  -0.003467  0.000000  0.000000  0.000000  2.000000  
186.797730 0.000278  0.089269  -0.000954  0.999184  0.025278  0.031494  -0.025513  0.999649  0.007083  -0.031304  -0.007880  0.999479  -0.000125  -0.001265  -0.003304  0.000000  0.000000  0.000000  2.000000  
186.798926 0.000278  0.089269  -0.000957  0.999180  0.025277  0.031628  -0.025513  0.999649  0.007079  -0.031438  -0.007880  0.999475  -0.000095  -0.001152  -0.003140  0.000000  0.000000  0.000000  2.000000  
186.800171 0.000279  0.089268  -0.000960  0.999175  0.025482  0.031629  -0.025718  0.999644  0.007073  -0.031438  -0.007880  0.999475  -0.000083  -0.001081  -0.003049  0.000000  0.000000  0.000000  2.000000  
186.801435 0.000279  0.089268  -0.000963  0.999171  0.025481  0.031763  -0.025718  0.999644  0.007069  -0.031571  -0.007880  0.999470  -0.000037  -0.000951  -0.002871  0.000000  0.000000  0.000000  2.000000  
186.802672 0.000280  0.089267  -0.000965  0.999161  0.025686  0.031898  -0.025924  0.999639  0.007059  -0.031705  -0.007880  0.999466  0.000010  -0.000882  -0.002756  0.000000  0.000000  0.000000  2.000000  
186.803919 0.000280  0.089266  -0.000967  0.999157  0.025685  0.032031  -0.025924  0.999639  0.007056  -0.031839  -0.007880  0.999462  0.000074  -0.000797  -0.002635  0.000000  0.000000  0.000000  2.000000  
186.805169 0.000280  0.089266  -0.000970  0.999147  0.025886  0.032170  -0.026129  0.999633  0.007167  -0.031972  -0.008001  0.999457  0.000101  -0.000716  -0.002544  0.000000  0.000000  0.000000  2.000000  
186.806174 0.000281  0.089266  -0.000972  0.999147  0.025886  0.032170  -0.026129  0.999633  0.007167  -0.031972  -0.008001  0.999457  0.000184  -0.000613  -0.002415  0.000000  0.000000  0.000000  2.000000  
186.807419 0.000282  0.089266  -0.000974  0.999137  0.026091  0.032305  -0.026335  0.999628  0.007157  -0.032106  -0.008001  0.999452  0.000272  -0.000526  -0.002316  0.000000  0.000000  0.000000  2.000000  
186.808425 0.000283  0.089266  -0.000975  0.999128  0.026295  0.032440  -0.026540  0.999622  0.007147  -0.032240  -0.008001  0.999448  0.000342  -0.000464  -0.002184  0.000000  0.000000  0.000000  2.000000  
186.809427 0.000284  0.089266  -0.000977  0.999128  0.026295  0.032440  -0.026540  0.999622  0.007147  -0.032240  -0.008001  0.999448  0.000413  -0.000362  -0.002106  0.000000  0.000000  0.000000  2.000000  
186.810436 0.000285  0.089266  -0.000978  0.999118  0.026500  0.032575  -0.026746  0.999617  0.007136  -0.032374  -0.008001  0.999444  0.000507  -0.000275  -0.001953  0.000000  0.000000  0.000000  2.000000  
186.811438 0.000286  0.089267  -0.000979  0.999112  0.026706  0.032577  -0.026952  0.999611  0.007130  -0.032374  -0.008001  0.999444  0.000555  -0.000219  -0.001882  0.000000  0.000000  0.000000  2.000000  
186.812673 0.000288  0.089268  -0.000981  0.999102  0.026907  0.032715  -0.027157  0.999605  0.007241  -0.032507  -0.008123  0.999438  0.000670  -0.000115  -0.001782  0.000000  0.000000  0.000000  2.000000  
186.813674 0.000289  0.089268  -0.000982  0.999102  0.026907  0.032715  -0.027157  0.999605  0.007241  -0.032507  -0.008123  0.999438  0.000714  -0.000060  -0.001705  0.000000  0.000000  0.000000  2.000000  
186.814674 0.000290  0.089268  -0.000984  0.999093  0.027111  0.032850  -0.027363  0.999599  0.007230  -0.032641  -0.008122  0.999434  0.000776  -0.000009  -0.001668  0.000000  0.000000  0.000000  2.000000  
186.815923 0.000292  0.089269  -0.000985  0.999087  0.027317  0.032852  -0.027569  0.999594  0.007223  -0.032641  -0.008122  0.999434  0.000869  0.000107  -0.001519  0.000000  0.000000  0.000000  2.000000  
186.817176 0.000293  0.089270  -0.000986  0.999077  0.027522  0.032987  -0.027774  0.999588  0.007213  -0.032775  -0.008122  0.999430  0.000911  0.000185  -0.001460  0.000000  0.000000  0.000000  2.000000  
186.818436 0.000294  0.089271  -0.000987  0.999071  0.027728  0.032988  -0.027980  0.999583  0.007206  -0.032775  -0.008122  0.999430  0.000982  0.000290  -0.001378  0.000000  0.000000  0.000000  2.000000  
186.819669 0.000295  0.089271  -0.000989  0.999061  0.027928  0.033127  -0.028185  0.999576  0.007317  -0.032909  -0.008244  0.999424  0.001000  0.000320  -0.001328  0.000000  0.000000  0.000000  2.000000  
186.820671 0.000297  0.089272  -0.000990  0.999055  0.028134  0.033128  -0.028391  0.999570  0.007310  -0.032909  -0.008244  0.999424  0.001057  0.000429  -0.001216  0.000000  0.000000  0.000000  2.000000  
186.821919 0.000298  0.089273  -0.000991  0.999049  0.028340  0.033130  -0.028597  0.999564  0.007303  -0.032909  -0.008244  0.999424  0.001078  0.000466  -0.001219  0.000000  0.000000  0.000000  2.000000  
186.822923 0.000299  0.089274  -0.000992  0.999039  0.028545  0.033265  -0.028802  0.999559  0.007292  -0.033042  -0.008244  0.999420  0.001092  0.000531  -0.001166  0.000000  0.000000  0.000000  2.000000  
186.824169 0.000300  0.089274  -0.000993  0.999033  0.028750  0.033267  -0.029008  0.999553  0.007286  -0.033042  -0.008244  0.999420  0.001091  0.000552  -0.001097  0.000000  0.000000  0.000000  2.000000  
186.825177 0.000301  0.089275  -0.000994  0.999027  0.028956  0.033268  -0.029214  0.999547  0.007279  -0.033042  -0.008244  0.999420  0.001059  0.000563  -0.001115  0.000000  0.000000  0.000000  2.000000  
186.826435 0.000302  0.089275  -0.000996  0.999021  0.029162  0.033270  -0.029419  0.999541  0.007272  -0.033042  -0.008244  0.999420  0.001041  0.000553  -0.001096  0.000000  0.000000  0.000000  2.000000  
186.827676 0.000303  0.089276  -0.000997  0.999010  0.029367  0.033405  -0.029625  0.999535  0.007261  -0.033176  -0.008244  0.999416  0.000999  0.000545  -0.001070  0.000000  0.000000  0.000000  2.000000  
186.828923 0.000304  0.089276  -0.000998  0.998998  0.029778  0.033408  -0.030036  0.999523  0.007247  -0.033176  -0.008244  0.999416  0.000929  0.000463  -0.001080  0.000000  0.000000  0.000000  2.000000  
186.830173 0.000305  0.089276  -0.001000  0.998992  0.029984  0.033409  -0.030242  0.999516  0.007241  -0.033176  -0.008244  0.999416  0.000909  0.000490  -0.001060  0.000000  0.000000  0.000000  2.000000  
186.831439 0.000304  0.089276  -0.001001  0.998981  0.030189  0.033544  -0.030447  0.999510  0.007230  -0.033310  -0.008244  0.999411  0.000816  0.000383  -0.001050  0.000000  0.000000  0.000000  2.000000  
186.832676 0.000305  0.089275  -0.001002  0.998975  0.030394  0.033546  -0.030653  0.999504  0.007223  -0.033310  -0.008244  0.999411  0.000765  0.000343  -0.000996  0.000000  0.000000  0.000000  2.000000  
186.833676 0.000305  0.089275  -0.001003  0.998964  0.030599  0.033681  -0.030858  0.999498  0.007212  -0.033443  -0.008243  0.999407  0.000689  0.000295  -0.001004  0.000000  0.000000  0.000000  2.000000  
186.834923 0.000305  0.089274  -0.001005  0.998951  0.031011  0.033684  -0.031270  0.999485  0.007198  -0.033443  -0.008243  0.999407  0.000603  0.000195  -0.001052  0.002496  -0.050868  0.172477  2.000000  
186.836169 0.000305  0.089274  -0.001006  0.998940  0.031219  0.033815  -0.031475  0.999480  0.007065  -0.033577  -0.008122  0.999403  0.000504  0.000099  -0.001070  -0.001805  -0.054965  0.177918  2.000000  
186.837169 0.000305  0.089273  -0.001007  0.998934  0.031425  0.033817  -0.031681  0.999473  0.007058  -0.033577  -0.008122  0.999403  0.000428  0.000028  -0.001048  -0.001817  -0.050498  0.177932  2.000000  
186.838426 0.000305  0.089273  -0.001008  0.998927  0.031631  0.033818  -0.031887  0.999467  0.007051  -0.033577  -0.008122  0.999403  0.000328  -0.000086  -0.001039  -0.001844  -0.046434  0.179496  2.000000  
186.839671 0.000305  0.089272  -0.001009  0.998916  0.031835  0.033953  -0.032092  0.999460  0.007040  -0.033711  -0.008122  0.999399  0.000275  -0.000181  -0.001039  -0.001856  -0.050921  0.179421  2.000000  
186.840919 0.000304  0.089271  -0.001010  0.998905  0.032040  0.034088  -0.032298  0.999454  0.007029  -0.033845  -0.008122  0.999394  0.000156  -0.000290  -0.000983  -0.002092  -0.050558  0.184806  2.000000  
186.841928 0.000304  0.089269  -0.001011  0.998898  0.032246  0.034090  -0.032503  0.999447  0.007022  -0.033845  -0.008122  0.999394  0.000051  -0.000410  -0.000972  -0.006185  -0.050979  0.186300  2.000000  
186.842936 0.000303  0.089268  -0.001011  0.998887  0.032451  0.034225  -0.032709  0.999440  0.007010  -0.033978  -0.008122  0.999390  -0.000004  -0.000526  -0.000946  -0.006208  -0.050963  0.186241  2.000000  
186.844172 0.000302  0.089267  -0.001012  0.998876  0.032655  0.034360  -0.032914  0.999434  0.006999  -0.034112  -0.008122  0.999385  -0.000109  -0.000631  -0.000905  -0.006172  -0.055025  0.184748  2.000000  
186.845174 0.000302  0.089265  -0.001013  0.998876  0.032655  0.034360  -0.032914  0.999434  0.006999  -0.034112  -0.008122  0.999385  -0.000205  -0.000761  -0.000926  -0.006005  -0.050932  0.179416  2.000000  
186.846429 0.000301  0.089264  -0.001014  0.998865  0.032860  0.034495  -0.033120  0.999427  0.006988  -0.034246  -0.008122  0.999380  -0.000252  -0.000788  -0.000857  -0.006016  -0.055420  0.179347  2.000000  
186.847677 0.000300  0.089262  -0.001014  0.998853  0.033065  0.034630  -0.033325  0.999420  0.006976  -0.034379  -0.008122  0.999376  -0.000377  -0.000911  -0.000813  -0.006040  -0.055417  0.179336  2.000000  
186.848923 0.000298  0.089260  -0.001015  0.998842  0.033269  0.034765  -0.033531  0.999413  0.006964  -0.034513  -0.008122  0.999371  -0.000453  -0.000961  -0.000765  -0.006053  -0.059921  0.179323  2.000000  
186.849923 0.000297  0.089259  -0.001015  0.998837  0.033268  0.034899  -0.033531  0.999413  0.006960  -0.034647  -0.008122  0.999367  -0.000526  -0.001014  -0.000691  -0.009919  -0.059870  0.172389  2.000000  
186.851176 0.000296  0.089258  -0.001016  0.998825  0.033473  0.035034  -0.033736  0.999407  0.006948  -0.034781  -0.008122  0.999362  -0.000609  -0.001079  -0.000655  -0.009935  -0.064395  0.172428  2.000000  
186.852419 0.000295  0.089257  -0.001016  0.998814  0.033677  0.035169  -0.033941  0.999400  0.006936  -0.034914  -0.008122  0.999357  -0.000700  -0.001100  -0.000590  -0.009861  -0.068301  0.170908  2.000000  
186.853671 0.000292  0.089255  -0.001017  0.998809  0.033676  0.035303  -0.033941  0.999400  0.006932  -0.035048  -0.008122  0.999353  -0.000818  -0.001168  -0.000585  0.000000  0.000000  0.000000  2.000000  
186.854919 0.000290  0.089254  -0.001017  0.998802  0.033882  0.035304  -0.034147  0.999393  0.006925  -0.035048  -0.008122  0.999353  -0.000948  -0.001180  -0.000561  0.000000  0.000000  0.000000  2.000000  
186.855921 0.000289  0.089252  -0.001018  0.998797  0.033881  0.035438  -0.034147  0.999393  0.006920  -0.035182  -0.008122  0.999348  -0.001021  -0.001193  -0.000485  0.000000  0.000000  0.000000  2.000000  
186.856923 0.000287  0.089251  -0.001018  0.998786  0.034086  0.035573  -0.034352  0.999386  0.006908  -0.035316  -0.008122  0.999343  -0.001122  -0.001241  -0.000472  0.000000  0.000000  0.000000  2.000000  
186.858172 0.000284  0.089250  -0.001018  0.998781  0.034080  0.035711  -0.034352  0.999385  0.007025  -0.035449  -0.008243  0.999337  -0.001243  -0.001210  -0.000449  0.000000  0.000000  0.000000  2.000000  
186.859176 0.000282  0.089248  -0.001019  0.998781  0.034080  0.035711  -0.034352  0.999385  0.007025  -0.035449  -0.008243  0.999337  -0.001335  -0.001201  -0.000434  0.000000  0.000000  0.000000  2.000000  
186.860425 0.000279  0.089247  -0.001020  0.998769  0.034285  0.035846  -0.034558  0.999378  0.007013  -0.035583  -0.008243  0.999333  -0.001482  -0.001220  -0.000420  0.000000  0.000000  0.000000  2.000000  
186.861440 0.000277  0.089245  -0.001020  0.998764  0.034284  0.035979  -0.034557  0.999378  0.007008  -0.035717  -0.008243  0.999328  -0.001590  -0.001192  -0.000427  0.000000  0.000000  0.000000  2.000000  
186.862673 0.000274  0.089244  -0.001021  0.998764  0.034284  0.035979  -0.034557  0.999378  0.007008  -0.035717  -0.008243  0.999328  -0.001727  -0.001221  -0.000457  0.000000  0.000000  0.000000  2.000000  
186.863923 0.000270  0.089242  -0.001022  0.998760  0.034283  0.036113  -0.034557  0.999378  0.007004  -0.035850  -0.008243  0.999323  -0.001888  -0.001264  -0.000482  0.000000  0.000000  0.000000  2.000000  
186.864923 0.000267  0.089240  -0.001023  0.998752  0.034484  0.036119  -0.034763  0.999370  0.007117  -0.035850  -0.008364  0.999322  -0.002011  -0.001272  -0.000552  0.000000  0.000000  0.000000  2.000000  
186.866173 0.000264  0.089239  -0.001024  0.998748  0.034483  0.036252  -0.034763  0.999370  0.007113  -0.035984  -0.008364  0.999317  -0.002143  -0.001294  -0.000569  0.000000  0.000000  0.000000  2.000000  
186.867420 0.000260  0.089237  -0.001026  0.998748  0.034483  0.036252  -0.034763  0.999370  0.007113  -0.035984  -0.008364  0.999317  -0.002291  -0.001324  -0.000671  0.000000  0.000000  0.000000  2.000000  
