1-Time 2-Px 3-Py 4-Pz 5-R11 6-R21 7-R31 8-R12 9-R22 10-R32 11-R13 12-R23 13-R33 14-Vx 15-Vy 16-Vz 17-Wx 18-Wy 19-Wz 20-state 21-PR11 22-PR21 23-PR31 24-PR12 25-PR22 26-PR32 27-PR13 28-PR23 29-PR33 
17.413747 0.005749  0.091091  -0.018288  0.998476  0.049861  0.023658  -0.050404  0.998465  0.022972  -0.022476  -0.024130  0.999456  -0.000006  -0.000033  0.000277  0.000000  0.000000  0.000000  2.000000  
17.415003 0.005749  0.091090  -0.018287  0.998466  0.050066  0.023663  -0.050610  0.998454  0.022967  -0.022476  -0.024130  0.999456  -0.000007  -0.000056  0.000325  0.000000  0.000000  0.000000  2.000000  
17.416258 0.005750  0.091089  -0.018287  0.998455  0.050272  0.023667  -0.050815  0.998444  0.022962  -0.022476  -0.024130  0.999456  0.000043  -0.000136  0.000273  0.000000  0.000000  0.000000  2.000000  
17.417499 0.005751  0.091086  -0.018288  0.998431  0.050680  0.023810  -0.051226  0.998423  0.022946  -0.022610  -0.024130  0.999453  0.000099  -0.000319  0.000189  0.000000  0.000000  0.000000  2.000000  
17.418499 0.005752  0.091084  -0.018288  0.998417  0.050879  0.023955  -0.051432  0.998410  0.023055  -0.022744  -0.024251  0.999447  0.000175  -0.000497  0.000211  0.000000  0.000000  0.000000  2.000000  
17.419751 0.005753  0.091081  -0.018288  0.998407  0.051082  0.023966  -0.051637  0.998397  0.023171  -0.022744  -0.024372  0.999444  0.000282  -0.000704  0.000164  0.000000  0.000000  0.000000  2.000000  
17.421003 0.005755  0.091078  -0.018288  0.998396  0.051287  0.023971  -0.051843  0.998387  0.023166  -0.022744  -0.024372  0.999444  0.000401  -0.000859  0.000166  0.000000  0.000000  0.000000  2.000000  
17.422005 0.005757  0.091076  -0.018288  0.998375  0.051695  0.023986  -0.052254  0.998362  0.023278  -0.022744  -0.024493  0.999441  0.000521  -0.000989  0.000122  0.000000  0.000000  0.000000  2.000000  
17.423007 0.005758  0.091074  -0.018288  0.998364  0.051901  0.023991  -0.052459  0.998352  0.023273  -0.022744  -0.024493  0.999441  0.000639  -0.001143  0.000124  0.000000  0.000000  0.000000  2.000000  
17.424014 0.005760  0.091072  -0.018288  0.998342  0.052309  0.024007  -0.052871  0.998328  0.023384  -0.022744  -0.024614  0.999438  0.000767  -0.001299  0.000088  0.000000  0.000000  0.000000  2.000000  
17.425250 0.005763  0.091069  -0.018287  0.998317  0.052717  0.024150  -0.053281  0.998306  0.023367  -0.022878  -0.024614  0.999435  0.000887  -0.001454  0.000090  0.000000  0.000000  0.000000  2.000000  
17.426255 0.005764  0.091068  -0.018287  0.998292  0.053122  0.024300  -0.053692  0.998282  0.023471  -0.023011  -0.024736  0.999429  0.001027  -0.001556  0.000104  0.000000  0.000000  0.000000  2.000000  
17.427499 0.005767  0.091066  -0.018285  0.998256  0.053735  0.024448  -0.054309  0.998249  0.023449  -0.023145  -0.024735  0.999426  0.001206  -0.001703  0.000240  0.000000  0.000000  0.000000  2.000000  
17.428748 0.005769  0.091063  -0.018283  0.998230  0.054139  0.024598  -0.054720  0.998224  0.023552  -0.023279  -0.024857  0.999420  0.001375  -0.001906  0.000327  0.000000  0.000000  0.000000  2.000000  
17.429751 0.005770  0.091060  -0.018281  0.998205  0.054547  0.024741  -0.055130  0.998202  0.023535  -0.023413  -0.024857  0.999417  0.001428  -0.002077  0.000426  0.000000  0.000000  0.000000  2.000000  
17.430999 0.005772  0.091056  -0.018279  0.998182  0.054955  0.024757  -0.055541  0.998176  0.023646  -0.023413  -0.024978  0.999414  0.001503  -0.002221  0.000583  0.024564  -0.035711  0.172084  2.000000  
17.432000 0.005773  0.091053  -0.018278  0.998159  0.055366  0.024767  -0.055952  0.998154  0.023635  -0.023413  -0.024978  0.999414  0.001535  -0.002253  0.000664  0.024074  -0.035793  0.184585  2.000000  
17.433002 0.005774  0.091050  -0.018276  0.998147  0.055569  0.024779  -0.056158  0.998139  0.023751  -0.023413  -0.025099  0.999411  0.001562  -0.002376  0.000784  0.028183  -0.036256  0.192951  2.000000  
17.434015 0.005776  0.091045  -0.018275  0.998121  0.055973  0.024929  -0.056569  0.998114  0.023855  -0.023546  -0.025220  0.999405  0.001559  -0.002505  0.000879  0.031895  -0.041062  0.206448  2.000000  
17.435249 0.005778  0.091040  -0.018274  0.998094  0.056378  0.025079  -0.056979  0.998088  0.023958  -0.023680  -0.025341  0.999398  0.001590  -0.002640  0.000964  0.035651  -0.045929  0.220249  2.000000  
17.436249 0.005779  0.091035  -0.018273  0.998068  0.056782  0.025229  -0.057390  0.998062  0.024061  -0.023814  -0.025462  0.999392  0.001570  -0.002833  0.001014  0.039085  -0.050383  0.232136  2.000000  
17.437250 0.005781  0.091031  -0.018272  0.998044  0.057190  0.025246  -0.057801  0.998035  0.024172  -0.023814  -0.025584  0.999389  0.001585  -0.002981  0.001037  0.043155  -0.051146  0.247826  2.000000  
17.438497 0.005782  0.091024  -0.018272  0.998029  0.057389  0.025391  -0.058006  0.998021  0.024280  -0.023948  -0.025705  0.999383  0.001515  -0.003254  0.001058  0.047055  -0.055829  0.254629  2.000000  
17.439504 0.005784  0.091019  -0.018272  0.998014  0.057588  0.025537  -0.058212  0.998006  0.024388  -0.024081  -0.025826  0.999376  0.001509  -0.003431  0.001024  0.050941  -0.060499  0.261367  2.000000  
17.440753 0.005785  0.091013  -0.018271  0.997990  0.057996  0.025554  -0.058623  0.997980  0.024498  -0.024081  -0.025947  0.999373  0.001423  -0.003770  0.001035  0.054701  -0.060868  0.275221  2.000000  
17.441755 0.005787  0.091007  -0.018271  0.997978  0.058198  0.025566  -0.058828  0.997965  0.024614  -0.024081  -0.026068  0.999370  0.001393  -0.003997  0.000988  0.058614  -0.061057  0.282124  2.000000  
17.443002 0.005788  0.091000  -0.018270  0.997962  0.058397  0.025712  -0.059033  0.997950  0.024722  -0.024215  -0.026189  0.999364  0.001312  -0.004307  0.000912  0.062513  -0.065746  0.288936  2.000000  
17.444015 0.005789  0.090995  -0.018269  0.997950  0.058599  0.025724  -0.059239  0.997935  0.024838  -0.024215  -0.026311  0.999360  0.001274  -0.004510  0.000858  0.066413  -0.065923  0.295781  2.000000  
17.445253 0.005790  0.090988  -0.018268  0.997935  0.058801  0.025862  -0.059444  0.997923  0.024825  -0.024349  -0.026311  0.999357  0.001236  -0.004742  0.000852  0.065899  -0.069892  0.293463  2.000000  
17.446499 0.005791  0.090981  -0.018266  0.997922  0.059004  0.025875  -0.059649  0.997908  0.024940  -0.024349  -0.026432  0.999354  0.001229  -0.004892  0.000821  0.070090  -0.069722  0.286537  2.000000  
17.447501 0.005792  0.090976  -0.018264  0.997919  0.059000  0.026008  -0.059649  0.997908  0.024932  -0.024483  -0.026432  0.999351  0.001195  -0.005052  0.000805  0.066687  -0.065635  0.282058  2.000000  
17.448749 0.005793  0.090968  -0.018263  0.997907  0.059202  0.026020  -0.059855  0.997893  0.025048  -0.024483  -0.026553  0.999348  0.001167  -0.005189  0.000851  0.070180  -0.065110  0.279724  2.000000  
17.449749 0.005793  0.090964  -0.018260  0.997894  0.059405  0.026033  -0.060060  0.997878  0.025164  -0.024483  -0.026674  0.999344  0.001123  -0.005234  0.000916  0.070182  -0.065146  0.279726  2.000000  
17.450752 0.005794  0.090959  -0.018259  0.997894  0.059405  0.026033  -0.060060  0.997878  0.025164  -0.024483  -0.026674  0.999344  0.001050  -0.005267  0.001003  0.070933  -0.065514  0.275150  2.000000  
17.452004 0.005795  0.090952  -0.018257  0.997894  0.059402  0.026040  -0.060060  0.997874  0.025285  -0.024483  -0.026795  0.999341  0.000965  -0.005312  0.001041  0.070665  -0.064649  0.259131  2.000000  
17.453252 0.005795  0.090946  -0.018255  0.997894  0.059402  0.026040  -0.060060  0.997874  0.025285  -0.024483  -0.026795  0.999341  0.000901  -0.005331  0.001137  0.070988  -0.064296  0.245411  2.000000  
17.454499 0.005797  0.090939  -0.018253  0.997879  0.059600  0.026186  -0.060265  0.997859  0.025392  -0.024616  -0.026917  0.999335  0.000860  -0.005363  0.001248  0.071132  -0.064161  0.238589  2.000000  
17.455500 0.005797  0.090934  -0.018253  0.997879  0.059600  0.026186  -0.060265  0.997859  0.025392  -0.024616  -0.026917  0.999335  0.000809  -0.005361  0.001259  0.071431  -0.059339  0.224948  2.000000  
17.456504 0.005798  0.090928  -0.018252  0.997879  0.059597  0.026193  -0.060265  0.997856  0.025513  -0.024616  -0.027038  0.999331  0.000743  -0.005375  0.001265  0.072330  -0.054998  0.213066  2.000000  
17.457505 0.005798  0.090922  -0.018252  0.997879  0.059597  0.026193  -0.060265  0.997856  0.025513  -0.024616  -0.027038  0.999331  0.000701  -0.005374  0.001236  0.072648  -0.050145  0.199356  2.000000  
17.458751 0.005798  0.090915  -0.018253  0.997876  0.059590  0.026334  -0.060265  0.997853  0.025626  -0.024750  -0.027159  0.999325  0.000651  -0.005414  0.001113  0.073148  -0.054136  0.178525  2.000000  
17.459999 0.005799  0.090908  -0.018253  0.997876  0.059590  0.026334  -0.060265  0.997853  0.025626  -0.024750  -0.027159  0.999325  0.000587  -0.005452  0.000977  0.000000  0.000000  0.000000  2.000000  
17.461249 0.005799  0.090901  -0.018253  0.997876  0.059587  0.026341  -0.060265  0.997850  0.025747  -0.024750  -0.027280  0.999321  0.000516  -0.005456  0.000883  0.000000  0.000000  0.000000  2.000000  
17.462251 0.005799  0.090895  -0.018253  0.997876  0.059587  0.026341  -0.060265  0.997850  0.025747  -0.024750  -0.027280  0.999321  0.000457  -0.005464  0.000752  0.000000  0.000000  0.000000  2.000000  
17.463252 0.005799  0.090891  -0.018253  0.997876  0.059584  0.026348  -0.060265  0.997847  0.025868  -0.024750  -0.027401  0.999318  0.000491  -0.005395  0.000678  0.000000  0.000000  0.000000  2.000000  
17.464254 0.005800  0.090885  -0.018253  0.997876  0.059584  0.026348  -0.060265  0.997847  0.025868  -0.024750  -0.027401  0.999318  0.000432  -0.005402  0.000547  0.000000  0.000000  0.000000  2.000000  
17.465499 0.005800  0.090879  -0.018253  0.997876  0.059584  0.026348  -0.060265  0.997847  0.025868  -0.024750  -0.027401  0.999318  0.000415  -0.005387  0.000397  0.000000  0.000000  0.000000  2.000000  
17.466506 0.005800  0.090874  -0.018252  0.997876  0.059584  0.026348  -0.060265  0.997847  0.025868  -0.024750  -0.027401  0.999318  0.000376  -0.005327  0.000313  0.000000  0.000000  0.000000  2.000000  
17.467752 0.005800  0.090868  -0.018252  0.997876  0.059584  0.026348  -0.060265  0.997847  0.025868  -0.024750  -0.027401  0.999318  0.000326  -0.005361  0.000188  0.000000  0.000000  0.000000  2.000000  
17.468998 0.005800  0.090863  -0.018252  0.997888  0.059375  0.026350  -0.060060  0.997856  0.025995  -0.024750  -0.027523  0.999315  0.000271  -0.005256  0.000149  0.000000  0.000000  0.000000  2.000000  
17.470004 0.005801  0.090859  -0.018251  0.997891  0.059379  0.026217  -0.060060  0.997856  0.026003  -0.024616  -0.027523  0.999318  0.000253  -0.005145  0.000072  0.000000  0.000000  0.000000  2.000000  
17.471250 0.005801  0.090854  -0.018251  0.997891  0.059379  0.026217  -0.060060  0.997856  0.026003  -0.024616  -0.027523  0.999318  0.000208  -0.005057  0.000043  0.000000  0.000000  0.000000  2.000000  
17.472518 0.005801  0.090849  -0.018251  0.997891  0.059379  0.026217  -0.060060  0.997856  0.026003  -0.024616  -0.027523  0.999318  0.000198  -0.004905  0.000061  0.000000  0.000000  0.000000  2.000000  
17.473751 0.005801  0.090844  -0.018251  0.997891  0.059379  0.026217  -0.060060  0.997856  0.026003  -0.024616  -0.027523  0.999318  0.000188  -0.004728  0.000092  0.000000  0.000000  0.000000  2.000000  
17.474752 0.005801  0.090840  -0.018251  0.997891  0.059379  0.026217  -0.060060  0.997856  0.026003  -0.024616  -0.027523  0.999318  0.000178  -0.004577  0.000111  0.000000  0.000000  0.000000  2.000000  
17.476003 0.005801  0.090835  -0.018251  0.997888  0.059375  0.026350  -0.060060  0.997856  0.025995  -0.024750  -0.027523  0.999315  0.000173  -0.004451  0.000096  0.000000  0.000000  0.000000  2.000000  
17.477251 0.005802  0.090831  -0.018252  0.997888  0.059375  0.026350  -0.060060  0.997856  0.025995  -0.024750  -0.027523  0.999315  0.000233  -0.004305  0.000086  0.000000  0.000000  0.000000  2.000000  
17.478253 0.005803  0.090827  -0.018253  0.997888  0.059372  0.026357  -0.060060  0.997853  0.026116  -0.024750  -0.027644  0.999311  0.000224  -0.004203  0.000017  0.000000  0.000000  0.000000  2.000000  
17.479509 0.005803  0.090822  -0.018253  0.997891  0.059376  0.026224  -0.060060  0.997853  0.026124  -0.024616  -0.027644  0.999315  0.000238  -0.004103  -0.000029  0.000000  0.000000  0.000000  2.000000  
17.480751 0.005805  0.090818  -0.018254  0.997891  0.059376  0.026224  -0.060060  0.997853  0.026124  -0.024616  -0.027644  0.999315  0.000336  -0.003983  -0.000065  0.000000  0.000000  0.000000  2.000000  
17.481999 0.005806  0.090813  -0.018255  0.997891  0.059373  0.026231  -0.060060  0.997850  0.026245  -0.024616  -0.027765  0.999311  0.000394  -0.003899  -0.000158  0.000000  0.000000  0.000000  2.000000  
17.483248 0.005807  0.090809  -0.018255  0.997891  0.059373  0.026231  -0.060060  0.997850  0.026245  -0.024616  -0.027765  0.999311  0.000468  -0.003829  -0.000205  0.000000  0.000000  0.000000  2.000000  
17.484251 0.005809  0.090805  -0.018255  0.997888  0.059369  0.026365  -0.060060  0.997850  0.026237  -0.024750  -0.027765  0.999308  0.000563  -0.003766  -0.000205  0.000000  0.000000  0.000000  2.000000  
17.485499 0.005811  0.090802  -0.018255  0.997888  0.059369  0.026365  -0.060060  0.997850  0.026237  -0.024750  -0.027765  0.999308  0.000656  -0.003709  -0.000223  0.000000  0.000000  0.000000  2.000000  
17.486747 0.005813  0.090798  -0.018254  0.997891  0.059369  0.026238  -0.060060  0.997847  0.026366  -0.024616  -0.027886  0.999308  0.000790  -0.003608  -0.000184  0.000000  0.000000  0.000000  2.000000  
17.487751 0.005815  0.090795  -0.018254  0.997891  0.059369  0.026238  -0.060060  0.997847  0.026366  -0.024616  -0.027886  0.999308  0.000905  -0.003537  -0.000202  0.000000  0.000000  0.000000  2.000000  
17.488752 0.005816  0.090793  -0.018253  0.997891  0.059369  0.026238  -0.060060  0.997847  0.026366  -0.024616  -0.027886  0.999308  0.001029  -0.003446  -0.000145  0.000000  0.000000  0.000000  2.000000  
17.489755 0.005818  0.090790  -0.018253  0.997891  0.059369  0.026238  -0.060060  0.997847  0.026366  -0.024616  -0.027886  0.999308  0.001134  -0.003367  -0.000125  0.000000  0.000000  0.000000  2.000000  
17.491004 0.005821  0.090787  -0.018252  0.997891  0.059369  0.026238  -0.060060  0.997847  0.026366  -0.024616  -0.027886  0.999308  0.001323  -0.003211  -0.000007  0.000000  0.000000  0.000000  2.000000  
17.492006 0.005823  0.090785  -0.018252  0.997888  0.059366  0.026372  -0.060060  0.997847  0.026358  -0.024750  -0.027886  0.999305  0.001429  -0.003134  0.000013  0.000000  0.000000  0.000000  2.000000  
17.493250 0.005826  0.090782  -0.018251  0.997888  0.059366  0.026372  -0.060060  0.997847  0.026358  -0.024750  -0.027886  0.999305  0.001579  -0.003005  0.000126  0.000000  0.000000  0.000000  2.000000  
17.494256 0.005829  0.090780  -0.018250  0.997888  0.059366  0.026372  -0.060060  0.997847  0.026358  -0.024750  -0.027886  0.999305  0.001714  -0.002902  0.000189  0.000000  0.000000  0.000000  2.000000  
17.495504 0.005832  0.090777  -0.018249  0.997891  0.059366  0.026246  -0.060060  0.997843  0.026487  -0.024616  -0.028007  0.999305  0.001820  -0.002769  0.000297  0.000000  0.000000  0.000000  2.000000  
17.496751 0.005835  0.090774  -0.018248  0.997891  0.059366  0.026246  -0.060060  0.997843  0.026487  -0.024616  -0.028007  0.999305  0.001976  -0.002662  0.000442  0.000000  0.000000  0.000000  2.000000  
17.497999 0.005838  0.090771  -0.018248  0.997891  0.059366  0.026246  -0.060060  0.997843  0.026487  -0.024616  -0.028007  0.999305  0.002062  -0.002559  0.000492  0.000000  0.000000  0.000000  2.000000  
17.499001 0.005840  0.090768  -0.018248  0.997891  0.059366  0.026246  -0.060060  0.997843  0.026487  -0.024616  -0.028007  0.999305  0.002098  -0.002569  0.000491  0.000000  0.000000  0.000000  2.000000  
17.500005 0.005842  0.090765  -0.018247  0.997891  0.059363  0.026253  -0.060060  0.997840  0.026608  -0.024616  -0.028129  0.999301  0.002177  -0.002508  0.000521  0.000000  0.000000  0.000000  2.000000  
17.501251 0.005845  0.090762  -0.018247  0.997879  0.059568  0.026258  -0.060265  0.997828  0.026603  -0.024616  -0.028129  0.999301  0.002210  -0.002519  0.000519  0.000000  0.000000  0.000000  2.000000  
17.502496 0.005847  0.090758  -0.018246  0.997879  0.059568  0.026258  -0.060265  0.997828  0.026603  -0.024616  -0.028129  0.999301  0.002210  -0.002519  0.000519  0.000000  0.000000  0.000000  2.000000  
17.503543 0.005849  0.090755  -0.018246  0.997879  0.059568  0.026258  -0.060265  0.997828  0.026603  -0.024616  -0.028129  0.999301  0.002201  -0.002556  0.000499  0.000000  0.000000  0.000000  2.000000  
17.504750 0.005851  0.090751  -0.018246  0.997879  0.059565  0.026265  -0.060265  0.997825  0.026724  -0.024616  -0.028250  0.999298  0.002158  -0.002596  0.000490  0.000000  0.000000  0.000000  2.000000  
17.506022 0.005853  0.090747  -0.018244  0.997879  0.059565  0.026265  -0.060265  0.997825  0.026724  -0.024616  -0.028250  0.999298  0.002108  -0.002661  0.000488  0.000000  0.000000  0.000000  2.000000  
17.507251 0.005855  0.090743  -0.018244  0.997879  0.059565  0.026265  -0.060265  0.997825  0.026724  -0.024616  -0.028250  0.999298  0.002046  -0.002739  0.000497  0.000000  0.000000  0.000000  2.000000  
17.508252 0.005856  0.090740  -0.018243  0.997879  0.059565  0.026265  -0.060265  0.997825  0.026724  -0.024616  -0.028250  0.999298  0.001983  -0.002792  0.000458  0.000000  0.000000  0.000000  2.000000  
17.509501 0.005858  0.090737  -0.018243  0.997879  0.059565  0.026265  -0.060265  0.997825  0.026724  -0.024616  -0.028250  0.999298  0.001895  -0.002844  0.000468  0.000000  0.000000  0.000000  2.000000  
17.510502 0.005859  0.090734  -0.018242  0.997866  0.059771  0.026271  -0.060471  0.997812  0.026718  -0.024616  -0.028250  0.999298  0.001812  -0.002890  0.000505  0.000000  0.000000  0.000000  2.000000  
17.511751 0.005860  0.090730  -0.018241  0.997866  0.059771  0.026271  -0.060471  0.997812  0.026718  -0.024616  -0.028250  0.999298  0.001667  -0.002965  0.000458  0.000000  0.000000  0.000000  2.000000  
17.512751 0.005861  0.090727  -0.018240  0.997866  0.059771  0.026271  -0.060471  0.997812  0.026718  -0.024616  -0.028250  0.999298  0.001581  -0.003009  0.000526  0.000000  0.000000  0.000000  2.000000  
17.513752 0.005861  0.090723  -0.018240  0.997866  0.059771  0.026271  -0.060471  0.997812  0.026718  -0.024616  -0.028250  0.999298  0.001460  -0.003059  0.000506  0.000000  0.000000  0.000000  2.000000  
17.515005 0.005862  0.090718  -0.018240  0.997866  0.059771  0.026271  -0.060471  0.997812  0.026718  -0.024616  -0.028250  0.999298  0.001318  -0.003159  0.000496  0.000000  0.000000  0.000000  2.000000  
17.516258 0.005863  0.090713  -0.018239  0.997866  0.059771  0.026271  -0.060471  0.997812  0.026718  -0.024616  -0.028250  0.999298  0.001191  -0.003206  0.000506  0.000000  0.000000  0.000000  2.000000  
17.517497 0.005863  0.090709  -0.018239  0.997866  0.059771  0.026271  -0.060471  0.997812  0.026718  -0.024616  -0.028250  0.999298  0.001066  -0.003256  0.000517  0.000000  0.000000  0.000000  2.000000  
17.518499 0.005864  0.090705  -0.018239  0.997866  0.059771  0.026271  -0.060471  0.997812  0.026718  -0.024616  -0.028250  0.999298  0.000976  -0.003338  0.000469  0.000000  0.000000  0.000000  2.000000  
17.519499 0.005864  0.090701  -0.018239  0.997854  0.059976  0.026276  -0.060676  0.997800  0.026713  -0.024616  -0.028250  0.999298  0.000897  -0.003384  0.000458  0.000000  0.000000  0.000000  2.000000  
17.520499 0.005864  0.090697  -0.018239  0.997854  0.059976  0.026276  -0.060676  0.997800  0.026713  -0.024616  -0.028250  0.999298  0.000798  -0.003430  0.000401  0.000000  0.000000  0.000000  2.000000  
17.521501 0.005865  0.090693  -0.018238  0.997854  0.059976  0.026276  -0.060676  0.997800  0.026713  -0.024616  -0.028250  0.999298  0.000734  -0.003504  0.000410  0.000000  0.000000  0.000000  2.000000  
17.522524 0.005865  0.090690  -0.018238  0.997854  0.059976  0.026276  -0.060676  0.997800  0.026713  -0.024616  -0.028250  0.999298  0.000654  -0.003534  0.000351  0.000000  0.000000  0.000000  2.000000  
17.523751 0.005866  0.090685  -0.018239  0.997854  0.059976  0.026276  -0.060676  0.997800  0.026713  -0.024616  -0.028250  0.999298  0.000580  -0.003610  0.000267  0.000000  0.000000  0.000000  2.000000  
17.524755 0.005866  0.090681  -0.018239  0.997854  0.059976  0.026276  -0.060676  0.997800  0.026713  -0.024616  -0.028250  0.999298  0.000540  -0.003647  0.000235  0.000000  0.000000  0.000000  2.000000  
17.526006 0.005867  0.090677  -0.018239  0.997854  0.059976  0.026276  -0.060676  0.997800  0.026713  -0.024616  -0.028250  0.999298  0.000487  -0.003700  0.000157  0.000000  0.000000  0.000000  2.000000  
17.527251 0.005868  0.090672  -0.018239  0.997854  0.059976  0.026276  -0.060676  0.997800  0.026713  -0.024616  -0.028250  0.999298  0.000466  -0.003731  0.000099  0.000000  0.000000  0.000000  2.000000  
17.528254 0.005868  0.090669  -0.018239  0.997841  0.060181  0.026282  -0.060882  0.997788  0.026707  -0.024616  -0.028250  0.999298  0.000468  -0.003708  0.000051  0.000000  0.000000  0.000000  2.000000  
17.529501 0.005870  0.090665  -0.018239  0.997841  0.060181  0.026282  -0.060882  0.997788  0.026707  -0.024616  -0.028250  0.999298  0.000490  -0.003657  0.000062  0.000000  0.000000  0.000000  2.000000  
17.530504 0.005870  0.090662  -0.018239  0.997841  0.060185  0.026275  -0.060882  0.997791  0.026586  -0.024616  -0.028129  0.999301  0.000523  -0.003608  0.000034  0.000000  0.000000  0.000000  2.000000  
17.531754 0.005871  0.090658  -0.018239  0.997841  0.060185  0.026275  -0.060882  0.997791  0.026586  -0.024616  -0.028129  0.999301  0.000566  -0.003551  0.000023  0.000000  0.000000  0.000000  2.000000  
17.533003 0.005873  0.090655  -0.018238  0.997841  0.060185  0.026275  -0.060882  0.997791  0.026586  -0.024616  -0.028129  0.999301  0.000633  -0.003432  0.000048  0.000000  0.000000  0.000000  2.000000  
17.534014 0.005873  0.090652  -0.018239  0.997829  0.060390  0.026280  -0.061087  0.997778  0.026581  -0.024616  -0.028129  0.999301  0.000666  -0.003381  0.000020  0.000000  0.000000  0.000000  2.000000  
17.535252 0.005875  0.090649  -0.018239  0.997829  0.060390  0.026280  -0.061087  0.997778  0.026581  -0.024616  -0.028129  0.999301  0.000708  -0.003308  -0.000037  0.000000  0.000000  0.000000  2.000000  
17.536497 0.005877  0.090646  -0.018239  0.997829  0.060390  0.026280  -0.061087  0.997778  0.026581  -0.024616  -0.028129  0.999301  0.000815  -0.003134  -0.000024  0.000000  0.000000  0.000000  2.000000  
17.537499 0.005878  0.090644  -0.018239  0.997829  0.060390  0.026280  -0.061087  0.997778  0.026581  -0.024616  -0.028129  0.999301  0.000831  -0.003042  -0.000069  0.000000  0.000000  0.000000  2.000000  
17.538499 0.005879  0.090642  -0.018240  0.997829  0.060390  0.026280  -0.061087  0.997778  0.026581  -0.024616  -0.028129  0.999301  0.000884  -0.002939  -0.000085  0.000000  0.000000  0.000000  2.000000  
17.539504 0.005880  0.090640  -0.018240  0.997816  0.060595  0.026286  -0.061293  0.997766  0.026576  -0.024616  -0.028129  0.999301  0.000925  -0.002836  -0.000082  0.000000  0.000000  0.000000  2.000000  
17.540752 0.005882  0.090638  -0.018241  0.997816  0.060595  0.026286  -0.061293  0.997766  0.026576  -0.024616  -0.028129  0.999301  0.001005  -0.002663  -0.000136  0.000000  0.000000  0.000000  2.000000  
17.542005 0.005884  0.090635  -0.018241  0.997816  0.060595  0.026286  -0.061293  0.997766  0.026576  -0.024616  -0.028129  0.999301  0.001082  -0.002510  -0.000142  0.000000  0.000000  0.000000  2.000000  
17.543251 0.005885  0.090633  -0.018242  0.997816  0.060599  0.026278  -0.061293  0.997769  0.026455  -0.024616  -0.028007  0.999305  0.001099  -0.002400  -0.000214  0.000000  0.000000  0.000000  2.000000  
17.544253 0.005886  0.090632  -0.018243  0.997804  0.060804  0.026284  -0.061498  0.997757  0.026449  -0.024616  -0.028007  0.999305  0.001136  -0.002239  -0.000269  0.000000  0.000000  0.000000  2.000000  
17.545505 0.005888  0.090631  -0.018243  0.997804  0.060804  0.026284  -0.061498  0.997757  0.026449  -0.024616  -0.028007  0.999305  0.001162  -0.002087  -0.000265  0.000000  0.000000  0.000000  2.000000  
17.546754 0.005889  0.090629  -0.018244  0.997804  0.060804  0.026284  -0.061498  0.997757  0.026449  -0.024616  -0.028007  0.999305  0.001169  -0.001940  -0.000366  0.000000  0.000000  0.000000  2.000000  
17.548001 0.005890  0.090628  -0.018244  0.997804  0.060804  0.026284  -0.061498  0.997757  0.026449  -0.024616  -0.028007  0.999305  0.001155  -0.001786  -0.000413  0.000000  0.000000  0.000000  2.000000  
17.549001 0.005891  0.090627  -0.018245  0.997791  0.061010  0.026289  -0.061703  0.997744  0.026444  -0.024616  -0.028007  0.999305  0.001141  -0.001638  -0.000437  0.000000  0.000000  0.000000  2.000000  
17.550004 0.005891  0.090627  -0.018245  0.997794  0.061013  0.026156  -0.061704  0.997744  0.026452  -0.024483  -0.028008  0.999308  0.001124  -0.001484  -0.000438  0.000000  0.000000  0.000000  2.000000  
17.551247 0.005892  0.090626  -0.018246  0.997794  0.061013  0.026156  -0.061704  0.997744  0.026452  -0.024483  -0.028008  0.999308  0.001038  -0.001386  -0.000485  0.000000  0.000000  0.000000  2.000000  
17.552250 0.005893  0.090626  -0.018247  0.997794  0.061016  0.026148  -0.061704  0.997747  0.026331  -0.024483  -0.027886  0.999311  0.000999  -0.001258  -0.000545  0.000000  0.000000  0.000000  2.000000  
17.553500 0.005893  0.090625  -0.018248  0.997794  0.061016  0.026148  -0.061704  0.997747  0.026331  -0.024483  -0.027886  0.999311  0.000912  -0.001076  -0.000528  0.000000  0.000000  0.000000  2.000000  
17.554500 0.005893  0.090625  -0.018248  0.997781  0.061222  0.026154  -0.061909  0.997735  0.026326  -0.024483  -0.027886  0.999311  0.000870  -0.000984  -0.000545  0.000000  0.000000  0.000000  2.000000  
17.555748 0.005893  0.090625  -0.018249  0.997781  0.061222  0.026154  -0.061909  0.997735  0.026326  -0.024483  -0.027886  0.999311  0.000763  -0.000856  -0.000540  0.000000  0.000000  0.000000  2.000000  
17.556998 0.005893  0.090625  -0.018249  0.997781  0.061222  0.026154  -0.061909  0.997735  0.026326  -0.024483  -0.027886  0.999311  0.000637  -0.000678  -0.000551  0.000000  0.000000  0.000000  2.000000  
17.558001 0.005893  0.090625  -0.018250  0.997781  0.061222  0.026154  -0.061909  0.997735  0.026326  -0.024483  -0.027886  0.999311  0.000589  -0.000576  -0.000547  0.000000  0.000000  0.000000  2.000000  
17.559003 0.005893  0.090625  -0.018251  0.997781  0.061222  0.026154  -0.061909  0.997735  0.026326  -0.024483  -0.027886  0.999311  0.000502  -0.000475  -0.000572  0.000000  0.000000  0.000000  2.000000  
17.560250 0.005893  0.090625  -0.018252  0.997781  0.061225  0.026146  -0.061909  0.997738  0.026205  -0.024483  -0.027765  0.999315  0.000405  -0.000349  -0.000604  0.000000  0.000000  0.000000  2.000000  
17.561503 0.005893  0.090626  -0.018253  0.997781  0.061225  0.026146  -0.061909  0.997738  0.026205  -0.024483  -0.027765  0.999315  0.000293  -0.000199  -0.000617  0.000000  0.000000  0.000000  2.000000  
17.562752 0.005893  0.090626  -0.018254  0.997781  0.061225  0.026146  -0.061909  0.997738  0.026205  -0.024483  -0.027765  0.999315  0.000182  -0.000148  -0.000652  0.000000  0.000000  0.000000  2.000000  
17.564011 0.005893  0.090626  -0.018255  0.997781  0.061225  0.026146  -0.061909  0.997738  0.026205  -0.024483  -0.027765  0.999315  0.000133  -0.000044  -0.000648  0.000000  0.000000  0.000000  2.000000  
17.565250 0.005892  0.090627  -0.018256  0.997781  0.061225  0.026146  -0.061909  0.997738  0.026205  -0.024483  -0.027765  0.999315  0.000022  0.000007  -0.000672  0.000000  0.000000  0.000000  2.000000  
17.566253 0.005892  0.090627  -0.018257  0.997781  0.061225  0.026146  -0.061909  0.997738  0.026205  -0.024483  -0.027765  0.999315  -0.000017  0.000086  -0.000671  0.000000  0.000000  0.000000  2.000000  
17.567500 0.005892  0.090627  -0.018257  0.997781  0.061225  0.026146  -0.061909  0.997738  0.026205  -0.024483  -0.027765  0.999315  -0.000046  0.000139  -0.000650  0.000000  0.000000  0.000000  2.000000  
17.568500 0.005892  0.090627  -0.018258  0.997781  0.061225  0.026146  -0.061909  0.997738  0.026205  -0.024483  -0.027765  0.999315  -0.000087  0.000138  -0.000678  0.000000  0.000000  0.000000  2.000000  
17.569500 0.005891  0.090628  -0.018258  0.997781  0.061225  0.026146  -0.061909  0.997738  0.026205  -0.024483  -0.027765  0.999315  -0.000115  0.000188  -0.000646  0.000000  0.000000  0.000000  2.000000  
17.570752 0.005891  0.090628  -0.018259  0.997781  0.061225  0.026146  -0.061909  0.997738  0.026205  -0.024483  -0.027765  0.999315  -0.000126  0.000217  -0.000665  0.000000  0.000000  0.000000  2.000000  
17.571997 0.005891  0.090628  -0.018259  0.997781  0.061225  0.026146  -0.061909  0.997738  0.026205  -0.024483  -0.027765  0.999315  -0.000124  0.000213  -0.000654  0.000000  0.000000  0.000000  2.000000  
17.573005 0.005892  0.090629  -0.018259  0.997781  0.061225  0.026146  -0.061909  0.997738  0.026205  -0.024483  -0.027765  0.999315  -0.000107  0.000223  -0.000559  0.000000  0.000000  0.000000  2.000000  
17.574015 0.005892  0.090629  -0.018260  0.997781  0.061225  0.026146  -0.061909  0.997738  0.026205  -0.024483  -0.027765  0.999315  -0.000116  0.000248  -0.000568  0.000000  0.000000  0.000000  2.000000  
17.575253 0.005893  0.090629  -0.018260  0.997794  0.061020  0.026141  -0.061704  0.997750  0.026210  -0.024483  -0.027765  0.999315  -0.000034  0.000250  -0.000512  0.000000  0.000000  0.000000  2.000000  
17.576501 0.005893  0.090629  -0.018261  0.997794  0.061020  0.026141  -0.061704  0.997750  0.026210  -0.024483  -0.027765  0.999315  -0.000025  0.000221  -0.000495  0.000000  0.000000  0.000000  2.000000  
17.577501 0.005893  0.090630  -0.018260  0.997794  0.061020  0.026141  -0.061704  0.997750  0.026210  -0.024483  -0.027765  0.999315  0.000037  0.000254  -0.000416  0.000000  0.000000  0.000000  2.000000  
17.578751 0.005894  0.090630  -0.018260  0.997794  0.061020  0.026141  -0.061704  0.997750  0.026210  -0.024483  -0.027765  0.999315  0.000076  0.000251  -0.000382  0.000000  0.000000  0.000000  2.000000  
17.580004 0.005894  0.090630  -0.018261  0.997794  0.061020  0.026141  -0.061704  0.997750  0.026210  -0.024483  -0.027765  0.999315  0.000137  0.000205  -0.000342  0.000000  0.000000  0.000000  2.000000  
17.581252 0.005895  0.090630  -0.018262  0.997794  0.061020  0.026141  -0.061704  0.997750  0.026210  -0.024483  -0.027765  0.999315  0.000195  0.000175  -0.000338  0.000000  0.000000  0.000000  2.000000  
17.582502 0.005895  0.090629  -0.018262  0.997794  0.061016  0.026148  -0.061704  0.997747  0.026331  -0.024483  -0.027886  0.999311  0.000228  0.000125  -0.000366  0.000000  0.000000  0.000000  2.000000  
17.583750 0.005896  0.090629  -0.018263  0.997794  0.061016  0.026148  -0.061704  0.997747  0.026331  -0.024483  -0.027886  0.999311  0.000315  0.000122  -0.000342  0.000000  0.000000  0.000000  2.000000  
17.584751 0.005896  0.090629  -0.018263  0.997794  0.061016  0.026148  -0.061704  0.997747  0.026331  -0.024483  -0.027886  0.999311  0.000330  0.000099  -0.000339  0.000000  0.000000  0.000000  2.000000  
17.585752 0.005897  0.090629  -0.018264  0.997794  0.061016  0.026148  -0.061704  0.997747  0.026331  -0.024483  -0.027886  0.999311  0.000360  0.000046  -0.000360  0.000000  0.000000  0.000000  2.000000  
17.586752 0.005897  0.090629  -0.018264  0.997794  0.061016  0.026148  -0.061704  0.997747  0.026331  -0.024483  -0.027886  0.999311  0.000410  0.000021  -0.000323  0.000000  0.000000  0.000000  2.000000  
17.588006 0.005898  0.090628  -0.018265  0.997794  0.061016  0.026148  -0.061704  0.997747  0.026331  -0.024483  -0.027886  0.999311  0.000398  -0.000033  -0.000373  0.000000  0.000000  0.000000  2.000000  
17.589252 0.005898  0.090628  -0.018265  0.997794  0.061016  0.026148  -0.061704  0.997747  0.026331  -0.024483  -0.027886  0.999311  0.000428  -0.000086  -0.000394  0.000000  0.000000  0.000000  2.000000  
17.590254 0.005899  0.090628  -0.018267  0.997794  0.061016  0.026148  -0.061704  0.997747  0.026331  -0.024483  -0.027886  0.999311  0.000407  -0.000115  -0.000453  0.000000  0.000000  0.000000  2.000000  
17.591501 0.005899  0.090627  -0.018267  0.997794  0.061016  0.026148  -0.061704  0.997747  0.026331  -0.024483  -0.027886  0.999311  0.000385  -0.000166  -0.000464  0.000000  0.000000  0.000000  2.000000  
17.592501 0.005899  0.090627  -0.018268  0.997794  0.061016  0.026148  -0.061704  0.997747  0.026331  -0.024483  -0.027886  0.999311  0.000409  -0.000193  -0.000524  0.000000  0.000000  0.000000  2.000000  
17.593751 0.005900  0.090626  -0.018269  0.997794  0.061016  0.026148  -0.061704  0.997747  0.026331  -0.024483  -0.027886  0.999311  0.000398  -0.000246  -0.000572  0.000000  0.000000  0.000000  2.000000  
17.595004 0.005900  0.090626  -0.018270  0.997794  0.061016  0.026148  -0.061704  0.997747  0.026331  -0.024483  -0.027886  0.999311  0.000405  -0.000250  -0.000582  0.000000  0.000000  0.000000  2.000000  
17.596253 0.005900  0.090625  -0.018272  0.997794  0.061016  0.026148  -0.061704  0.997747  0.026331  -0.024483  -0.027886  0.999311  0.000343  -0.000280  -0.000668  0.000000  0.000000  0.000000  2.000000  
17.597501 0.005901  0.090625  -0.018273  0.997794  0.061016  0.026148  -0.061704  0.997747  0.026331  -0.024483  -0.027886  0.999311  0.000359  -0.000281  -0.000734  0.000000  0.000000  0.000000  2.000000  
17.598747 0.005901  0.090624  -0.018274  0.997794  0.061016  0.026148  -0.061704  0.997747  0.026331  -0.024483  -0.027886  0.999311  0.000296  -0.000332  -0.000772  0.000000  0.000000  0.000000  2.000000  
17.599749 0.005901  0.090624  -0.018276  0.997794  0.061016  0.026148  -0.061704  0.997747  0.026331  -0.024483  -0.027886  0.999311  0.000307  -0.000335  -0.000811  0.000000  0.000000  0.000000  2.000000  
17.600753 0.005901  0.090624  -0.018277  0.997794  0.061016  0.026148  -0.061704  0.997747  0.026331  -0.024483  -0.027886  0.999311  0.000292  -0.000369  -0.000883  0.000000  0.000000  0.000000  2.000000  
17.602013 0.005901  0.090623  -0.018278  0.997794  0.061016  0.026148  -0.061704  0.997747  0.026331  -0.024483  -0.027886  0.999311  0.000250  -0.000370  -0.000910  0.000000  0.000000  0.000000  2.000000  
17.603249 0.005902  0.090623  -0.018280  0.997794  0.061016  0.026148  -0.061704  0.997747  0.026331  -0.024483  -0.027886  0.999311  0.000259  -0.000344  -0.000981  0.000000  0.000000  0.000000  2.000000  
17.604497 0.005902  0.090623  -0.018281  0.997794  0.061016  0.026148  -0.061704  0.997747  0.026331  -0.024483  -0.027886  0.999311  0.000260  -0.000322  -0.001028  0.000000  0.000000  0.000000  2.000000  
17.605499 0.005903  0.090623  -0.018283  0.997794  0.061016  0.026148  -0.061704  0.997747  0.026331  -0.024483  -0.027886  0.999311  0.000272  -0.000303  -0.001112  0.000000  0.000000  0.000000  2.000000  
17.606503 0.005903  0.090623  -0.018284  0.997794  0.061016  0.026148  -0.061704  0.997747  0.026331  -0.024483  -0.027886  0.999311  0.000268  -0.000282  -0.001139  0.000000  0.000000  0.000000  2.000000  
17.607748 0.005904  0.090623  -0.018286  0.997794  0.061016  0.026148  -0.061704  0.997747  0.026331  -0.024483  -0.027886  0.999311  0.000285  -0.000283  -0.001197  0.000000  0.000000  0.000000  2.000000  
17.608751 0.005904  0.090622  -0.018288  0.997794  0.061016  0.026148  -0.061704  0.997747  0.026331  -0.024483  -0.027886  0.999311  0.000260  -0.000292  -0.001286  0.000000  0.000000  0.000000  2.000000  
17.609751 0.005904  0.090622  -0.018289  0.997794  0.061016  0.026148  -0.061704  0.997747  0.026331  -0.024483  -0.027886  0.999311  0.000282  -0.000240  -0.001274  0.000000  0.000000  0.000000  2.000000  
17.611002 0.005905  0.090622  -0.018291  0.997794  0.061016  0.026148  -0.061704  0.997747  0.026331  -0.024483  -0.027886  0.999311  0.000324  -0.000217  -0.001293  0.000000  0.000000  0.000000  2.000000  
17.612003 0.005905  0.090622  -0.018292  0.997794  0.061016  0.026148  -0.061704  0.997747  0.026331  -0.024483  -0.027886  0.999311  0.000311  -0.000166  -0.001326  0.000000  0.000000  0.000000  2.000000  
17.613003 0.005906  0.090622  -0.018294  0.997794  0.061016  0.026148  -0.061704  0.997747  0.026331  -0.024483  -0.027886  0.999311  0.000307  -0.000144  -0.001357  0.000000  0.000000  0.000000  2.000000  
17.614016 0.005906  0.090623  -0.018294  0.997794  0.061016  0.026148  -0.061704  0.997747  0.026331  -0.024483  -0.027886  0.999311  0.000370  -0.000092  -0.001317  0.000000  0.000000  0.000000  2.000000  
17.615252 0.005907  0.090623  -0.018297  0.997794  0.061016  0.026148  -0.061704  0.997747  0.026331  -0.024483  -0.027886  0.999311  0.000374  -0.000047  -0.001414  0.000000  0.000000  0.000000  2.000000  
17.616505 0.005908  0.090623  -0.018298  0.997794  0.061016  0.026148  -0.061704  0.997747  0.026331  -0.024483  -0.027886  0.999311  0.000437  0.000006  -0.001374  0.000000  0.000000  0.000000  2.000000  
17.617749 0.005909  0.090623  -0.018300  0.997794  0.061016  0.026148  -0.061704  0.997747  0.026331  -0.024483  -0.027886  0.999311  0.000472  0.000028  -0.001371  0.000000  0.000000  0.000000  2.000000  
17.618997 0.005909  0.090624  -0.018302  0.997794  0.061016  0.026148  -0.061704  0.997747  0.026331  -0.024483  -0.027886  0.999311  0.000474  0.000051  -0.001418  0.000000  0.000000  0.000000  2.000000  
17.620002 0.005910  0.090624  -0.018303  0.997794  0.061016  0.026148  -0.061704  0.997747  0.026331  -0.024483  -0.027886  0.999311  0.000502  0.000080  -0.001383  0.000000  0.000000  0.000000  2.000000  
17.621254 0.005911  0.090625  -0.018305  0.997794  0.061016  0.026148  -0.061704  0.997747  0.026331  -0.024483  -0.027886  0.999311  0.000526  0.000127  -0.001387  0.000000  0.000000  0.000000  2.000000  
17.622255 0.005911  0.090624  -0.018306  0.997794  0.061016  0.026148  -0.061704  0.997747  0.026331  -0.024483  -0.027886  0.999311  0.000524  0.000131  -0.001371  0.000000  0.000000  0.000000  2.000000  
17.623502 0.005912  0.090625  -0.018308  0.997794  0.061016  0.026148  -0.061704  0.997747  0.026331  -0.024483  -0.027886  0.999311  0.000590  0.000200  -0.001395  0.000000  0.000000  0.000000  2.000000  
17.624504 0.005913  0.090625  -0.018309  0.997794  0.061016  0.026148  -0.061704  0.997747  0.026331  -0.024483  -0.027886  0.999311  0.000589  0.000206  -0.001380  0.000000  0.000000  0.000000  2.000000  
17.625751 0.005914  0.090625  -0.018312  0.997794  0.061016  0.026148  -0.061704  0.997747  0.026331  -0.024483  -0.027886  0.999311  0.000590  0.000200  -0.001395  0.000000  0.000000  0.000000  2.000000  
17.626751 0.005915  0.090626  -0.018312  0.997794  0.061016  0.026148  -0.061704  0.997747  0.026331  -0.024483  -0.027886  0.999311  0.000630  0.000201  -0.001368  0.000000  0.000000  0.000000  2.000000  
17.628003 0.005915  0.090626  -0.018314  0.997794  0.061016  0.026148  -0.061704  0.997747  0.026331  -0.024483  -0.027886  0.999311  0.000621  0.000226  -0.001376  0.000000  0.000000  0.000000  2.000000  
17.629004 0.005915  0.090626  -0.018316  0.997794  0.061016  0.026148  -0.061704  0.997747  0.026331  -0.024483  -0.027886  0.999311  0.000601  0.000198  -0.001435  0.000000  0.000000  0.000000  2.000000  
17.630007 0.005916  0.090626  -0.018317  0.997794  0.061016  0.026148  -0.061704  0.997747  0.026331  -0.024483  -0.027886  0.999311  0.000630  0.000207  -0.001352  0.000000  0.000000  0.000000  2.000000  
17.631252 0.005917  0.090626  -0.018319  0.997794  0.061016  0.026148  -0.061704  0.997747  0.026331  -0.024483  -0.027886  0.999311  0.000599  0.000175  -0.001387  0.000000  0.000000  0.000000  2.000000  
