1-Time 2-Px 3-Py 4-Pz 5-R11 6-R21 7-R31 8-R12 9-R22 10-R32 11-R13 12-R23 13-R33 14-Vx 15-Vy 16-Vz 17-Wx 18-Wy 19-Wz 20-state 21-PR11 22-PR21 23-PR31 24-PR12 25-PR22 26-PR32 27-PR13 28-PR23 29-PR33 
81.098819 0.001197  0.090376  -0.008617  0.997892  0.027215  0.058911  -0.025891  0.999397  -0.023125  -0.059505  0.021551  0.997995  -0.000121  -0.000145  -0.000023  0.000000  0.000000  0.000000  2.000000  
81.100065 0.001197  0.090376  -0.008617  0.997892  0.027215  0.058911  -0.025891  0.999397  -0.023125  -0.059505  0.021551  0.997995  -0.000144  -0.000194  -0.000032  0.000000  0.000000  0.000000  2.000000  
81.101330 0.001196  0.090373  -0.008618  0.997879  0.027431  0.059037  -0.026096  0.999389  -0.023262  -0.059639  0.021672  0.997985  -0.000225  -0.000391  -0.000104  0.000000  0.000000  0.000000  2.000000  
81.102567 0.001194  0.090369  -0.008619  0.997857  0.027642  0.059299  -0.026301  0.999383  -0.023281  -0.059906  0.021671  0.997969  -0.000298  -0.000612  -0.000167  0.000000  0.000000  0.000000  2.000000  
81.103819 0.001194  0.090366  -0.008620  0.997841  0.027655  0.059563  -0.026301  0.999380  -0.023409  -0.060173  0.021792  0.997950  -0.000285  -0.000787  -0.000261  0.000000  0.000000  0.000000  2.000000  
81.104827 0.001194  0.090364  -0.008620  0.997833  0.027658  0.059696  -0.026300  0.999380  -0.023413  -0.060307  0.021792  0.997942  -0.000309  -0.000953  -0.000251  0.000000  0.000000  0.000000  2.000000  
81.106066 0.001193  0.090361  -0.008622  0.997828  0.027864  0.059691  -0.026506  0.999374  -0.023425  -0.060307  0.021792  0.997942  -0.000370  -0.001178  -0.000349  0.000000  0.000000  0.000000  2.000000  
81.107067 0.001193  0.090358  -0.008622  0.997820  0.027874  0.059821  -0.026506  0.999371  -0.023550  -0.060440  0.021913  0.997931  -0.000351  -0.001321  -0.000354  0.000000  0.000000  0.000000  2.000000  
81.108072 0.001193  0.090356  -0.008623  0.997814  0.028080  0.059816  -0.026711  0.999365  -0.023562  -0.060440  0.021913  0.997931  -0.000319  -0.001469  -0.000394  0.000000  0.000000  0.000000  2.000000  
81.109073 0.001194  0.090353  -0.008624  0.997806  0.028083  0.059950  -0.026711  0.999365  -0.023566  -0.060574  0.021913  0.997923  -0.000275  -0.001618  -0.000469  0.000000  0.000000  0.000000  2.000000  
81.110328 0.001194  0.090350  -0.008625  0.997779  0.028508  0.060204  -0.027121  0.999351  -0.023719  -0.060841  0.022033  0.997904  -0.000216  -0.001813  -0.000524  0.000000  0.000000  0.000000  2.000000  
81.111334 0.001195  0.090347  -0.008625  0.997763  0.028513  0.060471  -0.027121  0.999351  -0.023726  -0.061108  0.022033  0.997888  -0.000169  -0.002005  -0.000544  0.000000  0.000000  0.000000  2.000000  
81.112569 0.001195  0.090343  -0.008625  0.997727  0.028941  0.060858  -0.027531  0.999336  -0.023883  -0.061509  0.022154  0.997861  -0.000108  -0.002248  -0.000547  0.000000  0.000000  0.000000  2.000000  
81.113821 0.001195  0.090338  -0.008625  0.997705  0.029160  0.061116  -0.027736  0.999327  -0.024024  -0.061776  0.022274  0.997841  -0.000113  -0.002557  -0.000543  0.000000  0.000000  0.000000  2.000000  
81.115068 0.001194  0.090332  -0.008625  0.997682  0.029379  0.061375  -0.027941  0.999317  -0.024166  -0.062043  0.022395  0.997822  -0.000174  -0.002887  -0.000490  0.000000  0.000000  0.000000  2.000000  
81.116069 0.001193  0.090326  -0.008626  0.997674  0.029390  0.061505  -0.027941  0.999314  -0.024291  -0.062176  0.022516  0.997811  -0.000202  -0.003131  -0.000515  0.000000  0.000000  0.000000  2.000000  
81.117321 0.001191  0.090320  -0.008626  0.997652  0.029609  0.061763  -0.028146  0.999305  -0.024432  -0.062443  0.022636  0.997792  -0.000250  -0.003308  -0.000463  0.000000  0.000000  0.000000  2.000000  
81.118324 0.001190  0.090315  -0.008627  0.997637  0.029825  0.061888  -0.028351  0.999296  -0.024570  -0.062577  0.022757  0.997781  -0.000266  -0.003530  -0.000495  0.000000  0.000000  0.000000  2.000000  
81.119566 0.001190  0.090309  -0.008628  0.997615  0.030045  0.062146  -0.028556  0.999287  -0.024711  -0.062844  0.022878  0.997761  -0.000263  -0.003751  -0.000501  0.000000  0.000000  0.000000  2.000000  
81.120814 0.001190  0.090302  -0.008629  0.997598  0.030058  0.062409  -0.028555  0.999284  -0.024840  -0.063111  0.022998  0.997741  -0.000221  -0.003970  -0.000504  0.000000  0.000000  0.000000  2.000000  
81.121865 0.001190  0.090297  -0.008630  0.997575  0.030278  0.062667  -0.028760  0.999274  -0.024982  -0.063378  0.023119  0.997722  -0.000205  -0.004167  -0.000516  0.000000  0.000000  0.000000  2.000000  
81.123069 0.001191  0.090290  -0.008631  0.997552  0.030497  0.062925  -0.028965  0.999265  -0.025124  -0.063645  0.023240  0.997702  -0.000160  -0.004375  -0.000564  0.000000  0.000000  0.000000  2.000000  
81.124320 0.001191  0.090283  -0.008633  0.997535  0.030511  0.063188  -0.028964  0.999261  -0.025253  -0.063912  0.023360  0.997682  -0.000205  -0.004642  -0.000617  0.000000  0.000000  0.000000  2.000000  
81.125321 0.001191  0.090278  -0.008634  0.997527  0.030522  0.063318  -0.028964  0.999258  -0.025378  -0.064046  0.023481  0.997671  -0.000221  -0.004829  -0.000622  0.000000  0.000000  0.000000  2.000000  
81.126322 0.001191  0.090271  -0.008636  0.997512  0.030731  0.063446  -0.029169  0.999252  -0.025395  -0.064179  0.023481  0.997662  -0.000274  -0.005074  -0.000708  0.000000  0.000000  0.000000  2.000000  
81.127325 0.001191  0.090265  -0.008637  0.997503  0.030742  0.063576  -0.029169  0.999249  -0.025520  -0.064313  0.023602  0.997651  -0.000324  -0.005306  -0.000816  0.000000  0.000000  0.000000  2.000000  
81.128568 0.001190  0.090256  -0.008639  0.997495  0.030760  0.063702  -0.029169  0.999242  -0.025766  -0.064446  0.023844  0.997636  -0.000385  -0.005588  -0.000966  0.000000  0.000000  0.000000  2.000000  
81.129569 0.001188  0.090248  -0.008641  0.997471  0.030980  0.063960  -0.029374  0.999233  -0.025908  -0.064713  0.023964  0.997616  -0.000407  -0.005806  -0.001033  -0.088841  -0.172658  0.121370  2.000000  
81.130572 0.001187  0.090239  -0.008642  0.997463  0.030991  0.064089  -0.029373  0.999229  -0.026034  -0.064847  0.024085  0.997605  -0.000416  -0.006032  -0.001163  -0.088835  -0.177113  0.121475  2.000000  
81.131817 0.001185  0.090229  -0.008645  0.997445  0.031013  0.064349  -0.029373  0.999223  -0.026284  -0.065114  0.024327  0.997581  -0.000446  -0.006278  -0.001288  -0.096603  -0.177286  0.114610  2.000000  
81.132819 0.001184  0.090221  -0.008647  0.997437  0.031024  0.064478  -0.029373  0.999220  -0.026409  -0.065247  0.024447  0.997570  -0.000468  -0.006495  -0.001355  -0.100263  -0.172933  0.107605  2.000000  
81.134067 0.001183  0.090211  -0.008649  0.997422  0.031241  0.064603  -0.029578  0.999210  -0.026547  -0.065381  0.024568  0.997558  -0.000448  -0.006691  -0.001438  -0.099891  -0.171353  0.113596  2.000000  
81.135067 0.001182  0.090203  -0.008651  0.997413  0.031252  0.064732  -0.029577  0.999207  -0.026673  -0.065514  0.024689  0.997546  -0.000493  -0.006855  -0.001536  -0.104375  -0.172927  0.107643  2.000000  
81.136069 0.001181  0.090196  -0.008653  0.997413  0.031268  0.064725  -0.029577  0.999200  -0.026915  -0.065514  0.024931  0.997540  -0.000550  -0.007016  -0.001633  0.000000  0.000000  0.000000  2.000000  
81.137316 0.001181  0.090186  -0.008656  0.997404  0.031279  0.064854  -0.029577  0.999197  -0.027040  -0.065648  0.025052  0.997528  -0.000618  -0.007212  -0.001738  -0.111626  -0.171492  0.106807  2.000000  
81.138328 0.001181  0.090180  -0.008659  0.997404  0.031287  0.064850  -0.029577  0.999193  -0.027161  -0.065648  0.025173  0.997525  -0.000690  -0.007310  -0.001819  0.000000  0.000000  0.000000  2.000000  
81.139565 0.001179  0.090170  -0.008662  0.997404  0.031295  0.064847  -0.029577  0.999190  -0.027282  -0.065648  0.025294  0.997522  -0.000763  -0.007464  -0.001895  0.000000  0.000000  0.000000  2.000000  
81.140569 0.001179  0.090162  -0.008665  0.997396  0.031314  0.064972  -0.029577  0.999183  -0.027529  -0.065781  0.025535  0.997507  -0.000796  -0.007627  -0.002027  0.000000  0.000000  0.000000  2.000000  
81.141817 0.001177  0.090151  -0.008669  0.997387  0.031325  0.065102  -0.029577  0.999180  -0.027654  -0.065915  0.025656  0.997495  -0.000938  -0.007822  -0.002186  0.000000  0.000000  0.000000  2.000000  
81.142822 0.001175  0.090142  -0.008672  0.997378  0.031337  0.065232  -0.029576  0.999176  -0.027779  -0.066048  0.025777  0.997483  -0.001011  -0.007984  -0.002304  0.000000  0.000000  0.000000  2.000000  
81.144072 0.001172  0.090129  -0.008677  0.997378  0.031353  0.065224  -0.029576  0.999170  -0.028022  -0.066048  0.026019  0.997477  -0.001151  -0.008171  -0.002512  0.000000  0.000000  0.000000  2.000000  
81.145320 0.001169  0.090117  -0.008681  0.997363  0.031570  0.065348  -0.029781  0.999160  -0.028160  -0.066182  0.026140  0.997465  -0.001242  -0.008315  -0.002638  0.000000  0.000000  0.000000  2.000000  
81.146321 0.001166  0.090107  -0.008685  0.997363  0.031578  0.065344  -0.029781  0.999156  -0.028281  -0.066182  0.026261  0.997462  -0.001344  -0.008441  -0.002737  0.000000  0.000000  0.000000  2.000000  
81.147322 0.001163  0.090097  -0.008689  0.997363  0.031585  0.065340  -0.029781  0.999153  -0.028403  -0.066182  0.026382  0.997459  -0.001422  -0.008514  -0.002825  0.000000  0.000000  0.000000  2.000000  
81.148567 0.001161  0.090085  -0.008692  0.997363  0.031593  0.065336  -0.029781  0.999149  -0.028524  -0.066182  0.026503  0.997456  -0.001487  -0.008618  -0.002955  0.000000  0.000000  0.000000  2.000000  
81.149568 0.001159  0.090076  -0.008695  0.997363  0.031601  0.065333  -0.029781  0.999146  -0.028645  -0.066182  0.026624  0.997452  -0.001573  -0.008695  -0.002996  0.000000  0.000000  0.000000  2.000000  
81.150568 0.001157  0.090068  -0.008698  0.997348  0.031819  0.065456  -0.029986  0.999136  -0.028784  -0.066315  0.026744  0.997440  -0.001653  -0.008796  -0.003093  0.000000  0.000000  0.000000  2.000000  
81.151570 0.001156  0.090058  -0.008702  0.997348  0.031826  0.065452  -0.029986  0.999132  -0.028905  -0.066315  0.026865  0.997437  -0.001750  -0.008952  -0.003186  0.000000  0.000000  0.000000  2.000000  
81.152814 0.001153  0.090047  -0.008705  0.997342  0.032040  0.065442  -0.030192  0.999122  -0.029039  -0.066315  0.026986  0.997434  -0.001817  -0.009070  -0.003204  0.000000  0.000000  0.000000  2.000000  
81.153818 0.001152  0.090038  -0.008708  0.997333  0.032052  0.065572  -0.030192  0.999119  -0.029165  -0.066449  0.027107  0.997422  -0.001900  -0.009166  -0.003250  0.000000  0.000000  0.000000  2.000000  
81.155069 0.001149  0.090027  -0.008711  0.997333  0.032060  0.065568  -0.030192  0.999115  -0.029286  -0.066449  0.027228  0.997418  -0.002028  -0.009285  -0.003204  0.000000  0.000000  0.000000  2.000000  
81.156318 0.001146  0.090016  -0.008714  0.997327  0.032281  0.065554  -0.030397  0.999101  -0.029542  -0.066449  0.027470  0.997412  -0.002091  -0.009277  -0.003114  0.000000  0.000000  0.000000  2.000000  
81.157319 0.001144  0.090007  -0.008716  0.997327  0.032281  0.065554  -0.030397  0.999101  -0.029542  -0.066449  0.027470  0.997412  -0.002138  -0.009314  -0.003054  0.000000  0.000000  0.000000  2.000000  
81.158564 0.001140  0.089995  -0.008718  0.997320  0.032503  0.065540  -0.030602  0.999087  -0.029798  -0.066449  0.027712  0.997405  -0.002193  -0.009324  -0.002876  0.000000  0.000000  0.000000  2.000000  
81.159566 0.001137  0.089985  -0.008720  0.997312  0.032514  0.065670  -0.030602  0.999084  -0.029923  -0.066582  0.027833  0.997393  -0.002199  -0.009285  -0.002754  0.000000  0.000000  0.000000  2.000000  
81.160572 0.001134  0.089975  -0.008722  0.997296  0.032724  0.065797  -0.030807  0.999077  -0.029940  -0.066716  0.027833  0.997384  -0.002236  -0.009252  -0.002609  0.000000  0.000000  0.000000  2.000000  
81.161597 0.001132  0.089966  -0.008723  0.997296  0.032732  0.065793  -0.030807  0.999073  -0.030062  -0.066716  0.027954  0.997380  -0.002232  -0.009227  -0.002473  0.000000  0.000000  0.000000  2.000000  
81.162817 0.001129  0.089954  -0.008725  0.997281  0.032949  0.065916  -0.031012  0.999063  -0.030201  -0.066849  0.028074  0.997368  -0.002188  -0.009199  -0.002322  0.000000  0.000000  0.000000  2.000000  
81.163819 0.001127  0.089946  -0.008725  0.997281  0.032949  0.065916  -0.031012  0.999063  -0.030201  -0.066849  0.028074  0.997368  -0.002217  -0.009191  -0.002160  0.000000  0.000000  0.000000  2.000000  
81.164822 0.001126  0.089937  -0.008726  0.997281  0.032957  0.065912  -0.031012  0.999059  -0.030322  -0.066849  0.028195  0.997365  -0.002186  -0.009152  -0.002008  0.000000  0.000000  0.000000  2.000000  
81.166070 0.001124  0.089927  -0.008728  0.997266  0.033167  0.066039  -0.031217  0.999052  -0.030339  -0.066983  0.028195  0.997356  -0.002164  -0.009101  -0.001869  0.000000  0.000000  0.000000  2.000000  
81.167071 0.001123  0.089918  -0.008728  0.997266  0.033167  0.066039  -0.031217  0.999052  -0.030339  -0.066983  0.028195  0.997356  -0.002149  -0.009074  -0.001638  0.000000  0.000000  0.000000  2.000000  
81.168320 0.001121  0.089907  -0.008728  0.997259  0.033380  0.066029  -0.031422  0.999042  -0.030474  -0.066983  0.028316  0.997352  -0.002104  -0.009026  -0.001389  0.000000  0.000000  0.000000  2.000000  
81.169564 0.001119  0.089896  -0.008728  0.997250  0.033384  0.066162  -0.031422  0.999041  -0.030478  -0.067116  0.028316  0.997343  -0.002086  -0.009054  -0.001217  0.000000  0.000000  0.000000  2.000000  
81.170565 0.001118  0.089887  -0.008728  0.997235  0.033594  0.066289  -0.031627  0.999034  -0.030496  -0.067250  0.028315  0.997334  -0.002010  -0.009037  -0.001031  0.000000  0.000000  0.000000  2.000000  
81.171566 0.001116  0.089879  -0.008727  0.997235  0.033602  0.066285  -0.031627  0.999031  -0.030617  -0.067250  0.028436  0.997331  -0.001969  -0.009006  -0.000800  0.000000  0.000000  0.000000  2.000000  
81.172566 0.001114  0.089869  -0.008726  0.997219  0.033811  0.066412  -0.031832  0.999024  -0.030635  -0.067383  0.028436  0.997322  -0.001908  -0.009003  -0.000653  0.000000  0.000000  0.000000  2.000000  
81.173815 0.001112  0.089858  -0.008725  0.997210  0.033823  0.066542  -0.031832  0.999020  -0.030761  -0.067517  0.028557  0.997309  -0.001826  -0.008954  -0.000424  0.000000  0.000000  0.000000  2.000000  
81.174816 0.001111  0.089849  -0.008724  0.997195  0.034033  0.066669  -0.032037  0.999013  -0.030779  -0.067650  0.028557  0.997300  -0.001724  -0.008876  -0.000228  0.000000  0.000000  0.000000  2.000000  
81.176067 0.001109  0.089838  -0.008723  0.997195  0.034033  0.066669  -0.032037  0.999013  -0.030779  -0.067650  0.028557  0.997300  -0.001625  -0.008809  -0.000032  0.000000  0.000000  0.000000  2.000000  
81.177072 0.001108  0.089830  -0.008722  0.997179  0.034242  0.066796  -0.032242  0.999006  -0.030797  -0.067784  0.028556  0.997291  -0.001536  -0.008711  0.000147  0.000000  0.000000  0.000000  2.000000  
81.178330 0.001107  0.089821  -0.008721  0.997179  0.034250  0.066792  -0.032242  0.999002  -0.030918  -0.067784  0.028677  0.997288  -0.001428  -0.008612  0.000302  0.000000  0.000000  0.000000  2.000000  
81.179569 0.001106  0.089810  -0.008719  0.997163  0.034460  0.066919  -0.032447  0.998995  -0.030936  -0.067917  0.028677  0.997279  -0.001360  -0.008581  0.000482  0.000000  0.000000  0.000000  2.000000  
81.180818 0.001105  0.089801  -0.008718  0.997154  0.034463  0.067052  -0.032447  0.998994  -0.030940  -0.068051  0.028677  0.997270  -0.001295  -0.008521  0.000608  0.000000  0.000000  0.000000  2.000000  
81.182068 0.001104  0.089791  -0.008717  0.997147  0.034669  0.067046  -0.032652  0.998987  -0.030954  -0.068051  0.028677  0.997270  -0.001241  -0.008437  0.000766  0.000000  0.000000  0.000000  2.000000  
81.183320 0.001103  0.089781  -0.008716  0.997138  0.034665  0.067183  -0.032651  0.998991  -0.030837  -0.068184  0.028556  0.997264  -0.001194  -0.008377  0.000886  0.000000  0.000000  0.000000  2.000000  
81.184321 0.001102  0.089773  -0.008714  0.997122  0.034874  0.067310  -0.032856  0.998984  -0.030856  -0.068318  0.028555  0.997255  -0.001168  -0.008369  0.000949  0.000000  0.000000  0.000000  2.000000  
81.185569 0.001100  0.089762  -0.008714  0.997122  0.034874  0.067310  -0.032856  0.998984  -0.030856  -0.068318  0.028555  0.997255  -0.001168  -0.008370  0.000949  0.000000  0.000000  0.000000  2.000000  
81.186817 0.001098  0.089751  -0.008714  0.997106  0.035084  0.067437  -0.033061  0.998976  -0.030874  -0.068451  0.028555  0.997246  -0.001177  -0.008360  0.000892  0.000000  0.000000  0.000000  2.000000  
81.187819 0.001096  0.089742  -0.008714  0.997106  0.035084  0.067437  -0.033061  0.998976  -0.030874  -0.068451  0.028555  0.997246  -0.001166  -0.008309  0.000852  0.000000  0.000000  0.000000  2.000000  
81.189063 0.001094  0.089730  -0.008713  0.997097  0.035088  0.067571  -0.033061  0.998976  -0.030878  -0.068585  0.028555  0.997237  -0.001190  -0.008367  0.000796  0.000000  0.000000  0.000000  2.000000  
81.190067 0.001092  0.089722  -0.008713  0.997091  0.035293  0.067564  -0.033266  0.998969  -0.030892  -0.068585  0.028555  0.997237  -0.001223  -0.008350  0.000725  0.000000  0.000000  0.000000  2.000000  
81.191326 0.001090  0.089711  -0.008714  0.997091  0.035293  0.067564  -0.033266  0.998969  -0.030892  -0.068585  0.028555  0.997237  -0.001214  -0.008367  0.000606  0.000000  0.000000  0.000000  2.000000  
81.192569 0.001088  0.089701  -0.008714  0.997081  0.035297  0.067698  -0.033266  0.998969  -0.030897  -0.068718  0.028555  0.997227  -0.001265  -0.008322  0.000515  0.000000  0.000000  0.000000  2.000000  
81.193579 0.001087  0.089693  -0.008714  0.997074  0.035503  0.067691  -0.033471  0.998962  -0.030911  -0.068718  0.028555  0.997227  -0.001329  -0.008373  0.000388  0.000000  0.000000  0.000000  2.000000  
81.194825 0.001084  0.089682  -0.008715  0.997074  0.035503  0.067691  -0.033471  0.998962  -0.030911  -0.068718  0.028555  0.997227  -0.001456  -0.008435  0.000259  0.000000  0.000000  0.000000  2.000000  
81.196074 0.001082  0.089672  -0.008716  0.997068  0.035708  0.067685  -0.033677  0.998954  -0.030925  -0.068718  0.028555  0.997227  -0.001560  -0.008454  0.000139  0.000000  0.000000  0.000000  2.000000  
81.197321 0.001078  0.089662  -0.008717  0.997068  0.035700  0.067689  -0.033677  0.998958  -0.030803  -0.068718  0.028434  0.997231  -0.001715  -0.008515  -0.000052  0.000000  0.000000  0.000000  2.000000  
81.198324 0.001075  0.089653  -0.008718  0.997068  0.035700  0.067689  -0.033677  0.998958  -0.030803  -0.068718  0.028434  0.997231  -0.001866  -0.008521  -0.000168  0.000000  0.000000  0.000000  2.000000  
81.199573 0.001071  0.089642  -0.008719  0.997068  0.035700  0.067689  -0.033677  0.998958  -0.030803  -0.068718  0.028434  0.997231  -0.002038  -0.008557  -0.000335  0.000000  0.000000  0.000000  2.000000  
81.200818 0.001066  0.089630  -0.008721  0.997068  0.035700  0.067689  -0.033677  0.998958  -0.030803  -0.068718  0.028434  0.997231  -0.002247  -0.008641  -0.000478  0.000000  0.000000  0.000000  2.000000  
81.201824 0.001062  0.089621  -0.008722  0.997061  0.035906  0.067683  -0.033882  0.998951  -0.030817  -0.068718  0.028434  0.997231  -0.002407  -0.008623  -0.000601  0.000000  0.000000  0.000000  2.000000  
81.203066 0.001056  0.089609  -0.008725  0.997061  0.035906  0.067683  -0.033882  0.998951  -0.030817  -0.068718  0.028434  0.997231  -0.002624  -0.008686  -0.000754  0.000000  0.000000  0.000000  2.000000  
81.204314 0.001051  0.089598  -0.008727  0.997061  0.035906  0.067683  -0.033882  0.998951  -0.030817  -0.068718  0.028434  0.997231  -0.002802  -0.008697  -0.000881  0.000000  0.000000  0.000000  2.000000  
81.205319 0.001046  0.089589  -0.008729  0.997061  0.035906  0.067683  -0.033882  0.998951  -0.030817  -0.068718  0.028434  0.997231  -0.002996  -0.008726  -0.000978  0.000000  0.000000  0.000000  2.000000  
81.206321 0.001042  0.089580  -0.008731  0.997061  0.035906  0.067683  -0.033882  0.998951  -0.030817  -0.068718  0.028434  0.997231  -0.003217  -0.008763  -0.001138  0.000000  0.000000  0.000000  2.000000  
81.207566 0.001037  0.089569  -0.008733  0.997061  0.035898  0.067687  -0.033882  0.998954  -0.030696  -0.068718  0.028313  0.997234  -0.003449  -0.008794  -0.001263  0.000000  0.000000  0.000000  2.000000  
81.208822 0.001030  0.089558  -0.008736  0.997061  0.035898  0.067687  -0.033882  0.998954  -0.030696  -0.068718  0.028313  0.997234  -0.003719  -0.008828  -0.001416  0.000000  0.000000  0.000000  2.000000  
81.209824 0.001025  0.089549  -0.008738  0.997061  0.035898  0.067687  -0.033882  0.998954  -0.030696  -0.068718  0.028313  0.997234  -0.003943  -0.008881  -0.001532  0.000000  0.000000  0.000000  2.000000  
81.211068 0.001019  0.089538  -0.008740  0.997061  0.035898  0.067687  -0.033882  0.998954  -0.030696  -0.068718  0.028313  0.997234  -0.004220  -0.008938  -0.001643  0.000000  0.000000  0.000000  2.000000  
81.212069 0.001013  0.089529  -0.008743  0.997061  0.035898  0.067687  -0.033882  0.998954  -0.030696  -0.068718  0.028313  0.997234  -0.004413  -0.008965  -0.001739  0.000000  0.000000  0.000000  2.000000  
81.213321 0.001005  0.089518  -0.008746  0.997061  0.035898  0.067687  -0.033882  0.998954  -0.030696  -0.068718  0.028313  0.997234  -0.004695  -0.008995  -0.001859  0.000000  0.000000  0.000000  2.000000  
81.214324 0.000999  0.089509  -0.008748  0.997061  0.035898  0.067687  -0.033882  0.998954  -0.030696  -0.068718  0.028313  0.997234  -0.004913  -0.009026  -0.001926  0.000000  0.000000  0.000000  2.000000  
81.215568 0.000990  0.089497  -0.008750  0.997068  0.035692  0.067693  -0.033677  0.998962  -0.030682  -0.068718  0.028313  0.997234  -0.005128  -0.009019  -0.001960  0.000000  0.000000  0.000000  2.000000  
81.216569 0.000984  0.089488  -0.008752  0.997068  0.035692  0.067693  -0.033677  0.998962  -0.030682  -0.068718  0.028313  0.997234  -0.005274  -0.008996  -0.001986  0.000000  0.000000  0.000000  2.000000  
81.217822 0.000976  0.089478  -0.008754  0.997068  0.035692  0.067693  -0.033677  0.998962  -0.030682  -0.068718  0.028313  0.997234  -0.005435  -0.008898  -0.001982  0.000000  0.000000  0.000000  2.000000  
81.219066 0.000968  0.089466  -0.008757  0.997068  0.035692  0.067693  -0.033677  0.998962  -0.030682  -0.068718  0.028313  0.997234  -0.005616  -0.008901  -0.002028  0.000000  0.000000  0.000000  2.000000  
81.220069 0.000962  0.089458  -0.008759  0.997068  0.035692  0.067693  -0.033677  0.998962  -0.030682  -0.068718  0.028313  0.997234  -0.005696  -0.008852  -0.002063  0.000000  0.000000  0.000000  2.000000  
81.221330 0.000955  0.089448  -0.008762  0.997074  0.035478  0.067704  -0.033471  0.998973  -0.030547  -0.068718  0.028192  0.997238  -0.005835  -0.008800  -0.002076  0.000000  0.000000  0.000000  2.000000  
81.222569 0.000947  0.089438  -0.008765  0.997074  0.035478  0.067704  -0.033471  0.998973  -0.030547  -0.068718  0.028192  0.997238  -0.005943  -0.008759  -0.002119  0.000000  0.000000  0.000000  2.000000  
81.223845 0.000940  0.089428  -0.008767  0.997074  0.035478  0.067704  -0.033471  0.998973  -0.030547  -0.068718  0.028192  0.997238  -0.006042  -0.008716  -0.002112  0.000000  0.000000  0.000000  2.000000  
81.225066 0.000932  0.089417  -0.008771  0.997074  0.035478  0.067704  -0.033471  0.998973  -0.030547  -0.068718  0.028192  0.997238  -0.006126  -0.008686  -0.002150  0.000000  0.000000  0.000000  2.000000  
81.226069 0.000926  0.089410  -0.008774  0.997081  0.035272  0.067710  -0.033266  0.998980  -0.030533  -0.068718  0.028192  0.997238  -0.006143  -0.008601  -0.002204  0.000000  0.000000  0.000000  2.000000  
81.227072 0.000920  0.089401  -0.008776  0.997072  0.035276  0.067844  -0.033266  0.998980  -0.030538  -0.068852  0.028191  0.997228  -0.006153  -0.008547  -0.002221  0.000000  0.000000  0.000000  2.000000  
81.228321 0.000912  0.089391  -0.008780  0.997072  0.035276  0.067844  -0.033266  0.998980  -0.030538  -0.068852  0.028191  0.997228  -0.006172  -0.008502  -0.002258  0.000000  0.000000  0.000000  2.000000  
81.229323 0.000906  0.089383  -0.008782  0.997072  0.035276  0.067844  -0.033266  0.998980  -0.030538  -0.068852  0.028191  0.997228  -0.006152  -0.008411  -0.002301  0.000000  0.000000  0.000000  2.000000  
81.230326 0.000900  0.089375  -0.008785  0.997079  0.035071  0.067850  -0.033061  0.998987  -0.030524  -0.068852  0.028191  0.997228  -0.006110  -0.008312  -0.002360  0.000000  0.000000  0.000000  2.000000  
81.231333 0.000894  0.089367  -0.008788  0.997070  0.035074  0.067983  -0.033060  0.998987  -0.030528  -0.068985  0.028191  0.997219  -0.006067  -0.008243  -0.002428  0.000000  0.000000  0.000000  2.000000  
81.232569 0.000887  0.089357  -0.008791  0.997070  0.035074  0.067983  -0.033060  0.998987  -0.030528  -0.068985  0.028191  0.997219  -0.006002  -0.008161  -0.002481  0.000000  0.000000  0.000000  2.000000  
81.233818 0.000881  0.089348  -0.008794  0.997070  0.035074  0.067983  -0.033060  0.998987  -0.030528  -0.068985  0.028191  0.997219  -0.005919  -0.008051  -0.002491  0.000000  0.000000  0.000000  2.000000  
81.234819 0.000876  0.089341  -0.008797  0.997077  0.034869  0.067990  -0.032855  0.998994  -0.030514  -0.068985  0.028191  0.997219  -0.005837  -0.007966  -0.002574  0.000000  0.000000  0.000000  2.000000  
81.236067 0.000870  0.089332  -0.008800  0.997067  0.034872  0.068123  -0.032855  0.998994  -0.030519  -0.069119  0.028191  0.997210  -0.005766  -0.007844  -0.002623  0.000000  0.000000  0.000000  2.000000  
81.237069 0.000865  0.089325  -0.008803  0.997067  0.034872  0.068123  -0.032855  0.998994  -0.030519  -0.069119  0.028191  0.997210  -0.005695  -0.007768  -0.002627  0.000000  0.000000  0.000000  2.000000  
81.238104 0.000860  0.089318  -0.008806  0.997067  0.034872  0.068123  -0.032855  0.998994  -0.030519  -0.069119  0.028191  0.997210  -0.005570  -0.007655  -0.002641  0.000000  0.000000  0.000000  2.000000  
81.239320 0.000854  0.089310  -0.008809  0.997067  0.034864  0.068127  -0.032855  0.998998  -0.030397  -0.069119  0.028070  0.997213  -0.005491  -0.007551  -0.002643  0.000000  0.000000  0.000000  2.000000  
81.240320 0.000849  0.089303  -0.008811  0.997065  0.034662  0.068267  -0.032649  0.999005  -0.030388  -0.069252  0.028070  0.997204  -0.005444  -0.007504  -0.002661  0.000000  0.000000  0.000000  2.000000  
81.241329 0.000845  0.089296  -0.008814  0.997065  0.034662  0.068267  -0.032649  0.999005  -0.030388  -0.069252  0.028070  0.997204  -0.005312  -0.007417  -0.002663  0.000000  0.000000  0.000000  2.000000  
81.242566 0.000838  0.089287  -0.008817  0.997065  0.034662  0.068267  -0.032649  0.999005  -0.030388  -0.069252  0.028070  0.997204  -0.005239  -0.007318  -0.002670  0.000000  0.000000  0.000000  2.000000  
81.243572 0.000833  0.089280  -0.008821  0.997056  0.034666  0.068400  -0.032649  0.999005  -0.030392  -0.069386  0.028069  0.997195  -0.005175  -0.007225  -0.002726  0.000000  0.000000  0.000000  2.000000  
81.244820 0.000827  0.089272  -0.008824  0.997056  0.034666  0.068400  -0.032649  0.999005  -0.030392  -0.069386  0.028069  0.997195  -0.005055  -0.007082  -0.002704  0.000000  0.000000  0.000000  2.000000  
81.245822 0.000822  0.089265  -0.008827  0.997056  0.034666  0.068400  -0.032649  0.999005  -0.030392  -0.069386  0.028069  0.997195  -0.005019  -0.007037  -0.002729  0.000000  0.000000  0.000000  2.000000  
81.246822 0.000817  0.089258  -0.008830  0.997046  0.034670  0.068534  -0.032648  0.999005  -0.030396  -0.069519  0.028069  0.997186  -0.004940  -0.006970  -0.002770  0.000000  0.000000  0.000000  2.000000  
81.247822 0.000813  0.089252  -0.008833  0.997046  0.034670  0.068534  -0.032648  0.999005  -0.030396  -0.069519  0.028069  0.997186  -0.004879  -0.006873  -0.002784  0.000000  0.000000  0.000000  2.000000  
81.249069 0.000807  0.089244  -0.008836  0.997046  0.034661  0.068538  -0.032648  0.999008  -0.030275  -0.069519  0.027948  0.997189  -0.004817  -0.006810  -0.002793  0.000000  0.000000  0.000000  2.000000  
81.250330 0.000802  0.089237  -0.008840  0.997037  0.034665  0.068671  -0.032648  0.999008  -0.030280  -0.069653  0.027948  0.997180  -0.004802  -0.006704  -0.002799  0.000000  0.000000  0.000000  2.000000  
81.251332 0.000797  0.089230  -0.008843  0.997037  0.034665  0.068671  -0.032648  0.999008  -0.030280  -0.069653  0.027948  0.997180  -0.004766  -0.006659  -0.002824  0.000000  0.000000  0.000000  2.000000  
81.252566 0.000791  0.089223  -0.008847  0.997037  0.034665  0.068671  -0.032648  0.999008  -0.030280  -0.069653  0.027948  0.997180  -0.004788  -0.006603  -0.002843  0.000000  0.000000  0.000000  2.000000  
81.253569 0.000786  0.089216  -0.008849  0.997028  0.034669  0.068804  -0.032648  0.999008  -0.030284  -0.069786  0.027948  0.997170  -0.004790  -0.006591  -0.002853  0.000000  0.000000  0.000000  2.000000  
81.254817 0.000780  0.089208  -0.008853  0.997028  0.034661  0.068809  -0.032648  0.999012  -0.030163  -0.069786  0.027827  0.997174  -0.004776  -0.006520  -0.002854  0.000000  0.000000  0.000000  2.000000  
81.256069 0.000773  0.089200  -0.008856  0.997021  0.034866  0.068802  -0.032853  0.999005  -0.030177  -0.069786  0.027827  0.997174  -0.004837  -0.006499  -0.002859  0.000000  0.000000  0.000000  2.000000  
81.257315 0.000767  0.089192  -0.008860  0.997012  0.034870  0.068936  -0.032853  0.999004  -0.030181  -0.069920  0.027826  0.997164  -0.004850  -0.006465  -0.002868  0.000000  0.000000  0.000000  2.000000  
81.258316 0.000762  0.089186  -0.008863  0.997012  0.034870  0.068936  -0.032853  0.999004  -0.030181  -0.069920  0.027826  0.997164  -0.004881  -0.006445  -0.002938  0.000000  0.000000  0.000000  2.000000  
81.259319 0.000756  0.089179  -0.008866  0.997012  0.034870  0.068936  -0.032853  0.999004  -0.030181  -0.069920  0.027826  0.997164  -0.004899  -0.006415  -0.002912  0.000000  0.000000  0.000000  2.000000  
81.260324 0.000751  0.089173  -0.008869  0.997012  0.034870  0.068936  -0.032853  0.999004  -0.030181  -0.069920  0.027826  0.997164  -0.004928  -0.006348  -0.002907  0.000000  0.000000  0.000000  2.000000  
81.261331 0.000746  0.089167  -0.008872  0.997002  0.034865  0.069073  -0.032853  0.999008  -0.030065  -0.070053  0.027705  0.997158  -0.004939  -0.006341  -0.002870  0.000000  0.000000  0.000000  2.000000  
81.262570 0.000739  0.089159  -0.008876  0.997002  0.034865  0.069073  -0.032853  0.999008  -0.030065  -0.070053  0.027705  0.997158  -0.005041  -0.006324  -0.002905  0.000000  0.000000  0.000000  2.000000  
81.263587 0.000734  0.089153  -0.008879  0.997002  0.034865  0.069073  -0.032853  0.999008  -0.030065  -0.070053  0.027705  0.997158  -0.005072  -0.006316  -0.002930  0.000000  0.000000  0.000000  2.000000  
81.264818 0.000727  0.089145  -0.008883  0.997002  0.034857  0.069078  -0.032853  0.999012  -0.029943  -0.070053  0.027584  0.997162  -0.005167  -0.006316  -0.002953  0.000000  0.000000  0.000000  2.000000  
81.265819 0.000721  0.089138  -0.008886  0.997009  0.034651  0.069084  -0.032647  0.999019  -0.029929  -0.070053  0.027584  0.997162  -0.005250  -0.006346  -0.002968  0.000000  0.000000  0.000000  2.000000  
81.266821 0.000715  0.089132  -0.008890  0.997009  0.034651  0.069084  -0.032647  0.999019  -0.029929  -0.070053  0.027584  0.997162  -0.005327  -0.006349  -0.003025  0.000000  0.000000  0.000000  2.000000  
81.267822 0.000709  0.089125  -0.008893  0.997009  0.034651  0.069084  -0.032647  0.999019  -0.029929  -0.070053  0.027584  0.997162  -0.005395  -0.006374  -0.003071  0.000000  0.000000  0.000000  2.000000  
81.269066 0.000701  0.089117  -0.008898  0.997009  0.034643  0.069088  -0.032647  0.999022  -0.029808  -0.070053  0.027463  0.997165  -0.005491  -0.006418  -0.003132  0.000000  0.000000  0.000000  2.000000  
81.270068 0.000695  0.089110  -0.008902  0.997009  0.034643  0.069088  -0.032647  0.999022  -0.029808  -0.070053  0.027463  0.997165  -0.005613  -0.006433  -0.003224  0.000000  0.000000  0.000000  2.000000  
81.271329 0.000687  0.089102  -0.008906  0.997000  0.034647  0.069221  -0.032647  0.999022  -0.029812  -0.070187  0.027463  0.997156  -0.005709  -0.006478  -0.003286  0.000000  0.000000  0.000000  2.000000  
81.272564 0.000678  0.089093  -0.008911  0.997000  0.034647  0.069221  -0.032647  0.999022  -0.029812  -0.070187  0.027463  0.997156  -0.005802  -0.006523  -0.003346  0.000000  0.000000  0.000000  2.000000  
81.273567 0.000672  0.089086  -0.008914  0.997009  0.034643  0.069088  -0.032647  0.999022  -0.029808  -0.070053  0.027463  0.997165  -0.005904  -0.006534  -0.003377  0.000000  0.000000  0.000000  2.000000  
81.274819 0.000664  0.089078  -0.008918  0.997009  0.034634  0.069092  -0.032647  0.999026  -0.029687  -0.070053  0.027342  0.997168  -0.005995  -0.006534  -0.003400  0.000000  0.000000  0.000000  2.000000  
81.276071 0.000656  0.089070  -0.008923  0.997009  0.034634  0.069092  -0.032647  0.999026  -0.029687  -0.070053  0.027342  0.997168  -0.006106  -0.006566  -0.003478  0.000000  0.000000  0.000000  2.000000  
81.277072 0.000649  0.089063  -0.008927  0.997009  0.034634  0.069092  -0.032647  0.999026  -0.029687  -0.070053  0.027342  0.997168  -0.006174  -0.006590  -0.003524  0.000000  0.000000  0.000000  2.000000  
81.278323 0.000641  0.089055  -0.008932  0.997009  0.034634  0.069092  -0.032647  0.999026  -0.029687  -0.070053  0.027342  0.997168  -0.006298  -0.006618  -0.003566  0.000000  0.000000  0.000000  2.000000  
81.279568 0.000632  0.089047  -0.008937  0.997009  0.034626  0.069096  -0.032647  0.999030  -0.029566  -0.070053  0.027221  0.997172  -0.006400  -0.006639  -0.003638  0.000000  0.000000  0.000000  2.000000  
81.280569 0.000625  0.089040  -0.008941  0.997009  0.034626  0.069096  -0.032647  0.999030  -0.029566  -0.070053  0.027221  0.997172  -0.006469  -0.006666  -0.003685  0.000000  0.000000  0.000000  2.000000  
81.281572 0.000619  0.089034  -0.008945  0.997016  0.034420  0.069102  -0.032442  0.999037  -0.029551  -0.070053  0.027221  0.997172  -0.006535  -0.006652  -0.003693  0.000000  0.000000  0.000000  2.000000  
81.282822 0.000609  0.089025  -0.008950  0.997016  0.034420  0.069102  -0.032442  0.999037  -0.029551  -0.070053  0.027221  0.997172  -0.006635  -0.006667  -0.003764  0.000000  0.000000  0.000000  2.000000  
81.284069 0.000601  0.089017  -0.008955  0.997016  0.034420  0.069102  -0.032442  0.999037  -0.029551  -0.070053  0.027221  0.997172  -0.006713  -0.006670  -0.003820  0.000000  0.000000  0.000000  2.000000  
81.285396 0.000592  0.089008  -0.008960  0.997016  0.034420  0.069102  -0.032442  0.999037  -0.029551  -0.070053  0.027221  0.997172  -0.006748  -0.006662  -0.003848  0.000000  0.000000  0.000000  2.000000  
81.286571 0.000582  0.089000  -0.008965  0.997016  0.034420  0.069102  -0.032442  0.999037  -0.029551  -0.070053  0.027221  0.997172  -0.006871  -0.006694  -0.003888  0.000000  0.000000  0.000000  2.000000  
81.287817 0.000573  0.088991  -0.008970  0.997016  0.034412  0.069107  -0.032442  0.999040  -0.029430  -0.070053  0.027100  0.997175  -0.006916  -0.006671  -0.003926  0.000000  0.000000  0.000000  2.000000  
81.288819 0.000566  0.088985  -0.008975  0.997016  0.034412  0.069107  -0.032442  0.999040  -0.029430  -0.070053  0.027100  0.997175  -0.006993  -0.006673  -0.003982  0.000000  0.000000  0.000000  2.000000  
81.290069 0.000557  0.088976  -0.008980  0.997016  0.034412  0.069107  -0.032442  0.999040  -0.029430  -0.070053  0.027100  0.997175  -0.007034  -0.006674  -0.004057  0.000000  0.000000  0.000000  2.000000  
81.291329 0.000548  0.088969  -0.008985  0.997016  0.034412  0.069107  -0.032442  0.999040  -0.029430  -0.070053  0.027100  0.997175  -0.007038  -0.006603  -0.004070  0.000000  0.000000  0.000000  2.000000  
81.292567 0.000539  0.088961  -0.008990  0.997016  0.034412  0.069107  -0.032442  0.999040  -0.029430  -0.070053  0.027100  0.997175  -0.007079  -0.006621  -0.004098  0.000000  0.000000  0.000000  2.000000  
81.293574 0.000532  0.088954  -0.008995  0.997016  0.034412  0.069107  -0.032442  0.999040  -0.029430  -0.070053  0.027100  0.997175  -0.007126  -0.006584  -0.004138  0.000000  0.000000  0.000000  2.000000  
81.294820 0.000523  0.088947  -0.009000  0.997032  0.034203  0.068979  -0.032237  0.999047  -0.029412  -0.069920  0.027101  0.997184  -0.007166  -0.006586  -0.004167  0.000000  0.000000  0.000000  2.000000  
81.295820 0.000516  0.088940  -0.009004  0.997032  0.034194  0.068984  -0.032237  0.999051  -0.029291  -0.069920  0.026980  0.997188  -0.007224  -0.006560  -0.004169  0.000000  0.000000  0.000000  2.000000  
81.296823 0.000508  0.088934  -0.009008  0.997032  0.034194  0.068984  -0.032237  0.999051  -0.029291  -0.069920  0.026980  0.997188  -0.007226  -0.006549  -0.004174  0.000000  0.000000  0.000000  2.000000  
81.298073 0.000500  0.088927  -0.009013  0.997022  0.034198  0.069117  -0.032237  0.999051  -0.029295  -0.070053  0.026979  0.997178  -0.007183  -0.006437  -0.004159  0.000000  0.000000  0.000000  2.000000  
81.299321 0.000491  0.088920  -0.009019  0.997022  0.034198  0.069117  -0.032237  0.999051  -0.029295  -0.070053  0.026979  0.997178  -0.007206  -0.006367  -0.004188  0.000000  0.000000  0.000000  2.000000  
81.300568 0.000482  0.088912  -0.009024  0.997022  0.034198  0.069117  -0.032237  0.999051  -0.029295  -0.070053  0.026979  0.997178  -0.007176  -0.006297  -0.004221  0.000000  0.000000  0.000000  2.000000  
81.301572 0.000474  0.088906  -0.009029  0.997022  0.034198  0.069117  -0.032237  0.999051  -0.029295  -0.070053  0.026979  0.997178  -0.007190  -0.006248  -0.004239  0.000000  0.000000  0.000000  2.000000  
81.302819 0.000466  0.088899  -0.009034  0.997029  0.033992  0.069123  -0.032031  0.999058  -0.029281  -0.070053  0.026979  0.997178  -0.007182  -0.006153  -0.004249  0.000000  0.000000  0.000000  2.000000  
81.304065 0.000457  0.088892  -0.009039  0.997029  0.033992  0.069123  -0.032031  0.999058  -0.029281  -0.070053  0.026979  0.997178  -0.007163  -0.006102  -0.004244  0.000000  0.000000  0.000000  2.000000  
81.305320 0.000449  0.088885  -0.009045  0.997029  0.033992  0.069123  -0.032031  0.999058  -0.029281  -0.070053  0.026979  0.997178  -0.007084  -0.005964  -0.004252  0.000000  0.000000  0.000000  2.000000  
81.306328 0.000442  0.088880  -0.009049  0.997029  0.033992  0.069123  -0.032031  0.999058  -0.029281  -0.070053  0.026979  0.997178  -0.007095  -0.005915  -0.004268  0.000000  0.000000  0.000000  2.000000  
81.307566 0.000433  0.088873  -0.009055  0.997029  0.033984  0.069127  -0.032031  0.999061  -0.029159  -0.070053  0.026859  0.997182  -0.007066  -0.005846  -0.004301  0.000000  0.000000  0.000000  2.000000  
81.308817 0.000425  0.088867  -0.009060  0.997029  0.033984  0.069127  -0.032031  0.999061  -0.029159  -0.070053  0.026859  0.997182  -0.007022  -0.005753  -0.004284  0.000000  0.000000  0.000000  2.000000  
81.309819 0.000418  0.088861  -0.009064  0.997029  0.033984  0.069127  -0.032031  0.999061  -0.029159  -0.070053  0.026859  0.997182  -0.006996  -0.005702  -0.004273  0.000000  0.000000  0.000000  2.000000  
81.310823 0.000411  0.088856  -0.009069  0.997029  0.033984  0.069127  -0.032031  0.999061  -0.029159  -0.070053  0.026859  0.997182  -0.006973  -0.005681  -0.004348  0.000000  0.000000  0.000000  2.000000  
81.312069 0.000403  0.088849  -0.009074  0.997035  0.033778  0.069133  -0.031826  0.999068  -0.029145  -0.070053  0.026859  0.997182  -0.006932  -0.005589  -0.004331  0.000000  0.000000  0.000000  2.000000  
81.313069 0.000396  0.088844  -0.009078  0.997035  0.033778  0.069133  -0.031826  0.999068  -0.029145  -0.070053  0.026859  0.997182  -0.006910  -0.005542  -0.004322  0.000000  0.000000  0.000000  2.000000  
81.314073 0.000389  0.088839  -0.009083  0.997035  0.033778  0.069133  -0.031826  0.999068  -0.029145  -0.070053  0.026859  0.997182  -0.006865  -0.005488  -0.004343  0.000000  0.000000  0.000000  2.000000  
