1-Time 2-Px 3-Py 4-Pz 5-R11 6-R21 7-R31 8-R12 9-R22 10-R32 11-R13 12-R23 13-R33 14-Vx 15-Vy 16-Vz 17-Wx 18-Wy 19-Wz 20-state 21-PR11 22-PR21 23-PR31 24-PR12 25-PR22 26-PR32 27-PR13 28-PR23 29-PR33 
55.634911 0.009571  0.094940  -0.027596  0.994595  0.034087  0.098077  -0.033388  0.999404  -0.008754  -0.098317  0.005432  0.995140  -0.001672  -0.001330  -0.001597  0.000000  0.000000  0.000000  2.000000  
55.635912 0.009569  0.094939  -0.027598  0.994608  0.034086  0.097944  -0.033389  0.999404  -0.008749  -0.098184  0.005432  0.995153  -0.001664  -0.001332  -0.001639  0.000000  0.000000  0.000000  2.000000  
55.636916 0.009569  0.094937  -0.027599  0.994588  0.034292  0.098075  -0.033593  0.999397  -0.008774  -0.098317  0.005432  0.995140  -0.001528  -0.001328  -0.001599  0.000000  0.000000  0.000000  2.000000  
55.638161 0.009569  0.094935  -0.027601  0.994535  0.034706  0.098471  -0.034001  0.999383  -0.008828  -0.098716  0.005432  0.995101  -0.001384  -0.001327  -0.001601  0.000000  0.000000  0.000000  2.000000  
55.639410 0.009571  0.094933  -0.027602  0.994481  0.035120  0.098866  -0.034409  0.999368  -0.008882  -0.099116  0.005431  0.995061  -0.001166  -0.001376  -0.001603  0.000000  0.000000  0.000000  2.000000  
55.640413 0.009572  0.094931  -0.027604  0.994447  0.035327  0.099130  -0.034613  0.999361  -0.008912  -0.099382  0.005431  0.995035  -0.000983  -0.001403  -0.001564  0.000000  0.000000  0.000000  2.000000  
55.641414 0.009574  0.094930  -0.027605  0.994447  0.035327  0.099130  -0.034613  0.999361  -0.008912  -0.099382  0.005431  0.995035  -0.000749  -0.001399  -0.001553  0.000000  0.000000  0.000000  2.000000  
55.642423 0.009576  0.094929  -0.027607  0.994427  0.035545  0.099257  -0.034817  0.999353  -0.009058  -0.099515  0.005552  0.995021  -0.000491  -0.001390  -0.001545  0.000000  0.000000  0.000000  2.000000  
55.643657 0.009578  0.094927  -0.027609  0.994420  0.035739  0.099260  -0.035022  0.999346  -0.008958  -0.099515  0.005431  0.995021  -0.000152  -0.001390  -0.001568  0.000000  0.000000  0.000000  2.000000  
55.644659 0.009581  0.094926  -0.027611  0.994399  0.035945  0.099391  -0.035226  0.999339  -0.008983  -0.099648  0.005431  0.995008  0.000188  -0.001384  -0.001584  0.000000  0.000000  0.000000  2.000000  
55.645661 0.009585  0.094925  -0.027612  0.994378  0.036152  0.099522  -0.035430  0.999332  -0.009008  -0.099781  0.005431  0.994995  0.000509  -0.001353  -0.001567  0.000000  0.000000  0.000000  2.000000  
55.646662 0.009589  0.094924  -0.027613  0.994344  0.036359  0.099786  -0.035634  0.999324  -0.009038  -0.100048  0.005431  0.994968  0.000915  -0.001320  -0.001495  0.000000  0.000000  0.000000  2.000000  
55.647662 0.009593  0.094923  -0.027613  0.994303  0.036772  0.100049  -0.036043  0.999309  -0.009089  -0.100314  0.005431  0.994941  0.001249  -0.001339  -0.001422  0.000000  0.000000  0.000000  2.000000  
55.648907 0.009598  0.094921  -0.027613  0.994248  0.037186  0.100444  -0.036451  0.999294  -0.009144  -0.100713  0.005431  0.994901  0.001743  -0.001327  -0.001246  0.000000  0.000000  0.000000  2.000000  
55.649909 0.009601  0.094920  -0.027613  0.994213  0.037405  0.100704  -0.036654  0.999285  -0.009296  -0.100979  0.005551  0.994873  0.002005  -0.001349  -0.001132  0.000000  0.000000  0.000000  2.000000  
55.650912 0.009604  0.094918  -0.027612  0.994192  0.037612  0.100835  -0.036858  0.999277  -0.009322  -0.101113  0.005551  0.994860  0.002317  -0.001365  -0.000977  0.000000  0.000000  0.000000  2.000000  
55.651916 0.009607  0.094917  -0.027612  0.994171  0.037830  0.100961  -0.037063  0.999268  -0.009469  -0.101246  0.005672  0.994845  0.002493  -0.001360  -0.000910  0.000000  0.000000  0.000000  2.000000  
55.652916 0.009609  0.094915  -0.027614  0.994157  0.037831  0.101094  -0.037062  0.999268  -0.009474  -0.101379  0.005672  0.994832  0.002702  -0.001353  -0.000864  0.000000  0.000000  0.000000  2.000000  
55.654161 0.009612  0.094913  -0.027616  0.994150  0.038049  0.101088  -0.037267  0.999259  -0.009616  -0.101379  0.005792  0.994831  0.002825  -0.001380  -0.000929  0.000000  0.000000  0.000000  2.000000  
55.655162 0.009615  0.094911  -0.027618  0.994115  0.038256  0.101352  -0.037470  0.999251  -0.009647  -0.101645  0.005792  0.994804  0.002905  -0.001385  -0.001018  0.000000  0.000000  0.000000  2.000000  
55.656414 0.009618  0.094909  -0.027622  0.994093  0.038475  0.101478  -0.037675  0.999242  -0.009794  -0.101778  0.005913  0.994790  0.003003  -0.001385  -0.001099  0.000000  0.000000  0.000000  2.000000  
55.657415 0.009622  0.094907  -0.027625  0.994058  0.038695  0.101737  -0.037878  0.999233  -0.009946  -0.102044  0.006033  0.994762  0.003070  -0.001444  -0.001240  -0.037062  -0.102438  0.165755  2.000000  
55.658423 0.009624  0.094905  -0.027629  0.994023  0.038902  0.102001  -0.038082  0.999225  -0.009977  -0.102310  0.006033  0.994734  0.003083  -0.001469  -0.001329  -0.037759  -0.115854  0.172667  2.000000  
55.659662 0.009627  0.094902  -0.027633  0.994002  0.039121  0.102128  -0.038286  0.999216  -0.010124  -0.102444  0.006154  0.994720  0.003019  -0.001581  -0.001467  -0.042552  -0.124863  0.179709  2.000000  
55.660664 0.009629  0.094900  -0.027637  0.993980  0.039327  0.102258  -0.038490  0.999207  -0.010151  -0.102577  0.006153  0.994706  0.002907  -0.001668  -0.001682  -0.042549  -0.133846  0.179748  2.000000  
55.661910 0.009630  0.094896  -0.027642  0.993986  0.039532  0.102123  -0.038695  0.999199  -0.010166  -0.102444  0.006154  0.994720  0.002687  -0.001860  -0.001953  -0.043230  -0.129301  0.186593  2.000000  
55.663162 0.009631  0.094891  -0.027648  0.993978  0.039750  0.102116  -0.038900  0.999190  -0.010309  -0.102444  0.006274  0.994719  0.002420  -0.002056  -0.002312  -0.047994  -0.133760  0.193534  2.000000  
55.664168 0.009631  0.094887  -0.027653  0.993978  0.039750  0.102116  -0.038900  0.999190  -0.010309  -0.102444  0.006274  0.994719  0.002124  -0.002263  -0.002706  -0.047290  -0.138308  0.186693  2.000000  
55.665422 0.009631  0.094882  -0.027659  0.993970  0.039956  0.102114  -0.039104  0.999182  -0.010330  -0.102444  0.006274  0.994719  0.001840  -0.002516  -0.003126  -0.047587  -0.141620  0.192053  2.000000  
55.666659 0.009630  0.094876  -0.027665  0.993962  0.040174  0.102107  -0.039309  0.999172  -0.010472  -0.102444  0.006395  0.994718  0.001616  -0.002723  -0.003436  -0.052080  -0.138307  0.193657  2.000000  
55.667698 0.009630  0.094872  -0.027670  0.993954  0.040380  0.102105  -0.039514  0.999164  -0.010493  -0.102444  0.006395  0.994718  0.001391  -0.002933  -0.003788  -0.051340  -0.129172  0.186456  2.000000  
55.668915 0.009629  0.094867  -0.027677  0.993937  0.040804  0.102096  -0.039923  0.999146  -0.010656  -0.102444  0.006516  0.994717  0.001164  -0.003136  -0.004133  -0.056199  -0.115753  0.193440  2.000000  
55.670161 0.009629  0.094862  -0.027684  0.993943  0.041009  0.101961  -0.040128  0.999138  -0.010672  -0.102310  0.006516  0.994731  0.000922  -0.003304  -0.004349  -0.055757  -0.101435  0.191791  2.000000  
55.671414 0.009628  0.094858  -0.027690  0.993948  0.041213  0.101826  -0.040333  0.999129  -0.010687  -0.102177  0.006516  0.994745  0.000669  -0.003391  -0.004559  -0.055537  -0.088830  0.186425  2.000000  
55.672661 0.009628  0.094854  -0.027696  0.993954  0.041430  0.101685  -0.040538  0.999119  -0.010824  -0.102044  0.006636  0.994758  0.000336  -0.003509  -0.004716  -0.055522  -0.084306  0.186400  2.000000  
55.673661 0.009627  0.094852  -0.027701  0.993959  0.041635  0.101550  -0.040744  0.999111  -0.010840  -0.101911  0.006637  0.994771  0.000168  -0.003539  -0.004777  -0.060290  -0.079788  0.193276  2.000000  
55.674911 0.009627  0.094848  -0.027707  0.993964  0.041852  0.101410  -0.040949  0.999101  -0.010976  -0.101778  0.006757  0.994784  -0.000042  -0.003569  -0.004863  -0.063687  -0.070842  0.186388  2.000000  
55.676159 0.009627  0.094845  -0.027713  0.993961  0.042263  0.101272  -0.041359  0.999084  -0.011012  -0.101645  0.006757  0.994798  -0.000181  -0.003549  -0.004955  -0.063841  -0.056808  0.191523  2.000000  
55.677160 0.009626  0.094841  -0.027719  0.993952  0.042469  0.101270  -0.041563  0.999075  -0.011033  -0.101645  0.006757  0.994798  -0.000267  -0.003553  -0.005011  -0.064407  -0.043787  0.193020  2.000000  
55.678409 0.009625  0.094836  -0.027726  0.993957  0.042673  0.101135  -0.041768  0.999066  -0.011049  -0.101512  0.006757  0.994811  -0.000367  -0.003586  -0.005170  -0.063204  -0.030093  0.184543  2.000000  
55.679414 0.009624  0.094832  -0.027733  0.993940  0.043097  0.101125  -0.042178  0.999047  -0.011211  -0.101512  0.006878  0.994811  -0.000433  -0.003614  -0.005257  -0.063765  -0.016828  0.185987  2.000000  
55.680662 0.009623  0.094826  -0.027739  0.993945  0.043289  0.100995  -0.042383  0.999040  -0.011105  -0.101379  0.006758  0.994825  -0.000508  -0.003643  -0.005306  -0.059688  -0.007845  0.185931  2.000000  
55.681909 0.009622  0.094820  -0.027745  0.993954  0.043699  0.100724  -0.042793  0.999022  -0.011135  -0.101113  0.006758  0.994852  -0.000511  -0.003638  -0.005276  -0.055843  0.005655  0.191171  2.000000  
55.682913 0.009622  0.094817  -0.027749  0.993959  0.043904  0.100589  -0.042999  0.999013  -0.011150  -0.100979  0.006758  0.994866  -0.000524  -0.003561  -0.005175  -0.056532  0.014618  0.197926  2.000000  
55.684162 0.009622  0.094813  -0.027753  0.993977  0.044108  0.100321  -0.043204  0.999004  -0.011160  -0.100713  0.006758  0.994893  -0.000440  -0.003497  -0.004994  -0.053428  0.028521  0.201437  2.000000  
55.685176 0.009623  0.094810  -0.027755  0.993982  0.044312  0.100186  -0.043410  0.998995  -0.011174  -0.100580  0.006758  0.994906  -0.000402  -0.003464  -0.004761  -0.052907  0.037237  0.199415  2.000000  
55.686419 0.009624  0.094806  -0.027759  0.993977  0.044723  0.100048  -0.043819  0.998977  -0.011210  -0.100447  0.006758  0.994919  -0.000280  -0.003483  -0.004588  -0.049530  0.050770  0.206152  2.000000  
55.687661 0.009625  0.094802  -0.027762  0.993959  0.045134  0.100043  -0.044229  0.998958  -0.011251  -0.100447  0.006758  0.994919  -0.000186  -0.003472  -0.004363  -0.045500  0.059798  0.206170  2.000000  
55.688661 0.009626  0.094799  -0.027764  0.993963  0.045339  0.099908  -0.044434  0.998949  -0.011266  -0.100314  0.006758  0.994933  -0.000126  -0.003548  -0.004207  -0.045498  0.068791  0.206106  2.000000  
55.689667 0.009627  0.094797  -0.027766  0.993967  0.045544  0.099773  -0.044639  0.998939  -0.011280  -0.100181  0.006758  0.994946  -0.000045  -0.003486  -0.004010  -0.042108  0.077817  0.212856  2.000000  
55.690914 0.009628  0.094795  -0.027767  0.993972  0.045748  0.099637  -0.044844  0.998930  -0.011295  -0.100048  0.006758  0.994960  0.000053  -0.003421  -0.003662  -0.042110  0.086814  0.212808  2.000000  
55.692161 0.009629  0.094792  -0.027769  0.993989  0.045952  0.099369  -0.045050  0.998921  -0.011303  -0.099781  0.006759  0.994986  0.000172  -0.003304  -0.003303  -0.038004  0.091356  0.212855  2.000000  
55.693162 0.009630  0.094790  -0.027769  0.993993  0.046157  0.099234  -0.045255  0.998911  -0.011318  -0.099648  0.006759  0.995000  0.000302  -0.003130  -0.002886  -0.037669  0.095045  0.211030  2.000000  
55.694407 0.009631  0.094787  -0.027769  0.993988  0.046567  0.099096  -0.045665  0.998892  -0.011352  -0.099515  0.006759  0.995013  0.000448  -0.002960  -0.002415  -0.038349  0.099552  0.217836  2.000000  
55.695422 0.009632  0.094785  -0.027768  0.993978  0.046773  0.099094  -0.045870  0.998883  -0.011373  -0.099515  0.006759  0.995013  0.000618  -0.002727  -0.001969  -0.039349  0.100380  0.226429  2.000000  
55.696659 0.009633  0.094782  -0.027768  0.993973  0.047183  0.098956  -0.046280  0.998863  -0.011407  -0.099382  0.006759  0.995026  0.000747  -0.002617  -0.001568  -0.035285  0.104966  0.226562  2.000000  
55.697910 0.009634  0.094780  -0.027767  0.993963  0.047389  0.098954  -0.046484  0.998854  -0.011428  -0.099382  0.006759  0.995026  0.000853  -0.002476  -0.001220  -0.035278  0.104945  0.226517  2.000000  
55.698926 0.009636  0.094778  -0.027767  0.993967  0.047594  0.098818  -0.046690  0.998844  -0.011442  -0.099249  0.006759  0.995040  0.000940  -0.002373  -0.000955  -0.031169  0.109401  0.226367  2.000000  
55.700157 0.009638  0.094776  -0.027766  0.993961  0.048004  0.098681  -0.047100  0.998824  -0.011476  -0.099116  0.006759  0.995053  0.001037  -0.002253  -0.000730  -0.031588  0.108597  0.231441  2.000000  
55.701163 0.009640  0.094775  -0.027765  0.993964  0.048197  0.098551  -0.047305  0.998816  -0.011369  -0.098982  0.006639  0.995067  0.001085  -0.002069  -0.000436  -0.027743  0.109487  0.233377  2.000000  
55.702167 0.009641  0.094774  -0.027765  0.993968  0.048402  0.098416  -0.047510  0.998806  -0.011383  -0.098849  0.006639  0.995080  0.001142  -0.001957  -0.000256  -0.023630  0.109481  0.233332  2.000000  
55.703414 0.009643  0.094773  -0.027764  0.993961  0.048812  0.098278  -0.047920  0.998786  -0.011417  -0.098716  0.006639  0.995093  0.001184  -0.001839  -0.000026  -0.024293  0.109531  0.240228  2.000000  
55.704415 0.009644  0.094771  -0.027763  0.993964  0.049017  0.098143  -0.048125  0.998776  -0.011431  -0.098583  0.006639  0.995107  0.001203  -0.001757  0.000210  -0.024068  0.108658  0.238316  2.000000  
55.705425 0.009645  0.094770  -0.027762  0.993958  0.049439  0.097999  -0.048535  0.998754  -0.011586  -0.098450  0.006760  0.995119  0.001197  -0.001698  0.000349  -0.024961  0.114208  0.247299  2.000000  
55.706664 0.009647  0.094768  -0.027761  0.993938  0.049850  0.097994  -0.048944  0.998734  -0.011626  -0.098450  0.006760  0.995119  0.001225  -0.001615  0.000509  -0.024922  0.109611  0.247113  2.000000  
55.707915 0.009648  0.094767  -0.027759  0.993941  0.050055  0.097859  -0.049150  0.998724  -0.011640  -0.098317  0.006760  0.995132  0.001212  -0.001556  0.000691  -0.024737  0.113336  0.245413  2.000000  
55.709164 0.009648  0.094766  -0.027757  0.993934  0.050477  0.097715  -0.049560  0.998702  -0.011795  -0.098184  0.006880  0.995145  0.001142  -0.001449  0.000788  -0.024874  0.114147  0.247094  2.000000  
55.710181 0.009649  0.094766  -0.027756  0.993926  0.050887  0.097577  -0.049969  0.998681  -0.011828  -0.098050  0.006881  0.995158  0.001131  -0.001343  0.000828  -0.025511  0.114104  0.253782  2.000000  
55.711413 0.009649  0.094765  -0.027756  0.993942  0.051091  0.097309  -0.050175  0.998670  -0.011835  -0.097784  0.006881  0.995184  0.001056  -0.001187  0.000827  -0.029537  0.114167  0.253969  2.000000  
55.712657 0.009648  0.094764  -0.027756  0.993934  0.051513  0.097165  -0.050585  0.998648  -0.011989  -0.097651  0.007002  0.995196  0.000942  -0.001043  0.000751  -0.033307  0.113254  0.251902  2.000000  
55.713662 0.009648  0.094764  -0.027757  0.993926  0.051923  0.097027  -0.050995  0.998627  -0.012023  -0.097518  0.007002  0.995209  0.000817  -0.000935  0.000672  -0.034234  0.114236  0.260867  2.000000  
55.714910 0.009647  0.094764  -0.027758  0.993918  0.052334  0.096889  -0.051405  0.998605  -0.012056  -0.097385  0.007002  0.995222  0.000624  -0.000808  0.000595  -0.034583  0.108896  0.265619  2.000000  
55.716157 0.009647  0.094764  -0.027759  0.993923  0.052755  0.096612  -0.051816  0.998582  -0.012203  -0.097118  0.007123  0.995247  0.000474  -0.000750  0.000448  -0.038571  0.113366  0.265569  2.000000  
55.717164 0.009646  0.094764  -0.027760  0.993912  0.052960  0.096609  -0.052020  0.998571  -0.012223  -0.097118  0.007123  0.995247  0.000346  -0.000652  0.000365  -0.038569  0.113358  0.265552  2.000000  
55.718170 0.009646  0.094764  -0.027761  0.993904  0.053382  0.096465  -0.052430  0.998548  -0.012377  -0.096985  0.007243  0.995259  0.000187  -0.000565  0.000217  -0.043606  0.114347  0.274597  2.000000  
55.719435 0.009645  0.094765  -0.027761  0.993908  0.053803  0.096187  -0.052841  0.998524  -0.012523  -0.096719  0.007364  0.995285  0.000023  -0.000387  0.000111  -0.047608  0.118811  0.274451  2.000000  
55.720662 0.009644  0.094765  -0.027764  0.993899  0.054225  0.096042  -0.053251  0.998501  -0.012677  -0.096586  0.007485  0.995297  -0.000144  -0.000266  -0.000092  -0.052362  0.118959  0.281525  2.000000  
55.721662 0.009642  0.094766  -0.027765  0.993901  0.054441  0.095900  -0.053456  0.998488  -0.012811  -0.096452  0.007606  0.995309  -0.000285  -0.000193  -0.000276  -0.056395  0.118964  0.281491  2.000000  
55.722914 0.009641  0.094766  -0.027768  0.993905  0.054862  0.095622  -0.053867  0.998464  -0.012957  -0.096186  0.007727  0.995333  -0.000425  -0.000077  -0.000601  -0.060588  0.122505  0.285955  2.000000  
55.724161 0.009641  0.094767  -0.027771  0.993895  0.055283  0.095477  -0.054277  0.998440  -0.013110  -0.096053  0.007848  0.995345  -0.000473  0.000039  -0.000913  -0.065107  0.119037  0.288347  2.000000  
55.725162 0.009640  0.094767  -0.027773  0.993886  0.055705  0.095332  -0.054687  0.998415  -0.013263  -0.095920  0.007969  0.995357  -0.000547  0.000082  -0.001149  -0.069874  0.123662  0.295336  2.000000  
55.726420 0.009640  0.094767  -0.027777  0.993889  0.056125  0.095054  -0.055097  0.998391  -0.013409  -0.095653  0.008090  0.995382  -0.000569  0.000204  -0.001413  -0.073839  0.128086  0.295088  2.000000  
55.727659 0.009640  0.094768  -0.027780  0.993879  0.056547  0.094908  -0.055507  0.998366  -0.013561  -0.095520  0.008210  0.995394  -0.000551  0.000249  -0.001640  -0.078600  0.132704  0.302051  2.000000  
55.728661 0.009641  0.094768  -0.027784  0.993893  0.056762  0.094633  -0.055713  0.998353  -0.013687  -0.095254  0.008331  0.995418  -0.000489  0.000291  -0.001766  -0.082657  0.137285  0.302160  2.000000  
55.729907 0.009641  0.094769  -0.027788  0.993882  0.057183  0.094487  -0.056123  0.998328  -0.013840  -0.095121  0.008452  0.995430  -0.000420  0.000335  -0.002002  -0.085935  0.136100  0.299508  2.000000  
55.730913 0.009642  0.094769  -0.027791  0.993885  0.057603  0.094209  -0.056534  0.998303  -0.013985  -0.094854  0.008573  0.995454  -0.000354  0.000360  -0.002226  -0.095412  0.141778  0.308849  2.000000  
55.732160 0.009643  0.094769  -0.027797  0.993887  0.058023  0.093930  -0.056944  0.998277  -0.014129  -0.094588  0.008694  0.995479  -0.000260  0.000371  -0.002461  -0.099291  0.145171  0.313161  2.000000  
55.733413 0.009644  0.094770  -0.027802  0.993888  0.058455  0.093644  -0.057355  0.998250  -0.014395  -0.094321  0.008936  0.995502  -0.000110  0.000362  -0.002739  -0.107295  0.149640  0.313052  2.000000  
55.734414 0.009645  0.094770  -0.027806  0.993889  0.058671  0.093501  -0.057560  0.998236  -0.014527  -0.094188  0.009057  0.995513  -0.000011  0.000354  -0.003006  -0.111292  0.149653  0.313035  2.000000  
55.735427 0.009646  0.094771  -0.027811  0.993902  0.058885  0.093225  -0.057767  0.998223  -0.014652  -0.093922  0.009178  0.995537  0.000155  0.000381  -0.003228  -0.111437  0.155306  0.308560  2.000000  
55.736661 0.009648  0.094772  -0.027817  0.993891  0.059317  0.093071  -0.058177  0.998195  -0.014925  -0.093789  0.009419  0.995548  0.000372  0.000418  -0.003457  -0.118643  0.158604  0.306125  2.000000  
55.737665 0.009650  0.094773  -0.027821  0.993879  0.059738  0.092925  -0.058586  0.998168  -0.015077  -0.093655  0.009540  0.995559  0.000579  0.000449  -0.003624  -0.124333  0.160002  0.315561  2.000000  
55.738665 0.009652  0.094773  -0.027826  0.993880  0.060158  0.092645  -0.058997  0.998142  -0.015220  -0.093389  0.009661  0.995583  0.000734  0.000463  -0.003742  -0.124258  0.164523  0.315482  2.000000  
55.739910 0.009654  0.094775  -0.027831  0.993881  0.060589  0.092359  -0.059408  0.998114  -0.015485  -0.093123  0.009903  0.995605  0.000921  0.000512  -0.003853  -0.131935  0.167750  0.319714  2.000000  
55.740911 0.009657  0.094776  -0.027835  0.993881  0.060804  0.092215  -0.059613  0.998099  -0.015617  -0.092989  0.010024  0.995617  0.001107  0.000561  -0.003966  -0.136395  0.169092  0.315452  2.000000  
55.741942 0.009659  0.094777  -0.027838  0.993881  0.061235  0.091928  -0.060024  0.998071  -0.015881  -0.092723  0.010266  0.995639  0.001288  0.000624  -0.004014  -0.140908  0.173511  0.321913  2.000000  
55.743162 0.009663  0.094778  -0.027844  0.993881  0.061654  0.091648  -0.060435  0.998044  -0.016023  -0.092456  0.010387  0.995663  0.001492  0.000649  -0.004132  -0.145033  0.173696  0.322218  2.000000  
55.744163 0.009665  0.094779  -0.027848  0.993881  0.061880  0.091497  -0.060640  0.998027  -0.016276  -0.092323  0.010628  0.995672  0.001623  0.000701  -0.004190  -0.152551  0.173748  0.315447  2.000000  
55.745446 0.009668  0.094780  -0.027853  0.993880  0.062299  0.091216  -0.061051  0.998000  -0.016419  -0.092057  0.010749  0.995696  0.001771  0.000699  -0.004223  -0.156336  0.178004  0.314940  2.000000  
55.746657 0.009671  0.094780  -0.027860  0.993880  0.062730  0.090928  -0.061461  0.997970  -0.016682  -0.091790  0.010991  0.995718  0.001910  0.000710  -0.004339  -0.159856  0.181321  0.319473  2.000000  
55.747661 0.009673  0.094780  -0.027865  0.993867  0.063150  0.090781  -0.061871  0.997942  -0.016832  -0.091657  0.011112  0.995729  0.002004  0.000696  -0.004420  -0.161166  0.182895  0.322158  2.000000  
55.748908 0.009675  0.094781  -0.027871  0.993878  0.063374  0.090496  -0.062078  0.997925  -0.017076  -0.091391  0.011354  0.995750  0.002045  0.000680  -0.004486  -0.167202  0.185809  0.312588  2.000000  
55.749912 0.009677  0.094781  -0.027876  0.993865  0.063795  0.090348  -0.062488  0.997897  -0.017226  -0.091257  0.011475  0.995761  0.002095  0.000680  -0.004501  -0.167148  0.185833  0.312547  2.000000  
55.751157 0.009679  0.094782  -0.027882  0.993863  0.064213  0.090068  -0.062898  0.997869  -0.017368  -0.090991  0.011596  0.995784  0.002135  0.000706  -0.004524  -0.167745  0.190416  0.319352  2.000000  
55.752165 0.009681  0.094782  -0.027887  0.993863  0.064428  0.089923  -0.063104  0.997854  -0.017499  -0.090858  0.011717  0.995795  0.002173  0.000693  -0.004550  -0.168463  0.187514  0.315211  2.000000  
55.753414 0.009684  0.094783  -0.027893  0.993861  0.064858  0.089634  -0.063514  0.997823  -0.017761  -0.090591  0.011959  0.995816  0.002194  0.000705  -0.004583  -0.171137  0.190577  0.312689  2.000000  
55.754423 0.009686  0.094784  -0.027898  0.993847  0.065278  0.089486  -0.063924  0.997794  -0.017910  -0.090458  0.012080  0.995827  0.002175  0.000635  -0.004686  -0.168223  0.187503  0.314944  2.000000  
55.755426 0.009688  0.094785  -0.027903  0.993845  0.065492  0.089342  -0.064130  0.997778  -0.018041  -0.090325  0.012201  0.995838  0.002144  0.000608  -0.004706  -0.172248  0.187513  0.314921  2.000000  
55.756665 0.009690  0.094785  -0.027910  0.993843  0.065922  0.089052  -0.064541  0.997747  -0.018303  -0.090058  0.012443  0.995859  0.002103  0.000553  -0.004845  -0.172192  0.187620  0.314935  2.000000  
55.757915 0.009693  0.094786  -0.027916  0.993828  0.066352  0.088896  -0.064951  0.997716  -0.018573  -0.089925  0.012684  0.995868  0.002056  0.000550  -0.004863  -0.175586  0.187607  0.308020  2.000000  
55.758915 0.009695  0.094787  -0.027920  0.993839  0.066565  0.088618  -0.065157  0.997700  -0.018695  -0.089658  0.012805  0.995890  0.002024  0.000523  -0.004883  -0.175523  0.192140  0.307954  2.000000  
55.760160 0.009698  0.094787  -0.027925  0.993824  0.066996  0.088461  -0.065567  0.997668  -0.018964  -0.089525  0.013047  0.995899  0.002038  0.000539  -0.004867  -0.179580  0.187745  0.308047  2.000000  
55.761414 0.009700  0.094788  -0.027930  0.993821  0.067414  0.088179  -0.065978  0.997638  -0.019104  -0.089259  0.013168  0.995921  0.001998  0.000527  -0.004756  -0.179464  0.187748  0.307976  2.000000  
55.762659 0.009703  0.094789  -0.027934  0.993817  0.067842  0.087889  -0.066388  0.997606  -0.019365  -0.088992  0.013410  0.995942  0.002020  0.000574  -0.004598  -0.183495  0.187842  0.308012  2.000000  
55.763913 0.009705  0.094789  -0.027938  0.993802  0.068272  0.087731  -0.066798  0.997573  -0.019634  -0.088859  0.013652  0.995951  0.002023  0.000565  -0.004455  -0.187472  0.183364  0.307972  2.000000  
55.765157 0.009708  0.094790  -0.027942  0.993798  0.068690  0.087449  -0.067209  0.997543  -0.019773  -0.088592  0.013773  0.995973  0.002046  0.000586  -0.004253  -0.182577  0.186577  0.312406  2.000000  
55.766157 0.009710  0.094790  -0.027946  0.993796  0.068915  0.087295  -0.067414  0.997524  -0.020024  -0.088459  0.014015  0.995981  0.002049  0.000563  -0.004204  -0.185870  0.186470  0.305401  2.000000  
55.767159 0.009712  0.094791  -0.027948  0.993780  0.069334  0.087146  -0.067824  0.997493  -0.020172  -0.088326  0.014136  0.995991  0.002067  0.000568  -0.004054  -0.186432  0.182126  0.312269  2.000000  
55.768181 0.009714  0.094792  -0.027952  0.993764  0.069754  0.086996  -0.068234  0.997462  -0.020320  -0.088192  0.014257  0.996001  0.002066  0.000583  -0.003948  -0.183811  0.183647  0.314749  2.000000  
55.769434 0.009717  0.094793  -0.027956  0.993759  0.070171  0.086713  -0.068645  0.997431  -0.020458  -0.087926  0.014378  0.996023  0.002111  0.000640  -0.003822  -0.179540  0.183591  0.314530  2.000000  
55.770664 0.009720  0.094795  -0.027960  0.993754  0.070588  0.086430  -0.069056  0.997400  -0.020596  -0.087659  0.014499  0.996045  0.002113  0.000674  -0.003638  -0.179591  0.183769  0.314754  2.000000  
55.771911 0.009724  0.094796  -0.027963  0.993737  0.071008  0.086280  -0.069466  0.997369  -0.020744  -0.087526  0.014620  0.996055  0.002194  0.000734  -0.003444  -0.174186  0.178037  0.312514  2.000000  
55.772911 0.009726  0.094797  -0.027966  0.993732  0.071425  0.085997  -0.069877  0.997337  -0.020881  -0.087259  0.014741  0.996077  0.002200  0.000723  -0.003361  -0.174571  0.182448  0.318973  2.000000  
55.773912 0.009729  0.094798  -0.027969  0.993715  0.071844  0.085847  -0.070287  0.997305  -0.021028  -0.087126  0.014862  0.996086  0.002257  0.000754  -0.003231  -0.171890  0.179537  0.321673  2.000000  
55.775162 0.009732  0.094799  -0.027971  0.993709  0.072261  0.085563  -0.070698  0.997273  -0.021166  -0.086860  0.014983  0.996108  0.002256  0.000750  -0.003024  -0.170371  0.178079  0.318977  2.000000  
55.776413 0.009735  0.094800  -0.027973  0.993688  0.072883  0.085276  -0.071313  0.997226  -0.021320  -0.086593  0.015105  0.996129  0.002314  0.000793  -0.002865  -0.168215  0.179681  0.328445  2.000000  
55.777417 0.009738  0.094801  -0.027975  0.993670  0.073292  0.085134  -0.071723  0.997196  -0.021346  -0.086460  0.015105  0.996141  0.002370  0.000812  -0.002758  -0.164097  0.179703  0.328443  2.000000  
55.778423 0.009741  0.094801  -0.027976  0.993664  0.073709  0.084850  -0.072134  0.997164  -0.021483  -0.086193  0.015226  0.996162  0.002418  0.000845  -0.002583  -0.164594  0.184273  0.335153  2.000000  
55.779657 0.009744  0.094802  -0.027977  0.993642  0.074320  0.084571  -0.072749  0.997118  -0.021516  -0.085926  0.015226  0.996185  0.002488  0.000862  -0.002427  -0.159783  0.182945  0.339366  2.000000  
55.780659 0.009746  0.094803  -0.027978  0.993635  0.074737  0.084287  -0.073160  0.997085  -0.021652  -0.085660  0.015347  0.996206  0.002503  0.000892  -0.002324  -0.156282  0.187563  0.346123  2.000000  
55.781660 0.009749  0.094804  -0.027978  0.993612  0.075349  0.084008  -0.073775  0.997039  -0.021684  -0.085393  0.015348  0.996229  0.002549  0.000891  -0.002075  -0.153383  0.192236  0.359739  2.000000  
55.782910 0.009753  0.094806  -0.027979  0.993616  0.075763  0.083591  -0.074187  0.997006  -0.021810  -0.084993  0.015469  0.996261  0.002626  0.000954  -0.001840  -0.153258  0.196733  0.359654  2.000000  
55.783912 0.009756  0.094808  -0.027979  0.993592  0.076375  0.083312  -0.074802  0.996959  -0.021841  -0.084727  0.015470  0.996284  0.002635  0.000968  -0.001677  -0.149719  0.196851  0.366489  2.000000  
55.784914 0.009759  0.094809  -0.027979  0.993584  0.076791  0.083028  -0.075213  0.996925  -0.021977  -0.084460  0.015591  0.996305  0.002675  0.001001  -0.001464  -0.146801  0.203036  0.369416  2.000000  
55.785916 0.009762  0.094811  -0.027979  0.993560  0.077403  0.082748  -0.075828  0.996878  -0.022008  -0.084193  0.015591  0.996327  0.002693  0.001055  -0.001172  -0.143851  0.207739  0.383116  2.000000  
55.786916 0.009764  0.094812  -0.027979  0.993547  0.078012  0.082336  -0.076445  0.996830  -0.022028  -0.083793  0.015592  0.996361  0.002704  0.001063  -0.000975  -0.136190  0.216866  0.389848  2.000000  
55.788161 0.009768  0.094814  -0.027979  0.993533  0.078622  0.081924  -0.077061  0.996783  -0.022048  -0.083393  0.015592  0.996395  0.002739  0.001104  -0.000768  -0.132606  0.221526  0.396750  2.000000  
55.789161 0.009770  0.094815  -0.027979  0.993518  0.079231  0.081511  -0.077677  0.996734  -0.022067  -0.082993  0.015593  0.996428  0.002702  0.001129  -0.000597  -0.125535  0.230757  0.410376  2.000000  
55.790162 0.009772  0.094816  -0.027978  0.993519  0.079635  0.081103  -0.078089  0.996702  -0.022070  -0.082593  0.015593  0.996461  0.002702  0.001166  -0.000464  -0.121927  0.235401  0.417243  2.000000  
55.791414 0.009775  0.094817  -0.027977  0.993499  0.080448  0.080554  -0.078910  0.996637  -0.022094  -0.082060  0.015594  0.996505  0.002654  0.001193  -0.000245  -0.114804  0.249116  0.430774  2.000000  
55.792661 0.009778  0.094818  -0.027977  0.993477  0.081260  0.080004  -0.079732  0.996571  -0.022118  -0.081527  0.015595  0.996549  0.002599  0.001170  -0.000139  -0.111673  0.258198  0.444193  2.000000  
55.793911 0.009781  0.094819  -0.027977  0.993443  0.082074  0.079587  -0.080553  0.996504  -0.022151  -0.081127  0.015595  0.996582  0.002581  0.001155  -0.000026  -0.103778  0.265392  0.454310  2.000000  
55.794911 0.009782  0.094819  -0.027975  0.993437  0.082682  0.079041  -0.081170  0.996454  -0.022157  -0.080593  0.015596  0.996625  0.002521  0.001127  0.000145  -0.100951  0.276688  0.464792  2.000000  
55.796158 0.009785  0.094820  -0.027974  0.993412  0.083494  0.078492  -0.081991  0.996386  -0.022178  -0.080060  0.015596  0.996668  0.002477  0.001062  0.000281  -0.093841  0.290543  0.478533  2.000000  
55.797414 0.009788  0.094820  -0.027972  0.993387  0.084296  0.077952  -0.082813  0.996321  -0.022078  -0.079526  0.015476  0.996713  0.002458  0.001019  0.000504  -0.086747  0.300074  0.492750  2.000000  
55.798661 0.009791  0.094821  -0.027970  0.993371  0.085107  0.077269  -0.083635  0.996252  -0.022086  -0.078859  0.015477  0.996766  0.002395  0.000908  0.000635  -0.083393  0.315375  0.508278  2.000000  
55.799909 0.009794  0.094821  -0.027967  0.993354  0.085917  0.076587  -0.084458  0.996182  -0.022093  -0.078192  0.015478  0.996818  0.002356  0.000823  0.000813  -0.080256  0.329017  0.521799  2.000000  
55.801157 0.009796  0.094822  -0.027964  0.993319  0.086932  0.075899  -0.085485  0.996094  -0.022115  -0.077525  0.015479  0.996870  0.002287  0.000700  0.001003  -0.073084  0.347097  0.535140  2.000000  
55.802165 0.009798  0.094822  -0.027963  0.993307  0.087529  0.075365  -0.086102  0.996044  -0.021995  -0.076992  0.015358  0.996913  0.002225  0.000608  0.001051  -0.065885  0.359069  0.546350  2.000000  
55.803435 0.009800  0.094821  -0.027961  0.993279  0.088542  0.074545  -0.087130  0.995954  -0.022002  -0.076191  0.015359  0.996975  0.002120  0.000455  0.001221  -0.063159  0.377107  0.566324  2.000000  
55.804663 0.009802  0.094821  -0.027958  0.993268  0.089350  0.073729  -0.087953  0.995882  -0.021993  -0.075391  0.015360  0.997036  0.002069  0.000328  0.001331  -0.059383  0.395507  0.573362  2.000000  
55.805667 0.009804  0.094820  -0.027957  0.993245  0.090160  0.073047  -0.088775  0.995809  -0.021994  -0.074724  0.015361  0.997086  0.002046  0.000228  0.001460  -0.060271  0.413726  0.586933  2.000000  
55.806912 0.009806  0.094819  -0.027954  0.993222  0.091162  0.072105  -0.089804  0.995719  -0.021865  -0.073790  0.015241  0.997157  0.001953  0.000075  0.001590  -0.053422  0.436506  0.607285  2.000000  
55.807913 0.009807  0.094818  -0.027952  0.993215  0.091767  0.071427  -0.090422  0.995664  -0.021849  -0.073123  0.015242  0.997206  0.001887  -0.000027  0.001691  -0.049113  0.450538  0.607758  2.000000  
55.809164 0.009808  0.094817  -0.027950  0.993180  0.092779  0.070608  -0.091449  0.995570  -0.021849  -0.072322  0.015243  0.997265  0.001803  -0.000182  0.001780  -0.050366  0.468287  0.627456  2.000000  
55.810166 0.009809  0.094816  -0.027948  0.993181  0.093374  0.069808  -0.092068  0.995516  -0.021698  -0.071521  0.015123  0.997324  0.001734  -0.000259  0.001832  -0.041875  0.486281  0.627221  2.000000  
55.811413 0.009810  0.094813  -0.027946  0.993152  0.094384  0.068856  -0.093097  0.995421  -0.021682  -0.070587  0.015124  0.997391  0.001573  -0.000442  0.001871  -0.042575  0.509001  0.640738  2.000000  
55.812416 0.009811  0.094812  -0.027944  0.993122  0.095194  0.068174  -0.093919  0.995344  -0.021676  -0.069920  0.015124  0.997438  0.001501  -0.000575  0.001824  -0.039262  0.522673  0.654237  2.000000  
55.813659 0.009812  0.094810  -0.027942  0.993098  0.096202  0.067088  -0.094948  0.995247  -0.021645  -0.068852  0.015126  0.997512  0.001370  -0.000747  0.001820  -0.040092  0.545577  0.669168  2.000000  
55.814661 0.009812  0.094808  -0.027941  0.993094  0.096805  0.066278  -0.095567  0.995188  -0.021610  -0.068051  0.015126  0.997567  0.001257  -0.000879  0.001747  -0.035639  0.558961  0.668916  2.000000  
55.815662 0.009813  0.094806  -0.027940  0.993060  0.097614  0.065596  -0.096389  0.995109  -0.021600  -0.067383  0.015127  0.997612  0.001155  -0.001027  0.001745  -0.036404  0.573220  0.683218  2.000000  
55.816907 0.009813  0.094804  -0.027938  0.993023  0.098624  0.064644  -0.097417  0.995010  -0.021576  -0.066449  0.015128  0.997675  0.001037  -0.001192  0.001701  -0.036423  0.590627  0.689179  2.000000  
55.817908 0.009814  0.094802  -0.027937  0.992995  0.099432  0.063829  -0.098240  0.994929  -0.021550  -0.065648  0.015129  0.997728  0.000944  -0.001272  0.001641  -0.037070  0.608617  0.702549  2.000000  
55.818914 0.009814  0.094800  -0.027935  0.992986  0.100034  0.063018  -0.098859  0.994869  -0.021510  -0.064847  0.015130  0.997781  0.000836  -0.001426  0.001636  -0.036378  0.622432  0.701235  2.000000  
55.820164 0.009813  0.094797  -0.027934  0.992953  0.101049  0.061921  -0.099888  0.994764  -0.021589  -0.063779  0.015252  0.997848  0.000671  -0.001562  0.001579  -0.040957  0.645355  0.714895  2.000000  
55.821416 0.009813  0.094795  -0.027932  0.992896  0.102262  0.060832  -0.101121  0.994641  -0.021557  -0.062710  0.015253  0.997915  0.000544  -0.001670  0.001496  -0.041360  0.663286  0.728166  2.000000  
55.822418 0.009813  0.094793  -0.027932  0.992862  0.103069  0.060017  -0.101944  0.994557  -0.021526  -0.061909  0.015254  0.997965  0.000407  -0.001753  0.001408  -0.041382  0.672698  0.735306  2.000000  
55.823666 0.009812  0.094790  -0.027931  0.992822  0.104083  0.058920  -0.102972  0.994450  -0.021598  -0.060841  0.015376  0.998029  0.000296  -0.001780  0.001319  -0.045383  0.695045  0.741546  2.000000  
55.824915 0.009811  0.094788  -0.027931  0.992758  0.105295  0.057831  -0.104205  0.994322  -0.021559  -0.059772  0.015377  0.998094  0.000158  -0.001836  0.001182  -0.046244  0.713468  0.762141  2.000000  
55.826164 0.009810  0.094786  -0.027931  0.992684  0.106516  0.056861  -0.105437  0.994190  -0.021652  -0.058837  0.015498  0.998147  0.000038  -0.001848  0.001028  -0.050658  0.722693  0.775775  2.000000  
55.827286 0.009810  0.094785  -0.027931  0.992643  0.107329  0.056034  -0.106260  0.994101  -0.021734  -0.058036  0.015620  0.998192  -0.000082  -0.001839  0.000896  -0.058099  0.733172  0.772425  2.000000  
55.828449 0.009809  0.094783  -0.027931  0.992572  0.108540  0.054945  -0.107492  0.993969  -0.021688  -0.056967  0.015621  0.998254  -0.000213  -0.001829  0.000769  -0.058525  0.749021  0.788330  2.000000  
55.829661 0.009807  0.094781  -0.027932  0.992521  0.109553  0.053847  -0.108521  0.993856  -0.021749  -0.055899  0.015743  0.998312  -0.000348  -0.001789  0.000589  -0.062437  0.761804  0.796147  2.000000  
55.831021 0.009807  0.094780  -0.027932  0.992445  0.110771  0.052744  -0.109753  0.993719  -0.021819  -0.054830  0.015865  0.998370  -0.000448  -0.001704  0.000424  -0.066020  0.774255  0.799610  2.000000  
55.832220 0.009806  0.094779  -0.027933  0.992383  0.111785  0.051779  -0.110780  0.993604  -0.021890  -0.053895  0.015987  0.998419  -0.000509  -0.001638  0.000292  -0.074027  0.780325  0.807999  2.000000  
55.833408 0.009805  0.094778  -0.027933  0.992302  0.113001  0.050676  -0.112012  0.993464  -0.021955  -0.052826  0.016109  0.998474  -0.000581  -0.001518  0.000191  -0.077898  0.794146  0.816973  2.000000  
55.834421 0.009805  0.094778  -0.027934  0.992235  0.114015  0.049711  -0.113039  0.993346  -0.022021  -0.051891  0.016231  0.998521  -0.000622  -0.001418  0.000031  -0.082250  0.804541  0.829709  2.000000  
55.835429 0.009804  0.094777  -0.027934  0.992182  0.114832  0.048868  -0.113861  0.993248  -0.022212  -0.051089  0.016474  0.998558  -0.000627  -0.001288  -0.000020  -0.089769  0.809019  0.829457  2.000000  
55.836671 0.009804  0.094777  -0.027935  0.992095  0.116047  0.047765  -0.115093  0.993105  -0.022270  -0.050020  0.016596  0.998610  -0.000619  -0.001138  -0.000206  -0.097509  0.813687  0.836406  2.000000  
55.837673 0.009803  0.094777  -0.027937  0.992022  0.117059  0.046799  -0.116119  0.992984  -0.022330  -0.049084  0.016718  0.998655  -0.000618  -0.000986  -0.000349  -0.101742  0.822893  0.850007  2.000000  
55.838912 0.009803  0.094777  -0.027938  0.991929  0.118279  0.045681  -0.117351  0.992836  -0.022503  -0.048015  0.016961  0.998703  -0.000587  -0.000808  -0.000472  -0.109549  0.832472  0.857101  2.000000  
55.839916 0.009803  0.094778  -0.027939  0.991852  0.119291  0.044714  -0.118377  0.992712  -0.022560  -0.047080  0.017083  0.998745  -0.000541  -0.000679  -0.000538  -0.117760  0.837140  0.870837  2.000000  
55.841162 0.009803  0.094778  -0.027940  0.991754  0.120509  0.043596  -0.119608  0.992561  -0.022728  -0.046010  0.017326  0.998791  -0.000490  -0.000517  -0.000643  -0.125434  0.841886  0.877655  2.000000  
55.842423 0.009804  0.094780  -0.027942  0.991654  0.121727  0.042477  -0.120839  0.992408  -0.022893  -0.044941  0.017569  0.998835  -0.000395  -0.000293  -0.000778  -0.133033  0.846241  0.884062  2.000000  
55.843671 0.009804  0.094781  -0.027943  0.991551  0.122944  0.041358  -0.122070  0.992254  -0.023056  -0.043872  0.017813  0.998878  -0.000282  -0.000108  -0.000791  -0.140701  0.851132  0.891025  2.000000  
55.844907 0.009804  0.094782  -0.027945  0.991446  0.124161  0.040238  -0.123300  0.992098  -0.023216  -0.042802  0.018056  0.998920  -0.000212  0.000071  -0.000899  -0.148759  0.856247  0.905011  2.000000  
55.845909 0.009805  0.094783  -0.027946  0.991358  0.125170  0.039271  -0.124325  0.991969  -0.023261  -0.041867  0.018178  0.998958  -0.000134  0.000225  -0.000936  -0.151565  0.858234  0.910931  2.000000  
55.847156 0.009805  0.094784  -0.027948  0.991222  0.126589  0.038146  -0.125759  0.991784  -0.023424  -0.040797  0.018421  0.998998  -0.000048  0.000377  -0.001020  -0.159464  0.863077  0.924553  2.000000  
55.848165 0.009806  0.094785  -0.027950  0.991129  0.127602  0.037162  -0.126785  0.991650  -0.023585  -0.039861  0.018664  0.999031  0.000048  0.000510  -0.001113  -0.167480  0.868007  0.938260  2.000000  
55.849415 0.009806  0.094787  -0.027951  0.991013  0.128816  0.036041  -0.128014  0.991488  -0.023734  -0.038792  0.018907  0.999068  0.000103  0.000604  -0.001153  -0.174946  0.872599  0.944876  2.000000  
55.850657 0.009807  0.094788  -0.027953  0.990895  0.130029  0.034920  -0.129243  0.991325  -0.023881  -0.037722  0.019150  0.999105  0.000187  0.000756  -0.001239  -0.177976  0.872842  0.944846  2.000000  
