1-Time 2-Px 3-Py 4-Pz 5-R11 6-R21 7-R31 8-R12 9-R22 10-R32 11-R13 12-R23 13-R33 14-Vx 15-Vy 16-Vz 17-Wx 18-Wy 19-Wz 20-state 21-PR11 22-PR21 23-PR31 24-PR12 25-PR22 26-PR32 27-PR13 28-PR23 29-PR33 
69.432802 0.005553  0.096310  -0.004096  0.995470  0.044908  0.083801  -0.046144  0.998852  0.012872  -0.083127  -0.016680  0.996399  -0.001310  -0.000261  -0.001088  0.000000  0.000000  0.000000  2.000000  
69.433804 0.005551  0.096309  -0.004097  0.995470  0.044908  0.083801  -0.046144  0.998852  0.012872  -0.083127  -0.016680  0.996399  -0.001323  -0.000258  -0.001054  0.000000  0.000000  0.000000  2.000000  
69.434805 0.005551  0.096309  -0.004098  0.995449  0.045111  0.083937  -0.046349  0.998843  0.012848  -0.083260  -0.016680  0.996388  -0.001271  -0.000255  -0.001057  0.000000  0.000000  0.000000  2.000000  
69.435808 0.005550  0.096309  -0.004099  0.995418  0.045313  0.084206  -0.046552  0.998834  0.012818  -0.083527  -0.016680  0.996366  -0.001220  -0.000252  -0.001059  0.000000  0.000000  0.000000  2.000000  
69.437053 0.005550  0.096308  -0.004100  0.995365  0.045717  0.084611  -0.046961  0.998815  0.012765  -0.083927  -0.016679  0.996332  -0.001071  -0.000262  -0.001025  0.000000  0.000000  0.000000  2.000000  
69.438303 0.005551  0.096307  -0.004101  0.995333  0.045918  0.084879  -0.047165  0.998806  0.012735  -0.084193  -0.016679  0.996310  -0.000944  -0.000324  -0.001000  0.000000  0.000000  0.000000  2.000000  
69.439306 0.005551  0.096306  -0.004102  0.995310  0.045904  0.085151  -0.047164  0.998805  0.012843  -0.084460  -0.016799  0.996285  -0.000811  -0.000366  -0.001019  0.000000  0.000000  0.000000  2.000000  
69.440308 0.005552  0.096306  -0.004103  0.995300  0.046109  0.085154  -0.047368  0.998795  0.012826  -0.084460  -0.016799  0.996285  -0.000641  -0.000325  -0.000973  0.000000  0.000000  0.000000  2.000000  
69.441318 0.005554  0.096306  -0.004104  0.995279  0.046313  0.085290  -0.047573  0.998786  0.012802  -0.084593  -0.016799  0.996274  -0.000478  -0.000338  -0.000970  0.000000  0.000000  0.000000  2.000000  
69.442557 0.005555  0.096305  -0.004104  0.995248  0.046711  0.085434  -0.047982  0.998765  0.012882  -0.084727  -0.016920  0.996261  -0.000270  -0.000368  -0.000928  0.000000  0.000000  0.000000  2.000000  
69.443559 0.005557  0.096304  -0.004105  0.995216  0.046912  0.085703  -0.048186  0.998756  0.012851  -0.084993  -0.016919  0.996238  -0.000010  -0.000394  -0.000888  0.000000  0.000000  0.000000  2.000000  
69.444807 0.005560  0.096304  -0.004105  0.995152  0.047512  0.086116  -0.048799  0.998725  0.012900  -0.085393  -0.017040  0.996202  0.000288  -0.000415  -0.000818  0.000000  0.000000  0.000000  2.000000  
69.446057 0.005564  0.096304  -0.004104  0.995086  0.047914  0.086654  -0.049206  0.998706  0.012838  -0.085926  -0.017039  0.996156  0.000634  -0.000376  -0.000674  0.000000  0.000000  0.000000  2.000000  
69.447061 0.005566  0.096304  -0.004104  0.995031  0.048318  0.087058  -0.049614  0.998687  0.012782  -0.086326  -0.017038  0.996121  0.000867  -0.000396  -0.000567  0.000000  0.000000  0.000000  2.000000  
69.448311 0.005569  0.096304  -0.004103  0.994965  0.048928  0.087466  -0.050227  0.998657  0.012708  -0.086726  -0.017038  0.996086  0.001169  -0.000383  -0.000409  0.000000  0.000000  0.000000  2.000000  
69.449560 0.005570  0.096303  -0.004102  0.994921  0.049335  0.087737  -0.050636  0.998637  0.012659  -0.086993  -0.017037  0.996063  0.001344  -0.000384  -0.000309  0.000000  0.000000  0.000000  2.000000  
69.450807 0.005572  0.096302  -0.004103  0.994877  0.049742  0.088008  -0.051044  0.998617  0.012609  -0.087259  -0.017037  0.996040  0.001439  -0.000416  -0.000290  0.000000  0.000000  0.000000  2.000000  
69.452055 0.005573  0.096302  -0.004105  0.994833  0.050148  0.088280  -0.051452  0.998596  0.012559  -0.087526  -0.017036  0.996017  0.001549  -0.000372  -0.000321  -0.003144  -0.142429  0.176872  2.000000  
69.453303 0.005574  0.096300  -0.004108  0.994776  0.050553  0.088684  -0.051860  0.998576  0.012502  -0.087926  -0.017036  0.995981  0.001575  -0.000455  -0.000422  -0.004366  -0.156145  0.190420  2.000000  
69.454311 0.005575  0.096299  -0.004111  0.994719  0.050957  0.089088  -0.052268  0.998556  0.012444  -0.088326  -0.017035  0.995946  0.001618  -0.000444  -0.000565  -0.005591  -0.169832  0.203932  2.000000  
69.455553 0.005577  0.096298  -0.004114  0.994651  0.051567  0.089495  -0.052880  0.998524  0.012368  -0.088725  -0.017035  0.995910  0.001626  -0.000480  -0.000741  -0.007345  -0.186656  0.222502  2.000000  
69.456559 0.005578  0.096297  -0.004118  0.994605  0.051765  0.089897  -0.053083  0.998514  0.012328  -0.089125  -0.017034  0.995875  0.001637  -0.000535  -0.000939  -0.008046  -0.201779  0.230972  2.000000  
69.457802 0.005579  0.096295  -0.004123  0.994547  0.052170  0.090301  -0.053491  0.998493  0.012270  -0.089525  -0.017033  0.995839  0.001561  -0.000634  -0.001212  -0.009290  -0.215523  0.244550  2.000000  
69.458808 0.005580  0.096294  -0.004127  0.994524  0.052373  0.090437  -0.053695  0.998482  0.012244  -0.089658  -0.017033  0.995827  0.001456  -0.000710  -0.001510  -0.009904  -0.220128  0.251357  2.000000  
69.460055 0.005581  0.096291  -0.004133  0.994478  0.052780  0.090708  -0.054103  0.998461  0.012192  -0.089925  -0.017033  0.995803  0.001316  -0.000841  -0.001824  -0.011120  -0.233871  0.264935  2.000000  
69.461061 0.005581  0.096290  -0.004137  0.994455  0.052983  0.090844  -0.054307  0.998450  0.012167  -0.090058  -0.017033  0.995791  0.001151  -0.000957  -0.002217  -0.011738  -0.238503  0.271772  2.000000  
69.462317 0.005582  0.096287  -0.004143  0.994408  0.053389  0.091115  -0.054715  0.998429  0.012115  -0.090325  -0.017032  0.995767  0.001003  -0.001145  -0.002712  -0.012967  -0.247577  0.285227  2.000000  
69.463557 0.005582  0.096284  -0.004149  0.994373  0.053602  0.091377  -0.054919  0.998419  0.011960  -0.090591  -0.016911  0.995745  0.000904  -0.001297  -0.003064  -0.017690  -0.256792  0.292121  2.000000  
69.464557 0.005583  0.096281  -0.004154  0.994349  0.053805  0.091512  -0.055123  0.998408  0.011934  -0.090724  -0.016911  0.995732  0.000821  -0.001468  -0.003460  -0.017730  -0.256795  0.292121  2.000000  
69.465558 0.005583  0.096278  -0.004160  0.994325  0.053800  0.091778  -0.055121  0.998409  0.011919  -0.090991  -0.016910  0.995708  0.000776  -0.001657  -0.003856  -0.017207  -0.256701  0.285247  2.000000  
69.466559 0.005584  0.096275  -0.004166  0.994302  0.054015  0.091907  -0.055325  0.998399  0.011772  -0.091124  -0.016789  0.995698  0.000793  -0.001782  -0.004096  -0.021175  -0.250209  0.283095  2.000000  
69.467560 0.005585  0.096272  -0.004172  0.994266  0.054216  0.092176  -0.055529  0.998388  0.011738  -0.091391  -0.016789  0.995674  0.000794  -0.001915  -0.004427  -0.021435  -0.247638  0.285341  2.000000  
69.468804 0.005586  0.096269  -0.004180  0.994242  0.054430  0.092304  -0.055733  0.998378  0.011590  -0.091524  -0.016668  0.995663  0.000770  -0.002077  -0.004777  -0.029635  -0.247712  0.285422  2.000000  
69.470059 0.005587  0.096265  -0.004188  0.994230  0.054428  0.092437  -0.055732  0.998379  0.011583  -0.091657  -0.016668  0.995651  0.000677  -0.002244  -0.005103  -0.029060  -0.247561  0.278486  2.000000  
69.471318 0.005588  0.096262  -0.004197  0.994218  0.054437  0.092564  -0.055731  0.998380  0.011454  -0.091790  -0.016547  0.995641  0.000686  -0.002373  -0.005388  -0.032295  -0.245382  0.269359  2.000000  
69.472558 0.005590  0.096260  -0.004206  0.994218  0.054437  0.092564  -0.055731  0.998380  0.011454  -0.091790  -0.016547  0.995641  0.000708  -0.002429  -0.005676  -0.035439  -0.242722  0.257887  2.000000  
69.473803 0.005591  0.096257  -0.004216  0.994194  0.054640  0.092699  -0.055935  0.998369  0.011428  -0.091924  -0.016547  0.995629  0.000753  -0.002474  -0.005923  -0.034593  -0.236151  0.249000  2.000000  
69.475058 0.005593  0.096253  -0.004226  0.994182  0.054638  0.092832  -0.055935  0.998369  0.011420  -0.092057  -0.016546  0.995616  0.000783  -0.002591  -0.006266  -0.037500  -0.222544  0.235522  2.000000  
69.476305 0.005593  0.096249  -0.004237  0.994169  0.054647  0.092959  -0.055934  0.998371  0.011292  -0.092190  -0.016425  0.995606  0.000785  -0.002672  -0.006620  -0.039797  -0.208850  0.215294  2.000000  
69.477316 0.005594  0.096245  -0.004247  0.994157  0.054645  0.093092  -0.055933  0.998371  0.011284  -0.092323  -0.016425  0.995594  0.000806  -0.002800  -0.006929  -0.038930  -0.201261  0.203345  2.000000  
69.478558 0.005594  0.096241  -0.004258  0.994145  0.054643  0.093225  -0.055933  0.998371  0.011277  -0.092456  -0.016425  0.995581  0.000782  -0.002883  -0.007339  -0.037757  -0.192099  0.189772  2.000000  
69.479808 0.005595  0.096236  -0.004269  0.994145  0.054643  0.093225  -0.055933  0.998371  0.011277  -0.092456  -0.016425  0.995581  0.000792  -0.002936  -0.007593  -0.036537  -0.182858  0.176125  2.000000  
69.481061 0.005596  0.096233  -0.004280  0.994145  0.054654  0.093218  -0.055933  0.998372  0.011156  -0.092456  -0.016304  0.995583  0.000771  -0.002940  -0.007830  -0.039410  -0.173698  0.162572  2.000000  
69.482319 0.005596  0.096230  -0.004290  0.994145  0.054654  0.093218  -0.055933  0.998372  0.011156  -0.092456  -0.016304  0.995583  0.000759  -0.002889  -0.008023  0.000000  0.000000  0.000000  2.000000  
69.483559 0.005597  0.096226  -0.004300  0.994145  0.054654  0.093218  -0.055933  0.998372  0.011156  -0.092456  -0.016304  0.995583  0.000738  -0.002879  -0.008134  0.000000  0.000000  0.000000  2.000000  
69.484807 0.005597  0.096223  -0.004310  0.994145  0.054654  0.093218  -0.055933  0.998372  0.011156  -0.092456  -0.016304  0.995583  0.000688  -0.002898  -0.008267  0.000000  0.000000  0.000000  2.000000  
69.486052 0.005597  0.096219  -0.004321  0.994121  0.054858  0.093353  -0.056137  0.998361  0.011129  -0.092590  -0.016304  0.995571  0.000622  -0.002902  -0.008342  0.000000  0.000000  0.000000  2.000000  
69.487054 0.005597  0.096217  -0.004329  0.994121  0.054858  0.093353  -0.056137  0.998361  0.011129  -0.092590  -0.016304  0.995571  0.000547  -0.002925  -0.008423  0.000000  0.000000  0.000000  2.000000  
69.488054 0.005597  0.096214  -0.004337  0.994121  0.054858  0.093353  -0.056137  0.998361  0.011129  -0.092590  -0.016304  0.995571  0.000441  -0.002954  -0.008485  0.000000  0.000000  0.000000  2.000000  
69.489054 0.005597  0.096212  -0.004345  0.994121  0.054869  0.093347  -0.056137  0.998362  0.011008  -0.092590  -0.016183  0.995573  0.000359  -0.002920  -0.008490  0.000000  0.000000  0.000000  2.000000  
69.490057 0.005596  0.096210  -0.004353  0.994109  0.055074  0.093349  -0.056341  0.998351  0.010989  -0.092590  -0.016183  0.995573  0.000252  -0.002892  -0.008473  0.000000  0.000000  0.000000  2.000000  
69.491318 0.005596  0.096207  -0.004363  0.994097  0.055072  0.093482  -0.056341  0.998351  0.010981  -0.092723  -0.016183  0.995560  0.000127  -0.002770  -0.008339  0.000000  0.000000  0.000000  2.000000  
69.492558 0.005595  0.096204  -0.004373  0.994097  0.055061  0.093488  -0.056341  0.998350  0.011102  -0.092723  -0.016304  0.995558  0.000041  -0.002716  -0.008280  0.000000  0.000000  0.000000  2.000000  
69.493559 0.005594  0.096201  -0.004380  0.994085  0.055266  0.093491  -0.056545  0.998339  0.011083  -0.092723  -0.016304  0.995558  -0.000035  -0.002589  -0.008146  0.000000  0.000000  0.000000  2.000000  
69.494560 0.005593  0.096198  -0.004387  0.994073  0.055264  0.093624  -0.056544  0.998339  0.011075  -0.092856  -0.016304  0.995546  -0.000147  -0.002557  -0.008020  0.000000  0.000000  0.000000  2.000000  
69.495807 0.005592  0.096195  -0.004397  0.994049  0.055468  0.093759  -0.056748  0.998327  0.011048  -0.092989  -0.016303  0.995534  -0.000225  -0.002546  -0.007906  0.000000  0.000000  0.000000  2.000000  
69.496812 0.005591  0.096193  -0.004404  0.994036  0.055454  0.093899  -0.056748  0.998326  0.011162  -0.093123  -0.016424  0.995519  -0.000328  -0.002544  -0.007814  0.000000  0.000000  0.000000  2.000000  
69.498061 0.005590  0.096189  -0.004412  0.994024  0.055660  0.093901  -0.056952  0.998315  0.011143  -0.093123  -0.016424  0.995519  -0.000419  -0.002538  -0.007711  0.000000  0.000000  0.000000  2.000000  
69.499062 0.005590  0.096187  -0.004419  0.994012  0.055657  0.094034  -0.056952  0.998315  0.011135  -0.093256  -0.016424  0.995507  -0.000458  -0.002529  -0.007610  0.000000  0.000000  0.000000  2.000000  
69.500309 0.005590  0.096183  -0.004427  0.993988  0.055849  0.094176  -0.057156  0.998302  0.011229  -0.093389  -0.016544  0.995492  -0.000540  -0.002545  -0.007496  0.000000  0.000000  0.000000  2.000000  
69.501323 0.005589  0.096180  -0.004435  0.993988  0.055849  0.094176  -0.057156  0.998302  0.011229  -0.093389  -0.016544  0.995492  -0.000557  -0.002559  -0.007412  0.000000  0.000000  0.000000  2.000000  
69.502558 0.005588  0.096176  -0.004443  0.993975  0.055836  0.094316  -0.057155  0.998301  0.011343  -0.093522  -0.016665  0.995478  -0.000623  -0.002623  -0.007286  0.000000  0.000000  0.000000  2.000000  
69.503560 0.005588  0.096174  -0.004448  0.993964  0.056041  0.094318  -0.057359  0.998289  0.011323  -0.093522  -0.016665  0.995478  -0.000620  -0.002650  -0.007101  0.000000  0.000000  0.000000  2.000000  
69.504805 0.005587  0.096169  -0.004455  0.993951  0.056027  0.094458  -0.057359  0.998288  0.011437  -0.093655  -0.016785  0.995463  -0.000643  -0.002749  -0.006887  0.000000  0.000000  0.000000  2.000000  
69.506053 0.005586  0.096165  -0.004461  0.993914  0.056228  0.094726  -0.057562  0.998277  0.011402  -0.093922  -0.016785  0.995438  -0.000697  -0.002839  -0.006673  0.000000  0.000000  0.000000  2.000000  
69.507058 0.005585  0.096162  -0.004466  0.993902  0.056226  0.094859  -0.057561  0.998277  0.011394  -0.094055  -0.016785  0.995425  -0.000655  -0.002897  -0.006475  0.000000  0.000000  0.000000  2.000000  
69.508306 0.005584  0.096158  -0.004472  0.993889  0.056212  0.094999  -0.057560  0.998276  0.011507  -0.094188  -0.016905  0.995411  -0.000650  -0.002929  -0.006229  0.000000  0.000000  0.000000  2.000000  
69.509307 0.005583  0.096155  -0.004477  0.993865  0.056416  0.095134  -0.057764  0.998264  0.011480  -0.094321  -0.016905  0.995398  -0.000685  -0.002961  -0.006078  0.000000  0.000000  0.000000  2.000000  
69.510322 0.005581  0.096152  -0.004482  0.993865  0.056416  0.095134  -0.057764  0.998264  0.011480  -0.094321  -0.016905  0.995398  -0.000709  -0.002975  -0.005877  0.000000  0.000000  0.000000  2.000000  
69.511323 0.005580  0.096149  -0.004488  0.993852  0.056402  0.095274  -0.057764  0.998263  0.011593  -0.094455  -0.017026  0.995384  -0.000770  -0.003016  -0.005786  0.000000  0.000000  0.000000  2.000000  
69.512557 0.005578  0.096144  -0.004494  0.993839  0.056400  0.095407  -0.057763  0.998263  0.011586  -0.094588  -0.017025  0.995371  -0.000864  -0.003071  -0.005683  0.000000  0.000000  0.000000  2.000000  
69.513811 0.005576  0.096141  -0.004500  0.993839  0.056388  0.095414  -0.057763  0.998262  0.011707  -0.094588  -0.017146  0.995369  -0.000961  -0.003123  -0.005533  0.000000  0.000000  0.000000  2.000000  
69.515057 0.005573  0.096136  -0.004506  0.993827  0.056386  0.095547  -0.057762  0.998262  0.011699  -0.094721  -0.017146  0.995356  -0.001090  -0.003185  -0.005363  0.000000  0.000000  0.000000  2.000000  
69.516313 0.005571  0.096133  -0.004512  0.993802  0.056577  0.095689  -0.057966  0.998249  0.011793  -0.094854  -0.017266  0.995341  -0.001196  -0.003175  -0.005151  0.000000  0.000000  0.000000  2.000000  
69.517560 0.005568  0.096128  -0.004518  0.993789  0.056563  0.095829  -0.057965  0.998248  0.011906  -0.094987  -0.017387  0.995327  -0.001387  -0.003236  -0.005017  0.000000  0.000000  0.000000  2.000000  
69.518560 0.005565  0.096125  -0.004522  0.993789  0.056563  0.095829  -0.057965  0.998248  0.011906  -0.094987  -0.017387  0.995327  -0.001516  -0.003236  -0.004944  0.000000  0.000000  0.000000  2.000000  
69.519806 0.005561  0.096120  -0.004528  0.993777  0.056561  0.095962  -0.057965  0.998248  0.011898  -0.095121  -0.017387  0.995314  -0.001747  -0.003318  -0.004899  0.000000  0.000000  0.000000  2.000000  
69.521052 0.005556  0.096115  -0.004534  0.993777  0.056549  0.095969  -0.057965  0.998246  0.012019  -0.095121  -0.017507  0.995312  -0.001958  -0.003356  -0.004870  0.000000  0.000000  0.000000  2.000000  
69.522055 0.005553  0.096111  -0.004539  0.993777  0.056549  0.095969  -0.057965  0.998246  0.012019  -0.095121  -0.017507  0.995312  -0.002182  -0.003418  -0.004870  0.000000  0.000000  0.000000  2.000000  
69.523057 0.005548  0.096107  -0.004543  0.993789  0.056332  0.095973  -0.057760  0.998256  0.012160  -0.095121  -0.017628  0.995310  -0.002367  -0.003473  -0.004838  0.000000  0.000000  0.000000  2.000000  
69.524308 0.005544  0.096102  -0.004549  0.993776  0.056330  0.096106  -0.057759  0.998257  0.012153  -0.095254  -0.017628  0.995297  -0.002625  -0.003525  -0.004742  0.000000  0.000000  0.000000  2.000000  
69.525558 0.005539  0.096097  -0.004554  0.993776  0.056330  0.096106  -0.057759  0.998257  0.012153  -0.095254  -0.017628  0.995297  -0.002822  -0.003560  -0.004716  0.000000  0.000000  0.000000  2.000000  
69.526809 0.005533  0.096093  -0.004559  0.993776  0.056318  0.096113  -0.057759  0.998255  0.012274  -0.095254  -0.017749  0.995295  -0.003096  -0.003589  -0.004627  0.000000  0.000000  0.000000  2.000000  
69.527809 0.005528  0.096089  -0.004563  0.993776  0.056318  0.096113  -0.057759  0.998255  0.012274  -0.095254  -0.017749  0.995295  -0.003341  -0.003669  -0.004549  0.000000  0.000000  0.000000  2.000000  
69.528811 0.005523  0.096085  -0.004567  0.993776  0.056318  0.096113  -0.057759  0.998255  0.012274  -0.095254  -0.017749  0.995295  -0.003511  -0.003693  -0.004461  0.000000  0.000000  0.000000  2.000000  
69.530057 0.005517  0.096080  -0.004572  0.993776  0.056307  0.096120  -0.057759  0.998254  0.012395  -0.095254  -0.017869  0.995293  -0.003762  -0.003745  -0.004361  0.000000  0.000000  0.000000  2.000000  
69.531320 0.005510  0.096075  -0.004577  0.993776  0.056307  0.096120  -0.057759  0.998254  0.012395  -0.095254  -0.017869  0.995293  -0.004100  -0.003855  -0.004295  0.000000  0.000000  0.000000  2.000000  
69.532557 0.005504  0.096070  -0.004581  0.993788  0.056101  0.096117  -0.057555  0.998265  0.012415  -0.095254  -0.017869  0.995293  -0.004281  -0.003907  -0.004237  0.000000  0.000000  0.000000  2.000000  
69.533806 0.005496  0.096063  -0.004586  0.993788  0.056089  0.096124  -0.057555  0.998264  0.012536  -0.095254  -0.017990  0.995290  -0.004543  -0.004035  -0.004170  0.000000  0.000000  0.000000  2.000000  
69.534807 0.005490  0.096058  -0.004590  0.993788  0.056089  0.096124  -0.057555  0.998264  0.012536  -0.095254  -0.017990  0.995290  -0.004722  -0.004092  -0.004101  0.000000  0.000000  0.000000  2.000000  
69.536052 0.005483  0.096052  -0.004595  0.993788  0.056089  0.096124  -0.057555  0.998264  0.012536  -0.095254  -0.017990  0.995290  -0.004904  -0.004202  -0.004057  0.000000  0.000000  0.000000  2.000000  
69.537054 0.005477  0.096046  -0.004598  0.993788  0.056078  0.096131  -0.057555  0.998262  0.012657  -0.095254  -0.018111  0.995288  -0.005032  -0.004302  -0.003961  0.000000  0.000000  0.000000  2.000000  
69.538304 0.005469  0.096039  -0.004603  0.993788  0.056078  0.096131  -0.057555  0.998262  0.012657  -0.095254  -0.018111  0.995288  -0.005223  -0.004453  -0.003920  0.000000  0.000000  0.000000  2.000000  
69.539306 0.005464  0.096034  -0.004607  0.993801  0.056069  0.096004  -0.057555  0.998260  0.012785  -0.095121  -0.018232  0.995299  -0.005342  -0.004550  -0.003872  0.000000  0.000000  0.000000  2.000000  
69.540307 0.005458  0.096028  -0.004610  0.993801  0.056069  0.096004  -0.057555  0.998260  0.012785  -0.095121  -0.018232  0.995299  -0.005414  -0.004663  -0.003783  0.000000  0.000000  0.000000  2.000000  
69.541318 0.005452  0.096023  -0.004613  0.993801  0.056069  0.096004  -0.057555  0.998260  0.012785  -0.095121  -0.018232  0.995299  -0.005513  -0.004795  -0.003712  0.000000  0.000000  0.000000  2.000000  
69.542555 0.005445  0.096016  -0.004617  0.993801  0.056057  0.096011  -0.057555  0.998259  0.012907  -0.095121  -0.018353  0.995297  -0.005633  -0.004945  -0.003614  0.000000  0.000000  0.000000  2.000000  
69.543559 0.005439  0.096010  -0.004620  0.993801  0.056057  0.096011  -0.057555  0.998259  0.012907  -0.095121  -0.018353  0.995297  -0.005680  -0.005064  -0.003592  0.000000  0.000000  0.000000  2.000000  
69.544560 0.005433  0.096004  -0.004623  0.993801  0.056057  0.096011  -0.057555  0.998259  0.012907  -0.095121  -0.018353  0.995297  -0.005749  -0.005200  -0.003489  0.000000  0.000000  0.000000  2.000000  
69.545807 0.005426  0.095997  -0.004627  0.993801  0.056045  0.096018  -0.057555  0.998257  0.013028  -0.095121  -0.018473  0.995294  -0.005783  -0.005340  -0.003461  0.000000  0.000000  0.000000  2.000000  
69.546807 0.005420  0.095990  -0.004630  0.993801  0.056045  0.096018  -0.057555  0.998257  0.013028  -0.095121  -0.018473  0.995294  -0.005841  -0.005484  -0.003390  0.000000  0.000000  0.000000  2.000000  
69.547810 0.005414  0.095985  -0.004633  0.993801  0.056045  0.096018  -0.057555  0.998257  0.013028  -0.095121  -0.018473  0.995294  -0.005884  -0.005586  -0.003411  0.000000  0.000000  0.000000  2.000000  
69.549056 0.005406  0.095977  -0.004637  0.993801  0.056045  0.096018  -0.057555  0.998257  0.013028  -0.095121  -0.018473  0.995294  -0.005911  -0.005701  -0.003326  0.000000  0.000000  0.000000  2.000000  
69.550058 0.005401  0.095971  -0.004640  0.993801  0.056034  0.096025  -0.057555  0.998256  0.013149  -0.095121  -0.018594  0.995292  -0.005904  -0.005740  -0.003270  0.000000  0.000000  0.000000  2.000000  
69.551321 0.005393  0.095964  -0.004644  0.993813  0.056036  0.095892  -0.057556  0.998256  0.013156  -0.094987  -0.018594  0.995305  -0.005869  -0.005767  -0.003148  0.000000  0.000000  0.000000  2.000000  
69.552560 0.005386  0.095956  -0.004648  0.993813  0.056036  0.095892  -0.057556  0.998256  0.013156  -0.094987  -0.018594  0.995305  -0.005900  -0.005841  -0.003117  0.000000  0.000000  0.000000  2.000000  
69.553807 0.005379  0.095949  -0.004651  0.993813  0.056036  0.095892  -0.057556  0.998256  0.013156  -0.094987  -0.018594  0.995305  -0.005856  -0.005859  -0.003077  0.000000  0.000000  0.000000  2.000000  
69.555052 0.005372  0.095942  -0.004656  0.993813  0.056025  0.095899  -0.057556  0.998254  0.013278  -0.094987  -0.018715  0.995303  -0.005832  -0.005866  -0.003145  0.000000  0.000000  0.000000  2.000000  
69.556057 0.005367  0.095936  -0.004660  0.993813  0.056025  0.095899  -0.057556  0.998254  0.013278  -0.094987  -0.018715  0.995303  -0.005801  -0.005875  -0.003176  0.000000  0.000000  0.000000  2.000000  
69.557058 0.005361  0.095930  -0.004664  0.993813  0.056025  0.095899  -0.057556  0.998254  0.013278  -0.094987  -0.018715  0.995303  -0.005790  -0.005871  -0.003244  0.000000  0.000000  0.000000  2.000000  
69.558309 0.005354  0.095923  -0.004669  0.993813  0.056025  0.095899  -0.057556  0.998254  0.013278  -0.094987  -0.018715  0.995303  -0.005766  -0.005877  -0.003311  0.000000  0.000000  0.000000  2.000000  
69.559555 0.005347  0.095916  -0.004674  0.993801  0.056230  0.095901  -0.057761  0.998242  0.013258  -0.094987  -0.018715  0.995303  -0.005722  -0.005873  -0.003417  0.000000  0.000000  0.000000  2.000000  
69.560561 0.005342  0.095910  -0.004678  0.993801  0.056230  0.095901  -0.057761  0.998242  0.013258  -0.094987  -0.018715  0.995303  -0.005708  -0.005866  -0.003487  0.000000  0.000000  0.000000  2.000000  
69.561806 0.005335  0.095904  -0.004683  0.993801  0.056230  0.095901  -0.057761  0.998242  0.013258  -0.094987  -0.018715  0.995303  -0.005665  -0.005787  -0.003556  0.000000  0.000000  0.000000  2.000000  
69.562807 0.005329  0.095898  -0.004687  0.993801  0.056230  0.095901  -0.057761  0.998242  0.013258  -0.094987  -0.018715  0.995303  -0.005641  -0.005794  -0.003623  0.000000  0.000000  0.000000  2.000000  
69.563809 0.005324  0.095892  -0.004692  0.993801  0.056230  0.095901  -0.057761  0.998242  0.013258  -0.094987  -0.018715  0.995303  -0.005592  -0.005739  -0.003721  0.000000  0.000000  0.000000  2.000000  
69.564810 0.005319  0.095887  -0.004696  0.993801  0.056230  0.095901  -0.057761  0.998242  0.013258  -0.094987  -0.018715  0.995303  -0.005553  -0.005671  -0.003787  0.000000  0.000000  0.000000  2.000000  
69.566058 0.005312  0.095880  -0.004701  0.993801  0.056230  0.095901  -0.057761  0.998242  0.013258  -0.094987  -0.018715  0.995303  -0.005537  -0.005640  -0.003912  0.000000  0.000000  0.000000  2.000000  
69.567310 0.005305  0.095875  -0.004706  0.993801  0.056230  0.095901  -0.057761  0.998242  0.013258  -0.094987  -0.018715  0.995303  -0.005458  -0.005518  -0.003997  0.000000  0.000000  0.000000  2.000000  
69.568311 0.005300  0.095869  -0.004711  0.993801  0.056230  0.095901  -0.057761  0.998242  0.013258  -0.094987  -0.018715  0.995303  -0.005440  -0.005500  -0.004074  0.000000  0.000000  0.000000  2.000000  
69.569553 0.005293  0.095863  -0.004717  0.993789  0.056436  0.095904  -0.057965  0.998231  0.013238  -0.094987  -0.018715  0.995303  -0.005439  -0.005433  -0.004163  0.000000  0.000000  0.000000  2.000000  
69.570555 0.005288  0.095858  -0.004721  0.993789  0.056436  0.095904  -0.057965  0.998231  0.013238  -0.094987  -0.018715  0.995303  -0.005401  -0.005369  -0.004237  0.000000  0.000000  0.000000  2.000000  
69.571802 0.005282  0.095852  -0.004727  0.993789  0.056436  0.095904  -0.057965  0.998231  0.013238  -0.094987  -0.018715  0.995303  -0.005374  -0.005294  -0.004259  0.000000  0.000000  0.000000  2.000000  
69.572805 0.005277  0.095847  -0.004731  0.993789  0.056436  0.095904  -0.057965  0.998231  0.013238  -0.094987  -0.018715  0.995303  -0.005337  -0.005232  -0.004337  0.000000  0.000000  0.000000  2.000000  
69.573808 0.005271  0.095842  -0.004736  0.993789  0.056436  0.095904  -0.057965  0.998231  0.013238  -0.094987  -0.018715  0.995303  -0.005382  -0.005211  -0.004364  0.000000  0.000000  0.000000  2.000000  
69.575055 0.005264  0.095836  -0.004741  0.993789  0.056436  0.095904  -0.057965  0.998231  0.013238  -0.094987  -0.018715  0.995303  -0.005323  -0.005154  -0.004323  0.000000  0.000000  0.000000  2.000000  
69.576303 0.005257  0.095830  -0.004746  0.993777  0.056433  0.096037  -0.057965  0.998231  0.013230  -0.095121  -0.018715  0.995290  -0.005346  -0.005115  -0.004348  0.000000  0.000000  0.000000  2.000000  
69.577314 0.005252  0.095825  -0.004751  0.993777  0.056433  0.096037  -0.057965  0.998231  0.013230  -0.095121  -0.018715  0.995290  -0.005321  -0.005060  -0.004334  0.000000  0.000000  0.000000  2.000000  
69.578322 0.005247  0.095819  -0.004755  0.993777  0.056433  0.096037  -0.057965  0.998231  0.013230  -0.095121  -0.018715  0.995290  -0.005321  -0.005030  -0.004348  0.000000  0.000000  0.000000  2.000000  
69.579557 0.005240  0.095813  -0.004761  0.993777  0.056433  0.096037  -0.057965  0.998231  0.013230  -0.095121  -0.018715  0.995290  -0.005341  -0.005048  -0.004438  0.000000  0.000000  0.000000  2.000000  
69.580559 0.005234  0.095808  -0.004766  0.993777  0.056433  0.096037  -0.057965  0.998231  0.013230  -0.095121  -0.018715  0.995290  -0.005347  -0.005022  -0.004459  0.000000  0.000000  0.000000  2.000000  
69.581559 0.005229  0.095803  -0.004770  0.993765  0.056639  0.096040  -0.058169  0.998219  0.013211  -0.095121  -0.018715  0.995290  -0.005339  -0.005044  -0.004449  0.000000  0.000000  0.000000  2.000000  
69.582807 0.005222  0.095796  -0.004775  0.993765  0.056639  0.096040  -0.058169  0.998219  0.013211  -0.095121  -0.018715  0.995290  -0.005391  -0.005047  -0.004446  0.000000  0.000000  0.000000  2.000000  
69.583807 0.005216  0.095791  -0.004780  0.993765  0.056639  0.096040  -0.058169  0.998219  0.013211  -0.095121  -0.018715  0.995290  -0.005420  -0.005074  -0.004465  0.000000  0.000000  0.000000  2.000000  
69.585057 0.005209  0.095784  -0.004785  0.993765  0.056639  0.096040  -0.058169  0.998219  0.013211  -0.095121  -0.018715  0.995290  -0.005439  -0.005091  -0.004388  0.000000  0.000000  0.000000  2.000000  
69.586316 0.005202  0.095778  -0.004790  0.993765  0.056639  0.096040  -0.058169  0.998219  0.013211  -0.095121  -0.018715  0.995290  -0.005485  -0.005134  -0.004320  0.000000  0.000000  0.000000  2.000000  
69.587560 0.005194  0.095771  -0.004795  0.993765  0.056639  0.096040  -0.058169  0.998219  0.013211  -0.095121  -0.018715  0.995290  -0.005571  -0.005183  -0.004303  0.000000  0.000000  0.000000  2.000000  
69.588803 0.005187  0.095764  -0.004800  0.993765  0.056627  0.096047  -0.058169  0.998218  0.013332  -0.095121  -0.018835  0.995288  -0.005604  -0.005230  -0.004272  0.000000  0.000000  0.000000  2.000000  
69.589808 0.005181  0.095758  -0.004805  0.993765  0.056627  0.096047  -0.058169  0.998218  0.013332  -0.095121  -0.018835  0.995288  -0.005666  -0.005287  -0.004321  0.000000  0.000000  0.000000  2.000000  
69.591058 0.005173  0.095751  -0.004810  0.993753  0.056832  0.096049  -0.058374  0.998206  0.013312  -0.095121  -0.018835  0.995288  -0.005709  -0.005311  -0.004306  0.000000  0.000000  0.000000  2.000000  
69.592305 0.005165  0.095744  -0.004815  0.993753  0.056832  0.096049  -0.058374  0.998206  0.013312  -0.095121  -0.018835  0.995288  -0.005801  -0.005413  -0.004316  0.000000  0.000000  0.000000  2.000000  
69.593313 0.005159  0.095737  -0.004820  0.993753  0.056832  0.096049  -0.058374  0.998206  0.013312  -0.095121  -0.018835  0.995288  -0.005860  -0.005468  -0.004356  0.000000  0.000000  0.000000  2.000000  
69.594319 0.005152  0.095731  -0.004825  0.993753  0.056832  0.096049  -0.058374  0.998206  0.013312  -0.095121  -0.018835  0.995288  -0.005909  -0.005513  -0.004305  0.000000  0.000000  0.000000  2.000000  
69.595556 0.005145  0.095724  -0.004830  0.993753  0.056832  0.096049  -0.058374  0.998206  0.013312  -0.095121  -0.018835  0.995288  -0.005968  -0.005584  -0.004295  0.000000  0.000000  0.000000  2.000000  
69.596557 0.005138  0.095718  -0.004835  0.993753  0.056832  0.096049  -0.058374  0.998206  0.013312  -0.095121  -0.018835  0.995288  -0.006057  -0.005667  -0.004355  0.000000  0.000000  0.000000  2.000000  
69.597560 0.005131  0.095711  -0.004840  0.993741  0.057038  0.096052  -0.058578  0.998194  0.013292  -0.095121  -0.018835  0.995288  -0.006132  -0.005751  -0.004363  0.000000  0.000000  0.000000  2.000000  
69.598807 0.005123  0.095704  -0.004845  0.993741  0.057038  0.096052  -0.058578  0.998194  0.013292  -0.095121  -0.018835  0.995288  -0.006184  -0.005814  -0.004348  0.000000  0.000000  0.000000  2.000000  
69.600056 0.005115  0.095696  -0.004851  0.993741  0.057038  0.096052  -0.058578  0.998194  0.013292  -0.095121  -0.018835  0.995288  -0.006252  -0.005922  -0.004432  0.000000  0.000000  0.000000  2.000000  
69.601321 0.005106  0.095687  -0.004857  0.993741  0.057026  0.096059  -0.058578  0.998193  0.013413  -0.095121  -0.018956  0.995285  -0.006372  -0.006065  -0.004511  0.000000  0.000000  0.000000  2.000000  
69.602561 0.005098  0.095679  -0.004863  0.993741  0.057026  0.096059  -0.058578  0.998193  0.013413  -0.095121  -0.018956  0.995285  -0.006429  -0.006148  -0.004545  0.000000  0.000000  0.000000  2.000000  
69.603804 0.005089  0.095671  -0.004869  0.993729  0.057232  0.096062  -0.058783  0.998181  0.013393  -0.095121  -0.018956  0.995285  -0.006509  -0.006237  -0.004641  0.000000  0.000000  0.000000  2.000000  
69.605057 0.005081  0.095662  -0.004875  0.993729  0.057232  0.096062  -0.058783  0.998181  0.013393  -0.095121  -0.018956  0.995285  -0.006595  -0.006333  -0.004653  0.000000  0.000000  0.000000  2.000000  
69.606310 0.005072  0.095654  -0.004882  0.993729  0.057232  0.096062  -0.058783  0.998181  0.013393  -0.095121  -0.018956  0.995285  -0.006625  -0.006402  -0.004707  0.000000  0.000000  0.000000  2.000000  
69.607558 0.005063  0.095645  -0.004888  0.993741  0.057234  0.095929  -0.058784  0.998181  0.013401  -0.094987  -0.018956  0.995298  -0.006673  -0.006476  -0.004734  0.000000  0.000000  0.000000  2.000000  
69.608807 0.005054  0.095637  -0.004894  0.993741  0.057234  0.095929  -0.058784  0.998181  0.013401  -0.094987  -0.018956  0.995298  -0.006746  -0.006529  -0.004741  0.000000  0.000000  0.000000  2.000000  
69.610057 0.005046  0.095628  -0.004900  0.993729  0.057440  0.095932  -0.058988  0.998169  0.013381  -0.094987  -0.018956  0.995298  -0.006749  -0.006578  -0.004783  0.000000  0.000000  0.000000  2.000000  
69.611322 0.005037  0.095620  -0.004906  0.993729  0.057440  0.095932  -0.058988  0.998169  0.013381  -0.094987  -0.018956  0.995298  -0.006814  -0.006623  -0.004784  0.000000  0.000000  0.000000  2.000000  
69.612561 0.005029  0.095612  -0.004912  0.993729  0.057440  0.095932  -0.058988  0.998169  0.013381  -0.094987  -0.018956  0.995298  -0.006839  -0.006660  -0.004843  0.000000  0.000000  0.000000  2.000000  
69.613807 0.005020  0.095604  -0.004918  0.993729  0.057440  0.095932  -0.058988  0.998169  0.013381  -0.094987  -0.018956  0.995298  -0.006868  -0.006687  -0.004862  0.000000  0.000000  0.000000  2.000000  
69.614808 0.005014  0.095597  -0.004923  0.993729  0.057440  0.095932  -0.058988  0.998169  0.013381  -0.094987  -0.018956  0.995298  -0.006898  -0.006714  -0.004882  0.000000  0.000000  0.000000  2.000000  
69.616057 0.005005  0.095589  -0.004929  0.993717  0.057634  0.095941  -0.059193  0.998156  0.013483  -0.094987  -0.019077  0.995296  -0.006863  -0.006695  -0.004899  0.000000  0.000000  0.000000  2.000000  
69.617308 0.004997  0.095580  -0.004936  0.993717  0.057634  0.095941  -0.059193  0.998156  0.013483  -0.094987  -0.019077  0.995296  -0.006883  -0.006697  -0.004959  0.000000  0.000000  0.000000  2.000000  
69.618319 0.004990  0.095574  -0.004941  0.993717  0.057634  0.095941  -0.059193  0.998156  0.013483  -0.094987  -0.019077  0.995296  -0.006846  -0.006660  -0.004932  0.000000  0.000000  0.000000  2.000000  
69.619558 0.004982  0.095566  -0.004947  0.993717  0.057634  0.095941  -0.059193  0.998156  0.013483  -0.094987  -0.019077  0.995296  -0.006816  -0.006616  -0.004958  0.000000  0.000000  0.000000  2.000000  
69.620803 0.004974  0.095558  -0.004953  0.993717  0.057634  0.095941  -0.059193  0.998156  0.013483  -0.094987  -0.019077  0.995296  -0.006793  -0.006590  -0.004937  0.000000  0.000000  0.000000  2.000000  
69.622053 0.004966  0.095550  -0.004959  0.993717  0.057634  0.095941  -0.059193  0.998156  0.013483  -0.094987  -0.019077  0.995296  -0.006723  -0.006511  -0.004940  0.000000  0.000000  0.000000  2.000000  
69.623058 0.004960  0.095545  -0.004964  0.993717  0.057634  0.095941  -0.059193  0.998156  0.013483  -0.094987  -0.019077  0.995296  -0.006661  -0.006452  -0.004897  0.000000  0.000000  0.000000  2.000000  
69.624307 0.004952  0.095537  -0.004969  0.993717  0.057634  0.095941  -0.059193  0.998156  0.013483  -0.094987  -0.019077  0.995296  -0.006642  -0.006402  -0.004888  0.000000  0.000000  0.000000  2.000000  
69.625307 0.004946  0.095532  -0.004974  0.993717  0.057634  0.095941  -0.059193  0.998156  0.013483  -0.094987  -0.019077  0.995296  -0.006593  -0.006337  -0.004894  0.000000  0.000000  0.000000  2.000000  
69.626556 0.004939  0.095524  -0.004980  0.993717  0.057634  0.095941  -0.059193  0.998156  0.013483  -0.094987  -0.019077  0.995296  -0.006474  -0.006254  -0.004896  0.000000  0.000000  0.000000  2.000000  
69.627563 0.004932  0.095519  -0.004985  0.993717  0.057634  0.095941  -0.059193  0.998156  0.013483  -0.094987  -0.019077  0.995296  -0.006439  -0.006193  -0.004884  0.000000  0.000000  0.000000  2.000000  
69.628807 0.004925  0.095513  -0.004991  0.993717  0.057634  0.095941  -0.059193  0.998156  0.013483  -0.094987  -0.019077  0.995296  -0.006328  -0.006071  -0.004845  0.000000  0.000000  0.000000  2.000000  
69.629813 0.004920  0.095507  -0.004995  0.993717  0.057634  0.095941  -0.059193  0.998156  0.013483  -0.094987  -0.019077  0.995296  -0.006231  -0.005950  -0.004792  0.000000  0.000000  0.000000  2.000000  
69.631056 0.004913  0.095501  -0.005001  0.993717  0.057634  0.095941  -0.059193  0.998156  0.013483  -0.094987  -0.019077  0.995296  -0.006168  -0.005858  -0.004744  0.000000  0.000000  0.000000  2.000000  
69.632057 0.004907  0.095496  -0.005005  0.993717  0.057634  0.095941  -0.059193  0.998156  0.013483  -0.094987  -0.019077  0.995296  -0.006070  -0.005737  -0.004691  0.000000  0.000000  0.000000  2.000000  
69.633058 0.004902  0.095491  -0.005009  0.993717  0.057634  0.095941  -0.059193  0.998156  0.013483  -0.094987  -0.019077  0.995296  -0.005992  -0.005633  -0.004642  0.000000  0.000000  0.000000  2.000000  
69.634318 0.004896  0.095485  -0.005015  0.993717  0.057634  0.095941  -0.059193  0.998156  0.013483  -0.094987  -0.019077  0.995296  -0.005851  -0.005514  -0.004587  0.000000  0.000000  0.000000  2.000000  
69.635558 0.004889  0.095479  -0.005020  0.993717  0.057634  0.095941  -0.059193  0.998156  0.013483  -0.094987  -0.019077  0.995296  -0.005741  -0.005380  -0.004516  0.000000  0.000000  0.000000  2.000000  
69.636812 0.004883  0.095473  -0.005025  0.993717  0.057634  0.095941  -0.059193  0.998156  0.013483  -0.094987  -0.019077  0.995296  -0.005615  -0.005246  -0.004477  0.000000  0.000000  0.000000  2.000000  
69.638059 0.004877  0.095467  -0.005031  0.993705  0.057839  0.095944  -0.059397  0.998144  0.013463  -0.094987  -0.019077  0.995296  -0.005480  -0.005118  -0.004474  0.000000  0.000000  0.000000  2.000000  
69.639308 0.004871  0.095462  -0.005036  0.993705  0.057839  0.095944  -0.059397  0.998144  0.013463  -0.094987  -0.019077  0.995296  -0.005359  -0.005004  -0.004391  0.000000  0.000000  0.000000  2.000000  
69.640558 0.004866  0.095456  -0.005041  0.993718  0.057842  0.095811  -0.059398  0.998143  0.013471  -0.094854  -0.019077  0.995308  -0.005218  -0.004916  -0.004333  0.000000  0.000000  0.000000  2.000000  
69.641805 0.004860  0.095451  -0.005046  0.993718  0.057842  0.095811  -0.059398  0.998143  0.013471  -0.094854  -0.019077  0.995308  -0.005105  -0.004794  -0.004290  0.000000  0.000000  0.000000  2.000000  
69.643058 0.004855  0.095445  -0.005051  0.993718  0.057842  0.095811  -0.059398  0.998143  0.013471  -0.094854  -0.019077  0.995308  -0.004954  -0.004698  -0.004239  0.000000  0.000000  0.000000  2.000000  
69.644059 0.004851  0.095442  -0.005054  0.993718  0.057842  0.095811  -0.059398  0.998143  0.013471  -0.094854  -0.019077  0.995308  -0.004812  -0.004609  -0.004180  0.000000  0.000000  0.000000  2.000000  
69.645312 0.004846  0.095436  -0.005059  0.993718  0.057842  0.095811  -0.059398  0.998143  0.013471  -0.094854  -0.019077  0.995308  -0.004711  -0.004557  -0.004133  0.000000  0.000000  0.000000  2.000000  
69.646557 0.004842  0.095431  -0.005064  0.993730  0.057844  0.095678  -0.059399  0.998143  0.013479  -0.094721  -0.019078  0.995321  -0.004523  -0.004470  -0.004081  0.000000  0.000000  0.000000  2.000000  
69.647560 0.004837  0.095427  -0.005067  0.993730  0.057844  0.095678  -0.059399  0.998143  0.013479  -0.094721  -0.019078  0.995321  -0.004460  -0.004399  -0.004012  0.000000  0.000000  0.000000  2.000000  
69.648807 0.004833  0.095422  -0.005072  0.993730  0.057833  0.095685  -0.059399  0.998142  0.013600  -0.094721  -0.019198  0.995319  -0.004324  -0.004326  -0.003982  0.000000  0.000000  0.000000  2.000000  
69.650057 0.004829  0.095418  -0.005077  0.993730  0.057833  0.095685  -0.059399  0.998142  0.013600  -0.094721  -0.019198  0.995319  -0.004185  -0.004240  -0.003925  0.000000  0.000000  0.000000  2.000000  
69.651320 0.004824  0.095413  -0.005081  0.993743  0.057835  0.095552  -0.059400  0.998142  0.013608  -0.094588  -0.019199  0.995331  -0.004025  -0.004155  -0.003825  0.000000  0.000000  0.000000  2.000000  
