1-Time 2-Px 3-Py 4-Pz 5-R11 6-R21 7-R31 8-R12 9-R22 10-R32 11-R13 12-R23 13-R33 14-Vx 15-Vy 16-Vz 17-Wx 18-Wy 19-Wz 20-state 21-PR11 22-PR21 23-PR31 24-PR12 25-PR22 26-PR32 27-PR13 28-PR23 29-PR33 
156.361759 0.001451  0.090597  -0.022591  0.995838  -0.077167  -0.048502  0.052943  0.056594  0.996993  -0.074190  -0.995411  0.060444  0.000235  0.000316  0.000169  0.000000  0.000000  0.000000  2.000000  
156.363012 0.001452  0.090597  -0.022591  0.995848  -0.077028  -0.048519  0.052944  0.056481  0.996999  -0.074057  -0.995428  0.060324  0.000283  0.000294  0.000202  0.000000  0.000000  0.000000  2.000000  
156.364261 0.001452  0.090595  -0.022591  0.995836  -0.076918  -0.048938  0.053355  0.056456  0.996978  -0.073923  -0.995438  0.060325  0.000257  0.000173  0.000150  0.000000  0.000000  0.000000  2.000000  
156.365264 0.001452  0.090593  -0.022591  0.995843  -0.076537  -0.049382  0.053766  0.056325  0.996964  -0.073523  -0.995475  0.060206  0.000269  0.000032  0.000169  0.000000  0.000000  0.000000  2.000000  
156.366521 0.001452  0.090592  -0.022591  0.995841  -0.076294  -0.049808  0.054177  0.056308  0.996942  -0.073256  -0.995494  0.060207  0.000241  -0.000110  0.000163  0.000000  0.000000  0.000000  2.000000  
156.367762 0.001453  0.090590  -0.022590  0.995849  -0.076039  -0.050030  0.054383  0.056307  0.996931  -0.072989  -0.995514  0.060208  0.000275  -0.000225  0.000238  0.000000  0.000000  0.000000  2.000000  
156.368770 0.001453  0.090588  -0.022589  0.995836  -0.075930  -0.050448  0.054794  0.056283  0.996910  -0.072856  -0.995523  0.060209  0.000305  -0.000391  0.000226  0.000000  0.000000  0.000000  2.000000  
156.370011 0.001454  0.090586  -0.022589  0.995814  -0.075947  -0.050868  0.055204  0.056130  0.996896  -0.072856  -0.995531  0.060088  0.000344  -0.000581  0.000221  0.000000  0.000000  0.000000  2.000000  
156.371012 0.001456  0.090584  -0.022589  0.995800  -0.075837  -0.051286  0.055614  0.056107  0.996875  -0.072722  -0.995540  0.060089  0.000455  -0.000723  0.000213  0.000000  0.000000  0.000000  2.000000  
156.372262 0.001458  0.090582  -0.022588  0.995776  -0.075745  -0.051901  0.056230  0.056188  0.996836  -0.072589  -0.995543  0.060210  0.000565  -0.000887  0.000251  0.000000  0.000000  0.000000  2.000000  
156.373264 0.001459  0.090580  -0.022589  0.995770  -0.075380  -0.052541  0.056847  0.056164  0.996802  -0.072188  -0.995572  0.060212  0.000645  -0.001054  0.000226  0.000000  0.000000  0.000000  2.000000  
156.374517 0.001462  0.090577  -0.022590  0.995763  -0.075016  -0.053180  0.057463  0.056141  0.996768  -0.071788  -0.995601  0.060213  0.000752  -0.001246  0.000130  0.000000  0.000000  0.000000  2.000000  
156.375526 0.001462  0.090575  -0.022591  0.995735  -0.074796  -0.054017  0.058284  0.056094  0.996723  -0.071521  -0.995620  0.060215  0.000771  -0.001440  0.000022  0.040621  0.170944  0.084138  2.000000  
156.376761 0.001462  0.090571  -0.022593  0.995727  -0.074432  -0.054657  0.058901  0.056072  0.996688  -0.071121  -0.995648  0.060216  0.000724  -0.001758  -0.000163  0.042118  0.192518  0.096387  2.000000  
156.378009 0.001462  0.090566  -0.022595  0.995719  -0.074061  -0.055306  0.059518  0.055929  0.996659  -0.070720  -0.995684  0.060097  0.000687  -0.002014  -0.000286  0.047666  0.214017  0.108616  2.000000  
156.379257 0.001462  0.090561  -0.022596  0.995710  -0.073697  -0.055945  0.060134  0.055907  0.996623  -0.070320  -0.995712  0.060099  0.000643  -0.002297  -0.000336  0.045058  0.235538  0.120860  2.000000  
156.380258 0.001462  0.090556  -0.022597  0.995692  -0.073465  -0.056577  0.060751  0.055878  0.996588  -0.070053  -0.995731  0.060100  0.000642  -0.002485  -0.000366  0.046141  0.254631  0.127518  2.000000  
156.381262 0.001461  0.090552  -0.022596  0.995695  -0.073089  -0.057011  0.061162  0.055872  0.996563  -0.069653  -0.995759  0.060102  0.000625  -0.002692  -0.000332  0.047959  0.278179  0.140759  2.000000  
156.382515 0.001462  0.090547  -0.022594  0.995684  -0.072725  -0.057651  0.061779  0.055852  0.996526  -0.069252  -0.995787  0.060103  0.000611  -0.002877  -0.000265  0.045307  0.299583  0.152948  2.000000  
156.383518 0.001462  0.090543  -0.022591  0.995687  -0.072356  -0.058076  0.062191  0.055967  0.996494  -0.068852  -0.995807  0.060226  0.000603  -0.003034  -0.000124  0.042162  0.314171  0.165545  2.000000  
156.384762 0.001462  0.090538  -0.022588  0.995685  -0.071859  -0.058724  0.062808  0.055956  0.996456  -0.068318  -0.995844  0.060228  0.000562  -0.003258  0.000090  0.039495  0.335999  0.182302  2.000000  
156.385765 0.001464  0.090534  -0.022585  0.995686  -0.071483  -0.059158  0.063219  0.055952  0.996430  -0.067917  -0.995871  0.060230  0.000518  -0.003400  0.000290  0.040387  0.350283  0.190417  2.000000  
156.387012 0.001464  0.090528  -0.022581  0.995687  -0.071107  -0.059593  0.063631  0.055948  0.996404  -0.067517  -0.995898  0.060231  0.000437  -0.003630  0.000483  0.041308  0.364960  0.203087  2.000000  
156.388012 0.001465  0.090524  -0.022578  0.995692  -0.070852  -0.059814  0.063837  0.055951  0.996391  -0.067250  -0.995916  0.060233  0.000401  -0.003764  0.000696  0.038162  0.379261  0.211243  2.000000  
156.389262 0.001467  0.090520  -0.022575  0.995714  -0.070332  -0.060051  0.064045  0.055970  0.996376  -0.066716  -0.995952  0.060235  0.000385  -0.003894  0.001012  0.038551  0.387245  0.228776  2.000000  
156.390518 0.001469  0.090515  -0.022572  0.995715  -0.069956  -0.060486  0.064456  0.055967  0.996350  -0.066315  -0.995979  0.060236  0.000420  -0.003980  0.001300  0.035363  0.401730  0.241369  2.000000  
156.391760 0.001471  0.090510  -0.022568  0.995728  -0.069569  -0.060715  0.064663  0.055979  0.996336  -0.065915  -0.996005  0.060238  0.000561  -0.004079  0.001664  0.031708  0.409587  0.254539  2.000000  
156.392760 0.001472  0.090505  -0.022565  0.995741  -0.069181  -0.060944  0.064870  0.055990  0.996322  -0.065514  -0.996032  0.060239  0.000679  -0.004157  0.002034  0.032090  0.417086  0.263136  2.000000  
156.394008 0.001474  0.090499  -0.022560  0.995758  -0.068915  -0.060960  0.064871  0.056008  0.996321  -0.065247  -0.996049  0.060241  0.000830  -0.004163  0.002420  0.030786  0.400203  0.266213  2.000000  
156.395013 0.001476  0.090495  -0.022555  0.995754  -0.068794  -0.061173  0.065076  0.056002  0.996308  -0.065114  -0.996058  0.060241  0.000958  -0.004147  0.002797  0.026384  0.396120  0.259910  2.000000  
156.396259 0.001478  0.090490  -0.022550  0.995771  -0.068528  -0.061189  0.065078  0.056019  0.996307  -0.064847  -0.996075  0.060242  0.001085  -0.004159  0.003071  0.025335  0.382472  0.260830  2.000000  
156.397265 0.001479  0.090486  -0.022545  0.995788  -0.068262  -0.061206  0.065079  0.056037  0.996305  -0.064580  -0.996092  0.060243  0.001176  -0.004174  0.003300  0.024552  0.372415  0.259042  2.000000  
156.398515 0.001481  0.090481  -0.022539  0.995814  -0.067863  -0.061230  0.065080  0.056063  0.996304  -0.064179  -0.996118  0.060245  0.001270  -0.004166  0.003456  0.023983  0.366062  0.268316  2.000000  
156.399759 0.001483  0.090475  -0.022533  0.995840  -0.067464  -0.061254  0.065082  0.056089  0.996302  -0.063779  -0.996144  0.060246  0.001359  -0.004158  0.003645  0.018463  0.346359  0.282937  2.000000  
156.400765 0.001485  0.090472  -0.022528  0.995857  -0.067198  -0.061270  0.065083  0.056106  0.996301  -0.063512  -0.996161  0.060247  0.001399  -0.004128  0.003802  0.017604  0.335685  0.290572  2.000000  
156.402014 0.001486  0.090467  -0.022521  0.995874  -0.066932  -0.061286  0.065084  0.056124  0.996300  -0.063245  -0.996178  0.060248  0.001469  -0.004095  0.004069  0.020208  0.315317  0.296301  2.000000  
156.403265 0.001489  0.090462  -0.022514  0.995895  -0.066795  -0.061081  0.064880  0.056267  0.996305  -0.063111  -0.996179  0.060370  0.001508  -0.004085  0.004273  0.014182  0.287278  0.289019  2.000000  
156.404515 0.001491  0.090459  -0.022506  0.995895  -0.066795  -0.061081  0.064880  0.056267  0.996305  -0.063111  -0.996179  0.060370  0.001552  -0.004025  0.004567  0.012621  0.263572  0.274493  2.000000  
156.405525 0.001492  0.090455  -0.022500  0.995917  -0.066650  -0.060884  0.064675  0.056289  0.996318  -0.062977  -0.996187  0.060370  0.001523  -0.003987  0.004813  0.010264  0.229121  0.272097  2.000000  
156.406762 0.001492  0.090450  -0.022492  0.995930  -0.066646  -0.060671  0.064470  0.056424  0.996323  -0.062977  -0.996180  0.060491  0.001398  -0.003957  0.005096  0.003898  0.195522  0.258506  2.000000  
156.408011 0.001492  0.090445  -0.022485  0.995939  -0.066513  -0.060679  0.064471  0.056433  0.996323  -0.062844  -0.996188  0.060492  0.001277  -0.003925  0.005307  -0.001613  0.174288  0.250790  2.000000  
156.409015 0.001491  0.090441  -0.022479  0.995947  -0.066380  -0.060687  0.064471  0.056441  0.996322  -0.062710  -0.996197  0.060492  0.001136  -0.003869  0.005462  -0.002565  0.160185  0.247059  2.000000  
156.410260 0.001490  0.090436  -0.022473  0.995969  -0.066235  -0.060490  0.064267  0.056463  0.996334  -0.062577  -0.996205  0.060493  0.000942  -0.003829  0.005431  -0.004448  0.132427  0.240379  2.000000  
156.411508 0.001489  0.090431  -0.022468  0.995977  -0.066109  -0.060490  0.064267  0.056593  0.996327  -0.062443  -0.996206  0.060614  0.000727  -0.003833  0.005350  -0.009834  0.109991  0.230154  2.000000  
156.412512 0.001487  0.090427  -0.022465  0.995977  -0.066109  -0.060490  0.064267  0.056593  0.996327  -0.062443  -0.996206  0.060614  0.000515  -0.003811  0.005246  -0.010751  0.095787  0.222091  2.000000  
156.413515 0.001486  0.090423  -0.022463  0.995990  -0.066098  -0.060285  0.064062  0.056606  0.996339  -0.062443  -0.996206  0.060614  0.000318  -0.003819  0.005131  -0.008076  0.074485  0.209974  2.000000  
156.414763 0.001484  0.090419  -0.022460  0.995982  -0.066231  -0.060277  0.064062  0.056598  0.996340  -0.062577  -0.996198  0.060613  0.000031  -0.003780  0.004889  -0.009516  0.052788  0.186021  2.000000  
156.416010 0.001482  0.090415  -0.022457  0.995995  -0.066226  -0.060063  0.063857  0.056732  0.996345  -0.062577  -0.996190  0.060734  -0.000164  -0.003701  0.004638  -0.014830  0.031319  0.176827  2.000000  
156.417015 0.001481  0.090412  -0.022454  0.995995  -0.066226  -0.060063  0.063857  0.056732  0.996345  -0.062577  -0.996190  0.060734  -0.000419  -0.003658  0.004410  0.000000  0.000000  0.000000  2.000000  
156.418267 0.001479  0.090409  -0.022451  0.996004  -0.066093  -0.060071  0.063857  0.056741  0.996345  -0.062443  -0.996199  0.060735  -0.000673  -0.003596  0.004197  0.000000  0.000000  0.000000  2.000000  
156.419518 0.001478  0.090405  -0.022448  0.996004  -0.066093  -0.060071  0.063857  0.056741  0.996345  -0.062443  -0.996199  0.060735  -0.000889  -0.003562  0.003875  0.000000  0.000000  0.000000  2.000000  
156.420762 0.001476  0.090402  -0.022445  0.996004  -0.066101  -0.060063  0.063857  0.056862  0.996338  -0.062443  -0.996191  0.060856  -0.001060  -0.003491  0.003606  0.000000  0.000000  0.000000  2.000000  
156.422013 0.001474  0.090398  -0.022443  0.995995  -0.066234  -0.060055  0.063857  0.056853  0.996338  -0.062577  -0.996183  0.060855  -0.001240  -0.003409  0.003101  0.000000  0.000000  0.000000  2.000000  
156.423264 0.001472  0.090394  -0.022442  0.995995  -0.066241  -0.060047  0.063857  0.056974  0.996331  -0.062577  -0.996176  0.060976  -0.001335  -0.003320  0.002706  0.000000  0.000000  0.000000  2.000000  
156.424264 0.001470  0.090392  -0.022442  0.995995  -0.066241  -0.060047  0.063857  0.056974  0.996331  -0.062577  -0.996176  0.060976  -0.001428  -0.003203  0.002331  0.000000  0.000000  0.000000  2.000000  
156.425523 0.001468  0.090389  -0.022442  0.995995  -0.066248  -0.060039  0.063857  0.057095  0.996324  -0.062577  -0.996168  0.061097  -0.001489  -0.003053  0.001917  0.000000  0.000000  0.000000  2.000000  
156.426762 0.001466  0.090387  -0.022442  0.996004  -0.066115  -0.060047  0.063857  0.057103  0.996324  -0.062443  -0.996177  0.061097  -0.001510  -0.002875  0.001665  0.000000  0.000000  0.000000  2.000000  
156.428010 0.001464  0.090386  -0.022442  0.996004  -0.066115  -0.060047  0.063857  0.057103  0.996324  -0.062443  -0.996177  0.061097  -0.001484  -0.002626  0.001444  0.000000  0.000000  0.000000  2.000000  
156.429010 0.001463  0.090385  -0.022442  0.996004  -0.066123  -0.060039  0.063857  0.057224  0.996317  -0.062443  -0.996169  0.061218  -0.001455  -0.002393  0.001300  0.000000  0.000000  0.000000  2.000000  
156.430260 0.001462  0.090385  -0.022443  0.995990  -0.066134  -0.060245  0.064062  0.057211  0.996305  -0.062443  -0.996169  0.061218  -0.001391  -0.002097  0.001047  0.000000  0.000000  0.000000  2.000000  
156.431508 0.001462  0.090386  -0.022444  0.995982  -0.066275  -0.060228  0.064062  0.057323  0.996298  -0.062577  -0.996153  0.061338  -0.001317  -0.001838  0.000777  0.000000  0.000000  0.000000  2.000000  
156.432512 0.001461  0.090386  -0.022445  0.995982  -0.066275  -0.060228  0.064062  0.057323  0.996298  -0.062577  -0.996153  0.061338  -0.001296  -0.001639  0.000507  0.000000  0.000000  0.000000  2.000000  
156.433513 0.001461  0.090387  -0.022447  0.995990  -0.066142  -0.060236  0.064062  0.057332  0.996298  -0.062443  -0.996162  0.061339  -0.001233  -0.001372  0.000184  0.000000  0.000000  0.000000  2.000000  
156.434524 0.001461  0.090387  -0.022448  0.995990  -0.066149  -0.060228  0.064062  0.057452  0.996291  -0.062443  -0.996154  0.061460  -0.001162  -0.001169  -0.000104  0.000000  0.000000  0.000000  2.000000  
156.435527 0.001460  0.090388  -0.022451  0.995990  -0.066149  -0.060228  0.064062  0.057452  0.996291  -0.062443  -0.996154  0.061460  -0.001060  -0.000921  -0.000420  0.000000  0.000000  0.000000  2.000000  
156.436762 0.001460  0.090388  -0.022453  0.995990  -0.066156  -0.060220  0.064062  0.057573  0.996284  -0.062443  -0.996147  0.061581  -0.000937  -0.000648  -0.000680  0.000000  0.000000  0.000000  2.000000  
156.437763 0.001460  0.090389  -0.022454  0.995990  -0.066156  -0.060220  0.064062  0.057573  0.996284  -0.062443  -0.996147  0.061581  -0.000817  -0.000439  -0.000801  0.000000  0.000000  0.000000  2.000000  
156.439011 0.001460  0.090389  -0.022455  0.995990  -0.066164  -0.060212  0.064062  0.057694  0.996277  -0.062443  -0.996139  0.061701  -0.000675  -0.000183  -0.000912  0.000000  0.000000  0.000000  2.000000  
156.440012 0.001460  0.090390  -0.022455  0.995990  -0.066164  -0.060212  0.064062  0.057694  0.996277  -0.062443  -0.996139  0.061701  -0.000525  0.000007  -0.000923  0.000000  0.000000  0.000000  2.000000  
156.441262 0.001461  0.090391  -0.022455  0.995999  -0.066038  -0.060213  0.064063  0.057824  0.996269  -0.062310  -0.996140  0.061823  -0.000347  0.000200  -0.000870  0.000000  0.000000  0.000000  2.000000  
156.442509 0.001462  0.090392  -0.022455  0.996007  -0.065905  -0.060221  0.064063  0.057832  0.996269  -0.062176  -0.996149  0.061823  -0.000186  0.000360  -0.000859  0.000000  0.000000  0.000000  2.000000  
156.443516 0.001463  0.090393  -0.022455  0.996020  -0.065893  -0.060016  0.063858  0.057846  0.996281  -0.062176  -0.996149  0.061823  -0.000023  0.000509  -0.000869  0.000000  0.000000  0.000000  2.000000  
156.444760 0.001464  0.090393  -0.022455  0.996020  -0.065900  -0.060008  0.063858  0.057966  0.996274  -0.062176  -0.996141  0.061944  0.000089  0.000557  -0.000847  0.000000  0.000000  0.000000  2.000000  
156.445760 0.001465  0.090394  -0.022455  0.996028  -0.065767  -0.060016  0.063859  0.057975  0.996274  -0.062043  -0.996149  0.061945  0.000197  0.000596  -0.000811  0.000000  0.000000  0.000000  2.000000  
156.447008 0.001466  0.090396  -0.022456  0.996028  -0.065767  -0.060016  0.063859  0.057975  0.996274  -0.062043  -0.996149  0.061945  0.000307  0.000644  -0.000790  0.000000  0.000000  0.000000  2.000000  
156.448009 0.001467  0.090396  -0.022457  0.996028  -0.065767  -0.060016  0.063859  0.057975  0.996274  -0.062043  -0.996149  0.061945  0.000409  0.000610  -0.000738  0.000000  0.000000  0.000000  2.000000  
156.449013 0.001467  0.090397  -0.022457  0.996042  -0.065755  -0.059811  0.063654  0.057989  0.996286  -0.062043  -0.996149  0.061945  0.000462  0.000627  -0.000645  0.000000  0.000000  0.000000  2.000000  
156.450263 0.001468  0.090396  -0.022458  0.996042  -0.065763  -0.059803  0.063654  0.058109  0.996279  -0.062043  -0.996142  0.062065  0.000498  0.000585  -0.000529  0.000000  0.000000  0.000000  2.000000  
156.451515 0.001468  0.090396  -0.022458  0.996042  -0.065763  -0.059803  0.063654  0.058109  0.996279  -0.062043  -0.996142  0.062065  0.000533  0.000532  -0.000335  0.000000  0.000000  0.000000  2.000000  
156.452518 0.001468  0.090396  -0.022457  0.996042  -0.065763  -0.059803  0.063654  0.058109  0.996279  -0.062043  -0.996142  0.062065  0.000513  0.000514  -0.000212  0.000000  0.000000  0.000000  2.000000  
156.453762 0.001467  0.090396  -0.022456  0.996042  -0.065763  -0.059803  0.063654  0.058109  0.996279  -0.062043  -0.996142  0.062065  0.000501  0.000441  -0.000072  0.000000  0.000000  0.000000  2.000000  
156.454762 0.001467  0.090396  -0.022456  0.996042  -0.065763  -0.059803  0.063654  0.058109  0.996279  -0.062043  -0.996142  0.062065  0.000436  0.000380  -0.000024  0.000000  0.000000  0.000000  2.000000  
156.455763 0.001466  0.090395  -0.022455  0.996055  -0.065751  -0.059598  0.063449  0.058123  0.996291  -0.062043  -0.996142  0.062065  0.000373  0.000309  -0.000013  0.000000  0.000000  0.000000  2.000000  
156.457011 0.001465  0.090394  -0.022455  0.996055  -0.065743  -0.059606  0.063449  0.058002  0.996298  -0.062043  -0.996149  0.061945  0.000256  0.000165  -0.000031  0.000000  0.000000  0.000000  2.000000  
156.458264 0.001464  0.090393  -0.022455  0.996055  -0.065743  -0.059606  0.063449  0.058002  0.996298  -0.062043  -0.996149  0.061945  0.000101  0.000071  0.000014  0.000000  0.000000  0.000000  2.000000  
156.459508 0.001464  0.090392  -0.022454  0.996063  -0.065610  -0.059614  0.063449  0.058011  0.996298  -0.061909  -0.996158  0.061945  0.000007  -0.000044  0.000053  0.000000  0.000000  0.000000  2.000000  
156.460509 0.001463  0.090392  -0.022454  0.996063  -0.065610  -0.059614  0.063449  0.058011  0.996298  -0.061909  -0.996158  0.061945  -0.000135  -0.000159  0.000105  0.000000  0.000000  0.000000  2.000000  
156.461758 0.001462  0.090391  -0.022453  0.996063  -0.065603  -0.059622  0.063449  0.057890  0.996305  -0.061909  -0.996165  0.061824  -0.000258  -0.000270  0.000257  0.000000  0.000000  0.000000  2.000000  
156.463012 0.001461  0.090390  -0.022451  0.996063  -0.065603  -0.059622  0.063449  0.057890  0.996305  -0.061909  -0.996165  0.061824  -0.000426  -0.000387  0.000392  0.000000  0.000000  0.000000  2.000000  
156.464259 0.001460  0.090389  -0.022450  0.996063  -0.065603  -0.059622  0.063449  0.057890  0.996305  -0.061909  -0.996165  0.061824  -0.000533  -0.000514  0.000545  0.000000  0.000000  0.000000  2.000000  
156.465524 0.001458  0.090387  -0.022449  0.996063  -0.065603  -0.059622  0.063449  0.057890  0.996305  -0.061909  -0.996165  0.061824  -0.000636  -0.000607  0.000576  0.000000  0.000000  0.000000  2.000000  
156.466525 0.001457  0.090387  -0.022449  0.996063  -0.065596  -0.059630  0.063449  0.057769  0.996312  -0.061909  -0.996173  0.061703  -0.000727  -0.000641  0.000582  0.000000  0.000000  0.000000  2.000000  
156.467762 0.001456  0.090385  -0.022450  0.996063  -0.065596  -0.059630  0.063449  0.057769  0.996312  -0.061909  -0.996173  0.061703  -0.000792  -0.000741  0.000458  0.000000  0.000000  0.000000  2.000000  
156.468764 0.001455  0.090385  -0.022451  0.996063  -0.065589  -0.059638  0.063449  0.057648  0.996319  -0.061909  -0.996180  0.061583  -0.000853  -0.000769  0.000376  0.000000  0.000000  0.000000  2.000000  
156.470012 0.001454  0.090383  -0.022452  0.996063  -0.065589  -0.059638  0.063449  0.057648  0.996319  -0.061909  -0.996180  0.061583  -0.000864  -0.000775  0.000235  0.000000  0.000000  0.000000  2.000000  
156.471012 0.001453  0.090383  -0.022453  0.996063  -0.065589  -0.059638  0.063449  0.057648  0.996319  -0.061909  -0.996180  0.061583  -0.000901  -0.000812  0.000158  0.000000  0.000000  0.000000  2.000000  
156.472264 0.001452  0.090382  -0.022453  0.996063  -0.065581  -0.059646  0.063449  0.057527  0.996326  -0.061909  -0.996188  0.061462  -0.000859  -0.000768  0.000092  0.000000  0.000000  0.000000  2.000000  
156.473514 0.001452  0.090382  -0.022454  0.996063  -0.065574  -0.059654  0.063449  0.057406  0.996333  -0.061909  -0.996195  0.061341  -0.000837  -0.000700  0.000057  0.000000  0.000000  0.000000  2.000000  
156.474524 0.001452  0.090382  -0.022454  0.996063  -0.065574  -0.059654  0.063449  0.057406  0.996333  -0.061909  -0.996195  0.061341  -0.000778  -0.000663  0.000054  0.000000  0.000000  0.000000  2.000000  
156.475760 0.001452  0.090382  -0.022453  0.996063  -0.065567  -0.059662  0.063449  0.057285  0.996340  -0.061909  -0.996202  0.061220  -0.000737  -0.000619  -0.000013  0.000000  0.000000  0.000000  2.000000  
156.477007 0.001452  0.090383  -0.022452  0.996063  -0.065567  -0.059662  0.063449  0.057285  0.996340  -0.061909  -0.996202  0.061220  -0.000623  -0.000538  0.000002  0.000000  0.000000  0.000000  2.000000  
156.478010 0.001452  0.090383  -0.022452  0.996063  -0.065567  -0.059662  0.063449  0.057285  0.996340  -0.061909  -0.996202  0.061220  -0.000551  -0.000470  -0.000047  0.000000  0.000000  0.000000  2.000000  
156.479264 0.001453  0.090384  -0.022452  0.996063  -0.065560  -0.059670  0.063449  0.057165  0.996347  -0.061909  -0.996210  0.061099  -0.000433  -0.000314  -0.000115  0.000000  0.000000  0.000000  2.000000  
156.480266 0.001453  0.090384  -0.022452  0.996063  -0.065560  -0.059670  0.063449  0.057165  0.996347  -0.061909  -0.996210  0.061099  -0.000319  -0.000222  -0.000186  0.000000  0.000000  0.000000  2.000000  
156.481508 0.001454  0.090385  -0.022452  0.996063  -0.065552  -0.059678  0.063449  0.057044  0.996353  -0.061909  -0.996217  0.060978  -0.000191  -0.000101  -0.000158  0.000000  0.000000  0.000000  2.000000  
156.482521 0.001455  0.090386  -0.022451  0.996063  -0.065552  -0.059678  0.063449  0.057044  0.996353  -0.061909  -0.996217  0.060978  -0.000078  0.000019  -0.000097  0.000000  0.000000  0.000000  2.000000  
156.483769 0.001456  0.090387  -0.022451  0.996063  -0.065552  -0.059678  0.063449  0.057044  0.996353  -0.061909  -0.996217  0.060978  0.000099  0.000190  0.000003  0.000000  0.000000  0.000000  2.000000  
156.485011 0.001457  0.090388  -0.022450  0.996063  -0.065545  -0.059686  0.063449  0.056923  0.996360  -0.061909  -0.996225  0.060858  0.000202  0.000308  0.000103  0.000000  0.000000  0.000000  2.000000  
156.486264 0.001458  0.090389  -0.022450  0.996063  -0.065538  -0.059694  0.063449  0.056802  0.996367  -0.061909  -0.996232  0.060737  0.000342  0.000462  0.000225  0.000000  0.000000  0.000000  2.000000  
156.487265 0.001459  0.090391  -0.022449  0.996063  -0.065538  -0.059694  0.063449  0.056802  0.996367  -0.061909  -0.996232  0.060737  0.000417  0.000560  0.000310  0.000000  0.000000  0.000000  2.000000  
156.488514 0.001460  0.090392  -0.022448  0.996063  -0.065531  -0.059702  0.063449  0.056681  0.996374  -0.061909  -0.996239  0.060616  0.000532  0.000648  0.000375  0.000000  0.000000  0.000000  2.000000  
156.489514 0.001461  0.090393  -0.022447  0.996063  -0.065531  -0.059702  0.063449  0.056681  0.996374  -0.061909  -0.996239  0.060616  0.000616  0.000744  0.000420  0.000000  0.000000  0.000000  2.000000  
156.490524 0.001462  0.090395  -0.022447  0.996063  -0.065523  -0.059710  0.063449  0.056560  0.996381  -0.061909  -0.996247  0.060495  0.000689  0.000826  0.000416  0.000000  0.000000  0.000000  2.000000  
156.491759 0.001463  0.090396  -0.022446  0.996063  -0.065516  -0.059718  0.063449  0.056439  0.996388  -0.061909  -0.996254  0.060374  0.000752  0.000897  0.000406  0.000000  0.000000  0.000000  2.000000  
156.492760 0.001464  0.090397  -0.022446  0.996063  -0.065516  -0.059718  0.063449  0.056439  0.996388  -0.061909  -0.996254  0.060374  0.000771  0.000907  0.000417  0.000000  0.000000  0.000000  2.000000  
156.494008 0.001465  0.090397  -0.022445  0.996071  -0.065376  -0.059734  0.063450  0.056327  0.996394  -0.061776  -0.996270  0.060254  0.000824  0.000924  0.000449  0.000000  0.000000  0.000000  2.000000  
156.495013 0.001466  0.090398  -0.022444  0.996071  -0.065376  -0.059734  0.063450  0.056327  0.996394  -0.061776  -0.996270  0.060254  0.000835  0.000951  0.000545  0.000000  0.000000  0.000000  2.000000  
156.496258 0.001467  0.090399  -0.022442  0.996071  -0.065369  -0.059741  0.063450  0.056206  0.996401  -0.061776  -0.996277  0.060133  0.000841  0.000940  0.000637  0.000000  0.000000  0.000000  2.000000  
156.497261 0.001467  0.090400  -0.022441  0.996071  -0.065361  -0.059749  0.063450  0.056085  0.996408  -0.061776  -0.996284  0.060012  0.000862  0.000966  0.000692  0.000000  0.000000  0.000000  2.000000  
156.498263 0.001468  0.090401  -0.022439  0.996071  -0.065354  -0.059757  0.063450  0.055965  0.996415  -0.061776  -0.996292  0.059891  0.000866  0.000962  0.000789  0.000000  0.000000  0.000000  2.000000  
156.499512 0.001469  0.090402  -0.022437  0.996079  -0.065214  -0.059773  0.063450  0.055852  0.996421  -0.061642  -0.996307  0.059771  0.000831  0.000928  0.000898  0.000000  0.000000  0.000000  2.000000  
156.500517 0.001470  0.090402  -0.022436  0.996079  -0.065207  -0.059781  0.063450  0.055731  0.996428  -0.061642  -0.996314  0.059650  0.000839  0.000884  0.000951  0.000000  0.000000  0.000000  2.000000  
156.501764 0.001470  0.090402  -0.022435  0.996093  -0.065188  -0.059584  0.063245  0.055624  0.996447  -0.061642  -0.996321  0.059529  0.000758  0.000803  0.000959  0.000000  0.000000  0.000000  2.000000  
156.503011 0.001470  0.090403  -0.022434  0.996093  -0.065181  -0.059592  0.063245  0.055503  0.996453  -0.061642  -0.996329  0.059408  0.000705  0.000730  0.000931  0.000000  0.000000  0.000000  2.000000  
156.504012 0.001470  0.090403  -0.022434  0.996101  -0.065040  -0.059608  0.063246  0.055391  0.996460  -0.061509  -0.996344  0.059288  0.000641  0.000659  0.000942  0.000000  0.000000  0.000000  2.000000  
156.505262 0.001470  0.090403  -0.022433  0.996101  -0.065033  -0.059616  0.063246  0.055270  0.996466  -0.061509  -0.996351  0.059167  0.000568  0.000579  0.000936  0.000000  0.000000  0.000000  2.000000  
156.506523 0.001470  0.090403  -0.022432  0.996088  -0.065030  -0.059836  0.063451  0.055015  0.996467  -0.061509  -0.996366  0.058926  0.000483  0.000493  0.000944  0.000000  0.000000  0.000000  2.000000  
156.507762 0.001470  0.090403  -0.022431  0.996096  -0.064890  -0.059852  0.063451  0.054902  0.996474  -0.061375  -0.996381  0.058805  0.000402  0.000447  0.000987  0.000000  0.000000  0.000000  2.000000  
156.509015 0.001470  0.090403  -0.022430  0.996096  -0.064875  -0.059868  0.063451  0.054660  0.996487  -0.061375  -0.996395  0.058563  0.000360  0.000402  0.001054  0.000000  0.000000  0.000000  2.000000  
156.510260 0.001470  0.090403  -0.022429  0.996096  -0.064861  -0.059884  0.063451  0.054419  0.996500  -0.061375  -0.996409  0.058322  0.000286  0.000304  0.000970  0.000000  0.000000  0.000000  2.000000  
156.511508 0.001470  0.090403  -0.022428  0.996104  -0.064720  -0.059899  0.063452  0.054306  0.996506  -0.061241  -0.996425  0.058201  0.000228  0.000227  0.000926  0.000000  0.000000  0.000000  2.000000  
156.512515 0.001470  0.090402  -0.022428  0.996104  -0.064713  -0.059907  0.063452  0.054185  0.996513  -0.061241  -0.996432  0.058080  0.000185  0.000154  0.000860  0.000000  0.000000  0.000000  2.000000  
156.513760 0.001470  0.090402  -0.022428  0.996112  -0.064566  -0.059931  0.063452  0.053952  0.996525  -0.061108  -0.996454  0.057839  0.000121  0.000056  0.000738  0.000000  0.000000  0.000000  2.000000  
156.515014 0.001470  0.090402  -0.022427  0.996120  -0.064418  -0.059954  0.063453  0.053719  0.996538  -0.060974  -0.996476  0.057598  0.000079  0.000004  0.000627  0.000000  0.000000  0.000000  2.000000  
156.516259 0.001471  0.090402  -0.022427  0.996133  -0.064392  -0.059764  0.063248  0.053490  0.996563  -0.060974  -0.996490  0.057356  0.000076  -0.000047  0.000541  0.000000  0.000000  0.000000  2.000000  
156.517266 0.001471  0.090401  -0.022427  0.996142  -0.064252  -0.059780  0.063248  0.053378  0.996569  -0.060841  -0.996505  0.057236  0.000065  -0.000097  0.000501  0.000000  0.000000  0.000000  2.000000  
156.518517 0.001471  0.090401  -0.022426  0.996150  -0.064105  -0.059803  0.063249  0.053145  0.996582  -0.060707  -0.996527  0.056995  0.000082  -0.000144  0.000515  0.000000  0.000000  0.000000  2.000000  
156.519761 0.001471  0.090400  -0.022426  0.996150  -0.064097  -0.059811  0.063249  0.053024  0.996588  -0.060707  -0.996534  0.056874  0.000068  -0.000190  0.000459  0.000000  0.000000  0.000000  2.000000  
156.521011 0.001471  0.090400  -0.022426  0.996158  -0.063950  -0.059834  0.063249  0.052790  0.996601  -0.060574  -0.996556  0.056632  0.000086  -0.000215  0.000428  0.000000  0.000000  0.000000  2.000000  
156.522012 0.001472  0.090400  -0.022426  0.996166  -0.063809  -0.059849  0.063250  0.052678  0.996606  -0.060440  -0.996571  0.056512  0.000106  -0.000244  0.000404  0.000000  0.000000  0.000000  2.000000  
156.523267 0.001472  0.090400  -0.022426  0.996174  -0.063662  -0.059872  0.063250  0.052445  0.996619  -0.060307  -0.996593  0.056271  0.000127  -0.000225  0.000280  0.000000  0.000000  0.000000  2.000000  
156.524514 0.001472  0.090400  -0.022427  0.996174  -0.063647  -0.059888  0.063250  0.052203  0.996631  -0.060307  -0.996606  0.056029  0.000156  -0.000230  0.000164  0.000000  0.000000  0.000000  2.000000  
156.525523 0.001473  0.090400  -0.022428  0.996182  -0.063500  -0.059911  0.063251  0.051970  0.996644  -0.060173  -0.996628  0.055788  0.000176  -0.000212  0.000040  0.000000  0.000000  0.000000  2.000000  
156.526759 0.001473  0.090400  -0.022428  0.996203  -0.063341  -0.059728  0.063046  0.051749  0.996668  -0.060039  -0.996649  0.055546  0.000210  -0.000144  -0.000035  0.000000  0.000000  0.000000  2.000000  
156.527764 0.001474  0.090400  -0.022429  0.996211  -0.063201  -0.059743  0.063047  0.051637  0.996674  -0.059906  -0.996664  0.055426  0.000221  -0.000124  -0.000120  0.000000  0.000000  0.000000  2.000000  
156.529008 0.001474  0.090401  -0.022430  0.996219  -0.063053  -0.059766  0.063047  0.051403  0.996686  -0.059772  -0.996685  0.055184  0.000267  -0.000101  -0.000176  0.000000  0.000000  0.000000  2.000000  
156.530012 0.001475  0.090401  -0.022430  0.996219  -0.063039  -0.059781  0.063047  0.051162  0.996698  -0.059772  -0.996699  0.054943  0.000298  -0.000055  -0.000204  0.000000  0.000000  0.000000  2.000000  
156.531263 0.001475  0.090402  -0.022431  0.996227  -0.062891  -0.059804  0.063048  0.050928  0.996710  -0.059639  -0.996720  0.054701  0.000287  0.000012  -0.000269  0.000000  0.000000  0.000000  2.000000  
156.532263 0.001476  0.090402  -0.022431  0.996248  -0.062733  -0.059621  0.062843  0.050708  0.996734  -0.059505  -0.996741  0.054460  0.000323  0.000035  -0.000285  0.000000  0.000000  0.000000  2.000000  
156.533519 0.001477  0.090402  -0.022432  0.996256  -0.062579  -0.059651  0.062844  0.050353  0.996752  -0.059372  -0.996769  0.054098  0.000371  0.000102  -0.000403  0.174437  -0.009703  0.072608  2.000000  
156.534761 0.001477  0.090403  -0.022432  0.996264  -0.062431  -0.059674  0.062844  0.050120  0.996764  -0.059238  -0.996790  0.053856  0.000397  0.000146  -0.000424  0.177075  -0.009385  0.076474  2.000000  
156.535764 0.001478  0.090403  -0.022433  0.996277  -0.062406  -0.059484  0.062639  0.049891  0.996788  -0.059238  -0.996803  0.053614  0.000445  0.000193  -0.000499  0.182207  -0.016373  0.077498  2.000000  
156.537011 0.001479  0.090403  -0.022434  0.996285  -0.062259  -0.059506  0.062640  0.049658  0.996800  -0.059105  -0.996824  0.053373  0.000471  0.000256  -0.000564  0.180295  -0.023096  0.077240  2.000000  
156.538012 0.001479  0.090404  -0.022435  0.996292  -0.062111  -0.059528  0.062640  0.049424  0.996812  -0.058971  -0.996845  0.053132  0.000488  0.000259  -0.000612  0.184338  -0.022860  0.081688  2.000000  
156.539263 0.001480  0.090404  -0.022437  0.996313  -0.061946  -0.059352  0.062436  0.049083  0.996841  -0.058837  -0.996872  0.052769  0.000522  0.000327  -0.000687  0.189548  -0.029724  0.087242  2.000000  
156.540514 0.001481  0.090405  -0.022437  0.996321  -0.061792  -0.059382  0.062436  0.048728  0.996859  -0.058704  -0.996899  0.052407  0.000566  0.000393  -0.000648  0.196090  -0.029502  0.086521  2.000000  
156.541515 0.001482  0.090406  -0.022438  0.996329  -0.061644  -0.059404  0.062437  0.048495  0.996870  -0.058570  -0.996919  0.052165  0.000585  0.000398  -0.000697  0.201744  -0.029506  0.091701  2.000000  
156.542761 0.001483  0.090406  -0.022439  0.996350  -0.061487  -0.059221  0.062232  0.048274  0.996894  -0.058437  -0.996940  0.051924  0.000606  0.000416  -0.000669  0.199713  -0.035886  0.095787  2.000000  
156.543762 0.001484  0.090407  -0.022440  0.996357  -0.061339  -0.059242  0.062232  0.048040  0.996905  -0.058303  -0.996960  0.051683  0.000638  0.000471  -0.000669  0.205437  -0.036199  0.096568  2.000000  
156.545008 0.001484  0.090408  -0.022441  0.996370  -0.061308  -0.059059  0.062027  0.047690  0.996934  -0.058303  -0.996979  0.051320  0.000629  0.000484  -0.000704  0.207427  -0.043023  0.091702  2.000000  
156.546009 0.001485  0.090409  -0.022442  0.996378  -0.061160  -0.059081  0.062028  0.047457  0.996946  -0.058170  -0.996999  0.051078  0.000649  0.000491  -0.000755  0.211843  -0.035948  0.095757  2.000000  
156.547265 0.001486  0.090409  -0.022443  0.996398  -0.060996  -0.058905  0.061823  0.047115  0.996974  -0.058036  -0.997025  0.050716  0.000659  0.000489  -0.000793  0.215489  -0.042819  0.096119  2.000000  
156.548512 0.001487  0.090410  -0.022445  0.996406  -0.060841  -0.058934  0.061824  0.046760  0.996991  -0.057902  -0.997052  0.050354  0.000659  0.000501  -0.000864  0.219566  -0.042854  0.096118  2.000000  
156.549512 0.001487  0.090410  -0.022447  0.996427  -0.060684  -0.058750  0.061619  0.046539  0.997014  -0.057769  -0.997071  0.050112  0.000670  0.000521  -0.000948  0.223179  -0.049468  0.100920  2.000000  
156.550523 0.001488  0.090411  -0.022447  0.996427  -0.060670  -0.058765  0.061619  0.046297  0.997025  -0.057769  -0.997084  0.049870  0.000679  0.000519  -0.000985  0.224958  -0.050126  0.097221  2.000000  
156.551762 0.001489  0.090411  -0.022449  0.996447  -0.060506  -0.058588  0.061414  0.045955  0.997054  -0.057635  -0.997109  0.049508  0.000690  0.000528  -0.001002  0.232804  -0.057069  0.097616  2.000000  
156.552762 0.001490  0.090412  -0.022450  0.996455  -0.060359  -0.058609  0.061415  0.045721  0.997065  -0.057502  -0.997129  0.049266  0.000700  0.000526  -0.001041  0.230885  -0.056386  0.101250  2.000000  
156.554013 0.001490  0.090412  -0.022452  0.996475  -0.060195  -0.058433  0.061210  0.045379  0.997093  -0.057368  -0.997155  0.048904  0.000700  0.000526  -0.001041  0.236474  -0.063782  0.102434  2.000000  
156.555263 0.001491  0.090412  -0.022454  0.996487  -0.060164  -0.058249  0.061005  0.045029  0.997121  -0.057368  -0.997172  0.048541  0.000687  0.000476  -0.001090  0.240244  -0.070975  0.098323  2.000000  
156.556515 0.001492  0.090413  -0.022456  0.996508  -0.060001  -0.058072  0.060800  0.044686  0.997149  -0.057235  -0.997198  0.048178  0.000707  0.000473  -0.001167  0.244198  -0.070966  0.098247  2.000000  
156.557762 0.001493  0.090413  -0.022458  0.996528  -0.059837  -0.057895  0.060596  0.044344  0.997177  -0.057101  -0.997223  0.047816  0.000694  0.000423  -0.001216  0.249924  -0.077260  0.097792  2.000000  
156.559015 0.001494  0.090414  -0.022460  0.996528  -0.059816  -0.057917  0.060596  0.043981  0.997193  -0.057101  -0.997240  0.047453  0.000705  0.000443  -0.001301  0.251961  -0.078155  0.094068  2.000000  
156.560262 0.001495  0.090414  -0.022462  0.996548  -0.059653  -0.057740  0.060391  0.043639  0.997220  -0.056967  -0.997265  0.047090  0.000712  0.000391  -0.001429  0.253567  -0.084165  0.098086  2.000000  
156.561295 0.001496  0.090414  -0.022465  0.996568  -0.059490  -0.057562  0.060186  0.043296  0.997248  -0.056834  -0.997290  0.046728  0.000699  0.000362  -0.001521  0.259058  -0.091687  0.099110  2.000000  
156.562522 0.001497  0.090415  -0.022467  0.996580  -0.059460  -0.057379  0.059981  0.042945  0.997275  -0.056834  -0.997306  0.046365  0.000708  0.000339  -0.001515  0.263355  -0.092020  0.094675  2.000000  
156.563760 0.001498  0.090415  -0.022469  0.996612  -0.059288  -0.056996  0.059571  0.042615  0.997314  -0.056700  -0.997331  0.046002  0.000756  0.000353  -0.001588  0.264562  -0.105018  0.094596  2.000000  
156.565009 0.001499  0.090415  -0.022472  0.996632  -0.059119  -0.056825  0.059366  0.042151  0.997346  -0.056567  -0.997361  0.045519  0.000784  0.000327  -0.001658  0.272240  -0.111886  0.094890  2.000000  
156.566010 0.001500  0.090416  -0.022474  0.996652  -0.058963  -0.056640  0.059162  0.041929  0.997367  -0.056433  -0.997379  0.045277  0.000793  0.000325  -0.001695  0.270459  -0.112853  0.095650  2.000000  
156.567016 0.001501  0.090416  -0.022476  0.996664  -0.058934  -0.056457  0.058957  0.041578  0.997394  -0.056433  -0.997396  0.044914  0.000816  0.000329  -0.001763  0.274103  -0.119986  0.091450  2.000000  
156.568267 0.001502  0.090416  -0.022479  0.996696  -0.058763  -0.056073  0.058547  0.041248  0.997432  -0.056299  -0.997419  0.044552  0.000805  0.000301  -0.001858  0.273430  -0.133871  0.092117  2.000000  
156.569515 0.001504  0.090417  -0.022482  0.996715  -0.058594  -0.055902  0.058342  0.040784  0.997463  -0.056166  -0.997448  0.044068  0.000908  0.000292  -0.001931  0.281501  -0.133856  0.092034  2.000000  
156.570525 0.001505  0.090417  -0.022484  0.996747  -0.058431  -0.055512  0.057932  0.040573  0.997496  -0.056032  -0.997467  0.043826  0.000927  0.000288  -0.002007  0.280610  -0.147406  0.097122  2.000000  
156.571762 0.001507  0.090417  -0.022487  0.996766  -0.058262  -0.055340  0.057727  0.040109  0.997526  -0.055899  -0.997495  0.043343  0.000971  0.000266  -0.002111  0.284827  -0.147512  0.097101  2.000000  
156.573012 0.001509  0.090418  -0.022490  0.996797  -0.058093  -0.054957  0.057317  0.039778  0.997563  -0.055765  -0.997518  0.042980  0.000981  0.000265  -0.002150  0.288241  -0.161404  0.097749  2.000000  
156.574262 0.001510  0.090418  -0.022494  0.996828  -0.057917  -0.054580  0.056907  0.039325  0.997605  -0.055632  -0.997547  0.042496  0.001080  0.000285  -0.002223  0.293086  -0.173738  0.097494  2.000000  
156.575523 0.001513  0.090419  -0.022496  0.996859  -0.057747  -0.054196  0.056497  0.038994  0.997641  -0.055498  -0.997569  0.042134  0.001151  0.000332  -0.002224  0.290958  -0.182052  0.098513  2.000000  
156.576763 0.001515  0.090420  -0.022500  0.996890  -0.057572  -0.053819  0.056087  0.038541  0.997682  -0.055364  -0.997597  0.041650  0.001270  0.000328  -0.002331  0.294746  -0.189045  0.098782  2.000000  
156.578010 0.001518  0.090421  -0.022503  0.996932  -0.057396  -0.053229  0.055472  0.038221  0.997728  -0.055231  -0.997620  0.041287  0.001343  0.000376  -0.002336  0.295253  -0.208071  0.098866  2.000000  
156.579257 0.001520  0.090421  -0.022506  0.996962  -0.057221  -0.052851  0.055062  0.037768  0.997768  -0.055097  -0.997647  0.040804  0.001441  0.000437  -0.002358  0.298944  -0.214771  0.103553  2.000000  
156.580270 0.001522  0.090422  -0.022508  0.996992  -0.057059  -0.052460  0.054652  0.037557  0.997799  -0.054964  -0.997664  0.040562  0.001564  0.000444  -0.002425  0.300717  -0.230417  0.105000  2.000000  
