1-Time 2-Px 3-Py 4-Pz 5-R11 6-R21 7-R31 8-R12 9-R22 10-R32 11-R13 12-R23 13-R33 14-Vx 15-Vy 16-Vz 17-Wx 18-Wy 19-Wz 20-state 21-PR11 22-PR21 23-PR31 24-PR12 25-PR22 26-PR32 27-PR13 28-PR23 29-PR33 
108.895088 0.008710  0.099078  -0.015777  0.998980  0.026330  -0.036685  -0.026742  0.999584  -0.010788  0.036385  0.011758  0.999269  0.000056  -0.000194  -0.000399  0.000000  0.000000  0.000000  2.000000  
108.896343 0.008711  0.099077  -0.015778  0.998974  0.026536  -0.036687  -0.026948  0.999579  -0.010780  0.036385  0.011758  0.999269  0.000088  -0.000223  -0.000472  0.000000  0.000000  0.000000  2.000000  
108.897590 0.008713  0.099078  -0.015778  0.998959  0.026739  -0.036956  -0.027153  0.999573  -0.010765  0.036653  0.011758  0.999259  0.000219  -0.000207  -0.000423  0.000000  0.000000  0.000000  2.000000  
108.898841 0.008715  0.099078  -0.015778  0.998938  0.027143  -0.037231  -0.027564  0.999561  -0.010864  0.036920  0.011879  0.999248  0.000391  -0.000164  -0.000391  0.000000  0.000000  0.000000  2.000000  
108.899842 0.008718  0.099079  -0.015778  0.998927  0.027347  -0.037367  -0.027770  0.999555  -0.010853  0.037054  0.011879  0.999243  0.000603  -0.000093  -0.000376  0.000000  0.000000  0.000000  2.000000  
108.900849 0.008721  0.099079  -0.015779  0.998917  0.027551  -0.037503  -0.027975  0.999550  -0.010841  0.037187  0.011879  0.999238  0.000754  -0.000080  -0.000402  0.000000  0.000000  0.000000  2.000000  
108.902112 0.008724  0.099079  -0.015780  0.998901  0.027749  -0.037776  -0.028181  0.999543  -0.010947  0.037455  0.012000  0.999226  0.001007  -0.000059  -0.000444  0.000000  0.000000  0.000000  2.000000  
108.903114 0.008728  0.099080  -0.015781  0.998879  0.028157  -0.038048  -0.028592  0.999531  -0.010924  0.037722  0.012000  0.999216  0.001269  0.000016  -0.000438  0.000000  0.000000  0.000000  2.000000  
108.904342 0.008732  0.099079  -0.015782  0.998857  0.028561  -0.038323  -0.029003  0.999519  -0.011022  0.037990  0.012121  0.999205  0.001494  0.000008  -0.000502  0.000000  0.000000  0.000000  2.000000  
108.905592 0.008736  0.099080  -0.015784  0.998835  0.028965  -0.038598  -0.029414  0.999505  -0.011119  0.038257  0.012242  0.999193  0.001748  0.000050  -0.000592  0.000000  0.000000  0.000000  2.000000  
108.906841 0.008739  0.099080  -0.015787  0.998812  0.029373  -0.038870  -0.029825  0.999494  -0.011095  0.038524  0.012242  0.999183  0.002013  0.000113  -0.000765  0.000000  0.000000  0.000000  2.000000  
108.908089 0.008743  0.099081  -0.015791  0.998785  0.029775  -0.039279  -0.030235  0.999480  -0.011189  0.038926  0.012363  0.999166  0.002268  0.000198  -0.000946  -0.025735  0.126990  0.176804  2.000000  
108.909340 0.008747  0.099082  -0.015794  0.998756  0.030181  -0.039685  -0.030646  0.999468  -0.011160  0.039327  0.012362  0.999150  0.002516  0.000307  -0.001137  -0.021563  0.137119  0.185052  2.000000  
108.910341 0.008750  0.099083  -0.015797  0.998733  0.030585  -0.039960  -0.031057  0.999454  -0.011257  0.039594  0.012483  0.999138  0.002673  0.000382  -0.001287  -0.025095  0.146280  0.198750  2.000000  
108.911342 0.008754  0.099084  -0.015800  0.998704  0.030991  -0.040366  -0.031468  0.999442  -0.011228  0.039995  0.012483  0.999122  0.002883  0.000460  -0.001494  -0.024780  0.155354  0.205552  2.000000  
108.912592 0.008759  0.099087  -0.015804  0.998675  0.031393  -0.040775  -0.031879  0.999428  -0.011319  0.040396  0.012604  0.999104  0.003126  0.000614  -0.001792  -0.028296  0.169055  0.219247  2.000000  
108.913592 0.008763  0.099089  -0.015808  0.998652  0.031593  -0.041178  -0.032084  0.999421  -0.011298  0.040797  0.012604  0.999088  0.003240  0.000707  -0.002031  -0.028230  0.178006  0.219084  2.000000  
108.914841 0.008768  0.099090  -0.015811  0.998616  0.032201  -0.041590  -0.032700  0.999400  -0.011381  0.041198  0.012725  0.999070  0.003308  0.000764  -0.002224  -0.031469  0.191785  0.239679  2.000000  
108.916090 0.008773  0.099092  -0.015814  0.998580  0.032600  -0.042133  -0.033110  0.999386  -0.011467  0.041733  0.012846  0.999046  0.003438  0.000864  -0.002357  -0.035191  0.205342  0.246376  2.000000  
108.917095 0.008777  0.099093  -0.015816  0.998549  0.033001  -0.042542  -0.033521  0.999371  -0.011558  0.042134  0.012967  0.999028  0.003482  0.000913  -0.002421  -0.034581  0.214510  0.260034  2.000000  
108.918339 0.008781  0.099094  -0.015819  0.998513  0.033395  -0.043089  -0.033931  0.999355  -0.011764  0.042669  0.013209  0.999002  0.003481  0.000975  -0.002555  -0.042408  0.232703  0.266801  2.000000  
108.919342 0.008784  0.099095  -0.015820  0.998476  0.033795  -0.043633  -0.034342  0.999340  -0.011849  0.043204  0.013330  0.998977  0.003499  0.001026  -0.002542  -0.046109  0.246236  0.273462  2.000000  
108.920589 0.008787  0.099095  -0.015822  0.998438  0.034188  -0.044180  -0.034752  0.999323  -0.012055  0.043738  0.013572  0.998951  0.003450  0.001022  -0.002534  -0.053206  0.262307  0.284726  2.000000  
108.921600 0.008790  0.099095  -0.015823  0.998406  0.034589  -0.044590  -0.035162  0.999308  -0.012144  0.044139  0.013693  0.998932  0.003433  0.001016  -0.002445  -0.057339  0.273437  0.293713  2.000000  
108.922842 0.008794  0.099096  -0.015825  0.998368  0.034982  -0.045138  -0.035573  0.999291  -0.012349  0.044674  0.013935  0.998904  0.003413  0.001020  -0.002371  -0.065131  0.287141  0.300514  2.000000  
108.924105 0.008797  0.099097  -0.015827  0.998329  0.035375  -0.045686  -0.035983  0.999274  -0.012554  0.045209  0.014177  0.998877  0.003359  0.000972  -0.002268  -0.068527  0.305201  0.313887  2.000000  
108.925341 0.008800  0.099098  -0.015829  0.998290  0.035773  -0.046230  -0.036393  0.999258  -0.012637  0.045743  0.014298  0.998851  0.003296  0.000938  -0.002151  -0.071668  0.316396  0.318189  2.000000  
108.926342 0.008803  0.099099  -0.015831  0.998257  0.036173  -0.046640  -0.036803  0.999242  -0.012724  0.046144  0.014418  0.998831  0.003208  0.000931  -0.001973  -0.075360  0.329869  0.324832  2.000000  
108.927588 0.008806  0.099100  -0.015832  0.998210  0.036563  -0.047322  -0.037213  0.999224  -0.012922  0.046812  0.014660  0.998796  0.003094  0.000892  -0.001850  -0.083008  0.343385  0.331473  2.000000  
108.928592 0.008808  0.099102  -0.015834  0.998176  0.036963  -0.047732  -0.037623  0.999207  -0.013009  0.047213  0.014781  0.998775  0.002983  0.000864  -0.001750  -0.083584  0.350777  0.334121  2.000000  
108.929592 0.008810  0.099102  -0.015836  0.998149  0.037157  -0.048140  -0.037828  0.999198  -0.013105  0.047614  0.014902  0.998755  0.002830  0.000819  -0.001653  -0.087572  0.359796  0.333980  2.000000  
108.930840 0.008811  0.099102  -0.015838  0.998100  0.037760  -0.048687  -0.038444  0.999174  -0.013176  0.048149  0.015023  0.998727  0.002594  0.000690  -0.001624  -0.090218  0.370506  0.344819  2.000000  
108.931843 0.008812  0.099103  -0.015838  0.998073  0.037954  -0.049095  -0.038648  0.999165  -0.013272  0.048550  0.015144  0.998706  0.002414  0.000667  -0.001496  -0.090886  0.378277  0.347712  2.000000  
108.933092 0.008813  0.099103  -0.015839  0.998023  0.038551  -0.049646  -0.039264  0.999138  -0.013463  0.049084  0.015386  0.998676  0.002159  0.000581  -0.001314  -0.097793  0.384232  0.351543  2.000000  
108.934104 0.008813  0.099103  -0.015838  0.997987  0.038944  -0.050062  -0.039674  0.999119  -0.013669  0.049485  0.015628  0.998653  0.001964  0.000519  -0.001224  -0.102458  0.391579  0.353955  2.000000  
108.935342 0.008814  0.099103  -0.015837  0.997944  0.039341  -0.050606  -0.040084  0.999102  -0.013748  0.050020  0.015748  0.998624  0.001771  0.000514  -0.001048  -0.105568  0.401869  0.350930  2.000000  
108.936608 0.008813  0.099102  -0.015836  0.997892  0.039937  -0.051158  -0.040699  0.999074  -0.013937  0.050554  0.015990  0.998593  0.001524  0.000461  -0.000770  -0.109991  0.409663  0.360433  2.000000  
108.937840 0.008813  0.099102  -0.015833  0.997848  0.040327  -0.051708  -0.041109  0.999055  -0.014137  0.051089  0.016232  0.998562  0.001308  0.000405  -0.000494  -0.113959  0.414459  0.360493  2.000000  
108.938841 0.008813  0.099102  -0.015831  0.997803  0.040717  -0.052257  -0.041519  0.999035  -0.014335  0.051623  0.016474  0.998531  0.001086  0.000381  -0.000271  -0.121958  0.423468  0.360282  2.000000  
108.939845 0.008813  0.099102  -0.015829  0.997765  0.041109  -0.052674  -0.041928  0.999015  -0.014539  0.052024  0.016716  0.998506  0.000930  0.000359  -0.000018  -0.125585  0.423684  0.367153  2.000000  
108.941093 0.008813  0.099103  -0.015827  0.997704  0.041702  -0.053360  -0.042543  0.998986  -0.014721  0.052692  0.016957  0.998467  0.000723  0.000306  0.000246  -0.132130  0.433664  0.370681  2.000000  
108.942339 0.008813  0.099104  -0.015824  0.997649  0.042297  -0.053913  -0.043158  0.998957  -0.014907  0.053227  0.017199  0.998434  0.000491  0.000231  0.000528  -0.135681  0.438311  0.377396  2.000000  
108.943344 0.008813  0.099104  -0.015822  0.997603  0.042693  -0.054459  -0.043568  0.998938  -0.014983  0.053761  0.017320  0.998404  0.000314  0.000163  0.000814  -0.140675  0.441965  0.380487  2.000000  
108.944592 0.008812  0.099104  -0.015821  0.997547  0.043287  -0.055012  -0.044183  0.998908  -0.015168  0.054296  0.017561  0.998370  0.000130  0.000112  0.001045  -0.144575  0.446544  0.380341  2.000000  
108.945840 0.008811  0.099104  -0.015819  0.997490  0.043881  -0.055566  -0.044797  0.998878  -0.015352  0.054830  0.017803  0.998337  -0.000025  0.000090  0.001275  -0.146581  0.447591  0.390747  2.000000  
108.946842 0.008809  0.099103  -0.015819  0.997442  0.044269  -0.056117  -0.045207  0.998857  -0.015547  0.055364  0.018045  0.998303  -0.000204  0.000028  0.001326  -0.152024  0.451350  0.387055  2.000000  
108.948093 0.008808  0.099102  -0.015817  0.997384  0.044863  -0.056671  -0.045821  0.998826  -0.015731  0.055899  0.018286  0.998269  -0.000350  -0.000029  0.001429  -0.151438  0.451451  0.393758  2.000000  
108.949338 0.008806  0.099102  -0.015816  0.997318  0.045453  -0.057359  -0.046436  0.998795  -0.015907  0.056567  0.018528  0.998227  -0.000484  -0.000085  0.001484  -0.153679  0.452451  0.397274  2.000000  
108.950339 0.008806  0.099101  -0.015815  0.997267  0.046049  -0.057780  -0.047050  0.998763  -0.016095  0.056967  0.018769  0.998200  -0.000534  -0.000089  0.001492  -0.152805  0.452706  0.410806  2.000000  
108.951590 0.008805  0.099101  -0.015814  0.997189  0.046845  -0.058472  -0.047870  0.998721  -0.016257  0.057635  0.019011  0.998157  -0.000584  -0.000072  0.001457  -0.156298  0.457501  0.417627  2.000000  
108.952591 0.008804  0.099101  -0.015813  0.997136  0.047440  -0.058893  -0.048485  0.998689  -0.016444  0.058036  0.019253  0.998129  -0.000602  -0.000085  0.001338  -0.155730  0.457583  0.424239  2.000000  
108.953855 0.008804  0.099101  -0.015811  0.997075  0.048024  -0.059454  -0.049099  0.998654  -0.016745  0.058570  0.019615  0.998091  -0.000602  -0.000084  0.001337  -0.160488  0.457157  0.434616  2.000000  
108.955097 0.008804  0.099101  -0.015810  0.996995  0.048819  -0.060147  -0.049918  0.998610  -0.016905  0.059238  0.019856  0.998046  -0.000611  -0.000117  0.001241  -0.163539  0.461876  0.448173  2.000000  
108.956341 0.008804  0.099101  -0.015809  0.996914  0.049606  -0.060846  -0.050737  0.998564  -0.017185  0.059906  0.020219  0.997999  -0.000609  -0.000151  0.001108  -0.166628  0.466809  0.461816  2.000000  
108.957342 0.008804  0.099102  -0.015808  0.996858  0.050200  -0.061269  -0.051351  0.998530  -0.017369  0.060307  0.020460  0.997970  -0.000558  -0.000126  0.001053  -0.170101  0.462484  0.468673  2.000000  
108.958592 0.008804  0.099102  -0.015807  0.996775  0.050986  -0.061968  -0.052170  0.998482  -0.017647  0.060974  0.020823  0.997922  -0.000507  -0.000121  0.001045  -0.175801  0.467977  0.478259  2.000000  
108.959594 0.008804  0.099102  -0.015806  0.996710  0.051576  -0.062525  -0.052784  0.998447  -0.017822  0.061509  0.021064  0.997884  -0.000486  -0.000125  0.000969  -0.180702  0.472088  0.489053  2.000000  
108.960841 0.008804  0.099102  -0.015805  0.996614  0.052567  -0.063229  -0.053808  0.998388  -0.018085  0.062176  0.021426  0.997835  -0.000405  -0.000070  0.000936  -0.187438  0.477154  0.509642  2.000000  
108.961842 0.008804  0.099103  -0.015806  0.996547  0.053156  -0.063786  -0.054421  0.998351  -0.018259  0.062710  0.021668  0.997797  -0.000354  -0.000044  0.000880  -0.188936  0.482407  0.518800  2.000000  
108.963091 0.008804  0.099103  -0.015805  0.996448  0.054146  -0.064491  -0.055445  0.998290  -0.018520  0.063378  0.022030  0.997746  -0.000269  0.000010  0.000832  -0.191891  0.487283  0.532257  2.000000  
108.964102 0.008803  0.099102  -0.015805  0.996380  0.054735  -0.065049  -0.056058  0.998253  -0.018692  0.063912  0.022271  0.997707  -0.000211  0.000056  0.000707  -0.191249  0.492002  0.538892  2.000000  
108.965339 0.008803  0.099102  -0.015807  0.996287  0.055727  -0.065622  -0.057082  0.998189  -0.018958  0.064446  0.022633  0.997664  -0.000169  0.000070  0.000512  -0.197871  0.492548  0.559331  2.000000  
108.966597 0.008803  0.099103  -0.015808  0.996197  0.056518  -0.066317  -0.057900  0.998140  -0.019107  0.065114  0.022874  0.997616  -0.000117  0.000117  0.000410  -0.197191  0.497425  0.566125  2.000000  
108.967627 0.008803  0.099103  -0.015809  0.996114  0.057303  -0.066887  -0.058718  0.998086  -0.019385  0.065648  0.023237  0.997572  -0.000095  0.000157  0.000243  -0.201476  0.501225  0.583569  2.000000  
108.968843 0.008802  0.099104  -0.015811  0.996000  0.058295  -0.067720  -0.059740  0.998023  -0.019510  0.066449  0.023477  0.997514  -0.000102  0.000165  0.000054  -0.200053  0.506877  0.604751  2.000000  
108.970101 0.008803  0.099104  -0.015812  0.995884  0.059279  -0.068561  -0.060762  0.997957  -0.019755  0.067250  0.023839  0.997451  -0.000081  0.000207  -0.000112  -0.198749  0.516201  0.617969  2.000000  
108.971344 0.008803  0.099104  -0.015813  0.995767  0.060262  -0.069402  -0.061784  0.997889  -0.019997  0.068051  0.024201  0.997388  -0.000090  0.000217  -0.000300  -0.201609  0.525770  0.631538  2.000000  
108.972597 0.008803  0.099105  -0.015814  0.995648  0.061244  -0.070244  -0.062805  0.997821  -0.020239  0.068852  0.024562  0.997324  -0.000128  0.000177  -0.000463  -0.204371  0.530760  0.645081  2.000000  
108.973842 0.008802  0.099104  -0.015815  0.995537  0.062220  -0.070961  -0.063827  0.997748  -0.020608  0.069519  0.025045  0.997266  -0.000137  0.000144  -0.000559  -0.213212  0.535973  0.659986  2.000000  
108.974844 0.008802  0.099104  -0.015815  0.995437  0.063008  -0.071659  -0.064644  0.997693  -0.020748  0.070187  0.025286  0.997213  -0.000167  0.000137  -0.000626  -0.214085  0.540701  0.672172  2.000000  
108.976094 0.008801  0.099103  -0.015815  0.995313  0.063979  -0.072510  -0.065665  0.997618  -0.021106  0.070987  0.025768  0.997144  -0.000223  0.000077  -0.000657  -0.218781  0.550514  0.686912  2.000000  
108.977344 0.008800  0.099103  -0.015816  0.995198  0.064962  -0.073221  -0.066686  0.997546  -0.021349  0.071655  0.026130  0.997087  -0.000246  0.000048  -0.000726  -0.223686  0.555254  0.699080  2.000000  
108.978592 0.008799  0.099103  -0.015816  0.995061  0.065929  -0.074207  -0.067706  0.997469  -0.021695  0.072589  0.026612  0.997007  -0.000286  0.000020  -0.000709  -0.228111  0.564837  0.713411  2.000000  
108.979846 0.008798  0.099103  -0.015816  0.994918  0.067112  -0.075056  -0.068931  0.997381  -0.021911  0.073389  0.026973  0.996939  -0.000327  -0.000007  -0.000692  -0.228557  0.574580  0.732772  2.000000  
108.981091 0.008797  0.099102  -0.015817  0.994788  0.068080  -0.075910  -0.069951  0.997302  -0.022261  0.074190  0.027455  0.996866  -0.000378  -0.000033  -0.000637  -0.235691  0.579467  0.739280  2.000000  
108.982095 0.008797  0.099102  -0.015817  0.994655  0.069057  -0.076757  -0.070971  0.997225  -0.022489  0.074991  0.027816  0.996796  -0.000429  -0.000058  -0.000583  -0.238356  0.593406  0.752440  2.000000  
108.983343 0.008796  0.099102  -0.015818  0.994497  0.070234  -0.077741  -0.072194  0.997132  -0.022689  0.075925  0.028177  0.996715  -0.000450  -0.000055  -0.000507  -0.240910  0.603015  0.765885  2.000000  
108.984590 0.008796  0.099102  -0.015819  0.994361  0.071210  -0.078588  -0.073213  0.997053  -0.022913  0.076725  0.028538  0.996644  -0.000473  -0.000104  -0.000474  -0.241225  0.612452  0.779961  2.000000  
108.985590 0.008795  0.099102  -0.015820  0.994223  0.072184  -0.079436  -0.074232  0.996973  -0.023136  0.077525  0.028899  0.996571  -0.000542  -0.000159  -0.000478  -0.243723  0.621754  0.792974  2.000000  
108.986837 0.008793  0.099101  -0.015820  0.994084  0.073158  -0.080284  -0.075251  0.996891  -0.023356  0.078326  0.029259  0.996498  -0.000611  -0.000215  -0.000482  -0.242708  0.631133  0.799339  2.000000  
108.987846 0.008792  0.099100  -0.015821  0.993943  0.074131  -0.081133  -0.076269  0.996809  -0.023575  0.079126  0.029620  0.996424  -0.000712  -0.000327  -0.000506  -0.247705  0.641269  0.812507  2.000000  
108.989094 0.008791  0.099099  -0.015822  0.993789  0.075100  -0.082115  -0.077287  0.996725  -0.023782  0.080060  0.029981  0.996339  -0.000760  -0.000400  -0.000493  -0.247004  0.650461  0.811880  2.000000  
108.990098 0.008790  0.099097  -0.015823  0.993672  0.075870  -0.082826  -0.078101  0.996656  -0.024025  0.080726  0.030341  0.996274  -0.000792  -0.000459  -0.000514  -0.250051  0.655282  0.818310  2.000000  
108.991341 0.008788  0.099096  -0.015824  0.993499  0.077043  -0.083814  -0.079322  0.996555  -0.024211  0.081660  0.030702  0.996187  -0.000831  -0.000542  -0.000585  -0.245948  0.664223  0.831633  2.000000  
108.992341 0.008787  0.099094  -0.015824  0.993378  0.077812  -0.084526  -0.080136  0.996484  -0.024451  0.082327  0.031062  0.996121  -0.000876  -0.000611  -0.000570  -0.247947  0.669931  0.831442  2.000000  
108.993589 0.008786  0.099093  -0.015824  0.993218  0.078767  -0.085520  -0.081152  0.996394  -0.024771  0.083260  0.031543  0.996029  -0.000866  -0.000634  -0.000562  -0.252348  0.678416  0.837583  2.000000  
108.994594 0.008785  0.099092  -0.015825  0.993078  0.079740  -0.086238  -0.082170  0.996305  -0.024991  0.083927  0.031904  0.995961  -0.000890  -0.000720  -0.000576  -0.253921  0.688840  0.844116  2.000000  
108.995842 0.008784  0.099091  -0.015825  0.992914  0.080704  -0.087223  -0.083185  0.996216  -0.025187  0.084860  0.032264  0.995870  -0.000890  -0.000742  -0.000530  -0.257285  0.698031  0.843542  2.000000  
108.996842 0.008783  0.099090  -0.015825  0.992760  0.081672  -0.088075  -0.084201  0.996125  -0.025392  0.085660  0.032624  0.995790  -0.000910  -0.000794  -0.000543  -0.257182  0.706599  0.856639  2.000000  
108.997845 0.008782  0.099090  -0.015826  0.992633  0.082438  -0.088790  -0.085014  0.996050  -0.025625  0.086326  0.032984  0.995721  -0.000930  -0.000867  -0.000509  -0.259569  0.709109  0.857906  2.000000  
108.999089 0.008781  0.099089  -0.015826  0.992464  0.083400  -0.089775  -0.086029  0.995958  -0.025815  0.087259  0.033344  0.995627  -0.000945  -0.000883  -0.000521  -0.258511  0.717446  0.856170  2.000000  
109.000092 0.008780  0.099088  -0.015827  0.992305  0.084365  -0.090629  -0.087044  0.995865  -0.026015  0.088059  0.033704  0.995545  -0.000960  -0.000918  -0.000484  -0.262848  0.721126  0.862411  2.000000  
109.001092 0.008779  0.099087  -0.015828  0.992162  0.085125  -0.091477  -0.087855  0.995788  -0.026233  0.088859  0.034064  0.995462  -0.001014  -0.000938  -0.000525  -0.262119  0.725679  0.861709  2.000000  
109.002339 0.008777  0.099086  -0.015829  0.991988  0.086074  -0.092474  -0.088869  0.995690  -0.026538  0.089792  0.034544  0.995361  -0.001062  -0.001017  -0.000557  -0.265480  0.735033  0.861167  2.000000  
109.003341 0.008776  0.099084  -0.015831  0.991836  0.087042  -0.093197  -0.089884  0.995593  -0.026745  0.090458  0.034904  0.995288  -0.001052  -0.001019  -0.000594  -0.268368  0.735452  0.867683  2.000000  
109.004362 0.008774  0.099083  -0.015832  0.991701  0.087804  -0.093914  -0.090696  0.995513  -0.026970  0.091124  0.035264  0.995215  -0.001078  -0.001012  -0.000612  -0.266251  0.736761  0.867216  2.000000  
109.005594 0.008773  0.099082  -0.015833  0.991522  0.088750  -0.094912  -0.091708  0.995412  -0.027271  0.092057  0.035744  0.995112  -0.001094  -0.001006  -0.000669  -0.269765  0.746538  0.867064  2.000000  
109.006842 0.008771  0.099080  -0.015835  0.991321  0.089899  -0.095918  -0.092925  0.995292  -0.027549  0.092989  0.036223  0.995008  -0.001099  -0.001001  -0.000763  -0.269766  0.750143  0.873002  2.000000  
109.007842 0.008770  0.099078  -0.015837  0.991170  0.090667  -0.096757  -0.093734  0.995214  -0.027637  0.093789  0.036462  0.994924  -0.001118  -0.001031  -0.000821  -0.267778  0.756416  0.873065  2.000000  
109.009090 0.008768  0.099077  -0.015839  0.990985  0.091609  -0.097758  -0.094746  0.995110  -0.027931  0.094721  0.036942  0.994818  -0.001159  -0.001031  -0.000940  -0.267585  0.761130  0.865617  2.000000  
109.010103 0.008768  0.099076  -0.015840  0.990831  0.092364  -0.098609  -0.095555  0.995026  -0.028136  0.095520  0.037301  0.994728  -0.001155  -0.001049  -0.001029  -0.266839  0.765678  0.864845  2.000000  
109.011342 0.008766  0.099075  -0.015842  0.990609  0.093504  -0.099749  -0.096769  0.994902  -0.028393  0.096586  0.037779  0.994607  -0.001145  -0.001030  -0.001113  -0.270818  0.769306  0.871048  2.000000  
109.012592 0.008765  0.099074  -0.015843  0.990406  0.094452  -0.100872  -0.097778  0.994799  -0.028548  0.097651  0.038137  0.994490  -0.001165  -0.001074  -0.001210  -0.266512  0.778313  0.863466  2.000000  
109.013594 0.008764  0.099073  -0.015845  0.990247  0.095203  -0.101725  -0.098586  0.994713  -0.028748  0.098450  0.038496  0.994397  -0.001143  -0.001064  -0.001247  -0.269590  0.781394  0.858036  2.000000  
109.014843 0.008764  0.099072  -0.015846  0.990032  0.096346  -0.102733  -0.099800  0.994585  -0.029011  0.099382  0.038975  0.994286  -0.001133  -0.001066  -0.001285  -0.268339  0.780575  0.856232  2.000000  
109.016088 0.008762  0.099071  -0.015847  0.989802  0.097483  -0.103875  -0.101012  0.994455  -0.029259  0.100447  0.039453  0.994160  -0.001094  -0.001073  -0.001293  -0.272333  0.788595  0.862365  2.000000  
109.017095 0.008762  0.099070  -0.015848  0.989637  0.098232  -0.104729  -0.101818  0.994367  -0.029454  0.101246  0.039812  0.994065  -0.001052  -0.001033  -0.001273  -0.274292  0.790302  0.861972  2.000000  
109.018102 0.008760  0.099069  -0.015849  0.989437  0.099180  -0.105721  -0.102827  0.994258  -0.029611  0.102177  0.040170  0.993955  -0.001052  -0.001032  -0.001272  -0.273575  0.799589  0.861293  2.000000  
109.019339 0.008760  0.099068  -0.015850  0.989214  0.100319  -0.106732  -0.104039  0.994125  -0.029866  0.103109  0.040648  0.993839  -0.000976  -0.001036  -0.001254  -0.273381  0.798427  0.867425  2.000000  
109.020340 0.008759  0.099067  -0.015852  0.989024  0.101270  -0.107593  -0.105049  0.994013  -0.030033  0.103907  0.041006  0.993741  -0.000946  -0.001006  -0.001232  -0.272041  0.799025  0.873940  2.000000  
109.021344 0.008759  0.099066  -0.015852  0.988832  0.102221  -0.108454  -0.106058  0.993901  -0.030199  0.104706  0.041364  0.993643  -0.000851  -0.000960  -0.001220  -0.274213  0.805722  0.873944  2.000000  
109.022592 0.008758  0.099065  -0.015853  0.988588  0.103352  -0.109599  -0.107267  0.993764  -0.030433  0.105770  0.041842  0.993510  -0.000791  -0.000924  -0.001133  -0.272635  0.810832  0.880125  2.000000  
109.023594 0.008758  0.099064  -0.015855  0.988392  0.104315  -0.110448  -0.108275  0.993654  -0.030474  0.106569  0.042079  0.993415  -0.000710  -0.000890  -0.001120  -0.267906  0.815640  0.879702  2.000000  
109.024841 0.008758  0.099063  -0.015856  0.988144  0.105443  -0.111594  -0.109483  0.993514  -0.030702  0.107633  0.042556  0.993279  -0.000620  -0.000881  -0.001101  -0.270400  0.820745  0.885966  2.000000  
109.026104 0.008758  0.099062  -0.015857  0.987893  0.106570  -0.112740  -0.110691  0.993374  -0.030928  0.108697  0.043033  0.993143  -0.000539  -0.000868  -0.001041  -0.268694  0.825573  0.891809  2.000000  
109.027342 0.008759  0.099062  -0.015858  0.987639  0.107710  -0.113874  -0.111898  0.993235  -0.031031  0.109761  0.043389  0.993011  -0.000418  -0.000829  -0.001001  -0.265114  0.833033  0.890736  2.000000  
109.028590 0.008760  0.099061  -0.015859  0.987383  0.108835  -0.115021  -0.113104  0.993092  -0.031251  0.110825  0.043866  0.992871  -0.000312  -0.000828  -0.000957  -0.267581  0.838217  0.897038  2.000000  
109.029842 0.008760  0.099060  -0.015859  0.987124  0.109958  -0.116168  -0.114310  0.992947  -0.031468  0.111889  0.044342  0.992731  -0.000233  -0.000817  -0.000900  -0.269421  0.840820  0.897235  2.000000  
109.031094 0.008761  0.099059  -0.015860  0.986839  0.111299  -0.117309  -0.115719  0.992781  -0.031538  0.112952  0.044698  0.992595  -0.000086  -0.000762  -0.000853  -0.262963  0.846073  0.910190  2.000000  
109.032340 0.008762  0.099059  -0.015860  0.986590  0.112427  -0.118326  -0.116925  0.992633  -0.031766  0.113883  0.045175  0.992467  0.000064  -0.000715  -0.000745  -0.265504  0.846904  0.916806  2.000000  
109.033589 0.008763  0.099058  -0.015861  0.986299  0.113766  -0.119467  -0.118332  0.992464  -0.031830  0.114946  0.045530  0.992328  0.000185  -0.000676  -0.000704  -0.257043  0.854231  0.921914  2.000000  
109.034590 0.008764  0.099057  -0.015861  0.986069  0.114701  -0.120465  -0.119334  0.992340  -0.031956  0.115876  0.045887  0.992203  0.000282  -0.000678  -0.000665  -0.255499  0.859294  0.928153  2.000000  
109.035590 0.008765  0.099057  -0.015861  0.985828  0.115846  -0.121337  -0.120541  0.992190  -0.032072  0.116674  0.046243  0.992093  0.000361  -0.000666  -0.000608  -0.253375  0.864707  0.941288  2.000000  
109.036592 0.008766  0.099057  -0.015860  0.985595  0.116780  -0.122334  -0.121542  0.992064  -0.032194  0.117604  0.046599  0.991967  0.000489  -0.000575  -0.000518  -0.252503  0.869424  0.940614  2.000000  
109.037593 0.008767  0.099057  -0.015861  0.985334  0.117932  -0.123324  -0.122746  0.991917  -0.032169  0.118534  0.046835  0.991845  0.000546  -0.000525  -0.000448  -0.248869  0.877225  0.954947  2.000000  
109.038595 0.008768  0.099057  -0.015861  0.985097  0.118864  -0.124322  -0.123746  0.991789  -0.032287  0.119464  0.047190  0.991716  0.000616  -0.000489  -0.000398  -0.247225  0.882203  0.961058  2.000000  
109.039843 0.008769  0.099057  -0.015860  0.984774  0.120191  -0.125597  -0.125147  0.991612  -0.032318  0.120659  0.047544  0.991555  0.000706  -0.000424  -0.000290  -0.240714  0.892656  0.974453  2.000000  
109.041095 0.008770  0.099057  -0.015860  0.984448  0.121502  -0.126887  -0.126548  0.991429  -0.032466  0.121855  0.048018  0.991386  0.000743  -0.000358  -0.000207  -0.238699  0.897509  0.980134  2.000000  
109.042339 0.008771  0.099058  -0.015860  0.984118  0.122826  -0.128162  -0.127947  0.991249  -0.032490  0.123050  0.048372  0.991221  0.000781  -0.000276  -0.000137  -0.233459  0.904759  0.991529  2.000000  
109.043342 0.008771  0.099057  -0.015860  0.983845  0.123974  -0.129152  -0.129148  0.991094  -0.032451  0.123979  0.048606  0.991094  0.000763  -0.000254  -0.000072  -0.229542  0.908507  1.006581  2.000000  
109.044344 0.008772  0.099057  -0.015860  0.983569  0.125122  -0.130143  -0.130348  0.990938  -0.032410  0.124908  0.048841  0.990965  0.000793  -0.000225  -0.000052  -0.223735  0.913422  1.012674  2.000000  
109.045593 0.008772  0.099057  -0.015861  0.983230  0.126444  -0.131418  -0.131745  0.990753  -0.032424  0.126103  0.049194  0.990797  0.000772  -0.000199  -0.000059  -0.218539  0.920630  1.023835  2.000000  
109.046594 0.008772  0.099056  -0.015861  0.982905  0.127771  -0.132562  -0.133144  0.990565  -0.032453  0.127165  0.049548  0.990643  0.000722  -0.000183  -0.000060  -0.215972  0.930500  1.036589  2.000000  
109.047845 0.008773  0.099057  -0.015861  0.982532  0.129311  -0.133829  -0.134741  0.990354  -0.032313  0.128359  0.049781  0.990478  0.000710  -0.000083  -0.000026  -0.203407  0.934708  1.051966  2.000000  
109.049089 0.008773  0.099057  -0.015861  0.982138  0.130826  -0.135242  -0.136336  0.990137  -0.032271  0.129686  0.050132  0.990287  0.000660  -0.000087  -0.000054  -0.198136  0.945963  1.062251  2.000000  
109.050338 0.008773  0.099057  -0.015861  0.981739  0.132341  -0.136655  -0.137929  0.989918  -0.032224  0.131013  0.050484  0.990094  0.000579  -0.000044  -0.000025  -0.191211  0.960338  1.074635  2.000000  
109.051339 0.008773  0.099057  -0.015861  0.981400  0.133680  -0.137783  -0.139323  0.989726  -0.032118  0.132074  0.050717  0.989942  0.000519  -0.000026  -0.000024  -0.184510  0.970276  1.087508  2.000000  
109.052344 0.008773  0.099057  -0.015861  0.981086  0.134815  -0.138904  -0.140515  0.989560  -0.032037  0.133135  0.050950  0.989788  0.000437  -0.000036  -0.000045  -0.176648  0.978619  1.095918  2.000000  
109.053587 0.008773  0.099057  -0.015861  0.980694  0.136333  -0.140186  -0.142108  0.989334  -0.031998  0.134328  0.051301  0.989608  0.000360  0.000006  -0.000052  -0.175651  0.985384  1.106450  2.000000  
109.054597 0.008773  0.099057  -0.015861  0.980346  0.137670  -0.141313  -0.143500  0.989137  -0.031882  0.135389  0.051534  0.989451  0.000264  0.000019  -0.000081  -0.166821  0.993989  1.121647  2.000000  
109.055841 0.008772  0.099058  -0.015861  0.979928  0.139179  -0.142725  -0.145088  0.988907  -0.031815  0.136714  0.051885  0.989251  0.000200  0.000038  -0.000080  -0.159737  1.004704  1.135031  2.000000  
109.057093 0.008772  0.099058  -0.015861  0.979457  0.140900  -0.144258  -0.146873  0.988651  -0.031575  0.138172  0.052114  0.989036  0.000072  0.000001  -0.000084  -0.148633  1.015703  1.157782  2.000000  
109.058103 0.008771  0.099057  -0.015861  0.979128  0.142031  -0.145378  -0.148061  0.988477  -0.031478  0.139232  0.052346  0.988875  0.000011  0.000020  -0.000084  -0.145313  1.023853  1.159727  2.000000  
109.059341 0.008770  0.099057  -0.015862  0.978649  0.143733  -0.146927  -0.149844  0.988213  -0.031348  0.140689  0.052695  0.988650  -0.000129  0.000005  -0.000094  -0.137198  1.043565  1.179095  2.000000  
109.060596 0.008768  0.099057  -0.015862  0.978164  0.145451  -0.148458  -0.151625  0.987949  -0.031093  0.142146  0.052924  0.988430  -0.000242  0.000020  -0.000086  -0.127192  1.055555  1.196437  2.000000  
109.061839 0.008768  0.099057  -0.015862  0.977705  0.146946  -0.149999  -0.153203  0.987709  -0.030982  0.143603  0.053272  0.988201  -0.000319  0.000063  -0.000055  -0.122388  1.072963  1.204304  2.000000  
109.062841 0.008766  0.099057  -0.015862  0.977312  0.148269  -0.151255  -0.154585  0.987499  -0.030820  0.144795  0.053502  0.988014  -0.000428  0.000002  -0.000088  -0.115250  1.087438  1.216806  2.000000  
109.064102 0.008766  0.099057  -0.015863  0.976844  0.149781  -0.152778  -0.156160  0.987258  -0.030581  0.146251  0.053730  0.987787  -0.000506  0.000044  -0.000097  -0.106933  1.097224  1.218833  2.000000  
109.065340 0.008764  0.099057  -0.015863  0.976340  0.151494  -0.154306  -0.157935  0.986984  -0.030305  0.147706  0.053958  0.987558  -0.000597  0.000034  -0.000117  -0.098546  1.111919  1.237937  2.000000  
109.066596 0.008763  0.099058  -0.015864  0.975843  0.152977  -0.155976  -0.159505  0.986737  -0.030154  0.149294  0.054304  0.987300  -0.000658  0.000074  -0.000163  -0.094283  1.130168  1.240029  2.000000  
109.067838 0.008762  0.099057  -0.015864  0.975308  0.154681  -0.157633  -0.161273  0.986458  -0.029846  0.150882  0.054531  0.987047  -0.000716  0.000039  -0.000209  -0.084242  1.149711  1.255480  2.000000  
109.068838 0.008761  0.099058  -0.015865  0.974875  0.155992  -0.159016  -0.162645  0.986239  -0.029640  0.152204  0.054759  0.986831  -0.000765  0.000056  -0.000245  -0.077760  1.163612  1.260834  2.000000  
109.069845 0.008761  0.099058  -0.015865  0.974437  0.157302  -0.160399  -0.164016  0.986019  -0.029431  0.153526  0.054987  0.986613  -0.000809  0.000028  -0.000270  -0.072639  1.178148  1.270493  2.000000  
109.071092 0.008760  0.099057  -0.015866  0.973908  0.159010  -0.161923  -0.165783  0.985732  -0.029129  0.154981  0.055214  0.986373  -0.000828  -0.000003  -0.000329  -0.062518  1.183566  1.285875  2.000000  
109.072094 0.008759  0.099057  -0.015867  0.973484  0.160325  -0.163174  -0.167155  0.985506  -0.028934  0.156170  0.055442  0.986173  -0.000817  -0.000005  -0.000366  -0.057319  1.193617  1.295790  2.000000  
109.073095 0.008758  0.099057  -0.015867  0.973021  0.161842  -0.164431  -0.168726  0.985245  -0.028702  0.157359  0.055671  0.985971  -0.000873  -0.000039  -0.000409  -0.053922  1.203671  1.308561  2.000000  
109.074106 0.008757  0.099057  -0.015868  0.972568  0.163148  -0.165811  -0.170091  0.985017  -0.028476  0.158681  0.055898  0.985746  -0.000836  -0.000036  -0.000424  -0.051365  1.217419  1.313756  2.000000  
109.075341 0.008756  0.099056  -0.015869  0.972000  0.164844  -0.167462  -0.171848  0.984722  -0.028132  0.160266  0.056123  0.985477  -0.000881  -0.000071  -0.000504  -0.042233  1.231532  1.321929  2.000000  
109.076342 0.008755  0.099056  -0.015869  0.971560  0.166155  -0.168711  -0.173215  0.984488  -0.027922  0.161454  0.056351  0.985270  -0.000845  -0.000068  -0.000521  -0.037738  1.237500  1.325895  2.000000  
109.077589 0.008754  0.099055  -0.015871  0.970960  0.167821  -0.170509  -0.174965  0.984186  -0.027663  0.163170  0.056693  0.984968  -0.000880  -0.000126  -0.000590  -0.038764  1.256384  1.331270  2.000000  
109.078591 0.008753  0.099055  -0.015872  0.970491  0.169123  -0.171887  -0.176325  0.983950  -0.027421  0.164490  0.056919  0.984735  -0.000880  -0.000105  -0.000635  -0.034936  1.264627  1.332103  2.000000  
109.079842 0.008751  0.099055  -0.015874  0.969902  0.170813  -0.173533  -0.178074  0.983645  -0.027055  0.166074  0.057143  0.984456  -0.000873  -0.000110  -0.000722  -0.029910  1.275003  1.335457  2.000000  
109.081096 0.008750  0.099055  -0.015875  0.969306  0.172503  -0.175179  -0.179822  0.983337  -0.026684  0.167657  0.057366  0.984175  -0.000932  -0.000147  -0.000808  -0.022730  1.284604  1.340956  2.000000  
109.082339 0.008748  0.099055  -0.015877  0.968706  0.174170  -0.176844  -0.181568  0.983023  -0.026426  0.169240  0.057708  0.983884  -0.000976  -0.000180  -0.000881  -0.021606  1.293717  1.348981  2.000000  
109.083342 0.008747  0.099055  -0.015879  0.968220  0.175467  -0.178218  -0.182922  0.982779  -0.026165  0.170558  0.057934  0.983643  -0.000992  -0.000162  -0.000942  -0.016943  1.308645  1.352094  2.000000  
109.084587 0.008745  0.099054  -0.015880  0.967647  0.176950  -0.179855  -0.184465  0.982500  -0.025814  0.172140  0.058156  0.983354  -0.001074  -0.000222  -0.000996  -0.013865  1.316885  1.346672  2.000000  
109.085593 0.008743  0.099054  -0.015883  0.967153  0.178224  -0.181249  -0.185815  0.982249  -0.025664  0.173458  0.058500  0.983102  -0.001172  -0.000264  -0.001110  -0.016195  1.325758  1.345074  2.000000  
109.086838 0.008740  0.099053  -0.015885  0.966571  0.179705  -0.182884  -0.187355  0.981966  -0.025304  0.175039  0.058722  0.982809  -0.001281  -0.000305  -0.001188  -0.009974  1.330731  1.344214  2.000000  
109.087846 0.008738  0.099052  -0.015886  0.966092  0.180983  -0.184148  -0.188707  0.981711  -0.025170  0.176224  0.059067  0.982576  -0.001383  -0.000321  -0.001266  -0.013413  1.337598  1.348408  2.000000  
109.089094 0.008735  0.099051  -0.015889  0.965502  0.182439  -0.185803  -0.190243  0.981421  -0.024919  0.177805  0.059407  0.982271  -0.001528  -0.000393  -0.001409  -0.012324  1.341758  1.340078  2.000000  
109.090104 0.008732  0.099050  -0.015891  0.965055  0.183536  -0.187038  -0.191393  0.981203  -0.024698  0.178989  0.059633  0.982042  -0.001632  -0.000410  -0.001488  -0.011728  1.341233  1.332215  2.000000  
109.091342 0.008728  0.099049  -0.015894  0.964479  0.184997  -0.188563  -0.192931  0.980907  -0.024463  0.180437  0.059974  0.981756  -0.001823  -0.000484  -0.001619  -0.013738  1.342140  1.331990  2.000000  
109.092342 0.008725  0.099048  -0.015896  0.963963  0.186286  -0.189931  -0.194273  0.980650  -0.024170  0.181753  0.060197  0.981500  -0.001974  -0.000531  -0.001687  -0.011950  1.346940  1.331116  2.000000  
109.093590 0.008720  0.099046  -0.015899  0.963378  0.187744  -0.191454  -0.195806  0.980351  -0.023926  0.183200  0.060538  0.981210  -0.002149  -0.000626  -0.001806  -0.012899  1.345634  1.325791  2.000000  
109.094591 0.008717  0.099045  -0.015902  0.962854  0.189007  -0.192843  -0.197145  0.980087  -0.023743  0.184515  0.060880  0.980942  -0.002315  -0.000730  -0.001928  -0.015159  1.350340  1.324698  2.000000  
109.095594 0.008713  0.099043  -0.015905  0.962351  0.190300  -0.194080  -0.198488  0.979822  -0.023465  0.185699  0.061104  0.980705  -0.002505  -0.000803  -0.002017  -0.013471  1.350609  1.324051  2.000000  
109.096842 0.008709  0.099042  -0.015908  0.961754  0.191755  -0.195601  -0.200016  0.979518  -0.023207  0.187145  0.061443  0.980409  -0.002726  -0.000907  -0.002129  -0.013558  1.348210  1.321506  2.000000  
109.098103 0.008704  0.099040  -0.015912  0.961152  0.193184  -0.197145  -0.201543  0.979208  -0.023064  0.188590  0.061902  0.980103  -0.002935  -0.001011  -0.002277  -0.019551  1.343561  1.320303  2.000000  
109.099337 0.008698  0.099038  -0.015917  0.960547  0.194635  -0.198665  -0.203068  0.978899  -0.022797  0.190035  0.062241  0.979802  -0.003165  -0.001132  -0.002436  -0.020314  1.338184  1.315625  2.000000  
109.100339 0.008693  0.099036  -0.015920  0.960070  0.195698  -0.199918  -0.204207  0.978665  -0.022663  0.191218  0.062582  0.979551  -0.003323  -0.001177  -0.002505  -0.026276  1.339861  1.306304  2.000000  
109.101339 0.008689  0.099035  -0.015924  0.959592  0.196759  -0.201171  -0.205344  0.978431  -0.022525  0.192399  0.062924  0.979297  -0.003489  -0.001253  -0.002667  -0.028628  1.337854  1.294103  2.000000  
109.102341 0.008683  0.099032  -0.015928  0.959135  0.197828  -0.202295  -0.206486  0.978193  -0.022412  0.193450  0.063267  0.979068  -0.003707  -0.001374  -0.002869  -0.034817  1.334455  1.284355  2.000000  
109.103342 0.008679  0.099030  -0.015932  0.958651  0.198888  -0.203547  -0.207621  0.977956  -0.022268  0.194631  0.063608  0.978812  -0.003853  -0.001434  -0.003014  -0.039603  1.329537  1.270337  2.000000  
109.104363 0.008673  0.099028  -0.015937  0.958190  0.199955  -0.204671  -0.208761  0.977716  -0.022150  0.195681  0.063951  0.978580  -0.004063  -0.001502  -0.003167  -0.043347  1.324163  1.262333  2.000000  
109.105595 0.008667  0.099026  -0.015942  0.957588  0.201381  -0.206083  -0.210282  0.977393  -0.022006  0.196993  0.064408  0.978287  -0.004237  -0.001590  -0.003331  -0.050701  1.311530  1.256280  2.000000  
109.106596 0.008661  0.099023  -0.015946  0.957121  0.202446  -0.207206  -0.211419  0.977150  -0.021881  0.198042  0.064750  0.978053  -0.004397  -0.001682  -0.003494  -0.054501  1.306852  1.248959  2.000000  
109.107842 0.008655  0.099021  -0.015953  0.956582  0.203677  -0.208486  -0.212746  0.976864  -0.021801  0.199222  0.065209  0.977782  -0.004566  -0.001738  -0.003706  -0.060471  1.292251  1.238344  2.000000  
109.108842 0.008649  0.099018  -0.015957  0.956084  0.204730  -0.209736  -0.213875  0.976621  -0.021642  0.200402  0.065549  0.977518  -0.004718  -0.001843  -0.003849  -0.066892  1.284079  1.228579  2.000000  
109.109847 0.008643  0.099016  -0.015963  0.955635  0.205774  -0.210756  -0.215015  0.976371  -0.021655  0.201320  0.066010  0.977299  -0.004856  -0.001910  -0.004000  -0.074835  1.270668  1.221936  2.000000  
109.111098 0.008637  0.099013  -0.015969  0.955016  0.207193  -0.212167  -0.216529  0.976040  -0.021493  0.202630  0.066466  0.976997  -0.005002  -0.002011  -0.004193  -0.078263  1.261430  1.214499  2.000000  
