1-Time 2-Px 3-Py 4-Pz 5-R11 6-R21 7-R31 8-R12 9-R22 10-R32 11-R13 12-R23 13-R33 14-Vx 15-Vy 16-Vz 17-Wx 18-Wy 19-Wz 20-state 21-PR11 22-PR21 23-PR31 24-PR12 25-PR22 26-PR32 27-PR13 28-PR23 29-PR33 
48.703033 0.005161  0.095576  -0.013128  0.997925  0.064390  -0.000617  -0.064393  0.997879  -0.009562  0.000000  0.009582  0.999954  -0.000225  -0.000236  -0.000367  0.000000  0.000000  0.000000  2.000000  
48.704036 0.005161  0.095576  -0.013129  0.997925  0.064390  -0.000617  -0.064393  0.997879  -0.009562  0.000000  0.009582  0.999954  -0.000216  -0.000259  -0.000359  0.000000  0.000000  0.000000  2.000000  
48.705038 0.005161  0.095575  -0.013129  0.997898  0.064801  -0.000621  -0.064804  0.997852  -0.009562  0.000000  0.009582  0.999954  -0.000207  -0.000281  -0.000350  0.000000  0.000000  0.000000  2.000000  
48.706039 0.005161  0.095574  -0.013129  0.997885  0.065006  -0.000631  -0.065009  0.997838  -0.009683  0.000000  0.009704  0.999953  -0.000168  -0.000352  -0.000360  0.000000  0.000000  0.000000  2.000000  
48.707292 0.005162  0.095573  -0.013130  0.997858  0.065418  -0.000501  -0.065420  0.997811  -0.009692  -0.000134  0.009704  0.999953  -0.000119  -0.000424  -0.000407  0.000000  0.000000  0.000000  2.000000  
48.708534 0.005162  0.095571  -0.013131  0.997844  0.065624  -0.000503  -0.065626  0.997797  -0.009691  -0.000134  0.009704  0.999953  -0.000063  -0.000540  -0.000400  0.000000  0.000000  0.000000  2.000000  
48.709537 0.005163  0.095570  -0.013131  0.997817  0.066035  -0.000507  -0.066037  0.997770  -0.009691  -0.000134  0.009704  0.999953  0.000017  -0.000585  -0.000427  0.000000  0.000000  0.000000  2.000000  
48.710538 0.005165  0.095570  -0.013132  0.997790  0.066444  -0.000645  -0.066447  0.997743  -0.009682  0.000000  0.009704  0.999953  0.000127  -0.000602  -0.000434  0.000000  0.000000  0.000000  2.000000  
48.711542 0.005165  0.095568  -0.013132  0.997762  0.066854  -0.000782  -0.066858  0.997716  -0.009673  0.000134  0.009704  0.999953  0.000207  -0.000647  -0.000461  0.000000  0.000000  0.000000  2.000000  
48.712543 0.005167  0.095568  -0.013133  0.997721  0.067470  -0.000788  -0.067474  0.997674  -0.009672  0.000134  0.009704  0.999953  0.000276  -0.000690  -0.000451  0.000000  0.000000  0.000000  2.000000  
48.713794 0.005168  0.095566  -0.013134  0.997679  0.068085  -0.000928  -0.068091  0.997632  -0.009663  0.000268  0.009704  0.999953  0.000387  -0.000761  -0.000542  0.000000  0.000000  0.000000  2.000000  
48.715036 0.005169  0.095565  -0.013136  0.997637  0.068702  -0.000800  -0.068707  0.997590  -0.009671  0.000134  0.009704  0.999953  0.000478  -0.000809  -0.000605  0.000000  0.000000  0.000000  2.000000  
48.716094 0.005170  0.095565  -0.013137  0.997594  0.069318  -0.000806  -0.069323  0.997547  -0.009671  0.000134  0.009704  0.999953  0.000590  -0.000804  -0.000656  -0.004069  0.010774  0.186360  2.000000  
48.717291 0.005171  0.095564  -0.013138  0.997537  0.070140  -0.000814  -0.070144  0.997490  -0.009670  0.000134  0.009704  0.999953  0.000712  -0.000825  -0.000700  -0.004076  0.011059  0.214343  2.000000  
48.718291 0.005172  0.095563  -0.013139  0.997493  0.070756  -0.000812  -0.070760  0.997448  -0.009549  0.000134  0.009582  0.999954  0.000738  -0.000881  -0.000700  0.000000  0.011177  0.228145  2.000000  
48.719535 0.005173  0.095562  -0.013140  0.997435  0.071577  -0.000819  -0.071582  0.997389  -0.009548  0.000134  0.009582  0.999954  0.000839  -0.000930  -0.000797  0.000000  0.011446  0.255909  2.000000  
48.720782 0.005174  0.095560  -0.013142  0.997375  0.072397  -0.000961  -0.072403  0.997330  -0.009538  0.000268  0.009582  0.999954  0.000893  -0.000908  -0.000851  0.000019  0.016209  0.283552  2.000000  
48.721787 0.005176  0.095559  -0.013142  0.997331  0.073013  -0.000967  -0.073019  0.997285  -0.009537  0.000268  0.009582  0.999954  0.000941  -0.000904  -0.000857  0.000020  0.016405  0.304253  2.000000  
48.723032 0.005177  0.095557  -0.013143  0.997270  0.073836  -0.000841  -0.073840  0.997224  -0.009546  0.000134  0.009582  0.999954  0.000998  -0.000944  -0.000812  -0.000000  0.012176  0.332034  2.000000  
48.724034 0.005179  0.095555  -0.013143  0.997224  0.074452  -0.000847  -0.074456  0.997179  -0.009546  0.000134  0.009582  0.999954  0.001041  -0.001028  -0.000800  0.000024  0.007879  0.352885  2.000000  
48.725287 0.005181  0.095553  -0.013144  0.997178  0.075068  -0.000853  -0.075072  0.997132  -0.009545  0.000134  0.009582  0.999954  0.001151  -0.001074  -0.000777  0.000025  0.008010  0.366650  2.000000  
48.726535 0.005184  0.095551  -0.013144  0.997116  0.075889  -0.000861  -0.075893  0.997070  -0.009545  0.000134  0.009582  0.999954  0.001217  -0.001190  -0.000806  0.000026  0.008276  0.394348  2.000000  
48.727543 0.005185  0.095549  -0.013145  0.997085  0.076299  -0.000874  -0.076304  0.997038  -0.009665  0.000134  0.009704  0.999953  0.001263  -0.001281  -0.000807  -0.004048  0.008431  0.408050  2.000000  
48.728787 0.005188  0.095545  -0.013146  0.997053  0.076710  -0.000878  -0.076714  0.997006  -0.009665  0.000134  0.009704  0.999953  0.001325  -0.001438  -0.000748  -0.004047  0.008565  0.421906  2.000000  
48.729790 0.005190  0.095542  -0.013146  0.997006  0.077325  -0.000884  -0.077330  0.996959  -0.009664  0.000134  0.009704  0.999953  0.001437  -0.001592  -0.000696  -0.004046  0.008764  0.442641  2.000000  
48.731037 0.005193  0.095538  -0.013147  0.996958  0.077941  -0.000890  -0.077946  0.996911  -0.009664  0.000134  0.009704  0.999953  0.001533  -0.001802  -0.000658  -0.004050  0.008910  0.457088  2.000000  
48.732291 0.005195  0.095533  -0.013148  0.996925  0.078351  -0.000894  -0.078356  0.996879  -0.009663  0.000134  0.009704  0.999953  0.001608  -0.002051  -0.000661  -0.004044  0.009032  0.470330  2.000000  
48.733292 0.005197  0.095530  -0.013148  0.996893  0.078762  -0.000898  -0.078767  0.996846  -0.009663  0.000134  0.009704  0.999953  0.001698  -0.002244  -0.000612  -0.004011  0.009092  0.480320  2.000000  
48.734298 0.005200  0.095526  -0.013149  0.996877  0.078967  -0.000900  -0.078972  0.996830  -0.009663  0.000134  0.009704  0.999953  0.001811  -0.002400  -0.000559  -0.004044  0.009166  0.484218  2.000000  
48.735539 0.005203  0.095521  -0.013150  0.996844  0.079378  -0.000904  -0.079383  0.996797  -0.009662  0.000134  0.009704  0.999953  0.001922  -0.002654  -0.000501  0.000032  0.009124  0.480457  2.000000  
48.736782 0.005206  0.095516  -0.013150  0.996828  0.079583  -0.000906  -0.079588  0.996781  -0.009662  0.000134  0.009704  0.999953  0.001992  -0.002892  -0.000526  0.000032  0.009056  0.473531  2.000000  
48.737787 0.005208  0.095512  -0.013150  0.996795  0.079993  -0.000910  -0.079998  0.996748  -0.009662  0.000134  0.009704  0.999953  0.002090  -0.003078  -0.000519  -0.000000  0.013695  0.484289  2.000000  
48.739033 0.005210  0.095507  -0.013151  0.996779  0.080198  -0.000921  -0.080203  0.996731  -0.009783  0.000134  0.009825  0.999952  0.002108  -0.003237  -0.000497  -0.004077  0.013725  0.484321  2.000000  
48.740289 0.005213  0.095502  -0.013151  0.996762  0.080403  -0.000923  -0.080409  0.996714  -0.009782  0.000134  0.009825  0.999952  0.002136  -0.003482  -0.000493  -0.004013  0.009087  0.473620  2.000000  
48.741299 0.005216  0.095498  -0.013151  0.996745  0.080609  -0.000925  -0.080614  0.996697  -0.009782  0.000134  0.009825  0.999952  0.002172  -0.003572  -0.000458  -0.003981  0.004557  0.466669  2.000000  
48.742536 0.005218  0.095492  -0.013151  0.996729  0.080814  -0.000937  -0.080819  0.996680  -0.009903  0.000134  0.009946  0.999951  0.002159  -0.003773  -0.000414  -0.008029  0.004384  0.446145  2.000000  
48.743539 0.005220  0.095488  -0.013151  0.996729  0.080814  -0.000947  -0.080819  0.996678  -0.010024  0.000134  0.010067  0.999949  0.002182  -0.003860  -0.000344  -0.012147  -0.000256  0.429136  2.000000  
48.744541 0.005222  0.095483  -0.013150  0.996712  0.081019  -0.000949  -0.081024  0.996662  -0.010024  0.000134  0.010067  0.999949  0.002173  -0.003992  -0.000243  -0.012176  0.004104  0.415169  2.000000  
48.745787 0.005224  0.095477  -0.013149  0.996695  0.081224  -0.000961  -0.081229  0.996644  -0.010144  0.000134  0.010189  0.999948  0.002114  -0.004133  -0.000139  -0.016121  0.003959  0.398027  2.000000  
48.746789 0.005225  0.095471  -0.013149  0.996695  0.081224  -0.000961  -0.081229  0.996644  -0.010144  0.000134  0.010189  0.999948  0.002058  -0.004252  -0.000080  -0.016123  0.003754  0.377419  2.000000  
48.748037 0.005227  0.095465  -0.013148  0.996695  0.081222  -0.001104  -0.081229  0.996643  -0.010254  0.000268  0.010310  0.999947  0.002015  -0.004392  -0.000022  -0.024397  0.008009  0.352930  2.000000  
48.749041 0.005228  0.095460  -0.013148  0.996679  0.081428  -0.001106  -0.081435  0.996626  -0.010254  0.000268  0.010310  0.999947  0.001916  -0.004521  0.000019  -0.024391  0.007868  0.338964  2.000000  
48.750294 0.005230  0.095453  -0.013148  0.996679  0.081427  -0.001116  -0.081435  0.996625  -0.010375  0.000268  0.010431  0.999946  0.001847  -0.004635  0.000114  -0.028447  0.003115  0.311278  2.000000  
48.751301 0.005232  0.095448  -0.013148  0.996662  0.081633  -0.001118  -0.081640  0.996608  -0.010375  0.000268  0.010431  0.999946  0.001802  -0.004678  0.000175  -0.028450  0.002977  0.297434  2.000000  
48.752537 0.005233  0.095441  -0.013148  0.996662  0.081632  -0.001128  -0.081640  0.996607  -0.010496  0.000268  0.010553  0.999944  0.001700  -0.004786  0.000198  -0.032542  0.002717  0.269838  2.000000  
48.753540 0.005234  0.095437  -0.013147  0.996662  0.081632  -0.001128  -0.081640  0.996607  -0.010496  0.000268  0.010553  0.999944  0.001648  -0.004787  0.000206  -0.032562  0.007004  0.249021  2.000000  
48.754784 0.005236  0.095431  -0.013147  0.996662  0.081632  -0.001138  -0.081640  0.996605  -0.010616  0.000268  0.010674  0.999943  0.001563  -0.004860  0.000284  -0.036647  0.006739  0.221366  2.000000  
48.755787 0.005237  0.095426  -0.013147  0.996645  0.081839  -0.001007  -0.081845  0.996588  -0.010627  0.000134  0.010674  0.999943  0.001461  -0.004941  0.000261  -0.036363  0.002155  0.212738  2.000000  
48.757035 0.005238  0.095420  -0.013147  0.996645  0.081839  -0.001017  -0.081845  0.996587  -0.010748  0.000134  0.010795  0.999942  0.001384  -0.004958  0.000271  -0.036372  0.001970  0.192180  2.000000  
48.758036 0.005239  0.095416  -0.013147  0.996645  0.081839  -0.001017  -0.081845  0.996587  -0.010748  0.000134  0.010795  0.999942  0.001337  -0.004940  0.000234  -0.036369  0.001829  0.178432  2.000000  
48.759293 0.005240  0.095410  -0.013147  0.996628  0.082044  -0.001019  -0.082050  0.996570  -0.010748  0.000134  0.010795  0.999942  0.001259  -0.004950  0.000179  0.000000  0.000000  0.000000  2.000000  
48.760296 0.005242  0.095405  -0.013146  0.996628  0.082044  -0.001029  -0.082050  0.996569  -0.010869  0.000134  0.010917  0.999940  0.001212  -0.004913  0.000211  0.000000  0.000000  0.000000  2.000000  
48.761311 0.005243  0.095401  -0.013146  0.996628  0.082044  -0.001029  -0.082050  0.996569  -0.010869  0.000134  0.010917  0.999940  0.001204  -0.004865  0.000158  0.000000  0.000000  0.000000  2.000000  
48.762540 0.005244  0.095395  -0.013146  0.996611  0.082249  -0.001041  -0.082255  0.996551  -0.010989  0.000134  0.011038  0.999939  0.001184  -0.004813  0.000200  0.000000  0.000000  0.000000  2.000000  
48.763541 0.005246  0.095392  -0.013145  0.996611  0.082249  -0.001041  -0.082255  0.996551  -0.010989  0.000134  0.011038  0.999939  0.001226  -0.004715  0.000222  0.000000  0.000000  0.000000  2.000000  
48.764790 0.005248  0.095386  -0.013145  0.996594  0.082456  -0.000910  -0.082461  0.996534  -0.011000  0.000000  0.011038  0.999939  0.001202  -0.004603  0.000221  0.000000  0.000000  0.000000  2.000000  
48.766036 0.005250  0.095382  -0.013145  0.996594  0.082455  -0.000920  -0.082461  0.996532  -0.011121  0.000000  0.011159  0.999938  0.001258  -0.004511  0.000207  0.000000  0.000000  0.000000  2.000000  
48.767037 0.005252  0.095378  -0.013144  0.996594  0.082455  -0.000920  -0.082461  0.996532  -0.011121  0.000000  0.011159  0.999938  0.001324  -0.004425  0.000224  0.000000  0.000000  0.000000  2.000000  
48.768293 0.005255  0.095374  -0.013144  0.996577  0.082661  -0.000922  -0.082666  0.996515  -0.011121  0.000000  0.011159  0.999938  0.001443  -0.004300  0.000236  0.000000  0.000000  0.000000  2.000000  
48.769537 0.005258  0.095369  -0.013144  0.996560  0.082866  -0.000925  -0.082871  0.996498  -0.011121  0.000000  0.011159  0.999938  0.001538  -0.004177  0.000205  0.000000  0.000000  0.000000  2.000000  
48.770539 0.005261  0.095366  -0.013144  0.996560  0.082866  -0.000925  -0.082871  0.996498  -0.011121  0.000000  0.011159  0.999938  0.001632  -0.004074  0.000220  0.000000  0.000000  0.000000  2.000000  
48.771783 0.005264  0.095361  -0.013145  0.996560  0.082866  -0.000925  -0.082871  0.996498  -0.011121  0.000000  0.011159  0.999938  0.001790  -0.003952  0.000145  0.000000  0.000000  0.000000  2.000000  
48.772784 0.005266  0.095358  -0.013146  0.996543  0.083071  -0.000927  -0.083076  0.996481  -0.011121  0.000000  0.011159  0.999938  0.001843  -0.003929  0.000092  0.000000  0.000000  0.000000  2.000000  
48.773784 0.005269  0.095354  -0.013146  0.996543  0.083071  -0.000927  -0.083076  0.996481  -0.011121  0.000000  0.011159  0.999938  0.001968  -0.003852  0.000043  0.000000  0.000000  0.000000  2.000000  
48.774785 0.005272  0.095351  -0.013147  0.996526  0.083276  -0.000929  -0.083281  0.996464  -0.011120  0.000000  0.011159  0.999938  0.002038  -0.003765  -0.000017  0.000000  0.000000  0.000000  2.000000  
48.775789 0.005275  0.095348  -0.013148  0.996526  0.083276  -0.000929  -0.083281  0.996464  -0.011120  0.000000  0.011159  0.999938  0.002133  -0.003697  -0.000130  0.000000  0.000000  0.000000  2.000000  
48.777059 0.005278  0.095345  -0.013148  0.996526  0.083276  -0.000929  -0.083281  0.996464  -0.011120  0.000000  0.011159  0.999938  0.002317  -0.003535  -0.000177  0.000000  0.000000  0.000000  2.000000  
48.778301 0.005282  0.095341  -0.013149  0.996509  0.083481  -0.000932  -0.083486  0.996447  -0.011120  0.000000  0.011159  0.999938  0.002442  -0.003459  -0.000226  0.000000  0.000000  0.000000  2.000000  
48.779536 0.005286  0.095337  -0.013149  0.996509  0.083481  -0.000932  -0.083486  0.996447  -0.011120  0.000000  0.011159  0.999938  0.002585  -0.003350  -0.000270  0.000000  0.000000  0.000000  2.000000  
48.780787 0.005290  0.095334  -0.013149  0.996509  0.083481  -0.000922  -0.083486  0.996448  -0.010999  0.000000  0.011038  0.999939  0.002707  -0.003237  -0.000323  0.000000  0.000000  0.000000  2.000000  
48.782037 0.005294  0.095330  -0.013150  0.996492  0.083685  -0.001057  -0.083692  0.996431  -0.010988  0.000134  0.011038  0.999939  0.002824  -0.003140  -0.000381  0.000000  0.000000  0.000000  2.000000  
48.783293 0.005298  0.095328  -0.013150  0.996492  0.083685  -0.001057  -0.083692  0.996431  -0.010988  0.000134  0.011038  0.999939  0.002826  -0.003085  -0.000382  0.000000  0.000000  0.000000  2.000000  
48.784297 0.005301  0.095325  -0.013150  0.996492  0.083685  -0.001057  -0.083692  0.996431  -0.010988  0.000134  0.011038  0.999939  0.002897  -0.002989  -0.000384  0.000000  0.000000  0.000000  2.000000  
48.785537 0.005305  0.095322  -0.013149  0.996492  0.083685  -0.001057  -0.083692  0.996431  -0.010988  0.000134  0.011038  0.999939  0.002931  -0.002913  -0.000366  0.000000  0.000000  0.000000  2.000000  
48.786782 0.005308  0.095319  -0.013149  0.996492  0.083685  -0.001057  -0.083692  0.996431  -0.010988  0.000134  0.011038  0.999939  0.002920  -0.002837  -0.000292  0.000000  0.000000  0.000000  2.000000  
48.787788 0.005310  0.095316  -0.013150  0.996492  0.083685  -0.001057  -0.083692  0.996431  -0.010988  0.000134  0.011038  0.999939  0.002919  -0.002811  -0.000250  0.000000  0.000000  0.000000  2.000000  
48.789032 0.005313  0.095313  -0.013150  0.996492  0.083685  -0.001057  -0.083692  0.996431  -0.010988  0.000134  0.011038  0.999939  0.002902  -0.002739  -0.000226  0.000000  0.000000  0.000000  2.000000  
48.790037 0.005315  0.095310  -0.013149  0.996492  0.083685  -0.001057  -0.083692  0.996431  -0.010988  0.000134  0.011038  0.999939  0.002850  -0.002687  -0.000136  0.000000  0.000000  0.000000  2.000000  
48.791298 0.005318  0.095307  -0.013149  0.996492  0.083685  -0.001057  -0.083692  0.996431  -0.010988  0.000134  0.011038  0.999939  0.002771  -0.002665  -0.000066  0.000000  0.000000  0.000000  2.000000  
48.792534 0.005319  0.095303  -0.013149  0.996492  0.083685  -0.001047  -0.083692  0.996432  -0.010867  0.000134  0.010917  0.999940  0.002632  -0.002674  -0.000078  0.000000  0.000000  0.000000  2.000000  
48.793542 0.005321  0.095300  -0.013149  0.996492  0.083685  -0.001047  -0.083692  0.996432  -0.010867  0.000134  0.010917  0.999940  0.002554  -0.002622  0.000003  0.000000  0.000000  0.000000  2.000000  
48.794784 0.005323  0.095297  -0.013149  0.996492  0.083685  -0.001047  -0.083692  0.996432  -0.010867  0.000134  0.010917  0.999940  0.002431  -0.002630  0.000036  0.000000  0.000000  0.000000  2.000000  
48.795786 0.005324  0.095294  -0.013149  0.996492  0.083685  -0.001047  -0.083692  0.996432  -0.010867  0.000134  0.010917  0.999940  0.002292  -0.002639  0.000023  0.000000  0.000000  0.000000  2.000000  
48.797034 0.005325  0.095291  -0.013149  0.996509  0.083480  -0.001045  -0.083486  0.996450  -0.010867  0.000134  0.010917  0.999940  0.002082  -0.002647  0.000090  0.000000  0.000000  0.000000  2.000000  
48.798283 0.005326  0.095287  -0.013148  0.996509  0.083480  -0.001045  -0.083486  0.996450  -0.010867  0.000134  0.010917  0.999940  0.001912  -0.002706  0.000102  0.000000  0.000000  0.000000  2.000000  
48.799305 0.005327  0.095284  -0.013148  0.996509  0.083480  -0.001045  -0.083486  0.996450  -0.010867  0.000134  0.010917  0.999940  0.001680  -0.002738  0.000135  0.000000  0.000000  0.000000  2.000000  
48.800534 0.005328  0.095281  -0.013147  0.996509  0.083480  -0.001045  -0.083486  0.996450  -0.010867  0.000134  0.010917  0.999940  0.001530  -0.002769  0.000181  0.000000  0.000000  0.000000  2.000000  
48.801535 0.005328  0.095278  -0.013145  0.996509  0.083480  -0.001045  -0.083486  0.996450  -0.010867  0.000134  0.010917  0.999940  0.001371  -0.002795  0.000272  0.000000  0.000000  0.000000  2.000000  
48.802786 0.005328  0.095274  -0.013145  0.996509  0.083480  -0.001045  -0.083486  0.996450  -0.010867  0.000134  0.010917  0.999940  0.001217  -0.002802  0.000308  0.000000  0.000000  0.000000  2.000000  
48.803789 0.005328  0.095271  -0.013144  0.996509  0.083480  -0.001045  -0.083486  0.996450  -0.010867  0.000134  0.010917  0.999940  0.001023  -0.002855  0.000381  0.000000  0.000000  0.000000  2.000000  
48.805033 0.005328  0.095267  -0.013143  0.996509  0.083480  -0.001045  -0.083486  0.996450  -0.010867  0.000134  0.010917  0.999940  0.000883  -0.002884  0.000424  0.000000  0.000000  0.000000  2.000000  
48.806283 0.005329  0.095263  -0.013143  0.996509  0.083481  -0.000911  -0.083486  0.996450  -0.010878  0.000000  0.010917  0.999940  0.000734  -0.002894  0.000447  0.000000  0.000000  0.000000  2.000000  
48.807304 0.005328  0.095260  -0.013142  0.996509  0.083481  -0.000911  -0.083486  0.996450  -0.010878  0.000000  0.010917  0.999940  0.000603  -0.002890  0.000525  0.000000  0.000000  0.000000  2.000000  
48.808535 0.005329  0.095257  -0.013141  0.996526  0.083276  -0.000909  -0.083281  0.996467  -0.010879  0.000000  0.010917  0.999940  0.000482  -0.002925  0.000530  0.000000  0.000000  0.000000  2.000000  
48.809537 0.005329  0.095253  -0.013141  0.996526  0.083276  -0.000909  -0.083281  0.996467  -0.010879  0.000000  0.010917  0.999940  0.000379  -0.002954  0.000546  0.000000  0.000000  0.000000  2.000000  
48.810541 0.005329  0.095251  -0.013141  0.996526  0.083276  -0.000909  -0.083281  0.996467  -0.010879  0.000000  0.010917  0.999940  0.000278  -0.002958  0.000561  0.000000  0.000000  0.000000  2.000000  
48.811786 0.005329  0.095247  -0.013141  0.996526  0.083276  -0.000909  -0.083281  0.996467  -0.010879  0.000000  0.010917  0.999940  0.000247  -0.002987  0.000542  0.000000  0.000000  0.000000  2.000000  
48.812792 0.005329  0.095244  -0.013140  0.996526  0.083276  -0.000909  -0.083281  0.996467  -0.010879  0.000000  0.010917  0.999940  0.000218  -0.002937  0.000561  0.000000  0.000000  0.000000  2.000000  
48.814036 0.005329  0.095240  -0.013140  0.996526  0.083276  -0.000909  -0.083281  0.996467  -0.010879  0.000000  0.010917  0.999940  0.000169  -0.003001  0.000486  0.000000  0.000000  0.000000  2.000000  
48.815037 0.005330  0.095238  -0.013141  0.996526  0.083276  -0.000909  -0.083281  0.996467  -0.010879  0.000000  0.010917  0.999940  0.000162  -0.002953  0.000431  0.000000  0.000000  0.000000  2.000000  
48.816038 0.005330  0.095234  -0.013141  0.996526  0.083276  -0.000909  -0.083281  0.996467  -0.010879  0.000000  0.010917  0.999940  0.000154  -0.002987  0.000339  0.000000  0.000000  0.000000  2.000000  
48.817292 0.005331  0.095230  -0.013141  0.996526  0.083276  -0.000909  -0.083281  0.996467  -0.010879  0.000000  0.010917  0.999940  0.000165  -0.002986  0.000303  0.000000  0.000000  0.000000  2.000000  
48.818369 0.005331  0.095228  -0.013140  0.996526  0.083276  -0.000909  -0.083281  0.996467  -0.010879  0.000000  0.010917  0.999940  0.000176  -0.002973  0.000265  0.000000  0.000000  0.000000  2.000000  
48.819539 0.005332  0.095224  -0.013140  0.996526  0.083276  -0.000909  -0.083281  0.996467  -0.010879  0.000000  0.010917  0.999940  0.000260  -0.002938  0.000233  0.000000  0.000000  0.000000  2.000000  
48.820784 0.005333  0.095221  -0.013139  0.996526  0.083275  -0.001042  -0.083281  0.996467  -0.010867  0.000134  0.010917  0.999940  0.000323  -0.002864  0.000228  0.000000  0.000000  0.000000  2.000000  
48.821784 0.005334  0.095219  -0.013139  0.996526  0.083275  -0.001042  -0.083281  0.996467  -0.010867  0.000134  0.010917  0.999940  0.000386  -0.002865  0.000184  0.000000  0.000000  0.000000  2.000000  
48.822784 0.005335  0.095216  -0.013139  0.996526  0.083275  -0.001042  -0.083281  0.996467  -0.010867  0.000134  0.010917  0.999940  0.000449  -0.002839  0.000146  0.000000  0.000000  0.000000  2.000000  
48.824034 0.005336  0.095213  -0.013139  0.996526  0.083275  -0.001042  -0.083281  0.996467  -0.010867  0.000134  0.010917  0.999940  0.000490  -0.002814  0.000130  0.000000  0.000000  0.000000  2.000000  
48.825036 0.005337  0.095211  -0.013139  0.996526  0.083275  -0.001042  -0.083281  0.996467  -0.010867  0.000134  0.010917  0.999940  0.000553  -0.002766  0.000118  0.000000  0.000000  0.000000  2.000000  
48.826284 0.005338  0.095208  -0.013139  0.996526  0.083275  -0.001042  -0.083281  0.996467  -0.010867  0.000134  0.010917  0.999940  0.000633  -0.002717  0.000137  0.000000  0.000000  0.000000  2.000000  
48.827299 0.005339  0.095206  -0.013139  0.996526  0.083275  -0.001042  -0.083281  0.996467  -0.010867  0.000134  0.010917  0.999940  0.000687  -0.002633  0.000116  0.000000  0.000000  0.000000  2.000000  
48.828536 0.005340  0.095203  -0.013139  0.996526  0.083275  -0.001042  -0.083281  0.996467  -0.010867  0.000134  0.010917  0.999940  0.000735  -0.002612  0.000115  0.000000  0.000000  0.000000  2.000000  
48.829791 0.005342  0.095200  -0.013139  0.996526  0.083275  -0.001042  -0.083281  0.996467  -0.010867  0.000134  0.010917  0.999940  0.000792  -0.002533  0.000094  0.000000  0.000000  0.000000  2.000000  
48.831036 0.005343  0.095197  -0.013140  0.996526  0.083275  -0.001042  -0.083281  0.996467  -0.010867  0.000134  0.010917  0.999940  0.000870  -0.002465  0.000068  0.000000  0.000000  0.000000  2.000000  
48.832036 0.005344  0.095195  -0.013140  0.996526  0.083275  -0.001042  -0.083281  0.996467  -0.010867  0.000134  0.010917  0.999940  0.000873  -0.002445  0.000024  0.000000  0.000000  0.000000  2.000000  
48.833037 0.005345  0.095193  -0.013140  0.996526  0.083275  -0.001042  -0.083281  0.996467  -0.010867  0.000134  0.010917  0.999940  0.000896  -0.002375  -0.000009  0.000000  0.000000  0.000000  2.000000  
48.834302 0.005346  0.095191  -0.013140  0.996526  0.083275  -0.001042  -0.083281  0.996467  -0.010867  0.000134  0.010917  0.999940  0.000946  -0.002269  -0.000041  0.000000  0.000000  0.000000  2.000000  
48.835537 0.005347  0.095188  -0.013141  0.996526  0.083275  -0.001042  -0.083281  0.996467  -0.010867  0.000134  0.010917  0.999940  0.000949  -0.002250  -0.000086  0.000000  0.000000  0.000000  2.000000  
48.836788 0.005348  0.095186  -0.013140  0.996526  0.083275  -0.001042  -0.083281  0.996467  -0.010867  0.000134  0.010917  0.999940  0.000950  -0.002174  -0.000047  0.000000  0.000000  0.000000  2.000000  
48.838034 0.005350  0.095183  -0.013140  0.996526  0.083273  -0.001176  -0.083281  0.996467  -0.010856  0.000268  0.010917  0.999940  0.000946  -0.002141  -0.000082  0.000000  0.000000  0.000000  2.000000  
48.839037 0.005350  0.095182  -0.013140  0.996526  0.083273  -0.001176  -0.083281  0.996467  -0.010856  0.000268  0.010917  0.999940  0.000965  -0.002081  -0.000090  0.000000  0.000000  0.000000  2.000000  
48.840289 0.005352  0.095180  -0.013141  0.996509  0.083478  -0.001178  -0.083486  0.996450  -0.010856  0.000268  0.010917  0.999940  0.000947  -0.002034  -0.000107  0.000000  0.000000  0.000000  2.000000  
48.841297 0.005352  0.095178  -0.013140  0.996509  0.083478  -0.001188  -0.083486  0.996448  -0.010977  0.000268  0.011038  0.999939  0.000938  -0.002010  -0.000116  0.000000  0.000000  0.000000  2.000000  
48.842535 0.005353  0.095176  -0.013140  0.996509  0.083478  -0.001188  -0.083486  0.996448  -0.010977  0.000268  0.011038  0.999939  0.000903  -0.001954  -0.000087  0.000000  0.000000  0.000000  2.000000  
48.843537 0.005354  0.095174  -0.013141  0.996509  0.083478  -0.001188  -0.083486  0.996448  -0.010977  0.000268  0.011038  0.999939  0.000900  -0.001941  -0.000106  0.000000  0.000000  0.000000  2.000000  
48.844540 0.005355  0.095172  -0.013141  0.996509  0.083478  -0.001188  -0.083486  0.996448  -0.010977  0.000268  0.011038  0.999939  0.000882  -0.001895  -0.000123  0.000000  0.000000  0.000000  2.000000  
48.845787 0.005356  0.095170  -0.013141  0.996509  0.083478  -0.001188  -0.083486  0.996448  -0.010977  0.000268  0.011038  0.999939  0.000841  -0.001845  -0.000068  0.000000  0.000000  0.000000  2.000000  
48.846789 0.005356  0.095169  -0.013141  0.996509  0.083478  -0.001188  -0.083486  0.996448  -0.010977  0.000268  0.011038  0.999939  0.000853  -0.001771  -0.000066  0.000000  0.000000  0.000000  2.000000  
48.848039 0.005357  0.095167  -0.013141  0.996509  0.083478  -0.001198  -0.083486  0.996447  -0.011098  0.000268  0.011159  0.999938  0.000845  -0.001749  -0.000074  0.000000  0.000000  0.000000  2.000000  
48.849289 0.005358  0.095164  -0.013142  0.996509  0.083477  -0.001332  -0.083486  0.996447  -0.011087  0.000401  0.011159  0.999938  0.000801  -0.001748  -0.000093  0.000000  0.000000  0.000000  2.000000  
48.850299 0.005359  0.095163  -0.013142  0.996509  0.083477  -0.001332  -0.083486  0.996447  -0.011087  0.000401  0.011159  0.999938  0.000775  -0.001704  -0.000084  0.000000  0.000000  0.000000  2.000000  
48.851301 0.005359  0.095162  -0.013142  0.996509  0.083477  -0.001332  -0.083486  0.996447  -0.011087  0.000401  0.011159  0.999938  0.000757  -0.001657  -0.000101  0.000000  0.000000  0.000000  2.000000  
48.852534 0.005360  0.095159  -0.013142  0.996509  0.083477  -0.001342  -0.083486  0.996446  -0.011207  0.000401  0.011280  0.999936  0.000735  -0.001684  -0.000146  0.000000  0.000000  0.000000  2.000000  
48.853534 0.005361  0.095158  -0.013142  0.996509  0.083477  -0.001342  -0.083486  0.996446  -0.011207  0.000401  0.011280  0.999936  0.000715  -0.001659  -0.000119  0.000000  0.000000  0.000000  2.000000  
48.854782 0.005362  0.095156  -0.013142  0.996509  0.083477  -0.001342  -0.083486  0.996446  -0.011207  0.000401  0.011280  0.999936  0.000698  -0.001614  -0.000136  0.000000  0.000000  0.000000  2.000000  
48.855784 0.005362  0.095154  -0.013143  0.996509  0.083477  -0.001342  -0.083486  0.996446  -0.011207  0.000401  0.011280  0.999936  0.000649  -0.001620  -0.000139  0.000000  0.000000  0.000000  2.000000  
48.857032 0.005363  0.095153  -0.013143  0.996509  0.083475  -0.001485  -0.083486  0.996445  -0.011317  0.000535  0.011402  0.999935  0.000639  -0.001593  -0.000137  0.000000  0.000000  0.000000  2.000000  
48.858037 0.005363  0.095151  -0.013143  0.996509  0.083475  -0.001485  -0.083486  0.996445  -0.011317  0.000535  0.011402  0.999935  0.000601  -0.001602  -0.000177  0.000000  0.000000  0.000000  2.000000  
48.859289 0.005364  0.095149  -0.013143  0.996509  0.083475  -0.001485  -0.083486  0.996445  -0.011317  0.000535  0.011402  0.999935  0.000621  -0.001549  -0.000154  0.000000  0.000000  0.000000  2.000000  
48.860540 0.005364  0.095148  -0.013143  0.996509  0.083475  -0.001495  -0.083486  0.996443  -0.011438  0.000535  0.011523  0.999933  0.000602  -0.001526  -0.000138  0.000000  0.000000  0.000000  2.000000  
48.861787 0.005365  0.095146  -0.013144  0.996509  0.083473  -0.001629  -0.083486  0.996443  -0.011427  0.000669  0.011523  0.999933  0.000573  -0.001530  -0.000191  0.000000  0.000000  0.000000  2.000000  
48.862791 0.005365  0.095145  -0.013144  0.996509  0.083473  -0.001629  -0.083486  0.996443  -0.011427  0.000669  0.011523  0.999933  0.000545  -0.001485  -0.000184  0.000000  0.000000  0.000000  2.000000  
48.864036 0.005366  0.095143  -0.013144  0.996509  0.083473  -0.001629  -0.083486  0.996443  -0.011427  0.000669  0.011523  0.999933  0.000515  -0.001437  -0.000165  0.000000  0.000000  0.000000  2.000000  
48.865037 0.005366  0.095142  -0.013145  0.996509  0.083473  -0.001639  -0.083486  0.996442  -0.011548  0.000669  0.011644  0.999932  0.000518  -0.001415  -0.000198  0.000000  0.000000  0.000000  2.000000  
48.866037 0.005366  0.095141  -0.013145  0.996509  0.083473  -0.001639  -0.083486  0.996442  -0.011548  0.000669  0.011644  0.999932  0.000470  -0.001399  -0.000247  0.000000  0.000000  0.000000  2.000000  
48.867037 0.005367  0.095140  -0.013146  0.996509  0.083471  -0.001772  -0.083486  0.996442  -0.011537  0.000803  0.011644  0.999932  0.000481  -0.001324  -0.000245  0.000000  0.000000  0.000000  2.000000  
48.868296 0.005367  0.095139  -0.013147  0.996509  0.083471  -0.001772  -0.083486  0.996442  -0.011537  0.000803  0.011644  0.999932  0.000433  -0.001305  -0.000282  0.000000  0.000000  0.000000  2.000000  
48.869535 0.005367  0.095137  -0.013147  0.996509  0.083471  -0.001772  -0.083486  0.996442  -0.011537  0.000803  0.011644  0.999932  0.000384  -0.001287  -0.000319  0.000000  0.000000  0.000000  2.000000  
48.870782 0.005368  0.095135  -0.013148  0.996509  0.083471  -0.001782  -0.083486  0.996441  -0.011657  0.000803  0.011766  0.999930  0.000389  -0.001268  -0.000350  0.000000  0.000000  0.000000  2.000000  
48.871785 0.005368  0.095134  -0.013148  0.996508  0.083470  -0.001916  -0.083486  0.996441  -0.011646  0.000937  0.011766  0.999930  0.000338  -0.001248  -0.000401  0.000000  0.000000  0.000000  2.000000  
48.873032 0.005368  0.095133  -0.013149  0.996508  0.083470  -0.001916  -0.083486  0.996441  -0.011646  0.000937  0.011766  0.999930  0.000335  -0.001207  -0.000439  0.000000  0.000000  0.000000  2.000000  
48.874037 0.005369  0.095132  -0.013150  0.996508  0.083470  -0.001916  -0.083486  0.996441  -0.011646  0.000937  0.011766  0.999930  0.000334  -0.001184  -0.000500  0.000000  0.000000  0.000000  2.000000  
48.875037 0.005368  0.095131  -0.013151  0.996508  0.083470  -0.001916  -0.083486  0.996441  -0.011646  0.000937  0.011766  0.999930  0.000286  -0.001165  -0.000538  0.000000  0.000000  0.000000  2.000000  
48.876290 0.005369  0.095130  -0.013152  0.996508  0.083468  -0.002049  -0.083486  0.996441  -0.011635  0.001070  0.011766  0.999930  0.000295  -0.001128  -0.000609  0.000000  0.000000  0.000000  2.000000  
48.877292 0.005369  0.095129  -0.013153  0.996508  0.083468  -0.002049  -0.083486  0.996441  -0.011635  0.001070  0.011766  0.999930  0.000286  -0.001105  -0.000617  0.000000  0.000000  0.000000  2.000000  
48.878295 0.005369  0.095128  -0.013154  0.996508  0.083468  -0.002059  -0.083486  0.996440  -0.011756  0.001070  0.011887  0.999929  0.000263  -0.001054  -0.000654  0.000000  0.000000  0.000000  2.000000  
48.879537 0.005369  0.095127  -0.013155  0.996508  0.083468  -0.002059  -0.083486  0.996440  -0.011756  0.001070  0.011887  0.999929  0.000240  -0.001066  -0.000698  0.000000  0.000000  0.000000  2.000000  
48.880786 0.005369  0.095126  -0.013156  0.996508  0.083468  -0.002059  -0.083486  0.996440  -0.011756  0.001070  0.011887  0.999929  0.000214  -0.000998  -0.000724  0.000000  0.000000  0.000000  2.000000  
48.881786 0.005369  0.095125  -0.013157  0.996508  0.083468  -0.002059  -0.083486  0.996440  -0.011756  0.001070  0.011887  0.999929  0.000175  -0.001003  -0.000752  0.000000  0.000000  0.000000  2.000000  
48.882787 0.005370  0.095125  -0.013158  0.996508  0.083468  -0.002059  -0.083486  0.996440  -0.011756  0.001070  0.011887  0.999929  0.000198  -0.000933  -0.000786  0.000000  0.000000  0.000000  2.000000  
48.883830 0.005370  0.095124  -0.013159  0.996508  0.083468  -0.002059  -0.083486  0.996440  -0.011756  0.001070  0.011887  0.999929  0.000183  -0.000899  -0.000814  0.000000  0.000000  0.000000  2.000000  
48.885038 0.005370  0.095123  -0.013160  0.996508  0.083466  -0.002192  -0.083486  0.996440  -0.011745  0.001204  0.011887  0.999929  0.000166  -0.000856  -0.000833  0.000000  0.000000  0.000000  2.000000  
48.886283 0.005370  0.095122  -0.013162  0.996508  0.083466  -0.002192  -0.083486  0.996440  -0.011745  0.001204  0.011887  0.999929  0.000156  -0.000800  -0.000874  0.000000  0.000000  0.000000  2.000000  
48.887292 0.005370  0.095122  -0.013163  0.996508  0.083466  -0.002192  -0.083486  0.996440  -0.011745  0.001204  0.011887  0.999929  0.000101  -0.000770  -0.000933  0.000000  0.000000  0.000000  2.000000  
48.888534 0.005370  0.095121  -0.013164  0.996508  0.083466  -0.002192  -0.083486  0.996440  -0.011745  0.001204  0.011887  0.999929  0.000092  -0.000748  -0.000942  0.000000  0.000000  0.000000  2.000000  
48.889787 0.005370  0.095121  -0.013165  0.996508  0.083466  -0.002192  -0.083486  0.996440  -0.011745  0.001204  0.011887  0.999929  0.000116  -0.000677  -0.000976  0.000000  0.000000  0.000000  2.000000  
48.891037 0.005370  0.095120  -0.013167  0.996508  0.083466  -0.002192  -0.083486  0.996440  -0.011745  0.001204  0.011887  0.999929  0.000087  -0.000629  -0.000958  0.000000  0.000000  0.000000  2.000000  
48.892037 0.005370  0.095120  -0.013168  0.996508  0.083466  -0.002192  -0.083486  0.996440  -0.011745  0.001204  0.011887  0.999929  0.000088  -0.000598  -0.000986  0.000000  0.000000  0.000000  2.000000  
48.893290 0.005370  0.095119  -0.013169  0.996508  0.083466  -0.002192  -0.083486  0.996440  -0.011745  0.001204  0.011887  0.999929  0.000079  -0.000575  -0.000995  0.000000  0.000000  0.000000  2.000000  
48.894299 0.005371  0.095119  -0.013169  0.996508  0.083466  -0.002192  -0.083486  0.996440  -0.011745  0.001204  0.011887  0.999929  0.000081  -0.000508  -0.000972  0.000000  0.000000  0.000000  2.000000  
48.895536 0.005371  0.095119  -0.013170  0.996508  0.083466  -0.002192  -0.083486  0.996440  -0.011745  0.001204  0.011887  0.999929  0.000112  -0.000453  -0.000981  0.000000  0.000000  0.000000  2.000000  
48.896543 0.005371  0.095119  -0.013171  0.996508  0.083466  -0.002192  -0.083486  0.996440  -0.011745  0.001204  0.011887  0.999929  0.000093  -0.000435  -0.000970  0.000000  0.000000  0.000000  2.000000  
48.897786 0.005371  0.095119  -0.013173  0.996508  0.083466  -0.002192  -0.083486  0.996440  -0.011745  0.001204  0.011887  0.999929  0.000074  -0.000383  -0.000971  0.000000  0.000000  0.000000  2.000000  
48.898786 0.005371  0.095119  -0.013173  0.996508  0.083466  -0.002192  -0.083486  0.996440  -0.011745  0.001204  0.011887  0.999929  0.000084  -0.000332  -0.000927  0.000000  0.000000  0.000000  2.000000  
48.899786 0.005371  0.095119  -0.013174  0.996508  0.083466  -0.002192  -0.083486  0.996440  -0.011745  0.001204  0.011887  0.999929  0.000105  -0.000281  -0.000914  0.000000  0.000000  0.000000  2.000000  
48.900787 0.005371  0.095119  -0.013174  0.996508  0.083466  -0.002182  -0.083486  0.996441  -0.011624  0.001204  0.011766  0.999930  0.000096  -0.000208  -0.000854  0.000000  0.000000  0.000000  2.000000  
48.902036 0.005372  0.095120  -0.013175  0.996525  0.083261  -0.002180  -0.083281  0.996458  -0.011624  0.001204  0.011766  0.999930  0.000157  -0.000153  -0.000815  0.000000  0.000000  0.000000  2.000000  
48.903310 0.005372  0.095120  -0.013176  0.996525  0.083261  -0.002180  -0.083281  0.996458  -0.011624  0.001204  0.011766  0.999930  0.000158  -0.000077  -0.000774  0.000000  0.000000  0.000000  2.000000  
48.904536 0.005373  0.095120  -0.013176  0.996525  0.083261  -0.002180  -0.083281  0.996458  -0.011624  0.001204  0.011766  0.999930  0.000168  -0.000024  -0.000728  0.000000  0.000000  0.000000  2.000000  
48.905782 0.005373  0.095121  -0.013176  0.996525  0.083261  -0.002180  -0.083281  0.996458  -0.011624  0.001204  0.011766  0.999930  0.000208  0.000056  -0.000661  0.000000  0.000000  0.000000  2.000000  
48.906791 0.005373  0.095121  -0.013177  0.996525  0.083261  -0.002180  -0.083281  0.996458  -0.011624  0.001204  0.011766  0.999930  0.000197  0.000058  -0.000625  0.000000  0.000000  0.000000  2.000000  
48.908035 0.005374  0.095122  -0.013177  0.996525  0.083261  -0.002180  -0.083281  0.996458  -0.011624  0.001204  0.011766  0.999930  0.000226  0.000141  -0.000521  0.000000  0.000000  0.000000  2.000000  
48.909037 0.005374  0.095122  -0.013177  0.996525  0.083261  -0.002180  -0.083281  0.996458  -0.011624  0.001204  0.011766  0.999930  0.000243  0.000188  -0.000502  0.000000  0.000000  0.000000  2.000000  
48.910286 0.005375  0.095123  -0.013177  0.996525  0.083261  -0.002180  -0.083281  0.996458  -0.011624  0.001204  0.011766  0.999930  0.000262  0.000217  -0.000447  0.000000  0.000000  0.000000  2.000000  
48.911303 0.005375  0.095123  -0.013177  0.996525  0.083261  -0.002180  -0.083281  0.996458  -0.011624  0.001204  0.011766  0.999930  0.000327  0.000276  -0.000414  0.000000  0.000000  0.000000  2.000000  
48.912536 0.005376  0.095123  -0.013178  0.996525  0.083261  -0.002180  -0.083281  0.996458  -0.011624  0.001204  0.011766  0.999930  0.000349  0.000278  -0.000344  0.000000  0.000000  0.000000  2.000000  
48.913787 0.005376  0.095124  -0.013178  0.996525  0.083261  -0.002180  -0.083281  0.996458  -0.011624  0.001204  0.011766  0.999930  0.000354  0.000338  -0.000266  0.000000  0.000000  0.000000  2.000000  
48.914787 0.005377  0.095124  -0.013178  0.996525  0.083261  -0.002180  -0.083281  0.996458  -0.011624  0.001204  0.011766  0.999930  0.000384  0.000365  -0.000246  0.000000  0.000000  0.000000  2.000000  
48.916037 0.005377  0.095125  -0.013177  0.996525  0.083261  -0.002180  -0.083281  0.996458  -0.011624  0.001204  0.011766  0.999930  0.000376  0.000339  -0.000197  0.000000  0.000000  0.000000  2.000000  
48.917290 0.005378  0.095125  -0.013178  0.996525  0.083262  -0.002170  -0.083281  0.996460  -0.011504  0.001204  0.011644  0.999931  0.000405  0.000366  -0.000178  0.000000  0.000000  0.000000  2.000000  
48.918296 0.005379  0.095126  -0.013177  0.996525  0.083262  -0.002170  -0.083281  0.996460  -0.011504  0.001204  0.011644  0.999931  0.000433  0.000373  -0.000114  0.000000  0.000000  0.000000  2.000000  
48.919540 0.005379  0.095126  -0.013177  0.996525  0.083262  -0.002170  -0.083281  0.996460  -0.011504  0.001204  0.011644  0.999931  0.000429  0.000381  -0.000080  0.000000  0.000000  0.000000  2.000000  
