1-Time 2-Px 3-Py 4-Pz 5-R11 6-R21 7-R31 8-R12 9-R22 10-R32 11-R13 12-R23 13-R33 14-Vx 15-Vy 16-Vz 17-Wx 18-Wy 19-Wz 20-state 21-PR11 22-PR21 23-PR31 24-PR12 25-PR22 26-PR32 27-PR13 28-PR23 29-PR33 
53.484603 0.007183  0.092146  -0.000784  0.997433  0.015125  0.069985  -0.016018  0.999797  0.012220  -0.069786  -0.013310  0.997473  -0.000053  0.000001  0.000001  0.000000  0.000000  0.000000  2.000000  
53.485603 0.007183  0.092145  -0.000784  0.997433  0.015125  0.069985  -0.016018  0.999797  0.012220  -0.069786  -0.013310  0.997473  0.000000  0.000000  0.000000  0.000000  0.000000  0.000000  2.000000  
53.486605 0.007183  0.092145  -0.000785  0.997433  0.015125  0.069985  -0.016018  0.999797  0.012220  -0.069786  -0.013310  0.997473  0.000030  -0.000054  -0.000011  0.000000  0.000000  0.000000  2.000000  
53.487857 0.007185  0.092143  -0.000785  0.997411  0.015319  0.070256  -0.016223  0.999792  0.012323  -0.070053  -0.013430  0.997453  0.000159  -0.000169  -0.000066  0.000000  0.000000  0.000000  2.000000  
53.488860 0.007186  0.092141  -0.000786  0.997402  0.015317  0.070390  -0.016223  0.999792  0.012320  -0.070187  -0.013430  0.997443  0.000242  -0.000307  -0.000109  0.000000  0.000000  0.000000  2.000000  
53.490110 0.007188  0.092139  -0.000786  0.997393  0.015315  0.070523  -0.016223  0.999793  0.012318  -0.070320  -0.013430  0.997434  0.000375  -0.000469  -0.000108  0.000000  0.000000  0.000000  2.000000  
53.491112 0.007190  0.092137  -0.000786  0.997383  0.015305  0.070659  -0.016223  0.999791  0.012437  -0.070453  -0.013551  0.997423  0.000495  -0.000601  -0.000117  0.000000  0.000000  0.000000  2.000000  
53.492113 0.007192  0.092136  -0.000785  0.997383  0.015305  0.070659  -0.016223  0.999791  0.012437  -0.070453  -0.013551  0.997423  0.000640  -0.000683  -0.000117  0.000000  0.000000  0.000000  2.000000  
53.493115 0.007195  0.092135  -0.000786  0.997383  0.015305  0.070659  -0.016223  0.999791  0.012437  -0.070453  -0.013551  0.997423  0.000795  -0.000781  -0.000137  0.000000  0.000000  0.000000  2.000000  
53.494372 0.007198  0.092133  -0.000785  0.997374  0.015294  0.070794  -0.016223  0.999790  0.012556  -0.070587  -0.013672  0.997412  0.001021  -0.000925  -0.000116  0.000000  0.000000  0.000000  2.000000  
53.495613 0.007201  0.092130  -0.000785  0.997361  0.015498  0.070930  -0.016428  0.999786  0.012540  -0.070720  -0.013672  0.997402  0.001245  -0.001083  -0.000082  0.000000  0.000000  0.000000  2.000000  
53.496615 0.007204  0.092129  -0.000784  0.997342  0.015486  0.071199  -0.016427  0.999785  0.012657  -0.070987  -0.013793  0.997382  0.001423  -0.001182  -0.000004  0.000000  0.000000  0.000000  2.000000  
53.497863 0.007208  0.092126  -0.000782  0.997320  0.015688  0.071468  -0.016632  0.999782  0.012637  -0.071254  -0.013792  0.997363  0.001678  -0.001356  0.000108  0.000000  0.000000  0.000000  2.000000  
53.498863 0.007210  0.092124  -0.000780  0.997297  0.015890  0.071738  -0.016837  0.999779  0.012618  -0.071521  -0.013792  0.997344  0.001857  -0.001500  0.000243  0.000000  0.000000  0.000000  2.000000  
53.500109 0.007213  0.092121  -0.000778  0.997278  0.015887  0.072004  -0.016837  0.999779  0.012614  -0.071788  -0.013792  0.997325  0.002041  -0.001690  0.000435  0.000000  0.000000  0.000000  2.000000  
53.501359 0.007214  0.092117  -0.000776  0.997265  0.016090  0.072140  -0.017042  0.999775  0.012597  -0.071922  -0.013792  0.997315  0.002065  -0.001880  0.000564  0.000000  0.000000  0.000000  2.000000  
53.502360 0.007215  0.092113  -0.000775  0.997255  0.016089  0.072274  -0.017042  0.999775  0.012594  -0.072055  -0.013791  0.997305  0.002103  -0.002001  0.000686  0.000000  0.000000  0.000000  2.000000  
53.503608 0.007216  0.092109  -0.000774  0.997252  0.016294  0.072276  -0.017247  0.999772  0.012579  -0.072055  -0.013791  0.997305  0.002050  -0.002193  0.000746  0.000000  0.000000  0.000000  2.000000  
53.504634 0.007218  0.092105  -0.000774  0.997238  0.016490  0.072414  -0.017452  0.999767  0.012684  -0.072188  -0.013912  0.997294  0.002021  -0.002328  0.000771  0.000000  0.000000  0.000000  2.000000  
53.505855 0.007218  0.092100  -0.000774  0.997215  0.016692  0.072684  -0.017657  0.999764  0.012664  -0.072455  -0.013912  0.997275  0.001933  -0.002521  0.000797  0.000000  0.000000  0.000000  2.000000  
53.507108 0.007219  0.092095  -0.000775  0.997192  0.016894  0.072953  -0.017862  0.999761  0.012644  -0.072722  -0.013912  0.997255  0.001804  -0.002734  0.000725  0.000000  0.000000  0.000000  2.000000  
53.508451 0.007221  0.092090  -0.000775  0.997179  0.017098  0.073089  -0.018068  0.999757  0.012627  -0.072856  -0.013912  0.997245  0.001644  -0.002942  0.000749  0.000000  0.000000  0.000000  2.000000  
53.509605 0.007221  0.092085  -0.000776  0.997159  0.017094  0.073356  -0.018067  0.999757  0.012622  -0.073123  -0.013911  0.997226  0.001481  -0.003156  0.000615  0.000000  0.000000  0.000000  2.000000  
53.510613 0.007221  0.092080  -0.000777  0.997156  0.017300  0.073359  -0.018272  0.999754  0.012607  -0.073123  -0.013911  0.997226  0.001305  -0.003374  0.000530  0.000000  0.000000  0.000000  2.000000  
53.511858 0.007222  0.092074  -0.000779  0.997142  0.017504  0.073495  -0.018478  0.999750  0.012589  -0.073256  -0.013911  0.997216  0.001122  -0.003597  0.000340  0.000000  0.000000  0.000000  2.000000  
53.513107 0.007222  0.092069  -0.000779  0.997138  0.017710  0.073497  -0.018683  0.999746  0.012574  -0.073256  -0.013911  0.997216  0.000878  -0.003821  0.000171  0.000000  0.000000  0.000000  2.000000  
53.514372 0.007221  0.092062  -0.000780  0.997134  0.017916  0.073500  -0.018888  0.999743  0.012559  -0.073256  -0.013911  0.997216  0.000648  -0.004049  -0.000032  0.000000  0.000000  0.000000  2.000000  
53.515607 0.007221  0.092056  -0.000780  0.997134  0.017916  0.073500  -0.018888  0.999743  0.012559  -0.073256  -0.013911  0.997216  0.000532  -0.004221  -0.000193  0.000000  0.000000  0.000000  2.000000  
53.516607 0.007221  0.092051  -0.000781  0.997121  0.018128  0.073634  -0.019093  0.999741  0.012420  -0.073389  -0.013790  0.997208  0.000446  -0.004367  -0.000332  0.000000  0.000000  0.000000  2.000000  
53.517607 0.007221  0.092045  -0.000781  0.997121  0.018128  0.073634  -0.019093  0.999741  0.012420  -0.073389  -0.013790  0.997208  0.000384  -0.004506  -0.000406  0.000000  0.000000  0.000000  2.000000  
53.518855 0.007222  0.092038  -0.000782  0.997117  0.018334  0.073636  -0.019298  0.999737  0.012405  -0.073389  -0.013790  0.997208  0.000359  -0.004677  -0.000535  0.000000  0.000000  0.000000  2.000000  
53.519855 0.007221  0.092032  -0.000783  0.997113  0.018540  0.073639  -0.019504  0.999733  0.012390  -0.073389  -0.013790  0.997208  0.000249  -0.004812  -0.000586  0.000000  0.000000  0.000000  2.000000  
53.520859 0.007222  0.092027  -0.000783  0.997113  0.018540  0.073639  -0.019504  0.999733  0.012390  -0.073389  -0.013790  0.997208  0.000204  -0.004918  -0.000606  0.000000  0.000000  0.000000  2.000000  
53.522103 0.007222  0.092020  -0.000784  0.997122  0.018542  0.073505  -0.019504  0.999733  0.012392  -0.073256  -0.013790  0.997218  0.000193  -0.005020  -0.000615  0.000000  0.000000  0.000000  2.000000  
53.523105 0.007223  0.092015  -0.000785  0.997122  0.018551  0.073503  -0.019504  0.999734  0.012271  -0.073256  -0.013669  0.997219  0.000184  -0.005076  -0.000657  0.000000  0.000000  0.000000  2.000000  
53.524108 0.007224  0.092010  -0.000785  0.997118  0.018757  0.073506  -0.019709  0.999731  0.012256  -0.073256  -0.013669  0.997219  0.000200  -0.005126  -0.000635  0.000000  0.000000  0.000000  2.000000  
53.525358 0.007225  0.092004  -0.000787  0.997128  0.018758  0.073372  -0.019709  0.999731  0.012259  -0.073123  -0.013669  0.997229  0.000244  -0.005191  -0.000679  0.000000  0.000000  0.000000  2.000000  
53.526363 0.007226  0.091999  -0.000788  0.997128  0.018758  0.073372  -0.019709  0.999731  0.012259  -0.073123  -0.013669  0.997229  0.000326  -0.005239  -0.000689  0.000000  0.000000  0.000000  2.000000  
53.527364 0.007227  0.091993  -0.000790  0.997124  0.018964  0.073375  -0.019915  0.999727  0.012243  -0.073123  -0.013669  0.997229  0.000383  -0.005281  -0.000757  0.000000  0.000000  0.000000  2.000000  
53.528607 0.007229  0.091986  -0.000792  0.997124  0.018973  0.073372  -0.019915  0.999728  0.012122  -0.073123  -0.013548  0.997231  0.000487  -0.005342  -0.000854  0.000000  0.000000  0.000000  2.000000  
53.529610 0.007230  0.091980  -0.000794  0.997124  0.018973  0.073372  -0.019915  0.999728  0.012122  -0.073123  -0.013548  0.997231  0.000547  -0.005387  -0.000925  0.000000  0.000000  0.000000  2.000000  
53.530611 0.007231  0.091974  -0.000796  0.997124  0.018973  0.073372  -0.019915  0.999728  0.012122  -0.073123  -0.013548  0.997231  0.000665  -0.005431  -0.001048  0.000000  0.000000  0.000000  2.000000  
53.531860 0.007233  0.091968  -0.000797  0.997130  0.019181  0.073242  -0.020120  0.999724  0.012110  -0.072989  -0.013549  0.997241  0.000778  -0.005414  -0.001095  0.000000  0.000000  0.000000  2.000000  
53.533107 0.007235  0.091961  -0.000797  0.997130  0.019181  0.073242  -0.020120  0.999724  0.012110  -0.072989  -0.013549  0.997241  0.000925  -0.005374  -0.001023  0.000000  0.000000  0.000000  2.000000  
53.534107 0.007237  0.091956  -0.000798  0.997140  0.019183  0.073108  -0.020120  0.999724  0.012112  -0.072856  -0.013549  0.997250  0.001033  -0.005339  -0.001033  0.000000  0.000000  0.000000  2.000000  
53.535360 0.007239  0.091950  -0.000797  0.997140  0.019191  0.073106  -0.020120  0.999726  0.011991  -0.072856  -0.013428  0.997252  0.001174  -0.005295  -0.000960  0.000000  0.000000  0.000000  2.000000  
53.536362 0.007241  0.091944  -0.000797  0.997149  0.019193  0.072972  -0.020121  0.999726  0.011994  -0.072722  -0.013428  0.997262  0.001272  -0.005293  -0.000877  0.000000  0.000000  0.000000  2.000000  
53.537606 0.007243  0.091937  -0.000797  0.997145  0.019399  0.072975  -0.020326  0.999722  0.011979  -0.072722  -0.013428  0.997262  0.001388  -0.005309  -0.000819  0.000000  0.000000  0.000000  2.000000  
53.538607 0.007245  0.091932  -0.000796  0.997145  0.019399  0.072975  -0.020326  0.999722  0.011979  -0.072722  -0.013428  0.997262  0.001436  -0.005389  -0.000765  0.000000  0.000000  0.000000  2.000000  
53.539607 0.007247  0.091927  -0.000796  0.997155  0.019410  0.072839  -0.020326  0.999723  0.011860  -0.072589  -0.013307  0.997273  0.001508  -0.005405  -0.000654  0.000000  0.000000  0.000000  2.000000  
53.540858 0.007249  0.091921  -0.000795  0.997155  0.019410  0.072839  -0.020326  0.999723  0.011860  -0.072589  -0.013307  0.997273  0.001536  -0.005360  -0.000498  0.000000  0.000000  0.000000  2.000000  
53.541858 0.007251  0.091916  -0.000795  0.997165  0.019420  0.072703  -0.020326  0.999724  0.011742  -0.072455  -0.013186  0.997284  0.001577  -0.005321  -0.000376  0.000000  0.000000  0.000000  2.000000  
53.543103 0.007253  0.091911  -0.000794  0.997160  0.019626  0.072706  -0.020532  0.999720  0.011727  -0.072455  -0.013186  0.997284  0.001669  -0.005187  -0.000184  0.000000  0.000000  0.000000  2.000000  
53.544111 0.007254  0.091906  -0.000794  0.997170  0.019637  0.072570  -0.020532  0.999722  0.011608  -0.072322  -0.013065  0.997296  0.001710  -0.005099  -0.000023  0.000000  0.000000  0.000000  2.000000  
53.545360 0.007256  0.091901  -0.000794  0.997170  0.019637  0.072570  -0.020532  0.999722  0.011608  -0.072322  -0.013065  0.997296  0.001744  -0.005003  0.000076  0.000000  0.000000  0.000000  2.000000  
53.546373 0.007258  0.091896  -0.000793  0.997170  0.019637  0.072570  -0.020532  0.999722  0.011608  -0.072322  -0.013065  0.997296  0.001706  -0.004954  0.000232  0.000000  0.000000  0.000000  2.000000  
53.547607 0.007259  0.091890  -0.000793  0.997166  0.019851  0.072570  -0.020737  0.999719  0.011472  -0.072322  -0.012944  0.997297  0.001702  -0.004897  0.000310  0.000000  0.000000  0.000000  2.000000  
53.548860 0.007262  0.091885  -0.000791  0.997166  0.019851  0.072570  -0.020737  0.999719  0.011472  -0.072322  -0.012944  0.997297  0.001681  -0.004830  0.000421  0.000000  0.000000  0.000000  2.000000  
53.550109 0.007263  0.091879  -0.000791  0.997166  0.019860  0.072568  -0.020737  0.999721  0.011351  -0.072322  -0.012823  0.997299  0.001651  -0.004777  0.000432  0.000000  0.000000  0.000000  2.000000  
53.551128 0.007265  0.091874  -0.000790  0.997161  0.020066  0.072570  -0.020942  0.999716  0.011336  -0.072322  -0.012823  0.997299  0.001619  -0.004717  0.000442  0.000000  0.000000  0.000000  2.000000  
53.552357 0.007266  0.091868  -0.000790  0.997171  0.020068  0.072437  -0.020943  0.999716  0.011339  -0.072188  -0.012824  0.997309  0.001565  -0.004717  0.000470  0.000000  0.000000  0.000000  2.000000  
53.553358 0.007267  0.091863  -0.000789  0.997171  0.020076  0.072434  -0.020943  0.999718  0.011217  -0.072188  -0.012703  0.997310  0.001499  -0.004715  0.000504  0.000000  0.000000  0.000000  2.000000  
53.554603 0.007268  0.091856  -0.000788  0.997181  0.020078  0.072301  -0.020943  0.999718  0.011220  -0.072055  -0.012703  0.997320  0.001394  -0.004711  0.000505  0.000000  0.000000  0.000000  2.000000  
53.555605 0.007269  0.091851  -0.000787  0.997181  0.020087  0.072298  -0.020943  0.999719  0.011099  -0.072055  -0.012582  0.997321  0.001335  -0.004781  0.000582  0.000000  0.000000  0.000000  2.000000  
53.556858 0.007270  0.091844  -0.000785  0.997176  0.020293  0.072301  -0.021148  0.999715  0.011084  -0.072055  -0.012582  0.997321  0.001277  -0.004793  0.000651  0.000000  0.000000  0.000000  2.000000  
53.558110 0.007271  0.091838  -0.000783  0.997176  0.020301  0.072298  -0.021148  0.999716  0.010963  -0.072055  -0.012461  0.997323  0.001202  -0.004859  0.000764  0.000000  0.000000  0.000000  2.000000  
53.559369 0.007271  0.091831  -0.000782  0.997176  0.020310  0.072296  -0.021148  0.999718  0.010842  -0.072055  -0.012340  0.997324  0.001082  -0.004895  0.000855  0.000000  0.000000  0.000000  2.000000  
53.560617 0.007272  0.091825  -0.000781  0.997186  0.020321  0.072160  -0.021148  0.999719  0.010723  -0.071922  -0.012219  0.997335  0.001022  -0.004915  0.000901  0.000000  0.000000  0.000000  2.000000  
53.561860 0.007272  0.091819  -0.000780  0.997186  0.020321  0.072160  -0.021148  0.999719  0.010723  -0.071922  -0.012219  0.997335  0.000932  -0.004966  0.000926  0.000000  0.000000  0.000000  2.000000  
53.563108 0.007272  0.091813  -0.000779  0.997186  0.020329  0.072157  -0.021148  0.999720  0.010602  -0.071922  -0.012098  0.997337  0.000786  -0.005051  0.000862  0.000000  0.000000  0.000000  2.000000  
53.564375 0.007272  0.091806  -0.000779  0.997196  0.020340  0.072021  -0.021148  0.999721  0.010483  -0.071788  -0.011977  0.997348  0.000661  -0.005076  0.000807  0.000000  0.000000  0.000000  2.000000  
53.565607 0.007272  0.091800  -0.000780  0.997196  0.020348  0.072019  -0.021148  0.999723  0.010362  -0.071788  -0.011856  0.997349  0.000567  -0.005106  0.000743  0.000000  0.000000  0.000000  2.000000  
53.566608 0.007272  0.091794  -0.000780  0.997200  0.020143  0.072017  -0.020943  0.999727  0.010377  -0.071788  -0.011856  0.997349  0.000422  -0.005168  0.000712  0.000000  0.000000  0.000000  2.000000  
53.567858 0.007271  0.091787  -0.000779  0.997200  0.020151  0.072014  -0.020943  0.999728  0.010256  -0.071788  -0.011735  0.997351  0.000298  -0.005197  0.000657  0.000000  0.000000  0.000000  2.000000  
53.569104 0.007270  0.091780  -0.000780  0.997200  0.020160  0.072012  -0.020943  0.999729  0.010134  -0.071788  -0.011614  0.997352  0.000187  -0.005273  0.000585  0.000000  0.000000  0.000000  2.000000  
53.570105 0.007270  0.091774  -0.000780  0.997210  0.020162  0.071878  -0.020943  0.999729  0.010137  -0.071655  -0.011614  0.997362  0.000057  -0.005324  0.000472  0.000000  0.000000  0.000000  2.000000  
53.571108 0.007269  0.091767  -0.000780  0.997210  0.020170  0.071876  -0.020943  0.999730  0.010016  -0.071655  -0.011493  0.997363  -0.000037  -0.005406  0.000407  0.000000  0.000000  0.000000  2.000000  
53.572359 0.007268  0.091759  -0.000780  0.997219  0.020172  0.071743  -0.020944  0.999730  0.010019  -0.071521  -0.011493  0.997373  -0.000194  -0.005502  0.000242  0.000000  0.000000  0.000000  2.000000  
53.573603 0.007266  0.091752  -0.000781  0.997223  0.019975  0.071738  -0.020738  0.999736  0.009912  -0.071521  -0.011372  0.997374  -0.000320  -0.005574  0.000099  0.000000  0.000000  0.000000  2.000000  
53.574858 0.007265  0.091744  -0.000781  0.997233  0.019985  0.071602  -0.020738  0.999737  0.009794  -0.071388  -0.011252  0.997385  -0.000408  -0.005654  0.000003  0.000000  0.000000  0.000000  2.000000  
53.576103 0.007264  0.091736  -0.000781  0.997233  0.019994  0.071600  -0.020738  0.999738  0.009673  -0.071388  -0.011131  0.997387  -0.000536  -0.005779  -0.000038  0.000000  0.000000  0.000000  2.000000  
53.577111 0.007263  0.091730  -0.000781  0.997243  0.020004  0.071464  -0.020739  0.999739  0.009554  -0.071254  -0.011010  0.997397  -0.000632  -0.005860  -0.000116  0.000000  0.000000  0.000000  2.000000  
53.578370 0.007261  0.091723  -0.000782  0.997243  0.020013  0.071462  -0.020739  0.999740  0.009433  -0.071254  -0.010889  0.997399  -0.000747  -0.005906  -0.000159  0.000000  0.000000  0.000000  2.000000  
53.579372 0.007259  0.091717  -0.000782  0.997252  0.020023  0.071326  -0.020739  0.999742  0.009314  -0.071121  -0.010768  0.997410  -0.000856  -0.005971  -0.000185  0.000000  0.000000  0.000000  2.000000  
53.580611 0.007258  0.091709  -0.000783  0.997262  0.020033  0.071190  -0.020739  0.999743  0.009196  -0.070987  -0.010647  0.997420  -0.000971  -0.006046  -0.000232  0.000000  0.000000  0.000000  2.000000  
53.581856 0.007256  0.091702  -0.000784  0.997266  0.019844  0.071183  -0.020534  0.999749  0.008968  -0.070987  -0.010405  0.997423  -0.001078  -0.006060  -0.000313  0.000000  0.000000  0.000000  2.000000  
53.582857 0.007254  0.091696  -0.000784  0.997275  0.019854  0.071047  -0.020534  0.999750  0.008849  -0.070854  -0.010284  0.997434  -0.001161  -0.006085  -0.000334  0.000000  0.000000  0.000000  2.000000  
53.583858 0.007252  0.091690  -0.000785  0.997275  0.019863  0.071045  -0.020534  0.999751  0.008728  -0.070854  -0.010163  0.997435  -0.001227  -0.006082  -0.000352  0.000000  0.000000  0.000000  2.000000  
53.584877 0.007251  0.091684  -0.000785  0.997285  0.019873  0.070909  -0.020534  0.999752  0.008610  -0.070720  -0.010042  0.997446  -0.001287  -0.006047  -0.000363  0.000000  0.000000  0.000000  2.000000  
53.586103 0.007248  0.091677  -0.000786  0.997294  0.019883  0.070773  -0.020534  0.999753  0.008491  -0.070587  -0.009921  0.997456  -0.001368  -0.006016  -0.000432  0.000000  0.000000  0.000000  2.000000  
53.587109 0.007246  0.091671  -0.000787  0.997294  0.019891  0.070771  -0.020534  0.999754  0.008370  -0.070587  -0.009800  0.997457  -0.001437  -0.006011  -0.000452  0.000000  0.000000  0.000000  2.000000  
53.588358 0.007244  0.091663  -0.000788  0.997304  0.019901  0.070635  -0.020534  0.999755  0.008251  -0.070453  -0.009679  0.997468  -0.001484  -0.005987  -0.000497  0.000000  0.000000  0.000000  2.000000  
53.589369 0.007242  0.091657  -0.000789  0.997308  0.019704  0.070631  -0.020329  0.999760  0.008145  -0.070453  -0.009559  0.997469  -0.001570  -0.005964  -0.000574  0.000000  0.000000  0.000000  2.000000  
53.590603 0.007240  0.091650  -0.000790  0.997317  0.019714  0.070495  -0.020329  0.999761  0.008026  -0.070320  -0.009438  0.997480  -0.001644  -0.005976  -0.000584  0.000000  0.000000  0.000000  2.000000  
53.591604 0.007238  0.091644  -0.000790  0.997327  0.019724  0.070359  -0.020330  0.999762  0.007907  -0.070187  -0.009317  0.997490  -0.001674  -0.005921  -0.000574  0.000000  0.000000  0.000000  2.000000  
53.592605 0.007237  0.091639  -0.000790  0.997336  0.019733  0.070223  -0.020330  0.999763  0.007789  -0.070053  -0.009196  0.997501  -0.001683  -0.005899  -0.000585  0.000000  0.000000  0.000000  2.000000  
53.593605 0.007235  0.091633  -0.000791  0.997336  0.019733  0.070223  -0.020330  0.999763  0.007789  -0.070053  -0.009196  0.997501  -0.001734  -0.005895  -0.000584  0.000000  0.000000  0.000000  2.000000  
53.594609 0.007234  0.091628  -0.000791  0.997345  0.019752  0.070085  -0.020330  0.999765  0.007549  -0.069920  -0.008954  0.997512  -0.001709  -0.005828  -0.000531  0.000000  0.000000  0.000000  2.000000  
53.595858 0.007232  0.091621  -0.000791  0.997355  0.019761  0.069949  -0.020330  0.999766  0.007431  -0.069786  -0.008833  0.997523  -0.001717  -0.005804  -0.000542  0.000000  0.000000  0.000000  2.000000  
53.597111 0.007229  0.091615  -0.000791  0.997359  0.019564  0.069945  -0.020125  0.999771  0.007324  -0.069786  -0.008712  0.997524  -0.001724  -0.005743  -0.000465  0.000000  0.000000  0.000000  2.000000  
53.598363 0.007227  0.091608  -0.000792  0.997368  0.019582  0.069807  -0.020125  0.999772  0.007084  -0.069653  -0.008470  0.997535  -0.001739  -0.005690  -0.000488  0.000000  0.000000  0.000000  2.000000  
53.599372 0.007226  0.091603  -0.000791  0.997378  0.019592  0.069671  -0.020125  0.999773  0.006965  -0.069519  -0.008349  0.997546  -0.001730  -0.005629  -0.000444  0.000000  0.000000  0.000000  2.000000  
53.600607 0.007224  0.091597  -0.000792  0.997387  0.019601  0.069536  -0.020125  0.999774  0.006847  -0.069386  -0.008228  0.997556  -0.001654  -0.005497  -0.000402  0.000000  0.000000  0.000000  2.000000  
53.601608 0.007222  0.091592  -0.000792  0.997396  0.019611  0.069400  -0.020126  0.999775  0.006728  -0.069252  -0.008107  0.997566  -0.001668  -0.005411  -0.000337  0.000000  0.000000  0.000000  2.000000  
53.602853 0.007221  0.091587  -0.000792  0.997405  0.019620  0.069264  -0.020126  0.999776  0.006610  -0.069119  -0.007986  0.997576  -0.001572  -0.005290  -0.000277  0.000000  0.000000  0.000000  2.000000  
53.603856 0.007220  0.091582  -0.000792  0.997405  0.019629  0.069262  -0.020126  0.999776  0.006488  -0.069119  -0.007865  0.997577  -0.001566  -0.005184  -0.000196  0.000000  0.000000  0.000000  2.000000  
53.605103 0.007218  0.091577  -0.000791  0.997424  0.019647  0.068990  -0.020126  0.999778  0.006251  -0.068852  -0.007624  0.997598  -0.001495  -0.005045  -0.000117  0.000000  0.000000  0.000000  2.000000  
53.606360 0.007217  0.091572  -0.000791  0.997437  0.019451  0.068853  -0.019921  0.999783  0.006147  -0.068718  -0.007503  0.997608  -0.001456  -0.004909  -0.000109  0.000000  0.000000  0.000000  2.000000  
53.607605 0.007215  0.091567  -0.000791  0.997446  0.019460  0.068717  -0.019921  0.999783  0.006028  -0.068585  -0.007382  0.997618  -0.001411  -0.004748  -0.000049  0.000000  0.000000  0.000000  2.000000  
53.608855 0.007214  0.091562  -0.000791  0.997456  0.019470  0.068581  -0.019921  0.999784  0.005909  -0.068451  -0.007261  0.997628  -0.001388  -0.004670  -0.000048  0.000000  0.000000  0.000000  2.000000  
53.609856 0.007212  0.091558  -0.000792  0.997465  0.019479  0.068445  -0.019922  0.999785  0.005791  -0.068318  -0.007140  0.997638  -0.001411  -0.004595  -0.000082  0.000000  0.000000  0.000000  2.000000  
53.610861 0.007211  0.091554  -0.000791  0.997465  0.019487  0.068443  -0.019922  0.999785  0.005670  -0.068318  -0.007019  0.997639  -0.001312  -0.004430  -0.000022  0.000000  0.000000  0.000000  2.000000  
53.612107 0.007210  0.091550  -0.000792  0.997483  0.019506  0.068171  -0.019922  0.999787  0.005432  -0.068051  -0.006777  0.997659  -0.001298  -0.004333  -0.000033  0.000000  0.000000  0.000000  2.000000  
53.613109 0.007209  0.091546  -0.000791  0.997492  0.019515  0.068036  -0.019922  0.999787  0.005314  -0.067917  -0.006656  0.997669  -0.001274  -0.004216  0.000018  0.000000  0.000000  0.000000  2.000000  
53.614365 0.007207  0.091541  -0.000792  0.997501  0.019524  0.067900  -0.019922  0.999788  0.005195  -0.067784  -0.006535  0.997679  -0.001269  -0.004097  -0.000005  0.000000  0.000000  0.000000  2.000000  
53.615606 0.007205  0.091538  -0.000791  0.997510  0.019541  0.067762  -0.019922  0.999789  0.004955  -0.067650  -0.006293  0.997689  -0.001245  -0.003961  0.000036  0.000000  0.000000  0.000000  2.000000  
53.616609 0.007204  0.091535  -0.000791  0.997519  0.019550  0.067626  -0.019923  0.999790  0.004837  -0.067517  -0.006172  0.997699  -0.001213  -0.003818  0.000044  0.000000  0.000000  0.000000  2.000000  
53.617857 0.007203  0.091532  -0.000791  0.997528  0.019567  0.067487  -0.019923  0.999791  0.004597  -0.067383  -0.005930  0.997710  -0.001197  -0.003655  0.000074  0.000000  0.000000  0.000000  2.000000  
53.619104 0.007201  0.091528  -0.000791  0.997546  0.019585  0.067216  -0.019923  0.999792  0.004360  -0.067116  -0.005688  0.997729  -0.001194  -0.003549  0.000050  0.000000  0.000000  0.000000  2.000000  
53.620106 0.007200  0.091525  -0.000791  0.997555  0.019594  0.067080  -0.019923  0.999793  0.004241  -0.066983  -0.005567  0.997739  -0.001169  -0.003453  0.000013  0.000000  0.000000  0.000000  2.000000  
53.621108 0.007199  0.091523  -0.000791  0.997564  0.019603  0.066944  -0.019924  0.999793  0.004122  -0.066849  -0.005446  0.997748  -0.001216  -0.003348  0.000001  0.000000  0.000000  0.000000  2.000000  
53.622360 0.007197  0.091520  -0.000791  0.997582  0.019621  0.066672  -0.019924  0.999794  0.003885  -0.066582  -0.005204  0.997767  -0.001216  -0.003217  -0.000024  0.000000  0.000000  0.000000  2.000000  
53.623604 0.007195  0.091516  -0.000793  0.997591  0.019638  0.066534  -0.019924  0.999795  0.003645  -0.066449  -0.004962  0.997777  -0.001259  -0.003094  -0.000091  0.000000  0.000000  0.000000  2.000000  
53.624605 0.007193  0.091514  -0.000793  0.997609  0.019647  0.066265  -0.019924  0.999795  0.003529  -0.066182  -0.004841  0.997796  -0.001274  -0.002962  -0.000082  0.000000  0.000000  0.000000  2.000000  
53.625610 0.007192  0.091511  -0.000793  0.997617  0.019656  0.066129  -0.019925  0.999796  0.003411  -0.066048  -0.004720  0.997805  -0.001298  -0.002888  -0.000117  0.000000  0.000000  0.000000  2.000000  
53.626864 0.007190  0.091509  -0.000794  0.997626  0.019672  0.065991  -0.019925  0.999796  0.003171  -0.065915  -0.004478  0.997815  -0.001382  -0.002779  -0.000155  0.000000  0.000000  0.000000  2.000000  
53.628110 0.007187  0.091505  -0.000796  0.997644  0.019681  0.065721  -0.019925  0.999797  0.003055  -0.065648  -0.004357  0.997833  -0.001440  -0.002688  -0.000268  0.000000  0.000000  0.000000  2.000000  
53.629370 0.007185  0.091503  -0.000796  0.997661  0.019698  0.065450  -0.019925  0.999797  0.002818  -0.065381  -0.004115  0.997852  -0.001503  -0.002616  -0.000337  0.000000  0.000000  0.000000  2.000000  
53.630606 0.007182  0.091500  -0.000798  0.997679  0.019707  0.065180  -0.019926  0.999798  0.002702  -0.065114  -0.003994  0.997870  -0.001574  -0.002517  -0.000416  0.000000  0.000000  0.000000  2.000000  
53.631608 0.007180  0.091497  -0.000799  0.997688  0.019724  0.065042  -0.019926  0.999798  0.002462  -0.064980  -0.003752  0.997879  -0.001641  -0.002514  -0.000529  0.000000  0.000000  0.000000  2.000000  
53.632608 0.007177  0.091495  -0.000801  0.997705  0.019733  0.064773  -0.019926  0.999799  0.002346  -0.064713  -0.003631  0.997897  -0.001720  -0.002475  -0.000650  0.000000  0.000000  0.000000  2.000000  
53.633857 0.007175  0.091492  -0.000802  0.997722  0.019741  0.064503  -0.019927  0.999799  0.002230  -0.064446  -0.003510  0.997915  -0.001820  -0.002418  -0.000741  0.000000  0.000000  0.000000  2.000000  
53.634857 0.007172  0.091490  -0.000803  0.997731  0.019757  0.064365  -0.019927  0.999799  0.001990  -0.064313  -0.003268  0.997924  -0.001914  -0.002374  -0.000831  0.000000  0.000000  0.000000  2.000000  
53.636103 0.007169  0.091488  -0.000805  0.997748  0.019766  0.064096  -0.019927  0.999800  0.001874  -0.064046  -0.003147  0.997942  -0.001968  -0.002317  -0.000894  0.000000  0.000000  0.000000  2.000000  
53.637112 0.007166  0.091485  -0.000806  0.997765  0.019782  0.063824  -0.019928  0.999800  0.001637  -0.063779  -0.002905  0.997960  -0.002095  -0.002310  -0.000999  -0.150835  0.166380  0.000858  2.000000  
53.638354 0.007163  0.091483  -0.000808  0.997782  0.019799  0.063552  -0.019928  0.999800  0.001400  -0.063512  -0.002663  0.997978  -0.002183  -0.002302  -0.001036  -0.153689  0.169527  0.000843  2.000000  
53.639368 0.007160  0.091480  -0.000809  0.997791  0.019807  0.063416  -0.019928  0.999801  0.001281  -0.063378  -0.002542  0.997986  -0.002273  -0.002291  -0.001109  -0.153648  0.169483  0.000822  2.000000  
53.640605 0.007156  0.091477  -0.000811  0.997808  0.019815  0.063147  -0.019928  0.999801  0.001165  -0.063111  -0.002421  0.998004  -0.002384  -0.002292  -0.001211  -0.153685  0.173984  0.000823  2.000000  
53.641608 0.007153  0.091474  -0.000813  0.997824  0.019831  0.062875  -0.019929  0.999801  0.000928  -0.062844  -0.002179  0.998021  -0.002472  -0.002309  -0.001276  -0.159012  0.179897  0.000818  2.000000  
53.642857 0.007149  0.091471  -0.000815  0.997845  0.019633  0.062605  -0.019724  0.999805  0.000825  -0.062577  -0.002058  0.998038  -0.002582  -0.002326  -0.001329  -0.153197  0.182890  -0.006049  2.000000  
53.643861 0.007146  0.091468  -0.000817  0.997862  0.019641  0.062336  -0.019724  0.999805  0.000709  -0.062310  -0.001937  0.998055  -0.002673  -0.002343  -0.001396  -0.154467  0.184403  -0.006122  2.000000  
53.645111 0.007141  0.091465  -0.000819  0.997879  0.019657  0.062064  -0.019724  0.999805  0.000472  -0.062043  -0.001695  0.998072  -0.002781  -0.002361  -0.001447  -0.154488  0.188923  -0.006149  2.000000  
53.646113 0.007138  0.091462  -0.000822  0.997895  0.019665  0.061795  -0.019725  0.999805  0.000356  -0.061776  -0.001574  0.998089  -0.002891  -0.002411  -0.001572  -0.154486  0.193415  -0.006155  2.000000  
53.647360 0.007133  0.091458  -0.000824  0.997912  0.019680  0.061523  -0.019725  0.999805  0.000118  -0.061509  -0.001332  0.998106  -0.002999  -0.002491  -0.001602  -0.157244  0.196263  -0.006122  2.000000  
53.648364 0.007129  0.091456  -0.000826  0.997928  0.019688  0.061253  -0.019725  0.999805  0.000002  -0.061241  -0.001211  0.998122  -0.003139  -0.002553  -0.001711  -0.153232  0.200761  -0.006143  2.000000  
53.649371 0.007125  0.091452  -0.000828  0.997944  0.019696  0.060984  -0.019726  0.999805  -0.000114  -0.060974  -0.001090  0.998139  -0.003245  -0.002631  -0.001742  -0.154416  0.206805  -0.006200  2.000000  
53.650610 0.007120  0.091449  -0.000831  0.997973  0.019498  0.060581  -0.019521  0.999809  -0.000214  -0.060574  -0.000969  0.998163  -0.003348  -0.002692  -0.001819  -0.149943  0.211378  -0.013130  2.000000  
53.651858 0.007115  0.091445  -0.000834  0.997989  0.019513  0.060309  -0.019521  0.999809  -0.000452  -0.060307  -0.000726  0.998180  -0.003466  -0.002748  -0.001862  -0.149970  0.215906  -0.013170  2.000000  
53.653105 0.007110  0.091440  -0.000836  0.998005  0.019520  0.060040  -0.019521  0.999809  -0.000568  -0.060039  -0.000605  0.998196  -0.003604  -0.002855  -0.001914  -0.148750  0.214143  -0.013089  2.000000  
53.654105 0.007105  0.091437  -0.000839  0.998021  0.019528  0.059770  -0.019522  0.999809  -0.000684  -0.059772  -0.000484  0.998212  -0.003701  -0.002942  -0.001980  -0.145927  0.220441  -0.013226  2.000000  
53.655358 0.007100  0.091432  -0.000841  0.998037  0.019542  0.059499  -0.019522  0.999809  -0.000921  -0.059505  -0.000242  0.998228  -0.003804  -0.003019  -0.002009  -0.148752  0.223055  -0.013145  2.000000  
53.656605 0.007094  0.091428  -0.000844  0.998065  0.019344  0.059096  -0.019317  0.999813  -0.001022  -0.059105  -0.000121  0.998252  -0.003910  -0.003103  -0.002049  -0.145528  0.229491  -0.020197  2.000000  
53.657605 0.007090  0.091424  -0.000846  0.998081  0.019351  0.058826  -0.019317  0.999813  -0.001139  -0.058837  0.000000  0.998268  -0.004002  -0.003186  -0.002112  -0.144298  0.232002  -0.020044  2.000000  
53.658608 0.007085  0.091420  -0.000848  0.998096  0.019365  0.058555  -0.019317  0.999812  -0.001376  -0.058570  0.000242  0.998283  -0.004115  -0.003263  -0.002136  -0.149567  0.233905  -0.020252  2.000000  
53.659858 0.007079  0.091415  -0.000851  0.998112  0.019372  0.058285  -0.019318  0.999812  -0.001492  -0.058303  0.000363  0.998299  -0.004252  -0.003417  -0.002131  -0.145513  0.233930  -0.020297  2.000000  
53.660860 0.007074  0.091411  -0.000852  0.998128  0.019379  0.058016  -0.019318  0.999812  -0.001608  -0.058036  0.000484  0.998314  -0.004304  -0.003461  -0.002073  -0.145485  0.238374  -0.020314  2.000000  
53.662108 0.007067  0.091406  -0.000855  0.998155  0.019180  0.057613  -0.019113  0.999816  -0.001710  -0.057635  0.000605  0.998338  -0.004445  -0.003560  -0.002099  -0.145091  0.242916  -0.027247  2.000000  
53.663361 0.007061  0.091401  -0.000858  0.998170  0.019194  0.057341  -0.019113  0.999815  -0.001947  -0.057368  0.000848  0.998353  -0.004543  -0.003663  -0.002118  -0.145074  0.242870  -0.027301  2.000000  
53.664608 0.007054  0.091395  -0.000861  0.998193  0.019200  0.056938  -0.019114  0.999815  -0.002061  -0.056967  0.000969  0.998376  -0.004688  -0.003801  -0.002151  -0.143895  0.245337  -0.027102  2.000000  
53.665857 0.007047  0.091389  -0.000864  0.998208  0.019207  0.056669  -0.019114  0.999815  -0.002177  -0.056700  0.001090  0.998391  -0.004841  -0.003904  -0.002169  -0.141011  0.247353  -0.027371  2.000000  
53.666857 0.007041  0.091385  -0.000866  0.998235  0.019014  0.056264  -0.018909  0.999818  -0.002400  -0.056299  0.001332  0.998413  -0.004934  -0.003993  -0.002161  -0.140647  0.251925  -0.034345  2.000000  
53.667858 0.007035  0.091380  -0.000868  0.998250  0.019021  0.055995  -0.018909  0.999818  -0.002516  -0.056032  0.001453  0.998428  -0.005062  -0.004083  -0.002185  -0.140618  0.256352  -0.034364  2.000000  
53.669168 0.007028  0.091374  -0.000872  0.998272  0.019027  0.055592  -0.018910  0.999818  -0.002630  -0.055632  0.001574  0.998450  -0.005197  -0.004171  -0.002196  -0.136340  0.260436  -0.034355  2.000000  
53.670364 0.007020  0.091369  -0.000875  0.998295  0.019033  0.055189  -0.018910  0.999817  -0.002744  -0.055231  0.001696  0.998472  -0.005374  -0.004261  -0.002232  -0.136536  0.265281  -0.034433  2.000000  
53.671605 0.007012  0.091363  -0.000877  0.998317  0.019045  0.054783  -0.018911  0.999817  -0.002979  -0.054830  0.001938  0.998494  -0.005501  -0.004339  -0.002231  -0.135463  0.267626  -0.034223  2.000000  
53.672853 0.007004  0.091357  -0.000880  0.998335  0.018846  0.054514  -0.018705  0.999820  -0.003084  -0.054563  0.002059  0.998508  -0.005622  -0.004424  -0.002255  -0.135480  0.267638  -0.034258  2.000000  
53.673855 0.006997  0.091352  -0.000883  0.998357  0.018851  0.054111  -0.018706  0.999820  -0.003198  -0.054162  0.002180  0.998530  -0.005743  -0.004452  -0.002307  -0.135496  0.272103  -0.034293  2.000000  
53.675115 0.006989  0.091346  -0.000886  0.998371  0.018857  0.053842  -0.018706  0.999820  -0.003314  -0.053895  0.002301  0.998544  -0.005916  -0.004578  -0.002355  -0.132505  0.269758  -0.034614  2.000000  
53.676353 0.006982  0.091340  -0.000889  0.998393  0.018869  0.053437  -0.018706  0.999819  -0.003549  -0.053494  0.002544  0.998565  -0.005972  -0.004605  -0.002335  -0.135554  0.272162  -0.034402  2.000000  
53.677364 0.006975  0.091335  -0.000891  0.998414  0.018875  0.053034  -0.018707  0.999818  -0.003663  -0.053093  0.002665  0.998586  -0.006141  -0.004720  -0.002360  -0.132531  0.278742  -0.034720  2.000000  
53.678365 0.006968  0.091329  -0.000894  0.998429  0.018880  0.052764  -0.018707  0.999818  -0.003779  -0.052826  0.002786  0.998600  -0.006188  -0.004752  -0.002368  -0.132537  0.278731  -0.034754  2.000000  
53.679374 0.006961  0.091324  -0.000896  0.998443  0.018880  0.052497  -0.018707  0.999818  -0.003774  -0.052559  0.002786  0.998614  -0.006262  -0.004801  -0.002376  -0.128436  0.278654  -0.034762  2.000000  
53.680607 0.006953  0.091318  -0.000899  0.998467  0.018685  0.052092  -0.018502  0.999821  -0.003998  -0.052158  0.003028  0.998634  -0.006354  -0.004830  -0.002390  -0.131503  0.280966  -0.034550  2.000000  
53.681858 0.006944  0.091311  -0.000902  0.998488  0.018690  0.051689  -0.018503  0.999820  -0.004112  -0.051757  0.003149  0.998655  -0.006462  -0.004911  -0.002430  -0.128520  0.287770  -0.034892  2.000000  
53.683110 0.006936  0.091305  -0.000905  0.998516  0.018695  0.051153  -0.018503  0.999820  -0.004223  -0.051222  0.003271  0.998682  -0.006507  -0.004933  -0.002417  -0.124466  0.292275  -0.034953  2.000000  
53.684359 0.006927  0.091298  -0.000909  0.998536  0.018694  0.050752  -0.018503  0.999820  -0.004216  -0.050822  0.003271  0.998702  -0.006563  -0.005013  -0.002440  -0.119410  0.294329  -0.034691  2.000000  
53.685360 0.006921  0.091293  -0.000911  0.998557  0.018698  0.050349  -0.018504  0.999819  -0.004330  -0.050421  0.003392  0.998722  -0.006591  -0.005037  -0.002459  -0.120388  0.301204  -0.035015  2.000000  
53.686603 0.006912  0.091286  -0.000915  0.998577  0.018703  0.049946  -0.018504  0.999819  -0.004444  -0.050020  0.003513  0.998742  -0.006651  -0.005091  -0.002501  -0.119805  0.303246  -0.027925  2.000000  
53.687606 0.006905  0.091282  -0.000918  0.998601  0.018502  0.049544  -0.018299  0.999822  -0.004547  -0.049619  0.003634  0.998762  -0.006693  -0.005098  -0.002544  -0.116367  0.310270  -0.035134  2.000000  
53.688858 0.006897  0.091275  -0.000921  0.998620  0.018500  0.049143  -0.018299  0.999822  -0.004540  -0.049218  0.003634  0.998781  -0.006717  -0.005151  -0.002554  -0.112301  0.310262  -0.035153  2.000000  
53.690103 0.006888  0.091268  -0.000924  0.998640  0.018505  0.048740  -0.018300  0.999822  -0.004654  -0.048817  0.003756  0.998801  -0.006748  -0.005175  -0.002565  -0.111392  0.312176  -0.034912  2.000000  
53.691110 0.006882  0.091263  -0.000927  0.998660  0.018503  0.048339  -0.018300  0.999822  -0.004647  -0.048416  0.003756  0.998820  -0.006777  -0.005204  -0.002595  -0.104172  0.319255  -0.035250  2.000000  
53.692363 0.006873  0.091256  -0.000931  0.998685  0.018507  0.047802  -0.018300  0.999821  -0.004758  -0.047882  0.003877  0.998845  -0.006798  -0.005205  -0.002649  -0.103857  0.326086  -0.028211  2.000000  
53.693606 0.006864  0.091250  -0.000934  0.998711  0.018511  0.047265  -0.018301  0.999821  -0.004870  -0.047347  0.003998  0.998870  -0.006836  -0.005241  -0.002684  -0.104558  0.332740  -0.028450  2.000000  
53.694609 0.006857  0.091244  -0.000937  0.998734  0.018303  0.046865  -0.018096  0.999824  -0.004853  -0.046946  0.003998  0.998889  -0.006828  -0.005265  -0.002671  -0.100129  0.337213  -0.035391  2.000000  
53.695857 0.006849  0.091238  -0.000940  0.998758  0.018301  0.046331  -0.018096  0.999825  -0.004843  -0.046411  0.003998  0.998914  -0.006853  -0.005284  -0.002679  -0.092002  0.341746  -0.035449  2.000000  
53.697110 0.006840  0.091231  -0.000943  0.998783  0.018305  0.045794  -0.018097  0.999824  -0.004954  -0.045877  0.004120  0.998939  -0.006859  -0.005291  -0.002692  -0.092362  0.346223  -0.028589  2.000000  
53.698370 0.006832  0.091225  -0.000946  0.998808  0.018302  0.045260  -0.018097  0.999824  -0.004945  -0.045342  0.004120  0.998963  -0.006837  -0.005253  -0.002634  -0.084188  0.350579  -0.028633  2.000000  
53.699371 0.006825  0.091220  -0.000948  0.998826  0.018301  0.044859  -0.018097  0.999824  -0.004938  -0.044941  0.004120  0.998981  -0.006850  -0.005247  -0.002600  -0.083527  0.356718  -0.028432  2.000000  
53.700607 0.006816  0.091213  -0.000951  0.998850  0.018304  0.044322  -0.018098  0.999823  -0.005049  -0.044407  0.004241  0.999005  -0.006871  -0.005246  -0.002568  -0.080154  0.359655  -0.028733  2.000000  
53.701857 0.006807  0.091207  -0.000953  0.998883  0.018095  0.043655  -0.017893  0.999827  -0.005028  -0.043738  0.004241  0.999034  -0.006855  -0.005213  -0.002513  -0.075757  0.368651  -0.035696  2.000000  
