1-Time 2-Px 3-Py 4-Pz 5-R11 6-R21 7-R31 8-R12 9-R22 10-R32 11-R13 12-R23 13-R33 14-Vx 15-Vy 16-Vz 17-Wx 18-Wy 19-Wz 20-state 21-PR11 22-PR21 23-PR31 24-PR12 25-PR22 26-PR32 27-PR13 28-PR23 29-PR33 
43.464563 0.008802  0.099337  -0.014214  0.996202  0.043558  0.075392  -0.043096  0.999041  -0.007754  -0.075658  0.004475  0.997124  0.000049  0.000080  0.000033  0.000000  0.000000  0.000000  2.000000  
43.465570 0.008803  0.099338  -0.014214  0.996202  0.043558  0.075392  -0.043096  0.999041  -0.007754  -0.075658  0.004475  0.997124  0.000079  0.000111  0.000054  0.000000  0.000000  0.000000  2.000000  
43.466817 0.008805  0.099339  -0.014213  0.996183  0.043765  0.075524  -0.043300  0.999032  -0.007775  -0.075791  0.004475  0.997114  0.000240  0.000157  0.000126  0.000000  0.000000  0.000000  2.000000  
43.467819 0.008807  0.099340  -0.014212  0.996144  0.043972  0.075922  -0.043504  0.999023  -0.007808  -0.076191  0.004475  0.997083  0.000380  0.000250  0.000180  0.000000  0.000000  0.000000  2.000000  
43.468819 0.008809  0.099341  -0.014212  0.996114  0.044179  0.076187  -0.043708  0.999014  -0.007835  -0.076458  0.004475  0.997063  0.000542  0.000317  0.000206  0.000000  0.000000  0.000000  2.000000  
43.470070 0.008812  0.099342  -0.014211  0.996085  0.044386  0.076452  -0.043912  0.999004  -0.007863  -0.076725  0.004475  0.997042  0.000731  0.000384  0.000257  0.000000  0.000000  0.000000  2.000000  
43.471071 0.008816  0.099343  -0.014211  0.996055  0.044593  0.076717  -0.044116  0.998995  -0.007890  -0.076992  0.004475  0.997022  0.000955  0.000463  0.000280  0.000000  0.000000  0.000000  2.000000  
43.472318 0.008819  0.099345  -0.014211  0.996046  0.044798  0.076715  -0.044322  0.998986  -0.007906  -0.076992  0.004475  0.997022  0.001178  0.000533  0.000261  0.000000  0.000000  0.000000  2.000000  
43.473326 0.008823  0.099347  -0.014210  0.996027  0.045005  0.076847  -0.044526  0.998977  -0.007928  -0.077125  0.004475  0.997011  0.001387  0.000646  0.000287  0.000000  0.000000  0.000000  2.000000  
43.474336 0.008826  0.099348  -0.014209  0.996007  0.045211  0.076979  -0.044731  0.998967  -0.007950  -0.077259  0.004475  0.997001  0.001660  0.000734  0.000339  0.000000  0.000000  0.000000  2.000000  
43.475572 0.008831  0.099349  -0.014208  0.995958  0.045624  0.077375  -0.045139  0.998949  -0.007999  -0.077659  0.004474  0.996970  0.001995  0.000847  0.000399  0.000000  0.000000  0.000000  2.000000  
43.476822 0.008837  0.099352  -0.014206  0.995898  0.046243  0.077770  -0.045753  0.998920  -0.008066  -0.078059  0.004474  0.996939  0.002346  0.000969  0.000564  0.000000  0.000000  0.000000  2.000000  
43.478078 0.008843  0.099354  -0.014203  0.995838  0.046656  0.078300  -0.046161  0.998901  -0.008122  -0.078592  0.004474  0.996897  0.002735  0.001096  0.000757  0.000000  0.000000  0.000000  2.000000  
43.479326 0.008848  0.099356  -0.014200  0.995767  0.047276  0.078827  -0.046774  0.998872  -0.008196  -0.079126  0.004474  0.996855  0.003105  0.001249  0.000979  0.000000  0.000000  0.000000  2.000000  
43.480573 0.008854  0.099359  -0.014195  0.995716  0.047894  0.079089  -0.047388  0.998842  -0.008257  -0.079393  0.004474  0.996833  0.003456  0.001428  0.001231  0.000000  0.000000  0.000000  2.000000  
43.481820 0.008859  0.099361  -0.014193  0.995676  0.048306  0.079352  -0.047797  0.998823  -0.008302  -0.079660  0.004474  0.996812  0.003648  0.001504  0.001324  0.000000  0.000000  0.000000  2.000000  
43.483075 0.008865  0.099364  -0.014190  0.995634  0.048728  0.079609  -0.048206  0.998802  -0.008469  -0.079926  0.004595  0.996790  0.003821  0.001606  0.001447  -0.013456  -0.143095  0.173107  2.000000  
43.484091 0.008868  0.099367  -0.014190  0.995593  0.049141  0.079872  -0.048615  0.998781  -0.008515  -0.080193  0.004594  0.996769  0.003914  0.001710  0.001424  -0.014548  -0.151934  0.186831  2.000000  
43.485328 0.008874  0.099370  -0.014188  0.995531  0.049759  0.080266  -0.049228  0.998751  -0.008584  -0.080593  0.004594  0.996736  0.004066  0.001858  0.001529  -0.020289  -0.165405  0.207650  2.000000  
43.486570 0.008880  0.099373  -0.014188  0.995468  0.050388  0.080654  -0.049842  0.998719  -0.008775  -0.080993  0.004715  0.996704  0.004209  0.001972  0.001539  -0.026039  -0.178834  0.228472  2.000000  
43.487817 0.008885  0.099376  -0.014188  0.995393  0.051007  0.081182  -0.050454  0.998687  -0.008852  -0.081527  0.004715  0.996660  0.004289  0.002029  0.001531  -0.027733  -0.196734  0.249254  2.000000  
43.488818 0.008889  0.099378  -0.014187  0.995329  0.051636  0.081569  -0.051067  0.998654  -0.009043  -0.081927  0.004836  0.996627  0.004320  0.002079  0.001507  -0.033492  -0.210096  0.269996  2.000000  
43.489826 0.008893  0.099380  -0.014187  0.995275  0.052049  0.081965  -0.051475  0.998633  -0.009098  -0.082327  0.004835  0.996594  0.004342  0.002131  0.001495  -0.034631  -0.223465  0.283779  2.000000  
43.491072 0.008898  0.099382  -0.014187  0.995232  0.052471  0.082221  -0.051884  0.998610  -0.009266  -0.082593  0.004956  0.996571  0.004281  0.002115  0.001389  -0.039850  -0.232438  0.297705  2.000000  
43.492324 0.008903  0.099384  -0.014186  0.995166  0.053090  0.082615  -0.052497  0.998577  -0.009338  -0.082993  0.004956  0.996538  0.004225  0.002119  0.001183  -0.041545  -0.245765  0.318371  2.000000  
43.493328 0.008905  0.099385  -0.014187  0.995134  0.053502  0.082744  -0.052906  0.998555  -0.009379  -0.083127  0.004956  0.996527  0.004111  0.002047  0.001041  -0.042660  -0.250167  0.332144  2.000000  
43.494571 0.008909  0.099385  -0.014187  0.995089  0.053924  0.083000  -0.053315  0.998532  -0.009549  -0.083393  0.005077  0.996504  0.003961  0.001962  0.000767  -0.047899  -0.259177  0.346131  2.000000  
43.495572 0.008912  0.099386  -0.014187  0.995045  0.054337  0.083263  -0.053723  0.998510  -0.009597  -0.083660  0.005077  0.996481  0.003860  0.001813  0.000555  -0.049046  -0.268097  0.359955  2.000000  
43.496572 0.008915  0.099386  -0.014188  0.995012  0.054554  0.083520  -0.053927  0.998497  -0.009750  -0.083927  0.005197  0.996458  0.003767  0.001664  0.000365  -0.053192  -0.272555  0.359965  2.000000  
43.497821 0.008918  0.099386  -0.014188  0.994956  0.055172  0.083781  -0.054540  0.998463  -0.009816  -0.084193  0.005197  0.996436  0.003643  0.001437  0.000145  -0.053871  -0.268046  0.366858  2.000000  
43.499073 0.008922  0.099385  -0.014190  0.994911  0.055595  0.084036  -0.054948  0.998439  -0.009986  -0.084460  0.005318  0.996413  0.003559  0.001254  -0.000004  -0.058633  -0.263518  0.373776  2.000000  
43.500319 0.008924  0.099384  -0.014191  0.994865  0.056017  0.084291  -0.055357  0.998415  -0.010157  -0.084727  0.005439  0.996389  0.003353  0.000975  -0.000188  -0.063407  -0.261281  0.384422  2.000000  
43.501349 0.008927  0.099385  -0.014192  0.994843  0.056234  0.084415  -0.055561  0.998402  -0.010303  -0.084860  0.005560  0.996377  0.003141  0.000758  -0.000283  -0.067987  -0.263134  0.387194  2.000000  
43.502567 0.008929  0.099385  -0.014194  0.994831  0.056450  0.084407  -0.055766  0.998389  -0.010441  -0.084860  0.005680  0.996377  0.002969  0.000579  -0.000410  -0.071566  -0.256753  0.384394  2.000000  
43.503570 0.008931  0.099384  -0.014194  0.994808  0.056666  0.084531  -0.055970  0.998376  -0.010587  -0.084993  0.005801  0.996365  0.002811  0.000436  -0.000476  -0.075633  -0.261183  0.384420  2.000000  
43.504823 0.008933  0.099384  -0.014197  0.994797  0.056872  0.084528  -0.056175  0.998365  -0.010605  -0.084993  0.005801  0.996365  0.002628  0.000230  -0.000693  -0.075122  -0.252281  0.377505  2.000000  
43.506068 0.008934  0.099383  -0.014200  0.994762  0.057294  0.084650  -0.056584  0.998340  -0.010768  -0.085127  0.005922  0.996353  0.002423  0.000049  -0.000882  -0.079284  -0.243392  0.377548  2.000000  
43.507075 0.008935  0.099381  -0.014203  0.994739  0.057511  0.084774  -0.056788  0.998327  -0.010914  -0.085260  0.006043  0.996340  0.002196  -0.000193  -0.001130  -0.082998  -0.231922  0.366747  2.000000  
43.508339 0.008935  0.099379  -0.014208  0.994716  0.057727  0.084898  -0.056992  0.998313  -0.011060  -0.085393  0.006164  0.996328  0.001988  -0.000411  -0.001453  -0.086568  -0.222846  0.359652  2.000000  
43.509573 0.008936  0.099376  -0.014212  0.994705  0.057738  0.085024  -0.056991  0.998312  -0.011189  -0.085527  0.006284  0.996316  0.001774  -0.000629  -0.001742  -0.089093  -0.209544  0.339054  2.000000  
43.510821 0.008936  0.099373  -0.014217  0.994681  0.057955  0.085148  -0.057195  0.998299  -0.011335  -0.085660  0.006405  0.996304  0.001547  -0.000845  -0.001992  -0.091901  -0.203372  0.329400  2.000000  
43.511821 0.008937  0.099372  -0.014219  0.994681  0.058160  0.085012  -0.057401  0.998287  -0.011345  -0.085527  0.006405  0.996315  0.001378  -0.000945  -0.002114  -0.091539  -0.191637  0.318256  2.000000  
43.513082 0.008937  0.099370  -0.014222  0.994681  0.058170  0.085005  -0.057401  0.998285  -0.011466  -0.085527  0.006526  0.996315  0.001128  -0.001080  -0.002250  -0.090401  -0.182611  0.304317  2.000000  
43.514334 0.008937  0.099368  -0.014225  0.994669  0.058376  0.085003  -0.057606  0.998273  -0.011484  -0.085527  0.006526  0.996315  0.000946  -0.001177  -0.002330  -0.089876  -0.173676  0.297398  2.000000  
43.515567 0.008937  0.099366  -0.014227  0.994669  0.058386  0.084996  -0.057606  0.998272  -0.011605  -0.085527  0.006647  0.996314  0.000814  -0.001274  -0.002376  -0.088259  -0.160359  0.276809  2.000000  
43.516571 0.008937  0.099364  -0.014229  0.994669  0.058396  0.084989  -0.057606  0.998271  -0.011726  -0.085527  0.006768  0.996313  0.000715  -0.001359  -0.002401  -0.090638  -0.146927  0.255976  2.000000  
43.517818 0.008938  0.099362  -0.014231  0.994657  0.058612  0.084979  -0.057810  0.998257  -0.011865  -0.085527  0.006889  0.996312  0.000547  -0.001479  -0.002476  -0.089566  -0.129013  0.242136  2.000000  
43.518819 0.008938  0.099361  -0.014233  0.994645  0.058828  0.084970  -0.058015  0.998244  -0.012003  -0.085527  0.007009  0.996311  0.000456  -0.001590  -0.002543  -0.093112  -0.115547  0.235164  2.000000  
43.520068 0.008938  0.099359  -0.014235  0.994645  0.058838  0.084963  -0.058015  0.998242  -0.012124  -0.085527  0.007130  0.996310  0.000350  -0.001649  -0.002526  -0.095274  -0.105748  0.219512  2.000000  
43.521072 0.008939  0.099359  -0.014237  0.994645  0.058838  0.084963  -0.058015  0.998242  -0.012124  -0.085527  0.007130  0.996310  0.000292  -0.001624  -0.002439  -0.090266  -0.093225  0.200526  2.000000  
43.522319 0.008939  0.099358  -0.014238  0.994657  0.058847  0.084822  -0.058016  0.998241  -0.012238  -0.085393  0.007251  0.996321  0.000273  -0.001560  -0.002230  -0.092436  -0.079160  0.185145  2.000000  
43.523330 0.008940  0.099357  -0.014238  0.994645  0.059063  0.084813  -0.058221  0.998227  -0.012376  -0.085393  0.007372  0.996320  0.000288  -0.001420  -0.002003  -0.096684  -0.070825  0.179662  2.000000  
43.524572 0.008941  0.099358  -0.014238  0.994645  0.059074  0.084805  -0.058221  0.998226  -0.012497  -0.085393  0.007493  0.996319  0.000321  -0.001247  -0.001717  -0.095566  -0.061915  0.165872  2.000000  
43.525572 0.008941  0.099357  -0.014238  0.994633  0.059289  0.084796  -0.058425  0.998212  -0.012636  -0.085393  0.007614  0.996318  0.000296  -0.001133  -0.001473  0.000000  0.000000  0.000000  2.000000  
43.526821 0.008942  0.099358  -0.014238  0.994621  0.059290  0.084929  -0.058425  0.998212  -0.012644  -0.085527  0.007614  0.996307  0.000365  -0.000927  -0.001233  0.000000  0.000000  0.000000  2.000000  
43.528073 0.008943  0.099358  -0.014239  0.994621  0.059301  0.084922  -0.058425  0.998210  -0.012765  -0.085527  0.007734  0.996306  0.000416  -0.000799  -0.001086  0.000000  0.000000  0.000000  2.000000  
43.529075 0.008944  0.099358  -0.014239  0.994609  0.059506  0.084919  -0.058629  0.998198  -0.012782  -0.085527  0.007734  0.996306  0.000460  -0.000673  -0.000947  0.000000  0.000000  0.000000  2.000000  
43.530333 0.008945  0.099358  -0.014239  0.994609  0.059516  0.084912  -0.058629  0.998196  -0.012903  -0.085527  0.007855  0.996305  0.000525  -0.000503  -0.000768  0.000000  0.000000  0.000000  2.000000  
43.531570 0.008946  0.099359  -0.014238  0.994609  0.059516  0.084912  -0.058629  0.998196  -0.012903  -0.085527  0.007855  0.996305  0.000554  -0.000337  -0.000646  0.000000  0.000000  0.000000  2.000000  
43.532818 0.008946  0.099360  -0.014239  0.994597  0.059732  0.084902  -0.058834  0.998183  -0.013042  -0.085527  0.007976  0.996304  0.000580  -0.000177  -0.000499  0.000000  0.000000  0.000000  2.000000  
43.533820 0.008947  0.099360  -0.014238  0.994597  0.059732  0.084902  -0.058834  0.998183  -0.013042  -0.085527  0.007976  0.996304  0.000635  0.000014  -0.000301  0.000000  0.000000  0.000000  2.000000  
43.535068 0.008948  0.099361  -0.014237  0.994585  0.059938  0.084899  -0.059039  0.998170  -0.013059  -0.085527  0.007976  0.996304  0.000661  0.000135  -0.000061  0.000000  0.000000  0.000000  2.000000  
43.536070 0.008949  0.099362  -0.014236  0.994574  0.059939  0.085032  -0.059038  0.998170  -0.013067  -0.085660  0.007976  0.996293  0.000666  0.000218  0.000083  0.000000  0.000000  0.000000  2.000000  
43.537318 0.008950  0.099363  -0.014234  0.994562  0.060155  0.085022  -0.059243  0.998156  -0.013206  -0.085660  0.008097  0.996292  0.000691  0.000357  0.000274  0.000000  0.000000  0.000000  2.000000  
43.538335 0.008950  0.099364  -0.014232  0.994562  0.060155  0.085022  -0.059243  0.998156  -0.013206  -0.085660  0.008097  0.996292  0.000689  0.000421  0.000403  0.000000  0.000000  0.000000  2.000000  
43.539570 0.008951  0.099365  -0.014230  0.994549  0.060370  0.085012  -0.059448  0.998142  -0.013344  -0.085660  0.008218  0.996291  0.000685  0.000523  0.000531  0.000000  0.000000  0.000000  2.000000  
43.540572 0.008951  0.099367  -0.014230  0.994549  0.060370  0.085012  -0.059448  0.998142  -0.013344  -0.085660  0.008218  0.996291  0.000645  0.000605  0.000588  0.000000  0.000000  0.000000  2.000000  
43.541825 0.008951  0.099368  -0.014229  0.994537  0.060576  0.085009  -0.059653  0.998130  -0.013362  -0.085660  0.008218  0.996291  0.000622  0.000707  0.000658  0.000000  0.000000  0.000000  2.000000  
43.543075 0.008952  0.099370  -0.014228  0.994537  0.060576  0.085009  -0.059653  0.998130  -0.013362  -0.085660  0.008218  0.996291  0.000600  0.000810  0.000729  0.000000  0.000000  0.000000  2.000000  
43.544324 0.008951  0.099371  -0.014227  0.994513  0.060782  0.085140  -0.059857  0.998117  -0.013387  -0.085793  0.008218  0.996279  0.000508  0.000876  0.000747  0.000000  0.000000  0.000000  2.000000  
43.545572 0.008951  0.099372  -0.014226  0.994513  0.060793  0.085132  -0.059857  0.998116  -0.013508  -0.085793  0.008339  0.996278  0.000434  0.000953  0.000871  0.000000  0.000000  0.000000  2.000000  
43.546574 0.008951  0.099373  -0.014225  0.994501  0.060998  0.085130  -0.060061  0.998103  -0.013526  -0.085793  0.008339  0.996278  0.000361  0.000953  0.000954  0.000000  0.000000  0.000000  2.000000  
43.547821 0.008952  0.099375  -0.014223  0.994501  0.060998  0.085130  -0.060061  0.998103  -0.013526  -0.085793  0.008339  0.996278  0.000319  0.001003  0.001011  0.000000  0.000000  0.000000  2.000000  
43.549074 0.008951  0.099375  -0.014223  0.994489  0.061204  0.085127  -0.060266  0.998090  -0.013543  -0.085793  0.008339  0.996278  0.000264  0.000981  0.001002  0.000000  0.000000  0.000000  2.000000  
43.550326 0.008951  0.099375  -0.014223  0.994489  0.061204  0.085127  -0.060266  0.998090  -0.013543  -0.085793  0.008339  0.996278  0.000158  0.000955  0.000938  0.000000  0.000000  0.000000  2.000000  
43.551337 0.008951  0.099375  -0.014223  0.994500  0.061192  0.085001  -0.060267  0.998092  -0.013414  -0.085660  0.008218  0.996291  0.000120  0.000892  0.000821  0.000000  0.000000  0.000000  2.000000  
43.552569 0.008950  0.099375  -0.014223  0.994488  0.061398  0.084998  -0.060472  0.998080  -0.013432  -0.085660  0.008218  0.996291  0.000012  0.000795  0.000656  0.000000  0.000000  0.000000  2.000000  
43.553570 0.008950  0.099375  -0.014224  0.994488  0.061398  0.084998  -0.060472  0.998080  -0.013432  -0.085660  0.008218  0.996291  -0.000014  0.000719  0.000494  0.000000  0.000000  0.000000  2.000000  
43.554817 0.008950  0.099375  -0.014224  0.994488  0.061398  0.084998  -0.060472  0.998080  -0.013432  -0.085660  0.008218  0.996291  -0.000053  0.000637  0.000425  0.000000  0.000000  0.000000  2.000000  
43.555819 0.008950  0.099375  -0.014225  0.994475  0.061603  0.084996  -0.060676  0.998067  -0.013449  -0.085660  0.008218  0.996291  -0.000080  0.000553  0.000319  0.000000  0.000000  0.000000  2.000000  
43.556826 0.008950  0.099375  -0.014225  0.994487  0.061602  0.084863  -0.060677  0.998067  -0.013441  -0.085527  0.008218  0.996302  -0.000129  0.000403  0.000250  0.000000  0.000000  0.000000  2.000000  
43.558071 0.008950  0.099375  -0.014225  0.994487  0.061602  0.084863  -0.060677  0.998067  -0.013441  -0.085527  0.008218  0.996302  -0.000136  0.000343  0.000197  0.000000  0.000000  0.000000  2.000000  
43.559075 0.008950  0.099375  -0.014225  0.994487  0.061602  0.084863  -0.060677  0.998067  -0.013441  -0.085527  0.008218  0.996302  -0.000127  0.000248  0.000168  0.000000  0.000000  0.000000  2.000000  
43.560325 0.008949  0.099374  -0.014225  0.994487  0.061602  0.084863  -0.060677  0.998067  -0.013441  -0.085527  0.008218  0.996302  -0.000155  0.000141  0.000106  0.000000  0.000000  0.000000  2.000000  
43.561572 0.008949  0.099374  -0.014225  0.994487  0.061602  0.084863  -0.060677  0.998067  -0.013441  -0.085527  0.008218  0.996302  -0.000151  0.000084  0.000019  0.000000  0.000000  0.000000  2.000000  
43.562574 0.008949  0.099374  -0.014225  0.994498  0.061601  0.084730  -0.060678  0.998067  -0.013433  -0.085393  0.008218  0.996313  -0.000201  -0.000052  -0.000101  0.000000  0.000000  0.000000  2.000000  
43.563821 0.008948  0.099374  -0.014225  0.994498  0.061601  0.084730  -0.060678  0.998067  -0.013433  -0.085393  0.008218  0.996313  -0.000210  -0.000107  -0.000151  0.000000  0.000000  0.000000  2.000000  
43.565067 0.008948  0.099373  -0.014226  0.994498  0.061601  0.084730  -0.060678  0.998067  -0.013433  -0.085393  0.008218  0.996313  -0.000215  -0.000158  -0.000197  0.000000  0.000000  0.000000  2.000000  
43.566073 0.008947  0.099372  -0.014226  0.994498  0.061601  0.084730  -0.060678  0.998067  -0.013433  -0.085393  0.008218  0.996313  -0.000234  -0.000210  -0.000209  0.000000  0.000000  0.000000  2.000000  
43.567318 0.008946  0.099371  -0.014226  0.994498  0.061601  0.084730  -0.060678  0.998067  -0.013433  -0.085393  0.008218  0.996313  -0.000254  -0.000262  -0.000222  0.000000  0.000000  0.000000  2.000000  
43.568341 0.008946  0.099371  -0.014226  0.994509  0.061600  0.084596  -0.060678  0.998067  -0.013425  -0.085260  0.008218  0.996325  -0.000279  -0.000262  -0.000151  0.000000  0.000000  0.000000  2.000000  
43.569573 0.008946  0.099371  -0.014225  0.994509  0.061600  0.084596  -0.060678  0.998067  -0.013425  -0.085260  0.008218  0.996325  -0.000270  -0.000306  -0.000097  0.000000  0.000000  0.000000  2.000000  
43.570822 0.008945  0.099370  -0.014225  0.994509  0.061600  0.084596  -0.060678  0.998067  -0.013425  -0.085260  0.008218  0.996325  -0.000322  -0.000332  -0.000043  0.000000  0.000000  0.000000  2.000000  
43.571824 0.008945  0.099370  -0.014225  0.994509  0.061600  0.084596  -0.060678  0.998067  -0.013425  -0.085260  0.008218  0.996325  -0.000298  -0.000296  0.000015  0.000000  0.000000  0.000000  2.000000  
43.573083 0.008945  0.099370  -0.014225  0.994509  0.061600  0.084596  -0.060678  0.998067  -0.013425  -0.085260  0.008218  0.996325  -0.000303  -0.000301  0.000015  0.000000  0.000000  0.000000  2.000000  
43.574326 0.008945  0.099370  -0.014225  0.994521  0.061599  0.084463  -0.060679  0.998067  -0.013417  -0.085127  0.008218  0.996336  -0.000282  -0.000326  -0.000014  0.000000  0.000000  0.000000  2.000000  
43.575570 0.008944  0.099369  -0.014225  0.994521  0.061599  0.084463  -0.060679  0.998067  -0.013417  -0.085127  0.008218  0.996336  -0.000307  -0.000349  -0.000034  0.000000  0.000000  0.000000  2.000000  
43.576571 0.008944  0.099369  -0.014225  0.994521  0.061599  0.084463  -0.060679  0.998067  -0.013417  -0.085127  0.008218  0.996336  -0.000336  -0.000378  -0.000055  0.000000  0.000000  0.000000  2.000000  
43.577823 0.008944  0.099369  -0.014225  0.994521  0.061599  0.084463  -0.060679  0.998067  -0.013417  -0.085127  0.008218  0.996336  -0.000312  -0.000355  -0.000035  0.000000  0.000000  0.000000  2.000000  
43.579071 0.008944  0.099368  -0.014226  0.994521  0.061609  0.084456  -0.060679  0.998066  -0.013538  -0.085127  0.008339  0.996335  -0.000307  -0.000349  -0.000034  0.000000  0.000000  0.000000  2.000000  
43.580073 0.008943  0.099368  -0.014225  0.994533  0.061404  0.084459  -0.060474  0.998078  -0.013521  -0.085127  0.008339  0.996335  -0.000293  -0.000324  0.000024  0.000000  0.000000  0.000000  2.000000  
43.581318 0.008943  0.099368  -0.014225  0.994533  0.061404  0.084459  -0.060474  0.998078  -0.013521  -0.085127  0.008339  0.996335  -0.000279  -0.000266  0.000072  0.000000  0.000000  0.000000  2.000000  
43.582326 0.008943  0.099368  -0.014225  0.994533  0.061404  0.084459  -0.060474  0.998078  -0.013521  -0.085127  0.008339  0.996335  -0.000224  -0.000211  0.000115  0.000000  0.000000  0.000000  2.000000  
43.583568 0.008943  0.099368  -0.014224  0.994533  0.061404  0.084459  -0.060474  0.998078  -0.013521  -0.085127  0.008339  0.996335  -0.000181  -0.000202  0.000142  0.000000  0.000000  0.000000  2.000000  
43.584573 0.008943  0.099368  -0.014224  0.994533  0.061404  0.084459  -0.060474  0.998078  -0.013521  -0.085127  0.008339  0.996335  -0.000154  -0.000154  0.000120  0.000000  0.000000  0.000000  2.000000  
43.585818 0.008943  0.099368  -0.014224  0.994533  0.061404  0.084459  -0.060474  0.998078  -0.013521  -0.085127  0.008339  0.996335  -0.000170  -0.000182  0.000060  0.000000  0.000000  0.000000  2.000000  
43.586820 0.008943  0.099368  -0.014225  0.994545  0.061403  0.084326  -0.060475  0.998078  -0.013512  -0.084993  0.008339  0.996347  -0.000158  -0.000163  -0.000021  0.000000  0.000000  0.000000  2.000000  
43.588070 0.008943  0.099368  -0.014226  0.994557  0.061197  0.084328  -0.060270  0.998091  -0.013495  -0.084993  0.008339  0.996347  -0.000148  -0.000165  -0.000058  0.000000  0.000000  0.000000  2.000000  
43.589075 0.008943  0.099368  -0.014226  0.994557  0.061197  0.084328  -0.060270  0.998091  -0.013495  -0.084993  0.008339  0.996347  -0.000119  -0.000117  -0.000084  0.000000  0.000000  0.000000  2.000000  
43.590075 0.008943  0.099368  -0.014226  0.994557  0.061197  0.084328  -0.060270  0.998091  -0.013495  -0.084993  0.008339  0.996347  -0.000100  -0.000065  -0.000071  0.000000  0.000000  0.000000  2.000000  
43.591076 0.008943  0.099368  -0.014227  0.994557  0.061197  0.084328  -0.060270  0.998091  -0.013495  -0.084993  0.008339  0.996347  -0.000089  -0.000067  -0.000108  0.000000  0.000000  0.000000  2.000000  
43.592324 0.008943  0.099368  -0.014227  0.994568  0.061196  0.084195  -0.060271  0.998091  -0.013487  -0.084860  0.008339  0.996358  -0.000059  -0.000037  -0.000087  0.000000  0.000000  0.000000  2.000000  
43.593326 0.008943  0.099367  -0.014227  0.994581  0.060990  0.084198  -0.060066  0.998104  -0.013470  -0.084860  0.008339  0.996358  -0.000067  -0.000090  -0.000135  0.000000  0.000000  0.000000  2.000000  
43.594335 0.008943  0.099367  -0.014227  0.994581  0.060990  0.084198  -0.060066  0.998104  -0.013470  -0.084860  0.008339  0.996358  -0.000038  -0.000062  -0.000116  0.000000  0.000000  0.000000  2.000000  
43.595571 0.008943  0.099367  -0.014228  0.994581  0.060990  0.084198  -0.060066  0.998104  -0.013470  -0.084860  0.008339  0.996358  -0.000046  -0.000095  -0.000212  0.000000  0.000000  0.000000  2.000000  
43.596572 0.008943  0.099366  -0.014229  0.994592  0.060989  0.084065  -0.060067  0.998104  -0.013462  -0.084727  0.008339  0.996369  -0.000044  -0.000151  -0.000298  0.000000  0.000000  0.000000  2.000000  
43.597822 0.008942  0.099366  -0.014230  0.994592  0.060989  0.084065  -0.060067  0.998104  -0.013462  -0.084727  0.008339  0.996369  -0.000052  -0.000184  -0.000394  0.000000  0.000000  0.000000  2.000000  
43.599072 0.008942  0.099365  -0.014231  0.994604  0.060784  0.084068  -0.059862  0.998116  -0.013444  -0.084727  0.008339  0.996369  -0.000080  -0.000190  -0.000453  0.000000  0.000000  0.000000  2.000000  
43.600319 0.008942  0.099365  -0.014232  0.994616  0.060783  0.083935  -0.059863  0.998116  -0.013436  -0.084593  0.008339  0.996381  -0.000069  -0.000191  -0.000489  0.000000  0.000000  0.000000  2.000000  
43.601328 0.008942  0.099365  -0.014232  0.994616  0.060783  0.083935  -0.059863  0.998116  -0.013436  -0.084593  0.008339  0.996381  -0.000059  -0.000214  -0.000481  0.000000  0.000000  0.000000  2.000000  
43.602332 0.008942  0.099364  -0.014232  0.994627  0.060782  0.083802  -0.059863  0.998116  -0.013428  -0.084460  0.008339  0.996392  -0.000091  -0.000268  -0.000464  0.000000  0.000000  0.000000  2.000000  
43.603570 0.008941  0.099363  -0.014233  0.994639  0.060576  0.083804  -0.059659  0.998129  -0.013411  -0.084460  0.008339  0.996392  -0.000131  -0.000296  -0.000448  0.000000  0.000000  0.000000  2.000000  
43.604822 0.008941  0.099363  -0.014233  0.994651  0.060585  0.083664  -0.059659  0.998127  -0.013524  -0.084327  0.008460  0.996402  -0.000139  -0.000365  -0.000444  0.000000  0.000000  0.000000  2.000000  
43.606070 0.008941  0.099363  -0.014233  0.994662  0.060584  0.083531  -0.059660  0.998127  -0.013516  -0.084193  0.008461  0.996414  -0.000149  -0.000363  -0.000408  0.000000  0.000000  0.000000  2.000000  
43.607076 0.008941  0.099362  -0.014234  0.994674  0.060379  0.083534  -0.059455  0.998140  -0.013499  -0.084193  0.008461  0.996414  -0.000161  -0.000424  -0.000464  0.000000  0.000000  0.000000  2.000000  
43.608338 0.008940  0.099361  -0.014234  0.994685  0.060377  0.083401  -0.059456  0.998140  -0.013491  -0.084060  0.008461  0.996425  -0.000171  -0.000421  -0.000426  0.000000  0.000000  0.000000  2.000000  
43.609572 0.008940  0.099360  -0.014235  0.994697  0.060376  0.083268  -0.059457  0.998140  -0.013483  -0.083927  0.008461  0.996436  -0.000151  -0.000447  -0.000456  0.000000  0.000000  0.000000  2.000000  
43.610574 0.008940  0.099360  -0.014235  0.994708  0.060375  0.083134  -0.059457  0.998140  -0.013475  -0.083793  0.008461  0.996447  -0.000191  -0.000474  -0.000439  0.000000  0.000000  0.000000  2.000000  
43.611824 0.008940  0.099359  -0.014236  0.994731  0.060169  0.083004  -0.059253  0.998152  -0.013450  -0.083660  0.008461  0.996458  -0.000191  -0.000474  -0.000439  0.000000  0.000000  0.000000  2.000000  
43.613073 0.008940  0.099359  -0.014235  0.994742  0.060177  0.082864  -0.059254  0.998151  -0.013563  -0.083527  0.008582  0.996469  -0.000173  -0.000465  -0.000336  0.000000  0.000000  0.000000  2.000000  
43.614327 0.008940  0.099358  -0.014236  0.994766  0.059971  0.082733  -0.059050  0.998163  -0.013538  -0.083393  0.008582  0.996480  -0.000174  -0.000485  -0.000290  0.000000  0.000000  0.000000  2.000000  
43.615569 0.008940  0.099357  -0.014235  0.994777  0.059970  0.082600  -0.059050  0.998163  -0.013530  -0.083260  0.008582  0.996491  -0.000132  -0.000492  -0.000211  0.000000  0.000000  0.000000  2.000000  
43.616571 0.008940  0.099357  -0.014235  0.994788  0.059969  0.082467  -0.059051  0.998163  -0.013522  -0.083127  0.008582  0.996502  -0.000116  -0.000469  -0.000157  0.000000  0.000000  0.000000  2.000000  
43.617818 0.008940  0.099357  -0.014235  0.994811  0.059762  0.082337  -0.058847  0.998176  -0.013498  -0.082993  0.008582  0.996513  -0.000104  -0.000484  -0.000146  0.000000  0.000000  0.000000  2.000000  
43.618819 0.008940  0.099356  -0.014234  0.994833  0.059770  0.082064  -0.058848  0.998174  -0.013603  -0.082727  0.008703  0.996534  -0.000065  -0.000486  -0.000119  0.000000  0.000000  0.000000  2.000000  
43.619820 0.008940  0.099356  -0.014234  0.994844  0.059768  0.081930  -0.058849  0.998174  -0.013595  -0.082593  0.008703  0.996545  -0.000035  -0.000449  -0.000096  0.000000  0.000000  0.000000  2.000000  
43.621072 0.008940  0.099356  -0.014234  0.994878  0.059561  0.081667  -0.058645  0.998187  -0.013562  -0.082327  0.008704  0.996567  -0.000047  -0.000455  -0.000061  0.000000  0.000000  0.000000  2.000000  
43.622325 0.008941  0.099355  -0.014234  0.994889  0.059569  0.081527  -0.058646  0.998185  -0.013676  -0.082193  0.008825  0.996577  -0.000007  -0.000449  -0.000031  0.000000  0.000000  0.000000  2.000000  
43.623328 0.008941  0.099355  -0.014234  0.994923  0.059361  0.081263  -0.058442  0.998198  -0.013643  -0.081927  0.008825  0.996599  0.000013  -0.000390  -0.000018  0.000000  0.000000  0.000000  2.000000  
43.624574 0.008941  0.099355  -0.014234  0.994934  0.059360  0.081130  -0.058443  0.998198  -0.013635  -0.081793  0.008825  0.996610  0.000062  -0.000338  0.000061  0.000000  0.000000  0.000000  2.000000  
43.625826 0.008941  0.099355  -0.014234  0.994956  0.059368  0.080857  -0.058444  0.998196  -0.013741  -0.081527  0.008946  0.996631  0.000092  -0.000306  0.000081  0.000000  0.000000  0.000000  2.000000  
43.627072 0.008942  0.099355  -0.014233  0.994990  0.059160  0.080593  -0.058241  0.998208  -0.013709  -0.081260  0.008946  0.996653  0.000148  -0.000265  0.000166  0.000000  0.000000  0.000000  2.000000  
43.628073 0.008942  0.099356  -0.014233  0.995001  0.059159  0.080460  -0.058241  0.998209  -0.013701  -0.081127  0.008946  0.996664  0.000168  -0.000213  0.000178  0.000000  0.000000  0.000000  2.000000  
43.629325 0.008942  0.099356  -0.014233  0.995034  0.058960  0.080190  -0.058038  0.998219  -0.013790  -0.080860  0.009067  0.996684  0.000187  -0.000161  0.000190  0.000000  0.000000  0.000000  2.000000  
43.630327 0.008943  0.099356  -0.014232  0.995056  0.058958  0.079923  -0.058039  0.998219  -0.013774  -0.080593  0.009068  0.996706  0.000221  -0.000114  0.000169  0.000000  0.000000  0.000000  2.000000  
43.631570 0.008943  0.099356  -0.014233  0.995077  0.058965  0.079650  -0.058040  0.998218  -0.013880  -0.080326  0.009189  0.996726  0.000218  -0.000091  0.000121  0.000000  0.000000  0.000000  2.000000  
43.632570 0.008943  0.099356  -0.014233  0.995111  0.058757  0.079386  -0.057837  0.998230  -0.013848  -0.080060  0.009189  0.996748  0.000211  -0.000069  0.000114  0.000000  0.000000  0.000000  2.000000  
43.633571 0.008943  0.099356  -0.014233  0.995121  0.058766  0.079246  -0.057837  0.998228  -0.013961  -0.079926  0.009310  0.996757  0.000209  -0.000047  0.000068  0.000000  0.000000  0.000000  2.000000  
43.634819 0.008943  0.099356  -0.014233  0.995155  0.058558  0.078983  -0.057634  0.998241  -0.013930  -0.079660  0.009310  0.996779  0.000199  -0.000025  0.000059  0.000000  0.000000  0.000000  2.000000  
43.636068 0.008944  0.099356  -0.014233  0.995176  0.058565  0.078709  -0.057635  0.998239  -0.014035  -0.079393  0.009431  0.996799  0.000218  0.000027  0.000071  0.000000  0.000000  0.000000  2.000000  
43.637069 0.008944  0.099356  -0.014233  0.995197  0.058562  0.078443  -0.057636  0.998239  -0.014020  -0.079126  0.009431  0.996820  0.000218  0.000027  0.000071  -0.027309  0.168960  -0.063089  2.000000  
43.638076 0.008944  0.099356  -0.014233  0.995230  0.058364  0.078173  -0.057433  0.998250  -0.014109  -0.078859  0.009552  0.996840  0.000212  0.000051  0.000064  -0.031070  0.174839  -0.070581  2.000000  
43.639318 0.008944  0.099356  -0.014233  0.995251  0.058371  0.077899  -0.057434  0.998248  -0.014215  -0.078592  0.009674  0.996860  0.000169  0.000044  0.000034  -0.034863  0.177805  -0.070031  2.000000  
43.640328 0.008944  0.099357  -0.014233  0.995272  0.058368  0.077633  -0.057435  0.998248  -0.014200  -0.078326  0.009674  0.996881  0.000178  0.000118  0.000038  -0.034874  0.186737  -0.070117  2.000000  
43.641573 0.008944  0.099357  -0.014233  0.995315  0.058168  0.077229  -0.057232  0.998259  -0.014282  -0.077926  0.009795  0.996911  0.000149  0.000089  0.000017  -0.039260  0.192758  -0.070745  2.000000  
43.642574 0.008944  0.099357  -0.014234  0.995336  0.058175  0.076956  -0.057233  0.998257  -0.014388  -0.077659  0.009916  0.996931  0.000110  0.000104  -0.000057  -0.039270  0.197228  -0.070805  2.000000  
43.643821 0.008943  0.099357  -0.014234  0.995367  0.058171  0.076556  -0.057235  0.998257  -0.014365  -0.077259  0.009916  0.996962  0.000071  0.000098  -0.000085  -0.038964  0.204518  -0.070304  2.000000  
43.644821 0.008943  0.099357  -0.014234  0.995399  0.057972  0.076286  -0.057031  0.998268  -0.014455  -0.076992  0.010038  0.996981  0.000062  0.000122  -0.000095  -0.043375  0.210695  -0.070939  2.000000  
43.645822 0.008943  0.099357  -0.014234  0.995420  0.057978  0.076013  -0.057032  0.998266  -0.014561  -0.076725  0.010159  0.997001  0.000022  0.000116  -0.000125  -0.047471  0.215212  -0.071003  2.000000  
43.647072 0.008943  0.099358  -0.014234  0.995450  0.057984  0.075606  -0.057034  0.998265  -0.014659  -0.076325  0.010280  0.997030  0.000001  0.000141  -0.000096  -0.051561  0.224180  -0.071096  2.000000  
43.648073 0.008943  0.099357  -0.014235  0.995483  0.057775  0.075343  -0.056830  0.998277  -0.014628  -0.076058  0.010280  0.997050  -0.000040  0.000114  -0.000080  -0.051156  0.226817  -0.070561  2.000000  
43.649322 0.008943  0.099358  -0.014235  0.995513  0.057780  0.074936  -0.056832  0.998275  -0.014726  -0.075658  0.010401  0.997080  -0.000049  0.000135  -0.000087  -0.051598  0.233161  -0.071211  2.000000  
43.650570 0.008942  0.099358  -0.014235  0.995553  0.057784  0.074396  -0.056834  0.998274  -0.014817  -0.075124  0.010523  0.997119  -0.000118  0.000099  -0.000136  -0.056247  0.246732  -0.064465  2.000000  
43.651571 0.008942  0.099358  -0.014235  0.995585  0.057584  0.074126  -0.056631  0.998284  -0.014908  -0.074857  0.010644  0.997137  -0.000128  0.000122  -0.000145  -0.059801  0.246677  -0.071384  2.000000  
43.652819 0.008942  0.099358  -0.014235  0.995625  0.057588  0.073586  -0.056633  0.998282  -0.014998  -0.074323  0.010765  0.997176  -0.000140  0.000147  -0.000156  -0.059330  0.258012  -0.070957  2.000000  
43.653820 0.008941  0.099358  -0.014236  0.995655  0.057592  0.073180  -0.056634  0.998281  -0.015097  -0.073923  0.010887  0.997205  -0.000159  0.000116  -0.000214  -0.063941  0.267055  -0.064235  2.000000  
43.655076 0.008941  0.099358  -0.014236  0.995696  0.057391  0.072776  -0.056431  0.998291  -0.015180  -0.073523  0.011008  0.997233  -0.000189  0.000087  -0.000235  -0.067459  0.271388  -0.071126  2.000000  
43.656326 0.008941  0.099358  -0.014237  0.995735  0.057394  0.072236  -0.056433  0.998290  -0.015271  -0.072989  0.011129  0.997271  -0.000218  0.000079  -0.000301  -0.067502  0.280365  -0.071267  2.000000  
43.657572 0.008941  0.099358  -0.014237  0.995764  0.057398  0.071830  -0.056435  0.998288  -0.015369  -0.072589  0.011251  0.997298  -0.000186  0.000085  -0.000231  -0.072126  0.285005  -0.064513  2.000000  
43.658822 0.008941  0.099358  -0.014237  0.995814  0.057195  0.071293  -0.056232  0.998298  -0.015446  -0.072055  0.011372  0.997336  -0.000179  0.000064  -0.000226  -0.071572  0.298111  -0.071484  2.000000  
43.659822 0.008941  0.099358  -0.014237  0.995843  0.057199  0.070886  -0.056234  0.998297  -0.015544  -0.071655  0.011493  0.997363  -0.000179  0.000064  -0.000226  -0.076798  0.305169  -0.065249  2.000000  
43.660823 0.008941  0.099358  -0.014237  0.995872  0.057203  0.070480  -0.056235  0.998295  -0.015643  -0.071254  0.011615  0.997391  -0.000169  0.000041  -0.000218  -0.080895  0.309657  -0.065315  2.000000  
43.662072 0.008940  0.099358  -0.014237  0.995910  0.057206  0.069940  -0.056238  0.998293  -0.015734  -0.070720  0.011736  0.997427  -0.000180  0.000042  -0.000180  -0.081444  0.318724  -0.058551  2.000000  
43.663074 0.008940  0.099358  -0.014237  0.995949  0.057004  0.069536  -0.056034  0.998304  -0.015818  -0.070320  0.011857  0.997454  -0.000170  0.000019  -0.000172  -0.085015  0.323128  -0.065515  2.000000  
43.664325 0.008940  0.099358  -0.014237  0.995987  0.057006  0.068996  -0.056036  0.998302  -0.015909  -0.069786  0.011979  0.997490  -0.000159  -0.000004  -0.000163  -0.084543  0.334657  -0.065319  2.000000  
43.665570 0.008940  0.099358  -0.014237  0.996024  0.057008  0.068456  -0.056038  0.998300  -0.016000  -0.069252  0.012100  0.997526  -0.000140  0.000049  -0.000151  -0.088914  0.338351  -0.058383  2.000000  
43.666572 0.008939  0.099358  -0.014238  0.996072  0.056804  0.067920  -0.055835  0.998311  -0.016077  -0.068718  0.012222  0.997561  -0.000159  -0.000004  -0.000163  -0.089164  0.350079  -0.065910  2.000000  
43.667818 0.008939  0.099358  -0.014238  0.996109  0.056806  0.067380  -0.055837  0.998309  -0.016168  -0.068184  0.012343  0.997596  -0.000157  -0.000004  -0.000161  -0.089730  0.359268  -0.059174  2.000000  
43.668819 0.008939  0.099358  -0.014238  0.996136  0.056809  0.066973  -0.055839  0.998307  -0.016267  -0.067784  0.012465  0.997622  -0.000138  0.000027  -0.000103  -0.093015  0.365090  -0.058785  2.000000  
43.669820 0.008939  0.099359  -0.014238  0.996184  0.056605  0.066437  -0.055636  0.998317  -0.016345  -0.067250  0.012586  0.997657  -0.000140  0.000027  -0.000105  -0.092551  0.373982  -0.065784  2.000000  
43.671072 0.008939  0.099359  -0.014237  0.996220  0.056614  0.065890  -0.055638  0.998314  -0.016557  -0.066716  0.012828  0.997690  -0.000122  0.000037  -0.000001  -0.096616  0.378402  -0.065900  2.000000  
43.672317 0.008939  0.099359  -0.014237  0.996264  0.056613  0.065216  -0.055640  0.998312  -0.016641  -0.066048  0.012950  0.997732  -0.000111  0.000090  0.000047  -0.101235  0.387584  -0.059211  2.000000  
43.673328 0.008939  0.099359  -0.014236  0.996310  0.056409  0.064680  -0.055437  0.998322  -0.016719  -0.065514  0.013072  0.997766  -0.000122  0.000092  0.000084  -0.101531  0.399431  -0.066713  2.000000  
43.674336 0.008939  0.099360  -0.014236  0.996345  0.056409  0.064140  -0.055439  0.998321  -0.016810  -0.064980  0.013193  0.997799  -0.000134  0.000117  0.000077  -0.101537  0.403828  -0.066801  2.000000  
43.675571 0.008939  0.099360  -0.014236  0.996389  0.056408  0.063466  -0.055442  0.998319  -0.016894  -0.064313  0.013315  0.997841  -0.000143  0.000116  0.000112  -0.102105  0.417594  -0.060142  2.000000  
43.676572 0.008938  0.099360  -0.014235  0.996434  0.056211  0.062923  -0.055238  0.998327  -0.017094  -0.063779  0.013557  0.997872  -0.000105  0.000125  0.000144  -0.108879  0.422938  -0.066642  2.000000  
43.677823 0.008938  0.099360  -0.014235  0.996485  0.056208  0.062116  -0.055241  0.998325  -0.017171  -0.062977  0.013679  0.997921  -0.000126  0.000150  0.000172  -0.110312  0.440057  -0.060516  2.000000  
43.679075 0.008938  0.099360  -0.014234  0.996527  0.056206  0.061443  -0.055243  0.998324  -0.017255  -0.062310  0.013801  0.997961  -0.000137  0.000151  0.000210  -0.110330  0.448995  -0.060674  2.000000  
43.680345 0.008938  0.099361  -0.014233  0.996588  0.056004  0.060633  -0.055041  0.998332  -0.017440  -0.061509  0.014043  0.998008  -0.000108  0.000159  0.000276  -0.113884  0.457542  -0.067720  2.000000  
43.681570 0.008938  0.099361  -0.014232  0.996637  0.056000  0.059826  -0.055044  0.998330  -0.017517  -0.060707  0.014165  0.998055  -0.000079  0.000241  0.000378  -0.113537  0.472066  -0.060650  2.000000  
43.682570 0.008938  0.099361  -0.014231  0.996677  0.055998  0.059153  -0.055046  0.998329  -0.017601  -0.060039  0.014287  0.998094  -0.000081  0.000224  0.000430  -0.114515  0.480485  -0.061271  2.000000  
