1-Time 2-Px 3-Py 4-Pz 5-R11 6-R21 7-R31 8-R12 9-R22 10-R32 11-R13 12-R23 13-R33 14-Vx 15-Vy 16-Vz 17-Wx 18-Wy 19-Wz 20-state 21-PR11 22-PR21 23-PR31 24-PR12 25-PR22 26-PR32 27-PR13 28-PR23 29-PR33 
57.975830 0.006466  0.098040  -0.006289  0.997779  0.049060  0.045065  -0.048928  0.998794  -0.004031  -0.045209  0.001818  0.998976  -0.001060  -0.001009  -0.000743  0.000000  0.000000  0.000000  2.000000  
57.976837 0.006464  0.098039  -0.006290  0.997779  0.049060  0.045065  -0.048928  0.998794  -0.004031  -0.045209  0.001818  0.998976  -0.001094  -0.001057  -0.000810  0.000000  0.000000  0.000000  2.000000  
57.978086 0.006464  0.098038  -0.006291  0.997752  0.049471  0.045197  -0.049338  0.998774  -0.004057  -0.045342  0.001818  0.998970  -0.001064  -0.001104  -0.000825  0.000000  0.000000  0.000000  2.000000  
57.979087 0.006464  0.098036  -0.006293  0.997720  0.049883  0.045462  -0.049748  0.998753  -0.004089  -0.045610  0.001818  0.998958  -0.001031  -0.001131  -0.000883  0.000000  0.000000  0.000000  2.000000  
57.980338 0.006463  0.098034  -0.006294  0.997697  0.050089  0.045728  -0.049953  0.998743  -0.004111  -0.045877  0.001818  0.998945  -0.000967  -0.001206  -0.000957  0.000000  0.000000  0.000000  2.000000  
57.981584 0.006463  0.098032  -0.006296  0.997671  0.050501  0.045860  -0.050364  0.998722  -0.004137  -0.046010  0.001818  0.998939  -0.000874  -0.001251  -0.001010  0.000000  0.000000  0.000000  2.000000  
57.982843 0.006464  0.098031  -0.006297  0.997654  0.050706  0.045993  -0.050569  0.998712  -0.004153  -0.046144  0.001818  0.998933  -0.000729  -0.001292  -0.001067  0.000000  0.000000  0.000000  2.000000  
57.984090 0.006465  0.098029  -0.006298  0.997623  0.051323  0.045990  -0.051185  0.998680  -0.004181  -0.046144  0.001818  0.998933  -0.000576  -0.001279  -0.001079  0.000000  0.000000  0.000000  2.000000  
57.985337 0.006466  0.098028  -0.006300  0.997595  0.051735  0.046122  -0.051595  0.998659  -0.004207  -0.046278  0.001818  0.998927  -0.000425  -0.001299  -0.001118  0.000000  0.000000  0.000000  2.000000  
57.986582 0.006467  0.098026  -0.006302  0.997551  0.052346  0.046393  -0.052211  0.998628  -0.004129  -0.046545  0.001696  0.998915  -0.000237  -0.001355  -0.001135  0.000000  0.000000  0.000000  2.000000  
57.987587 0.006469  0.098024  -0.006303  0.997517  0.052758  0.046658  -0.052621  0.998606  -0.004162  -0.046812  0.001696  0.998902  -0.000041  -0.001380  -0.001126  0.000206  -0.058140  0.172888  2.000000  
57.988588 0.006471  0.098024  -0.006302  0.997472  0.053375  0.046922  -0.053236  0.998573  -0.004205  -0.047080  0.001696  0.998890  0.000145  -0.001359  -0.001047  -0.000455  -0.067106  0.186722  2.000000  
57.989592 0.006473  0.098023  -0.006302  0.997431  0.053787  0.047321  -0.053646  0.998551  -0.004246  -0.047481  0.001696  0.998871  0.000394  -0.001322  -0.000959  -0.001132  -0.080543  0.200500  2.000000  
57.990837 0.006475  0.098020  -0.006301  0.997367  0.054604  0.047724  -0.054466  0.998507  -0.004185  -0.047882  0.001575  0.998852  0.000626  -0.001358  -0.000815  0.001924  -0.089546  0.221326  2.000000  
57.992086 0.006477  0.098019  -0.006301  0.997320  0.055221  0.047989  -0.055082  0.998473  -0.004230  -0.048149  0.001575  0.998839  0.000846  -0.001351  -0.000701  0.000926  -0.098495  0.242055  2.000000  
57.993090 0.006478  0.098017  -0.006300  0.997273  0.055838  0.048253  -0.055697  0.998439  -0.004274  -0.048416  0.001575  0.998826  0.001003  -0.001345  -0.000558  0.000246  -0.107457  0.255876  2.000000  
57.994348 0.006481  0.098016  -0.006300  0.997226  0.056455  0.048517  -0.056312  0.998404  -0.004319  -0.048683  0.001575  0.998813  0.001164  -0.001338  -0.000426  -0.000763  -0.116374  0.276530  2.000000  
57.995586 0.006482  0.098014  -0.006299  0.997171  0.057073  0.048915  -0.056927  0.998369  -0.004372  -0.049084  0.001575  0.998793  0.001268  -0.001319  -0.000321  -0.001797  -0.129863  0.297372  2.000000  
57.996586 0.006484  0.098012  -0.006300  0.997123  0.057690  0.049179  -0.057542  0.998333  -0.004417  -0.049352  0.001575  0.998780  0.001375  -0.001350  -0.000256  -0.002491  -0.138836  0.311217  2.000000  
57.997588 0.006486  0.098011  -0.006300  0.997079  0.058101  0.049577  -0.057951  0.998309  -0.004461  -0.049753  0.001575  0.998760  0.001491  -0.001330  -0.000165  -0.003185  -0.151076  0.322446  2.000000  
57.998837 0.006489  0.098009  -0.006300  0.997004  0.058924  0.050107  -0.058771  0.998261  -0.004533  -0.050287  0.001575  0.998734  0.001637  -0.001357  -0.000090  -0.004288  -0.170226  0.345772  2.000000  
58.000087 0.006492  0.098007  -0.006300  0.996941  0.059542  0.050638  -0.059385  0.998225  -0.004596  -0.050822  0.001575  0.998707  0.001698  -0.001437  0.000013  -0.005379  -0.188260  0.366698  2.000000  
58.001340 0.006494  0.098004  -0.006300  0.996864  0.060371  0.051160  -0.060204  0.998175  -0.004791  -0.051356  0.001696  0.998679  0.001779  -0.001464  0.000127  -0.010553  -0.206120  0.387344  2.000000  
58.002583 0.006496  0.098001  -0.006300  0.996806  0.060988  0.051557  -0.060819  0.998137  -0.004847  -0.051757  0.001696  0.998658  0.001785  -0.001529  0.000162  -0.015719  -0.219669  0.408217  2.000000  
58.003584 0.006498  0.097999  -0.006300  0.996767  0.061399  0.051822  -0.061228  0.998112  -0.004885  -0.052024  0.001696  0.998644  0.001791  -0.001646  0.000180  -0.016318  -0.226855  0.418761  2.000000  
58.004837 0.006500  0.097996  -0.006299  0.996708  0.062016  0.052219  -0.061842  0.998074  -0.004941  -0.052425  0.001696  0.998623  0.001758  -0.001769  0.000167  -0.017199  -0.241996  0.435697  2.000000  
58.006090 0.006501  0.097991  -0.006299  0.996662  0.062428  0.052617  -0.062251  0.998048  -0.004988  -0.052826  0.001696  0.998602  0.001695  -0.001982  0.000116  -0.017821  -0.253431  0.445967  2.000000  
58.007339 0.006503  0.097987  -0.006299  0.996602  0.063045  0.053014  -0.062866  0.998009  -0.005046  -0.053227  0.001696  0.998581  0.001659  -0.002127  0.000147  -0.018772  -0.264512  0.463515  2.000000  
58.008349 0.006504  0.097983  -0.006298  0.996554  0.063457  0.053412  -0.063275  0.997983  -0.005093  -0.053628  0.001696  0.998560  0.001646  -0.002276  0.000110  -0.018711  -0.275728  0.459741  2.000000  
58.009587 0.006506  0.097978  -0.006298  0.996493  0.064080  0.053801  -0.063889  0.997943  -0.005273  -0.054028  0.001817  0.998538  0.001653  -0.002472  0.000092  -0.023475  -0.277987  0.470496  2.000000  
58.010838 0.006507  0.097973  -0.006298  0.996445  0.064492  0.054199  -0.064298  0.997917  -0.005321  -0.054429  0.001817  0.998516  0.001617  -0.002694  0.000087  -0.023978  -0.282445  0.477361  2.000000  
58.012086 0.006509  0.097969  -0.006298  0.996397  0.064910  0.054589  -0.064706  0.997889  -0.005490  -0.054830  0.001938  0.998494  0.001584  -0.002840  0.000101  -0.028315  -0.289190  0.480632  2.000000  
58.013086 0.006510  0.097966  -0.006298  0.996355  0.065321  0.054853  -0.065116  0.997862  -0.005530  -0.055097  0.001938  0.998479  0.001507  -0.002994  0.000119  -0.028600  -0.300427  0.484372  2.000000  
58.014335 0.006512  0.097962  -0.006297  0.996314  0.065739  0.055110  -0.065525  0.997835  -0.005691  -0.055364  0.002059  0.998464  0.001427  -0.003163  0.000163  -0.032468  -0.306808  0.480358  2.000000  
58.015586 0.006514  0.097958  -0.006297  0.996272  0.066158  0.055366  -0.065934  0.997807  -0.005852  -0.055632  0.002180  0.998449  0.001412  -0.003209  0.000135  -0.036289  -0.306792  0.473514  2.000000  
58.016834 0.006516  0.097954  -0.006298  0.996222  0.066576  0.055755  -0.066343  0.997779  -0.006023  -0.056032  0.002301  0.998426  0.001438  -0.003275  0.000163  -0.044548  -0.313850  0.470536  2.000000  
58.017834 0.006518  0.097951  -0.006298  0.996194  0.066782  0.056020  -0.066547  0.997765  -0.006052  -0.056299  0.002301  0.998411  0.001451  -0.003353  0.000094  -0.044323  -0.313906  0.463682  2.000000  
58.018836 0.006519  0.097946  -0.006299  0.996151  0.067200  0.056276  -0.066956  0.997737  -0.006214  -0.056567  0.002422  0.998396  0.001378  -0.003474  0.000024  -0.048166  -0.313900  0.456794  2.000000  
58.020082 0.006521  0.097941  -0.006300  0.996122  0.067413  0.056534  -0.067160  0.997722  -0.006365  -0.056834  0.002543  0.998380  0.001415  -0.003559  -0.000114  -0.051251  -0.306877  0.439354  2.000000  
58.021337 0.006523  0.097936  -0.006302  0.996079  0.067825  0.056797  -0.067569  0.997694  -0.006406  -0.057101  0.002543  0.998365  0.001453  -0.003644  -0.000252  -0.055072  -0.302405  0.432391  2.000000  
58.022342 0.006524  0.097932  -0.006303  0.996050  0.068038  0.057054  -0.067773  0.997679  -0.006557  -0.057368  0.002664  0.998350  0.001477  -0.003647  -0.000320  -0.058982  -0.304870  0.422104  2.000000  
58.023342 0.006526  0.097928  -0.006304  0.996014  0.068449  0.057185  -0.068183  0.997651  -0.006589  -0.057502  0.002664  0.998342  0.001463  -0.003687  -0.000341  -0.058698  -0.300380  0.415170  2.000000  
58.024586 0.006528  0.097923  -0.006304  0.995993  0.068662  0.057309  -0.068388  0.997636  -0.006731  -0.057635  0.002785  0.998334  0.001484  -0.003710  -0.000365  -0.062135  -0.295953  0.401444  2.000000  
58.025587 0.006529  0.097919  -0.006305  0.995971  0.068867  0.057440  -0.068592  0.997622  -0.006752  -0.057769  0.002785  0.998326  0.001537  -0.003683  -0.000448  -0.061502  -0.286991  0.387601  2.000000  
58.026591 0.006531  0.097915  -0.006305  0.995971  0.068874  0.057432  -0.068592  0.997621  -0.006873  -0.057769  0.002906  0.998326  0.001558  -0.003706  -0.000472  -0.065091  -0.275845  0.369969  2.000000  
58.027838 0.006534  0.097911  -0.006305  0.995927  0.069286  0.057696  -0.069001  0.997593  -0.006915  -0.058036  0.002906  0.998310  0.001601  -0.003757  -0.000521  -0.064281  -0.268998  0.359870  2.000000  
58.028842 0.006536  0.097907  -0.006306  0.995913  0.069498  0.057686  -0.069206  0.997577  -0.007048  -0.058036  0.003027  0.998310  0.001625  -0.003762  -0.000589  -0.067666  -0.255468  0.345966  2.000000  
58.030089 0.006539  0.097903  -0.006307  0.995883  0.069704  0.057951  -0.069410  0.997563  -0.007079  -0.058303  0.003027  0.998294  0.001697  -0.003783  -0.000618  -0.067056  -0.246533  0.332156  2.000000  
58.031089 0.006541  0.097900  -0.006307  0.995869  0.069917  0.057941  -0.069615  0.997548  -0.007212  -0.058303  0.003148  0.998294  0.001741  -0.003759  -0.000632  -0.066382  -0.233100  0.318420  2.000000  
58.032338 0.006544  0.097897  -0.006308  0.995847  0.070130  0.058064  -0.069820  0.997533  -0.007354  -0.058437  0.003269  0.998286  0.001773  -0.003709  -0.000655  -0.069768  -0.224077  0.304528  2.000000  
58.033339 0.006546  0.097894  -0.006308  0.995832  0.070335  0.058063  -0.070025  0.997518  -0.007366  -0.058437  0.003269  0.998286  0.001846  -0.003643  -0.000652  -0.068859  -0.213344  0.295164  2.000000  
58.034584 0.006549  0.097891  -0.006309  0.995832  0.070342  0.058054  -0.070025  0.997517  -0.007487  -0.058437  0.003391  0.998285  0.001903  -0.003509  -0.000576  -0.072430  -0.201696  0.276915  2.000000  
58.035586 0.006551  0.097888  -0.006309  0.995818  0.070547  0.058053  -0.070230  0.997503  -0.007499  -0.058437  0.003391  0.998285  0.001964  -0.003386  -0.000493  -0.072067  -0.192677  0.269922  2.000000  
58.036837 0.006553  0.097885  -0.006310  0.995795  0.070760  0.058176  -0.070434  0.997487  -0.007641  -0.058570  0.003512  0.998277  0.001985  -0.003259  -0.000446  -0.075290  -0.182379  0.261128  2.000000  
58.037837 0.006555  0.097882  -0.006310  0.995781  0.070966  0.058174  -0.070639  0.997473  -0.007653  -0.058570  0.003512  0.998277  0.002035  -0.003153  -0.000465  -0.075514  -0.170257  0.256119  2.000000  
58.038838 0.006558  0.097880  -0.006311  0.995781  0.070966  0.058174  -0.070639  0.997473  -0.007653  -0.058570  0.003512  0.998277  0.002081  -0.003057  -0.000436  -0.074385  -0.156790  0.235309  2.000000  
58.039839 0.006560  0.097877  -0.006311  0.995766  0.071178  0.058164  -0.070844  0.997457  -0.007786  -0.058570  0.003633  0.998277  0.002085  -0.002961  -0.000443  -0.074018  -0.147769  0.228366  2.000000  
58.041087 0.006562  0.097874  -0.006311  0.995752  0.071383  0.058162  -0.071049  0.997442  -0.007798  -0.058570  0.003633  0.998277  0.002141  -0.002863  -0.000456  -0.069610  -0.134311  0.221472  2.000000  
58.042348 0.006565  0.097871  -0.006312  0.995737  0.071589  0.058161  -0.071254  0.997428  -0.007810  -0.058570  0.003633  0.998277  0.002170  -0.002734  -0.000442  -0.069225  -0.120774  0.214410  2.000000  
58.043586 0.006568  0.097868  -0.006313  0.995745  0.071588  0.058028  -0.071255  0.997428  -0.007801  -0.058437  0.003633  0.998285  0.002140  -0.002672  -0.000478  -0.064403  -0.107356  0.200644  2.000000  
58.044587 0.006569  0.097865  -0.006314  0.995730  0.071793  0.058026  -0.071460  0.997413  -0.007813  -0.058437  0.003633  0.998285  0.002102  -0.002603  -0.000473  -0.063899  -0.097552  0.198965  2.000000  
58.045836 0.006571  0.097862  -0.006313  0.995730  0.071793  0.058026  -0.071460  0.997413  -0.007813  -0.058437  0.003633  0.998285  0.002060  -0.002554  -0.000424  -0.059115  -0.088684  0.185291  2.000000  
58.047084 0.006573  0.097859  -0.006314  0.995723  0.071998  0.057891  -0.071665  0.997398  -0.007815  -0.058303  0.003633  0.998292  0.001993  -0.002530  -0.000388  -0.054677  -0.075292  0.178361  2.000000  
58.048348 0.006575  0.097856  -0.006313  0.995709  0.072211  0.057881  -0.071870  0.997382  -0.007948  -0.058303  0.003754  0.998292  0.001956  -0.002500  -0.000329  -0.054324  -0.061916  0.171489  2.000000  
58.049583 0.006577  0.097854  -0.006312  0.995709  0.072211  0.057881  -0.071870  0.997382  -0.007948  -0.058303  0.003754  0.998292  0.001910  -0.002478  -0.000247  0.000000  0.000000  0.000000  2.000000  
58.050585 0.006578  0.097851  -0.006312  0.995716  0.072210  0.057748  -0.071871  0.997382  -0.007938  -0.058170  0.003754  0.998300  0.001827  -0.002455  -0.000185  0.000000  0.000000  0.000000  2.000000  
58.051832 0.006580  0.097849  -0.006311  0.995701  0.072416  0.057746  -0.072076  0.997367  -0.007950  -0.058170  0.003754  0.998300  0.001815  -0.002378  -0.000116  0.000000  0.000000  0.000000  2.000000  
58.052836 0.006581  0.097847  -0.006311  0.995701  0.072416  0.057746  -0.072076  0.997367  -0.007950  -0.058170  0.003754  0.998300  0.001731  -0.002355  -0.000054  0.000000  0.000000  0.000000  2.000000  
58.054087 0.006582  0.097844  -0.006310  0.995709  0.072415  0.057613  -0.072076  0.997368  -0.007940  -0.058036  0.003754  0.998307  0.001552  -0.002355  0.000040  0.000000  0.000000  0.000000  2.000000  
58.055339 0.006583  0.097842  -0.006310  0.995694  0.072620  0.057611  -0.072281  0.997353  -0.007952  -0.058036  0.003754  0.998307  0.001464  -0.002317  0.000077  0.000000  0.000000  0.000000  2.000000  
58.056341 0.006583  0.097839  -0.006309  0.995702  0.072620  0.057478  -0.072282  0.997353  -0.007943  -0.057902  0.003754  0.998315  0.001310  -0.002286  0.000195  0.000000  0.000000  0.000000  2.000000  
58.057585 0.006583  0.097836  -0.006307  0.995702  0.072620  0.057478  -0.072282  0.997353  -0.007943  -0.057902  0.003754  0.998315  0.001160  -0.002271  0.000310  0.000000  0.000000  0.000000  2.000000  
58.058589 0.006583  0.097834  -0.006307  0.995702  0.072620  0.057478  -0.072282  0.997353  -0.007943  -0.057902  0.003754  0.998315  0.001052  -0.002236  0.000427  0.000000  0.000000  0.000000  2.000000  
58.059836 0.006583  0.097832  -0.006304  0.995687  0.072818  0.057485  -0.072487  0.997339  -0.007833  -0.057902  0.003633  0.998316  0.000900  -0.002158  0.000608  0.000000  0.000000  0.000000  2.000000  
58.060836 0.006583  0.097830  -0.006304  0.995687  0.072818  0.057485  -0.072487  0.997339  -0.007833  -0.057902  0.003633  0.998316  0.000752  -0.002178  0.000628  0.000000  0.000000  0.000000  2.000000  
58.061836 0.006582  0.097827  -0.006303  0.995695  0.072818  0.057352  -0.072487  0.997339  -0.007824  -0.057769  0.003633  0.998323  0.000607  -0.002170  0.000730  0.000000  0.000000  0.000000  2.000000  
58.062839 0.006581  0.097825  -0.006302  0.995695  0.072818  0.057352  -0.072487  0.997339  -0.007824  -0.057769  0.003633  0.998323  0.000432  -0.002157  0.000766  0.000000  0.000000  0.000000  2.000000  
58.064091 0.006581  0.097823  -0.006301  0.995695  0.072818  0.057352  -0.072487  0.997339  -0.007824  -0.057769  0.003633  0.998323  0.000249  -0.002121  0.000793  0.000000  0.000000  0.000000  2.000000  
58.065338 0.006580  0.097821  -0.006300  0.995695  0.072818  0.057352  -0.072487  0.997339  -0.007824  -0.057769  0.003633  0.998323  0.000108  -0.002060  0.000806  0.000000  0.000000  0.000000  2.000000  
58.066349 0.006579  0.097819  -0.006299  0.995688  0.073016  0.057226  -0.072693  0.997325  -0.007705  -0.057635  0.003512  0.998332  -0.000054  -0.002048  0.000808  0.000000  0.000000  0.000000  2.000000  
58.067587 0.006579  0.097818  -0.006298  0.995688  0.073016  0.057226  -0.072693  0.997325  -0.007705  -0.057635  0.003512  0.998332  -0.000169  -0.001980  0.000886  0.000000  0.000000  0.000000  2.000000  
58.068588 0.006578  0.097816  -0.006297  0.995688  0.073016  0.057226  -0.072693  0.997325  -0.007705  -0.057635  0.003512  0.998332  -0.000280  -0.001964  0.000884  0.000000  0.000000  0.000000  2.000000  
58.069837 0.006577  0.097815  -0.006295  0.995688  0.073016  0.057226  -0.072693  0.997325  -0.007705  -0.057635  0.003512  0.998332  -0.000374  -0.001842  0.000974  0.000000  0.000000  0.000000  2.000000  
58.071086 0.006576  0.097813  -0.006295  0.995688  0.073016  0.057226  -0.072693  0.997325  -0.007705  -0.057635  0.003512  0.998332  -0.000452  -0.001780  0.000949  0.000000  0.000000  0.000000  2.000000  
58.072086 0.006576  0.097812  -0.006294  0.995688  0.073016  0.057226  -0.072693  0.997325  -0.007705  -0.057635  0.003512  0.998332  -0.000486  -0.001701  0.000982  0.000000  0.000000  0.000000  2.000000  
58.073090 0.006575  0.097811  -0.006293  0.995695  0.073008  0.057101  -0.072693  0.997326  -0.007574  -0.057502  0.003391  0.998340  -0.000503  -0.001657  0.000963  0.000000  0.000000  0.000000  2.000000  
58.074351 0.006574  0.097809  -0.006292  0.995695  0.073008  0.057101  -0.072693  0.997326  -0.007574  -0.057502  0.003391  0.998340  -0.000594  -0.001578  0.000900  0.000000  0.000000  0.000000  2.000000  
58.075590 0.006574  0.097808  -0.006291  0.995695  0.073008  0.057101  -0.072693  0.997326  -0.007574  -0.057502  0.003391  0.998340  -0.000600  -0.001460  0.000883  0.000000  0.000000  0.000000  2.000000  
58.076839 0.006573  0.097807  -0.006291  0.995703  0.073008  0.056968  -0.072694  0.997326  -0.007564  -0.057368  0.003391  0.998347  -0.000581  -0.001346  0.000797  0.000000  0.000000  0.000000  2.000000  
58.078089 0.006573  0.097806  -0.006290  0.995688  0.073213  0.056967  -0.072899  0.997311  -0.007576  -0.057368  0.003391  0.998347  -0.000556  -0.001232  0.000742  0.000000  0.000000  0.000000  2.000000  
58.079342 0.006572  0.097805  -0.006291  0.995688  0.073206  0.056976  -0.072899  0.997311  -0.007455  -0.057368  0.003270  0.998348  -0.000528  -0.001142  0.000667  0.000000  0.000000  0.000000  2.000000  
58.080589 0.006572  0.097804  -0.006290  0.995688  0.073206  0.056976  -0.072899  0.997311  -0.007455  -0.057368  0.003270  0.998348  -0.000521  -0.001068  0.000635  0.000000  0.000000  0.000000  2.000000  
58.081837 0.006572  0.097804  -0.006290  0.995696  0.073206  0.056842  -0.072899  0.997312  -0.007445  -0.057235  0.003270  0.998355  -0.000472  -0.000925  0.000570  0.000000  0.000000  0.000000  2.000000  
58.082842 0.006572  0.097804  -0.006290  0.995696  0.073206  0.056842  -0.072899  0.997312  -0.007445  -0.057235  0.003270  0.998355  -0.000444  -0.000836  0.000494  0.000000  0.000000  0.000000  2.000000  
58.084083 0.006572  0.097804  -0.006290  0.995696  0.073206  0.056842  -0.072899  0.997312  -0.007445  -0.057235  0.003270  0.998355  -0.000400  -0.000753  0.000419  0.000000  0.000000  0.000000  2.000000  
58.085085 0.006571  0.097804  -0.006291  0.995703  0.073205  0.056709  -0.072900  0.997312  -0.007436  -0.057101  0.003270  0.998363  -0.000389  -0.000694  0.000290  0.000000  0.000000  0.000000  2.000000  
58.086094 0.006571  0.097804  -0.006291  0.995703  0.073205  0.056709  -0.072900  0.997312  -0.007436  -0.057101  0.003270  0.998363  -0.000325  -0.000588  0.000205  0.000000  0.000000  0.000000  2.000000  
58.087332 0.006571  0.097803  -0.006292  0.995703  0.073205  0.056709  -0.072900  0.997312  -0.007436  -0.057101  0.003270  0.998363  -0.000300  -0.000542  0.000082  0.000000  0.000000  0.000000  2.000000  
58.088348 0.006571  0.097803  -0.006292  0.995711  0.073205  0.056576  -0.072901  0.997312  -0.007426  -0.056967  0.003270  0.998371  -0.000268  -0.000482  0.000016  0.000000  0.000000  0.000000  2.000000  
58.089591 0.006570  0.097803  -0.006293  0.995711  0.073205  0.056576  -0.072901  0.997312  -0.007426  -0.056967  0.003270  0.998371  -0.000266  -0.000400  -0.000125  0.000000  0.000000  0.000000  2.000000  
58.090836 0.006570  0.097802  -0.006293  0.995719  0.073204  0.056443  -0.072901  0.997312  -0.007416  -0.056834  0.003270  0.998378  -0.000229  -0.000346  -0.000146  0.000000  0.000000  0.000000  2.000000  
58.091836 0.006570  0.097802  -0.006294  0.995719  0.073204  0.056443  -0.072901  0.997312  -0.007416  -0.056834  0.003270  0.998378  -0.000234  -0.000304  -0.000198  0.000000  0.000000  0.000000  2.000000  
58.092839 0.006569  0.097802  -0.006294  0.995726  0.073204  0.056309  -0.072902  0.997312  -0.007406  -0.056700  0.003270  0.998386  -0.000210  -0.000234  -0.000231  0.000000  0.000000  0.000000  2.000000  
58.094086 0.006569  0.097802  -0.006294  0.995726  0.073204  0.056309  -0.072902  0.997312  -0.007406  -0.056700  0.003270  0.998386  -0.000227  -0.000190  -0.000249  0.000000  0.000000  0.000000  2.000000  
58.095340 0.006568  0.097802  -0.006295  0.995719  0.073409  0.056175  -0.073107  0.997297  -0.007408  -0.056567  0.003270  0.998393  -0.000232  -0.000148  -0.000302  0.000000  0.000000  0.000000  2.000000  
58.096587 0.006568  0.097802  -0.006295  0.995726  0.073408  0.056041  -0.073108  0.997297  -0.007398  -0.056433  0.003270  0.998401  -0.000270  -0.000155  -0.000332  0.000000  0.000000  0.000000  2.000000  
58.097836 0.006567  0.097802  -0.006296  0.995734  0.073408  0.055908  -0.073108  0.997297  -0.007389  -0.056299  0.003270  0.998409  -0.000308  -0.000161  -0.000362  0.000000  0.000000  0.000000  2.000000  
58.098837 0.006567  0.097802  -0.006297  0.995734  0.073408  0.055908  -0.073108  0.997297  -0.007389  -0.056299  0.003270  0.998409  -0.000339  -0.000173  -0.000432  0.000000  0.000000  0.000000  2.000000  
58.100085 0.006566  0.097801  -0.006297  0.995741  0.073408  0.055775  -0.073109  0.997297  -0.007379  -0.056166  0.003270  0.998416  -0.000390  -0.000177  -0.000429  0.000000  0.000000  0.000000  2.000000  
58.101086 0.006565  0.097801  -0.006298  0.995749  0.073407  0.055642  -0.073109  0.997297  -0.007369  -0.056032  0.003270  0.998424  -0.000422  -0.000181  -0.000451  0.000000  0.000000  0.000000  2.000000  
58.102087 0.006564  0.097800  -0.006298  0.995749  0.073407  0.055642  -0.073109  0.997297  -0.007369  -0.056032  0.003270  0.998424  -0.000483  -0.000208  -0.000411  0.000000  0.000000  0.000000  2.000000  
58.103336 0.006563  0.097800  -0.006299  0.995741  0.073612  0.055507  -0.073315  0.997282  -0.007371  -0.055899  0.003270  0.998431  -0.000514  -0.000211  -0.000434  0.000000  0.000000  0.000000  2.000000  
58.104587 0.006562  0.097799  -0.006299  0.995749  0.073612  0.055374  -0.073316  0.997282  -0.007361  -0.055765  0.003270  0.998439  -0.000559  -0.000256  -0.000378  0.000000  0.000000  0.000000  2.000000  
58.105832 0.006561  0.097798  -0.006300  0.995763  0.073611  0.055107  -0.073317  0.997282  -0.007341  -0.055498  0.003270  0.998453  -0.000617  -0.000314  -0.000419  0.000000  0.000000  0.000000  2.000000  
58.106839 0.006560  0.097797  -0.006300  0.995763  0.073611  0.055107  -0.073317  0.997282  -0.007341  -0.055498  0.003270  0.998453  -0.000661  -0.000368  -0.000402  0.000000  0.000000  0.000000  2.000000  
58.108093 0.006559  0.097796  -0.006300  0.995756  0.073816  0.054973  -0.073522  0.997267  -0.007343  -0.055364  0.003270  0.998461  -0.000703  -0.000394  -0.000389  0.000000  0.000000  0.000000  2.000000  
58.109339 0.006557  0.097795  -0.006300  0.995770  0.073821  0.054697  -0.073523  0.997266  -0.007444  -0.055097  0.003391  0.998475  -0.000783  -0.000493  -0.000400  0.000000  0.000000  0.000000  2.000000  
58.110584 0.006556  0.097794  -0.006301  0.995763  0.074026  0.054562  -0.073729  0.997251  -0.007446  -0.054964  0.003391  0.998483  -0.000833  -0.000572  -0.000432  0.000000  0.000000  0.000000  2.000000  
58.111586 0.006555  0.097793  -0.006301  0.995770  0.074026  0.054429  -0.073729  0.997251  -0.007436  -0.054830  0.003391  0.998490  -0.000866  -0.000620  -0.000409  0.000000  0.000000  0.000000  2.000000  
58.112586 0.006554  0.097792  -0.006302  0.995777  0.074025  0.054296  -0.073730  0.997251  -0.007426  -0.054696  0.003391  0.998497  -0.000901  -0.000682  -0.000427  0.000000  0.000000  0.000000  2.000000  
58.113836 0.006552  0.097790  -0.006303  0.995769  0.074230  0.054161  -0.073935  0.997235  -0.007427  -0.054563  0.003391  0.998505  -0.000990  -0.000773  -0.000404  0.000000  0.000000  0.000000  2.000000  
58.115082 0.006550  0.097789  -0.006303  0.995777  0.074230  0.054028  -0.073936  0.997235  -0.007417  -0.054429  0.003391  0.998512  -0.001023  -0.000822  -0.000382  0.000000  0.000000  0.000000  2.000000  
58.116091 0.006549  0.097788  -0.006303  0.995769  0.074435  0.053893  -0.074142  0.997220  -0.007418  -0.054296  0.003391  0.998519  -0.001103  -0.000913  -0.000386  0.000000  0.000000  0.000000  2.000000  
58.117334 0.006547  0.097786  -0.006304  0.995783  0.074440  0.053618  -0.074143  0.997219  -0.007520  -0.054028  0.003512  0.998533  -0.001144  -0.000956  -0.000420  0.000000  0.000000  0.000000  2.000000  
58.118348 0.006545  0.097785  -0.006305  0.995775  0.074645  0.053483  -0.074348  0.997204  -0.007521  -0.053895  0.003512  0.998540  -0.001195  -0.001020  -0.000404  0.000000  0.000000  0.000000  2.000000  
58.119584 0.006544  0.097783  -0.006305  0.995767  0.074850  0.053348  -0.074554  0.997189  -0.007522  -0.053761  0.003513  0.998548  -0.001226  -0.001083  -0.000429  0.000000  0.000000  0.000000  2.000000  
58.120832 0.006541  0.097781  -0.006306  0.995774  0.074849  0.053215  -0.074554  0.997189  -0.007512  -0.053628  0.003513  0.998555  -0.001307  -0.001159  -0.000477  0.000000  0.000000  0.000000  2.000000  
58.121834 0.006540  0.097779  -0.006307  0.995773  0.075060  0.052938  -0.074760  0.997172  -0.007624  -0.053360  0.003634  0.998569  -0.001314  -0.001169  -0.000490  0.000000  0.000000  0.000000  2.000000  
58.122842 0.006538  0.097778  -0.006308  0.995765  0.075265  0.052803  -0.074966  0.997157  -0.007624  -0.053227  0.003634  0.998576  -0.001396  -0.001246  -0.000540  0.000000  0.000000  0.000000  2.000000  
58.124086 0.006536  0.097776  -0.006309  0.995779  0.075264  0.052537  -0.074967  0.997157  -0.007604  -0.052959  0.003634  0.998590  -0.001443  -0.001307  -0.000615  0.000000  0.000000  0.000000  2.000000  
58.125087 0.006534  0.097774  -0.006310  0.995770  0.075469  0.052402  -0.075172  0.997142  -0.007605  -0.052826  0.003634  0.998597  -0.001506  -0.001384  -0.000613  0.000000  0.000000  0.000000  2.000000  
58.126089 0.006532  0.097772  -0.006311  0.995762  0.075674  0.052267  -0.075378  0.997126  -0.007606  -0.052692  0.003634  0.998604  -0.001553  -0.001445  -0.000688  0.000000  0.000000  0.000000  2.000000  
58.127338 0.006530  0.097770  -0.006312  0.995776  0.075679  0.051991  -0.075379  0.997125  -0.007707  -0.052425  0.003755  0.998618  -0.001625  -0.001501  -0.000696  0.000000  0.000000  0.000000  2.000000  
58.128349 0.006528  0.097768  -0.006313  0.995767  0.075884  0.051856  -0.075585  0.997110  -0.007707  -0.052291  0.003755  0.998625  -0.001641  -0.001531  -0.000750  0.000000  0.000000  0.000000  2.000000  
58.129585 0.006525  0.097766  -0.006315  0.995766  0.076088  0.051588  -0.075791  0.997094  -0.007698  -0.052024  0.003755  0.998639  -0.001703  -0.001593  -0.000799  0.000000  0.000000  0.000000  2.000000  
58.130588 0.006523  0.097763  -0.006316  0.995764  0.076292  0.051320  -0.075997  0.997078  -0.007688  -0.051757  0.003755  0.998653  -0.001778  -0.001680  -0.000888  0.000000  0.000000  0.000000  2.000000  
58.131838 0.006521  0.097761  -0.006317  0.995762  0.076503  0.051043  -0.076203  0.997062  -0.007799  -0.051490  0.003876  0.998666  -0.001808  -0.001709  -0.000909  0.000000  0.000000  0.000000  2.000000  
58.133085 0.006518  0.097759  -0.006319  0.995776  0.076502  0.050777  -0.076204  0.997062  -0.007779  -0.051222  0.003876  0.998680  -0.001854  -0.001769  -0.000989  0.000000  0.000000  0.000000  2.000000  
58.134099 0.006516  0.097757  -0.006320  0.995767  0.076706  0.050642  -0.076409  0.997046  -0.007779  -0.051089  0.003876  0.998687  -0.001922  -0.001804  -0.001035  0.000000  0.000000  0.000000  2.000000  
58.135332 0.006513  0.097754  -0.006322  0.995771  0.076910  0.050240  -0.076616  0.997030  -0.007759  -0.050688  0.003877  0.998707  -0.001947  -0.001813  -0.001102  0.000000  0.000000  0.000000  2.000000  
58.136338 0.006511  0.097752  -0.006323  0.995778  0.076916  0.050098  -0.076616  0.997030  -0.007869  -0.050554  0.003998  0.998713  -0.002022  -0.001870  -0.001108  0.000000  0.000000  0.000000  2.000000  
58.137584 0.006508  0.097750  -0.006325  0.995776  0.077120  0.049830  -0.076822  0.997014  -0.007859  -0.050287  0.003998  0.998727  -0.002044  -0.001877  -0.001173  -0.030062  0.169888  0.109035  2.000000  
58.138586 0.006506  0.097748  -0.006326  0.995773  0.077324  0.049562  -0.077028  0.996998  -0.007849  -0.050020  0.003998  0.998740  -0.002043  -0.001876  -0.001173  -0.030401  0.174375  0.115874  2.000000  
58.139590 0.006504  0.097746  -0.006327  0.995787  0.077329  0.049286  -0.077029  0.996997  -0.007949  -0.049753  0.004119  0.998753  -0.002099  -0.001883  -0.001168  -0.030623  0.180296  0.116775  2.000000  
58.140840 0.006500  0.097744  -0.006329  0.995784  0.077533  0.049018  -0.077236  0.996981  -0.007938  -0.049485  0.004119  0.998766  -0.002167  -0.001919  -0.001219  -0.030602  0.184803  0.116766  2.000000  
58.141857 0.006499  0.097742  -0.006330  0.995797  0.077532  0.048751  -0.077237  0.996981  -0.007918  -0.049218  0.004119  0.998780  -0.002164  -0.001916  -0.001217  -0.030561  0.189197  0.116687  2.000000  
58.143086 0.006495  0.097739  -0.006332  0.995794  0.077742  0.048474  -0.077443  0.996964  -0.008028  -0.048951  0.004240  0.998792  -0.002238  -0.001956  -0.001271  -0.034351  0.192234  0.115778  2.000000  
58.144087 0.006493  0.097737  -0.006334  0.995807  0.077741  0.048207  -0.077444  0.996965  -0.008007  -0.048683  0.004240  0.998805  -0.002224  -0.001957  -0.001304  -0.034325  0.196685  0.115756  2.000000  
58.145338 0.006490  0.097734  -0.006336  0.995804  0.077945  0.047939  -0.077650  0.996949  -0.007996  -0.048416  0.004240  0.998818  -0.002284  -0.001989  -0.001354  -0.034577  0.198304  0.116711  2.000000  
58.146348 0.006488  0.097732  -0.006337  0.995817  0.077950  0.047663  -0.077651  0.996948  -0.008097  -0.048149  0.004362  0.998831  -0.002278  -0.001993  -0.001388  -0.034542  0.202750  0.116633  2.000000  
58.147585 0.006484  0.097730  -0.006340  0.995820  0.078153  0.047262  -0.077857  0.996932  -0.008075  -0.047748  0.004362  0.998850  -0.002318  -0.002001  -0.001419  -0.034529  0.211851  0.116660  2.000000  
58.148586 0.006482  0.097727  -0.006341  0.995833  0.078152  0.046995  -0.077858  0.996932  -0.008054  -0.047481  0.004362  0.998863  -0.002309  -0.001997  -0.001416  -0.034501  0.216325  0.116631  2.000000  
58.149586 0.006479  0.097725  -0.006343  0.995830  0.078362  0.046718  -0.078064  0.996915  -0.008164  -0.047213  0.004483  0.998875  -0.002335  -0.002032  -0.001474  -0.038552  0.220812  0.116592  2.000000  
58.150837 0.006477  0.097723  -0.006345  0.995842  0.078360  0.046451  -0.078065  0.996915  -0.008143  -0.046946  0.004483  0.998887  -0.002331  -0.002012  -0.001517  -0.038172  0.220781  0.109681  2.000000  
58.152082 0.006474  0.097720  -0.006347  0.995861  0.078364  0.046042  -0.078067  0.996914  -0.008233  -0.046545  0.004604  0.998906  -0.002351  -0.002036  -0.001533  -0.037832  0.227918  0.108727  2.000000  
58.153084 0.006471  0.097718  -0.006349  0.995867  0.078364  0.045909  -0.078067  0.996914  -0.008222  -0.046411  0.004604  0.998912  -0.002381  -0.002065  -0.001554  -0.037480  0.227915  0.101885  2.000000  
58.154334 0.006468  0.097716  -0.006351  0.995886  0.078367  0.045500  -0.078068  0.996913  -0.008312  -0.046010  0.004726  0.998930  -0.002378  -0.002046  -0.001598  -0.041149  0.232350  0.094998  2.000000  
58.155582 0.006465  0.097713  -0.006353  0.995898  0.078366  0.045233  -0.078069  0.996913  -0.008291  -0.045743  0.004726  0.998942  -0.002407  -0.002074  -0.001617  -0.041124  0.232355  0.095001  2.000000  
58.156591 0.006463  0.097711  -0.006355  0.995916  0.078370  0.044824  -0.078071  0.996913  -0.008381  -0.045342  0.004847  0.998960  -0.002395  -0.002087  -0.001694  -0.045167  0.243197  0.088805  2.000000  
58.157837 0.006460  0.097708  -0.006358  0.995912  0.078574  0.044556  -0.078277  0.996897  -0.008369  -0.045075  0.004847  0.998972  -0.002382  -0.002079  -0.001684  -0.041073  0.243239  0.088805  2.000000  
58.158839 0.006458  0.097706  -0.006359  0.995924  0.078572  0.044289  -0.078278  0.996897  -0.008348  -0.044808  0.004847  0.998984  -0.002370  -0.002081  -0.001718  -0.040385  0.245672  0.081202  2.000000  
58.160086 0.006455  0.097703  -0.006361  0.995958  0.078370  0.043882  -0.078074  0.996912  -0.008428  -0.044407  0.004968  0.999001  -0.002372  -0.002110  -0.001717  -0.044121  0.252251  0.068046  2.000000  
58.161087 0.006452  0.097702  -0.006363  0.995970  0.078369  0.043615  -0.078075  0.996912  -0.008407  -0.044139  0.004968  0.999013  -0.002382  -0.002089  -0.001727  -0.043723  0.254517  0.067435  2.000000  
58.162348 0.006450  0.097698  -0.006366  0.995987  0.078372  0.043206  -0.078076  0.996911  -0.008497  -0.043738  0.005090  0.999030  -0.002357  -0.002110  -0.001749  -0.043712  0.256504  0.061029  2.000000  
58.163586 0.006446  0.097695  -0.006368  0.996005  0.078370  0.042806  -0.078078  0.996911  -0.008466  -0.043337  0.005090  0.999048  -0.002378  -0.002134  -0.001762  -0.043031  0.263401  0.053660  2.000000  
58.164927 0.006444  0.097693  -0.006370  0.996022  0.078373  0.042397  -0.078079  0.996910  -0.008555  -0.042936  0.005211  0.999064  -0.002323  -0.002123  -0.001764  -0.046969  0.264716  0.047029  2.000000  
58.166088 0.006441  0.097690  -0.006373  0.996039  0.078371  0.041997  -0.078081  0.996911  -0.008524  -0.042535  0.005211  0.999081  -0.002355  -0.002169  -0.001830  -0.043026  0.270062  0.047143  2.000000  
58.167338 0.006439  0.097688  -0.006375  0.996056  0.078374  0.041588  -0.078082  0.996910  -0.008614  -0.042134  0.005332  0.999098  -0.002304  -0.002164  -0.001834  -0.046762  0.274500  0.040189  2.000000  
58.168347 0.006436  0.097685  -0.006377  0.996089  0.078167  0.041189  -0.077878  0.996926  -0.008574  -0.041733  0.005332  0.999115  -0.002332  -0.002191  -0.001853  -0.045738  0.276662  0.026131  2.000000  
58.169584 0.006433  0.097682  -0.006379  0.996106  0.078165  0.040790  -0.077879  0.996926  -0.008542  -0.041332  0.005332  0.999131  -0.002304  -0.002210  -0.001868  -0.041691  0.281160  0.026097  2.000000  
58.170832 0.006431  0.097679  -0.006382  0.996122  0.078168  0.040380  -0.077881  0.996925  -0.008632  -0.040931  0.005454  0.999147  -0.002283  -0.002234  -0.001893  -0.045418  0.285608  0.019203  2.000000  
58.171836 0.006428  0.097677  -0.006383  0.996138  0.078165  0.039981  -0.077882  0.996925  -0.008601  -0.040530  0.005454  0.999163  -0.002295  -0.002232  -0.001859  -0.045432  0.290199  0.019191  2.000000  
58.172840 0.006426  0.097675  -0.006385  0.996155  0.078163  0.039581  -0.077883  0.996926  -0.008570  -0.040129  0.005454  0.999180  -0.002256  -0.002256  -0.001829  -0.041382  0.296850  0.012384  2.000000  
58.174086 0.006424  0.097672  -0.006387  0.996187  0.077956  0.039183  -0.077679  0.996942  -0.008530  -0.039728  0.005454  0.999196  -0.002215  -0.002230  -0.001843  -0.040737  0.298856  0.005406  2.000000  
58.175087 0.006422  0.097670  -0.006389  0.996202  0.077954  0.038783  -0.077681  0.996942  -0.008499  -0.039327  0.005454  0.999212  -0.002196  -0.002274  -0.001823  -0.040774  0.305839  -0.001484  2.000000  
58.176337 0.006419  0.097667  -0.006391  0.996218  0.077956  0.038373  -0.077682  0.996941  -0.008589  -0.038926  0.005575  0.999227  -0.002209  -0.002271  -0.001789  -0.040447  0.307846  -0.001531  2.000000  
58.177583 0.006416  0.097664  -0.006393  0.996239  0.077953  0.037840  -0.077683  0.996941  -0.008547  -0.038391  0.005576  0.999247  -0.002181  -0.002287  -0.001804  -0.040139  0.312179  -0.008409  2.000000  
58.178590 0.006415  0.097662  -0.006394  0.996265  0.077746  0.037575  -0.077479  0.996958  -0.008519  -0.038123  0.005576  0.999257  -0.002119  -0.002260  -0.001762  -0.036096  0.314693  -0.015409  2.000000  
58.179836 0.006412  0.097659  -0.006396  0.996285  0.077743  0.037042  -0.077481  0.996958  -0.008477  -0.037589  0.005576  0.999278  -0.002139  -0.002263  -0.001731  -0.035814  0.323708  -0.022371  2.000000  
58.181086 0.006410  0.097656  -0.006398  0.996300  0.077741  0.036642  -0.077482  0.996958  -0.008446  -0.037187  0.005576  0.999293  -0.002092  -0.002262  -0.001647  -0.035524  0.325480  -0.022208  2.000000  
58.182332 0.006408  0.097654  -0.006399  0.996315  0.077739  0.036242  -0.077483  0.996958  -0.008415  -0.036786  0.005576  0.999308  -0.002067  -0.002253  -0.001584  -0.031492  0.325514  -0.022231  2.000000  
58.183337 0.006405  0.097652  -0.006400  0.996345  0.077531  0.035844  -0.077279  0.996974  -0.008377  -0.036385  0.005576  0.999322  -0.002038  -0.002225  -0.001564  -0.031212  0.329903  -0.029108  2.000000  
58.184337 0.006404  0.097650  -0.006401  0.996360  0.077529  0.035444  -0.077280  0.996974  -0.008346  -0.035984  0.005576  0.999337  -0.002027  -0.002220  -0.001470  -0.027407  0.337177  -0.029397  2.000000  
58.185338 0.006402  0.097648  -0.006402  0.996374  0.077527  0.035044  -0.077281  0.996975  -0.008315  -0.035583  0.005576  0.999351  -0.002010  -0.002188  -0.001414  -0.027409  0.341587  -0.029413  2.000000  
58.186582 0.006399  0.097645  -0.006404  0.996388  0.077525  0.034644  -0.077282  0.996975  -0.008283  -0.035182  0.005576  0.999365  -0.001969  -0.002175  -0.001382  -0.023161  0.338914  -0.029204  2.000000  
58.187584 0.006397  0.097643  -0.006404  0.996418  0.077317  0.034246  -0.077078  0.996991  -0.008245  -0.034781  0.005576  0.999379  -0.001952  -0.002143  -0.001328  -0.022616  0.343214  -0.042934  2.000000  
58.188586 0.006396  0.097641  -0.006406  0.996432  0.077315  0.033846  -0.077079  0.996991  -0.008214  -0.034379  0.005576  0.999393  -0.001935  -0.002112  -0.001274  -0.022633  0.347714  -0.042963  2.000000  
58.189589 0.006394  0.097640  -0.006406  0.996450  0.077312  0.033313  -0.077081  0.996991  -0.008173  -0.033845  0.005576  0.999412  -0.001929  -0.002065  -0.001230  -0.018757  0.359532  -0.043382  2.000000  
58.190836 0.006392  0.097637  -0.006407  0.996484  0.077104  0.032781  -0.076877  0.997007  -0.008125  -0.033310  0.005577  0.999430  -0.001902  -0.002055  -0.001165  -0.018778  0.364073  -0.043411  2.000000  
58.191837 0.006390  0.097636  -0.006408  0.996497  0.077102  0.032381  -0.076878  0.997008  -0.008094  -0.032909  0.005577  0.999443  -0.001852  -0.001975  -0.001133  -0.014714  0.368550  -0.043456  2.000000  
58.192839 0.006388  0.097634  -0.006409  0.996510  0.077099  0.031981  -0.076879  0.997008  -0.008064  -0.032507  0.005577  0.999456  -0.001846  -0.001938  -0.001047  -0.014730  0.368534  -0.043455  2.000000  
