1-Time 2-Px 3-Py 4-Pz 5-R11 6-R21 7-R31 8-R12 9-R22 10-R32 11-R13 12-R23 13-R33 14-Vx 15-Vy 16-Vz 17-Wx 18-Wy 19-Wz 20-state 21-PR11 22-PR21 23-PR31 24-PR12 25-PR22 26-PR32 27-PR13 28-PR23 29-PR33 
180.610164 -0.001654  0.085361  -0.002328  0.999289  0.024820  0.028395  -0.025310  0.999535  0.016995  -0.027960  -0.017702  0.999452  0.000947  0.004919  -0.000277  0.000000  0.000000  0.000000  2.000000  
180.611167 -0.001654  0.085366  -0.002329  0.999289  0.024820  0.028395  -0.025310  0.999535  0.016995  -0.027960  -0.017702  0.999452  0.000866  0.004941  -0.000348  0.000000  0.000000  0.000000  2.000000  
180.612168 -0.001655  0.085368  -0.002330  0.999285  0.024818  0.028529  -0.025309  0.999535  0.016992  -0.028094  -0.017701  0.999449  0.000735  0.004768  -0.000454  0.000000  0.000000  0.000000  2.000000  
180.613419 -0.001657  0.085369  -0.002332  0.999280  0.025024  0.028532  -0.025515  0.999530  0.016986  -0.028094  -0.017701  0.999449  0.000525  0.004453  -0.000546  0.000000  0.000000  0.000000  2.000000  
180.614425 -0.001658  0.085370  -0.002333  0.999276  0.025018  0.028669  -0.025515  0.999528  0.017104  -0.028228  -0.017823  0.999443  0.000318  0.004188  -0.000642  0.000000  0.000000  0.000000  2.000000  
180.615667 -0.001660  0.085371  -0.002335  0.999271  0.025224  0.028673  -0.025721  0.999523  0.017098  -0.028228  -0.017823  0.999443  0.000129  0.003800  -0.000740  0.000000  0.000000  0.000000  2.000000  
180.616915 -0.001662  0.085371  -0.002336  0.999271  0.025220  0.028676  -0.025721  0.999521  0.017219  -0.028228  -0.017944  0.999440  -0.000088  0.003422  -0.000773  0.000000  0.000000  0.000000  2.000000  
180.618163 -0.001664  0.085371  -0.002337  0.999271  0.025217  0.028679  -0.025721  0.999519  0.017340  -0.028228  -0.018065  0.999438  -0.000286  0.002971  -0.000773  0.000000  0.000000  0.000000  2.000000  
180.619163 -0.001665  0.085370  -0.002338  0.999269  0.025422  0.028552  -0.025927  0.999511  0.017459  -0.028094  -0.018186  0.999440  -0.000444  0.002607  -0.000851  0.000000  0.000000  0.000000  2.000000  
180.620167 -0.001666  0.085370  -0.002339  0.999260  0.025625  0.028689  -0.026132  0.999506  0.017450  -0.028228  -0.018186  0.999436  -0.000564  0.002240  -0.000899  0.000000  0.000000  0.000000  2.000000  
180.621168 -0.001667  0.085369  -0.002339  0.999260  0.025621  0.028692  -0.026132  0.999504  0.017571  -0.028228  -0.018308  0.999434  -0.000692  0.001857  -0.000904  0.000000  0.000000  0.000000  2.000000  
180.622420 -0.001669  0.085368  -0.002341  0.999251  0.025825  0.028829  -0.026338  0.999499  0.017561  -0.028362  -0.018307  0.999430  -0.000857  0.001372  -0.000957  0.000000  0.000000  0.000000  2.000000  
180.623669 -0.001670  0.085367  -0.002341  0.999241  0.026028  0.028967  -0.026543  0.999494  0.017552  -0.028495  -0.018307  0.999426  -0.001001  0.000849  -0.000894  0.000000  0.000000  0.000000  2.000000  
180.624920 -0.001672  0.085364  -0.002341  0.999236  0.026230  0.028974  -0.026749  0.999486  0.017667  -0.028495  -0.018429  0.999424  -0.001186  0.000249  -0.000890  0.000000  0.000000  0.000000  2.000000  
180.625922 -0.001674  0.085361  -0.002341  0.999230  0.026436  0.028977  -0.026955  0.999481  0.017661  -0.028495  -0.018429  0.999424  -0.001392  -0.000322  -0.000865  0.000000  0.000000  0.000000  2.000000  
180.626926 -0.001677  0.085357  -0.002341  0.999225  0.026642  0.028981  -0.027161  0.999475  0.017655  -0.028495  -0.018429  0.999424  -0.001498  -0.000744  -0.000752  0.000000  0.000000  0.000000  2.000000  
180.628168 -0.001681  0.085351  -0.002342  0.999219  0.026848  0.028984  -0.027366  0.999470  0.017649  -0.028495  -0.018429  0.999424  -0.001631  -0.001214  -0.000649  0.000000  0.000000  0.000000  2.000000  
180.629420 -0.001684  0.085345  -0.002342  0.999214  0.027050  0.028991  -0.027572  0.999462  0.017764  -0.028495  -0.018550  0.999422  -0.001720  -0.001662  -0.000568  0.000000  0.000000  0.000000  2.000000  
180.630422 -0.001686  0.085340  -0.002342  0.999204  0.027250  0.029132  -0.027778  0.999454  0.017876  -0.028629  -0.018671  0.999416  -0.001778  -0.002067  -0.000459  0.000000  0.000000  0.000000  2.000000  
180.631434 -0.001689  0.085335  -0.002342  0.999198  0.027455  0.029136  -0.027983  0.999449  0.017870  -0.028629  -0.018671  0.999416  -0.001867  -0.002449  -0.000433  0.000000  0.000000  0.000000  2.000000  
180.632666 -0.001692  0.085327  -0.002343  0.999193  0.027654  0.029146  -0.028189  0.999439  0.018106  -0.028629  -0.018913  0.999411  -0.001927  -0.002888  -0.000420  0.000000  0.000000  0.000000  2.000000  
180.633914 -0.001694  0.085320  -0.002344  0.999187  0.027856  0.029153  -0.028395  0.999431  0.018222  -0.028629  -0.019035  0.999409  -0.001957  -0.003349  -0.000457  0.000000  0.000000  0.000000  2.000000  
180.634923 -0.001696  0.085315  -0.002346  0.999181  0.028059  0.029160  -0.028600  0.999423  0.018337  -0.028629  -0.019156  0.999407  -0.001996  -0.003726  -0.000477  0.000000  0.000000  0.000000  2.000000  
180.636166 -0.001697  0.085308  -0.002348  0.999175  0.028261  0.029168  -0.028806  0.999415  0.018452  -0.028629  -0.019277  0.999404  -0.002012  -0.004057  -0.000539  0.000000  0.000000  0.000000  2.000000  
180.637413 -0.001699  0.085301  -0.002349  0.999169  0.028459  0.029178  -0.029012  0.999404  0.018689  -0.028629  -0.019520  0.999400  -0.002049  -0.004497  -0.000588  0.000000  0.000000  0.000000  2.000000  
180.638415 -0.001701  0.085295  -0.002350  0.999163  0.028662  0.029186  -0.029218  0.999396  0.018804  -0.028629  -0.019641  0.999397  -0.002041  -0.004817  -0.000631  0.000000  0.000000  0.000000  2.000000  
180.639662 -0.001703  0.085287  -0.002352  0.999157  0.028864  0.029193  -0.029423  0.999388  0.018919  -0.028629  -0.019762  0.999395  -0.002138  -0.005250  -0.000735  0.000000  0.000000  0.000000  2.000000  
180.640665 -0.001705  0.085281  -0.002352  0.999151  0.029066  0.029200  -0.029629  0.999380  0.019034  -0.028629  -0.019883  0.999392  -0.002120  -0.005431  -0.000756  0.000000  0.000000  0.000000  2.000000  
180.641668 -0.001708  0.085274  -0.002352  0.999145  0.029272  0.029204  -0.029835  0.999374  0.019028  -0.028629  -0.019883  0.999392  -0.002101  -0.005600  -0.000741  0.000000  0.000000  0.000000  2.000000  
180.642669 -0.001710  0.085268  -0.002352  0.999145  0.029268  0.029208  -0.029835  0.999371  0.019149  -0.028629  -0.020004  0.999390  -0.002019  -0.005679  -0.000742  0.000000  0.000000  0.000000  2.000000  
180.643915 -0.001712  0.085261  -0.002352  0.999132  0.029676  0.029219  -0.030246  0.999357  0.019259  -0.028629  -0.020126  0.999387  -0.001946  -0.005778  -0.000701  0.000000  0.000000  0.000000  2.000000  
180.644916 -0.001714  0.085255  -0.002351  0.999132  0.029676  0.029219  -0.030246  0.999357  0.019259  -0.028629  -0.020126  0.999387  -0.001922  -0.005872  -0.000657  0.000000  0.000000  0.000000  2.000000  
180.646164 -0.001716  0.085248  -0.002351  0.999126  0.029878  0.029227  -0.030452  0.999348  0.019374  -0.028629  -0.020247  0.999385  -0.001821  -0.005858  -0.000580  0.000000  0.000000  0.000000  2.000000  
180.647419 -0.001718  0.085241  -0.002350  0.999120  0.030077  0.029238  -0.030657  0.999338  0.019610  -0.028629  -0.020489  0.999380  -0.001764  -0.005820  -0.000498  0.000000  0.000000  0.000000  2.000000  
180.648663 -0.001719  0.085235  -0.002350  0.999117  0.030282  0.029112  -0.030863  0.999329  0.019730  -0.028495  -0.020611  0.999381  -0.001718  -0.005810  -0.000375  0.080060  -0.016696  0.171213  2.000000  
180.649918 -0.001720  0.085229  -0.002350  0.999117  0.030278  0.029116  -0.030863  0.999326  0.019851  -0.028495  -0.020732  0.999379  -0.001648  -0.005755  -0.000244  0.000000  0.000000  0.000000  2.000000  
180.651169 -0.001722  0.085222  -0.002349  0.999111  0.030477  0.029127  -0.031069  0.999315  0.020087  -0.028495  -0.020974  0.999374  -0.001605  -0.005735  -0.000042  0.000000  0.000000  0.000000  2.000000  
180.652171 -0.001723  0.085217  -0.002349  0.999111  0.030474  0.029131  -0.031069  0.999313  0.020208  -0.028495  -0.021096  0.999371  -0.001581  -0.005727  0.000020  0.000000  0.000000  0.000000  2.000000  
180.653417 -0.001725  0.085209  -0.002349  0.999105  0.030676  0.029139  -0.031275  0.999304  0.020324  -0.028495  -0.021217  0.999369  -0.001604  -0.005745  0.000096  0.000000  0.000000  0.000000  2.000000  
180.654663 -0.001728  0.085201  -0.002350  0.999098  0.030874  0.029151  -0.031480  0.999293  0.020560  -0.028495  -0.021459  0.999364  -0.001650  -0.005765  0.000109  0.000000  0.000000  0.000000  2.000000  
180.655665 -0.001730  0.085193  -0.002351  0.999098  0.030871  0.029154  -0.031480  0.999290  0.020681  -0.028495  -0.021580  0.999361  -0.001661  -0.005810  0.000113  0.000000  0.000000  0.000000  2.000000  
180.656665 -0.001732  0.085187  -0.002351  0.999094  0.030864  0.029292  -0.031480  0.999288  0.020798  -0.028629  -0.021702  0.999355  -0.001647  -0.005816  0.000082  0.000000  0.000000  0.000000  2.000000  
180.657913 -0.001736  0.085178  -0.002352  0.999088  0.031063  0.029304  -0.031686  0.999277  0.021035  -0.028629  -0.021944  0.999349  -0.001676  -0.005896  -0.000008  0.000000  0.000000  0.000000  2.000000  
180.658920 -0.001737  0.085172  -0.002353  0.999088  0.031059  0.029307  -0.031686  0.999274  0.021156  -0.028629  -0.022065  0.999347  -0.001645  -0.005879  -0.000035  0.000000  0.000000  0.000000  2.000000  
180.660168 -0.001740  0.085165  -0.002353  0.999081  0.031262  0.029316  -0.031892  0.999265  0.021271  -0.028629  -0.022186  0.999344  -0.001681  -0.005938  -0.000138  0.000000  0.000000  0.000000  2.000000  
180.661431 -0.001742  0.085158  -0.002353  0.999081  0.031255  0.029323  -0.031892  0.999260  0.021513  -0.028629  -0.022429  0.999338  -0.001692  -0.005885  -0.000160  0.000000  0.000000  0.000000  2.000000  
180.662668 -0.001744  0.085151  -0.002354  0.999075  0.031457  0.029331  -0.032097  0.999251  0.021629  -0.028629  -0.022550  0.999336  -0.001766  -0.005947  -0.000293  0.000000  0.000000  0.000000  2.000000  
180.663917 -0.001747  0.085145  -0.002354  0.999075  0.031450  0.029339  -0.032097  0.999245  0.021871  -0.028629  -0.022793  0.999330  -0.001803  -0.005947  -0.000323  0.000000  0.000000  0.000000  2.000000  
180.665167 -0.001749  0.085138  -0.002354  0.999078  0.031449  0.029209  -0.032097  0.999243  0.021997  -0.028495  -0.022914  0.999331  -0.001925  -0.005935  -0.000330  0.000000  0.000000  0.000000  2.000000  
180.666428 -0.001753  0.085132  -0.002354  0.999072  0.031651  0.029218  -0.032303  0.999233  0.022112  -0.028495  -0.023035  0.999328  -0.002059  -0.005919  -0.000312  0.000000  0.000000  0.000000  2.000000  
180.667668 -0.001756  0.085125  -0.002354  0.999072  0.031644  0.029225  -0.032303  0.999228  0.022354  -0.028495  -0.023277  0.999323  -0.002169  -0.005889  -0.000319  0.000000  0.000000  0.000000  2.000000  
180.668915 -0.001760  0.085117  -0.002354  0.999072  0.031641  0.029229  -0.032303  0.999225  0.022475  -0.028495  -0.023399  0.999320  -0.002278  -0.005857  -0.000326  0.000000  0.000000  0.000000  2.000000  
180.669917 -0.001763  0.085111  -0.002355  0.999065  0.031843  0.029238  -0.032509  0.999216  0.022591  -0.028495  -0.023520  0.999317  -0.002335  -0.005827  -0.000335  0.000000  0.000000  0.000000  2.000000  
180.670918 -0.001767  0.085105  -0.002357  0.999065  0.031839  0.029241  -0.032509  0.999213  0.022712  -0.028495  -0.023641  0.999314  -0.002436  -0.005774  -0.000385  0.000000  0.000000  0.000000  2.000000  
180.672168 -0.001772  0.085096  -0.002358  0.999065  0.031836  0.029245  -0.032509  0.999211  0.022833  -0.028495  -0.023762  0.999311  -0.002557  -0.005794  -0.000432  0.000000  0.000000  0.000000  2.000000  
180.673418 -0.001776  0.085089  -0.002360  0.999058  0.032034  0.029258  -0.032714  0.999198  0.023069  -0.028495  -0.024005  0.999306  -0.002647  -0.005775  -0.000512  0.000000  0.000000  0.000000  2.000000  
180.674426 -0.001779  0.085082  -0.002362  0.999058  0.032031  0.029262  -0.032714  0.999196  0.023191  -0.028495  -0.024126  0.999303  -0.002743  -0.005792  -0.000583  0.000000  0.000000  0.000000  2.000000  
180.675949 -0.001782  0.085075  -0.002364  0.999058  0.032024  0.029269  -0.032714  0.999190  0.023433  -0.028495  -0.024368  0.999297  -0.002766  -0.005720  -0.000709  0.000000  0.000000  0.000000  2.000000  
180.677168 -0.001787  0.085066  -0.002366  0.999058  0.032017  0.029277  -0.032714  0.999184  0.023675  -0.028495  -0.024611  0.999291  -0.002942  -0.005907  -0.000847  0.000000  0.000000  0.000000  2.000000  
180.678425 -0.001791  0.085058  -0.002369  0.999058  0.032013  0.029281  -0.032714  0.999181  0.023797  -0.028495  -0.024732  0.999288  -0.003012  -0.005960  -0.000980  0.000000  0.000000  0.000000  2.000000  
180.679678 -0.001794  0.085051  -0.002371  0.999052  0.032212  0.029294  -0.032920  0.999169  0.024033  -0.028495  -0.024974  0.999282  -0.003085  -0.006016  -0.001112  0.000000  0.000000  0.000000  2.000000  
180.680920 -0.001798  0.085043  -0.002372  0.999052  0.032208  0.029298  -0.032920  0.999166  0.024154  -0.028495  -0.025096  0.999279  -0.003139  -0.006106  -0.001267  0.000000  0.000000  0.000000  2.000000  
180.682170 -0.001803  0.085035  -0.002374  0.999052  0.032204  0.029302  -0.032920  0.999163  0.024275  -0.028495  -0.025217  0.999276  -0.003206  -0.006188  -0.001389  0.000000  0.000000  0.000000  2.000000  
180.683170 -0.001806  0.085028  -0.002376  0.999052  0.032201  0.029305  -0.032920  0.999160  0.024396  -0.028495  -0.025338  0.999273  -0.003234  -0.006267  -0.001481  0.000000  0.000000  0.000000  2.000000  
180.684422 -0.001811  0.085019  -0.002377  0.999052  0.032197  0.029309  -0.032920  0.999157  0.024518  -0.028495  -0.025459  0.999270  -0.003261  -0.006316  -0.001489  0.000000  0.000000  0.000000  2.000000  
180.685671 -0.001815  0.085012  -0.002378  0.999052  0.032190  0.029317  -0.032920  0.999151  0.024760  -0.028495  -0.025702  0.999263  -0.003243  -0.006287  -0.001437  0.000000  0.000000  0.000000  2.000000  
180.686918 -0.001819  0.085004  -0.002379  0.999045  0.032392  0.029326  -0.033126  0.999142  0.024875  -0.028495  -0.025823  0.999260  -0.003219  -0.006240  -0.001429  0.000000  0.000000  0.000000  2.000000  
180.688168 -0.001823  0.084997  -0.002380  0.999045  0.032389  0.029330  -0.033126  0.999139  0.024996  -0.028495  -0.025944  0.999257  -0.003210  -0.006231  -0.001334  0.000000  0.000000  0.000000  2.000000  
180.689418 -0.001826  0.084990  -0.002381  0.999045  0.032382  0.029338  -0.033126  0.999132  0.025239  -0.028495  -0.026187  0.999251  -0.003160  -0.006173  -0.001259  0.000000  0.000000  0.000000  2.000000  
180.690429 -0.001829  0.084983  -0.002382  0.999045  0.032378  0.029342  -0.033126  0.999129  0.025360  -0.028495  -0.026308  0.999248  -0.003229  -0.006313  -0.001243  0.000000  0.000000  0.000000  2.000000  
180.691429 -0.001831  0.084978  -0.002383  0.999045  0.032375  0.029346  -0.033126  0.999126  0.025481  -0.028495  -0.026429  0.999244  -0.003099  -0.006169  -0.001170  0.000000  0.000000  0.000000  2.000000  
180.692670 -0.001835  0.084970  -0.002385  0.999045  0.032371  0.029350  -0.033126  0.999123  0.025602  -0.028495  -0.026550  0.999241  -0.003100  -0.006165  -0.001167  0.000000  0.000000  0.000000  2.000000  
180.693677 -0.001837  0.084964  -0.002386  0.999045  0.032364  0.029358  -0.033126  0.999117  0.025845  -0.028495  -0.026793  0.999235  -0.003044  -0.006139  -0.001087  0.000000  0.000000  0.000000  2.000000  
180.694918 -0.001840  0.084956  -0.002387  0.999045  0.032360  0.029362  -0.033126  0.999114  0.025966  -0.028495  -0.026914  0.999232  -0.003029  -0.006208  -0.001054  0.000000  0.000000  0.000000  2.000000  
180.695918 -0.001843  0.084949  -0.002389  0.999041  0.032353  0.029499  -0.033126  0.999111  0.026083  -0.028629  -0.027035  0.999224  -0.002996  -0.006240  -0.001106  0.000000  0.000000  0.000000  2.000000  
180.697167 -0.001847  0.084941  -0.002390  0.999041  0.032346  0.029507  -0.033126  0.999104  0.026325  -0.028629  -0.027277  0.999218  -0.002953  -0.006264  -0.001065  0.000000  0.000000  0.000000  2.000000  
180.698429 -0.001851  0.084932  -0.002392  0.999034  0.032548  0.029516  -0.033331  0.999095  0.026440  -0.028629  -0.027398  0.999215  -0.002868  -0.006250  -0.001049  0.000000  0.000000  0.000000  2.000000  
180.699669 -0.001854  0.084924  -0.002393  0.999034  0.032545  0.029520  -0.033331  0.999091  0.026561  -0.028629  -0.027520  0.999211  -0.002844  -0.006307  -0.001060  0.000000  0.000000  0.000000  2.000000  
180.700915 -0.001857  0.084916  -0.002394  0.999034  0.032537  0.029528  -0.033331  0.999085  0.026804  -0.028629  -0.027762  0.999205  -0.002746  -0.006307  -0.001062  0.000000  0.000000  0.000000  2.000000  
180.701918 -0.001860  0.084910  -0.002395  0.999034  0.032534  0.029532  -0.033331  0.999082  0.026925  -0.028629  -0.027883  0.999201  -0.002679  -0.006282  -0.001013  0.000000  0.000000  0.000000  2.000000  
180.703163 -0.001862  0.084902  -0.002395  0.999034  0.032530  0.029536  -0.033331  0.999078  0.027046  -0.028629  -0.028004  0.999198  -0.002579  -0.006294  -0.001017  0.000000  0.000000  0.000000  2.000000  
180.704168 -0.001864  0.084897  -0.002395  0.999034  0.032527  0.029540  -0.033331  0.999075  0.027167  -0.028629  -0.028126  0.999194  -0.002540  -0.006279  -0.000999  0.000000  0.000000  0.000000  2.000000  
180.705417 -0.001866  0.084890  -0.002396  0.999034  0.032519  0.029548  -0.033331  0.999068  0.027410  -0.028629  -0.028368  0.999187  -0.002482  -0.006250  -0.000950  0.000000  0.000000  0.000000  2.000000  
180.706426 -0.001868  0.084884  -0.002396  0.999034  0.032516  0.029552  -0.033331  0.999065  0.027531  -0.028629  -0.028489  0.999184  -0.002463  -0.006218  -0.000899  0.000000  0.000000  0.000000  2.000000  
180.707664 -0.001871  0.084877  -0.002397  0.999038  0.032516  0.029422  -0.033331  0.999062  0.027656  -0.028495  -0.028611  0.999184  -0.002424  -0.006186  -0.000787  0.000000  0.000000  0.000000  2.000000  
180.708673 -0.001873  0.084871  -0.002397  0.999038  0.032513  0.029426  -0.033331  0.999058  0.027778  -0.028495  -0.028732  0.999181  -0.002432  -0.006205  -0.000744  0.000000  0.000000  0.000000  2.000000  
180.709917 -0.001877  0.084864  -0.002398  0.999038  0.032509  0.029430  -0.033331  0.999055  0.027899  -0.028495  -0.028853  0.999177  -0.002420  -0.006151  -0.000704  0.000000  0.000000  0.000000  2.000000  
180.710917 -0.001879  0.084858  -0.002398  0.999038  0.032505  0.029434  -0.033331  0.999051  0.028020  -0.028495  -0.028974  0.999174  -0.002386  -0.006095  -0.000602  0.000000  0.000000  0.000000  2.000000  
180.711920 -0.001882  0.084852  -0.002399  0.999038  0.032502  0.029438  -0.033331  0.999048  0.028141  -0.028495  -0.029095  0.999170  -0.002363  -0.006048  -0.000556  0.000000  0.000000  0.000000  2.000000  
180.713167 -0.001885  0.084843  -0.002400  0.999027  0.032696  0.029585  -0.033537  0.999035  0.028373  -0.028629  -0.029338  0.999159  -0.002344  -0.006019  -0.000544  0.000000  0.000000  0.000000  2.000000  
180.714167 -0.001887  0.084837  -0.002400  0.999027  0.032693  0.029589  -0.033537  0.999031  0.028494  -0.028629  -0.029459  0.999156  -0.002278  -0.005997  -0.000455  0.000000  0.000000  0.000000  2.000000  
180.715168 -0.001890  0.084831  -0.002401  0.999027  0.032689  0.029593  -0.033537  0.999028  0.028615  -0.028629  -0.029580  0.999152  -0.002315  -0.005995  -0.000485  0.000000  0.000000  0.000000  2.000000  
180.716420 -0.001893  0.084823  -0.002401  0.999027  0.032682  0.029601  -0.033537  0.999021  0.028858  -0.028629  -0.029822  0.999145  -0.002292  -0.005994  -0.000463  0.000000  0.000000  0.000000  2.000000  
180.717690 -0.001895  0.084816  -0.002402  0.999031  0.032683  0.029471  -0.033537  0.999017  0.028983  -0.028495  -0.029944  0.999145  -0.002312  -0.005985  -0.000484  0.000000  0.000000  0.000000  2.000000  
180.718922 -0.001898  0.084808  -0.002403  0.999031  0.032675  0.029479  -0.033537  0.999010  0.029226  -0.028495  -0.030186  0.999138  -0.002333  -0.006023  -0.000536  0.000000  0.000000  0.000000  2.000000  
180.720166 -0.001901  0.084801  -0.002404  0.999031  0.032668  0.029487  -0.033537  0.999003  0.029468  -0.028495  -0.030428  0.999131  -0.002328  -0.005991  -0.000492  0.000000  0.000000  0.000000  2.000000  
180.721167 -0.001903  0.084795  -0.002404  0.999031  0.032665  0.029491  -0.033537  0.998999  0.029589  -0.028495  -0.030550  0.999127  -0.002375  -0.006072  -0.000512  0.000000  0.000000  0.000000  2.000000  
180.722430 -0.001907  0.084788  -0.002405  0.999031  0.032661  0.029495  -0.033537  0.998996  0.029710  -0.028495  -0.030671  0.999123  -0.002403  -0.006086  -0.000530  0.000000  0.000000  0.000000  2.000000  
180.723666 -0.001910  0.084780  -0.002405  0.999031  0.032657  0.029499  -0.033537  0.998992  0.029832  -0.028495  -0.030792  0.999120  -0.002431  -0.006083  -0.000506  0.000000  0.000000  0.000000  2.000000  
180.724761 -0.001913  0.084775  -0.002404  0.999031  0.032654  0.029503  -0.033537  0.998989  0.029953  -0.028495  -0.030913  0.999116  -0.002438  -0.006015  -0.000441  0.000000  0.000000  0.000000  2.000000  
180.725927 -0.001917  0.084767  -0.002405  0.999031  0.032647  0.029511  -0.033537  0.998981  0.030195  -0.028495  -0.031156  0.999108  -0.002510  -0.006021  -0.000453  0.000000  0.000000  0.000000  2.000000  
180.727177 -0.001921  0.084760  -0.002405  0.999031  0.032643  0.029515  -0.033537  0.998978  0.030316  -0.028495  -0.031277  0.999104  -0.002544  -0.005987  -0.000399  0.000000  0.000000  0.000000  2.000000  
180.728419 -0.001924  0.084753  -0.002405  0.999031  0.032640  0.029519  -0.033537  0.998974  0.030438  -0.028495  -0.031398  0.999101  -0.002556  -0.005928  -0.000337  0.000000  0.000000  0.000000  2.000000  
180.729424 -0.001927  0.084747  -0.002405  0.999031  0.032636  0.029523  -0.033537  0.998970  0.030559  -0.028495  -0.031519  0.999097  -0.002596  -0.005874  -0.000295  0.000000  0.000000  0.000000  2.000000  
180.730429 -0.001930  0.084742  -0.002405  0.999031  0.032632  0.029527  -0.033537  0.998966  0.030680  -0.028495  -0.031640  0.999093  -0.002626  -0.005812  -0.000241  0.000000  0.000000  0.000000  2.000000  
180.731429 -0.001932  0.084737  -0.002405  0.999031  0.032629  0.029531  -0.033537  0.998963  0.030801  -0.028495  -0.031762  0.999089  -0.002652  -0.005760  -0.000231  0.000000  0.000000  0.000000  2.000000  
180.732667 -0.001936  0.084730  -0.002406  0.999031  0.032625  0.029535  -0.033537  0.998959  0.030922  -0.028495  -0.031883  0.999085  -0.002690  -0.005718  -0.000233  0.000000  0.000000  0.000000  2.000000  
180.733914 -0.001939  0.084724  -0.002406  0.999031  0.032618  0.029543  -0.033537  0.998951  0.031165  -0.028495  -0.032125  0.999078  -0.002695  -0.005632  -0.000172  0.000000  0.000000  0.000000  2.000000  
180.734915 -0.001942  0.084718  -0.002406  0.999031  0.032615  0.029547  -0.033537  0.998948  0.031286  -0.028495  -0.032246  0.999074  -0.002750  -0.005601  -0.000181  0.000000  0.000000  0.000000  2.000000  
180.736186 -0.001945  0.084711  -0.002407  0.999031  0.032611  0.029551  -0.033537  0.998944  0.031407  -0.028495  -0.032367  0.999070  -0.002834  -0.005591  -0.000196  0.000000  0.000000  0.000000  2.000000  
180.737420 -0.001949  0.084705  -0.002407  0.999031  0.032607  0.029555  -0.033537  0.998940  0.031528  -0.028495  -0.032489  0.999066  -0.002834  -0.005523  -0.000179  0.000000  0.000000  0.000000  2.000000  
180.738430 -0.001952  0.084700  -0.002408  0.999031  0.032604  0.029559  -0.033537  0.998936  0.031649  -0.028495  -0.032610  0.999062  -0.002876  -0.005463  -0.000218  0.000000  0.000000  0.000000  2.000000  
180.739665 -0.001956  0.084693  -0.002409  0.999024  0.032806  0.029569  -0.033743  0.998926  0.031764  -0.028495  -0.032731  0.999058  -0.002923  -0.005511  -0.000294  0.000000  0.000000  0.000000  2.000000  
180.740668 -0.001959  0.084688  -0.002409  0.999024  0.032802  0.029573  -0.033743  0.998922  0.031885  -0.028495  -0.032852  0.999054  -0.002886  -0.005406  -0.000295  0.000000  0.000000  0.000000  2.000000  
180.741672 -0.001962  0.084682  -0.002410  0.999024  0.032799  0.029577  -0.033743  0.998918  0.032007  -0.028495  -0.032973  0.999050  -0.002897  -0.005358  -0.000317  0.000000  0.000000  0.000000  2.000000  
180.742918 -0.001966  0.084677  -0.002409  0.999024  0.032795  0.029581  -0.033743  0.998914  0.032128  -0.028495  -0.033095  0.999046  -0.002878  -0.005287  -0.000319  0.000000  0.000000  0.000000  2.000000  
180.743918 -0.001968  0.084672  -0.002410  0.999024  0.032795  0.029581  -0.033743  0.998914  0.032128  -0.028495  -0.033095  0.999046  -0.002834  -0.005169  -0.000314  0.000000  0.000000  0.000000  2.000000  
180.745172 -0.001971  0.084668  -0.002409  0.999028  0.032796  0.029451  -0.033743  0.998910  0.032253  -0.028362  -0.033216  0.999046  -0.002825  -0.005042  -0.000329  0.000000  0.000000  0.000000  2.000000  
180.746429 -0.001974  0.084663  -0.002410  0.999028  0.032792  0.029455  -0.033743  0.998906  0.032375  -0.028362  -0.033337  0.999042  -0.002796  -0.004927  -0.000302  0.000000  0.000000  0.000000  2.000000  
180.747669 -0.001977  0.084658  -0.002410  0.999028  0.032789  0.029459  -0.033743  0.998902  0.032496  -0.028362  -0.033458  0.999038  -0.002765  -0.004823  -0.000338  0.000000  0.000000  0.000000  2.000000  
180.748917 -0.001980  0.084653  -0.002411  0.999028  0.032785  0.029463  -0.033743  0.998898  0.032617  -0.028362  -0.033579  0.999034  -0.002725  -0.004678  -0.000344  0.000000  0.000000  0.000000  2.000000  
180.749917 -0.001982  0.084649  -0.002411  0.999028  0.032782  0.029467  -0.033743  0.998894  0.032738  -0.028362  -0.033701  0.999029  -0.002688  -0.004578  -0.000295  0.000000  0.000000  0.000000  2.000000  
180.751166 -0.001985  0.084645  -0.002411  0.999028  0.032782  0.029467  -0.033743  0.998894  0.032738  -0.028362  -0.033701  0.999029  -0.002628  -0.004437  -0.000294  0.000000  0.000000  0.000000  2.000000  
180.752424 -0.001988  0.084640  -0.002412  0.999021  0.032984  0.029478  -0.033949  0.998883  0.032853  -0.028362  -0.033822  0.999025  -0.002563  -0.004267  -0.000320  0.000000  0.000000  0.000000  2.000000  
180.753665 -0.001991  0.084635  -0.002413  0.999021  0.032980  0.029482  -0.033949  0.998879  0.032974  -0.028362  -0.033943  0.999021  -0.002523  -0.004200  -0.000315  0.000000  0.000000  0.000000  2.000000  
180.754913 -0.001994  0.084631  -0.002414  0.999021  0.032977  0.029486  -0.033949  0.998875  0.033096  -0.028362  -0.034064  0.999017  -0.002440  -0.004040  -0.000334  0.000000  0.000000  0.000000  2.000000  
180.755913 -0.001996  0.084627  -0.002415  0.999021  0.032977  0.029486  -0.033949  0.998875  0.033096  -0.028362  -0.034064  0.999017  -0.002382  -0.003926  -0.000361  0.000000  0.000000  0.000000  2.000000  
180.756915 -0.001997  0.084624  -0.002416  0.999014  0.033179  0.029497  -0.034154  0.998865  0.033211  -0.028362  -0.034185  0.999013  -0.002290  -0.003846  -0.000440  0.000000  0.000000  0.000000  2.000000  
180.758181 -0.002000  0.084620  -0.002417  0.999014  0.033179  0.029497  -0.034154  0.998865  0.033211  -0.028362  -0.034185  0.999013  -0.002208  -0.003677  -0.000502  0.000000  0.000000  0.000000  2.000000  
180.759419 -0.002002  0.084617  -0.002417  0.999014  0.033175  0.029501  -0.034154  0.998861  0.033332  -0.028362  -0.034307  0.999009  -0.002135  -0.003577  -0.000518  0.000000  0.000000  0.000000  2.000000  
180.760424 -0.002003  0.084614  -0.002418  0.999014  0.033171  0.029505  -0.034154  0.998857  0.033453  -0.028362  -0.034428  0.999005  -0.002071  -0.003477  -0.000578  0.000000  0.000000  0.000000  2.000000  
180.761431 -0.002005  0.084612  -0.002419  0.999007  0.033377  0.029512  -0.034360  0.998850  0.033447  -0.028362  -0.034428  0.999005  -0.002011  -0.003360  -0.000605  0.000000  0.000000  0.000000  2.000000  
180.762670 -0.002006  0.084609  -0.002420  0.999007  0.033373  0.029516  -0.034360  0.998846  0.033568  -0.028362  -0.034549  0.999001  -0.001935  -0.003279  -0.000654  0.000000  0.000000  0.000000  2.000000  
180.763917 -0.002008  0.084606  -0.002421  0.999007  0.033370  0.029520  -0.034360  0.998842  0.033689  -0.028362  -0.034670  0.998996  -0.001869  -0.003157  -0.000678  0.000000  0.000000  0.000000  2.000000  
180.764919 -0.002010  0.084603  -0.002422  0.999000  0.033576  0.029527  -0.034566  0.998835  0.033683  -0.028362  -0.034670  0.998996  -0.001816  -0.003047  -0.000708  0.000000  0.000000  0.000000  2.000000  
180.766166 -0.002012  0.084601  -0.002422  0.999000  0.033576  0.029527  -0.034566  0.998835  0.033683  -0.028362  -0.034670  0.998996  -0.001758  -0.002935  -0.000736  0.000000  0.000000  0.000000  2.000000  
180.767218 -0.002013  0.084598  -0.002423  0.998993  0.033778  0.029538  -0.034771  0.998824  0.033798  -0.028362  -0.034791  0.998992  -0.001732  -0.002852  -0.000737  0.000000  0.000000  0.000000  2.000000  
180.768419 -0.002015  0.084595  -0.002424  0.998993  0.033778  0.029538  -0.034771  0.998824  0.033798  -0.028362  -0.034791  0.998992  -0.001676  -0.002747  -0.000761  0.000000  0.000000  0.000000  2.000000  
180.769665 -0.002017  0.084593  -0.002425  0.998986  0.033980  0.029549  -0.034977  0.998813  0.033913  -0.028362  -0.034912  0.998988  -0.001613  -0.002552  -0.000764  0.000000  0.000000  0.000000  2.000000  
180.770913 -0.002019  0.084590  -0.002426  0.998986  0.033980  0.029549  -0.034977  0.998813  0.033913  -0.028362  -0.034912  0.998988  -0.001592  -0.002486  -0.000762  0.000000  0.000000  0.000000  2.000000  
180.771915 -0.002021  0.084588  -0.002427  0.998978  0.034185  0.029556  -0.035183  0.998806  0.033907  -0.028362  -0.034912  0.998988  -0.001562  -0.002364  -0.000726  0.000000  0.000000  0.000000  2.000000  
180.772915 -0.002022  0.084586  -0.002428  0.998978  0.034182  0.029560  -0.035183  0.998801  0.034028  -0.028362  -0.035034  0.998984  -0.001531  -0.002291  -0.000766  0.000000  0.000000  0.000000  2.000000  
180.773915 -0.002023  0.084585  -0.002428  0.998978  0.034182  0.029560  -0.035183  0.998801  0.034028  -0.028362  -0.035034  0.998984  -0.001510  -0.002227  -0.000764  0.000000  0.000000  0.000000  2.000000  
180.774921 -0.002025  0.084583  -0.002430  0.998971  0.034384  0.029571  -0.035388  0.998790  0.034143  -0.028362  -0.035155  0.998979  -0.001521  -0.002168  -0.000790  0.000000  0.000000  0.000000  2.000000  
180.776167 -0.002027  0.084580  -0.002431  0.998975  0.034388  0.029438  -0.035388  0.998790  0.034148  -0.028228  -0.035155  0.998983  -0.001520  -0.002127  -0.000846  0.000000  0.000000  0.000000  2.000000  
180.777167 -0.002029  0.084578  -0.002433  0.998968  0.034590  0.029449  -0.035594  0.998779  0.034263  -0.028228  -0.035276  0.998979  -0.001548  -0.002117  -0.000911  0.000000  0.000000  0.000000  2.000000  
180.778174 -0.002030  0.084577  -0.002434  0.998968  0.034590  0.029449  -0.035594  0.998779  0.034263  -0.028228  -0.035276  0.998979  -0.001573  -0.002065  -0.000901  0.000000  0.000000  0.000000  2.000000  
180.779420 -0.002033  0.084574  -0.002436  0.998960  0.034796  0.029456  -0.035800  0.998772  0.034257  -0.028228  -0.035276  0.998979  -0.001602  -0.002046  -0.000974  0.000000  0.000000  0.000000  2.000000  
180.780667 -0.002035  0.084571  -0.002437  0.998960  0.034793  0.029460  -0.035800  0.998767  0.034378  -0.028228  -0.035397  0.998975  -0.001645  -0.002021  -0.001014  0.000000  0.000000  0.000000  2.000000  
180.781669 -0.002038  0.084569  -0.002438  0.998953  0.034998  0.029467  -0.036005  0.998760  0.034372  -0.028228  -0.035397  0.998975  -0.001684  -0.002007  -0.001053  0.000000  0.000000  0.000000  2.000000  
180.782917 -0.002040  0.084567  -0.002440  0.998953  0.034995  0.029472  -0.036005  0.998756  0.034493  -0.028228  -0.035518  0.998970  -0.001728  -0.001983  -0.001095  0.000000  0.000000  0.000000  2.000000  
180.784170 -0.002043  0.084564  -0.002442  0.998945  0.035200  0.029479  -0.036211  0.998749  0.034487  -0.028228  -0.035518  0.998970  -0.001796  -0.002006  -0.001144  0.000000  0.000000  0.000000  2.000000  
180.785414 -0.002046  0.084562  -0.002443  0.998945  0.035200  0.029479  -0.036211  0.998749  0.034487  -0.028228  -0.035518  0.998970  -0.001854  -0.001968  -0.001153  0.000000  0.000000  0.000000  2.000000  
180.786415 -0.002049  0.084559  -0.002444  0.998938  0.035402  0.029490  -0.036417  0.998737  0.034602  -0.028228  -0.035640  0.998966  -0.001923  -0.001992  -0.001202  0.000000  0.000000  0.000000  2.000000  
180.787417 -0.002051  0.084557  -0.002446  0.998938  0.035402  0.029490  -0.036417  0.998737  0.034602  -0.028228  -0.035640  0.998966  -0.001997  -0.001999  -0.001263  0.000000  0.000000  0.000000  2.000000  
180.788418 -0.002054  0.084556  -0.002447  0.998930  0.035608  0.029497  -0.036622  0.998730  0.034596  -0.028228  -0.035640  0.998966  -0.002049  -0.001994  -0.001261  0.000000  0.000000  0.000000  2.000000  
180.789663 -0.002057  0.084553  -0.002449  0.998930  0.035608  0.029497  -0.036622  0.998730  0.034596  -0.028228  -0.035640  0.998966  -0.002177  -0.001997  -0.001273  0.000000  0.000000  0.000000  2.000000  
180.790917 -0.002060  0.084551  -0.002451  0.998927  0.035815  0.029375  -0.036828  0.998718  0.034716  -0.028094  -0.035761  0.998965  -0.002259  -0.002016  -0.001290  0.000000  0.000000  0.000000  2.000000  
180.791923 -0.002064  0.084548  -0.002453  0.998927  0.035815  0.029375  -0.036828  0.998718  0.034716  -0.028094  -0.035761  0.998965  -0.002372  -0.002057  -0.001325  0.000000  0.000000  0.000000  2.000000  
180.793169 -0.002068  0.084545  -0.002454  0.998927  0.035811  0.029379  -0.036828  0.998714  0.034837  -0.028094  -0.035882  0.998961  -0.002484  -0.002099  -0.001361  0.000000  0.000000  0.000000  2.000000  
180.794429 -0.002072  0.084542  -0.002457  0.998919  0.036017  0.029387  -0.037034  0.998707  0.034831  -0.028094  -0.035882  0.998961  -0.002606  -0.002150  -0.001399  0.000000  0.000000  0.000000  2.000000  
180.795667 -0.002076  0.084539  -0.002459  0.998919  0.036017  0.029387  -0.037034  0.998707  0.034831  -0.028094  -0.035882  0.998961  -0.002723  -0.002194  -0.001437  0.000000  0.000000  0.000000  2.000000  
180.796668 -0.002080  0.084535  -0.002461  0.998915  0.036224  0.029265  -0.037239  0.998695  0.034951  -0.027960  -0.036003  0.998960  -0.002802  -0.002251  -0.001488  0.000000  0.000000  0.000000  2.000000  
180.797688 -0.002083  0.084533  -0.002463  0.998915  0.036224  0.029265  -0.037239  0.998695  0.034951  -0.027960  -0.036003  0.998960  -0.002914  -0.002309  -0.001560  0.000000  0.000000  0.000000  2.000000  
180.798916 -0.002088  0.084529  -0.002465  0.998915  0.036224  0.029265  -0.037239  0.998695  0.034951  -0.027960  -0.036003  0.998960  -0.003039  -0.002331  -0.001610  0.000000  0.000000  0.000000  2.000000  
180.799917 -0.002092  0.084527  -0.002467  0.998915  0.036224  0.029265  -0.037239  0.998695  0.034951  -0.027960  -0.036003  0.998960  -0.003087  -0.002383  -0.001680  0.000000  0.000000  0.000000  2.000000  
180.801163 -0.002096  0.084523  -0.002470  0.998911  0.036430  0.029143  -0.037445  0.998683  0.035072  -0.027827  -0.036125  0.998960  -0.003201  -0.002440  -0.001759  0.000000  0.000000  0.000000  2.000000  
180.802165 -0.002100  0.084521  -0.002472  0.998911  0.036430  0.029143  -0.037445  0.998683  0.035072  -0.027827  -0.036125  0.998960  -0.003273  -0.002478  -0.001762  0.000000  0.000000  0.000000  2.000000  
180.803168 -0.002103  0.084518  -0.002474  0.998911  0.036430  0.029143  -0.037445  0.998683  0.035072  -0.027827  -0.036125  0.998960  -0.003334  -0.002525  -0.001800  0.000000  0.000000  0.000000  2.000000  
180.804168 -0.002107  0.084515  -0.002476  0.998911  0.036427  0.029147  -0.037445  0.998679  0.035193  -0.027827  -0.036246  0.998955  -0.003452  -0.002614  -0.001868  0.000000  0.000000  0.000000  2.000000  
180.805417 -0.002112  0.084512  -0.002478  0.998915  0.036432  0.029013  -0.037445  0.998679  0.035198  -0.027693  -0.036246  0.998959  -0.003498  -0.002633  -0.001854  0.000000  0.000000  0.000000  2.000000  
180.806663 -0.002116  0.084509  -0.002480  0.998915  0.036432  0.029013  -0.037445  0.998679  0.035198  -0.027693  -0.036246  0.998959  -0.003586  -0.002656  -0.001879  0.000000  0.000000  0.000000  2.000000  
180.807664 -0.002120  0.084506  -0.002482  0.998919  0.036437  0.028880  -0.037446  0.998678  0.035203  -0.027559  -0.036246  0.998963  -0.003616  -0.002678  -0.001897  0.000000  0.000000  0.000000  2.000000  
180.808674 -0.002125  0.084503  -0.002484  0.998911  0.036639  0.028892  -0.037651  0.998667  0.035318  -0.027559  -0.036367  0.998958  -0.003714  -0.002764  -0.001904  0.000000  0.000000  0.000000  2.000000  
180.809920 -0.002130  0.084499  -0.002486  0.998915  0.036644  0.028758  -0.037651  0.998666  0.035323  -0.027425  -0.036367  0.998962  -0.003767  -0.002760  -0.001902  0.000000  0.000000  0.000000  2.000000  
180.811167 -0.002134  0.084496  -0.002488  0.998915  0.036644  0.028758  -0.037651  0.998666  0.035323  -0.027425  -0.036367  0.998962  -0.003766  -0.002760  -0.001908  0.000000  0.000000  0.000000  2.000000  
180.812168 -0.002139  0.084493  -0.002491  0.998918  0.036648  0.028624  -0.037651  0.998666  0.035328  -0.027292  -0.036368  0.998966  -0.003817  -0.002755  -0.001906  0.000000  0.000000  0.000000  2.000000  
180.813419 -0.002144  0.084489  -0.002493  0.998922  0.036650  0.028495  -0.037652  0.998662  0.035454  -0.027158  -0.036489  0.998965  -0.003824  -0.002774  -0.001863  0.000000  0.000000  0.000000  2.000000  
180.814426 -0.002147  0.084486  -0.002494  0.998922  0.036650  0.028495  -0.037652  0.998662  0.035454  -0.027158  -0.036489  0.998965  -0.003855  -0.002795  -0.001874  0.000000  0.000000  0.000000  2.000000  
180.815667 -0.002152  0.084483  -0.002497  0.998925  0.036651  0.028366  -0.037652  0.998657  0.035580  -0.027024  -0.036610  0.998964  -0.003869  -0.002792  -0.001850  0.000000  0.000000  0.000000  2.000000  
180.816668 -0.002156  0.084480  -0.002498  0.998929  0.036656  0.028233  -0.037652  0.998657  0.035585  -0.026890  -0.036610  0.998968  -0.003839  -0.002768  -0.001831  0.000000  0.000000  0.000000  2.000000  
180.817913 -0.002161  0.084477  -0.002501  0.998933  0.036658  0.028104  -0.037652  0.998653  0.035712  -0.026757  -0.036732  0.998967  -0.003889  -0.002763  -0.001828  0.000000  0.000000  0.000000  2.000000  
180.818914 -0.002164  0.084475  -0.002502  0.998940  0.036452  0.028096  -0.037446  0.998660  0.035717  -0.026757  -0.036732  0.998967  -0.003861  -0.002739  -0.001802  0.000000  0.000000  0.000000  2.000000  
180.819918 -0.002168  0.084472  -0.002504  0.998944  0.036457  0.027963  -0.037446  0.998660  0.035722  -0.026623  -0.036732  0.998970  -0.003891  -0.002761  -0.001821  0.000000  0.000000  0.000000  2.000000  
180.821170 -0.002172  0.084469  -0.002506  0.998947  0.036458  0.027833  -0.037447  0.998655  0.035848  -0.026489  -0.036853  0.998970  -0.003858  -0.002736  -0.001801  0.000000  0.000000  0.000000  2.000000  
180.822421 -0.002178  0.084466  -0.002508  0.998955  0.036468  0.027566  -0.037447  0.998655  0.035858  -0.026222  -0.036853  0.998977  -0.003872  -0.002731  -0.001768  0.000000  0.000000  0.000000  2.000000  
180.823668 -0.002182  0.084463  -0.002509  0.998958  0.036470  0.027437  -0.037447  0.998651  0.035985  -0.026088  -0.036975  0.998976  -0.003794  -0.002659  -0.001690  0.000000  0.000000  0.000000  2.000000  
180.824922 -0.002186  0.084460  -0.002510  0.998962  0.036475  0.027304  -0.037447  0.998650  0.035990  -0.025954  -0.036975  0.998979  -0.003794  -0.002625  -0.001597  0.000000  0.000000  0.000000  2.000000  
180.826169 -0.002191  0.084457  -0.002511  0.998968  0.036481  0.027041  -0.037447  0.998646  0.036121  -0.025687  -0.037096  0.998982  -0.003775  -0.002595  -0.001545  0.000000  0.000000  0.000000  2.000000  
