1-Time 2-Px 3-Py 4-Pz 5-R11 6-R21 7-R31 8-R12 9-R22 10-R32 11-R13 12-R23 13-R33 14-Vx 15-Vy 16-Vz 17-Wx 18-Wy 19-Wz 20-state 21-PR11 22-PR21 23-PR31 24-PR12 25-PR22 26-PR32 27-PR13 28-PR23 29-PR33 
68.757751 -0.003490  0.085948  0.000543  0.992968  0.116614  -0.020386  -0.115194  0.991487  0.060701  0.027292  -0.057926  0.997948  -0.000519  0.005079  -0.004346  0.000000  0.000000  0.000000  2.000000  
68.758752 -0.003490  0.085952  0.000539  0.992968  0.116614  -0.020386  -0.115194  0.991487  0.060701  0.027292  -0.057926  0.997948  -0.000514  0.005056  -0.004336  0.000000  0.000000  0.000000  2.000000  
68.760002 -0.003493  0.085955  0.000533  0.992897  0.117229  -0.020335  -0.115807  0.991407  0.060834  0.027292  -0.058047  0.997941  -0.000686  0.004802  -0.004363  0.000000  0.000000  0.000000  2.000000  
68.761254 -0.003497  0.085956  0.000526  0.992801  0.118048  -0.020270  -0.116625  0.991303  0.060971  0.027292  -0.058168  0.997934  -0.000889  0.004464  -0.004441  0.000000  0.000000  0.000000  2.000000  
68.762500 -0.003500  0.085957  0.000520  0.992753  0.118459  -0.020231  -0.117034  0.991247  0.061100  0.027292  -0.058289  0.997927  -0.001058  0.004052  -0.004459  0.000000  0.000000  0.000000  2.000000  
68.763502 -0.003502  0.085957  0.000516  0.992705  0.118869  -0.020191  -0.117443  0.991190  0.061228  0.027292  -0.058410  0.997920  -0.001180  0.003696  -0.004503  0.000000  0.000000  0.000000  2.000000  
68.764505 -0.003505  0.085957  0.000512  0.992653  0.119288  -0.020284  -0.117851  0.991133  0.061372  0.027425  -0.058531  0.997909  -0.001344  0.003354  -0.004454  0.000000  0.000000  0.000000  2.000000  
68.765505 -0.003509  0.085957  0.000509  0.992548  0.120122  -0.020484  -0.118667  0.991025  0.061541  0.027693  -0.058652  0.997894  -0.001501  0.003025  -0.004317  0.000000  0.000000  0.000000  2.000000  
68.766750 -0.003513  0.085957  0.000505  0.992421  0.121155  -0.020524  -0.119689  0.990885  0.061818  0.027827  -0.058893  0.997876  -0.001718  0.002620  -0.004217  0.000000  0.000000  0.000000  2.000000  
68.767761 -0.003515  0.085956  0.000501  0.992319  0.121981  -0.020591  -0.120505  0.990776  0.061972  0.027960  -0.059014  0.997865  -0.001882  0.002206  -0.004180  0.037666  -0.023988  0.178665  2.000000  
68.769004 -0.003519  0.085955  0.000496  0.992191  0.123011  -0.020645  -0.121526  0.990642  0.062129  0.028094  -0.059135  0.997855  -0.002124  0.001725  -0.004159  0.042395  -0.021369  0.211767  2.000000  
68.770007 -0.003522  0.085955  0.000492  0.992090  0.123827  -0.020593  -0.122343  0.990540  0.062146  0.028094  -0.059135  0.997855  -0.002269  0.001357  -0.004132  0.043504  -0.018676  0.241365  2.000000  
68.771257 -0.003525  0.085955  0.000489  0.991960  0.124857  -0.020647  -0.123364  0.990404  0.062304  0.028228  -0.059256  0.997844  -0.002412  0.000925  -0.004039  0.048570  -0.016229  0.276125  2.000000  
68.772259 -0.003527  0.085954  0.000487  0.991858  0.125675  -0.020580  -0.124181  0.990293  0.062441  0.028228  -0.059377  0.997836  -0.002551  0.000526  -0.003867  0.053401  -0.013381  0.303972  2.000000  
68.773505 -0.003532  0.085951  0.000483  0.991700  0.126906  -0.020636  -0.125405  0.990136  0.062483  0.028362  -0.059377  0.997833  -0.002767  -0.000025  -0.003779  0.054600  -0.011332  0.345698  2.000000  
68.774505 -0.003535  0.085947  0.000479  0.991593  0.127731  -0.020701  -0.126221  0.990023  0.062637  0.028495  -0.059497  0.997822  -0.002888  -0.000530  -0.003716  0.059458  -0.004002  0.373844  2.000000  
68.775757 -0.003539  0.085942  0.000476  0.991455  0.128769  -0.020886  -0.127241  0.989881  0.062812  0.028763  -0.059618  0.997807  -0.002889  -0.000999  -0.003450  0.064563  0.002917  0.408872  2.000000  
68.776759 -0.003542  0.085937  0.000475  0.991376  0.129383  -0.020831  -0.127853  0.989794  0.062945  0.028763  -0.059739  0.997800  -0.002930  -0.001348  -0.003209  0.069195  0.006157  0.429829  2.000000  
68.778003 -0.003545  0.085929  0.000474  0.991240  0.130414  -0.020867  -0.128873  0.989644  0.063224  0.028896  -0.059981  0.997781  -0.002944  -0.001835  -0.002934  0.078371  0.008554  0.464695  2.000000  
68.779265 -0.003549  0.085919  0.000471  0.991103  0.131446  -0.020903  -0.129893  0.989492  0.063503  0.029030  -0.060223  0.997763  -0.002987  -0.002551  -0.002737  0.087459  0.015421  0.499488  2.000000  
68.780502 -0.003552  0.085909  0.000469  0.990965  0.132478  -0.020938  -0.130913  0.989340  0.063782  0.029164  -0.060465  0.997744  -0.002900  -0.003171  -0.002687  0.096694  0.017811  0.534645  2.000000  
68.781505 -0.003554  0.085901  0.000467  0.990880  0.133099  -0.021014  -0.131524  0.989249  0.063932  0.029298  -0.060585  0.997733  -0.002817  -0.003765  -0.002597  0.105421  0.025555  0.555801  2.000000  
68.782758 -0.003556  0.085890  0.000464  0.990767  0.133927  -0.021061  -0.132340  0.989123  0.064207  0.029431  -0.060827  0.997714  -0.002720  -0.004409  -0.002526  0.114360  0.028323  0.583483  2.000000  
68.784004 -0.003559  0.085878  0.000459  0.990658  0.134746  -0.020976  -0.133155  0.988996  0.064464  0.029431  -0.061069  0.997700  -0.002664  -0.005135  -0.002485  0.123280  0.031099  0.611471  2.000000  
68.785006 -0.003562  0.085868  0.000456  0.990572  0.135368  -0.021052  -0.133767  0.988904  0.064615  0.029565  -0.061190  0.997688  -0.002637  -0.005791  -0.002447  0.128002  0.034318  0.632522  2.000000  
68.786007 -0.003563  0.085858  0.000452  0.990489  0.135981  -0.020996  -0.134379  0.988812  0.064748  0.029565  -0.061311  0.997681  -0.002596  -0.006540  -0.002493  0.132643  0.033035  0.653104  2.000000  
68.787257 -0.003566  0.085846  0.000448  0.990378  0.136798  -0.020926  -0.135194  0.988692  0.064885  0.029565  -0.061432  0.997673  -0.002588  -0.007223  -0.002599  0.137483  0.035837  0.681090  2.000000  
68.788504 -0.003570  0.085833  0.000444  0.990294  0.137409  -0.020886  -0.135806  0.988608  0.064898  0.029565  -0.061432  0.997673  -0.002554  -0.007859  -0.002602  0.136969  0.034322  0.696189  2.000000  
68.789506 -0.003573  0.085823  0.000441  0.990210  0.138019  -0.020845  -0.136417  0.988523  0.064911  0.029565  -0.061432  0.997673  -0.002510  -0.008352  -0.002601  0.134195  0.034143  0.708717  2.000000  
68.790756 -0.003577  0.085810  0.000438  0.990126  0.138630  -0.020805  -0.137029  0.988437  0.064924  0.029565  -0.061432  0.997673  -0.002549  -0.008775  -0.002593  0.134009  0.034559  0.701870  2.000000  
68.791761 -0.003580  0.085800  0.000435  0.990073  0.139028  -0.020646  -0.137437  0.988381  0.064914  0.029431  -0.061432  0.997677  -0.002516  -0.009166  -0.002676  0.129865  0.030023  0.701489  2.000000  
68.793002 -0.003585  0.085786  0.000432  0.989988  0.139639  -0.020606  -0.138049  0.988295  0.064927  0.029431  -0.061432  0.997677  -0.002645  -0.009517  -0.002761  0.120943  0.029289  0.702782  2.000000  
68.794004 -0.003589  0.085775  0.000430  0.989931  0.140046  -0.020580  -0.138456  0.988237  0.064935  0.029431  -0.061432  0.997677  -0.002707  -0.009779  -0.002795  0.117703  0.025411  0.701334  2.000000  
68.795254 -0.003596  0.085760  0.000426  0.989874  0.140453  -0.020553  -0.138864  0.988180  0.064944  0.029431  -0.061432  0.997677  -0.002938  -0.010053  -0.002895  0.113345  0.017226  0.687107  2.000000  
68.796255 -0.003601  0.085749  0.000422  0.989817  0.140859  -0.020526  -0.139271  0.988122  0.064952  0.029431  -0.061432  0.997677  -0.003157  -0.010338  -0.003008  0.108213  0.013003  0.674313  2.000000  
68.797502 -0.003608  0.085733  0.000418  0.989759  0.141269  -0.020482  -0.139679  0.988056  0.065081  0.029431  -0.061553  0.997670  -0.003463  -0.010630  -0.003125  0.107687  0.009711  0.653621  2.000000  
68.798505 -0.003614  0.085720  0.000414  0.989734  0.141464  -0.020337  -0.139883  0.988028  0.065066  0.029298  -0.061553  0.997674  -0.003722  -0.010859  -0.003111  0.099587  0.006892  0.631141  2.000000  
68.799758 -0.003622  0.085704  0.000409  0.989677  0.141871  -0.020310  -0.140291  0.987970  0.065075  0.029298  -0.061553  0.997674  -0.004057  -0.011088  -0.003188  0.098415  0.003211  0.611974  2.000000  
68.801008 -0.003631  0.085687  0.000402  0.989619  0.142278  -0.020283  -0.140698  0.987911  0.065083  0.029298  -0.061553  0.997674  -0.004571  -0.011414  -0.003310  0.094380  0.000383  0.589036  2.000000  
68.802266 -0.003642  0.085670  0.000395  0.989565  0.142676  -0.020124  -0.141106  0.987854  0.065072  0.029164  -0.061554  0.997678  -0.005061  -0.011754  -0.003531  0.089627  -0.002886  0.567793  2.000000  
68.803511 -0.003653  0.085651  0.000386  0.989507  0.143080  -0.020115  -0.141514  0.987803  0.064961  0.029164  -0.061433  0.997685  -0.005612  -0.012144  -0.003838  0.080743  -0.005701  0.540075  2.000000  
68.804757 -0.003665  0.085633  0.000377  0.989452  0.143479  -0.019956  -0.141922  0.987745  0.064950  0.029030  -0.061433  0.997689  -0.006070  -0.012492  -0.004206  0.080189  -0.017913  0.518604  2.000000  
68.806004 -0.003676  0.085615  0.000368  0.989423  0.143680  -0.019960  -0.142125  0.987723  0.064834  0.029030  -0.061312  0.997696  -0.006610  -0.012842  -0.004647  0.071470  -0.021146  0.497615  2.000000  
68.807256 -0.003687  0.085599  0.000358  0.989368  0.144076  -0.019819  -0.142533  0.987673  0.064704  0.028896  -0.061191  0.997708  -0.007071  -0.013115  -0.005125  0.058642  -0.028898  0.476375  2.000000  
68.808256 -0.003698  0.085584  0.000350  0.989339  0.144279  -0.019805  -0.142737  0.987643  0.064708  0.028896  -0.061191  0.997708  -0.007495  -0.013323  -0.005549  0.054002  -0.032161  0.455436  2.000000  
68.809266 -0.003708  0.085570  0.000341  0.989309  0.144480  -0.019809  -0.142941  0.987621  0.064592  0.028896  -0.061070  0.997715  -0.007884  -0.013501  -0.005951  0.041145  -0.030912  0.434469  2.000000  
68.810502 -0.003722  0.085552  0.000330  0.989254  0.144879  -0.019651  -0.143348  0.987563  0.064581  0.028763  -0.061070  0.997719  -0.008316  -0.013682  -0.006337  0.032341  -0.038793  0.416851  2.000000  
68.811757 -0.003735  0.085535  0.000320  0.989225  0.145080  -0.019655  -0.143552  0.987541  0.064465  0.028763  -0.060949  0.997726  -0.008726  -0.013811  -0.006726  0.023686  -0.041996  0.396056  2.000000  
68.813000 -0.003749  0.085518  0.000310  0.989166  0.145486  -0.019628  -0.143959  0.987481  0.064474  0.028763  -0.060949  0.997726  -0.009172  -0.013911  -0.007068  0.015229  -0.045668  0.382151  2.000000  
68.814006 -0.003760  0.085504  0.000302  0.989136  0.145687  -0.019633  -0.144163  0.987459  0.064358  0.028763  -0.060828  0.997734  -0.009556  -0.014037  -0.007366  0.002518  -0.044804  0.364595  2.000000  
68.815251 -0.003775  0.085486  0.000293  0.989102  0.145896  -0.019769  -0.144366  0.987436  0.064261  0.028896  -0.060707  0.997737  -0.009928  -0.014126  -0.007591  -0.005943  -0.043594  0.347860  2.000000  
68.816254 -0.003786  0.085472  0.000284  0.989073  0.146100  -0.019756  -0.144570  0.987405  0.064265  0.028896  -0.060707  0.997737  -0.010244  -0.014144  -0.007815  -0.010677  -0.042711  0.330034  2.000000  
68.817262 -0.003798  0.085458  0.000276  0.989043  0.146300  -0.019761  -0.144773  0.987383  0.064150  0.028896  -0.060586  0.997745  -0.010417  -0.014144  -0.007902  -0.019229  -0.041851  0.316112  2.000000  
68.818270 -0.003809  0.085444  0.000268  0.989013  0.146501  -0.019765  -0.144977  0.987361  0.064034  0.028896  -0.060465  0.997752  -0.010575  -0.014058  -0.008022  -0.023502  -0.041402  0.309150  2.000000  
68.819506 -0.003824  0.085425  0.000257  0.988953  0.146908  -0.019739  -0.145384  0.987300  0.064042  0.028896  -0.060465  0.997752  -0.010779  -0.014062  -0.008145  -0.023718  -0.041004  0.302422  2.000000  
68.820754 -0.003837  0.085408  0.000245  0.988923  0.147109  -0.019744  -0.145588  0.987278  0.063926  0.028896  -0.060344  0.997759  -0.010915  -0.014072  -0.008287  -0.027966  -0.039811  0.286228  2.000000  
68.821755 -0.003848  0.085394  0.000236  0.988889  0.147318  -0.019880  -0.145791  0.987254  0.063830  0.029030  -0.060223  0.997763  -0.011008  -0.014074  -0.008404  -0.032214  -0.030475  0.279952  2.000000  
68.822759 -0.003858  0.085381  0.000226  0.988859  0.147521  -0.019867  -0.145994  0.987224  0.063834  0.029030  -0.060223  0.997763  -0.011037  -0.014023  -0.008494  -0.032875  -0.029876  0.268380  2.000000  
68.824008 -0.003870  0.085364  0.000214  0.988829  0.147722  -0.019872  -0.146198  0.987201  0.063719  0.029030  -0.060102  0.997770  -0.010992  -0.013954  -0.008607  -0.037170  -0.029452  0.261595  2.000000  
68.825009 -0.003880  0.085351  0.000204  0.988799  0.147925  -0.019859  -0.146401  0.987171  0.063723  0.029030  -0.060102  0.997770  -0.010914  -0.013905  -0.008682  -0.037359  -0.029022  0.254600  2.000000  
68.826265 -0.003891  0.085334  0.000192  0.988765  0.148136  -0.019978  -0.146604  0.987139  0.063746  0.029164  -0.060101  0.997766  -0.010796  -0.013843  -0.008772  -0.037531  -0.024104  0.247879  2.000000  
68.827509 -0.003903  0.085317  0.000179  0.988735  0.148337  -0.019983  -0.146808  0.987116  0.063631  0.029164  -0.059980  0.997773  -0.010648  -0.013809  -0.008963  -0.045904  -0.023694  0.241084  2.000000  
68.828756 -0.003914  0.085301  0.000168  0.988705  0.148540  -0.019970  -0.147012  0.987086  0.063635  0.029164  -0.059980  0.997773  -0.010432  -0.013752  -0.009105  -0.046120  -0.018784  0.234439  2.000000  
68.830003 -0.003925  0.085284  0.000156  0.988674  0.148743  -0.019956  -0.147215  0.987055  0.063639  0.029164  -0.059980  0.997773  -0.010191  -0.013714  -0.009262  -0.045943  -0.018213  0.225675  2.000000  
68.831006 -0.003934  0.085270  0.000147  0.988644  0.148946  -0.019943  -0.147419  0.987024  0.063643  0.029164  -0.059980  0.997773  -0.009993  -0.013664  -0.009328  -0.045944  -0.018214  0.225682  2.000000  
68.832251 -0.003945  0.085254  0.000136  0.988614  0.149150  -0.019930  -0.147622  0.986994  0.063647  0.029164  -0.059980  0.997773  -0.009794  -0.013612  -0.009355  -0.046182  -0.013351  0.219210  2.000000  
68.833254 -0.003953  0.085241  0.000128  0.988583  0.149353  -0.019917  -0.147826  0.986963  0.063651  0.029164  -0.059980  0.997773  -0.009562  -0.013533  -0.009313  -0.042125  -0.013334  0.219153  2.000000  
68.834270 -0.003961  0.085228  0.000121  0.988579  0.149358  -0.020067  -0.147825  0.986970  0.063551  0.029298  -0.059859  0.997777  -0.009284  -0.013356  -0.009209  -0.046925  -0.003610  0.207572  2.000000  
68.835503 -0.003970  0.085213  0.000112  0.988549  0.149562  -0.020054  -0.148029  0.986939  0.063556  0.029298  -0.059859  0.997777  -0.009011  -0.013225  -0.009062  -0.042716  -0.003154  0.199107  2.000000  
68.836506 -0.003977  0.085202  0.000104  0.988519  0.149765  -0.020041  -0.148232  0.986908  0.063560  0.029298  -0.059859  0.997777  -0.008768  -0.013058  -0.008909  -0.043075  -0.003180  0.200778  2.000000  
68.837755 -0.003986  0.085187  0.000095  0.988488  0.149968  -0.020028  -0.148436  0.986877  0.063564  0.029298  -0.059859  0.997777  -0.008541  -0.012942  -0.008750  -0.039210  0.001740  0.194135  2.000000  
68.838756 -0.003993  0.085175  0.000088  0.988457  0.150171  -0.020015  -0.148639  0.986846  0.063568  0.029298  -0.059859  0.997777  -0.008292  -0.012775  -0.008589  -0.035128  0.001752  0.194106  2.000000  
68.839761 -0.003999  0.085164  0.000080  0.988427  0.150374  -0.020002  -0.148843  0.986815  0.063572  0.029298  -0.059859  0.997777  -0.008089  -0.012635  -0.008372  -0.035121  0.001751  0.194068  2.000000  
68.841003 -0.004008  0.085150  0.000071  0.988396  0.150577  -0.019989  -0.149046  0.986784  0.063576  0.029298  -0.059859  0.997777  -0.007922  -0.012521  -0.008221  -0.031269  0.006671  0.187499  2.000000  
68.842005 -0.004014  0.085138  0.000063  0.988365  0.150781  -0.019976  -0.149250  0.986753  0.063580  0.029298  -0.059859  0.997777  -0.007735  -0.012383  -0.008059  -0.031272  0.006671  0.187518  2.000000  
68.843250 -0.004023  0.085123  0.000052  0.988335  0.150984  -0.019963  -0.149453  0.986722  0.063584  0.029298  -0.059859  0.997777  -0.007579  -0.012308  -0.007993  -0.026971  0.006627  0.185971  2.000000  
68.844259 -0.004031  0.085110  0.000043  0.988304  0.151187  -0.019949  -0.149657  0.986691  0.063588  0.029298  -0.059859  0.997777  -0.007477  -0.012246  -0.007970  -0.027188  0.006681  0.187467  2.000000  
68.845500 -0.004040  0.085094  0.000032  0.988273  0.151392  -0.019918  -0.149860  0.986652  0.063712  0.029298  -0.059980  0.997770  -0.007363  -0.012159  -0.007983  -0.018870  0.002175  0.185697  2.000000  
68.846500 -0.004048  0.085082  0.000023  0.988242  0.151595  -0.019905  -0.150063  0.986621  0.063716  0.029298  -0.059980  0.997770  -0.007318  -0.012137  -0.007993  -0.014955  0.002205  0.187310  2.000000  
68.847750 -0.004057  0.085066  0.000011  0.988211  0.151801  -0.019873  -0.150267  0.986582  0.063840  0.029298  -0.060101  0.997762  -0.007267  -0.012100  -0.008046  -0.010985  0.002590  0.178889  2.000000  
68.848755 -0.004065  0.085053  0.000003  0.988184  0.151996  -0.019728  -0.150471  0.986552  0.063824  0.029164  -0.060101  0.997766  -0.007244  -0.012113  -0.008110  -0.006950  -0.001852  0.178565  2.000000  
68.849763 -0.004073  0.085040  -0.000007  0.988153  0.152202  -0.019697  -0.150674  0.986513  0.063948  0.029164  -0.060222  0.997759  -0.007266  -0.012143  -0.008244  -0.002907  -0.001863  0.178565  2.000000  
68.851008 -0.004084  0.085024  -0.000018  0.988118  0.152415  -0.019797  -0.150877  0.986473  0.064092  0.029298  -0.060343  0.997748  -0.007346  -0.012233  -0.008381  0.005192  0.002589  0.178831  2.000000  
68.852255 -0.004094  0.085008  -0.000030  0.988087  0.152618  -0.019784  -0.151081  0.986441  0.064096  0.029298  -0.060343  0.997748  -0.007454  -0.012304  -0.008566  0.009247  -0.001852  0.178569  2.000000  
68.853262 -0.004103  0.084996  -0.000040  0.988056  0.152824  -0.019752  -0.151284  0.986402  0.064219  0.029298  -0.060464  0.997740  -0.007603  -0.012387  -0.008760  0.013197  -0.001461  0.173120  2.000000  
68.854505 -0.004114  0.084980  -0.000052  0.988025  0.153027  -0.019739  -0.151487  0.986371  0.064224  0.029298  -0.060464  0.997740  -0.007787  -0.012506  -0.008952  0.017134  -0.001439  0.171720  2.000000  
68.855756 -0.004126  0.084964  -0.000065  0.987994  0.153232  -0.019707  -0.151691  0.986331  0.064347  0.029298  -0.060585  0.997733  -0.008026  -0.012616  -0.009174  0.021177  -0.001449  0.171722  2.000000  
68.856756 -0.004136  0.084951  -0.000075  0.987994  0.153232  -0.019707  -0.151691  0.986331  0.064347  0.029298  -0.060585  0.997733  -0.008210  -0.012715  -0.009340  0.000000  0.000000  0.000000  2.000000  
68.858004 -0.004148  0.084934  -0.000088  0.987962  0.153435  -0.019694  -0.151894  0.986300  0.064351  0.029298  -0.060585  0.997733  -0.008479  -0.012807  -0.009534  0.000000  0.000000  0.000000  2.000000  
68.859265 -0.004162  0.084917  -0.000102  0.987931  0.153638  -0.019681  -0.152098  0.986268  0.064355  0.029298  -0.060585  0.997733  -0.008746  -0.012835  -0.009653  0.000000  0.000000  0.000000  2.000000  
68.860507 -0.004175  0.084901  -0.000116  0.987931  0.153638  -0.019681  -0.152098  0.986268  0.064355  0.029298  -0.060585  0.997733  -0.008978  -0.012918  -0.009866  0.000000  0.000000  0.000000  2.000000  
68.861756 -0.004189  0.084883  -0.000131  0.987900  0.153844  -0.019649  -0.152301  0.986229  0.064479  0.029298  -0.060706  0.997726  -0.009276  -0.012993  -0.010132  0.000000  0.000000  0.000000  2.000000  
68.863000 -0.004203  0.084866  -0.000146  0.987900  0.153844  -0.019649  -0.152301  0.986229  0.064479  0.029298  -0.060706  0.997726  -0.009547  -0.013117  -0.010347  0.000000  0.000000  0.000000  2.000000  
68.864005 -0.004214  0.084852  -0.000158  0.987868  0.154047  -0.019635  -0.152504  0.986197  0.064483  0.029298  -0.060706  0.997726  -0.009799  -0.013203  -0.010594  0.000000  0.000000  0.000000  2.000000  
68.865259 -0.004229  0.084834  -0.000174  0.987868  0.154049  -0.019617  -0.152504  0.986189  0.064603  0.029298  -0.060827  0.997718  -0.010065  -0.013325  -0.010885  0.000000  0.000000  0.000000  2.000000  
68.866502 -0.004243  0.084816  -0.000191  0.987868  0.154049  -0.019617  -0.152504  0.986189  0.064603  0.029298  -0.060827  0.997718  -0.010347  -0.013471  -0.011199  0.000000  0.000000  0.000000  2.000000  
68.867513 -0.004255  0.084801  -0.000204  0.987868  0.154052  -0.019598  -0.152504  0.986181  0.064722  0.029298  -0.060948  0.997711  -0.010564  -0.013575  -0.011495  0.000000  0.000000  0.000000  2.000000  
68.868758 -0.004270  0.084783  -0.000221  0.987868  0.154052  -0.019598  -0.152504  0.986181  0.064722  0.029298  -0.060948  0.997711  -0.010853  -0.013756  -0.011812  0.000000  0.000000  0.000000  2.000000  
68.870004 -0.004285  0.084765  -0.000238  0.987837  0.154257  -0.019566  -0.152708  0.986142  0.064846  0.029298  -0.061069  0.997703  -0.011063  -0.013858  -0.012101  0.000000  0.000000  0.000000  2.000000  
68.871005 -0.004297  0.084751  -0.000251  0.987837  0.154257  -0.019566  -0.152708  0.986142  0.064846  0.029298  -0.061069  0.997703  -0.011273  -0.014002  -0.012274  0.000000  0.000000  0.000000  2.000000  
68.872007 -0.004310  0.084736  -0.000265  0.987837  0.154257  -0.019566  -0.152708  0.986142  0.064846  0.029298  -0.061069  0.997703  -0.011500  -0.014109  -0.012500  0.000000  0.000000  0.000000  2.000000  
68.873256 -0.004326  0.084719  -0.000281  0.987837  0.154257  -0.019566  -0.152708  0.986142  0.064846  0.029298  -0.061069  0.997703  -0.011670  -0.014153  -0.012683  0.000000  0.000000  0.000000  2.000000  
68.874265 -0.004338  0.084705  -0.000294  0.987868  0.154054  -0.019579  -0.152504  0.986173  0.064842  0.029298  -0.061069  0.997703  -0.011815  -0.014175  -0.012817  0.000000  0.000000  0.000000  2.000000  
68.875502 -0.004354  0.084687  -0.000310  0.987872  0.154046  -0.019447  -0.152505  0.986175  0.064822  0.029164  -0.061070  0.997707  -0.011960  -0.014216  -0.012938  0.000000  0.000000  0.000000  2.000000  
68.876752 -0.004369  0.084671  -0.000326  0.987872  0.154046  -0.019447  -0.152505  0.986175  0.064822  0.029164  -0.061070  0.997707  -0.012057  -0.014162  -0.012987  0.000000  0.000000  0.000000  2.000000  
68.877754 -0.004382  0.084658  -0.000338  0.987872  0.154043  -0.019466  -0.152505  0.986182  0.064702  0.029164  -0.060949  0.997715  -0.012138  -0.014119  -0.013048  0.000000  0.000000  0.000000  2.000000  
68.879000 -0.004397  0.084642  -0.000354  0.987872  0.154043  -0.019466  -0.152505  0.986182  0.064702  0.029164  -0.060949  0.997715  -0.012181  -0.013991  -0.013089  0.000000  0.000000  0.000000  2.000000  
68.880004 -0.004409  0.084629  -0.000367  0.987872  0.154043  -0.019466  -0.152505  0.986182  0.064702  0.029164  -0.060949  0.997715  -0.012235  -0.013900  -0.013025  0.000000  0.000000  0.000000  2.000000  
68.881005 -0.004421  0.084616  -0.000379  0.987872  0.154043  -0.019466  -0.152505  0.986182  0.064702  0.029164  -0.060949  0.997715  -0.012263  -0.013755  -0.012984  0.000000  0.000000  0.000000  2.000000  
68.882265 -0.004436  0.084601  -0.000395  0.987872  0.154043  -0.019466  -0.152505  0.986182  0.064702  0.029164  -0.060949  0.997715  -0.012322  -0.013640  -0.012949  0.000000  0.000000  0.000000  2.000000  
68.883502 -0.004451  0.084585  -0.000411  0.987872  0.154043  -0.019466  -0.152505  0.986182  0.064702  0.029164  -0.060949  0.997715  -0.012294  -0.013462  -0.012845  0.000000  0.000000  0.000000  2.000000  
68.884508 -0.004464  0.084573  -0.000423  0.987872  0.154043  -0.019466  -0.152505  0.986182  0.064702  0.029164  -0.060949  0.997715  -0.012306  -0.013282  -0.012752  0.000000  0.000000  0.000000  2.000000  
68.885760 -0.004478  0.084557  -0.000438  0.987872  0.154046  -0.019447  -0.152505  0.986175  0.064822  0.029164  -0.061070  0.997707  -0.012261  -0.013103  -0.012674  0.000000  0.000000  0.000000  2.000000  
68.887004 -0.004493  0.084542  -0.000453  0.987872  0.154046  -0.019447  -0.152505  0.986175  0.064822  0.029164  -0.061070  0.997707  -0.012201  -0.012911  -0.012574  0.000000  0.000000  0.000000  2.000000  
68.888009 -0.004505  0.084530  -0.000466  0.987872  0.154046  -0.019447  -0.152505  0.986175  0.064822  0.029164  -0.061070  0.997707  -0.012161  -0.012756  -0.012554  0.000000  0.000000  0.000000  2.000000  
68.889269 -0.004519  0.084516  -0.000481  0.987841  0.154249  -0.019434  -0.152708  0.986143  0.064826  0.029164  -0.061070  0.997707  -0.012062  -0.012550  -0.012480  0.000000  0.000000  0.000000  2.000000  
68.890507 -0.004534  0.084502  -0.000496  0.987841  0.154249  -0.019434  -0.152708  0.986143  0.064826  0.029164  -0.061070  0.997707  -0.011990  -0.012344  -0.012439  0.000000  0.000000  0.000000  2.000000  
68.891757 -0.004548  0.084489  -0.000511  0.987845  0.154241  -0.019302  -0.152709  0.986144  0.064805  0.029030  -0.061070  0.997711  -0.011859  -0.012105  -0.012396  0.000000  0.000000  0.000000  2.000000  
68.893003 -0.004561  0.084476  -0.000526  0.987845  0.154241  -0.019302  -0.152709  0.986144  0.064805  0.029030  -0.061070  0.997711  -0.011736  -0.011865  -0.012304  0.000000  0.000000  0.000000  2.000000  
68.894251 -0.004574  0.084464  -0.000540  0.987813  0.154444  -0.019289  -0.152912  0.986112  0.064809  0.029030  -0.061070  0.997711  -0.011615  -0.011637  -0.012189  0.000000  0.000000  0.000000  2.000000  
68.895256 -0.004584  0.084455  -0.000551  0.987813  0.154444  -0.019289  -0.152912  0.986112  0.064809  0.029030  -0.061070  0.997711  -0.011474  -0.011376  -0.012064  0.000000  0.000000  0.000000  2.000000  
68.896500 -0.004597  0.084443  -0.000565  0.987813  0.154444  -0.019289  -0.152912  0.986112  0.064809  0.029030  -0.061070  0.997711  -0.011325  -0.011124  -0.011958  0.000000  0.000000  0.000000  2.000000  
68.897505 -0.004607  0.084434  -0.000576  0.987782  0.154647  -0.019275  -0.153116  0.986081  0.064813  0.029030  -0.061070  0.997711  -0.011195  -0.010871  -0.011846  0.000000  0.000000  0.000000  2.000000  
68.898752 -0.004620  0.084423  -0.000590  0.987782  0.154647  -0.019275  -0.153116  0.986081  0.064813  0.029030  -0.061070  0.997711  -0.011036  -0.010631  -0.011773  0.000000  0.000000  0.000000  2.000000  
68.899760 -0.004631  0.084413  -0.000601  0.987782  0.154647  -0.019275  -0.153116  0.986081  0.064813  0.029030  -0.061070  0.997711  -0.010926  -0.010388  -0.011671  0.000000  0.000000  0.000000  2.000000  
68.901007 -0.004643  0.084402  -0.000615  0.987750  0.154850  -0.019262  -0.153319  0.986049  0.064817  0.029030  -0.061070  0.997711  -0.010765  -0.010156  -0.011605  0.000000  0.000000  0.000000  2.000000  
68.902260 -0.004655  0.084390  -0.000630  0.987754  0.154844  -0.019111  -0.153320  0.986042  0.064916  0.028896  -0.061191  0.997708  -0.010596  -0.009916  -0.011530  0.000000  0.000000  0.000000  2.000000  
68.903505 -0.004667  0.084379  -0.000645  0.987722  0.155047  -0.019098  -0.153523  0.986010  0.064920  0.028896  -0.061191  0.997708  -0.010422  -0.009705  -0.011527  0.000000  0.000000  0.000000  2.000000  
68.904756 -0.004679  0.084368  -0.000660  0.987691  0.155250  -0.019085  -0.153726  0.985978  0.064924  0.028896  -0.061191  0.997708  -0.010245  -0.009477  -0.011487  0.000000  0.000000  0.000000  2.000000  
68.905757 -0.004689  0.084360  -0.000671  0.987691  0.155250  -0.019085  -0.153726  0.985978  0.064924  0.028896  -0.061191  0.997708  -0.010123  -0.009275  -0.011453  0.000000  0.000000  0.000000  2.000000  
68.907004 -0.004700  0.084349  -0.000686  0.987659  0.155455  -0.019052  -0.153930  0.985938  0.065048  0.028896  -0.061312  0.997700  -0.009976  -0.009141  -0.011447  0.000000  0.000000  0.000000  2.000000  
68.908257 -0.004711  0.084339  -0.000701  0.987659  0.155455  -0.019052  -0.153930  0.985938  0.065048  0.028896  -0.061312  0.997700  -0.009795  -0.008992  -0.011480  0.000000  0.000000  0.000000  2.000000  
68.909267 -0.004720  0.084331  -0.000712  0.987627  0.155658  -0.019039  -0.154133  0.985906  0.065052  0.028896  -0.061312  0.997700  -0.009693  -0.008873  -0.011468  0.000000  0.000000  0.000000  2.000000  
68.910512 -0.004730  0.084320  -0.000727  0.987627  0.155658  -0.019039  -0.154133  0.985906  0.065052  0.028896  -0.061312  0.997700  -0.009537  -0.008773  -0.011500  0.000000  0.000000  0.000000  2.000000  
68.911754 -0.004741  0.084310  -0.000741  0.987596  0.155861  -0.019026  -0.154336  0.985874  0.065055  0.028896  -0.061312  0.997700  -0.009398  -0.008701  -0.011583  0.000000  0.000000  0.000000  2.000000  
68.913000 -0.004751  0.084299  -0.000756  0.987564  0.156066  -0.018993  -0.154540  0.985834  0.065179  0.028896  -0.061433  0.997693  -0.009265  -0.008673  -0.011591  0.000000  0.000000  0.000000  2.000000  
68.914003 -0.004759  0.084291  -0.000768  0.987564  0.156066  -0.018993  -0.154540  0.985834  0.065179  0.028896  -0.061433  0.997693  -0.009119  -0.008623  -0.011686  0.000000  0.000000  0.000000  2.000000  
68.915255 -0.004770  0.084280  -0.000782  0.987532  0.156269  -0.018980  -0.154743  0.985802  0.065183  0.028896  -0.061433  0.997693  -0.008981  -0.008587  -0.011680  0.000000  0.000000  0.000000  2.000000  
68.916505 -0.004780  0.084269  -0.000796  0.987532  0.156269  -0.018980  -0.154743  0.985802  0.065183  0.028896  -0.061433  0.997693  -0.008769  -0.008551  -0.011642  0.000000  0.000000  0.000000  2.000000  
68.917513 -0.004787  0.084261  -0.000807  0.987500  0.156472  -0.018966  -0.154946  0.985770  0.065187  0.028896  -0.061433  0.997693  -0.008595  -0.008479  -0.011631  0.000000  0.000000  0.000000  2.000000  
68.918757 -0.004797  0.084250  -0.000822  0.987500  0.156472  -0.018966  -0.154946  0.985770  0.065187  0.028896  -0.061433  0.997693  -0.008464  -0.008491  -0.011610  0.000000  0.000000  0.000000  2.000000  
68.920008 -0.004806  0.084239  -0.000836  0.987468  0.156678  -0.018934  -0.155150  0.985730  0.065310  0.028896  -0.061554  0.997685  -0.008299  -0.008511  -0.011565  0.000000  0.000000  0.000000  2.000000  
68.921257 -0.004815  0.084229  -0.000850  0.987468  0.156678  -0.018934  -0.155150  0.985730  0.065310  0.028896  -0.061554  0.997685  -0.008108  -0.008477  -0.011506  0.000000  0.000000  0.000000  2.000000  
68.922267 -0.004821  0.084220  -0.000862  0.987436  0.156881  -0.018921  -0.155353  0.985698  0.065314  0.028896  -0.061554  0.997685  -0.007925  -0.008472  -0.011513  0.000000  0.000000  0.000000  2.000000  
68.923505 -0.004830  0.084209  -0.000876  0.987436  0.156881  -0.018921  -0.155353  0.985698  0.065314  0.028896  -0.061554  0.997685  -0.007795  -0.008502  -0.011537  0.000000  0.000000  0.000000  2.000000  
68.924754 -0.004839  0.084198  -0.000891  0.987404  0.157086  -0.018888  -0.155556  0.985657  0.065438  0.028896  -0.061675  0.997678  -0.007642  -0.008536  -0.011528  0.000000  0.000000  0.000000  2.000000  
68.925757 -0.004845  0.084190  -0.000904  0.987404  0.157086  -0.018888  -0.155556  0.985657  0.065438  0.028896  -0.061675  0.997678  -0.007491  -0.008566  -0.011568  0.000000  0.000000  0.000000  2.000000  
68.927002 -0.004853  0.084179  -0.000919  0.987404  0.157086  -0.018888  -0.155556  0.985657  0.065438  0.028896  -0.061675  0.997678  -0.007315  -0.008589  -0.011635  0.000000  0.000000  0.000000  2.000000  
68.928251 -0.004861  0.084168  -0.000934  0.987372  0.157289  -0.018875  -0.155759  0.985625  0.065441  0.028896  -0.061675  0.997678  -0.007177  -0.008617  -0.011681  0.000000  0.000000  0.000000  2.000000  
68.929265 -0.004867  0.084159  -0.000946  0.987372  0.157289  -0.018875  -0.155759  0.985625  0.065441  0.028896  -0.061675  0.997678  -0.007019  -0.008618  -0.011725  0.000000  0.000000  0.000000  2.000000  
68.930267 -0.004874  0.084150  -0.000959  0.987372  0.157289  -0.018875  -0.155759  0.985625  0.065441  0.028896  -0.061675  0.997678  -0.006905  -0.008631  -0.011757  0.000000  0.000000  0.000000  2.000000  
68.931502 -0.004881  0.084140  -0.000974  0.987340  0.157492  -0.018861  -0.155963  0.985592  0.065445  0.028896  -0.061675  0.997678  -0.006775  -0.008624  -0.011862  0.000000  0.000000  0.000000  2.000000  
68.932509 -0.004887  0.084131  -0.000986  0.987340  0.157492  -0.018861  -0.155963  0.985592  0.065445  0.028896  -0.061675  0.997678  -0.006669  -0.008615  -0.011906  0.000000  0.000000  0.000000  2.000000  
68.933755 -0.004894  0.084121  -0.001002  0.987340  0.157492  -0.018861  -0.155963  0.985592  0.065445  0.028896  -0.061675  0.997678  -0.006504  -0.008591  -0.011991  0.000000  0.000000  0.000000  2.000000  
68.934758 -0.004900  0.084113  -0.001014  0.987340  0.157492  -0.018861  -0.155963  0.985592  0.065445  0.028896  -0.061675  0.997678  -0.006371  -0.008526  -0.012054  0.000000  0.000000  0.000000  2.000000  
68.936005 -0.004907  0.084103  -0.001029  0.987308  0.157695  -0.018848  -0.156166  0.985560  0.065449  0.028896  -0.061675  0.997678  -0.006241  -0.008503  -0.012173  0.000000  0.000000  0.000000  2.000000  
68.937257 -0.004914  0.084094  -0.001045  0.987308  0.157695  -0.018848  -0.156166  0.985560  0.065449  0.028896  -0.061675  0.997678  -0.006156  -0.008439  -0.012225  0.000000  0.000000  0.000000  2.000000  
68.938266 -0.004919  0.084086  -0.001057  0.987308  0.157695  -0.018848  -0.156166  0.985560  0.065449  0.028896  -0.061675  0.997678  -0.006053  -0.008379  -0.012265  0.000000  0.000000  0.000000  2.000000  
68.939268 -0.004925  0.084078  -0.001070  0.987308  0.157695  -0.018848  -0.156166  0.985560  0.065449  0.028896  -0.061675  0.997678  -0.005937  -0.008294  -0.012280  0.000000  0.000000  0.000000  2.000000  
68.940504 -0.004931  0.084068  -0.001086  0.987308  0.157695  -0.018848  -0.156166  0.985560  0.065449  0.028896  -0.061675  0.997678  -0.005865  -0.008219  -0.012340  0.000000  0.000000  0.000000  2.000000  
68.941756 -0.004938  0.084060  -0.001102  0.987308  0.157695  -0.018848  -0.156166  0.985560  0.065449  0.028896  -0.061675  0.997678  -0.005762  -0.008085  -0.012385  0.000000  0.000000  0.000000  2.000000  
68.943000 -0.004944  0.084050  -0.001117  0.987276  0.157897  -0.018834  -0.156369  0.985528  0.065453  0.028896  -0.061675  0.997678  -0.005654  -0.007979  -0.012412  0.000000  0.000000  0.000000  2.000000  
68.944002 -0.004949  0.084043  -0.001130  0.987276  0.157897  -0.018834  -0.156369  0.985528  0.065453  0.028896  -0.061675  0.997678  -0.005531  -0.007885  -0.012476  0.000000  0.000000  0.000000  2.000000  
68.945006 -0.004954  0.084036  -0.001143  0.987276  0.157897  -0.018834  -0.156369  0.985528  0.065453  0.028896  -0.061675  0.997678  -0.005439  -0.007771  -0.012470  0.000000  0.000000  0.000000  2.000000  
68.946267 -0.004959  0.084027  -0.001159  0.987276  0.157895  -0.018853  -0.156369  0.985535  0.065334  0.028896  -0.061554  0.997685  -0.005293  -0.007638  -0.012551  0.000000  0.000000  0.000000  2.000000  
68.947505 -0.004965  0.084018  -0.001176  0.987276  0.157895  -0.018853  -0.156369  0.985535  0.065334  0.028896  -0.061554  0.997685  -0.005174  -0.007557  -0.012659  0.000000  0.000000  0.000000  2.000000  
68.948751 -0.004970  0.084009  -0.001192  0.987276  0.157895  -0.018853  -0.156369  0.985535  0.065334  0.028896  -0.061554  0.997685  -0.005053  -0.007457  -0.012718  0.000000  0.000000  0.000000  2.000000  
68.949761 -0.004974  0.084002  -0.001205  0.987280  0.157887  -0.018721  -0.156370  0.985537  0.065313  0.028763  -0.061554  0.997689  -0.004941  -0.007363  -0.012783  0.000000  0.000000  0.000000  2.000000  
68.951007 -0.004979  0.083994  -0.001222  0.987280  0.157887  -0.018721  -0.156370  0.985537  0.065313  0.028763  -0.061554  0.997689  -0.004795  -0.007269  -0.012901  0.000000  0.000000  0.000000  2.000000  
68.952257 -0.004984  0.083986  -0.001238  0.987247  0.158090  -0.018708  -0.156573  0.985504  0.065317  0.028763  -0.061554  0.997689  -0.004660  -0.007162  -0.012878  0.000000  0.000000  0.000000  2.000000  
68.953258 -0.004987  0.083979  -0.001251  0.987247  0.158090  -0.018708  -0.156573  0.985504  0.065317  0.028763  -0.061554  0.997689  -0.004557  -0.007103  -0.012934  0.000000  0.000000  0.000000  2.000000  
68.954266 -0.004991  0.083972  -0.001264  0.987247  0.158090  -0.018708  -0.156573  0.985504  0.065317  0.028763  -0.061554  0.997689  -0.004437  -0.007041  -0.012935  0.000000  0.000000  0.000000  2.000000  
68.955505 -0.004995  0.083965  -0.001279  0.987247  0.158090  -0.018708  -0.156573  0.985504  0.065317  0.028763  -0.061554  0.997689  -0.004274  -0.006936  -0.012892  0.000000  0.000000  0.000000  2.000000  
68.956757 -0.004999  0.083957  -0.001295  0.987247  0.158090  -0.018708  -0.156573  0.985504  0.065317  0.028763  -0.061554  0.997689  -0.004122  -0.006852  -0.012879  0.000000  0.000000  0.000000  2.000000  
68.958005 -0.005004  0.083949  -0.001311  0.987247  0.158090  -0.018708  -0.156573  0.985504  0.065317  0.028763  -0.061554  0.997689  -0.003963  -0.006752  -0.012913  0.000000  0.000000  0.000000  2.000000  
68.959266 -0.005008  0.083941  -0.001327  0.987247  0.158090  -0.018708  -0.156573  0.985504  0.065317  0.028763  -0.061554  0.997689  -0.003822  -0.006658  -0.012858  0.000000  0.000000  0.000000  2.000000  
68.960504 -0.005011  0.083934  -0.001342  0.987247  0.158090  -0.018708  -0.156573  0.985504  0.065317  0.028763  -0.061554  0.997689  -0.003657  -0.006552  -0.012807  0.000000  0.000000  0.000000  2.000000  
68.961762 -0.005015  0.083926  -0.001358  0.987215  0.158293  -0.018695  -0.156776  0.985472  0.065320  0.028763  -0.061554  0.997689  -0.003503  -0.006465  -0.012788  0.000000  0.000000  0.000000  2.000000  
68.963005 -0.005018  0.083918  -0.001374  0.987215  0.158293  -0.018695  -0.156776  0.985472  0.065320  0.028763  -0.061554  0.997689  -0.003395  -0.006429  -0.012764  0.000000  0.000000  0.000000  2.000000  
68.964254 -0.005021  0.083910  -0.001390  0.987215  0.158293  -0.018695  -0.156776  0.985472  0.065320  0.028763  -0.061554  0.997689  -0.003255  -0.006377  -0.012734  0.000000  0.000000  0.000000  2.000000  
68.965255 -0.005023  0.083904  -0.001402  0.987215  0.158295  -0.018675  -0.156776  0.985464  0.065440  0.028763  -0.061675  0.997682  -0.003162  -0.006305  -0.012673  0.000000  0.000000  0.000000  2.000000  
68.966257 -0.005026  0.083899  -0.001415  0.987215  0.158295  -0.018675  -0.156776  0.985464  0.065440  0.028763  -0.061675  0.997682  -0.003024  -0.006247  -0.012631  0.000000  0.000000  0.000000  2.000000  
68.967265 -0.005028  0.083893  -0.001427  0.987183  0.158498  -0.018662  -0.156979  0.985431  0.065444  0.028763  -0.061675  0.997682  -0.002934  -0.006208  -0.012578  0.000000  0.000000  0.000000  2.000000  
68.968505 -0.005031  0.083885  -0.001442  0.987183  0.158498  -0.018662  -0.156979  0.985431  0.065444  0.028763  -0.061675  0.997682  -0.002806  -0.006136  -0.012560  0.000000  0.000000  0.000000  2.000000  
68.969507 -0.005033  0.083879  -0.001455  0.987183  0.158498  -0.018662  -0.156979  0.985431  0.065444  0.028763  -0.061675  0.997682  -0.002712  -0.006127  -0.012513  0.000000  0.000000  0.000000  2.000000  
68.970510 -0.005035  0.083873  -0.001467  0.987183  0.158498  -0.018662  -0.156979  0.985431  0.065444  0.028763  -0.061675  0.997682  -0.002636  -0.006084  -0.012507  0.000000  0.000000  0.000000  2.000000  
68.971758 -0.005038  0.083866  -0.001482  0.987183  0.158498  -0.018662  -0.156979  0.985431  0.065444  0.028763  -0.061675  0.997682  -0.002525  -0.006043  -0.012473  0.000000  0.000000  0.000000  2.000000  
68.973007 -0.005040  0.083859  -0.001498  0.987151  0.158701  -0.018648  -0.157183  0.985399  0.065448  0.028763  -0.061675  0.997682  -0.002401  -0.006010  -0.012476  0.000000  0.000000  0.000000  2.000000  
68.974009 -0.005042  0.083853  -0.001510  0.987151  0.158701  -0.018648  -0.157183  0.985399  0.065448  0.028763  -0.061675  0.997682  -0.002353  -0.005959  -0.012410  0.000000  0.000000  0.000000  2.000000  
68.975258 -0.005044  0.083846  -0.001525  0.987151  0.158701  -0.018648  -0.157183  0.985399  0.065448  0.028763  -0.061675  0.997682  -0.002240  -0.005914  -0.012367  0.000000  0.000000  0.000000  2.000000  
