1-Time 2-Px 3-Py 4-Pz 5-R11 6-R21 7-R31 8-R12 9-R22 10-R32 11-R13 12-R23 13-R33 14-Vx 15-Vy 16-Vz 17-Wx 18-Wy 19-Wz 20-state 21-PR11 22-PR21 23-PR31 24-PR12 25-PR22 26-PR32 27-PR13 28-PR23 29-PR33 
55.914485 -0.003915  0.085410  -0.002793  0.988765  0.146001  -0.032052  -0.145149  0.989027  0.027506  0.035717  -0.022545  0.999108  0.000371  0.000013  -0.001148  0.000000  0.000000  0.000000  2.000000  
55.915492 -0.003915  0.085409  -0.002794  0.988730  0.146208  -0.032179  -0.145351  0.988997  0.027532  0.035850  -0.022545  0.999103  0.000334  -0.000010  -0.001147  0.000000  0.000000  0.000000  2.000000  
55.916738 -0.003918  0.085406  -0.002797  0.988610  0.147022  -0.032156  -0.146166  0.988876  0.027559  0.035850  -0.022545  0.999103  0.000146  -0.000266  -0.001254  0.000000  0.000000  0.000000  2.000000  
55.917745 -0.003920  0.085401  -0.002799  0.988520  0.147633  -0.032139  -0.146776  0.988785  0.027579  0.035850  -0.022545  0.999103  -0.000057  -0.000540  -0.001298  0.000000  0.000000  0.000000  2.000000  
55.918996 -0.003923  0.085396  -0.002802  0.988429  0.148248  -0.032104  -0.147387  0.988690  0.027718  0.035850  -0.022666  0.999100  -0.000246  -0.000915  -0.001393  0.000000  0.000000  0.000000  2.000000  
55.920248 -0.003925  0.085390  -0.002803  0.988333  0.148865  -0.032201  -0.147996  0.988595  0.027878  0.035984  -0.022787  0.999093  -0.000456  -0.001304  -0.001414  0.000000  0.000000  0.000000  2.000000  
55.921492 -0.003929  0.085385  -0.002805  0.988201  0.149689  -0.032425  -0.148809  0.988468  0.028064  0.036251  -0.022908  0.999080  -0.000729  -0.001644  -0.001455  0.000000  0.000000  0.000000  2.000000  
55.922741 -0.003933  0.085380  -0.002807  0.987976  0.151123  -0.032630  -0.150231  0.988247  0.028271  0.036519  -0.023029  0.999068  -0.001065  -0.001975  -0.001461  0.000000  0.000000  0.000000  2.000000  
55.923742 -0.003936  0.085377  -0.002809  0.987811  0.152147  -0.032865  -0.151247  0.988090  0.028345  0.036786  -0.023029  0.999058  -0.001323  -0.002222  -0.001514  0.027653  0.031400  0.201256  2.000000  
55.924993 -0.003941  0.085372  -0.002813  0.987614  0.153377  -0.033076  -0.152465  0.987897  0.028546  0.037054  -0.023150  0.999045  -0.001642  -0.002572  -0.001676  0.033267  0.039433  0.242938  2.000000  
55.926245 -0.003945  0.085367  -0.002817  0.987415  0.154608  -0.033286  -0.153683  0.987702  0.028748  0.037321  -0.023271  0.999032  -0.001988  -0.002901  -0.001907  0.038884  0.047451  0.284561  2.000000  
55.927493 -0.003950  0.085363  -0.002820  0.987188  0.156034  -0.033376  -0.155105  0.987478  0.028817  0.037455  -0.023271  0.999027  -0.002297  -0.003145  -0.001958  0.040680  0.050846  0.333085  2.000000  
55.928739 -0.003955  0.085359  -0.002822  0.986958  0.157460  -0.033467  -0.156527  0.987251  0.028886  0.037589  -0.023270  0.999022  -0.002636  -0.003412  -0.002028  0.042483  0.054243  0.381625  2.000000  
55.929993 -0.003960  0.085352  -0.002825  0.986722  0.158889  -0.033689  -0.157948  0.987022  0.028976  0.037856  -0.023270  0.999012  -0.003058  -0.003891  -0.002149  0.044323  0.062137  0.430286  2.000000  
55.931241 -0.003968  0.085343  -0.002830  0.986450  0.160520  -0.033905  -0.159571  0.986758  0.029074  0.038123  -0.023270  0.999002  -0.003428  -0.004333  -0.002327  0.046039  0.069284  0.481764  2.000000  
55.932487 -0.003974  0.085334  -0.002833  0.986242  0.161741  -0.034153  -0.160788  0.986562  0.029039  0.038391  -0.023149  0.998995  -0.003641  -0.004597  -0.002329  0.043945  0.077931  0.527414  2.000000  
55.933495 -0.003979  0.085326  -0.002834  0.986066  0.162762  -0.034387  -0.161801  0.986394  0.029118  0.038658  -0.023148  0.998984  -0.003883  -0.004831  -0.002208  0.045292  0.086115  0.562061  2.000000  
55.934747 -0.003985  0.085315  -0.002836  0.985855  0.163991  -0.034595  -0.163017  0.986187  0.029324  0.038926  -0.023269  0.998971  -0.004065  -0.005175  -0.002169  0.050986  0.094111  0.603669  2.000000  
55.935993 -0.003991  0.085301  -0.002839  0.985609  0.165418  -0.034816  -0.164436  0.985949  0.029417  0.039193  -0.023269  0.998961  -0.004246  -0.005757  -0.002251  0.052913  0.102057  0.652654  2.000000  
55.936994 -0.003994  0.085291  -0.002840  0.985434  0.166436  -0.034918  -0.165450  0.985778  0.029475  0.039327  -0.023269  0.998955  -0.004268  -0.006213  -0.002323  0.054232  0.105719  0.687039  2.000000  
55.938253 -0.003998  0.085277  -0.002842  0.985184  0.167867  -0.035118  -0.166868  0.985532  0.029690  0.039594  -0.023390  0.998942  -0.004221  -0.006777  -0.002310  0.060461  0.113355  0.742255  2.000000  
55.939254 -0.004001  0.085266  -0.002845  0.985041  0.168681  -0.035226  -0.167678  0.985393  0.029741  0.039728  -0.023390  0.998937  -0.004203  -0.007296  -0.002288  0.061547  0.117201  0.769905  2.000000  
55.940491 -0.004004  0.085252  -0.002848  0.984828  0.169902  -0.035320  -0.168894  0.985183  0.029807  0.039861  -0.023390  0.998931  -0.004095  -0.007836  -0.002260  0.063197  0.120802  0.811859  2.000000  
55.941492 -0.004007  0.085240  -0.002851  0.984683  0.170712  -0.035448  -0.169704  0.985046  0.029740  0.039995  -0.023268  0.998929  -0.004053  -0.008512  -0.002238  0.056144  0.124658  0.839573  2.000000  
55.942743 -0.004010  0.085225  -0.002854  0.984462  0.171934  -0.035675  -0.170918  0.984834  0.029829  0.040263  -0.023268  0.998918  -0.003912  -0.009287  -0.002270  0.057835  0.132700  0.881269  2.000000  
55.943993 -0.004013  0.085209  -0.002857  0.984245  0.173149  -0.035791  -0.172133  0.984624  0.029777  0.040396  -0.023147  0.998916  -0.003854  -0.009988  -0.002301  0.055414  0.136340  0.923107  2.000000  
55.945245 -0.004019  0.085193  -0.002860  0.984098  0.173959  -0.035919  -0.172943  0.984484  0.029710  0.040530  -0.023025  0.998913  -0.003735  -0.010547  -0.002229  0.052244  0.135902  0.943689  2.000000  
55.946488 -0.004024  0.085176  -0.002864  0.983955  0.174765  -0.035916  -0.173753  0.984344  0.029620  0.040530  -0.022904  0.998916  -0.003702  -0.011004  -0.002177  0.048035  0.134689  0.942804  2.000000  
55.947742 -0.004030  0.085159  -0.002866  0.983847  0.175364  -0.035940  -0.174361  0.984243  0.029403  0.040530  -0.022662  0.998921  -0.003620  -0.011571  -0.002170  0.039689  0.134965  0.935982  2.000000  
55.948991 -0.004036  0.085142  -0.002866  0.983667  0.176373  -0.035931  -0.175373  0.984065  0.029321  0.040530  -0.022541  0.998924  -0.003607  -0.011979  -0.002097  0.032129  0.134664  0.949761  2.000000  
55.950256 -0.004043  0.085123  -0.002868  0.983559  0.176976  -0.035934  -0.175981  0.983960  0.029224  0.040530  -0.022420  0.998927  -0.003691  -0.012421  -0.002041  0.024032  0.131399  0.950309  2.000000  
55.951495 -0.004051  0.085105  -0.002870  0.983408  0.177785  -0.036063  -0.176790  0.983817  0.029158  0.040664  -0.022298  0.998924  -0.003911  -0.012804  -0.002047  0.015806  0.127073  0.943384  2.000000  
55.952741 -0.004059  0.085086  -0.002873  0.983299  0.178388  -0.036067  -0.177397  0.983710  0.029061  0.040664  -0.022177  0.998927  -0.004194  -0.013096  -0.002049  0.007041  0.114084  0.922550  2.000000  
55.953742 -0.004067  0.085071  -0.002874  0.983184  0.178995  -0.036202  -0.178003  0.983603  0.028987  0.040797  -0.022056  0.998924  -0.004519  -0.013435  -0.002035  -0.001466  0.109885  0.908486  2.000000  
55.954992 -0.004076  0.085051  -0.002875  0.983074  0.179598  -0.036206  -0.178611  0.983496  0.028891  0.040797  -0.021935  0.998927  -0.004916  -0.013795  -0.001861  -0.005971  0.104889  0.887209  2.000000  
55.956251 -0.004086  0.085031  -0.002877  0.982926  0.180399  -0.036226  -0.179420  0.983354  0.028682  0.040797  -0.021692  0.998932  -0.005328  -0.014139  -0.001745  -0.018935  0.097251  0.873279  2.000000  
55.957492 -0.004097  0.085010  -0.002880  0.982815  0.180997  -0.036252  -0.180027  0.983250  0.028466  0.040797  -0.021450  0.998937  -0.005860  -0.014503  -0.001791  -0.027622  0.092597  0.845757  2.000000  
55.958492 -0.004107  0.084993  -0.002883  0.982741  0.181398  -0.036263  -0.180432  0.983179  0.028361  0.040797  -0.021329  0.998940  -0.006389  -0.014859  -0.001826  -0.033225  0.089688  0.818060  2.000000  
55.959740 -0.004121  0.084971  -0.002887  0.982635  0.181993  -0.036158  -0.181040  0.983074  0.028121  0.040664  -0.021087  0.998950  -0.007045  -0.015283  -0.001883  -0.042418  0.076928  0.790237  2.000000  
55.960989 -0.004137  0.084948  -0.002893  0.982485  0.182794  -0.036179  -0.181849  0.982930  0.027912  0.040664  -0.020844  0.998955  -0.007680  -0.015667  -0.002019  -0.050640  0.072227  0.769842  2.000000  
55.961992 -0.004150  0.084929  -0.002897  0.982378  0.183394  -0.036053  -0.182457  0.982821  0.027791  0.040530  -0.020723  0.998963  -0.008279  -0.016071  -0.002169  -0.052046  0.055540  0.748124  2.000000  
55.962992 -0.004162  0.084911  -0.002902  0.982265  0.183992  -0.036080  -0.183063  0.982714  0.027575  0.040530  -0.020481  0.998968  -0.008814  -0.016347  -0.002474  -0.060463  0.051321  0.741601  2.000000  
55.964237 -0.004179  0.084889  -0.002908  0.982152  0.184590  -0.036108  -0.183670  0.982607  0.027359  0.040530  -0.020239  0.998973  -0.009404  -0.016634  -0.002780  -0.072540  0.042312  0.721480  2.000000  
55.965246 -0.004193  0.084871  -0.002914  0.982076  0.184986  -0.036141  -0.184074  0.982538  0.027135  0.040530  -0.019996  0.998978  -0.009991  -0.016823  -0.003108  -0.081316  0.033907  0.700373  2.000000  
55.966250 -0.004208  0.084853  -0.002921  0.981962  0.185588  -0.036147  -0.184681  0.982427  0.027038  0.040530  -0.019875  0.998981  -0.010554  -0.017004  -0.003375  -0.087395  0.030427  0.680540  2.000000  
55.967253 -0.004223  0.084835  -0.002927  0.981854  0.186184  -0.036044  -0.185288  0.982319  0.026798  0.040396  -0.019633  0.998991  -0.011178  -0.017273  -0.003745  -0.100097  0.017325  0.657122  2.000000  
55.968491 -0.004242  0.084812  -0.002936  0.981744  0.186783  -0.035919  -0.185896  0.982207  0.026676  0.040263  -0.019512  0.998999  -0.011796  -0.017526  -0.004129  -0.103904  0.008605  0.638066  2.000000  
55.969740 -0.004261  0.084789  -0.002944  0.981629  0.187381  -0.035948  -0.186502  0.982098  0.026460  0.040263  -0.019269  0.999003  -0.012460  -0.017746  -0.004594  -0.112493  0.004516  0.624232  2.000000  
55.970744 -0.004277  0.084771  -0.002951  0.981514  0.187979  -0.035977  -0.187108  0.981989  0.026244  0.040263  -0.019027  0.999008  -0.013051  -0.017930  -0.005044  -0.122330  -0.003922  0.608482  2.000000  
55.971991 -0.004296  0.084748  -0.002960  0.981437  0.188375  -0.036012  -0.187512  0.981918  0.026020  0.040263  -0.018785  0.999013  -0.013663  -0.018072  -0.005443  -0.127490  -0.007726  0.580787  2.000000  
55.972991 -0.004312  0.084730  -0.002968  0.981359  0.188770  -0.036047  -0.187916  0.981846  0.025797  0.040263  -0.018542  0.999017  -0.014100  -0.018160  -0.005807  -0.136146  -0.011861  0.566798  2.000000  
55.974247 -0.004333  0.084706  -0.002978  0.981243  0.189364  -0.036100  -0.188522  0.981739  0.025462  0.040263  -0.018179  0.999024  -0.014473  -0.018257  -0.006167  -0.144788  -0.015930  0.552761  2.000000  
55.975491 -0.004353  0.084682  -0.002989  0.981127  0.189961  -0.036131  -0.189128  0.981628  0.025246  0.040263  -0.017936  0.999028  -0.014812  -0.018345  -0.006617  -0.145083  -0.020157  0.545957  2.000000  
55.976737 -0.004372  0.084658  -0.003001  0.981015  0.190552  -0.036053  -0.189735  0.981520  0.024886  0.040129  -0.017573  0.999040  -0.015046  -0.018397  -0.006960  -0.152007  -0.024318  0.541360  2.000000  
55.977742 -0.004387  0.084639  -0.003010  0.980937  0.190947  -0.036089  -0.190139  0.981447  0.024663  0.040129  -0.017331  0.999044  -0.015260  -0.018473  -0.007322  -0.156315  -0.024081  0.534466  2.000000  
55.978987 -0.004406  0.084616  -0.003022  0.980819  0.191540  -0.036144  -0.190745  0.981338  0.024328  0.040129  -0.016967  0.999050  -0.015358  -0.018508  -0.007639  -0.164972  -0.023683  0.520816  2.000000  
55.979988 -0.004420  0.084597  -0.003031  0.980740  0.191935  -0.036180  -0.191149  0.981265  0.024105  0.040129  -0.016725  0.999055  -0.015385  -0.018557  -0.007901  -0.170800  -0.023662  0.518540  2.000000  
55.981246 -0.004437  0.084574  -0.003043  0.980662  0.192331  -0.036217  -0.191553  0.981192  0.023882  0.040129  -0.016482  0.999059  -0.015310  -0.018609  -0.008166  -0.173585  -0.027687  0.507039  2.000000  
55.982247 -0.004451  0.084555  -0.003053  0.980588  0.192724  -0.036123  -0.191957  0.981119  0.023633  0.039995  -0.016240  0.999068  -0.015239  -0.018611  -0.008362  -0.179369  -0.032179  0.504120  2.000000  
55.983527 -0.004468  0.084532  -0.003066  0.980548  0.192917  -0.036164  -0.192159  0.981085  0.023402  0.039995  -0.015998  0.999072  -0.015067  -0.018587  -0.008680  -0.184072  -0.036153  0.482836  2.000000  
55.984744 -0.004486  0.084509  -0.003079  0.980469  0.193316  -0.036178  -0.192563  0.981008  0.023298  0.039995  -0.015877  0.999074  -0.014980  -0.018663  -0.008982  -0.184551  -0.036003  0.476453  2.000000  
55.985991 -0.004502  0.084487  -0.003092  0.980430  0.193510  -0.036220  -0.192765  0.980974  0.023068  0.039995  -0.015634  0.999078  -0.014776  -0.018668  -0.009295  -0.185471  -0.035516  0.455921  2.000000  
55.986993 -0.004516  0.084468  -0.003102  0.980355  0.193903  -0.036127  -0.193170  0.980900  0.022819  0.039861  -0.015392  0.999087  -0.014602  -0.018678  -0.009499  -0.189528  -0.039920  0.455722  2.000000  
55.988243 -0.004532  0.084445  -0.003115  0.980316  0.194096  -0.036169  -0.193371  0.980866  0.022588  0.039861  -0.015149  0.999090  -0.014351  -0.018660  -0.009681  -0.190064  -0.039552  0.441852  2.000000  
55.989255 -0.004545  0.084427  -0.003125  0.980276  0.194293  -0.036188  -0.193573  0.980828  0.022477  0.039861  -0.015028  0.999092  -0.014077  -0.018582  -0.009794  -0.190566  -0.034736  0.427924  2.000000  
55.990494 -0.004561  0.084405  -0.003137  0.980236  0.194482  -0.036254  -0.193775  0.980796  0.022127  0.039861  -0.014665  0.999098  -0.013844  -0.018455  -0.009859  -0.195260  -0.034371  0.414244  2.000000  
55.991740 -0.004576  0.084383  -0.003149  0.980196  0.194675  -0.036297  -0.193977  0.980762  0.021897  0.039861  -0.014422  0.999101  -0.013566  -0.018288  -0.009897  -0.196170  -0.029417  0.393693  2.000000  
55.992741 -0.004588  0.084366  -0.003158  0.980116  0.195075  -0.036312  -0.194380  0.980684  0.021793  0.039861  -0.014301  0.999103  -0.013380  -0.018228  -0.009868  -0.192368  -0.029224  0.386778  2.000000  
55.993993 -0.004602  0.084345  -0.003170  0.980076  0.195268  -0.036354  -0.194582  0.980649  0.021562  0.039861  -0.014059  0.999106  -0.013107  -0.018074  -0.009893  -0.192881  -0.028887  0.372873  2.000000  
55.995238 -0.004616  0.084324  -0.003181  0.980041  0.195459  -0.036266  -0.194785  0.980615  0.021306  0.039728  -0.013817  0.999115  -0.012869  -0.017943  -0.009834  -0.191658  -0.032913  0.363004  2.000000  
55.996240 -0.004628  0.084307  -0.003190  0.980001  0.195652  -0.036309  -0.194987  0.980579  0.021075  0.039728  -0.013574  0.999118  -0.012694  -0.017809  -0.009813  -0.196267  -0.032620  0.349318  2.000000  
55.997242 -0.004639  0.084291  -0.003199  0.979956  0.195847  -0.036484  -0.195187  0.980544  0.020871  0.039861  -0.013332  0.999116  -0.012517  -0.017647  -0.009713  -0.196830  -0.023389  0.335777  2.000000  
55.998492 -0.004653  0.084270  -0.003210  0.979915  0.196044  -0.036503  -0.195389  0.980506  0.020760  0.039861  -0.013210  0.999118  -0.012316  -0.017524  -0.009635  -0.195167  -0.018678  0.317777  2.000000  
55.999739 -0.004667  0.084248  -0.003222  0.979835  0.196439  -0.036542  -0.195793  0.980430  0.020537  0.039861  -0.012968  0.999121  -0.012073  -0.017404  -0.009548  -0.197606  -0.018467  0.315169  2.000000  
56.000752 -0.004678  0.084232  -0.003231  0.979795  0.196637  -0.036562  -0.195994  0.980392  0.020426  0.039861  -0.012847  0.999123  -0.011897  -0.017281  -0.009470  -0.195653  -0.018335  0.303851  2.000000  
56.001995 -0.004694  0.084209  -0.003243  0.979754  0.196830  -0.036605  -0.196196  0.980357  0.020195  0.039861  -0.012605  0.999126  -0.011874  -0.017205  -0.009382  -0.192208  -0.018034  0.290150  2.000000  
56.003243 -0.004709  0.084188  -0.003254  0.979714  0.197027  -0.036625  -0.196398  0.980319  0.020084  0.039861  -0.012483  0.999127  -0.011799  -0.017131  -0.009295  -0.186872  -0.017728  0.280931  2.000000  
56.004244 -0.004722  0.084170  -0.003264  0.979633  0.197426  -0.036641  -0.196801  0.980240  0.019980  0.039861  -0.012362  0.999129  -0.011823  -0.017132  -0.009281  -0.182820  -0.017676  0.280921  2.000000  
56.005249 -0.004734  0.084152  -0.003274  0.979592  0.197623  -0.036661  -0.197003  0.980202  0.019869  0.039861  -0.012241  0.999130  -0.011769  -0.017098  -0.009272  -0.180770  -0.017558  0.269363  2.000000  
56.006250 -0.004747  0.084135  -0.003283  0.979552  0.197821  -0.036681  -0.197204  0.980163  0.019757  0.039861  -0.012120  0.999132  -0.011784  -0.017060  -0.009246  -0.177247  -0.012806  0.255583  2.000000  
56.007494 -0.004763  0.084114  -0.003295  0.979511  0.198023  -0.036677  -0.197406  0.980123  0.019765  0.039861  -0.012120  0.999132  -0.011874  -0.017083  -0.009265  -0.165344  -0.012661  0.248745  2.000000  
56.008740 -0.004780  0.084092  -0.003307  0.979430  0.198422  -0.036693  -0.197809  0.980043  0.019661  0.039861  -0.011999  0.999133  -0.012029  -0.017127  -0.009329  -0.157466  -0.012501  0.241834  2.000000  
56.009743 -0.004793  0.084075  -0.003318  0.979389  0.198619  -0.036713  -0.198011  0.980005  0.019550  0.039861  -0.011877  0.999135  -0.012174  -0.017155  -0.009386  -0.153647  -0.012356  0.234894  2.000000  
56.010990 -0.004810  0.084053  -0.003330  0.979348  0.198821  -0.036709  -0.198213  0.979964  0.019557  0.039861  -0.011877  0.999135  -0.012360  -0.017220  -0.009468  -0.145829  -0.012235  0.228074  2.000000  
56.011991 -0.004824  0.084036  -0.003340  0.979307  0.199018  -0.036729  -0.198414  0.979925  0.019446  0.039861  -0.011756  0.999136  -0.012534  -0.017263  -0.009591  -0.142046  -0.007598  0.221228  2.000000  
56.013237 -0.004841  0.084015  -0.003352  0.979226  0.199417  -0.036745  -0.198818  0.979846  0.019342  0.039861  -0.011635  0.999137  -0.012757  -0.017325  -0.009628  -0.140583  -0.007603  0.226236  2.000000  
56.014246 -0.004855  0.083997  -0.003362  0.979185  0.199619  -0.036741  -0.199019  0.979805  0.019350  0.039861  -0.011635  0.999137  -0.012973  -0.017359  -0.009658  -0.132477  -0.007575  0.226205  2.000000  
56.015488 -0.004874  0.083975  -0.003374  0.979144  0.199816  -0.036761  -0.199221  0.979766  0.019239  0.039861  -0.011514  0.999139  -0.013261  -0.017428  -0.009690  -0.128716  -0.007441  0.219364  2.000000  
56.016489 -0.004889  0.083956  -0.003384  0.979103  0.200013  -0.036781  -0.199422  0.979727  0.019127  0.039861  -0.011393  0.999140  -0.013457  -0.017457  -0.009746  -0.128736  -0.007416  0.219400  2.000000  
56.017495 -0.004904  0.083938  -0.003394  0.979061  0.200215  -0.036777  -0.199624  0.979686  0.019135  0.039861  -0.011393  0.999140  -0.013638  -0.017485  -0.009764  -0.121896  -0.002859  0.214291  2.000000  
56.018742 -0.004924  0.083915  -0.003407  0.979020  0.200417  -0.036774  -0.199825  0.979645  0.019142  0.039861  -0.011393  0.999140  -0.013873  -0.017594  -0.009810  -0.113764  -0.002834  0.214330  2.000000  
56.019746 -0.004939  0.083896  -0.003417  0.978979  0.200618  -0.036770  -0.200027  0.979603  0.019150  0.039861  -0.011393  0.999140  -0.014084  -0.017660  -0.009884  -0.105585  -0.002807  0.214281  2.000000  
56.020992 -0.004959  0.083872  -0.003430  0.978938  0.200820  -0.036766  -0.200228  0.979562  0.019158  0.039861  -0.011393  0.999140  -0.014339  -0.017812  -0.009935  -0.097451  -0.002782  0.214323  2.000000  
56.022253 -0.004979  0.083849  -0.003444  0.978938  0.200820  -0.036766  -0.200228  0.979562  0.019158  0.039861  -0.011393  0.999140  -0.014634  -0.017947  -0.010094  -0.089537  -0.002666  0.207326  2.000000  
56.023491 -0.004999  0.083825  -0.003457  0.978897  0.201022  -0.036762  -0.200430  0.979521  0.019165  0.039861  -0.011393  0.999140  -0.014844  -0.018084  -0.010175  -0.081688  -0.002553  0.200480  2.000000  
56.024494 -0.005015  0.083806  -0.003468  0.978855  0.201228  -0.036733  -0.200632  0.979477  0.019292  0.039861  -0.011514  0.999139  -0.015016  -0.018189  -0.010233  -0.069476  0.001955  0.200549  2.000000  
56.025742 -0.005035  0.083783  -0.003482  0.978855  0.201228  -0.036733  -0.200632  0.979477  0.019292  0.039861  -0.011514  0.999139  -0.015237  -0.018330  -0.010306  -0.061597  0.002066  0.193632  2.000000  
56.026991 -0.005055  0.083759  -0.003496  0.978814  0.201434  -0.036705  -0.200833  0.979433  0.019418  0.039861  -0.011635  0.999137  -0.015453  -0.018480  -0.010429  -0.049360  -0.002419  0.193604  2.000000  
56.028241 -0.005076  0.083735  -0.003510  0.978819  0.201432  -0.036574  -0.200834  0.979433  0.019391  0.039728  -0.011635  0.999143  -0.015701  -0.018636  -0.010543  -0.045571  -0.006819  0.186632  2.000000  
56.029253 -0.005093  0.083716  -0.003521  0.978778  0.201634  -0.036570  -0.201036  0.979392  0.019399  0.039728  -0.011635  0.999143  -0.015838  -0.018750  -0.010612  -0.037399  -0.006793  0.186548  2.000000  
56.030490 -0.005113  0.083692  -0.003535  0.978778  0.201634  -0.036570  -0.201036  0.979392  0.019399  0.039728  -0.011635  0.999143  -0.015968  -0.018858  -0.010725  -0.033615  -0.006562  0.171404  2.000000  
56.031492 -0.005129  0.083673  -0.003546  0.978778  0.201638  -0.036546  -0.201036  0.979389  0.019517  0.039728  -0.011756  0.999141  -0.016053  -0.018899  -0.010818  0.000000  0.000000  0.000000  2.000000  
56.032740 -0.005150  0.083649  -0.003560  0.978737  0.201840  -0.036541  -0.201237  0.979348  0.019525  0.039728  -0.011756  0.999141  -0.016145  -0.018977  -0.010894  0.000000  0.000000  0.000000  2.000000  
56.034010 -0.005170  0.083625  -0.003573  0.978737  0.201840  -0.036541  -0.201237  0.979348  0.019525  0.039728  -0.011756  0.999141  -0.016152  -0.018983  -0.010947  0.000000  0.000000  0.000000  2.000000  
56.035243 -0.005190  0.083602  -0.003586  0.978737  0.201844  -0.036517  -0.201237  0.979346  0.019644  0.039728  -0.011877  0.999140  -0.016168  -0.018964  -0.010945  0.000000  0.000000  0.000000  2.000000  
56.036248 -0.005206  0.083583  -0.003597  0.978737  0.201844  -0.036517  -0.201237  0.979346  0.019644  0.039728  -0.011877  0.999140  -0.016202  -0.018961  -0.010936  0.000000  0.000000  0.000000  2.000000  
56.037491 -0.005226  0.083560  -0.003610  0.978737  0.201849  -0.036493  -0.201237  0.979343  0.019763  0.039728  -0.011999  0.999138  -0.016155  -0.018925  -0.010891  0.000000  0.000000  0.000000  2.000000  
56.038492 -0.005241  0.083541  -0.003620  0.978737  0.201853  -0.036468  -0.201237  0.979341  0.019881  0.039728  -0.012120  0.999137  -0.016157  -0.018958  -0.010848  0.000000  0.000000  0.000000  2.000000  
56.039494 -0.005257  0.083523  -0.003630  0.978695  0.202055  -0.036464  -0.201439  0.979299  0.019889  0.039728  -0.012120  0.999137  -0.016103  -0.018896  -0.010774  0.000000  0.000000  0.000000  2.000000  
56.040742 -0.005276  0.083500  -0.003643  0.978695  0.202059  -0.036439  -0.201439  0.979297  0.020008  0.039728  -0.012241  0.999136  -0.016070  -0.018825  -0.010706  0.000000  0.000000  0.000000  2.000000  
56.041742 -0.005291  0.083482  -0.003653  0.978695  0.202059  -0.036439  -0.201439  0.979297  0.020008  0.039728  -0.012241  0.999136  -0.015975  -0.018787  -0.010605  0.000000  0.000000  0.000000  2.000000  
56.042993 -0.005310  0.083459  -0.003666  0.978695  0.202064  -0.036415  -0.201439  0.979294  0.020126  0.039728  -0.012362  0.999134  -0.015883  -0.018712  -0.010547  0.000000  0.000000  0.000000  2.000000  
56.043998 -0.005325  0.083441  -0.003677  0.978695  0.202068  -0.036390  -0.201439  0.979292  0.020245  0.039728  -0.012483  0.999133  -0.015784  -0.018652  -0.010526  0.000000  0.000000  0.000000  2.000000  
56.045245 -0.005344  0.083419  -0.003690  0.978695  0.202068  -0.036390  -0.201439  0.979292  0.020245  0.039728  -0.012483  0.999133  -0.015695  -0.018568  -0.010505  0.000000  0.000000  0.000000  2.000000  
56.046248 -0.005359  0.083401  -0.003700  0.978654  0.202274  -0.036362  -0.201640  0.979248  0.020371  0.039728  -0.012605  0.999131  -0.015581  -0.018473  -0.010447  0.000000  0.000000  0.000000  2.000000  
56.047487 -0.005378  0.083379  -0.003713  0.978654  0.202279  -0.036337  -0.201640  0.979245  0.020490  0.039728  -0.012726  0.999130  -0.015473  -0.018380  -0.010415  0.000000  0.000000  0.000000  2.000000  
56.048489 -0.005392  0.083362  -0.003723  0.978654  0.202279  -0.036337  -0.201640  0.979245  0.020490  0.039728  -0.012726  0.999130  -0.015293  -0.018207  -0.010361  0.000000  0.000000  0.000000  2.000000  
56.049492 -0.005405  0.083345  -0.003733  0.978654  0.202283  -0.036313  -0.201640  0.979243  0.020609  0.039728  -0.012847  0.999128  -0.015126  -0.018065  -0.010307  0.000000  0.000000  0.000000  2.000000  
56.050507 -0.005419  0.083328  -0.003743  0.978612  0.202485  -0.036308  -0.201842  0.979201  0.020616  0.039728  -0.012847  0.999128  -0.014942  -0.017891  -0.010217  0.000000  0.000000  0.000000  2.000000  
56.051744 -0.005436  0.083308  -0.003755  0.978612  0.202489  -0.036284  -0.201842  0.979199  0.020735  0.039728  -0.012968  0.999126  -0.014767  -0.017724  -0.010168  0.000000  0.000000  0.000000  2.000000  
56.052992 -0.005452  0.083288  -0.003766  0.978571  0.202695  -0.036255  -0.202043  0.979154  0.020861  0.039728  -0.013089  0.999125  -0.014549  -0.017525  -0.010075  0.000000  0.000000  0.000000  2.000000  
56.054249 -0.005468  0.083267  -0.003779  0.978571  0.202695  -0.036255  -0.202043  0.979154  0.020861  0.039728  -0.013089  0.999125  -0.014356  -0.017357  -0.010053  0.000000  0.000000  0.000000  2.000000  
56.055492 -0.005484  0.083247  -0.003791  0.978529  0.202901  -0.036226  -0.202244  0.979110  0.020988  0.039728  -0.013211  0.999123  -0.014114  -0.017144  -0.010022  0.000000  0.000000  0.000000  2.000000  
56.056742 -0.005500  0.083228  -0.003803  0.978529  0.202901  -0.036226  -0.202244  0.979110  0.020988  0.039728  -0.013211  0.999123  -0.013928  -0.016957  -0.009990  0.000000  0.000000  0.000000  2.000000  
56.057992 -0.005516  0.083208  -0.003815  0.978487  0.203107  -0.036197  -0.202446  0.979066  0.021114  0.039728  -0.013332  0.999122  -0.013699  -0.016762  -0.009946  0.000000  0.000000  0.000000  2.000000  
56.058992 -0.005528  0.083192  -0.003825  0.978446  0.203313  -0.036168  -0.202647  0.979021  0.021240  0.039728  -0.013453  0.999120  -0.013524  -0.016567  -0.009904  0.000000  0.000000  0.000000  2.000000  
56.060243 -0.005543  0.083173  -0.003838  0.978446  0.203313  -0.036168  -0.202647  0.979021  0.021240  0.039728  -0.013453  0.999120  -0.013277  -0.016371  -0.009888  0.000000  0.000000  0.000000  2.000000  
56.061490 -0.005559  0.083154  -0.003851  0.978404  0.203519  -0.036139  -0.202849  0.978977  0.021366  0.039728  -0.013574  0.999118  -0.013025  -0.016124  -0.009868  0.000000  0.000000  0.000000  2.000000  
56.062737 -0.005573  0.083136  -0.003864  0.978362  0.203725  -0.036110  -0.203050  0.978932  0.021492  0.039728  -0.013695  0.999117  -0.012776  -0.015899  -0.009878  0.000000  0.000000  0.000000  2.000000  
56.063738 -0.005584  0.083121  -0.003875  0.978362  0.203725  -0.036110  -0.203050  0.978932  0.021492  0.039728  -0.013695  0.999117  -0.012653  -0.015751  -0.009954  0.000000  0.000000  0.000000  2.000000  
56.064993 -0.005599  0.083104  -0.003889  0.978320  0.203931  -0.036081  -0.203252  0.978888  0.021619  0.039728  -0.013817  0.999115  -0.012427  -0.015519  -0.010042  0.000000  0.000000  0.000000  2.000000  
56.066253 -0.005613  0.083086  -0.003902  0.978278  0.204132  -0.036076  -0.203453  0.978846  0.021626  0.039728  -0.013817  0.999115  -0.012245  -0.015311  -0.010165  0.000000  0.000000  0.000000  2.000000  
56.067502 -0.005626  0.083068  -0.003916  0.978236  0.204338  -0.036047  -0.203654  0.978801  0.021752  0.039728  -0.013938  0.999113  -0.012029  -0.015128  -0.010305  0.000000  0.000000  0.000000  2.000000  
56.068742 -0.005640  0.083050  -0.003931  0.978195  0.204544  -0.036018  -0.203856  0.978756  0.021878  0.039728  -0.014059  0.999112  -0.011846  -0.014961  -0.010513  0.000000  0.000000  0.000000  2.000000  
56.069742 -0.005651  0.083036  -0.003942  0.978147  0.204747  -0.036144  -0.204056  0.978714  0.021913  0.039861  -0.014059  0.999106  -0.011742  -0.014887  -0.010625  0.000000  0.000000  0.000000  2.000000  
56.070994 -0.005664  0.083019  -0.003957  0.978105  0.204953  -0.036115  -0.204257  0.978669  0.022039  0.039861  -0.014180  0.999105  -0.011595  -0.014728  -0.010812  0.000000  0.000000  0.000000  2.000000  
56.072249 -0.005679  0.083000  -0.003972  0.978105  0.204953  -0.036115  -0.204257  0.978669  0.022039  0.039861  -0.014180  0.999105  -0.011468  -0.014607  -0.011002  0.000000  0.000000  0.000000  2.000000  
56.073493 -0.005692  0.082983  -0.003987  0.978063  0.205159  -0.036085  -0.204459  0.978624  0.022165  0.039861  -0.014301  0.999103  -0.011321  -0.014466  -0.011125  0.000000  0.000000  0.000000  2.000000  
56.074742 -0.005706  0.082966  -0.004002  0.978021  0.205360  -0.036081  -0.204660  0.978582  0.022173  0.039861  -0.014301  0.999103  -0.011235  -0.014324  -0.011267  0.000000  0.000000  0.000000  2.000000  
56.075742 -0.005716  0.082952  -0.004014  0.977979  0.205566  -0.036051  -0.204862  0.978537  0.022299  0.039861  -0.014422  0.999101  -0.011112  -0.014231  -0.011390  0.000000  0.000000  0.000000  2.000000  
56.076992 -0.005730  0.082935  -0.004029  0.977937  0.205768  -0.036047  -0.205063  0.978495  0.022306  0.039861  -0.014422  0.999101  -0.011006  -0.014115  -0.011556  0.000000  0.000000  0.000000  2.000000  
56.077994 -0.005741  0.082922  -0.004042  0.977937  0.205768  -0.036047  -0.205063  0.978495  0.022306  0.039861  -0.014422  0.999101  -0.010980  -0.014053  -0.011679  0.000000  0.000000  0.000000  2.000000  
56.079253 -0.005754  0.082905  -0.004057  0.977895  0.205973  -0.036017  -0.205264  0.978449  0.022432  0.039861  -0.014544  0.999099  -0.010876  -0.013918  -0.011800  0.000000  0.000000  0.000000  2.000000  
56.080489 -0.005767  0.082889  -0.004074  0.977847  0.206177  -0.036143  -0.205464  0.978407  0.022467  0.039995  -0.014543  0.999094  -0.010843  -0.013861  -0.012014  0.000000  0.000000  0.000000  2.000000  
56.081737 -0.005780  0.082872  -0.004090  0.977847  0.206177  -0.036143  -0.205464  0.978407  0.022467  0.039995  -0.014543  0.999094  -0.010811  -0.013764  -0.012147  0.000000  0.000000  0.000000  2.000000  
56.082740 -0.005790  0.082859  -0.004104  0.977805  0.206378  -0.036139  -0.205666  0.978364  0.022475  0.039995  -0.014543  0.999094  -0.010761  -0.013715  -0.012334  0.000000  0.000000  0.000000  2.000000  
56.083994 -0.005804  0.082842  -0.004121  0.977762  0.206580  -0.036134  -0.205867  0.978322  0.022482  0.039995  -0.014543  0.999094  -0.010803  -0.013675  -0.012501  0.000000  0.000000  0.000000  2.000000  
56.085246 -0.005818  0.082825  -0.004139  0.977762  0.206584  -0.036109  -0.205867  0.978319  0.022601  0.039995  -0.014665  0.999092  -0.010806  -0.013623  -0.012688  0.000000  0.000000  0.000000  2.000000  
56.086253 -0.005829  0.082811  -0.004152  0.977720  0.206785  -0.036104  -0.206068  0.978276  0.022608  0.039995  -0.014665  0.999092  -0.010740  -0.013545  -0.012826  0.000000  0.000000  0.000000  2.000000  
56.087492 -0.005843  0.082794  -0.004170  0.977720  0.206785  -0.036104  -0.206068  0.978276  0.022608  0.039995  -0.014665  0.999092  -0.010742  -0.013521  -0.013011  0.000000  0.000000  0.000000  2.000000  
56.088741 -0.005857  0.082777  -0.004187  0.977677  0.206987  -0.036100  -0.206270  0.978234  0.022616  0.039995  -0.014665  0.999092  -0.010794  -0.013541  -0.013160  0.000000  0.000000  0.000000  2.000000  
56.089741 -0.005868  0.082763  -0.004201  0.977677  0.206987  -0.036100  -0.206270  0.978234  0.022616  0.039995  -0.014665  0.999092  -0.010795  -0.013527  -0.013291  0.000000  0.000000  0.000000  2.000000  
56.090742 -0.005878  0.082749  -0.004215  0.977677  0.206987  -0.036100  -0.206270  0.978234  0.022616  0.039995  -0.014665  0.999092  -0.010803  -0.013506  -0.013489  0.000000  0.000000  0.000000  2.000000  
56.091742 -0.005889  0.082736  -0.004229  0.977635  0.207188  -0.036095  -0.206471  0.978191  0.022623  0.039995  -0.014665  0.999092  -0.010834  -0.013485  -0.013562  0.000000  0.000000  0.000000  2.000000  
56.092744 -0.005900  0.082723  -0.004243  0.977635  0.207188  -0.036095  -0.206471  0.978191  0.022623  0.039995  -0.014665  0.999092  -0.010831  -0.013495  -0.013685  0.000000  0.000000  0.000000  2.000000  
56.094000 -0.005914  0.082706  -0.004261  0.977635  0.207184  -0.036120  -0.206471  0.978194  0.022505  0.039995  -0.014543  0.999094  -0.010850  -0.013479  -0.013789  0.000000  0.000000  0.000000  2.000000  
56.095243 -0.005927  0.082690  -0.004278  0.977592  0.207385  -0.036116  -0.206672  0.978151  0.022512  0.039995  -0.014543  0.999094  -0.010893  -0.013464  -0.013842  0.000000  0.000000  0.000000  2.000000  
56.096245 -0.005939  0.082677  -0.004292  0.977592  0.207385  -0.036116  -0.206672  0.978151  0.022512  0.039995  -0.014543  0.999094  -0.010910  -0.013443  -0.013878  0.000000  0.000000  0.000000  2.000000  
56.097493 -0.005952  0.082661  -0.004310  0.977592  0.207385  -0.036116  -0.206672  0.978151  0.022512  0.039995  -0.014543  0.999094  -0.010955  -0.013417  -0.013918  0.000000  0.000000  0.000000  2.000000  
56.098738 -0.005966  0.082645  -0.004327  0.977592  0.207381  -0.036141  -0.206672  0.978154  0.022393  0.039995  -0.014422  0.999096  -0.010952  -0.013360  -0.013907  0.000000  0.000000  0.000000  2.000000  
56.099739 -0.005976  0.082632  -0.004341  0.977550  0.207582  -0.036136  -0.206873  0.978111  0.022401  0.039995  -0.014422  0.999096  -0.010956  -0.013293  -0.013970  0.000000  0.000000  0.000000  2.000000  
56.100745 -0.005988  0.082619  -0.004355  0.977550  0.207582  -0.036136  -0.206873  0.978111  0.022401  0.039995  -0.014422  0.999096  -0.010945  -0.013249  -0.013991  0.000000  0.000000  0.000000  2.000000  
56.101998 -0.006001  0.082603  -0.004373  0.977555  0.207580  -0.036005  -0.206874  0.978112  0.022373  0.039861  -0.014422  0.999101  -0.010925  -0.013176  -0.013993  0.000000  0.000000  0.000000  2.000000  
56.103247 -0.006015  0.082586  -0.004390  0.977555  0.207576  -0.036030  -0.206874  0.978114  0.022254  0.039861  -0.014301  0.999103  -0.010935  -0.013123  -0.014010  0.000000  0.000000  0.000000  2.000000  
56.104492 -0.006029  0.082570  -0.004408  0.977513  0.207777  -0.036026  -0.207076  0.978072  0.022262  0.039861  -0.014301  0.999103  -0.010934  -0.013073  -0.014000  0.000000  0.000000  0.000000  2.000000  
56.105493 -0.006039  0.082558  -0.004422  0.977513  0.207777  -0.036026  -0.207076  0.978072  0.022262  0.039861  -0.014301  0.999103  -0.010912  -0.012978  -0.013986  0.000000  0.000000  0.000000  2.000000  
56.106493 -0.006050  0.082545  -0.004436  0.977507  0.207779  -0.036157  -0.207075  0.978071  0.022290  0.039995  -0.014301  0.999098  -0.010868  -0.012957  -0.013999  0.000000  0.000000  0.000000  2.000000  
56.107502 -0.006060  0.082533  -0.004449  0.977507  0.207779  -0.036157  -0.207075  0.978071  0.022290  0.039995  -0.014301  0.999098  -0.010825  -0.012853  -0.013945  0.000000  0.000000  0.000000  2.000000  
56.108742 -0.006073  0.082517  -0.004466  0.977465  0.207976  -0.036177  -0.207276  0.978031  0.022178  0.039995  -0.014180  0.999099  -0.010813  -0.012818  -0.013952  0.000000  0.000000  0.000000  2.000000  
56.110000 -0.006086  0.082502  -0.004483  0.977465  0.207976  -0.036177  -0.207276  0.978031  0.022178  0.039995  -0.014180  0.999099  -0.010714  -0.012712  -0.013893  0.000000  0.000000  0.000000  2.000000  
56.111002 -0.006095  0.082491  -0.004497  0.977465  0.207976  -0.036177  -0.207276  0.978031  0.022178  0.039995  -0.014180  0.999099  -0.010612  -0.012623  -0.013880  0.000000  0.000000  0.000000  2.000000  
56.112242 -0.006108  0.082476  -0.004514  0.977422  0.208177  -0.036173  -0.207477  0.977988  0.022186  0.039995  -0.014180  0.999099  -0.010582  -0.012583  -0.013845  0.000000  0.000000  0.000000  2.000000  
56.113489 -0.006121  0.082461  -0.004531  0.977422  0.208177  -0.036173  -0.207477  0.977988  0.022186  0.039995  -0.014180  0.999099  -0.010496  -0.012491  -0.013801  0.000000  0.000000  0.000000  2.000000  
56.114489 -0.006130  0.082449  -0.004544  0.977422  0.208177  -0.036173  -0.207477  0.977988  0.022186  0.039995  -0.014180  0.999099  -0.010417  -0.012381  -0.013771  0.000000  0.000000  0.000000  2.000000  
56.115737 -0.006143  0.082435  -0.004561  0.977379  0.208379  -0.036168  -0.207678  0.977945  0.022193  0.039995  -0.014180  0.999099  -0.010383  -0.012287  -0.013728  0.000000  0.000000  0.000000  2.000000  
56.116737 -0.006153  0.082423  -0.004574  0.977379  0.208374  -0.036193  -0.207678  0.977948  0.022075  0.039995  -0.014059  0.999101  -0.010295  -0.012193  -0.013681  0.000000  0.000000  0.000000  2.000000  
56.117743 -0.006163  0.082412  -0.004588  0.977331  0.208578  -0.036320  -0.207878  0.977905  0.022110  0.040129  -0.014059  0.999096  -0.010179  -0.012067  -0.013647  0.000000  0.000000  0.000000  2.000000  
56.118743 -0.006172  0.082401  -0.004601  0.977331  0.208578  -0.036320  -0.207878  0.977905  0.022110  0.040129  -0.014059  0.999096  -0.010104  -0.011918  -0.013604  0.000000  0.000000  0.000000  2.000000  
56.119992 -0.006185  0.082387  -0.004618  0.977288  0.208779  -0.036315  -0.208080  0.977862  0.022117  0.040129  -0.014059  0.999096  -0.010044  -0.011779  -0.013553  0.000000  0.000000  0.000000  2.000000  
56.120993 -0.006194  0.082377  -0.004632  0.977288  0.208779  -0.036315  -0.208080  0.977862  0.022117  0.040129  -0.014059  0.999096  -0.009962  -0.011666  -0.013519  0.000000  0.000000  0.000000  2.000000  
56.122254 -0.006206  0.082363  -0.004648  0.977283  0.208781  -0.036446  -0.208078  0.977861  0.022145  0.040263  -0.014059  0.999090  -0.009890  -0.011524  -0.013477  0.000000  0.000000  0.000000  2.000000  
56.123492 -0.006218  0.082350  -0.004665  0.977240  0.208986  -0.036416  -0.208280  0.977816  0.022271  0.040263  -0.014180  0.999089  -0.009854  -0.011408  -0.013459  0.000000  0.000000  0.000000  2.000000  
56.124497 -0.006227  0.082339  -0.004678  0.977197  0.209188  -0.036411  -0.208481  0.977773  0.022279  0.040263  -0.014180  0.999089  -0.009775  -0.011258  -0.013410  0.000000  0.000000  0.000000  2.000000  
56.125741 -0.006239  0.082326  -0.004695  0.977192  0.209190  -0.036542  -0.208480  0.977772  0.022307  0.040396  -0.014180  0.999083  -0.009785  -0.011184  -0.013429  0.000000  0.000000  0.000000  2.000000  
56.126991 -0.006251  0.082313  -0.004711  0.977149  0.209391  -0.036538  -0.208681  0.977729  0.022314  0.040396  -0.014180  0.999083  -0.009700  -0.011037  -0.013394  0.000000  0.000000  0.000000  2.000000  
56.127992 -0.006261  0.082302  -0.004725  0.977149  0.209391  -0.036538  -0.208681  0.977729  0.022314  0.040396  -0.014180  0.999083  -0.009700  -0.010981  -0.013427  0.000000  0.000000  0.000000  2.000000  
56.129253 -0.006273  0.082289  -0.004742  0.977101  0.209594  -0.036664  -0.208881  0.977686  0.022350  0.040530  -0.014180  0.999078  -0.009650  -0.010831  -0.013420  0.000000  0.000000  0.000000  2.000000  
56.130490 -0.006285  0.082277  -0.004759  0.977058  0.209795  -0.036659  -0.209082  0.977642  0.022357  0.040530  -0.014180  0.999078  -0.009598  -0.010727  -0.013457  0.000000  0.000000  0.000000  2.000000  
56.131493 -0.006294  0.082267  -0.004773  0.977053  0.209797  -0.036790  -0.209081  0.977642  0.022385  0.040664  -0.014180  0.999072  -0.009581  -0.010631  -0.013467  0.000000  0.000000  0.000000  2.000000  
