1-Time 2-Px 3-Py 4-Pz 5-R11 6-R21 7-R31 8-R12 9-R22 10-R32 11-R13 12-R23 13-R33 14-Vx 15-Vy 16-Vz 17-Wx 18-Wy 19-Wz 20-state 21-PR11 22-PR21 23-PR31 24-PR12 25-PR22 26-PR32 27-PR13 28-PR23 29-PR33 
186.710579 0.003056  0.084998  -0.002938  0.997342  0.031485  -0.065704  0.062088  0.104596  0.992575  0.038123  -0.994016  0.102363  0.000098  0.000508  -0.000603  0.000000  0.000000  0.000000  2.000000  
186.711582 0.003056  0.084998  -0.002939  0.997342  0.031485  -0.065704  0.062088  0.104596  0.992575  0.038123  -0.994016  0.102363  0.000098  0.000508  -0.000603  0.000000  0.000000  0.000000  2.000000  
186.712593 0.003055  0.084996  -0.002940  0.997350  0.031631  -0.065517  0.061882  0.104718  0.992575  0.038257  -0.993999  0.102483  0.000051  0.000296  -0.000638  0.000000  0.000000  0.000000  2.000000  
186.713830 0.003055  0.084992  -0.002942  0.997340  0.031889  -0.065548  0.061882  0.104855  0.992560  0.038524  -0.993976  0.102602  -0.000008  0.000028  -0.000718  0.000000  0.000000  0.000000  2.000000  
186.714832 0.003054  0.084989  -0.002943  0.997329  0.032146  -0.065580  0.061881  0.104991  0.992546  0.038792  -0.993953  0.102722  -0.000063  -0.000204  -0.000709  0.000000  0.000000  0.000000  2.000000  
186.716079 0.003054  0.084986  -0.002943  0.997332  0.032433  -0.065403  0.061675  0.105001  0.992558  0.039059  -0.993943  0.102721  -0.000086  -0.000458  -0.000622  0.000000  0.000000  0.000000  2.000000  
186.717081 0.003055  0.084984  -0.002943  0.997339  0.032580  -0.065216  0.061469  0.105123  0.992558  0.039193  -0.993925  0.102841  -0.000077  -0.000639  -0.000572  0.000000  0.000000  0.000000  2.000000  
186.718328 0.003055  0.084980  -0.002942  0.997341  0.032851  -0.065047  0.061263  0.105374  0.992544  0.039460  -0.993890  0.103081  -0.000040  -0.000925  -0.000476  0.000000  0.000000  0.000000  2.000000  
186.719332 0.003056  0.084978  -0.002942  0.997356  0.033152  -0.064670  0.060852  0.105497  0.992556  0.039728  -0.993867  0.103200  0.000037  -0.001118  -0.000462  0.000000  0.000000  0.000000  2.000000  
186.720581 0.003058  0.084974  -0.002942  0.997358  0.033424  -0.064501  0.060646  0.105747  0.992542  0.039995  -0.993831  0.103440  0.000166  -0.001364  -0.000392  0.000000  0.000000  0.000000  2.000000  
186.721828 0.003059  0.084972  -0.002942  0.997354  0.033828  -0.064347  0.060440  0.106005  0.992527  0.040396  -0.993790  0.103680  0.000218  -0.001608  -0.000387  0.000000  0.000000  0.000000  2.000000  
186.722830 0.003060  0.084970  -0.002943  0.997350  0.034232  -0.064192  0.060233  0.106263  0.992512  0.040797  -0.993749  0.103919  0.000242  -0.001795  -0.000372  0.000000  0.000000  0.000000  2.000000  
186.724076 0.003060  0.084967  -0.002944  0.997353  0.034784  -0.063852  0.059821  0.106642  0.992496  0.041332  -0.993689  0.104278  0.000268  -0.002044  -0.000433  0.000000  0.000000  0.000000  2.000000  
186.725084 0.003060  0.084963  -0.002947  0.997349  0.035188  -0.063698  0.059615  0.106899  0.992481  0.041733  -0.993647  0.104518  0.000292  -0.002327  -0.000582  0.000000  0.000000  0.000000  2.000000  
186.726330 0.003060  0.084957  -0.002950  0.997356  0.035600  -0.063348  0.059204  0.107390  0.992453  0.042134  -0.993579  0.104998  0.000240  -0.002769  -0.000758  0.000000  0.000000  0.000000  2.000000  
186.727331 0.003058  0.084952  -0.002954  0.997352  0.035997  -0.063199  0.058997  0.107767  0.992424  0.042535  -0.993524  0.105358  0.000182  -0.002993  -0.000896  0.000000  0.000000  0.000000  2.000000  
186.728583 0.003057  0.084945  -0.002955  0.997353  0.036542  -0.062864  0.058585  0.108265  0.992394  0.043070  -0.993450  0.105837  0.000165  -0.003223  -0.000854  0.000000  0.000000  0.000000  2.000000  
186.729584 0.003057  0.084940  -0.002956  0.997348  0.036939  -0.062716  0.058379  0.108642  0.992365  0.043471  -0.993394  0.106197  0.000193  -0.003335  -0.000870  -0.125381  -0.104044  0.200811  2.000000  
186.730595 0.003057  0.084935  -0.002956  0.997354  0.037352  -0.062368  0.057967  0.109131  0.992336  0.043872  -0.993325  0.106677  0.000206  -0.003521  -0.000890  -0.141021  -0.116271  0.215584  2.000000  
186.731833 0.003058  0.084928  -0.002956  0.997342  0.037875  -0.062239  0.057760  0.109636  0.992292  0.044407  -0.993250  0.107157  0.000240  -0.003800  -0.000941  -0.157058  -0.121730  0.229848  2.000000  
186.732833 0.003059  0.084922  -0.002957  0.997348  0.038288  -0.061892  0.057349  0.110124  0.992262  0.044808  -0.993180  0.107637  0.000253  -0.003997  -0.001025  -0.172731  -0.133981  0.244703  2.000000  
186.734076 0.003061  0.084916  -0.002958  0.997330  0.038937  -0.061783  0.057142  0.110756  0.992204  0.045476  -0.993085  0.108236  0.000328  -0.004185  -0.001071  -0.192826  -0.138451  0.267908  2.000000  
186.735087 0.003063  0.084910  -0.002957  0.997335  0.039343  -0.061442  0.056730  0.111365  0.992159  0.045877  -0.993001  0.108836  0.000335  -0.004407  -0.001049  -0.212526  -0.150642  0.282733  2.000000  
186.736331 0.003066  0.084902  -0.002959  0.997327  0.040015  -0.061130  0.056318  0.111988  0.992112  0.046545  -0.992904  0.109435  0.000479  -0.004757  -0.001180  -0.232392  -0.162008  0.306771  2.000000  
186.737582 0.003069  0.084893  -0.002962  0.997319  0.040680  -0.060825  0.055905  0.112730  0.992052  0.047213  -0.992793  0.110154  0.000602  -0.005129  -0.001275  -0.256145  -0.173214  0.330588  2.000000  
186.738826 0.003071  0.084885  -0.002965  0.997317  0.041220  -0.060500  0.055493  0.113345  0.992005  0.047748  -0.992700  0.110753  0.000725  -0.005546  -0.001399  -0.275871  -0.184935  0.349990  2.000000  
186.739835 0.003073  0.084876  -0.002968  0.997314  0.041761  -0.060176  0.055081  0.113959  0.991957  0.048283  -0.992607  0.111352  0.000857  -0.005895  -0.001453  -0.295516  -0.197084  0.364855  2.000000  
186.741079 0.003075  0.084864  -0.002973  0.997304  0.042427  -0.059873  0.054669  0.114700  0.991895  0.048951  -0.992494  0.112071  0.001053  -0.006307  -0.001555  -0.319373  -0.208333  0.388862  2.000000  
186.742080 0.003077  0.084854  -0.002977  0.997307  0.042836  -0.059536  0.054257  0.115305  0.991847  0.049352  -0.992406  0.112671  0.001205  -0.006643  -0.001585  -0.332264  -0.218666  0.400512  2.000000  
186.743081 0.003078  0.084843  -0.002980  0.997298  0.043222  -0.059403  0.054051  0.115920  0.991787  0.049753  -0.992318  0.113270  0.001437  -0.006970  -0.001670  -0.352399  -0.218063  0.405020  2.000000  
186.744330 0.003081  0.084830  -0.002984  0.997304  0.043781  -0.058883  0.053433  0.116643  0.991735  0.050287  -0.992208  0.113989  0.001582  -0.007400  -0.001887  -0.371590  -0.237363  0.416203  2.000000  
186.745578 0.003084  0.084818  -0.002988  0.997306  0.044184  -0.058552  0.053022  0.117368  0.991672  0.050688  -0.992105  0.114709  0.001768  -0.007768  -0.002118  -0.394379  -0.252428  0.425773  2.000000  
186.746592 0.003086  0.084808  -0.002992  0.997307  0.044594  -0.058217  0.052610  0.117972  0.991622  0.051089  -0.992015  0.115308  0.001872  -0.008084  -0.002416  -0.410110  -0.258545  0.430916  2.000000  
186.747832 0.003089  0.084796  -0.002998  0.997295  0.045257  -0.057924  0.052197  0.118831  0.991542  0.051757  -0.991883  0.116147  0.001998  -0.008402  -0.002702  -0.430990  -0.254822  0.440937  2.000000  
186.749080 0.003091  0.084784  -0.003004  0.997288  0.045780  -0.057622  0.051785  0.119802  0.991446  0.052291  -0.991742  0.117106  0.002048  -0.008856  -0.003133  -0.455219  -0.253616  0.450047  2.000000  
186.750328 0.003095  0.084772  -0.003009  0.997281  0.046317  -0.057310  0.051373  0.120532  0.991379  0.052826  -0.991628  0.117824  0.002073  -0.009198  -0.003507  -0.474939  -0.259214  0.459722  2.000000  
186.751331 0.003098  0.084762  -0.003013  0.997281  0.046723  -0.056983  0.050962  0.121254  0.991312  0.053227  -0.991521  0.118543  0.002131  -0.009369  -0.003603  -0.490579  -0.267930  0.464369  2.000000  
186.752332 0.003100  0.084753  -0.003017  0.997270  0.047104  -0.056861  0.050755  0.121986  0.991233  0.053628  -0.991413  0.119263  0.002145  -0.009524  -0.003747  -0.511142  -0.267376  0.469214  2.000000  
186.753580 0.003103  0.084740  -0.003021  0.997273  0.047655  -0.056359  0.050138  0.122946  0.991146  0.054162  -0.991269  0.120221  0.002133  -0.009772  -0.003839  -0.526108  -0.277854  0.471278  2.000000  
186.754590 0.003105  0.084730  -0.003024  0.997261  0.048030  -0.056244  0.049931  0.123797  0.991051  0.054563  -0.991144  0.121060  0.002134  -0.009929  -0.003801  -0.546889  -0.273470  0.470050  2.000000  
186.755826 0.003106  0.084715  -0.003028  0.997262  0.048575  -0.055750  0.049314  0.124876  0.990946  0.055097  -0.990983  0.122138  0.002080  -0.010080  -0.003729  -0.570020  -0.284088  0.472474  2.000000  
186.756831 0.003107  0.084704  -0.003030  0.997261  0.048970  -0.055438  0.048902  0.125837  0.990845  0.055498  -0.990842  0.123097  0.002072  -0.010151  -0.003628  -0.589779  -0.290583  0.473455  2.000000  
186.757835 0.003108  0.084692  -0.003033  0.997258  0.049372  -0.055121  0.048491  0.126677  0.990758  0.055899  -0.990715  0.123936  0.002028  -0.010219  -0.003586  -0.602016  -0.290378  0.473840  2.000000  
186.759081 0.003110  0.084678  -0.003037  0.997256  0.049755  -0.054823  0.048079  0.127878  0.990624  0.056299  -0.990541  0.125134  0.001949  -0.010268  -0.003594  -0.629557  -0.296669  0.474637  2.000000  
186.760081 0.003112  0.084667  -0.003041  0.997255  0.050318  -0.054321  0.047461  0.128713  0.990545  0.056834  -0.990404  0.125972  0.001927  -0.010382  -0.003679  -0.641140  -0.303144  0.475620  2.000000  
186.761331 0.003113  0.084653  -0.003047  0.997253  0.050868  -0.053832  0.046844  0.129788  0.990435  0.057368  -0.990236  0.127049  0.001840  -0.010540  -0.003773  -0.661272  -0.309247  0.481404  2.000000  
186.762597 0.003115  0.084639  -0.003055  0.997259  0.051280  -0.053334  0.046227  0.130976  0.990307  0.057769  -0.990058  0.128247  0.001802  -0.010650  -0.003855  -0.681781  -0.318913  0.477058  2.000000  
186.763830 0.003118  0.084625  -0.003062  0.997256  0.051820  -0.052860  0.045610  0.132290  0.990161  0.058303  -0.989856  0.129564  0.001767  -0.010770  -0.003911  -0.705517  -0.332799  0.474700  2.000000  
186.765081 0.003120  0.084611  -0.003069  0.997253  0.052374  -0.052375  0.044992  0.133363  0.990045  0.058837  -0.989682  0.130640  0.001706  -0.010883  -0.004028  -0.715513  -0.335999  0.476435  2.000000  
186.766330 0.003123  0.084598  -0.003075  0.997249  0.052922  -0.051898  0.044375  0.134555  0.989912  0.059372  -0.989492  0.131836  0.001708  -0.010967  -0.004155  -0.735013  -0.342841  0.473062  2.000000  
186.767591 0.003126  0.084583  -0.003081  0.997244  0.053472  -0.051422  0.043758  0.135746  0.989777  0.059906  -0.989300  0.133032  0.001699  -0.011132  -0.004216  -0.752348  -0.352967  0.469035  2.000000  
186.768830 0.003129  0.084569  -0.003086  0.997248  0.054045  -0.050750  0.042935  0.137045  0.989634  0.060440  -0.989089  0.134348  0.001699  -0.011263  -0.004276  -0.776184  -0.366376  0.471287  2.000000  
186.769831 0.003130  0.084557  -0.003090  0.997241  0.054450  -0.050449  0.042523  0.138000  0.989519  0.060841  -0.988934  0.135304  0.001688  -0.011323  -0.004320  -0.785882  -0.363049  0.467721  2.000000  
186.770832 0.003132  0.084545  -0.003093  0.997243  0.054883  -0.049945  0.041907  0.138943  0.989413  0.061241  -0.988778  0.136260  0.001723  -0.011360  -0.004376  -0.799947  -0.373622  0.463842  2.000000  
186.772078 0.003134  0.084530  -0.003098  0.997252  0.055328  -0.049259  0.041084  0.140235  0.989266  0.061642  -0.988571  0.137576  0.001781  -0.011410  -0.004413  -0.816658  -0.383673  0.462082  2.000000  
186.773079 0.003136  0.084518  -0.003101  0.997236  0.055861  -0.048986  0.040672  0.141313  0.989129  0.062176  -0.988388  0.138651  0.001812  -0.011484  -0.004556  -0.832258  -0.389512  0.467705  2.000000  
186.774333 0.003138  0.084503  -0.003106  0.997236  0.056442  -0.048321  0.039850  0.142608  0.988977  0.062710  -0.988169  0.139965  0.001864  -0.011490  -0.004557  -0.854727  -0.399016  0.472830  2.000000  
186.775333 0.003140  0.084492  -0.003109  0.997227  0.057006  -0.047848  0.039233  0.143674  0.988847  0.063245  -0.987982  0.141039  0.001914  -0.011506  -0.004470  -0.870401  -0.404867  0.478499  2.000000  
186.776587 0.003143  0.084479  -0.003113  0.997217  0.057560  -0.047389  0.038615  0.144978  0.988681  0.063779  -0.987759  0.142352  0.002006  -0.011417  -0.004274  -0.887105  -0.407382  0.480375  2.000000  
186.777836 0.003147  0.084465  -0.003117  0.997214  0.058139  -0.046736  0.037793  0.146390  0.988505  0.064313  -0.987517  0.143785  0.002060  -0.011379  -0.004055  -0.905312  -0.424275  0.482063  2.000000  
186.779086 0.003150  0.084453  -0.003121  0.997210  0.058727  -0.046077  0.036970  0.147680  0.988344  0.064847  -0.987290  0.145097  0.002158  -0.011313  -0.003846  -0.920627  -0.438071  0.479941  2.000000  
186.780330 0.003155  0.084440  -0.003124  0.997198  0.059285  -0.045623  0.036353  0.148982  0.988171  0.065381  -0.987061  0.146409  0.002252  -0.011234  -0.003610  -0.936497  -0.444492  0.481456  2.000000  
186.781333 0.003158  0.084430  -0.003127  0.997192  0.059887  -0.044953  0.035531  0.150030  0.988043  0.065915  -0.986866  0.147481  0.002305  -0.011188  -0.003431  -0.951434  -0.457015  0.487972  2.000000  
186.782595 0.003162  0.084416  -0.003131  0.997186  0.060479  -0.044299  0.034708  0.151318  0.987876  0.066449  -0.986633  0.148793  0.002361  -0.011157  -0.003343  -0.962206  -0.469955  0.490177  2.000000  
186.783842 0.003165  0.084401  -0.003137  0.997179  0.061062  -0.043662  0.033886  0.152843  0.987669  0.066983  -0.986362  0.150343  0.002434  -0.011191  -0.003366  -0.977774  -0.476111  0.491726  2.000000  
186.785079 0.003169  0.084386  -0.003143  0.997170  0.061659  -0.043011  0.033064  0.154128  0.987498  0.067517  -0.986125  0.151653  0.002567  -0.011185  -0.003459  -0.984896  -0.491639  0.495679  2.000000  
186.786326 0.003172  0.084370  -0.003149  0.997152  0.062383  -0.042390  0.032241  0.155536  0.987304  0.068184  -0.985858  0.153082  0.002669  -0.011237  -0.003552  -0.996278  -0.496528  0.506070  2.000000  
186.787328 0.003176  0.084358  -0.003154  0.997144  0.062824  -0.041918  0.031624  0.156707  0.987139  0.068585  -0.985645  0.154273  0.002777  -0.011264  -0.003688  -1.007748  -0.502773  0.507530  2.000000  
186.788330 0.003180  0.084345  -0.003158  0.997126  0.063403  -0.041460  0.031007  0.157762  0.986990  0.069119  -0.985440  0.155343  0.002889  -0.011305  -0.003681  -1.011233  -0.508459  0.513492  2.000000  
186.789330 0.003183  0.084332  -0.003162  0.997118  0.063846  -0.040990  0.030391  0.158932  0.986822  0.069519  -0.985223  0.156534  0.002966  -0.011408  -0.003781  -1.022669  -0.514681  0.514966  2.000000  
186.790331 0.003187  0.084320  -0.003167  0.997114  0.064323  -0.040318  0.029569  0.160088  0.986660  0.069920  -0.985005  0.157725  0.003138  -0.011435  -0.003821  -1.034422  -0.525764  0.516317  2.000000  
186.791338 0.003192  0.084308  -0.003171  0.997095  0.064901  -0.039872  0.028952  0.161261  0.986487  0.070453  -0.984776  0.158913  0.003269  -0.011583  -0.003879  -1.041592  -0.531238  0.522198  2.000000  
186.792593 0.003197  0.084292  -0.003176  0.997081  0.065503  -0.039240  0.028129  0.162658  0.986281  0.070987  -0.984506  0.160340  0.003427  -0.011747  -0.003992  -1.048814  -0.532527  0.524113  2.000000  
186.793831 0.003203  0.084276  -0.003181  0.997061  0.066268  -0.038437  0.027102  0.164163  0.986061  0.071655  -0.984205  0.161885  0.003574  -0.011943  -0.004048  -1.060813  -0.542989  0.530319  2.000000  
186.795081 0.003209  0.084260  -0.003185  0.997045  0.066875  -0.037809  0.026280  0.165558  0.985850  0.072188  -0.983930  0.163311  0.003708  -0.012183  -0.004140  -1.066895  -0.550665  0.532947  2.000000  
186.796120 0.003214  0.084247  -0.003190  0.997027  0.067493  -0.037166  0.025458  0.166712  0.985677  0.072722  -0.983693  0.164498  0.003747  -0.012391  -0.004271  -1.073620  -0.560691  0.538395  2.000000  
186.797351 0.003219  0.084229  -0.003197  0.997009  0.068099  -0.036550  0.024636  0.168223  0.985441  0.073256  -0.983394  0.166042  0.003878  -0.012695  -0.004447  -1.086157  -0.567322  0.540766  2.000000  
186.798585 0.003224  0.084211  -0.003204  0.996989  0.068711  -0.035927  0.023814  0.169614  0.985223  0.073790  -0.983112  0.167467  0.004002  -0.012923  -0.004540  -1.090018  -0.566611  0.541617  2.000000  
186.799832 0.003228  0.084192  -0.003211  0.996969  0.069321  -0.035315  0.022992  0.171123  0.984981  0.074323  -0.982808  0.169010  0.004025  -0.013169  -0.004599  -1.101692  -0.572083  0.548009  2.000000  
186.801083 0.003233  0.084173  -0.003218  0.996948  0.069933  -0.034705  0.022170  0.172630  0.984737  0.074857  -0.982501  0.170553  0.004105  -0.013380  -0.004720  -1.109417  -0.571220  0.548797  2.000000  
186.802328 0.003238  0.084155  -0.003225  0.996921  0.070516  -0.034290  0.021553  0.174032  0.984504  0.075391  -0.982212  0.171976  0.004152  -0.013567  -0.004788  -1.115656  -0.571894  0.550419  2.000000  
186.803582 0.003243  0.084136  -0.003232  0.996888  0.071267  -0.033698  0.020731  0.175420  0.984275  0.076058  -0.981911  0.173397  0.004195  -0.013737  -0.004850  -1.120871  -0.568946  0.554769  2.000000  
186.804828 0.003248  0.084117  -0.003240  0.996864  0.071885  -0.033094  0.019910  0.176924  0.984023  0.076592  -0.981596  0.174938  0.004169  -0.013975  -0.005048  -1.126811  -0.577178  0.553263  2.000000  
186.805831 0.003252  0.084102  -0.003246  0.996845  0.072353  -0.032635  0.019293  0.177961  0.983848  0.076992  -0.981374  0.176004  0.004180  -0.014137  -0.005203  -1.123893  -0.575026  0.552945  2.000000  
186.807079 0.003257  0.084083  -0.003256  0.996826  0.072806  -0.032213  0.018677  0.179475  0.983585  0.077392  -0.981065  0.177545  0.004129  -0.014367  -0.005459  -1.131968  -0.570992  0.545451  2.000000  
186.808083 0.003262  0.084067  -0.003262  0.996806  0.073272  -0.031766  0.018061  0.180630  0.983385  0.077792  -0.980818  0.178730  0.004127  -0.014590  -0.005662  -1.135859  -0.568112  0.544373  2.000000  
186.809331 0.003267  0.084047  -0.003272  0.996779  0.073896  -0.031168  0.017239  0.182129  0.983123  0.078326  -0.980494  0.180269  0.004077  -0.014914  -0.005949  -1.141464  -0.575508  0.547309  2.000000  
186.810594 0.003272  0.084026  -0.003281  0.996758  0.074354  -0.030751  0.016623  0.183640  0.982853  0.078726  -0.980177  0.181809  0.004023  -0.015200  -0.006213  -1.147083  -0.567012  0.541449  2.000000  
186.811834 0.003277  0.084004  -0.003290  0.996729  0.074986  -0.030148  0.015802  0.185018  0.982608  0.079259  -0.979870  0.183227  0.004010  -0.015502  -0.006401  -1.151255  -0.566451  0.542445  2.000000  
186.812835 0.003281  0.083986  -0.003296  0.996706  0.075457  -0.029706  0.015185  0.186169  0.982400  0.079660  -0.979616  0.184410  0.003967  -0.015695  -0.006483  -1.154878  -0.565712  0.543003  2.000000  
186.814080 0.003285  0.083964  -0.003305  0.996673  0.076054  -0.029309  0.014569  0.187560  0.982145  0.080193  -0.979304  0.185828  0.004021  -0.015952  -0.006534  -1.153914  -0.553708  0.538261  2.000000  
186.815081 0.003290  0.083945  -0.003311  0.996649  0.076528  -0.028870  0.013953  0.188709  0.981934  0.080593  -0.979047  0.187009  0.004028  -0.016242  -0.006597  -1.154826  -0.558219  0.538939  2.000000  
186.816083 0.003294  0.083926  -0.003317  0.996636  0.076872  -0.028406  0.013337  0.189857  0.981721  0.080860  -0.978798  0.188193  0.004038  -0.016486  -0.006622  -1.159049  -0.552266  0.529486  2.000000  
186.817328 0.003299  0.083904  -0.003325  0.996614  0.077381  -0.027786  0.012516  0.191227  0.981466  0.081260  -0.978491  0.189611  0.004091  -0.016801  -0.006717  -1.159177  -0.552451  0.526049  2.000000  
186.818591 0.003305  0.083881  -0.003333  0.996589  0.077852  -0.027369  0.011900  0.192612  0.981203  0.081660  -0.978182  0.191029  0.004148  -0.017026  -0.006733  -1.158784  -0.545358  0.520940  2.000000  
186.819831 0.003310  0.083857  -0.003342  0.996555  0.078495  -0.026778  0.011079  0.193982  0.980943  0.082193  -0.977860  0.192444  0.004167  -0.017357  -0.006845  -1.158733  -0.545514  0.517448  2.000000  
186.821077 0.003317  0.083834  -0.003352  0.996528  0.078969  -0.026364  0.010463  0.195365  0.980675  0.082593  -0.977546  0.193861  0.004234  -0.017623  -0.006877  -1.157372  -0.540479  0.514059  2.000000  
186.822331 0.003323  0.083812  -0.003361  0.996501  0.079447  -0.025942  0.009848  0.196628  0.980429  0.082993  -0.977254  0.195158  0.004291  -0.017853  -0.006918  -1.153773  -0.527728  0.503468  2.000000  
186.823577 0.003329  0.083788  -0.003370  0.996476  0.079965  -0.025330  0.009027  0.197993  0.980162  0.083393  -0.976936  0.196574  0.004358  -0.018050  -0.006910  -1.149817  -0.527913  0.500037  2.000000  
186.824585 0.003334  0.083770  -0.003377  0.996457  0.080277  -0.025076  0.008616  0.199152  0.979931  0.083660  -0.976675  0.197754  0.004396  -0.018225  -0.006934  -1.147525  -0.519429  0.493393  2.000000  
186.825831 0.003339  0.083746  -0.003385  0.996430  0.080795  -0.024476  0.007795  0.200633  0.979635  0.084060  -0.976329  0.199287  0.004438  -0.018395  -0.006865  -1.150089  -0.515334  0.485728  2.000000  
186.826833 0.003344  0.083726  -0.003392  0.996411  0.081109  -0.024224  0.007385  0.201790  0.979401  0.084327  -0.976065  0.200467  0.004458  -0.018510  -0.006810  -1.150339  -0.508782  0.480671  2.000000  
186.828080 0.003350  0.083702  -0.003399  0.996383  0.081633  -0.023617  0.006564  0.203151  0.979125  0.084727  -0.975739  0.201881  0.004538  -0.018632  -0.006768  -1.150087  -0.508895  0.477034  2.000000  
186.829090 0.003355  0.083683  -0.003405  0.996364  0.081994  -0.023156  0.005949  0.204171  0.978917  0.084993  -0.975495  0.202941  0.004608  -0.018727  -0.006690  -1.143368  -0.507236  0.471440  2.000000  
186.830331 0.003360  0.083658  -0.003412  0.996344  0.082343  -0.022746  0.005333  0.205784  0.978583  0.085260  -0.975127  0.204593  0.004664  -0.018801  -0.006639  -1.150219  -0.503328  0.464024  2.000000  
186.831583 0.003367  0.083634  -0.003419  0.996314  0.082871  -0.022143  0.004513  0.207142  0.978300  0.085660  -0.974795  0.206005  0.004738  -0.018899  -0.006608  -1.147758  -0.502499  0.454154  2.000000  
186.832595 0.003372  0.083615  -0.003425  0.996293  0.083191  -0.021896  0.004102  0.208296  0.978057  0.085926  -0.974522  0.207182  0.004773  -0.018942  -0.006514  -1.147619  -0.495800  0.448833  2.000000  
186.833829 0.003379  0.083591  -0.003432  0.996262  0.083725  -0.021285  0.003282  0.209533  0.977796  0.086326  -0.974210  0.208475  0.004846  -0.018982  -0.006407  -1.143190  -0.502990  0.446617  2.000000  
186.834832 0.003384  0.083572  -0.003437  0.996240  0.084049  -0.021030  0.002871  0.210567  0.977575  0.086593  -0.973960  0.209534  0.004890  -0.019060  -0.006304  -1.139504  -0.496569  0.441457  2.000000  
186.836076 0.003391  0.083548  -0.003444  0.996207  0.084587  -0.020422  0.002051  0.211802  0.977310  0.086993  -0.973645  0.210825  0.004993  -0.019121  -0.006154  -1.135415  -0.496917  0.437832  2.000000  
186.837079 0.003397  0.083529  -0.003449  0.996184  0.084912  -0.020169  0.001641  0.212835  0.977087  0.087259  -0.973392  0.211883  0.005073  -0.019182  -0.005996  -1.129655  -0.492233  0.434616  2.000000  
186.838326 0.003405  0.083505  -0.003455  0.996150  0.085411  -0.019754  0.001025  0.213968  0.976840  0.087659  -0.973100  0.213056  0.005157  -0.019229  -0.005814  -1.118109  -0.485898  0.429686  2.000000  
186.839331 0.003411  0.083485  -0.003461  0.996127  0.085782  -0.019301  0.000410  0.214981  0.976618  0.087926  -0.972844  0.214113  0.005208  -0.019337  -0.005702  -1.113595  -0.486147  0.425762  2.000000  
186.840582 0.003418  0.083460  -0.003466  0.996092  0.086325  -0.018698  -0.000410  0.216213  0.976346  0.088326  -0.972522  0.215404  0.005347  -0.019392  -0.005484  -1.105167  -0.492413  0.428005  2.000000  
186.841588 0.003424  0.083439  -0.003471  0.996067  0.086699  -0.018248  -0.001025  0.217225  0.976121  0.088592  -0.972264  0.216460  0.005451  -0.019431  -0.005392  -1.101940  -0.490747  0.421789  2.000000  
186.842597 0.003430  0.083419  -0.003477  0.996043  0.087029  -0.017999  -0.001435  0.218255  0.975891  0.088859  -0.972004  0.217516  0.005507  -0.019505  -0.005320  -1.098007  -0.484288  0.416460  2.000000  
186.843830 0.003437  0.083393  -0.003483  0.996006  0.087575  -0.017399  -0.002256  0.219484  0.975613  0.089259  -0.971678  0.218805  0.005616  -0.019620  -0.005313  -1.092027  -0.493326  0.416567  2.000000  
186.844831 0.003443  0.083373  -0.003489  0.995980  0.087955  -0.016941  -0.002871  0.220376  0.975411  0.089525  -0.971441  0.219743  0.005688  -0.019712  -0.005280  -1.083711  -0.493747  0.412720  2.000000  
186.846084 0.003450  0.083347  -0.003496  0.995942  0.088504  -0.016344  -0.003691  0.221603  0.975130  0.089925  -0.971112  0.221030  0.005762  -0.019819  -0.005295  -1.076739  -0.491349  0.411113  2.000000  
186.847330 0.003458  0.083322  -0.003503  0.995915  0.088882  -0.015908  -0.004306  0.222730  0.974871  0.090191  -0.970820  0.222203  0.005801  -0.019876  -0.005292  -1.072556  -0.491777  0.407367  2.000000  
186.848334 0.003464  0.083302  -0.003508  0.995888  0.089264  -0.015452  -0.004921  0.223620  0.974664  0.090458  -0.970580  0.223139  0.005884  -0.019910  -0.005278  -1.064436  -0.491405  0.407971  2.000000  
186.849583 0.003473  0.083277  -0.003514  0.995849  0.089775  -0.015038  -0.005535  0.224626  0.974429  0.090858  -0.970301  0.224191  0.005969  -0.019998  -0.005233  -1.052219  -0.484913  0.402629  2.000000  
186.850593 0.003479  0.083257  -0.003519  0.995821  0.090158  -0.014595  -0.006150  0.225633  0.974193  0.091124  -0.970032  0.225244  0.005998  -0.020021  -0.005195  -1.051030  -0.490995  0.404436  2.000000  
186.851832 0.003487  0.083233  -0.003525  0.995792  0.090540  -0.014163  -0.006765  0.226757  0.973928  0.091391  -0.969734  0.226415  0.006063  -0.020090  -0.005133  -1.043635  -0.484813  0.399366  2.000000  
186.853076 0.003495  0.083207  -0.003531  0.995762  0.090969  -0.013532  -0.007585  0.227861  0.973664  0.091657  -0.969435  0.227586  0.006122  -0.020132  -0.005123  -1.037865  -0.494736  0.395241  2.000000  
186.854080 0.003501  0.083187  -0.003535  0.995734  0.091311  -0.013269  -0.007995  0.228648  0.973476  0.091924  -0.969217  0.228403  0.006142  -0.020154  -0.005069  -1.027267  -0.485928  0.391808  2.000000  
186.855326 0.003510  0.083161  -0.003541  0.995704  0.091696  -0.012841  -0.008610  0.229770  0.973207  0.092190  -0.968916  0.229573  0.006187  -0.020207  -0.005102  -1.018075  -0.488129  0.390640  2.000000  
186.856330 0.003515  0.083141  -0.003547  0.995674  0.092086  -0.012390  -0.009224  0.230656  0.972992  0.092456  -0.968668  0.230507  0.006195  -0.020246  -0.005092  -1.006540  -0.485893  0.388615  2.000000  
186.857577 0.003523  0.083114  -0.003553  0.995643  0.092473  -0.011963  -0.009839  0.231776  0.972719  0.092723  -0.968364  0.231676  0.006261  -0.020311  -0.005088  -0.998066  -0.481393  0.385982  2.000000  
186.858596 0.003529  0.083093  -0.003558  0.995614  0.092816  -0.011715  -0.010249  0.232679  0.972500  0.092989  -0.968114  0.232610  0.006236  -0.020313  -0.005041  -0.990027  -0.477945  0.388076  2.000000  
186.859837 0.003537  0.083067  -0.003566  0.995583  0.093207  -0.011278  -0.010863  0.233681  0.972253  0.093256  -0.967836  0.233661  0.006322  -0.020352  -0.005116  -0.974333  -0.471761  0.382877  2.000000  
186.861080 0.003546  0.083041  -0.003572  0.995541  0.093678  -0.011085  -0.011273  0.234817  0.971974  0.093655  -0.967515  0.234826  0.006381  -0.020363  -0.005111  -0.966810  -0.464619  0.382068  2.000000  
186.862080 0.003553  0.083020  -0.003578  0.995509  0.094073  -0.010628  -0.011887  0.235581  0.971782  0.093922  -0.967291  0.235641  0.006407  -0.020425  -0.005121  -0.954110  -0.466128  0.385217  2.000000  
186.863084 0.003560  0.082999  -0.003583  0.995494  0.094242  -0.010539  -0.012092  0.236385  0.971584  0.094055  -0.967078  0.236460  0.006473  -0.020495  -0.005100  -0.946718  -0.458077  0.377038  2.000000  
186.864086 0.003567  0.082978  -0.003589  0.995461  0.094637  -0.010094  -0.012707  0.237266  0.971362  0.094321  -0.966824  0.237392  0.006529  -0.020590  -0.005190  -0.938328  -0.457606  0.377497  2.000000  
186.865330 0.003577  0.082953  -0.003597  0.995417  0.095113  -0.009882  -0.013116  0.238165  0.971136  0.094721  -0.966556  0.238321  0.006671  -0.020637  -0.005241  -0.930850  -0.450587  0.376545  2.000000  
186.866581 0.003586  0.082927  -0.003604  0.995387  0.095459  -0.009650  -0.013526  0.239182  0.970881  0.094987  -0.966271  0.239370  0.006692  -0.020740  -0.005368  -0.923539  -0.439735  0.372328  2.000000  
186.867589 0.003594  0.082906  -0.003610  0.995355  0.095809  -0.009384  -0.013935  0.239846  0.970711  0.095254  -0.966072  0.240067  0.006764  -0.020824  -0.005454  -0.911064  -0.437190  0.369838  2.000000  
186.868835 0.003603  0.082878  -0.003617  0.995321  0.096207  -0.008942  -0.014549  0.240724  0.970484  0.095520  -0.965814  0.240998  0.006878  -0.020934  -0.005552  -0.899292  -0.431063  0.364383  2.000000  
186.870079 0.003612  0.082851  -0.003625  0.995289  0.096555  -0.008712  -0.014959  0.241740  0.970226  0.095787  -0.965525  0.242046  0.006958  -0.021052  -0.005657  -0.891837  -0.423997  0.363401  2.000000  
186.871331 0.003622  0.082824  -0.003632  0.995258  0.096905  -0.008472  -0.015368  0.242638  0.969995  0.096053  -0.965265  0.242976  0.007143  -0.021127  -0.005689  -0.880982  -0.414527  0.354948  2.000000  
186.872592 0.003632  0.082796  -0.003638  0.995225  0.097255  -0.008232  -0.015778  0.243535  0.969764  0.096319  -0.965004  0.243907  0.007265  -0.021165  -0.005712  -0.869407  -0.407481  0.353858  2.000000  
186.873828 0.003642  0.082769  -0.003645  0.995193  0.097606  -0.007992  -0.016187  0.244432  0.969531  0.096586  -0.964742  0.244837  0.007417  -0.021291  -0.005720  -0.858307  -0.394765  0.346769  2.000000  
186.874836 0.003651  0.082748  -0.003650  0.995164  0.097909  -0.007929  -0.016392  0.245113  0.969356  0.096852  -0.964538  0.245532  0.007581  -0.021289  -0.005639  -0.850775  -0.377524  0.345134  2.000000  
186.876081 0.003663  0.082721  -0.003656  0.995131  0.098261  -0.007679  -0.016801  0.245891  0.969152  0.097118  -0.964304  0.246345  0.007821  -0.021334  -0.005580  -0.836378  -0.368563  0.336794  2.000000  
186.877081 0.003672  0.082700  -0.003662  0.995098  0.098615  -0.007418  -0.017210  0.246551  0.968977  0.097385  -0.964099  0.247040  0.007936  -0.021385  -0.005573  -0.827519  -0.364576  0.338313  2.000000  
186.878331 0.003684  0.082673  -0.003668  0.995068  0.098918  -0.007369  -0.017415  0.247349  0.968770  0.097651  -0.963864  0.247852  0.008156  -0.021393  -0.005493  -0.817871  -0.347994  0.332635  2.000000  
186.879334 0.003693  0.082652  -0.003672  0.995048  0.099144  -0.007063  -0.017824  0.247894  0.968623  0.097784  -0.963701  0.248433  0.008254  -0.021433  -0.005449  -0.808867  -0.346019  0.325307  2.000000  
186.880586 0.003706  0.082625  -0.003679  0.995014  0.099498  -0.006815  -0.018233  0.248671  0.968416  0.098050  -0.963464  0.249245  0.008453  -0.021515  -0.005364  -0.794779  -0.336261  0.321379  2.000000  
186.881829 0.003718  0.082598  -0.003686  0.994984  0.099801  -0.006767  -0.018438  0.249467  0.968208  0.098317  -0.963227  0.250056  0.008663  -0.021588  -0.005371  -0.783713  -0.322598  0.318400  2.000000  
186.882832 0.003728  0.082576  -0.003691  0.994950  0.100158  -0.006496  -0.018847  0.250009  0.968060  0.098583  -0.963049  0.250634  0.008833  -0.021646  -0.005323  -0.770920  -0.311549  0.317974  2.000000  
186.884076 0.003740  0.082547  -0.003698  0.994929  0.100385  -0.006204  -0.019256  0.250669  0.967881  0.098716  -0.962854  0.251331  0.009027  -0.021733  -0.005283  -0.760633  -0.309875  0.311343  2.000000  
186.885079 0.003750  0.082525  -0.003703  0.994899  0.100691  -0.006133  -0.019460  0.251231  0.967732  0.098982  -0.962676  0.251909  0.009217  -0.021743  -0.005192  -0.747688  -0.298746  0.310837  2.000000  
186.886331 0.003764  0.082497  -0.003709  0.994864  0.101047  -0.005888  -0.019870  0.252006  0.967522  0.099249  -0.962436  0.252719  0.009473  -0.021791  -0.005170  -0.736165  -0.291790  0.309529  2.000000  
186.887577 0.003777  0.082468  -0.003715  0.994847  0.101223  -0.005796  -0.020074  0.252686  0.967340  0.099382  -0.962239  0.253416  0.009664  -0.021893  -0.005135  -0.723123  -0.276901  0.299510  2.000000  
186.888580 0.003787  0.082446  -0.003720  0.994812  0.101581  -0.005527  -0.020483  0.253226  0.967190  0.099648  -0.962059  0.253993  0.009806  -0.021927  -0.005091  -0.711262  -0.276796  0.299878  2.000000  
186.889582 0.003798  0.082423  -0.003725  0.994794  0.101760  -0.005412  -0.020688  0.253672  0.967069  0.099781  -0.961923  0.254456  0.009950  -0.022034  -0.005111  -0.697874  -0.266528  0.294774  2.000000  
186.890590 0.003810  0.082401  -0.003730  0.994763  0.102066  -0.005343  -0.020892  0.254232  0.966918  0.100048  -0.961743  0.255033  0.010129  -0.022072  -0.005053  -0.685899  -0.259488  0.293149  2.000000  
186.891834 0.003824  0.082372  -0.003736  0.994741  0.102296  -0.005041  -0.021301  0.254773  0.966766  0.100181  -0.961575  0.255612  0.010288  -0.022194  -0.005074  -0.670278  -0.254814  0.282995  2.000000  
186.893087 0.003838  0.082344  -0.003742  0.994706  0.102655  -0.004773  -0.021710  0.255312  0.966615  0.100447  -0.961394  0.256189  0.010465  -0.022341  -0.005017  -0.653821  -0.254540  0.283180  2.000000  
186.894331 0.003852  0.082315  -0.003748  0.994674  0.102962  -0.004705  -0.021914  0.255871  0.966462  0.100713  -0.961212  0.256765  0.010619  -0.022460  -0.005038  -0.638943  -0.241013  0.280043  2.000000  
186.895582 0.003866  0.082286  -0.003755  0.994638  0.103322  -0.004439  -0.022323  0.256409  0.966311  0.100979  -0.961030  0.257341  0.010729  -0.022604  -0.005062  -0.625477  -0.238804  0.277892  2.000000  
186.896584 0.003878  0.082263  -0.003759  0.994606  0.103630  -0.004359  -0.022528  0.256851  0.966188  0.101246  -0.960879  0.257800  0.010836  -0.022711  -0.004979  -0.614945  -0.233901  0.278645  2.000000  
186.897586 0.003889  0.082239  -0.003764  0.994583  0.103862  -0.004046  -0.022937  0.257274  0.966066  0.101379  -0.960741  0.258263  0.010914  -0.022839  -0.004920  -0.605178  -0.239576  0.273901  2.000000  
186.898592 0.003900  0.082215  -0.003769  0.994565  0.104042  -0.003932  -0.023141  0.257718  0.965943  0.101512  -0.960602  0.258725  0.010986  -0.022928  -0.004896  -0.595028  -0.229091  0.268461  2.000000  
186.899830 0.003914  0.082185  -0.003774  0.994533  0.104350  -0.003853  -0.023345  0.258159  0.965820  0.101778  -0.960450  0.259184  0.011104  -0.023029  -0.004846  -0.578732  -0.219332  0.269049  2.000000  
186.901078 0.003928  0.082155  -0.003780  0.994496  0.104711  -0.003588  -0.023754  0.258696  0.965667  0.102044  -0.960267  0.259759  0.011142  -0.023188  -0.004788  -0.563148  -0.222069  0.267173  2.000000  
186.902078 0.003939  0.082131  -0.003785  0.994478  0.104892  -0.003462  -0.023959  0.259023  0.965574  0.102177  -0.960159  0.260105  0.011223  -0.023267  -0.004806  -0.554317  -0.220079  0.265012  2.000000  
186.903330 0.003954  0.082100  -0.003791  0.994445  0.105200  -0.003384  -0.024163  0.259463  0.965451  0.102444  -0.960006  0.260564  0.011266  -0.023398  -0.004793  -0.534714  -0.213260  0.263453  2.000000  
186.904330 0.003965  0.082076  -0.003796  0.994413  0.105509  -0.003293  -0.024367  0.259787  0.965359  0.102710  -0.959885  0.260906  0.011317  -0.023507  -0.004821  -0.523773  -0.209478  0.259830  2.000000  
186.905582 0.003980  0.082045  -0.003803  0.994389  0.105743  -0.002982  -0.024776  0.260208  0.965235  0.102843  -0.959745  0.261368  0.011351  -0.023702  -0.004859  -0.510348  -0.214074  0.259406  2.000000  
186.906592 0.003992  0.082021  -0.003809  0.994356  0.106052  -0.002892  -0.024980  0.260531  0.965142  0.103109  -0.959623  0.261710  0.011373  -0.023819  -0.004938  -0.498790  -0.208984  0.259873  2.000000  
186.907831 0.004006  0.081990  -0.003816  0.994337  0.106233  -0.002780  -0.025184  0.260974  0.965017  0.103242  -0.959483  0.262172  0.011402  -0.023988  -0.004987  -0.487305  -0.203347  0.253955  2.000000  
186.909080 0.004021  0.081958  -0.003823  0.994305  0.106542  -0.002690  -0.025388  0.261297  0.964924  0.103508  -0.959360  0.262514  0.011414  -0.024205  -0.005072  -0.471202  -0.201575  0.252030  2.000000  
186.910081 0.004033  0.081933  -0.003828  0.994285  0.106724  -0.002565  -0.025592  0.261623  0.964831  0.103641  -0.959252  0.262859  0.011458  -0.024344  -0.005056  -0.459401  -0.197572  0.248100  2.000000  
186.911328 0.004047  0.081900  -0.003834  0.994252  0.107033  -0.002476  -0.025796  0.261945  0.964738  0.103907  -0.959129  0.263201  0.011511  -0.024563  -0.005113  -0.448102  -0.188043  0.248662  2.000000  
186.912335 0.004059  0.081874  -0.003839  0.994233  0.107215  -0.002339  -0.026001  0.262154  0.964676  0.104041  -0.959052  0.263430  0.011568  -0.024707  -0.005131  -0.431584  -0.190711  0.246596  2.000000  
186.913586 0.004074  0.081842  -0.003845  0.994214  0.107396  -0.002214  -0.026205  0.262480  0.964582  0.104174  -0.958942  0.263775  0.011584  -0.024880  -0.005129  -0.419733  -0.184965  0.240416  2.000000  
186.914594 0.004086  0.081815  -0.003851  0.994200  0.107524  -0.002276  -0.026205  0.262710  0.964519  0.104307  -0.958865  0.264004  0.011652  -0.025040  -0.005166  -0.408786  -0.171527  0.236872  2.000000  
186.915830 0.004101  0.081782  -0.003857  0.994167  0.107834  -0.002187  -0.026409  0.263032  0.964426  0.104573  -0.958742  0.264346  0.011707  -0.025258  -0.005236  -0.396642  -0.171453  0.237049  2.000000  
186.916833 0.004112  0.081756  -0.003863  0.994147  0.108016  -0.002050  -0.026613  0.263241  0.964363  0.104706  -0.958664  0.264575  0.011722  -0.025388  -0.005290  -0.385291  -0.169966  0.235177  2.000000  
186.918079 0.004128  0.081723  -0.003869  0.994128  0.108198  -0.001913  -0.026817  0.263449  0.964301  0.104839  -0.958586  0.264803  0.011790  -0.025565  -0.005301  -0.368811  -0.165790  0.231114  2.000000  
186.919327 0.004143  0.081691  -0.003876  0.994099  0.108453  -0.002010  -0.026816  0.263676  0.964239  0.105105  -0.958495  0.265028  0.011846  -0.025703  -0.005310  -0.353903  -0.152400  0.227625  2.000000  
186.920330 0.004155  0.081664  -0.003882  0.994080  0.108636  -0.001873  -0.027021  0.263884  0.964176  0.105238  -0.958417  0.265257  0.011905  -0.025844  -0.005346  -0.341673  -0.153496  0.223377  2.000000  
186.921581 0.004171  0.081631  -0.003888  0.994060  0.108818  -0.001737  -0.027225  0.264092  0.964113  0.105371  -0.958339  0.265486  0.011950  -0.025984  -0.005321  -0.331381  -0.145529  0.219759  2.000000  
186.922594 0.004183  0.081605  -0.003894  0.994046  0.108946  -0.001786  -0.027225  0.264205  0.964082  0.105504  -0.958293  0.265598  0.011964  -0.026080  -0.005279  -0.319851  -0.140010  0.213664  2.000000  
186.923828 0.004198  0.081572  -0.003900  0.994026  0.109128  -0.001649  -0.027429  0.264413  0.964019  0.105637  -0.958215  0.265827  0.012024  -0.026169  -0.005214  -0.308414  -0.134511  0.207642  2.000000  
186.924837 0.004211  0.081545  -0.003905  0.994012  0.109256  -0.001698  -0.027428  0.264527  0.963988  0.105770  -0.958170  0.265939  0.012052  -0.026245  -0.005225  -0.295296  -0.128881  0.207562  2.000000  
186.926080 0.004225  0.081512  -0.003911  0.993998  0.109383  -0.001760  -0.027428  0.264757  0.963925  0.105903  -0.958091  0.266168  0.012070  -0.026328  -0.005212  -0.286263  -0.115788  0.198072  2.000000  
186.927082 0.004238  0.081485  -0.003916  0.993978  0.109566  -0.001610  -0.027632  0.264848  0.963894  0.106036  -0.958045  0.266281  0.012108  -0.026398  -0.005246  -0.272242  -0.117836  0.195380  2.000000  
