1-Time 2-Px 3-Py 4-Pz 5-R11 6-R21 7-R31 8-R12 9-R22 10-R32 11-R13 12-R23 13-R33 14-Vx 15-Vy 16-Vz 17-Wx 18-Wy 19-Wz 20-state 21-PR11 22-PR21 23-PR31 24-PR12 25-PR22 26-PR32 27-PR13 28-PR23 29-PR33 
69.153623 0.004219  0.092298  -0.006674  0.996229  0.078034  -0.037932  -0.077476  0.996866  0.015968  0.039059  -0.012969  0.999153  -0.000131  -0.000085  -0.000090  0.000000  0.000000  0.000000  2.000000  
69.154628 0.004219  0.092298  -0.006674  0.996213  0.078240  -0.037929  -0.077681  0.996850  0.015975  0.039059  -0.012969  0.999153  -0.000100  -0.000058  -0.000070  0.000000  0.000000  0.000000  2.000000  
69.155628 0.004219  0.092297  -0.006675  0.996192  0.078447  -0.038059  -0.077886  0.996834  0.015994  0.039193  -0.012968  0.999148  -0.000089  -0.000139  -0.000139  0.000000  0.000000  0.000000  2.000000  
69.156634 0.004219  0.092295  -0.006676  0.996154  0.078859  -0.038186  -0.078296  0.996801  0.016020  0.039327  -0.012968  0.999142  -0.000114  -0.000267  -0.000184  0.000000  0.000000  0.000000  2.000000  
69.157884 0.004219  0.092293  -0.006676  0.996117  0.079276  -0.038303  -0.078706  0.996767  0.016167  0.039460  -0.013089  0.999135  -0.000047  -0.000391  -0.000202  0.000000  0.000000  0.000000  2.000000  
69.159130 0.004220  0.092290  -0.006677  0.996100  0.079481  -0.038299  -0.078911  0.996750  0.016175  0.039460  -0.013089  0.999135  0.000009  -0.000570  -0.000265  0.000000  0.000000  0.000000  2.000000  
69.160381 0.004221  0.092287  -0.006678  0.996041  0.080104  -0.038546  -0.079525  0.996699  0.016341  0.039728  -0.013211  0.999123  0.000052  -0.000745  -0.000294  0.000000  0.000000  0.000000  2.000000  
69.161392 0.004222  0.092286  -0.006678  0.995981  0.080724  -0.038802  -0.080139  0.996649  0.016386  0.039995  -0.013210  0.999113  0.000141  -0.000819  -0.000302  0.000000  0.000000  0.000000  2.000000  
69.162629 0.004222  0.092284  -0.006679  0.995921  0.081343  -0.039059  -0.080754  0.996599  0.016431  0.040263  -0.013210  0.999102  0.000177  -0.000971  -0.000341  0.000000  0.000000  0.000000  2.000000  
69.163629 0.004223  0.092282  -0.006679  0.995882  0.081755  -0.039185  -0.081163  0.996565  0.016458  0.040396  -0.013210  0.999096  0.000204  -0.001099  -0.000390  0.000000  0.000000  0.000000  2.000000  
69.164878 0.004223  0.092280  -0.006682  0.995821  0.082374  -0.039442  -0.081777  0.996514  0.016504  0.040664  -0.013210  0.999086  0.000223  -0.001218  -0.000582  0.000000  0.000000  0.000000  2.000000  
69.166132 0.004224  0.092279  -0.006684  0.995742  0.083198  -0.039694  -0.082596  0.996445  0.016559  0.040931  -0.013210  0.999075  0.000322  -0.001252  -0.000680  0.011522  0.069475  0.187567  2.000000  
69.167379 0.004224  0.092279  -0.006685  0.995686  0.083815  -0.039817  -0.083211  0.996394  0.016595  0.041065  -0.013210  0.999069  0.000368  -0.001285  -0.000773  0.012364  0.073707  0.208388  2.000000  
69.168379 0.004225  0.092278  -0.006687  0.995623  0.084434  -0.040073  -0.083825  0.996342  0.016642  0.041332  -0.013210  0.999058  0.000405  -0.001373  -0.000911  0.013117  0.081760  0.227391  2.000000  
69.169629 0.004225  0.092276  -0.006690  0.995560  0.085048  -0.040340  -0.084439  0.996291  0.016568  0.041599  -0.013088  0.999049  0.000420  -0.001512  -0.001059  0.010013  0.091169  0.250114  2.000000  
69.170876 0.004226  0.092273  -0.006694  0.995496  0.085667  -0.040596  -0.085053  0.996238  0.016616  0.041867  -0.013088  0.999037  0.000454  -0.001554  -0.001221  0.010881  0.099871  0.270917  2.000000  
69.172130 0.004226  0.092270  -0.006695  0.995427  0.086287  -0.040985  -0.085666  0.996184  0.016675  0.042268  -0.013088  0.999021  0.000444  -0.001611  -0.001296  0.011797  0.108605  0.291806  2.000000  
69.173132 0.004226  0.092267  -0.006696  0.995386  0.086699  -0.041112  -0.086076  0.996149  0.016704  0.042401  -0.013088  0.999015  0.000473  -0.001661  -0.001310  0.012096  0.112995  0.298735  2.000000  
69.174385 0.004226  0.092262  -0.006698  0.995316  0.087319  -0.041501  -0.086689  0.996094  0.016764  0.042802  -0.013088  0.998998  0.000426  -0.001839  -0.001364  0.013003  0.126197  0.319610  2.000000  
69.175629 0.004228  0.092257  -0.006699  0.995250  0.087938  -0.041757  -0.087303  0.996040  0.016813  0.043070  -0.013088  0.998986  0.000457  -0.002016  -0.001458  0.013898  0.134936  0.340511  2.000000  
69.176630 0.004229  0.092253  -0.006701  0.995203  0.088352  -0.042016  -0.087711  0.996003  0.016854  0.043337  -0.013087  0.998975  0.000461  -0.002204  -0.001551  0.014513  0.143750  0.354458  2.000000  
69.177879 0.004230  0.092247  -0.006702  0.995137  0.088970  -0.042272  -0.088325  0.995948  0.016903  0.043605  -0.013087  0.998963  0.000494  -0.002418  -0.001588  0.015441  0.147966  0.375231  2.000000  
69.178879 0.004230  0.092242  -0.006704  0.995113  0.089172  -0.042412  -0.088529  0.995932  0.016803  0.043738  -0.012966  0.998959  0.000502  -0.002636  -0.001592  0.011676  0.152394  0.382188  2.000000  
69.179880 0.004231  0.092237  -0.006706  0.995070  0.089584  -0.042539  -0.088938  0.995895  0.016832  0.043872  -0.012966  0.998953  0.000552  -0.002920  -0.001548  0.011988  0.156799  0.389156  2.000000  
69.181125 0.004233  0.092231  -0.006708  0.995022  0.089992  -0.042809  -0.089347  0.995860  0.016753  0.044139  -0.012845  0.998943  0.000590  -0.003222  -0.001609  0.012623  0.165752  0.403302  2.000000  
69.182127 0.004234  0.092226  -0.006710  0.994979  0.090399  -0.042946  -0.089756  0.995824  0.016662  0.044273  -0.012723  0.998938  0.000634  -0.003513  -0.001617  0.009145  0.170031  0.417018  2.000000  
69.183137 0.004234  0.092222  -0.006711  0.994955  0.090600  -0.043087  -0.089961  0.995808  0.016562  0.044407  -0.012602  0.998934  0.000640  -0.003789  -0.001613  0.005382  0.174375  0.423760  2.000000  
69.184380 0.004235  0.092216  -0.006713  0.994936  0.090800  -0.043094  -0.090165  0.995791  0.016450  0.044407  -0.012481  0.998936  0.000638  -0.004054  -0.001530  0.001308  0.174497  0.423983  2.000000  
69.185630 0.004236  0.092210  -0.006714  0.994912  0.091001  -0.043235  -0.090370  0.995774  0.016350  0.044540  -0.012360  0.998931  0.000690  -0.004239  -0.001415  -0.003003  0.174632  0.417109  2.000000  
69.186876 0.004236  0.092205  -0.006715  0.994893  0.091196  -0.043254  -0.090574  0.995759  0.016117  0.044540  -0.012117  0.998934  0.000677  -0.004437  -0.001395  -0.011327  0.168882  0.406768  2.000000  
69.188130 0.004235  0.092198  -0.006716  0.994875  0.091396  -0.043262  -0.090779  0.995742  0.016005  0.044540  -0.011996  0.998936  0.000609  -0.004579  -0.001338  -0.019545  0.165756  0.410012  2.000000  
69.189150 0.004234  0.092193  -0.006716  0.994875  0.091390  -0.043273  -0.090779  0.995744  0.015885  0.044540  -0.011875  0.998937  0.000528  -0.004641  -0.001251  -0.024164  0.161372  0.395910  2.000000  
69.190387 0.004233  0.092186  -0.006718  0.994856  0.091590  -0.043280  -0.090984  0.995727  0.015773  0.044540  -0.011754  0.998938  0.000344  -0.004792  -0.001239  -0.032567  0.152534  0.389049  2.000000  
69.191395 0.004232  0.092181  -0.006718  0.994856  0.091585  -0.043292  -0.090984  0.995729  0.015652  0.044540  -0.011633  0.998940  0.000208  -0.004880  -0.001151  -0.037478  0.148252  0.368080  2.000000  
69.192630 0.004229  0.092173  -0.006719  0.994856  0.091574  -0.043314  -0.090984  0.995733  0.015411  0.044540  -0.011390  0.998943  -0.000028  -0.005034  -0.001135  -0.046491  0.139662  0.347467  2.000000  
69.193880 0.004227  0.092166  -0.006719  0.994856  0.091569  -0.043325  -0.090984  0.995735  0.015290  0.044540  -0.011269  0.998944  -0.000258  -0.005070  -0.000994  -0.050994  0.134300  0.323912  2.000000  
69.194880 0.004225  0.092160  -0.006719  0.994843  0.091767  -0.043200  -0.091189  0.995718  0.015166  0.044407  -0.011148  0.998951  -0.000441  -0.005153  -0.000921  -0.056063  0.122118  0.312613  2.000000  
69.196128 0.004222  0.092152  -0.006719  0.994843  0.091762  -0.043211  -0.091189  0.995720  0.015045  0.044407  -0.011027  0.998953  -0.000748  -0.005309  -0.000762  -0.060487  0.112470  0.289376  2.000000  
69.197130 0.004219  0.092146  -0.006720  0.994843  0.091752  -0.043233  -0.091189  0.995724  0.014803  0.044407  -0.010785  0.998955  -0.000983  -0.005366  -0.000661  -0.070009  0.109188  0.270961  2.000000  
69.198382 0.004215  0.092138  -0.006721  0.994849  0.091745  -0.043111  -0.091190  0.995725  0.014670  0.044273  -0.010663  0.998963  -0.001260  -0.005475  -0.000672  -0.074940  0.095940  0.249998  2.000000  
69.199627 0.004212  0.092130  -0.006722  0.994855  0.091733  -0.043000  -0.091191  0.995729  0.014417  0.044139  -0.010421  0.998971  -0.001612  -0.005662  -0.000613  -0.079248  0.082077  0.227247  2.000000  
69.200875 0.004207  0.092122  -0.006725  0.994855  0.091723  -0.043023  -0.091191  0.995733  0.014175  0.044139  -0.010179  0.998974  -0.001909  -0.005794  -0.000645  -0.088189  0.073423  0.206561  2.000000  
69.201878 0.004203  0.092116  -0.006726  0.994855  0.091717  -0.043034  -0.091191  0.995734  0.014054  0.044139  -0.010058  0.998975  -0.002183  -0.005950  -0.000747  -0.093864  0.060801  0.187395  2.000000  
69.202880 0.004199  0.092110  -0.006728  0.994861  0.091711  -0.042912  -0.091191  0.995736  0.013921  0.044006  -0.009937  0.998982  -0.002440  -0.006009  -0.000805  -0.097726  0.051548  0.172029  2.000000  
69.204129 0.004194  0.092102  -0.006731  0.994861  0.091700  -0.042934  -0.091191  0.995739  0.013680  0.044006  -0.009694  0.998984  -0.002661  -0.006083  -0.000970  0.000000  0.000000  0.000000  2.000000  
69.205380 0.004188  0.092094  -0.006734  0.994861  0.091690  -0.042956  -0.091191  0.995743  0.013438  0.044006  -0.009452  0.998987  -0.002975  -0.006143  -0.001119  0.000000  0.000000  0.000000  2.000000  
69.206390 0.004184  0.092088  -0.006736  0.994866  0.091684  -0.042834  -0.091192  0.995744  0.013305  0.043872  -0.009331  0.998994  -0.003209  -0.006182  -0.001253  0.000000  0.000000  0.000000  2.000000  
69.207404 0.004179  0.092082  -0.006739  0.994866  0.091678  -0.042845  -0.091192  0.995746  0.013184  0.043872  -0.009210  0.998995  -0.003396  -0.006136  -0.001357  0.000000  0.000000  0.000000  2.000000  
69.208629 0.004173  0.092075  -0.006742  0.994866  0.091673  -0.042857  -0.091192  0.995748  0.013064  0.043872  -0.009088  0.998996  -0.003627  -0.006139  -0.001544  0.000000  0.000000  0.000000  2.000000  
69.209879 0.004166  0.092068  -0.006745  0.994861  0.091664  -0.043012  -0.091191  0.995751  0.012834  0.044006  -0.008846  0.998992  -0.003885  -0.006109  -0.001708  0.000000  0.000000  0.000000  2.000000  
69.210880 0.004162  0.092062  -0.006748  0.994842  0.091864  -0.043020  -0.091396  0.995733  0.012722  0.044006  -0.008725  0.998993  -0.004103  -0.006083  -0.001921  0.000000  0.000000  0.000000  2.000000  
69.211881 0.004157  0.092057  -0.006750  0.994842  0.091859  -0.043032  -0.091396  0.995735  0.012602  0.044006  -0.008604  0.998994  -0.004218  -0.006022  -0.002028  0.000000  0.000000  0.000000  2.000000  
69.212882 0.004152  0.092052  -0.006753  0.994842  0.091853  -0.043043  -0.091396  0.995736  0.012481  0.044006  -0.008482  0.998995  -0.004339  -0.005935  -0.002176  0.000000  0.000000  0.000000  2.000000  
69.214129 0.004146  0.092046  -0.006757  0.994842  0.091843  -0.043065  -0.091396  0.995739  0.012239  0.044006  -0.008240  0.998997  -0.004481  -0.005813  -0.002396  0.000000  0.000000  0.000000  2.000000  
69.215380 0.004140  0.092039  -0.006762  0.994817  0.092044  -0.043207  -0.091600  0.995722  0.012140  0.044139  -0.008119  0.998992  -0.004585  -0.005735  -0.002538  0.000000  0.000000  0.000000  2.000000  
69.216628 0.004135  0.092034  -0.006766  0.994817  0.092033  -0.043229  -0.091600  0.995725  0.011898  0.044139  -0.007877  0.998994  -0.004666  -0.005579  -0.002671  0.000000  0.000000  0.000000  2.000000  
69.217875 0.004130  0.092029  -0.006770  0.994798  0.092233  -0.043238  -0.091805  0.995707  0.011786  0.044139  -0.007755  0.998995  -0.004654  -0.005401  -0.002822  0.000000  0.000000  0.000000  2.000000  
69.218878 0.004126  0.092024  -0.006774  0.994798  0.092228  -0.043249  -0.091805  0.995709  0.011665  0.044139  -0.007634  0.998996  -0.004662  -0.005274  -0.002938  0.000000  0.000000  0.000000  2.000000  
69.220130 0.004121  0.092019  -0.006779  0.994773  0.092423  -0.043402  -0.092009  0.995692  0.011445  0.044273  -0.007392  0.998992  -0.004584  -0.005081  -0.002997  0.000000  0.000000  0.000000  2.000000  
69.221133 0.004117  0.092015  -0.006782  0.994773  0.092418  -0.043413  -0.092009  0.995694  0.011324  0.044273  -0.007271  0.998993  -0.004487  -0.004918  -0.003081  0.000000  0.000000  0.000000  2.000000  
69.222375 0.004113  0.092010  -0.006786  0.994754  0.092612  -0.043433  -0.092214  0.995677  0.011092  0.044273  -0.007028  0.998995  -0.004404  -0.004783  -0.003166  0.000000  0.000000  0.000000  2.000000  
69.223386 0.004110  0.092007  -0.006790  0.994735  0.092812  -0.043442  -0.092419  0.995660  0.010980  0.044273  -0.006907  0.998996  -0.004225  -0.004606  -0.003239  0.000000  0.000000  0.000000  2.000000  
69.224632 0.004106  0.092002  -0.006795  0.994716  0.093012  -0.043451  -0.092624  0.995642  0.010868  0.044273  -0.006786  0.998996  -0.004063  -0.004445  -0.003362  0.000000  0.000000  0.000000  2.000000  
69.225883 0.004103  0.091998  -0.006799  0.994716  0.093007  -0.043463  -0.092624  0.995643  0.010747  0.044273  -0.006665  0.998997  -0.003881  -0.004253  -0.003429  0.000000  0.000000  0.000000  2.000000  
69.227129 0.004100  0.091994  -0.006803  0.994697  0.093206  -0.043472  -0.092828  0.995625  0.010635  0.044273  -0.006544  0.998998  -0.003757  -0.004144  -0.003465  0.000000  0.000000  0.000000  2.000000  
69.228129 0.004097  0.091991  -0.006806  0.994672  0.093407  -0.043614  -0.093033  0.995607  0.010536  0.044407  -0.006422  0.998993  -0.003588  -0.003994  -0.003444  0.000000  0.000000  0.000000  2.000000  
69.229381 0.004094  0.091987  -0.006809  0.994653  0.093606  -0.043623  -0.093237  0.995589  0.010424  0.044407  -0.006301  0.998994  -0.003389  -0.003818  -0.003403  0.000000  0.000000  0.000000  2.000000  
69.230384 0.004092  0.091985  -0.006812  0.994634  0.093806  -0.043632  -0.093442  0.995571  0.010312  0.044407  -0.006180  0.998994  -0.003201  -0.003622  -0.003353  0.000000  0.000000  0.000000  2.000000  
69.231391 0.004090  0.091983  -0.006815  0.994640  0.093800  -0.043511  -0.093443  0.995573  0.010179  0.044273  -0.006059  0.999001  -0.003041  -0.003465  -0.003295  0.000000  0.000000  0.000000  2.000000  
69.232626 0.004087  0.091980  -0.006817  0.994621  0.094000  -0.043520  -0.093647  0.995555  0.010067  0.044273  -0.005938  0.999002  -0.002872  -0.003304  -0.003165  0.000000  0.000000  0.000000  2.000000  
69.233629 0.004086  0.091978  -0.006819  0.994601  0.094199  -0.043529  -0.093852  0.995536  0.009956  0.044273  -0.005817  0.999003  -0.002682  -0.003121  -0.003067  0.000000  0.000000  0.000000  2.000000  
69.234875 0.004084  0.091976  -0.006822  0.994582  0.094399  -0.043539  -0.094057  0.995518  0.009844  0.044273  -0.005695  0.999003  -0.002554  -0.002966  -0.002967  0.000000  0.000000  0.000000  2.000000  
69.235880 0.004083  0.091975  -0.006825  0.994563  0.094599  -0.043548  -0.094262  0.995500  0.009732  0.044273  -0.005574  0.999004  -0.002354  -0.002757  -0.002912  0.000000  0.000000  0.000000  2.000000  
69.237125 0.004081  0.091973  -0.006828  0.994543  0.094798  -0.043558  -0.094466  0.995482  0.009620  0.044273  -0.005453  0.999005  -0.002202  -0.002582  -0.002794  0.000000  0.000000  0.000000  2.000000  
69.238128 0.004080  0.091971  -0.006830  0.994524  0.094998  -0.043567  -0.094671  0.995463  0.009508  0.044273  -0.005332  0.999005  -0.002043  -0.002473  -0.002686  0.000000  0.000000  0.000000  2.000000  
69.239132 0.004079  0.091969  -0.006832  0.994524  0.094993  -0.043579  -0.094671  0.995464  0.009388  0.044273  -0.005211  0.999006  -0.001908  -0.002305  -0.002631  0.000000  0.000000  0.000000  2.000000  
69.240384 0.004077  0.091967  -0.006835  0.994504  0.095192  -0.043588  -0.094876  0.995446  0.009276  0.044273  -0.005089  0.999007  -0.001753  -0.002170  -0.002530  0.000000  0.000000  0.000000  2.000000  
69.241394 0.004076  0.091965  -0.006837  0.994485  0.095397  -0.043586  -0.095081  0.995426  0.009285  0.044273  -0.005089  0.999007  -0.001673  -0.002084  -0.002434  0.000000  0.000000  0.000000  2.000000  
69.242631 0.004074  0.091962  -0.006840  0.994465  0.095597  -0.043596  -0.095285  0.995408  0.009173  0.044273  -0.004968  0.999007  -0.001581  -0.002005  -0.002375  0.000000  0.000000  0.000000  2.000000  
69.243879 0.004073  0.091960  -0.006843  0.994445  0.095802  -0.043594  -0.095490  0.995388  0.009182  0.044273  -0.004968  0.999007  -0.001437  -0.001924  -0.002320  0.000000  0.000000  0.000000  2.000000  
69.245129 0.004071  0.091957  -0.006846  0.994426  0.096002  -0.043604  -0.095695  0.995369  0.009070  0.044273  -0.004847  0.999008  -0.001407  -0.001898  -0.002301  0.000000  0.000000  0.000000  2.000000  
69.246129 0.004070  0.091955  -0.006848  0.994420  0.096002  -0.043737  -0.095694  0.995369  0.009083  0.044407  -0.004847  0.999002  -0.001369  -0.001896  -0.002272  0.000000  0.000000  0.000000  2.000000  
69.247130 0.004067  0.091952  -0.006851  0.994400  0.096202  -0.043747  -0.095899  0.995351  0.008971  0.044407  -0.004726  0.999002  -0.001398  -0.001921  -0.002289  0.000000  0.000000  0.000000  2.000000  
69.248380 0.004065  0.091949  -0.006854  0.994380  0.096407  -0.043745  -0.096104  0.995331  0.008980  0.044407  -0.004726  0.999002  -0.001416  -0.001951  -0.002344  0.000000  0.000000  0.000000  2.000000  
69.249381 0.004063  0.091947  -0.006857  0.994360  0.096606  -0.043755  -0.096308  0.995312  0.008869  0.044407  -0.004605  0.999003  -0.001429  -0.001980  -0.002414  0.000000  0.000000  0.000000  2.000000  
69.250390 0.004060  0.091945  -0.006860  0.994360  0.096606  -0.043755  -0.096308  0.995312  0.008869  0.044407  -0.004605  0.999003  -0.001534  -0.002037  -0.002467  0.000000  0.000000  0.000000  2.000000  
69.251390 0.004058  0.091943  -0.006863  0.994341  0.096806  -0.043765  -0.096513  0.995293  0.008757  0.044407  -0.004484  0.999003  -0.001565  -0.002064  -0.002487  0.000000  0.000000  0.000000  2.000000  
69.252630 0.004055  0.091940  -0.006867  0.994335  0.096806  -0.043898  -0.096513  0.995293  0.008770  0.044540  -0.004484  0.998998  -0.001718  -0.002122  -0.002554  0.000000  0.000000  0.000000  2.000000  
69.253653 0.004053  0.091938  -0.006870  0.994315  0.097006  -0.043908  -0.096717  0.995274  0.008658  0.044540  -0.004362  0.998998  -0.001785  -0.002148  -0.002600  0.000000  0.000000  0.000000  2.000000  
69.254877 0.004049  0.091935  -0.006873  0.994315  0.097006  -0.043908  -0.096717  0.995274  0.008658  0.044540  -0.004362  0.998998  -0.001922  -0.002170  -0.002593  0.000000  0.000000  0.000000  2.000000  
69.255882 0.004046  0.091932  -0.006875  0.994289  0.097206  -0.044051  -0.096921  0.995255  0.008560  0.044674  -0.004241  0.998993  -0.002033  -0.002222  -0.002627  0.000000  0.000000  0.000000  2.000000  
69.257129 0.004042  0.091928  -0.006879  0.994289  0.097206  -0.044051  -0.096921  0.995255  0.008560  0.044674  -0.004241  0.998993  -0.002225  -0.002300  -0.002677  0.000000  0.000000  0.000000  2.000000  
69.258131 0.004038  0.091925  -0.006882  0.994263  0.097406  -0.044194  -0.097126  0.995236  0.008461  0.044808  -0.004120  0.998987  -0.002368  -0.002380  -0.002732  0.000000  0.000000  0.000000  2.000000  
69.259382 0.004034  0.091921  -0.006886  0.994263  0.097406  -0.044194  -0.097126  0.995236  0.008461  0.044808  -0.004120  0.998987  -0.002577  -0.002493  -0.002764  0.000000  0.000000  0.000000  2.000000  
69.260629 0.004028  0.091916  -0.006890  0.994257  0.097401  -0.044339  -0.097125  0.995237  0.008353  0.044941  -0.003999  0.998982  -0.002814  -0.002654  -0.002880  0.000000  0.000000  0.000000  2.000000  
69.261632 0.004024  0.091913  -0.006893  0.994237  0.097606  -0.044337  -0.097330  0.995217  0.008362  0.044941  -0.003999  0.998982  -0.002980  -0.002707  -0.002912  0.000000  0.000000  0.000000  2.000000  
69.262883 0.004019  0.091908  -0.006897  0.994231  0.097601  -0.044482  -0.097329  0.995218  0.008255  0.045075  -0.003878  0.998976  -0.003171  -0.002830  -0.002907  0.000000  0.000000  0.000000  2.000000  
69.264129 0.004013  0.091903  -0.006901  0.994225  0.097602  -0.044615  -0.097328  0.995218  0.008268  0.045209  -0.003878  0.998970  -0.003345  -0.002965  -0.002964  0.000000  0.000000  0.000000  2.000000  
69.265383 0.004007  0.091898  -0.006905  0.994199  0.097802  -0.044758  -0.097533  0.995199  0.008169  0.045342  -0.003756  0.998964  -0.003554  -0.003118  -0.003015  0.000000  0.000000  0.000000  2.000000  
69.266392 0.004003  0.091894  -0.006908  0.994193  0.097802  -0.044891  -0.097532  0.995199  0.008182  0.045476  -0.003756  0.998958  -0.003731  -0.003259  -0.003007  0.000000  0.000000  0.000000  2.000000  
69.267630 0.003997  0.091889  -0.006912  0.994187  0.097798  -0.045036  -0.097531  0.995200  0.008074  0.045610  -0.003635  0.998953  -0.003946  -0.003417  -0.003061  0.000000  0.000000  0.000000  2.000000  
69.268879 0.003990  0.091884  -0.006917  0.994167  0.098002  -0.045034  -0.097736  0.995180  0.008084  0.045610  -0.003635  0.998953  -0.004158  -0.003572  -0.003113  0.000000  0.000000  0.000000  2.000000  
69.270124 0.003984  0.091879  -0.006921  0.994155  0.097998  -0.045312  -0.097735  0.995180  0.007989  0.045877  -0.003514  0.998941  -0.004276  -0.003691  -0.003136  0.000000  0.000000  0.000000  2.000000  
69.271125 0.003979  0.091875  -0.006923  0.994155  0.097998  -0.045312  -0.097735  0.995180  0.007989  0.045877  -0.003514  0.998941  -0.004433  -0.003768  -0.003158  0.000000  0.000000  0.000000  2.000000  
69.272125 0.003974  0.091871  -0.006927  0.994148  0.097993  -0.045457  -0.097734  0.995181  0.007882  0.046010  -0.003393  0.998935  -0.004527  -0.003865  -0.003172  0.000000  0.000000  0.000000  2.000000  
69.273134 0.003969  0.091866  -0.006929  0.994122  0.098198  -0.045589  -0.097938  0.995161  0.007904  0.046144  -0.003393  0.998929  -0.004661  -0.003951  -0.003177  0.000000  0.000000  0.000000  2.000000  
69.274391 0.003962  0.091861  -0.006933  0.994116  0.098193  -0.045734  -0.097938  0.995162  0.007796  0.046278  -0.003272  0.998923  -0.004743  -0.003993  -0.003144  0.000000  0.000000  0.000000  2.000000  
69.275629 0.003956  0.091856  -0.006936  0.994104  0.098194  -0.046000  -0.097936  0.995162  0.007823  0.046545  -0.003271  0.998911  -0.004826  -0.004065  -0.003106  0.000000  0.000000  0.000000  2.000000  
69.276881 0.003950  0.091850  -0.006939  0.994077  0.098394  -0.046143  -0.098141  0.995143  0.007725  0.046679  -0.003150  0.998905  -0.004887  -0.004104  -0.003012  0.000000  0.000000  0.000000  2.000000  
69.278130 0.003944  0.091845  -0.006942  0.994071  0.098388  -0.046288  -0.098140  0.995143  0.007617  0.046812  -0.003029  0.998899  -0.004885  -0.004106  -0.002924  0.000000  0.000000  0.000000  2.000000  
69.279382 0.003938  0.091840  -0.006945  0.994045  0.098594  -0.046419  -0.098344  0.995123  0.007640  0.046946  -0.003029  0.998893  -0.004929  -0.004142  -0.002857  0.000000  0.000000  0.000000  2.000000  
69.280631 0.003933  0.091835  -0.006948  0.994038  0.098588  -0.046564  -0.098343  0.995124  0.007532  0.047080  -0.002908  0.998887  -0.004896  -0.004130  -0.002789  0.000000  0.000000  0.000000  2.000000  
69.281877 0.003928  0.091830  -0.006951  0.994005  0.098794  -0.046829  -0.098547  0.995104  0.007568  0.047347  -0.002908  0.998874  -0.004832  -0.004120  -0.002694  0.000000  0.000000  0.000000  2.000000  
69.282881 0.003924  0.091827  -0.006953  0.994005  0.098788  -0.046841  -0.098547  0.995105  0.007447  0.047347  -0.002787  0.998875  -0.004771  -0.004066  -0.002654  0.000000  0.000000  0.000000  2.000000  
69.284125 0.003919  0.091822  -0.006957  0.993979  0.098988  -0.046984  -0.098751  0.995085  0.007349  0.047481  -0.002666  0.998869  -0.004714  -0.004048  -0.002620  0.000000  0.000000  0.000000  2.000000  
69.285162 0.003915  0.091819  -0.006959  0.993972  0.098988  -0.047117  -0.098750  0.995085  0.007363  0.047614  -0.002666  0.998862  -0.004584  -0.003994  -0.002519  0.000000  0.000000  0.000000  2.000000  
69.286382 0.003910  0.091815  -0.006962  0.993946  0.099188  -0.047261  -0.098954  0.995065  0.007265  0.047748  -0.002544  0.998856  -0.004506  -0.003941  -0.002517  0.000000  0.000000  0.000000  2.000000  
69.287628 0.003906  0.091811  -0.006965  0.993919  0.099387  -0.047404  -0.099158  0.995046  0.007167  0.047882  -0.002423  0.998850  -0.004358  -0.003840  -0.002505  0.000000  0.000000  0.000000  2.000000  
69.288877 0.003902  0.091807  -0.006968  0.993892  0.099587  -0.047548  -0.099362  0.995026  0.007070  0.048015  -0.002302  0.998844  -0.004193  -0.003711  -0.002440  0.000000  0.000000  0.000000  2.000000  
69.289882 0.003899  0.091804  -0.006970  0.993886  0.099587  -0.047681  -0.099361  0.995026  0.007083  0.048149  -0.002302  0.998838  -0.004026  -0.003612  -0.002365  0.000000  0.000000  0.000000  2.000000  
69.290882 0.003896  0.091802  -0.006972  0.993865  0.099786  -0.047691  -0.099566  0.995007  0.006972  0.048149  -0.002181  0.998838  -0.003916  -0.003514  -0.002384  0.000000  0.000000  0.000000  2.000000  
69.292129 0.003893  0.091799  -0.006974  0.993838  0.099985  -0.047835  -0.099770  0.994987  0.006874  0.048283  -0.002060  0.998832  -0.003749  -0.003381  -0.002320  0.000000  0.000000  0.000000  2.000000  
69.293384 0.003889  0.091796  -0.006977  0.993811  0.100185  -0.047979  -0.099974  0.994967  0.006777  0.048416  -0.001938  0.998825  -0.003564  -0.003235  -0.002331  0.000000  0.000000  0.000000  2.000000  
69.294385 0.003887  0.091794  -0.006979  0.993791  0.100389  -0.047977  -0.100179  0.994946  0.006787  0.048416  -0.001938  0.998825  -0.003410  -0.003101  -0.002232  0.000000  0.000000  0.000000  2.000000  
69.295629 0.003884  0.091791  -0.006981  0.993764  0.100589  -0.048121  -0.100382  0.994926  0.006690  0.048550  -0.001817  0.998819  -0.003215  -0.002928  -0.002194  0.000000  0.000000  0.000000  2.000000  
69.296630 0.003882  0.091789  -0.006983  0.993743  0.100788  -0.048132  -0.100587  0.994907  0.006579  0.048550  -0.001696  0.998819  -0.003074  -0.002776  -0.002200  0.000000  0.000000  0.000000  2.000000  
69.297877 0.003880  0.091787  -0.006985  0.993716  0.100987  -0.048276  -0.100791  0.994887  0.006481  0.048683  -0.001575  0.998813  -0.002920  -0.002655  -0.002139  0.000000  0.000000  0.000000  2.000000  
69.299129 0.003878  0.091785  -0.006988  0.993695  0.101186  -0.048287  -0.100996  0.994866  0.006371  0.048683  -0.001454  0.998813  -0.002717  -0.002464  -0.002059  0.000000  0.000000  0.000000  2.000000  
69.300381 0.003875  0.091783  -0.006990  0.993674  0.101385  -0.048298  -0.101200  0.994846  0.006260  0.048683  -0.001333  0.998813  -0.002566  -0.002286  -0.002013  0.000000  0.000000  0.000000  2.000000  
69.301390 0.003873  0.091782  -0.006992  0.993653  0.101584  -0.048309  -0.101405  0.994826  0.006149  0.048683  -0.001212  0.998814  -0.002427  -0.002180  -0.001966  0.000000  0.000000  0.000000  2.000000  
69.302627 0.003871  0.091780  -0.006993  0.993626  0.101783  -0.048453  -0.101609  0.994806  0.006052  0.048817  -0.001090  0.998807  -0.002307  -0.002043  -0.001886  0.000000  0.000000  0.000000  2.000000  
69.303877 0.003869  0.091778  -0.006996  0.993605  0.101982  -0.048464  -0.101813  0.994786  0.005941  0.048817  -0.000969  0.998807  -0.002198  -0.001948  -0.001905  0.000000  0.000000  0.000000  2.000000  
69.304877 0.003868  0.091777  -0.006998  0.993584  0.102181  -0.048475  -0.102018  0.994765  0.005831  0.048817  -0.000848  0.998807  -0.002080  -0.001800  -0.001880  0.000000  0.000000  0.000000  2.000000  
69.305880 0.003866  0.091776  -0.007000  0.993563  0.102380  -0.048486  -0.102222  0.994745  0.005720  0.048817  -0.000727  0.998807  -0.001997  -0.001697  -0.001831  0.000000  0.000000  0.000000  2.000000  
69.307130 0.003864  0.091774  -0.007002  0.993542  0.102579  -0.048498  -0.102427  0.994725  0.005609  0.048817  -0.000606  0.998808  -0.001889  -0.001601  -0.001861  0.000000  0.000000  0.000000  2.000000  
69.308132 0.003863  0.091773  -0.007004  0.993521  0.102777  -0.048509  -0.102631  0.994704  0.005499  0.048817  -0.000485  0.998808  -0.001797  -0.001521  -0.001801  0.000000  0.000000  0.000000  2.000000  
69.309382 0.003861  0.091771  -0.007006  0.993500  0.102976  -0.048520  -0.102836  0.994684  0.005388  0.048817  -0.000363  0.998808  -0.001749  -0.001479  -0.001849  0.000000  0.000000  0.000000  2.000000  
69.310385 0.003859  0.091770  -0.007008  0.993479  0.103175  -0.048532  -0.103040  0.994663  0.005277  0.048817  -0.000242  0.998808  -0.001724  -0.001426  -0.001849  0.000000  0.000000  0.000000  2.000000  
69.311393 0.003858  0.091769  -0.007010  0.993457  0.103374  -0.048543  -0.103245  0.994643  0.005167  0.048817  -0.000121  0.998808  -0.001654  -0.001395  -0.001798  0.000000  0.000000  0.000000  2.000000  
69.312633 0.003856  0.091767  -0.007012  0.993436  0.103567  -0.048567  -0.103449  0.994622  0.004935  0.048817  0.000121  0.998808  -0.001624  -0.001369  -0.001779  0.000000  0.000000  0.000000  2.000000  
69.313879 0.003854  0.091765  -0.007014  0.993415  0.103766  -0.048579  -0.103654  0.994602  0.004825  0.048817  0.000242  0.998808  -0.001617  -0.001393  -0.001770  0.000000  0.000000  0.000000  2.000000  
69.315125 0.003851  0.091762  -0.007016  0.993393  0.103965  -0.048590  -0.103858  0.994581  0.004714  0.048817  0.000363  0.998808  -0.001612  -0.001420  -0.001750  -0.092926  0.039992  0.171622  2.000000  
69.316127 0.003849  0.091761  -0.007017  0.993393  0.103959  -0.048603  -0.103858  0.994581  0.004594  0.048817  0.000485  0.998808  -0.001623  -0.001415  -0.001727  0.000000  0.000000  0.000000  2.000000  
69.317375 0.003847  0.091759  -0.007020  0.993372  0.104152  -0.048627  -0.104063  0.994561  0.004362  0.048817  0.000727  0.998807  -0.001635  -0.001470  -0.001761  0.000000  0.000000  0.000000  2.000000  
69.318382 0.003845  0.091757  -0.007022  0.993350  0.104351  -0.048639  -0.104268  0.994540  0.004252  0.048817  0.000848  0.998807  -0.001662  -0.001493  -0.001789  0.000000  0.000000  0.000000  2.000000  
69.319631 0.003843  0.091755  -0.007024  0.993329  0.104544  -0.048663  -0.104472  0.994520  0.004020  0.048817  0.001090  0.998807  -0.001698  -0.001540  -0.001764  0.000000  0.000000  0.000000  2.000000  
69.320875 0.003840  0.091752  -0.007026  0.993307  0.104742  -0.048675  -0.104676  0.994499  0.003910  0.048817  0.001212  0.998807  -0.001723  -0.001592  -0.001765  0.000000  0.000000  0.000000  2.000000  
69.321877 0.003838  0.091750  -0.007029  0.993307  0.104731  -0.048701  -0.104676  0.994500  0.003669  0.048817  0.001454  0.998807  -0.001745  -0.001641  -0.001775  0.000000  0.000000  0.000000  2.000000  
69.322883 0.003836  0.091748  -0.007031  0.993279  0.104929  -0.048846  -0.104880  0.994478  0.003572  0.048951  0.001575  0.998800  -0.001836  -0.001720  -0.001834  0.000000  0.000000  0.000000  2.000000  
69.324129 0.003833  0.091745  -0.007033  0.993258  0.105122  -0.048870  -0.105085  0.994458  0.003341  0.048951  0.001817  0.998800  -0.001851  -0.001792  -0.001833  0.000000  0.000000  0.000000  2.000000  
69.325130 0.003831  0.091743  -0.007035  0.993258  0.105116  -0.048883  -0.105085  0.994458  0.003220  0.048951  0.001938  0.998799  -0.001919  -0.001870  -0.001840  0.000000  0.000000  0.000000  2.000000  
69.326377 0.003828  0.091739  -0.007038  0.993236  0.105309  -0.048908  -0.105289  0.994437  0.002989  0.048951  0.002181  0.998799  -0.002002  -0.001969  -0.001880  0.000000  0.000000  0.000000  2.000000  
69.327383 0.003825  0.091737  -0.007040  0.993236  0.105303  -0.048921  -0.105289  0.994438  0.002868  0.048951  0.002302  0.998799  -0.002056  -0.002050  -0.001920  0.000000  0.000000  0.000000  2.000000  
69.328631 0.003822  0.091733  -0.007043  0.993208  0.105502  -0.049066  -0.105493  0.994416  0.002772  0.049084  0.002423  0.998792  -0.002123  -0.002148  -0.001990  0.000000  0.000000  0.000000  2.000000  
69.329633 0.003820  0.091730  -0.007045  0.993208  0.105490  -0.049092  -0.105493  0.994417  0.002531  0.049084  0.002665  0.998791  -0.002150  -0.002207  -0.002013  0.000000  0.000000  0.000000  2.000000  
69.330633 0.003817  0.091727  -0.007047  0.993186  0.105689  -0.049104  -0.105698  0.994395  0.002420  0.049084  0.002786  0.998791  -0.002248  -0.002308  -0.002028  0.000000  0.000000  0.000000  2.000000  
69.331637 0.003814  0.091725  -0.007049  0.993186  0.105683  -0.049117  -0.105698  0.994396  0.002300  0.049084  0.002908  0.998790  -0.002309  -0.002360  -0.002067  0.000000  0.000000  0.000000  2.000000  
69.332878 0.003811  0.091721  -0.007052  0.993158  0.105875  -0.049275  -0.105901  0.994374  0.002083  0.049218  0.003150  0.998783  -0.002364  -0.002438  -0.002098  0.000000  0.000000  0.000000  2.000000  
69.334125 0.003807  0.091718  -0.007054  0.993136  0.106074  -0.049287  -0.106106  0.994353  0.001972  0.049218  0.003271  0.998783  -0.002401  -0.002525  -0.002104  0.000000  0.000000  0.000000  2.000000  
69.335125 0.003804  0.091714  -0.007056  0.993136  0.106062  -0.049313  -0.106106  0.994353  0.001731  0.049218  0.003513  0.998782  -0.002478  -0.002593  -0.002064  0.000000  0.000000  0.000000  2.000000  
69.336130 0.003802  0.091712  -0.007059  0.993108  0.106260  -0.049458  -0.106310  0.994332  0.001635  0.049352  0.003634  0.998775  -0.002522  -0.002638  -0.002101  0.000000  0.000000  0.000000  2.000000  
69.337382 0.003798  0.091709  -0.007061  0.993108  0.106254  -0.049471  -0.106310  0.994332  0.001514  0.049352  0.003756  0.998774  -0.002576  -0.002693  -0.002080  0.000000  0.000000  0.000000  2.000000  
69.338627 0.003795  0.091705  -0.007064  0.993086  0.106447  -0.049497  -0.106514  0.994310  0.001283  0.049352  0.003998  0.998773  -0.002613  -0.002695  -0.002109  0.000000  0.000000  0.000000  2.000000  
69.339636 0.003792  0.091703  -0.007065  0.993079  0.106440  -0.049642  -0.106513  0.994311  0.001177  0.049485  0.004119  0.998766  -0.002648  -0.002740  -0.002084  0.000000  0.000000  0.000000  2.000000  
69.340882 0.003789  0.091699  -0.007068  0.993079  0.106428  -0.049668  -0.106513  0.994311  0.000935  0.049485  0.004361  0.998765  -0.002725  -0.002755  -0.002060  0.000000  0.000000  0.000000  2.000000  
69.342131 0.003785  0.091696  -0.007070  0.993051  0.106620  -0.049827  -0.106717  0.994289  0.000719  0.049619  0.004604  0.998758  -0.002735  -0.002732  -0.002071  0.000000  0.000000  0.000000  2.000000  
69.343384 0.003782  0.091693  -0.007072  0.993051  0.106614  -0.049840  -0.106717  0.994289  0.000598  0.049619  0.004725  0.998757  -0.002716  -0.002701  -0.002016  0.000000  0.000000  0.000000  2.000000  
69.344384 0.003779  0.091691  -0.007074  0.993029  0.106807  -0.049866  -0.106921  0.994267  0.000367  0.049619  0.004967  0.998756  -0.002737  -0.002674  -0.001991  0.000000  0.000000  0.000000  2.000000  
69.345385 0.003777  0.091688  -0.007076  0.993022  0.106800  -0.050011  -0.106921  0.994268  0.000261  0.049753  0.005088  0.998749  -0.002715  -0.002680  -0.001969  0.000000  0.000000  0.000000  2.000000  
69.346396 0.003774  0.091686  -0.007077  0.993000  0.106992  -0.050037  -0.107125  0.994246  0.000030  0.049753  0.005330  0.998747  -0.002689  -0.002614  -0.001915  0.000000  0.000000  0.000000  2.000000  
69.347632 0.003771  0.091683  -0.007079  0.993000  0.106986  -0.050050  -0.107125  0.994246  -0.000091  0.049753  0.005452  0.998747  -0.002665  -0.002547  -0.001861  0.000000  0.000000  0.000000  2.000000  
69.348634 0.003769  0.091682  -0.007080  0.992993  0.106973  -0.050209  -0.107124  0.994246  -0.000317  0.049886  0.005694  0.998739  -0.002605  -0.002454  -0.001787  0.000000  0.000000  0.000000  2.000000  
69.349881 0.003767  0.091679  -0.007082  0.992971  0.107166  -0.050235  -0.107329  0.994223  -0.000548  0.049886  0.005936  0.998737  -0.002544  -0.002401  -0.001747  0.000000  0.000000  0.000000  2.000000  
69.351125 0.003765  0.091677  -0.007084  0.992949  0.107365  -0.050248  -0.107533  0.994201  -0.000659  0.049886  0.006057  0.998737  -0.002486  -0.002333  -0.001666  0.000000  0.000000  0.000000  2.000000  
69.352127 0.003763  0.091676  -0.007084  0.992942  0.107352  -0.050407  -0.107533  0.994201  -0.000885  0.050020  0.006300  0.998728  -0.002382  -0.002215  -0.001604  0.000000  0.000000  0.000000  2.000000  
69.353130 0.003761  0.091674  -0.007086  0.992942  0.107345  -0.050420  -0.107533  0.994201  -0.001006  0.050020  0.006421  0.998728  -0.002331  -0.002157  -0.001529  0.000000  0.000000  0.000000  2.000000  
69.354378 0.003759  0.091673  -0.007087  0.992920  0.107538  -0.050446  -0.107737  0.994179  -0.001237  0.050020  0.006663  0.998726  -0.002219  -0.001997  -0.001465  0.000000  0.000000  0.000000  2.000000  
69.355630 0.003758  0.091672  -0.007088  0.992898  0.107736  -0.050460  -0.107941  0.994156  -0.001347  0.050020  0.006784  0.998725  -0.002057  -0.001873  -0.001404  0.000000  0.000000  0.000000  2.000000  
69.356634 0.003757  0.091671  -0.007089  0.992891  0.107723  -0.050619  -0.107941  0.994156  -0.001574  0.050153  0.007026  0.998717  -0.001962  -0.001789  -0.001342  0.000000  0.000000  0.000000  2.000000  
69.357884 0.003755  0.091670  -0.007090  0.992869  0.107922  -0.050632  -0.108145  0.994134  -0.001684  0.050153  0.007147  0.998716  -0.001862  -0.001657  -0.001239  0.000000  0.000000  0.000000  2.000000  
69.359132 0.003755  0.091669  -0.007091  0.992869  0.107909  -0.050658  -0.108145  0.994133  -0.001925  0.050153  0.007390  0.998714  -0.001677  -0.001498  -0.001121  0.000000  0.000000  0.000000  2.000000  
69.360150 0.003754  0.091668  -0.007091  0.992847  0.108108  -0.050672  -0.108349  0.994111  -0.002035  0.050153  0.007511  0.998713  -0.001529  -0.001339  -0.001030  0.000000  0.000000  0.000000  2.000000  
69.361394 0.003754  0.091668  -0.007092  0.992825  0.108300  -0.050699  -0.108554  0.994088  -0.002266  0.050153  0.007753  0.998711  -0.001379  -0.001193  -0.000979  0.000000  0.000000  0.000000  2.000000  
69.362631 0.003753  0.091668  -0.007093  0.992825  0.108294  -0.050712  -0.108554  0.994088  -0.002386  0.050153  0.007874  0.998710  -0.001184  -0.001039  -0.000895  0.000000  0.000000  0.000000  2.000000  
69.363632 0.003753  0.091667  -0.007093  0.992796  0.108492  -0.050858  -0.108758  0.994065  -0.002482  0.050287  0.007995  0.998703  -0.001093  -0.000960  -0.000837  0.000000  0.000000  0.000000  2.000000  
69.364876 0.003753  0.091667  -0.007094  0.992796  0.108479  -0.050885  -0.108758  0.994065  -0.002723  0.050287  0.008238  0.998701  -0.000894  -0.000786  -0.000797  0.000000  0.000000  0.000000  2.000000  
69.365878 0.003754  0.091667  -0.007095  0.992773  0.108678  -0.050898  -0.108962  0.994042  -0.002833  0.050287  0.008359  0.998700  -0.000741  -0.000668  -0.000745  0.000000  0.000000  0.000000  2.000000  
69.367126 0.003754  0.091667  -0.007095  0.992751  0.108876  -0.050912  -0.109166  0.994019  -0.002943  0.050287  0.008480  0.998699  -0.000625  -0.000582  -0.000708  0.000000  0.000000  0.000000  2.000000  
69.368380 0.003754  0.091667  -0.007096  0.992751  0.108870  -0.050925  -0.109166  0.994019  -0.003064  0.050287  0.008601  0.998698  -0.000468  -0.000461  -0.000654  0.000000  0.000000  0.000000  2.000000  
69.369628 0.003754  0.091667  -0.007097  0.992728  0.109062  -0.050952  -0.109371  0.993996  -0.003295  0.050287  0.008843  0.998696  -0.000319  -0.000375  -0.000590  0.000000  0.000000  0.000000  2.000000  
69.370879 0.003755  0.091667  -0.007097  0.992706  0.109261  -0.050966  -0.109575  0.993973  -0.003405  0.050287  0.008965  0.998695  -0.000157  -0.000251  -0.000534  0.000000  0.000000  0.000000  2.000000  
