1-Time 2-Px 3-Py 4-Pz 5-R11 6-R21 7-R31 8-R12 9-R22 10-R32 11-R13 12-R23 13-R33 14-Vx 15-Vy 16-Vz 17-Wx 18-Wy 19-Wz 20-state 21-PR11 22-PR21 23-PR31 24-PR12 25-PR22 26-PR32 27-PR13 28-PR23 29-PR33 
72.063309 0.006151  0.091547  -0.014449  0.993540  0.093853  -0.063789  -0.094578  0.995482  -0.008427  0.062710  0.014405  0.997928  0.000046  0.000182  0.000061  0.000000  0.000000  0.000000  2.000000  
72.064558 0.006151  0.091546  -0.014449  0.993521  0.094058  -0.063791  -0.094782  0.995462  -0.008414  0.062710  0.014405  0.997928  0.000055  0.000158  0.000070  0.000000  0.000000  0.000000  2.000000  
72.065560 0.006152  0.091545  -0.014449  0.993501  0.094263  -0.063793  -0.094987  0.995443  -0.008401  0.062710  0.014405  0.997928  0.000135  0.000082  0.000089  0.000000  0.000000  0.000000  2.000000  
72.066810 0.006153  0.091543  -0.014449  0.993445  0.094669  -0.064062  -0.095394  0.995405  -0.008349  0.062977  0.014405  0.997911  0.000213  -0.000073  0.000069  0.000000  0.000000  0.000000  2.000000  
72.067816 0.006154  0.091542  -0.014449  0.993426  0.094874  -0.064064  -0.095599  0.995385  -0.008336  0.062977  0.014405  0.997911  0.000310  -0.000199  0.000107  0.000000  0.000000  0.000000  2.000000  
72.069068 0.006157  0.091539  -0.014449  0.993398  0.095077  -0.064199  -0.095802  0.995366  -0.008310  0.063111  0.014405  0.997903  0.000481  -0.000353  0.000108  0.000000  0.000000  0.000000  2.000000  
72.070337 0.006159  0.091538  -0.014448  0.993321  0.095688  -0.064469  -0.096414  0.995307  -0.008244  0.063378  0.014405  0.997886  0.000639  -0.000504  0.000146  0.000000  0.000000  0.000000  2.000000  
72.071563 0.006162  0.091536  -0.014448  0.993245  0.096299  -0.064740  -0.097026  0.995248  -0.008178  0.063645  0.014405  0.997869  0.000832  -0.000607  0.000158  0.000000  0.000000  0.000000  2.000000  
72.072816 0.006164  0.091534  -0.014448  0.993156  0.097116  -0.064880  -0.097843  0.995169  -0.008112  0.063779  0.014404  0.997860  0.000992  -0.000816  0.000110  0.000000  0.000000  0.000000  2.000000  
72.073820 0.006166  0.091532  -0.014450  0.993107  0.097524  -0.065016  -0.098251  0.995129  -0.008072  0.063912  0.014404  0.997852  0.001074  -0.000927  -0.000003  0.000000  0.000000  0.000000  2.000000  
72.075066 0.006168  0.091531  -0.014453  0.993009  0.098332  -0.065300  -0.099067  0.995048  -0.008113  0.064179  0.014525  0.997833  0.001224  -0.001021  -0.000209  0.000000  0.000000  0.000000  2.000000  
72.076317 0.006170  0.091530  -0.014455  0.992930  0.098943  -0.065571  -0.099679  0.994987  -0.008046  0.064446  0.014525  0.997815  0.001321  -0.001113  -0.000406  0.000000  0.000000  0.000000  2.000000  
72.077328 0.006171  0.091529  -0.014456  0.992860  0.099555  -0.065709  -0.100291  0.994926  -0.007992  0.064580  0.014525  0.997807  0.001413  -0.001169  -0.000471  0.015098  0.056440  0.171699  2.000000  
72.078565 0.006173  0.091526  -0.014459  0.992739  0.100575  -0.065983  -0.101311  0.994823  -0.007897  0.064847  0.014524  0.997790  0.001509  -0.001365  -0.000662  0.013264  0.065951  0.206172  2.000000  
72.079810 0.006175  0.091523  -0.014463  0.992647  0.101385  -0.066134  -0.102128  0.994740  -0.007950  0.064980  0.014645  0.997779  0.001570  -0.001543  -0.000977  0.010975  0.070878  0.233763  2.000000  
72.080810 0.006177  0.091521  -0.014465  0.992566  0.101995  -0.066405  -0.102739  0.994677  -0.007881  0.065247  0.014645  0.997762  0.001672  -0.001576  -0.001077  0.012336  0.080167  0.254322  2.000000  
72.081811 0.006179  0.091519  -0.014465  0.992494  0.102607  -0.066542  -0.103351  0.994614  -0.007827  0.065381  0.014645  0.997753  0.001713  -0.001632  -0.001134  0.013688  0.084981  0.275015  2.000000  
72.083063 0.006181  0.091515  -0.014466  0.992391  0.103414  -0.066827  -0.104167  0.994529  -0.007864  0.065648  0.014766  0.997734  0.001741  -0.001731  -0.001107  0.011849  0.098973  0.309266  2.000000  
72.084308 0.006184  0.091510  -0.014466  0.992296  0.104231  -0.066966  -0.104983  0.994443  -0.007795  0.065781  0.014766  0.997725  0.001735  -0.001968  -0.001177  0.013541  0.103043  0.334118  2.000000  
72.085312 0.006186  0.091505  -0.014466  0.992213  0.104833  -0.067249  -0.105594  0.994378  -0.007846  0.066048  0.014886  0.997705  0.001814  -0.002143  -0.001197  0.010957  0.113196  0.357396  2.000000  
72.086315 0.006189  0.091501  -0.014465  0.992139  0.105437  -0.067399  -0.106206  0.994313  -0.007911  0.066182  0.015007  0.997695  0.001863  -0.002365  -0.001180  0.008242  0.117999  0.377964  2.000000  
72.087330 0.006192  0.091496  -0.014464  0.992056  0.106039  -0.067683  -0.106817  0.994247  -0.007962  0.066449  0.015128  0.997675  0.001905  -0.002575  -0.001125  0.001482  0.127236  0.398347  2.000000  
72.088562 0.006195  0.091489  -0.014464  0.991981  0.106643  -0.067833  -0.107428  0.994180  -0.008026  0.066582  0.015249  0.997664  0.001963  -0.002899  -0.000962  -0.000804  0.136750  0.426095  2.000000  
72.089562 0.006198  0.091484  -0.014464  0.991928  0.107042  -0.067982  -0.107836  0.994136  -0.008104  0.066716  0.015370  0.997654  0.002037  -0.003144  -0.000837  -0.003956  0.141468  0.439795  2.000000  
72.090564 0.006201  0.091479  -0.014463  0.991852  0.107646  -0.068133  -0.108448  0.994069  -0.008168  0.066849  0.015491  0.997643  0.002161  -0.003430  -0.000625  -0.006658  0.146298  0.460417  2.000000  
72.091811 0.006204  0.091472  -0.014463  0.991776  0.108249  -0.068284  -0.109059  0.994001  -0.008232  0.066983  0.015612  0.997632  0.002221  -0.003870  -0.000446  -0.009357  0.151137  0.481061  2.000000  
72.092812 0.006206  0.091466  -0.014462  0.991731  0.108650  -0.068300  -0.109467  0.993956  -0.008325  0.066983  0.015733  0.997630  0.002277  -0.004163  -0.000329  -0.012087  0.151473  0.501743  2.000000  
72.093815 0.006208  0.091459  -0.014461  0.991686  0.109051  -0.068317  -0.109876  0.993910  -0.008417  0.066983  0.015854  0.997628  0.002295  -0.004463  -0.000046  -0.015267  0.151723  0.515576  2.000000  
72.095063 0.006211  0.091453  -0.014461  0.991654  0.109237  -0.068478  -0.110079  0.993885  -0.008629  0.067116  0.016095  0.997615  0.002371  -0.004675  0.000203  -0.023839  0.156208  0.508685  2.000000  
72.096066 0.006213  0.091447  -0.014460  0.991609  0.109638  -0.068495  -0.110487  0.993839  -0.008722  0.067116  0.016216  0.997613  0.002343  -0.005021  0.000371  -0.027888  0.151775  0.508856  2.000000  
72.097324 0.006214  0.091438  -0.014458  0.991572  0.110041  -0.068379  -0.110897  0.993793  -0.008829  0.066983  0.016338  0.997620  0.002294  -0.005313  0.000506  -0.031321  0.142031  0.512692  2.000000  
72.098327 0.006215  0.091432  -0.014457  0.991549  0.110229  -0.068408  -0.111101  0.993768  -0.009056  0.066983  0.016580  0.997616  0.002254  -0.005486  0.000588  -0.039606  0.138370  0.515525  2.000000  
72.099563 0.006216  0.091424  -0.014455  0.991512  0.110632  -0.068292  -0.111510  0.993721  -0.009163  0.066849  0.016701  0.997623  0.002149  -0.005682  0.000762  -0.042896  0.128517  0.518511  2.000000  
72.100810 0.006218  0.091415  -0.014453  0.991512  0.110616  -0.068319  -0.111510  0.993719  -0.009404  0.066849  0.016943  0.997619  0.001987  -0.005881  0.000826  -0.052262  0.119353  0.498151  2.000000  
72.102067 0.006218  0.091406  -0.014450  0.991489  0.110804  -0.068348  -0.111714  0.993694  -0.009631  0.066849  0.017185  0.997615  0.001781  -0.006125  0.000930  -0.062140  0.111084  0.481701  2.000000  
72.103313 0.006218  0.091397  -0.014447  0.991452  0.111199  -0.068246  -0.112123  0.993645  -0.009859  0.066716  0.017427  0.997620  0.001615  -0.006285  0.001100  -0.071190  0.101916  0.467965  2.000000  
72.104319 0.006219  0.091390  -0.014444  0.991452  0.111182  -0.068273  -0.112123  0.993643  -0.010100  0.066716  0.017669  0.997616  0.001436  -0.006395  0.001341  -0.079575  0.096476  0.450577  2.000000  
72.105564 0.006220  0.091381  -0.014440  0.991438  0.111372  -0.068169  -0.112328  0.993617  -0.010342  0.066582  0.017911  0.997620  0.001283  -0.006551  0.001526  -0.084470  0.082936  0.436985  2.000000  
72.106812 0.006220  0.091371  -0.014437  0.991424  0.111563  -0.068066  -0.112533  0.993592  -0.010584  0.066449  0.018153  0.997625  0.001027  -0.006699  0.001725  -0.093906  0.073735  0.416589  2.000000  
72.107813 0.006220  0.091364  -0.014434  0.991424  0.111546  -0.068093  -0.112533  0.993589  -0.010825  0.066449  0.018395  0.997620  0.000892  -0.006812  0.001871  -0.103285  0.064526  0.396171  2.000000  
72.108814 0.006220  0.091357  -0.014432  0.991432  0.111532  -0.067987  -0.112534  0.993586  -0.011082  0.066315  0.018638  0.997625  0.000777  -0.006844  0.001920  -0.114093  0.055649  0.371927  2.000000  
72.110064 0.006220  0.091347  -0.014431  0.991418  0.111715  -0.067898  -0.112740  0.993559  -0.011444  0.066182  0.019001  0.997627  0.000556  -0.007027  0.002022  -0.123603  0.041909  0.351486  2.000000  
72.111314 0.006219  0.091338  -0.014430  0.991404  0.111905  -0.067795  -0.112945  0.993533  -0.011686  0.066048  0.019243  0.997631  0.000387  -0.007157  0.001960  -0.133088  0.028108  0.330973  2.000000  
72.112561 0.006218  0.091330  -0.014430  0.991412  0.111891  -0.067689  -0.112946  0.993529  -0.011942  0.065915  0.019485  0.997635  0.000265  -0.007164  0.001873  -0.138986  0.018703  0.303514  2.000000  
72.113563 0.006218  0.091323  -0.014430  0.991421  0.111878  -0.067584  -0.112947  0.993526  -0.012199  0.065781  0.019727  0.997639  0.000187  -0.007147  0.001768  -0.146832  0.009430  0.287479  2.000000  
72.114810 0.006217  0.091315  -0.014432  0.991407  0.112060  -0.067494  -0.113152  0.993498  -0.012561  0.065648  0.020091  0.997641  0.000019  -0.007167  0.001510  -0.156726  -0.004359  0.260357  2.000000  
72.115810 0.006217  0.091308  -0.014433  0.991415  0.112055  -0.067375  -0.113153  0.993496  -0.012697  0.065514  0.020212  0.997647  -0.000049  -0.007151  0.001367  -0.162088  -0.018081  0.240019  2.000000  
72.117063 0.006215  0.091299  -0.014433  0.991401  0.112246  -0.067273  -0.113358  0.993470  -0.012939  0.065381  0.020454  0.997651  -0.000177  -0.007149  0.001127  -0.167085  -0.027208  0.226556  2.000000  
72.118066 0.006215  0.091293  -0.014434  0.991409  0.112232  -0.067167  -0.113359  0.993466  -0.013195  0.065247  0.020696  0.997654  -0.000216  -0.007055  0.000912  -0.169789  -0.041236  0.207925  2.000000  
72.119313 0.006214  0.091285  -0.014435  0.991409  0.112216  -0.067194  -0.113359  0.993463  -0.013436  0.065247  0.020938  0.997649  -0.000306  -0.006988  0.000607  -0.177809  -0.045700  0.185743  2.000000  
72.120315 0.006215  0.091279  -0.014436  0.991395  0.112407  -0.067092  -0.113564  0.993437  -0.013679  0.065114  0.021180  0.997653  -0.000324  -0.006905  0.000357  -0.182373  -0.054730  0.179135  2.000000  
72.121315 0.006215  0.091273  -0.014436  0.991395  0.112390  -0.067119  -0.113564  0.993433  -0.013920  0.065114  0.021422  0.997648  -0.000343  -0.006824  0.000107  -0.185158  -0.059995  0.159924  2.000000  
72.122331 0.006215  0.091266  -0.014436  0.991371  0.112579  -0.067149  -0.113768  0.993407  -0.014147  0.065114  0.021664  0.997643  -0.000343  -0.006717  -0.000095  -0.190066  -0.060198  0.146067  2.000000  
72.123563 0.006215  0.091260  -0.014436  0.991380  0.112565  -0.067044  -0.113769  0.993403  -0.014403  0.064980  0.021907  0.997646  -0.000301  -0.006600  -0.000250  -0.193106  -0.064296  0.138190  2.000000  
72.124812 0.006216  0.091252  -0.014437  0.991356  0.112745  -0.067088  -0.113973  0.993374  -0.014751  0.064980  0.022270  0.997638  -0.000269  -0.006464  -0.000423  -0.201637  -0.068853  0.131445  2.000000  
72.126060 0.006216  0.091245  -0.014438  0.991356  0.112729  -0.067115  -0.113973  0.993371  -0.014992  0.064980  0.022512  0.997633  -0.000221  -0.006321  -0.000494  -0.202587  -0.069102  0.117794  2.000000  
72.127062 0.006217  0.091241  -0.014438  0.991356  0.112713  -0.067143  -0.113973  0.993367  -0.015233  0.064980  0.022754  0.997627  -0.000101  -0.006148  -0.000517  -0.207073  -0.064749  0.110863  2.000000  
72.128062 0.006217  0.091235  -0.014438  0.991333  0.112901  -0.067173  -0.114177  0.993340  -0.015460  0.064980  0.022996  0.997622  -0.000042  -0.006048  -0.000549  -0.209344  -0.065426  0.104942  2.000000  
72.129064 0.006219  0.091231  -0.014438  0.991333  0.112885  -0.067201  -0.114177  0.993336  -0.015701  0.064980  0.023238  0.997616  0.000074  -0.005917  -0.000478  -0.213734  -0.065500  0.097981  2.000000  
72.130323 0.006220  0.091225  -0.014439  0.991318  0.113076  -0.067099  -0.114382  0.993309  -0.015943  0.064847  0.023480  0.997619  0.000227  -0.005713  -0.000481  -0.213693  -0.065460  0.097973  2.000000  
72.131564 0.006222  0.091219  -0.014440  0.991318  0.113068  -0.067112  -0.114382  0.993307  -0.016064  0.064847  0.023601  0.997616  0.000381  -0.005513  -0.000484  -0.210125  -0.065599  0.091107  2.000000  
72.132809 0.006223  0.091214  -0.014442  0.991318  0.113052  -0.067140  -0.114382  0.993303  -0.016305  0.064847  0.023843  0.997610  0.000546  -0.005319  -0.000525  -0.212922  -0.060733  0.083442  2.000000  
72.133813 0.006224  0.091210  -0.014443  0.991318  0.113044  -0.067153  -0.114382  0.993301  -0.016425  0.064847  0.023964  0.997607  0.000677  -0.005167  -0.000538  -0.209387  -0.060877  0.076628  2.000000  
72.134816 0.006226  0.091206  -0.014444  0.991295  0.113240  -0.067171  -0.114586  0.993276  -0.016532  0.064847  0.024085  0.997605  0.000807  -0.005015  -0.000552  -0.206989  -0.056854  0.077157  2.000000  
72.136060 0.006229  0.091202  -0.014445  0.991295  0.113232  -0.067184  -0.114586  0.993274  -0.016653  0.064847  0.024206  0.997602  0.000964  -0.004843  -0.000612  -0.201313  -0.056392  0.076560  2.000000  
72.137066 0.006231  0.091198  -0.014445  0.991295  0.113224  -0.067198  -0.114586  0.993272  -0.016773  0.064847  0.024327  0.997599  0.001127  -0.004621  -0.000596  -0.199397  -0.052504  0.070215  2.000000  
72.138329 0.006234  0.091194  -0.014444  0.991295  0.113215  -0.067212  -0.114586  0.993270  -0.016893  0.064847  0.024448  0.997596  0.001316  -0.004430  -0.000522  -0.191068  -0.047944  0.070067  2.000000  
72.139563 0.006238  0.091190  -0.014443  0.991271  0.113404  -0.067243  -0.114790  0.993242  -0.017121  0.064847  0.024690  0.997590  0.001508  -0.004196  -0.000363  -0.189580  -0.043094  0.069434  2.000000  
72.140812 0.006241  0.091186  -0.014440  0.991271  0.113395  -0.067257  -0.114790  0.993240  -0.017241  0.064847  0.024811  0.997587  0.001716  -0.004007  -0.000186  -0.185992  -0.038774  0.062498  2.000000  
72.141813 0.006244  0.091183  -0.014439  0.991247  0.113592  -0.067274  -0.114995  0.993215  -0.017348  0.064847  0.024932  0.997584  0.001862  -0.003871  -0.000048  -0.178949  -0.034434  0.069836  2.000000  
72.143060 0.006249  0.091180  -0.014435  0.991247  0.113584  -0.067288  -0.114995  0.993213  -0.017468  0.064847  0.025053  0.997581  0.002083  -0.003666  0.000212  -0.174866  -0.029923  0.069737  2.000000  
72.144062 0.006252  0.091178  -0.014432  0.991247  0.113575  -0.067301  -0.114995  0.993210  -0.017589  0.064847  0.025174  0.997578  0.002215  -0.003530  0.000384  -0.170801  -0.025415  0.069644  2.000000  
72.145315 0.006256  0.091175  -0.014429  0.991224  0.113764  -0.067333  -0.115199  0.993183  -0.017816  0.064847  0.025416  0.997572  0.002387  -0.003336  0.000670  -0.170797  -0.020901  0.069544  2.000000  
72.146322 0.006259  0.091173  -0.014427  0.991224  0.113755  -0.067346  -0.115199  0.993181  -0.017936  0.064847  0.025537  0.997568  0.002548  -0.003168  0.000933  -0.167118  -0.016546  0.062520  2.000000  
72.147323 0.006262  0.091171  -0.014424  0.991200  0.113960  -0.067350  -0.115403  0.993157  -0.017922  0.064847  0.025537  0.997568  0.002670  -0.003025  0.001145  0.000000  0.000000  0.000000  2.000000  
72.148560 0.006266  0.091168  -0.014421  0.991191  0.113948  -0.067497  -0.115402  0.993155  -0.018027  0.064980  0.025658  0.997557  0.002764  -0.002909  0.001401  0.000000  0.000000  0.000000  2.000000  
72.149561 0.006268  0.091165  -0.014419  0.991167  0.114145  -0.067514  -0.115606  0.993130  -0.018134  0.064980  0.025779  0.997554  0.002849  -0.002785  0.001712  0.000000  0.000000  0.000000  2.000000  
72.150808 0.006271  0.091162  -0.014416  0.991176  0.114148  -0.067381  -0.115607  0.993129  -0.018149  0.064847  0.025779  0.997562  0.002846  -0.002669  0.001937  0.000000  0.000000  0.000000  2.000000  
72.151813 0.006273  0.091160  -0.014414  0.991176  0.114140  -0.067395  -0.115607  0.993127  -0.018270  0.064847  0.025900  0.997559  0.002842  -0.002576  0.002103  0.000000  0.000000  0.000000  2.000000  
72.153058 0.006275  0.091157  -0.014411  0.991152  0.114344  -0.067399  -0.115811  0.993104  -0.018256  0.064847  0.025900  0.997559  0.002792  -0.002498  0.002199  0.000000  0.000000  0.000000  2.000000  
72.154065 0.006277  0.091155  -0.014409  0.991152  0.114344  -0.067399  -0.115811  0.993104  -0.018256  0.064847  0.025900  0.997559  0.002683  -0.002455  0.002300  0.000000  0.000000  0.000000  2.000000  
72.155315 0.006278  0.091151  -0.014407  0.991128  0.114549  -0.067403  -0.116015  0.993080  -0.018242  0.064847  0.025900  0.997559  0.002525  -0.002451  0.002325  0.000000  0.000000  0.000000  2.000000  
72.156562 0.006279  0.091148  -0.014405  0.991128  0.114541  -0.067417  -0.116015  0.993078  -0.018363  0.064847  0.026021  0.997556  0.002359  -0.002459  0.002293  0.000000  0.000000  0.000000  2.000000  
72.157564 0.006280  0.091145  -0.014403  0.991128  0.114541  -0.067417  -0.116015  0.993078  -0.018363  0.064847  0.026021  0.997556  0.002188  -0.002403  0.002215  0.000000  0.000000  0.000000  2.000000  
72.158815 0.006281  0.091141  -0.014401  0.991104  0.114745  -0.067421  -0.116219  0.993054  -0.018349  0.064847  0.026021  0.997556  0.002008  -0.002441  0.002128  0.000000  0.000000  0.000000  2.000000  
72.160062 0.006282  0.091138  -0.014399  0.991104  0.114737  -0.067434  -0.116219  0.993052  -0.018469  0.064847  0.026142  0.997553  0.001732  -0.002510  0.002082  0.000000  0.000000  0.000000  2.000000  
72.161063 0.006282  0.091135  -0.014397  0.991081  0.114941  -0.067438  -0.116423  0.993028  -0.018455  0.064847  0.026142  0.997553  0.001556  -0.002566  0.002042  0.000000  0.000000  0.000000  2.000000  
72.162322 0.006282  0.091131  -0.014395  0.991081  0.114941  -0.067438  -0.116423  0.993028  -0.018455  0.064847  0.026142  0.997553  0.001320  -0.002644  0.001971  0.000000  0.000000  0.000000  2.000000  
72.163562 0.006282  0.091127  -0.014392  0.991081  0.114933  -0.067452  -0.116423  0.993026  -0.018576  0.064847  0.026263  0.997550  0.001064  -0.002689  0.001941  0.000000  0.000000  0.000000  2.000000  
72.164816 0.006283  0.091124  -0.014390  0.991081  0.114933  -0.067452  -0.116423  0.993026  -0.018576  0.064847  0.026263  0.997550  0.000899  -0.002718  0.001871  0.000000  0.000000  0.000000  2.000000  
72.166063 0.006283  0.091120  -0.014389  0.991057  0.115137  -0.067456  -0.116627  0.993002  -0.018562  0.064847  0.026263  0.997550  0.000714  -0.002775  0.001743  0.000000  0.000000  0.000000  2.000000  
72.167323 0.006283  0.091116  -0.014388  0.991057  0.115137  -0.067456  -0.116627  0.993002  -0.018562  0.064847  0.026263  0.997550  0.000569  -0.002830  0.001644  0.000000  0.000000  0.000000  2.000000  
72.168560 0.006283  0.091113  -0.014388  0.991057  0.115137  -0.067456  -0.116627  0.993002  -0.018562  0.064847  0.026263  0.997550  0.000420  -0.002900  0.001437  0.000000  0.000000  0.000000  2.000000  
72.169561 0.006282  0.091109  -0.014389  0.991057  0.115137  -0.067456  -0.116627  0.993002  -0.018562  0.064847  0.026263  0.997550  0.000301  -0.002960  0.001266  0.000000  0.000000  0.000000  2.000000  
72.170569 0.006282  0.091106  -0.014389  0.991057  0.115137  -0.067456  -0.116627  0.993002  -0.018562  0.064847  0.026263  0.997550  0.000220  -0.002942  0.001124  0.000000  0.000000  0.000000  2.000000  
72.171813 0.006282  0.091103  -0.014390  0.991057  0.115137  -0.067456  -0.116627  0.993002  -0.018562  0.064847  0.026263  0.997550  0.000138  -0.002954  0.000964  0.000000  0.000000  0.000000  2.000000  
72.172815 0.006281  0.091099  -0.014390  0.991057  0.115137  -0.067456  -0.116627  0.993002  -0.018562  0.064847  0.026263  0.997550  0.000042  -0.003014  0.000817  0.000000  0.000000  0.000000  2.000000  
72.174062 0.006282  0.091096  -0.014391  0.991057  0.115137  -0.067456  -0.116627  0.993002  -0.018562  0.064847  0.026263  0.997550  0.000047  -0.002979  0.000627  0.000000  0.000000  0.000000  2.000000  
72.175062 0.006282  0.091093  -0.014392  0.991057  0.115146  -0.067442  -0.116627  0.993005  -0.018441  0.064847  0.026142  0.997553  -0.000005  -0.002994  0.000410  0.000000  0.000000  0.000000  2.000000  
72.176314 0.006282  0.091090  -0.014393  0.991057  0.115146  -0.067442  -0.116627  0.993005  -0.018441  0.064847  0.026142  0.997553  -0.000010  -0.002955  0.000263  0.000000  0.000000  0.000000  2.000000  
72.177326 0.006282  0.091088  -0.014393  0.991057  0.115146  -0.067442  -0.116627  0.993005  -0.018441  0.064847  0.026142  0.997553  0.000003  -0.002892  0.000033  0.000000  0.000000  0.000000  2.000000  
72.178564 0.006284  0.091085  -0.014394  0.991057  0.115146  -0.067442  -0.116627  0.993005  -0.018441  0.064847  0.026142  0.997553  0.000063  -0.002830  -0.000116  0.000000  0.000000  0.000000  2.000000  
72.179811 0.006284  0.091083  -0.014393  0.991057  0.115146  -0.067442  -0.116627  0.993005  -0.018441  0.064847  0.026142  0.997553  0.000109  -0.002718  -0.000224  0.000000  0.000000  0.000000  2.000000  
72.181060 0.006286  0.091081  -0.014394  0.991057  0.115146  -0.067442  -0.116627  0.993005  -0.018441  0.064847  0.026142  0.997553  0.000188  -0.002625  -0.000313  0.000000  0.000000  0.000000  2.000000  
72.182063 0.006286  0.091080  -0.014394  0.991057  0.115146  -0.067442  -0.116627  0.993005  -0.018441  0.064847  0.026142  0.997553  0.000232  -0.002498  -0.000401  0.000000  0.000000  0.000000  2.000000  
72.183063 0.006287  0.091078  -0.014394  0.991057  0.115146  -0.067442  -0.116627  0.993005  -0.018441  0.064847  0.026142  0.997553  0.000293  -0.002382  -0.000401  0.000000  0.000000  0.000000  2.000000  
72.184064 0.006288  0.091077  -0.014394  0.991057  0.115146  -0.067442  -0.116627  0.993005  -0.018441  0.064847  0.026142  0.997553  0.000396  -0.002240  -0.000355  0.000000  0.000000  0.000000  2.000000  
72.185064 0.006289  0.091076  -0.014394  0.991057  0.115146  -0.067442  -0.116627  0.993005  -0.018441  0.064847  0.026142  0.997553  0.000464  -0.002087  -0.000323  0.000000  0.000000  0.000000  2.000000  
72.186310 0.006289  0.091075  -0.014393  0.991057  0.115146  -0.067442  -0.116627  0.993005  -0.018441  0.064847  0.026142  0.997553  0.000511  -0.001895  -0.000249  0.000000  0.000000  0.000000  2.000000  
72.187336 0.006290  0.091075  -0.014393  0.991057  0.115154  -0.067428  -0.116627  0.993007  -0.018321  0.064847  0.026021  0.997556  0.000587  -0.001689  -0.000182  0.000000  0.000000  0.000000  2.000000  
72.188562 0.006291  0.091075  -0.014393  0.991081  0.114949  -0.067424  -0.116423  0.993030  -0.018335  0.064847  0.026021  0.997556  0.000644  -0.001511  -0.000147  0.000000  0.000000  0.000000  2.000000  
72.189563 0.006292  0.091074  -0.014393  0.991081  0.114949  -0.067424  -0.116423  0.993030  -0.018335  0.064847  0.026021  0.997556  0.000662  -0.001357  -0.000119  0.000000  0.000000  0.000000  2.000000  
72.190813 0.006292  0.091074  -0.014394  0.991057  0.115162  -0.067414  -0.116627  0.993009  -0.018200  0.064847  0.025900  0.997559  0.000687  -0.001127  -0.000066  0.000000  0.000000  0.000000  2.000000  
72.191813 0.006293  0.091074  -0.014394  0.991065  0.115165  -0.067282  -0.116628  0.993009  -0.018216  0.064713  0.025900  0.997568  0.000695  -0.000939  -0.000045  0.000000  0.000000  0.000000  2.000000  
72.193063 0.006294  0.091076  -0.014394  0.991065  0.115174  -0.067268  -0.116628  0.993011  -0.018096  0.064713  0.025779  0.997571  0.000726  -0.000685  -0.000051  0.000000  0.000000  0.000000  2.000000  
72.194324 0.006294  0.091076  -0.014394  0.991065  0.115174  -0.067268  -0.116628  0.993011  -0.018096  0.064713  0.025779  0.997571  0.000688  -0.000525  -0.000002  0.000000  0.000000  0.000000  2.000000  
72.195560 0.006295  0.091078  -0.014393  0.991065  0.115174  -0.067268  -0.116628  0.993011  -0.018096  0.064713  0.025779  0.997571  0.000653  -0.000286  0.000048  0.000000  0.000000  0.000000  2.000000  
72.196560 0.006295  0.091078  -0.014393  0.991065  0.115174  -0.067268  -0.116628  0.993011  -0.018096  0.064713  0.025779  0.997571  0.000617  -0.000107  0.000088  0.000000  0.000000  0.000000  2.000000  
72.197562 0.006296  0.091080  -0.014392  0.991065  0.115174  -0.067268  -0.116628  0.993011  -0.018096  0.064713  0.025779  0.997571  0.000621  0.000053  0.000166  0.000000  0.000000  0.000000  2.000000  
72.198812 0.006296  0.091081  -0.014390  0.991065  0.115182  -0.067254  -0.116628  0.993013  -0.017975  0.064713  0.025658  0.997574  0.000522  0.000209  0.000219  0.000000  0.000000  0.000000  2.000000  
72.200058 0.006296  0.091082  -0.014390  0.991065  0.115182  -0.067254  -0.116628  0.993013  -0.017975  0.064713  0.025658  0.997574  0.000508  0.000416  0.000278  0.000000  0.000000  0.000000  2.000000  
72.201060 0.006296  0.091083  -0.014388  0.991065  0.115182  -0.067254  -0.116628  0.993013  -0.017975  0.064713  0.025658  0.997574  0.000456  0.000529  0.000321  0.000000  0.000000  0.000000  2.000000  
72.202061 0.006296  0.091084  -0.014388  0.991065  0.115182  -0.067254  -0.116628  0.993013  -0.017975  0.064713  0.025658  0.997574  0.000401  0.000622  0.000316  0.000000  0.000000  0.000000  2.000000  
72.203308 0.006296  0.091086  -0.014388  0.991065  0.115182  -0.067254  -0.116628  0.993013  -0.017975  0.064713  0.025658  0.997574  0.000334  0.000752  0.000344  0.000000  0.000000  0.000000  2.000000  
72.204318 0.006296  0.091087  -0.014388  0.991065  0.115182  -0.067254  -0.116628  0.993013  -0.017975  0.064713  0.025658  0.997574  0.000331  0.000869  0.000380  0.000000  0.000000  0.000000  2.000000  
72.205563 0.006296  0.091088  -0.014387  0.991089  0.114985  -0.067236  -0.116424  0.993039  -0.017869  0.064713  0.025537  0.997577  0.000290  0.000926  0.000436  0.000000  0.000000  0.000000  2.000000  
72.206812 0.006297  0.091089  -0.014387  0.991089  0.114985  -0.067236  -0.116424  0.993039  -0.017869  0.064713  0.025537  0.997577  0.000247  0.000988  0.000439  0.000000  0.000000  0.000000  2.000000  
72.207813 0.006296  0.091090  -0.014387  0.991098  0.114989  -0.067103  -0.116425  0.993038  -0.017884  0.064580  0.025537  0.997586  0.000167  0.000979  0.000434  0.000000  0.000000  0.000000  2.000000  
72.208815 0.006297  0.091091  -0.014387  0.991098  0.114989  -0.067103  -0.116425  0.993038  -0.017884  0.064580  0.025537  0.997586  0.000149  0.001029  0.000416  0.000000  0.000000  0.000000  2.000000  
72.210061 0.006297  0.091092  -0.014388  0.991098  0.114989  -0.067103  -0.116425  0.993038  -0.017884  0.064580  0.025537  0.997586  0.000149  0.001034  0.000363  0.000000  0.000000  0.000000  2.000000  
72.211063 0.006297  0.091093  -0.014389  0.991098  0.114989  -0.067103  -0.116425  0.993038  -0.017884  0.064580  0.025537  0.997586  0.000110  0.000976  0.000249  0.000000  0.000000  0.000000  2.000000  
72.212317 0.006297  0.091094  -0.014389  0.991098  0.114989  -0.067103  -0.116425  0.993038  -0.017884  0.064580  0.025537  0.997586  0.000133  0.000970  0.000175  0.000000  0.000000  0.000000  2.000000  
72.213563 0.006298  0.091094  -0.014390  0.991098  0.114989  -0.067103  -0.116425  0.993038  -0.017884  0.064580  0.025537  0.997586  0.000125  0.000873  0.000044  0.000000  0.000000  0.000000  2.000000  
72.214812 0.006298  0.091094  -0.014391  0.991098  0.114989  -0.067103  -0.116425  0.993038  -0.017884  0.064580  0.025537  0.997586  0.000138  0.000812  -0.000080  0.000000  0.000000  0.000000  2.000000  
72.216058 0.006299  0.091095  -0.014390  0.991098  0.114989  -0.067103  -0.116425  0.993038  -0.017884  0.064580  0.025537  0.997586  0.000168  0.000768  -0.000143  0.000000  0.000000  0.000000  2.000000  
72.217060 0.006299  0.091095  -0.014391  0.991098  0.114989  -0.067103  -0.116425  0.993038  -0.017884  0.064580  0.025537  0.997586  0.000166  0.000689  -0.000182  0.000000  0.000000  0.000000  2.000000  
72.218067 0.006299  0.091095  -0.014391  0.991098  0.114989  -0.067103  -0.116425  0.993038  -0.017884  0.064580  0.025537  0.997586  0.000217  0.000597  -0.000185  0.000000  0.000000  0.000000  2.000000  
72.219312 0.006300  0.091095  -0.014391  0.991074  0.115193  -0.067107  -0.116629  0.993015  -0.017870  0.064580  0.025537  0.997586  0.000212  0.000509  -0.000221  0.000000  0.000000  0.000000  2.000000  
72.220336 0.006300  0.091095  -0.014391  0.991074  0.115193  -0.067107  -0.116629  0.993015  -0.017870  0.064580  0.025537  0.997586  0.000254  0.000439  -0.000234  0.000000  0.000000  0.000000  2.000000  
72.221566 0.006301  0.091094  -0.014391  0.991074  0.115193  -0.067107  -0.116629  0.993015  -0.017870  0.064580  0.025537  0.997586  0.000262  0.000334  -0.000264  0.000000  0.000000  0.000000  2.000000  
72.222815 0.006301  0.091094  -0.014391  0.991074  0.115193  -0.067107  -0.116629  0.993015  -0.017870  0.064580  0.025537  0.997586  0.000299  0.000234  -0.000226  0.000000  0.000000  0.000000  2.000000  
72.224062 0.006301  0.091093  -0.014391  0.991074  0.115193  -0.067107  -0.116629  0.993015  -0.017870  0.064580  0.025537  0.997586  0.000290  0.000130  -0.000215  0.000000  0.000000  0.000000  2.000000  
72.225315 0.006301  0.091092  -0.014392  0.991082  0.115197  -0.066975  -0.116630  0.993014  -0.017886  0.064446  0.025538  0.997594  0.000266  0.000000  -0.000264  0.000000  0.000000  0.000000  2.000000  
72.226324 0.006301  0.091092  -0.014392  0.991082  0.115197  -0.066975  -0.116630  0.993014  -0.017886  0.064446  0.025538  0.997594  0.000266  -0.000102  -0.000260  0.000000  0.000000  0.000000  2.000000  
72.227326 0.006301  0.091091  -0.014393  0.991058  0.115401  -0.066978  -0.116834  0.992991  -0.017872  0.064446  0.025538  0.997594  0.000241  -0.000175  -0.000224  0.000000  0.000000  0.000000  2.000000  
72.228562 0.006301  0.091090  -0.014393  0.991058  0.115401  -0.066978  -0.116834  0.992991  -0.017872  0.064446  0.025538  0.997594  0.000215  -0.000223  -0.000231  0.000000  0.000000  0.000000  2.000000  
72.229810 0.006301  0.091090  -0.014394  0.991058  0.115401  -0.066978  -0.116834  0.992991  -0.017872  0.064446  0.025538  0.997594  0.000191  -0.000296  -0.000195  0.000000  0.000000  0.000000  2.000000  
72.230810 0.006301  0.091089  -0.014394  0.991058  0.115401  -0.066978  -0.116834  0.992991  -0.017872  0.064446  0.025538  0.997594  0.000140  -0.000379  -0.000229  0.000000  0.000000  0.000000  2.000000  
72.231810 0.006301  0.091089  -0.014394  0.991058  0.115401  -0.066978  -0.116834  0.992991  -0.017872  0.064446  0.025538  0.997594  0.000137  -0.000401  -0.000183  0.000000  0.000000  0.000000  2.000000  
72.233058 0.006301  0.091088  -0.014394  0.991034  0.115606  -0.066982  -0.117038  0.992967  -0.017858  0.064446  0.025538  0.997594  0.000094  -0.000475  -0.000247  0.000000  0.000000  0.000000  2.000000  
72.234061 0.006301  0.091087  -0.014394  0.991034  0.115606  -0.066982  -0.117038  0.992967  -0.017858  0.064446  0.025538  0.997594  0.000091  -0.000496  -0.000201  0.000000  0.000000  0.000000  2.000000  
72.235312 0.006301  0.091086  -0.014395  0.991043  0.115609  -0.066849  -0.117039  0.992966  -0.017874  0.064313  0.025538  0.997603  0.000041  -0.000553  -0.000277  0.000000  0.000000  0.000000  2.000000  
72.236315 0.006301  0.091086  -0.014395  0.991019  0.115813  -0.066853  -0.117243  0.992943  -0.017860  0.064313  0.025538  0.997603  -0.000002  -0.000575  -0.000260  0.000000  0.000000  0.000000  2.000000  
72.237329 0.006301  0.091086  -0.014395  0.991019  0.115813  -0.066853  -0.117243  0.992943  -0.017860  0.064313  0.025538  0.997603  -0.000011  -0.000559  -0.000273  0.000000  0.000000  0.000000  2.000000  
72.238567 0.006300  0.091085  -0.014396  0.991019  0.115813  -0.066853  -0.117243  0.992943  -0.017860  0.064313  0.025538  0.997603  -0.000043  -0.000586  -0.000293  0.000000  0.000000  0.000000  2.000000  
72.239816 0.006300  0.091084  -0.014396  0.990994  0.116018  -0.066857  -0.117447  0.992919  -0.017846  0.064313  0.025538  0.997603  -0.000095  -0.000584  -0.000285  0.000000  0.000000  0.000000  2.000000  
72.241063 0.006300  0.091084  -0.014397  0.990994  0.116018  -0.066857  -0.117447  0.992919  -0.017846  0.064313  0.025538  0.997603  -0.000113  -0.000535  -0.000304  0.000000  0.000000  0.000000  2.000000  
72.242327 0.006299  0.091084  -0.014397  0.990970  0.116222  -0.066860  -0.117651  0.992895  -0.017833  0.064313  0.025538  0.997603  -0.000122  -0.000509  -0.000313  0.000000  0.000000  0.000000  2.000000  
72.243570 0.006299  0.091083  -0.014398  0.990970  0.116222  -0.066860  -0.117651  0.992895  -0.017833  0.064313  0.025538  0.997603  -0.000140  -0.000459  -0.000331  0.000000  0.000000  0.000000  2.000000  
72.244815 0.006299  0.091084  -0.014399  0.990970  0.116222  -0.066860  -0.117651  0.992895  -0.017833  0.064313  0.025538  0.997603  -0.000159  -0.000409  -0.000350  0.000000  0.000000  0.000000  2.000000  
72.245816 0.006298  0.091084  -0.014400  0.990946  0.116427  -0.066864  -0.117855  0.992871  -0.017819  0.064313  0.025538  0.997603  -0.000165  -0.000361  -0.000406  0.000000  0.000000  0.000000  2.000000  
72.247060 0.006298  0.091084  -0.014400  0.990946  0.116427  -0.066864  -0.117855  0.992871  -0.017819  0.064313  0.025538  0.997603  -0.000161  -0.000260  -0.000414  0.000000  0.000000  0.000000  2.000000  
72.248060 0.006299  0.091084  -0.014401  0.990922  0.116631  -0.066868  -0.118059  0.992847  -0.017805  0.064313  0.025538  0.997603  -0.000158  -0.000238  -0.000461  0.000000  0.000000  0.000000  2.000000  
72.249315 0.006298  0.091084  -0.014403  0.990922  0.116631  -0.066868  -0.118059  0.992847  -0.017805  0.064313  0.025538  0.997603  -0.000182  -0.000217  -0.000566  0.000000  0.000000  0.000000  2.000000  
72.250323 0.006299  0.091084  -0.014404  0.990897  0.116835  -0.066871  -0.118263  0.992823  -0.017791  0.064313  0.025538  0.997603  -0.000150  -0.000171  -0.000601  0.000000  0.000000  0.000000  2.000000  
72.251561 0.006299  0.091084  -0.014405  0.990897  0.116835  -0.066871  -0.118263  0.992823  -0.017791  0.064313  0.025538  0.997603  -0.000114  -0.000101  -0.000676  0.000000  0.000000  0.000000  2.000000  
72.252564 0.006299  0.091084  -0.014406  0.990873  0.117040  -0.066875  -0.118467  0.992799  -0.017778  0.064313  0.025538  0.997603  -0.000070  -0.000076  -0.000682  0.000000  0.000000  0.000000  2.000000  
72.253576 0.006299  0.091084  -0.014406  0.990873  0.117040  -0.066875  -0.118467  0.992799  -0.017778  0.064313  0.025538  0.997603  -0.000080  -0.000052  -0.000703  0.000000  0.000000  0.000000  2.000000  
72.254816 0.006300  0.091084  -0.014408  0.990849  0.117244  -0.066879  -0.118671  0.992775  -0.017764  0.064313  0.025538  0.997603  -0.000013  -0.000034  -0.000782  0.000000  0.000000  0.000000  2.000000  
72.256062 0.006300  0.091084  -0.014409  0.990849  0.117244  -0.066879  -0.118671  0.992775  -0.017764  0.064313  0.025538  0.997603  0.000021  0.000014  -0.000809  0.000000  0.000000  0.000000  2.000000  
72.257065 0.006300  0.091084  -0.014410  0.990849  0.117244  -0.066879  -0.118671  0.992775  -0.017764  0.064313  0.025538  0.997603  0.000076  0.000034  -0.000879  0.000000  0.000000  0.000000  2.000000  
72.258326 0.006301  0.091084  -0.014411  0.990824  0.117449  -0.066882  -0.118875  0.992751  -0.017750  0.064313  0.025538  0.997603  0.000171  0.000056  -0.000904  0.000000  0.000000  0.000000  2.000000  
72.259563 0.006302  0.091084  -0.014413  0.990800  0.117653  -0.066886  -0.119079  0.992726  -0.017736  0.064313  0.025538  0.997603  0.000212  0.000021  -0.000991  0.000000  0.000000  0.000000  2.000000  
72.260563 0.006302  0.091084  -0.014414  0.990800  0.117653  -0.066886  -0.119079  0.992726  -0.017736  0.064313  0.025538  0.997603  0.000255  0.000045  -0.001008  0.000000  0.000000  0.000000  2.000000  
72.261813 0.006302  0.091084  -0.014416  0.990775  0.117857  -0.066890  -0.119283  0.992702  -0.017723  0.064313  0.025538  0.997603  0.000280  0.000017  -0.001053  0.000000  0.000000  0.000000  2.000000  
72.263060 0.006303  0.091084  -0.014418  0.990775  0.117849  -0.066904  -0.119283  0.992700  -0.017843  0.064313  0.025659  0.997600  0.000298  0.000011  -0.001110  0.000000  0.000000  0.000000  2.000000  
72.264060 0.006304  0.091084  -0.014419  0.990751  0.118054  -0.066908  -0.119487  0.992676  -0.017829  0.064313  0.025659  0.997600  0.000355  0.000009  -0.001137  0.000000  0.000000  0.000000  2.000000  
72.265060 0.006304  0.091084  -0.014420  0.990751  0.118054  -0.066908  -0.119487  0.992676  -0.017829  0.064313  0.025659  0.997600  0.000361  0.000006  -0.001155  0.000000  0.000000  0.000000  2.000000  
72.266310 0.006305  0.091083  -0.014423  0.990717  0.118255  -0.067044  -0.119690  0.992652  -0.017799  0.064446  0.025659  0.997591  0.000402  -0.000049  -0.001211  0.000000  0.000000  0.000000  2.000000  
72.267323 0.006305  0.091083  -0.014424  0.990717  0.118255  -0.067044  -0.119690  0.992652  -0.017799  0.064446  0.025659  0.997591  0.000377  -0.000077  -0.001251  0.000000  0.000000  0.000000  2.000000  
72.268568 0.006305  0.091083  -0.014426  0.990693  0.118459  -0.067047  -0.119894  0.992627  -0.017786  0.064446  0.025659  0.997591  0.000406  -0.000085  -0.001342  0.000000  0.000000  0.000000  2.000000  
72.269811 0.006305  0.091082  -0.014428  0.990693  0.118459  -0.067047  -0.119894  0.992627  -0.017786  0.064446  0.025659  0.997591  0.000384  -0.000135  -0.001353  0.000000  0.000000  0.000000  2.000000  
72.270815 0.006306  0.091082  -0.014430  0.990668  0.118663  -0.067051  -0.120098  0.992603  -0.017772  0.064446  0.025659  0.997591  0.000415  -0.000166  -0.001417  0.000000  0.000000  0.000000  2.000000  
72.272063 0.006306  0.091081  -0.014432  0.990668  0.118655  -0.067065  -0.120098  0.992601  -0.017892  0.064446  0.025780  0.997588  0.000396  -0.000195  -0.001474  0.000000  0.000000  0.000000  2.000000  
72.273316 0.006307  0.091080  -0.014435  0.990643  0.118859  -0.067069  -0.120302  0.992576  -0.017878  0.064446  0.025780  0.997588  0.000355  -0.000276  -0.001542  0.000000  0.000000  0.000000  2.000000  
72.274326 0.006307  0.091080  -0.014436  0.990643  0.118859  -0.067069  -0.120302  0.992576  -0.017878  0.064446  0.025780  0.997588  0.000360  -0.000280  -0.001566  0.000000  0.000000  0.000000  2.000000  
72.275564 0.006307  0.091079  -0.014439  0.990619  0.119064  -0.067073  -0.120506  0.992552  -0.017865  0.064446  0.025780  0.997588  0.000350  -0.000335  -0.001616  0.000000  0.000000  0.000000  2.000000  
72.276812 0.006308  0.091079  -0.014441  0.990594  0.119260  -0.067091  -0.120710  0.992525  -0.017971  0.064446  0.025901  0.997585  0.000336  -0.000362  -0.001683  0.000000  0.000000  0.000000  2.000000  
72.277813 0.006307  0.091079  -0.014443  0.990594  0.119260  -0.067091  -0.120710  0.992525  -0.017971  0.064446  0.025901  0.997585  0.000301  -0.000369  -0.001740  0.000000  0.000000  0.000000  2.000000  
72.279060 0.006308  0.091079  -0.014446  0.990569  0.119464  -0.067095  -0.120914  0.992501  -0.017957  0.064446  0.025901  0.997585  0.000307  -0.000366  -0.001748  0.000000  0.000000  0.000000  2.000000  
72.280319 0.006309  0.091078  -0.014449  0.990569  0.119456  -0.067109  -0.120914  0.992498  -0.018078  0.064446  0.026022  0.997582  0.000293  -0.000402  -0.001835  0.000000  0.000000  0.000000  2.000000  
72.281573 0.006309  0.091078  -0.014451  0.990544  0.119660  -0.067113  -0.121118  0.992474  -0.018064  0.064446  0.026022  0.997582  0.000286  -0.000354  -0.001890  0.000000  0.000000  0.000000  2.000000  
