1-Time 2-Px 3-Py 4-Pz 5-R11 6-R21 7-R31 8-R12 9-R22 10-R32 11-R13 12-R23 13-R33 14-Vx 15-Vy 16-Vz 17-Wx 18-Wy 19-Wz 20-state 21-PR11 22-PR21 23-PR31 24-PR12 25-PR22 26-PR32 27-PR13 28-PR23 29-PR33 
191.402381 0.005510  0.088606  -0.001843  0.988423  0.118215  -0.095105  -0.117555  0.992987  0.012533  0.095920  -0.001207  0.995388  0.000134  0.000076  -0.000185  0.000000  0.000000  0.000000  2.000000  
191.403626 0.005510  0.088606  -0.001844  0.988410  0.118204  -0.095252  -0.117554  0.992989  0.012428  0.096053  -0.001087  0.995376  0.000071  0.000022  -0.000227  0.000000  0.000000  0.000000  2.000000  
191.404629 0.005511  0.088604  -0.001845  0.988325  0.118817  -0.095376  -0.118162  0.992916  0.012502  0.096186  -0.001087  0.995363  0.000113  -0.000123  -0.000303  0.000000  0.000000  0.000000  2.000000  
191.405878 0.005511  0.088600  -0.001846  0.988213  0.119442  -0.095751  -0.118768  0.992840  0.012729  0.096586  -0.001207  0.995324  0.000092  -0.000367  -0.000364  0.000000  0.000000  0.000000  2.000000  
191.407123 0.005512  0.088597  -0.001847  0.988163  0.119647  -0.096013  -0.118969  0.992816  0.012781  0.096852  -0.001207  0.995298  0.000164  -0.000614  -0.000394  0.000000  0.000000  0.000000  2.000000  
191.408377 0.005513  0.088593  -0.001848  0.988075  0.120068  -0.096389  -0.119371  0.992765  0.012989  0.097251  -0.001328  0.995259  0.000233  -0.000897  -0.000512  0.000000  0.000000  0.000000  2.000000  
191.409387 0.005514  0.088590  -0.001848  0.987963  0.120682  -0.096778  -0.119976  0.992690  0.013097  0.097651  -0.001328  0.995220  0.000314  -0.001085  -0.000498  0.000000  0.000000  0.000000  2.000000  
191.410623 0.005516  0.088587  -0.001848  0.987800  0.121704  -0.097161  -0.120988  0.992566  0.013245  0.098050  -0.001328  0.995181  0.000443  -0.001254  -0.000497  0.000000  0.000000  0.000000  2.000000  
191.411623 0.005518  0.088585  -0.001849  0.987635  0.122726  -0.097544  -0.122000  0.992440  0.013394  0.098450  -0.001328  0.995141  0.000539  -0.001448  -0.000517  0.000000  0.000000  0.000000  2.000000  
191.412624 0.005519  0.088582  -0.001851  0.987534  0.123339  -0.097800  -0.122607  0.992364  0.013487  0.098716  -0.001328  0.995115  0.000617  -0.001628  -0.000650  0.000000  0.000000  0.000000  2.000000  
191.413627 0.005520  0.088580  -0.001855  0.987393  0.124145  -0.098200  -0.123415  0.992263  0.013497  0.099116  -0.001207  0.995075  0.000662  -0.001788  -0.000861  0.021634  0.103229  0.179173  2.000000  
191.414872 0.005521  0.088578  -0.001860  0.987238  0.124963  -0.098717  -0.124222  0.992161  0.013644  0.099648  -0.001207  0.995022  0.000755  -0.001855  -0.001157  0.024880  0.120275  0.212029  2.000000  
191.415879 0.005523  0.088577  -0.001862  0.987070  0.125985  -0.099099  -0.125233  0.992031  0.013796  0.100048  -0.001207  0.994982  0.000855  -0.001963  -0.001323  0.024414  0.134554  0.247960  2.000000  
191.416880 0.005525  0.088576  -0.001865  0.986913  0.126802  -0.099616  -0.126039  0.991927  0.013945  0.100580  -0.001207  0.994928  0.000977  -0.002072  -0.001524  0.027200  0.152499  0.275503  2.000000  
191.418129 0.005526  0.088572  -0.001871  0.986730  0.127812  -0.100145  -0.127048  0.991798  0.013995  0.101113  -0.001086  0.994874  0.001079  -0.002336  -0.001904  0.026614  0.170492  0.309988  2.000000  
191.419391 0.005529  0.088567  -0.001878  0.986544  0.128833  -0.100659  -0.128056  0.991666  0.014167  0.101645  -0.001086  0.994820  0.001266  -0.002491  -0.002229  0.030100  0.188339  0.344243  2.000000  
191.420628 0.005533  0.088562  -0.001881  0.986344  0.129854  -0.101304  -0.129063  0.991532  0.014357  0.102310  -0.001086  0.994752  0.001507  -0.002555  -0.002392  0.033659  0.210862  0.378828  2.000000  
191.421628 0.005536  0.088559  -0.001883  0.986210  0.130467  -0.101823  -0.129665  0.991452  0.014489  0.102843  -0.001086  0.994697  0.001658  -0.002623  -0.002439  0.036518  0.228846  0.406431  2.000000  
191.422877 0.005540  0.088552  -0.001885  0.986021  0.131488  -0.102336  -0.130673  0.991317  0.014663  0.103375  -0.001086  0.994642  0.001868  -0.002803  -0.002507  0.040074  0.246778  0.440836  2.000000  
191.424127 0.005546  0.088544  -0.001887  0.985818  0.132497  -0.102996  -0.131678  0.991183  0.014736  0.104041  -0.000965  0.994573  0.002107  -0.003127  -0.002620  0.039587  0.273835  0.475416  2.000000  
191.425130 0.005551  0.088537  -0.001888  0.985654  0.133314  -0.103511  -0.132483  0.991073  0.014892  0.104573  -0.000965  0.994517  0.002352  -0.003473  -0.002719  0.042472  0.291672  0.502754  2.000000  
191.426374 0.005557  0.088528  -0.001890  0.985475  0.134118  -0.104175  -0.133285  0.990965  0.014946  0.105238  -0.000844  0.994447  0.002629  -0.003835  -0.002737  0.041356  0.314219  0.530387  2.000000  
191.427377 0.005562  0.088520  -0.001891  0.985336  0.134718  -0.104709  -0.133886  0.990884  0.014962  0.105770  -0.000724  0.994390  0.002899  -0.004223  -0.002712  0.040209  0.332185  0.557863  2.000000  
191.428624 0.005568  0.088510  -0.001894  0.985197  0.135317  -0.105244  -0.134487  0.990802  0.014979  0.106303  -0.000603  0.994334  0.003215  -0.004645  -0.002632  0.038390  0.350264  0.578623  2.000000  
191.429874 0.005576  0.088501  -0.001897  0.985029  0.136120  -0.105775  -0.135290  0.990692  0.015018  0.106835  -0.000482  0.994277  0.003650  -0.005257  -0.002482  0.036966  0.365223  0.601135  2.000000  
191.431122 0.005583  0.088491  -0.001900  0.984875  0.136911  -0.106191  -0.136096  0.990583  0.014919  0.107234  -0.000241  0.994234  0.003964  -0.005747  -0.002470  0.031806  0.378864  0.628743  2.000000  
191.432130 0.005588  0.088482  -0.001902  0.984748  0.137510  -0.106594  -0.136698  0.990500  0.014919  0.107633  -0.000121  0.994191  0.004231  -0.006173  -0.002388  0.030218  0.395341  0.654284  2.000000  
191.433135 0.005593  0.088474  -0.001905  0.984649  0.137891  -0.107016  -0.137097  0.990447  0.014778  0.108032  0.000121  0.994147  0.004461  -0.006553  -0.002233  0.027721  0.404343  0.667794  2.000000  
191.434388 0.005598  0.088464  -0.001907  0.984549  0.138273  -0.107439  -0.137497  0.990394  0.014637  0.108431  0.000362  0.994104  0.004601  -0.006857  -0.001983  0.019038  0.413389  0.660799  2.000000  
191.435626 0.005604  0.088455  -0.001909  0.984492  0.138464  -0.107716  -0.137695  0.990367  0.014576  0.108697  0.000482  0.994075  0.004743  -0.007164  -0.001846  0.010313  0.405612  0.648642  2.000000  
191.436878 0.005608  0.088444  -0.001910  0.984392  0.138845  -0.108139  -0.138095  0.990314  0.014435  0.109096  0.000723  0.994031  0.004782  -0.007593  -0.001801  0.002464  0.413534  0.653921  2.000000  
191.438128 0.005611  0.088432  -0.001911  0.984292  0.139226  -0.108562  -0.138494  0.990260  0.014295  0.109495  0.000965  0.993987  0.004716  -0.007927  -0.001763  -0.009504  0.413623  0.653947  2.000000  
191.439389 0.005614  0.088419  -0.001913  0.984234  0.139404  -0.108856  -0.138692  0.990235  0.014114  0.109761  0.001206  0.993957  0.004464  -0.008222  -0.001698  -0.019582  0.408996  0.632899  2.000000  
191.440625 0.005617  0.088406  -0.001914  0.984205  0.139377  -0.109153  -0.138688  0.990238  0.013911  0.110027  0.001447  0.993928  0.004202  -0.008534  -0.001719  -0.031812  0.400255  0.591807  2.000000  
191.441880 0.005618  0.088392  -0.001914  0.984147  0.139554  -0.109448  -0.138887  0.990213  0.013731  0.110293  0.001688  0.993898  0.003923  -0.008794  -0.001614  -0.041936  0.395833  0.571101  2.000000  
191.443121 0.005620  0.088379  -0.001913  0.984089  0.139717  -0.109759  -0.139085  0.990189  0.013430  0.110559  0.002049  0.993867  0.003598  -0.009033  -0.001363  -0.055688  0.388210  0.545835  2.000000  
191.444125 0.005621  0.088368  -0.001912  0.984031  0.139894  -0.110054  -0.139284  0.990164  0.013250  0.110825  0.002290  0.993837  0.003275  -0.009263  -0.001082  -0.062243  0.387140  0.529792  2.000000  
191.445126 0.005622  0.088357  -0.001911  0.984017  0.139867  -0.110219  -0.139282  0.990167  0.013028  0.110958  0.002532  0.993822  0.002936  -0.009496  -0.000841  -0.072555  0.374985  0.497948  2.000000  
191.446372 0.005623  0.088343  -0.001910  0.983987  0.139826  -0.110534  -0.139278  0.990172  0.012705  0.111224  0.002893  0.993791  0.002579  -0.009740  -0.000588  -0.088190  0.366439  0.464139  2.000000  
191.447374 0.005622  0.088331  -0.001909  0.983973  0.139799  -0.110699  -0.139275  0.990175  0.012484  0.111357  0.003134  0.993776  0.002196  -0.009933  -0.000408  -0.099005  0.357297  0.436472  2.000000  
191.448379 0.005621  0.088320  -0.001909  0.983973  0.139772  -0.110733  -0.139275  0.990178  0.012243  0.111357  0.003375  0.993775  0.001783  -0.010174  -0.000210  -0.107439  0.337814  0.405631  2.000000  
191.449389 0.005620  0.088309  -0.001909  0.983929  0.139948  -0.110896  -0.139476  0.990152  0.012045  0.111490  0.003616  0.993759  0.001421  -0.010415  -0.000037  -0.116007  0.330552  0.388537  2.000000  
191.450630 0.005619  0.088295  -0.001909  0.983929  0.139908  -0.110947  -0.139476  0.990157  0.011684  0.111490  0.003978  0.993758  0.000973  -0.010733  0.000027  -0.133462  0.306273  0.350383  2.000000  
191.451879 0.005617  0.088280  -0.001910  0.983929  0.139881  -0.110981  -0.139476  0.990159  0.011444  0.111490  0.004219  0.993757  0.000562  -0.010947  0.000009  -0.144503  0.288314  0.322881  2.000000  
191.453127 0.005614  0.088266  -0.001913  0.983958  0.139637  -0.111034  -0.139273  0.990192  0.011061  0.111490  0.004581  0.993755  0.000175  -0.011073  -0.000107  -0.161346  0.266237  0.282026  2.000000  
191.454382 0.005610  0.088251  -0.001915  0.983958  0.139596  -0.111085  -0.139273  0.990196  0.010701  0.111490  0.004942  0.993753  -0.000274  -0.011182  -0.000137  -0.172865  0.243304  0.247129  2.000000  
191.455626 0.005606  0.088237  -0.001917  0.983929  0.139773  -0.111117  -0.139476  0.990170  0.010483  0.111490  0.005183  0.993752  -0.000731  -0.011261  -0.000164  -0.179875  0.220832  0.219638  2.000000  
191.456875 0.005603  0.088223  -0.001918  0.983929  0.139746  -0.111151  -0.139476  0.990172  0.010243  0.111490  0.005424  0.993751  -0.001043  -0.011301  -0.000247  -0.186125  0.198331  0.199000  2.000000  
191.458126 0.005598  0.088208  -0.001920  0.983929  0.139719  -0.111184  -0.139476  0.990175  0.010003  0.111490  0.005665  0.993749  -0.001471  -0.011351  -0.000436  -0.190865  0.183332  0.176919  2.000000  
191.459387 0.005595  0.088194  -0.001920  0.983944  0.139680  -0.111104  -0.139478  0.990178  0.009624  0.111357  0.006027  0.993762  -0.001795  -0.011355  -0.000517  -0.201884  0.160977  0.149626  2.000000  
191.460623 0.005592  0.088180  -0.001920  0.983944  0.139653  -0.111137  -0.139478  0.990181  0.009384  0.111357  0.006268  0.993761  -0.002085  -0.011382  -0.000639  -0.208923  0.143109  0.122381  2.000000  
191.461626 0.005589  0.088170  -0.001921  0.983944  0.139626  -0.111171  -0.139478  0.990183  0.009144  0.111357  0.006509  0.993759  -0.002288  -0.011356  -0.000741  -0.211130  0.129677  0.101909  2.000000  
191.462876 0.005586  0.088155  -0.001923  0.983944  0.139585  -0.111222  -0.139478  0.990186  0.008783  0.111357  0.006871  0.993757  -0.002431  -0.011366  -0.000906  -0.220710  0.116279  0.088283  2.000000  
191.464122 0.005583  0.088141  -0.001924  0.983915  0.139749  -0.111271  -0.139681  0.990161  0.008446  0.111357  0.007232  0.993754  -0.002520  -0.011374  -0.001005  -0.225492  0.102900  0.081475  2.000000  
191.465124 0.005581  0.088131  -0.001925  0.983915  0.139722  -0.111305  -0.139681  0.990163  0.008206  0.111357  0.007474  0.993752  -0.002567  -0.011304  -0.001105  -0.226970  0.093935  0.067835  2.000000  
191.466129 0.005580  0.088120  -0.001926  0.983915  0.139695  -0.111339  -0.139681  0.990165  0.007965  0.111357  0.007715  0.993751  -0.002575  -0.011250  -0.001096  -0.234453  0.081182  0.054683  2.000000  
191.467137 0.005579  0.088110  -0.001928  0.983886  0.139871  -0.111371  -0.139883  0.990138  0.007748  0.111357  0.007956  0.993749  -0.002505  -0.011174  -0.001099  -0.234351  0.072172  0.054681  2.000000  
191.468382 0.005578  0.088097  -0.001930  0.983901  0.139832  -0.111291  -0.139885  0.990140  0.007369  0.111224  0.008317  0.993761  -0.002311  -0.011027  -0.001107  -0.239985  0.054150  0.041000  2.000000  
191.469394 0.005578  0.088087  -0.001932  0.983872  0.140009  -0.111323  -0.140088  0.990113  0.007152  0.111224  0.008559  0.993759  -0.002118  -0.010960  -0.001146  -0.243204  0.049676  0.047870  2.000000  
191.470626 0.005579  0.088075  -0.001935  0.983843  0.140186  -0.111356  -0.140290  0.990086  0.006935  0.111224  0.008800  0.993756  -0.001832  -0.010819  -0.001233  -0.239279  0.036231  0.047956  2.000000  
191.471626 0.005580  0.088065  -0.001938  0.983858  0.140173  -0.111241  -0.140292  0.990087  0.006796  0.111091  0.008920  0.993770  -0.001575  -0.010684  -0.001314  -0.239305  0.027245  0.048005  2.000000  
191.472626 0.005581  0.088055  -0.001941  0.983858  0.140146  -0.111275  -0.140292  0.990088  0.006555  0.111091  0.009161  0.993768  -0.001255  -0.010565  -0.001494  -0.240003  0.018218  0.041159  2.000000  
191.473633 0.005582  0.088045  -0.001944  0.983829  0.140337  -0.111291  -0.140495  0.990060  0.006458  0.111091  0.009282  0.993767  -0.000982  -0.010469  -0.001660  -0.235889  0.009230  0.041201  2.000000  
191.474872 0.005584  0.088032  -0.001949  0.983800  0.140527  -0.111306  -0.140697  0.990032  0.006361  0.111091  0.009402  0.993766  -0.000599  -0.010421  -0.001950  -0.227055  0.004787  0.048120  2.000000  
191.475874 0.005587  0.088023  -0.001953  0.983771  0.140717  -0.111322  -0.140900  0.990004  0.006264  0.111091  0.009523  0.993765  -0.000270  -0.010312  -0.002161  -0.222163  -0.004157  0.055042  2.000000  
191.477126 0.005590  0.088010  -0.001957  0.983757  0.140703  -0.111471  -0.140898  0.990005  0.006163  0.111224  0.009643  0.993749  0.000200  -0.010224  -0.002418  -0.213993  -0.004143  0.055040  2.000000  
191.478127 0.005594  0.088000  -0.001960  0.983728  0.140893  -0.111487  -0.141100  0.989977  0.006066  0.111224  0.009764  0.993747  0.000539  -0.010127  -0.002541  -0.209182  -0.004089  0.061928  2.000000  
191.479392 0.005598  0.087989  -0.001963  0.983699  0.141070  -0.111520  -0.141303  0.989949  0.005848  0.111224  0.010005  0.993745  0.001074  -0.009932  -0.002636  -0.209042  -0.008566  0.061919  2.000000  
191.480626 0.005605  0.087979  -0.001966  0.983669  0.141260  -0.111535  -0.141505  0.989921  0.005751  0.111224  0.010126  0.993744  0.001600  -0.009784  -0.002699  -0.198594  -0.008437  0.068269  2.000000  
191.481877 0.005611  0.087968  -0.001968  0.983640  0.141450  -0.111551  -0.141708  0.989892  0.005654  0.111224  0.010246  0.993743  0.002100  -0.009639  -0.002726  -0.193773  -0.008374  0.075086  2.000000  
191.482881 0.005617  0.087960  -0.001970  0.983611  0.141627  -0.111585  -0.141910  0.989865  0.005437  0.111224  0.010487  0.993740  0.002587  -0.009455  -0.002745  -0.189739  -0.008316  0.089454  2.000000  
191.484126 0.005624  0.087950  -0.001973  0.983582  0.141817  -0.111601  -0.142113  0.989836  0.005340  0.111224  0.010608  0.993739  0.003058  -0.009292  -0.002736  -0.180879  -0.008243  0.096366  2.000000  
191.485377 0.005631  0.087941  -0.001976  0.983523  0.142211  -0.111616  -0.142518  0.989778  0.005266  0.111224  0.010728  0.993737  0.003500  -0.009124  -0.002775  -0.178571  -0.008107  0.102364  2.000000  
191.486382 0.005638  0.087933  -0.001978  0.983494  0.142401  -0.111632  -0.142720  0.989750  0.005169  0.111224  0.010849  0.993736  0.003881  -0.008967  -0.002766  -0.171105  -0.008092  0.110076  2.000000  
191.487626 0.005646  0.087923  -0.001982  0.983450  0.142590  -0.111780  -0.142921  0.989721  0.005091  0.111357  0.010969  0.993720  0.004346  -0.008789  -0.002738  -0.166266  -0.003518  0.116925  2.000000  
191.488875 0.005654  0.087913  -0.001986  0.983420  0.142780  -0.111796  -0.143123  0.989692  0.004994  0.111357  0.011090  0.993719  0.004806  -0.008635  -0.002667  -0.161436  0.001058  0.123771  2.000000  
191.490123 0.005661  0.087902  -0.001991  0.983391  0.142970  -0.111812  -0.143326  0.989663  0.004897  0.111357  0.011210  0.993717  0.005042  -0.008557  -0.002719  -0.155326  0.001132  0.129594  2.000000  
191.491382 0.005668  0.087891  -0.001995  0.983332  0.143378  -0.111810  -0.143731  0.989605  0.004943  0.111357  0.011210  0.993717  0.005329  -0.008409  -0.002696  0.000000  0.000000  0.000000  2.000000  
191.492625 0.005675  0.087880  -0.002000  0.983302  0.143582  -0.111809  -0.143933  0.989575  0.004966  0.111357  0.011210  0.993717  0.005538  -0.008359  -0.002772  0.000000  0.000000  0.000000  2.000000  
191.493876 0.005681  0.087868  -0.002005  0.983287  0.143787  -0.111677  -0.144138  0.989545  0.004969  0.111224  0.011210  0.993732  0.005654  -0.008359  -0.002850  0.000000  0.000000  0.000000  2.000000  
191.494876 0.005687  0.087860  -0.002009  0.983257  0.143991  -0.111676  -0.144340  0.989516  0.004992  0.111224  0.011210  0.993732  0.005758  -0.008351  -0.002971  0.000000  0.000000  0.000000  2.000000  
191.495877 0.005692  0.087850  -0.002014  0.983228  0.144194  -0.111675  -0.144542  0.989486  0.005015  0.111224  0.011210  0.993732  0.005737  -0.008429  -0.003140  0.000000  0.000000  0.000000  2.000000  
191.496877 0.005697  0.087841  -0.002019  0.983198  0.144398  -0.111674  -0.144745  0.989456  0.005038  0.111224  0.011210  0.993732  0.005693  -0.008540  -0.003419  0.000000  0.000000  0.000000  2.000000  
191.498127 0.005703  0.087829  -0.002025  0.983168  0.144602  -0.111673  -0.144947  0.989426  0.005061  0.111224  0.011210  0.993732  0.005645  -0.008613  -0.003629  0.000000  0.000000  0.000000  2.000000  
191.499130 0.005708  0.087820  -0.002030  0.983138  0.144805  -0.111672  -0.145150  0.989397  0.005084  0.111224  0.011210  0.993732  0.005601  -0.008692  -0.003842  0.000000  0.000000  0.000000  2.000000  
191.500133 0.005712  0.087811  -0.002035  0.983108  0.145009  -0.111670  -0.145352  0.989367  0.005107  0.111224  0.011210  0.993732  0.005461  -0.008808  -0.004027  -0.061532  0.001800  0.178793  2.000000  
191.501377 0.005718  0.087799  -0.002041  0.983078  0.145199  -0.111687  -0.145554  0.989338  0.005010  0.111224  0.011331  0.993731  0.005372  -0.008934  -0.004190  -0.061038  0.001807  0.177357  2.000000  
191.502383 0.005723  0.087790  -0.002046  0.983048  0.145403  -0.111686  -0.145757  0.989308  0.005033  0.111224  0.011331  0.993731  0.005211  -0.009042  -0.004332  -0.052609  0.006410  0.185584  2.000000  
191.503626 0.005728  0.087778  -0.002051  0.983048  0.145403  -0.111686  -0.145757  0.989308  0.005033  0.111224  0.011331  0.993731  0.005033  -0.009152  -0.004417  -0.048913  0.006300  0.177301  2.000000  
191.504629 0.005731  0.087768  -0.002055  0.983018  0.145607  -0.111685  -0.145959  0.989278  0.005056  0.111224  0.011331  0.993731  0.004900  -0.009196  -0.004423  -0.045225  0.006361  0.178705  2.000000  
191.505877 0.005736  0.087756  -0.002060  0.983018  0.145607  -0.111685  -0.145959  0.989278  0.005056  0.111224  0.011331  0.993731  0.004736  -0.009270  -0.004452  0.000000  0.000000  0.000000  2.000000  
191.506878 0.005739  0.087746  -0.002065  0.982988  0.145810  -0.111684  -0.146162  0.989248  0.005079  0.111224  0.011331  0.993731  0.004588  -0.009350  -0.004515  -0.037067  0.001887  0.178785  2.000000  
191.508123 0.005744  0.087733  -0.002071  0.982988  0.145810  -0.111684  -0.146162  0.989248  0.005079  0.111224  0.011331  0.993731  0.004415  -0.009483  -0.004588  0.000000  0.000000  0.000000  2.000000  
191.509388 0.005747  0.087720  -0.002077  0.982988  0.145810  -0.111684  -0.146162  0.989248  0.005079  0.111224  0.011331  0.993731  0.004183  -0.009599  -0.004654  0.000000  0.000000  0.000000  2.000000  
191.510623 0.005751  0.087707  -0.002084  0.982988  0.145824  -0.111666  -0.146162  0.989247  0.005199  0.111224  0.011210  0.993732  0.004016  -0.009744  -0.004732  0.000000  0.000000  0.000000  2.000000  
191.511877 0.005755  0.087693  -0.002091  0.982958  0.146027  -0.111665  -0.146364  0.989217  0.005222  0.111224  0.011210  0.993732  0.003902  -0.009830  -0.004779  0.000000  0.000000  0.000000  2.000000  
191.513125 0.005758  0.087680  -0.002098  0.982958  0.146041  -0.111647  -0.146364  0.989216  0.005342  0.111224  0.011090  0.993734  0.003710  -0.009930  -0.004829  0.000000  0.000000  0.000000  2.000000  
191.514385 0.005762  0.087667  -0.002105  0.982988  0.145837  -0.111649  -0.146162  0.989246  0.005319  0.111224  0.011090  0.993734  0.003573  -0.010038  -0.004881  0.000000  0.000000  0.000000  2.000000  
191.515631 0.005766  0.087653  -0.002111  0.983003  0.145852  -0.111499  -0.146164  0.989246  0.005420  0.111091  0.010969  0.993750  0.003405  -0.010193  -0.004928  0.000000  0.000000  0.000000  2.000000  
191.516879 0.005769  0.087640  -0.002117  0.983003  0.145852  -0.111499  -0.146164  0.989246  0.005420  0.111091  0.010969  0.993750  0.003239  -0.010305  -0.004895  0.000000  0.000000  0.000000  2.000000  
191.518126 0.005773  0.087627  -0.002123  0.983003  0.145866  -0.111482  -0.146164  0.989245  0.005540  0.111091  0.010849  0.993751  0.003131  -0.010356  -0.004950  0.000000  0.000000  0.000000  2.000000  
191.519127 0.005776  0.087617  -0.002127  0.983003  0.145866  -0.111482  -0.146164  0.989245  0.005540  0.111091  0.010849  0.993751  0.003065  -0.010436  -0.004966  0.000000  0.000000  0.000000  2.000000  
191.520379 0.005779  0.087604  -0.002133  0.983033  0.145662  -0.111483  -0.145961  0.989275  0.005517  0.111091  0.010849  0.993751  0.002963  -0.010452  -0.004950  0.000000  0.000000  0.000000  2.000000  
191.521381 0.005782  0.087594  -0.002137  0.983033  0.145662  -0.111483  -0.145961  0.989275  0.005517  0.111091  0.010849  0.993751  0.002934  -0.010484  -0.004957  0.000000  0.000000  0.000000  2.000000  
191.522390 0.005785  0.087584  -0.002140  0.983033  0.145662  -0.111483  -0.145961  0.989275  0.005517  0.111091  0.010849  0.993751  0.002886  -0.010460  -0.004867  0.000000  0.000000  0.000000  2.000000  
191.523633 0.005788  0.087571  -0.002145  0.983048  0.145471  -0.111598  -0.145757  0.989304  0.005633  0.111224  0.010728  0.993737  0.002826  -0.010482  -0.004821  0.000000  0.000000  0.000000  2.000000  
191.524872 0.005792  0.087558  -0.002149  0.983048  0.145471  -0.111598  -0.145757  0.989304  0.005633  0.111224  0.010728  0.993737  0.002867  -0.010393  -0.004626  0.000000  0.000000  0.000000  2.000000  
191.526127 0.005795  0.087547  -0.002153  0.983048  0.145471  -0.111598  -0.145757  0.989304  0.005633  0.111224  0.010728  0.993737  0.002834  -0.010278  -0.004387  0.000000  0.000000  0.000000  2.000000  
191.527380 0.005799  0.087535  -0.002157  0.983078  0.145280  -0.111581  -0.145554  0.989334  0.005730  0.111224  0.010608  0.993739  0.002825  -0.010200  -0.004174  0.000000  0.000000  0.000000  2.000000  
191.528627 0.005802  0.087523  -0.002160  0.983078  0.145280  -0.111581  -0.145554  0.989334  0.005730  0.111224  0.010608  0.993739  0.002827  -0.010067  -0.003918  0.000000  0.000000  0.000000  2.000000  
191.529629 0.005805  0.087514  -0.002163  0.983078  0.145294  -0.111564  -0.145554  0.989333  0.005850  0.111224  0.010487  0.993740  0.002847  -0.009998  -0.003772  0.000000  0.000000  0.000000  2.000000  
191.530873 0.005809  0.087503  -0.002167  0.983123  0.145092  -0.111433  -0.145354  0.989363  0.005808  0.111091  0.010487  0.993755  0.002855  -0.009890  -0.003657  0.000000  0.000000  0.000000  2.000000  
191.531878 0.005813  0.087494  -0.002170  0.983123  0.145092  -0.111433  -0.145354  0.989363  0.005808  0.111091  0.010487  0.993755  0.002891  -0.009744  -0.003516  0.000000  0.000000  0.000000  2.000000  
191.532880 0.005815  0.087485  -0.002173  0.983123  0.145105  -0.111416  -0.145354  0.989362  0.005928  0.111091  0.010367  0.993756  0.002903  -0.009640  -0.003376  0.000000  0.000000  0.000000  2.000000  
191.533880 0.005819  0.087476  -0.002176  0.983123  0.145105  -0.111416  -0.145354  0.989362  0.005928  0.111091  0.010367  0.993756  0.002937  -0.009530  -0.003324  0.000000  0.000000  0.000000  2.000000  
191.535126 0.005823  0.087465  -0.002180  0.983123  0.145119  -0.111398  -0.145354  0.989361  0.006048  0.111091  0.010246  0.993757  0.002998  -0.009420  -0.003205  0.000000  0.000000  0.000000  2.000000  
191.536126 0.005827  0.087457  -0.002182  0.983153  0.144915  -0.111399  -0.145152  0.989391  0.006025  0.111091  0.010246  0.993757  0.003050  -0.009280  -0.003098  0.000000  0.000000  0.000000  2.000000  
191.537378 0.005831  0.087447  -0.002186  0.983153  0.144915  -0.111399  -0.145152  0.989391  0.006025  0.111091  0.010246  0.993757  0.003092  -0.009135  -0.003016  0.000000  0.000000  0.000000  2.000000  
191.538388 0.005835  0.087439  -0.002188  0.983123  0.145132  -0.111381  -0.145354  0.989360  0.006168  0.111091  0.010126  0.993759  0.003175  -0.008938  -0.002870  0.000000  0.000000  0.000000  2.000000  
191.539394 0.005839  0.087431  -0.002189  0.983123  0.145132  -0.111381  -0.145354  0.989360  0.006168  0.111091  0.010126  0.993759  0.003224  -0.008788  -0.002759  0.000000  0.000000  0.000000  2.000000  
191.540625 0.005843  0.087421  -0.002192  0.983123  0.145132  -0.111381  -0.145354  0.989360  0.006168  0.111091  0.010126  0.993759  0.003326  -0.008635  -0.002667  0.000000  0.000000  0.000000  2.000000  
191.541626 0.005847  0.087414  -0.002193  0.983123  0.145146  -0.111363  -0.145354  0.989360  0.006288  0.111091  0.010005  0.993760  0.003365  -0.008502  -0.002593  0.000000  0.000000  0.000000  2.000000  
191.542876 0.005852  0.087405  -0.002195  0.983123  0.145146  -0.111363  -0.145354  0.989360  0.006288  0.111091  0.010005  0.993760  0.003477  -0.008307  -0.002444  0.000000  0.000000  0.000000  2.000000  
191.544124 0.005857  0.087397  -0.002197  0.983123  0.145146  -0.111363  -0.145354  0.989360  0.006288  0.111091  0.010005  0.993760  0.003552  -0.008116  -0.002328  0.000000  0.000000  0.000000  2.000000  
191.545377 0.005862  0.087388  -0.002199  0.983123  0.145146  -0.111363  -0.145354  0.989360  0.006288  0.111091  0.010005  0.993760  0.003622  -0.007904  -0.002226  0.000000  0.000000  0.000000  2.000000  
191.546387 0.005866  0.087382  -0.002200  0.983093  0.145363  -0.111344  -0.145557  0.989329  0.006431  0.111091  0.009885  0.993761  0.003655  -0.007753  -0.002112  0.000000  0.000000  0.000000  2.000000  
191.547627 0.005870  0.087373  -0.002203  0.983093  0.145363  -0.111344  -0.145557  0.989329  0.006431  0.111091  0.009885  0.993761  0.003711  -0.007584  -0.002048  0.000000  0.000000  0.000000  2.000000  
191.548628 0.005874  0.087367  -0.002205  0.983093  0.145363  -0.111344  -0.145557  0.989329  0.006431  0.111091  0.009885  0.993761  0.003694  -0.007432  -0.001904  0.000000  0.000000  0.000000  2.000000  
191.549882 0.005878  0.087359  -0.002207  0.983093  0.145363  -0.111344  -0.145557  0.989329  0.006431  0.111091  0.009885  0.993761  0.003753  -0.007181  -0.001809  0.000000  0.000000  0.000000  2.000000  
191.551126 0.005883  0.087352  -0.002209  0.983063  0.145567  -0.111343  -0.145759  0.989299  0.006454  0.111091  0.009885  0.993761  0.003784  -0.007023  -0.001806  0.000000  0.000000  0.000000  2.000000  
191.552126 0.005887  0.087346  -0.002211  0.983063  0.145580  -0.111325  -0.145759  0.989298  0.006574  0.111091  0.009764  0.993762  0.003780  -0.006855  -0.001717  0.000000  0.000000  0.000000  2.000000  
191.553379 0.005891  0.087338  -0.002213  0.983063  0.145580  -0.111325  -0.145759  0.989298  0.006574  0.111091  0.009764  0.993762  0.003764  -0.006725  -0.001703  0.000000  0.000000  0.000000  2.000000  
191.554386 0.005895  0.087332  -0.002215  0.983063  0.145580  -0.111325  -0.145759  0.989298  0.006574  0.111091  0.009764  0.993762  0.003734  -0.006622  -0.001749  0.000000  0.000000  0.000000  2.000000  
191.555627 0.005899  0.087325  -0.002218  0.983033  0.145784  -0.111324  -0.145961  0.989268  0.006597  0.111091  0.009764  0.993762  0.003716  -0.006453  -0.001760  0.000000  0.000000  0.000000  2.000000  
191.556876 0.005903  0.087317  -0.002221  0.983033  0.145784  -0.111324  -0.145961  0.989268  0.006597  0.111091  0.009764  0.993762  0.003638  -0.006323  -0.001853  0.000000  0.000000  0.000000  2.000000  
191.558127 0.005907  0.087310  -0.002223  0.983003  0.145987  -0.111322  -0.146164  0.989238  0.006620  0.111091  0.009764  0.993762  0.003608  -0.006219  -0.001900  0.000000  0.000000  0.000000  2.000000  
191.559387 0.005911  0.087303  -0.002226  0.983003  0.145987  -0.111322  -0.146164  0.989238  0.006620  0.111091  0.009764  0.993762  0.003529  -0.006133  -0.001933  0.000000  0.000000  0.000000  2.000000  
191.560624 0.005915  0.087296  -0.002228  0.983003  0.145987  -0.111322  -0.146164  0.989238  0.006620  0.111091  0.009764  0.993762  0.003441  -0.006050  -0.001935  0.000000  0.000000  0.000000  2.000000  
191.561872 0.005918  0.087288  -0.002231  0.982973  0.146191  -0.111321  -0.146366  0.989208  0.006643  0.111091  0.009764  0.993762  0.003368  -0.005983  -0.001958  0.000000  0.000000  0.000000  2.000000  
191.562872 0.005921  0.087283  -0.002232  0.982973  0.146191  -0.111321  -0.146366  0.989208  0.006643  0.111091  0.009764  0.993762  0.003317  -0.005896  -0.001925  0.000000  0.000000  0.000000  2.000000  
191.563876 0.005923  0.087278  -0.002234  0.982973  0.146178  -0.111339  -0.146366  0.989209  0.006523  0.111091  0.009885  0.993761  0.003228  -0.005811  -0.001926  0.000000  0.000000  0.000000  2.000000  
191.565125 0.005926  0.087271  -0.002237  0.982973  0.146178  -0.111339  -0.146366  0.989209  0.006523  0.111091  0.009885  0.993761  0.003128  -0.005781  -0.001968  0.000000  0.000000  0.000000  2.000000  
191.566128 0.005929  0.087266  -0.002239  0.982943  0.146381  -0.111337  -0.146568  0.989179  0.006546  0.111091  0.009885  0.993761  0.003014  -0.005755  -0.001978  0.000000  0.000000  0.000000  2.000000  
191.567131 0.005931  0.087260  -0.002241  0.982943  0.146381  -0.111337  -0.146568  0.989179  0.006546  0.111091  0.009885  0.993761  0.002951  -0.005676  -0.002046  0.000000  0.000000  0.000000  2.000000  
191.568379 0.005934  0.087254  -0.002244  0.982943  0.146381  -0.111337  -0.146568  0.989179  0.006546  0.111091  0.009885  0.993761  0.002836  -0.005641  -0.002055  0.000000  0.000000  0.000000  2.000000  
191.569390 0.005936  0.087248  -0.002247  0.982943  0.146381  -0.111337  -0.146568  0.989179  0.006546  0.111091  0.009885  0.993761  0.002725  -0.005581  -0.002109  0.000000  0.000000  0.000000  2.000000  
191.570629 0.005938  0.087242  -0.002250  0.982943  0.146381  -0.111337  -0.146568  0.989179  0.006546  0.111091  0.009885  0.993761  0.002604  -0.005523  -0.002132  0.000000  0.000000  0.000000  2.000000  
191.571631 0.005940  0.087236  -0.002252  0.982943  0.146368  -0.111355  -0.146568  0.989180  0.006426  0.111091  0.010005  0.993760  0.002496  -0.005514  -0.002129  0.000000  0.000000  0.000000  2.000000  
191.572876 0.005942  0.087230  -0.002255  0.982913  0.146571  -0.111354  -0.146771  0.989150  0.006449  0.111091  0.010005  0.993760  0.002374  -0.005454  -0.002151  0.000000  0.000000  0.000000  2.000000  
191.574127 0.005944  0.087222  -0.002258  0.982913  0.146571  -0.111354  -0.146771  0.989150  0.006449  0.111091  0.010005  0.993760  0.002281  -0.005454  -0.002185  0.000000  0.000000  0.000000  2.000000  
191.575377 0.005946  0.087216  -0.002261  0.982913  0.146571  -0.111354  -0.146771  0.989150  0.006449  0.111091  0.010005  0.993760  0.002179  -0.005414  -0.002189  0.000000  0.000000  0.000000  2.000000  
191.576377 0.005948  0.087211  -0.002263  0.982913  0.146571  -0.111354  -0.146771  0.989150  0.006449  0.111091  0.010005  0.993760  0.002095  -0.005357  -0.002214  0.000000  0.000000  0.000000  2.000000  
191.577623 0.005950  0.087204  -0.002265  0.982913  0.146571  -0.111354  -0.146771  0.989150  0.006449  0.111091  0.010005  0.993760  0.002012  -0.005374  -0.002196  0.000000  0.000000  0.000000  2.000000  
191.578624 0.005952  0.087198  -0.002268  0.982913  0.146558  -0.111372  -0.146771  0.989150  0.006329  0.111091  0.010126  0.993759  0.001938  -0.005410  -0.002289  0.000000  0.000000  0.000000  2.000000  
191.579625 0.005953  0.087193  -0.002270  0.982913  0.146558  -0.111372  -0.146771  0.989150  0.006329  0.111091  0.010126  0.993759  0.001850  -0.005398  -0.002281  0.000000  0.000000  0.000000  2.000000  
191.580626 0.005954  0.087187  -0.002273  0.982913  0.146558  -0.111372  -0.146771  0.989150  0.006329  0.111091  0.010126  0.993759  0.001773  -0.005402  -0.002347  0.000000  0.000000  0.000000  2.000000  
191.581627 0.005956  0.087182  -0.002275  0.982882  0.146761  -0.111370  -0.146973  0.989120  0.006351  0.111091  0.010126  0.993759  0.001751  -0.005369  -0.002324  0.000000  0.000000  0.000000  2.000000  
191.582630 0.005957  0.087177  -0.002277  0.982882  0.146761  -0.111370  -0.146973  0.989120  0.006351  0.111091  0.010126  0.993759  0.001674  -0.005364  -0.002328  0.000000  0.000000  0.000000  2.000000  
191.583879 0.005959  0.087171  -0.002280  0.982882  0.146748  -0.111388  -0.146973  0.989121  0.006231  0.111091  0.010246  0.993757  0.001624  -0.005336  -0.002302  0.000000  0.000000  0.000000  2.000000  
191.584879 0.005960  0.087166  -0.002283  0.982882  0.146748  -0.111388  -0.146973  0.989121  0.006231  0.111091  0.010246  0.993757  0.001561  -0.005337  -0.002341  0.000000  0.000000  0.000000  2.000000  
191.586125 0.005961  0.087159  -0.002285  0.982882  0.146748  -0.111388  -0.146973  0.989121  0.006231  0.111091  0.010246  0.993757  0.001491  -0.005325  -0.002304  0.000000  0.000000  0.000000  2.000000  
191.587126 0.005962  0.087154  -0.002288  0.982882  0.146748  -0.111388  -0.146973  0.989121  0.006231  0.111091  0.010246  0.993757  0.001441  -0.005285  -0.002274  0.000000  0.000000  0.000000  2.000000  
191.588129 0.005964  0.087149  -0.002290  0.982882  0.146748  -0.111388  -0.146973  0.989121  0.006231  0.111091  0.010246  0.993757  0.001399  -0.005233  -0.002303  0.000000  0.000000  0.000000  2.000000  
191.589403 0.005965  0.087143  -0.002293  0.982882  0.146748  -0.111388  -0.146973  0.989121  0.006231  0.111091  0.010246  0.993757  0.001335  -0.005192  -0.002309  0.000000  0.000000  0.000000  2.000000  
191.590673 0.005966  0.087137  -0.002297  0.982882  0.146748  -0.111388  -0.146973  0.989121  0.006231  0.111091  0.010246  0.993757  0.001286  -0.005159  -0.002351  0.000000  0.000000  0.000000  2.000000  
191.591873 0.005967  0.087130  -0.002300  0.982882  0.146748  -0.111388  -0.146973  0.989121  0.006231  0.111091  0.010246  0.993757  0.001226  -0.005185  -0.002460  0.000000  0.000000  0.000000  2.000000  
191.593122 0.005969  0.087124  -0.002304  0.982882  0.146748  -0.111388  -0.146973  0.989121  0.006231  0.111091  0.010246  0.993757  0.001188  -0.005129  -0.002473  0.000000  0.000000  0.000000  2.000000  
191.594122 0.005970  0.087119  -0.002307  0.982868  0.146733  -0.111537  -0.146971  0.989122  0.006131  0.111224  0.010367  0.993741  0.001149  -0.005130  -0.002506  0.000000  0.000000  0.000000  2.000000  
191.595127 0.005971  0.087114  -0.002309  0.982868  0.146733  -0.111537  -0.146971  0.989122  0.006131  0.111224  0.010367  0.993741  0.001148  -0.005055  -0.002553  0.000000  0.000000  0.000000  2.000000  
191.596376 0.005972  0.087109  -0.002312  0.982868  0.146733  -0.111537  -0.146971  0.989122  0.006131  0.111224  0.010367  0.993741  0.001105  -0.005022  -0.002519  0.000000  0.000000  0.000000  2.000000  
191.597622 0.005974  0.087103  -0.002315  0.982837  0.146937  -0.111536  -0.147173  0.989092  0.006154  0.111224  0.010367  0.993741  0.001091  -0.004973  -0.002544  0.000000  0.000000  0.000000  2.000000  
191.598632 0.005975  0.087098  -0.002318  0.982837  0.146937  -0.111536  -0.147173  0.989092  0.006154  0.111224  0.010367  0.993741  0.001095  -0.004917  -0.002577  0.000000  0.000000  0.000000  2.000000  
191.599883 0.005977  0.087093  -0.002321  0.982837  0.146937  -0.111536  -0.147173  0.989092  0.006154  0.111224  0.010367  0.993741  0.001080  -0.004864  -0.002601  0.000000  0.000000  0.000000  2.000000  
191.601127 0.005978  0.087087  -0.002325  0.982837  0.146937  -0.111536  -0.147173  0.989092  0.006154  0.111224  0.010367  0.993741  0.001098  -0.004790  -0.002607  0.000000  0.000000  0.000000  2.000000  
191.602127 0.005979  0.087083  -0.002327  0.982837  0.146937  -0.111536  -0.147173  0.989092  0.006154  0.111224  0.010367  0.993741  0.001082  -0.004735  -0.002629  0.000000  0.000000  0.000000  2.000000  
191.603379 0.005981  0.087078  -0.002331  0.982807  0.147140  -0.111535  -0.147376  0.989061  0.006177  0.111224  0.010367  0.993741  0.001114  -0.004660  -0.002666  0.000000  0.000000  0.000000  2.000000  
191.604381 0.005982  0.087074  -0.002333  0.982807  0.147140  -0.111535  -0.147376  0.989061  0.006177  0.111224  0.010367  0.993741  0.001133  -0.004626  -0.002682  0.000000  0.000000  0.000000  2.000000  
191.605626 0.005984  0.087069  -0.002337  0.982807  0.147140  -0.111535  -0.147376  0.989061  0.006177  0.111224  0.010367  0.993741  0.001144  -0.004530  -0.002701  0.000000  0.000000  0.000000  2.000000  
191.606626 0.005985  0.087065  -0.002340  0.982807  0.147140  -0.111535  -0.147376  0.989061  0.006177  0.111224  0.010367  0.993741  0.001178  -0.004427  -0.002708  0.000000  0.000000  0.000000  2.000000  
191.607877 0.005987  0.087060  -0.002343  0.982807  0.147140  -0.111535  -0.147376  0.989061  0.006177  0.111224  0.010367  0.993741  0.001220  -0.004294  -0.002701  0.000000  0.000000  0.000000  2.000000  
191.609122 0.005988  0.087056  -0.002347  0.982777  0.147344  -0.111534  -0.147578  0.989031  0.006200  0.111224  0.010367  0.993741  0.001223  -0.004168  -0.002732  0.000000  0.000000  0.000000  2.000000  
191.610389 0.005990  0.087052  -0.002351  0.982777  0.147344  -0.111534  -0.147578  0.989031  0.006200  0.111224  0.010367  0.993741  0.001237  -0.004080  -0.002729  0.000000  0.000000  0.000000  2.000000  
191.611626 0.005992  0.087048  -0.002354  0.982777  0.147344  -0.111534  -0.147578  0.989031  0.006200  0.111224  0.010367  0.993741  0.001280  -0.003951  -0.002725  0.000000  0.000000  0.000000  2.000000  
191.612872 0.005994  0.087044  -0.002358  0.982746  0.147548  -0.111532  -0.147780  0.989001  0.006223  0.111224  0.010367  0.993741  0.001357  -0.003824  -0.002752  0.000000  0.000000  0.000000  2.000000  
191.613876 0.005995  0.087041  -0.002360  0.982746  0.147548  -0.111532  -0.147780  0.989001  0.006223  0.111224  0.010367  0.993741  0.001335  -0.003747  -0.002788  0.000000  0.000000  0.000000  2.000000  
191.614878 0.005997  0.087038  -0.002364  0.982716  0.147751  -0.111531  -0.147983  0.988970  0.006246  0.111224  0.010367  0.993741  0.001359  -0.003648  -0.002837  0.000000  0.000000  0.000000  2.000000  
191.615880 0.005998  0.087035  -0.002366  0.982716  0.147751  -0.111531  -0.147983  0.988970  0.006246  0.111224  0.010367  0.993741  0.001378  -0.003512  -0.002831  0.000000  0.000000  0.000000  2.000000  
191.616880 0.006000  0.087033  -0.002370  0.982716  0.147751  -0.111531  -0.147983  0.988970  0.006246  0.111224  0.010367  0.993741  0.001416  -0.003417  -0.002915  0.000000  0.000000  0.000000  2.000000  
191.618125 0.006002  0.087030  -0.002374  0.982685  0.147955  -0.111530  -0.148185  0.988940  0.006269  0.111224  0.010367  0.993741  0.001424  -0.003288  -0.002904  0.000000  0.000000  0.000000  2.000000  
191.619126 0.006004  0.087028  -0.002376  0.982685  0.147955  -0.111530  -0.148185  0.988940  0.006269  0.111224  0.010367  0.993741  0.001465  -0.003158  -0.002898  0.000000  0.000000  0.000000  2.000000  
191.620382 0.006006  0.087025  -0.002380  0.982655  0.148158  -0.111528  -0.148387  0.988909  0.006292  0.111224  0.010367  0.993741  0.001501  -0.003020  -0.002928  0.000000  0.000000  0.000000  2.000000  
