1-Time 2-Px 3-Py 4-Pz 5-R11 6-R21 7-R31 8-R12 9-R22 10-R32 11-R13 12-R23 13-R33 14-Vx 15-Vy 16-Vz 17-Wx 18-Wy 19-Wz 20-state 21-PR11 22-PR21 23-PR31 24-PR12 25-PR22 26-PR32 27-PR13 28-PR23 29-PR33 
144.649534 0.002816  0.085470  -0.002807  0.998169  -0.008701  -0.059860  0.060489  0.143579  0.987788  0.000000  -0.989601  0.143843  -0.000085  0.000744  -0.000380  0.000000  0.000000  0.000000  2.000000  
144.650552 0.002816  0.085471  -0.002808  0.998169  -0.008701  -0.059860  0.060489  0.143579  0.987788  0.000000  -0.989601  0.143843  -0.000065  0.000725  -0.000408  0.000000  0.000000  0.000000  2.000000  
144.651560 0.002815  0.085469  -0.002809  0.998169  -0.008576  -0.059878  0.060489  0.143707  0.987770  0.000134  -0.989583  0.143963  -0.000140  0.000571  -0.000434  0.000000  0.000000  0.000000  2.000000  
144.652788 0.002814  0.085466  -0.002810  0.998169  -0.008187  -0.059935  0.060489  0.143851  0.987749  0.000535  -0.989565  0.144083  -0.000191  0.000280  -0.000502  0.000000  0.000000  0.000000  2.000000  
144.654041 0.002814  0.085463  -0.002810  0.998169  -0.007937  -0.059972  0.060489  0.144107  0.987712  0.000803  -0.989530  0.144323  -0.000232  -0.000002  -0.000470  0.000000  0.000000  0.000000  2.000000  
144.655300 0.002814  0.085461  -0.002809  0.998168  -0.007812  -0.059990  0.060489  0.144234  0.987693  0.000937  -0.989513  0.144443  -0.000223  -0.000182  -0.000421  0.000000  0.000000  0.000000  2.000000  
144.656543 0.002814  0.085459  -0.002808  0.998168  -0.007695  -0.060007  0.060489  0.144482  0.987657  0.001070  -0.989478  0.144683  -0.000189  -0.000358  -0.000306  0.000000  0.000000  0.000000  2.000000  
144.657546 0.002814  0.085458  -0.002807  0.998181  -0.007540  -0.059822  0.060284  0.144611  0.987650  0.001204  -0.989460  0.144803  -0.000159  -0.000498  -0.000199  0.000000  0.000000  0.000000  2.000000  
144.658556 0.002816  0.085456  -0.002807  0.998180  -0.007290  -0.059859  0.060284  0.144867  0.987613  0.001472  -0.989424  0.145043  -0.000053  -0.000671  -0.000168  0.000000  0.000000  0.000000  2.000000  
144.659792 0.002817  0.085454  -0.002807  0.998180  -0.007048  -0.059895  0.060284  0.145242  0.987558  0.001739  -0.989371  0.145403  0.000037  -0.000914  -0.000131  0.000000  0.000000  0.000000  2.000000  
144.660792 0.002819  0.085453  -0.002808  0.998179  -0.006798  -0.059933  0.060284  0.145498  0.987520  0.002007  -0.989335  0.145643  0.000146  -0.001033  -0.000155  0.000000  0.000000  0.000000  2.000000  
144.662044 0.002819  0.085451  -0.002809  0.998178  -0.006423  -0.059989  0.060283  0.145881  0.987464  0.002408  -0.989281  0.146003  0.000177  -0.001197  -0.000185  0.000000  0.000000  0.000000  2.000000  
144.663045 0.002819  0.085450  -0.002811  0.998178  -0.006181  -0.060025  0.060283  0.146256  0.987408  0.002676  -0.989227  0.146362  0.000184  -0.001368  -0.000281  0.000000  0.000000  0.000000  2.000000  
144.664045 0.002818  0.085446  -0.002814  0.998177  -0.005799  -0.060083  0.060283  0.146520  0.987369  0.003077  -0.989191  0.146602  0.000168  -0.001648  -0.000461  0.000000  0.000000  0.000000  2.000000  
144.665292 0.002818  0.085441  -0.002817  0.998188  -0.005534  -0.059916  0.060078  0.147016  0.987308  0.003345  -0.989119  0.147082  0.000103  -0.002035  -0.000660  0.000000  0.000000  0.000000  2.000000  
144.666554 0.002817  0.085435  -0.002821  0.998187  -0.005167  -0.059972  0.060078  0.147519  0.987233  0.003746  -0.989046  0.147562  0.000107  -0.002309  -0.000849  0.000000  0.000000  0.000000  2.000000  
144.667792 0.002816  0.085428  -0.002823  0.998197  -0.004769  -0.059826  0.059872  0.148023  0.987170  0.004148  -0.988972  0.148041  0.000157  -0.002481  -0.000839  0.000000  0.000000  0.000000  2.000000  
144.669038 0.002817  0.085423  -0.002824  0.998208  -0.004378  -0.059679  0.059667  0.148646  0.987089  0.004549  -0.988881  0.148641  0.000195  -0.002688  -0.000918  -0.162968  -0.011863  0.156289  2.000000  
144.670041 0.002817  0.085418  -0.002824  0.998219  -0.004113  -0.059514  0.059461  0.149142  0.987026  0.004817  -0.988807  0.149120  0.000244  -0.002905  -0.000998  -0.179221  -0.017348  0.166173  2.000000  
144.671286 0.002818  0.085413  -0.002825  0.998217  -0.003760  -0.059571  0.059461  0.149883  0.986914  0.005218  -0.988697  0.149840  0.000287  -0.003128  -0.001063  -0.203728  -0.015312  0.179575  2.000000  
144.672290 0.002820  0.085408  -0.002824  0.998227  -0.003369  -0.059426  0.059255  0.150506  0.986832  0.005620  -0.988603  0.150439  0.000391  -0.003327  -0.001116  -0.224164  -0.020124  0.194011  2.000000  
144.673540 0.002823  0.085403  -0.002823  0.998237  -0.002985  -0.059281  0.059050  0.151249  0.986730  0.006021  -0.988491  0.151158  0.000459  -0.003538  -0.001059  -0.248480  -0.024896  0.208284  2.000000  
144.674784 0.002826  0.085397  -0.002823  0.998259  -0.002562  -0.058933  0.058638  0.151871  0.986659  0.006422  -0.988397  0.151757  0.000562  -0.003780  -0.001056  -0.268893  -0.029689  0.222710  2.000000  
144.675792 0.002828  0.085392  -0.002823  0.998268  -0.002171  -0.058790  0.058433  0.152494  0.986576  0.006824  -0.988302  0.152356  0.000619  -0.004042  -0.001039  -0.289189  -0.034460  0.237044  2.000000  
144.677042 0.002831  0.085387  -0.002824  0.998289  -0.001754  -0.058443  0.058022  0.153235  0.986485  0.007225  -0.988188  0.153075  0.000768  -0.004312  -0.000993  -0.313540  -0.046049  0.252416  2.000000  
144.678288 0.002833  0.085380  -0.002825  0.998298  -0.001369  -0.058301  0.057816  0.153977  0.986382  0.007626  -0.988074  0.153794  0.000973  -0.004608  -0.000954  -0.335381  -0.050404  0.264770  2.000000  
144.679293 0.002835  0.085373  -0.002827  0.998307  -0.000984  -0.058158  0.057610  0.154718  0.986278  0.008028  -0.987958  0.154512  0.001142  -0.004821  -0.000800  -0.362366  -0.055522  0.281191  2.000000  
144.680541 0.002837  0.085364  -0.002829  0.998327  -0.000573  -0.057814  0.057199  0.155578  0.986166  0.008429  -0.987823  0.155351  0.001348  -0.005011  -0.000678  -0.387829  -0.066552  0.294351  2.000000  
144.681541 0.002839  0.085357  -0.002829  0.998337  -0.000319  -0.057652  0.056993  0.156311  0.986062  0.008697  -0.987708  0.156069  0.001525  -0.005200  -0.000537  -0.408110  -0.072564  0.299902  2.000000  
144.682555 0.002842  0.085349  -0.002829  0.998358  -0.000033  -0.057288  0.056582  0.157044  0.985969  0.008964  -0.987592  0.156788  0.001732  -0.005338  -0.000428  -0.428030  -0.085971  0.301849  2.000000  
144.683791 0.002845  0.085342  -0.002830  0.998378  0.000241  -0.056924  0.056171  0.158015  0.985838  0.009232  -0.987437  0.157745  0.001941  -0.005493  -0.000410  -0.455906  -0.100855  0.302033  2.000000  
144.685035 0.002849  0.085335  -0.002831  0.998398  0.000646  -0.056582  0.055760  0.158994  0.985704  0.009633  -0.987279  0.158703  0.002098  -0.005585  -0.000438  -0.480396  -0.112088  0.310532  2.000000  
144.686037 0.002852  0.085329  -0.002832  0.998418  0.000935  -0.056219  0.055348  0.159725  0.985609  0.009901  -0.987161  0.159421  0.002267  -0.005699  -0.000517  -0.504624  -0.125873  0.319682  2.000000  
144.687288 0.002856  0.085321  -0.002833  0.998437  0.001335  -0.055879  0.054937  0.160823  0.985453  0.010302  -0.986982  0.160498  0.002368  -0.005840  -0.000617  -0.528747  -0.130060  0.327033  2.000000  
144.688288 0.002859  0.085314  -0.002835  0.998445  0.001585  -0.055720  0.054731  0.161674  0.985325  0.010570  -0.986843  0.161335  0.002448  -0.005997  -0.000791  -0.549013  -0.136011  0.332638  2.000000  
144.689535 0.002864  0.085307  -0.002836  0.998465  0.001848  -0.055360  0.054320  0.162882  0.985149  0.010837  -0.986644  0.162532  0.002563  -0.006096  -0.000859  -0.581206  -0.149328  0.334833  2.000000  
144.690551 0.002867  0.085302  -0.002835  0.998484  0.002132  -0.054999  0.053909  0.163732  0.985031  0.011105  -0.986503  0.163369  0.002669  -0.006145  -0.000832  -0.601847  -0.164642  0.335209  2.000000  
144.691789 0.002871  0.085294  -0.002835  0.998503  0.002403  -0.054640  0.053497  0.164821  0.984872  0.011373  -0.986321  0.164445  0.002752  -0.006260  -0.000788  -0.625203  -0.176667  0.334776  2.000000  
144.692791 0.002874  0.085288  -0.002834  0.998522  0.002682  -0.054281  0.053086  0.165789  0.984731  0.011640  -0.986158  0.165402  0.002757  -0.006377  -0.000661  -0.645251  -0.190698  0.332630  2.000000  
144.693815 0.002876  0.085280  -0.002834  0.998541  0.002961  -0.053923  0.052675  0.166758  0.984590  0.011908  -0.985993  0.166358  0.002763  -0.006406  -0.000503  -0.670361  -0.206292  0.333021  2.000000  
144.695042 0.002878  0.085271  -0.002833  0.998570  0.003263  -0.053363  0.052058  0.167964  0.984418  0.012175  -0.985788  0.167554  0.002769  -0.006472  -0.000301  -0.695096  -0.219815  0.335596  2.000000  
144.696296 0.002880  0.085261  -0.002831  0.998586  0.003663  -0.053029  0.051647  0.169177  0.984232  0.012577  -0.985579  0.168748  0.002743  -0.006474  -0.000088  -0.719530  -0.233257  0.338063  2.000000  
144.697545 0.002882  0.085252  -0.002829  0.998602  0.004064  -0.052697  0.051235  0.170389  0.984044  0.012978  -0.985368  0.169943  0.002667  -0.006489  0.000007  -0.741500  -0.237770  0.336441  2.000000  
144.698554 0.002884  0.085245  -0.002829  0.998620  0.004340  -0.052342  0.050824  0.171475  0.983877  0.013246  -0.985179  0.171018  0.002613  -0.006523  0.000053  -0.763452  -0.246166  0.340377  2.000000  
144.699796 0.002885  0.085236  -0.002830  0.998646  0.004778  -0.051809  0.050207  0.172686  0.983697  0.013647  -0.984965  0.172212  0.002484  -0.006672  0.000029  -0.783882  -0.259608  0.342956  2.000000  
144.701037 0.002887  0.085228  -0.002833  0.998671  0.005218  -0.051276  0.049590  0.173895  0.983515  0.014048  -0.984750  0.173405  0.002369  -0.006723  -0.000009  -0.799953  -0.279790  0.346603  2.000000  
144.702041 0.002889  0.085221  -0.002835  0.998687  0.005503  -0.050923  0.049178  0.174860  0.983364  0.014316  -0.984578  0.174360  0.002265  -0.006773  -0.000082  -0.812020  -0.287079  0.343516  2.000000  
144.703284 0.002892  0.085213  -0.002837  0.998712  0.005939  -0.050394  0.048561  0.176188  0.983158  0.014717  -0.984339  0.175673  0.002186  -0.006745  -0.000142  -0.833458  -0.297244  0.347620  2.000000  
144.704540 0.002894  0.085205  -0.002839  0.998736  0.006382  -0.049865  0.047944  0.177396  0.982971  0.015119  -0.984119  0.176866  0.002045  -0.006823  -0.000250  -0.852167  -0.306841  0.347433  2.000000  
144.705788 0.002896  0.085197  -0.002841  0.998759  0.006814  -0.049338  0.047327  0.178841  0.982739  0.015520  -0.983854  0.178297  0.001850  -0.006869  -0.000353  -0.873335  -0.317558  0.347227  2.000000  
144.707040 0.002897  0.085189  -0.002842  0.998782  0.007254  -0.048813  0.046710  0.180166  0.982526  0.015921  -0.983609  0.179608  0.001690  -0.006940  -0.000458  -0.893298  -0.323957  0.348686  2.000000  
144.708284 0.002897  0.085180  -0.002842  0.998804  0.007689  -0.048289  0.046093  0.181610  0.982290  0.016323  -0.983341  0.181038  0.001516  -0.006956  -0.000505  -0.917291  -0.337124  0.351356  2.000000  
144.709290 0.002897  0.085172  -0.002843  0.998828  0.008012  -0.047740  0.045476  0.182690  0.982118  0.016590  -0.983138  0.182111  0.001369  -0.006976  -0.000619  -0.929060  -0.351061  0.349553  2.000000  
144.710550 0.002898  0.085162  -0.002843  0.998849  0.008450  -0.047218  0.044858  0.184132  0.981877  0.016992  -0.982865  0.183541  0.001247  -0.006990  -0.000772  -0.948397  -0.360982  0.349526  2.000000  
144.711797 0.002898  0.085152  -0.002844  0.998869  0.008890  -0.046699  0.044241  0.185573  0.981634  0.017393  -0.982590  0.184970  0.001141  -0.007028  -0.000990  -0.968646  -0.366664  0.355590  2.000000  
144.713050 0.002898  0.085143  -0.002845  0.998887  0.009463  -0.046205  0.043624  0.187019  0.981387  0.017928  -0.982311  0.186398  0.001030  -0.007051  -0.001074  -0.984539  -0.372227  0.361609  2.000000  
144.714050 0.002899  0.085136  -0.002846  0.998907  0.009923  -0.045684  0.043007  0.188101  0.981208  0.018329  -0.982099  0.187469  0.000938  -0.007046  -0.001104  -0.996594  -0.377171  0.372014  2.000000  
144.715295 0.002899  0.085128  -0.002847  0.998926  0.010367  -0.045169  0.042389  0.189540  0.980958  0.018731  -0.981818  0.188897  0.000882  -0.006983  -0.001026  -1.012807  -0.383598  0.373743  2.000000  
144.716303 0.002900  0.085121  -0.002847  0.998944  0.010823  -0.044652  0.041772  0.190740  0.980751  0.019132  -0.981581  0.190086  0.000806  -0.006987  -0.000943  -1.024349  -0.389070  0.379614  2.000000  
144.717545 0.002902  0.085114  -0.002848  0.998959  0.011402  -0.044164  0.041155  0.192182  0.980496  0.019667  -0.981293  0.191513  0.000817  -0.006921  -0.000808  -1.036554  -0.394711  0.385863  2.000000  
144.718547 0.002904  0.085108  -0.002849  0.998976  0.011867  -0.043649  0.040537  0.193261  0.980310  0.020068  -0.981076  0.192582  0.000745  -0.006907  -0.000731  -1.044374  -0.407167  0.393136  2.000000  
144.719789 0.002906  0.085101  -0.002850  0.998993  0.012317  -0.043138  0.039920  0.194696  0.980051  0.020470  -0.980786  0.194009  0.000717  -0.006902  -0.000664  -1.052390  -0.412695  0.399387  2.000000  
144.720819 0.002907  0.085094  -0.002851  0.999012  0.012647  -0.042600  0.039303  0.195888  0.979838  0.020737  -0.980545  0.195197  0.000715  -0.006889  -0.000662  -1.063273  -0.418651  0.400637  2.000000  
144.722037 0.002908  0.085085  -0.002853  0.999033  0.013272  -0.041917  0.038480  0.197323  0.979583  0.021272  -0.980249  0.196622  0.000729  -0.006881  -0.000750  -1.075758  -0.427198  0.409615  2.000000  
144.723284 0.002908  0.085076  -0.002855  0.999048  0.013722  -0.041413  0.037862  0.198875  0.979293  0.021674  -0.979929  0.198166  0.000743  -0.006908  -0.000877  -1.087639  -0.432572  0.415858  2.000000  
144.724291 0.002910  0.085068  -0.002858  0.999062  0.014188  -0.040905  0.037245  0.200068  0.979074  0.022075  -0.979679  0.199352  0.000846  -0.006909  -0.001027  -1.096535  -0.434841  0.424274  2.000000  
144.725551 0.002911  0.085058  -0.002861  0.999073  0.014767  -0.040432  0.036627  0.201741  0.978754  0.022610  -0.979328  0.201013  0.000910  -0.006902  -0.001207  -1.112152  -0.440058  0.430476  2.000000  
144.726552 0.002913  0.085050  -0.002863  0.999086  0.015231  -0.039928  0.036010  0.203052  0.978506  0.023011  -0.979049  0.202318  0.000999  -0.006902  -0.001323  -1.123920  -0.445455  0.436622  2.000000  
144.727791 0.002914  0.085041  -0.002866  0.999106  0.015734  -0.039226  0.035187  0.204477  0.978239  0.023413  -0.978745  0.203741  0.001081  -0.006920  -0.001423  -1.130592  -0.453977  0.440579  2.000000  
144.729043 0.002918  0.085032  -0.002868  0.999122  0.016361  -0.038558  0.034364  0.206143  0.977918  0.023948  -0.978385  0.205400  0.001259  -0.006925  -0.001507  -1.143628  -0.463803  0.446286  2.000000  
144.730289 0.002921  0.085023  -0.002870  0.999134  0.016820  -0.038063  0.033746  0.207688  0.977613  0.024349  -0.978050  0.206941  0.001406  -0.006998  -0.001555  -1.154156  -0.465323  0.448893  2.000000  
144.731542 0.002924  0.085014  -0.002871  0.999148  0.017456  -0.037396  0.032923  0.209233  0.977311  0.024884  -0.977710  0.208480  0.001545  -0.007045  -0.001613  -1.167293  -0.474372  0.459018  2.000000  
144.732553 0.002927  0.085008  -0.002872  0.999158  0.017932  -0.036898  0.032306  0.210420  0.977077  0.025285  -0.977447  0.209664  0.001673  -0.007062  -0.001624  -1.170748  -0.472798  0.463803  2.000000  
144.733788 0.002931  0.084999  -0.002873  0.999164  0.018532  -0.036433  0.031688  0.211847  0.976789  0.025820  -0.977127  0.211083  0.001783  -0.007128  -0.001632  -1.179090  -0.471483  0.469023  2.000000  
144.735035 0.002935  0.084990  -0.002875  0.999180  0.019042  -0.035744  0.030865  0.213384  0.976481  0.026222  -0.976783  0.212621  0.001943  -0.007253  -0.001656  -1.185265  -0.480523  0.468547  2.000000  
144.736036 0.002937  0.084982  -0.002876  0.999191  0.019393  -0.035221  0.030248  0.214565  0.976241  0.026489  -0.976517  0.213805  0.002028  -0.007381  -0.001686  -1.189107  -0.479959  0.469080  2.000000  
144.737037 0.002940  0.084973  -0.002879  0.999203  0.019744  -0.034699  0.029630  0.215744  0.976000  0.026757  -0.976250  0.214987  0.002131  -0.007478  -0.001721  -1.192792  -0.487012  0.466604  2.000000  
144.738285 0.002942  0.084962  -0.002882  0.999216  0.020256  -0.034016  0.028807  0.217397  0.975658  0.027158  -0.975873  0.216643  0.002266  -0.007549  -0.001736  -1.202685  -0.491251  0.467003  2.000000  
144.739288 0.002945  0.084954  -0.002884  0.999226  0.020611  -0.033497  0.028190  0.218575  0.975413  0.027425  -0.975603  0.217825  0.002343  -0.007568  -0.001718  -1.204393  -0.492454  0.469304  2.000000  
144.740289 0.002947  0.084946  -0.002886  0.999238  0.021142  -0.032807  0.027367  0.219751  0.975172  0.027827  -0.975327  0.219005  0.002441  -0.007626  -0.001719  -1.206275  -0.502860  0.475422  2.000000  
144.741538 0.002951  0.084936  -0.002889  0.999253  0.021533  -0.032096  0.026544  0.221278  0.974849  0.028094  -0.974973  0.220541  0.002568  -0.007651  -0.001704  -1.211920  -0.505608  0.469097  2.000000  
144.742556 0.002954  0.084928  -0.002891  0.999258  0.022023  -0.031609  0.025926  0.222457  0.974598  0.028495  -0.974694  0.221721  0.002656  -0.007664  -0.001712  -1.213015  -0.508927  0.473446  2.000000  
144.743795 0.002957  0.084917  -0.002895  0.999271  0.022418  -0.030901  0.025103  0.223982  0.974270  0.028763  -0.974335  0.223256  0.002691  -0.007792  -0.001801  -1.217335  -0.517094  0.467085  2.000000  
144.745039 0.002961  0.084907  -0.002898  0.999280  0.022950  -0.030222  0.024280  0.225391  0.973966  0.029164  -0.973998  0.224672  0.002755  -0.007841  -0.001926  -1.214762  -0.518828  0.465251  2.000000  
144.746042 0.002965  0.084899  -0.002902  0.999287  0.023313  -0.029709  0.023663  0.226564  0.973709  0.029431  -0.973717  0.225851  0.002808  -0.007945  -0.002093  -1.214284  -0.525850  0.462901  2.000000  
144.747288 0.002968  0.084888  -0.002906  0.999298  0.023715  -0.029005  0.022840  0.228086  0.973373  0.029699  -0.973352  0.227384  0.002806  -0.008081  -0.002284  -1.222131  -0.532872  0.460791  2.000000  
144.748293 0.002972  0.084879  -0.002909  0.999300  0.024212  -0.028524  0.022222  0.229261  0.973111  0.030100  -0.973064  0.228562  0.002811  -0.008255  -0.002443  -1.224155  -0.530917  0.459533  2.000000  
144.749545 0.002975  0.084868  -0.002913  0.999305  0.024573  -0.028020  0.021605  0.230668  0.972793  0.030368  -0.972722  0.229976  0.002795  -0.008378  -0.002594  -1.223558  -0.531027  0.455763  2.000000  
144.750547 0.002978  0.084858  -0.002916  0.999306  0.025072  -0.027542  0.020987  0.231840  0.972527  0.030769  -0.972431  0.231153  0.002776  -0.008519  -0.002735  -1.224504  -0.530009  0.461233  2.000000  
144.751787 0.002981  0.084846  -0.002920  0.999307  0.025563  -0.027075  0.020370  0.233366  0.972176  0.031170  -0.972053  0.232683  0.002811  -0.008636  -0.002753  -1.225482  -0.524643  0.457855  2.000000  
144.752788 0.002984  0.084836  -0.002923  0.999311  0.025932  -0.026571  0.019753  0.234652  0.971879  0.031438  -0.971733  0.233978  0.002876  -0.008705  -0.002802  -1.229175  -0.524955  0.454112  2.000000  
144.753794 0.002987  0.084826  -0.002925  0.999318  0.026175  -0.026034  0.019135  0.235817  0.971609  0.031571  -0.971445  0.235156  0.002880  -0.008817  -0.002822  -1.228967  -0.526316  0.446023  2.000000  
144.755036 0.002991  0.084814  -0.002928  0.999321  0.026719  -0.025370  0.018312  0.237335  0.971255  0.031972  -0.971060  0.236684  0.002936  -0.008935  -0.002844  -1.224769  -0.533386  0.444145  2.000000  
144.756036 0.002993  0.084804  -0.002931  0.999328  0.026963  -0.024838  0.017695  0.238616  0.970953  0.032106  -0.970740  0.237979  0.002946  -0.009024  -0.002909  -1.224490  -0.534701  0.436111  2.000000  
144.757037 0.002997  0.084794  -0.002935  0.999330  0.027340  -0.024335  0.017078  0.239782  0.970677  0.032374  -0.970442  0.239154  0.002952  -0.009132  -0.002988  -1.228200  -0.534121  0.436666  2.000000  
144.758037 0.003000  0.084785  -0.002938  0.999328  0.027669  -0.024033  0.016666  0.240952  0.970394  0.032641  -0.970143  0.240329  0.002969  -0.009246  -0.003041  -1.224087  -0.527837  0.431451  2.000000  
144.759042 0.003003  0.084776  -0.002941  0.999330  0.028052  -0.023529  0.016049  0.241998  0.970144  0.032909  -0.969871  0.241386  0.003022  -0.009318  -0.003060  -1.215813  -0.528311  0.427747  2.000000  
144.760289 0.003007  0.084764  -0.002947  0.999330  0.028425  -0.023039  0.015431  0.243514  0.969775  0.033176  -0.969481  0.242913  0.002994  -0.009410  -0.003158  -1.215597  -0.528629  0.424228  2.000000  
144.761289 0.003011  0.084754  -0.002951  0.999331  0.028810  -0.022537  0.014814  0.244559  0.969521  0.033443  -0.969206  0.243969  0.003031  -0.009486  -0.003213  -1.209557  -0.527832  0.418208  2.000000  
144.762292 0.003014  0.084745  -0.002955  0.999331  0.029194  -0.022039  0.014197  0.245721  0.969237  0.033711  -0.968901  0.245142  0.003046  -0.009563  -0.003268  -1.209679  -0.528484  0.414578  2.000000  
144.763545 0.003018  0.084733  -0.002960  0.999330  0.029573  -0.021549  0.013579  0.247117  0.968891  0.033978  -0.968534  0.246550  0.003056  -0.009650  -0.003333  -1.208708  -0.529615  0.406342  2.000000  
144.764792 0.003022  0.084720  -0.002964  0.999332  0.030006  -0.020860  0.012756  0.248506  0.968546  0.034246  -0.968166  0.247957  0.003052  -0.009736  -0.003364  -1.204424  -0.530026  0.402766  2.000000  
144.765792 0.003025  0.084709  -0.002968  0.999328  0.030342  -0.020565  0.012345  0.249671  0.968252  0.034513  -0.967855  0.249129  0.003087  -0.009772  -0.003420  -1.204502  -0.522817  0.401815  2.000000  
144.766793 0.003028  0.084699  -0.002972  0.999326  0.030731  -0.020071  0.011727  0.250830  0.967960  0.034781  -0.967543  0.250300  0.003123  -0.009812  -0.003477  -1.204373  -0.522339  0.402459  2.000000  
144.768036 0.003032  0.084687  -0.002975  0.999324  0.031119  -0.019581  0.011110  0.252105  0.967636  0.035048  -0.967199  0.251589  0.003171  -0.009800  -0.003493  -1.194410  -0.517549  0.399872  2.000000  
144.769046 0.003036  0.084676  -0.002978  0.999324  0.031331  -0.019251  0.010698  0.253150  0.967368  0.035182  -0.966920  0.252643  0.003224  -0.009848  -0.003492  -1.188025  -0.509860  0.391800  2.000000  
144.770287 0.003041  0.084664  -0.002982  0.999316  0.031848  -0.018801  0.010081  0.254542  0.967009  0.035583  -0.966537  0.254047  0.003313  -0.009801  -0.003515  -1.186670  -0.498623  0.387742  2.000000  
144.771291 0.003045  0.084655  -0.002985  0.999317  0.032112  -0.018277  0.009464  0.255696  0.966711  0.035717  -0.966224  0.255218  0.003344  -0.009827  -0.003533  -1.184297  -0.496524  0.385613  2.000000  
144.772550 0.003050  0.084643  -0.002988  0.999313  0.032505  -0.017791  0.008847  0.256968  0.966379  0.035984  -0.965873  0.256504  0.003467  -0.009804  -0.003480  -1.178619  -0.493102  0.378804  2.000000  
144.773551 0.003054  0.084633  -0.002991  0.999307  0.032850  -0.017498  0.008435  0.258012  0.966105  0.036251  -0.965583  0.257556  0.003537  -0.009832  -0.003428  -1.171956  -0.483072  0.379141  2.000000  
144.774800 0.003060  0.084621  -0.002994  0.999302  0.033245  -0.017015  0.007818  0.259282  0.965770  0.036519  -0.965229  0.258842  0.003609  -0.009807  -0.003318  -1.167851  -0.476886  0.373755  2.000000  
144.775801 0.003064  0.084612  -0.002996  0.999296  0.033592  -0.016723  0.007406  0.260325  0.965493  0.036786  -0.964937  0.259893  0.003676  -0.009769  -0.003131  -1.163907  -0.469764  0.372639  2.000000  
144.777040 0.003070  0.084601  -0.002999  0.999290  0.033989  -0.016242  0.006789  0.261594  0.965154  0.037054  -0.964579  0.261177  0.003795  -0.009759  -0.002997  -1.158521  -0.465541  0.370259  2.000000  
144.778290 0.003075  0.084589  -0.003002  0.999284  0.034388  -0.015761  0.006172  0.262862  0.964814  0.037321  -0.964220  0.262461  0.003890  -0.009735  -0.002880  -1.150543  -0.459465  0.364944  2.000000  
144.779291 0.003080  0.084579  -0.003004  0.999283  0.034663  -0.015238  0.005555  0.263894  0.964536  0.037455  -0.963929  0.263513  0.003984  -0.009707  -0.002763  -1.146078  -0.466756  0.362817  2.000000  
144.780543 0.003086  0.084568  -0.003007  0.999276  0.035062  -0.014764  0.004937  0.265278  0.964159  0.037722  -0.963534  0.264913  0.004090  -0.009625  -0.002604  -1.146221  -0.460719  0.357499  2.000000  
144.781789 0.003091  0.084556  -0.003009  0.999274  0.035338  -0.014247  0.004320  0.266426  0.963846  0.037856  -0.963207  0.266080  0.004203  -0.009526  -0.002491  -1.131321  -0.459499  0.350744  2.000000  
144.782791 0.003096  0.084547  -0.003012  0.999270  0.035561  -0.013925  0.003909  0.267464  0.963560  0.037990  -0.962911  0.267130  0.004306  -0.009466  -0.002461  -1.123116  -0.453428  0.345154  2.000000  
144.784037 0.003101  0.084535  -0.003014  0.999262  0.035912  -0.013643  0.003497  0.268619  0.963240  0.038257  -0.962577  0.268295  0.004364  -0.009410  -0.002392  -1.115116  -0.443094  0.341479  2.000000  
144.785045 0.003107  0.084527  -0.003017  0.999258  0.036137  -0.013322  0.003086  0.269656  0.962952  0.038391  -0.962278  0.269344  0.004459  -0.009317  -0.002371  -1.107274  -0.433602  0.336693  2.000000  
144.786294 0.003113  0.084516  -0.003019  0.999249  0.036546  -0.012843  0.002469  0.270802  0.962632  0.038658  -0.961941  0.270508  0.004539  -0.009221  -0.002290  -1.094966  -0.433149  0.337313  2.000000  
144.787534 0.003119  0.084506  -0.003022  0.999240  0.036900  -0.012564  0.002057  0.271955  0.962308  0.038926  -0.961602  0.271672  0.004617  -0.009115  -0.002214  -1.086284  -0.422629  0.333368  2.000000  
144.788535 0.003125  0.084498  -0.003023  0.999236  0.037128  -0.012240  0.001646  0.272873  0.962049  0.039059  -0.961333  0.272604  0.004699  -0.009037  -0.002120  -1.079108  -0.423804  0.329826  2.000000  
144.789585 0.003130  0.084490  -0.003024  0.999231  0.037356  -0.011921  0.001234  0.273908  0.961755  0.039193  -0.961030  0.273652  0.004760  -0.008906  -0.002022  -1.073605  -0.413671  0.324392  2.000000  
144.790787 0.003136  0.084479  -0.003026  0.999221  0.037769  -0.011447  0.000617  0.275052  0.961429  0.039460  -0.960687  0.274814  0.004822  -0.008880  -0.001964  -1.065918  -0.417084  0.324459  2.000000  
144.791789 0.003141  0.084471  -0.003027  0.999216  0.038000  -0.011124  0.000206  0.275969  0.961166  0.039594  -0.960415  0.275745  0.004823  -0.008842  -0.001875  -1.058929  -0.409170  0.315401  2.000000  
144.792795 0.003146  0.084462  -0.003028  0.999211  0.038231  -0.010803  -0.000206  0.276886  0.960903  0.039728  -0.960142  0.276675  0.004875  -0.008736  -0.001845  -1.050892  -0.403307  0.309684  2.000000  
144.794039 0.003152  0.084451  -0.003030  0.999205  0.038461  -0.010491  -0.000617  0.278035  0.960571  0.039861  -0.959801  0.277838  0.004863  -0.008704  -0.001737  -1.046171  -0.399611  0.307580  2.000000  
144.795289 0.003158  0.084440  -0.003031  0.999199  0.038693  -0.010174  -0.001029  0.279068  0.960271  0.039995  -0.959492  0.278884  0.004879  -0.008649  -0.001680  -1.034431  -0.387151  0.300157  2.000000  
144.796290 0.003162  0.084431  -0.003033  0.999193  0.038927  -0.009854  -0.001440  0.279983  0.960004  0.040129  -0.959215  0.279814  0.004888  -0.008590  -0.001636  -1.026267  -0.388007  0.296281  2.000000  
144.797543 0.003168  0.084421  -0.003034  0.999182  0.039346  -0.009379  -0.002057  0.281007  0.959704  0.040396  -0.958899  0.280858  0.004890  -0.008566  -0.001566  -1.013955  -0.387601  0.296756  2.000000  
144.798544 0.003173  0.084412  -0.003036  0.999175  0.039582  -0.009055  -0.002468  0.281805  0.959469  0.040530  -0.958655  0.281670  0.004891  -0.008528  -0.001478  -1.007152  -0.378610  0.291804  2.000000  
144.799793 0.003179  0.084402  -0.003038  0.999169  0.039817  -0.008741  -0.002880  0.282835  0.959164  0.040664  -0.958342  0.282715  0.004875  -0.008508  -0.001457  -0.998127  -0.376128  0.285327  2.000000  
144.800799 0.003183  0.084393  -0.003039  0.999162  0.040055  -0.008418  -0.003291  0.283633  0.958927  0.040797  -0.958096  0.283527  0.004850  -0.008457  -0.001413  -0.986100  -0.373427  0.281907  2.000000  
144.802041 0.003189  0.084383  -0.003041  0.999155  0.040292  -0.008100  -0.003703  0.284546  0.958655  0.040931  -0.957815  0.284455  0.004792  -0.008480  -0.001366  -0.970055  -0.367673  0.276182  2.000000  
144.803292 0.003195  0.084373  -0.003043  0.999148  0.040530  -0.007783  -0.004114  0.285459  0.958382  0.041065  -0.957533  0.285383  0.004738  -0.008474  -0.001363  -0.958264  -0.358993  0.268145  2.000000  
144.804297 0.003200  0.084364  -0.003045  0.999141  0.040769  -0.007461  -0.004525  0.286256  0.958143  0.041198  -0.957286  0.286194  0.004721  -0.008528  -0.001388  -0.950125  -0.356259  0.264561  2.000000  
144.805553 0.003205  0.084354  -0.003046  0.999133  0.041008  -0.007145  -0.004937  0.287168  0.957868  0.041332  -0.957002  0.287121  0.004618  -0.008517  -0.001401  -0.937795  -0.357175  0.260640  2.000000  
144.806789 0.003210  0.084342  -0.003049  0.999126  0.041249  -0.006824  -0.005348  0.287963  0.957626  0.041466  -0.956753  0.287932  0.004559  -0.008582  -0.001462  -0.922336  -0.347438  0.256991  2.000000  
144.808037 0.003214  0.084331  -0.003051  0.999118  0.041489  -0.006508  -0.005759  0.288875  0.957350  0.041599  -0.956467  0.288859  0.004443  -0.008627  -0.001501  -0.910266  -0.341728  0.251175  2.000000  
144.809047 0.003218  0.084321  -0.003052  0.999115  0.041604  -0.006139  -0.006171  0.289438  0.957177  0.041599  -0.956292  0.289439  0.004398  -0.008668  -0.001456  -0.893405  -0.340094  0.242989  2.000000  
144.810289 0.003223  0.084309  -0.003053  0.999107  0.041846  -0.005820  -0.006582  0.290233  0.956933  0.041733  -0.956041  0.290249  0.004336  -0.008725  -0.001497  -0.873549  -0.334544  0.237229  2.000000  
144.811541 0.003228  0.084298  -0.003055  0.999099  0.042088  -0.005505  -0.006993  0.291143  0.956654  0.041867  -0.955753  0.291175  0.004290  -0.008749  -0.001484  -0.865437  -0.327573  0.235616  2.000000  
144.812552 0.003232  0.084289  -0.003056  0.999092  0.042273  -0.005373  -0.007199  0.291714  0.956479  0.042000  -0.955571  0.291753  0.004285  -0.008789  -0.001424  -0.850177  -0.324705  0.233912  2.000000  
144.813790 0.003237  0.084277  -0.003056  0.999083  0.042517  -0.005054  -0.007610  0.292507  0.956233  0.042134  -0.955318  0.292563  0.004220  -0.008834  -0.001331  -0.837005  -0.321733  0.229960  2.000000  
144.814792 0.003241  0.084268  -0.003058  0.999076  0.042701  -0.004928  -0.007816  0.293193  0.956021  0.042268  -0.955099  0.293256  0.004188  -0.008882  -0.001327  -0.826789  -0.312508  0.226522  2.000000  
144.816039 0.003247  0.084257  -0.003058  0.999072  0.042818  -0.004570  -0.008227  0.293988  0.955774  0.042268  -0.954850  0.294067  0.004180  -0.008938  -0.001238  -0.813233  -0.310645  0.218109  2.000000  
144.817047 0.003252  0.084248  -0.003059  0.999065  0.043003  -0.004439  -0.008433  0.294557  0.955597  0.042401  -0.954666  0.294644  0.004179  -0.008979  -0.001189  -0.800808  -0.304960  0.211973  2.000000  
144.818287 0.003257  0.084237  -0.003061  0.999056  0.043249  -0.004116  -0.008844  0.295234  0.955384  0.042535  -0.954446  0.295338  0.004156  -0.009055  -0.001176  -0.784664  -0.304831  0.212324  2.000000  
144.819288 0.003261  0.084227  -0.003062  0.999048  0.043436  -0.003986  -0.009050  0.295803  0.955206  0.042669  -0.954261  0.295915  0.004125  -0.009131  -0.001139  -0.770351  -0.295594  0.208842  2.000000  
144.820539 0.003266  0.084215  -0.003063  0.999044  0.043555  -0.003619  -0.009461  0.296364  0.955028  0.042669  -0.954081  0.296493  0.004122  -0.009265  -0.001113  -0.750232  -0.296724  0.204869  2.000000  
144.821789 0.003271  0.084203  -0.003065  0.999037  0.043741  -0.003494  -0.009667  0.297049  0.954813  0.042802  -0.953860  0.297186  0.004117  -0.009306  -0.001055  -0.734446  -0.284620  0.196921  2.000000  
144.823034 0.003276  0.084190  -0.003066  0.999027  0.043989  -0.003172  -0.010078  0.297725  0.954599  0.042936  -0.953638  0.297878  0.004138  -0.009388  -0.001020  -0.718271  -0.284444  0.197208  2.000000  
144.824038 0.003281  0.084180  -0.003066  0.999019  0.044176  -0.003037  -0.010284  0.298177  0.954455  0.043070  -0.953488  0.298339  0.004179  -0.009395  -0.000988  -0.702303  -0.277718  0.195427  2.000000  
144.825058 0.003284  0.084170  -0.003067  0.999017  0.044236  -0.002862  -0.010489  0.298631  0.954311  0.043070  -0.953343  0.298802  0.004178  -0.009443  -0.000935  -0.687589  -0.274379  0.190848  2.000000  
144.826289 0.003290  0.084157  -0.003069  0.999007  0.044485  -0.002536  -0.010901  0.299190  0.954131  0.043204  -0.953156  0.299378  0.004224  -0.009530  -0.000963  -0.670173  -0.272135  0.189606  2.000000  
144.827292 0.003294  0.084148  -0.003069  0.998999  0.044673  -0.002401  -0.011106  0.299643  0.953987  0.043337  -0.953005  0.299839  0.004228  -0.009578  -0.000924  -0.655938  -0.262346  0.183094  2.000000  
144.828542 0.003300  0.084135  -0.003070  0.998988  0.044923  -0.002070  -0.011518  0.300086  0.953843  0.043471  -0.952854  0.300300  0.004260  -0.009658  -0.000921  -0.638321  -0.260044  0.181746  2.000000  
144.829791 0.003306  0.084123  -0.003072  0.998980  0.045111  -0.001942  -0.011723  0.300653  0.953661  0.043605  -0.952666  0.300876  0.004286  -0.009725  -0.000914  -0.622387  -0.253327  0.179961  2.000000  
144.831038 0.003311  0.084110  -0.003072  0.998963  0.045489  -0.001651  -0.012134  0.301094  0.953517  0.043872  -0.952509  0.301334  0.004289  -0.009836  -0.000933  -0.602585  -0.252074  0.184570  2.000000  
144.832041 0.003316  0.084100  -0.003073  0.998961  0.045550  -0.001477  -0.012340  0.301548  0.953371  0.043872  -0.952362  0.301796  0.004272  -0.009918  -0.000930  -0.591399  -0.241945  0.177792  2.000000  
144.833043 0.003320  0.084089  -0.003074  0.998953  0.045739  -0.001338  -0.012546  0.301884  0.953262  0.044006  -0.952247  0.302141  0.004260  -0.010016  -0.000932  -0.579108  -0.241837  0.177916  2.000000  
144.834294 0.003325  0.084076  -0.003075  0.998935  0.046118  -0.001049  -0.012957  0.302324  0.953117  0.044273  -0.952089  0.302600  0.004247  -0.010122  -0.000916  -0.562166  -0.238417  0.180877  2.000000  
144.835543 0.003330  0.084062  -0.003076  0.998924  0.046370  -0.000714  -0.013368  0.302650  0.953008  0.044407  -0.951973  0.302944  0.004268  -0.010204  -0.000880  -0.542031  -0.238347  0.181076  2.000000  
144.836796 0.003336  0.084048  -0.003077  0.998915  0.046559  -0.000575  -0.013574  0.302985  0.952899  0.044540  -0.951857  0.303289  0.004287  -0.010284  -0.000844  -0.522090  -0.233482  0.180626  2.000000  
144.838035 0.003340  0.084034  -0.003078  0.998904  0.046811  -0.000246  -0.013985  0.303427  0.952752  0.044674  -0.951704  0.303749  0.004273  -0.010375  -0.000841  -0.509764  -0.231492  0.179312  2.000000  
144.839285 0.003345  0.084020  -0.003080  0.998886  0.047191  0.000048  -0.014396  0.303750  0.952643  0.044941  -0.951582  0.304091  0.004276  -0.010490  -0.000860  -0.497727  -0.230136  0.183751  2.000000  
144.840540 0.003351  0.084006  -0.003081  0.998877  0.047380  0.000192  -0.014601  0.303970  0.952570  0.045075  -0.951503  0.304320  0.004285  -0.010575  -0.000908  -0.473846  -0.223534  0.181897  2.000000  
144.841800 0.003356  0.083992  -0.003084  0.998865  0.047633  0.000526  -0.015013  0.304295  0.952459  0.045209  -0.951386  0.304665  0.004240  -0.010659  -0.000988  -0.452851  -0.225048  0.183401  2.000000  
144.843043 0.003362  0.083978  -0.003085  0.998846  0.048013  0.000825  -0.015424  0.304503  0.952387  0.045476  -0.951301  0.304892  0.004244  -0.010776  -0.001007  -0.437147  -0.220545  0.190577  2.000000  
144.844047 0.003366  0.083967  -0.003087  0.998837  0.048203  0.000969  -0.015629  0.304722  0.952313  0.045610  -0.951221  0.305121  0.004255  -0.010870  -0.001072  -0.420237  -0.222208  0.192226  2.000000  
144.845289 0.003371  0.083953  -0.003089  0.998818  0.048584  0.001267  -0.016040  0.304929  0.952240  0.045877  -0.951135  0.305348  0.004225  -0.010949  -0.001148  -0.400621  -0.218984  0.195037  2.000000  
144.846291 0.003376  0.083942  -0.003091  0.998809  0.048774  0.001417  -0.016246  0.305032  0.952203  0.046010  -0.951092  0.305461  0.004214  -0.011006  -0.001190  -0.383500  -0.220702  0.196736  2.000000  
144.847296 0.003380  0.083930  -0.003092  0.998793  0.049091  0.001519  -0.016451  0.305249  0.952130  0.046278  -0.951006  0.305688  0.004192  -0.011122  -0.001275  -0.371572  -0.211338  0.203346  2.000000  
144.848544 0.003385  0.083915  -0.003094  0.998774  0.049472  0.001823  -0.016862  0.305340  0.952094  0.046545  -0.950957  0.305800  0.004195  -0.011251  -0.001317  -0.352027  -0.214746  0.208090  2.000000  
144.849793 0.003390  0.083901  -0.003096  0.998754  0.049852  0.002121  -0.017273  0.305546  0.952021  0.046812  -0.950871  0.306027  0.004206  -0.011329  -0.001358  -0.334418  -0.214999  0.214166  2.000000  
144.851062 0.003395  0.083885  -0.003098  0.998735  0.050233  0.002425  -0.017684  0.305637  0.951984  0.047080  -0.950822  0.306138  0.004186  -0.011384  -0.001423  -0.313799  -0.213423  0.218416  2.000000  
144.852286 0.003399  0.083870  -0.003100  0.998715  0.050614  0.002729  -0.018095  0.305727  0.951947  0.047347  -0.950773  0.306250  0.004135  -0.011553  -0.001459  -0.298952  -0.216942  0.223164  2.000000  
144.853535 0.003404  0.083854  -0.003101  0.998694  0.050994  0.003033  -0.018506  0.305817  0.951911  0.047614  -0.950724  0.306361  0.004128  -0.011631  -0.001488  -0.276964  -0.217309  0.229449  2.000000  
144.854542 0.003408  0.083842  -0.003103  0.998684  0.051184  0.003188  -0.018712  0.305804  0.951911  0.047748  -0.950718  0.306359  0.004071  -0.011741  -0.001545  -0.260553  -0.215822  0.233714  2.000000  
144.855790 0.003413  0.083826  -0.003105  0.998657  0.051692  0.003451  -0.019123  0.305891  0.951875  0.048149  -0.950662  0.306468  0.004058  -0.011845  -0.001529  -0.245927  -0.217831  0.242466  2.000000  
144.856790 0.003416  0.083814  -0.003107  0.998636  0.052072  0.003761  -0.019534  0.305864  0.951875  0.048416  -0.950650  0.306465  0.004019  -0.011908  -0.001565  -0.229713  -0.216432  0.246785  2.000000  
144.858037 0.003420  0.083798  -0.003109  0.998615  0.052453  0.004071  -0.019944  0.305838  0.951875  0.048683  -0.950638  0.306461  0.003929  -0.012008  -0.001613  -0.206796  -0.223372  0.255315  2.000000  
144.859042 0.003424  0.083786  -0.003111  0.998594  0.052833  0.004381  -0.020355  0.305811  0.951875  0.048951  -0.950625  0.306457  0.003864  -0.012107  -0.001595  -0.196609  -0.226653  0.259545  2.000000  
144.860289 0.003428  0.083770  -0.003113  0.998566  0.053340  0.004650  -0.020766  0.305781  0.951875  0.049352  -0.950606  0.306450  0.003779  -0.012237  -0.001573  -0.176316  -0.223863  0.268117  2.000000  
144.861289 0.003432  0.083758  -0.003115  0.998544  0.053721  0.004960  -0.021177  0.305754  0.951875  0.049619  -0.950594  0.306446  0.003748  -0.012309  -0.001595  -0.163806  -0.228986  0.274493  2.000000  
144.862297 0.003435  0.083745  -0.003116  0.998522  0.054100  0.005276  -0.021588  0.305611  0.951912  0.049886  -0.950618  0.306327  0.003647  -0.012387  -0.001596  -0.147240  -0.234110  0.280840  2.000000  
144.863542 0.003438  0.083728  -0.003118  0.998488  0.054670  0.005741  -0.022204  0.305569  0.951911  0.050287  -0.950599  0.306321  0.003527  -0.012500  -0.001590  -0.127674  -0.239819  0.293930  2.000000  
144.864543 0.003441  0.083715  -0.003120  0.998465  0.055050  0.006058  -0.022615  0.305425  0.951947  0.050554  -0.950623  0.306201  0.003455  -0.012572  -0.001584  -0.111329  -0.238470  0.298316  2.000000  
144.865552 0.003443  0.083702  -0.003121  0.998442  0.055430  0.006368  -0.023026  0.305397  0.951947  0.050822  -0.950611  0.306197  0.003345  -0.012645  -0.001611  -0.098661  -0.243528  0.304630  2.000000  
