1-Time 2-Px 3-Py 4-Pz 5-R11 6-R21 7-R31 8-R12 9-R22 10-R32 11-R13 12-R23 13-R33 14-Vx 15-Vy 16-Vz 17-Wx 18-Wy 19-Wz 20-state 21-PR11 22-PR21 23-PR31 24-PR12 25-PR22 26-PR32 27-PR13 28-PR23 29-PR33 
114.196543 -0.003567  0.084599  -0.010613  0.991862  0.104896  -0.072151  -0.103079  0.994266  0.028472  0.074724  -0.020803  0.996987  -0.000063  -0.000045  -0.000035  0.000000  0.000000  0.000000  2.000000  
114.197554 -0.003567  0.084599  -0.010613  0.991862  0.104896  -0.072151  -0.103079  0.994266  0.028472  0.074724  -0.020803  0.996987  -0.000063  -0.000045  -0.000035  0.000000  0.000000  0.000000  2.000000  
114.198797 -0.003570  0.084595  -0.010614  0.991779  0.105516  -0.072399  -0.103690  0.994200  0.028544  0.074991  -0.020803  0.996967  -0.000257  -0.000298  -0.000121  0.000000  0.000000  0.000000  2.000000  
114.199806 -0.003573  0.084591  -0.010615  0.991694  0.106144  -0.072633  -0.104300  0.994131  0.028738  0.075257  -0.020923  0.996945  -0.000438  -0.000596  -0.000188  0.000000  0.000000  0.000000  2.000000  
114.201050 -0.003576  0.084585  -0.010616  0.991631  0.106568  -0.072874  -0.104706  0.994083  0.028916  0.075524  -0.021044  0.996922  -0.000632  -0.000989  -0.000245  0.000000  0.000000  0.000000  2.000000  
114.202311 -0.003579  0.084579  -0.010617  0.991568  0.106992  -0.073114  -0.105112  0.994035  0.029095  0.075791  -0.021164  0.996899  -0.000793  -0.001357  -0.000283  0.000000  0.000000  0.000000  2.000000  
114.203550 -0.003583  0.084573  -0.010618  0.991483  0.107620  -0.073349  -0.105723  0.993964  0.029289  0.076058  -0.021285  0.996876  -0.001063  -0.001792  -0.000341  0.000000  0.000000  0.000000  2.000000  
114.204551 -0.003586  0.084568  -0.010617  0.991365  0.108447  -0.073722  -0.106536  0.993874  0.029392  0.076458  -0.021284  0.996846  -0.001262  -0.002106  -0.000329  0.000000  0.000000  0.000000  2.000000  
114.205552 -0.003589  0.084564  -0.010618  0.991256  0.109280  -0.073950  -0.107350  0.993781  0.029602  0.076725  -0.021405  0.996823  -0.001474  -0.002374  -0.000337  0.000000  0.000000  0.000000  2.000000  
114.206800 -0.003593  0.084558  -0.010619  0.991137  0.110116  -0.074310  -0.108163  0.993686  0.029827  0.077125  -0.021525  0.996789  -0.001787  -0.002784  -0.000430  0.038113  0.077106  0.181028  2.000000  
114.208050 -0.003599  0.084552  -0.010622  0.991017  0.110943  -0.074683  -0.108976  0.993594  0.029932  0.077525  -0.021524  0.996758  -0.002157  -0.003176  -0.000656  0.040271  0.090040  0.208977  2.000000  
114.209050 -0.003603  0.084549  -0.010625  0.990918  0.111565  -0.075062  -0.109584  0.993524  0.030022  0.077926  -0.021524  0.996727  -0.002384  -0.003410  -0.000813  0.041899  0.103095  0.229967  2.000000  
114.210309 -0.003608  0.084544  -0.010627  0.990774  0.112596  -0.075429  -0.110601  0.993408  0.030143  0.078326  -0.021523  0.996695  -0.002719  -0.003721  -0.000944  0.044559  0.115766  0.264546  2.000000  
114.211549 -0.003613  0.084538  -0.010629  0.990641  0.113426  -0.075934  -0.111412  0.993313  0.030265  0.078859  -0.021522  0.996653  -0.003110  -0.004133  -0.001092  0.046774  0.133214  0.292625  2.000000  
114.212550 -0.003619  0.084531  -0.010632  0.990517  0.114252  -0.076307  -0.112224  0.993219  0.030373  0.079259  -0.021521  0.996622  -0.003435  -0.004542  -0.001286  0.048967  0.146128  0.320524  2.000000  
114.213795 -0.003626  0.084522  -0.010635  0.990369  0.115283  -0.076673  -0.113240  0.993100  0.030497  0.079660  -0.021521  0.996590  -0.003706  -0.004902  -0.001404  0.051739  0.159000  0.355551  2.000000  
114.214800 -0.003630  0.084514  -0.010637  0.990267  0.115905  -0.077051  -0.113848  0.993027  0.030590  0.080060  -0.021520  0.996558  -0.003836  -0.005107  -0.001454  0.053368  0.171899  0.376191  2.000000  
114.216045 -0.003636  0.084504  -0.010638  0.990165  0.116536  -0.077416  -0.114456  0.992951  0.030804  0.080460  -0.021640  0.996523  -0.004039  -0.005393  -0.001452  0.059160  0.185018  0.397377  2.000000  
114.217053 -0.003642  0.084494  -0.010638  0.990062  0.117158  -0.077794  -0.115064  0.992877  0.030898  0.080860  -0.021639  0.996491  -0.004277  -0.005778  -0.001447  0.060282  0.198104  0.411224  2.000000  
114.218313 -0.003648  0.084481  -0.010638  0.989923  0.117997  -0.078284  -0.115874  0.992776  0.031144  0.081393  -0.021759  0.996445  -0.004414  -0.006251  -0.001402  0.066602  0.215392  0.439034  2.000000  
114.219554 -0.003652  0.084467  -0.010639  0.989784  0.118826  -0.078788  -0.116684  0.992677  0.031271  0.081927  -0.021758  0.996401  -0.004419  -0.006784  -0.001469  0.068904  0.232839  0.467105  2.000000  
114.220799 -0.003655  0.084454  -0.010640  0.989679  0.119457  -0.079151  -0.117291  0.992598  0.031487  0.082327  -0.021878  0.996365  -0.004399  -0.007283  -0.001482  0.074715  0.245896  0.488172  2.000000  
114.221799 -0.003659  0.084443  -0.010641  0.989598  0.119875  -0.079535  -0.117695  0.992548  0.031567  0.082727  -0.021878  0.996332  -0.004351  -0.007673  -0.001454  0.075901  0.259085  0.502241  2.000000  
114.222802 -0.003662  0.084431  -0.010642  0.989527  0.120289  -0.079787  -0.118100  0.992498  0.031631  0.082993  -0.021877  0.996310  -0.004267  -0.008204  -0.001326  0.077049  0.267749  0.516159  2.000000  
114.224049 -0.003665  0.084416  -0.010644  0.989421  0.120911  -0.080165  -0.118707  0.992422  0.031728  0.083393  -0.021877  0.996277  -0.004147  -0.008814  -0.001242  0.078831  0.280929  0.537389  2.000000  
114.225052 -0.003667  0.084405  -0.010645  0.989350  0.121315  -0.080431  -0.119111  0.992376  0.031673  0.083660  -0.021755  0.996257  -0.004044  -0.009452  -0.001212  0.075886  0.289528  0.551102  2.000000  
114.226312 -0.003671  0.084389  -0.010645  0.989254  0.121924  -0.080691  -0.119720  0.992304  0.031634  0.083927  -0.021634  0.996237  -0.003876  -0.010058  -0.001096  0.073506  0.298013  0.571767  2.000000  
114.227547 -0.003675  0.084374  -0.010645  0.989218  0.122122  -0.080831  -0.119922  0.992282  0.031546  0.084060  -0.021513  0.996228  -0.003753  -0.010449  -0.000875  0.069494  0.300133  0.574404  2.000000  
114.228795 -0.003680  0.084359  -0.010645  0.989182  0.122319  -0.080972  -0.120124  0.992260  0.031459  0.084193  -0.021392  0.996220  -0.003605  -0.010863  -0.000681  0.064461  0.295951  0.560513  2.000000  
114.229798 -0.003684  0.084347  -0.010644  0.989146  0.122526  -0.081098  -0.120327  0.992235  0.031491  0.084327  -0.021391  0.996209  -0.003544  -0.011180  -0.000483  0.059448  0.291816  0.546874  2.000000  
114.231045 -0.003688  0.084331  -0.010642  0.989086  0.122928  -0.081232  -0.120733  0.992188  0.031421  0.084460  -0.021270  0.996200  -0.003405  -0.011565  -0.000307  0.051460  0.287313  0.546689  2.000000  
114.232047 -0.003693  0.084318  -0.010640  0.989024  0.123329  -0.081366  -0.121138  0.992140  0.031350  0.084593  -0.021149  0.996191  -0.003428  -0.011749  -0.000149  0.043993  0.287154  0.553495  2.000000  
114.233063 -0.003698  0.084304  -0.010639  0.989013  0.123332  -0.081499  -0.121137  0.992140  0.031366  0.084727  -0.021149  0.996180  -0.003423  -0.011942  -0.000062  0.038745  0.280846  0.537013  2.000000  
114.234313 -0.003705  0.084287  -0.010639  0.988988  0.123526  -0.081507  -0.121341  0.992118  0.031263  0.084727  -0.021028  0.996182  -0.003578  -0.012177  0.000011  0.032545  0.267976  0.509119  2.000000  
114.235553 -0.003712  0.084270  -0.010638  0.988963  0.123721  -0.081516  -0.121544  0.992097  0.031159  0.084727  -0.020907  0.996185  -0.003811  -0.012509  0.000136  0.022264  0.255131  0.481351  2.000000  
114.236799 -0.003719  0.084252  -0.010636  0.988927  0.123928  -0.081642  -0.121746  0.992071  0.031192  0.084860  -0.020907  0.996174  -0.004014  -0.012710  0.000335  0.017024  0.248866  0.463682  2.000000  
114.237805 -0.003725  0.084238  -0.010634  0.988927  0.123918  -0.081657  -0.121746  0.992075  0.031072  0.084860  -0.020786  0.996176  -0.004268  -0.012883  0.000596  0.010932  0.238033  0.439595  2.000000  
114.239050 -0.003733  0.084220  -0.010631  0.988902  0.124112  -0.081665  -0.121950  0.992053  0.030968  0.084860  -0.020665  0.996179  -0.004610  -0.013080  0.000881  0.005770  0.223036  0.422038  2.000000  
114.240303 -0.003742  0.084202  -0.010629  0.988877  0.124306  -0.081674  -0.122154  0.992031  0.030865  0.084860  -0.020545  0.996181  -0.004966  -0.013322  0.001049  -0.000430  0.210305  0.394462  2.000000  
114.241552 -0.003753  0.084183  -0.010628  0.988888  0.124294  -0.081557  -0.122155  0.992035  0.030728  0.084727  -0.020424  0.996195  -0.005478  -0.013573  0.001130  -0.007261  0.190284  0.362702  2.000000  
114.242797 -0.003765  0.084164  -0.010628  0.988874  0.124485  -0.081433  -0.122360  0.992014  0.030608  0.084593  -0.020303  0.996209  -0.005961  -0.013870  0.001193  -0.013538  0.168434  0.334692  2.000000  
114.243798 -0.003774  0.084148  -0.010628  0.988849  0.124680  -0.081442  -0.122564  0.991992  0.030505  0.084593  -0.020183  0.996211  -0.006336  -0.014071  0.001190  -0.018684  0.155222  0.320539  2.000000  
114.245050 -0.003785  0.084129  -0.010629  0.988835  0.124861  -0.081334  -0.122769  0.991974  0.030264  0.084460  -0.019941  0.996227  -0.006780  -0.014339  0.001022  -0.028506  0.137717  0.299480  2.000000  
114.246296 -0.003798  0.084110  -0.010630  0.988846  0.124849  -0.081217  -0.122770  0.991978  0.030128  0.084327  -0.019821  0.996241  -0.007223  -0.014488  0.000822  -0.038026  0.119202  0.276194  2.000000  
114.247302 -0.003808  0.084095  -0.010631  0.988821  0.125043  -0.081226  -0.122973  0.991956  0.030024  0.084327  -0.019700  0.996243  -0.007633  -0.014626  0.000609  -0.044061  0.102640  0.257391  2.000000  
114.248553 -0.003822  0.084076  -0.010633  0.988807  0.125235  -0.081103  -0.123178  0.991934  0.029904  0.084193  -0.019579  0.996257  -0.008136  -0.014791  0.000376  -0.052877  0.084217  0.241160  2.000000  
114.249557 -0.003833  0.084061  -0.010636  0.988818  0.125233  -0.080970  -0.123180  0.991934  0.029887  0.084060  -0.019579  0.996268  -0.008531  -0.014889  0.000161  -0.055561  0.063001  0.215092  2.000000  
114.250800 -0.003848  0.084041  -0.010639  0.988792  0.125427  -0.080979  -0.123383  0.991912  0.029784  0.084060  -0.019458  0.996271  -0.009032  -0.015041  -0.000116  -0.064839  0.049813  0.201072  2.000000  
114.252050 -0.003863  0.084022  -0.010641  0.988767  0.125621  -0.080988  -0.123587  0.991890  0.029680  0.084060  -0.019338  0.996273  -0.009550  -0.015116  -0.000421  -0.068878  0.036175  0.192284  2.000000  
114.253053 -0.003875  0.084007  -0.010643  0.988753  0.125823  -0.080850  -0.123792  0.991864  0.029680  0.083927  -0.019338  0.996284  -0.009948  -0.015177  -0.000689  -0.070004  0.023125  0.186676  2.000000  
114.254306 -0.003891  0.083988  -0.010646  0.988753  0.125813  -0.080865  -0.123792  0.991868  0.029560  0.083927  -0.019217  0.996287  -0.010399  -0.015297  -0.000991  0.000000  0.000000  0.000000  2.000000  
114.255553 -0.003907  0.083968  -0.010650  0.988727  0.126007  -0.080875  -0.123995  0.991845  0.029456  0.083927  -0.019096  0.996289  -0.010821  -0.015353  -0.001408  0.000000  0.000000  0.000000  2.000000  
114.256799 -0.003923  0.083948  -0.010655  0.988713  0.126199  -0.080751  -0.124200  0.991823  0.029336  0.083793  -0.018976  0.996302  -0.011186  -0.015408  -0.001822  0.000000  0.000000  0.000000  2.000000  
114.257799 -0.003936  0.083932  -0.010659  0.988713  0.126190  -0.080767  -0.124200  0.991827  0.029216  0.083793  -0.018855  0.996305  -0.011403  -0.015416  -0.002149  0.000000  0.000000  0.000000  2.000000  
114.258802 -0.003948  0.083917  -0.010663  0.988687  0.126384  -0.080776  -0.124404  0.991804  0.029112  0.083793  -0.018734  0.996307  -0.011642  -0.015412  -0.002405  0.000000  0.000000  0.000000  2.000000  
114.260047 -0.003963  0.083898  -0.010669  0.988687  0.126374  -0.080791  -0.124404  0.991808  0.028992  0.083793  -0.018613  0.996309  -0.011831  -0.015411  -0.002710  0.000000  0.000000  0.000000  2.000000  
114.261296 -0.003978  0.083879  -0.010675  0.988662  0.126569  -0.080801  -0.124608  0.991785  0.028888  0.083793  -0.018492  0.996312  -0.012027  -0.015433  -0.003065  0.000000  0.000000  0.000000  2.000000  
114.262303 -0.003989  0.083864  -0.010680  0.988662  0.126569  -0.080801  -0.124608  0.991785  0.028888  0.083793  -0.018492  0.996312  -0.012083  -0.015432  -0.003280  0.000000  0.000000  0.000000  2.000000  
114.263550 -0.004003  0.083845  -0.010686  0.988625  0.126765  -0.080942  -0.124810  0.991763  0.028801  0.083927  -0.018371  0.996303  -0.012077  -0.015420  -0.003481  0.000000  0.000000  0.000000  2.000000  
114.264795 -0.004017  0.083826  -0.010692  0.988599  0.126960  -0.080952  -0.125013  0.991740  0.028697  0.083927  -0.018250  0.996305  -0.012039  -0.015370  -0.003677  0.000000  0.000000  0.000000  2.000000  
114.265800 -0.004028  0.083811  -0.010697  0.988599  0.126960  -0.080952  -0.125013  0.991740  0.028697  0.083927  -0.018250  0.996305  -0.011974  -0.015324  -0.003920  0.000000  0.000000  0.000000  2.000000  
114.266809 -0.004038  0.083796  -0.010702  0.988599  0.126950  -0.080967  -0.125013  0.991743  0.028577  0.083927  -0.018129  0.996307  -0.011863  -0.015314  -0.004106  0.000000  0.000000  0.000000  2.000000  
114.268050 -0.004052  0.083777  -0.010708  0.988599  0.126950  -0.080967  -0.125013  0.991743  0.028577  0.083927  -0.018129  0.996307  -0.011778  -0.015366  -0.004351  0.000000  0.000000  0.000000  2.000000  
114.269313 -0.004064  0.083758  -0.010715  0.988573  0.127154  -0.080961  -0.125217  0.991717  0.028594  0.083927  -0.018129  0.996307  -0.011552  -0.015325  -0.004624  0.000000  0.000000  0.000000  2.000000  
114.270549 -0.004078  0.083738  -0.010722  0.988562  0.127156  -0.081094  -0.125215  0.991717  0.028611  0.084060  -0.018129  0.996296  -0.011382  -0.015316  -0.004810  0.000000  0.000000  0.000000  2.000000  
114.271550 -0.004088  0.083723  -0.010726  0.988562  0.127147  -0.081109  -0.125215  0.991720  0.028490  0.084060  -0.018008  0.996298  -0.011203  -0.015261  -0.004865  0.000000  0.000000  0.000000  2.000000  
114.272554 -0.004097  0.083709  -0.010731  0.988562  0.127147  -0.081109  -0.125215  0.991720  0.028490  0.084060  -0.018008  0.996298  -0.010962  -0.015161  -0.004848  0.000000  0.000000  0.000000  2.000000  
114.273799 -0.004109  0.083690  -0.010735  0.988536  0.127351  -0.081103  -0.125419  0.991694  0.028507  0.084060  -0.018008  0.996298  -0.010750  -0.015106  -0.004788  0.000000  0.000000  0.000000  2.000000  
114.274800 -0.004118  0.083676  -0.010739  0.988536  0.127351  -0.081103  -0.125419  0.991694  0.028507  0.084060  -0.018008  0.996298  -0.010509  -0.015024  -0.004726  0.000000  0.000000  0.000000  2.000000  
114.276046 -0.004129  0.083659  -0.010743  0.988536  0.127351  -0.081103  -0.125419  0.991694  0.028507  0.084060  -0.018008  0.996298  -0.010224  -0.014900  -0.004635  0.000000  0.000000  0.000000  2.000000  
114.277046 -0.004137  0.083645  -0.010746  0.988510  0.127555  -0.081097  -0.125622  0.991668  0.028524  0.084060  -0.018008  0.996298  -0.010029  -0.014818  -0.004511  0.000000  0.000000  0.000000  2.000000  
114.278302 -0.004147  0.083628  -0.010751  0.988510  0.127555  -0.081097  -0.125622  0.991668  0.028524  0.084060  -0.018008  0.996298  -0.009785  -0.014678  -0.004410  0.000000  0.000000  0.000000  2.000000  
114.279311 -0.004155  0.083615  -0.010754  0.988510  0.127555  -0.081097  -0.125622  0.991668  0.028524  0.084060  -0.018008  0.996298  -0.009572  -0.014559  -0.004325  0.000000  0.000000  0.000000  2.000000  
114.280547 -0.004165  0.083598  -0.010758  0.988496  0.127757  -0.080959  -0.125827  0.991642  0.028524  0.083927  -0.018009  0.996309  -0.009388  -0.014470  -0.004201  0.000000  0.000000  0.000000  2.000000  
114.281548 -0.004174  0.083584  -0.010763  0.988496  0.127757  -0.080959  -0.125827  0.991642  0.028524  0.083927  -0.018009  0.996309  -0.009248  -0.014408  -0.004156  0.000000  0.000000  0.000000  2.000000  
114.282559 -0.004182  0.083570  -0.010766  0.988470  0.127961  -0.080953  -0.126031  0.991616  0.028540  0.083927  -0.018009  0.996309  -0.009039  -0.014299  -0.004039  0.000000  0.000000  0.000000  2.000000  
114.283798 -0.004194  0.083552  -0.010770  0.988470  0.127961  -0.080953  -0.126031  0.991616  0.028540  0.083927  -0.018009  0.996309  -0.008952  -0.014222  -0.003894  0.000000  0.000000  0.000000  2.000000  
114.285049 -0.004205  0.083534  -0.010774  0.988455  0.128172  -0.080800  -0.126236  0.991586  0.028660  0.083793  -0.018130  0.996318  -0.008862  -0.014145  -0.003714  0.000000  0.000000  0.000000  2.000000  
114.286050 -0.004214  0.083520  -0.010778  0.988455  0.128172  -0.080800  -0.126236  0.991586  0.028660  0.083793  -0.018130  0.996318  -0.008779  -0.014079  -0.003586  0.000000  0.000000  0.000000  2.000000  
114.287296 -0.004226  0.083501  -0.010782  0.988429  0.128386  -0.080778  -0.126439  0.991556  0.028797  0.083793  -0.018250  0.996316  -0.008754  -0.014043  -0.003481  0.000000  0.000000  0.000000  2.000000  
114.288296 -0.004235  0.083488  -0.010785  0.988429  0.128396  -0.080763  -0.126439  0.991553  0.028917  0.083793  -0.018371  0.996314  -0.008724  -0.014019  -0.003463  0.000000  0.000000  0.000000  2.000000  
114.289310 -0.004245  0.083474  -0.010789  0.988403  0.128600  -0.080757  -0.126643  0.991526  0.028934  0.083793  -0.018371  0.996314  -0.008741  -0.013987  -0.003437  0.000000  0.000000  0.000000  2.000000  
114.290548 -0.004257  0.083456  -0.010794  0.988388  0.128812  -0.080603  -0.126848  0.991497  0.029054  0.083660  -0.018492  0.996323  -0.008854  -0.013982  -0.003515  0.000000  0.000000  0.000000  2.000000  
114.291796 -0.004270  0.083439  -0.010800  0.988362  0.129026  -0.080581  -0.127051  0.991467  0.029191  0.083660  -0.018613  0.996321  -0.008966  -0.013975  -0.003594  0.000000  0.000000  0.000000  2.000000  
114.292800 -0.004280  0.083425  -0.010804  0.988362  0.129035  -0.080566  -0.127051  0.991463  0.029311  0.083660  -0.018734  0.996318  -0.009114  -0.013966  -0.003658  0.000000  0.000000  0.000000  2.000000  
114.294052 -0.004293  0.083409  -0.010810  0.988336  0.129240  -0.080560  -0.127254  0.991436  0.029328  0.083660  -0.018734  0.996318  -0.009343  -0.013993  -0.003813  0.000000  0.000000  0.000000  2.000000  
114.295299 -0.004307  0.083392  -0.010816  0.988309  0.129453  -0.080538  -0.127458  0.991406  0.029465  0.083660  -0.018855  0.996316  -0.009570  -0.013992  -0.003927  0.000000  0.000000  0.000000  2.000000  
114.296550 -0.004321  0.083374  -0.010822  0.988283  0.129667  -0.080516  -0.127661  0.991376  0.029601  0.083660  -0.018976  0.996314  -0.009834  -0.013969  -0.003984  0.000000  0.000000  0.000000  2.000000  
114.297797 -0.004336  0.083357  -0.010828  0.988283  0.129667  -0.080516  -0.127661  0.991376  0.029601  0.083660  -0.018976  0.996314  -0.010085  -0.013950  -0.004076  0.000000  0.000000  0.000000  2.000000  
114.298798 -0.004348  0.083343  -0.010833  0.988257  0.129881  -0.080494  -0.127865  0.991346  0.029738  0.083660  -0.019097  0.996311  -0.010348  -0.013914  -0.004178  0.000000  0.000000  0.000000  2.000000  
114.299808 -0.004361  0.083329  -0.010838  0.988268  0.129879  -0.080362  -0.127866  0.991346  0.029721  0.083527  -0.019097  0.996323  -0.010564  -0.013890  -0.004335  0.000000  0.000000  0.000000  2.000000  
114.301049 -0.004377  0.083311  -0.010846  0.988242  0.130092  -0.080340  -0.128070  0.991316  0.029858  0.083527  -0.019218  0.996320  -0.010848  -0.013901  -0.004533  0.000000  0.000000  0.000000  2.000000  
114.302050 -0.004391  0.083297  -0.010852  0.988215  0.130296  -0.080334  -0.128273  0.991289  0.029874  0.083527  -0.019218  0.996320  -0.011134  -0.013867  -0.004738  0.000000  0.000000  0.000000  2.000000  
114.303050 -0.004404  0.083283  -0.010858  0.988204  0.130309  -0.080450  -0.128272  0.991285  0.030012  0.083660  -0.019338  0.996307  -0.011423  -0.013900  -0.004933  0.000000  0.000000  0.000000  2.000000  
114.304302 -0.004421  0.083265  -0.010866  0.988178  0.130513  -0.080444  -0.128475  0.991258  0.030028  0.083660  -0.019338  0.996307  -0.011731  -0.013910  -0.005148  0.000000  0.000000  0.000000  2.000000  
114.305551 -0.004438  0.083247  -0.010875  0.988151  0.130727  -0.080422  -0.128679  0.991227  0.030165  0.083660  -0.019459  0.996304  -0.012071  -0.013942  -0.005421  0.000000  0.000000  0.000000  2.000000  
114.306553 -0.004452  0.083233  -0.010882  0.988151  0.130736  -0.080406  -0.128679  0.991224  0.030285  0.083660  -0.019580  0.996302  -0.012338  -0.013944  -0.005562  0.000000  0.000000  0.000000  2.000000  
114.307800 -0.004469  0.083216  -0.010890  0.988125  0.130941  -0.080400  -0.128882  0.991197  0.030302  0.083660  -0.019580  0.996302  -0.012622  -0.013973  -0.005756  0.000000  0.000000  0.000000  2.000000  
114.308800 -0.004483  0.083202  -0.010897  0.988125  0.130950  -0.080384  -0.128882  0.991193  0.030422  0.083660  -0.019701  0.996300  -0.012900  -0.014014  -0.005894  0.000000  0.000000  0.000000  2.000000  
114.310047 -0.004501  0.083185  -0.010906  0.988125  0.130950  -0.080384  -0.128882  0.991193  0.030422  0.083660  -0.019701  0.996300  -0.013189  -0.014009  -0.006056  0.000000  0.000000  0.000000  2.000000  
114.311296 -0.004520  0.083168  -0.010914  0.988125  0.130950  -0.080384  -0.128882  0.991193  0.030422  0.083660  -0.019701  0.996300  -0.013480  -0.013981  -0.006261  0.000000  0.000000  0.000000  2.000000  
114.312299 -0.004535  0.083154  -0.010921  0.988098  0.131164  -0.080362  -0.129085  0.991162  0.030559  0.083660  -0.019822  0.996297  -0.013735  -0.014031  -0.006383  0.000000  0.000000  0.000000  2.000000  
114.313300 -0.004550  0.083141  -0.010929  0.988098  0.131164  -0.080362  -0.129085  0.991162  0.030559  0.083660  -0.019822  0.996297  -0.013889  -0.013951  -0.006551  0.000000  0.000000  0.000000  2.000000  
114.314309 -0.004564  0.083127  -0.010936  0.988098  0.131164  -0.080362  -0.129085  0.991162  0.030559  0.083660  -0.019822  0.996297  -0.014007  -0.013934  -0.006639  0.000000  0.000000  0.000000  2.000000  
114.315548 -0.004583  0.083111  -0.010945  0.988109  0.131161  -0.080230  -0.129087  0.991163  0.030542  0.083527  -0.019822  0.996308  -0.014172  -0.013838  -0.006816  0.000000  0.000000  0.000000  2.000000  
114.316555 -0.004598  0.083097  -0.010952  0.988109  0.131161  -0.080230  -0.129087  0.991163  0.030542  0.083527  -0.019822  0.996308  -0.014288  -0.013783  -0.006904  0.000000  0.000000  0.000000  2.000000  
114.317799 -0.004617  0.083081  -0.010960  0.988109  0.131161  -0.080230  -0.129087  0.991163  0.030542  0.083527  -0.019822  0.996308  -0.014418  -0.013674  -0.006932  0.000000  0.000000  0.000000  2.000000  
114.318803 -0.004631  0.083068  -0.010967  0.988109  0.131161  -0.080230  -0.129087  0.991163  0.030542  0.083527  -0.019822  0.996308  -0.014495  -0.013546  -0.006962  0.000000  0.000000  0.000000  2.000000  
114.319808 -0.004645  0.083056  -0.010974  0.988109  0.131161  -0.080230  -0.129087  0.991163  0.030542  0.083527  -0.019822  0.996308  -0.014514  -0.013390  -0.006919  0.000000  0.000000  0.000000  2.000000  
114.321053 -0.004663  0.083041  -0.010982  0.988109  0.131161  -0.080230  -0.129087  0.991163  0.030542  0.083527  -0.019822  0.996308  -0.014580  -0.013298  -0.006894  0.000000  0.000000  0.000000  2.000000  
114.322312 -0.004681  0.083026  -0.010990  0.988109  0.131161  -0.080230  -0.129087  0.991163  0.030542  0.083527  -0.019822  0.996308  -0.014590  -0.013102  -0.006852  0.000000  0.000000  0.000000  2.000000  
114.323551 -0.004699  0.083011  -0.010998  0.988109  0.131161  -0.080230  -0.129087  0.991163  0.030542  0.083527  -0.019822  0.996308  -0.014613  -0.012964  -0.006851  0.000000  0.000000  0.000000  2.000000  
114.324552 -0.004713  0.082999  -0.011005  0.988120  0.131159  -0.080098  -0.129088  0.991163  0.030524  0.083393  -0.019822  0.996320  -0.014575  -0.012848  -0.006813  0.000000  0.000000  0.000000  2.000000  
114.325553 -0.004727  0.082987  -0.011012  0.988120  0.131159  -0.080098  -0.129088  0.991163  0.030524  0.083393  -0.019822  0.996320  -0.014527  -0.012700  -0.006842  0.000000  0.000000  0.000000  2.000000  
114.326797 -0.004745  0.082973  -0.011022  0.988120  0.131159  -0.080098  -0.129088  0.991163  0.030524  0.083393  -0.019822  0.996320  -0.014527  -0.012542  -0.006917  0.000000  0.000000  0.000000  2.000000  
114.327800 -0.004759  0.082962  -0.011029  0.988120  0.131159  -0.080098  -0.129088  0.991163  0.030524  0.083393  -0.019822  0.996320  -0.014412  -0.012359  -0.006917  0.000000  0.000000  0.000000  2.000000  
114.329048 -0.004776  0.082948  -0.011038  0.988131  0.131156  -0.079965  -0.129090  0.991164  0.030507  0.083260  -0.019822  0.996331  -0.014332  -0.012191  -0.006947  0.000000  0.000000  0.000000  2.000000  
114.330048 -0.004790  0.082937  -0.011045  0.988131  0.131156  -0.079965  -0.129090  0.991164  0.030507  0.083260  -0.019822  0.996331  -0.014283  -0.012004  -0.006907  0.000000  0.000000  0.000000  2.000000  
114.331049 -0.004803  0.082927  -0.011052  0.988131  0.131156  -0.079965  -0.129090  0.991164  0.030507  0.083260  -0.019822  0.996331  -0.014151  -0.011760  -0.006899  0.000000  0.000000  0.000000  2.000000  
114.332300 -0.004819  0.082915  -0.011060  0.988142  0.131154  -0.079833  -0.129091  0.991164  0.030490  0.083127  -0.019823  0.996342  -0.014027  -0.011528  -0.006868  0.000000  0.000000  0.000000  2.000000  
114.333301 -0.004832  0.082906  -0.011067  0.988142  0.131154  -0.079833  -0.129091  0.991164  0.030490  0.083127  -0.019823  0.996342  -0.013863  -0.011287  -0.006847  0.000000  0.000000  0.000000  2.000000  
114.334547 -0.004847  0.082894  -0.011075  0.988153  0.131141  -0.079717  -0.129093  0.991168  0.030352  0.082993  -0.019702  0.996355  -0.013712  -0.010971  -0.006850  0.000000  0.000000  0.000000  2.000000  
114.335548 -0.004859  0.082886  -0.011081  0.988153  0.131141  -0.079717  -0.129093  0.991168  0.030352  0.082993  -0.019702  0.996355  -0.013572  -0.010746  -0.006842  0.000000  0.000000  0.000000  2.000000  
114.336797 -0.004875  0.082875  -0.011090  0.988127  0.131345  -0.079711  -0.129296  0.991141  0.030369  0.082993  -0.019702  0.996355  -0.013407  -0.010433  -0.006879  0.000000  0.000000  0.000000  2.000000  
114.337797 -0.004887  0.082867  -0.011096  0.988127  0.131345  -0.079711  -0.129296  0.991141  0.030369  0.082993  -0.019702  0.996355  -0.013239  -0.010188  -0.006855  0.000000  0.000000  0.000000  2.000000  
114.339046 -0.004902  0.082857  -0.011105  0.988138  0.131343  -0.079579  -0.129298  0.991141  0.030351  0.082860  -0.019702  0.996366  -0.013045  -0.009855  -0.006876  0.000000  0.000000  0.000000  2.000000  
114.340049 -0.004914  0.082849  -0.011111  0.988111  0.131547  -0.079572  -0.129501  0.991114  0.030368  0.082860  -0.019702  0.996366  -0.012894  -0.009566  -0.006829  0.000000  0.000000  0.000000  2.000000  
114.341301 -0.004928  0.082839  -0.011119  0.988122  0.131544  -0.079440  -0.129502  0.991115  0.030351  0.082727  -0.019702  0.996377  -0.012682  -0.009248  -0.006747  0.000000  0.000000  0.000000  2.000000  
114.342552 -0.004943  0.082830  -0.011127  0.988095  0.131748  -0.079434  -0.129706  0.991087  0.030367  0.082727  -0.019702  0.996377  -0.012513  -0.008920  -0.006654  0.000000  0.000000  0.000000  2.000000  
114.343795 -0.004957  0.082821  -0.011135  0.988106  0.131746  -0.079302  -0.129707  0.991088  0.030350  0.082593  -0.019703  0.996389  -0.012307  -0.008580  -0.006582  0.000000  0.000000  0.000000  2.000000  
114.344797 -0.004968  0.082815  -0.011141  0.988080  0.131950  -0.079295  -0.129911  0.991061  0.030366  0.082593  -0.019703  0.996389  -0.012102  -0.008309  -0.006540  0.000000  0.000000  0.000000  2.000000  
114.345801 -0.004979  0.082808  -0.011148  0.988080  0.131950  -0.079295  -0.129911  0.991061  0.030366  0.082593  -0.019703  0.996389  -0.011929  -0.008060  -0.006515  0.000000  0.000000  0.000000  2.000000  
114.347047 -0.004992  0.082800  -0.011156  0.988064  0.132151  -0.079157  -0.130116  0.991034  0.030365  0.082460  -0.019703  0.996400  -0.011723  -0.007773  -0.006520  0.000000  0.000000  0.000000  2.000000  
114.348050 -0.005002  0.082794  -0.011163  0.988064  0.132151  -0.079157  -0.130116  0.991034  0.030365  0.082460  -0.019703  0.996400  -0.011575  -0.007570  -0.006503  0.000000  0.000000  0.000000  2.000000  
114.349311 -0.005015  0.082786  -0.011171  0.988048  0.132362  -0.079003  -0.130320  0.991003  0.030484  0.082327  -0.019824  0.996408  -0.011380  -0.007319  -0.006507  0.000000  0.000000  0.000000  2.000000  
114.350314 -0.005025  0.082781  -0.011177  0.988021  0.132566  -0.078996  -0.130524  0.990976  0.030500  0.082327  -0.019824  0.996408  -0.011233  -0.007117  -0.006491  0.000000  0.000000  0.000000  2.000000  
114.351550 -0.005038  0.082773  -0.011185  0.988021  0.132566  -0.078996  -0.130524  0.990976  0.030500  0.082327  -0.019824  0.996408  -0.011047  -0.006927  -0.006488  0.000000  0.000000  0.000000  2.000000  
114.352802 -0.005051  0.082765  -0.011193  0.988005  0.132767  -0.078858  -0.130729  0.990949  0.030499  0.082193  -0.019824  0.996419  -0.010906  -0.006744  -0.006428  0.000000  0.000000  0.000000  2.000000  
114.354048 -0.005063  0.082758  -0.011200  0.987978  0.132971  -0.078852  -0.130932  0.990922  0.030515  0.082193  -0.019824  0.996419  -0.010734  -0.006595  -0.006339  0.000000  0.000000  0.000000  2.000000  
114.355302 -0.005075  0.082750  -0.011206  0.987951  0.133175  -0.078845  -0.131135  0.990894  0.030531  0.082193  -0.019824  0.996419  -0.010540  -0.006432  -0.006237  0.000000  0.000000  0.000000  2.000000  
114.356555 -0.005087  0.082743  -0.011213  0.987962  0.133173  -0.078713  -0.131137  0.990895  0.030514  0.082060  -0.019824  0.996430  -0.010350  -0.006298  -0.006131  0.000000  0.000000  0.000000  2.000000  
114.357797 -0.005098  0.082735  -0.011220  0.987935  0.133377  -0.078707  -0.131340  0.990867  0.030530  0.082060  -0.019824  0.996430  -0.010165  -0.006222  -0.006056  0.000000  0.000000  0.000000  2.000000  
114.358798 -0.005108  0.082729  -0.011225  0.987908  0.133581  -0.078701  -0.131544  0.990840  0.030546  0.082060  -0.019824  0.996430  -0.010015  -0.006131  -0.005975  0.000000  0.000000  0.000000  2.000000  
114.359802 -0.005117  0.082723  -0.011230  0.987908  0.133581  -0.078701  -0.131544  0.990840  0.030546  0.082060  -0.019824  0.996430  -0.009905  -0.006109  -0.005901  0.000000  0.000000  0.000000  2.000000  
114.361046 -0.005128  0.082716  -0.011237  0.987881  0.133785  -0.078694  -0.131747  0.990812  0.030562  0.082060  -0.019824  0.996430  -0.009762  -0.006033  -0.005855  0.000000  0.000000  0.000000  2.000000  
114.362048 -0.005138  0.082710  -0.011243  0.987892  0.133782  -0.078562  -0.131749  0.990812  0.030545  0.081927  -0.019825  0.996441  -0.009671  -0.006027  -0.005752  0.000000  0.000000  0.000000  2.000000  
114.363050 -0.005146  0.082704  -0.011248  0.987865  0.133996  -0.078540  -0.131952  0.990781  0.030681  0.081927  -0.019945  0.996439  -0.009562  -0.006007  -0.005680  0.000000  0.000000  0.000000  2.000000  
114.364299 -0.005158  0.082696  -0.011255  0.987865  0.133996  -0.078540  -0.131952  0.990781  0.030681  0.081927  -0.019945  0.996439  -0.009486  -0.006044  -0.005612  0.000000  0.000000  0.000000  2.000000  
114.365300 -0.005166  0.082690  -0.011260  0.987838  0.134200  -0.078533  -0.132155  0.990754  0.030697  0.081927  -0.019945  0.996439  -0.009420  -0.006066  -0.005516  0.000000  0.000000  0.000000  2.000000  
114.366306 -0.005176  0.082683  -0.011265  0.987838  0.134200  -0.078533  -0.132155  0.990754  0.030697  0.081927  -0.019945  0.996439  -0.009332  -0.006086  -0.005449  0.000000  0.000000  0.000000  2.000000  
114.367554 -0.005187  0.082675  -0.011271  0.987810  0.134404  -0.078527  -0.132359  0.990726  0.030713  0.081927  -0.019945  0.996439  -0.009251  -0.006149  -0.005337  0.000000  0.000000  0.000000  2.000000  
114.368848 -0.005198  0.082666  -0.011278  0.987810  0.134404  -0.078527  -0.132359  0.990726  0.030713  0.081927  -0.019945  0.996439  -0.009172  -0.006176  -0.005273  0.000000  0.000000  0.000000  2.000000  
114.370053 -0.005210  0.082658  -0.011283  0.987783  0.134607  -0.078521  -0.132562  0.990698  0.030730  0.081927  -0.019945  0.996439  -0.009159  -0.006263  -0.005200  0.000000  0.000000  0.000000  2.000000  
114.371305 -0.005222  0.082649  -0.011289  0.987756  0.134802  -0.078531  -0.132765  0.990674  0.030626  0.081927  -0.019825  0.996441  -0.009135  -0.006356  -0.005162  0.000000  0.000000  0.000000  2.000000  
114.372305 -0.005230  0.082642  -0.011294  0.987756  0.134802  -0.078531  -0.132765  0.990674  0.030626  0.081927  -0.019825  0.996441  -0.009043  -0.006359  -0.005140  0.000000  0.000000  0.000000  2.000000  
114.373549 -0.005242  0.082634  -0.011301  0.987745  0.134805  -0.078663  -0.132764  0.990674  0.030643  0.082060  -0.019824  0.996430  -0.009067  -0.006430  -0.005139  0.000000  0.000000  0.000000  2.000000  
114.374555 -0.005251  0.082627  -0.011306  0.987718  0.135008  -0.078656  -0.132967  0.990646  0.030660  0.082060  -0.019824  0.996430  -0.009067  -0.006471  -0.005085  0.000000  0.000000  0.000000  2.000000  
114.375796 -0.005262  0.082619  -0.011311  0.987718  0.135008  -0.078656  -0.132967  0.990646  0.030660  0.082060  -0.019824  0.996430  -0.009030  -0.006495  -0.005050  0.000000  0.000000  0.000000  2.000000  
114.376803 -0.005271  0.082613  -0.011316  0.987690  0.135212  -0.078650  -0.133171  0.990618  0.030676  0.082060  -0.019824  0.996430  -0.009016  -0.006559  -0.004983  0.000000  0.000000  0.000000  2.000000  
114.378045 -0.005282  0.082605  -0.011322  0.987690  0.135212  -0.078650  -0.133171  0.990618  0.030676  0.082060  -0.019824  0.996430  -0.009039  -0.006598  -0.004901  0.000000  0.000000  0.000000  2.000000  
114.379049 -0.005291  0.082599  -0.011327  0.987690  0.135212  -0.078650  -0.133171  0.990618  0.030676  0.082060  -0.019824  0.996430  -0.009049  -0.006591  -0.004865  0.000000  0.000000  0.000000  2.000000  
114.380301 -0.005303  0.082591  -0.011332  0.987663  0.135407  -0.078660  -0.133374  0.990594  0.030572  0.082060  -0.019703  0.996433  -0.009098  -0.006604  -0.004808  0.000000  0.000000  0.000000  2.000000  
114.381548 -0.005314  0.082583  -0.011338  0.987663  0.135407  -0.078660  -0.133374  0.990594  0.030572  0.082060  -0.019703  0.996433  -0.009077  -0.006583  -0.004798  0.000000  0.000000  0.000000  2.000000  
114.382555 -0.005324  0.082576  -0.011344  0.987652  0.135409  -0.078792  -0.133372  0.990594  0.030590  0.082193  -0.019703  0.996422  -0.009103  -0.006578  -0.004815  0.000000  0.000000  0.000000  2.000000  
114.383556 -0.005333  0.082570  -0.011349  0.987624  0.135613  -0.078786  -0.133576  0.990566  0.030606  0.082193  -0.019703  0.996422  -0.009138  -0.006573  -0.004839  0.000000  0.000000  0.000000  2.000000  
114.384804 -0.005344  0.082562  -0.011355  0.987624  0.135613  -0.078786  -0.133576  0.990566  0.030606  0.082193  -0.019703  0.996422  -0.009067  -0.006492  -0.004894  0.000000  0.000000  0.000000  2.000000  
114.386049 -0.005355  0.082554  -0.011362  0.987624  0.135613  -0.078786  -0.133576  0.990566  0.030606  0.082193  -0.019703  0.996422  -0.009103  -0.006511  -0.004914  0.000000  0.000000  0.000000  2.000000  
114.387050 -0.005364  0.082547  -0.011366  0.987597  0.135808  -0.078796  -0.133779  0.990542  0.030502  0.082193  -0.019582  0.996424  -0.009059  -0.006440  -0.004854  0.000000  0.000000  0.000000  2.000000  
114.388050 -0.005373  0.082541  -0.011371  0.987597  0.135808  -0.078796  -0.133779  0.990542  0.030502  0.082193  -0.019582  0.996424  -0.009067  -0.006392  -0.004869  0.000000  0.000000  0.000000  2.000000  
114.389314 -0.005384  0.082534  -0.011377  0.987597  0.135808  -0.078796  -0.133779  0.990542  0.030502  0.082193  -0.019582  0.996424  -0.009040  -0.006317  -0.004865  0.000000  0.000000  0.000000  2.000000  
114.390550 -0.005395  0.082527  -0.011383  0.987569  0.136012  -0.078790  -0.133982  0.990514  0.030518  0.082193  -0.019582  0.996424  -0.009018  -0.006272  -0.004858  0.000000  0.000000  0.000000  2.000000  
114.391795 -0.005406  0.082520  -0.011389  0.987558  0.136014  -0.078922  -0.133981  0.990513  0.030536  0.082327  -0.019582  0.996413  -0.009010  -0.006210  -0.004866  0.000000  0.000000  0.000000  2.000000  
114.392797 -0.005414  0.082514  -0.011394  0.987531  0.136209  -0.078932  -0.134184  0.990489  0.030432  0.082327  -0.019461  0.996415  -0.008961  -0.006161  -0.004886  0.000000  0.000000  0.000000  2.000000  
114.393798 -0.005422  0.082509  -0.011399  0.987531  0.136209  -0.078932  -0.134184  0.990489  0.030432  0.082327  -0.019461  0.996415  -0.008893  -0.006098  -0.004895  0.000000  0.000000  0.000000  2.000000  
114.395045 -0.005433  0.082502  -0.011405  0.987503  0.136413  -0.078926  -0.134388  0.990461  0.030448  0.082327  -0.019461  0.996415  -0.008814  -0.006039  -0.004940  0.000000  0.000000  0.000000  2.000000  
114.396050 -0.005441  0.082496  -0.011410  0.987503  0.136413  -0.078926  -0.134388  0.990461  0.030448  0.082327  -0.019461  0.996415  -0.008763  -0.005976  -0.004915  0.000000  0.000000  0.000000  2.000000  
114.397301 -0.005451  0.082489  -0.011416  0.987464  0.136609  -0.079068  -0.134589  0.990436  0.030363  0.082460  -0.019340  0.996407  -0.008656  -0.005885  -0.004905  0.000000  0.000000  0.000000  2.000000  
114.398552 -0.005462  0.082482  -0.011422  0.987464  0.136609  -0.079068  -0.134589  0.990436  0.030363  0.082460  -0.019340  0.996407  -0.008597  -0.005829  -0.004916  0.000000  0.000000  0.000000  2.000000  
114.399804 -0.005472  0.082475  -0.011429  0.987437  0.136813  -0.079062  -0.134793  0.990408  0.030379  0.082460  -0.019340  0.996407  -0.008497  -0.005703  -0.004877  0.000000  0.000000  0.000000  2.000000  
114.401050 -0.005481  0.082469  -0.011434  0.987437  0.136813  -0.079062  -0.134793  0.990408  0.030379  0.082460  -0.019340  0.996407  -0.008401  -0.005648  -0.004865  0.000000  0.000000  0.000000  2.000000  
114.402311 -0.005491  0.082462  -0.011440  0.987398  0.137010  -0.079205  -0.134994  0.990383  0.030293  0.082593  -0.019219  0.996398  -0.008303  -0.005551  -0.004816  0.000000  0.000000  0.000000  2.000000  
114.403551 -0.005500  0.082456  -0.011445  0.987370  0.137214  -0.079198  -0.135198  0.990355  0.030309  0.082593  -0.019219  0.996398  -0.008198  -0.005491  -0.004800  0.000000  0.000000  0.000000  2.000000  
114.404553 -0.005508  0.082451  -0.011450  0.987359  0.137217  -0.079330  -0.135196  0.990355  0.030327  0.082727  -0.019219  0.996387  -0.008091  -0.005429  -0.004782  0.000000  0.000000  0.000000  2.000000  
114.405801 -0.005517  0.082445  -0.011456  0.987331  0.137420  -0.079324  -0.135399  0.990326  0.030344  0.082727  -0.019219  0.996387  -0.007974  -0.005372  -0.004800  0.000000  0.000000  0.000000  2.000000  
114.407050 -0.005525  0.082439  -0.011461  0.987293  0.137627  -0.079450  -0.135601  0.990298  0.030378  0.082860  -0.019219  0.996376  -0.007827  -0.005310  -0.004754  0.000000  0.000000  0.000000  2.000000  
114.408300 -0.005534  0.082432  -0.011468  0.987265  0.137831  -0.079444  -0.135804  0.990269  0.030395  0.082860  -0.019219  0.996376  -0.007716  -0.005273  -0.004728  0.000000  0.000000  0.000000  2.000000  
114.409311 -0.005541  0.082427  -0.011472  0.987254  0.137833  -0.079576  -0.135803  0.990269  0.030413  0.082993  -0.019218  0.996365  -0.007603  -0.005207  -0.004706  0.000000  0.000000  0.000000  2.000000  
114.410312 -0.005548  0.082422  -0.011476  0.987226  0.138028  -0.079586  -0.136006  0.990244  0.030309  0.082993  -0.019098  0.996367  -0.007495  -0.005187  -0.004635  0.000000  0.000000  0.000000  2.000000  
114.411545 -0.005556  0.082416  -0.011481  0.987187  0.138234  -0.079712  -0.136208  0.990215  0.030344  0.083127  -0.019097  0.996356  -0.007406  -0.005152  -0.004571  0.000000  0.000000  0.000000  2.000000  
