1-Time 2-Px 3-Py 4-Pz 5-R11 6-R21 7-R31 8-R12 9-R22 10-R32 11-R13 12-R23 13-R33 14-Vx 15-Vy 16-Vz 17-Wx 18-Wy 19-Wz 20-state 21-PR11 22-PR21 23-PR31 24-PR12 25-PR22 26-PR32 27-PR13 28-PR23 29-PR33 
183.198950 0.002108  0.088613  -0.009978  0.993862  0.101275  -0.044508  -0.099979  0.994524  0.030441  0.047347  -0.025804  0.998545  0.000470  0.001693  0.000069  0.000000  0.000000  0.000000  2.000000  
183.199953 0.002108  0.088614  -0.009978  0.993862  0.101275  -0.044508  -0.099979  0.994524  0.030441  0.047347  -0.025804  0.998545  0.000462  0.001647  0.000071  0.000000  0.000000  0.000000  2.000000  
183.200957 0.002108  0.088614  -0.009979  0.993800  0.101889  -0.044489  -0.100593  0.994461  0.030469  0.047347  -0.025804  0.998545  0.000435  0.001520  0.000026  0.000000  0.000000  0.000000  2.000000  
183.202206 0.002108  0.088612  -0.009980  0.993732  0.102512  -0.044591  -0.101206  0.994394  0.030630  0.047481  -0.025925  0.998536  0.000380  0.001267  -0.000063  0.000000  0.000000  0.000000  2.000000  
183.203206 0.002108  0.088611  -0.009980  0.993711  0.102717  -0.044584  -0.101411  0.994373  0.030639  0.047481  -0.025925  0.998536  0.000368  0.001092  -0.000088  0.000000  0.000000  0.000000  2.000000  
183.204459 0.002109  0.088608  -0.009981  0.993642  0.103345  -0.044673  -0.102024  0.994301  0.030922  0.047614  -0.026167  0.998523  0.000376  0.000767  -0.000119  0.000000  0.000000  0.000000  2.000000  
183.205462 0.002109  0.088606  -0.009981  0.993593  0.103758  -0.044793  -0.102432  0.994258  0.030954  0.047748  -0.026167  0.998517  0.000348  0.000518  -0.000143  0.000000  0.000000  0.000000  2.000000  
183.206708 0.002110  0.088604  -0.009980  0.993502  0.104586  -0.044888  -0.103250  0.994168  0.031125  0.047882  -0.026288  0.998507  0.000347  0.000275  -0.000104  0.000000  0.000000  0.000000  2.000000  
183.207959 0.002110  0.088603  -0.009980  0.993383  0.105622  -0.045109  -0.104271  0.994056  0.031320  0.048149  -0.026409  0.998491  0.000366  0.000003  -0.000090  0.028667  0.008967  0.173013  2.000000  
183.209206 0.002110  0.088600  -0.009981  0.993268  0.106654  -0.045197  -0.105293  0.993942  0.031501  0.048283  -0.026530  0.998481  0.000316  -0.000352  -0.000204  0.034424  0.012549  0.207721  2.000000  
183.210467 0.002111  0.088599  -0.009983  0.993169  0.107485  -0.045423  -0.106109  0.993849  0.031687  0.048550  -0.026651  0.998465  0.000310  -0.000562  -0.000354  0.039845  0.020792  0.235496  2.000000  
183.211469 0.002112  0.088598  -0.009985  0.993074  0.108312  -0.045517  -0.106926  0.993756  0.031859  0.048683  -0.026772  0.998455  0.000308  -0.000696  -0.000469  0.044929  0.024722  0.256292  2.000000  
183.212706 0.002113  0.088598  -0.009986  0.992957  0.109339  -0.045617  -0.107948  0.993644  0.031921  0.048817  -0.026771  0.998449  0.000349  -0.000874  -0.000501  0.046637  0.028318  0.291065  2.000000  
183.213707 0.002113  0.088597  -0.009986  0.992862  0.110160  -0.045723  -0.108765  0.993553  0.031973  0.048951  -0.026771  0.998442  0.000344  -0.001073  -0.000516  0.047979  0.036585  0.318974  2.000000  
183.214961 0.002114  0.088594  -0.009988  0.992743  0.111192  -0.045810  -0.109786  0.993435  0.032155  0.049084  -0.026892  0.998433  0.000342  -0.001328  -0.000611  0.053735  0.040138  0.353537  2.000000  
183.216203 0.002114  0.088591  -0.009989  0.992639  0.112017  -0.046049  -0.110602  0.993342  0.032222  0.049352  -0.026892  0.998419  0.000382  -0.001508  -0.000644  0.055160  0.048429  0.381653  2.000000  
183.217207 0.002115  0.088589  -0.009989  0.992564  0.112640  -0.046148  -0.111214  0.993269  0.032386  0.049485  -0.027013  0.998409  0.000464  -0.001607  -0.000611  0.060246  0.052332  0.402335  2.000000  
183.218209 0.002116  0.088585  -0.009988  0.992459  0.113465  -0.046387  -0.112030  0.993175  0.032454  0.049753  -0.027012  0.998396  0.000490  -0.001723  -0.000526  0.061304  0.060768  0.423256  2.000000  
183.219456 0.002116  0.088579  -0.009987  0.992359  0.114292  -0.046479  -0.112847  0.993077  0.032628  0.049886  -0.027133  0.998386  0.000507  -0.001931  -0.000415  0.066733  0.069004  0.451164  2.000000  
183.220457 0.002118  0.088574  -0.009987  0.992253  0.115123  -0.046703  -0.113662  0.992977  0.032817  0.050153  -0.027254  0.998370  0.000607  -0.002176  -0.000389  0.072206  0.077218  0.478944  2.000000  
183.221467 0.002120  0.088568  -0.009986  0.992176  0.115745  -0.046802  -0.114274  0.992902  0.032981  0.050287  -0.027375  0.998360  0.000700  -0.002489  -0.000423  0.077308  0.081109  0.499656  2.000000  
183.222706 0.002123  0.088561  -0.009985  0.992068  0.116576  -0.047026  -0.115090  0.992801  0.033171  0.050554  -0.027496  0.998343  0.000833  -0.002837  -0.000357  0.082495  0.089544  0.520797  2.000000  
183.223707 0.002125  0.088555  -0.009985  0.992014  0.116988  -0.047145  -0.115497  0.992753  0.033206  0.050688  -0.027496  0.998336  0.000982  -0.003109  -0.000292  0.083217  0.093679  0.534784  2.000000  
183.224962 0.002127  0.088546  -0.009987  0.991905  0.117819  -0.047369  -0.116313  0.992651  0.033396  0.050955  -0.027616  0.998319  0.001082  -0.003601  -0.000225  0.088656  0.106352  0.562572  2.000000  
183.226206 0.002131  0.088538  -0.009987  0.991826  0.118441  -0.047466  -0.116924  0.992574  0.033561  0.051089  -0.027737  0.998309  0.001304  -0.004033  -0.000140  0.093821  0.110292  0.583604  2.000000  
183.227459 0.002134  0.088530  -0.009989  0.991722  0.119262  -0.047571  -0.117740  0.992475  0.033616  0.051222  -0.027737  0.998302  0.001441  -0.004584  -0.000257  0.095218  0.114039  0.611320  2.000000  
183.228462 0.002136  0.088523  -0.009989  0.991674  0.119671  -0.047557  -0.118149  0.992426  0.033636  0.051222  -0.027737  0.998302  0.001527  -0.005033  -0.000244  0.095539  0.113830  0.618096  2.000000  
183.229706 0.002138  0.088514  -0.009990  0.991618  0.120083  -0.047676  -0.118556  0.992376  0.033671  0.051356  -0.027737  0.998295  0.001669  -0.005408  -0.000168  0.096300  0.117999  0.632275  2.000000  
183.230954 0.002141  0.088507  -0.009991  0.991569  0.120492  -0.047662  -0.118964  0.992327  0.033691  0.051356  -0.027737  0.998295  0.001837  -0.005706  -0.000128  0.095179  0.117224  0.620286  2.000000  
183.231955 0.002143  0.088501  -0.009991  0.991520  0.120900  -0.047648  -0.119373  0.992277  0.033711  0.051356  -0.027737  0.998295  0.001901  -0.005958  -0.000130  0.091595  0.113853  0.618430  2.000000  
183.233202 0.002144  0.088492  -0.009990  0.991471  0.121309  -0.047635  -0.119781  0.992227  0.033730  0.051356  -0.027737  0.998295  0.001928  -0.006184  -0.000164  0.091181  0.112733  0.620198  2.000000  
183.234206 0.002145  0.088485  -0.009989  0.991422  0.121712  -0.047635  -0.120189  0.992181  0.033629  0.051356  -0.027616  0.998299  0.001951  -0.006385  -0.000157  0.079409  0.109327  0.618353  2.000000  
183.235207 0.002146  0.088478  -0.009989  0.991372  0.122120  -0.047622  -0.120597  0.992131  0.033649  0.051356  -0.027616  0.998299  0.001864  -0.006474  -0.000162  0.079084  0.108227  0.620027  2.000000  
183.236458 0.002147  0.088468  -0.009989  0.991347  0.122325  -0.047615  -0.120802  0.992106  0.033659  0.051356  -0.027616  0.998299  0.001783  -0.006620  -0.000155  0.074105  0.099832  0.599259  2.000000  
183.237701 0.002146  0.088459  -0.009988  0.991316  0.122532  -0.047740  -0.121005  0.992080  0.033685  0.051490  -0.027616  0.998292  0.001587  -0.006809  -0.000180  0.068818  0.096085  0.571765  2.000000  
183.238710 0.002146  0.088451  -0.009987  0.991266  0.122941  -0.047726  -0.121413  0.992030  0.033705  0.051490  -0.027616  0.998292  0.001425  -0.006884  -0.000102  0.064304  0.092898  0.555573  2.000000  
183.239959 0.002145  0.088441  -0.009986  0.991241  0.123145  -0.047719  -0.121617  0.992004  0.033714  0.051490  -0.027616  0.998292  0.001219  -0.007018  0.000072  0.059229  0.088935  0.534747  2.000000  
183.241211 0.002145  0.088431  -0.009984  0.991191  0.123548  -0.047721  -0.122025  0.991958  0.033614  0.051490  -0.027494  0.998295  0.000886  -0.007129  0.000263  0.050126  0.080538  0.513964  2.000000  
183.242474 0.002143  0.088420  -0.009984  0.991165  0.123752  -0.047714  -0.122229  0.991932  0.033623  0.051490  -0.027494  0.998295  0.000538  -0.007274  0.000347  0.048728  0.076725  0.485768  2.000000  
183.243706 0.002140  0.088410  -0.009984  0.991147  0.123953  -0.047574  -0.122434  0.991907  0.033617  0.051356  -0.027495  0.998302  0.000204  -0.007441  0.000396  0.047320  0.067775  0.461227  2.000000  
183.244955 0.002136  0.088398  -0.009985  0.991097  0.124355  -0.047575  -0.122842  0.991860  0.033516  0.051356  -0.027374  0.998305  -0.000264  -0.007673  0.000358  0.038237  0.063886  0.440622  2.000000  
183.245956 0.002133  0.088389  -0.009987  0.991078  0.124556  -0.047436  -0.123047  0.991835  0.033510  0.051222  -0.027374  0.998312  -0.000580  -0.007871  0.000246  0.037532  0.051481  0.423100  2.000000  
183.247205 0.002129  0.088379  -0.009989  0.991053  0.124754  -0.047444  -0.123251  0.991813  0.033399  0.051222  -0.027253  0.998315  -0.000936  -0.008008  0.000104  0.028476  0.046975  0.405823  2.000000  
183.248206 0.002125  0.088371  -0.009991  0.991027  0.124958  -0.047437  -0.123455  0.991788  0.033409  0.051222  -0.027253  0.998315  -0.001298  -0.008120  -0.000065  0.027491  0.038618  0.385036  2.000000  
183.249453 0.002120  0.088361  -0.009993  0.991002  0.125163  -0.047430  -0.123659  0.991762  0.033419  0.051222  -0.027253  0.998315  -0.001710  -0.008155  -0.000269  0.022432  0.034695  0.364352  2.000000  
183.250465 0.002115  0.088353  -0.009996  0.990983  0.125357  -0.047306  -0.123864  0.991741  0.033291  0.051089  -0.027132  0.998325  -0.002107  -0.008193  -0.000474  0.013082  0.022240  0.339232  2.000000  
183.251466 0.002111  0.088345  -0.009998  0.990958  0.125562  -0.047299  -0.124068  0.991715  0.033301  0.051089  -0.027132  0.998325  -0.002429  -0.008238  -0.000615  0.008610  0.017773  0.329581  2.000000  
183.252704 0.002105  0.088335  -0.010000  0.990939  0.125762  -0.047160  -0.124273  0.991689  0.033294  0.050955  -0.027132  0.998332  -0.002836  -0.008254  -0.000870  0.003544  0.004941  0.308688  2.000000  
183.253705 0.002099  0.088328  -0.010003  0.990913  0.125966  -0.047153  -0.124477  0.991663  0.033304  0.050955  -0.027132  0.998332  -0.003110  -0.008241  -0.001029  0.003216  0.000669  0.301708  2.000000  
183.254706 0.002094  0.088320  -0.010004  0.990888  0.126170  -0.047146  -0.124681  0.991637  0.033314  0.050955  -0.027132  0.998332  -0.003484  -0.008184  -0.001228  -0.001506  -0.003432  0.287864  2.000000  
183.255707 0.002089  0.088313  -0.010005  0.990888  0.126165  -0.047162  -0.124681  0.991642  0.033193  0.050955  -0.027011  0.998336  -0.003786  -0.008138  -0.001415  -0.006579  -0.007310  0.267201  2.000000  
183.256709 0.002084  0.088306  -0.010006  0.990855  0.126372  -0.047287  -0.124884  0.991615  0.033220  0.051089  -0.027011  0.998329  -0.004029  -0.008060  -0.001518  -0.011382  -0.007008  0.255595  2.000000  
183.257959 0.002078  0.088297  -0.010008  0.990829  0.126577  -0.047280  -0.125088  0.991589  0.033230  0.051089  -0.027011  0.998329  -0.004265  -0.007886  -0.001632  -0.012072  -0.011124  0.241640  2.000000  
183.259208 0.002072  0.088288  -0.010011  0.990804  0.126775  -0.047289  -0.125292  0.991567  0.033119  0.051089  -0.026890  0.998332  -0.004428  -0.007741  -0.001777  -0.016843  -0.015229  0.227729  2.000000  
183.260458 0.002067  0.088280  -0.010014  0.990778  0.126979  -0.047282  -0.125496  0.991541  0.033129  0.051089  -0.026890  0.998332  -0.004519  -0.007596  -0.001872  -0.017056  -0.014916  0.219001  2.000000  
183.261470 0.002063  0.088274  -0.010017  0.990778  0.126979  -0.047282  -0.125496  0.991541  0.033129  0.051089  -0.026890  0.998332  -0.004584  -0.007392  -0.001905  -0.017899  -0.014655  0.206916  2.000000  
183.262706 0.002059  0.088266  -0.010020  0.990752  0.127178  -0.047291  -0.125700  0.991519  0.033018  0.051089  -0.026768  0.998335  -0.004584  -0.007257  -0.001972  -0.022168  -0.014350  0.198570  2.000000  
183.263959 0.002056  0.088259  -0.010023  0.990726  0.127382  -0.047284  -0.125904  0.991492  0.033028  0.051089  -0.026768  0.998335  -0.004418  -0.007042  -0.002021  -0.018614  -0.014259  0.193176  2.000000  
183.264961 0.002053  0.088253  -0.010025  0.990726  0.127382  -0.047284  -0.125904  0.991492  0.033028  0.051089  -0.026768  0.998335  -0.004288  -0.006921  -0.001989  -0.019322  -0.013882  0.179353  2.000000  
183.266203 0.002051  0.088246  -0.010028  0.990700  0.127586  -0.047277  -0.126108  0.991466  0.033038  0.051089  -0.026768  0.998335  -0.004054  -0.006700  -0.002030  -0.019328  -0.013887  0.179409  2.000000  
183.267204 0.002050  0.088241  -0.010031  0.990700  0.127586  -0.047277  -0.126108  0.991466  0.033038  0.051089  -0.026768  0.998335  -0.003826  -0.006540  -0.002065  -0.019666  -0.018191  0.172334  2.000000  
183.268452 0.002048  0.088234  -0.010034  0.990674  0.127790  -0.047270  -0.126312  0.991440  0.033047  0.051089  -0.026768  0.998335  -0.003512  -0.006340  -0.002132  -0.019513  -0.018049  0.170989  2.000000  
183.269456 0.002047  0.088229  -0.010036  0.990674  0.127790  -0.047270  -0.126312  0.991440  0.033047  0.051089  -0.026768  0.998335  -0.003190  -0.006163  -0.002190  0.000000  0.000000  0.000000  2.000000  
183.270459 0.002047  0.088225  -0.010038  0.990648  0.127994  -0.047264  -0.126516  0.991414  0.033057  0.051089  -0.026768  0.998335  -0.002869  -0.005986  -0.002247  0.000000  0.000000  0.000000  2.000000  
183.271468 0.002047  0.088220  -0.010040  0.990648  0.128000  -0.047248  -0.126516  0.991410  0.033177  0.051089  -0.026890  0.998332  -0.002533  -0.005829  -0.002314  0.000000  0.000000  0.000000  2.000000  
183.272706 0.002047  0.088215  -0.010042  0.990648  0.128000  -0.047248  -0.126516  0.991410  0.033177  0.051089  -0.026890  0.998332  -0.002118  -0.005606  -0.002287  0.000000  0.000000  0.000000  2.000000  
183.273709 0.002048  0.088211  -0.010043  0.990648  0.128000  -0.047248  -0.126516  0.991410  0.033177  0.051089  -0.026890  0.998332  -0.001728  -0.005348  -0.002218  0.000000  0.000000  0.000000  2.000000  
183.274959 0.002049  0.088207  -0.010044  0.990615  0.128207  -0.047374  -0.126719  0.991383  0.033204  0.051222  -0.026889  0.998325  -0.001223  -0.005021  -0.002064  0.000000  0.000000  0.000000  2.000000  
183.276206 0.002052  0.088204  -0.010045  0.990615  0.128207  -0.047374  -0.126719  0.991383  0.033204  0.051222  -0.026889  0.998325  -0.000803  -0.004749  -0.001898  0.000000  0.000000  0.000000  2.000000  
183.277459 0.002055  0.088201  -0.010045  0.990589  0.128411  -0.047367  -0.126923  0.991356  0.033214  0.051222  -0.026889  0.998325  -0.000295  -0.004413  -0.001709  0.000000  0.000000  0.000000  2.000000  
183.278464 0.002057  0.088199  -0.010045  0.990582  0.128415  -0.047499  -0.126922  0.991356  0.033231  0.051356  -0.026889  0.998318  0.000106  -0.004113  -0.001542  0.000000  0.000000  0.000000  2.000000  
183.279706 0.002061  0.088197  -0.010045  0.990556  0.128619  -0.047492  -0.127126  0.991329  0.033241  0.051356  -0.026889  0.998318  0.000446  -0.003831  -0.001389  0.000000  0.000000  0.000000  2.000000  
183.280953 0.002064  0.088195  -0.010046  0.990556  0.128619  -0.047492  -0.127126  0.991329  0.033241  0.051356  -0.026889  0.998318  0.000892  -0.003498  -0.001198  0.000000  0.000000  0.000000  2.000000  
183.281954 0.002067  0.088193  -0.010047  0.990523  0.128827  -0.047618  -0.127329  0.991303  0.033267  0.051490  -0.026889  0.998311  0.001126  -0.003298  -0.001106  0.000000  0.000000  0.000000  2.000000  
183.283202 0.002070  0.088190  -0.010048  0.990497  0.129031  -0.047611  -0.127533  0.991276  0.033277  0.051490  -0.026889  0.998311  0.001460  -0.003059  -0.000987  0.000000  0.000000  0.000000  2.000000  
183.284457 0.002073  0.088187  -0.010049  0.990497  0.129031  -0.047611  -0.127533  0.991276  0.033277  0.051490  -0.026889  0.998311  0.001776  -0.002785  -0.000841  0.000000  0.000000  0.000000  2.000000  
183.285704 0.002076  0.088184  -0.010051  0.990471  0.129235  -0.047604  -0.127737  0.991249  0.033287  0.051490  -0.026889  0.998311  0.001970  -0.002614  -0.000771  0.000000  0.000000  0.000000  2.000000  
183.286958 0.002078  0.088181  -0.010052  0.990444  0.129445  -0.047582  -0.127941  0.991219  0.033417  0.051490  -0.027010  0.998308  0.002067  -0.002453  -0.000727  0.000000  0.000000  0.000000  2.000000  
183.288209 0.002080  0.088178  -0.010054  0.990444  0.129445  -0.047582  -0.127941  0.991219  0.033417  0.051490  -0.027010  0.998308  0.002176  -0.002268  -0.000676  0.000000  0.000000  0.000000  2.000000  
183.289459 0.002081  0.088176  -0.010055  0.990418  0.129655  -0.047559  -0.128144  0.991188  0.033547  0.051490  -0.027131  0.998305  0.002185  -0.002211  -0.000682  0.000000  0.000000  0.000000  2.000000  
183.290470 0.002083  0.088174  -0.010056  0.990392  0.129859  -0.047552  -0.128348  0.991161  0.033557  0.051490  -0.027131  0.998305  0.002149  -0.002149  -0.000760  0.000000  0.000000  0.000000  2.000000  
183.291710 0.002084  0.088172  -0.010057  0.990385  0.129868  -0.047669  -0.128347  0.991157  0.033694  0.051623  -0.027252  0.998295  0.002049  -0.002079  -0.000848  0.000000  0.000000  0.000000  2.000000  
183.292959 0.002085  0.088170  -0.010060  0.990358  0.130072  -0.047662  -0.128551  0.991130  0.033704  0.051623  -0.027252  0.998295  0.001930  -0.002037  -0.000990  0.000000  0.000000  0.000000  2.000000  
183.294206 0.002085  0.088167  -0.010062  0.990358  0.130072  -0.047662  -0.128551  0.991130  0.033704  0.051623  -0.027252  0.998295  0.001725  -0.002035  -0.001142  0.000000  0.000000  0.000000  2.000000  
183.295209 0.002085  0.088165  -0.010064  0.990332  0.130282  -0.047639  -0.128755  0.991099  0.033834  0.051623  -0.027373  0.998291  0.001526  -0.002042  -0.001245  0.000000  0.000000  0.000000  2.000000  
183.296458 0.002085  0.088163  -0.010066  0.990305  0.130486  -0.047632  -0.128959  0.991072  0.033844  0.051623  -0.027373  0.998291  0.001316  -0.002037  -0.001359  0.000000  0.000000  0.000000  2.000000  
183.297704 0.002085  0.088161  -0.010069  0.990305  0.130486  -0.047632  -0.128959  0.991072  0.033844  0.051623  -0.027373  0.998291  0.001083  -0.001985  -0.001450  0.000000  0.000000  0.000000  2.000000  
183.298705 0.002085  0.088159  -0.010070  0.990279  0.130690  -0.047625  -0.129163  0.991045  0.033854  0.051623  -0.027373  0.998291  0.000871  -0.001934  -0.001478  0.000000  0.000000  0.000000  2.000000  
183.299951 0.002084  0.088157  -0.010073  0.990279  0.130690  -0.047625  -0.129163  0.991045  0.033854  0.051623  -0.027373  0.998291  0.000691  -0.001902  -0.001533  0.000000  0.000000  0.000000  2.000000  
183.300953 0.002083  0.088154  -0.010074  0.990252  0.130894  -0.047618  -0.129367  0.991018  0.033863  0.051623  -0.027373  0.998291  0.000469  -0.001919  -0.001562  0.000000  0.000000  0.000000  2.000000  
183.301956 0.002083  0.088152  -0.010077  0.990225  0.131098  -0.047612  -0.129571  0.990991  0.033873  0.051623  -0.027373  0.998291  0.000315  -0.001922  -0.001676  0.000000  0.000000  0.000000  2.000000  
183.303201 0.002082  0.088149  -0.010080  0.990225  0.131098  -0.047612  -0.129571  0.990991  0.033873  0.051623  -0.027373  0.998291  0.000168  -0.001950  -0.001781  0.000000  0.000000  0.000000  2.000000  
183.304202 0.002081  0.088147  -0.010083  0.990225  0.131104  -0.047596  -0.129571  0.990987  0.033994  0.051623  -0.027494  0.998288  0.000014  -0.001953  -0.001895  0.000000  0.000000  0.000000  2.000000  
183.305210 0.002081  0.088144  -0.010086  0.990199  0.131308  -0.047589  -0.129775  0.990960  0.034003  0.051623  -0.027494  0.998288  -0.000122  -0.002018  -0.002070  0.000000  0.000000  0.000000  2.000000  
183.306469 0.002080  0.088141  -0.010091  0.990199  0.131308  -0.047589  -0.129775  0.990960  0.034003  0.051623  -0.027494  0.998288  -0.000253  -0.002070  -0.002252  0.000000  0.000000  0.000000  2.000000  
183.307707 0.002080  0.088138  -0.010095  0.990192  0.131311  -0.047721  -0.129774  0.990960  0.034021  0.051757  -0.027494  0.998281  -0.000328  -0.002127  -0.002389  0.000000  0.000000  0.000000  2.000000  
183.308956 0.002079  0.088135  -0.010100  0.990165  0.131515  -0.047714  -0.129978  0.990933  0.034030  0.051757  -0.027494  0.998281  -0.000412  -0.002160  -0.002534  0.000000  0.000000  0.000000  2.000000  
183.310206 0.002078  0.088133  -0.010103  0.990165  0.131521  -0.047698  -0.129978  0.990929  0.034151  0.051757  -0.027615  0.998278  -0.000469  -0.002190  -0.002617  0.000000  0.000000  0.000000  2.000000  
183.311208 0.002078  0.088131  -0.010106  0.990165  0.131521  -0.047698  -0.129978  0.990929  0.034151  0.051757  -0.027615  0.998278  -0.000523  -0.002203  -0.002699  0.000000  0.000000  0.000000  2.000000  
183.312458 0.002077  0.088129  -0.010109  0.990165  0.131515  -0.047714  -0.129978  0.990933  0.034030  0.051757  -0.027494  0.998281  -0.000518  -0.002182  -0.002744  0.000000  0.000000  0.000000  2.000000  
183.313707 0.002077  0.088128  -0.010113  0.990165  0.131515  -0.047714  -0.129978  0.990933  0.034030  0.051757  -0.027494  0.998281  -0.000516  -0.002117  -0.002845  0.000000  0.000000  0.000000  2.000000  
183.314956 0.002077  0.088126  -0.010116  0.990165  0.131515  -0.047714  -0.129978  0.990933  0.034030  0.051757  -0.027494  0.998281  -0.000483  -0.002025  -0.002926  0.000000  0.000000  0.000000  2.000000  
183.316204 0.002077  0.088126  -0.010119  0.990165  0.131510  -0.047730  -0.129978  0.990937  0.033910  0.051757  -0.027373  0.998284  -0.000451  -0.001880  -0.002930  0.000000  0.000000  0.000000  2.000000  
183.317204 0.002077  0.088125  -0.010121  0.990165  0.131510  -0.047730  -0.129978  0.990937  0.033910  0.051757  -0.027373  0.998284  -0.000391  -0.001725  -0.002863  0.000000  0.000000  0.000000  2.000000  
183.318459 0.002077  0.088125  -0.010123  0.990192  0.131306  -0.047737  -0.129774  0.990964  0.033900  0.051757  -0.027373  0.998284  -0.000340  -0.001549  -0.002809  0.000000  0.000000  0.000000  2.000000  
183.319706 0.002077  0.088125  -0.010126  0.990192  0.131300  -0.047753  -0.129774  0.990968  0.033780  0.051757  -0.027252  0.998288  -0.000272  -0.001353  -0.002745  0.000000  0.000000  0.000000  2.000000  
183.320954 0.002077  0.088125  -0.010127  0.990192  0.131300  -0.047753  -0.129774  0.990968  0.033780  0.051757  -0.027252  0.998288  -0.000189  -0.001143  -0.002540  0.000000  0.000000  0.000000  2.000000  
183.321961 0.002078  0.088126  -0.010129  0.990192  0.131300  -0.047753  -0.129774  0.990968  0.033780  0.051757  -0.027252  0.998288  -0.000103  -0.000928  -0.002420  0.000000  0.000000  0.000000  2.000000  
183.323207 0.002079  0.088126  -0.010131  0.990192  0.131300  -0.047753  -0.129774  0.990968  0.033780  0.051757  -0.027252  0.998288  -0.000019  -0.000715  -0.002212  0.000000  0.000000  0.000000  2.000000  
183.324208 0.002079  0.088126  -0.010132  0.990192  0.131300  -0.047753  -0.129774  0.990968  0.033780  0.051757  -0.027252  0.998288  0.000007  -0.000531  -0.002087  0.000000  0.000000  0.000000  2.000000  
183.325461 0.002080  0.088127  -0.010133  0.990165  0.131498  -0.047762  -0.129978  0.990945  0.033670  0.051757  -0.027131  0.998291  0.000124  -0.000349  -0.001939  0.000000  0.000000  0.000000  2.000000  
183.326461 0.002081  0.088128  -0.010135  0.990165  0.131498  -0.047762  -0.129978  0.990945  0.033670  0.051757  -0.027131  0.998291  0.000192  -0.000197  -0.001880  0.000000  0.000000  0.000000  2.000000  
183.327705 0.002082  0.088128  -0.010137  0.990165  0.131498  -0.047762  -0.129978  0.990945  0.033670  0.051757  -0.027131  0.998291  0.000288  -0.000047  -0.001789  0.000000  0.000000  0.000000  2.000000  
183.328707 0.002083  0.088129  -0.010138  0.990165  0.131498  -0.047762  -0.129978  0.990945  0.033670  0.051757  -0.027131  0.998291  0.000385  0.000104  -0.001697  0.000000  0.000000  0.000000  2.000000  
183.329955 0.002084  0.088131  -0.010140  0.990165  0.131498  -0.047762  -0.129978  0.990945  0.033670  0.051757  -0.027131  0.998291  0.000461  0.000282  -0.001581  0.000000  0.000000  0.000000  2.000000  
183.331201 0.002085  0.088132  -0.010142  0.990138  0.131702  -0.047755  -0.130181  0.990918  0.033680  0.051757  -0.027131  0.998291  0.000570  0.000428  -0.001525  0.000000  0.000000  0.000000  2.000000  
183.332202 0.002086  0.088133  -0.010142  0.990138  0.131702  -0.047755  -0.130181  0.990918  0.033680  0.051757  -0.027131  0.998291  0.000643  0.000530  -0.001443  0.000000  0.000000  0.000000  2.000000  
183.333204 0.002087  0.088135  -0.010143  0.990138  0.131702  -0.047755  -0.130181  0.990918  0.033680  0.051757  -0.027131  0.998291  0.000716  0.000647  -0.001349  0.000000  0.000000  0.000000  2.000000  
183.334206 0.002089  0.088136  -0.010144  0.990112  0.131906  -0.047748  -0.130385  0.990891  0.033690  0.051757  -0.027131  0.998291  0.000753  0.000689  -0.001254  0.000000  0.000000  0.000000  2.000000  
183.335456 0.002091  0.088138  -0.010144  0.990112  0.131906  -0.047748  -0.130385  0.990891  0.033690  0.051757  -0.027131  0.998291  0.000890  0.000858  -0.001117  0.000000  0.000000  0.000000  2.000000  
183.336724 0.002092  0.088139  -0.010144  0.990085  0.132110  -0.047741  -0.130589  0.990864  0.033699  0.051757  -0.027131  0.998291  0.000920  0.000939  -0.001017  0.000000  0.000000  0.000000  2.000000  
183.337728 0.002093  0.088140  -0.010144  0.990085  0.132110  -0.047741  -0.130589  0.990864  0.033699  0.051757  -0.027131  0.998291  0.000982  0.000988  -0.000978  0.000000  0.000000  0.000000  2.000000  
183.338959 0.002094  0.088141  -0.010145  0.990051  0.132318  -0.047867  -0.130792  0.990836  0.033727  0.051891  -0.027131  0.998284  0.001005  0.001030  -0.000856  0.000000  0.000000  0.000000  2.000000  
183.340209 0.002095  0.088142  -0.010145  0.990051  0.132318  -0.047867  -0.130792  0.990836  0.033727  0.051891  -0.027131  0.998284  0.001048  0.001052  -0.000806  0.000000  0.000000  0.000000  2.000000  
183.341469 0.002096  0.088144  -0.010145  0.990024  0.132522  -0.047860  -0.130996  0.990809  0.033737  0.051891  -0.027131  0.998284  0.001048  0.001063  -0.000670  0.000000  0.000000  0.000000  2.000000  
183.342706 0.002097  0.088144  -0.010146  0.990024  0.132522  -0.047860  -0.130996  0.990809  0.033737  0.051891  -0.027131  0.998284  0.001044  0.001043  -0.000625  0.000000  0.000000  0.000000  2.000000  
183.343956 0.002098  0.088145  -0.010146  0.989997  0.132726  -0.047853  -0.131200  0.990781  0.033746  0.051891  -0.027131  0.998284  0.001041  0.001034  -0.000517  0.000000  0.000000  0.000000  2.000000  
183.344958 0.002098  0.088145  -0.010147  0.989970  0.132930  -0.047846  -0.131403  0.990754  0.033756  0.051891  -0.027131  0.998284  0.000973  0.000963  -0.000438  0.000000  0.000000  0.000000  2.000000  
183.345959 0.002099  0.088145  -0.010147  0.989970  0.132930  -0.047846  -0.131403  0.990754  0.033756  0.051891  -0.027131  0.998284  0.000931  0.000896  -0.000366  0.000000  0.000000  0.000000  2.000000  
183.347205 0.002100  0.088146  -0.010147  0.989943  0.133134  -0.047839  -0.131607  0.990727  0.033766  0.051891  -0.027131  0.998284  0.000890  0.000830  -0.000295  0.000000  0.000000  0.000000  2.000000  
183.348454 0.002100  0.088146  -0.010148  0.989943  0.133134  -0.047839  -0.131607  0.990727  0.033766  0.051891  -0.027131  0.998284  0.000778  0.000722  -0.000302  0.000000  0.000000  0.000000  2.000000  
183.349457 0.002100  0.088145  -0.010148  0.989916  0.133338  -0.047832  -0.131811  0.990699  0.033776  0.051891  -0.027131  0.998284  0.000726  0.000604  -0.000276  0.000000  0.000000  0.000000  2.000000  
183.350458 0.002100  0.088145  -0.010148  0.989916  0.133338  -0.047832  -0.131811  0.990699  0.033776  0.051891  -0.027131  0.998284  0.000647  0.000494  -0.000284  0.000000  0.000000  0.000000  2.000000  
183.351467 0.002100  0.088145  -0.010149  0.989889  0.133541  -0.047825  -0.132015  0.990672  0.033786  0.051891  -0.027131  0.998284  0.000536  0.000344  -0.000341  0.000000  0.000000  0.000000  2.000000  
183.352724 0.002100  0.088143  -0.010149  0.989889  0.133541  -0.047825  -0.132015  0.990672  0.033786  0.051891  -0.027131  0.998284  0.000445  0.000196  -0.000328  0.000000  0.000000  0.000000  2.000000  
183.353953 0.002099  0.088142  -0.010150  0.989855  0.133749  -0.047950  -0.132218  0.990644  0.033813  0.052024  -0.027130  0.998277  0.000323  0.000053  -0.000349  0.000000  0.000000  0.000000  2.000000  
183.354963 0.002099  0.088141  -0.010150  0.989855  0.133749  -0.047950  -0.132218  0.990644  0.033813  0.052024  -0.027130  0.998277  0.000232  -0.000087  -0.000312  0.000000  0.000000  0.000000  2.000000  
183.356205 0.002099  0.088140  -0.010150  0.989827  0.133953  -0.047943  -0.132421  0.990616  0.033823  0.052024  -0.027130  0.998277  0.000146  -0.000229  -0.000300  0.000000  0.000000  0.000000  2.000000  
183.357209 0.002098  0.088139  -0.010149  0.989827  0.133953  -0.047943  -0.132421  0.990616  0.033823  0.052024  -0.027130  0.998277  0.000063  -0.000320  -0.000218  0.000000  0.000000  0.000000  2.000000  
183.358463 0.002098  0.088138  -0.010149  0.989800  0.134157  -0.047936  -0.132625  0.990589  0.033833  0.052024  -0.027130  0.998277  0.000002  -0.000416  -0.000201  0.000000  0.000000  0.000000  2.000000  
183.359706 0.002097  0.088137  -0.010149  0.989800  0.134157  -0.047936  -0.132625  0.990589  0.033833  0.052024  -0.027130  0.998277  -0.000063  -0.000532  -0.000139  0.000000  0.000000  0.000000  2.000000  
183.360706 0.002097  0.088136  -0.010149  0.989773  0.134361  -0.047929  -0.132829  0.990561  0.033843  0.052024  -0.027130  0.998277  -0.000123  -0.000627  -0.000122  0.000000  0.000000  0.000000  2.000000  
183.361708 0.002097  0.088135  -0.010149  0.989773  0.134361  -0.047929  -0.132829  0.990561  0.033843  0.052024  -0.027130  0.998277  -0.000191  -0.000698  -0.000116  0.000000  0.000000  0.000000  2.000000  
183.362957 0.002096  0.088134  -0.010149  0.989745  0.134565  -0.047922  -0.133033  0.990533  0.033853  0.052024  -0.027130  0.998277  -0.000251  -0.000793  -0.000099  0.000000  0.000000  0.000000  2.000000  
183.363959 0.002096  0.088133  -0.010149  0.989745  0.134565  -0.047922  -0.133033  0.990533  0.033853  0.052024  -0.027130  0.998277  -0.000283  -0.000819  -0.000118  0.000000  0.000000  0.000000  2.000000  
183.365208 0.002095  0.088133  -0.010150  0.989718  0.134763  -0.047932  -0.133237  0.990510  0.033743  0.052024  -0.027009  0.998281  -0.000319  -0.000865  -0.000092  0.000000  0.000000  0.000000  2.000000  
183.366459 0.002095  0.088131  -0.010150  0.989718  0.134763  -0.047932  -0.133237  0.990510  0.033743  0.052024  -0.027009  0.998281  -0.000319  -0.000871  -0.000046  0.000000  0.000000  0.000000  2.000000  
183.367720 0.002095  0.088131  -0.010150  0.989718  0.134763  -0.047932  -0.133237  0.990510  0.033743  0.052024  -0.027009  0.998281  -0.000339  -0.000843  -0.000021  0.000000  0.000000  0.000000  2.000000  
183.368952 0.002094  0.088130  -0.010150  0.989690  0.134967  -0.047925  -0.133440  0.990482  0.033752  0.052024  -0.027009  0.998281  -0.000308  -0.000818  -0.000002  0.000000  0.000000  0.000000  2.000000  
183.369954 0.002094  0.088129  -0.010150  0.989690  0.134967  -0.047925  -0.133440  0.990482  0.033752  0.052024  -0.027009  0.998281  -0.000315  -0.000795  -0.000012  0.000000  0.000000  0.000000  2.000000  
183.371207 0.002094  0.088129  -0.010149  0.989663  0.135171  -0.047918  -0.133644  0.990454  0.033762  0.052024  -0.027009  0.998281  -0.000309  -0.000755  0.000033  0.000000  0.000000  0.000000  2.000000  
183.372210 0.002094  0.088129  -0.010149  0.989663  0.135171  -0.047918  -0.133644  0.990454  0.033762  0.052024  -0.027009  0.998281  -0.000280  -0.000684  -0.000003  0.000000  0.000000  0.000000  2.000000  
183.373464 0.002094  0.088129  -0.010149  0.989663  0.135171  -0.047918  -0.133644  0.990454  0.033762  0.052024  -0.027009  0.998281  -0.000264  -0.000610  -0.000003  0.000000  0.000000  0.000000  2.000000  
183.374465 0.002094  0.088129  -0.010150  0.989635  0.135375  -0.047911  -0.133848  0.990426  0.033772  0.052024  -0.027009  0.998281  -0.000215  -0.000568  -0.000065  0.000000  0.000000  0.000000  2.000000  
183.375707 0.002094  0.088129  -0.010150  0.989635  0.135375  -0.047911  -0.133848  0.990426  0.033772  0.052024  -0.027009  0.998281  -0.000199  -0.000494  -0.000065  0.000000  0.000000  0.000000  2.000000  
183.376707 0.002094  0.088129  -0.010150  0.989635  0.135375  -0.047911  -0.133848  0.990426  0.033772  0.052024  -0.027009  0.998281  -0.000180  -0.000414  -0.000064  0.000000  0.000000  0.000000  2.000000  
183.377714 0.002094  0.088129  -0.010150  0.989608  0.135578  -0.047904  -0.134051  0.990398  0.033782  0.052024  -0.027009  0.998281  -0.000135  -0.000321  -0.000047  0.000000  0.000000  0.000000  2.000000  
183.378956 0.002094  0.088130  -0.010150  0.989608  0.135578  -0.047904  -0.134051  0.990398  0.033782  0.052024  -0.027009  0.998281  -0.000086  -0.000219  -0.000027  0.000000  0.000000  0.000000  2.000000  
183.380201 0.002094  0.088130  -0.010150  0.989608  0.135573  -0.047920  -0.134051  0.990402  0.033662  0.052024  -0.026888  0.998284  -0.000070  -0.000146  -0.000028  0.000000  0.000000  0.000000  2.000000  
183.381206 0.002094  0.088131  -0.010150  0.989580  0.135777  -0.047914  -0.134255  0.990375  0.033672  0.052024  -0.026888  0.998284  -0.000063  -0.000050  -0.000038  0.000000  0.000000  0.000000  2.000000  
183.382453 0.002094  0.088131  -0.010150  0.989580  0.135777  -0.047914  -0.134255  0.990375  0.033672  0.052024  -0.026888  0.998284  -0.000054  0.000047  -0.000048  0.000000  0.000000  0.000000  2.000000  
183.383711 0.002094  0.088132  -0.010150  0.989580  0.135777  -0.047914  -0.134255  0.990375  0.033672  0.052024  -0.026888  0.998284  -0.000007  0.000147  -0.000030  0.000000  0.000000  0.000000  2.000000  
183.384953 0.002094  0.088132  -0.010151  0.989553  0.135980  -0.047907  -0.134459  0.990347  0.033682  0.052024  -0.026888  0.998284  0.000022  0.000214  -0.000065  0.000000  0.000000  0.000000  2.000000  
183.386207 0.002094  0.088133  -0.010152  0.989553  0.135980  -0.047907  -0.134459  0.990347  0.033682  0.052024  -0.026888  0.998284  0.000031  0.000254  -0.000154  0.000000  0.000000  0.000000  2.000000  
183.387452 0.002094  0.088133  -0.010152  0.989553  0.135980  -0.047907  -0.134459  0.990347  0.033682  0.052024  -0.026888  0.998284  0.000024  0.000279  -0.000163  0.000000  0.000000  0.000000  2.000000  
183.388462 0.002094  0.088133  -0.010152  0.989525  0.136184  -0.047900  -0.134663  0.990319  0.033691  0.052024  -0.026888  0.998284  0.000029  0.000299  -0.000208  0.000000  0.000000  0.000000  2.000000  
183.389706 0.002094  0.088133  -0.010152  0.989525  0.136190  -0.047883  -0.134663  0.990314  0.033812  0.052024  -0.027009  0.998281  0.000016  0.000302  -0.000173  0.000000  0.000000  0.000000  2.000000  
183.390708 0.002094  0.088134  -0.010153  0.989525  0.136190  -0.047883  -0.134663  0.990314  0.033812  0.052024  -0.027009  0.998281  0.000009  0.000332  -0.000186  0.000000  0.000000  0.000000  2.000000  
183.391709 0.002094  0.088134  -0.010153  0.989497  0.136394  -0.047876  -0.134866  0.990286  0.033821  0.052024  -0.027009  0.998281  0.000016  0.000307  -0.000176  0.000000  0.000000  0.000000  2.000000  
183.392956 0.002094  0.088134  -0.010153  0.989497  0.136394  -0.047876  -0.134866  0.990286  0.033821  0.052024  -0.027009  0.998281  0.000024  0.000283  -0.000166  0.000000  0.000000  0.000000  2.000000  
183.393957 0.002094  0.088133  -0.010153  0.989497  0.136394  -0.047876  -0.134866  0.990286  0.033821  0.052024  -0.027009  0.998281  -0.000039  0.000233  -0.000204  0.000000  0.000000  0.000000  2.000000  
183.395209 0.002094  0.088133  -0.010153  0.989497  0.136394  -0.047876  -0.134866  0.990286  0.033821  0.052024  -0.027009  0.998281  -0.000024  0.000184  -0.000185  0.000000  0.000000  0.000000  2.000000  
183.396459 0.002093  0.088133  -0.010153  0.989469  0.136598  -0.047869  -0.135070  0.990258  0.033831  0.052024  -0.027009  0.998281  -0.000039  0.000108  -0.000182  0.000000  0.000000  0.000000  2.000000  
183.397712 0.002093  0.088132  -0.010153  0.989469  0.136598  -0.047869  -0.135070  0.990258  0.033831  0.052024  -0.027009  0.998281  -0.000064  0.000061  -0.000194  0.000000  0.000000  0.000000  2.000000  
183.398955 0.002093  0.088132  -0.010153  0.989469  0.136598  -0.047869  -0.135070  0.990258  0.033831  0.052024  -0.027009  0.998281  -0.000098  0.000015  -0.000165  0.000000  0.000000  0.000000  2.000000  
183.399955 0.002093  0.088132  -0.010153  0.989469  0.136598  -0.047869  -0.135070  0.990258  0.033831  0.052024  -0.027009  0.998281  -0.000116  -0.000059  -0.000167  0.000000  0.000000  0.000000  2.000000  
183.400957 0.002093  0.088131  -0.010153  0.989442  0.136802  -0.047862  -0.135274  0.990230  0.033841  0.052024  -0.027009  0.998281  -0.000126  -0.000101  -0.000077  0.000000  0.000000  0.000000  2.000000  
183.402202 0.002092  0.088131  -0.010153  0.989442  0.136802  -0.047862  -0.135274  0.990230  0.033841  0.052024  -0.027009  0.998281  -0.000140  -0.000172  -0.000075  0.000000  0.000000  0.000000  2.000000  
183.403460 0.002092  0.088130  -0.010152  0.989442  0.136802  -0.047862  -0.135274  0.990230  0.033841  0.052024  -0.027009  0.998281  -0.000180  -0.000237  -0.000005  0.000000  0.000000  0.000000  2.000000  
183.404717 0.002091  0.088129  -0.010153  0.989442  0.136802  -0.047862  -0.135274  0.990230  0.033841  0.052024  -0.027009  0.998281  -0.000207  -0.000290  -0.000014  0.000000  0.000000  0.000000  2.000000  
183.405956 0.002091  0.088128  -0.010152  0.989414  0.137006  -0.047855  -0.135477  0.990202  0.033851  0.052024  -0.027009  0.998281  -0.000225  -0.000379  0.000031  0.000000  0.000000  0.000000  2.000000  
183.406958 0.002091  0.088128  -0.010152  0.989414  0.137006  -0.047855  -0.135477  0.990202  0.033851  0.052024  -0.027009  0.998281  -0.000221  -0.000410  0.000041  0.000000  0.000000  0.000000  2.000000  
183.408210 0.002091  0.088127  -0.010152  0.989414  0.137006  -0.047855  -0.135477  0.990202  0.033851  0.052024  -0.027009  0.998281  -0.000226  -0.000430  0.000086  0.000000  0.000000  0.000000  2.000000  
183.409458 0.002090  0.088126  -0.010152  0.989386  0.137209  -0.047848  -0.135681  0.990174  0.033861  0.052024  -0.027009  0.998281  -0.000246  -0.000472  0.000076  0.000000  0.000000  0.000000  2.000000  
183.410468 0.002090  0.088126  -0.010152  0.989386  0.137209  -0.047848  -0.135681  0.990174  0.033861  0.052024  -0.027009  0.998281  -0.000249  -0.000479  0.000077  0.000000  0.000000  0.000000  2.000000  
183.411469 0.002090  0.088126  -0.010151  0.989386  0.137209  -0.047848  -0.135681  0.990174  0.033861  0.052024  -0.027009  0.998281  -0.000262  -0.000476  0.000112  0.000000  0.000000  0.000000  2.000000  
183.412708 0.002089  0.088125  -0.010151  0.989358  0.137413  -0.047841  -0.135885  0.990145  0.033871  0.052024  -0.027009  0.998281  -0.000250  -0.000492  0.000120  0.000000  0.000000  0.000000  2.000000  
183.413959 0.002089  0.088125  -0.010151  0.989358  0.137413  -0.047841  -0.135885  0.990145  0.033871  0.052024  -0.027009  0.998281  -0.000243  -0.000447  0.000167  0.000000  0.000000  0.000000  2.000000  
183.415204 0.002089  0.088125  -0.010151  0.989330  0.137617  -0.047834  -0.136089  0.990117  0.033881  0.052024  -0.027009  0.998281  -0.000231  -0.000451  0.000132  0.000000  0.000000  0.000000  2.000000  
183.416207 0.002089  0.088125  -0.010151  0.989330  0.137617  -0.047834  -0.136089  0.990117  0.033881  0.052024  -0.027009  0.998281  -0.000207  -0.000402  0.000141  0.000000  0.000000  0.000000  2.000000  
183.417452 0.002089  0.088125  -0.010151  0.989302  0.137821  -0.047827  -0.136292  0.990089  0.033890  0.052024  -0.027009  0.998281  -0.000211  -0.000371  0.000129  0.000000  0.000000  0.000000  2.000000  
