1-Time 2-Px 3-Py 4-Pz 5-R11 6-R21 7-R31 8-R12 9-R22 10-R32 11-R13 12-R23 13-R33 14-Vx 15-Vy 16-Vz 17-Wx 18-Wy 19-Wz 20-state 21-PR11 22-PR21 23-PR31 24-PR12 25-PR22 26-PR32 27-PR13 28-PR23 29-PR33 
148.241430 0.004259  0.087728  -0.016542  0.993190  0.092486  -0.070857  -0.091450  0.995652  0.017731  0.072188  -0.011130  0.997329  -0.000254  0.000997  -0.000301  0.000000  0.000000  0.000000  2.000000  
148.242433 0.004258  0.087729  -0.016542  0.993190  0.092486  -0.070857  -0.091450  0.995652  0.017731  0.072188  -0.011130  0.997329  -0.000286  0.000972  -0.000320  0.000000  0.000000  0.000000  2.000000  
148.243672 0.004258  0.087728  -0.016543  0.993142  0.092897  -0.070982  -0.091858  0.995613  0.017772  0.072322  -0.011130  0.997319  -0.000316  0.000820  -0.000322  0.000000  0.000000  0.000000  2.000000  
148.244921 0.004257  0.087725  -0.016545  0.993066  0.093524  -0.071226  -0.092470  0.995553  0.017961  0.072589  -0.011251  0.997298  -0.000329  0.000559  -0.000392  0.000000  0.000000  0.000000  2.000000  
148.246172 0.004257  0.087722  -0.016545  0.993037  0.093730  -0.071355  -0.092673  0.995534  0.017988  0.072722  -0.011251  0.997289  -0.000345  0.000276  -0.000414  0.000000  0.000000  0.000000  2.000000  
148.247172 0.004257  0.087719  -0.016546  0.993009  0.093945  -0.071473  -0.092877  0.995512  0.018136  0.072856  -0.011371  0.997278  -0.000317  0.000014  -0.000456  0.000000  0.000000  0.000000  2.000000  
148.248421 0.004258  0.087716  -0.016546  0.992932  0.094572  -0.071716  -0.093488  0.995452  0.018326  0.073123  -0.011492  0.997257  -0.000251  -0.000270  -0.000421  0.000000  0.000000  0.000000  2.000000  
148.249421 0.004259  0.087714  -0.016546  0.992854  0.095190  -0.071970  -0.094100  0.995393  0.018396  0.073389  -0.011492  0.997237  -0.000168  -0.000471  -0.000380  0.000000  0.000000  0.000000  2.000000  
148.250667 0.004260  0.087711  -0.016546  0.992776  0.095816  -0.072213  -0.094711  0.995331  0.018586  0.073656  -0.011613  0.997216  -0.000053  -0.000767  -0.000362  0.000000  0.000000  0.000000  2.000000  
148.251669 0.004260  0.087708  -0.016547  0.992708  0.096433  -0.072334  -0.095323  0.995272  0.018644  0.073790  -0.011613  0.997206  -0.000005  -0.001057  -0.000432  0.000000  0.000000  0.000000  2.000000  
148.252670 0.004261  0.087706  -0.016550  0.992629  0.097059  -0.072576  -0.095935  0.995209  0.018835  0.074057  -0.011733  0.997185  0.000052  -0.001223  -0.000558  0.000000  0.000000  0.000000  2.000000  
148.253917 0.004261  0.087705  -0.016552  0.992540  0.097679  -0.072963  -0.096545  0.995149  0.018918  0.074457  -0.011733  0.997155  0.000117  -0.001416  -0.000675  0.033603  0.065401  0.180199  2.000000  
148.254917 0.004262  0.087704  -0.016552  0.992470  0.098295  -0.073084  -0.097157  0.995088  0.018976  0.074590  -0.011733  0.997145  0.000215  -0.001525  -0.000686  0.035139  0.069656  0.200939  2.000000  
148.255924 0.004263  0.087702  -0.016553  0.992410  0.098708  -0.073342  -0.097563  0.995047  0.019032  0.074857  -0.011733  0.997125  0.000299  -0.001710  -0.000698  0.036195  0.078513  0.214899  2.000000  
148.257173 0.004264  0.087699  -0.016555  0.992299  0.099532  -0.073724  -0.098378  0.994965  0.019132  0.075257  -0.011732  0.997095  0.000378  -0.002036  -0.000837  0.038264  0.091646  0.242540  2.000000  
148.258175 0.004265  0.087696  -0.016556  0.992218  0.100149  -0.073978  -0.098988  0.994903  0.019204  0.075524  -0.011732  0.997075  0.000473  -0.002223  -0.000887  0.039826  0.100385  0.263298  2.000000  
148.259424 0.004266  0.087691  -0.016556  0.992137  0.100776  -0.074219  -0.099599  0.994839  0.019397  0.075791  -0.011853  0.997053  0.000607  -0.002342  -0.000799  0.045475  0.109123  0.284101  2.000000  
148.260671 0.004268  0.087686  -0.016554  0.992045  0.101395  -0.074606  -0.100209  0.994776  0.019483  0.076191  -0.011852  0.997023  0.000756  -0.002489  -0.000586  0.047060  0.126881  0.305038  2.000000  
148.261681 0.004269  0.087680  -0.016553  0.991962  0.102022  -0.074847  -0.100819  0.994710  0.019677  0.076458  -0.011973  0.997001  0.000825  -0.002731  -0.000484  0.052704  0.135572  0.325740  2.000000  
148.262921 0.004272  0.087672  -0.016551  0.991869  0.102641  -0.075233  -0.101429  0.994646  0.019764  0.076858  -0.011973  0.996970  0.000949  -0.003012  -0.000317  0.054338  0.148876  0.346721  2.000000  
148.264168 0.004276  0.087664  -0.016548  0.991776  0.103269  -0.075606  -0.102038  0.994580  0.019972  0.077259  -0.012093  0.996938  0.001144  -0.003320  -0.000167  0.060063  0.162175  0.367742  2.000000  
148.265171 0.004278  0.087658  -0.016547  0.991713  0.103682  -0.075863  -0.102445  0.994537  0.020031  0.077525  -0.012093  0.996917  0.001257  -0.003658  -0.000069  0.061118  0.170925  0.381456  2.000000  
148.266433 0.004281  0.087649  -0.016544  0.991650  0.104104  -0.076107  -0.102851  0.994491  0.020210  0.077792  -0.012214  0.996895  0.001424  -0.004005  0.000231  0.065738  0.179739  0.388307  2.000000  
148.267669 0.004285  0.087639  -0.016543  0.991587  0.104516  -0.076364  -0.103257  0.994448  0.020269  0.078059  -0.012213  0.996874  0.001611  -0.004448  0.000436  0.066860  0.188653  0.402384  2.000000  
148.268917 0.004289  0.087631  -0.016542  0.991502  0.105134  -0.076617  -0.103867  0.994383  0.020344  0.078326  -0.012213  0.996853  0.001872  -0.004957  0.000635  0.068463  0.201942  0.423326  2.000000  
148.269919 0.004292  0.087623  -0.016541  0.991449  0.105545  -0.076741  -0.104274  0.994340  0.020389  0.078459  -0.012213  0.996843  0.001998  -0.005474  0.000812  0.069521  0.206238  0.437092  2.000000  
148.271167 0.004295  0.087614  -0.016538  0.991417  0.105751  -0.076870  -0.104477  0.994318  0.020419  0.078592  -0.012213  0.996832  0.002115  -0.005862  0.001008  0.070115  0.210784  0.444318  2.000000  
148.272173 0.004297  0.087606  -0.016537  0.991395  0.105946  -0.076879  -0.104681  0.994298  0.020314  0.078592  -0.012092  0.996833  0.002234  -0.006182  0.001251  0.066549  0.210703  0.451149  2.000000  
148.273174 0.004299  0.087600  -0.016535  0.991363  0.106153  -0.077007  -0.104884  0.994276  0.020344  0.078726  -0.012092  0.996823  0.002284  -0.006401  0.001423  0.066065  0.210714  0.444096  2.000000  
148.274439 0.004302  0.087591  -0.016532  0.991331  0.106359  -0.077135  -0.105087  0.994254  0.020374  0.078859  -0.012092  0.996812  0.002414  -0.006726  0.001633  0.065560  0.210665  0.436923  2.000000  
148.275672 0.004304  0.087582  -0.016528  0.991310  0.106564  -0.077131  -0.105291  0.994232  0.020390  0.078859  -0.012092  0.996812  0.002399  -0.006984  0.001746  0.061044  0.204567  0.433539  2.000000  
148.276921 0.004305  0.087571  -0.016524  0.991310  0.106554  -0.077144  -0.105291  0.994235  0.020269  0.078859  -0.011971  0.996814  0.002344  -0.007157  0.001870  0.051971  0.195799  0.419727  2.000000  
148.277921 0.004306  0.087563  -0.016521  0.991288  0.106759  -0.077140  -0.105496  0.994213  0.020285  0.078859  -0.011971  0.996814  0.002267  -0.007295  0.002021  0.047858  0.188495  0.416231  2.000000  
148.278922 0.004307  0.087555  -0.016518  0.991288  0.106759  -0.077140  -0.105496  0.994213  0.020285  0.078859  -0.011971  0.996814  0.002153  -0.007411  0.002096  0.046306  0.184239  0.395473  2.000000  
148.280174 0.004308  0.087544  -0.016513  0.991278  0.106761  -0.077273  -0.105494  0.994213  0.020299  0.078993  -0.011971  0.996803  0.001993  -0.007572  0.002238  0.040193  0.180024  0.367785  2.000000  
148.281432 0.004308  0.087533  -0.016508  0.991256  0.106965  -0.077268  -0.105698  0.994191  0.020315  0.078993  -0.011971  0.996803  0.001782  -0.007728  0.002434  0.039390  0.169718  0.357835  2.000000  
148.282434 0.004309  0.087524  -0.016503  0.991256  0.106956  -0.077281  -0.105698  0.994193  0.020195  0.078993  -0.011850  0.996805  0.001628  -0.007798  0.002713  0.029482  0.162400  0.332978  2.000000  
148.283669 0.004310  0.087514  -0.016498  0.991256  0.106956  -0.077281  -0.105698  0.994193  0.020195  0.078993  -0.011850  0.996805  0.001374  -0.007927  0.002972  0.027967  0.149218  0.312246  2.000000  
148.284917 0.004310  0.087503  -0.016494  0.991266  0.106945  -0.077162  -0.105700  0.994196  0.020060  0.078859  -0.011729  0.996817  0.001208  -0.008029  0.003128  0.022114  0.139328  0.289032  2.000000  
148.285917 0.004310  0.087494  -0.016491  0.991266  0.106945  -0.077162  -0.105700  0.994196  0.020060  0.078859  -0.011729  0.996817  0.001044  -0.008141  0.003213  0.021102  0.130601  0.275306  2.000000  
148.287172 0.004310  0.087482  -0.016489  0.991277  0.106934  -0.077042  -0.105701  0.994198  0.019925  0.078726  -0.011608  0.996829  0.000872  -0.008284  0.003203  0.014978  0.113072  0.247662  2.000000  
148.288175 0.004309  0.087473  -0.016488  0.991255  0.107139  -0.077038  -0.105905  0.994176  0.019941  0.078726  -0.011608  0.996829  0.000636  -0.008462  0.003180  0.013533  0.105250  0.228895  2.000000  
148.289428 0.004309  0.087461  -0.016487  0.991265  0.107128  -0.076918  -0.105906  0.994179  0.019806  0.078592  -0.011487  0.996841  0.000458  -0.008634  0.003006  0.003806  0.087496  0.207963  2.000000  
148.290434 0.004308  0.087453  -0.016487  0.991276  0.107126  -0.076786  -0.105907  0.994179  0.019792  0.078459  -0.011487  0.996851  0.000320  -0.008723  0.002806  0.002750  0.074158  0.193980  2.000000  
148.291435 0.004308  0.087444  -0.016486  0.991276  0.107117  -0.076799  -0.105907  0.994181  0.019672  0.078459  -0.011367  0.996853  0.000252  -0.008760  0.002577  -0.006985  0.065428  0.173233  2.000000  
148.292671 0.004308  0.087434  -0.016487  0.991286  0.107116  -0.076666  -0.105908  0.994182  0.019658  0.078326  -0.011367  0.996863  0.000104  -0.008784  0.002273  0.000000  0.000000  0.000000  2.000000  
148.293672 0.004307  0.087425  -0.016488  0.991286  0.107116  -0.076666  -0.105908  0.994182  0.019658  0.078326  -0.011367  0.996863  -0.000014  -0.008816  0.002028  0.000000  0.000000  0.000000  2.000000  
148.294921 0.004306  0.087414  -0.016488  0.991297  0.107114  -0.076534  -0.105909  0.994182  0.019643  0.078192  -0.011367  0.996873  -0.000120  -0.008832  0.001724  0.000000  0.000000  0.000000  2.000000  
148.296171 0.004305  0.087403  -0.016487  0.991297  0.107114  -0.076534  -0.105909  0.994182  0.019643  0.078192  -0.011367  0.996873  -0.000190  -0.008805  0.001392  0.000000  0.000000  0.000000  2.000000  
148.297172 0.004305  0.087395  -0.016487  0.991297  0.107114  -0.076534  -0.105909  0.994182  0.019643  0.078192  -0.011367  0.996873  -0.000237  -0.008740  0.001161  0.000000  0.000000  0.000000  2.000000  
148.298172 0.004304  0.087388  -0.016486  0.991297  0.107105  -0.076547  -0.105909  0.994184  0.019523  0.078192  -0.011246  0.996875  -0.000345  -0.008694  0.000897  0.000000  0.000000  0.000000  2.000000  
148.299418 0.004304  0.087377  -0.016486  0.991275  0.107309  -0.076543  -0.106113  0.994162  0.019539  0.078192  -0.011246  0.996875  -0.000370  -0.008670  0.000647  0.000000  0.000000  0.000000  2.000000  
148.300422 0.004304  0.087369  -0.016486  0.991275  0.107300  -0.076556  -0.106113  0.994164  0.019418  0.078192  -0.011125  0.996876  -0.000364  -0.008571  0.000403  0.000000  0.000000  0.000000  2.000000  
148.301433 0.004305  0.087362  -0.016486  0.991275  0.107300  -0.076556  -0.106113  0.994164  0.019418  0.078192  -0.011125  0.996876  -0.000320  -0.008450  0.000233  0.000000  0.000000  0.000000  2.000000  
148.302672 0.004305  0.087353  -0.016487  0.991275  0.107300  -0.076556  -0.106113  0.994164  0.019418  0.078192  -0.011125  0.996876  -0.000296  -0.008313  0.000092  0.000000  0.000000  0.000000  2.000000  
148.303917 0.004306  0.087344  -0.016487  0.991275  0.107291  -0.076569  -0.106113  0.994167  0.019297  0.078192  -0.011004  0.996878  -0.000195  -0.008142  0.000016  0.000000  0.000000  0.000000  2.000000  
148.304922 0.004308  0.087337  -0.016487  0.991275  0.107291  -0.076569  -0.106113  0.994167  0.019297  0.078192  -0.011004  0.996878  -0.000075  -0.007979  -0.000028  0.000000  0.000000  0.000000  2.000000  
148.305924 0.004309  0.087330  -0.016488  0.991275  0.107291  -0.076569  -0.106113  0.994167  0.019297  0.078192  -0.011004  0.996878  0.000045  -0.007911  -0.000047  0.000000  0.000000  0.000000  2.000000  
148.307175 0.004311  0.087322  -0.016488  0.991243  0.107488  -0.076710  -0.106316  0.994147  0.019207  0.078326  -0.010883  0.996868  0.000211  -0.007742  -0.000045  0.000000  0.000000  0.000000  2.000000  
148.308427 0.004314  0.087314  -0.016488  0.991243  0.107488  -0.076710  -0.106316  0.994147  0.019207  0.078326  -0.010883  0.996868  0.000450  -0.007547  0.000004  0.000000  0.000000  0.000000  2.000000  
148.309673 0.004316  0.087305  -0.016488  0.991243  0.107497  -0.076697  -0.106316  0.994145  0.019327  0.078326  -0.011004  0.996867  0.000660  -0.007357  -0.000013  0.000000  0.000000  0.000000  2.000000  
148.310922 0.004319  0.087297  -0.016488  0.991253  0.107496  -0.076565  -0.106317  0.994145  0.019313  0.078192  -0.011004  0.996878  0.000934  -0.007175  -0.000078  0.000000  0.000000  0.000000  2.000000  
148.312173 0.004322  0.087289  -0.016488  0.991243  0.107506  -0.076684  -0.106316  0.994142  0.019448  0.078326  -0.011125  0.996866  0.001138  -0.007087  -0.000087  0.000000  0.000000  0.000000  2.000000  
148.313423 0.004325  0.087281  -0.016487  0.991221  0.107711  -0.076680  -0.106520  0.994120  0.019464  0.078326  -0.011125  0.996866  0.001365  -0.006991  -0.000096  0.000000  0.000000  0.000000  2.000000  
148.314674 0.004329  0.087273  -0.016486  0.991221  0.107720  -0.076667  -0.106520  0.994118  0.019584  0.078326  -0.011246  0.996864  0.001621  -0.006804  -0.000018  0.000000  0.000000  0.000000  2.000000  
148.315924 0.004333  0.087266  -0.016484  0.991221  0.107720  -0.076667  -0.106520  0.994118  0.019584  0.078326  -0.011246  0.996864  0.001887  -0.006633  0.000146  0.000000  0.000000  0.000000  2.000000  
148.317169 0.004337  0.087260  -0.016480  0.991221  0.107720  -0.076667  -0.106520  0.994118  0.019584  0.078326  -0.011246  0.996864  0.002140  -0.006453  0.000378  0.000000  0.000000  0.000000  2.000000  
148.318178 0.004341  0.087254  -0.016478  0.991221  0.107730  -0.076654  -0.106520  0.994115  0.019705  0.078326  -0.011367  0.996863  0.002348  -0.006322  0.000616  0.000000  0.000000  0.000000  2.000000  
148.319194 0.004345  0.087249  -0.016474  0.991221  0.107730  -0.076654  -0.106520  0.994115  0.019705  0.078326  -0.011367  0.996863  0.002564  -0.006184  0.000845  0.000000  0.000000  0.000000  2.000000  
148.320421 0.004349  0.087243  -0.016470  0.991199  0.107934  -0.076650  -0.106724  0.994093  0.019721  0.078326  -0.011367  0.996863  0.002764  -0.006064  0.001133  0.000000  0.000000  0.000000  2.000000  
148.321512 0.004353  0.087238  -0.016467  0.991209  0.107933  -0.076517  -0.106726  0.994093  0.019706  0.078192  -0.011367  0.996873  0.002914  -0.005891  0.001385  0.000000  0.000000  0.000000  2.000000  
148.322672 0.004358  0.087232  -0.016463  0.991209  0.107933  -0.076517  -0.106726  0.994093  0.019706  0.078192  -0.011367  0.996873  0.003061  -0.005771  0.001671  0.000000  0.000000  0.000000  2.000000  
148.323921 0.004362  0.087226  -0.016459  0.991209  0.107942  -0.076504  -0.106726  0.994091  0.019827  0.078192  -0.011488  0.996872  0.003190  -0.005649  0.001960  0.000000  0.000000  0.000000  2.000000  
148.324922 0.004365  0.087220  -0.016457  0.991187  0.108147  -0.076500  -0.106930  0.994069  0.019843  0.078192  -0.011488  0.996872  0.003262  -0.005567  0.002094  0.000000  0.000000  0.000000  2.000000  
148.325923 0.004368  0.087214  -0.016454  0.991187  0.108156  -0.076487  -0.106930  0.994066  0.019963  0.078192  -0.011609  0.996871  0.003301  -0.005535  0.002257  0.000000  0.000000  0.000000  2.000000  
148.327171 0.004371  0.087207  -0.016450  0.991187  0.108156  -0.076487  -0.106930  0.994066  0.019963  0.078192  -0.011609  0.996871  0.003327  -0.005481  0.002511  0.000000  0.000000  0.000000  2.000000  
148.328174 0.004374  0.087201  -0.016448  0.991165  0.108370  -0.076470  -0.107134  0.994041  0.020100  0.078192  -0.011730  0.996869  0.003326  -0.005406  0.002679  0.000000  0.000000  0.000000  2.000000  
148.329423 0.004376  0.087194  -0.016445  0.991165  0.108379  -0.076457  -0.107134  0.994039  0.020220  0.078192  -0.011850  0.996868  0.003239  -0.005394  0.002805  0.000000  0.000000  0.000000  2.000000  
148.330436 0.004378  0.087187  -0.016442  0.991165  0.108388  -0.076443  -0.107134  0.994037  0.020341  0.078192  -0.011971  0.996866  0.003085  -0.005425  0.002888  0.000000  0.000000  0.000000  2.000000  
148.331670 0.004380  0.087180  -0.016438  0.991143  0.108593  -0.076439  -0.107338  0.994014  0.020356  0.078192  -0.011971  0.996866  0.002984  -0.005484  0.002917  0.000000  0.000000  0.000000  2.000000  
148.332672 0.004381  0.087173  -0.016435  0.991143  0.108602  -0.076426  -0.107338  0.994012  0.020477  0.078192  -0.012092  0.996865  0.002815  -0.005548  0.002945  0.000000  0.000000  0.000000  2.000000  
148.333917 0.004382  0.087165  -0.016433  0.991143  0.108602  -0.076426  -0.107338  0.994012  0.020477  0.078192  -0.012092  0.996865  0.002574  -0.005694  0.002843  0.000000  0.000000  0.000000  2.000000  
148.334922 0.004383  0.087159  -0.016431  0.991143  0.108612  -0.076413  -0.107338  0.994009  0.020598  0.078192  -0.012213  0.996863  0.002352  -0.005755  0.002748  0.000000  0.000000  0.000000  2.000000  
148.335922 0.004384  0.087152  -0.016429  0.991121  0.108816  -0.076409  -0.107542  0.993987  0.020613  0.078192  -0.012213  0.996863  0.002150  -0.005879  0.002623  0.000000  0.000000  0.000000  2.000000  
148.337169 0.004385  0.087145  -0.016426  0.991121  0.108816  -0.076409  -0.107542  0.993987  0.020613  0.078192  -0.012213  0.996863  0.001919  -0.005975  0.002560  0.000000  0.000000  0.000000  2.000000  
148.338175 0.004386  0.087138  -0.016424  0.991121  0.108825  -0.076396  -0.107542  0.993984  0.020734  0.078192  -0.012334  0.996862  0.001736  -0.006068  0.002499  0.000000  0.000000  0.000000  2.000000  
148.339428 0.004386  0.087131  -0.016421  0.991088  0.109032  -0.076524  -0.107745  0.993962  0.020764  0.078326  -0.012334  0.996852  0.001490  -0.006156  0.002480  0.000000  0.000000  0.000000  2.000000  
148.340674 0.004387  0.087123  -0.016419  0.991088  0.109032  -0.076524  -0.107745  0.993962  0.020764  0.078326  -0.012334  0.996852  0.001292  -0.006201  0.002394  0.000000  0.000000  0.000000  2.000000  
148.341678 0.004388  0.087117  -0.016417  0.991088  0.109032  -0.076524  -0.107745  0.993962  0.020764  0.078326  -0.012334  0.996852  0.001134  -0.006243  0.002336  0.000000  0.000000  0.000000  2.000000  
148.342921 0.004388  0.087109  -0.016414  0.991088  0.109032  -0.076524  -0.107745  0.993962  0.020764  0.078326  -0.012334  0.996852  0.000968  -0.006268  0.002271  0.000000  0.000000  0.000000  2.000000  
148.344171 0.004389  0.087101  -0.016413  0.991088  0.109032  -0.076524  -0.107745  0.993962  0.020764  0.078326  -0.012334  0.996852  0.000877  -0.006266  0.002148  0.000000  0.000000  0.000000  2.000000  
148.345423 0.004389  0.087093  -0.016412  0.991088  0.109032  -0.076524  -0.107745  0.993962  0.020764  0.078326  -0.012334  0.996852  0.000788  -0.006301  0.002000  0.000000  0.000000  0.000000  2.000000  
148.346435 0.004391  0.087087  -0.016411  0.991088  0.109032  -0.076524  -0.107745  0.993962  0.020764  0.078326  -0.012334  0.996852  0.000719  -0.006301  0.001821  0.000000  0.000000  0.000000  2.000000  
148.347670 0.004391  0.087079  -0.016410  0.991088  0.109041  -0.076511  -0.107745  0.993959  0.020885  0.078326  -0.012455  0.996850  0.000687  -0.006288  0.001651  0.000000  0.000000  0.000000  2.000000  
148.348919 0.004393  0.087072  -0.016410  0.991078  0.109043  -0.076643  -0.107744  0.993959  0.020899  0.078459  -0.012455  0.996840  0.000681  -0.006249  0.001509  0.000000  0.000000  0.000000  2.000000  
148.349923 0.004395  0.087066  -0.016409  0.991078  0.109043  -0.076643  -0.107744  0.993959  0.020899  0.078459  -0.012455  0.996840  0.000740  -0.006208  0.001404  0.000000  0.000000  0.000000  2.000000  
148.351169 0.004397  0.087059  -0.016409  0.991078  0.109043  -0.076643  -0.107744  0.993959  0.020899  0.078459  -0.012455  0.996840  0.000822  -0.006147  0.001268  0.000000  0.000000  0.000000  2.000000  
148.352174 0.004399  0.087053  -0.016408  0.991088  0.109041  -0.076511  -0.107745  0.993959  0.020885  0.078326  -0.012455  0.996850  0.000921  -0.006081  0.001234  0.000000  0.000000  0.000000  2.000000  
148.353422 0.004401  0.087047  -0.016407  0.991088  0.109041  -0.076511  -0.107745  0.993959  0.020885  0.078326  -0.012455  0.996850  0.000989  -0.006020  0.001138  0.000000  0.000000  0.000000  2.000000  
148.354433 0.004403  0.087042  -0.016406  0.991088  0.109041  -0.076511  -0.107745  0.993959  0.020885  0.078326  -0.012455  0.996850  0.001136  -0.005897  0.001034  0.000000  0.000000  0.000000  2.000000  
148.355675 0.004406  0.087036  -0.016405  0.991088  0.109041  -0.076511  -0.107745  0.993959  0.020885  0.078326  -0.012455  0.996850  0.001275  -0.005735  0.000969  0.000000  0.000000  0.000000  2.000000  
148.356921 0.004409  0.087031  -0.016404  0.991088  0.109032  -0.076524  -0.107745  0.993962  0.020764  0.078326  -0.012334  0.996852  0.001404  -0.005603  0.000809  0.000000  0.000000  0.000000  2.000000  
148.358174 0.004412  0.087026  -0.016403  0.991066  0.109236  -0.076520  -0.107949  0.993939  0.020780  0.078326  -0.012334  0.996852  0.001573  -0.005396  0.000777  0.000000  0.000000  0.000000  2.000000  
148.359424 0.004415  0.087022  -0.016401  0.991066  0.109236  -0.076520  -0.107949  0.993939  0.020780  0.078326  -0.012334  0.996852  0.001756  -0.005162  0.000764  0.000000  0.000000  0.000000  2.000000  
148.360671 0.004418  0.087017  -0.016399  0.991066  0.109236  -0.076520  -0.107949  0.993939  0.020780  0.078326  -0.012334  0.996852  0.001845  -0.004954  0.000819  0.000000  0.000000  0.000000  2.000000  
148.361678 0.004420  0.087014  -0.016399  0.991066  0.109236  -0.076520  -0.107949  0.993939  0.020780  0.078326  -0.012334  0.996852  0.001939  -0.004707  0.000788  0.000000  0.000000  0.000000  2.000000  
148.362922 0.004423  0.087010  -0.016397  0.991066  0.109236  -0.076520  -0.107949  0.993939  0.020780  0.078326  -0.012334  0.996852  0.002078  -0.004426  0.000896  0.000000  0.000000  0.000000  2.000000  
148.364169 0.004425  0.087007  -0.016396  0.991066  0.109236  -0.076520  -0.107949  0.993939  0.020780  0.078326  -0.012334  0.996852  0.002144  -0.004168  0.000955  0.000000  0.000000  0.000000  2.000000  
148.365174 0.004427  0.087004  -0.016394  0.991066  0.109236  -0.076520  -0.107949  0.993939  0.020780  0.078326  -0.012334  0.996852  0.002174  -0.003955  0.001043  0.000000  0.000000  0.000000  2.000000  
148.366424 0.004429  0.087001  -0.016393  0.991066  0.109236  -0.076520  -0.107949  0.993939  0.020780  0.078326  -0.012334  0.996852  0.002135  -0.003789  0.001056  0.000000  0.000000  0.000000  2.000000  
148.367669 0.004431  0.086998  -0.016391  0.991044  0.109441  -0.076515  -0.108153  0.993917  0.020796  0.078326  -0.012334  0.996852  0.002150  -0.003506  0.001077  0.000000  0.000000  0.000000  2.000000  
148.368672 0.004433  0.086996  -0.016391  0.991044  0.109441  -0.076515  -0.108153  0.993917  0.020796  0.078326  -0.012334  0.996852  0.002088  -0.003301  0.001040  0.000000  0.000000  0.000000  2.000000  
148.369672 0.004434  0.086994  -0.016390  0.991044  0.109441  -0.076515  -0.108153  0.993917  0.020796  0.078326  -0.012334  0.996852  0.002058  -0.003119  0.001042  0.000000  0.000000  0.000000  2.000000  
148.370920 0.004436  0.086992  -0.016389  0.991044  0.109441  -0.076515  -0.108153  0.993917  0.020796  0.078326  -0.012334  0.996852  0.002003  -0.002912  0.001036  0.000000  0.000000  0.000000  2.000000  
148.371921 0.004438  0.086990  -0.016388  0.991022  0.109646  -0.076511  -0.108357  0.993894  0.020811  0.078326  -0.012334  0.996852  0.001920  -0.002726  0.001047  0.000000  0.000000  0.000000  2.000000  
148.372922 0.004438  0.086989  -0.016387  0.991011  0.109647  -0.076644  -0.108356  0.993894  0.020826  0.078459  -0.012334  0.996841  0.001812  -0.002531  0.001029  0.000000  0.000000  0.000000  2.000000  
148.374175 0.004440  0.086987  -0.016386  0.991011  0.109647  -0.076644  -0.108356  0.993894  0.020826  0.078459  -0.012334  0.996841  0.001719  -0.002316  0.001030  0.000000  0.000000  0.000000  2.000000  
148.375178 0.004441  0.086987  -0.016385  0.991011  0.109647  -0.076644  -0.108356  0.993894  0.020826  0.078459  -0.012334  0.996841  0.001636  -0.002127  0.001042  0.000000  0.000000  0.000000  2.000000  
148.376423 0.004442  0.086985  -0.016384  0.990989  0.109852  -0.076639  -0.108560  0.993871  0.020842  0.078459  -0.012334  0.996841  0.001516  -0.001962  0.000989  0.000000  0.000000  0.000000  2.000000  
148.377424 0.004442  0.086984  -0.016383  0.990989  0.109843  -0.076653  -0.108560  0.993874  0.020721  0.078459  -0.012213  0.996843  0.001359  -0.001822  0.001000  0.000000  0.000000  0.000000  2.000000  
148.378436 0.004443  0.086984  -0.016382  0.990989  0.109843  -0.076653  -0.108560  0.993874  0.020721  0.078459  -0.012213  0.996843  0.001248  -0.001634  0.000988  0.000000  0.000000  0.000000  2.000000  
148.379671 0.004443  0.086983  -0.016381  0.990989  0.109843  -0.076653  -0.108560  0.993874  0.020721  0.078459  -0.012213  0.996843  0.001095  -0.001448  0.000905  0.000000  0.000000  0.000000  2.000000  
148.380919 0.004443  0.086983  -0.016380  0.990956  0.110049  -0.076781  -0.108762  0.993851  0.020751  0.078592  -0.012213  0.996832  0.000932  -0.001288  0.000863  0.000000  0.000000  0.000000  2.000000  
148.382179 0.004442  0.086983  -0.016380  0.990956  0.110049  -0.076781  -0.108762  0.993851  0.020751  0.078592  -0.012213  0.996832  0.000766  -0.001066  0.000813  0.000000  0.000000  0.000000  2.000000  
148.383418 0.004442  0.086983  -0.016380  0.990956  0.110049  -0.076781  -0.108762  0.993851  0.020751  0.078592  -0.012213  0.996832  0.000621  -0.000905  0.000738  0.000000  0.000000  0.000000  2.000000  
148.384421 0.004442  0.086983  -0.016379  0.990956  0.110049  -0.076781  -0.108762  0.993851  0.020751  0.078592  -0.012213  0.996832  0.000506  -0.000741  0.000730  0.000000  0.000000  0.000000  2.000000  
148.385423 0.004442  0.086983  -0.016380  0.990956  0.110049  -0.076781  -0.108762  0.993851  0.020751  0.078592  -0.012213  0.996832  0.000412  -0.000623  0.000691  0.000000  0.000000  0.000000  2.000000  
148.386432 0.004441  0.086984  -0.016379  0.990956  0.110049  -0.076781  -0.108762  0.993851  0.020751  0.078592  -0.012213  0.996832  0.000318  -0.000490  0.000654  0.000000  0.000000  0.000000  2.000000  
148.387667 0.004441  0.086984  -0.016379  0.990934  0.110253  -0.076777  -0.108966  0.993828  0.020767  0.078592  -0.012213  0.996832  0.000187  -0.000335  0.000543  0.000000  0.000000  0.000000  2.000000  
148.388671 0.004441  0.086985  -0.016379  0.990934  0.110253  -0.076777  -0.108966  0.993828  0.020767  0.078592  -0.012213  0.996832  0.000125  -0.000178  0.000525  0.000000  0.000000  0.000000  2.000000  
148.389921 0.004441  0.086986  -0.016379  0.990934  0.110253  -0.076777  -0.108966  0.993828  0.020767  0.078592  -0.012213  0.996832  0.000043  -0.000049  0.000451  0.000000  0.000000  0.000000  2.000000  
148.390923 0.004441  0.086987  -0.016379  0.990934  0.110253  -0.076777  -0.108966  0.993828  0.020767  0.078592  -0.012213  0.996832  -0.000028  0.000076  0.000339  0.000000  0.000000  0.000000  2.000000  
148.392174 0.004441  0.086987  -0.016380  0.990934  0.110244  -0.076790  -0.108966  0.993831  0.020647  0.078592  -0.012092  0.996833  -0.000101  0.000205  0.000231  0.000000  0.000000  0.000000  2.000000  
148.393424 0.004441  0.086988  -0.016380  0.990934  0.110244  -0.076790  -0.108966  0.993831  0.020647  0.078592  -0.012092  0.996833  -0.000142  0.000273  0.000097  0.000000  0.000000  0.000000  2.000000  
148.394433 0.004440  0.086988  -0.016380  0.990934  0.110244  -0.076790  -0.108966  0.993831  0.020647  0.078592  -0.012092  0.996833  -0.000158  0.000351  0.000032  0.000000  0.000000  0.000000  2.000000  
148.395671 0.004441  0.086990  -0.016380  0.990934  0.110244  -0.076790  -0.108966  0.993831  0.020647  0.078592  -0.012092  0.996833  -0.000140  0.000451  -0.000015  0.000000  0.000000  0.000000  2.000000  
148.396921 0.004440  0.086990  -0.016381  0.990934  0.110244  -0.076790  -0.108966  0.993831  0.020647  0.078592  -0.012092  0.996833  -0.000145  0.000500  -0.000072  0.000000  0.000000  0.000000  2.000000  
148.397924 0.004441  0.086992  -0.016381  0.990934  0.110244  -0.076790  -0.108966  0.993831  0.020647  0.078592  -0.012092  0.996833  -0.000098  0.000601  -0.000052  0.000000  0.000000  0.000000  2.000000  
148.399169 0.004440  0.086992  -0.016382  0.990934  0.110244  -0.076790  -0.108966  0.993831  0.020647  0.078592  -0.012092  0.996833  -0.000090  0.000636  -0.000145  0.000000  0.000000  0.000000  2.000000  
148.400417 0.004441  0.086993  -0.016382  0.990934  0.110244  -0.076790  -0.108966  0.993831  0.020647  0.078592  -0.012092  0.996833  -0.000067  0.000686  -0.000135  0.000000  0.000000  0.000000  2.000000  
148.401433 0.004441  0.086994  -0.016382  0.990934  0.110244  -0.076790  -0.108966  0.993831  0.020647  0.078592  -0.012092  0.996833  -0.000054  0.000716  -0.000223  0.000000  0.000000  0.000000  2.000000  
148.402669 0.004441  0.086995  -0.016383  0.990934  0.110244  -0.076790  -0.108966  0.993831  0.020647  0.078592  -0.012092  0.996833  -0.000030  0.000710  -0.000300  0.000000  0.000000  0.000000  2.000000  
148.403669 0.004441  0.086995  -0.016384  0.990934  0.110244  -0.076790  -0.108966  0.993831  0.020647  0.078592  -0.012092  0.996833  -0.000019  0.000695  -0.000333  0.000000  0.000000  0.000000  2.000000  
148.404922 0.004441  0.086996  -0.016384  0.990934  0.110244  -0.076790  -0.108966  0.993831  0.020647  0.078592  -0.012092  0.996833  0.000001  0.000677  -0.000367  0.000000  0.000000  0.000000  2.000000  
148.405925 0.004441  0.086996  -0.016385  0.990934  0.110244  -0.076790  -0.108966  0.993831  0.020647  0.078592  -0.012092  0.996833  0.000022  0.000647  -0.000396  0.000000  0.000000  0.000000  2.000000  
148.407174 0.004441  0.086996  -0.016386  0.990934  0.110244  -0.076790  -0.108966  0.993831  0.020647  0.078592  -0.012092  0.996833  0.000041  0.000608  -0.000418  0.000000  0.000000  0.000000  2.000000  
148.408174 0.004441  0.086997  -0.016386  0.990934  0.110244  -0.076790  -0.108966  0.993831  0.020647  0.078592  -0.012092  0.996833  0.000039  0.000595  -0.000378  0.000000  0.000000  0.000000  2.000000  
148.409175 0.004441  0.086997  -0.016386  0.990934  0.110244  -0.076790  -0.108966  0.993831  0.020647  0.078592  -0.012092  0.996833  0.000047  0.000570  -0.000368  0.000000  0.000000  0.000000  2.000000  
148.410433 0.004441  0.086996  -0.016387  0.990934  0.110244  -0.076790  -0.108966  0.993831  0.020647  0.078592  -0.012092  0.996833  0.000012  0.000464  -0.000426  0.000000  0.000000  0.000000  2.000000  
148.411434 0.004441  0.086996  -0.016387  0.990934  0.110244  -0.076790  -0.108966  0.993831  0.020647  0.078592  -0.012092  0.996833  0.000029  0.000412  -0.000407  0.000000  0.000000  0.000000  2.000000  
148.412672 0.004440  0.086996  -0.016387  0.990934  0.110244  -0.076790  -0.108966  0.993831  0.020647  0.078592  -0.012092  0.996833  -0.000019  0.000310  -0.000428  0.000000  0.000000  0.000000  2.000000  
148.413921 0.004440  0.086996  -0.016388  0.990934  0.110244  -0.076790  -0.108966  0.993831  0.020647  0.078592  -0.012092  0.996833  -0.000034  0.000233  -0.000428  0.000000  0.000000  0.000000  2.000000  
148.415174 0.004439  0.086995  -0.016388  0.990934  0.110244  -0.076790  -0.108966  0.993831  0.020647  0.078592  -0.012092  0.996833  -0.000113  0.000106  -0.000467  0.000000  0.000000  0.000000  2.000000  
148.416422 0.004439  0.086995  -0.016389  0.990934  0.110244  -0.076790  -0.108966  0.993831  0.020647  0.078592  -0.012092  0.996833  -0.000138  0.000032  -0.000423  0.000000  0.000000  0.000000  2.000000  
148.417672 0.004438  0.086994  -0.016390  0.990934  0.110244  -0.076790  -0.108966  0.993831  0.020647  0.078592  -0.012092  0.996833  -0.000187  -0.000069  -0.000450  0.000000  0.000000  0.000000  2.000000  
148.418917 0.004437  0.086993  -0.016390  0.990934  0.110244  -0.076790  -0.108966  0.993831  0.020647  0.078592  -0.012092  0.996833  -0.000242  -0.000165  -0.000425  0.000000  0.000000  0.000000  2.000000  
148.419919 0.004437  0.086992  -0.016390  0.990934  0.110244  -0.076790  -0.108966  0.993831  0.020647  0.078592  -0.012092  0.996833  -0.000268  -0.000237  -0.000388  0.000000  0.000000  0.000000  2.000000  
148.420924 0.004436  0.086992  -0.016390  0.990911  0.110458  -0.076772  -0.109170  0.993806  0.020783  0.078592  -0.012213  0.996832  -0.000346  -0.000305  -0.000341  0.000000  0.000000  0.000000  2.000000  
148.422176 0.004436  0.086991  -0.016390  0.990911  0.110458  -0.076772  -0.109170  0.993806  0.020783  0.078592  -0.012213  0.996832  -0.000379  -0.000384  -0.000309  0.000000  0.000000  0.000000  2.000000  
148.423424 0.004435  0.086990  -0.016391  0.990911  0.110458  -0.076772  -0.109170  0.993806  0.020783  0.078592  -0.012213  0.996832  -0.000419  -0.000477  -0.000324  0.000000  0.000000  0.000000  2.000000  
148.424428 0.004435  0.086989  -0.016391  0.990911  0.110458  -0.076772  -0.109170  0.993806  0.020783  0.078592  -0.012213  0.996832  -0.000453  -0.000559  -0.000291  0.000000  0.000000  0.000000  2.000000  
148.425674 0.004434  0.086988  -0.016391  0.990911  0.110458  -0.076772  -0.109170  0.993806  0.020783  0.078592  -0.012213  0.996832  -0.000444  -0.000585  -0.000282  0.000000  0.000000  0.000000  2.000000  
148.426674 0.004434  0.086987  -0.016391  0.990911  0.110458  -0.076772  -0.109170  0.993806  0.020783  0.078592  -0.012213  0.996832  -0.000435  -0.000611  -0.000273  0.000000  0.000000  0.000000  2.000000  
148.427921 0.004434  0.086986  -0.016391  0.990911  0.110458  -0.076772  -0.109170  0.993806  0.020783  0.078592  -0.012213  0.996832  -0.000418  -0.000663  -0.000254  0.000000  0.000000  0.000000  2.000000  
148.428934 0.004434  0.086986  -0.016391  0.990911  0.110458  -0.076772  -0.109170  0.993806  0.020783  0.078592  -0.012213  0.996832  -0.000389  -0.000660  -0.000187  0.000000  0.000000  0.000000  2.000000  
148.430172 0.004433  0.086985  -0.016391  0.990889  0.110663  -0.076768  -0.109374  0.993783  0.020799  0.078592  -0.012213  0.996832  -0.000374  -0.000675  -0.000175  0.000000  0.000000  0.000000  2.000000  
148.431432 0.004434  0.086984  -0.016391  0.990889  0.110663  -0.076768  -0.109374  0.993783  0.020799  0.078592  -0.012213  0.996832  -0.000351  -0.000683  -0.000111  0.000000  0.000000  0.000000  2.000000  
148.432670 0.004434  0.086984  -0.016391  0.990889  0.110672  -0.076755  -0.109374  0.993780  0.020919  0.078592  -0.012334  0.996831  -0.000305  -0.000674  -0.000081  0.000000  0.000000  0.000000  2.000000  
148.433917 0.004434  0.086984  -0.016391  0.990889  0.110672  -0.076755  -0.109374  0.993780  0.020919  0.078592  -0.012334  0.996831  -0.000246  -0.000635  -0.000043  0.000000  0.000000  0.000000  2.000000  
148.435197 0.004434  0.086983  -0.016391  0.990889  0.110672  -0.076755  -0.109374  0.993780  0.020919  0.078592  -0.012334  0.996831  -0.000170  -0.000587  -0.000043  0.000000  0.000000  0.000000  2.000000  
148.436418 0.004434  0.086983  -0.016391  0.990889  0.110672  -0.076755  -0.109374  0.993780  0.020919  0.078592  -0.012334  0.996831  -0.000144  -0.000529  -0.000033  0.000000  0.000000  0.000000  2.000000  
148.437420 0.004435  0.086983  -0.016390  0.990856  0.110878  -0.076883  -0.109577  0.993757  0.020950  0.078726  -0.012334  0.996820  -0.000072  -0.000505  0.000015  0.000000  0.000000  0.000000  2.000000  
148.438425 0.004435  0.086983  -0.016390  0.990856  0.110869  -0.076896  -0.109577  0.993760  0.020829  0.078726  -0.012213  0.996821  -0.000026  -0.000412  0.000035  0.000000  0.000000  0.000000  2.000000  
148.439428 0.004435  0.086984  -0.016390  0.990856  0.110869  -0.076896  -0.109577  0.993760  0.020829  0.078726  -0.012213  0.996821  0.000030  -0.000336  0.000064  0.000000  0.000000  0.000000  2.000000  
148.440676 0.004435  0.086984  -0.016389  0.990856  0.110869  -0.076896  -0.109577  0.993760  0.020829  0.078726  -0.012213  0.996821  0.000074  -0.000256  0.000132  0.000000  0.000000  0.000000  2.000000  
148.441677 0.004436  0.086984  -0.016389  0.990856  0.110869  -0.076896  -0.109577  0.993760  0.020829  0.078726  -0.012213  0.996821  0.000130  -0.000181  0.000161  0.000000  0.000000  0.000000  2.000000  
148.442923 0.004436  0.086985  -0.016388  0.990856  0.110869  -0.076896  -0.109577  0.993760  0.020829  0.078726  -0.012213  0.996821  0.000177  -0.000079  0.000181  0.000000  0.000000  0.000000  2.000000  
148.444171 0.004437  0.086986  -0.016388  0.990833  0.111073  -0.076892  -0.109781  0.993737  0.020845  0.078726  -0.012213  0.996821  0.000189  -0.000002  0.000179  0.000000  0.000000  0.000000  2.000000  
148.445174 0.004437  0.086986  -0.016388  0.990833  0.111073  -0.076892  -0.109781  0.993737  0.020845  0.078726  -0.012213  0.996821  0.000216  0.000049  0.000192  0.000000  0.000000  0.000000  2.000000  
148.446427 0.004437  0.086986  -0.016388  0.990833  0.111073  -0.076892  -0.109781  0.993737  0.020845  0.078726  -0.012213  0.996821  0.000227  0.000124  0.000189  0.000000  0.000000  0.000000  2.000000  
148.447673 0.004437  0.086987  -0.016388  0.990833  0.111073  -0.076892  -0.109781  0.993737  0.020845  0.078726  -0.012213  0.996821  0.000238  0.000229  0.000184  0.000000  0.000000  0.000000  2.000000  
148.448924 0.004438  0.086988  -0.016388  0.990823  0.111075  -0.077025  -0.109780  0.993737  0.020860  0.078859  -0.012213  0.996811  0.000261  0.000280  0.000193  0.000000  0.000000  0.000000  2.000000  
148.450169 0.004438  0.086988  -0.016388  0.990823  0.111066  -0.077038  -0.109780  0.993740  0.020739  0.078859  -0.012092  0.996812  0.000241  0.000327  0.000172  0.000000  0.000000  0.000000  2.000000  
148.451172 0.004438  0.086989  -0.016388  0.990800  0.111270  -0.077034  -0.109984  0.993717  0.020755  0.078859  -0.012092  0.996812  0.000268  0.000383  0.000185  0.000000  0.000000  0.000000  2.000000  
148.452418 0.004438  0.086990  -0.016388  0.990800  0.111270  -0.077034  -0.109984  0.993717  0.020755  0.078859  -0.012092  0.996812  0.000206  0.000429  0.000135  0.000000  0.000000  0.000000  2.000000  
148.453421 0.004438  0.086990  -0.016388  0.990790  0.111272  -0.077166  -0.109983  0.993716  0.020770  0.078993  -0.012092  0.996802  0.000230  0.000479  0.000145  0.000000  0.000000  0.000000  2.000000  
148.454424 0.004438  0.086991  -0.016388  0.990790  0.111272  -0.077166  -0.109983  0.993716  0.020770  0.078993  -0.012092  0.996802  0.000190  0.000480  0.000117  0.000000  0.000000  0.000000  2.000000  
148.455427 0.004438  0.086991  -0.016388  0.990790  0.111272  -0.077166  -0.109983  0.993716  0.020770  0.078993  -0.012092  0.996802  0.000164  0.000486  0.000052  0.000000  0.000000  0.000000  2.000000  
148.456672 0.004438  0.086992  -0.016388  0.990790  0.111272  -0.077166  -0.109983  0.993716  0.020770  0.078993  -0.012092  0.996802  0.000152  0.000503  0.000042  0.000000  0.000000  0.000000  2.000000  
148.457921 0.004438  0.086992  -0.016388  0.990756  0.111469  -0.077308  -0.110186  0.993696  0.020680  0.079126  -0.011970  0.996793  0.000112  0.000504  0.000014  0.000000  0.000000  0.000000  2.000000  
148.458924 0.004438  0.086993  -0.016388  0.990756  0.111469  -0.077308  -0.110186  0.993696  0.020680  0.079126  -0.011970  0.996793  0.000082  0.000488  -0.000005  0.000000  0.000000  0.000000  2.000000  
