1-Time 2-Px 3-Py 4-Pz 5-R11 6-R21 7-R31 8-R12 9-R22 10-R32 11-R13 12-R23 13-R33 14-Vx 15-Vy 16-Vz 17-Wx 18-Wy 19-Wz 20-state 21-PR11 22-PR21 23-PR31 24-PR12 25-PR22 26-PR32 27-PR13 28-PR23 29-PR33 
69.349089 0.002397  0.086113  -0.008508  0.999350  0.020002  -0.030000  0.028193  0.085162  0.995968  0.022476  -0.996166  0.084543  -0.000062  0.000076  -0.000061  0.000000  0.000000  0.000000  2.000000  
69.350094 0.002397  0.086113  -0.008508  0.999350  0.019998  -0.030002  0.028193  0.085283  0.995958  0.022476  -0.996156  0.084664  -0.000062  0.000076  -0.000061  0.000000  0.000000  0.000000  2.000000  
69.351355 0.002395  0.086110  -0.008509  0.999347  0.020132  -0.030013  0.028193  0.085287  0.995957  0.022610  -0.996153  0.084663  -0.000139  -0.000154  -0.000122  0.000000  0.000000  0.000000  2.000000  
69.352599 0.002394  0.086106  -0.008510  0.999349  0.020279  -0.029822  0.027988  0.085407  0.995953  0.022744  -0.996140  0.084784  -0.000241  -0.000434  -0.000193  0.000000  0.000000  0.000000  2.000000  
69.353839 0.002393  0.086102  -0.008510  0.999349  0.020275  -0.029824  0.027988  0.085528  0.995943  0.022744  -0.996129  0.084905  -0.000285  -0.000687  -0.000178  0.000000  0.000000  0.000000  2.000000  
69.354839 0.002392  0.086099  -0.008510  0.999346  0.020408  -0.029836  0.027987  0.085532  0.995942  0.022878  -0.996126  0.084905  -0.000337  -0.000913  -0.000174  0.000000  0.000000  0.000000  2.000000  
69.355844 0.002392  0.086097  -0.008509  0.999349  0.020556  -0.029645  0.027782  0.085652  0.995938  0.023011  -0.996113  0.085025  -0.000344  -0.001060  -0.000106  0.000000  0.000000  0.000000  2.000000  
69.356857 0.002391  0.086093  -0.008509  0.999355  0.020570  -0.029442  0.027576  0.085769  0.995933  0.023011  -0.996103  0.085146  -0.000396  -0.001286  -0.000102  0.000000  0.000000  0.000000  2.000000  
69.358093 0.002391  0.086089  -0.008509  0.999357  0.020717  -0.029251  0.027370  0.085889  0.995929  0.023145  -0.996089  0.085267  -0.000380  -0.001569  -0.000082  0.000000  0.000000  0.000000  2.000000  
69.359346 0.002391  0.086086  -0.008509  0.999354  0.020843  -0.029267  0.027370  0.086134  0.995908  0.023279  -0.996066  0.085508  -0.000379  -0.001800  -0.000083  0.000000  0.000000  0.000000  2.000000  
69.360347 0.002390  0.086083  -0.008510  0.999357  0.020991  -0.029076  0.027164  0.086254  0.995903  0.023413  -0.996052  0.085628  -0.000424  -0.002005  -0.000125  0.000000  0.000000  0.000000  2.000000  
69.361356 0.002390  0.086081  -0.008511  0.999359  0.021135  -0.028888  0.026958  0.086495  0.995887  0.023546  -0.996028  0.085870  -0.000477  -0.002184  -0.000177  0.000000  0.000000  0.000000  2.000000  
69.362360 0.002389  0.086078  -0.008512  0.999362  0.021279  -0.028700  0.026753  0.086736  0.995872  0.023680  -0.996004  0.086111  -0.000549  -0.002393  -0.000284  0.000000  0.000000  0.000000  2.000000  
69.363596 0.002387  0.086073  -0.008514  0.999361  0.021556  -0.028523  0.026547  0.086980  0.995856  0.023948  -0.995977  0.086352  -0.000655  -0.002755  -0.000388  0.000000  0.000000  0.000000  2.000000  
69.364844 0.002384  0.086066  -0.008516  0.999363  0.021697  -0.028337  0.026341  0.087342  0.995830  0.024081  -0.995942  0.086714  -0.000858  -0.003192  -0.000551  0.000000  0.000000  0.000000  2.000000  
69.366096 0.002380  0.086058  -0.008519  0.999365  0.021841  -0.028149  0.026135  0.087582  0.995814  0.024215  -0.995918  0.086956  -0.001045  -0.003495  -0.000636  0.000000  0.000000  0.000000  2.000000  
69.367363 0.002377  0.086051  -0.008519  0.999364  0.022112  -0.027978  0.025929  0.088068  0.995777  0.024483  -0.995869  0.087438  -0.001168  -0.003682  -0.000601  0.000000  0.000000  0.000000  2.000000  
69.368589 0.002374  0.086044  -0.008519  0.999366  0.022253  -0.027793  0.025723  0.088429  0.995750  0.024616  -0.995834  0.087800  -0.001313  -0.003937  -0.000565  0.000000  0.000000  0.000000  2.000000  
69.369591 0.002371  0.086038  -0.008519  0.999368  0.022395  -0.027608  0.025517  0.088790  0.995723  0.024750  -0.995799  0.088162  -0.001462  -0.004149  -0.000596  0.000000  0.000000  0.000000  2.000000  
69.370844 0.002368  0.086030  -0.008519  0.999367  0.022666  -0.027437  0.025312  0.089275  0.995685  0.025018  -0.995749  0.088645  -0.001571  -0.004404  -0.000677  0.000000  0.000000  0.000000  2.000000  
69.372091 0.002366  0.086023  -0.008520  0.999370  0.022959  -0.027059  0.024900  0.089635  0.995663  0.025285  -0.995710  0.089007  -0.001659  -0.004604  -0.000700  0.000000  0.000000  0.000000  2.000000  
69.373092 0.002365  0.086018  -0.008520  0.999368  0.023231  -0.026890  0.024694  0.090120  0.995625  0.025553  -0.995660  0.089489  -0.001745  -0.004748  -0.000692  -0.164320  -0.108144  0.113271  2.000000  
69.374096 0.002364  0.086012  -0.008521  0.999370  0.023373  -0.026705  0.024488  0.090481  0.995597  0.025687  -0.995624  0.089851  -0.001867  -0.005007  -0.000785  -0.176343  -0.114600  0.118352  2.000000  
69.375350 0.002362  0.086005  -0.008522  0.999368  0.023645  -0.026536  0.024282  0.090965  0.995558  0.025954  -0.995573  0.090334  -0.001908  -0.005315  -0.000850  -0.192432  -0.120655  0.127922  2.000000  
69.376595 0.002361  0.085997  -0.008524  0.999371  0.023936  -0.026162  0.023871  0.091445  0.995524  0.026222  -0.995522  0.090816  -0.001880  -0.005537  -0.000871  -0.208434  -0.133647  0.138157  2.000000  
69.377600 0.002360  0.085990  -0.008526  0.999369  0.024209  -0.025993  0.023665  0.091929  0.995484  0.026489  -0.995471  0.091298  -0.001946  -0.005779  -0.000882  -0.224477  -0.139665  0.147707  2.000000  
69.378844 0.002357  0.085981  -0.008529  0.999371  0.024498  -0.025622  0.023253  0.092529  0.995438  0.026757  -0.995409  0.091902  -0.001925  -0.006042  -0.000909  -0.244580  -0.152657  0.157983  2.000000  
69.379844 0.002355  0.085972  -0.008531  0.999373  0.024637  -0.025441  0.023047  0.093010  0.995398  0.026890  -0.995360  0.092384  -0.001922  -0.006252  -0.000992  -0.256667  -0.159125  0.163145  2.000000  
69.381094 0.002353  0.085961  -0.008533  0.999370  0.024907  -0.025276  0.022841  0.093615  0.995346  0.027158  -0.995297  0.092987  -0.001839  -0.006461  -0.000980  -0.276954  -0.165630  0.168354  2.000000  
69.382440 0.002350  0.085951  -0.008535  0.999376  0.025064  -0.024894  0.022430  0.094211  0.995300  0.027292  -0.995237  0.093590  -0.001795  -0.006675  -0.001143  -0.292062  -0.171867  0.168449  2.000000  
69.383593 0.002347  0.085941  -0.008537  0.999381  0.025221  -0.024512  0.022018  0.094808  0.995252  0.027425  -0.995176  0.094194  -0.001741  -0.006911  -0.001248  -0.308873  -0.185690  0.174728  2.000000  
69.384593 0.002346  0.085933  -0.008540  0.999378  0.025492  -0.024348  0.021812  0.095412  0.995199  0.027693  -0.995111  0.094796  -0.001675  -0.007038  -0.001432  -0.329033  -0.192116  0.179880  2.000000  
69.385839 0.002344  0.085924  -0.008543  0.999384  0.025650  -0.023966  0.021401  0.096008  0.995151  0.027827  -0.995050  0.095400  -0.001620  -0.007116  -0.001551  -0.342366  -0.197342  0.179125  2.000000  
69.386842 0.002343  0.085916  -0.008545  0.999381  0.025924  -0.023800  0.021195  0.096491  0.995108  0.028094  -0.994996  0.095882  -0.001595  -0.007251  -0.001719  -0.354623  -0.196564  0.188151  2.000000  
69.388089 0.002341  0.085908  -0.008548  0.999377  0.026193  -0.023639  0.020989  0.097215  0.995042  0.028362  -0.994919  0.096605  -0.001594  -0.007376  -0.001890  -0.374636  -0.195987  0.192590  2.000000  
69.389089 0.002340  0.085901  -0.008549  0.999382  0.026352  -0.023259  0.020577  0.097811  0.994992  0.028495  -0.994856  0.097208  -0.001567  -0.007433  -0.001904  -0.386380  -0.209568  0.193926  2.000000  
69.390100 0.002339  0.085894  -0.008551  0.999383  0.026492  -0.023083  0.020371  0.098411  0.994937  0.028629  -0.994793  0.097811  -0.001576  -0.007480  -0.001937  -0.405815  -0.211209  0.195588  2.000000  
69.391356 0.002338  0.085886  -0.008553  0.999383  0.026779  -0.022722  0.019960  0.099251  0.994862  0.028896  -0.994702  0.098655  -0.001554  -0.007504  -0.001960  -0.425856  -0.217937  0.196295  2.000000  
69.392595 0.002336  0.085876  -0.008555  0.999387  0.026937  -0.022345  0.019548  0.099966  0.994799  0.029030  -0.994626  0.099378  -0.001568  -0.007615  -0.001960  -0.438410  -0.222929  0.195466  2.000000  
69.393597 0.002334  0.085868  -0.008557  0.999384  0.027210  -0.022184  0.019342  0.100569  0.994742  0.029298  -0.994558  0.099981  -0.001571  -0.007631  -0.001903  -0.454171  -0.224246  0.201635  2.000000  
69.394598 0.002332  0.085860  -0.008558  0.999388  0.027368  -0.021807  0.018931  0.101284  0.994677  0.029431  -0.994481  0.100704  -0.001598  -0.007622  -0.001832  -0.466228  -0.231043  0.202426  2.000000  
69.395843 0.002328  0.085849  -0.008560  0.999387  0.027504  -0.021639  0.018725  0.102126  0.994595  0.029565  -0.994391  0.101548  -0.001658  -0.007641  -0.001794  -0.486696  -0.230988  0.202601  2.000000  
69.396844 0.002326  0.085841  -0.008562  0.999387  0.027797  -0.021277  0.018313  0.102843  0.994529  0.029833  -0.994309  0.102271  -0.001652  -0.007620  -0.001839  -0.498399  -0.244173  0.208473  2.000000  
69.398093 0.002323  0.085831  -0.008566  0.999391  0.027952  -0.020909  0.017902  0.103799  0.994437  0.029966  -0.994205  0.103235  -0.001680  -0.007575  -0.001948  -0.518727  -0.244461  0.204158  2.000000  
69.399095 0.002321  0.085823  -0.008569  0.999386  0.028224  -0.020752  0.017696  0.104522  0.994365  0.030234  -0.994122  0.103958  -0.001686  -0.007610  -0.002039  -0.530949  -0.243936  0.208786  2.000000  
69.400097 0.002319  0.085815  -0.008573  0.999389  0.028383  -0.020381  0.017284  0.105357  0.994284  0.030368  -0.994029  0.104802  -0.001731  -0.007643  -0.002159  -0.546822  -0.248757  0.207957  2.000000  
69.401355 0.002317  0.085806  -0.008577  0.999388  0.028675  -0.020024  0.016873  0.106194  0.994202  0.030635  -0.993932  0.105645  -0.001777  -0.007612  -0.002198  -0.558393  -0.255309  0.208677  2.000000  
69.402592 0.002315  0.085797  -0.008582  0.999383  0.028943  -0.019875  0.016667  0.107157  0.994102  0.030903  -0.993821  0.106608  -0.001798  -0.007604  -0.002315  -0.574564  -0.255187  0.208889  2.000000  
69.403844 0.002313  0.085788  -0.008586  0.999382  0.029237  -0.019519  0.016255  0.107993  0.994019  0.031170  -0.993722  0.107451  -0.001870  -0.007636  -0.002496  -0.586581  -0.261942  0.209791  2.000000  
69.405090 0.002311  0.085779  -0.008590  0.999380  0.029529  -0.019167  0.015844  0.108950  0.993921  0.031438  -0.993609  0.108415  -0.001869  -0.007656  -0.002633  -0.602530  -0.261720  0.209927  2.000000  
69.406094 0.002309  0.085772  -0.008593  0.999382  0.029691  -0.018798  0.015432  0.109784  0.993836  0.031571  -0.993512  0.109258  -0.001926  -0.007681  -0.002715  -0.619724  -0.264207  0.207377  2.000000  
69.407101 0.002307  0.085764  -0.008596  0.999380  0.029986  -0.018443  0.015020  0.110619  0.993749  0.031839  -0.993410  0.110100  -0.001988  -0.007706  -0.002802  -0.631611  -0.270459  0.212695  2.000000  
69.408348 0.002304  0.085755  -0.008599  0.999378  0.030278  -0.018097  0.014609  0.111696  0.993635  0.032106  -0.993281  0.111184  -0.002054  -0.007711  -0.002898  -0.647622  -0.277151  0.213622  2.000000  
69.409349 0.002301  0.085746  -0.008602  0.999379  0.030441  -0.017728  0.014197  0.112529  0.993547  0.032240  -0.993182  0.112027  -0.002088  -0.007714  -0.002923  -0.659579  -0.284343  0.210037  2.000000  
69.410360 0.002299  0.085738  -0.008604  0.999374  0.030715  -0.017580  0.013991  0.113370  0.993454  0.032507  -0.993078  0.112869  -0.002073  -0.007685  -0.003005  -0.671647  -0.276732  0.213890  2.000000  
69.411360 0.002296  0.085730  -0.008607  0.999375  0.030882  -0.017208  0.013580  0.114082  0.993379  0.032641  -0.992991  0.113591  -0.002094  -0.007669  -0.003117  -0.679671  -0.283528  0.214812  2.000000  
69.412599 0.002292  0.085720  -0.008610  0.999372  0.031179  -0.016860  0.013168  0.115037  0.993274  0.032909  -0.992872  0.114554  -0.002130  -0.007640  -0.003059  -0.691898  -0.283390  0.215060  2.000000  
69.413848 0.002289  0.085711  -0.008614  0.999368  0.031474  -0.016516  0.012757  0.116111  0.993154  0.033176  -0.992737  0.115637  -0.002179  -0.007556  -0.003019  -0.707980  -0.289630  0.220514  2.000000  
69.415097 0.002287  0.085703  -0.008617  0.999364  0.031770  -0.016173  0.012345  0.117186  0.993033  0.033443  -0.992602  0.116719  -0.002148  -0.007471  -0.002919  -0.720240  -0.289473  0.220812  2.000000  
69.416346 0.002284  0.085694  -0.008620  0.999360  0.032068  -0.015826  0.011933  0.118140  0.992925  0.033711  -0.992479  0.117681  -0.002171  -0.007428  -0.002902  -0.732374  -0.288803  0.225502  2.000000  
69.417595 0.002282  0.085686  -0.008624  0.999352  0.032500  -0.015496  0.011522  0.119094  0.992816  0.034112  -0.992351  0.118643  -0.002217  -0.007405  -0.002799  -0.740185  -0.294991  0.230955  2.000000  
69.418841 0.002279  0.085678  -0.008628  0.999347  0.032798  -0.015155  0.011110  0.120168  0.992691  0.034379  -0.992212  0.119725  -0.002213  -0.007308  -0.002773  -0.749983  -0.299192  0.230052  2.000000  
69.419843 0.002278  0.085672  -0.008630  0.999347  0.032968  -0.014790  0.010699  0.120998  0.992595  0.034513  -0.992105  0.120567  -0.002254  -0.007264  -0.002715  -0.758102  -0.299053  0.230292  2.000000  
69.421094 0.002275  0.085663  -0.008634  0.999344  0.033291  -0.014250  0.010081  0.122185  0.992456  0.034781  -0.991949  0.121769  -0.002285  -0.007273  -0.002742  -0.773768  -0.312470  0.232098  2.000000  
69.422339 0.002272  0.085653  -0.008639  0.999339  0.033591  -0.013911  0.009670  0.123257  0.992328  0.035048  -0.991806  0.122851  -0.002337  -0.007332  -0.002818  -0.781892  -0.311788  0.236865  2.000000  
69.423368 0.002269  0.085645  -0.008643  0.999333  0.033894  -0.013568  0.009258  0.124208  0.992213  0.035316  -0.991677  0.123812  -0.002324  -0.007292  -0.002897  -0.795762  -0.313900  0.238893  2.000000  
69.424597 0.002266  0.085635  -0.008647  0.999328  0.034195  -0.013234  0.008847  0.125400  0.992067  0.035583  -0.991517  0.125013  -0.002305  -0.007314  -0.002930  -0.805809  -0.310775  0.241808  2.000000  
69.425599 0.002264  0.085627  -0.008649  0.999322  0.034499  -0.012892  0.008435  0.126351  0.991950  0.035850  -0.991386  0.125974  -0.002268  -0.007270  -0.002957  -0.816185  -0.319452  0.249326  2.000000  
69.426848 0.002261  0.085616  -0.008653  0.999315  0.034803  -0.012556  0.008024  0.127422  0.991816  0.036118  -0.991238  0.127055  -0.002249  -0.007317  -0.002977  -0.820141  -0.319181  0.249646  2.000000  
69.428094 0.002258  0.085606  -0.008657  0.999309  0.035106  -0.012224  0.007612  0.128612  0.991666  0.036385  -0.991073  0.128256  -0.002221  -0.007354  -0.002995  -0.832411  -0.318972  0.250015  2.000000  
69.429094 0.002256  0.085598  -0.008660  0.999302  0.035411  -0.011888  0.007201  0.129682  0.991529  0.036653  -0.990923  0.129337  -0.002195  -0.007431  -0.003008  -0.841424  -0.322422  0.253453  2.000000  
69.430094 0.002254  0.085591  -0.008663  0.999295  0.035720  -0.011545  0.006789  0.130511  0.991424  0.036920  -0.990803  0.130177  -0.002154  -0.007467  -0.003058  -0.841410  -0.321701  0.258173  2.000000  
69.431357 0.002252  0.085582  -0.008666  0.999289  0.036052  -0.011011  0.006172  0.131693  0.991271  0.037187  -0.990635  0.131377  -0.002137  -0.007531  -0.003032  -0.851734  -0.330777  0.261385  2.000000  
69.432592 0.002250  0.085572  -0.008669  0.999277  0.036491  -0.010700  0.005760  0.132883  0.991115  0.037589  -0.990460  0.132577  -0.002111  -0.007618  -0.002996  -0.864257  -0.330125  0.266317  2.000000  
69.433841 0.002247  0.085562  -0.008673  0.999270  0.036827  -0.010164  0.005143  0.133944  0.990976  0.037856  -0.990304  0.133657  -0.002172  -0.007797  -0.003056  -0.868690  -0.340777  0.266073  2.000000  
69.435089 0.002244  0.085552  -0.008678  0.999262  0.037135  -0.009837  0.004732  0.135132  0.990816  0.038123  -0.990131  0.134856  -0.002201  -0.007902  -0.003101  -0.876231  -0.336485  0.267913  2.000000  
69.436094 0.002242  0.085543  -0.008681  0.999253  0.037447  -0.009501  0.004320  0.136079  0.990689  0.038391  -0.989990  0.135816  -0.002167  -0.008013  -0.003104  -0.880588  -0.339668  0.271163  2.000000  
69.437346 0.002238  0.085532  -0.008686  0.999251  0.037653  -0.008948  0.003703  0.137138  0.990545  0.038524  -0.989836  0.136896  -0.002216  -0.008109  -0.003121  -0.880430  -0.346789  0.268004  2.000000  
69.438589 0.002235  0.085520  -0.008691  0.999242  0.037964  -0.008623  0.003291  0.138325  0.990381  0.038792  -0.989659  0.138095  -0.002266  -0.008184  -0.003142  -0.888441  -0.346503  0.268389  2.000000  
69.439594 0.002231  0.085512  -0.008694  0.999233  0.038278  -0.008290  0.002880  0.139271  0.990250  0.039059  -0.989514  0.139054  -0.002296  -0.008201  -0.003158  -0.892365  -0.345678  0.273116  2.000000  
69.440602 0.002228  0.085503  -0.008697  0.999229  0.038460  -0.007938  0.002469  0.140216  0.990118  0.039193  -0.989374  0.140013  -0.002337  -0.008228  -0.003186  -0.895500  -0.348784  0.271244  2.000000  
69.441844 0.002224  0.085492  -0.008702  0.999219  0.038773  -0.007615  0.002057  0.141402  0.989950  0.039460  -0.989193  0.141211  -0.002423  -0.008298  -0.003235  -0.900228  -0.345659  0.269389  2.000000  
69.442844 0.002221  0.085483  -0.008705  0.999214  0.038957  -0.007264  0.001646  0.142346  0.989816  0.039594  -0.989050  0.142171  -0.002499  -0.008356  -0.003284  -0.908183  -0.345398  0.269658  2.000000  
69.444094 0.002218  0.085473  -0.008710  0.999204  0.039272  -0.006942  0.001234  0.143531  0.989645  0.039861  -0.988866  0.143369  -0.002544  -0.008373  -0.003356  -0.916134  -0.345673  0.265609  2.000000  
69.445346 0.002213  0.085461  -0.008716  0.999194  0.039618  -0.006412  0.000617  0.144587  0.989492  0.040129  -0.988699  0.144446  -0.002705  -0.008511  -0.003502  -0.911731  -0.352160  0.266902  2.000000  
69.446348 0.002210  0.085453  -0.008720  0.999189  0.039804  -0.006063  0.000206  0.145531  0.989354  0.040263  -0.988553  0.145405  -0.002772  -0.008580  -0.003580  -0.919098  -0.355364  0.264968  2.000000  
69.447595 0.002206  0.085442  -0.008724  0.999178  0.040122  -0.005738  -0.000206  0.146595  0.989197  0.040530  -0.988383  0.146483  -0.002910  -0.008713  -0.003663  -0.923111  -0.355103  0.265346  2.000000  
69.448597 0.002203  0.085433  -0.008728  0.999167  0.040442  -0.005409  -0.000617  0.147538  0.989056  0.040797  -0.988229  0.147440  -0.003006  -0.008785  -0.003720  -0.926786  -0.361695  0.266582  2.000000  
69.449839 0.002198  0.085420  -0.008733  0.999161  0.040660  -0.004863  -0.001234  0.148592  0.988898  0.040931  -0.988062  0.148518  -0.003149  -0.008913  -0.003753  -0.927169  -0.365347  0.265726  2.000000  
69.450843 0.002194  0.085411  -0.008737  0.999150  0.040981  -0.004535  -0.001646  0.149535  0.988755  0.041198  -0.987907  0.149475  -0.003252  -0.008979  -0.003777  -0.926862  -0.361229  0.267393  2.000000  
69.452089 0.002189  0.085398  -0.008742  0.999143  0.041201  -0.003994  -0.002263  0.150708  0.988576  0.041332  -0.987719  0.150672  -0.003351  -0.009099  -0.003777  -0.930708  -0.372157  0.263004  2.000000  
69.453346 0.002184  0.085385  -0.008746  0.999131  0.041523  -0.003673  -0.002674  0.151770  0.988412  0.041599  -0.987543  0.151749  -0.003461  -0.009185  -0.003753  -0.927457  -0.365308  0.262666  2.000000  
69.454589 0.002178  0.085372  -0.008751  0.999123  0.041745  -0.003133  -0.003291  0.152942  0.988230  0.041733  -0.987353  0.152946  -0.003585  -0.009313  -0.003821  -0.926651  -0.372218  0.259514  2.000000  
69.455591 0.002173  0.085362  -0.008756  0.999111  0.042070  -0.002803  -0.003702  0.153763  0.988101  0.042000  -0.987212  0.153782  -0.003682  -0.009389  -0.003880  -0.922486  -0.371972  0.259849  2.000000  
69.456604 0.002169  0.085353  -0.008760  0.999103  0.042263  -0.002458  -0.004114  0.154704  0.987952  0.042134  -0.987056  0.154739  -0.003743  -0.009428  -0.003916  -0.925604  -0.375266  0.257833  2.000000  
69.457605 0.002165  0.085343  -0.008764  0.999096  0.042457  -0.002113  -0.004525  0.155645  0.987803  0.042268  -0.986900  0.155696  -0.003826  -0.009507  -0.004010  -0.925413  -0.375607  0.253716  2.000000  
69.458844 0.002159  0.085331  -0.008770  0.999082  0.042815  -0.001591  -0.005142  0.156695  0.987634  0.042535  -0.986719  0.156772  -0.003958  -0.009612  -0.004090  -0.917224  -0.382279  0.255256  2.000000  
69.459850 0.002155  0.085322  -0.008775  0.999074  0.043011  -0.001247  -0.005553  0.157635  0.987482  0.042669  -0.986560  0.157728  -0.004042  -0.009627  -0.004103  -0.921060  -0.382626  0.251109  2.000000  
69.461094 0.002149  0.085310  -0.008780  0.999059  0.043371  -0.000732  -0.006170  0.158805  0.987291  0.042936  -0.986357  0.158923  -0.004168  -0.009699  -0.004093  -0.921251  -0.386015  0.250471  2.000000  
69.462094 0.002144  0.085301  -0.008784  0.999050  0.043568  -0.000384  -0.006582  0.159624  0.987156  0.043070  -0.986216  0.159759  -0.004291  -0.009712  -0.004135  -0.917018  -0.382837  0.247533  2.000000  
69.463345 0.002138  0.085289  -0.008789  0.999042  0.043766  -0.000057  -0.006993  0.160922  0.986942  0.043204  -0.985996  0.161074  -0.004408  -0.009743  -0.004125  -0.924940  -0.383134  0.243509  2.000000  
69.464346 0.002133  0.085279  -0.008793  0.999027  0.044096  0.000263  -0.007404  0.161860  0.986786  0.043471  -0.985828  0.162029  -0.004506  -0.009768  -0.004145  -0.925498  -0.379852  0.241878  2.000000  
69.465593 0.002125  0.085266  -0.008798  0.999017  0.044329  0.000797  -0.008021  0.163028  0.986589  0.043605  -0.985625  0.163224  -0.004658  -0.009780  -0.004119  -0.924699  -0.383247  0.239885  2.000000  
69.466841 0.002118  0.085254  -0.008802  0.999007  0.044529  0.001133  -0.008433  0.164086  0.986410  0.043738  -0.985440  0.164299  -0.004784  -0.009738  -0.004082  -0.924663  -0.383678  0.235869  2.000000  
69.468089 0.002111  0.085242  -0.008806  0.998996  0.044764  0.001666  -0.009049  0.165254  0.986210  0.043872  -0.985235  0.165493  -0.004869  -0.009718  -0.004065  -0.924862  -0.387066  0.235399  2.000000  
69.469089 0.002106  0.085232  -0.008809  0.998986  0.044966  0.002006  -0.009461  0.166191  0.986048  0.044006  -0.985068  0.166448  -0.004955  -0.009680  -0.004000  -0.924760  -0.387507  0.231361  2.000000  
69.470094 0.002100  0.085223  -0.008813  0.998977  0.045169  0.002352  -0.009872  0.167008  0.985906  0.044139  -0.984920  0.167283  -0.005027  -0.009603  -0.003965  -0.920703  -0.387312  0.231724  2.000000  
69.471354 0.002094  0.085212  -0.008817  0.998961  0.045504  0.002658  -0.010283  0.168183  0.985702  0.044407  -0.984705  0.168476  -0.005114  -0.009562  -0.003899  -0.920681  -0.387064  0.232215  2.000000  
69.472591 0.002087  0.085200  -0.008821  0.998950  0.045708  0.002991  -0.010694  0.169238  0.985517  0.044540  -0.984515  0.169550  -0.005198  -0.009493  -0.003808  -0.916586  -0.387502  0.228262  2.000000  
69.473608 0.002082  0.085192  -0.008825  0.998940  0.045913  0.003329  -0.011106  0.170174  0.985351  0.044674  -0.984344  0.170504  -0.005270  -0.009416  -0.003717  -0.915650  -0.384090  0.224908  2.000000  
69.474844 0.002075  0.085181  -0.008829  0.998929  0.046119  0.003662  -0.011517  0.171230  0.985164  0.044808  -0.984151  0.171577  -0.005303  -0.009360  -0.003637  -0.916056  -0.384035  0.225440  2.000000  
69.475844 0.002069  0.085173  -0.008833  0.998918  0.046324  0.004005  -0.011928  0.172045  0.985017  0.044941  -0.983999  0.172412  -0.005392  -0.009269  -0.003560  -0.911881  -0.384535  0.221345  2.000000  
69.476846 0.002064  0.085165  -0.008835  0.998907  0.046531  0.004348  -0.012339  0.172861  0.984869  0.045075  -0.983847  0.173246  -0.005393  -0.009208  -0.003479  -0.907568  -0.384984  0.217218  2.000000  
69.478094 0.002057  0.085154  -0.008839  0.998890  0.046870  0.004656  -0.012751  0.173913  0.984678  0.045342  -0.983645  0.174318  -0.005425  -0.009119  -0.003408  -0.908020  -0.377296  0.221021  2.000000  
69.479097 0.002051  0.085145  -0.008843  0.998885  0.046946  0.005022  -0.013162  0.174730  0.984528  0.045342  -0.983497  0.175153  -0.005497  -0.009057  -0.003353  -0.907795  -0.378489  0.212424  2.000000  
69.480346 0.002044  0.085134  -0.008847  0.998873  0.047155  0.005352  -0.013573  0.175784  0.984335  0.045476  -0.983299  0.176226  -0.005500  -0.008950  -0.003329  -0.904603  -0.375275  0.211130  2.000000  
69.481356 0.002038  0.085126  -0.008850  0.998861  0.047364  0.005694  -0.013984  0.176598  0.984184  0.045610  -0.983143  0.177059  -0.005499  -0.008836  -0.003302  -0.899294  -0.378692  0.208718  2.000000  
69.482596 0.002032  0.085115  -0.008854  0.998840  0.047743  0.006202  -0.014601  0.177639  0.983987  0.045877  -0.982937  0.178130  -0.005493  -0.008740  -0.003316  -0.895248  -0.377753  0.213614  2.000000  
69.483842 0.002025  0.085106  -0.008857  0.998828  0.047955  0.006531  -0.015012  0.178692  0.983791  0.046010  -0.982736  0.179202  -0.005493  -0.008554  -0.003259  -0.896052  -0.375245  0.207860  2.000000  
69.485089 0.002018  0.085096  -0.008861  0.998816  0.048167  0.006860  -0.015423  0.179744  0.983593  0.046144  -0.982533  0.180274  -0.005520  -0.008459  -0.003239  -0.895832  -0.371388  0.208946  2.000000  
69.486095 0.002013  0.085090  -0.008864  0.998803  0.048379  0.007200  -0.015834  0.180557  0.983437  0.046278  -0.982374  0.181107  -0.005500  -0.008268  -0.003180  -0.891301  -0.371795  0.204763  2.000000  
69.487345 0.002006  0.085081  -0.008867  0.998790  0.048593  0.007527  -0.016246  0.181608  0.983237  0.046411  -0.982170  0.182178  -0.005455  -0.008076  -0.003090  -0.888462  -0.361849  0.202345  2.000000  
69.488592 0.002000  0.085073  -0.008870  0.998777  0.048807  0.007860  -0.016657  0.182540  0.983057  0.046545  -0.981986  0.183130  -0.005443  -0.007916  -0.003012  -0.884319  -0.362387  0.198317  2.000000  
69.489844 0.001994  0.085065  -0.008874  0.998764  0.049021  0.008193  -0.017068  0.183472  0.982877  0.046679  -0.981802  0.184082  -0.005446  -0.007729  -0.002964  -0.876539  -0.355433  0.197551  2.000000  
69.490852 0.001989  0.085059  -0.008876  0.998754  0.049198  0.008329  -0.017273  0.184294  0.982719  0.046812  -0.981639  0.184914  -0.005388  -0.007578  -0.002903  -0.871821  -0.345206  0.192681  2.000000  
69.492097 0.001982  0.085051  -0.008879  0.998741  0.049413  0.008661  -0.017684  0.185225  0.982537  0.046946  -0.981453  0.185865  -0.005430  -0.007408  -0.002828  -0.867795  -0.345044  0.193059  2.000000  
69.493346 0.001975  0.085043  -0.008882  0.998727  0.049629  0.008992  -0.018096  0.186155  0.982354  0.047080  -0.981266  0.186816  -0.005375  -0.007225  -0.002775  -0.855797  -0.338793  0.187822  2.000000  
69.494348 0.001970  0.085037  -0.008885  0.998713  0.049845  0.009330  -0.018507  0.186966  0.982192  0.047213  -0.981101  0.187648  -0.005322  -0.007045  -0.002723  -0.851738  -0.338646  0.188144  2.000000  
69.495593 0.001963  0.085029  -0.008888  0.998699  0.050063  0.009660  -0.018918  0.187896  0.982007  0.047347  -0.980912  0.188599  -0.005308  -0.006863  -0.002701  -0.844659  -0.335668  0.186917  2.000000  
69.496594 0.001958  0.085023  -0.008891  0.998691  0.050148  0.010028  -0.019329  0.188590  0.981866  0.047347  -0.980775  0.189313  -0.005259  -0.006748  -0.002686  -0.839442  -0.339088  0.184355  2.000000  
69.497621 0.001953  0.085017  -0.008894  0.998681  0.050325  0.010168  -0.019534  0.189292  0.981726  0.047481  -0.980630  0.190026  -0.005177  -0.006493  -0.002628  -0.830760  -0.331808  0.183238  2.000000  
69.498845 0.001948  0.085010  -0.008897  0.998667  0.050544  0.010498  -0.019946  0.190221  0.981539  0.047614  -0.980439  0.190976  -0.005105  -0.006332  -0.002651  -0.823561  -0.325079  0.182514  2.000000  
69.500099 0.001942  0.085004  -0.008900  0.998652  0.050763  0.010834  -0.020357  0.191031  0.981373  0.047748  -0.980270  0.191807  -0.005052  -0.006151  -0.002599  -0.815236  -0.325667  0.178383  2.000000  
69.501356 0.001937  0.084998  -0.008904  0.998641  0.050944  0.010961  -0.020562  0.191970  0.981185  0.047882  -0.980078  0.192757  -0.004969  -0.005977  -0.002617  -0.807210  -0.318615  0.177456  2.000000  
69.502592 0.001932  0.084992  -0.008907  0.998626  0.051164  0.011295  -0.020973  0.192779  0.981018  0.048015  -0.979907  0.193588  -0.004893  -0.005809  -0.002638  -0.799780  -0.311820  0.176606  2.000000  
69.503592 0.001928  0.084988  -0.008910  0.998611  0.051383  0.011636  -0.021384  0.193469  0.980873  0.048149  -0.979760  0.194300  -0.004806  -0.005691  -0.002639  -0.793161  -0.315996  0.176702  2.000000  
69.504593 0.001924  0.084984  -0.008913  0.998607  0.051430  0.011807  -0.021590  0.194054  0.980753  0.048149  -0.979642  0.194894  -0.004711  -0.005543  -0.002645  -0.784979  -0.309788  0.171203  2.000000  
69.505604 0.001920  0.084979  -0.008915  0.998596  0.051610  0.011945  -0.021795  0.194754  0.980610  0.048283  -0.979493  0.195605  -0.004699  -0.005440  -0.002656  -0.779278  -0.305303  0.171576  2.000000  
69.506621 0.001916  0.084974  -0.008917  0.998580  0.051828  0.012291  -0.022206  0.195325  0.980487  0.048416  -0.979368  0.196198  -0.004576  -0.005340  -0.002675  -0.770681  -0.305017  0.171709  2.000000  
69.507851 0.001910  0.084968  -0.008921  0.998569  0.052012  0.012416  -0.022412  0.196262  0.980295  0.048550  -0.979171  0.197147  -0.004508  -0.005197  -0.002652  -0.767358  -0.299078  0.166430  2.000000  
69.508852 0.001906  0.084964  -0.008923  0.998560  0.052100  0.012788  -0.022823  0.196835  0.980171  0.048550  -0.979051  0.197741  -0.004413  -0.005077  -0.002650  -0.759267  -0.298981  0.166661  2.000000  
69.510097 0.001901  0.084958  -0.008926  0.998549  0.052284  0.012913  -0.023028  0.197773  0.979977  0.048683  -0.978853  0.198690  -0.004302  -0.004930  -0.002594  -0.755585  -0.292061  0.165696  2.000000  
69.511356 0.001896  0.084952  -0.008929  0.998533  0.052508  0.013245  -0.023439  0.198580  0.979804  0.048817  -0.978677  0.199519  -0.004184  -0.004776  -0.002535  -0.747393  -0.285842  0.160193  2.000000  
69.512595 0.001892  0.084947  -0.008932  0.998528  0.052560  0.013402  -0.023645  0.199401  0.979633  0.048817  -0.978507  0.200350  -0.004120  -0.004688  -0.002545  -0.741822  -0.277573  0.153497  2.000000  
69.513598 0.001888  0.084943  -0.008934  0.998516  0.052742  0.013539  -0.023850  0.200100  0.979485  0.048951  -0.978355  0.201061  -0.004035  -0.004560  -0.002505  -0.735924  -0.272907  0.153685  2.000000  
69.514841 0.001884  0.084939  -0.008937  0.998500  0.052967  0.013870  -0.024261  0.200907  0.979310  0.049084  -0.978177  0.201890  -0.003932  -0.004412  -0.002462  -0.727832  -0.272793  0.153971  2.000000  
69.516094 0.001880  0.084935  -0.008940  0.998495  0.053018  0.014033  -0.024467  0.201608  0.979161  0.049084  -0.978030  0.202602  -0.003851  -0.004288  -0.002425  -0.718090  -0.264550  0.147220  2.000000  
69.517099 0.001877  0.084932  -0.008942  0.998483  0.053199  0.014176  -0.024672  0.202188  0.979036  0.049218  -0.977901  0.203194  -0.003790  -0.004210  -0.002395  -0.708003  -0.259824  0.147327  2.000000  
69.518340 0.001873  0.084928  -0.008945  0.998472  0.053382  0.014311  -0.024877  0.202886  0.978886  0.049352  -0.977746  0.203904  -0.003711  -0.004066  -0.002357  -0.702262  -0.257623  0.146328  2.000000  
69.519344 0.001870  0.084924  -0.008947  0.998466  0.053435  0.014474  -0.025083  0.203588  0.978735  0.049352  -0.977597  0.204616  -0.003684  -0.004035  -0.002349  -0.700151  -0.253693  0.141987  2.000000  
69.520590 0.001865  0.084920  -0.008950  0.998455  0.053620  0.014602  -0.025288  0.204404  0.978560  0.049485  -0.977417  0.205444  -0.003621  -0.003951  -0.002357  -0.694861  -0.244824  0.139728  2.000000  
69.521592 0.001862  0.084916  -0.008952  0.998449  0.053669  0.014778  -0.025494  0.204868  0.978458  0.049485  -0.977317  0.205919  -0.003575  -0.003856  -0.002342  -0.682932  -0.238842  0.134152  2.000000  
69.522592 0.001859  0.084912  -0.008954  0.998439  0.053762  0.015148  -0.025905  0.205439  0.978327  0.049485  -0.977192  0.206511  -0.003506  -0.003801  -0.002299  -0.678568  -0.245478  0.135661  2.000000  
69.523597 0.001856  0.084909  -0.008957  0.998427  0.053945  0.015289  -0.026110  0.206018  0.978200  0.049619  -0.977060  0.207103  -0.003451  -0.003729  -0.002272  -0.672161  -0.240591  0.135596  2.000000  
69.524844 0.001851  0.084904  -0.008959  0.998421  0.053998  0.015451  -0.026316  0.206719  0.978046  0.049619  -0.976909  0.207814  -0.003401  -0.003628  -0.002254  -0.660324  -0.234611  0.130052  2.000000  
69.525845 0.001848  0.084901  -0.008961  0.998409  0.054179  0.015598  -0.026521  0.207179  0.977944  0.049753  -0.976802  0.208286  -0.003323  -0.003570  -0.002260  -0.650799  -0.232604  0.129105  2.000000  
69.526847 0.001845  0.084897  -0.008963  0.998404  0.054231  0.015767  -0.026727  0.207761  0.977814  0.049753  -0.976675  0.208879  -0.003300  -0.003535  -0.002242  -0.648332  -0.228551  0.124555  2.000000  
69.528094 0.001841  0.084893  -0.008966  0.998392  0.054415  0.015907  -0.026932  0.208339  0.977686  0.049886  -0.976542  0.209469  -0.003243  -0.003447  -0.002224  -0.639358  -0.219009  0.126696  2.000000  
69.529346 0.001838  0.084889  -0.008969  0.998386  0.054467  0.016075  -0.027138  0.208921  0.977556  0.049886  -0.976415  0.210062  -0.003209  -0.003419  -0.002241  -0.628560  -0.214810  0.122117  2.000000  
69.530359 0.001835  0.084887  -0.008971  0.998374  0.054649  0.016222  -0.027343  0.209380  0.977452  0.050020  -0.976306  0.210534  -0.003168  -0.003371  -0.002227  -0.620101  -0.214639  0.122192  2.000000  
69.531597 0.001832  0.084883  -0.008974  0.998368  0.054702  0.016390  -0.027549  0.209962  0.977321  0.050020  -0.976178  0.211126  -0.003130  -0.003374  -0.002199  -0.608410  -0.208759  0.116602  2.000000  
69.532901 0.001828  0.084879  -0.008977  0.998363  0.054755  0.016558  -0.027754  0.210543  0.977191  0.050020  -0.976050  0.211718  -0.003087  -0.003337  -0.002171  -0.599518  -0.202461  0.110751  2.000000  
69.534109 0.001824  0.084875  -0.008979  0.998350  0.054939  0.016698  -0.027960  0.211121  0.977060  0.050153  -0.975915  0.212309  -0.003065  -0.003323  -0.002158  -0.592481  -0.195887  0.109639  2.000000  
69.535344 0.001821  0.084871  -0.008982  0.998344  0.054991  0.016872  -0.028165  0.211584  0.976954  0.050153  -0.975812  0.212782  -0.003035  -0.003301  -0.002141  -0.580848  -0.196937  0.105480  2.000000  
69.536344 0.001817  0.084867  -0.008984  0.998338  0.055042  0.017047  -0.028371  0.212046  0.976848  0.050153  -0.975708  0.213255  -0.003096  -0.003317  -0.002129  -0.577413  -0.191138  0.099821  2.000000  
69.537594 0.001813  0.084863  -0.008987  0.998326  0.055225  0.017192  -0.028576  0.212505  0.976742  0.050287  -0.975598  0.213727  -0.003075  -0.003300  -0.002171  -0.563990  -0.188399  0.103380  2.000000  
69.538845 0.001809  0.084859  -0.008989  0.998320  0.055277  0.017367  -0.028782  0.212968  0.976635  0.050287  -0.975494  0.214201  -0.003078  -0.003242  -0.002130  -0.552313  -0.182584  0.097750  2.000000  
69.539849 0.001805  0.084855  -0.008992  0.998314  0.055330  0.017541  -0.028987  0.213430  0.976528  0.050287  -0.975390  0.214674  -0.003050  -0.003249  -0.002161  -0.540449  -0.184916  0.094273  2.000000  
69.540856 0.001802  0.084852  -0.008994  0.998307  0.055466  0.017492  -0.028987  0.213782  0.976451  0.050421  -0.975306  0.215027  -0.003080  -0.003195  -0.002148  -0.532370  -0.178027  0.092887  2.000000  
69.542097 0.001798  0.084849  -0.008996  0.998301  0.055519  0.017666  -0.029192  0.214244  0.976344  0.050421  -0.975201  0.215501  -0.003086  -0.003168  -0.002158  -0.516693  -0.171295  0.091628  2.000000  
69.543098 0.001794  0.084846  -0.008999  0.998295  0.055572  0.017840  -0.029398  0.214706  0.976236  0.050421  -0.975096  0.215974  -0.003137  -0.003161  -0.002151  -0.508555  -0.172188  0.087338  2.000000  
69.544351 0.001791  0.084842  -0.009001  0.998282  0.055755  0.017985  -0.029603  0.215164  0.976129  0.050554  -0.974985  0.216445  -0.003136  -0.003160  -0.002150  -0.500364  -0.169806  0.091084  2.000000  
69.545597 0.001787  0.084839  -0.009004  0.998282  0.055762  0.017965  -0.029603  0.215520  0.976051  0.050554  -0.974906  0.216800  -0.003190  -0.003155  -0.002145  -0.484625  -0.158521  0.084622  2.000000  
69.546847 0.001783  0.084835  -0.009007  0.998276  0.055815  0.018139  -0.029809  0.215982  0.975942  0.050554  -0.974801  0.217273  -0.003197  -0.003129  -0.002155  -0.476565  -0.159451  0.080340  2.000000  
69.548094 0.001779  0.084831  -0.009009  0.998263  0.055998  0.018283  -0.030014  0.216440  0.975835  0.050688  -0.974689  0.217745  -0.003243  -0.003182  -0.002134  -0.468318  -0.159377  0.080425  2.000000  
69.549342 0.001774  0.084827  -0.009012  0.998263  0.056005  0.018263  -0.030014  0.216795  0.975756  0.050688  -0.974609  0.218099  -0.003300  -0.003167  -0.002128  -0.452729  -0.151341  0.078408  2.000000  
69.550351 0.001770  0.084824  -0.009014  0.998257  0.056056  0.018444  -0.030220  0.217138  0.975673  0.050688  -0.974530  0.218454  -0.003339  -0.003161  -0.002116  -0.440010  -0.153448  0.074729  2.000000  
69.551356 0.001767  0.084820  -0.009015  0.998251  0.056108  0.018624  -0.030425  0.217482  0.975590  0.050688  -0.974450  0.218809  -0.003351  -0.003156  -0.002080  -0.436511  -0.152201  0.074190  2.000000  
69.552589 0.001762  0.084816  -0.009018  0.998251  0.056115  0.018604  -0.030425  0.217837  0.975511  0.050688  -0.974371  0.219163  -0.003383  -0.003125  -0.002061  -0.425105  -0.138779  0.071358  2.000000  
69.553593 0.001758  0.084813  -0.009020  0.998238  0.056294  0.018761  -0.030630  0.218058  0.975455  0.050822  -0.974311  0.219398  -0.003452  -0.003147  -0.002109  -0.412978  -0.138756  0.071421  2.000000  
69.554841 0.001753  0.084808  -0.009023  0.998238  0.056301  0.018741  -0.030630  0.218413  0.975376  0.050822  -0.974231  0.219752  -0.003467  -0.003143  -0.002075  -0.401159  -0.132011  0.070024  2.000000  
69.555842 0.001749  0.084805  -0.009025  0.998232  0.056351  0.018928  -0.030836  0.218638  0.975319  0.050822  -0.974178  0.219989  -0.003508  -0.003144  -0.002105  -0.393078  -0.132946  0.065718  2.000000  
69.556847 0.001746  0.084802  -0.009027  0.998232  0.056355  0.018914  -0.030836  0.218874  0.975266  0.050822  -0.974124  0.220225  -0.003486  -0.003112  -0.002049  -0.380313  -0.127245  0.064832  2.000000  
69.558093 0.001741  0.084799  -0.009029  0.998218  0.056538  0.019065  -0.031041  0.219214  0.975183  0.050955  -0.974037  0.220578  -0.003538  -0.003107  -0.002044  -0.373154  -0.126181  0.064357  2.000000  
69.559346 0.001737  0.084795  -0.009032  0.998212  0.056587  0.019252  -0.031247  0.219439  0.975126  0.050955  -0.973984  0.220814  -0.003622  -0.003125  -0.002057  -0.361017  -0.126151  0.064409  2.000000  
69.560346 0.001733  0.084793  -0.009034  0.998212  0.056592  0.019238  -0.031247  0.219675  0.975073  0.050955  -0.973930  0.221051  -0.003629  -0.003099  -0.002067  -0.353413  -0.120448  0.058644  2.000000  
69.561356 0.001729  0.084790  -0.009036  0.998212  0.056597  0.019225  -0.031247  0.219912  0.975019  0.050955  -0.973877  0.221287  -0.003682  -0.003095  -0.002062  -0.345548  -0.113693  0.057183  2.000000  
69.562357 0.001725  0.084787  -0.009038  0.998199  0.056775  0.019389  -0.031452  0.220014  0.974990  0.051089  -0.973843  0.221404  -0.003728  -0.003088  -0.002050  -0.331936  -0.113584  0.062059  2.000000  
69.563592 0.001721  0.084784  -0.009040  0.998199  0.056782  0.019368  -0.031452  0.220369  0.974909  0.051089  -0.973762  0.221758  -0.003752  -0.003058  -0.002031  -0.325690  -0.106966  0.055789  2.000000  
69.564592 0.001717  0.084780  -0.009042  0.998192  0.056829  0.019562  -0.031657  0.220476  0.974879  0.051089  -0.973736  0.221876  -0.003772  -0.003027  -0.002006  -0.313528  -0.106938  0.055816  2.000000  
