1-Time 2-Px 3-Py 4-Pz 5-R11 6-R21 7-R31 8-R12 9-R22 10-R32 11-R13 12-R23 13-R33 14-Vx 15-Vy 16-Vz 17-Wx 18-Wy 19-Wz 20-state 21-PR11 22-PR21 23-PR31 24-PR12 25-PR22 26-PR32 27-PR13 28-PR23 29-PR33 
30.278458 -0.003165  0.085599  -0.003818  0.987927  0.152413  -0.027766  -0.151889  0.988193  0.020099  0.030501  -0.015639  0.999412  -0.000385  0.001083  -0.000446  0.000000  0.000000  0.000000  2.000000  
30.279464 -0.003165  0.085600  -0.003819  0.987896  0.152616  -0.027762  -0.152092  0.988162  0.020105  0.030501  -0.015639  0.999412  -0.000386  0.001078  -0.000443  0.000000  0.000000  0.000000  2.000000  
30.280717 -0.003169  0.085598  -0.003821  0.987770  0.153430  -0.027745  -0.152906  0.988036  0.020128  0.030501  -0.015639  0.999412  -0.000580  0.000820  -0.000531  0.000000  0.000000  0.000000  2.000000  
30.281968 -0.003172  0.085594  -0.003823  0.987644  0.154243  -0.027729  -0.153719  0.987909  0.020151  0.030501  -0.015639  0.999412  -0.000818  0.000445  -0.000625  0.000000  0.000000  0.000000  2.000000  
30.282969 -0.003175  0.085590  -0.003824  0.987549  0.154857  -0.027697  -0.154329  0.987811  0.020288  0.030501  -0.015761  0.999410  -0.000995  0.000118  -0.000682  0.000000  0.000000  0.000000  2.000000  
30.284217 -0.003179  0.085585  -0.003826  0.987485  0.155267  -0.027670  -0.154736  0.987745  0.020419  0.030501  -0.015882  0.999409  -0.001195  -0.000279  -0.000785  0.000000  0.000000  0.000000  2.000000  
30.285222 -0.003183  0.085582  -0.003827  0.987349  0.156084  -0.027917  -0.155547  0.987616  0.020483  0.030769  -0.015882  0.999400  -0.001400  -0.000570  -0.000787  0.000000  0.000000  0.000000  2.000000  
30.286230 -0.003187  0.085578  -0.003827  0.987213  0.156902  -0.028165  -0.156359  0.987487  0.020548  0.031036  -0.015882  0.999392  -0.001669  -0.000916  -0.000778  0.000000  0.000000  0.000000  2.000000  
30.287467 -0.003192  0.085574  -0.003828  0.986978  0.158332  -0.028380  -0.157780  0.987256  0.020751  0.031304  -0.016003  0.999382  -0.001981  -0.001301  -0.000794  0.018454  0.014808  0.200783  2.000000  
30.288717 -0.003197  0.085569  -0.003830  0.986778  0.159557  -0.028467  -0.158999  0.987057  0.020927  0.031438  -0.016124  0.999376  -0.002319  -0.001723  -0.000954  0.023836  0.018633  0.242345  2.000000  
30.289969 -0.003203  0.085565  -0.003834  0.986581  0.160776  -0.028441  -0.160217  0.986859  0.020962  0.031438  -0.016124  0.999376  -0.002686  -0.002126  -0.001186  0.025126  0.017973  0.283827  2.000000  
30.291218 -0.003209  0.085561  -0.003837  0.986345  0.162201  -0.028543  -0.161638  0.986626  0.021024  0.031571  -0.016124  0.999371  -0.003055  -0.002474  -0.001345  0.026655  0.021700  0.332293  2.000000  
30.292218 -0.003213  0.085558  -0.003838  0.986178  0.163216  -0.028521  -0.162654  0.986459  0.021054  0.031571  -0.016124  0.999371  -0.003325  -0.002718  -0.001365  0.027731  0.021149  0.366836  2.000000  
30.293468 -0.003220  0.085553  -0.003840  0.985943  0.164637  -0.028491  -0.164075  0.986222  0.021095  0.031571  -0.016124  0.999371  -0.003717  -0.003179  -0.001469  0.029242  0.020381  0.415251  2.000000  
30.294716 -0.003228  0.085544  -0.003844  0.985667  0.166264  -0.028588  -0.165697  0.985950  0.021164  0.031705  -0.016124  0.999367  -0.004168  -0.003742  -0.001683  0.030969  0.028495  0.470742  2.000000  
30.295718 -0.003234  0.085537  -0.003847  0.985492  0.167281  -0.028698  -0.166711  0.985777  0.021216  0.031839  -0.016124  0.999363  -0.004375  -0.004092  -0.001758  0.032082  0.032442  0.505400  2.000000  
30.296964 -0.003242  0.085527  -0.003849  0.985246  0.168700  -0.028820  -0.168131  0.985538  0.021160  0.031972  -0.016002  0.999361  -0.004640  -0.004427  -0.001763  0.029560  0.036208  0.553959  2.000000  
30.298225 -0.003249  0.085517  -0.003849  0.985003  0.170120  -0.028789  -0.169550  0.985293  0.021201  0.031972  -0.016002  0.999361  -0.004902  -0.004830  -0.001679  0.031061  0.035424  0.602063  2.000000  
30.299227 -0.003255  0.085507  -0.003851  0.984828  0.171134  -0.028767  -0.170564  0.985118  0.021231  0.031972  -0.016002  0.999361  -0.005057  -0.005250  -0.001694  0.032139  0.034872  0.636540  2.000000  
30.300464 -0.003260  0.085493  -0.003852  0.984545  0.172756  -0.028732  -0.172186  0.984835  0.021278  0.031972  -0.016002  0.999361  -0.005101  -0.005820  -0.001730  0.033895  0.034020  0.692313  2.000000  
30.301472 -0.003264  0.085482  -0.003854  0.984368  0.173770  -0.028710  -0.173199  0.984656  0.021308  0.031972  -0.016002  0.999361  -0.005099  -0.006407  -0.001830  0.034960  0.033456  0.726532  2.000000  
30.302716 -0.003269  0.085469  -0.003856  0.984153  0.174986  -0.028684  -0.174415  0.984441  0.021343  0.031972  -0.016002  0.999361  -0.005036  -0.006986  -0.001859  0.036264  0.032803  0.768095  2.000000  
30.303716 -0.003272  0.085457  -0.003858  0.984009  0.175793  -0.028688  -0.175225  0.984299  0.021248  0.031972  -0.015881  0.999363  -0.004970  -0.007482  -0.001855  0.033057  0.032416  0.795818  2.000000  
30.304720 -0.003275  0.085445  -0.003861  0.983864  0.176603  -0.028670  -0.176036  0.984154  0.021271  0.031972  -0.015881  0.999363  -0.004878  -0.008112  -0.001795  0.033865  0.036472  0.823467  2.000000  
30.305969 -0.003279  0.085429  -0.003863  0.983687  0.177611  -0.028538  -0.177049  0.983975  0.021158  0.031839  -0.015760  0.999369  -0.004776  -0.008951  -0.001766  0.030815  0.031486  0.858032  2.000000  
30.307219 -0.003283  0.085413  -0.003866  0.983467  0.178823  -0.028534  -0.178264  0.983757  0.021074  0.031839  -0.015639  0.999371  -0.004640  -0.009778  -0.001844  0.028027  0.030883  0.899335  2.000000  
30.308466 -0.003288  0.085396  -0.003868  0.983288  0.179826  -0.028424  -0.179277  0.983578  0.020840  0.031705  -0.015396  0.999379  -0.004538  -0.010445  -0.001843  0.020901  0.025970  0.934184  2.000000  
30.309468 -0.003294  0.085382  -0.003870  0.983181  0.180428  -0.028302  -0.179885  0.983470  0.020715  0.031571  -0.015275  0.999385  -0.004456  -0.010998  -0.001741  0.017190  0.021315  0.947862  2.000000  
30.310712 -0.003300  0.085365  -0.003872  0.983078  0.181025  -0.028070  -0.180494  0.983364  0.020445  0.031304  -0.015033  0.999397  -0.004391  -0.011424  -0.001651  0.008627  0.012444  0.933277  2.000000  
30.311712 -0.003306  0.085351  -0.003872  0.983008  0.181421  -0.027974  -0.180899  0.983294  0.020194  0.031170  -0.014791  0.999405  -0.004370  -0.011882  -0.001561  0.000055  0.008376  0.927272  2.000000  
30.312714 -0.003312  0.085337  -0.003873  0.982904  0.182021  -0.027720  -0.181508  0.983185  0.020044  0.030903  -0.014669  0.999415  -0.004370  -0.012372  -0.001587  -0.008224  -0.000619  0.927101  2.000000  
30.313962 -0.003321  0.085319  -0.003873  0.982762  0.182820  -0.027485  -0.182319  0.983041  0.019779  0.030635  -0.014427  0.999427  -0.004496  -0.012738  -0.001528  -0.015944  -0.009628  0.932810  2.000000  
30.314964 -0.003328  0.085303  -0.003874  0.982653  0.183419  -0.027386  -0.182926  0.982933  0.019533  0.030501  -0.014185  0.999434  -0.004647  -0.013066  -0.001495  -0.028079  -0.018493  0.932866  2.000000  
30.315966 -0.003336  0.085288  -0.003876  0.982620  0.183612  -0.027295  -0.183129  0.982900  0.019276  0.030368  -0.013942  0.999442  -0.004913  -0.013323  -0.001532  -0.036731  -0.031450  0.911990  2.000000  
30.316967 -0.003344  0.085273  -0.003878  0.982586  0.183810  -0.027182  -0.183332  0.982865  0.019138  0.030234  -0.013821  0.999447  -0.005222  -0.013575  -0.001537  -0.045598  -0.044418  0.884329  2.000000  
30.317983 -0.003354  0.085258  -0.003879  0.982514  0.184206  -0.027087  -0.183738  0.982794  0.018886  0.030100  -0.013579  0.999455  -0.005671  -0.013888  -0.001516  -0.054958  -0.053241  0.863520  2.000000  
30.319230 -0.003366  0.085239  -0.003880  0.982405  0.184805  -0.026989  -0.184345  0.982685  0.018640  0.029966  -0.013336  0.999462  -0.006166  -0.014164  -0.001394  -0.067286  -0.061384  0.836009  2.000000  
30.320468 -0.003378  0.085218  -0.003883  0.982333  0.185201  -0.026895  -0.184750  0.982613  0.018388  0.029833  -0.013094  0.999469  -0.006717  -0.014510  -0.001343  -0.077064  -0.070282  0.808281  2.000000  
30.321721 -0.003391  0.085197  -0.003886  0.982302  0.185393  -0.026673  -0.184954  0.982580  0.018105  0.029565  -0.012852  0.999480  -0.007391  -0.014871  -0.001428  -0.086587  -0.078568  0.766594  2.000000  
30.322966 -0.003406  0.085175  -0.003890  0.982234  0.185785  -0.026471  -0.185360  0.982511  0.017709  0.029298  -0.012488  0.999493  -0.008046  -0.015218  -0.001560  -0.099973  -0.086927  0.731914  2.000000  
30.323967 -0.003420  0.085156  -0.003894  0.982203  0.185977  -0.026249  -0.185564  0.982478  0.017427  0.029030  -0.012246  0.999504  -0.008718  -0.015604  -0.001708  -0.109224  -0.099835  0.697147  2.000000  
30.325218 -0.003438  0.085132  -0.003900  0.982096  0.186571  -0.026044  -0.186172  0.982370  0.017035  0.028763  -0.011882  0.999516  -0.009430  -0.016013  -0.001986  -0.122331  -0.112802  0.669273  2.000000  
30.326223 -0.003451  0.085114  -0.003906  0.982062  0.186763  -0.025977  -0.186375  0.982338  0.016658  0.028629  -0.011518  0.999524  -0.009893  -0.016293  -0.002212  -0.131371  -0.116760  0.641609  2.000000  
30.327462 -0.003469  0.085091  -0.003913  0.982027  0.186954  -0.025910  -0.186577  0.982305  0.016281  0.028495  -0.011155  0.999532  -0.010556  -0.016668  -0.002677  -0.143267  -0.124245  0.608875  2.000000  
30.328465 -0.003483  0.085073  -0.003918  0.981992  0.187145  -0.025843  -0.186780  0.982273  0.015904  0.028362  -0.010791  0.999539  -0.011145  -0.016920  -0.003050  -0.158211  -0.129030  0.565555  2.000000  
30.329717 -0.003503  0.085050  -0.003927  0.981923  0.187538  -0.025642  -0.187186  0.982202  0.015507  0.028094  -0.010427  0.999551  -0.011841  -0.017204  -0.003563  -0.169704  -0.136490  0.540130  2.000000  
30.330962 -0.003522  0.085027  -0.003936  0.981888  0.187729  -0.025576  -0.187389  0.982169  0.015130  0.027960  -0.010064  0.999558  -0.012384  -0.017434  -0.003994  -0.183384  -0.140283  0.492287  2.000000  
30.331964 -0.003538  0.085008  -0.003944  0.981818  0.188125  -0.025353  -0.187795  0.982096  0.014852  0.027693  -0.009821  0.999568  -0.012877  -0.017692  -0.004398  -0.192097  -0.148835  0.471464  2.000000  
30.332967 -0.003554  0.084990  -0.003951  0.981783  0.188320  -0.025264  -0.187997  0.982061  0.014594  0.027559  -0.009579  0.999574  -0.013359  -0.017921  -0.004799  -0.200830  -0.152976  0.450850  2.000000  
30.333970 -0.003570  0.084971  -0.003958  0.981748  0.188514  -0.025175  -0.188200  0.982026  0.014336  0.027425  -0.009336  0.999580  -0.013860  -0.018135  -0.005248  -0.205743  -0.157268  0.430719  2.000000  
30.335224 -0.003591  0.084948  -0.003967  0.981716  0.188705  -0.024978  -0.188404  0.981993  0.013933  0.027158  -0.008973  0.999591  -0.014414  -0.018261  -0.005734  -0.218521  -0.161119  0.402739  2.000000  
30.336472 -0.003612  0.084925  -0.003977  0.981681  0.188897  -0.024913  -0.188606  0.981959  0.013556  0.027024  -0.008609  0.999598  -0.014951  -0.018412  -0.006199  -0.229710  -0.166329  0.364527  2.000000  
30.337719 -0.003633  0.084902  -0.003988  0.981646  0.189089  -0.024848  -0.188809  0.981925  0.013178  0.026890  -0.008245  0.999604  -0.015301  -0.018483  -0.006594  -0.234681  -0.165913  0.336967  2.000000  
30.338723 -0.003651  0.084882  -0.003998  0.981610  0.189284  -0.024759  -0.189012  0.981890  0.012920  0.026757  -0.008003  0.999610  -0.015640  -0.018546  -0.007003  -0.239167  -0.165663  0.323112  2.000000  
30.339967 -0.003672  0.084858  -0.004010  0.981578  0.189475  -0.024563  -0.189215  0.981856  0.012517  0.026489  -0.007639  0.999620  -0.015909  -0.018594  -0.007415  -0.241756  -0.168541  0.306804  2.000000  
30.341219 -0.003693  0.084834  -0.004022  0.981546  0.189666  -0.024367  -0.189419  0.981822  0.012114  0.026222  -0.007275  0.999630  -0.016121  -0.018625  -0.007789  -0.246290  -0.168306  0.293155  2.000000  
30.342221 -0.003710  0.084815  -0.004032  0.981511  0.189862  -0.024279  -0.189622  0.981786  0.011856  0.026088  -0.007033  0.999635  -0.016323  -0.018657  -0.008108  -0.248920  -0.164865  0.274856  2.000000  
30.343467 -0.003729  0.084793  -0.004045  0.981478  0.190053  -0.024083  -0.189825  0.981751  0.011453  0.025820  -0.006669  0.999644  -0.016445  -0.018667  -0.008459  -0.253652  -0.169067  0.254126  2.000000  
30.344718 -0.003748  0.084770  -0.004057  0.981404  0.190448  -0.024016  -0.190230  0.981677  0.011080  0.025687  -0.006305  0.999650  -0.016374  -0.018636  -0.008669  -0.257988  -0.164432  0.247322  2.000000  
30.345722 -0.003763  0.084753  -0.004066  0.981368  0.190640  -0.023952  -0.190432  0.981642  0.010702  0.025553  -0.005942  0.999656  -0.016301  -0.018548  -0.008805  -0.262080  -0.164346  0.247356  2.000000  
30.346965 -0.003781  0.084731  -0.004078  0.981332  0.190836  -0.023865  -0.190635  0.981605  0.010444  0.025419  -0.005699  0.999661  -0.016215  -0.018513  -0.009005  -0.264042  -0.162975  0.245391  2.000000  
30.348219 -0.003799  0.084709  -0.004090  0.981299  0.191028  -0.023670  -0.190838  0.981570  0.010040  0.025151  -0.005335  0.999669  -0.016085  -0.018428  -0.009118  -0.268566  -0.167263  0.231724  2.000000  
30.349227 -0.003814  0.084691  -0.004098  0.981263  0.191224  -0.023583  -0.191041  0.981533  0.009781  0.025018  -0.005093  0.999674  -0.015957  -0.018390  -0.009261  -0.268738  -0.167114  0.224864  2.000000  
30.350467 -0.003831  0.084669  -0.004109  0.981227  0.191419  -0.023496  -0.191244  0.981496  0.009523  0.024884  -0.004850  0.999679  -0.015739  -0.018347  -0.009334  -0.268936  -0.166985  0.218029  2.000000  
30.351471 -0.003845  0.084651  -0.004117  0.981194  0.191614  -0.023278  -0.191447  0.981459  0.009238  0.024616  -0.004608  0.999686  -0.015547  -0.018287  -0.009322  -0.271239  -0.168325  0.219890  2.000000  
30.352717 -0.003862  0.084629  -0.004126  0.981158  0.191810  -0.023191  -0.191650  0.981422  0.008979  0.024483  -0.004365  0.999691  -0.015262  -0.018178  -0.009207  -0.265006  -0.162413  0.218169  2.000000  
30.353718 -0.003876  0.084612  -0.004134  0.981125  0.192006  -0.022973  -0.191853  0.981385  0.008695  0.024215  -0.004123  0.999698  -0.015016  -0.018017  -0.009052  -0.265259  -0.162311  0.211359  2.000000  
30.354966 -0.003893  0.084591  -0.004142  0.981089  0.192201  -0.022887  -0.192055  0.981348  0.008435  0.024081  -0.003880  0.999702  -0.014684  -0.017774  -0.008805  -0.261400  -0.162177  0.204529  2.000000  
30.355970 -0.003905  0.084575  -0.004148  0.981095  0.192198  -0.022648  -0.192057  0.981349  0.008265  0.023814  -0.003759  0.999709  -0.014392  -0.017567  -0.008525  -0.255884  -0.163399  0.192471  2.000000  
30.357223 -0.003921  0.084556  -0.004156  0.981019  0.192596  -0.022560  -0.192461  0.981272  0.008011  0.023680  -0.003517  0.999713  -0.014041  -0.017309  -0.008180  -0.251537  -0.163317  0.199348  2.000000  
30.358224 -0.003933  0.084540  -0.004162  0.980982  0.192792  -0.022474  -0.192664  0.981234  0.007751  0.023546  -0.003274  0.999717  -0.013778  -0.017135  -0.007928  -0.247497  -0.163262  0.199405  2.000000  
30.359231 -0.003944  0.084525  -0.004168  0.980988  0.192788  -0.022235  -0.192665  0.981235  0.007581  0.023279  -0.003153  0.999724  -0.013531  -0.016900  -0.007660  -0.243579  -0.167632  0.192442  2.000000  
30.360465 -0.003959  0.084507  -0.004174  0.980952  0.192985  -0.022149  -0.192868  0.981197  0.007322  0.023145  -0.002910  0.999728  -0.013303  -0.016690  -0.007313  -0.239848  -0.163121  0.185709  2.000000  
30.361715 -0.003973  0.084489  -0.004181  0.980918  0.193183  -0.021908  -0.193071  0.981159  0.007155  0.022878  -0.002789  0.999734  -0.013040  -0.016413  -0.007025  -0.233854  -0.166196  0.184172  2.000000  
30.362962 -0.003987  0.084471  -0.004188  0.980844  0.193581  -0.021690  -0.193476  0.981081  0.006875  0.022610  -0.002547  0.999741  -0.012727  -0.016136  -0.006647  -0.229894  -0.166164  0.184250  2.000000  
30.364218 -0.004001  0.084452  -0.004195  0.980808  0.193780  -0.021580  -0.193678  0.981042  0.006734  0.022476  -0.002425  0.999744  -0.012522  -0.015949  -0.006430  -0.219579  -0.162968  0.185833  2.000000  
30.365467 -0.004017  0.084432  -0.004202  0.980774  0.193979  -0.021340  -0.193881  0.981003  0.006568  0.022209  -0.002304  0.999751  -0.012348  -0.015770  -0.006129  -0.213894  -0.166153  0.184420  2.000000  
30.366468 -0.004029  0.084416  -0.004207  0.980739  0.194178  -0.021100  -0.194084  0.980964  0.006401  0.021941  -0.002183  0.999757  -0.012276  -0.015655  -0.006004  -0.209783  -0.170499  0.184337  2.000000  
30.367727 -0.004045  0.084396  -0.004214  0.980702  0.194377  -0.020991  -0.194287  0.980925  0.006261  0.021807  -0.002062  0.999760  -0.012149  -0.015464  -0.005782  -0.199224  -0.171777  0.185832  2.000000  
30.368967 -0.004061  0.084377  -0.004220  0.980628  0.194780  -0.020726  -0.194692  0.980845  0.006217  0.021540  -0.002062  0.999766  -0.012080  -0.015403  -0.005609  -0.191123  -0.171939  0.192938  2.000000  
30.369967 -0.004073  0.084361  -0.004225  0.980591  0.194979  -0.020617  -0.194894  0.980805  0.006076  0.021406  -0.001940  0.999769  -0.012024  -0.015339  -0.005534  -0.185431  -0.170398  0.191279  2.000000  
30.370969 -0.004086  0.084345  -0.004230  0.980553  0.195181  -0.020485  -0.195097  0.980765  0.006055  0.021272  -0.001940  0.999772  -0.012006  -0.015321  -0.005434  -0.174791  -0.167292  0.192933  2.000000  
30.372219 -0.004102  0.084326  -0.004237  0.980519  0.195382  -0.020221  -0.195300  0.980725  0.006006  0.021005  -0.001940  0.999777  -0.012104  -0.015334  -0.005416  -0.165302  -0.170350  0.191344  2.000000  
30.373221 -0.004115  0.084311  -0.004243  0.980481  0.195582  -0.020112  -0.195502  0.980686  0.005866  0.020871  -0.001819  0.999781  -0.012174  -0.015299  -0.005390  -0.158544  -0.167204  0.192976  2.000000  
30.374225 -0.004129  0.084295  -0.004249  0.980444  0.195783  -0.019980  -0.195704  0.980646  0.005844  0.020737  -0.001819  0.999783  -0.012318  -0.015362  -0.005440  -0.146313  -0.167138  0.192971  2.000000  
30.375467 -0.004146  0.084276  -0.004257  0.980366  0.196187  -0.019846  -0.196109  0.980565  0.005825  0.020604  -0.001819  0.999786  -0.012499  -0.015439  -0.005510  -0.134175  -0.167183  0.193094  2.000000  
30.376713 -0.004164  0.084256  -0.004265  0.980328  0.196388  -0.019714  -0.196311  0.980525  0.005803  0.020470  -0.001819  0.999789  -0.012735  -0.015520  -0.005630  -0.124991  -0.165762  0.191500  2.000000  
30.377969 -0.004182  0.084236  -0.004274  0.980290  0.196590  -0.019582  -0.196513  0.980484  0.005781  0.020336  -0.001819  0.999792  -0.013041  -0.015649  -0.005738  -0.113829  -0.162595  0.193125  2.000000  
30.379228 -0.004201  0.084216  -0.004282  0.980212  0.196991  -0.019472  -0.196917  0.980404  0.005644  0.020202  -0.001698  0.999794  -0.013324  -0.015735  -0.005844  -0.109567  -0.162504  0.199975  2.000000  
30.380464 -0.004222  0.084194  -0.004292  0.980174  0.197193  -0.019340  -0.197120  0.980363  0.005622  0.020068  -0.001698  0.999797  -0.013674  -0.015840  -0.006006  -0.100660  -0.161224  0.198451  2.000000  
30.381467 -0.004238  0.084177  -0.004299  0.980177  0.197192  -0.019209  -0.197120  0.980363  0.005595  0.019935  -0.001698  0.999800  -0.013948  -0.015941  -0.006146  -0.092772  -0.156728  0.191636  2.000000  
30.382715 -0.004260  0.084155  -0.004310  0.980098  0.197596  -0.019075  -0.197524  0.980282  0.005577  0.019801  -0.001698  0.999803  -0.014302  -0.016132  -0.006410  -0.084549  -0.156709  0.198496  2.000000  
30.383962 -0.004281  0.084132  -0.004320  0.980057  0.197800  -0.019050  -0.197726  0.980241  0.005699  0.019801  -0.001819  0.999802  -0.014724  -0.016297  -0.006690  -0.072449  -0.147785  0.198544  2.000000  
30.384969 -0.004299  0.084114  -0.004329  0.980060  0.197800  -0.018919  -0.197727  0.980241  0.005673  0.019667  -0.001819  0.999805  -0.015119  -0.016494  -0.006977  -0.065086  -0.144467  0.193301  2.000000  
30.386229 -0.004322  0.084091  -0.004340  0.980019  0.198002  -0.018918  -0.197928  0.980200  0.005677  0.019667  -0.001819  0.999805  -0.015524  -0.016685  -0.007281  -0.056926  -0.139901  0.193269  2.000000  
30.387466 -0.004344  0.084069  -0.004352  0.979978  0.198206  -0.018892  -0.198130  0.980159  0.005800  0.019667  -0.001940  0.999805  -0.015951  -0.016897  -0.007603  -0.044356  -0.134317  0.191753  2.000000  
30.388466 -0.004363  0.084051  -0.004361  0.979978  0.198206  -0.018892  -0.198130  0.980159  0.005800  0.019667  -0.001940  0.999805  -0.016333  -0.017108  -0.007789  -0.036752  -0.126418  0.186498  2.000000  
30.389468 -0.004382  0.084032  -0.004370  0.979938  0.198407  -0.018891  -0.198332  0.980118  0.005804  0.019667  -0.001940  0.999805  -0.016685  -0.017304  -0.008007  -0.032683  -0.121895  0.186495  2.000000  
30.390716 -0.004405  0.084009  -0.004383  0.979938  0.198410  -0.018867  -0.198332  0.980117  0.005922  0.019667  -0.002062  0.999804  -0.017058  -0.017553  -0.008276  -0.024701  -0.112883  0.179600  2.000000  
30.391719 -0.004425  0.083989  -0.004392  0.979899  0.198611  -0.018735  -0.198534  0.980076  0.005900  0.019533  -0.002062  0.999807  -0.017507  -0.017806  -0.008503  -0.016570  -0.112857  0.179608  2.000000  
30.392964 -0.004450  0.083966  -0.004404  0.979899  0.198611  -0.018735  -0.198534  0.980076  0.005900  0.019533  -0.002062  0.999807  -0.017874  -0.018027  -0.008689  -0.012665  -0.103850  0.172742  2.000000  
30.393964 -0.004470  0.083947  -0.004414  0.979899  0.198611  -0.018735  -0.198534  0.980076  0.005900  0.019533  -0.002062  0.999807  -0.018248  -0.018242  -0.008908  0.000000  0.000000  0.000000  2.000000  
30.395214 -0.004495  0.083923  -0.004425  0.979899  0.198611  -0.018735  -0.198534  0.980076  0.005900  0.019533  -0.002062  0.999807  -0.018517  -0.018386  -0.009039  0.000000  0.000000  0.000000  2.000000  
30.396217 -0.004515  0.083903  -0.004436  0.979899  0.198611  -0.018735  -0.198534  0.980076  0.005900  0.019533  -0.002062  0.999807  -0.018777  -0.018554  -0.009226  0.000000  0.000000  0.000000  2.000000  
30.397467 -0.004540  0.083879  -0.004448  0.979899  0.198613  -0.018711  -0.198534  0.980075  0.006019  0.019533  -0.002183  0.999807  -0.019041  -0.018654  -0.009397  0.000000  0.000000  0.000000  2.000000  
30.398472 -0.004561  0.083860  -0.004458  0.979899  0.198613  -0.018711  -0.198534  0.980075  0.006019  0.019533  -0.002183  0.999807  -0.019226  -0.018751  -0.009509  0.000000  0.000000  0.000000  2.000000  
30.399721 -0.004586  0.083836  -0.004471  0.979899  0.198613  -0.018711  -0.198534  0.980075  0.006019  0.019533  -0.002183  0.999807  -0.019412  -0.018831  -0.009633  0.000000  0.000000  0.000000  2.000000  
30.400721 -0.004606  0.083817  -0.004481  0.979899  0.198613  -0.018711  -0.198534  0.980075  0.006019  0.019533  -0.002183  0.999807  -0.019583  -0.018871  -0.009697  0.000000  0.000000  0.000000  2.000000  
30.401722 -0.004626  0.083799  -0.004490  0.979940  0.198414  -0.018688  -0.198333  0.980116  0.006134  0.019533  -0.002304  0.999807  -0.019698  -0.018906  -0.009727  0.000000  0.000000  0.000000  2.000000  
30.402969 -0.004650  0.083776  -0.004502  0.979940  0.198414  -0.018688  -0.198333  0.980116  0.006134  0.019533  -0.002304  0.999807  -0.019735  -0.018904  -0.009759  0.000000  0.000000  0.000000  2.000000  
30.403969 -0.004669  0.083758  -0.004512  0.979940  0.198414  -0.018688  -0.198333  0.980116  0.006134  0.019533  -0.002304  0.999807  -0.019841  -0.018929  -0.009774  0.000000  0.000000  0.000000  2.000000  
30.404971 -0.004689  0.083739  -0.004521  0.979940  0.198414  -0.018688  -0.198333  0.980116  0.006134  0.019533  -0.002304  0.999807  -0.019861  -0.018876  -0.009710  0.000000  0.000000  0.000000  2.000000  
30.406227 -0.004713  0.083717  -0.004533  0.979943  0.198416  -0.018533  -0.198333  0.980115  0.006226  0.019400  -0.002425  0.999809  -0.019818  -0.018803  -0.009689  0.000000  0.000000  0.000000  2.000000  
30.407470 -0.004737  0.083694  -0.004545  0.979983  0.198214  -0.018534  -0.198131  0.980156  0.006222  0.019400  -0.002425  0.999809  -0.019776  -0.018766  -0.009746  0.000000  0.000000  0.000000  2.000000  
30.408718 -0.004760  0.083672  -0.004557  0.979983  0.198214  -0.018534  -0.198131  0.980156  0.006222  0.019400  -0.002425  0.999809  -0.019695  -0.018643  -0.009708  0.000000  0.000000  0.000000  2.000000  
30.409722 -0.004779  0.083654  -0.004566  0.979983  0.198214  -0.018534  -0.198131  0.980156  0.006222  0.019400  -0.002425  0.999809  -0.019620  -0.018566  -0.009709  0.000000  0.000000  0.000000  2.000000  
30.410967 -0.004803  0.083632  -0.004578  0.979986  0.198214  -0.018403  -0.198132  0.980156  0.006196  0.019266  -0.002425  0.999811  -0.019492  -0.018383  -0.009650  0.000000  0.000000  0.000000  2.000000  
30.412217 -0.004826  0.083611  -0.004589  0.979989  0.198216  -0.018248  -0.198132  0.980155  0.006288  0.019132  -0.002547  0.999814  -0.019349  -0.018216  -0.009576  0.000000  0.000000  0.000000  2.000000  
30.413464 -0.004848  0.083590  -0.004601  0.979989  0.198216  -0.018248  -0.198132  0.980155  0.006288  0.019132  -0.002547  0.999814  -0.019147  -0.018008  -0.009521  0.000000  0.000000  0.000000  2.000000  
30.414472 -0.004865  0.083574  -0.004610  0.979950  0.198417  -0.018115  -0.198335  0.980114  0.006265  0.018998  -0.002547  0.999816  -0.018912  -0.017774  -0.009430  0.000000  0.000000  0.000000  2.000000  
30.415712 -0.004887  0.083554  -0.004621  0.979953  0.198417  -0.017984  -0.198335  0.980114  0.006239  0.018864  -0.002547  0.999819  -0.018720  -0.017576  -0.009379  0.000000  0.000000  0.000000  2.000000  
30.416716 -0.004904  0.083538  -0.004631  0.979953  0.198419  -0.017960  -0.198335  0.980114  0.006358  0.018864  -0.002668  0.999818  -0.018567  -0.017390  -0.009347  0.000000  0.000000  0.000000  2.000000  
30.417721 -0.004921  0.083523  -0.004640  0.979955  0.198419  -0.017829  -0.198336  0.980114  0.006331  0.018731  -0.002668  0.999821  -0.018392  -0.017172  -0.009302  0.000000  0.000000  0.000000  2.000000  
30.418969 -0.004942  0.083504  -0.004651  0.979958  0.198420  -0.017674  -0.198336  0.980113  0.006423  0.018597  -0.002789  0.999823  -0.018197  -0.016933  -0.009300  0.000000  0.000000  0.000000  2.000000  
30.419970 -0.004959  0.083489  -0.004660  0.979917  0.198622  -0.017673  -0.198538  0.980072  0.006427  0.018597  -0.002789  0.999823  -0.018010  -0.016712  -0.009295  0.000000  0.000000  0.000000  2.000000  
30.421219 -0.004980  0.083470  -0.004672  0.979919  0.198622  -0.017541  -0.198538  0.980072  0.006401  0.018463  -0.002789  0.999826  -0.017804  -0.016451  -0.009286  0.000000  0.000000  0.000000  2.000000  
30.422228 -0.004997  0.083455  -0.004682  0.979881  0.198823  -0.017409  -0.198740  0.980031  0.006378  0.018329  -0.002789  0.999828  -0.017613  -0.016186  -0.009245  0.000000  0.000000  0.000000  2.000000  
30.423467 -0.005018  0.083436  -0.004693  0.979886  0.198825  -0.017123  -0.198741  0.980031  0.006443  0.018062  -0.002911  0.999833  -0.017440  -0.015972  -0.009249  0.000000  0.000000  0.000000  2.000000  
30.424716 -0.005038  0.083418  -0.004706  0.979847  0.199026  -0.016990  -0.198944  0.979990  0.006420  0.017928  -0.002911  0.999835  -0.017259  -0.015689  -0.009308  0.000000  0.000000  0.000000  2.000000  
30.425720 -0.005055  0.083404  -0.004715  0.979849  0.199026  -0.016859  -0.198944  0.979990  0.006394  0.017794  -0.002911  0.999837  -0.017079  -0.015471  -0.009313  0.000000  0.000000  0.000000  2.000000  
30.426963 -0.005075  0.083387  -0.004727  0.979811  0.199229  -0.016703  -0.199146  0.979948  0.006489  0.017661  -0.003032  0.999839  -0.016897  -0.015215  -0.009274  0.000000  0.000000  0.000000  2.000000  
30.427975 -0.005091  0.083373  -0.004736  0.979772  0.199430  -0.016570  -0.199349  0.979907  0.006466  0.017527  -0.003032  0.999842  -0.016750  -0.014962  -0.009316  0.000000  0.000000  0.000000  2.000000  
30.429228 -0.005111  0.083356  -0.004748  0.979733  0.199632  -0.016438  -0.199551  0.979866  0.006443  0.017393  -0.003032  0.999844  -0.016643  -0.014757  -0.009326  0.000000  0.000000  0.000000  2.000000  
30.430465 -0.005130  0.083340  -0.004760  0.979738  0.199633  -0.016151  -0.199552  0.979866  0.006508  0.017125  -0.003153  0.999848  -0.016497  -0.014511  -0.009362  0.000000  0.000000  0.000000  2.000000  
30.431712 -0.005150  0.083323  -0.004772  0.979699  0.199834  -0.016019  -0.199754  0.979825  0.006485  0.016992  -0.003153  0.999851  -0.016409  -0.014319  -0.009418  0.000000  0.000000  0.000000  2.000000  
30.432739 -0.005166  0.083311  -0.004781  0.979660  0.200037  -0.015862  -0.199956  0.979783  0.006580  0.016858  -0.003275  0.999853  -0.016280  -0.014083  -0.009429  0.000000  0.000000  0.000000  2.000000  
30.433967 -0.005186  0.083294  -0.004793  0.979621  0.200239  -0.015730  -0.200158  0.979742  0.006557  0.016724  -0.003275  0.999855  -0.016251  -0.013953  -0.009470  0.000000  0.000000  0.000000  2.000000  
30.434971 -0.005202  0.083281  -0.004804  0.979584  0.200439  -0.015466  -0.200361  0.979701  0.006506  0.016456  -0.003275  0.999859  -0.016184  -0.013802  -0.009553  0.000000  0.000000  0.000000  2.000000  
30.436219 -0.005222  0.083265  -0.004815  0.979545  0.200641  -0.015334  -0.200563  0.979659  0.006483  0.016323  -0.003275  0.999861  -0.016154  -0.013632  -0.009558  0.000000  0.000000  0.000000  2.000000  
30.437219 -0.005239  0.083253  -0.004825  0.979547  0.200642  -0.015179  -0.200563  0.979659  0.006575  0.016189  -0.003396  0.999863  -0.016137  -0.013495  -0.009534  0.000000  0.000000  0.000000  2.000000  
30.438224 -0.005255  0.083240  -0.004835  0.979508  0.200843  -0.015046  -0.200765  0.979617  0.006551  0.016055  -0.003396  0.999865  -0.016119  -0.013316  -0.009575  0.000000  0.000000  0.000000  2.000000  
30.439231 -0.005272  0.083227  -0.004844  0.979469  0.201045  -0.014914  -0.200967  0.979576  0.006527  0.015921  -0.003396  0.999867  -0.016071  -0.013167  -0.009574  0.000000  0.000000  0.000000  2.000000  
30.440466 -0.005292  0.083212  -0.004856  0.979429  0.201248  -0.014757  -0.201169  0.979534  0.006622  0.015788  -0.003517  0.999869  -0.016113  -0.013029  -0.009551  0.000000  0.000000  0.000000  2.000000  
30.441717 -0.005313  0.083196  -0.004869  0.979431  0.201247  -0.014626  -0.201170  0.979534  0.006595  0.015654  -0.003517  0.999871  -0.016169  -0.012899  -0.009624  0.000000  0.000000  0.000000  2.000000  
30.442964 -0.005334  0.083181  -0.004881  0.979394  0.201448  -0.014362  -0.201372  0.979493  0.006544  0.015386  -0.003517  0.999875  -0.016208  -0.012821  -0.009660  0.000000  0.000000  0.000000  2.000000  
30.444218 -0.005354  0.083166  -0.004894  0.979352  0.201650  -0.014361  -0.201574  0.979451  0.006547  0.015386  -0.003517  0.999875  -0.016227  -0.012681  -0.009750  0.000000  0.000000  0.000000  2.000000  
30.445462 -0.005375  0.083151  -0.004906  0.979313  0.201852  -0.014204  -0.201776  0.979409  0.006642  0.015252  -0.003638  0.999877  -0.016320  -0.012594  -0.009796  0.000000  0.000000  0.000000  2.000000  
30.446470 -0.005392  0.083138  -0.004916  0.979315  0.201852  -0.014073  -0.201776  0.979409  0.006615  0.015119  -0.003638  0.999879  -0.016377  -0.012535  -0.009775  0.000000  0.000000  0.000000  2.000000  
30.447720 -0.005413  0.083123  -0.004929  0.979275  0.202053  -0.013941  -0.201978  0.979368  0.006591  0.014985  -0.003638  0.999881  -0.016488  -0.012516  -0.009852  0.000000  0.000000  0.000000  2.000000  
30.448970 -0.005435  0.083108  -0.004941  0.979275  0.202053  -0.013941  -0.201978  0.979368  0.006591  0.014985  -0.003638  0.999881  -0.016604  -0.012426  -0.009837  0.000000  0.000000  0.000000  2.000000  
30.449975 -0.005452  0.083095  -0.004951  0.979236  0.202254  -0.013808  -0.202180  0.979326  0.006567  0.014851  -0.003639  0.999883  -0.016673  -0.012402  -0.009849  0.000000  0.000000  0.000000  2.000000  
30.450990 -0.005470  0.083083  -0.004961  0.979238  0.202254  -0.013677  -0.202181  0.979326  0.006540  0.014717  -0.003639  0.999885  -0.016743  -0.012378  -0.009861  0.000000  0.000000  0.000000  2.000000  
30.452223 -0.005491  0.083067  -0.004974  0.979238  0.202254  -0.013677  -0.202181  0.979326  0.006540  0.014717  -0.003639  0.999885  -0.016850  -0.012354  -0.009901  0.000000  0.000000  0.000000  2.000000  
30.453224 -0.005509  0.083054  -0.004984  0.979240  0.202253  -0.013546  -0.202181  0.979326  0.006513  0.014584  -0.003639  0.999887  -0.016952  -0.012367  -0.009971  0.000000  0.000000  0.000000  2.000000  
30.454226 -0.005527  0.083042  -0.004994  0.979198  0.202455  -0.013545  -0.202383  0.979285  0.006515  0.014584  -0.003639  0.999887  -0.017042  -0.012382  -0.009985  0.000000  0.000000  0.000000  2.000000  
30.455470 -0.005549  0.083026  -0.005007  0.979198  0.202455  -0.013545  -0.202383  0.979285  0.006515  0.014584  -0.003639  0.999887  -0.017132  -0.012404  -0.010090  0.000000  0.000000  0.000000  2.000000  
30.456719 -0.005572  0.083010  -0.005020  0.979198  0.202455  -0.013545  -0.202383  0.979285  0.006515  0.014584  -0.003639  0.999887  -0.017276  -0.012459  -0.010137  0.000000  0.000000  0.000000  2.000000  
30.457720 -0.005590  0.082997  -0.005031  0.979198  0.202455  -0.013545  -0.202383  0.979285  0.006515  0.014584  -0.003639  0.999887  -0.017345  -0.012449  -0.010188  0.000000  0.000000  0.000000  2.000000  
30.458969 -0.005612  0.082982  -0.005044  0.979198  0.202455  -0.013545  -0.202383  0.979285  0.006515  0.014584  -0.003639  0.999887  -0.017476  -0.012481  -0.010187  0.000000  0.000000  0.000000  2.000000  
30.460287 -0.005635  0.082966  -0.005057  0.979198  0.202455  -0.013545  -0.202383  0.979285  0.006515  0.014584  -0.003639  0.999887  -0.017527  -0.012497  -0.010172  0.000000  0.000000  0.000000  2.000000  
30.461472 -0.005658  0.082950  -0.005070  0.979198  0.202455  -0.013545  -0.202383  0.979285  0.006515  0.014584  -0.003639  0.999887  -0.017728  -0.012566  -0.010259  0.000000  0.000000  0.000000  2.000000  
30.462714 -0.005681  0.082934  -0.005083  0.979198  0.202455  -0.013545  -0.202383  0.979285  0.006515  0.014584  -0.003639  0.999887  -0.017844  -0.012643  -0.010321  0.000000  0.000000  0.000000  2.000000  
30.463714 -0.005699  0.082921  -0.005094  0.979198  0.202455  -0.013545  -0.202383  0.979285  0.006515  0.014584  -0.003639  0.999887  -0.017903  -0.012680  -0.010352  0.000000  0.000000  0.000000  2.000000  
30.464962 -0.005722  0.082904  -0.005107  0.979198  0.202453  -0.013570  -0.202383  0.979286  0.006397  0.014584  -0.003517  0.999887  -0.018010  -0.012723  -0.010417  0.000000  0.000000  0.000000  2.000000  
30.465967 -0.005740  0.082891  -0.005118  0.979198  0.202453  -0.013570  -0.202383  0.979286  0.006397  0.014584  -0.003517  0.999887  -0.018083  -0.012770  -0.010456  0.000000  0.000000  0.000000  2.000000  
30.467220 -0.005764  0.082875  -0.005131  0.979198  0.202453  -0.013570  -0.202383  0.979286  0.006397  0.014584  -0.003517  0.999887  -0.018181  -0.012832  -0.010508  0.000000  0.000000  0.000000  2.000000  
30.468223 -0.005782  0.082862  -0.005142  0.979154  0.202655  -0.013699  -0.202584  0.979244  0.006426  0.014717  -0.003517  0.999886  -0.018209  -0.012848  -0.010521  0.000000  0.000000  0.000000  2.000000  
30.469230 -0.005800  0.082849  -0.005152  0.979154  0.202655  -0.013699  -0.202584  0.979244  0.006426  0.014717  -0.003517  0.999886  -0.018187  -0.012826  -0.010507  0.000000  0.000000  0.000000  2.000000  
30.470467 -0.005823  0.082833  -0.005165  0.979154  0.202655  -0.013699  -0.202584  0.979244  0.006426  0.014717  -0.003517  0.999886  -0.018255  -0.012855  -0.010501  0.000000  0.000000  0.000000  2.000000  
30.471718 -0.005846  0.082817  -0.005178  0.979154  0.202655  -0.013699  -0.202584  0.979244  0.006426  0.014717  -0.003517  0.999886  -0.018253  -0.012847  -0.010496  0.000000  0.000000  0.000000  2.000000  
30.472720 -0.005864  0.082804  -0.005187  0.979154  0.202654  -0.013724  -0.202584  0.979245  0.006308  0.014717  -0.003396  0.999886  -0.018267  -0.012876  -0.010407  0.000000  0.000000  0.000000  2.000000  
30.473967 -0.005886  0.082789  -0.005200  0.979111  0.202856  -0.013854  -0.202785  0.979203  0.006338  0.014851  -0.003396  0.999884  -0.018263  -0.012895  -0.010395  0.000000  0.000000  0.000000  2.000000  
30.475221 -0.005908  0.082773  -0.005213  0.979111  0.202856  -0.013854  -0.202785  0.979203  0.006338  0.014851  -0.003396  0.999884  -0.018278  -0.012899  -0.010400  0.000000  0.000000  0.000000  2.000000  
30.476467 -0.005930  0.082757  -0.005225  0.979111  0.202856  -0.013854  -0.202785  0.979203  0.006338  0.014851  -0.003396  0.999884  -0.018163  -0.012865  -0.010316  0.000000  0.000000  0.000000  2.000000  
30.477720 -0.005952  0.082742  -0.005237  0.979069  0.203057  -0.013852  -0.202987  0.979161  0.006340  0.014851  -0.003396  0.999884  -0.018063  -0.012774  -0.010215  0.000000  0.000000  0.000000  2.000000  
30.478964 -0.005973  0.082726  -0.005249  0.979067  0.203058  -0.013983  -0.202986  0.979161  0.006368  0.014985  -0.003396  0.999882  -0.017970  -0.012729  -0.010150  0.000000  0.000000  0.000000  2.000000  
30.479964 -0.005991  0.082714  -0.005259  0.979025  0.203258  -0.014007  -0.203188  0.979120  0.006252  0.014985  -0.003275  0.999882  -0.017907  -0.012707  -0.010104  0.000000  0.000000  0.000000  2.000000  
30.480967 -0.006008  0.082702  -0.005269  0.979025  0.203258  -0.014007  -0.203188  0.979120  0.006252  0.014985  -0.003275  0.999882  -0.017820  -0.012640  -0.010054  0.000000  0.000000  0.000000  2.000000  
30.482226 -0.006029  0.082686  -0.005280  0.978983  0.203459  -0.014005  -0.203389  0.979078  0.006255  0.014985  -0.003275  0.999882  -0.017631  -0.012528  -0.009933  0.000000  0.000000  0.000000  2.000000  
30.483465 -0.006050  0.082672  -0.005292  0.978941  0.203661  -0.014004  -0.203591  0.979036  0.006258  0.014985  -0.003275  0.999882  -0.017542  -0.012459  -0.009881  0.000000  0.000000  0.000000  2.000000  
30.484488 -0.006066  0.082660  -0.005302  0.978899  0.203862  -0.014003  -0.203792  0.978994  0.006260  0.014985  -0.003275  0.999882  -0.017375  -0.012337  -0.009781  0.000000  0.000000  0.000000  2.000000  
30.485719 -0.006086  0.082646  -0.005313  0.978855  0.204064  -0.014132  -0.203994  0.978952  0.006291  0.015119  -0.003275  0.999880  -0.017238  -0.012235  -0.009700  0.000000  0.000000  0.000000  2.000000  
30.486966 -0.006107  0.082632  -0.005325  0.978813  0.204266  -0.014131  -0.204195  0.978910  0.006293  0.015119  -0.003275  0.999880  -0.017099  -0.012118  -0.009665  0.000000  0.000000  0.000000  2.000000  
30.487970 -0.006123  0.082621  -0.005334  0.978813  0.204266  -0.014131  -0.204195  0.978910  0.006293  0.015119  -0.003275  0.999880  -0.016971  -0.012011  -0.009636  0.000000  0.000000  0.000000  2.000000  
30.489230 -0.006142  0.082607  -0.005346  0.978769  0.204468  -0.014261  -0.204396  0.978868  0.006324  0.015252  -0.003275  0.999878  -0.016803  -0.011901  -0.009577  0.000000  0.000000  0.000000  2.000000  
30.490468 -0.006162  0.082593  -0.005358  0.978685  0.204871  -0.014258  -0.204799  0.978784  0.006330  0.015252  -0.003275  0.999878  -0.016669  -0.011789  -0.009544  0.000000  0.000000  0.000000  2.000000  
30.491719 -0.006182  0.082579  -0.005370  0.978643  0.205072  -0.014257  -0.205001  0.978741  0.006333  0.015252  -0.003275  0.999878  -0.016494  -0.011635  -0.009535  0.000000  0.000000  0.000000  2.000000  
30.492964 -0.006202  0.082565  -0.005381  0.978599  0.205272  -0.014411  -0.205202  0.978700  0.006244  0.015386  -0.003153  0.999877  -0.016392  -0.011531  -0.009482  0.000000  0.000000  0.000000  2.000000  
30.493965 -0.006218  0.082554  -0.005391  0.978557  0.205474  -0.014410  -0.205403  0.978658  0.006247  0.015386  -0.003153  0.999877  -0.016291  -0.011443  -0.009469  0.000000  0.000000  0.000000  2.000000  
