1-Time 2-Px 3-Py 4-Pz 5-R11 6-R21 7-R31 8-R12 9-R22 10-R32 11-R13 12-R23 13-R33 14-Vx 15-Vy 16-Vz 17-Wx 18-Wy 19-Wz 20-state 21-PR11 22-PR21 23-PR31 24-PR12 25-PR22 26-PR32 27-PR13 28-PR23 29-PR33 
62.530701 -0.005648  0.084171  -0.000184  0.984458  0.161233  -0.069608  -0.161329  0.986891  0.004278  0.069386  0.007018  0.997565  0.000092  -0.000066  -0.000288  0.000000  0.000000  0.000000  2.000000  
62.531707 -0.005648  0.084170  -0.000185  0.984458  0.161233  -0.069608  -0.161329  0.986891  0.004278  0.069386  0.007018  0.997565  0.000077  -0.000094  -0.000342  0.000000  0.000000  0.000000  2.000000  
62.532710 -0.005650  0.084167  -0.000186  0.984349  0.161842  -0.069737  -0.161936  0.986792  0.004343  0.069519  0.007018  0.997556  -0.000058  -0.000300  -0.000390  0.000000  0.000000  0.000000  2.000000  
62.533956 -0.005653  0.084162  -0.000188  0.984173  0.162857  -0.069865  -0.162947  0.986625  0.004436  0.069653  0.007018  0.997547  -0.000323  -0.000670  -0.000540  0.000000  0.000000  0.000000  2.000000  
62.534964 -0.005656  0.084157  -0.000190  0.984106  0.163263  -0.069863  -0.163353  0.986558  0.004465  0.069653  0.007018  0.997547  -0.000535  -0.001012  -0.000610  0.000000  0.000000  0.000000  2.000000  
62.536207 -0.005659  0.084151  -0.000191  0.984029  0.163677  -0.069973  -0.163756  0.986490  0.004635  0.069786  0.006897  0.997538  -0.000729  -0.001382  -0.000701  0.000000  0.000000  0.000000  2.000000  
62.537458 -0.005663  0.084146  -0.000192  0.983866  0.164486  -0.070364  -0.164562  0.986355  0.004759  0.070187  0.006897  0.997510  -0.000998  -0.001705  -0.000688  0.000000  0.000000  0.000000  2.000000  
62.538702 -0.005668  0.084141  -0.000192  0.983635  0.165702  -0.070753  -0.165772  0.986152  0.004913  0.070587  0.006897  0.997482  -0.001349  -0.002079  -0.000697  0.000000  0.000000  0.000000  2.000000  
62.539705 -0.005672  0.084137  -0.000193  0.983410  0.166918  -0.071010  -0.166984  0.985947  0.005045  0.070854  0.006896  0.997463  -0.001609  -0.002320  -0.000751  0.021252  0.050772  0.185993  2.000000  
62.540954 -0.005677  0.084132  -0.000196  0.983141  0.168344  -0.071377  -0.168396  0.985705  0.005334  0.071254  0.006775  0.997435  -0.001929  -0.002662  -0.000910  0.028769  0.064581  0.234189  2.000000  
62.541958 -0.005681  0.084128  -0.000201  0.982948  0.169357  -0.071634  -0.169405  0.985531  0.005453  0.071521  0.006775  0.997416  -0.002241  -0.002923  -0.001175  0.030986  0.073221  0.266471  2.000000  
62.543205 -0.005687  0.084123  -0.000205  0.982684  0.170775  -0.071889  -0.170818  0.985287  0.005602  0.071788  0.006775  0.997397  -0.002644  -0.003221  -0.001416  0.034696  0.083155  0.316915  2.000000  
62.544207 -0.005691  0.084120  -0.000207  0.982453  0.171991  -0.072145  -0.172028  0.985075  0.005737  0.072055  0.006775  0.997378  -0.002947  -0.003470  -0.001589  0.037684  0.092460  0.358346  2.000000  
62.545214 -0.005696  0.084115  -0.000210  0.982221  0.173205  -0.072401  -0.173238  0.984862  0.005872  0.072322  0.006775  0.997358  -0.003306  -0.003758  -0.001710  0.040650  0.101684  0.399466  2.000000  
62.546471 -0.005704  0.084106  -0.000215  0.981915  0.174817  -0.072675  -0.174852  0.984577  0.005919  0.072589  0.006896  0.997338  -0.003797  -0.004334  -0.002025  0.040551  0.111072  0.454526  2.000000  
62.547710 -0.005712  0.084096  -0.000221  0.981633  0.176233  -0.073060  -0.176262  0.984324  0.006094  0.072989  0.006895  0.997309  -0.004170  -0.004762  -0.002333  0.044101  0.124928  0.502844  2.000000  
62.548957 -0.005719  0.084086  -0.000224  0.981350  0.177639  -0.073467  -0.177671  0.984071  0.006152  0.073389  0.007016  0.997279  -0.004414  -0.005032  -0.002407  0.043587  0.138800  0.551081  2.000000  
62.549968 -0.005725  0.084078  -0.000225  0.981147  0.178650  -0.073723  -0.178678  0.983888  0.006275  0.073656  0.007016  0.997259  -0.004604  -0.005246  -0.002411  0.046115  0.147973  0.585264  2.000000  
62.550971 -0.005730  0.084069  -0.000227  0.980943  0.179661  -0.073979  -0.179684  0.983704  0.006399  0.073923  0.007016  0.997239  -0.004762  -0.005559  -0.002403  0.048668  0.157195  0.619640  2.000000  
62.552208 -0.005735  0.084056  -0.000229  0.980691  0.180864  -0.074387  -0.180890  0.983482  0.006444  0.074323  0.007137  0.997209  -0.004884  -0.006108  -0.002510  0.048242  0.171222  0.668438  2.000000  
62.553452 -0.005740  0.084042  -0.000231  0.980410  0.182280  -0.074640  -0.182300  0.983221  0.006600  0.074590  0.007137  0.997189  -0.004858  -0.006646  -0.002619  0.051806  0.180515  0.716503  2.000000  
62.554455 -0.005742  0.084032  -0.000233  0.980202  0.183281  -0.074917  -0.183305  0.983034  0.006606  0.074857  0.007257  0.997168  -0.004754  -0.007101  -0.002651  0.050317  0.189789  0.750879  2.000000  
62.555706 -0.005746  0.084019  -0.000235  0.979945  0.184483  -0.075325  -0.184510  0.982808  0.006654  0.075257  0.007378  0.997137  -0.004689  -0.007649  -0.002619  0.049386  0.203590  0.792031  2.000000  
62.556953 -0.005749  0.084005  -0.000238  0.979773  0.185281  -0.075604  -0.185313  0.982657  0.006646  0.075524  0.007499  0.997116  -0.004558  -0.008195  -0.002498  0.043358  0.212844  0.819797  2.000000  
62.557954 -0.005753  0.083993  -0.000241  0.979610  0.186071  -0.075775  -0.186118  0.982506  0.006495  0.075658  0.007741  0.997104  -0.004460  -0.008727  -0.002427  0.037264  0.217627  0.847272  2.000000  
62.558955 -0.005756  0.083981  -0.000243  0.979437  0.186868  -0.076054  -0.186921  0.982354  0.006488  0.075925  0.007861  0.997083  -0.004426  -0.009310  -0.002393  0.035311  0.226871  0.874764  2.000000  
62.559960 -0.005760  0.083969  -0.000245  0.979272  0.187658  -0.076225  -0.187726  0.982201  0.006338  0.076058  0.008103  0.997070  -0.004288  -0.009931  -0.002377  0.029219  0.231601  0.901989  2.000000  
62.561205 -0.005766  0.083953  -0.000248  0.979107  0.188447  -0.076397  -0.188530  0.982048  0.006187  0.076191  0.008345  0.997058  -0.004239  -0.010359  -0.002262  0.022962  0.234570  0.922252  2.000000  
62.562206 -0.005772  0.083940  -0.000250  0.979030  0.188833  -0.076440  -0.188933  0.981972  0.005981  0.076191  0.008587  0.997056  -0.004240  -0.010718  -0.002119  0.015070  0.232258  0.930408  2.000000  
62.563212 -0.005779  0.083928  -0.000252  0.978952  0.189218  -0.076484  -0.189336  0.981895  0.005774  0.076191  0.008829  0.997054  -0.004206  -0.011016  -0.001935  0.005961  0.227629  0.916069  2.000000  
62.564461 -0.005787  0.083912  -0.000253  0.978835  0.189806  -0.076526  -0.189941  0.981780  0.005583  0.076191  0.009071  0.997052  -0.004320  -0.011374  -0.001875  -0.002175  0.225872  0.908526  2.000000  
62.565465 -0.005794  0.083899  -0.000253  0.978717  0.190394  -0.076569  -0.190545  0.981664  0.005392  0.076191  0.009313  0.997050  -0.004493  -0.011650  -0.001818  -0.013854  0.223321  0.922817  2.000000  
62.566711 -0.005804  0.083882  -0.000255  0.978599  0.190972  -0.076635  -0.191150  0.981548  0.005082  0.076191  0.009675  0.997046  -0.004744  -0.011939  -0.001789  -0.025957  0.214487  0.922799  2.000000  
62.567957 -0.005815  0.083865  -0.000258  0.978531  0.191359  -0.076548  -0.191555  0.981470  0.004850  0.076058  0.009917  0.997054  -0.005163  -0.012181  -0.001797  -0.036079  0.200916  0.895450  2.000000  
62.569210 -0.005827  0.083848  -0.000260  0.978491  0.191543  -0.076594  -0.191756  0.981432  0.004628  0.076058  0.010159  0.997052  -0.005748  -0.012436  -0.001852  -0.047043  0.182688  0.854170  2.000000  
62.570211 -0.005836  0.083835  -0.000261  0.978452  0.191726  -0.076639  -0.191958  0.981393  0.004405  0.076058  0.010401  0.997049  -0.006204  -0.012620  -0.001821  -0.061192  0.173499  0.826576  2.000000  
62.571459 -0.005849  0.083819  -0.000262  0.978372  0.192102  -0.076707  -0.192360  0.981316  0.004080  0.076058  0.010764  0.997045  -0.006799  -0.012809  -0.001687  -0.075862  0.164353  0.792113  2.000000  
62.572469 -0.005860  0.083804  -0.000264  0.978333  0.192286  -0.076753  -0.192562  0.981277  0.003857  0.076058  0.011006  0.997043  -0.007357  -0.013023  -0.001602  -0.084743  0.154002  0.765155  2.000000  
62.573706 -0.005875  0.083786  -0.000266  0.978303  0.192461  -0.076692  -0.192765  0.981239  0.003490  0.075925  0.011369  0.997049  -0.007984  -0.013239  -0.001629  -0.099883  0.140413  0.724310  2.000000  
62.574953 -0.005891  0.083766  -0.000270  0.978273  0.192628  -0.076653  -0.192969  0.981200  0.003004  0.075791  0.011853  0.997053  -0.008788  -0.013493  -0.001696  -0.119563  0.126759  0.676474  2.000000  
62.575953 -0.005906  0.083751  -0.000273  0.978244  0.192813  -0.076569  -0.193172  0.981161  0.002756  0.075658  0.012095  0.997060  -0.009421  -0.013689  -0.001770  -0.130178  0.113163  0.642512  2.000000  
62.576961 -0.005921  0.083735  -0.000278  0.978254  0.192786  -0.076508  -0.193174  0.981162  0.002373  0.075524  0.012458  0.997066  -0.010109  -0.013916  -0.001886  -0.143219  0.095995  0.600901  2.000000  
62.578206 -0.005941  0.083715  -0.000284  0.978234  0.192955  -0.076339  -0.193379  0.981122  0.001861  0.075257  0.012942  0.997080  -0.010802  -0.014176  -0.002151  -0.159906  0.077007  0.567292  2.000000  
62.579211 -0.005955  0.083700  -0.000290  0.978204  0.193131  -0.076278  -0.193583  0.981083  0.001494  0.075124  0.013305  0.997085  -0.011395  -0.014378  -0.002490  -0.172395  0.059375  0.530753  2.000000  
62.580218 -0.005971  0.083685  -0.000295  0.978213  0.193105  -0.076218  -0.193585  0.981083  0.001111  0.074991  0.013668  0.997091  -0.011948  -0.014525  -0.002852  -0.187167  0.045624  0.496386  2.000000  
62.581463 -0.005991  0.083667  -0.000305  0.978223  0.193069  -0.076181  -0.193586  0.981083  0.000609  0.074857  0.014151  0.997094  -0.012657  -0.014628  -0.003354  -0.200392  0.031671  0.458471  2.000000  
62.582471 -0.006008  0.083651  -0.000313  0.978223  0.193042  -0.076251  -0.193586  0.981083  0.000252  0.074857  0.014514  0.997089  -0.013217  -0.014698  -0.003747  -0.217584  0.017976  0.413636  2.000000  
62.583709 -0.006029  0.083633  -0.000324  0.978203  0.193220  -0.076059  -0.193792  0.981043  -0.000141  0.074590  0.014877  0.997103  -0.013887  -0.014846  -0.004332  -0.228936  -0.000361  0.372622  2.000000  
62.584957 -0.006050  0.083614  -0.000334  0.978213  0.193194  -0.075999  -0.193794  0.981042  -0.000524  0.074457  0.015240  0.997108  -0.014437  -0.014962  -0.004870  -0.237691  -0.014036  0.335511  2.000000  
62.586202 -0.006072  0.083596  -0.000344  0.978223  0.193169  -0.075938  -0.193796  0.981042  -0.000907  0.074323  0.015603  0.997112  -0.014999  -0.015063  -0.005466  -0.247824  -0.032116  0.308390  2.000000  
62.587205 -0.006089  0.083580  -0.000353  0.978232  0.193152  -0.075854  -0.193798  0.981041  -0.001171  0.074190  0.015845  0.997118  -0.015458  -0.015167  -0.005976  -0.256494  -0.046218  0.276570  2.000000  
62.588453 -0.006112  0.083561  -0.000365  0.978242  0.193118  -0.075817  -0.193799  0.981040  -0.001672  0.074057  0.016329  0.997120  -0.016018  -0.015227  -0.006624  -0.267328  -0.055547  0.242277  2.000000  
62.589457 -0.006129  0.083546  -0.000374  0.978242  0.193099  -0.075864  -0.193799  0.981039  -0.001910  0.074057  0.016571  0.997116  -0.016340  -0.015183  -0.007127  -0.270606  -0.059740  0.219735  2.000000  
62.590708 -0.006151  0.083527  -0.000387  0.978252  0.193065  -0.075827  -0.193801  0.981038  -0.002412  0.073923  0.017055  0.997118  -0.016627  -0.015187  -0.007701  -0.280797  -0.068938  0.192530  2.000000  
62.591955 -0.006173  0.083507  -0.000401  0.978261  0.193039  -0.075766  -0.193803  0.981036  -0.002795  0.073790  0.017418  0.997122  -0.016775  -0.015177  -0.008182  -0.286378  -0.078064  0.172131  2.000000  
62.593206 -0.006194  0.083488  -0.000415  0.978271  0.193014  -0.075706  -0.193805  0.981035  -0.003178  0.073656  0.017781  0.997125  -0.016881  -0.015149  -0.008741  -0.287954  -0.082742  0.151701  2.000000  
62.594207 -0.006210  0.083473  -0.000426  0.978271  0.192986  -0.075776  -0.193805  0.981034  -0.003535  0.073656  0.018144  0.997119  -0.016971  -0.015157  -0.009106  -0.295978  -0.083665  0.132283  2.000000  
62.595214 -0.006225  0.083458  -0.000438  0.978321  0.192768  -0.075691  -0.193606  0.981072  -0.003815  0.073523  0.018386  0.997124  -0.016970  -0.015128  -0.009493  -0.295050  -0.087678  0.110729  2.000000  
62.596215 -0.006240  0.083444  -0.000449  0.978321  0.192741  -0.075761  -0.193606  0.981071  -0.004172  0.073523  0.018749  0.997117  -0.016877  -0.015077  -0.009822  -0.303115  -0.088661  0.090970  2.000000  
62.597463 -0.006258  0.083427  -0.000464  0.978290  0.192927  -0.075678  -0.193809  0.981029  -0.004420  0.073389  0.018991  0.997123  -0.016633  -0.014945  -0.010074  -0.301151  -0.088010  0.083403  2.000000  
62.598706 -0.006274  0.083411  -0.000478  0.978290  0.192899  -0.075748  -0.193809  0.981028  -0.004777  0.073389  0.019354  0.997116  -0.016353  -0.014803  -0.010308  -0.304698  -0.088918  0.070331  2.000000  
62.599711 -0.006288  0.083397  -0.000490  0.978340  0.192682  -0.075663  -0.193610  0.981066  -0.005057  0.073256  0.019596  0.997121  -0.016115  -0.014702  -0.010555  -0.305694  -0.093593  0.056613  2.000000  
62.600957 -0.006305  0.083380  -0.000505  0.978340  0.192663  -0.075710  -0.193610  0.981064  -0.005295  0.073256  0.019838  0.997116  -0.015840  -0.014596  -0.010877  -0.306724  -0.093789  0.042837  2.000000  
62.602204 -0.006322  0.083364  -0.000520  0.978349  0.192648  -0.075626  -0.193611  0.981063  -0.005558  0.073123  0.020080  0.997121  -0.015515  -0.014455  -0.011122  -0.300720  -0.097586  0.035746  2.000000  
62.603460 -0.006339  0.083347  -0.000535  0.978319  0.192843  -0.075519  -0.193815  0.981022  -0.005688  0.072989  0.020201  0.997128  -0.015060  -0.014297  -0.011360  -0.295018  -0.098371  0.036061  2.000000  
62.604705 -0.006354  0.083330  -0.000550  0.978319  0.192825  -0.075566  -0.193815  0.981020  -0.005926  0.072989  0.020443  0.997123  -0.014623  -0.014156  -0.011564  -0.287401  -0.093980  0.029127  2.000000  
62.605957 -0.006369  0.083313  -0.000564  0.978329  0.192809  -0.075482  -0.193817  0.981018  -0.006190  0.072856  0.020685  0.997128  -0.014200  -0.013962  -0.011619  -0.283858  -0.094090  0.022258  2.000000  
62.607205 -0.006384  0.083297  -0.000577  0.978329  0.192791  -0.075529  -0.193817  0.981017  -0.006428  0.072856  0.020927  0.997123  -0.013774  -0.013716  -0.011569  -0.277993  -0.088966  0.015185  2.000000  
62.608207 -0.006395  0.083285  -0.000588  0.978329  0.192782  -0.075552  -0.193817  0.981016  -0.006547  0.072856  0.021048  0.997120  -0.013348  -0.013474  -0.011544  -0.268581  -0.080823  0.008284  2.000000  
62.609458 -0.006407  0.083270  -0.000601  0.978338  0.192775  -0.075445  -0.193819  0.981015  -0.006692  0.072722  0.021169  0.997128  -0.012929  -0.013285  -0.011476  -0.258274  -0.080153  0.008235  2.000000  
62.610479 -0.006417  0.083258  -0.000611  0.978298  0.192968  -0.075469  -0.194020  0.980974  -0.006795  0.072722  0.021290  0.997125  -0.012503  -0.013087  -0.011349  -0.247534  -0.076154  0.015140  2.000000  
62.611715 -0.006428  0.083244  -0.000623  0.978298  0.192959  -0.075493  -0.194020  0.980973  -0.006914  0.072722  0.021411  0.997122  -0.012056  -0.012858  -0.011183  -0.235397  -0.071681  0.015088  2.000000  
62.612958 -0.006440  0.083230  -0.000635  0.978298  0.192950  -0.075516  -0.194020  0.980972  -0.007033  0.072722  0.021532  0.997120  -0.011655  -0.012649  -0.011007  -0.227837  -0.067332  0.008128  2.000000  
62.614206 -0.006452  0.083216  -0.000646  0.978258  0.193142  -0.075541  -0.194221  0.980932  -0.007136  0.072722  0.021653  0.997117  -0.011343  -0.012497  -0.010835  -0.223223  -0.058202  0.014874  2.000000  
62.615455 -0.006463  0.083202  -0.000658  0.978268  0.193136  -0.075434  -0.194223  0.980930  -0.007281  0.072589  0.021774  0.997124  -0.010931  -0.012355  -0.010627  -0.213294  -0.062177  0.014849  2.000000  
62.616459 -0.006472  0.083190  -0.000669  0.978228  0.193329  -0.075459  -0.194425  0.980890  -0.007385  0.072589  0.021895  0.997122  -0.010602  -0.012230  -0.010532  -0.208789  -0.057598  0.021623  2.000000  
62.617460 -0.006482  0.083177  -0.000678  0.978228  0.193329  -0.075459  -0.194425  0.980890  -0.007385  0.072589  0.021895  0.997122  -0.010411  -0.012175  -0.010385  -0.194156  -0.053558  0.021725  2.000000  
62.618705 -0.006495  0.083162  -0.000690  0.978188  0.193531  -0.075460  -0.194626  0.980850  -0.007369  0.072589  0.021895  0.997122  -0.010177  -0.012027  -0.010111  -0.183977  -0.048526  0.028311  2.000000  
62.619726 -0.006505  0.083150  -0.000700  0.978188  0.193531  -0.075460  -0.194626  0.980850  -0.007369  0.072589  0.021895  0.997122  -0.010015  -0.011939  -0.009954  -0.169112  -0.044403  0.028456  2.000000  
62.620953 -0.006517  0.083135  -0.000712  0.978148  0.193733  -0.075462  -0.194827  0.980810  -0.007354  0.072589  0.021895  0.997122  -0.009854  -0.011856  -0.009848  0.000000  0.000000  0.000000  2.000000  
62.621955 -0.006527  0.083124  -0.000720  0.978148  0.193733  -0.075462  -0.194827  0.980810  -0.007354  0.072589  0.021895  0.997122  -0.009736  -0.011804  -0.009723  0.000000  0.000000  0.000000  2.000000  
62.622955 -0.006537  0.083111  -0.000730  0.978108  0.193935  -0.075463  -0.195029  0.980770  -0.007338  0.072589  0.021895  0.997122  -0.009678  -0.011780  -0.009600  0.000000  0.000000  0.000000  2.000000  
62.624208 -0.006550  0.083096  -0.000742  0.978108  0.193944  -0.075440  -0.195029  0.980771  -0.007219  0.072589  0.021774  0.997124  -0.009686  -0.011794  -0.009555  0.000000  0.000000  0.000000  2.000000  
62.625226 -0.006561  0.083084  -0.000752  0.978068  0.194146  -0.075441  -0.195230  0.980731  -0.007204  0.072589  0.021774  0.997124  -0.009747  -0.011805  -0.009513  0.000000  0.000000  0.000000  2.000000  
62.626471 -0.006574  0.083069  -0.000764  0.978068  0.194155  -0.075417  -0.195230  0.980732  -0.007085  0.072589  0.021653  0.997127  -0.009894  -0.011875  -0.009519  0.000000  0.000000  0.000000  2.000000  
62.627711 -0.006589  0.083054  -0.000776  0.978027  0.194357  -0.075419  -0.195431  0.980692  -0.007069  0.072589  0.021653  0.997127  -0.010066  -0.011981  -0.009581  0.000000  0.000000  0.000000  2.000000  
62.628712 -0.006600  0.083041  -0.000785  0.978027  0.194366  -0.075395  -0.195431  0.980693  -0.006950  0.072589  0.021532  0.997129  -0.010211  -0.012078  -0.009579  0.000000  0.000000  0.000000  2.000000  
62.629959 -0.006615  0.083025  -0.000798  0.978027  0.194366  -0.075395  -0.195431  0.980693  -0.006950  0.072589  0.021532  0.997129  -0.010475  -0.012194  -0.009625  0.000000  0.000000  0.000000  2.000000  
62.631206 -0.006631  0.083008  -0.000810  0.977978  0.194574  -0.075504  -0.195631  0.980654  -0.006790  0.072722  0.021411  0.997122  -0.010798  -0.012350  -0.009622  0.000000  0.000000  0.000000  2.000000  
62.632207 -0.006644  0.082994  -0.000820  0.977978  0.194574  -0.075504  -0.195631  0.980654  -0.006790  0.072722  0.021411  0.997122  -0.010974  -0.012448  -0.009654  0.000000  0.000000  0.000000  2.000000  
62.633213 -0.006658  0.082980  -0.000830  0.977987  0.194586  -0.075350  -0.195633  0.980654  -0.006697  0.072589  0.021290  0.997135  -0.011254  -0.012553  -0.009662  0.000000  0.000000  0.000000  2.000000  
62.634471 -0.006676  0.082962  -0.000842  0.977987  0.194586  -0.075350  -0.195633  0.980654  -0.006697  0.072589  0.021290  0.997135  -0.011579  -0.012710  -0.009660  0.000000  0.000000  0.000000  2.000000  
62.635481 -0.006690  0.082948  -0.000852  0.977987  0.194595  -0.075326  -0.195633  0.980655  -0.006578  0.072589  0.021169  0.997137  -0.011866  -0.012912  -0.009690  0.000000  0.000000  0.000000  2.000000  
62.636713 -0.006708  0.082929  -0.000865  0.977978  0.194602  -0.075433  -0.195631  0.980656  -0.006433  0.072722  0.021048  0.997130  -0.012289  -0.013197  -0.009815  0.000000  0.000000  0.000000  2.000000  
62.637954 -0.006728  0.082910  -0.000879  0.977978  0.194611  -0.075410  -0.195631  0.980657  -0.006314  0.072722  0.020927  0.997133  -0.012675  -0.013437  -0.009945  0.000000  0.000000  0.000000  2.000000  
62.638957 -0.006743  0.082895  -0.000889  0.978018  0.194418  -0.075385  -0.195430  0.980698  -0.006210  0.072722  0.020806  0.997135  -0.013045  -0.013629  -0.009987  0.000000  0.000000  0.000000  2.000000  
62.639973 -0.006758  0.082880  -0.000900  0.978018  0.194427  -0.075361  -0.195430  0.980699  -0.006091  0.072722  0.020685  0.997138  -0.013369  -0.013813  -0.010059  0.000000  0.000000  0.000000  2.000000  
62.641208 -0.006778  0.082861  -0.000914  0.978018  0.194445  -0.075314  -0.195430  0.980700  -0.005854  0.072722  0.020443  0.997143  -0.013724  -0.014055  -0.010167  0.000000  0.000000  0.000000  2.000000  
62.642471 -0.006798  0.082842  -0.000928  0.978058  0.194253  -0.075289  -0.195228  0.980741  -0.005750  0.072722  0.020323  0.997145  -0.014170  -0.014361  -0.010266  0.000000  0.000000  0.000000  2.000000  
62.643711 -0.006819  0.082821  -0.000942  0.978058  0.194262  -0.075266  -0.195228  0.980742  -0.005631  0.072722  0.020202  0.997148  -0.014584  -0.014648  -0.010415  0.000000  0.000000  0.000000  2.000000  
62.644957 -0.006840  0.082801  -0.000955  0.978108  0.194072  -0.075110  -0.195029  0.980782  -0.005554  0.072589  0.020081  0.997160  -0.015010  -0.014926  -0.010456  0.000000  0.000000  0.000000  2.000000  
62.645961 -0.006857  0.082785  -0.000966  0.978108  0.194081  -0.075087  -0.195029  0.980782  -0.005435  0.072589  0.019960  0.997162  -0.015318  -0.015124  -0.010514  0.000000  0.000000  0.000000  2.000000  
62.647208 -0.006878  0.082764  -0.000979  0.978148  0.193888  -0.075062  -0.194827  0.980823  -0.005331  0.072589  0.019839  0.997165  -0.015647  -0.015365  -0.010574  0.000000  0.000000  0.000000  2.000000  
62.648458 -0.006900  0.082743  -0.000992  0.978188  0.193695  -0.075037  -0.194626  0.980864  -0.005228  0.072589  0.019718  0.997167  -0.015875  -0.015552  -0.010648  0.000000  0.000000  0.000000  2.000000  
62.649459 -0.006917  0.082726  -0.001003  0.978188  0.193695  -0.075037  -0.194626  0.980864  -0.005228  0.072589  0.019718  0.997167  -0.016100  -0.015774  -0.010717  0.000000  0.000000  0.000000  2.000000  
62.650469 -0.006934  0.082709  -0.001013  0.978228  0.193502  -0.075013  -0.194425  0.980904  -0.005124  0.072589  0.019597  0.997169  -0.016276  -0.015890  -0.010733  0.000000  0.000000  0.000000  2.000000  
62.651704 -0.006955  0.082688  -0.001027  0.978228  0.193511  -0.074989  -0.194425  0.980905  -0.005005  0.072589  0.019476  0.997172  -0.016426  -0.016052  -0.010755  0.000000  0.000000  0.000000  2.000000  
62.652707 -0.006971  0.082671  -0.001037  0.978268  0.193319  -0.074965  -0.194223  0.980945  -0.004902  0.072589  0.019355  0.997174  -0.016498  -0.016163  -0.010727  0.000000  0.000000  0.000000  2.000000  
62.653708 -0.006987  0.082655  -0.001047  0.978308  0.193126  -0.074940  -0.194022  0.980985  -0.004798  0.072589  0.019234  0.997176  -0.016579  -0.016295  -0.010747  0.000000  0.000000  0.000000  2.000000  
62.654715 -0.007004  0.082638  -0.001057  0.978308  0.193135  -0.074917  -0.194022  0.980986  -0.004679  0.072589  0.019113  0.997179  -0.016628  -0.016391  -0.010670  0.000000  0.000000  0.000000  2.000000  
62.655955 -0.007024  0.082617  -0.001070  0.978348  0.192942  -0.074893  -0.193820  0.981026  -0.004576  0.072589  0.018992  0.997181  -0.016680  -0.016536  -0.010619  0.000000  0.000000  0.000000  2.000000  
62.656959 -0.007040  0.082600  -0.001080  0.978388  0.192740  -0.074892  -0.193619  0.981066  -0.004591  0.072589  0.018992  0.997181  -0.016660  -0.016641  -0.010517  0.000000  0.000000  0.000000  2.000000  
62.658205 -0.007060  0.082579  -0.001093  0.978437  0.192550  -0.074736  -0.193419  0.981106  -0.004513  0.072455  0.018871  0.997193  -0.016627  -0.016703  -0.010472  0.000000  0.000000  0.000000  2.000000  
62.659205 -0.007075  0.082562  -0.001103  0.978437  0.192559  -0.074713  -0.193419  0.981106  -0.004394  0.072455  0.018751  0.997195  -0.016549  -0.016745  -0.010391  0.000000  0.000000  0.000000  2.000000  
62.660223 -0.007090  0.082545  -0.001113  0.978477  0.192366  -0.074689  -0.193218  0.981146  -0.004291  0.072455  0.018630  0.997198  -0.016364  -0.016793  -0.010343  0.000000  0.000000  0.000000  2.000000  
62.661459 -0.007109  0.082524  -0.001126  0.978486  0.192377  -0.074535  -0.193220  0.981146  -0.004198  0.072322  0.018509  0.997210  -0.016251  -0.016850  -0.010320  0.000000  0.000000  0.000000  2.000000  
62.662472 -0.007124  0.082507  -0.001136  0.978526  0.192184  -0.074510  -0.193018  0.981187  -0.004094  0.072322  0.018388  0.997212  -0.016086  -0.016850  -0.010263  0.000000  0.000000  0.000000  2.000000  
62.663707 -0.007142  0.082486  -0.001149  0.978526  0.192193  -0.074487  -0.193018  0.981187  -0.003975  0.072322  0.018267  0.997214  -0.015845  -0.016856  -0.010277  0.000000  0.000000  0.000000  2.000000  
62.664957 -0.007158  0.082466  -0.001161  0.978566  0.191991  -0.074486  -0.192817  0.981227  -0.003990  0.072322  0.018267  0.997214  -0.015530  -0.016787  -0.010210  0.000000  0.000000  0.000000  2.000000  
62.665958 -0.007171  0.082450  -0.001171  0.978566  0.192000  -0.074463  -0.192817  0.981227  -0.003871  0.072322  0.018146  0.997216  -0.015198  -0.016753  -0.010170  0.000000  0.000000  0.000000  2.000000  
62.667210 -0.007186  0.082430  -0.001184  0.978566  0.192009  -0.074440  -0.192817  0.981228  -0.003752  0.072322  0.018025  0.997218  -0.014893  -0.016672  -0.010119  0.000000  0.000000  0.000000  2.000000  
62.668458 -0.007201  0.082410  -0.001195  0.978575  0.192021  -0.074286  -0.192819  0.981228  -0.003659  0.072188  0.017904  0.997230  -0.014506  -0.016567  -0.009992  0.000000  0.000000  0.000000  2.000000  
62.669730 -0.007216  0.082391  -0.001207  0.978575  0.192030  -0.074262  -0.192819  0.981228  -0.003540  0.072188  0.017783  0.997232  -0.014065  -0.016443  -0.009939  0.000000  0.000000  0.000000  2.000000  
62.670957 -0.007229  0.082372  -0.001218  0.978575  0.192039  -0.074239  -0.192819  0.981228  -0.003421  0.072188  0.017662  0.997235  -0.013644  -0.016342  -0.009891  0.000000  0.000000  0.000000  2.000000  
62.672203 -0.007243  0.082352  -0.001230  0.978575  0.192039  -0.074239  -0.192819  0.981228  -0.003421  0.072188  0.017662  0.997235  -0.013299  -0.016240  -0.009874  0.000000  0.000000  0.000000  2.000000  
62.673207 -0.007254  0.082337  -0.001240  0.978575  0.192048  -0.074216  -0.192819  0.981229  -0.003302  0.072188  0.017541  0.997237  -0.012939  -0.016118  -0.009822  0.000000  0.000000  0.000000  2.000000  
62.674209 -0.007264  0.082322  -0.001249  0.978575  0.192057  -0.074192  -0.192819  0.981229  -0.003183  0.072188  0.017420  0.997239  -0.012569  -0.015999  -0.009771  0.000000  0.000000  0.000000  2.000000  
62.675458 -0.007277  0.082303  -0.001261  0.978585  0.192068  -0.074038  -0.192821  0.981229  -0.003090  0.072055  0.017300  0.997251  -0.012204  -0.015840  -0.009705  0.000000  0.000000  0.000000  2.000000  
62.676480 -0.007287  0.082288  -0.001271  0.978545  0.192270  -0.074039  -0.193022  0.981190  -0.003074  0.072055  0.017300  0.997251  -0.011813  -0.015671  -0.009683  0.000000  0.000000  0.000000  2.000000  
62.677713 -0.007300  0.082270  -0.001284  0.978545  0.192279  -0.074015  -0.193022  0.981190  -0.002955  0.072055  0.017179  0.997253  -0.011482  -0.015556  -0.009701  0.000000  0.000000  0.000000  2.000000  
62.678962 -0.007311  0.082252  -0.001296  0.978545  0.192288  -0.073992  -0.193022  0.981190  -0.002836  0.072055  0.017058  0.997255  -0.011028  -0.015278  -0.009649  0.000000  0.000000  0.000000  2.000000  
62.680208 -0.007323  0.082235  -0.001310  0.978505  0.192499  -0.073969  -0.193224  0.981151  -0.002702  0.072055  0.016937  0.997257  -0.010709  -0.015115  -0.009703  0.000000  0.000000  0.000000  2.000000  
62.681459 -0.007334  0.082218  -0.001322  0.978505  0.192508  -0.073946  -0.193224  0.981151  -0.002583  0.072055  0.016816  0.997259  -0.010439  -0.014926  -0.009745  0.000000  0.000000  0.000000  2.000000  
62.682473 -0.007342  0.082205  -0.001332  0.978466  0.192719  -0.073923  -0.193425  0.981112  -0.002449  0.072055  0.016695  0.997261  -0.010165  -0.014717  -0.009766  0.000000  0.000000  0.000000  2.000000  
62.683707 -0.007353  0.082188  -0.001346  0.978435  0.192932  -0.073769  -0.193628  0.981072  -0.002341  0.071922  0.016574  0.997273  -0.009958  -0.014592  -0.009880  0.000000  0.000000  0.000000  2.000000  
62.684712 -0.007362  0.082174  -0.001356  0.978435  0.192932  -0.073769  -0.193628  0.981072  -0.002341  0.071922  0.016574  0.997273  -0.009776  -0.014450  -0.009953  0.000000  0.000000  0.000000  2.000000  
62.685956 -0.007373  0.082158  -0.001370  0.978395  0.193143  -0.073746  -0.193830  0.981033  -0.002206  0.071922  0.016453  0.997275  -0.009582  -0.014284  -0.010093  0.000000  0.000000  0.000000  2.000000  
62.686958 -0.007382  0.082144  -0.001381  0.978346  0.193352  -0.073854  -0.194029  0.980994  -0.002046  0.072055  0.016332  0.997267  -0.009405  -0.014126  -0.010198  0.000000  0.000000  0.000000  2.000000  
62.688203 -0.007393  0.082127  -0.001394  0.978346  0.193352  -0.073854  -0.194029  0.980994  -0.002046  0.072055  0.016332  0.997267  -0.009296  -0.014013  -0.010285  0.000000  0.000000  0.000000  2.000000  
62.689453 -0.007404  0.082110  -0.001408  0.978306  0.193563  -0.073831  -0.194231  0.980954  -0.001912  0.072055  0.016211  0.997269  -0.009162  -0.013889  -0.010431  0.000000  0.000000  0.000000  2.000000  
62.690467 -0.007413  0.082097  -0.001419  0.978266  0.193773  -0.073808  -0.194432  0.980914  -0.001778  0.072055  0.016090  0.997271  -0.009025  -0.013719  -0.010484  0.000000  0.000000  0.000000  2.000000  
62.691708 -0.007424  0.082080  -0.001432  0.978226  0.193975  -0.073809  -0.194634  0.980874  -0.001763  0.072055  0.016090  0.997271  -0.008973  -0.013609  -0.010568  0.000000  0.000000  0.000000  2.000000  
62.692954 -0.007436  0.082064  -0.001447  0.978226  0.193984  -0.073785  -0.194634  0.980875  -0.001644  0.072055  0.015969  0.997273  -0.008923  -0.013511  -0.010684  0.000000  0.000000  0.000000  2.000000  
62.693960 -0.007444  0.082051  -0.001458  0.978176  0.194193  -0.073893  -0.194833  0.980835  -0.001483  0.072188  0.015848  0.997265  -0.008885  -0.013408  -0.010769  0.000000  0.000000  0.000000  2.000000  
62.695214 -0.007456  0.082035  -0.001472  0.978136  0.194395  -0.073893  -0.195034  0.980795  -0.001468  0.072188  0.015848  0.997265  -0.008898  -0.013308  -0.010895  0.000000  0.000000  0.000000  2.000000  
62.696460 -0.007467  0.082020  -0.001487  0.978136  0.194404  -0.073869  -0.195034  0.980795  -0.001349  0.072188  0.015727  0.997267  -0.008910  -0.013197  -0.010981  0.000000  0.000000  0.000000  2.000000  
62.697462 -0.007476  0.082008  -0.001498  0.978087  0.194604  -0.074000  -0.195234  0.980756  -0.001308  0.072322  0.015727  0.997257  -0.008934  -0.013132  -0.011061  0.000000  0.000000  0.000000  2.000000  
62.698469 -0.007486  0.081995  -0.001510  0.978087  0.194613  -0.073977  -0.195234  0.980756  -0.001189  0.072322  0.015606  0.997259  -0.008977  -0.013053  -0.011156  0.000000  0.000000  0.000000  2.000000  
62.699714 -0.007497  0.081980  -0.001525  0.978046  0.194815  -0.073977  -0.195435  0.980716  -0.001174  0.072322  0.015606  0.997259  -0.009043  -0.012999  -0.011315  0.000000  0.000000  0.000000  2.000000  
62.700958 -0.007510  0.081963  -0.001541  0.978046  0.194824  -0.073953  -0.195435  0.980716  -0.001055  0.072322  0.015485  0.997261  -0.009127  -0.012920  -0.011401  0.000000  0.000000  0.000000  2.000000  
62.702204 -0.007522  0.081948  -0.001556  0.978046  0.194824  -0.073953  -0.195435  0.980716  -0.001055  0.072322  0.015485  0.997261  -0.009228  -0.012848  -0.011498  0.000000  0.000000  0.000000  2.000000  
62.703461 -0.007535  0.081932  -0.001570  0.978006  0.195035  -0.073930  -0.195637  0.980676  -0.000921  0.072322  0.015364  0.997263  -0.009318  -0.012743  -0.011560  0.000000  0.000000  0.000000  2.000000  
62.704703 -0.007547  0.081916  -0.001585  0.977997  0.195033  -0.074061  -0.195635  0.980676  -0.000894  0.072455  0.015364  0.997253  -0.009386  -0.012682  -0.011632  0.000000  0.000000  0.000000  2.000000  
62.705705 -0.007558  0.081904  -0.001597  0.977997  0.195033  -0.074061  -0.195635  0.980676  -0.000894  0.072455  0.015364  0.997253  -0.009499  -0.012642  -0.011693  0.000000  0.000000  0.000000  2.000000  
62.706708 -0.007568  0.081891  -0.001608  0.977997  0.195033  -0.074061  -0.195635  0.980676  -0.000894  0.072455  0.015364  0.997253  -0.009544  -0.012591  -0.011741  0.000000  0.000000  0.000000  2.000000  
62.707953 -0.007580  0.081876  -0.001623  0.977956  0.195234  -0.074061  -0.195836  0.980636  -0.000879  0.072455  0.015364  0.997253  -0.009643  -0.012534  -0.011785  0.000000  0.000000  0.000000  2.000000  
62.708953 -0.007591  0.081864  -0.001635  0.977956  0.195234  -0.074061  -0.195836  0.980636  -0.000879  0.072455  0.015364  0.997253  -0.009749  -0.012501  -0.011796  0.000000  0.000000  0.000000  2.000000  
62.709960 -0.007601  0.081852  -0.001647  0.977956  0.195234  -0.074061  -0.195836  0.980636  -0.000879  0.072455  0.015364  0.997253  -0.009805  -0.012443  -0.011817  0.000000  0.000000  0.000000  2.000000  
62.710960 -0.007611  0.081840  -0.001659  0.977956  0.195234  -0.074061  -0.195836  0.980636  -0.000879  0.072455  0.015364  0.997253  -0.009881  -0.012417  -0.011879  0.000000  0.000000  0.000000  2.000000  
62.711962 -0.007621  0.081828  -0.001671  0.977956  0.195234  -0.074061  -0.195836  0.980636  -0.000879  0.072455  0.015364  0.997253  -0.009980  -0.012370  -0.011884  0.000000  0.000000  0.000000  2.000000  
62.713018 -0.007632  0.081816  -0.001683  0.977956  0.195234  -0.074061  -0.195836  0.980636  -0.000879  0.072455  0.015364  0.997253  -0.010001  -0.012267  -0.011857  0.000000  0.000000  0.000000  2.000000  
62.714208 -0.007645  0.081802  -0.001698  0.977956  0.195234  -0.074061  -0.195836  0.980636  -0.000879  0.072455  0.015364  0.997253  -0.010162  -0.012275  -0.011883  0.000000  0.000000  0.000000  2.000000  
62.715213 -0.007655  0.081790  -0.001710  0.977956  0.195234  -0.074061  -0.195836  0.980636  -0.000879  0.072455  0.015364  0.997253  -0.010220  -0.012232  -0.011903  0.000000  0.000000  0.000000  2.000000  
62.716460 -0.007668  0.081776  -0.001725  0.977916  0.195436  -0.074061  -0.196037  0.980596  -0.000864  0.072455  0.015364  0.997253  -0.010234  -0.012090  -0.011863  0.000000  0.000000  0.000000  2.000000  
62.717460 -0.007679  0.081764  -0.001737  0.977916  0.195436  -0.074061  -0.196037  0.980596  -0.000864  0.072455  0.015364  0.997253  -0.010294  -0.012052  -0.011885  0.000000  0.000000  0.000000  2.000000  
62.718705 -0.007692  0.081750  -0.001752  0.977925  0.195429  -0.073954  -0.196039  0.980596  -0.001009  0.072322  0.015485  0.997261  -0.010313  -0.011940  -0.011924  0.000000  0.000000  0.000000  2.000000  
62.719708 -0.007702  0.081738  -0.001764  0.977925  0.195429  -0.073954  -0.196039  0.980596  -0.001009  0.072322  0.015485  0.997261  -0.010294  -0.011844  -0.011935  0.000000  0.000000  0.000000  2.000000  
62.720953 -0.007715  0.081724  -0.001780  0.977925  0.195429  -0.073954  -0.196039  0.980596  -0.001009  0.072322  0.015485  0.997261  -0.010340  -0.011786  -0.011992  0.000000  0.000000  0.000000  2.000000  
62.721957 -0.007725  0.081713  -0.001792  0.977925  0.195429  -0.073954  -0.196039  0.980596  -0.001009  0.072322  0.015485  0.997261  -0.010314  -0.011681  -0.012039  0.000000  0.000000  0.000000  2.000000  
62.723203 -0.007737  0.081699  -0.001807  0.977916  0.195427  -0.074085  -0.196037  0.980596  -0.000983  0.072455  0.015485  0.997251  -0.010300  -0.011586  -0.012060  0.000000  0.000000  0.000000  2.000000  
62.724208 -0.007747  0.081688  -0.001820  0.977916  0.195427  -0.074085  -0.196037  0.980596  -0.000983  0.072455  0.015485  0.997251  -0.010303  -0.011497  -0.012125  0.000000  0.000000  0.000000  2.000000  
62.725459 -0.007759  0.081675  -0.001835  0.977876  0.195620  -0.074109  -0.196239  0.980556  -0.001087  0.072455  0.015606  0.997250  -0.010231  -0.011421  -0.012182  0.000000  0.000000  0.000000  2.000000  
62.726463 -0.007769  0.081664  -0.001848  0.977876  0.195620  -0.074109  -0.196239  0.980556  -0.001087  0.072455  0.015606  0.997250  -0.010164  -0.011307  -0.012200  0.000000  0.000000  0.000000  2.000000  
62.727707 -0.007780  0.081651  -0.001863  0.977876  0.195620  -0.074109  -0.196239  0.980556  -0.001087  0.072455  0.015606  0.997250  -0.010074  -0.011204  -0.012204  0.000000  0.000000  0.000000  2.000000  
62.728717 -0.007789  0.081641  -0.001876  0.977876  0.195620  -0.074109  -0.196239  0.980556  -0.001087  0.072455  0.015606  0.997250  -0.009937  -0.011095  -0.012250  0.000000  0.000000  0.000000  2.000000  
62.729968 -0.007801  0.081628  -0.001892  0.977835  0.195813  -0.074133  -0.196440  0.980515  -0.001190  0.072455  0.015727  0.997248  -0.009874  -0.011001  -0.012315  0.000000  0.000000  0.000000  2.000000  
62.731211 -0.007812  0.081616  -0.001907  0.977835  0.195813  -0.074133  -0.196440  0.980515  -0.001190  0.072455  0.015727  0.997248  -0.009717  -0.010853  -0.012366  0.000000  0.000000  0.000000  2.000000  
62.732471 -0.007823  0.081603  -0.001924  0.977835  0.195813  -0.074133  -0.196440  0.980515  -0.001190  0.072455  0.015727  0.997248  -0.009574  -0.010726  -0.012454  0.000000  0.000000  0.000000  2.000000  
62.733707 -0.007833  0.081591  -0.001940  0.977795  0.196006  -0.074157  -0.196641  0.980475  -0.001294  0.072455  0.015847  0.997246  -0.009389  -0.010578  -0.012532  0.000000  0.000000  0.000000  2.000000  
62.734710 -0.007842  0.081581  -0.001953  0.977795  0.196006  -0.074157  -0.196641  0.980475  -0.001294  0.072455  0.015847  0.997246  -0.009299  -0.010477  -0.012619  0.000000  0.000000  0.000000  2.000000  
62.735955 -0.007852  0.081569  -0.001970  0.977754  0.196208  -0.074157  -0.196843  0.980434  -0.001279  0.072455  0.015847  0.997246  -0.009091  -0.010325  -0.012717  0.000000  0.000000  0.000000  2.000000  
62.736958 -0.007860  0.081559  -0.001983  0.977714  0.196410  -0.074157  -0.197044  0.980394  -0.001263  0.072455  0.015847  0.997246  -0.008979  -0.010220  -0.012743  0.000000  0.000000  0.000000  2.000000  
62.737959 -0.007868  0.081550  -0.001997  0.977714  0.196410  -0.074157  -0.197044  0.980394  -0.001263  0.072455  0.015847  0.997246  -0.008840  -0.010126  -0.012831  0.000000  0.000000  0.000000  2.000000  
62.739208 -0.007877  0.081538  -0.002013  0.977664  0.196609  -0.074288  -0.197243  0.980354  -0.001222  0.072589  0.015847  0.997236  -0.008668  -0.010014  -0.012880  0.000000  0.000000  0.000000  2.000000  
62.740458 -0.007887  0.081527  -0.002030  0.977623  0.196811  -0.074289  -0.197445  0.980313  -0.001206  0.072589  0.015847  0.997236  -0.008528  -0.009882  -0.013020  0.000000  0.000000  0.000000  2.000000  
62.741710 -0.007897  0.081515  -0.002047  0.977582  0.197013  -0.074289  -0.197646  0.980273  -0.001191  0.072589  0.015847  0.997236  -0.008377  -0.009763  -0.013093  0.000000  0.000000  0.000000  2.000000  
62.742955 -0.007906  0.081504  -0.002064  0.977542  0.197215  -0.074289  -0.197847  0.980232  -0.001176  0.072589  0.015847  0.997236  -0.008231  -0.009656  -0.013191  0.000000  0.000000  0.000000  2.000000  
62.743961 -0.007913  0.081494  -0.002078  0.977501  0.197408  -0.074313  -0.198048  0.980191  -0.001279  0.072589  0.015968  0.997234  -0.008127  -0.009615  -0.013296  0.000000  0.000000  0.000000  2.000000  
62.744982 -0.007921  0.081486  -0.002092  0.977491  0.197406  -0.074444  -0.198046  0.980192  -0.001253  0.072722  0.015968  0.997224  -0.007956  -0.009449  -0.013357  0.000000  0.000000  0.000000  2.000000  
62.746009 -0.007928  0.081477  -0.002106  0.977450  0.197607  -0.074444  -0.198248  0.980151  -0.001238  0.072722  0.015968  0.997224  -0.007880  -0.009378  -0.013428  0.000000  0.000000  0.000000  2.000000  
