1-Time 2-Px 3-Py 4-Pz 5-R11 6-R21 7-R31 8-R12 9-R22 10-R32 11-R13 12-R23 13-R33 14-Vx 15-Vy 16-Vz 17-Wx 18-Wy 19-Wz 20-state 21-PR11 22-PR21 23-PR31 24-PR12 25-PR22 26-PR32 27-PR13 28-PR23 29-PR33 
59.535480 0.007740  0.089301  -0.002797  0.998397  0.056384  -0.004834  -0.001644  0.114282  0.993447  0.056567  -0.991847  0.114192  -0.000055  0.000136  -0.000024  0.000000  0.000000  0.000000  2.000000  
59.536486 0.007740  0.089301  -0.002797  0.998397  0.056384  -0.004834  -0.001644  0.114282  0.993447  0.056567  -0.991847  0.114192  -0.000055  0.000136  -0.000024  0.000000  0.000000  0.000000  2.000000  
59.537745 0.007742  0.089299  -0.002797  0.998389  0.056563  -0.004447  -0.002055  0.114379  0.993435  0.056700  -0.991826  0.114311  0.000029  -0.000010  -0.000070  0.000000  0.000000  0.000000  2.000000  
59.538984 0.007743  0.089297  -0.002798  0.998396  0.056477  -0.004029  -0.002466  0.114477  0.993423  0.056567  -0.991819  0.114432  0.000120  -0.000182  -0.000104  0.000000  0.000000  0.000000  2.000000  
59.539986 0.007744  0.089295  -0.002797  0.998395  0.056500  -0.003832  -0.002672  0.114586  0.993410  0.056567  -0.991805  0.114553  0.000221  -0.000296  -0.000093  0.000000  0.000000  0.000000  2.000000  
59.540989 0.007746  0.089294  -0.002796  0.998395  0.056499  -0.003838  -0.002672  0.114706  0.993396  0.056567  -0.991791  0.114673  0.000348  -0.000403  -0.000015  0.000000  0.000000  0.000000  2.000000  
59.542234 0.007748  0.089293  -0.002795  0.998394  0.056546  -0.003436  -0.003083  0.114803  0.993383  0.056567  -0.991778  0.114793  0.000507  -0.000482  0.000086  0.000000  0.000000  0.000000  2.000000  
59.543241 0.007750  0.089292  -0.002794  0.998385  0.056725  -0.003056  -0.003494  0.115020  0.993357  0.056700  -0.991742  0.115033  0.000656  -0.000535  0.000174  0.000000  0.000000  0.000000  2.000000  
59.544487 0.007754  0.089291  -0.002792  0.998376  0.056905  -0.002677  -0.003905  0.115238  0.993330  0.056834  -0.991707  0.115273  0.000878  -0.000646  0.000285  0.000000  0.000000  0.000000  2.000000  
59.545487 0.007756  0.089290  -0.002791  0.998367  0.057084  -0.002297  -0.004316  0.115455  0.993303  0.056967  -0.991671  0.115512  0.001042  -0.000703  0.000338  0.000000  0.000000  0.000000  2.000000  
59.546739 0.007758  0.089289  -0.002791  0.998365  0.057132  -0.001902  -0.004727  0.115672  0.993276  0.056967  -0.991643  0.115753  0.001189  -0.000794  0.000335  0.000000  0.000000  0.000000  2.000000  
59.547739 0.007759  0.089288  -0.002792  0.998363  0.057179  -0.001507  -0.005138  0.115889  0.993249  0.056967  -0.991615  0.115993  0.001273  -0.000855  0.000322  0.000000  0.000000  0.000000  2.000000  
59.548986 0.007761  0.089286  -0.002793  0.998352  0.057383  -0.000937  -0.005755  0.116335  0.993193  0.057101  -0.991551  0.116474  0.001412  -0.001005  0.000275  0.000000  0.000000  0.000000  2.000000  
59.549987 0.007762  0.089284  -0.002793  0.998349  0.057430  -0.000548  -0.006166  0.116673  0.993151  0.057101  -0.991509  0.116835  0.001487  -0.001125  0.000217  0.000000  0.000000  0.000000  2.000000  
59.551233 0.007764  0.089282  -0.002794  0.998345  0.057502  0.000044  -0.006783  0.116999  0.993109  0.057101  -0.991466  0.117195  0.001594  -0.001303  0.000149  -0.091724  -0.174743  0.052077  2.000000  
59.552234 0.007764  0.089279  -0.002796  0.998342  0.057551  0.000425  -0.007194  0.117457  0.993052  0.057101  -0.991409  0.117676  0.001553  -0.001389  0.000082  -0.107247  -0.188453  0.053724  2.000000  
59.553235 0.007765  0.089277  -0.002796  0.998339  0.057599  0.000813  -0.007605  0.117795  0.993009  0.057101  -0.991366  0.118037  0.001579  -0.001383  0.000150  -0.118682  -0.202148  0.055360  2.000000  
59.554481 0.007766  0.089274  -0.002796  0.998327  0.057805  0.001382  -0.008221  0.118240  0.992951  0.057235  -0.991301  0.118517  0.001543  -0.001418  0.000104  -0.134211  -0.215912  0.057034  2.000000  
59.555737 0.007768  0.089271  -0.002796  0.998322  0.057880  0.001953  -0.008838  0.118927  0.992864  0.057235  -0.991215  0.119239  0.001517  -0.001509  0.000005  -0.157454  -0.236414  0.059520  2.000000  
59.556989 0.007770  0.089268  -0.002797  0.998318  0.057930  0.002327  -0.009249  0.119505  0.992791  0.057235  -0.991142  0.119840  0.001466  -0.001685  -0.000174  -0.177020  -0.250074  0.061201  2.000000  
59.558234 0.007771  0.089265  -0.002799  0.998304  0.058139  0.002882  -0.009865  0.120190  0.992702  0.057368  -0.991047  0.120560  0.001383  -0.001813  -0.000382  -0.200314  -0.270147  0.068205  2.000000  
59.559240 0.007773  0.089263  -0.002800  0.998300  0.058190  0.003255  -0.010276  0.120768  0.992628  0.057368  -0.990974  0.121161  0.001322  -0.001883  -0.000546  -0.219853  -0.284327  0.065439  2.000000  
59.560486 0.007775  0.089260  -0.002803  0.998286  0.058401  0.003803  -0.010893  0.121574  0.992523  0.057502  -0.990863  0.122002  0.001285  -0.001984  -0.000761  -0.247226  -0.304395  0.072488  2.000000  
59.561488 0.007776  0.089257  -0.002805  0.998274  0.058586  0.004159  -0.011304  0.122150  0.992447  0.057635  -0.990781  0.122602  0.001239  -0.002196  -0.000941  -0.266790  -0.317547  0.078681  2.000000  
59.562488 0.007777  0.089253  -0.002808  0.998269  0.058639  0.004533  -0.011715  0.122728  0.992371  0.057635  -0.990706  0.123202  0.001226  -0.002378  -0.001110  -0.286362  -0.331776  0.075956  2.000000  
59.563738 0.007778  0.089248  -0.002813  0.998256  0.058826  0.004875  -0.012126  0.123545  0.992265  0.057769  -0.990594  0.124043  0.001147  -0.002567  -0.001381  -0.314011  -0.344844  0.082190  2.000000  
59.564986 0.007779  0.089243  -0.002817  0.998241  0.059040  0.005421  -0.012742  0.124349  0.992157  0.057902  -0.990481  0.124883  0.001097  -0.002736  -0.001580  -0.341381  -0.364895  0.089294  2.000000  
59.566236 0.007779  0.089238  -0.002822  0.998236  0.059096  0.005772  -0.013153  0.125288  0.992033  0.057902  -0.990359  0.125844  0.001046  -0.002913  -0.001832  -0.373310  -0.378681  0.091160  2.000000  
59.567236 0.007780  0.089233  -0.002827  0.998222  0.059284  0.006128  -0.013564  0.125863  0.991955  0.058036  -0.990275  0.126443  0.001059  -0.003057  -0.002129  -0.389097  -0.385431  0.092113  2.000000  
59.568481 0.007781  0.089228  -0.002833  0.998214  0.059369  0.006676  -0.014181  0.126909  0.991813  0.058036  -0.990136  0.127524  0.001068  -0.003237  -0.002453  -0.417949  -0.389102  0.092440  2.000000  
59.569483 0.007783  0.089224  -0.002837  0.998200  0.059560  0.007016  -0.014592  0.127725  0.991702  0.058170  -0.990020  0.128364  0.001115  -0.003356  -0.002794  -0.445652  -0.398198  0.103206  2.000000  
59.570732 0.007785  0.089220  -0.002844  0.998194  0.059621  0.007359  -0.015003  0.128783  0.991559  0.058170  -0.989879  0.129445  0.001143  -0.003432  -0.003155  -0.473806  -0.401538  0.103402  2.000000  
59.571735 0.007788  0.089217  -0.002849  0.998188  0.059680  0.007717  -0.015414  0.129600  0.991447  0.058170  -0.989769  0.130285  0.001208  -0.003445  -0.003473  -0.497620  -0.408243  0.104426  2.000000  
59.572736 0.007790  0.089214  -0.002855  0.998170  0.059900  0.008261  -0.016030  0.130403  0.991331  0.058303  -0.989650  0.131124  0.001305  -0.003433  -0.003771  -0.521487  -0.415033  0.105479  2.000000  
59.573739 0.007793  0.089211  -0.002861  0.998167  0.059934  0.008414  -0.016235  0.131232  0.991219  0.058303  -0.989538  0.131965  0.001387  -0.003526  -0.004111  -0.541947  -0.408630  0.100407  2.000000  
59.574985 0.007796  0.089208  -0.002867  0.998149  0.060158  0.008936  -0.016852  0.132395  0.991054  0.058437  -0.989370  0.133164  0.001469  -0.003567  -0.004364  -0.573859  -0.415365  0.101560  2.000000  
59.575990 0.007799  0.089205  -0.002872  0.998134  0.060353  0.009275  -0.017263  0.133210  0.990938  0.058570  -0.989249  0.134003  0.001573  -0.003591  -0.004565  -0.594047  -0.414751  0.106212  2.000000  
59.577236 0.007803  0.089202  -0.002877  0.998119  0.060550  0.009599  -0.017673  0.134264  0.990788  0.058704  -0.989094  0.135082  0.001695  -0.003508  -0.004655  -0.623460  -0.417582  0.111868  2.000000  
59.578485 0.007806  0.089198  -0.002882  0.998092  0.060910  0.010101  -0.018290  0.135423  0.990619  0.058971  -0.988914  0.136279  0.001876  -0.003418  -0.004707  -0.651980  -0.416376  0.121127  2.000000  
59.579489 0.007809  0.089194  -0.002887  0.998077  0.061108  0.010431  -0.018700  0.136357  0.990483  0.059105  -0.988773  0.137238  0.002046  -0.003408  -0.004826  -0.672918  -0.409565  0.120562  2.000000  
59.580740 0.007812  0.089190  -0.002893  0.998057  0.061338  0.010950  -0.019317  0.137518  0.990311  0.059238  -0.988598  0.138436  0.002220  -0.003356  -0.004900  -0.697006  -0.408676  0.125308  2.000000  
59.581741 0.007815  0.089186  -0.002899  0.998049  0.061406  0.011298  -0.019728  0.138454  0.990172  0.059238  -0.988463  0.139395  0.002405  -0.003285  -0.004978  -0.716938  -0.415415  0.126461  2.000000  
59.582988 0.007819  0.089183  -0.002905  0.998029  0.061639  0.011809  -0.020344  0.139734  0.989980  0.059372  -0.988269  0.140713  0.002589  -0.003109  -0.004997  -0.743532  -0.418430  0.131182  2.000000  
59.584236 0.007823  0.089179  -0.002913  0.998008  0.061873  0.012327  -0.020960  0.140894  0.989803  0.059505  -0.988089  0.141910  0.002717  -0.003053  -0.005142  -0.769891  -0.414627  0.131657  2.000000  
59.585485 0.007829  0.089176  -0.002921  0.997987  0.062109  0.012836  -0.021576  0.142173  0.989607  0.059639  -0.987891  0.143227  0.002962  -0.002945  -0.005245  -0.790425  -0.413993  0.136574  2.000000  
59.586732 0.007834  0.089175  -0.002929  0.997957  0.062479  0.013326  -0.022192  0.143449  0.989409  0.059906  -0.987683  0.144543  0.003123  -0.002818  -0.005281  -0.811726  -0.416049  0.145566  2.000000  
59.587981 0.007840  0.089174  -0.002936  0.997927  0.062850  0.013814  -0.022808  0.144725  0.989209  0.060173  -0.987474  0.145858  0.003260  -0.002667  -0.005288  -0.831546  -0.422136  0.151345  2.000000  
59.589236 0.007846  0.089173  -0.002943  0.997905  0.063091  0.014321  -0.023424  0.146002  0.989007  0.060307  -0.987270  0.147174  0.003426  -0.002463  -0.005281  -0.851630  -0.421326  0.156181  2.000000  
59.590481 0.007851  0.089171  -0.002950  0.997874  0.063463  0.014816  -0.024040  0.147157  0.988821  0.060574  -0.987075  0.148369  0.003540  -0.002345  -0.005349  -0.863722  -0.420580  0.161044  2.000000  
59.591489 0.007855  0.089170  -0.002955  0.997856  0.063674  0.015126  -0.024451  0.148327  0.988636  0.060707  -0.986886  0.149565  0.003640  -0.002250  -0.005433  -0.886959  -0.423823  0.162758  2.000000  
59.592741 0.007860  0.089167  -0.002962  0.997827  0.063952  0.015827  -0.025273  0.149710  0.988407  0.060841  -0.986660  0.151001  0.003751  -0.002188  -0.005540  -0.906979  -0.430524  0.164215  2.000000  
59.593753 0.007863  0.089165  -0.002967  0.997801  0.064295  0.016123  -0.025683  0.150755  0.988237  0.061108  -0.986478  0.152075  0.003763  -0.002106  -0.005537  -0.918600  -0.428870  0.173411  2.000000  
59.594986 0.007867  0.089162  -0.002973  0.997771  0.064575  0.016823  -0.026504  0.152137  0.988004  0.061241  -0.986248  0.153510  0.003756  -0.002030  -0.005512  -0.938939  -0.438948  0.174423  2.000000  
59.595988 0.007869  0.089160  -0.002977  0.997738  0.064954  0.017313  -0.027120  0.153288  0.987809  0.061509  -0.986044  0.154703  0.003793  -0.001884  -0.005468  -0.954406  -0.447968  0.186228  2.000000  
59.596996 0.007873  0.089158  -0.002981  0.997710  0.065300  0.017607  -0.027531  0.154333  0.987635  0.061776  -0.985859  0.155777  0.003814  -0.001829  -0.005455  -0.970351  -0.447046  0.191007  2.000000  
59.598236 0.007877  0.089156  -0.002986  0.997671  0.065720  0.018275  -0.028352  0.155828  0.987377  0.062043  -0.985595  0.157329  0.003798  -0.001676  -0.005312  -0.986387  -0.452436  0.201531  2.000000  
59.599236 0.007880  0.089154  -0.002990  0.997636  0.066105  0.018755  -0.028967  0.157097  0.987158  0.062310  -0.985368  0.158641  0.003740  -0.001656  -0.005171  -1.002244  -0.458428  0.207481  2.000000  
59.600236 0.007883  0.089153  -0.002994  0.997608  0.066456  0.019038  -0.029378  0.158260  0.986960  0.062577  -0.985159  0.159833  0.003693  -0.001577  -0.004988  -1.014382  -0.456896  0.216846  2.000000  
59.601482 0.007887  0.089152  -0.003000  0.997566  0.066881  0.019703  -0.030199  0.159753  0.986695  0.062844  -0.984889  0.161384  0.003596  -0.001516  -0.004849  -1.029534  -0.465185  0.226466  2.000000  
59.602738 0.007891  0.089151  -0.003006  0.997531  0.067278  0.020155  -0.030814  0.161379  0.986411  0.063111  -0.984597  0.163053  0.003483  -0.001535  -0.004740  -1.050033  -0.467951  0.233465  2.000000  
59.603982 0.007895  0.089149  -0.003011  0.997488  0.067707  0.020817  -0.031635  0.162870  0.986140  0.063378  -0.984322  0.164603  0.003341  -0.001626  -0.004657  -1.064957  -0.476130  0.243011  2.000000  
59.604983 0.007898  0.089147  -0.003016  0.997451  0.068099  0.021291  -0.032251  0.164135  0.985910  0.063645  -0.984084  0.165913  0.003262  -0.001652  -0.004589  -1.076470  -0.481906  0.248973  2.000000  
59.605986 0.007901  0.089145  -0.003021  0.997423  0.068359  0.021795  -0.032866  0.165285  0.985698  0.063779  -0.983874  0.167106  0.003132  -0.001684  -0.004578  -1.088183  -0.488450  0.250520  2.000000  
59.606987 0.007903  0.089142  -0.003027  0.997385  0.068754  0.022267  -0.033482  0.166549  0.985465  0.064046  -0.983633  0.168415  0.003009  -0.001758  -0.004575  -1.103739  -0.494222  0.256480  2.000000  
59.607990 0.007904  0.089138  -0.003032  0.997356  0.069018  0.022761  -0.034098  0.167816  0.985228  0.064179  -0.983399  0.169726  0.002876  -0.001890  -0.004615  -1.116381  -0.504771  0.260278  2.000000  
59.609253 0.007906  0.089133  -0.003039  0.997301  0.069588  0.023395  -0.034918  0.169299  0.984946  0.064580  -0.983105  0.171272  0.002732  -0.002089  -0.004693  -1.127607  -0.510346  0.266398  2.000000  
59.610487 0.007908  0.089128  -0.003046  0.997255  0.070028  0.024050  -0.035739  0.170785  0.984660  0.064847  -0.982817  0.172819  0.002640  -0.002213  -0.004707  -1.138085  -0.518158  0.275906  2.000000  
59.611739 0.007910  0.089123  -0.003051  0.997200  0.070506  0.024906  -0.036764  0.172256  0.984366  0.065114  -0.982526  0.174366  0.002523  -0.002373  -0.004749  -1.149325  -0.530630  0.283204  2.000000  
59.612987 0.007912  0.089117  -0.003057  0.997160  0.070915  0.025355  -0.037380  0.173754  0.984079  0.065381  -0.982232  0.175912  0.002396  -0.002642  -0.004785  -1.157224  -0.529469  0.288361  2.000000  
59.614239 0.007915  0.089112  -0.003063  0.997095  0.071533  0.026176  -0.038405  0.175337  0.983759  0.065781  -0.981906  0.177575  0.002315  -0.002862  -0.004858  -1.169681  -0.545476  0.302666  2.000000  
59.615486 0.007918  0.089107  -0.003069  0.997045  0.071985  0.026817  -0.039225  0.176938  0.983440  0.066048  -0.981586  0.179239  0.002238  -0.003133  -0.004876  -1.186194  -0.552213  0.304781  2.000000  
59.616486 0.007921  0.089102  -0.003073  0.997003  0.072397  0.027271  -0.039840  0.178314  0.983167  0.066315  -0.981307  0.180664  0.002206  -0.003379  -0.004906  -1.197626  -0.550769  0.309745  2.000000  
59.617747 0.007924  0.089097  -0.003079  0.996952  0.072854  0.027908  -0.040661  0.179913  0.982842  0.066582  -0.980981  0.182327  0.002180  -0.003649  -0.004920  -1.208786  -0.556884  0.311593  2.000000  
59.618981 0.007927  0.089091  -0.003085  0.996891  0.073440  0.028529  -0.041481  0.181386  0.982537  0.066983  -0.980666  0.183869  0.002168  -0.003838  -0.004874  -1.218539  -0.564168  0.320931  2.000000  
59.619985 0.007930  0.089086  -0.003089  0.996839  0.073894  0.029181  -0.042301  0.182744  0.982250  0.067250  -0.980380  0.185293  0.002107  -0.004103  -0.004858  -1.229684  -0.576520  0.328337  2.000000  
59.620986 0.007932  0.089081  -0.003094  0.996795  0.074309  0.029639  -0.042916  0.183998  0.981989  0.067517  -0.980114  0.186597  0.002077  -0.004313  -0.004863  -1.240065  -0.573998  0.330647  2.000000  
59.622233 0.007934  0.089073  -0.003101  0.996750  0.074736  0.030069  -0.043530  0.185608  0.981659  0.067784  -0.979778  0.188258  0.002093  -0.004538  -0.004840  -1.245735  -0.574905  0.334383  2.000000  
59.623233 0.007937  0.089067  -0.003106  0.996705  0.075153  0.030525  -0.044145  0.186860  0.981394  0.068051  -0.979508  0.189561  0.002170  -0.004663  -0.004816  -1.253814  -0.573783  0.339506  2.000000  
59.624481 0.007939  0.089059  -0.003114  0.996650  0.075622  0.031154  -0.044965  0.188452  0.981052  0.068318  -0.979167  0.191221  0.002177  -0.004859  -0.004872  -1.261160  -0.579924  0.341554  2.000000  
59.625487 0.007941  0.089053  -0.003119  0.996604  0.076042  0.031607  -0.045580  0.189702  0.980783  0.068585  -0.978893  0.192524  0.002236  -0.004972  -0.004894  -1.267822  -0.577440  0.344000  2.000000  
59.626488 0.007943  0.089047  -0.003125  0.996556  0.076372  0.032287  -0.046400  0.190942  0.980504  0.068718  -0.978626  0.193828  0.002250  -0.005110  -0.004987  -1.271406  -0.583816  0.345955  2.000000  
59.627737 0.007946  0.089040  -0.003133  0.996500  0.076843  0.032922  -0.047220  0.192412  0.980177  0.068985  -0.978301  0.195367  0.002289  -0.005244  -0.005130  -1.272411  -0.585243  0.345110  2.000000  
59.628738 0.007949  0.089034  -0.003139  0.996461  0.077141  0.033389  -0.047835  0.193785  0.979877  0.069119  -0.978006  0.196789  0.002308  -0.005313  -0.005244  -1.278585  -0.590280  0.344392  2.000000  
59.629749 0.007951  0.089028  -0.003145  0.996413  0.077568  0.033838  -0.048449  0.195032  0.979600  0.069386  -0.977725  0.198090  0.002358  -0.005441  -0.005372  -1.279589  -0.591765  0.343462  2.000000  
59.630986 0.007955  0.089021  -0.003153  0.996355  0.078142  0.034221  -0.049063  0.196747  0.979226  0.069786  -0.977335  0.199863  0.002355  -0.005617  -0.005526  -1.287545  -0.590400  0.348874  2.000000  
59.631988 0.007958  0.089014  -0.003159  0.996306  0.078576  0.034658  -0.049678  0.198110  0.978920  0.070053  -0.977025  0.201282  0.002345  -0.005761  -0.005604  -1.290195  -0.587866  0.351401  2.000000  
59.632989 0.007960  0.089008  -0.003165  0.996265  0.078875  0.035131  -0.050293  0.199361  0.978635  0.070187  -0.976747  0.202583  0.002372  -0.005857  -0.005708  -1.294147  -0.588238  0.347728  2.000000  
59.634235 0.007964  0.089000  -0.003173  0.996195  0.079501  0.035701  -0.051112  0.201175  0.978221  0.070587  -0.976324  0.204473  0.002385  -0.006035  -0.005812  -1.306206  -0.586798  0.353191  2.000000  
59.635481 0.007967  0.088991  -0.003180  0.996134  0.079993  0.036307  -0.051931  0.202875  0.977827  0.070854  -0.975932  0.206245  0.002415  -0.006176  -0.005896  -1.311086  -0.588173  0.352504  2.000000  
59.636482 0.007970  0.088984  -0.003186  0.996092  0.080303  0.036766  -0.052546  0.204242  0.977509  0.070987  -0.975621  0.207663  0.002468  -0.006266  -0.005932  -1.315166  -0.587730  0.353356  2.000000  
59.637483 0.007973  0.088977  -0.003192  0.996041  0.080739  0.037207  -0.053160  0.205482  0.977216  0.071254  -0.975325  0.208961  0.002526  -0.006332  -0.006012  -1.318981  -0.587243  0.354087  2.000000  
59.638485 0.007975  0.088969  -0.003198  0.995988  0.081177  0.037646  -0.053774  0.206722  0.976921  0.071521  -0.975026  0.210258  0.002541  -0.006468  -0.006022  -1.317874  -0.584732  0.356570  2.000000  
59.639486 0.007978  0.088962  -0.003205  0.995946  0.081486  0.038113  -0.054389  0.207968  0.976622  0.071655  -0.974736  0.211557  0.002601  -0.006547  -0.006069  -1.318630  -0.586238  0.355624  2.000000  
59.640737 0.007981  0.088952  -0.003213  0.995872  0.082113  0.038693  -0.055207  0.209537  0.976241  0.072055  -0.974347  0.213206  0.002636  -0.006668  -0.006159  -1.326656  -0.584097  0.358529  2.000000  
59.641745 0.007984  0.088945  -0.003220  0.995818  0.082555  0.039129  -0.055821  0.210774  0.975940  0.072322  -0.974042  0.214501  0.002680  -0.006730  -0.006205  -1.325156  -0.583022  0.358946  2.000000  
59.642989 0.007988  0.088936  -0.003229  0.995764  0.083013  0.039533  -0.056435  0.212366  0.975559  0.072589  -0.973658  0.216151  0.002725  -0.006794  -0.006253  -1.329980  -0.575847  0.358659  2.000000  
59.644238 0.007991  0.088927  -0.003238  0.995698  0.083521  0.040127  -0.057254  0.214057  0.975142  0.072856  -0.973244  0.217918  0.002715  -0.006941  -0.006333  -1.334986  -0.570512  0.356592  2.000000  
59.645238 0.007994  0.088921  -0.003244  0.995655  0.083923  0.040358  -0.057663  0.215308  0.974842  0.073123  -0.972933  0.219212  0.002735  -0.006959  -0.006390  -1.334579  -0.561139  0.357649  2.000000  
59.646486 0.007998  0.088912  -0.003254  0.995587  0.084430  0.040959  -0.058481  0.216879  0.974445  0.073389  -0.972541  0.220859  0.002790  -0.007018  -0.006454  -1.331041  -0.562658  0.356960  2.000000  
59.647487 0.008002  0.088906  -0.003260  0.995531  0.084884  0.041378  -0.059095  0.218229  0.974107  0.073656  -0.972199  0.222270  0.002858  -0.007027  -0.006491  -1.334852  -0.560240  0.359575  2.000000  
59.648738 0.008006  0.088897  -0.003268  0.995475  0.085345  0.041786  -0.059709  0.219697  0.973739  0.073923  -0.971828  0.223799  0.002866  -0.007102  -0.006591  -1.334370  -0.553501  0.354437  2.000000  
59.649752 0.008009  0.088889  -0.003275  0.995418  0.085801  0.042203  -0.060322  0.221046  0.973396  0.074190  -0.971482  0.225208  0.002896  -0.007121  -0.006624  -1.334225  -0.546027  0.353695  2.000000  
59.650985 0.008013  0.088880  -0.003283  0.995348  0.086316  0.042798  -0.061141  0.222611  0.972988  0.074457  -0.971079  0.226853  0.002968  -0.007138  -0.006668  -1.335365  -0.547949  0.353192  2.000000  
59.652234 0.008018  0.088871  -0.003291  0.995290  0.086786  0.043191  -0.061754  0.224194  0.972586  0.074724  -0.970673  0.228497  0.003044  -0.007181  -0.006708  -1.334618  -0.546047  0.351346  2.000000  
59.653235 0.008021  0.088863  -0.003297  0.995245  0.087201  0.043403  -0.062163  0.225557  0.972245  0.074991  -0.970319  0.229905  0.003131  -0.007153  -0.006676  -1.339105  -0.537868  0.355059  2.000000  
59.654485 0.008026  0.088854  -0.003304  0.995186  0.087674  0.043793  -0.062776  0.227138  0.971837  0.075257  -0.969908  0.231548  0.003207  -0.007158  -0.006625  -1.339586  -0.530564  0.354543  2.000000  
59.655737 0.008031  0.088845  -0.003311  0.995104  0.088335  0.044330  -0.063594  0.228926  0.971364  0.075658  -0.969427  0.233423  0.003317  -0.007129  -0.006539  -1.351397  -0.528877  0.359808  2.000000  
59.656988 0.008036  0.088837  -0.003318  0.995044  0.088812  0.044716  -0.064207  0.230504  0.970951  0.075925  -0.969010  0.235064  0.003411  -0.007147  -0.006444  -1.352193  -0.523951  0.357625  2.000000  
59.657990 0.008040  0.088830  -0.003324  0.994997  0.089231  0.044924  -0.064616  0.231864  0.970600  0.076191  -0.968647  0.236470  0.003523  -0.007118  -0.006356  -1.355968  -0.514190  0.358392  2.000000  
59.659238 0.008045  0.088821  -0.003331  0.994937  0.089715  0.045297  -0.065229  0.233557  0.970153  0.076458  -0.968195  0.238227  0.003597  -0.007138  -0.006244  -1.360559  -0.506875  0.357828  2.000000  
59.660486 0.008050  0.088813  -0.003338  0.994876  0.090196  0.045679  -0.065842  0.235132  0.969731  0.076725  -0.967769  0.239866  0.003715  -0.007088  -0.006125  -1.357101  -0.499599  0.357265  2.000000  
59.661488 0.008055  0.088806  -0.003344  0.994815  0.090661  0.046093  -0.066455  0.236352  0.969392  0.076992  -0.967429  0.241152  0.003807  -0.007076  -0.006034  -1.352744  -0.499042  0.357926  2.000000  
59.662739 0.008060  0.088797  -0.003351  0.994753  0.091150  0.046462  -0.067068  0.238042  0.968936  0.077259  -0.966968  0.242906  0.003828  -0.007095  -0.005921  -1.356606  -0.498378  0.358783  2.000000  
59.663986 0.008065  0.088789  -0.003358  0.994701  0.091506  0.046872  -0.067682  0.239622  0.968504  0.077392  -0.966544  0.244546  0.003892  -0.007101  -0.005883  -1.349236  -0.494639  0.352256  2.000000  
59.664987 0.008069  0.088781  -0.003364  0.994638  0.091981  0.047271  -0.068295  0.240957  0.968130  0.077659  -0.966167  0.245947  0.003947  -0.007093  -0.005822  -1.348538  -0.491418  0.354422  2.000000  
59.665988 0.008073  0.088775  -0.003370  0.994600  0.092272  0.047514  -0.068703  0.242202  0.967790  0.077792  -0.965828  0.247233  0.004011  -0.007039  -0.005780  -1.345335  -0.478487  0.347569  2.000000  
59.666990 0.008078  0.088768  -0.003376  0.994550  0.092694  0.047723  -0.069111  0.243437  0.967451  0.078059  -0.965477  0.248517  0.004074  -0.006983  -0.005736  -1.345716  -0.471299  0.346625  2.000000  
59.668233 0.008083  0.088760  -0.003383  0.994497  0.093055  0.048129  -0.069725  0.245013  0.967009  0.078192  -0.965044  0.250153  0.004112  -0.006916  -0.005738  -1.345889  -0.471838  0.343119  2.000000  
59.669233 0.008087  0.088753  -0.003388  0.994433  0.093528  0.048535  -0.070338  0.246228  0.966656  0.078459  -0.964689  0.251435  0.004178  -0.006885  -0.005722  -1.345821  -0.470342  0.348132  2.000000  
59.670233 0.008092  0.088746  -0.003393  0.994393  0.093824  0.048774  -0.070746  0.247469  0.966309  0.078592  -0.964342  0.252720  0.004209  -0.006856  -0.005700  -1.346009  -0.464131  0.342714  2.000000  
59.671486 0.008097  0.088738  -0.003400  0.994339  0.094195  0.049166  -0.071360  0.249160  0.965830  0.078726  -0.963871  0.254471  0.004226  -0.006824  -0.005643  -1.350980  -0.460809  0.336278  2.000000  
59.672739 0.008102  0.088730  -0.003406  0.994259  0.094736  0.049744  -0.072177  0.250586  0.965400  0.078993  -0.963448  0.255985  0.004243  -0.006778  -0.005567  -1.346895  -0.461346  0.332729  2.000000  
59.673745 0.008107  0.088724  -0.003411  0.994218  0.095034  0.049981  -0.072586  0.251826  0.965047  0.079126  -0.963095  0.257268  0.004251  -0.006730  -0.005539  -1.341892  -0.458906  0.330137  2.000000  
59.674986 0.008112  0.088715  -0.003416  0.994152  0.095532  0.050346  -0.073198  0.253386  0.964592  0.079393  -0.962636  0.258897  0.004232  -0.006738  -0.005444  -1.342162  -0.458474  0.331014  2.000000  
59.675987 0.008116  0.088708  -0.003421  0.994111  0.095833  0.050581  -0.073607  0.254624  0.964235  0.079526  -0.962280  0.260179  0.004223  -0.006712  -0.005336  -1.338316  -0.452326  0.325575  2.000000  
59.676990 0.008120  0.088702  -0.003426  0.994060  0.096262  0.050780  -0.074014  0.255852  0.963878  0.079793  -0.961911  0.261457  0.004202  -0.006729  -0.005254  -1.338696  -0.445183  0.324500  2.000000  
59.678236 0.008125  0.088694  -0.003432  0.994003  0.096636  0.051176  -0.074627  0.257419  0.963414  0.079926  -0.961456  0.263087  0.004179  -0.006684  -0.005216  -1.339825  -0.441054  0.322518  2.000000  
59.679486 0.008130  0.088685  -0.003438  0.993946  0.097011  0.051572  -0.075241  0.258985  0.962946  0.080060  -0.960997  0.264717  0.004170  -0.006658  -0.005106  -1.339836  -0.439851  0.315783  2.000000  
59.680739 0.008135  0.088677  -0.003445  0.993878  0.097515  0.051930  -0.075853  0.260541  0.962479  0.080326  -0.960526  0.266342  0.004156  -0.006643  -0.005060  -1.339341  -0.432326  0.314608  2.000000  
59.681748 0.008139  0.088670  -0.003450  0.993847  0.097686  0.052208  -0.076262  0.261668  0.962140  0.080326  -0.960202  0.267507  0.004131  -0.006621  -0.005046  -1.330693  -0.433997  0.306373  2.000000  
59.683028 0.008144  0.088662  -0.003457  0.993794  0.098139  0.052366  -0.076670  0.263241  0.961679  0.080593  -0.959725  0.269132  0.004107  -0.006601  -0.004999  -1.329754  -0.426358  0.305072  2.000000  
59.684239 0.008149  0.088654  -0.003463  0.993736  0.098513  0.052769  -0.077282  0.264687  0.961233  0.080726  -0.959289  0.270642  0.004128  -0.006562  -0.004969  -1.327331  -0.427544  0.301818  2.000000  
59.685481 0.008155  0.088646  -0.003470  0.993693  0.098840  0.052961  -0.077691  0.266268  0.960763  0.080860  -0.958818  0.272267  0.004135  -0.006530  -0.005006  -1.320549  -0.416052  0.290485  2.000000  
59.686483 0.008158  0.088640  -0.003474  0.993650  0.099148  0.053188  -0.078099  0.267499  0.960388  0.080993  -0.958444  0.273544  0.004088  -0.006552  -0.004992  -1.320156  -0.416710  0.286624  2.000000  
59.687483 0.008163  0.088634  -0.003479  0.993607  0.099458  0.053414  -0.078507  0.268729  0.960011  0.081127  -0.958067  0.274819  0.004114  -0.006516  -0.004998  -1.317371  -0.412948  0.284777  2.000000  
59.688738 0.008168  0.088625  -0.003486  0.993548  0.099836  0.053813  -0.079120  0.270171  0.959556  0.081260  -0.957622  0.276327  0.004090  -0.006556  -0.004995  -1.308052  -0.411390  0.277389  2.000000  
59.689749 0.008172  0.088618  -0.003490  0.993515  0.100013  0.054087  -0.079529  0.271293  0.959205  0.081260  -0.957286  0.277488  0.004086  -0.006564  -0.005003  -1.300992  -0.415522  0.273089  2.000000  
59.690983 0.008178  0.088610  -0.003496  0.993455  0.100401  0.054472  -0.080142  0.272850  0.958713  0.081393  -0.956803  0.279110  0.004129  -0.006556  -0.004962  -1.300867  -0.416203  0.269480  2.000000  
59.691989 0.008182  0.088603  -0.003499  0.993411  0.100708  0.054707  -0.080550  0.273961  0.958362  0.081527  -0.956454  0.280267  0.004122  -0.006577  -0.004916  -1.296267  -0.407089  0.264350  2.000000  
59.692990 0.008186  0.088596  -0.003504  0.993383  0.100965  0.054733  -0.080754  0.275208  0.957987  0.081660  -0.956068  0.281540  0.004157  -0.006613  -0.004847  -1.296939  -0.400134  0.263112  2.000000  
59.694235 0.008192  0.088587  -0.003509  0.993333  0.101222  0.055165  -0.081367  0.276656  0.957518  0.081660  -0.955623  0.283047  0.004189  -0.006621  -0.004759  -1.288676  -0.402051  0.255106  2.000000  
59.695241 0.008196  0.088580  -0.003513  0.993289  0.101530  0.055398  -0.081775  0.277765  0.957162  0.081793  -0.955269  0.284203  0.004249  -0.006603  -0.004677  -1.284948  -0.395028  0.253752  2.000000  
59.696483 0.008203  0.088572  -0.003518  0.993255  0.101732  0.055632  -0.082184  0.279232  0.956700  0.081793  -0.954819  0.285709  0.004334  -0.006616  -0.004594  -1.278429  -0.393801  0.243676  2.000000  
59.697486 0.008207  0.088565  -0.003522  0.993210  0.102043  0.055864  -0.082592  0.280340  0.956341  0.081927  -0.954462  0.286864  0.004336  -0.006663  -0.004536  -1.273453  -0.391349  0.240134  2.000000  
59.698486 0.008212  0.088559  -0.003526  0.993176  0.102219  0.056146  -0.083001  0.281341  0.956011  0.081927  -0.954148  0.287906  0.004424  -0.006690  -0.004460  -1.265785  -0.385617  0.234405  2.000000  
59.699486 0.008218  0.088552  -0.003530  0.993159  0.102346  0.056219  -0.083206  0.282480  0.955658  0.081927  -0.953798  0.289063  0.004504  -0.006726  -0.004350  -1.262637  -0.380019  0.228766  2.000000  
59.700739 0.008224  0.088544  -0.003535  0.993097  0.102730  0.056621  -0.083818  0.283796  0.955214  0.082060  -0.953366  0.290448  0.004553  -0.006763  -0.004293  -1.253656  -0.380655  0.224902  2.000000  
59.701742 0.008229  0.088537  -0.003539  0.993062  0.102916  0.056890  -0.084227  0.284912  0.954846  0.082060  -0.953013  0.291604  0.004633  -0.006753  -0.004239  -1.249974  -0.374927  0.219147  2.000000  
59.702985 0.008236  0.088528  -0.003544  0.993027  0.103116  0.057133  -0.084636  0.286260  0.954407  0.082060  -0.952587  0.292991  0.004730  -0.006807  -0.004150  -1.242529  -0.370489  0.209225  2.000000  
59.704231 0.008242  0.088519  -0.003550  0.992981  0.103452  0.057324  -0.085044  0.287711  0.953934  0.082193  -0.952114  0.294489  0.004813  -0.006897  -0.004120  -1.240371  -0.367144  0.208043  2.000000  
59.705486 0.008248  0.088509  -0.003554  0.992929  0.103713  0.057762  -0.085657  0.289035  0.953479  0.082193  -0.951684  0.295875  0.004822  -0.006954  -0.004085  -1.235020  -0.365760  0.199861  2.000000  
59.706732 0.008254  0.088499  -0.003559  0.992893  0.103910  0.058016  -0.086066  0.290264  0.953068  0.082193  -0.951288  0.297144  0.004909  -0.007039  -0.004064  -1.225040  -0.363795  0.194451  2.000000  
59.707737 0.008259  0.088492  -0.003563  0.992858  0.104100  0.058282  -0.086475  0.291377  0.952692  0.082193  -0.950927  0.298298  0.004904  -0.007090  -0.003996  -1.218543  -0.368967  0.187917  2.000000  
59.708981 0.008265  0.088481  -0.003568  0.992822  0.104305  0.058522  -0.086884  0.292721  0.952243  0.082193  -0.950492  0.299682  0.004951  -0.007202  -0.003985  -1.209206  -0.360405  0.180713  2.000000  
59.709986 0.008270  0.088474  -0.003571  0.992786  0.104490  0.058800  -0.087292  0.293717  0.951898  0.082193  -0.950164  0.300719  0.005005  -0.007253  -0.003929  -1.204983  -0.361415  0.176828  2.000000  
59.711236 0.008277  0.088464  -0.003575  0.992739  0.104824  0.059000  -0.087700  0.295048  0.951449  0.082327  -0.949715  0.302099  0.005046  -0.007362  -0.003889  -1.197469  -0.354596  0.175453  2.000000  
59.712486 0.008284  0.088453  -0.003579  0.992685  0.105085  0.059447  -0.088313  0.296252  0.951018  0.082327  -0.949311  0.303366  0.005074  -0.007493  -0.003796  -1.188650  -0.362126  0.173637  2.000000  
59.713487 0.008289  0.088445  -0.003582  0.992667  0.105211  0.059528  -0.088518  0.297269  0.950682  0.082327  -0.948979  0.304402  0.005106  -0.007600  -0.003748  -1.181163  -0.356668  0.167843  2.000000  
59.714738 0.008296  0.088434  -0.003587  0.992612  0.105475  0.059975  -0.089131  0.298472  0.950247  0.082327  -0.948572  0.305668  0.005134  -0.007709  -0.003701  -1.170350  -0.360587  0.165490  2.000000  
59.715990 0.008302  0.088424  -0.003591  0.992575  0.105678  0.060225  -0.089539  0.299696  0.949824  0.082327  -0.948164  0.306933  0.005110  -0.007920  -0.003639  -1.158696  -0.356371  0.155433  2.000000  
59.717236 0.008309  0.088413  -0.003596  0.992538  0.105883  0.060475  -0.089948  0.300919  0.949398  0.082327  -0.947753  0.308198  0.005135  -0.008020  -0.003592  -1.149223  -0.354561  0.150371  2.000000  
59.718482 0.008314  0.088402  -0.003600  0.992490  0.106214  0.060683  -0.090356  0.302131  0.948975  0.082460  -0.947331  0.309459  0.005091  -0.008177  -0.003554  -1.139213  -0.350758  0.150218  2.000000  
59.719485 0.008319  0.088393  -0.003604  0.992453  0.106405  0.060958  -0.090764  0.303123  0.948619  0.082460  -0.946992  0.310493  0.005092  -0.008300  -0.003541  -1.133584  -0.347626  0.149301  2.000000  
59.720732 0.008325  0.088381  -0.003608  0.992415  0.106611  0.061206  -0.091173  0.304344  0.948189  0.082460  -0.946577  0.311756  0.005095  -0.008439  -0.003516  -1.125615  -0.348772  0.145565  2.000000  
59.721745 0.008330  0.088372  -0.003612  0.992378  0.106796  0.061493  -0.091582  0.305220  0.947868  0.082460  -0.946274  0.312674  0.005077  -0.008518  -0.003513  -1.114831  -0.346142  0.140838  2.000000  
59.722985 0.008336  0.088359  -0.003617  0.992340  0.106997  0.061753  -0.091990  0.306326  0.947472  0.082460  -0.945894  0.313822  0.005054  -0.008668  -0.003546  -1.101312  -0.351064  0.137938  2.000000  
59.723987 0.008341  0.088350  -0.003621  0.992302  0.107191  0.062026  -0.092399  0.307316  0.947111  0.082460  -0.945551  0.314854  0.005016  -0.008804  -0.003568  -1.094568  -0.347166  0.137468  2.000000  
59.725237 0.008347  0.088338  -0.003625  0.992264  0.107393  0.062286  -0.092807  0.308420  0.946712  0.082460  -0.945169  0.316001  0.005023  -0.008919  -0.003576  -1.085629  -0.345514  0.132511  2.000000  
59.726491 0.008354  0.088326  -0.003630  0.992206  0.107652  0.062753  -0.093420  0.309387  0.946336  0.082460  -0.944823  0.317033  0.005030  -0.009033  -0.003611  -1.069552  -0.354742  0.136198  2.000000  
59.727738 0.008360  0.088314  -0.003634  0.992168  0.107856  0.063012  -0.093829  0.310490  0.945934  0.082460  -0.944438  0.318179  0.005005  -0.009172  -0.003641  -1.057829  -0.349334  0.130307  2.000000  
59.728988 0.008367  0.088302  -0.003638  0.992118  0.108186  0.063228  -0.094236  0.311581  0.945535  0.082593  -0.944041  0.319320  0.004992  -0.009309  -0.003594  -1.053128  -0.344943  0.133879  2.000000  
59.730240 0.008374  0.088289  -0.003642  0.992079  0.108392  0.063486  -0.094645  0.312683  0.945130  0.082593  -0.943653  0.320465  0.005025  -0.009418  -0.003547  -1.045468  -0.348962  0.131206  2.000000  
59.731486 0.008381  0.088276  -0.003646  0.992040  0.108590  0.063757  -0.095053  0.313670  0.944762  0.082593  -0.943302  0.321495  0.005080  -0.009551  -0.003512  -1.030081  -0.342341  0.129594  2.000000  
59.732486 0.008386  0.088266  -0.003649  0.992020  0.108717  0.063846  -0.095257  0.314564  0.944444  0.082593  -0.942990  0.322410  0.005074  -0.009672  -0.003511  -1.022193  -0.335538  0.127800  2.000000  
59.733742 0.008393  0.088253  -0.003653  0.991970  0.109042  0.064073  -0.095665  0.315538  0.944078  0.082727  -0.942627  0.323436  0.005114  -0.009805  -0.003451  -1.009660  -0.335287  0.128194  2.000000  
59.734742 0.008398  0.088242  -0.003655  0.991931  0.109227  0.064369  -0.096073  0.316295  0.943784  0.082727  -0.942352  0.324236  0.005180  -0.009878  -0.003375  -0.997466  -0.335165  0.128544  2.000000  
59.735981 0.008405  0.088229  -0.003660  0.991891  0.109427  0.064638  -0.096482  0.317280  0.943411  0.082727  -0.941997  0.325265  0.005257  -0.009963  -0.003342  -0.985712  -0.335162  0.129032  2.000000  
59.736986 0.008410  0.088218  -0.003663  0.991851  0.109613  0.064933  -0.096890  0.318036  0.943115  0.082727  -0.941721  0.326065  0.005272  -0.010059  -0.003280  -0.977347  -0.332209  0.128219  2.000000  
59.737987 0.008416  0.088207  -0.003666  0.991831  0.109734  0.065034  -0.097094  0.318814  0.942831  0.082727  -0.941444  0.326864  0.005351  -0.010145  -0.003246  -0.965637  -0.328266  0.127503  2.000000  
59.739231 0.008423  0.088194  -0.003670  0.991780  0.110062  0.065259  -0.097501  0.319785  0.942460  0.082860  -0.941076  0.327888  0.005370  -0.010207  -0.003205  -0.957894  -0.324096  0.131072  2.000000  
59.740234 0.008429  0.088184  -0.003673  0.991740  0.110249  0.065553  -0.097910  0.320540  0.942161  0.082860  -0.940797  0.328687  0.005441  -0.010269  -0.003184  -0.945120  -0.331841  0.129328  2.000000  
59.741489 0.008436  0.088171  -0.003677  0.991699  0.110453  0.065821  -0.098318  0.321523  0.941784  0.082860  -0.940438  0.329714  0.005480  -0.010356  -0.003184  -0.937434  -0.325139  0.127538  2.000000  
59.742740 0.008443  0.088157  -0.003681  0.991659  0.110650  0.066101  -0.098726  0.322391  0.941444  0.082860  -0.940117  0.330626  0.005502  -0.010432  -0.003166  -0.925416  -0.321141  0.126821  2.000000  
59.743742 0.008448  0.088146  -0.003684  0.991627  0.110897  0.066157  -0.098929  0.323155  0.941161  0.082993  -0.939826  0.331421  0.005542  -0.010523  -0.003167  -0.917131  -0.319542  0.131378  2.000000  
59.744987 0.008456  0.088133  -0.003688  0.991566  0.111162  0.066630  -0.099542  0.324000  0.940806  0.082993  -0.939504  0.332332  0.005562  -0.010585  -0.003145  -0.905042  -0.319440  0.131766  2.000000  
59.745987 0.008462  0.088122  -0.003691  0.991546  0.111277  0.066743  -0.099746  0.324661  0.940556  0.082993  -0.939262  0.333016  0.005569  -0.010612  -0.003132  -0.893567  -0.316714  0.130934  2.000000  
59.746989 0.008467  0.088111  -0.003694  0.991505  0.111459  0.067049  -0.100154  0.325300  0.940292  0.082993  -0.939019  0.333700  0.005584  -0.010666  -0.003108  -0.881387  -0.316576  0.131215  2.000000  
59.748237 0.008474  0.088098  -0.003697  0.991452  0.111784  0.067283  -0.100561  0.326154  0.939953  0.083127  -0.938684  0.334607  0.005601  -0.010723  -0.003069  -0.868177  -0.318996  0.132694  2.000000  
59.749486 0.008481  0.088084  -0.003700  0.991411  0.111975  0.067575  -0.100970  0.326906  0.939648  0.083127  -0.938400  0.335404  0.005595  -0.010747  -0.003023  -0.852338  -0.319026  0.133115  2.000000  
59.750486 0.008486  0.088072  -0.003703  0.991369  0.112159  0.067881  -0.101378  0.327543  0.939382  0.083127  -0.938155  0.336087  0.005612  -0.010805  -0.003014  -0.839673  -0.318741  0.133337  2.000000  
59.751740 0.008493  0.088058  -0.003706  0.991316  0.112485  0.068113  -0.101785  0.328396  0.939040  0.083260  -0.937818  0.336993  0.005592  -0.010826  -0.002932  -0.832904  -0.314596  0.136789  2.000000  
