1-Time 2-Px 3-Py 4-Pz 5-R11 6-R21 7-R31 8-R12 9-R22 10-R32 11-R13 12-R23 13-R33 14-Vx 15-Vy 16-Vz 17-Wx 18-Wy 19-Wz 20-state 21-PR11 22-PR21 23-PR31 24-PR12 25-PR22 26-PR32 27-PR13 28-PR23 29-PR33 
186.649671 0.003651  0.090043  -0.007577  0.992557  0.121248  -0.011346  -0.120949  0.992366  0.024109  0.014182  -0.022557  0.999645  0.000075  0.000049  0.000005  0.000000  0.000000  0.000000  2.000000  
186.650674 0.003651  0.090042  -0.007577  0.992557  0.121248  -0.011346  -0.120949  0.992366  0.024109  0.014182  -0.022557  0.999645  0.000070  0.000028  0.000050  0.000000  0.000000  0.000000  2.000000  
186.651687 0.003651  0.090041  -0.007577  0.992483  0.121861  -0.011331  -0.121562  0.992291  0.024116  0.014182  -0.022557  0.999645  0.000076  -0.000074  0.000026  0.000000  0.000000  0.000000  2.000000  
186.652925 0.003650  0.090038  -0.007579  0.992382  0.122678  -0.011311  -0.122379  0.992190  0.024125  0.014182  -0.022557  0.999645  0.000047  -0.000282  -0.000053  0.000000  0.000000  0.000000  2.000000  
186.654172 0.003651  0.090034  -0.007580  0.992333  0.123085  -0.011153  -0.122788  0.992137  0.024234  0.014048  -0.022678  0.999644  0.000079  -0.000516  -0.000126  0.000000  0.000000  0.000000  2.000000  
186.655174 0.003651  0.090031  -0.007580  0.992283  0.123495  -0.011128  -0.123197  0.992083  0.024359  0.014048  -0.022800  0.999641  0.000090  -0.000721  -0.000175  0.000000  0.000000  0.000000  2.000000  
186.656423 0.003652  0.090028  -0.007580  0.992203  0.124113  -0.011379  -0.123809  0.992006  0.024399  0.014316  -0.022800  0.999638  0.000127  -0.000920  -0.000158  0.000000  0.000000  0.000000  2.000000  
186.657437 0.003652  0.090026  -0.007580  0.992099  0.124935  -0.011476  -0.124626  0.991900  0.024545  0.014450  -0.022921  0.999633  0.000148  -0.001071  -0.000162  0.000000  0.000000  0.000000  2.000000  
186.658438 0.003653  0.090025  -0.007580  0.991994  0.125754  -0.011589  -0.125442  0.991797  0.024571  0.014584  -0.022921  0.999631  0.000200  -0.001196  -0.000146  0.000000  0.000000  0.000000  2.000000  
186.659671 0.003654  0.090022  -0.007580  0.991862  0.126780  -0.011681  -0.126463  0.991663  0.024720  0.014717  -0.023042  0.999626  0.000274  -0.001350  -0.000155  0.019207  0.013408  0.200999  2.000000  
186.660674 0.003655  0.090020  -0.007581  0.991758  0.127596  -0.011660  -0.127280  0.991558  0.024730  0.014717  -0.023042  0.999626  0.000313  -0.001484  -0.000239  0.019604  0.012776  0.228638  2.000000  
186.661925 0.003657  0.090019  -0.007583  0.991598  0.128826  -0.011747  -0.128505  0.991397  0.024882  0.014851  -0.023163  0.999621  0.000448  -0.001598  -0.000342  0.024198  0.016467  0.263327  2.000000  
186.662934 0.003659  0.090018  -0.007582  0.991492  0.129642  -0.011726  -0.129321  0.991290  0.024891  0.014851  -0.023163  0.999621  0.000537  -0.001675  -0.000351  0.024592  0.015828  0.290889  2.000000  
186.664172 0.003661  0.090016  -0.007581  0.991331  0.130866  -0.011696  -0.130546  0.991129  0.024906  0.014851  -0.023163  0.999621  0.000668  -0.001797  -0.000275  0.025215  0.014892  0.332649  2.000000  
186.665422 0.003662  0.090013  -0.007582  0.991169  0.132090  -0.011665  -0.131770  0.990967  0.024920  0.014851  -0.023163  0.999621  0.000778  -0.001999  -0.000318  0.025597  0.013823  0.370968  2.000000  
186.666679 0.003664  0.090008  -0.007583  0.991031  0.133113  -0.011772  -0.132790  0.990830  0.024950  0.014985  -0.023163  0.999619  0.000876  -0.002156  -0.000395  0.026331  0.017638  0.408603  2.000000  
186.667924 0.003667  0.090004  -0.007584  0.990864  0.134340  -0.011873  -0.134014  0.990664  0.024982  0.015119  -0.023163  0.999617  0.001068  -0.002280  -0.000359  0.026972  0.021188  0.450291  2.000000  
186.668930 0.003668  0.089999  -0.007584  0.990751  0.135159  -0.011985  -0.134830  0.990553  0.025010  0.015252  -0.023163  0.999615  0.001187  -0.002386  -0.000275  0.027405  0.025047  0.477992  2.000000  
186.670176 0.003671  0.089992  -0.007583  0.990584  0.136384  -0.011938  -0.136053  0.990382  0.025145  0.015252  -0.023284  0.999613  0.001326  -0.002616  -0.000223  0.032090  0.024065  0.519455  2.000000  
186.671176 0.003674  0.089985  -0.007584  0.990444  0.137403  -0.011912  -0.137073  0.990241  0.025157  0.015252  -0.023284  0.999613  0.001522  -0.002920  -0.000245  0.032606  0.023277  0.554148  2.000000  
186.672430 0.003679  0.089978  -0.007584  0.990273  0.138627  -0.011881  -0.138296  0.990071  0.025172  0.015252  -0.023284  0.999613  0.001781  -0.003253  -0.000272  0.033105  0.022477  0.588550  2.000000  
186.673433 0.003683  0.089971  -0.007584  0.990131  0.139646  -0.011855  -0.139315  0.989928  0.025184  0.015252  -0.023284  0.999613  0.001997  -0.003584  -0.000318  0.033613  0.021684  0.623104  2.000000  
186.674438 0.003687  0.089964  -0.007586  0.990044  0.140256  -0.011856  -0.139927  0.989844  0.025072  0.015252  -0.023163  0.999615  0.002208  -0.003978  -0.000400  0.029837  0.021243  0.643726  2.000000  
186.675676 0.003691  0.089953  -0.007588  0.989900  0.141274  -0.011831  -0.140946  0.989699  0.025084  0.015252  -0.023163  0.999615  0.002436  -0.004545  -0.000451  0.030359  0.020461  0.678578  2.000000  
186.676676 0.003695  0.089945  -0.007590  0.989783  0.142089  -0.011810  -0.141761  0.989583  0.025094  0.015252  -0.023163  0.999615  0.002616  -0.005007  -0.000507  0.030765  0.019828  0.706211  2.000000  
186.677677 0.003700  0.089936  -0.007592  0.989696  0.142699  -0.011812  -0.142372  0.989498  0.024981  0.015252  -0.023042  0.999618  0.002801  -0.005531  -0.000643  0.026993  0.019397  0.726929  2.000000  
186.678922 0.003704  0.089925  -0.007594  0.989551  0.143714  -0.011654  -0.143391  0.989351  0.024974  0.015119  -0.023042  0.999620  0.002937  -0.006127  -0.000823  0.027457  0.014116  0.761545  2.000000  
186.679923 0.003708  0.089916  -0.007596  0.989462  0.144324  -0.011656  -0.144002  0.989265  0.024861  0.015119  -0.022921  0.999623  0.003081  -0.006563  -0.000952  0.023491  0.013578  0.775921  2.000000  
186.680926 0.003711  0.089906  -0.007597  0.989404  0.144727  -0.011531  -0.144410  0.989209  0.024726  0.014985  -0.022799  0.999628  0.003218  -0.006963  -0.000958  0.019655  0.009084  0.789074  2.000000  
186.682175 0.003715  0.089895  -0.007599  0.989287  0.145537  -0.011396  -0.145225  0.989093  0.024597  0.014851  -0.022678  0.999633  0.003353  -0.007443  -0.000999  0.015528  0.004637  0.789044  2.000000  
186.683176 0.003718  0.089885  -0.007601  0.989197  0.146147  -0.011398  -0.145836  0.989006  0.024484  0.014851  -0.022557  0.999635  0.003425  -0.007849  -0.001099  0.007375  0.004638  0.789073  2.000000  
186.684429 0.003721  0.089872  -0.007601  0.989109  0.146752  -0.011286  -0.146447  0.988922  0.024231  0.014717  -0.022314  0.999643  0.003467  -0.008284  -0.001218  -0.000680  0.004385  0.796287  2.000000  
186.685433 0.003724  0.089861  -0.007602  0.989051  0.147154  -0.011162  -0.146855  0.988865  0.024096  0.014584  -0.022193  0.999647  0.003471  -0.008624  -0.001247  -0.008770  -0.004534  0.796432  2.000000  
186.686435 0.003726  0.089850  -0.007603  0.988960  0.147764  -0.011165  -0.147466  0.988776  0.023983  0.014584  -0.022072  0.999650  0.003342  -0.008929  -0.001339  -0.017035  -0.008908  0.795505  2.000000  
186.687441 0.003727  0.089839  -0.007605  0.988931  0.147963  -0.011046  -0.147670  0.988749  0.023846  0.014450  -0.021951  0.999655  0.003201  -0.009232  -0.001397  -0.021351  -0.021871  0.774167  2.000000  
186.688675 0.003729  0.089825  -0.007607  0.988840  0.148571  -0.011067  -0.148280  0.988663  0.023613  0.014450  -0.021708  0.999660  0.002972  -0.009588  -0.001475  -0.033742  -0.026021  0.760639  2.000000  
186.689687 0.003729  0.089814  -0.007608  0.988779  0.148977  -0.011075  -0.148687  0.988605  0.023497  0.014450  -0.021587  0.999663  0.002759  -0.009858  -0.001453  -0.038008  -0.025657  0.746551  2.000000  
186.690926 0.003730  0.089799  -0.007610  0.988719  0.149378  -0.010970  -0.149095  0.988550  0.023242  0.014316  -0.021344  0.999670  0.002478  -0.010155  -0.001398  -0.050555  -0.034152  0.725888  2.000000  
186.691926 0.003730  0.089788  -0.007611  0.988658  0.149784  -0.010978  -0.149502  0.988491  0.023127  0.014316  -0.021223  0.999672  0.002222  -0.010373  -0.001377  -0.054939  -0.033649  0.705186  2.000000  
186.693176 0.003730  0.089772  -0.007614  0.988598  0.150186  -0.010873  -0.149909  0.988435  0.022871  0.014182  -0.020981  0.999679  0.001863  -0.010646  -0.001396  -0.063442  -0.037602  0.684348  2.000000  
186.694176 0.003728  0.089759  -0.007617  0.988538  0.150587  -0.010768  -0.150317  0.988379  0.022616  0.014048  -0.020738  0.999686  0.001508  -0.010920  -0.001474  -0.071989  -0.041586  0.663930  2.000000  
186.695423 0.003725  0.089743  -0.007620  0.988476  0.150991  -0.010795  -0.150724  0.988323  0.022381  0.014048  -0.020496  0.999691  0.001018  -0.011276  -0.001613  -0.080451  -0.045370  0.635716  2.000000  
186.696427 0.003723  0.089729  -0.007624  0.988416  0.151394  -0.010672  -0.151131  0.988263  0.022245  0.013915  -0.020375  0.999696  0.000626  -0.011528  -0.001737  -0.084780  -0.049531  0.621854  2.000000  
186.697437 0.003721  0.089717  -0.007627  0.988385  0.151595  -0.010704  -0.151334  0.988238  0.022008  0.013915  -0.020132  0.999700  0.000250  -0.011699  -0.001860  -0.092414  -0.053055  0.595972  2.000000  
186.698671 0.003718  0.089702  -0.007632  0.988324  0.151998  -0.010581  -0.151742  0.988178  0.021872  0.013781  -0.020011  0.999705  -0.000139  -0.011902  -0.002066  -0.096783  -0.061509  0.575360  2.000000  
186.699676 0.003714  0.089689  -0.007635  0.988293  0.152199  -0.010614  -0.151945  0.988152  0.021634  0.013781  -0.019768  0.999710  -0.000562  -0.012055  -0.002252  -0.106219  -0.061192  0.545416  2.000000  
186.700921 0.003709  0.089673  -0.007640  0.988230  0.152603  -0.010642  -0.152352  0.988095  0.021399  0.013781  -0.019526  0.999714  -0.001006  -0.012195  -0.002465  -0.117809  -0.060232  0.520501  2.000000  
186.701931 0.003706  0.089660  -0.007644  0.988201  0.152803  -0.010524  -0.152556  0.988066  0.021261  0.013647  -0.019404  0.999719  -0.001461  -0.012375  -0.002711  -0.123345  -0.064431  0.489914  2.000000  
186.703176 0.003701  0.089644  -0.007649  0.988138  0.153207  -0.010552  -0.152963  0.988008  0.021025  0.013647  -0.019162  0.999723  -0.001841  -0.012452  -0.002842  -0.130739  -0.063417  0.465401  2.000000  
186.704180 0.003696  0.089632  -0.007651  0.988108  0.153405  -0.010453  -0.153166  0.987982  0.020767  0.013513  -0.018919  0.999730  -0.002220  -0.012508  -0.002957  -0.136271  -0.067937  0.448557  2.000000  
186.705429 0.003691  0.089617  -0.007655  0.988045  0.153810  -0.010482  -0.153573  0.987924  0.020532  0.013513  -0.018677  0.999734  -0.002596  -0.012561  -0.003096  -0.144667  -0.067421  0.427632  2.000000  
186.706447 0.003687  0.089606  -0.007657  0.988013  0.154012  -0.010496  -0.153776  0.987895  0.020414  0.013513  -0.018556  0.999737  -0.002928  -0.012516  -0.003179  -0.148953  -0.066922  0.406641  2.000000  
186.707677 0.003682  0.089591  -0.007660  0.987982  0.154211  -0.010548  -0.153980  0.987870  0.020057  0.013513  -0.018192  0.999743  -0.003205  -0.012447  -0.003180  -0.157480  -0.066429  0.386114  2.000000  
186.708925 0.003677  0.089577  -0.007663  0.987918  0.154616  -0.010577  -0.154387  0.987812  0.019822  0.013513  -0.017949  0.999748  -0.003486  -0.012341  -0.003141  -0.161805  -0.061590  0.372442  2.000000  
186.709926 0.003673  0.089565  -0.007667  0.987886  0.154816  -0.010611  -0.154590  0.987785  0.019584  0.013513  -0.017707  0.999752  -0.003614  -0.012261  -0.003161  -0.170157  -0.061264  0.358614  2.000000  
186.710927 0.003669  0.089554  -0.007669  0.987854  0.155017  -0.010644  -0.154793  0.987757  0.019347  0.013513  -0.017464  0.999756  -0.003724  -0.012152  -0.003126  -0.174464  -0.056426  0.344897  2.000000  
186.711928 0.003666  0.089543  -0.007672  0.987823  0.155218  -0.010678  -0.154997  0.987730  0.019110  0.013513  -0.017222  0.999760  -0.003790  -0.012023  -0.003107  -0.178745  -0.051587  0.331134  2.000000  
186.713173 0.003662  0.089529  -0.007676  0.987791  0.155419  -0.010712  -0.155200  0.987703  0.018872  0.013513  -0.016979  0.999765  -0.003805  -0.011899  -0.003094  -0.181529  -0.050836  0.314727  2.000000  
186.714176 0.003660  0.089518  -0.007679  0.987759  0.155621  -0.010727  -0.155404  0.987673  0.018755  0.013513  -0.016858  0.999767  -0.003739  -0.011764  -0.003018  -0.179189  -0.046436  0.303624  2.000000  
186.715177 0.003657  0.089508  -0.007682  0.987727  0.155821  -0.010761  -0.155607  0.987645  0.018517  0.013513  -0.016615  0.999771  -0.003663  -0.011620  -0.002949  -0.181874  -0.041406  0.294357  2.000000  
186.716427 0.003655  0.089495  -0.007685  0.987727  0.155819  -0.010799  -0.155607  0.987650  0.018278  0.013513  -0.016373  0.999775  -0.003507  -0.011438  -0.002847  -0.186226  -0.040961  0.273807  2.000000  
186.717438 0.003654  0.089485  -0.007687  0.987695  0.156021  -0.010814  -0.155810  0.987620  0.018160  0.013513  -0.016252  0.999777  -0.003323  -0.011242  -0.002734  -0.186213  -0.036461  0.273851  2.000000  
186.718681 0.003652  0.089472  -0.007691  0.987664  0.156219  -0.010716  -0.156014  0.987593  0.017902  0.013379  -0.016009  0.999782  -0.003082  -0.011028  -0.002721  -0.187927  -0.040923  0.262153  2.000000  
186.719925 0.003650  0.089460  -0.007694  0.987632  0.156421  -0.010731  -0.156217  0.987563  0.017784  0.013379  -0.015888  0.999784  -0.002851  -0.010907  -0.002705  -0.186501  -0.040431  0.253174  2.000000  
186.720929 0.003650  0.089450  -0.007696  0.987632  0.156420  -0.010750  -0.156217  0.987565  0.017664  0.013379  -0.015767  0.999786  -0.002546  -0.010713  -0.002676  -0.184256  -0.035835  0.234588  2.000000  
186.722175 0.003650  0.089438  -0.007699  0.987600  0.156621  -0.010784  -0.156420  0.987537  0.017427  0.013379  -0.015524  0.999790  -0.002279  -0.010575  -0.002676  -0.182772  -0.035490  0.232706  2.000000  
186.723175 0.003651  0.089430  -0.007700  0.987600  0.156619  -0.010803  -0.156420  0.987539  0.017307  0.013379  -0.015403  0.999792  -0.001956  -0.010380  -0.002593  -0.182966  -0.030751  0.219056  2.000000  
186.724176 0.003651  0.089421  -0.007702  0.987568  0.156821  -0.010819  -0.156624  0.987509  0.017190  0.013379  -0.015281  0.999794  -0.001676  -0.010208  -0.002495  -0.179030  -0.026128  0.212281  2.000000  
186.725429 0.003652  0.089411  -0.007702  0.987568  0.156819  -0.010857  -0.156624  0.987513  0.016950  0.013379  -0.015039  0.999797  -0.001221  -0.009864  -0.002293  -0.180708  -0.026047  0.200216  2.000000  
186.726674 0.003653  0.089401  -0.007703  0.987535  0.157019  -0.010892  -0.156827  0.987485  0.016713  0.013379  -0.014796  0.999801  -0.000825  -0.009586  -0.002081  -0.180938  -0.021263  0.186494  2.000000  
186.727921 0.003655  0.089392  -0.007703  0.987503  0.157221  -0.010907  -0.157030  0.987454  0.016595  0.013379  -0.014675  0.999803  -0.000490  -0.009298  -0.001864  -0.179449  -0.021066  0.184962  2.000000  
186.728927 0.003658  0.089386  -0.007703  0.987503  0.157219  -0.010945  -0.157030  0.987458  0.016356  0.013379  -0.014433  0.999806  -0.000143  -0.008986  -0.001652  -0.180998  -0.016575  0.179614  2.000000  
186.730176 0.003660  0.089377  -0.007702  0.987471  0.157421  -0.010961  -0.157234  0.987428  0.016238  0.013379  -0.014311  0.999808  0.000206  -0.008702  -0.001379  -0.175575  -0.016291  0.171295  2.000000  
186.731426 0.003663  0.089370  -0.007702  0.987438  0.157621  -0.010996  -0.157437  0.987399  0.016001  0.013379  -0.014069  0.999812  0.000548  -0.008343  -0.001130  -0.177210  -0.011777  0.165946  2.000000  
186.732676 0.003666  0.089363  -0.007701  0.987438  0.157620  -0.011015  -0.157437  0.987401  0.015881  0.013379  -0.013947  0.999813  0.000889  -0.007931  -0.000801  -0.175773  -0.011541  0.157653  2.000000  
186.733923 0.003669  0.089355  -0.007701  0.987406  0.157821  -0.011050  -0.157640  0.987373  0.015644  0.013379  -0.013705  0.999817  0.001157  -0.007676  -0.000636  -0.175895  -0.006932  0.150886  2.000000  
186.734929 0.003671  0.089348  -0.007701  0.987373  0.158024  -0.011047  -0.157844  0.987340  0.015646  0.013379  -0.013705  0.999817  0.001416  -0.007385  -0.000439  -0.169272  -0.006858  0.145201  2.000000  
186.735930 0.003673  0.089342  -0.007701  0.987341  0.158226  -0.011063  -0.158047  0.987310  0.015529  0.013379  -0.013584  0.999818  0.001571  -0.007197  -0.000260  0.000000  0.000000  0.000000  2.000000  
186.737176 0.003676  0.089334  -0.007702  0.987308  0.158428  -0.011079  -0.158250  0.987279  0.015411  0.013379  -0.013462  0.999820  0.001767  -0.006944  -0.000151  0.000000  0.000000  0.000000  2.000000  
186.738443 0.003678  0.089327  -0.007702  0.987276  0.158630  -0.011095  -0.158453  0.987248  0.015294  0.013379  -0.013341  0.999821  0.001870  -0.006682  -0.000067  0.000000  0.000000  0.000000  2.000000  
186.739682 0.003681  0.089319  -0.007702  0.987243  0.158833  -0.011092  -0.158657  0.987215  0.015296  0.013379  -0.013341  0.999821  0.001981  -0.006534  -0.000008  0.000000  0.000000  0.000000  2.000000  
186.740932 0.003683  0.089311  -0.007703  0.987210  0.159035  -0.011108  -0.158860  0.987184  0.015179  0.013379  -0.013220  0.999823  0.002051  -0.006382  0.000021  0.000000  0.000000  0.000000  2.000000  
186.742175 0.003685  0.089304  -0.007703  0.987178  0.159238  -0.011105  -0.159063  0.987152  0.015181  0.013379  -0.013220  0.999823  0.002049  -0.006256  0.000040  0.000000  0.000000  0.000000  2.000000  
186.743176 0.003686  0.089298  -0.007703  0.987178  0.159237  -0.011124  -0.159063  0.987154  0.015061  0.013379  -0.013099  0.999825  0.002008  -0.006162  -0.000006  0.000000  0.000000  0.000000  2.000000  
186.744176 0.003688  0.089293  -0.007703  0.987145  0.159440  -0.011121  -0.159266  0.987121  0.015063  0.013379  -0.013099  0.999825  0.001976  -0.006064  -0.000047  0.000000  0.000000  0.000000  2.000000  
186.745182 0.003689  0.089287  -0.007703  0.987112  0.159643  -0.011118  -0.159469  0.987088  0.015066  0.013379  -0.013099  0.999825  0.001890  -0.006045  -0.000117  0.000000  0.000000  0.000000  2.000000  
186.746424 0.003690  0.089281  -0.007703  0.987078  0.159847  -0.011266  -0.159672  0.987057  0.014970  0.013513  -0.012977  0.999824  0.001807  -0.005942  -0.000110  0.000000  0.000000  0.000000  2.000000  
186.747437 0.003691  0.089275  -0.007704  0.987078  0.159847  -0.011266  -0.159672  0.987057  0.014970  0.013513  -0.012977  0.999824  0.001706  -0.005915  -0.000188  0.000000  0.000000  0.000000  2.000000  
186.748673 0.003692  0.089269  -0.007704  0.987045  0.160049  -0.011283  -0.159876  0.987025  0.014852  0.013513  -0.012856  0.999826  0.001558  -0.005813  -0.000185  0.000000  0.000000  0.000000  2.000000  
186.749674 0.003692  0.089263  -0.007704  0.987045  0.160049  -0.011283  -0.159876  0.987025  0.014852  0.013513  -0.012856  0.999826  0.001427  -0.005791  -0.000206  0.000000  0.000000  0.000000  2.000000  
186.750922 0.003692  0.089256  -0.007704  0.987012  0.160250  -0.011299  -0.160079  0.986994  0.014735  0.013513  -0.012735  0.999828  0.001249  -0.005714  -0.000221  0.000000  0.000000  0.000000  2.000000  
186.751934 0.003692  0.089251  -0.007705  0.987012  0.160250  -0.011299  -0.160079  0.986994  0.014735  0.013513  -0.012735  0.999828  0.001052  -0.005647  -0.000237  0.000000  0.000000  0.000000  2.000000  
186.753176 0.003691  0.089243  -0.007706  0.986979  0.160454  -0.011296  -0.160282  0.986961  0.014737  0.013513  -0.012735  0.999828  0.000871  -0.005655  -0.000288  0.000000  0.000000  0.000000  2.000000  
186.754176 0.003690  0.089238  -0.007707  0.986979  0.160454  -0.011296  -0.160282  0.986961  0.014737  0.013513  -0.012735  0.999828  0.000710  -0.005600  -0.000329  0.000000  0.000000  0.000000  2.000000  
186.755177 0.003689  0.089231  -0.007709  0.986979  0.160454  -0.011296  -0.160282  0.986961  0.014737  0.013513  -0.012735  0.999828  0.000517  -0.005656  -0.000424  0.000000  0.000000  0.000000  2.000000  
186.756430 0.003688  0.089224  -0.007710  0.986946  0.160657  -0.011293  -0.160485  0.986928  0.014739  0.013513  -0.012735  0.999828  0.000286  -0.005624  -0.000514  0.000000  0.000000  0.000000  2.000000  
186.757440 0.003687  0.089218  -0.007712  0.986946  0.160657  -0.011293  -0.160485  0.986928  0.014739  0.013513  -0.012735  0.999828  0.000084  -0.005649  -0.000619  0.000000  0.000000  0.000000  2.000000  
186.758676 0.003685  0.089210  -0.007715  0.986946  0.160657  -0.011293  -0.160485  0.986928  0.014739  0.013513  -0.012735  0.999828  -0.000175  -0.005712  -0.000810  0.000000  0.000000  0.000000  2.000000  
186.759676 0.003683  0.089204  -0.007717  0.986946  0.160658  -0.011273  -0.160485  0.986926  0.014859  0.013513  -0.012856  0.999826  -0.000377  -0.005740  -0.000916  0.000000  0.000000  0.000000  2.000000  
186.760676 0.003682  0.089197  -0.007719  0.986946  0.160658  -0.011273  -0.160485  0.986926  0.014859  0.013513  -0.012856  0.999826  -0.000550  -0.005824  -0.001036  0.000000  0.000000  0.000000  2.000000  
186.761929 0.003679  0.089190  -0.007721  0.986946  0.160658  -0.011273  -0.160485  0.986926  0.014859  0.013513  -0.012856  0.999826  -0.000783  -0.005877  -0.001161  0.000000  0.000000  0.000000  2.000000  
186.763172 0.003677  0.089182  -0.007723  0.986946  0.160658  -0.011273  -0.160485  0.986926  0.014859  0.013513  -0.012856  0.999826  -0.001009  -0.005959  -0.001277  0.000000  0.000000  0.000000  2.000000  
186.764176 0.003675  0.089176  -0.007725  0.986946  0.160658  -0.011273  -0.160485  0.986926  0.014859  0.013513  -0.012856  0.999826  -0.001210  -0.005985  -0.001382  0.000000  0.000000  0.000000  2.000000  
186.765176 0.003673  0.089171  -0.007726  0.986946  0.160658  -0.011273  -0.160485  0.986926  0.014859  0.013513  -0.012856  0.999826  -0.001315  -0.005994  -0.001508  0.000000  0.000000  0.000000  2.000000  
186.766177 0.003670  0.089165  -0.007727  0.986946  0.160658  -0.011273  -0.160485  0.986926  0.014859  0.013513  -0.012856  0.999826  -0.001459  -0.005989  -0.001528  0.000000  0.000000  0.000000  2.000000  
186.767437 0.003668  0.089158  -0.007729  0.986946  0.160658  -0.011273  -0.160485  0.986926  0.014859  0.013513  -0.012856  0.999826  -0.001610  -0.005990  -0.001576  0.000000  0.000000  0.000000  2.000000  
186.768679 0.003664  0.089152  -0.007730  0.986979  0.160455  -0.011276  -0.160282  0.986959  0.014857  0.013513  -0.012856  0.999826  -0.001771  -0.005908  -0.001599  0.000000  0.000000  0.000000  2.000000  
186.769926 0.003661  0.089145  -0.007732  0.986979  0.160455  -0.011276  -0.160282  0.986959  0.014857  0.013513  -0.012856  0.999826  -0.001907  -0.005859  -0.001603  0.000000  0.000000  0.000000  2.000000  
186.770930 0.003659  0.089140  -0.007733  0.986979  0.160455  -0.011276  -0.160282  0.986959  0.014857  0.013513  -0.012856  0.999826  -0.001993  -0.005769  -0.001566  0.000000  0.000000  0.000000  2.000000  
186.772176 0.003655  0.089134  -0.007735  0.986979  0.160455  -0.011276  -0.160282  0.986959  0.014857  0.013513  -0.012856  0.999826  -0.002095  -0.005696  -0.001550  0.000000  0.000000  0.000000  2.000000  
186.773432 0.003652  0.089129  -0.007736  0.986979  0.160455  -0.011276  -0.160282  0.986959  0.014857  0.013513  -0.012856  0.999826  -0.002200  -0.005512  -0.001483  0.000000  0.000000  0.000000  2.000000  
186.774436 0.003650  0.089125  -0.007737  0.987012  0.160252  -0.011280  -0.160079  0.986992  0.014855  0.013513  -0.012856  0.999826  -0.002241  -0.005359  -0.001369  0.000000  0.000000  0.000000  2.000000  
186.775675 0.003646  0.089119  -0.007739  0.987012  0.160252  -0.011280  -0.160079  0.986992  0.014855  0.013513  -0.012856  0.999826  -0.002345  -0.005192  -0.001333  0.000000  0.000000  0.000000  2.000000  
186.776676 0.003644  0.089116  -0.007740  0.987012  0.160252  -0.011280  -0.160079  0.986992  0.014855  0.013513  -0.012856  0.999826  -0.002384  -0.005019  -0.001263  0.000000  0.000000  0.000000  2.000000  
186.777923 0.003641  0.089111  -0.007741  0.987012  0.160252  -0.011280  -0.160079  0.986992  0.014855  0.013513  -0.012856  0.999826  -0.002402  -0.004785  -0.001224  0.000000  0.000000  0.000000  2.000000  
186.778924 0.003639  0.089108  -0.007742  0.987012  0.160253  -0.011260  -0.160079  0.986991  0.014974  0.013513  -0.012977  0.999824  -0.002392  -0.004607  -0.001201  0.000000  0.000000  0.000000  2.000000  
186.780171 0.003636  0.089105  -0.007744  0.987012  0.160253  -0.011260  -0.160079  0.986991  0.014974  0.013513  -0.012977  0.999824  -0.002417  -0.004402  -0.001163  0.000000  0.000000  0.000000  2.000000  
186.781177 0.003634  0.089102  -0.007745  0.987012  0.160253  -0.011260  -0.160079  0.986991  0.014974  0.013513  -0.012977  0.999824  -0.002395  -0.004174  -0.001185  0.000000  0.000000  0.000000  2.000000  
186.782429 0.003632  0.089099  -0.007746  0.987014  0.160251  -0.011128  -0.160079  0.986991  0.014953  0.013379  -0.012977  0.999826  -0.002345  -0.003930  -0.001143  0.000000  0.000000  0.000000  2.000000  
186.783431 0.003631  0.089098  -0.007747  0.987014  0.160251  -0.011128  -0.160079  0.986991  0.014953  0.013379  -0.012977  0.999826  -0.002267  -0.003680  -0.001124  0.000000  0.000000  0.000000  2.000000  
186.784674 0.003629  0.089095  -0.007748  0.986981  0.160455  -0.011125  -0.160282  0.986958  0.014955  0.013379  -0.012977  0.999826  -0.002210  -0.003404  -0.001083  0.000000  0.000000  0.000000  2.000000  
186.785679 0.003628  0.089094  -0.007749  0.986981  0.160455  -0.011125  -0.160282  0.986958  0.014955  0.013379  -0.012977  0.999826  -0.002114  -0.003134  -0.001054  0.000000  0.000000  0.000000  2.000000  
186.786926 0.003626  0.089093  -0.007750  0.986981  0.160455  -0.011125  -0.160282  0.986958  0.014955  0.013379  -0.012977  0.999826  -0.001980  -0.002805  -0.001006  0.000000  0.000000  0.000000  2.000000  
186.787929 0.003626  0.089092  -0.007749  0.986981  0.160455  -0.011125  -0.160282  0.986958  0.014955  0.013379  -0.012977  0.999826  -0.001867  -0.002555  -0.000917  0.000000  0.000000  0.000000  2.000000  
186.789177 0.003624  0.089092  -0.007751  0.986981  0.160456  -0.011105  -0.160282  0.986956  0.015075  0.013379  -0.013099  0.999825  -0.001768  -0.002226  -0.000941  0.000000  0.000000  0.000000  2.000000  
186.790431 0.003624  0.089092  -0.007752  0.986948  0.160659  -0.011102  -0.160485  0.986923  0.015077  0.013379  -0.013099  0.999825  -0.001549  -0.001872  -0.000878  0.000000  0.000000  0.000000  2.000000  
186.791432 0.003623  0.089092  -0.007752  0.986948  0.160659  -0.011102  -0.160485  0.986923  0.015077  0.013379  -0.013099  0.999825  -0.001439  -0.001594  -0.000840  0.000000  0.000000  0.000000  2.000000  
186.792676 0.003622  0.089093  -0.007753  0.986948  0.160659  -0.011102  -0.160485  0.986923  0.015077  0.013379  -0.013099  0.999825  -0.001292  -0.001270  -0.000828  0.000000  0.000000  0.000000  2.000000  
186.793923 0.003622  0.089094  -0.007755  0.986914  0.160862  -0.011099  -0.160689  0.986890  0.015079  0.013379  -0.013099  0.999825  -0.001137  -0.000983  -0.000847  0.000000  0.000000  0.000000  2.000000  
186.794924 0.003622  0.089094  -0.007756  0.986914  0.160862  -0.011099  -0.160689  0.986890  0.015079  0.013379  -0.013099  0.999825  -0.001008  -0.000738  -0.000834  0.000000  0.000000  0.000000  2.000000  
186.796171 0.003622  0.089096  -0.007757  0.986914  0.160864  -0.011080  -0.160689  0.986888  0.015199  0.013379  -0.013220  0.999823  -0.000812  -0.000422  -0.000827  0.000000  0.000000  0.000000  2.000000  
186.797171 0.003623  0.089097  -0.007758  0.986914  0.160864  -0.011080  -0.160689  0.986888  0.015199  0.013379  -0.013220  0.999823  -0.000662  -0.000205  -0.000838  0.000000  0.000000  0.000000  2.000000  
186.798176 0.003623  0.089098  -0.007759  0.986881  0.161067  -0.011077  -0.160892  0.986855  0.015201  0.013379  -0.013220  0.999823  -0.000542  0.000041  -0.000840  0.000000  0.000000  0.000000  2.000000  
186.799176 0.003624  0.089099  -0.007760  0.986881  0.161067  -0.011077  -0.160892  0.986855  0.015201  0.013379  -0.013220  0.999823  -0.000382  0.000237  -0.000841  0.000000  0.000000  0.000000  2.000000  
186.800426 0.003624  0.089100  -0.007761  0.986848  0.161270  -0.011074  -0.161095  0.986822  0.015204  0.013379  -0.013220  0.999823  -0.000250  0.000401  -0.000848  0.000000  0.000000  0.000000  2.000000  
186.801430 0.003625  0.089101  -0.007762  0.986848  0.161270  -0.011074  -0.161095  0.986822  0.015204  0.013379  -0.013220  0.999823  -0.000116  0.000544  -0.000860  0.000000  0.000000  0.000000  2.000000  
186.802447 0.003626  0.089102  -0.007764  0.986848  0.161270  -0.011074  -0.161095  0.986822  0.015204  0.013379  -0.013220  0.999823  0.000045  0.000690  -0.000954  0.000000  0.000000  0.000000  2.000000  
186.803678 0.003627  0.089103  -0.007765  0.986815  0.161474  -0.011051  -0.161298  0.986787  0.015326  0.013379  -0.013341  0.999821  0.000167  0.000769  -0.000994  0.000000  0.000000  0.000000  2.000000  
186.804678 0.003628  0.089105  -0.007766  0.986815  0.161474  -0.011051  -0.161298  0.986787  0.015326  0.013379  -0.013341  0.999821  0.000278  0.000862  -0.001014  0.000000  0.000000  0.000000  2.000000  
186.805928 0.003629  0.089105  -0.007767  0.986782  0.161678  -0.011048  -0.161501  0.986753  0.015328  0.013379  -0.013341  0.999821  0.000419  0.000897  -0.001021  0.000000  0.000000  0.000000  2.000000  
186.806929 0.003630  0.089106  -0.007768  0.986782  0.161678  -0.011048  -0.161501  0.986753  0.015328  0.013379  -0.013341  0.999821  0.000495  0.000945  -0.001016  0.000000  0.000000  0.000000  2.000000  
186.808179 0.003631  0.089108  -0.007770  0.986782  0.161678  -0.011048  -0.161501  0.986753  0.015328  0.013379  -0.013341  0.999821  0.000592  0.000965  -0.001037  0.000000  0.000000  0.000000  2.000000  
186.809430 0.003632  0.089109  -0.007771  0.986749  0.161881  -0.011044  -0.161704  0.986720  0.015330  0.013379  -0.013341  0.999821  0.000613  0.000975  -0.001000  0.000000  0.000000  0.000000  2.000000  
186.810439 0.003633  0.089109  -0.007772  0.986749  0.161881  -0.011044  -0.161704  0.986720  0.015330  0.013379  -0.013341  0.999821  0.000696  0.000959  -0.001046  0.000000  0.000000  0.000000  2.000000  
186.811675 0.003633  0.089110  -0.007773  0.986749  0.161881  -0.011044  -0.161704  0.986720  0.015330  0.013379  -0.013341  0.999821  0.000712  0.000910  -0.001026  0.000000  0.000000  0.000000  2.000000  
186.812675 0.003633  0.089110  -0.007774  0.986749  0.161881  -0.011044  -0.161704  0.986720  0.015330  0.013379  -0.013341  0.999821  0.000720  0.000886  -0.001015  0.000000  0.000000  0.000000  2.000000  
186.813925 0.003634  0.089111  -0.007776  0.986715  0.162084  -0.011041  -0.161908  0.986687  0.015332  0.013379  -0.013341  0.999821  0.000686  0.000781  -0.001070  0.000000  0.000000  0.000000  2.000000  
186.815177 0.003634  0.089110  -0.007777  0.986713  0.162086  -0.011173  -0.161907  0.986687  0.015354  0.013513  -0.013341  0.999820  0.000631  0.000704  -0.001099  0.000000  0.000000  0.000000  2.000000  
186.816426 0.003634  0.089110  -0.007779  0.986713  0.162086  -0.011173  -0.161907  0.986687  0.015354  0.013513  -0.013341  0.999820  0.000543  0.000567  -0.001120  0.000000  0.000000  0.000000  2.000000  
186.817437 0.003633  0.089110  -0.007780  0.986713  0.162086  -0.011173  -0.161907  0.986687  0.015354  0.013513  -0.013341  0.999820  0.000471  0.000476  -0.001070  0.000000  0.000000  0.000000  2.000000  
186.818444 0.003633  0.089109  -0.007781  0.986680  0.162289  -0.011170  -0.162110  0.986653  0.015356  0.013513  -0.013341  0.999820  0.000418  0.000386  -0.001071  0.000000  0.000000  0.000000  2.000000  
186.819676 0.003633  0.089108  -0.007782  0.986680  0.162289  -0.011170  -0.162110  0.986653  0.015356  0.013513  -0.013341  0.999820  0.000311  0.000205  -0.001102  0.000000  0.000000  0.000000  2.000000  
186.820929 0.003632  0.089107  -0.007783  0.986680  0.162289  -0.011170  -0.162110  0.986653  0.015356  0.013513  -0.013341  0.999820  0.000206  0.000068  -0.001044  0.000000  0.000000  0.000000  2.000000  
186.822176 0.003632  0.089105  -0.007784  0.986680  0.162289  -0.011170  -0.162110  0.986653  0.015356  0.013513  -0.013341  0.999820  0.000081  -0.000080  -0.001050  0.000000  0.000000  0.000000  2.000000  
186.823179 0.003632  0.089105  -0.007785  0.986680  0.162289  -0.011170  -0.162110  0.986653  0.015356  0.013513  -0.013341  0.999820  0.000043  -0.000207  -0.001077  0.000000  0.000000  0.000000  2.000000  
186.824431 0.003631  0.089103  -0.007787  0.986680  0.162289  -0.011170  -0.162110  0.986653  0.015356  0.013513  -0.013341  0.999820  -0.000077  -0.000402  -0.001045  0.000000  0.000000  0.000000  2.000000  
186.825433 0.003630  0.089102  -0.007787  0.986680  0.162289  -0.011170  -0.162110  0.986653  0.015356  0.013513  -0.013341  0.999820  -0.000135  -0.000491  -0.001013  0.000000  0.000000  0.000000  2.000000  
186.826437 0.003630  0.089101  -0.007788  0.986680  0.162289  -0.011170  -0.162110  0.986653  0.015356  0.013513  -0.013341  0.999820  -0.000190  -0.000621  -0.001002  0.000000  0.000000  0.000000  2.000000  
186.827674 0.003629  0.089099  -0.007790  0.986680  0.162289  -0.011170  -0.162110  0.986653  0.015356  0.013513  -0.013341  0.999820  -0.000264  -0.000736  -0.001025  0.000000  0.000000  0.000000  2.000000  
186.828676 0.003629  0.089098  -0.007791  0.986680  0.162289  -0.011170  -0.162110  0.986653  0.015356  0.013513  -0.013341  0.999820  -0.000342  -0.000842  -0.000991  0.000000  0.000000  0.000000  2.000000  
186.829677 0.003628  0.089097  -0.007791  0.986680  0.162289  -0.011170  -0.162110  0.986653  0.015356  0.013513  -0.013341  0.999820  -0.000339  -0.000887  -0.000935  0.000000  0.000000  0.000000  2.000000  
186.830922 0.003628  0.089096  -0.007792  0.986680  0.162287  -0.011190  -0.162110  0.986655  0.015237  0.013513  -0.013220  0.999821  -0.000376  -0.000934  -0.000911  0.000000  0.000000  0.000000  2.000000  
186.831923 0.003628  0.089095  -0.007792  0.986680  0.162287  -0.011190  -0.162110  0.986655  0.015237  0.013513  -0.013220  0.999821  -0.000381  -0.000955  -0.000865  0.000000  0.000000  0.000000  2.000000  
186.832924 0.003627  0.089095  -0.007792  0.986680  0.162287  -0.011190  -0.162110  0.986655  0.015237  0.013513  -0.013220  0.999821  -0.000411  -0.000985  -0.000826  0.000000  0.000000  0.000000  2.000000  
186.833924 0.003627  0.089094  -0.007793  0.986680  0.162287  -0.011190  -0.162110  0.986655  0.015237  0.013513  -0.013220  0.999821  -0.000385  -0.000980  -0.000762  0.000000  0.000000  0.000000  2.000000  
186.834935 0.003627  0.089093  -0.007793  0.986680  0.162287  -0.011190  -0.162110  0.986655  0.015237  0.013513  -0.013220  0.999821  -0.000373  -0.000966  -0.000719  0.000000  0.000000  0.000000  2.000000  
186.836183 0.003627  0.089092  -0.007793  0.986680  0.162287  -0.011190  -0.162110  0.986655  0.015237  0.013513  -0.013220  0.999821  -0.000368  -0.000932  -0.000629  0.000000  0.000000  0.000000  2.000000  
186.837440 0.003626  0.089092  -0.007794  0.986680  0.162287  -0.011190  -0.162110  0.986655  0.015237  0.013513  -0.013220  0.999821  -0.000357  -0.000877  -0.000584  0.000000  0.000000  0.000000  2.000000  
186.838675 0.003626  0.089091  -0.007794  0.986680  0.162287  -0.011190  -0.162110  0.986655  0.015237  0.013513  -0.013220  0.999821  -0.000351  -0.000863  -0.000575  0.000000  0.000000  0.000000  2.000000  
186.839676 0.003626  0.089091  -0.007794  0.986680  0.162287  -0.011190  -0.162110  0.986655  0.015237  0.013513  -0.013220  0.999821  -0.000310  -0.000784  -0.000512  0.000000  0.000000  0.000000  2.000000  
186.840676 0.003626  0.089091  -0.007794  0.986680  0.162287  -0.011190  -0.162110  0.986655  0.015237  0.013513  -0.013220  0.999821  -0.000282  -0.000701  -0.000413  0.000000  0.000000  0.000000  2.000000  
186.841926 0.003626  0.089091  -0.007794  0.986680  0.162287  -0.011190  -0.162110  0.986655  0.015237  0.013513  -0.013220  0.999821  -0.000252  -0.000608  -0.000366  0.000000  0.000000  0.000000  2.000000  
186.843176 0.003626  0.089091  -0.007794  0.986680  0.162287  -0.011190  -0.162110  0.986655  0.015237  0.013513  -0.013220  0.999821  -0.000218  -0.000503  -0.000312  0.000000  0.000000  0.000000  2.000000  
186.844177 0.003626  0.089092  -0.007795  0.986680  0.162287  -0.011190  -0.162110  0.986655  0.015237  0.013513  -0.013220  0.999821  -0.000184  -0.000397  -0.000257  0.000000  0.000000  0.000000  2.000000  
186.845178 0.003626  0.089092  -0.007795  0.986647  0.162491  -0.011187  -0.162314  0.986622  0.015239  0.013513  -0.013220  0.999821  -0.000181  -0.000318  -0.000223  0.000000  0.000000  0.000000  2.000000  
186.846431 0.003626  0.089092  -0.007795  0.986647  0.162491  -0.011187  -0.162314  0.986622  0.015239  0.013513  -0.013220  0.999821  -0.000121  -0.000221  -0.000239  0.000000  0.000000  0.000000  2.000000  
186.847436 0.003626  0.089093  -0.007795  0.986647  0.162491  -0.011187  -0.162314  0.986622  0.015239  0.013513  -0.013220  0.999821  -0.000118  -0.000142  -0.000204  0.000000  0.000000  0.000000  2.000000  
186.848671 0.003626  0.089093  -0.007795  0.986647  0.162491  -0.011187  -0.162314  0.986622  0.015239  0.013513  -0.013220  0.999821  -0.000070  -0.000040  -0.000182  0.000000  0.000000  0.000000  2.000000  
186.849673 0.003626  0.089094  -0.007795  0.986647  0.162491  -0.011187  -0.162314  0.986622  0.015239  0.013513  -0.013220  0.999821  -0.000054  0.000034  -0.000183  0.000000  0.000000  0.000000  2.000000  
186.850674 0.003626  0.089094  -0.007795  0.986647  0.162491  -0.011187  -0.162314  0.986622  0.015239  0.013513  -0.013220  0.999821  -0.000013  0.000113  -0.000120  0.000000  0.000000  0.000000  2.000000  
186.851686 0.003626  0.089094  -0.007795  0.986647  0.162491  -0.011187  -0.162314  0.986622  0.015239  0.013513  -0.013220  0.999821  0.000003  0.000190  -0.000122  0.000000  0.000000  0.000000  2.000000  
186.852929 0.003627  0.089095  -0.007795  0.986613  0.162694  -0.011184  -0.162517  0.986588  0.015241  0.013513  -0.013220  0.999821  0.000058  0.000267  -0.000093  0.000000  0.000000  0.000000  2.000000  
186.854178 0.003627  0.089096  -0.007796  0.986611  0.162695  -0.011316  -0.162516  0.986588  0.015263  0.013647  -0.013220  0.999819  0.000074  0.000342  -0.000093  0.000000  0.000000  0.000000  2.000000  
186.855428 0.003627  0.089097  -0.007795  0.986611  0.162695  -0.011316  -0.162516  0.986588  0.015263  0.013647  -0.013220  0.999819  0.000097  0.000393  -0.000084  0.000000  0.000000  0.000000  2.000000  
186.856433 0.003628  0.089097  -0.007795  0.986611  0.162695  -0.011316  -0.162516  0.986588  0.015263  0.013647  -0.013220  0.999819  0.000136  0.000394  -0.000054  0.000000  0.000000  0.000000  2.000000  
186.857440 0.003628  0.089098  -0.007796  0.986611  0.162695  -0.011316  -0.162516  0.986588  0.015263  0.013647  -0.013220  0.999819  0.000173  0.000441  -0.000079  0.000000  0.000000  0.000000  2.000000  
186.858444 0.003629  0.089098  -0.007795  0.986578  0.162898  -0.011312  -0.162720  0.986554  0.015265  0.013647  -0.013220  0.999819  0.000212  0.000442  -0.000049  0.000000  0.000000  0.000000  2.000000  
186.859678 0.003629  0.089098  -0.007796  0.986578  0.162898  -0.011312  -0.162720  0.986554  0.015265  0.013647  -0.013220  0.999819  0.000225  0.000438  -0.000084  0.000000  0.000000  0.000000  2.000000  
186.860924 0.003630  0.089099  -0.007796  0.986578  0.162898  -0.011312  -0.162720  0.986554  0.015265  0.013647  -0.013220  0.999819  0.000253  0.000457  -0.000063  0.000000  0.000000  0.000000  2.000000  
186.861925 0.003630  0.089099  -0.007796  0.986578  0.162898  -0.011312  -0.162720  0.986554  0.015265  0.013647  -0.013220  0.999819  0.000257  0.000465  -0.000064  0.000000  0.000000  0.000000  2.000000  
