1-Time 2-Px 3-Py 4-Pz 5-R11 6-R21 7-R31 8-R12 9-R22 10-R32 11-R13 12-R23 13-R33 14-Vx 15-Vy 16-Vz 17-Wx 18-Wy 19-Wz 20-state 21-PR11 22-PR21 23-PR31 24-PR12 25-PR22 26-PR32 27-PR13 28-PR23 29-PR33 
14.336788 0.000812  0.088446  -0.006432  0.983029  0.161935  -0.086197  0.078486  0.053439  0.995482  0.165810  -0.985353  0.039822  0.000002  -0.000057  -0.000077  0.000000  0.000000  0.000000  2.000000  
14.337790 0.000812  0.088446  -0.006432  0.983046  0.161946  -0.085992  0.078284  0.053405  0.995500  0.165810  -0.985353  0.039822  -0.000029  -0.000082  -0.000096  0.000000  0.000000  0.000000  2.000000  
14.339035 0.000811  0.088443  -0.006433  0.983065  0.162253  -0.085183  0.077471  0.053293  0.995569  0.166074  -0.985309  0.039820  -0.000080  -0.000252  -0.000145  0.000000  0.000000  0.000000  2.000000  
14.340036 0.000810  0.088440  -0.006433  0.983123  0.162439  -0.084164  0.076457  0.053136  0.995656  0.166206  -0.985287  0.039819  -0.000183  -0.000471  -0.000139  0.000000  0.000000  0.000000  2.000000  
14.341043 0.000809  0.088437  -0.006434  0.983163  0.162615  -0.083349  0.075646  0.053012  0.995725  0.166338  -0.985265  0.039818  -0.000266  -0.000670  -0.000209  0.000000  0.000000  0.000000  2.000000  
14.342055 0.000808  0.088434  -0.006434  0.983187  0.162779  -0.082739  0.075037  0.052922  0.995775  0.166470  -0.985242  0.039817  -0.000273  -0.000865  -0.000220  0.000000  0.000000  0.000000  2.000000  
14.343298 0.000807  0.088429  -0.006435  0.983204  0.163095  -0.081910  0.074224  0.052687  0.995849  0.166734  -0.985203  0.039696  -0.000320  -0.001182  -0.000240  0.000000  0.000000  0.000000  2.000000  
14.344542 0.000806  0.088424  -0.006434  0.983206  0.163686  -0.080701  0.073003  0.052524  0.995948  0.167261  -0.985113  0.039693  -0.000387  -0.001516  -0.000181  0.035180  -0.182019  0.056838  2.000000  
14.345789 0.000806  0.088421  -0.006432  0.983221  0.164278  -0.079307  0.071579  0.052447  0.996055  0.167789  -0.985019  0.039808  -0.000381  -0.001747  -0.000041  0.039235  -0.229013  0.076754  2.000000  
14.347039 0.000805  0.088418  -0.006431  0.983233  0.164879  -0.077893  0.070156  0.052248  0.996167  0.168316  -0.984929  0.039805  -0.000465  -0.001933  0.000020  0.047391  -0.276005  0.096659  2.000000  
14.348040 0.000804  0.088416  -0.006431  0.983260  0.165186  -0.076898  0.069140  0.052218  0.996239  0.168580  -0.984879  0.039922  -0.000550  -0.002075  0.000026  0.049126  -0.309649  0.107020  2.000000  
14.349291 0.000801  0.088412  -0.006431  0.983291  0.165655  -0.075478  0.067719  0.052007  0.996348  0.168976  -0.984811  0.039920  -0.000735  -0.002313  0.000019  0.057299  -0.356819  0.122436  2.000000  
14.350295 0.000800  0.088409  -0.006430  0.983306  0.166105  -0.074283  0.066500  0.051950  0.996433  0.169371  -0.984739  0.040036  -0.000870  -0.002496  0.000084  0.060236  -0.397037  0.137555  2.000000  
14.351302 0.000798  0.088407  -0.006430  0.983333  0.166556  -0.072904  0.065078  0.051978  0.996526  0.169767  -0.984661  0.040273  -0.000992  -0.002682  0.000116  0.060280  -0.444067  0.152987  2.000000  
14.352537 0.000795  0.088403  -0.006429  0.983335  0.167140  -0.071530  0.063655  0.052014  0.996616  0.170294  -0.984560  0.040508  -0.001159  -0.002939  0.000216  0.060420  -0.491241  0.173040  2.000000  
14.353790 0.000791  0.088399  -0.006428  0.983322  0.167713  -0.070361  0.062434  0.052082  0.996689  0.170822  -0.984459  0.040743  -0.001387  -0.003020  0.000279  0.059414  -0.531584  0.192826  2.000000  
14.355039 0.000787  0.088395  -0.006427  0.983319  0.168288  -0.069008  0.061012  0.052236  0.996769  0.171349  -0.984353  0.041097  -0.001512  -0.002976  0.000443  0.055479  -0.578364  0.212809  2.000000  
14.356293 0.000785  0.088393  -0.006426  0.983338  0.168733  -0.067649  0.059590  0.052380  0.996848  0.171745  -0.984269  0.041452  -0.001585  -0.002893  0.000530  0.051518  -0.625181  0.228262  2.000000  
14.357295 0.000783  0.088389  -0.006425  0.983342  0.169168  -0.066496  0.058372  0.052558  0.996910  0.172140  -0.984185  0.041808  -0.001653  -0.002904  0.000611  0.046427  -0.665350  0.243513  2.000000  
14.358299 0.000781  0.088385  -0.006426  0.983332  0.169592  -0.065548  0.057355  0.052769  0.996958  0.172535  -0.984101  0.042163  -0.001790  -0.002923  0.000620  0.040182  -0.698648  0.258476  2.000000  
14.359305 0.000779  0.088381  -0.006426  0.983344  0.169886  -0.064595  0.056340  0.052973  0.997005  0.172799  -0.984039  0.042519  -0.001845  -0.002951  0.000537  0.033909  -0.732261  0.269007  2.000000  
14.360538 0.000778  0.088376  -0.006428  0.983344  0.170323  -0.063442  0.055122  0.053148  0.997064  0.173194  -0.983954  0.042874  -0.001918  -0.003044  0.000301  0.028882  -0.772841  0.284458  2.000000  
14.361541 0.000777  0.088372  -0.006430  0.983307  0.170873  -0.062522  0.054105  0.053485  0.997102  0.173721  -0.983840  0.043347  -0.001941  -0.003145  0.000054  0.018661  -0.806003  0.304037  2.000000  
14.362543 0.000777  0.088367  -0.006435  0.983282  0.171288  -0.061780  0.053291  0.053729  0.997133  0.174117  -0.983755  0.043702  -0.001881  -0.003329  -0.000311  0.011300  -0.832510  0.318781  2.000000  
14.363788 0.000775  0.088359  -0.006442  0.983220  0.171971  -0.060867  0.052273  0.054071  0.997168  0.174775  -0.983617  0.044174  -0.001774  -0.003658  -0.000744  0.001172  -0.865636  0.342952  2.000000  
14.364789 0.000774  0.088351  -0.006448  0.983216  0.172249  -0.060141  0.051460  0.054427  0.997191  0.175039  -0.983549  0.044649  -0.001729  -0.004009  -0.001178  -0.010298  -0.892470  0.353344  2.000000  
14.365789 0.000773  0.088344  -0.006454  0.983188  0.172667  -0.059400  0.050647  0.054668  0.997219  0.175434  -0.983462  0.045004  -0.001681  -0.004300  -0.001602  -0.017620  -0.918910  0.368103  2.000000  
14.367037 0.000772  0.088333  -0.006463  0.983169  0.173082  -0.058497  0.049632  0.055115  0.997246  0.175829  -0.983364  0.045597  -0.001631  -0.004776  -0.002262  -0.031908  -0.952418  0.383406  2.000000  
14.368042 0.000769  0.088324  -0.006472  0.983162  0.173362  -0.057772  0.048820  0.055470  0.997266  0.176093  -0.983295  0.046072  -0.001556  -0.005164  -0.002920  -0.045647  -0.965601  0.388675  2.000000  
14.369285 0.000766  0.088311  -0.006484  0.983131  0.173767  -0.057074  0.048007  0.055951  0.997279  0.176488  -0.983196  0.046665  -0.001569  -0.005742  -0.003741  -0.065238  -0.957303  0.394758  2.000000  
14.370286 0.000764  0.088302  -0.006494  0.983100  0.174180  -0.056356  0.047193  0.056311  0.997297  0.176883  -0.983102  0.047139  -0.001545  -0.006225  -0.004465  -0.082327  -0.950004  0.403598  2.000000  
14.371300 0.000761  0.088292  -0.006505  0.983081  0.174451  -0.055838  0.046584  0.056699  0.997304  0.177146  -0.983032  0.047613  -0.001642  -0.006743  -0.005358  -0.099517  -0.943212  0.408109  2.000000  
14.372535 0.000756  0.088281  -0.006519  0.983025  0.174989  -0.055148  0.045770  0.057185  0.997314  0.177673  -0.982908  0.048205  -0.001748  -0.007214  -0.006343  -0.122202  -0.949290  0.417501  2.000000  
14.373537 0.000753  0.088271  -0.006531  0.983005  0.175254  -0.054651  0.045161  0.057694  0.997312  0.177936  -0.982831  0.048799  -0.001841  -0.007505  -0.007044  -0.143347  -0.942354  0.417479  2.000000  
14.374547 0.000749  0.088262  -0.006545  0.982961  0.175651  -0.054161  0.044550  0.058208  0.997310  0.178331  -0.982730  0.049391  -0.002012  -0.007899  -0.007976  -0.163909  -0.929292  0.415678  2.000000  
14.375796 0.000743  0.088251  -0.006561  0.982941  0.175911  -0.053687  0.043941  0.058837  0.997300  0.178595  -0.982646  0.050104  -0.002307  -0.008349  -0.008964  -0.192771  -0.902216  0.405769  2.000000  
14.377042 0.000738  0.088241  -0.006578  0.982920  0.176171  -0.053212  0.043332  0.059466  0.997289  0.178858  -0.982562  0.050817  -0.002669  -0.008674  -0.009819  -0.221692  -0.875309  0.395912  2.000000  
14.378043 0.000732  0.088232  -0.006592  0.982899  0.176432  -0.052738  0.042723  0.060095  0.997278  0.179121  -0.982477  0.051529  -0.003000  -0.008829  -0.010351  -0.244245  -0.861499  0.395654  2.000000  
14.379292 0.000725  0.088222  -0.006608  0.982877  0.176687  -0.052286  0.042114  0.060844  0.997258  0.179384  -0.982385  0.052361  -0.003386  -0.008900  -0.010992  -0.277287  -0.834200  0.390219  2.000000  
14.380538 0.000717  0.088212  -0.006624  0.982831  0.177069  -0.051863  0.041504  0.061719  0.997230  0.179779  -0.982261  0.053310  -0.003747  -0.008870  -0.011420  -0.307561  -0.800185  0.389255  2.000000  
14.381541 0.000711  0.088204  -0.006637  0.982824  0.177188  -0.051589  0.041098  0.062377  0.997206  0.179911  -0.982198  0.054024  -0.004139  -0.008914  -0.011931  -0.333667  -0.766109  0.378843  2.000000  
14.382790 0.000703  0.088193  -0.006654  0.982777  0.177577  -0.051145  0.040488  0.063131  0.997184  0.180306  -0.982080  0.054854  -0.004519  -0.008867  -0.012328  -0.353281  -0.745697  0.373862  2.000000  
14.384042 0.000694  0.088183  -0.006671  0.982778  0.177704  -0.050688  0.039880  0.063873  0.997161  0.180437  -0.982009  0.055686  -0.004911  -0.008707  -0.012656  -0.378240  -0.718833  0.359426  2.000000  
14.385289 0.000685  0.088173  -0.006688  0.982754  0.177958  -0.050259  0.039271  0.064741  0.997129  0.180700  -0.981906  0.056636  -0.005249  -0.008581  -0.012991  -0.397563  -0.699452  0.351860  2.000000  
14.386535 0.000677  0.088163  -0.006706  0.982754  0.178080  -0.049824  0.038663  0.065604  0.997096  0.180832  -0.981827  0.057588  -0.005506  -0.008495  -0.013250  -0.424309  -0.665200  0.335347  2.000000  
14.387537 0.000671  0.088154  -0.006721  0.982753  0.178210  -0.049367  0.038055  0.066346  0.997071  0.180964  -0.981753  0.058420  -0.005716  -0.008408  -0.013430  -0.448255  -0.644849  0.330195  2.000000  
14.388786 0.000665  0.088145  -0.006737  0.982704  0.178604  -0.048926  0.037446  0.067097  0.997044  0.181358  -0.981631  0.059249  -0.005778  -0.008249  -0.013516  -0.463041  -0.625977  0.327258  2.000000  
14.389788 0.000660  0.088138  -0.006751  0.982678  0.178872  -0.048457  0.036837  0.067723  0.997024  0.181622  -0.981539  0.059960  -0.005825  -0.008126  -0.013530  -0.476038  -0.618778  0.327118  2.000000  
14.390794 0.000656  0.088131  -0.006765  0.982645  0.179128  -0.048192  0.036430  0.068384  0.996994  0.181885  -0.981446  0.060672  -0.005852  -0.007997  -0.013569  -0.492604  -0.596690  0.319658  2.000000  
14.391803 0.000652  0.088124  -0.006778  0.982618  0.179392  -0.047745  0.035822  0.069130  0.996964  0.182148  -0.981346  0.061502  -0.005801  -0.007892  -0.013541  -0.511047  -0.582968  0.314730  2.000000  
14.392809 0.000649  0.088117  -0.006791  0.982592  0.179657  -0.047299  0.035213  0.069875  0.996934  0.182411  -0.981245  0.062332  -0.005649  -0.007796  -0.013528  -0.525425  -0.569527  0.305361  2.000000  
14.394043 0.000645  0.088108  -0.006807  0.982579  0.179940  -0.046485  0.034200  0.070787  0.996905  0.182674  -0.981127  0.063400  -0.005434  -0.007728  -0.013432  -0.544599  -0.576821  0.297355  2.000000  
14.395292 0.000642  0.088100  -0.006821  0.982557  0.180205  -0.045900  0.033389  0.071857  0.996856  0.182937  -0.981001  0.064587  -0.005117  -0.007631  -0.013337  -0.566071  -0.570016  0.293034  2.000000  
14.396538 0.000639  0.088091  -0.006835  0.982542  0.180487  -0.045110  0.032376  0.072890  0.996814  0.183200  -0.980873  0.065774  -0.004820  -0.007519  -0.013172  -0.590354  -0.570289  0.284563  2.000000  
14.397539 0.000637  0.088085  -0.006846  0.982513  0.180757  -0.044666  0.031768  0.073633  0.996779  0.183463  -0.980768  0.066603  -0.004466  -0.007348  -0.013019  -0.601494  -0.565094  0.286989  2.000000  
14.398790 0.000635  0.088078  -0.006858  0.982490  0.181026  -0.044082  0.030957  0.074701  0.996725  0.183726  -0.980637  0.067789  -0.003947  -0.007127  -0.012714  -0.623786  -0.563170  0.280538  2.000000  
14.399796 0.000634  0.088073  -0.006868  0.982441  0.181434  -0.043487  0.030146  0.075652  0.996678  0.184121  -0.980489  0.068855  -0.003607  -0.006911  -0.012399  -0.643847  -0.562538  0.285412  2.000000  
14.401039 0.000632  0.088067  -0.006877  0.982422  0.181717  -0.042722  0.029133  0.076803  0.996621  0.184384  -0.980347  0.070159  -0.003132  -0.006633  -0.011864  -0.667331  -0.569690  0.282076  2.000000  
14.402301 0.000631  0.088062  -0.006887  0.982378  0.182138  -0.041945  0.028119  0.077836  0.996570  0.184778  -0.980187  0.071343  -0.002714  -0.006267  -0.011248  -0.685538  -0.575901  0.278247  2.000000  
14.403537 0.000631  0.088057  -0.006895  0.982362  0.182442  -0.040976  0.026905  0.078948  0.996516  0.185041  -0.980042  0.072647  -0.002325  -0.005961  -0.010659  -0.700575  -0.591337  0.277888  2.000000  
14.404786 0.000630  0.088054  -0.006902  0.982345  0.182748  -0.040009  0.025690  0.080059  0.996459  0.185304  -0.979895  0.073951  -0.002000  -0.005619  -0.010089  -0.717101  -0.611718  0.275414  2.000000  
14.405788 0.000630  0.088052  -0.006908  0.982317  0.183033  -0.039408  0.024880  0.081003  0.996403  0.185567  -0.979764  0.075017  -0.001710  -0.005290  -0.009539  -0.731795  -0.618134  0.276336  2.000000  
14.407041 0.000630  0.088049  -0.006915  0.982272  0.183475  -0.038452  0.023664  0.082116  0.996342  0.185962  -0.979589  0.076318  -0.001384  -0.004899  -0.008875  -0.747869  -0.637576  0.282665  2.000000  
14.408043 0.000630  0.088047  -0.006921  0.982241  0.183764  -0.037852  0.022854  0.083058  0.996283  0.186225  -0.979455  0.077384  -0.001186  -0.004562  -0.008361  -0.761996  -0.642510  0.285611  2.000000  
14.409050 0.000630  0.088044  -0.006927  0.982210  0.184058  -0.037231  0.022044  0.083880  0.996232  0.186488  -0.979330  0.078330  -0.000997  -0.004259  -0.007993  -0.767313  -0.655702  0.287011  2.000000  
14.410302 0.000629  0.088040  -0.006935  0.982162  0.184502  -0.036301  0.020830  0.085111  0.996154  0.186882  -0.979140  0.079749  -0.000823  -0.003902  -0.007524  -0.779424  -0.675559  0.289141  2.000000  
14.411303 0.000628  0.088037  -0.006942  0.982153  0.184664  -0.035693  0.020020  0.086049  0.996090  0.187013  -0.979027  0.080816  -0.000736  -0.003657  -0.007236  -0.789057  -0.688881  0.290702  2.000000  
14.412540 0.000627  0.088033  -0.006950  0.982106  0.185135  -0.034537  0.018603  0.087119  0.996024  0.187408  -0.978844  0.082116  -0.000644  -0.003383  -0.006868  -0.800316  -0.715939  0.293466  2.000000  
14.413789 0.000626  0.088029  -0.006958  0.982078  0.185456  -0.033598  0.017389  0.088345  0.995938  0.187670  -0.978673  0.083537  -0.000655  -0.003244  -0.006655  -0.812704  -0.736226  0.298152  2.000000  
14.414794 0.000625  0.088026  -0.006965  0.982042  0.185754  -0.033003  0.016580  0.089284  0.995868  0.187933  -0.978531  0.084601  -0.000609  -0.003135  -0.006509  -0.826128  -0.748436  0.306301  2.000000  
14.415805 0.000623  0.088022  -0.006972  0.981983  0.186204  -0.032215  0.015568  0.090186  0.995803  0.188328  -0.978363  0.085662  -0.000643  -0.003044  -0.006434  -0.831070  -0.760599  0.316811  2.000000  
14.417035 0.000621  0.088016  -0.006982  0.981926  0.186666  -0.031269  0.014354  0.091290  0.995721  0.188722  -0.978173  0.086961  -0.000699  -0.003078  -0.006458  -0.835612  -0.781024  0.321670  2.000000  
14.418043 0.000620  0.088012  -0.006990  0.981889  0.186988  -0.030471  0.013342  0.092188  0.995652  0.188984  -0.978027  0.088024  -0.000763  -0.003126  -0.006561  -0.849105  -0.793841  0.325572  2.000000  
14.419285 0.000617  0.088006  -0.007001  0.981827  0.187436  -0.029732  0.012331  0.093329  0.995559  0.189379  -0.977833  0.089322  -0.000894  -0.003290  -0.006744  -0.858387  -0.806895  0.329736  2.000000  
14.420286 0.000614  0.088000  -0.007011  0.981763  0.187893  -0.028948  0.011319  0.094228  0.995486  0.189773  -0.977659  0.090382  -0.001089  -0.003502  -0.007029  -0.867758  -0.819715  0.335974  2.000000  
14.421300 0.000611  0.087994  -0.007020  0.981723  0.188221  -0.028153  0.010308  0.095124  0.995412  0.190035  -0.977509  0.091445  -0.001298  -0.003783  -0.007288  -0.873117  -0.832844  0.337834  2.000000  
14.422535 0.000607  0.087987  -0.007032  0.981659  0.188695  -0.027212  0.009095  0.096223  0.995318  0.190430  -0.977310  0.092742  -0.001537  -0.004073  -0.007659  -0.877265  -0.852379  0.344956  2.000000  
14.423591 0.000603  0.087981  -0.007043  0.981615  0.189010  -0.026600  0.008286  0.097035  0.995246  0.190692  -0.977169  0.093685  -0.001757  -0.004332  -0.007925  -0.883851  -0.850606  0.347418  2.000000  
14.424808 0.000598  0.087972  -0.007056  0.981546  0.189467  -0.025866  0.007275  0.098172  0.995143  0.191086  -0.976967  0.094982  -0.002076  -0.004677  -0.008292  -0.887181  -0.857326  0.353859  2.000000  
14.426055 0.000592  0.087963  -0.007069  0.981476  0.189924  -0.025157  0.006264  0.099427  0.995025  0.191480  -0.976751  0.096396  -0.002451  -0.005036  -0.008606  -0.895191  -0.856576  0.359540  2.000000  
14.427292 0.000585  0.087954  -0.007082  0.981405  0.190389  -0.024402  0.005253  0.100441  0.994929  0.191874  -0.976557  0.097573  -0.002836  -0.005400  -0.009010  -0.897938  -0.863178  0.361220  2.000000  
14.428297 0.000580  0.087946  -0.007094  0.981332  0.190837  -0.023830  0.004445  0.101372  0.994839  0.192268  -0.976373  0.098631  -0.003127  -0.005688  -0.009354  -0.900255  -0.868985  0.367095  2.000000  
14.429543 0.000572  0.087936  -0.007110  0.981285  0.191169  -0.023111  0.003434  0.102624  0.994714  0.192531  -0.976177  0.100047  -0.003553  -0.006057  -0.009793  -0.904383  -0.869140  0.363965  2.000000  
14.430805 0.000564  0.087926  -0.007126  0.981236  0.191482  -0.022597  0.002626  0.103915  0.994583  0.192793  -0.975980  0.101463  -0.003959  -0.006418  -0.010247  -0.908891  -0.861213  0.364324  2.000000  
14.432041 0.000556  0.087915  -0.007142  0.981160  0.191928  -0.022098  0.001818  0.105206  0.994449  0.193187  -0.975754  0.102875  -0.004395  -0.006767  -0.010702  -0.918849  -0.854692  0.365206  2.000000  
14.433293 0.000547  0.087904  -0.007158  0.981110  0.192244  -0.021587  0.001010  0.106496  0.994313  0.193450  -0.975552  0.104290  -0.004831  -0.007125  -0.011097  -0.924812  -0.840142  0.364972  2.000000  
14.434305 0.000540  0.087895  -0.007172  0.981058  0.192548  -0.021211  0.000404  0.107462  0.994209  0.193712  -0.975386  0.105349  -0.005170  -0.007404  -0.011429  -0.926805  -0.825813  0.364489  2.000000  
14.435535 0.000531  0.087883  -0.007189  0.981006  0.192867  -0.020701  -0.000404  0.108751  0.994069  0.193975  -0.975180  0.106763  -0.005513  -0.007682  -0.011766  -0.931633  -0.819004  0.362746  2.000000  
14.436535 0.000523  0.087873  -0.007203  0.980954  0.193173  -0.020326  -0.001010  0.109716  0.993962  0.194237  -0.975011  0.107822  -0.005819  -0.007981  -0.012029  -0.938047  -0.805158  0.362322  2.000000  
14.437537 0.000516  0.087863  -0.007217  0.980901  0.193503  -0.019748  -0.001817  0.110642  0.993859  0.194500  -0.974841  0.108880  -0.006119  -0.008261  -0.012313  -0.937864  -0.804754  0.363213  2.000000  
14.438785 0.000506  0.087850  -0.007234  0.980847  0.193827  -0.019241  -0.002625  0.111928  0.993713  0.194762  -0.974630  0.110293  -0.006463  -0.008591  -0.012602  -0.943505  -0.797931  0.363882  2.000000  
14.439792 0.000498  0.087840  -0.007247  0.980818  0.194030  -0.018649  -0.003433  0.112853  0.993606  0.194893  -0.974483  0.111354  -0.006653  -0.008814  -0.012777  -0.944080  -0.790748  0.359437  2.000000  
14.440806 0.000491  0.087828  -0.007260  0.980790  0.194210  -0.018262  -0.004038  0.113817  0.993494  0.195025  -0.974335  0.112415  -0.006874  -0.009117  -0.012988  -0.941554  -0.783708  0.352937  2.000000  
14.442043 0.000482  0.087815  -0.007276  0.980734  0.194541  -0.017734  -0.004846  0.114981  0.993356  0.195287  -0.974132  0.113709  -0.007003  -0.009372  -0.013101  -0.944568  -0.770162  0.352844  2.000000  
14.443292 0.000472  0.087801  -0.007293  0.980676  0.194897  -0.017002  -0.005855  0.116105  0.993220  0.195550  -0.973928  0.115002  -0.007203  -0.009689  -0.013237  -0.944601  -0.763304  0.350837  2.000000  
14.444539 0.000462  0.087787  -0.007309  0.980619  0.195231  -0.016475  -0.006662  0.117268  0.993078  0.195812  -0.973721  0.116296  -0.007316  -0.009949  -0.013270  -0.942943  -0.749831  0.346089  2.000000  
14.445539 0.000455  0.087776  -0.007321  0.980561  0.195573  -0.015878  -0.007469  0.118069  0.992977  0.196074  -0.973556  0.117234  -0.007372  -0.010135  -0.013273  -0.941519  -0.743015  0.344162  2.000000  
14.446801 0.000446  0.087762  -0.007337  0.980502  0.195909  -0.015377  -0.008276  0.119350  0.992818  0.196337  -0.973332  0.118645  -0.007446  -0.010394  -0.013209  -0.946962  -0.728637  0.338921  2.000000  
14.448042 0.000438  0.087749  -0.007351  0.980468  0.196117  -0.014837  -0.009084  0.120512  0.992670  0.196468  -0.973147  0.119940  -0.007436  -0.010535  -0.013090  -0.948907  -0.716348  0.332028  2.000000  
14.449291 0.000429  0.087735  -0.007365  0.980406  0.196481  -0.014134  -0.010092  0.121753  0.992509  0.196730  -0.972919  0.121350  -0.007425  -0.010652  -0.012907  -0.954958  -0.709103  0.325430  2.000000  
14.450300 0.000421  0.087725  -0.007376  0.980373  0.196670  -0.013775  -0.010697  0.122834  0.992370  0.196862  -0.972745  0.122527  -0.007425  -0.010724  -0.012672  -0.959954  -0.702241  0.320946  2.000000  
14.451301 0.000414  0.087715  -0.007387  0.980311  0.197017  -0.013206  -0.011504  0.123752  0.992247  0.197124  -0.972558  0.123582  -0.007387  -0.010752  -0.012456  -0.961043  -0.695067  0.320945  2.000000  
14.452540 0.000405  0.087702  -0.007400  0.980275  0.197231  -0.012693  -0.012311  0.125032  0.992076  0.197255  -0.972351  0.124994  -0.007356  -0.010765  -0.012175  -0.968023  -0.682386  0.311602  2.000000  
14.453785 0.000397  0.087690  -0.007412  0.980209  0.197601  -0.012016  -0.013319  0.126390  0.991891  0.197517  -0.972101  0.126520  -0.007266  -0.010665  -0.011887  -0.976135  -0.682529  0.308183  2.000000  
14.454792 0.000390  0.087681  -0.007421  0.980171  0.197821  -0.011456  -0.014126  0.127428  0.991747  0.197649  -0.971920  0.127696  -0.007222  -0.010580  -0.011604  -0.983130  -0.684013  0.302734  2.000000  
14.456035 0.000381  0.087669  -0.007433  0.980130  0.198067  -0.010741  -0.015135  0.128666  0.991573  0.197780  -0.971707  0.129107  -0.007174  -0.010453  -0.011334  -0.983074  -0.684653  0.294900  2.000000  
14.457037 0.000375  0.087660  -0.007442  0.980090  0.198291  -0.010182  -0.015941  0.129703  0.991425  0.197911  -0.971523  0.130282  -0.007132  -0.010302  -0.011061  -0.990562  -0.685044  0.286658  2.000000  
14.458052 0.000368  0.087652  -0.007451  0.980024  0.198647  -0.009618  -0.016748  0.130618  0.991291  0.198173  -0.971328  0.131335  -0.007053  -0.010080  -0.010715  -0.991373  -0.683864  0.284501  2.000000  
14.459292 0.000360  0.087642  -0.007462  0.979980  0.198898  -0.008904  -0.017756  0.131854  0.991110  0.198304  -0.971110  0.132745  -0.006943  -0.009835  -0.010368  -0.989988  -0.685162  0.279479  2.000000  
14.460295 0.000353  0.087634  -0.007470  0.979912  0.199258  -0.008341  -0.018562  0.132767  0.990973  0.198567  -0.970912  0.133798  -0.006898  -0.009609  -0.010062  -0.989702  -0.690358  0.282587  2.000000  
14.461303 0.000347  0.087626  -0.007478  0.979869  0.199489  -0.007761  -0.019368  0.133682  0.990835  0.198698  -0.970739  0.134854  -0.006831  -0.009408  -0.009776  -0.984403  -0.691219  0.281848  2.000000  
14.462539 0.000340  0.087617  -0.007487  0.979796  0.199876  -0.007068  -0.020376  0.134913  0.990648  0.198960  -0.970489  0.136260  -0.006759  -0.009173  -0.009490  -0.982814  -0.697415  0.283657  2.000000  
14.463539 0.000334  0.087609  -0.007496  0.979748  0.200137  -0.006309  -0.021384  0.135906  0.990491  0.199091  -0.970296  0.137433  -0.006690  -0.008960  -0.009258  -0.985309  -0.710622  0.278805  2.000000  
14.464539 0.000327  0.087601  -0.007504  0.979676  0.200502  -0.005749  -0.022189  0.136816  0.990348  0.199353  -0.970093  0.138485  -0.006639  -0.008761  -0.009040  -0.983740  -0.717003  0.280419  2.000000  
14.465788 0.000320  0.087591  -0.007514  0.979600  0.200895  -0.005059  -0.023197  0.138045  0.990154  0.199616  -0.969837  0.139889  -0.006550  -0.008574  -0.008830  -0.982088  -0.723219  0.282286  2.000000  
14.466792 0.000313  0.087583  -0.007523  0.979549  0.201162  -0.004278  -0.024204  0.138916  0.990008  0.199747  -0.969658  0.140944  -0.006483  -0.008388  -0.008678  -0.975082  -0.736855  0.280366  2.000000  
14.467799 0.000307  0.087575  -0.007532  0.979475  0.201532  -0.003721  -0.025009  0.139824  0.989860  0.200009  -0.969450  0.141995  -0.006448  -0.008285  -0.008625  -0.973282  -0.743060  0.281969  2.000000  
14.469040 0.000299  0.087565  -0.007543  0.979390  0.201960  -0.002805  -0.026218  0.140889  0.989678  0.200271  -0.969207  0.143280  -0.006383  -0.008160  -0.008555  -0.967912  -0.748952  0.288406  2.000000  
14.470287 0.000292  0.087555  -0.007555  0.979282  0.202492  -0.002114  -0.027224  0.141991  0.989494  0.200664  -0.968935  0.144561  -0.006300  -0.008018  -0.008564  -0.966544  -0.754855  0.294824  2.000000  
14.471300 0.000286  0.087547  -0.007565  0.979226  0.202766  -0.001312  -0.028231  0.142738  0.989358  0.200795  -0.968768  0.145498  -0.006214  -0.007945  -0.008597  -0.963832  -0.761695  0.294798  2.000000  
14.472534 0.000279  0.087538  -0.007578  0.979116  0.203301  -0.000648  -0.029237  0.143958  0.989152  0.201189  -0.968476  0.146895  -0.006172  -0.007918  -0.008751  -0.962320  -0.767378  0.301253  2.000000  
14.473535 0.000273  0.087530  -0.007588  0.979065  0.203549  -0.000075  -0.030042  0.144866  0.988995  0.201320  -0.968288  0.147949  -0.006111  -0.007882  -0.008844  -0.961945  -0.767444  0.297599  2.000000  
14.474545 0.000267  0.087522  -0.007599  0.978986  0.203928  0.000502  -0.030847  0.145650  0.988855  0.201582  -0.968091  0.148880  -0.006076  -0.007872  -0.009002  -0.961287  -0.773223  0.300822  2.000000  
14.475792 0.000260  0.087512  -0.007612  0.978900  0.204338  0.001207  -0.031853  0.146751  0.988660  0.201844  -0.967838  0.150163  -0.006024  -0.007840  -0.009190  -0.959909  -0.779669  0.302842  2.000000  
14.476794 0.000255  0.087505  -0.007623  0.978846  0.204590  0.001803  -0.032658  0.147538  0.988517  0.201975  -0.967665  0.151098  -0.005991  -0.007816  -0.009421  -0.954777  -0.779782  0.302039  2.000000  
14.478043 0.000247  0.087495  -0.007637  0.978758  0.205004  0.002506  -0.033663  0.148637  0.988319  0.202237  -0.967409  0.152381  -0.005960  -0.007815  -0.009661  -0.950026  -0.785562  0.305660  2.000000  
14.479295 0.000239  0.087485  -0.007651  0.978669  0.205420  0.003209  -0.034669  0.149735  0.988118  0.202499  -0.967151  0.153663  -0.005966  -0.007837  -0.009949  -0.945584  -0.784303  0.311137  2.000000  
14.480296 0.000233  0.087477  -0.007662  0.978586  0.205806  0.003757  -0.035473  0.150635  0.987953  0.202761  -0.966930  0.154710  -0.005970  -0.007880  -0.010166  -0.943299  -0.790463  0.315749  2.000000  
14.481305 0.000227  0.087469  -0.007674  0.978502  0.206194  0.004304  -0.036277  0.151534  0.987786  0.203023  -0.966706  0.155757  -0.005979  -0.007895  -0.010388  -0.943511  -0.789357  0.318152  2.000000  
14.482544 0.000219  0.087459  -0.007689  0.978437  0.206486  0.005024  -0.037283  0.152635  0.987579  0.203154  -0.966471  0.157042  -0.005963  -0.007881  -0.010657  -0.934176  -0.795840  0.320380  2.000000  
14.483786 0.000211  0.087448  -0.007705  0.978343  0.206909  0.005723  -0.038288  0.153730  0.987371  0.203416  -0.966207  0.158323  -0.006000  -0.007905  -0.010949  -0.926107  -0.795589  0.321637  2.000000  
14.484806 0.000204  0.087440  -0.007716  0.978284  0.207172  0.006289  -0.039092  0.154632  0.987198  0.203547  -0.966007  0.159373  -0.006021  -0.007927  -0.011079  -0.925299  -0.794617  0.322259  2.000000  
14.486035 0.000197  0.087430  -0.007732  0.978189  0.207598  0.007010  -0.040097  0.155605  0.987005  0.203809  -0.965759  0.160536  -0.006049  -0.007967  -0.011337  -0.916709  -0.794134  0.326162  2.000000  
14.487040 0.000191  0.087422  -0.007745  0.978137  0.207831  0.007372  -0.040700  0.156549  0.986831  0.203940  -0.965556  0.161585  -0.006066  -0.007972  -0.011516  -0.914867  -0.787679  0.323473  2.000000  
14.488069 0.000185  0.087414  -0.007758  0.978049  0.208226  0.007939  -0.041503  0.157325  0.986674  0.204202  -0.965345  0.162513  -0.006035  -0.007995  -0.011649  -0.906284  -0.786388  0.328680  2.000000  
14.489285 0.000178  0.087403  -0.007774  0.977987  0.208496  0.008452  -0.042308  0.158464  0.986458  0.204333  -0.965100  0.163796  -0.006079  -0.008068  -0.011909  -0.907092  -0.779748  0.327022  2.000000  
14.490299 0.000171  0.087395  -0.007787  0.977933  0.208731  0.008836  -0.042910  0.159287  0.986299  0.204464  -0.964914  0.164728  -0.006114  -0.008114  -0.012058  -0.901136  -0.773244  0.324242  2.000000  
14.491313 0.000166  0.087387  -0.007801  0.977852  0.209097  0.009199  -0.043512  0.160103  0.986141  0.204726  -0.964700  0.165655  -0.006083  -0.008125  -0.012247  -0.897254  -0.764601  0.328059  2.000000  
14.492538 0.000158  0.087376  -0.007818  0.977788  0.209370  0.009709  -0.044316  0.161241  0.985920  0.204857  -0.964451  0.166938  -0.006099  -0.008224  -0.012452  -0.898465  -0.759141  0.322113  2.000000  
14.493544 0.000153  0.087367  -0.007832  0.977724  0.209642  0.010295  -0.045120  0.162019  0.985756  0.204988  -0.964261  0.167869  -0.006089  -0.008271  -0.012683  -0.892083  -0.752185  0.319092  2.000000  
14.494795 0.000145  0.087356  -0.007849  0.977659  0.209916  0.010856  -0.045924  0.162916  0.985571  0.205119  -0.964051  0.168917  -0.006061  -0.008331  -0.012824  -0.881245  -0.745886  0.314592  2.000000  
14.496040 0.000138  0.087345  -0.007866  0.977566  0.210322  0.011367  -0.046726  0.163926  0.985365  0.205381  -0.963791  0.170076  -0.006002  -0.008392  -0.012959  -0.879299  -0.732038  0.316200  2.000000  
14.497292 0.000131  0.087334  -0.007882  0.977500  0.210600  0.011900  -0.047530  0.164942  0.985157  0.205512  -0.963557  0.171240  -0.005949  -0.008434  -0.013092  -0.872883  -0.724910  0.313267  2.000000  
14.498300 0.000126  0.087326  -0.007895  0.977443  0.210843  0.012281  -0.048132  0.165761  0.984991  0.205643  -0.963363  0.172170  -0.005886  -0.008439  -0.013130  -0.869783  -0.718364  0.308383  2.000000  
14.499537 0.000119  0.087315  -0.007911  0.977385  0.211090  0.012610  -0.048734  0.166819  0.984782  0.205774  -0.963126  0.173334  -0.005843  -0.008486  -0.013168  -0.870033  -0.699586  0.297232  2.000000  
14.500787 0.000112  0.087305  -0.007926  0.977317  0.211372  0.013142  -0.049538  0.167833  0.984570  0.205905  -0.962888  0.174497  -0.005749  -0.008446  -0.013188  -0.872715  -0.686572  0.291430  2.000000  
14.502035 0.000106  0.087295  -0.007942  0.977238  0.211690  0.013875  -0.050542  0.168803  0.984353  0.206035  -0.962649  0.175660  -0.005677  -0.008466  -0.013135  -0.868063  -0.687942  0.286526  2.000000  
14.503035 0.000101  0.087287  -0.007954  0.977179  0.211938  0.014228  -0.051145  0.169740  0.984161  0.206166  -0.962429  0.176706  -0.005627  -0.008432  -0.013123  -0.869347  -0.680969  0.286156  2.000000  
14.504291 0.000094  0.087278  -0.007969  0.977109  0.212225  0.014758  -0.051948  0.170752  0.983944  0.206297  -0.962187  0.177868  -0.005560  -0.008379  -0.012963  -0.867054  -0.675078  0.281661  2.000000  
14.505537 0.000088  0.087268  -0.007984  0.977039  0.212513  0.015287  -0.052751  0.171764  0.983725  0.206428  -0.961944  0.179030  -0.005465  -0.008314  -0.012883  -0.867925  -0.668531  0.276822  2.000000  
14.506539 0.000084  0.087261  -0.007996  0.976978  0.212762  0.015664  -0.053353  0.172580  0.983550  0.206559  -0.961742  0.179958  -0.005393  -0.008224  -0.012746  -0.865102  -0.662316  0.271961  2.000000  
14.507540 0.000078  0.087254  -0.008007  0.976945  0.212883  0.016090  -0.053956  0.173284  0.983393  0.206559  -0.961589  0.180775  -0.005318  -0.008116  -0.012612  -0.858311  -0.656133  0.267046  2.000000  
14.508544 0.000074  0.087246  -0.008019  0.976884  0.213134  0.016467  -0.054558  0.174099  0.983216  0.206690  -0.961386  0.181703  -0.005270  -0.008052  -0.012459  -0.860053  -0.648738  0.263256  2.000000  
14.509789 0.000068  0.087238  -0.008033  0.976811  0.213427  0.016993  -0.055361  0.175109  0.982991  0.206821  -0.961138  0.182864  -0.005156  -0.007921  -0.012269  -0.856813  -0.643785  0.257411  2.000000  
14.510793 0.000063  0.087231  -0.008044  0.976777  0.213552  0.017393  -0.055964  0.175931  0.982810  0.206821  -0.960960  0.183796  -0.005095  -0.007778  -0.012099  -0.854455  -0.637039  0.249091  2.000000  
14.512039 0.000057  0.087222  -0.008058  0.976703  0.213845  0.017945  -0.056767  0.176820  0.982605  0.206952  -0.960732  0.184840  -0.004987  -0.007622  -0.011916  -0.847289  -0.632276  0.243333  2.000000  
14.513290 0.000051  0.087213  -0.008072  0.976628  0.214141  0.018469  -0.057570  0.177828  0.982376  0.207083  -0.960479  0.186000  -0.004956  -0.007549  -0.011795  -0.845095  -0.625726  0.243108  2.000000  
14.514300 0.000047  0.087206  -0.008083  0.976553  0.214432  0.019071  -0.058372  0.178478  0.982211  0.207214  -0.960294  0.186810  -0.004830  -0.007376  -0.011655  -0.832145  -0.624092  0.239973  2.000000  
14.515313 0.000043  0.087199  -0.008094  0.976516  0.214559  0.019496  -0.058975  0.179179  0.982047  0.207214  -0.960135  0.187625  -0.004776  -0.007316  -0.011573  -0.829002  -0.617669  0.234786  2.000000  
14.516537 0.000038  0.087190  -0.008108  0.976440  0.214857  0.020045  -0.059778  0.180067  0.981836  0.207345  -0.959902  0.188668  -0.004699  -0.007242  -0.011522  -0.821343  -0.620234  0.230530  2.000000  
14.517539 0.000034  0.087183  -0.008119  0.976375  0.215116  0.020417  -0.060379  0.180879  0.981650  0.207475  -0.959692  0.189594  -0.004623  -0.007170  -0.011410  -0.822690  -0.613402  0.229928  2.000000  
14.518785 0.000028  0.087175  -0.008133  0.976285  0.215451  0.021193  -0.061382  0.181602  0.981455  0.207606  -0.959480  0.190520  -0.004564  -0.007134  -0.011351  -0.813215  -0.619822  0.231840  2.000000  
14.519785 0.000025  0.087167  -0.008145  0.976219  0.215709  0.021591  -0.061983  0.182294  0.981288  0.207737  -0.959291  0.191329  -0.004496  -0.007108  -0.011304  -0.804876  -0.620287  0.228015  2.000000  
14.520789 0.000021  0.087161  -0.008156  0.976180  0.215841  0.022014  -0.062586  0.182994  0.981120  0.207737  -0.959128  0.192143  -0.004435  -0.007062  -0.011241  -0.802499  -0.614507  0.223048  2.000000  
14.522037 0.000016  0.087151  -0.008170  0.976088  0.216182  0.022762  -0.063589  0.183834  0.980898  0.207868  -0.958890  0.193185  -0.004355  -0.007081  -0.011203  -0.792761  -0.620707  0.224983  2.000000  
14.523039 0.000012  0.087144  -0.008181  0.976021  0.216443  0.023158  -0.064190  0.184525  0.980729  0.207999  -0.958699  0.193993  -0.004309  -0.007090  -0.011218  -0.788434  -0.621179  0.221116  2.000000  
14.524301 0.000007  0.087135  -0.008195  0.975940  0.216749  0.023703  -0.064992  0.185408  0.980510  0.208130  -0.958459  0.195034  -0.004211  -0.007084  -0.011151  -0.783844  -0.619185  0.222416  2.000000  
14.525549 0.000001  0.087125  -0.008209  0.975844  0.217095  0.024450  -0.065995  0.186247  0.980284  0.208261  -0.958218  0.196075  -0.004186  -0.007137  -0.011169  -0.782342  -0.625585  0.224359  2.000000  
14.526793 -0.000004  0.087116  -0.008223  0.975790  0.217275  0.025020  -0.066798  0.187138  0.980060  0.208261  -0.958004  0.197121  -0.004123  -0.007144  -0.011211  -0.774233  -0.627091  0.216320  2.000000  
14.528040 -0.000009  0.087107  -0.008239  0.975693  0.217624  0.025765  -0.067801  0.187975  0.979831  0.208392  -0.957761  0.198161  -0.004080  -0.007181  -0.011308  -0.773138  -0.633832  0.218402  2.000000  
14.529293 -0.000014  0.087097  -0.008253  0.975609  0.217932  0.026334  -0.068602  0.188737  0.979628  0.208522  -0.957540  0.199085  -0.004085  -0.007273  -0.011358  -0.763060  -0.639890  0.220265  2.000000  
14.530300 -0.000018  0.087090  -0.008266  0.975552  0.218110  0.026955  -0.069406  0.189390  0.979446  0.208522  -0.957371  0.199898  -0.004061  -0.007283  -0.011430  -0.758745  -0.640376  0.216376  2.000000  
14.531303 -0.000022  0.087083  -0.008278  0.975481  0.218378  0.027348  -0.070006  0.190077  0.979270  0.208653  -0.957174  0.200705  -0.004023  -0.007285  -0.011457  -0.754555  -0.640139  0.216947  2.000000  
14.532539 -0.000028  0.087073  -0.008293  0.975380  0.218729  0.028117  -0.071008  0.190793  0.979059  0.208784  -0.956951  0.201628  -0.004067  -0.007351  -0.011580  -0.741096  -0.646762  0.219075  2.000000  
14.533574 -0.000032  0.087066  -0.008305  0.975336  0.218871  0.028536  -0.071611  0.191489  0.978879  0.208784  -0.956780  0.202440  -0.004054  -0.007384  -0.011623  -0.736058  -0.646622  0.214982  2.000000  
14.534790 -0.000037  0.087056  -0.008321  0.975249  0.219185  0.029102  -0.072412  0.192249  0.978671  0.208915  -0.956555  0.203363  -0.004077  -0.007409  -0.011749  -0.728659  -0.647109  0.215932  2.000000  
14.536040 -0.000042  0.087047  -0.008336  0.975161  0.219500  0.029668  -0.073213  0.193009  0.978462  0.209046  -0.956330  0.204285  -0.004133  -0.007450  -0.011837  -0.720885  -0.647276  0.216775  2.000000  
14.537285 -0.000048  0.087037  -0.008352  0.975101  0.219684  0.030287  -0.074016  0.193659  0.978273  0.209046  -0.956156  0.205097  -0.004162  -0.007516  -0.011989  -0.713331  -0.648174  0.216801  2.000000  
14.538301 -0.000053  0.087029  -0.008365  0.975055  0.219826  0.030731  -0.074618  0.194235  0.978113  0.209046  -0.956007  0.205793  -0.004233  -0.007547  -0.012100  -0.704983  -0.648667  0.212912  2.000000  
14.539537 -0.000059  0.087019  -0.008382  0.974965  0.220140  0.031323  -0.075419  0.194874  0.977924  0.209177  -0.955805  0.206598  -0.004298  -0.007629  -0.012286  -0.692823  -0.648484  0.213595  2.000000  
14.540540 -0.000063  0.087010  -0.008394  0.974918  0.220284  0.031766  -0.076021  0.195450  0.977763  0.209177  -0.955654  0.207294  -0.004303  -0.007658  -0.012370  -0.683769  -0.647085  0.214669  2.000000  
14.541545 -0.000068  0.087002  -0.008408  0.974843  0.220555  0.032182  -0.076621  0.196015  0.977603  0.209307  -0.955475  0.207983  -0.004369  -0.007733  -0.012488  -0.675317  -0.646685  0.215149  2.000000  
14.542548 -0.000073  0.086994  -0.008421  0.974796  0.220700  0.032625  -0.077223  0.196590  0.977440  0.209307  -0.955324  0.208679  -0.004425  -0.007774  -0.012563  -0.672638  -0.639846  0.214281  2.000000  
14.543801 -0.000079  0.086984  -0.008437  0.974704  0.221014  0.033241  -0.078023  0.197110  0.977272  0.209438  -0.955144  0.209368  -0.004461  -0.007826  -0.012665  -0.660230  -0.639544  0.214829  2.000000  
14.545042 -0.000085  0.086973  -0.008454  0.974656  0.221164  0.033657  -0.078625  0.197803  0.977083  0.209438  -0.954966  0.210179  -0.004549  -0.007912  -0.012772  -0.655003  -0.635239  0.209313  2.000000  
14.546044 -0.000090  0.086965  -0.008467  0.974607  0.221311  0.034099  -0.079227  0.198377  0.976918  0.209438  -0.954813  0.210874  -0.004632  -0.007990  -0.012865  -0.649538  -0.634535  0.205825  2.000000  
14.547296 -0.000096  0.086955  -0.008484  0.974513  0.221631  0.034688  -0.080028  0.199014  0.976724  0.209569  -0.954606  0.211678  -0.004639  -0.008032  -0.012895  -0.637164  -0.634249  0.206457  2.000000  
14.548540 -0.000102  0.086945  -0.008500  0.974464  0.221784  0.035103  -0.080629  0.199706  0.976533  0.209569  -0.954426  0.212489  -0.004735  -0.008082  -0.013025  -0.635965  -0.621769  0.199854  2.000000  
14.549789 -0.000109  0.086934  -0.008516  0.974414  0.221938  0.035517  -0.081231  0.200398  0.976341  0.209569  -0.954245  0.213299  -0.004811  -0.008158  -0.013041  -0.629261  -0.615924  0.194671  2.000000  
14.551041 -0.000115  0.086924  -0.008533  0.974319  0.222260  0.036104  -0.082031  0.201034  0.976144  0.209700  -0.954037  0.214103  -0.004895  -0.008179  -0.013102  -0.621277  -0.615969  0.195344  2.000000  
