1-Time 2-Px 3-Py 4-Pz 5-R11 6-R21 7-R31 8-R12 9-R22 10-R32 11-R13 12-R23 13-R33 14-Vx 15-Vy 16-Vz 17-Wx 18-Wy 19-Wz 20-state 21-PR11 22-PR21 23-PR31 24-PR12 25-PR22 26-PR32 27-PR13 28-PR23 29-PR33 
84.275138 0.004059  0.090368  -0.005909  0.992796  0.094255  -0.073978  -0.094507  0.995524  0.000097  0.073656  0.006895  0.997260  -0.000338  0.000072  0.000617  0.000000  0.000000  0.000000  2.000000  
84.276145 0.004059  0.090368  -0.005909  0.992776  0.094460  -0.073978  -0.094711  0.995505  0.000112  0.073656  0.006895  0.997260  -0.000336  0.000049  0.000638  0.000000  0.000000  0.000000  2.000000  
84.277146 0.004058  0.090367  -0.005909  0.992747  0.094664  -0.074111  -0.094915  0.995485  0.000140  0.073790  0.006895  0.997250  -0.000369  -0.000056  0.000584  0.000000  0.000000  0.000000  2.000000  
84.278152 0.004057  0.090365  -0.005909  0.992668  0.095277  -0.074377  -0.095526  0.995427  0.000212  0.074057  0.006895  0.997230  -0.000387  -0.000211  0.000551  0.000000  0.000000  0.000000  2.000000  
84.279397 0.004057  0.090362  -0.005908  0.992639  0.095481  -0.074509  -0.095729  0.995407  0.000240  0.074190  0.006895  0.997220  -0.000358  -0.000387  0.000559  0.000000  0.000000  0.000000  2.000000  
84.280400 0.004058  0.090359  -0.005908  0.992599  0.095684  -0.074775  -0.095932  0.995388  0.000281  0.074457  0.006895  0.997200  -0.000315  -0.000567  0.000532  0.000000  0.000000  0.000000  2.000000  
84.281407 0.004058  0.090357  -0.005907  0.992540  0.096092  -0.075040  -0.096338  0.995349  0.000337  0.074724  0.006895  0.997180  -0.000241  -0.000720  0.000526  0.000000  0.000000  0.000000  2.000000  
84.282409 0.004058  0.090355  -0.005907  0.992480  0.096509  -0.075294  -0.096745  0.995309  0.000515  0.074991  0.006773  0.997161  -0.000212  -0.000895  0.000534  0.000000  0.000000  0.000000  2.000000  
84.283643 0.004059  0.090352  -0.005906  0.992370  0.097326  -0.075692  -0.097559  0.995230  0.000616  0.075391  0.006773  0.997131  -0.000131  -0.001074  0.000539  0.000000  0.000000  0.000000  2.000000  
84.284890 0.004060  0.090350  -0.005906  0.992259  0.098134  -0.076102  -0.098374  0.995149  0.000597  0.075791  0.006894  0.997100  -0.000076  -0.001259  0.000479  0.000000  0.000000  0.000000  2.000000  
84.285892 0.004059  0.090347  -0.005907  0.992198  0.098541  -0.076367  -0.098780  0.995109  0.000655  0.076058  0.006894  0.997080  -0.000085  -0.001451  0.000322  0.000000  0.000000  0.000000  2.000000  
84.287145 0.004059  0.090345  -0.005909  0.992076  0.099357  -0.076897  -0.099593  0.995028  0.000771  0.076592  0.006894  0.997039  -0.000034  -0.001546  0.000151  0.012994  0.100111  0.171786  2.000000  
84.288390 0.004059  0.090344  -0.005911  0.991984  0.099969  -0.077295  -0.100203  0.994967  0.000859  0.076992  0.006893  0.997008  0.000009  -0.001616  -0.000031  0.014594  0.113762  0.192418  2.000000  
84.289400 0.004059  0.090342  -0.005912  0.991891  0.100581  -0.077693  -0.100812  0.994905  0.000947  0.077392  0.006893  0.996977  0.000010  -0.001726  -0.000141  0.016195  0.127348  0.212940  2.000000  
84.290410 0.004059  0.090339  -0.005914  0.991797  0.101192  -0.078090  -0.101422  0.994843  0.001036  0.077792  0.006893  0.996946  0.000001  -0.001945  -0.000299  0.017803  0.140934  0.233463  2.000000  
84.291650 0.004059  0.090335  -0.005917  0.991682  0.101999  -0.078500  -0.102235  0.994760  0.001020  0.078192  0.007014  0.996914  0.000019  -0.002147  -0.000525  0.015882  0.154675  0.261025  2.000000  
84.292894 0.004059  0.090332  -0.005918  0.991577  0.102610  -0.079030  -0.102843  0.994697  0.001124  0.078726  0.007013  0.996872  0.000095  -0.002237  -0.000632  0.017536  0.172836  0.281641  2.000000  
84.294143 0.004059  0.090328  -0.005917  0.991482  0.103221  -0.079427  -0.103452  0.994634  0.001214  0.079126  0.007013  0.996840  0.000094  -0.002321  -0.000600  0.019179  0.186466  0.302234  2.000000  
84.295144 0.004059  0.090323  -0.005916  0.991386  0.103833  -0.079824  -0.104061  0.994570  0.001305  0.079526  0.007013  0.996808  0.000068  -0.002435  -0.000510  0.020829  0.200097  0.322825  2.000000  
84.296145 0.004059  0.090318  -0.005915  0.991290  0.104435  -0.080234  -0.104670  0.994506  0.001276  0.079926  0.007134  0.996775  0.000074  -0.002659  -0.000512  0.018418  0.213823  0.343523  2.000000  
84.297147 0.004060  0.090313  -0.005914  0.991226  0.104842  -0.080499  -0.105076  0.994463  0.001337  0.080193  0.007133  0.996754  0.000135  -0.002856  -0.000492  0.019522  0.222835  0.357127  2.000000  
84.298405 0.004061  0.090306  -0.005911  0.991118  0.105443  -0.081041  -0.105684  0.994399  0.001322  0.080726  0.007254  0.996710  0.000138  -0.003144  -0.000393  0.017137  0.240896  0.377528  2.000000  
84.299643 0.004062  0.090299  -0.005909  0.991031  0.105838  -0.081584  -0.106087  0.994356  0.001292  0.081260  0.007375  0.996666  0.000174  -0.003456  -0.000219  0.014242  0.259109  0.391338  2.000000  
84.300890 0.004063  0.090291  -0.005907  0.990966  0.106236  -0.081861  -0.106493  0.994313  0.001233  0.081527  0.007495  0.996643  0.000247  -0.003747  0.000041  0.011294  0.268275  0.405125  2.000000  
84.301890 0.004065  0.090285  -0.005905  0.990900  0.106643  -0.082126  -0.106899  0.994269  0.001296  0.081793  0.007495  0.996621  0.000358  -0.004093  0.000267  0.012424  0.277370  0.418855  2.000000  
84.303149 0.004066  0.090277  -0.005903  0.990834  0.107041  -0.082403  -0.107304  0.994225  0.001238  0.082060  0.007616  0.996598  0.000441  -0.004546  0.000504  0.009478  0.286403  0.432436  2.000000  
84.304399 0.004067  0.090270  -0.005901  0.990779  0.107429  -0.082561  -0.107711  0.994182  0.001045  0.082193  0.007858  0.996585  0.000518  -0.004844  0.000762  0.002414  0.288757  0.442638  2.000000  
84.305647 0.004067  0.090261  -0.005898  0.990735  0.107622  -0.082839  -0.107913  0.994160  0.000970  0.082460  0.007978  0.996562  0.000580  -0.005192  0.001138  -0.001043  0.300176  0.453046  2.000000  
84.306894 0.004068  0.090254  -0.005895  0.990724  0.107600  -0.082998  -0.107911  0.994160  0.000743  0.082593  0.008220  0.996549  0.000580  -0.005457  0.001505  -0.010219  0.300182  0.439290  2.000000  
84.307898 0.004068  0.090248  -0.005893  0.990701  0.107795  -0.083011  -0.108115  0.994138  0.000640  0.082593  0.008341  0.996548  0.000603  -0.005639  0.001692  -0.015323  0.291135  0.425576  2.000000  
84.309144 0.004068  0.090240  -0.005889  0.990690  0.107784  -0.083157  -0.108114  0.994138  0.000534  0.082727  0.008462  0.996536  0.000589  -0.005870  0.001904  -0.019718  0.288648  0.415117  2.000000  
84.310146 0.004067  0.090233  -0.005885  0.990668  0.107978  -0.083170  -0.108318  0.994116  0.000430  0.082727  0.008582  0.996535  0.000582  -0.006036  0.002075  -0.023907  0.282134  0.418697  2.000000  
84.311408 0.004066  0.090224  -0.005882  0.990668  0.107968  -0.083183  -0.108318  0.994116  0.000310  0.082727  0.008703  0.996534  0.000467  -0.006158  0.002223  -0.028997  0.272856  0.404652  2.000000  
84.312647 0.004065  0.090215  -0.005878  0.990690  0.107754  -0.083196  -0.108114  0.994138  0.000172  0.082727  0.008824  0.996533  0.000268  -0.006347  0.002327  -0.039809  0.259195  0.370411  2.000000  
84.313894 0.004064  0.090205  -0.005875  0.990701  0.107745  -0.083076  -0.108115  0.994138  0.000037  0.082593  0.008945  0.996543  0.000124  -0.006533  0.002365  -0.041951  0.241059  0.342964  2.000000  
84.315140 0.004062  0.090196  -0.005870  0.990701  0.107724  -0.083102  -0.108115  0.994138  -0.000204  0.082593  0.009187  0.996541  -0.000024  -0.006661  0.002540  -0.050714  0.225640  0.326553  2.000000  
84.316391 0.004061  0.090186  -0.005865  0.990701  0.107714  -0.083116  -0.108115  0.994138  -0.000325  0.082593  0.009308  0.996540  -0.000185  -0.006789  0.002751  -0.056993  0.212508  0.299914  2.000000  
84.317394 0.004060  0.090178  -0.005861  0.990701  0.107694  -0.083142  -0.108115  0.994138  -0.000566  0.082593  0.009550  0.996538  -0.000332  -0.006912  0.002924  -0.067098  0.200217  0.281186  2.000000  
84.318397 0.004059  0.090170  -0.005857  0.990735  0.107481  -0.083022  -0.107913  0.994160  -0.000718  0.082460  0.009671  0.996547  -0.000535  -0.007011  0.003088  -0.073337  0.181992  0.253695  2.000000  
84.319431 0.004057  0.090162  -0.005854  0.990735  0.107471  -0.083035  -0.107913  0.994160  -0.000839  0.082460  0.009791  0.996546  -0.000675  -0.007159  0.003134  -0.078963  0.168216  0.232925  2.000000  
84.320642 0.004054  0.090151  -0.005850  0.990746  0.107452  -0.082929  -0.107914  0.994160  -0.001094  0.082327  0.010033  0.996555  -0.000870  -0.007344  0.003204  -0.088105  0.153456  0.210787  2.000000  
84.321642 0.004052  0.090142  -0.005848  0.990757  0.107443  -0.082809  -0.107915  0.994159  -0.001229  0.082193  0.010154  0.996565  -0.001034  -0.007514  0.003193  -0.089738  0.135478  0.190418  2.000000  
84.322650 0.004051  0.090134  -0.005846  0.990768  0.107435  -0.082690  -0.107916  0.994159  -0.001364  0.082060  0.010275  0.996574  -0.001161  -0.007669  0.003165  0.000000  0.000000  0.000000  2.000000  
84.323893 0.004048  0.090124  -0.005844  0.990790  0.107210  -0.082715  -0.107712  0.994181  -0.001623  0.082060  0.010517  0.996572  -0.001350  -0.007872  0.003006  0.000000  0.000000  0.000000  2.000000  
84.324894 0.004046  0.090115  -0.005844  0.990801  0.107201  -0.082596  -0.107713  0.994180  -0.001758  0.081927  0.010638  0.996582  -0.001453  -0.007981  0.002807  0.000000  0.000000  0.000000  2.000000  
84.326144 0.004042  0.090105  -0.005844  0.990812  0.107193  -0.082476  -0.107715  0.994180  -0.001893  0.081793  0.010759  0.996591  -0.001625  -0.008086  0.002553  0.000000  0.000000  0.000000  2.000000  
84.327147 0.004040  0.090097  -0.005844  0.990812  0.107183  -0.082489  -0.107715  0.994180  -0.002013  0.081793  0.010880  0.996590  -0.001739  -0.008146  0.002381  0.000000  0.000000  0.000000  2.000000  
84.328397 0.004037  0.090086  -0.005845  0.990812  0.107173  -0.082502  -0.107715  0.994180  -0.002134  0.081793  0.011001  0.996589  -0.001872  -0.008193  0.002100  0.000000  0.000000  0.000000  2.000000  
84.329400 0.004033  0.090077  -0.005845  0.990822  0.107164  -0.082383  -0.107716  0.994179  -0.002269  0.081660  0.011122  0.996598  -0.001972  -0.008278  0.001866  0.000000  0.000000  0.000000  2.000000  
84.330407 0.004030  0.090069  -0.005845  0.990845  0.106959  -0.082382  -0.107512  0.994201  -0.002286  0.081660  0.011122  0.996598  -0.002101  -0.008289  0.001569  0.000000  0.000000  0.000000  2.000000  
84.331642 0.004027  0.090059  -0.005845  0.990845  0.106949  -0.082395  -0.107512  0.994201  -0.002406  0.081660  0.011243  0.996597  -0.002263  -0.008352  0.001225  0.000000  0.000000  0.000000  2.000000  
84.332896 0.004024  0.090048  -0.005845  0.990845  0.106939  -0.082408  -0.107512  0.994201  -0.002527  0.081660  0.011364  0.996595  -0.002353  -0.008378  0.000930  0.000000  0.000000  0.000000  2.000000  
84.334143 0.004021  0.090038  -0.005846  0.990822  0.107134  -0.082422  -0.107716  0.994178  -0.002631  0.081660  0.011484  0.996594  -0.002390  -0.008398  0.000613  0.000000  0.000000  0.000000  2.000000  
84.335398 0.004019  0.090028  -0.005847  0.990822  0.107124  -0.082435  -0.107716  0.994178  -0.002751  0.081660  0.011605  0.996593  -0.002401  -0.008323  0.000242  0.000000  0.000000  0.000000  2.000000  
84.336428 0.004016  0.090020  -0.005848  0.990822  0.107124  -0.082435  -0.107716  0.994178  -0.002751  0.081660  0.011605  0.996593  -0.002430  -0.008302  0.000033  0.000000  0.000000  0.000000  2.000000  
84.337640 0.004014  0.090010  -0.005848  0.990812  0.107112  -0.082580  -0.107715  0.994178  -0.002857  0.081793  0.011726  0.996580  -0.002437  -0.008283  -0.000162  0.000000  0.000000  0.000000  2.000000  
84.338641 0.004013  0.090003  -0.005849  0.990789  0.107307  -0.082594  -0.107919  0.994155  -0.002961  0.081793  0.011847  0.996579  -0.002345  -0.008171  -0.000289  0.000000  0.000000  0.000000  2.000000  
84.339647 0.004012  0.089996  -0.005849  0.990778  0.107296  -0.082739  -0.107917  0.994155  -0.003067  0.081927  0.011968  0.996567  -0.002258  -0.008090  -0.000369  0.000000  0.000000  0.000000  2.000000  
84.340894 0.004012  0.089987  -0.005850  0.990778  0.107285  -0.082752  -0.107917  0.994155  -0.003188  0.081927  0.012089  0.996565  -0.002085  -0.007993  -0.000427  0.000000  0.000000  0.000000  2.000000  
84.341895 0.004011  0.089980  -0.005851  0.990756  0.107480  -0.082766  -0.108121  0.994132  -0.003291  0.081927  0.012210  0.996564  -0.001924  -0.007885  -0.000458  0.000000  0.000000  0.000000  2.000000  
84.343147 0.004011  0.089972  -0.005852  0.990756  0.107480  -0.082766  -0.108121  0.994132  -0.003291  0.081927  0.012210  0.996564  -0.001736  -0.007739  -0.000471  0.000000  0.000000  0.000000  2.000000  
84.344397 0.004011  0.089964  -0.005853  0.990756  0.107470  -0.082779  -0.108121  0.994132  -0.003412  0.081927  0.012330  0.996562  -0.001517  -0.007571  -0.000499  0.000000  0.000000  0.000000  2.000000  
84.345644 0.004011  0.089955  -0.005853  0.990734  0.107675  -0.082780  -0.108325  0.994110  -0.003395  0.081927  0.012330  0.996562  -0.001249  -0.007431  -0.000549  0.000000  0.000000  0.000000  2.000000  
84.346648 0.004011  0.089949  -0.005854  0.990723  0.107673  -0.082912  -0.108324  0.994110  -0.003380  0.082060  0.012330  0.996551  -0.001079  -0.007316  -0.000616  0.000000  0.000000  0.000000  2.000000  
84.347893 0.004012  0.089941  -0.005855  0.990701  0.107878  -0.082913  -0.108528  0.994088  -0.003363  0.082060  0.012330  0.996551  -0.000837  -0.007190  -0.000699  0.000000  0.000000  0.000000  2.000000  
84.348894 0.004012  0.089934  -0.005855  0.990701  0.107878  -0.082913  -0.108528  0.994088  -0.003363  0.082060  0.012330  0.996551  -0.000650  -0.007031  -0.000646  0.000000  0.000000  0.000000  2.000000  
84.349894 0.004012  0.089928  -0.005855  0.990701  0.107878  -0.082913  -0.108528  0.994088  -0.003363  0.082060  0.012330  0.996551  -0.000460  -0.006930  -0.000603  0.000000  0.000000  0.000000  2.000000  
84.351144 0.004013  0.089921  -0.005854  0.990678  0.108082  -0.082914  -0.108732  0.994065  -0.003346  0.082060  0.012330  0.996551  -0.000276  -0.006759  -0.000463  0.000000  0.000000  0.000000  2.000000  
84.352146 0.004014  0.089915  -0.005853  0.990678  0.108082  -0.082914  -0.108732  0.994065  -0.003346  0.082060  0.012330  0.996551  -0.000067  -0.006582  -0.000306  0.000000  0.000000  0.000000  2.000000  
84.353149 0.004015  0.089910  -0.005851  0.990656  0.108287  -0.082914  -0.108936  0.994043  -0.003329  0.082060  0.012330  0.996551  0.000075  -0.006451  -0.000171  0.000000  0.000000  0.000000  2.000000  
84.354407 0.004016  0.089903  -0.005850  0.990656  0.108287  -0.082914  -0.108936  0.994043  -0.003329  0.082060  0.012330  0.996551  0.000257  -0.006306  -0.000005  0.000000  0.000000  0.000000  2.000000  
84.355648 0.004017  0.089897  -0.005847  0.990633  0.108492  -0.082915  -0.109140  0.994021  -0.003312  0.082060  0.012330  0.996551  0.000391  -0.006135  0.000255  0.000000  0.000000  0.000000  2.000000  
84.356894 0.004019  0.089891  -0.005844  0.990633  0.108492  -0.082915  -0.109140  0.994021  -0.003312  0.082060  0.012330  0.996551  0.000528  -0.005945  0.000438  0.000000  0.000000  0.000000  2.000000  
84.357896 0.004021  0.089886  -0.005842  0.990633  0.108492  -0.082915  -0.109140  0.994021  -0.003312  0.082060  0.012330  0.996551  0.000661  -0.005802  0.000639  0.000000  0.000000  0.000000  2.000000  
84.359145 0.004022  0.089881  -0.005840  0.990622  0.108708  -0.082770  -0.109345  0.993999  -0.003189  0.081927  0.012210  0.996564  0.000762  -0.005642  0.000796  0.000000  0.000000  0.000000  2.000000  
84.360145 0.004023  0.089876  -0.005838  0.990622  0.108708  -0.082770  -0.109345  0.993999  -0.003189  0.081927  0.012210  0.996564  0.000854  -0.005516  0.001017  0.000000  0.000000  0.000000  2.000000  
84.361146 0.004024  0.089871  -0.005836  0.990599  0.108913  -0.082771  -0.109549  0.993976  -0.003172  0.081927  0.012210  0.996564  0.000916  -0.005407  0.001193  0.000000  0.000000  0.000000  2.000000  
84.362147 0.004025  0.089866  -0.005834  0.990599  0.108913  -0.082771  -0.109549  0.993976  -0.003172  0.081927  0.012210  0.996564  0.000953  -0.005269  0.001333  0.000000  0.000000  0.000000  2.000000  
84.363156 0.004025  0.089861  -0.005833  0.990599  0.108923  -0.082757  -0.109549  0.993977  -0.003051  0.081927  0.012089  0.996565  0.000925  -0.005158  0.001515  0.000000  0.000000  0.000000  2.000000  
84.364394 0.004026  0.089855  -0.005830  0.990577  0.109127  -0.082758  -0.109753  0.993954  -0.003034  0.081927  0.012089  0.996565  0.000966  -0.005067  0.001715  0.000000  0.000000  0.000000  2.000000  
84.365644 0.004027  0.089849  -0.005828  0.990577  0.109137  -0.082745  -0.109753  0.993955  -0.002914  0.081927  0.011968  0.996567  0.000947  -0.004960  0.001772  0.000000  0.000000  0.000000  2.000000  
84.366892 0.004027  0.089842  -0.005826  0.990577  0.109147  -0.082732  -0.109753  0.993955  -0.002793  0.081927  0.011847  0.996568  0.000874  -0.004932  0.001801  0.000000  0.000000  0.000000  2.000000  
84.368145 0.004027  0.089836  -0.005824  0.990554  0.109362  -0.082719  -0.109957  0.993933  -0.002656  0.081927  0.011726  0.996569  0.000792  -0.004923  0.001776  0.000000  0.000000  0.000000  2.000000  
84.369396 0.004027  0.089830  -0.005823  0.990554  0.109362  -0.082719  -0.109957  0.993933  -0.002656  0.081927  0.011726  0.996569  0.000695  -0.004901  0.001740  0.000000  0.000000  0.000000  2.000000  
84.370404 0.004026  0.089824  -0.005823  0.990554  0.109372  -0.082706  -0.109957  0.993933  -0.002535  0.081927  0.011605  0.996571  0.000570  -0.004891  0.001599  0.000000  0.000000  0.000000  2.000000  
84.371405 0.004026  0.089820  -0.005822  0.990531  0.109577  -0.082706  -0.110161  0.993911  -0.002518  0.081927  0.011605  0.996571  0.000461  -0.004921  0.001517  0.000000  0.000000  0.000000  2.000000  
84.372658 0.004025  0.089813  -0.005822  0.990531  0.109577  -0.082706  -0.110161  0.993911  -0.002518  0.081927  0.011605  0.996571  0.000273  -0.004955  0.001374  0.000000  0.000000  0.000000  2.000000  
84.373895 0.004024  0.089808  -0.005821  0.990521  0.109585  -0.082825  -0.110160  0.993911  -0.002383  0.082060  0.011484  0.996561  0.000117  -0.004967  0.001252  0.000000  0.000000  0.000000  2.000000  
84.375145 0.004023  0.089802  -0.005821  0.990521  0.109585  -0.082825  -0.110160  0.993911  -0.002383  0.082060  0.011484  0.996561  -0.000023  -0.004941  0.001132  0.000000  0.000000  0.000000  2.000000  
84.376396 0.004021  0.089796  -0.005820  0.990521  0.109585  -0.082825  -0.110160  0.993911  -0.002383  0.082060  0.011484  0.996561  -0.000237  -0.004927  0.001005  0.000000  0.000000  0.000000  2.000000  
84.377396 0.004020  0.089792  -0.005820  0.990521  0.109585  -0.082825  -0.110160  0.993911  -0.002383  0.082060  0.011484  0.996561  -0.000329  -0.004883  0.000924  0.000000  0.000000  0.000000  2.000000  
84.378406 0.004019  0.089787  -0.005820  0.990521  0.109585  -0.082825  -0.110160  0.993911  -0.002383  0.082060  0.011484  0.996561  -0.000483  -0.004890  0.000803  0.000000  0.000000  0.000000  2.000000  
84.379644 0.004016  0.089780  -0.005821  0.990521  0.109585  -0.082825  -0.110160  0.993911  -0.002383  0.082060  0.011484  0.996561  -0.000665  -0.004883  0.000616  0.000000  0.000000  0.000000  2.000000  
84.380892 0.004014  0.089774  -0.005822  0.990510  0.109594  -0.082945  -0.110158  0.993912  -0.002247  0.082193  0.011363  0.996552  -0.000835  -0.004894  0.000388  0.000000  0.000000  0.000000  2.000000  
84.381892 0.004012  0.089769  -0.005823  0.990510  0.109594  -0.082945  -0.110158  0.993912  -0.002247  0.082193  0.011363  0.996552  -0.001015  -0.004908  0.000203  0.000000  0.000000  0.000000  2.000000  
84.383148 0.004009  0.089762  -0.005825  0.990510  0.109594  -0.082945  -0.110158  0.993912  -0.002247  0.082193  0.011363  0.996552  -0.001192  -0.004908  -0.000027  0.000000  0.000000  0.000000  2.000000  
84.384395 0.004007  0.089756  -0.005826  0.990532  0.109389  -0.082944  -0.109954  0.993934  -0.002264  0.082193  0.011363  0.996552  -0.001337  -0.004890  -0.000191  0.000000  0.000000  0.000000  2.000000  
84.385642 0.004003  0.089750  -0.005828  0.990521  0.109388  -0.083077  -0.109953  0.993934  -0.002250  0.082327  0.011363  0.996541  -0.001495  -0.004886  -0.000363  0.000000  0.000000  0.000000  2.000000  
84.386645 0.004001  0.089745  -0.005829  0.990521  0.109388  -0.083077  -0.109953  0.993934  -0.002250  0.082327  0.011363  0.996541  -0.001651  -0.004892  -0.000486  0.000000  0.000000  0.000000  2.000000  
84.387892 0.003998  0.089740  -0.005831  0.990521  0.109388  -0.083077  -0.109953  0.993934  -0.002250  0.082327  0.011363  0.996541  -0.001771  -0.004845  -0.000589  0.000000  0.000000  0.000000  2.000000  
84.388895 0.003995  0.089735  -0.005832  0.990521  0.109388  -0.083077  -0.109953  0.993934  -0.002250  0.082327  0.011363  0.996541  -0.001933  -0.004882  -0.000712  0.000000  0.000000  0.000000  2.000000  
84.389897 0.003993  0.089730  -0.005834  0.990521  0.109388  -0.083077  -0.109953  0.993934  -0.002250  0.082327  0.011363  0.996541  -0.002052  -0.004841  -0.000859  0.000000  0.000000  0.000000  2.000000  
84.391145 0.003990  0.089725  -0.005835  0.990521  0.109388  -0.083077  -0.109953  0.993934  -0.002250  0.082327  0.011363  0.996541  -0.002119  -0.004804  -0.001011  0.000000  0.000000  0.000000  2.000000  
84.392147 0.003987  0.089721  -0.005837  0.990544  0.109183  -0.083076  -0.109749  0.993957  -0.002267  0.082327  0.011363  0.996541  -0.002223  -0.004780  -0.001094  0.000000  0.000000  0.000000  2.000000  
84.393148 0.003985  0.089718  -0.005838  0.990544  0.109183  -0.083076  -0.109749  0.993957  -0.002267  0.082327  0.011363  0.996541  -0.002303  -0.004696  -0.001222  0.000000  0.000000  0.000000  2.000000  
84.394405 0.003981  0.089712  -0.005841  0.990544  0.109173  -0.083089  -0.109749  0.993956  -0.002387  0.082327  0.011484  0.996539  -0.002396  -0.004600  -0.001358  0.000000  0.000000  0.000000  2.000000  
84.395644 0.003978  0.089708  -0.005842  0.990544  0.109173  -0.083089  -0.109749  0.993956  -0.002387  0.082327  0.011484  0.996539  -0.002419  -0.004456  -0.001398  0.000000  0.000000  0.000000  2.000000  
84.396645 0.003975  0.089705  -0.005843  0.990544  0.109173  -0.083089  -0.109749  0.993956  -0.002387  0.082327  0.011484  0.996539  -0.002463  -0.004347  -0.001365  0.000000  0.000000  0.000000  2.000000  
84.397891 0.003972  0.089700  -0.005844  0.990544  0.109173  -0.083089  -0.109749  0.993956  -0.002387  0.082327  0.011484  0.996539  -0.002499  -0.004192  -0.001329  0.000000  0.000000  0.000000  2.000000  
84.398894 0.003970  0.089697  -0.005845  0.990544  0.109173  -0.083089  -0.109749  0.993956  -0.002387  0.082327  0.011484  0.996539  -0.002531  -0.004032  -0.001292  0.000000  0.000000  0.000000  2.000000  
84.400145 0.003966  0.089694  -0.005846  0.990544  0.109173  -0.083089  -0.109749  0.993956  -0.002387  0.082327  0.011484  0.996539  -0.002545  -0.003904  -0.001280  0.000000  0.000000  0.000000  2.000000  
84.401405 0.003964  0.089690  -0.005847  0.990544  0.109173  -0.083089  -0.109749  0.993956  -0.002387  0.082327  0.011484  0.996539  -0.002515  -0.003692  -0.001202  0.000000  0.000000  0.000000  2.000000  
84.402407 0.003962  0.089688  -0.005848  0.990544  0.109173  -0.083089  -0.109749  0.993956  -0.002387  0.082327  0.011484  0.996539  -0.002488  -0.003560  -0.001159  0.000000  0.000000  0.000000  2.000000  
84.403642 0.003959  0.089685  -0.005849  0.990521  0.109378  -0.083090  -0.109953  0.993934  -0.002370  0.082327  0.011484  0.996539  -0.002473  -0.003432  -0.001172  0.000000  0.000000  0.000000  2.000000  
84.404891 0.003956  0.089682  -0.005851  0.990521  0.109367  -0.083103  -0.109953  0.993934  -0.002491  0.082327  0.011605  0.996538  -0.002432  -0.003230  -0.001131  0.000000  0.000000  0.000000  2.000000  
84.405895 0.003955  0.089680  -0.005852  0.990521  0.109367  -0.083103  -0.109953  0.993934  -0.002491  0.082327  0.011605  0.996538  -0.002386  -0.003055  -0.001121  0.000000  0.000000  0.000000  2.000000  
84.407146 0.003952  0.089678  -0.005853  0.990521  0.109367  -0.083103  -0.109953  0.993934  -0.002491  0.082327  0.011605  0.996538  -0.002360  -0.002878  -0.001090  0.000000  0.000000  0.000000  2.000000  
84.408149 0.003950  0.089676  -0.005854  0.990521  0.109367  -0.083103  -0.109953  0.993934  -0.002491  0.082327  0.011605  0.996538  -0.002266  -0.002721  -0.001040  0.000000  0.000000  0.000000  2.000000  
84.409397 0.003948  0.089675  -0.005855  0.990499  0.109572  -0.083104  -0.110157  0.993911  -0.002474  0.082327  0.011605  0.996538  -0.002173  -0.002523  -0.000961  0.000000  0.000000  0.000000  2.000000  
84.410407 0.003947  0.089674  -0.005855  0.990499  0.109572  -0.083104  -0.110157  0.993911  -0.002474  0.082327  0.011605  0.996538  -0.002064  -0.002301  -0.000862  0.000000  0.000000  0.000000  2.000000  
84.411408 0.003946  0.089673  -0.005856  0.990499  0.109572  -0.083104  -0.110157  0.993911  -0.002474  0.082327  0.011605  0.996538  -0.001980  -0.002152  -0.000868  0.000000  0.000000  0.000000  2.000000  
84.412644 0.003944  0.089672  -0.005856  0.990499  0.109572  -0.083104  -0.110157  0.993911  -0.002474  0.082327  0.011605  0.996538  -0.001887  -0.001950  -0.000830  0.000000  0.000000  0.000000  2.000000  
84.413894 0.003943  0.089671  -0.005857  0.990476  0.109767  -0.083118  -0.110361  0.993888  -0.002577  0.082327  0.011726  0.996536  -0.001793  -0.001747  -0.000792  0.000000  0.000000  0.000000  2.000000  
84.414895 0.003941  0.089670  -0.005858  0.990476  0.109767  -0.083118  -0.110361  0.993888  -0.002577  0.082327  0.011726  0.996536  -0.001709  -0.001598  -0.000797  0.000000  0.000000  0.000000  2.000000  
84.416145 0.003940  0.089669  -0.005859  0.990476  0.109767  -0.083118  -0.110361  0.993888  -0.002577  0.082327  0.011726  0.996536  -0.001634  -0.001426  -0.000814  0.000000  0.000000  0.000000  2.000000  
84.417146 0.003939  0.089669  -0.005860  0.990476  0.109767  -0.083118  -0.110361  0.993888  -0.002577  0.082327  0.011726  0.996536  -0.001550  -0.001277  -0.000820  0.000000  0.000000  0.000000  2.000000  
84.418406 0.003937  0.089668  -0.005861  0.990453  0.109971  -0.083118  -0.110565  0.993866  -0.002560  0.082327  0.011726  0.996536  -0.001477  -0.001122  -0.000790  0.000000  0.000000  0.000000  2.000000  
84.419642 0.003936  0.089668  -0.005862  0.990453  0.109971  -0.083118  -0.110565  0.993866  -0.002560  0.082327  0.011726  0.996536  -0.001407  -0.000970  -0.000762  0.000000  0.000000  0.000000  2.000000  
84.420644 0.003934  0.089668  -0.005863  0.990453  0.109971  -0.083118  -0.110565  0.993866  -0.002560  0.082327  0.011726  0.996536  -0.001378  -0.000857  -0.000761  0.000000  0.000000  0.000000  2.000000  
84.421645 0.003933  0.089667  -0.005864  0.990453  0.109971  -0.083118  -0.110565  0.993866  -0.002560  0.082327  0.011726  0.996536  -0.001282  -0.000740  -0.000703  0.000000  0.000000  0.000000  2.000000  
84.422648 0.003932  0.089667  -0.005865  0.990431  0.110176  -0.083119  -0.110769  0.993843  -0.002543  0.082327  0.011726  0.996536  -0.001263  -0.000683  -0.000746  0.000000  0.000000  0.000000  2.000000  
84.423895 0.003931  0.089667  -0.005866  0.990431  0.110176  -0.083119  -0.110769  0.993843  -0.002543  0.082327  0.011726  0.996536  -0.001213  -0.000542  -0.000730  0.000000  0.000000  0.000000  2.000000  
84.425145 0.003930  0.089667  -0.005867  0.990431  0.110176  -0.083119  -0.110769  0.993843  -0.002543  0.082327  0.011726  0.996536  -0.001165  -0.000463  -0.000753  0.000000  0.000000  0.000000  2.000000  
84.426406 0.003928  0.089667  -0.005868  0.990431  0.110176  -0.083119  -0.110769  0.993843  -0.002543  0.082327  0.011726  0.996536  -0.001167  -0.000419  -0.000807  0.000000  0.000000  0.000000  2.000000  
84.427645 0.003927  0.089666  -0.005869  0.990408  0.110380  -0.083119  -0.110973  0.993820  -0.002526  0.082327  0.011726  0.996536  -0.001118  -0.000352  -0.000826  0.000000  0.000000  0.000000  2.000000  
84.428895 0.003926  0.089666  -0.005871  0.990408  0.110380  -0.083119  -0.110973  0.993820  -0.002526  0.082327  0.011726  0.996536  -0.001099  -0.000336  -0.000905  0.000000  0.000000  0.000000  2.000000  
84.430148 0.003925  0.089665  -0.005872  0.990408  0.110380  -0.083119  -0.110973  0.993820  -0.002526  0.082327  0.011726  0.996536  -0.001099  -0.000336  -0.000905  0.000000  0.000000  0.000000  2.000000  
84.431406 0.003923  0.089664  -0.005873  0.990408  0.110380  -0.083119  -0.110973  0.993820  -0.002526  0.082327  0.011726  0.996536  -0.001090  -0.000360  -0.000894  0.000000  0.000000  0.000000  2.000000  
84.432411 0.003922  0.089663  -0.005873  0.990408  0.110380  -0.083119  -0.110973  0.993820  -0.002526  0.082327  0.011726  0.996536  -0.001082  -0.000384  -0.000883  0.000000  0.000000  0.000000  2.000000  
84.433641 0.003921  0.089662  -0.005874  0.990408  0.110391  -0.083106  -0.110973  0.993821  -0.002405  0.082327  0.011605  0.996538  -0.001068  -0.000434  -0.000863  0.000000  0.000000  0.000000  2.000000  
84.434889 0.003919  0.089661  -0.005874  0.990408  0.110391  -0.083106  -0.110973  0.993821  -0.002405  0.082327  0.011605  0.996538  -0.001087  -0.000473  -0.000824  0.000000  0.000000  0.000000  2.000000  
84.435894 0.003918  0.089659  -0.005875  0.990408  0.110391  -0.083106  -0.110973  0.993821  -0.002405  0.082327  0.011605  0.996538  -0.001090  -0.000530  -0.000817  0.000000  0.000000  0.000000  2.000000  
84.437142 0.003916  0.089658  -0.005876  0.990408  0.110391  -0.083106  -0.110973  0.993821  -0.002405  0.082327  0.011605  0.996538  -0.001087  -0.000595  -0.000802  0.000000  0.000000  0.000000  2.000000  
84.438398 0.003915  0.089656  -0.005877  0.990408  0.110391  -0.083106  -0.110973  0.993821  -0.002405  0.082327  0.011605  0.996538  -0.001126  -0.000719  -0.000811  0.000000  0.000000  0.000000  2.000000  
84.439400 0.003913  0.089655  -0.005878  0.990408  0.110391  -0.083106  -0.110973  0.993821  -0.002405  0.082327  0.011605  0.996538  -0.001162  -0.000808  -0.000824  0.000000  0.000000  0.000000  2.000000  
84.440645 0.003912  0.089654  -0.005879  0.990408  0.110391  -0.083106  -0.110973  0.993821  -0.002405  0.082327  0.011605  0.996538  -0.001137  -0.000881  -0.000792  0.000000  0.000000  0.000000  2.000000  
84.441647 0.003911  0.089652  -0.005880  0.990431  0.110186  -0.083105  -0.110769  0.993843  -0.002422  0.082327  0.011605  0.996538  -0.001167  -0.000952  -0.000756  0.000000  0.000000  0.000000  2.000000  
84.442647 0.003909  0.089651  -0.005881  0.990431  0.110186  -0.083105  -0.110769  0.993843  -0.002422  0.082327  0.011605  0.996538  -0.001227  -0.001050  -0.000741  0.000000  0.000000  0.000000  2.000000  
84.443894 0.003907  0.089649  -0.005881  0.990431  0.110186  -0.083105  -0.110769  0.993843  -0.002422  0.082327  0.011605  0.996538  -0.001266  -0.001128  -0.000714  0.000000  0.000000  0.000000  2.000000  
84.444895 0.003906  0.089647  -0.005882  0.990431  0.110186  -0.083105  -0.110769  0.993843  -0.002422  0.082327  0.011605  0.996538  -0.001264  -0.001221  -0.000694  0.000000  0.000000  0.000000  2.000000  
84.446144 0.003904  0.089645  -0.005882  0.990431  0.110186  -0.083105  -0.110769  0.993843  -0.002422  0.082327  0.011605  0.996538  -0.001302  -0.001269  -0.000670  0.000000  0.000000  0.000000  2.000000  
84.447398 0.003902  0.089642  -0.005883  0.990431  0.110186  -0.083105  -0.110769  0.993843  -0.002422  0.082327  0.011605  0.996538  -0.001371  -0.001370  -0.000663  0.000000  0.000000  0.000000  2.000000  
84.448642 0.003900  0.089640  -0.005884  0.990431  0.110186  -0.083105  -0.110769  0.993843  -0.002422  0.082327  0.011605  0.996538  -0.001399  -0.001412  -0.000629  0.000000  0.000000  0.000000  2.000000  
84.449648 0.003898  0.089639  -0.005884  0.990420  0.110184  -0.083238  -0.110768  0.993843  -0.002408  0.082460  0.011605  0.996527  -0.001453  -0.001489  -0.000658  0.000000  0.000000  0.000000  2.000000  
84.450890 0.003896  0.089636  -0.005885  0.990420  0.110184  -0.083238  -0.110768  0.993843  -0.002408  0.082460  0.011605  0.996527  -0.001445  -0.001539  -0.000647  0.000000  0.000000  0.000000  2.000000  
84.451890 0.003894  0.089635  -0.005886  0.990420  0.110184  -0.083238  -0.110768  0.993843  -0.002408  0.082460  0.011605  0.996527  -0.001489  -0.001561  -0.000632  0.000000  0.000000  0.000000  2.000000  
84.452892 0.003893  0.089633  -0.005887  0.990420  0.110184  -0.083238  -0.110768  0.993843  -0.002408  0.082460  0.011605  0.996527  -0.001514  -0.001587  -0.000643  0.000000  0.000000  0.000000  2.000000  
84.454144 0.003891  0.089632  -0.005887  0.990442  0.109980  -0.083237  -0.110564  0.993866  -0.002425  0.082460  0.011605  0.996527  -0.001533  -0.001583  -0.000618  0.000000  0.000000  0.000000  2.000000  
84.455396 0.003889  0.089630  -0.005888  0.990442  0.109980  -0.083237  -0.110564  0.993866  -0.002425  0.082460  0.011605  0.996527  -0.001539  -0.001603  -0.000574  0.000000  0.000000  0.000000  2.000000  
84.456401 0.003887  0.089629  -0.005888  0.990442  0.109980  -0.083237  -0.110564  0.993866  -0.002425  0.082460  0.011605  0.996527  -0.001560  -0.001575  -0.000551  0.000000  0.000000  0.000000  2.000000  
84.457650 0.003886  0.089628  -0.005888  0.990442  0.109980  -0.083237  -0.110564  0.993866  -0.002425  0.082460  0.011605  0.996527  -0.001575  -0.001546  -0.000515  0.000000  0.000000  0.000000  2.000000  
84.458894 0.003884  0.089626  -0.005890  0.990442  0.109980  -0.083237  -0.110564  0.993866  -0.002425  0.082460  0.011605  0.996527  -0.001538  -0.001499  -0.000540  0.000000  0.000000  0.000000  2.000000  
84.460143 0.003882  0.089624  -0.005891  0.990442  0.109980  -0.083237  -0.110564  0.993866  -0.002425  0.082460  0.011605  0.996527  -0.001538  -0.001480  -0.000596  0.000000  0.000000  0.000000  2.000000  
84.461144 0.003881  0.089623  -0.005891  0.990442  0.109980  -0.083237  -0.110564  0.993866  -0.002425  0.082460  0.011605  0.996527  -0.001515  -0.001430  -0.000586  0.000000  0.000000  0.000000  2.000000  
84.462146 0.003880  0.089622  -0.005892  0.990442  0.109980  -0.083237  -0.110564  0.993866  -0.002425  0.082460  0.011605  0.996527  -0.001480  -0.001357  -0.000611  0.000000  0.000000  0.000000  2.000000  
84.463147 0.003879  0.089622  -0.005893  0.990442  0.109970  -0.083251  -0.110564  0.993866  -0.002545  0.082460  0.011725  0.996525  -0.001450  -0.001314  -0.000645  0.000000  0.000000  0.000000  2.000000  
84.464392 0.003878  0.089621  -0.005893  0.990442  0.109970  -0.083251  -0.110564  0.993866  -0.002545  0.082460  0.011725  0.996525  -0.001366  -0.001212  -0.000597  0.000000  0.000000  0.000000  2.000000  
84.465394 0.003877  0.089620  -0.005894  0.990431  0.109968  -0.083383  -0.110562  0.993866  -0.002531  0.082593  0.011725  0.996514  -0.001286  -0.001145  -0.000635  0.000000  0.000000  0.000000  2.000000  
84.466410 0.003876  0.089619  -0.005895  0.990409  0.110173  -0.083384  -0.110766  0.993843  -0.002513  0.082593  0.011725  0.996514  -0.001250  -0.001085  -0.000615  0.000000  0.000000  0.000000  2.000000  
84.467642 0.003876  0.089619  -0.005895  0.990409  0.110173  -0.083384  -0.110766  0.993843  -0.002513  0.082593  0.011725  0.996514  -0.001164  -0.000996  -0.000610  0.000000  0.000000  0.000000  2.000000  
84.468642 0.003875  0.089619  -0.005896  0.990409  0.110173  -0.083384  -0.110766  0.993843  -0.002513  0.082593  0.011725  0.996514  -0.001066  -0.000898  -0.000595  0.000000  0.000000  0.000000  2.000000  
84.469890 0.003875  0.089618  -0.005896  0.990409  0.110173  -0.083384  -0.110766  0.993843  -0.002513  0.082593  0.011725  0.996514  -0.000999  -0.000826  -0.000600  0.000000  0.000000  0.000000  2.000000  
84.470891 0.003874  0.089618  -0.005897  0.990409  0.110173  -0.083384  -0.110766  0.993843  -0.002513  0.082593  0.011725  0.996514  -0.000932  -0.000754  -0.000605  0.000000  0.000000  0.000000  2.000000  
84.472148 0.003874  0.089618  -0.005898  0.990409  0.110173  -0.083384  -0.110766  0.993843  -0.002513  0.082593  0.011725  0.996514  -0.000795  -0.000669  -0.000603  0.000000  0.000000  0.000000  2.000000  
84.473397 0.003874  0.089618  -0.005898  0.990409  0.110173  -0.083384  -0.110766  0.993843  -0.002513  0.082593  0.011725  0.996514  -0.000692  -0.000536  -0.000589  0.000000  0.000000  0.000000  2.000000  
84.474409 0.003874  0.089618  -0.005899  0.990409  0.110173  -0.083384  -0.110766  0.993843  -0.002513  0.082593  0.011725  0.996514  -0.000635  -0.000471  -0.000603  0.000000  0.000000  0.000000  2.000000  
84.475645 0.003874  0.089618  -0.005900  0.990409  0.110173  -0.083384  -0.110766  0.993843  -0.002513  0.082593  0.011725  0.996514  -0.000504  -0.000346  -0.000568  0.000000  0.000000  0.000000  2.000000  
84.476895 0.003873  0.089618  -0.005900  0.990409  0.110173  -0.083384  -0.110766  0.993843  -0.002513  0.082593  0.011725  0.996514  -0.000442  -0.000293  -0.000527  0.000000  0.000000  0.000000  2.000000  
84.478144 0.003873  0.089618  -0.005901  0.990409  0.110173  -0.083384  -0.110766  0.993843  -0.002513  0.082593  0.011725  0.996514  -0.000367  -0.000216  -0.000523  0.000000  0.000000  0.000000  2.000000  
84.479145 0.003874  0.089619  -0.005900  0.990409  0.110173  -0.083384  -0.110766  0.993843  -0.002513  0.082593  0.011725  0.996514  -0.000279  -0.000141  -0.000472  0.000000  0.000000  0.000000  2.000000  
84.480396 0.003874  0.089619  -0.005900  0.990386  0.110377  -0.083384  -0.110970  0.993821  -0.002496  0.082593  0.011725  0.996514  -0.000207  -0.000033  -0.000387  0.000000  0.000000  0.000000  2.000000  
84.481406 0.003874  0.089619  -0.005901  0.990386  0.110377  -0.083384  -0.110970  0.993821  -0.002496  0.082593  0.011725  0.996514  -0.000159  -0.000011  -0.000395  0.000000  0.000000  0.000000  2.000000  
84.482408 0.003874  0.089619  -0.005901  0.990386  0.110377  -0.083384  -0.110970  0.993821  -0.002496  0.082593  0.011725  0.996514  -0.000131  0.000015  -0.000381  0.000000  0.000000  0.000000  2.000000  
84.483642 0.003874  0.089619  -0.005902  0.990386  0.110377  -0.083384  -0.110970  0.993821  -0.002496  0.082593  0.011725  0.996514  -0.000086  0.000038  -0.000396  0.000000  0.000000  0.000000  2.000000  
84.484890 0.003874  0.089619  -0.005902  0.990386  0.110377  -0.083384  -0.110970  0.993821  -0.002496  0.082593  0.011725  0.996514  -0.000041  0.000059  -0.000403  0.000000  0.000000  0.000000  2.000000  
84.485892 0.003874  0.089620  -0.005902  0.990386  0.110377  -0.083384  -0.110970  0.993821  -0.002496  0.082593  0.011725  0.996514  -0.000023  0.000091  -0.000356  0.000000  0.000000  0.000000  2.000000  
84.487146 0.003874  0.089620  -0.005903  0.990397  0.110379  -0.083252  -0.110972  0.993820  -0.002511  0.082460  0.011725  0.996525  0.000008  0.000115  -0.000330  0.000000  0.000000  0.000000  2.000000  
84.488395 0.003874  0.089619  -0.005903  0.990397  0.110379  -0.083252  -0.110972  0.993820  -0.002511  0.082460  0.011725  0.996525  -0.000015  0.000065  -0.000339  0.000000  0.000000  0.000000  2.000000  
84.489401 0.003874  0.089619  -0.005903  0.990397  0.110379  -0.083252  -0.110972  0.993820  -0.002511  0.082460  0.011725  0.996525  0.000010  0.000071  -0.000275  0.000000  0.000000  0.000000  2.000000  
84.490409 0.003874  0.089619  -0.005903  0.990397  0.110379  -0.083252  -0.110972  0.993820  -0.002511  0.082460  0.011725  0.996525  -0.000003  0.000076  -0.000245  0.000000  0.000000  0.000000  2.000000  
84.491646 0.003874  0.089619  -0.005903  0.990397  0.110379  -0.083252  -0.110972  0.993820  -0.002511  0.082460  0.011725  0.996525  0.000028  0.000102  -0.000225  0.000000  0.000000  0.000000  2.000000  
84.492894 0.003873  0.089619  -0.005904  0.990397  0.110379  -0.083252  -0.110972  0.993820  -0.002511  0.082460  0.011725  0.996525  -0.000009  0.000056  -0.000200  0.000000  0.000000  0.000000  2.000000  
