1-Time 2-Px 3-Py 4-Pz 5-R11 6-R21 7-R31 8-R12 9-R22 10-R32 11-R13 12-R23 13-R33 14-Vx 15-Vy 16-Vz 17-Wx 18-Wy 19-Wz 20-state 21-PR11 22-PR21 23-PR31 24-PR12 25-PR22 26-PR32 27-PR13 28-PR23 29-PR33 
18.166159 -0.004178  0.084972  -0.003879  0.994667  0.100250  -0.024235  -0.099853  0.994856  0.017061  0.025820  -0.014550  0.999561  0.000367  0.000705  -0.000899  0.000000  0.000000  0.000000  2.000000  
18.167161 -0.004178  0.084972  -0.003880  0.994650  0.100453  -0.024098  -0.100058  0.994835  0.017053  0.025687  -0.014550  0.999564  0.000392  0.000655  -0.000911  0.000000  0.000000  0.000000  2.000000  
18.168161 -0.004180  0.084970  -0.003882  0.994605  0.100864  -0.024224  -0.100467  0.994794  0.017076  0.025820  -0.014550  0.999561  0.000228  0.000423  -0.000978  0.000000  0.000000  0.000000  2.000000  
18.169411 -0.004182  0.084965  -0.003885  0.994543  0.101479  -0.024213  -0.101082  0.994731  0.017091  0.025820  -0.014550  0.999561  0.000032  0.000072  -0.001067  0.000000  0.000000  0.000000  2.000000  
18.170423 -0.004184  0.084961  -0.003886  0.994505  0.101889  -0.024061  -0.101492  0.994688  0.017208  0.025687  -0.014672  0.999562  -0.000103  -0.000273  -0.001100  0.000000  0.000000  0.000000  2.000000  
18.171671 -0.004186  0.084957  -0.003888  0.994463  0.102299  -0.024054  -0.101901  0.994646  0.017218  0.025687  -0.014672  0.999562  -0.000263  -0.000665  -0.001124  0.000000  0.000000  0.000000  2.000000  
18.172911 -0.004189  0.084951  -0.003889  0.994396  0.102918  -0.024164  -0.102515  0.994580  0.017367  0.025820  -0.014793  0.999557  -0.000474  -0.001053  -0.001145  0.000000  0.000000  0.000000  2.000000  
18.174159 -0.004192  0.084947  -0.003891  0.994305  0.103744  -0.024403  -0.103333  0.994492  0.017535  0.026088  -0.014914  0.999548  -0.000730  -0.001460  -0.001153  0.000000  0.000000  0.000000  2.000000  
18.175159 -0.004194  0.084943  -0.003892  0.994216  0.104565  -0.024522  -0.104151  0.994406  0.017569  0.026222  -0.014914  0.999545  -0.000877  -0.001760  -0.001190  0.000000  0.000000  0.000000  2.000000  
18.176165 -0.004196  0.084940  -0.003894  0.994130  0.105387  -0.024494  -0.104970  0.994318  0.017710  0.026222  -0.015035  0.999543  -0.001040  -0.001989  -0.001258  0.021251  -0.007271  0.186955  2.000000  
18.177419 -0.004199  0.084935  -0.003897  0.994039  0.106207  -0.024613  -0.105788  0.994230  0.017745  0.026355  -0.015035  0.999540  -0.001269  -0.002329  -0.001419  0.021936  0.001323  0.214370  2.000000  
18.178426 -0.004202  0.084932  -0.003900  0.993952  0.107026  -0.024598  -0.106607  0.994143  0.017765  0.026355  -0.015035  0.999540  -0.001497  -0.002615  -0.001496  0.022490  0.000907  0.240168  2.000000  
18.179664 -0.004204  0.084928  -0.003901  0.993842  0.108052  -0.024567  -0.107630  0.994030  0.017911  0.026355  -0.015156  0.999538  -0.001726  -0.002936  -0.001550  0.027252  0.000484  0.267580  2.000000  
18.180915 -0.004208  0.084923  -0.003903  0.993727  0.109077  -0.024681  -0.108653  0.993918  0.017951  0.026489  -0.015156  0.999534  -0.002010  -0.003324  -0.001628  0.028401  0.004470  0.304376  2.000000  
18.181915 -0.004211  0.084918  -0.003906  0.993637  0.109896  -0.024666  -0.109471  0.993828  0.017971  0.026489  -0.015156  0.999534  -0.002231  -0.003661  -0.001742  0.029108  0.008554  0.332092  2.000000  
18.183163 -0.004217  0.084909  -0.003909  0.993520  0.110921  -0.024781  -0.110493  0.993714  0.018011  0.026623  -0.015156  0.999531  -0.002517  -0.004110  -0.001820  0.030046  0.012537  0.366787  2.000000  
18.184167 -0.004221  0.084902  -0.003911  0.993452  0.111534  -0.024770  -0.111107  0.993645  0.018026  0.026623  -0.015156  0.999531  -0.002588  -0.004310  -0.001780  0.030597  0.012231  0.387579  2.000000  
18.185169 -0.004224  0.084895  -0.003912  0.993360  0.112353  -0.024755  -0.111925  0.993553  0.018047  0.026623  -0.015156  0.999531  -0.002682  -0.004489  -0.001720  0.031321  0.011818  0.415182  2.000000  
18.186423 -0.004227  0.084885  -0.003912  0.993241  0.113377  -0.024869  -0.112947  0.993436  0.018087  0.026757  -0.015156  0.999527  -0.002806  -0.004824  -0.001643  0.032043  0.020393  0.442872  2.000000  
18.187664 -0.004231  0.084874  -0.003913  0.993147  0.114198  -0.024840  -0.113765  0.993340  0.018228  0.026757  -0.015277  0.999525  -0.002853  -0.005203  -0.001612  0.036859  0.019960  0.470678  2.000000  
18.188909 -0.004232  0.084864  -0.003914  0.993030  0.115221  -0.024822  -0.114787  0.993222  0.018254  0.026757  -0.015277  0.999525  -0.002742  -0.005605  -0.001592  0.037463  0.019286  0.501138  2.000000  
18.189911 -0.004233  0.084855  -0.003915  0.992959  0.115834  -0.024810  -0.115400  0.993151  0.018269  0.026757  -0.015277  0.999525  -0.002685  -0.005965  -0.001600  0.038320  0.019136  0.526029  2.000000  
18.191159 -0.004234  0.084845  -0.003917  0.992887  0.116451  -0.024785  -0.116013  0.993077  0.018405  0.026757  -0.015399  0.999523  -0.002550  -0.006339  -0.001551  0.042906  0.023288  0.546833  2.000000  
18.192163 -0.004235  0.084836  -0.003920  0.992815  0.117064  -0.024773  -0.116627  0.993005  0.018420  0.026757  -0.015399  0.999523  -0.002435  -0.006741  -0.001552  0.043466  0.022986  0.567777  2.000000  
18.193409 -0.004236  0.084825  -0.003923  0.992719  0.117882  -0.024758  -0.117444  0.992908  0.018441  0.026757  -0.015399  0.999523  -0.002262  -0.007181  -0.001537  0.043817  0.022378  0.590367  2.000000  
18.194428 -0.004236  0.084815  -0.003925  0.992646  0.118492  -0.024761  -0.118057  0.992837  0.018335  0.026757  -0.015277  0.999525  -0.002161  -0.007683  -0.001614  0.040621  0.022275  0.615579  2.000000  
18.195664 -0.004237  0.084802  -0.003928  0.992577  0.119103  -0.024617  -0.118671  0.992764  0.018335  0.026623  -0.015277  0.999529  -0.001994  -0.008182  -0.001660  0.041144  0.017481  0.636562  2.000000  
18.196666 -0.004239  0.084793  -0.003930  0.992528  0.119509  -0.024624  -0.119079  0.992717  0.018225  0.026623  -0.015156  0.999531  -0.001835  -0.008476  -0.001634  0.037402  0.021818  0.650720  2.000000  
18.197913 -0.004241  0.084779  -0.003933  0.992482  0.119913  -0.024498  -0.119489  0.992671  0.018098  0.026489  -0.015035  0.999536  -0.001628  -0.008775  -0.001611  0.033002  0.017214  0.645192  2.000000  
18.198928 -0.004243  0.084769  -0.003935  0.992436  0.120319  -0.024358  -0.119898  0.992621  0.018092  0.026355  -0.015035  0.999540  -0.001536  -0.008989  -0.001612  0.032896  0.008564  0.636213  2.000000  
18.200164 -0.004245  0.084756  -0.003937  0.992390  0.120723  -0.024233  -0.120307  0.992574  0.017966  0.026222  -0.014914  0.999545  -0.001411  -0.009261  -0.001658  0.024686  0.008572  0.636833  2.000000  
18.201415 -0.004248  0.084743  -0.003938  0.992344  0.121127  -0.024107  -0.120716  0.992527  0.017839  0.026088  -0.014793  0.999550  -0.001370  -0.009531  -0.001728  0.020563  0.004112  0.636701  2.000000  
18.202429 -0.004250  0.084731  -0.003940  0.992298  0.121531  -0.023982  -0.121125  0.992479  0.017713  0.025954  -0.014671  0.999555  -0.001315  -0.009691  -0.001821  0.012399  -0.004880  0.636158  2.000000  
18.203661 -0.004253  0.084718  -0.003943  0.992273  0.121735  -0.023978  -0.121329  0.992454  0.017718  0.025954  -0.014671  0.999555  -0.001400  -0.009849  -0.001923  0.011988  -0.009100  0.617402  2.000000  
18.204661 -0.004256  0.084707  -0.003946  0.992251  0.121934  -0.023857  -0.121534  0.992432  0.017586  0.025820  -0.014550  0.999561  -0.001554  -0.010059  -0.002032  0.003366  -0.017715  0.596643  2.000000  
18.205914 -0.004260  0.084694  -0.003948  0.992226  0.122136  -0.023868  -0.121738  0.992409  0.017470  0.025820  -0.014429  0.999562  -0.001748  -0.010240  -0.002106  -0.005620  -0.021851  0.567019  2.000000  
18.207159 -0.004265  0.084680  -0.003951  0.992176  0.122541  -0.023875  -0.122146  0.992360  0.017360  0.025820  -0.014308  0.999564  -0.001972  -0.010381  -0.002060  -0.009759  -0.025997  0.555424  2.000000  
18.208164 -0.004268  0.084669  -0.003953  0.992180  0.122537  -0.023757  -0.122147  0.992363  0.017223  0.025687  -0.014187  0.999569  -0.002205  -0.010534  -0.002080  -0.014555  -0.030021  0.527913  2.000000  
18.209411 -0.004273  0.084654  -0.003957  0.992158  0.122736  -0.023636  -0.122352  0.992340  0.017091  0.025553  -0.014065  0.999575  -0.002477  -0.010705  -0.002114  -0.023393  -0.034084  0.500465  2.000000  
18.210425 -0.004279  0.084642  -0.003961  0.992133  0.122938  -0.023647  -0.122556  0.992316  0.016976  0.025553  -0.013944  0.999576  -0.002825  -0.010850  -0.002218  -0.028336  -0.038411  0.476629  2.000000  
18.211665 -0.004288  0.084626  -0.003966  0.992114  0.123135  -0.023393  -0.122761  0.992294  0.016828  0.025285  -0.013823  0.999585  -0.003281  -0.011100  -0.002377  -0.033205  -0.046990  0.449027  2.000000  
18.212671 -0.004295  0.084613  -0.003970  0.992089  0.123337  -0.023405  -0.122965  0.992270  0.016712  0.025285  -0.013702  0.999586  -0.003632  -0.011268  -0.002520  -0.037809  -0.046650  0.428156  2.000000  
18.213673 -0.004301  0.084600  -0.003975  0.992067  0.123536  -0.023284  -0.123170  0.992247  0.016580  0.025151  -0.013581  0.999591  -0.003931  -0.011464  -0.002747  -0.041905  -0.054973  0.410880  2.000000  
18.214917 -0.004310  0.084584  -0.003981  0.992045  0.123736  -0.023163  -0.123374  0.992224  0.016448  0.025018  -0.013459  0.999596  -0.004427  -0.011641  -0.003043  -0.047078  -0.059513  0.386615  2.000000  
18.216163 -0.004319  0.084569  -0.003988  0.992045  0.123736  -0.023163  -0.123374  0.992224  0.016448  0.025018  -0.013459  0.999596  -0.004846  -0.011791  -0.003419  -0.047367  -0.063079  0.355857  2.000000  
18.217164 -0.004328  0.084556  -0.003994  0.992023  0.123936  -0.023042  -0.123579  0.992201  0.016316  0.024884  -0.013338  0.999601  -0.005247  -0.011889  -0.003664  -0.056471  -0.067798  0.337982  2.000000  
18.218164 -0.004336  0.084543  -0.004000  0.992023  0.123936  -0.023042  -0.123579  0.992201  0.016316  0.024884  -0.013338  0.999601  -0.005607  -0.012000  -0.003911  -0.057187  -0.067404  0.310325  2.000000  
18.219165 -0.004344  0.084531  -0.004007  0.992001  0.124136  -0.022921  -0.123784  0.992177  0.016184  0.024750  -0.013217  0.999606  -0.005988  -0.012125  -0.004176  -0.061638  -0.071681  0.296419  2.000000  
18.220409 -0.004355  0.084515  -0.004014  0.992001  0.124136  -0.022921  -0.123784  0.992177  0.016184  0.024750  -0.013217  0.999606  -0.006415  -0.012247  -0.004476  -0.066450  -0.071327  0.268842  2.000000  
18.221411 -0.004363  0.084503  -0.004019  0.991978  0.124335  -0.022800  -0.123988  0.992154  0.016051  0.024616  -0.013096  0.999611  -0.006765  -0.012358  -0.004676  -0.070129  -0.075073  0.259663  2.000000  
18.222425 -0.004372  0.084491  -0.004024  0.991978  0.124335  -0.022800  -0.123988  0.992154  0.016051  0.024616  -0.013096  0.999611  -0.007147  -0.012425  -0.004909  -0.071405  -0.075285  0.234096  2.000000  
18.223661 -0.004383  0.084475  -0.004030  0.991956  0.124535  -0.022679  -0.124193  0.992130  0.015919  0.024483  -0.012975  0.999616  -0.007572  -0.012539  -0.005082  -0.075872  -0.079592  0.220266  2.000000  
18.224914 -0.004394  0.084460  -0.004037  0.991956  0.124532  -0.022694  -0.124193  0.992132  0.015799  0.024483  -0.012853  0.999618  -0.007916  -0.012568  -0.005252  -0.075767  -0.078611  0.197859  2.000000  
18.226165 -0.004406  0.084444  -0.004044  0.991934  0.124735  -0.022558  -0.124398  0.992107  0.015787  0.024349  -0.012853  0.999621  -0.008141  -0.012542  -0.005394  -0.076153  -0.078429  0.184165  2.000000  
18.227418 -0.004418  0.084428  -0.004051  0.991934  0.124732  -0.022573  -0.124398  0.992109  0.015666  0.024349  -0.012732  0.999622  -0.008359  -0.012514  -0.005484  0.000000  0.000000  0.000000  2.000000  
18.228673 -0.004430  0.084413  -0.004059  0.991911  0.124932  -0.022452  -0.124602  0.992085  0.015534  0.024215  -0.012611  0.999627  -0.008591  -0.012469  -0.005580  0.000000  0.000000  0.000000  2.000000  
18.229681 -0.004439  0.084401  -0.004065  0.991911  0.124932  -0.022452  -0.124602  0.992085  0.015534  0.024215  -0.012611  0.999627  -0.008702  -0.012435  -0.005672  0.000000  0.000000  0.000000  2.000000  
18.230915 -0.004449  0.084386  -0.004073  0.991914  0.124930  -0.022319  -0.124603  0.992085  0.015517  0.024081  -0.012611  0.999630  -0.008808  -0.012393  -0.005722  0.000000  0.000000  0.000000  2.000000  
18.232163 -0.004459  0.084371  -0.004081  0.991889  0.125134  -0.022316  -0.124807  0.992060  0.015522  0.024081  -0.012611  0.999630  -0.008785  -0.012331  -0.005770  0.000000  0.000000  0.000000  2.000000  
18.233164 -0.004467  0.084360  -0.004087  0.991889  0.125134  -0.022316  -0.124807  0.992060  0.015522  0.024081  -0.012611  0.999630  -0.008741  -0.012216  -0.005764  0.000000  0.000000  0.000000  2.000000  
18.234164 -0.004475  0.084348  -0.004093  0.991892  0.125133  -0.022184  -0.124807  0.992060  0.015505  0.023948  -0.012611  0.999634  -0.008722  -0.012147  -0.005766  0.000000  0.000000  0.000000  2.000000  
18.235415 -0.004484  0.084334  -0.004100  0.991892  0.125133  -0.022184  -0.124807  0.992060  0.015505  0.023948  -0.012611  0.999634  -0.008647  -0.012047  -0.005767  0.000000  0.000000  0.000000  2.000000  
18.236665 -0.004493  0.084320  -0.004108  0.991869  0.125338  -0.022032  -0.125012  0.992032  0.015613  0.023814  -0.012732  0.999635  -0.008538  -0.011994  -0.005868  0.000000  0.000000  0.000000  2.000000  
18.237911 -0.004503  0.084306  -0.004116  0.991869  0.125338  -0.022032  -0.125012  0.992032  0.015613  0.023814  -0.012732  0.999635  -0.008432  -0.011947  -0.005972  0.000000  0.000000  0.000000  2.000000  
18.238911 -0.004510  0.084294  -0.004122  0.991847  0.125541  -0.021897  -0.125216  0.992007  0.015601  0.023680  -0.012732  0.999639  -0.008301  -0.011904  -0.006052  0.000000  0.000000  0.000000  2.000000  
18.240159 -0.004518  0.084280  -0.004129  0.991847  0.125541  -0.021897  -0.125216  0.992007  0.015601  0.023680  -0.012732  0.999639  -0.008068  -0.011787  -0.006072  0.000000  0.000000  0.000000  2.000000  
18.241164 -0.004525  0.084269  -0.004134  0.991850  0.125539  -0.021764  -0.125217  0.992007  0.015585  0.023546  -0.012732  0.999642  -0.007900  -0.011674  -0.006011  0.000000  0.000000  0.000000  2.000000  
18.242428 -0.004533  0.084256  -0.004140  0.991824  0.125743  -0.021761  -0.125421  0.991981  0.015589  0.023546  -0.012732  0.999642  -0.007599  -0.011450  -0.005924  0.000000  0.000000  0.000000  2.000000  
18.243678 -0.004539  0.084244  -0.004146  0.991827  0.125744  -0.021613  -0.125421  0.991979  0.015693  0.023413  -0.012854  0.999643  -0.007292  -0.011281  -0.005816  0.000000  0.000000  0.000000  2.000000  
18.244919 -0.004546  0.084231  -0.004151  0.991801  0.125948  -0.021609  -0.125626  0.991954  0.015697  0.023413  -0.012854  0.999643  -0.007007  -0.011097  -0.005641  0.000000  0.000000  0.000000  2.000000  
18.245922 -0.004551  0.084222  -0.004156  0.991805  0.125947  -0.021477  -0.125626  0.991954  0.015680  0.023279  -0.012854  0.999646  -0.006757  -0.010912  -0.005494  0.000000  0.000000  0.000000  2.000000  
18.247165 -0.004557  0.084211  -0.004161  0.991779  0.126151  -0.021474  -0.125830  0.991928  0.015685  0.023279  -0.012854  0.999646  -0.006479  -0.010700  -0.005379  0.000000  0.000000  0.000000  2.000000  
18.248165 -0.004561  0.084202  -0.004165  0.991779  0.126153  -0.021458  -0.125830  0.991926  0.015805  0.023279  -0.012975  0.999645  -0.006271  -0.010529  -0.005216  0.000000  0.000000  0.000000  2.000000  
18.249166 -0.004566  0.084193  -0.004169  0.991756  0.126356  -0.021322  -0.126035  0.991900  0.015792  0.023145  -0.012975  0.999648  -0.006088  -0.010340  -0.005036  0.000000  0.000000  0.000000  2.000000  
18.250425 -0.004572  0.084182  -0.004175  0.991730  0.126563  -0.021304  -0.126239  0.991872  0.015917  0.023145  -0.013096  0.999646  -0.005813  -0.010170  -0.004905  0.000000  0.000000  0.000000  2.000000  
18.251666 -0.004578  0.084169  -0.004182  0.991733  0.126563  -0.021156  -0.126239  0.991870  0.016021  0.023011  -0.013217  0.999648  -0.005608  -0.010023  -0.004872  0.000000  0.000000  0.000000  2.000000  
18.252913 -0.004584  0.084158  -0.004188  0.991710  0.126766  -0.021020  -0.126444  0.991845  0.016008  0.022878  -0.013218  0.999651  -0.005388  -0.009820  -0.004797  0.000000  0.000000  0.000000  2.000000  
18.254162 -0.004591  0.084145  -0.004195  0.991687  0.126971  -0.020868  -0.126648  0.991817  0.016116  0.022744  -0.013339  0.999652  -0.005302  -0.009729  -0.004752  0.000000  0.000000  0.000000  2.000000  
18.255415 -0.004597  0.084133  -0.004202  0.991664  0.127176  -0.020717  -0.126853  0.991789  0.016223  0.022610  -0.013460  0.999654  -0.005130  -0.009575  -0.004745  0.000000  0.000000  0.000000  2.000000  
18.256663 -0.004603  0.084121  -0.004208  0.991638  0.127383  -0.020698  -0.127057  0.991761  0.016348  0.022610  -0.013581  0.999652  -0.005017  -0.009493  -0.004766  0.000000  0.000000  0.000000  2.000000  
18.257909 -0.004610  0.084110  -0.004215  0.991614  0.127587  -0.020547  -0.127262  0.991733  0.016455  0.022476  -0.013703  0.999653  -0.004982  -0.009440  -0.004825  0.000000  0.000000  0.000000  2.000000  
18.258929 -0.004615  0.084100  -0.004221  0.991617  0.127588  -0.020398  -0.127262  0.991731  0.016559  0.022343  -0.013824  0.999655  -0.004922  -0.009367  -0.004896  0.000000  0.000000  0.000000  2.000000  
18.260167 -0.004622  0.084089  -0.004227  0.991591  0.127795  -0.020380  -0.127466  0.991703  0.016683  0.022343  -0.013945  0.999653  -0.004943  -0.009321  -0.004956  0.000000  0.000000  0.000000  2.000000  
18.261416 -0.004628  0.084078  -0.004235  0.991568  0.127999  -0.020228  -0.127671  0.991674  0.016791  0.022209  -0.014067  0.999654  -0.004978  -0.009299  -0.005163  0.000000  0.000000  0.000000  2.000000  
18.262427 -0.004633  0.084069  -0.004241  0.991545  0.128202  -0.020092  -0.127875  0.991648  0.016778  0.022075  -0.014067  0.999657  -0.005043  -0.009320  -0.005262  0.000000  0.000000  0.000000  2.000000  
18.263663 -0.004641  0.084057  -0.004248  0.991518  0.128408  -0.020073  -0.128079  0.991620  0.016902  0.022075  -0.014188  0.999656  -0.005139  -0.009343  -0.005399  0.000000  0.000000  0.000000  2.000000  
18.264913 -0.004649  0.084046  -0.004256  0.991521  0.128409  -0.019925  -0.128080  0.991618  0.017005  0.021941  -0.014309  0.999657  -0.005296  -0.009390  -0.005551  0.000000  0.000000  0.000000  2.000000  
18.266164 -0.004657  0.084034  -0.004263  0.991498  0.128611  -0.019788  -0.128284  0.991592  0.016992  0.021807  -0.014309  0.999660  -0.005450  -0.009374  -0.005651  0.000000  0.000000  0.000000  2.000000  
18.267166 -0.004664  0.084024  -0.004270  0.991471  0.128818  -0.019769  -0.128488  0.991563  0.017117  0.021807  -0.014430  0.999658  -0.005649  -0.009400  -0.005758  0.000000  0.000000  0.000000  2.000000  
18.268416 -0.004674  0.084012  -0.004278  0.991474  0.128816  -0.019637  -0.128489  0.991564  0.017099  0.021674  -0.014430  0.999661  -0.005846  -0.009397  -0.005818  0.000000  0.000000  0.000000  2.000000  
18.269667 -0.004684  0.083999  -0.004287  0.991451  0.129020  -0.019485  -0.128693  0.991535  0.017206  0.021540  -0.014552  0.999662  -0.006039  -0.009413  -0.005919  0.000000  0.000000  0.000000  2.000000  
18.270667 -0.004692  0.083989  -0.004294  0.991424  0.129224  -0.019481  -0.128897  0.991509  0.017210  0.021540  -0.014552  0.999662  -0.006261  -0.009450  -0.006037  0.000000  0.000000  0.000000  2.000000  
18.271910 -0.004703  0.083976  -0.004303  0.991427  0.129225  -0.019333  -0.128898  0.991507  0.017313  0.021406  -0.014673  0.999663  -0.006528  -0.009526  -0.006207  0.000000  0.000000  0.000000  2.000000  
18.273164 -0.004714  0.083964  -0.004313  0.991400  0.129429  -0.019329  -0.129102  0.991480  0.017317  0.021406  -0.014673  0.999663  -0.006868  -0.009577  -0.006429  0.000000  0.000000  0.000000  2.000000  
18.274165 -0.004722  0.083954  -0.004321  0.991403  0.129429  -0.019181  -0.129102  0.991478  0.017420  0.021272  -0.014794  0.999664  -0.007067  -0.009636  -0.006637  0.000000  0.000000  0.000000  2.000000  
18.275414 -0.004733  0.083941  -0.004331  0.991403  0.129429  -0.019181  -0.129102  0.991478  0.017420  0.021272  -0.014794  0.999664  -0.007339  -0.009696  -0.006830  0.000000  0.000000  0.000000  2.000000  
18.276415 -0.004742  0.083931  -0.004340  0.991377  0.129636  -0.019162  -0.129306  0.991449  0.017545  0.021272  -0.014916  0.999662  -0.007576  -0.009760  -0.006995  0.000000  0.000000  0.000000  2.000000  
18.277423 -0.004751  0.083920  -0.004349  0.991379  0.129634  -0.019029  -0.129307  0.991450  0.017527  0.021139  -0.014916  0.999665  -0.007862  -0.009875  -0.007230  0.000000  0.000000  0.000000  2.000000  
18.278667 -0.004764  0.083907  -0.004360  0.991379  0.129636  -0.019013  -0.129307  0.991448  0.017648  0.021139  -0.015037  0.999663  -0.008208  -0.010000  -0.007437  0.000000  0.000000  0.000000  2.000000  
18.279913 -0.004776  0.083894  -0.004371  0.991382  0.129634  -0.018881  -0.129307  0.991448  0.017630  0.021005  -0.015037  0.999666  -0.008475  -0.010115  -0.007680  0.000000  0.000000  0.000000  2.000000  
18.280914 -0.004786  0.083883  -0.004379  0.991382  0.129636  -0.018865  -0.129307  0.991446  0.017751  0.021005  -0.015158  0.999664  -0.008767  -0.010227  -0.007851  0.000000  0.000000  0.000000  2.000000  
18.282163 -0.004799  0.083870  -0.004390  0.991382  0.129636  -0.018865  -0.129307  0.991446  0.017751  0.021005  -0.015158  0.999664  -0.009002  -0.010279  -0.007956  0.000000  0.000000  0.000000  2.000000  
18.283164 -0.004810  0.083859  -0.004397  0.991385  0.129634  -0.018732  -0.129307  0.991446  0.017733  0.020871  -0.015158  0.999667  -0.009190  -0.010353  -0.008099  0.000000  0.000000  0.000000  2.000000  
18.284166 -0.004820  0.083849  -0.004406  0.991385  0.129634  -0.018732  -0.129307  0.991446  0.017733  0.020871  -0.015158  0.999667  -0.009377  -0.010361  -0.008194  0.000000  0.000000  0.000000  2.000000  
18.285416 -0.004833  0.083836  -0.004415  0.991385  0.129634  -0.018732  -0.129307  0.991446  0.017733  0.020871  -0.015158  0.999667  -0.009537  -0.010391  -0.008249  0.000000  0.000000  0.000000  2.000000  
18.286420 -0.004844  0.083826  -0.004424  0.991388  0.129632  -0.018600  -0.129308  0.991446  0.017716  0.020737  -0.015158  0.999670  -0.009730  -0.010406  -0.008320  0.000000  0.000000  0.000000  2.000000  
18.287661 -0.004857  0.083814  -0.004434  0.991388  0.129632  -0.018600  -0.129308  0.991446  0.017716  0.020737  -0.015158  0.999670  -0.009836  -0.010347  -0.008359  0.000000  0.000000  0.000000  2.000000  
18.288669 -0.004867  0.083804  -0.004441  0.991388  0.129632  -0.018600  -0.129308  0.991446  0.017716  0.020737  -0.015158  0.999670  -0.009949  -0.010331  -0.008320  0.000000  0.000000  0.000000  2.000000  
18.289907 -0.004879  0.083793  -0.004451  0.991388  0.129632  -0.018600  -0.129308  0.991446  0.017716  0.020737  -0.015158  0.999670  -0.010025  -0.010220  -0.008235  0.000000  0.000000  0.000000  2.000000  
18.290908 -0.004889  0.083784  -0.004459  0.991390  0.129630  -0.018467  -0.129308  0.991447  0.017699  0.020604  -0.015158  0.999673  -0.010116  -0.010134  -0.008196  0.000000  0.000000  0.000000  2.000000  
18.291908 -0.004900  0.083775  -0.004466  0.991390  0.129630  -0.018467  -0.129308  0.991447  0.017699  0.020604  -0.015158  0.999673  -0.010188  -0.010049  -0.008102  0.000000  0.000000  0.000000  2.000000  
18.292910 -0.004910  0.083766  -0.004473  0.991390  0.129630  -0.018467  -0.129308  0.991447  0.017699  0.020604  -0.015158  0.999673  -0.010258  -0.009961  -0.008006  0.000000  0.000000  0.000000  2.000000  
18.294169 -0.004923  0.083755  -0.004483  0.991393  0.129628  -0.018335  -0.129308  0.991447  0.017681  0.020470  -0.015158  0.999676  -0.010277  -0.009779  -0.007893  0.000000  0.000000  0.000000  2.000000  
18.295415 -0.004935  0.083744  -0.004492  0.991393  0.129628  -0.018335  -0.129308  0.991447  0.017681  0.020470  -0.015158  0.999676  -0.010292  -0.009620  -0.007769  0.000000  0.000000  0.000000  2.000000  
18.296662 -0.004949  0.083733  -0.004502  0.991393  0.129628  -0.018335  -0.129308  0.991447  0.017681  0.020470  -0.015158  0.999676  -0.010297  -0.009479  -0.007769  0.000000  0.000000  0.000000  2.000000  
18.297663 -0.004959  0.083724  -0.004509  0.991369  0.129830  -0.018198  -0.129513  0.991420  0.017668  0.020336  -0.015158  0.999678  -0.010309  -0.009377  -0.007718  0.000000  0.000000  0.000000  2.000000  
18.298665 -0.004969  0.083716  -0.004517  0.991369  0.129830  -0.018198  -0.129513  0.991420  0.017668  0.020336  -0.015158  0.999678  -0.010253  -0.009213  -0.007673  0.000000  0.000000  0.000000  2.000000  
18.299911 -0.004981  0.083705  -0.004526  0.991372  0.129828  -0.018066  -0.129513  0.991421  0.017650  0.020202  -0.015158  0.999681  -0.010201  -0.009024  -0.007637  0.000000  0.000000  0.000000  2.000000  
18.301160 -0.004993  0.083696  -0.004535  0.991372  0.129828  -0.018066  -0.129513  0.991421  0.017650  0.020202  -0.015158  0.999681  -0.010130  -0.008808  -0.007552  0.000000  0.000000  0.000000  2.000000  
18.302424 -0.005005  0.083687  -0.004544  0.991348  0.130031  -0.017929  -0.129718  0.991394  0.017637  0.020068  -0.015158  0.999684  -0.010017  -0.008569  -0.007428  0.000000  0.000000  0.000000  2.000000  
18.303679 -0.005016  0.083679  -0.004552  0.991348  0.130031  -0.017929  -0.129718  0.991394  0.017637  0.020068  -0.015158  0.999684  -0.009897  -0.008329  -0.007352  0.000000  0.000000  0.000000  2.000000  
18.304917 -0.005027  0.083671  -0.004560  0.991351  0.130029  -0.017797  -0.129718  0.991394  0.017619  0.019935  -0.015159  0.999686  -0.009834  -0.008118  -0.007272  0.000000  0.000000  0.000000  2.000000  
18.306161 -0.005038  0.083664  -0.004568  0.991326  0.130231  -0.017661  -0.129922  0.991368  0.017606  0.019801  -0.015159  0.999689  -0.009708  -0.007861  -0.007155  0.000000  0.000000  0.000000  2.000000  
18.307415 -0.005048  0.083656  -0.004576  0.991326  0.130228  -0.017676  -0.129922  0.991370  0.017486  0.019801  -0.015037  0.999691  -0.009584  -0.007635  -0.007046  0.000000  0.000000  0.000000  2.000000  
18.308661 -0.005059  0.083648  -0.004584  0.991302  0.130431  -0.017540  -0.130127  0.991343  0.017472  0.019667  -0.015037  0.999693  -0.009408  -0.007366  -0.006963  0.000000  0.000000  0.000000  2.000000  
18.309663 -0.005067  0.083643  -0.004590  0.991302  0.130431  -0.017540  -0.130127  0.991343  0.017472  0.019667  -0.015037  0.999693  -0.009288  -0.007155  -0.006881  0.000000  0.000000  0.000000  2.000000  
18.310666 -0.005076  0.083636  -0.004597  0.991278  0.130633  -0.017404  -0.130331  0.991317  0.017458  0.019533  -0.015037  0.999696  -0.009217  -0.006988  -0.006843  0.000000  0.000000  0.000000  2.000000  
18.311912 -0.005087  0.083629  -0.004605  0.991254  0.130835  -0.017268  -0.130536  0.991290  0.017444  0.019400  -0.015037  0.999699  -0.009046  -0.006730  -0.006717  0.000000  0.000000  0.000000  2.000000  
18.312914 -0.005095  0.083623  -0.004611  0.991256  0.130833  -0.017135  -0.130536  0.991290  0.017427  0.019266  -0.015037  0.999701  -0.008893  -0.006551  -0.006689  0.000000  0.000000  0.000000  2.000000  
18.313916 -0.005103  0.083617  -0.004617  0.991232  0.131035  -0.016999  -0.130740  0.991264  0.017413  0.019132  -0.015038  0.999704  -0.008758  -0.006384  -0.006584  0.000000  0.000000  0.000000  2.000000  
18.315166 -0.005113  0.083610  -0.004626  0.991205  0.131239  -0.016995  -0.130944  0.991237  0.017416  0.019132  -0.015038  0.999704  -0.008622  -0.006202  -0.006526  0.000000  0.000000  0.000000  2.000000  
18.316416 -0.005122  0.083604  -0.004634  0.991181  0.131441  -0.016859  -0.131149  0.991210  0.017402  0.018998  -0.015038  0.999706  -0.008435  -0.005999  -0.006478  0.000000  0.000000  0.000000  2.000000  
18.317417 -0.005129  0.083599  -0.004640  0.991183  0.131439  -0.016727  -0.131149  0.991210  0.017385  0.018864  -0.015038  0.999709  -0.008299  -0.005862  -0.006427  0.000000  0.000000  0.000000  2.000000  
18.318440 -0.005136  0.083594  -0.004646  0.991159  0.131643  -0.016574  -0.131354  0.991181  0.017491  0.018731  -0.015159  0.999710  -0.008137  -0.005755  -0.006397  0.000000  0.000000  0.000000  2.000000  
18.319670 -0.005144  0.083588  -0.004655  0.991134  0.131845  -0.016438  -0.131558  0.991154  0.017476  0.018597  -0.015159  0.999712  -0.007944  -0.005657  -0.006406  0.000000  0.000000  0.000000  2.000000  
18.320674 -0.005150  0.083582  -0.004662  0.991109  0.132047  -0.016302  -0.131762  0.991128  0.017462  0.018463  -0.015159  0.999715  -0.007805  -0.005599  -0.006443  0.000000  0.000000  0.000000  2.000000  
18.321911 -0.005159  0.083576  -0.004670  0.991085  0.132249  -0.016166  -0.131967  0.991101  0.017448  0.018329  -0.015159  0.999717  -0.007642  -0.005576  -0.006506  0.000000  0.000000  0.000000  2.000000  
18.323159 -0.005167  0.083568  -0.004678  0.991060  0.132451  -0.016030  -0.132171  0.991074  0.017434  0.018196  -0.015159  0.999720  -0.007500  -0.005568  -0.006526  0.000000  0.000000  0.000000  2.000000  
18.324164 -0.005173  0.083563  -0.004685  0.991035  0.132653  -0.015893  -0.132375  0.991047  0.017419  0.018062  -0.015159  0.999722  -0.007259  -0.005520  -0.006522  0.000000  0.000000  0.000000  2.000000  
18.325414 -0.005181  0.083555  -0.004693  0.991037  0.132651  -0.015761  -0.132376  0.991047  0.017401  0.017928  -0.015159  0.999724  -0.007120  -0.005509  -0.006506  0.000000  0.000000  0.000000  2.000000  
18.326416 -0.005187  0.083549  -0.004700  0.991013  0.132853  -0.015625  -0.132580  0.991020  0.017387  0.017794  -0.015159  0.999727  -0.006928  -0.005506  -0.006530  0.000000  0.000000  0.000000  2.000000  
18.327419 -0.005193  0.083544  -0.004706  0.990985  0.133057  -0.015621  -0.132784  0.990992  0.017390  0.017794  -0.015159  0.999727  -0.006752  -0.005500  -0.006525  0.000000  0.000000  0.000000  2.000000  
18.328667 -0.005200  0.083536  -0.004713  0.990963  0.133257  -0.015352  -0.132989  0.990966  0.017358  0.017527  -0.015159  0.999731  -0.006579  -0.005508  -0.006473  0.000000  0.000000  0.000000  2.000000  
18.329667 -0.005206  0.083530  -0.004721  0.990935  0.133461  -0.015349  -0.133193  0.990938  0.017361  0.017527  -0.015159  0.999731  -0.006413  -0.005524  -0.006518  0.000000  0.000000  0.000000  2.000000  
18.330915 -0.005212  0.083523  -0.004728  0.990910  0.133663  -0.015213  -0.133397  0.990911  0.017346  0.017393  -0.015159  0.999734  -0.006228  -0.005541  -0.006502  0.000000  0.000000  0.000000  2.000000  
18.332163 -0.005219  0.083516  -0.004737  0.990912  0.133661  -0.015080  -0.133397  0.990911  0.017328  0.017259  -0.015159  0.999736  -0.006091  -0.005588  -0.006588  0.000000  0.000000  0.000000  2.000000  
18.333423 -0.005225  0.083509  -0.004746  0.990887  0.133863  -0.014944  -0.133602  0.990884  0.017314  0.017125  -0.015159  0.999738  -0.005968  -0.005635  -0.006656  0.000000  0.000000  0.000000  2.000000  
18.334424 -0.005230  0.083504  -0.004754  0.990862  0.134065  -0.014808  -0.133806  0.990857  0.017299  0.016992  -0.015159  0.999741  -0.005862  -0.005688  -0.006702  0.000000  0.000000  0.000000  2.000000  
18.335665 -0.005238  0.083496  -0.004764  0.990837  0.134267  -0.014672  -0.134010  0.990829  0.017284  0.016858  -0.015159  0.999743  -0.005816  -0.005753  -0.006804  0.000000  0.000000  0.000000  2.000000  
18.336909 -0.005244  0.083488  -0.004773  0.990839  0.134265  -0.014539  -0.134011  0.990829  0.017266  0.016724  -0.015159  0.999745  -0.005715  -0.005814  -0.006879  0.000000  0.000000  0.000000  2.000000  
18.337909 -0.005249  0.083482  -0.004781  0.990813  0.134467  -0.014403  -0.134215  0.990802  0.017251  0.016590  -0.015159  0.999747  -0.005603  -0.005828  -0.006918  0.000000  0.000000  0.000000  2.000000  
18.339164 -0.005256  0.083474  -0.004790  0.990788  0.134667  -0.014283  -0.134419  0.990777  0.017116  0.016456  -0.015038  0.999751  -0.005576  -0.005889  -0.007051  0.000000  0.000000  0.000000  2.000000  
18.340414 -0.005263  0.083467  -0.004800  0.990790  0.134665  -0.014151  -0.134419  0.990777  0.017098  0.016323  -0.015038  0.999754  -0.005482  -0.005907  -0.007133  0.000000  0.000000  0.000000  2.000000  
18.341665 -0.005270  0.083459  -0.004810  0.990765  0.134867  -0.014015  -0.134624  0.990750  0.017083  0.016189  -0.015038  0.999756  -0.005474  -0.005964  -0.007252  0.000000  0.000000  0.000000  2.000000  
18.342911 -0.005277  0.083451  -0.004820  0.990739  0.135069  -0.013879  -0.134828  0.990722  0.017068  0.016055  -0.015038  0.999758  -0.005386  -0.005943  -0.007404  0.000000  0.000000  0.000000  2.000000  
18.343918 -0.005282  0.083445  -0.004828  0.990739  0.135069  -0.013879  -0.134828  0.990722  0.017068  0.016055  -0.015038  0.999758  -0.005368  -0.005978  -0.007505  0.000000  0.000000  0.000000  2.000000  
18.345163 -0.005288  0.083438  -0.004838  0.990741  0.135067  -0.013746  -0.134828  0.990722  0.017050  0.015921  -0.015038  0.999760  -0.005342  -0.005965  -0.007619  0.000000  0.000000  0.000000  2.000000  
18.346167 -0.005293  0.083432  -0.004846  0.990713  0.135271  -0.013743  -0.135032  0.990694  0.017052  0.015921  -0.015038  0.999760  -0.005325  -0.006002  -0.007725  0.000000  0.000000  0.000000  2.000000  
18.347419 -0.005300  0.083425  -0.004857  0.990715  0.135269  -0.013610  -0.135032  0.990695  0.017034  0.015788  -0.015038  0.999762  -0.005302  -0.005992  -0.007840  0.000000  0.000000  0.000000  2.000000  
18.348674 -0.005306  0.083418  -0.004867  0.990715  0.135269  -0.013610  -0.135032  0.990695  0.017034  0.015788  -0.015038  0.999762  -0.005310  -0.005990  -0.007886  0.000000  0.000000  0.000000  2.000000  
18.349914 -0.005313  0.083411  -0.004877  0.990690  0.135471  -0.013474  -0.135237  0.990667  0.017019  0.015654  -0.015038  0.999764  -0.005321  -0.005950  -0.007948  0.000000  0.000000  0.000000  2.000000  
18.351163 -0.005320  0.083404  -0.004887  0.990692  0.135469  -0.013341  -0.135237  0.990667  0.017001  0.015520  -0.015038  0.999766  -0.005317  -0.005926  -0.007953  0.000000  0.000000  0.000000  2.000000  
18.352426 -0.005327  0.083397  -0.004896  0.990692  0.135469  -0.013341  -0.135237  0.990667  0.017001  0.015520  -0.015038  0.999766  -0.005306  -0.005847  -0.007917  0.000000  0.000000  0.000000  2.000000  
18.353664 -0.005334  0.083391  -0.004906  0.990694  0.135466  -0.013225  -0.135237  0.990670  0.016863  0.015386  -0.014917  0.999770  -0.005326  -0.005780  -0.007953  0.000000  0.000000  0.000000  2.000000  
18.354912 -0.005340  0.083384  -0.004916  0.990668  0.135668  -0.013089  -0.135441  0.990642  0.016847  0.015252  -0.014917  0.999772  -0.005312  -0.005688  -0.007967  0.000000  0.000000  0.000000  2.000000  
18.356163 -0.005346  0.083378  -0.004925  0.990668  0.135668  -0.013089  -0.135441  0.990642  0.016847  0.015252  -0.014917  0.999772  -0.005261  -0.005595  -0.007951  0.000000  0.000000  0.000000  2.000000  
18.357415 -0.005353  0.083372  -0.004935  0.990670  0.135666  -0.012957  -0.135442  0.990642  0.016829  0.015119  -0.014917  0.999774  -0.005260  -0.005513  -0.007972  0.000000  0.000000  0.000000  2.000000  
18.358417 -0.005357  0.083367  -0.004943  0.990670  0.135666  -0.012957  -0.135442  0.990642  0.016829  0.015119  -0.014917  0.999774  -0.005206  -0.005404  -0.007913  0.000000  0.000000  0.000000  2.000000  
18.359662 -0.005363  0.083361  -0.004952  0.990670  0.135666  -0.012957  -0.135442  0.990642  0.016829  0.015119  -0.014917  0.999774  -0.005153  -0.005299  -0.007858  0.000000  0.000000  0.000000  2.000000  
18.360665 -0.005368  0.083356  -0.004959  0.990672  0.135664  -0.012824  -0.135442  0.990643  0.016811  0.014985  -0.014917  0.999776  -0.005122  -0.005222  -0.007768  0.000000  0.000000  0.000000  2.000000  
18.361913 -0.005373  0.083351  -0.004968  0.990672  0.135665  -0.012808  -0.135442  0.990641  0.016931  0.014985  -0.015039  0.999775  -0.005035  -0.005115  -0.007685  0.000000  0.000000  0.000000  2.000000  
18.362920 -0.005378  0.083346  -0.004975  0.990646  0.135867  -0.012672  -0.135646  0.990613  0.016916  0.014851  -0.015039  0.999777  -0.004998  -0.005059  -0.007583  0.000000  0.000000  0.000000  2.000000  
18.363932 -0.005382  0.083342  -0.004981  0.990646  0.135867  -0.012672  -0.135646  0.990613  0.016916  0.014851  -0.015039  0.999777  -0.004915  -0.004984  -0.007492  0.000000  0.000000  0.000000  2.000000  
18.365166 -0.005387  0.083337  -0.004989  0.990648  0.135865  -0.012539  -0.135646  0.990613  0.016898  0.014717  -0.015039  0.999779  -0.004841  -0.004863  -0.007342  0.000000  0.000000  0.000000  2.000000  
18.366420 -0.005393  0.083331  -0.004997  0.990648  0.135865  -0.012539  -0.135646  0.990613  0.016898  0.014717  -0.015039  0.999779  -0.004759  -0.004788  -0.007252  0.000000  0.000000  0.000000  2.000000  
18.367664 -0.005397  0.083326  -0.005005  0.990650  0.135863  -0.012407  -0.135647  0.990613  0.016879  0.014584  -0.015039  0.999781  -0.004611  -0.004694  -0.007120  0.000000  0.000000  0.000000  2.000000  
18.368913 -0.005402  0.083321  -0.005013  0.990650  0.135863  -0.012407  -0.135647  0.990613  0.016879  0.014584  -0.015039  0.999781  -0.004497  -0.004576  -0.007027  0.000000  0.000000  0.000000  2.000000  
18.369915 -0.005405  0.083317  -0.005019  0.990624  0.136065  -0.012271  -0.135851  0.990586  0.016864  0.014450  -0.015039  0.999782  -0.004325  -0.004460  -0.006875  0.000000  0.000000  0.000000  2.000000  
18.371162 -0.005410  0.083313  -0.005026  0.990624  0.136065  -0.012271  -0.135851  0.990586  0.016864  0.014450  -0.015039  0.999782  -0.004230  -0.004342  -0.006755  0.000000  0.000000  0.000000  2.000000  
18.372424 -0.005414  0.083309  -0.005034  0.990626  0.136063  -0.012138  -0.135851  0.990586  0.016846  0.014316  -0.015039  0.999784  -0.004071  -0.004193  -0.006574  0.000000  0.000000  0.000000  2.000000  
18.373662 -0.005417  0.083305  -0.005041  0.990600  0.136265  -0.012002  -0.136055  0.990558  0.016830  0.014182  -0.015039  0.999786  -0.003914  -0.004053  -0.006407  0.000000  0.000000  0.000000  2.000000  
18.374909 -0.005421  0.083301  -0.005048  0.990600  0.136266  -0.011986  -0.136055  0.990556  0.016950  0.014182  -0.015160  0.999784  -0.003769  -0.003968  -0.006286  0.000000  0.000000  0.000000  2.000000  
18.375911 -0.005423  0.083297  -0.005054  0.990602  0.136264  -0.011853  -0.136056  0.990556  0.016932  0.014048  -0.015160  0.999786  -0.003617  -0.003860  -0.006201  0.000000  0.000000  0.000000  2.000000  
18.377167 -0.005426  0.083294  -0.005060  0.990574  0.136468  -0.011850  -0.136260  0.990528  0.016934  0.014048  -0.015160  0.999786  -0.003469  -0.003734  -0.006067  0.000000  0.000000  0.000000  2.000000  
18.378168 -0.005429  0.083290  -0.005067  0.990575  0.136466  -0.011717  -0.136260  0.990529  0.016916  0.013915  -0.015160  0.999788  -0.003328  -0.003645  -0.006022  0.000000  0.000000  0.000000  2.000000  
18.379170 -0.005431  0.083287  -0.005072  0.990577  0.136464  -0.011585  -0.136260  0.990529  0.016898  0.013781  -0.015160  0.999790  -0.003217  -0.003572  -0.005968  0.000000  0.000000  0.000000  2.000000  
18.380416 -0.005435  0.083283  -0.005079  0.990549  0.136668  -0.011581  -0.136464  0.990501  0.016900  0.013781  -0.015160  0.999790  -0.003089  -0.003507  -0.005888  0.000000  0.000000  0.000000  2.000000  
18.381417 -0.005437  0.083280  -0.005085  0.990551  0.136666  -0.011449  -0.136464  0.990501  0.016882  0.013647  -0.015160  0.999792  -0.002953  -0.003423  -0.005849  0.000000  0.000000  0.000000  2.000000  
18.382427 -0.005438  0.083277  -0.005091  0.990523  0.136870  -0.011445  -0.136668  0.990473  0.016884  0.013647  -0.015160  0.999792  -0.002782  -0.003321  -0.005817  0.000000  0.000000  0.000000  2.000000  
18.383665 -0.005441  0.083273  -0.005097  0.990525  0.136868  -0.011313  -0.136668  0.990473  0.016866  0.013513  -0.015160  0.999794  -0.002623  -0.003235  -0.005721  0.000000  0.000000  0.000000  2.000000  
