1-Time 2-Px 3-Py 4-Pz 5-R11 6-R21 7-R31 8-R12 9-R22 10-R32 11-R13 12-R23 13-R33 14-Vx 15-Vy 16-Vz 17-Wx 18-Wy 19-Wz 20-state 21-PR11 22-PR21 23-PR31 24-PR12 25-PR22 26-PR32 27-PR13 28-PR23 29-PR33 
31.485550 0.005458  0.087767  -0.004911  0.999959  -0.006671  -0.006065  0.006588  0.081379  0.996661  -0.006155  -0.996661  0.081420  -0.000006  -0.000021  0.000046  0.000000  0.000000  0.000000  2.000000  
31.486553 0.005458  0.087767  -0.004911  0.999959  -0.006671  -0.006065  0.006588  0.081379  0.996661  -0.006155  -0.996661  0.081420  -0.000006  -0.000021  0.000046  0.000000  0.000000  0.000000  2.000000  
31.487801 0.005458  0.087764  -0.004912  0.999959  -0.006671  -0.006064  0.006588  0.081500  0.996652  -0.006155  -0.996651  0.081541  -0.000003  -0.000213  -0.000009  0.000000  0.000000  0.000000  2.000000  
31.488806 0.005458  0.087761  -0.004912  0.999959  -0.006672  -0.006063  0.006588  0.081621  0.996642  -0.006155  -0.996641  0.081662  -0.000006  -0.000426  -0.000018  0.000000  0.000000  0.000000  2.000000  
31.490052 0.005459  0.087758  -0.004912  0.999960  -0.006539  -0.006073  0.006588  0.081743  0.996632  -0.006021  -0.996632  0.081783  0.000076  -0.000618  -0.000009  0.000000  0.000000  0.000000  2.000000  
31.491070 0.005460  0.087756  -0.004912  0.999960  -0.006539  -0.006073  0.006588  0.081743  0.996632  -0.006021  -0.996632  0.081783  0.000143  -0.000756  -0.000022  0.000000  0.000000  0.000000  2.000000  
31.492312 0.005461  0.087753  -0.004911  0.999960  -0.006540  -0.006073  0.006588  0.081864  0.996622  -0.006021  -0.996622  0.081903  0.000211  -0.000942  0.000021  0.000000  0.000000  0.000000  2.000000  
31.493556 0.005463  0.087750  -0.004911  0.999960  -0.006541  -0.006072  0.006588  0.081985  0.996612  -0.006021  -0.996612  0.082024  0.000347  -0.001138  0.000027  0.000000  0.000000  0.000000  2.000000  
31.494806 0.005466  0.087746  -0.004912  0.999960  -0.006542  -0.006071  0.006588  0.082105  0.996602  -0.006021  -0.996602  0.082145  0.000527  -0.001395  -0.000014  0.000000  0.000000  0.000000  2.000000  
31.496057 0.005469  0.087743  -0.004913  0.999960  -0.006426  -0.006286  0.006794  0.082226  0.996591  -0.005887  -0.996593  0.082266  0.000691  -0.001600  -0.000078  0.000000  0.000000  0.000000  2.000000  
31.497057 0.005470  0.087740  -0.004913  0.999960  -0.006427  -0.006286  0.006794  0.082347  0.996581  -0.005887  -0.996583  0.082387  0.000800  -0.001799  -0.000139  0.000000  0.000000  0.000000  2.000000  
31.498058 0.005472  0.087738  -0.004915  0.999960  -0.006427  -0.006285  0.006794  0.082468  0.996571  -0.005887  -0.996573  0.082508  0.000917  -0.001979  -0.000247  0.000000  0.000000  0.000000  2.000000  
31.499307 0.005474  0.087733  -0.004917  0.999960  -0.006296  -0.006294  0.006794  0.082710  0.996550  -0.005753  -0.996554  0.082750  0.001052  -0.002272  -0.000411  0.000000  0.000000  0.000000  2.000000  
31.500557 0.005475  0.087728  -0.004921  0.999960  -0.006297  -0.006293  0.006794  0.082952  0.996530  -0.005753  -0.996534  0.082992  0.001146  -0.002650  -0.000640  0.000000  0.000000  0.000000  2.000000  
31.501804 0.005476  0.087721  -0.004924  0.999960  -0.006299  -0.006291  0.006794  0.083194  0.996510  -0.005753  -0.996513  0.083233  0.001180  -0.003044  -0.000821  0.000000  0.000000  0.000000  2.000000  
31.502806 0.005477  0.087716  -0.004925  0.999960  -0.006300  -0.006290  0.006794  0.083436  0.996490  -0.005753  -0.996493  0.083475  0.001282  -0.003219  -0.000893  0.000000  0.000000  0.000000  2.000000  
31.504051 0.005479  0.087709  -0.004927  0.999961  -0.006169  -0.006299  0.006794  0.083799  0.996460  -0.005620  -0.996464  0.083838  0.001346  -0.003416  -0.000948  0.000000  0.000000  0.000000  2.000000  
31.505051 0.005481  0.087704  -0.004928  0.999963  -0.006153  -0.006092  0.006588  0.084042  0.996440  -0.005620  -0.996443  0.084079  0.001421  -0.003592  -0.001085  0.000000  0.000000  0.000000  2.000000  
31.506058 0.005482  0.087699  -0.004929  0.999963  -0.006022  -0.006102  0.006588  0.084285  0.996420  -0.005486  -0.996424  0.084321  0.001470  -0.003763  -0.001154  0.000000  0.000000  0.000000  2.000000  
31.507311 0.005486  0.087693  -0.004930  0.999963  -0.006024  -0.006100  0.006588  0.084647  0.996389  -0.005486  -0.996393  0.084684  0.001605  -0.003967  -0.001282  0.000000  0.000000  0.000000  2.000000  
31.508314 0.005488  0.087688  -0.004932  0.999965  -0.005874  -0.005904  0.006382  0.084891  0.996370  -0.005352  -0.996373  0.084926  0.001632  -0.004177  -0.001416  0.000000  0.000000  0.000000  2.000000  
31.509555 0.005491  0.087683  -0.004933  0.999966  -0.005743  -0.005914  0.006382  0.085254  0.996339  -0.005218  -0.996343  0.085288  0.001707  -0.004283  -0.001464  0.000000  0.000000  0.000000  2.000000  
31.510561 0.005494  0.087678  -0.004935  0.999966  -0.005745  -0.005912  0.006382  0.085617  0.996308  -0.005218  -0.996312  0.085651  0.001754  -0.004468  -0.001545  0.000000  0.000000  0.000000  2.000000  
31.511805 0.005498  0.087672  -0.004937  0.999968  -0.005597  -0.005716  0.006176  0.085982  0.996278  -0.005084  -0.996281  0.086013  0.001895  -0.004624  -0.001573  0.000000  0.000000  0.000000  2.000000  
31.512806 0.005501  0.087667  -0.004939  0.999969  -0.005465  -0.005726  0.006176  0.086224  0.996257  -0.004951  -0.996261  0.086255  0.001987  -0.004770  -0.001655  0.000000  0.000000  0.000000  2.000000  
31.514057 0.005504  0.087660  -0.004942  0.999971  -0.005316  -0.005531  0.005970  0.086588  0.996226  -0.004817  -0.996230  0.086618  0.002052  -0.004955  -0.001638  -0.175367  -0.016901  0.046542  2.000000  
31.515310 0.005508  0.087653  -0.004944  0.999971  -0.005185  -0.005540  0.005970  0.087073  0.996184  -0.004683  -0.996188  0.087101  0.002190  -0.005067  -0.001598  -0.191674  -0.016512  0.051027  2.000000  
31.516338 0.005510  0.087646  -0.004947  0.999972  -0.005053  -0.005550  0.005970  0.087315  0.996163  -0.004549  -0.996168  0.087343  0.002298  -0.005175  -0.001623  -0.199663  -0.016113  0.055464  2.000000  
31.517558 0.005514  0.087638  -0.004949  0.999974  -0.004904  -0.005354  0.005764  0.087800  0.996121  -0.004415  -0.996126  0.087826  0.002448  -0.005278  -0.001633  -0.212111  -0.022624  0.060587  2.000000  
31.518805 0.005518  0.087631  -0.004952  0.999975  -0.004756  -0.005159  0.005558  0.088285  0.996080  -0.004282  -0.996084  0.088310  0.002630  -0.005322  -0.001666  -0.222568  -0.028882  0.065133  2.000000  
31.519807 0.005521  0.087625  -0.004953  0.999975  -0.004757  -0.005157  0.005558  0.088648  0.996048  -0.004282  -0.996052  0.088672  0.002719  -0.005361  -0.001728  -0.232539  -0.029486  0.061192  2.000000  
31.521052 0.005525  0.087619  -0.004956  0.999977  -0.004608  -0.004962  0.005353  0.089012  0.996016  -0.004148  -0.996020  0.089034  0.002859  -0.005381  -0.001811  -0.242960  -0.035713  0.065771  2.000000  
31.522054 0.005529  0.087613  -0.004959  0.999979  -0.004458  -0.004767  0.005147  0.089376  0.995985  -0.004014  -0.995988  0.089397  0.002921  -0.005426  -0.001937  -0.250959  -0.042136  0.070779  2.000000  
31.523054 0.005533  0.087608  -0.004962  0.999979  -0.004327  -0.004777  0.005147  0.089860  0.995941  -0.003880  -0.995945  0.089880  0.003041  -0.005439  -0.001978  -0.263067  -0.041728  0.075230  2.000000  
31.524061 0.005537  0.087602  -0.004964  0.999981  -0.004177  -0.004583  0.004941  0.090224  0.995909  -0.003746  -0.995913  0.090243  0.003151  -0.005513  -0.002060  -0.277532  -0.048570  0.080944  2.000000  
31.525309 0.005541  0.087596  -0.004965  0.999982  -0.004027  -0.004388  0.004735  0.090708  0.995866  -0.003613  -0.995869  0.090726  0.003211  -0.005542  -0.002054  -0.283332  -0.054587  0.085323  2.000000  
31.526316 0.005546  0.087591  -0.004966  0.999983  -0.003763  -0.004410  0.004735  0.091193  0.995822  -0.003345  -0.995826  0.091209  0.003288  -0.005540  -0.001991  -0.297859  -0.061502  0.091106  2.000000  
31.527558 0.005550  0.087584  -0.004968  0.999985  -0.003613  -0.004216  0.004529  0.091677  0.995778  -0.003211  -0.995782  0.091692  0.003335  -0.005566  -0.001948  -0.310197  -0.067992  0.096232  2.000000  
31.528806 0.005555  0.087577  -0.004969  0.999986  -0.003463  -0.004021  0.004323  0.092283  0.995723  -0.003077  -0.995727  0.092296  0.003422  -0.005620  -0.001823  -0.322458  -0.074847  0.096870  2.000000  
31.530146 0.005559  0.087569  -0.004970  0.999987  -0.003313  -0.003827  0.004117  0.092767  0.995679  -0.002944  -0.995682  0.092779  0.003443  -0.005635  -0.001723  -0.329602  -0.081055  0.101666  2.000000  
31.531319 0.005562  0.087561  -0.004971  0.999989  -0.003030  -0.003645  0.003912  0.093373  0.995624  -0.002676  -0.995627  0.093383  0.003466  -0.005678  -0.001596  -0.342744  -0.087328  0.111544  2.000000  
31.532555 0.005565  0.087553  -0.004973  0.999989  -0.002899  -0.003655  0.003912  0.093977  0.995567  -0.002542  -0.995570  0.093987  0.003456  -0.005694  -0.001549  -0.355131  -0.086923  0.116113  2.000000  
31.533806 0.005569  0.087545  -0.004974  0.999990  -0.002748  -0.003462  0.003706  0.094461  0.995522  -0.002408  -0.995525  0.094470  0.003424  -0.005750  -0.001513  -0.359155  -0.093749  0.116745  2.000000  
31.535055 0.005573  0.087537  -0.004977  0.999992  -0.002464  -0.003280  0.003500  0.095066  0.995465  -0.002141  -0.995468  0.095074  0.003438  -0.005756  -0.001548  -0.371432  -0.092909  0.125763  2.000000  
31.536306 0.005577  0.087530  -0.004981  0.999993  -0.002313  -0.003087  0.003294  0.095671  0.995408  -0.002007  -0.995410  0.095678  0.003380  -0.005830  -0.001589  -0.379886  -0.099816  0.126527  2.000000  
31.537307 0.005579  0.087524  -0.004983  0.999993  -0.002161  -0.002894  0.003088  0.096034  0.995373  -0.001873  -0.995376  0.096040  0.003290  -0.005874  -0.001561  -0.380555  -0.105319  0.130490  2.000000  
31.538316 0.005583  0.087519  -0.004985  0.999994  -0.002009  -0.002701  0.002882  0.096518  0.995327  -0.001739  -0.995329  0.096523  0.003236  -0.005874  -0.001546  -0.387647  -0.106102  0.131575  2.000000  
31.539561 0.005587  0.087512  -0.004988  0.999995  -0.001725  -0.002521  0.002676  0.097123  0.995269  -0.001472  -0.995271  0.097127  0.003166  -0.005905  -0.001600  -0.395859  -0.112534  0.136756  2.000000  
31.540567 0.005589  0.087506  -0.004991  0.999996  -0.001593  -0.002533  0.002676  0.097606  0.995222  -0.001338  -0.995224  0.097610  0.003107  -0.005935  -0.001687  -0.403868  -0.112449  0.136753  2.000000  
31.541811 0.005593  0.087498  -0.004993  0.999996  -0.001441  -0.002340  0.002470  0.098210  0.995163  -0.001204  -0.995165  0.098213  0.003002  -0.006074  -0.001794  -0.412156  -0.112425  0.136859  2.000000  
31.542812 0.005596  0.087491  -0.004995  0.999997  -0.001156  -0.002161  0.002265  0.098694  0.995115  -0.000937  -0.995117  0.098696  0.002945  -0.006108  -0.001883  -0.416226  -0.118421  0.146499  2.000000  
31.543813 0.005598  0.087485  -0.004997  0.999998  -0.001003  -0.001969  0.002059  0.099177  0.995068  -0.000803  -0.995069  0.099179  0.002880  -0.006160  -0.001924  -0.424313  -0.118354  0.146525  2.000000  
31.545060 0.005600  0.087475  -0.004999  0.999998  -0.000851  -0.001777  0.001853  0.099781  0.995008  -0.000669  -0.995009  0.099782  0.002768  -0.006308  -0.001976  -0.428478  -0.125188  0.147267  2.000000  
31.546062 0.005602  0.087468  -0.005001  0.999999  -0.000698  -0.001585  0.001647  0.100385  0.994947  -0.000535  -0.994948  0.100386  0.002723  -0.006299  -0.002029  -0.441088  -0.132129  0.148097  2.000000  
31.547312 0.005605  0.087459  -0.005004  0.999999  -0.000412  -0.001407  0.001441  0.100989  0.994887  -0.000268  -0.994887  0.100989  0.002670  -0.006352  -0.002104  -0.444695  -0.131492  0.152498  2.000000  
31.548557 0.005607  0.087450  -0.005006  0.999999  -0.000126  -0.001229  0.001235  0.101713  0.994813  0.000000  -0.994814  0.101713  0.002600  -0.006383  -0.002158  -0.452854  -0.130982  0.157066  2.000000  
31.549804 0.005610  0.087442  -0.005009  0.999999  0.000028  -0.001038  0.001029  0.102437  0.994739  0.000134  -0.994739  0.102437  0.002530  -0.006459  -0.002154  -0.461285  -0.136231  0.160948  2.000000  
31.551058 0.005613  0.087434  -0.005012  1.000000  0.000314  -0.000860  0.000823  0.103041  0.994677  0.000401  -0.994677  0.103041  0.002452  -0.006507  -0.002160  -0.469302  -0.136883  0.166886  2.000000  
31.552304 0.005616  0.087426  -0.005016  1.000000  0.000601  -0.000684  0.000618  0.103765  0.994602  0.000669  -0.994602  0.103764  0.002430  -0.006514  -0.002181  -0.477583  -0.135246  0.170042  2.000000  
31.553552 0.005619  0.087419  -0.005019  1.000000  0.000755  -0.000493  0.000412  0.104489  0.994526  0.000803  -0.994526  0.104488  0.002365  -0.006617  -0.002212  -0.485485  -0.135096  0.170065  2.000000  
31.554554 0.005622  0.087413  -0.005022  0.999999  0.001043  -0.000317  0.000206  0.105092  0.994463  0.001070  -0.994462  0.105091  0.002358  -0.006626  -0.002266  -0.489539  -0.141846  0.170824  2.000000  
31.555806 0.005625  0.087404  -0.005025  0.999999  0.001197  -0.000127  0.000000  0.105815  0.994386  0.001204  -0.994385  0.105815  0.002327  -0.006653  -0.002287  -0.497544  -0.141724  0.170889  2.000000  
31.557060 0.005628  0.087396  -0.005029  0.999999  0.001352  0.000062  -0.000206  0.106539  0.994309  0.001338  -0.994308  0.106539  0.002270  -0.006685  -0.002374  -0.505713  -0.143230  0.167925  2.000000  
31.558066 0.005629  0.087389  -0.005033  0.999999  0.001507  0.000252  -0.000412  0.107021  0.994257  0.001472  -0.994256  0.107021  0.002212  -0.006743  -0.002499  -0.505595  -0.143121  0.167963  2.000000  
31.559309 0.005632  0.087379  -0.005038  0.999998  0.001818  0.000631  -0.000823  0.107743  0.994178  0.001739  -0.994177  0.107745  0.002197  -0.006762  -0.002651  -0.509692  -0.156340  0.173934  2.000000  
31.560559 0.005634  0.087370  -0.005042  0.999998  0.001974  0.000820  -0.001029  0.108587  0.994086  0.001873  -0.994085  0.108589  0.002185  -0.006772  -0.002751  -0.522204  -0.155114  0.172781  2.000000  
31.561806 0.005636  0.087361  -0.005046  0.999997  0.002263  0.000994  -0.001235  0.109310  0.994007  0.002141  -0.994005  0.109312  0.002142  -0.006810  -0.002873  -0.526052  -0.155684  0.178654  2.000000  
31.562806 0.005638  0.087353  -0.005049  0.999996  0.002419  0.001182  -0.001441  0.109912  0.993940  0.002275  -0.993938  0.109915  0.002138  -0.006847  -0.002963  -0.530017  -0.155560  0.178709  2.000000  
31.563806 0.005640  0.087346  -0.005052  0.999996  0.002576  0.001371  -0.001647  0.110514  0.993873  0.002408  -0.993871  0.110518  0.002174  -0.006829  -0.003036  -0.538137  -0.155470  0.178781  2.000000  
31.565059 0.005643  0.087338  -0.005056  0.999995  0.002733  0.001559  -0.001853  0.111236  0.993792  0.002542  -0.993790  0.111241  0.002156  -0.006863  -0.003093  -0.542143  -0.162687  0.175114  2.000000  
31.566303 0.005647  0.087330  -0.005059  0.999994  0.003023  0.001731  -0.002059  0.111958  0.993711  0.002810  -0.993708  0.111964  0.002194  -0.006874  -0.003104  -0.545812  -0.160804  0.178233  2.000000  
31.567553 0.005650  0.087321  -0.005063  0.999993  0.003203  0.002123  -0.002470  0.112680  0.993628  0.002944  -0.993626  0.112687  0.002214  -0.006900  -0.003125  -0.553850  -0.167984  0.174608  2.000000  
31.568555 0.005653  0.087315  -0.005066  0.999992  0.003361  0.002310  -0.002676  0.113282  0.993559  0.003077  -0.993557  0.113290  0.002200  -0.006928  -0.003141  -0.558464  -0.169285  0.176174  2.000000  
31.569802 0.005656  0.087306  -0.005070  0.999990  0.003652  0.002482  -0.002882  0.114003  0.993476  0.003345  -0.993474  0.114013  0.002204  -0.006958  -0.003169  -0.561880  -0.167303  0.179249  2.000000  
31.570807 0.005659  0.087300  -0.005074  0.999989  0.003810  0.002669  -0.003088  0.114605  0.993406  0.003479  -0.993404  0.114615  0.002243  -0.006993  -0.003190  -0.565986  -0.167231  0.179368  2.000000  
31.572054 0.005662  0.087290  -0.005079  0.999988  0.004101  0.002840  -0.003294  0.115205  0.993336  0.003746  -0.993333  0.115217  0.002250  -0.007084  -0.003296  -0.566034  -0.167151  0.179500  2.000000  
31.573056 0.005664  0.087283  -0.005083  0.999986  0.004259  0.003027  -0.003500  0.115807  0.993266  0.003880  -0.993263  0.115820  0.002296  -0.007065  -0.003311  -0.569850  -0.173819  0.180267  2.000000  
31.574068 0.005666  0.087275  -0.005087  0.999985  0.004418  0.003213  -0.003706  0.116408  0.993195  0.004014  -0.993192  0.116422  0.002327  -0.007067  -0.003341  -0.574480  -0.175129  0.181846  2.000000  
31.575309 0.005669  0.087266  -0.005092  0.999984  0.004578  0.003398  -0.003912  0.117249  0.993095  0.004148  -0.993092  0.117265  0.002356  -0.007082  -0.003414  -0.577948  -0.173597  0.180518  2.000000  
31.576557 0.005672  0.087257  -0.005097  0.999981  0.004761  0.003788  -0.004323  0.117849  0.993022  0.004282  -0.993020  0.117868  0.002419  -0.007011  -0.003453  -0.577873  -0.180790  0.176932  2.000000  
31.577559 0.005675  0.087250  -0.005101  0.999980  0.004921  0.003974  -0.004529  0.118450  0.992950  0.004415  -0.992948  0.118470  0.002478  -0.006966  -0.003479  -0.578611  -0.182685  0.174070  2.000000  
31.578560 0.005677  0.087243  -0.005105  0.999978  0.005080  0.004160  -0.004735  0.118930  0.992891  0.004549  -0.992890  0.118951  0.002466  -0.006976  -0.003582  -0.578390  -0.182539  0.174100  2.000000  
31.579808 0.005681  0.087235  -0.005110  0.999977  0.005241  0.004345  -0.004941  0.119651  0.992804  0.004683  -0.992802  0.119674  0.002540  -0.006968  -0.003668  -0.578377  -0.182920  0.169772  2.000000  
31.581057 0.005685  0.087227  -0.005115  0.999975  0.005534  0.004513  -0.005147  0.120371  0.992716  0.004951  -0.992714  0.120396  0.002581  -0.006982  -0.003773  -0.581723  -0.180833  0.172935  2.000000  
31.582057 0.005687  0.087220  -0.005119  0.999973  0.005695  0.004697  -0.005353  0.121091  0.992627  0.005084  -0.992625  0.121119  0.002601  -0.006966  -0.003855  -0.586483  -0.182704  0.170026  2.000000  
31.583302 0.005691  0.087212  -0.005124  0.999971  0.005856  0.004881  -0.005558  0.121812  0.992538  0.005218  -0.992536  0.121841  0.002627  -0.007007  -0.003942  -0.586513  -0.182598  0.170175  2.000000  
31.584311 0.005695  0.087206  -0.005128  0.999969  0.006017  0.005066  -0.005764  0.122412  0.992463  0.005352  -0.992461  0.122443  0.002643  -0.006981  -0.003960  -0.585740  -0.181014  0.168884  2.000000  
31.585552 0.005699  0.087197  -0.005133  0.999966  0.006205  0.005453  -0.006176  0.123251  0.992356  0.005486  -0.992356  0.123285  0.002705  -0.006971  -0.004014  -0.589625  -0.188179  0.165354  2.000000  
31.586552 0.005702  0.087190  -0.005137  0.999964  0.006367  0.005637  -0.006382  0.123851  0.992280  0.005620  -0.992280  0.123887  0.002745  -0.006977  -0.004040  -0.589629  -0.188089  0.165477  2.000000  
31.587557 0.005705  0.087183  -0.005141  0.999962  0.006529  0.005820  -0.006588  0.124571  0.992189  0.005753  -0.992189  0.124609  0.002796  -0.006927  -0.004042  -0.597843  -0.188037  0.165634  2.000000  
31.588802 0.005709  0.087174  -0.005146  0.999960  0.006692  0.006002  -0.006794  0.125291  0.992097  0.005887  -0.992098  0.125331  0.002885  -0.006881  -0.003994  -0.597710  -0.187884  0.165742  2.000000  
31.589802 0.005711  0.087167  -0.005150  0.999957  0.006854  0.006186  -0.006999  0.125890  0.992020  0.006021  -0.992021  0.125933  0.002931  -0.006863  -0.004010  -0.597701  -0.187789  0.165860  2.000000  
31.590810 0.005714  0.087160  -0.005155  0.999955  0.007017  0.006369  -0.007205  0.126489  0.991942  0.006155  -0.991943  0.126534  0.002984  -0.006808  -0.004009  -0.598458  -0.189738  0.162874  2.000000  
31.591810 0.005717  0.087154  -0.005159  0.999953  0.007180  0.006552  -0.007411  0.127088  0.991864  0.006288  -0.991865  0.127136  0.002990  -0.006787  -0.004056  -0.598484  -0.189656  0.163004  2.000000  
31.592810 0.005721  0.087147  -0.005164  0.999950  0.007343  0.006734  -0.007617  0.127687  0.991785  0.006422  -0.991787  0.127737  0.003042  -0.006745  -0.004117  -0.598461  -0.189558  0.163120  2.000000  
31.594058 0.005725  0.087139  -0.005170  0.999948  0.007507  0.006915  -0.007823  0.128527  0.991675  0.006556  -0.991678  0.128579  0.003076  -0.006734  -0.004235  -0.602395  -0.189936  0.158777  2.000000  
31.595059 0.005728  0.087133  -0.005175  0.999947  0.007645  0.006892  -0.007823  0.129248  0.991581  0.006690  -0.991583  0.129301  0.003120  -0.006667  -0.004308  -0.605568  -0.180936  0.161194  2.000000  
31.596308 0.005732  0.087126  -0.005182  0.999943  0.007836  0.007278  -0.008235  0.129965  0.991484  0.006824  -0.991488  0.130022  0.003142  -0.006633  -0.004357  -0.602415  -0.182849  0.158227  2.000000  
31.597308 0.005736  0.087120  -0.005187  0.999942  0.007973  0.007255  -0.008235  0.130565  0.991406  0.006957  -0.991408  0.130623  0.003179  -0.006604  -0.004416  -0.606435  -0.175876  0.157468  2.000000  
31.598312 0.005739  0.087114  -0.005192  0.999939  0.008137  0.007437  -0.008440  0.131164  0.991325  0.007091  -0.991327  0.131224  0.003168  -0.006528  -0.004484  -0.606380  -0.175772  0.157567  2.000000  
31.599555 0.005743  0.087106  -0.005198  0.999937  0.008303  0.007618  -0.008646  0.131882  0.991228  0.007225  -0.991231  0.131946  0.003194  -0.006475  -0.004575  -0.606402  -0.176227  0.153248  2.000000  
31.600804 0.005747  0.087098  -0.005204  0.999934  0.008469  0.007797  -0.008852  0.132721  0.991114  0.007359  -0.991117  0.132787  0.003194  -0.006449  -0.004674  -0.609552  -0.174689  0.152134  2.000000  
31.601809 0.005750  0.087092  -0.005209  0.999931  0.008634  0.007978  -0.009058  0.133319  0.991032  0.007493  -0.991036  0.133388  0.003192  -0.006400  -0.004731  -0.614450  -0.176570  0.149011  2.000000  
31.603055 0.005754  0.087084  -0.005214  0.999928  0.008800  0.008158  -0.009264  0.134037  0.990933  0.007626  -0.990937  0.134109  0.003210  -0.006368  -0.004771  -0.613486  -0.175039  0.147919  2.000000  
31.604056 0.005757  0.087078  -0.005218  0.999925  0.008965  0.008338  -0.009470  0.134635  0.990850  0.007760  -0.990855  0.134710  0.003207  -0.006277  -0.004793  -0.613692  -0.175016  0.148081  2.000000  
31.605057 0.005760  0.087072  -0.005223  0.999925  0.008970  0.008333  -0.009470  0.135236  0.990768  0.007760  -0.990773  0.135311  0.003185  -0.006201  -0.004829  -0.609488  -0.168618  0.142861  2.000000  
31.606068 0.005763  0.087066  -0.005228  0.999922  0.009136  0.008513  -0.009675  0.135834  0.990684  0.007894  -0.990690  0.135912  0.003210  -0.006150  -0.004821  -0.614302  -0.169869  0.144099  2.000000  
31.607318 0.005767  0.087059  -0.005234  0.999918  0.009435  0.008674  -0.009881  0.136550  0.990584  0.008162  -0.990588  0.136632  0.003184  -0.006067  -0.004852  -0.613531  -0.167883  0.147515  2.000000  
31.608555 0.005771  0.087053  -0.005241  0.999915  0.009602  0.008853  -0.010087  0.137268  0.990483  0.008295  -0.990487  0.137353  0.003227  -0.005990  -0.004882  -0.617574  -0.160972  0.146742  2.000000  
31.609802 0.005775  0.087046  -0.005247  0.999911  0.009768  0.009032  -0.010293  0.137865  0.990398  0.008429  -0.990403  0.137954  0.003212  -0.005940  -0.004906  -0.613530  -0.160881  0.146856  2.000000  
31.610805 0.005778  0.087041  -0.005252  0.999910  0.009906  0.009008  -0.010293  0.138465  0.990314  0.008563  -0.990318  0.138554  0.003175  -0.005857  -0.004904  -0.613434  -0.153956  0.146037  2.000000  
31.612052 0.005782  0.087034  -0.005259  0.999907  0.010074  0.009186  -0.010499  0.139182  0.990211  0.008697  -0.990216  0.139275  0.003139  -0.005778  -0.004906  -0.609438  -0.154441  0.141755  2.000000  
31.613055 0.005785  0.087029  -0.005264  0.999904  0.010241  0.009365  -0.010705  0.139779  0.990125  0.008831  -0.990130  0.139875  0.003117  -0.005747  -0.004882  -0.610313  -0.155607  0.143016  2.000000  
31.614310 0.005788  0.087023  -0.005270  0.999900  0.010409  0.009542  -0.010911  0.140496  0.990021  0.008964  -0.990027  0.140595  0.003058  -0.005638  -0.004901  -0.609329  -0.154236  0.141946  2.000000  
31.615552 0.005792  0.087017  -0.005276  0.999897  0.010577  0.009720  -0.011116  0.141213  0.989917  0.009098  -0.989923  0.141316  0.003028  -0.005531  -0.004902  -0.606306  -0.148547  0.142351  2.000000  
31.616553 0.005794  0.087011  -0.005281  0.999897  0.010582  0.009714  -0.011116  0.141693  0.989848  0.009098  -0.989854  0.141796  0.002981  -0.005506  -0.004946  -0.598167  -0.142194  0.137057  2.000000  
31.617554 0.005797  0.087006  -0.005286  0.999893  0.010750  0.009893  -0.011322  0.142290  0.989760  0.009232  -0.989767  0.142396  0.002921  -0.005396  -0.004969  -0.597282  -0.140953  0.136010  2.000000  
31.618803 0.005799  0.087000  -0.005293  0.999890  0.010919  0.010069  -0.011528  0.143006  0.989655  0.009366  -0.989662  0.143116  0.002858  -0.005318  -0.005036  -0.598138  -0.142014  0.137250  2.000000  
31.620052 0.005802  0.086994  -0.005298  0.999888  0.011058  0.010042  -0.011528  0.143725  0.989551  0.009500  -0.989556  0.143836  0.002824  -0.005235  -0.004987  -0.597293  -0.133954  0.135289  2.000000  
31.621317 0.005806  0.086988  -0.005304  0.999885  0.011227  0.010220  -0.011734  0.144321  0.989461  0.009633  -0.989467  0.144436  0.002776  -0.005083  -0.004949  -0.589252  -0.133871  0.135401  2.000000  
31.622553 0.005809  0.086983  -0.005309  0.999881  0.011395  0.010397  -0.011940  0.144917  0.989372  0.009767  -0.989378  0.145036  0.002708  -0.005010  -0.004939  -0.585207  -0.134395  0.131078  2.000000  
31.623811 0.005812  0.086978  -0.005314  0.999877  0.011565  0.010573  -0.012145  0.145633  0.989264  0.009901  -0.989271  0.145756  0.002639  -0.004873  -0.004820  -0.581789  -0.128508  0.131296  2.000000  
31.625079 0.005815  0.086973  -0.005319  0.999876  0.011704  0.010547  -0.012145  0.146232  0.989176  0.010035  -0.989181  0.146356  0.002592  -0.004748  -0.004692  -0.573273  -0.121474  0.130344  2.000000  
31.626320 0.005818  0.086968  -0.005324  0.999873  0.011740  0.010743  -0.012351  0.146829  0.989085  0.010035  -0.989092  0.146956  0.002519  -0.004674  -0.004572  -0.569421  -0.122059  0.126026  2.000000  
31.627559 0.005820  0.086963  -0.005329  0.999869  0.011909  0.010920  -0.012557  0.147425  0.988994  0.010169  -0.989002  0.147555  0.002442  -0.004580  -0.004469  -0.565508  -0.122014  0.126148  2.000000  
31.628805 0.005823  0.086957  -0.005334  0.999865  0.012079  0.011096  -0.012763  0.148021  0.988902  0.010302  -0.988911  0.148155  0.002385  -0.004513  -0.004386  -0.557358  -0.121927  0.126241  2.000000  
31.629806 0.005824  0.086953  -0.005338  0.999865  0.012084  0.011091  -0.012763  0.148500  0.988830  0.010302  -0.988839  0.148635  0.002301  -0.004451  -0.004371  -0.552765  -0.121490  0.120846  2.000000  
31.631057 0.005826  0.086948  -0.005343  0.999861  0.012254  0.011267  -0.012969  0.149096  0.988738  0.010436  -0.988747  0.149234  0.002222  -0.004352  -0.004264  -0.549467  -0.115606  0.121011  2.000000  
31.632058 0.005828  0.086944  -0.005347  0.999859  0.012292  0.011463  -0.013175  0.149693  0.988645  0.010436  -0.988656  0.149834  0.002165  -0.004287  -0.004183  -0.549104  -0.122958  0.117546  2.000000  
31.633306 0.005830  0.086940  -0.005352  0.999855  0.012462  0.011639  -0.013380  0.150288  0.988552  0.010570  -0.988564  0.150433  0.002115  -0.004167  -0.004139  -0.544614  -0.121885  0.116662  2.000000  
31.634554 0.005832  0.086936  -0.005357  0.999855  0.012469  0.011631  -0.013380  0.150888  0.988460  0.010570  -0.988472  0.151033  0.002032  -0.004051  -0.004096  -0.536944  -0.116597  0.112283  2.000000  
31.635802 0.005834  0.086932  -0.005361  0.999850  0.012639  0.011807  -0.013586  0.151483  0.988367  0.010704  -0.988379  0.151632  0.001987  -0.003897  -0.003962  -0.532577  -0.115584  0.111444  2.000000  
31.636802 0.005836  0.086928  -0.005365  0.999848  0.012675  0.012006  -0.013792  0.151840  0.988309  0.010704  -0.988324  0.151991  0.001921  -0.003834  -0.003899  -0.528473  -0.116169  0.107068  2.000000  
31.637805 0.005837  0.086926  -0.005368  0.999846  0.012813  0.011979  -0.013792  0.152317  0.988235  0.010837  -0.988249  0.152471  0.001881  -0.003744  -0.003845  -0.524398  -0.116107  0.107129  2.000000  
31.638805 0.005839  0.086923  -0.005371  0.999843  0.012850  0.012177  -0.013998  0.152794  0.988159  0.010837  -0.988174  0.152950  0.001825  -0.003678  -0.003764  -0.520608  -0.117663  0.103643  2.000000  
31.640057 0.005841  0.086919  -0.005375  0.999839  0.013020  0.012353  -0.014204  0.153269  0.988082  0.010971  -0.988099  0.153429  0.001723  -0.003590  -0.003729  -0.512697  -0.117659  0.103767  2.000000  
31.641060 0.005842  0.086916  -0.005378  0.999836  0.013057  0.012550  -0.014410  0.153746  0.988005  0.010971  -0.988024  0.153909  0.001664  -0.003523  -0.003694  -0.512555  -0.118237  0.099348  2.000000  
31.642321 0.005843  0.086912  -0.005382  0.999835  0.013197  0.012522  -0.014410  0.154343  0.987912  0.011105  -0.987929  0.154508  0.001564  -0.003450  -0.003637  -0.508147  -0.111241  0.098335  2.000000  
31.643610 0.005844  0.086908  -0.005386  0.999832  0.013235  0.012719  -0.014615  0.154820  0.987835  0.011105  -0.987854  0.154987  0.001472  -0.003316  -0.003531  -0.499217  -0.118518  0.094844  2.000000  
31.644806 0.005845  0.086904  -0.005390  0.999827  0.013407  0.012893  -0.014821  0.155414  0.987738  0.011239  -0.987758  0.155586  0.001415  -0.003277  -0.003448  -0.496027  -0.118669  0.095095  2.000000  
31.645828 0.005846  0.086901  -0.005393  0.999824  0.013444  0.013092  -0.015027  0.155771  0.987679  0.011239  -0.987702  0.155945  0.001347  -0.003184  -0.003338  -0.487519  -0.119208  0.090641  2.000000  
31.647058 0.005847  0.086898  -0.005396  0.999821  0.013484  0.013287  -0.015233  0.156367  0.987582  0.011239  -0.987607  0.156544  0.001283  -0.003094  -0.003270  -0.483874  -0.119927  0.086356  2.000000  
31.648059 0.005848  0.086896  -0.005399  0.999819  0.013621  0.013261  -0.015233  0.156724  0.987525  0.011373  -0.987548  0.156904  0.001218  -0.003000  -0.003198  -0.475826  -0.119916  0.086437  2.000000  
31.649306 0.005849  0.086893  -0.005403  0.999816  0.013661  0.013456  -0.015439  0.157320  0.987427  0.011373  -0.987453  0.157502  0.001153  -0.002906  -0.003127  -0.475602  -0.120486  0.082024  2.000000  
31.650552 0.005850  0.086890  -0.005407  0.999811  0.013832  0.013631  -0.015645  0.157795  0.987348  0.011506  -0.987375  0.157981  0.001087  -0.002832  -0.003118  -0.467671  -0.118785  0.085830  2.000000  
31.651554 0.005851  0.086888  -0.005410  0.999808  0.013872  0.013828  -0.015850  0.158271  0.987269  0.011506  -0.987298  0.158460  0.001018  -0.002755  -0.003075  -0.467375  -0.127240  0.083208  2.000000  
31.652802 0.005852  0.086885  -0.005414  0.999807  0.014010  0.013800  -0.015850  0.158748  0.987192  0.011640  -0.987220  0.158939  0.000954  -0.002684  -0.003067  -0.459597  -0.119380  0.081558  2.000000  
31.653804 0.005852  0.086883  -0.005417  0.999803  0.014048  0.013998  -0.016056  0.159104  0.987131  0.011640  -0.987162  0.159298  0.000886  -0.002627  -0.003087  -0.455588  -0.120037  0.077207  2.000000  
31.654804 0.005853  0.086881  -0.005420  0.999800  0.014086  0.014196  -0.016262  0.159460  0.987070  0.011640  -0.987104  0.159658  0.000835  -0.002577  -0.003067  -0.451460  -0.126784  0.078306  2.000000  
31.656054 0.005853  0.086878  -0.005424  0.999798  0.014225  0.014168  -0.016262  0.159937  0.986993  0.011774  -0.987025  0.160136  0.000743  -0.002535  -0.003080  -0.447445  -0.119952  0.077317  2.000000  
31.657061 0.005854  0.086876  -0.005428  0.999795  0.014265  0.014364  -0.016468  0.160413  0.986913  0.011774  -0.986947  0.160615  0.000729  -0.002437  -0.003088  -0.447068  -0.121596  0.073580  2.000000  
31.658324 0.005854  0.086873  -0.005431  0.999790  0.014437  0.014539  -0.016674  0.160887  0.986832  0.011908  -0.986867  0.161094  0.000654  -0.002405  -0.003066  -0.442704  -0.121482  0.073602  2.000000  
31.659557 0.005855  0.086871  -0.005434  0.999787  0.014477  0.014735  -0.016879  0.161362  0.986751  0.011908  -0.986789  0.161572  0.000647  -0.002288  -0.003036  -0.438783  -0.128341  0.074780  2.000000  
31.660557 0.005855  0.086869  -0.005437  0.999785  0.014615  0.014708  -0.016879  0.161719  0.986692  0.012042  -0.986729  0.161931  0.000607  -0.002194  -0.002974  -0.435508  -0.119859  0.077598  2.000000  
31.661558 0.005855  0.086866  -0.005439  0.999782  0.014653  0.014906  -0.017085  0.162075  0.986630  0.012042  -0.986670  0.162290  0.000574  -0.002168  -0.002976  -0.426600  -0.121435  0.073815  2.000000  
31.662806 0.005856  0.086864  -0.005443  0.999776  0.014826  0.015080  -0.017291  0.162549  0.986549  0.012175  -0.986589  0.162769  0.000525  -0.002132  -0.002958  -0.422455  -0.128237  0.074970  2.000000  
31.663806 0.005856  0.086863  -0.005446  0.999776  0.014832  0.015075  -0.017291  0.162908  0.986490  0.012175  -0.986530  0.163128  0.000490  -0.002105  -0.002960  -0.418419  -0.121360  0.073932  2.000000  
31.665061 0.005857  0.086861  -0.005449  0.999771  0.015003  0.015250  -0.017497  0.163261  0.986428  0.012309  -0.986469  0.163486  0.000506  -0.002025  -0.002961  -0.410176  -0.121303  0.073977  2.000000  
31.666319 0.005858  0.086859  -0.005453  0.999768  0.015044  0.015446  -0.017703  0.163737  0.986345  0.012309  -0.986389  0.163965  0.000477  -0.001966  -0.002947  -0.410041  -0.121227  0.074012  2.000000  
31.667555 0.005859  0.086857  -0.005457  0.999766  0.015181  0.015419  -0.017703  0.164093  0.986286  0.012443  -0.986328  0.164324  0.000461  -0.001915  -0.002972  -0.402105  -0.121261  0.074113  2.000000  
31.668555 0.005859  0.086856  -0.005461  0.999762  0.015221  0.015616  -0.017908  0.164449  0.986223  0.012443  -0.986268  0.164683  0.000439  -0.001884  -0.002948  -0.398028  -0.121229  0.074165  2.000000  
31.669802 0.005859  0.086854  -0.005464  0.999757  0.015392  0.015792  -0.018114  0.164802  0.986160  0.012577  -0.986206  0.165041  0.000438  -0.001832  -0.002946  -0.394713  -0.119485  0.077995  2.000000  
31.670802 0.005860  0.086852  -0.005468  0.999757  0.015396  0.015788  -0.018114  0.165042  0.986120  0.012577  -0.986166  0.165280  0.000417  -0.001801  -0.002922  -0.386704  -0.120195  0.073652  2.000000  
31.672058 0.005860  0.086850  -0.005471  0.999753  0.015436  0.015985  -0.018320  0.165397  0.986057  0.012577  -0.986106  0.165639  0.000441  -0.001749  -0.002913  -0.377779  -0.121907  0.069910  2.000000  
31.673304 0.005860  0.086848  -0.005475  0.999748  0.015610  0.016159  -0.018526  0.165870  0.985974  0.012711  -0.986024  0.166117  0.000426  -0.001699  -0.002939  -0.378613  -0.120128  0.073772  2.000000  
31.674318 0.005861  0.086846  -0.005479  0.999748  0.015614  0.016155  -0.018526  0.166109  0.985933  0.012711  -0.985984  0.166357  0.000416  -0.001671  -0.003006  -0.369386  -0.114196  0.073279  2.000000  
31.675559 0.005861  0.086844  -0.005483  0.999744  0.015654  0.016352  -0.018732  0.166465  0.985869  0.012711  -0.985923  0.166715  0.000461  -0.001603  -0.003080  -0.362415  -0.113982  0.068346  2.000000  
31.676807 0.005862  0.086843  -0.005486  0.999738  0.015826  0.016527  -0.018937  0.166818  0.985806  0.012844  -0.985861  0.167074  0.000445  -0.001550  -0.003104  -0.357309  -0.114182  0.073416  2.000000  
31.678057 0.005863  0.086841  -0.005491  0.999738  0.015832  0.016521  -0.018937  0.167177  0.985745  0.012844  -0.985800  0.167433  0.000439  -0.001539  -0.003189  -0.354339  -0.113932  0.068448  2.000000  
31.679310 0.005864  0.086840  -0.005495  0.999733  0.016002  0.016698  -0.019143  0.167410  0.985702  0.012978  -0.985757  0.167671  0.000489  -0.001480  -0.003176  -0.340870  -0.114081  0.073489  2.000000  
31.680555 0.005864  0.086838  -0.005498  0.999733  0.016008  0.016692  -0.019143  0.167769  0.985641  0.012978  -0.985696  0.168030  0.000456  -0.001463  -0.003195  -0.337008  -0.108002  0.068001  2.000000  
31.681558 0.005865  0.086837  -0.005502  0.999727  0.016179  0.016869  -0.019349  0.168002  0.985597  0.013112  -0.985654  0.168269  0.000473  -0.001428  -0.003199  -0.332893  -0.107237  0.072465  2.000000  
31.682805 0.005866  0.086836  -0.005506  0.999727  0.016185  0.016863  -0.019349  0.168360  0.985536  0.013112  -0.985593  0.168628  0.000498  -0.001375  -0.003191  -0.328892  -0.101117  0.066940  2.000000  
31.684054 0.005867  0.086835  -0.005509  0.999725  0.016321  0.016836  -0.019349  0.168597  0.985495  0.013246  -0.985550  0.168866  0.000508  -0.001317  -0.003146  -0.318125  -0.099539  0.070833  2.000000  
31.685054 0.005867  0.086833  -0.005513  0.999721  0.016360  0.017035  -0.019555  0.168833  0.985451  0.013246  -0.985509  0.169106  0.000496  -0.001331  -0.003185  -0.312543  -0.101059  0.067008  2.000000  
31.686056 0.005868  0.086833  -0.005516  0.999721  0.016364  0.017031  -0.019555  0.169072  0.985410  0.013246  -0.985468  0.169345  0.000525  -0.001239  -0.003150  -0.308574  -0.094221  0.065903  2.000000  
31.687302 0.005868  0.086831  -0.005520  0.999715  0.016535  0.017207  -0.019761  0.169305  0.985366  0.013379  -0.985425  0.169583  0.000536  -0.001201  -0.003177  -0.301895  -0.099457  0.070921  2.000000  
31.688307 0.005869  0.086831  -0.005523  0.999715  0.016539  0.017203  -0.019761  0.169544  0.985325  0.013379  -0.985384  0.169822  0.000533  -0.001132  -0.003161  -0.294022  -0.093444  0.065452  2.000000  
31.689552 0.005869  0.086829  -0.005527  0.999715  0.016543  0.017199  -0.019761  0.169783  0.985283  0.013379  -0.985343  0.170061  0.000544  -0.001098  -0.003191  -0.285903  -0.086615  0.064322  2.000000  
31.690560 0.005869  0.086828  -0.005530  0.999711  0.016582  0.017398  -0.019966  0.170019  0.985239  0.013379  -0.985301  0.170300  0.000510  -0.001053  -0.003197  -0.279947  -0.094854  0.061585  2.000000  
31.691562 0.005870  0.086828  -0.005534  0.999709  0.016716  0.017373  -0.019966  0.170135  0.985218  0.013513  -0.985279  0.170420  0.000548  -0.001005  -0.003221  -0.271863  -0.087265  0.064887  2.000000  
31.692810 0.005871  0.086827  -0.005538  0.999709  0.016720  0.017369  -0.019966  0.170374  0.985177  0.013513  -0.985238  0.170659  0.000536  -0.000916  -0.003153  -0.263835  -0.081183  0.059341  2.000000  
31.694058 0.005871  0.086827  -0.005542  0.999703  0.016892  0.017545  -0.020172  0.170607  0.985133  0.013647  -0.985194  0.170897  0.000521  -0.000863  -0.003177  -0.261594  -0.086530  0.064422  2.000000  
31.695314 0.005872  0.086826  -0.005545  0.999703  0.016896  0.017541  -0.020172  0.170846  0.985091  0.013647  -0.985153  0.171136  0.000537  -0.000784  -0.003176  -0.251729  -0.081188  0.059428  2.000000  
31.696556 0.005873  0.086826  -0.005549  0.999703  0.016898  0.017539  -0.020172  0.170966  0.985070  0.013647  -0.985132  0.171256  0.000520  -0.000745  -0.003137  -0.243538  -0.074311  0.058257  2.000000  
31.697806 0.005873  0.086825  -0.005552  0.999697  0.017069  0.017715  -0.020378  0.171199  0.985026  0.013781  -0.985089  0.171495  0.000493  -0.000721  -0.003130  -0.239460  -0.074297  0.058282  2.000000  
31.699056 0.005874  0.086825  -0.005556  0.999697  0.017071  0.017713  -0.020378  0.171318  0.985005  0.013781  -0.985068  0.171614  0.000482  -0.000632  -0.003062  -0.231376  -0.067456  0.057131  2.000000  
31.700307 0.005875  0.086824  -0.005559  0.999697  0.017076  0.017709  -0.020378  0.171557  0.984963  0.013781  -0.985026  0.171853  0.000488  -0.000626  -0.003045  -0.225481  -0.067652  0.052298  2.000000  
31.701318 0.005875  0.086823  -0.005562  0.999697  0.017078  0.017706  -0.020378  0.171676  0.984943  0.013781  -0.985005  0.171973  0.000514  -0.000605  -0.003038  -0.219150  -0.061341  0.051548  2.000000  
31.702553 0.005876  0.086823  -0.005565  0.999691  0.017247  0.017884  -0.020584  0.171790  0.984919  0.013915  -0.984983  0.172092  0.000484  -0.000565  -0.002967  -0.211101  -0.061360  0.051590  2.000000  
31.703555 0.005876  0.086822  -0.005567  0.999691  0.017249  0.017882  -0.020584  0.171909  0.984898  0.013915  -0.984962  0.172211  0.000483  -0.000533  -0.002889  -0.205297  -0.060839  0.051171  2.000000  
