1-Time 2-Px 3-Py 4-Pz 5-R11 6-R21 7-R31 8-R12 9-R22 10-R32 11-R13 12-R23 13-R33 14-Vx 15-Vy 16-Vz 17-Wx 18-Wy 19-Wz 20-state 21-PR11 22-PR21 23-PR31 24-PR12 25-PR22 26-PR32 27-PR13 28-PR23 29-PR33 
27.951547 0.005387  0.087663  -0.004932  0.997410  -0.020526  -0.068929  0.070342  0.078722  0.994412  -0.014985  -0.996685  0.079962  -0.000038  -0.000015  -0.000169  0.000000  0.000000  0.000000  2.000000  
27.952550 0.005387  0.087663  -0.004932  0.997410  -0.020526  -0.068929  0.070342  0.078722  0.994412  -0.014985  -0.996685  0.079962  -0.000070  -0.000042  -0.000190  0.000000  0.000000  0.000000  2.000000  
27.953553 0.005387  0.087661  -0.004933  0.997398  -0.020409  -0.069144  0.070547  0.078727  0.994397  -0.014851  -0.996687  0.079962  -0.000043  -0.000181  -0.000235  0.000000  0.000000  0.000000  2.000000  
27.954801 0.005387  0.087657  -0.004934  0.997402  -0.020151  -0.069163  0.070548  0.078866  0.994386  -0.014584  -0.996682  0.080083  -0.000050  -0.000430  -0.000335  0.000000  0.000000  0.000000  2.000000  
27.956051 0.005388  0.087654  -0.004934  0.997393  -0.019777  -0.069398  0.070753  0.079011  0.994360  -0.014182  -0.996678  0.080204  0.000020  -0.000664  -0.000234  0.000000  0.000000  0.000000  2.000000  
27.957317 0.005388  0.087651  -0.004934  0.997395  -0.019644  -0.069408  0.070753  0.079020  0.994359  -0.014048  -0.996679  0.080204  0.000070  -0.000880  -0.000245  0.000000  0.000000  0.000000  2.000000  
27.958551 0.005390  0.087648  -0.004933  0.997399  -0.019386  -0.069427  0.070754  0.079160  0.994348  -0.013781  -0.996673  0.080326  0.000181  -0.001029  -0.000212  0.000000  0.000000  0.000000  2.000000  
27.959551 0.005392  0.087645  -0.004934  0.997399  -0.019395  -0.069425  0.070754  0.079281  0.994338  -0.013781  -0.996664  0.080447  0.000280  -0.001242  -0.000242  0.000000  0.000000  0.000000  2.000000  
27.960554 0.005394  0.087642  -0.004934  0.997402  -0.019129  -0.069447  0.070754  0.079299  0.994337  -0.013513  -0.996667  0.080447  0.000402  -0.001432  -0.000201  0.000000  0.000000  0.000000  2.000000  
27.961802 0.005397  0.087639  -0.004934  0.997406  -0.018879  -0.069464  0.070754  0.079559  0.994316  -0.013246  -0.996651  0.080689  0.000606  -0.001637  -0.000233  0.000000  0.000000  0.000000  2.000000  
27.963052 0.005399  0.087636  -0.004934  0.997396  -0.018514  -0.069696  0.070960  0.079825  0.994280  -0.012844  -0.996637  0.080931  0.000773  -0.001806  -0.000206  0.000000  0.000000  0.000000  2.000000  
27.964299 0.005400  0.087634  -0.004936  0.997402  -0.018123  -0.069726  0.070960  0.079974  0.994268  -0.012443  -0.996632  0.081052  0.000897  -0.002012  -0.000302  0.000000  0.000000  0.000000  2.000000  
27.965303 0.005401  0.087631  -0.004937  0.997392  -0.017758  -0.069959  0.071166  0.080240  0.994232  -0.012042  -0.996617  0.081295  0.000914  -0.002208  -0.000392  0.000000  0.000000  0.000000  2.000000  
27.966306 0.005401  0.087628  -0.004940  0.997395  -0.017500  -0.069979  0.071166  0.080380  0.994221  -0.011774  -0.996611  0.081416  0.000943  -0.002376  -0.000543  0.000000  0.000000  0.000000  2.000000  
27.967552 0.005401  0.087622  -0.004943  0.997400  -0.017126  -0.070005  0.071167  0.080770  0.994189  -0.011373  -0.996586  0.081779  0.000955  -0.002727  -0.000731  0.000000  0.000000  0.000000  2.000000  
27.968552 0.005401  0.087617  -0.004945  0.997403  -0.016877  -0.070023  0.071167  0.081030  0.994168  -0.011105  -0.996569  0.082021  0.000924  -0.002902  -0.000828  0.000000  0.000000  0.000000  2.000000  
27.969800 0.005401  0.087612  -0.004945  0.997407  -0.016495  -0.070052  0.071167  0.081300  0.994146  -0.010704  -0.996553  0.082263  0.000949  -0.003025  -0.000738  0.000000  0.000000  0.000000  2.000000  
27.970803 0.005402  0.087608  -0.004945  0.997411  -0.016113  -0.070081  0.071167  0.081569  0.994124  -0.010302  -0.996537  0.082505  0.000954  -0.003133  -0.000795  0.000000  0.000000  0.000000  2.000000  
27.972048 0.005403  0.087602  -0.004944  0.997415  -0.015740  -0.070108  0.071168  0.081960  0.994091  -0.009901  -0.996511  0.082868  0.000979  -0.003255  -0.000670  0.000000  0.000000  0.000000  2.000000  
27.973050 0.005404  0.087598  -0.004943  0.997419  -0.015366  -0.070136  0.071168  0.082350  0.994059  -0.009500  -0.996485  0.083231  0.000986  -0.003410  -0.000635  -0.109802  0.035727  0.182039  2.000000  
27.974060 0.005405  0.087593  -0.004942  0.997422  -0.015118  -0.070154  0.071168  0.082610  0.994038  -0.009232  -0.996467  0.083473  0.000933  -0.003587  -0.000583  -0.117947  0.036481  0.190980  2.000000  
27.975310 0.005407  0.087587  -0.004940  0.997426  -0.014611  -0.070193  0.071168  0.083010  0.994004  -0.008697  -0.996442  0.083836  0.000899  -0.003729  -0.000442  -0.130161  0.037984  0.208868  2.000000  
27.976557 0.005409  0.087580  -0.004939  0.997430  -0.014246  -0.070220  0.071169  0.083520  0.993961  -0.008295  -0.996404  0.084320  0.000823  -0.004002  -0.000309  -0.146465  0.039142  0.222298  2.000000  
27.977557 0.005411  0.087575  -0.004937  0.997448  -0.013847  -0.070046  0.070964  0.083793  0.993953  -0.007894  -0.996387  0.084562  0.000840  -0.004231  -0.000205  -0.154710  0.033388  0.236318  2.000000  
27.978558 0.005412  0.087569  -0.004937  0.997451  -0.013474  -0.070075  0.070964  0.084183  0.993920  -0.007493  -0.996359  0.084924  0.000862  -0.004439  -0.000146  -0.166940  0.034543  0.249755  2.000000  
27.979805 0.005415  0.087562  -0.004937  0.997454  -0.013100  -0.070104  0.070964  0.084573  0.993887  -0.007091  -0.996331  0.085287  0.000948  -0.004727  -0.000022  -0.179191  0.035707  0.263220  2.000000  
27.980806 0.005416  0.087556  -0.004938  0.997456  -0.012727  -0.070133  0.070964  0.084963  0.993854  -0.006690  -0.996303  0.085650  0.001028  -0.004903  0.000124  -0.191336  0.043764  0.276068  2.000000  
27.981807 0.005418  0.087549  -0.004937  0.997458  -0.012495  -0.070150  0.070964  0.085464  0.993811  -0.006422  -0.996263  0.086134  0.001142  -0.005138  0.000277  -0.207679  0.044586  0.285070  2.000000  
27.983055 0.005421  0.087540  -0.004936  0.997475  -0.012104  -0.069976  0.070759  0.085857  0.993792  -0.006021  -0.996234  0.086496  0.001293  -0.005326  0.000539  -0.219977  0.038490  0.294587  2.000000  
27.984308 0.005423  0.087531  -0.004935  0.997477  -0.011872  -0.069993  0.070759  0.086358  0.993748  -0.005753  -0.996193  0.086980  0.001426  -0.005563  0.000715  -0.230423  0.031805  0.297240  2.000000  
27.985551 0.005425  0.087523  -0.004932  0.997493  -0.011622  -0.069806  0.070554  0.086861  0.993719  -0.005486  -0.996153  0.087463  0.001600  -0.005747  0.000890  -0.248758  0.017971  0.296345  2.000000  
27.986552 0.005427  0.087516  -0.004931  0.997508  -0.011497  -0.069609  0.070349  0.087234  0.993701  -0.005352  -0.996121  0.087826  0.001660  -0.005907  0.000923  -0.256977  0.010771  0.292440  2.000000  
27.987800 0.005429  0.087508  -0.004929  0.997510  -0.011132  -0.069639  0.070349  0.087745  0.993656  -0.004951  -0.996081  0.088309  0.001716  -0.006045  0.000974  -0.271048  0.011505  0.298937  2.000000  
27.989048 0.005431  0.087500  -0.004927  0.997512  -0.010767  -0.069669  0.070349  0.088255  0.993611  -0.004549  -0.996040  0.088793  0.001745  -0.006234  0.000986  -0.283199  0.012351  0.307849  2.000000  
27.990050 0.005433  0.087493  -0.004926  0.997513  -0.010534  -0.069688  0.070349  0.088756  0.993566  -0.004282  -0.995998  0.089276  0.001743  -0.006361  0.001010  -0.295294  0.012821  0.312254  2.000000  
27.991062 0.005435  0.087486  -0.004923  0.997514  -0.010302  -0.069706  0.070349  0.089256  0.993521  -0.004014  -0.995955  0.089759  0.001797  -0.006460  0.001094  -0.309987  0.013024  0.314857  2.000000  
27.992310 0.005437  0.087478  -0.004920  0.997530  -0.010060  -0.069520  0.070144  0.089880  0.993479  -0.003746  -0.995902  0.090364  0.001802  -0.006551  0.001235  -0.319679  0.006212  0.312905  2.000000  
27.993556 0.005440  0.087470  -0.004916  0.997530  -0.009970  -0.069526  0.070144  0.090492  0.993424  -0.003613  -0.995847  0.090968  0.001823  -0.006614  0.001403  -0.334490  -0.001658  0.302536  2.000000  
27.994559 0.005441  0.087463  -0.004913  0.997545  -0.009852  -0.069329  0.069939  0.090985  0.993393  -0.003479  -0.995804  0.091451  0.001769  -0.006696  0.001637  -0.346759  -0.015737  0.299196  2.000000  
27.995802 0.005442  0.087454  -0.004909  0.997560  -0.009742  -0.069130  0.069733  0.091599  0.993351  -0.003345  -0.995748  0.092055  0.001706  -0.006760  0.001941  -0.359154  -0.023680  0.286469  2.000000  
27.996803 0.005443  0.087448  -0.004904  0.997561  -0.009651  -0.069137  0.069733  0.092211  0.993295  -0.003211  -0.995693  0.092659  0.001617  -0.006753  0.002194  -0.373622  -0.023850  0.280623  2.000000  
27.997805 0.005444  0.087441  -0.004900  0.997576  -0.009400  -0.068953  0.069528  0.092713  0.993262  -0.002944  -0.995649  0.093142  0.001569  -0.006733  0.002428  -0.379649  -0.030748  0.282676  2.000000  
27.999056 0.005445  0.087432  -0.004896  0.997576  -0.009176  -0.068972  0.069528  0.093334  0.993204  -0.002676  -0.995593  0.093746  0.001486  -0.006707  0.002639  -0.391741  -0.031013  0.278120  2.000000  
28.000301 0.005445  0.087423  -0.004893  0.997577  -0.008952  -0.068991  0.069528  0.093955  0.993146  -0.002408  -0.995536  0.094350  0.001356  -0.006763  0.002682  -0.399884  -0.031277  0.273661  2.000000  
28.001314 0.005445  0.087415  -0.004892  0.997592  -0.008833  -0.068795  0.069323  0.094448  0.993113  -0.002275  -0.995491  0.094833  0.001229  -0.006815  0.002642  -0.408780  -0.038171  0.267602  2.000000  
28.002551 0.005446  0.087406  -0.004891  0.997606  -0.008722  -0.068598  0.069117  0.095061  0.993069  -0.002141  -0.995433  0.095436  0.001148  -0.006905  0.002547  -0.417433  -0.045732  0.259684  2.000000  
28.003800 0.005446  0.087397  -0.004891  0.997621  -0.008611  -0.068401  0.068912  0.095674  0.993024  -0.002007  -0.995375  0.096040  0.001004  -0.006959  0.002441  -0.424597  -0.054031  0.248798  2.000000  
28.004800 0.005446  0.087390  -0.004891  0.997621  -0.008512  -0.068410  0.068912  0.096165  0.992977  -0.001873  -0.995329  0.096523  0.000953  -0.006952  0.002348  -0.429068  -0.054288  0.237824  2.000000  
28.006057 0.005447  0.087381  -0.004890  0.997635  -0.008409  -0.068212  0.068707  0.096899  0.992920  -0.001739  -0.995259  0.097247  0.000812  -0.007008  0.002246  -0.441163  -0.061795  0.229565  2.000000  
28.007315 0.005448  0.087373  -0.004887  0.997650  -0.008164  -0.068029  0.068501  0.097521  0.992873  -0.001472  -0.995200  0.097851  0.000682  -0.007043  0.002152  -0.448755  -0.062986  0.222490  2.000000  
28.008556 0.005448  0.087364  -0.004884  0.997650  -0.008081  -0.068036  0.068501  0.098253  0.992801  -0.001338  -0.995129  0.098575  0.000557  -0.007070  0.002103  -0.457284  -0.063182  0.211867  2.000000  
28.009807 0.005448  0.087355  -0.004881  0.997665  -0.007836  -0.067853  0.068296  0.098875  0.992753  -0.001070  -0.995069  0.099179  0.000468  -0.007083  0.002030  -0.465111  -0.071304  0.205325  2.000000  
28.011055 0.005448  0.087346  -0.004879  0.997679  -0.007732  -0.067657  0.068091  0.099608  0.992694  -0.000937  -0.994997  0.099903  0.000361  -0.007136  0.001865  -0.473574  -0.078956  0.197184  2.000000  
28.012310 0.005448  0.087337  -0.004877  0.997693  -0.007495  -0.067473  0.067885  0.100350  0.992634  -0.000669  -0.994924  0.100627  0.000370  -0.007176  0.001691  -0.481357  -0.079201  0.192614  2.000000  
28.013553 0.005448  0.087327  -0.004875  0.997707  -0.007391  -0.067277  0.067680  0.101083  0.992573  -0.000535  -0.994851  0.101351  0.000262  -0.007209  0.001471  -0.489587  -0.086409  0.188865  2.000000  
28.014553 0.005449  0.087320  -0.004874  0.997707  -0.007290  -0.067287  0.067680  0.101573  0.992523  -0.000401  -0.994801  0.101834  0.000269  -0.007212  0.001334  -0.493608  -0.079862  0.183765  2.000000  
28.015805 0.005448  0.087311  -0.004873  0.997721  -0.007053  -0.067105  0.067474  0.102315  0.992461  -0.000134  -0.994727  0.102558  0.000203  -0.007203  0.001330  -0.501730  -0.086206  0.188936  2.000000  
28.017050 0.005449  0.087304  -0.004871  0.997735  -0.006956  -0.066908  0.067269  0.103168  0.992387  0.000000  -0.994640  0.103402  0.000205  -0.007114  0.001361  -0.513874  -0.085830  0.183037  2.000000  
28.018052 0.005449  0.087297  -0.004870  0.997735  -0.006731  -0.066932  0.067269  0.103788  0.992322  0.000268  -0.994577  0.104006  0.000238  -0.007017  0.001461  -0.521959  -0.085745  0.183088  2.000000  
28.019053 0.005449  0.087291  -0.004869  0.997749  -0.006617  -0.066738  0.067064  0.104400  0.992272  0.000401  -0.994513  0.104609  0.000235  -0.006945  0.001493  -0.530258  -0.094098  0.176337  2.000000  
28.020056 0.005450  0.087285  -0.004868  0.997762  -0.006503  -0.066543  0.066858  0.105012  0.992221  0.000535  -0.994450  0.105212  0.000264  -0.006878  0.001503  -0.534203  -0.101743  0.168074  2.000000  
28.021057 0.005451  0.087279  -0.004867  0.997762  -0.006411  -0.066553  0.066858  0.105623  0.992156  0.000669  -0.994386  0.105815  0.000256  -0.006850  0.001491  -0.538048  -0.100857  0.166792  2.000000  
28.022312 0.005452  0.087271  -0.004866  0.997776  -0.006164  -0.066374  0.066653  0.106244  0.992104  0.000937  -0.994321  0.106418  0.000266  -0.006747  0.001434  -0.538214  -0.101546  0.168185  2.000000  
28.023556 0.005452  0.087263  -0.004866  0.997789  -0.006057  -0.066179  0.066447  0.106976  0.992039  0.001070  -0.994243  0.107142  0.000271  -0.006696  0.001238  -0.542373  -0.101899  0.163811  2.000000  
28.024562 0.005453  0.087257  -0.004865  0.997803  -0.005943  -0.065986  0.066242  0.107587  0.991986  0.001204  -0.994178  0.107745  0.000311  -0.006663  0.001075  -0.546396  -0.108236  0.169014  2.000000  
28.025802 0.005454  0.087249  -0.004866  0.997816  -0.005703  -0.065806  0.066036  0.108328  0.991919  0.001472  -0.994099  0.108468  0.000382  -0.006604  0.000897  -0.550502  -0.108136  0.169106  2.000000  
28.026803 0.005455  0.087242  -0.004866  0.997829  -0.005588  -0.065613  0.065831  0.108940  0.991866  0.001606  -0.994033  0.109071  0.000408  -0.006569  0.000771  -0.550537  -0.114927  0.169884  2.000000  
28.028055 0.005456  0.087234  -0.004865  0.997843  -0.005355  -0.065433  0.065626  0.109800  0.991785  0.001873  -0.993939  0.109915  0.000528  -0.006454  0.000707  -0.558739  -0.114821  0.169993  2.000000  
28.029305 0.005458  0.087226  -0.004863  0.997856  -0.005248  -0.065240  0.065420  0.110532  0.991717  0.002007  -0.993859  0.110638  0.000681  -0.006361  0.000720  -0.562615  -0.122014  0.166250  2.000000  
28.030308 0.005460  0.087220  -0.004862  0.997869  -0.004991  -0.065063  0.065215  0.111032  0.991675  0.002275  -0.993804  0.111120  0.000752  -0.006335  0.000772  -0.562532  -0.121459  0.170766  2.000000  
28.031316 0.005461  0.087214  -0.004859  0.997868  -0.004898  -0.065075  0.065215  0.111642  0.991606  0.002408  -0.993736  0.111723  0.000830  -0.006300  0.000859  -0.566437  -0.121333  0.170786  2.000000  
28.032553 0.005464  0.087207  -0.004857  0.997881  -0.004657  -0.064897  0.065009  0.112382  0.991536  0.002676  -0.993654  0.112446  0.000994  -0.006237  0.000885  -0.570696  -0.120797  0.175403  2.000000  
28.033800 0.005465  0.087199  -0.004855  0.997894  -0.004407  -0.064721  0.064804  0.113001  0.991479  0.002944  -0.993585  0.113049  0.001047  -0.006237  0.000947  -0.570802  -0.120248  0.179991  2.000000  
28.034801 0.005467  0.087193  -0.004854  0.997907  -0.004291  -0.064529  0.064598  0.113612  0.991423  0.003077  -0.993516  0.113651  0.001124  -0.006192  0.000954  -0.570753  -0.120132  0.180054  2.000000  
28.036049 0.005469  0.087186  -0.004854  0.997919  -0.004041  -0.064353  0.064393  0.114231  0.991365  0.003345  -0.993446  0.114254  0.001205  -0.006209  0.000882  -0.570132  -0.125414  0.183820  2.000000  
28.037050 0.005471  0.087180  -0.004854  0.997931  -0.003791  -0.064177  0.064187  0.114850  0.991307  0.003613  -0.993376  0.114856  0.001285  -0.006222  0.000810  -0.574021  -0.124812  0.188283  2.000000  
28.038051 0.005472  0.087173  -0.004854  0.997944  -0.003666  -0.063986  0.063982  0.115341  0.991263  0.003746  -0.993319  0.115338  0.001319  -0.006258  0.000753  -0.570142  -0.132056  0.184715  2.000000  
28.039298 0.005474  0.087165  -0.004855  0.997957  -0.003548  -0.063796  0.063776  0.115951  0.991205  0.003880  -0.993249  0.115940  0.001386  -0.006270  0.000716  -0.570101  -0.131939  0.184788  2.000000  
28.040299 0.005474  0.087158  -0.004855  0.997969  -0.003298  -0.063620  0.063571  0.116570  0.991146  0.004148  -0.993177  0.116543  0.001400  -0.006275  0.000681  -0.574264  -0.138704  0.185656  2.000000  
28.041317 0.005476  0.087153  -0.004855  0.997981  -0.003172  -0.063430  0.063365  0.117060  0.991101  0.004282  -0.993120  0.117024  0.001455  -0.006195  0.000711  -0.569838  -0.138515  0.185615  2.000000  
28.042318 0.005477  0.087147  -0.004855  0.997993  -0.002913  -0.063256  0.063160  0.117558  0.991055  0.004549  -0.993062  0.117506  0.001471  -0.006138  0.000686  -0.566157  -0.139005  0.191634  2.000000  
28.043572 0.005479  0.087140  -0.004855  0.998005  -0.002662  -0.063082  0.062954  0.118176  0.990995  0.004817  -0.992989  0.118108  0.001501  -0.006063  0.000649  -0.561912  -0.138350  0.196147  2.000000  
28.044802 0.005481  0.087133  -0.004854  0.998017  -0.002543  -0.062892  0.062749  0.118786  0.990935  0.004951  -0.992917  0.118710  0.001475  -0.006029  0.000526  -0.558248  -0.138825  0.191924  2.000000  
28.045804 0.005482  0.087127  -0.004854  0.998029  -0.002284  -0.062719  0.062543  0.119284  0.990888  0.005218  -0.992858  0.119192  0.001456  -0.006012  0.000412  -0.557566  -0.143907  0.195569  2.000000  
28.047055 0.005484  0.087119  -0.004855  0.998041  -0.002165  -0.062529  0.062338  0.119894  0.990828  0.005352  -0.992784  0.119794  0.001400  -0.006060  0.000187  -0.549892  -0.145438  0.192824  2.000000  
28.048306 0.005484  0.087111  -0.004855  0.998052  -0.001913  -0.062356  0.062132  0.120512  0.990766  0.005620  -0.992710  0.120396  0.001316  -0.006095  0.000032  -0.545776  -0.145311  0.192923  2.000000  
28.049550 0.005485  0.087103  -0.004857  0.998064  -0.001801  -0.062167  0.061927  0.121241  0.990689  0.005753  -0.992621  0.121118  0.001217  -0.006142  -0.000143  -0.545393  -0.150836  0.192245  2.000000  
28.050552 0.005486  0.087097  -0.004857  0.998075  -0.001541  -0.061995  0.061721  0.121739  0.990641  0.006021  -0.992561  0.121600  0.001167  -0.006139  -0.000222  -0.541275  -0.150213  0.196745  2.000000  
28.051556 0.005486  0.087090  -0.004857  0.998074  -0.001306  -0.062027  0.061721  0.122236  0.990580  0.006288  -0.992500  0.122081  0.001067  -0.006156  -0.000205  -0.537591  -0.143948  0.202144  2.000000  
28.052803 0.005487  0.087083  -0.004857  0.998085  -0.001185  -0.061838  0.061515  0.122845  0.990518  0.006422  -0.992425  0.122683  0.000984  -0.006096  -0.000190  -0.533210  -0.142659  0.200591  2.000000  
28.053804 0.005487  0.087076  -0.004858  0.998096  -0.000933  -0.061667  0.061310  0.123462  0.990454  0.006690  -0.992349  0.123284  0.000905  -0.006143  -0.000196  -0.537655  -0.143737  0.202367  2.000000  
28.055049 0.005487  0.087068  -0.004858  0.998108  -0.000812  -0.061479  0.061104  0.124071  0.990390  0.006824  -0.992273  0.123886  0.000821  -0.006116  -0.000188  -0.533122  -0.149235  0.201562  2.000000  
28.056051 0.005487  0.087062  -0.004859  0.998119  -0.000551  -0.061308  0.060899  0.124568  0.990340  0.007091  -0.992211  0.124367  0.000737  -0.006140  -0.000205  -0.529122  -0.148627  0.206105  2.000000  
28.057317 0.005487  0.087054  -0.004860  0.998130  -0.000430  -0.061120  0.060693  0.125177  0.990276  0.007225  -0.992134  0.124969  0.000634  -0.006190  -0.000278  -0.520895  -0.150123  0.203329  2.000000  
28.058554 0.005487  0.087046  -0.004862  0.998129  -0.000327  -0.061137  0.060693  0.125665  0.990214  0.007359  -0.992073  0.125450  0.000489  -0.006286  -0.000472  -0.512930  -0.143713  0.198213  2.000000  
28.059803 0.005487  0.087038  -0.004864  0.998140  -0.000073  -0.060966  0.060487  0.126282  0.990149  0.007626  -0.991994  0.126052  0.000375  -0.006289  -0.000691  -0.508821  -0.143048  0.202775  2.000000  
28.061049 0.005487  0.087030  -0.004867  0.998151  0.000056  -0.060779  0.060282  0.126770  0.990099  0.007760  -0.991932  0.126533  0.000291  -0.006331  -0.000854  -0.500560  -0.142293  0.196756  2.000000  
28.062051 0.005486  0.087024  -0.004870  0.998149  0.000291  -0.060813  0.060282  0.127267  0.990035  0.008028  -0.991868  0.127014  0.000187  -0.006337  -0.000983  -0.496534  -0.134842  0.200447  2.000000  
28.063303 0.005486  0.087016  -0.004871  0.998159  0.000546  -0.060644  0.060076  0.127883  0.989968  0.008295  -0.991789  0.127615  0.000101  -0.006311  -0.001058  -0.496459  -0.134712  0.200516  2.000000  
28.064549 0.005485  0.087009  -0.004873  0.998171  0.000675  -0.060457  0.059871  0.128371  0.989917  0.008429  -0.991726  0.128096  0.000009  -0.006307  -0.001086  -0.488380  -0.135139  0.196185  2.000000  
28.065551 0.005485  0.087002  -0.004874  0.998182  0.000805  -0.060271  0.059665  0.128859  0.989866  0.008563  -0.991663  0.128577  -0.000075  -0.006328  -0.001104  -0.488304  -0.135573  0.191806  2.000000  
28.066553 0.005484  0.086996  -0.004874  0.998179  0.001040  -0.060306  0.059665  0.129355  0.989802  0.008831  -0.991598  0.129058  -0.000122  -0.006304  -0.001146  -0.488295  -0.129178  0.197095  2.000000  
28.067797 0.005484  0.086988  -0.004874  0.998190  0.001163  -0.060120  0.059459  0.129963  0.989734  0.008964  -0.991518  0.129659  -0.000199  -0.006352  -0.001153  -0.484246  -0.128542  0.191124  2.000000  
28.068802 0.005483  0.086982  -0.004874  0.998189  0.001273  -0.060138  0.059459  0.130331  0.989686  0.009098  -0.991470  0.130020  -0.000242  -0.006290  -0.001106  -0.480106  -0.122640  0.191911  2.000000  
28.070048 0.005482  0.086974  -0.004874  0.998199  0.001536  -0.059969  0.059254  0.130827  0.989633  0.009366  -0.991404  0.130500  -0.000309  -0.006280  -0.001068  -0.472121  -0.120986  0.194839  2.000000  
28.071054 0.005482  0.086968  -0.004874  0.998198  0.001639  -0.059988  0.059253  0.131315  0.989568  0.009500  -0.991339  0.130981  -0.000341  -0.006246  -0.001041  -0.472169  -0.114642  0.189633  2.000000  
28.072299 0.005481  0.086961  -0.004875  0.998209  0.001770  -0.059802  0.059048  0.131803  0.989516  0.009633  -0.991274  0.131462  -0.000374  -0.006196  -0.000999  -0.468341  -0.115153  0.185366  2.000000  
28.073304 0.005481  0.086955  -0.004875  0.998207  0.001880  -0.059821  0.059048  0.132171  0.989467  0.009767  -0.991225  0.131823  -0.000409  -0.006157  -0.000941  -0.464093  -0.108207  0.184464  2.000000  
28.074317 0.005480  0.086949  -0.004876  0.998218  0.002011  -0.059635  0.058842  0.132658  0.989414  0.009901  -0.991160  0.132303  -0.000444  -0.006095  -0.000772  -0.463579  -0.109505  0.181490  2.000000  
28.075554 0.005479  0.086943  -0.004876  0.998217  0.002115  -0.059654  0.058842  0.133146  0.989348  0.010035  -0.991094  0.132784  -0.000477  -0.006028  -0.000623  -0.459773  -0.103166  0.176312  2.000000  
28.076555 0.005479  0.086937  -0.004876  0.998228  0.002253  -0.059469  0.058637  0.133513  0.989311  0.010169  -0.991044  0.133145  -0.000487  -0.005988  -0.000497  -0.455643  -0.103082  0.176342  2.000000  
28.077803 0.005478  0.086931  -0.004876  0.998238  0.002391  -0.059284  0.058431  0.133881  0.989273  0.010302  -0.990995  0.133505  -0.000540  -0.005886  -0.000323  -0.447537  -0.103012  0.176417  2.000000  
28.079052 0.005477  0.086925  -0.004876  0.998237  0.002495  -0.059303  0.058431  0.134368  0.989207  0.010436  -0.990928  0.133986  -0.000526  -0.005792  -0.000188  -0.439784  -0.095817  0.169700  2.000000  
28.080053 0.005477  0.086920  -0.004875  0.998249  0.002501  -0.059100  0.058225  0.134728  0.989170  0.010436  -0.990880  0.134346  -0.000505  -0.005678  -0.000098  -0.435761  -0.096321  0.165328  2.000000  
28.081317 0.005476  0.086913  -0.004874  0.998259  0.002639  -0.058916  0.058020  0.135095  0.989132  0.010570  -0.990829  0.134707  -0.000563  -0.005606  -0.000016  -0.426901  -0.105009  0.158663  2.000000  
28.082317 0.005475  0.086908  -0.004875  0.998259  0.002618  -0.058917  0.058020  0.135455  0.989083  0.010570  -0.990780  0.135067  -0.000586  -0.005526  -0.000050  -0.422798  -0.098642  0.153330  2.000000  
28.083551 0.005474  0.086901  -0.004874  0.998270  0.002757  -0.058732  0.057814  0.135822  0.989045  0.010704  -0.990729  0.135427  -0.000630  -0.005471  -0.000002  -0.410811  -0.099203  0.149021  2.000000  
28.084799 0.005473  0.086895  -0.004874  0.998269  0.002861  -0.058752  0.057814  0.136309  0.988978  0.010837  -0.990662  0.135908  -0.000635  -0.005360  0.000019  -0.406731  -0.092249  0.148159  2.000000  
28.086048 0.005472  0.086889  -0.004873  0.998280  0.002867  -0.058549  0.057609  0.136669  0.988940  0.010837  -0.990613  0.136268  -0.000684  -0.005289  0.000068  -0.399335  -0.092592  0.138137  2.000000  
28.087049 0.005471  0.086884  -0.004872  0.998279  0.002986  -0.058568  0.057609  0.136916  0.988906  0.010971  -0.990578  0.136508  -0.000702  -0.005222  0.000181  -0.391210  -0.092536  0.138162  2.000000  
28.088052 0.005470  0.086879  -0.004871  0.998289  0.003125  -0.058384  0.057403  0.137283  0.988867  0.011105  -0.990527  0.136869  -0.000674  -0.005135  0.000280  -0.386456  -0.093277  0.139415  2.000000  
28.089298 0.005470  0.086874  -0.004869  0.998301  0.003132  -0.058181  0.057197  0.137642  0.988829  0.011105  -0.990477  0.137229  -0.000682  -0.005018  0.000437  -0.383160  -0.093019  0.133840  2.000000  
28.090313 0.005469  0.086870  -0.004867  0.998300  0.003250  -0.058200  0.057197  0.137890  0.988795  0.011239  -0.990442  0.137469  -0.000715  -0.004917  0.000580  -0.373967  -0.087425  0.129555  2.000000  
28.091317 0.005468  0.086866  -0.004867  0.998311  0.003264  -0.057998  0.056992  0.138129  0.988773  0.011239  -0.990409  0.137710  -0.000726  -0.004827  0.000648  -0.369791  -0.094829  0.126031  2.000000  
28.092553 0.005468  0.086861  -0.004865  0.998311  0.003243  -0.057999  0.056992  0.138489  0.988723  0.011239  -0.990359  0.138070  -0.000689  -0.004746  0.000704  -0.361844  -0.089143  0.116296  2.000000  
28.093803 0.005467  0.086856  -0.004864  0.998322  0.003383  -0.057815  0.056786  0.138855  0.988683  0.011373  -0.990307  0.138430  -0.000736  -0.004658  0.000750  -0.357709  -0.089683  0.111865  2.000000  
28.095054 0.005465  0.086850  -0.004864  0.998322  0.003369  -0.057816  0.056786  0.139095  0.988650  0.011373  -0.990273  0.138670  -0.000797  -0.004627  0.000742  -0.345528  -0.090250  0.107464  2.000000  
28.096305 0.005464  0.086846  -0.004864  0.998332  0.003509  -0.057632  0.056581  0.139462  0.988610  0.011506  -0.990221  0.139030  -0.000800  -0.004503  0.000708  -0.338700  -0.089482  0.106641  2.000000  
28.097306 0.005463  0.086841  -0.004864  0.998332  0.003495  -0.057633  0.056581  0.139701  0.988576  0.011506  -0.990188  0.139271  -0.000798  -0.004420  0.000740  -0.329193  -0.084493  0.097677  2.000000  
28.098316 0.005462  0.086837  -0.004864  0.998343  0.003510  -0.057430  0.056375  0.139941  0.988554  0.011506  -0.990154  0.139511  -0.000824  -0.004303  0.000704  -0.324943  -0.091897  0.094151  2.000000  
28.099551 0.005461  0.086833  -0.004864  0.998343  0.003496  -0.057431  0.056375  0.140180  0.988520  0.011506  -0.990120  0.139751  -0.000816  -0.004202  0.000691  -0.312916  -0.085648  0.088840  2.000000  
28.100802 0.005460  0.086829  -0.004864  0.998353  0.003643  -0.057247  0.056169  0.140427  0.988496  0.011640  -0.990084  0.139991  -0.000801  -0.004075  0.000631  -0.304706  -0.093092  0.085363  2.000000  
28.102049 0.005459  0.086824  -0.004863  0.998353  0.003622  -0.057248  0.056169  0.140787  0.988445  0.011640  -0.990033  0.140351  -0.000778  -0.003977  0.000583  -0.302236  -0.086093  0.079335  2.000000  
28.103051 0.005459  0.086821  -0.004863  0.998353  0.003615  -0.057249  0.056169  0.140906  0.988428  0.011640  -0.990016  0.140471  -0.000791  -0.003915  0.000507  -0.290120  -0.086683  0.074948  2.000000  
28.104302 0.005458  0.086817  -0.004863  0.998365  0.003624  -0.057047  0.055964  0.141265  0.988389  0.011640  -0.989965  0.140832  -0.000776  -0.003812  0.000362  -0.286188  -0.087296  0.070595  2.000000  
28.105551 0.005457  0.086813  -0.004863  0.998365  0.003610  -0.057048  0.055964  0.141505  0.988354  0.011640  -0.989931  0.141072  -0.000743  -0.003734  0.000276  -0.277969  -0.087843  0.066177  2.000000  
28.106552 0.005457  0.086809  -0.004863  0.998363  0.003735  -0.057067  0.055964  0.141632  0.988336  0.011774  -0.989912  0.141192  -0.000745  -0.003687  0.000219  -0.269939  -0.081027  0.065256  2.000000  
28.107557 0.005456  0.086807  -0.004863  0.998363  0.003721  -0.057068  0.055964  0.141872  0.988302  0.011774  -0.989878  0.141432  -0.000736  -0.003602  0.000116  -0.268142  -0.075435  0.060409  2.000000  
28.108804 0.005455  0.086802  -0.004864  0.998375  0.003744  -0.056865  0.055758  0.141991  0.988296  0.011774  -0.989861  0.141552  -0.000737  -0.003552  0.000058  -0.255851  -0.082896  0.056936  2.000000  
28.109804 0.005455  0.086799  -0.004864  0.998375  0.003730  -0.056866  0.055758  0.142231  0.988262  0.011774  -0.989826  0.141792  -0.000714  -0.003453  0.000010  -0.251857  -0.076028  0.056007  2.000000  
28.111053 0.005454  0.086795  -0.004864  0.998373  0.003855  -0.056885  0.055758  0.142358  0.988243  0.011908  -0.989808  0.141912  -0.000689  -0.003401  -0.000025  -0.241669  -0.075383  0.055561  2.000000  
28.112054 0.005453  0.086792  -0.004864  0.998373  0.003841  -0.056886  0.055758  0.142598  0.988209  0.011908  -0.989773  0.142152  -0.000697  -0.003375  -0.000036  -0.239809  -0.069178  0.055117  2.000000  
28.113054 0.005453  0.086789  -0.004865  0.998373  0.003834  -0.056886  0.055758  0.142718  0.988192  0.011908  -0.989756  0.142272  -0.000642  -0.003251  -0.000064  -0.231608  -0.062902  0.049691  2.000000  
28.114055 0.005452  0.086787  -0.004865  0.998373  0.003827  -0.056887  0.055758  0.142838  0.988174  0.011908  -0.989739  0.142392  -0.000644  -0.003200  -0.000078  -0.227541  -0.062896  0.049705  2.000000  
28.115305 0.005451  0.086784  -0.004866  0.998373  0.003814  -0.056888  0.055758  0.143078  0.988140  0.011908  -0.989704  0.142632  -0.000621  -0.003099  -0.000127  -0.219409  -0.056639  0.044299  2.000000  
28.116553 0.005450  0.086781  -0.004866  0.998373  0.003807  -0.056888  0.055758  0.143197  0.988122  0.011908  -0.989687  0.142752  -0.000638  -0.002999  -0.000207  -0.211280  -0.057264  0.039866  2.000000  
28.117800 0.005449  0.086778  -0.004867  0.998373  0.003800  -0.056889  0.055758  0.143317  0.988105  0.011908  -0.989670  0.142872  -0.000615  -0.002900  -0.000256  -0.205575  -0.050615  0.034173  2.000000  
28.118800 0.005449  0.086776  -0.004868  0.998373  0.003793  -0.056889  0.055758  0.143437  0.988087  0.011908  -0.989652  0.142992  -0.000657  -0.002852  -0.000346  -0.199135  -0.051029  0.034470  2.000000  
28.119801 0.005448  0.086774  -0.004869  0.998372  0.003918  -0.056909  0.055758  0.143564  0.988069  0.012042  -0.989633  0.143112  -0.000640  -0.002773  -0.000348  -0.195162  -0.044178  0.033514  2.000000  
28.121048 0.005447  0.086771  -0.004870  0.998372  0.003911  -0.056909  0.055758  0.143684  0.988052  0.012042  -0.989616  0.143232  -0.000670  -0.002681  -0.000431  -0.185553  -0.037013  0.032286  2.000000  
28.122049 0.005446  0.086769  -0.004870  0.998372  0.003904  -0.056910  0.055758  0.143804  0.988034  0.012042  -0.989598  0.143352  -0.000685  -0.002629  -0.000454  -0.181490  -0.037003  0.032289  2.000000  
28.123051 0.005446  0.086767  -0.004870  0.998372  0.003904  -0.056910  0.055758  0.143804  0.988034  0.012042  -0.989598  0.143352  -0.000676  -0.002526  -0.000467  -0.173484  -0.030205  0.031328  2.000000  
28.124057 0.005444  0.086765  -0.004870  0.998372  0.003898  -0.056910  0.055758  0.143924  0.988017  0.012042  -0.989581  0.143472  -0.000707  -0.002453  -0.000418  -0.166730  -0.031075  0.027137  2.000000  
28.125306 0.005444  0.086762  -0.004869  0.998372  0.003891  -0.056911  0.055758  0.144044  0.987999  0.012042  -0.989564  0.143592  -0.000692  -0.002330  -0.000379  0.000000  0.000000  0.000000  2.000000  
28.126554 0.005442  0.086760  -0.004869  0.998383  0.003913  -0.056708  0.055553  0.144163  0.987993  0.012042  -0.989546  0.143712  -0.000743  -0.002242  -0.000343  0.000000  0.000000  0.000000  2.000000  
28.127554 0.005442  0.086759  -0.004870  0.998383  0.003913  -0.056708  0.055553  0.144163  0.987993  0.012042  -0.989546  0.143712  -0.000722  -0.002122  -0.000353  0.000000  0.000000  0.000000  2.000000  
28.128803 0.005441  0.086757  -0.004869  0.998382  0.004039  -0.056727  0.055552  0.144290  0.987975  0.012175  -0.989527  0.143832  -0.000745  -0.002051  -0.000289  0.000000  0.000000  0.000000  2.000000  
28.130052 0.005440  0.086755  -0.004870  0.998382  0.004039  -0.056727  0.055552  0.144290  0.987975  0.012175  -0.989527  0.143832  -0.000781  -0.001969  -0.000289  0.000000  0.000000  0.000000  2.000000  
28.131055 0.005439  0.086754  -0.004870  0.998382  0.004032  -0.056728  0.055552  0.144410  0.987957  0.012175  -0.989510  0.143952  -0.000799  -0.001891  -0.000272  0.000000  0.000000  0.000000  2.000000  
28.132305 0.005438  0.086752  -0.004871  0.998382  0.004032  -0.056728  0.055552  0.144410  0.987957  0.012175  -0.989510  0.143952  -0.000829  -0.001834  -0.000260  0.000000  0.000000  0.000000  2.000000  
28.133550 0.005437  0.086750  -0.004871  0.998382  0.004032  -0.056728  0.055552  0.144410  0.987957  0.012175  -0.989510  0.143952  -0.000805  -0.001747  -0.000212  0.000000  0.000000  0.000000  2.000000  
28.134800 0.005436  0.086749  -0.004872  0.998382  0.004025  -0.056728  0.055552  0.144530  0.987940  0.012175  -0.989492  0.144072  -0.000842  -0.001665  -0.000211  0.000000  0.000000  0.000000  2.000000  
28.135804 0.005435  0.086747  -0.004872  0.998382  0.004025  -0.056728  0.055552  0.144530  0.987940  0.012175  -0.989492  0.144072  -0.000821  -0.001582  -0.000160  0.000000  0.000000  0.000000  2.000000  
28.137050 0.005434  0.086746  -0.004873  0.998382  0.004025  -0.056728  0.055552  0.144530  0.987940  0.012175  -0.989492  0.144072  -0.000805  -0.001505  -0.000163  0.000000  0.000000  0.000000  2.000000  
28.138053 0.005433  0.086745  -0.004873  0.998382  0.004025  -0.056728  0.055552  0.144530  0.987940  0.012175  -0.989492  0.144072  -0.000820  -0.001451  -0.000185  0.000000  0.000000  0.000000  2.000000  
28.139299 0.005432  0.086743  -0.004874  0.998382  0.004025  -0.056728  0.055552  0.144530  0.987940  0.012175  -0.989492  0.144072  -0.000839  -0.001407  -0.000260  0.000000  0.000000  0.000000  2.000000  
28.140554 0.005431  0.086742  -0.004874  0.998382  0.004025  -0.056728  0.055552  0.144530  0.987940  0.012175  -0.989492  0.144072  -0.000830  -0.001329  -0.000313  0.000000  0.000000  0.000000  2.000000  
28.141557 0.005430  0.086741  -0.004875  0.998382  0.004025  -0.056728  0.055552  0.144530  0.987940  0.012175  -0.989492  0.144072  -0.000824  -0.001308  -0.000359  0.000000  0.000000  0.000000  2.000000  
28.142806 0.005429  0.086740  -0.004876  0.998382  0.004025  -0.056728  0.055552  0.144530  0.987940  0.012175  -0.989492  0.144072  -0.000833  -0.001234  -0.000429  0.000000  0.000000  0.000000  2.000000  
28.144052 0.005428  0.086739  -0.004876  0.998382  0.004025  -0.056728  0.055552  0.144530  0.987940  0.012175  -0.989492  0.144072  -0.000827  -0.001188  -0.000433  0.000000  0.000000  0.000000  2.000000  
28.145065 0.005427  0.086738  -0.004876  0.998382  0.004025  -0.056728  0.055552  0.144530  0.987940  0.012175  -0.989492  0.144072  -0.000792  -0.001103  -0.000422  0.000000  0.000000  0.000000  2.000000  
28.146316 0.005426  0.086737  -0.004877  0.998382  0.004025  -0.056728  0.055552  0.144530  0.987940  0.012175  -0.989492  0.144072  -0.000825  -0.001058  -0.000457  0.000000  0.000000  0.000000  2.000000  
28.147552 0.005425  0.086736  -0.004878  0.998382  0.004025  -0.056728  0.055552  0.144530  0.987940  0.012175  -0.989492  0.144072  -0.000841  -0.001007  -0.000480  0.000000  0.000000  0.000000  2.000000  
28.148553 0.005424  0.086735  -0.004878  0.998382  0.004025  -0.056728  0.055552  0.144530  0.987940  0.012175  -0.989492  0.144072  -0.000830  -0.000971  -0.000479  0.000000  0.000000  0.000000  2.000000  
28.149802 0.005423  0.086735  -0.004879  0.998382  0.004032  -0.056728  0.055552  0.144410  0.987957  0.012175  -0.989510  0.143952  -0.000845  -0.000918  -0.000501  0.000000  0.000000  0.000000  2.000000  
28.150806 0.005422  0.086734  -0.004880  0.998382  0.004032  -0.056728  0.055552  0.144410  0.987957  0.012175  -0.989510  0.143952  -0.000861  -0.000866  -0.000524  0.000000  0.000000  0.000000  2.000000  
28.152051 0.005421  0.086734  -0.004881  0.998382  0.004032  -0.056728  0.055552  0.144410  0.987957  0.012175  -0.989510  0.143952  -0.000876  -0.000813  -0.000547  0.000000  0.000000  0.000000  2.000000  
28.153299 0.005419  0.086733  -0.004883  0.998382  0.004039  -0.056727  0.055552  0.144290  0.987975  0.012175  -0.989527  0.143832  -0.000895  -0.000779  -0.000616  0.000000  0.000000  0.000000  2.000000  
28.154312 0.005419  0.086732  -0.004884  0.998382  0.004039  -0.056727  0.055552  0.144290  0.987975  0.012175  -0.989527  0.143832  -0.000903  -0.000770  -0.000672  0.000000  0.000000  0.000000  2.000000  
28.155548 0.005417  0.086731  -0.004885  0.998382  0.004039  -0.056727  0.055552  0.144290  0.987975  0.012175  -0.989527  0.143832  -0.000922  -0.000737  -0.000739  0.000000  0.000000  0.000000  2.000000  
28.156550 0.005416  0.086731  -0.004887  0.998382  0.004039  -0.056727  0.055552  0.144290  0.987975  0.012175  -0.989527  0.143832  -0.000923  -0.000690  -0.000796  0.000000  0.000000  0.000000  2.000000  
28.157556 0.005415  0.086730  -0.004887  0.998382  0.004046  -0.056727  0.055552  0.144170  0.987992  0.012175  -0.989545  0.143712  -0.000914  -0.000649  -0.000800  0.000000  0.000000  0.000000  2.000000  
28.158557 0.005414  0.086730  -0.004889  0.998382  0.004046  -0.056727  0.055552  0.144170  0.987992  0.012175  -0.989545  0.143712  -0.000947  -0.000627  -0.000879  0.000000  0.000000  0.000000  2.000000  
28.159805 0.005413  0.086729  -0.004890  0.998382  0.004046  -0.056727  0.055552  0.144170  0.987992  0.012175  -0.989545  0.143712  -0.000980  -0.000654  -0.000900  0.000000  0.000000  0.000000  2.000000  
28.161056 0.005412  0.086728  -0.004890  0.998382  0.004053  -0.056726  0.055552  0.144050  0.988010  0.012175  -0.989562  0.143592  -0.000956  -0.000601  -0.000891  0.000000  0.000000  0.000000  2.000000  
28.162320 0.005411  0.086728  -0.004892  0.998382  0.004053  -0.056726  0.055552  0.144050  0.988010  0.012175  -0.989562  0.143592  -0.000948  -0.000579  -0.000936  0.000000  0.000000  0.000000  2.000000  
28.163553 0.005410  0.086727  -0.004892  0.998382  0.004053  -0.056726  0.055552  0.144050  0.988010  0.012175  -0.989562  0.143592  -0.000949  -0.000580  -0.000937  0.000000  0.000000  0.000000  2.000000  
28.164554 0.005409  0.086727  -0.004893  0.998382  0.004059  -0.056726  0.055552  0.143930  0.988027  0.012175  -0.989579  0.143472  -0.000949  -0.000579  -0.000937  0.000000  0.000000  0.000000  2.000000  
28.165556 0.005408  0.086726  -0.004894  0.998382  0.004059  -0.056726  0.055552  0.143930  0.988027  0.012175  -0.989579  0.143472  -0.000949  -0.000580  -0.000937  0.000000  0.000000  0.000000  2.000000  
28.166802 0.005407  0.086725  -0.004895  0.998382  0.004059  -0.056726  0.055552  0.143930  0.988027  0.012175  -0.989579  0.143472  -0.000935  -0.000584  -0.000972  0.000000  0.000000  0.000000  2.000000  
28.168055 0.005406  0.086724  -0.004896  0.998382  0.004066  -0.056725  0.055552  0.143811  0.988045  0.012175  -0.989597  0.143352  -0.000909  -0.000579  -0.000904  0.000000  0.000000  0.000000  2.000000  
