1-Time 2-Px 3-Py 4-Pz 5-R11 6-R21 7-R31 8-R12 9-R22 10-R32 11-R13 12-R23 13-R33 14-Vx 15-Vy 16-Vz 17-Wx 18-Wy 19-Wz 20-state 21-PR11 22-PR21 23-PR31 24-PR12 25-PR22 26-PR32 27-PR13 28-PR23 29-PR33 
70.314491 0.007274  0.089325  -0.002607  0.998250  0.059131  0.001183  -0.007193  0.101531  0.994806  0.058704  -0.993073  0.101779  -0.000071  0.000187  -0.000047  0.000000  0.000000  0.000000  2.000000  
70.315492 0.007274  0.089325  -0.002607  0.998250  0.059131  0.001183  -0.007193  0.101531  0.994806  0.058704  -0.993073  0.101779  -0.000071  0.000187  -0.000047  0.000000  0.000000  0.000000  2.000000  
70.316497 0.007274  0.089324  -0.002608  0.998248  0.059152  0.001381  -0.007399  0.101640  0.994794  0.058704  -0.993061  0.101899  -0.000041  0.000046  -0.000091  0.000000  0.000000  0.000000  2.000000  
70.317499 0.007275  0.089322  -0.002608  0.998245  0.059194  0.001790  -0.007810  0.101615  0.994793  0.058704  -0.993061  0.101899  0.000034  -0.000073  -0.000148  0.000000  0.000000  0.000000  2.000000  
70.318747 0.007276  0.089319  -0.002608  0.998251  0.059083  0.001994  -0.008015  0.101846  0.994768  0.058570  -0.993044  0.102141  0.000118  -0.000265  -0.000136  0.000000  0.000000  0.000000  2.000000  
70.319758 0.007278  0.089318  -0.002607  0.998249  0.059104  0.002192  -0.008221  0.101954  0.994755  0.058570  -0.993032  0.102261  0.000236  -0.000345  -0.000069  0.000000  0.000000  0.000000  2.000000  
70.320992 0.007280  0.089317  -0.002607  0.998248  0.059125  0.002389  -0.008426  0.102063  0.994742  0.058570  -0.993019  0.102382  0.000385  -0.000483  -0.000014  0.000000  0.000000  0.000000  2.000000  
70.321994 0.007282  0.089316  -0.002605  0.998246  0.059147  0.002580  -0.008632  0.102292  0.994717  0.058570  -0.992995  0.102623  0.000534  -0.000535  0.000075  0.000000  0.000000  0.000000  2.000000  
70.322994 0.007285  0.089315  -0.002604  0.998234  0.059322  0.002961  -0.009043  0.102507  0.994691  0.058704  -0.992962  0.102863  0.000680  -0.000604  0.000172  0.000000  0.000000  0.000000  2.000000  
70.324242 0.007288  0.089313  -0.002604  0.998223  0.059498  0.003343  -0.009454  0.102723  0.994665  0.058837  -0.992929  0.103103  0.000886  -0.000729  0.000217  0.000000  0.000000  0.000000  2.000000  
70.325248 0.007289  0.089312  -0.002604  0.998221  0.059520  0.003533  -0.009659  0.102952  0.994639  0.058837  -0.992904  0.103344  0.000992  -0.000820  0.000181  0.000000  0.000000  0.000000  2.000000  
70.326496 0.007291  0.089311  -0.002605  0.998225  0.059431  0.003942  -0.010070  0.103170  0.994613  0.058704  -0.992887  0.103585  0.001107  -0.000937  0.000157  0.000000  0.000000  0.000000  2.000000  
70.327497 0.007292  0.089310  -0.002605  0.998220  0.059475  0.004330  -0.010481  0.103508  0.994573  0.058704  -0.992849  0.103947  0.001215  -0.001029  0.000122  0.000000  0.000000  0.000000  2.000000  
70.328750 0.007294  0.089307  -0.002606  0.998214  0.059541  0.004915  -0.011098  0.103953  0.994520  0.058704  -0.992798  0.104428  0.001359  -0.001203  0.000086  0.000000  0.000000  0.000000  2.000000  
70.329763 0.007295  0.089305  -0.002607  0.998211  0.059564  0.005098  -0.011303  0.104303  0.994481  0.058704  -0.992760  0.104790  0.001410  -0.001375  0.000019  0.000000  0.000000  0.000000  2.000000  
70.330997 0.007296  0.089302  -0.002609  0.998207  0.059610  0.005479  -0.011714  0.104761  0.994428  0.058704  -0.992709  0.105271  0.001423  -0.001550  -0.000081  0.000000  0.000000  0.000000  2.000000  
70.331999 0.007296  0.089299  -0.002609  0.998202  0.059655  0.005867  -0.012125  0.105098  0.994388  0.058704  -0.992671  0.105633  0.001430  -0.001576  -0.000069  0.000000  0.000000  0.000000  2.000000  
70.333247 0.007298  0.089296  -0.002609  0.998197  0.059702  0.006240  -0.012536  0.105677  0.994322  0.058704  -0.992607  0.106235  0.001447  -0.001629  -0.000046  -0.144357  -0.177651  0.027641  2.000000  
70.334492 0.007299  0.089293  -0.002610  0.998189  0.059772  0.006818  -0.013153  0.106243  0.994253  0.058704  -0.992542  0.106837  0.001405  -0.001717  -0.000132  -0.163562  -0.198298  0.029866  2.000000  
70.335494 0.007300  0.089289  -0.002611  0.998183  0.059819  0.007198  -0.013564  0.106701  0.994199  0.058704  -0.992490  0.107318  0.001385  -0.001870  -0.000291  -0.179093  -0.212070  0.031366  2.000000  
70.336752 0.007302  0.089286  -0.002613  0.998178  0.059868  0.007564  -0.013975  0.107400  0.994118  0.058704  -0.992412  0.108040  0.001386  -0.001969  -0.000476  -0.202621  -0.225658  0.032874  2.000000  
70.337758 0.007304  0.089284  -0.002614  0.998164  0.060050  0.007922  -0.014386  0.107976  0.994049  0.058837  -0.992338  0.108641  0.001310  -0.002120  -0.000638  -0.222171  -0.239397  0.034399  2.000000  
70.338994 0.007306  0.089281  -0.002616  0.998158  0.060101  0.008288  -0.014796  0.108675  0.993967  0.058837  -0.992259  0.109364  0.001265  -0.002199  -0.000854  -0.244019  -0.251271  0.035684  2.000000  
70.339996 0.007308  0.089278  -0.002618  0.998144  0.060283  0.008646  -0.015207  0.109251  0.993898  0.058971  -0.992185  0.109965  0.001301  -0.002320  -0.000944  -0.265374  -0.266376  0.041959  2.000000  
70.341249 0.007310  0.089273  -0.002622  0.998138  0.060335  0.009011  -0.015618  0.109949  0.993815  0.058971  -0.992104  0.110687  0.001283  -0.002537  -0.001203  -0.289049  -0.280127  0.043530  2.000000  
70.342496 0.007311  0.089268  -0.002627  0.998131  0.060387  0.009376  -0.016029  0.110647  0.993730  0.058971  -0.992023  0.111409  0.001262  -0.002762  -0.001414  -0.312741  -0.294388  0.040644  2.000000  
70.343752 0.007312  0.089263  -0.002631  0.998124  0.060441  0.009734  -0.016440  0.111466  0.993632  0.058971  -0.991929  0.112251  0.001196  -0.002970  -0.001718  -0.336238  -0.307966  0.042249  2.000000  
70.345000 0.007313  0.089258  -0.002636  0.998110  0.060628  0.010077  -0.016851  0.112283  0.993533  0.059105  -0.991825  0.113092  0.001235  -0.003108  -0.001947  -0.364026  -0.321278  0.048348  2.000000  
70.346246 0.007314  0.089252  -0.002642  0.998091  0.060838  0.010631  -0.017467  0.112966  0.993445  0.059238  -0.991735  0.113813  0.001224  -0.003305  -0.002252  -0.383652  -0.334575  0.054458  2.000000  
70.347251 0.007315  0.089247  -0.002646  0.998087  0.060869  0.010791  -0.017673  0.113677  0.993361  0.059238  -0.991651  0.114535  0.001277  -0.003446  -0.002513  -0.408484  -0.327656  0.053826  2.000000  
70.348496 0.007318  0.089242  -0.002652  0.998080  0.060925  0.011149  -0.018084  0.114495  0.993259  0.059238  -0.991554  0.115377  0.001357  -0.003553  -0.002905  -0.428994  -0.331255  0.058720  2.000000  
70.349761 0.007322  0.089238  -0.002658  0.998061  0.061140  0.011687  -0.018700  0.115418  0.993141  0.059372  -0.991434  0.116338  0.001467  -0.003625  -0.003269  -0.455920  -0.347011  0.065355  2.000000  
70.350994 0.007325  0.089234  -0.002665  0.998053  0.061199  0.012037  -0.019111  0.116357  0.993024  0.059372  -0.991320  0.117300  0.001599  -0.003622  -0.003593  -0.480254  -0.354051  0.066367  2.000000  
70.352242 0.007329  0.089230  -0.002672  0.998045  0.061259  0.012386  -0.019522  0.117295  0.992905  0.059372  -0.991206  0.118262  0.001748  -0.003698  -0.003925  -0.504583  -0.351595  0.061579  2.000000  
70.353244 0.007333  0.089226  -0.002677  0.998037  0.061317  0.012751  -0.019933  0.117993  0.992814  0.059372  -0.991120  0.118983  0.001855  -0.003763  -0.004210  -0.525049  -0.354462  0.062259  2.000000  
70.354497 0.007337  0.089223  -0.002683  0.998021  0.061511  0.013084  -0.020344  0.118928  0.992694  0.059505  -0.990996  0.119944  0.002011  -0.003804  -0.004457  -0.545438  -0.354453  0.062501  2.000000  
70.355743 0.007342  0.089219  -0.002689  0.997996  0.061839  0.013393  -0.020754  0.119981  0.992559  0.059772  -0.990848  0.121024  0.002222  -0.003720  -0.004576  -0.568794  -0.357292  0.071855  2.000000  
70.356757 0.007345  0.089216  -0.002693  0.997980  0.062035  0.013725  -0.021165  0.120916  0.992437  0.059906  -0.990723  0.121984  0.002381  -0.003681  -0.004636  -0.593014  -0.356216  0.080930  2.000000  
70.357996 0.007350  0.089212  -0.002699  0.997963  0.062232  0.014050  -0.021576  0.121971  0.992299  0.060039  -0.990581  0.123065  0.002590  -0.003626  -0.004683  -0.617665  -0.355888  0.085678  2.000000  
70.358997 0.007354  0.089208  -0.002704  0.997946  0.062429  0.014381  -0.021987  0.122905  0.992175  0.060173  -0.990453  0.124025  0.002811  -0.003618  -0.004768  -0.639103  -0.351179  0.090273  2.000000  
70.360002 0.007357  0.089204  -0.002709  0.997937  0.062494  0.014729  -0.022397  0.123842  0.992049  0.060173  -0.990332  0.124986  0.002985  -0.003585  -0.004864  -0.659054  -0.357968  0.091300  2.000000  
70.361249 0.007362  0.089199  -0.002715  0.997915  0.062720  0.015256  -0.023014  0.124883  0.991905  0.060307  -0.990187  0.126066  0.003224  -0.003500  -0.004921  -0.674858  -0.364192  0.096862  2.000000  
70.362496 0.007367  0.089195  -0.002722  0.997897  0.062922  0.015572  -0.023424  0.126057  0.991746  0.060440  -0.990025  0.127266  0.003406  -0.003398  -0.004989  -0.699511  -0.363697  0.101669  2.000000  
70.363496 0.007372  0.089192  -0.002728  0.997879  0.063124  0.015894  -0.023835  0.127111  0.991602  0.060574  -0.989878  0.128346  0.003553  -0.003321  -0.005062  -0.719880  -0.363089  0.106423  2.000000  
70.364498 0.007377  0.089189  -0.002734  0.997861  0.063327  0.016216  -0.024246  0.128164  0.991457  0.060707  -0.989729  0.129425  0.003723  -0.003266  -0.005176  -0.742641  -0.358531  0.111288  2.000000  
70.365752 0.007383  0.089187  -0.002742  0.997838  0.063560  0.016726  -0.024862  0.129444  0.991275  0.060841  -0.989548  0.130745  0.003948  -0.003149  -0.005236  -0.764403  -0.361691  0.115951  2.000000  
70.366996 0.007390  0.089186  -0.002750  0.997811  0.063899  0.017022  -0.025272  0.130614  0.991111  0.061108  -0.989372  0.131943  0.004095  -0.002976  -0.005291  -0.777998  -0.364397  0.125022  2.000000  
70.367997 0.007395  0.089184  -0.002755  0.997793  0.064104  0.017342  -0.025683  0.131666  0.990961  0.061241  -0.989219  0.133021  0.004200  -0.002897  -0.005301  -0.796938  -0.360396  0.125539  2.000000  
70.369242 0.007401  0.089182  -0.002763  0.997760  0.064474  0.017833  -0.026299  0.132941  0.990775  0.061509  -0.989025  0.134339  0.004310  -0.002766  -0.005443  -0.813883  -0.369869  0.135399  2.000000  
70.370244 0.007406  0.089180  -0.002768  0.997735  0.064706  0.018364  -0.026915  0.133859  0.990635  0.061642  -0.988886  0.135298  0.004392  -0.002694  -0.005480  -0.825562  -0.376565  0.136534  2.000000  
70.371497 0.007411  0.089176  -0.002775  0.997702  0.065081  0.018845  -0.027530  0.135254  0.990428  0.061909  -0.988671  0.136735  0.004470  -0.002684  -0.005568  -0.852853  -0.378459  0.147048  2.000000  
70.372744 0.007416  0.089173  -0.002782  0.997677  0.065323  0.019351  -0.028146  0.136531  0.990236  0.062043  -0.988480  0.138052  0.004451  -0.002658  -0.005612  -0.865677  -0.381461  0.151520  2.000000  
70.373992 0.007420  0.089169  -0.002788  0.997642  0.065698  0.019838  -0.028762  0.137804  0.990042  0.062310  -0.988278  0.139369  0.004434  -0.002607  -0.005634  -0.885228  -0.386886  0.161592  2.000000  
70.374995 0.007424  0.089166  -0.002792  0.997614  0.066043  0.020129  -0.029172  0.138970  0.989867  0.062577  -0.988092  0.140565  0.004422  -0.002519  -0.005569  -0.900963  -0.392979  0.167272  2.000000  
70.376000 0.007427  0.089163  -0.002798  0.997585  0.066390  0.020418  -0.029583  0.140136  0.989690  0.062844  -0.987904  0.141761  0.004406  -0.002437  -0.005569  -0.924934  -0.388580  0.172592  2.000000  
70.377247 0.007432  0.089160  -0.002803  0.997550  0.066768  0.020902  -0.030198  0.141407  0.989491  0.063111  -0.987697  0.143077  0.004386  -0.002369  -0.005456  -0.936790  -0.397698  0.182210  2.000000  
70.378253 0.007435  0.089157  -0.002807  0.997520  0.067117  0.021190  -0.030608  0.142572  0.989311  0.063378  -0.987506  0.144272  0.004310  -0.002381  -0.005372  -0.956492  -0.399533  0.193004  2.000000  
70.379496 0.007439  0.089154  -0.002814  0.997484  0.067500  0.021664  -0.031224  0.143962  0.989091  0.063645  -0.987278  0.145707  0.004188  -0.002339  -0.005284  -0.972494  -0.402287  0.197192  2.000000  
70.380751 0.007444  0.089152  -0.002820  0.997441  0.067913  0.022349  -0.032045  0.145217  0.988881  0.063912  -0.987066  0.147022  0.004055  -0.002369  -0.005156  -0.984040  -0.410975  0.209150  2.000000  
70.381754 0.007448  0.089150  -0.002825  0.997411  0.068264  0.022634  -0.032455  0.146380  0.988696  0.064179  -0.986870  0.148216  0.003917  -0.002430  -0.005074  -1.000159  -0.409517  0.218433  2.000000  
70.382997 0.007452  0.089147  -0.002832  0.997373  0.068652  0.023105  -0.033070  0.147768  0.988469  0.064446  -0.986636  0.149650  0.003828  -0.002481  -0.005092  -1.016018  -0.411623  0.226908  2.000000  
70.384247 0.007456  0.089143  -0.002838  0.997328  0.069075  0.023770  -0.033891  0.149261  0.988217  0.064713  -0.986382  0.151203  0.003665  -0.002598  -0.005021  -1.035770  -0.427804  0.235710  2.000000  
70.385492 0.007460  0.089139  -0.002845  0.997290  0.069467  0.024239  -0.034506  0.150647  0.987985  0.064980  -0.986144  0.152636  0.003509  -0.002661  -0.004961  -1.046884  -0.430159  0.239601  2.000000  
70.386493 0.007462  0.089135  -0.002850  0.997251  0.069853  0.024724  -0.035122  0.151793  0.987788  0.065247  -0.985941  0.153829  0.003367  -0.002763  -0.005008  -1.055579  -0.440503  0.243199  2.000000  
70.387745 0.007464  0.089129  -0.002857  0.997204  0.070282  0.025385  -0.035942  0.153284  0.987528  0.065514  -0.985680  0.155381  0.003225  -0.002895  -0.005005  -1.069856  -0.449383  0.247975  2.000000  
70.388747 0.007467  0.089124  -0.002862  0.997164  0.070672  0.025868  -0.036557  0.154428  0.987327  0.065781  -0.985473  0.156574  0.003162  -0.002997  -0.004989  -1.078051  -0.458945  0.255970  2.000000  
70.389758 0.007469  0.089119  -0.002867  0.997131  0.071034  0.026138  -0.036967  0.155706  0.987111  0.066048  -0.985246  0.157886  0.003049  -0.003158  -0.005049  -1.088868  -0.460407  0.264127  2.000000  
70.390994 0.007472  0.089114  -0.002873  0.997083  0.071468  0.026796  -0.037788  0.157194  0.986844  0.066315  -0.984978  0.159436  0.002986  -0.003272  -0.005002  -1.104493  -0.466184  0.270130  2.000000  
70.392245 0.007475  0.089108  -0.002879  0.997025  0.072036  0.027431  -0.038608  0.158676  0.986576  0.066716  -0.984699  0.160985  0.002892  -0.003483  -0.005040  -1.115974  -0.471256  0.280576  2.000000  
70.393251 0.007478  0.089103  -0.002883  0.996983  0.072434  0.027901  -0.039223  0.159937  0.986348  0.066983  -0.984466  0.162296  0.002845  -0.003589  -0.005059  -1.124618  -0.480929  0.288973  2.000000  
70.394496 0.007482  0.089098  -0.002889  0.996932  0.072976  0.028321  -0.039838  0.161551  0.986060  0.067383  -0.984162  0.163963  0.002784  -0.003848  -0.005017  -1.135140  -0.482085  0.297125  2.000000  
70.395499 0.007485  0.089093  -0.002894  0.996889  0.073374  0.028797  -0.040453  0.162692  0.985847  0.067650  -0.983945  0.165154  0.002742  -0.003978  -0.005021  -1.140546  -0.485102  0.304701  2.000000  
70.396752 0.007489  0.089087  -0.002899  0.996837  0.073817  0.029448  -0.041273  0.164175  0.985567  0.067917  -0.983665  0.166702  0.002726  -0.004183  -0.004956  -1.151377  -0.498166  0.307346  2.000000  
70.397755 0.007492  0.089082  -0.002904  0.996793  0.074222  0.029913  -0.041888  0.165433  0.985331  0.068184  -0.983424  0.168011  0.002674  -0.004365  -0.004906  -1.158906  -0.503905  0.313418  2.000000  
70.399000 0.007495  0.089076  -0.002910  0.996749  0.074639  0.030350  -0.042502  0.167049  0.985032  0.068451  -0.983119  0.169678  0.002652  -0.004553  -0.004893  -1.170988  -0.503420  0.314180  2.000000  
70.400246 0.007498  0.089068  -0.002916  0.996686  0.075219  0.030975  -0.043322  0.168523  0.984745  0.068852  -0.982824  0.171223  0.002637  -0.004766  -0.004866  -1.179303  -0.508720  0.325069  2.000000  
70.401498 0.007502  0.089061  -0.002923  0.996640  0.075636  0.031418  -0.043937  0.170017  0.984461  0.069119  -0.982534  0.172769  0.002638  -0.004900  -0.004843  -1.186646  -0.507952  0.325625  2.000000  
70.402746 0.007504  0.089054  -0.002930  0.996595  0.076058  0.031851  -0.044552  0.171630  0.984154  0.069386  -0.982221  0.174434  0.002685  -0.005011  -0.004832  -1.198941  -0.507539  0.326451  2.000000  
70.403992 0.007508  0.089046  -0.002937  0.996530  0.076644  0.032470  -0.045371  0.173101  0.983858  0.069786  -0.981917  0.175978  0.002719  -0.005108  -0.004886  -1.204545  -0.508231  0.334298  2.000000  
70.404999 0.007511  0.089040  -0.002943  0.996492  0.076926  0.032952  -0.045986  0.174361  0.983607  0.069920  -0.981672  0.177286  0.002763  -0.005193  -0.004967  -1.209823  -0.520204  0.329997  2.000000  
70.406285 0.007514  0.089033  -0.002949  0.996445  0.077349  0.033390  -0.046601  0.175852  0.983313  0.070187  -0.981373  0.178831  0.002792  -0.005303  -0.005047  -1.212505  -0.519161  0.330445  2.000000  
70.407492 0.007518  0.089026  -0.002957  0.996378  0.077949  0.033986  -0.047420  0.177558  0.982967  0.070587  -0.981018  0.180611  0.002863  -0.005338  -0.005150  -1.223518  -0.521020  0.334407  2.000000  
70.408494 0.007521  0.089020  -0.002962  0.996349  0.078199  0.034263  -0.047830  0.178831  0.982717  0.070720  -0.980767  0.181918  0.002861  -0.005421  -0.005182  -1.231431  -0.520568  0.335011  2.000000  
70.409499 0.007525  0.089015  -0.002968  0.996291  0.078745  0.034701  -0.048443  0.179955  0.982481  0.071121  -0.980518  0.183102  0.002900  -0.005485  -0.005280  -1.233860  -0.524673  0.338651  2.000000  
70.410749 0.007529  0.089008  -0.002975  0.996241  0.079178  0.035125  -0.049058  0.181562  0.982155  0.071388  -0.980187  0.184764  0.002893  -0.005579  -0.005363  -1.243194  -0.518877  0.340819  2.000000  
70.411760 0.007532  0.089002  -0.002981  0.996192  0.079600  0.035576  -0.049672  0.182810  0.981893  0.071655  -0.979921  0.186068  0.002898  -0.005668  -0.005481  -1.248676  -0.522440  0.344208  2.000000  
70.413002 0.007537  0.088995  -0.002988  0.996132  0.080166  0.035971  -0.050286  0.184408  0.981563  0.072055  -0.979575  0.187726  0.002953  -0.005761  -0.005519  -1.252934  -0.521258  0.349596  2.000000  
70.414246 0.007541  0.088987  -0.002995  0.996082  0.080600  0.036400  -0.050900  0.185893  0.981251  0.072322  -0.979259  0.189267  0.003006  -0.005806  -0.005616  -1.254821  -0.516566  0.347500  2.000000  
70.415247 0.007544  0.088981  -0.003001  0.996031  0.081025  0.036848  -0.051514  0.187138  0.980982  0.072589  -0.978986  0.190570  0.003050  -0.005869  -0.005663  -1.260881  -0.520302  0.351073  2.000000  
70.416247 0.007547  0.088974  -0.003007  0.995979  0.081452  0.037294  -0.052129  0.188383  0.980711  0.072856  -0.978712  0.191872  0.003095  -0.005933  -0.005710  -1.264847  -0.519862  0.351746  2.000000  
70.417496 0.007551  0.088966  -0.003014  0.995927  0.081890  0.037719  -0.052743  0.189865  0.980392  0.073123  -0.978389  0.193411  0.003163  -0.005942  -0.005747  -1.265272  -0.512539  0.351384  2.000000  
70.418743 0.007555  0.088958  -0.003022  0.995865  0.082459  0.038117  -0.053356  0.191339  0.980073  0.073523  -0.978054  0.194948  0.003205  -0.005946  -0.005789  -1.266906  -0.507078  0.353618  2.000000  
70.419759 0.007559  0.088952  -0.003029  0.995812  0.082890  0.038560  -0.053970  0.192582  0.979796  0.073790  -0.977774  0.196249  0.003266  -0.005984  -0.005839  -1.268389  -0.510464  0.357091  2.000000  
70.420994 0.007563  0.088945  -0.003037  0.995759  0.083337  0.038971  -0.054584  0.194180  0.979446  0.074057  -0.977420  0.197905  0.003323  -0.005996  -0.005918  -1.270488  -0.505940  0.355075  2.000000  
70.422247 0.007568  0.088937  -0.003045  0.995695  0.083920  0.039344  -0.055197  0.195888  0.979072  0.074457  -0.977029  0.199677  0.003379  -0.006012  -0.005984  -1.277354  -0.502714  0.357766  2.000000  
70.423492 0.007573  0.088930  -0.003054  0.995631  0.084500  0.039725  -0.055811  0.197477  0.978718  0.074857  -0.976659  0.201330  0.003447  -0.006027  -0.006094  -1.278705  -0.498006  0.355563  2.000000  
70.424500 0.007577  0.088924  -0.003061  0.995577  0.084932  0.040173  -0.056424  0.198597  0.978456  0.075124  -0.976394  0.202510  0.003431  -0.006099  -0.006177  -1.277220  -0.494761  0.357883  2.000000  
70.425752 0.007582  0.088917  -0.003069  0.995521  0.085389  0.040568  -0.057038  0.200309  0.978071  0.075391  -0.976005  0.204282  0.003541  -0.006078  -0.006220  -1.285805  -0.488238  0.353055  2.000000  
70.427000 0.007587  0.088909  -0.003077  0.995456  0.085974  0.040944  -0.057651  0.201894  0.977709  0.075791  -0.975627  0.205933  0.003571  -0.006092  -0.006294  -1.285510  -0.486741  0.358268  2.000000  
70.428254 0.007592  0.088902  -0.003086  0.995389  0.086565  0.041308  -0.058264  0.203597  0.977320  0.076191  -0.975220  0.207702  0.003612  -0.006105  -0.006397  -1.293785  -0.478421  0.362149  2.000000  
70.429499 0.007597  0.088893  -0.003094  0.995333  0.087017  0.041719  -0.058878  0.205069  0.976975  0.076458  -0.974872  0.209235  0.003685  -0.006145  -0.006489  -1.290597  -0.479066  0.358812  2.000000  
70.430752 0.007602  0.088886  -0.003101  0.995266  0.087601  0.042101  -0.059491  0.206532  0.976630  0.076858  -0.974511  0.210765  0.003756  -0.006104  -0.006519  -1.292030  -0.473794  0.360927  2.000000  
70.431754 0.007606  0.088880  -0.003107  0.995220  0.088003  0.042329  -0.059899  0.207783  0.976339  0.077125  -0.974208  0.212061  0.003842  -0.006081  -0.006500  -1.289626  -0.469931  0.362956  2.000000  
70.433000 0.007611  0.088872  -0.003114  0.995163  0.088459  0.042736  -0.060513  0.209252  0.975988  0.077392  -0.973853  0.213593  0.003908  -0.006030  -0.006461  -1.290461  -0.462749  0.362482  2.000000  
70.434001 0.007616  0.088866  -0.003120  0.995117  0.088862  0.042962  -0.060921  0.210502  0.975693  0.077659  -0.973546  0.214887  0.003987  -0.006027  -0.006394  -1.290290  -0.462244  0.363089  2.000000  
70.435249 0.007622  0.088859  -0.003127  0.995048  0.089456  0.043327  -0.061534  0.212079  0.975313  0.078059  -0.973150  0.216533  0.004057  -0.005998  -0.006339  -1.294505  -0.453912  0.366830  2.000000  
70.436250 0.007626  0.088853  -0.003133  0.995002  0.089861  0.043551  -0.061942  0.213327  0.975015  0.078326  -0.972839  0.217827  0.004098  -0.005998  -0.006307  -1.297559  -0.449446  0.369177  2.000000  
70.437498 0.007631  0.088846  -0.003141  0.994932  0.090452  0.043923  -0.062555  0.214784  0.974656  0.078726  -0.972464  0.219354  0.004180  -0.006000  -0.006245  -1.291068  -0.445285  0.371317  2.000000  
70.438742 0.007637  0.088839  -0.003148  0.994885  0.090870  0.044123  -0.062963  0.216267  0.974302  0.078993  -0.972096  0.220882  0.004240  -0.005940  -0.006169  -1.288637  -0.434278  0.367441  2.000000  
70.439758 0.007642  0.088833  -0.003154  0.994825  0.091323  0.044544  -0.063576  0.217494  0.973989  0.079259  -0.971780  0.222175  0.004258  -0.005955  -0.006082  -1.288670  -0.433834  0.368066  2.000000  
70.440992 0.007647  0.088827  -0.003161  0.994777  0.091742  0.044741  -0.063984  0.218975  0.973630  0.079526  -0.971408  0.223702  0.004330  -0.005930  -0.006005  -1.284915  -0.427412  0.362985  2.000000  
70.441995 0.007652  0.088821  -0.003167  0.994729  0.092147  0.044970  -0.064393  0.220102  0.973349  0.079793  -0.971115  0.224875  0.004353  -0.005877  -0.005996  -1.284821  -0.426975  0.363512  2.000000  
70.442999 0.007656  0.088815  -0.003173  0.994668  0.092603  0.045388  -0.065005  0.221326  0.973031  0.080060  -0.970793  0.226166  0.004346  -0.005898  -0.005949  -1.280624  -0.426450  0.364099  2.000000  
70.444247 0.007662  0.088808  -0.003180  0.994620  0.093030  0.045570  -0.065414  0.222923  0.972639  0.080326  -0.970387  0.227809  0.004387  -0.005814  -0.005885  -1.284118  -0.415846  0.365038  2.000000  
70.445250 0.007666  0.088803  -0.003186  0.994571  0.093437  0.045796  -0.065822  0.224047  0.972353  0.080593  -0.970089  0.228981  0.004420  -0.005727  -0.005813  -1.280081  -0.408510  0.364009  2.000000  
70.446496 0.007671  0.088796  -0.003193  0.994509  0.093907  0.046188  -0.066435  0.225505  0.971974  0.080860  -0.969706  0.230506  0.004437  -0.005674  -0.005778  -1.280468  -0.409052  0.360410  2.000000  
70.447500 0.007676  0.088791  -0.003198  0.994460  0.094321  0.046400  -0.066843  0.226746  0.971658  0.081127  -0.969376  0.231794  0.004455  -0.005618  -0.005762  -1.280458  -0.401688  0.359363  2.000000  
70.448751 0.007681  0.088784  -0.003205  0.994397  0.094799  0.046778  -0.067455  0.228319  0.971247  0.081393  -0.968960  0.233435  0.004448  -0.005574  -0.005797  -1.284375  -0.401079  0.360009  2.000000  
70.449762 0.007686  0.088779  -0.003211  0.994358  0.095085  0.047020  -0.067864  0.229567  0.970924  0.081527  -0.968637  0.234725  0.004412  -0.005530  -0.005758  -1.284141  -0.394620  0.354472  2.000000  
70.450994 0.007691  0.088772  -0.003218  0.994294  0.095566  0.047394  -0.068477  0.231139  0.970508  0.081793  -0.968216  0.236364  0.004425  -0.005459  -0.005741  -1.284919  -0.395273  0.351007  2.000000  
70.451994 0.007695  0.088768  -0.003222  0.994244  0.095984  0.047603  -0.068884  0.232376  0.970184  0.082060  -0.967878  0.237651  0.004428  -0.005422  -0.005651  -1.280744  -0.394781  0.351563  2.000000  
70.452999 0.007699  0.088763  -0.003227  0.994179  0.096444  0.048022  -0.069497  0.233476  0.969876  0.082327  -0.967568  0.238819  0.004375  -0.005350  -0.005593  -1.276191  -0.394215  0.351966  2.000000  
70.454242 0.007705  0.088756  -0.003234  0.994129  0.096874  0.048205  -0.069905  0.234947  0.969491  0.082593  -0.967169  0.240339  0.004341  -0.005318  -0.005539  -1.277162  -0.388097  0.346825  2.000000  
70.455247 0.007709  0.088751  -0.003239  0.994089  0.097159  0.048454  -0.070313  0.236074  0.969188  0.082727  -0.966866  0.241510  0.004305  -0.005311  -0.005445  -1.270318  -0.384406  0.344327  2.000000  
70.456497 0.007713  0.088745  -0.003245  0.994023  0.097640  0.048834  -0.070926  0.237523  0.968789  0.082993  -0.966462  0.243029  0.004217  -0.005293  -0.005366  -1.262212  -0.391689  0.342353  2.000000  
70.457497 0.007717  0.088739  -0.003250  0.993957  0.098110  0.049237  -0.071538  0.238737  0.968446  0.083260  -0.966116  0.244312  0.004189  -0.005264  -0.005320  -1.261366  -0.390998  0.342676  2.000000  
70.458743 0.007722  0.088733  -0.003257  0.993916  0.098416  0.049448  -0.071946  0.240214  0.968050  0.083393  -0.965718  0.245833  0.004169  -0.005237  -0.005300  -1.258034  -0.385885  0.333144  2.000000  
70.459762 0.007726  0.088728  -0.003262  0.993860  0.098754  0.049893  -0.072559  0.241317  0.967730  0.083527  -0.965409  0.247001  0.004115  -0.005183  -0.005220  -1.252986  -0.393022  0.330762  2.000000  
70.460996 0.007731  0.088722  -0.003268  0.993793  0.099234  0.050280  -0.073172  0.242646  0.967352  0.083793  -0.965026  0.248401  0.004100  -0.005142  -0.005230  -1.248820  -0.392510  0.331355  2.000000  
70.462247 0.007736  0.088715  -0.003276  0.993752  0.099542  0.050489  -0.073580  0.244120  0.966949  0.083927  -0.964623  0.249919  0.004053  -0.005119  -0.005275  -1.249322  -0.387416  0.321725  2.000000  
70.463247 0.007740  0.088710  -0.003282  0.993699  0.099955  0.050711  -0.073987  0.245116  0.966667  0.084193  -0.964327  0.250966  0.004032  -0.005080  -0.005271  -1.241595  -0.380341  0.320577  2.000000  
70.464497 0.007745  0.088705  -0.003288  0.993642  0.100310  0.051129  -0.074600  0.246451  0.966280  0.084327  -0.963950  0.252367  0.004006  -0.005028  -0.005266  -1.236988  -0.387569  0.318443  2.000000  
70.465761 0.007750  0.088698  -0.003295  0.993588  0.100743  0.051313  -0.075008  0.247796  0.965904  0.084593  -0.963560  0.253764  0.003983  -0.005013  -0.005221  -1.227386  -0.378796  0.309659  2.000000  
70.466997 0.007755  0.088693  -0.003301  0.993519  0.101235  0.051682  -0.075620  0.249237  0.965486  0.084860  -0.963137  0.255277  0.003947  -0.005021  -0.005261  -1.225073  -0.381983  0.309378  2.000000  
70.468247 0.007759  0.088686  -0.003307  0.993461  0.101587  0.052109  -0.076232  0.250453  0.965123  0.084993  -0.962784  0.256559  0.003933  -0.005016  -0.005226  -1.214682  -0.386768  0.303826  2.000000  
70.469492 0.007765  0.088680  -0.003314  0.993407  0.102023  0.052289  -0.076640  0.251796  0.964741  0.085260  -0.962388  0.257954  0.003940  -0.005006  -0.005256  -1.212868  -0.382161  0.306211  2.000000  
70.470494 0.007769  0.088675  -0.003319  0.993364  0.102319  0.052528  -0.077048  0.252914  0.964416  0.085393  -0.962063  0.259119  0.003948  -0.005024  -0.005264  -1.211011  -0.380333  0.298854  2.000000  
70.471497 0.007773  0.088669  -0.003323  0.993321  0.102609  0.052778  -0.077456  0.253914  0.964120  0.085527  -0.961769  0.260166  0.003965  -0.005001  -0.005189  -1.203328  -0.380132  0.299446  2.000000  
70.472497 0.007777  0.088664  -0.003328  0.993277  0.102900  0.053028  -0.077864  0.254914  0.963824  0.085660  -0.961473  0.261213  0.003966  -0.005002  -0.005190  -1.196370  -0.384273  0.294603  2.000000  
70.473744 0.007782  0.088658  -0.003334  0.993217  0.103264  0.053438  -0.078477  0.256243  0.963422  0.085793  -0.961081  0.262609  0.004001  -0.005016  -0.005131  -1.192468  -0.384989  0.290916  2.000000  
70.474747 0.007786  0.088653  -0.003338  0.993190  0.103509  0.053476  -0.078680  0.257380  0.963102  0.085926  -0.960750  0.263771  0.004035  -0.005002  -0.005096  -1.191079  -0.375475  0.286074  2.000000  
70.475749 0.007790  0.088647  -0.003343  0.993146  0.103802  0.053724  -0.079088  0.258378  0.962801  0.086060  -0.960451  0.264817  0.004025  -0.005019  -0.005046  -1.182610  -0.376165  0.282116  2.000000  
70.476753 0.007795  0.088643  -0.003347  0.993102  0.104096  0.053972  -0.079496  0.259376  0.962499  0.086193  -0.960150  0.265862  0.004081  -0.004987  -0.004958  -1.174370  -0.376937  0.278215  2.000000  
70.477996 0.007800  0.088637  -0.003354  0.993041  0.104457  0.054391  -0.080109  0.260585  0.962122  0.086326  -0.959783  0.267140  0.004118  -0.004998  -0.004893  -1.164042  -0.381198  0.273819  2.000000  
70.478999 0.007805  0.088632  -0.003359  0.992996  0.104752  0.054638  -0.080516  0.261582  0.961817  0.086460  -0.959480  0.268184  0.004179  -0.005028  -0.004882  -1.153906  -0.377319  0.274903  2.000000  
70.480007 0.007810  0.088627  -0.003363  0.992952  0.105041  0.054896  -0.080924  0.262462  0.961543  0.086593  -0.959208  0.269112  0.004203  -0.005020  -0.004812  -1.145261  -0.378016  0.270866  2.000000  
70.481246 0.007815  0.088621  -0.003369  0.992907  0.105357  0.055103  -0.081332  0.263807  0.961140  0.086726  -0.958804  0.270505  0.004256  -0.005038  -0.004807  -1.140734  -0.369164  0.263190  2.000000  
70.482496 0.007821  0.088615  -0.003376  0.992862  0.105667  0.055321  -0.081740  0.265036  0.960768  0.086860  -0.958431  0.271781  0.004308  -0.005054  -0.004773  -1.126428  -0.366317  0.259934  2.000000  
70.483496 0.007825  0.088609  -0.003380  0.992816  0.105965  0.055565  -0.082148  0.266030  0.960458  0.086993  -0.958123  0.272824  0.004317  -0.005083  -0.004763  -1.122255  -0.367164  0.256004  2.000000  
70.484498 0.007829  0.088603  -0.003386  0.992771  0.106263  0.055808  -0.082556  0.267024  0.960147  0.087126  -0.957813  0.273866  0.004343  -0.005119  -0.004791  -1.117806  -0.366760  0.256354  2.000000  
70.485744 0.007835  0.088596  -0.003391  0.992725  0.106576  0.056025  -0.082964  0.268251  0.959770  0.087259  -0.957436  0.275141  0.004343  -0.005151  -0.004766  -1.113365  -0.358035  0.248672  2.000000  
70.486993 0.007840  0.088589  -0.003397  0.992662  0.106944  0.056438  -0.083576  0.269454  0.959380  0.087393  -0.957057  0.276415  0.004358  -0.005204  -0.004743  -1.104507  -0.365398  0.246646  2.000000  
70.488247 0.007845  0.088582  -0.003403  0.992616  0.107252  0.056666  -0.083983  0.270563  0.959032  0.087526  -0.956709  0.277572  0.004386  -0.005228  -0.004776  -1.090286  -0.355897  0.241306  2.000000  
70.489497 0.007851  0.088575  -0.003408  0.992569  0.107560  0.056894  -0.084391  0.271671  0.958683  0.087659  -0.956361  0.278729  0.004395  -0.005257  -0.004766  -1.081410  -0.352722  0.239781  2.000000  
70.490743 0.007857  0.088568  -0.003414  0.992505  0.107932  0.057305  -0.085003  0.272872  0.958288  0.087793  -0.955977  0.280002  0.004438  -0.005291  -0.004714  -1.073353  -0.353585  0.236015  2.000000  
70.491748 0.007861  0.088563  -0.003418  0.992470  0.108100  0.057595  -0.085412  0.273758  0.957999  0.087793  -0.955705  0.280929  0.004446  -0.005318  -0.004703  -1.065159  -0.354486  0.232083  2.000000  
70.492754 0.007866  0.088557  -0.003422  0.992423  0.108396  0.057846  -0.085819  0.274632  0.957712  0.087926  -0.955420  0.281853  0.004428  -0.005411  -0.004660  -1.057858  -0.350371  0.232516  2.000000  
70.493996 0.007872  0.088550  -0.003428  0.992376  0.108707  0.058071  -0.086227  0.275737  0.957358  0.088059  -0.955066  0.283009  0.004440  -0.005472  -0.004632  -1.053334  -0.348484  0.226752  2.000000  
70.494999 0.007876  0.088544  -0.003433  0.992347  0.108948  0.058125  -0.086430  0.276633  0.957081  0.088192  -0.954780  0.283932  0.004427  -0.005554  -0.004633  -1.046337  -0.344463  0.227205  2.000000  
70.496246 0.007882  0.088536  -0.003439  0.992281  0.109310  0.058559  -0.087042  0.277599  0.956746  0.088326  -0.954458  0.284971  0.004410  -0.005653  -0.004590  -1.033559  -0.342554  0.221424  2.000000  
70.497246 0.007885  0.088529  -0.003443  0.992263  0.109424  0.058650  -0.087246  0.278504  0.956464  0.088326  -0.954181  0.285897  0.004371  -0.005789  -0.004598  -1.026450  -0.339728  0.217487  2.000000  
70.498496 0.007891  0.088522  -0.003449  0.992198  0.109787  0.059083  -0.087858  0.279470  0.956126  0.088459  -0.953857  0.286935  0.004372  -0.005813  -0.004580  -1.014200  -0.340691  0.213604  2.000000  
70.499763 0.007896  0.088513  -0.003455  0.992149  0.110094  0.059318  -0.088266  0.280457  0.955800  0.088592  -0.953532  0.287972  0.004337  -0.005907  -0.004498  -1.001334  -0.340217  0.213911  2.000000  
70.500994 0.007901  0.088505  -0.003461  0.992101  0.110395  0.059566  -0.088673  0.281327  0.955506  0.088725  -0.953241  0.288894  0.004337  -0.005997  -0.004532  -0.986096  -0.333501  0.212534  2.000000  
70.502246 0.007906  0.088496  -0.003466  0.992053  0.110703  0.059800  -0.089080  0.282313  0.955177  0.088859  -0.952913  0.289931  0.004327  -0.006084  -0.004537  -0.977965  -0.334515  0.208636  2.000000  
70.503492 0.007911  0.088488  -0.003472  0.992004  0.111012  0.060033  -0.089488  0.283299  0.954847  0.088992  -0.952585  0.290968  0.004320  -0.006162  -0.004564  -0.965757  -0.331496  0.207286  2.000000  
70.504492 0.007916  0.088481  -0.003477  0.991967  0.111180  0.060332  -0.089896  0.284064  0.954582  0.088992  -0.952338  0.291776  0.004320  -0.006250  -0.004599  -0.957712  -0.332559  0.203337  2.000000  
70.505492 0.007920  0.088475  -0.003482  0.991937  0.111417  0.060395  -0.090099  0.284840  0.954331  0.089125  -0.952078  0.292581  0.004296  -0.006302  -0.004608  -0.950093  -0.325764  0.201729  2.000000  
70.506497 0.007924  0.088468  -0.003486  0.991888  0.111712  0.060654  -0.090507  0.285592  0.954068  0.089259  -0.951818  0.293386  0.004262  -0.006450  -0.004624  -0.942010  -0.325582  0.202055  2.000000  
70.507498 0.007929  0.088461  -0.003490  0.991850  0.111882  0.060952  -0.090915  0.286356  0.953800  0.089259  -0.951569  0.294194  0.004272  -0.006480  -0.004614  -0.929511  -0.329347  0.199814  2.000000  
70.508747 0.007934  0.088453  -0.003495  0.991801  0.112186  0.061197  -0.091322  0.287224  0.953500  0.089392  -0.951271  0.295114  0.004246  -0.006568  -0.004559  -0.917696  -0.326402  0.198489  2.000000  
70.509763 0.007939  0.088445  -0.003499  0.991770  0.112416  0.061272  -0.091526  0.287883  0.953282  0.089525  -0.951045  0.295803  0.004269  -0.006655  -0.004525  -0.909964  -0.315619  0.196500  2.000000  
70.510795 0.007944  0.088438  -0.003503  0.991721  0.112714  0.061530  -0.091933  0.288634  0.953016  0.089658  -0.950782  0.296607  0.004284  -0.006721  -0.004480  -0.900477  -0.314974  0.196524  2.000000  
70.511996 0.007949  0.088429  -0.003508  0.991671  0.113019  0.061773  -0.092340  0.289501  0.952713  0.089792  -0.950482  0.297525  0.004311  -0.006827  -0.004409  -0.890374  -0.312665  0.195533  2.000000  
70.512999 0.007954  0.088422  -0.003512  0.991633  0.113184  0.062083  -0.092748  0.290147  0.952477  0.089792  -0.950265  0.298217  0.004349  -0.006867  -0.004332  -0.877652  -0.319042  0.197778  2.000000  
70.513999 0.007958  0.088414  -0.003515  0.991602  0.113415  0.062157  -0.092951  0.290805  0.952256  0.089925  -0.950036  0.298905  0.004368  -0.006970  -0.004251  -0.865674  -0.308256  0.195776  2.000000  
70.515246 0.007964  0.088404  -0.003520  0.991551  0.113722  0.062398  -0.093358  0.291670  0.951952  0.090058  -0.949735  0.299823  0.004412  -0.007023  -0.004149  -0.853871  -0.312068  0.196454  2.000000  
70.516248 0.007968  0.088397  -0.003524  0.991513  0.113888  0.062708  -0.093767  0.292316  0.951714  0.090058  -0.949516  0.300514  0.004434  -0.007099  -0.004124  -0.841103  -0.309132  0.192096  2.000000  
70.517248 0.007973  0.088389  -0.003528  0.991481  0.114120  0.062780  -0.093970  0.292973  0.951492  0.090191  -0.949286  0.301202  0.004449  -0.007182  -0.004057  -0.829491  -0.302376  0.190387  2.000000  
70.518276 0.007977  0.088382  -0.003531  0.991431  0.114405  0.063063  -0.094377  0.293491  0.951292  0.090325  -0.949091  0.301774  0.004470  -0.007183  -0.003966  -0.816307  -0.301886  0.190412  2.000000  
70.519497 0.007983  0.088372  -0.003536  0.991392  0.114580  0.063357  -0.094785  0.294252  0.951016  0.090325  -0.948835  0.302579  0.004491  -0.007276  -0.003905  -0.805806  -0.307398  0.187054  2.000000  
70.520748 0.007989  0.088363  -0.003540  0.991360  0.114821  0.063415  -0.094988  0.295024  0.950757  0.090458  -0.948566  0.303381  0.004549  -0.007333  -0.003845  -0.789220  -0.296536  0.184942  2.000000  
70.521994 0.007994  0.088353  -0.003545  0.991309  0.115115  0.063682  -0.095395  0.295656  0.950520  0.090591  -0.948333  0.304068  0.004526  -0.007434  -0.003800  -0.774588  -0.293934  0.183667  2.000000  
70.522994 0.007999  0.088345  -0.003549  0.991277  0.115341  0.063768  -0.095598  0.296196  0.950331  0.090724  -0.948137  0.304639  0.004528  -0.007481  -0.003738  -0.763115  -0.285966  0.186163  2.000000  
70.523995 0.008004  0.088337  -0.003552  0.991238  0.115510  0.064075  -0.096006  0.296840  0.950089  0.090724  -0.947915  0.305329  0.004573  -0.007576  -0.003743  -0.754968  -0.287109  0.182135  2.000000  
70.524997 0.008009  0.088330  -0.003556  0.991206  0.115736  0.064160  -0.096209  0.297381  0.949899  0.090858  -0.947718  0.305900  0.004561  -0.007590  -0.003693  -0.742799  -0.286963  0.182361  2.000000  
70.526000 0.008013  0.088321  -0.003559  0.991154  0.116024  0.064440  -0.096616  0.297897  0.949696  0.090991  -0.947521  0.306471  0.004531  -0.007664  -0.003656  -0.733178  -0.282582  0.182059  2.000000  
70.527246 0.008019  0.088311  -0.003562  0.991122  0.116258  0.064510  -0.096819  0.298552  0.949470  0.091124  -0.947286  0.307157  0.004542  -0.007748  -0.003588  -0.719060  -0.278783  0.185062  2.000000  
70.528250 0.008023  0.088303  -0.003566  0.991082  0.116420  0.064830  -0.097227  0.299079  0.949262  0.091124  -0.947100  0.307731  0.004536  -0.007770  -0.003541  -0.709306  -0.275695  0.180482  2.000000  
70.529496 0.008028  0.088292  -0.003570  0.991050  0.116647  0.064914  -0.097430  0.299619  0.949071  0.091257  -0.946901  0.308302  0.004514  -0.007865  -0.003493  -0.694059  -0.269149  0.178776  2.000000  
70.530497 0.008033  0.088284  -0.003572  0.990997  0.116936  0.065193  -0.097836  0.300134  0.948867  0.091391  -0.946703  0.308872  0.004534  -0.007883  -0.003380  -0.687273  -0.273183  0.179408  2.000000  
