1-Time 2-Px 3-Py 4-Pz 5-R11 6-R21 7-R31 8-R12 9-R22 10-R32 11-R13 12-R23 13-R33 14-Vx 15-Vy 16-Vz 17-Wx 18-Wy 19-Wz 20-state 21-PR11 22-PR21 23-PR31 24-PR12 25-PR22 26-PR32 27-PR13 28-PR23 29-PR33 
248.683886 -0.003257  0.080929  -0.006890  0.996586  0.028479  -0.077500  0.073377  0.124873  0.989456  0.037856  -0.991764  0.122357  -0.000079  0.000505  -0.000323  0.000000  0.000000  0.000000  2.000000  
248.684899 -0.003257  0.080929  -0.006891  0.996586  0.028479  -0.077500  0.073377  0.124873  0.989456  0.037856  -0.991764  0.122357  -0.000113  0.000491  -0.000346  0.000000  0.000000  0.000000  2.000000  
248.686145 -0.003260  0.080924  -0.006893  0.996596  0.028627  -0.077316  0.073172  0.124997  0.989455  0.037990  -0.991744  0.122476  -0.000302  0.000128  -0.000486  0.000000  0.000000  0.000000  2.000000  
248.687145 -0.003263  0.080920  -0.006894  0.996585  0.028883  -0.077352  0.073171  0.125136  0.989438  0.038257  -0.991719  0.122595  -0.000487  -0.000204  -0.000539  0.000000  0.000000  0.000000  2.000000  
248.688145 -0.003266  0.080916  -0.006894  0.996575  0.029138  -0.077389  0.073170  0.125276  0.989420  0.038524  -0.991694  0.122715  -0.000666  -0.000503  -0.000506  0.000000  0.000000  0.000000  2.000000  
248.689146 -0.003268  0.080912  -0.006894  0.996570  0.029261  -0.077409  0.073170  0.125405  0.989404  0.038658  -0.991674  0.122834  -0.000800  -0.000784  -0.000488  0.000000  0.000000  0.000000  2.000000  
248.690148 -0.003271  0.080908  -0.006894  0.996580  0.029419  -0.077221  0.072964  0.125409  0.989418  0.038792  -0.991669  0.122834  -0.000973  -0.001108  -0.000445  0.000000  0.000000  0.000000  2.000000  
248.691397 -0.003274  0.080903  -0.006893  0.996590  0.029558  -0.077041  0.072759  0.125653  0.989403  0.038926  -0.991634  0.123073  -0.001168  -0.001506  -0.000398  0.000000  0.000000  0.000000  2.000000  
248.692401 -0.003276  0.080899  -0.006893  0.996594  0.029840  -0.076874  0.072553  0.125786  0.989401  0.039193  -0.991609  0.123192  -0.001315  -0.001781  -0.000346  0.000000  0.000000  0.000000  2.000000  
248.693406 -0.003276  0.080896  -0.006894  0.996604  0.029979  -0.076694  0.072347  0.126029  0.989385  0.039327  -0.991573  0.123432  -0.001351  -0.002054  -0.000349  0.000000  0.000000  0.000000  2.000000  
248.694650 -0.003279  0.080891  -0.006894  0.996608  0.030251  -0.076530  0.072141  0.126282  0.989368  0.039594  -0.991533  0.123672  -0.001498  -0.002388  -0.000373  0.000000  0.000000  0.000000  2.000000  
248.695905 -0.003281  0.080887  -0.006896  0.996607  0.030646  -0.076387  0.071935  0.126665  0.989334  0.039995  -0.991472  0.124030  -0.001668  -0.002724  -0.000460  0.000000  0.000000  0.000000  2.000000  
248.697144 -0.003284  0.080883  -0.006898  0.996621  0.031068  -0.076041  0.071523  0.127041  0.989315  0.040396  -0.991411  0.124389  -0.001873  -0.003084  -0.000566  0.000000  0.000000  0.000000  2.000000  
248.698145 -0.003287  0.080877  -0.006901  0.996624  0.031340  -0.075878  0.071317  0.127293  0.989298  0.040664  -0.991370  0.124628  -0.002043  -0.003478  -0.000729  0.000000  0.000000  0.000000  2.000000  
248.699145 -0.003292  0.080870  -0.006904  0.996623  0.031736  -0.075736  0.071111  0.127675  0.989264  0.041065  -0.991308  0.124987  -0.002345  -0.004007  -0.000910  0.000000  0.000000  0.000000  2.000000  
248.700398 -0.003298  0.080860  -0.006907  0.996626  0.031990  -0.075581  0.070905  0.128167  0.989215  0.041332  -0.991236  0.125467  -0.002667  -0.004506  -0.001068  0.000000  0.000000  0.000000  2.000000  
248.701407 -0.003303  0.080852  -0.006910  0.996630  0.032254  -0.075423  0.070699  0.128539  0.989181  0.041599  -0.991180  0.125826  -0.002824  -0.004788  -0.001113  0.000000  0.000000  0.000000  2.000000  
248.702424 -0.003307  0.080844  -0.006910  0.996633  0.032508  -0.075269  0.070493  0.129031  0.989132  0.041867  -0.991108  0.126305  -0.002877  -0.005024  -0.001091  0.000000  0.000000  0.000000  2.000000  
248.703649 -0.003312  0.080833  -0.006910  0.996651  0.032780  -0.074915  0.070082  0.129636  0.989082  0.042134  -0.991020  0.126905  -0.003016  -0.005416  -0.001095  0.000000  0.000000  0.000000  2.000000  
248.704895 -0.003316  0.080823  -0.006910  0.996663  0.033185  -0.074579  0.069671  0.130251  0.989030  0.042535  -0.990926  0.127504  -0.003076  -0.005761  -0.001092  -0.168941  -0.102966  0.170353  2.000000  
248.706145 -0.003320  0.080812  -0.006910  0.996660  0.033555  -0.074450  0.069464  0.130991  0.988947  0.042936  -0.990816  0.128223  -0.003114  -0.006130  -0.001114  -0.194400  -0.108867  0.185959  2.000000  
248.707149 -0.003322  0.080805  -0.006909  0.996663  0.033801  -0.074302  0.069258  0.131602  0.988880  0.043204  -0.990726  0.128822  -0.003113  -0.006416  -0.001091  -0.214452  -0.114521  0.195755  2.000000  
248.708394 -0.003323  0.080795  -0.006909  0.996668  0.034339  -0.073984  0.068846  0.132225  0.988826  0.043738  -0.990625  0.129420  -0.003109  -0.006704  -0.001052  -0.234323  -0.125959  0.215457  2.000000  
248.709645 -0.003324  0.080785  -0.006910  0.996679  0.034737  -0.073654  0.068435  0.132957  0.988756  0.044139  -0.990513  0.130139  -0.003008  -0.007090  -0.001055  -0.258109  -0.137850  0.230565  2.000000  
248.710892 -0.003325  0.080774  -0.006912  0.996689  0.035135  -0.073325  0.068023  0.133690  0.988686  0.044540  -0.990400  0.130857  -0.002922  -0.007535  -0.001100  -0.282002  -0.149790  0.245782  2.000000  
248.711893 -0.003325  0.080766  -0.006914  0.996699  0.035542  -0.072991  0.067611  0.134302  0.988631  0.044941  -0.990303  0.131455  -0.002749  -0.007856  -0.001110  -0.301760  -0.161706  0.260951  2.000000  
248.712895 -0.003326  0.080756  -0.006917  0.996715  0.035818  -0.072641  0.067200  0.134905  0.988577  0.045209  -0.990211  0.132054  -0.002678  -0.008165  -0.001112  -0.321509  -0.174177  0.271653  2.000000  
248.714143 -0.003328  0.080742  -0.006920  0.996724  0.036209  -0.072318  0.066789  0.135756  0.988489  0.045610  -0.990080  0.132893  -0.002420  -0.008503  -0.001099  -0.349510  -0.186095  0.286944  2.000000  
248.715144 -0.003330  0.080731  -0.006923  0.996739  0.036485  -0.071968  0.066377  0.136358  0.988433  0.045877  -0.989988  0.133492  -0.002150  -0.008768  -0.001080  -0.365275  -0.198587  0.297758  2.000000  
248.716157 -0.003331  0.080719  -0.006926  0.996760  0.036622  -0.071606  0.065967  0.137071  0.988362  0.046010  -0.989884  0.134211  -0.001969  -0.008994  -0.001081  -0.385123  -0.205786  0.294117  2.000000  
248.717285 -0.003333  0.080707  -0.006927  0.996775  0.036899  -0.071257  0.065555  0.137673  0.988306  0.046278  -0.989790  0.134810  -0.001740  -0.009195  -0.001145  -0.403150  -0.217895  0.299144  2.000000  
248.718390 -0.003335  0.080693  -0.006929  0.996790  0.037160  -0.070918  0.065144  0.138514  0.988216  0.046545  -0.989663  0.135649  -0.001583  -0.009476  -0.001293  -0.425352  -0.230585  0.299976  2.000000  
248.719408 -0.003336  0.080683  -0.006931  0.996810  0.037298  -0.070556  0.064733  0.139226  0.988143  0.046679  -0.989558  0.136368  -0.001393  -0.009591  -0.001432  -0.448496  -0.246001  0.304259  2.000000  
248.720640 -0.003337  0.080671  -0.006935  0.996831  0.037721  -0.070033  0.064116  0.140068  0.988064  0.047080  -0.989423  0.137205  -0.001240  -0.009710  -0.001644  -0.468550  -0.256934  0.308194  2.000000  
248.721642 -0.003338  0.080660  -0.006938  0.996832  0.037963  -0.069894  0.063910  0.140796  0.987974  0.047347  -0.989311  0.137924  -0.001157  -0.009873  -0.001855  -0.488929  -0.249379  0.311780  2.000000  
248.722653 -0.003338  0.080651  -0.006940  0.996839  0.038358  -0.069575  0.063499  0.141644  0.987879  0.047748  -0.989174  0.138761  -0.001062  -0.010033  -0.002068  -0.508831  -0.254864  0.321697  2.000000  
248.723892 -0.003338  0.080640  -0.006943  0.996865  0.038643  -0.069039  0.062882  0.142596  0.987781  0.048015  -0.989026  0.139719  -0.000945  -0.010109  -0.002214  -0.532431  -0.268268  0.323668  2.000000  
248.725141 -0.003337  0.080629  -0.006945  0.996878  0.038891  -0.068712  0.062471  0.143675  0.987651  0.048283  -0.988860  0.140797  -0.000849  -0.010169  -0.002284  -0.560427  -0.274881  0.324797  2.000000  
248.726142 -0.003336  0.080620  -0.006947  0.996904  0.039186  -0.068173  0.061855  0.144506  0.987569  0.048550  -0.988728  0.141635  -0.000762  -0.010167  -0.002283  -0.579943  -0.288288  0.326763  2.000000  
248.727142 -0.003337  0.080610  -0.006948  0.996916  0.039443  -0.067843  0.061443  0.145464  0.987454  0.048817  -0.988577  0.142592  -0.000725  -0.010230  -0.002175  -0.599613  -0.295391  0.323376  2.000000  
248.728393 -0.003338  0.080597  -0.006949  0.996928  0.039694  -0.067517  0.061032  0.146542  0.987320  0.049084  -0.988408  0.143669  -0.000693  -0.010207  -0.002041  -0.623443  -0.302539  0.320086  2.000000  
248.729643 -0.003340  0.080584  -0.006950  0.996953  0.039967  -0.066995  0.060415  0.147731  0.987181  0.049352  -0.988220  0.144866  -0.000723  -0.010188  -0.001846  -0.647004  -0.316469  0.317795  2.000000  
248.730893 -0.003342  0.080571  -0.006951  0.996976  0.040249  -0.066467  0.059799  0.148800  0.987058  0.049619  -0.988048  0.145943  -0.000679  -0.010060  -0.001712  -0.667150  -0.323170  0.319137  2.000000  
248.732142 -0.003344  0.080558  -0.006952  0.996981  0.040634  -0.066164  0.059387  0.149884  0.986918  0.050020  -0.987868  0.147019  -0.000730  -0.010070  -0.001692  -0.686653  -0.328959  0.324614  2.000000  
248.733147 -0.003345  0.080547  -0.006955  0.996992  0.040904  -0.065832  0.058976  0.150721  0.986816  0.050287  -0.987730  0.147855  -0.000679  -0.009896  -0.001724  -0.700397  -0.332071  0.323100  2.000000  
248.734398 -0.003346  0.080535  -0.006959  0.997015  0.041182  -0.065312  0.058359  0.151908  0.986670  0.050554  -0.987536  0.149051  -0.000649  -0.009887  -0.001869  -0.718088  -0.342609  0.322585  2.000000  
248.735645 -0.003347  0.080523  -0.006964  0.997030  0.041593  -0.064812  0.057742  0.153102  0.986522  0.050955  -0.987335  0.150246  -0.000628  -0.009805  -0.001982  -0.737496  -0.355881  0.324799  2.000000  
248.736890 -0.003347  0.080512  -0.006969  0.997040  0.041841  -0.064497  0.057331  0.154297  0.986360  0.051222  -0.987138  0.151441  -0.000629  -0.009711  -0.002120  -0.753689  -0.356257  0.320792  2.000000  
248.737893 -0.003347  0.080504  -0.006973  0.997062  0.042138  -0.063969  0.056715  0.155243  0.986247  0.051490  -0.986977  0.152397  -0.000629  -0.009644  -0.002159  -0.764826  -0.369461  0.322905  2.000000  
248.739140 -0.003346  0.080494  -0.006977  0.997064  0.042521  -0.063676  0.056303  0.156444  0.986081  0.051891  -0.986771  0.153591  -0.000586  -0.009580  -0.002255  -0.780962  -0.369846  0.318911  2.000000  
248.740160 -0.003346  0.080486  -0.006980  0.997067  0.042919  -0.063373  0.055891  0.157406  0.985951  0.052291  -0.986601  0.154545  -0.000603  -0.009532  -0.002347  -0.798890  -0.372365  0.321601  2.000000  
248.741392 -0.003345  0.080475  -0.006982  0.997080  0.043335  -0.062879  0.055274  0.158597  0.985795  0.052692  -0.986392  0.155739  -0.000609  -0.009543  -0.002373  -0.812539  -0.375370  0.324881  2.000000  
248.742394 -0.003346  0.080465  -0.006983  0.997100  0.043629  -0.062359  0.054658  0.159661  0.985658  0.052959  -0.986207  0.156813  -0.000577  -0.009454  -0.002398  -0.831428  -0.386515  0.320182  2.000000  
248.743398 -0.003347  0.080456  -0.006984  0.997101  0.044015  -0.062070  0.054246  0.160860  0.985485  0.053360  -0.985995  0.158006  -0.000596  -0.009418  -0.002373  -0.847156  -0.385341  0.324838  2.000000  
248.744650 -0.003347  0.080444  -0.006985  0.997113  0.044427  -0.061584  0.053629  0.162169  0.985305  0.053761  -0.985762  0.159318  -0.000446  -0.009315  -0.002378  -0.862876  -0.391113  0.330681  2.000000  
248.745650 -0.003347  0.080434  -0.006986  0.997113  0.044822  -0.061291  0.053217  0.163247  0.985149  0.054162  -0.985567  0.160390  -0.000369  -0.009280  -0.002376  -0.875982  -0.387032  0.332728  2.000000  
248.746899 -0.003348  0.080422  -0.006987  0.997113  0.045196  -0.061015  0.052805  0.164683  0.984932  0.054563  -0.985311  0.161821  -0.000265  -0.009195  -0.002365  -0.903928  -0.384098  0.340954  2.000000  
248.748146 -0.003348  0.080411  -0.006989  0.997116  0.045736  -0.060560  0.052188  0.166116  0.984724  0.055097  -0.985045  0.163250  -0.000207  -0.009125  -0.002266  -0.919472  -0.387352  0.349692  2.000000  
248.749392 -0.003347  0.080400  -0.006990  0.997119  0.046285  -0.060101  0.051571  0.167429  0.984534  0.055632  -0.984797  0.164560  -0.000070  -0.008979  -0.002025  -0.932207  -0.388802  0.361695  2.000000  
248.750395 -0.003346  0.080392  -0.006991  0.997117  0.046676  -0.059818  0.051159  0.168624  0.984352  0.056032  -0.984575  0.165750  0.000023  -0.008889  -0.001776  -0.951784  -0.384577  0.363831  2.000000  
248.751656 -0.003345  0.080383  -0.006991  0.997116  0.047061  -0.059542  0.050747  0.169939  0.984147  0.056433  -0.984330  0.167060  0.000160  -0.008774  -0.001472  -0.963563  -0.384039  0.364168  2.000000  
248.752889 -0.003342  0.080374  -0.006991  0.997117  0.047606  -0.059093  0.050130  0.171368  0.983931  0.056967  -0.984056  0.168488  0.000329  -0.008697  -0.001218  -0.979655  -0.389863  0.370274  2.000000  
248.753892 -0.003341  0.080366  -0.006992  0.997114  0.048007  -0.058808  0.049718  0.172442  0.983764  0.057368  -0.983849  0.169558  0.000376  -0.008635  -0.001019  -0.987674  -0.388804  0.375099  2.000000  
248.755137 -0.003339  0.080357  -0.006992  0.997122  0.048423  -0.058339  0.049101  0.173864  0.983545  0.057769  -0.983578  0.170986  0.000443  -0.008619  -0.000844  -0.999386  -0.390588  0.382377  2.000000  
248.756138 -0.003338  0.080348  -0.006994  0.997129  0.048861  -0.057853  0.048484  0.174927  0.983387  0.058170  -0.983368  0.172055  0.000517  -0.008616  -0.000785  -1.007341  -0.389515  0.387166  2.000000  
248.757142 -0.003337  0.080338  -0.006994  0.997133  0.049133  -0.057548  0.048073  0.175993  0.983217  0.058437  -0.983165  0.173126  0.000605  -0.008629  -0.000761  -1.011402  -0.392251  0.390792  2.000000  
248.758391 -0.003335  0.080326  -0.006996  0.997149  0.049590  -0.056880  0.047251  0.177402  0.983004  0.058837  -0.982888  0.174553  0.000750  -0.008633  -0.000786  -1.022413  -0.401393  0.394614  2.000000  
248.759646 -0.003334  0.080314  -0.006998  0.997146  0.050143  -0.056439  0.046633  0.178827  0.982775  0.059372  -0.982602  0.175978  0.000870  -0.008679  -0.000818  -1.034946  -0.395809  0.406132  2.000000  
248.760891 -0.003332  0.080301  -0.006998  0.997151  0.050566  -0.055976  0.046016  0.180244  0.982545  0.059772  -0.982321  0.177404  0.001022  -0.008708  -0.000832  -1.042323  -0.398190  0.408873  2.000000  
248.762138 -0.003330  0.080288  -0.006998  0.997155  0.050990  -0.055515  0.045399  0.181661  0.982313  0.060173  -0.982038  0.178829  0.001169  -0.008770  -0.000662  -1.053939  -0.404439  0.410516  2.000000  
248.763142 -0.003328  0.080278  -0.006997  0.997159  0.051429  -0.055042  0.044782  0.182838  0.982123  0.060574  -0.981797  0.180016  0.001286  -0.008803  -0.000564  -1.065551  -0.410042  0.416464  2.000000  
248.764436 -0.003325  0.080267  -0.006996  0.997162  0.051856  -0.054584  0.044166  0.184253  0.981886  0.060974  -0.981510  0.181440  0.001481  -0.008890  -0.000448  -1.073633  -0.412603  0.420297  2.000000  
248.765645 -0.003322  0.080255  -0.006995  0.997156  0.052416  -0.054151  0.043548  0.185673  0.981646  0.061509  -0.981213  0.182863  0.001622  -0.009031  -0.000318  -1.081868  -0.410636  0.429820  2.000000  
248.766650 -0.003319  0.080246  -0.006994  0.997149  0.052827  -0.053877  0.043137  0.186740  0.981462  0.061909  -0.980988  0.183929  0.001702  -0.009145  -0.000210  -1.085667  -0.409384  0.434627  2.000000  
248.767894 -0.003316  0.080234  -0.006993  0.997151  0.053258  -0.053423  0.042520  0.188153  0.981219  0.062310  -0.980695  0.185352  0.001758  -0.009368  -0.000083  -1.093763  -0.408844  0.435226  2.000000  
248.769141 -0.003313  0.080220  -0.006993  0.997143  0.053822  -0.052994  0.041902  0.189570  0.980973  0.062844  -0.980391  0.186773  0.001790  -0.009627  -0.000038  -1.101981  -0.407591  0.440315  2.000000  
248.770388 -0.003312  0.080206  -0.006993  0.997152  0.054295  -0.052340  0.041080  0.190969  0.980736  0.063245  -0.980093  0.188195  0.001815  -0.009877  -0.000024  -1.108543  -0.416586  0.444093  2.000000  
248.771391 -0.003310  0.080195  -0.006994  0.997152  0.054573  -0.052053  0.040669  0.192147  0.980523  0.063512  -0.979848  0.189381  0.001817  -0.010053  0.000022  -1.115943  -0.416666  0.439942  2.000000  
248.772653 -0.003309  0.080180  -0.006995  0.997151  0.055016  -0.051597  0.040052  0.193437  0.980295  0.063912  -0.979569  0.190683  0.001856  -0.010265  0.000045  -1.111767  -0.416064  0.440546  2.000000  
248.773897 -0.003308  0.080164  -0.006995  0.997150  0.055453  -0.051149  0.039435  0.194846  0.980041  0.064313  -0.979265  0.192104  0.001813  -0.010465  0.000108  -1.115679  -0.415462  0.441149  2.000000  
248.775143 -0.003306  0.080149  -0.006995  0.997149  0.055893  -0.050702  0.038818  0.196253  0.979785  0.064713  -0.978959  0.193524  0.001807  -0.010665  0.000200  -1.115625  -0.414860  0.441807  2.000000  
248.776393 -0.003305  0.080134  -0.006996  0.997155  0.056209  -0.050223  0.038202  0.197536  0.979551  0.064980  -0.978683  0.194826  0.001778  -0.010816  0.000174  -1.111153  -0.422634  0.434896  2.000000  
248.777394 -0.003303  0.080122  -0.006996  0.997152  0.056669  -0.049758  0.037585  0.198585  0.979363  0.065381  -0.978444  0.195890  0.001759  -0.010960  0.000102  -1.110629  -0.422023  0.435227  2.000000  
248.778742 -0.003301  0.080107  -0.006997  0.997158  0.056982  -0.049289  0.036968  0.199985  0.979101  0.065648  -0.978141  0.197310  0.001712  -0.011061  -0.000011  -1.107773  -0.425023  0.429219  2.000000  
248.779893 -0.003299  0.080092  -0.006998  0.997154  0.057427  -0.048847  0.036352  0.201389  0.978837  0.066048  -0.977826  0.198728  0.001644  -0.011399  -0.000185  -1.114672  -0.433353  0.427997  2.000000  
248.781143 -0.003297  0.080076  -0.006999  0.997142  0.057825  -0.048615  0.035940  0.202923  0.978535  0.066449  -0.977486  0.200265  0.001559  -0.011635  -0.000369  -1.119257  -0.426012  0.427490  2.000000  
248.782391 -0.003295  0.080060  -0.007000  0.997138  0.058272  -0.048176  0.035323  0.204325  0.978266  0.066849  -0.977167  0.201682  0.001495  -0.011875  -0.000459  -1.118919  -0.433122  0.425090  2.000000  
248.783393 -0.003293  0.080047  -0.007001  0.997132  0.058739  -0.047717  0.034706  0.205371  0.978069  0.067250  -0.976920  0.202743  0.001441  -0.012133  -0.000567  -1.118130  -0.432418  0.425337  2.000000  
248.784395 -0.003293  0.080033  -0.007002  0.997129  0.059027  -0.047440  0.034295  0.206542  0.977837  0.067517  -0.976656  0.203924  0.001342  -0.012341  -0.000618  -1.122423  -0.432909  0.421561  2.000000  
248.785396 -0.003292  0.080018  -0.007003  0.997115  0.059447  -0.047191  0.033884  0.207716  0.977602  0.067917  -0.976381  0.205103  0.001293  -0.012572  -0.000642  -1.125893  -0.431396  0.426309  2.000000  
248.786656 -0.003291  0.079999  -0.007003  0.997109  0.059898  -0.046757  0.033267  0.209116  0.977325  0.068318  -0.976055  0.206518  0.001226  -0.012831  -0.000575  -1.125884  -0.424756  0.421127  2.000000  
248.787896 -0.003290  0.079981  -0.007002  0.997102  0.060352  -0.046324  0.032650  0.210514  0.977046  0.068718  -0.975726  0.207933  0.001233  -0.013039  -0.000516  -1.125836  -0.424187  0.421799  2.000000  
248.789146 -0.003289  0.079962  -0.007003  0.997103  0.060682  -0.045857  0.032034  0.211788  0.976790  0.068985  -0.975430  0.209231  0.001189  -0.013300  -0.000529  -1.121650  -0.424477  0.417997  2.000000  
248.790151 -0.003288  0.079947  -0.007003  0.997098  0.060980  -0.045577  0.031623  0.212838  0.976576  0.069252  -0.975183  0.210292  0.001190  -0.013468  -0.000481  -1.121828  -0.417188  0.417069  2.000000  
248.791397 -0.003287  0.079929  -0.007004  0.997092  0.061268  -0.045313  0.031212  0.214124  0.976308  0.069519  -0.974883  0.211589  0.001186  -0.013684  -0.000520  -1.113959  -0.411565  0.407516  2.000000  
248.792656 -0.003285  0.079911  -0.007005  0.997083  0.061732  -0.044878  0.030595  0.215400  0.976046  0.069920  -0.974573  0.212883  0.001175  -0.013860  -0.000569  -1.109715  -0.410993  0.408097  2.000000  
248.793903 -0.003283  0.079893  -0.007007  0.997074  0.062202  -0.044436  0.029978  0.216558  0.975809  0.070320  -0.974286  0.214059  0.001228  -0.014080  -0.000671  -1.101224  -0.410382  0.408589  2.000000  
248.795144 -0.003280  0.079876  -0.007010  0.997073  0.062538  -0.043974  0.029362  0.217829  0.975545  0.070587  -0.973981  0.215355  0.001224  -0.014222  -0.000765  -1.097236  -0.411698  0.400449  2.000000  
248.796145 -0.003278  0.079862  -0.007011  0.997066  0.062840  -0.043698  0.028951  0.218875  0.975323  0.070854  -0.973727  0.216414  0.001254  -0.014300  -0.000765  -1.097604  -0.405413  0.395132  2.000000  
248.797395 -0.003276  0.079844  -0.007013  0.997050  0.063263  -0.043468  0.028539  0.220162  0.975046  0.071254  -0.973410  0.217707  0.001265  -0.014424  -0.000819  -1.093936  -0.399054  0.389956  2.000000  
248.798651 -0.003274  0.079826  -0.007013  0.997048  0.063597  -0.043017  0.027923  0.221549  0.974749  0.071521  -0.973073  0.219119  0.001313  -0.014469  -0.000766  -1.097502  -0.399285  0.385981  2.000000  
248.799891 -0.003272  0.079807  -0.007013  0.997046  0.063937  -0.042559  0.027307  0.222817  0.974478  0.071788  -0.972761  0.220413  0.001335  -0.014585  -0.000722  -1.092106  -0.403193  0.380416  2.000000  
248.800891 -0.003271  0.079792  -0.007012  0.997038  0.064248  -0.042279  0.026896  0.223743  0.974277  0.072055  -0.972528  0.221353  0.001413  -0.014582  -0.000617  -1.085172  -0.400231  0.378242  2.000000  
248.802137 -0.003269  0.079773  -0.007011  0.997035  0.064591  -0.041822  0.026279  0.225010  0.974002  0.072322  -0.972213  0.222646  0.001487  -0.014594  -0.000559  -1.080199  -0.396465  0.375646  2.000000  
248.803142 -0.003267  0.079758  -0.007010  0.997026  0.064903  -0.041544  0.025868  0.225936  0.973799  0.072589  -0.971978  0.223585  0.001561  -0.014601  -0.000500  -1.077217  -0.393479  0.373374  2.000000  
248.804393 -0.003264  0.079740  -0.007009  0.997013  0.065383  -0.041112  0.025252  0.227086  0.973547  0.072989  -0.971677  0.224757  0.001653  -0.014584  -0.000389  -1.068283  -0.388878  0.375164  2.000000  
248.805640 -0.003261  0.079721  -0.007008  0.997009  0.065729  -0.040658  0.024636  0.228351  0.973267  0.073256  -0.971358  0.226049  0.001792  -0.014567  -0.000294  -1.068112  -0.389300  0.371313  2.000000  
248.806654 -0.003258  0.079708  -0.007006  0.996989  0.066168  -0.040420  0.024224  0.229396  0.973032  0.073656  -0.971081  0.227102  0.001925  -0.014485  -0.000116  -1.064604  -0.385135  0.373276  2.000000  
248.807662 -0.003254  0.079694  -0.007006  0.996980  0.066484  -0.040145  0.023813  0.230319  0.972824  0.073923  -0.970841  0.228040  0.002018  -0.014460  -0.000004  -1.060000  -0.384594  0.373528  2.000000  
248.808895 -0.003250  0.079677  -0.007005  0.996969  0.066795  -0.039878  0.023402  0.231360  0.972587  0.074190  -0.970573  0.229095  0.002171  -0.014417  0.000177  -1.050363  -0.378172  0.373329  2.000000  
248.809895 -0.003246  0.079664  -0.007004  0.996959  0.067107  -0.039612  0.022992  0.232400  0.972349  0.074457  -0.970303  0.230150  0.002304  -0.014370  0.000408  -1.044700  -0.378182  0.368859  2.000000  
248.811147 -0.003242  0.079647  -0.007003  0.996943  0.067597  -0.039178  0.022375  0.233428  0.972117  0.074857  -0.970022  0.231202  0.002455  -0.014330  0.000602  -1.032191  -0.377663  0.369302  2.000000  
248.812395 -0.003237  0.079630  -0.007001  0.996932  0.067900  -0.038930  0.021964  0.234703  0.971819  0.075124  -0.969693  0.232492  0.002610  -0.014270  0.000740  -1.028958  -0.371562  0.364112  2.000000  
248.813395 -0.003233  0.079616  -0.007000  0.996921  0.068219  -0.038659  0.021553  0.235624  0.971605  0.075391  -0.969447  0.233428  0.002755  -0.014247  0.000849  -1.024300  -0.371010  0.364328  2.000000  
248.814396 -0.003230  0.079602  -0.007000  0.996914  0.068587  -0.038188  0.020937  0.236530  0.971399  0.075658  -0.969200  0.234364  0.002897  -0.014162  0.000889  -1.016300  -0.371701  0.360450  2.000000  
248.815649 -0.003225  0.079584  -0.006998  0.996902  0.068898  -0.037934  0.020526  0.237685  0.971125  0.075925  -0.968896  0.235534  0.003089  -0.014088  0.000925  -1.003561  -0.369094  0.353535  2.000000  
248.816652 -0.003221  0.079570  -0.006997  0.996890  0.069218  -0.037664  0.020115  0.238604  0.970909  0.076191  -0.968647  0.236470  0.003231  -0.014006  0.000965  -0.999420  -0.368729  0.353920  2.000000  
248.817905 -0.003216  0.079552  -0.006996  0.996872  0.069709  -0.037244  0.019499  0.239746  0.970640  0.076592  -0.968330  0.237637  0.003438  -0.013942  0.000967  -0.990819  -0.371103  0.357247  2.000000  
248.819145 -0.003211  0.079535  -0.006994  0.996859  0.070027  -0.036984  0.019088  0.240782  0.970392  0.076858  -0.968050  0.238689  0.003597  -0.013881  0.000974  -0.983352  -0.361097  0.353279  2.000000  
248.820145 -0.003206  0.079522  -0.006992  0.996846  0.070354  -0.036709  0.018677  0.241582  0.970201  0.077125  -0.967827  0.239506  0.003772  -0.013778  0.001033  -0.975289  -0.360797  0.353678  2.000000  
248.821395 -0.003200  0.079505  -0.006990  0.996827  0.070852  -0.036283  0.018061  0.242604  0.969957  0.077525  -0.967535  0.240555  0.003956  -0.013718  0.001104  -0.966449  -0.365974  0.359971  2.000000  
248.822397 -0.003194  0.079493  -0.006988  0.996810  0.071130  -0.036208  0.017856  0.243418  0.969757  0.077792  -0.967310  0.241371  0.004091  -0.013626  0.001179  -0.959343  -0.356302  0.355949  2.000000  
248.823410 -0.003189  0.079480  -0.006986  0.996796  0.071458  -0.035934  0.017445  0.244216  0.969564  0.078059  -0.967084  0.242187  0.004202  -0.013553  0.001298  -0.954434  -0.355703  0.356004  2.000000  
248.824651 -0.003182  0.079465  -0.006983  0.996786  0.071829  -0.035478  0.016829  0.245235  0.969318  0.078326  -0.966799  0.243238  0.004339  -0.013502  0.001385  -0.946440  -0.359224  0.355211  2.000000  
248.825896 -0.003176  0.079448  -0.006981  0.996772  0.072150  -0.035223  0.016418  0.246268  0.969063  0.078592  -0.966513  0.244288  0.004462  -0.013447  0.001506  -0.938791  -0.349295  0.351042  2.000000  
248.826897 -0.003171  0.079435  -0.006978  0.996757  0.072481  -0.034951  0.016007  0.247065  0.968867  0.078859  -0.966284  0.245103  0.004518  -0.013424  0.001589  -0.930465  -0.348923  0.351356  2.000000  
248.828145 -0.003166  0.079418  -0.006976  0.996732  0.072937  -0.034721  0.015596  0.247981  0.968639  0.079259  -0.966015  0.246033  0.004557  -0.013451  0.001623  -0.918655  -0.341821  0.350173  2.000000  
248.829394 -0.003161  0.079401  -0.006974  0.996717  0.073264  -0.034459  0.015186  0.248895  0.968411  0.079526  -0.965756  0.246965  0.004608  -0.013409  0.001695  -0.906347  -0.341421  0.350577  2.000000  
248.830395 -0.003156  0.079387  -0.006973  0.996702  0.073600  -0.034180  0.014775  0.249573  0.968243  0.079793  -0.965555  0.247663  0.004687  -0.013361  0.001697  -0.894817  -0.337304  0.352315  2.000000  
248.831647 -0.003151  0.079370  -0.006972  0.996687  0.073928  -0.033920  0.014364  0.250486  0.968014  0.080060  -0.965293  0.248594  0.004680  -0.013359  0.001690  -0.881979  -0.333896  0.349562  2.000000  
248.832657 -0.003147  0.079356  -0.006971  0.996682  0.074136  -0.033608  0.013954  0.251162  0.967845  0.080193  -0.965102  0.249294  0.004706  -0.013293  0.001696  -0.876118  -0.331441  0.347501  2.000000  
248.833895 -0.003141  0.079339  -0.006969  0.996655  0.074594  -0.033382  0.013543  0.252076  0.967613  0.080593  -0.964828  0.250222  0.004728  -0.013251  0.001697  -0.865967  -0.326493  0.348555  2.000000  
248.834895 -0.003137  0.079326  -0.006968  0.996650  0.074803  -0.033072  0.013132  0.252751  0.967442  0.080726  -0.964635  0.250922  0.004739  -0.013256  0.001664  -0.854306  -0.320589  0.342882  2.000000  
248.835898 -0.003131  0.079313  -0.006967  0.996633  0.075145  -0.032786  0.012722  0.253310  0.967302  0.080993  -0.964462  0.251501  0.004721  -0.013263  0.001609  -0.837945  -0.320308  0.343172  2.000000  
248.836902 -0.003126  0.079300  -0.006966  0.996617  0.075484  -0.032510  0.012311  0.253986  0.967130  0.081260  -0.964258  0.252198  0.004727  -0.013244  0.001565  -0.829570  -0.321055  0.339040  2.000000  
248.838145 -0.003120  0.079284  -0.006964  0.996600  0.075819  -0.032244  0.011900  0.254779  0.966926  0.081527  -0.964022  0.253011  0.004697  -0.013324  0.001463  -0.817461  -0.320785  0.339462  2.000000  
248.839145 -0.003115  0.079270  -0.006963  0.996581  0.076106  -0.032168  0.011695  0.255470  0.966746  0.081793  -0.963817  0.253707  0.004628  -0.013379  0.001433  -0.813753  -0.313790  0.338013  2.000000  
248.840163 -0.003111  0.079257  -0.006962  0.996564  0.076450  -0.031884  0.011284  0.256028  0.966603  0.082060  -0.963642  0.254286  0.004589  -0.013426  0.001331  -0.801178  -0.313421  0.338157  2.000000  
248.841396 -0.003105  0.079239  -0.006960  0.996546  0.076786  -0.031619  0.010874  0.256820  0.966398  0.082327  -0.963404  0.255098  0.004568  -0.013512  0.001335  -0.789606  -0.307566  0.332535  2.000000  
248.842397 -0.003101  0.079225  -0.006958  0.996537  0.076949  -0.031501  0.010669  0.257392  0.966248  0.082460  -0.963238  0.255679  0.004522  -0.013575  0.001268  -0.776513  -0.302761  0.327903  2.000000  
248.843647 -0.003096  0.079206  -0.006957  0.996519  0.077286  -0.031237  0.010258  0.258183  0.966042  0.082727  -0.963000  0.256492  0.004470  -0.013691  0.001264  -0.761330  -0.301304  0.327007  2.000000  
248.844895 -0.003091  0.079188  -0.006954  0.996501  0.077628  -0.030965  0.009848  0.258857  0.965866  0.082993  -0.962791  0.257187  0.004465  -0.013729  0.001313  -0.747422  -0.291911  0.322878  2.000000  
248.845899 -0.003087  0.079173  -0.006952  0.996481  0.077920  -0.030882  0.009642  0.259429  0.965714  0.083260  -0.962614  0.257765  0.004507  -0.013758  0.001354  -0.733662  -0.287334  0.324100  2.000000  
248.847147 -0.003082  0.079155  -0.006950  0.996463  0.078262  -0.030610  0.009232  0.260102  0.965537  0.083527  -0.962404  0.258459  0.004478  -0.013860  0.001405  -0.717710  -0.281416  0.318270  2.000000  
248.848395 -0.003076  0.079137  -0.006948  0.996444  0.078605  -0.030339  0.008821  0.260775  0.965359  0.083793  -0.962194  0.259154  0.004479  -0.013927  0.001470  -0.707842  -0.278913  0.315947  2.000000  
248.849648 -0.003070  0.079120  -0.006945  0.996423  0.078894  -0.030267  0.008616  0.261463  0.965175  0.084060  -0.961984  0.259848  0.004517  -0.013982  0.001548  -0.692114  -0.271970  0.314497  2.000000  
248.850657 -0.003065  0.079106  -0.006943  0.996416  0.079116  -0.029943  0.008206  0.261900  0.965060  0.084193  -0.961847  0.260312  0.004506  -0.014013  0.001608  -0.677671  -0.269445  0.306760  2.000000  
248.851890 -0.003059  0.079089  -0.006942  0.996395  0.079405  -0.029871  0.008000  0.262588  0.964875  0.084460  -0.961635  0.261006  0.004493  -0.014118  0.001619  -0.668269  -0.267103  0.304584  2.000000  
248.852892 -0.003054  0.079074  -0.006940  0.996375  0.079756  -0.029583  0.007590  0.263025  0.964759  0.084727  -0.961487  0.261467  0.004475  -0.014212  0.001634  -0.656091  -0.266910  0.304781  2.000000  
248.853917 -0.003049  0.079060  -0.006938  0.996366  0.079925  -0.029458  0.007385  0.263478  0.964637  0.084860  -0.961349  0.261930  0.004482  -0.014267  0.001662  -0.645828  -0.256506  0.299447  2.000000  
248.855142 -0.003044  0.079041  -0.006936  0.996346  0.080269  -0.029189  0.006974  0.264149  0.964457  0.085127  -0.961136  0.262624  0.004467  -0.014410  0.001720  -0.636774  -0.254309  0.297362  2.000000  
248.856393 -0.003039  0.079022  -0.006934  0.996326  0.080618  -0.028911  0.006564  0.264702  0.964308  0.085393  -0.960954  0.263201  0.004446  -0.014496  0.001734  -0.620513  -0.254049  0.297576  2.000000  
248.857398 -0.003034  0.079006  -0.006931  0.996316  0.080787  -0.028787  0.006359  0.265154  0.964185  0.085527  -0.960816  0.263664  0.004481  -0.014562  0.001821  -0.605726  -0.251531  0.289770  2.000000  
248.858654 -0.003029  0.078986  -0.006928  0.996295  0.081136  -0.028510  0.005948  0.265707  0.964035  0.085793  -0.960633  0.264240  0.004477  -0.014617  0.001888  -0.593272  -0.251237  0.289899  2.000000  
248.859892 -0.003024  0.078967  -0.006925  0.996286  0.081360  -0.028188  0.005538  0.266142  0.963918  0.085926  -0.960494  0.264703  0.004497  -0.014757  0.001979  -0.580399  -0.250203  0.283430  2.000000  
248.861142 -0.003018  0.078947  -0.006921  0.996265  0.081710  -0.027911  0.005128  0.266695  0.963767  0.086193  -0.960311  0.265280  0.004490  -0.014862  0.002097  -0.568158  -0.249961  0.283612  2.000000  
248.862143 -0.003014  0.078931  -0.006918  0.996243  0.082012  -0.027814  0.004922  0.267030  0.963676  0.086460  -0.960192  0.265623  0.004508  -0.014938  0.002127  -0.556514  -0.243191  0.281980  2.000000  
248.863164 -0.003010  0.078915  -0.006915  0.996234  0.082240  -0.027482  0.004512  0.267347  0.963590  0.086593  -0.960084  0.265969  0.004508  -0.015027  0.002209  -0.541034  -0.239417  0.278236  2.000000  
248.864393 -0.003004  0.078896  -0.006912  0.996211  0.082539  -0.027395  0.004307  0.267799  0.963465  0.086860  -0.959933  0.266429  0.004492  -0.015163  0.002268  -0.528677  -0.236224  0.280521  2.000000  
248.865641 -0.002998  0.078877  -0.006908  0.996190  0.082893  -0.027110  0.003897  0.268233  0.963346  0.087126  -0.959781  0.266888  0.004477  -0.015328  0.002342  -0.517102  -0.230621  0.274633  2.000000  
248.866641 -0.002994  0.078861  -0.006906  0.996179  0.083066  -0.026978  0.003692  0.268567  0.963254  0.087259  -0.959673  0.267234  0.004405  -0.015456  0.002417  -0.508965  -0.230480  0.274739  2.000000  
248.867646 -0.002990  0.078844  -0.006903  0.996157  0.083427  -0.026673  0.003281  0.268768  0.963199  0.087526  -0.959585  0.267461  0.004368  -0.015577  0.002513  -0.492636  -0.230305  0.274807  2.000000  
248.868893 -0.002985  0.078824  -0.006899  0.996146  0.083598  -0.026551  0.003076  0.269218  0.963074  0.087659  -0.959444  0.267923  0.004309  -0.015762  0.002604  -0.481053  -0.224696  0.268880  2.000000  
248.870138 -0.002980  0.078803  -0.006896  0.996123  0.083956  -0.026257  0.002666  0.269535  0.962987  0.087926  -0.959324  0.268266  0.004265  -0.015861  0.002696  -0.465132  -0.225864  0.264908  2.000000  
248.871140 -0.002977  0.078786  -0.006893  0.996113  0.084189  -0.025916  0.002256  0.269734  0.962932  0.088059  -0.959247  0.268496  0.004183  -0.015999  0.002777  -0.448042  -0.232190  0.266648  2.000000  
248.872394 -0.002973  0.078764  -0.006889  0.996090  0.084548  -0.025623  0.001846  0.270050  0.962844  0.088326  -0.959127  0.268838  0.004126  -0.016142  0.002851  -0.435767  -0.232004  0.266734  2.000000  
248.873395 -0.002969  0.078747  -0.006886  0.996067  0.084854  -0.025517  0.001640  0.270267  0.962784  0.088592  -0.959039  0.269065  0.004051  -0.016271  0.002890  -0.419544  -0.227143  0.267275  2.000000  
248.874397 -0.002966  0.078729  -0.006882  0.996055  0.085087  -0.025177  0.001230  0.270466  0.962729  0.088725  -0.958962  0.269294  0.003979  -0.016354  0.002909  -0.406629  -0.234845  0.264834  2.000000  
248.875648 -0.002963  0.078707  -0.006879  0.996032  0.085390  -0.025082  0.001025  0.270799  0.962635  0.088992  -0.958841  0.269637  0.003850  -0.016516  0.002905  -0.394920  -0.228049  0.263139  2.000000  
248.876895 -0.002959  0.078686  -0.006875  0.996008  0.085808  -0.024580  0.000410  0.270980  0.962585  0.089259  -0.958753  0.269863  0.003750  -0.016641  0.002910  -0.377957  -0.234575  0.265091  2.000000  
248.877895 -0.002956  0.078668  -0.006872  0.995985  0.086115  -0.024475  0.000205  0.271196  0.962524  0.089525  -0.958664  0.270089  0.003659  -0.016807  0.002928  -0.365608  -0.234432  0.265162  2.000000  
248.879235 -0.002952  0.078646  -0.006868  0.995961  0.086477  -0.024172  -0.000205  0.271393  0.962468  0.089792  -0.958576  0.270315  0.003490  -0.016840  0.002936  -0.348164  -0.232384  0.268778  2.000000  
248.880400 -0.002949  0.078623  -0.006864  0.995936  0.086839  -0.023869  -0.000615  0.271591  0.962413  0.090058  -0.958487  0.270541  0.003341  -0.017146  0.002976  -0.337021  -0.233044  0.269779  2.000000  
248.881647 -0.002945  0.078601  -0.006860  0.995912  0.087205  -0.023556  -0.001025  0.271672  0.962389  0.090325  -0.958431  0.270651  0.003192  -0.017338  0.003055  -0.315803  -0.239459  0.271592  2.000000  
248.882658 -0.002944  0.078583  -0.006856  0.995899  0.087442  -0.023207  -0.001435  0.271752  0.962366  0.090458  -0.958386  0.270764  0.003040  -0.017449  0.003070  -0.303413  -0.240493  0.267242  2.000000  
248.883893 -0.002941  0.078559  -0.006852  0.995874  0.087805  -0.022904  -0.001845  0.271949  0.962310  0.090724  -0.958297  0.270989  0.002860  -0.017670  0.003131  -0.292538  -0.244110  0.271593  2.000000  
248.885142 -0.002940  0.078535  -0.006848  0.995849  0.088171  -0.022591  -0.002255  0.272029  0.962286  0.090991  -0.958241  0.271099  0.002682  -0.017905  0.003201  -0.270169  -0.245783  0.273727  2.000000  
248.886387 -0.002938  0.078511  -0.006843  0.995823  0.088592  -0.022080  -0.002870  0.272091  0.962267  0.091257  -0.958185  0.271209  0.002497  -0.018052  0.003208  -0.255198  -0.250324  0.273455  2.000000  
248.887390 -0.002938  0.078491  -0.006840  0.995797  0.088961  -0.021757  -0.003280  0.272054  0.962277  0.091524  -0.958161  0.271202  0.002324  -0.018232  0.003220  -0.238367  -0.255659  0.279666  2.000000  
248.888637 -0.002937  0.078466  -0.006836  0.995772  0.089327  -0.021444  -0.003690  0.272133  0.962253  0.091790  -0.958105  0.271312  0.002125  -0.018463  0.003226  -0.222172  -0.255628  0.279843  2.000000  
248.889641 -0.002936  0.078446  -0.006833  0.995745  0.089695  -0.021120  -0.004100  0.272095  0.962262  0.092057  -0.958081  0.271305  0.001947  -0.018625  0.003228  -0.209258  -0.260832  0.285887  2.000000  
248.890653 -0.002937  0.078425  -0.006830  0.995720  0.090007  -0.020995  -0.004305  0.272075  0.962266  0.092323  -0.958057  0.271298  0.001718  -0.018813  0.003245  -0.191062  -0.256162  0.286368  2.000000  
248.891894 -0.002936  0.078400  -0.006826  0.995692  0.090432  -0.020473  -0.004920  0.272018  0.962280  0.092590  -0.958033  0.271291  0.001513  -0.019025  0.003292  -0.176742  -0.259458  0.290283  2.000000  
248.893140 -0.002937  0.078375  -0.006822  0.995665  0.090800  -0.020149  -0.005329  0.271980  0.962288  0.092856  -0.958010  0.271285  0.001217  -0.019260  0.003317  -0.160604  -0.259579  0.290567  2.000000  
248.894141 -0.002937  0.078354  -0.006818  0.995638  0.091168  -0.019826  -0.005739  0.271941  0.962297  0.093123  -0.957986  0.271278  0.001010  -0.019602  0.003377  -0.147673  -0.264708  0.296539  2.000000  
248.895388 -0.002938  0.078328  -0.006812  0.995609  0.091593  -0.019304  -0.006354  0.271883  0.962309  0.093389  -0.957962  0.271271  0.000711  -0.019692  0.003470  -0.130789  -0.271207  0.298445  2.000000  
248.896392 -0.002939  0.078308  -0.006808  0.995582  0.091963  -0.018969  -0.006764  0.271727  0.962351  0.093655  -0.957970  0.271148  0.000478  -0.019872  0.003530  -0.110774  -0.280036  0.302839  2.000000  
248.897645 -0.002941  0.078280  -0.006803  0.995540  0.092516  -0.018484  -0.007378  0.271667  0.962363  0.094055  -0.957934  0.271138  0.000192  -0.020168  0.003580  -0.101031  -0.283047  0.306507  2.000000  
248.898891 -0.002944  0.078253  -0.006798  0.995499  0.093014  -0.018185  -0.007788  0.271509  0.962404  0.094455  -0.957931  0.271011  -0.000166  -0.020395  0.003652  -0.080096  -0.287154  0.316999  2.000000  
