1-Time 2-Px 3-Py 4-Pz 5-R11 6-R21 7-R31 8-R12 9-R22 10-R32 11-R13 12-R23 13-R33 14-Vx 15-Vy 16-Vz 17-Wx 18-Wy 19-Wz 20-state 21-PR11 22-PR21 23-PR31 24-PR12 25-PR22 26-PR32 27-PR13 28-PR23 29-PR33 
13.682688 -0.006238  0.081980  -0.011250  0.983958  0.173109  -0.043120  -0.171666  0.984525  0.035223  0.048550  -0.027256  0.998449  0.000871  0.000512  -0.001518  0.000000  0.000000  0.000000  2.000000  
13.683905 -0.006237  0.081979  -0.011252  0.983923  0.173312  -0.043112  -0.171868  0.984490  0.035232  0.048550  -0.027256  0.998449  0.000839  0.000438  -0.001495  0.000000  0.000000  0.000000  2.000000  
13.684911 -0.006239  0.081976  -0.011254  0.983739  0.174329  -0.043208  -0.172880  0.984310  0.035300  0.048683  -0.027256  0.998442  0.000649  0.000183  -0.001557  0.000000  0.000000  0.000000  2.000000  
13.686155 -0.006243  0.081970  -0.011258  0.983518  0.175554  -0.043274  -0.174094  0.984089  0.035496  0.048817  -0.027377  0.998432  0.000324  -0.000283  -0.001677  0.000000  0.000000  0.000000  2.000000  
13.687159 -0.006245  0.081965  -0.011260  0.983375  0.176369  -0.043224  -0.174903  0.983940  0.035651  0.048817  -0.027498  0.998429  0.000118  -0.000640  -0.001739  0.000000  0.000000  0.000000  2.000000  
13.688404 -0.006248  0.081959  -0.011263  0.983230  0.177185  -0.043173  -0.175713  0.983790  0.035806  0.048817  -0.027619  0.998426  -0.000132  -0.001092  -0.001774  0.000000  0.000000  0.000000  2.000000  
13.689405 -0.006250  0.081953  -0.011265  0.983072  0.178007  -0.043385  -0.176520  0.983638  0.036008  0.049084  -0.027740  0.998409  -0.000384  -0.001481  -0.001775  0.000000  0.000000  0.000000  2.000000  
13.690421 -0.006253  0.081949  -0.011266  0.982877  0.179032  -0.043589  -0.177530  0.983449  0.036219  0.049352  -0.027861  0.998393  -0.000676  -0.001865  -0.001743  0.030194  0.021433  0.201005  2.000000  
13.691657 -0.006258  0.081944  -0.011268  0.982601  0.180466  -0.043909  -0.178943  0.983183  0.036473  0.049753  -0.027981  0.998370  -0.001037  -0.002225  -0.001738  0.036704  0.033577  0.249819  2.000000  
13.692905 -0.006263  0.081939  -0.011270  0.982285  0.182101  -0.044221  -0.180557  0.982878  0.036737  0.050153  -0.028102  0.998346  -0.001430  -0.002563  -0.001779  0.043560  0.045513  0.305439  2.000000  
13.693916 -0.006267  0.081934  -0.011274  0.982011  0.183525  -0.044430  -0.181970  0.982613  0.036849  0.050421  -0.028101  0.998333  -0.001818  -0.002948  -0.001938  0.045985  0.053148  0.353949  2.000000  
13.695159 -0.006272  0.081930  -0.011277  0.981703  0.185152  -0.044479  -0.183586  0.982305  0.037066  0.050554  -0.028222  0.998322  -0.002204  -0.003267  -0.002047  0.052834  0.056094  0.409383  2.000000  
13.696416 -0.006276  0.081926  -0.011280  0.981392  0.186773  -0.044549  -0.185201  0.981998  0.037164  0.050688  -0.028222  0.998316  -0.002575  -0.003628  -0.002133  0.055177  0.058596  0.461166  2.000000  
13.697658 -0.006281  0.081920  -0.011283  0.981002  0.188798  -0.044603  -0.187220  0.981610  0.037281  0.050822  -0.028222  0.998309  -0.002927  -0.004004  -0.002189  0.058603  0.061134  0.529682  2.000000  
13.698661 -0.006286  0.081913  -0.011285  0.980718  0.190220  -0.044812  -0.188631  0.981336  0.037395  0.051089  -0.028222  0.998295  -0.003356  -0.004464  -0.002221  0.061567  0.069282  0.582628  2.000000  
13.699935 -0.006294  0.081903  -0.011288  0.980354  0.192045  -0.045005  -0.190445  0.980980  0.037529  0.051356  -0.028221  0.998282  -0.003706  -0.004839  -0.002202  0.064699  0.076477  0.644479  2.000000  
13.701159 -0.006301  0.081893  -0.011289  0.979979  0.193874  -0.045328  -0.192257  0.980621  0.037690  0.051757  -0.028221  0.998261  -0.003923  -0.005120  -0.002071  0.068018  0.088315  0.707691  2.000000  
13.702424 -0.006307  0.081881  -0.011290  0.979687  0.195299  -0.045512  -0.193667  0.980334  0.037926  0.052024  -0.028341  0.998244  -0.004118  -0.005525  -0.001937  0.074576  0.095853  0.755805  2.000000  
13.703660 -0.006312  0.081867  -0.011290  0.979353  0.196921  -0.045712  -0.195277  0.980010  0.038053  0.052291  -0.028341  0.998230  -0.004257  -0.006020  -0.001788  0.077496  0.103339  0.811594  2.000000  
13.704907 -0.006316  0.081852  -0.011290  0.978976  0.198750  -0.045879  -0.197089  0.979637  0.038309  0.052559  -0.028462  0.998212  -0.004298  -0.006622  -0.001678  0.084850  0.110573  0.874241  2.000000  
13.706160 -0.006319  0.081837  -0.011292  0.978595  0.200572  -0.046070  -0.198899  0.979265  0.038447  0.052826  -0.028461  0.998198  -0.004189  -0.007291  -0.001665  0.088120  0.117823  0.936628  2.000000  
13.707407 -0.006320  0.081822  -0.011294  0.978218  0.202390  -0.046129  -0.200711  0.978891  0.038559  0.052959  -0.028461  0.998191  -0.003987  -0.007910  -0.001633  0.090603  0.119605  0.990831  2.000000  
13.708411 -0.006322  0.081809  -0.011296  0.977962  0.203602  -0.046212  -0.201917  0.978640  0.038643  0.053093  -0.028461  0.998184  -0.003801  -0.008528  -0.001590  0.093496  0.123890  1.040240  2.000000  
13.709411 -0.006325  0.081796  -0.011298  0.977747  0.204613  -0.046303  -0.202923  0.978429  0.038718  0.053227  -0.028461  0.998177  -0.003672  -0.009093  -0.001527  0.094581  0.126424  1.066501  2.000000  
13.710660 -0.006327  0.081779  -0.011301  0.977412  0.206225  -0.046239  -0.204533  0.978091  0.038794  0.053227  -0.028461  0.998177  -0.003589  -0.010054  -0.001483  0.098145  0.125881  1.130188  2.000000  
13.711664 -0.006329  0.081766  -0.011304  0.977151  0.207431  -0.046347  -0.205738  0.977839  0.038760  0.053360  -0.028339  0.998173  -0.003474  -0.010706  -0.001515  0.096248  0.129272  1.171597  2.000000  
13.712910 -0.006333  0.081749  -0.011307  0.976889  0.208636  -0.046455  -0.206944  0.977586  0.038727  0.053494  -0.028218  0.998169  -0.003354  -0.011382  -0.001537  0.093623  0.131637  1.203564  2.000000  
13.714159 -0.006339  0.081731  -0.011311  0.976676  0.209631  -0.046466  -0.207949  0.977380  0.038537  0.053494  -0.027976  0.998176  -0.003244  -0.011968  -0.001630  0.087023  0.127983  1.227067  2.000000  
13.715163 -0.006344  0.081717  -0.011311  0.976511  0.210427  -0.046330  -0.208755  0.977213  0.038429  0.053360  -0.027855  0.998187  -0.003180  -0.012347  -0.001540  0.078438  0.123682  1.220073  2.000000  
13.716412 -0.006351  0.081699  -0.011313  0.976303  0.211423  -0.046185  -0.209761  0.977001  0.038330  0.053227  -0.027734  0.998197  -0.003258  -0.012829  -0.001569  0.069928  0.114877  1.212835  2.000000  
13.717416 -0.006357  0.081685  -0.011313  0.976086  0.212418  -0.046197  -0.210766  0.976792  0.038141  0.053227  -0.027492  0.998204  -0.003357  -0.013050  -0.001549  0.058041  0.114736  1.219485  2.000000  
13.718660 -0.006366  0.081666  -0.011314  0.975876  0.213414  -0.046053  -0.211772  0.976578  0.038042  0.053093  -0.027371  0.998214  -0.003615  -0.013409  -0.001556  0.050255  0.105582  1.226418  2.000000  
13.719906 -0.006376  0.081648  -0.011314  0.975701  0.214207  -0.046074  -0.212576  0.976411  0.037843  0.053093  -0.027129  0.998221  -0.003999  -0.013645  -0.001595  0.037847  0.096885  1.219581  2.000000  
13.721159 -0.006387  0.081629  -0.011315  0.975570  0.214799  -0.046102  -0.213178  0.976288  0.037634  0.053093  -0.026887  0.998228  -0.004530  -0.013905  -0.001557  0.028628  0.083407  1.188376  2.000000  
13.722422 -0.006398  0.081609  -0.011316  0.975387  0.215595  -0.046254  -0.213980  0.976119  0.037464  0.053227  -0.026644  0.998227  -0.005249  -0.014183  -0.001448  0.015240  0.071601  1.162781  2.000000  
13.723656 -0.006411  0.081590  -0.011316  0.975210  0.216387  -0.046276  -0.214783  0.975951  0.037265  0.053227  -0.026402  0.998233  -0.005947  -0.014405  -0.001267  0.001380  0.063684  1.128984  2.000000  
13.724656 -0.006422  0.081575  -0.011317  0.975033  0.217180  -0.046298  -0.215586  0.975781  0.037067  0.053227  -0.026160  0.998240  -0.006499  -0.014574  -0.001172  -0.011045  0.058945  1.112520  2.000000  
13.725657 -0.006433  0.081558  -0.011318  0.974951  0.217567  -0.046205  -0.215989  0.975701  0.036820  0.053093  -0.025918  0.998253  -0.007072  -0.014758  -0.001137  -0.020552  0.050892  1.084586  2.000000  
13.726659 -0.006446  0.081541  -0.011321  0.974824  0.218155  -0.046105  -0.216593  0.975576  0.036583  0.052959  -0.025676  0.998267  -0.007768  -0.014982  -0.001179  -0.030064  0.042849  1.056961  2.000000  
13.727666 -0.006460  0.081523  -0.011325  0.974691  0.218741  -0.046162  -0.217195  0.975455  0.036257  0.052959  -0.025313  0.998276  -0.008577  -0.015284  -0.001219  -0.044618  0.040005  1.023899  2.000000  
13.728909 -0.006479  0.081501  -0.011331  0.974563  0.219323  -0.046089  -0.217799  0.975333  0.035901  0.052826  -0.024950  0.998292  -0.009488  -0.015595  -0.001381  -0.059312  0.028004  0.975433  2.000000  
13.729912 -0.006495  0.081483  -0.011337  0.974390  0.220106  -0.046009  -0.218603  0.975166  0.035555  0.052692  -0.024587  0.998308  -0.010214  -0.015863  -0.001732  -0.071366  0.019230  0.961063  2.000000  
13.731162 -0.006515  0.081461  -0.011345  0.974255  0.220692  -0.046067  -0.219204  0.975043  0.035228  0.052692  -0.024223  0.998317  -0.011094  -0.016139  -0.002144  -0.086460  0.007334  0.919470  2.000000  
13.732422 -0.006535  0.081439  -0.011353  0.974126  0.221268  -0.046023  -0.219808  0.974924  0.034754  0.052559  -0.023739  0.998336  -0.011888  -0.016370  -0.002682  -0.106991  -0.005398  0.891103  2.000000  
13.733658 -0.006556  0.081418  -0.011362  0.973990  0.221854  -0.046082  -0.220409  0.974800  0.034428  0.052559  -0.023376  0.998344  -0.012676  -0.016548  -0.003211  -0.120802  -0.013266  0.856621  2.000000  
13.734659 -0.006574  0.081401  -0.011370  0.973900  0.222238  -0.046149  -0.220810  0.974721  0.034092  0.052559  -0.023013  0.998353  -0.013432  -0.016744  -0.003744  -0.140539  -0.021015  0.815116  2.000000  
13.735659 -0.006593  0.081383  -0.011378  0.973770  0.222826  -0.046051  -0.221413  0.974592  0.033855  0.052425  -0.022771  0.998365  -0.014134  -0.016905  -0.004277  -0.150501  -0.029018  0.780291  2.000000  
13.736668 -0.006612  0.081365  -0.011386  0.973679  0.223211  -0.046119  -0.221814  0.974513  0.033519  0.052425  -0.022407  0.998373  -0.014825  -0.017084  -0.004799  -0.164474  -0.032487  0.745525  2.000000  
13.737905 -0.006636  0.081344  -0.011396  0.973503  0.223993  -0.046042  -0.222617  0.974341  0.033173  0.052291  -0.022044  0.998389  -0.015633  -0.017265  -0.005485  -0.176013  -0.040663  0.725649  2.000000  
13.738906 -0.006655  0.081326  -0.011404  0.973411  0.224378  -0.046110  -0.223018  0.974261  0.032837  0.052291  -0.021681  0.998396  -0.016129  -0.017356  -0.005869  -0.191506  -0.044502  0.697124  2.000000  
13.740159 -0.006680  0.081304  -0.011414  0.973319  0.224756  -0.046206  -0.223419  0.974184  0.032384  0.052291  -0.021196  0.998407  -0.016984  -0.017493  -0.006534  -0.209570  -0.047964  0.662394  2.000000  
13.741434 -0.006706  0.081282  -0.011425  0.973181  0.225336  -0.046295  -0.224020  0.974061  0.031940  0.052291  -0.020712  0.998417  -0.017575  -0.017512  -0.007022  -0.223432  -0.051376  0.627325  2.000000  
13.742662 -0.006731  0.081260  -0.011437  0.973088  0.225709  -0.046419  -0.224421  0.973987  0.031368  0.052291  -0.020106  0.998429  -0.018073  -0.017547  -0.007497  -0.238951  -0.054719  0.601905  2.000000  
13.743662 -0.006751  0.081242  -0.011447  0.972996  0.226093  -0.046488  -0.224821  0.973906  0.031033  0.052291  -0.019743  0.998437  -0.018440  -0.017540  -0.007834  -0.247805  -0.054254  0.588314  2.000000  
13.744665 -0.006771  0.081225  -0.011458  0.972857  0.226672  -0.046579  -0.225422  0.973781  0.030589  0.052291  -0.019259  0.998446  -0.018695  -0.017483  -0.008191  -0.258707  -0.049650  0.579326  2.000000  
13.745911 -0.006796  0.081203  -0.011472  0.972771  0.227047  -0.046546  -0.225824  0.973703  0.030105  0.052158  -0.018774  0.998462  -0.019029  -0.017461  -0.008628  -0.272111  -0.053495  0.558603  2.000000  
13.746915 -0.006814  0.081186  -0.011483  0.972724  0.227225  -0.046651  -0.226025  0.973670  0.029643  0.052158  -0.018290  0.998471  -0.019215  -0.017446  -0.008974  -0.285418  -0.048344  0.537895  2.000000  
13.748162 -0.006837  0.081165  -0.011498  0.972584  0.227804  -0.046743  -0.226625  0.973544  0.029199  0.052158  -0.017805  0.998480  -0.019336  -0.017415  -0.009364  -0.294775  -0.047698  0.517387  2.000000  
13.749414 -0.006860  0.081144  -0.011513  0.972491  0.228176  -0.046869  -0.227026  0.973468  0.028628  0.052158  -0.017200  0.998491  -0.019367  -0.017376  -0.009694  -0.307670  -0.042661  0.503526  2.000000  
13.750417 -0.006878  0.081127  -0.011525  0.972444  0.228360  -0.046946  -0.227226  0.973431  0.028283  0.052158  -0.016837  0.998497  -0.019339  -0.017342  -0.009940  -0.316513  -0.042230  0.489663  2.000000  
13.751660 -0.006900  0.081106  -0.011540  0.972357  0.228741  -0.046888  -0.227628  0.973348  0.027918  0.052024  -0.016473  0.998510  -0.019207  -0.017285  -0.010233  -0.321057  -0.046438  0.482783  2.000000  
13.752663 -0.006918  0.081088  -0.011552  0.972264  0.229125  -0.046960  -0.228028  0.973264  0.027583  0.052024  -0.016110  0.998516  -0.019121  -0.017281  -0.010535  -0.329850  -0.050512  0.468799  2.000000  
13.753665 -0.006937  0.081071  -0.011564  0.972217  0.229308  -0.047037  -0.228228  0.973227  0.027239  0.052024  -0.015747  0.998522  -0.019061  -0.017305  -0.010831  -0.334695  -0.050084  0.455056  2.000000  
13.754907 -0.006959  0.081049  -0.011578  0.972123  0.229692  -0.047110  -0.228629  0.973142  0.026904  0.052024  -0.015383  0.998527  -0.018896  -0.017328  -0.011100  -0.336420  -0.044940  0.444629  2.000000  
13.756159 -0.006981  0.081027  -0.011592  0.972082  0.229867  -0.047086  -0.228830  0.973108  0.026411  0.051891  -0.014899  0.998542  -0.018722  -0.017365  -0.011319  -0.340528  -0.049199  0.427770  2.000000  
13.757160 -0.006999  0.081010  -0.011602  0.971988  0.230251  -0.047159  -0.229231  0.973023  0.026076  0.051891  -0.014536  0.998547  -0.018530  -0.017296  -0.011324  -0.344905  -0.044420  0.420849  2.000000  
13.758404 -0.007019  0.080989  -0.011615  0.971948  0.230426  -0.047135  -0.229432  0.972988  0.025583  0.051757  -0.014051  0.998561  -0.018227  -0.017178  -0.011354  -0.346846  -0.043604  0.403653  2.000000  
13.759412 -0.007036  0.080973  -0.011624  0.971900  0.230609  -0.047214  -0.229632  0.972950  0.025239  0.051757  -0.013688  0.998566  -0.017966  -0.017072  -0.011277  -0.347557  -0.038729  0.390012  2.000000  
13.760661 -0.007056  0.080954  -0.011635  0.971806  0.230981  -0.047343  -0.230033  0.972870  0.024668  0.051757  -0.013082  0.998574  -0.017651  -0.016882  -0.011099  -0.356310  -0.038278  0.376271  2.000000  
13.761908 -0.007074  0.080936  -0.011646  0.971718  0.231357  -0.047316  -0.230434  0.972787  0.024185  0.051623  -0.012598  0.998587  -0.017318  -0.016698  -0.010865  -0.360043  -0.038159  0.365601  2.000000  
13.762908 -0.007088  0.080921  -0.011655  0.971670  0.231540  -0.047395  -0.230634  0.972748  0.023841  0.051623  -0.012234  0.998592  -0.017055  -0.016520  -0.010635  -0.360430  -0.037906  0.358732  2.000000  
13.763910 -0.007103  0.080907  -0.011663  0.971629  0.231716  -0.047372  -0.230836  0.972713  0.023348  0.051490  -0.011750  0.998604  -0.016820  -0.016388  -0.010414  -0.365543  -0.041920  0.355685  2.000000  
13.765162 -0.007120  0.080890  -0.011672  0.971534  0.232093  -0.047475  -0.231236  0.972628  0.022895  0.051490  -0.011265  0.998610  -0.016438  -0.016090  -0.009999  -0.369311  -0.037361  0.344909  2.000000  
13.766408 -0.007139  0.080872  -0.011682  0.971446  0.232469  -0.047449  -0.231638  0.972544  0.022412  0.051356  -0.010781  0.998622  -0.016212  -0.015919  -0.009710  -0.373943  -0.041616  0.338099  2.000000  
13.767413 -0.007153  0.080857  -0.011690  0.971398  0.232652  -0.047529  -0.231838  0.972504  0.022068  0.051356  -0.010418  0.998626  -0.015940  -0.015726  -0.009436  -0.374476  -0.036749  0.324184  2.000000  
13.768658 -0.007172  0.080838  -0.011700  0.971309  0.233034  -0.047475  -0.232239  0.972417  0.021702  0.051222  -0.010054  0.998637  -0.015671  -0.015519  -0.009122  -0.374916  -0.041024  0.317270  2.000000  
13.769659 -0.007187  0.080822  -0.011709  0.971213  0.233417  -0.047551  -0.232639  0.972328  0.021368  0.051222  -0.009691  0.998640  -0.015435  -0.015378  -0.008890  -0.374875  -0.040904  0.317250  2.000000  
13.770904 -0.007206  0.080802  -0.011719  0.971124  0.233799  -0.047497  -0.233041  0.972240  0.021003  0.051089  -0.009328  0.998651  -0.015315  -0.015305  -0.008660  -0.367860  -0.044904  0.314668  2.000000  
13.771912 -0.007222  0.080786  -0.011727  0.971083  0.233987  -0.047419  -0.233242  0.972197  0.020745  0.050955  -0.009085  0.998660  -0.015185  -0.015190  -0.008508  -0.364127  -0.049159  0.307709  2.000000  
13.772916 -0.007238  0.080770  -0.011735  0.970987  0.234375  -0.047468  -0.233642  0.972106  0.020529  0.050955  -0.008843  0.998662  -0.015070  -0.015143  -0.008288  -0.358962  -0.049450  0.310252  2.000000  
13.774180 -0.007257  0.080750  -0.011744  0.970849  0.234957  -0.047411  -0.234243  0.971969  0.020173  0.050822  -0.008480  0.998672  -0.014997  -0.015105  -0.008111  -0.350712  -0.053777  0.310110  2.000000  
13.775415 -0.007277  0.080731  -0.011754  0.970752  0.235346  -0.047459  -0.234643  0.971877  0.019957  0.050822  -0.008237  0.998674  -0.014977  -0.015160  -0.008037  -0.342738  -0.049192  0.310333  2.000000  
13.776417 -0.007291  0.080716  -0.011762  0.970656  0.235735  -0.047508  -0.235043  0.971785  0.019741  0.050822  -0.007995  0.998676  -0.014980  -0.015171  -0.007989  -0.335936  -0.048703  0.307850  2.000000  
13.777417 -0.007307  0.080701  -0.011770  0.970565  0.236122  -0.047428  -0.235444  0.971692  0.019493  0.050688  -0.007753  0.998684  -0.015051  -0.015198  -0.007965  -0.327443  -0.053128  0.314596  2.000000  
13.778661 -0.007327  0.080682  -0.011779  0.970468  0.236511  -0.047477  -0.235843  0.971600  0.019277  0.050688  -0.007511  0.998686  -0.015206  -0.015283  -0.007917  -0.319364  -0.053015  0.314622  2.000000  
13.779662 -0.007344  0.080666  -0.011788  0.970371  0.236899  -0.047527  -0.236243  0.971507  0.019061  0.050688  -0.007268  0.998688  -0.015350  -0.015392  -0.007960  -0.314240  -0.053259  0.310366  2.000000  
13.780909 -0.007364  0.080647  -0.011798  0.970280  0.237281  -0.047475  -0.236644  0.971417  0.018695  0.050554  -0.006905  0.998697  -0.015541  -0.015460  -0.007983  -0.311307  -0.057247  0.314618  2.000000  
13.782164 -0.007385  0.080628  -0.011807  0.970134  0.237864  -0.047550  -0.237243  0.971277  0.018371  0.050554  -0.006542  0.998700  -0.015717  -0.015521  -0.007910  -0.309583  -0.053187  0.324324  2.000000  
13.783413 -0.007406  0.080608  -0.011816  0.970036  0.238246  -0.047629  -0.237643  0.971185  0.018037  0.050554  -0.006178  0.998702  -0.015895  -0.015554  -0.007845  -0.306625  -0.052698  0.328468  2.000000  
13.784658 -0.007429  0.080588  -0.011825  0.969945  0.238628  -0.047579  -0.238044  0.971094  0.017672  0.050421  -0.005815  0.998711  -0.016125  -0.015582  -0.007766  -0.302545  -0.057009  0.328381  2.000000  
13.785658 -0.007447  0.080571  -0.011833  0.969847  0.239016  -0.047630  -0.238443  0.971000  0.017456  0.050421  -0.005573  0.998713  -0.016321  -0.015669  -0.007750  -0.300990  -0.052882  0.331159  2.000000  
13.786662 -0.007466  0.080553  -0.011841  0.969798  0.239210  -0.047655  -0.238643  0.970952  0.017348  0.050421  -0.005451  0.998713  -0.016490  -0.015776  -0.007746  -0.292874  -0.052809  0.331214  2.000000  
13.787905 -0.007489  0.080531  -0.011851  0.969650  0.239798  -0.047703  -0.239242  0.970809  0.017142  0.050421  -0.005209  0.998714  -0.016720  -0.015913  -0.007737  -0.282005  -0.052317  0.335336  2.000000  
13.788912 -0.007507  0.080513  -0.011860  0.969601  0.239987  -0.047757  -0.239441  0.970763  0.016916  0.050421  -0.004967  0.998716  -0.016920  -0.016061  -0.007834  -0.276191  -0.048127  0.338153  2.000000  
13.790156 -0.007530  0.080491  -0.011871  0.969502  0.240381  -0.047780  -0.239840  0.970667  0.016818  0.050421  -0.004846  0.998716  -0.017175  -0.016263  -0.007912  -0.263629  -0.048091  0.345105  2.000000  
13.791158 -0.007549  0.080472  -0.011880  0.969453  0.240575  -0.047805  -0.240040  0.970619  0.016710  0.050421  -0.004725  0.998717  -0.017419  -0.016500  -0.008018  -0.257818  -0.043117  0.335498  2.000000  
13.792161 -0.007567  0.080453  -0.011889  0.969403  0.240769  -0.047831  -0.240240  0.970572  0.016602  0.050421  -0.004603  0.998717  -0.017637  -0.016740  -0.008105  -0.247818  -0.043389  0.338422  2.000000  
13.793409 -0.007591  0.080430  -0.011901  0.969304  0.241162  -0.047853  -0.240639  0.970474  0.016504  0.050421  -0.004482  0.998718  -0.017870  -0.017056  -0.008226  -0.233579  -0.038454  0.335565  2.000000  
13.794425 -0.007610  0.080411  -0.011910  0.969255  0.241356  -0.047879  -0.240838  0.970427  0.016396  0.050421  -0.004361  0.998719  -0.018046  -0.017302  -0.008283  -0.223146  -0.038646  0.338149  2.000000  
13.795660 -0.007634  0.080387  -0.011922  0.969155  0.241750  -0.047902  -0.241237  0.970329  0.016298  0.050421  -0.004240  0.998719  -0.018259  -0.017666  -0.008379  -0.211045  -0.034065  0.338358  2.000000  
13.796663 -0.007653  0.080367  -0.011930  0.969106  0.241944  -0.047928  -0.241437  0.970281  0.016191  0.050421  -0.004119  0.998720  -0.018461  -0.017964  -0.008485  -0.202870  -0.033980  0.338330  2.000000  
13.797680 -0.007673  0.080348  -0.011939  0.969063  0.242132  -0.047854  -0.241638  0.970236  0.015933  0.050287  -0.003877  0.998727  -0.018633  -0.018197  -0.008541  -0.199075  -0.033808  0.331242  2.000000  
13.798913 -0.007696  0.080323  -0.011949  0.969013  0.242326  -0.047880  -0.241837  0.970188  0.015825  0.050287  -0.003755  0.998728  -0.018750  -0.018514  -0.008626  -0.187298  -0.033678  0.324509  2.000000  
13.800164 -0.007720  0.080299  -0.011959  0.968963  0.242514  -0.047935  -0.242037  0.970142  0.015599  0.050287  -0.003513  0.998729  -0.018827  -0.018756  -0.008657  -0.183681  -0.029052  0.317790  2.000000  
13.801184 -0.007739  0.080279  -0.011966  0.968913  0.242708  -0.047962  -0.242236  0.970094  0.015492  0.050287  -0.003392  0.998729  -0.018855  -0.018900  -0.008637  -0.179844  -0.028933  0.310694  2.000000  
13.802425 -0.007763  0.080254  -0.011975  0.968863  0.242896  -0.048017  -0.242436  0.970047  0.015266  0.050287  -0.003150  0.998730  -0.018857  -0.019039  -0.008555  -0.178462  -0.024172  0.308305  2.000000  
13.803659 -0.007786  0.080230  -0.011984  0.968813  0.243090  -0.048044  -0.242635  0.969999  0.015158  0.050287  -0.003029  0.998730  -0.018881  -0.019235  -0.008386  -0.171071  -0.024018  0.294605  2.000000  
13.804904 -0.007809  0.080205  -0.011992  0.968763  0.243283  -0.048070  -0.242835  0.969951  0.015051  0.050287  -0.002907  0.998731  -0.018841  -0.019353  -0.008237  -0.167418  -0.019468  0.287823  2.000000  
13.805904 -0.007827  0.080185  -0.011998  0.968763  0.243278  -0.048099  -0.242835  0.969953  0.014933  0.050287  -0.002786  0.998731  -0.018842  -0.019447  -0.007994  -0.164082  -0.019343  0.274139  2.000000  
13.806905 -0.007845  0.080165  -0.012004  0.968713  0.243471  -0.048126  -0.243034  0.969904  0.014825  0.050287  -0.002665  0.998731  -0.018815  -0.019545  -0.007818  -0.160387  -0.019257  0.267291  2.000000  
13.808159 -0.007867  0.080140  -0.012011  0.968713  0.243466  -0.048155  -0.243034  0.969906  0.014708  0.050287  -0.002544  0.998732  -0.018701  -0.019633  -0.007489  -0.157047  -0.014676  0.253595  2.000000  
13.809180 -0.007885  0.080120  -0.012018  0.968663  0.243665  -0.048152  -0.243234  0.969856  0.014718  0.050287  -0.002544  0.998732  -0.018621  -0.019737  -0.007317  -0.146329  -0.014704  0.248558  2.000000  
13.810407 -0.007907  0.080094  -0.012025  0.968670  0.243659  -0.048052  -0.243235  0.969858  0.014567  0.050153  -0.002423  0.998739  -0.018514  -0.019820  -0.007099  -0.141904  -0.018945  0.232979  2.000000  
13.811415 -0.007924  0.080074  -0.012032  0.968620  0.243859  -0.048049  -0.243435  0.969808  0.014577  0.050153  -0.002423  0.998739  -0.018366  -0.019891  -0.006933  -0.131526  -0.014495  0.221054  2.000000  
13.812422 -0.007941  0.080053  -0.012039  0.968620  0.243853  -0.048079  -0.243435  0.969809  0.014460  0.050153  -0.002302  0.998739  -0.018202  -0.019969  -0.006783  -0.126773  -0.014309  0.212429  2.000000  
13.813666 -0.007962  0.080028  -0.012047  0.968570  0.244047  -0.048106  -0.243634  0.969761  0.014352  0.050153  -0.002181  0.998739  -0.017997  -0.020012  -0.006627  -0.120336  -0.014315  0.200320  2.000000  
13.814909 -0.007983  0.080003  -0.012055  0.968576  0.244046  -0.047976  -0.243636  0.969761  0.014319  0.050020  -0.002181  0.998746  -0.017818  -0.020055  -0.006545  -0.112005  -0.014122  0.185017  2.000000  
13.815912 -0.007999  0.079983  -0.012061  0.968526  0.244240  -0.048003  -0.243835  0.969713  0.014212  0.050020  -0.002059  0.998746  -0.017633  -0.020098  -0.006433  -0.105200  -0.014178  0.179769  2.000000  
13.816912 -0.008015  0.079963  -0.012067  0.968526  0.244240  -0.048003  -0.243835  0.969713  0.014212  0.050020  -0.002059  0.998746  -0.017413  -0.020084  -0.006326  0.000000  0.000000  0.000000  2.000000  
13.818162 -0.008034  0.079939  -0.012074  0.968482  0.244434  -0.047900  -0.244036  0.969664  0.014071  0.049886  -0.001938  0.998753  -0.017147  -0.020020  -0.006251  0.000000  0.000000  0.000000  2.000000  
13.819408 -0.008052  0.079915  -0.012080  0.968482  0.244434  -0.047900  -0.244036  0.969664  0.014071  0.049886  -0.001938  0.998753  -0.016860  -0.019999  -0.006098  0.000000  0.000000  0.000000  2.000000  
13.820410 -0.008067  0.079896  -0.012085  0.968432  0.244628  -0.047927  -0.244236  0.969615  0.013963  0.049886  -0.001817  0.998753  -0.016567  -0.019899  -0.005996  0.000000  0.000000  0.000000  2.000000  
13.821656 -0.008086  0.079873  -0.012091  0.968438  0.244627  -0.047797  -0.244237  0.969615  0.013931  0.049753  -0.001817  0.998760  -0.016385  -0.019809  -0.005896  0.000000  0.000000  0.000000  2.000000  
13.822659 -0.008101  0.079854  -0.012095  0.968388  0.244821  -0.047824  -0.244437  0.969567  0.013823  0.049753  -0.001696  0.998760  -0.016145  -0.019695  -0.005749  0.000000  0.000000  0.000000  2.000000  
13.823660 -0.008115  0.079835  -0.012100  0.968338  0.245021  -0.047821  -0.244636  0.969516  0.013833  0.049753  -0.001696  0.998760  -0.015940  -0.019597  -0.005672  0.000000  0.000000  0.000000  2.000000  
13.824910 -0.008134  0.079812  -0.012106  0.968287  0.245220  -0.047818  -0.244835  0.969466  0.013843  0.049753  -0.001696  0.998760  -0.015681  -0.019478  -0.005519  0.000000  0.000000  0.000000  2.000000  
13.826162 -0.008152  0.079789  -0.012112  0.968287  0.245215  -0.047848  -0.244835  0.969468  0.013725  0.049753  -0.001575  0.998760  -0.015495  -0.019331  -0.005430  0.000000  0.000000  0.000000  2.000000  
13.827162 -0.008166  0.079771  -0.012117  0.968243  0.245414  -0.047716  -0.245036  0.969417  0.013702  0.049619  -0.001575  0.998767  -0.015302  -0.019177  -0.005324  0.000000  0.000000  0.000000  2.000000  
13.828162 -0.008181  0.079752  -0.012123  0.968193  0.245614  -0.047713  -0.245236  0.969367  0.013712  0.049619  -0.001575  0.998767  -0.015171  -0.019061  -0.005267  0.000000  0.000000  0.000000  2.000000  
13.829418 -0.008199  0.079729  -0.012129  0.968142  0.245813  -0.047710  -0.245435  0.969316  0.013722  0.049619  -0.001575  0.998767  -0.014924  -0.018830  -0.005143  0.000000  0.000000  0.000000  2.000000  
13.830661 -0.008217  0.079707  -0.012137  0.968098  0.246012  -0.047578  -0.245636  0.969265  0.013699  0.049485  -0.001575  0.998774  -0.014771  -0.018675  -0.005159  0.000000  0.000000  0.000000  2.000000  
13.831666 -0.008231  0.079690  -0.012143  0.968048  0.246212  -0.047575  -0.245835  0.969215  0.013708  0.049485  -0.001575  0.998774  -0.014640  -0.018541  -0.005142  0.000000  0.000000  0.000000  2.000000  
13.832908 -0.008248  0.079668  -0.012151  0.967997  0.246412  -0.047572  -0.246034  0.969164  0.013718  0.049485  -0.001575  0.998774  -0.014557  -0.018410  -0.005203  0.000000  0.000000  0.000000  2.000000  
13.833909 -0.008262  0.079651  -0.012156  0.967946  0.246617  -0.047539  -0.246234  0.969112  0.013846  0.049485  -0.001696  0.998773  -0.014446  -0.018267  -0.005242  0.000000  0.000000  0.000000  2.000000  
13.835158 -0.008280  0.079629  -0.012164  0.967851  0.247016  -0.047404  -0.246634  0.969010  0.013832  0.049352  -0.001696  0.998780  -0.014414  -0.018116  -0.005383  0.000000  0.000000  0.000000  2.000000  
13.836410 -0.008297  0.079607  -0.012172  0.967801  0.247215  -0.047401  -0.246833  0.968959  0.013842  0.049352  -0.001696  0.998780  -0.014283  -0.017991  -0.005495  0.000000  0.000000  0.000000  2.000000  
13.837658 -0.008314  0.079586  -0.012179  0.967750  0.247415  -0.047398  -0.247032  0.968908  0.013852  0.049352  -0.001696  0.998780  -0.014227  -0.017866  -0.005607  0.000000  0.000000  0.000000  2.000000  
13.838905 -0.008332  0.079564  -0.012186  0.967648  0.247819  -0.047362  -0.247431  0.968805  0.013989  0.049352  -0.001817  0.998780  -0.014196  -0.017759  -0.005694  0.000000  0.000000  0.000000  2.000000  
13.839907 -0.008346  0.079547  -0.012192  0.967597  0.248019  -0.047360  -0.247630  0.968754  0.013998  0.049352  -0.001817  0.998780  -0.014170  -0.017670  -0.005737  0.000000  0.000000  0.000000  2.000000  
13.841159 -0.008364  0.079526  -0.012198  0.967546  0.248218  -0.047357  -0.247829  0.968702  0.014008  0.049352  -0.001817  0.998780  -0.014130  -0.017532  -0.005739  0.000000  0.000000  0.000000  2.000000  
13.842423 -0.008382  0.079505  -0.012204  0.967495  0.248418  -0.047354  -0.248028  0.968651  0.014018  0.049352  -0.001817  0.998780  -0.014113  -0.017373  -0.005725  0.000000  0.000000  0.000000  2.000000  
13.843656 -0.008399  0.079484  -0.012211  0.967450  0.248622  -0.047191  -0.248229  0.968599  0.014112  0.049218  -0.001938  0.998786  -0.014095  -0.017305  -0.005719  0.000000  0.000000  0.000000  2.000000  
13.844662 -0.008414  0.079467  -0.012216  0.967399  0.248822  -0.047188  -0.248428  0.968547  0.014122  0.049218  -0.001938  0.998786  -0.014094  -0.017220  -0.005649  0.000000  0.000000  0.000000  2.000000  
13.845908 -0.008431  0.079446  -0.012222  0.967348  0.249021  -0.047186  -0.248627  0.968496  0.014131  0.049218  -0.001938  0.998786  -0.014059  -0.017100  -0.005608  0.000000  0.000000  0.000000  2.000000  
13.846912 -0.008445  0.079430  -0.012228  0.967297  0.249226  -0.047152  -0.248827  0.968443  0.014259  0.049218  -0.002060  0.998786  -0.014074  -0.017028  -0.005549  0.008574  -0.022848  0.172776  2.000000  
13.848159 -0.008462  0.079410  -0.012235  0.967245  0.249426  -0.047149  -0.249026  0.968392  0.014268  0.049218  -0.002060  0.998786  -0.014053  -0.016931  -0.005551  0.012546  -0.022645  0.171319  2.000000  
13.849412 -0.008480  0.079389  -0.012243  0.967245  0.249431  -0.047119  -0.249026  0.968390  0.014386  0.049218  -0.002181  0.998786  -0.014080  -0.016880  -0.005535  0.020800  -0.022828  0.172706  2.000000  
13.850421 -0.008494  0.079373  -0.012248  0.967194  0.249636  -0.047086  -0.249225  0.968337  0.014513  0.049218  -0.002302  0.998785  -0.014031  -0.016794  -0.005477  0.024869  -0.022832  0.172658  2.000000  
13.851659 -0.008512  0.079351  -0.012256  0.967143  0.249836  -0.047083  -0.249424  0.968285  0.014523  0.049218  -0.002302  0.998785  -0.014082  -0.016771  -0.005513  0.024867  -0.018344  0.172730  2.000000  
13.852908 -0.008529  0.079331  -0.012263  0.967149  0.249841  -0.046923  -0.249426  0.968284  0.014607  0.049084  -0.002423  0.998792  -0.014104  -0.016713  -0.005494  0.033008  -0.022840  0.172718  2.000000  
13.854159 -0.008547  0.079309  -0.012270  0.967098  0.250041  -0.046920  -0.249625  0.968232  0.014616  0.049084  -0.002423  0.998792  -0.014118  -0.016704  -0.005458  0.033009  -0.022841  0.172724  2.000000  
13.855405 -0.008565  0.079288  -0.012276  0.967046  0.250246  -0.046887  -0.249824  0.968179  0.014743  0.049084  -0.002544  0.998791  -0.014115  -0.016705  -0.005451  0.040829  -0.022656  0.171326  2.000000  
13.856409 -0.008580  0.079270  -0.012282  0.967046  0.250246  -0.046887  -0.249824  0.968179  0.014743  0.049084  -0.002544  0.998791  -0.014126  -0.016743  -0.005488  0.000000  0.000000  0.000000  2.000000  
13.857409 -0.008594  0.079254  -0.012287  0.966995  0.250451  -0.046853  -0.250023  0.968126  0.014871  0.049084  -0.002665  0.998791  -0.014171  -0.016774  -0.005507  0.044863  -0.018207  0.171340  2.000000  
13.858420 -0.008608  0.079236  -0.012292  0.966995  0.250451  -0.046853  -0.250023  0.968126  0.014871  0.049084  -0.002665  0.998791  -0.014155  -0.016769  -0.005495  0.000000  0.000000  0.000000  2.000000  
13.859657 -0.008626  0.079215  -0.012298  0.966943  0.250656  -0.046820  -0.250222  0.968072  0.014998  0.049084  -0.002786  0.998791  -0.014156  -0.016803  -0.005482  0.048576  -0.018205  0.164508  2.000000  
13.860658 -0.008640  0.079198  -0.012303  0.966943  0.250656  -0.046820  -0.250222  0.968072  0.014998  0.049084  -0.002786  0.998791  -0.014193  -0.016835  -0.005452  0.000000  0.000000  0.000000  2.000000  
13.861661 -0.008655  0.079181  -0.012308  0.966892  0.250855  -0.046817  -0.250421  0.968021  0.015007  0.049084  -0.002786  0.998791  -0.014237  -0.016905  -0.005418  0.000000  0.000000  0.000000  2.000000  
13.862909 -0.008672  0.079160  -0.012314  0.966892  0.250861  -0.046786  -0.250421  0.968019  0.015125  0.049084  -0.002908  0.998790  -0.014243  -0.016937  -0.005366  0.000000  0.000000  0.000000  2.000000  
13.864164 -0.008690  0.079139  -0.012320  0.966892  0.250861  -0.046786  -0.250421  0.968019  0.015125  0.049084  -0.002908  0.998790  -0.014257  -0.016969  -0.005276  0.000000  0.000000  0.000000  2.000000  
13.865411 -0.008708  0.079117  -0.012327  0.966840  0.251065  -0.046753  -0.250620  0.967965  0.015252  0.049084  -0.003029  0.998790  -0.014336  -0.017023  -0.005228  0.000000  0.000000  0.000000  2.000000  
13.866420 -0.008723  0.079100  -0.012332  0.966840  0.251065  -0.046753  -0.250620  0.967965  0.015252  0.049084  -0.003029  0.998790  -0.014353  -0.017020  -0.005145  0.000000  0.000000  0.000000  2.000000  
13.867660 -0.008742  0.079079  -0.012339  0.966789  0.251265  -0.046750  -0.250819  0.967914  0.015261  0.049084  -0.003029  0.998790  -0.014390  -0.017070  -0.005153  0.000000  0.000000  0.000000  2.000000  
13.868909 -0.008760  0.079057  -0.012346  0.966789  0.251270  -0.046719  -0.250819  0.967912  0.015379  0.049084  -0.003150  0.998790  -0.014420  -0.017111  -0.005159  0.000000  0.000000  0.000000  2.000000  
13.869909 -0.008775  0.079039  -0.012352  0.966737  0.251470  -0.046716  -0.251018  0.967860  0.015388  0.049084  -0.003150  0.998790  -0.014482  -0.017143  -0.005188  0.000000  0.000000  0.000000  2.000000  
13.871156 -0.008794  0.079017  -0.012359  0.966737  0.251470  -0.046716  -0.251018  0.967860  0.015388  0.049084  -0.003150  0.998790  -0.014527  -0.017194  -0.005207  0.000000  0.000000  0.000000  2.000000  
13.872162 -0.008808  0.079000  -0.012365  0.966737  0.251475  -0.046686  -0.251018  0.967858  0.015506  0.049084  -0.003271  0.998789  -0.014518  -0.017206  -0.005276  0.000000  0.000000  0.000000  2.000000  
13.873410 -0.008827  0.078977  -0.012372  0.966685  0.251675  -0.046682  -0.251217  0.967806  0.015515  0.049084  -0.003271  0.998789  -0.014601  -0.017284  -0.005311  0.000000  0.000000  0.000000  2.000000  
13.874418 -0.008842  0.078959  -0.012378  0.966685  0.251680  -0.046652  -0.251217  0.967804  0.015633  0.049084  -0.003392  0.998789  -0.014604  -0.017323  -0.005383  0.000000  0.000000  0.000000  2.000000  
13.875657 -0.008860  0.078937  -0.012384  0.966634  0.251879  -0.046649  -0.251416  0.967753  0.015642  0.049084  -0.003392  0.998789  -0.014637  -0.017406  -0.005425  0.000000  0.000000  0.000000  2.000000  
13.876661 -0.008875  0.078919  -0.012390  0.966582  0.252079  -0.046645  -0.251615  0.967701  0.015652  0.049084  -0.003392  0.998789  -0.014683  -0.017468  -0.005480  0.000000  0.000000  0.000000  2.000000  
13.877662 -0.008890  0.078901  -0.012395  0.966582  0.252079  -0.046645  -0.251615  0.967701  0.015652  0.049084  -0.003392  0.998789  -0.014720  -0.017570  -0.005474  0.000000  0.000000  0.000000  2.000000  
13.878909 -0.008908  0.078878  -0.012402  0.966530  0.252284  -0.046612  -0.251814  0.967647  0.015779  0.049084  -0.003513  0.998788  -0.014763  -0.017646  -0.005566  0.000000  0.000000  0.000000  2.000000  
13.880163 -0.008926  0.078856  -0.012409  0.966530  0.252284  -0.046612  -0.251814  0.967647  0.015779  0.049084  -0.003513  0.998788  -0.014762  -0.017729  -0.005584  0.000000  0.000000  0.000000  2.000000  
13.881413 -0.008945  0.078833  -0.012416  0.966478  0.252483  -0.046608  -0.252013  0.967595  0.015789  0.049084  -0.003513  0.998788  -0.014785  -0.017825  -0.005613  0.000000  0.000000  0.000000  2.000000  
13.882425 -0.008960  0.078815  -0.012422  0.966426  0.252682  -0.046605  -0.252212  0.967543  0.015798  0.049084  -0.003513  0.998788  -0.014765  -0.017870  -0.005629  0.000000  0.000000  0.000000  2.000000  
13.883659 -0.008978  0.078792  -0.012429  0.966374  0.252881  -0.046602  -0.252411  0.967491  0.015808  0.049084  -0.003513  0.998788  -0.014760  -0.017935  -0.005648  0.000000  0.000000  0.000000  2.000000  
13.884913 -0.008996  0.078770  -0.012436  0.966374  0.252881  -0.046602  -0.252411  0.967491  0.015808  0.049084  -0.003513  0.998788  -0.014756  -0.017954  -0.005636  0.000000  0.000000  0.000000  2.000000  
13.886157 -0.009014  0.078748  -0.012443  0.966322  0.253080  -0.046599  -0.252610  0.967439  0.015817  0.049084  -0.003513  0.998788  -0.014708  -0.017986  -0.005634  0.000000  0.000000  0.000000  2.000000  
13.887160 -0.009029  0.078730  -0.012448  0.966270  0.253279  -0.046595  -0.252809  0.967387  0.015827  0.049084  -0.003513  0.998788  -0.014720  -0.018014  -0.005584  0.000000  0.000000  0.000000  2.000000  
13.888410 -0.009047  0.078707  -0.012455  0.966218  0.253479  -0.046592  -0.253008  0.967335  0.015837  0.049084  -0.003513  0.998788  -0.014633  -0.017979  -0.005577  0.000000  0.000000  0.000000  2.000000  
13.889657 -0.009065  0.078685  -0.012462  0.966166  0.253678  -0.046589  -0.253207  0.967282  0.015846  0.049084  -0.003513  0.998788  -0.014606  -0.017998  -0.005505  0.000000  0.000000  0.000000  2.000000  
13.890905 -0.009082  0.078662  -0.012468  0.966114  0.253883  -0.046555  -0.253406  0.967228  0.015973  0.049084  -0.003635  0.998788  -0.014569  -0.018020  -0.005510  0.000000  0.000000  0.000000  2.000000  
13.891905 -0.009097  0.078644  -0.012473  0.966114  0.253883  -0.046555  -0.253406  0.967228  0.015973  0.049084  -0.003635  0.998788  -0.014563  -0.018066  -0.005491  0.000000  0.000000  0.000000  2.000000  
13.892907 -0.009111  0.078626  -0.012479  0.966062  0.254082  -0.046552  -0.253605  0.967176  0.015983  0.049084  -0.003635  0.998788  -0.014503  -0.018053  -0.005449  0.000000  0.000000  0.000000  2.000000  
13.893928 -0.009125  0.078607  -0.012484  0.966010  0.254281  -0.046548  -0.253803  0.967124  0.015992  0.049084  -0.003635  0.998788  -0.014435  -0.018038  -0.005407  0.000000  0.000000  0.000000  2.000000  
13.895163 -0.009142  0.078584  -0.012490  0.965957  0.254480  -0.046545  -0.254002  0.967071  0.016002  0.049084  -0.003635  0.998788  -0.014391  -0.018075  -0.005407  0.000000  0.000000  0.000000  2.000000  
13.896415 -0.009160  0.078562  -0.012496  0.965905  0.254679  -0.046542  -0.254201  0.967019  0.016011  0.049084  -0.003635  0.998788  -0.014305  -0.018061  -0.005305  0.000000  0.000000  0.000000  2.000000  
13.897659 -0.009177  0.078540  -0.012502  0.965853  0.254878  -0.046538  -0.254400  0.966966  0.016021  0.049084  -0.003635  0.998788  -0.014234  -0.018065  -0.005252  0.000000  0.000000  0.000000  2.000000  
