1-Time 2-Px 3-Py 4-Pz 5-R11 6-R21 7-R31 8-R12 9-R22 10-R32 11-R13 12-R23 13-R33 14-Vx 15-Vy 16-Vz 17-Wx 18-Wy 19-Wz 20-state 21-PR11 22-PR21 23-PR31 24-PR12 25-PR22 26-PR32 27-PR13 28-PR23 29-PR33 
230.781730 0.009035  0.088297  -0.000519  0.999664  -0.023819  -0.010222  0.013584  0.145573  0.989254  -0.022075  -0.989061  0.145847  -0.001153  0.000767  -0.001158  0.000000  0.000000  0.000000  2.000000  
230.782984 0.009034  0.088297  -0.000520  0.999661  -0.023850  -0.010422  0.013790  0.145688  0.989234  -0.022075  -0.989043  0.145967  -0.001137  0.000712  -0.001134  0.000000  0.000000  0.000000  2.000000  
230.783992 0.009034  0.088296  -0.000522  0.999661  -0.023851  -0.010420  0.013790  0.145808  0.989217  -0.022075  -0.989025  0.146087  -0.001066  0.000565  -0.001139  0.000000  0.000000  0.000000  2.000000  
230.785233 0.009034  0.088294  -0.000523  0.999661  -0.023750  -0.010640  0.013995  0.145925  0.989197  -0.021941  -0.989011  0.146208  -0.000949  0.000392  -0.001101  0.000000  0.000000  0.000000  2.000000  
230.786235 0.009034  0.088293  -0.000522  0.999661  -0.023753  -0.010634  0.013995  0.146165  0.989161  -0.021941  -0.988975  0.146448  -0.000860  0.000230  -0.000991  0.000000  0.000000  0.000000  2.000000  
230.787485 0.009036  0.088293  -0.000521  0.999658  -0.023786  -0.010832  0.014201  0.146400  0.989124  -0.021941  -0.988939  0.146688  -0.000661  0.000147  -0.000849  0.000000  0.000000  0.000000  2.000000  
230.788489 0.009038  0.088293  -0.000520  0.999655  -0.023819  -0.011030  0.014407  0.146635  0.989086  -0.021941  -0.988904  0.146928  -0.000438  0.000118  -0.000699  0.000000  0.000000  0.000000  2.000000  
230.789497 0.009040  0.088293  -0.000520  0.999655  -0.023821  -0.011024  0.014407  0.146875  0.989050  -0.021941  -0.988868  0.147167  -0.000200  0.000085  -0.000582  0.000000  0.000000  0.000000  2.000000  
230.790732 0.009043  0.088292  -0.000521  0.999652  -0.023854  -0.011222  0.014613  0.147110  0.989012  -0.021941  -0.988832  0.147407  0.000083  -0.000102  -0.000543  0.000000  0.000000  0.000000  2.000000  
230.791733 0.009046  0.088291  -0.000521  0.999652  -0.023755  -0.011439  0.014819  0.147347  0.988974  -0.021807  -0.988800  0.147648  0.000381  -0.000207  -0.000506  0.000000  0.000000  0.000000  2.000000  
230.792736 0.009049  0.088290  -0.000522  0.999649  -0.023790  -0.011634  0.015024  0.147702  0.988918  -0.021807  -0.988746  0.148007  0.000657  -0.000279  -0.000447  0.000000  0.000000  0.000000  2.000000  
230.793979 0.009052  0.088289  -0.000523  0.999649  -0.023692  -0.011849  0.015230  0.148059  0.988861  -0.021674  -0.988695  0.148368  0.000917  -0.000385  -0.000472  0.000000  0.000000  0.000000  2.000000  
230.795234 0.009056  0.088288  -0.000526  0.999649  -0.023596  -0.012061  0.015436  0.148536  0.988787  -0.021540  -0.988625  0.148848  0.001266  -0.000573  -0.000591  0.000000  0.000000  0.000000  2.000000  
230.796483 0.009058  0.088285  -0.000532  0.999649  -0.023602  -0.012050  0.015436  0.149015  0.988714  -0.021540  -0.988553  0.149327  0.001527  -0.000824  -0.000852  0.000000  0.000000  0.000000  2.000000  
230.797731 0.009060  0.088280  -0.000537  0.999652  -0.023475  -0.012058  0.015436  0.149497  0.988642  -0.021406  -0.988483  0.149807  0.001773  -0.001157  -0.001110  0.000000  0.000000  0.000000  2.000000  
230.798981 0.009063  0.088276  -0.000540  0.999648  -0.023514  -0.012248  0.015642  0.150092  0.988548  -0.021406  -0.988392  0.150407  0.001957  -0.001369  -0.001246  0.000000  0.000000  0.000000  2.000000  
230.800232 0.009066  0.088270  -0.000543  0.999651  -0.023389  -0.012253  0.015642  0.150694  0.988457  -0.021272  -0.988304  0.151007  0.002107  -0.001615  -0.001352  -0.173846  0.073774  0.025315  2.000000  
230.801244 0.009069  0.088267  -0.000545  0.999654  -0.023263  -0.012262  0.015642  0.151175  0.988383  -0.021139  -0.988233  0.151487  0.002312  -0.001762  -0.001547  -0.190016  0.073721  0.025277  2.000000  
230.802495 0.009073  0.088262  -0.000546  0.999663  -0.022976  -0.012083  0.015436  0.151903  0.988275  -0.020871  -0.988128  0.152207  0.002446  -0.002045  -0.001711  -0.214589  0.068223  0.035164  2.000000  
230.803734 0.009077  0.088258  -0.000549  0.999666  -0.022852  -0.012086  0.015436  0.152625  0.988164  -0.020737  -0.988020  0.152926  0.002577  -0.002392  -0.001923  -0.239169  0.068945  0.039604  2.000000  
230.804983 0.009081  0.088253  -0.000550  0.999674  -0.022565  -0.011908  0.015231  0.153352  0.988054  -0.020470  -0.987914  0.153646  0.002639  -0.002622  -0.001986  -0.263779  0.063467  0.049506  2.000000  
230.805986 0.009084  0.088249  -0.000551  0.999680  -0.022308  -0.011935  0.015231  0.153956  0.987960  -0.020202  -0.987826  0.154246  0.002642  -0.002891  -0.002058  -0.284095  0.064815  0.058363  2.000000  
230.807236 0.009088  0.088243  -0.000552  0.999688  -0.022021  -0.011757  0.015025  0.154683  0.987850  -0.019935  -0.987719  0.154966  0.002672  -0.003176  -0.002071  -0.308760  0.059364  0.068281  2.000000  
230.808485 0.009092  0.088238  -0.000553  0.999697  -0.021735  -0.011577  0.014819  0.155530  0.987720  -0.019667  -0.987592  0.155805  0.002719  -0.003515  -0.002061  -0.337419  0.053908  0.078183  2.000000  
230.809493 0.009094  0.088234  -0.000555  0.999702  -0.021577  -0.011381  0.014614  0.156136  0.987627  -0.019533  -0.987500  0.156405  0.002718  -0.003699  -0.001972  -0.357841  0.047082  0.079189  2.000000  
230.810495 0.009097  0.088230  -0.000556  0.999708  -0.021320  -0.011410  0.014614  0.156739  0.987532  -0.019266  -0.987410  0.157004  0.002719  -0.003885  -0.001885  -0.378173  0.048461  0.088049  2.000000  
230.811728 0.009098  0.088222  -0.000558  0.999716  -0.021034  -0.011228  0.014408  0.157705  0.987381  -0.018998  -0.987262  0.157963  0.002663  -0.004136  -0.001708  -0.407823  0.042713  0.097224  2.000000  
230.812731 0.009100  0.088217  -0.000559  0.999724  -0.020746  -0.011052  0.014202  0.158432  0.987268  -0.018731  -0.987152  0.158682  0.002644  -0.004248  -0.001510  -0.431947  0.030810  0.109027  2.000000  
230.813731 0.009102  0.088211  -0.000560  0.999729  -0.020590  -0.010853  0.013996  0.159276  0.987135  -0.018597  -0.987019  0.159521  0.002646  -0.004401  -0.001312  -0.452766  0.024507  0.113565  2.000000  
230.814979 0.009105  0.088203  -0.000560  0.999737  -0.020304  -0.010672  0.013791  0.160242  0.986981  -0.018329  -0.986869  0.160479  0.002643  -0.004511  -0.001170  -0.481359  0.011692  0.120067  2.000000  
230.815982 0.009107  0.088198  -0.000561  0.999745  -0.020113  -0.010273  0.013379  0.160970  0.986869  -0.018196  -0.986754  0.161198  0.002629  -0.004642  -0.001109  -0.497742  -0.001124  0.126563  2.000000  
230.816986 0.009110  0.088194  -0.000561  0.999750  -0.019958  -0.010072  0.013173  0.161933  0.986714  -0.018062  -0.986600  0.162156  0.002628  -0.004702  -0.001023  -0.526609  -0.014032  0.134194  2.000000  
230.817986 0.009114  0.088189  -0.000563  0.999758  -0.019669  -0.009895  0.012967  0.162779  0.986577  -0.017794  -0.986467  0.162994  0.002653  -0.004769  -0.001013  -0.551188  -0.019408  0.144155  2.000000  
230.818987 0.009117  0.088184  -0.000563  0.999763  -0.019511  -0.009700  0.012762  0.163502  0.986460  -0.017661  -0.986350  0.163713  0.002620  -0.004859  -0.000948  -0.567742  -0.032305  0.150750  2.000000  
230.820233 0.009122  0.088178  -0.000563  0.999775  -0.019058  -0.009339  0.012350  0.164592  0.986284  -0.017259  -0.986178  0.164790  0.002679  -0.004965  -0.000829  -0.591861  -0.050190  0.165987  2.000000  
230.821255 0.009126  0.088173  -0.000562  0.999782  -0.018768  -0.009164  0.012144  0.165437  0.986146  -0.016992  -0.986042  0.165628  0.002717  -0.005009  -0.000734  -0.612917  -0.063425  0.173887  2.000000  
230.822491 0.009130  0.088166  -0.000559  0.999794  -0.018314  -0.008802  0.011733  0.166645  0.985947  -0.016590  -0.985847  0.166826  0.002779  -0.005124  -0.000463  -0.642129  -0.081689  0.190610  2.000000  
230.823736 0.009135  0.088158  -0.000556  0.999803  -0.017894  -0.008646  0.011527  0.167730  0.985766  -0.016189  -0.985671  0.167903  0.002841  -0.005286  -0.000132  -0.666798  -0.093786  0.201732  2.000000  
230.824983 0.009138  0.088150  -0.000553  0.999811  -0.017571  -0.008264  0.011115  0.168935  0.985564  -0.015921  -0.985470  0.169099  0.002872  -0.005479  0.000176  -0.691786  -0.113416  0.209601  2.000000  
230.825986 0.009141  0.088142  -0.000549  0.999820  -0.017246  -0.007887  0.010704  0.169902  0.985403  -0.015654  -0.985310  0.170056  0.002917  -0.005632  0.000542  -0.710510  -0.124468  0.218917  2.000000  
230.827236 0.009143  0.088133  -0.000545  0.999831  -0.016788  -0.007531  0.010292  0.170989  0.985219  -0.015252  -0.985130  0.171132  0.002957  -0.005811  0.000955  -0.728844  -0.137514  0.231946  2.000000  
230.828484 0.009146  0.088123  -0.000540  0.999839  -0.016463  -0.007151  0.009881  0.172193  0.985014  -0.014985  -0.984926  0.172328  0.003003  -0.005967  0.001321  -0.751552  -0.155089  0.242285  2.000000  
230.829494 0.009149  0.088115  -0.000537  0.999849  -0.016003  -0.006799  0.009469  0.173159  0.984848  -0.014584  -0.984764  0.173285  0.003021  -0.006075  0.001556  -0.769953  -0.168324  0.255450  2.000000  
230.830730 0.009152  0.088105  -0.000534  0.999856  -0.015676  -0.006421  0.009057  0.174363  0.984640  -0.014316  -0.984557  0.174480  0.002985  -0.006287  0.001749  -0.788556  -0.179644  0.260284  2.000000  
230.831984 0.009154  0.088096  -0.000532  0.999866  -0.015217  -0.006067  0.008646  0.175567  0.984430  -0.013915  -0.984350  0.175675  0.002918  -0.006510  0.001928  -0.807237  -0.186182  0.272588  2.000000  
230.833229 0.009157  0.088087  -0.000531  0.999875  -0.014756  -0.005715  0.008234  0.176770  0.984218  -0.013513  -0.984142  0.176870  0.002845  -0.006708  0.002097  -0.825081  -0.197240  0.277185  2.000000  
230.834235 0.009159  0.088080  -0.000530  0.999882  -0.014425  -0.005343  0.007822  0.177733  0.984048  -0.013246  -0.983973  0.177825  0.002723  -0.006880  0.002241  -0.840032  -0.212234  0.281872  2.000000  
230.835488 0.009162  0.088072  -0.000527  0.999890  -0.014059  -0.004764  0.007205  0.179057  0.983812  -0.012978  -0.983738  0.179139  0.002623  -0.006988  0.002347  -0.860545  -0.224826  0.288814  2.000000  
230.836734 0.009165  0.088063  -0.000525  0.999898  -0.013596  -0.004413  0.006793  0.180378  0.983574  -0.012577  -0.983503  0.180452  0.002469  -0.007136  0.002387  -0.873995  -0.235512  0.293426  2.000000  
230.837734 0.009166  0.088055  -0.000523  0.999907  -0.013094  -0.003863  0.006176  0.181462  0.983379  -0.012175  -0.983311  0.181526  0.002296  -0.007306  0.002350  -0.893567  -0.250072  0.302830  2.000000  
230.838985 0.009167  0.088044  -0.000521  0.999912  -0.012761  -0.003490  0.005764  0.182781  0.983137  -0.011908  -0.983071  0.182839  0.002089  -0.007517  0.002311  -0.913877  -0.256551  0.304227  2.000000  
230.839985 0.009168  0.088035  -0.000519  0.999921  -0.012256  -0.002944  0.005146  0.183745  0.982960  -0.011506  -0.982898  0.183793  0.001946  -0.007626  0.002258  -0.922277  -0.268430  0.315704  2.000000  
230.841235 0.009168  0.088024  -0.000516  0.999927  -0.011790  -0.002597  0.004735  0.185063  0.982715  -0.011105  -0.982656  0.185106  0.001795  -0.007799  0.002161  -0.934330  -0.274840  0.317148  2.000000  
230.842482 0.009169  0.088012  -0.000512  0.999934  -0.011284  -0.002050  0.004117  0.186383  0.982469  -0.010704  -0.982412  0.186417  0.001631  -0.007933  0.002111  -0.947110  -0.284275  0.326021  2.000000  
230.843735 0.009169  0.087999  -0.000509  0.999940  -0.010815  -0.001704  0.003705  0.187819  0.982197  -0.010302  -0.982144  0.187848  0.001473  -0.008126  0.001999  -0.967133  -0.292233  0.334704  2.000000  
230.844981 0.009170  0.087987  -0.000506  0.999948  -0.010175  -0.001185  0.003088  0.189138  0.981946  -0.009767  -0.981898  0.189159  0.001363  -0.008259  0.002028  -0.979357  -0.297100  0.345120  2.000000  
230.845982 0.009172  0.087978  -0.000503  0.999953  -0.009704  -0.000846  0.002676  0.190215  0.981739  -0.009366  -0.981695  0.190232  0.001332  -0.008362  0.002037  -0.987424  -0.299539  0.352501  2.000000  
230.847229 0.009174  0.087967  -0.000501  0.999958  -0.009101  -0.000531  0.002264  0.191530  0.981484  -0.008831  -0.981445  0.191542  0.001263  -0.008489  0.002099  -0.995701  -0.304363  0.362947  2.000000  
230.848234 0.009176  0.087958  -0.000499  0.999963  -0.008628  -0.000194  0.001853  0.192605  0.981275  -0.008429  -0.981238  0.192614  0.001244  -0.008637  0.002101  -1.003664  -0.309143  0.373200  2.000000  
230.849494 0.009179  0.087947  -0.000498  0.999967  -0.008115  0.000345  0.001235  0.193920  0.981016  -0.008028  -0.980984  0.193924  0.001243  -0.008766  0.002127  -1.011664  -0.314630  0.379174  2.000000  
230.850498 0.009181  0.087939  -0.000497  0.999971  -0.007641  0.000679  0.000823  0.194995  0.980804  -0.007626  -0.980775  0.194995  0.001264  -0.008886  0.002073  -1.019400  -0.316668  0.382477  2.000000  
230.851734 0.009185  0.087928  -0.000496  0.999975  -0.006994  0.001191  0.000206  0.196427  0.980518  -0.007091  -0.980493  0.196424  0.001357  -0.009028  0.001986  -1.033235  -0.329489  0.390424  2.000000  
230.852753 0.009188  0.087919  -0.000495  0.999977  -0.006649  0.001549  -0.000206  0.197500  0.980303  -0.006824  -0.980280  0.197494  0.001431  -0.009095  0.001870  -1.035542  -0.335332  0.391367  2.000000  
230.853986 0.009190  0.087906  -0.000495  0.999980  -0.005999  0.002058  -0.000823  0.198930  0.980013  -0.006288  -0.979995  0.198922  0.001532  -0.009217  0.001736  -1.048218  -0.340991  0.397697  2.000000  
230.855003 0.009192  0.087896  -0.000495  0.999982  -0.005480  0.002590  -0.001441  0.200122  0.979770  -0.005887  -0.979756  0.200111  0.001613  -0.009264  0.001573  -1.055784  -0.346356  0.403566  2.000000  
230.856233 0.009195  0.087883  -0.000495  0.999984  -0.004868  0.002894  -0.001853  0.201668  0.979452  -0.005352  -0.979442  0.201656  0.001769  -0.009383  0.001374  -1.072897  -0.344461  0.413240  2.000000  
230.857233 0.009198  0.087873  -0.000495  0.999985  -0.004346  0.003423  -0.002470  0.202858  0.979205  -0.004951  -0.979199  0.202844  0.001967  -0.009387  0.001170  -1.079882  -0.353765  0.416981  2.000000  
230.858495 0.009201  0.087860  -0.000494  0.999985  -0.003691  0.003925  -0.003088  0.204284  0.978907  -0.004415  -0.978905  0.204270  0.002183  -0.009394  0.001018  -1.088102  -0.361837  0.426444  2.000000  
230.859731 0.009206  0.087848  -0.000493  0.999986  -0.003077  0.004223  -0.003500  0.205827  0.978582  -0.003880  -0.978584  0.205814  0.002370  -0.009420  0.000892  -1.100666  -0.360569  0.431575  2.000000  
230.860731 0.009210  0.087839  -0.000492  0.999985  -0.002551  0.004748  -0.004117  0.207014  0.978329  -0.003479  -0.978335  0.207001  0.002557  -0.009441  0.000763  -1.108846  -0.366070  0.437749  2.000000  
230.861984 0.009215  0.087827  -0.000490  0.999984  -0.002022  0.005273  -0.004735  0.208556  0.977999  -0.003077  -0.978008  0.208543  0.002791  -0.009465  0.000728  -1.120797  -0.364553  0.442621  2.000000  
230.863229 0.009221  0.087816  -0.000489  0.999982  -0.001362  0.005767  -0.005353  0.209978  0.977691  -0.002542  -0.977705  0.209967  0.002986  -0.009503  0.000722  -1.127638  -0.373622  0.446444  2.000000  
230.864234 0.009226  0.087807  -0.000487  0.999981  -0.000745  0.006058  -0.005764  0.211043  0.977460  -0.002007  -0.977477  0.211035  0.003203  -0.009547  0.000707  -1.131536  -0.371440  0.455595  2.000000  
230.865485 0.009232  0.087795  -0.000485  0.999979  -0.000081  0.006549  -0.006382  0.212581  0.977123  -0.001472  -0.977143  0.212576  0.003383  -0.009601  0.000748  -1.139524  -0.369058  0.464917  2.000000  
230.866733 0.009238  0.087783  -0.000485  0.999975  0.000582  0.007038  -0.007000  0.213881  0.976835  -0.000937  -0.976860  0.213880  0.003574  -0.009670  0.000738  -1.139251  -0.374253  0.471092  2.000000  
230.867733 0.009243  0.087772  -0.000484  0.999972  0.001071  0.007353  -0.007411  0.215062  0.976572  -0.000535  -0.976600  0.215064  0.003693  -0.009808  0.000720  -1.143070  -0.366986  0.470164  2.000000  
230.868986 0.009249  0.087758  -0.000483  0.999968  0.001739  0.007838  -0.008029  0.216597  0.976228  0.000000  -0.976260  0.216604  0.003964  -0.009866  0.000751  -1.152338  -0.368385  0.479054  2.000000  
230.869987 0.009253  0.087747  -0.000484  0.999963  0.002275  0.008352  -0.008646  0.217777  0.975960  0.000401  -0.975996  0.217788  0.004126  -0.009937  0.000689  -1.156331  -0.373718  0.485287  2.000000  
230.871233 0.009259  0.087733  -0.000485  0.999957  0.002946  0.008833  -0.009264  0.219309  0.975611  0.000937  -0.975651  0.219327  0.004310  -0.009999  0.000685  -1.166880  -0.375860  0.487535  2.000000  
230.872486 0.009265  0.087720  -0.000485  0.999950  0.003617  0.009313  -0.009882  0.220722  0.975287  0.001472  -0.975330  0.220746  0.004497  -0.010046  0.000662  -1.168076  -0.378178  0.492143  2.000000  
230.873486 0.009271  0.087709  -0.000485  0.999945  0.004111  0.009621  -0.010293  0.221899  0.975015  0.001873  -0.975061  0.221929  0.004641  -0.010083  0.000589  -1.172074  -0.376715  0.497014  2.000000  
230.874733 0.009278  0.087695  -0.000486  0.999938  0.004784  0.010097  -0.010911  0.223310  0.974686  0.002408  -0.974736  0.223348  0.004815  -0.010221  0.000434  -1.174355  -0.378781  0.499176  2.000000  
230.875986 0.009285  0.087682  -0.000487  0.999932  0.005413  0.010371  -0.011323  0.224720  0.974358  0.002944  -0.974408  0.224766  0.004946  -0.010306  0.000320  -1.179649  -0.375305  0.498032  2.000000  
230.877233 0.009292  0.087668  -0.000488  0.999923  0.006089  0.010844  -0.011940  0.226129  0.974024  0.003479  -0.974078  0.226184  0.005086  -0.010464  0.000127  -1.183755  -0.373750  0.503060  2.000000  
230.878486 0.009300  0.087654  -0.000488  0.999913  0.006768  0.011314  -0.012558  0.227654  0.973661  0.004014  -0.973719  0.227719  0.005167  -0.010656  -0.000006  -1.191242  -0.372888  0.503428  2.000000  
230.879494 0.009306  0.087643  -0.000489  0.999903  0.007312  0.011816  -0.013175  0.228707  0.973406  0.004415  -0.973468  0.228782  0.005232  -0.010793  -0.000165  -1.189554  -0.381858  0.506973  2.000000  
230.880728 0.009313  0.087628  -0.000489  0.999893  0.007864  0.012313  -0.013793  0.230232  0.973038  0.004817  -0.973104  0.230316  0.005324  -0.010956  -0.000231  -1.197680  -0.382154  0.503281  2.000000  
230.881731 0.009319  0.087616  -0.000488  0.999885  0.008364  0.012611  -0.014204  0.231403  0.972754  0.005218  -0.972822  0.231496  0.005394  -0.011106  -0.000238  -1.197355  -0.381501  0.503689  2.000000  
230.882731 0.009325  0.087603  -0.000488  0.999877  0.008866  0.012908  -0.014616  0.232574  0.972469  0.005620  -0.972538  0.232675  0.005455  -0.011228  -0.000256  -1.201979  -0.380196  0.508799  2.000000  
230.883736 0.009330  0.087591  -0.000488  0.999867  0.009287  0.013434  -0.015234  0.233862  0.972151  0.005887  -0.972226  0.233972  0.005531  -0.011365  -0.000285  -1.204976  -0.380233  0.504553  2.000000  
230.884984 0.009337  0.087575  -0.000487  0.999854  0.009972  0.013894  -0.015851  0.235262  0.971803  0.006422  -0.971881  0.235386  0.005603  -0.011516  -0.000166  -1.205483  -0.379739  0.505426  2.000000  
230.886233 0.009345  0.087559  -0.000487  0.999841  0.010530  0.014384  -0.016469  0.236782  0.971423  0.006824  -0.971506  0.236918  0.005721  -0.011657  -0.000158  -1.202502  -0.382815  0.505684  2.000000  
230.887485 0.009352  0.087543  -0.000486  0.999831  0.011041  0.014671  -0.016880  0.238303  0.971044  0.007225  -0.971128  0.238449  0.005797  -0.011781  -0.000087  -1.210224  -0.376255  0.500236  2.000000  
230.888486 0.009358  0.087530  -0.000487  0.999819  0.011466  0.015193  -0.017498  0.239469  0.970746  0.007493  -0.970836  0.239626  0.005812  -0.011926  -0.000094  -1.208547  -0.380414  0.493850  2.000000  
230.889498 0.009364  0.087518  -0.000488  0.999809  0.011844  0.015514  -0.017909  0.240637  0.970450  0.007760  -0.970543  0.240803  0.005857  -0.012003  -0.000110  -1.205167  -0.384571  0.489314  2.000000  
230.890736 0.009371  0.087502  -0.000489  0.999795  0.012405  0.015999  -0.018527  0.242034  0.970091  0.008162  -0.970188  0.242215  0.005861  -0.012198  -0.000174  -1.201503  -0.384022  0.490143  2.000000  
230.891984 0.009379  0.087487  -0.000491  0.999779  0.013098  0.016449  -0.019144  0.243428  0.969730  0.008697  -0.969830  0.243625  0.005883  -0.012323  -0.000228  -1.199472  -0.379202  0.490960  2.000000  
230.893228 0.009386  0.087471  -0.000492  0.999763  0.013662  0.016931  -0.019762  0.244824  0.969366  0.009098  -0.969471  0.245036  0.005884  -0.012416  -0.000271  -1.199243  -0.379500  0.487167  2.000000  
230.894229 0.009392  0.087458  -0.000493  0.999753  0.014043  0.017247  -0.020173  0.245989  0.969063  0.009366  -0.969171  0.246211  0.005853  -0.012538  -0.000324  -1.203255  -0.381028  0.478983  2.000000  
230.895485 0.009400  0.087441  -0.000494  0.999736  0.014607  0.017728  -0.020790  0.247265  0.968725  0.009767  -0.968838  0.247503  0.005877  -0.012685  -0.000354  -1.196490  -0.377650  0.477495  2.000000  
230.896731 0.009407  0.087424  -0.000494  0.999725  0.014995  0.018038  -0.021202  0.248663  0.968358  0.010035  -0.968474  0.248912  0.005848  -0.012805  -0.000417  -1.198738  -0.376052  0.465426  2.000000  
230.897731 0.009412  0.087410  -0.000495  0.999709  0.015430  0.018551  -0.021819  0.249822  0.968046  0.010302  -0.968169  0.250086  0.005847  -0.012896  -0.000448  -1.198558  -0.383202  0.463144  2.000000  
230.898987 0.009419  0.087393  -0.000494  0.999696  0.015949  0.018826  -0.022231  0.251216  0.967676  0.010704  -0.967800  0.251494  0.005831  -0.012998  -0.000436  -1.191790  -0.374169  0.455570  2.000000  
230.900231 0.009426  0.087375  -0.000494  0.999679  0.016389  0.019335  -0.022848  0.252491  0.967329  0.010971  -0.967460  0.252784  0.005822  -0.013100  -0.000432  -1.186110  -0.378322  0.449681  2.000000  
230.901238 0.009433  0.087361  -0.000493  0.999666  0.016773  0.019647  -0.023260  0.253534  0.967047  0.011239  -0.967181  0.253840  0.005849  -0.013166  -0.000428  -1.183288  -0.376197  0.443412  2.000000  
230.902241 0.009438  0.087348  -0.000493  0.999649  0.017213  0.020156  -0.023877  0.254690  0.966728  0.011506  -0.966869  0.255012  0.005834  -0.013255  -0.000424  -1.183183  -0.376744  0.439520  2.000000  
230.903485 0.009446  0.087331  -0.000492  0.999636  0.017606  0.020460  -0.024289  0.256084  0.966349  0.011774  -0.966494  0.256418  0.005879  -0.013298  -0.000339  -1.181502  -0.374168  0.432117  2.000000  
230.904733 0.009454  0.087314  -0.000492  0.999617  0.018051  0.020964  -0.024906  0.257356  0.965996  0.012042  -0.966148  0.257707  0.005887  -0.013397  -0.000255  -1.178876  -0.379864  0.423185  2.000000  
230.905735 0.009460  0.087300  -0.000491  0.999604  0.018438  0.021273  -0.025318  0.258396  0.965707  0.012309  -0.965863  0.258760  0.005921  -0.013453  -0.000126  -1.174760  -0.380500  0.419301  2.000000  
230.906983 0.009467  0.087283  -0.000491  0.999585  0.018885  0.021775  -0.025935  0.259666  0.965350  0.012577  -0.965514  0.260048  0.005908  -0.013549  0.000028  -1.170447  -0.382085  0.411088  2.000000  
230.907984 0.009473  0.087270  -0.000490  0.999570  0.019275  0.022082  -0.026346  0.260705  0.965059  0.012844  -0.965226  0.261101  0.005898  -0.013637  0.000153  -1.166044  -0.375925  0.405397  2.000000  
230.908985 0.009479  0.087257  -0.000489  0.999556  0.019665  0.022388  -0.026758  0.261744  0.964766  0.013112  -0.964937  0.262154  0.005909  -0.013629  0.000259  -1.164507  -0.379143  0.404159  2.000000  
230.910233 0.009487  0.087240  -0.000489  0.999536  0.020115  0.022886  -0.027375  0.263011  0.964404  0.013379  -0.964583  0.263440  0.005889  -0.013656  0.000343  -1.157617  -0.378238  0.393301  2.000000  
230.911479 0.009494  0.087222  -0.000488  0.999521  0.020515  0.023183  -0.027786  0.264399  0.964013  0.013647  -0.964195  0.264843  0.005900  -0.013719  0.000393  -1.156277  -0.374676  0.390640  2.000000  
230.912483 0.009499  0.087208  -0.000488  0.999500  0.020959  0.023687  -0.028404  0.265315  0.963743  0.013915  -0.963934  0.265777  0.005884  -0.013713  0.000428  -1.148227  -0.375421  0.386793  2.000000  
230.913487 0.009505  0.087194  -0.000488  0.999486  0.021224  0.024026  -0.028815  0.266354  0.963444  0.014048  -0.963642  0.266829  0.005871  -0.013703  0.000440  -1.136997  -0.373439  0.379980  2.000000  
230.914497 0.009510  0.087180  -0.000487  0.999470  0.021615  0.024330  -0.029227  0.267273  0.963178  0.014316  -0.963378  0.267763  0.005861  -0.013674  0.000428  -1.128212  -0.373995  0.375875  2.000000  
230.915735 0.009518  0.087163  -0.000486  0.999454  0.022015  0.024626  -0.029638  0.268541  0.962812  0.014584  -0.963017  0.269047  0.005893  -0.013666  0.000475  -1.123251  -0.371711  0.369082  2.000000  
230.916738 0.009524  0.087149  -0.000485  0.999440  0.022282  0.024962  -0.030049  0.269579  0.962509  0.014717  -0.962720  0.270098  0.005890  -0.013686  0.000500  -1.116276  -0.369908  0.362205  2.000000  
230.918000 0.009531  0.087133  -0.000484  0.999424  0.022684  0.025256  -0.030461  0.270846  0.962141  0.014985  -0.962355  0.271381  0.005901  -0.013644  0.000558  -1.107465  -0.362488  0.360775  2.000000  
230.919239 0.009539  0.087116  -0.000482  0.999401  0.023140  0.025749  -0.031078  0.271991  0.961798  0.015252  -0.962022  0.272547  0.005861  -0.013643  0.000664  -1.103799  -0.367407  0.356197  2.000000  
230.920489 0.009546  0.087100  -0.000479  0.999384  0.023544  0.026041  -0.031489  0.273256  0.961426  0.015520  -0.961653  0.273829  0.005848  -0.013603  0.000793  -1.098757  -0.361118  0.350328  2.000000  
230.921737 0.009553  0.087082  -0.000477  0.999366  0.023949  0.026332  -0.031901  0.274521  0.961052  0.015788  -0.961283  0.275111  0.005811  -0.013618  0.000912  -1.091355  -0.352456  0.341466  2.000000  
230.922990 0.009561  0.087065  -0.000474  0.999342  0.024408  0.026822  -0.032518  0.275663  0.960704  0.016055  -0.960944  0.276275  0.005812  -0.013629  0.001066  -1.082756  -0.353072  0.337500  2.000000  
230.924239 0.009567  0.087048  -0.000472  0.999327  0.024686  0.027148  -0.032929  0.276930  0.960326  0.016189  -0.960573  0.277557  0.005763  -0.013691  0.001128  -1.078889  -0.355062  0.329413  2.000000  
230.925487 0.009574  0.087030  -0.000470  0.999302  0.025144  0.027639  -0.033546  0.277955  0.960008  0.016456  -0.960265  0.278604  0.005720  -0.013693  0.001246  -1.066383  -0.354586  0.329814  2.000000  
230.926730 0.009580  0.087012  -0.000468  0.999283  0.025553  0.027926  -0.033957  0.279216  0.959628  0.016724  -0.959888  0.279884  0.005676  -0.013690  0.001362  -1.065767  -0.351332  0.327584  2.000000  
230.927731 0.009585  0.086999  -0.000467  0.999267  0.025824  0.028258  -0.034369  0.280132  0.959346  0.016858  -0.959614  0.280814  0.005652  -0.013691  0.001426  -1.057675  -0.345537  0.321841  2.000000  
230.928731 0.009591  0.086985  -0.000466  0.999251  0.026095  0.028591  -0.034780  0.281048  0.959063  0.016992  -0.959339  0.281745  0.005663  -0.013654  0.001489  -1.050375  -0.350521  0.316368  2.000000  
230.929733 0.009597  0.086972  -0.000464  0.999234  0.026364  0.028925  -0.035192  0.281847  0.958814  0.017125  -0.959097  0.282559  0.005633  -0.013645  0.001559  -1.045374  -0.347274  0.313934  2.000000  
230.930979 0.009604  0.086955  -0.000462  0.999217  0.026644  0.029250  -0.035603  0.282994  0.958461  0.017259  -0.958752  0.283721  0.005619  -0.013647  0.001595  -1.037696  -0.341572  0.308374  2.000000  
230.931979 0.009609  0.086942  -0.000461  0.999198  0.027042  0.029546  -0.036014  0.283788  0.958211  0.017527  -0.958506  0.284534  0.005596  -0.013617  0.001618  -1.025219  -0.341175  0.308656  2.000000  
230.933234 0.009617  0.086925  -0.000459  0.999180  0.027319  0.029873  -0.036425  0.284818  0.957889  0.017661  -0.958192  0.285579  0.005588  -0.013593  0.001607  -1.013309  -0.339339  0.301154  2.000000  
230.934236 0.009622  0.086912  -0.000458  0.999163  0.027590  0.030205  -0.036837  0.285615  0.957636  0.017794  -0.957947  0.286392  0.005542  -0.013620  0.001620  -1.004985  -0.340239  0.297129  2.000000  
230.935486 0.009629  0.086895  -0.000455  0.999145  0.027873  0.030528  -0.037248  0.286760  0.957278  0.017928  -0.957597  0.287553  0.005542  -0.013625  0.001622  -1.000659  -0.338310  0.290776  2.000000  
230.936486 0.009635  0.086882  -0.000453  0.999135  0.028086  0.030662  -0.037454  0.287562  0.957029  0.018062  -0.957350  0.288365  0.005534  -0.013601  0.001610  -0.992735  -0.324830  0.287345  2.000000  
230.937733 0.009642  0.086864  -0.000451  0.999117  0.028363  0.030990  -0.037865  0.288474  0.956739  0.018196  -0.957067  0.289294  0.005509  -0.013660  0.001602  -0.980478  -0.326944  0.279136  2.000000  
230.938736 0.009647  0.086850  -0.000448  0.999099  0.028632  0.031325  -0.038276  0.289154  0.956517  0.018329  -0.956854  0.289989  0.005527  -0.013633  0.001660  -0.968293  -0.323968  0.275568  2.000000  
230.939987 0.009654  0.086832  -0.000446  0.999081  0.028914  0.031648  -0.038688  0.290181  0.956189  0.018463  -0.956535  0.291033  0.005498  -0.013681  0.001647  -0.960082  -0.318202  0.269695  2.000000  
230.941233 0.009661  0.086814  -0.000443  0.999060  0.029324  0.031932  -0.039099  0.291203  0.955862  0.018731  -0.956212  0.292076  0.005526  -0.013687  0.001719  -0.947756  -0.317858  0.270101  2.000000  
230.942487 0.009668  0.086797  -0.000440  0.999049  0.029543  0.032061  -0.039304  0.292119  0.955574  0.018864  -0.955926  0.293003  0.005603  -0.013683  0.001790  -0.939622  -0.305491  0.262225  2.000000  
230.943732 0.009675  0.086780  -0.000437  0.999030  0.029826  0.032383  -0.039715  0.293145  0.955243  0.018998  -0.955603  0.294045  0.005624  -0.013711  0.001911  -0.932001  -0.304003  0.256168  2.000000  
230.944981 0.009683  0.086763  -0.000435  0.999011  0.030106  0.032708  -0.040127  0.294054  0.954946  0.019132  -0.955314  0.294972  0.005663  -0.013720  0.001946  -0.920024  -0.298415  0.250335  2.000000  
230.945981 0.009689  0.086749  -0.000433  0.999001  0.030318  0.032843  -0.040332  0.294738  0.954727  0.019266  -0.955097  0.295666  0.005727  -0.013753  0.001961  -0.911944  -0.291599  0.248632  2.000000  
230.946985 0.009695  0.086735  -0.000431  0.998990  0.030531  0.032978  -0.040538  0.295421  0.954507  0.019400  -0.954879  0.296360  0.005726  -0.013804  0.002022  -0.899299  -0.288438  0.244757  2.000000  
230.948234 0.009703  0.086718  -0.000429  0.998973  0.030685  0.033341  -0.040949  0.296335  0.954206  0.019400  -0.954591  0.297287  0.005747  -0.013845  0.001999  -0.887700  -0.288316  0.234455  2.000000  
230.949494 0.009711  0.086700  -0.000427  0.998962  0.030902  0.033471  -0.041155  0.297133  0.953949  0.019533  -0.954336  0.298096  0.005818  -0.013904  0.002027  -0.875685  -0.282791  0.228535  2.000000  
230.950736 0.009718  0.086682  -0.000425  0.998942  0.031185  0.033794  -0.041566  0.298041  0.953648  0.019667  -0.954044  0.299022  0.005836  -0.014012  0.001962  -0.862650  -0.279513  0.224509  2.000000  
230.951983 0.009725  0.086664  -0.000423  0.998931  0.031402  0.033924  -0.041771  0.298838  0.953389  0.019801  -0.953787  0.299831  0.005861  -0.014076  0.001953  -0.847432  -0.270388  0.220927  2.000000  
230.953233 0.009732  0.086645  -0.000421  0.998911  0.031682  0.034249  -0.042183  0.299629  0.953123  0.019935  -0.953529  0.300640  0.005852  -0.014142  0.001910  -0.835295  -0.271465  0.216950  2.000000  
230.954233 0.009738  0.086630  -0.000420  0.998900  0.031896  0.034382  -0.042388  0.300311  0.952899  0.020068  -0.953308  0.301333  0.005932  -0.014174  0.001878  -0.823295  -0.264714  0.215223  2.000000  
230.955486 0.009746  0.086611  -0.000417  0.998888  0.032115  0.034511  -0.042594  0.301108  0.952638  0.020202  -0.953049  0.302141  0.005957  -0.014226  0.001868  -0.815252  -0.252621  0.207187  2.000000  
230.956492 0.009752  0.086596  -0.000415  0.998877  0.032325  0.034647  -0.042799  0.301674  0.952450  0.020336  -0.952863  0.302718  0.005994  -0.014315  0.001872  -0.797377  -0.249128  0.202773  2.000000  
230.957733 0.009760  0.086578  -0.000411  0.998856  0.032606  0.034971  -0.043210  0.302463  0.952181  0.020470  -0.952603  0.303526  0.006026  -0.014386  0.001865  -0.785385  -0.249005  0.203100  2.000000  
230.958985 0.009767  0.086559  -0.000409  0.998845  0.032822  0.035103  -0.043416  0.303144  0.951955  0.020604  -0.952379  0.304219  0.006010  -0.014476  0.001869  -0.769219  -0.236878  0.194968  2.000000  
230.960230 0.009775  0.086541  -0.000406  0.998833  0.033037  0.035234  -0.043621  0.303825  0.951729  0.020737  -0.952155  0.304911  0.006043  -0.014565  0.001875  -0.758966  -0.228226  0.191538  2.000000  
230.961231 0.009781  0.086526  -0.000404  0.998821  0.033248  0.035369  -0.043827  0.304389  0.951539  0.020871  -0.951967  0.305488  0.006019  -0.014626  0.001867  -0.746845  -0.228088  0.191729  2.000000  
230.962493 0.009789  0.086507  -0.000402  0.998809  0.033464  0.035500  -0.044032  0.305069  0.951312  0.021005  -0.951742  0.306179  0.006034  -0.014772  0.001859  -0.732602  -0.216478  0.189390  2.000000  
230.963729 0.009796  0.086488  -0.000400  0.998797  0.033680  0.035630  -0.044238  0.305749  0.951084  0.021139  -0.951516  0.306871  0.006024  -0.014890  0.001879  -0.722987  -0.208100  0.186059  2.000000  
230.964730 0.009803  0.086472  -0.000398  0.998785  0.033887  0.035768  -0.044443  0.306198  0.950930  0.021272  -0.951365  0.307332  0.006031  -0.014957  0.001941  -0.710833  -0.207978  0.186200  2.000000  
230.965732 0.009808  0.086457  -0.000396  0.998773  0.034099  0.035902  -0.044649  0.306762  0.950738  0.021406  -0.951175  0.307908  0.006009  -0.015033  0.001945  -0.702778  -0.201271  0.184290  2.000000  
230.966733 0.009814  0.086441  -0.000394  0.998761  0.034307  0.036040  -0.044854  0.307210  0.950584  0.021540  -0.951023  0.308369  0.006008  -0.015084  0.002006  -0.688347  -0.197544  0.179629  2.000000  
230.967736 0.009820  0.086425  -0.000392  0.998749  0.034520  0.036174  -0.045060  0.307774  0.950392  0.021674  -0.950833  0.308944  0.006030  -0.015159  0.002034  -0.684168  -0.197403  0.179743  2.000000  
230.968988 0.009827  0.086405  -0.000390  0.998737  0.034732  0.036307  -0.045265  0.308337  0.950199  0.021807  -0.950643  0.309520  0.005996  -0.015282  0.001981  -0.667878  -0.190625  0.177810  2.000000  
230.970234 0.009834  0.086385  -0.000388  0.998725  0.034945  0.036440  -0.045471  0.308901  0.950007  0.021941  -0.950452  0.310096  0.006012  -0.015391  0.001916  -0.651764  -0.183899  0.175913  2.000000  
230.971234 0.009841  0.086369  -0.000386  0.998712  0.035153  0.036577  -0.045676  0.309349  0.949851  0.022075  -0.950299  0.310556  0.006022  -0.015430  0.001931  -0.643803  -0.177218  0.173960  2.000000  
230.972487 0.009848  0.086349  -0.000384  0.998700  0.035366  0.036710  -0.045882  0.309911  0.949658  0.022209  -0.950107  0.311131  0.005998  -0.015548  0.001842  -0.630279  -0.175603  0.172627  2.000000  
230.973734 0.009856  0.086328  -0.000383  0.998685  0.035706  0.036801  -0.046087  0.310468  0.949466  0.022476  -0.949913  0.311706  0.006014  -0.015655  0.001777  -0.615274  -0.168959  0.176424  2.000000  
230.974983 0.009864  0.086308  -0.000380  0.998672  0.035915  0.036937  -0.046293  0.310916  0.949309  0.022610  -0.949759  0.312165  0.006019  -0.015775  0.001759  -0.594989  -0.162224  0.174450  2.000000  
230.975986 0.009870  0.086291  -0.000379  0.998659  0.036124  0.037073  -0.046498  0.311363  0.949153  0.022744  -0.949604  0.312625  0.006024  -0.015895  0.001741  -0.586771  -0.162107  0.174538  2.000000  
230.977230 0.009878  0.086271  -0.000376  0.998644  0.036460  0.037167  -0.046703  0.311804  0.948998  0.023011  -0.949447  0.313084  0.006047  -0.015978  0.001770  -0.574698  -0.154044  0.176834  2.000000  
230.978492 0.009886  0.086250  -0.000373  0.998631  0.036669  0.037303  -0.046909  0.312251  0.948841  0.023145  -0.949292  0.313544  0.006035  -0.016095  0.001798  -0.558297  -0.147271  0.174765  2.000000  
230.979494 0.009892  0.086233  -0.000371  0.998628  0.036814  0.037243  -0.046909  0.312705  0.948691  0.023279  -0.949136  0.314003  0.006074  -0.016191  0.001802  -0.553855  -0.144653  0.177695  2.000000  
230.980733 0.009900  0.086212  -0.000369  0.998612  0.037146  0.037341  -0.047114  0.313031  0.948574  0.023546  -0.949016  0.314347  0.006125  -0.016330  0.001822  -0.533794  -0.136647  0.179947  2.000000  
230.981979 0.009908  0.086190  -0.000366  0.998599  0.037355  0.037476  -0.047319  0.313478  0.948416  0.023680  -0.948861  0.314806  0.006166  -0.016425  0.001843  -0.521661  -0.136532  0.180045  2.000000  
230.983234 0.009915  0.086169  -0.000364  0.998586  0.037565  0.037611  -0.047525  0.313924  0.948258  0.023814  -0.948705  0.315265  0.006169  -0.016541  0.001825  -0.505755  -0.130946  0.179524  2.000000  
230.984236 0.009921  0.086152  -0.000362  0.998570  0.037892  0.037713  -0.047730  0.314134  0.948178  0.024081  -0.948622  0.315494  0.006191  -0.016628  0.001838  -0.493403  -0.129459  0.183827  2.000000  
230.985491 0.009929  0.086131  -0.000360  0.998557  0.038097  0.037852  -0.047936  0.314465  0.948058  0.024215  -0.948504  0.315838  0.006214  -0.016675  0.001828  -0.476943  -0.129312  0.183856  2.000000  
230.986494 0.009936  0.086114  -0.000358  0.998554  0.038238  0.037796  -0.047935  0.314804  0.947945  0.024349  -0.948386  0.316182  0.006275  -0.016709  0.001842  -0.464812  -0.122626  0.181771  2.000000  
230.987733 0.009944  0.086093  -0.000357  0.998537  0.038570  0.037893  -0.048141  0.315129  0.947827  0.024616  -0.948265  0.316525  0.006278  -0.016819  0.001813  -0.453177  -0.113664  0.182508  2.000000  
230.988987 0.009952  0.086071  -0.000355  0.998534  0.038710  0.037836  -0.048140  0.315468  0.947714  0.024750  -0.948146  0.316869  0.006292  -0.016878  0.001840  -0.440787  -0.107925  0.181951  2.000000  
230.990233 0.009960  0.086050  -0.000352  0.998517  0.039038  0.037937  -0.048346  0.315677  0.947634  0.025018  -0.948063  0.317097  0.006281  -0.016935  0.001813  -0.420204  -0.107414  0.188040  2.000000  
230.991234 0.009966  0.086033  -0.000351  0.998504  0.039239  0.038080  -0.048551  0.315893  0.947552  0.025151  -0.947983  0.317326  0.006324  -0.016958  0.001834  -0.412164  -0.106350  0.186309  2.000000  
230.992480 0.009974  0.086011  -0.000349  0.998497  0.039506  0.037981  -0.048551  0.316226  0.947441  0.025419  -0.947861  0.317668  0.006287  -0.017066  0.001798  -0.400993  -0.097518  0.187006  2.000000  
230.993484 0.009980  0.085994  -0.000347  0.998484  0.039702  0.038129  -0.048756  0.316326  0.947397  0.025553  -0.947819  0.317782  0.006303  -0.017081  0.001765  -0.383709  -0.098196  0.188502  2.000000  
230.994731 0.009988  0.085972  -0.000344  0.998480  0.039843  0.038072  -0.048756  0.316665  0.947284  0.025687  -0.947700  0.318126  0.006290  -0.017099  0.001786  -0.371774  -0.091561  0.186467  2.000000  
230.995734 0.009994  0.085954  -0.000343  0.998463  0.040166  0.038177  -0.048961  0.316759  0.947242  0.025954  -0.947655  0.318239  0.006247  -0.017194  0.001719  -0.359412  -0.090070  0.190715  2.000000  
230.996986 0.010001  0.085932  -0.000340  0.998460  0.040302  0.038125  -0.048961  0.316983  0.947167  0.026088  -0.947575  0.318468  0.006254  -0.017227  0.001734  -0.348519  -0.082746  0.187030  2.000000  
230.998229 0.010008  0.085910  -0.000338  0.998453  0.040564  0.038030  -0.048961  0.317200  0.947094  0.026355  -0.947491  0.318695  0.006227  -0.017270  0.001743  -0.332536  -0.074752  0.189181  2.000000  
230.999231 0.010015  0.085893  -0.000336  0.998439  0.040766  0.038172  -0.049166  0.317415  0.947011  0.026489  -0.947410  0.318924  0.006227  -0.017275  0.001745  -0.324364  -0.074668  0.189170  2.000000  
