1-Time 2-Px 3-Py 4-Pz 5-R11 6-R21 7-R31 8-R12 9-R22 10-R32 11-R13 12-R23 13-R33 14-Vx 15-Vy 16-Vz 17-Wx 18-Wy 19-Wz 20-state
198.535176 0.009424  -0.010724  0.022594  0.610655  0.761774  0.216335  -0.756746  0.641840  -0.124004  -0.233315  -0.087988  0.968412  0.000901  0.000405  -0.000578  0.000000  0.000000  0.000000  1.000000  
198.536289 0.009425  -0.010723  0.022594  0.610655  0.761748  0.216428  -0.756746  0.641855  -0.123926  -0.233315  -0.088105  0.968402  0.001421  0.001292  -0.000021  0.000000  0.000000  0.000000  1.000000  
198.537533 0.009426  -0.010720  0.022580  0.610655  0.761696  0.216612  -0.756746  0.641885  -0.123770  -0.233315  -0.088340  0.968380  0.000969  0.002318  -0.007064  0.000000  0.000000  0.000000  1.000000  
198.538782 0.009427  -0.010714  0.022558  0.610655  0.761643  0.216797  -0.756746  0.641915  -0.123614  -0.233315  -0.088575  0.968359  0.000882  0.003244  -0.011101  0.000000  0.000000  0.000000  1.000000  
198.540034 0.009428  -0.010709  0.022543  0.610655  0.761590  0.216982  -0.756746  0.641945  -0.123458  -0.233315  -0.088810  0.968337  0.000906  0.003307  -0.011230  0.000000  0.000000  0.000000  1.000000  
198.541282 0.009431  -0.010706  0.022535  0.610655  0.761564  0.217074  -0.756746  0.641960  -0.123381  -0.233315  -0.088927  0.968326  0.001143  0.003263  -0.010288  0.000000  0.000000  0.000000  1.000000  
198.542282 0.009429  -0.010703  0.022526  0.610655  0.761538  0.217167  -0.756746  0.641975  -0.123303  -0.233315  -0.089045  0.968316  0.000776  0.003179  -0.010001  0.000000  0.000000  0.000000  1.000000  
198.543532 0.009424  -0.010697  0.022515  0.610499  0.761644  0.217234  -0.756872  0.641833  -0.123270  -0.233315  -0.089162  0.968305  0.000004  0.003418  -0.009879  0.000000  0.000000  0.000000  1.000000  
198.544533 0.009420  -0.010691  0.022505  0.610499  0.761617  0.217326  -0.756872  0.641848  -0.123192  -0.233315  -0.089280  0.968294  -0.000487  0.003710  -0.009845  0.000000  0.000000  0.000000  1.000000  
198.545779 0.009417  -0.010682  0.022494  0.610518  0.761598  0.217337  -0.756896  0.641853  -0.123013  -0.233185  -0.089400  0.968314  -0.000724  0.004119  -0.009745  0.000000  0.000000  0.000000  1.000000  
198.547029 0.009416  -0.010674  0.022483  0.610538  0.761579  0.217348  -0.756921  0.641859  -0.122834  -0.233055  -0.089520  0.968334  -0.000699  0.004396  -0.009649  0.000000  0.000000  0.000000  1.000000  
198.548040 0.009415  -0.010667  0.022470  0.610557  0.761587  0.217267  -0.756945  0.641850  -0.122734  -0.232925  -0.089523  0.968365  -0.000728  0.004579  -0.009868  0.000000  0.000000  0.000000  1.000000  
198.549283 0.009411  -0.010660  0.022449  0.610577  0.761594  0.217186  -0.756969  0.641840  -0.122633  -0.232795  -0.089526  0.968396  -0.000970  0.004689  -0.010543  0.000000  0.000000  0.000000  1.000000  
198.550534 0.009406  -0.010651  0.022420  0.610733  0.761489  0.217118  -0.756843  0.641982  -0.122666  -0.232795  -0.089409  0.968407  -0.001210  0.004903  -0.011548  0.000000  0.000000  0.000000  1.000000  
198.551783 0.009404  -0.010639  0.022388  0.610733  0.761515  0.217026  -0.756843  0.641967  -0.122744  -0.232795  -0.089291  0.968418  -0.001393  0.005569  -0.013451  0.000000  0.000000  0.000000  1.000000  
198.553030 0.009404  -0.010626  0.022359  0.610752  0.761549  0.216852  -0.756868  0.641943  -0.122721  -0.232665  -0.089177  0.968460  -0.001503  0.006054  -0.014085  0.000000  0.000000  0.000000  1.000000  
198.554030 0.009403  -0.010616  0.022340  0.610752  0.761549  0.216852  -0.756868  0.641943  -0.122721  -0.232665  -0.089177  0.968460  -0.001611  0.006528  -0.014253  0.000000  0.000000  0.000000  1.000000  
198.555280 0.009398  -0.010604  0.022322  0.610889  0.761435  0.216867  -0.756718  0.642094  -0.122855  -0.232795  -0.089056  0.968440  -0.002159  0.007056  -0.014718  0.000000  0.000000  0.000000  1.000000  
198.556530 0.009389  -0.010592  0.022303  0.611044  0.761330  0.216800  -0.756592  0.642236  -0.122888  -0.232795  -0.088939  0.968451  -0.002810  0.007631  -0.015427  0.000000  0.000000  0.000000  1.000000  
198.557780 0.009383  -0.010579  0.022279  0.611044  0.761330  0.216800  -0.756592  0.642236  -0.122888  -0.232795  -0.088939  0.968451  -0.003002  0.008136  -0.016181  0.000000  0.000000  0.000000  1.000000  
198.559030 0.009379  -0.010567  0.022249  0.611200  0.761197  0.216825  -0.756466  0.642393  -0.122843  -0.232795  -0.088939  0.968451  -0.002866  0.008445  -0.017383  0.000000  0.000000  0.000000  1.000000  
198.560037 0.009378  -0.010557  0.022222  0.611181  0.761216  0.216814  -0.756442  0.642387  -0.123022  -0.232925  -0.088818  0.968430  -0.002631  0.008733  -0.018748  0.000000  0.000000  0.000000  1.000000  
198.561281 0.009376  -0.010545  0.022186  0.611336  0.761084  0.216839  -0.756316  0.642544  -0.122977  -0.232925  -0.088818  0.968430  -0.002703  0.008925  -0.020406  0.000000  0.000000  0.000000  1.000000  
198.562530 0.009372  -0.010533  0.022149  0.611472  0.760944  0.216946  -0.756166  0.642710  -0.123034  -0.233055  -0.088816  0.968399  -0.002871  0.009197  -0.021827  0.000000  0.000000  0.000000  1.000000  
198.563780 0.009367  -0.010521  0.022115  0.611628  0.760838  0.216879  -0.756040  0.642851  -0.123067  -0.233055  -0.088698  0.968410  -0.003028  0.009456  -0.022883  0.000000  0.000000  0.000000  1.000000  
198.564780 0.009363  -0.010510  0.022088  0.611784  0.760732  0.216812  -0.755914  0.642993  -0.123100  -0.233055  -0.088581  0.968421  -0.003072  0.009730  -0.023404  0.000000  0.000000  0.000000  1.000000  
198.565782 0.009359  -0.010500  0.022063  0.611939  0.760626  0.216745  -0.755788  0.643135  -0.123134  -0.233055  -0.088463  0.968432  -0.003082  0.009977  -0.023377  0.000000  0.000000  0.000000  1.000000  
198.567032 0.009354  -0.010484  0.022037  0.612075  0.760512  0.216760  -0.755638  0.643286  -0.123268  -0.233185  -0.088343  0.968411  -0.003415  0.010177  -0.022986  0.000000  0.000000  0.000000  1.000000  
198.568058 0.009350  -0.010471  0.022020  0.612231  0.760406  0.216693  -0.755512  0.643427  -0.123301  -0.233185  -0.088225  0.968422  -0.003723  0.010349  -0.022631  0.000000  0.000000  0.000000  1.000000  
198.569281 0.009341  -0.010455  0.022000  0.612367  0.760319  0.216616  -0.755362  0.643563  -0.123513  -0.233315  -0.087988  0.968412  -0.004082  0.010570  -0.022464  0.000000  0.000000  0.000000  1.000000  
198.570290 0.009333  -0.010443  0.021981  0.612522  0.760213  0.216549  -0.755235  0.643705  -0.123547  -0.233315  -0.087870  0.968423  -0.004290  0.010750  -0.022787  0.000000  0.000000  0.000000  1.000000  
198.571530 0.009324  -0.010431  0.021952  0.612658  0.760125  0.216471  -0.755085  0.643840  -0.123759  -0.233445  -0.087632  0.968413  -0.004303  0.010783  -0.023474  0.000000  0.000000  0.000000  1.000000  
198.572530 0.009319  -0.010419  0.021925  0.612813  0.760019  0.216405  -0.754959  0.643982  -0.123793  -0.233445  -0.087515  0.968424  -0.004329  0.010823  -0.023998  0.000000  0.000000  0.000000  1.000000  
198.573780 0.009316  -0.010404  0.021888  0.613124  0.759780  0.216364  -0.754707  0.644280  -0.123782  -0.233445  -0.087398  0.968434  -0.004260  0.011046  -0.024531  0.000000  0.000000  0.000000  1.000000  
198.575030 0.009311  -0.010389  0.021851  0.613280  0.759674  0.216297  -0.754580  0.644421  -0.123815  -0.233445  -0.087280  0.968445  -0.004469  0.011180  -0.024735  0.000000  0.000000  0.000000  1.000000  
198.576036 0.009305  -0.010379  0.021824  0.613415  0.759560  0.216312  -0.754430  0.644571  -0.123949  -0.233575  -0.087160  0.968424  -0.004802  0.011266  -0.024542  0.000000  0.000000  0.000000  1.000000  
198.577281 0.009294  -0.010367  0.021793  0.613570  0.759427  0.216337  -0.754304  0.644728  -0.123905  -0.233575  -0.087160  0.968424  -0.005283  0.011276  -0.024186  0.000000  0.000000  0.000000  1.000000  
198.578531 0.009284  -0.010354  0.021764  0.613861  0.759180  0.216378  -0.754027  0.645034  -0.123994  -0.233706  -0.087040  0.968404  -0.005596  0.011316  -0.023790  0.000000  0.000000  0.000000  1.000000  
198.579533 0.009278  -0.010342  0.021742  0.614016  0.759074  0.216312  -0.753900  0.645176  -0.124028  -0.233706  -0.086922  0.968414  -0.005740  0.011388  -0.023542  0.000000  0.000000  0.000000  1.000000  
198.580797 0.009270  -0.010327  0.021712  0.614152  0.758960  0.216327  -0.753750  0.645326  -0.124162  -0.233836  -0.086802  0.968394  -0.005975  0.011491  -0.023406  0.000000  0.000000  0.000000  1.000000  
198.582034 0.009260  -0.010312  0.021679  0.614462  0.758720  0.216286  -0.753497  0.645623  -0.124152  -0.233836  -0.086684  0.968404  -0.006319  0.011381  -0.023986  0.000000  0.000000  0.000000  1.000000  
198.583040 0.009252  -0.010302  0.021650  0.614598  0.758606  0.216301  -0.753346  0.645773  -0.124286  -0.233966  -0.086564  0.968384  -0.006529  0.011282  -0.024714  0.000000  0.000000  0.000000  1.000000  
198.584043 0.009243  -0.010291  0.021619  0.614753  0.758500  0.216235  -0.753219  0.645914  -0.124320  -0.233966  -0.086447  0.968394  -0.006649  0.011065  -0.025778  0.000000  0.000000  0.000000  1.000000  
198.585280 0.009234  -0.010278  0.021580  0.615043  0.758279  0.216184  -0.752942  0.646205  -0.124488  -0.234096  -0.086209  0.968384  -0.006592  0.010979  -0.026773  -0.052625  -0.027814  -0.191711  1.000000  
198.586280 0.009228  -0.010267  0.021547  0.615043  0.758305  0.216092  -0.752942  0.646190  -0.124566  -0.234096  -0.086091  0.968394  -0.006483  0.011073  -0.027447  0.000000  0.000000  0.000000  1.000000  
198.587530 0.009220  -0.010253  0.021508  0.615198  0.758224  0.215934  -0.752815  0.646316  -0.124678  -0.234096  -0.085857  0.968415  -0.006641  0.011104  -0.027712  -0.060774  -0.027858  -0.191685  1.000000  
198.588780 0.009211  -0.010238  0.021470  0.615508  0.758010  0.215801  -0.752562  0.646598  -0.124746  -0.234096  -0.085622  0.968436  -0.007051  0.011047  -0.027763  -0.067313  -0.027277  -0.198383  1.000000  
198.590030 0.009199  -0.010224  0.021439  0.615663  0.757904  0.215735  -0.752435  0.646739  -0.124780  -0.234096  -0.085504  0.968446  -0.007513  0.010965  -0.027470  -0.065152  -0.022039  -0.203019  1.000000  
198.591030 0.009189  -0.010214  0.021415  0.615663  0.757956  0.215551  -0.752435  0.646709  -0.124937  -0.234096  -0.085269  0.968467  -0.007747  0.010965  -0.027281  -0.074839  -0.022660  -0.196356  1.000000  
198.592037 0.009180  -0.010203  0.021391  0.615663  0.757982  0.215459  -0.752435  0.646694  -0.125016  -0.234096  -0.085152  0.968477  -0.007782  0.011104  -0.027218  0.000000  0.000000  0.000000  1.000000  
198.593280 0.009169  -0.010188  0.021356  0.615818  0.757901  0.215301  -0.752308  0.646819  -0.125128  -0.234096  -0.084917  0.968498  -0.007832  0.011202  -0.027597  0.000000  0.000000  0.000000  1.000000  
198.594280 0.009161  -0.010176  0.021322  0.615972  0.757820  0.215143  -0.752182  0.646945  -0.125241  -0.234096  -0.084682  0.968519  -0.007921  0.011284  -0.028445  -0.091005  -0.018289  -0.195956  1.000000  
198.595280 0.009152  -0.010165  0.021286  0.615972  0.757872  0.214959  -0.752182  0.646914  -0.125398  -0.234096  -0.084447  0.968539  -0.008011  0.011225  -0.029214  0.000000  0.000000  0.000000  1.000000  
198.596282 0.009144  -0.010154  0.021249  0.616107  0.757784  0.214883  -0.752030  0.647049  -0.125611  -0.234226  -0.084209  0.968528  -0.008151  0.011116  -0.030032  0.000000  0.000000  0.000000  1.000000  
198.597540 0.009131  -0.010142  0.021202  0.616107  0.757862  0.214608  -0.752030  0.647003  -0.125846  -0.234226  -0.083857  0.968559  -0.008314  0.010981  -0.030835  0.000000  0.000000  0.000000  1.000000  
198.598786 0.009119  -0.010129  0.021155  0.616088  0.757933  0.214414  -0.752006  0.646966  -0.126182  -0.234356  -0.083502  0.968558  -0.008427  0.011048  -0.031468  0.000000  0.000000  0.000000  1.000000  
198.599786 0.009109  -0.010118  0.021119  0.616222  0.757871  0.214246  -0.751855  0.647084  -0.126473  -0.234486  -0.083146  0.968557  -0.008559  0.011055  -0.031765  0.000000  0.000000  0.000000  1.000000  
198.601037 0.009097  -0.010106  0.021076  0.616357  0.757809  0.214079  -0.751704  0.647203  -0.126765  -0.234616  -0.082791  0.968556  -0.008855  0.010949  -0.031919  0.000000  0.000000  0.000000  1.000000  
198.602282 0.009085  -0.010093  0.021037  0.616337  0.757905  0.213793  -0.751680  0.647150  -0.127179  -0.234746  -0.082319  0.968565  -0.009174  0.010795  -0.031958  0.000000  0.000000  0.000000  1.000000  
198.603282 0.009074  -0.010083  0.021006  0.616492  0.757850  0.213544  -0.751553  0.647260  -0.127371  -0.234746  -0.081966  0.968595  -0.009440  0.010653  -0.031959  0.000000  0.000000  0.000000  1.000000  
198.604530 0.009061  -0.010071  0.020967  0.616627  0.757813  0.213284  -0.751402  0.647362  -0.127741  -0.234876  -0.081494  0.968603  -0.009580  0.010536  -0.032216  0.000000  0.000000  0.000000  1.000000  
198.605531 0.009050  -0.010062  0.020934  0.616762  0.757776  0.213025  -0.751250  0.647465  -0.128112  -0.235006  -0.081021  0.968611  -0.009600  0.010498  -0.033017  -0.178813  -0.035895  -0.158443  1.000000  
198.606782 0.009038  -0.010050  0.020890  0.616896  0.757765  0.212674  -0.751099  0.647551  -0.128561  -0.235136  -0.080431  0.968629  -0.009607  0.010398  -0.033861  -0.193505  -0.040101  -0.157506  1.000000  
198.608037 0.009027  -0.010037  0.020841  0.617031  0.757780  0.212232  -0.750948  0.647622  -0.129088  -0.235266  -0.079723  0.968656  -0.009614  0.010275  -0.034851  -0.217042  -0.041067  -0.152047  1.000000  
198.609284 0.009015  -0.010025  0.020792  0.617146  0.757762  0.211963  -0.750772  0.647716  -0.129638  -0.235526  -0.079131  0.968641  -0.009722  0.010048  -0.035331  -0.233365  -0.050091  -0.152821  1.000000  
198.610530 0.009002  -0.010015  0.020745  0.617435  0.757642  0.211548  -0.750493  0.647941  -0.130122  -0.235656  -0.078423  0.968667  -0.009862  0.009873  -0.035465  -0.252265  -0.049616  -0.159597  1.000000  
198.611536 0.008990  -0.010005  0.020710  0.617549  0.757624  0.211280  -0.750318  0.648034  -0.130672  -0.235917  -0.077831  0.968652  -0.010066  0.009778  -0.035250  -0.270287  -0.058126  -0.158954  1.000000  
198.612791 0.008973  -0.009994  0.020669  0.617663  0.757631  0.210920  -0.750142  0.648111  -0.131300  -0.236177  -0.077121  0.968645  -0.010358  0.009656  -0.034835  -0.290377  -0.063723  -0.153881  1.000000  
198.614031 0.008958  -0.009983  0.020630  0.617952  0.757536  0.210413  -0.749863  0.648319  -0.131864  -0.236307  -0.076296  0.968679  -0.010572  0.009565  -0.034425  -0.310722  -0.067180  -0.159652  1.000000  
198.615051 0.008946  -0.009973  0.020598  0.618066  0.757518  0.210146  -0.749687  0.648411  -0.132414  -0.236567  -0.075703  0.968662  -0.010679  0.009490  -0.034105  -0.326800  -0.072775  -0.154454  1.000000  
198.616288 0.008930  -0.009963  0.020555  0.618180  0.757549  0.209695  -0.749511  0.648469  -0.133121  -0.236827  -0.074876  0.968662  -0.011007  0.009276  -0.034187  -0.349801  -0.081299  -0.161950  1.000000  
198.617308 0.008919  -0.009955  0.020519  0.618448  0.757422  0.209364  -0.749207  0.648699  -0.133707  -0.237087  -0.074166  0.968653  -0.011087  0.009173  -0.034540  -0.364181  -0.089719  -0.169220  1.000000  
198.618539 0.008903  -0.009946  0.020473  0.618562  0.757479  0.208821  -0.749031  0.648740  -0.134493  -0.237347  -0.073221  0.968662  -0.011209  0.009021  -0.035074  -0.390481  -0.099392  -0.163303  1.000000  
198.619559 0.008893  -0.009937  0.020435  0.618676  0.757485  0.208463  -0.748855  0.648813  -0.135122  -0.237606  -0.072512  0.968651  -0.011104  0.008926  -0.035468  -0.408904  -0.107797  -0.170561  1.000000  
198.620562 0.008884  -0.009930  0.020396  0.618944  0.757382  0.208041  -0.748551  0.649025  -0.135787  -0.237866  -0.071684  0.968649  -0.011105  0.008724  -0.035780  -0.431639  -0.116281  -0.177905  1.000000  
198.621785 0.008870  -0.009920  0.020348  0.619191  0.757324  0.207518  -0.748222  0.649210  -0.136710  -0.238256  -0.070620  0.968631  -0.011192  0.008605  -0.036020  -0.457392  -0.128910  -0.192518  1.000000  
198.622788 0.008859  -0.009912  0.020311  0.619304  0.757379  0.206976  -0.748046  0.649247  -0.137497  -0.238516  -0.069675  0.968636  -0.011389  0.008458  -0.035951  -0.481686  -0.137953  -0.193092  1.000000  
198.624041 0.008844  -0.009902  0.020268  0.619571  0.757351  0.206280  -0.747741  0.649406  -0.138399  -0.238776  -0.068496  0.968656  -0.011607  0.008332  -0.035547  -0.512568  -0.146510  -0.200369  1.000000  
198.625284 0.008829  -0.009892  0.020229  0.619818  0.757340  0.205575  -0.747412  0.649554  -0.139480  -0.239166  -0.067197  0.968651  -0.011727  0.008305  -0.034985  -0.542032  -0.154649  -0.214408  1.000000  
198.626534 0.008813  -0.009882  0.020191  0.620218  0.757171  0.204991  -0.746956  0.649872  -0.140441  -0.239555  -0.066015  0.968636  -0.011803  0.008184  -0.034580  -0.571304  -0.167212  -0.228723  1.000000  
198.627535 0.008800  -0.009875  0.020161  0.620485  0.757116  0.204388  -0.746651  0.650044  -0.141265  -0.239815  -0.064954  0.968643  -0.011746  0.008101  -0.034495  -0.591731  -0.173892  -0.240746  1.000000  
198.628784 0.008784  -0.009865  0.020119  0.620730  0.757129  0.203593  -0.746321  0.650169  -0.142427  -0.240205  -0.063537  0.968641  -0.011803  0.007959  -0.034644  -0.624707  -0.181970  -0.254504  1.000000  
198.629785 0.008772  -0.009857  0.020082  0.620997  0.757072  0.202991  -0.746016  0.650337  -0.143252  -0.240465  -0.062476  0.968645  -0.011812  0.007924  -0.035000  -0.647291  -0.186104  -0.261343  1.000000  
198.630786 0.008762  -0.009850  0.020046  0.621242  0.757034  0.202381  -0.745686  0.650494  -0.144256  -0.240854  -0.061295  0.968624  -0.011723  0.007840  -0.035151  -0.679569  -0.196352  -0.270750  1.000000  
198.631796 0.008750  -0.009842  0.020008  0.621507  0.756976  0.201780  -0.745381  0.650660  -0.145082  -0.241114  -0.060233  0.968626  -0.011592  0.007825  -0.035245  -0.700263  -0.199927  -0.284159  1.000000  
198.633044 0.008737  -0.009834  0.019961  0.621906  0.756852  0.201017  -0.744922  0.650934  -0.146204  -0.241504  -0.058817  0.968616  -0.011491  0.007717  -0.035294  -0.729617  -0.212710  -0.298371  1.000000  
198.634289 0.008723  -0.009825  0.019917  0.622283  0.756722  0.200339  -0.744439  0.651212  -0.147425  -0.242023  -0.057400  0.968571  -0.011473  0.007647  -0.035192  -0.758908  -0.225517  -0.312542  1.000000  
198.635539 0.008708  -0.009816  0.019875  0.622701  0.756626  0.199403  -0.744005  0.651457  -0.148528  -0.242283  -0.055869  0.968596  -0.011707  0.007603  -0.034840  -0.788122  -0.229389  -0.325988  1.000000  
198.636791 0.008694  -0.009807  0.019834  0.623098  0.756475  0.198735  -0.743545  0.651743  -0.149572  -0.242672  -0.054571  0.968572  -0.011752  0.007550  -0.034135  -0.805033  -0.237741  -0.339725  1.000000  
198.638036 0.008679  -0.009797  0.019795  0.623341  0.756529  0.197762  -0.743214  0.651815  -0.150895  -0.243061  -0.052920  0.968566  -0.011790  0.007510  -0.033757  -0.837409  -0.244686  -0.344033  1.000000  
198.639285 0.008665  -0.009788  0.019756  0.623758  0.756476  0.196646  -0.742779  0.652018  -0.152158  -0.243321  -0.051155  0.968596  -0.011767  0.007412  -0.033617  -0.879544  -0.246777  -0.353352  1.000000  
198.640287 0.008651  -0.009782  0.019723  0.624001  0.756480  0.195858  -0.742447  0.652122  -0.153324  -0.243710  -0.049740  0.968572  -0.011779  0.007359  -0.033740  -0.905969  -0.255572  -0.360227  1.000000  
198.641535 0.008637  -0.009773  0.019680  0.624417  0.756448  0.194652  -0.742012  0.652301  -0.154668  -0.243970  -0.047857  0.968601  -0.011714  0.007302  -0.034143  -0.939721  -0.253096  -0.370261  1.000000  
198.642785 0.008622  -0.009764  0.019635  0.624812  0.756433  0.193438  -0.741551  0.652462  -0.156191  -0.244359  -0.045855  0.968600  -0.011586  0.007246  -0.034583  -0.980977  -0.257273  -0.383536  1.000000  
198.644037 0.008608  -0.009755  0.019589  0.625207  0.756439  0.192134  -0.741090  0.652600  -0.157794  -0.244748  -0.043735  0.968600  -0.011530  0.007191  -0.034722  -1.028203  -0.264120  -0.393300  1.000000  
198.645284 0.008593  -0.009746  0.019546  0.625601  0.756443  0.190832  -0.740629  0.652734  -0.159397  -0.245137  -0.041616  0.968595  -0.011594  0.007151  -0.034543  -1.064714  -0.266134  -0.403174  1.000000  
198.646537 0.008577  -0.009738  0.019506  0.625995  0.756422  0.189622  -0.740167  0.652883  -0.160923  -0.245526  -0.039615  0.968580  -0.011745  0.007090  -0.034087  -1.108247  -0.273008  -0.412976  1.000000  
198.647551 0.008564  -0.009732  0.019477  0.626236  0.756464  0.188655  -0.739834  0.652932  -0.162251  -0.245916  -0.037966  0.968547  -0.011869  0.007041  -0.033475  -1.138502  -0.277479  -0.419371  1.000000  
198.648786 0.008547  -0.009723  0.019442  0.626781  0.756327  0.187389  -0.739243  0.653210  -0.163818  -0.246305  -0.035848  0.968529  -0.012068  0.007066  -0.032823  -1.176349  -0.282018  -0.432768  1.000000  
198.649789 0.008534  -0.009716  0.019414  0.627021  0.756367  0.186424  -0.738909  0.653253  -0.165147  -0.246694  -0.034199  0.968490  -0.012240  0.007055  -0.032294  -1.201689  -0.284384  -0.435901  1.000000  
198.650797 0.008520  -0.009710  0.019385  0.627435  0.756296  0.185318  -0.738471  0.653426  -0.166419  -0.246953  -0.032435  0.968485  -0.012457  0.007015  -0.032305  -1.231880  -0.286487  -0.452199  1.000000  
198.652043 0.008504  -0.009703  0.019347  0.627826  0.756332  0.183838  -0.738008  0.653496  -0.168186  -0.247342  -0.030082  0.968461  -0.012530  0.006800  -0.031906  -1.274917  -0.286952  -0.458376  1.000000  
198.653285 0.008487  -0.009695  0.019308  0.628369  0.756208  0.182486  -0.737415  0.653738  -0.169837  -0.247731  -0.027847  0.968429  -0.012666  0.006663  -0.031975  -1.308455  -0.291664  -0.471597  1.000000  
198.654285 0.008474  -0.009689  0.019275  0.628760  0.756150  0.181376  -0.736951  0.653883  -0.171290  -0.248120  -0.025965  0.968381  -0.012716  0.006581  -0.032009  -1.335106  -0.296537  -0.478022  1.000000  
198.655536 0.008456  -0.009683  0.019233  0.629151  0.756200  0.179809  -0.736487  0.653919  -0.173140  -0.248508  -0.023496  0.968345  -0.012849  0.006442  -0.032069  -1.378129  -0.297138  -0.484141  1.000000  
198.656536 0.008442  -0.009678  0.019200  0.629540  0.756138  0.178701  -0.736022  0.654055  -0.174593  -0.248897  -0.021614  0.968289  -0.012981  0.006375  -0.031922  -1.410403  -0.302298  -0.483809  1.000000  
198.657785 0.008424  -0.009672  0.019162  0.630081  0.756026  0.177264  -0.735428  0.654258  -0.176329  -0.249286  -0.019263  0.968238  -0.013197  0.006174  -0.031451  -1.439774  -0.302731  -0.496697  1.000000  
198.658785 0.008410  -0.009666  0.019134  0.630470  0.755981  0.176068  -0.734963  0.654366  -0.177864  -0.249675  -0.017265  0.968176  -0.013406  0.006031  -0.030861  -1.470486  -0.307722  -0.503054  1.000000  
198.660036 0.008391  -0.009661  0.019102  0.630988  0.755883  0.174627  -0.734342  0.654539  -0.179780  -0.250193  -0.014797  0.968083  -0.013647  0.005782  -0.030093  -1.503397  -0.312662  -0.515913  1.000000  
198.661284 0.008372  -0.009656  0.019071  0.631354  0.755959  0.172967  -0.733850  0.654507  -0.181892  -0.250711  -0.012094  0.967986  -0.013928  0.005575  -0.029502  -1.548901  -0.313949  -0.515491  1.000000  
198.662537 0.008351  -0.009651  0.019040  0.631870  0.755876  0.171439  -0.733228  0.654646  -0.183889  -0.251229  -0.009510  0.967881  -0.014199  0.005397  -0.029125  -1.591108  -0.319098  -0.521434  1.000000  
198.663538 0.008335  -0.009647  0.019015  0.632386  0.755748  0.170096  -0.732606  0.654823  -0.185729  -0.251747  -0.007161  0.967767  -0.014379  0.005174  -0.028960  -1.632200  -0.328530  -0.534488  1.000000  
198.664548 0.008320  -0.009643  0.018987  0.632772  0.755712  0.168815  -0.732139  0.654884  -0.187348  -0.252136  -0.005047  0.967679  -0.014489  0.004913  -0.028933  -1.658178  -0.329131  -0.540351  1.000000  
198.665558 0.008305  -0.009640  0.018960  0.633136  0.755674  0.167620  -0.731646  0.654942  -0.189066  -0.252653  -0.002934  0.967552  -0.014600  0.004750  -0.028765  -1.694058  -0.339880  -0.548395  1.000000  
198.666791 0.008284  -0.009636  0.018925  0.633649  0.755599  0.166007  -0.731022  0.655034  -0.191147  -0.253171  -0.000235  0.967421  -0.014866  0.004532  -0.028603  -1.730116  -0.345927  -0.548558  1.000000  
198.668040 0.008263  -0.009632  0.018892  0.634140  0.755501  0.164574  -0.730372  0.655143  -0.193248  -0.253818  0.002346  0.967249  -0.015191  0.004245  -0.028142  -1.762555  -0.358867  -0.559053  1.000000  
198.669086 0.008245  -0.009629  0.018868  0.634652  0.755341  0.163332  -0.729746  0.655316  -0.195014  -0.254336  0.004575  0.967105  -0.015443  0.004052  -0.027511  -1.784805  -0.368049  -0.571101  1.000000  
198.670283 0.008223  -0.009627  0.018840  0.635141  0.755296  0.161628  -0.729095  0.655340  -0.197355  -0.254983  0.007506  0.966916  -0.015798  0.003831  -0.026780  -1.822032  -0.375560  -0.579975  1.000000  
198.671285 0.008204  -0.009625  0.018819  0.635651  0.755150  0.160299  -0.728469  0.655478  -0.199203  -0.255500  0.009851  0.966759  -0.016101  0.003655  -0.025990  -1.851494  -0.388816  -0.590776  1.000000  
198.672287 0.008185  -0.009623  0.018799  0.636183  0.755039  0.158704  -0.727868  0.655562  -0.201113  -0.255888  0.012429  0.966626  -0.016439  0.003406  -0.025082  -1.884377  -0.394303  -0.603332  1.000000  
198.673536 0.008162  -0.009621  0.018776  0.636670  0.754984  0.157007  -0.727215  0.655564  -0.203458  -0.256535  0.015358  0.966413  -0.016819  0.003096  -0.024298  -1.906801  -0.404813  -0.609036  1.000000  
198.674811 0.008138  -0.009619  0.018751  0.637305  0.754790  0.155354  -0.726430  0.655712  -0.205771  -0.257182  0.018285  0.966190  -0.017163  0.002847  -0.023714  -1.934041  -0.414858  -0.620923  1.000000  
198.676038 0.008114  -0.009618  0.018726  0.637961  0.754609  0.153528  -0.725670  0.655828  -0.208069  -0.257699  0.021329  0.965990  -0.017477  0.002525  -0.023400  -1.964606  -0.422088  -0.628660  1.000000  
198.677285 0.008090  -0.009618  0.018700  0.638594  0.754425  0.151791  -0.724884  0.655933  -0.210465  -0.258345  0.024371  0.965745  -0.017751  0.002246  -0.023087  -1.998538  -0.427551  -0.646322  1.000000  
198.678536 0.008065  -0.009618  0.018674  0.639099  0.754370  0.149928  -0.724254  0.655877  -0.212797  -0.258862  0.027412  0.965525  -0.017992  0.001962  -0.022760  -2.028283  -0.434408  -0.646480  1.000000  
198.679537 0.008045  -0.009617  0.018655  0.639603  0.754202  0.148616  -0.723623  0.655968  -0.214653  -0.259379  0.029750  0.965317  -0.018318  0.001738  -0.022209  -2.049795  -0.440033  -0.651933  1.000000  
198.680538 0.008025  -0.009617  0.018637  0.640107  0.754050  0.147215  -0.722992  0.656027  -0.216589  -0.259896  0.032204  0.965099  -0.018639  0.001505  -0.021556  -2.070276  -0.445915  -0.664177  1.000000  
198.681545 0.008003  -0.009618  0.018622  0.640632  0.753892  0.145731  -0.722387  0.656084  -0.218429  -0.260283  0.034659  0.964910  -0.019038  0.001199  -0.020569  -2.090817  -0.451183  -0.668356  1.000000  
198.682556 0.007981  -0.009618  0.018609  0.641135  0.753734  0.144334  -0.721755  0.656131  -0.220367  -0.260800  0.037111  0.964679  -0.019371  0.000992  -0.019673  -2.112336  -0.461467  -0.673665  1.000000  
198.683560 0.007958  -0.009619  0.018598  0.641659  0.753587  0.142762  -0.721148  0.656150  -0.222289  -0.261188  0.039681  0.964472  -0.019745  0.000758  -0.018701  -2.132665  -0.463038  -0.685804  1.000000  
198.684790 0.007929  -0.009620  0.018584  0.642285  0.753394  0.140954  -0.720357  0.656173  -0.224774  -0.261833  0.042832  0.964162  -0.020199  0.000480  -0.017753  -2.160150  -0.474286  -0.691342  1.000000  
198.686037 0.007900  -0.009622  0.018569  0.642932  0.753210  0.138971  -0.719591  0.656163  -0.227243  -0.262350  0.046099  0.963871  -0.020589  0.000189  -0.016913  -2.183607  -0.481458  -0.697635  1.000000  
198.687286 0.007872  -0.009624  0.018554  0.643579  0.753020  0.136993  -0.718824  0.656143  -0.229714  -0.262866  0.049366  0.963569  -0.020903  -0.000083  -0.016340  -2.215830  -0.483273  -0.708535  1.000000  
198.688286 0.007849  -0.009626  0.018543  0.644100  0.752857  0.135432  -0.718215  0.656132  -0.231641  -0.263254  0.051931  0.963328  -0.021233  -0.000336  -0.015791  -2.230021  -0.485436  -0.714751  1.000000  
198.689536 0.007820  -0.009629  0.018527  0.644745  0.752657  0.133459  -0.717447  0.656095  -0.234115  -0.263770  0.055194  0.963005  -0.021564  -0.000662  -0.015209  -2.260319  -0.487673  -0.719901  1.000000  
198.690784 0.007791  -0.009632  0.018513  0.645265  0.752566  0.131446  -0.716837  0.655927  -0.236441  -0.264157  0.058342  0.962714  -0.021889  -0.000925  -0.014432  -2.280639  -0.489464  -0.717629  1.000000  
198.691784 0.007767  -0.009635  0.018504  0.645784  0.752406  0.129801  -0.716226  0.655867  -0.238451  -0.264544  0.061020  0.962441  -0.022122  -0.001171  -0.013766  -2.294350  -0.487359  -0.723794  1.000000  
198.692785 0.007743  -0.009638  0.018496  0.646326  0.752237  0.128072  -0.715642  0.655806  -0.240365  -0.264802  0.063701  0.962196  -0.022459  -0.001375  -0.012898  -2.315788  -0.485007  -0.729454  1.000000  
198.694035 0.007712  -0.009642  0.018489  0.646843  0.752161  0.125884  -0.715030  0.655556  -0.242854  -0.265189  0.067077  0.961860  -0.022955  -0.001659  -0.011520  -2.332658  -0.478367  -0.727978  1.000000  
198.695284 0.007681  -0.009645  0.018484  0.647508  0.751929  0.123840  -0.714285  0.655481  -0.245238  -0.265576  0.070336  0.961521  -0.023283  -0.001857  -0.010430  -2.350703  -0.476376  -0.733172  1.000000  
198.696286 0.007655  -0.009649  0.018482  0.648048  0.751746  0.122118  -0.713699  0.655399  -0.247155  -0.265834  0.073013  0.961250  -0.023631  -0.002128  -0.009587  -2.372844  -0.469474  -0.738881  1.000000  
198.697553 0.007623  -0.009654  0.018477  0.648710  0.751502  0.120081  -0.712953  0.655307  -0.249542  -0.266221  0.076269  0.960890  -0.023880  -0.002353  -0.008790  -2.395002  -0.466624  -0.743310  1.000000  
198.698788 0.007590  -0.009659  0.018473  0.649249  0.751395  0.117817  -0.712366  0.655028  -0.251939  -0.266479  0.079642  0.960545  -0.024170  -0.002617  -0.008073  -2.421758  -0.456169  -0.737130  1.000000  
198.699792 0.007564  -0.009663  0.018469  0.649787  0.751225  0.115920  -0.711778  0.654864  -0.254019  -0.266737  0.082549  0.960228  -0.024382  -0.002861  -0.007557  -2.436324  -0.448797  -0.741768  1.000000  
198.700795 0.007538  -0.009666  0.018464  0.650325  0.751050  0.114026  -0.711190  0.654692  -0.256099  -0.266995  0.085454  0.959902  -0.024560  -0.003019  -0.007111  -2.455284  -0.441630  -0.740564  1.000000  
198.702037 0.007505  -0.009671  0.018461  0.650862  0.750937  0.111678  -0.710601  0.654357  -0.258577  -0.267253  0.088940  0.959513  -0.024877  -0.003200  -0.006312  -2.468095  -0.436020  -0.733531  1.000000  
198.703290 0.007471  -0.009676  0.018459  0.651569  0.750661  0.109391  -0.709905  0.654208  -0.260860  -0.267382  0.092311  0.959159  -0.025166  -0.003388  -0.005404  -2.483831  -0.419767  -0.739106  1.000000  
198.704547 0.007437  -0.009681  0.018460  0.652105  0.750520  0.107140  -0.709315  0.653885  -0.263260  -0.267639  0.095677  0.958757  -0.025554  -0.003464  -0.004353  -2.502996  -0.408545  -0.732173  1.000000  
198.705785 0.007403  -0.009686  0.018464  0.652811  0.750254  0.104678  -0.708617  0.653654  -0.265704  -0.267768  0.099278  0.958355  -0.025966  -0.003587  -0.003151  -2.522283  -0.397461  -0.731287  1.000000  
198.707034 0.007368  -0.009691  0.018468  0.653370  0.750101  0.102255  -0.708053  0.653290  -0.268091  -0.267897  0.102761  0.957952  -0.026273  -0.003688  -0.002173  -2.540013  -0.381527  -0.724347  1.000000  
198.708035 0.007340  -0.009695  0.018471  0.653782  0.749990  0.100415  -0.707623  0.652993  -0.269945  -0.268026  0.105429  0.957626  -0.026502  -0.003727  -0.001455  -2.547643  -0.374432  -0.723798  1.000000  
198.709284 0.007305  -0.009699  0.018476  0.654486  0.749689  0.098053  -0.706923  0.652767  -0.272312  -0.268155  0.108909  0.957200  -0.026793  -0.003783  -0.000766  -2.565023  -0.360646  -0.724206  1.000000  
198.710536 0.007269  -0.009703  0.018479  0.655044  0.749526  0.095546  -0.706358  0.652345  -0.274780  -0.268284  0.112503  0.956748  -0.027074  -0.003774  -0.000314  -2.586945  -0.344877  -0.717667  1.000000  
198.711784 0.007234  -0.009707  0.018481  0.655625  0.749354  0.092865  -0.705818  0.651891  -0.277234  -0.268284  0.116216  0.956304  -0.027235  -0.003731  0.000020  -2.612921  -0.329099  -0.711228  1.000000  
198.712788 0.007206  -0.009710  0.018482  0.656036  0.749252  0.090760  -0.705387  0.651465  -0.279326  -0.268413  0.119227  0.955897  -0.027349  -0.003705  0.000345  -2.637864  -0.315045  -0.704135  1.000000  
198.714035 0.007170  -0.009713  0.018485  0.656762  0.748918  0.088232  -0.704711  0.651181  -0.281683  -0.268413  0.122820  0.955442  -0.027555  -0.003544  0.000858  -2.646624  -0.301973  -0.705034  1.000000  
198.715050 0.007141  -0.009716  0.018489  0.657318  0.748668  0.086191  -0.704144  0.650894  -0.283758  -0.268542  0.125828  0.955014  -0.027745  -0.003460  0.001494  -2.660473  -0.292596  -0.703948  1.000000  
198.716290 0.007105  -0.009718  0.018496  0.657897  0.748462  0.083520  -0.703602  0.650404  -0.286214  -0.268542  0.129534  0.954519  -0.028016  -0.003336  0.002143  -2.683445  -0.272213  -0.698517  1.000000  
198.717290 0.007076  -0.009719  0.018503  0.658332  0.748311  0.081428  -0.703196  0.649995  -0.288134  -0.268542  0.132428  0.954122  -0.028220  -0.003149  0.002900  -2.697570  -0.260156  -0.692388  1.000000  
198.718538 0.007039  -0.009721  0.018513  0.659055  0.747953  0.078822  -0.702518  0.649642  -0.290574  -0.268542  0.136131  0.953600  -0.028404  -0.002943  0.003570  -2.713979  -0.244791  -0.693230  1.000000  
198.719783 0.007002  -0.009722  0.018523  0.659634  0.747728  0.076069  -0.701975  0.649090  -0.293110  -0.268542  0.139946  0.953048  -0.028590  -0.002614  0.004134  -2.734350  -0.233937  -0.693692  1.000000  
198.720784 0.006973  -0.009721  0.018530  0.660211  0.747430  0.073953  -0.701432  0.648778  -0.295094  -0.268542  0.142951  0.952602  -0.028642  -0.002352  0.004405  -2.750007  -0.225551  -0.694795  1.000000  
198.721785 0.006944  -0.009722  0.018537  0.660645  0.747268  0.071689  -0.701024  0.648270  -0.297173  -0.268542  0.146070  0.952129  -0.028756  -0.002085  0.004681  -2.768372  -0.214953  -0.687973  1.000000  
198.723033 0.006908  -0.009721  0.018544  0.661222  0.747016  0.068944  -0.700479  0.647691  -0.299709  -0.268542  0.149880  0.951536  -0.028812  -0.001755  0.004861  -2.784791  -0.204143  -0.688692  1.000000  
198.724035 0.006878  -0.009719  0.018551  0.661823  0.746691  0.066658  -0.699961  0.647336  -0.301681  -0.268413  0.153002  0.951076  -0.028928  -0.001402  0.005060  -2.804659  -0.188281  -0.690017  1.000000  
198.725283 0.006841  -0.009717  0.018558  0.662399  0.746443  0.063648  -0.699415  0.646627  -0.304453  -0.268413  0.157153  0.950399  -0.029003  -0.000978  0.005363  -2.834129  -0.180324  -0.684723  1.000000  
198.726284 0.006812  -0.009715  0.018566  0.662856  0.746233  0.061305  -0.699032  0.646103  -0.306439  -0.268284  0.160271  0.949914  -0.029086  -0.000680  0.005774  -2.852166  -0.168317  -0.679236  1.000000  
198.727534 0.006774  -0.009713  0.018576  0.663575  0.745823  0.058454  -0.698350  0.645564  -0.309119  -0.268284  0.164302  0.949225  -0.029304  -0.000278  0.006304  -2.881964  -0.157717  -0.680612  1.000000  
198.728541 0.006744  -0.009710  0.018587  0.664031  0.745603  0.056026  -0.697966  0.644988  -0.311183  -0.268155  0.167531  0.948697  -0.029358  0.000175  0.006932  -2.901835  -0.147058  -0.680392  1.000000  
198.729783 0.006706  -0.009706  0.018600  0.664605  0.745291  0.053299  -0.697419  0.644351  -0.313719  -0.268155  0.171327  0.948019  -0.029499  0.000643  0.007479  -2.911031  -0.139413  -0.675623  1.000000  
198.730798 0.006675  -0.009702  0.018611  0.665061  0.745061  0.050785  -0.697034  0.643720  -0.315860  -0.268026  0.174668  0.947446  -0.029603  0.001066  0.007908  -2.927065  -0.128690  -0.675510  1.000000  
198.732041 0.006638  -0.009695  0.018625  0.665659  0.744724  0.047796  -0.696512  0.643004  -0.318459  -0.267897  0.178695  0.946731  -0.029682  0.001624  0.008254  -2.949606  -0.117076  -0.670348  1.000000  
198.733290 0.006601  -0.009689  0.018637  0.666257  0.744380  0.044721  -0.695989  0.642239  -0.321136  -0.267768  0.182834  0.945977  -0.029708  0.002151  0.008391  -2.978491  -0.109686  -0.665830  1.000000  
198.734537 0.006564  -0.009682  0.018649  0.666880  0.744005  0.041561  -0.695492  0.641479  -0.323721  -0.267511  0.186977  0.945239  -0.029732  0.002678  0.008528  -3.007866  -0.094692  -0.668256  1.000000  
198.735835 0.006526  -0.009676  0.018660  0.667334  0.743771  0.038336  -0.695106  0.640498  -0.326481  -0.267382  0.191225  0.944426  -0.029706  0.003100  0.008693  -3.031956  -0.086393  -0.653557  1.000000  
198.737038 0.006488  -0.009668  0.018672  0.667956  0.743373  0.035094  -0.694608  0.639676  -0.329142  -0.267124  0.195476  0.943628  -0.029943  0.003614  0.008959  -3.069623  -0.075828  -0.656397  1.000000  
198.738283 0.006450  -0.009659  0.018686  0.668434  0.743096  0.031697  -0.694247  0.638650  -0.331885  -0.266866  0.199838  0.942787  -0.030027  0.004184  0.009455  -3.104870  -0.064169  -0.651818  1.000000  
198.739284 0.006419  -0.009651  0.018699  0.668888  0.742793  0.029112  -0.693859  0.637917  -0.334098  -0.266737  0.203275  0.942089  -0.030087  0.004597  0.009857  -3.129092  -0.057420  -0.653020  1.000000  
198.740284 0.006389  -0.009643  0.018712  0.669366  0.742463  0.026441  -0.693497  0.637195  -0.336220  -0.266479  0.206717  0.941412  -0.030207  0.005036  0.010322  -3.151679  -0.045190  -0.648563  1.000000  
198.741534 0.006350  -0.009633  0.018729  0.669868  0.742128  0.022876  -0.693161  0.636117  -0.338945  -0.266092  0.211191  0.940528  -0.030242  0.005531  0.010778  -3.177978  -0.034162  -0.645266  1.000000  
198.742784 0.006312  -0.009622  0.018745  0.670513  0.741642  0.019474  -0.692686  0.635221  -0.341586  -0.265705  0.215548  0.939649  -0.030324  0.006025  0.011101  -3.202707  -0.019334  -0.648324  1.000000  
198.744041 0.006273  -0.009611  0.018763  0.671015  0.741271  0.016006  -0.692348  0.634161  -0.344230  -0.265318  0.219901  0.938749  -0.030334  0.006556  0.011378  -3.234921  -0.001232  -0.637149  1.000000  
198.745284 0.006236  -0.009598  0.018778  0.671516  0.740885  0.012452  -0.692010  0.633048  -0.346948  -0.264931  0.224364  0.937802  -0.030324  0.007039  0.011454  -3.261127  0.009444  -0.634405  1.000000  
198.746286 0.006206  -0.009588  0.018790  0.672018  0.740474  0.009530  -0.691671  0.632220  -0.349127  -0.264544  0.228028  0.937027  -0.030295  0.007422  0.011527  -3.291246  0.021627  -0.630429  1.000000  
198.747547 0.006170  -0.009575  0.018802  0.672686  0.739905  0.005878  -0.691219  0.631217  -0.351826  -0.264028  0.232606  0.936047  -0.030226  0.007932  0.011551  -3.327618  0.037716  -0.632469  1.000000  
198.748804 0.006132  -0.009561  0.018816  0.673211  0.739447  0.002337  -0.690904  0.630136  -0.354372  -0.263512  0.236952  0.935102  -0.030214  0.008432  0.011630  -3.361138  0.054081  -0.630953  1.000000  
198.750039 0.006094  -0.009548  0.018830  0.673878  0.738842  -0.001216  -0.690450  0.629154  -0.356992  -0.262995  0.241409  0.934107  -0.030292  0.008844  0.011888  -3.385260  0.070219  -0.627060  1.000000  
198.751289 0.006056  -0.009534  0.018845  0.674427  0.738323  -0.005194  -0.690160  0.627901  -0.359749  -0.262350  0.246209  0.933035  -0.030308  0.009277  0.012061  -3.419760  0.090695  -0.625447  1.000000  
198.752565 0.006020  -0.009519  0.018861  0.675000  0.737761  -0.009165  -0.689893  0.626704  -0.362338  -0.261575  0.250901  0.932002  -0.030144  0.009717  0.012254  -3.451172  0.115554  -0.624402  1.000000  
