1-Time 2-Px 3-Py 4-Pz 5-R11 6-R21 7-R31 8-R12 9-R22 10-R32 11-R13 12-R23 13-R33 14-Vx 15-Vy 16-Vz 17-Wx 18-Wy 19-Wz 20-state
118.471659 0.042761  -0.024972  0.004637  0.927659  0.300221  -0.222074  -0.299515  0.953347  0.037675  0.223024  0.031565  0.974302  0.001884  0.000848  -0.006018  0.000000  0.000000  0.000000  1.000000  
118.472714 0.042763  -0.024971  0.004629  0.927659  0.300194  -0.222110  -0.299515  0.953352  0.037559  0.223024  0.031683  0.974298  0.002716  0.001421  -0.010861  0.000000  0.000000  0.000000  1.000000  
118.473722 0.042754  -0.024972  0.004618  0.927630  0.300163  -0.222270  -0.299506  0.953358  0.037484  0.223154  0.031800  0.974264  -0.003859  0.000019  -0.010854  0.000000  0.000000  0.000000  1.000000  
118.474964 0.042734  -0.024974  0.004604  0.927602  0.300132  -0.222431  -0.299497  0.953364  0.037408  0.223285  0.031918  0.974231  -0.008929  -0.000600  -0.011050  0.000000  0.000000  0.000000  1.000000  
118.475966 0.042721  -0.024973  0.004593  0.927602  0.300105  -0.222467  -0.299497  0.953368  0.037292  0.223285  0.032036  0.974227  -0.010126  -0.000304  -0.010914  0.000000  0.000000  0.000000  1.000000  
118.477214 0.042708  -0.024968  0.004582  0.927573  0.300074  -0.222628  -0.299488  0.953374  0.037217  0.223415  0.032153  0.974193  -0.010209  0.000774  -0.010404  0.000000  0.000000  0.000000  1.000000  
118.478214 0.042696  -0.024961  0.004574  0.927512  0.300243  -0.222657  -0.299679  0.953317  0.037147  0.223415  0.032271  0.974189  -0.010503  0.001685  -0.010070  0.000000  0.000000  0.000000  1.000000  
118.479464 0.042674  -0.024950  0.004560  0.927422  0.300408  -0.222809  -0.299861  0.953261  0.037117  0.223546  0.032388  0.974155  -0.011616  0.002927  -0.010319  0.000000  0.000000  0.000000  1.000000  
118.480714 0.042646  -0.024938  0.004544  0.927331  0.300573  -0.222962  -0.300042  0.953205  0.037088  0.223676  0.032506  0.974121  -0.013213  0.003873  -0.010603  0.000000  0.000000  0.000000  1.000000  
118.481715 0.042621  -0.024929  0.004533  0.927303  0.300569  -0.223086  -0.300033  0.953206  0.037128  0.223807  0.032505  0.974091  -0.014405  0.004335  -0.010646  0.000000  0.000000  0.000000  1.000000  
118.482964 0.042593  -0.024917  0.004522  0.927246  0.300534  -0.223371  -0.300015  0.953213  0.037092  0.224067  0.032621  0.974028  -0.015319  0.004988  -0.010480  0.000000  0.000000  0.000000  1.000000  
118.483981 0.042573  -0.024905  0.004513  0.927127  0.300695  -0.223647  -0.300187  0.953158  0.037103  0.224328  0.032737  0.973964  -0.015680  0.005574  -0.010362  0.000000  0.000000  0.000000  1.000000  
118.484984 0.042551  -0.024891  0.004502  0.927008  0.300855  -0.223924  -0.300359  0.953104  0.037114  0.224589  0.032853  0.973900  -0.016177  0.006164  -0.010374  0.000000  0.000000  0.000000  1.000000  
118.486219 0.042515  -0.024876  0.004488  0.926951  0.300820  -0.224209  -0.300341  0.953111  0.037079  0.224850  0.032969  0.973836  -0.017258  0.006722  -0.010467  0.000000  0.000000  0.000000  1.000000  
118.487221 0.042481  -0.024865  0.004478  0.926860  0.300985  -0.224361  -0.300522  0.953055  0.037049  0.224980  0.033086  0.973801  -0.019062  0.007239  -0.010498  0.000000  0.000000  0.000000  1.000000  
118.488238 0.042445  -0.024855  0.004468  0.926860  0.300930  -0.224434  -0.300522  0.953064  0.036818  0.224980  0.033322  0.973793  -0.021037  0.007738  -0.010430  0.000000  0.000000  0.000000  1.000000  
118.489467 0.042401  -0.024843  0.004454  0.926832  0.300871  -0.224631  -0.300513  0.953074  0.036627  0.225110  0.033558  0.973755  -0.022903  0.008802  -0.010370  0.000000  0.000000  0.000000  1.000000  
118.490732 0.042358  -0.024829  0.004438  0.926832  0.300790  -0.224741  -0.300513  0.953087  0.036280  0.225110  0.033912  0.973743  -0.024539  0.009781  -0.010518  0.000000  0.000000  0.000000  1.000000  
118.491965 0.042316  -0.024809  0.004420  0.926770  0.300931  -0.224806  -0.300704  0.953034  0.036095  0.225110  0.034148  0.973735  -0.026521  0.010777  -0.011043  0.000000  0.000000  0.000000  1.000000  
118.493213 0.042272  -0.024785  0.004402  0.926799  0.300908  -0.224719  -0.300713  0.953037  0.035940  0.224980  0.034267  0.973761  -0.028263  0.011749  -0.011512  0.000000  0.000000  0.000000  1.000000  
118.494213 0.042236  -0.024765  0.004387  0.926860  0.300685  -0.224763  -0.300522  0.953103  0.035778  0.224980  0.034385  0.973756  -0.029523  0.012423  -0.011694  0.000000  0.000000  0.000000  1.000000  
118.495463 0.042193  -0.024742  0.004373  0.926860  0.300630  -0.224836  -0.300522  0.953112  0.035546  0.224980  0.034622  0.973748  -0.030576  0.013254  -0.011613  0.000000  0.000000  0.000000  1.000000  
118.496463 0.042160  -0.024721  0.004364  0.926922  0.300407  -0.224880  -0.300332  0.953178  0.035385  0.224980  0.034740  0.973744  -0.031157  0.014027  -0.011485  0.000000  0.000000  0.000000  1.000000  
118.497713 0.042120  -0.024695  0.004351  0.926951  0.300384  -0.224792  -0.300341  0.953181  0.035229  0.224850  0.034859  0.973770  -0.031907  0.014933  -0.011532  0.000000  0.000000  0.000000  1.000000  
118.498714 0.042086  -0.024674  0.004339  0.927013  0.300188  -0.224799  -0.300150  0.953243  0.035182  0.224850  0.034859  0.973770  -0.032844  0.015561  -0.011778  0.000000  0.000000  0.000000  1.000000  
118.499719 0.042048  -0.024655  0.004326  0.927041  0.300165  -0.224712  -0.300159  0.953246  0.035027  0.224719  0.034978  0.973796  -0.033911  0.016032  -0.011909  0.000000  0.000000  0.000000  1.000000  
118.500732 0.042009  -0.024636  0.004314  0.927132  0.299946  -0.224631  -0.299978  0.953310  0.034825  0.224589  0.035097  0.973821  -0.034802  0.016503  -0.012035  0.000000  0.000000  0.000000  1.000000  
118.501970 0.041960  -0.024613  0.004298  0.927251  0.299704  -0.224463  -0.299805  0.953378  0.034467  0.224328  0.035336  0.973873  -0.035358  0.016986  -0.012106  0.000000  0.000000  0.000000  1.000000  
118.502970 0.041922  -0.024594  0.004284  0.927341  0.299458  -0.224419  -0.299624  0.953446  0.034149  0.224198  0.035573  0.973894  -0.035490  0.017607  -0.012370  0.000000  0.000000  0.000000  1.000000  
118.503973 0.041884  -0.024574  0.004268  0.927398  0.299440  -0.224207  -0.299642  0.953447  0.033954  0.223937  0.035693  0.973950  -0.035820  0.018347  -0.012866  0.000000  0.000000  0.000000  1.000000  
118.505009 0.041845  -0.024553  0.004249  0.927517  0.299171  -0.224075  -0.299470  0.953518  0.033480  0.223676  0.036050  0.973997  -0.035866  0.019042  -0.013235  0.000000  0.000000  0.000000  1.000000  
118.506218 0.041793  -0.024527  0.004224  0.927664  0.298934  -0.223782  -0.299306  0.953583  0.033083  0.223285  0.036290  0.974077  -0.036596  0.019641  -0.013775  0.000000  0.000000  0.000000  1.000000  
118.507218 0.041753  -0.024504  0.004206  0.927720  0.298889  -0.223607  -0.299324  0.953588  0.032772  0.223024  0.036528  0.974128  -0.037015  0.019981  -0.013983  0.000000  0.000000  0.000000  1.000000  
118.508464 0.041704  -0.024474  0.004184  0.927895  0.298657  -0.223190  -0.299170  0.953652  0.032334  0.222502  0.036769  0.974239  -0.037363  0.020442  -0.014242  0.000000  0.000000  0.000000  1.000000  
118.509464 0.041666  -0.024448  0.004170  0.927952  0.298613  -0.223014  -0.299188  0.953657  0.032023  0.222241  0.037008  0.974289  -0.037416  0.020878  -0.014370  0.000000  0.000000  0.000000  1.000000  
118.510714 0.041617  -0.024417  0.004150  0.928127  0.298408  -0.222561  -0.299034  0.953716  0.031701  0.221720  0.037130  0.974403  -0.037843  0.021272  -0.014719  -0.166855  -0.068290  -0.037725  1.000000  
118.511714 0.041575  -0.024393  0.004133  0.928183  0.298391  -0.222349  -0.299052  0.953717  0.031506  0.221459  0.037251  0.974458  -0.038458  0.021519  -0.015157  -0.170902  -0.081667  -0.037245  1.000000  
118.512716 0.041531  -0.024371  0.004113  0.928268  0.298405  -0.221976  -0.299079  0.953712  0.031386  0.221067  0.037254  0.974547  -0.039297  0.021631  -0.015883  -0.168241  -0.104819  -0.036744  1.000000  
118.513965 0.041476  -0.024344  0.004086  0.928414  0.298196  -0.221647  -0.298915  0.953773  0.031104  0.220676  0.037376  0.974631  -0.040090  0.021741  -0.016693  -0.169995  -0.126793  -0.049025  1.000000  
118.515214 0.041419  -0.024316  0.004059  0.928498  0.298210  -0.221274  -0.298942  0.953768  0.030985  0.220284  0.037379  0.974719  -0.040732  0.021987  -0.017449  -0.167461  -0.149324  -0.054900  1.000000  
118.516464 0.041360  -0.024290  0.004033  0.928582  0.298198  -0.220938  -0.298969  0.953767  0.030749  0.219893  0.037501  0.974803  -0.041329  0.022164  -0.018087  -0.169363  -0.172254  -0.060903  1.000000  
118.517480 0.041311  -0.024269  0.004012  0.928666  0.298185  -0.220602  -0.298996  0.953766  0.030513  0.219501  0.037622  0.974887  -0.041998  0.022383  -0.018665  -0.166168  -0.191141  -0.060540  1.000000  
118.518717 0.041250  -0.024241  0.003983  0.928778  0.298178  -0.220141  -0.299032  0.953764  0.030238  0.218979  0.037745  0.974999  -0.042983  0.022606  -0.019338  -0.162616  -0.214323  -0.059886  1.000000  
118.519718 0.041201  -0.024217  0.003959  0.928800  0.298362  -0.219799  -0.299251  0.953701  0.030047  0.218587  0.037867  0.975082  -0.043581  0.022742  -0.019684  -0.156591  -0.227054  -0.052463  1.000000  
118.520718 0.041153  -0.024192  0.003933  0.928883  0.298350  -0.219462  -0.299277  0.953700  0.029812  0.218195  0.037989  0.975165  -0.044132  0.023020  -0.020099  -0.151235  -0.238557  -0.051496  1.000000  
118.521965 0.041095  -0.024159  0.003902  0.928932  0.298512  -0.219032  -0.299504  0.953640  0.029465  0.217673  0.038230  0.975273  -0.044564  0.023419  -0.020503  -0.152388  -0.253902  -0.051341  1.000000  
118.522965 0.041048  -0.024132  0.003879  0.929016  0.298474  -0.218732  -0.299531  0.953642  0.029114  0.217281  0.038470  0.975351  -0.045071  0.023625  -0.020915  -0.156461  -0.267408  -0.050797  1.000000  
118.523966 0.041000  -0.024105  0.003855  0.929037  0.298658  -0.218389  -0.299749  0.953580  0.028923  0.216890  0.038591  0.975433  -0.045777  0.023682  -0.021615  -0.153388  -0.280385  -0.036775  1.000000  
118.525216 0.040941  -0.024073  0.003821  0.929147  0.298652  -0.217929  -0.299785  0.953577  0.028647  0.216367  0.038714  0.975544  -0.046453  0.023757  -0.022621  -0.149296  -0.298362  -0.036050  1.000000  
118.526464 0.040882  -0.024041  0.003785  0.929168  0.298836  -0.217586  -0.300003  0.953514  0.028456  0.215975  0.038836  0.975626  -0.046883  0.023891  -0.023557  -0.146260  -0.311390  -0.022022  1.000000  
118.527464 0.040834  -0.024016  0.003754  0.929250  0.298851  -0.217214  -0.300029  0.953509  0.028336  0.215583  0.038840  0.975713  -0.047236  0.024007  -0.024294  -0.142163  -0.320356  -0.021664  1.000000  
118.528465 0.040786  -0.023991  0.003724  0.929243  0.299031  -0.216996  -0.300238  0.953448  0.028184  0.215322  0.038960  0.975766  -0.047503  0.024204  -0.024892  -0.143184  -0.328824  -0.007814  1.000000  
118.529714 0.040723  -0.023962  0.003687  0.929353  0.299051  -0.216499  -0.300274  0.953441  0.028024  0.214799  0.038965  0.975881  -0.047955  0.024359  -0.025531  -0.137970  -0.339524  -0.007225  1.000000  
118.530964 0.040661  -0.023931  0.003649  0.929462  0.299071  -0.216002  -0.300309  0.953435  0.027863  0.214276  0.038969  0.975995  -0.048187  0.024649  -0.026316  -0.132445  -0.352726  -0.000007  1.000000  
118.531966 0.040611  -0.023906  0.003619  0.929544  0.299086  -0.215629  -0.300336  0.953430  0.027743  0.213884  0.038973  0.976081  -0.048293  0.025001  -0.027037  -0.122815  -0.356837  0.006896  1.000000  
118.533221 0.040550  -0.023871  0.003579  0.929680  0.299084  -0.215044  -0.300379  0.953425  0.027426  0.213231  0.039097  0.976219  -0.048277  0.025438  -0.027703  -0.114145  -0.372962  0.014303  1.000000  
118.534486 0.040489  -0.023834  0.003537  0.929788  0.299078  -0.214583  -0.300414  0.953422  0.027150  0.212708  0.039220  0.976328  -0.048192  0.025946  -0.028566  -0.108509  -0.381514  0.021454  1.000000  
118.535723 0.040430  -0.023795  0.003494  0.929951  0.299082  -0.213873  -0.300467  0.953416  0.026793  0.211923  0.039345  0.976494  -0.048269  0.026477  -0.029416  -0.104468  -0.395097  0.022053  1.000000  
118.536969 0.040371  -0.023756  0.003453  0.930147  0.298885  -0.213293  -0.300319  0.953473  0.026433  0.211270  0.039469  0.976631  -0.048268  0.026855  -0.030001  -0.096345  -0.404183  0.022505  1.000000  
118.537971 0.040324  -0.023724  0.003420  0.930255  0.298879  -0.212832  -0.300354  0.953469  0.026157  0.210746  0.039592  0.976739  -0.048255  0.027130  -0.030698  -0.090762  -0.408362  0.029502  1.000000  
118.539214 0.040266  -0.023684  0.003378  0.930450  0.298683  -0.212252  -0.300205  0.953526  0.025797  0.210092  0.039717  0.976874  -0.048177  0.027687  -0.031387  -0.091512  -0.414204  0.022967  1.000000  
118.540215 0.040221  -0.023650  0.003343  0.930557  0.298677  -0.211790  -0.300240  0.953522  0.025520  0.209569  0.039840  0.976982  -0.048002  0.028191  -0.031880  -0.086711  -0.421892  0.030165  1.000000  
118.541464 0.040164  -0.023609  0.003300  0.930752  0.298455  -0.211246  -0.300091  0.953582  0.025045  0.208915  0.040082  0.977112  -0.047881  0.028911  -0.032345  -0.091517  -0.427558  0.023649  1.000000  
118.542713 0.040104  -0.023570  0.003258  0.930859  0.298450  -0.210784  -0.300125  0.953578  0.024769  0.208392  0.040206  0.977219  -0.047895  0.029420  -0.032627  -0.095572  -0.432052  0.023854  1.000000  
118.543716 0.040056  -0.023538  0.003226  0.931026  0.298248  -0.210328  -0.299968  0.953636  0.024449  0.207868  0.040329  0.977325  -0.047786  0.029891  -0.032720  -0.096364  -0.440110  0.024284  1.000000  
118.544964 0.039996  -0.023497  0.003187  0.931220  0.298027  -0.209783  -0.299819  0.953695  0.023974  0.207214  0.040572  0.977454  -0.047633  0.030691  -0.032869  -0.105123  -0.450099  0.017971  1.000000  
118.545964 0.039949  -0.023461  0.003155  0.931352  0.298027  -0.209196  -0.299861  0.953689  0.023658  0.206559  0.040696  0.977587  -0.047421  0.031425  -0.033006  -0.105129  -0.459038  0.018384  1.000000  
118.547214 0.039891  -0.023414  0.003113  0.931571  0.297837  -0.208490  -0.299720  0.953744  0.023259  0.205774  0.040821  0.977748  -0.047177  0.032355  -0.033245  -0.106629  -0.472853  0.012281  1.000000  
118.548215 0.039844  -0.023375  0.003078  0.931790  0.297621  -0.207820  -0.299579  0.953800  0.022744  0.204988  0.041065  0.977903  -0.047100  0.033058  -0.033394  -0.116153  -0.486421  0.006172  1.000000  
118.549464 0.039783  -0.023327  0.003035  0.931972  0.297633  -0.206984  -0.299638  0.953791  0.022348  0.204071  0.041192  0.978089  -0.047186  0.033840  -0.033484  -0.113538  -0.500010  0.000096  1.000000  
118.550495 0.039734  -0.023287  0.003001  0.932190  0.297443  -0.206277  -0.299496  0.953845  0.021950  0.203285  0.041318  0.978247  -0.047111  0.034389  -0.033386  -0.115807  -0.512901  -0.006234  1.000000  
118.551721 0.039673  -0.023237  0.002958  0.932370  0.297430  -0.205477  -0.299554  0.953839  0.021438  0.202368  0.041563  0.978427  -0.047292  0.035199  -0.033579  -0.117328  -0.527045  -0.012327  1.000000  
118.552722 0.039624  -0.023196  0.002925  0.932587  0.297240  -0.204769  -0.299411  0.953892  0.021040  0.201582  0.041689  0.978584  -0.047430  0.035842  -0.033549  -0.114676  -0.540783  -0.018441  1.000000  
118.553970 0.039562  -0.023144  0.002885  0.932828  0.297057  -0.203937  -0.299277  0.953944  0.020602  0.200664  0.041815  0.978767  -0.047692  0.036612  -0.033445  -0.117531  -0.554806  -0.031348  1.000000  
118.555219 0.039499  -0.023092  0.002845  0.933031  0.297075  -0.202975  -0.299342  0.953933  0.020166  0.199616  0.041943  0.978976  -0.048182  0.037243  -0.033153  -0.117494  -0.577289  -0.030363  1.000000  
118.556219 0.039447  -0.023052  0.002815  0.933184  0.297082  -0.202263  -0.299391  0.953925  0.019810  0.198829  0.042069  0.979131  -0.048572  0.037773  -0.032921  -0.118902  -0.591076  -0.036506  1.000000  
118.557468 0.039382  -0.023001  0.002779  0.933422  0.296874  -0.201466  -0.299256  0.953979  0.019257  0.197911  0.042314  0.979306  -0.048909  0.038544  -0.032510  -0.128443  -0.609329  -0.042460  1.000000  
118.558714 0.039317  -0.022951  0.002743  0.933598  0.296888  -0.200628  -0.299312  0.953969  0.018862  0.196993  0.042441  0.979486  -0.049299  0.039155  -0.032189  -0.128800  -0.622640  -0.048031  1.000000  
118.559971 0.039252  -0.022896  0.002706  0.933799  0.296883  -0.199702  -0.299376  0.953959  0.018310  0.195943  0.042688  0.979686  -0.049561  0.040132  -0.032000  -0.137913  -0.645547  -0.047597  1.000000  
118.561218 0.039187  -0.022840  0.002669  0.933998  0.296854  -0.198811  -0.299440  0.953952  0.017643  0.194893  0.043054  0.979879  -0.050039  0.040818  -0.031807  -0.150095  -0.663586  -0.046743  1.000000  
118.562464 0.039121  -0.022784  0.002631  0.934159  0.297052  -0.197756  -0.299704  0.953879  0.017092  0.193712  0.043302  0.980102  -0.050562  0.041407  -0.031488  -0.155498  -0.680192  -0.038646  1.000000  
118.563714 0.039055  -0.022725  0.002595  0.934380  0.297030  -0.196740  -0.299775  0.953869  0.016384  0.192531  0.043669  0.980319  -0.050899  0.042090  -0.031113  -0.163537  -0.702531  -0.037553  1.000000  
118.564714 0.039002  -0.022678  0.002566  0.934552  0.297021  -0.195938  -0.299830  0.953861  0.015872  0.191612  0.043915  0.980488  -0.051280  0.042625  -0.030634  -0.167567  -0.716061  -0.036876  1.000000  
118.565716 0.038949  -0.022631  0.002538  0.934746  0.297019  -0.195010  -0.299893  0.953850  0.015320  0.190561  0.044162  0.980682  -0.051510  0.043122  -0.030252  -0.171533  -0.729358  -0.036183  1.000000  
118.566964 0.038880  -0.022573  0.002504  0.934988  0.297028  -0.193833  -0.299970  0.953835  0.014688  0.189247  0.044411  0.980925  -0.052091  0.043625  -0.029717  -0.174122  -0.751307  -0.028388  1.000000  
118.567984 0.038824  -0.022528  0.002477  0.935119  0.297223  -0.192902  -0.300224  0.953763  0.014175  0.188196  0.044658  0.981116  -0.052557  0.043830  -0.029224  -0.178090  -0.770214  -0.021127  1.000000  
118.569222 0.038752  -0.022471  0.002443  0.935358  0.297256  -0.191688  -0.300301  0.953747  0.013658  0.186882  0.044789  0.981361  -0.053312  0.044205  -0.028826  -0.172702  -0.792901  -0.013265  1.000000  
118.570471 0.038680  -0.022414  0.002411  0.935619  0.297273  -0.190385  -0.300385  0.953730  0.012985  0.185436  0.045039  0.981624  -0.053746  0.044571  -0.028418  -0.176685  -0.819666  -0.011958  1.000000  
118.571477 0.038623  -0.022370  0.002384  0.935831  0.297302  -0.189295  -0.300453  0.953715  0.012508  0.184252  0.045169  0.981841  -0.054117  0.044866  -0.028268  -0.175222  -0.841540  -0.004111  1.000000  
118.572493 0.038565  -0.022324  0.002357  0.936041  0.297308  -0.188241  -0.300521  0.953701  0.011916  0.183069  0.045417  0.982050  -0.054357  0.045188  -0.028020  -0.179177  -0.868066  -0.002785  1.000000  
118.573723 0.038494  -0.022266  0.002324  0.936320  0.297332  -0.186812  -0.300610  0.953681  0.011202  0.181490  0.045669  0.982332  -0.054925  0.045591  -0.027883  -0.177908  -0.899814  0.005575  1.000000  
118.574969 0.038422  -0.022207  0.002290  0.936619  0.297363  -0.185257  -0.300706  0.953660  0.010448  0.179779  0.045922  0.982635  -0.055370  0.045948  -0.027763  -0.180620  -0.931046  0.013899  1.000000  
118.575976 0.038365  -0.022159  0.002263  0.936870  0.297382  -0.183952  -0.300787  0.953641  0.009775  0.178331  0.046173  0.982887  -0.055737  0.046173  -0.027504  -0.184648  -0.962381  0.015454  1.000000  
118.577214 0.038294  -0.022098  0.002230  0.937164  0.297392  -0.182432  -0.300881  0.953620  0.008905  0.176619  0.046545  0.983178  -0.056008  0.046505  -0.027274  -0.187417  -0.989302  0.023732  1.000000  
118.578464 0.038224  -0.022036  0.002200  0.937539  0.297213  -0.180788  -0.300789  0.953658  0.007958  0.174775  0.046918  0.983490  -0.056302  0.046727  -0.026776  -0.193937  -1.021273  0.025568  1.000000  
118.579464 0.038168  -0.021986  0.002174  0.937805  0.297220  -0.179393  -0.300874  0.953637  0.007128  0.173194  0.047290  0.983752  -0.056559  0.046908  -0.026606  -0.201988  -1.047945  0.027015  1.000000  
118.580714 0.038096  -0.021926  0.002143  0.938218  0.297055  -0.177496  -0.300793  0.953670  0.006101  0.171085  0.047665  0.984103  -0.056880  0.047011  -0.026372  -0.206040  -1.083808  0.028951  1.000000  
118.581964 0.038024  -0.021865  0.002110  0.938586  0.297095  -0.175473  -0.300911  0.953639  0.005071  0.168844  0.048042  0.984471  -0.057075  0.047203  -0.026251  -0.212859  -1.128260  0.037986  1.000000  
118.583221 0.037953  -0.021805  0.002078  0.939011  0.296939  -0.173449  -0.300835  0.953668  0.004004  0.166602  0.048419  0.984835  -0.057059  0.047470  -0.026095  -0.219900  -1.173607  0.033489  1.000000  
118.584470 0.037882  -0.021745  0.002046  0.939432  0.296786  -0.171424  -0.300756  0.953697  0.002938  0.164358  0.048796  0.985193  -0.057004  0.047629  -0.026003  -0.226164  -1.217512  0.035963  1.000000  
118.585720 0.037813  -0.021686  0.002014  0.939868  0.296640  -0.169272  -0.300682  0.953723  0.001833  0.161982  0.049174  0.985568  -0.056847  0.047903  -0.026000  -0.237384  -1.268241  0.031626  1.000000  
118.586730 0.037756  -0.021638  0.001988  0.940238  0.296497  -0.167460  -0.300587  0.953754  0.000964  0.160002  0.049430  0.985878  -0.056733  0.048009  -0.025951  -0.242517  -1.308209  0.026917  1.000000  
118.587974 0.037687  -0.021578  0.001954  0.940684  0.296360  -0.165180  -0.300516  0.953777  -0.000180  0.157492  0.049809  0.986263  -0.056603  0.048237  -0.025921  -0.246580  -1.362362  0.029837  1.000000  
118.589027 0.037633  -0.021529  0.001928  0.941045  0.296219  -0.163366  -0.300418  0.953807  -0.001047  0.155509  0.050064  0.986565  -0.056213  0.048234  -0.025795  -0.251378  -1.400615  0.025133  1.000000  
118.590218 0.037567  -0.021466  0.001895  0.941480  0.296086  -0.161084  -0.300344  0.953829  -0.002191  0.152998  0.050443  0.986938  -0.055983  0.048658  -0.025864  -0.257103  -1.453231  0.021132  1.000000  
118.591219 0.037515  -0.021415  0.001868  0.941871  0.295941  -0.159052  -0.300255  0.953853  -0.003253  0.150749  0.050820  0.987265  -0.055661  0.048737  -0.025841  -0.262278  -1.502847  0.017107  1.000000  
118.592221 0.037463  -0.021366  0.001841  0.942276  0.295823  -0.156857  -0.300170  0.953876  -0.004239  0.148368  0.051078  0.987612  -0.055340  0.048777  -0.025916  -0.264527  -1.548283  0.005988  1.000000  
118.593464 0.037398  -0.021304  0.001805  0.942732  0.295688  -0.154355  -0.300102  0.953891  -0.005576  0.145589  0.051579  0.988000  -0.055064  0.048782  -0.026274  -0.271496  -1.598409  0.002733  1.000000  
118.594464 0.037346  -0.021254  0.001777  0.943125  0.295555  -0.152193  -0.300013  0.953912  -0.006676  0.143206  0.051956  0.988328  -0.054768  0.048844  -0.026471  -0.274796  -1.652591  -0.001528  1.000000  
118.595714 0.037281  -0.021192  0.001740  0.943602  0.295439  -0.149436  -0.299951  0.953920  -0.008092  0.140159  0.052459  0.988738  -0.054266  0.048915  -0.026873  -0.281570  -1.706074  -0.004431  1.000000  
118.596714 0.037231  -0.021143  0.001710  0.943983  0.295309  -0.147272  -0.299858  0.953940  -0.009191  0.137774  0.052837  0.989053  -0.053762  0.048987  -0.027103  -0.288958  -1.756577  -0.009021  1.000000  
118.597964 0.037168  -0.021081  0.001675  0.944444  0.295215  -0.144476  -0.299790  0.953947  -0.010489  0.134726  0.053219  0.989453  -0.053224  0.049095  -0.027372  -0.292814  -1.810705  -0.018676  1.000000  
118.598966 0.037119  -0.021032  0.001646  0.944734  0.295279  -0.142438  -0.299882  0.953907  -0.011517  0.132472  0.053596  0.989737  -0.052810  0.049225  -0.027529  -0.300571  -1.849916  -0.016257  1.000000  
118.599972 0.037070  -0.020982  0.001617  0.945113  0.295161  -0.140144  -0.299789  0.953922  -0.012655  0.129951  0.053974  0.990050  -0.052245  0.049340  -0.027779  -0.312037  -1.901237  -0.020996  1.000000  
118.600975 0.037021  -0.020933  0.001589  0.945503  0.295069  -0.137687  -0.299698  0.953936  -0.013716  0.127298  0.054233  0.990381  -0.051777  0.049448  -0.027941  -0.312874  -1.950909  -0.024908  1.000000  
118.602223 0.036960  -0.020871  0.001552  0.945888  0.295186  -0.134762  -0.299820  0.953877  -0.015024  0.124112  0.054615  0.990764  -0.051149  0.049538  -0.028225  -0.318116  -2.001729  -0.020895  1.000000  
118.603477 0.036901  -0.020809  0.001515  0.946325  0.295109  -0.131833  -0.299744  0.953879  -0.016360  0.120925  0.054998  0.991137  -0.050525  0.049634  -0.028445  -0.321463  -2.063465  -0.024924  1.000000  
118.604723 0.036843  -0.020746  0.001478  0.946720  0.295245  -0.128653  -0.299869  0.953815  -0.017748  0.117471  0.055382  0.991531  -0.049916  0.049671  -0.028700  -0.325210  -2.121956  -0.021357  1.000000  
118.605986 0.036786  -0.020684  0.001439  0.947137  0.295172  -0.125720  -0.299787  0.953815  -0.019083  0.114281  0.055763  0.991882  -0.049369  0.049552  -0.029017  -0.329768  -2.165954  -0.025269  1.000000  
118.607218 0.036727  -0.020622  0.001399  0.947496  0.295305  -0.122664  -0.299900  0.953752  -0.020431  0.110958  0.056145  0.992238  -0.049076  0.049585  -0.029461  -0.325498  -2.220893  -0.021610  1.000000  
118.608229 0.036681  -0.020573  0.001368  0.947789  0.295427  -0.120077  -0.299993  0.953699  -0.021504  0.108165  0.056404  0.992532  -0.048562  0.049456  -0.029646  -0.324109  -2.264663  -0.011922  1.000000  
118.609468 0.036624  -0.020513  0.001326  0.948204  0.295375  -0.116888  -0.299910  0.953692  -0.022917  0.104706  0.056786  0.992881  -0.048058  0.049379  -0.030124  -0.324810  -2.310709  -0.015635  1.000000  
118.610472 0.036579  -0.020465  0.001294  0.948481  0.295486  -0.114335  -0.299997  0.953635  -0.024106  0.101911  0.057164  0.993150  -0.047602  0.049282  -0.030260  -0.323546  -2.350679  -0.005850  1.000000  
118.611721 0.036523  -0.020407  0.001252  0.948813  0.295635  -0.111148  -0.300102  0.953566  -0.025495  0.098450  0.057545  0.993477  -0.047134  0.049027  -0.030569  -0.323166  -2.391085  -0.002890  1.000000  
118.612721 0.036478  -0.020359  0.001220  0.949085  0.295770  -0.108431  -0.300188  0.953509  -0.026608  0.095520  0.057803  0.993748  -0.046764  0.048942  -0.030800  -0.317869  -2.431096  0.006812  1.000000  
118.613970 0.036423  -0.020301  0.001180  0.949396  0.295924  -0.105242  -0.300287  0.953438  -0.027998  0.092057  0.058184  0.994052  -0.046317  0.048708  -0.031054  -0.318225  -2.465309  0.017130  1.000000  
118.614970 0.036380  -0.020254  0.001149  0.949628  0.296047  -0.102778  -0.300360  0.953384  -0.029031  0.089392  0.058439  0.994281  -0.046031  0.048576  -0.031215  -0.317884  -2.491445  0.019138  1.000000  
118.615977 0.036337  -0.020207  0.001116  0.949864  0.296167  -0.100221  -0.300435  0.953324  -0.030221  0.086593  0.058816  0.994506  -0.045469  0.048361  -0.031487  -0.319296  -2.520291  0.027515  1.000000  
118.617235 0.036285  -0.020149  0.001077  0.950145  0.296327  -0.097030  -0.300524  0.953250  -0.031611  0.083127  0.059195  0.994779  -0.044945  0.048048  -0.031651  -0.317187  -2.554572  0.044068  1.000000  
118.618473 0.036232  -0.020091  0.001037  0.950425  0.296508  -0.093675  -0.300612  0.953178  -0.032926  0.079526  0.059454  0.995058  -0.044584  0.047831  -0.031882  -0.312155  -2.591384  0.053677  1.000000  
118.619721 0.036179  -0.020033  0.000996  0.950755  0.296484  -0.090348  -0.300501  0.953162  -0.034376  0.075925  0.059833  0.995317  -0.044269  0.047512  -0.032102  -0.313362  -2.623403  0.056951  1.000000  
118.620724 0.036137  -0.019987  0.000965  0.950964  0.296620  -0.087662  -0.300567  0.953096  -0.035606  0.072989  0.060208  0.995514  -0.044007  0.047253  -0.032219  -0.314859  -2.648681  0.065460  1.000000  
118.621971 0.036083  -0.019932  0.000925  0.951262  0.296593  -0.084460  -0.300446  0.953080  -0.037014  0.069519  0.060585  0.995739  -0.043711  0.046883  -0.032182  -0.312091  -2.667466  0.068120  1.000000  
118.622974 0.036041  -0.019887  0.000894  0.951506  0.296539  -0.081856  -0.300308  0.953081  -0.038105  0.066716  0.060839  0.995915  -0.043465  0.046566  -0.032145  -0.310302  -2.684515  0.069206  1.000000  
118.624225 0.035987  -0.019832  0.000855  0.951722  0.296712  -0.078660  -0.300376  0.953003  -0.039494  0.063245  0.061215  0.996119  -0.043228  0.046189  -0.031961  -0.305230  -2.701905  0.078208  1.000000  
118.625470 0.035933  -0.019778  0.000816  0.951995  0.296700  -0.075327  -0.300247  0.952983  -0.040940  0.059639  0.061591  0.996318  -0.043041  0.045790  -0.031807  -0.300957  -2.720329  0.080375  1.000000  
118.626470 0.035890  -0.019735  0.000786  0.952213  0.296651  -0.072721  -0.300100  0.952981  -0.042028  0.056834  0.061843  0.996466  -0.042904  0.045504  -0.031605  -0.296680  -2.733745  0.081957  1.000000  
118.627720 0.035836  -0.019683  0.000747  0.952478  0.296659  -0.069132  -0.299968  0.952955  -0.043551  0.052959  0.062219  0.996656  -0.042840  0.045095  -0.031536  -0.296417  -2.760679  0.084492  1.000000  
118.628969 0.035783  -0.019628  0.000709  0.952710  0.296645  -0.065923  -0.299825  0.952934  -0.044953  0.049485  0.062593  0.996812  -0.042652  0.044837  -0.031440  -0.292083  -2.778469  0.086688  1.000000  
118.630219 0.035730  -0.019575  0.000669  0.952992  0.296430  -0.062740  -0.299483  0.952969  -0.046482  0.046010  0.063087  0.996947  -0.042584  0.044464  -0.031408  -0.298772  -2.787893  0.075151  1.000000  
118.631223 0.035687  -0.019532  0.000638  0.953178  0.296396  -0.060002  -0.299326  0.952963  -0.047606  0.043070  0.063337  0.997062  -0.042648  0.044166  -0.031309  -0.294492  -2.796888  0.076505  1.000000  
118.632476 0.035634  -0.019480  0.000599  0.953439  0.296187  -0.056817  -0.298976  0.952995  -0.049131  0.039594  0.063830  0.997175  -0.042716  0.043801  -0.031300  -0.301211  -2.806689  0.070612  1.000000  
118.633743 0.035579  -0.019427  0.000562  0.953631  0.296191  -0.053476  -0.298821  0.952969  -0.050566  0.035984  0.064202  0.997288  -0.042809  0.043390  -0.031060  -0.301255  -2.814589  0.065224  1.000000  
118.634981 0.035524  -0.019375  0.000525  0.953871  0.295996  -0.050161  -0.298465  0.952996  -0.052127  0.032374  0.064693  0.997380  -0.042963  0.043042  -0.030865  -0.305600  -2.829482  0.060341  1.000000  
118.636222 0.035467  -0.019324  0.000489  0.954038  0.296000  -0.046854  -0.298302  0.952961  -0.053675  0.028763  0.065185  0.997459  -0.043257  0.042751  -0.030606  -0.309859  -2.839587  0.055185  1.000000  
118.637469 0.035410  -0.019272  0.000451  0.954251  0.295803  -0.043663  -0.297937  0.952989  -0.055191  0.025285  0.065675  0.997521  -0.043615  0.042540  -0.030562  -0.315962  -2.843765  0.043693  1.000000  
118.638716 0.035351  -0.019221  0.000415  0.954454  0.295622  -0.040308  -0.297569  0.953019  -0.056628  0.021674  0.066043  0.997581  -0.043897  0.042186  -0.030362  -0.316443  -2.849585  0.031302  1.000000  
118.639978 0.035291  -0.019170  0.000378  0.954645  0.295440  -0.036987  -0.297198  0.953042  -0.058178  0.018062  0.066532  0.997621  -0.044271  0.041902  -0.030276  -0.318822  -2.854744  0.024902  1.000000  
118.641215 0.035230  -0.019119  0.000341  0.954822  0.295252  -0.033792  -0.296821  0.953066  -0.059686  0.014584  0.067020  0.997645  -0.044701  0.041853  -0.030164  -0.324648  -2.850519  0.013134  1.000000  
118.642217 0.035183  -0.019077  0.000312  0.954979  0.295028  -0.031198  -0.296439  0.953110  -0.060878  0.011774  0.067385  0.997658  -0.044982  0.041778  -0.030072  -0.324953  -2.851545  0.000462  1.000000  
118.643464 0.035122  -0.019025  0.000275  0.955133  0.294837  -0.028128  -0.296056  0.953134  -0.062341  0.008429  0.067872  0.997658  -0.045522  0.041677  -0.029933  -0.329092  -2.843659  -0.012610  1.000000  
118.644714 0.035060  -0.018972  0.000238  0.955277  0.294649  -0.025057  -0.295669  0.953157  -0.063802  0.005084  0.068357  0.997648  -0.046100  0.041613  -0.029897  -0.333137  -2.844460  -0.025123  1.000000  
118.645715 0.035010  -0.018931  0.000209  0.955348  0.294635  -0.022382  -0.295476  0.953127  -0.065137  0.002141  0.068842  0.997625  -0.046631  0.041506  -0.029691  -0.340973  -2.849684  -0.030679  1.000000  
118.646964 0.034946  -0.018879  0.000171  0.955470  0.294479  -0.018927  -0.295083  0.953140  -0.066712  -0.001606  0.069326  0.997593  -0.047319  0.041410  -0.029615  -0.344766  -2.859113  -0.042616  1.000000  
118.647972 0.034895  -0.018838  0.000141  0.955524  0.294452  -0.016505  -0.294884  0.953113  -0.067965  -0.004282  0.069810  0.997551  -0.047926  0.041362  -0.029503  -0.351226  -2.856043  -0.050417  1.000000  
118.649215 0.034830  -0.018786  0.000104  0.955624  0.294293  -0.013212  -0.294484  0.953118  -0.069612  -0.007894  0.070413  0.997487  -0.048536  0.041417  -0.029572  -0.359992  -2.855765  -0.054231  1.000000  
118.650222 0.034776  -0.018745  0.000073  0.955657  0.294299  -0.010406  -0.294278  0.953080  -0.070980  -0.010971  0.070895  0.997423  -0.049167  0.041371  -0.029637  -0.366395  -2.857073  -0.061855  1.000000  
118.651469 0.034707  -0.018694  0.000033  0.955736  0.294138  -0.007239  -0.293872  0.953085  -0.072582  -0.014450  0.071497  0.997336  -0.049903  0.041361  -0.029895  -0.370867  -2.856237  -0.065369  1.000000  
118.652470 0.034652  -0.018652  0.000002  0.955751  0.294140  -0.004596  -0.293661  0.953039  -0.074024  -0.017393  0.072098  0.997246  -0.050558  0.041385  -0.030008  -0.382894  -2.868952  -0.070512  1.000000  
118.653473 0.034595  -0.018611  -0.000030  0.955819  0.293950  -0.001902  -0.293252  0.953061  -0.075349  -0.020336  0.072578  0.997155  -0.051227  0.041333  -0.030173  -0.389068  -2.868012  -0.078232  1.000000  
118.654720 0.034524  -0.018559  -0.000070  0.955800  0.294015  0.001471  -0.293030  0.952986  -0.077138  -0.024081  0.073298  0.997019  -0.052010  0.041452  -0.030345  -0.401106  -2.875282  -0.074115  1.000000  
118.655970 0.034452  -0.018508  -0.000109  0.955771  0.294074  0.004752  -0.292806  0.952922  -0.078771  -0.027693  0.073895  0.996881  -0.052760  0.041417  -0.030459  -0.407415  -2.876519  -0.074686  1.000000  
118.657219 0.034378  -0.018455  -0.000147  0.955789  0.293943  0.008014  -0.292381  0.952906  -0.080516  -0.031304  0.074613  0.996721  -0.053657  0.041448  -0.030566  -0.419472  -2.875848  -0.084865  1.000000  
118.658464 0.034303  -0.018402  -0.000186  0.955740  0.294003  0.011132  -0.292151  0.952831  -0.082221  -0.034781  0.075330  0.996552  -0.054549  0.041524  -0.030757  -0.430632  -2.867241  -0.077091  1.000000  
118.659464 0.034242  -0.018360  -0.000217  0.955707  0.294007  0.013557  -0.291926  0.952793  -0.083460  -0.037455  0.075806  0.996419  -0.055424  0.041548  -0.030834  -0.433889  -2.862614  -0.076182  1.000000  
118.660467 0.034181  -0.018318  -0.000248  0.955658  0.294034  0.016201  -0.291696  0.952737  -0.084891  -0.040396  0.076401  0.996258  -0.056139  0.041552  -0.030923  -0.445149  -2.866619  -0.074646  1.000000  
118.661714 0.034101  -0.018266  -0.000287  0.955566  0.294128  0.019538  -0.291453  0.952640  -0.086786  -0.044139  0.077235  0.996035  -0.057300  0.041551  -0.031059  -0.456331  -2.871028  -0.065582  1.000000  
118.662715 0.034036  -0.018225  -0.000317  0.955498  0.294163  0.022182  -0.291217  0.952581  -0.088214  -0.047080  0.077829  0.995855  -0.058135  0.041496  -0.031060  -0.467687  -2.875525  -0.064045  1.000000  
118.663971 0.033954  -0.018174  -0.000356  0.955442  0.294068  0.025573  -0.290770  0.952552  -0.089984  -0.050822  0.078539  0.995615  -0.059367  0.041469  -0.031154  -0.474567  -2.881508  -0.063923  1.000000  
118.665215 0.033870  -0.018123  -0.000395  0.955320  0.294168  0.028783  -0.290518  0.952452  -0.091834  -0.054429  0.079369  0.995358  -0.060429  0.041451  -0.031205  -0.485921  -2.879939  -0.060044  1.000000  
118.666221 0.033801  -0.018084  -0.000428  0.955170  0.294404  0.031244  -0.290473  0.952320  -0.093341  -0.057235  0.080081  0.995144  -0.061401  0.041349  -0.031210  -0.497337  -2.879166  -0.051610  1.000000  
118.667227 0.033732  -0.018044  -0.000460  0.955072  0.294444  0.033760  -0.290228  0.952258  -0.094725  -0.060039  0.080671  0.994931  -0.062329  0.041210  -0.031283  -0.504752  -2.879671  -0.045177  1.000000  
118.668473 0.033644  -0.017994  -0.000501  0.954910  0.294573  0.037060  -0.289964  0.952137  -0.096725  -0.063779  0.081618  0.994621  -0.063419  0.041141  -0.031376  -0.524348  -2.883810  -0.036007  1.000000  
118.669719 0.033555  -0.017945  -0.000542  0.954794  0.294513  0.040379  -0.289499  0.952074  -0.098715  -0.067517  0.082562  0.994296  -0.064630  0.040948  -0.031483  -0.540000  -2.889787  -0.033569  1.000000  
118.670724 0.033482  -0.017905  -0.000575  0.954591  0.294788  0.043093  -0.289438  0.951928  -0.100295  -0.070587  0.083268  0.994024  -0.065734  0.040820  -0.031593  -0.551544  -2.895994  -0.017482  1.000000  
118.671978 0.033391  -0.017856  -0.000614  0.954440  0.294756  0.046503  -0.288963  0.951844  -0.102434  -0.074457  0.084329  0.993652  -0.066917  0.040586  -0.031635  -0.571000  -2.909241  -0.014148  1.000000  
118.673213 0.033298  -0.017807  -0.000655  0.954226  0.294911  0.049801  -0.288684  0.951713  -0.104426  -0.078192  0.085269  0.993285  -0.068024  0.040408  -0.031755  -0.585945  -2.921892  -0.009353  1.000000  
118.674213 0.033223  -0.017768  -0.000687  0.954072  0.294982  0.052279  -0.288423  0.951627  -0.105916  -0.080993  0.085973  0.993000  -0.069001  0.040127  -0.031806  -0.593615  -2.925678  -0.000374  1.000000  
118.675463 0.033126  -0.017721  -0.000727  0.953834  0.295142  0.055611  -0.288137  0.951504  -0.107789  -0.084727  0.086789  0.992617  -0.070306  0.039816  -0.031949  -0.605299  -2.934525  0.009144  1.000000  
118.676464 0.033047  -0.017684  -0.000760  0.953661  0.295229  0.058052  -0.287870  0.951401  -0.109391  -0.087526  0.087610  0.992302  -0.071327  0.039514  -0.032025  -0.620713  -2.925117  0.010249  1.000000  
118.677713 0.032948  -0.017639  -0.000799  0.953400  0.295414  0.061311  -0.287577  0.951246  -0.111491  -0.091257  0.088664  0.991872  -0.072590  0.039104  -0.032131  -0.636470  -2.933749  0.020314  1.000000  
118.678964 0.032846  -0.017595  -0.000839  0.953137  0.295595  0.064441  -0.287284  0.951091  -0.113550  -0.094854  0.089716  0.991440  -0.073860  0.038620  -0.032221  -0.652148  -2.932868  0.029674  1.000000  
118.679971 0.032765  -0.017559  -0.000870  0.952950  0.295686  0.066753  -0.287013  0.950985  -0.115110  -0.097518  0.090535  0.991107  -0.074872  0.038247  -0.032203  -0.665136  -2.921686  0.029201  1.000000  
118.681213 0.032662  -0.017515  -0.000910  0.952678  0.295860  0.069791  -0.286718  0.950842  -0.117012  -0.100979  0.091465  0.990675  -0.076022  0.037929  -0.032178  -0.675655  -2.919664  0.039763  1.000000  
118.682465 0.032558  -0.017471  -0.000950  0.952382  0.296060  0.072919  -0.286415  0.950679  -0.119066  -0.104573  0.092511  0.990205  -0.077196  0.037560  -0.032182  -0.687002  -2.919372  0.042457  1.000000  
118.683470 0.032474  -0.017436  -0.000982  0.952128  0.296202  0.075609  -0.286125  0.950556  -0.120735  -0.107633  0.093321  0.989801  -0.077996  0.037214  -0.032120  -0.698925  -2.923042  0.051639  1.000000  
118.684717 0.032369  -0.017393  -0.001022  0.951808  0.296405  0.078771  -0.285815  0.950401  -0.122670  -0.111224  0.094244  0.989317  -0.079077  0.036775  -0.031994  -0.706279  -2.918452  0.053790  1.000000  
118.685969 0.032265  -0.017349  -0.001062  0.951491  0.296613  0.081768  -0.285506  0.950232  -0.124680  -0.114680  0.095287  0.988822  -0.079940  0.036404  -0.031978  -0.721731  -2.913823  0.055934  1.000000  
118.687217 0.032159  -0.017306  -0.001102  0.951103  0.297023  0.084738  -0.285390  0.949999  -0.126706  -0.118135  0.096327  0.988314  -0.081032  0.035998  -0.031969  -0.734229  -2.908258  0.071896  1.000000  
118.688218 0.032075  -0.017271  -0.001134  0.950855  0.297138  0.087080  -0.285102  0.949893  -0.128139  -0.120792  0.097015  0.987926  -0.081553  0.035659  -0.031897  -0.739684  -2.905082  0.072325  1.000000  
