1-Time 2-Px 3-Py 4-Pz 5-R11 6-R21 7-R31 8-R12 9-R22 10-R32 11-R13 12-R23 13-R33 14-Vx 15-Vy 16-Vz 17-Wx 18-Wy 19-Wz 20-state
122.665084 0.032089  -0.009426  0.028695  0.648361  0.638550  0.414587  -0.495141  -0.059993  0.866739  0.578328  -0.767239  0.277275  0.014180  0.007804  0.010384  0.000000  0.000000  0.000000  1.000000  
122.666211 0.032098  -0.009420  0.028704  0.648463  0.638512  0.414486  -0.495007  -0.059967  0.866817  0.578328  -0.767272  0.277182  0.011813  0.006891  0.011365  0.000000  0.000000  0.000000  1.000000  
122.667449 0.032096  -0.009424  0.028695  0.648463  0.638461  0.414564  -0.495007  -0.060072  0.866810  0.578328  -0.767306  0.277089  0.003393  0.001009  0.000194  0.000000  0.000000  0.000000  1.000000  
122.668451 0.032084  -0.009431  0.028678  0.648463  0.638361  0.414718  -0.495007  -0.060283  0.866795  0.578328  -0.767373  0.276902  -0.001543  -0.001851  -0.005476  0.000000  0.000000  0.000000  1.000000  
122.669468 0.032077  -0.009435  0.028667  0.648565  0.638323  0.414617  -0.494874  -0.060256  0.866873  0.578328  -0.767407  0.276809  -0.003023  -0.002320  -0.006967  0.000000  0.000000  0.000000  1.000000  
122.670700 0.032078  -0.009430  0.028666  0.648565  0.638273  0.414695  -0.494874  -0.060361  0.866866  0.578328  -0.767440  0.276716  -0.002054  -0.000821  -0.005518  0.000000  0.000000  0.000000  1.000000  
122.671704 0.032082  -0.009421  0.028670  0.648565  0.638172  0.414850  -0.494874  -0.060572  0.866851  0.578328  -0.767507  0.276530  -0.001145  0.000812  -0.003898  0.000000  0.000000  0.000000  1.000000  
122.672718 0.032080  -0.009411  0.028672  0.648565  0.638122  0.414927  -0.494874  -0.060677  0.866844  0.578328  -0.767541  0.276437  -0.001197  0.002072  -0.003107  0.000000  0.000000  0.000000  1.000000  
122.673946 0.032067  -0.009400  0.028668  0.648667  0.638034  0.414903  -0.494740  -0.060756  0.866914  0.578328  -0.767608  0.276251  -0.002624  0.003026  -0.003117  0.000000  0.000000  0.000000  1.000000  
122.675195 0.032049  -0.009390  0.028663  0.648667  0.637983  0.414981  -0.494740  -0.060861  0.866907  0.578328  -0.767641  0.276158  -0.004071  0.003661  -0.003225  0.000000  0.000000  0.000000  1.000000  
122.676196 0.032039  -0.009381  0.028662  0.648768  0.637996  0.414802  -0.494607  -0.060730  0.866993  0.578328  -0.767641  0.276158  -0.004666  0.004142  -0.002997  0.000000  0.000000  0.000000  1.000000  
122.677446 0.032032  -0.009369  0.028660  0.648707  0.638027  0.414850  -0.494560  -0.060897  0.867008  0.578437  -0.767602  0.276038  -0.004743  0.004680  -0.002873  0.000000  0.000000  0.000000  1.000000  
122.678696 0.032025  -0.009358  0.028652  0.648707  0.637977  0.414928  -0.494560  -0.061002  0.867000  0.578437  -0.767636  0.275945  -0.004844  0.005143  -0.003200  0.000000  0.000000  0.000000  1.000000  
122.679702 0.032013  -0.009348  0.028638  0.648747  0.638071  0.414720  -0.494379  -0.060933  0.867108  0.578547  -0.767563  0.275919  -0.005291  0.005426  -0.003991  0.000000  0.000000  0.000000  1.000000  
122.680946 0.031990  -0.009344  0.028609  0.648747  0.638071  0.414720  -0.494379  -0.060933  0.867108  0.578547  -0.767563  0.275919  -0.006998  0.005190  -0.006060  0.000000  0.000000  0.000000  1.000000  
122.681955 0.031968  -0.009346  0.028585  0.648787  0.638165  0.414512  -0.494199  -0.060864  0.867216  0.578656  -0.767490  0.275893  -0.008746  0.005201  -0.007683  0.000000  0.000000  0.000000  1.000000  
122.683215 0.031941  -0.009349  0.028560  0.648787  0.638215  0.414435  -0.494199  -0.060759  0.867223  0.578656  -0.767456  0.275986  -0.009687  0.005585  -0.008004  0.000000  0.000000  0.000000  1.000000  
122.684449 0.031918  -0.009346  0.028548  0.649052  0.638159  0.414107  -0.493979  -0.060434  0.867371  0.578547  -0.767529  0.276012  -0.010613  0.005946  -0.007934  0.000000  0.000000  0.000000  1.000000  
122.685449 0.031901  -0.009337  0.028543  0.649216  0.638039  0.414035  -0.493892  -0.060345  0.867427  0.578437  -0.767636  0.275945  -0.012030  0.006283  -0.008296  0.000000  0.000000  0.000000  1.000000  
122.686451 0.031882  -0.009326  0.028537  0.649277  0.637957  0.414064  -0.493939  -0.060283  0.867404  0.578328  -0.767708  0.275971  -0.013507  0.006438  -0.009036  0.000000  0.000000  0.000000  1.000000  
122.687462 0.031862  -0.009313  0.028525  0.649440  0.637838  0.413993  -0.493852  -0.060195  0.867460  0.578219  -0.767815  0.275904  -0.014763  0.006593  -0.010006  0.000000  0.000000  0.000000  1.000000  
122.688697 0.031838  -0.009301  0.028499  0.649665  0.637636  0.413950  -0.493812  -0.060045  0.867493  0.578001  -0.767994  0.275864  -0.015495  0.006677  -0.011473  0.000000  0.000000  0.000000  1.000000  
122.689946 0.031818  -0.009290  0.028469  0.649727  0.637504  0.414057  -0.493859  -0.060088  0.867464  0.577892  -0.768100  0.275797  -0.015689  0.006746  -0.013149  0.000000  0.000000  0.000000  1.000000  
122.691196 0.031800  -0.009280  0.028440  0.649952  0.637353  0.413937  -0.493818  -0.059832  0.867504  0.577673  -0.768245  0.275849  -0.015921  0.006768  -0.014844  0.000000  0.000000  0.000000  1.000000  
122.692446 0.031782  -0.009269  0.028408  0.650176  0.637202  0.413817  -0.493778  -0.059576  0.867545  0.577455  -0.768391  0.275901  -0.016861  0.006674  -0.017067  0.000000  0.000000  0.000000  1.000000  
122.693446 0.031764  -0.009262  0.028380  0.650299  0.636988  0.413953  -0.493871  -0.059557  0.867493  0.577236  -0.768570  0.275860  -0.017690  0.006491  -0.018447  0.000000  0.000000  0.000000  1.000000  
122.694696 0.031737  -0.009254  0.028347  0.650422  0.636824  0.414012  -0.493965  -0.059433  0.867448  0.577018  -0.768715  0.275912  -0.018424  0.006260  -0.019417  0.000000  0.000000  0.000000  1.000000  
122.695702 0.031714  -0.009250  0.028323  0.650545  0.636660  0.414071  -0.494058  -0.059308  0.867404  0.576799  -0.768860  0.275964  -0.018760  0.006408  -0.019409  0.000000  0.000000  0.000000  1.000000  
122.696945 0.031686  -0.009243  0.028301  0.650668  0.636496  0.414130  -0.494152  -0.059184  0.867359  0.576581  -0.769006  0.276016  -0.018823  0.006864  -0.018970  0.000000  0.000000  0.000000  1.000000  
122.697946 0.031664  -0.009236  0.028289  0.650791  0.636383  0.414111  -0.494245  -0.058954  0.867321  0.576362  -0.769117  0.276162  -0.018789  0.007564  -0.018299  0.000000  0.000000  0.000000  1.000000  
122.698947 0.031643  -0.009226  0.028280  0.650914  0.636219  0.414170  -0.494338  -0.058830  0.867277  0.576143  -0.769263  0.276214  -0.018918  0.008185  -0.018151  0.000000  0.000000  0.000000  1.000000  
122.700201 0.031614  -0.009210  0.028263  0.651098  0.636023  0.414181  -0.494478  -0.058538  0.867217  0.575815  -0.769447  0.276385  -0.019434  0.008644  -0.018973  0.000000  0.000000  0.000000  1.000000  
122.701447 0.031586  -0.009191  0.028235  0.651343  0.635695  0.414299  -0.494664  -0.058289  0.867127  0.575377  -0.769737  0.276490  -0.019778  0.008951  -0.020124  0.000000  0.000000  0.000000  1.000000  
122.702448 0.031566  -0.009175  0.028206  0.651425  0.635487  0.414489  -0.494938  -0.058128  0.866982  0.575049  -0.769920  0.276661  -0.019809  0.009227  -0.021276  0.000000  0.000000  0.000000  1.000000  
122.703702 0.031542  -0.009155  0.028167  0.651568  0.635197  0.414708  -0.495258  -0.057904  0.866814  0.574611  -0.770176  0.276858  -0.019789  0.009767  -0.022143  0.000000  0.000000  0.000000  1.000000  
122.704945 0.031517  -0.009134  0.028131  0.651772  0.634826  0.414957  -0.495625  -0.057618  0.866623  0.574063  -0.770504  0.277082  -0.020017  0.010461  -0.022536  0.000000  0.000000  0.000000  1.000000  
122.706194 0.031486  -0.009116  0.028099  0.652139  0.634333  0.415134  -0.495904  -0.057243  0.866489  0.573406  -0.770938  0.277238  -0.020912  0.010881  -0.022729  0.000000  0.000000  0.000000  1.000000  
122.707194 0.031457  -0.009104  0.028074  0.652281  0.634043  0.415354  -0.496224  -0.057019  0.866320  0.572967  -0.771193  0.277435  -0.021909  0.011124  -0.022650  -0.023796  -0.047566  -0.215144  1.000000  
122.708444 0.031418  -0.009089  0.028041  0.652545  0.633539  0.415710  -0.496636  -0.056774  0.866100  0.572309  -0.771625  0.277591  -0.023046  0.011498  -0.022590  -0.023881  -0.063392  -0.242625  1.000000  
122.709694 0.031381  -0.009072  0.028009  0.652644  0.633155  0.416137  -0.497137  -0.056617  0.865823  0.571761  -0.771952  0.277814  -0.023748  0.012168  -0.022512  -0.016081  -0.088327  -0.262163  1.000000  
122.710944 0.031347  -0.009054  0.027974  0.652785  0.632815  0.416434  -0.497457  -0.056497  0.865647  0.571321  -0.772239  0.277918  -0.024110  0.013053  -0.022978  -0.012130  -0.099631  -0.276999  1.000000  
122.712195 0.031313  -0.009038  0.027936  0.652987  0.632392  0.416760  -0.497823  -0.056314  0.865449  0.570772  -0.772599  0.278047  -0.024570  0.013674  -0.024263  -0.004242  -0.119274  -0.298419  1.000000  
122.713445 0.031278  -0.009022  0.027893  0.653188  0.632020  0.417009  -0.498189  -0.056026  0.865257  0.570223  -0.772924  0.278270  -0.025061  0.013890  -0.026113  0.003639  -0.137436  -0.315586  1.000000  
122.714695 0.031243  -0.009004  0.027841  0.653286  0.631586  0.417513  -0.498689  -0.055972  0.864972  0.569673  -0.773283  0.278399  -0.025496  0.014167  -0.028697  0.011407  -0.159308  -0.326634  1.000000  
122.715698 0.031217  -0.008987  0.027797  0.653425  0.631245  0.417810  -0.499008  -0.055851  0.864796  0.569233  -0.773570  0.278502  -0.025771  0.014370  -0.030575  0.019429  -0.175866  -0.338191  1.000000  
122.716700 0.031192  -0.008968  0.027753  0.653625  0.630873  0.418059  -0.499374  -0.055562  0.864603  0.568683  -0.773894  0.278725  -0.025954  0.014588  -0.031763  0.019193  -0.192644  -0.351289  1.000000  
122.717947 0.031161  -0.008945  0.027702  0.653824  0.630450  0.418386  -0.499739  -0.055377  0.864404  0.568133  -0.774252  0.278854  -0.026490  0.014775  -0.032610  0.022938  -0.200885  -0.359053  1.000000  
122.719198 0.031124  -0.008925  0.027656  0.654186  0.630007  0.418487  -0.500016  -0.054895  0.864274  0.567472  -0.774647  0.279102  -0.027365  0.014673  -0.033092  0.018901  -0.214007  -0.377039  1.000000  
122.720444 0.031081  -0.008906  0.027615  0.654608  0.629481  0.418619  -0.500339  -0.054349  0.864122  0.566700  -0.775113  0.279376  -0.028411  0.014721  -0.033631  0.014548  -0.226630  -0.397210  1.000000  
122.721446 0.031043  -0.008892  0.027582  0.654970  0.629037  0.418721  -0.500615  -0.053866  0.863993  0.566039  -0.775507  0.279625  -0.029140  0.014746  -0.034081  0.014507  -0.240019  -0.415527  1.000000  
122.722695 0.030995  -0.008874  0.027534  0.655494  0.628522  0.418675  -0.500802  -0.053191  0.863926  0.565266  -0.775971  0.279898  -0.029689  0.014960  -0.035198  0.002328  -0.240316  -0.434967  1.000000  
122.723697 0.030961  -0.008860  0.027490  0.655957  0.628088  0.418599  -0.500942  -0.052579  0.863882  0.564604  -0.776364  0.280147  -0.029922  0.015091  -0.036520  -0.005670  -0.242605  -0.457813  1.000000  
122.724946 0.030923  -0.008840  0.027432  0.656540  0.627540  0.418508  -0.501173  -0.051735  0.863799  0.563720  -0.776864  0.280540  -0.030135  0.015253  -0.038175  -0.017725  -0.244957  -0.480684  1.000000  
122.726196 0.030883  -0.008820  0.027370  0.657183  0.626857  0.418522  -0.501450  -0.050934  0.863686  0.562725  -0.777467  0.280865  -0.030490  0.015476  -0.039974  -0.025943  -0.252372  -0.516204  1.000000  
122.727446 0.030842  -0.008800  0.027304  0.657927  0.626235  0.418284  -0.501589  -0.049898  0.863666  0.561729  -0.778036  0.281283  -0.030983  0.015689  -0.041729  -0.042019  -0.252422  -0.549627  1.000000  
122.728696 0.030800  -0.008781  0.027237  0.658612  0.625643  0.418092  -0.501682  -0.049031  0.863661  0.560843  -0.778567  0.281582  -0.031441  0.015879  -0.043099  -0.049507  -0.248866  -0.574030  1.000000  
122.729948 0.030760  -0.008762  0.027173  0.659415  0.624885  0.417960  -0.501865  -0.048037  0.863611  0.559735  -0.779238  0.281932  -0.031764  0.015889  -0.043825  -0.057824  -0.249506  -0.608116  1.000000  
122.731196 0.030722  -0.008741  0.027114  0.660157  0.624208  0.417799  -0.502001  -0.047107  0.863583  0.558737  -0.779837  0.282255  -0.032140  0.015817  -0.044070  -0.069191  -0.245913  -0.632017  1.000000  
122.732203 0.030690  -0.008725  0.027068  0.660737  0.623604  0.417787  -0.502227  -0.046368  0.863492  0.557849  -0.780364  0.282553  -0.032820  0.015527  -0.044225  -0.077607  -0.243380  -0.657925  1.000000  
122.733206 0.030654  -0.008712  0.027022  0.661418  0.623059  0.417521  -0.502316  -0.045397  0.863492  0.556960  -0.780857  0.282946  -0.033427  0.015238  -0.044735  -0.096740  -0.233141  -0.679447  1.000000  
122.734450 0.030604  -0.008697  0.026963  0.662277  0.622212  0.417422  -0.502538  -0.044340  0.863417  0.555737  -0.781592  0.283320  -0.034130  0.014873  -0.045876  -0.105317  -0.233495  -0.714087  1.000000  
122.735762 0.030554  -0.008685  0.026901  0.663254  0.621247  0.417308  -0.502849  -0.043053  0.863301  0.554290  -0.782431  0.283838  -0.034278  0.014425  -0.047101  -0.120815  -0.229219  -0.752111  1.000000  
122.736956 0.030506  -0.008672  0.026833  0.664169  0.620415  0.417091  -0.503112  -0.041724  0.863213  0.552953  -0.783163  0.284427  -0.034434  0.014192  -0.048778  -0.140827  -0.222840  -0.784671  1.000000  
122.738197 0.030460  -0.008655  0.026763  0.665083  0.619581  0.416874  -0.503374  -0.040395  0.863124  0.551615  -0.783893  0.285015  -0.034523  0.014178  -0.049901  -0.164704  -0.216046  -0.816135  1.000000  
122.739446 0.030413  -0.008636  0.026693  0.666113  0.618628  0.416645  -0.503723  -0.038835  0.862992  0.550051  -0.784724  0.285748  -0.034962  0.014159  -0.050779  -0.192369  -0.208469  -0.861965  1.000000  
122.740446 0.030375  -0.008618  0.026640  0.667025  0.617840  0.416356  -0.503980  -0.037402  0.862905  0.548710  -0.785414  0.286431  -0.035553  0.014203  -0.051162  -0.220201  -0.206228  -0.905828  1.000000  
122.741696 0.030324  -0.008596  0.026580  0.668110  0.616849  0.416086  -0.504368  -0.035674  0.862752  0.547031  -0.786273  0.287284  -0.036221  0.014443  -0.050972  -0.250000  -0.205414  -0.950403  1.000000  
122.742946 0.030273  -0.008574  0.026524  0.669147  0.615764  0.416026  -0.504935  -0.034009  0.862487  0.545237  -0.787196  0.288163  -0.036769  0.014644  -0.050227  -0.275879  -0.211870  -1.004346  1.000000  
122.743946 0.030234  -0.008555  0.026479  0.669949  0.614963  0.415919  -0.505323  -0.032703  0.862310  0.543891  -0.787877  0.288846  -0.037280  0.014831  -0.049595  -0.299731  -0.213493  -1.042042  1.000000  
122.745196 0.030183  -0.008533  0.026424  0.671039  0.613841  0.415820  -0.505929  -0.030869  0.862023  0.541981  -0.788826  0.289845  -0.038116  0.014928  -0.049169  -0.332760  -0.215717  -1.093821  1.000000  
122.746446 0.030129  -0.008513  0.026366  0.672126  0.612766  0.415650  -0.506531  -0.028930  0.861736  0.540068  -0.789735  0.290940  -0.039012  0.014925  -0.049089  -0.364433  -0.223711  -1.148150  1.000000  
122.747698 0.030074  -0.008496  0.026303  0.673163  0.611549  0.415765  -0.507313  -0.027158  0.861334  0.538039  -0.790740  0.291965  -0.039914  0.014867  -0.049495  -0.395389  -0.237300  -1.205972  1.000000  
122.748704 0.030030  -0.008482  0.026252  0.673966  0.610668  0.415757  -0.507918  -0.025639  0.861024  0.536459  -0.791472  0.292889  -0.040315  0.014963  -0.049872  -0.415436  -0.251489  -1.243672  1.000000  
122.749950 0.029975  -0.008467  0.026184  0.674948  0.609459  0.415938  -0.508876  -0.023718  0.860513  0.534312  -0.792463  0.294131  -0.040616  0.015047  -0.050264  -0.439887  -0.277505  -1.296673  1.000000  
122.751199 0.029921  -0.008451  0.026116  0.676031  0.608253  0.415946  -0.509692  -0.021669  0.860084  0.532162  -0.793448  0.295373  -0.040919  0.015270  -0.050529  -0.468102  -0.295036  -1.343098  1.000000  
122.752201 0.029878  -0.008436  0.026062  0.676834  0.607194  0.416186  -0.510517  -0.020145  0.859632  0.530348  -0.794298  0.296348  -0.041333  0.015560  -0.050487  -0.480571  -0.321761  -1.381114  1.000000  
122.753447 0.029825  -0.008414  0.025998  0.678134  0.605696  0.416254  -0.511497  -0.017734  0.859102  0.527736  -0.795499  0.297785  -0.041815  0.015855  -0.049956  -0.504926  -0.351330  -1.438980  1.000000  
122.754697 0.029771  -0.008389  0.025940  0.679265  0.604276  0.416472  -0.512570  -0.015510  0.858505  0.525234  -0.796624  0.299198  -0.042225  0.016128  -0.049289  -0.529776  -0.386112  -1.501664  1.000000  
122.755698 0.029727  -0.008370  0.025895  0.680223  0.603010  0.416744  -0.513513  -0.013685  0.857973  0.523069  -0.797617  0.300344  -0.042545  0.016238  -0.048849  -0.546426  -0.416245  -1.548114  1.000000  
122.756945 0.029673  -0.008345  0.025839  0.681616  0.601435  0.416745  -0.514564  -0.010932  0.857382  0.520215  -0.798847  0.302025  -0.042798  0.016417  -0.048690  -0.578774  -0.447351  -1.609700  1.000000  
122.757946 0.029629  -0.008325  0.025791  0.682508  0.600351  0.416847  -0.515458  -0.008960  0.856868  0.518157  -0.799686  0.303341  -0.042979  0.016557  -0.048811  -0.599299  -0.481124  -1.648193  1.000000  
122.758946 0.029584  -0.008307  0.025741  0.683667  0.599063  0.416801  -0.516333  -0.006566  0.856363  0.515752  -0.800675  0.304827  -0.043355  0.016563  -0.049233  -0.629228  -0.515937  -1.708245  1.000000  
122.760195 0.029526  -0.008284  0.025676  0.685149  0.597359  0.416812  -0.517453  -0.003575  0.855704  0.512653  -0.801966  0.306656  -0.043766  0.016601  -0.049819  -0.666379  -0.556320  -1.779734  1.000000  
122.761446 0.029467  -0.008263  0.025609  0.686840  0.595410  0.416818  -0.518730  -0.000116  0.854938  0.509087  -0.803422  0.308777  -0.044134  0.016669  -0.050483  -0.709494  -0.594487  -1.858697  1.000000  
122.762446 0.029421  -0.008246  0.025555  0.688034  0.593907  0.416994  -0.519854  0.002458  0.854252  0.506321  -0.804530  0.310436  -0.044302  0.016922  -0.050727  -0.738899  -0.637184  -1.919448  1.000000  
122.763448 0.029375  -0.008228  0.025503  0.689382  0.592416  0.416889  -0.520872  0.005428  0.853617  0.503434  -0.805614  0.312315  -0.044399  0.017208  -0.050797  -0.783411  -0.670638  -1.987458  1.000000  
122.764720 0.029317  -0.008205  0.025440  0.691256  0.590332  0.416742  -0.522065  0.009248  0.852856  0.499614  -0.807108  0.314584  -0.044542  0.017714  -0.050403  -0.834879  -0.718825  -2.077976  1.000000  
122.765951 0.029260  -0.008181  0.025378  0.693009  0.588345  0.416640  -0.523389  0.013155  0.851992  0.495784  -0.808503  0.317050  -0.044759  0.018270  -0.049981  -0.889031  -0.765915  -2.162611  1.000000  
122.766953 0.029214  -0.008162  0.025330  0.694595  0.586630  0.416418  -0.524362  0.016549  0.851335  0.492527  -0.809686  0.319101  -0.045015  0.018603  -0.049603  -0.930090  -0.793223  -2.227567  1.000000  
122.768203 0.029158  -0.008135  0.025269  0.696588  0.584318  0.416338  -0.525642  0.020673  0.850455  0.488329  -0.811261  0.321543  -0.045204  0.018875  -0.049371  -0.982734  -0.841352  -2.330870  1.000000  
122.769447 0.029102  -0.008108  0.025206  0.698618  0.581963  0.416236  -0.526948  0.024967  0.849531  0.484003  -0.812832  0.324106  -0.045329  0.019058  -0.049753  -1.028473  -0.892261  -2.422503  1.000000  
122.770695 0.029049  -0.008083  0.025137  0.700580  0.579737  0.416044  -0.528201  0.029300  0.848614  0.479783  -0.814277  0.326745  -0.045242  0.019136  -0.050510  -1.077837  -0.934986  -2.507570  1.000000  
122.771701 0.029004  -0.008064  0.025080  0.702061  0.577919  0.416077  -0.529318  0.032644  0.847795  0.476375  -0.815441  0.328821  -0.045290  0.019013  -0.051451  -1.114638  -0.970398  -2.575099  1.000000  
122.772946 0.028948  -0.008042  0.025003  0.704356  0.575287  0.415846  -0.530593  0.037529  0.846795  0.471544  -0.817090  0.331677  -0.045429  0.018839  -0.052653  -1.169646  -1.005559  -2.671685  1.000000  
122.773946 0.028901  -0.008025  0.024941  0.706071  0.573239  0.415765  -0.531658  0.041293  0.845952  0.467764  -0.818347  0.333923  -0.045495  0.018790  -0.053313  -1.213983  -1.040815  -2.753746  1.000000  
122.774946 0.028855  -0.008008  0.024881  0.707824  0.571097  0.415732  -0.532749  0.045124  0.845069  0.463857  -0.819641  0.336192  -0.045530  0.018715  -0.053920  -1.260716  -1.079108  -2.842604  1.000000  
122.775948 0.028808  -0.007990  0.024822  0.709563  0.569051  0.415573  -0.533830  0.049161  0.844162  0.459941  -0.820832  0.338659  -0.045511  0.018776  -0.054207  -1.309377  -1.115473  -2.924755  1.000000  
122.777195 0.028750  -0.007966  0.024752  0.711728  0.566409  0.415481  -0.535229  0.054202  0.842967  0.454944  -0.822340  0.341735  -0.045442  0.018997  -0.054487  -1.362436  -1.149397  -3.013160  1.000000  
122.778196 0.028704  -0.007946  0.024698  0.713533  0.564224  0.415357  -0.536356  0.058473  0.841964  0.450769  -0.823548  0.344348  -0.045431  0.019098  -0.054499  -1.418324  -1.182424  -3.101224  1.000000  
122.779445 0.028646  -0.007922  0.024629  0.715911  0.561389  0.415106  -0.537683  0.064034  0.840712  0.445386  -0.825071  0.347692  -0.045583  0.019247  -0.055065  -1.485644  -1.219918  -3.211753  1.000000  
122.780446 0.028599  -0.007902  0.024574  0.717776  0.559064  0.415024  -0.538852  0.068540  0.839607  0.440948  -0.826287  0.350449  -0.045608  0.019259  -0.055334  -1.544475  -1.251354  -3.309406  1.000000  
122.781448 0.028554  -0.007882  0.024517  0.719531  0.556858  0.414951  -0.539938  0.072811  0.838550  0.436740  -0.827410  0.353059  -0.045591  0.019320  -0.055819  -1.601559  -1.286657  -3.400806  1.000000  
122.782452 0.028508  -0.007860  0.024459  0.721363  0.554571  0.414834  -0.541081  0.077418  0.837400  0.432281  -0.828528  0.355914  -0.045610  0.019373  -0.056583  -1.664254  -1.313595  -3.485419  1.000000  
122.783711 0.028452  -0.007834  0.024385  0.723635  0.551590  0.414851  -0.542552  0.083096  0.835902  0.426602  -0.829966  0.359398  -0.045557  0.019272  -0.057349  -1.730763  -1.348941  -3.586043  1.000000  
122.784951 0.028397  -0.007809  0.024308  0.725789  0.548929  0.414617  -0.543934  0.088944  0.834401  0.421149  -0.831123  0.363136  -0.045674  0.019221  -0.058141  -1.800750  -1.385243  -3.669201  1.000000  
122.786196 0.028338  -0.007787  0.024230  0.727983  0.545923  0.414740  -0.545578  0.094944  0.832665  0.415194  -0.832438  0.366961  -0.045938  0.019119  -0.058562  -1.879552  -1.435423  -3.786478  1.000000  
122.787197 0.028291  -0.007768  0.024169  0.729707  0.543502  0.414891  -0.546870  0.099670  0.831264  0.410441  -0.833470  0.369955  -0.046076  0.019122  -0.058667  -1.927052  -1.469151  -3.865231  1.000000  
122.788198 0.028243  -0.007750  0.024109  0.731410  0.541127  0.414995  -0.548147  0.104496  0.829829  0.405677  -0.834423  0.373046  -0.046242  0.019124  -0.058516  -1.979344  -1.508764  -3.941352  1.000000  
122.789446 0.028182  -0.007728  0.024038  0.733437  0.538284  0.415114  -0.549666  0.110360  0.828063  0.399921  -0.835506  0.376819  -0.046403  0.019259  -0.058167  -2.031038  -1.551113  -4.016855  1.000000  
122.790446 0.028135  -0.007710  0.023981  0.735224  0.535683  0.415318  -0.551005  0.115485  0.826472  0.394764  -0.836485  0.380072  -0.046412  0.019344  -0.057999  -2.088205  -1.595304  -4.101234  1.000000  
122.791703 0.028076  -0.007685  0.023910  0.737207  0.532689  0.415654  -0.552728  0.121638  0.824437  0.388609  -0.837524  0.384104  -0.046470  0.019364  -0.058028  -2.148080  -1.638551  -4.175050  1.000000  
122.792946 0.028017  -0.007661  0.023836  0.739198  0.529703  0.415934  -0.554458  0.128055  0.822300  0.382313  -0.838461  0.388356  -0.046561  0.019374  -0.058456  -2.209916  -1.691198  -4.252002  1.000000  
122.794195 0.027960  -0.007636  0.023757  0.741153  0.526665  0.416313  -0.556163  0.134370  0.820138  0.375998  -0.839386  0.392501  -0.046554  0.019344  -0.059034  -2.257420  -1.742812  -4.310120  1.000000  
122.795196 0.027913  -0.007617  0.023693  0.742716  0.524233  0.416596  -0.557576  0.139678  0.818291  0.370785  -0.840042  0.396041  -0.046511  0.019326  -0.059680  -2.307003  -1.787218  -4.370411  1.000000  
122.796446 0.027857  -0.007592  0.023615  0.744609  0.521004  0.417268  -0.559476  0.146182  0.815854  0.364066  -0.840944  0.400338  -0.046438  0.019302  -0.060157  -2.353817  -1.852171  -4.439429  1.000000  
122.797696 0.027801  -0.007567  0.023538  0.746462  0.517827  0.417912  -0.561349  0.152783  0.813354  0.357327  -0.841732  0.404728  -0.046387  0.019194  -0.060481  -2.409419  -1.914459  -4.500830  1.000000  
122.798702 0.027756  -0.007547  0.023478  0.748052  0.515177  0.418344  -0.562786  0.158384  0.811287  0.351697  -0.842323  0.408414  -0.046455  0.019119  -0.060503  -2.466029  -1.963761  -4.566063  1.000000  
122.799709 0.027710  -0.007529  0.023421  0.749424  0.512792  0.418818  -0.564302  0.163840  0.809148  0.346305  -0.842734  0.412154  -0.046535  0.018984  -0.060138  -2.513178  -2.017438  -4.609442  1.000000  
122.800948 0.027651  -0.007506  0.023351  0.751098  0.509955  0.419283  -0.566047  0.170587  0.806530  0.339770  -0.843117  0.416786  -0.046601  0.018992  -0.059644  -2.574467  -2.079649  -4.662650  1.000000  
122.801949 0.027604  -0.007488  0.023296  0.752520  0.507256  0.420006  -0.567604  0.176140  0.804239  0.333975  -0.843603  0.420470  -0.046571  0.018987  -0.059146  -2.614747  -2.136598  -4.711171  1.000000  
122.803198 0.027548  -0.007466  0.023230  0.754297  0.504029  0.420703  -0.569432  0.183314  0.801338  0.326777  -0.844009  0.425284  -0.046269  0.019078  -0.058609  -2.673606  -2.194712  -4.755666  1.000000  
122.804446 0.027493  -0.007443  0.023163  0.755843  0.501077  0.421453  -0.571333  0.190338  0.798342  0.319813  -0.844211  0.430147  -0.045925  0.019056  -0.058300  -2.742177  -2.265015  -4.801253  1.000000  
122.805695 0.027438  -0.007419  0.023092  0.757413  0.497955  0.422335  -0.573255  0.197490  0.795221  0.312578  -0.844416  0.435036  -0.045590  0.019028  -0.058384  -2.794145  -2.330084  -4.841681  1.000000  
122.806696 0.027396  -0.007400  0.023034  0.758729  0.495342  0.423045  -0.574742  0.203380  0.792659  0.306598  -0.844555  0.439004  -0.045312  0.019010  -0.058431  -2.835737  -2.394835  -4.883868  1.000000  
122.807702 0.027354  -0.007382  0.022973  0.759981  0.492824  0.423736  -0.576183  0.209196  0.790095  0.300734  -0.844607  0.442942  -0.044964  0.018887  -0.058455  -2.880182  -2.451731  -4.915876  1.000000  
122.808946 0.027303  -0.007359  0.022899  0.761586  0.489278  0.424963  -0.578141  0.216666  0.786644  0.292812  -0.844786  0.447882  -0.044531  0.018859  -0.058276  -2.929704  -2.532048  -4.963327  1.000000  
122.810196 0.027252  -0.007335  0.022827  0.763045  0.486168  0.425913  -0.579992  0.224207  0.783161  0.285255  -0.844613  0.453054  -0.044055  0.018763  -0.057680  -2.985702  -2.600306  -4.994966  1.000000  
122.811196 0.027210  -0.007318  0.022771  0.764100  0.484049  0.426436  -0.581290  0.229982  0.780519  0.279736  -0.844278  0.457102  -0.043868  0.018603  -0.057226  -3.036232  -2.649084  -5.011208  1.000000  
122.812446 0.027158  -0.007296  0.022701  0.765503  0.480821  0.427571  -0.583104  0.237473  0.776914  0.272020  -0.844049  0.462155  -0.043583  0.018427  -0.056728  -3.079318  -2.713706  -5.041522  1.000000  
122.813448 0.027116  -0.007278  0.022648  0.766636  0.478218  0.428458  -0.584467  0.243477  0.774027  0.265834  -0.843817  0.466161  -0.043445  0.018324  -0.056346  -3.121435  -2.768184  -5.068164  1.000000  
122.814698 0.027062  -0.007259  0.022580  0.767919  0.475262  0.429449  -0.586195  0.251155  0.770258  0.258216  -0.843236  0.471463  -0.043216  0.017979  -0.056114  -3.177915  -2.838377  -5.096530  1.000000  
122.815710 0.027020  -0.007244  0.022525  0.769033  0.472605  0.430386  -0.587547  0.257460  0.767140  0.251747  -0.842828  0.475673  -0.042769  0.017794  -0.055902  -3.224558  -2.897801  -5.132326  1.000000  
122.816953 0.026967  -0.007224  0.022457  0.770398  0.469445  0.431403  -0.589092  0.265340  0.763260  0.243840  -0.842150  0.480963  -0.042348  0.017607  -0.056012  -3.283829  -2.954727  -5.159389  1.000000  
122.818202 0.026916  -0.007204  0.022388  0.771538  0.466534  0.432521  -0.590719  0.272967  0.759302  0.236177  -0.841329  0.486195  -0.042027  0.017383  -0.056210  -3.336325  -3.017564  -5.181938  1.000000  
122.819446 0.026864  -0.007183  0.022317  0.772848  0.463280  0.433679  -0.592227  0.281035  0.755173  0.227977  -0.840471  0.491564  -0.041862  0.017228  -0.056363  -3.399558  -3.083269  -5.223183  1.000000  
122.820461 0.026823  -0.007167  0.022262  0.773773  0.460869  0.434597  -0.593442  0.287395  0.751818  0.221589  -0.839645  0.495878  -0.041690  0.017101  -0.056178  -3.448318  -3.126572  -5.231350  1.000000  
122.821700 0.026771  -0.007145  0.022195  0.774915  0.457967  0.435629  -0.594824  0.295308  0.747648  0.213754  -0.838486  0.501248  -0.041598  0.016950  -0.055836  -3.502477  -3.172060  -5.254021  1.000000  
122.822945 0.026720  -0.007124  0.022130  0.775949  0.454773  0.437133  -0.596380  0.303126  0.743267  0.205512  -0.837434  0.506428  -0.041663  0.016820  -0.055117  -3.545147  -3.232667  -5.280398  1.000000  
122.823946 0.026677  -0.007108  0.022080  0.776775  0.452372  0.438155  -0.597524  0.309590  0.739675  0.198960  -0.836369  0.510785  -0.041738  0.016723  -0.054571  -3.593653  -3.277287  -5.300573  1.000000  
122.824946 0.026633  -0.007091  0.022032  0.777526  0.450269  0.438990  -0.598611  0.316079  0.736043  0.192662  -0.835076  0.515295  -0.041967  0.016526  -0.053891  -3.648848  -3.325388  -5.311607  1.000000  
122.826196 0.026579  -0.007070  0.021971  0.778414  0.447509  0.440235  -0.600061  0.324453  0.731202  0.184384  -0.833346  0.521092  -0.042108  0.016506  -0.053319  -3.723054  -3.377303  -5.327404  1.000000  
122.827446 0.026522  -0.007051  0.021907  0.779351  0.444635  0.441487  -0.601295  0.332554  0.726534  0.176224  -0.831690  0.526534  -0.042399  0.016323  -0.052921  -3.782939  -3.420754  -5.342509  1.000000  
122.828446 0.026476  -0.007036  0.021855  0.780020  0.442464  0.442488  -0.602323  0.339195  0.722602  0.169635  -0.830164  0.531085  -0.042643  0.016153  -0.052874  -3.828994  -3.453192  -5.345859  1.000000  
122.829696 0.026420  -0.007017  0.021786  0.780734  0.439813  0.443869  -0.603645  0.347322  0.717621  0.161454  -0.828210  0.536657  -0.042826  0.016135  -0.052904  -3.883538  -3.505017  -5.357088  1.000000  
122.830946 0.026363  -0.006998  0.021718  0.781501  0.437205  0.445092  -0.604753  0.355435  0.712699  0.153394  -0.826146  0.542174  -0.043050  0.016159  -0.052932  -3.937438  -3.551332  -5.371903  1.000000  
122.831951 0.026318  -0.006981  0.021664  0.782062  0.434954  0.446312  -0.605701  0.361979  0.708588  0.146648  -0.824491  0.546542  -0.043297  0.016198  -0.052919  -3.989288  -3.591397  -5.376806  1.000000  
122.833216 0.026260  -0.006962  0.021596  0.782636  0.432406  0.447778  -0.606920  0.370244  0.703255  0.138304  -0.822158  0.552202  -0.043684  0.016137  -0.052716  -4.047009  -3.631632  -5.377765  1.000000  
122.834448 0.026203  -0.006940  0.021531  0.783113  0.430150  0.449115  -0.608065  0.378267  0.697977  0.130349  -0.819686  0.557785  -0.044152  0.016255  -0.052499  -4.103729  -3.680054  -5.377219  1.000000  
122.835449 0.026156  -0.006923  0.021481  0.783408  0.428134  0.450525  -0.609070  0.384570  0.693643  0.123714  -0.817807  0.562039  -0.044475  0.016263  -0.052152  -4.138955  -3.712065  -5.377252  1.000000  
122.836695 0.026098  -0.006901  0.021420  0.783803  0.425851  0.452000  -0.610154  0.392588  0.688177  0.115611  -0.815184  0.567546  -0.044901  0.016294  -0.051669  -4.186874  -3.746143  -5.364894  1.000000  
122.837698 0.026051  -0.006882  0.021373  0.783995  0.424331  0.453094  -0.611081  0.399116  0.683583  0.109229  -0.812804  0.572206  -0.045324  0.016368  -0.051319  -4.241111  -3.781342  -5.352902  1.000000  
122.838946 0.025991  -0.006861  0.021312  0.784168  0.422250  0.454736  -0.612255  0.407051  0.677830  0.101113  -0.809947  0.577721  -0.045780  0.016401  -0.051234  -4.299169  -3.813388  -5.324229  1.000000  
122.840199 0.025930  -0.006841  0.021250  0.784171  0.420263  0.456568  -0.613558  0.415004  0.671802  0.092856  -0.806939  0.583290  -0.046242  0.016370  -0.051380  -4.357401  -3.868895  -5.317790  1.000000  
122.841445 0.025869  -0.006820  0.021187  0.784209  0.418460  0.458156  -0.614629  0.422570  0.666082  0.085127  -0.803944  0.588581  -0.046602  0.016443  -0.051411  -4.400317  -3.913573  -5.294385  1.000000  
122.842446 0.025820  -0.006802  0.021138  0.784108  0.417177  0.459497  -0.615593  0.428722  0.661243  0.078859  -0.801349  0.592976  -0.046828  0.016574  -0.051319  -4.435835  -3.937586  -5.264427  1.000000  
122.843446 0.025771  -0.006783  0.021088  0.783991  0.415809  0.460935  -0.616545  0.435055  0.656201  0.072322  -0.798643  0.597444  -0.047016  0.016840  -0.051095  -4.485225  -3.975745  -5.243193  1.000000  
122.844450 0.025722  -0.006764  0.021041  0.783825  0.414694  0.462221  -0.617460  0.441303  0.651149  0.066048  -0.795790  0.601961  -0.047263  0.017139  -0.050529  -4.533196  -4.012924  -5.216430  1.000000  
122.845696 0.025662  -0.006739  0.020983  0.783555  0.413513  0.463733  -0.618556  0.448805  0.644952  0.058570  -0.792200  0.607444  -0.047557  0.017512  -0.049838  -4.582514  -4.041070  -5.165346  1.000000  
122.846698 0.025612  -0.006719  0.020938  0.783324  0.412266  0.465231  -0.619421  0.454886  0.639841  0.052158  -0.789376  0.611690  -0.047848  0.017826  -0.049294  -4.614263  -4.072511  -5.133087  1.000000  
122.847702 0.025563  -0.006699  0.020894  0.782918  0.411505  0.466586  -0.620411  0.460807  0.634623  0.046144  -0.786333  0.616077  -0.048081  0.018139  -0.048497  -4.661552  -4.115322  -5.089915  1.000000  
122.848704 0.025513  -0.006678  0.020850  0.782619  0.410457  0.468009  -0.621224  0.466832  0.629404  0.039861  -0.783321  0.620337  -0.048336  0.018409  -0.047868  -4.703854  -4.142827  -5.051606  1.000000  
122.849950 0.025452  -0.006652  0.020794  0.782066  0.409444  0.469817  -0.622361  0.474135  0.622786  0.032240  -0.779456  0.625627  -0.048557  0.018703  -0.047392  -4.743169  -4.184900  -4.993893  1.000000  
122.850973 0.025403  -0.006631  0.020749  0.781688  0.408709  0.471085  -0.623112  0.479886  0.617609  0.026355  -0.776316  0.629793  -0.048671  0.018884  -0.047045  -4.772283  -4.207660  -4.949216  1.000000  
122.852199 0.025341  -0.006606  0.020691  0.781179  0.407877  0.472648  -0.624022  0.487256  0.610882  0.018864  -0.772151  0.635159  -0.048973  0.019062  -0.046968  -4.832484  -4.234372  -4.893944  1.000000  
122.853200 0.025290  -0.006587  0.020644  0.780609  0.407423  0.473979  -0.624885  0.492989  0.605377  0.012978  -0.768745  0.639424  -0.049215  0.019213  -0.046939  -4.879109  -4.259396  -4.839485  1.000000  
122.854446 0.025226  -0.006563  0.020587  0.779888  0.406926  0.475590  -0.625890  0.499693  0.598806  0.006021  -0.764669  0.644395  -0.049333  0.019350  -0.046729  -4.905034  -4.283705  -4.774935  1.000000  
122.855451 0.025175  -0.006544  0.020541  0.779387  0.406459  0.476810  -0.626543  0.505288  0.593403  0.000268  -0.761232  0.648479  -0.049462  0.019536  -0.046340  -4.929647  -4.298806  -4.712705  1.000000  
122.856695 0.025111  -0.006521  0.020488  0.778593  0.405944  0.478542  -0.627490  0.512090  0.586532  -0.006957  -0.756950  0.653435  -0.049710  0.019655  -0.045718  -4.960293  -4.319936  -4.644980  1.000000  
122.857696 0.025060  -0.006500  0.020447  0.778032  0.405485  0.479841  -0.628096  0.517529  0.581085  -0.012711  -0.753489  0.657337  -0.049850  0.019813  -0.045132  -4.985756  -4.347478  -4.589988  1.000000  
122.858946 0.024995  -0.006475  0.020399  0.777298  0.405279  0.481204  -0.628825  0.524390  0.574103  -0.019667  -0.748842  0.662457  -0.050113  0.019929  -0.044329  -5.027160  -4.358105  -4.514168  1.000000  
122.860196 0.024930  -0.006449  0.020353  0.776522  0.404923  0.482753  -0.629521  0.531112  0.567118  -0.026757  -0.744283  0.667328  -0.050400  0.020029  -0.043573  -5.060344  -4.375705  -4.438389  1.000000  
122.861196 0.024876  -0.006428  0.020316  0.775881  0.404856  0.483838  -0.630061  0.536294  0.561615  -0.032106  -0.740595  0.671185  -0.050750  0.020067  -0.042909  -5.093113  -4.384157  -4.376541  1.000000  
122.862446 0.024810  -0.006401  0.020270  0.775186  0.404794  0.485003  -0.630557  0.542608  0.554955  -0.038524  -0.736015  0.675868  -0.051032  0.020141  -0.042329  -5.111783  -4.378139  -4.299853  1.000000  
122.863452 0.024756  -0.006380  0.020233  0.774487  0.404635  0.486252  -0.631048  0.547826  0.549240  -0.044139  -0.732228  0.679628  -0.051312  0.020156  -0.041864  -5.131436  -4.389012  -4.235064  1.000000  
122.864699 0.024689  -0.006354  0.020186  0.773726  0.404629  0.487467  -0.631489  0.554158  0.542338  -0.050688  -0.727451  0.684285  -0.051707  0.020148  -0.041301  -5.165640  -4.384148  -4.157341  1.000000  
122.865702 0.024633  -0.006335  0.020149  0.773250  0.404589  0.488254  -0.631632  0.559331  0.536833  -0.055899  -0.723503  0.688054  -0.052177  0.020081  -0.040783  -5.198279  -4.370562  -4.103801  1.000000  
122.866952 0.024561  -0.006311  0.020104  0.772443  0.404921  0.489256  -0.632033  0.565554  0.529794  -0.062176  -0.718462  0.692782  -0.052849  0.020001  -0.039806  -5.224713  -4.360627  -4.029670  1.000000  
122.868200 0.024488  -0.006290  0.020061  0.771720  0.404908  0.490405  -0.632239  0.571789  0.522811  -0.068718  -0.713517  0.697260  -0.053523  0.019858  -0.038750  -5.243373  -4.356056  -3.962811  1.000000  
122.869446 0.024414  -0.006268  0.020019  0.770957  0.404741  0.491742  -0.632409  0.577894  0.515846  -0.075391  -0.708677  0.701493  -0.054203  0.019702  -0.037661  -5.255583  -4.333608  -3.901177  1.000000  
122.870448 0.024354  -0.006251  0.019987  0.770407  0.404975  0.492411  -0.632489  0.582625  0.510398  -0.080193  -0.704658  0.705000  -0.054749  0.019548  -0.036917  -5.270907  -4.317995  -3.848011  1.000000  
122.871702 0.024279  -0.006230  0.019948  0.769751  0.405164  0.493281  -0.632481  0.588583  0.503525  -0.086326  -0.699580  0.709321  -0.055503  0.019374  -0.035861  -5.288071  -4.288255  -3.788774  1.000000  
122.872945 0.024202  -0.006209  0.019908  0.769065  0.405268  0.494264  -0.632448  0.594356  0.496739  -0.092456  -0.694621  0.713409  -0.056411  0.019075  -0.035244  -5.298376  -4.255762  -3.732852  1.000000  
122.874197 0.024125  -0.006190  0.019867  0.768371  0.405607  0.495064  -0.632408  0.600009  0.489948  -0.098317  -0.689545  0.717539  -0.057251  0.018603  -0.034801  -5.300303  -4.217474  -3.660713  1.000000  
122.875446 0.024047  -0.006171  0.019826  0.767781  0.405794  0.495827  -0.632187  0.605625  0.483278  -0.104174  -0.684507  0.721525  -0.058047  0.018148  -0.034498  -5.300168  -4.183916  -3.611415  1.000000  
122.876696 0.023967  -0.006154  0.019784  0.767000  0.405986  0.496878  -0.632074  0.611326  0.476196  -0.110426  -0.679305  0.725500  -0.058932  0.017502  -0.034192  -5.308806  -4.156986  -3.563490  1.000000  
122.877946 0.023885  -0.006136  0.019744  0.766355  0.406234  0.497669  -0.631808  0.616816  0.469422  -0.116275  -0.674174  0.729362  -0.059867  0.016957  -0.033853  -5.304880  -4.110796  -3.508895  1.000000  
122.879197 0.023802  -0.006120  0.019706  0.765708  0.406652  0.498322  -0.631540  0.622130  0.462722  -0.121855  -0.669021  0.733187  -0.060939  0.016307  -0.033281  -5.304401  -4.069788  -3.457360  1.000000  
122.880446 0.023716  -0.006105  0.019670  0.765038  0.407097  0.498988  -0.631251  0.627383  0.455974  -0.127430  -0.663825  0.736952  -0.062113  0.015626  -0.032606  -5.307152  -4.023994  -3.409609  1.000000  
122.881448 0.023646  -0.006094  0.019643  0.764439  0.407380  0.499673  -0.631022  0.631580  0.450464  -0.132074  -0.659657  0.739871  -0.062963  0.015162  -0.031982  -5.296489  -3.998630  -3.373234  1.000000  
