1-Time 2-Px 3-Py 4-Pz 5-R11 6-R21 7-R31 8-R12 9-R22 10-R32 11-R13 12-R23 13-R33 14-Vx 15-Vy 16-Vz 17-Wx 18-Wy 19-Wz 20-state
11.827849 0.001286  -0.021684  -0.026431  0.748270  0.140344  0.648379  -0.493707  0.770632  0.402962  -0.443109  -0.621634  0.645930  0.015816  0.001652  0.007308  0.441211  0.200654  -0.216815  1.000000  
11.828886 0.001296  -0.021683  -0.026425  0.748473  0.139948  0.648230  -0.493399  0.770641  0.403323  -0.443109  -0.621713  0.645855  0.015647  0.001636  0.007298  0.439668  0.206602  -0.222996  1.000000  
11.829892 0.001312  -0.021677  -0.026403  0.748473  0.139791  0.648264  -0.493399  0.770543  0.403510  -0.443109  -0.621869  0.645704  0.015549  0.001901  0.008330  0.429629  0.198179  -0.214045  1.000000  
11.831133 0.001333  -0.021665  -0.026362  0.748575  0.139554  0.648198  -0.493245  0.770523  0.403737  -0.443109  -0.621948  0.645628  0.015551  0.002505  0.010458  0.417881  0.196542  -0.212173  1.000000  
11.832144 0.001348  -0.021655  -0.026327  0.748575  0.139554  0.648198  -0.493245  0.770523  0.403737  -0.443109  -0.621948  0.645628  0.015362  0.007304  0.025781  0.402878  0.189588  -0.204873  1.000000  
11.833382 0.001365  -0.021641  -0.026294  0.748627  0.139326  0.648187  -0.493059  0.770598  0.403823  -0.443228  -0.621906  0.645586  0.015025  0.008227  0.025906  0.387551  0.184882  -0.206280  1.000000  
11.834633 0.001380  -0.021623  -0.026271  0.748728  0.139167  0.648104  -0.492904  0.770626  0.403956  -0.443228  -0.621906  0.645586  0.014504  0.009359  0.024494  0.372371  0.180663  -0.201796  1.000000  
11.835882 0.001396  -0.021602  -0.026254  0.748778  0.139237  0.648032  -0.492937  0.770580  0.404004  -0.443109  -0.621948  0.645628  0.014232  0.010605  0.022789  0.357325  0.179747  -0.194318  1.000000  
11.836883 0.001408  -0.021586  -0.026237  0.748726  0.139465  0.648043  -0.493124  0.770506  0.403918  -0.442989  -0.621989  0.645671  0.013923  0.011267  0.022096  0.335947  0.166984  -0.180912  1.000000  
11.838133 0.001421  -0.021569  -0.026215  0.748726  0.139386  0.648060  -0.493124  0.770457  0.404011  -0.442989  -0.622067  0.645596  0.013478  0.011510  0.021503  0.321883  0.158566  -0.172038  1.000000  
11.839150 0.001430  -0.021557  -0.026192  0.748726  0.139308  0.648077  -0.493124  0.770408  0.404105  -0.442989  -0.622145  0.645520  0.013115  0.011539  0.021649  0.313098  0.155515  -0.168820  1.000000  
11.840403 0.001443  -0.021541  -0.026160  0.748726  0.139229  0.648093  -0.493124  0.770359  0.404198  -0.442989  -0.622224  0.645445  0.012776  0.011646  0.022004  0.294685  0.146954  -0.159787  1.000000  
11.841640 0.001456  -0.021521  -0.026128  0.748575  0.139161  0.648283  -0.493245  0.770278  0.404204  -0.443109  -0.622339  0.645251  0.012577  0.012053  0.022427  0.283277  0.129844  -0.148265  1.000000  
11.842883 0.001471  -0.021499  -0.026090  0.748473  0.139162  0.648400  -0.493399  0.770151  0.404257  -0.443109  -0.622496  0.645100  0.012549  0.012550  0.023080  0.270180  0.120346  -0.131842  1.000000  
11.843886 0.001484  -0.021480  -0.026054  0.748424  0.139014  0.648488  -0.493367  0.770148  0.404303  -0.443228  -0.622533  0.644982  0.012508  0.013503  0.024715  0.258131  0.109528  -0.127060  1.000000  
11.845133 0.001500  -0.021458  -0.026007  0.748424  0.138857  0.648522  -0.493367  0.770050  0.404490  -0.443228  -0.622689  0.644831  0.012241  0.014464  0.025940  0.248899  0.104393  -0.121533  1.000000  
11.846133 0.001515  -0.021438  -0.025970  0.748525  0.138619  0.648456  -0.493213  0.770030  0.404717  -0.443228  -0.622767  0.644755  0.012137  0.015272  0.026003  0.241899  0.100187  -0.117120  1.000000  
11.847133 0.001531  -0.021415  -0.025939  0.748525  0.138619  0.648456  -0.493213  0.770030  0.404717  -0.443228  -0.622767  0.644755  0.012231  0.016015  0.025921  0.000000  0.000000  0.000000  1.000000  
11.848143 0.001546  -0.021389  -0.025914  0.748627  0.138382  0.648389  -0.493059  0.770009  0.404944  -0.443228  -0.622846  0.644680  0.012247  0.017059  0.025806  0.000000  0.000000  0.000000  1.000000  
11.849383 0.001560  -0.021356  -0.025884  0.748728  0.138302  0.648289  -0.492904  0.770087  0.404984  -0.443228  -0.622767  0.644755  0.012177  0.018130  0.026236  0.000000  0.000000  0.000000  1.000000  
11.850633 0.001572  -0.021324  -0.025851  0.748931  0.138064  0.648105  -0.492596  0.770193  0.405157  -0.443228  -0.622689  0.644831  0.011905  0.018821  0.027340  0.000000  0.000000  0.000000  1.000000  
11.851883 0.001584  -0.021296  -0.025802  0.749134  0.137825  0.647922  -0.492288  0.770299  0.405331  -0.443228  -0.622611  0.644906  0.011754  0.019392  0.029257  0.000000  0.000000  0.000000  1.000000  
11.853133 0.001596  -0.021269  -0.025739  0.749235  0.137824  0.647805  -0.492133  0.770425  0.405277  -0.443228  -0.622454  0.645057  0.011722  0.020232  0.032021  0.000000  0.000000  0.000000  1.000000  
11.854135 0.001604  -0.021247  -0.025684  0.749438  0.137507  0.647638  -0.491825  0.770482  0.405544  -0.443228  -0.622454  0.645057  0.011620  0.020709  0.033872  0.000000  0.000000  0.000000  1.000000  
11.855139 0.001612  -0.021223  -0.025633  0.749640  0.137268  0.647454  -0.491516  0.770588  0.405717  -0.443228  -0.622376  0.645133  0.011480  0.021458  0.035665  0.000000  0.000000  0.000000  1.000000  
11.856153 0.001619  -0.021199  -0.025586  0.749892  0.137099  0.647198  -0.491240  0.770648  0.405937  -0.443109  -0.622339  0.645251  0.011265  0.022142  0.037165  0.000000  0.000000  0.000000  1.000000  
11.857389 0.001631  -0.021167  -0.025534  0.750245  0.136693  0.646875  -0.490809  0.770687  0.406384  -0.442989  -0.622380  0.645294  0.011103  0.022809  0.038256  0.000000  0.000000  0.000000  1.000000  
11.858635 0.001644  -0.021136  -0.025490  0.750598  0.136365  0.646535  -0.490378  0.770775  0.406738  -0.442869  -0.622343  0.645412  0.010886  0.023270  0.038294  0.000000  0.000000  0.000000  1.000000  
11.859882 0.001657  -0.021108  -0.025449  0.750950  0.135958  0.646212  -0.489947  0.770813  0.407184  -0.442749  -0.622384  0.645455  0.010658  0.023637  0.037732  0.090154  0.107862  -0.092640  1.000000  
11.860883 0.001666  -0.021086  -0.025417  0.751252  0.135482  0.645960  -0.489483  0.770897  0.407583  -0.442749  -0.622384  0.645455  0.010287  0.023825  0.037380  0.092936  0.117350  -0.102316  1.000000  
11.861883 0.001673  -0.021065  -0.025386  0.751454  0.135165  0.645792  -0.489174  0.770953  0.407849  -0.442749  -0.622384  0.645455  0.009664  0.023737  0.037459  0.099103  0.126008  -0.111293  1.000000  
11.863133 0.001680  -0.021040  -0.025343  0.751705  0.134839  0.645568  -0.488897  0.770914  0.408255  -0.442629  -0.622504  0.645422  0.008960  0.023332  0.038073  0.106207  0.136748  -0.109466  1.000000  
11.864145 0.001683  -0.021022  -0.025306  0.751906  0.134521  0.645400  -0.488587  0.770969  0.408521  -0.442629  -0.622504  0.645422  0.008364  0.022649  0.039160  0.109224  0.140991  -0.113883  1.000000  
11.865383 0.001683  -0.021001  -0.025254  0.752206  0.134344  0.645087  -0.488342  0.770934  0.408881  -0.442389  -0.622586  0.645507  0.007550  0.021902  0.040437  0.115360  0.152912  -0.119756  1.000000  
11.866633 0.001681  -0.020983  -0.025197  0.752457  0.134096  0.644846  -0.488064  0.770944  0.409194  -0.442269  -0.622627  0.645549  0.006618  0.021233  0.041035  0.124529  0.165846  -0.133173  1.000000  
11.867883 0.001681  -0.020961  -0.025137  0.752757  0.133919  0.644533  -0.487819  0.770908  0.409553  -0.442029  -0.622709  0.645635  0.005776  0.020850  0.040803  0.126547  0.180953  -0.135866  1.000000  
11.869133 0.001682  -0.020938  -0.025081  0.752957  0.133978  0.644287  -0.487728  0.770895  0.409686  -0.441789  -0.622713  0.645795  0.005179  0.020618  0.040263  0.120482  0.190258  -0.133061  1.000000  
11.870385 0.001683  -0.020912  -0.025033  0.753157  0.134115  0.644025  -0.487637  0.770931  0.409726  -0.441549  -0.622638  0.646031  0.004657  0.020405  0.039079  0.111358  0.200973  -0.131331  1.000000  
11.871632 0.001681  -0.020885  -0.024990  0.753456  0.134016  0.643695  -0.487391  0.770946  0.409991  -0.441308  -0.622642  0.646192  0.003877  0.020077  0.038208  0.108274  0.223363  -0.135283  1.000000  
11.872644 0.001681  -0.020863  -0.024955  0.753506  0.134242  0.643590  -0.487423  0.771000  0.409851  -0.441188  -0.622526  0.646386  0.003052  0.019748  0.037977  0.095854  0.232647  -0.137686  1.000000  
11.873886 0.001684  -0.020835  -0.024904  0.753705  0.134379  0.643328  -0.487332  0.771036  0.409890  -0.440948  -0.622451  0.646622  0.002443  0.019698  0.038475  0.082625  0.246769  -0.132853  1.000000  
11.875137 0.001685  -0.020809  -0.024846  0.753854  0.134745  0.643077  -0.487428  0.771000  0.409844  -0.440588  -0.622417  0.646900  0.001760  0.019559  0.039632  0.063189  0.252131  -0.119009  1.000000  
11.876138 0.001684  -0.020791  -0.024797  0.753953  0.134963  0.642915  -0.487492  0.770959  0.409845  -0.440348  -0.622420  0.647061  0.001013  0.019301  0.041046  0.059076  0.258606  -0.112794  1.000000  
11.877383 0.001680  -0.020770  -0.024733  0.754152  0.135100  0.642653  -0.487401  0.770996  0.409884  -0.440107  -0.622345  0.647296  0.000139  0.018945  0.042527  0.049467  0.267226  -0.110157  1.000000  
11.878633 0.001674  -0.020750  -0.024673  0.754301  0.135466  0.642401  -0.487497  0.770960  0.409838  -0.439747  -0.622310  0.647575  -0.000550  0.018677  0.043465  0.038302  0.272627  -0.096502  1.000000  
11.879883 0.001669  -0.020730  -0.024618  0.754299  0.135920  0.642307  -0.487716  0.770941  0.409613  -0.439507  -0.622234  0.647811  -0.000924  0.018625  0.043801  0.025164  0.266532  -0.077155  1.000000  
11.880883 0.001667  -0.020713  -0.024578  0.754248  0.136304  0.642286  -0.487903  0.770967  0.409341  -0.439386  -0.622118  0.648004  -0.000990  0.018774  0.043494  0.012087  0.258728  -0.061216  1.000000  
11.882133 0.001665  -0.020692  -0.024532  0.754347  0.136600  0.642107  -0.487967  0.770976  0.409248  -0.439146  -0.622042  0.648240  -0.001087  0.018794  0.042633  0.004886  0.258749  -0.050144  1.000000  
11.883383 0.001665  -0.020670  -0.024489  0.754296  0.136984  0.642085  -0.488154  0.771002  0.408976  -0.439026  -0.621925  0.648433  -0.001116  0.018758  0.041679  -0.004211  0.249144  -0.033804  1.000000  
11.884633 0.001666  -0.020646  -0.024444  0.754294  0.137439  0.641991  -0.488373  0.770982  0.408751  -0.438785  -0.621849  0.648668  -0.001088  0.018730  0.041172  -0.017505  0.244786  -0.014475  1.000000  
11.885883 0.001667  -0.020621  -0.024393  0.754292  0.137971  0.641879  -0.488593  0.771012  0.408433  -0.438545  -0.621694  0.648979  -0.001001  0.018704  0.041448  -0.037597  0.228993  0.006430  1.000000  
11.886883 0.001669  -0.020601  -0.024349  0.754240  0.138355  0.641856  -0.488780  0.771038  0.408161  -0.438425  -0.621578  0.649173  -0.000881  0.018594  0.042185  -0.054757  0.219331  0.022812  1.000000  
11.888139 0.001670  -0.020577  -0.024285  0.754339  0.138806  0.641643  -0.488844  0.771145  0.407881  -0.438184  -0.621344  0.649559  -0.000867  0.018284  0.043414  -0.076619  0.208247  0.036361  1.000000  
11.889154 0.001672  -0.020557  -0.024231  0.754287  0.139268  0.641604  -0.489031  0.771220  0.407516  -0.438064  -0.621148  0.649827  -0.000817  0.018101  0.044121  -0.100992  0.194183  0.057327  1.000000  
11.890387 0.001674  -0.020533  -0.024162  0.754236  0.139885  0.641530  -0.489218  0.771393  0.406963  -0.437944  -0.620794  0.650246  -0.000693  0.018085  0.044712  -0.133626  0.177100  0.075223  1.000000  
11.891635 0.001676  -0.020508  -0.024095  0.754334  0.140414  0.641299  -0.489282  0.771549  0.406590  -0.437703  -0.620480  0.650708  -0.000369  0.018323  0.044943  -0.163167  0.170730  0.094850  1.000000  
11.892636 0.001677  -0.020486  -0.024049  0.754282  0.141031  0.641224  -0.489469  0.771721  0.406037  -0.437583  -0.620126  0.651126  -0.000026  0.018688  0.044758  -0.196761  0.157849  0.108257  1.000000  
11.893882 0.001678  -0.020459  -0.023994  0.754231  0.141648  0.641149  -0.489656  0.771893  0.405485  -0.437462  -0.619771  0.651545  0.000354  0.019168  0.044552  -0.221405  0.151284  0.119307  1.000000  
11.895133 0.001681  -0.020431  -0.023941  0.754280  0.142184  0.640972  -0.489688  0.772143  0.404970  -0.437342  -0.619337  0.652038  0.000786  0.019673  0.044474  -0.254725  0.138545  0.132608  1.000000  
11.896140 0.001684  -0.020409  -0.023897  0.754228  0.142802  0.640896  -0.489875  0.772314  0.404418  -0.437222  -0.618982  0.652456  0.001192  0.020030  0.044891  -0.286306  0.123579  0.144007  1.000000  
11.897382 0.001688  -0.020382  -0.023835  0.754277  0.143337  0.640719  -0.489907  0.772563  0.403903  -0.437101  -0.618547  0.652949  0.001534  0.020489  0.046066  -0.311272  0.115151  0.144177  1.000000  
11.898383 0.001691  -0.020359  -0.023784  0.754176  0.143885  0.640715  -0.490062  0.772778  0.403302  -0.437101  -0.618151  0.653324  0.001767  0.020779  0.047271  -0.336486  0.099203  0.154425  1.000000  
11.899632 0.001693  -0.020332  -0.023718  0.754225  0.144343  0.640554  -0.490094  0.772978  0.402881  -0.436981  -0.617795  0.653741  0.001806  0.020951  0.048417  -0.355672  0.091775  0.155776  1.000000  
11.900635 0.001696  -0.020310  -0.023666  0.754225  0.144731  0.640466  -0.490094  0.773222  0.402412  -0.436981  -0.617398  0.654115  0.001924  0.021126  0.049283  -0.377974  0.081795  0.155332  1.000000  
11.901882 0.001699  -0.020282  -0.023603  0.754274  0.145267  0.640287  -0.490126  0.773470  0.401897  -0.436861  -0.616962  0.654607  0.002051  0.021285  0.049734  -0.394048  0.076942  0.158483  1.000000  
11.903132 0.001702  -0.020254  -0.023542  0.754274  0.145810  0.640164  -0.490126  0.773811  0.401240  -0.436861  -0.616406  0.655131  0.002143  0.021542  0.049548  -0.417289  0.066316  0.156767  1.000000  
11.904140 0.001703  -0.020232  -0.023497  0.754274  0.146199  0.640075  -0.490126  0.774054  0.400771  -0.436861  -0.616009  0.655504  0.002087  0.021721  0.048985  -0.432943  0.060408  0.151833  1.000000  
11.905389 0.001705  -0.020203  -0.023443  0.754323  0.146889  0.639860  -0.490158  0.774397  0.400068  -0.436740  -0.615412  0.656145  0.002034  0.021989  0.047749  -0.457371  0.053971  0.145604  1.000000  
11.906636 0.001706  -0.020174  -0.023389  0.754473  0.147419  0.639561  -0.490034  0.774771  0.399495  -0.436620  -0.614815  0.656784  0.001981  0.022299  0.047042  -0.481875  0.050798  0.142498  1.000000  
11.907639 0.001705  -0.020149  -0.023344  0.754574  0.147802  0.639353  -0.489879  0.775140  0.398969  -0.436620  -0.614257  0.657306  0.001882  0.022483  0.046886  -0.503168  0.048602  0.131741  1.000000  
11.908888 0.001704  -0.020117  -0.023283  0.754623  0.148569  0.639118  -0.489911  0.775531  0.398171  -0.436500  -0.613579  0.658019  0.001715  0.022802  0.047428  -0.528721  0.049701  0.124120  1.000000  
11.910138 0.001702  -0.020082  -0.023216  0.754773  0.149176  0.638799  -0.489787  0.775951  0.397503  -0.436379  -0.612900  0.658731  0.001396  0.023280  0.048328  -0.554244  0.050787  0.116487  1.000000  
11.911382 0.001701  -0.020047  -0.023144  0.755072  0.149768  0.638307  -0.489540  0.776405  0.396921  -0.436138  -0.612180  0.659559  0.001045  0.023796  0.049418  -0.577805  0.063684  0.102889  1.000000  
11.912632 0.001698  -0.020010  -0.023068  0.755222  0.150451  0.637969  -0.489416  0.776872  0.396158  -0.436018  -0.611419  0.660344  0.000624  0.024469  0.050249  -0.604367  0.069021  0.090705  1.000000  
11.913632 0.001695  -0.019980  -0.023010  0.755271  0.151139  0.637748  -0.489448  0.777212  0.395452  -0.435898  -0.610818  0.660980  0.000210  0.025012  0.050672  -0.628831  0.069075  0.090664  1.000000  
11.914882 0.001692  -0.019939  -0.022943  0.755521  0.151738  0.637309  -0.489168  0.777757  0.394725  -0.435777  -0.609975  0.661837  -0.000216  0.025870  0.050775  -0.656435  0.078654  0.073924  1.000000  
11.916137 0.001688  -0.019898  -0.022882  0.755671  0.152496  0.636951  -0.489045  0.778270  0.393867  -0.435657  -0.609131  0.662694  -0.000674  0.026768  0.050576  -0.682911  0.087223  0.064771  1.000000  
11.917383 0.001683  -0.019856  -0.022824  0.755870  0.153322  0.636517  -0.488952  0.778738  0.393055  -0.435416  -0.608325  0.663592  -0.001125  0.027608  0.050315  -0.703674  0.095005  0.055155  1.000000  
11.918383 0.001679  -0.019823  -0.022778  0.756019  0.153925  0.636194  -0.488828  0.779154  0.392384  -0.435295  -0.607639  0.664298  -0.001644  0.028442  0.050321  -0.724955  0.099265  0.050577  1.000000  
11.919632 0.001672  -0.019783  -0.022716  0.756218  0.154749  0.635758  -0.488736  0.779621  0.391572  -0.435054  -0.606831  0.665195  -0.002194  0.029282  0.050701  -0.747332  0.111009  0.044505  1.000000  
11.920882 0.001665  -0.019742  -0.022650  0.756416  0.155573  0.635320  -0.488643  0.780087  0.390759  -0.434813  -0.606021  0.666090  -0.002704  0.030002  0.051406  -0.765607  0.119475  0.035357  1.000000  
11.921888 0.001658  -0.019709  -0.022595  0.756715  0.156081  0.634840  -0.488395  0.780489  0.390265  -0.434572  -0.605372  0.666837  -0.003183  0.030667  0.052325  -0.779203  0.133221  0.021862  1.000000  
11.922889 0.001652  -0.019674  -0.022539  0.756812  0.156910  0.634519  -0.488458  0.780827  0.389510  -0.434331  -0.604722  0.667584  -0.003527  0.031240  0.052922  -0.795448  0.136527  0.024802  1.000000  
11.924145 0.001646  -0.019629  -0.022468  0.757111  0.157725  0.633960  -0.488209  0.781418  0.388636  -0.434090  -0.603746  0.668623  -0.003967  0.032078  0.053531  -0.814720  0.152513  0.013986  1.000000  
11.925386 0.001640  -0.019582  -0.022396  0.757358  0.158690  0.633424  -0.488148  0.781884  0.387774  -0.433729  -0.602889  0.669630  -0.004201  0.032900  0.053727  -0.833414  0.167641  0.010772  1.000000  
11.926635 0.001634  -0.019534  -0.022328  0.757657  0.159578  0.632844  -0.487899  0.782520  0.386804  -0.433488  -0.601828  0.670739  -0.004488  0.033848  0.053251  -0.860053  0.179420  0.004451  1.000000  
11.927883 0.001628  -0.019482  -0.022261  0.757903  0.160694  0.632266  -0.487837  0.783078  0.385751  -0.433126  -0.600804  0.671890  -0.004651  0.034771  0.052727  -0.887456  0.196169  0.004178  1.000000  
11.929132 0.001624  -0.019428  -0.022194  0.758299  0.161715  0.631531  -0.487650  0.783625  0.384875  -0.432643  -0.599817  0.673082  -0.004686  0.035741  0.052566  -0.913913  0.214412  0.003868  1.000000  
11.930383 0.001618  -0.019373  -0.022126  0.758545  0.162828  0.630949  -0.487588  0.784181  0.383820  -0.432281  -0.598788  0.674230  -0.004858  0.036622  0.052768  -0.947188  0.230397  0.008130  1.000000  
11.931632 0.001612  -0.019319  -0.022053  0.758941  0.163921  0.630190  -0.487400  0.784773  0.382848  -0.431799  -0.597713  0.675491  -0.004931  0.037489  0.053688  -0.977864  0.248781  0.007712  1.000000  
11.932632 0.001606  -0.019276  -0.021992  0.759187  0.164955  0.629623  -0.487338  0.785280  0.381886  -0.431437  -0.596762  0.676563  -0.005069  0.038246  0.054843  -1.007492  0.262968  0.011908  1.000000  
11.933882 0.001598  -0.019222  -0.021910  0.759533  0.165978  0.628936  -0.487118  0.785913  0.380863  -0.431075  -0.595644  0.677778  -0.005221  0.039128  0.056328  -1.034401  0.281439  0.011395  1.000000  
11.935132 0.001591  -0.019167  -0.021828  0.759827  0.167304  0.628229  -0.487087  0.786513  0.379662  -0.430592  -0.594480  0.679106  -0.005208  0.039988  0.057474  -1.063126  0.293150  0.015309  1.000000  
11.936139 0.001586  -0.019123  -0.021763  0.760125  0.168104  0.627655  -0.486836  0.787095  0.378778  -0.430350  -0.593484  0.680129  -0.005090  0.040815  0.058307  -1.088426  0.303925  0.016358  1.000000  
11.937383 0.001581  -0.019069  -0.021686  0.760519  0.169264  0.626865  -0.486647  0.787727  0.377705  -0.429867  -0.592314  0.681453  -0.005006  0.041562  0.058766  -1.110972  0.322229  0.015648  1.000000  
11.938385 0.001578  -0.019024  -0.021628  0.760716  0.170224  0.626366  -0.486552  0.788271  0.376690  -0.429625  -0.591314  0.682473  -0.004821  0.042202  0.058795  -1.135166  0.325547  0.018223  1.000000  
11.939391 0.001575  -0.018979  -0.021572  0.761062  0.171086  0.625711  -0.486332  0.788807  0.375852  -0.429263  -0.590350  0.683535  -0.004664  0.042804  0.058751  -1.157642  0.339061  0.019274  1.000000  
11.940636 0.001572  -0.018923  -0.021502  0.761407  0.172250  0.624971  -0.486111  0.789524  0.374630  -0.428900  -0.589051  0.684882  -0.004441  0.043396  0.058759  -1.183467  0.350041  0.020045  1.000000  
11.941889 0.001569  -0.018868  -0.021431  0.761752  0.173336  0.624250  -0.485890  0.790194  0.373502  -0.428538  -0.587833  0.686155  -0.004271  0.043733  0.058946  -1.205135  0.360999  0.020800  1.000000  
11.943138 0.001566  -0.018814  -0.021355  0.762097  0.174496  0.623506  -0.485669  0.790908  0.372277  -0.428175  -0.586528  0.687496  -0.004166  0.043771  0.059541  -1.230480  0.371843  0.021490  1.000000  
11.944141 0.001563  -0.018771  -0.021292  0.762442  0.175351  0.622844  -0.485447  0.791440  0.371434  -0.427812  -0.585555  0.688551  -0.004024  0.043767  0.060195  -1.243770  0.382734  0.022262  1.000000  
11.945383 0.001558  -0.018718  -0.021210  0.762787  0.176507  0.622095  -0.485225  0.792151  0.370206  -0.427449  -0.584245  0.689888  -0.003921  0.043692  0.061117  -1.267289  0.390504  0.022750  1.000000  
11.946632 0.001552  -0.018667  -0.021127  0.763279  0.177563  0.621190  -0.484877  0.792855  0.369154  -0.426965  -0.582968  0.691266  -0.003895  0.043491  0.061758  -1.285708  0.405447  0.018649  1.000000  
11.947633 0.001548  -0.018625  -0.021059  0.763575  0.178422  0.620579  -0.484624  0.793471  0.368162  -0.426723  -0.581867  0.692342  -0.003822  0.043384  0.062112  -1.308782  0.412275  0.021134  1.000000  
11.948883 0.001542  -0.018574  -0.020977  0.764067  0.179473  0.619670  -0.484274  0.794173  0.367107  -0.426239  -0.580585  0.693716  -0.003701  0.043242  0.062185  -1.327434  0.427353  0.016915  1.000000  
11.949883 0.001538  -0.018532  -0.020914  0.764462  0.180165  0.618981  -0.483863  0.794824  0.366240  -0.425997  -0.579479  0.694788  -0.003623  0.043087  0.062003  -1.342146  0.435679  0.006878  1.000000  
11.951133 0.001533  -0.018479  -0.020835  0.764954  0.181361  0.618024  -0.483513  0.795612  0.364988  -0.425513  -0.578022  0.696297  -0.003556  0.042954  0.061857  -1.368655  0.450626  0.002510  1.000000  
11.952139 0.001529  -0.018438  -0.020773  0.765397  0.182264  0.617210  -0.483131  0.796308  0.363974  -0.425150  -0.576778  0.697549  -0.003491  0.042707  0.061867  -1.391714  0.462366  -0.004713  1.000000  
11.953382 0.001526  -0.018386  -0.020694  0.765740  0.183479  0.616424  -0.482907  0.797053  0.362638  -0.424786  -0.575362  0.698939  -0.003478  0.042485  0.062287  -1.409450  0.465908  -0.007265  1.000000  
11.954382 0.001521  -0.018346  -0.020629  0.766182  0.184377  0.615606  -0.482525  0.797747  0.361621  -0.424423  -0.574113  0.700186  -0.003619  0.042227  0.062900  -1.428042  0.477437  -0.014528  1.000000  
11.955388 0.001516  -0.018307  -0.020561  0.766525  0.185362  0.614882  -0.482300  0.798357  0.360572  -0.424059  -0.572945  0.701361  -0.003792  0.041756  0.063641  -1.444768  0.488750  -0.017319  1.000000  
11.956636 0.001509  -0.018261  -0.020475  0.767015  0.186470  0.613936  -0.481947  0.799095  0.359408  -0.423575  -0.571556  0.702786  -0.004045  0.041151  0.064819  -1.458391  0.496287  -0.020159  1.000000  
11.957636 0.001504  -0.018226  -0.020405  0.767357  0.187377  0.613232  -0.481722  0.799660  0.358453  -0.423211  -0.570469  0.703888  -0.004270  0.040607  0.065474  -1.467701  0.503746  -0.022797  1.000000  
11.958890 0.001494  -0.018184  -0.020321  0.767747  0.188644  0.612355  -0.481526  0.800356  0.357159  -0.422726  -0.569072  0.705308  -0.004665  0.039808  0.065847  -1.483997  0.503692  -0.023838  1.000000  
11.960143 0.001485  -0.018142  -0.020241  0.768188  0.189753  0.611458  -0.481142  0.801174  0.355842  -0.422362  -0.567552  0.706750  -0.004969  0.039033  0.065645  -1.498451  0.511707  -0.034450  1.000000  
11.961383 0.001475  -0.018102  -0.020163  0.768775  0.190684  0.610429  -0.480629  0.801945  0.354796  -0.421877  -0.566148  0.708164  -0.005234  0.038270  0.065306  -1.505458  0.519922  -0.045133  1.000000  
11.962383 0.001467  -0.018071  -0.020103  0.769216  0.191491  0.609622  -0.480244  0.802587  0.353864  -0.421513  -0.564964  0.709325  -0.005439  0.037560  0.064817  -1.507861  0.527934  -0.055664  1.000000  
11.963633 0.001457  -0.018032  -0.020027  0.769802  0.192415  0.608589  -0.479729  0.803357  0.352813  -0.421028  -0.563554  0.710733  -0.005707  0.036711  0.064408  -1.514388  0.539359  -0.063515  1.000000  
11.964883 0.001447  -0.017994  -0.019950  0.770436  0.193474  0.607450  -0.479244  0.804129  0.351713  -0.420421  -0.562089  0.712251  -0.006052  0.035824  0.064248  -1.518031  0.554767  -0.076319  1.000000  
11.966133 0.001436  -0.017957  -0.019869  0.771022  0.194466  0.606390  -0.478728  0.804939  0.350560  -0.419935  -0.560585  0.713722  -0.006448  0.034844  0.064456  -1.524302  0.564965  -0.080708  1.000000  
11.967133 0.001428  -0.017926  -0.019802  0.771508  0.195326  0.605494  -0.478370  0.805539  0.349671  -0.419449  -0.559424  0.714917  -0.006743  0.034159  0.064811  -1.526501  0.576142  -0.088471  1.000000  
11.968139 0.001419  -0.017896  -0.019733  0.771946  0.196120  0.604678  -0.477982  0.806177  0.348730  -0.419085  -0.558226  0.716067  -0.007200  0.033204  0.065115  -1.532223  0.584744  -0.095195  1.000000  
11.969382 0.001407  -0.017860  -0.019646  0.772480  0.197331  0.603602  -0.477652  0.806904  0.347496  -0.418477  -0.556746  0.717573  -0.007552  0.032400  0.065523  -1.541711  0.590856  -0.094812  1.000000  
11.970385 0.001397  -0.017832  -0.019577  0.772965  0.198183  0.602701  -0.477293  0.807501  0.346602  -0.417991  -0.555576  0.718762  -0.007944  0.031702  0.065598  -1.539877  0.605423  -0.099897  1.000000  
11.971632 0.001384  -0.017797  -0.019492  0.773596  0.199294  0.601524  -0.476803  0.808310  0.345391  -0.417383  -0.554001  0.720329  -0.008336  0.030934  0.065565  -1.553367  0.612647  -0.103331  1.000000  
11.972646 0.001373  -0.017771  -0.019425  0.774080  0.200214  0.600595  -0.476442  0.808947  0.344395  -0.416897  -0.552738  0.721580  -0.008675  0.030272  0.065229  -1.562903  0.624774  -0.107470  1.000000  
11.973887 0.001359  -0.017738  -0.019345  0.774710  0.201317  0.599413  -0.475950  0.809753  0.343179  -0.416289  -0.551155  0.723140  -0.009027  0.029720  0.065073  -1.570402  0.639827  -0.113156  1.000000  
11.974888 0.001348  -0.017713  -0.019281  0.775095  0.202325  0.598575  -0.475748  0.810305  0.342154  -0.415802  -0.549973  0.724319  -0.009330  0.029130  0.065085  -1.574227  0.643006  -0.111515  1.000000  
11.976142 0.001334  -0.017682  -0.019203  0.775771  0.203483  0.597305  -0.475283  0.811070  0.340984  -0.415072  -0.548415  0.725917  -0.009597  0.028451  0.065099  -1.584757  0.661122  -0.114396  1.000000  
11.977383 0.001319  -0.017653  -0.019121  0.776446  0.204565  0.596057  -0.474818  0.811794  0.339910  -0.414341  -0.546941  0.727445  -0.009867  0.027883  0.065493  -1.586714  0.675625  -0.112541  1.000000  
11.978633 0.001305  -0.017624  -0.019037  0.776976  0.205676  0.594984  -0.474483  0.812471  0.338759  -0.413733  -0.545517  0.728860  -0.010198  0.027112  0.066057  -1.591107  0.679004  -0.111295  1.000000  
11.979633 0.001294  -0.017602  -0.018969  0.777458  0.206504  0.594067  -0.474118  0.813061  0.337851  -0.413245  -0.544322  0.730028  -0.010368  0.026594  0.066525  -1.595398  0.685933  -0.106993  1.000000  
11.980883 0.001280  -0.017575  -0.018884  0.778033  0.207671  0.592905  -0.473810  0.813699  0.336747  -0.412514  -0.542925  0.731481  -0.010593  0.025876  0.066762  -1.591644  0.692856  -0.103099  1.000000  
11.982133 0.001265  -0.017549  -0.018800  0.778609  0.208905  0.591716  -0.473501  0.814376  0.335542  -0.411783  -0.541434  0.732997  -0.010862  0.025168  0.066777  -1.591141  0.697637  -0.095587  1.000000  
11.983133 0.001253  -0.017528  -0.018734  0.778992  0.209892  0.590861  -0.473295  0.814921  0.334507  -0.411295  -0.540230  0.734158  -0.011070  0.024536  0.066632  -1.592160  0.706763  -0.095100  1.000000  
11.984141 0.001241  -0.017508  -0.018669  0.779519  0.210843  0.589826  -0.472957  0.815512  0.333545  -0.410685  -0.538967  0.735427  -0.011231  0.023863  0.066221  -1.591992  0.713566  -0.091033  1.000000  
11.985382 0.001226  -0.017484  -0.018589  0.780046  0.211934  0.588738  -0.472617  0.816183  0.332383  -0.410075  -0.537522  0.736824  -0.011390  0.023234  0.065900  -1.589040  0.718737  -0.091319  1.000000  
11.986383 0.001214  -0.017465  -0.018524  0.780525  0.212817  0.587783  -0.472249  0.816809  0.331366  -0.409587  -0.536220  0.738043  -0.011532  0.022516  0.065586  -1.594464  0.725959  -0.094936  1.000000  
11.987383 0.001201  -0.017447  -0.018458  0.780907  0.213795  0.586921  -0.472041  0.817351  0.330326  -0.409098  -0.535004  0.739195  -0.011694  0.022034  0.065667  -1.594764  0.729420  -0.093635  1.000000  
11.988386 0.001188  -0.017428  -0.018389  0.781386  0.214672  0.585962  -0.471672  0.817975  0.329306  -0.408610  -0.533697  0.740409  -0.011789  0.021517  0.065838  -1.599953  0.735276  -0.096020  1.000000  
11.989392 0.001174  -0.017411  -0.018318  0.781767  0.215574  0.585122  -0.471463  0.818475  0.328362  -0.408121  -0.532566  0.741492  -0.011965  0.020952  0.066275  -1.599724  0.738541  -0.094607  1.000000  
11.990397 0.001160  -0.017393  -0.018246  0.782195  0.216677  0.584143  -0.471282  0.819016  0.327270  -0.407511  -0.531285  0.742746  -0.012144  0.020388  0.066913  -1.606641  0.741664  -0.085632  1.000000  
11.991637 0.001143  -0.017371  -0.018154  0.782622  0.217917  0.583108  -0.471100  0.819636  0.325978  -0.406900  -0.529820  0.744126  -0.012326  0.019872  0.067820  -1.610402  0.741629  -0.079660  1.000000  
11.992883 0.001126  -0.017350  -0.018060  0.783146  0.219127  0.581950  -0.470757  0.820378  0.324606  -0.406288  -0.528170  0.745631  -0.012567  0.019370  0.068533  -1.617827  0.741421  -0.073795  1.000000  
11.993883 0.001112  -0.017334  -0.017986  0.783429  0.220259  0.581141  -0.470707  0.820867  0.323438  -0.405799  -0.526938  0.746769  -0.012725  0.018900  0.068991  -1.626452  0.734868  -0.059063  1.000000  
11.995133 0.001093  -0.017315  -0.017894  0.783952  0.221391  0.580004  -0.470363  0.821566  0.322161  -0.405188  -0.525371  0.748203  -0.012995  0.018400  0.069382  -1.629822  0.733437  -0.051450  1.000000  
11.996134 0.001079  -0.017300  -0.017823  0.784235  0.222517  0.579190  -0.470313  0.822052  0.320991  -0.404698  -0.524133  0.749335  -0.013203  0.017905  0.069591  -1.635593  0.725818  -0.042741  1.000000  
11.997382 0.001061  -0.017283  -0.017735  0.784711  0.223513  0.578161  -0.469940  0.822746  0.319760  -0.404209  -0.522620  0.750655  -0.013422  0.017380  0.069985  -1.631979  0.722256  -0.047147  1.000000  
11.998385 0.001045  -0.017270  -0.017663  0.785090  0.224465  0.577277  -0.469728  0.823275  0.318707  -0.403719  -0.521376  0.751783  -0.013694  0.016847  0.070393  -1.639000  0.722067  -0.040747  1.000000  
11.999632 0.001025  -0.017255  -0.017572  0.785469  0.225555  0.576337  -0.469515  0.823881  0.317452  -0.403230  -0.519948  0.753034  -0.014039  0.016209  0.070937  -1.636942  0.711026  -0.034898  1.000000  
12.000633 0.001008  -0.017245  -0.017499  0.785847  0.226432  0.575476  -0.469302  0.824369  0.316497  -0.402740  -0.518791  0.754093  -0.014377  0.015575  0.071722  -1.631884  0.707315  -0.031179  1.000000  
12.001633 0.000991  -0.017234  -0.017423  0.786179  0.227248  0.574701  -0.469062  0.824893  0.315489  -0.402372  -0.517601  0.755107  -0.014645  0.015080  0.072335  -1.626927  0.700028  -0.030078  1.000000  
12.002883 0.000968  -0.017221  -0.017326  0.786654  0.228160  0.573689  -0.468686  0.825541  0.314349  -0.401882  -0.516164  0.756350  -0.015083  0.014461  0.073253  -1.619181  0.694854  -0.031330  1.000000  
12.004137 0.000946  -0.017207  -0.017228  0.787031  0.229308  0.572713  -0.468472  0.826179  0.312989  -0.401392  -0.514632  0.757653  -0.015449  0.013902  0.073942  -1.612462  0.686840  -0.030512  1.000000  
12.005389 0.000924  -0.017193  -0.017129  0.787505  0.230283  0.571669  -0.468096  0.826862  0.311745  -0.400902  -0.513097  0.758953  -0.015775  0.013370  0.074498  -1.611405  0.674208  -0.030180  1.000000  
12.006636 0.000901  -0.017179  -0.017031  0.787882  0.231425  0.570688  -0.467881  0.827497  0.310382  -0.400412  -0.511558  0.760249  -0.016168  0.012792  0.074850  -1.606557  0.666969  -0.029291  1.000000  
12.007643 0.000882  -0.017167  -0.016952  0.788213  0.232299  0.569875  -0.467638  0.828051  0.309267  -0.400044  -0.510263  0.761312  -0.016469  0.012395  0.075064  -1.608995  0.655732  -0.030623  1.000000  
12.008894 0.000859  -0.017153  -0.016853  0.788685  0.233265  0.568826  -0.467260  0.828730  0.308018  -0.399553  -0.508719  0.762602  -0.016887  0.012034  0.075496  -1.612101  0.648427  -0.029575  1.000000  
12.010135 0.000833  -0.017139  -0.016753  0.789112  0.234169  0.567862  -0.466855  0.829441  0.306714  -0.399185  -0.507141  0.763845  -0.017418  0.011656  0.076130  -1.612733  0.637541  -0.038844  1.000000  
12.011136 0.000814  -0.017128  -0.016670  0.789442  0.234966  0.567074  -0.466611  0.829954  0.305695  -0.398817  -0.505932  0.764838  -0.017730  0.011431  0.076945  -1.608806  0.630133  -0.045201  1.000000  
12.012383 0.000787  -0.017115  -0.016567  0.789818  0.236025  0.566110  -0.466395  0.830543  0.304425  -0.398326  -0.504471  0.766058  -0.018275  0.011192  0.077959  -1.607934  0.622851  -0.044012  1.000000  
12.013633 0.000761  -0.017102  -0.016460  0.790289  0.236910  0.565081  -0.466015  0.831178  0.303270  -0.397835  -0.503007  0.767275  -0.018731  0.010982  0.079072  -1.595967  0.615426  -0.050633  1.000000  
12.014883 0.000733  -0.017089  -0.016353  0.790664  0.237964  0.564113  -0.465798  0.831764  0.301996  -0.397344  -0.501540  0.768489  -0.019212  0.010937  0.080219  -1.590860  0.608080  -0.049409  1.000000  
12.015883 0.000712  -0.017079  -0.016268  0.790993  0.238752  0.563318  -0.465553  0.832272  0.300972  -0.396976  -0.500321  0.769473  -0.019493  0.010895  0.080864  -1.589741  0.600736  -0.047876  1.000000  
12.017133 0.000685  -0.017066  -0.016164  0.791368  0.239868  0.562317  -0.465335  0.832890  0.299595  -0.396485  -0.498755  0.770742  -0.019830  0.010847  0.081462  -1.587636  0.592166  -0.043599  1.000000  
12.018383 0.000658  -0.017053  -0.016060  0.791788  0.240971  0.561253  -0.465143  0.833437  0.298370  -0.395870  -0.497308  0.771992  -0.020072  0.010853  0.081813  -1.582643  0.588622  -0.039792  1.000000  
12.019633 0.000631  -0.017039  -0.015958  0.792258  0.241841  0.560214  -0.464761  0.834066  0.297206  -0.395379  -0.495830  0.773194  -0.020424  0.010779  0.082043  -1.576004  0.588407  -0.048826  1.000000  
12.020883 0.000605  -0.017025  -0.015855  0.792677  0.242938  0.559146  -0.464569  0.834610  0.295978  -0.394764  -0.494377  0.774437  -0.020661  0.010834  0.082362  -1.570996  0.581170  -0.047498  1.000000  
12.021891 0.000582  -0.017014  -0.015773  0.792909  0.243818  0.558433  -0.464486  0.835025  0.294934  -0.394396  -0.493240  0.775349  -0.020982  0.010823  0.082684  -1.562589  0.574960  -0.048861  1.000000  
12.023140 0.000554  -0.017000  -0.015669  0.793424  0.244669  0.557329  -0.464129  0.835581  0.293919  -0.393781  -0.491875  0.776528  -0.021221  0.010783  0.083013  -1.550505  0.574878  -0.050166  1.000000  
12.024392 0.000526  -0.016986  -0.015562  0.793842  0.245689  0.556284  -0.463935  0.836086  0.292789  -0.393166  -0.490508  0.777704  -0.021545  0.010698  0.083416  -1.534016  0.574666  -0.051495  1.000000  
12.025636 0.000497  -0.016973  -0.015453  0.794210  0.246935  0.555206  -0.463931  0.836505  0.291596  -0.392427  -0.489165  0.778921  -0.021819  0.010644  0.083950  -1.529202  0.574979  -0.045012  1.000000  
12.026894 0.000468  -0.016959  -0.015344  0.794627  0.248017  0.554126  -0.463736  0.837042  0.290361  -0.391812  -0.487697  0.780151  -0.022037  0.010754  0.084228  -1.520868  0.578533  -0.043855  1.000000  
12.028138 0.000438  -0.016944  -0.015234  0.795044  0.249095  0.553043  -0.463540  0.837578  0.289126  -0.391196  -0.486226  0.781377  -0.022206  0.010867  0.084525  -1.520194  0.575165  -0.039875  1.000000  
12.029383 0.000409  -0.016929  -0.015127  0.795506  0.250226  0.551867  -0.463371  0.838079  0.287942  -0.390457  -0.484779  0.782645  -0.022392  0.010997  0.084625  -1.520030  0.581606  -0.033367  1.000000  
12.030384 0.000385  -0.016917  -0.015040  0.795782  0.251214  0.551019  -0.463312  0.838488  0.286843  -0.389965  -0.483558  0.783645  -0.022493  0.011196  0.084667  -1.523429  0.579203  -0.031957  1.000000  
12.031633 0.000356  -0.016902  -0.014933  0.796243  0.252338  0.549838  -0.463142  0.838987  0.285657  -0.389225  -0.482105  0.784907  -0.022651  0.011292  0.084847  -1.523147  0.585619  -0.025560  1.000000  
12.032633 0.000333  -0.016889  -0.014847  0.796564  0.253310  0.548927  -0.463109  0.839327  0.284711  -0.388609  -0.481003  0.785888  -0.022719  0.011442  0.085117  -1.525316  0.587413  -0.013805  1.000000  
12.033883 0.000304  -0.016874  -0.014738  0.797024  0.254362  0.547771  -0.462937  0.839790  0.283624  -0.387869  -0.479639  0.787086  -0.022898  0.011559  0.085392  -1.517581  0.595076  -0.010228  1.000000  
12.034883 0.000280  -0.016863  -0.014651  0.797343  0.255197  0.546917  -0.462903  0.840059  0.282881  -0.387252  -0.478723  0.787947  -0.023056  0.011594  0.085874  -1.508146  0.599195  -0.000982  1.000000  
12.036134 0.000251  -0.016849  -0.014541  0.797802  0.256177  0.545788  -0.462731  0.840485  0.281895  -0.386512  -0.477449  0.789082  -0.023187  0.011589  0.086319  -1.495878  0.605564  0.005081  1.000000  
12.037383 0.000221  -0.016836  -0.014431  0.798261  0.257154  0.544657  -0.462558  0.840911  0.280907  -0.385772  -0.476173  0.790215  -0.023408  0.011474  0.086723  -1.486644  0.609755  0.013906  1.000000  
12.038385 0.000196  -0.016827  -0.014344  0.798579  0.257916  0.543829  -0.462523  0.841145  0.280264  -0.385154  -0.475347  0.791013  -0.023535  0.011344  0.086886  -1.469283  0.613965  0.023030  1.000000  
12.039389 0.000172  -0.016818  -0.014257  0.798942  0.258864  0.542846  -0.462513  0.841414  0.279470  -0.384413  -0.474354  0.791969  -0.023606  0.011214  0.087042  -1.462317  0.619814  0.037581  1.000000  
12.040389 0.000147  -0.016809  -0.014170  0.799260  0.259754  0.541952  -0.462477  0.841715  0.278622  -0.383796  -0.473332  0.792879  -0.023751  0.011107  0.086956  -1.457032  0.624129  0.046726  1.000000  
12.041643 0.000115  -0.016798  -0.014063  0.799666  0.261015  0.540746  -0.462492  0.842087  0.277472  -0.382931  -0.471976  0.794105  -0.023907  0.010872  0.086881  -1.455672  0.632233  0.057951  1.000000  
12.042885 0.000085  -0.016787  -0.013955  0.800122  0.261979  0.539604  -0.462317  0.842509  0.276481  -0.382189  -0.470687  0.795227  -0.023997  0.010630  0.086764  -1.450786  0.636810  0.066836  1.000000  
12.044135 0.000054  -0.016778  -0.013846  0.800527  0.263232  0.538392  -0.462331  0.842878  0.275330  -0.381323  -0.469324  0.796447  -0.024045  0.010269  0.086792  -1.449598  0.645083  0.078020  1.000000  
12.045383 0.000023  -0.016767  -0.013735  0.800887  0.264494  0.537237  -0.462319  0.843311  0.274022  -0.380581  -0.467835  0.797677  -0.024167  0.009946  0.087037  -1.452628  0.648010  0.088532  1.000000  
12.046383 -0.000002  -0.016759  -0.013644  0.801246  0.265426  0.536240  -0.462306  0.843576  0.273225  -0.379839  -0.466828  0.798620  -0.024260  0.009650  0.087381  -1.443194  0.657950  0.098168  1.000000  
12.047633 -0.000033  -0.016750  -0.013529  0.801605  0.266616  0.535112  -0.462294  0.843973  0.272018  -0.379096  -0.465430  0.799788  -0.024422  0.009242  0.087866  -1.442007  0.662532  0.106932  1.000000  
