1-Time 2-Px 3-Py 4-Pz 5-R11 6-R21 7-R31 8-R12 9-R22 10-R32 11-R13 12-R23 13-R33 14-Vx 15-Vy 16-Vz 17-Wx 18-Wy 19-Wz 20-state
213.892969 0.002039  -0.010393  -0.021947  0.772744  0.060466  0.631831  -0.613385  0.327048  0.718887  -0.163170  -0.943071  0.289814  -0.016907  -0.003407  -0.009806  0.390078  0.336422  -0.136330  1.000000  
213.894159 0.002024  -0.010397  -0.021955  0.772744  0.060543  0.631823  -0.613385  0.327135  0.718847  -0.163170  -0.943036  0.289928  -0.015680  -0.003491  -0.007730  0.000000  0.000000  0.000000  1.000000  
213.895405 0.002009  -0.010397  -0.021943  0.772618  0.060610  0.631971  -0.613544  0.327123  0.718717  -0.163170  -0.943036  0.289928  -0.013526  -0.001642  0.001704  0.000000  0.000000  0.000000  1.000000  
213.896408 0.001997  -0.010396  -0.021928  0.772618  0.060687  0.631964  -0.613544  0.327210  0.718677  -0.163170  -0.943001  0.290042  -0.013049  -0.000674  0.005811  0.000000  0.000000  0.000000  1.000000  
213.897656 0.001981  -0.010395  -0.021918  0.772618  0.060840  0.631949  -0.613544  0.327384  0.718598  -0.163170  -0.942931  0.290271  -0.013088  -0.000296  0.006361  0.000000  0.000000  0.000000  1.000000  
213.898656 0.001967  -0.010393  -0.021915  0.772618  0.060917  0.631942  -0.613544  0.327471  0.718558  -0.163170  -0.942895  0.290386  -0.013255  0.000151  0.005910  0.000000  0.000000  0.000000  1.000000  
213.899657 0.001954  -0.010389  -0.021917  0.772618  0.060994  0.631934  -0.613544  0.327558  0.718518  -0.163170  -0.942860  0.290500  -0.013219  0.000621  0.004593  0.000000  0.000000  0.000000  1.000000  
213.900658 0.001941  -0.010385  -0.021919  0.772618  0.061147  0.631920  -0.613544  0.327733  0.718439  -0.163170  -0.942790  0.290729  -0.013185  0.001083  0.003689  0.000000  0.000000  0.000000  1.000000  
213.901695 0.001927  -0.010383  -0.021921  0.772492  0.061368  0.632053  -0.613703  0.327894  0.718229  -0.163170  -0.942719  0.290957  -0.013157  0.001262  0.003075  0.000000  0.000000  0.000000  1.000000  
213.902916 0.001910  -0.010381  -0.021920  0.772492  0.061444  0.632045  -0.613703  0.327982  0.718189  -0.163170  -0.942684  0.291072  -0.013293  0.001229  0.002740  0.000000  0.000000  0.000000  1.000000  
213.903917 0.001897  -0.010381  -0.021918  0.772492  0.061598  0.632030  -0.613703  0.328156  0.718110  -0.163170  -0.942613  0.291300  -0.013288  0.001149  0.002716  0.000000  0.000000  0.000000  1.000000  
213.905160 0.001880  -0.010379  -0.021913  0.772492  0.061751  0.632015  -0.613703  0.328330  0.718030  -0.163170  -0.942542  0.291529  -0.013249  0.001157  0.002873  0.000000  0.000000  0.000000  1.000000  
213.906417 0.001864  -0.010376  -0.021908  0.772365  0.061895  0.632156  -0.613862  0.328404  0.717860  -0.163170  -0.942507  0.291643  -0.013237  0.001273  0.002977  0.000000  0.000000  0.000000  1.000000  
213.907662 0.001849  -0.010371  -0.021898  0.772365  0.061972  0.632148  -0.613862  0.328491  0.717820  -0.163170  -0.942472  0.291758  -0.013158  0.001542  0.003349  0.000000  0.000000  0.000000  1.000000  
213.908663 0.001839  -0.010367  -0.021885  0.772222  0.062018  0.632319  -0.614008  0.328644  0.717626  -0.163302  -0.942415  0.291865  -0.012721  0.002031  0.004681  0.000000  0.000000  0.000000  1.000000  
213.909906 0.001830  -0.010360  -0.021863  0.772222  0.062094  0.632311  -0.614008  0.328731  0.717586  -0.163302  -0.942380  0.291980  -0.012337  0.002475  0.005838  0.000000  0.000000  0.000000  1.000000  
213.911156 0.001823  -0.010353  -0.021843  0.772222  0.062171  0.632304  -0.614008  0.328818  0.717546  -0.163302  -0.942345  0.292094  -0.011855  0.002898  0.005955  0.000000  0.000000  0.000000  1.000000  
213.912166 0.001815  -0.010346  -0.021834  0.772222  0.062248  0.632296  -0.614008  0.328905  0.717507  -0.163302  -0.942309  0.292208  -0.011472  0.003296  0.005770  0.000000  0.000000  0.000000  1.000000  
213.913411 0.001803  -0.010337  -0.021833  0.772239  0.062500  0.632251  -0.614021  0.329001  0.717451  -0.163170  -0.942259  0.292443  -0.011090  0.003794  0.005492  0.000000  0.000000  0.000000  1.000000  
213.914414 0.001792  -0.010329  -0.021830  0.772239  0.062576  0.632243  -0.614021  0.329088  0.717411  -0.163170  -0.942224  0.292558  -0.010963  0.004102  0.005912  0.000000  0.000000  0.000000  1.000000  
213.915656 0.001778  -0.010320  -0.021818  0.772239  0.062806  0.632220  -0.614021  0.329349  0.717291  -0.163170  -0.942117  0.292901  -0.010827  0.004380  0.006736  0.000000  0.000000  0.000000  1.000000  
213.916909 0.001764  -0.010313  -0.021795  0.772239  0.063037  0.632197  -0.614021  0.329610  0.717171  -0.163170  -0.942010  0.293243  -0.010695  0.004573  0.008360  0.000000  0.000000  0.000000  1.000000  
213.918156 0.001749  -0.010309  -0.021765  0.772239  0.063190  0.632182  -0.614021  0.329784  0.717091  -0.163170  -0.941939  0.293472  -0.010520  0.004837  0.010309  0.000000  0.000000  0.000000  1.000000  
213.919165 0.001736  -0.010304  -0.021737  0.772239  0.063420  0.632159  -0.614021  0.330045  0.716971  -0.163170  -0.941832  0.293815  -0.010421  0.005218  0.012071  0.000000  0.000000  0.000000  1.000000  
213.920166 0.001724  -0.010297  -0.021714  0.772365  0.063505  0.631996  -0.613862  0.330232  0.717021  -0.163170  -0.941761  0.294043  -0.010378  0.005598  0.013377  0.000000  0.000000  0.000000  1.000000  
213.921417 0.001708  -0.010285  -0.021691  0.772348  0.063637  0.632004  -0.613849  0.330571  0.716877  -0.163302  -0.941633  0.294379  -0.010358  0.006069  0.014611  0.000000  0.000000  0.000000  1.000000  
213.922662 0.001695  -0.010272  -0.021673  0.772348  0.063790  0.631988  -0.613849  0.330745  0.716797  -0.163302  -0.941562  0.294608  -0.010225  0.006576  0.015039  0.000000  0.000000  0.000000  1.000000  
213.923910 0.001685  -0.010262  -0.021656  0.772475  0.063952  0.631817  -0.613690  0.331019  0.716806  -0.163302  -0.941455  0.294950  -0.010224  0.006897  0.014959  0.000000  0.000000  0.000000  1.000000  
213.924912 0.001677  -0.010254  -0.021642  0.772601  0.064037  0.631654  -0.613531  0.331206  0.716856  -0.163302  -0.941383  0.295179  -0.010266  0.007090  0.014636  0.000000  0.000000  0.000000  1.000000  
213.926157 0.001666  -0.010245  -0.021627  0.772601  0.064267  0.631631  -0.613531  0.331467  0.716735  -0.163302  -0.941275  0.295521  -0.010523  0.007189  0.014422  0.000000  0.000000  0.000000  1.000000  
213.927408 0.001652  -0.010237  -0.021615  0.772727  0.064352  0.631468  -0.613372  0.331654  0.716785  -0.163302  -0.941204  0.295750  -0.010734  0.007154  0.014821  0.000000  0.000000  0.000000  1.000000  
213.928412 0.001641  -0.010231  -0.021602  0.772727  0.064428  0.631460  -0.613372  0.331741  0.716745  -0.163302  -0.941168  0.295864  -0.010774  0.007046  0.015582  0.000000  0.000000  0.000000  1.000000  
213.929413 0.001628  -0.010228  -0.021586  0.772727  0.064581  0.631444  -0.613372  0.331915  0.716664  -0.163302  -0.941096  0.296092  -0.010917  0.006745  0.016267  0.000000  0.000000  0.000000  1.000000  
213.930656 0.001613  -0.010225  -0.021558  0.772853  0.064666  0.631281  -0.613213  0.332102  0.716714  -0.163302  -0.941024  0.296320  -0.010984  0.006304  0.017370  0.000000  0.000000  0.000000  1.000000  
213.931906 0.001599  -0.010223  -0.021526  0.772997  0.064850  0.631087  -0.613067  0.332211  0.716788  -0.163170  -0.940973  0.296555  -0.011002  0.006010  0.017954  0.000000  0.000000  0.000000  1.000000  
213.933156 0.001586  -0.010219  -0.021496  0.773123  0.064934  0.630923  -0.612908  0.332398  0.716837  -0.163170  -0.940901  0.296783  -0.010837  0.005989  0.017780  0.000000  0.000000  0.000000  1.000000  
213.934408 0.001573  -0.010213  -0.021471  0.773375  0.065027  0.630605  -0.612590  0.332686  0.716976  -0.163170  -0.940793  0.297126  -0.010657  0.006025  0.017377  0.000000  0.000000  0.000000  1.000000  
213.935416 0.001565  -0.010205  -0.021455  0.773501  0.065188  0.630433  -0.612430  0.332960  0.716984  -0.163170  -0.940685  0.297468  -0.010297  0.005937  0.016829  0.000000  0.000000  0.000000  1.000000  
213.936661 0.001554  -0.010194  -0.021438  0.773627  0.065349  0.630262  -0.612271  0.333235  0.716993  -0.163170  -0.940577  0.297810  -0.010046  0.005857  0.016605  -0.208852  0.065147  -0.020393  1.000000  
213.937662 0.001546  -0.010185  -0.021420  0.773880  0.065441  0.629943  -0.611953  0.333522  0.717131  -0.163170  -0.940468  0.298153  -0.009965  0.005759  0.016858  -0.212987  0.077530  -0.024290  1.000000  
213.938910 0.001537  -0.010175  -0.021390  0.774005  0.065678  0.629763  -0.611793  0.333884  0.717099  -0.163170  -0.940323  0.298609  -0.009868  0.005752  0.017783  -0.224748  0.092550  -0.024312  1.000000  
213.940158 0.001528  -0.010166  -0.021353  0.774240  0.065747  0.629468  -0.611461  0.334337  0.717171  -0.163302  -0.940158  0.299059  -0.009787  0.005746  0.019208  -0.234707  0.104219  -0.032720  1.000000  
213.941410 0.001516  -0.010160  -0.021315  0.774492  0.065914  0.629140  -0.611142  0.334712  0.717268  -0.163302  -0.940012  0.299515  -0.009785  0.005564  0.020834  -0.244654  0.117224  -0.036842  1.000000  
213.942658 0.001503  -0.010153  -0.021278  0.774618  0.066151  0.628961  -0.610983  0.335073  0.717235  -0.163302  -0.939867  0.299971  -0.009759  0.005422  0.022385  -0.251686  0.123726  -0.038936  1.000000  
213.943907 0.001490  -0.010149  -0.021244  0.774869  0.066241  0.628641  -0.610664  0.335362  0.717372  -0.163302  -0.939758  0.300313  -0.009601  0.005406  0.023492  -0.253521  0.135392  -0.047367  1.000000  
213.944908 0.001480  -0.010145  -0.021216  0.774995  0.066401  0.628469  -0.610504  0.335636  0.717379  -0.163302  -0.939648  0.300655  -0.009448  0.005481  0.024026  -0.258477  0.140765  -0.049060  1.000000  
213.946156 0.001470  -0.010141  -0.021182  0.775121  0.066637  0.628289  -0.610345  0.335998  0.717346  -0.163302  -0.939502  0.301111  -0.009082  0.005653  0.024198  -0.261322  0.147158  -0.051144  1.000000  
213.947156 0.001463  -0.010136  -0.021157  0.775246  0.066796  0.628118  -0.610185  0.336273  0.717353  -0.163302  -0.939393  0.301452  -0.008824  0.005823  0.024152  -0.262391  0.154888  -0.053686  1.000000  
213.948159 0.001459  -0.010130  -0.021133  0.775372  0.066956  0.627946  -0.610025  0.336548  0.717360  -0.163302  -0.939283  0.301794  -0.008442  0.005981  0.024259  -0.265366  0.161397  -0.055799  1.000000  
213.949409 0.001451  -0.010123  -0.021103  0.775497  0.067115  0.627773  -0.609866  0.336823  0.717366  -0.163302  -0.939173  0.302136  -0.008096  0.005975  0.024597  -0.266070  0.166486  -0.057426  1.000000  
213.950411 0.001446  -0.010116  -0.021076  0.775623  0.067274  0.627601  -0.609706  0.337098  0.717373  -0.163302  -0.939063  0.302478  -0.007889  0.005954  0.025251  -0.270087  0.166452  -0.057471  1.000000  
213.951660 0.001440  -0.010107  -0.021037  0.775748  0.067509  0.627421  -0.609546  0.337459  0.717338  -0.163302  -0.938916  0.302933  -0.007649  0.005766  0.026718  -0.271188  0.175672  -0.055810  1.000000  
213.952665 0.001434  -0.010101  -0.021000  0.775748  0.067737  0.627396  -0.609546  0.337720  0.717216  -0.163302  -0.938806  0.303275  -0.007544  0.005567  0.028159  -0.275177  0.175599  -0.055845  1.000000  
213.953915 0.001426  -0.010093  -0.020948  0.775874  0.068048  0.627207  -0.609387  0.338169  0.717140  -0.163302  -0.938622  0.303844  -0.007426  0.005391  0.029493  -0.283339  0.175578  -0.055933  1.000000  
213.955161 0.001418  -0.010086  -0.020896  0.775999  0.068359  0.627018  -0.609227  0.338618  0.717064  -0.163302  -0.938437  0.304413  -0.007308  0.005356  0.030495  -0.295659  0.175610  -0.056025  1.000000  
213.956409 0.001407  -0.010078  -0.020851  0.776125  0.068669  0.626829  -0.609067  0.339067  0.716987  -0.163302  -0.938253  0.304983  -0.007234  0.005423  0.030946  -0.306742  0.182078  -0.058174  1.000000  
213.957657 0.001396  -0.010068  -0.020811  0.776125  0.069125  0.626779  -0.609067  0.339589  0.716740  -0.163302  -0.938030  0.305665  -0.007083  0.005700  0.031187  -0.324199  0.175559  -0.056185  1.000000  
213.958663 0.001388  -0.010060  -0.020780  0.776250  0.069435  0.626590  -0.608907  0.340038  0.716663  -0.163302  -0.937845  0.306234  -0.006876  0.006029  0.031431  -0.335220  0.181993  -0.058329  1.000000  
213.959909 0.001381  -0.010047  -0.020738  0.776250  0.069891  0.626539  -0.608907  0.340559  0.716415  -0.163302  -0.937622  0.306917  -0.006566  0.006586  0.031929  -0.352717  0.175497  -0.056341  1.000000  
213.961156 0.001373  -0.010036  -0.020692  0.776375  0.070353  0.626332  -0.608747  0.341182  0.716255  -0.163302  -0.937361  0.307713  -0.006441  0.007011  0.032852  -0.373169  0.174117  -0.060727  1.000000  
213.962407 0.001367  -0.010024  -0.020641  0.776375  0.070809  0.626281  -0.608747  0.341703  0.716007  -0.163302  -0.937137  0.308395  -0.006364  0.007413  0.034172  -0.387339  0.166186  -0.058226  1.000000  
213.963660 0.001360  -0.010011  -0.020589  0.776501  0.071194  0.626081  -0.608588  0.342239  0.715887  -0.163302  -0.936912  0.309077  -0.006388  0.007792  0.035663  -0.403510  0.166157  -0.058307  1.000000  
213.964907 0.001353  -0.009999  -0.020537  0.776501  0.071650  0.626029  -0.608588  0.342760  0.715637  -0.163302  -0.936687  0.309758  -0.006414  0.008044  0.037048  -0.416203  0.161028  -0.056800  1.000000  
213.966156 0.001346  -0.009986  -0.020485  0.776501  0.072105  0.625977  -0.608588  0.343281  0.715388  -0.163302  -0.936461  0.310440  -0.006394  0.008289  0.037937  -0.426083  0.153250  -0.054340  1.000000  
213.967157 0.001341  -0.009978  -0.020445  0.776501  0.072485  0.625933  -0.608588  0.343714  0.715179  -0.163302  -0.936273  0.311008  -0.006375  0.008388  0.038345  -0.436479  0.140361  -0.050241  1.000000  
213.968163 0.001336  -0.009969  -0.020406  0.776626  0.072794  0.625742  -0.608428  0.344163  0.715100  -0.163302  -0.936084  0.311576  -0.006344  0.008592  0.038209  -0.449328  0.134988  -0.048608  1.000000  
213.969169 0.001330  -0.009961  -0.020370  0.776626  0.073173  0.625698  -0.608428  0.344597  0.714891  -0.163302  -0.935895  0.312143  -0.006256  0.008769  0.037739  -0.458510  0.128442  -0.046549  1.000000  
213.970411 0.001322  -0.009951  -0.020327  0.776768  0.073732  0.625455  -0.608281  0.345142  0.714752  -0.163170  -0.935650  0.312945  -0.006248  0.008924  0.037285  -0.466992  0.130156  -0.037781  1.000000  
213.971660 0.001314  -0.009939  -0.020287  0.776768  0.074339  0.625383  -0.608281  0.345835  0.714417  -0.163170  -0.935346  0.313853  -0.006080  0.009186  0.037068  -0.489252  0.118183  -0.033930  1.000000  
213.972700 0.001306  -0.009929  -0.020253  0.776894  0.074723  0.625182  -0.608121  0.346370  0.714294  -0.163170  -0.935117  0.314533  -0.005946  0.009282  0.037215  -0.500780  0.117999  -0.033947  1.000000  
213.973909 0.001299  -0.009915  -0.020206  0.777019  0.075258  0.624962  -0.607961  0.347079  0.714086  -0.163170  -0.934812  0.315441  -0.005846  0.009491  0.037833  -0.518918  0.111654  -0.031950  1.000000  
213.975156 0.001292  -0.009901  -0.020151  0.777144  0.075793  0.624742  -0.607801  0.347787  0.713878  -0.163170  -0.934505  0.316348  -0.005775  0.009650  0.038617  -0.535336  0.111654  -0.032038  1.000000  
213.976163 0.001286  -0.009889  -0.020104  0.777269  0.076251  0.624531  -0.607641  0.348409  0.713711  -0.163170  -0.934236  0.317141  -0.005818  0.009749  0.039155  -0.551520  0.111609  -0.032098  1.000000  
213.977406 0.001279  -0.009874  -0.020047  0.777394  0.076861  0.624300  -0.607481  0.349204  0.713459  -0.163170  -0.933889  0.318161  -0.005858  0.010037  0.039601  -0.575319  0.110677  -0.031910  1.000000  
213.978407 0.001274  -0.009860  -0.020004  0.777519  0.077395  0.624078  -0.607321  0.349912  0.713248  -0.163170  -0.933580  0.319067  -0.005845  0.010280  0.039711  -0.595565  0.110661  -0.031985  1.000000  
213.979656 0.001267  -0.009842  -0.019954  0.777644  0.078080  0.623837  -0.607161  0.350793  0.712951  -0.163170  -0.933192  0.320199  -0.005856  0.010559  0.039503  -0.622050  0.105076  -0.030200  1.000000  
213.980906 0.001258  -0.009826  -0.019907  0.777894  0.078767  0.623439  -0.606841  0.351776  0.712739  -0.163170  -0.932764  0.321444  -0.005948  0.010868  0.039223  -0.646976  0.117022  -0.034320  1.000000  
213.981906 0.001252  -0.009813  -0.019870  0.778019  0.079375  0.623206  -0.606681  0.352570  0.712483  -0.163170  -0.932413  0.322462  -0.006055  0.011129  0.038976  -0.671287  0.117006  -0.034408  1.000000  
213.983156 0.001243  -0.009798  -0.019821  0.778144  0.080134  0.622953  -0.606521  0.353537  0.712141  -0.163170  -0.931982  0.323706  -0.006177  0.011400  0.039002  -0.699618  0.116979  -0.034516  1.000000  
213.984163 0.001236  -0.009787  -0.019781  0.778269  0.080741  0.622719  -0.606361  0.354331  0.711882  -0.163170  -0.931628  0.324723  -0.006265  0.011621  0.039283  -0.721668  0.117910  -0.034899  1.000000  
213.985412 0.001227  -0.009772  -0.019728  0.778536  0.081524  0.622283  -0.606053  0.355238  0.711692  -0.163038  -0.931214  0.325973  -0.006329  0.011963  0.040059  -0.744097  0.132291  -0.035127  1.000000  
213.986414 0.001219  -0.009760  -0.019687  0.778660  0.082130  0.622047  -0.605893  0.356031  0.711432  -0.163038  -0.930858  0.326989  -0.006412  0.012104  0.040687  -0.764169  0.132208  -0.035217  1.000000  
213.987660 0.001210  -0.009745  -0.019633  0.778785  0.082886  0.621791  -0.605733  0.356997  0.711084  -0.163038  -0.930421  0.328231  -0.006432  0.012282  0.041435  -0.783416  0.138635  -0.037546  1.000000  
213.988661 0.001204  -0.009732  -0.019590  0.778910  0.083567  0.621543  -0.605572  0.357877  0.710779  -0.163038  -0.930022  0.329359  -0.006428  0.012355  0.041723  -0.801371  0.137487  -0.037361  1.000000  
213.989909 0.001197  -0.009716  -0.019535  0.779034  0.084397  0.621275  -0.605412  0.358928  0.710385  -0.163038  -0.929542  0.330713  -0.006461  0.012526  0.041720  -0.823392  0.145077  -0.040055  1.000000  
213.991161 0.001190  -0.009700  -0.019485  0.779159  0.085227  0.621005  -0.605252  0.359979  0.709990  -0.163038  -0.929059  0.332065  -0.006413  0.012640  0.041265  -0.847518  0.144975  -0.040198  1.000000  
213.992167 0.001184  -0.009686  -0.019448  0.779284  0.085982  0.620745  -0.605091  0.360944  0.709636  -0.163038  -0.928615  0.333305  -0.006429  0.012720  0.040568  -0.870725  0.151370  -0.042552  1.000000  
213.993407 0.001177  -0.009668  -0.019404  0.779408  0.086886  0.620463  -0.604931  0.362081  0.709194  -0.163038  -0.928089  0.334768  -0.006432  0.012812  0.039959  -0.899618  0.151382  -0.042744  1.000000  
213.994660 0.001169  -0.009650  -0.019357  0.779533  0.087940  0.620158  -0.604770  0.363388  0.708662  -0.163038  -0.927478  0.336457  -0.006515  0.012778  0.039779  -0.935023  0.157752  -0.045165  1.000000  
213.995906 0.001160  -0.009633  -0.019306  0.779674  0.089091  0.619815  -0.604623  0.364619  0.708155  -0.162906  -0.926885  0.338151  -0.006560  0.012842  0.040114  -0.966664  0.164264  -0.042998  1.000000  
213.996906 0.001152  -0.009619  -0.019261  0.779674  0.089993  0.619685  -0.604623  0.365650  0.707623  -0.162906  -0.926392  0.339500  -0.006616  0.012937  0.040643  -0.995040  0.164232  -0.043170  1.000000  
213.997907 0.001144  -0.009606  -0.019213  0.779799  0.090895  0.619396  -0.604463  0.366784  0.707173  -0.162906  -0.925855  0.340960  -0.006707  0.013021  0.041236  -1.032056  0.165580  -0.043729  1.000000  
213.999157 0.001136  -0.009588  -0.019152  0.779923  0.092096  0.619062  -0.604302  0.368260  0.706543  -0.162906  -0.925150  0.342869  -0.006717  0.013229  0.041955  -1.071113  0.170570  -0.045843  1.000000  
214.000163 0.001128  -0.009574  -0.019103  0.779923  0.093147  0.618905  -0.604302  0.369460  0.705917  -0.162906  -0.924567  0.344439  -0.006728  0.013407  0.042376  -1.109251  0.163925  -0.048390  1.000000  
214.001406 0.001119  -0.009556  -0.019048  0.780065  0.094444  0.618530  -0.604155  0.370858  0.705309  -0.162774  -0.923875  0.346352  -0.006675  0.013617  0.042622  -1.143610  0.170402  -0.046286  1.000000  
214.002411 0.001113  -0.009540  -0.019005  0.780065  0.095419  0.618380  -0.604155  0.371970  0.704723  -0.162774  -0.923327  0.347809  -0.006614  0.013866  0.042614  -1.173692  0.164062  -0.044234  1.000000  
214.003415 0.001107  -0.009525  -0.018963  0.780189  0.096393  0.618072  -0.603994  0.373186  0.704218  -0.162774  -0.922735  0.349376  -0.006582  0.014034  0.042496  -1.200495  0.170328  -0.046710  1.000000  
214.004666 0.001101  -0.009505  -0.018913  0.780189  0.097742  0.617860  -0.603994  0.374723  0.703402  -0.162774  -0.921970  0.351390  -0.006507  0.014283  0.042208  -1.248712  0.158722  -0.042733  1.000000  
214.005917 0.001095  -0.009487  -0.018862  0.780207  0.099188  0.617608  -0.604008  0.376182  0.702611  -0.162642  -0.921221  0.353410  -0.006446  0.014411  0.042226  -1.286754  0.153789  -0.036451  1.000000  
214.007159 0.001088  -0.009470  -0.018812  0.780207  0.100611  0.617378  -0.604008  0.377800  0.701742  -0.162642  -0.920404  0.355532  -0.006430  0.014386  0.042425  -1.328714  0.147318  -0.034383  1.000000  
214.008162 0.001083  -0.009456  -0.018771  0.780331  0.101731  0.617037  -0.603847  0.379183  0.701134  -0.162642  -0.919713  0.357318  -0.006391  0.014328  0.042905  -1.361183  0.147252  -0.034594  1.000000  
214.009409 0.001074  -0.009441  -0.018717  0.780348  0.103250  0.616763  -0.603860  0.380722  0.700288  -0.162510  -0.918907  0.359444  -0.006395  0.014189  0.043390  -1.399163  0.142349  -0.028283  1.000000  
214.010656 0.001067  -0.009426  -0.018662  0.780348  0.104821  0.616498  -0.603860  0.382505  0.699316  -0.162510  -0.917988  0.361784  -0.006300  0.014005  0.043654  -1.442297  0.129495  -0.023832  1.000000  
214.011914 0.001060  -0.009412  -0.018606  0.780365  0.106413  0.616203  -0.603874  0.384125  0.698416  -0.162378  -0.917128  0.364018  -0.006109  0.013850  0.043559  -1.479898  0.124597  -0.017480  1.000000  
214.013156 0.001052  -0.009397  -0.018552  0.780382  0.108079  0.615891  -0.603887  0.385828  0.697465  -0.162246  -0.916218  0.366361  -0.006000  0.013678  0.043149  -1.517456  0.118766  -0.011016  1.000000  
214.014156 0.001047  -0.009385  -0.018511  0.780382  0.109424  0.615654  -0.603887  0.387350  0.696621  -0.162246  -0.915416  0.368360  -0.005900  0.013573  0.042695  -1.555299  0.112432  -0.008833  1.000000  
214.015156 0.001042  -0.009372  -0.018474  0.780524  0.110710  0.615245  -0.603740  0.388733  0.695978  -0.162114  -0.914675  0.370255  -0.005693  0.013492  0.041987  -1.587495  0.113982  -0.004836  1.000000  
214.016163 0.001038  -0.009358  -0.018436  0.780524  0.111978  0.615015  -0.603740  0.390167  0.695175  -0.162114  -0.913909  0.372141  -0.005497  0.013415  0.041467  -1.627386  0.100556  -0.004438  1.000000  
214.017406 0.001032  -0.009341  -0.018387  0.780541  0.113716  0.614674  -0.603753  0.391946  0.694162  -0.161982  -0.912933  0.374586  -0.005390  0.013300  0.041176  -1.667670  0.094981  0.001991  1.000000  
214.018409 0.001028  -0.009328  -0.018346  0.780682  0.115147  0.614228  -0.603605  0.393494  0.693414  -0.161850  -0.912087  0.376698  -0.005277  0.013170  0.041208  -1.708505  0.096603  0.005997  1.000000  
214.019414 0.001024  -0.009315  -0.018300  0.780682  0.116563  0.613961  -0.603605  0.395091  0.692505  -0.161850  -0.911217  0.378799  -0.005224  0.012908  0.041547  -1.745865  0.090284  0.008261  1.000000  
214.020418 0.001019  -0.009303  -0.018254  0.780824  0.117992  0.613508  -0.603458  0.396636  0.691750  -0.161718  -0.910361  0.380906  -0.005249  0.012725  0.041865  -1.787939  0.092625  0.012346  1.000000  
214.021661 0.001011  -0.009289  -0.018197  0.780965  0.119866  0.612965  -0.603310  0.398682  0.690702  -0.161586  -0.909222  0.383673  -0.005287  0.012491  0.042403  -1.837568  0.094325  0.016328  1.000000  
214.022663 0.001006  -0.009277  -0.018153  0.780982  0.121449  0.612631  -0.603324  0.400282  0.689764  -0.161454  -0.908308  0.385886  -0.005283  0.012341  0.042632  -1.873877  0.095978  0.020334  1.000000  
214.023909 0.000998  -0.009264  -0.018099  0.781124  0.123245  0.612092  -0.603176  0.402240  0.688754  -0.161322  -0.907201  0.388537  -0.005331  0.012199  0.042653  -1.914878  0.097689  0.024298  1.000000  
214.025156 0.000991  -0.009252  -0.018049  0.781282  0.125209  0.611491  -0.603041  0.404204  0.687721  -0.161058  -0.906058  0.391304  -0.005258  0.012002  0.042368  -1.955741  0.100234  0.032177  1.000000  
214.026157 0.000986  -0.009243  -0.018011  0.781423  0.126779  0.610987  -0.602894  0.405907  0.686847  -0.160926  -0.905078  0.393619  -0.005210  0.011823  0.041793  -1.992480  0.101146  0.032219  1.000000  
214.027406 0.000979  -0.009231  -0.017966  0.781564  0.128717  0.610401  -0.602746  0.408023  0.685722  -0.160794  -0.903852  0.396480  -0.005156  0.011660  0.041202  -2.028550  0.102052  0.035852  1.000000  
214.028406 0.000975  -0.009222  -0.017930  0.781705  0.130283  0.609888  -0.602598  0.409722  0.684838  -0.160662  -0.902859  0.398790  -0.005100  0.011479  0.040806  -2.064814  0.111008  0.037525  1.000000  
214.029656 0.000969  -0.009211  -0.017886  0.781863  0.132312  0.609248  -0.602464  0.411760  0.683734  -0.160398  -0.901636  0.401653  -0.005034  0.011153  0.040454  -2.101528  0.114508  0.045564  1.000000  
214.030657 0.000963  -0.009203  -0.017849  0.782004  0.133874  0.608726  -0.602316  0.413454  0.682841  -0.160266  -0.900630  0.403957  -0.005115  0.010763  0.040421  -2.130087  0.114608  0.045321  1.000000  
214.031907 0.000957  -0.009192  -0.017800  0.782162  0.135898  0.608074  -0.602181  0.415486  0.681725  -0.160002  -0.899390  0.406813  -0.005112  0.010396  0.040488  -2.164213  0.123453  0.050339  1.000000  
214.032908 0.000952  -0.009184  -0.017759  0.782320  0.137551  0.607499  -0.602046  0.417103  0.680857  -0.159737  -0.898390  0.409120  -0.005211  0.009944  0.040474  -2.191208  0.133232  0.055708  1.000000  
214.034156 0.000945  -0.009175  -0.017706  0.782602  0.139557  0.606678  -0.601750  0.419242  0.679804  -0.159473  -0.897084  0.412078  -0.005345  0.009558  0.040435  -2.226789  0.143101  0.060961  1.000000  
214.035163 0.000938  -0.009167  -0.017664  0.782760  0.141353  0.606059  -0.601615  0.421020  0.678824  -0.159209  -0.895970  0.414597  -0.005432  0.009218  0.040044  -2.264028  0.152453  0.062579  1.000000  
214.036163 0.000932  -0.009160  -0.017626  0.782917  0.143146  0.605434  -0.601479  0.422796  0.677840  -0.158945  -0.894848  0.417113  -0.005476  0.008949  0.039542  -2.295521  0.162402  0.067835  1.000000  
214.037165 0.000926  -0.009152  -0.017588  0.783091  0.145031  0.604759  -0.601357  0.424496  0.676885  -0.158549  -0.893739  0.419635  -0.005545  0.008715  0.038965  -2.326882  0.174136  0.077175  1.000000  
214.038413 0.000917  -0.009142  -0.017543  0.783389  0.147266  0.603833  -0.601073  0.426717  0.675739  -0.158152  -0.892314  0.422803  -0.005614  0.008481  0.038383  -2.366515  0.184195  0.082221  1.000000  
214.039658 0.000908  -0.009133  -0.017499  0.783563  0.149585  0.603036  -0.600950  0.428905  0.674462  -0.157756  -0.890879  0.425967  -0.005723  0.008222  0.037937  -2.398818  0.196154  0.091341  1.000000  
214.040906 0.000900  -0.009123  -0.017453  0.783878  0.151978  0.602029  -0.600679  0.431129  0.673285  -0.157227  -0.889399  0.429243  -0.005775  0.008107  0.037843  -2.437199  0.214353  0.097611  1.000000  
214.041907 0.000893  -0.009115  -0.017414  0.784051  0.153997  0.601289  -0.600556  0.432984  0.672204  -0.156831  -0.888150  0.431965  -0.005903  0.008028  0.037979  -2.468945  0.224440  0.105855  1.000000  
214.043158 0.000884  -0.009106  -0.017364  0.784242  0.156471  0.600402  -0.600445  0.435171  0.670889  -0.156302  -0.886647  0.435231  -0.006130  0.007910  0.038351  -2.504287  0.238365  0.115495  1.000000  
214.044158 0.000877  -0.009098  -0.017323  0.784415  0.158483  0.599647  -0.600322  0.437020  0.669796  -0.155906  -0.885380  0.437946  -0.006307  0.007800  0.038844  -2.535554  0.250390  0.124394  1.000000  
214.045406 0.000868  -0.009089  -0.017271  0.784605  0.160877  0.598761  -0.600211  0.439119  0.668522  -0.155377  -0.883908  0.441095  -0.006452  0.007732  0.039153  -2.568571  0.256365  0.135946  1.000000  
214.046407 0.000861  -0.009082  -0.017233  0.784778  0.162810  0.598011  -0.600087  0.440881  0.667472  -0.154981  -0.882676  0.443694  -0.006665  0.007604  0.039147  -2.591983  0.266664  0.140651  1.000000  
214.047659 0.000851  -0.009074  -0.017186  0.784983  0.165434  0.597020  -0.599989  0.443064  0.666114  -0.154320  -0.881094  0.447057  -0.006840  0.007481  0.038846  -2.627430  0.282692  0.157373  1.000000  
214.048906 0.000842  -0.009066  -0.017142  0.785189  0.168054  0.596017  -0.599890  0.445243  0.664749  -0.153659  -0.879498  0.450413  -0.006977  0.007379  0.038322  -2.654974  0.288402  0.171458  1.000000  
214.049910 0.000834  -0.009060  -0.017109  0.785254  0.170234  0.595312  -0.599940  0.446971  0.663543  -0.153130  -0.878201  0.453116  -0.007078  0.007259  0.037661  -2.675811  0.288326  0.185628  1.000000  
214.051156 0.000824  -0.009055  -0.017068  0.785459  0.172845  0.594289  -0.599840  0.449143  0.662165  -0.152469  -0.876582  0.456462  -0.007249  0.007007  0.037184  -2.703504  0.302723  0.197960  1.000000  
214.052168 0.000816  -0.009049  -0.017034  0.785647  0.174854  0.593452  -0.599728  0.450820  0.661126  -0.151940  -0.875321  0.459050  -0.007320  0.006829  0.036947  -2.721241  0.311532  0.210837  1.000000  
214.053414 0.000805  -0.009043  -0.016990  0.785867  0.177476  0.592381  -0.599640  0.452834  0.659829  -0.151146  -0.873753  0.462289  -0.007497  0.006567  0.036967  -2.746091  0.321959  0.230132  1.000000  
214.054663 0.000794  -0.009038  -0.016942  0.786071  0.180144  0.591304  -0.599539  0.455075  0.658377  -0.150485  -0.872041  0.465725  -0.007667  0.006291  0.037148  -2.774284  0.330522  0.245188  1.000000  
214.055913 0.000782  -0.009032  -0.016892  0.786290  0.182828  0.590188  -0.599450  0.457161  0.657011  -0.149691  -0.870389  0.469057  -0.007843  0.006087  0.037408  -2.794859  0.339257  0.260229  1.000000  
214.057156 0.000771  -0.009025  -0.016840  0.786509  0.185577  0.589037  -0.599361  0.459323  0.655583  -0.148897  -0.868667  0.472490  -0.008061  0.005902  0.037585  -2.816669  0.347152  0.277056  1.000000  
214.058406 0.000760  -0.009018  -0.016792  0.786727  0.188249  0.587897  -0.599271  0.461402  0.654203  -0.148103  -0.866989  0.475810  -0.008183  0.005656  0.037414  -2.836989  0.358005  0.295850  1.000000  
214.059411 0.000750  -0.009014  -0.016754  0.786929  0.190397  0.586934  -0.599169  0.463072  0.653116  -0.147442  -0.865629  0.478485  -0.008375  0.005442  0.037163  -2.856359  0.367902  0.309241  1.000000  
214.060656 0.000738  -0.009008  -0.016708  0.787146  0.193129  0.585749  -0.599079  0.465223  0.651669  -0.146648  -0.863868  0.481899  -0.008583  0.005222  0.036920  -2.877582  0.375903  0.325473  1.000000  
214.061656 0.000728  -0.009004  -0.016671  0.787347  0.195339  0.584745  -0.598976  0.466967  0.650515  -0.145986  -0.862429  0.484668  -0.008701  0.005030  0.036778  -2.901822  0.386197  0.339044  1.000000  
214.062907 0.000715  -0.008999  -0.016625  0.787687  0.197964  0.583403  -0.598722  0.469152  0.649175  -0.145192  -0.860643  0.488070  -0.008940  0.004834  0.036875  -2.921253  0.398239  0.347808  1.000000  
214.064163 0.000702  -0.008997  -0.016578  0.787903  0.200608  0.582208  -0.598631  0.471214  0.647765  -0.144397  -0.858903  0.491360  -0.009242  0.004513  0.037114  -2.937907  0.402930  0.364180  1.000000  
214.065406 0.000688  -0.008996  -0.016529  0.788226  0.202987  0.580944  -0.598364  0.473304  0.646485  -0.143735  -0.857193  0.494531  -0.009496  0.004151  0.037559  -2.942165  0.413127  0.368781  1.000000  
214.066406 0.000676  -0.008996  -0.016489  0.788426  0.204965  0.579978  -0.598260  0.474802  0.645483  -0.143073  -0.855893  0.496969  -0.009735  0.003782  0.038121  -2.943559  0.420552  0.379654  1.000000  
214.067657 0.000662  -0.008997  -0.016439  0.788625  0.207501  0.578804  -0.598155  0.476923  0.644014  -0.142411  -0.854100  0.500232  -0.009941  0.003322  0.038512  -2.951389  0.419904  0.388995  1.000000  
214.068663 0.000651  -0.008999  -0.016399  0.788917  0.209191  0.577797  -0.597865  0.478597  0.643041  -0.142014  -0.852751  0.502641  -0.010121  0.002875  0.038790  -2.949973  0.430605  0.387604  1.000000  
214.069663 0.000639  -0.009002  -0.016359  0.789100  0.211136  0.576838  -0.597749  0.480236  0.641927  -0.141484  -0.851349  0.505160  -0.010303  0.002355  0.038839  -2.953933  0.433812  0.390308  1.000000  
214.070911 0.000625  -0.009006  -0.016312  0.789421  0.213349  0.575583  -0.597481  0.482158  0.640735  -0.140822  -0.849709  0.508097  -0.010506  0.001683  0.038672  -2.945869  0.437328  0.392725  1.000000  
214.072166 0.000610  -0.009012  -0.016265  0.789604  0.215495  0.574532  -0.597363  0.484024  0.639436  -0.140292  -0.848105  0.510916  -0.010766  0.000783  0.038288  -2.929232  0.440803  0.395071  1.000000  
214.073409 0.000595  -0.009019  -0.016219  0.789910  0.217398  0.573394  -0.597083  0.485777  0.638367  -0.139762  -0.846616  0.513525  -0.011003  -0.000071  0.038080  -2.908863  0.448275  0.390423  1.000000  
214.074657 0.000579  -0.009026  -0.016172  0.790078  0.219445  0.572382  -0.596955  0.487706  0.637015  -0.139364  -0.844978  0.516324  -0.011243  -0.001002  0.038228  -2.893119  0.445820  0.385804  1.000000  
214.075657 0.000566  -0.009034  -0.016131  0.790230  0.221051  0.571553  -0.596814  0.489313  0.635913  -0.139099  -0.843629  0.518596  -0.011476  -0.001800  0.038457  -2.888572  0.444151  0.375796  1.000000  
214.076658 0.000553  -0.009042  -0.016090  0.790383  0.222723  0.570692  -0.596674  0.490995  0.634747  -0.138834  -0.842210  0.520967  -0.011699  -0.002626  0.038826  -2.884536  0.443026  0.370594  1.000000  
214.077907 0.000535  -0.009053  -0.016033  0.790520  0.224579  0.569773  -0.596523  0.493050  0.633295  -0.138702  -0.840515  0.523733  -0.012051  -0.003697  0.039475  -2.864960  0.435617  0.353421  1.000000  
214.079156 0.000516  -0.009066  -0.015977  0.790535  0.226534  0.568978  -0.596534  0.495054  0.631719  -0.138569  -0.838811  0.526492  -0.012350  -0.004616  0.040070  -2.853887  0.420496  0.340809  1.000000  
214.080163 0.000500  -0.009078  -0.015931  0.790673  0.227900  0.568241  -0.596382  0.496564  0.630676  -0.138437  -0.837547  0.528536  -0.012684  -0.005526  0.040544  -2.832503  0.416061  0.326667  1.000000  
214.081406 0.000481  -0.009093  -0.015874  0.790673  0.229622  0.567547  -0.596382  0.498475  0.629167  -0.138437  -0.835941  0.531073  -0.012996  -0.006448  0.040983  -2.809838  0.400099  0.309274  1.000000  
214.082407 0.000466  -0.009105  -0.015830  0.790673  0.230999  0.566989  -0.596382  0.499999  0.627956  -0.138437  -0.834650  0.533099  -0.013331  -0.007345  0.041268  -2.794837  0.390795  0.294234  1.000000  
214.083412 0.000450  -0.009118  -0.015786  0.790673  0.232373  0.566426  -0.596382  0.501521  0.626741  -0.138437  -0.833354  0.535123  -0.013582  -0.007965  0.041526  -2.779334  0.374412  0.277309  1.000000  
214.084660 0.000430  -0.009137  -0.015731  0.790550  0.234125  0.565876  -0.596545  0.503296  0.625162  -0.138437  -0.831793  0.537546  -0.013948  -0.008988  0.041854  -2.749045  0.352333  0.263700  1.000000  
214.085665 0.000415  -0.009152  -0.015686  0.790535  0.235340  0.565393  -0.596534  0.504802  0.623957  -0.138569  -0.830536  0.539452  -0.014245  -0.009856  0.042406  -2.723848  0.334096  0.241197  1.000000  
214.086913 0.000394  -0.009172  -0.015629  0.790412  0.236952  0.564891  -0.596696  0.506416  0.622492  -0.138569  -0.829094  0.541666  -0.014655  -0.010819  0.043131  -2.684752  0.309245  0.223916  1.000000  
214.088167 0.000373  -0.009193  -0.015569  0.790275  0.238543  0.564414  -0.596848  0.508169  0.620916  -0.138702  -0.827564  0.543967  -0.015022  -0.011808  0.044070  -2.653780  0.281969  0.202953  1.000000  
214.089412 0.000351  -0.009215  -0.015507  0.790275  0.240049  0.563775  -0.596848  0.509824  0.619558  -0.138702  -0.826109  0.546173  -0.015452  -0.012816  0.045024  -2.618420  0.262810  0.182536  1.000000  
214.090656 0.000329  -0.009239  -0.015444  0.790152  0.241726  0.563230  -0.597011  0.511501  0.618017  -0.138702  -0.824582  0.548476  -0.015802  -0.013673  0.045818  -2.580216  0.235381  0.161943  1.000000  
214.091914 0.000306  -0.009263  -0.015380  0.790014  0.243314  0.562740  -0.597162  0.513239  0.616428  -0.138834  -0.823033  0.550764  -0.016244  -0.014692  0.046568  -2.550433  0.201895  0.145112  1.000000  
214.093158 0.000284  -0.009287  -0.015317  0.789891  0.244989  0.562185  -0.597325  0.514906  0.614878  -0.138834  -0.821494  0.553058  -0.016458  -0.015484  0.047078  -2.516178  0.176547  0.128738  1.000000  
214.094407 0.000262  -0.009311  -0.015254  0.789645  0.246769  0.561752  -0.597650  0.516518  0.613208  -0.138834  -0.819948  0.555348  -0.016733  -0.016249  0.047431  -2.491457  0.141793  0.123597  1.000000  
214.095656 0.000240  -0.009335  -0.015191  0.789522  0.248306  0.561248  -0.597812  0.518027  0.611774  -0.138834  -0.818530  0.557434  -0.016844  -0.016754  0.047795  -2.456789  0.116212  0.107602  1.000000  
214.096657 0.000224  -0.009354  -0.015140  0.789399  0.249638  0.560830  -0.597975  0.519311  0.610526  -0.138834  -0.817311  0.559220  -0.016969  -0.017301  0.048352  -2.434500  0.095295  0.099428  1.000000  
214.097907 0.000203  -0.009378  -0.015074  0.789291  0.251192  0.560288  -0.598149  0.520672  0.609195  -0.138702  -0.815967  0.561212  -0.017054  -0.017816  0.048981  -2.392453  0.068591  0.094987  1.000000  
214.099156 0.000182  -0.009402  -0.015005  0.789182  0.252880  0.559681  -0.598322  0.522178  0.607734  -0.138569  -0.814482  0.563398  -0.017167  -0.018273  0.049949  -2.370967  0.052030  0.093849  1.000000  
214.100158 0.000166  -0.009422  -0.014949  0.789059  0.254209  0.559252  -0.598485  0.523452  0.606477  -0.138569  -0.813250  0.565175  -0.017114  -0.018535  0.050625  -2.353412  0.025451  0.089747  1.000000  
214.101407 0.000146  -0.009447  -0.014878  0.788951  0.255828  0.558667  -0.598658  0.524877  0.605072  -0.138437  -0.811823  0.567255  -0.017066  -0.018911  0.051626  -2.330851  0.004595  0.082083  1.000000  
214.102416 0.000131  -0.009468  -0.014821  0.788842  0.257309  0.558140  -0.598832  0.526151  0.603792  -0.138304  -0.810529  0.569135  -0.016997  -0.019213  0.052315  -2.324069  -0.019734  0.082660  1.000000  
214.103663 0.000112  -0.009494  -0.014750  0.788748  0.259079  0.557453  -0.599017  0.527576  0.602364  -0.138039  -0.809037  0.571317  -0.016823  -0.019426  0.052891  -2.305540  -0.033417  0.086477  1.000000  
214.104910 0.000093  -0.009520  -0.014680  0.788640  0.260693  0.556854  -0.599190  0.528990  0.600950  -0.137907  -0.807595  0.573387  -0.016595  -0.019671  0.053467  -2.280045  -0.055279  0.090409  1.000000  
214.106157 0.000075  -0.009546  -0.014613  0.788546  0.262391  0.556189  -0.599375  0.530334  0.599579  -0.137642  -0.806161  0.575464  -0.016320  -0.019858  0.053647  -2.262423  -0.060267  0.093576  1.000000  
214.107157 0.000061  -0.009568  -0.014560  0.788452  0.263684  0.555711  -0.599560  0.531240  0.598592  -0.137377  -0.805143  0.576951  -0.016087  -0.020008  0.053778  -2.226025  -0.069419  0.105871  1.000000  
214.108161 0.000047  -0.009589  -0.014508  0.788343  0.265024  0.555228  -0.599733  0.532353  0.597428  -0.137244  -0.803966  0.578621  -0.015756  -0.020145  0.053958  -2.211445  -0.083061  0.109931  1.000000  
214.109408 0.000031  -0.009615  -0.014442  0.788125  0.266761  0.554705  -0.600080  0.533561  0.596000  -0.136979  -0.802590  0.580591  -0.015399  -0.020325  0.054211  -2.188991  -0.089087  0.125298  1.000000  
214.110656 0.000014  -0.009642  -0.014375  0.788045  0.268472  0.553993  -0.600275  0.534755  0.594732  -0.136582  -0.801224  0.582569  -0.015102  -0.020471  0.054436  -2.172736  -0.094292  0.139497  1.000000  
