1-Time 2-Px 3-Py 4-Pz 5-R11 6-R21 7-R31 8-R12 9-R22 10-R32 11-R13 12-R23 13-R33 14-Vx 15-Vy 16-Vz 17-Wx 18-Wy 19-Wz 20-state
178.184518 0.015885  -0.017291  0.000694  0.519164  0.696468  0.495380  -0.836915  0.531816  0.129403  -0.173326  -0.481773  0.858984  -0.000346  -0.002845  0.000914  0.054925  0.085491  -0.316458  1.000000  
178.185700 0.015884  -0.017295  0.000696  0.519164  0.696468  0.495380  -0.836915  0.531816  0.129403  -0.173326  -0.481773  0.858984  -0.001535  -0.003569  0.002091  0.000000  0.000000  0.000000  1.000000  
178.186951 0.015878  -0.017293  0.000699  0.519164  0.696468  0.495380  -0.836915  0.531816  0.129403  -0.173326  -0.481773  0.858984  -0.003448  -0.000982  0.001860  0.000000  0.000000  0.000000  1.000000  
178.188198 0.015871  -0.017290  0.000700  0.519336  0.696358  0.495354  -0.836808  0.531959  0.129505  -0.173326  -0.481773  0.858984  -0.004107  0.000172  0.001675  0.000000  0.000000  0.000000  1.000000  
178.189445 0.015867  -0.017290  0.000704  0.519348  0.696452  0.495209  -0.836828  0.531920  0.129538  -0.173194  -0.481680  0.859062  -0.003954  0.000217  0.001934  0.000000  0.000000  0.000000  1.000000  
178.190678 0.015860  -0.017290  0.000709  0.519348  0.696512  0.495124  -0.836828  0.531936  0.129474  -0.173194  -0.481576  0.859121  -0.004168  0.000201  0.002506  0.000000  0.000000  0.000000  1.000000  
178.191705 0.015852  -0.017288  0.000712  0.519348  0.696512  0.495124  -0.836828  0.531936  0.129474  -0.173194  -0.481576  0.859121  -0.004728  0.000367  0.002557  0.000000  0.000000  0.000000  1.000000  
178.192950 0.015841  -0.017284  0.000715  0.519348  0.696512  0.495124  -0.836828  0.531936  0.129474  -0.173194  -0.481576  0.859121  -0.005425  0.000794  0.002477  0.000000  0.000000  0.000000  1.000000  
178.194189 0.015829  -0.017281  0.000717  0.519348  0.696512  0.495124  -0.836828  0.531936  0.129474  -0.173194  -0.481576  0.859121  -0.005950  0.001010  0.002377  0.000000  0.000000  0.000000  1.000000  
178.195190 0.015820  -0.017279  0.000720  0.519361  0.696606  0.494979  -0.836848  0.531897  0.129507  -0.173063  -0.481483  0.859199  -0.006229  0.001113  0.002430  0.000000  0.000000  0.000000  1.000000  
178.196208 0.015812  -0.017277  0.000723  0.519361  0.696606  0.494979  -0.836848  0.531897  0.129507  -0.173063  -0.481483  0.859199  -0.006384  0.001217  0.002504  0.000000  0.000000  0.000000  1.000000  
178.197438 0.015801  -0.017273  0.000727  0.519373  0.696640  0.494919  -0.836867  0.531842  0.129604  -0.172931  -0.481494  0.859220  -0.006589  0.001393  0.002556  0.000000  0.000000  0.000000  1.000000  
178.198684 0.015790  -0.017269  0.000730  0.519385  0.696674  0.494858  -0.836887  0.531787  0.129702  -0.172799  -0.481505  0.859240  -0.006851  0.001571  0.002568  0.000000  0.000000  0.000000  1.000000  
178.199686 0.015778  -0.017265  0.000732  0.519557  0.696565  0.494831  -0.836780  0.531931  0.129804  -0.172799  -0.481505  0.859240  -0.007133  0.001765  0.002481  0.000000  0.000000  0.000000  1.000000  
178.200936 0.015766  -0.017256  0.000733  0.519557  0.696565  0.494831  -0.836780  0.531931  0.129804  -0.172799  -0.481505  0.859240  -0.007825  0.002619  0.002433  0.000000  0.000000  0.000000  1.000000  
178.201937 0.015758  -0.017247  0.000736  0.519557  0.696565  0.494831  -0.836780  0.531931  0.129804  -0.172799  -0.481505  0.859240  -0.007957  0.003055  0.002474  0.000000  0.000000  0.000000  1.000000  
178.203187 0.015748  -0.017238  0.000738  0.519730  0.696455  0.494804  -0.836673  0.532074  0.129906  -0.172799  -0.481505  0.859240  -0.008193  0.003516  0.002497  0.000000  0.000000  0.000000  1.000000  
178.204434 0.015736  -0.017228  0.000741  0.519730  0.696515  0.494720  -0.836673  0.532090  0.129841  -0.172799  -0.481401  0.859298  -0.008725  0.004152  0.002521  0.000000  0.000000  0.000000  1.000000  
178.205437 0.015724  -0.017219  0.000745  0.519902  0.696406  0.494693  -0.836566  0.532233  0.129943  -0.172799  -0.481401  0.859298  -0.009242  0.004767  0.002389  0.000000  0.000000  0.000000  1.000000  
178.206686 0.015710  -0.017208  0.000748  0.520074  0.696356  0.494582  -0.836459  0.532392  0.129980  -0.172799  -0.481297  0.859357  -0.009473  0.005366  0.002404  0.000000  0.000000  0.000000  1.000000  
178.207957 0.015698  -0.017197  0.000751  0.520246  0.696246  0.494555  -0.836352  0.532536  0.130082  -0.172799  -0.481297  0.859357  -0.009586  0.005942  0.002400  0.000000  0.000000  0.000000  1.000000  
178.209188 0.015686  -0.017187  0.000755  0.520246  0.696306  0.494471  -0.836352  0.532551  0.130018  -0.172799  -0.481193  0.859415  -0.009533  0.006268  0.002554  0.000000  0.000000  0.000000  1.000000  
178.210190 0.015676  -0.017179  0.000760  0.520418  0.696197  0.494444  -0.836245  0.532695  0.130119  -0.172799  -0.481193  0.859415  -0.009590  0.006753  0.002678  0.000000  0.000000  0.000000  1.000000  
178.211443 0.015664  -0.017168  0.000765  0.520590  0.696087  0.494417  -0.836138  0.532838  0.130221  -0.172799  -0.481193  0.859415  -0.009711  0.007216  0.002684  0.000000  0.000000  0.000000  1.000000  
178.212686 0.015651  -0.017157  0.000769  0.520935  0.695928  0.494279  -0.835923  0.533140  0.130360  -0.172799  -0.481089  0.859473  -0.009874  0.007766  0.002719  0.000000  0.000000  0.000000  1.000000  
178.213686 0.015642  -0.017147  0.000771  0.521119  0.695852  0.494191  -0.835836  0.533229  0.130560  -0.172667  -0.481100  0.859493  -0.009790  0.008171  0.002741  0.000000  0.000000  0.000000  1.000000  
178.214935 0.015630  -0.017135  0.000774  0.521291  0.695742  0.494165  -0.835728  0.533372  0.130661  -0.172667  -0.481100  0.859493  -0.009745  0.008545  0.002847  0.000000  0.000000  0.000000  1.000000  
178.215940 0.015621  -0.017124  0.000778  0.521463  0.695632  0.494138  -0.835621  0.533515  0.130763  -0.172667  -0.481100  0.859493  -0.009721  0.008800  0.002954  0.000000  0.000000  0.000000  1.000000  
178.217182 0.015608  -0.017109  0.000782  0.521635  0.695522  0.494111  -0.835514  0.533659  0.130865  -0.172667  -0.481100  0.859493  -0.009887  0.009114  0.003120  0.000000  0.000000  0.000000  1.000000  
178.218184 0.015596  -0.017098  0.000785  0.521979  0.695303  0.494057  -0.835299  0.533945  0.131068  -0.172667  -0.481100  0.859493  -0.010118  0.009312  0.003149  0.000000  0.000000  0.000000  1.000000  
178.219434 0.015580  -0.017085  0.000788  0.522151  0.695193  0.494030  -0.835191  0.534088  0.131170  -0.172667  -0.481100  0.859493  -0.010390  0.009534  0.003121  0.000000  0.000000  0.000000  1.000000  
178.220436 0.015567  -0.017074  0.000791  0.522311  0.695049  0.494064  -0.835064  0.534286  0.131174  -0.172799  -0.481089  0.859473  -0.010439  0.009727  0.003064  0.000000  0.000000  0.000000  1.000000  
178.221682 0.015551  -0.017059  0.000793  0.522655  0.694888  0.493925  -0.834849  0.534588  0.131313  -0.172799  -0.480984  0.859532  -0.010634  0.009937  0.002953  0.000000  0.000000  0.000000  1.000000  
178.222934 0.015534  -0.017043  0.000796  0.522826  0.694778  0.493898  -0.834741  0.534731  0.131414  -0.172799  -0.480984  0.859532  -0.010933  0.010253  0.003010  0.000000  0.000000  0.000000  1.000000  
178.223939 0.015520  -0.017032  0.000798  0.523182  0.694652  0.493699  -0.834546  0.534978  0.131650  -0.172667  -0.480891  0.859610  -0.011221  0.010494  0.002923  0.000000  0.000000  0.000000  1.000000  
178.225191 0.015503  -0.017018  0.000801  0.523354  0.694542  0.493672  -0.834438  0.535121  0.131752  -0.172667  -0.480891  0.859610  -0.011578  0.010785  0.002721  0.000000  0.000000  0.000000  1.000000  
178.226440 0.015488  -0.017003  0.000803  0.523698  0.694382  0.493533  -0.834222  0.535423  0.131890  -0.172667  -0.480787  0.859668  -0.011761  0.011008  0.002564  0.001344  0.090397  -0.143199  1.000000  
178.227691 0.015473  -0.016986  0.000805  0.523882  0.694305  0.493445  -0.834134  0.535512  0.132089  -0.172535  -0.480798  0.859689  -0.011925  0.011447  0.002379  0.002537  0.098314  -0.148002  1.000000  
178.228937 0.015458  -0.016967  0.000806  0.523894  0.694400  0.493300  -0.834154  0.535473  0.132122  -0.172404  -0.480705  0.859767  -0.012125  0.011874  0.002237  0.000000  0.000000  0.000000  1.000000  
178.229948 0.015445  -0.016953  0.000808  0.524066  0.694289  0.493272  -0.834046  0.535616  0.132223  -0.172404  -0.480705  0.859767  -0.012321  0.012155  0.002205  -0.001562  0.098285  -0.147979  1.000000  
178.231184 0.015430  -0.016936  0.000811  0.524421  0.694163  0.493072  -0.833849  0.535864  0.132459  -0.172272  -0.480612  0.859846  -0.012618  0.012331  0.002152  -0.003264  0.108906  -0.157756  1.000000  
178.232434 0.015414  -0.016918  0.000813  0.524605  0.694146  0.492900  -0.833761  0.535968  0.132593  -0.172140  -0.480519  0.859924  -0.012800  0.012529  0.001983  -0.006109  0.115186  -0.160176  1.000000  
178.233685 0.015397  -0.016900  0.000814  0.524617  0.694181  0.492838  -0.833780  0.535914  0.132690  -0.172008  -0.480530  0.859944  -0.012895  0.012846  0.001786  -0.007367  0.116752  -0.153379  1.000000  
178.234686 0.015382  -0.016885  0.000814  0.524617  0.694240  0.492754  -0.833780  0.535930  0.132625  -0.172008  -0.480426  0.860002  -0.012992  0.013166  0.001643  -0.008559  0.113397  -0.147434  1.000000  
178.235937 0.015365  -0.016866  0.000811  0.524801  0.694224  0.492581  -0.833692  0.536035  0.132759  -0.171876  -0.480333  0.860081  -0.013024  0.013490  0.001304  -0.008571  0.117301  -0.145250  1.000000  
178.237182 0.015349  -0.016846  0.000811  0.524985  0.694208  0.492409  -0.833603  0.536139  0.132892  -0.171745  -0.480240  0.860159  -0.013028  0.013782  0.001114  -0.011470  0.124561  -0.149031  1.000000  
178.238183 0.015336  -0.016831  0.000810  0.524997  0.694302  0.492263  -0.833623  0.536101  0.132925  -0.171613  -0.480147  0.860237  -0.013001  0.013970  0.000881  -0.016622  0.124183  -0.139806  1.000000  
178.239434 0.015321  -0.016811  0.000809  0.525194  0.694319  0.492029  -0.833553  0.536151  0.133156  -0.171349  -0.480065  0.860336  -0.012870  0.014318  0.000668  -0.016637  0.131880  -0.135388  1.000000  
178.240435 0.015308  -0.016794  0.000809  0.525206  0.694413  0.491883  -0.833573  0.536113  0.133188  -0.171217  -0.479972  0.860414  -0.012818  0.014685  0.000444  -0.021875  0.132483  -0.127336  1.000000  
178.241451 0.015296  -0.016777  0.000807  0.525218  0.694507  0.491737  -0.833592  0.536075  0.133221  -0.171085  -0.479878  0.860492  -0.012757  0.015063  0.000280  0.000000  0.000000  0.000000  1.000000  
178.242685 0.015282  -0.016755  0.000807  0.525414  0.694525  0.491503  -0.833523  0.536126  0.133452  -0.170822  -0.479796  0.860590  -0.012710  0.015411  0.000106  0.000000  0.000000  0.000000  1.000000  
178.243688 0.015272  -0.016737  0.000806  0.525610  0.694543  0.491268  -0.833453  0.536176  0.133683  -0.170558  -0.479714  0.860688  -0.012559  0.015635  0.000021  0.000000  0.000000  0.000000  1.000000  
178.244942 0.015259  -0.016716  0.000806  0.525990  0.694484  0.490945  -0.833294  0.536315  0.134112  -0.170163  -0.479643  0.860806  -0.012434  0.015815  -0.000121  -0.034381  0.160973  -0.113052  1.000000  
178.246183 0.015245  -0.016695  0.000807  0.526185  0.694561  0.490626  -0.833225  0.536383  0.134278  -0.169899  -0.479456  0.860962  -0.012328  0.016052  -0.000261  0.000000  0.000000  0.000000  1.000000  
178.247184 0.015232  -0.016678  0.000805  0.526393  0.694613  0.490329  -0.833174  0.536379  0.134606  -0.169503  -0.479385  0.861080  -0.012289  0.016277  -0.000518  0.000000  0.000000  0.000000  1.000000  
178.248432 0.015217  -0.016655  0.000803  0.526773  0.694614  0.489920  -0.833015  0.536535  0.134970  -0.169108  -0.479209  0.861256  -0.012183  0.016600  -0.000652  0.000000  0.000000  0.000000  1.000000  
178.249683 0.015202  -0.016633  0.000802  0.527323  0.694445  0.489568  -0.832746  0.536818  0.135499  -0.168712  -0.479138  0.861373  -0.012038  0.016795  -0.000792  -0.057811  0.207543  -0.095028  1.000000  
178.250935 0.015186  -0.016612  0.000800  0.527690  0.694411  0.489220  -0.832567  0.537029  0.135765  -0.168448  -0.478951  0.861529  -0.011965  0.016925  -0.000767  -0.060713  0.222607  -0.094439  1.000000  
178.252178 0.015170  -0.016590  0.000800  0.528057  0.694436  0.488788  -0.832388  0.537256  0.135966  -0.168185  -0.478659  0.861742  -0.011937  0.017103  -0.000742  -0.072376  0.228576  -0.089372  1.000000  
178.253179 0.015156  -0.016571  0.000800  0.528424  0.694343  0.488524  -0.832208  0.537450  0.136296  -0.167921  -0.478576  0.861840  -0.011970  0.017344  -0.000663  -0.075284  0.235746  -0.093120  1.000000  
178.254179 0.015142  -0.016552  0.000799  0.528974  0.694233  0.488086  -0.831939  0.537750  0.136760  -0.167525  -0.478400  0.862015  -0.012035  0.017552  -0.000665  -0.077107  0.254252  -0.098567  1.000000  
178.255182 0.015128  -0.016534  0.000799  0.529340  0.694198  0.487737  -0.831759  0.537961  0.137025  -0.167261  -0.478212  0.862170  -0.012176  0.017633  -0.000692  -0.083997  0.265131  -0.100093  1.000000  
178.256184 0.015115  -0.016515  0.000797  0.529890  0.694087  0.487298  -0.831488  0.538261  0.137487  -0.166865  -0.478036  0.862344  -0.012295  0.017761  -0.000747  -0.085740  0.283345  -0.105440  1.000000  
178.257429 0.015098  -0.016492  0.000796  0.530452  0.694010  0.486796  -0.831236  0.538507  0.138047  -0.166338  -0.477870  0.862538  -0.012529  0.017803  -0.000719  -0.092750  0.298348  -0.104898  1.000000  
178.258437 0.015083  -0.016474  0.000796  0.531001  0.693899  0.486356  -0.830964  0.538808  0.138508  -0.165942  -0.477693  0.862713  -0.012807  0.017818  -0.000698  -0.094119  0.322507  -0.117136  1.000000  
178.259439 0.015067  -0.016456  0.000797  0.531379  0.693957  0.485860  -0.830802  0.538983  0.138804  -0.165546  -0.477411  0.862945  -0.013156  0.017841  -0.000631  -0.105233  0.333614  -0.118775  1.000000  
178.260440 0.015050  -0.016439  0.000796  0.531916  0.693811  0.485482  -0.830510  0.539337  0.139168  -0.165282  -0.477223  0.863099  -0.013554  0.017978  -0.000722  -0.107024  0.344144  -0.128575  1.000000  
178.261690 0.015029  -0.016417  0.000796  0.532476  0.693792  0.484894  -0.830256  0.539602  0.139660  -0.164754  -0.476952  0.863350  -0.014018  0.017979  -0.000690  -0.117022  0.366555  -0.131865  1.000000  
178.262933 0.015007  -0.016395  0.000796  0.533195  0.693686  0.484255  -0.829873  0.540080  0.140089  -0.164358  -0.476565  0.863639  -0.014393  0.017980  -0.000541  -0.124793  0.381125  -0.144302  1.000000  
178.263941 0.014990  -0.016376  0.000799  0.533914  0.693521  0.483699  -0.829489  0.540541  0.140582  -0.163962  -0.476282  0.863870  -0.014796  0.018021  -0.000212  -0.129393  0.405288  -0.165068  1.000000  
178.265183 0.014966  -0.016353  0.000802  0.534656  0.693424  0.483018  -0.829141  0.540896  0.141270  -0.163302  -0.476021  0.864139  -0.015326  0.018159  0.000068  -0.136161  0.431195  -0.179034  1.000000  
178.266184 0.014945  -0.016334  0.000804  0.535375  0.693257  0.482461  -0.828755  0.541358  0.141762  -0.162906  -0.475738  0.864370  -0.015881  0.018252  0.000266  -0.141931  0.452088  -0.193996  1.000000  
178.267185 0.014925  -0.016314  0.000807  0.535934  0.693295  0.481786  -0.828498  0.541641  0.142185  -0.162378  -0.475360  0.864677  -0.016377  0.018356  0.000435  -0.151931  0.474318  -0.197339  1.000000  
178.268435 0.014900  -0.016290  0.000810  0.536833  0.693109  0.481051  -0.828018  0.542210  0.142806  -0.161850  -0.474982  0.864983  -0.016916  0.018430  0.000743  -0.158571  0.498709  -0.223015  1.000000  
178.269683 0.014873  -0.016266  0.000813  0.537562  0.693092  0.480261  -0.827649  0.542654  0.143262  -0.161322  -0.474499  0.865347  -0.017516  0.018502  0.001025  -0.171623  0.520508  -0.234670  1.000000  
178.270933 0.014847  -0.016241  0.000816  0.538472  0.692939  0.479461  -0.827185  0.543171  0.143978  -0.160662  -0.474131  0.865672  -0.018064  0.018598  0.001255  -0.176872  0.544291  -0.256091  1.000000  
178.271942 0.014825  -0.016221  0.000818  0.539200  0.692863  0.478753  -0.826813  0.543600  0.144497  -0.160134  -0.473752  0.865977  -0.018683  0.018751  0.001474  -0.187268  0.570360  -0.269762  1.000000  
178.273183 0.014797  -0.016196  0.000822  0.539940  0.692878  0.477897  -0.826458  0.543993  0.145046  -0.159473  -0.473278  0.866358  -0.019286  0.018853  0.001672  -0.198762  0.587181  -0.279128  1.000000  
178.274213 0.014775  -0.016177  0.000824  0.540678  0.692893  0.477040  -0.826103  0.544387  0.145594  -0.158813  -0.472804  0.866738  -0.019782  0.018933  0.001866  -0.213377  0.609131  -0.294998  1.000000  
178.275437 0.014745  -0.016154  0.000827  0.541586  0.692794  0.476152  -0.825634  0.544924  0.146240  -0.158152  -0.472329  0.867118  -0.020342  0.019004  0.002113  -0.221488  0.634485  -0.312928  1.000000  
178.276439 0.014721  -0.016134  0.000830  0.542324  0.692807  0.475292  -0.825276  0.545319  0.146786  -0.157492  -0.471853  0.867497  -0.020831  0.019196  0.002317  -0.234667  0.652032  -0.326751  1.000000  
178.277441 0.014697  -0.016114  0.000832  0.542903  0.692966  0.474398  -0.825047  0.545520  0.147330  -0.156699  -0.471387  0.867894  -0.021254  0.019367  0.002372  -0.246069  0.670915  -0.324364  1.000000  
178.278690 0.014668  -0.016089  0.000836  0.543821  0.692957  0.473359  -0.824592  0.546025  0.148003  -0.155906  -0.470815  0.868347  -0.021809  0.019463  0.002515  -0.263456  0.692524  -0.336177  1.000000  
178.279946 0.014638  -0.016063  0.000841  0.544750  0.692982  0.472253  -0.824153  0.546478  0.148771  -0.154981  -0.470252  0.868817  -0.022194  0.019595  0.002624  -0.277883  0.714579  -0.339822  1.000000  
178.281183 0.014607  -0.016037  0.000844  0.545678  0.693006  0.471146  -0.823713  0.546933  0.149537  -0.154055  -0.469689  0.869287  -0.022556  0.019768  0.002691  -0.291304  0.744203  -0.347479  1.000000  
178.282433 0.014574  -0.016010  0.000849  0.546775  0.692972  0.469923  -0.823158  0.547550  0.150333  -0.153130  -0.469019  0.869812  -0.023082  0.019977  0.002738  -0.304031  0.773808  -0.364115  1.000000  
178.283433 0.014549  -0.015988  0.000852  0.547520  0.693071  0.468908  -0.822809  0.547917  0.150902  -0.152336  -0.468444  0.870261  -0.023413  0.020129  0.002801  -0.322093  0.799060  -0.364897  1.000000  
178.284434 0.014523  -0.015965  0.000855  0.548434  0.693056  0.467860  -0.822347  0.548428  0.151567  -0.151543  -0.467868  0.870709  -0.023717  0.020374  0.002847  -0.336615  0.817305  -0.370872  1.000000  
178.285683 0.014491  -0.015937  0.000862  0.549382  0.693257  0.466449  -0.821933  0.548821  0.152388  -0.150353  -0.467109  0.871323  -0.024104  0.020573  0.003096  -0.359531  0.847540  -0.370612  1.000000  
178.286934 0.014458  -0.015911  0.000867  0.550486  0.693252  0.465152  -0.821387  0.549391  0.153272  -0.149294  -0.466444  0.871861  -0.024486  0.020645  0.003264  -0.373082  0.872811  -0.380546  1.000000  
178.287940 0.014430  -0.015890  0.000873  0.551420  0.693359  0.463885  -0.820952  0.549821  0.154059  -0.148236  -0.465779  0.872397  -0.024864  0.020750  0.003456  -0.391955  0.899189  -0.382479  1.000000  
178.289184 0.014396  -0.015863  0.000878  0.552533  0.693442  0.462435  -0.820418  0.550363  0.154969  -0.147045  -0.465016  0.873005  -0.025306  0.020956  0.003597  -0.409198  0.927821  -0.390916  1.000000  
178.290432 0.014362  -0.015836  0.000884  0.553835  0.693423  0.460903  -0.819799  0.550927  0.156233  -0.145589  -0.464375  0.873590  -0.025539  0.021214  0.003752  -0.423007  0.968937  -0.392553  1.000000  
178.291444 0.014336  -0.015814  0.000888  0.554755  0.693434  0.459779  -0.819341  0.551395  0.156983  -0.144662  -0.463803  0.874048  -0.025752  0.021345  0.003922  -0.437067  0.994868  -0.401901  1.000000  
178.292700 0.014301  -0.015788  0.000894  0.556043  0.693432  0.458222  -0.818700  0.552034  0.158078  -0.143338  -0.463045  0.874668  -0.026060  0.021464  0.004060  -0.450694  1.031613  -0.405621  1.000000  
178.293936 0.014266  -0.015763  0.000899  0.557162  0.693542  0.456695  -0.818171  0.552532  0.159075  -0.142014  -0.462285  0.875285  -0.026492  0.021432  0.004092  -0.466118  1.057487  -0.400436  1.000000  
178.295187 0.014230  -0.015737  0.000903  0.558626  0.693512  0.454949  -0.817424  0.553287  0.160287  -0.140557  -0.461426  0.875974  -0.026767  0.021450  0.004092  -0.488016  1.099231  -0.409896  1.000000  
178.296436 0.014195  -0.015711  0.000909  0.559919  0.693538  0.453316  -0.816787  0.553883  0.161468  -0.139099  -0.460672  0.876603  -0.027011  0.021427  0.004260  -0.502187  1.132611  -0.416170  1.000000  
178.297686 0.014158  -0.015685  0.000914  0.561222  0.693597  0.451612  -0.816163  0.554431  0.162743  -0.137509  -0.459924  0.877246  -0.027304  0.021320  0.004373  -0.517408  1.170605  -0.412189  1.000000  
178.298934 0.014121  -0.015660  0.000921  0.562690  0.693594  0.449786  -0.815418  0.555144  0.164040  -0.135919  -0.459068  0.877942  -0.027665  0.021074  0.004441  -0.531651  1.207739  -0.416544  1.000000  
178.299935 0.014091  -0.015640  0.000926  0.563967  0.693524  0.448292  -0.814755  0.555778  0.165182  -0.134593  -0.458406  0.878492  -0.028004  0.020879  0.004464  -0.544651  1.248157  -0.426661  1.000000  
178.301183 0.014053  -0.015617  0.000933  0.565609  0.693490  0.446272  -0.813900  0.556610  0.166593  -0.132869  -0.457447  0.879254  -0.028345  0.020679  0.004634  -0.562206  1.292654  -0.435228  1.000000  
178.302432 0.014014  -0.015593  0.000942  0.567080  0.693566  0.444282  -0.813155  0.557302  0.167906  -0.131145  -0.456486  0.880012  -0.028663  0.020486  0.004831  -0.577892  1.332968  -0.443931  1.000000  
178.303432 0.013982  -0.015576  0.000948  0.568351  0.693543  0.442691  -0.812480  0.557965  0.168970  -0.129819  -0.455712  0.880610  -0.028957  0.020141  0.004892  -0.589922  1.370130  -0.450473  1.000000  
178.304684 0.013943  -0.015554  0.000956  0.569827  0.693648  0.440624  -0.811741  0.558615  0.170371  -0.127961  -0.454754  0.881376  -0.029312  0.019821  0.005062  -0.606989  1.407435  -0.453503  1.000000  
178.305934 0.013905  -0.015533  0.000965  0.571477  0.693617  0.438531  -0.810892  0.559341  0.172023  -0.125970  -0.453909  0.882099  -0.029643  0.019454  0.005287  -0.616453  1.454734  -0.460031  1.000000  
178.306936 0.013872  -0.015517  0.000973  0.572751  0.693673  0.436776  -0.810218  0.559984  0.173104  -0.124510  -0.453029  0.882758  -0.029965  0.019174  0.005536  -0.635145  1.488145  -0.467014  1.000000  
178.307940 0.013840  -0.015501  0.000981  0.574033  0.693761  0.434949  -0.809554  0.560580  0.174278  -0.122917  -0.452156  0.883429  -0.030271  0.018804  0.005824  -0.648423  1.527398  -0.477699  1.000000  
178.309189 0.013799  -0.015481  0.000991  0.575655  0.693703  0.432893  -0.808662  0.561437  0.175654  -0.121191  -0.451181  0.884166  -0.030635  0.018421  0.006133  -0.660642  1.569014  -0.491249  1.000000  
178.310190 0.013767  -0.015466  0.001000  0.576932  0.693785  0.431058  -0.807989  0.562040  0.176820  -0.119597  -0.450303  0.884830  -0.030954  0.017994  0.006495  -0.675373  1.601840  -0.498340  1.000000  
178.311442 0.013725  -0.015449  0.001009  0.578558  0.693755  0.428922  -0.807099  0.562856  0.178283  -0.117737  -0.449330  0.885574  -0.031281  0.017433  0.006750  -0.690525  1.638905  -0.503733  1.000000  
178.312687 0.013684  -0.015432  0.001020  0.580189  0.693808  0.426628  -0.806216  0.563648  0.179768  -0.115743  -0.448253  0.886382  -0.031729  0.016782  0.007094  -0.704994  1.683321  -0.513493  1.000000  
178.313687 0.013648  -0.015419  0.001028  0.581633  0.693748  0.424755  -0.805421  0.564334  0.181173  -0.114016  -0.447483  0.886995  -0.032066  0.016303  0.007266  -0.711052  1.723638  -0.524923  1.000000  
178.314934 0.013604  -0.015405  0.001039  0.583423  0.693625  0.422495  -0.804406  0.565256  0.182803  -0.112021  -0.446509  0.887739  -0.032484  0.015728  0.007564  -0.717515  1.763810  -0.536890  1.000000  
178.315935 0.013569  -0.015393  0.001047  0.584861  0.693558  0.420612  -0.803600  0.565949  0.184198  -0.110293  -0.445734  0.888345  -0.032827  0.015153  0.007725  -0.723746  1.799956  -0.550514  1.000000  
178.317183 0.013524  -0.015381  0.001060  0.586479  0.693544  0.418377  -0.802692  0.566736  0.185729  -0.108298  -0.444754  0.889081  -0.033255  0.014417  0.007985  -0.731379  1.833010  -0.558656  1.000000  
178.318434 0.013478  -0.015368  0.001071  0.588274  0.693530  0.415872  -0.801679  0.567598  0.187464  -0.106036  -0.443676  0.889892  -0.033672  0.013744  0.008270  -0.743311  1.873963  -0.562871  1.000000  
178.319683 0.013432  -0.015357  0.001084  0.589900  0.693578  0.413482  -0.800780  0.568299  0.189175  -0.103774  -0.442703  0.890643  -0.034113  0.013133  0.008497  -0.755382  1.910923  -0.569001  1.000000  
178.320684 0.013394  -0.015349  0.001094  0.591324  0.693548  0.411493  -0.799952  0.569030  0.190480  -0.102044  -0.441810  0.891286  -0.034645  0.012469  0.008760  -0.768296  1.933730  -0.575255  1.000000  
178.321933 0.013348  -0.015339  0.001108  0.593099  0.693436  0.409121  -0.798906  0.569930  0.192168  -0.099914  -0.440824  0.892015  -0.034972  0.011845  0.009005  -0.776074  1.968656  -0.584658  1.000000  
178.322934 0.013309  -0.015332  0.001121  0.594517  0.693399  0.407120  -0.798066  0.570668  0.193463  -0.098184  -0.439926  0.892651  -0.035405  0.011266  0.009369  -0.783293  1.996433  -0.594577  1.000000  
178.323937 0.013272  -0.015325  0.001133  0.595932  0.693310  0.405199  -0.797222  0.571386  0.194823  -0.096452  -0.439134  0.893229  -0.035767  0.010583  0.009615  -0.791177  2.027633  -0.601690  1.000000  
178.324951 0.013234  -0.015318  0.001146  0.597336  0.693232  0.403260  -0.796362  0.572177  0.196013  -0.094854  -0.438227  0.893846  -0.036129  0.010016  0.009890  -0.799339  2.044387  -0.609713  1.000000  
178.326189 0.013185  -0.015310  0.001161  0.599110  0.693174  0.400720  -0.795311  0.573000  0.197867  -0.092456  -0.437241  0.894579  -0.036616  0.009387  0.010295  -0.808252  2.082097  -0.616660  1.000000  
178.327191 0.013145  -0.015306  0.001174  0.600351  0.693145  0.398908  -0.794574  0.573561  0.199199  -0.090724  -0.436551  0.895093  -0.037055  0.008824  0.010600  -0.813608  2.100573  -0.616457  1.000000  
178.328440 0.013095  -0.015300  0.001191  0.601946  0.693211  0.396383  -0.793622  0.574322  0.200794  -0.088459  -0.435446  0.895858  -0.037508  0.008108  0.011081  -0.824014  2.119216  -0.617379  1.000000  
178.329685 0.013044  -0.015295  0.001208  0.603536  0.693272  0.393851  -0.792664  0.575088  0.202382  -0.086193  -0.434337  0.896617  -0.037970  0.007408  0.011451  -0.834519  2.142311  -0.616441  1.000000  
178.330687 0.013003  -0.015292  0.001221  0.604930  0.693163  0.391898  -0.791786  0.575826  0.203711  -0.084460  -0.433531  0.897172  -0.038379  0.006867  0.011789  -0.835948  2.156607  -0.618748  1.000000  
178.331935 0.012950  -0.015289  0.001238  0.606518  0.693203  0.389364  -0.790823  0.576531  0.205453  -0.082060  -0.432529  0.897878  -0.038866  0.006200  0.012102  -0.838411  2.179338  -0.617811  1.000000  
178.333182 0.012897  -0.015286  0.001256  0.608095  0.693204  0.386897  -0.789844  0.577286  0.207092  -0.079793  -0.431520  0.898568  -0.039308  0.005670  0.012482  -0.840874  2.194881  -0.613633  1.000000  
178.334185 0.012854  -0.015285  0.001270  0.609479  0.693085  0.384927  -0.788950  0.578035  0.208405  -0.078059  -0.430707  0.899110  -0.039730  0.005025  0.012835  -0.843167  2.205361  -0.617213  1.000000  
178.335431 0.012800  -0.015285  0.001289  0.611047  0.693078  0.382446  -0.787958  0.578800  0.210032  -0.075791  -0.429691  0.899789  -0.040246  0.004377  0.013207  -0.849951  2.212874  -0.617022  1.000000  
178.336683 0.012746  -0.015285  0.001308  0.612784  0.693017  0.379767  -0.786848  0.579621  0.211921  -0.073256  -0.428681  0.900481  -0.040726  0.003750  0.013540  -0.848045  2.234306  -0.624502  1.000000  
178.337683 0.012701  -0.015286  0.001324  0.614007  0.693077  0.377677  -0.786078  0.580148  0.213330  -0.071254  -0.427869  0.901028  -0.041216  0.003174  0.013766  -0.847136  2.250947  -0.619477  1.000000  
178.338683 0.012657  -0.015286  0.001340  0.615387  0.693015  0.375537  -0.785177  0.580822  0.214811  -0.069252  -0.427055  0.901570  -0.041634  0.002662  0.013990  -0.848840  2.268606  -0.619910  1.000000  
178.339938 0.012601  -0.015288  0.001360  0.616943  0.693027  0.372955  -0.784164  0.581559  0.216508  -0.066849  -0.426031  0.902235  -0.042218  0.002011  0.014338  -0.848641  2.284719  -0.614210  1.000000  
178.340946 0.012555  -0.015290  0.001377  0.618310  0.692923  0.370879  -0.783244  0.582285  0.217884  -0.064980  -0.425208  0.902760  -0.042697  0.001371  0.014594  -0.850383  2.294452  -0.618656  1.000000  
178.342185 0.012496  -0.015294  0.001399  0.620016  0.692806  0.368238  -0.782089  0.583175  0.219644  -0.062577  -0.424178  0.903414  -0.043268  0.000752  0.014974  -0.849904  2.310643  -0.614154  1.000000  
178.343194 0.012450  -0.015297  0.001417  0.621380  0.692730  0.366075  -0.781164  0.583864  0.221102  -0.060574  -0.423353  0.903937  -0.043720  0.000222  0.015275  -0.851596  2.324049  -0.617941  1.000000  
178.344437 0.012389  -0.015301  0.001441  0.623072  0.692525  0.363580  -0.779989  0.584780  0.222824  -0.058303  -0.422424  0.904521  -0.044396  -0.000390  0.015810  -0.851381  2.328407  -0.617818  1.000000  
178.345439 0.012341  -0.015305  0.001460  0.624423  0.692363  0.361565  -0.779045  0.585493  0.224247  -0.056433  -0.421701  0.904977  -0.044870  -0.000860  0.016202  -0.850064  2.331776  -0.618137  1.000000  
178.346683 0.012279  -0.015310  0.001485  0.626269  0.692065  0.358934  -0.777733  0.586515  0.226123  -0.054028  -0.420769  0.905558  -0.045533  -0.001422  0.016711  -0.848555  2.349955  -0.627818  1.000000  
178.347937 0.012216  -0.015316  0.001510  0.627789  0.692004  0.356388  -0.776670  0.587257  0.227843  -0.051623  -0.419833  0.906132  -0.046134  -0.002016  0.017263  -0.844525  2.349991  -0.622666  1.000000  
178.349185 0.012153  -0.015323  0.001537  0.629463  0.691774  0.353872  -0.775470  0.588119  0.229700  -0.049218  -0.419005  0.906649  -0.046788  -0.002478  0.017779  -0.839628  2.356715  -0.629836  1.000000  
178.350186 0.012100  -0.015329  0.001558  0.630800  0.691634  0.351757  -0.774508  0.588802  0.231194  -0.047213  -0.418275  0.907092  -0.047442  -0.002993  0.018215  -0.836268  2.368435  -0.631022  1.000000  
178.351433 0.012034  -0.015337  0.001585  0.632464  0.691398  0.349226  -0.773293  0.589671  0.233037  -0.044808  -0.417441  0.907599  -0.048221  -0.003502  0.018751  -0.829801  2.370266  -0.628499  1.000000  
178.352435 0.011981  -0.015344  0.001608  0.633792  0.691168  0.347267  -0.772318  0.590304  0.234662  -0.042802  -0.416927  0.907931  -0.048841  -0.003950  0.019251  -0.816453  2.383543  -0.623788  1.000000  
178.353682 0.011913  -0.015353  0.001637  0.635610  0.690874  0.344519  -0.770967  0.591236  0.236749  -0.040129  -0.416092  0.908436  -0.049601  -0.004486  0.019789  -0.811892  2.396408  -0.628263  1.000000  
178.354933 0.011844  -0.015364  0.001666  0.637256  0.690585  0.342049  -0.769729  0.592088  0.238640  -0.037722  -0.415360  0.908875  -0.050476  -0.005080  0.020400  -0.799749  2.409431  -0.625765  1.000000  
178.355934 0.011787  -0.015373  0.001691  0.638725  0.690190  0.340100  -0.768600  0.592914  0.240223  -0.035850  -0.414837  0.909189  -0.051248  -0.005519  0.020959  -0.789695  2.410514  -0.633663  1.000000  
178.357183 0.011716  -0.015384  0.001723  0.640362  0.689931  0.337538  -0.767351  0.593730  0.242193  -0.033310  -0.414102  0.909621  -0.052016  -0.005963  0.021628  -0.785202  2.421481  -0.638750  1.000000  
178.358201 0.011659  -0.015393  0.001749  0.641822  0.689531  0.335576  -0.766209  0.594561  0.243764  -0.031438  -0.413575  0.909927  -0.052790  -0.006444  0.022214  -0.770191  2.427432  -0.651969  1.000000  
178.359438 0.011585  -0.015404  0.001785  0.643605  0.689103  0.333033  -0.764813  0.595495  0.245860  -0.028896  -0.412944  0.910298  -0.053686  -0.006953  0.022961  -0.753155  2.441583  -0.663573  1.000000  
178.360438 0.011527  -0.015414  0.001812  0.645057  0.688694  0.331063  -0.763662  0.596258  0.247583  -0.026890  -0.412526  0.910549  -0.054268  -0.007263  0.023431  -0.739571  2.452367  -0.667990  1.000000  
178.361688 0.011451  -0.015427  0.001848  0.646829  0.688295  0.328425  -0.762251  0.597156  0.249756  -0.024215  -0.411891  0.910911  -0.055469  -0.007901  0.024366  -0.726670  2.465662  -0.679261  1.000000  
178.362937 0.011375  -0.015440  0.001886  0.648593  0.687893  0.325776  -0.760831  0.598058  0.251919  -0.021540  -0.411253  0.911267  -0.056102  -0.008257  0.025039  -0.713732  2.483023  -0.688654  1.000000  
178.364185 0.011297  -0.015453  0.001925  0.650507  0.687401  0.322987  -0.759269  0.599063  0.254231  -0.018731  -0.410613  0.911617  -0.057097  -0.008741  0.026002  -0.700552  2.511512  -0.700583  1.000000  
178.365434 0.011219  -0.015468  0.001966  0.652255  0.686954  0.320402  -0.757829  0.599941  0.256447  -0.016055  -0.410079  0.911909  -0.058002  -0.009190  0.026892  -0.684218  2.522214  -0.705600  1.000000  
178.366684 0.011139  -0.015483  0.002009  0.653996  0.686504  0.317808  -0.756380  0.600822  0.258654  -0.013379  -0.409542  0.912193  -0.058935  -0.009706  0.027930  -0.667972  2.528598  -0.712454  1.000000  
178.367940 0.011058  -0.015498  0.002053  0.655573  0.686175  0.315259  -0.755056  0.601565  0.260786  -0.010704  -0.409002  0.912471  -0.059823  -0.010093  0.028951  -0.651563  2.538715  -0.717332  1.000000  
178.369186 0.010976  -0.015515  0.002098  0.657299  0.685755  0.312569  -0.753590  0.602338  0.263231  -0.007760  -0.408570  0.912694  -0.060877  -0.010544  0.030121  -0.631664  2.553757  -0.720426  1.000000  
178.370433 0.010893  -0.015532  0.002144  0.659170  0.685209  0.309812  -0.751978  0.603328  0.265565  -0.004951  -0.408024  0.912958  -0.061610  -0.010951  0.031138  -0.617111  2.574901  -0.734783  1.000000  
178.371433 0.010826  -0.015546  0.002181  0.660413  0.684939  0.307753  -0.750897  0.603856  0.267415  -0.002676  -0.407695  0.913114  -0.062301  -0.011337  0.031965  -0.600604  2.587001  -0.731149  1.000000  
178.372435 0.010758  -0.015560  0.002221  0.661960  0.684456  0.305497  -0.749539  0.604627  0.269476  -0.000268  -0.407364  0.913266  -0.063038  -0.011692  0.032907  -0.583983  2.605207  -0.740125  1.000000  
178.373436 0.010690  -0.015575  0.002260  0.663346  0.684096  0.303290  -0.748309  0.605259  0.271467  0.002141  -0.407031  0.913412  -0.063591  -0.012048  0.033633  -0.568664  2.622659  -0.741770  1.000000  
178.374461 0.010622  -0.015590  0.002301  0.664727  0.683698  0.301156  -0.747074  0.605933  0.273360  0.004415  -0.406696  0.913553  -0.064282  -0.012428  0.034537  -0.551271  2.635018  -0.743659  1.000000  
178.375687 0.010535  -0.015610  0.002352  0.666406  0.683231  0.298494  -0.745554  0.606762  0.275661  0.007225  -0.406246  0.913735  -0.065222  -0.012929  0.035625  -0.535803  2.652787  -0.738946  1.000000  
178.376940 0.010447  -0.015630  0.002404  0.668230  0.682600  0.295848  -0.743887  0.607700  0.278086  0.010035  -0.405903  0.913861  -0.065986  -0.013409  0.036626  -0.519459  2.674042  -0.747686  1.000000  
178.378190 0.010359  -0.015650  0.002459  0.669891  0.682093  0.293249  -0.742348  0.608500  0.280441  0.012844  -0.405558  0.913979  -0.066778  -0.013893  0.037802  -0.499629  2.687474  -0.756814  1.000000  
178.379435 0.010268  -0.015672  0.002515  0.671693  0.681532  0.290418  -0.740658  0.609361  0.283026  0.015921  -0.405207  0.914086  -0.067613  -0.014427  0.038856  -0.479967  2.713572  -0.762323  1.000000  
178.380683 0.010178  -0.015694  0.002572  0.673485  0.680969  0.287576  -0.738957  0.610226  0.285599  0.018998  -0.404853  0.914184  -0.068437  -0.014894  0.039930  -0.464541  2.735423  -0.769492  1.000000  
178.381686 0.010104  -0.015712  0.002619  0.674970  0.680475  0.285253  -0.737531  0.610937  0.287757  0.021540  -0.404610  0.914236  -0.069069  -0.015315  0.040741  -0.452171  2.761592  -0.774345  1.000000  
178.382932 0.010013  -0.015736  0.002678  0.676588  0.680072  0.282366  -0.735946  0.611626  0.290341  0.024750  -0.404247  0.914315  -0.069721  -0.015825  0.041720  -0.444978  2.778923  -0.773326  1.000000  
178.383940 0.009938  -0.015755  0.002726  0.677905  0.679703  0.280087  -0.734642  0.612200  0.292423  0.027292  -0.403999  0.914352  -0.070306  -0.016238  0.042599  -0.434175  2.802339  -0.769452  1.000000  
178.385183 0.009845  -0.015779  0.002788  0.679507  0.679227  0.277346  -0.733040  0.612898  0.294972  0.030368  -0.403741  0.914369  -0.070951  -0.016672  0.043525  -0.417827  2.816123  -0.761052  1.000000  
178.386433 0.009752  -0.015804  0.002849  0.681246  0.678661  0.274451  -0.731284  0.613698  0.297655  0.033577  -0.403478  0.914373  -0.071636  -0.017276  0.044595  -0.402631  2.845957  -0.764193  1.000000  
178.387683 0.009659  -0.015830  0.002912  0.682973  0.678094  0.271544  -0.729517  0.614499  0.300327  0.036786  -0.403211  0.914368  -0.072266  -0.017760  0.045539  -0.392086  2.867514  -0.761572  1.000000  
178.388684 0.009584  -0.015851  0.002962  0.684254  0.677759  0.269147  -0.728176  0.615042  0.302463  0.039460  -0.402948  0.914372  -0.072679  -0.018152  0.046189  -0.384243  2.891891  -0.751929  1.000000  
178.389934 0.009490  -0.015877  0.003026  0.685956  0.677227  0.266135  -0.726383  0.615809  0.305201  0.042802  -0.402670  0.914344  -0.073252  -0.018659  0.047087  -0.373733  2.916962  -0.756618  1.000000  
178.390947 0.009413  -0.015900  0.003077  0.687369  0.676731  0.263740  -0.724883  0.616457  0.307449  0.045476  -0.402512  0.914285  -0.073604  -0.019181  0.047676  -0.361249  2.941375  -0.755762  1.000000  
178.392186 0.009318  -0.015929  0.003142  0.689049  0.676198  0.260706  -0.723069  0.617228  0.310164  0.048817  -0.402226  0.914238  -0.074092  -0.019689  0.048474  -0.350604  2.966387  -0.746351  1.000000  
178.393189 0.009241  -0.015953  0.003193  0.690443  0.675733  0.258212  -0.721552  0.617916  0.312317  0.051490  -0.401951  0.914212  -0.074478  -0.020229  0.048955  -0.347309  2.976644  -0.749917  1.000000  
178.394191 0.009165  -0.015978  0.003246  0.691972  0.675145  0.255642  -0.719879  0.618669  0.314678  0.054296  -0.401780  0.914125  -0.074753  -0.020744  0.049585  -0.334926  3.005395  -0.755559  1.000000  
178.395431 0.009070  -0.016008  0.003312  0.693613  0.674647  0.252491  -0.718027  0.619407  0.317445  0.057769  -0.401480  0.914044  -0.075100  -0.021230  0.050084  -0.330896  3.026950  -0.750045  1.000000  
178.396434 0.008994  -0.016033  0.003364  0.695127  0.674021  0.249987  -0.716341  0.620201  0.319696  0.060440  -0.401305  0.913948  -0.075273  -0.021727  0.050457  -0.322520  3.051830  -0.757295  1.000000  
178.397684 0.008898  -0.016065  0.003429  0.697044  0.673228  0.246766  -0.714186  0.621259  0.322452  0.063779  -0.401000  0.913855  -0.075522  -0.022330  0.050907  -0.316910  3.083879  -0.774828  1.000000  
178.398934 0.008803  -0.016097  0.003495  0.698800  0.672562  0.243598  -0.712162  0.622180  0.325142  0.067116  -0.400690  0.913752  -0.075717  -0.022870  0.051251  -0.315278  3.100982  -0.782868  1.000000  
178.399942 0.008726  -0.016124  0.003548  0.700275  0.671970  0.240977  -0.710440  0.622939  0.327446  0.069920  -0.400502  0.913624  -0.075805  -0.023372  0.051480  -0.308393  3.121525  -0.788746  1.000000  
178.401185 0.008631  -0.016158  0.003614  0.702006  0.671301  0.237786  -0.708394  0.623864  0.330109  0.073256  -0.400185  0.913502  -0.075975  -0.023947  0.051835  -0.306921  3.143998  -0.795285  1.000000  
178.402434 0.008536  -0.016191  0.003680  0.703846  0.670616  0.234256  -0.706168  0.624816  0.333065  0.076992  -0.399850  0.913341  -0.076073  -0.024482  0.052084  -0.307506  3.169664  -0.796580  1.000000  
