1-Time 2-Px 3-Py 4-Pz 5-R11 6-R21 7-R31 8-R12 9-R22 10-R32 11-R13 12-R23 13-R33 14-Vx 15-Vy 16-Vz 17-Wx 18-Wy 19-Wz 20-state
87.321528 0.007881  -0.014732  0.021042  0.527995  0.843809  0.095958  -0.676536  0.349623  0.648123  0.513342  -0.407125  0.755466  0.003540  0.001350  0.013766  0.103590  0.121456  -0.217874  1.000000  
87.322698 0.007882  -0.014730  0.021050  0.528134  0.843725  0.095927  -0.676427  0.349718  0.648185  0.513342  -0.407216  0.755417  0.000800  0.002044  0.008030  0.000000  0.000000  0.000000  1.000000  
87.323700 0.007884  -0.014725  0.021045  0.528134  0.843702  0.096132  -0.676427  0.349561  0.648270  0.513342  -0.407400  0.755318  0.001314  0.003868  0.001689  0.000000  0.000000  0.000000  1.000000  
87.324710 0.007885  -0.014718  0.021036  0.528273  0.843618  0.096101  -0.676319  0.349656  0.648332  0.513342  -0.407491  0.755269  0.001200  0.004833  -0.002003  0.000000  0.000000  0.000000  1.000000  
87.325942 0.007886  -0.014711  0.021030  0.528413  0.843523  0.096172  -0.676210  0.349672  0.648436  0.513342  -0.407674  0.755170  0.001112  0.004977  -0.002902  0.000000  0.000000  0.000000  1.000000  
87.326944 0.007886  -0.014708  0.021031  0.528552  0.843439  0.096141  -0.676101  0.349767  0.648499  0.513342  -0.407766  0.755120  0.000879  0.004653  -0.002029  0.000000  0.000000  0.000000  1.000000  
87.328193 0.007883  -0.014704  0.021033  0.528691  0.843356  0.096110  -0.675992  0.349862  0.648561  0.513342  -0.407858  0.755071  0.000321  0.004346  -0.001406  0.000000  0.000000  0.000000  1.000000  
87.329201 0.007878  -0.014699  0.021031  0.528733  0.843310  0.096274  -0.676046  0.349826  0.648524  0.513227  -0.407982  0.755082  -0.000388  0.004508  -0.001411  0.000000  0.000000  0.000000  1.000000  
87.330451 0.007870  -0.014689  0.021030  0.528873  0.843227  0.096243  -0.675937  0.349921  0.648586  0.513227  -0.408073  0.755032  -0.001200  0.004955  -0.001382  0.000000  0.000000  0.000000  1.000000  
87.331695 0.007867  -0.014678  0.021028  0.528830  0.843260  0.096181  -0.675883  0.349878  0.648665  0.513342  -0.408041  0.754972  -0.001385  0.005473  -0.001433  0.000000  0.000000  0.000000  1.000000  
87.332701 0.007866  -0.014670  0.021025  0.528788  0.843282  0.096221  -0.675829  0.349757  0.648787  0.513457  -0.408100  0.754862  -0.001388  0.005711  -0.001508  0.000000  0.000000  0.000000  1.000000  
87.333707 0.007864  -0.014661  0.021021  0.528885  0.843244  0.096025  -0.675666  0.349887  0.648887  0.513572  -0.408067  0.754801  -0.001396  0.005921  -0.001700  0.000000  0.000000  0.000000  1.000000  
87.334948 0.007859  -0.014652  0.021012  0.528842  0.843278  0.095963  -0.675612  0.349844  0.648966  0.513687  -0.408034  0.754741  -0.001628  0.006039  -0.002226  0.000000  0.000000  0.000000  1.000000  
87.335950 0.007854  -0.014644  0.021000  0.528981  0.843217  0.095727  -0.675503  0.350097  0.648944  0.513687  -0.407943  0.754790  -0.001865  0.006189  -0.002946  0.000000  0.000000  0.000000  1.000000  
87.336950 0.007852  -0.014633  0.020982  0.528939  0.843251  0.095665  -0.675449  0.350054  0.649023  0.513801  -0.407910  0.754730  -0.001964  0.006586  -0.004213  0.000000  0.000000  0.000000  1.000000  
87.338196 0.007853  -0.014618  0.020956  0.528939  0.843262  0.095562  -0.675449  0.350132  0.648981  0.513801  -0.407819  0.754779  -0.001997  0.007347  -0.006218  0.000000  0.000000  0.000000  1.000000  
87.339199 0.007855  -0.014604  0.020939  0.528939  0.843274  0.095460  -0.675449  0.350211  0.648938  0.513801  -0.407727  0.754829  -0.001948  0.007818  -0.006696  0.000000  0.000000  0.000000  1.000000  
87.340199 0.007854  -0.014592  0.020928  0.529078  0.843202  0.095326  -0.675340  0.350385  0.648958  0.513801  -0.407727  0.754829  -0.002108  0.008230  -0.007028  0.000000  0.000000  0.000000  1.000000  
87.341202 0.007849  -0.014581  0.020920  0.529078  0.843213  0.095224  -0.675340  0.350463  0.648915  0.513801  -0.407635  0.754878  -0.002504  0.008682  -0.007447  0.000000  0.000000  0.000000  1.000000  
87.342442 0.007840  -0.014569  0.020911  0.529078  0.843213  0.095224  -0.675340  0.350463  0.648915  0.513801  -0.407635  0.754878  -0.003068  0.009169  -0.008051  0.000000  0.000000  0.000000  1.000000  
87.343444 0.007833  -0.014558  0.020899  0.529217  0.843153  0.094988  -0.675231  0.350716  0.648892  0.513801  -0.407544  0.754928  -0.003254  0.009722  -0.009036  0.000000  0.000000  0.000000  1.000000  
87.344691 0.007831  -0.014543  0.020877  0.529217  0.843153  0.094988  -0.675231  0.350716  0.648892  0.513801  -0.407544  0.754928  -0.002932  0.010105  -0.010233  0.000000  0.000000  0.000000  1.000000  
87.345692 0.007830  -0.014532  0.020857  0.529259  0.843119  0.095051  -0.675285  0.350759  0.648813  0.513687  -0.407577  0.754988  -0.002603  0.010362  -0.011476  0.000000  0.000000  0.000000  1.000000  
87.346942 0.007831  -0.014517  0.020829  0.529259  0.843119  0.095051  -0.675285  0.350759  0.648813  0.513687  -0.407577  0.754988  -0.002346  0.010572  -0.013184  0.000000  0.000000  0.000000  1.000000  
87.348192 0.007829  -0.014504  0.020802  0.529259  0.843119  0.095051  -0.675285  0.350759  0.648813  0.513687  -0.407577  0.754988  -0.002455  0.010758  -0.014761  0.000000  0.000000  0.000000  1.000000  
87.349198 0.007825  -0.014494  0.020781  0.529259  0.843119  0.095051  -0.675285  0.350759  0.648813  0.513687  -0.407577  0.754988  -0.002497  0.010912  -0.015873  0.000000  0.000000  0.000000  1.000000  
87.350462 0.007822  -0.014480  0.020754  0.529398  0.843058  0.094815  -0.675176  0.351011  0.648790  0.513687  -0.407485  0.755038  -0.002308  0.011228  -0.016892  0.000000  0.000000  0.000000  1.000000  
87.351704 0.007820  -0.014465  0.020731  0.529441  0.843025  0.094877  -0.675231  0.351054  0.648710  0.513572  -0.407518  0.755098  -0.002188  0.011391  -0.016955  0.000000  0.000000  0.000000  1.000000  
87.352947 0.007818  -0.014449  0.020714  0.529441  0.843036  0.094775  -0.675231  0.351132  0.648668  0.513572  -0.407426  0.755148  -0.002339  0.011471  -0.016422  0.000000  0.000000  0.000000  1.000000  
87.354194 0.007814  -0.014431  0.020702  0.529483  0.843014  0.094735  -0.675285  0.351254  0.648546  0.513457  -0.407367  0.755258  -0.002772  0.011567  -0.015757  0.000000  0.000000  0.000000  1.000000  
87.355442 0.007805  -0.014416  0.020691  0.529483  0.843014  0.094735  -0.675285  0.351254  0.648546  0.513457  -0.407367  0.755258  -0.003184  0.011587  -0.015622  0.000000  0.000000  0.000000  1.000000  
87.356691 0.007793  -0.014404  0.020675  0.529526  0.842992  0.094695  -0.675339  0.351376  0.648423  0.513342  -0.407308  0.755367  -0.003448  0.011468  -0.016187  0.000000  0.000000  0.000000  1.000000  
87.357692 0.007788  -0.014394  0.020656  0.529526  0.843003  0.094593  -0.675339  0.351454  0.648381  0.513342  -0.407216  0.755417  -0.003277  0.011581  -0.016887  0.000000  0.000000  0.000000  1.000000  
87.358941 0.007784  -0.014379  0.020628  0.529707  0.842909  0.094419  -0.675284  0.351749  0.648278  0.513227  -0.407157  0.755527  -0.003182  0.011579  -0.017497  0.000000  0.000000  0.000000  1.000000  
87.359942 0.007782  -0.014366  0.020605  0.529749  0.842875  0.094482  -0.675338  0.351792  0.648199  0.513113  -0.407190  0.755587  -0.003266  0.011612  -0.017789  0.000000  0.000000  0.000000  1.000000  
87.361191 0.007775  -0.014351  0.020581  0.529792  0.842842  0.094544  -0.675392  0.351835  0.648119  0.512998  -0.407222  0.755648  -0.003752  0.011644  -0.017732  0.000000  0.000000  0.000000  1.000000  
87.362192 0.007766  -0.014341  0.020563  0.529834  0.842808  0.094607  -0.675446  0.351878  0.648039  0.512883  -0.407255  0.755708  -0.004298  0.011591  -0.017370  0.000000  0.000000  0.000000  1.000000  
87.363444 0.007755  -0.014330  0.020543  0.530016  0.842690  0.094638  -0.675391  0.352016  0.648022  0.512768  -0.407379  0.755719  -0.004842  0.011457  -0.016915  0.000000  0.000000  0.000000  1.000000  
87.364692 0.007745  -0.014317  0.020527  0.530197  0.842584  0.094567  -0.675335  0.352232  0.647962  0.512653  -0.407412  0.755779  -0.005190  0.011465  -0.016251  0.000000  0.000000  0.000000  1.000000  
87.365699 0.007739  -0.014306  0.020512  0.530239  0.842539  0.094731  -0.675389  0.352196  0.647925  0.512538  -0.407536  0.755790  -0.005469  0.011464  -0.015786  0.000000  0.000000  0.000000  1.000000  
87.366716 0.007732  -0.014295  0.020497  0.530421  0.842433  0.094661  -0.675334  0.352413  0.647865  0.512423  -0.407569  0.755851  -0.005901  0.011352  -0.015575  0.000000  0.000000  0.000000  1.000000  
87.367943 0.007720  -0.014282  0.020474  0.530644  0.842281  0.094754  -0.675333  0.352593  0.647768  0.512194  -0.407725  0.755922  -0.006520  0.011131  -0.016037  0.000000  0.000000  0.000000  1.000000  
87.368954 0.007710  -0.014272  0.020454  0.530826  0.842175  0.094683  -0.675277  0.352809  0.647708  0.512079  -0.407758  0.755982  -0.007009  0.010737  -0.016842  0.000000  0.000000  0.000000  1.000000  
87.370193 0.007698  -0.014262  0.020425  0.531050  0.842035  0.094675  -0.675276  0.353069  0.647569  0.511849  -0.407823  0.756103  -0.007245  0.010429  -0.017918  0.000000  0.000000  0.000000  1.000000  
87.371445 0.007685  -0.014252  0.020397  0.531412  0.841822  0.094534  -0.675165  0.353501  0.647449  0.511619  -0.407888  0.756223  -0.007341  0.010310  -0.018871  0.000000  0.000000  0.000000  1.000000  
87.372445 0.007677  -0.014241  0.020373  0.531636  0.841682  0.094526  -0.675163  0.353760  0.647309  0.511389  -0.407953  0.756344  -0.007525  0.010308  -0.019219  0.000000  0.000000  0.000000  1.000000  
87.373694 0.007665  -0.014227  0.020346  0.531998  0.841468  0.094384  -0.675051  0.354192  0.647189  0.511159  -0.408018  0.756464  -0.008093  0.010280  -0.019164  0.000000  0.000000  0.000000  1.000000  
87.374942 0.007651  -0.014212  0.020323  0.532500  0.841182  0.094110  -0.674830  0.354798  0.647088  0.510929  -0.408083  0.756585  -0.008792  0.010166  -0.018772  0.000000  0.000000  0.000000  1.000000  
87.376192 0.007634  -0.014200  0.020306  0.533044  0.840861  0.093899  -0.674662  0.355446  0.646908  0.510584  -0.408180  0.756765  -0.009415  0.010037  -0.018291  0.000000  0.000000  0.000000  1.000000  
87.377192 0.007620  -0.014191  0.020292  0.533406  0.840636  0.093860  -0.674549  0.355799  0.646831  0.510354  -0.408337  0.756836  -0.009759  0.010047  -0.018071  0.000000  0.000000  0.000000  1.000000  
87.378192 0.007606  -0.014180  0.020275  0.533811  0.840387  0.093782  -0.674490  0.356274  0.646631  0.510008  -0.408434  0.757016  -0.010092  0.010131  -0.018196  0.000000  0.000000  0.000000  1.000000  
87.379443 0.007592  -0.014168  0.020248  0.534493  0.839992  0.093438  -0.674211  0.357094  0.646470  0.509663  -0.408531  0.757196  -0.010406  0.010140  -0.018861  -0.095384  -0.064608  -0.209138  1.000000  
87.380694 0.007578  -0.014154  0.020217  0.534995  0.839692  0.093267  -0.673987  0.357620  0.646412  0.509433  -0.408688  0.757266  -0.010750  0.010087  -0.019693  -0.101842  -0.064029  -0.228937  1.000000  
87.381955 0.007563  -0.014144  0.020183  0.535538  0.839357  0.093159  -0.673817  0.358189  0.646275  0.509087  -0.408877  0.757397  -0.011143  0.009865  -0.020698  -0.105049  -0.063957  -0.250712  1.000000  
87.383197 0.007545  -0.014133  0.020148  0.536039  0.839068  0.092886  -0.673593  0.358793  0.646174  0.508857  -0.408941  0.757517  -0.011590  0.009733  -0.021420  -0.115656  -0.063403  -0.270744  1.000000  
87.384217 0.007530  -0.014125  0.020122  0.536582  0.838732  0.092778  -0.673421  0.359361  0.646037  0.508512  -0.409130  0.757647  -0.011876  0.009707  -0.021743  -0.118120  -0.062863  -0.290911  1.000000  
87.385447 0.007511  -0.014114  0.020093  0.537221  0.838357  0.092474  -0.673085  0.360059  0.645998  0.508281  -0.409287  0.757717  -0.012273  0.009783  -0.021831  -0.124003  -0.059430  -0.315956  1.000000  
87.386694 0.007493  -0.014102  0.020064  0.537806  0.837997  0.092328  -0.672966  0.360748  0.645739  0.507820  -0.409416  0.757956  -0.012702  0.009762  -0.021751  -0.130458  -0.062830  -0.338154  1.000000  
87.387697 0.007477  -0.014092  0.020043  0.538307  0.837695  0.092158  -0.672740  0.361272  0.645681  0.507590  -0.409573  0.758026  -0.013227  0.009744  -0.021560  -0.136912  -0.058269  -0.356002  1.000000  
87.388942 0.007457  -0.014078  0.020017  0.538988  0.837294  0.091816  -0.672455  0.362090  0.645519  0.507244  -0.409669  0.758205  -0.013757  0.009679  -0.021609  -0.143365  -0.057712  -0.376062  1.000000  
87.390192 0.007435  -0.014064  0.019989  0.539573  0.836933  0.091672  -0.672334  0.362778  0.645259  0.506782  -0.409798  0.758444  -0.014207  0.009691  -0.022125  -0.152593  -0.064500  -0.397040  1.000000  
87.391193 0.007418  -0.014053  0.019965  0.540212  0.836577  0.091166  -0.671995  0.363631  0.645132  0.506552  -0.409771  0.758613  -0.014407  0.009796  -0.022877  -0.171994  -0.057696  -0.423486  1.000000  
87.392442 0.007398  -0.014039  0.019932  0.540935  0.836139  0.090889  -0.671761  0.364491  0.644891  0.506090  -0.409900  0.758851  -0.014541  0.009883  -0.023741  -0.184439  -0.057745  -0.447176  1.000000  
87.393444 0.007383  -0.014029  0.019905  0.541477  0.835811  0.090682  -0.671585  0.365135  0.644710  0.505744  -0.409996  0.759030  -0.014707  0.009948  -0.024317  -0.196979  -0.060423  -0.465654  1.000000  
87.394692 0.007363  -0.014015  0.019868  0.542062  0.835458  0.090438  -0.671460  0.365900  0.644405  0.505282  -0.410033  0.759318  -0.015094  0.009992  -0.024982  -0.208012  -0.066644  -0.482699  1.000000  
87.395694 0.007346  -0.014004  0.019842  0.542604  0.835128  0.090231  -0.671283  0.366544  0.644224  0.504936  -0.410129  0.759496  -0.015507  0.010010  -0.025021  -0.220716  -0.065470  -0.498624  1.000000  
87.396942 0.007323  -0.013991  0.019812  0.543326  0.834699  0.089855  -0.671046  0.367481  0.643937  0.504474  -0.410165  0.759783  -0.015989  0.010172  -0.024738  -0.239097  -0.064852  -0.518526  1.000000  
87.397942 0.007304  -0.013981  0.019792  0.543868  0.834368  0.089650  -0.670868  0.368124  0.643756  0.504127  -0.410261  0.759962  -0.016321  0.010313  -0.024206  -0.245937  -0.067050  -0.533177  1.000000  
87.398955 0.007286  -0.013970  0.019773  0.544410  0.834037  0.089444  -0.670689  0.368767  0.643574  0.503780  -0.410357  0.760140  -0.016537  0.010529  -0.023682  -0.254810  -0.065849  -0.550200  1.000000  
87.400199 0.007263  -0.013957  0.019747  0.545174  0.833560  0.089235  -0.670502  0.369667  0.643253  0.503202  -0.410517  0.760436  -0.016837  0.010647  -0.023445  -0.261794  -0.072046  -0.567586  1.000000  
87.401202 0.007246  -0.013946  0.019723  0.545896  0.833116  0.088963  -0.670261  0.370523  0.643011  0.502740  -0.410645  0.760673  -0.017021  0.010714  -0.023500  -0.271999  -0.075332  -0.589454  1.000000  
87.402448 0.007223  -0.013932  0.019691  0.546798  0.832572  0.088522  -0.669959  0.371672  0.642662  0.502161  -0.410713  0.761018  -0.017210  0.010866  -0.023920  -0.286360  -0.078677  -0.611702  1.000000  
87.403696 0.007201  -0.013917  0.019655  0.547743  0.831980  0.088247  -0.669708  0.372784  0.642280  0.501467  -0.410904  0.761373  -0.017307  0.010929  -0.024523  -0.296614  -0.085935  -0.636159  1.000000  
87.404707 0.007185  -0.013905  0.019627  0.548507  0.831509  0.087940  -0.669516  0.373759  0.641913  0.500888  -0.410971  0.761718  -0.017245  0.010959  -0.024945  -0.307345  -0.092080  -0.652972  1.000000  
87.405942 0.007163  -0.013891  0.019591  0.549451  0.830925  0.087566  -0.669262  0.374948  0.641485  0.500193  -0.411069  0.762121  -0.017315  0.010973  -0.025416  -0.318256  -0.098283  -0.670385  1.000000  
87.407192 0.007140  -0.013879  0.019556  0.550437  0.830304  0.087259  -0.669057  0.376178  0.640978  0.499382  -0.411199  0.762583  -0.017490  0.010887  -0.025519  -0.333061  -0.108351  -0.689685  1.000000  
87.408442 0.007117  -0.013865  0.019522  0.551517  0.829640  0.086756  -0.668686  0.377536  0.640567  0.498686  -0.411297  0.762986  -0.017702  0.010925  -0.025520  -0.347902  -0.111865  -0.713459  1.000000  
87.409442 0.007099  -0.013853  0.019498  0.552460  0.829051  0.086387  -0.668426  0.378722  0.640138  0.497990  -0.411394  0.763388  -0.017864  0.011024  -0.025142  -0.358480  -0.117951  -0.730347  1.000000  
87.410442 0.007080  -0.013841  0.019477  0.553360  0.828495  0.085953  -0.668113  0.379865  0.639787  0.497410  -0.411459  0.763731  -0.018004  0.011095  -0.024713  -0.376355  -0.125070  -0.753589  1.000000  
87.411694 0.007056  -0.013827  0.019450  0.554483  0.827789  0.085519  -0.667787  0.381262  0.639296  0.496597  -0.411587  0.764191  -0.018120  0.011127  -0.024502  -0.394667  -0.132316  -0.778371  1.000000  
87.412942 0.007032  -0.013814  0.019424  0.555784  0.826967  0.085021  -0.667396  0.382871  0.638743  0.495668  -0.411746  0.764708  -0.018181  0.011059  -0.024653  -0.412158  -0.140589  -0.810734  1.000000  
87.413944 0.007013  -0.013803  0.019399  0.556726  0.826382  0.084557  -0.667129  0.384130  0.638266  0.494970  -0.411749  0.765158  -0.018198  0.011109  -0.024962  -0.427358  -0.153420  -0.824540  1.000000  
87.415192 0.006990  -0.013789  0.019365  0.558026  0.825554  0.084062  -0.666732  0.385736  0.637712  0.494040  -0.411907  0.765674  -0.018171  0.011176  -0.025444  -0.448732  -0.161648  -0.856295  1.000000  
87.416198 0.006972  -0.013779  0.019337  0.559147  0.824839  0.083636  -0.666396  0.387129  0.637219  0.493226  -0.412033  0.766131  -0.018233  0.011191  -0.025775  -0.462655  -0.172753  -0.882723  1.000000  
87.417445 0.006949  -0.013766  0.019301  0.560488  0.823981  0.083111  -0.666043  0.388851  0.636538  0.492178  -0.412128  0.766754  -0.018272  0.011104  -0.025970  -0.483903  -0.184984  -0.916600  1.000000  
87.418447 0.006930  -0.013755  0.019274  0.561650  0.823226  0.082755  -0.665753  0.390283  0.635966  0.491246  -0.412284  0.767267  -0.018399  0.011001  -0.025820  -0.502363  -0.196491  -0.943521  1.000000  
87.419448 0.006910  -0.013744  0.019250  0.562948  0.822387  0.082269  -0.665344  0.391883  0.635410  0.490313  -0.412440  0.767780  -0.018618  0.010939  -0.025579  -0.519708  -0.208769  -0.977601  1.000000  
87.420697 0.006883  -0.013732  0.019220  0.564425  0.821429  0.081721  -0.664865  0.393693  0.634791  0.489263  -0.412626  0.768350  -0.018962  0.010812  -0.025113  -0.537331  -0.217229  -1.010523  1.000000  
87.421719 0.006861  -0.013722  0.019197  0.565858  0.820503  0.081110  -0.664333  0.395458  0.634251  0.488329  -0.412780  0.768861  -0.019201  0.010796  -0.024770  -0.553194  -0.226396  -1.048435  1.000000  
87.422950 0.006833  -0.013710  0.019167  0.567555  0.819394  0.080471  -0.663829  0.397593  0.633443  0.487044  -0.412933  0.769593  -0.019572  0.010682  -0.024514  -0.578044  -0.239915  -1.090830  1.000000  
87.424197 0.006806  -0.013698  0.019139  0.569208  0.818305  0.079869  -0.663270  0.399607  0.632761  0.485875  -0.413147  0.770217  -0.019813  0.010512  -0.024356  -0.597886  -0.246521  -1.135844  1.000000  
87.425197 0.006785  -0.013688  0.019115  0.570681  0.817341  0.079234  -0.662775  0.401485  0.632091  0.484823  -0.413236  0.770832  -0.019995  0.010363  -0.024532  -0.622451  -0.255977  -1.175420  1.000000  
87.426448 0.006758  -0.013676  0.019083  0.572416  0.816171  0.078773  -0.662304  0.403577  0.631251  0.483418  -0.413510  0.771568  -0.020190  0.010236  -0.024923  -0.638564  -0.273281  -1.219407  1.000000  
87.427700 0.006730  -0.013665  0.019047  0.574244  0.814958  0.078020  -0.661661  0.405869  0.630456  0.482129  -0.413658  0.772294  -0.020436  0.010109  -0.025540  -0.666185  -0.283760  -1.266455  1.000000  
87.428948 0.006703  -0.013654  0.019012  0.576071  0.813739  0.077272  -0.661012  0.408158  0.629659  0.480839  -0.413806  0.773019  -0.020694  0.009976  -0.025798  -0.691819  -0.293075  -1.310725  1.000000  
87.429948 0.006681  -0.013645  0.018985  0.577760  0.812590  0.076756  -0.660475  0.410200  0.628894  0.479548  -0.414045  0.773693  -0.020987  0.009797  -0.025771  -0.711648  -0.306201  -1.352204  1.000000  
87.430950 0.006658  -0.013636  0.018962  0.579227  0.811603  0.076138  -0.659956  0.412065  0.628220  0.478491  -0.414130  0.774302  -0.021213  0.009704  -0.025489  -0.735538  -0.311553  -1.389274  1.000000  
87.431950 0.006635  -0.013627  0.018941  0.580914  0.810444  0.075629  -0.659410  0.414102  0.627454  0.477198  -0.414367  0.774972  -0.021544  0.009592  -0.024862  -0.758125  -0.326259  -1.435410  1.000000  
87.433200 0.006605  -0.013615  0.018916  0.583090  0.808959  0.074777  -0.658593  0.416795  0.626528  0.475669  -0.414570  0.775804  -0.022039  0.009474  -0.024270  -0.784527  -0.337850  -1.490240  1.000000  
87.434203 0.006580  -0.013606  0.018897  0.584858  0.807724  0.074317  -0.658129  0.418984  0.625555  0.474138  -0.414771  0.776633  -0.022399  0.009363  -0.023931  -0.803950  -0.355093  -1.534226  1.000000  
87.435447 0.006547  -0.013595  0.018872  0.587115  0.806149  0.073614  -0.657391  0.421751  0.624471  0.472370  -0.415030  0.777571  -0.022771  0.009260  -0.023602  -0.834059  -0.366555  -1.589608  1.000000  
87.436697 0.006516  -0.013585  0.018844  0.589547  0.804441  0.072860  -0.656568  0.424719  0.623323  0.470482  -0.415316  0.778562  -0.023068  0.009141  -0.023577  -0.863110  -0.383065  -1.654198  1.000000  
87.437946 0.006486  -0.013573  0.018814  0.591798  0.802849  0.072173  -0.655809  0.427476  0.622237  0.468710  -0.415570  0.779495  -0.023183  0.009081  -0.023523  -0.881367  -0.397520  -1.704135  1.000000  
87.438947 0.006462  -0.013565  0.018790  0.593829  0.801401  0.071577  -0.655070  0.429904  0.621342  0.467173  -0.415859  0.780263  -0.023355  0.009001  -0.023673  -0.899803  -0.411819  -1.753846  1.000000  
87.440192 0.006431  -0.013555  0.018758  0.596294  0.799628  0.070916  -0.654262  0.432897  0.620114  0.465161  -0.416168  0.781300  -0.023607  0.008864  -0.023827  -0.920851  -0.428728  -1.806000  1.000000  
87.441442 0.006401  -0.013545  0.018727  0.598849  0.797791  0.070066  -0.653274  0.436007  0.618976  0.463264  -0.416445  0.782278  -0.023795  0.008722  -0.023743  -0.953739  -0.443749  -1.876768  1.000000  
87.442691 0.006372  -0.013536  0.018697  0.601307  0.795988  0.069519  -0.652442  0.438913  0.617799  0.461247  -0.416844  0.783257  -0.023921  0.008636  -0.023304  -0.969818  -0.460161  -1.927691  1.000000  
87.443693 0.006348  -0.013528  0.018677  0.603328  0.794516  0.068853  -0.651666  0.441396  0.616848  0.459703  -0.417030  0.784065  -0.024077  0.008516  -0.022778  -0.989084  -0.472301  -1.976838  1.000000  
87.444942 0.006319  -0.013518  0.018653  0.605914  0.792602  0.068195  -0.650688  0.444453  0.615684  0.457682  -0.417425  0.785037  -0.024119  0.008472  -0.022134  -1.009599  -0.487464  -2.034651  1.000000  
87.446192 0.006290  -0.013509  0.018630  0.608539  0.790646  0.067522  -0.649742  0.447619  0.614388  0.455540  -0.417751  0.786109  -0.024222  0.008295  -0.021759  -1.028876  -0.503650  -2.084979  1.000000  
87.447193 0.006267  -0.013501  0.018610  0.610634  0.789072  0.067020  -0.649026  0.450168  0.613281  0.453752  -0.417988  0.787017  -0.024151  0.008222  -0.021695  -1.046709  -0.520586  -2.129298  1.000000  
87.448442 0.006238  -0.013493  0.018585  0.613251  0.787087  0.066461  -0.648056  0.453247  0.612039  0.451605  -0.418404  0.788030  -0.024063  0.007982  -0.021781  -1.062320  -0.531714  -2.184943  1.000000  
87.449454 0.006216  -0.013486  0.018563  0.615474  0.785402  0.065848  -0.647194  0.455947  0.610944  0.449813  -0.418637  0.788931  -0.023769  0.007791  -0.021966  -1.081771  -0.546820  -2.230296  1.000000  
87.450698 0.006189  -0.013479  0.018534  0.618166  0.783325  0.065357  -0.646285  0.459167  0.609493  0.447421  -0.419008  0.790093  -0.023460  0.007562  -0.022088  -1.102218  -0.572856  -2.287907  1.000000  
87.451699 0.006166  -0.013473  0.018513  0.620424  0.781575  0.064929  -0.645445  0.461821  0.608377  0.445506  -0.419360  0.790988  -0.023274  0.007402  -0.022062  -1.110494  -0.590313  -2.324710  1.000000  
87.452953 0.006138  -0.013465  0.018486  0.623282  0.779341  0.064408  -0.644423  0.465227  0.606863  0.442989  -0.419752  0.792193  -0.023099  0.007261  -0.021822  -1.127588  -0.614466  -2.382345  1.000000  
87.454193 0.006109  -0.013457  0.018462  0.626226  0.777035  0.063700  -0.643214  0.468744  0.605438  0.440588  -0.420113  0.793339  -0.023078  0.007016  -0.021348  -1.147966  -0.630645  -2.438423  1.000000  
87.455453 0.006080  -0.013449  0.018441  0.629082  0.774786  0.062949  -0.641903  0.472097  0.604222  0.438425  -0.420512  0.794326  -0.022981  0.006899  -0.020588  -1.161872  -0.639479  -2.489841  1.000000  
87.456692 0.006050  -0.013441  0.018421  0.631923  0.772510  0.062464  -0.640832  0.475476  0.602708  0.435898  -0.420894  0.795513  -0.022990  0.006805  -0.019939  -1.174042  -0.658319  -2.539686  1.000000  
87.457942 0.006020  -0.013433  0.018402  0.634719  0.770259  0.061916  -0.639704  0.478805  0.601269  0.433488  -0.421245  0.796644  -0.023012  0.006668  -0.019353  -1.189778  -0.678870  -2.587157  1.000000  
87.459192 0.005989  -0.013427  0.018382  0.637549  0.767955  0.061455  -0.638600  0.482165  0.599756  0.430954  -0.421619  0.797820  -0.023146  0.006452  -0.019052  -1.201086  -0.699513  -2.634774  1.000000  
87.460442 0.005959  -0.013420  0.018360  0.640333  0.765669  0.061024  -0.637439  0.485403  0.598377  0.428538  -0.422059  0.798888  -0.023192  0.006340  -0.018932  -1.205188  -0.715043  -2.673093  1.000000  
87.461444 0.005935  -0.013414  0.018340  0.642466  0.763901  0.060774  -0.636672  0.487957  0.597115  0.426481  -0.422319  0.799850  -0.023247  0.006144  -0.018973  -1.211852  -0.740390  -2.701950  1.000000  
87.462692 0.005906  -0.013407  0.018317  0.645370  0.761498  0.060149  -0.635351  0.491408  0.595690  0.424059  -0.422656  0.800959  -0.023323  0.006068  -0.018914  -1.223424  -0.749637  -2.745145  1.000000  
87.463698 0.005881  -0.013402  0.018298  0.647495  0.759711  0.059917  -0.634561  0.493949  0.594429  0.421998  -0.422911  0.801912  -0.023435  0.005910  -0.018749  -1.224784  -0.762804  -2.766293  1.000000  
87.464941 0.005851  -0.013397  0.018277  0.650127  0.757487  0.059558  -0.633478  0.497071  0.592981  0.419571  -0.423241  0.803011  -0.023567  0.005823  -0.018318  -1.226246  -0.776391  -2.790062  1.000000  
87.465959 0.005826  -0.013392  0.018261  0.652374  0.755580  0.059221  -0.632533  0.499755  0.591733  0.417505  -0.423490  0.803956  -0.023800  0.005670  -0.017765  -1.228004  -0.788881  -2.810198  1.000000  
87.467201 0.005794  -0.013386  0.018245  0.655116  0.753212  0.059115  -0.631539  0.502979  0.590060  0.414707  -0.423892  0.805192  -0.024088  0.005599  -0.017126  -1.228862  -0.814335  -2.840419  1.000000  
87.468447 0.005763  -0.013379  0.018230  0.658032  0.750705  0.058624  -0.630181  0.506424  0.588563  0.412148  -0.424237  0.806323  -0.024292  0.005528  -0.016433  -1.233091  -0.825175  -2.870349  1.000000  
87.469447 0.005736  -0.013373  0.018219  0.660264  0.748766  0.058317  -0.629198  0.509086  0.587317  0.410075  -0.424477  0.807253  -0.024497  0.005441  -0.015876  -1.235882  -0.837686  -2.885980  1.000000  
87.470702 0.005704  -0.013366  0.018205  0.662948  0.746403  0.058169  -0.628120  0.512244  0.585723  0.407388  -0.424841  0.808421  -0.024670  0.005396  -0.015454  -1.232788  -0.853723  -2.903097  1.000000  
87.471947 0.005671  -0.013360  0.018190  0.665754  0.743920  0.057913  -0.626889  0.515546  0.584142  0.404698  -0.425200  0.809582  -0.024828  0.005298  -0.015113  -1.230473  -0.874236  -2.923823  1.000000  
87.472949 0.005645  -0.013355  0.018176  0.668100  0.741845  0.057514  -0.625733  0.518338  0.582910  0.402617  -0.425431  0.810499  -0.024935  0.005280  -0.015007  -1.235965  -0.879804  -2.942819  1.000000  
87.474197 0.005613  -0.013349  0.018158  0.670854  0.739387  0.057113  -0.624435  0.521653  0.581343  0.400044  -0.425659  0.811652  -0.025146  0.005156  -0.014874  -1.240633  -0.893564  -2.966569  1.000000  
87.475447 0.005580  -0.013342  0.018141  0.673680  0.736831  0.056884  -0.623194  0.525034  0.579628  0.397222  -0.425933  0.812893  -0.025267  0.005140  -0.014510  -1.245666  -0.909879  -2.984880  1.000000  
87.476697 0.005548  -0.013335  0.018126  0.676665  0.734110  0.056631  -0.621831  0.528595  0.577852  0.394273  -0.426227  0.814174  -0.025496  0.005160  -0.013922  -1.249396  -0.927417  -3.010885  1.000000  
87.477697 0.005522  -0.013330  0.018114  0.678898  0.732058  0.056473  -0.620796  0.531240  0.576538  0.392058  -0.426468  0.815117  -0.025583  0.005178  -0.013479  -1.250592  -0.935462  -3.024580  1.000000  
87.478697 0.005495  -0.013325  0.018104  0.681126  0.730004  0.056236  -0.619751  0.533948  0.575159  0.389841  -0.426608  0.816106  -0.025771  0.005192  -0.012934  -1.249891  -0.947293  -3.033065  1.000000  
87.479703 0.005468  -0.013319  0.018095  0.683642  0.727671  0.055941  -0.618448  0.536917  0.573796  0.387499  -0.426868  0.817085  -0.025951  0.005274  -0.012297  -1.254499  -0.956644  -3.054131  1.000000  
87.480949 0.005435  -0.013312  0.018084  0.686686  0.724836  0.055452  -0.616846  0.540616  0.572045  0.384660  -0.427021  0.818346  -0.026084  0.005353  -0.011782  -1.261761  -0.960334  -3.079729  1.000000  
87.481957 0.005410  -0.013305  0.018074  0.689188  0.722485  0.055093  -0.615513  0.543634  0.570618  0.382313  -0.427174  0.819366  -0.026050  0.005434  -0.011557  -1.269767  -0.961715  -3.096134  1.000000  
87.482959 0.005383  -0.013299  0.018063  0.691481  0.720321  0.054697  -0.614243  0.546419  0.569326  0.380210  -0.427276  0.820290  -0.026106  0.005509  -0.011508  -1.275541  -0.962323  -3.105229  1.000000  
87.483971 0.005359  -0.013292  0.018051  0.694009  0.717905  0.054441  -0.612918  0.549457  0.567828  0.377733  -0.427446  0.821345  -0.026022  0.005584  -0.011607  -1.276254  -0.974581  -3.119513  1.000000  
87.485197 0.005328  -0.013283  0.018033  0.697184  0.714858  0.053974  -0.611139  0.553293  0.566018  0.374758  -0.427604  0.822624  -0.025920  0.005744  -0.011834  -1.289137  -0.993342  -3.149254  1.000000  
87.486197 0.005303  -0.013276  0.018020  0.699696  0.712423  0.053658  -0.609784  0.556377  0.564454  0.372276  -0.427666  0.823719  -0.025866  0.005876  -0.011950  -1.296597  -0.998951  -3.167349  1.000000  
87.487452 0.005270  -0.013266  0.018004  0.702851  0.709349  0.053137  -0.607966  0.560254  0.562578  0.369294  -0.427714  0.825035  -0.025889  0.006082  -0.011882  -1.314119  -1.005617  -3.194337  1.000000  
87.488456 0.005244  -0.013257  0.017992  0.705472  0.706773  0.052732  -0.606434  0.563460  0.561026  0.366806  -0.427767  0.826117  -0.025873  0.006370  -0.011737  -1.324691  -1.012578  -3.220949  1.000000  
87.489700 0.005210  -0.013245  0.017979  0.708644  0.703623  0.052329  -0.604609  0.567344  0.559079  0.363692  -0.427827  0.827462  -0.026015  0.006732  -0.011434  -1.338083  -1.019769  -3.249243  1.000000  
87.490947 0.005176  -0.013232  0.017968  0.711767  0.700498  0.051861  -0.602730  0.571174  0.557204  0.360699  -0.427858  0.828754  -0.026097  0.007175  -0.011080  -1.354078  -1.019948  -3.280663  1.000000  
87.491950 0.005149  -0.013221  0.017959  0.714522  0.697717  0.051470  -0.601033  0.574522  0.555593  0.358076  -0.427919  0.829859  -0.026131  0.007574  -0.010822  -1.368278  -1.030728  -3.309684  1.000000  
87.493198 0.005114  -0.013208  0.017948  0.717732  0.694427  0.051293  -0.599206  0.578431  0.553507  0.354701  -0.428005  0.831263  -0.026321  0.008005  -0.010731  -1.383565  -1.042836  -3.347790  1.000000  
87.494447 0.005078  -0.013194  0.017934  0.720857  0.691213  0.050881  -0.597296  0.582316  0.551494  0.351572  -0.427940  0.832625  -0.026486  0.008487  -0.010933  -1.398880  -1.051251  -3.382804  1.000000  
87.495447 0.005050  -0.013181  0.017921  0.723213  0.688755  0.050793  -0.595990  0.585262  0.549785  0.348940  -0.427884  0.833760  -0.026545  0.009005  -0.011180  -1.411889  -1.064591  -3.399871  1.000000  
87.496698 0.005016  -0.013163  0.017904  0.726316  0.685516  0.050334  -0.594042  0.589183  0.547703  0.345803  -0.427706  0.835158  -0.026714  0.009642  -0.011549  -1.432127  -1.067739  -3.430692  1.000000  
87.497947 0.004981  -0.013146  0.017885  0.729406  0.682253  0.049977  -0.592072  0.593018  0.545692  0.342663  -0.427622  0.836494  -0.026844  0.010227  -0.011869  -1.444614  -1.069408  -3.446961  1.000000  
87.498966 0.004954  -0.013130  0.017870  0.731871  0.679652  0.049366  -0.590333  0.596165  0.544145  0.340399  -0.427387  0.837537  -0.027023  0.010806  -0.012041  -1.465378  -1.066184  -3.469486  1.000000  
87.500198 0.004918  -0.013110  0.017854  0.734939  0.676364  0.048964  -0.588325  0.600034  0.542063  0.337252  -0.427190  0.838910  -0.027382  0.011609  -0.012020  -1.484573  -1.067459  -3.502522  1.000000  
87.501199 0.004889  -0.013093  0.017840  0.737284  0.673801  0.049037  -0.586972  0.602954  0.540288  0.334479  -0.427129  0.840050  -0.027583  0.012279  -0.012023  -1.492966  -1.085020  -3.521607  1.000000  
87.502447 0.004851  -0.013071  0.017826  0.740242  0.670568  0.048789  -0.585106  0.606753  0.538054  0.331199  -0.426837  0.841497  -0.027938  0.012990  -0.011929  -1.513767  -1.097385  -3.540758  1.000000  
87.503448 0.004821  -0.013053  0.017813  0.742654  0.667908  0.048612  -0.583543  0.609815  0.536288  0.328547  -0.426643  0.842634  -0.028217  0.013592  -0.011934  -1.528230  -1.105935  -3.564154  1.000000  
87.504696 0.004785  -0.013028  0.017799  0.745435  0.664812  0.048504  -0.581766  0.613344  0.534189  0.325385  -0.426421  0.843972  -0.028361  0.014482  -0.012053  -1.535832  -1.120291  -3.570067  1.000000  
87.505945 0.004747  -0.013003  0.017782  0.748083  0.661834  0.048444  -0.580125  0.616785  0.532007  0.322221  -0.426089  0.845353  -0.028599  0.015271  -0.012400  -1.547542  -1.129138  -3.576504  1.000000  
87.507191 0.004709  -0.012977  0.017763  0.750568  0.659017  0.048422  -0.578595  0.620040  0.529885  0.319179  -0.425732  0.846686  -0.028852  0.016150  -0.012936  -1.554481  -1.136041  -3.567723  1.000000  
87.508191 0.004679  -0.012954  0.017748  0.752670  0.656614  0.048434  -0.577257  0.622744  0.528170  0.316642  -0.425497  0.847756  -0.028958  0.016930  -0.013330  -1.563891  -1.144540  -3.573544  1.000000  
87.509192 0.004649  -0.012932  0.017733  0.754765  0.654209  0.048378  -0.575908  0.625503  0.526381  0.314103  -0.425155  0.848872  -0.029060  0.017634  -0.013640  -1.570771  -1.152473  -3.571665  1.000000  
87.510192 0.004620  -0.012909  0.017717  0.756734  0.651920  0.048521  -0.574703  0.628053  0.524657  0.311561  -0.424911  0.849930  -0.029109  0.018342  -0.013821  -1.568823  -1.169922  -3.559888  1.000000  
87.511192 0.004591  -0.012885  0.017703  0.758932  0.649370  0.048381  -0.573176  0.630925  0.522879  0.309017  -0.424560  0.851033  -0.029289  0.019049  -0.013854  -1.579843  -1.181543  -3.559597  1.000000  
87.512192 0.004561  -0.012861  0.017691  0.760886  0.647073  0.048469  -0.571951  0.633520  0.521080  0.306471  -0.424204  0.852130  -0.029393  0.019664  -0.013723  -1.584738  -1.192645  -3.552447  1.000000  
87.513192 0.004531  -0.012836  0.017678  0.762951  0.644638  0.048461  -0.570559  0.636238  0.519292  0.303923  -0.423844  0.853222  -0.029558  0.020347  -0.013548  -1.589399  -1.207406  -3.546158  1.000000  
87.514442 0.004493  -0.012805  0.017665  0.765371  0.641756  0.048541  -0.568937  0.639408  0.517174  0.300862  -0.423447  0.854503  -0.029792  0.021162  -0.013269  -1.589979  -1.213380  -3.528690  1.000000  
87.515446 0.004464  -0.012778  0.017653  0.767302  0.639442  0.048588  -0.567679  0.642034  0.515299  0.298309  -0.422973  0.855632  -0.029791  0.021952  -0.013141  -1.591343  -1.229602  -3.510514  1.000000  
87.516452 0.004435  -0.012752  0.017642  0.769607  0.636673  0.048500  -0.565959  0.645015  0.513465  0.295626  -0.422615  0.856739  -0.029763  0.022519  -0.013061  -1.596383  -1.238638  -3.515321  1.000000  
87.517463 0.004405  -0.012726  0.017628  0.771671  0.634160  0.048637  -0.564544  0.647722  0.511611  0.292940  -0.422253  0.857839  -0.029722  0.023070  -0.013194  -1.594310  -1.252453  -3.500506  1.000000  
87.518695 0.004369  -0.012692  0.017611  0.774051  0.631247  0.048702  -0.562868  0.650901  0.509418  0.289869  -0.421729  0.859140  -0.029705  0.023727  -0.013313  -1.594419  -1.260033  -3.482221  1.000000  
87.519699 0.004340  -0.012665  0.017596  0.776065  0.628764  0.048773  -0.561407  0.653552  0.507634  0.287306  -0.421339  0.860191  -0.029596  0.024311  -0.013468  -1.592890  -1.269963  -3.465802  1.000000  
87.520944 0.004305  -0.012631  0.017577  0.778332  0.625963  0.048665  -0.559637  0.656544  0.505724  0.284614  -0.420856  0.861322  -0.029495  0.024791  -0.013634  -1.588656  -1.271359  -3.438153  1.000000  
87.522192 0.004269  -0.012596  0.017560  0.780651  0.623068  0.048685  -0.557898  0.659649  0.503601  0.281663  -0.420298  0.862564  -0.029334  0.025398  -0.013563  -1.585738  -1.275761  -3.404710  1.000000  
87.523450 0.004233  -0.012562  0.017543  0.782783  0.620397  0.048561  -0.556263  0.662607  0.501521  0.278965  -0.419595  0.863781  -0.029196  0.025891  -0.013354  -1.586434  -1.270446  -3.358926  1.000000  
87.524692 0.004196  -0.012526  0.017529  0.785111  0.617437  0.048708  -0.554518  0.665715  0.499332  0.275880  -0.419040  0.865041  -0.029220  0.026318  -0.013068  -1.582420  -1.273838  -3.338699  1.000000  
87.525695 0.004167  -0.012497  0.017519  0.786936  0.615097  0.048854  -0.553141  0.668148  0.497609  0.273436  -0.418610  0.866025  -0.029236  0.026709  -0.012719  -1.577717  -1.280042  -3.319984  1.000000  
87.526942 0.004130  -0.012461  0.017506  0.789100  0.612305  0.049039  -0.551512  0.671071  0.495478  0.270474  -0.418027  0.867235  -0.029261  0.027093  -0.012516  -1.567561  -1.288759  -3.287876  1.000000  
87.527943 0.004099  -0.012433  0.017496  0.790795  0.610097  0.049238  -0.550277  0.673417  0.493665  0.268026  -0.417482  0.868257  -0.029288  0.027338  -0.012352  -1.565146  -1.298143  -3.263328  1.000000  
87.529191 0.004061  -0.012397  0.017482  0.793136  0.607058  0.049153  -0.548279  0.676534  0.491622  0.265189  -0.416873  0.869420  -0.029366  0.027535  -0.012369  -1.560242  -1.305296  -3.245174  1.000000  
87.530192 0.004031  -0.012368  0.017471  0.794983  0.604651  0.048982  -0.546658  0.679044  0.489963  0.262995  -0.416289  0.870366  -0.029399  0.027787  -0.012312  -1.556183  -1.303804  -3.221765  1.000000  
87.531192 0.004000  -0.012340  0.017458  0.796852  0.602191  0.048918  -0.545048  0.681576  0.488237  0.260671  -0.415715  0.871339  -0.029509  0.027918  -0.012431  -1.560154  -1.292458  -3.208873  1.000000  
87.532199 0.003969  -0.012311  0.017446  0.798655  0.599817  0.048672  -0.543391  0.684035  0.486644  0.258604  -0.415109  0.872244  -0.029574  0.028177  -0.012352  -1.556027  -1.279420  -3.185843  1.000000  
87.533449 0.003930  -0.012275  0.017430  0.800845  0.596890  0.048673  -0.541511  0.687034  0.484510  0.255759  -0.414375  0.873431  -0.029716  0.028276  -0.012274  -1.554872  -1.274366  -3.160918  1.000000  
87.534696 0.003891  -0.012239  0.017416  0.803052  0.593908  0.048788  -0.539637  0.690049  0.482312  0.252783  -0.413650  0.874640  -0.029944  0.028410  -0.012019  -1.553638  -1.275111  -3.147077  1.000000  
87.535703 0.003859  -0.012210  0.017405  0.804859  0.591467  0.048677  -0.537969  0.692504  0.480653  0.250582  -0.413045  0.875559  -0.030176  0.028566  -0.011662  -1.553891  -1.264119  -3.139466  1.000000  
87.536942 0.003819  -0.012173  0.017394  0.807210  0.588280  0.048359  -0.535702  0.695729  0.478522  0.247860  -0.412174  0.876743  -0.030464  0.028695  -0.011293  -1.563578  -1.249208  -3.146616  1.000000  
87.537942 0.003786  -0.012144  0.017384  0.809109  0.585680  0.048175  -0.533849  0.698281  0.476874  0.245656  -0.411561  0.877650  -0.030801  0.028787  -0.011060  -1.568019  -1.236116  -3.147133  1.000000  
