1-Time 2-Px 3-Py 4-Pz 5-R11 6-R21 7-R31 8-R12 9-R22 10-R32 11-R13 12-R23 13-R33 14-Vx 15-Vy 16-Vz 17-Wx 18-Wy 19-Wz 20-state
107.374633 0.018679  -0.006572  0.010418  0.467682  0.724013  0.507029  -0.875568  0.300911  0.377933  0.121058  -0.620691  0.774653  0.019735  0.017724  0.001216  0.045940  -0.169526  0.419241  1.000000  
107.375685 0.018696  -0.006558  0.010419  0.467494  0.724114  0.507058  -0.875650  0.300689  0.377921  0.121191  -0.620681  0.774640  0.022672  0.018714  0.000732  0.000000  0.000000  0.000000  1.000000  
107.376930 0.018711  -0.006540  0.010411  0.467118  0.724377  0.507029  -0.875813  0.300290  0.377858  0.121456  -0.620567  0.774690  0.016106  0.016082  -0.003497  0.000000  0.000000  0.000000  1.000000  
107.377942 0.018717  -0.006528  0.010403  0.466750  0.724540  0.507135  -0.875991  0.299919  0.377741  0.121589  -0.620557  0.774678  0.012767  0.014585  -0.005257  0.000000  0.000000  0.000000  1.000000  
107.378948 0.018727  -0.006514  0.010395  0.466374  0.724741  0.507194  -0.876155  0.299474  0.377715  0.121855  -0.620536  0.774652  0.011977  0.014511  -0.005933  0.000000  0.000000  0.000000  1.000000  
107.380191 0.018745  -0.006492  0.010391  0.465825  0.724965  0.507378  -0.876428  0.298953  0.377493  0.121987  -0.620526  0.774640  0.012652  0.015220  -0.005288  0.000000  0.000000  0.000000  1.000000  
107.381423 0.018762  -0.006469  0.010387  0.465449  0.725166  0.507436  -0.876591  0.298508  0.377467  0.122253  -0.620506  0.774614  0.012869  0.015898  -0.004910  0.000000  0.000000  0.000000  1.000000  
107.382427 0.018770  -0.006450  0.010382  0.465073  0.725367  0.507494  -0.876754  0.298062  0.377442  0.122519  -0.620485  0.774588  0.012235  0.016287  -0.004869  0.000000  0.000000  0.000000  1.000000  
107.383675 0.018777  -0.006426  0.010375  0.464516  0.725628  0.507630  -0.877012  0.297468  0.377311  0.122784  -0.620465  0.774563  0.011255  0.016741  -0.004999  0.000000  0.000000  0.000000  1.000000  
107.384675 0.018785  -0.006405  0.010368  0.464139  0.725828  0.507689  -0.877174  0.297022  0.377285  0.123050  -0.620444  0.774537  0.010876  0.017224  -0.005132  0.000000  0.000000  0.000000  1.000000  
107.385676 0.018795  -0.006384  0.010363  0.463582  0.726151  0.507737  -0.877431  0.296473  0.377119  0.123315  -0.620330  0.774587  0.010832  0.017540  -0.005156  0.000000  0.000000  0.000000  1.000000  
107.386921 0.018809  -0.006359  0.010355  0.463024  0.726411  0.507873  -0.877688  0.295877  0.376989  0.123581  -0.620309  0.774561  0.010857  0.017829  -0.005270  0.032286  -0.100914  0.465240  1.000000  
107.387923 0.018817  -0.006339  0.010347  0.462828  0.726550  0.507854  -0.877754  0.295581  0.377067  0.123846  -0.620288  0.774535  0.010642  0.017987  -0.005495  0.031789  -0.086879  0.454501  1.000000  
107.389171 0.018823  -0.006315  0.010335  0.462624  0.726788  0.507698  -0.877805  0.295257  0.377202  0.124245  -0.620163  0.774571  0.010123  0.018101  -0.005826  0.022330  -0.066198  0.443492  1.000000  
107.390171 0.018822  -0.006299  0.010324  0.462617  0.726827  0.507650  -0.877791  0.295183  0.377294  0.124377  -0.620153  0.774558  0.009213  0.017924  -0.006335  0.020888  -0.054996  0.419867  1.000000  
107.391424 0.018821  -0.006283  0.010308  0.462420  0.727027  0.507543  -0.877856  0.294933  0.377337  0.124643  -0.620038  0.774608  0.007650  0.017533  -0.007194  0.013523  -0.045867  0.407773  1.000000  
107.392442 0.018821  -0.006272  0.010297  0.462051  0.727248  0.507562  -0.878032  0.294606  0.377184  0.124776  -0.619934  0.774670  0.007167  0.017578  -0.007317  0.008720  -0.051796  0.407038  1.000000  
107.393682 0.018825  -0.006253  0.010284  0.462043  0.727348  0.507425  -0.878017  0.294578  0.377240  0.124908  -0.619829  0.774732  0.006784  0.017708  -0.007488  0.001695  -0.042777  0.384597  1.000000  
107.394931 0.018830  -0.006228  0.010275  0.462224  0.727288  0.507348  -0.877922  0.294728  0.377344  0.124908  -0.619829  0.774732  0.005763  0.017903  -0.007809  0.000323  -0.033718  0.352599  1.000000  
107.395932 0.018833  -0.006209  0.010267  0.462405  0.727227  0.507270  -0.877827  0.294877  0.377449  0.124908  -0.619829  0.774732  0.004994  0.017880  -0.008171  -0.000898  -0.026029  0.328189  1.000000  
107.397176 0.018837  -0.006187  0.010254  0.462578  0.727205  0.507144  -0.877717  0.294954  0.377645  0.125041  -0.619819  0.774719  0.004544  0.017909  -0.008676  -0.001970  -0.014134  0.306414  1.000000  
107.398178 0.018842  -0.006169  0.010241  0.462578  0.727205  0.507144  -0.877717  0.294954  0.377645  0.125041  -0.619819  0.774719  0.004518  0.017736  -0.009174  -0.001885  -0.013525  0.293211  1.000000  
107.399421 0.018853  -0.006145  0.010224  0.462758  0.727206  0.506978  -0.877621  0.295149  0.377713  0.125041  -0.619725  0.774794  0.004703  0.017723  -0.009711  -0.007778  -0.007606  0.271816  1.000000  
107.400423 0.018862  -0.006125  0.010210  0.462939  0.727145  0.506900  -0.877526  0.295299  0.377818  0.125041  -0.619725  0.774794  0.004689  0.017597  -0.010286  -0.008466  -0.002298  0.254867  1.000000  
107.401671 0.018873  -0.006101  0.010193  0.463300  0.727023  0.506745  -0.877335  0.295598  0.378027  0.125041  -0.619725  0.774794  0.004483  0.017530  -0.010923  0.000000  0.000000  0.000000  1.000000  
107.402921 0.018878  -0.006080  0.010178  0.463481  0.726962  0.506667  -0.877240  0.295748  0.378131  0.125041  -0.619725  0.774794  0.004084  0.017251  -0.011296  0.000000  0.000000  0.000000  1.000000  
107.403923 0.018880  -0.006066  0.010165  0.463300  0.727023  0.506745  -0.877335  0.295598  0.378027  0.125041  -0.619725  0.774794  0.003858  0.016878  -0.011581  0.000000  0.000000  0.000000  1.000000  
107.405171 0.018882  -0.006047  0.010150  0.463473  0.727001  0.506618  -0.877225  0.295675  0.378223  0.125174  -0.619714  0.774781  0.003997  0.016795  -0.011545  0.000000  0.000000  0.000000  1.000000  
107.406171 0.018884  -0.006032  0.010139  0.463646  0.727040  0.506404  -0.877115  0.295797  0.378383  0.125307  -0.619610  0.774843  0.004280  0.017074  -0.011440  0.000000  0.000000  0.000000  1.000000  
107.407427 0.018887  -0.006009  0.010127  0.463646  0.727102  0.506316  -0.877115  0.295843  0.378347  0.125307  -0.619516  0.774918  0.004406  0.017541  -0.011325  0.000000  0.000000  0.000000  1.000000  
107.408427 0.018890  -0.005986  0.010119  0.463638  0.727202  0.506179  -0.877100  0.295816  0.378402  0.125439  -0.619411  0.774980  0.004422  0.018047  -0.011176  0.000000  0.000000  0.000000  1.000000  
107.409682 0.018891  -0.005957  0.010107  0.463450  0.727302  0.506208  -0.877181  0.295593  0.378390  0.125572  -0.619401  0.774967  0.004112  0.018370  -0.011395  0.000000  0.000000  0.000000  1.000000  
107.410930 0.018892  -0.005927  0.010092  0.463450  0.727363  0.506120  -0.877181  0.295638  0.378354  0.125572  -0.619307  0.775042  0.003963  0.018806  -0.011704  0.000000  0.000000  0.000000  1.000000  
107.412180 0.018894  -0.005897  0.010073  0.463269  0.727485  0.506110  -0.877276  0.295535  0.378214  0.125572  -0.619213  0.775117  0.003787  0.019339  -0.012066  0.000000  0.000000  0.000000  1.000000  
107.413182 0.018895  -0.005871  0.010059  0.463261  0.727585  0.505973  -0.877261  0.295507  0.378270  0.125705  -0.619108  0.775179  0.003416  0.019838  -0.012092  0.000000  0.000000  0.000000  1.000000  
107.414426 0.018893  -0.005840  0.010044  0.463065  0.727785  0.505866  -0.877327  0.295257  0.378313  0.125970  -0.618993  0.775228  0.002575  0.020325  -0.011946  0.000000  0.000000  0.000000  1.000000  
107.415673 0.018889  -0.005810  0.010031  0.462876  0.727884  0.505895  -0.877407  0.295034  0.378301  0.126103  -0.618983  0.775215  0.001527  0.020685  -0.011617  0.000000  0.000000  0.000000  1.000000  
107.416921 0.018884  -0.005784  0.010017  0.462688  0.728045  0.505837  -0.877488  0.294856  0.378253  0.126236  -0.618878  0.775277  0.000600  0.020919  -0.011494  0.000000  0.000000  0.000000  1.000000  
107.418171 0.018876  -0.005759  0.010002  0.462491  0.728183  0.505818  -0.877553  0.294560  0.378332  0.126501  -0.618857  0.775250  -0.000204  0.021243  -0.011506  0.000000  0.000000  0.000000  1.000000  
107.419171 0.018870  -0.005739  0.009990  0.462303  0.728343  0.505759  -0.877633  0.294383  0.378284  0.126634  -0.618753  0.775312  -0.000728  0.021678  -0.011449  0.000000  0.000000  0.000000  1.000000  
107.420422 0.018863  -0.005713  0.009974  0.462098  0.728581  0.505603  -0.877683  0.294059  0.378420  0.127032  -0.618627  0.775347  -0.001410  0.022141  -0.011563  0.000000  0.000000  0.000000  1.000000  
107.421672 0.018858  -0.005686  0.009956  0.462090  0.728620  0.505555  -0.877668  0.293986  0.378511  0.127165  -0.618616  0.775334  -0.001858  0.022493  -0.011879  0.000000  0.000000  0.000000  1.000000  
107.422922 0.018854  -0.005657  0.009935  0.461886  0.728857  0.505400  -0.877718  0.293662  0.378647  0.127563  -0.618490  0.775369  -0.002334  0.022694  -0.012588  0.000000  0.000000  0.000000  1.000000  
107.423931 0.018852  -0.005631  0.009918  0.461878  0.728896  0.505351  -0.877703  0.293589  0.378739  0.127696  -0.618480  0.775356  -0.002541  0.022894  -0.013128  0.000000  0.000000  0.000000  1.000000  
107.425171 0.018848  -0.005598  0.009896  0.461681  0.729094  0.505244  -0.877768  0.293338  0.378783  0.127961  -0.618364  0.775404  -0.002873  0.023145  -0.013750  0.000000  0.000000  0.000000  1.000000  
107.426196 0.018845  -0.005572  0.009878  0.461665  0.729233  0.505059  -0.877737  0.293238  0.378931  0.128227  -0.618249  0.775452  -0.003257  0.023215  -0.013931  0.000000  0.000000  0.000000  1.000000  
107.427447 0.018840  -0.005542  0.009857  0.461830  0.729310  0.504796  -0.877612  0.293287  0.379183  0.128492  -0.618133  0.775501  -0.003670  0.023141  -0.014072  0.000000  0.000000  0.000000  1.000000  
107.428679 0.018835  -0.005513  0.009837  0.461814  0.729449  0.504611  -0.877582  0.293187  0.379331  0.128757  -0.618018  0.775549  -0.004001  0.023007  -0.014331  0.000000  0.000000  0.000000  1.000000  
107.429680 0.018830  -0.005491  0.009824  0.461979  0.729527  0.504348  -0.877456  0.293237  0.379583  0.129023  -0.617902  0.775597  -0.004232  0.022829  -0.014550  0.000000  0.000000  0.000000  1.000000  
107.430923 0.018821  -0.005465  0.009803  0.461963  0.729665  0.504163  -0.877425  0.293137  0.379731  0.129288  -0.617787  0.775644  -0.004499  0.022679  -0.015088  0.000000  0.000000  0.000000  1.000000  
107.431931 0.018814  -0.005445  0.009784  0.462127  0.729743  0.503899  -0.877300  0.293187  0.379983  0.129553  -0.617671  0.775692  -0.004663  0.022618  -0.015534  0.000000  0.000000  0.000000  1.000000  
107.433200 0.018808  -0.005421  0.009759  0.462472  0.729760  0.503557  -0.877079  0.293387  0.380339  0.129819  -0.617555  0.775740  -0.004553  0.022545  -0.016228  0.000000  0.000000  0.000000  1.000000  
107.434421 0.018803  -0.005396  0.009732  0.462628  0.729876  0.503245  -0.876937  0.293364  0.380682  0.130217  -0.617429  0.775774  -0.004383  0.022505  -0.016997  0.000000  0.000000  0.000000  1.000000  
107.435671 0.018800  -0.005371  0.009705  0.462965  0.729932  0.502854  -0.876700  0.293492  0.381129  0.130615  -0.617302  0.775808  -0.004087  0.022511  -0.017791  0.000000  0.000000  0.000000  1.000000  
107.436671 0.018798  -0.005350  0.009683  0.463129  0.730010  0.502590  -0.876574  0.293542  0.381380  0.130880  -0.617186  0.775856  -0.003974  0.022414  -0.018210  0.000000  0.000000  0.000000  1.000000  
107.437673 0.018796  -0.005327  0.009660  0.463465  0.730066  0.502199  -0.876337  0.293670  0.381827  0.131278  -0.617059  0.775889  -0.003903  0.022382  -0.018605  0.000000  0.000000  0.000000  1.000000  
107.438921 0.018794  -0.005299  0.009633  0.463982  0.730122  0.501640  -0.876004  0.293995  0.382341  0.131676  -0.616838  0.775998  -0.003882  0.022187  -0.018995  -0.092541  0.181005  0.109441  1.000000  
107.439928 0.018791  -0.005277  0.009612  0.464326  0.730139  0.501297  -0.875781  0.294196  0.382695  0.131941  -0.616722  0.776045  -0.003866  0.021787  -0.019218  -0.095945  0.198785  0.096978  1.000000  
107.441171 0.018787  -0.005252  0.009587  0.464678  0.730117  0.501002  -0.875575  0.294470  0.382958  0.132074  -0.616617  0.776106  -0.003894  0.021410  -0.019463  -0.100963  0.209110  0.088294  1.000000  
107.442187 0.018781  -0.005233  0.009565  0.465022  0.730134  0.500659  -0.875352  0.294672  0.383312  0.132339  -0.616501  0.776153  -0.004005  0.020989  -0.019805  -0.104441  0.227090  0.075665  1.000000  
107.443426 0.018773  -0.005209  0.009538  0.465546  0.730151  0.500147  -0.875033  0.295070  0.383732  0.132604  -0.616290  0.776275  -0.004283  0.020696  -0.020267  -0.112155  0.247813  0.056987  1.000000  
107.444436 0.018763  -0.005190  0.009514  0.465898  0.730189  0.499763  -0.874826  0.295391  0.383958  0.132737  -0.616091  0.776410  -0.004534  0.020399  -0.020958  -0.117995  0.256277  0.046190  1.000000  
107.445694 0.018750  -0.005167  0.009483  0.466421  0.730205  0.499251  -0.874507  0.295790  0.384379  0.133002  -0.615881  0.776532  -0.004790  0.020154  -0.021656  -0.129701  0.276767  0.027481  1.000000  
107.446927 0.018738  -0.005145  0.009452  0.466945  0.730282  0.498650  -0.874187  0.296235  0.384762  0.133267  -0.615576  0.776728  -0.005029  0.020016  -0.022187  -0.141545  0.297521  0.008757  1.000000  
107.447944 0.018730  -0.005127  0.009427  0.467476  0.730258  0.498186  -0.873883  0.296707  0.385090  0.133400  -0.615376  0.776863  -0.005279  0.019910  -0.022475  -0.153247  0.310912  -0.015542  1.000000  
107.449177 0.018720  -0.005102  0.009399  0.468007  0.730295  0.497633  -0.873578  0.297226  0.385381  0.133532  -0.615082  0.777073  -0.005621  0.019960  -0.022575  -0.165156  0.324684  -0.039906  1.000000  
107.450423 0.018707  -0.005077  0.009372  0.468538  0.730331  0.497080  -0.873273  0.297744  0.385672  0.133665  -0.614789  0.777283  -0.006272  0.019926  -0.022544  -0.176955  0.338203  -0.064261  1.000000  
107.451671 0.018695  -0.005050  0.009347  0.468881  0.730467  0.496557  -0.873048  0.298041  0.385951  0.133930  -0.614483  0.777478  -0.006909  0.019943  -0.022375  -0.189477  0.347368  -0.071672  1.000000  
107.452671 0.018686  -0.005030  0.009327  0.469411  0.730502  0.496004  -0.872743  0.298560  0.386241  0.134063  -0.614189  0.777688  -0.007355  0.019828  -0.022212  -0.202919  0.360281  -0.099440  1.000000  
107.453672 0.018677  -0.005008  0.009307  0.469762  0.730598  0.495529  -0.872534  0.298929  0.386428  0.134195  -0.613895  0.777897  -0.007903  0.019704  -0.022130  -0.217067  0.368895  -0.110282  1.000000  
107.454922 0.018664  -0.004982  0.009280  0.470292  0.730693  0.494887  -0.872228  0.299495  0.386680  0.134328  -0.613507  0.778181  -0.008473  0.019665  -0.022166  -0.232923  0.382265  -0.134649  1.000000  
107.455928 0.018651  -0.004963  0.009258  0.470814  0.730826  0.494194  -0.871905  0.299990  0.387023  0.134593  -0.613107  0.778450  -0.009221  0.019572  -0.022287  -0.246095  0.392006  -0.149742  1.000000  
107.457171 0.018632  -0.004941  0.009228  0.471344  0.730919  0.493551  -0.871599  0.300557  0.387274  0.134726  -0.612718  0.778733  -0.010002  0.019445  -0.022535  -0.260001  0.396736  -0.163227  1.000000  
107.458171 0.018617  -0.004923  0.009205  0.471873  0.731011  0.492908  -0.871291  0.301124  0.387525  0.134858  -0.612329  0.779016  -0.010533  0.019364  -0.022615  -0.274880  0.409325  -0.179339  1.000000  
107.459182 0.018602  -0.004904  0.009181  0.472232  0.731126  0.492393  -0.871097  0.301613  0.387581  0.134858  -0.611951  0.779313  -0.010912  0.019415  -0.022584  -0.290298  0.409776  -0.191868  1.000000  
107.460431 0.018584  -0.004880  0.009152  0.472761  0.731277  0.491661  -0.870789  0.302228  0.387794  0.134991  -0.611467  0.779670  -0.011307  0.019471  -0.022475  -0.309392  0.418881  -0.210916  1.000000  
107.461682 0.018565  -0.004855  0.009124  0.473290  0.731427  0.490928  -0.870481  0.302843  0.388005  0.135123  -0.610983  0.780027  -0.011765  0.019639  -0.022195  -0.327690  0.420299  -0.227427  1.000000  
107.462929 0.018546  -0.004830  0.009097  0.473828  0.731538  0.490245  -0.870189  0.303530  0.388124  0.135123  -0.610510  0.780397  -0.012272  0.019809  -0.022070  -0.345234  0.417716  -0.238711  1.000000  
107.464173 0.018529  -0.004803  0.009071  0.474536  0.731683  0.489342  -0.869783  0.304344  0.388398  0.135256  -0.609930  0.780827  -0.012710  0.019899  -0.021882  -0.368228  0.422960  -0.260418  1.000000  
107.465175 0.018517  -0.004782  0.009050  0.475064  0.731830  0.488609  -0.869473  0.304960  0.388607  0.135389  -0.609445  0.781183  -0.012894  0.020002  -0.021833  -0.386441  0.427784  -0.274100  1.000000  
107.466421 0.018502  -0.004756  0.009023  0.475763  0.731953  0.487744  -0.869050  0.305655  0.389007  0.135654  -0.608949  0.781523  -0.013022  0.019999  -0.021909  -0.401431  0.429071  -0.285435  1.000000  
107.467424 0.018490  -0.004735  0.009000  0.476112  0.732162  0.487090  -0.868838  0.306121  0.389114  0.135786  -0.608464  0.781878  -0.013287  0.019976  -0.022158  -0.418642  0.429685  -0.293701  1.000000  
107.468672 0.018475  -0.004711  0.008971  0.476818  0.732362  0.486097  -0.868430  0.306983  0.389347  0.135919  -0.607789  0.782380  -0.013518  0.019796  -0.022371  -0.442682  0.422480  -0.304703  1.000000  
107.469922 0.018458  -0.004689  0.008941  0.477516  0.732599  0.485054  -0.868005  0.307775  0.389669  0.136184  -0.607102  0.782867  -0.013731  0.019561  -0.022566  -0.465329  0.427296  -0.313121  1.000000  
107.470922 0.018445  -0.004672  0.008919  0.478213  0.732718  0.484187  -0.867580  0.308472  0.390065  0.136449  -0.606605  0.783206  -0.013741  0.019440  -0.022621  -0.487397  0.442664  -0.323839  1.000000  
107.471928 0.018431  -0.004655  0.008897  0.478909  0.732894  0.483231  -0.867153  0.309218  0.390422  0.136714  -0.606012  0.783619  -0.013612  0.019412  -0.022426  -0.509975  0.451143  -0.334931  1.000000  
107.473172 0.018413  -0.004634  0.008870  0.479784  0.733122  0.482016  -0.866628  0.310210  0.390802  0.136979  -0.605229  0.784178  -0.013585  0.019324  -0.022304  -0.532862  0.463255  -0.345711  1.000000  
107.474172 0.018399  -0.004616  0.008848  0.480488  0.733256  0.481110  -0.866217  0.311027  0.391064  0.137112  -0.604647  0.784603  -0.013565  0.019202  -0.022210  -0.550982  0.467925  -0.359374  1.000000  
107.475436 0.018381  -0.004594  0.008823  0.481531  0.733455  0.479762  -0.865574  0.312101  0.391630  0.137509  -0.603852  0.785146  -0.013464  0.019065  -0.021945  -0.582144  0.483608  -0.370700  1.000000  
107.476681 0.018363  -0.004573  0.008797  0.482582  0.733612  0.478464  -0.864947  0.313246  0.392102  0.137774  -0.603067  0.785702  -0.013488  0.018793  -0.021836  -0.605252  0.495793  -0.387067  1.000000  
107.477926 0.018345  -0.004552  0.008770  0.483632  0.733825  0.477076  -0.864318  0.314440  0.392534  0.138039  -0.602187  0.786331  -0.013434  0.018543  -0.021800  -0.631905  0.507836  -0.397811  1.000000  
107.478934 0.018330  -0.004535  0.008746  0.484494  0.734023  0.475894  -0.863771  0.315318  0.393032  0.138437  -0.601485  0.786798  -0.013517  0.018176  -0.022018  -0.655011  0.526913  -0.406394  1.000000  
107.480177 0.018312  -0.004514  0.008716  0.485721  0.734165  0.474422  -0.863040  0.316665  0.393556  0.138702  -0.600603  0.787424  -0.013703  0.017822  -0.022286  -0.683442  0.547038  -0.425707  1.000000  
107.481428 0.018292  -0.004495  0.008685  0.486750  0.734448  0.472927  -0.862374  0.317722  0.394162  0.139232  -0.599698  0.788021  -0.014013  0.017321  -0.022542  -0.711885  0.570564  -0.442190  1.000000  
107.482671 0.018271  -0.004479  0.008653  0.487964  0.734623  0.471401  -0.861623  0.319002  0.394770  0.139629  -0.598804  0.788630  -0.014457  0.016687  -0.022712  -0.734313  0.589305  -0.455035  1.000000  
107.483671 0.018253  -0.004467  0.008630  0.488823  0.734813  0.470215  -0.861072  0.319885  0.395259  0.140027  -0.598100  0.789094  -0.014803  0.016257  -0.022737  -0.753504  0.608550  -0.466050  1.000000  
107.484672 0.018234  -0.004456  0.008608  0.489859  0.734991  0.468856  -0.860418  0.320968  0.395803  0.140424  -0.597300  0.789629  -0.015197  0.015742  -0.022623  -0.779182  0.632982  -0.481161  1.000000  
107.485672 0.018214  -0.004447  0.008586  0.490707  0.735273  0.467526  -0.859848  0.321831  0.396341  0.140954  -0.596488  0.790148  -0.015634  0.015237  -0.022568  -0.796076  0.650485  -0.485571  1.000000  
107.486921 0.018190  -0.004434  0.008559  0.492075  0.735506  0.465718  -0.858957  0.323177  0.397177  0.141616  -0.595473  0.790795  -0.016070  0.014743  -0.022529  -0.827245  0.682810  -0.503644  1.000000  
107.487931 0.018170  -0.004423  0.008537  0.493098  0.735716  0.464302  -0.858282  0.324196  0.397805  0.142146  -0.594659  0.791312  -0.016462  0.014248  -0.022522  -0.846429  0.705422  -0.512028  1.000000  
107.489171 0.018143  -0.004411  0.008509  0.494463  0.735941  0.462490  -0.857387  0.325546  0.398633  0.142808  -0.593642  0.791956  -0.017031  0.013651  -0.022596  -0.870218  0.742105  -0.527464  1.000000  
107.490171 0.018122  -0.004401  0.008487  0.495484  0.736201  0.460982  -0.856709  0.326616  0.399214  0.143338  -0.592731  0.792543  -0.017532  0.013158  -0.022779  -0.894457  0.768746  -0.541411  1.000000  
107.491171 0.018100  -0.004392  0.008463  0.496679  0.736335  0.459479  -0.855927  0.327790  0.399927  0.143868  -0.591916  0.793056  -0.017992  0.012689  -0.022944  -0.914631  0.798965  -0.552660  1.000000  
107.492177 0.018078  -0.004382  0.008440  0.497873  0.736522  0.457884  -0.855144  0.329015  0.400597  0.144397  -0.591004  0.793640  -0.018489  0.012193  -0.023122  -0.939891  0.829710  -0.572108  1.000000  
107.493181 0.018056  -0.004373  0.008417  0.499066  0.736649  0.456378  -0.854359  0.330192  0.401303  0.144927  -0.590187  0.794151  -0.019085  0.011549  -0.023092  -0.959339  0.859507  -0.585862  1.000000  
107.494430 0.018027  -0.004362  0.008387  0.500423  0.736911  0.454465  -0.853452  0.331601  0.402070  0.145589  -0.589069  0.794859  -0.019801  0.010852  -0.023122  -0.988725  0.893671  -0.602828  1.000000  
107.495431 0.018002  -0.004354  0.008364  0.501603  0.737182  0.452721  -0.852646  0.332812  0.402779  0.146251  -0.588046  0.795495  -0.020473  0.010252  -0.023032  -1.013213  0.923803  -0.614423  1.000000  
107.496679 0.017971  -0.004347  0.008336  0.503122  0.737406  0.450666  -0.851614  0.334310  0.403722  0.147045  -0.586915  0.796184  -0.021282  0.009514  -0.022854  -1.038967  0.961727  -0.629042  1.000000  
107.497929 0.017938  -0.004341  0.008308  0.504639  0.737680  0.448518  -0.850578  0.335860  0.404617  0.147839  -0.585685  0.796942  -0.021968  0.008861  -0.022640  -1.068878  0.995963  -0.646485  1.000000  
107.498936 0.017913  -0.004338  0.008287  0.505814  0.737938  0.446767  -0.849765  0.337078  0.405313  0.148500  -0.584659  0.797572  -0.022380  0.008410  -0.022443  -1.089308  1.025913  -0.658286  1.000000  
107.500171 0.017882  -0.004333  0.008260  0.507490  0.738117  0.444564  -0.848602  0.338669  0.406421  0.149427  -0.583512  0.798239  -0.022829  0.007884  -0.022469  -1.112778  1.068332  -0.678974  1.000000  
107.501424 0.017851  -0.004329  0.008232  0.508989  0.738414  0.442351  -0.847540  0.340161  0.407390  0.150353  -0.582267  0.798974  -0.023263  0.007275  -0.022560  -1.137454  1.096923  -0.688107  1.000000  
107.502671 0.017822  -0.004325  0.008202  0.510671  0.738649  0.440015  -0.846387  0.341924  0.408311  0.151146  -0.580935  0.799793  -0.023522  0.006731  -0.022726  -1.163237  1.130615  -0.705907  1.000000  
107.503691 0.017798  -0.004322  0.008178  0.511827  0.738876  0.438288  -0.845546  0.343036  0.409119  0.151940  -0.579991  0.800328  -0.023682  0.006182  -0.022806  -1.183129  1.161284  -0.712643  1.000000  
107.504921 0.017770  -0.004318  0.008149  0.513492  0.739138  0.435890  -0.844368  0.344740  0.410118  0.152865  -0.578644  0.801126  -0.023865  0.005678  -0.022933  -1.209973  1.199471  -0.728455  1.000000  
107.506172 0.017742  -0.004313  0.008121  0.514981  0.739413  0.433663  -0.843293  0.346245  0.411062  0.153791  -0.577394  0.801851  -0.023891  0.005180  -0.022755  -1.225077  1.222879  -0.732273  1.000000  
107.507425 0.017714  -0.004309  0.008096  0.516467  0.739681  0.431431  -0.842214  0.347753  0.411999  0.154716  -0.576142  0.802573  -0.023906  0.004762  -0.022531  -1.241093  1.252012  -0.736863  1.000000  
107.508426 0.017691  -0.004306  0.008076  0.517626  0.739903  0.429659  -0.841381  0.348991  0.412655  0.155377  -0.575107  0.803187  -0.023938  0.004287  -0.022297  -1.255764  1.266250  -0.743566  1.000000  
107.509427 0.017667  -0.004304  0.008057  0.518945  0.740089  0.427742  -0.840420  0.350319  0.413486  0.156170  -0.574060  0.803782  -0.024012  0.003848  -0.021966  -1.270545  1.287746  -0.745057  1.000000  
107.510431 0.017642  -0.004303  0.008038  0.520274  0.740231  0.425880  -0.839476  0.351713  0.414220  0.156831  -0.573024  0.804393  -0.024009  0.003331  -0.021688  -1.291630  1.312510  -0.758024  1.000000  
107.511680 0.017612  -0.004303  0.008015  0.521750  0.740530  0.423547  -0.838385  0.353283  0.415092  0.157756  -0.571669  0.805175  -0.023875  0.002879  -0.021321  -1.311068  1.334169  -0.760135  1.000000  
107.512680 0.017588  -0.004304  0.007996  0.523074  0.740662  0.421679  -0.837435  0.354683  0.415816  0.158416  -0.570631  0.805782  -0.023729  0.002537  -0.021127  -1.322929  1.352527  -0.772662  1.000000  
107.513951 0.017559  -0.004304  0.007972  0.524718  0.740927  0.419163  -0.836230  0.356462  0.416717  0.159341  -0.569176  0.806628  -0.023449  0.002242  -0.020938  -1.346617  1.373500  -0.782543  1.000000  
107.515181 0.017530  -0.004306  0.007949  0.526359  0.741083  0.416823  -0.835022  0.358145  0.417698  0.160266  -0.567915  0.807333  -0.023424  0.001803  -0.020681  -1.359821  1.396235  -0.793392  1.000000  
107.516421 0.017501  -0.004307  0.007925  0.527996  0.741233  0.414480  -0.833809  0.359830  0.418670  0.161190  -0.566653  0.808036  -0.023346  0.001477  -0.020432  -1.370361  1.410831  -0.802697  1.000000  
107.517424 0.017479  -0.004308  0.007907  0.529471  0.741310  0.412456  -0.832720  0.361328  0.419547  0.161982  -0.565598  0.808616  -0.023236  0.001159  -0.020000  -1.383596  1.430106  -0.815963  1.000000  
107.518671 0.017452  -0.004311  0.007887  0.531090  0.741538  0.409957  -0.831482  0.363007  0.420553  0.163038  -0.564223  0.809364  -0.023156  0.000760  -0.019431  -1.400700  1.450939  -0.824469  1.000000  
107.519673 0.017430  -0.004313  0.007872  0.532400  0.741589  0.408162  -0.830514  0.364370  0.421286  0.163698  -0.563277  0.809890  -0.023057  0.000336  -0.018748  -1.406651  1.457551  -0.828707  1.000000  
107.520921 0.017402  -0.004316  0.007855  0.534025  0.741714  0.405804  -0.829287  0.366067  0.422230  0.164622  -0.562010  0.810583  -0.023053  -0.000192  -0.018096  -1.412482  1.471050  -0.837758  1.000000  
107.522171 0.017371  -0.004321  0.007838  0.535818  0.741757  0.403355  -0.827945  0.367921  0.423250  0.165546  -0.560741  0.811273  -0.023247  -0.000726  -0.017508  -1.420152  1.485201  -0.845632  1.000000  
107.523421 0.017340  -0.004327  0.007822  0.537607  0.741744  0.400992  -0.826600  0.369726  0.424307  0.166470  -0.559570  0.811892  -0.023407  -0.001416  -0.016949  -1.427809  1.499400  -0.853342  1.000000  
107.524421 0.017315  -0.004333  0.007809  0.538906  0.741775  0.399187  -0.825620  0.371098  0.425016  0.167129  -0.558620  0.812411  -0.023476  -0.001932  -0.016546  -1.430794  1.509785  -0.863244  1.000000  
107.525446 0.017289  -0.004339  0.007797  0.540192  0.741843  0.397319  -0.824618  0.372409  0.425813  0.167921  -0.557657  0.812909  -0.023515  -0.002393  -0.016030  -1.429436  1.515855  -0.865887  1.000000  
107.526682 0.017256  -0.004348  0.007783  0.541814  0.741800  0.395183  -0.823392  0.374079  0.426721  0.168712  -0.556594  0.813473  -0.023756  -0.002983  -0.015460  -1.424192  1.519109  -0.873643  1.000000  
107.527934 0.017221  -0.004357  0.007771  0.543433  0.741800  0.392955  -0.822161  0.375804  0.427578  0.169503  -0.555432  0.814103  -0.024104  -0.003614  -0.014620  -1.422390  1.521609  -0.881108  1.000000  
107.529178 0.017187  -0.004367  0.007760  0.545049  0.741746  0.390813  -0.820927  0.377478  0.428473  0.170294  -0.554367  0.814664  -0.024463  -0.004245  -0.013788  -1.416881  1.520726  -0.891219  1.000000  
107.530423 0.017152  -0.004378  0.007752  0.546831  0.741608  0.388579  -0.819577  0.379308  0.429441  0.171085  -0.553302  0.815222  -0.024839  -0.004782  -0.012811  -1.415595  1.520020  -0.901324  1.000000  
107.531675 0.017117  -0.004388  0.007746  0.548440  0.741542  0.386431  -0.818335  0.380987  0.430322  0.171876  -0.552235  0.815779  -0.025284  -0.005476  -0.011570  -1.409752  1.522510  -0.908704  1.000000  
107.532921 0.017082  -0.004401  0.007741  0.550215  0.741392  0.384190  -0.816976  0.382821  0.431275  0.172667  -0.551168  0.816333  -0.025857  -0.006235  -0.010398  -1.404270  1.521548  -0.918811  1.000000  
107.534171 0.017045  -0.004415  0.007738  0.551986  0.741142  0.382126  -0.815613  0.384553  0.432313  0.173458  -0.550298  0.816752  -0.026395  -0.006936  -0.009473  -1.387573  1.524389  -0.934341  1.000000  
107.535172 0.017015  -0.004427  0.007736  0.553276  0.740996  0.380539  -0.814626  0.385897  0.432976  0.173985  -0.549552  0.817142  -0.026931  -0.007515  -0.008611  -1.377558  1.519826  -0.946495  1.000000  
107.536173 0.016984  -0.004440  0.007733  0.554732  0.740722  0.378951  -0.813522  0.387342  0.433760  0.174512  -0.548906  0.817464  -0.027496  -0.008244  -0.007810  -1.367474  1.515268  -0.958401  1.000000  
107.537423 0.016945  -0.004457  0.007729  0.556339  0.740542  0.376940  -0.812282  0.389038  0.434566  0.175171  -0.547948  0.817966  -0.028055  -0.009079  -0.006980  -1.356686  1.513193  -0.968799  1.000000  
107.538671 0.016905  -0.004476  0.007727  0.558111  0.740186  0.375016  -0.810923  0.390782  0.435538  0.175829  -0.547188  0.818333  -0.028614  -0.009863  -0.006019  -1.337093  1.513548  -0.986564  1.000000  
107.539672 0.016873  -0.004491  0.007726  0.559559  0.739899  0.373421  -0.809810  0.392229  0.436307  0.176356  -0.546540  0.818653  -0.029110  -0.010548  -0.005269  -1.322170  1.511549  -0.996204  1.000000  
107.540674 0.016839  -0.004507  0.007726  0.561004  0.739608  0.371825  -0.808694  0.393677  0.437071  0.176883  -0.545891  0.818972  -0.029566  -0.011066  -0.004567  -1.308045  1.510523  -1.005548  1.000000  
107.541921 0.016796  -0.004527  0.007730  0.562946  0.739160  0.369776  -0.807228  0.395689  0.437964  0.177410  -0.545044  0.819422  -0.030214  -0.011819  -0.003410  -1.292994  1.510138  -1.031983  1.000000  
107.542941 0.016761  -0.004542  0.007733  0.564400  0.738774  0.368327  -0.806125  0.397145  0.438678  0.177805  -0.544507  0.819693  -0.030757  -0.012388  -0.002418  -1.270160  1.501617  -1.045819  1.000000  
107.544177 0.016716  -0.004562  0.007739  0.566156  0.738394  0.366390  -0.804748  0.398892  0.439620  0.178463  -0.543745  0.820056  -0.031374  -0.012989  -0.001422  -1.248557  1.497000  -1.058402  1.000000  
107.545180 0.016681  -0.004578  0.007745  0.567604  0.738001  0.364938  -0.803639  0.400349  0.440325  0.178858  -0.543208  0.820326  -0.031923  -0.013555  -0.000479  -1.234573  1.491700  -1.070010  1.000000  
107.546429 0.016637  -0.004597  0.007752  0.569188  0.737694  0.363087  -0.802371  0.401945  0.441181  0.179516  -0.542446  0.820687  -0.032541  -0.014142  0.000424  -1.211175  1.479557  -1.079228  1.000000  
107.547670 0.016591  -0.004618  0.007760  0.571113  0.737131  0.361204  -0.800884  0.403852  0.442141  0.180042  -0.541795  0.821001  -0.033158  -0.014601  0.001241  -1.189606  1.471452  -1.094266  1.000000  
107.548672 0.016554  -0.004634  0.007768  0.572540  0.736768  0.359682  -0.799746  0.405250  0.442921  0.180569  -0.541244  0.821249  -0.033808  -0.015077  0.001984  -1.171387  1.466487  -1.105950  1.000000  
107.549921 0.016507  -0.004656  0.007776  0.574279  0.736321  0.357821  -0.798349  0.406947  0.443884  0.181227  -0.540580  0.821542  -0.034410  -0.015504  0.002670  -1.150518  1.461048  -1.117491  1.000000  
107.550921 0.016469  -0.004674  0.007785  0.575714  0.735909  0.356359  -0.797224  0.408404  0.444566  0.181622  -0.540041  0.821808  -0.034945  -0.015848  0.003426  -1.131433  1.453067  -1.132439  1.000000  
107.551924 0.016430  -0.004692  0.007794  0.577297  0.735451  0.354739  -0.795959  0.409955  0.445406  0.182148  -0.539489  0.822054  -0.035477  -0.016194  0.004364  -1.117386  1.452077  -1.141681  1.000000  
107.553171 0.016380  -0.004716  0.007807  0.579026  0.734948  0.352960  -0.794551  0.411598  0.446403  0.182806  -0.538924  0.822279  -0.036064  -0.016524  0.005348  -1.094420  1.443464  -1.147977  1.000000  
107.554172 0.016340  -0.004735  0.007819  0.580439  0.734567  0.351427  -0.793397  0.412998  0.447161  0.183332  -0.538371  0.822524  -0.036624  -0.016778  0.006319  -1.080378  1.442434  -1.157200  1.000000  
107.555422 0.016290  -0.004759  0.007834  0.582325  0.733970  0.349550  -0.791862  0.414793  0.448220  0.183989  -0.537805  0.822748  -0.037245  -0.017094  0.007323  -1.062240  1.441888  -1.174532  1.000000  
107.556672 0.016239  -0.004783  0.007849  0.584043  0.733496  0.347673  -0.790442  0.416492  0.449150  0.184647  -0.537139  0.823035  -0.037764  -0.017361  0.008113  -1.048051  1.439935  -1.183239  1.000000  
107.557673 0.016197  -0.004801  0.007862  0.585611  0.732976  0.346130  -0.789159  0.417988  0.450016  0.185173  -0.536685  0.823213  -0.038179  -0.017538  0.008653  -1.035171  1.442459  -1.197598  1.000000  
107.558684 0.016155  -0.004820  0.007874  0.587175  0.732453  0.344584  -0.787872  0.419485  0.450877  0.185699  -0.536232  0.823390  -0.038654  -0.017738  0.009192  -1.016311  1.445537  -1.213505  1.000000  
107.559930 0.016103  -0.004843  0.007889  0.588868  0.731967  0.342722  -0.786420  0.421072  0.451930  0.186488  -0.535651  0.823590  -0.039072  -0.017949  0.009703  -0.997249  1.444085  -1.214431  1.000000  
107.560931 0.016061  -0.004862  0.007901  0.590425  0.731478  0.341082  -0.785127  0.422624  0.452731  0.187013  -0.535097  0.823831  -0.039549  -0.018132  0.010115  -0.988712  1.446970  -1.229381  1.000000  
107.561933 0.016018  -0.004881  0.007914  0.591819  0.731031  0.339623  -0.783951  0.423970  0.453508  0.187539  -0.534642  0.824006  -0.040080  -0.018379  0.010598  -0.974357  1.449329  -1.235615  1.000000  
107.563179 0.015962  -0.004905  0.007931  0.593356  0.730578  0.337912  -0.782631  0.425465  0.454388  0.188196  -0.534074  0.824225  -0.040795  -0.018636  0.011233  -0.958303  1.440858  -1.233627  1.000000  
107.564420 0.015906  -0.004930  0.007950  0.595035  0.730036  0.336127  -0.781165  0.426998  0.455471  0.188984  -0.533592  0.824357  -0.041359  -0.018867  0.011840  -0.943730  1.440212  -1.234794  1.000000  
107.565424 0.015860  -0.004950  0.007967  0.596419  0.729579  0.334661  -0.779981  0.428345  0.456236  0.189510  -0.533137  0.824531  -0.041870  -0.019017  0.012491  -0.933709  1.442994  -1.241252  1.000000  
107.566672 0.015803  -0.004976  0.007989  0.598091  0.729030  0.332870  -0.778507  0.429878  0.457309  0.190298  -0.532654  0.824661  -0.042452  -0.019205  0.013179  -0.918739  1.445688  -1.239603  1.000000  
107.567675 0.015756  -0.004996  0.008007  0.599455  0.728610  0.331332  -0.777297  0.431168  0.458153  0.190955  -0.532185  0.824812  -0.043023  -0.019316  0.013690  -0.907493  1.448314  -1.237763  1.000000  
107.568921 0.015696  -0.005023  0.008030  0.600960  0.728143  0.329629  -0.775939  0.432553  0.459147  0.191743  -0.531701  0.824941  -0.043649  -0.019505  0.014227  -0.895456  1.447562  -1.230522  1.000000  
107.569921 0.015647  -0.005044  0.008047  0.602302  0.727722  0.328107  -0.774703  0.433731  0.460122  0.192531  -0.531318  0.825005  -0.044267  -0.019613  0.014652  -0.884438  1.454271  -1.226178  1.000000  
107.570922 0.015598  -0.005065  0.008066  0.603657  0.727254  0.326649  -0.773484  0.434967  0.461006  0.193187  -0.530948  0.825090  -0.044729  -0.019735  0.014990  -0.873310  1.457254  -1.224340  1.000000  
107.571923 0.015550  -0.005085  0.008084  0.605025  0.726741  0.325258  -0.772283  0.436258  0.461800  0.193712  -0.530591  0.825196  -0.045259  -0.019873  0.015455  -0.862282  1.460849  -1.223032  1.000000  
107.573171 0.015487  -0.005112  0.008106  0.606660  0.726215  0.323381  -0.770768  0.437737  0.462930  0.194631  -0.530093  0.825300  -0.045945  -0.020086  0.015909  -0.850706  1.470010  -1.214970  1.000000  
107.574172 0.015437  -0.005134  0.008125  0.607848  0.725830  0.322012  -0.769665  0.438823  0.463735  0.195287  -0.529722  0.825383  -0.046547  -0.020327  0.016385  -0.842327  1.469172  -1.207270  1.000000  
107.575445 0.015373  -0.005161  0.008150  0.609666  0.725081  0.320258  -0.768058  0.440506  0.464802  0.195943  -0.529351  0.825466  -0.047358  -0.020561  0.017074  -0.828372  1.475842  -1.211667  1.000000  
107.576676 0.015306  -0.005189  0.008175  0.611463  0.724371  0.318432  -0.766427  0.442133  0.465949  0.196730  -0.528965  0.825526  -0.048180  -0.020860  0.017649  -0.819146  1.483153  -1.216028  1.000000  
107.577680 0.015253  -0.005212  0.008196  0.612800  0.723849  0.317047  -0.765190  0.443312  0.466861  0.197386  -0.528694  0.825543  -0.048815  -0.021126  0.018158  -0.807959  1.490188  -1.211693  1.000000  
107.578932 0.015184  -0.005242  0.008224  0.614605  0.723088  0.315284  -0.763570  0.444993  0.467911  0.198042  -0.528322  0.825624  -0.049655  -0.021461  0.018845  -0.793990  1.492651  -1.217795  1.000000  
107.580177 0.015115  -0.005272  0.008251  0.616249  0.722415  0.313613  -0.762073  0.446526  0.468891  0.198698  -0.527950  0.825704  -0.050491  -0.021798  0.019296  -0.781629  1.492087  -1.210398  1.000000  
107.581426 0.015046  -0.005303  0.008278  0.617873  0.721745  0.311958  -0.760552  0.447946  0.470006  0.199484  -0.527664  0.825698  -0.051304  -0.022172  0.019601  -0.771045  1.494255  -1.207403  1.000000  
107.582672 0.014975  -0.005335  0.008305  0.619492  0.721109  0.310211  -0.759026  0.449422  0.471061  0.200271  -0.527277  0.825754  -0.052069  -0.022576  0.019888  -0.758898  1.493438  -1.199839  1.000000  
107.583675 0.014919  -0.005359  0.008327  0.620829  0.720529  0.308883  -0.757794  0.450654  0.471868  0.200795  -0.527019  0.825792  -0.052674  -0.022794  0.020167  -0.747318  1.493933  -1.201341  1.000000  
107.584921 0.014847  -0.005392  0.008356  0.622597  0.719757  0.307120  -0.756133  0.452221  0.473031  0.201582  -0.526732  0.825784  -0.053364  -0.023222  0.020598  -0.738270  1.499555  -1.203952  1.000000  
107.585921 0.014789  -0.005417  0.008380  0.623928  0.719172  0.305787  -0.754895  0.453451  0.473830  0.202106  -0.526473  0.825820  -0.053958  -0.023474  0.020980  -0.727156  1.499013  -1.204486  1.000000  
107.586922 0.014731  -0.005443  0.008405  0.625412  0.718454  0.304442  -0.753526  0.454771  0.474744  0.202630  -0.526315  0.825793  -0.054611  -0.023871  0.021445  -0.715334  1.499797  -1.205904  1.000000  
107.587923 0.014672  -0.005469  0.008431  0.626737  0.717827  0.303191  -0.752282  0.455943  0.475591  0.203154  -0.526156  0.825765  -0.055279  -0.024235  0.022021  -0.702744  1.495660  -1.200496  1.000000  
107.589171 0.014597  -0.005502  0.008464  0.628506  0.716997  0.301487  -0.750627  0.457561  0.476651  0.203809  -0.525883  0.825778  -0.056044  -0.024580  0.022598  -0.694289  1.498162  -1.206092  1.000000  
107.590171 0.014536  -0.005530  0.008491  0.629963  0.716317  0.300063  -0.749227  0.458825  0.477638  0.204464  -0.525709  0.825726  -0.056693  -0.024972  0.023060  -0.683160  1.497190  -1.205959  1.000000  
107.591171 0.014474  -0.005558  0.008518  0.631279  0.715683  0.298805  -0.747975  0.459994  0.478475  0.204988  -0.525550  0.825698  -0.057357  -0.025372  0.023574  -0.667933  1.496574  -1.206283  1.000000  
