1-Time 2-Px 3-Py 4-Pz 5-R11 6-R21 7-R31 8-R12 9-R22 10-R32 11-R13 12-R23 13-R33 14-Vx 15-Vy 16-Vz 17-Wx 18-Wy 19-Wz 20-state
47.433430 0.013997  -0.014600  0.019301  0.352660  0.911093  0.213401  -0.741265  0.132818  0.657941  0.571102  -0.390216  0.722201  -0.001954  -0.004279  0.001109  0.033618  0.224680  0.075868  1.000000  
47.434520 0.013998  -0.014600  0.019300  0.352660  0.911093  0.213401  -0.741265  0.132818  0.657941  0.571102  -0.390216  0.722201  0.000399  -0.000401  -0.001026  0.037252  0.216310  0.078129  1.000000  
47.435770 0.013995  -0.014596  0.019287  0.352627  0.911116  0.213359  -0.741196  0.132771  0.658028  0.571212  -0.390180  0.722134  -0.001021  0.001785  -0.007107  0.033198  0.208438  0.073909  1.000000  
47.437015 0.013991  -0.014590  0.019267  0.352627  0.911090  0.213470  -0.741196  0.132691  0.658044  0.571212  -0.390267  0.722086  -0.001864  0.002882  -0.010517  0.041141  0.193994  0.072550  1.000000  
47.438359 0.013988  -0.014588  0.019254  0.352660  0.911093  0.213401  -0.741265  0.132818  0.657941  0.571102  -0.390216  0.722201  -0.002060  0.002660  -0.010345  0.033227  0.175307  0.062303  1.000000  
47.439513 0.013985  -0.014584  0.019246  0.352813  0.911066  0.213265  -0.741192  0.133006  0.657984  0.571102  -0.390216  0.722201  -0.002187  0.002732  -0.009702  0.025096  0.165276  0.050667  1.000000  
47.440515 0.013980  -0.014580  0.019238  0.352813  0.911066  0.213265  -0.741192  0.133006  0.657984  0.571102  -0.390216  0.722201  -0.002618  0.002995  -0.009331  0.000000  0.000000  0.000000  1.000000  
47.441763 0.013968  -0.014572  0.019226  0.352813  0.911066  0.213265  -0.741192  0.133006  0.657984  0.571102  -0.390216  0.722201  -0.003653  0.003429  -0.009427  0.000000  0.000000  0.000000  1.000000  
47.442765 0.013959  -0.014566  0.019215  0.352780  0.911088  0.213224  -0.741123  0.132958  0.658072  0.571212  -0.390180  0.722134  -0.004250  0.003785  -0.009564  0.000000  0.000000  0.000000  1.000000  
47.444016 0.013951  -0.014557  0.019202  0.352595  0.911164  0.213207  -0.741127  0.132804  0.658099  0.571321  -0.390056  0.722114  -0.004546  0.004218  -0.009644  0.000000  0.000000  0.000000  1.000000  
47.445264 0.013945  -0.014548  0.019191  0.352562  0.911186  0.213166  -0.741058  0.132756  0.658186  0.571431  -0.390019  0.722047  -0.004594  0.004545  -0.009632  0.000000  0.000000  0.000000  1.000000  
47.446269 0.013939  -0.014541  0.019178  0.352376  0.911262  0.213149  -0.741061  0.132602  0.658213  0.571541  -0.389895  0.722027  -0.004650  0.004740  -0.009891  0.000000  0.000000  0.000000  1.000000  
47.447514 0.013929  -0.014532  0.019158  0.352376  0.911262  0.213149  -0.741061  0.132602  0.658213  0.571541  -0.389895  0.722027  -0.004993  0.004922  -0.010416  0.000000  0.000000  0.000000  1.000000  
47.448766 0.013918  -0.014521  0.019131  0.352343  0.911310  0.212997  -0.740992  0.132634  0.658285  0.571651  -0.389772  0.722007  -0.005296  0.005247  -0.011336  0.000000  0.000000  0.000000  1.000000  
47.450022 0.013909  -0.014507  0.019102  0.352311  0.911384  0.212735  -0.740923  0.132747  0.658340  0.571761  -0.389560  0.722034  -0.005930  0.006166  -0.013062  0.000000  0.000000  0.000000  1.000000  
47.451028 0.013903  -0.014495  0.019080  0.352278  0.911432  0.212583  -0.740854  0.132780  0.658411  0.571870  -0.389436  0.722014  -0.006167  0.006644  -0.013445  0.000000  0.000000  0.000000  1.000000  
47.452273 0.013893  -0.014481  0.019059  0.352245  0.911481  0.212431  -0.740785  0.132813  0.658482  0.571980  -0.389312  0.721994  -0.006604  0.007331  -0.013694  0.000000  0.000000  0.000000  1.000000  
47.453520 0.013879  -0.014468  0.019041  0.352397  0.911505  0.212074  -0.740712  0.133160  0.658493  0.571980  -0.389137  0.722088  -0.007346  0.008058  -0.014193  0.000000  0.000000  0.000000  1.000000  
47.454790 0.013863  -0.014455  0.019023  0.352397  0.911530  0.211963  -0.740712  0.133240  0.658477  0.571980  -0.389049  0.722135  -0.008098  0.008655  -0.014846  0.000000  0.000000  0.000000  1.000000  
47.456021 0.013848  -0.014440  0.019000  0.352430  0.911508  0.212005  -0.740782  0.133287  0.658390  0.571870  -0.389086  0.722203  -0.008512  0.009188  -0.015737  0.000000  0.000000  0.000000  1.000000  
47.457038 0.013838  -0.014429  0.018977  0.352430  0.911534  0.211894  -0.740782  0.133367  0.658374  0.571870  -0.388998  0.722250  -0.008491  0.009472  -0.016488  0.000000  0.000000  0.000000  1.000000  
47.458265 0.013829  -0.014415  0.018946  0.352430  0.911534  0.211894  -0.740782  0.133367  0.658374  0.571870  -0.388998  0.722250  -0.008495  0.009795  -0.017765  0.000000  0.000000  0.000000  1.000000  
47.459514 0.013818  -0.014402  0.018915  0.352550  0.911529  0.211717  -0.740640  0.133507  0.658505  0.571980  -0.388962  0.722182  -0.008766  0.010112  -0.019021  0.000000  0.000000  0.000000  1.000000  
47.460764 0.013807  -0.014388  0.018886  0.352550  0.911529  0.211717  -0.740640  0.133507  0.658505  0.571980  -0.388962  0.722182  -0.009142  0.010463  -0.020047  0.000000  0.000000  0.000000  1.000000  
47.461765 0.013796  -0.014378  0.018862  0.352550  0.911503  0.211828  -0.740640  0.133427  0.658521  0.571980  -0.389049  0.722135  -0.009312  0.010730  -0.020685  0.000000  0.000000  0.000000  1.000000  
47.463015 0.013782  -0.014366  0.018833  0.352517  0.911525  0.211786  -0.740571  0.133380  0.658608  0.572090  -0.389013  0.722068  -0.009543  0.010765  -0.021037  0.000000  0.000000  0.000000  1.000000  
47.464022 0.013771  -0.014356  0.018813  0.352517  0.911525  0.211786  -0.740571  0.133380  0.658608  0.572090  -0.389013  0.722068  -0.009713  0.010869  -0.020753  0.000000  0.000000  0.000000  1.000000  
47.465267 0.013759  -0.014340  0.018792  0.352517  0.911525  0.211786  -0.740571  0.133380  0.658608  0.572090  -0.389013  0.722068  -0.009997  0.010943  -0.020271  0.000000  0.000000  0.000000  1.000000  
47.466515 0.013744  -0.014323  0.018774  0.352517  0.911525  0.211786  -0.740571  0.133380  0.658608  0.572090  -0.389013  0.722068  -0.010419  0.011027  -0.019791  0.000000  0.000000  0.000000  1.000000  
47.467525 0.013729  -0.014312  0.018759  0.352550  0.911503  0.211828  -0.740640  0.133427  0.658521  0.571980  -0.389049  0.722135  -0.010744  0.011078  -0.019843  0.000000  0.000000  0.000000  1.000000  
47.468770 0.013710  -0.014298  0.018736  0.352550  0.911503  0.211828  -0.740640  0.133427  0.658521  0.571980  -0.389049  0.722135  -0.011033  0.011106  -0.020241  0.000000  0.000000  0.000000  1.000000  
47.470017 0.013692  -0.014286  0.018708  0.352702  0.911450  0.211803  -0.740567  0.133535  0.658581  0.571980  -0.389137  0.722088  -0.011166  0.011046  -0.020853  0.000000  0.000000  0.000000  1.000000  
47.471019 0.013681  -0.014274  0.018683  0.352735  0.911427  0.211844  -0.740636  0.133582  0.658493  0.571870  -0.389173  0.722155  -0.011105  0.011080  -0.021132  0.000000  0.000000  0.000000  1.000000  
47.472021 0.013670  -0.014261  0.018658  0.352735  0.911402  0.211955  -0.740636  0.133502  0.658510  0.571870  -0.389261  0.722108  -0.011215  0.011199  -0.021269  0.000000  0.000000  0.000000  1.000000  
47.473265 0.013654  -0.014246  0.018629  0.352735  0.911376  0.212065  -0.740636  0.133423  0.658526  0.571870  -0.389349  0.722061  -0.011694  0.011251  -0.021015  0.000000  0.000000  0.000000  1.000000  
47.474515 0.013636  -0.014234  0.018605  0.352702  0.911347  0.212245  -0.740567  0.133216  0.658645  0.571980  -0.389487  0.721899  -0.012224  0.011157  -0.020683  0.000000  0.000000  0.000000  1.000000  
47.475764 0.013616  -0.014223  0.018580  0.352702  0.911295  0.212466  -0.740567  0.133056  0.658678  0.571980  -0.389663  0.721805  -0.012698  0.010983  -0.020370  0.000000  0.000000  0.000000  1.000000  
47.476765 0.013601  -0.014214  0.018562  0.352669  0.911292  0.212535  -0.740498  0.132929  0.658781  0.572090  -0.389714  0.721690  -0.013043  0.011001  -0.019910  0.000000  0.000000  0.000000  1.000000  
47.478015 0.013583  -0.014202  0.018537  0.352517  0.911242  0.213002  -0.740571  0.132502  0.658785  0.572090  -0.389976  0.721548  -0.013292  0.010972  -0.019651  0.000000  0.000000  0.000000  1.000000  
47.479015 0.013569  -0.014191  0.018516  0.352517  0.911216  0.213113  -0.740571  0.132422  0.658802  0.572090  -0.390064  0.721501  -0.013491  0.010964  -0.019828  0.000000  0.000000  0.000000  1.000000  
47.480023 0.013554  -0.014182  0.018492  0.352517  0.911164  0.213334  -0.740571  0.132262  0.658834  0.572090  -0.390239  0.721406  -0.013901  0.010701  -0.020312  0.000000  0.000000  0.000000  1.000000  
47.481264 0.013533  -0.014171  0.018461  0.352484  0.911109  0.213624  -0.740502  0.131975  0.658969  0.572200  -0.390465  0.721197  -0.014282  0.010348  -0.021099  0.000000  0.000000  0.000000  1.000000  
47.482265 0.013517  -0.014163  0.018433  0.352484  0.911057  0.213845  -0.740502  0.131815  0.659001  0.572200  -0.390640  0.721102  -0.014442  0.010113  -0.021992  0.000000  0.000000  0.000000  1.000000  
47.483521 0.013497  -0.014152  0.018398  0.352604  0.911001  0.213889  -0.740360  0.131796  0.659164  0.572309  -0.390778  0.720940  -0.014445  0.009901  -0.022903  0.000000  0.000000  0.000000  1.000000  
47.484521 0.013481  -0.014143  0.018370  0.352604  0.910949  0.214110  -0.740360  0.131636  0.659196  0.572309  -0.390953  0.720845  -0.014517  0.009845  -0.023273  0.000000  0.000000  0.000000  1.000000  
47.485523 0.013466  -0.014132  0.018343  0.352604  0.910897  0.214331  -0.740360  0.131476  0.659228  0.572309  -0.391128  0.720750  -0.014738  0.009868  -0.023412  0.000000  0.000000  0.000000  1.000000  
47.486769 0.013445  -0.014119  0.018313  0.352756  0.910792  0.214526  -0.740287  0.131423  0.659320  0.572309  -0.391390  0.720608  -0.015273  0.009643  -0.023401  0.000000  0.000000  0.000000  1.000000  
47.488034 0.013424  -0.014107  0.018287  0.352723  0.910736  0.214816  -0.740218  0.131136  0.659455  0.572419  -0.391616  0.720398  -0.015624  0.009447  -0.023155  0.000000  0.000000  0.000000  1.000000  
47.489265 0.013400  -0.014096  0.018260  0.352875  0.910631  0.215012  -0.740146  0.131084  0.659547  0.572419  -0.391878  0.720256  -0.015992  0.009332  -0.023376  0.000000  0.000000  0.000000  1.000000  
47.490514 0.013377  -0.014085  0.018228  0.352995  0.910522  0.215277  -0.740004  0.130904  0.659741  0.572529  -0.392191  0.719998  -0.016235  0.009314  -0.023804  0.000000  0.000000  0.000000  1.000000  
47.491515 0.013359  -0.014076  0.018200  0.352962  0.910466  0.215566  -0.739935  0.130616  0.659876  0.572638  -0.392416  0.719788  -0.016393  0.009358  -0.024513  0.000000  0.000000  0.000000  1.000000  
47.492515 0.013343  -0.014067  0.018170  0.353081  0.910384  0.215720  -0.739793  0.130516  0.660055  0.572748  -0.392641  0.719578  -0.016583  0.009291  -0.025261  0.000000  0.000000  0.000000  1.000000  
47.493764 0.013322  -0.014056  0.018129  0.353200  0.910275  0.215985  -0.739651  0.130336  0.660249  0.572858  -0.392954  0.719320  -0.016732  0.009196  -0.026121  0.000000  0.000000  0.000000  1.000000  
47.494764 0.013304  -0.014048  0.018096  0.353353  0.910143  0.216290  -0.739578  0.130203  0.660357  0.572858  -0.393303  0.719129  -0.016943  0.009085  -0.026830  0.000000  0.000000  0.000000  1.000000  
47.495764 0.013284  -0.014040  0.018064  0.353472  0.910060  0.216444  -0.739436  0.130102  0.660536  0.572967  -0.393527  0.718919  -0.017175  0.009042  -0.027373  0.000000  0.000000  0.000000  1.000000  
47.497017 0.013259  -0.014029  0.018024  0.353591  0.909951  0.216708  -0.739294  0.129922  0.660730  0.573077  -0.393839  0.718661  -0.017494  0.009062  -0.027766  0.000000  0.000000  0.000000  1.000000  
47.498033 0.013240  -0.014020  0.017992  0.353862  0.909815  0.216836  -0.739079  0.129928  0.660969  0.573187  -0.394151  0.718402  -0.017712  0.009143  -0.027975  0.213214  0.073250  -0.031188  1.000000  
47.499265 0.013216  -0.014007  0.017955  0.353981  0.909706  0.217100  -0.738937  0.129747  0.661163  0.573296  -0.394463  0.718144  -0.017971  0.009226  -0.028197  0.227706  0.076598  -0.028790  1.000000  
47.500272 0.013196  -0.013997  0.017926  0.354286  0.909573  0.217159  -0.738792  0.129881  0.661300  0.573296  -0.394724  0.718000  -0.018306  0.009127  -0.028324  0.227900  0.081973  -0.038650  1.000000  
47.501517 0.013171  -0.013984  0.017889  0.354557  0.909437  0.217286  -0.738577  0.129887  0.661539  0.573406  -0.395035  0.717741  -0.018556  0.009164  -0.028670  0.238171  0.095986  -0.044612  1.000000  
47.502521 0.013150  -0.013973  0.017857  0.354827  0.909328  0.217303  -0.738361  0.129973  0.661762  0.573516  -0.395259  0.717530  -0.018861  0.009253  -0.029428  0.238368  0.105361  -0.052389  1.000000  
47.503767 0.013124  -0.013958  0.017816  0.355098  0.909218  0.217320  -0.738146  0.130059  0.661986  0.573625  -0.395483  0.717319  -0.019024  0.009522  -0.030504  0.234532  0.110816  -0.062314  1.000000  
47.505018 0.013100  -0.013943  0.017772  0.355369  0.909108  0.217336  -0.737931  0.130144  0.662209  0.573735  -0.395707  0.717108  -0.019067  0.009812  -0.031391  0.230670  0.120211  -0.070077  1.000000  
47.506266 0.013077  -0.013928  0.017727  0.355639  0.908972  0.217463  -0.737715  0.130150  0.662448  0.573844  -0.396018  0.716849  -0.019134  0.009974  -0.032071  0.233045  0.128554  -0.077199  1.000000  
47.507514 0.013052  -0.013914  0.017684  0.356061  0.908809  0.217453  -0.737426  0.130342  0.662732  0.573954  -0.396329  0.716589  -0.019372  0.010210  -0.032400  0.221334  0.139368  -0.096871  1.000000  
47.508514 0.013031  -0.013901  0.017651  0.356298  0.908723  0.217427  -0.737141  0.130379  0.663042  0.574173  -0.396515  0.716311  -0.019649  0.010439  -0.032447  0.221535  0.152609  -0.102412  1.000000  
47.509514 0.013009  -0.013889  0.017620  0.356568  0.908613  0.217443  -0.736925  0.130464  0.663265  0.574283  -0.396738  0.716099  -0.019936  0.010745  -0.032317  0.217723  0.161966  -0.110094  1.000000  
47.510515 0.012987  -0.013877  0.017589  0.356686  0.908530  0.217596  -0.736783  0.130362  0.663443  0.574392  -0.396962  0.715888  -0.020184  0.011035  -0.032142  0.215532  0.166061  -0.115903  1.000000  
47.511765 0.012960  -0.013861  0.017552  0.356923  0.908391  0.217790  -0.736497  0.130238  0.663784  0.574611  -0.397321  0.715512  -0.020239  0.011453  -0.031983  0.219828  0.179461  -0.121448  1.000000  
47.513033 0.012935  -0.013844  0.017511  0.357192  0.908255  0.217915  -0.736281  0.130242  0.664023  0.574721  -0.397631  0.715252  -0.020306  0.011763  -0.032086  0.219738  0.182089  -0.126227  1.000000  
47.514265 0.012908  -0.013827  0.017468  0.357428  0.908142  0.217999  -0.735996  0.130198  0.664348  0.574940  -0.397903  0.714925  -0.020541  0.012088  -0.032550  0.218302  0.194016  -0.130772  1.000000  
47.515267 0.012885  -0.013813  0.017432  0.357698  0.908006  0.218124  -0.735779  0.130202  0.664587  0.575049  -0.398213  0.714665  -0.020720  0.012320  -0.032959  0.218448  0.203337  -0.138363  1.000000  
47.516267 0.012864  -0.013798  0.017394  0.357815  0.907923  0.218276  -0.735636  0.130099  0.664766  0.575158  -0.398435  0.714452  -0.020859  0.012599  -0.033552  0.218538  0.209990  -0.141065  1.000000  
47.517269 0.012842  -0.013783  0.017357  0.358051  0.907836  0.218249  -0.735351  0.130135  0.665075  0.575377  -0.398620  0.714173  -0.020911  0.012838  -0.033932  0.218604  0.216642  -0.143749  1.000000  
47.518520 0.012817  -0.013763  0.017311  0.358168  0.907727  0.218511  -0.735208  0.129951  0.665269  0.575487  -0.398929  0.713912  -0.020839  0.013249  -0.034188  0.220365  0.222405  -0.142631  1.000000  
47.519766 0.012789  -0.013744  0.017267  0.358404  0.907614  0.218593  -0.734922  0.129906  0.665593  0.575706  -0.399200  0.713584  -0.021036  0.013484  -0.034248  0.212428  0.231929  -0.150279  1.000000  
47.520767 0.012767  -0.013728  0.017235  0.358672  0.907505  0.218608  -0.734705  0.129989  0.665817  0.575815  -0.399422  0.713372  -0.021296  0.013809  -0.033997  0.208407  0.234695  -0.155123  1.000000  
47.522037 0.012738  -0.013708  0.017195  0.358790  0.907395  0.218869  -0.734562  0.129805  0.666010  0.575924  -0.399730  0.713111  -0.021547  0.014161  -0.033682  0.212316  0.238522  -0.152728  1.000000  
47.523270 0.012710  -0.013687  0.017157  0.359025  0.907283  0.218951  -0.734275  0.129759  0.666335  0.576143  -0.400001  0.712782  -0.021761  0.014519  -0.033424  0.208410  0.245388  -0.155443  1.000000  
47.524514 0.012683  -0.013667  0.017119  0.359108  0.907197  0.219170  -0.734063  0.129526  0.666614  0.576362  -0.400271  0.712453  -0.021712  0.014898  -0.033395  0.206662  0.247348  -0.151866  1.000000  
47.525515 0.012662  -0.013650  0.017088  0.359225  0.907114  0.219321  -0.733920  0.129422  0.666792  0.576471  -0.400493  0.712241  -0.021643  0.015117  -0.033454  0.204284  0.249477  -0.153013  1.000000  
47.526764 0.012636  -0.013630  0.017046  0.359425  0.907025  0.219361  -0.733564  0.129328  0.667202  0.576799  -0.400725  0.711844  -0.021606  0.015373  -0.033728  0.202614  0.257966  -0.152171  1.000000  
47.527765 0.012615  -0.013613  0.017011  0.359543  0.906915  0.219622  -0.733421  0.129143  0.667395  0.576908  -0.401032  0.711583  -0.021674  0.015658  -0.033925  0.204312  0.257616  -0.148431  1.000000  
47.529015 0.012588  -0.013593  0.016968  0.359625  0.906829  0.219841  -0.733208  0.128909  0.667674  0.577127  -0.401301  0.711254  -0.021644  0.015849  -0.033961  0.206484  0.259262  -0.144800  1.000000  
47.530265 0.012562  -0.013573  0.016925  0.359859  0.906690  0.220032  -0.732921  0.128781  0.668013  0.577345  -0.401657  0.710876  -0.021590  0.016003  -0.033780  0.210535  0.267174  -0.140323  1.000000  
47.531514 0.012534  -0.013553  0.016885  0.360093  0.906551  0.220223  -0.732634  0.128652  0.668353  0.577564  -0.402012  0.710497  -0.021643  0.016061  -0.033256  0.214498  0.271090  -0.137952  1.000000  
47.532515 0.012512  -0.013537  0.016854  0.360210  0.906442  0.220483  -0.732491  0.128466  0.668546  0.577673  -0.402318  0.710235  -0.021642  0.016114  -0.032921  0.222481  0.268428  -0.132930  1.000000  
47.533520 0.012490  -0.013522  0.016823  0.360477  0.906305  0.220605  -0.732273  0.128467  0.668784  0.577782  -0.402625  0.709972  -0.021755  0.016090  -0.032540  0.228326  0.270646  -0.133871  1.000000  
47.534767 0.012462  -0.013502  0.016784  0.360710  0.906140  0.220905  -0.731986  0.128256  0.669139  0.578001  -0.403065  0.709545  -0.021849  0.016053  -0.032204  0.240533  0.274657  -0.131510  1.000000  
47.536033 0.012435  -0.013483  0.016745  0.361128  0.905950  0.221000  -0.731694  0.128362  0.669438  0.578110  -0.403457  0.709233  -0.021773  0.016053  -0.032026  0.240449  0.277319  -0.136194  1.000000  
47.537269 0.012408  -0.013465  0.016704  0.361395  0.905760  0.221341  -0.731475  0.128199  0.669708  0.578219  -0.403935  0.708872  -0.021649  0.015851  -0.032213  0.252653  0.274736  -0.131130  1.000000  
47.538515 0.012383  -0.013446  0.016663  0.361778  0.905568  0.221503  -0.731113  0.128174  0.670108  0.578437  -0.404374  0.708443  -0.021512  0.015833  -0.032571  0.260853  0.277581  -0.135880  1.000000  
47.539766 0.012357  -0.013430  0.016620  0.362161  0.905376  0.221663  -0.730751  0.128148  0.670508  0.578656  -0.404812  0.708014  -0.021393  0.015526  -0.032851  0.260895  0.280447  -0.140592  1.000000  
47.541015 0.012332  -0.013412  0.016578  0.362577  0.905159  0.221866  -0.730458  0.128171  0.670823  0.578765  -0.405289  0.707652  -0.021316  0.015302  -0.032942  0.266865  0.280934  -0.144135  1.000000  
47.542035 0.012312  -0.013400  0.016545  0.362809  0.905047  0.221945  -0.730170  0.128121  0.671146  0.578983  -0.405555  0.707321  -0.021291  0.015003  -0.032710  0.268837  0.283130  -0.145057  1.000000  
47.543265 0.012287  -0.013384  0.016507  0.363226  0.904803  0.222256  -0.729876  0.128061  0.671477  0.579092  -0.406117  0.706910  -0.021174  0.014721  -0.032422  0.274988  0.283881  -0.148657  1.000000  
47.544515 0.012261  -0.013369  0.016472  0.363723  0.904609  0.222235  -0.729369  0.128171  0.672007  0.579419  -0.406516  0.706412  -0.021091  0.014411  -0.031905  0.273228  0.295746  -0.157242  1.000000  
47.545765 0.012235  -0.013354  0.016437  0.364104  0.904390  0.222503  -0.729005  0.128061  0.672422  0.579637  -0.407038  0.705933  -0.021024  0.014054  -0.031446  0.281440  0.302565  -0.159725  1.000000  
47.547019 0.012208  -0.013340  0.016402  0.364485  0.904170  0.222771  -0.728642  0.127951  0.672837  0.579855  -0.407559  0.705452  -0.021048  0.013714  -0.031175  0.283232  0.309533  -0.165695  1.000000  
47.548264 0.012181  -0.013326  0.016364  0.365015  0.903924  0.222900  -0.728202  0.128027  0.673298  0.580073  -0.408080  0.704972  -0.021014  0.013270  -0.031104  0.287347  0.315149  -0.175175  1.000000  
47.549265 0.012160  -0.013316  0.016332  0.365395  0.903732  0.223058  -0.727838  0.127997  0.673698  0.580291  -0.408516  0.704540  -0.020882  0.012920  -0.031216  0.291467  0.324624  -0.182481  1.000000  
47.550269 0.012140  -0.013306  0.016299  0.365775  0.903540  0.223214  -0.727474  0.127967  0.674097  0.580509  -0.408950  0.704108  -0.020740  0.012532  -0.031342  0.297961  0.334095  -0.186425  1.000000  
47.551518 0.012114  -0.013293  0.016258  0.366304  0.903267  0.223451  -0.727033  0.127959  0.674573  0.580727  -0.409555  0.703577  -0.020666  0.012211  -0.031386  0.306176  0.339799  -0.195931  1.000000  
47.552520 0.012092  -0.013283  0.016226  0.366832  0.903021  0.223577  -0.726593  0.128032  0.675034  0.580945  -0.410074  0.703095  -0.020714  0.011801  -0.031326  0.310391  0.352187  -0.208136  1.000000  
47.553767 0.012065  -0.013271  0.016185  0.367360  0.902748  0.223813  -0.726152  0.128022  0.675510  0.581163  -0.410678  0.702562  -0.020822  0.011420  -0.031278  0.316503  0.358260  -0.221020  1.000000  
47.555020 0.012038  -0.013260  0.016146  0.367853  0.902473  0.224114  -0.725641  0.127880  0.676086  0.581489  -0.411326  0.701912  -0.020954  0.011063  -0.031007  0.330912  0.370356  -0.229716  1.000000  
47.556274 0.012010  -0.013249  0.016109  0.368230  0.902226  0.224487  -0.725275  0.127683  0.676516  0.581707  -0.411928  0.701379  -0.021126  0.010677  -0.030655  0.334966  0.376060  -0.239099  1.000000  
47.557515 0.011984  -0.013238  0.016073  0.368722  0.901923  0.224896  -0.724763  0.127457  0.677106  0.582034  -0.412660  0.700677  -0.021259  0.010311  -0.030467  0.351394  0.385876  -0.246311  1.000000  
47.558764 0.011956  -0.013227  0.016036  0.369212  0.901621  0.225305  -0.724251  0.127231  0.677697  0.582360  -0.413391  0.699975  -0.021379  0.010010  -0.030516  0.363685  0.398389  -0.258300  1.000000  
47.560021 0.011928  -0.013218  0.015998  0.369702  0.901373  0.225494  -0.723738  0.127167  0.678256  0.582686  -0.413951  0.699372  -0.021486  0.009649  -0.030760  0.367669  0.407993  -0.265350  1.000000  
47.561264 0.011901  -0.013207  0.015959  0.370156  0.901123  0.225748  -0.723156  0.126971  0.678914  0.583121  -0.414555  0.698652  -0.021508  0.009480  -0.031024  0.375847  0.421675  -0.270194  1.000000  
47.562264 0.011879  -0.013199  0.015926  0.370680  0.900877  0.225869  -0.722712  0.127038  0.679374  0.583338  -0.415068  0.698165  -0.021571  0.009183  -0.031220  0.376852  0.430568  -0.279898  1.000000  
47.563297 0.011857  -0.013191  0.015893  0.371019  0.900656  0.226195  -0.722275  0.126786  0.679886  0.583664  -0.415626  0.697561  -0.021541  0.008979  -0.031317  0.387729  0.444537  -0.281906  1.000000  
47.564515 0.011831  -0.013179  0.015853  0.371471  0.900406  0.226448  -0.721691  0.126587  0.680542  0.584099  -0.416227  0.696838  -0.021641  0.008915  -0.031329  0.392963  0.458685  -0.282311  1.000000  
47.565764 0.011803  -0.013168  0.015816  0.372070  0.900131  0.226559  -0.721030  0.126572  0.681245  0.584533  -0.416827  0.696115  -0.021779  0.008812  -0.031129  0.396948  0.474970  -0.291756  1.000000  
47.566767 0.011780  -0.013159  0.015787  0.372408  0.899909  0.226883  -0.720592  0.126318  0.681756  0.584859  -0.417381  0.695509  -0.021886  0.008727  -0.030881  0.404956  0.485672  -0.291618  1.000000  
47.568033 0.011752  -0.013147  0.015751  0.372893  0.899634  0.227176  -0.720077  0.126166  0.682328  0.585184  -0.418019  0.694852  -0.021919  0.008720  -0.030523  0.416062  0.493522  -0.291018  1.000000  
47.569267 0.011724  -0.013136  0.015714  0.373377  0.899387  0.227358  -0.719561  0.126095  0.682885  0.585510  -0.418572  0.694245  -0.022031  0.008736  -0.030349  0.416247  0.507436  -0.295821  1.000000  
47.570516 0.011696  -0.013125  0.015677  0.373825  0.899111  0.227715  -0.718975  0.125808  0.683555  0.585944  -0.419252  0.693468  -0.022057  0.008699  -0.030316  0.432408  0.518250  -0.295529  1.000000  
47.571767 0.011669  -0.013114  0.015638  0.374456  0.898783  0.227973  -0.718381  0.125754  0.684189  0.586269  -0.419970  0.692758  -0.022069  0.008720  -0.030419  0.440773  0.528414  -0.302526  1.000000  
47.572773 0.011648  -0.013105  0.015606  0.374791  0.898590  0.228185  -0.717941  0.125579  0.684683  0.586594  -0.420436  0.692200  -0.022017  0.008705  -0.030619  0.448389  0.535852  -0.297211  1.000000  
47.574015 0.011621  -0.013095  0.015565  0.375273  0.898288  0.228582  -0.717423  0.125338  0.685269  0.586919  -0.421153  0.691488  -0.021959  0.008719  -0.030921  0.452862  0.541384  -0.301577  1.000000  
47.575264 0.011595  -0.013085  0.015525  0.375607  0.898011  0.229119  -0.716983  0.124911  0.685808  0.587244  -0.421869  0.690776  -0.021877  0.008710  -0.030996  0.472778  0.542506  -0.293818  1.000000  
47.576268 0.011574  -0.013076  0.015493  0.375940  0.897790  0.229438  -0.716542  0.124650  0.686316  0.587569  -0.422416  0.690165  -0.021751  0.008798  -0.030955  0.476794  0.549501  -0.295829  1.000000  
47.577514 0.011549  -0.013064  0.015457  0.376383  0.897487  0.229899  -0.715954  0.124273  0.686998  0.588002  -0.423172  0.689333  -0.021718  0.008828  -0.030668  0.492639  0.557277  -0.290460  1.000000  
47.578515 0.011529  -0.013055  0.015429  0.376752  0.897239  0.230259  -0.715582  0.124060  0.687424  0.588218  -0.423758  0.688788  -0.021559  0.008937  -0.030351  0.500711  0.562174  -0.292301  1.000000  
47.579765 0.011503  -0.013043  0.015395  0.377342  0.896910  0.230576  -0.714915  0.123865  0.688153  0.588651  -0.424511  0.687954  -0.021472  0.008913  -0.030049  0.512868  0.573137  -0.291814  1.000000  
47.580788 0.011482  -0.013033  0.015368  0.377820  0.896664  0.230751  -0.714395  0.123784  0.688707  0.588975  -0.425054  0.687341  -0.021348  0.008949  -0.029777  0.516331  0.576710  -0.288624  1.000000  
47.582017 0.011457  -0.013021  0.015333  0.378444  0.896308  0.231109  -0.713797  0.123637  0.689353  0.589300  -0.425846  0.686572  -0.021121  0.009042  -0.029738  0.524676  0.582406  -0.293118  1.000000  
47.583266 0.011431  -0.013009  0.015298  0.379068  0.895953  0.231465  -0.713198  0.123488  0.690000  0.589624  -0.426637  0.685802  -0.020979  0.009106  -0.029655  0.532349  0.586256  -0.289866  1.000000  
47.584271 0.011411  -0.012999  0.015270  0.379544  0.895679  0.231745  -0.712677  0.123321  0.690568  0.589948  -0.427260  0.685135  -0.020803  0.009142  -0.029605  0.536427  0.594085  -0.296248  1.000000  
47.585525 0.011387  -0.012987  0.015233  0.380165  0.895323  0.232100  -0.712077  0.123169  0.691214  0.590272  -0.428048  0.684364  -0.020593  0.009204  -0.029547  0.540280  0.601060  -0.297844  1.000000  
47.586768 0.011361  -0.012976  0.015198  0.380749  0.894995  0.232410  -0.711406  0.122966  0.691940  0.590704  -0.428793  0.683524  -0.020484  0.009228  -0.029276  0.543833  0.609859  -0.299530  1.000000  
47.588017 0.011336  -0.012965  0.015163  0.381332  0.894638  0.232827  -0.710735  0.122677  0.692680  0.591136  -0.429619  0.682632  -0.020398  0.009273  -0.028957  0.548041  0.615247  -0.300932  1.000000  
47.589019 0.011315  -0.012956  0.015136  0.381804  0.894365  0.233103  -0.710212  0.122505  0.693247  0.591460  -0.430237  0.681961  -0.020411  0.009285  -0.028522  0.551893  0.622171  -0.302627  1.000000  
47.590265 0.011289  -0.012945  0.015104  0.382569  0.893956  0.233418  -0.709531  0.122447  0.693954  0.591783  -0.431103  0.681134  -0.020400  0.009330  -0.027916  0.555807  0.624564  -0.313613  1.000000  
47.591515 0.011263  -0.012934  0.015072  0.383294  0.893603  0.233580  -0.708779  0.122422  0.694727  0.592214  -0.431841  0.680291  -0.020407  0.009260  -0.027567  0.555549  0.634532  -0.319872  1.000000  
47.592764 0.011237  -0.012924  0.015040  0.383910  0.893219  0.234035  -0.708175  0.122177  0.695385  0.592538  -0.432703  0.679461  -0.020487  0.009202  -0.027297  0.564121  0.634718  -0.326414  1.000000  
47.594014 0.011210  -0.012913  0.015006  0.384633  0.892810  0.234410  -0.707422  0.121979  0.696187  0.592969  -0.433603  0.678510  -0.020526  0.009119  -0.027253  0.570630  0.638632  -0.329442  1.000000  
47.595014 0.011189  -0.012906  0.014979  0.385102  0.892508  0.234789  -0.706896  0.121717  0.696767  0.593292  -0.434298  0.677783  -0.020544  0.008988  -0.027280  0.578475  0.641801  -0.333349  1.000000  
47.596022 0.011168  -0.012898  0.014951  0.385607  0.892179  0.235211  -0.706439  0.121504  0.697267  0.593507  -0.435034  0.677122  -0.020619  0.008869  -0.027392  0.587003  0.643459  -0.337531  1.000000  
47.597264 0.011141  -0.012888  0.014916  0.386327  0.891769  0.235582  -0.705683  0.121301  0.698067  0.593938  -0.435929  0.676169  -0.020732  0.008702  -0.027397  0.590093  0.651198  -0.345599  1.000000  
47.598264 0.011119  -0.012880  0.014889  0.386939  0.891443  0.235814  -0.705076  0.121218  0.698694  0.594261  -0.436619  0.675439  -0.020853  0.008580  -0.027296  0.597899  0.654367  -0.349459  1.000000  
47.599266 0.011097  -0.012872  0.014862  0.387404  0.891141  0.236189  -0.704548  0.120951  0.699273  0.594584  -0.437308  0.674709  -0.020995  0.008451  -0.027192  0.609807  0.661342  -0.351025  1.000000  
47.600271 0.011074  -0.012864  0.014836  0.388014  0.890815  0.236419  -0.703940  0.120865  0.699900  0.594906  -0.437996  0.673978  -0.021209  0.008359  -0.026909  0.610397  0.666211  -0.360013  1.000000  
47.601520 0.011045  -0.012855  0.014806  0.388584  0.890431  0.236929  -0.703261  0.120472  0.700650  0.595337  -0.438884  0.673019  -0.021422  0.008234  -0.026605  0.622380  0.670466  -0.356535  1.000000  
47.602767 0.011015  -0.012846  0.014774  0.389298  0.890022  0.237292  -0.702502  0.120261  0.701447  0.595766  -0.439771  0.672060  -0.021764  0.008031  -0.026338  0.629159  0.678017  -0.364341  1.000000  
47.603769 0.010991  -0.012838  0.014750  0.389905  0.889696  0.237519  -0.701892  0.120171  0.702073  0.596089  -0.440454  0.671326  -0.021919  0.007983  -0.026153  0.629880  0.686818  -0.371004  1.000000  
47.605016 0.010963  -0.012829  0.014718  0.390655  0.889259  0.237923  -0.701201  0.120007  0.702791  0.596411  -0.441381  0.670430  -0.022093  0.007824  -0.026222  0.629575  0.696216  -0.384022  1.000000  
47.606269 0.010934  -0.012820  0.014684  0.391365  0.888851  0.238281  -0.700439  0.119790  0.703588  0.596841  -0.442261  0.669467  -0.022310  0.007713  -0.026293  0.633138  0.702483  -0.392168  1.000000  
47.607515 0.010905  -0.012811  0.014649  0.392074  0.888442  0.238638  -0.699676  0.119571  0.704383  0.597270  -0.443140  0.668503  -0.022478  0.007616  -0.026509  0.632855  0.712817  -0.397977  1.000000  
47.608764 0.010876  -0.012804  0.014614  0.392781  0.888034  0.238993  -0.698913  0.119350  0.705179  0.597699  -0.444016  0.667537  -0.022704  0.007441  -0.026608  0.632521  0.719372  -0.406153  1.000000  
47.610014 0.010846  -0.012796  0.014578  0.393487  0.887598  0.239454  -0.698148  0.119041  0.705988  0.598128  -0.444972  0.666516  -0.022878  0.007301  -0.026727  0.644326  0.726560  -0.407116  1.000000  
47.611264 0.010817  -0.012788  0.014543  0.394192  0.887161  0.239913  -0.697383  0.118730  0.706796  0.598557  -0.445925  0.665493  -0.023029  0.007185  -0.026729  0.654728  0.730644  -0.409422  1.000000  
47.612265 0.010794  -0.012782  0.014516  0.394647  0.886802  0.240491  -0.696849  0.118275  0.707399  0.598878  -0.446759  0.664644  -0.023143  0.007009  -0.026609  0.668116  0.734214  -0.406971  1.000000  
47.613265 0.010770  -0.012776  0.014490  0.395246  0.886477  0.240706  -0.696233  0.118173  0.708022  0.599200  -0.447430  0.663902  -0.023287  0.006887  -0.026603  0.666280  0.738165  -0.409521  1.000000  
47.614514 0.010741  -0.012769  0.014456  0.395804  0.886035  0.241414  -0.695547  0.117588  0.708793  0.599628  -0.448458  0.662821  -0.023370  0.006766  -0.026626  0.682073  0.738669  -0.408121  1.000000  
47.615514 0.010717  -0.012763  0.014428  0.396440  0.885652  0.241778  -0.695000  0.117450  0.709352  0.599842  -0.449251  0.662089  -0.023474  0.006637  -0.026781  0.686070  0.742304  -0.411839  1.000000  
47.616766 0.010688  -0.012755  0.014394  0.397139  0.885215  0.242230  -0.694231  0.117129  0.710158  0.600270  -0.450194  0.661060  -0.023372  0.006549  -0.027017  0.693509  0.745564  -0.414958  1.000000  
47.617771 0.010666  -0.012749  0.014365  0.397773  0.884831  0.242591  -0.693682  0.116988  0.710717  0.600484  -0.450985  0.660326  -0.023289  0.006438  -0.027327  0.694813  0.744614  -0.422053  1.000000  
47.618774 0.010643  -0.012742  0.014336  0.398367  0.884477  0.242908  -0.693063  0.116792  0.711353  0.600805  -0.451730  0.659525  -0.023242  0.006399  -0.027586  0.698534  0.748053  -0.425602  1.000000  
47.620019 0.010615  -0.012733  0.014301  0.399062  0.884070  0.243247  -0.692292  0.116553  0.712143  0.601233  -0.452587  0.658547  -0.023164  0.006330  -0.027784  0.702254  0.752306  -0.421770  1.000000  
47.621269 0.010587  -0.012725  0.014266  0.399796  0.883604  0.243736  -0.691590  0.116277  0.712870  0.601554  -0.453568  0.657578  -0.023107  0.006310  -0.027867  0.714134  0.749059  -0.422894  1.000000  
47.622516 0.010560  -0.012717  0.014232  0.400529  0.883167  0.244116  -0.690886  0.116086  0.713583  0.601874  -0.454467  0.656664  -0.023011  0.006317  -0.027774  0.713830  0.752705  -0.426226  1.000000  
47.623764 0.010532  -0.012710  0.014199  0.401220  0.882731  0.244557  -0.690113  0.115753  0.714385  0.602302  -0.455397  0.655626  -0.022935  0.006236  -0.027607  0.717530  0.753270  -0.424758  1.000000  
47.624764 0.010510  -0.012703  0.014173  0.401849  0.882317  0.245018  -0.689560  0.115516  0.714957  0.602515  -0.456259  0.654831  -0.022812  0.006316  -0.027475  0.721293  0.753077  -0.430707  1.000000  
47.626036 0.010482  -0.012696  0.014140  0.402720  0.881827  0.245352  -0.688771  0.115414  0.715733  0.602836  -0.457232  0.653857  -0.022678  0.006272  -0.027293  0.720499  0.756301  -0.433633  1.000000  
47.627265 0.010454  -0.012688  0.014107  0.403448  0.881331  0.245939  -0.688064  0.115042  0.716472  0.603156  -0.458281  0.652826  -0.022660  0.006307  -0.027297  0.728576  0.756596  -0.439490  1.000000  
47.628514 0.010427  -0.012680  0.014073  0.404175  0.880864  0.246417  -0.687357  0.114754  0.717197  0.603476  -0.459250  0.651848  -0.022565  0.006305  -0.027365  0.732418  0.757266  -0.438104  1.000000  
47.629516 0.010404  -0.012675  0.014044  0.404800  0.880419  0.246979  -0.686801  0.114423  0.717782  0.603689  -0.460184  0.650992  -0.022453  0.006289  -0.027505  0.740124  0.753342  -0.446446  1.000000  
47.630767 0.010377  -0.012666  0.014009  0.405566  0.879891  0.247605  -0.686162  0.114097  0.718446  0.603903  -0.461274  0.650021  -0.022277  0.006336  -0.027554  0.749976  0.747206  -0.448588  1.000000  
47.632029 0.010350  -0.012658  0.013972  0.406290  0.879424  0.248078  -0.685452  0.113804  0.719170  0.604222  -0.462237  0.649040  -0.022110  0.006386  -0.027614  0.751578  0.746990  -0.448522  1.000000  
47.633267 0.010323  -0.012649  0.013938  0.407053  0.878925  0.248594  -0.684810  0.113562  0.719819  0.604436  -0.463244  0.648122  -0.022059  0.006420  -0.027571  0.757298  0.740913  -0.450707  1.000000  
47.634271 0.010301  -0.012642  0.013910  0.407675  0.878509  0.249043  -0.684252  0.113311  0.720389  0.604649  -0.464093  0.647316  -0.022077  0.006428  -0.027422  0.763402  0.737125  -0.453682  1.000000  
47.635521 0.010272  -0.012634  0.013878  0.408578  0.877986  0.249407  -0.683525  0.113246  0.721089  0.604862  -0.465097  0.646395  -0.022111  0.006397  -0.027229  0.762959  0.737096  -0.459359  1.000000  
47.636769 0.010244  -0.012626  0.013845  0.409297  0.877519  0.249873  -0.682811  0.112945  0.721812  0.605182  -0.466052  0.645408  -0.022132  0.006425  -0.027174  0.766653  0.733979  -0.460472  1.000000  
47.638018 0.010216  -0.012617  0.013813  0.410197  0.876965  0.250340  -0.682082  0.112788  0.722526  0.605395  -0.467130  0.644428  -0.022171  0.006472  -0.027066  0.772152  0.731211  -0.467035  1.000000  
47.639019 0.010194  -0.012610  0.013787  0.410815  0.876549  0.250783  -0.681520  0.112531  0.723095  0.605608  -0.467972  0.643616  -0.022150  0.006527  -0.027091  0.769974  0.730397  -0.474619  1.000000  
47.640021 0.010171  -0.012603  0.013759  0.411433  0.876133  0.251225  -0.680959  0.112273  0.723664  0.605820  -0.468813  0.642803  -0.022225  0.006547  -0.027165  0.773656  0.727138  -0.475931  1.000000  
47.641026 0.010148  -0.012597  0.013732  0.412092  0.875684  0.251710  -0.680465  0.112067  0.724160  0.605927  -0.469700  0.642055  -0.022260  0.006595  -0.027229  0.777393  0.716572  -0.482442  1.000000  
47.642265 0.010119  -0.012588  0.013698  0.412806  0.875185  0.252274  -0.679748  0.111669  0.724895  0.606246  -0.470724  0.641003  -0.022324  0.006613  -0.027290  0.777221  0.720681  -0.485651  1.000000  
47.643265 0.010097  -0.012581  0.013670  0.413421  0.874738  0.252819  -0.679184  0.111319  0.725477  0.606459  -0.471638  0.640129  -0.022322  0.006686  -0.027264  0.786641  0.714763  -0.487628  1.000000  
47.644514 0.010068  -0.012574  0.013637  0.414175  0.874206  0.253424  -0.678534  0.110970  0.726138  0.606672  -0.472705  0.639140  -0.022365  0.006734  -0.027162  0.781197  0.714728  -0.495596  1.000000  
47.645515 0.010046  -0.012567  0.013610  0.414831  0.873724  0.254010  -0.678038  0.110670  0.726647  0.606778  -0.473664  0.638328  -0.022399  0.006749  -0.027020  0.788637  0.707565  -0.499313  1.000000  
47.646517 0.010024  -0.012560  0.013583  0.415443  0.873307  0.254444  -0.677472  0.110403  0.727215  0.606991  -0.474496  0.637508  -0.022452  0.006744  -0.026876  0.792383  0.704426  -0.500729  1.000000  
47.647767 0.009996  -0.012552  0.013550  0.416195  0.872774  0.255045  -0.676820  0.110050  0.727876  0.607203  -0.475558  0.636513  -0.022540  0.006697  -0.026715  0.797744  0.702558  -0.499869  1.000000  
47.649014 0.009968  -0.012544  0.013515  0.417127  0.872184  0.255538  -0.676151  0.109928  0.728516  0.607310  -0.476666  0.635582  -0.022533  0.006721  -0.026812  0.801389  0.695578  -0.510735  1.000000  
47.650019 0.009946  -0.012537  0.013487  0.417877  0.871743  0.255818  -0.675497  0.109835  0.729137  0.607522  -0.477493  0.634758  -0.022544  0.006674  -0.026935  0.800910  0.695654  -0.516574  1.000000  
47.651267 0.009918  -0.012529  0.013451  0.418668  0.871144  0.256563  -0.674911  0.109442  0.729738  0.607629  -0.478675  0.633765  -0.022503  0.006639  -0.027192  0.808827  0.689307  -0.520426  1.000000  
47.652270 0.009897  -0.012523  0.013421  0.419415  0.870703  0.256840  -0.674255  0.109346  0.730358  0.607841  -0.479499  0.632938  -0.022427  0.006571  -0.027387  0.811106  0.691989  -0.526106  1.000000  
47.653517 0.009870  -0.012515  0.013384  0.420343  0.870081  0.257431  -0.673581  0.109128  0.731013  0.607947  -0.480677  0.631941  -0.022352  0.006556  -0.027737  0.814824  0.685175  -0.537083  1.000000  
47.654766 0.009842  -0.012507  0.013347  0.421270  0.869458  0.258020  -0.672906  0.108907  0.731667  0.608054  -0.481853  0.630942  -0.022294  0.006493  -0.027957  0.818660  0.678805  -0.540948  1.000000  
