1-Time 2-Px 3-Py 4-Pz 5-R11 6-R21 7-R31 8-R12 9-R22 10-R32 11-R13 12-R23 13-R33 14-Vx 15-Vy 16-Vz 17-Wx 18-Wy 19-Wz 20-state
77.741410 0.020768  -0.003308  0.000627  0.438541  0.657877  0.612275  -0.825915  0.563620  -0.014038  -0.354326  -0.499530  0.790521  -0.001186  -0.001921  0.000768  0.000000  0.000000  0.000000  1.000000  
77.742448 0.020768  -0.003308  0.000627  0.438541  0.657877  0.612275  -0.825915  0.563620  -0.014038  -0.354326  -0.499530  0.790521  0.000000  0.000000  0.000000  0.000000  0.000000  0.000000  1.000000  
77.743454 0.020762  -0.003310  0.000626  0.438711  0.657761  0.612277  -0.825824  0.563756  -0.013912  -0.354326  -0.499530  0.790521  -0.003079  -0.000827  -0.000702  0.000000  0.000000  0.000000  1.000000  
77.744696 0.020749  -0.003314  0.000625  0.438711  0.657761  0.612277  -0.825824  0.563756  -0.013912  -0.354326  -0.499530  0.790521  -0.006241  -0.001975  -0.000724  0.000000  0.000000  0.000000  1.000000  
77.745927 0.020739  -0.003316  0.000624  0.438881  0.657570  0.612360  -0.825734  0.563893  -0.013718  -0.354326  -0.499626  0.790460  -0.006746  -0.001912  -0.000726  0.000000  0.000000  0.000000  1.000000  
77.746933 0.020733  -0.003317  0.000624  0.439051  0.657454  0.612363  -0.825644  0.564028  -0.013592  -0.354326  -0.499626  0.790460  -0.006550  -0.001598  -0.000597  0.000000  0.000000  0.000000  1.000000  
77.747950 0.020727  -0.003316  0.000625  0.439051  0.657454  0.612363  -0.825644  0.564028  -0.013592  -0.354326  -0.499626  0.790460  -0.006559  -0.001234  -0.000381  0.000000  0.000000  0.000000  1.000000  
77.749196 0.020712  -0.003316  0.000624  0.439221  0.657338  0.612366  -0.825553  0.564164  -0.013466  -0.354326  -0.499626  0.790460  -0.007388  -0.000991  -0.000441  0.000000  0.000000  0.000000  1.000000  
77.750439 0.020697  -0.003315  0.000622  0.439221  0.657338  0.612366  -0.825553  0.564164  -0.013466  -0.354326  -0.499626  0.790460  -0.008039  -0.000766  -0.000575  0.000000  0.000000  0.000000  1.000000  
77.751462 0.020687  -0.003313  0.000621  0.439413  0.657179  0.612398  -0.825505  0.564241  -0.013178  -0.354201  -0.499747  0.790439  -0.008206  -0.000511  -0.000687  0.000000  0.000000  0.000000  1.000000  
77.752674 0.020676  -0.003311  0.000619  0.439583  0.657063  0.612401  -0.825414  0.564377  -0.013052  -0.354201  -0.499747  0.790439  -0.008350  -0.000240  -0.000728  0.000000  0.000000  0.000000  1.000000  
77.753685 0.020666  -0.003311  0.000619  0.439583  0.657063  0.612401  -0.825414  0.564377  -0.013052  -0.354201  -0.499747  0.790439  -0.008468  -0.000238  -0.000674  0.000000  0.000000  0.000000  1.000000  
77.754700 0.020655  -0.003311  0.000620  0.439753  0.656872  0.612483  -0.825324  0.564514  -0.012857  -0.354201  -0.499843  0.790379  -0.008693  -0.000186  -0.000598  0.000000  0.000000  0.000000  1.000000  
77.755945 0.020637  -0.003312  0.000619  0.439753  0.656872  0.612483  -0.825324  0.564514  -0.012857  -0.354201  -0.499843  0.790379  -0.009145  -0.000225  -0.000557  0.000000  0.000000  0.000000  1.000000  
77.757192 0.020616  -0.003315  0.000619  0.439923  0.656756  0.612486  -0.825233  0.564649  -0.012731  -0.354201  -0.499843  0.790379  -0.010274  -0.000431  -0.000552  0.000000  0.000000  0.000000  1.000000  
77.758429 0.020594  -0.003321  0.000619  0.440093  0.656566  0.612568  -0.825143  0.564785  -0.012536  -0.354201  -0.499939  0.790318  -0.011267  -0.000735  -0.000502  0.000000  0.000000  0.000000  1.000000  
77.759452 0.020577  -0.003324  0.000618  0.440263  0.656449  0.612571  -0.825052  0.564921  -0.012410  -0.354201  -0.499939  0.790318  -0.011662  -0.000656  -0.000456  0.000000  0.000000  0.000000  1.000000  
77.760673 0.020558  -0.003326  0.000616  0.440433  0.656333  0.612573  -0.824961  0.565056  -0.012284  -0.354201  -0.499939  0.790318  -0.012222  -0.000647  -0.000535  0.000000  0.000000  0.000000  1.000000  
77.761923 0.020538  -0.003326  0.000615  0.440772  0.656100  0.612578  -0.824780  0.565326  -0.012032  -0.354201  -0.499939  0.790318  -0.013003  -0.000602  -0.000622  0.000000  0.000000  0.000000  1.000000  
77.762932 0.020522  -0.003326  0.000615  0.440920  0.655952  0.612631  -0.824647  0.565520  -0.011999  -0.354326  -0.499914  0.790278  -0.013667  -0.000680  -0.000654  0.000000  0.000000  0.000000  1.000000  
77.763934 0.020506  -0.003326  0.000616  0.441089  0.655836  0.612633  -0.824556  0.565655  -0.011873  -0.354326  -0.499914  0.790278  -0.013982  -0.000692  -0.000523  0.000000  0.000000  0.000000  1.000000  
77.765188 0.020488  -0.003326  0.000615  0.441429  0.655603  0.612638  -0.824375  0.565925  -0.011621  -0.354326  -0.499914  0.790278  -0.014151  -0.000715  -0.000498  0.000000  0.000000  0.000000  1.000000  
77.766443 0.020472  -0.003325  0.000616  0.441768  0.655370  0.612643  -0.824193  0.566195  -0.011368  -0.354326  -0.499914  0.790278  -0.014388  -0.000755  -0.000340  0.000000  0.000000  0.000000  1.000000  
77.767948 0.020457  -0.003323  0.000617  0.442108  0.655211  0.612568  -0.824011  0.566463  -0.011185  -0.354326  -0.499818  0.790339  -0.014491  -0.000791  -0.000154  0.000000  0.000000  0.000000  1.000000  
77.769174 0.020435  -0.003324  0.000619  0.442447  0.654978  0.612573  -0.823829  0.566733  -0.010933  -0.354326  -0.499818  0.790339  -0.015014  -0.000923  -0.000025  0.000000  0.000000  0.000000  1.000000  
77.770179 0.020419  -0.003327  0.000619  0.442616  0.654861  0.612575  -0.823738  0.566868  -0.010807  -0.354326  -0.499818  0.790339  -0.015292  -0.001036  0.000029  0.074163  0.086587  -0.136971  1.000000  
77.771188 0.020402  -0.003330  0.000619  0.442786  0.654744  0.612577  -0.823647  0.567003  -0.010680  -0.354326  -0.499818  0.790339  -0.015407  -0.001164  -0.000029  0.074096  0.087109  -0.137796  1.000000  
77.772421 0.020381  -0.003333  0.000618  0.443125  0.654585  0.612502  -0.823464  0.567271  -0.010497  -0.354326  -0.499722  0.790399  -0.015359  -0.001145  -0.000161  0.073805  0.092658  -0.146595  1.000000  
77.773458 0.020366  -0.003334  0.000615  0.443295  0.654468  0.612504  -0.823373  0.567406  -0.010371  -0.354326  -0.499722  0.790399  -0.015124  -0.000877  -0.000239  0.074295  0.093272  -0.147566  1.000000  
77.774689 0.020345  -0.003335  0.000616  0.443464  0.654426  0.612427  -0.823282  0.567539  -0.010314  -0.354326  -0.499626  0.790460  -0.015216  -0.000666  -0.000157  0.072142  0.096014  -0.151924  1.000000  
77.775939 0.020323  -0.003333  0.000615  0.443803  0.654192  0.612431  -0.823099  0.567809  -0.010062  -0.354326  -0.499626  0.790460  -0.015328  -0.000504  -0.000049  0.071094  0.100247  -0.158602  1.000000  
77.777181 0.020302  -0.003331  0.000615  0.443972  0.654149  0.612354  -0.823008  0.567942  -0.010004  -0.354326  -0.499530  0.790521  -0.015433  -0.000309  -0.000103  0.066484  0.099440  -0.157345  1.000000  
77.778212 0.020286  -0.003329  0.000615  0.444142  0.654032  0.612356  -0.822916  0.568077  -0.009878  -0.354326  -0.499530  0.790521  -0.015435  -0.000128  -0.000048  0.069418  0.103619  -0.163958  1.000000  
77.779440 0.020265  -0.003325  0.000616  0.444311  0.653990  0.612278  -0.822825  0.568210  -0.009821  -0.354326  -0.499434  0.790581  -0.015571  0.000115  0.000061  0.064866  0.102850  -0.162763  1.000000  
77.780699 0.020243  -0.003320  0.000616  0.444311  0.654064  0.612199  -0.822825  0.568209  -0.009890  -0.354326  -0.499338  0.790642  -0.015911  0.000330  0.000059  0.055011  0.096844  -0.161712  1.000000  
77.781927 0.020221  -0.003318  0.000616  0.444481  0.653947  0.612201  -0.822733  0.568344  -0.009764  -0.354326  -0.499338  0.790642  -0.016376  0.000410  0.000026  0.056793  0.099129  -0.165228  1.000000  
77.782933 0.020203  -0.003317  0.000616  0.444481  0.654021  0.612122  -0.822733  0.568342  -0.009833  -0.354326  -0.499242  0.790702  -0.016956  0.000385  -0.000058  0.050695  0.096412  -0.161014  1.000000  
77.784208 0.020180  -0.003317  0.000616  0.444673  0.654010  0.611994  -0.822684  0.568417  -0.009683  -0.354201  -0.499172  0.790803  -0.017024  0.000532  -0.000247  0.044932  0.103559  -0.163907  1.000000  
77.785442 0.020155  -0.003318  0.000615  0.444673  0.654084  0.611915  -0.822684  0.568416  -0.009752  -0.354201  -0.499076  0.790864  -0.017321  0.000685  -0.000302  0.038146  0.099404  -0.157352  1.000000  
77.786694 0.020129  -0.003318  0.000613  0.444695  0.654190  0.611785  -0.822725  0.568356  -0.009728  -0.354076  -0.499005  0.790964  -0.017675  0.000901  -0.000304  0.031898  0.100492  -0.150681  1.000000  
77.787705 0.020111  -0.003317  0.000611  0.444864  0.654148  0.611708  -0.822634  0.568490  -0.009671  -0.354076  -0.498909  0.791025  -0.017771  0.001127  -0.000411  0.023575  0.099751  -0.149570  1.000000  
77.788922 0.020089  -0.003317  0.000609  0.444864  0.654148  0.611708  -0.822634  0.568490  -0.009671  -0.354076  -0.498909  0.791025  -0.017917  0.001191  -0.000434  0.021149  0.096345  -0.144175  1.000000  
77.789934 0.020071  -0.003315  0.000610  0.445034  0.654105  0.611631  -0.822542  0.568623  -0.009614  -0.354076  -0.498813  0.791085  -0.017973  0.001307  -0.000303  0.017105  0.096339  -0.144185  1.000000  
77.791171 0.020049  -0.003313  0.000610  0.445034  0.654179  0.611551  -0.822542  0.568622  -0.009683  -0.354076  -0.498717  0.791146  -0.018070  0.001336  -0.000274  0.000000  0.000000  0.000000  1.000000  
77.792191 0.020031  -0.003310  0.000609  0.445203  0.654136  0.611474  -0.822450  0.568755  -0.009626  -0.354076  -0.498621  0.791206  -0.018138  0.001416  -0.000385  0.000000  0.000000  0.000000  1.000000  
77.793193 0.020014  -0.003307  0.000607  0.445372  0.654093  0.611396  -0.822359  0.568889  -0.009569  -0.354076  -0.498525  0.791267  -0.018188  0.001446  -0.000541  0.000000  0.000000  0.000000  1.000000  
77.794437 0.019993  -0.003305  0.000603  0.445711  0.653933  0.611321  -0.822175  0.569157  -0.009386  -0.354076  -0.498430  0.791327  -0.018137  0.001284  -0.000861  0.000000  0.000000  0.000000  1.000000  
77.795690 0.019972  -0.003305  0.000600  0.446049  0.653847  0.611166  -0.821992  0.569424  -0.009273  -0.354076  -0.498238  0.791448  -0.018095  0.001045  -0.001101  0.000000  0.000000  0.000000  1.000000  
77.796942 0.019949  -0.003306  0.000596  0.446219  0.653878  0.611010  -0.821900  0.569556  -0.009285  -0.354076  -0.498046  0.791569  -0.018102  0.000794  -0.001388  0.000000  0.000000  0.000000  1.000000  
77.797958 0.019931  -0.003308  0.000594  0.446388  0.653835  0.610932  -0.821808  0.569690  -0.009228  -0.354076  -0.497949  0.791629  -0.018130  0.000595  -0.001440  0.000000  0.000000  0.000000  1.000000  
77.799192 0.019909  -0.003311  0.000591  0.446895  0.653631  0.610779  -0.821532  0.570091  -0.008989  -0.354076  -0.497757  0.791750  -0.018054  0.000420  -0.001663  0.000000  0.000000  0.000000  1.000000  
77.800199 0.019893  -0.003313  0.000589  0.447234  0.653544  0.610624  -0.821348  0.570358  -0.008876  -0.354076  -0.497565  0.791871  -0.017761  0.000337  -0.001765  0.000000  0.000000  0.000000  1.000000  
77.801420 0.019874  -0.003315  0.000586  0.447741  0.653340  0.610471  -0.821072  0.570760  -0.008637  -0.354076  -0.497373  0.791991  -0.017378  0.000225  -0.001790  0.000000  0.000000  0.000000  1.000000  
77.802427 0.019858  -0.003316  0.000583  0.448079  0.653253  0.610316  -0.820887  0.571027  -0.008525  -0.354076  -0.497181  0.792112  -0.017131  0.000123  -0.001894  0.000000  0.000000  0.000000  1.000000  
77.803683 0.019839  -0.003317  0.000581  0.448586  0.653122  0.610084  -0.820610  0.571427  -0.008356  -0.354076  -0.496893  0.792293  -0.016926  0.000000  -0.001893  -0.045965  0.113600  -0.163659  1.000000  
77.804946 0.019819  -0.003318  0.000579  0.449092  0.652991  0.609851  -0.820333  0.571827  -0.008187  -0.354076  -0.496604  0.792474  -0.016745  -0.000156  -0.002106  -0.052026  0.117894  -0.170441  1.000000  
77.806194 0.019800  -0.003318  0.000575  0.449599  0.652860  0.609619  -0.820056  0.572228  -0.008018  -0.354076  -0.496316  0.792654  -0.016533  -0.000442  -0.002405  -0.059330  0.124703  -0.181342  1.000000  
77.807425 0.019779  -0.003321  0.000569  0.450105  0.652728  0.609386  -0.819778  0.572628  -0.007850  -0.354076  -0.496028  0.792835  -0.016514  -0.000784  -0.002610  -0.062113  0.130563  -0.190888  1.000000  
77.808437 0.019762  -0.003322  0.000564  0.450443  0.652714  0.609152  -0.819592  0.572894  -0.007808  -0.354076  -0.495739  0.793015  -0.016509  -0.001081  -0.002817  -0.071795  0.133907  -0.196292  1.000000  
77.809484 0.019743  -0.003325  0.000559  0.450949  0.652582  0.608919  -0.819314  0.573294  -0.007640  -0.354076  -0.495450  0.793196  -0.016619  -0.001378  -0.002945  -0.075503  0.141593  -0.208527  1.000000  
77.810685 0.019719  -0.003328  0.000555  0.451478  0.652555  0.608556  -0.819077  0.573635  -0.007450  -0.353950  -0.495091  0.793476  -0.016878  -0.001587  -0.002987  -0.079913  0.154713  -0.221279  1.000000  
77.811690 0.019698  -0.003332  0.000552  0.451815  0.652540  0.608321  -0.818891  0.573901  -0.007408  -0.353950  -0.494802  0.793656  -0.017029  -0.001736  -0.002982  -0.090286  0.159266  -0.228440  1.000000  
77.812949 0.019673  -0.003336  0.000548  0.452321  0.652480  0.608009  -0.818612  0.574301  -0.007311  -0.353950  -0.494417  0.793896  -0.017218  -0.001838  -0.003070  -0.097580  0.162177  -0.241712  1.000000  
77.814177 0.019647  -0.003341  0.000545  0.452849  0.652526  0.607567  -0.818374  0.574642  -0.007191  -0.353825  -0.493960  0.794236  -0.017512  -0.002009  -0.003100  -0.105878  0.175089  -0.254216  1.000000  
77.815177 0.019627  -0.003344  0.000540  0.453186  0.652511  0.607332  -0.818187  0.574908  -0.007150  -0.353825  -0.493671  0.794416  -0.017745  -0.002051  -0.003263  -0.109965  0.183274  -0.267229  1.000000  
77.816424 0.019601  -0.003346  0.000537  0.453714  0.652556  0.606889  -0.817948  0.575249  -0.007031  -0.353700  -0.493214  0.794755  -0.018197  -0.002103  -0.003287  -0.117962  0.191844  -0.281363  1.000000  
77.817531 0.019581  -0.003348  0.000534  0.454074  0.652645  0.606524  -0.817803  0.575456  -0.006967  -0.353575  -0.492853  0.795035  -0.018386  -0.002098  -0.003291  -0.128400  0.200057  -0.286091  1.000000  
77.818673 0.019555  -0.003349  0.000531  0.454434  0.652808  0.606079  -0.817657  0.575663  -0.006973  -0.353450  -0.492396  0.795374  -0.018916  -0.002122  -0.003347  -0.144230  0.211142  -0.295460  1.000000  
77.819924 0.019529  -0.003351  0.000527  0.454962  0.652852  0.605636  -0.817418  0.576005  -0.006856  -0.353325  -0.491938  0.795712  -0.019348  -0.002235  -0.003459  -0.154426  0.219942  -0.301718  1.000000  
77.821168 0.019502  -0.003353  0.000523  0.455466  0.652863  0.605244  -0.817137  0.576404  -0.006831  -0.353325  -0.491456  0.796011  -0.019866  -0.002317  -0.003437  -0.163282  0.229975  -0.318068  1.000000  
77.822168 0.019480  -0.003355  0.000519  0.455826  0.653025  0.604799  -0.816990  0.576611  -0.006839  -0.353199  -0.490998  0.796349  -0.020248  -0.002312  -0.003382  -0.177179  0.237211  -0.321472  1.000000  
77.823418 0.019450  -0.003359  0.000517  0.456353  0.653140  0.604276  -0.816750  0.576952  -0.006792  -0.353074  -0.490443  0.796746  -0.020800  -0.002425  -0.003121  -0.194961  0.244205  -0.324595  1.000000  
77.824419 0.019427  -0.003362  0.000516  0.456713  0.653301  0.603831  -0.816603  0.577160  -0.006800  -0.352949  -0.489984  0.797084  -0.021218  -0.002474  -0.002919  -0.208757  0.251292  -0.327811  1.000000  
77.825421 0.019402  -0.003365  0.000514  0.457072  0.653461  0.603385  -0.816456  0.577367  -0.006809  -0.352824  -0.489525  0.797421  -0.021500  -0.002525  -0.002753  -0.218475  0.258317  -0.330997  1.000000  
77.826438 0.019379  -0.003368  0.000511  0.457431  0.653621  0.602939  -0.816309  0.577575  -0.006817  -0.352699  -0.489066  0.797758  -0.021665  -0.002455  -0.002739  -0.236525  0.264047  -0.331324  1.000000  
77.827678 0.019349  -0.003370  0.000508  0.457958  0.653735  0.602416  -0.816068  0.577917  -0.006772  -0.352574  -0.488510  0.798154  -0.021902  -0.002353  -0.002697  -0.245910  0.272257  -0.337264  1.000000  
77.828927 0.019321  -0.003373  0.000504  0.458485  0.653921  0.601812  -0.815826  0.578258  -0.006798  -0.352448  -0.487857  0.798609  -0.022073  -0.002184  -0.002738  -0.263845  0.279374  -0.340678  1.000000  
77.829928 0.019299  -0.003376  0.000501  0.458844  0.654153  0.601287  -0.815678  0.578465  -0.006878  -0.352323  -0.487300  0.799004  -0.022217  -0.002169  -0.002630  -0.284940  0.282064  -0.335915  1.000000  
77.831168 0.019273  -0.003378  0.000497  0.459371  0.654265  0.600762  -0.815435  0.578808  -0.006835  -0.352198  -0.486743  0.799398  -0.022209  -0.002112  -0.002668  -0.296249  0.286631  -0.336259  1.000000  
77.832170 0.019252  -0.003380  0.000494  0.459898  0.654377  0.600238  -0.815193  0.579150  -0.006792  -0.352073  -0.486186  0.799793  -0.022301  -0.002209  -0.002748  -0.310063  0.293674  -0.339560  1.000000  
77.833418 0.019226  -0.003382  0.000491  0.460424  0.654487  0.599713  -0.814949  0.579493  -0.006750  -0.351947  -0.485628  0.800187  -0.022271  -0.002236  -0.002694  -0.324609  0.293880  -0.331875  1.000000  
77.834667 0.019200  -0.003384  0.000489  0.460951  0.654743  0.599029  -0.814706  0.579834  -0.006849  -0.351822  -0.484876  0.800698  -0.022319  -0.002249  -0.002560  -0.348866  0.297449  -0.329685  1.000000  
77.835687 0.019180  -0.003387  0.000488  0.461477  0.654852  0.598504  -0.814462  0.580177  -0.006808  -0.351697  -0.484317  0.801091  -0.022237  -0.002295  -0.002380  -0.361366  0.306783  -0.335552  1.000000  
77.836917 0.019153  -0.003391  0.000487  0.462026  0.655138  0.597767  -0.814259  0.580462  -0.006816  -0.351446  -0.483588  0.801641  -0.022166  -0.002443  -0.002265  -0.376545  0.315262  -0.334085  1.000000  
77.838167 0.019125  -0.003397  0.000485  0.462552  0.655319  0.597162  -0.814014  0.580805  -0.006846  -0.351321  -0.482931  0.802091  -0.022038  -0.002563  -0.002211  -0.395318  0.315621  -0.326593  1.000000  
77.839168 0.019103  -0.003400  0.000483  0.463055  0.655394  0.596689  -0.813728  0.581205  -0.006900  -0.351321  -0.482348  0.802443  -0.021928  -0.002604  -0.002236  -0.404789  0.318607  -0.332043  1.000000  
77.840170 0.019082  -0.003404  0.000482  0.463581  0.655574  0.596084  -0.813483  0.581548  -0.006932  -0.351196  -0.481690  0.802892  -0.021799  -0.002660  -0.002155  -0.421196  0.322371  -0.330075  1.000000  
77.841170 0.019060  -0.003407  0.000480  0.464274  0.655705  0.595400  -0.813142  0.582025  -0.006913  -0.351071  -0.480935  0.803400  -0.021663  -0.002733  -0.002127  -0.436397  0.328678  -0.341083  1.000000  
77.842418 0.019034  -0.003411  0.000478  0.464967  0.655907  0.594637  -0.812800  0.582502  -0.006965  -0.350945  -0.480082  0.803964  -0.021469  -0.002786  -0.002072  -0.454525  0.335788  -0.344739  1.000000  
77.843423 0.019012  -0.003415  0.000477  0.465492  0.656227  0.593871  -0.812553  0.582843  -0.007141  -0.350820  -0.479228  0.804528  -0.021351  -0.002825  -0.001937  -0.472111  0.338665  -0.350299  1.000000  
77.844437 0.018991  -0.003418  0.000475  0.466184  0.656355  0.593187  -0.812210  0.583321  -0.007125  -0.350695  -0.478471  0.805033  -0.021252  -0.002898  -0.001802  -0.485655  0.348267  -0.356537  1.000000  
77.845675 0.018964  -0.003422  0.000474  0.466876  0.656697  0.592263  -0.811867  0.583797  -0.007322  -0.350569  -0.477420  0.805711  -0.021241  -0.003040  -0.001586  -0.512062  0.355347  -0.360267  1.000000  
77.846677 0.018944  -0.003425  0.000474  0.467568  0.656822  0.591578  -0.811523  0.584275  -0.007308  -0.350444  -0.476662  0.806215  -0.021274  -0.003088  -0.001398  -0.523432  0.361717  -0.371534  1.000000  
77.847929 0.018916  -0.003431  0.000473  0.468260  0.657162  0.590653  -0.811178  0.584751  -0.007507  -0.350319  -0.475610  0.806890  -0.021330  -0.003329  -0.001262  -0.542909  0.367948  -0.382867  1.000000  
77.849168 0.018889  -0.003438  0.000471  0.469118  0.657450  0.589650  -0.810736  0.585362  -0.007658  -0.350193  -0.474459  0.807622  -0.021491  -0.003644  -0.001291  -0.566898  0.374424  -0.394539  1.000000  
77.850417 0.018860  -0.003446  0.000470  0.469809  0.657857  0.588645  -0.810390  0.585837  -0.007931  -0.350068  -0.473306  0.808352  -0.021692  -0.004002  -0.001247  -0.589736  0.377544  -0.402626  1.000000  
77.851418 0.018836  -0.003452  0.000469  0.470499  0.658049  0.587879  -0.810043  0.586315  -0.007993  -0.349943  -0.472447  0.808909  -0.021830  -0.004221  -0.001186  -0.604560  0.383694  -0.411932  1.000000  
77.852670 0.018806  -0.003461  0.000467  0.471357  0.658331  0.586875  -0.809599  0.586927  -0.008149  -0.349817  -0.471293  0.809636  -0.022077  -0.004460  -0.001277  -0.624698  0.390016  -0.425423  1.000000  
77.853918 0.018775  -0.003470  0.000465  0.472213  0.658612  0.585871  -0.809154  0.587538  -0.008306  -0.349692  -0.470137  0.810362  -0.022268  -0.004703  -0.001242  -0.644294  0.400054  -0.434687  1.000000  
77.854918 0.018751  -0.003476  0.000463  0.472903  0.658870  0.585024  -0.808805  0.588016  -0.008444  -0.349567  -0.469177  0.810972  -0.022466  -0.004853  -0.001279  -0.660032  0.406419  -0.446293  1.000000  
77.855924 0.018726  -0.003483  0.000462  0.473426  0.659248  0.584175  -0.808553  0.588359  -0.008702  -0.349441  -0.468217  0.811581  -0.022666  -0.005151  -0.001217  -0.677855  0.409273  -0.452166  1.000000  
77.857169 0.018695  -0.003492  0.000461  0.474282  0.659523  0.583169  -0.808106  0.588971  -0.008865  -0.349316  -0.467058  0.812302  -0.022962  -0.005452  -0.001139  -0.693034  0.415147  -0.463516  1.000000  
77.858418 0.018663  -0.003500  0.000461  0.475161  0.659969  0.581948  -0.807698  0.589527  -0.009078  -0.349065  -0.465724  0.813175  -0.023309  -0.005690  -0.001072  -0.716831  0.421220  -0.475256  1.000000  
77.859421 0.018637  -0.003506  0.000461  0.475849  0.660291  0.581020  -0.807346  0.590005  -0.009292  -0.348940  -0.464662  0.813837  -0.023614  -0.005860  -0.000941  -0.736199  0.431073  -0.484400  1.000000  
77.860430 0.018612  -0.003512  0.000461  0.476538  0.660611  0.580091  -0.806994  0.590482  -0.009508  -0.348814  -0.463599  0.814496  -0.023913  -0.006075  -0.000874  -0.756050  0.437292  -0.494359  1.000000  
77.861678 0.018581  -0.003521  0.000462  0.477416  0.661120  0.578787  -0.806584  0.591039  -0.009799  -0.348564  -0.462162  0.815420  -0.024207  -0.006375  -0.000795  -0.788347  0.447316  -0.504069  1.000000  
77.862927 0.018548  -0.003530  0.000462  0.478293  0.661556  0.577563  -0.806172  0.591596  -0.010020  -0.348313  -0.460823  0.816285  -0.024518  -0.006548  -0.000760  -0.811861  0.453060  -0.515658  1.000000  
77.864173 0.018515  -0.003541  0.000461  0.479005  0.662111  0.576336  -0.805858  0.592018  -0.010362  -0.348062  -0.459482  0.817147  -0.024919  -0.006845  -0.000690  -0.838226  0.459646  -0.519683  1.000000  
77.865423 0.018481  -0.003552  0.000459  0.480047  0.662490  0.575032  -0.805346  0.592712  -0.010541  -0.347811  -0.458040  0.818063  -0.025276  -0.007081  -0.000719  -0.862652  0.469679  -0.529678  1.000000  
77.866670 0.018448  -0.003563  0.000458  0.480948  0.663018  0.573669  -0.804971  0.593217  -0.010746  -0.347435  -0.456618  0.819017  -0.025522  -0.007251  -0.000612  -0.886071  0.479102  -0.539052  1.000000  
77.867691 0.018421  -0.003572  0.000457  0.481634  0.663395  0.572656  -0.804615  0.593695  -0.011044  -0.347309  -0.455448  0.819721  -0.025631  -0.007420  -0.000585  -0.907501  0.485310  -0.542556  1.000000  
77.868919 0.018389  -0.003583  0.000458  0.482700  0.663727  0.571374  -0.804138  0.594339  -0.011064  -0.346933  -0.454123  0.820616  -0.025787  -0.007622  -0.000450  -0.929687  0.502545  -0.556015  1.000000  
77.870168 0.018356  -0.003594  0.000458  0.483575  0.664216  0.570064  -0.803721  0.594898  -0.011370  -0.346682  -0.452674  0.821522  -0.025921  -0.007751  -0.000288  -0.949714  0.507968  -0.561064  1.000000  
77.871169 0.018328  -0.003603  0.000458  0.484450  0.664494  0.568995  -0.803302  0.595462  -0.011461  -0.346431  -0.451522  0.822261  -0.026100  -0.007900  -0.000316  -0.963635  0.514381  -0.565085  1.000000  
77.872170 0.018301  -0.003612  0.000458  0.485159  0.664894  0.567923  -0.802982  0.595889  -0.011672  -0.346180  -0.450370  0.822999  -0.026209  -0.008110  -0.000235  -0.983990  0.521843  -0.568238  1.000000  
77.873419 0.018269  -0.003624  0.000458  0.486057  0.665474  0.566474  -0.802601  0.596396  -0.011962  -0.345803  -0.448838  0.823993  -0.026314  -0.008338  -0.000208  -0.999713  0.530906  -0.571231  1.000000  
77.874421 0.018242  -0.003633  0.000458  0.486931  0.665883  0.565241  -0.802179  0.596958  -0.012204  -0.345552  -0.447482  0.824835  -0.026355  -0.008500  -0.000208  -1.022159  0.537451  -0.575618  1.000000  
77.875672 0.018208  -0.003645  0.000459  0.487829  0.666457  0.563789  -0.801796  0.597467  -0.012499  -0.345175  -0.445946  0.825824  -0.026533  -0.008773  -0.000129  -1.039749  0.547246  -0.577521  1.000000  
77.876684 0.018180  -0.003655  0.000460  0.488561  0.667014  0.562495  -0.801512  0.597842  -0.012767  -0.344799  -0.444609  0.826702  -0.026687  -0.008983  -0.000155  -1.064540  0.558627  -0.578573  1.000000  
77.877926 0.018145  -0.003668  0.000461  0.489623  0.667526  0.560962  -0.801026  0.598488  -0.013023  -0.344422  -0.442969  0.827739  -0.026901  -0.009240  -0.000050  -1.083913  0.567429  -0.581794  1.000000  
77.878936 0.018117  -0.003679  0.000463  0.490354  0.668078  0.559665  -0.800741  0.598864  -0.013295  -0.344045  -0.441627  0.828612  -0.026957  -0.009352  0.000168  -1.102987  0.575569  -0.577175  1.000000  
77.880173 0.018082  -0.003692  0.000467  0.491251  0.668638  0.558208  -0.800353  0.599375  -0.013599  -0.343668  -0.440083  0.829590  -0.027062  -0.009469  0.000520  -1.117586  0.585894  -0.579762  1.000000  
77.881417 0.018047  -0.003706  0.000472  0.492171  0.669293  0.556610  -0.800004  0.599835  -0.013883  -0.343165  -0.438457  0.830658  -0.027174  -0.009659  0.000880  -1.138731  0.595096  -0.575182  1.000000  
77.882419 0.018018  -0.003717  0.000476  0.493066  0.669645  0.555394  -0.799614  0.600352  -0.013973  -0.342788  -0.437211  0.831470  -0.027413  -0.009820  0.001277  -1.152583  0.607121  -0.576633  1.000000  
77.883694 0.017982  -0.003730  0.000482  0.494126  0.670071  0.553935  -0.799121  0.601003  -0.014169  -0.342411  -0.435660  0.832439  -0.027521  -0.009917  0.001623  -1.165647  0.616630  -0.578549  1.000000  
77.884919 0.017945  -0.003744  0.000489  0.495209  0.670659  0.552255  -0.798666  0.601602  -0.014420  -0.341908  -0.433926  0.833551  -0.027811  -0.010210  0.002056  -1.188944  0.627123  -0.581591  1.000000  
77.885919 0.017916  -0.003756  0.000493  0.495939  0.671191  0.550951  -0.798374  0.601982  -0.014703  -0.341531  -0.432573  0.834408  -0.027946  -0.010358  0.002337  -1.199049  0.639257  -0.582667  1.000000  
77.887169 0.017878  -0.003772  0.000500  0.497021  0.671704  0.549349  -0.797916  0.602585  -0.014886  -0.341028  -0.430935  0.835461  -0.028248  -0.010630  0.002787  -1.216996  0.653019  -0.583049  1.000000  
77.888172 0.017847  -0.003785  0.000505  0.497915  0.672107  0.548045  -0.797520  0.603105  -0.015060  -0.340651  -0.429579  0.836313  -0.028590  -0.010926  0.003212  -1.227323  0.661413  -0.586925  1.000000  
77.889419 0.017807  -0.003802  0.000512  0.498996  0.672744  0.546277  -0.797059  0.603706  -0.015395  -0.340147  -0.427733  0.837463  -0.029003  -0.011231  0.003606  -1.245238  0.672926  -0.588413  1.000000  
77.890669 0.017766  -0.003820  0.000522  0.500053  0.673214  0.544730  -0.796557  0.604360  -0.015682  -0.339770  -0.426067  0.838465  -0.029469  -0.011603  0.004160  -1.255351  0.678885  -0.593361  1.000000  
77.891921 0.017725  -0.003837  0.000531  0.501133  0.673775  0.543040  -0.796093  0.604964  -0.015950  -0.339267  -0.424317  0.839555  -0.029903  -0.011965  0.004745  -1.269468  0.688680  -0.596243  1.000000  
77.892935 0.017691  -0.003852  0.000539  0.502025  0.674164  0.541732  -0.795692  0.605487  -0.016134  -0.338889  -0.422952  0.840396  -0.030317  -0.012319  0.005250  -1.273321  0.700130  -0.605878  1.000000  
77.894173 0.017648  -0.003871  0.000552  0.503104  0.674652  0.540121  -0.795224  0.606096  -0.016335  -0.338385  -0.421299  0.841429  -0.030797  -0.012653  0.005824  -1.283854  0.710224  -0.608989  1.000000  
77.895176 0.017614  -0.003886  0.000561  0.503995  0.675034  0.538811  -0.794820  0.606620  -0.016524  -0.338008  -0.419930  0.842264  -0.031271  -0.012949  0.006270  -1.292270  0.717270  -0.605994  1.000000  
77.896424 0.017570  -0.003905  0.000575  0.505074  0.675579  0.537116  -0.794350  0.607228  -0.016804  -0.337504  -0.418171  0.843341  -0.031840  -0.013317  0.006917  -1.302518  0.723123  -0.611211  1.000000  
77.897671 0.017526  -0.003924  0.000589  0.506291  0.675964  0.535483  -0.793735  0.608024  -0.017072  -0.337126  -0.416388  0.844374  -0.032378  -0.013695  0.007507  -1.310147  0.733495  -0.620987  1.000000  
77.898671 0.017490  -0.003939  0.000601  0.507041  0.676491  0.534105  -0.793470  0.608364  -0.017283  -0.336622  -0.415033  0.845241  -0.032822  -0.013988  0.007973  -1.325308  0.736077  -0.613510  1.000000  
77.899742 0.017454  -0.003955  0.000615  0.507931  0.676860  0.532791  -0.793061  0.608891  -0.017481  -0.336244  -0.413657  0.846066  -0.033165  -0.014187  0.008512  -1.328205  0.740372  -0.616982  1.000000  
77.900921 0.017407  -0.003976  0.000632  0.509170  0.677199  0.531176  -0.792480  0.609644  -0.017590  -0.335740  -0.411990  0.847079  -0.033956  -0.014665  0.009248  -1.333978  0.751838  -0.627871  1.000000  
77.902169 0.017358  -0.003997  0.000650  0.510270  0.677752  0.529412  -0.792039  0.610211  -0.017790  -0.335110  -0.410237  0.848179  -0.034639  -0.015006  0.010044  -1.346582  0.762577  -0.623410  1.000000  
77.903172 0.017319  -0.004014  0.000666  0.511321  0.677985  0.528098  -0.791521  0.610880  -0.017887  -0.334732  -0.408855  0.848995  -0.035248  -0.015275  0.010776  -1.347545  0.770750  -0.635857  1.000000  
77.904422 0.017269  -0.004036  0.000687  0.512583  0.678403  0.526334  -0.790971  0.611589  -0.017985  -0.334101  -0.407097  0.850088  -0.035904  -0.015669  0.011689  -1.349786  0.780464  -0.639374  1.000000  
77.905671 0.017218  -0.004059  0.000708  0.513657  0.678913  0.524627  -0.790487  0.612206  -0.018290  -0.333597  -0.405316  0.851136  -0.036627  -0.015998  0.012493  -1.354567  0.786688  -0.643146  1.000000  
77.906919 0.017166  -0.004082  0.000729  0.514917  0.679321  0.522860  -0.789933  0.612917  -0.018395  -0.332966  -0.403552  0.852220  -0.037272  -0.016317  0.013237  -1.351012  0.799501  -0.652821  1.000000  
77.907923 0.017124  -0.004101  0.000747  0.515803  0.679729  0.521456  -0.789514  0.613448  -0.018686  -0.332587  -0.402058  0.853074  -0.037831  -0.016569  0.013880  -1.358991  0.798166  -0.654064  1.000000  
77.909185 0.017071  -0.004124  0.000769  0.516900  0.680254  0.519682  -0.789062  0.614022  -0.018905  -0.331956  -0.400289  0.854151  -0.038558  -0.016879  0.014607  -1.358282  0.807147  -0.659407  1.000000  
77.910431 0.017018  -0.004147  0.000792  0.517996  0.680775  0.517906  -0.788609  0.614598  -0.019128  -0.331325  -0.398517  0.855224  -0.039246  -0.017195  0.015281  -1.364844  0.812907  -0.665169  1.000000  
77.911678 0.016964  -0.004170  0.000816  0.519091  0.681290  0.516128  -0.788153  0.615175  -0.019353  -0.330694  -0.396742  0.856293  -0.039874  -0.017488  0.015978  -1.366971  0.822447  -0.668848  1.000000  
77.912927 0.016909  -0.004194  0.000842  0.520186  0.681863  0.514266  -0.787696  0.615751  -0.019657  -0.330063  -0.394860  0.857406  -0.040610  -0.017838  0.016692  -1.379686  0.825097  -0.668750  1.000000  
77.914174 0.016853  -0.004218  0.000867  0.521281  0.682368  0.512484  -0.787237  0.616330  -0.019889  -0.329431  -0.393079  0.858466  -0.041346  -0.018103  0.017365  -1.384602  0.827961  -0.668836  1.000000  
77.915418 0.016796  -0.004243  0.000895  0.522375  0.682869  0.510701  -0.786776  0.616911  -0.020124  -0.328799  -0.391295  0.859523  -0.041957  -0.018354  0.017979  -1.387629  0.830814  -0.667017  1.000000  
77.916419 0.016749  -0.004262  0.000917  0.523306  0.683244  0.509243  -0.786420  0.617362  -0.020168  -0.328167  -0.389925  0.860386  -0.042605  -0.018579  0.018604  -1.385803  0.840583  -0.670499  1.000000  
77.917419 0.016702  -0.004282  0.000940  0.524212  0.683649  0.507765  -0.786027  0.617856  -0.020385  -0.327662  -0.388431  0.861254  -0.043118  -0.018730  0.019080  -1.392198  0.847699  -0.670158  1.000000  
77.918669 0.016641  -0.004307  0.000972  0.525353  0.684255  0.505766  -0.785634  0.618351  -0.020512  -0.326777  -0.386571  0.862427  -0.043926  -0.018986  0.019894  -1.395086  0.858227  -0.664611  1.000000  
77.919925 0.016580  -0.004332  0.001002  0.526469  0.684887  0.503745  -0.785202  0.618890  -0.020814  -0.326018  -0.384584  0.863602  -0.044606  -0.019113  0.020547  -1.405348  0.864878  -0.664555  1.000000  
77.921169 0.016518  -0.004357  0.001035  0.527746  0.685265  0.501893  -0.784660  0.619576  -0.020865  -0.325259  -0.382803  0.864678  -0.045250  -0.019242  0.021261  -1.406229  0.874367  -0.667020  1.000000  
77.922169 0.016468  -0.004376  0.001061  0.528699  0.685710  0.500279  -0.784332  0.619989  -0.020901  -0.324500  -0.381334  0.865612  -0.045862  -0.019317  0.021888  -1.410871  0.887001  -0.656947  1.000000  
77.923419 0.016405  -0.004402  0.001095  0.529999  0.686166  0.498274  -0.783821  0.620634  -0.020939  -0.323614  -0.379460  0.866766  -0.046624  -0.019496  0.022644  -1.413929  0.903305  -0.663808  1.000000  
77.924422 0.016354  -0.004422  0.001123  0.530951  0.686602  0.496657  -0.783490  0.621051  -0.020980  -0.322854  -0.377986  0.867693  -0.047224  -0.019555  0.023340  -1.422098  0.914064  -0.659623  1.000000  
77.925673 0.016289  -0.004446  0.001159  0.532088  0.687115  0.494727  -0.783083  0.621561  -0.021051  -0.321967  -0.376211  0.868794  -0.047863  -0.019618  0.024158  -1.425077  0.922127  -0.650326  1.000000  
77.926676 0.016237  -0.004466  0.001189  0.533064  0.687572  0.493040  -0.782784  0.621939  -0.021001  -0.321080  -0.374749  0.869753  -0.048502  -0.019734  0.024833  -1.423447  0.937935  -0.646205  1.000000  
77.927678 0.016183  -0.004487  0.001218  0.534175  0.687868  0.491421  -0.782337  0.622503  -0.020948  -0.320320  -0.373267  0.870670  -0.049183  -0.019863  0.025545  -1.425419  0.951593  -0.648148  1.000000  
77.928943 0.016117  -0.004513  0.001256  0.535335  0.688454  0.489334  -0.781959  0.622975  -0.021007  -0.319306  -0.371394  0.871843  -0.049837  -0.019972  0.026339  -1.433703  0.966203  -0.642699  1.000000  
77.930177 0.016048  -0.004541  0.001296  0.536654  0.689023  0.487082  -0.781468  0.623587  -0.021121  -0.318291  -0.369305  0.873101  -0.050720  -0.020186  0.027209  -1.449404  0.984501  -0.644075  1.000000  
77.931429 0.015978  -0.004567  0.001336  0.537836  0.689624  0.484924  -0.781120  0.624025  -0.021092  -0.317150  -0.367440  0.874302  -0.051454  -0.020302  0.027927  -1.456475  0.996751  -0.633124  1.000000  
77.932439 0.015921  -0.004589  0.001368  0.538969  0.690046  0.483062  -0.780699  0.624550  -0.021107  -0.316261  -0.365750  0.875332  -0.052014  -0.020427  0.028525  -1.466802  1.010393  -0.635499  1.000000  
77.933669 0.015850  -0.004616  0.001409  0.540173  0.690721  0.480747  -0.780380  0.624951  -0.021063  -0.314992  -0.363788  0.876606  -0.052778  -0.020605  0.029178  -1.480519  1.029865  -0.620153  1.000000  
77.934669 0.015792  -0.004638  0.001445  0.541305  0.691074  0.478964  -0.779954  0.625484  -0.021008  -0.314103  -0.362198  0.877583  -0.053465  -0.020787  0.030005  -1.487045  1.047773  -0.620914  1.000000  
77.935925 0.015719  -0.004665  0.001489  0.542668  0.691549  0.476730  -0.779518  0.626035  -0.020797  -0.312832  -0.360334  0.878804  -0.054188  -0.020914  0.030775  -1.490281  1.068729  -0.615688  1.000000  
77.937171 0.015644  -0.004693  0.001536  0.544030  0.692017  0.474493  -0.779077  0.626590  -0.020590  -0.311561  -0.358465  0.880019  -0.054969  -0.021126  0.031710  -1.493258  1.094958  -0.613603  1.000000  
77.938419 0.015569  -0.004722  0.001584  0.545367  0.692452  0.472319  -0.778599  0.627187  -0.020483  -0.310416  -0.356576  0.881190  -0.055776  -0.021389  0.032677  -1.494544  1.110415  -0.609362  1.000000  
77.939672 0.015493  -0.004750  0.001634  0.546543  0.693066  0.470054  -0.778230  0.627643  -0.020554  -0.309271  -0.354577  0.882398  -0.056599  -0.021589  0.033623  -1.502804  1.125667  -0.609867  1.000000  
77.940922 0.015416  -0.004779  0.001684  0.547717  0.693673  0.467786  -0.777859  0.628101  -0.020628  -0.308126  -0.352573  0.883601  -0.057343  -0.021837  0.034513  -1.511715  1.140681  -0.605638  1.000000  
77.942168 0.015337  -0.004810  0.001736  0.549099  0.694141  0.465466  -0.777438  0.628631  -0.020341  -0.306726  -0.350702  0.884832  -0.058361  -0.022236  0.035617  -1.510699  1.166663  -0.604072  1.000000  
77.943193 0.015273  -0.004834  0.001778  0.549928  0.694685  0.463673  -0.777253  0.628860  -0.020328  -0.305707  -0.349212  0.885773  -0.058958  -0.022411  0.036396  -1.515358  1.181774  -0.593980  1.000000  
77.944424 0.015192  -0.004865  0.001831  0.551124  0.695299  0.461326  -0.776906  0.629289  -0.020315  -0.304432  -0.347211  0.886998  -0.059799  -0.022731  0.037280  -1.525140  1.201722  -0.588489  1.000000  
77.945427 0.015127  -0.004891  0.001874  0.552272  0.695629  0.459451  -0.776490  0.629806  -0.020194  -0.303413  -0.345607  0.887973  -0.060543  -0.023048  0.038146  -1.527864  1.219867  -0.590073  1.000000  
77.946677 0.015044  -0.004924  0.001929  0.553489  0.696257  0.457029  -0.776170  0.630204  -0.020091  -0.302010  -0.343612  0.889225  -0.061303  -0.023396  0.039098  -1.541006  1.238189  -0.579118  1.000000  
77.947691 0.014977  -0.004950  0.001974  0.554499  0.696788  0.454991  -0.775895  0.630543  -0.020049  -0.300862  -0.341908  0.890270  -0.061998  -0.023673  0.039885  -1.546575  1.255233  -0.580450  1.000000  
77.948922 0.014893  -0.004983  0.002032  0.555531  0.697505  0.452627  -0.775650  0.630841  -0.020143  -0.299585  -0.339890  0.891472  -0.062957  -0.024126  0.041047  -1.555823  1.265391  -0.564633  1.000000  
77.950169 0.014807  -0.005017  0.002092  0.556746  0.698166  0.450109  -0.775321  0.631247  -0.020126  -0.298181  -0.337774  0.892747  -0.063743  -0.024491  0.041988  -1.567562  1.286971  -0.560381  1.000000  
77.951419 0.014720  -0.005051  0.002152  0.557959  0.698819  0.447587  -0.774988  0.631656  -0.020112  -0.296776  -0.335653  0.894014  -0.064584  -0.024937  0.042976  -1.574651  1.300554  -0.556257  1.000000  
77.952419 0.014650  -0.005078  0.002201  0.558942  0.699245  0.445691  -0.774670  0.632046  -0.020102  -0.295753  -0.334028  0.894961  -0.065421  -0.025358  0.043812  -1.581942  1.305589  -0.549551  1.000000  
77.953669 0.014561  -0.005114  0.002263  0.560176  0.699855  0.443177  -0.774363  0.632428  -0.019921  -0.294219  -0.332020  0.896213  -0.066347  -0.025854  0.044701  -1.587853  1.324989  -0.542395  1.000000  
77.954919 0.014470  -0.005151  0.002327  0.561385  0.700432  0.440729  -0.774020  0.632850  -0.019841  -0.292812  -0.329994  0.897421  -0.067201  -0.026330  0.045528  -1.598628  1.338326  -0.535181  1.000000  
77.955920 0.014397  -0.005180  0.002377  0.562229  0.700997  0.438750  -0.773842  0.633068  -0.019832  -0.291661  -0.328373  0.898390  -0.067981  -0.026760  0.046221  -1.604517  1.345563  -0.532699  1.000000  
77.957169 0.014304  -0.005218  0.002443  0.563437  0.701559  0.436295  -0.773493  0.633496  -0.019758  -0.290253  -0.326339  0.899587  -0.068996  -0.027278  0.047238  -1.617820  1.356080  -0.525779  1.000000  
77.958418 0.014210  -0.005258  0.002509  0.564621  0.702141  0.433822  -0.773110  0.633961  -0.019862  -0.288972  -0.324177  0.900780  -0.069903  -0.027841  0.048056  -1.627425  1.359381  -0.519497  1.000000  
