1-Time 2-Px 3-Py 4-Pz 5-R11 6-R21 7-R31 8-R12 9-R22 10-R32 11-R13 12-R23 13-R33 14-Vx 15-Vy 16-Vz 17-Wx 18-Wy 19-Wz 20-state
24.310752 0.007940  -0.006117  0.012211  0.778050  0.296406  0.553879  -0.546655  0.753877  0.364469  -0.309526  -0.586356  0.748586  0.000056  0.000481  0.000184  0.112307  0.089117  -0.114001  1.000000  
24.311923 0.007940  -0.006118  0.012209  0.778050  0.296406  0.553879  -0.546655  0.753877  0.364469  -0.309526  -0.586356  0.748586  -0.000162  -0.000821  -0.001912  0.000000  0.000000  0.000000  1.000000  
24.312935 0.007938  -0.006117  0.012202  0.778050  0.296339  0.553915  -0.546655  0.753833  0.364560  -0.309526  -0.586446  0.748515  -0.000936  0.000063  -0.004626  0.000000  0.000000  0.000000  1.000000  
24.314183 0.007936  -0.006116  0.012190  0.778163  0.296116  0.553876  -0.546495  0.753850  0.364766  -0.309526  -0.586537  0.748444  -0.001234  0.000490  -0.006533  0.000000  0.000000  0.000000  1.000000  
24.315413 0.007935  -0.006114  0.012182  0.778275  0.295961  0.553801  -0.546335  0.753911  0.364880  -0.309526  -0.586537  0.748444  -0.000988  0.000711  -0.006544  0.000000  0.000000  0.000000  1.000000  
24.316518 0.007934  -0.006114  0.012178  0.778275  0.295894  0.553836  -0.546335  0.753866  0.364971  -0.309526  -0.586628  0.748372  -0.000971  0.000590  -0.005868  0.000000  0.000000  0.000000  1.000000  
24.317673 0.007932  -0.006113  0.012173  0.778275  0.295894  0.553836  -0.546335  0.753866  0.364971  -0.309526  -0.586628  0.748372  -0.001140  0.000710  -0.005731  0.000000  0.000000  0.000000  1.000000  
24.318673 0.007929  -0.006111  0.012168  0.778275  0.295827  0.553872  -0.546335  0.753822  0.365062  -0.309526  -0.586719  0.748301  -0.001449  0.000853  -0.005608  0.000000  0.000000  0.000000  1.000000  
24.319919 0.007924  -0.006107  0.012160  0.778387  0.295604  0.553833  -0.546175  0.753839  0.365268  -0.309526  -0.586809  0.748230  -0.001749  0.001168  -0.005674  0.000000  0.000000  0.000000  1.000000  
24.321166 0.007922  -0.006104  0.012153  0.778387  0.295604  0.553833  -0.546175  0.753839  0.365268  -0.309526  -0.586809  0.748230  -0.001740  0.001353  -0.005712  0.000000  0.000000  0.000000  1.000000  
24.322418 0.007921  -0.006099  0.012145  0.778534  0.295446  0.553712  -0.546038  0.753810  0.365531  -0.309399  -0.586926  0.748192  -0.001645  0.001579  -0.005741  0.000000  0.000000  0.000000  1.000000  
24.323666 0.007919  -0.006097  0.012136  0.778534  0.295446  0.553712  -0.546038  0.753810  0.365531  -0.309399  -0.586926  0.748192  -0.001661  0.001624  -0.005911  0.000000  0.000000  0.000000  1.000000  
24.324910 0.007916  -0.006094  0.012124  0.778568  0.295511  0.553630  -0.546062  0.753765  0.365588  -0.309271  -0.586951  0.748224  -0.001714  0.001707  -0.006221  0.000000  0.000000  0.000000  1.000000  
24.325915 0.007913  -0.006091  0.012112  0.778680  0.295288  0.553590  -0.545902  0.753781  0.365794  -0.309271  -0.587042  0.748153  -0.001769  0.001787  -0.006632  0.000000  0.000000  0.000000  1.000000  
24.326916 0.007911  -0.006087  0.012098  0.778680  0.295288  0.553590  -0.545902  0.753781  0.365794  -0.309271  -0.587042  0.748153  -0.001915  0.002089  -0.007454  0.000000  0.000000  0.000000  1.000000  
24.327931 0.007910  -0.006084  0.012084  0.778680  0.295288  0.553590  -0.545902  0.753781  0.365794  -0.309271  -0.587042  0.748153  -0.001867  0.002246  -0.007890  0.000000  0.000000  0.000000  1.000000  
24.329165 0.007908  -0.006079  0.012072  0.778680  0.295288  0.553590  -0.545902  0.753781  0.365794  -0.309271  -0.587042  0.748153  -0.001828  0.002473  -0.007907  0.000000  0.000000  0.000000  1.000000  
24.330175 0.007907  -0.006076  0.012065  0.778792  0.295133  0.553515  -0.545741  0.753842  0.365908  -0.309271  -0.587042  0.748153  -0.001940  0.002598  -0.007929  0.000000  0.000000  0.000000  1.000000  
24.331414 0.007903  -0.006071  0.012055  0.778792  0.295133  0.553515  -0.545741  0.753842  0.365908  -0.309271  -0.587042  0.748153  -0.002081  0.002884  -0.008286  0.000000  0.000000  0.000000  1.000000  
24.332674 0.007901  -0.006066  0.012043  0.778792  0.295133  0.553515  -0.545741  0.753842  0.365908  -0.309271  -0.587042  0.748153  -0.002102  0.003127  -0.008761  0.000000  0.000000  0.000000  1.000000  
24.333911 0.007900  -0.006061  0.012028  0.778792  0.295133  0.553515  -0.545741  0.753842  0.365908  -0.309271  -0.587042  0.748153  -0.001847  0.003250  -0.009231  0.000000  0.000000  0.000000  1.000000  
24.334912 0.007901  -0.006057  0.012014  0.778759  0.295002  0.553633  -0.545717  0.753843  0.365942  -0.309399  -0.587107  0.748049  -0.001537  0.003332  -0.009785  0.000000  0.000000  0.000000  1.000000  
24.335917 0.007902  -0.006053  0.011999  0.778759  0.295002  0.553633  -0.545717  0.753843  0.365942  -0.309399  -0.587107  0.748049  -0.001320  0.003380  -0.010385  0.000000  0.000000  0.000000  1.000000  
24.337161 0.007903  -0.006050  0.011981  0.778759  0.295002  0.553633  -0.545717  0.753843  0.365942  -0.309399  -0.587107  0.748049  -0.001200  0.003398  -0.011045  0.000000  0.000000  0.000000  1.000000  
24.338413 0.007903  -0.006047  0.011963  0.778759  0.295002  0.553633  -0.545717  0.753843  0.365942  -0.309399  -0.587107  0.748049  -0.001080  0.003382  -0.011713  0.000000  0.000000  0.000000  1.000000  
24.339660 0.007903  -0.006043  0.011946  0.778759  0.294934  0.553669  -0.545717  0.753798  0.366033  -0.309399  -0.587198  0.747978  -0.000841  0.003407  -0.012115  0.000000  0.000000  0.000000  1.000000  
24.340910 0.007904  -0.006039  0.011929  0.778759  0.294934  0.553669  -0.545717  0.753798  0.366033  -0.309399  -0.587198  0.747978  -0.000630  0.003415  -0.012218  0.000000  0.000000  0.000000  1.000000  
24.341911 0.007904  -0.006037  0.011917  0.778759  0.294934  0.553669  -0.545717  0.753798  0.366033  -0.309399  -0.587198  0.747978  -0.000451  0.003356  -0.012007  0.000000  0.000000  0.000000  1.000000  
24.342913 0.007905  -0.006033  0.011909  0.778759  0.294934  0.553669  -0.545717  0.753798  0.366033  -0.309399  -0.587198  0.747978  -0.000309  0.003402  -0.011684  0.000000  0.000000  0.000000  1.000000  
24.343917 0.007904  -0.006029  0.011901  0.778646  0.295090  0.553744  -0.545878  0.753738  0.365919  -0.309399  -0.587198  0.747978  -0.000286  0.003352  -0.011576  0.000000  0.000000  0.000000  1.000000  
24.345164 0.007903  -0.006026  0.011889  0.778612  0.295025  0.553826  -0.545854  0.753783  0.365862  -0.309526  -0.587172  0.747945  -0.000245  0.003333  -0.011723  0.000000  0.000000  0.000000  1.000000  
24.346180 0.007903  -0.006023  0.011877  0.778612  0.295025  0.553826  -0.545854  0.753783  0.365862  -0.309526  -0.587172  0.747945  -0.000031  0.003291  -0.012043  0.000000  0.000000  0.000000  1.000000  
24.347419 0.007904  -0.006018  0.011858  0.778612  0.295092  0.553790  -0.545854  0.753827  0.365770  -0.309526  -0.587082  0.748017  0.000197  0.003267  -0.012593  0.000000  0.000000  0.000000  1.000000  
24.348437 0.007905  -0.006013  0.011841  0.778500  0.295248  0.553865  -0.546014  0.753766  0.365656  -0.309526  -0.587082  0.748017  0.000328  0.003261  -0.012873  0.000000  0.000000  0.000000  1.000000  
24.349442 0.007907  -0.006010  0.011825  0.778500  0.295248  0.553865  -0.546014  0.753766  0.365656  -0.309526  -0.587082  0.748017  0.000433  0.003286  -0.012969  0.000000  0.000000  0.000000  1.000000  
24.350669 0.007907  -0.006005  0.011806  0.778354  0.295406  0.553987  -0.546151  0.753795  0.365393  -0.309653  -0.586965  0.748055  0.000335  0.003261  -0.013047  0.000000  0.000000  0.000000  1.000000  
24.351917 0.007907  -0.006003  0.011789  0.778241  0.295561  0.554062  -0.546311  0.753734  0.365279  -0.309653  -0.586965  0.748055  0.000295  0.003166  -0.012988  0.000000  0.000000  0.000000  1.000000  
24.353160 0.007907  -0.006000  0.011772  0.778129  0.295716  0.554137  -0.546471  0.753673  0.365165  -0.309653  -0.586965  0.748055  0.000275  0.003188  -0.012945  0.000000  0.000000  0.000000  1.000000  
24.354410 0.007907  -0.005997  0.011756  0.778129  0.295716  0.554137  -0.546471  0.753673  0.365165  -0.309653  -0.586965  0.748055  0.000235  0.003160  -0.012866  0.000000  0.000000  0.000000  1.000000  
24.355412 0.007907  -0.005994  0.011742  0.777982  0.295807  0.554294  -0.546608  0.753658  0.364994  -0.309780  -0.586940  0.748023  0.000283  0.003176  -0.012838  0.000000  0.000000  0.000000  1.000000  
24.356660 0.007907  -0.005990  0.011725  0.777870  0.295962  0.554369  -0.546768  0.753597  0.364879  -0.309780  -0.586940  0.748023  0.000153  0.003129  -0.012985  0.000000  0.000000  0.000000  1.000000  
24.357667 0.007907  -0.005987  0.011710  0.777757  0.296184  0.554408  -0.546928  0.753580  0.364674  -0.309780  -0.586849  0.748094  0.000133  0.003073  -0.013455  0.000000  0.000000  0.000000  1.000000  
24.358693 0.007907  -0.005986  0.011694  0.777644  0.296340  0.554484  -0.547088  0.753519  0.364560  -0.309780  -0.586849  0.748094  0.000195  0.002945  -0.014019  0.000000  0.000000  0.000000  1.000000  
24.359917 0.007907  -0.005982  0.011672  0.777532  0.296562  0.554523  -0.547248  0.753502  0.364354  -0.309780  -0.586758  0.748165  0.000268  0.002952  -0.014735  0.000000  0.000000  0.000000  1.000000  
24.361167 0.007907  -0.005977  0.011648  0.777385  0.296720  0.554643  -0.547384  0.753531  0.364091  -0.309908  -0.586642  0.748203  0.000280  0.003035  -0.015272  0.000000  0.000000  0.000000  1.000000  
24.362422 0.007908  -0.005972  0.011625  0.777160  0.297098  0.554757  -0.547704  0.753452  0.363771  -0.309908  -0.586551  0.748275  0.000264  0.003103  -0.015463  0.000000  0.000000  0.000000  1.000000  
24.363666 0.007908  -0.005967  0.011605  0.777047  0.297320  0.554796  -0.547864  0.753435  0.363566  -0.309908  -0.586460  0.748346  0.000175  0.003060  -0.015413  0.000000  0.000000  0.000000  1.000000  
24.364912 0.007907  -0.005962  0.011587  0.776934  0.297543  0.554835  -0.548024  0.753418  0.363360  -0.309908  -0.586370  0.748417  -0.000028  0.003025  -0.015348  0.000000  0.000000  0.000000  1.000000  
24.365914 0.007906  -0.005959  0.011573  0.776787  0.297768  0.554919  -0.548160  0.753490  0.363005  -0.310035  -0.586163  0.748526  -0.000115  0.003026  -0.015291  0.000000  0.000000  0.000000  1.000000  
24.366918 0.007904  -0.005955  0.011558  0.776675  0.297991  0.554958  -0.548320  0.753473  0.362800  -0.310035  -0.586072  0.748598  -0.000221  0.003138  -0.015398  0.000000  0.000000  0.000000  1.000000  
24.368160 0.007904  -0.005950  0.011538  0.776562  0.298280  0.554960  -0.548480  0.753500  0.362503  -0.310035  -0.585890  0.748740  -0.000182  0.003375  -0.015679  0.000000  0.000000  0.000000  1.000000  
24.369411 0.007904  -0.005944  0.011515  0.776336  0.298658  0.555073  -0.548800  0.753421  0.362183  -0.310035  -0.585799  0.748811  -0.000184  0.003520  -0.016149  0.000000  0.000000  0.000000  1.000000  
24.370413 0.007905  -0.005940  0.011494  0.776189  0.298884  0.555157  -0.548936  0.753492  0.361828  -0.310162  -0.585592  0.748920  -0.000158  0.003566  -0.016586  0.000000  0.000000  0.000000  1.000000  
24.371661 0.007905  -0.005936  0.011468  0.776076  0.299174  0.555159  -0.549095  0.753518  0.361531  -0.310162  -0.585410  0.749062  -0.000142  0.003628  -0.017135  -0.120551  -0.110503  0.097316  1.000000  
24.372911 0.007904  -0.005932  0.011442  0.775963  0.299396  0.555197  -0.549255  0.753501  0.361325  -0.310162  -0.585320  0.749133  -0.000191  0.003700  -0.017594  -0.125727  -0.113610  0.101658  1.000000  
24.374160 0.007904  -0.005926  0.011417  0.775929  0.299467  0.555206  -0.549231  0.753633  0.361084  -0.310289  -0.585112  0.749242  -0.000202  0.003850  -0.017907  -0.131755  -0.113134  0.093822  1.000000  
24.375415 0.007903  -0.005921  0.011393  0.775929  0.299601  0.555134  -0.549231  0.753721  0.360901  -0.310289  -0.584930  0.749384  -0.000259  0.003979  -0.017992  -0.140976  -0.110485  0.097358  1.000000  
24.376661 0.007903  -0.005915  0.011370  0.775816  0.299891  0.555135  -0.549391  0.753747  0.360604  -0.310289  -0.584749  0.749526  -0.000280  0.003999  -0.017943  -0.150022  -0.113579  0.101703  1.000000  
24.377680 0.007902  -0.005911  0.011353  0.775816  0.300026  0.555062  -0.549391  0.753834  0.360421  -0.310289  -0.584567  0.749668  -0.000478  0.003920  -0.017836  -0.153124  -0.110394  0.097337  1.000000  
24.378921 0.007900  -0.005907  0.011332  0.775782  0.300164  0.555035  -0.549367  0.754011  0.360089  -0.310416  -0.584268  0.749848  -0.000538  0.003921  -0.017978  -0.165460  -0.113984  0.094642  1.000000  
24.380164 0.007897  -0.005902  0.011310  0.775748  0.300302  0.555008  -0.549343  0.754187  0.359757  -0.310544  -0.583970  0.750028  -0.000685  0.003946  -0.018295  -0.171486  -0.109904  0.089480  1.000000  
24.381168 0.007895  -0.005898  0.011291  0.775861  0.300349  0.554824  -0.549183  0.754379  0.359596  -0.310544  -0.583697  0.750240  -0.000649  0.004047  -0.018605  -0.181498  -0.105792  0.084279  1.000000  
24.382430 0.007895  -0.005891  0.011265  0.775827  0.300554  0.554760  -0.549159  0.754599  0.359172  -0.310671  -0.583307  0.750491  -0.000604  0.004139  -0.019054  -0.195587  -0.105223  0.076321  1.000000  
24.383661 0.007896  -0.005884  0.011239  0.775827  0.300824  0.554615  -0.549159  0.754773  0.358806  -0.310671  -0.582943  0.750773  -0.000559  0.004235  -0.019288  -0.209875  -0.101224  0.071209  1.000000  
24.384911 0.007895  -0.005878  0.011214  0.775940  0.300937  0.554395  -0.548999  0.755009  0.358554  -0.310671  -0.582579  0.751056  -0.000637  0.004318  -0.019345  -0.221892  -0.089564  0.063623  1.000000  
24.386160 0.007892  -0.005872  0.011191  0.775940  0.301273  0.554212  -0.548999  0.755226  0.358096  -0.310671  -0.582123  0.751409  -0.000807  0.004439  -0.019191  -0.238143  -0.084792  0.057978  1.000000  
24.387161 0.007891  -0.005867  0.011173  0.776019  0.301323  0.554074  -0.548816  0.755507  0.357786  -0.310798  -0.581733  0.751659  -0.000934  0.004557  -0.018982  -0.248111  -0.080954  0.045351  1.000000  
24.388410 0.007890  -0.005859  0.011154  0.776019  0.301592  0.553928  -0.548816  0.755681  0.357419  -0.310798  -0.581368  0.751941  -0.000916  0.004743  -0.018573  -0.260083  -0.076258  0.039844  1.000000  
24.389413 0.007889  -0.005853  0.011138  0.776098  0.301642  0.553790  -0.548632  0.755961  0.357108  -0.310925  -0.580978  0.752190  -0.000919  0.004865  -0.018241  -0.270158  -0.072339  0.027049  1.000000  
24.390660 0.007887  -0.005847  0.011117  0.776098  0.301977  0.553607  -0.548632  0.756177  0.356650  -0.310925  -0.580522  0.752542  -0.001056  0.004882  -0.018078  -0.286194  -0.067771  0.021712  1.000000  
24.391916 0.007883  -0.005841  0.011095  0.776177  0.302161  0.553396  -0.548448  0.756544  0.356155  -0.311052  -0.579949  0.752932  -0.001258  0.004954  -0.018121  -0.300431  -0.060213  0.011524  1.000000  
24.393163 0.007880  -0.005835  0.011071  0.776177  0.302497  0.553213  -0.548448  0.756760  0.355696  -0.311052  -0.579492  0.753283  -0.001400  0.004982  -0.018296  -0.312005  -0.055712  0.006298  1.000000  
24.394175 0.007878  -0.005831  0.011051  0.776143  0.302769  0.553112  -0.548424  0.757020  0.355179  -0.311179  -0.579010  0.753602  -0.001348  0.005049  -0.018511  -0.328628  -0.055671  -0.001583  1.000000  
24.395415 0.007876  -0.005825  0.011027  0.776256  0.303015  0.552818  -0.548264  0.757341  0.354742  -0.311179  -0.578461  0.754023  -0.001387  0.005039  -0.018579  -0.342646  -0.040044  -0.014399  1.000000  
24.396417 0.007874  -0.005820  0.011006  0.776222  0.303287  0.552717  -0.548240  0.757600  0.354224  -0.311307  -0.577978  0.754340  -0.001418  0.005146  -0.018731  -0.352837  -0.039590  -0.022342  1.000000  
24.397668 0.007871  -0.005813  0.010983  0.776222  0.303757  0.552459  -0.548240  0.757901  0.353581  -0.311307  -0.577337  0.754831  -0.001598  0.005150  -0.018611  -0.375087  -0.035569  -0.027521  1.000000  
24.398673 0.007869  -0.005807  0.010965  0.776222  0.304159  0.552238  -0.548240  0.758158  0.353029  -0.311307  -0.576788  0.755251  -0.001831  0.005146  -0.018162  -0.389084  -0.031547  -0.032694  1.000000  
24.399918 0.007865  -0.005800  0.010946  0.776188  0.304564  0.552062  -0.548216  0.758502  0.352327  -0.311434  -0.576121  0.755707  -0.001984  0.005167  -0.017813  -0.411473  -0.027550  -0.037890  1.000000  
24.401160 0.007862  -0.005793  0.010928  0.776301  0.304944  0.551694  -0.548056  0.758906  0.351704  -0.311434  -0.575388  0.756266  -0.002046  0.005249  -0.017511  -0.428151  -0.019384  -0.047898  1.000000  
24.402160 0.007860  -0.005787  0.010913  0.776267  0.305349  0.551517  -0.548032  0.759249  0.351001  -0.311561  -0.574720  0.756721  -0.002055  0.005322  -0.017336  -0.450005  -0.019124  -0.056248  1.000000  
24.403161 0.007858  -0.005780  0.010898  0.776267  0.305817  0.551258  -0.548032  0.759546  0.350357  -0.311561  -0.574077  0.757209  -0.002206  0.005327  -0.017397  -0.472281  -0.015138  -0.061447  1.000000  
24.404411 0.007854  -0.005773  0.010877  0.776120  0.306513  0.551079  -0.548168  0.759910  0.349355  -0.311688  -0.573225  0.757802  -0.002342  0.005360  -0.017450  -0.502965  -0.019188  -0.056220  1.000000  
24.405661 0.007851  -0.005765  0.010854  0.776120  0.307114  0.550744  -0.548168  0.760291  0.348525  -0.311688  -0.572398  0.758427  -0.002400  0.005488  -0.017530  -0.527109  -0.019066  -0.055742  1.000000  
24.406910 0.007846  -0.005758  0.010832  0.776086  0.307720  0.550454  -0.548144  0.760757  0.347544  -0.311815  -0.571452  0.759087  -0.002468  0.005494  -0.017513  -0.557326  -0.018681  -0.063619  1.000000  
24.407917 0.007843  -0.005753  0.010815  0.776086  0.308187  0.550192  -0.548144  0.761052  0.346898  -0.311815  -0.570807  0.759572  -0.002555  0.005556  -0.017308  -0.577624  -0.018718  -0.063618  1.000000  
24.409161 0.007839  -0.005746  0.010795  0.776052  0.308792  0.549901  -0.548120  0.761516  0.345916  -0.311942  -0.569861  0.760231  -0.002638  0.005667  -0.017078  -0.605931  -0.018769  -0.063602  1.000000  
24.410174 0.007836  -0.005740  0.010780  0.776052  0.309259  0.549639  -0.548120  0.761809  0.345270  -0.311942  -0.569215  0.760714  -0.002712  0.005779  -0.016721  -0.627066  -0.015384  -0.061369  1.000000  
24.411180 0.007831  -0.005736  0.010765  0.776018  0.309730  0.549421  -0.548096  0.762188  0.344471  -0.312069  -0.568452  0.761233  -0.002932  0.005668  -0.016384  -0.653416  -0.022975  -0.058833  1.000000  
24.412417 0.007826  -0.005730  0.010746  0.775984  0.310334  0.549129  -0.548072  0.762649  0.343488  -0.312197  -0.567503  0.761888  -0.003088  0.005626  -0.016065  -0.672903  -0.022857  -0.058382  1.000000  
24.413663 0.007820  -0.005725  0.010728  0.775984  0.311066  0.548714  -0.548072  0.763107  0.342470  -0.312197  -0.566486  0.762645  -0.003249  0.005492  -0.015863  -0.702658  -0.023094  -0.058819  1.000000  
24.414685 0.007817  -0.005720  0.010712  0.775950  0.311603  0.548458  -0.548048  0.763524  0.341578  -0.312324  -0.565628  0.763229  -0.003298  0.005437  -0.015887  -0.728730  -0.030671  -0.056238  1.000000  
24.415932 0.007812  -0.005715  0.010691  0.775915  0.312273  0.548125  -0.548024  0.764022  0.340500  -0.312451  -0.564584  0.763950  -0.003360  0.005301  -0.016058  -0.753249  -0.034312  -0.058925  1.000000  
24.417161 0.007807  -0.005710  0.010668  0.775915  0.313071  0.547670  -0.548024  0.764517  0.339387  -0.312451  -0.563472  0.764771  -0.003553  0.005108  -0.016387  -0.784480  -0.034771  -0.050974  1.000000  
24.418410 0.007800  -0.005705  0.010644  0.775881  0.313872  0.547259  -0.547999  0.765095  0.338122  -0.312578  -0.562240  0.765625  -0.003810  0.004844  -0.016692  -0.821137  -0.038414  -0.053642  1.000000  
24.419411 0.007795  -0.005702  0.010625  0.775847  0.314541  0.546924  -0.547975  0.765589  0.337042  -0.312705  -0.561194  0.766340  -0.003940  0.004708  -0.016772  -0.848916  -0.042066  -0.047959  1.000000  
24.420411 0.007790  -0.005699  0.010609  0.775813  0.315143  0.546625  -0.547951  0.766040  0.336054  -0.312832  -0.560239  0.766987  -0.004143  0.004451  -0.016606  -0.876355  -0.046057  -0.051019  1.000000  
24.421661 0.007782  -0.005696  0.010591  0.775779  0.316010  0.546173  -0.547927  0.766653  0.334693  -0.312959  -0.558911  0.767903  -0.004345  0.004255  -0.016344  -0.911307  -0.050070  -0.045709  1.000000  
24.422911 0.007775  -0.005692  0.010575  0.775745  0.316876  0.545720  -0.547903  0.767263  0.333331  -0.313086  -0.557582  0.768817  -0.004541  0.004068  -0.016030  -0.944160  -0.053276  -0.047944  1.000000  
24.423917 0.007767  -0.005690  0.010562  0.775823  0.317451  0.545274  -0.547719  0.767856  0.332267  -0.313213  -0.556437  0.769594  -0.004864  0.003783  -0.015840  -0.970193  -0.052997  -0.055776  1.000000  
24.425162 0.007757  -0.005687  0.010544  0.775789  0.318316  0.544818  -0.547695  0.768462  0.330903  -0.313340  -0.555105  0.770504  -0.005228  0.003526  -0.015701  -1.004796  -0.056962  -0.050485  1.000000  
24.426413 0.007748  -0.005685  0.010527  0.775867  0.319087  0.544255  -0.547511  0.769171  0.329557  -0.313467  -0.553678  0.771478  -0.005482  0.003263  -0.015585  -1.038991  -0.053140  -0.055647  1.000000  
24.427422 0.007740  -0.005684  0.010512  0.775867  0.319879  0.543790  -0.547511  0.769650  0.328437  -0.313467  -0.552554  0.772284  -0.005726  0.003004  -0.015594  -1.067839  -0.053638  -0.056039  1.000000  
24.428666 0.007730  -0.005683  0.010493  0.775946  0.320649  0.543224  -0.547327  0.770355  0.327088  -0.313594  -0.551124  0.773253  -0.006050  0.002738  -0.015625  -1.093636  -0.053002  -0.063423  1.000000  
24.429666 0.007722  -0.005683  0.010477  0.775911  0.321445  0.542802  -0.547303  0.770912  0.325814  -0.313721  -0.549880  0.774087  -0.006341  0.002441  -0.015640  -1.121735  -0.053066  -0.063349  1.000000  
24.430666 0.007713  -0.005684  0.010460  0.775843  0.322181  0.542464  -0.547254  0.771509  0.324478  -0.313976  -0.548610  0.774885  -0.006718  0.002091  -0.015684  -1.157443  -0.064713  -0.063823  1.000000  
24.431921 0.007701  -0.005685  0.010440  0.775921  0.323080  0.541817  -0.547070  0.772285  0.322938  -0.314103  -0.546987  0.775980  -0.007142  0.001668  -0.015470  -1.187716  -0.060924  -0.069014  1.000000  
24.433168 0.007689  -0.005687  0.010420  0.775999  0.323978  0.541169  -0.546886  0.773059  0.321397  -0.314230  -0.545361  0.777072  -0.007519  0.001252  -0.015154  -1.220109  -0.056918  -0.082190  1.000000  
24.434410 0.007676  -0.005689  0.010403  0.775965  0.325034  0.540584  -0.546862  0.773762  0.319742  -0.314357  -0.543734  0.778160  -0.007967  0.000837  -0.014780  -1.246721  -0.056587  -0.081445  1.000000  
24.435411 0.007665  -0.005692  0.010389  0.776043  0.325732  0.540051  -0.546678  0.774412  0.318479  -0.314484  -0.542387  0.779048  -0.008310  0.000468  -0.014646  -1.275398  -0.056960  -0.090010  1.000000  
24.436411 0.007654  -0.005696  0.010376  0.776121  0.326430  0.539517  -0.546494  0.775061  0.317214  -0.314611  -0.541040  0.779933  -0.008712  0.000006  -0.014596  -1.295029  -0.056391  -0.097090  1.000000  
24.437412 0.007642  -0.005698  0.010362  0.776052  0.327228  0.539133  -0.546446  0.775682  0.315777  -0.314865  -0.539667  0.780782  -0.009081  -0.000344  -0.014667  -1.323275  -0.060132  -0.099622  1.000000  
24.438660 0.007628  -0.005703  0.010343  0.776130  0.328120  0.538478  -0.546262  0.776440  0.314227  -0.314992  -0.538031  0.781858  -0.009430  -0.000864  -0.014770  -1.350130  -0.060146  -0.107474  1.000000  
24.439917 0.007612  -0.005707  0.010324  0.776174  0.329083  0.537828  -0.546053  0.777313  0.312427  -0.315246  -0.536181  0.783027  -0.009822  -0.001372  -0.014921  -1.391547  -0.060665  -0.116198  1.000000  
24.441160 0.007597  -0.005713  0.010305  0.776217  0.329979  0.537215  -0.545845  0.778143  0.310719  -0.315500  -0.534422  0.784126  -0.010228  -0.001872  -0.015000  -1.418802  -0.060213  -0.123079  1.000000  
24.442162 0.007584  -0.005718  0.010292  0.776183  0.330963  0.536660  -0.545821  0.778786  0.309148  -0.315626  -0.532876  0.785126  -0.010536  -0.002213  -0.014948  -1.450420  -0.063997  -0.125513  1.000000  
24.443163 0.007571  -0.005723  0.010280  0.776261  0.331850  0.535999  -0.545637  0.779531  0.307591  -0.315753  -0.531232  0.786189  -0.010916  -0.002610  -0.014737  -1.484547  -0.060415  -0.130721  1.000000  
24.444183 0.007557  -0.005728  0.010268  0.776338  0.332671  0.535377  -0.545453  0.780235  0.306128  -0.315880  -0.529681  0.787183  -0.011275  -0.002997  -0.014388  -1.514652  -0.057327  -0.137031  1.000000  
24.445415 0.007540  -0.005735  0.010253  0.776416  0.333751  0.534592  -0.545268  0.781085  0.304283  -0.316007  -0.527747  0.788431  -0.011731  -0.003428  -0.014100  -1.545372  -0.057501  -0.144906  1.000000  
24.446418 0.007525  -0.005741  0.010244  0.776347  0.334737  0.534076  -0.545220  0.781792  0.302551  -0.316261  -0.526073  0.789447  -0.012129  -0.003803  -0.013535  -1.575952  -0.061003  -0.146456  1.000000  
24.447424 0.007510  -0.005747  0.010234  0.776424  0.335554  0.533450  -0.545036  0.782487  0.301082  -0.316388  -0.524516  0.790431  -0.012428  -0.004170  -0.013117  -1.595548  -0.057873  -0.152615  1.000000  
24.448662 0.007492  -0.005757  0.010222  0.776502  0.336694  0.532618  -0.544851  0.783361  0.299137  -0.316515  -0.522478  0.791729  -0.012842  -0.004614  -0.012721  -1.626650  -0.054462  -0.157948  1.000000  
24.449665 0.007477  -0.005764  0.010211  0.776579  0.337508  0.531989  -0.544667  0.784049  0.297664  -0.316642  -0.520917  0.792706  -0.013138  -0.004971  -0.012555  -1.648905  -0.054664  -0.165819  1.000000  
24.450910 0.007458  -0.005774  0.010196  0.776622  0.338587  0.531241  -0.544459  0.784955  0.295653  -0.316896  -0.518850  0.793960  -0.013421  -0.005357  -0.012420  -1.679455  -0.054983  -0.173676  1.000000  
24.451912 0.007442  -0.005782  0.010183  0.776587  0.339689  0.530588  -0.544434  0.785638  0.293878  -0.317023  -0.517092  0.795055  -0.013752  -0.005741  -0.012359  -1.703823  -0.055299  -0.173564  1.000000  
24.453160 0.007423  -0.005793  0.010167  0.776665  0.340950  0.529665  -0.544250  0.786565  0.291733  -0.317150  -0.514849  0.796459  -0.014073  -0.006146  -0.012170  -1.738295  -0.055201  -0.172017  1.000000  
24.454411 0.007403  -0.005804  0.010152  0.776707  0.342024  0.528910  -0.544042  0.787454  0.289715  -0.317403  -0.512773  0.797696  -0.014363  -0.006582  -0.011925  -1.766924  -0.056085  -0.181281  1.000000  
24.455411 0.007386  -0.005814  0.010142  0.776784  0.343023  0.528149  -0.543857  0.788230  0.287947  -0.317530  -0.510910  0.798840  -0.014697  -0.006932  -0.011623  -1.790607  -0.052272  -0.185076  1.000000  
24.456412 0.007369  -0.005823  0.010133  0.776861  0.343957  0.527427  -0.543673  0.788966  0.286272  -0.317657  -0.509142  0.799918  -0.015045  -0.007349  -0.011288  -1.814749  -0.052609  -0.184966  1.000000  
24.457413 0.007350  -0.005833  0.010125  0.776827  0.344989  0.526805  -0.543649  0.789594  0.284583  -0.317784  -0.507468  0.800930  -0.015426  -0.007636  -0.010930  -1.835422  -0.056649  -0.187412  1.000000  
24.458677 0.007327  -0.005846  0.010115  0.776981  0.346021  0.525900  -0.543280  0.790605  0.282473  -0.318038  -0.505187  0.802271  -0.015803  -0.008088  -0.010572  -1.868205  -0.053921  -0.194207  1.000000  
24.459912 0.007304  -0.005859  0.010106  0.777058  0.347205  0.525005  -0.543096  0.791466  0.280408  -0.318165  -0.503021  0.803580  -0.016183  -0.008494  -0.010197  -1.887252  -0.050282  -0.197931  1.000000  
24.460922 0.007285  -0.005870  0.010100  0.777023  0.348422  0.524250  -0.543071  0.792182  0.278426  -0.318291  -0.501048  0.804762  -0.016490  -0.008790  -0.009916  -1.920966  -0.054758  -0.193945  1.000000  
24.462169 0.007262  -0.005883  0.010090  0.777211  0.349566  0.523208  -0.542727  0.793172  0.276272  -0.318418  -0.498681  0.806181  -0.016874  -0.009218  -0.009761  -1.941035  -0.048022  -0.204756  1.000000  
24.463416 0.007237  -0.005897  0.010081  0.777253  0.350815  0.522309  -0.542518  0.794121  0.273946  -0.318672  -0.496287  0.807556  -0.017278  -0.009516  -0.009571  -1.973774  -0.052287  -0.207118  1.000000  
24.464664 0.007212  -0.005912  0.010073  0.777330  0.352180  0.521275  -0.542334  0.795058  0.271582  -0.318799  -0.493814  0.809021  -0.017668  -0.009842  -0.009208  -2.002369  -0.049069  -0.204523  1.000000  
24.465934 0.007186  -0.005926  0.010065  0.777406  0.353351  0.520367  -0.542149  0.795891  0.269504  -0.318925  -0.491631  0.810300  -0.018142  -0.010184  -0.008673  -2.019177  -0.045950  -0.209764  1.000000  
24.467162 0.007160  -0.005941  0.010059  0.777595  0.354483  0.519315  -0.541805  0.796855  0.267338  -0.319052  -0.489248  0.811691  -0.018649  -0.010517  -0.007964  -2.043079  -0.039187  -0.212884  1.000000  
24.468162 0.007138  -0.005954  0.010055  0.777671  0.355398  0.518575  -0.541620  0.797547  0.265642  -0.319179  -0.487453  0.812721  -0.018996  -0.010822  -0.007389  -2.059187  -0.039601  -0.212783  1.000000  
24.469457 0.007111  -0.005971  0.010051  0.777712  0.356698  0.517619  -0.541411  0.798497  0.263204  -0.319433  -0.484942  0.814122  -0.019481  -0.011165  -0.006643  -2.084517  -0.040102  -0.212346  1.000000  
24.470663 0.007083  -0.005988  0.010047  0.777900  0.357884  0.516517  -0.541067  0.799476  0.260932  -0.319559  -0.482449  0.815552  -0.020101  -0.011601  -0.006178  -2.106577  -0.033361  -0.221801  1.000000  
24.471916 0.007053  -0.006006  0.010042  0.778088  0.359192  0.515326  -0.540722  0.800511  0.258462  -0.319686  -0.479754  0.817090  -0.020465  -0.011904  -0.005711  -2.137948  -0.027011  -0.226654  1.000000  
24.473160 0.007023  -0.006025  0.010037  0.778129  0.360545  0.514318  -0.540513  0.801469  0.255917  -0.319940  -0.477132  0.818525  -0.020898  -0.012299  -0.005459  -2.156985  -0.031162  -0.227112  1.000000  
24.474161 0.007000  -0.006041  0.010032  0.778316  0.361409  0.513427  -0.540168  0.802272  0.254121  -0.320067  -0.475123  0.819643  -0.021228  -0.012691  -0.005288  -2.172467  -0.028232  -0.232718  1.000000  
24.475415 0.006970  -0.006060  0.010026  0.778392  0.362747  0.512367  -0.539983  0.803150  0.251730  -0.320193  -0.472614  0.821043  -0.021658  -0.013100  -0.005103  -2.197065  -0.025437  -0.232876  1.000000  
24.476660 0.006939  -0.006082  0.010022  0.778579  0.363979  0.511208  -0.539638  0.804126  0.249344  -0.320320  -0.470001  0.822492  -0.022168  -0.013632  -0.004788  -2.209335  -0.022307  -0.235591  1.000000  
24.477675 0.006913  -0.006099  0.010020  0.778801  0.364948  0.510178  -0.539318  0.804909  0.247504  -0.320320  -0.467905  0.823687  -0.022564  -0.014004  -0.004418  -2.228874  -0.015813  -0.240653  1.000000  
24.478914 0.006881  -0.006121  0.010019  0.778988  0.366111  0.509058  -0.538973  0.805842  0.245209  -0.320447  -0.465384  0.825065  -0.023087  -0.014524  -0.003907  -2.241221  -0.005820  -0.249506  1.000000  
24.479923 0.006854  -0.006138  0.010018  0.779064  0.367189  0.508165  -0.538788  0.806575  0.243198  -0.320574  -0.463260  0.826210  -0.023730  -0.015093  -0.003527  -2.256652  -0.006397  -0.249391  1.000000  
24.481164 0.006820  -0.006161  0.010020  0.779250  0.368345  0.507041  -0.538443  0.807495  0.240896  -0.320700  -0.460731  0.827574  -0.024112  -0.015510  -0.002894  -2.271362  -0.003711  -0.255051  1.000000  
24.482412 0.006786  -0.006184  0.010023  0.779326  0.369726  0.505919  -0.538258  0.808362  0.238390  -0.320827  -0.458098  0.828985  -0.024602  -0.015968  -0.002354  -2.284978  -0.004361  -0.252934  1.000000  
24.483459 0.006758  -0.006203  0.010026  0.779547  0.370619  0.504923  -0.537937  0.809090  0.236636  -0.320827  -0.456086  0.830094  -0.024955  -0.016374  -0.001888  -2.290247  0.006025  -0.255670  1.000000  
24.484661 0.006721  -0.006228  0.010028  0.779658  0.372104  0.503659  -0.537776  0.809938  0.234089  -0.320827  -0.453365  0.831583  -0.025574  -0.016939  -0.001522  -2.310044  0.009126  -0.253783  1.000000  
24.485914 0.006686  -0.006253  0.010031  0.779879  0.373417  0.502342  -0.537455  0.810854  0.231642  -0.320827  -0.450639  0.833063  -0.026082  -0.017487  -0.000942  -2.328685  0.018851  -0.261300  1.000000  
24.487161 0.006649  -0.006280  0.010034  0.779990  0.374954  0.501024  -0.537295  0.811713  0.228989  -0.320827  -0.447807  0.834589  -0.026630  -0.018068  -0.000439  -2.347155  0.025712  -0.256200  1.000000  
24.488162 0.006619  -0.006301  0.010037  0.780101  0.376062  0.500020  -0.537134  0.812371  0.227024  -0.320827  -0.445680  0.835727  -0.027046  -0.018496  0.000113  -2.361253  0.028984  -0.254228  1.000000  
24.489410 0.006580  -0.006329  0.010042  0.780211  0.377409  0.498831  -0.536974  0.813134  0.224662  -0.320827  -0.443143  0.837075  -0.027604  -0.018999  0.000680  -2.371440  0.035958  -0.249634  1.000000  
24.490660 0.006540  -0.006358  0.010049  0.780322  0.378753  0.497639  -0.536813  0.813889  0.222298  -0.320827  -0.440603  0.838415  -0.028248  -0.019604  0.001530  -2.376521  0.039101  -0.247626  1.000000  
24.491663 0.006508  -0.006383  0.010054  0.780322  0.379959  0.496719  -0.536813  0.814426  0.220323  -0.320827  -0.438568  0.839481  -0.028832  -0.020187  0.002212  -2.381960  0.039153  -0.239770  1.000000  
24.492914 0.006467  -0.006413  0.010062  0.780468  0.381464  0.495334  -0.536677  0.815189  0.217820  -0.320700  -0.435836  0.840951  -0.029333  -0.020725  0.002824  -2.393885  0.046172  -0.235473  1.000000  
24.493931 0.006434  -0.006439  0.010069  0.780503  0.382772  0.494268  -0.536701  0.815708  0.215807  -0.320574  -0.433712  0.842097  -0.029829  -0.021281  0.003395  -2.400675  0.051196  -0.219396  1.000000  
24.495165 0.006392  -0.006472  0.010078  0.780503  0.384448  0.492965  -0.536701  0.816436  0.213035  -0.320574  -0.430849  0.843565  -0.030345  -0.021916  0.003921  -2.431070  0.047208  -0.213075  1.000000  
24.496166 0.006359  -0.006498  0.010085  0.780428  0.385918  0.491935  -0.536886  0.816864  0.210918  -0.320447  -0.428719  0.844698  -0.030813  -0.022521  0.004335  -2.436896  0.052251  -0.196018  1.000000  
24.497417 0.006316  -0.006532  0.010095  0.780463  0.387515  0.490622  -0.536910  0.817493  0.208404  -0.320320  -0.426072  0.846084  -0.031408  -0.023259  0.004872  -2.455055  0.056383  -0.186055  1.000000  
24.498474 0.006281  -0.006560  0.010105  0.780388  0.388978  0.489582  -0.537095  0.817909  0.206285  -0.320193  -0.423934  0.847205  -0.031732  -0.023754  0.005279  -2.458607  0.057388  -0.170030  1.000000  
24.499662 0.006237  -0.006595  0.010116  0.780348  0.390841  0.488160  -0.537304  0.818436  0.203633  -0.319940  -0.421196  0.848665  -0.032359  -0.024492  0.005913  -2.474830  0.059421  -0.146864  1.000000  
24.500910 0.006192  -0.006631  0.010131  0.780272  0.392593  0.486873  -0.537489  0.818962  0.201016  -0.319813  -0.418536  0.850028  -0.032899  -0.025173  0.006678  -2.486948  0.060193  -0.130119  1.000000  
24.501911 0.006156  -0.006661  0.010144  0.780232  0.394093  0.485725  -0.537698  0.819327  0.198958  -0.319559  -0.416407  0.851168  -0.033364  -0.025744  0.007403  -2.489894  0.062421  -0.106772  1.000000  
24.503160 0.006109  -0.006698  0.010162  0.780081  0.396051  0.484373  -0.538068  0.819724  0.196303  -0.319306  -0.413758  0.852554  -0.033955  -0.026469  0.008338  -2.498609  0.066102  -0.076246  1.000000  
24.504410 0.006062  -0.006737  0.010182  0.779930  0.398005  0.483013  -0.538438  0.820113  0.193648  -0.319052  -0.411104  0.853932  -0.034579  -0.027275  0.009372  -2.508891  0.068051  -0.052296  1.000000  
24.505411 0.006024  -0.006769  0.010199  0.779743  0.399617  0.481982  -0.538783  0.820408  0.191425  -0.318925  -0.408946  0.855014  -0.034968  -0.027832  0.010165  -2.519741  0.066740  -0.031045  1.000000  
24.506412 0.005985  -0.006802  0.010215  0.779591  0.401388  0.480755  -0.539153  0.820712  0.189068  -0.318672  -0.406596  0.856229  -0.035369  -0.028340  0.010829  -2.537014  0.067013  -0.002000  1.000000  
24.507417 0.005946  -0.006834  0.010232  0.779439  0.403096  0.479570  -0.539522  0.820986  0.186810  -0.318418  -0.404346  0.857388  -0.035859  -0.028996  0.011616  -2.551543  0.065396  0.019301  1.000000  
24.508429 0.005907  -0.006869  0.010249  0.779287  0.404801  0.478380  -0.539892  0.821254  0.184552  -0.318165  -0.402092  0.858541  -0.036282  -0.029587  0.012333  -2.563846  0.065929  0.048751  1.000000  
24.509660 0.005857  -0.006912  0.010270  0.778912  0.407130  0.477012  -0.540582  0.821458  0.181600  -0.317911  -0.399314  0.859931  -0.036845  -0.030274  0.013107  -2.585322  0.059676  0.089030  1.000000  
24.510678 0.005816  -0.006947  0.010287  0.778794  0.408871  0.475714  -0.540975  0.821680  0.179408  -0.317530  -0.397072  0.861109  -0.037318  -0.030904  0.013809  -2.595734  0.067518  0.115233  1.000000  
24.511923 0.005764  -0.006993  0.010310  0.778418  0.411190  0.474329  -0.541665  0.821865  0.176457  -0.317276  -0.394285  0.862482  -0.037895  -0.031678  0.014661  -2.613080  0.058201  0.154198  1.000000  
24.513164 0.005711  -0.007039  0.010333  0.778188  0.413378  0.472802  -0.542218  0.822094  0.173671  -0.316896  -0.391510  0.863885  -0.038813  -0.032627  0.015556  -2.637495  0.060218  0.191770  1.000000  
24.514165 0.005668  -0.007077  0.010353  0.777957  0.415217  0.471569  -0.542771  0.822188  0.171484  -0.316515  -0.389361  0.864995  -0.039132  -0.033104  0.016048  -2.641887  0.061001  0.220809  1.000000  
24.515414 0.005612  -0.007125  0.010379  0.777726  0.417509  0.469924  -0.543324  0.822439  0.168499  -0.316134  -0.386367  0.866475  -0.039989  -0.034004  0.017003  -2.654857  0.062263  0.250123  1.000000  
24.516414 0.005565  -0.007165  0.010400  0.777494  0.419339  0.468676  -0.543877  0.822519  0.166314  -0.315753  -0.384210  0.867573  -0.040635  -0.034680  0.017537  -2.663632  0.063470  0.279482  1.000000  
24.517441 0.005519  -0.007205  0.010422  0.777296  0.421320  0.467225  -0.544454  0.822602  0.163996  -0.315246  -0.381857  0.868796  -0.041206  -0.035290  0.018038  -2.673878  0.068858  0.310501  1.000000  
24.518661 0.005458  -0.007256  0.010449  0.777098  0.423523  0.465561  -0.545031  0.822757  0.161281  -0.314738  -0.379076  0.870196  -0.042146  -0.036083  0.018563  -2.687333  0.073996  0.339266  1.000000  
24.519917 0.005397  -0.007308  0.010476  0.776787  0.425944  0.463869  -0.545768  0.822834  0.158372  -0.314230  -0.376186  0.871633  -0.043167  -0.037015  0.019038  -2.707982  0.077883  0.379155  1.000000  
24.521161 0.005335  -0.007359  0.010503  0.776474  0.428302  0.462217  -0.546504  0.822881  0.155564  -0.313721  -0.373395  0.873015  -0.044130  -0.037812  0.019532  -2.729174  0.080445  0.412949  1.000000  
24.522161 0.005283  -0.007401  0.010526  0.776274  0.430317  0.460681  -0.547080  0.822951  0.153153  -0.313213  -0.370917  0.874253  -0.045017  -0.038460  0.019938  -2.747840  0.085333  0.436158  1.000000  
24.523410 0.005216  -0.007455  0.010555  0.775994  0.432813  0.458809  -0.547840  0.822986  0.150217  -0.312578  -0.367921  0.875745  -0.046146  -0.039173  0.020431  -2.767911  0.093260  0.475058  1.000000  
24.524661 0.005148  -0.007509  0.010585  0.775713  0.435413  0.456820  -0.548599  0.823046  0.147083  -0.311942  -0.364706  0.877315  -0.047338  -0.039889  0.021083  -2.792549  0.100153  0.505916  1.000000  
24.525664 0.005093  -0.007552  0.010610  0.775510  0.437352  0.455309  -0.549175  0.823072  0.144777  -0.311434  -0.362320  0.878483  -0.048265  -0.040376  0.021507  -2.806571  0.105464  0.528964  1.000000  
24.526915 0.005022  -0.007608  0.010640  0.775341  0.439601  0.453429  -0.549774  0.823148  0.142041  -0.310798  -0.359413  0.879902  -0.049512  -0.041021  0.022013  -2.817043  0.119157  0.552298  1.000000  
24.527924 0.004963  -0.007653  0.010664  0.775171  0.441513  0.451860  -0.550373  0.823114  0.139905  -0.310162  -0.357142  0.881050  -0.050628  -0.041578  0.022456  -2.824394  0.131509  0.571247  1.000000  
