1-Time 2-Px 3-Py 4-Pz 5-R11 6-R21 7-R31 8-R12 9-R22 10-R32 11-R13 12-R23 13-R33 14-Vx 15-Vy 16-Vz 17-Wx 18-Wy 19-Wz 20-state
124.218465 0.018893  -0.007332  0.004543  0.739639  0.361812  0.567474  -0.660024  0.554774  0.506552  -0.131543  -0.749211  0.649137  0.005455  0.002871  0.003274  0.000000  0.000000  0.000000  1.000000  
124.219585 0.018895  -0.007331  0.004544  0.739639  0.361812  0.567474  -0.660024  0.554774  0.506552  -0.131543  -0.749211  0.649137  0.003841  0.001461  0.002162  0.000000  0.000000  0.000000  1.000000  
124.220814 0.018891  -0.007331  0.004544  0.739639  0.361812  0.567474  -0.660024  0.554774  0.506552  -0.131543  -0.749211  0.649137  -0.000610  0.000607  0.000791  0.000000  0.000000  0.000000  1.000000  
124.221838 0.018884  -0.007331  0.004541  0.739639  0.361812  0.567474  -0.660024  0.554774  0.506552  -0.131543  -0.749211  0.649137  -0.002797  0.000460  -0.000447  0.000000  0.000000  0.000000  1.000000  
124.223098 0.018879  -0.007329  0.004542  0.739639  0.361812  0.567474  -0.660024  0.554774  0.506552  -0.131543  -0.749211  0.649137  -0.003096  0.000742  -0.000243  0.000000  0.000000  0.000000  1.000000  
124.224335 0.018877  -0.007326  0.004544  0.739503  0.361996  0.567534  -0.660176  0.554761  0.506367  -0.131543  -0.749132  0.649228  -0.002747  0.001099  0.000163  0.000000  0.000000  0.000000  1.000000  
124.225337 0.018873  -0.007323  0.004546  0.739503  0.361996  0.567534  -0.660176  0.554761  0.506367  -0.131543  -0.749132  0.649228  -0.003025  0.001473  0.000552  0.000000  0.000000  0.000000  1.000000  
124.226574 0.018862  -0.007318  0.004548  0.739503  0.361996  0.567534  -0.660176  0.554761  0.506367  -0.131543  -0.749132  0.649228  -0.003906  0.001822  0.000643  0.000000  0.000000  0.000000  1.000000  
124.227582 0.018853  -0.007314  0.004548  0.739503  0.361996  0.567534  -0.660176  0.554761  0.506367  -0.131543  -0.749132  0.649228  -0.004523  0.002102  0.000592  0.000000  0.000000  0.000000  1.000000  
124.228829 0.018845  -0.007307  0.004549  0.739503  0.362064  0.567490  -0.660176  0.554823  0.506300  -0.131543  -0.749054  0.649319  -0.004792  0.002566  0.000617  0.000000  0.000000  0.000000  1.000000  
124.230067 0.018838  -0.007300  0.004550  0.739516  0.362139  0.567425  -0.660188  0.554756  0.506358  -0.131411  -0.749067  0.649330  -0.004877  0.002891  0.000675  0.000000  0.000000  0.000000  1.000000  
124.231086 0.018831  -0.007296  0.004551  0.739380  0.362253  0.567530  -0.660340  0.554681  0.506241  -0.131411  -0.749067  0.649330  -0.005057  0.002988  0.000704  0.000000  0.000000  0.000000  1.000000  
124.232324 0.018820  -0.007290  0.004551  0.739380  0.362253  0.567530  -0.660340  0.554681  0.506241  -0.131411  -0.749067  0.649330  -0.005391  0.003137  0.000652  0.000000  0.000000  0.000000  1.000000  
124.233565 0.018805  -0.007285  0.004550  0.739529  0.362283  0.567317  -0.660199  0.554751  0.506349  -0.131278  -0.749001  0.649433  -0.005930  0.003183  0.000524  0.000000  0.000000  0.000000  1.000000  
124.234579 0.018792  -0.007283  0.004548  0.739529  0.362283  0.567317  -0.660199  0.554751  0.506349  -0.131278  -0.749001  0.649433  -0.006869  0.003233  0.000231  0.000000  0.000000  0.000000  1.000000  
124.235579 0.018779  -0.007281  0.004545  0.739529  0.362283  0.567317  -0.660199  0.554751  0.506349  -0.131278  -0.749001  0.649433  -0.007624  0.003389  0.000060  0.000000  0.000000  0.000000  1.000000  
124.236834 0.018763  -0.007278  0.004543  0.739516  0.362208  0.567381  -0.660188  0.554817  0.506291  -0.131411  -0.748988  0.649421  -0.008052  0.003546  0.000129  0.000000  0.000000  0.000000  1.000000  
124.238069 0.018749  -0.007272  0.004543  0.739652  0.362163  0.567233  -0.660035  0.554953  0.506340  -0.131411  -0.748909  0.649512  -0.008738  0.003822  0.000116  0.000000  0.000000  0.000000  1.000000  
124.239081 0.018736  -0.007266  0.004546  0.739788  0.362048  0.567129  -0.659883  0.555028  0.506457  -0.131411  -0.748909  0.649512  -0.009571  0.004103  0.000131  0.000000  0.000000  0.000000  1.000000  
124.240085 0.018723  -0.007260  0.004547  0.739775  0.361974  0.567194  -0.659871  0.555094  0.506399  -0.131543  -0.748896  0.649501  -0.010116  0.004251  0.000090  0.000000  0.000000  0.000000  1.000000  
124.241108 0.018711  -0.007255  0.004547  0.739910  0.361859  0.567090  -0.659719  0.555169  0.506516  -0.131543  -0.748896  0.649501  -0.010401  0.004405  0.000006  0.000000  0.000000  0.000000  1.000000  
124.242332 0.018696  -0.007247  0.004545  0.739910  0.361928  0.567046  -0.659719  0.555230  0.506448  -0.131543  -0.748817  0.649592  -0.010621  0.004539  -0.000189  0.000000  0.000000  0.000000  1.000000  
124.243584 0.018685  -0.007239  0.004542  0.740033  0.361739  0.567006  -0.659555  0.555372  0.506507  -0.131676  -0.748804  0.649580  -0.010839  0.004623  -0.000464  0.000000  0.000000  0.000000  1.000000  
124.244818 0.018674  -0.007230  0.004541  0.740169  0.361625  0.566902  -0.659403  0.555446  0.506624  -0.131676  -0.748804  0.649580  -0.010969  0.004781  -0.000598  0.000000  0.000000  0.000000  1.000000  
124.246065 0.018661  -0.007223  0.004541  0.740304  0.361579  0.566754  -0.659250  0.555582  0.506673  -0.131676  -0.748725  0.649671  -0.011312  0.004852  -0.000711  0.000000  0.000000  0.000000  1.000000  
124.247065 0.018648  -0.007219  0.004541  0.740440  0.361465  0.566650  -0.659098  0.555656  0.506790  -0.131676  -0.748725  0.649671  -0.011589  0.004805  -0.000687  0.000000  0.000000  0.000000  1.000000  
124.248317 0.018632  -0.007215  0.004539  0.740576  0.361350  0.566545  -0.658945  0.555731  0.506907  -0.131676  -0.748725  0.649671  -0.011719  0.004756  -0.000777  0.000000  0.000000  0.000000  1.000000  
124.249327 0.018620  -0.007212  0.004537  0.740712  0.361304  0.566397  -0.658793  0.555867  0.506956  -0.131676  -0.748646  0.649762  -0.011706  0.004779  -0.000743  0.000000  0.000000  0.000000  1.000000  
124.250567 0.018605  -0.007207  0.004537  0.740983  0.361076  0.566188  -0.658488  0.556015  0.507189  -0.131676  -0.748646  0.649762  -0.011564  0.004977  -0.000556  0.000000  0.000000  0.000000  1.000000  
124.251582 0.018593  -0.007202  0.004538  0.741105  0.360886  0.566149  -0.658323  0.556156  0.507248  -0.131808  -0.748633  0.649750  -0.011524  0.005169  -0.000373  0.000000  0.000000  0.000000  1.000000  
124.252832 0.018577  -0.007195  0.004539  0.741241  0.360772  0.566044  -0.658171  0.556231  0.507364  -0.131808  -0.748633  0.649750  -0.011620  0.005238  -0.000266  0.000000  0.000000  0.000000  1.000000  
124.254070 0.018561  -0.007187  0.004539  0.741512  0.360543  0.565835  -0.657866  0.556379  0.507597  -0.131808  -0.748633  0.649750  -0.011672  0.005286  -0.000428  0.000000  0.000000  0.000000  1.000000  
124.255087 0.018549  -0.007180  0.004537  0.741634  0.360353  0.565796  -0.657701  0.556520  0.507656  -0.131941  -0.748620  0.649738  -0.011577  0.005391  -0.000709  0.000000  0.000000  0.000000  1.000000  
124.256095 0.018537  -0.007173  0.004533  0.741904  0.360193  0.565543  -0.657396  0.556730  0.507822  -0.131941  -0.748541  0.649829  -0.011629  0.005441  -0.000936  0.000000  0.000000  0.000000  1.000000  
124.257095 0.018525  -0.007164  0.004530  0.742027  0.360003  0.565504  -0.657231  0.556870  0.507880  -0.132074  -0.748528  0.649818  -0.011605  0.005595  -0.001002  0.000000  0.000000  0.000000  1.000000  
124.258346 0.018509  -0.007156  0.004527  0.742162  0.359957  0.565355  -0.657079  0.557006  0.507929  -0.132074  -0.748449  0.649908  -0.011935  0.005585  -0.001034  0.000000  0.000000  0.000000  1.000000  
124.259566 0.018493  -0.007148  0.004524  0.742419  0.359653  0.565211  -0.656761  0.557220  0.508104  -0.132206  -0.748435  0.649897  -0.012230  0.005578  -0.001186  0.000000  0.000000  0.000000  1.000000  
124.260572 0.018479  -0.007144  0.004523  0.742689  0.359492  0.564959  -0.656456  0.557430  0.508269  -0.132206  -0.748357  0.649988  -0.012544  0.005449  -0.001285  0.000000  0.000000  0.000000  1.000000  
124.261815 0.018461  -0.007138  0.004519  0.742825  0.359377  0.564854  -0.656303  0.557504  0.508386  -0.132206  -0.748357  0.649988  -0.012721  0.005522  -0.001461  -0.008840  0.116204  -0.136308  1.000000  
124.262818 0.018446  -0.007133  0.004516  0.742960  0.359331  0.564706  -0.656150  0.557640  0.508434  -0.132206  -0.748278  0.650078  -0.012864  0.005606  -0.001596  -0.012874  0.116060  -0.136155  1.000000  
124.263826 0.018431  -0.007128  0.004512  0.743095  0.359284  0.564557  -0.655997  0.557775  0.508483  -0.132206  -0.748199  0.650169  -0.013016  0.005694  -0.001732  -0.011982  0.118262  -0.144003  1.000000  
124.265084 0.018414  -0.007122  0.004507  0.743352  0.358979  0.564413  -0.655679  0.557989  0.508658  -0.132339  -0.748185  0.650158  -0.013168  0.005808  -0.002001  -0.010161  0.125624  -0.156304  1.000000  
124.266348 0.018398  -0.007115  0.004502  0.743486  0.358933  0.564265  -0.655526  0.558125  0.508706  -0.132339  -0.748107  0.650248  -0.013227  0.005865  -0.002436  -0.013384  0.134659  -0.158559  1.000000  
124.267563 0.018382  -0.007108  0.004495  0.743756  0.358772  0.564012  -0.655220  0.558335  0.508871  -0.132339  -0.748028  0.650339  -0.013264  0.005875  -0.002938  -0.012386  0.138848  -0.161942  1.000000  
124.268576 0.018367  -0.007101  0.004490  0.743891  0.358657  0.563907  -0.655067  0.558408  0.508987  -0.132339  -0.748028  0.650339  -0.013358  0.005851  -0.003361  -0.011475  0.143919  -0.166326  1.000000  
124.269580 0.018353  -0.007094  0.004483  0.744026  0.358610  0.563759  -0.654913  0.558544  0.509035  -0.132339  -0.747949  0.650430  -0.013462  0.005890  -0.003659  -0.015540  0.144105  -0.166561  1.000000  
124.270819 0.018336  -0.007085  0.004475  0.744148  0.358488  0.563676  -0.654749  0.558746  0.509026  -0.132472  -0.747857  0.650509  -0.013598  0.005943  -0.003967  -0.019537  0.143918  -0.166366  1.000000  
124.271821 0.018323  -0.007079  0.004469  0.744282  0.358442  0.563528  -0.654595  0.558881  0.509074  -0.132472  -0.747778  0.650600  -0.013644  0.005857  -0.004168  -0.018630  0.149028  -0.170839  1.000000  
124.273071 0.018305  -0.007072  0.004461  0.744538  0.358205  0.563340  -0.654277  0.559157  0.509181  -0.132604  -0.747685  0.650679  -0.013780  0.005732  -0.004432  -0.021915  0.155411  -0.176741  1.000000  
124.274339 0.018287  -0.007065  0.004454  0.744673  0.358226  0.563148  -0.654124  0.559354  0.509161  -0.132604  -0.747527  0.650860  -0.013922  0.005620  -0.004765  -0.030051  0.155293  -0.176649  1.000000  
124.275580 0.018268  -0.007059  0.004445  0.744794  0.358172  0.563022  -0.653959  0.559617  0.509084  -0.132737  -0.747356  0.651030  -0.014053  0.005612  -0.005202  -0.034113  0.152318  -0.180079  1.000000  
124.276827 0.018250  -0.007052  0.004435  0.745064  0.358079  0.562725  -0.653652  0.559888  0.509180  -0.132737  -0.747198  0.651211  -0.014025  0.005761  -0.005659  -0.041060  0.156370  -0.183306  1.000000  
124.277837 0.018237  -0.007047  0.004427  0.745198  0.358031  0.562577  -0.653499  0.560023  0.509228  -0.132737  -0.747119  0.651302  -0.013862  0.005756  -0.005987  -0.045073  0.156244  -0.183181  1.000000  
124.279159 0.018223  -0.007040  0.004415  0.745454  0.357862  0.562346  -0.653180  0.560360  0.509266  -0.132869  -0.746948  0.651471  -0.013564  0.005772  -0.006380  -0.048458  0.159284  -0.192089  1.000000  
124.280318 0.018208  -0.007033  0.004403  0.745723  0.357836  0.562006  -0.652873  0.560693  0.509294  -0.132869  -0.746711  0.651743  -0.013539  0.005827  -0.006848  -0.060821  0.159683  -0.192641  1.000000  
124.281319 0.018196  -0.007027  0.004394  0.745844  0.357782  0.561880  -0.652708  0.560956  0.509216  -0.133002  -0.746539  0.651912  -0.013477  0.005884  -0.007234  -0.067488  0.163526  -0.195602  1.000000  
124.282330 0.018184  -0.007022  0.004384  0.746112  0.357687  0.561584  -0.652401  0.561227  0.509311  -0.133002  -0.746381  0.652093  -0.013381  0.005869  -0.007564  -0.074650  0.168592  -0.200041  1.000000  
124.283566 0.018169  -0.007014  0.004372  0.746368  0.357517  0.561353  -0.652082  0.561563  0.509349  -0.133135  -0.746209  0.652263  -0.013240  0.005857  -0.007832  -0.082718  0.165632  -0.203418  1.000000  
124.284581 0.018156  -0.007008  0.004364  0.746623  0.357346  0.561122  -0.651763  0.561900  0.509386  -0.133267  -0.746038  0.652432  -0.013078  0.005716  -0.008001  -0.091510  0.166951  -0.205090  1.000000  
124.285591 0.018144  -0.007003  0.004355  0.747025  0.357203  0.560678  -0.651301  0.562306  0.509528  -0.133267  -0.745800  0.652703  -0.013029  0.005610  -0.008124  -0.097763  0.177124  -0.214001  1.000000  
124.286831 0.018127  -0.006997  0.004343  0.747400  0.356909  0.560365  -0.650816  0.562843  0.509555  -0.133532  -0.745536  0.652951  -0.013103  0.005412  -0.008343  -0.107304  0.180148  -0.228094  1.000000  
124.288096 0.018108  -0.006991  0.004332  0.747922  0.356574  0.559881  -0.650189  0.563387  0.509754  -0.133665  -0.745285  0.653211  -0.013113  0.005357  -0.008637  -0.114471  0.191920  -0.239045  1.000000  
124.289316 0.018089  -0.006987  0.004319  0.748310  0.356355  0.559503  -0.649715  0.563859  0.509837  -0.133798  -0.745034  0.653470  -0.013214  0.005234  -0.008972  -0.124723  0.192481  -0.244936  1.000000  
124.290327 0.018075  -0.006981  0.004309  0.748684  0.356059  0.559190  -0.649229  0.564395  0.509862  -0.134063  -0.744769  0.653718  -0.013167  0.005260  -0.009204  -0.130957  0.199784  -0.257355  1.000000  
124.291572 0.018057  -0.006975  0.004295  0.749205  0.355858  0.558621  -0.648601  0.565062  0.509923  -0.134195  -0.744359  0.654157  -0.013056  0.005224  -0.009538  -0.150500  0.208640  -0.271842  1.000000  
124.292583 0.018044  -0.006969  0.004284  0.749578  0.355629  0.558265  -0.648115  0.565660  0.509879  -0.134461  -0.744014  0.654495  -0.013101  0.005270  -0.009700  -0.160812  0.212923  -0.287648  1.000000  
124.293819 0.018027  -0.006961  0.004271  0.750085  0.355351  0.557763  -0.647474  0.566392  0.509881  -0.134726  -0.743590  0.654922  -0.013220  0.005382  -0.009762  -0.172960  0.220667  -0.305668  1.000000  
124.295065 0.018009  -0.006952  0.004259  0.750723  0.354955  0.557155  -0.646678  0.567197  0.509996  -0.134991  -0.743166  0.655349  -0.013424  0.005457  -0.009761  -0.190434  0.233080  -0.322660  1.000000  
124.296068 0.017995  -0.006946  0.004252  0.751109  0.354799  0.556734  -0.646202  0.567728  0.510008  -0.135123  -0.742834  0.655697  -0.013618  0.005557  -0.009664  -0.200609  0.240158  -0.334887  1.000000  
124.297341 0.017977  -0.006938  0.004240  0.751732  0.354393  0.556151  -0.645393  0.568658  0.509995  -0.135521  -0.742316  0.656202  -0.013742  0.005527  -0.009580  -0.219571  0.248319  -0.361097  1.000000  
124.298402 0.017963  -0.006931  0.004231  0.752236  0.354111  0.555649  -0.644750  0.569389  0.509994  -0.135786  -0.741891  0.656628  -0.013867  0.005551  -0.009490  -0.236722  0.257318  -0.380869  1.000000  
124.299665 0.017943  -0.006924  0.004219  0.752990  0.353585  0.554962  -0.643785  0.570391  0.510093  -0.136184  -0.741372  0.657132  -0.014158  0.005575  -0.009601  -0.252224  0.273852  -0.413470  1.000000  
124.300843 0.017921  -0.006918  0.004208  0.753625  0.353250  0.554314  -0.642986  0.571255  0.510135  -0.136449  -0.740866  0.657647  -0.014668  0.005574  -0.009678  -0.269428  0.291993  -0.436108  1.000000  
124.302086 0.017899  -0.006911  0.004196  0.754377  0.352721  0.553628  -0.642019  0.572255  0.510231  -0.136847  -0.740346  0.658149  -0.014927  0.005700  -0.009682  -0.285897  0.303395  -0.464327  1.000000  
124.303318 0.017877  -0.006905  0.004184  0.755113  0.352181  0.552967  -0.641039  0.573380  0.510200  -0.137377  -0.739732  0.658729  -0.015189  0.005698  -0.009706  -0.303280  0.317638  -0.493609  1.000000  
124.304326 0.017859  -0.006899  0.004174  0.755745  0.351775  0.552362  -0.640238  0.574180  0.510307  -0.137642  -0.739305  0.659153  -0.015325  0.005817  -0.009700  -0.311621  0.331931  -0.518410  1.000000  
124.305331 0.017841  -0.006893  0.004163  0.756361  0.351359  0.551783  -0.639424  0.575104  0.510286  -0.138039  -0.738784  0.659654  -0.015578  0.005940  -0.009700  -0.327939  0.346169  -0.543176  1.000000  
124.306567 0.017819  -0.006884  0.004150  0.757239  0.350838  0.550910  -0.638297  0.576297  0.510351  -0.138437  -0.738102  0.660333  -0.015915  0.006102  -0.009632  -0.347335  0.362367  -0.575766  1.000000  
124.307589 0.017801  -0.006876  0.004141  0.757985  0.350366  0.550184  -0.637326  0.577354  0.510371  -0.138834  -0.737500  0.660923  -0.016248  0.006209  -0.009438  -0.365766  0.381789  -0.613533  1.000000  
124.308822 0.017779  -0.006866  0.004131  0.758860  0.349840  0.549312  -0.636197  0.578544  0.510431  -0.139232  -0.736817  0.661601  -0.016579  0.006337  -0.009254  -0.381384  0.400060  -0.645939  1.000000  
124.309833 0.017762  -0.006857  0.004122  0.759602  0.349431  0.548546  -0.635223  0.579661  0.510377  -0.139629  -0.736133  0.662278  -0.016754  0.006457  -0.009274  -0.404800  0.417275  -0.676038  1.000000  
124.311064 0.017740  -0.006846  0.004111  0.760459  0.348891  0.547702  -0.634080  0.580974  0.510306  -0.140159  -0.735354  0.663031  -0.017021  0.006682  -0.009382  -0.425849  0.430949  -0.704984  1.000000  
124.312082 0.017721  -0.006837  0.004101  0.761198  0.348477  0.546938  -0.633104  0.582088  0.510247  -0.140557  -0.734668  0.663707  -0.017350  0.006833  -0.009436  -0.445388  0.441135  -0.731960  1.000000  
124.313313 0.017699  -0.006827  0.004089  0.762052  0.347997  0.546054  -0.631958  0.583460  0.510101  -0.141087  -0.733807  0.664547  -0.017743  0.007013  -0.009579  -0.468809  0.457126  -0.765032  1.000000  
124.314314 0.017678  -0.006819  0.004079  0.762788  0.347579  0.545292  -0.630980  0.584572  0.510038  -0.141484  -0.733119  0.665220  -0.017966  0.007032  -0.009530  -0.490530  0.469390  -0.795647  1.000000  
124.315314 0.017658  -0.006811  0.004070  0.763523  0.347158  0.544531  -0.630002  0.585684  0.509973  -0.141881  -0.732432  0.665893  -0.018139  0.007292  -0.009527  -0.509414  0.481935  -0.818453  1.000000  
124.316342 0.017638  -0.006804  0.004060  0.764386  0.346680  0.543623  -0.628864  0.586927  0.509947  -0.142279  -0.731662  0.666654  -0.018268  0.007432  -0.009521  -0.535175  0.497081  -0.845862  1.000000  
124.317582 0.017613  -0.006794  0.004050  0.765362  0.346135  0.542597  -0.627556  0.588426  0.509831  -0.142808  -0.730716  0.667578  -0.018499  0.007728  -0.009393  -0.556888  0.511262  -0.876491  1.000000  
124.318584 0.017592  -0.006785  0.004041  0.766092  0.345772  0.541797  -0.626574  0.589596  0.509688  -0.143206  -0.729944  0.668337  -0.018693  0.007866  -0.009361  -0.583241  0.521599  -0.895855  1.000000  
124.319587 0.017572  -0.006776  0.004032  0.766950  0.345351  0.540852  -0.625433  0.590897  0.509582  -0.143603  -0.729090  0.669183  -0.018822  0.008130  -0.009202  -0.606689  0.540344  -0.925795  1.000000  
124.320818 0.017547  -0.006765  0.004021  0.768047  0.344674  0.539725  -0.623962  0.592463  0.509567  -0.144133  -0.728140  0.670103  -0.019059  0.008267  -0.009177  -0.630940  0.559762  -0.957278  1.000000  
124.321825 0.017526  -0.006756  0.004012  0.768901  0.344246  0.538782  -0.622818  0.593761  0.509456  -0.144530  -0.727284  0.670946  -0.019279  0.008379  -0.009136  -0.649788  0.574373  -0.980391  1.000000  
124.323070 0.017501  -0.006744  0.003999  0.770121  0.343568  0.537471  -0.621185  0.595517  0.509400  -0.145059  -0.726168  0.672040  -0.019540  0.008488  -0.009262  -0.678587  0.591548  -1.012948  1.000000  
124.324092 0.017481  -0.006735  0.003989  0.770955  0.343123  0.536559  -0.620026  0.596935  0.509152  -0.145589  -0.725214  0.672955  -0.019616  0.008595  -0.009294  -0.702225  0.601312  -1.040883  1.000000  
124.325328 0.017455  -0.006723  0.003975  0.772169  0.342435  0.535251  -0.618389  0.598686  0.509087  -0.146118  -0.724095  0.674044  -0.019972  0.008656  -0.009536  -0.726969  0.619803  -1.067440  1.000000  
124.326335 0.017433  -0.006715  0.003964  0.772998  0.342047  0.534302  -0.617227  0.600162  0.508760  -0.146648  -0.723056  0.675044  -0.020156  0.008591  -0.009576  -0.750630  0.632528  -1.092474  1.000000  
124.327573 0.017406  -0.006705  0.003949  0.774205  0.341413  0.532957  -0.615585  0.601970  0.508613  -0.147177  -0.721851  0.676217  -0.020445  0.008543  -0.009798  -0.781420  0.653980  -1.124805  1.000000  
124.328828 0.017378  -0.006695  0.003936  0.775394  0.340762  0.531644  -0.613929  0.603897  0.508330  -0.147839  -0.720548  0.677462  -0.020666  0.008575  -0.009844  -0.813455  0.662864  -1.148219  1.000000  
124.329842 0.017355  -0.006687  0.003925  0.776357  0.340313  0.530525  -0.612614  0.605377  0.508156  -0.148236  -0.719518  0.678469  -0.020890  0.008545  -0.009943  -0.840639  0.681761  -1.171519  1.000000  
124.330842 0.017332  -0.006680  0.003915  0.777428  0.339723  0.529333  -0.611125  0.607047  0.507957  -0.148765  -0.718389  0.679549  -0.021091  0.008544  -0.010028  -0.868209  0.699942  -1.202571  1.000000  
124.332065 0.017302  -0.006671  0.003903  0.778622  0.339195  0.527915  -0.609474  0.608968  0.507641  -0.149294  -0.717011  0.680887  -0.021424  0.008468  -0.010074  -0.900838  0.712176  -1.224073  1.000000  
124.333103 0.017278  -0.006663  0.003893  0.779687  0.338594  0.526728  -0.607981  0.610632  0.507432  -0.149823  -0.715878  0.681961  -0.021574  0.008369  -0.010131  -0.927298  0.730239  -1.246576  1.000000  
124.334328 0.017248  -0.006655  0.003881  0.780857  0.338042  0.525346  -0.606313  0.612668  0.506973  -0.150485  -0.714398  0.683366  -0.021938  0.008264  -0.010259  -0.963659  0.739228  -1.271533  1.000000  
124.335578 0.017218  -0.006646  0.003868  0.781916  0.337685  0.524000  -0.604816  0.614573  0.506455  -0.151014  -0.712929  0.684782  -0.022235  0.008109  -0.010387  -0.997579  0.744301  -1.285326  1.000000  
124.336821 0.017187  -0.006637  0.003855  0.783203  0.336993  0.522521  -0.602982  0.616672  0.506091  -0.151675  -0.711443  0.686181  -0.022583  0.007929  -0.010443  -1.034455  0.763352  -1.311013  1.000000  
124.338069 0.017156  -0.006630  0.003842  0.784486  0.336356  0.521005  -0.601145  0.618829  0.505644  -0.152336  -0.709870  0.687661  -0.023002  0.007630  -0.010467  -1.067141  0.775614  -1.338461  1.000000  
124.339317 0.017124  -0.006624  0.003828  0.785780  0.335787  0.519419  -0.599317  0.620924  0.505245  -0.152865  -0.708308  0.689153  -0.023501  0.007259  -0.010557  -1.096503  0.788451  -1.354213  1.000000  
124.340317 0.017098  -0.006619  0.003817  0.786824  0.335214  0.518207  -0.597811  0.622633  0.504926  -0.153394  -0.707078  0.690297  -0.023822  0.006930  -0.010551  -1.120763  0.798237  -1.371946  1.000000  
124.341326 0.017071  -0.006615  0.003806  0.787988  0.334571  0.516854  -0.596140  0.624469  0.504634  -0.153923  -0.705762  0.691525  -0.024195  0.006650  -0.010550  -1.147032  0.814826  -1.402268  1.000000  
124.342562 0.017037  -0.006611  0.003794  0.789376  0.333713  0.515288  -0.594130  0.626619  0.504340  -0.154584  -0.704261  0.692907  -0.024596  0.006262  -0.010390  -1.167157  0.829504  -1.426422  1.000000  
124.343569 0.017010  -0.006608  0.003783  0.790514  0.333044  0.513974  -0.592441  0.628566  0.503903  -0.155245  -0.702842  0.694199  -0.024989  0.005884  -0.010368  -1.193736  0.849123  -1.454442  1.000000  
124.344812 0.016975  -0.006605  0.003770  0.791892  0.332357  0.512295  -0.590424  0.630891  0.503364  -0.155906  -0.701082  0.695829  -0.025369  0.005503  -0.010372  -1.228517  0.862580  -1.477107  1.000000  
124.345812 0.016948  -0.006602  0.003760  0.793039  0.331686  0.510954  -0.588743  0.632714  0.503046  -0.156434  -0.699755  0.697044  -0.025635  0.005179  -0.010397  -1.252474  0.877399  -1.500821  1.000000  
124.347062 0.016913  -0.006600  0.003745  0.794510  0.330776  0.509255  -0.586544  0.635154  0.502540  -0.157227  -0.697973  0.698651  -0.025931  0.004729  -0.010533  -1.283584  0.884747  -1.530618  1.000000  
124.348312 0.016878  -0.006598  0.003732  0.796216  0.329593  0.507355  -0.584012  0.637724  0.502233  -0.158020  -0.696187  0.700252  -0.026262  0.004275  -0.010583  -1.307578  0.909786  -1.571583  1.000000  
124.349314 0.016850  -0.006596  0.003721  0.797331  0.328948  0.506021  -0.582310  0.639712  0.501682  -0.158681  -0.694667  0.701611  -0.026546  0.003889  -0.010640  -1.336198  0.915912  -1.593852  1.000000  
124.350562 0.016814  -0.006595  0.003710  0.798783  0.328008  0.504338  -0.580098  0.642135  0.501147  -0.159473  -0.692873  0.703203  -0.026901  0.003390  -0.010505  -1.362952  0.925852  -1.620498  1.000000  
124.351598 0.016786  -0.006595  0.003701  0.800008  0.327215  0.502910  -0.578225  0.644182  0.500685  -0.160134  -0.691347  0.704554  -0.027160  0.002860  -0.010453  -1.388702  0.941005  -1.650982  1.000000  
124.352818 0.016748  -0.006596  0.003690  0.801448  0.326317  0.501197  -0.576007  0.646655  0.500053  -0.160926  -0.689460  0.706221  -0.027608  0.002354  -0.010302  -1.416223  0.948785  -1.670208  1.000000  
124.354068 0.016711  -0.006598  0.003680  0.802999  0.325335  0.499349  -0.573620  0.649249  0.499436  -0.161718  -0.687483  0.707965  -0.027990  0.001721  -0.010058  -1.443125  0.963745  -1.703508  1.000000  
124.355318 0.016673  -0.006601  0.003669  0.804290  0.324535  0.497790  -0.571546  0.651757  0.498546  -0.162642  -0.685486  0.709688  -0.028328  0.001201  -0.009810  -1.475410  0.959888  -1.723753  1.000000  
124.356572 0.016635  -0.006603  0.003660  0.805710  0.323665  0.496057  -0.569316  0.654271  0.497804  -0.163434  -0.683499  0.711420  -0.028598  0.000681  -0.009587  -1.500890  0.973602  -1.750556  1.000000  
124.357815 0.016597  -0.006607  0.003651  0.807105  0.322709  0.494409  -0.567069  0.656832  0.496996  -0.164358  -0.681492  0.713131  -0.028881  0.000162  -0.009369  -1.525966  0.973250  -1.774004  1.000000  
124.359062 0.016560  -0.006611  0.003641  0.808395  0.322013  0.492752  -0.564998  0.659327  0.496050  -0.165150  -0.679408  0.714933  -0.029090  -0.000267  -0.009189  -1.553998  0.975011  -1.787970  1.000000  
124.360312 0.016522  -0.006614  0.003631  0.809777  0.321036  0.491118  -0.562744  0.661873  0.495220  -0.166074  -0.677392  0.716631  -0.029312  -0.000694  -0.008919  -1.579983  0.971767  -1.810526  1.000000  
124.361312 0.016492  -0.006617  0.003624  0.810958  0.320293  0.489652  -0.560845  0.663998  0.494530  -0.166734  -0.675662  0.718109  -0.029529  -0.001112  -0.008628  -1.599241  0.978980  -1.829194  1.000000  
124.362562 0.016454  -0.006621  0.003615  0.812442  0.319278  0.487852  -0.558417  0.666716  0.493619  -0.167657  -0.673462  0.719959  -0.029646  -0.001468  -0.008354  -1.627941  0.979858  -1.856511  1.000000  
124.363563 0.016423  -0.006625  0.003609  0.813593  0.318444  0.486477  -0.556499  0.668881  0.492856  -0.168448  -0.671709  0.721410  -0.029848  -0.001913  -0.007944  -1.641683  0.982835  -1.876952  1.000000  
124.364811 0.016384  -0.006631  0.003603  0.815044  0.317332  0.484772  -0.554050  0.671635  0.491869  -0.169503  -0.669483  0.723230  -0.030107  -0.002305  -0.007602  -1.664511  0.987850  -1.908708  1.000000  
124.365812 0.016353  -0.006636  0.003599  0.816184  0.316422  0.483448  -0.552127  0.673727  0.491170  -0.170294  -0.667810  0.724590  -0.030318  -0.002748  -0.007228  -1.678579  0.993245  -1.938595  1.000000  
124.367061 0.016313  -0.006643  0.003593  0.817393  0.315626  0.481921  -0.550007  0.676394  0.489882  -0.171349  -0.665486  0.726476  -0.030521  -0.003142  -0.006881  -1.704032  0.983174  -1.955253  1.000000  
124.368077 0.016280  -0.006650  0.003589  0.818522  0.314758  0.480571  -0.548078  0.678533  0.489085  -0.172140  -0.663717  0.727906  -0.030724  -0.003598  -0.006549  -1.719807  0.982992  -1.975622  1.000000  
124.369321 0.016240  -0.006657  0.003585  0.819964  0.313679  0.478816  -0.545627  0.681206  0.488109  -0.173063  -0.661487  0.729716  -0.030899  -0.003964  -0.006116  -1.743503  0.982491  -2.002120  1.000000  
124.370569 0.016199  -0.006666  0.003581  0.821509  0.312563  0.476893  -0.543002  0.684052  0.487054  -0.173985  -0.659073  0.731677  -0.031095  -0.004363  -0.005762  -1.771110  0.984722  -2.025683  1.000000  
124.371572 0.016166  -0.006674  0.003578  0.822640  0.311799  0.475443  -0.541077  0.686182  0.486200  -0.174644  -0.657218  0.733187  -0.031270  -0.004714  -0.005435  -1.789099  0.981768  -2.035712  1.000000  
124.372814 0.016126  -0.006682  0.003576  0.824058  0.310742  0.473674  -0.538614  0.688889  0.485106  -0.175566  -0.654883  0.735054  -0.031443  -0.004990  -0.004976  -1.813831  0.979277  -2.054411  1.000000  
124.373824 0.016093  -0.006689  0.003574  0.825398  0.309619  0.472074  -0.536342  0.691075  0.484513  -0.176224  -0.653109  0.736474  -0.031634  -0.005310  -0.004482  -1.820498  0.988471  -2.070430  1.000000  
124.375062 0.016051  -0.006698  0.003572  0.826802  0.308597  0.470284  -0.533871  0.693824  0.483311  -0.177146  -0.650674  0.738406  -0.031889  -0.005679  -0.004025  -1.841682  0.985735  -2.089983  1.000000  
124.376312 0.016009  -0.006707  0.003572  0.828087  0.307648  0.468640  -0.531567  0.696442  0.482085  -0.178068  -0.648322  0.740250  -0.032165  -0.006018  -0.003457  -1.864224  0.976655  -2.095450  1.000000  
124.377314 0.015976  -0.006716  0.003572  0.829277  0.306623  0.467206  -0.529442  0.698649  0.481228  -0.178858  -0.646430  0.741713  -0.032458  -0.006426  -0.002941  -1.877683  0.973227  -2.105371  1.000000  
124.378562 0.015932  -0.006726  0.003572  0.830441  0.305911  0.465603  -0.527302  0.701304  0.479714  -0.179779  -0.643888  0.743699  -0.032795  -0.006691  -0.002499  -1.902665  0.954349  -2.101122  1.000000  
124.379563 0.015896  -0.006734  0.003573  0.831552  0.305270  0.464039  -0.525368  0.703459  0.478679  -0.180306  -0.641838  0.745341  -0.033110  -0.007029  -0.002050  -1.924500  0.957223  -2.104984  1.000000  
124.380811 0.015850  -0.006745  0.003573  0.832616  0.304644  0.462539  -0.523407  0.705873  0.477272  -0.181095  -0.639480  0.747174  -0.033511  -0.007269  -0.001702  -1.943637  0.937444  -2.095933  1.000000  
124.382061 0.015803  -0.006757  0.003573  0.833569  0.304267  0.461069  -0.521614  0.708332  0.475588  -0.181885  -0.636936  0.749153  -0.033976  -0.007583  -0.001331  -1.971255  0.913080  -2.078878  1.000000  
124.383063 0.015766  -0.006766  0.003575  0.834644  0.303472  0.459645  -0.519661  0.710456  0.474558  -0.182542  -0.634947  0.750680  -0.034340  -0.007775  -0.000961  -1.984373  0.912471  -2.085348  1.000000  
124.384313 0.015717  -0.006778  0.003576  0.835801  0.302673  0.458068  -0.517520  0.712910  0.473215  -0.183332  -0.632573  0.752490  -0.034837  -0.008038  -0.000591  -1.995928  0.905132  -2.079813  1.000000  
124.385315 0.015679  -0.006787  0.003579  0.836653  0.302101  0.456887  -0.515906  0.714839  0.472066  -0.183989  -0.630667  0.753928  -0.035228  -0.008157  -0.000168  -2.003696  0.895614  -2.076606  1.000000  
124.386317 0.015639  -0.006797  0.003582  0.837609  0.301430  0.455578  -0.514118  0.716882  0.470917  -0.184647  -0.628665  0.755437  -0.035674  -0.008359  0.000201  -2.018656  0.887274  -2.078121  1.000000  
124.387570 0.015590  -0.006809  0.003586  0.838876  0.300639  0.453765  -0.511810  0.719447  0.469518  -0.185304  -0.626109  0.757397  -0.036283  -0.008591  0.000692  -2.036618  0.887308  -2.073831  1.000000  
124.388814 0.015540  -0.006820  0.003592  0.840115  0.299765  0.452048  -0.509486  0.722046  0.468053  -0.186093  -0.623531  0.759328  -0.036876  -0.008731  0.001150  -2.050187  0.885416  -2.081601  1.000000  
124.390062 0.015489  -0.006832  0.003598  0.841578  0.298652  0.450060  -0.506824  0.724716  0.466814  -0.186750  -0.620962  0.761269  -0.037512  -0.008949  0.001708  -2.066482  0.894813  -2.088386  1.000000  
124.391313 0.015438  -0.006845  0.003604  0.842698  0.297849  0.448492  -0.504667  0.727179  0.465319  -0.187539  -0.618463  0.763107  -0.038183  -0.009201  0.002190  -2.075103  0.882630  -2.077502  1.000000  
124.392562 0.015385  -0.006858  0.003610  0.844020  0.296790  0.446706  -0.502159  0.729812  0.463909  -0.188328  -0.615866  0.765011  -0.038873  -0.009440  0.002564  -2.089554  0.879509  -2.076986  1.000000  
124.393812 0.015331  -0.006871  0.003617  0.845436  0.295568  0.444834  -0.499473  0.732495  0.462578  -0.189116  -0.613263  0.766906  -0.039507  -0.009593  0.002991  -2.094731  0.880643  -2.081847  1.000000  
124.394812 0.015288  -0.006882  0.003622  0.846353  0.294890  0.443538  -0.497667  0.734543  0.461274  -0.189773  -0.611135  0.768440  -0.039994  -0.009699  0.003339  -2.110588  0.874335  -2.075557  1.000000  
124.395812 0.015244  -0.006893  0.003628  0.847390  0.294071  0.442100  -0.495698  0.736549  0.460195  -0.190298  -0.609113  0.769915  -0.040443  -0.009834  0.003740  -2.115897  0.883783  -2.073857  1.000000  
124.397062 0.015188  -0.006906  0.003638  0.848378  0.293477  0.440596  -0.493700  0.739020  0.458377  -0.191086  -0.606400  0.771859  -0.041031  -0.009966  0.004355  -2.128917  0.871571  -2.063280  1.000000  
124.398312 0.015132  -0.006919  0.003648  0.849541  0.292446  0.439038  -0.491338  0.741587  0.456766  -0.192006  -0.603758  0.773699  -0.041693  -0.010055  0.004972  -2.141582  0.864657  -2.063768  1.000000  
124.399569 0.015075  -0.006933  0.003659  0.850719  0.291421  0.437436  -0.488986  0.744048  0.455286  -0.192793  -0.601220  0.775477  -0.042213  -0.010146  0.005502  -2.146661  0.856288  -2.055755  1.000000  
124.400812 0.015017  -0.006946  0.003671  0.851813  0.290662  0.435811  -0.486819  0.746455  0.453665  -0.193450  -0.598599  0.777340  -0.042831  -0.010249  0.006092  -2.153231  0.843538  -2.037404  1.000000  
124.401835 0.014971  -0.006956  0.003681  0.852700  0.289937  0.434556  -0.485000  0.748460  0.452309  -0.194106  -0.596443  0.778831  -0.043279  -0.010335  0.006562  -2.160844  0.833481  -2.028418  1.000000  
124.403069 0.014912  -0.006970  0.003694  0.853981  0.288850  0.432760  -0.482476  0.750969  0.450846  -0.194762  -0.593811  0.780677  -0.043883  -0.010444  0.007103  -2.170047  0.834871  -2.027638  1.000000  
124.404319 0.014853  -0.006984  0.003707  0.855255  0.287804  0.430939  -0.479949  0.753523  0.449279  -0.195418  -0.591077  0.782585  -0.044482  -0.010628  0.007593  -2.181284  0.825781  -2.012077  1.000000  
124.405320 0.014805  -0.006995  0.003718  0.856248  0.286967  0.429522  -0.477960  0.755525  0.448036  -0.195943  -0.588924  0.784076  -0.044971  -0.010743  0.008039  -2.187224  0.828409  -2.016740  1.000000  
124.406574 0.014745  -0.007010  0.003733  0.857386  0.285934  0.427938  -0.475590  0.757986  0.446398  -0.196730  -0.586259  0.785874  -0.045508  -0.010814  0.008619  -2.194047  0.820747  -2.010213  1.000000  
124.407812 0.014683  -0.007024  0.003749  0.858638  0.284802  0.426179  -0.473054  0.760457  0.444888  -0.197386  -0.583603  0.787684  -0.046138  -0.010951  0.009240  -2.195987  0.825662  -2.013033  1.000000  
124.408813 0.014634  -0.007036  0.003763  0.859614  0.283940  0.424784  -0.471057  0.762437  0.443616  -0.197911  -0.581436  0.789153  -0.046539  -0.010996  0.009853  -2.198719  0.823740  -2.012105  1.000000  
124.410063 0.014572  -0.007051  0.003781  0.860852  0.282838  0.423009  -0.468514  0.764943  0.441991  -0.198567  -0.578675  0.791016  -0.047056  -0.011072  0.010575  -2.198706  0.828838  -2.022538  1.000000  
124.411312 0.014509  -0.007065  0.003801  0.862009  0.281949  0.421242  -0.466158  0.767345  0.440317  -0.199091  -0.575922  0.792891  -0.047524  -0.011128  0.011260  -2.201494  0.841724  -2.035483  1.000000  
124.412563 0.014445  -0.007078  0.003822  0.863040  0.281140  0.419668  -0.463964  0.769715  0.438493  -0.199747  -0.573148  0.794734  -0.048144  -0.011155  0.012067  -2.208050  0.838395  -2.035187  1.000000  
124.413812 0.014380  -0.007092  0.003843  0.864185  0.280179  0.417953  -0.461602  0.772044  0.436888  -0.200271  -0.570480  0.796520  -0.048654  -0.011162  0.012812  -2.210740  0.838791  -2.032163  1.000000  
124.414813 0.014328  -0.007103  0.003860  0.865157  0.279340  0.416501  -0.459606  0.773950  0.435620  -0.200664  -0.568306  0.797974  -0.049011  -0.011192  0.013291  -2.215393  0.849018  -2.039645  1.000000  
124.416063 0.014262  -0.007117  0.003882  0.866289  0.278409  0.414768  -0.457239  0.776314  0.433899  -0.201189  -0.565530  0.799812  -0.049594  -0.011287  0.013891  -2.219832  0.851577  -2.038131  1.000000  
124.417313 0.014196  -0.007132  0.003905  0.867507  0.277307  0.412955  -0.454690  0.778727  0.432252  -0.201713  -0.562748  0.801640  -0.050136  -0.011351  0.014616  -2.221309  0.852271  -2.043455  1.000000  
124.418329 0.014141  -0.007143  0.003923  0.868370  0.276602  0.411613  -0.452866  0.780553  0.430871  -0.202106  -0.560561  0.803072  -0.050628  -0.011360  0.015143  -2.225157  0.851227  -2.037373  1.000000  
124.419571 0.014073  -0.007158  0.003947  0.869507  0.275706  0.409811  -0.450502  0.782856  0.429167  -0.202499  -0.557784  0.804905  -0.051283  -0.011388  0.015895  -2.229890  0.847559  -2.029602  1.000000  
124.420819 0.014003  -0.007173  0.003972  0.870637  0.274699  0.408084  -0.448137  0.785046  0.427640  -0.202892  -0.555196  0.806593  -0.051872  -0.011441  0.016529  -2.224701  0.851738  -2.024181  1.000000  
124.421821 0.013947  -0.007185  0.003992  0.871533  0.274053  0.406602  -0.446331  0.786733  0.426428  -0.203023  -0.553125  0.807982  -0.052353  -0.011466  0.017056  -2.223611  0.860811  -2.015254  1.000000  
124.423062 0.013877  -0.007200  0.004018  0.872743  0.272962  0.404735  -0.443780  0.789067  0.424773  -0.203416  -0.550332  0.809788  -0.052973  -0.011459  0.017726  -2.230424  0.859456  -2.009680  1.000000  
124.424069 0.013820  -0.007211  0.004039  0.873631  0.272397  0.403198  -0.441970  0.790845  0.423352  -0.203547  -0.548055  0.811298  -0.053437  -0.011479  0.018246  -2.232703  0.862115  -1.993395  1.000000  
124.425312 0.013749  -0.007226  0.004066  0.874762  0.271465  0.401371  -0.439606  0.793022  0.421737  -0.203809  -0.545365  0.813043  -0.054111  -0.011537  0.018752  -2.232234  0.870230  -1.986010  1.000000  
124.426312 0.013691  -0.007238  0.004088  0.875641  0.270883  0.399845  -0.437792  0.794788  0.420298  -0.203940  -0.543079  0.814539  -0.054567  -0.011595  0.019173  -2.235291  0.879198  -1.977523  1.000000  
124.427318 0.013635  -0.007249  0.004110  0.876516  0.270245  0.398357  -0.435976  0.796497  0.418948  -0.204071  -0.540889  0.815962  -0.054907  -0.011553  0.019509  -2.232703  0.892226  -1.974375  1.000000  
124.428562 0.013562  -0.007263  0.004137  0.877566  0.269512  0.396538  -0.433797  0.798565  0.417269  -0.204202  -0.538198  0.817707  -0.055434  -0.011560  0.019936  -2.237556  0.900236  -1.958805  1.000000  
124.429813 0.013489  -0.007277  0.004165  0.878610  0.268768  0.394726  -0.431616  0.800625  0.415580  -0.204333  -0.535502  0.819442  -0.055950  -0.011545  0.020406  -2.236539  0.912005  -1.948516  1.000000  
124.431062 0.013416  -0.007290  0.004194  0.879737  0.267943  0.392771  -0.429251  0.802834  0.413765  -0.204464  -0.532602  0.821298  -0.056392  -0.011534  0.020792  -2.248000  0.917646  -1.939205  1.000000  
124.432312 0.013342  -0.007305  0.004223  0.880795  0.267288  0.390842  -0.427076  0.804897  0.412003  -0.204464  -0.529809  0.823102  -0.056893  -0.011535  0.021204  -2.247917  0.928743  -1.920755  1.000000  
124.433562 0.013268  -0.007320  0.004251  0.881935  0.266455  0.388835  -0.424718  0.807008  0.410309  -0.204464  -0.527011  0.824896  -0.057446  -0.011669  0.021629  -2.247291  0.940459  -1.911092  1.000000  
124.434578 0.013208  -0.007333  0.004275  0.882808  0.265827  0.387281  -0.422901  0.808649  0.408952  -0.204464  -0.524808  0.826300  -0.057712  -0.011655  0.021921  -2.249396  0.945059  -1.893675  1.000000  
124.435588 0.013149  -0.007346  0.004299  0.883701  0.265255  0.385632  -0.421094  0.810255  0.407635  -0.204333  -0.522615  0.827720  -0.057880  -0.011699  0.022163  -2.249319  0.954175  -1.876911  1.000000  
