1-Time 2-Px 3-Py 4-Pz 5-R11 6-R21 7-R31 8-R12 9-R22 10-R32 11-R13 12-R23 13-R33 14-Vx 15-Vy 16-Vz 17-Wx 18-Wy 19-Wz 20-state
52.117583 0.020846  -0.001517  0.002780  0.335226  0.750783  0.569165  -0.857082  0.493866  -0.146654  -0.391196  -0.438658  0.809039  0.002680  -0.000167  -0.005924  -0.165051  -0.187929  0.318212  1.000000  
52.118591 0.020847  -0.001517  0.002776  0.335050  0.750884  0.569135  -0.857151  0.493712  -0.146771  -0.391196  -0.438658  0.809039  0.000624  0.000564  -0.004594  -0.164898  -0.187755  0.317919  1.000000  
52.119810 0.020837  -0.001521  0.002771  0.334873  0.750986  0.569104  -0.857219  0.493557  -0.146888  -0.391196  -0.438658  0.809039  -0.004775  -0.001803  -0.004662  -0.161037  -0.183403  0.310095  1.000000  
52.120813 0.020825  -0.001526  0.002765  0.334873  0.750986  0.569104  -0.857219  0.493557  -0.146888  -0.391196  -0.438658  0.809039  -0.007150  -0.002898  -0.004892  -0.156951  -0.178840  0.301452  1.000000  
52.122064 0.020815  -0.001529  0.002760  0.334873  0.750986  0.569104  -0.857219  0.493557  -0.146888  -0.391196  -0.438658  0.809039  -0.007404  -0.002763  -0.004707  -0.147459  -0.172744  0.290256  1.000000  
52.123310 0.020806  -0.001531  0.002757  0.334520  0.751189  0.569044  -0.857357  0.493248  -0.147122  -0.391196  -0.438658  0.809039  -0.007203  -0.002489  -0.004243  -0.147489  -0.168796  0.292407  1.000000  
52.124570 0.020794  -0.001534  0.002752  0.334325  0.751269  0.569053  -0.857377  0.493148  -0.147340  -0.391319  -0.438633  0.808993  -0.007736  -0.002386  -0.004130  -0.142063  -0.166631  0.278988  1.000000  
52.125805 0.020777  -0.001536  0.002747  0.334501  0.751099  0.569174  -0.857309  0.493320  -0.147163  -0.391319  -0.438732  0.808940  -0.008606  -0.002350  -0.004172  -0.129924  -0.157607  0.262297  1.000000  
52.127054 0.020762  -0.001537  0.002739  0.334659  0.750976  0.569244  -0.857191  0.493530  -0.147147  -0.391443  -0.438707  0.808894  -0.009129  -0.002108  -0.004410  -0.120804  -0.151173  0.241316  1.000000  
52.128055 0.020751  -0.001537  0.002734  0.334678  0.750997  0.569205  -0.857240  0.493475  -0.147046  -0.391319  -0.438732  0.808940  -0.009268  -0.001869  -0.004462  -0.115421  -0.141239  0.232353  1.000000  
52.129305 0.020738  -0.001537  0.002729  0.334678  0.751066  0.569113  -0.857240  0.493457  -0.147106  -0.391319  -0.438633  0.808993  -0.009387  -0.001691  -0.004445  0.000000  0.000000  0.000000  1.000000  
52.130554 0.020723  -0.001538  0.002723  0.334520  0.751189  0.569044  -0.857357  0.493248  -0.147122  -0.391196  -0.438658  0.809039  -0.009671  -0.001595  -0.004465  0.000000  0.000000  0.000000  1.000000  
52.131556 0.020708  -0.001540  0.002718  0.334520  0.751258  0.568953  -0.857357  0.493230  -0.147182  -0.391196  -0.438560  0.809092  -0.010063  -0.001629  -0.004476  0.000000  0.000000  0.000000  1.000000  
52.132804 0.020685  -0.001545  0.002712  0.334501  0.751237  0.568992  -0.857309  0.493285  -0.147283  -0.391319  -0.438535  0.809046  -0.010756  -0.001839  -0.004553  0.000000  0.000000  0.000000  1.000000  
52.134055 0.020658  -0.001553  0.002705  0.334678  0.751204  0.568931  -0.857240  0.493422  -0.147226  -0.391319  -0.438437  0.809099  -0.012396  -0.002346  -0.004638  0.000000  0.000000  0.000000  1.000000  
52.135055 0.020638  -0.001559  0.002701  0.334678  0.751273  0.568840  -0.857240  0.493404  -0.147286  -0.391319  -0.438339  0.809153  -0.013087  -0.002441  -0.004539  0.000000  0.000000  0.000000  1.000000  
52.136056 0.020617  -0.001563  0.002697  0.334697  0.751295  0.568801  -0.857288  0.493349  -0.147185  -0.391196  -0.438364  0.809199  -0.013690  -0.002370  -0.004493  0.000000  0.000000  0.000000  1.000000  
52.137058 0.020598  -0.001564  0.002693  0.334520  0.751396  0.568770  -0.857357  0.493194  -0.147302  -0.391196  -0.438364  0.809199  -0.014459  -0.002343  -0.004479  0.000000  0.000000  0.000000  1.000000  
52.138060 0.020577  -0.001566  0.002688  0.334520  0.751465  0.568679  -0.857357  0.493177  -0.147362  -0.391196  -0.438266  0.809252  -0.015400  -0.002343  -0.004600  0.000000  0.000000  0.000000  1.000000  
52.139309 0.020551  -0.001569  0.002682  0.334697  0.751364  0.568710  -0.857288  0.493331  -0.147245  -0.391196  -0.438266  0.809252  -0.016486  -0.002391  -0.004747  0.000000  0.000000  0.000000  1.000000  
52.140559 0.020524  -0.001573  0.002676  0.334697  0.751364  0.568710  -0.857288  0.493331  -0.147245  -0.391196  -0.438266  0.809252  -0.017136  -0.002469  -0.004780  0.000000  0.000000  0.000000  1.000000  
52.141807 0.020502  -0.001574  0.002670  0.334697  0.751364  0.568710  -0.857288  0.493331  -0.147245  -0.391196  -0.438266  0.809252  -0.017624  -0.002522  -0.004680  0.000000  0.000000  0.000000  1.000000  
52.143057 0.020480  -0.001574  0.002665  0.334539  0.751487  0.568640  -0.857406  0.493122  -0.147261  -0.391073  -0.438291  0.809298  -0.018193  -0.002498  -0.004634  0.000000  0.000000  0.000000  1.000000  
52.144306 0.020458  -0.001575  0.002661  0.334539  0.751556  0.568549  -0.857406  0.493104  -0.147321  -0.391073  -0.438193  0.809351  -0.018819  -0.002558  -0.004485  0.000000  0.000000  0.000000  1.000000  
52.145306 0.020438  -0.001577  0.002657  0.334558  0.751577  0.568509  -0.857455  0.493049  -0.147220  -0.390950  -0.438217  0.809397  -0.019334  -0.002646  -0.004465  0.000000  0.000000  0.000000  1.000000  
52.146306 0.020416  -0.001581  0.002652  0.334558  0.751646  0.568418  -0.857455  0.493032  -0.147279  -0.390950  -0.438119  0.809450  -0.019790  -0.002799  -0.004499  0.000000  0.000000  0.000000  1.000000  
52.147557 0.020388  -0.001587  0.002645  0.334577  0.751736  0.568288  -0.857503  0.492959  -0.147238  -0.390827  -0.438046  0.809549  -0.020127  -0.002861  -0.004503  0.000000  0.000000  0.000000  1.000000  
52.148806 0.020361  -0.001593  0.002639  0.334577  0.751874  0.568105  -0.857503  0.492923  -0.147358  -0.390827  -0.437850  0.809656  -0.020117  -0.002675  -0.004475  0.000000  0.000000  0.000000  1.000000  
52.150056 0.020335  -0.001596  0.002634  0.334577  0.751943  0.568014  -0.857503  0.492905  -0.147418  -0.390827  -0.437751  0.809709  -0.020118  -0.002409  -0.004527  0.000000  0.000000  0.000000  1.000000  
52.151306 0.020308  -0.001596  0.002626  0.334577  0.752081  0.567832  -0.857503  0.492870  -0.147537  -0.390827  -0.437555  0.809815  -0.020320  -0.002185  -0.004593  0.000000  0.000000  0.000000  1.000000  
52.152309 0.020285  -0.001596  0.002621  0.334754  0.752048  0.567771  -0.857435  0.493007  -0.147480  -0.390827  -0.437457  0.809868  -0.020518  -0.002097  -0.004720  0.000000  0.000000  0.000000  1.000000  
52.153357 0.020263  -0.001594  0.002615  0.334754  0.752117  0.567680  -0.857435  0.492989  -0.147540  -0.390827  -0.437358  0.809921  -0.020571  -0.001848  -0.004760  0.000000  0.000000  0.000000  1.000000  
52.154559 0.020234  -0.001594  0.002610  0.334931  0.752084  0.567619  -0.857366  0.493126  -0.147483  -0.390827  -0.437260  0.809974  -0.020740  -0.001624  -0.004722  0.000000  0.000000  0.000000  1.000000  
52.155561 0.020212  -0.001592  0.002605  0.334931  0.752153  0.567527  -0.857366  0.493108  -0.147543  -0.390827  -0.437162  0.810027  -0.020863  -0.001297  -0.004694  0.000000  0.000000  0.000000  1.000000  
52.156565 0.020189  -0.001592  0.002601  0.335107  0.752120  0.567467  -0.857297  0.493245  -0.147486  -0.390827  -0.437064  0.810080  -0.021190  -0.001178  -0.004672  0.000000  0.000000  0.000000  1.000000  
52.157809 0.020161  -0.001591  0.002596  0.335126  0.752210  0.567336  -0.857345  0.493172  -0.147445  -0.390704  -0.436990  0.810179  -0.021639  -0.001147  -0.004680  0.000000  0.000000  0.000000  1.000000  
52.159059 0.020131  -0.001592  0.002590  0.335303  0.752246  0.567184  -0.857276  0.493291  -0.147447  -0.390704  -0.436794  0.810285  -0.022140  -0.001187  -0.004847  0.000000  0.000000  0.000000  1.000000  
52.160306 0.020099  -0.001596  0.002583  0.335498  0.752235  0.567083  -0.857256  0.493374  -0.147290  -0.390581  -0.436720  0.810384  -0.022560  -0.001252  -0.004912  0.000000  0.000000  0.000000  1.000000  
52.161306 0.020073  -0.001598  0.002579  0.335675  0.752271  0.566931  -0.857187  0.493493  -0.147293  -0.390581  -0.436524  0.810490  -0.022882  -0.001134  -0.004889  0.000000  0.000000  0.000000  1.000000  
52.162556 0.020041  -0.001600  0.002571  0.335694  0.752430  0.566709  -0.857236  0.493403  -0.147311  -0.390457  -0.436352  0.810642  -0.023161  -0.000868  -0.004945  0.000000  0.000000  0.000000  1.000000  
52.163557 0.020016  -0.001602  0.002564  0.335889  0.752487  0.566517  -0.857215  0.493468  -0.147213  -0.390334  -0.436180  0.810794  -0.023439  -0.000595  -0.005079  0.000000  0.000000  0.000000  1.000000  
52.164806 0.019985  -0.001603  0.002556  0.336085  0.752613  0.566234  -0.857195  0.493515  -0.147175  -0.390211  -0.435909  0.810998  -0.023703  -0.000474  -0.005243  0.000000  0.000000  0.000000  1.000000  
52.166056 0.019955  -0.001602  0.002547  0.336261  0.752717  0.565991  -0.857125  0.493616  -0.147238  -0.390211  -0.435614  0.811157  -0.023932  -0.000384  -0.005353  0.000000  0.000000  0.000000  1.000000  
52.167306 0.019924  -0.001598  0.002539  0.336438  0.752821  0.565747  -0.857056  0.493718  -0.147301  -0.390211  -0.435319  0.811315  -0.024102  -0.000161  -0.005458  0.000000  0.000000  0.000000  1.000000  
52.168306 0.019899  -0.001595  0.002532  0.336633  0.752947  0.565464  -0.857035  0.493765  -0.147264  -0.390088  -0.435049  0.811520  -0.024357  -0.000054  -0.005556  0.000000  0.000000  0.000000  1.000000  
52.169314 0.019874  -0.001592  0.002525  0.336829  0.753072  0.565180  -0.857015  0.493812  -0.147226  -0.389965  -0.434778  0.811724  -0.024387  0.000126  -0.005757  0.000000  0.000000  0.000000  1.000000  
52.170562 0.019845  -0.001590  0.002516  0.337005  0.753176  0.564937  -0.856945  0.493914  -0.147289  -0.389965  -0.434482  0.811882  -0.024534  0.000136  -0.005973  0.000000  0.000000  0.000000  1.000000  
52.171810 0.019813  -0.001589  0.002505  0.337377  0.753268  0.564592  -0.856855  0.494098  -0.147195  -0.389841  -0.434113  0.812139  -0.024702  0.000088  -0.006335  -0.145621  0.085813  -0.055093  1.000000  
52.173061 0.019781  -0.001590  0.002494  0.337749  0.753360  0.564247  -0.856764  0.494283  -0.147102  -0.389718  -0.433744  0.812395  -0.024946  0.000064  -0.006757  -0.149745  0.094839  -0.071948  1.000000  
52.174306 0.019748  -0.001592  0.002483  0.337944  0.753484  0.563963  -0.856743  0.494331  -0.147064  -0.389595  -0.433472  0.812599  -0.025108  0.000139  -0.007111  -0.159334  0.101838  -0.075476  1.000000  
52.175565 0.019718  -0.001594  0.002473  0.338140  0.753678  0.563588  -0.856722  0.494361  -0.147087  -0.389472  -0.433103  0.812855  -0.024929  0.000196  -0.007339  -0.168812  0.104789  -0.081093  1.000000  
52.176806 0.019690  -0.001596  0.002462  0.338531  0.753790  0.563203  -0.856680  0.494492  -0.146892  -0.389225  -0.432757  0.813157  -0.024626  0.000219  -0.007564  -0.174250  0.117764  -0.087398  1.000000  
52.178056 0.019663  -0.001597  0.002449  0.338903  0.753812  0.562949  -0.856589  0.494695  -0.146739  -0.389102  -0.432486  0.813361  -0.024320  0.000247  -0.007953  -0.178490  0.124759  -0.099399  1.000000  
52.179056 0.019640  -0.001598  0.002439  0.339275  0.753903  0.562604  -0.856498  0.494880  -0.146646  -0.388979  -0.432115  0.813616  -0.024244  0.000309  -0.008186  -0.185335  0.134716  -0.108549  1.000000  
52.180306 0.019612  -0.001597  0.002427  0.339489  0.754117  0.562188  -0.856525  0.494857  -0.146568  -0.388732  -0.431769  0.813918  -0.024113  0.000316  -0.008397  -0.193283  0.144423  -0.109062  1.000000  
52.181556 0.019585  -0.001595  0.002416  0.339880  0.754296  0.561710  -0.856481  0.494971  -0.146435  -0.388486  -0.431324  0.814272  -0.023824  0.000353  -0.008547  -0.200121  0.158237  -0.116090  1.000000  
52.182806 0.019558  -0.001593  0.002403  0.340252  0.754454  0.561273  -0.856390  0.495140  -0.146402  -0.388362  -0.430855  0.814579  -0.023522  0.000254  -0.008833  -0.213627  0.165105  -0.119619  1.000000  
52.183806 0.019537  -0.001592  0.002392  0.340467  0.754735  0.560765  -0.856416  0.495099  -0.146385  -0.388116  -0.430409  0.814932  -0.023310  0.000116  -0.009171  -0.229799  0.172914  -0.115470  1.000000  
52.184808 0.019514  -0.001591  0.002380  0.340839  0.754960  0.560236  -0.856324  0.495250  -0.146413  -0.387992  -0.429840  0.815291  -0.023212  0.000021  -0.009484  -0.244672  0.182745  -0.124597  1.000000  
52.185812 0.019490  -0.001590  0.002369  0.341053  0.755241  0.559727  -0.856350  0.495210  -0.146395  -0.387746  -0.429394  0.815643  -0.023188  -0.000039  -0.009713  -0.256265  0.195149  -0.127113  1.000000  
52.187060 0.019460  -0.001589  0.002356  0.341444  0.755486  0.559157  -0.856306  0.495307  -0.146322  -0.387499  -0.428848  0.816047  -0.023076  -0.000015  -0.009871  -0.272236  0.200768  -0.129884  1.000000  
52.188062 0.019436  -0.001589  0.002344  0.341835  0.755664  0.558678  -0.856262  0.495423  -0.146190  -0.387252  -0.428402  0.816399  -0.022893  0.000077  -0.010025  -0.284969  0.215968  -0.137849  1.000000  
52.189311 0.019406  -0.001590  0.002331  0.342245  0.755930  0.558066  -0.856265  0.495469  -0.146016  -0.386882  -0.427879  0.816848  -0.022796  0.000117  -0.010129  -0.305455  0.227874  -0.131650  1.000000  
52.190557 0.019377  -0.001593  0.002318  0.342656  0.756331  0.557271  -0.856268  0.495479  -0.145963  -0.386512  -0.427158  0.817401  -0.022738  0.000084  -0.010367  -0.321857  0.239686  -0.137685  1.000000  
52.191565 0.019354  -0.001593  0.002307  0.342870  0.756609  0.556761  -0.856294  0.495440  -0.145946  -0.386265  -0.426710  0.817751  -0.022756  0.000220  -0.010497  -0.336725  0.245540  -0.136809  1.000000  
52.192806 0.019326  -0.001593  0.002293  0.343281  0.756941  0.556056  -0.856296  0.495469  -0.145832  -0.385895  -0.426088  0.818251  -0.022787  0.000305  -0.010581  -0.348995  0.257325  -0.142882  1.000000  
52.194056 0.019297  -0.001593  0.002280  0.343710  0.757361  0.555218  -0.856347  0.495428  -0.145678  -0.385401  -0.425389  0.818847  -0.022825  0.000315  -0.010621  -0.369669  0.278269  -0.141502  1.000000  
52.195306 0.019268  -0.001592  0.002267  0.344120  0.757759  0.554421  -0.856348  0.495440  -0.145625  -0.385031  -0.424665  0.819397  -0.022898  0.000291  -0.010738  -0.387439  0.289120  -0.143156  1.000000  
52.196306 0.019246  -0.001592  0.002255  0.344530  0.758089  0.553714  -0.856350  0.495470  -0.145512  -0.384660  -0.424040  0.819894  -0.022965  0.000224  -0.010900  -0.405193  0.303961  -0.142686  1.000000  
52.197556 0.019216  -0.001592  0.002240  0.344960  0.758507  0.552875  -0.856399  0.495431  -0.145358  -0.384166  -0.423338  0.820488  -0.023207  0.000069  -0.011062  -0.419597  0.316238  -0.141146  1.000000  
52.198806 0.019183  -0.001592  0.002225  0.345389  0.758990  0.551942  -0.856447  0.495375  -0.145264  -0.383672  -0.422537  0.821132  -0.023591  -0.000074  -0.011117  -0.441189  0.334822  -0.138681  1.000000  
52.199808 0.019156  -0.001593  0.002213  0.345799  0.759385  0.551142  -0.856448  0.495390  -0.145212  -0.383301  -0.421810  0.821679  -0.023857  -0.000148  -0.011126  -0.458840  0.345594  -0.140399  1.000000  
52.201056 0.019123  -0.001593  0.002199  0.346248  0.760021  0.549982  -0.856543  0.495247  -0.145136  -0.382683  -0.420830  0.822469  -0.024106  -0.000232  -0.011105  -0.487239  0.361282  -0.132479  1.000000  
52.202058 0.019097  -0.001593  0.002188  0.346658  0.760414  0.549180  -0.856543  0.495263  -0.145084  -0.382313  -0.420101  0.823014  -0.024241  -0.000283  -0.011180  -0.504823  0.375966  -0.132147  1.000000  
52.203062 0.019071  -0.001593  0.002178  0.347088  0.760893  0.548244  -0.856589  0.495210  -0.144990  -0.381818  -0.419295  0.823654  -0.024380  -0.000268  -0.011144  -0.533533  0.390943  -0.127309  1.000000  
52.204309 0.019037  -0.001594  0.002164  0.347536  0.761526  0.547081  -0.856683  0.495070  -0.144915  -0.381200  -0.418312  0.824441  -0.024627  -0.000223  -0.011156  -0.559574  0.409793  -0.125083  1.000000  
52.205311 0.019011  -0.001593  0.002153  0.347966  0.762003  0.546143  -0.856728  0.495018  -0.144821  -0.380705  -0.417503  0.825079  -0.024796  0.000005  -0.011147  -0.581609  0.424739  -0.124898  1.000000  
52.206563 0.018980  -0.001593  0.002140  0.348591  0.762596  0.544915  -0.856749  0.495020  -0.144693  -0.380086  -0.416416  0.825913  -0.024983  -0.000001  -0.011156  -0.611449  0.439378  -0.124774  1.000000  
52.207564 0.018956  -0.001592  0.002129  0.349216  0.762989  0.543963  -0.856769  0.495076  -0.144385  -0.379467  -0.415629  0.826594  -0.025114  0.000068  -0.011144  -0.633352  0.458207  -0.122548  1.000000  
52.208806 0.018926  -0.001592  0.002117  0.349841  0.763514  0.542824  -0.856788  0.495097  -0.144198  -0.378848  -0.414639  0.827374  -0.025161  0.000107  -0.011041  -0.659545  0.477170  -0.120477  1.000000  
52.210056 0.018895  -0.001593  0.002104  0.350661  0.764021  0.541580  -0.856781  0.495209  -0.143857  -0.378105  -0.413570  0.828249  -0.025306  -0.000007  -0.010987  -0.684373  0.501855  -0.129818  1.000000  
52.211306 0.018864  -0.001594  0.002091  0.351482  0.764526  0.540334  -0.856772  0.495322  -0.143517  -0.377362  -0.412499  0.829122  -0.025475  -0.000140  -0.010889  -0.707794  0.523598  -0.133559  1.000000  
52.212556 0.018833  -0.001596  0.002080  0.352302  0.765095  0.538993  -0.856762  0.495420  -0.143238  -0.376618  -0.411326  0.830042  -0.025569  -0.000295  -0.010677  -0.735292  0.549336  -0.135327  1.000000  
52.213556 0.018806  -0.001599  0.002070  0.352927  0.765547  0.537941  -0.856777  0.495465  -0.142992  -0.375998  -0.410430  0.830766  -0.025578  -0.000436  -0.010528  -0.748465  0.566435  -0.137918  1.000000  
52.214557 0.018781  -0.001601  0.002060  0.353571  0.766083  0.536753  -0.856838  0.495443  -0.142705  -0.375254  -0.409454  0.831584  -0.025497  -0.000551  -0.010386  -0.767581  0.587915  -0.141722  1.000000  
52.215562 0.018754  -0.001603  0.002050  0.354196  0.766532  0.535699  -0.856851  0.495491  -0.142460  -0.374634  -0.408556  0.832305  -0.025421  -0.000628  -0.010224  -0.783760  0.607632  -0.143171  1.000000  
52.216806 0.018721  -0.001606  0.002038  0.355036  0.767178  0.534216  -0.856883  0.495527  -0.142140  -0.373766  -0.407296  0.833312  -0.025488  -0.000794  -0.010168  -0.812846  0.628222  -0.143988  1.000000  
52.217806 0.018695  -0.001607  0.002027  0.355856  0.767607  0.533053  -0.856867  0.495668  -0.141744  -0.373021  -0.406315  0.834124  -0.025493  -0.000919  -0.010222  -0.829461  0.652612  -0.153611  1.000000  
52.218809 0.018671  -0.001608  0.002017  0.356677  0.768099  0.531794  -0.856850  0.495794  -0.141408  -0.372276  -0.405231  0.834984  -0.025336  -0.000988  -0.010187  -0.848752  0.674147  -0.157712  1.000000  
52.219817 0.018646  -0.001609  0.002007  0.357497  0.768653  0.530441  -0.856832  0.495904  -0.141134  -0.371531  -0.404044  0.835891  -0.025198  -0.001071  -0.010050  -0.874913  0.697116  -0.165253  1.000000  
52.221062 0.018616  -0.001609  0.001995  0.358513  0.769252  0.528885  -0.856784  0.496090  -0.140768  -0.370661  -0.402673  0.836938  -0.025141  -0.001127  -0.009943  -0.900121  0.725799  -0.173418  1.000000  
52.222311 0.018585  -0.001611  0.001983  0.359548  0.769932  0.527190  -0.856780  0.496213  -0.140361  -0.369667  -0.401219  0.838075  -0.025133  -0.001267  -0.009891  -0.929296  0.754310  -0.181700  1.000000  
52.223567 0.018555  -0.001612  0.001972  0.360564  0.770652  0.525441  -0.856728  0.496371  -0.140118  -0.368796  -0.399639  0.839213  -0.025154  -0.001408  -0.009799  -0.962400  0.774600  -0.194092  1.000000  
52.224806 0.018524  -0.001616  0.001961  0.361618  0.771409  0.523603  -0.856765  0.496434  -0.139670  -0.367677  -0.398097  0.840436  -0.025170  -0.001599  -0.009724  -0.992063  0.803349  -0.202741  1.000000  
52.226056 0.018492  -0.001620  0.001951  0.362849  0.772123  0.521695  -0.856725  0.496642  -0.139176  -0.366557  -0.396450  0.841703  -0.025217  -0.001804  -0.009508  -1.018825  0.838682  -0.215276  1.000000  
52.227306 0.018460  -0.001626  0.001941  0.363903  0.772935  0.519756  -0.856756  0.496695  -0.138790  -0.365436  -0.394798  0.842966  -0.025277  -0.002061  -0.009426  -1.052289  0.867096  -0.224121  1.000000  
52.228559 0.018426  -0.001632  0.001931  0.365152  0.773598  0.517890  -0.856755  0.496880  -0.138135  -0.364190  -0.393265  0.844221  -0.025284  -0.002167  -0.009260  -1.074989  0.902280  -0.236847  1.000000  
52.229806 0.018392  -0.001638  0.001920  0.366225  0.774484  0.515805  -0.856826  0.496876  -0.137709  -0.362944  -0.391523  0.845566  -0.025418  -0.002427  -0.009155  -1.103510  0.931047  -0.240044  1.000000  
52.231056 0.018358  -0.001644  0.001909  0.367493  0.775220  0.513792  -0.856863  0.497004  -0.137013  -0.361572  -0.389898  0.846903  -0.025488  -0.002674  -0.009113  -1.122211  0.965907  -0.253141  1.000000  
52.232056 0.018331  -0.001649  0.001901  0.368528  0.775806  0.512164  -0.856839  0.497171  -0.136556  -0.360574  -0.388518  0.847963  -0.025558  -0.002925  -0.008939  -1.143397  0.994091  -0.262167  1.000000  
52.233306 0.018297  -0.001655  0.001889  0.369796  0.776534  0.510144  -0.856870  0.497308  -0.135863  -0.359201  -0.386885  0.849291  -0.025689  -0.003166  -0.008874  -1.162368  1.029048  -0.275561  1.000000  
52.234308 0.018271  -0.001659  0.001880  0.370849  0.777195  0.508369  -0.856885  0.497418  -0.135364  -0.358076  -0.385414  0.850433  -0.025845  -0.003344  -0.008852  -1.183466  1.056948  -0.284891  1.000000  
52.235562 0.018237  -0.001664  0.001869  0.372117  0.778036  0.506152  -0.856909  0.497531  -0.134795  -0.356702  -0.383566  0.851846  -0.026038  -0.003601  -0.008722  -1.210930  1.093894  -0.297481  1.000000  
52.236562 0.018210  -0.001668  0.001860  0.373189  0.778770  0.504230  -0.856962  0.497586  -0.134255  -0.355452  -0.382004  0.853069  -0.026248  -0.003922  -0.008619  -1.234437  1.120978  -0.300718  1.000000  
52.237809 0.018176  -0.001676  0.001849  0.374475  0.779681  0.501863  -0.857022  0.497646  -0.133645  -0.353950  -0.380061  0.854560  -0.026473  -0.004294  -0.008612  -1.268219  1.152934  -0.309087  1.000000  
52.238810 0.018149  -0.001682  0.001840  0.375547  0.780344  0.500027  -0.857069  0.497725  -0.133047  -0.352699  -0.378593  0.855728  -0.026680  -0.004644  -0.008563  -1.297191  1.185046  -0.310032  1.000000  
52.239814 0.018121  -0.001689  0.001832  0.376442  0.781167  0.498067  -0.857191  0.497631  -0.132613  -0.351446  -0.377017  0.856938  -0.026880  -0.004955  -0.008561  -1.323887  1.207675  -0.308513  1.000000  
52.241056 0.018086  -0.001700  0.001822  0.377746  0.782141  0.495543  -0.857284  0.497645  -0.131962  -0.349817  -0.374973  0.858500  -0.027098  -0.005335  -0.008592  -1.360988  1.241525  -0.309817  1.000000  
52.242307 0.018052  -0.001711  0.001812  0.378874  0.783091  0.493177  -0.857450  0.497536  -0.131293  -0.348187  -0.373131  0.859964  -0.027192  -0.005625  -0.008590  -1.387957  1.272276  -0.305241  1.000000  
52.243558 0.018018  -0.001722  0.001802  0.380020  0.784114  0.490663  -0.857654  0.497372  -0.130579  -0.346431  -0.371197  0.861510  -0.027250  -0.005997  -0.008584  -1.416577  1.305711  -0.306761  1.000000  
52.244809 0.017983  -0.001733  0.001793  0.381342  0.785027  0.488170  -0.857775  0.497375  -0.129765  -0.344673  -0.369256  0.863047  -0.027275  -0.006364  -0.008452  -1.445388  1.339292  -0.308465  1.000000  
52.246055 0.017949  -0.001745  0.001785  0.382506  0.786115  0.485502  -0.858013  0.497164  -0.129007  -0.342788  -0.367221  0.864665  -0.027288  -0.006703  -0.008264  -1.476658  1.371123  -0.296283  1.000000  
52.247056 0.017921  -0.001755  0.001778  0.383613  0.786901  0.483351  -0.858120  0.497155  -0.128325  -0.341280  -0.365546  0.865970  -0.027315  -0.007051  -0.008157  -1.507999  1.405359  -0.298317  1.000000  
52.248056 0.017894  -0.001764  0.001772  0.384720  0.787681  0.481195  -0.858223  0.497152  -0.127644  -0.339770  -0.363866  0.867270  -0.027319  -0.007406  -0.007940  -1.531015  1.432235  -0.296003  1.000000  
52.249306 0.017861  -0.001776  0.001763  0.386040  0.788684  0.478488  -0.858326  0.497150  -0.126955  -0.338008  -0.361689  0.868868  -0.027340  -0.007840  -0.007760  -1.555469  1.458144  -0.294204  1.000000  
52.250556 0.017827  -0.001789  0.001756  0.387220  0.789763  0.475747  -0.858586  0.496921  -0.126093  -0.335992  -0.359644  0.870497  -0.027324  -0.008362  -0.007548  -1.585433  1.494669  -0.281609  1.000000  
52.251560 0.017800  -0.001800  0.001750  0.388344  0.790487  0.473624  -0.858718  0.496906  -0.125248  -0.334353  -0.358070  0.871776  -0.027297  -0.008818  -0.007308  -1.603388  1.526772  -0.278158  1.000000  
52.252569 0.017773  -0.001812  0.001744  0.389290  0.791309  0.471470  -0.858927  0.496734  -0.124501  -0.332714  -0.356491  0.873050  -0.027278  -0.009261  -0.007098  -1.620017  1.554483  -0.268448  1.000000  
52.253811 0.017739  -0.001828  0.001737  0.390626  0.792245  0.468785  -0.859051  0.496731  -0.123649  -0.330820  -0.354410  0.874615  -0.027333  -0.009796  -0.006859  -1.639536  1.585693  -0.265891  1.000000  
52.254812 0.017712  -0.001841  0.001732  0.391572  0.793112  0.466525  -0.859252  0.496555  -0.122962  -0.329178  -0.352714  0.875919  -0.027297  -0.010127  -0.006697  -1.656934  1.610003  -0.258550  1.000000  
52.256061 0.017678  -0.001859  0.001726  0.392748  0.794154  0.463754  -0.859487  0.496360  -0.122101  -0.327156  -0.350636  0.877510  -0.027222  -0.010655  -0.006371  -1.677054  1.635833  -0.244456  1.000000  
52.257307 0.017644  -0.001878  0.001721  0.394100  0.795087  0.461002  -0.859636  0.496337  -0.121145  -0.325132  -0.348550  0.879091  -0.027139  -0.011181  -0.006021  -1.695108  1.664649  -0.236491  1.000000  
52.258557 0.017610  -0.001895  0.001718  0.395293  0.796132  0.458168  -0.859900  0.496115  -0.120177  -0.322981  -0.346473  0.880704  -0.027154  -0.011566  -0.005611  -1.716695  1.690174  -0.228648  1.000000  
52.259559 0.017584  -0.001909  0.001715  0.396253  0.796992  0.455837  -0.860122  0.495922  -0.119384  -0.321207  -0.344769  0.882021  -0.027058  -0.011895  -0.005269  -1.730517  1.717754  -0.221791  1.000000  
52.260806 0.017550  -0.001927  0.001714  0.397444  0.797967  0.453087  -0.860374  0.495730  -0.118356  -0.319052  -0.342785  0.883575  -0.027071  -0.012266  -0.004870  -1.746103  1.736254  -0.210168  1.000000  
52.261806 0.017522  -0.001942  0.001714  0.398562  0.798693  0.450819  -0.860467  0.495754  -0.117577  -0.317403  -0.341054  0.884838  -0.027085  -0.012690  -0.004384  -1.760376  1.760445  -0.205072  1.000000  
52.262810 0.017494  -0.001957  0.001714  0.399538  0.799554  0.448424  -0.860715  0.495537  -0.116676  -0.315500  -0.339348  0.886173  -0.027173  -0.013104  -0.003955  -1.776073  1.782346  -0.192597  1.000000  
52.264055 0.017458  -0.001977  0.001715  0.400743  0.800634  0.445411  -0.860989  0.495298  -0.115661  -0.313213  -0.337143  0.887824  -0.027330  -0.013570  -0.003369  -1.795360  1.808720  -0.178453  1.000000  
52.265056 0.017428  -0.001993  0.001717  0.401699  0.801408  0.443151  -0.861189  0.495149  -0.114808  -0.311434  -0.335518  0.889065  -0.027520  -0.013950  -0.002818  -1.803179  1.826846  -0.168019  1.000000  
52.266305 0.017390  -0.002014  0.001721  0.402867  0.802380  0.440323  -0.861377  0.495020  -0.113949  -0.309399  -0.333378  0.890579  -0.027789  -0.014439  -0.002083  -1.816569  1.842125  -0.160553  1.000000  
52.267306 0.017359  -0.002031  0.001724  0.403821  0.803143  0.438053  -0.861568  0.494883  -0.113096  -0.307617  -0.331742  0.891807  -0.028059  -0.014828  -0.001507  -1.818809  1.854637  -0.151927  1.000000  
52.268306 0.017328  -0.002049  0.001728  0.404775  0.803899  0.435779  -0.861756  0.494751  -0.112243  -0.305834  -0.330102  0.893028  -0.028298  -0.015158  -0.000798  -1.820011  1.870887  -0.149465  1.000000  
52.269314 0.017297  -0.002067  0.001732  0.405728  0.804651  0.433500  -0.861939  0.494625  -0.111390  -0.304050  -0.328456  0.894243  -0.028577  -0.015561  -0.000113  -1.825169  1.885831  -0.141760  1.000000  
52.270562 0.017258  -0.002090  0.001740  0.406926  0.805631  0.430546  -0.862180  0.494444  -0.110315  -0.301755  -0.326319  0.895801  -0.028928  -0.015910  0.000723  -1.826250  1.910110  -0.137259  1.000000  
52.271564 0.017227  -0.002109  0.001746  0.407894  0.806336  0.428304  -0.862391  0.494304  -0.109295  -0.299841  -0.324785  0.897001  -0.029205  -0.016210  0.001593  -1.829916  1.928522  -0.127020  1.000000  
52.272807 0.017188  -0.002132  0.001755  0.409090  0.807249  0.425436  -0.862620  0.494153  -0.108160  -0.297542  -0.322742  0.898502  -0.029543  -0.016507  0.002375  -1.831931  1.945407  -0.125906  1.000000  
52.274055 0.017148  -0.002156  0.001765  0.410123  0.808272  0.422486  -0.862964  0.493805  -0.107004  -0.295114  -0.320705  0.900031  -0.029905  -0.016897  0.003266  -1.840884  1.960146  -0.110633  1.000000  
52.275057 0.017116  -0.002175  0.001774  0.411088  0.809010  0.420130  -0.863159  0.493672  -0.106043  -0.293196  -0.319046  0.901247  -0.030278  -0.017290  0.004018  -1.839690  1.974007  -0.110637  1.000000  
52.276305 0.017076  -0.002199  0.001786  0.412296  0.809917  0.417189  -0.863405  0.493507  -0.104800  -0.290765  -0.316995  0.902757  -0.030657  -0.017671  0.004784  -1.835690  1.988456  -0.103881  1.000000  
52.277306 0.017043  -0.002219  0.001796  0.413063  0.810725  0.414853  -0.863640  0.493258  -0.104033  -0.288972  -0.315312  0.903921  -0.031039  -0.018035  0.005537  -1.839808  1.995019  -0.099090  1.000000  
52.278311 0.017009  -0.002239  0.001806  0.414024  0.811395  0.412581  -0.863821  0.493155  -0.103012  -0.287050  -0.313746  0.905078  -0.031365  -0.018355  0.006176  -1.834380  2.004268  -0.092651  1.000000  
52.279564 0.016966  -0.002265  0.001821  0.415033  0.812312  0.409752  -0.864100  0.492896  -0.101903  -0.284742  -0.311773  0.906487  -0.031835  -0.018761  0.007076  -1.828016  2.016210  -0.079723  1.000000  
52.280807 0.016922  -0.002292  0.001838  0.416252  0.813156  0.406832  -0.864356  0.492738  -0.100491  -0.282176  -0.309818  0.907959  -0.032277  -0.019187  0.007958  -1.828436  2.031261  -0.072844  1.000000  
52.282056 0.016878  -0.002320  0.001855  0.417290  0.814141  0.403786  -0.864690  0.492409  -0.099221  -0.279608  -0.307745  0.909457  -0.032671  -0.019548  0.008790  -1.828925  2.046464  -0.066271  1.000000  
52.283306 0.016832  -0.002348  0.001875  0.418310  0.815051  0.400884  -0.864983  0.492139  -0.098001  -0.277166  -0.305763  0.910872  -0.033125  -0.019925  0.009758  -1.827480  2.054583  -0.061469  1.000000  
52.284309 0.016795  -0.002370  0.001890  0.419280  0.815706  0.398532  -0.865170  0.492033  -0.096870  -0.275109  -0.304182  0.912024  -0.033493  -0.020213  0.010495  -1.822409  2.064290  -0.055370  1.000000  
52.285557 0.016750  -0.002398  0.001911  0.420329  0.816588  0.395611  -0.865517  0.491717  -0.095369  -0.272406  -0.302321  0.913453  -0.033866  -0.020539  0.011411  -1.810608  2.087780  -0.045855  1.000000  
52.286561 0.016713  -0.002420  0.001928  0.421117  0.817332  0.393228  -0.865779  0.491457  -0.094320  -0.270346  -0.300729  0.914590  -0.034269  -0.020771  0.012142  -1.811782  2.095547  -0.033574  1.000000  
52.287566 0.016677  -0.002443  0.001946  0.422083  0.817922  0.390960  -0.865950  0.491383  -0.093130  -0.268284  -0.299244  0.915684  -0.034635  -0.021084  0.012901  -1.801849  2.106369  -0.034385  1.000000  
52.288809 0.016630  -0.002472  0.001969  0.423109  0.818765  0.388075  -0.866244  0.491126  -0.091737  -0.265705  -0.297353  0.917051  -0.035127  -0.021458  0.013783  -1.793584  2.117044  -0.029389  1.000000  
52.289813 0.016593  -0.002495  0.001987  0.423908  0.819415  0.385824  -0.866524  0.490871  -0.090457  -0.263512  -0.295980  0.918127  -0.035439  -0.021660  0.014420  -1.784614  2.127285  -0.023051  1.000000  
52.291056 0.016545  -0.002524  0.002012  0.424946  0.820215  0.382972  -0.866836  0.490606  -0.088893  -0.260800  -0.294199  0.919473  -0.035997  -0.022034  0.015328  -1.772594  2.142671  -0.016520  1.000000  
52.292056 0.016506  -0.002548  0.002031  0.425757  0.820872  0.380657  -0.867134  0.490328  -0.087501  -0.258474  -0.292827  0.920567  -0.036364  -0.022256  0.015940  -1.761725  2.159561  -0.001154  1.000000  
52.293058 0.016467  -0.002572  0.002053  0.426551  0.821553  0.378293  -0.867397  0.490081  -0.086278  -0.256276  -0.291328  0.921656  -0.036804  -0.022547  0.016714  -1.752932  2.165928  0.003315  1.000000  
52.294305 0.016416  -0.002602  0.002080  0.427582  0.822332  0.375424  -0.867687  0.489839  -0.084713  -0.253559  -0.289529  0.922974  -0.037253  -0.022846  0.017449  -1.736569  2.176952  0.008093  1.000000  
52.295306 0.016375  -0.002627  0.002103  0.428386  0.823018  0.372996  -0.867968  0.489570  -0.083378  -0.251229  -0.288030  0.924079  -0.037643  -0.023092  0.018126  -1.731710  2.196090  0.017050  1.000000  
52.296306 0.016334  -0.002652  0.002126  0.429175  0.823637  0.370717  -0.868214  0.489352  -0.082094  -0.249027  -0.286629  0.925110  -0.038022  -0.023292  0.018780  -1.722762  2.206756  0.023170  1.000000  
52.297562 0.016281  -0.002683  0.002155  0.429990  0.824419  0.368025  -0.868513  0.489042  -0.080765  -0.246564  -0.284906  0.926302  -0.038629  -0.023555  0.019516  -1.707619  2.210875  0.032975  1.000000  
52.298806 0.016227  -0.002715  0.002185  0.431011  0.825127  0.365233  -0.868776  0.488841  -0.079138  -0.243840  -0.283197  0.927546  -0.039135  -0.023784  0.020265  -1.695563  2.223055  0.037718  1.000000  
52.299806 0.016184  -0.002740  0.002211  0.431600  0.825768  0.363081  -0.869064  0.488516  -0.077979  -0.241763  -0.281885  0.928489  -0.039610  -0.023965  0.020926  -1.684788  2.227913  0.048677  1.000000  
52.300808 0.016140  -0.002766  0.002237  0.432395  0.826339  0.360830  -0.869316  0.488297  -0.076522  -0.239426  -0.280588  0.929487  -0.040019  -0.024143  0.021444  -1.671158  2.237639  0.055228  1.000000  
52.301810 0.016096  -0.002792  0.002264  0.433023  0.826979  0.358605  -0.869680  0.487890  -0.074968  -0.236957  -0.279409  0.930474  -0.040579  -0.024400  0.022140  -1.660518  2.251214  0.068676  1.000000  
52.302813 0.016052  -0.002818  0.002292  0.433813  0.827541  0.356346  -0.869920  0.487683  -0.073509  -0.234616  -0.278103  0.931458  -0.041078  -0.024619  0.022794  -1.640990  2.268047  0.070356  1.000000  
52.304060 0.015995  -0.002850  0.002328  0.434533  0.828459  0.353321  -0.870467  0.487020  -0.071408  -0.231233  -0.276526  0.932773  -0.041853  -0.024879  0.023736  -1.627796  2.291824  0.093552  1.000000  
52.305060 0.015948  -0.002877  0.002358  0.435139  0.829068  0.351140  -0.870783  0.486664  -0.069960  -0.228889  -0.275324  0.933706  -0.042427  -0.025075  0.024471  -1.616396  2.300704  0.106170  1.000000  
52.306311 0.015890  -0.002910  0.002396  0.435811  0.829925  0.348273  -0.871230  0.486116  -0.068189  -0.225893  -0.273708  0.934910  -0.043040  -0.025325  0.025402  -1.603030  2.311987  0.125165  1.000000  
52.307560 0.015831  -0.002944  0.002436  0.436672  0.830690  0.345358  -0.871605  0.485715  -0.066231  -0.222763  -0.272094  0.936131  -0.043766  -0.025631  0.026348  -1.588349  2.337423  0.132819  1.000000  
52.308806 0.015771  -0.002978  0.002476  0.437349  0.831506  0.342525  -0.872060  0.485159  -0.064284  -0.219632  -0.270588  0.937307  -0.044466  -0.025868  0.027200  -1.575291  2.353500  0.153206  1.000000  
52.310056 0.015709  -0.003012  0.002516  0.438009  0.832259  0.339844  -0.872479  0.484652  -0.062387  -0.216628  -0.269181  0.938410  -0.045092  -0.026075  0.027966  -1.553551  2.370332  0.169023  1.000000  
52.311306 0.015647  -0.003047  0.002557  0.438665  0.833046  0.337057  -0.872890  0.484145  -0.060547  -0.213623  -0.267654  0.939535  -0.045839  -0.026321  0.028887  -1.535630  2.378839  0.178356  1.000000  
52.312306 0.015597  -0.003075  0.002592  0.439088  0.833740  0.334783  -0.873283  0.483623  -0.059047  -0.211139  -0.266434  0.940443  -0.046404  -0.026582  0.029643  -1.524055  2.386904  0.199154  1.000000  
52.313556 0.015533  -0.003110  0.002636  0.439750  0.834490  0.332033  -0.873703  0.483105  -0.057031  -0.207999  -0.265018  0.941542  -0.046999  -0.026746  0.030407  -1.504461  2.405007  0.213331  1.000000  
52.314559 0.015482  -0.003139  0.002673  0.440141  0.835103  0.329967  -0.874033  0.482665  -0.055694  -0.205774  -0.263889  0.942348  -0.047501  -0.026953  0.031214  -1.492134  2.402744  0.227268  1.000000  
52.315806 0.015417  -0.003174  0.002719  0.440784  0.835787  0.327367  -0.874413  0.482199  -0.053728  -0.202761  -0.262571  0.943369  -0.048220  -0.027208  0.032125  -1.472907  2.408480  0.237676  1.000000  
52.317056 0.015352  -0.003211  0.002767  0.441423  0.836505  0.324660  -0.874784  0.481734  -0.051819  -0.199747  -0.261134  0.944410  -0.048994  -0.027530  0.033128  -1.457191  2.417861  0.249171  1.000000  
52.318306 0.015285  -0.003247  0.002815  0.442082  0.837210  0.321937  -0.875194  0.481221  -0.049623  -0.196468  -0.259820  0.945460  -0.049621  -0.027766  0.033951  -1.437505  2.435978  0.263361  1.000000  
52.319308 0.015232  -0.003277  0.002856  0.442486  0.837836  0.319745  -0.875545  0.480740  -0.048053  -0.193975  -0.258689  0.946284  -0.050197  -0.028022  0.034759  -1.425372  2.445198  0.275882  1.000000  
52.320311 0.015177  -0.003306  0.002897  0.442887  0.838420  0.317653  -0.875892  0.480270  -0.046422  -0.191480  -0.257670  0.947070  -0.050710  -0.028205  0.035459  -1.410323  2.451374  0.290523  1.000000  
52.321312 0.015122  -0.003337  0.002938  0.443297  0.839015  0.315501  -0.876254  0.479773  -0.044677  -0.188853  -0.256654  0.947873  -0.051255  -0.028511  0.036170  -1.398297  2.456867  0.302223  1.000000  
52.322561 0.015054  -0.003375  0.002990  0.443907  0.839654  0.312934  -0.876564  0.479377  -0.042813  -0.185962  -0.255302  0.948809  -0.051869  -0.028807  0.037063  -1.382031  2.457813  0.311539  1.000000  
52.323561 0.014998  -0.003406  0.003033  0.444278  0.840158  0.311051  -0.876848  0.478987  -0.041346  -0.183726  -0.254375  0.949494  -0.052410  -0.029042  0.037796  -1.361474  2.454476  0.320725  1.000000  
52.324568 0.014942  -0.003437  0.003077  0.444657  0.840711  0.309005  -0.877148  0.478566  -0.039822  -0.181358  -0.253336  0.950226  -0.052817  -0.029181  0.038539  -1.344687  2.450656  0.329706  1.000000  
52.325806 0.014870  -0.003475  0.003133  0.445088  0.841375  0.306568  -0.877550  0.477993  -0.037788  -0.178331  -0.252210  0.951098  -0.053498  -0.029483  0.039518  -1.326316  2.450973  0.346177  1.000000  
52.327055 0.014799  -0.003513  0.003189  0.445696  0.841973  0.304033  -0.877852  0.477596  -0.035746  -0.175302  -0.250964  0.951991  -0.054000  -0.029676  0.040366  -1.309566  2.459421  0.354319  1.000000  
52.328056 0.014742  -0.003544  0.003233  0.446077  0.842531  0.301922  -0.878155  0.477159  -0.034104  -0.172799  -0.249921  0.952722  -0.054458  -0.029857  0.041036  -1.297090  2.464913  0.365928  1.000000  
52.329056 0.014684  -0.003575  0.003280  0.446636  0.842950  0.299918  -0.878360  0.476905  -0.032341  -0.170294  -0.248991  0.953417  -0.054936  -0.030087  0.041733  -1.281685  2.484317  0.371572  1.000000  
52.330306 0.014611  -0.003615  0.003338  0.447243  0.843514  0.297417  -0.878659  0.476499  -0.030124  -0.167129  -0.247855  0.954272  -0.055456  -0.030278  0.042534  -1.259754  2.492091  0.376151  1.000000  
52.331561 0.014538  -0.003654  0.003396  0.447656  0.844157  0.294964  -0.879021  0.475956  -0.028081  -0.164094  -0.246709  0.955096  -0.056032  -0.030593  0.043342  -1.247022  2.488751  0.385043  1.000000  
52.332806 0.014464  -0.003694  0.003457  0.448235  0.844682  0.292572  -0.879263  0.475622  -0.026089  -0.161190  -0.245554  0.955888  -0.056490  -0.030743  0.044065  -1.231019  2.484661  0.389444  1.000000  
