1-Time 2-Px 3-Py 4-Pz 5-R11 6-R21 7-R31 8-R12 9-R22 10-R32 11-R13 12-R23 13-R33 14-Vx 15-Vy 16-Vz 17-Wx 18-Wy 19-Wz 20-state
168.022010 0.000721  -0.016987  0.000154  0.585455  0.772049  0.247352  -0.797838  0.602834  0.006793  -0.143868  -0.201324  0.968902  -0.003525  -0.008374  0.001717  -0.082002  0.183446  -0.484706  1.000000  
168.023220 0.000721  -0.016995  0.000153  0.585455  0.772109  0.247165  -0.797838  0.602836  0.006647  -0.143868  -0.201089  0.968951  0.000098  -0.008450  -0.001361  0.000000  0.000000  0.000000  1.000000  
168.024450 0.000725  -0.016996  0.000152  0.585455  0.772229  0.246790  -0.797838  0.602839  0.006354  -0.143868  -0.200619  0.969048  0.001642  -0.004265  -0.001171  0.000000  0.000000  0.000000  1.000000  
168.025700 0.000729  -0.016994  0.000150  0.585455  0.772348  0.246416  -0.797838  0.602842  0.006062  -0.143868  -0.200149  0.969145  0.002107  -0.002141  -0.001243  0.000000  0.000000  0.000000  1.000000  
168.026710 0.000730  -0.016997  0.000150  0.585630  0.772359  0.245963  -0.797732  0.602982  0.005925  -0.143735  -0.199682  0.969261  0.001903  -0.002212  -0.001045  0.000000  0.000000  0.000000  1.000000  
168.027950 0.000729  -0.017002  0.000152  0.585630  0.772479  0.245588  -0.797732  0.602985  0.005632  -0.143735  -0.199212  0.969358  0.001432  -0.002607  -0.000454  0.000000  0.000000  0.000000  1.000000  
168.029204 0.000730  -0.017004  0.000154  0.585466  0.772752  0.245121  -0.797853  0.602829  0.005216  -0.143735  -0.198624  0.969479  0.001246  -0.002391  -0.000087  0.000000  0.000000  0.000000  1.000000  
168.030450 0.000730  -0.017003  0.000154  0.585466  0.772871  0.244746  -0.797853  0.602832  0.004923  -0.143735  -0.198154  0.969575  0.001069  -0.001916  -0.000029  0.000000  0.000000  0.000000  1.000000  
168.031457 0.000728  -0.017002  0.000153  0.585455  0.772974  0.244448  -0.797838  0.602856  0.004526  -0.143868  -0.197679  0.969652  0.000748  -0.001685  -0.000192  0.000000  0.000000  0.000000  1.000000  
168.032705 0.000724  -0.017004  0.000152  0.585455  0.773062  0.244166  -0.797838  0.602857  0.004307  -0.143868  -0.197327  0.969724  0.000253  -0.001604  -0.000231  0.000000  0.000000  0.000000  1.000000  
168.033707 0.000722  -0.017003  0.000151  0.585466  0.773167  0.243808  -0.797853  0.602837  0.004192  -0.143735  -0.196978  0.969814  0.000110  -0.001411  -0.000243  0.000000  0.000000  0.000000  1.000000  
168.034953 0.000722  -0.017001  0.000153  0.585466  0.773285  0.243433  -0.797853  0.602839  0.003900  -0.143735  -0.196507  0.969910  0.000037  -0.001120  -0.000129  0.000000  0.000000  0.000000  1.000000  
168.036202 0.000722  -0.016996  0.000151  0.585302  0.773527  0.243059  -0.797974  0.602682  0.003557  -0.143735  -0.196036  0.970005  0.000041  -0.000644  -0.000211  0.000000  0.000000  0.000000  1.000000  
168.037203 0.000723  -0.016990  0.000150  0.585291  0.773600  0.242854  -0.797958  0.602704  0.003233  -0.143868  -0.195680  0.970058  0.000116  -0.000194  -0.000287  0.000000  0.000000  0.000000  1.000000  
168.038452 0.000726  -0.016979  0.000148  0.585291  0.773718  0.242478  -0.797958  0.602706  0.002941  -0.143868  -0.195209  0.970152  0.000342  0.001165  -0.000298  -0.390254  -0.002514  0.012292  1.000000  
168.039706 0.000732  -0.016965  0.000146  0.585279  0.773791  0.242274  -0.797943  0.602728  0.002617  -0.144000  -0.194852  0.970204  0.000364  0.002102  -0.000352  -0.383090  -0.009826  0.009880  1.000000  
168.040950 0.000735  -0.016953  0.000146  0.585443  0.773755  0.241992  -0.797822  0.602888  0.002447  -0.144000  -0.194499  0.970275  0.000348  0.002908  -0.000237  -0.375492  -0.006997  -0.001428  1.000000  
168.042202 0.000734  -0.016944  0.000145  0.585443  0.773843  0.241710  -0.797822  0.602889  0.002228  -0.144000  -0.194146  0.970346  0.000330  0.003798  -0.000364  -0.370184  -0.006559  -0.001338  1.000000  
168.043451 0.000734  -0.016935  0.000145  0.585443  0.773930  0.241428  -0.797822  0.602890  0.002009  -0.144000  -0.193793  0.970417  0.000278  0.004662  -0.000570  -0.365552  -0.006174  -0.001258  1.000000  
168.044700 0.000734  -0.016925  0.000145  0.585432  0.773974  0.241317  -0.797806  0.602911  0.001758  -0.144133  -0.193554  0.970445  0.000276  0.005220  -0.000602  -0.356026  -0.011661  -0.002374  1.000000  
168.045700 0.000735  -0.016918  0.000144  0.585432  0.774032  0.241130  -0.797806  0.602911  0.001611  -0.144133  -0.193318  0.970492  0.000361  0.005694  -0.000668  -0.351193  -0.011165  -0.002272  1.000000  
168.046950 0.000732  -0.016910  0.000144  0.585432  0.774091  0.240942  -0.797806  0.602912  0.001465  -0.144133  -0.193083  0.970538  0.000359  0.006179  -0.000496  -0.343255  -0.010601  -0.002156  1.000000  
168.047961 0.000729  -0.016904  0.000146  0.585596  0.774025  0.240754  -0.797686  0.603072  0.001368  -0.144133  -0.192847  0.970585  0.000430  0.006773  -0.000357  -0.338055  -0.008609  -0.009824  1.000000  
168.049205 0.000729  -0.016894  0.000150  0.585596  0.774113  0.240472  -0.797686  0.603072  0.001149  -0.144133  -0.192494  0.970655  0.000450  0.007254  -0.000182  -0.335955  -0.008214  -0.009370  1.000000  
168.050208 0.000731  -0.016884  0.000151  0.585596  0.774171  0.240284  -0.797686  0.603072  0.001003  -0.144133  -0.192259  0.970702  0.000582  0.007797  -0.000091  -0.332584  -0.007921  -0.009033  1.000000  
168.051454 0.000734  -0.016869  0.000152  0.585760  0.774105  0.240096  -0.797565  0.603232  0.000906  -0.144133  -0.192023  0.970749  0.000775  0.008420  0.000103  -0.325691  -0.006200  -0.015476  1.000000  
168.052700 0.000736  -0.016857  0.000154  0.585760  0.774163  0.239909  -0.797565  0.603232  0.000759  -0.144133  -0.191788  0.970795  0.000776  0.008609  0.000276  -0.321511  -0.006046  -0.015084  1.000000  
168.053702 0.000736  -0.016847  0.000155  0.585749  0.774206  0.239798  -0.797550  0.603253  0.000508  -0.144265  -0.191548  0.970823  0.000551  0.008592  0.000504  -0.317719  -0.010431  -0.015979  1.000000  
168.054950 0.000737  -0.016835  0.000159  0.585749  0.774235  0.239704  -0.797550  0.603253  0.000435  -0.144265  -0.191431  0.970846  0.000215  0.008471  0.000862  -0.305312  -0.010426  -0.015962  1.000000  
168.055950 0.000736  -0.016827  0.000161  0.585749  0.774264  0.239610  -0.797550  0.603253  0.000362  -0.144265  -0.191313  0.970869  0.000050  0.008367  0.001082  -0.296653  -0.011873  -0.009380  1.000000  
168.057216 0.000732  -0.016820  0.000162  0.585913  0.774169  0.239516  -0.797429  0.603412  0.000338  -0.144265  -0.191195  0.970892  -0.000161  0.008248  0.001115  -0.283236  -0.014923  -0.016967  1.000000  
168.058457 0.000727  -0.016816  0.000162  0.585913  0.774169  0.239516  -0.797429  0.603412  0.000338  -0.144265  -0.191195  0.970892  -0.000422  0.007985  0.001182  -0.262962  -0.014934  -0.016969  1.000000  
168.059702 0.000723  -0.016809  0.000163  0.586077  0.774045  0.239516  -0.797309  0.603572  0.000387  -0.144265  -0.191195  0.970892  -0.000792  0.007752  0.001303  -0.240629  -0.012247  -0.030394  1.000000  
168.060950 0.000719  -0.016803  0.000163  0.586066  0.774030  0.239593  -0.797293  0.603592  0.000283  -0.144397  -0.191191  0.970873  -0.001053  0.007547  0.001317  -0.226586  -0.012155  -0.030151  1.000000  
168.061950 0.000714  -0.016798  0.000164  0.586066  0.774030  0.239593  -0.797293  0.603592  0.000283  -0.144397  -0.191191  0.970873  -0.001174  0.007480  0.001296  0.000000  0.000000  0.000000  1.000000  
168.063201 0.000710  -0.016793  0.000166  0.586054  0.774015  0.239670  -0.797277  0.603613  0.000178  -0.144530  -0.191188  0.970854  -0.001273  0.007317  0.001302  0.000000  0.000000  0.000000  1.000000  
168.064207 0.000709  -0.016786  0.000167  0.586054  0.774015  0.239670  -0.797277  0.603613  0.000178  -0.144530  -0.191188  0.970854  -0.001419  0.007163  0.001173  0.000000  0.000000  0.000000  1.000000  
168.065454 0.000708  -0.016775  0.000169  0.586207  0.773904  0.239653  -0.797141  0.603793  0.000050  -0.144662  -0.191066  0.970859  -0.001560  0.007029  0.001132  0.000000  0.000000  0.000000  1.000000  
168.066462 0.000708  -0.016765  0.000169  0.586207  0.773904  0.239653  -0.797141  0.603793  0.000050  -0.144662  -0.191066  0.970859  -0.001792  0.006888  0.001081  0.000000  0.000000  0.000000  1.000000  
168.067705 0.000706  -0.016754  0.000171  0.586196  0.773918  0.239636  -0.797126  0.603814  -0.000128  -0.144795  -0.190945  0.970863  -0.001954  0.006792  0.001141  0.000000  0.000000  0.000000  1.000000  
168.068951 0.000703  -0.016746  0.000173  0.586196  0.773947  0.239542  -0.797126  0.603814  -0.000202  -0.144795  -0.190827  0.970886  -0.002272  0.006453  0.001158  0.000000  0.000000  0.000000  1.000000  
168.070203 0.000701  -0.016739  0.000176  0.586348  0.773837  0.239525  -0.796989  0.603993  -0.000330  -0.144927  -0.190705  0.970890  -0.002412  0.006193  0.001060  0.000000  0.000000  0.000000  1.000000  
168.071454 0.000697  -0.016733  0.000177  0.586337  0.773822  0.239602  -0.796974  0.604014  -0.000435  -0.145059  -0.190702  0.970871  -0.002540  0.006060  0.001013  0.000000  0.000000  0.000000  1.000000  
168.072700 0.000692  -0.016727  0.000176  0.586325  0.773807  0.239679  -0.796958  0.604034  -0.000539  -0.145192  -0.190698  0.970852  -0.002569  0.006098  0.000960  0.000000  0.000000  0.000000  1.000000  
168.073701 0.000688  -0.016722  0.000175  0.586478  0.773667  0.239756  -0.796822  0.604214  -0.000595  -0.145324  -0.190694  0.970833  -0.002575  0.006181  0.000878  0.000000  0.000000  0.000000  1.000000  
168.074950 0.000684  -0.016715  0.000176  0.586630  0.773528  0.239833  -0.796685  0.604394  -0.000650  -0.145456  -0.190690  0.970814  -0.002525  0.006193  0.000903  0.000000  0.000000  0.000000  1.000000  
168.076202 0.000683  -0.016707  0.000175  0.586783  0.773359  0.240004  -0.796549  0.604574  -0.000632  -0.145589  -0.190804  0.970772  -0.002276  0.006333  0.000787  0.000000  0.000000  0.000000  1.000000  
168.077450 0.000681  -0.016698  0.000175  0.586771  0.773344  0.240081  -0.796533  0.604595  -0.000736  -0.145721  -0.190801  0.970753  -0.002124  0.006521  0.000659  0.000000  0.000000  0.000000  1.000000  
168.078451 0.000680  -0.016690  0.000174  0.586912  0.773189  0.240235  -0.796381  0.604795  -0.000896  -0.145986  -0.190793  0.970714  -0.002022  0.006692  0.000496  0.000000  0.000000  0.000000  1.000000  
168.079707 0.000680  -0.016678  0.000171  0.587053  0.773034  0.240390  -0.796228  0.604995  -0.001056  -0.146251  -0.190785  0.970676  -0.001925  0.006879  0.000206  0.000000  0.000000  0.000000  1.000000  
168.080958 0.000680  -0.016666  0.000169  0.587357  0.772755  0.240544  -0.795955  0.605354  -0.001166  -0.146515  -0.190778  0.970637  -0.001922  0.006883  0.000046  0.000000  0.000000  0.000000  1.000000  
168.082204 0.000679  -0.016655  0.000169  0.587498  0.772600  0.240699  -0.795803  0.605555  -0.001325  -0.146780  -0.190770  0.970599  -0.001825  0.006908  -0.000038  0.000000  0.000000  0.000000  1.000000  
168.083211 0.000677  -0.016648  0.000169  0.587638  0.772474  0.240760  -0.795650  0.605755  -0.001558  -0.147045  -0.190645  0.970583  -0.001885  0.006849  -0.000221  0.000000  0.000000  0.000000  1.000000  
168.084454 0.000674  -0.016638  0.000169  0.587942  0.772194  0.240915  -0.795376  0.606114  -0.001668  -0.147309  -0.190637  0.970545  -0.001839  0.007012  -0.000381  0.000000  0.000000  0.000000  1.000000  
168.085701 0.000673  -0.016629  0.000168  0.588083  0.772068  0.240976  -0.795224  0.606313  -0.001900  -0.147574  -0.190512  0.970529  -0.001752  0.007197  -0.000492  0.000000  0.000000  0.000000  1.000000  
168.086952 0.000671  -0.016618  0.000167  0.588375  0.771802  0.241115  -0.794934  0.606692  -0.002188  -0.147971  -0.190383  0.970494  -0.001573  0.007581  -0.000592  0.000000  0.000000  0.000000  1.000000  
168.088201 0.000670  -0.016607  0.000168  0.588678  0.771551  0.241177  -0.794660  0.607051  -0.002371  -0.148236  -0.190258  0.970478  -0.001380  0.007815  -0.000490  0.000000  0.000000  0.000000  1.000000  
168.089450 0.000668  -0.016596  0.000171  0.588970  0.771256  0.241410  -0.794369  0.607430  -0.002585  -0.148633  -0.190246  0.970420  -0.001154  0.008168  -0.000268  0.000000  0.000000  0.000000  1.000000  
168.090455 0.000667  -0.016586  0.000173  0.589273  0.771005  0.241472  -0.794095  0.607788  -0.002767  -0.148897  -0.190121  0.970404  -0.001061  0.008451  -0.000172  0.000000  0.000000  0.000000  1.000000  
168.091702 0.000667  -0.016571  0.000173  0.589565  0.770709  0.241705  -0.793804  0.608166  -0.002981  -0.149294  -0.190109  0.970345  -0.000971  0.008860  -0.000157  0.000000  0.000000  0.000000  1.000000  
168.092950 0.000667  -0.016556  0.000174  0.590019  0.770317  0.241846  -0.793392  0.608703  -0.003218  -0.149691  -0.189980  0.970309  -0.000871  0.009228  -0.000037  -0.009209  -0.136509  -0.215149  1.000000  
168.093950 0.000667  -0.016544  0.000175  0.590146  0.770146  0.242079  -0.793222  0.608923  -0.003480  -0.150088  -0.189969  0.970250  -0.000857  0.009411  0.000201  -0.008085  -0.147206  -0.222608  1.000000  
168.095200 0.000665  -0.016530  0.000176  0.590437  0.769850  0.242313  -0.792930  0.609301  -0.003693  -0.150485  -0.189957  0.970191  -0.000965  0.009528  0.000403  -0.006008  -0.153350  -0.237648  1.000000  
168.096450 0.000662  -0.016517  0.000177  0.590727  0.769583  0.242454  -0.792639  0.609679  -0.003980  -0.150882  -0.189828  0.970155  -0.001171  0.009626  0.000564  -0.004955  -0.165246  -0.246924  1.000000  
168.097457 0.000659  -0.016507  0.000178  0.591017  0.769286  0.242689  -0.792347  0.610057  -0.004192  -0.151278  -0.189816  0.970095  -0.001313  0.009715  0.000551  0.001189  -0.172763  -0.264023  1.000000  
168.098704 0.000654  -0.016496  0.000179  0.591319  0.769004  0.242846  -0.792071  0.610414  -0.004300  -0.151543  -0.189808  0.970055  -0.001507  0.009875  0.000723  0.007346  -0.178966  -0.279161  1.000000  
168.099712 0.000650  -0.016486  0.000180  0.591446  0.768833  0.243079  -0.791900  0.610633  -0.004562  -0.151940  -0.189797  0.969996  -0.001598  0.010038  0.000763  0.007408  -0.187738  -0.280800  1.000000  
168.100956 0.000646  -0.016473  0.000181  0.591735  0.768565  0.243221  -0.791608  0.611010  -0.004848  -0.152336  -0.189667  0.969959  -0.001714  0.010249  0.000895  0.009532  -0.194019  -0.296003  1.000000  
168.102201 0.000642  -0.016459  0.000183  0.591874  0.768409  0.243378  -0.791453  0.611209  -0.005006  -0.152601  -0.189659  0.969919  -0.001857  0.010486  0.001005  0.010513  -0.199963  -0.302075  1.000000  
168.103213 0.000639  -0.016447  0.000186  0.592012  0.768283  0.243441  -0.791299  0.611407  -0.005237  -0.152865  -0.189534  0.969902  -0.002030  0.010744  0.001156  0.006570  -0.205918  -0.305221  1.000000  
168.104453 0.000635  -0.016431  0.000190  0.592138  0.768111  0.243675  -0.791128  0.611626  -0.005499  -0.153262  -0.189522  0.969841  -0.002190  0.011004  0.001288  0.007611  -0.211725  -0.311147  1.000000  
168.105700 0.000633  -0.016414  0.000194  0.592277  0.767984  0.243739  -0.790973  0.611824  -0.005731  -0.153526  -0.189397  0.969824  -0.002293  0.011259  0.001469  0.003621  -0.216138  -0.312006  1.000000  
168.106950 0.000631  -0.016395  0.000199  0.592402  0.767813  0.243973  -0.790802  0.612043  -0.005992  -0.153923  -0.189385  0.969763  -0.002497  0.011493  0.001656  -0.000334  -0.220487  -0.312847  1.000000  
168.107950 0.000628  -0.016381  0.000203  0.592540  0.767686  0.244037  -0.790647  0.612241  -0.006224  -0.154187  -0.189259  0.969746  -0.002688  0.011632  0.001950  -0.004324  -0.224881  -0.313679  1.000000  
168.108950 0.000624  -0.016368  0.000207  0.592678  0.767529  0.244194  -0.790492  0.612440  -0.006381  -0.154452  -0.189251  0.969705  -0.002913  0.011743  0.002166  -0.004290  -0.226804  -0.316348  1.000000  
168.110200 0.000619  -0.016352  0.000211  0.592804  0.767387  0.244336  -0.790320  0.612658  -0.006717  -0.154848  -0.189122  0.969667  -0.003154  0.011872  0.002434  -0.008208  -0.229284  -0.314501  1.000000  
168.111450 0.000614  -0.016336  0.000217  0.592929  0.767216  0.244571  -0.790148  0.612876  -0.006978  -0.155245  -0.189110  0.969606  -0.003236  0.012101  0.002644  -0.008121  -0.233709  -0.315407  1.000000  
168.112450 0.000609  -0.016324  0.000221  0.593067  0.767059  0.244728  -0.789993  0.613075  -0.007135  -0.155509  -0.189102  0.969566  -0.003338  0.012215  0.002912  -0.008049  -0.233671  -0.315342  1.000000  
168.113701 0.000604  -0.016309  0.000226  0.593192  0.766887  0.244963  -0.789821  0.613293  -0.007396  -0.155906  -0.189090  0.969504  -0.003352  0.012431  0.003089  -0.004959  -0.239433  -0.309591  1.000000  
168.114707 0.000600  -0.016296  0.000229  0.593330  0.766731  0.245120  -0.789665  0.613492  -0.007553  -0.156170  -0.189082  0.969463  -0.003367  0.012652  0.003268  -0.000852  -0.241366  -0.312040  1.000000  
168.115709 0.000597  -0.016283  0.000233  0.593454  0.766559  0.245356  -0.789493  0.613710  -0.007813  -0.156567  -0.189070  0.969402  -0.003327  0.012878  0.003531  -0.001817  -0.247074  -0.306152  1.000000  
168.116955 0.000595  -0.016266  0.000237  0.593742  0.766260  0.245593  -0.789198  0.614086  -0.008023  -0.156963  -0.189058  0.969340  -0.003227  0.013106  0.003709  0.003399  -0.250239  -0.313753  1.000000  
168.117956 0.000593  -0.016251  0.000242  0.593866  0.766088  0.245829  -0.789025  0.614305  -0.008283  -0.157359  -0.189046  0.969278  -0.003139  0.013265  0.003795  0.006505  -0.255953  -0.307836  1.000000  
168.119200 0.000592  -0.016232  0.000247  0.594140  0.765804  0.246051  -0.788713  0.614700  -0.008671  -0.157888  -0.188912  0.969218  -0.002961  0.013472  0.003892  0.002509  -0.262638  -0.307001  1.000000  
168.120203 0.000591  -0.016217  0.000252  0.594264  0.765632  0.246287  -0.788540  0.614918  -0.008931  -0.158284  -0.188900  0.969156  -0.002894  0.013552  0.004009  0.006641  -0.267211  -0.308030  1.000000  
168.121454 0.000590  -0.016198  0.000256  0.594538  0.765348  0.246510  -0.788228  0.615313  -0.009318  -0.158813  -0.188766  0.969095  -0.002807  0.013594  0.003952  0.001684  -0.270600  -0.303652  1.000000  
168.122460 0.000590  -0.016184  0.000261  0.594811  0.765034  0.246827  -0.787915  0.615709  -0.009631  -0.159341  -0.188750  0.969012  -0.002680  0.013577  0.004054  0.005875  -0.274952  -0.304387  1.000000  
168.123702 0.000588  -0.016166  0.000267  0.595084  0.764749  0.247050  -0.787602  0.616103  -0.010018  -0.159869  -0.188616  0.968951  -0.002488  0.013709  0.004074  0.001915  -0.279467  -0.305302  1.000000  
168.124950 0.000585  -0.016149  0.000274  0.595344  0.764449  0.247353  -0.787271  0.616517  -0.010508  -0.160530  -0.188478  0.968869  -0.002305  0.013771  0.004228  -0.002031  -0.288332  -0.307003  1.000000  
168.126201 0.000582  -0.016132  0.000280  0.595778  0.764037  0.247580  -0.786835  0.617068  -0.010843  -0.161058  -0.188344  0.968807  -0.002156  0.013803  0.004302  -0.000836  -0.291470  -0.314512  1.000000  
168.127450 0.000580  -0.016115  0.000287  0.596185  0.763595  0.247963  -0.786364  0.617659  -0.011385  -0.161850  -0.188202  0.968703  -0.001923  0.013964  0.004400  -0.003648  -0.300983  -0.321151  1.000000  
168.128451 0.000580  -0.016101  0.000294  0.596457  0.763310  0.248189  -0.786049  0.618052  -0.011771  -0.162378  -0.188068  0.968640  -0.001619  0.014151  0.004600  -0.007587  -0.309715  -0.322774  1.000000  
168.129701 0.000578  -0.016083  0.000299  0.596863  0.762837  0.248666  -0.785576  0.618644  -0.012237  -0.163170  -0.188043  0.968512  -0.001417  0.014265  0.004721  -0.005271  -0.320357  -0.338717  1.000000  
168.130703 0.000579  -0.016068  0.000305  0.597133  0.762551  0.248893  -0.785261  0.619036  -0.012622  -0.163698  -0.187909  0.968449  -0.001221  0.014308  0.004820  -0.004076  -0.327740  -0.346889  1.000000  
168.131708 0.000579  -0.016053  0.000310  0.597552  0.762123  0.249200  -0.784805  0.619606  -0.013059  -0.164358  -0.187770  0.968364  -0.001060  0.014396  0.004924  -0.006939  -0.337955  -0.358094  1.000000  
168.132957 0.000580  -0.016034  0.000317  0.598104  0.761536  0.249669  -0.784190  0.620371  -0.013650  -0.165282  -0.187624  0.968235  -0.000840  0.014486  0.004995  -0.003466  -0.356323  -0.382612  1.000000  
168.134206 0.000581  -0.016015  0.000322  0.598655  0.760948  0.250138  -0.783573  0.621136  -0.014240  -0.166206  -0.187477  0.968105  -0.000725  0.014488  0.004991  -0.004020  -0.369992  -0.405996  1.000000  
168.135451 0.000582  -0.015997  0.000327  0.599044  0.760488  0.250605  -0.783079  0.621744  -0.014881  -0.167129  -0.187330  0.967975  -0.000605  0.014401  0.005008  -0.001604  -0.389532  -0.423641  1.000000  
168.136452 0.000581  -0.015983  0.000330  0.599446  0.760043  0.250995  -0.782603  0.622331  -0.015419  -0.167921  -0.187187  0.967866  -0.000596  0.014323  0.004931  -0.003272  -0.404594  -0.440406  1.000000  
168.137700 0.000580  -0.015967  0.000335  0.599981  0.759470  0.251454  -0.781966  0.623111  -0.016185  -0.168976  -0.186918  0.967734  -0.000593  0.014187  0.004831  -0.003727  -0.423770  -0.461740  1.000000  
168.138701 0.000580  -0.015955  0.000339  0.600381  0.759024  0.251845  -0.781487  0.623697  -0.016721  -0.169767  -0.186774  0.967623  -0.000513  0.014018  0.004805  -0.005365  -0.437975  -0.481499  1.000000  
168.139702 0.000579  -0.015943  0.000343  0.600752  0.758547  0.252395  -0.780972  0.624322  -0.017463  -0.170822  -0.186623  0.967467  -0.000419  0.013925  0.004704  -0.002851  -0.461911  -0.499926  1.000000  
168.140951 0.000578  -0.015928  0.000347  0.601283  0.757972  0.252857  -0.780331  0.625101  -0.018227  -0.171876  -0.186353  0.967332  -0.000306  0.013873  0.004517  -0.007315  -0.480177  -0.524228  1.000000  
168.142200 0.000578  -0.015912  0.000351  0.601799  0.757382  0.253400  -0.779672  0.625897  -0.019092  -0.173063  -0.186079  0.967173  -0.000173  0.013775  0.004331  -0.011718  -0.502852  -0.549357  1.000000  
168.143451 0.000578  -0.015896  0.000355  0.602327  0.756775  0.253957  -0.779029  0.626676  -0.019778  -0.174117  -0.185927  0.967013  -0.000092  0.013634  0.004091  -0.012042  -0.521074  -0.573645  1.000000  
168.144700 0.000579  -0.015880  0.000360  0.602839  0.756183  0.254503  -0.778366  0.627471  -0.020642  -0.175302  -0.185653  0.966852  0.000050  0.013524  0.004017  -0.016280  -0.543730  -0.594749  1.000000  
168.145701 0.000580  -0.015867  0.000363  0.603379  0.755622  0.254891  -0.777739  0.628226  -0.021300  -0.176224  -0.185387  0.966735  0.000091  0.013415  0.003836  -0.020621  -0.557506  -0.617989  1.000000  
168.146951 0.000581  -0.015851  0.000367  0.603889  0.755029  0.255440  -0.777074  0.629019  -0.022162  -0.177410  -0.185112  0.966571  0.000088  0.013211  0.003710  -0.026008  -0.581235  -0.636148  1.000000  
168.147961 0.000582  -0.015838  0.000370  0.604266  0.754565  0.255918  -0.776570  0.629619  -0.022795  -0.178331  -0.184964  0.966430  0.000086  0.013019  0.003516  -0.028749  -0.597889  -0.650397  1.000000  
168.149206 0.000581  -0.015824  0.000374  0.604758  0.753956  0.256549  -0.775883  0.630430  -0.023757  -0.179648  -0.184684  0.966239  -0.000026  0.012723  0.003472  -0.028827  -0.620621  -0.675392  1.000000  
168.150208 0.000580  -0.015813  0.000377  0.605134  0.753523  0.256937  -0.775376  0.631026  -0.024465  -0.180569  -0.184418  0.966118  -0.000100  0.012456  0.003346  -0.035443  -0.637112  -0.685390  1.000000  
168.151454 0.000580  -0.015801  0.000379  0.605653  0.752944  0.257411  -0.774725  0.631795  -0.025221  -0.181622  -0.184148  0.965973  -0.000080  0.012154  0.003247  -0.036719  -0.652346  -0.702008  1.000000  
168.152700 0.000578  -0.015789  0.000381  0.606155  0.752349  0.257967  -0.774053  0.632583  -0.026078  -0.182806  -0.183872  0.965802  -0.000167  0.011854  0.003067  -0.036457  -0.665352  -0.720350  1.000000  
168.153703 0.000577  -0.015780  0.000381  0.606671  0.751769  0.258444  -0.773399  0.633351  -0.026833  -0.183858  -0.183601  0.965654  -0.000157  0.011622  0.002810  -0.042053  -0.685911  -0.742786  1.000000  
168.154703 0.000576  -0.015771  0.000383  0.607042  0.751335  0.258837  -0.772889  0.633944  -0.027538  -0.184778  -0.183335  0.965528  -0.000137  0.011462  0.002653  -0.044495  -0.698056  -0.751863  1.000000  
168.155950 0.000576  -0.015760  0.000382  0.607540  0.750770  0.259305  -0.772213  0.634725  -0.028470  -0.185962  -0.182942  0.965376  -0.000121  0.011200  0.002376  -0.050925  -0.719139  -0.762626  1.000000  
168.156950 0.000576  -0.015751  0.000384  0.607909  0.750335  0.259700  -0.771701  0.635317  -0.029174  -0.186882  -0.182675  0.965249  -0.000170  0.010882  0.002217  -0.052899  -0.725151  -0.765205  1.000000  
168.158201 0.000576  -0.015740  0.000384  0.608389  0.749723  0.260342  -0.771003  0.636119  -0.030128  -0.188196  -0.182395  0.965046  -0.000145  0.010580  0.001958  -0.055543  -0.747790  -0.781461  1.000000  
168.159450 0.000577  -0.015729  0.000384  0.608867  0.749143  0.260894  -0.770303  0.636916  -0.031158  -0.189510  -0.181997  0.964864  -0.000113  0.010312  0.001640  -0.065882  -0.764347  -0.791285  1.000000  
168.160700 0.000577  -0.015718  0.000384  0.609343  0.748531  0.261540  -0.769602  0.637716  -0.032110  -0.190824  -0.181715  0.964658  -0.000225  0.009963  0.001416  -0.066358  -0.781945  -0.802804  1.000000  
168.161701 0.000576  -0.015710  0.000384  0.609675  0.748064  0.262100  -0.769045  0.638342  -0.033014  -0.192006  -0.181439  0.964476  -0.000309  0.009597  0.001162  -0.069811  -0.799763  -0.806033  1.000000  
168.162702 0.000575  -0.015702  0.000385  0.610164  0.747466  0.262668  -0.768361  0.639120  -0.033862  -0.193187  -0.181162  0.964292  -0.000414  0.009296  0.001045  -0.071968  -0.811670  -0.814773  1.000000  
168.163703 0.000574  -0.015695  0.000386  0.610509  0.747046  0.263059  -0.767822  0.639721  -0.034741  -0.194237  -0.180773  0.964154  -0.000513  0.008924  0.000925  -0.083538  -0.825028  -0.817077  1.000000  
168.164707 0.000571  -0.015690  0.000387  0.611012  0.746463  0.263549  -0.767156  0.640479  -0.035487  -0.195287  -0.180501  0.963993  -0.000704  0.008595  0.000780  -0.083571  -0.836470  -0.824335  1.000000  
168.165954 0.000567  -0.015683  0.000387  0.611637  0.745717  0.264209  -0.766321  0.641427  -0.036379  -0.196599  -0.180218  0.963779  -0.000852  0.008215  0.000636  -0.084401  -0.847541  -0.840122  1.000000  
168.166957 0.000564  -0.015677  0.000389  0.612120  0.745149  0.264693  -0.765632  0.642196  -0.037301  -0.197780  -0.179824  0.963611  -0.001005  0.007945  0.000606  -0.090597  -0.855550  -0.848361  1.000000  
168.167959 0.000561  -0.015671  0.000389  0.612443  0.744681  0.265260  -0.765067  0.642816  -0.038200  -0.198960  -0.179547  0.963420  -0.001144  0.007687  0.000509  -0.093944  -0.868490  -0.850110  1.000000  
168.169200 0.000557  -0.015664  0.000390  0.613047  0.743951  0.265916  -0.764207  0.643774  -0.039267  -0.200402  -0.179142  0.963196  -0.001310  0.007501  0.000507  -0.095141  -0.877935  -0.852687  1.000000  
168.170203 0.000555  -0.015657  0.000390  0.613541  0.743365  0.266413  -0.763535  0.644526  -0.040008  -0.201451  -0.178869  0.963028  -0.001448  0.007266  0.000447  -0.099233  -0.880977  -0.858613  1.000000  
168.171454 0.000551  -0.015650  0.000391  0.614140  0.742666  0.266983  -0.762671  0.645476  -0.041150  -0.202892  -0.178348  0.962822  -0.001707  0.006998  0.000512  -0.103920  -0.892030  -0.873971  1.000000  
168.172700 0.000548  -0.015642  0.000391  0.614580  0.742066  0.267636  -0.761932  0.646277  -0.042269  -0.204333  -0.177943  0.962592  -0.001864  0.006821  0.000509  -0.110326  -0.902497  -0.869753  1.000000  
168.173700 0.000544  -0.015636  0.000391  0.615052  0.741497  0.268129  -0.761233  0.647039  -0.043185  -0.205512  -0.177548  0.962414  -0.002173  0.006625  0.000452  -0.114539  -0.914777  -0.877452  1.000000  
168.174950 0.000540  -0.015628  0.000391  0.615662  0.740779  0.268714  -0.760385  0.647970  -0.044145  -0.206821  -0.177148  0.962208  -0.002435  0.006447  0.000453  -0.116411  -0.918235  -0.884510  1.000000  
168.176200 0.000534  -0.015621  0.000391  0.616251  0.740078  0.269293  -0.759514  0.648913  -0.045283  -0.208261  -0.176626  0.961993  -0.002837  0.006152  0.000443  -0.122300  -0.926215  -0.892365  1.000000  
168.177201 0.000529  -0.015616  0.000392  0.616857  0.739326  0.269972  -0.758662  0.649846  -0.046162  -0.209569  -0.176342  0.961761  -0.003128  0.005972  0.000463  -0.118832  -0.937355  -0.907948  1.000000  
168.178451 0.000522  -0.015610  0.000392  0.617424  0.738609  0.270636  -0.757765  0.650804  -0.047397  -0.211139  -0.175815  0.961514  -0.003516  0.005836  0.000414  -0.127665  -0.946062  -0.909726  1.000000  
168.179703 0.000514  -0.015603  0.000392  0.618126  0.737743  0.271394  -0.756716  0.651929  -0.048674  -0.212839  -0.175282  0.961237  -0.003778  0.005799  0.000343  -0.132004  -0.961577  -0.925756  1.000000  
168.180956 0.000505  -0.015596  0.000392  0.618843  0.736891  0.272074  -0.755687  0.653033  -0.049849  -0.214407  -0.174754  0.960984  -0.004150  0.005763  0.000332  -0.133329  -0.976214  -0.947665  1.000000  
168.182204 0.000497  -0.015588  0.000393  0.619538  0.736024  0.272839  -0.754633  0.654153  -0.051122  -0.216106  -0.174221  0.960700  -0.004446  0.005820  0.000332  -0.138987  -0.993007  -0.957008  1.000000  
168.183219 0.000490  -0.015581  0.000394  0.620131  0.735335  0.273351  -0.753771  0.655065  -0.052152  -0.217412  -0.173703  0.960499  -0.004748  0.005901  0.000342  -0.143428  -0.999613  -0.971294  1.000000  
168.184454 0.000482  -0.015571  0.000396  0.620975  0.734331  0.274133  -0.752583  0.656331  -0.053365  -0.219109  -0.173170  0.960210  -0.005077  0.006073  0.000425  -0.143807  -1.013487  -0.994332  1.000000  
168.185700 0.000474  -0.015560  0.000397  0.621641  0.733446  0.274989  -0.751498  0.657461  -0.054731  -0.220937  -0.172631  0.959888  -0.005326  0.006226  0.000420  -0.147867  -1.033293  -1.010897  1.000000  
168.186704 0.000467  -0.015551  0.000398  0.622361  0.732605  0.275603  -0.750478  0.658535  -0.055798  -0.222372  -0.172108  0.959651  -0.005634  0.006446  0.000482  -0.149236  -1.048641  -1.033487  1.000000  
168.187951 0.000458  -0.015540  0.000399  0.623039  0.731734  0.276383  -0.749411  0.659642  -0.057061  -0.224067  -0.171574  0.959352  -0.005996  0.006659  0.000512  -0.153283  -1.060023  -1.048743  1.000000  
168.189201 0.000449  -0.015528  0.000399  0.623848  0.730745  0.277173  -0.748188  0.660907  -0.058443  -0.225893  -0.170918  0.959041  -0.006342  0.006994  0.000592  -0.155768  -1.074573  -1.071133  1.000000  
168.190451 0.000438  -0.015516  0.000399  0.624519  0.729906  0.277872  -0.747115  0.662002  -0.059782  -0.227587  -0.170267  0.958756  -0.006694  0.007275  0.000487  -0.163781  -1.085940  -1.086171  1.000000  
168.191451 0.000430  -0.015506  0.000399  0.625206  0.729048  0.278580  -0.746061  0.663083  -0.060940  -0.229150  -0.169738  0.958478  -0.006979  0.007682  0.000461  -0.166333  -1.096009  -1.107910  1.000000  
168.192701 0.000419  -0.015493  0.000398  0.625850  0.728193  0.279368  -0.744959  0.664188  -0.062373  -0.230973  -0.169082  0.958156  -0.007157  0.008043  0.000400  -0.172808  -1.106985  -1.115179  1.000000  
168.193953 0.000407  -0.015480  0.000397  0.626450  0.727343  0.280237  -0.743805  0.665318  -0.064080  -0.233055  -0.168299  0.957790  -0.007402  0.008552  0.000315  -0.180426  -1.131528  -1.132159  1.000000  
168.195200 0.000396  -0.015465  0.000395  0.627218  0.726336  0.281129  -0.742543  0.666583  -0.065549  -0.235006  -0.167637  0.957429  -0.007590  0.008997  0.000172  -0.184043  -1.151795  -1.148552  1.000000  
168.196201 0.000387  -0.015453  0.000394  0.627758  0.725661  0.281666  -0.741632  0.667479  -0.066740  -0.236437  -0.166996  0.957189  -0.007752  0.009479  0.000008  -0.193457  -1.159986  -1.156043  1.000000  
168.197454 0.000377  -0.015436  0.000393  0.628386  0.724805  0.282469  -0.740517  0.668572  -0.068164  -0.238256  -0.166340  0.956852  -0.007916  0.010110  -0.000055  -0.200105  -1.178107  -1.173163  1.000000  
168.198454 0.000368  -0.015422  0.000391  0.629072  0.723992  0.283026  -0.739472  0.669611  -0.069294  -0.239685  -0.165699  0.956606  -0.008056  0.010482  -0.000190  -0.204999  -1.183334  -1.186075  1.000000  
168.199476 0.000360  -0.015407  0.000389  0.629582  0.723302  0.283655  -0.738531  0.670516  -0.070577  -0.241244  -0.165053  0.956326  -0.008150  0.010979  -0.000493  -0.213077  -1.196570  -1.194154  1.000000  
168.200704 0.000349  -0.015388  0.000388  0.630221  0.722494  0.284296  -0.737432  0.671575  -0.071980  -0.242932  -0.164286  0.956031  -0.008318  0.011544  -0.000635  -0.222363  -1.205790  -1.202216  1.000000  
168.201950 0.000337  -0.015369  0.000385  0.630876  0.721734  0.284771  -0.736356  0.672605  -0.073365  -0.244489  -0.163408  0.955784  -0.008512  0.012071  -0.000855  -0.232343  -1.211896  -1.207643  1.000000  
168.202953 0.000328  -0.015353  0.000384  0.631420  0.721072  0.285242  -0.735457  0.673468  -0.074451  -0.245786  -0.162774  0.955560  -0.008672  0.012553  -0.001021  -0.239433  -1.212657  -1.221898  1.000000  
168.204201 0.000316  -0.015332  0.000381  0.632027  0.720284  0.285890  -0.734327  0.674525  -0.076028  -0.247601  -0.161885  0.955242  -0.008849  0.013018  -0.001221  -0.248497  -1.230074  -1.230496  1.000000  
168.205450 0.000303  -0.015312  0.000378  0.632695  0.719538  0.286291  -0.733269  0.675529  -0.077312  -0.249027  -0.161013  0.955019  -0.009031  0.013595  -0.001413  -0.258144  -1.227116  -1.233943  1.000000  
168.206450 0.000292  -0.015296  0.000376  0.633058  0.719035  0.286750  -0.732469  0.676244  -0.078632  -0.250452  -0.160257  0.954773  -0.009164  0.014038  -0.001524  -0.275083  -1.244333  -1.233824  1.000000  
168.207451 0.000281  -0.015279  0.000373  0.633570  0.718359  0.287315  -0.731538  0.677114  -0.079809  -0.251877  -0.159617  0.954505  -0.009326  0.014506  -0.001687  -0.279378  -1.244376  -1.236459  1.000000  
168.208701 0.000268  -0.015257  0.000370  0.634012  0.717745  0.287872  -0.730528  0.678000  -0.081521  -0.253689  -0.158613  0.954193  -0.009480  0.015122  -0.001804  -0.295553  -1.255386  -1.230081  1.000000  
168.209951 0.000255  -0.015234  0.000366  0.634601  0.716958  0.288537  -0.729384  0.679039  -0.083091  -0.255500  -0.157725  0.953857  -0.009570  0.015665  -0.001972  -0.306080  -1.262232  -1.228398  1.000000  
168.211200 0.000242  -0.015210  0.000362  0.635208  0.716219  0.289035  -0.728264  0.680049  -0.084644  -0.257182  -0.156727  0.953569  -0.009675  0.016147  -0.002107  -0.320556  -1.263337  -1.227203  1.000000  
168.212450 0.000228  -0.015186  0.000358  0.635939  0.715326  0.289638  -0.726984  0.681218  -0.086233  -0.258991  -0.155724  0.953244  -0.009887  0.016619  -0.002295  -0.333334  -1.271836  -1.233834  1.000000  
168.213454 0.000219  -0.015166  0.000354  0.636285  0.714825  0.290113  -0.726172  0.681916  -0.087545  -0.260413  -0.154969  0.952980  -0.009938  0.017037  -0.002485  -0.345704  -1.273968  -1.226474  1.000000  
168.214461 0.000207  -0.015147  0.000350  0.636779  0.714184  0.290609  -0.725228  0.682758  -0.088797  -0.261833  -0.154214  0.952713  -0.010178  0.017332  -0.002592  -0.352532  -1.277049  -1.226639  1.000000  
168.215711 0.000193  -0.015123  0.000346  0.637498  0.713292  0.291224  -0.723940  0.683916  -0.090381  -0.263641  -0.153211  0.952376  -0.010424  0.017714  -0.002792  -0.367010  -1.282358  -1.225938  1.000000  
168.216955 0.000179  -0.015098  0.000340  0.638087  0.712553  0.291740  -0.722808  0.684908  -0.091928  -0.265318  -0.152214  0.952070  -0.010600  0.018160  -0.003041  -0.381614  -1.279224  -1.224126  1.000000  
168.217956 0.000167  -0.015078  0.000337  0.638720  0.711771  0.292264  -0.721726  0.685887  -0.093115  -0.266737  -0.151459  0.951794  -0.010766  0.018350  -0.003141  -0.388258  -1.279878  -1.222843  1.000000  
168.219200 0.000150  -0.015054  0.000331  0.639451  0.710892  0.292807  -0.720456  0.687018  -0.094599  -0.268413  -0.150463  0.951481  -0.011035  0.018591  -0.003351  -0.396332  -1.277132  -1.226294  1.000000  
168.220202 0.000137  -0.015034  0.000327  0.640101  0.710158  0.293166  -0.719397  0.687965  -0.095772  -0.269702  -0.149599  0.951252  -0.011205  0.018887  -0.003460  -0.406239  -1.275425  -1.232947  1.000000  
168.221204 0.000124  -0.015014  0.000322  0.640600  0.709566  0.293509  -0.718468  0.688763  -0.097005  -0.270990  -0.148736  0.951022  -0.011427  0.019088  -0.003643  -0.418686  -1.268436  -1.223529  1.000000  
168.222451 0.000107  -0.014988  0.000318  0.641271  0.708659  0.294233  -0.717137  0.689912  -0.098674  -0.272921  -0.147729  0.950626  -0.011596  0.019415  -0.003719  -0.427285  -1.272980  -1.229528  1.000000  
168.223707 0.000091  -0.014962  0.000312  0.642109  0.707660  0.294812  -0.715698  0.691175  -0.100269  -0.274723  -0.146613  0.950280  -0.011871  0.019695  -0.003882  -0.433918  -1.262936  -1.239406  1.000000  
168.224951 0.000074  -0.014934  0.000306  0.642794  0.706802  0.295375  -0.714388  0.692287  -0.101922  -0.276523  -0.145497  0.949929  -0.012070  0.019991  -0.004031  -0.448313  -1.259818  -1.237270  1.000000  
168.226200 0.000058  -0.014906  0.000300  0.643647  0.705815  0.295879  -0.712970  0.693526  -0.103419  -0.278194  -0.144388  0.949611  -0.012301  0.020270  -0.004136  -0.453834  -1.256048  -1.246572  1.000000  
168.227201 0.000045  -0.014884  0.000295  0.644251  0.705103  0.296260  -0.711870  0.694453  -0.104764  -0.279608  -0.143405  0.949344  -0.012456  0.020482  -0.004282  -0.468188  -1.254466  -1.253541  1.000000  
168.228451 0.000027  -0.014857  0.000288  0.645241  0.704008  0.296710  -0.710314  0.695814  -0.106281  -0.281277  -0.142181  0.949035  -0.012782  0.020645  -0.004418  -0.477488  -1.250861  -1.262588  1.000000  
168.229700 0.000009  -0.014829  0.000281  0.646054  0.703042  0.297229  -0.708860  0.697039  -0.107951  -0.283074  -0.140952  0.948684  -0.013021  0.020865  -0.004547  -0.488188  -1.246082  -1.273627  1.000000  
168.230703 -0.000005  -0.014807  0.000274  0.646793  0.702186  0.297645  -0.707620  0.698099  -0.109230  -0.284486  -0.139970  0.948407  -0.013227  0.021052  -0.004779  -0.494994  -1.248927  -1.285474  1.000000  
168.231710 -0.000020  -0.014785  0.000268  0.647409  0.701487  0.297956  -0.706539  0.698997  -0.110476  -0.285768  -0.138995  0.948165  -0.013473  0.021217  -0.004877  -0.501453  -1.251320  -1.292806  1.000000  
168.232956 -0.000039  -0.014757  0.000260  0.648209  0.700521  0.298490  -0.705077  0.700208  -0.112142  -0.287563  -0.137767  0.947802  -0.013711  0.021433  -0.005162  -0.508141  -1.255370  -1.305140  1.000000  
168.234223 -0.000058  -0.014728  0.000250  0.649029  0.699567  0.298943  -0.703640  0.701399  -0.113712  -0.289228  -0.136546  0.947472  -0.013875  0.021714  -0.005397  -0.514400  -1.253884  -1.315604  1.000000  
168.235452 -0.000078  -0.014698  0.000241  0.649844  0.698614  0.299402  -0.702199  0.702585  -0.115281  -0.290893  -0.135325  0.947137  -0.014106  0.022082  -0.005698  -0.521393  -1.258584  -1.328571  1.000000  
168.236453 -0.000094  -0.014675  0.000233  0.650446  0.697950  0.299644  -0.701110  0.703454  -0.116608  -0.292173  -0.134236  0.946898  -0.014312  0.022265  -0.005932  -0.532405  -1.257656  -1.340163  1.000000  
168.237700 -0.000113  -0.014644  0.000222  0.651225  0.696983  0.300199  -0.699636  0.704643  -0.118267  -0.293964  -0.133011  0.946516  -0.014487  0.022635  -0.006305  -0.538825  -1.257331  -1.351675  1.000000  
168.238700 -0.000129  -0.014619  0.000214  0.651910  0.696114  0.300730  -0.698351  0.705687  -0.119630  -0.295498  -0.132027  0.946176  -0.014660  0.022838  -0.006543  -0.537325  -1.257220  -1.367107  1.000000  
168.239707 -0.000145  -0.014594  0.000205  0.652474  0.695438  0.301070  -0.697227  0.706557  -0.121047  -0.296904  -0.130934  0.945888  -0.014854  0.023093  -0.006829  -0.547916  -1.255590  -1.374478  1.000000  
