1-Time 2-Px 3-Py 4-Pz 5-R11 6-R21 7-R31 8-R12 9-R22 10-R32 11-R13 12-R23 13-R33 14-Vx 15-Vy 16-Vz 17-Wx 18-Wy 19-Wz 20-state
119.684351 0.015250  -0.010798  0.016842  0.483347  0.734618  0.476142  -0.749233  0.628453  -0.209041  -0.452798  -0.255702  0.854161  0.010702  0.004417  0.006378  -0.206944  -0.225934  0.157783  1.000000  
119.685397 0.015255  -0.010796  0.016844  0.483160  0.734787  0.476072  -0.749281  0.628305  -0.209311  -0.452917  -0.255581  0.854134  0.005817  0.002312  0.003295  0.000000  0.000000  0.000000  1.000000  
119.686656 0.015256  -0.010795  0.016836  0.483127  0.734826  0.476045  -0.749230  0.628308  -0.209483  -0.453037  -0.255460  0.854107  0.002551  0.001545  -0.003109  0.000000  0.000000  0.000000  1.000000  
119.687906 0.015254  -0.010792  0.016822  0.482940  0.734994  0.475975  -0.749279  0.628160  -0.209753  -0.453156  -0.255339  0.854079  0.000973  0.001936  -0.005979  0.000000  0.000000  0.000000  1.000000  
119.688921 0.015254  -0.010789  0.016816  0.482753  0.735105  0.475993  -0.749327  0.628037  -0.209947  -0.453275  -0.255322  0.854021  0.000721  0.002001  -0.006060  0.000000  0.000000  0.000000  1.000000  
119.689943 0.015255  -0.010787  0.016814  0.482566  0.735332  0.475834  -0.749375  0.627864  -0.210294  -0.453394  -0.255097  0.854025  0.000956  0.002017  -0.005192  0.000000  0.000000  0.000000  1.000000  
119.691155 0.015255  -0.010783  0.016812  0.482533  0.735371  0.475806  -0.749324  0.627867  -0.210466  -0.453514  -0.254976  0.853998  0.000653  0.002253  -0.004566  0.000000  0.000000  0.000000  1.000000  
119.692404 0.015248  -0.010778  0.016805  0.482346  0.735539  0.475736  -0.749373  0.627719  -0.210736  -0.453633  -0.254855  0.853971  -0.000355  0.002566  -0.004718  0.000000  0.000000  0.000000  1.000000  
119.693648 0.015239  -0.010770  0.016799  0.482159  0.735708  0.475665  -0.749421  0.627570  -0.211006  -0.453752  -0.254735  0.853943  -0.001234  0.003063  -0.004808  0.000000  0.000000  0.000000  1.000000  
119.694648 0.015234  -0.010764  0.016793  0.482159  0.735765  0.475575  -0.749421  0.627545  -0.211082  -0.453752  -0.254631  0.853974  -0.001594  0.003366  -0.004893  0.000000  0.000000  0.000000  1.000000  
119.695896 0.015232  -0.010756  0.016786  0.482005  0.736010  0.475353  -0.749520  0.627342  -0.211333  -0.453752  -0.254424  0.854036  -0.001607  0.003750  -0.004959  0.000000  0.000000  0.000000  1.000000  
119.696897 0.015229  -0.010751  0.016779  0.481883  0.736215  0.475159  -0.749671  0.627136  -0.211410  -0.453633  -0.254337  0.854125  -0.001767  0.003836  -0.005133  0.000000  0.000000  0.000000  1.000000  
119.697897 0.015223  -0.010745  0.016769  0.481883  0.736273  0.475070  -0.749671  0.627110  -0.211486  -0.453633  -0.254234  0.854156  -0.002048  0.003984  -0.005500  0.000000  0.000000  0.000000  1.000000  
119.699147 0.015212  -0.010739  0.016750  0.481850  0.736370  0.474953  -0.749619  0.627088  -0.211735  -0.453752  -0.254009  0.854159  -0.002625  0.004076  -0.006302  0.000000  0.000000  0.000000  1.000000  
119.700148 0.015204  -0.010733  0.016733  0.481850  0.736485  0.474774  -0.749619  0.627036  -0.211887  -0.453752  -0.253802  0.854221  -0.003330  0.004292  -0.007404  0.000000  0.000000  0.000000  1.000000  
119.701150 0.015196  -0.010726  0.016716  0.481696  0.736729  0.474552  -0.749719  0.626833  -0.212137  -0.453752  -0.253595  0.854283  -0.004084  0.004671  -0.008344  0.000000  0.000000  0.000000  1.000000  
119.702397 0.015186  -0.010718  0.016699  0.481696  0.736844  0.474373  -0.749719  0.626782  -0.212289  -0.453752  -0.253388  0.854344  -0.004545  0.005005  -0.008520  0.000000  0.000000  0.000000  1.000000  
119.703418 0.015178  -0.010710  0.016688  0.481696  0.736959  0.474194  -0.749719  0.626730  -0.212441  -0.453752  -0.253180  0.854406  -0.005089  0.005362  -0.008766  0.000000  0.000000  0.000000  1.000000  
119.704658 0.015164  -0.010701  0.016676  0.481696  0.737074  0.474015  -0.749719  0.626679  -0.212593  -0.453752  -0.252973  0.854467  -0.006048  0.005805  -0.009290  0.000000  0.000000  0.000000  1.000000  
119.705906 0.015150  -0.010690  0.016663  0.481850  0.737060  0.473880  -0.749619  0.626779  -0.212647  -0.453752  -0.252766  0.854528  -0.007078  0.006309  -0.010136  0.000000  0.000000  0.000000  1.000000  
119.707152 0.015139  -0.010679  0.016643  0.481850  0.737175  0.473702  -0.749619  0.626727  -0.212799  -0.453752  -0.252558  0.854590  -0.007373  0.006694  -0.010998  0.000000  0.000000  0.000000  1.000000  
119.708153 0.015132  -0.010670  0.016625  0.481850  0.737233  0.473612  -0.749619  0.626701  -0.212875  -0.453752  -0.252455  0.854620  -0.007378  0.006919  -0.011778  0.000000  0.000000  0.000000  1.000000  
119.709397 0.015125  -0.010659  0.016600  0.481850  0.737347  0.473433  -0.749619  0.626650  -0.213027  -0.453752  -0.252248  0.854681  -0.007397  0.007104  -0.012916  0.000000  0.000000  0.000000  1.000000  
119.710397 0.015118  -0.010651  0.016580  0.482037  0.737294  0.473326  -0.749571  0.626747  -0.212910  -0.453633  -0.252161  0.854770  -0.007731  0.007240  -0.014076  0.000000  0.000000  0.000000  1.000000  
119.711650 0.015108  -0.010641  0.016557  0.482192  0.737280  0.473191  -0.749472  0.626848  -0.212964  -0.453633  -0.251954  0.854831  -0.008221  0.007477  -0.015064  0.000000  0.000000  0.000000  1.000000  
119.712897 0.015095  -0.010631  0.016533  0.482346  0.737208  0.473145  -0.749373  0.626973  -0.212943  -0.453633  -0.251850  0.854862  -0.008541  0.007628  -0.015716  0.000000  0.000000  0.000000  1.000000  
119.714147 0.015082  -0.010622  0.016511  0.482533  0.737212  0.472948  -0.749324  0.627045  -0.212902  -0.453514  -0.251660  0.854981  -0.008722  0.007819  -0.015994  0.000000  0.000000  0.000000  1.000000  
119.715147 0.015071  -0.010613  0.016495  0.482687  0.737140  0.472903  -0.749225  0.627171  -0.212880  -0.453514  -0.251556  0.855012  -0.008825  0.007993  -0.015825  0.000000  0.000000  0.000000  1.000000  
119.716149 0.015061  -0.010603  0.016484  0.482720  0.737273  0.472662  -0.749276  0.627091  -0.212936  -0.453394  -0.251366  0.855131  -0.008959  0.008196  -0.015448  0.000000  0.000000  0.000000  1.000000  
119.717396 0.015046  -0.010591  0.016471  0.483029  0.737130  0.472571  -0.749077  0.627343  -0.212894  -0.453394  -0.251158  0.855192  -0.009355  0.008465  -0.015216  0.000000  0.000000  0.000000  1.000000  
119.718398 0.015033  -0.010580  0.016459  0.483183  0.737058  0.472525  -0.748978  0.627469  -0.212873  -0.453394  -0.251054  0.855222  -0.009714  0.008697  -0.015263  0.000000  0.000000  0.000000  1.000000  
119.719647 0.015016  -0.010567  0.016441  0.483491  0.736914  0.472434  -0.748779  0.627721  -0.212830  -0.453394  -0.250847  0.855283  -0.009924  0.008920  -0.015693  0.000000  0.000000  0.000000  1.000000  
119.720656 0.015004  -0.010556  0.016423  0.483678  0.736918  0.472237  -0.748730  0.627793  -0.212789  -0.453275  -0.250657  0.855402  -0.009945  0.009065  -0.016260  0.000000  0.000000  0.000000  1.000000  
119.721904 0.014991  -0.010542  0.016397  0.483987  0.736774  0.472146  -0.748531  0.628045  -0.212747  -0.453275  -0.250449  0.855463  -0.009997  0.009335  -0.016671  0.000000  0.000000  0.000000  1.000000  
119.723153 0.014980  -0.010526  0.016373  0.484174  0.736777  0.471949  -0.748482  0.628117  -0.212706  -0.453156  -0.250259  0.855582  -0.010117  0.009618  -0.016850  0.000000  0.000000  0.000000  1.000000  
119.724174 0.014968  -0.010516  0.016354  0.484328  0.736705  0.471903  -0.748383  0.628242  -0.212685  -0.453156  -0.250155  0.855612  -0.010611  0.009691  -0.016635  0.000000  0.000000  0.000000  1.000000  
119.725192 0.014953  -0.010507  0.016337  0.484636  0.736503  0.471901  -0.748183  0.628520  -0.212567  -0.453156  -0.250051  0.855643  -0.011144  0.009751  -0.016402  0.000000  0.000000  0.000000  1.000000  
119.726397 0.014935  -0.010496  0.016317  0.484977  0.736263  0.471927  -0.748034  0.628795  -0.212277  -0.453037  -0.250068  0.855701  -0.011730  0.009788  -0.016266  0.000000  0.000000  0.000000  1.000000  
119.727437 0.014920  -0.010487  0.016302  0.485318  0.736079  0.471862  -0.747885  0.629044  -0.212063  -0.452917  -0.249981  0.855789  -0.012028  0.009820  -0.015968  0.000000  0.000000  0.000000  1.000000  
119.728652 0.014902  -0.010475  0.016281  0.485472  0.736007  0.471817  -0.747786  0.629170  -0.212042  -0.452917  -0.249877  0.855820  -0.012326  0.010051  -0.015841  0.000000  0.000000  0.000000  1.000000  
119.729899 0.014884  -0.010463  0.016258  0.485813  0.735823  0.471752  -0.747636  0.629419  -0.211828  -0.452798  -0.249791  0.855908  -0.012722  0.010182  -0.016081  0.000000  0.000000  0.000000  1.000000  
119.731146 0.014863  -0.010451  0.016232  0.486153  0.735640  0.471688  -0.747487  0.629669  -0.211614  -0.452679  -0.249704  0.855997  -0.013183  0.010168  -0.016795  0.000000  0.000000  0.000000  1.000000  
119.732149 0.014847  -0.010442  0.016210  0.486307  0.735567  0.471642  -0.747387  0.629794  -0.211593  -0.452679  -0.249600  0.856027  -0.013501  0.010096  -0.017729  0.000000  0.000000  0.000000  1.000000  
119.733399 0.014827  -0.010429  0.016179  0.486802  0.735253  0.471621  -0.747137  0.630195  -0.211282  -0.452559  -0.249513  0.856115  -0.013722  0.010058  -0.018798  0.000000  0.000000  0.000000  1.000000  
119.734647 0.014809  -0.010414  0.016148  0.487142  0.735069  0.471556  -0.746987  0.630444  -0.211069  -0.452440  -0.249426  0.856204  -0.013778  0.010197  -0.019509  0.000000  0.000000  0.000000  1.000000  
119.735647 0.014795  -0.010401  0.016124  0.487329  0.735015  0.471448  -0.746938  0.630542  -0.210952  -0.452321  -0.249339  0.856292  -0.013930  0.010357  -0.019900  0.000000  0.000000  0.000000  1.000000  
119.736651 0.014780  -0.010389  0.016101  0.487516  0.734961  0.471340  -0.746888  0.630640  -0.210836  -0.452201  -0.249252  0.856380  -0.014219  0.010385  -0.020113  -0.035897  0.114422  -0.183653  1.000000  
119.737652 0.014764  -0.010379  0.016078  0.487736  0.734981  0.471079  -0.746889  0.630684  -0.210700  -0.451963  -0.249078  0.856557  -0.014738  0.010236  -0.020279  -0.033013  0.125450  -0.188214  1.000000  
119.738654 0.014746  -0.010369  0.016058  0.488077  0.734797  0.471014  -0.746739  0.630933  -0.210486  -0.451843  -0.248991  0.856645  -0.015206  0.010161  -0.020375  -0.026765  0.133231  -0.198839  1.000000  
119.739656 0.014729  -0.010359  0.016038  0.488110  0.734872  0.470862  -0.746789  0.630880  -0.210467  -0.451724  -0.248904  0.856733  -0.015454  0.010124  -0.020589  -0.025845  0.131434  -0.192911  1.000000  
119.740904 0.014707  -0.010347  0.016010  0.488330  0.734836  0.470691  -0.746790  0.630950  -0.210255  -0.451485  -0.248834  0.856880  -0.015681  0.010226  -0.021083  -0.022745  0.141785  -0.196346  1.000000  
119.741913 0.014690  -0.010338  0.015985  0.488516  0.734781  0.470583  -0.746740  0.631048  -0.210138  -0.451366  -0.248747  0.856968  -0.015806  0.010298  -0.021633  -0.022758  0.146063  -0.195087  1.000000  
119.743147 0.014670  -0.010325  0.015948  0.488769  0.734820  0.470259  -0.746791  0.631064  -0.209907  -0.451008  -0.248589  0.857202  -0.015971  0.010372  -0.022718  -0.022828  0.154718  -0.192709  1.000000  
119.744153 0.014653  -0.010314  0.015918  0.488956  0.734709  0.470239  -0.746741  0.631188  -0.209714  -0.450888  -0.248606  0.857260  -0.016140  0.010387  -0.023734  -0.018760  0.158976  -0.191404  1.000000  
119.745396 0.014631  -0.010302  0.015878  0.489055  0.734877  0.469873  -0.746892  0.631054  -0.209579  -0.450530  -0.248448  0.857494  -0.016326  0.010356  -0.024705  -0.021939  0.170201  -0.181811  1.000000  
119.746396 0.014614  -0.010291  0.015847  0.489242  0.734823  0.469764  -0.746842  0.631152  -0.209463  -0.450410  -0.248361  0.857582  -0.016389  0.010525  -0.025350  -0.017892  0.170173  -0.181857  1.000000  
119.747397 0.014595  -0.010280  0.015815  0.489308  0.734916  0.469549  -0.746943  0.631071  -0.209348  -0.450171  -0.248291  0.857728  -0.016525  0.010675  -0.025893  -0.021046  0.177049  -0.173434  1.000000  
119.748647 0.014572  -0.010265  0.015779  0.489341  0.734991  0.469397  -0.746993  0.631018  -0.209328  -0.450052  -0.248203  0.857816  -0.016793  0.010750  -0.026304  -0.023237  0.177895  -0.160372  1.000000  
119.749647 0.014554  -0.010253  0.015749  0.489561  0.734955  0.469225  -0.746993  0.631088  -0.209116  -0.449813  -0.248133  0.857962  -0.017053  0.010744  -0.026627  -0.019187  0.186507  -0.157904  1.000000  
119.750897 0.014530  -0.010238  0.015715  0.489594  0.735087  0.468984  -0.747043  0.631009  -0.209173  -0.449693  -0.247941  0.858080  -0.017464  0.010681  -0.026945  -0.026200  0.183245  -0.150779  1.000000  
119.751899 0.014510  -0.010227  0.015687  0.489813  0.735050  0.468812  -0.747043  0.631080  -0.208961  -0.449454  -0.247871  0.858225  -0.017753  0.010632  -0.027173  -0.025280  0.190081  -0.142455  1.000000  
119.753146 0.014484  -0.010214  0.015650  0.489912  0.735218  0.468445  -0.747194  0.630946  -0.208826  -0.449096  -0.247712  0.858459  -0.018085  0.010641  -0.027842  -0.028428  0.196918  -0.134159  1.000000  
119.754162 0.014464  -0.010203  0.015618  0.490132  0.735181  0.468272  -0.747194  0.631017  -0.208614  -0.448857  -0.247642  0.858604  -0.018234  0.010742  -0.028787  -0.028458  0.205508  -0.131730  1.000000  
119.755409 0.014440  -0.010190  0.015577  0.490231  0.735406  0.467816  -0.747344  0.630858  -0.208555  -0.448498  -0.247379  0.858867  -0.018427  0.010817  -0.029751  -0.046267  0.210694  -0.112604  1.000000  
119.756653 0.014416  -0.010178  0.015534  0.490451  0.735426  0.467554  -0.747343  0.630903  -0.208420  -0.448259  -0.247204  0.859043  -0.018603  0.010865  -0.030581  -0.053454  0.217458  -0.104144  1.000000  
119.757656 0.014396  -0.010167  0.015501  0.490670  0.735446  0.467292  -0.747343  0.630949  -0.208285  -0.448020  -0.247029  0.859218  -0.018816  0.010821  -0.030815  -0.061642  0.221780  -0.102940  1.000000  
119.758899 0.014371  -0.010152  0.015461  0.490890  0.735522  0.466941  -0.747342  0.630969  -0.208226  -0.447780  -0.246749  0.859423  -0.019102  0.010975  -0.030960  -0.072949  0.224381  -0.095833  1.000000  
119.760155 0.014345  -0.010137  0.015423  0.491142  0.735616  0.466527  -0.747391  0.630962  -0.208071  -0.447421  -0.246486  0.859685  -0.019386  0.011208  -0.030822  -0.081119  0.237278  -0.092137  1.000000  
119.761398 0.014320  -0.010121  0.015388  0.491362  0.735692  0.466176  -0.747390  0.630983  -0.208012  -0.447182  -0.246206  0.859890  -0.019588  0.011415  -0.030582  -0.095548  0.238199  -0.079107  1.000000  
119.762647 0.014294  -0.010105  0.015352  0.491768  0.735713  0.465715  -0.747337  0.631102  -0.207838  -0.446823  -0.245838  0.860182  -0.019793  0.011486  -0.030384  -0.103839  0.246481  -0.081957  1.000000  
119.763647 0.014273  -0.010093  0.015321  0.491988  0.735732  0.465453  -0.747336  0.631148  -0.207703  -0.446584  -0.245662  0.860356  -0.019970  0.011396  -0.030538  -0.111928  0.251147  -0.075519  1.000000  
119.764647 0.014251  -0.010082  0.015289  0.492361  0.735678  0.465144  -0.747233  0.631321  -0.207549  -0.446344  -0.245382  0.860561  -0.020162  0.011388  -0.030789  -0.120103  0.255438  -0.074343  1.000000  
119.765899 0.014224  -0.010068  0.015247  0.492735  0.735679  0.464745  -0.747130  0.631468  -0.207472  -0.446105  -0.244997  0.860795  -0.020358  0.011326  -0.031253  -0.125203  0.261499  -0.079163  1.000000  
119.767147 0.014197  -0.010055  0.015204  0.493141  0.735699  0.464284  -0.747076  0.631589  -0.207298  -0.445745  -0.244628  0.861085  -0.020541  0.011312  -0.031663  -0.136353  0.267921  -0.076149  1.000000  
119.768153 0.014177  -0.010044  0.015170  0.493514  0.735700  0.463885  -0.746973  0.631736  -0.207221  -0.445506  -0.244243  0.861319  -0.020518  0.011358  -0.032030  -0.146612  0.276098  -0.081564  1.000000  
119.769397 0.014151  -0.010031  0.015129  0.494074  0.735589  0.463465  -0.746817  0.632009  -0.206953  -0.445146  -0.243874  0.861609  -0.020543  0.011290  -0.032126  -0.147433  0.281558  -0.091608  1.000000  
119.770411 0.014129  -0.010020  0.015096  0.494447  0.735533  0.463156  -0.746713  0.632182  -0.206800  -0.444907  -0.243592  0.861812  -0.020719  0.011375  -0.032023  -0.153670  0.289766  -0.097116  1.000000  
119.771652 0.014102  -0.010006  0.015056  0.495040  0.735495  0.462582  -0.746606  0.632402  -0.206513  -0.444427  -0.243134  0.862189  -0.020920  0.011412  -0.031871  -0.163944  0.301969  -0.106739  1.000000  
119.772653 0.014080  -0.009995  0.015027  0.495599  0.735383  0.462162  -0.746448  0.632675  -0.206246  -0.444068  -0.242764  0.862479  -0.021041  0.011468  -0.031589  -0.169947  0.309495  -0.117461  1.000000  
119.773656 0.014059  -0.009983  0.014999  0.496159  0.735270  0.461740  -0.746290  0.632948  -0.205979  -0.443708  -0.242394  0.862768  -0.021190  0.011449  -0.031338  -0.176030  0.317148  -0.128237  1.000000  
119.774897 0.014032  -0.009968  0.014962  0.496751  0.735287  0.461077  -0.746181  0.633144  -0.205771  -0.443228  -0.241830  0.863173  -0.021223  0.011456  -0.031190  -0.187273  0.330939  -0.143844  1.000000  
119.775898 0.014010  -0.009956  0.014932  0.497311  0.735229  0.460566  -0.746022  0.633393  -0.205582  -0.442869  -0.241354  0.863490  -0.021304  0.011432  -0.031396  -0.197466  0.338594  -0.154672  1.000000  
119.777148 0.013983  -0.009940  0.014892  0.498056  0.735169  0.459854  -0.745810  0.633717  -0.205356  -0.442389  -0.240685  0.863923  -0.021356  0.011424  -0.031686  -0.205600  0.353951  -0.176277  1.000000  
119.778397 0.013956  -0.009924  0.014849  0.498681  0.735257  0.459035  -0.745748  0.633863  -0.205130  -0.441789  -0.240030  0.864412  -0.021511  0.011432  -0.031999  -0.220917  0.376264  -0.189475  1.000000  
119.779401 0.013933  -0.009913  0.014815  0.499241  0.735253  0.458434  -0.745587  0.634088  -0.205019  -0.441428  -0.239448  0.864757  -0.021562  0.011443  -0.032131  -0.235200  0.383849  -0.200352  1.000000  
119.780647 0.013905  -0.009898  0.014773  0.500019  0.735209  0.457656  -0.745421  0.634386  -0.204700  -0.440828  -0.238792  0.865245  -0.021642  0.011527  -0.032093  -0.243411  0.407858  -0.219608  1.000000  
119.781897 0.013876  -0.009885  0.014734  0.500830  0.735181  0.456813  -0.745302  0.634659  -0.204285  -0.440107  -0.238151  0.865788  -0.021771  0.011509  -0.031917  -0.256672  0.426578  -0.230978  1.000000  
119.782897 0.013853  -0.009873  0.014703  0.501421  0.735193  0.456145  -0.745188  0.634859  -0.204081  -0.439627  -0.237584  0.866188  -0.021951  0.011569  -0.031680  -0.266050  0.439402  -0.249869  1.000000  
119.784153 0.013824  -0.009858  0.014665  0.502385  0.735087  0.455253  -0.744964  0.635260  -0.203651  -0.438906  -0.236836  0.866759  -0.022131  0.011696  -0.031425  -0.280231  0.459604  -0.267060  1.000000  
119.785397 0.013795  -0.009844  0.014627  0.503196  0.735112  0.454318  -0.744842  0.635511  -0.203316  -0.438184  -0.236087  0.867328  -0.022281  0.011759  -0.031282  -0.288532  0.479022  -0.287590  1.000000  
119.786671 0.013766  -0.009830  0.014588  0.504039  0.735152  0.453317  -0.744766  0.635736  -0.202886  -0.437342  -0.235353  0.867952  -0.022409  0.011795  -0.031217  -0.302096  0.509052  -0.302026  1.000000  
119.787903 0.013737  -0.009815  0.014546  0.504849  0.735174  0.452379  -0.744641  0.635988  -0.202553  -0.436620  -0.234602  0.868519  -0.022514  0.011830  -0.031596  -0.317773  0.527135  -0.316911  1.000000  
119.788906 0.013714  -0.009803  0.014512  0.505505  0.735270  0.451489  -0.744619  0.636115  -0.202237  -0.435898  -0.233955  0.869056  -0.022644  0.011765  -0.031992  -0.328142  0.547527  -0.324425  1.000000  
119.790152 0.013685  -0.009788  0.014468  0.506347  0.735307  0.450484  -0.744540  0.636344  -0.201809  -0.435054  -0.233218  0.869677  -0.022729  0.011796  -0.032437  -0.340998  0.569470  -0.334165  1.000000  
119.791397 0.013656  -0.009773  0.014424  0.507376  0.735283  0.449365  -0.744403  0.636674  -0.201271  -0.434090  -0.232388  0.870380  -0.022865  0.011802  -0.032741  -0.353451  0.601588  -0.351321  1.000000  
119.792647 0.013627  -0.009758  0.014382  0.508250  0.735389  0.448202  -0.744368  0.636855  -0.200827  -0.433126  -0.231557  0.871082  -0.023057  0.011730  -0.032816  -0.371047  0.631326  -0.360891  1.000000  
119.793650 0.013603  -0.009746  0.014349  0.508971  0.735569  0.447086  -0.744436  0.636911  -0.200398  -0.432161  -0.230830  0.871754  -0.023234  0.011709  -0.032679  -0.388694  0.658728  -0.360277  1.000000  
119.794652 0.013578  -0.009734  0.014320  0.509659  0.735677  0.446124  -0.744455  0.637017  -0.199989  -0.431316  -0.230193  0.872340  -0.023353  0.011697  -0.032408  -0.399212  0.683476  -0.366842  1.000000  
119.795896 0.013547  -0.009719  0.014283  0.510566  0.735849  0.444802  -0.744463  0.637152  -0.199528  -0.430229  -0.229266  0.873121  -0.023513  0.011790  -0.032187  -0.418698  0.711146  -0.368291  1.000000  
119.796897 0.013522  -0.009708  0.014253  0.511439  0.735894  0.443723  -0.744422  0.637363  -0.199010  -0.429263  -0.228535  0.873788  -0.023638  0.011799  -0.032066  -0.433236  0.739957  -0.373771  1.000000  
119.797897 0.013497  -0.009696  0.014223  0.512126  0.736052  0.442668  -0.744437  0.637448  -0.198680  -0.428417  -0.227789  0.874398  -0.023709  0.011808  -0.032039  -0.446732  0.762850  -0.374561  1.000000  
119.799147 0.013467  -0.009682  0.014182  0.513064  0.736235  0.441274  -0.744486  0.637563  -0.198126  -0.427207  -0.226872  0.875228  -0.023831  0.011732  -0.032230  -0.468393  0.796679  -0.377618  1.000000  
119.800153 0.013443  -0.009671  0.014149  0.513815  0.736424  0.440084  -0.744592  0.637601  -0.197604  -0.426118  -0.226151  0.875945  -0.023840  0.011741  -0.032375  -0.486294  0.828687  -0.376230  1.000000  
119.801400 0.013414  -0.009657  0.014108  0.514784  0.736621  0.438620  -0.744684  0.637695  -0.196954  -0.424786  -0.225244  0.876825  -0.023900  0.011717  -0.032561  -0.503973  0.857457  -0.370668  1.000000  
119.802647 0.013384  -0.009644  0.014067  0.515938  0.736754  0.437037  -0.744713  0.637895  -0.196196  -0.423332  -0.224242  0.877784  -0.023964  0.011616  -0.032528  -0.522956  0.894945  -0.374528  1.000000  
119.803653 0.013359  -0.009633  0.014034  0.516842  0.736805  0.435881  -0.744706  0.638090  -0.195587  -0.422241  -0.223516  0.878495  -0.024048  0.011507  -0.032482  -0.536579  0.922094  -0.374421  1.000000  
119.804903 0.013328  -0.009621  0.013994  0.517841  0.737065  0.434254  -0.744836  0.638142  -0.194921  -0.420785  -0.222509  0.879448  -0.024211  0.011338  -0.032183  -0.553838  0.959626  -0.370742  1.000000  
119.806152 0.013296  -0.009609  0.013956  0.518993  0.737137  0.432753  -0.744856  0.638372  -0.194090  -0.419328  -0.221607  0.880372  -0.024445  0.011068  -0.031728  -0.564837  0.997346  -0.374828  1.000000  
119.807153 0.013270  -0.009601  0.013928  0.519742  0.737367  0.431461  -0.744949  0.638397  -0.193650  -0.418234  -0.220769  0.881102  -0.024603  0.010851  -0.031420  -0.581563  1.023045  -0.368961  1.000000  
119.808156 0.013243  -0.009592  0.013899  0.520643  0.737463  0.430208  -0.744933  0.638576  -0.193122  -0.417140  -0.219928  0.881831  -0.024755  0.010625  -0.031104  -0.591342  1.046086  -0.370448  1.000000  
119.809397 0.013211  -0.009581  0.013863  0.521640  0.737660  0.428660  -0.745051  0.638661  -0.192382  -0.415681  -0.219019  0.882746  -0.024900  0.010343  -0.030982  -0.600530  1.077964  -0.364631  1.000000  
119.810397 0.013185  -0.009574  0.013834  0.522572  0.737718  0.427424  -0.745076  0.638842  -0.191681  -0.414463  -0.218296  0.883497  -0.024939  0.010060  -0.030943  -0.606198  1.105068  -0.365008  1.000000  
119.811398 0.013159  -0.009566  0.013803  0.523319  0.737888  0.426215  -0.745161  0.638897  -0.191167  -0.413367  -0.217558  0.884192  -0.025040  0.009821  -0.030997  -0.618898  1.125458  -0.359886  1.000000  
119.812647 0.013127  -0.009557  0.013767  0.524498  0.738015  0.424541  -0.745209  0.639094  -0.190323  -0.411783  -0.216548  0.885179  -0.025132  0.009438  -0.030910  -0.633047  1.161614  -0.358510  1.000000  
119.813653 0.013100  -0.009551  0.013738  0.525244  0.738181  0.423329  -0.745290  0.639152  -0.189809  -0.410685  -0.215806  0.885870  -0.025262  0.009096  -0.030589  -0.644591  1.176965  -0.349124  1.000000  
119.814896 0.013068  -0.009542  0.013704  0.526359  0.738270  0.421787  -0.745242  0.639401  -0.189161  -0.409343  -0.214766  0.886744  -0.025416  0.008722  -0.030203  -0.650393  1.196151  -0.353249  1.000000  
119.815896 0.013041  -0.009537  0.013679  0.527103  0.738433  0.420570  -0.745318  0.639462  -0.188649  -0.408244  -0.214021  0.887430  -0.025632  0.008399  -0.029722  -0.661984  1.211666  -0.344085  1.000000  
119.816897 0.013014  -0.009532  0.013655  0.528032  0.738428  0.419412  -0.745329  0.639677  -0.187877  -0.407022  -0.213395  0.888142  -0.025813  0.008037  -0.029083  -0.663874  1.234823  -0.345893  1.000000  
119.818147 0.012979  -0.009526  0.013629  0.528992  0.738590  0.417914  -0.745382  0.639802  -0.187241  -0.405677  -0.212456  0.888982  -0.026208  0.007482  -0.028039  -0.668697  1.251826  -0.343272  1.000000  
119.819397 0.012943  -0.009521  0.013602  0.529982  0.738766  0.416345  -0.745476  0.639906  -0.186510  -0.404209  -0.211528  0.889871  -0.026491  0.007022  -0.027202  -0.677602  1.273178  -0.339535  1.000000  
119.820407 0.012914  -0.009517  0.013581  0.530878  0.738790  0.415160  -0.745435  0.640127  -0.185915  -0.403107  -0.210777  0.890549  -0.026760  0.006538  -0.026446  -0.683703  1.291810  -0.341603  1.000000  
119.821653 0.012876  -0.009514  0.013556  0.531867  0.738911  0.413676  -0.745523  0.640258  -0.185108  -0.401637  -0.209952  0.891408  -0.027058  0.006110  -0.025758  -0.684564  1.308974  -0.339021  1.000000  
119.822904 0.012840  -0.009510  0.013530  0.532977  0.738932  0.412207  -0.745456  0.640543  -0.184391  -0.400289  -0.209006  0.892236  -0.027353  0.005548  -0.025014  -0.685403  1.317335  -0.338804  1.000000  
119.824157 0.012801  -0.009509  0.013504  0.533933  0.739033  0.410787  -0.745495  0.640701  -0.183683  -0.398940  -0.208165  0.893037  -0.027740  0.004930  -0.024312  -0.686386  1.326014  -0.338516  1.000000  
119.825436 0.012764  -0.009506  0.013479  0.534889  0.739180  0.409276  -0.745531  0.640839  -0.183054  -0.397590  -0.207214  0.893859  -0.028033  0.004381  -0.023425  -0.682371  1.328395  -0.339107  1.000000  
119.826647 0.012725  -0.009505  0.013456  0.535690  0.739408  0.407814  -0.745675  0.640849  -0.182432  -0.396239  -0.206369  0.894654  -0.028549  0.003874  -0.022576  -0.686987  1.337084  -0.333115  1.000000  
119.827897 0.012686  -0.009505  0.013436  0.536644  0.739502  0.406388  -0.745706  0.641013  -0.181727  -0.394887  -0.205523  0.895446  -0.029018  0.003315  -0.021476  -0.683250  1.344511  -0.333879  1.000000  
119.828897 0.012654  -0.009505  0.013422  0.537382  0.739545  0.405331  -0.745760  0.641137  -0.181068  -0.393781  -0.204977  0.896059  -0.029353  0.002896  -0.020484  -0.676340  1.349679  -0.333289  1.000000  
119.829897 0.012622  -0.009505  0.013410  0.538119  0.739637  0.404183  -0.745812  0.641241  -0.180487  -0.392673  -0.204321  0.896694  -0.029755  0.002411  -0.019490  -0.673186  1.349752  -0.334929  1.000000  
119.831147 0.012581  -0.009506  0.013397  0.538887  0.739744  0.402964  -0.745904  0.641323  -0.179809  -0.391443  -0.203676  0.897379  -0.030313  0.001903  -0.018432  -0.664607  1.343486  -0.331591  1.000000  
119.832153 0.012548  -0.009508  0.013386  0.539470  0.739916  0.401866  -0.746064  0.641299  -0.179234  -0.390334  -0.203127  0.897986  -0.030632  0.001444  -0.017481  -0.658625  1.335532  -0.321828  1.000000  
119.833400 0.012505  -0.009510  0.013374  0.540236  0.740068  0.400554  -0.746153  0.641362  -0.178635  -0.389102  -0.202370  0.898691  -0.031143  0.000925  -0.016548  -0.656980  1.327595  -0.313764  1.000000  
119.834646 0.012463  -0.009513  0.013361  0.541002  0.740170  0.399330  -0.746240  0.641449  -0.177958  -0.387869  -0.201720  0.899370  -0.031588  0.000406  -0.015639  -0.644444  1.321535  -0.310513  1.000000  
119.835647 0.012428  -0.009515  0.013353  0.541737  0.740207  0.398265  -0.746283  0.641581  -0.177302  -0.386759  -0.201168  0.899972  -0.031919  0.000058  -0.014872  -0.639944  1.315645  -0.306909  1.000000  
119.836649 0.012393  -0.009518  0.013345  0.542287  0.740310  0.397323  -0.746394  0.641604  -0.176747  -0.385772  -0.200712  0.900497  -0.032211  -0.000248  -0.014056  -0.627146  1.309511  -0.303197  1.000000  
119.837654 0.012358  -0.009520  0.013339  0.542714  0.740609  0.396182  -0.746658  0.641433  -0.176255  -0.384660  -0.200157  0.901096  -0.032638  -0.000654  -0.012994  -0.627891  1.300997  -0.285724  1.000000  
119.838904 0.012315  -0.009523  0.013333  0.543354  0.740806  0.394935  -0.746892  0.641372  -0.175486  -0.383301  -0.199623  0.901793  -0.033019  -0.000968  -0.011617  -0.614154  1.297457  -0.276730  1.000000  
119.839906 0.012278  -0.009526  0.013330  0.543932  0.740922  0.393919  -0.747040  0.641376  -0.174834  -0.382189  -0.199175  0.902364  -0.033454  -0.001261  -0.010419  -0.607803  1.290269  -0.265027  1.000000  
119.841151 0.012233  -0.009529  0.013328  0.544571  0.741069  0.392759  -0.747270  0.641339  -0.173987  -0.380828  -0.198749  0.903033  -0.033850  -0.001498  -0.009124  -0.593896  1.283118  -0.255265  1.000000  
119.842156 0.012197  -0.009532  0.013328  0.545024  0.741331  0.391634  -0.747569  0.641172  -0.173319  -0.379591  -0.198310  0.903650  -0.034208  -0.001802  -0.007849  -0.590465  1.278363  -0.237953  1.000000  
119.843400 0.012152  -0.009536  0.013328  0.545661  0.741476  0.390471  -0.747795  0.641137  -0.172472  -0.378229  -0.197881  0.904315  -0.034587  -0.002126  -0.006631  -0.573073  1.271083  -0.230309  1.000000  
119.844403 0.012115  -0.009540  0.013328  0.546112  0.741689  0.389433  -0.748091  0.640992  -0.171725  -0.376990  -0.197550  0.904905  -0.034878  -0.002370  -0.005781  -0.560773  1.271093  -0.209846  1.000000  
119.845647 0.012069  -0.009545  0.013328  0.546806  0.741864  0.388125  -0.748394  0.640916  -0.170682  -0.375378  -0.197141  0.905664  -0.035218  -0.002624  -0.004924  -0.546713  1.277153  -0.196949  1.000000  
119.846647 0.012033  -0.009549  0.013328  0.547256  0.742075  0.387085  -0.748686  0.640774  -0.169934  -0.374138  -0.196808  0.906249  -0.035433  -0.002782  -0.004193  -0.543244  1.272849  -0.179439  1.000000  
119.847651 0.011997  -0.009553  0.013328  0.547735  0.742302  0.385972  -0.749017  0.640611  -0.169088  -0.372773  -0.196484  0.906882  -0.035618  -0.002998  -0.003446  -0.532865  1.278533  -0.166167  1.000000  
119.848896 0.011950  -0.009560  0.013329  0.548271  0.742558  0.384715  -0.749427  0.640406  -0.168046  -0.371158  -0.196181  0.907609  -0.035864  -0.003241  -0.002649  -0.518309  1.282606  -0.149710  1.000000  
119.849897 0.011913  -0.009564  0.013332  0.548718  0.742768  0.383672  -0.749714  0.640266  -0.167297  -0.369915  -0.195845  0.908189  -0.036116  -0.003403  -0.001724  -0.510726  1.278479  -0.132374  1.000000  
119.850898 0.011876  -0.009568  0.013335  0.549194  0.742946  0.382646  -0.750039  0.640126  -0.166373  -0.368547  -0.195629  0.908792  -0.036322  -0.003534  -0.000904  -0.499107  1.283240  -0.112980  1.000000  
119.851898 0.011838  -0.009572  0.013341  0.549668  0.743169  0.381529  -0.750363  0.639966  -0.165525  -0.367179  -0.195302  0.909416  -0.036444  -0.003610  -0.000206  -0.488601  1.288782  -0.099776  1.000000  
119.853147 0.011790  -0.009577  0.013349  0.550383  0.743353  0.380139  -0.750690  0.639877  -0.164382  -0.365436  -0.194894  0.910205  -0.036698  -0.003691  0.000856  -0.478368  1.294754  -0.086819  1.000000  
119.854157 0.011752  -0.009581  0.013356  0.550883  0.743590  0.378947  -0.751049  0.639699  -0.163435  -0.363941  -0.194574  0.910872  -0.036893  -0.003850  0.001709  -0.474542  1.307888  -0.065411  1.000000  
119.855411 0.011705  -0.009586  0.013365  0.551498  0.743888  0.377466  -0.751562  0.639437  -0.162095  -0.361946  -0.194294  0.911726  -0.037026  -0.003958  0.002552  -0.459104  1.326592  -0.043376  1.000000  
119.856656 0.011657  -0.009591  0.013374  0.552110  0.744231  0.375893  -0.752071  0.639158  -0.160831  -0.359950  -0.193902  0.912600  -0.037163  -0.004096  0.003188  -0.446454  1.345188  -0.023569  1.000000  
119.857902 0.011610  -0.009597  0.013382  0.552874  0.744441  0.374350  -0.752463  0.639033  -0.159488  -0.357952  -0.193508  0.913469  -0.037412  -0.004193  0.003687  -0.436012  1.360226  -0.008555  1.000000  
119.858907 0.011570  -0.009601  0.013388  0.553397  0.744644  0.373171  -0.752850  0.638857  -0.158363  -0.356327  -0.193304  0.914147  -0.037598  -0.004259  0.004105  -0.429292  1.379131  0.007891  1.000000  
119.860150 0.011521  -0.009608  0.013396  0.554031  0.744999  0.371519  -0.753387  0.638561  -0.156998  -0.354201  -0.192916  0.915055  -0.037803  -0.004338  0.004632  -0.422963  1.403425  0.024913  1.000000  
119.861420 0.011472  -0.009614  0.013405  0.554817  0.745176  0.369988  -0.753806  0.638439  -0.155478  -0.352073  -0.192637  0.915934  -0.037981  -0.004438  0.005229  -0.413483  1.427322  0.035780  1.000000  
119.862647 0.011422  -0.009621  0.013415  0.555418  0.745468  0.368495  -0.754297  0.638185  -0.154131  -0.350068  -0.192347  0.916763  -0.038300  -0.004535  0.005804  -0.403095  1.452162  0.052890  1.000000  
119.863897 0.011371  -0.009629  0.013426  0.556172  0.745628  0.367032  -0.754669  0.638086  -0.152709  -0.348062  -0.192056  0.917588  -0.038648  -0.004632  0.006544  -0.393859  1.477246  0.063756  1.000000  
119.865147 0.011318  -0.009637  0.013438  0.556795  0.745933  0.365462  -0.755190  0.637815  -0.151262  -0.345929  -0.191772  0.918454  -0.039102  -0.004856  0.007068  -0.385467  1.498648  0.075959  1.000000  
119.866397 0.011265  -0.009645  0.013450  0.557417  0.746237  0.363891  -0.755707  0.637545  -0.149814  -0.343794  -0.191486  0.919314  -0.039461  -0.005008  0.007471  -0.380450  1.529259  0.098953  1.000000  
119.867647 0.011211  -0.009653  0.013463  0.558218  0.746425  0.362275  -0.756141  0.637409  -0.148192  -0.341531  -0.191208  0.920215  -0.039874  -0.005215  0.007875  -0.367163  1.557461  0.099254  1.000000  
119.868649 0.011168  -0.009660  0.013473  0.558753  0.746638  0.361009  -0.756539  0.637221  -0.146962  -0.339770  -0.191002  0.920910  -0.040192  -0.005345  0.008036  -0.361833  1.577664  0.109274  1.000000  
119.869908 0.011114  -0.009668  0.013486  0.559339  0.746924  0.359505  -0.757008  0.636975  -0.145611  -0.337756  -0.190703  0.921712  -0.040692  -0.005576  0.008283  -0.355598  1.602995  0.118108  1.000000  
119.871156 0.011058  -0.009677  0.013499  0.560133  0.747109  0.357882  -0.757429  0.636843  -0.143986  -0.335488  -0.190419  0.922599  -0.041241  -0.005852  0.008540  -0.347726  1.628763  0.122539  1.000000  
119.872161 0.011012  -0.009684  0.013510  0.560662  0.747320  0.356612  -0.757818  0.636658  -0.142754  -0.333723  -0.190210  0.923282  -0.041755  -0.006039  0.008926  -0.343957  1.650691  0.126386  1.000000  
119.873409 0.010954  -0.009694  0.013526  0.561268  0.747618  0.355029  -0.758310  0.636396  -0.141301  -0.331578  -0.189914  0.924115  -0.042437  -0.006335  0.009464  -0.342741  1.671345  0.136308  1.000000  
119.874650 0.010894  -0.009704  0.013544  0.561845  0.747901  0.353517  -0.758764  0.636155  -0.139946  -0.329557  -0.189608  0.924900  -0.043208  -0.006667  0.010093  -0.341629  1.688305  0.145352  1.000000  
119.875901 0.010834  -0.009714  0.013564  0.562420  0.748183  0.352004  -0.759213  0.635915  -0.138590  -0.327535  -0.189300  0.925681  -0.043888  -0.006854  0.010893  -0.337948  1.701587  0.147064  1.000000  
119.877148 0.010773  -0.009725  0.013585  0.563175  0.748347  0.350443  -0.759578  0.635811  -0.137062  -0.325385  -0.188999  0.926501  -0.044697  -0.007124  0.011670  -0.334402  1.719896  0.149737  1.000000  
119.878398 0.010710  -0.009737  0.013605  0.563745  0.748585  0.349017  -0.760020  0.635591  -0.135627  -0.323360  -0.188801  0.927250  -0.045409  -0.007393  0.012275  -0.331919  1.727131  0.152287  1.000000  
119.879647 0.010647  -0.009749  0.013626  0.564338  0.748878  0.347424  -0.760492  0.635335  -0.134169  -0.321207  -0.188497  0.928060  -0.046175  -0.007684  0.012833  -0.328287  1.744701  0.154850  1.000000  
119.880649 0.010596  -0.009759  0.013643  0.564827  0.749027  0.346308  -0.760824  0.635193  -0.132955  -0.319559  -0.188382  0.928652  -0.046822  -0.007928  0.013370  -0.323235  1.759340  0.155372  1.000000  
119.881651 0.010545  -0.009769  0.013660  0.565314  0.749217  0.345099  -0.761152  0.635036  -0.131818  -0.317911  -0.188155  0.929263  -0.047364  -0.008182  0.013835  -0.319487  1.768205  0.156339  1.000000  
119.882897 0.010481  -0.009781  0.013681  0.565875  0.749494  0.343576  -0.761580  0.634804  -0.130458  -0.315880  -0.187838  0.930020  -0.048107  -0.008460  0.014433  -0.318207  1.775922  0.163438  1.000000  
119.884148 0.010416  -0.009794  0.013704  0.566434  0.749728  0.342142  -0.762005  0.634589  -0.129019  -0.313848  -0.187633  0.930749  -0.048783  -0.008774  0.015183  -0.311975  1.779196  0.164869  1.000000  
119.885148 0.010363  -0.009805  0.013723  0.566916  0.749874  0.341020  -0.762325  0.634450  -0.127803  -0.312197  -0.187514  0.931328  -0.049300  -0.009019  0.015683  -0.308247  1.779081  0.164189  1.000000  
119.886397 0.010297  -0.009819  0.013749  0.567446  0.750092  0.339657  -0.762710  0.634256  -0.126464  -0.310289  -0.187299  0.932009  -0.049979  -0.009363  0.016487  -0.300620  1.775071  0.162300  1.000000  
119.887406 0.010243  -0.009830  0.013770  0.567899  0.750264  0.338517  -0.762991  0.634124  -0.125424  -0.308762  -0.187057  0.932564  -0.050601  -0.009688  0.017183  -0.295255  1.776257  0.159887  1.000000  
119.888659 0.010175  -0.009845  0.013799  0.568583  0.750350  0.337177  -0.763253  0.634086  -0.124014  -0.306853  -0.186839  0.933238  -0.051161  -0.009996  0.018042  -0.291609  1.767522  0.157168  1.000000  
119.889903 0.010108  -0.009860  0.013828  0.569107  0.750566  0.335810  -0.763628  0.633895  -0.122673  -0.304942  -0.186620  0.933908  -0.051703  -0.010266  0.018721  -0.283880  1.758747  0.154346  1.000000  
119.891150 0.010040  -0.009875  0.013858  0.569629  0.750781  0.334441  -0.764000  0.633706  -0.121331  -0.303030  -0.186399  0.934574  -0.052146  -0.010567  0.019429  -0.282725  1.750072  0.158174  1.000000  
119.892156 0.009987  -0.009886  0.013882  0.570257  0.750836  0.333245  -0.764187  0.633711  -0.120121  -0.301372  -0.186162  0.935157  -0.052413  -0.010733  0.019861  -0.280516  1.754132  0.151763  1.000000  
119.893400 0.009919  -0.009901  0.013912  0.570775  0.751050  0.331873  -0.764552  0.633523  -0.118778  -0.299458  -0.185939  0.935816  -0.052784  -0.010991  0.020524  -0.274597  1.748876  0.151462  1.000000  
119.894648 0.009851  -0.009916  0.013943  0.571315  0.751318  0.330334  -0.764947  0.633302  -0.117412  -0.297415  -0.185609  0.936533  -0.053072  -0.011181  0.021180  -0.275065  1.744755  0.149587  1.000000  
119.895896 0.009784  -0.009931  0.013974  0.571986  0.751400  0.328983  -0.765188  0.633270  -0.116000  -0.295498  -0.185384  0.937184  -0.053333  -0.011335  0.021915  -0.271437  1.735995  0.146918  1.000000  
119.896897 0.009730  -0.009943  0.014001  0.572474  0.751597  0.327682  -0.765512  0.633105  -0.114757  -0.293708  -0.185150  0.937793  -0.053493  -0.011511  0.022571  -0.271809  1.736039  0.146159  1.000000  
119.897897 0.009676  -0.009955  0.014028  0.573095  0.751608  0.326569  -0.765684  0.633129  -0.113469  -0.292045  -0.185021  0.938338  -0.053640  -0.011576  0.023225  -0.264191  1.730074  0.135726  1.000000  
119.899147 0.009608  -0.009970  0.014062  0.573602  0.751858  0.325099  -0.766034  0.632932  -0.112201  -0.290125  -0.184678  0.939000  -0.053840  -0.011732  0.023847  -0.270876  1.719928  0.139496  1.000000  
