1-Time 2-Px 3-Py 4-Pz 5-R11 6-R21 7-R31 8-R12 9-R22 10-R32 11-R13 12-R23 13-R33 14-Vx 15-Vy 16-Vz 17-Wx 18-Wy 19-Wz 20-state
7.751582 -0.046629  0.057573  0.002398  0.908020  0.137415  0.395749  -0.414699  0.428719  0.802636  -0.059372  -0.892926  0.446271  0.000000  0.000000  0.000000  0.000000  0.000000  0.000000  1.000000  
7.752714 -0.046629  0.057573  0.002398  0.908020  0.137415  0.395749  -0.414699  0.428719  0.802636  -0.059372  -0.892926  0.446271  0.000503  -0.000488  0.000040  0.000000  0.000000  0.000000  1.000000  
7.753965 -0.046617  0.057558  0.002397  0.908020  0.137415  0.395749  -0.414699  0.428719  0.802636  -0.059372  -0.892926  0.446271  0.006275  -0.007282  -0.000425  0.000000  0.000000  0.000000  1.000000  
7.754973 -0.046599  0.057539  0.002396  0.908020  0.137415  0.395749  -0.414699  0.428719  0.802636  -0.059372  -0.892926  0.446271  0.010012  -0.011175  -0.000712  0.000000  0.000000  0.000000  1.000000  
7.756213 -0.046573  0.057510  0.002393  0.908020  0.137319  0.395783  -0.414699  0.428525  0.802740  -0.059372  -0.893034  0.446055  0.013152  -0.014836  -0.001172  0.000000  0.000000  0.000000  1.000000  
7.757504 -0.046541  0.057475  0.002386  0.908020  0.137126  0.395849  -0.414699  0.428135  0.802948  -0.059372  -0.893251  0.445621  0.015803  -0.017654  -0.002066  0.000000  0.000000  0.000000  1.000000  
7.758709 -0.046500  0.057433  0.002377  0.908105  0.136798  0.395767  -0.414512  0.427676  0.803289  -0.059372  -0.893521  0.445080  0.019067  -0.020773  -0.003140  0.000000  0.000000  0.000000  1.000000  
7.759777 -0.046461  0.057394  0.002368  0.908105  0.136654  0.395817  -0.414512  0.427384  0.803444  -0.059372  -0.893683  0.444754  0.021434  -0.022918  -0.003758  0.000000  0.000000  0.000000  1.000000  
7.760958 -0.046408  0.057339  0.002360  0.908190  0.136326  0.395734  -0.414325  0.426925  0.803785  -0.059372  -0.893952  0.444212  0.024555  -0.026034  -0.004176  0.000000  0.000000  0.000000  1.000000  
7.762207 -0.046351  0.057277  0.002353  0.908276  0.136047  0.395635  -0.414138  0.426563  0.804073  -0.059372  -0.894168  0.443779  0.027135  -0.028866  -0.004386  0.000000  0.000000  0.000000  1.000000  
7.763275 -0.046304  0.057225  0.002346  0.908431  0.135461  0.395478  -0.413758  0.426328  0.804394  -0.059639  -0.894369  0.443338  0.028719  -0.030706  -0.004579  0.000000  0.000000  0.000000  1.000000  
7.764464 -0.046245  0.057160  0.002335  0.908495  0.134855  0.395539  -0.413561  0.426114  0.804608  -0.060039  -0.894562  0.442893  0.030680  -0.033029  -0.004989  0.000000  0.000000  0.000000  1.000000  
7.765521 -0.046198  0.057107  0.002325  0.908473  0.134384  0.395750  -0.413551  0.425970  0.804690  -0.060440  -0.894701  0.442557  0.031734  -0.034315  -0.005331  0.000000  0.000000  0.000000  1.000000  
7.766722 -0.046141  0.057037  0.002313  0.908458  0.133974  0.395923  -0.413544  0.425679  0.804847  -0.060707  -0.894901  0.442115  0.033078  -0.036280  -0.005736  0.000000  0.000000  0.000000  1.000000  
7.767963 -0.046082  0.056961  0.002302  0.908536  0.133681  0.395843  -0.413354  0.425560  0.805008  -0.060841  -0.895001  0.441895  0.036845  -0.041230  -0.006507  0.000000  0.000000  0.000000  1.000000  
7.768975 -0.046035  0.056898  0.002293  0.908621  0.133546  0.395694  -0.413167  0.425490  0.805141  -0.060841  -0.895055  0.441786  0.039128  -0.044454  -0.007045  0.000000  0.000000  0.000000  1.000000  
7.769996 -0.045989  0.056833  0.002284  0.908698  0.133301  0.395598  -0.412976  0.425470  0.805249  -0.060974  -0.895101  0.441674  0.040937  -0.047412  -0.007493  0.000000  0.000000  0.000000  1.000000  
7.771208 -0.045932  0.056751  0.002272  0.908613  0.133293  0.395796  -0.413163  0.425247  0.805271  -0.060974  -0.895208  0.441457  0.042726  -0.050624  -0.008053  0.000000  0.000000  0.000000  1.000000  
7.772226 -0.045887  0.056683  0.002262  0.908536  0.133441  0.395924  -0.413354  0.425072  0.805265  -0.060841  -0.895269  0.441352  0.044442  -0.053798  -0.008474  0.000000  0.000000  0.000000  1.000000  
7.773459 -0.045829  0.056596  0.002247  0.908373  0.133629  0.396235  -0.413731  0.424772  0.805230  -0.060707  -0.895384  0.441138  0.045502  -0.056740  -0.008785  0.000000  0.000000  0.000000  1.000000  
7.774459 -0.045783  0.056524  0.002234  0.908302  0.133839  0.396326  -0.413925  0.424450  0.805300  -0.060440  -0.895505  0.440928  0.046094  -0.058899  -0.009104  0.000000  0.000000  0.000000  1.000000  
7.775713 -0.045726  0.056432  0.002218  0.908161  0.134305  0.396491  -0.414312  0.423903  0.805389  -0.059906  -0.895694  0.440616  0.046250  -0.061458  -0.009644  0.266529  0.005492  -0.027868  1.000000  
7.776962 -0.045668  0.056337  0.002199  0.907934  0.134858  0.396823  -0.414886  0.423328  0.805396  -0.059372  -0.895883  0.440304  0.046250  -0.063677  -0.010435  0.266282  -0.007363  0.003649  1.000000  
7.778216 -0.045611  0.056241  0.002176  0.907707  0.135315  0.397188  -0.415460  0.422556  0.805506  -0.058837  -0.896179  0.439775  0.046360  -0.065867  -0.011375  0.275277  -0.019006  0.032155  1.000000  
7.779462 -0.045555  0.056143  0.002147  0.907400  0.135967  0.397667  -0.416224  0.421706  0.805557  -0.058170  -0.896480  0.439249  0.046003  -0.067789  -0.012554  0.283117  -0.034155  0.065748  1.000000  
7.780712 -0.045502  0.056042  0.002115  0.906999  0.136547  0.398382  -0.417170  0.420779  0.805552  -0.057635  -0.896828  0.438610  0.045683  -0.070466  -0.013920  0.294038  -0.056478  0.095399  1.000000  
7.781961 -0.045450  0.055938  0.002082  0.906776  0.137158  0.398679  -0.417747  0.420053  0.805632  -0.056967  -0.897075  0.438191  0.045220  -0.072497  -0.015372  0.299363  -0.063238  0.121548  1.000000  
7.782965 -0.045408  0.055853  0.002054  0.906538  0.137551  0.399084  -0.418316  0.419427  0.805663  -0.056567  -0.897308  0.437766  0.044869  -0.073994  -0.016642  0.314487  -0.075877  0.142806  1.000000  
7.784047 -0.045367  0.055767  0.002026  0.906314  0.138209  0.399366  -0.418892  0.418796  0.805692  -0.055899  -0.897501  0.437456  0.044264  -0.075117  -0.017838  0.324643  -0.084298  0.171644  1.000000  
7.785212 -0.045315  0.055658  0.001991  0.906003  0.138857  0.399848  -0.419653  0.417942  0.805739  -0.055231  -0.897799  0.436928  0.044163  -0.077517  -0.019601  0.341602  -0.098618  0.202829  1.000000  
7.786463 -0.045265  0.055550  0.001956  0.905776  0.139465  0.400148  -0.420228  0.417212  0.805818  -0.054563  -0.898044  0.436508  0.043786  -0.078972  -0.020934  0.347316  -0.108158  0.233756  1.000000  
7.787514 -0.045224  0.055464  0.001928  0.905543  0.140062  0.400468  -0.420800  0.416728  0.805770  -0.054028  -0.898176  0.436303  0.043266  -0.080027  -0.022148  0.337599  -0.118741  0.258671  1.000000  
7.788710 -0.045170  0.055355  0.001896  0.905316  0.140718  0.400752  -0.421374  0.416094  0.805797  -0.053360  -0.898367  0.435992  0.043101  -0.081659  -0.023382  0.328407  -0.133906  0.291328  1.000000  
7.789726 -0.045125  0.055267  0.001872  0.905168  0.141228  0.400906  -0.421759  0.415638  0.805832  -0.052826  -0.898499  0.435786  0.042969  -0.082638  -0.024143  0.325600  -0.137563  0.311528  1.000000  
7.790959 -0.045069  0.055157  0.001844  0.905026  0.141798  0.401026  -0.422147  0.415032  0.805941  -0.052158  -0.898689  0.435475  0.043037  -0.083761  -0.024697  0.314384  -0.147322  0.342763  1.000000  
7.791959 -0.045024  0.055068  0.001822  0.904883  0.142465  0.401111  -0.422534  0.414622  0.805949  -0.051490  -0.898773  0.435381  0.042996  -0.084660  -0.025122  0.305173  -0.156119  0.372040  1.000000  
7.792959 -0.044978  0.054979  0.001801  0.904827  0.142998  0.401047  -0.422735  0.414142  0.806090  -0.050822  -0.898909  0.435178  0.042984  -0.085448  -0.025358  0.298145  -0.159996  0.406835  1.000000  
7.793961 -0.044933  0.054888  0.001779  0.904771  0.143579  0.400967  -0.422935  0.413761  0.806181  -0.050153  -0.898992  0.435083  0.042948  -0.086297  -0.025352  0.289364  -0.158681  0.440951  1.000000  
7.795210 -0.044877  0.054774  0.001752  0.904633  0.144355  0.401000  -0.423325  0.413298  0.806214  -0.049352  -0.899081  0.434992  0.043116  -0.087386  -0.025069  0.274751  -0.152821  0.491190  1.000000  
7.796459 -0.044820  0.054656  0.001726  0.904581  0.144996  0.400885  -0.423527  0.412766  0.806380  -0.048550  -0.899222  0.434791  0.043397  -0.088296  -0.024636  0.265836  -0.143147  0.525663  1.000000  
7.797715 -0.044763  0.054536  0.001699  0.904523  0.145577  0.400805  -0.423727  0.412383  0.806471  -0.047882  -0.899304  0.434696  0.043724  -0.089338  -0.024166  0.260967  -0.143746  0.555678  1.000000  
7.798959 -0.044707  0.054413  0.001670  0.904459  0.146001  0.400796  -0.423924  0.411954  0.806587  -0.047347  -0.899432  0.434488  0.044247  -0.090745  -0.023855  0.262357  -0.147234  0.573428  1.000000  
7.799976 -0.044663  0.054316  0.001645  0.904383  0.146206  0.400892  -0.424116  0.411626  0.806654  -0.047080  -0.899549  0.434276  0.044206  -0.090870  -0.023379  0.265719  -0.153809  0.591520  1.000000  
7.801210 -0.044607  0.054193  0.001613  0.904313  0.146521  0.400936  -0.424310  0.411246  0.806745  -0.046679  -0.899671  0.434066  0.044616  -0.092006  -0.023226  0.267973  -0.149299  0.608455  1.000000  
7.802270 -0.044561  0.054094  0.001586  0.904150  0.146810  0.401199  -0.424688  0.410888  0.806729  -0.046411  -0.899788  0.433853  0.044923  -0.092820  -0.023207  0.267212  -0.153423  0.614412  1.000000  
7.803464 -0.044502  0.053968  0.001550  0.904079  0.147076  0.401261  -0.424882  0.410411  0.806870  -0.046010  -0.899962  0.433533  0.045283  -0.094006  -0.023442  0.274381  -0.146833  0.621257  1.000000  
7.804709 -0.044442  0.053842  0.001514  0.903915  0.147317  0.401542  -0.425259  0.409954  0.806903  -0.045743  -0.900131  0.433211  0.045606  -0.095105  -0.023890  0.278119  -0.144602  0.611136  1.000000  
7.805715 -0.044394  0.053741  0.001485  0.903838  0.147522  0.401639  -0.425450  0.409625  0.806969  -0.045476  -0.900247  0.432998  0.045715  -0.095975  -0.024317  0.276781  -0.141713  0.608950  1.000000  
7.806716 -0.044346  0.053638  0.001456  0.903756  0.147569  0.401806  -0.425639  0.409250  0.807060  -0.045342  -0.900410  0.432673  0.045885  -0.096874  -0.024819  0.277303  -0.141637  0.593807  1.000000  
7.807960 -0.044287  0.053508  0.001420  0.903592  0.147809  0.402087  -0.426016  0.408793  0.807093  -0.045075  -0.900578  0.432351  0.046106  -0.098171  -0.025466  0.271130  -0.142687  0.584904  1.000000  
7.808961 -0.044238  0.053403  0.001392  0.903422  0.147989  0.402403  -0.426391  0.408485  0.807051  -0.044941  -0.900689  0.432135  0.046327  -0.099062  -0.025798  0.263891  -0.136416  0.566853  1.000000  
7.810213 -0.044178  0.053268  0.001360  0.903169  0.148361  0.402833  -0.426954  0.408094  0.806951  -0.044674  -0.900804  0.431921  0.046636  -0.100498  -0.026254  0.246550  -0.131294  0.553251  1.000000  
7.811458 -0.044118  0.053131  0.001330  0.903009  0.148807  0.403027  -0.427333  0.407781  0.806908  -0.044273  -0.900873  0.431820  0.046789  -0.101693  -0.026377  0.232978  -0.126200  0.541828  1.000000  
7.812461 -0.044072  0.053020  0.001308  0.902844  0.149095  0.403291  -0.427710  0.407420  0.806891  -0.044006  -0.900988  0.431606  0.046881  -0.102783  -0.026485  0.227341  -0.125198  0.535397  1.000000  
7.813711 -0.044014  0.052882  0.001281  0.902684  0.149540  0.403484  -0.428089  0.407106  0.806848  -0.043605  -0.901056  0.431505  0.046958  -0.103806  -0.026385  0.216484  -0.119054  0.518349  1.000000  
7.814960 -0.043956  0.052743  0.001254  0.902435  0.150070  0.403844  -0.428654  0.406761  0.806723  -0.043204  -0.901124  0.431403  0.047186  -0.104993  -0.026130  0.202129  -0.119848  0.508607  1.000000  
7.815961 -0.043908  0.052631  0.001231  0.902269  0.150406  0.404090  -0.429031  0.406497  0.806655  -0.042936  -0.901187  0.431299  0.047345  -0.105939  -0.025874  0.194479  -0.117662  0.497490  1.000000  
7.817216 -0.043849  0.052490  0.001203  0.902014  0.150825  0.404503  -0.429593  0.406203  0.806504  -0.042669  -0.901250  0.431194  0.047611  -0.107326  -0.025587  0.184689  -0.120591  0.483212  1.000000  
7.818459 -0.043790  0.052349  0.001174  0.901759  0.151196  0.404933  -0.430155  0.405810  0.806402  -0.042401  -0.901364  0.430981  0.047443  -0.108003  -0.025090  0.178609  -0.129590  0.473317  1.000000  
7.819463 -0.043743  0.052235  0.001149  0.901587  0.151422  0.405232  -0.430529  0.405598  0.806310  -0.042268  -0.901422  0.430874  0.047398  -0.108929  -0.024734  0.176568  -0.132405  0.458263  1.000000  
7.820466 -0.043695  0.052120  0.001122  0.901326  0.151733  0.405696  -0.431088  0.405355  0.806133  -0.042134  -0.901479  0.430767  0.047388  -0.109848  -0.024599  0.172166  -0.144491  0.448810  1.000000  
7.821709 -0.043635  0.051975  0.001087  0.900981  0.152185  0.406293  -0.431835  0.404930  0.805947  -0.041867  -0.901594  0.430553  0.047443  -0.110900  -0.024616  0.170286  -0.161596  0.439040  1.000000  
7.822715 -0.043587  0.051858  0.001057  0.900719  0.152495  0.406757  -0.432393  0.404686  0.805770  -0.041733  -0.901651  0.430446  0.047405  -0.111856  -0.024554  0.167106  -0.185190  0.428294  1.000000  
7.823962 -0.043528  0.051708  0.001018  0.900372  0.152947  0.407354  -0.433140  0.404260  0.805583  -0.041466  -0.901766  0.430232  0.047349  -0.113106  -0.024890  0.170784  -0.205581  0.418151  1.000000  
7.825210 -0.043467  0.051554  0.000977  0.900025  0.153348  0.407969  -0.433886  0.403736  0.805444  -0.041198  -0.901932  0.429909  0.047357  -0.114301  -0.025482  0.176687  -0.228310  0.411465  1.000000  
7.826456 -0.043407  0.051396  0.000935  0.899678  0.153799  0.408566  -0.434632  0.403310  0.805256  -0.040931  -0.902046  0.429694  0.047450  -0.115657  -0.026381  0.175985  -0.254701  0.404260  1.000000  
7.827705 -0.043346  0.051237  0.000892  0.899240  0.154282  0.409347  -0.435562  0.402753  0.805031  -0.040664  -0.902212  0.429371  0.047651  -0.117156  -0.027413  0.183097  -0.285402  0.404109  1.000000  
7.828705 -0.043296  0.051108  0.000857  0.898890  0.154682  0.409963  -0.436307  0.402227  0.804891  -0.040396  -0.902378  0.429047  0.047869  -0.118330  -0.028285  0.186329  -0.305929  0.408779  1.000000  
7.829955 -0.043233  0.050946  0.000813  0.898545  0.155190  0.410527  -0.437055  0.401649  0.804774  -0.039995  -0.902549  0.428726  0.048198  -0.119830  -0.029419  0.189780  -0.324821  0.417842  1.000000  
7.831205 -0.043169  0.050783  0.000768  0.898199  0.155696  0.411092  -0.437801  0.401069  0.804657  -0.039594  -0.902719  0.428404  0.048522  -0.121302  -0.030547  0.193009  -0.343314  0.426372  1.000000  
7.832206 -0.043117  0.050652  0.000733  0.897943  0.156170  0.411472  -0.438363  0.400619  0.804576  -0.039193  -0.902838  0.428192  0.048820  -0.122620  -0.031354  0.193261  -0.348372  0.434129  1.000000  
7.833455 -0.043052  0.050486  0.000690  0.897601  0.156834  0.411967  -0.439111  0.400083  0.804435  -0.038658  -0.902960  0.427982  0.049244  -0.124205  -0.032239  0.188222  -0.364510  0.446122  1.000000  
7.834705 -0.042986  0.050320  0.000648  0.897252  0.157389  0.412513  -0.439857  0.399599  0.804268  -0.038257  -0.903078  0.427769  0.049690  -0.125839  -0.032937  0.183755  -0.375067  0.455901  1.000000  
7.835708 -0.042933  0.050186  0.000614  0.896990  0.157802  0.412926  -0.440416  0.399297  0.804112  -0.037990  -0.903139  0.427664  0.050031  -0.127016  -0.033399  0.179292  -0.387558  0.461771  1.000000  
7.836710 -0.042880  0.050052  0.000580  0.896727  0.158215  0.413339  -0.440974  0.398996  0.803955  -0.037722  -0.903200  0.427559  0.050411  -0.128460  -0.033882  0.170737  -0.398120  0.471593  1.000000  
7.837959 -0.042813  0.049882  0.000535  0.896468  0.158787  0.413681  -0.441535  0.398738  0.803776  -0.037321  -0.903214  0.427565  0.050815  -0.129812  -0.034291  0.158479  -0.402405  0.478408  1.000000  
7.838962 -0.042760  0.049744  0.000499  0.896295  0.159168  0.413910  -0.441908  0.398565  0.803656  -0.037054  -0.903223  0.427570  0.051169  -0.131087  -0.034647  0.152056  -0.397674  0.483468  1.000000  
7.839968 -0.042707  0.049604  0.000462  0.896117  0.159440  0.414189  -0.442279  0.398446  0.803511  -0.036920  -0.903227  0.427572  0.051509  -0.132100  -0.034900  0.143992  -0.399606  0.479284  1.000000  
7.841205 -0.042640  0.049428  0.000415  0.895857  0.160012  0.414532  -0.442839  0.398187  0.803331  -0.036519  -0.903240  0.427578  0.052011  -0.133430  -0.035224  0.138705  -0.400715  0.482401  1.000000  
7.842209 -0.042585  0.049287  0.000377  0.895679  0.160284  0.414811  -0.443210  0.398068  0.803186  -0.036385  -0.903245  0.427580  0.052374  -0.134360  -0.035517  0.134756  -0.402606  0.478280  1.000000  
7.843209 -0.042530  0.049144  0.000336  0.895505  0.160664  0.415039  -0.443583  0.397894  0.803065  -0.036118  -0.903254  0.427584  0.052788  -0.135318  -0.035962  0.130629  -0.410751  0.477180  1.000000  
7.844209 -0.042474  0.049000  0.000294  0.895418  0.160804  0.415173  -0.443770  0.397710  0.803054  -0.035984  -0.903310  0.427477  0.053162  -0.136277  -0.036348  0.131011  -0.406521  0.470138  1.000000  
7.845211 -0.042417  0.048854  0.000252  0.895244  0.161134  0.415420  -0.444143  0.397439  0.802982  -0.035717  -0.903370  0.427371  0.053567  -0.137342  -0.036815  0.128496  -0.405708  0.466972  1.000000  
7.846226 -0.042359  0.048707  0.000208  0.895065  0.161406  0.415700  -0.444513  0.397319  0.802836  -0.035583  -0.903375  0.427373  0.053979  -0.138304  -0.037314  0.124487  -0.407520  0.462716  1.000000  
7.847462 -0.042285  0.048522  0.000154  0.894895  0.161793  0.415916  -0.444888  0.396896  0.802837  -0.035182  -0.903491  0.427160  0.054649  -0.139852  -0.038091  0.129086  -0.399641  0.463972  1.000000  
7.848709 -0.042209  0.048334  0.000099  0.894720  0.162123  0.416164  -0.445261  0.396624  0.802765  -0.034914  -0.903551  0.427055  0.055316  -0.141334  -0.038947  0.128404  -0.388311  0.461203  1.000000  
7.849955 -0.042133  0.048146  0.000042  0.894549  0.162510  0.416380  -0.445635  0.396201  0.802766  -0.034513  -0.903668  0.426841  0.055986  -0.142897  -0.039972  0.132901  -0.380311  0.462244  1.000000  
7.850959 -0.042073  0.047992  -0.000005  0.894470  0.162815  0.416432  -0.445826  0.395811  0.802853  -0.034112  -0.903784  0.426628  0.056604  -0.144435  -0.040879  0.133532  -0.364109  0.464202  1.000000  
7.852238 -0.041996  0.047799  -0.000063  0.894298  0.163252  0.416629  -0.446200  0.395485  0.802806  -0.033711  -0.903848  0.426524  0.057116  -0.145551  -0.041690  0.131159  -0.352518  0.465751  1.000000  
7.853458 -0.041919  0.047603  -0.000122  0.894126  0.163689  0.416826  -0.446574  0.395158  0.802759  -0.033310  -0.903912  0.426420  0.057844  -0.147332  -0.042623  0.130587  -0.339961  0.467399  1.000000  
7.854704 -0.041842  0.047408  -0.000181  0.893950  0.164017  0.417074  -0.446946  0.394885  0.802686  -0.033042  -0.903971  0.426314  0.058601  -0.148810  -0.043507  0.123168  -0.327742  0.461522  1.000000  
7.855705 -0.041781  0.047251  -0.000227  0.893866  0.164264  0.417158  -0.447134  0.394646  0.802699  -0.032775  -0.904031  0.426209  0.059099  -0.149866  -0.044105  0.119972  -0.307290  0.456633  1.000000  
7.856708 -0.041719  0.047094  -0.000274  0.893782  0.164562  0.417221  -0.447322  0.394504  0.802664  -0.032507  -0.904039  0.426212  0.059680  -0.151032  -0.044795  0.113701  -0.291145  0.451493  1.000000  
7.857961 -0.041641  0.046899  -0.000333  0.893701  0.164967  0.417233  -0.447512  0.394307  0.802655  -0.032106  -0.904051  0.426218  0.060240  -0.152174  -0.045355  0.102630  -0.266160  0.439485  1.000000  
7.859205 -0.041563  0.046703  -0.000392  0.893525  0.165346  0.417462  -0.447884  0.394131  0.802534  -0.031839  -0.904058  0.426222  0.060725  -0.153177  -0.045739  0.087209  -0.247580  0.430649  1.000000  
7.860455 -0.041485  0.046508  -0.000450  0.893440  0.165643  0.417525  -0.448071  0.393988  0.802499  -0.031571  -0.904066  0.426225  0.061168  -0.154069  -0.046066  0.075882  -0.232758  0.413606  1.000000  
7.861455 -0.041422  0.046351  -0.000496  0.893352  0.165833  0.417639  -0.448257  0.393900  0.802439  -0.031438  -0.904070  0.426227  0.061479  -0.154629  -0.046251  0.068321  -0.224151  0.399532  1.000000  
7.862705 -0.041344  0.046155  -0.000553  0.893174  0.166211  0.417868  -0.448629  0.393723  0.802318  -0.031170  -0.904077  0.426230  0.061757  -0.155492  -0.046455  0.060778  -0.213628  0.389541  1.000000  
7.863708 -0.041281  0.045997  -0.000599  0.893090  0.166508  0.417931  -0.448816  0.393580  0.802283  -0.030903  -0.904085  0.426234  0.061890  -0.155847  -0.046520  0.053217  -0.203065  0.379483  1.000000  
7.864741 -0.041218  0.045838  -0.000646  0.893004  0.166805  0.417994  -0.449004  0.393437  0.802248  -0.030635  -0.904092  0.426238  0.061899  -0.156079  -0.046485  0.049650  -0.190360  0.373120  1.000000  
7.865964 -0.041140  0.045638  -0.000705  0.892827  0.167183  0.418222  -0.449375  0.393260  0.802128  -0.030368  -0.904100  0.426241  0.062153  -0.156963  -0.046642  0.046016  -0.186430  0.366826  1.000000  
7.867242 -0.041062  0.045437  -0.000765  0.892653  0.167619  0.418420  -0.449748  0.392930  0.802080  -0.029966  -0.904162  0.426137  0.062174  -0.157168  -0.046675  0.046508  -0.171727  0.364299  1.000000  
7.868459 -0.040984  0.045234  -0.000824  0.892571  0.168024  0.418433  -0.449937  0.392733  0.802071  -0.029565  -0.904173  0.426142  0.062355  -0.157981  -0.046803  0.046532  -0.164312  0.358789  1.000000  
7.869461 -0.040922  0.045072  -0.000871  0.892396  0.168459  0.418631  -0.450310  0.392403  0.802023  -0.029164  -0.904236  0.426037  0.062353  -0.158345  -0.046815  0.051325  -0.157525  0.362870  1.000000  
7.870710 -0.040844  0.044868  -0.000932  0.892221  0.168893  0.418829  -0.450683  0.392072  0.801975  -0.028763  -0.904298  0.425932  0.062445  -0.158860  -0.046925  0.055493  -0.155604  0.366869  1.000000  
7.871734 -0.040780  0.044706  -0.000980  0.892045  0.169328  0.419027  -0.451055  0.391742  0.801927  -0.028362  -0.904360  0.425827  0.062460  -0.158990  -0.046937  0.059622  -0.153589  0.370635  1.000000  
7.872839 -0.040717  0.044544  -0.001028  0.891866  0.169654  0.419276  -0.451426  0.391465  0.801854  -0.028094  -0.904418  0.425721  0.062111  -0.158281  -0.046689  0.063535  -0.151172  0.373399  1.000000  
7.873960 -0.040639  0.044343  -0.001089  0.891690  0.170037  0.419495  -0.451798  0.391037  0.801853  -0.027693  -0.904532  0.425506  0.062665  -0.159991  -0.047218  0.067426  -0.148742  0.375931  1.000000  
7.874961 -0.040576  0.044182  -0.001136  0.891511  0.170363  0.419744  -0.452169  0.390760  0.801779  -0.027425  -0.904590  0.425400  0.062663  -0.160304  -0.047265  0.071538  -0.146883  0.380006  1.000000  
7.876219 -0.040497  0.043982  -0.001194  0.891334  0.170797  0.419943  -0.452541  0.390428  0.801731  -0.027024  -0.904651  0.425295  0.062633  -0.160488  -0.047283  0.071647  -0.145051  0.384080  1.000000  
7.877459 -0.040420  0.043782  -0.001251  0.891157  0.171231  0.420141  -0.452913  0.390096  0.801683  -0.026623  -0.904713  0.425189  0.062628  -0.160803  -0.047321  0.067708  -0.145096  0.383982  1.000000  
7.878466 -0.040358  0.043622  -0.001296  0.890977  0.171607  0.420370  -0.453283  0.389916  0.801561  -0.026355  -0.904719  0.425192  0.062517  -0.160898  -0.047262  0.064256  -0.146289  0.387064  1.000000  
7.879708 -0.040283  0.043424  -0.001352  0.890800  0.172040  0.420569  -0.453654  0.389583  0.801513  -0.025954  -0.904780  0.425087  0.062492  -0.161259  -0.047154  0.059606  -0.151389  0.386844  1.000000  
7.880958 -0.040208  0.043225  -0.001405  0.890619  0.172416  0.420797  -0.454024  0.389402  0.801391  -0.025687  -0.904786  0.425090  0.062178  -0.160866  -0.046729  0.051622  -0.153344  0.382803  1.000000  
7.882218 -0.040134  0.043027  -0.001457  0.890441  0.172900  0.420975  -0.454395  0.389166  0.801296  -0.025285  -0.904796  0.425094  0.061960  -0.160931  -0.046208  0.047730  -0.153466  0.383035  1.000000  
7.883454 -0.040060  0.042829  -0.001507  0.890263  0.173384  0.421153  -0.454767  0.388930  0.801200  -0.024884  -0.904805  0.425099  0.061654  -0.160406  -0.045550  0.043782  -0.153413  0.382828  1.000000  
7.884455 -0.040001  0.042672  -0.001547  0.890084  0.173867  0.421331  -0.455138  0.388693  0.801104  -0.024483  -0.904814  0.425103  0.061431  -0.160028  -0.045025  0.040167  -0.152785  0.390037  1.000000  
7.885706 -0.039928  0.042476  -0.001594  0.889906  0.174350  0.421509  -0.455508  0.388456  0.801008  -0.024081  -0.904823  0.425107  0.061067  -0.159487  -0.044153  0.036016  -0.159069  0.392970  1.000000  
7.886711 -0.039869  0.042321  -0.001631  0.889818  0.174646  0.421573  -0.455695  0.388310  0.800973  -0.023814  -0.904828  0.425110  0.060839  -0.159248  -0.043454  0.036095  -0.159054  0.392929  1.000000  
7.887965 -0.039796  0.042125  -0.001677  0.889641  0.175186  0.421721  -0.456067  0.387920  0.800950  -0.023279  -0.904891  0.425005  0.060423  -0.158813  -0.042421  0.040297  -0.155255  0.401067  1.000000  
7.889208 -0.039723  0.041931  -0.001723  0.889367  0.175748  0.422064  -0.456620  0.387645  0.800768  -0.022878  -0.904900  0.425009  0.060086  -0.158238  -0.041574  0.040022  -0.165856  0.411017  1.000000  
7.890208 -0.039664  0.041777  -0.001760  0.889279  0.176043  0.422128  -0.456806  0.387499  0.800733  -0.022610  -0.904905  0.425012  0.059684  -0.157599  -0.040723  0.040110  -0.165862  0.411029  1.000000  
7.891462 -0.039591  0.041585  -0.001807  0.889005  0.176555  0.422492  -0.457359  0.387126  0.800597  -0.022209  -0.904965  0.424906  0.059321  -0.156997  -0.039932  0.044078  -0.168283  0.422011  1.000000  
7.892705 -0.039519  0.041392  -0.001854  0.888824  0.176986  0.422691  -0.457729  0.386790  0.800548  -0.021807  -0.905025  0.424800  0.059001  -0.156676  -0.039412  0.048094  -0.172697  0.429118  1.000000  
7.893955 -0.039448  0.041200  -0.001901  0.888646  0.177524  0.422840  -0.458101  0.386398  0.800525  -0.021272  -0.905086  0.424695  0.058667  -0.156226  -0.038818  0.051719  -0.173791  0.436758  1.000000  
7.894955 -0.039392  0.041046  -0.001938  0.888465  0.177955  0.423040  -0.458470  0.386062  0.800476  -0.020871  -0.905146  0.424589  0.058373  -0.155889  -0.038386  0.055862  -0.171870  0.440654  1.000000  
7.895962 -0.039336  0.040893  -0.001975  0.888283  0.178436  0.423218  -0.458840  0.385821  0.800380  -0.020470  -0.905153  0.424592  0.058103  -0.155396  -0.037908  0.055799  -0.176171  0.447581  1.000000  
7.897205 -0.039266  0.040702  -0.002020  0.888101  0.178867  0.423418  -0.459209  0.385484  0.800330  -0.020068  -0.905212  0.424486  0.057955  -0.155144  -0.037563  0.056005  -0.176438  0.448093  1.000000  
7.898455 -0.039196  0.040512  -0.002063  0.887825  0.179376  0.423783  -0.459762  0.385109  0.800194  -0.019667  -0.905271  0.424380  0.057550  -0.154428  -0.037034  0.059789  -0.188690  0.453419  1.000000  
7.899456 -0.039141  0.040360  -0.002098  0.887642  0.179806  0.423983  -0.460131  0.384771  0.800144  -0.019266  -0.905329  0.424273  0.057264  -0.154031  -0.036702  0.059938  -0.188759  0.453425  1.000000  
7.900456 -0.039086  0.040210  -0.002131  0.887457  0.180179  0.424211  -0.460498  0.384586  0.800022  -0.018998  -0.905334  0.424275  0.057088  -0.153673  -0.036427  0.056006  -0.190653  0.449297  1.000000  
7.901705 -0.039017  0.040022  -0.002171  0.887276  0.180716  0.424361  -0.460868  0.384191  0.799999  -0.018463  -0.905394  0.424170  0.056856  -0.153295  -0.036012  0.056235  -0.189010  0.453782  1.000000  
7.902718 -0.038962  0.039873  -0.002202  0.887093  0.181197  0.424539  -0.461237  0.383949  0.799902  -0.018062  -0.905401  0.424173  0.056565  -0.152638  -0.035572  0.052468  -0.187711  0.459204  1.000000  
7.903968 -0.038893  0.039687  -0.002240  0.886909  0.181677  0.424718  -0.461606  0.383706  0.799806  -0.017661  -0.905408  0.424176  0.056185  -0.152040  -0.035006  0.044693  -0.188607  0.461230  1.000000  
7.905233 -0.038825  0.039501  -0.002277  0.886632  0.182344  0.425010  -0.462158  0.383370  0.799648  -0.017125  -0.905416  0.424180  0.055749  -0.151361  -0.034369  0.040740  -0.186510  0.464751  1.000000  
7.906241 -0.038772  0.039354  -0.002307  0.886543  0.182745  0.425024  -0.462343  0.383165  0.799640  -0.016724  -0.905422  0.424183  0.055417  -0.150945  -0.033851  0.036810  -0.186521  0.464691  1.000000  
7.907256 -0.038718  0.039205  -0.002336  0.886359  0.183225  0.425202  -0.462711  0.382921  0.799543  -0.016323  -0.905428  0.424186  0.055077  -0.150352  -0.033236  0.032844  -0.184554  0.468520  1.000000  
7.908486 -0.038651  0.039021  -0.002374  0.886080  0.183839  0.425517  -0.463263  0.382486  0.799432  -0.015788  -0.905487  0.424079  0.054878  -0.150016  -0.032684  0.032889  -0.189070  0.475773  1.000000  
7.909488 -0.038598  0.038873  -0.002405  0.885893  0.184211  0.425746  -0.463629  0.382298  0.799310  -0.015520  -0.905491  0.424081  0.054614  -0.149572  -0.032213  0.032987  -0.189064  0.475753  1.000000  
7.910488 -0.038545  0.038726  -0.002436  0.885708  0.184691  0.425924  -0.463997  0.382054  0.799213  -0.015119  -0.905497  0.424084  0.054374  -0.149189  -0.031815  0.033111  -0.187151  0.479804  1.000000  
7.911738 -0.038480  0.038540  -0.002475  0.885524  0.185277  0.426052  -0.464365  0.381753  0.799143  -0.014584  -0.905504  0.424087  0.054094  -0.148799  -0.031395  0.033108  -0.182494  0.485692  1.000000  
7.912956 -0.038413  0.038355  -0.002516  0.885242  0.185835  0.426395  -0.464915  0.381469  0.798959  -0.014182  -0.905509  0.424090  0.054008  -0.148737  -0.031230  0.033335  -0.191702  0.487308  1.000000  
7.914205 -0.038346  0.038171  -0.002557  0.884960  0.186340  0.426760  -0.465464  0.381088  0.798821  -0.013781  -0.905566  0.423982  0.053896  -0.148452  -0.031153  0.036980  -0.200763  0.493339  1.000000  
7.915205 -0.038292  0.038023  -0.002590  0.884773  0.186767  0.426961  -0.465831  0.380745  0.798771  -0.013379  -0.905622  0.423875  0.053796  -0.148256  -0.031139  0.041509  -0.202390  0.497244  1.000000  
7.916206 -0.038238  0.037875  -0.002624  0.884585  0.187245  0.427139  -0.466198  0.380499  0.798674  -0.012978  -0.905627  0.423877  0.053737  -0.148059  -0.031234  0.041321  -0.198941  0.497461  1.000000  
7.917455 -0.038171  0.037690  -0.002666  0.884303  0.187857  0.427455  -0.466747  0.380060  0.798562  -0.012443  -0.905684  0.423770  0.053668  -0.148070  -0.031507  0.045402  -0.203190  0.504143  1.000000  
7.918456 -0.038116  0.037542  -0.002700  0.884115  0.188283  0.427656  -0.467113  0.379716  0.798512  -0.012042  -0.905740  0.423662  0.053635  -0.148031  -0.031682  0.045441  -0.209466  0.507029  1.000000  
7.919466 -0.038061  0.037393  -0.002734  0.883927  0.188709  0.427857  -0.467480  0.379372  0.798461  -0.011640  -0.905796  0.423554  0.053646  -0.147923  -0.031944  0.050164  -0.204915  0.508146  1.000000  
7.920708 -0.037992  0.037208  -0.002776  0.883642  0.189212  0.428223  -0.468028  0.378988  0.798322  -0.011239  -0.905851  0.423446  0.053775  -0.147991  -0.032239  0.050257  -0.211447  0.511551  1.000000  
7.921709 -0.037937  0.037059  -0.002809  0.883455  0.189797  0.428351  -0.468394  0.378683  0.798252  -0.010704  -0.905857  0.423449  0.053960  -0.148319  -0.032525  0.046197  -0.213790  0.522279  1.000000  
7.922712 -0.037882  0.036911  -0.002842  0.883266  0.190222  0.428553  -0.468760  0.378337  0.798201  -0.010302  -0.905912  0.423341  0.054090  -0.148300  -0.032737  0.050428  -0.213770  0.522134  1.000000  
7.923744 -0.037827  0.036761  -0.002874  0.883076  0.190699  0.428731  -0.469125  0.378088  0.798104  -0.009901  -0.905916  0.423342  0.054100  -0.148159  -0.032853  0.046467  -0.213568  0.521547  1.000000  
7.924955 -0.037758  0.036574  -0.002914  0.882791  0.191308  0.429047  -0.469673  0.377646  0.797992  -0.009366  -0.905972  0.423235  0.054412  -0.148717  -0.032993  0.046232  -0.216467  0.524831  1.000000  
7.925955 -0.037701  0.036424  -0.002945  0.882697  0.191707  0.429062  -0.469857  0.377436  0.797983  -0.008964  -0.905975  0.423236  0.054638  -0.148844  -0.032969  0.046511  -0.210301  0.522038  1.000000  
7.927034 -0.037645  0.036273  -0.002977  0.882507  0.192183  0.429240  -0.470222  0.377186  0.797886  -0.008563  -0.905978  0.423238  0.054504  -0.147928  -0.032734  0.042867  -0.211493  0.524900  1.000000  
7.928208 -0.037574  0.036086  -0.003017  0.882317  0.192766  0.429369  -0.470587  0.376878  0.797816  -0.008028  -0.905982  0.423240  0.055071  -0.148825  -0.032827  0.039192  -0.203901  0.527385  1.000000  
7.929456 -0.037503  0.035899  -0.003058  0.882030  0.193427  0.429662  -0.471134  0.376531  0.797657  -0.007493  -0.905986  0.423241  0.055335  -0.149017  -0.032786  0.035213  -0.208292  0.534369  1.000000  
7.930705 -0.037431  0.035711  -0.003099  0.881838  0.193903  0.429840  -0.471498  0.376280  0.797561  -0.007091  -0.905989  0.423243  0.055610  -0.149222  -0.032781  0.035502  -0.203964  0.527442  1.000000  
7.931706 -0.037373  0.035559  -0.003133  0.881647  0.194378  0.430019  -0.471863  0.376028  0.797464  -0.006690  -0.905991  0.423244  0.055927  -0.149496  -0.032781  0.031584  -0.203971  0.527362  1.000000  
7.932956 -0.037298  0.035370  -0.003175  0.881455  0.194960  0.430148  -0.472227  0.375719  0.797394  -0.006155  -0.905994  0.423245  0.056404  -0.149772  -0.032815  0.031522  -0.200459  0.527206  1.000000  
7.934208 -0.037223  0.035178  -0.003219  0.881263  0.195435  0.430326  -0.472591  0.375467  0.797297  -0.005753  -0.905996  0.423246  0.056826  -0.150206  -0.032934  0.031677  -0.200413  0.527081  1.000000  
7.935455 -0.037147  0.034987  -0.003263  0.881070  0.195858  0.430529  -0.472955  0.375118  0.797245  -0.005352  -0.906050  0.423137  0.057248  -0.150599  -0.033104  0.035918  -0.202382  0.523148  1.000000  
7.936466 -0.037087  0.034833  -0.003300  0.880877  0.196281  0.430731  -0.473319  0.374768  0.797194  -0.004951  -0.906103  0.423028  0.057627  -0.150909  -0.033268  0.040153  -0.202554  0.523494  1.000000  
7.937711 -0.037010  0.034639  -0.003345  0.880684  0.196810  0.430884  -0.473683  0.374361  0.797169  -0.004415  -0.906157  0.422919  0.058118  -0.151443  -0.033521  0.040341  -0.200724  0.527502  1.000000  
7.938958 -0.036932  0.034445  -0.003390  0.880491  0.197232  0.431086  -0.474046  0.374011  0.797117  -0.004014  -0.906209  0.422810  0.058839  -0.152067  -0.033901  0.044657  -0.196476  0.520672  1.000000  
7.939959 -0.036869  0.034290  -0.003426  0.880297  0.197706  0.431265  -0.474409  0.373757  0.797020  -0.003613  -0.906211  0.422811  0.059264  -0.152257  -0.034162  0.044812  -0.196454  0.520612  1.000000  
7.940988 -0.036805  0.034134  -0.003462  0.880200  0.198051  0.431304  -0.474591  0.373447  0.797057  -0.003211  -0.906263  0.422702  0.059689  -0.152263  -0.034384  0.049031  -0.190067  0.517155  1.000000  
7.942206 -0.036725  0.033939  -0.003507  0.880006  0.198473  0.431507  -0.474954  0.373096  0.797006  -0.002810  -0.906316  0.422592  0.060417  -0.153105  -0.034867  0.053235  -0.190115  0.517188  1.000000  
7.943455 -0.036644  0.033745  -0.003553  0.879812  0.199001  0.431660  -0.475317  0.372687  0.796981  -0.002275  -0.906368  0.422483  0.061118  -0.153611  -0.035217  0.053471  -0.182062  0.518271  1.000000  
7.944456 -0.036579  0.033590  -0.003589  0.879714  0.199291  0.431725  -0.475498  0.372531  0.796945  -0.002007  -0.906369  0.422483  0.061608  -0.153906  -0.035413  0.054179  -0.174844  0.508571  1.000000  
7.945705 -0.036496  0.033397  -0.003633  0.879519  0.199871  0.431854  -0.475861  0.372218  0.796875  -0.001472  -0.906369  0.422483  0.062644  -0.154836  -0.035771  0.049834  -0.169648  0.512416  1.000000  
7.946706 -0.036430  0.033242  -0.003669  0.879422  0.200108  0.431943  -0.476042  0.371965  0.796885  -0.001204  -0.906421  0.422374  0.062873  -0.154539  -0.035770  0.050498  -0.162399  0.502685  1.000000  
7.947958 -0.036347  0.033048  -0.003713  0.879226  0.200688  0.432072  -0.476405  0.371651  0.796815  -0.000669  -0.906421  0.422374  0.063449  -0.154745  -0.035822  0.046655  -0.156151  0.499720  1.000000  
7.949205 -0.036264  0.032855  -0.003756  0.879030  0.201161  0.432251  -0.476767  0.371395  0.796718  -0.000268  -0.906422  0.422374  0.063946  -0.154928  -0.035796  0.042380  -0.154941  0.495737  1.000000  
7.950206 -0.036197  0.032700  -0.003791  0.878932  0.201557  0.432266  -0.476948  0.371180  0.796710  0.000134  -0.906422  0.422374  0.064408  -0.155037  -0.035761  0.038518  -0.148763  0.492864  1.000000  
7.951455 -0.036114  0.032507  -0.003835  0.878735  0.202136  0.432395  -0.477309  0.370865  0.796640  0.000669  -0.906421  0.422374  0.064903  -0.155165  -0.035715  0.038726  -0.142504  0.489829  1.000000  
7.952459 -0.036047  0.032352  -0.003871  0.878538  0.202502  0.432624  -0.477671  0.370666  0.796515  0.000937  -0.906421  0.422374  0.065262  -0.155111  -0.035688  0.034794  -0.144417  0.485766  1.000000  
7.953466 -0.035980  0.032196  -0.003906  0.878439  0.202898  0.432639  -0.477852  0.370451  0.796507  0.001338  -0.906421  0.422374  0.065590  -0.155059  -0.035585  0.035307  -0.141390  0.483285  1.000000  
7.954709 -0.035896  0.032003  -0.003951  0.878242  0.203317  0.432843  -0.478213  0.370097  0.796455  0.001739  -0.906472  0.422263  0.065940  -0.155062  -0.035582  0.035449  -0.136920  0.475720  1.000000  
7.955709 -0.035827  0.031848  -0.003987  0.878143  0.203713  0.432858  -0.478393  0.369881  0.796447  0.002141  -0.906471  0.422263  0.066393  -0.155216  -0.035674  0.035580  -0.136919  0.475717  1.000000  
7.956730 -0.035759  0.031694  -0.004024  0.877945  0.204132  0.433062  -0.478755  0.369526  0.796395  0.002542  -0.906521  0.422153  0.066531  -0.154869  -0.035693  0.039863  -0.137213  0.476627  1.000000  
7.957972 -0.035673  0.031503  -0.004070  0.877747  0.204710  0.433191  -0.479115  0.369209  0.796325  0.003077  -0.906520  0.422152  0.066852  -0.154487  -0.035688  0.039946  -0.136898  0.475532  1.000000  
7.958975 -0.035605  0.031350  -0.004107  0.877548  0.205129  0.433395  -0.479476  0.368854  0.796272  0.003479  -0.906570  0.422042  0.067078  -0.154305  -0.035677  0.044142  -0.136899  0.475428  1.000000  
7.959982 -0.035536  0.031197  -0.004143  0.877448  0.205471  0.433436  -0.479656  0.368541  0.796309  0.003880  -0.906620  0.421931  0.067264  -0.154065  -0.035658  0.048347  -0.130629  0.472383  1.000000  
7.961225 -0.035450  0.031007  -0.004187  0.877249  0.205996  0.433590  -0.480016  0.368127  0.796283  0.004415  -0.906669  0.421820  0.067485  -0.153916  -0.035704  0.052223  -0.127911  0.473307  1.000000  
7.962240 -0.035381  0.030855  -0.004223  0.877050  0.206361  0.433819  -0.480377  0.367925  0.796159  0.004683  -0.906668  0.421820  0.067620  -0.153533  -0.035683  0.052660  -0.130621  0.472239  1.000000  
7.963457 -0.035295  0.030666  -0.004267  0.876159  0.207305  0.435166  -0.482002  0.368527  0.794898  0.004415  -0.906208  0.422810  0.067935  -0.153565  -0.035804  0.016038  -0.185822  0.468910  1.000000  
7.964460 -0.035227  0.030517  -0.004301  0.874671  0.207966  0.437836  -0.484707  0.369782  0.792666  0.002944  -0.905545  0.424240  0.068061  -0.153177  -0.035789  -0.041376  -0.291709  0.454164  1.000000  
7.965707 -0.035142  0.030340  -0.004338  0.872672  0.207753  0.441908  -0.488307  0.371780  0.789516  -0.000268  -0.904775  0.425889  0.068200  -0.152100  -0.035298  -0.102664  -0.451890  0.394134  1.000000  
7.966709 -0.035076  0.030212  -0.004362  0.871359  0.207768  0.444485  -0.490639  0.374165  0.786940  -0.002810  -0.903788  0.427971  0.068125  -0.150353  -0.034522  -0.185955  -0.568200  0.336748  1.000000  
7.967709 -0.035014  0.030092  -0.004383  0.870542  0.207728  0.446100  -0.492069  0.376585  0.784890  -0.004951  -0.902792  0.430050  0.067781  -0.148080  -0.033580  -0.266095  -0.640753  0.282408  1.000000  
7.968958 -0.034937  0.029948  -0.004407  0.869821  0.208056  0.447353  -0.493317  0.379803  0.782552  -0.007091  -0.901367  0.432998  0.067308  -0.144780  -0.032228  -0.380089  -0.707548  0.221500  1.000000  
