1-Time 2-Px 3-Py 4-Pz 5-R11 6-R21 7-R31 8-R12 9-R22 10-R32 11-R13 12-R23 13-R33 14-Vx 15-Vy 16-Vz 17-Wx 18-Wy 19-Wz 20-state
191.176677 0.018326  -0.003893  0.007435  0.299290  0.859965  0.413384  -0.940853  0.338091  -0.022154  -0.158813  -0.382303  0.910287  0.009209  0.003359  0.005763  -0.082289  -0.082915  0.193017  1.000000  
191.177790 0.018331  -0.003892  0.007439  0.299290  0.860015  0.413280  -0.940853  0.338088  -0.022195  -0.158813  -0.382193  0.910334  0.006103  0.002077  0.005479  0.000000  0.000000  0.000000  1.000000  
191.179037 0.018328  -0.003893  0.007438  0.299290  0.860015  0.413280  -0.940853  0.338088  -0.022195  -0.158813  -0.382193  0.910334  0.000689  0.000329  0.001600  0.000000  0.000000  0.000000  1.000000  
191.180282 0.018320  -0.003895  0.007436  0.299290  0.860115  0.413071  -0.940853  0.338083  -0.022277  -0.158813  -0.381972  0.910426  -0.001956  -0.000517  0.000200  0.000000  0.000000  0.000000  1.000000  
191.181300 0.018318  -0.003895  0.007436  0.299290  0.860115  0.413071  -0.940853  0.338083  -0.022277  -0.158813  -0.381972  0.910426  -0.002054  -0.000300  0.000134  0.000000  0.000000  0.000000  1.000000  
191.182538 0.018318  -0.003893  0.007440  0.299290  0.860165  0.412967  -0.940853  0.338080  -0.022318  -0.158813  -0.381861  0.910473  -0.001570  0.000110  0.000959  0.000000  0.000000  0.000000  1.000000  
191.183539 0.018314  -0.003891  0.007443  0.299290  0.860215  0.412862  -0.940853  0.338077  -0.022359  -0.158813  -0.381751  0.910519  -0.001861  0.000315  0.001278  0.000000  0.000000  0.000000  1.000000  
191.184791 0.018305  -0.003889  0.007445  0.299290  0.860265  0.412758  -0.940853  0.338074  -0.022400  -0.158813  -0.381641  0.910565  -0.002784  0.000572  0.001286  0.000000  0.000000  0.000000  1.000000  
191.186038 0.018294  -0.003885  0.007446  0.299484  0.860246  0.412658  -0.940791  0.338249  -0.022356  -0.158813  -0.381530  0.910612  -0.003582  0.000885  0.001198  0.000000  0.000000  0.000000  1.000000  
191.187285 0.018287  -0.003881  0.007448  0.299490  0.860311  0.412517  -0.940811  0.338197  -0.022281  -0.158681  -0.381428  0.910677  -0.003811  0.001235  0.001256  0.000000  0.000000  0.000000  1.000000  
191.188532 0.018281  -0.003878  0.007451  0.299490  0.860361  0.412413  -0.940811  0.338195  -0.022322  -0.158681  -0.381317  0.910724  -0.003972  0.001322  0.001374  0.000000  0.000000  0.000000  1.000000  
191.189532 0.018274  -0.003877  0.007451  0.299490  0.860411  0.412308  -0.940811  0.338192  -0.022363  -0.158681  -0.381207  0.910770  -0.004177  0.001333  0.001278  0.000000  0.000000  0.000000  1.000000  
191.190532 0.018265  -0.003875  0.007451  0.299497  0.860477  0.412167  -0.940832  0.338141  -0.022288  -0.158549  -0.381105  0.910836  -0.004530  0.001372  0.001192  0.000000  0.000000  0.000000  1.000000  
191.191532 0.018254  -0.003874  0.007450  0.299497  0.860477  0.412167  -0.940832  0.338141  -0.022288  -0.158549  -0.381105  0.910836  -0.005033  0.001328  0.001004  0.000000  0.000000  0.000000  1.000000  
191.192532 0.018240  -0.003875  0.007447  0.299497  0.860577  0.411958  -0.940832  0.338135  -0.022370  -0.158549  -0.380884  0.910928  -0.005945  0.001163  0.000574  0.000000  0.000000  0.000000  1.000000  
191.193533 0.018226  -0.003878  0.007443  0.299690  0.860557  0.411858  -0.940770  0.338310  -0.022326  -0.158549  -0.380773  0.910974  -0.006951  0.000902  0.000210  0.000000  0.000000  0.000000  1.000000  
191.194783 0.018210  -0.003881  0.007439  0.299690  0.860607  0.411754  -0.940770  0.338307  -0.022367  -0.158549  -0.380663  0.911020  -0.007564  0.000847  0.000195  0.000000  0.000000  0.000000  1.000000  
191.196039 0.018194  -0.003882  0.007439  0.299884  0.860587  0.411654  -0.940708  0.338481  -0.022323  -0.158549  -0.380552  0.911067  -0.008238  0.000906  0.000202  0.000000  0.000000  0.000000  1.000000  
191.197282 0.018178  -0.003880  0.007440  0.300071  0.860552  0.411591  -0.940626  0.338704  -0.022396  -0.158681  -0.380433  0.911093  -0.009307  0.000911  0.000119  0.000000  0.000000  0.000000  1.000000  
191.198299 0.018165  -0.003878  0.007442  0.300265  0.860532  0.411492  -0.940564  0.338879  -0.022352  -0.158681  -0.380323  0.911139  -0.010101  0.000894  -0.000109  0.000000  0.000000  0.000000  1.000000  
191.199538 0.018150  -0.003877  0.007440  0.300458  0.860512  0.411392  -0.940503  0.339053  -0.022309  -0.158681  -0.380212  0.911185  -0.010499  0.000808  -0.000305  0.000000  0.000000  0.000000  1.000000  
191.200790 0.018136  -0.003876  0.007435  0.300846  0.860422  0.411297  -0.940379  0.339405  -0.022180  -0.158681  -0.380102  0.911232  -0.010698  0.000671  -0.000708  0.000000  0.000000  0.000000  1.000000  
191.202035 0.018125  -0.003874  0.007430  0.301039  0.860353  0.411301  -0.940317  0.339582  -0.022096  -0.158681  -0.380102  0.911232  -0.010998  0.000429  -0.001192  0.000000  0.000000  0.000000  1.000000  
191.203285 0.018113  -0.003874  0.007426  0.301426  0.860263  0.411206  -0.940193  0.339934  -0.021968  -0.158681  -0.379991  0.911278  -0.011344  0.000302  -0.001652  0.000000  0.000000  0.000000  1.000000  
191.204534 0.018099  -0.003875  0.007424  0.301620  0.860193  0.411211  -0.940131  0.340111  -0.021883  -0.158681  -0.379991  0.911278  -0.011701  0.000119  -0.001818  0.000000  0.000000  0.000000  1.000000  
191.205782 0.018083  -0.003876  0.007421  0.302007  0.860102  0.411115  -0.940006  0.340462  -0.021755  -0.158681  -0.379881  0.911324  -0.011994  -0.000129  -0.002035  0.000000  0.000000  0.000000  1.000000  
191.206782 0.018068  -0.003879  0.007417  0.302201  0.860082  0.411015  -0.939944  0.340637  -0.021712  -0.158681  -0.379770  0.911370  -0.012179  -0.000350  -0.002089  0.000000  0.000000  0.000000  1.000000  
191.207783 0.018054  -0.003882  0.007414  0.302588  0.859942  0.411024  -0.939820  0.340991  -0.021542  -0.158681  -0.379770  0.911370  -0.012143  -0.000379  -0.002033  0.000000  0.000000  0.000000  1.000000  
191.209033 0.018038  -0.003884  0.007415  0.302974  0.859851  0.410929  -0.939695  0.341342  -0.021415  -0.158681  -0.379660  0.911416  -0.012068  -0.000249  -0.001740  0.000000  0.000000  0.000000  1.000000  
191.210283 0.018021  -0.003883  0.007416  0.303361  0.859760  0.410833  -0.939570  0.341694  -0.021287  -0.158681  -0.379549  0.911462  -0.012122  -0.000061  -0.001532  0.000000  0.000000  0.000000  1.000000  
191.211288 0.018006  -0.003882  0.007417  0.303748  0.859669  0.410738  -0.939445  0.342045  -0.021159  -0.158681  -0.379439  0.911508  -0.012357  -0.000008  -0.001498  0.000000  0.000000  0.000000  1.000000  
191.212538 0.017987  -0.003879  0.007415  0.304328  0.859508  0.410646  -0.939258  0.342573  -0.020947  -0.158681  -0.379328  0.911554  -0.012527  0.000000  -0.001784  0.000000  0.000000  0.000000  1.000000  
191.213787 0.017970  -0.003876  0.007410  0.304908  0.859346  0.410555  -0.939069  0.343102  -0.020735  -0.158681  -0.379217  0.911600  -0.012612  0.000092  -0.002105  -0.057855  0.080514  -0.181147  1.000000  
191.214789 0.017957  -0.003873  0.007407  0.305102  0.859325  0.410455  -0.939007  0.343276  -0.020692  -0.158681  -0.379107  0.911646  -0.012678  0.000280  -0.002166  -0.060803  0.083094  -0.187364  1.000000  
191.215797 0.017943  -0.003869  0.007402  0.305295  0.859254  0.410459  -0.938944  0.343453  -0.020608  -0.158681  -0.379107  0.911646  -0.012947  0.000403  -0.002177  -0.056726  0.083081  -0.187364  1.000000  
191.216800 0.017928  -0.003868  0.007399  0.305682  0.859163  0.410364  -0.938818  0.343804  -0.020480  -0.158681  -0.378996  0.911692  -0.013385  0.000455  -0.002133  -0.054533  0.084153  -0.201673  1.000000  
191.218050 0.017907  -0.003867  0.007397  0.306068  0.859021  0.410372  -0.938692  0.344158  -0.020311  -0.158681  -0.378996  0.911692  -0.013993  0.000456  -0.002016  -0.048256  0.089387  -0.214254  1.000000  
191.219334 0.017886  -0.003868  0.007395  0.306461  0.858895  0.410342  -0.938586  0.344463  -0.020026  -0.158549  -0.379004  0.911712  -0.014418  0.000441  -0.001997  -0.041954  0.098666  -0.224875  1.000000  
191.220538 0.017863  -0.003869  0.007392  0.306848  0.858803  0.410246  -0.938460  0.344815  -0.019899  -0.158549  -0.378894  0.911758  -0.014922  0.000495  -0.001963  -0.039841  0.099900  -0.239575  1.000000  
191.221784 0.017839  -0.003868  0.007388  0.307047  0.858748  0.410213  -0.938417  0.344943  -0.019699  -0.158416  -0.378902  0.911777  -0.015318  0.000750  -0.001872  -0.034701  0.106711  -0.244265  1.000000  
191.223032 0.017815  -0.003869  0.007382  0.307241  0.858726  0.410113  -0.938354  0.345118  -0.019656  -0.158416  -0.378791  0.911823  -0.015854  0.000937  -0.002183  -0.034406  0.105775  -0.242201  1.000000  
191.224039 0.017796  -0.003868  0.007378  0.307440  0.858671  0.410079  -0.938310  0.345246  -0.019456  -0.158284  -0.378799  0.911843  -0.016181  0.001066  -0.002433  -0.025457  0.113388  -0.248772  1.000000  
191.225282 0.017775  -0.003865  0.007373  0.307827  0.858579  0.409982  -0.938184  0.345597  -0.019329  -0.158284  -0.378689  0.911889  -0.016438  0.001161  -0.002882  -0.024366  0.116010  -0.255148  1.000000  
191.226282 0.017757  -0.003861  0.007367  0.308020  0.858557  0.409882  -0.938120  0.345772  -0.019286  -0.158284  -0.378578  0.911935  -0.016576  0.001353  -0.003335  -0.023127  0.117877  -0.259863  1.000000  
191.227532 0.017736  -0.003856  0.007358  0.308213  0.858536  0.409782  -0.938057  0.345946  -0.019244  -0.158284  -0.378468  0.911980  -0.016772  0.001543  -0.003763  -0.023057  0.121704  -0.257593  1.000000  
191.228782 0.017714  -0.003850  0.007350  0.308406  0.858514  0.409682  -0.937993  0.346121  -0.019202  -0.158284  -0.378357  0.912026  -0.017084  0.001719  -0.004036  -0.028191  0.119096  -0.251368  1.000000  
191.229785 0.017697  -0.003846  0.007343  0.308599  0.858492  0.409582  -0.937930  0.346295  -0.019159  -0.158284  -0.378246  0.912072  -0.017342  0.001771  -0.004228  -0.028190  0.119061  -0.251372  1.000000  
191.231038 0.017675  -0.003844  0.007338  0.308985  0.858400  0.409485  -0.937803  0.346646  -0.019033  -0.158284  -0.378136  0.912118  -0.017608  0.001648  -0.004283  -0.027117  0.121700  -0.257787  1.000000  
191.232043 0.017657  -0.003843  0.007334  0.309371  0.858306  0.409389  -0.937676  0.346997  -0.018906  -0.158284  -0.378025  0.912164  -0.017787  0.001631  -0.004377  -0.030297  0.125208  -0.266011  1.000000  
191.233290 0.017633  -0.003843  0.007328  0.309571  0.858300  0.409251  -0.937632  0.347124  -0.018748  -0.158152  -0.377923  0.912229  -0.017994  0.001618  -0.004506  -0.031416  0.126721  -0.258024  1.000000  
191.234291 0.017615  -0.003843  0.007322  0.309764  0.858229  0.409255  -0.937568  0.347300  -0.018664  -0.158152  -0.377923  0.912229  -0.018092  0.001689  -0.004883  -0.031416  0.126721  -0.258024  1.000000  
191.235535 0.017594  -0.003843  0.007311  0.309957  0.858207  0.409154  -0.937504  0.347475  -0.018622  -0.158152  -0.377812  0.912275  -0.017901  0.001739  -0.005364  -0.032518  0.124090  -0.251774  1.000000  
191.236786 0.017575  -0.003842  0.007299  0.310343  0.858163  0.408954  -0.937377  0.347824  -0.018538  -0.158152  -0.377591  0.912367  -0.017542  0.001791  -0.005967  -0.036591  0.124031  -0.251770  1.000000  
191.238033 0.017556  -0.003841  0.007287  0.310729  0.858069  0.408857  -0.937249  0.348175  -0.018412  -0.158152  -0.377480  0.912413  -0.017186  0.001838  -0.006437  -0.036596  0.124018  -0.251821  1.000000  
191.239282 0.017538  -0.003840  0.007273  0.311308  0.857953  0.408660  -0.937057  0.348700  -0.018244  -0.158152  -0.377259  0.912504  -0.016961  0.001878  -0.007018  -0.039579  0.126597  -0.258169  1.000000  
191.240284 0.017524  -0.003837  0.007263  0.311501  0.857931  0.408560  -0.936993  0.348875  -0.018202  -0.158152  -0.377148  0.912550  -0.016735  0.001860  -0.007302  -0.040669  0.123930  -0.251835  1.000000  
191.241532 0.017506  -0.003833  0.007250  0.312079  0.857815  0.408363  -0.936800  0.349400  -0.018034  -0.158152  -0.376927  0.912641  -0.016451  0.001778  -0.007639  -0.047338  0.125487  -0.256060  1.000000  
191.242532 0.017492  -0.003831  0.007241  0.312458  0.857704  0.408305  -0.936651  0.349799  -0.018024  -0.158284  -0.376808  0.912668  -0.016214  0.001615  -0.007867  -0.047325  0.121349  -0.257812  1.000000  
191.243532 0.017476  -0.003830  0.007231  0.312844  0.857659  0.408105  -0.936523  0.350148  -0.017941  -0.158284  -0.376586  0.912759  -0.016115  0.001383  -0.008074  -0.051365  0.121293  -0.257816  1.000000  
191.244785 0.017457  -0.003829  0.007218  0.313422  0.857591  0.407803  -0.936329  0.350671  -0.017817  -0.158284  -0.376254  0.912896  -0.015996  0.001182  -0.008331  -0.058378  0.123852  -0.264168  1.000000  
191.245792 0.017440  -0.003829  0.007209  0.314001  0.857473  0.407606  -0.936136  0.351196  -0.017650  -0.158284  -0.376033  0.912987  -0.015961  0.001040  -0.008724  -0.064278  0.128976  -0.276650  1.000000  
191.247033 0.017419  -0.003829  0.007196  0.314579  0.857405  0.407305  -0.935941  0.351719  -0.017526  -0.158284  -0.375700  0.913124  -0.015888  0.000936  -0.009165  -0.071283  0.131510  -0.282966  1.000000  
191.248040 0.017401  -0.003830  0.007185  0.315157  0.857286  0.407108  -0.935747  0.352245  -0.017360  -0.158284  -0.375479  0.913215  -0.015727  0.000872  -0.009699  -0.078295  0.134084  -0.289287  1.000000  
191.249289 0.017381  -0.003831  0.007170  0.315735  0.857216  0.406807  -0.935552  0.352768  -0.017237  -0.158284  -0.375147  0.913352  -0.015645  0.000769  -0.010117  -0.089469  0.132656  -0.297637  1.000000  
191.250291 0.017364  -0.003832  0.007157  0.316312  0.857146  0.406505  -0.935357  0.353291  -0.017114  -0.158284  -0.374814  0.913488  -0.015569  0.000724  -0.010431  -0.097127  0.136081  -0.305981  1.000000  
191.251539 0.017344  -0.003832  0.007143  0.317082  0.857003  0.406208  -0.935096  0.353991  -0.016909  -0.158284  -0.374482  0.913624  -0.015618  0.000703  -0.010619  -0.106088  0.139683  -0.326657  1.000000  
191.252784 0.017323  -0.003832  0.007129  0.317852  0.856908  0.405806  -0.934835  0.354688  -0.016746  -0.158284  -0.374038  0.913806  -0.015839  0.000639  -0.010665  -0.115043  0.147414  -0.345686  1.000000  
191.253793 0.017305  -0.003830  0.007119  0.318430  0.856837  0.405504  -0.934638  0.355211  -0.016625  -0.158284  -0.373706  0.913942  -0.016002  0.000695  -0.010621  -0.125097  0.148389  -0.360031  1.000000  
191.255032 0.017283  -0.003828  0.007108  0.319199  0.856740  0.405102  -0.934376  0.355909  -0.016463  -0.158284  -0.373262  0.914123  -0.016237  0.000637  -0.010519  -0.135157  0.153505  -0.372767  1.000000  
191.256042 0.017267  -0.003828  0.007098  0.319969  0.856594  0.404804  -0.934113  0.356608  -0.016260  -0.158284  -0.372930  0.914259  -0.016418  0.000444  -0.010519  -0.139979  0.161163  -0.391631  1.000000  
191.257282 0.017243  -0.003827  0.007084  0.320930  0.856472  0.404301  -0.933783  0.357480  -0.016060  -0.158284  -0.372375  0.914485  -0.016810  0.000299  -0.010573  -0.151951  0.171464  -0.417095  1.000000  
191.258533 0.017217  -0.003827  0.007069  0.321891  0.856349  0.403798  -0.933452  0.358352  -0.015861  -0.158284  -0.371820  0.914711  -0.017344  0.000134  -0.010820  -0.163885  0.181703  -0.442461  1.000000  
191.259533 0.017196  -0.003828  0.007056  0.322467  0.856323  0.403392  -0.933253  0.358873  -0.015786  -0.158284  -0.371377  0.914891  -0.017715  0.000053  -0.011002  -0.176531  0.185239  -0.451383  1.000000  
191.260784 0.017168  -0.003829  0.007040  0.323236  0.856272  0.402886  -0.932987  0.359569  -0.015672  -0.158284  -0.370822  0.915116  -0.018109  -0.000061  -0.011256  -0.188063  0.191793  -0.467918  1.000000  
191.262033 0.017143  -0.003831  0.007025  0.324004  0.856268  0.402276  -0.932720  0.360263  -0.015602  -0.158284  -0.370156  0.915386  -0.018434  -0.000122  -0.011413  -0.204584  0.195173  -0.476742  1.000000  
191.263039 0.017122  -0.003832  0.007012  0.324772  0.856215  0.401769  -0.932453  0.360958  -0.015490  -0.158284  -0.369600  0.915610  -0.018658  -0.000097  -0.011549  -0.221507  0.198533  -0.497148  1.000000  
191.264290 0.017095  -0.003833  0.006997  0.325732  0.856136  0.401162  -0.932119  0.361828  -0.015339  -0.158284  -0.368934  0.915879  -0.019072  -0.000055  -0.011449  -0.237385  0.208577  -0.522335  1.000000  
191.265536 0.017069  -0.003832  0.006984  0.326698  0.856071  0.400514  -0.931803  0.362652  -0.015075  -0.158152  -0.368275  0.916167  -0.019495  0.000021  -0.011387  -0.252448  0.221990  -0.544127  1.000000  
191.266537 0.017049  -0.003832  0.006974  0.327465  0.856015  0.400007  -0.931533  0.363348  -0.014965  -0.158152  -0.367719  0.916390  -0.019715  0.000039  -0.011208  -0.265447  0.229506  -0.563135  1.000000  
191.267539 0.017030  -0.003831  0.006965  0.328232  0.856006  0.399396  -0.931263  0.364042  -0.014901  -0.158152  -0.367052  0.916657  -0.019867  0.000075  -0.011095  -0.283616  0.234397  -0.575835  1.000000  
191.268786 0.017005  -0.003829  0.006954  0.329198  0.855986  0.398644  -0.930945  0.364864  -0.014684  -0.158020  -0.366282  0.916988  -0.020017  0.000077  -0.011008  -0.304834  0.246004  -0.593250  1.000000  
191.269796 0.016985  -0.003828  0.006944  0.330156  0.855851  0.398140  -0.930606  0.365736  -0.014495  -0.158020  -0.365726  0.917210  -0.020200  0.000022  -0.011094  -0.313747  0.253434  -0.612277  1.000000  
191.271034 0.016959  -0.003827  0.006929  0.331121  0.855877  0.397283  -0.930285  0.366557  -0.014326  -0.157888  -0.364843  0.917584  -0.020498  0.000030  -0.011227  -0.339115  0.265025  -0.629860  1.000000  
191.272039 0.016939  -0.003827  0.006917  0.332078  0.855788  0.396675  -0.929944  0.367428  -0.014184  -0.157888  -0.364175  0.917850  -0.020581  -0.000005  -0.011318  -0.352034  0.276529  -0.647184  1.000000  
191.273283 0.016912  -0.003829  0.006903  0.333234  0.855686  0.395924  -0.929553  0.368427  -0.013891  -0.157756  -0.363404  0.918178  -0.020691  -0.000099  -0.011241  -0.369255  0.288085  -0.664793  1.000000  
191.274532 0.016885  -0.003830  0.006888  0.334382  0.855615  0.395111  -0.929141  0.369471  -0.013761  -0.157756  -0.362512  0.918530  -0.020747  -0.000157  -0.011192  -0.387186  0.292893  -0.678286  1.000000  
191.275784 0.016858  -0.003831  0.006874  0.335529  0.855540  0.394298  -0.928727  0.370514  -0.013632  -0.157756  -0.361621  0.918882  -0.020690  -0.000084  -0.011075  -0.404260  0.300118  -0.697534  1.000000  
191.276797 0.016837  -0.003832  0.006864  0.336683  0.855433  0.393546  -0.928331  0.371514  -0.013345  -0.157624  -0.360848  0.919208  -0.020680  -0.000075  -0.010907  -0.420424  0.313803  -0.720394  1.000000  
191.278033 0.016811  -0.003832  0.006851  0.337830  0.855403  0.392629  -0.927915  0.372556  -0.013266  -0.157624  -0.359845  0.919601  -0.020702  -0.000063  -0.010721  -0.442274  0.318506  -0.733983  1.000000  
191.279039 0.016792  -0.003832  0.006841  0.338792  0.855368  0.391874  -0.927586  0.373380  -0.013063  -0.157492  -0.359071  0.919926  -0.020530  0.000031  -0.010594  -0.459185  0.329731  -0.751202  1.000000  
191.280039 0.016773  -0.003833  0.006830  0.339563  0.855409  0.391116  -0.927327  0.374029  -0.012942  -0.157359  -0.358298  0.920250  -0.020413  -0.000010  -0.010579  -0.475369  0.336203  -0.756136  1.000000  
191.281287 0.016748  -0.003833  0.006817  0.340906  0.855313  0.390158  -0.926856  0.375202  -0.012673  -0.157227  -0.357301  0.920661  -0.020395  -0.000092  -0.010690  -0.491404  0.347057  -0.773635  1.000000  
191.282542 0.016724  -0.003833  0.006802  0.342058  0.855338  0.389094  -0.926454  0.376199  -0.012531  -0.157095  -0.356191  0.921113  -0.020384  -0.000226  -0.010895  -0.518755  0.355877  -0.784813  1.000000  
191.283790 0.016700  -0.003834  0.006788  0.343400  0.855282  0.388031  -0.925980  0.377372  -0.012313  -0.156963  -0.355081  0.921564  -0.020325  -0.000341  -0.011072  -0.538658  0.366585  -0.802405  1.000000  
191.285039 0.016675  -0.003836  0.006772  0.344741  0.855271  0.386865  -0.925504  0.378543  -0.012143  -0.156831  -0.353859  0.922056  -0.020377  -0.000622  -0.011202  -0.565320  0.377959  -0.820269  1.000000  
191.286039 0.016653  -0.003838  0.006761  0.345701  0.855273  0.386004  -0.925168  0.379368  -0.011998  -0.156699  -0.352971  0.922419  -0.020456  -0.000801  -0.011197  -0.582978  0.383592  -0.824946  1.000000  
191.287284 0.016624  -0.003842  0.006747  0.347232  0.855178  0.384839  -0.924617  0.380716  -0.011754  -0.156567  -0.351748  0.922909  -0.020583  -0.001010  -0.011119  -0.606003  0.395064  -0.843157  1.000000  
191.288284 0.016602  -0.003846  0.006737  0.348388  0.855159  0.383833  -0.924227  0.381672  -0.011464  -0.156302  -0.350755  0.923331  -0.020650  -0.001135  -0.010982  -0.624374  0.407804  -0.852974  1.000000  
191.289532 0.016573  -0.003849  0.006726  0.349918  0.855104  0.382564  -0.923671  0.383020  -0.011274  -0.156170  -0.349418  0.923860  -0.020742  -0.001242  -0.010796  -0.646222  0.420136  -0.876249  1.000000  
191.290533 0.016550  -0.003851  0.006717  0.351073  0.855080  0.381556  -0.923277  0.383977  -0.010990  -0.155906  -0.348424  0.924280  -0.020930  -0.001387  -0.010666  -0.665940  0.436295  -0.893479  1.000000  
191.291783 0.016521  -0.003855  0.006705  0.352601  0.855018  0.380285  -0.922717  0.385326  -0.010807  -0.155774  -0.347086  0.924806  -0.021128  -0.001557  -0.010635  -0.683342  0.448198  -0.916413  1.000000  
191.293033 0.016492  -0.003859  0.006691  0.354135  0.854922  0.379074  -0.922174  0.386633  -0.010465  -0.155509  -0.345866  0.925307  -0.021302  -0.001799  -0.010713  -0.700573  0.463014  -0.932766  1.000000  
191.294283 0.016464  -0.003862  0.006677  0.355668  0.854868  0.377757  -0.921629  0.387940  -0.010175  -0.155245  -0.344533  0.925849  -0.021578  -0.001998  -0.010730  -0.721798  0.477706  -0.949106  1.000000  
191.295532 0.016435  -0.003867  0.006663  0.357390  0.854776  0.376338  -0.921007  0.389422  -0.009858  -0.154981  -0.343087  0.926430  -0.021848  -0.002245  -0.010833  -0.745927  0.490495  -0.973267  1.000000  
191.296533 0.016411  -0.003871  0.006651  0.358542  0.854738  0.375328  -0.920603  0.390382  -0.009588  -0.154716  -0.342090  0.926843  -0.022121  -0.002508  -0.010840  -0.760114  0.502885  -0.983175  1.000000  
191.297534 0.016388  -0.003875  0.006640  0.359884  0.854662  0.374214  -0.920124  0.391517  -0.009291  -0.154452  -0.340980  0.927296  -0.022444  -0.002770  -0.010814  -0.773227  0.517566  -0.999490  1.000000  
191.298540 0.016364  -0.003880  0.006628  0.361035  0.854664  0.373098  -0.919717  0.392477  -0.009074  -0.154187  -0.339869  0.927747  -0.022752  -0.003132  -0.010822  -0.790850  0.527366  -1.012916  1.000000  
191.299791 0.016333  -0.003887  0.006615  0.362761  0.854573  0.371631  -0.919104  0.393919  -0.008657  -0.153791  -0.338427  0.928340  -0.023148  -0.003459  -0.010636  -0.812795  0.544221  -1.025964  1.000000  
191.301042 0.016300  -0.003896  0.006602  0.364486  0.854476  0.370162  -0.918488  0.395363  -0.008246  -0.153394  -0.336984  0.928931  -0.023517  -0.003867  -0.010523  -0.833626  0.560386  -1.044369  1.000000  
191.302284 0.016268  -0.003905  0.006590  0.366021  0.854412  0.368793  -0.917943  0.396633  -0.007867  -0.152998  -0.335652  0.929478  -0.023753  -0.004175  -0.010491  -0.847212  0.579194  -1.059830  1.000000  
191.303284 0.016242  -0.003912  0.006580  0.367359  0.854409  0.367469  -0.917453  0.397770  -0.007684  -0.152733  -0.334312  0.930004  -0.023988  -0.004395  -0.010551  -0.869672  0.587026  -1.071594  1.000000  
191.304285 0.016216  -0.003918  0.006570  0.368704  0.854329  0.366304  -0.916979  0.398868  -0.007292  -0.152336  -0.333205  0.930467  -0.024188  -0.004659  -0.010576  -0.884106  0.603463  -1.080289  1.000000  
191.305532 0.016185  -0.003925  0.006556  0.370236  0.854342  0.364725  -0.916427  0.400139  -0.007022  -0.151940  -0.331645  0.931089  -0.024285  -0.004937  -0.010693  -0.906825  0.619575  -1.089394  1.000000  
191.306533 0.016160  -0.003932  0.006546  0.371391  0.854427  0.363350  -0.916026  0.401061  -0.006808  -0.151543  -0.330309  0.931628  -0.024422  -0.005220  -0.010782  -0.921680  0.626318  -1.090560  1.000000  
191.307783 0.016129  -0.003939  0.006531  0.372930  0.854447  0.361722  -0.915488  0.402294  -0.006431  -0.151014  -0.328754  0.932264  -0.024603  -0.005433  -0.010833  -0.946064  0.646857  -1.094420  1.000000  
191.309032 0.016099  -0.003947  0.006519  0.374656  0.854380  0.360094  -0.914870  0.403704  -0.005985  -0.150485  -0.327197  0.932897  -0.024737  -0.005755  -0.010748  -0.962860  0.662210  -1.107195  1.000000  
191.310033 0.016074  -0.003954  0.006510  0.375997  0.854370  0.358717  -0.914385  0.404805  -0.005709  -0.150088  -0.325859  0.933429  -0.024841  -0.005977  -0.010558  -0.980240  0.676362  -1.124001  1.000000  
191.311283 0.016044  -0.003963  0.006499  0.377721  0.854336  0.356982  -0.913761  0.406218  -0.005322  -0.149559  -0.324186  0.934096  -0.024884  -0.006204  -0.010333  -1.002776  0.691956  -1.133115  1.000000  
191.312284 0.016018  -0.003971  0.006491  0.379060  0.854319  0.355602  -0.913271  0.407321  -0.005054  -0.149162  -0.322846  0.934624  -0.025037  -0.006497  -0.010097  -1.017033  0.707774  -1.142053  1.000000  
191.313532 0.015988  -0.003981  0.006481  0.380790  0.854248  0.353920  -0.912659  0.408697  -0.004512  -0.148500  -0.321290  0.935265  -0.025124  -0.006750  -0.009807  -1.031769  0.727642  -1.149951  1.000000  
191.314541 0.015962  -0.003990  0.006472  0.382136  0.854238  0.352490  -0.912182  0.409763  -0.004137  -0.147971  -0.319954  0.935806  -0.025150  -0.006968  -0.009689  -1.044744  0.740403  -1.157303  1.000000  
191.315541 0.015937  -0.004000  0.006465  0.383668  0.854141  0.351059  -0.911625  0.411007  -0.003693  -0.147442  -0.318617  0.936346  -0.025053  -0.007120  -0.009548  -1.058737  0.758972  -1.173424  1.000000  
191.316791 0.015907  -0.004010  0.006453  0.385395  0.854098  0.349268  -0.911003  0.412387  -0.003216  -0.146780  -0.316945  0.937017  -0.024965  -0.007283  -0.009423  -1.072935  0.778309  -1.180876  1.000000  
191.318038 0.015876  -0.004021  0.006443  0.387308  0.853963  0.347475  -0.910298  0.413946  -0.002673  -0.146118  -0.315271  0.937685  -0.024799  -0.007421  -0.009292  -1.084911  0.796287  -1.192077  1.000000  
191.319283 0.015846  -0.004032  0.006432  0.388845  0.854036  0.345576  -0.909748  0.415154  -0.002329  -0.145456  -0.313481  0.938388  -0.024686  -0.007593  -0.009218  -1.104840  0.808882  -1.186139  1.000000  
191.320285 0.015822  -0.004039  0.006423  0.390374  0.853919  0.344138  -0.909178  0.416403  -0.001905  -0.144927  -0.312139  0.938917  -0.024615  -0.007726  -0.009013  -1.115499  0.820417  -1.197097  1.000000  
191.321532 0.015792  -0.004050  0.006415  0.392096  0.853853  0.342339  -0.908542  0.417791  -0.001451  -0.144265  -0.310461  0.939575  -0.024586  -0.007870  -0.008710  -1.127359  0.837805  -1.199107  1.000000  
191.322782 0.015762  -0.004060  0.006407  0.394004  0.853695  0.340539  -0.907821  0.419356  -0.000932  -0.143603  -0.308781  0.940230  -0.024502  -0.008076  -0.008284  -1.138738  0.850721  -1.211574  1.000000  
191.323783 0.015737  -0.004068  0.006403  0.395537  0.853621  0.338943  -0.907259  0.420572  -0.000458  -0.142941  -0.307328  0.940807  -0.024523  -0.008197  -0.007830  -1.154078  0.866522  -1.212229  1.000000  
191.325032 0.015705  -0.004079  0.006398  0.397442  0.853410  0.337241  -0.906530  0.422141  0.000099  -0.142279  -0.305759  0.941418  -0.024639  -0.008382  -0.007469  -1.160846  0.881884  -1.222198  1.000000  
191.326035 0.015679  -0.004088  0.006395  0.398778  0.853356  0.335796  -0.906026  0.423222  0.000431  -0.141749  -0.304412  0.941935  -0.024738  -0.008496  -0.007082  -1.166158  0.890459  -1.221988  1.000000  
191.327035 0.015653  -0.004097  0.006392  0.399936  0.853362  0.334403  -0.905619  0.424091  0.000856  -0.141087  -0.303184  0.942430  -0.024842  -0.008566  -0.006738  -1.174183  0.899902  -1.217196  1.000000  
191.328038 0.015627  -0.004106  0.006389  0.401278  0.853318  0.332904  -0.905128  0.425137  0.001295  -0.140424  -0.301840  0.942960  -0.024868  -0.008612  -0.006336  -1.183405  0.912510  -1.215466  1.000000  
191.329291 0.015593  -0.004120  0.006386  0.402814  0.853238  0.331248  -0.904569  0.426324  0.001863  -0.139629  -0.300387  0.943542  -0.025012  -0.008778  -0.005952  -1.187994  0.922067  -1.211299  1.000000  
191.330532 0.015560  -0.004132  0.006384  0.404535  0.853146  0.329383  -0.903923  0.427689  0.002390  -0.138834  -0.298704  0.944193  -0.025181  -0.008810  -0.005407  -1.193384  0.934067  -1.210245  1.000000  
191.331537 0.015533  -0.004140  0.006382  0.405868  0.853033  0.328034  -0.903406  0.428776  0.002754  -0.138304  -0.297466  0.944662  -0.025312  -0.008789  -0.004885  -1.202352  0.940365  -1.207722  1.000000  
191.332539 0.015505  -0.004150  0.006382  0.407207  0.852932  0.326632  -0.902905  0.429829  0.003229  -0.137642  -0.296233  0.945146  -0.025586  -0.008874  -0.004299  -1.202158  0.950889  -1.203894  1.000000  
191.333790 0.015471  -0.004161  0.006383  0.408739  0.852874  0.324866  -0.902333  0.431023  0.003726  -0.136847  -0.294660  0.945753  -0.025851  -0.008864  -0.003455  -1.203269  0.961868  -1.201589  1.000000  
191.335040 0.015435  -0.004172  0.006385  0.410278  0.852788  0.323148  -0.901775  0.432183  0.004386  -0.135919  -0.293206  0.946338  -0.026176  -0.008950  -0.002705  -1.199895  0.976796  -1.197352  1.000000  
191.336284 0.015399  -0.004184  0.006388  0.411808  0.852681  0.321480  -0.901197  0.433382  0.004926  -0.135123  -0.291746  0.946903  -0.026639  -0.009065  -0.001795  -1.197014  0.983602  -1.196486  1.000000  
191.337532 0.015361  -0.004196  0.006393  0.413522  0.852480  0.319810  -0.900531  0.434757  0.005527  -0.134328  -0.290284  0.947466  -0.027158  -0.009210  -0.000954  -1.193002  0.992442  -1.202009  1.000000  
191.338782 0.015322  -0.004209  0.006397  0.414857  0.852436  0.318192  -0.900015  0.435819  0.005876  -0.133665  -0.288816  0.948008  -0.027691  -0.009375  -0.000379  -1.191778  0.990529  -1.189340  1.000000  
191.340035 0.015282  -0.004221  0.006403  0.416383  0.852315  0.316519  -0.899428  0.437022  0.006402  -0.132869  -0.287351  0.948565  -0.028204  -0.009470  0.000356  -1.185419  0.994858  -1.181705  1.000000  
191.341282 0.015241  -0.004233  0.006408  0.417909  0.852151  0.314947  -0.898837  0.438227  0.006976  -0.132074  -0.286001  0.949084  -0.028804  -0.009540  0.000982  -1.175572  0.999842  -1.175894  1.000000  
191.342283 0.015209  -0.004244  0.006413  0.419056  0.852109  0.313533  -0.898400  0.439116  0.007354  -0.131411  -0.284760  0.949549  -0.029166  -0.009653  0.001449  -1.173307  1.004681  -1.168237  1.000000  
191.343532 0.015167  -0.004258  0.006422  0.420580  0.851936  0.311957  -0.897804  0.440324  0.007920  -0.130615  -0.283407  0.950063  -0.029765  -0.009760  0.002247  -1.165715  1.006784  -1.166782  1.000000  
191.344783 0.015125  -0.004271  0.006431  0.422095  0.851743  0.310434  -0.897189  0.441567  0.008366  -0.129951  -0.282049  0.950558  -0.030372  -0.009740  0.003094  -1.157118  1.001228  -1.157540  1.000000  
191.345789 0.015090  -0.004281  0.006440  0.423240  0.851653  0.309119  -0.896746  0.442459  0.008788  -0.129288  -0.280920  0.950983  -0.030882  -0.009757  0.003939  -1.150710  1.001810  -1.151040  1.000000  
191.347033 0.015048  -0.004293  0.006454  0.424753  0.851453  0.307592  -0.896125  0.443705  0.009226  -0.128625  -0.279560  0.951474  -0.031442  -0.009842  0.004795  -1.141758  0.996173  -1.140183  1.000000  
191.348043 0.015013  -0.004303  0.006465  0.426081  0.851228  0.306376  -0.895590  0.444774  0.009759  -0.127961  -0.278545  0.951860  -0.031944  -0.009943  0.005589  -1.124973  0.998135  -1.137644  1.000000  
191.349287 0.014968  -0.004316  0.006479  0.427600  0.851035  0.304792  -0.894979  0.445989  0.010304  -0.127165  -0.277188  0.952363  -0.032564  -0.010075  0.006313  -1.114717  0.998568  -1.131535  1.000000  
191.350289 0.014932  -0.004327  0.006491  0.428734  0.850880  0.303630  -0.894512  0.446918  0.010652  -0.126634  -0.276167  0.952731  -0.033114  -0.010148  0.007076  -1.105109  0.993087  -1.119809  1.000000  
191.351289 0.014894  -0.004337  0.006502  0.430059  0.850645  0.302409  -0.893969  0.447990  0.011175  -0.125970  -0.275151  0.953113  -0.033684  -0.010230  0.007647  -1.093703  0.995988  -1.119851  1.000000  
191.352291 0.014857  -0.004349  0.006513  0.431193  0.850448  0.301349  -0.893498  0.448919  0.011572  -0.125439  -0.274244  0.953444  -0.034176  -0.010331  0.008142  -1.075855  0.990494  -1.108040  1.000000  
191.353536 0.014808  -0.004363  0.006527  0.432700  0.850189  0.299917  -0.892862  0.450170  0.012042  -0.124776  -0.272995  0.953889  -0.034799  -0.010447  0.008796  -1.062600  0.980652  -1.098136  1.000000  
191.354808 0.014758  -0.004378  0.006543  0.434023  0.850018  0.298486  -0.892312  0.451248  0.012446  -0.124112  -0.271745  0.954333  -0.035446  -0.010593  0.009486  -1.053254  0.972305  -1.079253  1.000000  
191.356035 0.014708  -0.004391  0.006559  0.435712  0.849657  0.297049  -0.891581  0.452676  0.012969  -0.123448  -0.270494  0.954774  -0.036124  -0.010701  0.010203  -1.040285  0.971770  -1.084341  1.000000  
191.357282 0.014657  -0.004406  0.006576  0.437208  0.849334  0.295772  -0.890921  0.453962  0.013366  -0.122917  -0.269353  0.955165  -0.036765  -0.010785  0.010820  -1.025080  0.961761  -1.088527  1.000000  
191.358283 0.014616  -0.004417  0.006590  0.438338  0.849158  0.294603  -0.890439  0.454896  0.013693  -0.122386  -0.268328  0.955522  -0.037349  -0.010798  0.011397  -1.016015  0.951393  -1.089780  1.000000  
191.359532 0.014564  -0.004431  0.006609  0.440016  0.848734  0.293321  -0.889684  0.456358  0.014144  -0.121855  -0.267186  0.955909  -0.038012  -0.010859  0.012045  -1.002542  0.946132  -1.095173  1.000000  
191.360784 0.014512  -0.004444  0.006629  0.441517  0.848451  0.291881  -0.889031  0.457615  0.014589  -0.121191  -0.265932  0.956343  -0.038593  -0.010909  0.012556  -0.990227  0.937719  -1.088895  1.000000  
191.361805 0.014469  -0.004454  0.006644  0.442819  0.848121  0.290865  -0.888437  0.458756  0.014908  -0.120792  -0.265017  0.956648  -0.039164  -0.010944  0.012900  -0.973070  0.929116  -1.098509  1.000000  
191.363035 0.014415  -0.004468  0.006664  0.444310  0.847815  0.289480  -0.887764  0.460046  0.015231  -0.120261  -0.263758  0.957063  -0.039855  -0.011015  0.013286  -0.965599  0.918289  -1.099301  1.000000  
191.364288 0.014359  -0.004481  0.006683  0.445991  0.847425  0.288034  -0.887011  0.461480  0.015724  -0.119597  -0.262502  0.957491  -0.040659  -0.011030  0.013654  -0.957490  0.914247  -1.108416  1.000000  
191.365538 0.014303  -0.004495  0.006703  0.447669  0.846996  0.286688  -0.886255  0.462913  0.016268  -0.118932  -0.261361  0.957886  -0.041398  -0.011079  0.014061  -0.942933  0.909560  -1.115120  1.000000  
191.366540 0.014255  -0.004507  0.006719  0.448792  0.846799  0.285512  -0.885758  0.463852  0.016573  -0.118401  -0.260332  0.958232  -0.042035  -0.011100  0.014365  -0.940444  0.901990  -1.110817  1.000000  
191.367787 0.014196  -0.004520  0.006741  0.450279  0.846442  0.284225  -0.885074  0.465143  0.016936  -0.117870  -0.259186  0.958608  -0.042777  -0.011061  0.014844  -0.929058  0.891789  -1.114620  1.000000  
191.369033 0.014134  -0.004535  0.006762  0.451772  0.846098  0.282879  -0.884401  0.466403  0.017410  -0.117205  -0.258043  0.958998  -0.043657  -0.011044  0.015329  -0.917071  0.887968  -1.123987  1.000000  
191.370038 0.014085  -0.004546  0.006781  0.453075  0.845762  0.281799  -0.883805  0.467517  0.017820  -0.116674  -0.257129  0.959308  -0.044314  -0.011024  0.015731  -0.909500  0.882233  -1.126017  1.000000  
191.371282 0.014021  -0.004560  0.006804  0.454558  0.845360  0.280611  -0.883113  0.468807  0.018229  -0.116142  -0.256098  0.959648  -0.045234  -0.010977  0.016164  -0.897126  0.877581  -1.131138  1.000000  
191.372282 0.013969  -0.004572  0.006822  0.455677  0.845115  0.279533  -0.882606  0.469747  0.018576  -0.115611  -0.255182  0.959956  -0.045905  -0.011056  0.016439  -0.885807  0.872021  -1.133469  1.000000  
191.373282 0.013917  -0.004582  0.006841  0.456977  0.844737  0.278552  -0.882003  0.470860  0.019036  -0.115079  -0.254383  0.960232  -0.046626  -0.010976  0.016732  -0.874601  0.867527  -1.139918  1.000000  
191.374532 0.013851  -0.004596  0.006863  0.458471  0.844391  0.277141  -0.881331  0.472093  0.019606  -0.114281  -0.253241  0.960629  -0.047556  -0.011010  0.016944  -0.867440  0.870380  -1.139994  1.000000  
191.375532 0.013797  -0.004607  0.006881  0.459588  0.844139  0.276060  -0.880818  0.473035  0.019945  -0.113750  -0.252325  0.960934  -0.048481  -0.011004  0.017144  -0.860277  0.865018  -1.142495  1.000000  
191.376784 0.013729  -0.004620  0.006904  0.460711  0.843932  0.274816  -0.880317  0.473950  0.020338  -0.113085  -0.251295  0.961282  -0.049401  -0.011046  0.017340  -0.850372  0.859674  -1.130139  1.000000  
191.378033 0.013660  -0.004634  0.006928  0.462014  0.843626  0.273566  -0.879719  0.475040  0.020785  -0.112420  -0.250264  0.961629  -0.050353  -0.011045  0.017605  -0.844502  0.851659  -1.122207  1.000000  
191.379291 0.013589  -0.004648  0.006953  0.463135  0.843447  0.272218  -0.879214  0.475960  0.021115  -0.111756  -0.249116  0.962004  -0.051463  -0.011140  0.018020  -0.839254  0.840838  -1.108348  1.000000  
191.380532 0.013517  -0.004664  0.006978  0.464624  0.843085  0.270799  -0.878529  0.477198  0.021667  -0.110958  -0.247971  0.962392  -0.052417  -0.011245  0.018317  -0.835750  0.845014  -1.111259  1.000000  
191.381552 0.013457  -0.004676  0.006999  0.465918  0.842688  0.269810  -0.877910  0.478314  0.022106  -0.110426  -0.247169  0.962660  -0.053254  -0.011249  0.018700  -0.827716  0.839985  -1.116764  1.000000  
191.382787 0.013383  -0.004690  0.007025  0.467217  0.842434  0.268352  -0.877303  0.479413  0.022424  -0.109761  -0.245903  0.963060  -0.054187  -0.011307  0.018967  -0.829609  0.836939  -1.111636  1.000000  
191.383788 0.013322  -0.004702  0.007048  0.468328  0.842131  0.267366  -0.876777  0.480356  0.022802  -0.109229  -0.245099  0.963325  -0.055044  -0.011323  0.019355  -0.826194  0.835917  -1.112434  1.000000  
191.385040 0.013245  -0.004717  0.007075  0.469813  0.841755  0.265942  -0.876081  0.481598  0.023340  -0.108431  -0.243952  0.963706  -0.056021  -0.011443  0.019621  -0.823008  0.838809  -1.112357  1.000000  
191.386282 0.013167  -0.004733  0.007101  0.471109  0.841459  0.264582  -0.875467  0.482696  0.023705  -0.107766  -0.242801  0.964072  -0.057003  -0.011518  0.019867  -0.820714  0.840193  -1.105987  1.000000  
191.387284 0.013103  -0.004745  0.007122  0.472397  0.841080  0.263486  -0.874838  0.483817  0.024071  -0.107234  -0.241879  0.964363  -0.057761  -0.011593  0.020031  -0.820500  0.840801  -1.113380  1.000000  
191.388532 0.013024  -0.004762  0.007149  0.474058  0.840593  0.262053  -0.874037  0.485234  0.024651  -0.106436  -0.240730  0.964739  -0.058783  -0.011830  0.020307  -0.817501  0.843887  -1.113577  1.000000  
191.389784 0.012943  -0.004778  0.007176  0.475538  0.840170  0.260724  -0.873329  0.486476  0.025232  -0.105637  -0.239697  0.965083  -0.059725  -0.011975  0.020625  -0.814392  0.851434  -1.112494  1.000000  
191.391032 0.012861  -0.004795  0.007205  0.477010  0.839729  0.259456  -0.872607  0.487747  0.025695  -0.104972  -0.238660  0.965413  -0.060604  -0.012196  0.020958  -0.807394  0.853387  -1.108389  1.000000  
191.392039 0.012794  -0.004809  0.007227  0.478294  0.839306  0.258458  -0.871968  0.488867  0.026107  -0.104440  -0.237854  0.965670  -0.061517  -0.012498  0.021216  -0.799255  0.853078  -1.112959  1.000000  
191.393282 0.012710  -0.004828  0.007256  0.479769  0.838873  0.257125  -0.871252  0.490111  0.026677  -0.103641  -0.236819  0.966010  -0.062520  -0.012762  0.021550  -0.796857  0.859750  -1.108177  1.000000  
