1-Time 2-Px 3-Py 4-Pz 5-R11 6-R21 7-R31 8-R12 9-R22 10-R32 11-R13 12-R23 13-R33 14-Vx 15-Vy 16-Vz 17-Wx 18-Wy 19-Wz 20-state
172.260626 -0.000521  -0.037628  0.020526  0.600815  0.748947  0.279463  -0.780721  0.624868  0.003850  -0.171745  -0.220496  0.960149  0.000467  -0.000039  0.003763  0.104360  0.180476  -0.063658  1.000000  
172.261655 -0.000522  -0.037629  0.020527  0.600815  0.748947  0.279463  -0.780721  0.624868  0.003850  -0.171745  -0.220496  0.960149  -0.002090  -0.000741  0.001150  0.000000  0.000000  0.000000  1.000000  
172.262667 -0.000512  -0.037617  0.020514  0.600815  0.748947  0.279463  -0.780721  0.624868  0.003850  -0.171745  -0.220496  0.960149  0.005207  0.006583  -0.007011  0.000000  0.000000  0.000000  1.000000  
172.263905 -0.000490  -0.037590  0.020489  0.600815  0.748981  0.279373  -0.780721  0.624869  0.003774  -0.171745  -0.220379  0.960175  0.010236  0.012674  -0.012441  0.000000  0.000000  0.000000  1.000000  
172.264915 -0.000476  -0.037571  0.020470  0.600815  0.749015  0.279282  -0.780721  0.624869  0.003698  -0.171745  -0.220263  0.960202  0.011211  0.014237  -0.013854  0.000000  0.000000  0.000000  1.000000  
172.266187 -0.000470  -0.037558  0.020460  0.600815  0.749049  0.279191  -0.780721  0.624869  0.003622  -0.171745  -0.220146  0.960229  0.009615  0.013282  -0.012418  0.000000  0.000000  0.000000  1.000000  
172.267399 -0.000471  -0.037550  0.020458  0.600815  0.749116  0.279009  -0.780721  0.624870  0.003471  -0.171745  -0.219914  0.960282  0.007691  0.012113  -0.010464  0.000000  0.000000  0.000000  1.000000  
172.268415 -0.000474  -0.037539  0.020455  0.600801  0.749132  0.278997  -0.780703  0.624894  0.003293  -0.171876  -0.219792  0.960286  0.006306  0.011897  -0.009386  0.000000  0.000000  0.000000  1.000000  
172.269421 -0.000475  -0.037524  0.020450  0.600640  0.749295  0.278906  -0.780826  0.624740  0.003160  -0.171876  -0.219675  0.960313  0.005444  0.012263  -0.008955  0.000000  0.000000  0.000000  1.000000  
172.270657 -0.000474  -0.037502  0.020436  0.600640  0.749328  0.278816  -0.780826  0.624741  0.003084  -0.171876  -0.219559  0.960340  0.004858  0.012943  -0.009174  0.000000  0.000000  0.000000  1.000000  
172.271914 -0.000470  -0.037481  0.020422  0.600654  0.749380  0.278646  -0.780845  0.624718  0.003110  -0.171745  -0.219448  0.960389  0.004617  0.013403  -0.009470  0.000000  0.000000  0.000000  1.000000  
172.273168 -0.000466  -0.037459  0.020407  0.600668  0.749432  0.278477  -0.780863  0.624695  0.003136  -0.171613  -0.219336  0.960438  0.004442  0.013848  -0.009681  0.000000  0.000000  0.000000  1.000000  
172.274307 -0.000465  -0.037440  0.020394  0.600522  0.749612  0.278308  -0.781005  0.624518  0.003105  -0.171481  -0.219225  0.960487  0.004175  0.014072  -0.009824  0.000000  0.000000  0.000000  1.000000  
172.275406 -0.000462  -0.037411  0.020371  0.600522  0.749646  0.278218  -0.781005  0.624518  0.003029  -0.171481  -0.219108  0.960513  0.004088  0.014965  -0.010670  0.000000  0.000000  0.000000  1.000000  
172.276652 -0.000449  -0.037373  0.020341  0.600522  0.749680  0.278127  -0.781005  0.624518  0.002954  -0.171481  -0.218992  0.960540  0.004889  0.017046  -0.012371  0.000000  0.000000  0.000000  1.000000  
172.277657 -0.000433  -0.037337  0.020316  0.600508  0.749729  0.278023  -0.780986  0.624542  0.002700  -0.171613  -0.218754  0.960571  0.005277  0.018663  -0.013191  0.000000  0.000000  0.000000  1.000000  
172.278903 -0.000408  -0.037287  0.020290  0.600347  0.749891  0.277933  -0.781110  0.624388  0.002567  -0.171613  -0.218637  0.960597  0.005487  0.020227  -0.013241  0.000000  0.000000  0.000000  1.000000  
172.279905 -0.000397  -0.037252  0.020276  0.600347  0.749959  0.277751  -0.781110  0.624389  0.002416  -0.171613  -0.218404  0.960650  0.005295  0.021331  -0.012995  0.000000  0.000000  0.000000  1.000000  
172.281153 -0.000394  -0.037213  0.020262  0.600361  0.750044  0.277490  -0.781128  0.624366  0.002366  -0.171481  -0.218176  0.960725  0.005107  0.023070  -0.013218  0.000000  0.000000  0.000000  1.000000  
172.282404 -0.000398  -0.037178  0.020250  0.600361  0.750078  0.277399  -0.781128  0.624366  0.002290  -0.171481  -0.218060  0.960752  0.004954  0.025015  -0.014031  0.000000  0.000000  0.000000  1.000000  
172.283653 -0.000400  -0.037142  0.020234  0.600361  0.750145  0.277218  -0.781128  0.624367  0.002139  -0.171481  -0.217827  0.960805  0.004917  0.026224  -0.014739  0.000000  0.000000  0.000000  1.000000  
172.284654 -0.000395  -0.037111  0.020214  0.600200  0.750307  0.277127  -0.781252  0.624213  0.002006  -0.171481  -0.217710  0.960831  0.005308  0.027267  -0.015531  0.000000  0.000000  0.000000  1.000000  
172.285903 -0.000385  -0.037072  0.020181  0.600200  0.750307  0.277127  -0.781252  0.624213  0.002006  -0.171481  -0.217710  0.960831  0.005946  0.028599  -0.016897  0.000000  0.000000  0.000000  1.000000  
172.286923 -0.000378  -0.037041  0.020152  0.600200  0.750341  0.277036  -0.781252  0.624213  0.001930  -0.171481  -0.217593  0.960858  0.006226  0.029483  -0.018054  0.000000  0.000000  0.000000  1.000000  
172.288162 -0.000370  -0.037000  0.020120  0.600214  0.750358  0.276958  -0.781270  0.624190  0.002032  -0.171349  -0.217599  0.960880  0.006417  0.030578  -0.019148  0.000000  0.000000  0.000000  1.000000  
172.289404 -0.000364  -0.036956  0.020093  0.600214  0.750392  0.276867  -0.781270  0.624190  0.001957  -0.171349  -0.217482  0.960906  0.006870  0.032148  -0.019889  0.000000  0.000000  0.000000  1.000000  
172.290649 -0.000357  -0.036910  0.020071  0.600214  0.750392  0.276867  -0.781270  0.624190  0.001957  -0.171349  -0.217482  0.960906  0.006874  0.032996  -0.019647  0.000000  0.000000  0.000000  1.000000  
172.291653 -0.000349  -0.036871  0.020056  0.600214  0.750392  0.276867  -0.781270  0.624190  0.001957  -0.171349  -0.217482  0.960906  0.006555  0.033470  -0.018872  0.000000  0.000000  0.000000  1.000000  
172.292898 -0.000339  -0.036821  0.020039  0.600200  0.750341  0.277036  -0.781252  0.624213  0.001930  -0.171481  -0.217593  0.960858  0.005877  0.033740  -0.018046  0.000000  0.000000  0.000000  1.000000  
172.294148 -0.000331  -0.036773  0.020024  0.600200  0.750341  0.277036  -0.781252  0.624213  0.001930  -0.171481  -0.217593  0.960858  0.004901  0.033756  -0.017401  0.000000  0.000000  0.000000  1.000000  
172.295149 -0.000331  -0.036739  0.020011  0.600200  0.750341  0.277036  -0.781252  0.624213  0.001930  -0.171481  -0.217593  0.960858  0.004224  0.033688  -0.017409  0.000000  0.000000  0.000000  1.000000  
172.296154 -0.000336  -0.036709  0.019996  0.600214  0.750325  0.277049  -0.781270  0.624190  0.002108  -0.171349  -0.217715  0.960854  0.003960  0.033724  -0.017873  0.000000  0.000000  0.000000  1.000000  
172.297399 -0.000345  -0.036673  0.019972  0.600214  0.750325  0.277049  -0.781270  0.624190  0.002108  -0.171349  -0.217715  0.960854  0.003566  0.033693  -0.018540  0.000000  0.000000  0.000000  1.000000  
172.298400 -0.000346  -0.036643  0.019949  0.600228  0.750343  0.276970  -0.781288  0.624167  0.002210  -0.171217  -0.217720  0.960876  0.003595  0.033802  -0.019218  0.000000  0.000000  0.000000  1.000000  
172.299648 -0.000342  -0.036602  0.019917  0.600228  0.750275  0.277152  -0.781288  0.624166  0.002361  -0.171217  -0.217953  0.960823  0.003531  0.033949  -0.019822  0.000000  0.000000  0.000000  1.000000  
172.300898 -0.000336  -0.036561  0.019886  0.600228  0.750242  0.277243  -0.781288  0.624166  0.002437  -0.171217  -0.218070  0.960797  0.003259  0.034103  -0.019671  0.000000  0.000000  0.000000  1.000000  
172.301898 -0.000335  -0.036530  0.019865  0.600081  0.750321  0.277348  -0.781430  0.623988  0.002633  -0.171085  -0.218308  0.960766  0.002824  0.034156  -0.019211  0.000000  0.000000  0.000000  1.000000  
172.302917 -0.000337  -0.036498  0.019847  0.600081  0.750287  0.277439  -0.781430  0.623987  0.002709  -0.171085  -0.218424  0.960740  0.002228  0.034047  -0.018512  0.000000  0.000000  0.000000  1.000000  
172.304159 -0.000339  -0.036455  0.019831  0.600256  0.750109  0.277542  -0.781324  0.624118  0.003020  -0.170954  -0.218663  0.960709  0.001695  0.033980  -0.017795  0.000000  0.000000  0.000000  1.000000  
172.305400 -0.000337  -0.036408  0.019816  0.600284  0.750044  0.277658  -0.781361  0.624070  0.003451  -0.170690  -0.219022  0.960674  0.001353  0.034024  -0.017254  0.000000  0.000000  0.000000  1.000000  
172.306419 -0.000334  -0.036370  0.019803  0.600284  0.749976  0.277840  -0.781361  0.624069  0.003602  -0.170690  -0.219255  0.960621  0.001008  0.033913  -0.017118  0.000000  0.000000  0.000000  1.000000  
172.307678 -0.000333  -0.036326  0.019780  0.600298  0.749893  0.278035  -0.781379  0.624045  0.003931  -0.170558  -0.219610  0.960563  0.000445  0.033484  -0.017500  0.000000  0.000000  0.000000  1.000000  
172.308924 -0.000336  -0.036287  0.019752  0.600151  0.749938  0.278230  -0.781520  0.623865  0.004203  -0.170426  -0.219965  0.960505  -0.000342  0.032870  -0.018455  0.000000  0.000000  0.000000  1.000000  
172.310150 -0.000343  -0.036250  0.019718  0.600178  0.749873  0.278346  -0.781557  0.623817  0.004634  -0.170163  -0.220324  0.960470  -0.000776  0.032621  -0.019661  0.000000  0.000000  0.000000  1.000000  
172.311398 -0.000353  -0.036215  0.019685  0.600206  0.749808  0.278463  -0.781593  0.623769  0.005064  -0.169899  -0.220684  0.960434  -0.001011  0.032422  -0.020460  0.000000  0.000000  0.000000  1.000000  
172.312398 -0.000359  -0.036185  0.019661  0.600234  0.749708  0.278670  -0.781629  0.623719  0.005571  -0.169635  -0.221160  0.960371  -0.000952  0.032537  -0.020736  0.000000  0.000000  0.000000  1.000000  
172.313403 -0.000364  -0.036154  0.019639  0.600100  0.749771  0.278787  -0.781788  0.623516  0.005944  -0.169371  -0.221520  0.960334  -0.001233  0.032613  -0.020571  0.000000  0.000000  0.000000  1.000000  
172.314649 -0.000368  -0.036112  0.019612  0.600142  0.749690  0.278916  -0.781842  0.623442  0.006553  -0.168976  -0.222001  0.960293  -0.001823  0.032675  -0.020255  0.000000  0.000000  0.000000  1.000000  
172.315649 -0.000372  -0.036078  0.019594  0.600008  0.749719  0.279125  -0.782002  0.623237  0.007001  -0.168712  -0.222477  0.960229  -0.002397  0.032766  -0.019795  0.158247  0.086773  0.040698  1.000000  
172.316899 -0.000378  -0.036035  0.019573  0.600063  0.749623  0.279267  -0.782073  0.623138  0.007787  -0.168185  -0.223080  0.960182  -0.002908  0.032954  -0.019402  0.182646  0.104228  0.044742  1.000000  
172.318149 -0.000386  -0.035992  0.019554  0.599943  0.749636  0.279489  -0.782250  0.622908  0.008413  -0.167789  -0.223677  0.960112  -0.003207  0.033182  -0.019258  0.201641  0.111356  0.053349  1.000000  
172.319155 -0.000390  -0.035956  0.019537  0.599823  0.749717  0.279529  -0.782427  0.622679  0.008888  -0.167393  -0.224042  0.960096  -0.003425  0.033246  -0.019608  0.218386  0.123856  0.063457  1.000000  
172.320175 -0.000393  -0.035919  0.019515  0.599703  0.749765  0.279660  -0.782604  0.622449  0.009438  -0.166997  -0.224523  0.960053  -0.003839  0.033110  -0.020388  0.233317  0.135336  0.073093  1.000000  
172.321413 -0.000397  -0.035872  0.019481  0.599596  0.749796  0.279804  -0.782798  0.622193  0.010166  -0.166470  -0.225126  0.960003  -0.004189  0.033195  -0.021452  0.252672  0.151385  0.083860  1.000000  
172.322652 -0.000405  -0.035829  0.019442  0.599489  0.749828  0.279949  -0.782992  0.621936  0.010894  -0.165942  -0.225728  0.959953  -0.004838  0.033200  -0.022602  0.267869  0.171757  0.095634  1.000000  
172.323905 -0.000417  -0.035790  0.019404  0.599395  0.749844  0.280107  -0.783203  0.621654  0.011798  -0.165282  -0.226452  0.959896  -0.005417  0.033176  -0.023232  0.291150  0.192071  0.107397  1.000000  
172.325153 -0.000433  -0.035752  0.019371  0.599301  0.749860  0.280265  -0.783414  0.621370  0.012703  -0.164622  -0.227176  0.959839  -0.005981  0.033247  -0.023002  0.314537  0.212443  0.119214  1.000000  
172.326154 -0.000447  -0.035721  0.019351  0.599193  0.749926  0.280319  -0.783608  0.621112  0.013355  -0.164094  -0.227662  0.959814  -0.006363  0.033436  -0.022606  0.322930  0.222151  0.127906  1.000000  
172.327399 -0.000462  -0.035680  0.019329  0.599098  0.749943  0.280478  -0.783818  0.620827  0.014259  -0.163434  -0.228386  0.959755  -0.006831  0.033736  -0.022123  0.348999  0.244348  0.140810  1.000000  
172.328401 -0.000472  -0.035645  0.019311  0.598990  0.749940  0.280715  -0.784011  0.620564  0.015061  -0.162906  -0.229105  0.959673  -0.007205  0.033950  -0.021872  0.368158  0.255814  0.150582  1.000000  
172.329654 -0.000483  -0.035598  0.019287  0.598907  0.749942  0.280887  -0.784238  0.620250  0.016142  -0.162114  -0.229950  0.959605  -0.007748  0.034261  -0.021749  0.391509  0.280473  0.163488  1.000000  
172.330899 -0.000491  -0.035551  0.019260  0.598838  0.749962  0.280982  -0.784481  0.619910  0.017325  -0.161190  -0.230800  0.959557  -0.007978  0.034584  -0.022053  0.414910  0.309525  0.177460  1.000000  
172.331899 -0.000499  -0.035514  0.019236  0.598742  0.750013  0.281051  -0.784690  0.619622  0.018154  -0.160530  -0.231407  0.959521  -0.008061  0.034737  -0.022603  0.427209  0.326985  0.181712  1.000000  
172.332900 -0.000506  -0.035477  0.019211  0.598658  0.750048  0.281133  -0.784916  0.619306  0.019159  -0.159737  -0.232136  0.959477  -0.008148  0.034917  -0.023273  0.443034  0.348897  0.193159  1.000000  
172.334149 -0.000516  -0.035432  0.019180  0.598574  0.750050  0.281307  -0.785141  0.618987  0.020239  -0.158945  -0.232980  0.959404  -0.008401  0.035001  -0.023779  0.460909  0.367299  0.211589  1.000000  
172.335399 -0.000528  -0.035386  0.019149  0.598515  0.750056  0.281417  -0.785399  0.618613  0.021599  -0.157888  -0.233952  0.959343  -0.008944  0.034900  -0.023981  0.479951  0.391545  0.224522  1.000000  
172.336420 -0.000538  -0.035350  0.019124  0.598430  0.750093  0.281501  -0.785622  0.618293  0.022603  -0.157095  -0.234680  0.959295  -0.009454  0.034776  -0.023665  0.495017  0.419301  0.239431  1.000000  
172.337653 -0.000556  -0.035307  0.019097  0.598544  0.750025  0.281437  -0.785772  0.618048  0.024047  -0.155906  -0.235539  0.959278  -0.010089  0.034849  -0.022815  0.511729  0.450858  0.246164  1.000000  
172.338654 -0.000570  -0.035275  0.019077  0.598458  0.750062  0.281522  -0.785995  0.617725  0.025052  -0.155113  -0.236267  0.959228  -0.010376  0.034899  -0.022143  0.527798  0.472290  0.251467  1.000000  
172.339669 -0.000585  -0.035243  0.019061  0.598558  0.750011  0.281446  -0.786127  0.617505  0.026318  -0.154055  -0.237005  0.959216  -0.010566  0.035035  -0.021471  0.543956  0.506204  0.260865  1.000000  
172.340921 -0.000603  -0.035200  0.019040  0.598496  0.749985  0.281648  -0.786381  0.617119  0.027751  -0.152998  -0.238091  0.959116  -0.010567  0.035322  -0.021063  0.563180  0.530524  0.274126  1.000000  
172.342154 -0.000617  -0.035154  0.019018  0.598607  0.749851  0.281767  -0.786527  0.616859  0.029343  -0.151807  -0.239183  0.959034  -0.010504  0.035659  -0.021024  0.583317  0.556702  0.279749  1.000000  
172.343400 -0.000627  -0.035106  0.018991  0.598730  0.749738  0.281809  -0.786688  0.616571  0.031038  -0.150485  -0.240279  0.958968  -0.010318  0.035919  -0.021289  0.604789  0.588452  0.280941  1.000000  
172.344401 -0.000635  -0.035068  0.018968  0.598827  0.749586  0.282006  -0.786815  0.616331  0.032527  -0.149427  -0.241365  0.958861  -0.010347  0.035934  -0.021572  0.630254  0.614931  0.289016  1.000000  
172.345648 -0.000644  -0.035021  0.018937  0.598947  0.749440  0.282138  -0.786974  0.616033  0.034296  -0.148103  -0.242576  0.958761  -0.010278  0.035928  -0.021875  0.650522  0.645899  0.288992  1.000000  
172.346648 -0.000651  -0.034984  0.018912  0.599055  0.749309  0.282257  -0.787115  0.615761  0.035887  -0.146912  -0.243667  0.958667  -0.010299  0.035887  -0.022004  0.672393  0.672911  0.297299  1.000000  
172.347898 -0.000664  -0.034938  0.018885  0.599197  0.749170  0.282324  -0.787302  0.615400  0.037933  -0.145324  -0.245004  0.958569  -0.010541  0.035922  -0.021762  0.696277  0.711960  0.299440  1.000000  
172.349149 -0.000681  -0.034893  0.018861  0.599314  0.748992  0.282547  -0.787456  0.615087  0.039774  -0.144000  -0.246330  0.958429  -0.010987  0.035871  -0.021299  0.725897  0.739429  0.299951  1.000000  
172.350405 -0.000699  -0.034849  0.018840  0.599442  0.748801  0.282783  -0.787623  0.614738  0.041792  -0.142544  -0.247778  0.958273  -0.011432  0.035777  -0.020472  0.757477  0.777343  0.304126  1.000000  
172.351666 -0.000718  -0.034805  0.018819  0.599580  0.748665  0.282850  -0.787805  0.614363  0.043836  -0.140954  -0.249114  0.958162  -0.011759  0.035743  -0.019949  0.782883  0.808999  0.305727  1.000000  
172.352917 -0.000738  -0.034762  0.018799  0.599727  0.748517  0.282930  -0.787998  0.613952  0.046056  -0.139232  -0.250570  0.958034  -0.011883  0.035823  -0.019459  0.808362  0.849432  0.309697  1.000000  
172.353919 -0.000752  -0.034727  0.018780  0.599840  0.748412  0.282971  -0.788146  0.613634  0.047746  -0.137907  -0.251663  0.957939  -0.011777  0.036015  -0.019523  0.829785  0.876919  0.310239  1.000000  
172.355158 -0.000768  -0.034680  0.018756  0.599995  0.748252  0.283065  -0.788350  0.613180  0.050141  -0.136051  -0.253238  0.957789  -0.011629  0.036441  -0.019815  0.859627  0.917645  0.314530  1.000000  
172.356163 -0.000779  -0.034640  0.018734  0.600116  0.748135  0.283118  -0.788509  0.612821  0.052006  -0.134593  -0.254451  0.957674  -0.011524  0.036665  -0.020206  0.885186  0.949561  0.316362  1.000000  
172.357171 -0.000787  -0.034599  0.018712  0.600235  0.748018  0.283172  -0.788665  0.612458  0.053871  -0.133135  -0.255663  0.957555  -0.011402  0.036911  -0.020347  0.906331  0.981102  0.318191  1.000000  
172.358403 -0.000799  -0.034549  0.018684  0.600396  0.747849  0.283279  -0.788876  0.611955  0.056440  -0.131145  -0.257358  0.957375  -0.011442  0.037155  -0.020440  0.936608  1.026662  0.324108  1.000000  
172.359418 -0.000808  -0.034509  0.018663  0.600522  0.747722  0.283345  -0.789043  0.611548  0.058479  -0.129553  -0.258690  0.957233  -0.011573  0.037199  -0.020238  0.957686  1.058103  0.326189  1.000000  
172.360658 -0.000823  -0.034461  0.018638  0.600526  0.747669  0.283477  -0.789386  0.610843  0.061163  -0.127430  -0.260503  0.957026  -0.011956  0.037319  -0.019820  0.990529  1.097042  0.337715  1.000000  
172.361916 -0.000839  -0.034413  0.018617  0.600690  0.747492  0.283597  -0.789601  0.610284  0.063905  -0.125307  -0.262316  0.956812  -0.012386  0.037464  -0.019226  1.023896  1.141506  0.343681  1.000000  
172.362974 -0.000854  -0.034374  0.018601  0.600821  0.747321  0.283768  -0.789773  0.609817  0.066191  -0.123581  -0.263882  0.956606  -0.012584  0.037427  -0.018831  1.055341  1.170884  0.345479  1.000000  
172.364157 -0.000873  -0.034327  0.018580  0.600817  0.747239  0.283993  -0.790106  0.609081  0.068945  -0.121456  -0.265808  0.956344  -0.012771  0.037741  -0.018712  1.090541  1.212358  0.358228  1.000000  
172.365191 -0.000889  -0.034290  0.018563  0.600944  0.747072  0.284164  -0.790273  0.608601  0.071229  -0.119729  -0.267372  0.956126  -0.012801  0.037823  -0.018716  1.118697  1.242598  0.360527  1.000000  
172.366406 -0.000907  -0.034243  0.018539  0.601098  0.746868  0.284375  -0.790475  0.608003  0.074039  -0.117604  -0.269296  0.955850  -0.012847  0.038137  -0.019008  1.153048  1.279143  0.364677  1.000000  
172.367652 -0.000923  -0.034195  0.018511  0.601096  0.746813  0.284524  -0.790809  0.607214  0.076890  -0.115345  -0.271223  0.955580  -0.012659  0.038411  -0.019513  1.187976  1.310765  0.381990  1.000000  
172.368677 -0.000934  -0.034156  0.018488  0.601235  0.746660  0.284632  -0.790992  0.606646  0.079447  -0.113351  -0.272908  0.955339  -0.012364  0.038726  -0.019851  1.226365  1.352262  0.388006  1.000000  
172.369931 -0.000946  -0.034104  0.018459  0.601389  0.746450  0.284857  -0.791195  0.605983  0.082427  -0.111091  -0.274948  0.955020  -0.012015  0.039009  -0.020045  1.258887  1.386268  0.399408  1.000000  
172.371175 -0.000956  -0.034051  0.018434  0.601558  0.746253  0.285017  -0.791418  0.605241  0.085682  -0.108564  -0.277111  0.954685  -0.011837  0.039300  -0.019989  1.300795  1.431075  0.406744  1.000000  
172.372423 -0.000967  -0.033998  0.018412  0.601560  0.746183  0.285197  -0.791759  0.604334  0.088876  -0.106036  -0.279271  0.954340  -0.011858  0.039322  -0.019503  1.336403  1.471787  0.427411  1.000000  
172.373674 -0.000979  -0.033947  0.018393  0.601730  0.745979  0.285371  -0.791982  0.603528  0.092301  -0.103375  -0.281549  0.953962  -0.011843  0.039407  -0.019018  1.373076  1.514361  0.441834  1.000000  
172.374906 -0.000991  -0.033898  0.018373  0.601887  0.745756  0.285623  -0.792188  0.602739  0.095621  -0.100846  -0.283821  0.953560  -0.011849  0.039510  -0.018655  1.406629  1.553582  0.455620  1.000000  
172.375906 -0.001003  -0.033860  0.018356  0.602171  0.745458  0.285802  -0.792224  0.602261  0.098300  -0.098849  -0.285613  0.953234  -0.011836  0.039393  -0.018482  1.436040  1.585116  0.459561  1.000000  
172.376906 -0.001015  -0.033823  0.018340  0.602298  0.745274  0.286014  -0.792391  0.601579  0.101092  -0.096719  -0.287523  0.952878  -0.011740  0.039367  -0.018513  1.464579  1.610399  0.469193  1.000000  
172.378155 -0.001027  -0.033776  0.018315  0.602437  0.745000  0.286434  -0.792574  0.600776  0.104377  -0.094321  -0.289900  0.952398  -0.011249  0.039330  -0.018819  1.501335  1.639884  0.480733  1.000000  
172.379155 -0.001037  -0.033738  0.018295  0.602565  0.744810  0.286659  -0.792743  0.600031  0.107340  -0.092057  -0.291926  0.952000  -0.010989  0.039256  -0.019025  1.529828  1.673661  0.493165  1.000000  
172.380423 -0.001050  -0.033692  0.018268  0.602875  0.744431  0.286992  -0.792812  0.599282  0.110953  -0.089392  -0.294422  0.951486  -0.010386  0.039211  -0.019314  1.570811  1.712865  0.500672  1.000000  
172.381658 -0.001062  -0.033646  0.018241  0.603181  0.744055  0.287323  -0.792875  0.598518  0.114564  -0.086726  -0.296915  0.950958  -0.010153  0.039220  -0.019508  1.608406  1.748258  0.506971  1.000000  
172.382906 -0.001073  -0.033598  0.018215  0.603483  0.743648  0.287744  -0.792933  0.597726  0.118244  -0.084060  -0.299520  0.950380  -0.009830  0.039237  -0.019260  1.649859  1.779388  0.512750  1.000000  
172.383921 -0.001081  -0.033559  0.018197  0.603597  0.743433  0.288058  -0.793083  0.596920  0.121268  -0.081793  -0.301651  0.949903  -0.009691  0.039060  -0.018864  1.687589  1.814376  0.526409  1.000000  
172.385173 -0.001092  -0.033512  0.018178  0.603884  0.743008  0.288554  -0.793122  0.596132  0.124840  -0.079259  -0.304247  0.949290  -0.009592  0.038685  -0.018323  1.728807  1.836517  0.529772  1.000000  
172.386426 -0.001103  -0.033465  0.018160  0.604337  0.742452  0.289035  -0.793039  0.595434  0.128641  -0.076592  -0.306959  0.948636  -0.009683  0.038360  -0.017946  1.764681  1.858607  0.526213  1.000000  
172.387666 -0.001116  -0.033420  0.018140  0.604640  0.742098  0.289310  -0.793098  0.594467  0.132681  -0.073523  -0.309676  0.947995  -0.009824  0.037816  -0.017877  1.811936  1.899974  0.535791  1.000000  
172.388905 -0.001130  -0.033378  0.018118  0.605096  0.741531  0.289813  -0.793018  0.593636  0.136820  -0.070587  -0.312616  0.947253  -0.009971  0.037294  -0.017959  1.859577  1.934397  0.536564  1.000000  
172.389925 -0.001142  -0.033345  0.018099  0.605360  0.741164  0.290199  -0.793026  0.592852  0.140132  -0.068184  -0.314965  0.946651  -0.009948  0.036890  -0.018338  1.892330  1.962019  0.534598  1.000000  
172.391158 -0.001155  -0.033305  0.018072  0.605643  0.740726  0.290726  -0.793057  0.591833  0.144202  -0.065247  -0.317897  0.945877  -0.009949  0.036384  -0.018764  1.933591  1.988553  0.540615  1.000000  
172.392175 -0.001166  -0.033275  0.018048  0.606063  0.740208  0.291170  -0.792930  0.591155  0.147638  -0.062844  -0.320355  0.945211  -0.009922  0.035890  -0.019144  1.972229  2.009545  0.536903  1.000000  
172.393176 -0.001177  -0.033243  0.018028  0.606316  0.739815  0.291642  -0.792923  0.590312  0.151010  -0.060440  -0.322810  0.944532  -0.009908  0.035425  -0.019150  2.004759  2.037105  0.535509  1.000000  
172.394404 -0.001193  -0.033205  0.018003  0.606743  0.739240  0.292210  -0.792805  0.589429  0.155026  -0.057635  -0.325727  0.943706  -0.010171  0.035004  -0.019167  2.038892  2.058408  0.533596  1.000000  
172.395417 -0.001206  -0.033175  0.017985  0.607148  0.738705  0.292723  -0.792658  0.588744  0.158351  -0.055364  -0.328172  0.942994  -0.010382  0.034497  -0.018910  2.075717  2.081257  0.530477  1.000000  
172.396693 -0.001221  -0.033137  0.017963  0.607571  0.738093  0.293388  -0.792533  0.587752  0.162600  -0.052425  -0.331311  0.942064  -0.010610  0.033808  -0.018454  2.121023  2.106630  0.522720  1.000000  
172.397922 -0.001237  -0.033099  0.017943  0.608156  0.737392  0.293938  -0.792282  0.586855  0.167004  -0.049352  -0.334447  0.941122  -0.010999  0.033174  -0.018157  2.166190  2.140329  0.517576  1.000000  
172.399165 -0.001252  -0.033061  0.017921  0.608568  0.736754  0.294686  -0.792144  0.585799  0.171313  -0.046411  -0.337689  0.940113  -0.011339  0.032488  -0.018164  2.205474  2.155186  0.515209  1.000000  
172.400171 -0.001266  -0.033032  0.017903  0.608960  0.736187  0.295290  -0.791979  0.584972  0.174862  -0.044006  -0.340347  0.939270  -0.011606  0.032004  -0.018310  2.247474  2.174720  0.511269  1.000000  
172.401174 -0.001280  -0.033005  0.017884  0.609356  0.735715  0.295649  -0.791819  0.584079  0.178534  -0.041332  -0.342892  0.938465  -0.012001  0.031194  -0.018718  2.274239  2.198424  0.510875  1.000000  
172.402425 -0.001298  -0.032973  0.017856  0.609919  0.734961  0.296363  -0.791539  0.583057  0.183057  -0.038257  -0.346233  0.937368  -0.012339  0.030297  -0.019251  2.320113  2.222533  0.496700  1.000000  
172.403670 -0.001317  -0.032942  0.017827  0.610474  0.734146  0.297238  -0.791248  0.582025  0.187544  -0.035316  -0.349680  0.936203  -0.012668  0.029472  -0.019766  2.365554  2.236233  0.486641  1.000000  
172.404675 -0.001331  -0.032919  0.017803  0.611013  0.733437  0.297880  -0.790936  0.581258  0.191205  -0.032909  -0.352433  0.935258  -0.012876  0.028894  -0.020085  2.404715  2.254351  0.475125  1.000000  
172.405901 -0.001350  -0.032890  0.017773  0.611558  0.732558  0.298923  -0.790632  0.580134  0.195820  -0.029966  -0.356093  0.933970  -0.013207  0.028210  -0.020273  2.455583  2.270102  0.474975  1.000000  
172.406921 -0.001366  -0.032867  0.017752  0.612093  0.731879  0.299493  -0.790315  0.579230  0.199738  -0.027292  -0.358951  0.932957  -0.013582  0.027617  -0.020112  2.496713  2.298475  0.466938  1.000000  
172.408154 -0.001386  -0.032840  0.017726  0.612792  0.730918  0.300407  -0.789873  0.578171  0.204498  -0.024215  -0.362599  0.931631  -0.013960  0.026935  -0.020124  2.541594  2.320875  0.455447  1.000000  
172.409156 -0.001403  -0.032817  0.017708  0.613318  0.730247  0.300967  -0.789543  0.577226  0.208404  -0.021540  -0.365444  0.930584  -0.014195  0.026413  -0.019947  2.581440  2.341518  0.451622  1.000000  
172.410163 -0.001419  -0.032794  0.017690  0.613838  0.729579  0.301523  -0.789206  0.576264  0.212304  -0.018864  -0.368285  0.929522  -0.014469  0.025830  -0.020007  2.612827  2.362898  0.443688  1.000000  
172.411401 -0.001438  -0.032765  0.017666  0.614522  0.728663  0.302345  -0.788744  0.575093  0.217141  -0.015654  -0.371910  0.928137  -0.014771  0.025281  -0.020222  2.652485  2.383125  0.439601  1.000000  
172.412402 -0.001453  -0.032742  0.017645  0.615032  0.727901  0.303145  -0.788393  0.574077  0.221069  -0.013112  -0.374962  0.926948  -0.014829  0.024812  -0.020379  2.692404  2.400978  0.430962  1.000000  
172.413411 -0.001468  -0.032720  0.017623  0.615538  0.727209  0.303776  -0.788038  0.573029  0.225019  -0.010436  -0.377895  0.925790  -0.015026  0.024119  -0.020782  2.724776  2.422774  0.428396  1.000000  
172.414415 -0.001483  -0.032699  0.017599  0.616202  0.726404  0.304356  -0.787550  0.572112  0.229026  -0.007760  -0.380822  0.924616  -0.015178  0.023678  -0.021211  2.756340  2.443746  0.423638  1.000000  
172.415670 -0.001504  -0.032673  0.017569  0.617024  0.725348  0.305206  -0.786932  0.570896  0.234130  -0.004415  -0.384640  0.923056  -0.015535  0.023029  -0.021800  2.806081  2.475075  0.411602  1.000000  
172.416682 -0.001522  -0.032655  0.017545  0.617677  0.724410  0.306114  -0.786429  0.569889  0.238232  -0.001873  -0.387888  0.921705  -0.015659  0.022302  -0.021844  2.849137  2.488355  0.402105  1.000000  
172.417902 -0.001544  -0.032633  0.017516  0.618487  0.723286  0.307134  -0.785794  0.568487  0.243621  0.001606  -0.392020  0.919955  -0.015916  0.021838  -0.021899  2.900743  2.507920  0.392824  1.000000  
172.418902 -0.001562  -0.032615  0.017494  0.619129  0.722426  0.307865  -0.785278  0.567420  0.247735  0.004282  -0.395140  0.918611  -0.016177  0.021446  -0.021784  2.931593  2.523620  0.391905  1.000000  
172.419928 -0.001580  -0.032597  0.017473  0.619767  0.721466  0.308829  -0.784757  0.566386  0.251719  0.006690  -0.398363  0.917203  -0.016315  0.021017  -0.021527  2.977071  2.531066  0.376060  1.000000  
172.421161 -0.001604  -0.032575  0.017449  0.620719  0.720214  0.309838  -0.783970  0.565158  0.256880  0.009901  -0.402354  0.915431  -0.016642  0.020646  -0.021308  3.010601  2.550344  0.364459  1.000000  
172.422166 -0.001622  -0.032557  0.017428  0.621510  0.719112  0.310811  -0.783311  0.564268  0.260816  0.012175  -0.405561  0.913987  -0.016776  0.020285  -0.021209  3.042992  2.551808  0.347600  1.000000  
172.423174 -0.001640  -0.032539  0.017407  0.622294  0.718039  0.311722  -0.782643  0.563165  0.265170  0.014851  -0.408980  0.912422  -0.016855  0.020004  -0.021371  3.081830  2.568555  0.333259  1.000000  
172.424404 -0.001661  -0.032516  0.017379  0.623227  0.716727  0.312875  -0.781832  0.561784  0.270438  0.018062  -0.413160  0.910479  -0.016993  0.019648  -0.021728  3.138565  2.592208  0.325731  1.000000  
172.425408 -0.001677  -0.032498  0.017355  0.624160  0.715624  0.313539  -0.781021  0.560843  0.274702  0.020737  -0.416338  0.908973  -0.017001  0.019304  -0.022138  3.164929  2.612253  0.309886  1.000000  
172.426424 -0.001693  -0.032480  0.017330  0.624927  0.714566  0.314424  -0.780332  0.559664  0.279029  0.023413  -0.419728  0.907348  -0.017017  0.018881  -0.022380  3.207342  2.633527  0.299196  1.000000  
172.427679 -0.001714  -0.032458  0.017299  0.625998  0.713153  0.315499  -0.779365  0.558259  0.284492  0.026757  -0.423980  0.905276  -0.017166  0.018467  -0.022709  3.251172  2.648671  0.287218  1.000000  
172.428692 -0.001732  -0.032441  0.017274  0.626758  0.711995  0.316605  -0.778668  0.557081  0.288680  0.029164  -0.427462  0.903563  -0.017365  0.018091  -0.022765  3.284696  2.654436  0.276723  1.000000  
172.429902 -0.001756  -0.032421  0.017245  0.627820  0.710483  0.317893  -0.777691  0.555663  0.293999  0.032240  -0.431800  0.901393  -0.017691  0.017804  -0.022835  3.334672  2.670383  0.261786  1.000000  
172.430910 -0.001776  -0.032406  0.017223  0.628726  0.709293  0.318757  -0.776848  0.554570  0.298260  0.034781  -0.435150  0.899686  -0.017898  0.017528  -0.022673  3.370405  2.684451  0.245576  1.000000  
172.432162 -0.001802  -0.032387  0.017197  0.629772  0.707869  0.319858  -0.775851  0.553077  0.303582  0.037990  -0.439349  0.897513  -0.018101  0.017260  -0.022447  3.408282  2.693894  0.226448  1.000000  
172.433182 -0.001822  -0.032372  0.017176  0.630670  0.706613  0.320864  -0.774999  0.551939  0.307798  0.040396  -0.442788  0.895716  -0.018144  0.017034  -0.022275  3.434683  2.702229  0.218040  1.000000  
172.434428 -0.001846  -0.032351  0.017148  0.631860  0.705009  0.322048  -0.773855  0.550450  0.313295  0.043605  -0.447177  0.893382  -0.018231  0.016913  -0.022355  3.478945  2.721151  0.199922  1.000000  
172.435654 -0.001869  -0.032332  0.017119  0.633042  0.703413  0.323216  -0.772701  0.548921  0.318778  0.046812  -0.451548  0.891018  -0.018267  0.016799  -0.022615  3.513243  2.744079  0.184088  1.000000  
172.436657 -0.001886  -0.032316  0.017094  0.633922  0.702093  0.324358  -0.771829  0.547621  0.323096  0.049218  -0.455167  0.889045  -0.018218  0.016693  -0.022966  3.541840  2.742767  0.171581  1.000000  
172.437670 -0.001904  -0.032300  0.017068  0.634961  0.700585  0.325583  -0.770826  0.546448  0.327447  0.051490  -0.458884  0.887003  -0.018219  0.016522  -0.023369  3.579061  2.743482  0.152322  1.000000  
172.438673 -0.001920  -0.032284  0.017041  0.635986  0.699160  0.326646  -0.769807  0.545154  0.331971  0.054028  -0.462584  0.884928  -0.018140  0.016387  -0.023687  3.621294  2.754708  0.136993  1.000000  
172.439675 -0.001938  -0.032268  0.017015  0.637010  0.697778  0.327604  -0.768787  0.543961  0.336263  0.056433  -0.466060  0.882952  -0.018231  0.016205  -0.023888  3.642438  2.755076  0.117259  1.000000  
172.440676 -0.001955  -0.032252  0.016988  0.638033  0.696361  0.328625  -0.767768  0.542792  0.340454  0.058704  -0.469529  0.880963  -0.018298  0.016130  -0.024089  3.674959  2.755682  0.096899  1.000000  
172.441914 -0.001978  -0.032233  0.016956  0.639347  0.694407  0.330204  -0.766455  0.541189  0.345922  0.061509  -0.474250  0.878239  -0.018514  0.015851  -0.024084  3.721235  2.762798  0.074892  1.000000  
172.443166 -0.002002  -0.032214  0.016924  0.640652  0.692458  0.331763  -0.765133  0.539543  0.351376  0.064313  -0.478952  0.875482  -0.018561  0.015694  -0.024111  3.766928  2.764141  0.050905  1.000000  
172.444183 -0.002022  -0.032200  0.016900  0.641821  0.690821  0.332914  -0.763970  0.538393  0.355645  0.066449  -0.482597  0.873318  -0.018657  0.015523  -0.024164  3.797577  2.755606  0.026594  1.000000  
172.445404 -0.002046  -0.032181  0.016868  0.643107  0.688964  0.334279  -0.762626  0.536666  0.361096  0.069386  -0.487153  0.870556  -0.018675  0.015491  -0.024450  3.838483  2.758800  0.008959  1.000000  
172.446650 -0.002070  -0.032163  0.016834  0.644553  0.686877  0.335784  -0.761156  0.535096  0.366487  0.072055  -0.491804  0.867719  -0.018594  0.015439  -0.024934  3.868783  2.759467  -0.013766  1.000000  
172.447650 -0.002087  -0.032148  0.016807  0.645705  0.685171  0.337055  -0.759975  0.533766  0.370854  0.074190  -0.495616  0.865367  -0.018360  0.015435  -0.025369  3.889066  2.748873  -0.036967  1.000000  
172.448662 -0.002105  -0.032132  0.016777  0.646844  0.683552  0.338155  -0.758780  0.532402  0.375235  0.076458  -0.499304  0.863047  -0.018190  0.015422  -0.025883  3.919702  2.747943  -0.059895  1.000000  
172.449907 -0.002125  -0.032112  0.016739  0.648426  0.681288  0.339692  -0.757155  0.530772  0.380786  0.079126  -0.504111  0.860006  -0.017991  0.015481  -0.026542  3.958483  2.757807  -0.085584  1.000000  
172.451180 -0.002144  -0.032092  0.016702  0.649843  0.679097  0.341367  -0.755655  0.528910  0.386315  0.081793  -0.509000  0.856872  -0.017779  0.015441  -0.026939  4.000260  2.754222  -0.105560  1.000000  
172.452415 -0.002164  -0.032071  0.016665  0.651259  0.676908  0.343012  -0.754156  0.527104  0.391677  0.084327  -0.513768  0.853775  -0.017632  0.015520  -0.027275  4.037877  2.752895  -0.124257  1.000000  
172.453672 -0.002184  -0.032051  0.016628  0.652675  0.674803  0.344464  -0.752658  0.525451  0.396746  0.086726  -0.518210  0.850845  -0.017564  0.015544  -0.027508  4.053083  2.735138  -0.143250  1.000000  
172.454919 -0.002204  -0.032030  0.016593  0.654076  0.672623  0.346067  -0.751144  0.523562  0.402076  0.089259  -0.522934  0.847687  -0.017430  0.015559  -0.027670  4.090994  2.727245  -0.158101  1.000000  
172.456177 -0.002224  -0.032010  0.016556  0.655640  0.670205  0.347794  -0.749506  0.521826  0.407355  0.091524  -0.527752  0.844453  -0.017282  0.015567  -0.028001  4.125002  2.712214  -0.191181  1.000000  
172.457405 -0.002245  -0.031991  0.016518  0.657197  0.667791  0.349497  -0.747861  0.520047  0.412619  0.093789  -0.532547  0.841188  -0.017168  0.015609  -0.028390  4.156387  2.696901  -0.213155  1.000000  
172.458423 -0.002261  -0.031976  0.016487  0.658464  0.665876  0.350762  -0.746509  0.518620  0.416843  0.095653  -0.536323  0.838575  -0.016886  0.015646  -0.028858  4.178801  2.695393  -0.239682  1.000000  
172.459660 -0.002281  -0.031956  0.016445  0.660151  0.663367  0.352341  -0.744705  0.516796  0.422298  0.098050  -0.541171  0.835177  -0.016628  0.015760  -0.029475  4.204919  2.691122  -0.265811  1.000000  
172.460671 -0.002295  -0.031939  0.016412  0.661416  0.661325  0.353805  -0.743352  0.515258  0.426540  0.099781  -0.545122  0.832397  -0.016257  0.015901  -0.029974  4.236622  2.678700  -0.285344  1.000000  
172.461917 -0.002312  -0.031918  0.016368  0.663097  0.658819  0.355330  -0.741545  0.513460  0.431821  0.102044  -0.549833  0.829018  -0.015804  0.016151  -0.030682  4.267476  2.670446  -0.316636  1.000000  
172.463170 -0.002328  -0.031896  0.016325  0.664780  0.656182  0.357062  -0.739740  0.511569  0.437128  0.104174  -0.554727  0.825485  -0.015503  0.016257  -0.031134  4.300649  2.664148  -0.340852  1.000000  
172.464403 -0.002344  -0.031874  0.016282  0.666464  0.653498  0.358841  -0.737939  0.509689  0.442338  0.106169  -0.559605  0.821931  -0.015145  0.016457  -0.031512  4.332544  2.646163  -0.370005  1.000000  
172.465414 -0.002357  -0.031856  0.016248  0.667866  0.651355  0.360128  -0.736438  0.508262  0.446462  0.107766  -0.563389  0.819133  -0.014928  0.016609  -0.031787  4.350404  2.627350  -0.398872  1.000000  
172.466415 -0.002369  -0.031836  0.016215  0.669263  0.649213  0.361398  -0.734933  0.506807  0.450578  0.109362  -0.567158  0.816316  -0.014699  0.016746  -0.031944  4.365675  2.620285  -0.424613  1.000000  
172.467662 -0.002385  -0.031814  0.016173  0.671078  0.646390  0.363090  -0.732976  0.504893  0.455883  0.111357  -0.572070  0.812610  -0.014477  0.016904  -0.032316  4.389148  2.615492  -0.447243  1.000000  
172.468916 -0.002401  -0.031791  0.016130  0.672905  0.643465  0.364899  -0.731034  0.503047  0.461014  0.113085  -0.576972  0.808897  -0.014191  0.017076  -0.032828  4.415284  2.593250  -0.487165  1.000000  
172.470176 -0.002417  -0.031768  0.016085  0.674575  0.640689  0.366696  -0.729224  0.501081  0.465994  0.114813  -0.581752  0.805222  -0.013874  0.017221  -0.033375  4.441660  2.569752  -0.511032  1.000000  
172.471413 -0.002432  -0.031745  0.016038  0.676087  0.637973  0.368640  -0.727547  0.498886  0.470945  0.116541  -0.586603  0.801446  -0.013593  0.017387  -0.034045  4.469523  2.549892  -0.520740  1.000000  
172.472658 -0.002447  -0.031722  0.015990  0.677903  0.634955  0.370513  -0.725597  0.496911  0.476013  0.118135  -0.591534  0.797579  -0.013248  0.017650  -0.034705  4.490050  2.534798  -0.556873  1.000000  
172.473666 -0.002458  -0.031704  0.015950  0.679287  0.632675  0.371876  -0.724084  0.495317  0.479962  0.119464  -0.595301  0.794572  -0.012912  0.017836  -0.035283  4.500681  2.523542  -0.569740  1.000000  
172.474671 -0.002470  -0.031685  0.015911  0.680826  0.630195  0.373270  -0.722439  0.493826  0.483961  0.120659  -0.599158  0.791486  -0.012534  0.018085  -0.035683  4.524039  2.507345  -0.594709  1.000000  
172.475901 -0.002483  -0.031659  0.015862  0.682623  0.627179  0.375063  -0.720472  0.491738  0.488992  0.122253  -0.604020  0.787537  -0.012276  0.018458  -0.036144  4.547971  2.490738  -0.626811  1.000000  
172.476902 -0.002493  -0.031639  0.015823  0.684151  0.624701  0.376413  -0.718817  0.490185  0.492971  0.123448  -0.607838  0.784406  -0.012086  0.018635  -0.036372  4.567067  2.480871  -0.650163  1.000000  
172.477904 -0.002503  -0.031618  0.015785  0.685526  0.622371  0.377768  -0.717299  0.488536  0.496804  0.124643  -0.611545  0.781330  -0.011816  0.018879  -0.036686  4.573118  2.460723  -0.669657  1.000000  
