1-Time 2-Px 3-Py 4-Pz 5-R11 6-R21 7-R31 8-R12 9-R22 10-R32 11-R13 12-R23 13-R33 14-Vx 15-Vy 16-Vz 17-Wx 18-Wy 19-Wz 20-state
39.761122 -0.000187  -0.026407  0.009336  0.386381  0.793489  0.470196  -0.880315  0.469385  -0.068727  -0.275237  -0.387366  0.879882  0.002130  0.001667  -0.002618  0.309372  -0.110103  -0.062383  1.000000  
39.762196 -0.000185  -0.026403  0.009333  0.386366  0.793411  0.470340  -0.880281  0.469441  -0.068778  -0.275366  -0.387458  0.879801  0.002162  0.005054  -0.003961  0.305162  -0.114162  -0.064167  1.000000  
39.763427 -0.000175  -0.026385  0.009321  0.386170  0.793316  0.470662  -0.880327  0.469350  -0.068812  -0.275494  -0.387763  0.879626  0.006061  0.010723  -0.007285  0.299391  -0.116864  -0.058157  1.000000  
39.764673 -0.000162  -0.026360  0.009305  0.386155  0.793181  0.470901  -0.880293  0.469414  -0.068806  -0.275623  -0.387962  0.879499  0.007768  0.014274  -0.009530  0.295349  -0.116860  -0.058198  1.000000  
39.765682 -0.000154  -0.026344  0.009295  0.386140  0.793103  0.471045  -0.880259  0.469470  -0.068856  -0.275752  -0.388053  0.879418  0.007711  0.014737  -0.009576  0.291244  -0.116837  -0.058213  1.000000  
39.766935 -0.000148  -0.026328  0.009287  0.386126  0.793025  0.471188  -0.880226  0.469526  -0.068907  -0.275880  -0.388145  0.879337  0.007031  0.014299  -0.008884  0.278929  -0.116782  -0.058230  1.000000  
39.767943 -0.000144  -0.026314  0.009281  0.385929  0.793101  0.471221  -0.880271  0.469410  -0.069112  -0.276009  -0.388130  0.879303  0.006564  0.014179  -0.008375  0.268814  -0.119404  -0.052135  1.000000  
39.769169 -0.000138  -0.026292  0.009273  0.385915  0.793023  0.471365  -0.880237  0.469466  -0.069163  -0.276137  -0.388222  0.879222  0.006303  0.014865  -0.008054  0.256803  -0.119484  -0.052214  1.000000  
39.770434 -0.000134  -0.026268  0.009261  0.385719  0.793041  0.471494  -0.880283  0.469359  -0.069311  -0.276266  -0.388314  0.879141  0.005860  0.015367  -0.008320  0.244779  -0.124765  -0.040040  1.000000  
39.771434 -0.000131  -0.026250  0.009250  0.385523  0.793060  0.471623  -0.880329  0.469252  -0.069458  -0.276395  -0.388405  0.879060  0.005520  0.015655  -0.008554  0.234718  -0.131532  -0.035777  1.000000  
39.772672 -0.000127  -0.026228  0.009237  0.385523  0.793003  0.471719  -0.880329  0.469260  -0.069402  -0.276395  -0.388512  0.879013  0.005345  0.015916  -0.008798  0.226655  -0.127456  -0.034020  1.000000  
39.773677 -0.000122  -0.026208  0.009226  0.385523  0.792945  0.471815  -0.880329  0.469269  -0.069345  -0.276395  -0.388619  0.878966  0.005263  0.016184  -0.008922  0.222596  -0.123341  -0.032242  1.000000  
39.774685 -0.000116  -0.026188  0.009216  0.385523  0.792831  0.472008  -0.880329  0.469285  -0.069231  -0.276395  -0.388832  0.878872  0.005308  0.016522  -0.009062  0.218401  -0.119148  -0.030458  1.000000  
39.775695 -0.000110  -0.026164  0.009201  0.385523  0.792774  0.472104  -0.880329  0.469294  -0.069174  -0.276395  -0.388939  0.878825  0.005347  0.016991  -0.009470  0.000000  0.000000  0.000000  1.000000  
39.776924 -0.000098  -0.026130  0.009179  0.385508  0.792696  0.472247  -0.880295  0.469350  -0.069225  -0.276523  -0.389030  0.878744  0.005803  0.018276  -0.010369  0.000000  0.000000  0.000000  1.000000  
39.777925 -0.000085  -0.026098  0.009159  0.385493  0.792560  0.472487  -0.880261  0.469414  -0.069218  -0.276652  -0.389228  0.878615  0.006311  0.019733  -0.011169  0.000000  0.000000  0.000000  1.000000  
39.779164 -0.000067  -0.026057  0.009139  0.385463  0.792461  0.472677  -0.880193  0.469518  -0.069377  -0.276909  -0.389305  0.878500  0.006648  0.020868  -0.011561  0.000000  0.000000  0.000000  1.000000  
39.780168 -0.000056  -0.026027  0.009125  0.385629  0.792343  0.472739  -0.880080  0.469729  -0.069387  -0.277038  -0.389290  0.878467  0.006737  0.021679  -0.011613  0.000000  0.000000  0.000000  1.000000  
39.781416 -0.000049  -0.025991  0.009114  0.385629  0.792343  0.472739  -0.880080  0.469729  -0.069387  -0.277038  -0.389290  0.878467  0.006725  0.022847  -0.011711  0.000000  0.000000  0.000000  1.000000  
39.782417 -0.000044  -0.025963  0.009104  0.385796  0.792168  0.472896  -0.879966  0.469948  -0.069341  -0.277166  -0.389381  0.878385  0.006780  0.023933  -0.012013  0.000000  0.000000  0.000000  1.000000  
39.783665 -0.000036  -0.025925  0.009089  0.385766  0.792184  0.472895  -0.879898  0.470035  -0.069613  -0.277423  -0.389245  0.878365  0.006914  0.025086  -0.012583  0.000000  0.000000  0.000000  1.000000  
39.784915 -0.000025  -0.025886  0.009069  0.385736  0.792142  0.472989  -0.879830  0.470131  -0.069828  -0.277680  -0.389215  0.878297  0.007365  0.026148  -0.013150  0.000000  0.000000  0.000000  1.000000  
39.785921 -0.000017  -0.025857  0.009053  0.385902  0.792024  0.473050  -0.879717  0.470341  -0.069838  -0.277809  -0.389200  0.878263  0.007687  0.026815  -0.013555  0.000000  0.000000  0.000000  1.000000  
39.787165 -0.000009  -0.025821  0.009033  0.385872  0.791983  0.473145  -0.879649  0.470437  -0.070054  -0.278066  -0.389170  0.878195  0.007944  0.027685  -0.013961  0.000000  0.000000  0.000000  1.000000  
39.788165 -0.000002  -0.025793  0.009019  0.386039  0.791922  0.473110  -0.879535  0.470639  -0.070121  -0.278194  -0.389048  0.878208  0.008135  0.028346  -0.014204  0.000000  0.000000  0.000000  1.000000  
39.789165 0.000007  -0.025761  0.009005  0.386024  0.791901  0.473158  -0.879501  0.470687  -0.070228  -0.278323  -0.389033  0.878174  0.008400  0.029170  -0.014389  0.000000  0.000000  0.000000  1.000000  
39.790182 0.000017  -0.025727  0.008991  0.386190  0.791726  0.473315  -0.879387  0.470906  -0.070181  -0.278451  -0.389124  0.878093  0.008701  0.030024  -0.014479  0.000000  0.000000  0.000000  1.000000  
39.791438 0.000031  -0.025684  0.008974  0.386160  0.791627  0.473506  -0.879319  0.471010  -0.070339  -0.278708  -0.389201  0.877978  0.008958  0.030732  -0.014190  0.000000  0.000000  0.000000  1.000000  
39.792672 0.000044  -0.025642  0.008959  0.386311  0.791430  0.473711  -0.879171  0.471276  -0.070400  -0.278965  -0.389277  0.877862  0.008786  0.030935  -0.013564  0.000000  0.000000  0.000000  1.000000  
39.793672 0.000052  -0.025610  0.008950  0.386462  0.791234  0.473916  -0.879023  0.471543  -0.070460  -0.279222  -0.389353  0.877747  0.008281  0.030866  -0.013005  0.000000  0.000000  0.000000  1.000000  
39.794916 0.000058  -0.025571  0.008938  0.386432  0.791135  0.474106  -0.878955  0.471647  -0.070618  -0.279479  -0.389429  0.877631  0.007850  0.030867  -0.012711  0.000000  0.000000  0.000000  1.000000  
39.795918 0.000060  -0.025543  0.008928  0.386582  0.790938  0.474311  -0.878807  0.471914  -0.070678  -0.279736  -0.389505  0.877515  0.007449  0.030868  -0.012751  0.000000  0.000000  0.000000  1.000000  
39.797170 0.000062  -0.025509  0.008911  0.386733  0.790741  0.474516  -0.878659  0.472181  -0.070738  -0.279993  -0.389581  0.877400  0.007192  0.030763  -0.013054  0.000000  0.000000  0.000000  1.000000  
39.798415 0.000066  -0.025473  0.008891  0.386884  0.790544  0.474722  -0.878511  0.472448  -0.070798  -0.280250  -0.389657  0.877284  0.006945  0.030615  -0.013429  0.000000  0.000000  0.000000  1.000000  
39.799666 0.000071  -0.025437  0.008868  0.387019  0.790326  0.474974  -0.878328  0.472762  -0.070965  -0.280635  -0.389718  0.877134  0.006541  0.030424  -0.013599  0.000000  0.000000  0.000000  1.000000  
39.800915 0.000075  -0.025402  0.008848  0.386989  0.790227  0.475164  -0.878259  0.472866  -0.071123  -0.280892  -0.389794  0.877018  0.006152  0.030369  -0.013637  0.000000  0.000000  0.000000  1.000000  
39.801919 0.000076  -0.025375  0.008834  0.387155  0.790108  0.475226  -0.878145  0.473077  -0.071132  -0.281021  -0.389779  0.876984  0.005793  0.030246  -0.013519  0.000000  0.000000  0.000000  1.000000  
39.803165 0.000080  -0.025340  0.008819  0.387305  0.789969  0.475336  -0.877997  0.473335  -0.071249  -0.281277  -0.389748  0.876915  0.005429  0.030140  -0.013319  0.000000  0.000000  0.000000  1.000000  
39.804166 0.000087  -0.025309  0.008808  0.387455  0.789772  0.475541  -0.877848  0.473601  -0.071308  -0.281534  -0.389824  0.876799  0.005254  0.030027  -0.013146  0.000000  0.000000  0.000000  1.000000  
39.805417 0.000097  -0.025267  0.008793  0.387606  0.789574  0.475746  -0.877699  0.473868  -0.071368  -0.281791  -0.389900  0.876683  0.005131  0.030143  -0.013001  0.000000  0.000000  0.000000  1.000000  
39.806666 0.000104  -0.025226  0.008778  0.387952  0.789300  0.475919  -0.877505  0.474249  -0.071221  -0.281919  -0.389991  0.876601  0.004668  0.029995  -0.012846  0.000000  0.000000  0.000000  1.000000  
39.807676 0.000107  -0.025197  0.008766  0.388117  0.789181  0.475981  -0.877391  0.474460  -0.071231  -0.282048  -0.389975  0.876566  0.004122  0.029613  -0.012912  0.000000  0.000000  0.000000  1.000000  
39.808918 0.000108  -0.025163  0.008749  0.388267  0.788984  0.476186  -0.877242  0.474726  -0.071290  -0.282304  -0.390051  0.876450  0.003622  0.029253  -0.013235  0.000000  0.000000  0.000000  1.000000  
39.809924 0.000109  -0.025136  0.008735  0.388613  0.788709  0.476359  -0.877047  0.475107  -0.071143  -0.282433  -0.390142  0.876368  0.003359  0.028981  -0.013642  0.000000  0.000000  0.000000  1.000000  
39.811173 0.000108  -0.025103  0.008712  0.388959  0.788435  0.476531  -0.876853  0.475488  -0.070997  -0.282561  -0.390233  0.876286  0.003225  0.028886  -0.014228  0.103728  -0.117366  -0.212030  1.000000  
39.812422 0.000108  -0.025068  0.008688  0.389124  0.788316  0.476593  -0.876738  0.475698  -0.071006  -0.282689  -0.390217  0.876252  0.003077  0.028934  -0.014550  0.099687  -0.113254  -0.210215  1.000000  
39.813431 0.000108  -0.025041  0.008670  0.389304  0.788160  0.476703  -0.876658  0.475869  -0.070850  -0.282689  -0.390324  0.876204  0.002796  0.028870  -0.014611  0.109748  -0.106412  -0.214381  1.000000  
39.814666 0.000109  -0.025005  0.008649  0.389665  0.787906  0.476828  -0.876497  0.476202  -0.070596  -0.282689  -0.390430  0.876157  0.002510  0.028808  -0.014639  0.117782  -0.092844  -0.222985  1.000000  
39.815923 0.000109  -0.024969  0.008630  0.390042  0.787731  0.476809  -0.876371  0.476479  -0.070292  -0.282561  -0.390445  0.876192  0.002326  0.028832  -0.014550  0.119685  -0.081902  -0.225336  1.000000  
39.817165 0.000111  -0.024931  0.008611  0.390402  0.787535  0.476838  -0.876211  0.476803  -0.070096  -0.282561  -0.390445  0.876192  0.002249  0.029181  -0.014709  0.127708  -0.068333  -0.233893  1.000000  
39.818415 0.000114  -0.024890  0.008591  0.390598  0.787400  0.476901  -0.876165  0.476926  -0.069833  -0.282433  -0.390567  0.876179  0.002120  0.029435  -0.015070  0.131800  -0.060105  -0.230270  1.000000  
39.819665 0.000121  -0.024848  0.008568  0.390974  0.787225  0.476882  -0.876038  0.477203  -0.069529  -0.282304  -0.390582  0.876213  0.001997  0.029634  -0.015623  0.130487  -0.046080  -0.236738  1.000000  
39.820665 0.000125  -0.024814  0.008548  0.391185  0.787169  0.476800  -0.876027  0.477269  -0.069217  -0.282048  -0.390613  0.876282  0.001696  0.029569  -0.016198  0.130576  -0.029798  -0.229649  1.000000  
39.821915 0.000127  -0.024775  0.008522  0.391577  0.787073  0.476637  -0.875935  0.477489  -0.068865  -0.281791  -0.390537  0.876399  0.001453  0.029559  -0.016854  0.124351  -0.010803  -0.228316  1.000000  
39.823165 0.000126  -0.024739  0.008494  0.392164  0.786842  0.476536  -0.875796  0.477832  -0.068249  -0.281406  -0.390583  0.876502  0.001199  0.029636  -0.017704  0.126070  0.017624  -0.237333  1.000000  
39.824183 0.000124  -0.024708  0.008472  0.392555  0.786746  0.476373  -0.875703  0.478053  -0.067897  -0.281149  -0.390508  0.876618  0.001050  0.029945  -0.018267  0.116748  0.036902  -0.237912  1.000000  
39.825421 0.000122  -0.024669  0.008449  0.392962  0.786613  0.476257  -0.875644  0.478234  -0.067380  -0.280764  -0.390554  0.876721  0.000934  0.030299  -0.018521  0.114686  0.064301  -0.233170  1.000000  
39.826673 0.000120  -0.024630  0.008426  0.393353  0.786459  0.476188  -0.875551  0.478462  -0.066970  -0.280507  -0.390584  0.876790  0.000837  0.030674  -0.018414  0.114443  0.086121  -0.237902  1.000000  
39.827926 0.000117  -0.024592  0.008405  0.393940  0.786228  0.476085  -0.875410  0.478805  -0.066355  -0.280122  -0.390630  0.876892  0.000649  0.030909  -0.018272  0.114211  0.112063  -0.240868  1.000000  
39.829174 0.000114  -0.024553  0.008384  0.394527  0.786054  0.475886  -0.875269  0.479139  -0.065798  -0.279736  -0.390569  0.877042  0.000413  0.031139  -0.018168  0.109919  0.138004  -0.243876  1.000000  
39.830418 0.000114  -0.024511  0.008363  0.395129  0.785902  0.475638  -0.875162  0.479426  -0.065134  -0.279222  -0.390524  0.877226  0.000368  0.031547  -0.018306  0.109706  0.168079  -0.245127  1.000000  
39.831665 0.000117  -0.024466  0.008341  0.395716  0.785670  0.475533  -0.875020  0.479769  -0.064519  -0.278837  -0.390569  0.877329  0.000415  0.032020  -0.018514  0.108599  0.192472  -0.246118  1.000000  
39.832665 0.000121  -0.024430  0.008321  0.396302  0.785496  0.475332  -0.874877  0.480103  -0.063963  -0.278451  -0.390508  0.877478  0.000582  0.032356  -0.018823  0.109269  0.219992  -0.251165  1.000000  
39.833667 0.000124  -0.024395  0.008301  0.396888  0.785322  0.475131  -0.874734  0.480438  -0.063407  -0.278066  -0.390447  0.877628  0.000542  0.032488  -0.019058  0.104969  0.245946  -0.254180  1.000000  
39.834915 0.000126  -0.024352  0.008275  0.397655  0.785106  0.474847  -0.874508  0.480927  -0.062812  -0.277680  -0.390280  0.877824  0.000226  0.032425  -0.019210  0.098496  0.270465  -0.265103  1.000000  
39.835917 0.000127  -0.024319  0.008256  0.398241  0.784931  0.474644  -0.874364  0.481261  -0.062256  -0.277295  -0.390219  0.877973  0.000011  0.032440  -0.019121  0.098262  0.296389  -0.268124  1.000000  
39.837165 0.000126  -0.024280  0.008232  0.399007  0.784715  0.474358  -0.874137  0.481750  -0.061662  -0.276909  -0.390051  0.878170  -0.000062  0.032585  -0.018885  0.091103  0.318532  -0.276991  1.000000  
39.838165 0.000123  -0.024249  0.008216  0.399773  0.784498  0.474072  -0.873909  0.482239  -0.061067  -0.276523  -0.389883  0.878366  -0.000189  0.032641  -0.018547  0.084610  0.342641  -0.287657  1.000000  
39.839165 0.000122  -0.024217  0.008200  0.400539  0.784223  0.473880  -0.873680  0.482735  -0.060415  -0.276137  -0.389821  0.878514  -0.000110  0.032772  -0.018174  0.084345  0.364287  -0.292491  1.000000  
39.840182 0.000120  -0.024185  0.008186  0.401304  0.784006  0.473592  -0.873451  0.483224  -0.059822  -0.275752  -0.389653  0.878710  -0.000125  0.032767  -0.017823  0.078515  0.391654  -0.305729  1.000000  
39.841186 0.000120  -0.024152  0.008170  0.402085  0.783752  0.473350  -0.873254  0.483673  -0.059063  -0.275237  -0.389606  0.878892  -0.000008  0.032894  -0.017607  0.074123  0.417539  -0.308721  1.000000  
39.842438 0.000119  -0.024112  0.008151  0.403045  0.783514  0.472928  -0.872973  0.484269  -0.058325  -0.274723  -0.389346  0.879169  0.000040  0.033009  -0.017450  0.065436  0.448784  -0.323917  1.000000  
39.843673 0.000119  -0.024071  0.008132  0.404006  0.783217  0.472600  -0.872691  0.484872  -0.057529  -0.274208  -0.389192  0.879397  0.000235  0.033191  -0.017360  0.062961  0.473462  -0.335053  1.000000  
39.844921 0.000120  -0.024029  0.008112  0.405160  0.782842  0.472233  -0.872357  0.485589  -0.056529  -0.273565  -0.389053  0.879659  0.000403  0.033280  -0.017311  0.058265  0.504811  -0.350311  1.000000  
39.846167 0.000123  -0.023984  0.008092  0.406299  0.782444  0.471914  -0.871989  0.486354  -0.055637  -0.273050  -0.388898  0.879887  0.000423  0.033237  -0.017145  0.057634  0.527982  -0.369303  1.000000  
39.847418 0.000127  -0.023941  0.008072  0.407454  0.782124  0.471448  -0.871652  0.487064  -0.054698  -0.272406  -0.388652  0.880196  0.000477  0.033206  -0.016939  0.054356  0.553534  -0.389504  1.000000  
39.848667 0.000128  -0.023899  0.008056  0.408607  0.781747  0.471076  -0.871312  0.487782  -0.053701  -0.271762  -0.388512  0.880457  0.000233  0.033004  -0.016235  0.049983  0.585087  -0.409662  1.000000  
39.849919 0.000126  -0.023859  0.008040  0.409760  0.781425  0.470607  -0.870971  0.488492  -0.052763  -0.271118  -0.388265  0.880764  -0.000051  0.032826  -0.015568  0.047076  0.614915  -0.432908  1.000000  
39.851165 0.000123  -0.023821  0.008025  0.411108  0.781025  0.470096  -0.870577  0.489317  -0.051624  -0.270346  -0.388032  0.881104  -0.000240  0.032713  -0.014969  0.048139  0.644851  -0.456328  1.000000  
39.852415 0.000121  -0.023781  0.008010  0.412439  0.780658  0.469539  -0.870146  0.490183  -0.050651  -0.269702  -0.387677  0.881458  -0.000286  0.032733  -0.014511  0.040711  0.664993  -0.477510  1.000000  
39.853419 0.000119  -0.023750  0.007998  0.413412  0.780435  0.469054  -0.869884  0.490734  -0.049814  -0.269057  -0.387429  0.881764  -0.000310  0.032723  -0.014156  0.033893  0.681592  -0.492566  1.000000  
39.854668 0.000117  -0.023709  0.007982  0.414758  0.780088  0.468442  -0.869482  0.491554  -0.048737  -0.268284  -0.387087  0.882149  -0.000295  0.032847  -0.014002  0.028910  0.708440  -0.509774  1.000000  
39.855922 0.000115  -0.023666  0.007964  0.416104  0.779740  0.467827  -0.869078  0.492374  -0.047662  -0.267511  -0.386746  0.882534  -0.000343  0.032971  -0.014012  0.021673  0.733546  -0.534558  1.000000  
39.857174 0.000115  -0.023622  0.007945  0.417464  0.779414  0.467159  -0.868702  0.493149  -0.046482  -0.266608  -0.386418  0.882950  -0.000331  0.033200  -0.014021  0.014413  0.767166  -0.556021  1.000000  
39.858178 0.000115  -0.023588  0.007931  0.418451  0.779210  0.466616  -0.868465  0.493655  -0.045542  -0.265834  -0.386182  0.883287  -0.000271  0.033299  -0.013928  0.009658  0.791005  -0.567568  1.000000  
39.859424 0.000115  -0.023544  0.007914  0.419810  0.778882  0.465943  -0.868085  0.494430  -0.044365  -0.264931  -0.385853  0.883702  -0.000298  0.033462  -0.013710  0.000272  0.814076  -0.586883  1.000000  
39.860425 0.000115  -0.023508  0.007902  0.420796  0.778677  0.465395  -0.867843  0.494937  -0.043427  -0.264157  -0.385616  0.884037  -0.000465  0.033468  -0.013387  -0.004582  0.835684  -0.592043  1.000000  
39.861674 0.000113  -0.023463  0.007888  0.422185  0.778392  0.464614  -0.867521  0.495620  -0.042039  -0.262995  -0.385314  0.884515  -0.000861  0.033592  -0.013054  -0.010077  0.866924  -0.607834  1.000000  
39.862921 0.000110  -0.023420  0.007875  0.423589  0.778184  0.463683  -0.867227  0.496254  -0.040607  -0.261704  -0.384918  0.885070  -0.001217  0.033594  -0.012746  -0.021564  0.903764  -0.614056  1.000000  
39.864173 0.000105  -0.023379  0.007862  0.424992  0.777920  0.462842  -0.866930  0.496893  -0.039117  -0.260413  -0.384627  0.885577  -0.001501  0.033599  -0.012465  -0.027207  0.939029  -0.628056  1.000000  
39.865174 0.000102  -0.023346  0.007850  0.426185  0.777711  0.462094  -0.866654  0.497466  -0.037935  -0.259379  -0.384308  0.886019  -0.001560  0.033729  -0.012387  -0.034497  0.971620  -0.635947  1.000000  
39.866422 0.000098  -0.023304  0.007835  0.427781  0.777421  0.461107  -0.866292  0.498217  -0.036307  -0.257957  -0.383922  0.886601  -0.001619  0.033945  -0.012394  -0.042148  1.008375  -0.642323  1.000000  
39.867672 0.000095  -0.023260  0.007818  0.429375  0.777186  0.460021  -0.865925  0.498965  -0.034741  -0.256535  -0.383427  0.887228  -0.001736  0.034247  -0.012621  -0.052069  1.047699  -0.654869  1.000000  
39.868923 0.000092  -0.023215  0.007801  0.430806  0.777074  0.458871  -0.865673  0.499509  -0.033166  -0.254983  -0.382944  0.887884  -0.001727  0.034538  -0.012740  -0.065719  1.089912  -0.651641  1.000000  
39.870173 0.000091  -0.023170  0.007784  0.432413  0.776859  0.457722  -0.865328  0.500216  -0.031499  -0.253430  -0.382459  0.888537  -0.001686  0.034786  -0.012699  -0.075142  1.128597  -0.655535  1.000000  
39.871423 0.000090  -0.023123  0.007769  0.434035  0.776665  0.456515  -0.865007  0.500878  -0.029728  -0.251747  -0.381985  0.889219  -0.001674  0.035036  -0.012437  -0.087140  1.168847  -0.660214  1.000000  
39.872673 0.000091  -0.023075  0.007754  0.436026  0.776341  0.455166  -0.864531  0.501814  -0.027727  -0.249934  -0.381415  0.889975  -0.001574  0.035377  -0.012268  -0.102361  1.226142  -0.675027  1.000000  
39.873676 0.000090  -0.023038  0.007743  0.437422  0.776178  0.454103  -0.864200  0.502458  -0.026374  -0.248638  -0.380899  0.890559  -0.001681  0.035539  -0.012006  -0.115995  1.259937  -0.675460  1.000000  
39.874919 0.000089  -0.022991  0.007731  0.439025  0.776012  0.452839  -0.863833  0.503169  -0.024778  -0.247083  -0.380299  0.891248  -0.001730  0.035713  -0.011820  -0.129302  1.292691  -0.681017  1.000000  
39.875922 0.000088  -0.022954  0.007720  0.440434  0.775869  0.451713  -0.863522  0.503771  -0.023324  -0.245656  -0.379792  0.891858  -0.001780  0.035762  -0.011818  -0.146014  1.334548  -0.681090  1.000000  
39.876924 0.000086  -0.022918  0.007708  0.442020  0.775676  0.450494  -0.863116  0.504532  -0.021839  -0.244229  -0.379176  0.892512  -0.001770  0.035774  -0.011851  -0.160382  1.373684  -0.694068  1.000000  
39.878173 0.000084  -0.022875  0.007692  0.443813  0.775478  0.449071  -0.862672  0.505363  -0.020114  -0.242542  -0.378474  0.893270  -0.001646  0.035819  -0.012001  -0.178624  1.411722  -0.693351  1.000000  
39.879173 0.000082  -0.022840  0.007678  0.445426  0.775327  0.447732  -0.862314  0.506039  -0.018424  -0.240854  -0.377880  0.893978  -0.001545  0.035950  -0.012280  -0.195064  1.456761  -0.696922  1.000000  
39.880420 0.000080  -0.022797  0.007660  0.447437  0.775090  0.446135  -0.861851  0.506900  -0.016295  -0.238776  -0.377211  0.894817  -0.001375  0.036117  -0.012493  -0.210167  1.508294  -0.705083  1.000000  
39.881431 0.000080  -0.022761  0.007647  0.449047  0.774935  0.444784  -0.861480  0.507582  -0.014610  -0.237087  -0.376612  0.895519  -0.001178  0.036242  -0.012556  -0.224291  1.549931  -0.702401  1.000000  
39.882670 0.000079  -0.022716  0.007631  0.451068  0.774770  0.443022  -0.861029  0.508404  -0.012445  -0.234876  -0.375841  0.896424  -0.001018  0.036309  -0.012415  -0.245429  1.607640  -0.701391  1.000000  
39.883917 0.000078  -0.022670  0.007618  0.452954  0.774831  0.440988  -0.860745  0.508936  -0.010118  -0.232274  -0.374995  0.897456  -0.000940  0.036345  -0.012206  -0.266929  1.673250  -0.697066  1.000000  
39.885165 0.000078  -0.022625  0.007606  0.455162  0.774632  0.439059  -0.860209  0.509882  -0.007827  -0.229931  -0.374120  0.898424  -0.000854  0.036361  -0.011889  -0.286475  1.725621  -0.700938  1.000000  
39.886165 0.000078  -0.022589  0.007596  0.456957  0.774440  0.437531  -0.859743  0.510692  -0.006022  -0.228108  -0.373412  0.899183  -0.000856  0.036265  -0.011696  -0.301536  1.772551  -0.711155  1.000000  
39.887418 0.000078  -0.022543  0.007584  0.459160  0.774234  0.435584  -0.859188  0.511647  -0.003742  -0.225762  -0.372531  0.900140  -0.000861  0.036167  -0.011501  -0.317399  1.828626  -0.718949  1.000000  
39.888669 0.000077  -0.022498  0.007570  0.461361  0.774025  0.433627  -0.858622  0.512607  -0.001467  -0.223415  -0.371645  0.901091  -0.000895  0.035988  -0.011568  -0.337183  1.878885  -0.727820  1.000000  
39.889915 0.000074  -0.022455  0.007555  0.463926  0.773624  0.431601  -0.857881  0.513847  0.001086  -0.220937  -0.370766  0.902064  -0.000987  0.035719  -0.011679  -0.352235  1.946161  -0.752115  1.000000  
39.890920 0.000072  -0.022422  0.007542  0.465902  0.773389  0.429889  -0.857312  0.514788  0.003004  -0.218979  -0.369949  0.902877  -0.001052  0.035501  -0.011822  -0.371953  1.988864  -0.764607  1.000000  
39.891921 0.000068  -0.022390  0.007530  0.467889  0.773175  0.428112  -0.856761  0.515690  0.005022  -0.216890  -0.369139  0.903712  -0.001158  0.035257  -0.011884  -0.390201  2.038267  -0.781609  1.000000  
39.892923 0.000065  -0.022357  0.007517  0.470037  0.772776  0.426476  -0.856079  0.516797  0.007081  -0.214930  -0.368425  0.904471  -0.001263  0.035098  -0.011852  -0.403312  2.083600  -0.800262  1.000000  
39.893926 0.000062  -0.022326  0.007506  0.472006  0.772532  0.424741  -0.855485  0.517749  0.008983  -0.212969  -0.367599  0.905271  -0.001365  0.034892  -0.011621  -0.421871  2.124934  -0.820997  1.000000  
39.895172 0.000058  -0.022286  0.007493  0.474744  0.772130  0.422413  -0.854616  0.519131  0.011570  -0.210354  -0.366494  0.906330  -0.001495  0.034650  -0.011364  -0.440768  2.177006  -0.845551  1.000000  
39.896172 0.000054  -0.022253  0.007483  0.477073  0.771739  0.420500  -0.853832  0.520369  0.013677  -0.208261  -0.365561  0.907189  -0.001717  0.034469  -0.011142  -0.461312  2.225796  -0.871442  1.000000  
39.897431 0.000050  -0.022213  0.007472  0.479790  0.771301  0.418206  -0.852912  0.521805  0.016139  -0.205774  -0.364437  0.908209  -0.002014  0.034082  -0.010809  -0.479333  2.273176  -0.897801  1.000000  
39.898674 0.000046  -0.022172  0.007462  0.482340  0.770989  0.415842  -0.852101  0.523046  0.018613  -0.203154  -0.363317  0.909246  -0.002220  0.033788  -0.010551  -0.498026  2.321845  -0.924866  1.000000  
39.899922 0.000039  -0.022132  0.007450  0.485075  0.770586  0.413400  -0.851200  0.524410  0.021268  -0.200402  -0.362203  0.910301  -0.002642  0.033391  -0.010523  -0.518888  2.365270  -0.944702  1.000000  
39.901170 0.000033  -0.022093  0.007437  0.487804  0.770177  0.410943  -0.850283  0.525781  0.023914  -0.197649  -0.361084  0.911347  -0.003030  0.032958  -0.010601  -0.533887  2.412952  -0.971845  1.000000  
39.902181 0.000027  -0.022062  0.007426  0.489965  0.769866  0.408951  -0.849587  0.526800  0.026171  -0.195287  -0.360262  0.912181  -0.003456  0.032564  -0.010677  -0.551090  2.457621  -0.986568  1.000000  
39.903414 0.000019  -0.022024  0.007414  0.492685  0.769494  0.406374  -0.848642  0.528187  0.028734  -0.192531  -0.359023  0.913255  -0.003850  0.032158  -0.010613  -0.568590  2.502326  -1.007845  1.000000  
39.904664 0.000008  -0.021989  0.007401  0.495426  0.769213  0.403565  -0.847726  0.529502  0.031433  -0.189510  -0.357686  0.914411  -0.004457  0.031627  -0.010498  -0.587966  2.560860  -1.030315  1.000000  
39.905664 -0.000000  -0.021960  0.007391  0.497574  0.768936  0.401445  -0.846993  0.530541  0.033603  -0.187145  -0.356741  0.915266  -0.004851  0.031377  -0.010331  -0.601878  2.599120  -1.046592  1.000000  
39.906924 -0.000012  -0.021925  0.007381  0.500279  0.768544  0.398826  -0.846005  0.531950  0.036135  -0.184384  -0.355486  0.916315  -0.005391  0.030952  -0.009874  -0.623466  2.642936  -1.071405  1.000000  
39.907925 -0.000021  -0.021897  0.007374  0.502419  0.768304  0.396590  -0.845249  0.533004  0.038224  -0.182016  -0.354422  0.917200  -0.005795  0.030667  -0.009533  -0.639099  2.683193  -1.080436  1.000000  
39.909167 -0.000032  -0.021861  0.007365  0.505113  0.767994  0.393758  -0.844233  0.534436  0.040607  -0.179253  -0.352935  0.918317  -0.006203  0.030477  -0.009231  -0.662136  2.708665  -1.100221  1.000000  
39.910169 -0.000041  -0.021832  0.007358  0.507431  0.767705  0.391336  -0.843370  0.535626  0.042801  -0.176751  -0.351759  0.919252  -0.006600  0.030273  -0.008978  -0.685814  2.747615  -1.121106  1.000000  
39.911418 -0.000052  -0.021796  0.007348  0.510151  0.767403  0.388379  -0.842385  0.536948  0.045543  -0.173590  -0.350398  0.920374  -0.007079  0.029926  -0.008838  -0.705237  2.785301  -1.135886  1.000000  
39.912664 -0.000062  -0.021759  0.007339  0.512876  0.767212  0.385155  -0.841402  0.538251  0.048247  -0.170294  -0.348815  0.921590  -0.007444  0.029745  -0.008762  -0.733654  2.826515  -1.152783  1.000000  
39.913689 -0.000071  -0.021730  0.007330  0.515028  0.767061  0.382575  -0.840644  0.539225  0.050543  -0.167525  -0.347640  0.922541  -0.007829  0.029371  -0.008760  -0.750337  2.855618  -1.177224  1.000000  
39.914915 -0.000083  -0.021693  0.007319  0.517567  0.766871  0.379517  -0.839734  0.540377  0.053276  -0.164226  -0.346268  0.923649  -0.008145  0.029248  -0.008772  -0.767620  2.890708  -1.186362  1.000000  
39.915917 -0.000094  -0.021665  0.007310  0.519686  0.766658  0.377043  -0.838912  0.541445  0.055344  -0.161718  -0.345068  0.924541  -0.008530  0.029038  -0.008675  -0.788915  2.915265  -1.193168  1.000000  
39.917165 -0.000108  -0.021631  0.007300  0.522385  0.766387  0.373852  -0.837865  0.542779  0.058068  -0.158416  -0.343572  0.925669  -0.008967  0.028755  -0.008424  -0.811668  2.951101  -1.206421  1.000000  
39.918166 -0.000119  -0.021604  0.007293  0.524515  0.766255  0.371130  -0.837054  0.543791  0.060262  -0.155642  -0.342264  0.926623  -0.009330  0.028572  -0.008193  -0.832590  2.976732  -1.209456  1.000000  
39.919415 -0.000135  -0.021570  0.007286  0.527211  0.765990  0.367842  -0.835992  0.545106  0.063067  -0.152204  -0.340763  0.927747  -0.009719  0.028394  -0.007811  -0.856685  3.013410  -1.214752  1.000000  
39.920665 -0.000150  -0.021536  0.007279  0.530081  0.765628  0.364456  -0.834819  0.546550  0.066038  -0.148633  -0.339260  0.928876  -0.009994  0.028255  -0.007532  -0.877726  3.047447  -1.222662  1.000000  
39.921915 -0.000165  -0.021502  0.007271  0.532771  0.765367  0.361065  -0.833734  0.547848  0.068920  -0.145059  -0.337751  0.929990  -0.010218  0.028195  -0.007349  -0.897983  3.083113  -1.228039  1.000000  
39.922916 -0.000175  -0.021474  0.007265  0.534876  0.765160  0.358382  -0.832865  0.548885  0.071138  -0.142279  -0.336534  0.930861  -0.010306  0.028220  -0.007269  -0.919603  3.107097  -1.223174  1.000000  
39.923922 -0.000186  -0.021446  0.007258  0.537156  0.764858  0.355606  -0.831890  0.550049  0.073525  -0.139364  -0.335319  0.931740  -0.010445  0.028104  -0.007275  -0.934773  3.139565  -1.229429  1.000000  
39.924925 -0.000196  -0.021417  0.007250  0.539421  0.764567  0.352792  -0.830885  0.551266  0.075730  -0.136582  -0.333980  0.932632  -0.010498  0.028092  -0.007299  -0.955154  3.163041  -1.230954  1.000000  
39.926174 -0.000208  -0.021382  0.007242  0.542270  0.764249  0.349094  -0.829653  0.552694  0.078777  -0.132737  -0.332345  0.933771  -0.010596  0.028054  -0.007241  -0.981893  3.204163  -1.227525  1.000000  
39.927176 -0.000219  -0.021354  0.007234  0.544369  0.764062  0.346225  -0.828760  0.553687  0.081164  -0.129686  -0.331120  0.934634  -0.010747  0.027930  -0.007230  -0.993081  3.232522  -1.216067  1.000000  
39.928419 -0.000232  -0.021319  0.007226  0.547029  0.763838  0.342507  -0.827601  0.554979  0.084110  -0.125838  -0.329470  0.935743  -0.010911  0.027941  -0.007153  -1.016333  3.265180  -1.210379  1.000000  
39.929456 -0.000243  -0.021291  0.007220  0.549463  0.763472  0.339414  -0.826467  0.556277  0.086652  -0.122651  -0.328126  0.936638  -0.010953  0.027671  -0.006827  -1.034507  3.299470  -1.220293  1.000000  
39.930669 -0.000258  -0.021258  0.007213  0.552094  0.763202  0.335730  -0.825256  0.557628  0.089465  -0.118932  -0.326457  0.937700  -0.011140  0.027618  -0.006569  -1.059665  3.331584  -1.217663  1.000000  
39.931917 -0.000274  -0.021225  0.007208  0.555063  0.762674  0.332013  -0.823809  0.559258  0.092572  -0.115079  -0.324898  0.938721  -0.011314  0.027506  -0.006240  -1.078061  3.365819  -1.226766  1.000000  
39.933165 -0.000291  -0.021193  0.007204  0.557859  0.762314  0.328131  -0.822467  0.560717  0.095627  -0.111091  -0.323224  0.939779  -0.011459  0.027369  -0.005966  -1.091820  3.398510  -1.228008  1.000000  
39.934415 -0.000307  -0.021161  0.007198  0.560804  0.761762  0.324372  -0.820975  0.562370  0.098696  -0.107234  -0.321650  0.940767  -0.011487  0.027247  -0.005853  -1.106618  3.430915  -1.236369  1.000000  
39.935416 -0.000321  -0.021136  0.007193  0.563208  0.761356  0.321145  -0.819773  0.563632  0.101442  -0.103774  -0.320399  0.941581  -0.011553  0.027163  -0.005791  -1.118849  3.463431  -1.244562  1.000000  
39.936665 -0.000336  -0.021102  0.007188  0.566130  0.760782  0.317346  -0.818239  0.565306  0.104476  -0.099914  -0.318812  0.942537  -0.011574  0.027103  -0.005654  -1.134111  3.506321  -1.250599  1.000000  
39.937916 -0.000350  -0.021070  0.007182  0.569207  0.760078  0.313505  -0.816564  0.567146  0.107555  -0.096053  -0.317217  0.943476  -0.011626  0.026927  -0.005509  -1.142341  3.535204  -1.268305  1.000000  
39.939165 -0.000366  -0.021038  0.007178  0.572278  0.759385  0.309568  -0.814876  0.568963  0.110716  -0.092057  -0.315620  0.944410  -0.011830  0.026744  -0.005196  -1.147393  3.577064  -1.281164  1.000000  
39.940181 -0.000377  -0.021012  0.007175  0.574625  0.758854  0.306509  -0.813579  0.570317  0.113261  -0.088859  -0.314451  0.945106  -0.011966  0.026468  -0.004867  -1.149830  3.599032  -1.285042  1.000000  
39.941433 -0.000395  -0.020982  0.007174  0.577330  0.758311  0.302745  -0.812075  0.571861  0.116225  -0.084993  -0.312952  0.945958  -0.012305  0.026094  -0.004311  -1.157319  3.620122  -1.290972  1.000000  
39.942668 -0.000411  -0.020952  0.007175  0.580362  0.757581  0.298747  -0.810321  0.573708  0.119328  -0.080993  -0.311334  0.946843  -0.012551  0.025838  -0.003685  -1.160160  3.643235  -1.312818  1.000000  
39.943672 -0.000426  -0.020928  0.007177  0.582672  0.756999  0.295714  -0.808963  0.575119  0.121724  -0.077926  -0.310147  0.947490  -0.012783  0.025555  -0.003161  -1.161364  3.659227  -1.328314  1.000000  
39.944915 -0.000444  -0.020900  0.007179  0.585684  0.756198  0.291785  -0.807173  0.576922  0.125030  -0.073790  -0.308750  0.948277  -0.013050  0.025252  -0.002537  -1.162641  3.689700  -1.351577  1.000000  
39.945918 -0.000460  -0.020877  0.007181  0.587979  0.755621  0.288647  -0.805790  0.578313  0.127499  -0.070587  -0.307556  0.948908  -0.013210  0.024950  -0.002008  -1.164791  3.715924  -1.362954  1.000000  
39.947168 -0.000479  -0.020850  0.007185  0.590964  0.754764  0.284769  -0.803956  0.580117  0.130836  -0.066449  -0.306261  0.949625  -0.013433  0.024587  -0.001455  -1.159773  3.746762  -1.380933  1.000000  
39.948415 -0.000499  -0.020822  0.007189  0.593758  0.754000  0.280955  -0.802207  0.581857  0.133818  -0.062577  -0.304840  0.950346  -0.013598  0.024299  -0.000853  -1.154805  3.758749  -1.396934  1.000000  
39.949415 -0.000513  -0.020800  0.007191  0.596020  0.753294  0.278043  -0.800772  0.583220  0.136452  -0.059372  -0.303977  0.950827  -0.013674  0.024062  -0.000415  -1.145211  3.777536  -1.411085  1.000000  
39.950416 -0.000527  -0.020778  0.007196  0.598427  0.752448  0.275150  -0.799187  0.584824  0.138855  -0.056433  -0.302991  0.951321  -0.013754  0.023853  0.000160  -1.139174  3.780656  -1.429765  1.000000  
39.951665 -0.000546  -0.020751  0.007203  0.601015  0.751684  0.271572  -0.797499  0.586428  0.141768  -0.052692  -0.301783  0.951919  -0.014014  0.023450  0.001046  -1.131685  3.785221  -1.441733  1.000000  
39.952666 -0.000561  -0.020730  0.007211  0.603083  0.751079  0.268646  -0.796142  0.587651  0.144305  -0.049485  -0.300909  0.952368  -0.014285  0.023075  0.002007  -1.122500  3.798703  -1.449261  1.000000  
39.953916 -0.000579  -0.020704  0.007223  0.605647  0.750235  0.265217  -0.794418  0.589232  0.147329  -0.045743  -0.299922  0.952866  -0.014490  0.022658  0.003040  -1.107921  3.798149  -1.453967  1.000000  
39.955166 -0.000600  -0.020679  0.007236  0.608204  0.749430  0.261614  -0.792683  0.590756  0.150537  -0.041733  -0.298934  0.953361  -0.014871  0.022236  0.004100  -1.089619  3.809248  -1.456460  1.000000  
39.956415 -0.000621  -0.020656  0.007252  0.610743  0.748531  0.258252  -0.790923  0.592280  0.153770  -0.037856  -0.298171  0.953762  -0.015100  0.021785  0.005145  -1.063257  3.807242  -1.462509  1.000000  
39.957446 -0.000637  -0.020638  0.007264  0.612755  0.747741  0.255762  -0.789489  0.593610  0.155991  -0.035182  -0.297506  0.954072  -0.015287  0.021261  0.005998  -1.039733  3.794299  -1.476979  1.000000  
39.958672 -0.000659  -0.020616  0.007280  0.615102  0.746873  0.252647  -0.787815  0.595032  0.159012  -0.031571  -0.296847  0.954403  -0.015516  0.020849  0.006910  -1.014161  3.779133  -1.489600  1.000000  
39.959927 -0.000681  -0.020594  0.007297  0.617601  0.745901  0.249402  -0.785999  0.596579  0.162169  -0.027827  -0.296185  0.954725  -0.015791  0.020337  0.007887  -0.985035  3.779954  -1.494072  1.000000  
39.961174 -0.000703  -0.020572  0.007315  0.619922  0.744991  0.246343  -0.784290  0.597987  0.165230  -0.024215  -0.295634  0.954994  -0.015951  0.019941  0.008945  -0.948752  3.766282  -1.488757  1.000000  
39.962422 -0.000724  -0.020550  0.007336  0.622232  0.744101  0.243188  -0.782565  0.599367  0.168376  -0.020470  -0.295080  0.955253  -0.016062  0.019546  0.010183  -0.914552  3.754185  -1.490536  1.000000  
39.963677 -0.000746  -0.020528  0.007359  0.624689  0.743054  0.240070  -0.780694  0.600882  0.171629  -0.016724  -0.294637  0.955463  -0.016403  0.019276  0.011540  -0.879929  3.745708  -1.490068  1.000000  
39.964923 -0.000766  -0.020505  0.007384  0.626969  0.742048  0.237221  -0.778931  0.602287  0.174691  -0.013246  -0.294304  0.955620  -0.016402  0.018887  0.012867  -0.841412  3.721143  -1.495223  1.000000  
39.965923 -0.000783  -0.020487  0.007407  0.628593  0.741412  0.234903  -0.777665  0.603234  0.177048  -0.010436  -0.293966  0.955759  -0.016567  0.018566  0.013996  -0.814138  3.698896  -1.476973  1.000000  
39.967174 -0.000804  -0.020466  0.007435  0.630691  0.740521  0.232071  -0.776004  0.604436  0.180208  -0.006824  -0.293744  0.955860  -0.016734  0.018229  0.015389  -0.772354  3.676192  -1.459064  1.000000  
39.968421 -0.000825  -0.020445  0.007465  0.632777  0.739575  0.229394  -0.774327  0.605647  0.183330  -0.003345  -0.293633  0.955912  -0.016877  0.017877  0.016574  -0.725564  3.660557  -1.446262  1.000000  
39.969423 -0.000843  -0.020429  0.007489  0.634532  0.738725  0.227274  -0.772896  0.606682  0.185925  -0.000535  -0.293634  0.955918  -0.017006  0.017600  0.017512  -0.684883  3.637554  -1.441280  1.000000  
39.970423 -0.000860  -0.020413  0.007514  0.636280  0.737875  0.225143  -0.771455  0.607717  0.188512  0.002275  -0.293634  0.955915  -0.017062  0.017382  0.018448  -0.653131  3.627379  -1.433063  1.000000  
39.971672 -0.000882  -0.020394  0.007544  0.638333  0.736871  0.222604  -0.769739  0.608880  0.191747  0.005753  -0.293746  0.955866  -0.017099  0.017137  0.019444  -0.602959  3.605209  -1.422894  1.000000  
39.972673 -0.000899  -0.020380  0.007569  0.640064  0.735916  0.220785  -0.768278  0.609980  0.194093  0.008162  -0.293857  0.955815  -0.017132  0.016949  0.020152  -0.555600  3.569348  -1.420058  1.000000  
39.973692 -0.000916  -0.020365  0.007594  0.641787  0.734959  0.218964  -0.766809  0.611025  0.196604  0.010704  -0.294081  0.955720  -0.017137  0.016708  0.021046  -0.509868  3.546622  -1.414187  1.000000  
39.974919 -0.000939  -0.020347  0.007627  0.643970  0.733699  0.216769  -0.764927  0.612376  0.199707  0.013781  -0.294418  0.955577  -0.017162  0.016493  0.022062  -0.450146  3.506182  -1.408240  1.000000  
39.975920 -0.000956  -0.020331  0.007656  0.645676  0.732741  0.214926  -0.763437  0.613415  0.202201  0.016323  -0.294639  0.955469  -0.017187  0.016319  0.022943  -0.408672  3.475289  -1.404890  1.000000  
39.976923 -0.000974  -0.020316  0.007686  0.647531  0.731657  0.213030  -0.761806  0.614603  0.204731  0.018864  -0.294857  0.955355  -0.017186  0.016194  0.024023  -0.366996  3.448975  -1.400253  1.000000  
39.977924 -0.000990  -0.020299  0.007716  0.649377  0.730547  0.211212  -0.760165  0.615763  0.207328  0.021406  -0.295190  0.955199  -0.017113  0.016121  0.024859  -0.320679  3.430762  -1.407045  1.000000  
39.978925 -0.001006  -0.020283  0.007747  0.651058  0.729589  0.209343  -0.758646  0.616740  0.209970  0.024081  -0.295519  0.955033  -0.017119  0.016005  0.025613  -0.284304  3.422320  -1.404191  1.000000  
