1-Time 2-Px 3-Py 4-Pz 5-R11 6-R21 7-R31 8-R12 9-R22 10-R32 11-R13 12-R23 13-R33 14-Vx 15-Vy 16-Vz 17-Wx 18-Wy 19-Wz 20-state
57.719898 0.015837  -0.007821  0.023871  0.445875  0.808783  0.383492  -0.879999  0.474439  0.022559  -0.163698  -0.347531  0.923269  -0.008733  -0.002040  0.017510  -0.251535  0.002730  -0.006254  1.000000  
57.720954 0.015826  -0.007832  0.023889  0.445875  0.808969  0.383100  -0.879999  0.474450  0.022329  -0.163698  -0.347083  0.923437  -0.014404  -0.014245  0.024059  0.000000  0.000000  0.000000  1.000000  
57.722196 0.015807  -0.007848  0.023898  0.445875  0.809247  0.382511  -0.879999  0.474466  0.021983  -0.163698  -0.346411  0.923690  -0.014758  -0.013612  0.013715  0.000000  0.000000  0.000000  1.000000  
57.723444 0.015788  -0.007863  0.023894  0.445875  0.809526  0.381922  -0.879999  0.474482  0.021638  -0.163698  -0.345739  0.923941  -0.015106  -0.012805  0.007278  0.000000  0.000000  0.000000  1.000000  
57.724691 0.015770  -0.007876  0.023900  0.445885  0.809870  0.381178  -0.880019  0.474459  0.021345  -0.163566  -0.344962  0.924255  -0.014936  -0.012329  0.006497  0.000000  0.000000  0.000000  1.000000  
57.725941 0.015752  -0.007892  0.023915  0.445885  0.810194  0.380490  -0.880019  0.474477  0.020943  -0.163566  -0.344177  0.924548  -0.014760  -0.012315  0.007625  0.000000  0.000000  0.000000  1.000000  
57.726942 0.015734  -0.007905  0.023927  0.445885  0.810424  0.379999  -0.880019  0.474490  0.020655  -0.163566  -0.343616  0.924756  -0.015207  -0.012436  0.008291  0.000000  0.000000  0.000000  1.000000  
57.727943 0.015713  -0.007916  0.023937  0.445885  0.810701  0.379409  -0.880019  0.474505  0.020309  -0.163566  -0.342943  0.925006  -0.016038  -0.012280  0.008530  0.000000  0.000000  0.000000  1.000000  
57.728969 0.015689  -0.007926  0.023945  0.445885  0.810931  0.378917  -0.880019  0.474517  0.020022  -0.163566  -0.342382  0.925214  -0.016879  -0.011992  0.008442  0.000000  0.000000  0.000000  1.000000  
57.730191 0.015662  -0.007937  0.023957  0.445885  0.811252  0.378229  -0.880019  0.474534  0.019619  -0.163566  -0.341596  0.925504  -0.017525  -0.011621  0.008657  -0.643389  0.012547  0.004677  1.000000  
57.731194 0.015644  -0.007945  0.023966  0.445894  0.811502  0.377681  -0.880038  0.474505  0.019441  -0.163434  -0.341042  0.925732  -0.017557  -0.011270  0.008686  -0.639880  0.022809  0.008494  1.000000  
57.732444 0.015621  -0.007956  0.023974  0.445914  0.811818  0.376978  -0.880077  0.474437  0.019317  -0.163170  -0.340383  0.926021  -0.017598  -0.011056  0.008468  -0.633989  0.040966  0.015239  1.000000  
57.733453 0.015601  -0.007967  0.023977  0.445924  0.812021  0.376528  -0.880097  0.474406  0.019197  -0.163038  -0.339942  0.926206  -0.017791  -0.011008  0.008009  -0.622350  0.047315  0.017587  1.000000  
57.734700 0.015572  -0.007981  0.023969  0.446115  0.812218  0.375877  -0.880024  0.474547  0.019040  -0.162906  -0.339275  0.926474  -0.018243  -0.011051  0.006776  -0.616617  0.056770  0.006139  1.000000  
57.735703 0.015550  -0.007992  0.023957  0.446115  0.812446  0.375384  -0.880024  0.474558  0.018752  -0.162906  -0.338713  0.926680  -0.018716  -0.010840  0.004588  -0.615919  0.053106  0.005726  1.000000  
57.736944 0.015526  -0.008002  0.023940  0.446125  0.812739  0.374737  -0.880044  0.474531  0.018518  -0.162774  -0.338046  0.926946  -0.019105  -0.010437  0.002802  -0.613732  0.056664  0.008060  1.000000  
57.738194 0.015503  -0.008010  0.023929  0.446125  0.813012  0.374145  -0.880044  0.474545  0.018172  -0.162774  -0.337371  0.927192  -0.019333  -0.009986  0.002360  -0.611544  0.052731  0.007481  1.000000  
57.739442 0.015477  -0.008016  0.023929  0.446316  0.813206  0.373494  -0.879971  0.474685  0.018014  -0.162642  -0.336704  0.927458  -0.019865  -0.009441  0.001968  -0.607942  0.059494  -0.000511  1.000000  
57.740692 0.015447  -0.008023  0.023933  0.446497  0.813425  0.372799  -0.879879  0.474868  0.017688  -0.162642  -0.335916  0.927743  -0.020696  -0.008875  0.001240  -0.610674  0.059300  -0.009802  1.000000  
57.741942 0.015415  -0.008030  0.023932  0.446497  0.813697  0.372207  -0.879879  0.474880  0.017343  -0.162642  -0.335241  0.927988  -0.021325  -0.008295  0.000236  -0.609041  0.055888  -0.009259  1.000000  
57.742942 0.015392  -0.008037  0.023925  0.446497  0.813922  0.371714  -0.879879  0.474891  0.017054  -0.162642  -0.334678  0.928191  -0.021367  -0.008029  -0.000784  -0.608921  0.053427  -0.008868  1.000000  
57.743944 0.015374  -0.008043  0.023913  0.446497  0.814192  0.371121  -0.879879  0.474903  0.016709  -0.162642  -0.334002  0.928434  -0.021047  -0.007769  -0.002097  -0.613880  0.051170  -0.008512  1.000000  
57.745191 0.015353  -0.008051  0.023894  0.446678  0.814320  0.370624  -0.879787  0.475081  0.016497  -0.162642  -0.333439  0.928636  -0.020603  -0.007591  -0.004377  -0.606154  0.051417  -0.015730  1.000000  
57.746192 0.015337  -0.008057  0.023878  0.446678  0.814499  0.370229  -0.879787  0.475089  0.016267  -0.162642  -0.332989  0.928798  -0.020454  -0.007471  -0.005890  -0.601500  0.049436  -0.015137  1.000000  
57.747192 0.015318  -0.008064  0.023862  0.446678  0.814679  0.369834  -0.879787  0.475097  0.016036  -0.162642  -0.332538  0.928960  -0.020572  -0.007325  -0.007646  -0.597186  0.047600  -0.014587  1.000000  
57.748442 0.015292  -0.008075  0.023841  0.446678  0.814858  0.369438  -0.879787  0.475104  0.015806  -0.162642  -0.332087  0.929121  -0.020614  -0.007230  -0.009093  -0.587930  0.045490  -0.013953  1.000000  
57.749456 0.015272  -0.008084  0.023825  0.446869  0.814915  0.369082  -0.879715  0.475238  0.015820  -0.162510  -0.331756  0.929262  -0.020378  -0.006993  -0.009772  -0.578841  0.050594  -0.018421  1.000000  
57.750700 0.015247  -0.008094  0.023811  0.446869  0.815049  0.368786  -0.879715  0.475244  0.015647  -0.162510  -0.331418  0.929383  -0.020218  -0.006844  -0.009731  -0.565250  0.049755  -0.018139  1.000000  
57.751702 0.015227  -0.008101  0.023805  0.446869  0.815183  0.368489  -0.879715  0.475250  0.015474  -0.162510  -0.331080  0.929503  -0.020251  -0.006693  -0.009101  -0.560649  0.049344  -0.018010  1.000000  
57.752706 0.015207  -0.008105  0.023804  0.446869  0.815273  0.368291  -0.879715  0.475253  0.015358  -0.162510  -0.330855  0.929584  -0.020360  -0.006503  -0.008569  -0.544582  0.049713  -0.018175  1.000000  
57.753942 0.015179  -0.008110  0.023803  0.447050  0.815309  0.367991  -0.879623  0.475427  0.015261  -0.162510  -0.330516  0.929704  -0.020609  -0.006485  -0.008463  -0.531403  0.047833  -0.026163  1.000000  
57.754944 0.015153  -0.008115  0.023798  0.447050  0.815398  0.367794  -0.879623  0.475431  0.015146  -0.162510  -0.330291  0.929784  -0.020725  -0.006493  -0.009044  -0.515063  0.047817  -0.026185  1.000000  
57.756192 0.015123  -0.008124  0.023785  0.447231  0.815478  0.367395  -0.879531  0.475606  0.014991  -0.162510  -0.329840  0.929944  -0.020708  -0.006530  -0.009910  -0.505826  0.050137  -0.032633  1.000000  
57.757441 0.015099  -0.008131  0.023763  0.447231  0.815612  0.367098  -0.879531  0.475611  0.014818  -0.162510  -0.329501  0.930064  -0.020307  -0.006478  -0.011110  -0.489627  0.050128  -0.032671  1.000000  
57.758442 0.015083  -0.008134  0.023743  0.447231  0.815746  0.366801  -0.879531  0.475617  0.014645  -0.162510  -0.329163  0.930184  -0.019998  -0.006306  -0.011761  -0.481640  0.049711  -0.032429  1.000000  
57.759698 0.015061  -0.008139  0.023720  0.447231  0.815923  0.366406  -0.879531  0.475624  0.014414  -0.162510  -0.328711  0.930344  -0.020087  -0.006045  -0.012038  -0.464952  0.050066  -0.032717  1.000000  
57.760942 0.015034  -0.008145  0.023702  0.447231  0.816012  0.366208  -0.879531  0.475627  0.014299  -0.162510  -0.328486  0.930423  -0.020506  -0.006013  -0.011990  -0.448788  0.045835  -0.034278  1.000000  
57.762192 0.015005  -0.008153  0.023687  0.447241  0.816165  0.365854  -0.879550  0.475593  0.014236  -0.162378  -0.328154  0.930563  -0.020882  -0.005904  -0.011662  -0.436569  0.041585  -0.035829  1.000000  
57.763192 0.014983  -0.008159  0.023676  0.447070  0.816328  0.365702  -0.879662  0.475388  0.014214  -0.162246  -0.328049  0.930624  -0.020945  -0.005667  -0.011155  -0.426061  0.043144  -0.027665  1.000000  
57.764444 0.014958  -0.008165  0.023663  0.447080  0.816436  0.365447  -0.879681  0.475352  0.014210  -0.162114  -0.327830  0.930724  -0.020950  -0.005369  -0.010809  -0.410897  0.040830  -0.021307  1.000000  
57.765694 0.014932  -0.008172  0.023647  0.447090  0.816500  0.365292  -0.879700  0.475315  0.014264  -0.161982  -0.327724  0.930784  -0.021017  -0.005147  -0.010928  -0.390779  0.040831  -0.021330  1.000000  
57.766694 0.014909  -0.008177  0.023630  0.447090  0.816545  0.365193  -0.879700  0.475316  0.014206  -0.161982  -0.327611  0.930824  -0.021216  -0.005077  -0.011669  -0.374537  0.036618  -0.022847  1.000000  
57.767699 0.014886  -0.008182  0.023611  0.447099  0.816609  0.365037  -0.879720  0.475279  0.014259  -0.161850  -0.327506  0.930884  -0.021433  -0.005187  -0.012885  -0.357179  0.041137  -0.021532  1.000000  
57.768945 0.014856  -0.008188  0.023581  0.447109  0.816629  0.364981  -0.879739  0.475240  0.014370  -0.161718  -0.327513  0.930904  -0.021449  -0.005236  -0.015035  -0.333902  0.038837  -0.015121  1.000000  
57.770194 0.014828  -0.008195  0.023548  0.447119  0.816693  0.364825  -0.879758  0.475203  0.014424  -0.161586  -0.327407  0.930964  -0.021224  -0.005171  -0.016649  -0.314628  0.040769  -0.007195  1.000000  
57.771440 0.014801  -0.008199  0.023516  0.447139  0.816777  0.364613  -0.879797  0.475126  0.014588  -0.161322  -0.327309  0.931045  -0.021137  -0.004901  -0.017686  -0.295881  0.048835  -0.004155  1.000000  
57.772441 0.014779  -0.008203  0.023489  0.447148  0.816797  0.364557  -0.879816  0.475087  0.014699  -0.161190  -0.327316  0.931065  -0.021369  -0.004790  -0.018228  -0.271790  0.053068  -0.002678  1.000000  
57.773690 0.014749  -0.008206  0.023463  0.447168  0.816925  0.364246  -0.879854  0.475013  0.014806  -0.160926  -0.327104  0.931185  -0.022034  -0.004744  -0.018305  -0.255515  0.061454  0.000287  1.000000  
57.774690 0.014723  -0.008208  0.023446  0.447187  0.817008  0.364034  -0.879893  0.474937  0.014971  -0.160662  -0.327005  0.931265  -0.022520  -0.004631  -0.018273  -0.240405  0.067582  0.009632  1.000000  
57.775696 0.014697  -0.008211  0.023430  0.447197  0.817072  0.363878  -0.879912  0.474899  0.015024  -0.160530  -0.326900  0.931325  -0.022830  -0.004471  -0.018473  -0.221977  0.072374  0.011185  1.000000  
57.776941 0.014667  -0.008215  0.023403  0.447226  0.817176  0.363610  -0.879969  0.474784  0.015300  -0.160134  -0.326808  0.931426  -0.022893  -0.004218  -0.019089  -0.212083  0.084398  0.015546  1.000000  
57.778190 0.014639  -0.008218  0.023371  0.447255  0.817324  0.363242  -0.880026  0.474671  0.015518  -0.159737  -0.326603  0.931566  -0.022929  -0.003959  -0.020320  -0.204001  0.097018  0.019981  1.000000  
57.779440 0.014613  -0.008222  0.023331  0.447284  0.817471  0.362874  -0.880084  0.474558  0.015736  -0.159341  -0.326398  0.931705  -0.022995  -0.003807  -0.022113  -0.197118  0.103227  0.029320  1.000000  
57.780440 0.014591  -0.008225  0.023296  0.447304  0.817555  0.362662  -0.880122  0.474482  0.015901  -0.159077  -0.326299  0.931785  -0.023087  -0.003691  -0.023617  -0.188974  0.111617  0.032259  1.000000  
57.781690 0.014561  -0.008229  0.023252  0.447333  0.817702  0.362294  -0.880178  0.474369  0.016119  -0.158681  -0.326094  0.931924  -0.023168  -0.003453  -0.025237  -0.184961  0.124266  0.036686  1.000000  
57.782700 0.014538  -0.008231  0.023216  0.447361  0.817805  0.362026  -0.880235  0.474255  0.016395  -0.158284  -0.326002  0.932024  -0.023179  -0.003218  -0.026421  -0.180880  0.136867  0.041109  1.000000  
57.783701 0.014514  -0.008232  0.023181  0.447381  0.817888  0.361814  -0.880273  0.474179  0.016560  -0.158020  -0.325903  0.932103  -0.023216  -0.002976  -0.027072  -0.175264  0.144166  0.050829  1.000000  
57.784943 0.014484  -0.008234  0.023140  0.447591  0.817894  0.361541  -0.880237  0.474233  0.016911  -0.157624  -0.325811  0.932203  -0.023350  -0.002669  -0.027612  -0.168725  0.157898  0.048456  1.000000  
57.785946 0.014458  -0.008236  0.023110  0.447619  0.817997  0.361273  -0.880293  0.474118  0.017187  -0.157227  -0.325719  0.932302  -0.023590  -0.002503  -0.027939  -0.158986  0.169663  0.059726  1.000000  
57.787191 0.014423  -0.008239  0.023074  0.447648  0.818100  0.361004  -0.880350  0.474004  0.017463  -0.156831  -0.325627  0.932401  -0.024128  -0.002446  -0.028170  -0.150857  0.182434  0.064172  1.000000  
57.788193 0.014394  -0.008241  0.023045  0.447858  0.818106  0.360731  -0.880314  0.474058  0.017813  -0.156434  -0.325534  0.932500  -0.024481  -0.002419  -0.028738  -0.141593  0.197434  0.062154  1.000000  
57.789445 0.014359  -0.008243  0.023006  0.447895  0.818228  0.360406  -0.880388  0.473905  0.018200  -0.155906  -0.325449  0.932618  -0.024673  -0.002340  -0.029847  -0.129382  0.214457  0.068063  1.000000  
57.790692 0.014326  -0.008243  0.022963  0.448105  0.818277  0.360034  -0.880351  0.473961  0.018493  -0.155509  -0.325243  0.932756  -0.024709  -0.002115  -0.031108  -0.127215  0.227558  0.065481  1.000000  
57.791698 0.014302  -0.008244  0.022925  0.448315  0.818326  0.359661  -0.880315  0.474018  0.018786  -0.155113  -0.325037  0.932894  -0.024750  -0.002008  -0.032404  -0.127145  0.240155  0.062482  1.000000  
57.792942 0.014272  -0.008246  0.022876  0.448352  0.818536  0.359137  -0.880389  0.473870  0.019058  -0.154584  -0.324725  0.933090  -0.024914  -0.001901  -0.033608  -0.130161  0.255220  0.060434  1.000000  
57.794192 0.014240  -0.008249  0.022827  0.448571  0.818648  0.358608  -0.880370  0.473891  0.019405  -0.154055  -0.324412  0.933286  -0.025274  -0.001800  -0.034159  -0.133166  0.270255  0.058367  1.000000  
57.795442 0.014207  -0.008250  0.022784  0.448780  0.818740  0.358136  -0.880333  0.473950  0.019640  -0.153659  -0.324093  0.933463  -0.025671  -0.001661  -0.034135  -0.139057  0.282866  0.055830  1.000000  
57.796692 0.014173  -0.008251  0.022747  0.448999  0.818895  0.357508  -0.880313  0.473974  0.019929  -0.153130  -0.323667  0.933697  -0.025976  -0.001484  -0.033588  -0.150129  0.297771  0.053760  1.000000  
57.797693 0.014146  -0.008250  0.022719  0.449027  0.819084  0.357040  -0.880368  0.473866  0.020090  -0.152733  -0.323347  0.933873  -0.026120  -0.001294  -0.033148  -0.158243  0.306234  0.056631  1.000000  
57.798942 0.014113  -0.008249  0.022685  0.449426  0.819140  0.356407  -0.880256  0.474059  0.020453  -0.152204  -0.322921  0.934107  -0.026295  -0.001107  -0.032497  -0.172266  0.323324  0.048156  1.000000  
57.799947 0.014086  -0.008250  0.022655  0.449635  0.819231  0.355934  -0.880217  0.474119  0.020687  -0.151807  -0.322601  0.934282  -0.026531  -0.001040  -0.032338  -0.180763  0.336726  0.044976  1.000000  
57.801198 0.014049  -0.008251  0.022615  0.449844  0.819365  0.355361  -0.880179  0.474183  0.020864  -0.151411  -0.322167  0.934496  -0.026789  -0.000998  -0.032531  -0.191907  0.343187  0.039889  1.000000  
57.802199 0.014020  -0.008252  0.022580  0.450053  0.819455  0.354888  -0.880140  0.474244  0.021099  -0.151014  -0.321847  0.934671  -0.026769  -0.000831  -0.032952  -0.203078  0.353939  0.036325  1.000000  
57.803450 0.013986  -0.008253  0.022535  0.450262  0.819588  0.354315  -0.880102  0.474308  0.021276  -0.150617  -0.321413  0.934884  -0.026732  -0.000785  -0.033499  -0.210155  0.360401  0.031209  1.000000  
57.804702 0.013952  -0.008254  0.022489  0.450651  0.819581  0.353837  -0.879970  0.474539  0.021583  -0.150220  -0.321093  0.935058  -0.026632  -0.000724  -0.033901  -0.216155  0.369088  0.019679  1.000000  
57.805943 0.013918  -0.008256  0.022444  0.450860  0.819713  0.353264  -0.879931  0.474603  0.021760  -0.149823  -0.320658  0.935271  -0.026844  -0.000797  -0.033928  -0.227437  0.375740  0.014586  1.000000  
57.807192 0.013883  -0.008257  0.022400  0.451250  0.819748  0.352686  -0.879799  0.474837  0.022009  -0.149427  -0.320224  0.935483  -0.027166  -0.000819  -0.033561  -0.233501  0.380236  0.001524  1.000000  
57.808455 0.013846  -0.008260  0.022362  0.451639  0.819782  0.352108  -0.879666  0.475071  0.022258  -0.149030  -0.319789  0.935695  -0.027499  -0.000791  -0.032784  -0.239458  0.384535  -0.011538  1.000000  
57.809699 0.013810  -0.008261  0.022330  0.452038  0.819835  0.351472  -0.879551  0.475267  0.022617  -0.148500  -0.319361  0.935925  -0.027751  -0.000751  -0.031947  -0.245599  0.393336  -0.023142  1.000000  
57.810949 0.013775  -0.008261  0.022299  0.452246  0.820009  0.350798  -0.879511  0.475336  0.022736  -0.148103  -0.318813  0.936175  -0.027933  -0.000699  -0.031331  -0.260912  0.395578  -0.029757  1.000000  
57.812199 0.013740  -0.008261  0.022264  0.452635  0.820126  0.350020  -0.879377  0.475577  0.022868  -0.147706  -0.318150  0.936463  -0.028026  -0.000732  -0.031276  -0.275160  0.400021  -0.042885  1.000000  
57.813450 0.013705  -0.008261  0.022226  0.453025  0.820286  0.349142  -0.879243  0.475820  0.022942  -0.147309  -0.317374  0.936789  -0.028068  -0.000815  -0.031581  -0.297668  0.404583  -0.056038  1.000000  
57.814453 0.013678  -0.008262  0.022192  0.453405  0.820340  0.348520  -0.879092  0.476097  0.023020  -0.147045  -0.316818  0.937019  -0.028117  -0.000832  -0.031875  -0.309996  0.406493  -0.068702  1.000000  
57.815704 0.013642  -0.008262  0.022151  0.453794  0.820498  0.347641  -0.878957  0.476341  0.023093  -0.146648  -0.316042  0.937343  -0.028118  -0.000810  -0.031968  -0.335316  0.406819  -0.077245  1.000000  
57.816950 0.013606  -0.008262  0.022111  0.454191  0.820716  0.346605  -0.878840  0.476551  0.023220  -0.146118  -0.315157  0.937724  -0.028057  -0.000665  -0.031852  -0.361830  0.415448  -0.088958  1.000000  
57.817950 0.013578  -0.008262  0.022080  0.454390  0.820909  0.345888  -0.878781  0.476662  0.023167  -0.145854  -0.314487  0.937990  -0.028109  -0.000603  -0.031488  -0.382310  0.411189  -0.090607  1.000000  
57.819200 0.013541  -0.008261  0.022043  0.454960  0.820965  0.345003  -0.878552  0.477077  0.023310  -0.145456  -0.313709  0.938312  -0.028279  -0.000482  -0.030837  -0.403776  0.413563  -0.111701  1.000000  
57.820452 0.013504  -0.008259  0.022008  0.455348  0.821119  0.344123  -0.878417  0.477323  0.023381  -0.145059  -0.312930  0.938633  -0.028519  -0.000299  -0.030048  -0.423135  0.415637  -0.118393  1.000000  
57.821697 0.013465  -0.008260  0.021974  0.455737  0.821272  0.343243  -0.878281  0.477570  0.023452  -0.144662  -0.312152  0.938954  -0.028804  -0.000219  -0.029474  -0.439050  0.414453  -0.124112  1.000000  
57.822943 0.013427  -0.008261  0.021940  0.456297  0.821307  0.342415  -0.878033  0.478023  0.023481  -0.144397  -0.311366  0.939255  -0.028991  -0.000149  -0.029165  -0.457027  0.409428  -0.142701  1.000000  
57.823943 0.013396  -0.008262  0.021911  0.456676  0.821356  0.341792  -0.877880  0.478302  0.023555  -0.144133  -0.310809  0.939481  -0.029100  -0.000138  -0.029180  -0.463237  0.409527  -0.157326  1.000000  
57.824944 0.013366  -0.008262  0.021880  0.457064  0.821465  0.341010  -0.877743  0.478547  0.023682  -0.143735  -0.310143  0.939761  -0.029135  -0.000119  -0.029583  -0.478609  0.411634  -0.164016  1.000000  
57.826191 0.013329  -0.008263  0.021836  0.457633  0.821516  0.340123  -0.877511  0.478964  0.023820  -0.143338  -0.309363  0.940079  -0.029277  -0.000165  -0.030386  -0.487905  0.414674  -0.182218  1.000000  
57.827192 0.013299  -0.008264  0.021800  0.458021  0.821664  0.339241  -0.877374  0.479212  0.023888  -0.142941  -0.308583  0.940396  -0.029387  -0.000180  -0.031010  -0.503185  0.416738  -0.188918  1.000000  
57.828441 0.013261  -0.008264  0.021754  0.458409  0.821853  0.338259  -0.877236  0.479464  0.023897  -0.142544  -0.307688  0.940749  -0.029624  -0.000196  -0.031482  -0.518473  0.418773  -0.195673  1.000000  
57.829691 0.013222  -0.008265  0.021712  0.458977  0.821982  0.337172  -0.877003  0.479889  0.023916  -0.142146  -0.306678  0.941139  -0.029897  -0.000170  -0.031489  -0.536945  0.418815  -0.210363  1.000000  
57.830692 0.013190  -0.008264  0.021682  0.459355  0.822109  0.336348  -0.876848  0.480175  0.023871  -0.141881  -0.305891  0.941435  -0.030112  -0.000094  -0.031313  -0.552174  0.416580  -0.218468  1.000000  
57.831698 0.013159  -0.008263  0.021654  0.459743  0.822253  0.335464  -0.876709  0.480425  0.023936  -0.141484  -0.305109  0.941749  -0.030349  -0.000025  -0.030970  -0.569080  0.419863  -0.220563  1.000000  
57.832950 0.013118  -0.008260  0.021618  0.460139  0.822537  0.334223  -0.876587  0.480648  0.023937  -0.140954  -0.303990  0.942190  -0.030641  0.000149  -0.030791  -0.592677  0.426103  -0.226009  1.000000  
57.834198 0.013077  -0.008257  0.021581  0.460715  0.822720  0.332975  -0.876369  0.481042  0.024007  -0.140424  -0.302870  0.942630  -0.030969  0.000222  -0.030813  -0.619260  0.434444  -0.237902  1.000000  
57.835447 0.013036  -0.008255  0.021541  0.461291  0.822902  0.331728  -0.876151  0.481436  0.024075  -0.139894  -0.301749  0.943068  -0.031272  0.000268  -0.031144  -0.642923  0.440699  -0.243393  1.000000  
57.836448 0.013003  -0.008254  0.021508  0.461678  0.823081  0.330743  -0.876010  0.481691  0.024079  -0.139497  -0.300851  0.943414  -0.031344  0.000385  -0.031583  -0.662442  0.442686  -0.250204  1.000000  
57.837692 0.012962  -0.008254  0.021465  0.462434  0.823160  0.329489  -0.875696  0.482256  0.024213  -0.138967  -0.299729  0.943849  -0.031490  0.000463  -0.032162  -0.683673  0.451718  -0.258696  1.000000  
57.838708 0.012929  -0.008253  0.021428  0.463010  0.823256  0.328439  -0.875475  0.482647  0.024394  -0.138437  -0.298835  0.944210  -0.031661  0.000570  -0.032699  -0.704930  0.457465  -0.267731  1.000000  
57.839944 0.012888  -0.008252  0.021381  0.463765  0.823370  0.327084  -0.875159  0.483216  0.024467  -0.137907  -0.297597  0.944679  -0.031913  0.000669  -0.033212  -0.724486  0.468192  -0.282485  1.000000  
57.841192 0.012845  -0.008251  0.021336  0.464529  0.823461  0.325768  -0.874858  0.483748  0.024708  -0.137244  -0.296479  0.945127  -0.032311  0.000827  -0.033295  -0.738961  0.480654  -0.293127  1.000000  
57.842442 0.012802  -0.008250  0.021293  0.465284  0.823531  0.324512  -0.874540  0.484317  0.024835  -0.136714  -0.295354  0.945556  -0.032708  0.000892  -0.033089  -0.753469  0.488885  -0.305193  1.000000  
57.843444 0.012766  -0.008250  0.021261  0.465858  0.823660  0.323359  -0.874317  0.484713  0.024953  -0.136184  -0.294343  0.945947  -0.033034  0.000973  -0.032835  -0.767859  0.497047  -0.317164  1.000000  
57.844718 0.012720  -0.008249  0.021220  0.466621  0.823744  0.322042  -0.874013  0.485249  0.025189  -0.135521  -0.293222  0.946390  -0.033448  0.001051  -0.032757  -0.781059  0.506818  -0.325253  1.000000  
57.845942 0.012675  -0.008247  0.021179  0.467563  0.823765  0.320618  -0.873612  0.485958  0.025430  -0.134858  -0.291986  0.946867  -0.033889  0.001104  -0.033133  -0.791778  0.523777  -0.345125  1.000000  
57.847192 0.012630  -0.008245  0.021134  0.468324  0.823884  0.319199  -0.873306  0.486498  0.025603  -0.134195  -0.290749  0.947342  -0.034171  0.001091  -0.033682  -0.806297  0.536069  -0.355946  1.000000  
57.848442 0.012586  -0.008243  0.021086  0.469266  0.823976  0.317573  -0.872903  0.487216  0.025722  -0.133532  -0.289281  0.947885  -0.034473  0.001037  -0.034530  -0.824084  0.550454  -0.373446  1.000000  
57.849453 0.012551  -0.008241  0.021047  0.470026  0.824013  0.316352  -0.872594  0.487753  0.026009  -0.132869  -0.288272  0.948285  -0.034540  0.001016  -0.035174  -0.838062  0.565097  -0.380766  1.000000  
57.850695 0.012506  -0.008239  0.020999  0.470967  0.824099  0.314724  -0.872188  0.488473  0.026123  -0.132206  -0.286802  0.948824  -0.034784  0.001075  -0.035634  -0.860133  0.579579  -0.398457  1.000000  
57.851698 0.012471  -0.008237  0.020962  0.471898  0.824050  0.313456  -0.871765  0.489218  0.026300  -0.131676  -0.285671  0.949238  -0.034950  0.001136  -0.035839  -0.877713  0.593900  -0.415829  1.000000  
57.852701 0.012435  -0.008235  0.020928  0.472657  0.824117  0.312132  -0.871453  0.489761  0.026522  -0.131013  -0.284545  0.949668  -0.035163  0.001244  -0.035682  -0.892226  0.610392  -0.425380  1.000000  
57.853942 0.012389  -0.008233  0.020887  0.473596  0.824156  0.310602  -0.871043  0.490481  0.026688  -0.130349  -0.283187  0.950165  -0.035507  0.001304  -0.035415  -0.910812  0.623949  -0.438070  1.000000  
57.854946 0.012352  -0.008232  0.020856  0.474355  0.824218  0.309276  -0.870729  0.491026  0.026906  -0.129686  -0.282059  0.950592  -0.035707  0.001397  -0.035047  -0.929961  0.639304  -0.446242  1.000000  
57.856192 0.012305  -0.008229  0.020818  0.475480  0.824169  0.307677  -0.870234  0.491885  0.027242  -0.128890  -0.280704  0.951101  -0.035986  0.001455  -0.034580  -0.942940  0.655550  -0.470586  1.000000  
57.857197 0.012267  -0.008228  0.020788  0.476416  0.824124  0.306344  -0.869819  0.492603  0.027519  -0.128227  -0.279575  0.951523  -0.036256  0.001495  -0.034267  -0.956552  0.673967  -0.486808  1.000000  
57.858442 0.012220  -0.008226  0.020749  0.477361  0.824169  0.304749  -0.869418  0.493295  0.027786  -0.127430  -0.278218  0.952027  -0.036409  0.001571  -0.034167  -0.967453  0.690404  -0.496903  1.000000  
57.859694 0.012172  -0.008225  0.020707  0.478484  0.824072  0.303246  -0.868917  0.494155  0.028173  -0.126634  -0.276976  0.952496  -0.036630  0.001557  -0.034245  -0.972238  0.710746  -0.520006  1.000000  
57.860942 0.012124  -0.008224  0.020664  0.479606  0.823972  0.301742  -0.868414  0.495016  0.028556  -0.125838  -0.275733  0.952962  -0.036742  0.001546  -0.034320  -0.978305  0.724928  -0.538080  1.000000  
57.861942 0.012086  -0.008223  0.020629  0.480353  0.823964  0.300572  -0.868078  0.495597  0.028710  -0.125307  -0.274711  0.953327  -0.036886  0.001504  -0.034234  -0.984644  0.733522  -0.551585  1.000000  
57.863191 0.012038  -0.008221  0.020588  0.481652  0.823756  0.299060  -0.867472  0.496631  0.029150  -0.124510  -0.273467  0.953789  -0.037121  0.001479  -0.033770  -0.983976  0.750795  -0.582162  1.000000  
57.864444 0.011989  -0.008220  0.020551  0.482772  0.823647  0.297553  -0.866964  0.497496  0.029524  -0.123714  -0.272221  0.954249  -0.037483  0.001365  -0.033064  -0.985731  0.764465  -0.600080  1.000000  
57.865691 0.011939  -0.008219  0.020517  0.483883  0.823552  0.296007  -0.866439  0.498398  0.029724  -0.123050  -0.270854  0.954723  -0.037811  0.001313  -0.032138  -0.991572  0.773832  -0.619406  1.000000  
57.866695 0.011899  -0.008219  0.020493  0.484814  0.823449  0.294765  -0.866012  0.499120  0.030041  -0.122386  -0.269834  0.955097  -0.038177  0.001217  -0.031298  -0.994154  0.785590  -0.630662  1.000000  
57.867696 0.011859  -0.008218  0.020469  0.485559  0.823430  0.293591  -0.865669  0.499705  0.030184  -0.121855  -0.268809  0.955454  -0.038422  0.001127  -0.030613  -0.998647  0.791292  -0.636783  1.000000  
57.868943 0.011808  -0.008218  0.020440  0.486676  0.823308  0.292080  -0.865154  0.500575  0.030547  -0.121058  -0.267560  0.955906  -0.038733  0.001016  -0.029809  -0.997648  0.803188  -0.648648  1.000000  
57.869943 0.011769  -0.008218  0.020415  0.487420  0.823284  0.290904  -0.864809  0.501162  0.030687  -0.120526  -0.266534  0.956260  -0.038878  0.000936  -0.029378  -1.000095  0.804082  -0.655805  1.000000  
57.870944 0.011730  -0.008217  0.020392  0.488350  0.823172  0.289660  -0.864377  0.501888  0.030995  -0.119862  -0.265512  0.956628  -0.038959  0.000829  -0.028877  -1.004020  0.811969  -0.668843  1.000000  
57.871948 0.011690  -0.008217  0.020369  0.489101  0.823161  0.288420  -0.864044  0.502446  0.031242  -0.119198  -0.264488  0.956994  -0.039105  0.000770  -0.028397  -1.007485  0.821707  -0.673655  1.000000  
57.873192 0.011641  -0.008217  0.020342  0.490037  0.823132  0.286911  -0.863623  0.503150  0.031536  -0.118401  -0.263237  0.957438  -0.039262  0.000620  -0.027545  -1.007585  0.827350  -0.680379  1.000000  
57.874442 0.011589  -0.008218  0.020316  0.490972  0.823100  0.285400  -0.863201  0.503857  0.031827  -0.117604  -0.261984  0.957880  -0.039488  0.000508  -0.026529  -1.012249  0.833415  -0.687397  1.000000  
57.875693 0.011537  -0.008219  0.020294  0.491907  0.823030  0.283988  -0.862777  0.504560  0.032177  -0.116807  -0.260846  0.958288  -0.039795  0.000346  -0.025090  -1.007883  0.836103  -0.686641  1.000000  
57.876942 0.011485  -0.008219  0.020274  0.492841  0.822957  0.282575  -0.862351  0.505265  0.032524  -0.116009  -0.259708  0.958694  -0.040053  0.000264  -0.023503  -1.003643  0.841515  -0.693166  1.000000  
57.878192 0.011432  -0.008221  0.020258  0.493952  0.822744  0.281254  -0.861822  0.506137  0.032989  -0.115212  -0.258686  0.959066  -0.040448  0.000039  -0.021812  -0.987149  0.846841  -0.699735  1.000000  
57.879192 0.011388  -0.008222  0.020246  0.494700  0.822651  0.280209  -0.861482  0.506693  0.033346  -0.114547  -0.257891  0.959360  -0.040745  -0.000153  -0.020696  -0.978831  0.845565  -0.700157  1.000000  
57.880442 0.011333  -0.008226  0.020230  0.495632  0.822537  0.278892  -0.861051  0.507397  0.033749  -0.113750  -0.256868  0.959729  -0.041088  -0.000416  -0.019464  -0.967292  0.848919  -0.700036  1.000000  
57.881692 0.011279  -0.008228  0.020214  0.496564  0.822421  0.277575  -0.860620  0.508102  0.034148  -0.112952  -0.255843  0.960097  -0.041326  -0.000616  -0.018640  -0.952659  0.850470  -0.693501  1.000000  
57.882697 0.011236  -0.008231  0.020199  0.497310  0.822290  0.276627  -0.860276  0.508656  0.034563  -0.112287  -0.255164  0.960356  -0.041513  -0.000871  -0.017911  -0.937033  0.849768  -0.694357  1.000000  
57.883701 0.011194  -0.008235  0.020184  0.498056  0.822190  0.275578  -0.859931  0.509215  0.034914  -0.111623  -0.254367  0.960644  -0.041642  -0.001123  -0.017314  -0.925543  0.853871  -0.694319  1.000000  
57.884701 0.011151  -0.008237  0.020170  0.498801  0.822089  0.274529  -0.859585  0.509775  0.035264  -0.110958  -0.253571  0.960932  -0.041837  -0.001335  -0.016630  -0.917855  0.852611  -0.694906  1.000000  
57.885946 0.011098  -0.008242  0.020153  0.499738  0.821982  0.273143  -0.859160  0.510455  0.035767  -0.110027  -0.252548  0.961308  -0.042139  -0.001712  -0.015783  -0.903456  0.854945  -0.688739  1.000000  
57.886948 0.011055  -0.008246  0.020143  0.500482  0.821878  0.272092  -0.858812  0.511017  0.036114  -0.109362  -0.251750  0.961593  -0.042356  -0.001915  -0.015075  -0.895883  0.857959  -0.688181  1.000000  
57.888194 0.011000  -0.008250  0.020132  0.501410  0.821717  0.270868  -0.858372  0.511724  0.036564  -0.108564  -0.250839  0.961922  -0.042702  -0.002190  -0.013880  -0.877113  0.851665  -0.684230  1.000000  
57.889443 0.010946  -0.008254  0.020124  0.502345  0.821603  0.269478  -0.857942  0.512407  0.037061  -0.107633  -0.249814  0.962293  -0.042908  -0.002457  -0.012696  -0.870635  0.853463  -0.677604  1.000000  
57.890692 0.010890  -0.008260  0.020116  0.503271  0.821437  0.268252  -0.857499  0.513117  0.037507  -0.106835  -0.248902  0.962618  -0.043157  -0.002724  -0.011827  -0.859882  0.850854  -0.672010  1.000000  
57.891694 0.010845  -0.008264  0.020111  0.504197  0.821237  0.267124  -0.857054  0.513822  0.038013  -0.106036  -0.248106  0.962912  -0.043403  -0.003056  -0.011064  -0.851473  0.860667  -0.677135  1.000000  
57.892696 0.010800  -0.008268  0.020106  0.504945  0.821109  0.266102  -0.856712  0.514355  0.038525  -0.105238  -0.247426  0.963175  -0.043571  -0.003213  -0.010511  -0.840593  0.862511  -0.670103  1.000000  
57.893942 0.010742  -0.008274  0.020096  0.506046  0.820863  0.264765  -0.856160  0.515240  0.038956  -0.104440  -0.246395  0.963526  -0.043819  -0.003513  -0.010138  -0.833630  0.860898  -0.671091  1.000000  
57.895191 0.010684  -0.008280  0.020085  0.506977  0.820706  0.263469  -0.855722  0.515925  0.039505  -0.103508  -0.245484  0.963859  -0.044050  -0.003741  -0.009873  -0.819236  0.866171  -0.656837  1.000000  
57.896192 0.010637  -0.008286  0.020077  0.507716  0.820556  0.262510  -0.855364  0.516489  0.039900  -0.102843  -0.244799  0.964104  -0.044224  -0.003899  -0.009588  -0.812255  0.869051  -0.656445  1.000000  
57.897192 0.010591  -0.008291  0.020068  0.508632  0.820299  0.261542  -0.854900  0.517222  0.040348  -0.102177  -0.244114  0.964348  -0.044465  -0.004133  -0.009159  -0.800597  0.868359  -0.657215  1.000000  
57.898442 0.010533  -0.008298  0.020058  0.509729  0.819981  0.260399  -0.854341  0.518101  0.040896  -0.101379  -0.243316  0.964635  -0.044754  -0.004298  -0.008664  -0.780274  0.868677  -0.658412  1.000000  
57.899452 0.010486  -0.008304  0.020052  0.510643  0.819720  0.259429  -0.853874  0.518836  0.041341  -0.100713  -0.242630  0.964877  -0.045094  -0.004502  -0.007991  -0.767579  0.873958  -0.664568  1.000000  
57.900697 0.010426  -0.008311  0.020044  0.511739  0.819429  0.258184  -0.853311  0.519722  0.041821  -0.099914  -0.241713  0.965190  -0.045527  -0.004668  -0.007403  -0.756162  0.873342  -0.665750  1.000000  
57.901702 0.010379  -0.008317  0.020039  0.512651  0.819133  0.257312  -0.852841  0.520452  0.042325  -0.099249  -0.241144  0.965401  -0.045823  -0.004824  -0.007067  -0.739672  0.874533  -0.673197  1.000000  
57.902947 0.010319  -0.008325  0.020032  0.513745  0.818808  0.256164  -0.852275  0.521334  0.042864  -0.098450  -0.240343  0.965683  -0.046185  -0.005063  -0.006781  -0.723258  0.875487  -0.680825  1.000000  
57.904192 0.010260  -0.008333  0.020022  0.514845  0.818527  0.254849  -0.851719  0.522195  0.043447  -0.097518  -0.239428  0.966004  -0.046484  -0.005302  -0.006883  -0.711187  0.880977  -0.687568  1.000000  
57.905442 0.010201  -0.008340  0.020012  0.515937  0.818197  0.253698  -0.851149  0.523079  0.043981  -0.096719  -0.238626  0.966283  -0.046702  -0.005464  -0.007087  -0.698960  0.882052  -0.695240  1.000000  
57.906692 0.010142  -0.008349  0.020000  0.517028  0.817895  0.252447  -0.850577  0.523969  0.044449  -0.095920  -0.237707  0.966589  -0.046899  -0.005635  -0.007437  -0.690762  0.882997  -0.702911  1.000000  
57.907694 0.010094  -0.008356  0.019991  0.517762  0.817729  0.251479  -0.850206  0.524539  0.044828  -0.095254  -0.237019  0.966824  -0.047074  -0.005846  -0.007633  -0.687964  0.880675  -0.696951  1.000000  
57.908942 0.010034  -0.008363  0.019980  0.518851  0.817423  0.250226  -0.849630  0.525430  0.045291  -0.094455  -0.236099  0.967128  -0.047211  -0.005947  -0.007731  -0.683933  0.881748  -0.704650  1.000000  
57.910192 0.009974  -0.008370  0.019972  0.519772  0.817239  0.248913  -0.849171  0.526128  0.045810  -0.093522  -0.235181  0.967442  -0.047329  -0.005969  -0.007538  -0.680644  0.885405  -0.704531  1.000000  
57.911442 0.009914  -0.008377  0.019966  0.520859  0.816928  0.247658  -0.848592  0.527021  0.046268  -0.092723  -0.234260  0.967742  -0.047477  -0.006019  -0.007151  -0.676579  0.886392  -0.712187  1.000000  
57.912692 0.009854  -0.008384  0.019961  0.521778  0.816710  0.246442  -0.848129  0.527715  0.046847  -0.091790  -0.233458  0.968025  -0.047647  -0.006065  -0.006894  -0.675120  0.888940  -0.711566  1.000000  
57.913692 0.009805  -0.008390  0.019958  0.522683  0.816427  0.245459  -0.847643  0.528457  0.047267  -0.091124  -0.232768  0.968254  -0.047829  -0.006067  -0.006519  -0.671083  0.890193  -0.719050  1.000000  
57.914942 0.009744  -0.008398  0.019954  0.523774  0.816096  0.244231  -0.847069  0.529320  0.047893  -0.090191  -0.231965  0.968534  -0.047895  -0.006086  -0.006341  -0.663063  0.891048  -0.726513  1.000000  
57.915944 0.009696  -0.008404  0.019950  0.524677  0.815780  0.243345  -0.846581  0.530057  0.048373  -0.089525  -0.231392  0.968733  -0.047971  -0.006155  -0.006223  -0.654833  0.892093  -0.733762  1.000000  
57.916945 0.009648  -0.008411  0.019944  0.525406  0.815601  0.242370  -0.846199  0.530633  0.048738  -0.088859  -0.230701  0.968959  -0.047886  -0.006139  -0.006242  -0.651422  0.891544  -0.734538  1.000000  
57.917955 0.009600  -0.008417  0.019938  0.526134  0.815392  0.241493  -0.845817  0.531203  0.049166  -0.088192  -0.230127  0.969156  -0.047920  -0.006184  -0.006234  -0.645769  0.892071  -0.735585  1.000000  
57.919200 0.009541  -0.008425  0.019930  0.527221  0.815054  0.240260  -0.845236  0.532070  0.049783  -0.087259  -0.229322  0.969431  -0.047964  -0.006192  -0.006155  -0.637868  0.893109  -0.743278  1.000000  
57.920444 0.009482  -0.008434  0.019922  0.528302  0.814697  0.239094  -0.844643  0.532963  0.050287  -0.086460  -0.228515  0.969694  -0.047944  -0.006220  -0.005890  -0.633991  0.894266  -0.750985  1.000000  
57.921692 0.009422  -0.008442  0.019916  0.529214  0.814493  0.237769  -0.844167  0.533670  0.050784  -0.085527  -0.227593  0.969993  -0.047951  -0.006205  -0.005526  -0.633640  0.890593  -0.744635  1.000000  
57.922947 0.009363  -0.008450  0.019913  0.530293  0.814131  0.236601  -0.843570  0.534564  0.051284  -0.084727  -0.226784  0.970253  -0.047910  -0.006159  -0.004979  -0.627486  0.888397  -0.753880  1.000000  
57.924193 0.009305  -0.008457  0.019911  0.531203  0.813894  0.235372  -0.843091  0.535266  0.051841  -0.083793  -0.225978  0.970522  -0.047819  -0.006117  -0.004456  -0.625018  0.886203  -0.748165  1.000000  
57.925193 0.009259  -0.008462  0.019910  0.531927  0.813704  0.234391  -0.842700  0.535847  0.052194  -0.083127  -0.225285  0.970740  -0.047676  -0.006111  -0.004135  -0.625588  0.885591  -0.748799  1.000000  
57.926442 0.009200  -0.008470  0.019910  0.533015  0.813397  0.232981  -0.842117  0.536699  0.052841  -0.082060  -0.224363  0.971045  -0.047566  -0.006158  -0.003683  -0.626614  0.889378  -0.748788  1.000000  
57.927442 0.009154  -0.008475  0.019909  0.533737  0.813205  0.231998  -0.841724  0.537281  0.053191  -0.081393  -0.223668  0.971261  -0.047419  -0.006165  -0.003517  -0.627279  0.888900  -0.749537  1.000000  
57.928692 0.009097  -0.008483  0.019908  0.534638  0.812972  0.230736  -0.841229  0.538018  0.053565  -0.080593  -0.222740  0.971541  -0.047173  -0.006160  -0.003327  -0.630821  0.885212  -0.743057  1.000000  
57.929941 0.009040  -0.008490  0.019907  0.535544  0.812725  0.229502  -0.840742  0.538725  0.054113  -0.079660  -0.221932  0.971803  -0.046929  -0.006127  -0.003109  -0.632446  0.887621  -0.736424  1.000000  
57.930942 0.008995  -0.008496  0.019906  0.536265  0.812499  0.228615  -0.840345  0.539302  0.054523  -0.078993  -0.221354  0.971989  -0.046742  -0.006117  -0.002919  -0.629355  0.889586  -0.729127  1.000000  
57.932193 0.008938  -0.008504  0.019906  0.537169  0.812221  0.227477  -0.839855  0.540004  0.055132  -0.078059  -0.220663  0.972222  -0.046625  -0.006175  -0.002499  -0.626735  0.891809  -0.722235  1.000000  
57.933214 0.008893  -0.008510  0.019907  0.537894  0.812010  0.226518  -0.839465  0.540557  0.055649  -0.077259  -0.220087  0.972416  -0.046291  -0.006057  -0.001872  -0.625442  0.890635  -0.716172  1.000000  
57.934459 0.008834  -0.008518  0.019911  0.538970  0.811644  0.225268  -0.838860  0.541434  0.056235  -0.076325  -0.219277  0.972673  -0.046254  -0.006065  -0.001065  -0.622456  0.890347  -0.717333  1.000000  
57.935702 0.008777  -0.008525  0.019916  0.539877  0.811377  0.224055  -0.838373  0.542114  0.056948  -0.075257  -0.218587  0.972911  -0.046118  -0.005980  -0.000209  -0.619696  0.901255  -0.708227  1.000000  
57.936947 0.008720  -0.008532  0.019922  0.540955  0.810996  0.222830  -0.837773  0.542961  0.057704  -0.074190  -0.217896  0.973148  -0.046018  -0.005908  0.000475  -0.612466  0.909545  -0.707103  1.000000  
57.938203 0.008663  -0.008539  0.019928  0.541860  0.810725  0.221614  -0.837282  0.543643  0.058413  -0.073123  -0.217205  0.973383  -0.045806  -0.005882  0.001096  -0.609106  0.917575  -0.705699  1.000000  
