1-Time 2-Px 3-Py 4-Pz 5-R11 6-R21 7-R31 8-R12 9-R22 10-R32 11-R13 12-R23 13-R33 14-Vx 15-Vy 16-Vz 17-Wx 18-Wy 19-Wz 20-state
7.785339 -0.046487  0.057771  0.002173  0.850099  0.055415  0.523700  -0.473839  0.514432  0.714728  -0.229801  -0.855739  0.463576  0.000000  0.000000  0.000000  0.000000  0.000000  0.000000  1.000000  
7.786396 -0.046487  0.057771  0.002172  0.850099  0.055352  0.523706  -0.473839  0.514345  0.714790  -0.229801  -0.855795  0.463472  0.000074  -0.000604  -0.000194  0.000000  0.000000  0.000000  1.000000  
7.787649 -0.046475  0.057757  0.002171  0.850099  0.055352  0.523706  -0.473839  0.514345  0.714790  -0.229801  -0.855795  0.463472  0.006094  -0.007044  -0.000825  0.000000  0.000000  0.000000  1.000000  
7.788650 -0.046458  0.057737  0.002170  0.850099  0.055352  0.523706  -0.473839  0.514345  0.714790  -0.229801  -0.855795  0.463472  0.009509  -0.011382  -0.000926  0.000000  0.000000  0.000000  1.000000  
7.789896 -0.046433  0.057708  0.002166  0.850099  0.055225  0.523720  -0.473839  0.514172  0.714915  -0.229801  -0.855907  0.463265  0.012558  -0.014963  -0.001422  0.000000  0.000000  0.000000  1.000000  
7.791144 -0.046402  0.057674  0.002160  0.850099  0.054971  0.523746  -0.473839  0.513825  0.715165  -0.229801  -0.856132  0.462849  0.015431  -0.017792  -0.002329  0.000000  0.000000  0.000000  1.000000  
7.792153 -0.046370  0.057641  0.002152  0.850196  0.054611  0.523626  -0.473664  0.513489  0.715522  -0.229801  -0.856357  0.462434  0.018018  -0.020127  -0.003187  0.000000  0.000000  0.000000  1.000000  
7.793203 -0.046331  0.057603  0.002144  0.850196  0.054357  0.523652  -0.473664  0.513142  0.715771  -0.229801  -0.856581  0.462018  0.020561  -0.022339  -0.003832  0.000000  0.000000  0.000000  1.000000  
7.794400 -0.046280  0.057549  0.002135  0.850321  0.054034  0.523484  -0.473504  0.512663  0.716220  -0.229671  -0.856888  0.461513  0.023674  -0.025390  -0.004248  0.000000  0.000000  0.000000  1.000000  
7.795642 -0.046224  0.057490  0.002128  0.850391  0.053574  0.523416  -0.473314  0.512382  0.716546  -0.229801  -0.857085  0.461083  0.026315  -0.028201  -0.004414  0.000000  0.000000  0.000000  1.000000  
7.796645 -0.046177  0.057439  0.002122  0.850435  0.053078  0.523396  -0.473109  0.512244  0.716780  -0.230061  -0.857198  0.460742  0.028164  -0.030225  -0.004569  0.000000  0.000000  0.000000  1.000000  
7.797895 -0.046118  0.057375  0.002113  0.850452  0.052418  0.523435  -0.472889  0.512074  0.717047  -0.230452  -0.857340  0.460282  0.030152  -0.032375  -0.004895  0.000000  0.000000  0.000000  1.000000  
7.799142 -0.046059  0.057310  0.002101  0.850468  0.051821  0.523468  -0.472669  0.511991  0.717251  -0.230842  -0.857426  0.459926  0.031733  -0.034183  -0.005326  0.000000  0.000000  0.000000  1.000000  
7.800215 -0.046011  0.057255  0.002091  0.850441  0.051530  0.523541  -0.472654  0.511786  0.717407  -0.230973  -0.857566  0.459600  0.032641  -0.035456  -0.005624  0.000000  0.000000  0.000000  1.000000  
7.801409 -0.045952  0.057180  0.002079  0.850414  0.051366  0.523601  -0.472639  0.511755  0.717440  -0.231103  -0.857595  0.459481  0.036132  -0.039945  -0.006296  0.000000  0.000000  0.000000  1.000000  
7.802642 -0.045892  0.057103  0.002067  0.850511  0.051198  0.523459  -0.472464  0.511678  0.717609  -0.231103  -0.857650  0.459377  0.038862  -0.043667  -0.006918  0.000000  0.000000  0.000000  1.000000  
7.803708 -0.045845  0.057040  0.002057  0.850608  0.051029  0.523318  -0.472289  0.511602  0.717779  -0.231103  -0.857706  0.459273  0.041119  -0.046678  -0.007521  0.000000  0.000000  0.000000  1.000000  
7.804921 -0.045788  0.056961  0.002044  0.850414  0.051176  0.523619  -0.472639  0.511494  0.717626  -0.231103  -0.857762  0.459169  0.043293  -0.050107  -0.008230  0.000000  0.000000  0.000000  1.000000  
7.806162 -0.045732  0.056879  0.002029  0.850246  0.051423  0.523867  -0.473004  0.511330  0.717502  -0.230973  -0.857845  0.459080  0.044879  -0.053323  -0.008728  0.000000  0.000000  0.000000  1.000000  
7.807165 -0.045686  0.056811  0.002015  0.850176  0.051565  0.523968  -0.473194  0.511176  0.717486  -0.230842  -0.857928  0.458990  0.045728  -0.055523  -0.009134  0.000000  0.000000  0.000000  1.000000  
7.808399 -0.045629  0.056725  0.001997  0.849937  0.051954  0.524316  -0.473749  0.510859  0.717346  -0.230582  -0.858093  0.458811  0.046473  -0.058405  -0.009691  0.000000  0.000000  0.000000  1.000000  
7.809646 -0.045572  0.056636  0.001978  0.849752  0.052480  0.524564  -0.474334  0.510342  0.717327  -0.230061  -0.858369  0.458557  0.046463  -0.060126  -0.010375  0.000000  0.000000  0.000000  1.000000  
7.810648 -0.045527  0.056564  0.001960  0.849664  0.052900  0.524664  -0.474744  0.509835  0.717417  -0.229540  -0.858644  0.458302  0.046435  -0.061880  -0.011346  0.238037  -0.030231  0.028412  1.000000  
7.811648 -0.045482  0.056492  0.001938  0.849478  0.053361  0.524919  -0.475329  0.509230  0.717459  -0.229020  -0.858975  0.457943  0.046313  -0.063288  -0.012370  0.242102  -0.039700  0.056395  1.000000  
7.812899 -0.045427  0.056400  0.001906  0.849220  0.053963  0.525275  -0.476103  0.508469  0.717485  -0.228368  -0.859388  0.457494  0.046012  -0.065271  -0.013877  0.246343  -0.052200  0.089348  1.000000  
7.814143 -0.045375  0.056306  0.001870  0.848764  0.054774  0.525927  -0.477226  0.507686  0.717294  -0.227717  -0.859800  0.457045  0.045552  -0.067189  -0.015485  0.246985  -0.076040  0.126084  1.000000  
7.815144 -0.045333  0.056228  0.001839  0.848575  0.055233  0.526184  -0.477810  0.507078  0.717335  -0.227196  -0.860129  0.456684  0.045420  -0.068797  -0.016823  0.250296  -0.082884  0.147416  1.000000  
7.816146 -0.045292  0.056149  0.001808  0.848287  0.055796  0.526589  -0.478568  0.506458  0.717267  -0.226674  -0.860457  0.456324  0.044987  -0.070057  -0.018290  0.251982  -0.096669  0.173263  1.000000  
7.817398 -0.045240  0.056050  0.001768  0.848025  0.056459  0.526941  -0.479341  0.505781  0.717229  -0.226023  -0.860813  0.455977  0.044191  -0.071341  -0.020255  0.264134  -0.110668  0.207236  1.000000  
7.818400 -0.045199  0.055970  0.001735  0.847735  0.057084  0.527340  -0.480099  0.505246  0.717099  -0.225501  -0.861085  0.455721  0.043984  -0.072644  -0.021700  0.270107  -0.125984  0.235796  1.000000  
7.819646 -0.045149  0.055871  0.001694  0.847371  0.057849  0.527841  -0.481046  0.504555  0.716952  -0.224850  -0.861439  0.455373  0.043352  -0.073777  -0.023527  0.272282  -0.143975  0.269248  1.000000  
7.820656 -0.045108  0.055793  0.001661  0.847079  0.058537  0.528233  -0.481803  0.504105  0.716759  -0.224328  -0.861656  0.455220  0.043101  -0.074619  -0.024984  0.260055  -0.160505  0.299876  1.000000  
7.821915 -0.045056  0.055695  0.001621  0.846812  0.059325  0.528573  -0.482574  0.503598  0.716597  -0.223676  -0.861899  0.455081  0.042763  -0.075602  -0.026486  0.242937  -0.178858  0.333845  1.000000  
7.823144 -0.045001  0.055595  0.001584  0.846570  0.060212  0.528860  -0.483360  0.503032  0.716465  -0.222894  -0.862168  0.454956  0.042662  -0.076535  -0.027857  0.224491  -0.189902  0.369791  1.000000  
7.824168 -0.044956  0.055516  0.001555  0.846475  0.060756  0.528951  -0.483768  0.502691  0.716429  -0.222372  -0.862329  0.454907  0.042494  -0.077028  -0.028865  0.204895  -0.202635  0.393246  1.000000  
7.825398 -0.044899  0.055417  0.001521  0.846231  0.061706  0.529232  -0.484553  0.502210  0.716235  -0.221589  -0.862541  0.454885  0.042574  -0.077794  -0.029744  0.185064  -0.217810  0.436984  1.000000  
7.826398 -0.044854  0.055337  0.001493  0.846134  0.062249  0.529323  -0.484961  0.501868  0.716199  -0.221067  -0.862701  0.454836  0.042585  -0.078293  -0.030187  0.172293  -0.223114  0.470286  1.000000  
7.827398 -0.044809  0.055258  0.001464  0.846162  0.062789  0.529214  -0.485208  0.501481  0.716303  -0.220415  -0.862887  0.454800  0.042657  -0.078670  -0.030392  0.164171  -0.218987  0.501295  1.000000  
7.828647 -0.044752  0.055156  0.001429  0.846141  0.063633  0.529147  -0.485659  0.500966  0.716358  -0.219501  -0.863125  0.454792  0.042925  -0.079243  -0.030390  0.144306  -0.217275  0.553473  1.000000  
7.829650 -0.044706  0.055072  0.001402  0.846143  0.064072  0.529091  -0.485892  0.500636  0.716431  -0.218979  -0.863284  0.454742  0.043214  -0.079680  -0.030205  0.139014  -0.211108  0.581603  1.000000  
7.830896 -0.044648  0.054965  0.001368  0.846069  0.064779  0.529122  -0.486313  0.500322  0.716364  -0.218326  -0.863413  0.454810  0.043579  -0.080280  -0.029905  0.126824  -0.208761  0.606886  1.000000  
7.831900 -0.044603  0.054878  0.001339  0.845970  0.065321  0.529214  -0.486720  0.499978  0.716328  -0.217804  -0.863571  0.454759  0.043886  -0.080767  -0.029656  0.123046  -0.219531  0.635859  1.000000  
7.832901 -0.044558  0.054790  0.001308  0.845946  0.065596  0.529219  -0.486937  0.499617  0.716432  -0.217412  -0.863759  0.454590  0.044165  -0.081305  -0.029497  0.128193  -0.225213  0.654079  1.000000  
7.834146 -0.044502  0.054682  0.001268  0.845821  0.065974  0.529372  -0.487329  0.499244  0.716426  -0.217020  -0.863946  0.454422  0.044572  -0.081942  -0.029434  0.129771  -0.223181  0.663757  1.000000  
7.835397 -0.044444  0.054573  0.001225  0.845796  0.066249  0.529378  -0.487547  0.498883  0.716529  -0.216628  -0.864134  0.454252  0.045073  -0.082776  -0.029560  0.133967  -0.217135  0.675807  1.000000  
7.836646 -0.044385  0.054462  0.001180  0.845670  0.066626  0.529531  -0.487938  0.498508  0.716523  -0.216236  -0.864321  0.454083  0.045555  -0.083702  -0.029941  0.136831  -0.209057  0.686500  1.000000  
7.837648 -0.044336  0.054373  0.001143  0.845620  0.066801  0.529589  -0.488141  0.498205  0.716596  -0.215975  -0.864482  0.453900  0.045815  -0.084209  -0.030368  0.142556  -0.203190  0.683135  1.000000  
7.838897 -0.044275  0.054262  0.001097  0.845469  0.067013  0.529804  -0.488518  0.497801  0.716620  -0.215714  -0.864698  0.453613  0.046099  -0.084939  -0.031045  0.142667  -0.207560  0.674704  1.000000  
7.839900 -0.044227  0.054173  0.001060  0.845317  0.067290  0.530010  -0.488895  0.497484  0.716583  -0.215453  -0.864859  0.453430  0.046321  -0.085590  -0.031663  0.140272  -0.203901  0.667409  1.000000  
7.840901 -0.044179  0.054082  0.001022  0.845217  0.067264  0.530174  -0.489069  0.497296  0.716594  -0.215453  -0.864969  0.453220  0.046550  -0.086417  -0.032334  0.137866  -0.206572  0.648307  1.000000  
7.841913 -0.044131  0.053991  0.000986  0.845040  0.067440  0.530433  -0.489432  0.497037  0.716527  -0.215322  -0.865105  0.453023  0.046670  -0.087168  -0.032893  0.132902  -0.201138  0.629793  1.000000  
7.843149 -0.044070  0.053874  0.000942  0.844888  0.067781  0.530631  -0.489809  0.496806  0.716430  -0.215061  -0.865211  0.452945  0.046957  -0.088261  -0.033479  0.121462  -0.198069  0.613912  1.000000  
7.844396 -0.044011  0.053755  0.000902  0.844736  0.068057  0.530838  -0.490185  0.496488  0.716392  -0.214799  -0.865372  0.452762  0.047162  -0.089337  -0.033870  0.114074  -0.178621  0.587342  1.000000  
7.845399 -0.043964  0.053658  0.000872  0.844685  0.068295  0.530889  -0.490388  0.496271  0.716404  -0.214538  -0.865477  0.452683  0.047145  -0.090060  -0.034031  0.105052  -0.171051  0.572948  1.000000  
7.846644 -0.043907  0.053536  0.000836  0.844558  0.068799  0.531026  -0.490779  0.496068  0.716277  -0.214146  -0.865554  0.452723  0.047111  -0.090913  -0.034025  0.091243  -0.160069  0.558088  1.000000  
7.847645 -0.043862  0.053439  0.000807  0.844481  0.068937  0.531130  -0.490967  0.495909  0.716258  -0.214015  -0.865634  0.452632  0.047116  -0.091551  -0.033934  0.086312  -0.154615  0.539996  1.000000  
7.848646 -0.043817  0.053341  0.000778  0.844329  0.069342  0.531320  -0.491344  0.495764  0.716100  -0.213754  -0.865685  0.452658  0.047178  -0.092285  -0.033764  0.077355  -0.147053  0.525883  1.000000  
7.849896 -0.043760  0.053218  0.000741  0.844151  0.069646  0.531563  -0.491706  0.495677  0.715912  -0.213623  -0.865710  0.452671  0.047165  -0.093330  -0.033374  0.069892  -0.137707  0.500757  1.000000  
7.850901 -0.043714  0.053119  0.000712  0.843973  0.069886  0.531813  -0.492068  0.495503  0.715784  -0.213492  -0.865790  0.452580  0.047183  -0.094158  -0.033095  0.066982  -0.129394  0.479393  1.000000  
7.852147 -0.043656  0.052994  0.000672  0.843820  0.070290  0.532004  -0.492444  0.495357  0.715626  -0.213231  -0.865841  0.452606  0.046884  -0.094996  -0.032579  0.059990  -0.126657  0.464526  1.000000  
7.853396 -0.043599  0.052869  0.000632  0.843641  0.070594  0.532246  -0.492806  0.495270  0.715437  -0.213100  -0.865866  0.452619  0.046698  -0.095838  -0.032289  0.057605  -0.131174  0.441742  1.000000  
7.854403 -0.043553  0.052769  0.000597  0.843362  0.070935  0.532644  -0.493341  0.495081  0.715199  -0.212969  -0.865946  0.452527  0.046475  -0.096626  -0.032000  0.055620  -0.134701  0.426168  1.000000  
7.855646 -0.043496  0.052642  0.000551  0.843081  0.071276  0.533042  -0.493876  0.494892  0.714960  -0.212839  -0.866026  0.452436  0.046332  -0.097567  -0.032022  0.055818  -0.145355  0.406616  1.000000  
7.856648 -0.043450  0.052538  0.000513  0.842801  0.071617  0.533440  -0.494411  0.494702  0.714722  -0.212708  -0.866107  0.452344  0.046178  -0.098610  -0.032095  0.052913  -0.165664  0.396717  1.000000  
7.857650 -0.043405  0.052431  0.000473  0.842495  0.071793  0.533899  -0.494932  0.494485  0.714512  -0.212708  -0.866216  0.452134  0.045990  -0.099302  -0.032427  0.059673  -0.182138  0.379883  1.000000  
7.858897 -0.043348  0.052295  0.000422  0.842112  0.072235  0.534443  -0.495640  0.494280  0.714163  -0.212577  -0.866296  0.452042  0.045766  -0.100500  -0.033051  0.054875  -0.206814  0.370316  1.000000  
7.859898 -0.043302  0.052184  0.000380  0.841728  0.072612  0.534997  -0.496347  0.493988  0.713873  -0.212446  -0.866431  0.451845  0.045688  -0.101511  -0.033816  0.056595  -0.231051  0.359746  1.000000  
7.861145 -0.043245  0.052044  0.000326  0.841241  0.073025  0.535706  -0.497228  0.493595  0.713532  -0.212316  -0.866621  0.451542  0.045639  -0.102754  -0.034969  0.059884  -0.251209  0.358172  1.000000  
7.862145 -0.043199  0.051931  0.000282  0.840856  0.073402  0.536259  -0.497935  0.493302  0.713241  -0.212185  -0.866755  0.451345  0.045695  -0.103753  -0.035945  0.059631  -0.275312  0.355602  1.000000  
7.863148 -0.043153  0.051818  0.000238  0.840494  0.073812  0.536769  -0.498656  0.492864  0.713041  -0.211923  -0.866970  0.451056  0.045791  -0.104835  -0.037017  0.065444  -0.291757  0.360762  1.000000  
7.864396 -0.043094  0.051673  0.000182  0.840053  0.074423  0.537375  -0.499565  0.492351  0.712759  -0.211531  -0.867209  0.450780  0.045899  -0.106290  -0.038298  0.063248  -0.313309  0.370207  1.000000  
7.865398 -0.043046  0.051557  0.000137  0.839690  0.074897  0.537876  -0.500285  0.491998  0.712498  -0.211270  -0.867369  0.450595  0.046035  -0.107417  -0.039276  0.060952  -0.330034  0.375423  1.000000  
7.866646 -0.042985  0.051411  0.000083  0.839248  0.075507  0.538481  -0.501193  0.491482  0.712215  -0.210877  -0.867608  0.450319  0.046295  -0.108977  -0.040508  0.055239  -0.354234  0.387900  1.000000  
7.867649 -0.042936  0.051295  0.000040  0.838883  0.075980  0.538983  -0.501913  0.491128  0.711953  -0.210616  -0.867767  0.450134  0.046501  -0.110021  -0.041124  0.054529  -0.367142  0.397876  1.000000  
7.868896 -0.042875  0.051149  -0.000015  0.838414  0.076553  0.539631  -0.502805  0.490758  0.711579  -0.210354  -0.867927  0.449950  0.046741  -0.111434  -0.041930  0.046236  -0.385126  0.407081  1.000000  
7.870140 -0.042814  0.051002  -0.000069  0.837969  0.077226  0.540227  -0.503711  0.490327  0.711235  -0.209962  -0.868111  0.449778  0.046989  -0.112797  -0.042618  0.042048  -0.401171  0.420399  1.000000  
7.871162 -0.042765  0.050883  -0.000114  0.837705  0.077728  0.540563  -0.504257  0.490159  0.710963  -0.209700  -0.868160  0.449804  0.047183  -0.113849  -0.043138  0.028779  -0.408190  0.430592  1.000000  
7.872393 -0.042704  0.050732  -0.000172  0.837362  0.078364  0.541003  -0.504991  0.489829  0.710670  -0.209307  -0.868290  0.449737  0.047512  -0.115053  -0.043652  0.021751  -0.412978  0.441376  1.000000  
7.873645 -0.042642  0.050581  -0.000230  0.836890  0.079067  0.541631  -0.505881  0.489628  0.710175  -0.209046  -0.868339  0.449763  0.047823  -0.116121  -0.044151  0.013493  -0.430842  0.450616  1.000000  
7.874648 -0.042593  0.050459  -0.000278  0.836520  0.079669  0.542113  -0.506599  0.489442  0.709791  -0.208784  -0.868389  0.449789  0.048100  -0.116992  -0.044605  0.006701  -0.442809  0.456809  1.000000  
7.875649 -0.042544  0.050336  -0.000328  0.836127  0.080106  0.542655  -0.507302  0.489230  0.709435  -0.208653  -0.868468  0.449696  0.048352  -0.117715  -0.045106  0.002487  -0.466671  0.465967  1.000000  
7.876892 -0.042481  0.050181  -0.000393  0.835652  0.080742  0.543292  -0.508192  0.488940  0.708998  -0.208392  -0.868572  0.449616  0.048681  -0.118664  -0.045769  0.000877  -0.486764  0.474573  1.000000  
7.878141 -0.042417  0.050022  -0.000459  0.835257  0.081178  0.543834  -0.508894  0.488727  0.708641  -0.208261  -0.868652  0.449524  0.049080  -0.119738  -0.046489  -0.001891  -0.500774  0.476727  1.000000  
7.879391 -0.042351  0.049862  -0.000527  0.834885  0.081713  0.544325  -0.509611  0.488453  0.708315  -0.207999  -0.868756  0.449444  0.049553  -0.120782  -0.047266  -0.000563  -0.512694  0.482860  1.000000  
7.880398 -0.042297  0.049733  -0.000582  0.834594  0.081982  0.544731  -0.510141  0.488170  0.708129  -0.207868  -0.868889  0.449246  0.049949  -0.121670  -0.048029  0.006168  -0.518630  0.485815  1.000000  
7.881641 -0.042229  0.049571  -0.000652  0.834221  0.082450  0.545231  -0.510857  0.487809  0.707861  -0.207606  -0.869048  0.449061  0.050406  -0.122742  -0.048986  0.007461  -0.528695  0.495975  1.000000  
7.882645 -0.042175  0.049440  -0.000708  0.833953  0.082750  0.545596  -0.511401  0.487379  0.707764  -0.207345  -0.869260  0.448770  0.050777  -0.123682  -0.049878  0.018290  -0.532739  0.502971  1.000000  
7.883659 -0.042120  0.049307  -0.000765  0.833660  0.083018  0.546002  -0.511931  0.487096  0.707577  -0.207214  -0.869394  0.448572  0.051161  -0.124712  -0.050851  0.021152  -0.543052  0.509965  1.000000  
7.884895 -0.042051  0.049140  -0.000838  0.833391  0.083318  0.546367  -0.512474  0.486665  0.707479  -0.206952  -0.869606  0.448281  0.051758  -0.126223  -0.052073  0.029215  -0.536866  0.509787  1.000000  
7.885906 -0.041994  0.049004  -0.000896  0.833098  0.083585  0.546773  -0.513004  0.486381  0.707291  -0.206821  -0.869740  0.448083  0.052301  -0.127395  -0.053031  0.035069  -0.535209  0.510606  1.000000  
7.887147 -0.041924  0.048835  -0.000969  0.832828  0.083951  0.547128  -0.513547  0.486035  0.707134  -0.206559  -0.869898  0.447897  0.052812  -0.128568  -0.053936  0.038975  -0.529015  0.510418  1.000000  
7.888151 -0.041868  0.048698  -0.001027  0.832558  0.084317  0.547483  -0.514090  0.485690  0.706977  -0.206297  -0.870055  0.447711  0.053274  -0.129630  -0.054827  0.039441  -0.531488  0.518531  1.000000  
7.889411 -0.041799  0.048528  -0.001101  0.832393  0.084648  0.547683  -0.514462  0.485447  0.706873  -0.206035  -0.870159  0.447631  0.053770  -0.130768  -0.055784  0.039832  -0.511278  0.512868  1.000000  
7.890643 -0.041730  0.048358  -0.001175  0.832099  0.084980  0.548079  -0.514991  0.485247  0.706625  -0.205905  -0.870237  0.447538  0.054255  -0.131900  -0.056447  0.036962  -0.499410  0.509684  1.000000  
7.891895 -0.041661  0.048188  -0.001248  0.831910  0.085213  0.548329  -0.515348  0.485065  0.706490  -0.205774  -0.870316  0.447445  0.054732  -0.132950  -0.057052  0.033312  -0.483699  0.496334  1.000000  
7.893144 -0.041591  0.048017  -0.001319  0.831721  0.085511  0.548569  -0.515705  0.484969  0.706296  -0.205643  -0.870341  0.447457  0.055085  -0.133759  -0.057386  0.025615  -0.468013  0.483084  1.000000  
7.894390 -0.041521  0.047847  -0.001390  0.831532  0.085743  0.548819  -0.516062  0.484787  0.706160  -0.205512  -0.870419  0.447364  0.055326  -0.134372  -0.057573  0.021994  -0.454405  0.465853  1.000000  
7.895398 -0.041466  0.047710  -0.001447  0.831343  0.086042  0.549059  -0.516418  0.484690  0.705966  -0.205381  -0.870444  0.447377  0.055441  -0.134935  -0.057707  0.014434  -0.444347  0.452305  1.000000  
7.896401 -0.041410  0.047574  -0.001504  0.831236  0.086142  0.549205  -0.516590  0.484672  0.705853  -0.205381  -0.870444  0.447377  0.055496  -0.135331  -0.057744  0.010680  -0.430458  0.434904  1.000000  
7.897643 -0.041340  0.047402  -0.001575  0.830941  0.086540  0.549590  -0.517117  0.484557  0.705545  -0.205250  -0.870468  0.447390  0.055627  -0.135856  -0.057796  0.004050  -0.423159  0.424329  1.000000  
7.898644 -0.041285  0.047264  -0.001633  0.830774  0.086870  0.549789  -0.517488  0.484313  0.705441  -0.204988  -0.870571  0.447309  0.055718  -0.136363  -0.057897  0.003009  -0.411300  0.418077  1.000000  
7.899891 -0.041216  0.047089  -0.001705  0.830584  0.087102  0.550039  -0.517845  0.484130  0.705305  -0.204857  -0.870650  0.447216  0.055679  -0.136728  -0.057824  0.003349  -0.395495  0.404766  1.000000  
7.901140 -0.041146  0.046913  -0.001777  0.830394  0.087333  0.550289  -0.518201  0.483947  0.705169  -0.204726  -0.870729  0.447123  0.055624  -0.137228  -0.057783  0.010388  -0.387980  0.390954  1.000000  
7.902141 -0.041091  0.046772  -0.001835  0.830227  0.087664  0.550489  -0.518572  0.483702  0.705064  -0.204464  -0.870832  0.447042  0.055508  -0.137564  -0.057784  0.011943  -0.381896  0.387652  1.000000  
7.903141 -0.041036  0.046630  -0.001894  0.830037  0.087895  0.550739  -0.518929  0.483518  0.704928  -0.204333  -0.870910  0.446949  0.055491  -0.137951  -0.057833  0.020549  -0.371138  0.373511  1.000000  
7.904154 -0.040981  0.046489  -0.001954  0.829846  0.088059  0.551000  -0.519285  0.483249  0.704850  -0.204202  -0.871043  0.446750  0.055468  -0.138325  -0.057848  0.031620  -0.359055  0.367162  1.000000  
7.905397 -0.040912  0.046312  -0.002029  0.829679  0.088322  0.551210  -0.519655  0.482918  0.704804  -0.203940  -0.871200  0.446564  0.055420  -0.138685  -0.057928  0.038369  -0.344311  0.357998  1.000000  
7.906429 -0.040857  0.046171  -0.002089  0.829488  0.088485  0.551471  -0.520012  0.482649  0.704725  -0.203809  -0.871332  0.446365  0.055265  -0.138638  -0.057841  0.051124  -0.328774  0.351213  1.000000  
7.907696 -0.040789  0.045995  -0.002163  0.829320  0.088748  0.551682  -0.520382  0.482318  0.704679  -0.203547  -0.871489  0.446178  0.055092  -0.138908  -0.057951  0.058126  -0.316631  0.344753  1.000000  
7.908891 -0.040722  0.045819  -0.002237  0.829151  0.089010  0.551892  -0.520752  0.481986  0.704632  -0.203285  -0.871646  0.445992  0.055159  -0.139736  -0.058334  0.061201  -0.305301  0.339153  1.000000  
7.909894 -0.040668  0.045681  -0.002296  0.829067  0.089141  0.551998  -0.520937  0.481820  0.704609  -0.203154  -0.871724  0.445898  0.055006  -0.139860  -0.058474  0.062160  -0.296844  0.333233  1.000000  
7.910905 -0.040615  0.045542  -0.002354  0.828876  0.089304  0.552259  -0.521293  0.481551  0.704530  -0.203023  -0.871856  0.445699  0.054813  -0.139982  -0.058580  0.065591  -0.289369  0.325691  1.000000  
7.911917 -0.040563  0.045404  -0.002412  0.828684  0.089534  0.552509  -0.521649  0.481366  0.704393  -0.202892  -0.871935  0.445606  0.054505  -0.139946  -0.058555  0.062972  -0.283341  0.322463  1.000000  
7.912922 -0.040512  0.045266  -0.002469  0.828600  0.089665  0.552615  -0.521834  0.481200  0.704369  -0.202761  -0.872013  0.445513  0.054199  -0.139828  -0.058498  0.057686  -0.271264  0.316075  1.000000  
7.914173 -0.040448  0.045094  -0.002537  0.828323  0.090092  0.552960  -0.522375  0.480935  0.704149  -0.202499  -0.872115  0.445431  0.053780  -0.139755  -0.058287  0.051060  -0.265348  0.312939  1.000000  
7.915397 -0.040386  0.044922  -0.002604  0.828046  0.090520  0.553305  -0.522915  0.480669  0.703930  -0.202237  -0.872217  0.445350  0.053387  -0.139777  -0.057991  0.046741  -0.263464  0.310590  1.000000  
7.916642 -0.040324  0.044750  -0.002669  0.827769  0.091014  0.553639  -0.523455  0.480488  0.703652  -0.201975  -0.872266  0.445375  0.052914  -0.139460  -0.057496  0.038762  -0.263567  0.310622  1.000000  
7.917643 -0.040275  0.044614  -0.002720  0.827576  0.091243  0.553889  -0.523810  0.480303  0.703514  -0.201844  -0.872344  0.445281  0.052488  -0.139071  -0.056968  0.034767  -0.263624  0.310569  1.000000  
7.918647 -0.040227  0.044478  -0.002770  0.827298  0.091737  0.554223  -0.524350  0.480122  0.703235  -0.201582  -0.872392  0.445306  0.052039  -0.138658  -0.056293  0.030874  -0.264096  0.311074  1.000000  
7.919648 -0.040178  0.044344  -0.002819  0.827127  0.092064  0.554423  -0.524720  0.479874  0.703129  -0.201320  -0.872494  0.445225  0.051603  -0.138183  -0.055556  0.027073  -0.263815  0.317036  1.000000  
7.920901 -0.040118  0.044175  -0.002880  0.826848  0.092491  0.554768  -0.525259  0.479606  0.702909  -0.201058  -0.872596  0.445143  0.051133  -0.137844  -0.054796  0.027172  -0.263849  0.316986  1.000000  
7.921909 -0.040070  0.044041  -0.002929  0.826569  0.092984  0.555101  -0.525799  0.479424  0.702630  -0.200795  -0.872644  0.445168  0.050691  -0.137343  -0.054048  0.024431  -0.273822  0.327110  1.000000  
7.923145 -0.040009  0.043873  -0.002990  0.826312  0.093441  0.555407  -0.526353  0.479007  0.702499  -0.200402  -0.872823  0.444992  0.050200  -0.136782  -0.053232  0.032691  -0.267976  0.339400  1.000000  
7.924146 -0.039961  0.043740  -0.003041  0.826032  0.093866  0.555752  -0.526892  0.478739  0.702278  -0.200140  -0.872925  0.444911  0.050082  -0.137028  -0.052915  0.029940  -0.277856  0.349312  1.000000  
7.925147 -0.039914  0.043608  -0.003092  0.825752  0.094291  0.556096  -0.527430  0.478470  0.702057  -0.199878  -0.873027  0.444829  0.049440  -0.135852  -0.052108  0.032704  -0.281941  0.356475  1.000000  
7.926394 -0.039855  0.043442  -0.003156  0.825362  0.094747  0.556597  -0.528139  0.478096  0.701779  -0.199616  -0.873182  0.444642  0.049007  -0.135500  -0.051582  0.036410  -0.293586  0.370669  1.000000  
7.927402 -0.039808  0.043310  -0.003208  0.825081  0.095104  0.556953  -0.528678  0.477741  0.701615  -0.199353  -0.873338  0.444454  0.048669  -0.135231  -0.051228  0.044935  -0.293905  0.377554  1.000000  
7.928644 -0.039751  0.043143  -0.003272  0.824712  0.095657  0.557404  -0.529400  0.477303  0.701368  -0.198960  -0.873517  0.444279  0.048282  -0.134885  -0.050867  0.046369  -0.304073  0.387754  1.000000  
7.929645 -0.039705  0.043011  -0.003322  0.824430  0.096013  0.557760  -0.529938  0.476947  0.701204  -0.198698  -0.873672  0.444091  0.047976  -0.134542  -0.050624  0.049140  -0.308153  0.394800  1.000000  
7.930891 -0.039649  0.042846  -0.003385  0.824038  0.096467  0.558261  -0.530646  0.476572  0.700924  -0.198435  -0.873827  0.443903  0.047515  -0.133889  -0.050364  0.050523  -0.318299  0.404963  1.000000  
7.931891 -0.039604  0.042715  -0.003435  0.823645  0.096988  0.558750  -0.531353  0.476280  0.700586  -0.198173  -0.873928  0.443821  0.047243  -0.133463  -0.050235  0.047862  -0.330448  0.411104  1.000000  
7.933140 -0.039548  0.042551  -0.003496  0.823274  0.097539  0.559201  -0.532074  0.475840  0.700338  -0.197780  -0.874107  0.443645  0.046983  -0.133230  -0.050190  0.048876  -0.335723  0.421701  1.000000  
7.934141 -0.039503  0.042421  -0.003544  0.822990  0.097961  0.559546  -0.532611  0.475568  0.700115  -0.197517  -0.874208  0.443563  0.046692  -0.132690  -0.050001  0.043573  -0.339937  0.428875  1.000000  
7.935141 -0.039458  0.042292  -0.003591  0.822705  0.098384  0.559890  -0.533148  0.475295  0.699891  -0.197255  -0.874309  0.443481  0.046457  -0.132373  -0.049844  0.042314  -0.345883  0.431750  1.000000  
7.936391 -0.039401  0.042132  -0.003648  0.822332  0.098933  0.560341  -0.533868  0.474853  0.699642  -0.196862  -0.874487  0.443304  0.046204  -0.131808  -0.049566  0.035697  -0.354388  0.446236  1.000000  
7.937404 -0.039356  0.042005  -0.003692  0.822068  0.099453  0.560636  -0.534419  0.474516  0.699451  -0.196468  -0.874611  0.443234  0.045893  -0.131115  -0.049192  0.030710  -0.361555  0.457120  1.000000  
7.938649 -0.039300  0.041846  -0.003747  0.821584  0.100235  0.561206  -0.535308  0.474221  0.698970  -0.196074  -0.874681  0.443269  0.045614  -0.130670  -0.048708  0.018537  -0.377097  0.469533  1.000000  
7.939896 -0.039245  0.041688  -0.003801  0.821098  0.100949  0.561789  -0.536196  0.473841  0.698547  -0.195681  -0.874805  0.443199  0.045310  -0.130209  -0.048100  0.010472  -0.391392  0.486887  1.000000  
7.940896 -0.039201  0.041561  -0.003844  0.820833  0.101468  0.562084  -0.536746  0.473502  0.698355  -0.195287  -0.874929  0.443128  0.045107  -0.129801  -0.047513  0.007804  -0.396242  0.496951  1.000000  
7.941923 -0.039158  0.041434  -0.003886  0.820545  0.101956  0.562416  -0.537282  0.473311  0.698072  -0.195025  -0.874975  0.443152  0.044822  -0.129173  -0.046816  0.002535  -0.404423  0.509197  1.000000  
7.943177 -0.039104  0.041275  -0.003940  0.820167  0.102571  0.562854  -0.538000  0.472949  0.697764  -0.194631  -0.875099  0.443081  0.044559  -0.128611  -0.046100  -0.004098  -0.413562  0.517988  1.000000  
7.944421 -0.039050  0.041115  -0.003995  0.819789  0.103254  0.563280  -0.538718  0.472672  0.697398  -0.194237  -0.875168  0.443116  0.044343  -0.128265  -0.045524  -0.005267  -0.412259  0.524890  1.000000  
7.945672 -0.038996  0.040957  -0.004051  0.819410  0.103868  0.563718  -0.539436  0.472309  0.697089  -0.193844  -0.875292  0.443045  0.044161  -0.127793  -0.045021  -0.006471  -0.419428  0.535834  1.000000  
7.946915 -0.038942  0.040797  -0.004109  0.819031  0.104482  0.564156  -0.540153  0.471945  0.696780  -0.193450  -0.875415  0.442974  0.044039  -0.127586  -0.044797  -0.003559  -0.423575  0.542996  1.000000  
7.948144 -0.038887  0.040637  -0.004168  0.818629  0.104929  0.564656  -0.540856  0.471561  0.696495  -0.193187  -0.875568  0.442785  0.044025  -0.127530  -0.044749  -0.002035  -0.432806  0.545314  1.000000  
7.949392 -0.038830  0.040477  -0.004228  0.818136  0.105639  0.565237  -0.541741  0.471174  0.696068  -0.192793  -0.875691  0.442714  0.044077  -0.127400  -0.044756  -0.003133  -0.438653  0.547999  1.000000  
7.950641 -0.038773  0.040317  -0.004289  0.817754  0.106183  0.565688  -0.542458  0.470724  0.695815  -0.192399  -0.875868  0.442536  0.044175  -0.127561  -0.045094  0.003819  -0.442754  0.555008  1.000000  
7.951891 -0.038716  0.040157  -0.004349  0.817372  0.106726  0.566139  -0.543174  0.470273  0.695561  -0.192006  -0.876044  0.442359  0.044179  -0.127424  -0.045315  0.006733  -0.447046  0.562184  1.000000  
7.953141 -0.038659  0.039996  -0.004409  0.816876  0.107296  0.566746  -0.544057  0.469715  0.695248  -0.191612  -0.876273  0.442074  0.044262  -0.127695  -0.045615  0.008345  -0.459058  0.567896  1.000000  
7.954165 -0.038613  0.039866  -0.004456  0.816604  0.107810  0.567041  -0.544604  0.469369  0.695053  -0.191218  -0.876396  0.442003  0.044305  -0.127631  -0.045792  0.009985  -0.454527  0.573058  1.000000  
7.955397 -0.038555  0.039704  -0.004514  0.816240  0.108449  0.567442  -0.545333  0.468851  0.694831  -0.190692  -0.876594  0.441836  0.044557  -0.128029  -0.046131  0.008953  -0.459071  0.580468  1.000000  
7.956398 -0.038509  0.039573  -0.004559  0.815967  0.108962  0.567737  -0.545880  0.468504  0.694636  -0.190298  -0.876716  0.441764  0.044801  -0.128491  -0.046315  0.006448  -0.451069  0.581272  1.000000  
7.957399 -0.038462  0.039443  -0.004604  0.815693  0.109475  0.568032  -0.546426  0.468157  0.694440  -0.189904  -0.876838  0.441692  0.045026  -0.128693  -0.046494  0.005237  -0.449514  0.587551  1.000000  
7.958400 -0.038416  0.039312  -0.004649  0.815397  0.109890  0.568376  -0.546958  0.467874  0.694212  -0.189641  -0.876937  0.441609  0.045193  -0.128927  -0.046589  0.002772  -0.449285  0.585181  1.000000  
7.959645 -0.038358  0.039149  -0.004705  0.815031  0.110596  0.568765  -0.547686  0.467438  0.693932  -0.189116  -0.877081  0.441548  0.045508  -0.129331  -0.046776  -0.001037  -0.445391  0.593164  1.000000  
7.960891 -0.038300  0.038987  -0.004762  0.814755  0.111108  0.569060  -0.548232  0.467088  0.693737  -0.188722  -0.877202  0.441476  0.045817  -0.129520  -0.046743  -0.003552  -0.437488  0.594102  1.000000  
7.961892 -0.038252  0.038856  -0.004807  0.814592  0.111523  0.569212  -0.548609  0.466762  0.693658  -0.188328  -0.877323  0.441403  0.046072  -0.129608  -0.046646  -0.006072  -0.429604  0.595072  1.000000  
7.963141 -0.038192  0.038694  -0.004864  0.814224  0.112228  0.569601  -0.549336  0.466323  0.693378  -0.187802  -0.877467  0.441342  0.046310  -0.129593  -0.046393  -0.005766  -0.427644  0.598980  1.000000  
7.964146 -0.038143  0.038564  -0.004910  0.814039  0.112614  0.569788  -0.549700  0.466145  0.693209  -0.187539  -0.877512  0.441365  0.046544  -0.129702  -0.046188  -0.012410  -0.421615  0.595783  1.000000  
7.965395 -0.038082  0.038401  -0.004968  0.813762  0.113125  0.570083  -0.550244  0.465794  0.693013  -0.187145  -0.877632  0.441292  0.046818  -0.129874  -0.045981  -0.010823  -0.415716  0.592756  1.000000  
7.966642 -0.038021  0.038237  -0.005027  0.813484  0.113635  0.570378  -0.550789  0.465443  0.692816  -0.186750  -0.877753  0.441219  0.047142  -0.130104  -0.045906  -0.009241  -0.409809  0.589724  1.000000  
7.967892 -0.037958  0.038074  -0.005086  0.813071  0.114143  0.570865  -0.551487  0.465133  0.692469  -0.186488  -0.877851  0.441135  0.047489  -0.130305  -0.045901  -0.008958  -0.408668  0.581022  1.000000  
7.968913 -0.037908  0.037942  -0.005135  0.812906  0.114557  0.571017  -0.551863  0.464804  0.692390  -0.186093  -0.877971  0.441062  0.047834  -0.130593  -0.046071  -0.004808  -0.393641  0.576145  1.000000  
7.970144 -0.037844  0.037776  -0.005197  0.812492  0.115065  0.571503  -0.552561  0.464494  0.692042  -0.185830  -0.878069  0.440978  0.048207  -0.130801  -0.046371  -0.000525  -0.392716  0.567761  1.000000  
7.971147 -0.037792  0.037641  -0.005247  0.812326  0.115409  0.571670  -0.552937  0.464080  0.692019  -0.185436  -0.878243  0.440798  0.048580  -0.131003  -0.046656  0.005079  -0.387710  0.565940  1.000000  
7.972397 -0.037727  0.037473  -0.005311  0.811932  0.115943  0.572122  -0.553648  0.463619  0.691760  -0.185041  -0.878416  0.440619  0.049004  -0.131339  -0.047119  0.013407  -0.387281  0.565126  1.000000  
7.973399 -0.037675  0.037339  -0.005362  0.811631  0.116354  0.572466  -0.554177  0.463331  0.691529  -0.184778  -0.878514  0.440534  0.049411  -0.131581  -0.047573  0.013567  -0.387372  0.565086  1.000000  
7.974400 -0.037622  0.037204  -0.005414  0.811444  0.116600  0.572681  -0.554539  0.462982  0.691472  -0.184515  -0.878665  0.440343  0.049908  -0.131790  -0.048032  0.023117  -0.381361  0.561895  1.000000  
7.975747 -0.037555  0.037035  -0.005479  0.811048  0.117133  0.573133  -0.555249  0.462519  0.691213  -0.184121  -0.878838  0.440163  0.050139  -0.131346  -0.048237  0.024783  -0.377488  0.561727  1.000000  
7.976891 -0.037487  0.036868  -0.005542  0.810786  0.117668  0.573394  -0.555805  0.462013  0.691104  -0.183595  -0.879033  0.439994  0.050999  -0.132574  -0.049004  0.033024  -0.373671  0.562827  1.000000  
7.978140 -0.037418  0.036700  -0.005605  0.810503  0.118105  0.573704  -0.556347  0.461573  0.690962  -0.183200  -0.879205  0.439814  0.051581  -0.132956  -0.049372  0.034489  -0.365552  0.563314  1.000000  
7.979141 -0.037364  0.036567  -0.005654  0.810220  0.118611  0.573999  -0.556890  0.461216  0.690763  -0.182806  -0.879324  0.439740  0.051992  -0.133179  -0.049673  0.037609  -0.356550  0.561858  1.000000  
7.980250 -0.037309  0.036433  -0.005704  0.810031  0.118925  0.574201  -0.557251  0.460950  0.690649  -0.182542  -0.879421  0.439655  0.052089  -0.132440  -0.049579  0.034854  -0.349315  0.556699  1.000000  
7.981390 -0.037240  0.036268  -0.005766  0.809747  0.119361  0.574511  -0.557793  0.460509  0.690506  -0.182148  -0.879593  0.439475  0.052909  -0.133481  -0.050119  0.036201  -0.341846  0.551031  1.000000  
7.982390 -0.037184  0.036136  -0.005816  0.809442  0.119840  0.574841  -0.558320  0.460302  0.690218  -0.181885  -0.879637  0.439496  0.053303  -0.133575  -0.050279  0.032306  -0.341904  0.551021  1.000000  
7.983640 -0.037114  0.035972  -0.005879  0.809272  0.120250  0.574994  -0.558695  0.459968  0.690137  -0.181490  -0.879755  0.439422  0.053785  -0.133649  -0.050418  0.031098  -0.332188  0.541257  1.000000  
7.984641 -0.037059  0.035839  -0.005928  0.808967  0.120658  0.575338  -0.559222  0.459676  0.689905  -0.181227  -0.879852  0.439337  0.054051  -0.133566  -0.050422  0.027235  -0.334342  0.537261  1.000000  
7.985893 -0.036990  0.035674  -0.005991  0.808796  0.121068  0.575492  -0.559597  0.459342  0.689824  -0.180832  -0.879970  0.439263  0.054400  -0.133437  -0.050425  0.025946  -0.322283  0.530954  1.000000  
7.987140 -0.036920  0.035508  -0.006053  0.808490  0.121545  0.575821  -0.560124  0.459133  0.689535  -0.180569  -0.880014  0.439284  0.054707  -0.133285  -0.050346  0.023385  -0.320324  0.519960  1.000000  
7.988160 -0.036864  0.035377  -0.006103  0.808299  0.121858  0.576023  -0.560484  0.458865  0.689421  -0.180306  -0.880110  0.439199  0.054922  -0.132909  -0.050153  0.026300  -0.312750  0.513837  1.000000  
7.989394 -0.036794  0.035212  -0.006165  0.808012  0.122361  0.576319  -0.561024  0.458504  0.689221  -0.179911  -0.880228  0.439125  0.055235  -0.132853  -0.050081  0.027827  -0.308912  0.506957  1.000000  
7.990397 -0.036737  0.035080  -0.006215  0.807821  0.122674  0.576521  -0.561384  0.458236  0.689106  -0.179648  -0.880324  0.439039  0.055806  -0.133460  -0.050250  0.027731  -0.306454  0.502762  1.000000  
7.991648 -0.036666  0.034916  -0.006277  0.807533  0.123107  0.576832  -0.561924  0.457791  0.688962  -0.179253  -0.880495  0.438858  0.055628  -0.132276  -0.049776  0.032266  -0.311066  0.502751  1.000000  
7.992915 -0.036594  0.034752  -0.006339  0.807245  0.123539  0.577143  -0.562464  0.457346  0.688817  -0.178858  -0.880666  0.438676  0.055791  -0.131807  -0.049696  0.037823  -0.306938  0.495343  1.000000  
7.993923 -0.036536  0.034622  -0.006389  0.807072  0.123948  0.577297  -0.562837  0.457009  0.688736  -0.178463  -0.880784  0.438602  0.056006  -0.131573  -0.049695  0.042057  -0.304942  0.499288  1.000000  
7.995166 -0.036463  0.034459  -0.006453  0.806899  0.124286  0.577466  -0.563211  0.456589  0.688709  -0.178068  -0.880954  0.438420  0.056665  -0.132339  -0.050204  0.047603  -0.299057  0.496325  1.000000  
7.996408 -0.036391  0.034298  -0.006516  0.806609  0.124717  0.577778  -0.563750  0.456142  0.688564  -0.177673  -0.881124  0.438238  0.056519  -0.131169  -0.049915  0.051883  -0.299233  0.496374  1.000000  
7.997641 -0.036319  0.034137  -0.006579  0.806436  0.125055  0.577947  -0.564123  0.455721  0.688538  -0.177278  -0.881294  0.438056  0.056789  -0.131054  -0.050056  0.056934  -0.288994  0.493449  1.000000  
7.998641 -0.036261  0.034009  -0.006629  0.806242  0.125365  0.578150  -0.564482  0.455451  0.688422  -0.177015  -0.881390  0.437970  0.056925  -0.130815  -0.049990  0.058324  -0.283112  0.490536  1.000000  
7.999642 -0.036204  0.033881  -0.006677  0.806048  0.125606  0.578368  -0.564841  0.455097  0.688362  -0.176751  -0.881539  0.437777  0.056981  -0.130482  -0.049882  0.062483  -0.283172  0.490408  1.000000  
8.000891 -0.036134  0.033723  -0.006736  0.805874  0.126013  0.578523  -0.565213  0.454758  0.688280  -0.176356  -0.881655  0.437702  0.057079  -0.130098  -0.049695  0.065161  -0.271200  0.484387  1.000000  
8.001893 -0.036078  0.033597  -0.006782  0.805679  0.126323  0.578725  -0.565572  0.454487  0.688164  -0.176093  -0.881750  0.437616  0.057088  -0.129552  -0.049437  0.062509  -0.267258  0.477333  1.000000  
