1-Time 2-Px 3-Py 4-Pz 5-R11 6-R21 7-R31 8-R12 9-R22 10-R32 11-R13 12-R23 13-R33 14-Vx 15-Vy 16-Vz 17-Wx 18-Wy 19-Wz 20-state
209.980142 0.014391  -0.020238  0.018250  0.409382  0.778045  0.476500  -0.897845  0.436358  0.058878  -0.162114  -0.451927  0.877201  -0.003329  -0.005503  0.004218  0.000000  0.000000  0.000000  1.000000  
209.981157 0.014391  -0.020239  0.018249  0.409382  0.778045  0.476500  -0.897845  0.436358  0.058878  -0.162114  -0.451927  0.877201  -0.000115  -0.001299  -0.000452  0.000000  0.000000  0.000000  1.000000  
209.982406 0.014389  -0.020236  0.018237  0.409382  0.778045  0.476500  -0.897845  0.436358  0.058878  -0.162114  -0.451927  0.877201  -0.000943  0.001244  -0.006496  0.000000  0.000000  0.000000  1.000000  
209.983664 0.014387  -0.020228  0.018217  0.409382  0.778103  0.476405  -0.897845  0.436365  0.058825  -0.162114  -0.451820  0.877256  -0.001454  0.003251  -0.009823  0.000000  0.000000  0.000000  1.000000  
209.984666 0.014385  -0.020224  0.018208  0.409382  0.778103  0.476405  -0.897845  0.436365  0.058825  -0.162114  -0.451820  0.877256  -0.001414  0.003406  -0.009838  0.000000  0.000000  0.000000  1.000000  
209.985673 0.014383  -0.020221  0.018202  0.409382  0.778161  0.476311  -0.897845  0.436372  0.058773  -0.162114  -0.451714  0.877310  -0.001486  0.003369  -0.008997  0.000000  0.000000  0.000000  1.000000  
209.986911 0.014377  -0.020217  0.018196  0.409382  0.778218  0.476217  -0.897845  0.436379  0.058720  -0.162114  -0.451607  0.877365  -0.002124  0.003253  -0.008149  0.000000  0.000000  0.000000  1.000000  
209.987914 0.014371  -0.020210  0.018189  0.409382  0.778276  0.476122  -0.897845  0.436386  0.058667  -0.162114  -0.451501  0.877420  -0.002760  0.003704  -0.008052  0.000000  0.000000  0.000000  1.000000  
209.989161 0.014358  -0.020202  0.018177  0.409382  0.778334  0.476028  -0.897845  0.436394  0.058614  -0.162114  -0.451394  0.877475  -0.003766  0.004117  -0.008244  0.000000  0.000000  0.000000  1.000000  
209.990165 0.014350  -0.020194  0.018167  0.409382  0.778334  0.476028  -0.897845  0.436394  0.058614  -0.162114  -0.451394  0.877475  -0.004198  0.004505  -0.008416  0.000000  0.000000  0.000000  1.000000  
209.991406 0.014343  -0.020184  0.018156  0.409391  0.778417  0.475885  -0.897864  0.436346  0.058668  -0.161982  -0.451298  0.877549  -0.004350  0.004908  -0.008490  0.000000  0.000000  0.000000  1.000000  
209.992410 0.014339  -0.020176  0.018146  0.409400  0.778500  0.475741  -0.897884  0.436298  0.058722  -0.161850  -0.451201  0.877623  -0.004358  0.005203  -0.008604  0.000000  0.000000  0.000000  1.000000  
209.993663 0.014330  -0.020166  0.018129  0.409400  0.778615  0.475553  -0.897884  0.436312  0.058616  -0.161850  -0.450988  0.877732  -0.004593  0.005456  -0.009066  0.000000  0.000000  0.000000  1.000000  
209.994916 0.014320  -0.020153  0.018106  0.409585  0.778583  0.475446  -0.897800  0.436480  0.058661  -0.161850  -0.450882  0.877787  -0.004892  0.005870  -0.009879  0.000000  0.000000  0.000000  1.000000  
209.996158 0.014312  -0.020136  0.018078  0.409585  0.778640  0.475352  -0.897800  0.436487  0.058608  -0.161850  -0.450775  0.877842  -0.005392  0.006982  -0.011475  0.000000  0.000000  0.000000  1.000000  
209.997406 0.014307  -0.020117  0.018052  0.409585  0.778756  0.475163  -0.897800  0.436501  0.058502  -0.161850  -0.450563  0.877951  -0.005588  0.007888  -0.012227  0.000000  0.000000  0.000000  1.000000  
209.998406 0.014304  -0.020101  0.018036  0.409585  0.778871  0.474974  -0.897800  0.436515  0.058396  -0.161850  -0.450350  0.878060  -0.005613  0.008585  -0.012292  0.000000  0.000000  0.000000  1.000000  
209.999665 0.014295  -0.020083  0.018021  0.409770  0.778896  0.474773  -0.897715  0.436690  0.058388  -0.161850  -0.450136  0.878169  -0.006032  0.009374  -0.012449  0.000000  0.000000  0.000000  1.000000  
210.000906 0.014282  -0.020064  0.018005  0.409955  0.778921  0.474572  -0.897631  0.436864  0.058380  -0.161850  -0.449923  0.878279  -0.006696  0.010408  -0.013072  0.000000  0.000000  0.000000  1.000000  
210.001911 0.014271  -0.020049  0.017990  0.410139  0.778947  0.474371  -0.897547  0.437039  0.058371  -0.161850  -0.449710  0.878388  -0.007072  0.011204  -0.013794  0.000000  0.000000  0.000000  1.000000  
210.002913 0.014263  -0.020033  0.017971  0.410130  0.778979  0.474325  -0.897527  0.437100  0.058211  -0.161982  -0.449594  0.878423  -0.007185  0.011863  -0.014560  0.000000  0.000000  0.000000  1.000000  
210.003916 0.014257  -0.020018  0.017949  0.410130  0.779094  0.474136  -0.897527  0.437114  0.058105  -0.161982  -0.449381  0.878532  -0.006883  0.012514  -0.015468  0.000000  0.000000  0.000000  1.000000  
210.005163 0.014251  -0.019999  0.017919  0.410306  0.779094  0.473984  -0.897423  0.437344  0.057990  -0.162114  -0.449158  0.878622  -0.006606  0.013050  -0.016539  0.000000  0.000000  0.000000  1.000000  
210.006164 0.014246  -0.019983  0.017895  0.410491  0.779062  0.473878  -0.897338  0.437511  0.058034  -0.162114  -0.449051  0.878676  -0.006618  0.013634  -0.017698  0.000000  0.000000  0.000000  1.000000  
210.007166 0.014239  -0.019967  0.017872  0.410676  0.779029  0.473771  -0.897254  0.437678  0.058079  -0.162114  -0.448945  0.878731  -0.006777  0.014133  -0.018604  0.000000  0.000000  0.000000  1.000000  
210.008169 0.014232  -0.019951  0.017848  0.410860  0.778996  0.473665  -0.897169  0.437846  0.058123  -0.162114  -0.448838  0.878785  -0.006801  0.014700  -0.019364  0.000000  0.000000  0.000000  1.000000  
210.009416 0.014223  -0.019930  0.017819  0.411054  0.778989  0.473509  -0.897104  0.437959  0.058275  -0.161982  -0.448741  0.878859  -0.006767  0.015270  -0.019782  0.000000  0.000000  0.000000  1.000000  
210.010664 0.014213  -0.019909  0.017793  0.411239  0.779013  0.473308  -0.897020  0.438133  0.058266  -0.161982  -0.448528  0.878968  -0.006766  0.015636  -0.019721  0.000000  0.000000  0.000000  1.000000  
210.011665 0.014208  -0.019890  0.017775  0.411414  0.778956  0.473251  -0.896915  0.438355  0.058203  -0.162114  -0.448412  0.879003  -0.006812  0.015899  -0.019494  0.000000  0.000000  0.000000  1.000000  
210.012914 0.014198  -0.019866  0.017756  0.411599  0.778923  0.473144  -0.896831  0.438523  0.058247  -0.162114  -0.448305  0.879057  -0.007235  0.016202  -0.019305  0.000000  0.000000  0.000000  1.000000  
210.014162 0.014184  -0.019843  0.017735  0.411968  0.778799  0.473026  -0.896661  0.438850  0.058389  -0.162114  -0.448198  0.879112  -0.007636  0.016497  -0.019554  0.000000  0.000000  0.000000  1.000000  
210.015164 0.014170  -0.019826  0.017717  0.412153  0.778824  0.472825  -0.896576  0.439025  0.058380  -0.162114  -0.447985  0.879220  -0.007964  0.016648  -0.020038  0.000000  0.000000  0.000000  1.000000  
210.016168 0.014156  -0.019810  0.017694  0.412337  0.778791  0.472719  -0.896491  0.439192  0.058424  -0.162114  -0.447878  0.879275  -0.008178  0.016670  -0.020549  0.000000  0.000000  0.000000  1.000000  
210.017410 0.014143  -0.019789  0.017663  0.412707  0.778724  0.472506  -0.896322  0.439527  0.058512  -0.162114  -0.447665  0.879383  -0.008294  0.016780  -0.021247  0.000000  0.000000  0.000000  1.000000  
210.018416 0.014134  -0.019770  0.017636  0.412891  0.778691  0.472399  -0.896237  0.439695  0.058556  -0.162114  -0.447558  0.879438  -0.008442  0.016995  -0.021620  0.000000  0.000000  0.000000  1.000000  
210.019686 0.014121  -0.019747  0.017605  0.413085  0.778683  0.472243  -0.896171  0.439808  0.058707  -0.161982  -0.447462  0.879511  -0.008939  0.017304  -0.021704  0.000000  0.000000  0.000000  1.000000  
210.020917 0.014104  -0.019725  0.017576  0.413454  0.778559  0.472125  -0.896001  0.440135  0.058848  -0.161982  -0.447355  0.879565  -0.009627  0.017461  -0.021596  0.000000  0.000000  0.000000  1.000000  
210.022161 0.014086  -0.019705  0.017550  0.413832  0.778460  0.471957  -0.895850  0.440409  0.059095  -0.161850  -0.447258  0.879639  -0.010214  0.017482  -0.021474  0.000000  0.000000  0.000000  1.000000  
210.023407 0.014069  -0.019684  0.017524  0.414016  0.778427  0.471850  -0.895765  0.440576  0.059139  -0.161850  -0.447151  0.879693  -0.010760  0.017557  -0.021251  0.000000  0.000000  0.000000  1.000000  
210.024407 0.014058  -0.019664  0.017502  0.414394  0.778328  0.471682  -0.895614  0.440850  0.059387  -0.161718  -0.447054  0.879767  -0.011006  0.017748  -0.021142  0.000000  0.000000  0.000000  1.000000  
210.025658 0.014042  -0.019640  0.017476  0.414587  0.778262  0.471620  -0.895549  0.440955  0.059591  -0.161586  -0.447064  0.879786  -0.011395  0.017951  -0.021187  0.000000  0.000000  0.000000  1.000000  
210.026907 0.014025  -0.019617  0.017444  0.414956  0.778138  0.471501  -0.895378  0.441283  0.059731  -0.161586  -0.446958  0.879840  -0.012062  0.017891  -0.021758  -0.105292  0.097257  -0.170861  1.000000  
210.028158 0.014005  -0.019597  0.017411  0.415334  0.778038  0.471333  -0.895226  0.441556  0.059979  -0.161454  -0.446861  0.879914  -0.012739  0.017637  -0.022669  -0.099862  0.108245  -0.182415  1.000000  
210.029406 0.013985  -0.019577  0.017375  0.415527  0.777972  0.471271  -0.895161  0.441662  0.060183  -0.161322  -0.446870  0.879933  -0.013045  0.017495  -0.023713  -0.091756  0.112271  -0.180452  1.000000  
210.030662 0.013964  -0.019556  0.017339  0.415896  0.777848  0.471151  -0.894989  0.441990  0.060323  -0.161322  -0.446764  0.879987  -0.013203  0.017546  -0.024462  -0.086517  0.115285  -0.186467  1.000000  
210.031906 0.013946  -0.019532  0.017302  0.416273  0.777691  0.471077  -0.894838  0.442256  0.060624  -0.161190  -0.446773  0.880006  -0.013436  0.017741  -0.024890  -0.076645  0.121395  -0.189004  1.000000  
210.032910 0.013931  -0.019513  0.017274  0.416467  0.777682  0.470920  -0.894771  0.442369  0.060774  -0.161058  -0.446676  0.880080  -0.013814  0.017791  -0.025029  -0.075532  0.132388  -0.190990  1.000000  
210.034156 0.013910  -0.019490  0.017243  0.416669  0.777642  0.470808  -0.894725  0.442421  0.061084  -0.160794  -0.446696  0.880118  -0.014451  0.017752  -0.024942  -0.066376  0.143408  -0.193019  1.000000  
210.035160 0.013892  -0.019472  0.017220  0.416862  0.777633  0.470652  -0.894658  0.442534  0.061234  -0.160662  -0.446599  0.880192  -0.014842  0.017737  -0.024836  -0.062323  0.151302  -0.188971  1.000000  
210.036163 0.013874  -0.019454  0.017196  0.417240  0.777533  0.470482  -0.894506  0.442808  0.061481  -0.160530  -0.446502  0.880265  -0.015043  0.017903  -0.025047  -0.061228  0.158318  -0.192991  1.000000  
210.037166 0.013859  -0.019434  0.017171  0.417433  0.777467  0.470420  -0.894440  0.442914  0.061685  -0.160398  -0.446512  0.880284  -0.015112  0.018133  -0.025271  -0.057200  0.162280  -0.190977  1.000000  
210.038413 0.013840  -0.019408  0.017135  0.417635  0.777483  0.470213  -0.894393  0.442973  0.061941  -0.160134  -0.446424  0.880376  -0.015343  0.018333  -0.025979  -0.053652  0.167619  -0.190577  1.000000  
210.039657 0.013822  -0.019383  0.017096  0.418021  0.777408  0.469994  -0.894259  0.443193  0.062294  -0.159869  -0.446337  0.880469  -0.015533  0.018407  -0.026756  -0.052142  0.177251  -0.191037  1.000000  
210.040658 0.013807  -0.019364  0.017063  0.418224  0.777425  0.469787  -0.894212  0.443252  0.062551  -0.159605  -0.446249  0.880561  -0.015698  0.018393  -0.027530  -0.052179  0.185196  -0.187033  1.000000  
210.041906 0.013786  -0.019341  0.017021  0.418619  0.777318  0.469611  -0.894098  0.443410  0.063064  -0.159209  -0.446278  0.880618  -0.015954  0.018405  -0.028230  -0.047060  0.204140  -0.184980  1.000000  
210.042907 0.013768  -0.019322  0.016988  0.418821  0.777334  0.469404  -0.894050  0.443469  0.063321  -0.158945  -0.446191  0.880710  -0.016073  0.018627  -0.028724  -0.047100  0.212097  -0.180988  1.000000  
210.044158 0.013746  -0.019297  0.016947  0.419391  0.777168  0.469170  -0.893830  0.443849  0.063770  -0.158681  -0.446103  0.880802  -0.016196  0.018921  -0.029063  -0.046029  0.223079  -0.182999  1.000000  
210.045410 0.013723  -0.019273  0.016909  0.419777  0.777093  0.468950  -0.893695  0.444069  0.064123  -0.158416  -0.446015  0.880894  -0.016391  0.019137  -0.029193  -0.042016  0.230977  -0.178985  1.000000  
210.046662 0.013700  -0.019249  0.016872  0.420172  0.777043  0.468678  -0.893580  0.444234  0.064582  -0.158020  -0.445937  0.881005  -0.016692  0.019167  -0.029131  -0.036929  0.245959  -0.179028  1.000000  
210.047906 0.013677  -0.019223  0.016835  0.420742  0.776876  0.468444  -0.893358  0.444614  0.065031  -0.157756  -0.445849  0.881097  -0.016970  0.019328  -0.029239  -0.034776  0.260070  -0.187139  1.000000  
210.048906 0.013656  -0.019203  0.016805  0.421137  0.776769  0.468266  -0.893242  0.444772  0.065544  -0.157359  -0.445878  0.881153  -0.017246  0.019422  -0.029595  -0.030792  0.272027  -0.181126  1.000000  
210.050156 0.013632  -0.019175  0.016765  0.421715  0.776628  0.467980  -0.893039  0.445098  0.066099  -0.156963  -0.445799  0.881264  -0.017345  0.019773  -0.030338  -0.024631  0.286046  -0.189210  1.000000  
210.051406 0.013609  -0.019148  0.016723  0.422478  0.776451  0.467586  -0.892748  0.445592  0.066696  -0.156567  -0.445614  0.881428  -0.017365  0.020041  -0.031185  -0.026546  0.304058  -0.195293  1.000000  
210.052413 0.013592  -0.019128  0.016687  0.423056  0.776309  0.467299  -0.892544  0.445918  0.067250  -0.156170  -0.445535  0.881538  -0.017570  0.020070  -0.031915  -0.024649  0.320755  -0.205078  1.000000  
210.053660 0.013570  -0.019100  0.016642  0.423634  0.776223  0.466917  -0.892339  0.446252  0.067750  -0.155774  -0.445350  0.881702  -0.017811  0.020199  -0.032361  -0.031508  0.333094  -0.203434  1.000000  
210.054662 0.013550  -0.019079  0.016607  0.424212  0.776138  0.466535  -0.892134  0.446586  0.068250  -0.155377  -0.445164  0.881866  -0.018226  0.020363  -0.032636  -0.033736  0.349958  -0.213282  1.000000  
210.055910 0.013524  -0.019053  0.016566  0.424982  0.775985  0.466088  -0.891859  0.447027  0.068951  -0.154848  -0.444987  0.882048  -0.018619  0.020493  -0.032497  -0.035741  0.368159  -0.219474  1.000000  
210.056920 0.013502  -0.019031  0.016536  0.425559  0.775955  0.465610  -0.891652  0.447370  0.069396  -0.154452  -0.444694  0.882265  -0.018941  0.020690  -0.032273  -0.045838  0.386170  -0.225559  1.000000  
210.058156 0.013475  -0.019004  0.016500  0.426512  0.775710  0.465146  -0.891288  0.447971  0.070193  -0.153923  -0.444518  0.882447  -0.019269  0.020889  -0.031943  -0.046406  0.404278  -0.236012  1.000000  
210.059156 0.013454  -0.018982  0.016471  0.427098  0.775705  0.464617  -0.891099  0.448261  0.070743  -0.153394  -0.444233  0.882682  -0.019478  0.021056  -0.031747  -0.056978  0.425813  -0.244178  1.000000  
210.060158 0.013432  -0.018959  0.016440  0.427859  0.775526  0.464217  -0.890802  0.448757  0.071336  -0.152998  -0.444047  0.882844  -0.019722  0.021305  -0.031784  -0.057870  0.447029  -0.256461  1.000000  
210.061406 0.013404  -0.018931  0.016399  0.428811  0.775391  0.463562  -0.890435  0.449376  0.072021  -0.152469  -0.443655  0.883133  -0.020065  0.021614  -0.032060  -0.071072  0.468305  -0.268834  1.000000  
210.062657 0.013376  -0.018902  0.016356  0.429588  0.775319  0.462963  -0.890173  0.449773  0.072771  -0.151807  -0.443379  0.883385  -0.020410  0.021783  -0.032467  -0.077248  0.490509  -0.273091  1.000000  
210.063907 0.013348  -0.018872  0.016312  0.430540  0.775183  0.462306  -0.889804  0.450393  0.073455  -0.151278  -0.442987  0.883673  -0.020593  0.021998  -0.032857  -0.088646  0.510519  -0.289136  1.000000  
210.065156 0.013320  -0.018843  0.016269  0.431691  0.774949  0.461623  -0.889380  0.451057  0.074500  -0.150485  -0.442720  0.883942  -0.020766  0.022145  -0.033076  -0.091660  0.541691  -0.311555  1.000000  
210.066156 0.013298  -0.018821  0.016235  0.432459  0.774849  0.461073  -0.889097  0.451510  0.075141  -0.149956  -0.442434  0.884175  -0.021137  0.022232  -0.033126  -0.097798  0.559722  -0.317825  1.000000  
210.067158 0.013274  -0.018797  0.016201  0.433226  0.774804  0.460428  -0.888812  0.451972  0.075727  -0.149427  -0.442041  0.884461  -0.021499  0.022364  -0.033062  -0.110969  0.580788  -0.330154  1.000000  
210.068158 0.013250  -0.018773  0.016168  0.434184  0.774636  0.459808  -0.888455  0.452531  0.076568  -0.148765  -0.441763  0.884711  -0.021926  0.022533  -0.032817  -0.115058  0.604782  -0.348496  1.000000  
210.069164 0.013225  -0.018750  0.016137  0.435142  0.774522  0.459093  -0.888097  0.453100  0.077353  -0.148103  -0.441378  0.885014  -0.022399  0.022631  -0.032493  -0.125306  0.630899  -0.363829  1.000000  
210.070413 0.013193  -0.018722  0.016101  0.436291  0.774397  0.458214  -0.887665  0.453786  0.078282  -0.147309  -0.440895  0.885388  -0.022726  0.022756  -0.032091  -0.136619  0.662164  -0.386553  1.000000  
210.071663 0.013162  -0.018694  0.016065  0.437448  0.774351  0.457187  -0.887249  0.454430  0.079262  -0.146383  -0.440311  0.885832  -0.023092  0.022857  -0.031962  -0.157267  0.690356  -0.403208  1.000000  
210.072906 0.013131  -0.018664  0.016026  0.438796  0.774181  0.456182  -0.886758  0.455172  0.080494  -0.145324  -0.439843  0.886239  -0.023315  0.023017  -0.032046  -0.166352  0.726841  -0.424655  1.000000  
210.073928 0.013106  -0.018640  0.015993  0.439751  0.774119  0.455366  -0.886392  0.455754  0.081218  -0.144662  -0.439349  0.886592  -0.023540  0.023148  -0.032326  -0.182152  0.750434  -0.434393  1.000000  
210.075156 0.013074  -0.018609  0.015950  0.441097  0.774057  0.454168  -0.885896  0.456518  0.082337  -0.143603  -0.438664  0.887103  -0.023842  0.023325  -0.032658  -0.202030  0.790335  -0.453710  1.000000  
210.076159 0.013050  -0.018584  0.015916  0.442060  0.774074  0.453202  -0.885544  0.457060  0.083109  -0.142808  -0.438069  0.887525  -0.024025  0.023470  -0.032797  -0.223724  0.815282  -0.464263  1.000000  
210.077406 0.013018  -0.018553  0.015874  0.443395  0.773928  0.452146  -0.885026  0.457870  0.084172  -0.141881  -0.437482  0.887963  -0.024218  0.023607  -0.032731  -0.239463  0.846565  -0.487289  1.000000  
210.078659 0.012987  -0.018522  0.015835  0.444747  0.773942  0.450793  -0.884538  0.458597  0.085334  -0.140689  -0.436695  0.888540  -0.024475  0.023730  -0.032351  -0.264503  0.882623  -0.500247  1.000000  
210.079906 0.012953  -0.018491  0.015796  0.446461  0.773710  0.449495  -0.883863  0.459635  0.086734  -0.139497  -0.436015  0.889062  -0.024785  0.023912  -0.032106  -0.283513  0.924989  -0.525551  1.000000  
210.081156 0.012919  -0.018460  0.015760  0.447810  0.773665  0.448229  -0.883368  0.460356  0.087945  -0.138304  -0.435334  0.889582  -0.025248  0.024043  -0.031667  -0.301540  0.958043  -0.532514  1.000000  
210.082406 0.012885  -0.018430  0.015723  0.449158  0.773618  0.446959  -0.882869  0.461079  0.089155  -0.137112  -0.434651  0.890101  -0.025606  0.024055  -0.031305  -0.320053  0.986134  -0.541179  1.000000  
210.083406 0.012856  -0.018406  0.015693  0.450323  0.773611  0.445799  -0.882460  0.461634  0.090326  -0.135919  -0.434075  0.890564  -0.025848  0.024106  -0.031159  -0.332897  1.021771  -0.554085  1.000000  
210.084656 0.012822  -0.018377  0.015654  0.451858  0.773546  0.444355  -0.881878  0.462479  0.091671  -0.134593  -0.433290  0.891148  -0.026039  0.024176  -0.031213  -0.354047  1.061664  -0.565372  1.000000  
210.085667 0.012794  -0.018353  0.015621  0.453202  0.773493  0.443075  -0.881370  0.463209  0.092873  -0.133400  -0.432603  0.891661  -0.026216  0.024227  -0.031549  -0.375110  1.099128  -0.579016  1.000000  
210.086915 0.012759  -0.018324  0.015579  0.454751  0.773477  0.441515  -0.880811  0.463957  0.094425  -0.131808  -0.431831  0.892272  -0.026443  0.024343  -0.031947  -0.388447  1.141153  -0.587975  1.000000  
210.088167 0.012724  -0.018293  0.015534  0.456290  0.773485  0.439910  -0.880232  0.464770  0.095810  -0.130349  -0.430940  0.892916  -0.026736  0.024396  -0.032355  -0.415073  1.179943  -0.593901  1.000000  
210.089410 0.012689  -0.018263  0.015491  0.457835  0.773517  0.438245  -0.879664  0.465536  0.097298  -0.128757  -0.430055  0.893574  -0.026955  0.024262  -0.032287  -0.436876  1.224312  -0.603789  1.000000  
210.090661 0.012654  -0.018234  0.015451  0.459394  0.773652  0.436371  -0.879121  0.466216  0.098938  -0.126899  -0.429075  0.894311  -0.027210  0.024170  -0.032034  -0.459772  1.269185  -0.605578  1.000000  
210.091906 0.012617  -0.018203  0.015413  0.460943  0.773758  0.434547  -0.878557  0.466951  0.100468  -0.125174  -0.428084  0.895028  -0.027583  0.024175  -0.031791  -0.484820  1.313611  -0.612659  1.000000  
210.092907 0.012587  -0.018180  0.015385  0.461932  0.773991  0.433079  -0.878245  0.467288  0.101628  -0.123714  -0.427294  0.895608  -0.027985  0.024050  -0.031477  -0.506347  1.348326  -0.606981  1.000000  
210.093911 0.012556  -0.018156  0.015355  0.463274  0.774055  0.431528  -0.877724  0.468010  0.102801  -0.122386  -0.426387  0.896223  -0.028295  0.023955  -0.031466  -0.532934  1.385054  -0.612565  1.000000  
210.095156 0.012518  -0.018127  0.015317  0.465179  0.774011  0.429552  -0.876955  0.469087  0.104441  -0.120659  -0.425282  0.896982  -0.028633  0.023813  -0.031499  -0.557667  1.420328  -0.623859  1.000000  
210.096163 0.012486  -0.018104  0.015286  0.466525  0.774096  0.427936  -0.876439  0.469765  0.105712  -0.119198  -0.424378  0.897605  -0.028895  0.023673  -0.031584  -0.581969  1.461664  -0.630731  1.000000  
210.097406 0.012447  -0.018078  0.015245  0.468073  0.774317  0.425842  -0.875865  0.470495  0.107215  -0.117338  -0.423165  0.898423  -0.029184  0.023487  -0.031886  -0.610437  1.499887  -0.629259  1.000000  
210.098406 0.012416  -0.018056  0.015211  0.469603  0.774325  0.424138  -0.875258  0.471289  0.108673  -0.115743  -0.422263  0.899053  -0.029407  0.023376  -0.032129  -0.630496  1.538428  -0.638460  1.000000  
210.099656 0.012375  -0.018029  0.015168  0.471333  0.774468  0.421953  -0.874589  0.472138  0.110360  -0.113750  -0.421052  0.899876  -0.029778  0.023167  -0.032391  -0.657904  1.578820  -0.643106  1.000000  
210.100656 0.012343  -0.018009  0.015134  0.473046  0.774349  0.420251  -0.873887  0.473037  0.112060  -0.112021  -0.420262  0.900462  -0.030055  0.022966  -0.032482  -0.671974  1.622258  -0.653409  1.000000  
210.101912 0.012302  -0.017984  0.015092  0.474771  0.774483  0.418053  -0.873205  0.473896  0.113736  -0.110027  -0.419044  0.901275  -0.030480  0.022649  -0.032426  -0.699087  1.666518  -0.653539  1.000000  
210.102914 0.012269  -0.017965  0.015061  0.476300  0.774506  0.416269  -0.872588  0.474657  0.115283  -0.108298  -0.418140  0.901904  -0.030891  0.022308  -0.032060  -0.715304  1.705456  -0.660925  1.000000  
210.104171 0.012226  -0.017940  0.015023  0.478392  0.774440  0.413986  -0.871721  0.475733  0.117389  -0.106036  -0.417039  0.902682  -0.031364  0.021881  -0.031662  -0.733023  1.754154  -0.667085  1.000000  
210.105412 0.012183  -0.017917  0.014985  0.480301  0.774517  0.411625  -0.870943  0.476670  0.119346  -0.103774  -0.415824  0.903505  -0.031906  0.021444  -0.031557  -0.753719  1.799555  -0.673798  1.000000  
210.106661 0.012140  -0.017894  0.014948  0.482206  0.774539  0.409349  -0.870157  0.477599  0.121353  -0.101512  -0.414715  0.904271  -0.032378  0.020948  -0.031526  -0.768451  1.851216  -0.678461  1.000000  
210.107906 0.012095  -0.017873  0.014908  0.484459  0.774382  0.406979  -0.869151  0.478915  0.123358  -0.099382  -0.413488  0.905069  -0.032783  0.020437  -0.031847  -0.787575  1.893385  -0.692895  1.000000  
210.108907 0.012060  -0.017856  0.014874  0.485979  0.774413  0.405102  -0.868513  0.479651  0.124985  -0.097518  -0.412576  0.905688  -0.033070  0.019974  -0.032121  -0.800439  1.928880  -0.691267  1.000000  
210.110156 0.012016  -0.017837  0.014832  0.488040  0.774269  0.402894  -0.867579  0.480851  0.126845  -0.095520  -0.411448  0.906414  -0.033438  0.019305  -0.032455  -0.816650  1.961503  -0.700788  1.000000  
210.111447 0.011971  -0.017819  0.014790  0.489752  0.774373  0.400611  -0.866860  0.481642  0.128744  -0.093256  -0.410326  0.907158  -0.033769  0.018563  -0.032436  -0.832766  1.996551  -0.699382  1.000000  
210.112656 0.011925  -0.017802  0.014750  0.491461  0.774472  0.398321  -0.866133  0.482439  0.130637  -0.090991  -0.409202  0.907896  -0.034346  0.017906  -0.032356  -0.851328  2.033041  -0.701907  1.000000  
210.113658 0.011888  -0.017791  0.014721  0.492786  0.774465  0.396693  -0.865560  0.483048  0.132173  -0.089259  -0.408495  0.908386  -0.034693  0.017263  -0.032051  -0.856768  2.051662  -0.702295  1.000000  
210.114907 0.011840  -0.017778  0.014686  0.494489  0.774461  0.394577  -0.864820  0.483822  0.134174  -0.086993  -0.407585  0.909014  -0.035240  0.016316  -0.031498  -0.858992  2.078810  -0.699789  1.000000  
210.116158 0.011791  -0.017767  0.014655  0.496004  0.774431  0.392729  -0.864164  0.484456  0.136100  -0.084860  -0.406888  0.909528  -0.035713  0.015368  -0.030795  -0.857552  2.092047  -0.688778  1.000000  
210.117158 0.011752  -0.017761  0.014632  0.497144  0.774376  0.391396  -0.863677  0.484866  0.137721  -0.083127  -0.406506  0.909858  -0.036111  0.014542  -0.030201  -0.848580  2.105486  -0.676844  1.000000  
210.118410 0.011701  -0.017755  0.014604  0.498653  0.774248  0.389724  -0.863009  0.485472  0.139758  -0.080993  -0.406026  0.910265  -0.036804  0.013237  -0.029439  -0.834886  2.124683  -0.669327  1.000000  
210.119415 0.011660  -0.017751  0.014583  0.499784  0.774069  0.388631  -0.862504  0.485898  0.141386  -0.079393  -0.405858  0.910481  -0.037244  0.012194  -0.028800  -0.817135  2.131781  -0.665845  1.000000  
210.120667 0.011607  -0.017748  0.014557  0.501105  0.773871  0.387320  -0.861919  0.486344  0.143407  -0.077392  -0.405701  0.910724  -0.037954  0.010776  -0.028080  -0.788000  2.136547  -0.657594  1.000000  
210.121912 0.011550  -0.017747  0.014532  0.502601  0.773573  0.385975  -0.861225  0.486950  0.145506  -0.075391  -0.405542  0.910962  -0.038749  0.009429  -0.027054  -0.757925  2.144052  -0.664063  1.000000  
210.123158 0.011492  -0.017746  0.014510  0.503927  0.773430  0.384530  -0.860645  0.487304  0.147732  -0.073123  -0.405390  0.911215  -0.039686  0.008023  -0.025831  -0.724802  2.156735  -0.652131  1.000000  
210.124162 0.011445  -0.017745  0.014495  0.505044  0.773176  0.383574  -0.860114  0.487762  0.149304  -0.071655  -0.405323  0.911361  -0.040489  0.007057  -0.024517  -0.694863  2.157306  -0.645390  1.000000  
210.125429 0.011385  -0.017744  0.014480  0.506532  0.772831  0.382305  -0.859403  0.488353  0.151452  -0.069653  -0.405270  0.911540  -0.041550  0.005740  -0.022713  -0.657188  2.161033  -0.636834  1.000000  
210.126657 0.011322  -0.017744  0.014468  0.507835  0.772606  0.381030  -0.858783  0.488849  0.153354  -0.067784  -0.405101  0.911756  -0.042685  0.004819  -0.020932  -0.625153  2.152400  -0.628591  1.000000  
210.127906 0.011258  -0.017742  0.014459  0.509308  0.772297  0.379686  -0.858046  0.489572  0.155167  -0.066048  -0.404816  0.912010  -0.043958  0.003689  -0.018741  -0.593385  2.145103  -0.627770  1.000000  
210.128906 0.011207  -0.017740  0.014454  0.510417  0.772089  0.378621  -0.857499  0.490051  0.156671  -0.064580  -0.404634  0.912196  -0.044709  0.003210  -0.017275  -0.567970  2.137903  -0.625025  1.000000  
210.129906 0.011158  -0.017738  0.014449  0.511524  0.771925  0.377458  -0.856948  0.490551  0.158113  -0.063111  -0.404340  0.912429  -0.045489  0.002673  -0.015799  -0.545875  2.120822  -0.610292  1.000000  
210.131156 0.011096  -0.017736  0.014444  0.513167  0.771514  0.376067  -0.856092  0.491435  0.159994  -0.061375  -0.404052  0.912675  -0.046357  0.002074  -0.014059  -0.516510  2.109188  -0.609694  1.000000  
210.132158 0.011046  -0.017735  0.014440  0.514446  0.771202  0.374957  -0.855428  0.492076  0.161568  -0.059906  -0.403867  0.912854  -0.047026  0.001707  -0.012750  -0.492887  2.101343  -0.616611  1.000000  
210.133406 0.010984  -0.017735  0.014438  0.515903  0.770862  0.373652  -0.854661  0.492850  0.163261  -0.058303  -0.403573  0.913088  -0.047825  0.001314  -0.011075  -0.464924  2.076140  -0.607233  1.000000  
210.134656 0.010922  -0.017736  0.014437  0.517533  0.770374  0.372402  -0.853782  0.493763  0.165087  -0.056700  -0.403388  0.913270  -0.048542  0.000919  -0.009422  -0.427824  2.052712  -0.612176  1.000000  
210.135666 0.010872  -0.017736  0.014438  0.518806  0.770015  0.371372  -0.853106  0.494386  0.166712  -0.055231  -0.403311  0.913395  -0.048972  0.000786  -0.007884  -0.394813  2.035786  -0.611012  1.000000  
210.136913 0.010810  -0.017738  0.014444  0.520431  0.769480  0.370205  -0.852218  0.495280  0.168591  -0.053628  -0.403235  0.913524  -0.049429  0.000566  -0.005698  -0.353796  2.009425  -0.609498  1.000000  
210.138163 0.010747  -0.017740  0.014453  0.521882  0.769074  0.369003  -0.851438  0.495969  0.170495  -0.051891  -0.403162  0.913656  -0.049714  0.000393  -0.003591  -0.317237  1.988005  -0.597693  1.000000  
210.139409 0.010685  -0.017742  0.014464  0.523509  0.768550  0.367790  -0.850551  0.496750  0.172636  -0.050020  -0.403200  0.913744  -0.049905  0.000180  -0.001615  -0.272127  1.974151  -0.590504  1.000000  
210.140659 0.010623  -0.017743  0.014478  0.525304  0.767850  0.366691  -0.849544  0.497713  0.174805  -0.048283  -0.403346  0.913773  -0.049980  0.000040  0.000067  -0.225826  1.961513  -0.597366  1.000000  
210.141906 0.010561  -0.017744  0.014491  0.526924  0.767325  0.365463  -0.848644  0.498493  0.176939  -0.046411  -0.403381  0.913854  -0.049928  -0.000109  0.001878  -0.193212  1.951083  -0.606168  1.000000  
210.142907 0.010513  -0.017743  0.014502  0.528356  0.766773  0.364553  -0.847832  0.499231  0.178742  -0.044941  -0.403519  0.913867  -0.049661  -0.000128  0.002962  -0.152970  1.939263  -0.617017  1.000000  
210.143909 0.010465  -0.017743  0.014512  0.529787  0.766265  0.363545  -0.847016  0.499989  0.180483  -0.043471  -0.403546  0.913926  -0.049444  -0.000231  0.003996  -0.121615  1.936284  -0.634320  1.000000  
210.145156 0.010408  -0.017742  0.014524  0.531574  0.765665  0.362196  -0.845996  0.500880  0.182784  -0.041466  -0.403580  0.914004  -0.049148  -0.000309  0.005194  -0.091413  1.934928  -0.643626  1.000000  
210.146156 0.010363  -0.017740  0.014534  0.533002  0.765184  0.361112  -0.845175  0.501592  0.184622  -0.039861  -0.403606  0.914064  -0.048870  -0.000229  0.005963  -0.075209  1.935313  -0.654044  1.000000  
210.147156 0.010317  -0.017738  0.014545  0.534427  0.764660  0.360115  -0.844349  0.502282  0.186517  -0.038257  -0.403743  0.914072  -0.048620  -0.000172  0.006946  -0.056479  1.936741  -0.668862  1.000000  
210.148158 0.010271  -0.017737  0.014556  0.536020  0.764047  0.359048  -0.843404  0.503196  0.188320  -0.036786  -0.403765  0.914123  -0.048350  -0.000146  0.008027  -0.038711  1.935097  -0.690640  1.000000  
210.149406 0.010213  -0.017734  0.014571  0.537967  0.763342  0.357633  -0.842248  0.504242  0.190678  -0.034781  -0.403794  0.914189  -0.048031  0.000131  0.009123  -0.030888  1.945516  -0.711314  1.000000  
210.150408 0.010167  -0.017732  0.014584  0.539385  0.762932  0.356367  -0.841411  0.504931  0.192545  -0.033042  -0.403707  0.914291  -0.047863  0.000283  0.009770  -0.028483  1.954591  -0.722339  1.000000  
210.151656 0.010108  -0.017730  0.014600  0.541324  0.762183  0.355029  -0.840241  0.505952  0.194955  -0.031036  -0.403844  0.914301  -0.047658  0.000555  0.010471  -0.017809  1.966076  -0.747804  1.000000  
210.152666 0.010060  -0.017727  0.014611  0.542911  0.761655  0.353737  -0.839284  0.506728  0.197051  -0.029164  -0.403867  0.914353  -0.047472  0.000819  0.010811  -0.016617  1.972336  -0.765854  1.000000  
210.153915 0.009998  -0.017724  0.014622  0.545017  0.760902  0.352115  -0.837993  0.507838  0.199667  -0.026890  -0.403892  0.914411  -0.047418  0.001216  0.010893  -0.009871  1.998751  -0.792418  1.000000  
210.155214 0.009934  -0.017719  0.014632  0.546947  0.760282  0.350457  -0.836809  0.508746  0.202308  -0.024483  -0.403917  0.914468  -0.047338  0.001561  0.010587  -0.008196  2.017327  -0.805321  1.000000  
210.156406 0.009869  -0.017714  0.014642  0.548700  0.759724  0.348923  -0.835728  0.509472  0.204932  -0.022075  -0.404051  0.914470  -0.047732  0.002037  0.010407  0.002131  2.038456  -0.814050  1.000000  
210.157411 0.009816  -0.017709  0.014649  0.550272  0.759255  0.347465  -0.834747  0.510157  0.207212  -0.019935  -0.404069  0.914511  -0.047993  0.002371  0.010159  0.007825  2.073144  -0.828318  1.000000  
210.158658 0.009748  -0.017702  0.014658  0.552016  0.758728  0.345847  -0.833652  0.510837  0.209928  -0.017393  -0.404199  0.914506  -0.048621  0.002782  0.009906  0.021988  2.104052  -0.830800  1.000000  
210.159908 0.009678  -0.017695  0.014670  0.553925  0.758139  0.344082  -0.832434  0.511698  0.212646  -0.014851  -0.404216  0.914543  -0.049513  0.003142  0.009885  0.034932  2.136267  -0.839125  1.000000  
210.161156 0.009605  -0.017689  0.014682  0.555828  0.757549  0.342308  -0.831206  0.512559  0.215357  -0.012309  -0.404230  0.914575  -0.050527  0.003405  0.009866  0.040495  2.162484  -0.843310  1.000000  
210.162156 0.009547  -0.017683  0.014692  0.557209  0.757145  0.340953  -0.830310  0.513061  0.217609  -0.010169  -0.404350  0.914548  -0.051448  0.003716  0.009798  0.049889  2.185742  -0.840838  1.000000  
210.163156 0.009488  -0.017678  0.014703  0.558758  0.756707  0.339387  -0.829293  0.513701  0.219965  -0.007894  -0.404359  0.914566  -0.052226  0.003949  0.009815  0.059527  2.227219  -0.845594  1.000000  
210.164158 0.009428  -0.017673  0.014713  0.560302  0.756269  0.337813  -0.828269  0.514340  0.222317  -0.005620  -0.404365  0.914580  -0.053208  0.004167  0.009642  0.065085  2.261428  -0.845854  1.000000  
210.165406 0.009353  -0.017667  0.014726  0.562183  0.755752  0.335841  -0.827008  0.515184  0.225043  -0.002944  -0.404259  0.914640  -0.054226  0.004347  0.009472  0.062009  2.295177  -0.846557  1.000000  
210.166406 0.009293  -0.017663  0.014735  0.563717  0.755314  0.334251  -0.825968  0.515824  0.227383  -0.000669  -0.404260  0.914644  -0.055109  0.004499  0.009226  0.063344  2.328868  -0.846581  1.000000  
210.167406 0.009233  -0.017659  0.014743  0.565076  0.754983  0.332701  -0.825037  0.516308  0.229650  0.001606  -0.404260  0.914643  -0.055905  0.004603  0.008963  0.064361  2.356563  -0.842441  1.000000  
210.168412 0.009173  -0.017654  0.014751  0.566600  0.754546  0.331096  -0.823984  0.516949  0.231980  0.003880  -0.404257  0.914637  -0.056781  0.004721  0.008867  0.061395  2.392046  -0.842048  1.000000  
210.169415 0.009112  -0.017651  0.014760  0.568120  0.754079  0.329553  -0.822924  0.517634  0.234204  0.006021  -0.404253  0.914627  -0.057424  0.004738  0.008899  0.058551  2.417869  -0.845572  1.000000  
210.170666 0.009036  -0.017647  0.014771  0.570140  0.753344  0.327739  -0.821503  0.518622  0.236991  0.008563  -0.404357  0.914561  -0.058264  0.004738  0.009063  0.055066  2.447828  -0.846964  1.000000  
210.171915 0.008959  -0.017642  0.014785  0.571986  0.752725  0.325942  -0.820190  0.519528  0.239539  0.010971  -0.404347  0.914540  -0.058997  0.004628  0.009341  0.051535  2.469997  -0.852462  1.000000  
210.173158 0.008882  -0.017638  0.014800  0.573992  0.751990  0.324105  -0.818749  0.520515  0.242310  0.013513  -0.404445  0.914462  -0.059652  0.004476  0.009761  0.047954  2.501022  -0.854201  1.000000  
210.174162 0.008819  -0.017635  0.014813  0.575490  0.751483  0.322620  -0.817659  0.521169  0.244575  0.015654  -0.404544  0.914385  -0.060109  0.004274  0.010025  0.048756  2.519907  -0.853013  1.000000  
210.175408 0.008740  -0.017634  0.014829  0.577317  0.750825  0.320885  -0.816320  0.522044  0.247166  0.018062  -0.404638  0.914299  -0.060612  0.003887  0.010381  0.048945  2.535509  -0.853920  1.000000  
210.176410 0.008678  -0.017632  0.014842  0.578807  0.750287  0.319455  -0.815218  0.522742  0.249320  0.020068  -0.404734  0.914214  -0.060869  0.003612  0.010547  0.049819  2.550536  -0.854620  1.000000  
210.177656 0.008600  -0.017632  0.014859  0.580787  0.749514  0.317670  -0.813741  0.523696  0.252127  0.022610  -0.404933  0.914067  -0.061185  0.003226  0.010806  0.049997  2.570724  -0.851589  1.000000  
210.178660 0.008537  -0.017632  0.014873  0.582268  0.748946  0.316296  -0.812628  0.524436  0.254170  0.024483  -0.405026  0.913977  -0.061406  0.002847  0.011028  0.050890  2.585184  -0.853999  1.000000  
210.179906 0.008460  -0.017633  0.014892  0.584073  0.748219  0.314687  -0.811260  0.525321  0.256700  0.026757  -0.405224  0.913826  -0.061544  0.002427  0.011390  0.059087  2.589677  -0.852147  1.000000  
210.181156 0.008384  -0.017633  0.014913  0.586040  0.747389  0.312995  -0.809766  0.526434  0.259126  0.028896  -0.405311  0.913722  -0.061638  0.002007  0.012058  0.059381  2.596642  -0.856510  1.000000  
210.182156 0.008323  -0.017633  0.014932  0.587507  0.746821  0.311599  -0.808634  0.527172  0.261154  0.030769  -0.405399  0.913622  -0.061660  0.001755  0.012763  0.056112  2.602338  -0.853020  1.000000  
210.183406 0.008247  -0.017635  0.014958  0.589463  0.745953  0.309980  -0.807125  0.528250  0.263630  0.032909  -0.405593  0.913461  -0.061752  0.001318  0.013813  0.059989  2.596148  -0.862288  1.000000  
210.184408 0.008186  -0.017635  0.014980  0.590925  0.745283  0.308805  -0.805988  0.529042  0.265515  0.034513  -0.405793  0.913313  -0.061760  0.001091  0.014692  0.064866  2.587833  -0.865487  1.000000  
210.185414 0.008125  -0.017635  0.015004  0.592381  0.744683  0.307461  -0.804842  0.529821  0.267431  0.036251  -0.405879  0.913208  -0.061735  0.000802  0.015778  0.061648  2.583329  -0.868805  1.000000  
210.186662 0.008048  -0.017636  0.015035  0.594323  0.743782  0.305890  -0.803316  0.530939  0.269792  0.038257  -0.406070  0.913041  -0.061757  0.000486  0.016870  0.065543  2.569468  -0.881969  1.000000  
210.187663 0.007986  -0.017636  0.015061  0.595776  0.743079  0.304769  -0.802167  0.531770  0.271566  0.039728  -0.406268  0.912890  -0.061729  0.000198  0.017880  0.066328  2.555780  -0.895018  1.000000  
210.188666 0.007924  -0.017636  0.015085  0.597226  0.742376  0.303642  -0.801014  0.532601  0.273336  0.041198  -0.406465  0.912737  -0.061740  0.000046  0.018687  0.071169  2.542324  -0.908319  1.000000  
210.190027 0.007845  -0.017637  0.015116  0.598994  0.741519  0.302250  -0.799601  0.533648  0.275423  0.042936  -0.406657  0.912572  -0.061234  -0.000208  0.019476  0.075043  2.508020  -0.915344  1.000000  
210.191155 0.007766  -0.017638  0.015147  0.600754  0.740657  0.300868  -0.798177  0.534616  0.277667  0.044808  -0.406955  0.912348  -0.061854  -0.000351  0.020528  0.082917  2.494832  -0.927081  1.000000  
210.192184 0.007701  -0.017639  0.015172  0.602031  0.739995  0.299943  -0.797138  0.535299  0.279331  0.046144  -0.407262  0.912145  -0.061831  -0.000510  0.021384  0.088290  2.463932  -0.932507  1.000000  
210.193406 0.007620  -0.017642  0.015204  0.603626  0.739141  0.298841  -0.795837  0.536164  0.281375  0.047748  -0.407674  0.911878  -0.062174  -0.000659  0.022415  0.100741  2.427108  -0.942994  1.000000  
210.194655 0.007539  -0.017642  0.015237  0.605211  0.738321  0.297659  -0.794525  0.536983  0.283512  0.049485  -0.408082  0.911603  -0.062416  -0.000669  0.023310  0.112227  2.393339  -0.947908  1.000000  
210.195657 0.007474  -0.017643  0.015266  0.606483  0.737626  0.296793  -0.793479  0.537704  0.285070  0.050688  -0.408389  0.911400  -0.062653  -0.000638  0.024218  0.126258  2.361723  -0.966055  1.000000  
210.196905 0.007394  -0.017641  0.015303  0.608060  0.736807  0.295598  -0.792158  0.538519  0.287199  0.052425  -0.408795  0.911119  -0.062912  -0.000506  0.025030  0.137368  2.325736  -0.969649  1.000000  
