1-Time 2-Px 3-Py 4-Pz 5-R11 6-R21 7-R31 8-R12 9-R22 10-R32 11-R13 12-R23 13-R33 14-Vx 15-Vy 16-Vz 17-Wx 18-Wy 19-Wz 20-state
35.607142 0.013463  -0.021677  -0.062351  0.752303  0.521633  0.402416  -0.507335  0.069017  0.858981  0.420299  -0.850374  0.316564  -0.000051  0.000287  -0.001096  0.000000  0.000000  0.000000  1.000000  
35.608181 0.013463  -0.021676  -0.062352  0.752303  0.521633  0.402416  -0.507335  0.069017  0.858981  0.420299  -0.850374  0.316564  -0.000009  0.000056  -0.001248  0.000000  0.000000  0.000000  1.000000  
35.609185 0.013469  -0.021683  -0.062310  0.752303  0.521633  0.402416  -0.507335  0.069017  0.858981  0.420299  -0.850374  0.316564  0.003328  -0.003885  0.023199  0.000000  0.000000  0.000000  1.000000  
35.610433 0.013479  -0.021696  -0.062226  0.752303  0.521633  0.402416  -0.507335  0.069017  0.858981  0.420299  -0.850374  0.316564  0.005189  -0.006457  0.041395  0.000000  0.000000  0.000000  1.000000  
35.611433 0.013485  -0.021701  -0.062166  0.752303  0.521682  0.402353  -0.507335  0.069121  0.858973  0.420299  -0.850335  0.316667  0.005379  -0.006054  0.046220  0.000000  0.000000  0.000000  1.000000  
35.612436 0.013487  -0.021696  -0.062130  0.752350  0.521636  0.402325  -0.507366  0.069289  0.858940  0.420178  -0.850350  0.316790  0.004809  -0.003955  0.044156  0.000000  0.000000  0.000000  1.000000  
35.613685 0.013483  -0.021681  -0.062106  0.752350  0.521734  0.402198  -0.507366  0.069497  0.858924  0.420178  -0.850273  0.316996  0.003215  -0.000668  0.039155  0.000000  0.000000  0.000000  1.000000  
35.614935 0.013468  -0.021660  -0.062096  0.752292  0.521703  0.402347  -0.507552  0.069558  0.858809  0.420057  -0.850287  0.317119  0.000663  0.002185  0.033934  0.000000  0.000000  0.000000  1.000000  
35.616000 0.013453  -0.021641  -0.062091  0.752187  0.521766  0.402461  -0.507707  0.069554  0.858717  0.420057  -0.850248  0.317222  -0.001164  0.004089  0.030379  0.000000  0.000000  0.000000  1.000000  
35.617190 0.013442  -0.021623  -0.062069  0.752036  0.521923  0.402539  -0.507831  0.069488  0.858650  0.420178  -0.850157  0.317306  -0.002141  0.005481  0.028907  0.000000  0.000000  0.000000  1.000000  
35.618207 0.013439  -0.021614  -0.062038  0.752036  0.521972  0.402476  -0.507831  0.069592  0.858641  0.420178  -0.850119  0.317409  -0.002243  0.005799  0.029020  0.000000  0.000000  0.000000  1.000000  
35.619452 0.013436  -0.021608  -0.061987  0.751932  0.522084  0.402526  -0.507985  0.069693  0.858542  0.420178  -0.850042  0.317615  -0.002256  0.005698  0.030278  0.000000  0.000000  0.000000  1.000000  
35.620685 0.013429  -0.021602  -0.061928  0.751978  0.521990  0.402561  -0.508017  0.069756  0.858518  0.420057  -0.850094  0.317635  -0.002608  0.005608  0.031917  0.000000  0.000000  0.000000  1.000000  
35.621686 0.013420  -0.021594  -0.061880  0.751816  0.521924  0.402950  -0.508358  0.069605  0.858328  0.419935  -0.850147  0.317655  -0.003024  0.005800  0.033010  0.000000  0.000000  0.000000  1.000000  
35.622753 0.013409  -0.021587  -0.061825  0.751757  0.521796  0.403225  -0.508544  0.069457  0.858230  0.419814  -0.850238  0.317571  -0.003660  0.006058  0.035608  0.000000  0.000000  0.000000  1.000000  
35.623934 0.013398  -0.021579  -0.061750  0.751594  0.521632  0.403740  -0.508885  0.069098  0.858057  0.419692  -0.850368  0.317384  -0.004626  0.006824  0.038386  0.000000  0.000000  0.000000  1.000000  
35.625179 0.013392  -0.021572  -0.061675  0.751490  0.521646  0.403916  -0.509040  0.068991  0.857974  0.419692  -0.850368  0.317384  -0.005644  0.008125  0.037880  0.000000  0.000000  0.000000  1.000000  
35.626189 0.013392  -0.021561  -0.061623  0.751338  0.521755  0.404058  -0.509163  0.068819  0.857914  0.419814  -0.850315  0.317365  -0.006305  0.009444  0.036762  0.000000  0.000000  0.000000  1.000000  
35.627199 0.013389  -0.021547  -0.061581  0.751338  0.521755  0.404058  -0.509163  0.068819  0.857914  0.419814  -0.850315  0.317365  -0.006648  0.010118  0.037156  0.000000  0.000000  0.000000  1.000000  
35.628219 0.013382  -0.021528  -0.061545  0.751292  0.521898  0.403959  -0.509132  0.068860  0.857930  0.419935  -0.850224  0.317448  -0.006966  0.010609  0.038141  0.000000  0.000000  0.000000  1.000000  
35.629461 0.013363  -0.021503  -0.061499  0.751338  0.521853  0.403931  -0.509163  0.069027  0.857897  0.419814  -0.850238  0.317571  -0.007317  0.010969  0.040481  0.000000  0.000000  0.000000  1.000000  
35.630688 0.013342  -0.021477  -0.061444  0.751338  0.521951  0.403805  -0.509163  0.069236  0.857881  0.419814  -0.850161  0.317777  -0.007731  0.011252  0.043318  0.000000  0.000000  0.000000  1.000000  
35.631703 0.013326  -0.021459  -0.061383  0.751490  0.521891  0.403600  -0.509040  0.069511  0.857932  0.419692  -0.850175  0.317900  -0.007946  0.011293  0.046852  0.000000  0.000000  0.000000  1.000000  
35.632974 0.013314  -0.021444  -0.061280  0.751641  0.521880  0.403332  -0.508917  0.069890  0.857974  0.419571  -0.850151  0.318126  -0.008467  0.011501  0.051302  0.000000  0.000000  0.000000  1.000000  
35.634204 0.013307  -0.021435  -0.061155  0.751897  0.521855  0.402887  -0.508639  0.070377  0.858099  0.419449  -0.850126  0.318352  -0.008671  0.011609  0.056127  0.000000  0.000000  0.000000  1.000000  
35.635452 0.013300  -0.021424  -0.061033  0.752106  0.521924  0.402407  -0.508329  0.070800  0.858248  0.419449  -0.850049  0.318558  -0.008733  0.012033  0.060601  0.000000  0.000000  0.000000  1.000000  
35.636453 0.013288  -0.021409  -0.060952  0.752362  0.521898  0.401963  -0.508051  0.071287  0.858372  0.419328  -0.850024  0.318784  -0.008925  0.012482  0.062836  0.000000  0.000000  0.000000  1.000000  
35.637736 0.013268  -0.021381  -0.060882  0.752618  0.521920  0.401455  -0.507772  0.071878  0.858488  0.419206  -0.849960  0.319113  -0.009413  0.013752  0.062911  0.000000  0.000000  0.000000  1.000000  
35.638936 0.013242  -0.021348  -0.060834  0.752873  0.521894  0.401010  -0.507494  0.072365  0.858611  0.419085  -0.849936  0.319339  -0.010463  0.015557  0.061016  0.000000  0.000000  0.000000  1.000000  
35.639939 0.013221  -0.021324  -0.060797  0.753129  0.521867  0.400565  -0.507215  0.072851  0.858735  0.418963  -0.849910  0.319565  -0.011617  0.016853  0.059427  0.000000  0.000000  0.000000  1.000000  
35.641180 0.013202  -0.021299  -0.060737  0.753535  0.521730  0.399979  -0.506812  0.073509  0.858917  0.418720  -0.849938  0.319811  -0.012650  0.017499  0.059100  0.000000  0.000000  0.000000  1.000000  
35.642185 0.013194  -0.021284  -0.060673  0.753790  0.521702  0.399535  -0.506533  0.073995  0.859039  0.418599  -0.849913  0.320037  -0.012999  0.017575  0.060574  0.000000  0.000000  0.000000  1.000000  
35.643435 0.013185  -0.021271  -0.060573  0.754045  0.521674  0.399090  -0.506254  0.074482  0.859162  0.418477  -0.849887  0.320262  -0.012845  0.016733  0.065359  0.000000  0.000000  0.000000  1.000000  
35.644448 0.013175  -0.021263  -0.060488  0.754300  0.521597  0.398708  -0.505975  0.074864  0.859293  0.418356  -0.849901  0.320385  -0.012569  0.015990  0.067511  0.000000  0.000000  0.000000  1.000000  
35.645680 0.013154  -0.021254  -0.060383  0.754612  0.521648  0.398051  -0.505509  0.075395  0.859521  0.418356  -0.849823  0.320591  -0.012486  0.014904  0.070781  -0.170386  0.077317  -0.095768  1.000000  
35.646683 0.013136  -0.021243  -0.060306  0.754971  0.521555  0.397492  -0.505074  0.075885  0.859734  0.418234  -0.849837  0.320714  -0.012688  0.014457  0.071890  -0.182881  0.093171  -0.106421  1.000000  
35.647969 0.013117  -0.021223  -0.060220  0.755282  0.521652  0.396772  -0.504607  0.076520  0.859951  0.418234  -0.849720  0.321023  -0.013160  0.014757  0.070701  -0.200005  0.115804  -0.120327  1.000000  
35.649208 0.013103  -0.021201  -0.060138  0.755640  0.521654  0.396086  -0.504172  0.077218  0.860144  0.418113  -0.849655  0.321352  -0.013801  0.015758  0.067229  -0.215720  0.137738  -0.133444  1.000000  
35.650450 0.013094  -0.021178  -0.060053  0.755894  0.521720  0.395515  -0.503892  0.077913  0.860246  0.417991  -0.849552  0.321784  -0.013744  0.016410  0.065307  -0.237730  0.149431  -0.137865  1.000000  
35.651697 0.013084  -0.021153  -0.059968  0.756252  0.521769  0.394766  -0.503456  0.078716  0.860428  0.417870  -0.849448  0.322216  -0.013366  0.016614  0.064576  -0.268681  0.178923  -0.149074  1.000000  
35.652941 0.013071  -0.021126  -0.059880  0.756656  0.521770  0.393990  -0.503050  0.079686  0.860576  0.417627  -0.849357  0.322771  -0.012807  0.016586  0.066169  -0.311691  0.208355  -0.160213  1.000000  
35.653949 0.013058  -0.021102  -0.059807  0.756910  0.521833  0.393419  -0.502770  0.080381  0.860675  0.417505  -0.849252  0.323203  -0.012061  0.016224  0.069020  -0.340444  0.224187  -0.170956  1.000000  
35.654953 0.013046  -0.021079  -0.059728  0.757210  0.521801  0.392883  -0.502520  0.081140  0.860750  0.417262  -0.849200  0.323655  -0.011537  0.016206  0.071674  -0.365314  0.238571  -0.186039  1.000000  
35.655953 0.013036  -0.021057  -0.059640  0.757509  0.521769  0.392348  -0.502270  0.081898  0.860824  0.417019  -0.849147  0.324107  -0.011252  0.016391  0.074254  -0.390389  0.251477  -0.205429  1.000000  
35.657184 0.013026  -0.021035  -0.059515  0.757809  0.521783  0.391749  -0.502019  0.082760  0.860888  0.416775  -0.849054  0.324662  -0.011205  0.016580  0.077223  -0.413464  0.258109  -0.216766  1.000000  
35.658184 0.013020  -0.021020  -0.059410  0.758109  0.521749  0.391214  -0.501769  0.083518  0.860960  0.416532  -0.849001  0.325113  -0.011196  0.017029  0.078826  -0.431621  0.265168  -0.233944  1.000000  
35.659436 0.013013  -0.021002  -0.059281  0.758455  0.521715  0.390589  -0.501549  0.084547  0.860988  0.416167  -0.848920  0.325791  -0.010804  0.017382  0.080486  -0.457374  0.273534  -0.246766  1.000000  
35.660447 0.013007  -0.020985  -0.059191  0.758697  0.521650  0.390204  -0.501485  0.085365  0.860945  0.415802  -0.848878  0.326366  -0.009990  0.018241  0.080664  -0.475949  0.274325  -0.261385  1.000000  
35.661685 0.012994  -0.020955  -0.059099  0.758986  0.521537  0.389793  -0.501451  0.086349  0.860866  0.415315  -0.848848  0.327063  -0.009341  0.019235  0.080624  -0.492306  0.269664  -0.274214  1.000000  
35.662686 0.012984  -0.020927  -0.059036  0.759125  0.521489  0.389587  -0.501543  0.087059  0.860741  0.414950  -0.848805  0.327638  -0.009037  0.020108  0.080463  -0.501189  0.260430  -0.280304  1.000000  
35.663944 0.012972  -0.020890  -0.058958  0.759264  0.521489  0.389317  -0.501635  0.087873  0.860605  0.414585  -0.848721  0.328316  -0.008846  0.021022  0.079802  -0.514518  0.251384  -0.286625  1.000000  
35.665191 0.012964  -0.020859  -0.058860  0.759403  0.521488  0.389048  -0.501726  0.088688  0.860468  0.414220  -0.848637  0.328994  -0.008769  0.021664  0.080929  -0.526464  0.230955  -0.295074  1.000000  
35.666441 0.012963  -0.020837  -0.058732  0.759588  0.521439  0.388752  -0.501849  0.089668  0.860295  0.413733  -0.848564  0.329794  -0.008251  0.021465  0.083798  -0.536534  0.212505  -0.300842  1.000000  
35.667444 0.012964  -0.020823  -0.058615  0.759577  0.521504  0.388686  -0.502066  0.090208  0.860112  0.413489  -0.848467  0.330349  -0.007532  0.020974  0.086731  -0.541027  0.195117  -0.301241  1.000000  
35.668693 0.012969  -0.020800  -0.058467  0.759761  0.521408  0.388455  -0.502188  0.091084  0.859948  0.413002  -0.848432  0.331047  -0.006129  0.020547  0.090618  -0.546332  0.176740  -0.306565  1.000000  
35.669940 0.012969  -0.020771  -0.058329  0.759842  0.521425  0.388274  -0.502466  0.092062  0.859682  0.412514  -0.848317  0.331951  -0.005095  0.020493  0.093359  -0.559218  0.151199  -0.308394  1.000000  
35.670960 0.012965  -0.020744  -0.058232  0.759877  0.521442  0.388182  -0.502714  0.092768  0.859461  0.412148  -0.848229  0.332628  -0.004646  0.020850  0.093752  -0.570565  0.130175  -0.309907  1.000000  
35.671979 0.012959  -0.020713  -0.058143  0.760060  0.521393  0.387888  -0.502836  0.093748  0.859283  0.411661  -0.848151  0.333429  -0.004567  0.021747  0.092704  -0.584837  0.113406  -0.317904  1.000000  
35.673210 0.012951  -0.020675  -0.058038  0.760186  0.521410  0.387619  -0.503144  0.094996  0.858966  0.411051  -0.848002  0.334559  -0.004561  0.023118  0.091079  -0.609083  0.089204  -0.328170  1.000000  
35.674466 0.012949  -0.020636  -0.057925  0.760416  0.521360  0.387237  -0.503296  0.096246  0.858738  0.410441  -0.847892  0.335585  -0.004286  0.024467  0.090076  -0.633237  0.064979  -0.338330  1.000000  
35.675709 0.012949  -0.020598  -0.057803  0.760644  0.521309  0.386855  -0.503447  0.097497  0.858508  0.409831  -0.847780  0.336612  -0.003656  0.025448  0.091288  -0.652919  0.039042  -0.352423  1.000000  
35.676958 0.012948  -0.020560  -0.057670  0.760815  0.521231  0.386625  -0.503785  0.098806  0.858160  0.409098  -0.847677  0.337762  -0.002770  0.025811  0.094582  -0.674257  0.007218  -0.364448  1.000000  
35.677960 0.012946  -0.020530  -0.057562  0.761043  0.521133  0.386308  -0.503936  0.099952  0.857938  0.408488  -0.847602  0.338686  -0.002307  0.025994  0.097309  -0.687641  -0.012769  -0.377934  1.000000  
35.679181 0.012941  -0.020493  -0.057429  0.761316  0.520987  0.385966  -0.504117  0.101264  0.857678  0.407755  -0.847536  0.339733  -0.001860  0.026024  0.101217  -0.703820  -0.038617  -0.392178  1.000000  
35.680184 0.012936  -0.020463  -0.057321  0.761543  0.520889  0.385651  -0.504267  0.102409  0.857454  0.407144  -0.847459  0.340656  -0.001858  0.026430  0.102709  -0.717746  -0.058586  -0.408060  1.000000  
35.681434 0.012933  -0.020426  -0.057182  0.761712  0.520764  0.385487  -0.504605  0.103614  0.857111  0.406411  -0.847390  0.341704  -0.001960  0.027419  0.103366  -0.726587  -0.088679  -0.415519  1.000000  
35.682454 0.012933  -0.020396  -0.057073  0.761893  0.520713  0.385197  -0.504725  0.104592  0.856921  0.405922  -0.847301  0.342504  -0.002163  0.028643  0.102405  -0.731796  -0.112185  -0.424331  1.000000  
35.683689 0.012934  -0.020358  -0.056940  0.762164  0.520566  0.384859  -0.504904  0.105903  0.856654  0.405188  -0.847228  0.343551  -0.002304  0.029520  0.101814  -0.741006  -0.129863  -0.433187  1.000000  
35.684689 0.012935  -0.020326  -0.056843  0.762345  0.520515  0.384570  -0.505024  0.106880  0.856462  0.404698  -0.847137  0.344352  -0.002348  0.030198  0.100735  -0.747415  -0.145050  -0.436781  1.000000  
35.685693 0.012932  -0.020292  -0.056755  0.762570  0.520416  0.384257  -0.505174  0.108024  0.856230  0.404087  -0.847053  0.345276  -0.002260  0.030595  0.100126  -0.760219  -0.163306  -0.448251  1.000000  
35.686936 0.012924  -0.020248  -0.056650  0.762841  0.520268  0.383921  -0.505352  0.109334  0.855958  0.403352  -0.846975  0.346324  -0.002333  0.031075  0.099879  -0.770527  -0.181970  -0.460011  1.000000  
35.687951 0.012916  -0.020212  -0.056564  0.763065  0.520168  0.383609  -0.505501  0.110478  0.855724  0.402740  -0.846888  0.347248  -0.002404  0.031371  0.099959  -0.780755  -0.198909  -0.467523  1.000000  
35.689191 0.012908  -0.020169  -0.056444  0.763335  0.520066  0.383211  -0.505680  0.111891  0.855435  0.402005  -0.846765  0.348397  -0.002714  0.031668  0.100332  -0.791732  -0.216167  -0.475395  1.000000  
35.690438 0.012903  -0.020130  -0.056304  0.763604  0.519964  0.382814  -0.505858  0.113304  0.855143  0.401270  -0.846640  0.349547  -0.003070  0.031739  0.101757  -0.802973  -0.225688  -0.481594  1.000000  
35.691450 0.012900  -0.020101  -0.056182  0.763931  0.519840  0.382329  -0.505849  0.114553  0.854982  0.400657  -0.846548  0.350471  -0.003233  0.031615  0.102789  -0.817177  -0.229472  -0.489191  1.000000  
35.692688 0.012898  -0.020062  -0.056031  0.764348  0.519711  0.381670  -0.505898  0.116342  0.854711  0.399799  -0.846383  0.351847  -0.003265  0.031790  0.104023  -0.845902  -0.231235  -0.508843  1.000000  
35.693933 0.012893  -0.020017  -0.055892  0.764809  0.519487  0.381053  -0.505977  0.118193  0.854411  0.398817  -0.846265  0.353243  -0.003255  0.032212  0.104173  -0.869326  -0.232162  -0.527012  1.000000  
35.695181 0.012882  -0.019967  -0.055770  0.765373  0.519236  0.380261  -0.505897  0.120150  0.854185  0.397835  -0.846143  0.354640  -0.003621  0.033075  0.103387  -0.899187  -0.229452  -0.552144  1.000000  
35.696185 0.012872  -0.019923  -0.055680  0.765832  0.518917  0.379773  -0.505974  0.121792  0.853907  0.396853  -0.846104  0.355830  -0.004168  0.034079  0.101851  -0.917815  -0.232451  -0.574745  1.000000  
35.697433 0.012860  -0.019867  -0.055566  0.766334  0.518640  0.379137  -0.506079  0.123807  0.853555  0.395748  -0.845982  0.357350  -0.004887  0.035300  0.100586  -0.951996  -0.231625  -0.604203  1.000000  
35.698454 0.012853  -0.019825  -0.055467  0.766747  0.518412  0.378613  -0.506125  0.125385  0.853297  0.394887  -0.845888  0.358520  -0.005498  0.036093  0.099758  -0.978366  -0.233206  -0.623479  1.000000  
35.699689 0.012847  -0.019776  -0.055334  0.767204  0.518227  0.377941  -0.506200  0.127336  0.852964  0.393904  -0.845710  0.360019  -0.005821  0.036668  0.100621  -1.004812  -0.229188  -0.644946  1.000000  
35.700691 0.012842  -0.019740  -0.055220  0.767616  0.517998  0.377419  -0.506245  0.128913  0.852700  0.393043  -0.845612  0.361189  -0.006047  0.036813  0.102390  -1.022681  -0.223098  -0.660980  1.000000  
35.701940 0.012833  -0.019694  -0.055073  0.768114  0.517716  0.376790  -0.506347  0.130924  0.852333  0.391935  -0.845476  0.362709  -0.006021  0.037034  0.105556  -1.046392  -0.226755  -0.684233  1.000000  
35.702940 0.012824  -0.019655  -0.054956  0.768568  0.517390  0.376312  -0.506419  0.132563  0.852037  0.390950  -0.845420  0.363900  -0.006130  0.037178  0.107276  -1.058652  -0.222380  -0.704437  1.000000  
35.703945 0.012815  -0.019614  -0.054844  0.768917  0.517090  0.376010  -0.506649  0.134094  0.851660  0.389965  -0.845362  0.365090  -0.006289  0.037611  0.108432  -1.070609  -0.229877  -0.720624  1.000000  
35.705189 0.012803  -0.019563  -0.054712  0.769352  0.516784  0.375541  -0.506936  0.136162  0.851161  0.388732  -0.845218  0.366733  -0.006756  0.038415  0.107872  -1.087520  -0.239628  -0.741446  1.000000  
35.706439 0.012793  -0.019513  -0.054580  0.769829  0.516383  0.375116  -0.507250  0.138291  0.850631  0.387376  -0.845118  0.368396  -0.007174  0.039258  0.106877  -1.107595  -0.249201  -0.761669  1.000000  
35.707683 0.012786  -0.019460  -0.054444  0.770261  0.516121  0.374589  -0.507535  0.140461  0.850105  0.386142  -0.844920  0.370141  -0.007438  0.040150  0.105831  -1.130816  -0.251483  -0.780434  1.000000  
35.708695 0.012781  -0.019415  -0.054337  0.770606  0.515910  0.374169  -0.507762  0.142195  0.849681  0.385154  -0.844759  0.371536  -0.007593  0.040779  0.105307  -1.146729  -0.257729  -0.793800  1.000000  
35.709709 0.012774  -0.019369  -0.054233  0.770888  0.515635  0.373968  -0.508176  0.143885  0.849149  0.384043  -0.844641  0.372952  -0.007471  0.041131  0.105577  -1.163967  -0.271378  -0.807387  1.000000  
35.710930 0.012763  -0.019309  -0.054104  0.771402  0.515183  0.373531  -0.508514  0.146176  0.848555  0.382560  -0.844523  0.374738  -0.007383  0.041714  0.106531  -1.192059  -0.277414  -0.835016  1.000000  
35.711937 0.012753  -0.019260  -0.053998  0.771639  0.515047  0.373229  -0.508898  0.147905  0.848025  0.381571  -0.844305  0.376236  -0.007385  0.041900  0.107894  -1.208129  -0.290669  -0.846136  1.000000  
35.713180 0.012741  -0.019200  -0.053855  0.772044  0.514716  0.372847  -0.509394  0.150293  0.847307  0.380086  -0.844085  0.378226  -0.007632  0.042466  0.109488  -1.241634  -0.309952  -0.871878  1.000000  
35.714443 0.012731  -0.019140  -0.053700  0.772490  0.514290  0.372511  -0.509916  0.152742  0.846555  0.378477  -0.843905  0.380237  -0.007863  0.043078  0.110722  -1.271074  -0.329361  -0.897523  1.000000  
35.715450 0.012726  -0.019093  -0.053571  0.772807  0.514012  0.372238  -0.510354  0.154696  0.845936  0.377238  -0.843718  0.381878  -0.007853  0.043816  0.111682  -1.294689  -0.346222  -0.918169  1.000000  
35.716690 0.012717  -0.019035  -0.053412  0.773290  0.513538  0.371889  -0.510902  0.157307  0.845124  0.375502  -0.843524  0.384011  -0.007853  0.044673  0.112590  -1.328732  -0.367849  -0.948199  1.000000  
35.717695 0.012710  -0.018984  -0.053292  0.773645  0.513211  0.371601  -0.511365  0.159423  0.844447  0.374138  -0.843326  0.385775  -0.007756  0.045474  0.112796  -1.351732  -0.384297  -0.966258  1.000000  
35.718941 0.012699  -0.018916  -0.053156  0.773976  0.512955  0.371265  -0.512042  0.162068  0.843533  0.372524  -0.842977  0.388091  -0.007754  0.046562  0.112576  -1.390056  -0.411810  -0.993104  1.000000  
35.720211 0.012685  -0.018845  -0.053029  0.774346  0.512651  0.370914  -0.512745  0.164875  0.842561  0.370785  -0.842618  0.390530  -0.007865  0.047912  0.112157  -1.428346  -0.439436  -1.019334  1.000000  
35.721230 0.012673  -0.018788  -0.052925  0.774588  0.512406  0.370747  -0.513364  0.166984  0.841768  0.369418  -0.842352  0.392394  -0.008088  0.048973  0.111895  -1.452683  -0.469216  -1.035497  1.000000  
35.722430 0.012663  -0.018720  -0.052784  0.774993  0.511965  0.370509  -0.514092  0.169748  0.840770  0.367552  -0.842067  0.394751  -0.008296  0.050064  0.112544  -1.475036  -0.501428  -1.056427  1.000000  
35.723433 0.012658  -0.018667  -0.052662  0.775231  0.511767  0.370285  -0.514710  0.171955  0.839944  0.366183  -0.841740  0.396716  -0.008284  0.050715  0.113551  -1.499361  -0.532176  -1.072681  1.000000  
35.724679 0.012654  -0.018603  -0.052506  0.775483  0.511459  0.370183  -0.515567  0.174548  0.838882  0.364439  -0.841393  0.399051  -0.008060  0.051185  0.115342  -1.521223  -0.565644  -1.081188  1.000000  
35.725932 0.012647  -0.018538  -0.052352  0.775772  0.511105  0.370067  -0.516451  0.177303  0.837760  0.362570  -0.841032  0.401507  -0.007695  0.051434  0.116968  -1.547379  -0.602013  -1.094124  1.000000  
35.726934 0.012638  -0.018486  -0.052234  0.776043  0.510773  0.369958  -0.517092  0.179466  0.836904  0.361073  -0.840775  0.403390  -0.007653  0.051652  0.117610  -1.561943  -0.637842  -1.103769  1.000000  
35.727939 0.012628  -0.018430  -0.052122  0.776311  0.510532  0.369728  -0.517733  0.181830  0.835997  0.359575  -0.840414  0.405476  -0.007626  0.052141  0.117372  -1.586412  -0.666372  -1.114893  1.000000  
35.729182 0.012616  -0.018359  -0.051989  0.776669  0.510087  0.369590  -0.518665  0.184907  0.834743  0.357452  -0.840013  0.408175  -0.007832  0.053002  0.116149  -1.612558  -0.705228  -1.134931  1.000000  
35.730182 0.012607  -0.018302  -0.051883  0.776904  0.509745  0.369567  -0.519516  0.187388  0.833660  0.355702  -0.839670  0.410403  -0.008022  0.053613  0.114788  -1.638577  -0.743313  -1.151244  1.000000  
35.731183 0.012601  -0.018246  -0.051775  0.777203  0.509461  0.369331  -0.520179  0.189910  0.832675  0.354076  -0.839276  0.412610  -0.008021  0.054247  0.113436  -1.667685  -0.774040  -1.166350  1.000000  
35.732202 0.012594  -0.018190  -0.051665  0.777499  0.509222  0.369036  -0.520841  0.192532  0.831659  0.352448  -0.838823  0.414917  -0.008019  0.054629  0.112155  -1.706778  -0.802875  -1.186440  1.000000  
35.733441 0.012585  -0.018119  -0.051525  0.777949  0.508836  0.368621  -0.521606  0.195904  0.830391  0.350319  -0.838276  0.417815  -0.007827  0.054930  0.112364  -1.746632  -0.835679  -1.203713  1.000000  
35.734688 0.012575  -0.018046  -0.051384  0.778432  0.508359  0.368259  -0.522395  0.199335  0.829077  0.348062  -0.837757  0.420733  -0.007624  0.055085  0.113169  -1.788190  -0.861909  -1.226951  1.000000  
35.735950 0.012563  -0.017973  -0.051243  0.778764  0.508018  0.368027  -0.523316  0.202595  0.827705  0.345929  -0.837182  0.423628  -0.007497  0.055390  0.114270  -1.827940  -0.897241  -1.242480  1.000000  
35.736962 0.012555  -0.017914  -0.051128  0.779155  0.507833  0.367455  -0.523811  0.205510  0.826673  0.344296  -0.836583  0.426133  -0.007458  0.055417  0.113970  -1.865456  -0.914844  -1.257402  1.000000  
35.738211 0.012545  -0.017844  -0.050982  0.779625  0.507450  0.366987  -0.524593  0.209130  0.825268  0.342034  -0.835918  0.429248  -0.007602  0.055734  0.113673  -1.910890  -0.945852  -1.282626  1.000000  
35.739429 0.012539  -0.017774  -0.050834  0.780052  0.507250  0.366355  -0.525347  0.212883  0.823827  0.339896  -0.835092  0.432542  -0.007740  0.056206  0.113372  -1.962029  -0.969669  -1.298045  1.000000  
35.740679 0.012534  -0.017704  -0.050692  0.780512  0.506870  0.365901  -0.526124  0.216493  0.822389  0.337630  -0.834394  0.435652  -0.007687  0.056590  0.112560  -2.006889  -0.991642  -1.319654  1.000000  
35.741929 0.012526  -0.017632  -0.050561  0.781042  0.506352  0.365488  -0.526949  0.220323  0.820843  0.335110  -0.833706  0.438903  -0.007510  0.056929  0.111572  -2.053933  -1.018869  -1.350450  1.000000  
35.743179 0.012515  -0.017560  -0.050439  0.781491  0.505976  0.365048  -0.527721  0.223923  0.819371  0.332840  -0.832975  0.442008  -0.007376  0.057072  0.110445  -2.092058  -1.039970  -1.368531  1.000000  
35.744180 0.012505  -0.017503  -0.050344  0.781971  0.505607  0.364530  -0.528279  0.227200  0.818108  0.330820  -0.832311  0.444766  -0.007369  0.057101  0.109680  -2.130567  -1.060871  -1.387201  1.000000  
35.745194 0.012496  -0.017448  -0.050245  0.782302  0.505335  0.364198  -0.528972  0.230208  0.816819  0.328926  -0.831650  0.447400  -0.007359  0.056907  0.109090  -2.165132  -1.077867  -1.397893  1.000000  
35.746428 0.012488  -0.017382  -0.050113  0.782810  0.504868  0.363753  -0.529786  0.234116  0.815179  0.326397  -0.830842  0.450741  -0.007381  0.056648  0.108987  -2.211436  -1.096573  -1.423351  1.000000  
35.747429 0.012484  -0.017331  -0.050001  0.783133  0.504599  0.363432  -0.530474  0.237115  0.813863  0.324500  -0.830154  0.453370  -0.007252  0.056391  0.109181  -2.241219  -1.113427  -1.433319  1.000000  
35.748452 0.012481  -0.017282  -0.049887  0.783452  0.504332  0.363114  -0.531161  0.240111  0.812536  0.322601  -0.829455  0.455997  -0.006976  0.055760  0.109020  -2.272964  -1.133679  -1.442418  1.000000  
35.749460 0.012477  -0.017231  -0.049777  0.783767  0.504111  0.362740  -0.531846  0.243200  0.811168  0.320700  -0.828689  0.458722  -0.006666  0.055160  0.108813  -2.301413  -1.145268  -1.455099  1.000000  
35.750686 0.012469  -0.017166  -0.049647  0.784146  0.503793  0.362365  -0.532810  0.247181  0.809330  0.318165  -0.827704  0.462252  -0.006467  0.054776  0.108305  -2.345362  -1.166151  -1.475047  1.000000  
35.751932 0.012459  -0.017098  -0.049527  0.784518  0.503478  0.361998  -0.533772  0.251154  0.807471  0.315626  -0.826699  0.465777  -0.006435  0.054507  0.106935  -2.392223  -1.186246  -1.493929  1.000000  
35.752948 0.012451  -0.017042  -0.049433  0.784854  0.503261  0.361569  -0.534474  0.254486  0.805962  0.313594  -0.825812  0.468714  -0.006411  0.054368  0.105096  -2.427715  -1.200361  -1.503797  1.000000  
35.754184 0.012443  -0.016975  -0.049314  0.785180  0.503132  0.361041  -0.535406  0.258579  0.804038  0.311179  -0.824618  0.472411  -0.006533  0.054178  0.103009  -2.476643  -1.215684  -1.519266  1.000000  
35.755430 0.012438  -0.016908  -0.049189  0.785568  0.502781  0.360685  -0.536382  0.262691  0.802053  0.308508  -0.823532  0.476044  -0.006467  0.053966  0.101852  -2.526699  -1.239766  -1.543413  1.000000  
35.756434 0.012435  -0.016855  -0.049087  0.785891  0.502571  0.360274  -0.537076  0.266005  0.800494  0.306471  -0.822596  0.478970  -0.006289  0.053646  0.101599  -2.563396  -1.248054  -1.555565  1.000000  
35.757435 0.012430  -0.016803  -0.048981  0.786132  0.502416  0.359963  -0.537954  0.269466  0.798745  0.304305  -0.821563  0.482112  -0.006063  0.053271  0.102049  -2.613358  -1.267246  -1.572152  1.000000  
35.758682 0.012421  -0.016738  -0.048851  0.786469  0.502255  0.359453  -0.538898  0.273686  0.796671  0.301755  -0.820266  0.485910  -0.005896  0.052897  0.102892  -2.652357  -1.283232  -1.580285  1.000000  
35.759939 0.012411  -0.016673  -0.048722  0.786688  0.502155  0.359114  -0.540000  0.277794  0.794500  0.299203  -0.818945  0.489701  -0.005829  0.052555  0.103278  -2.698459  -1.297359  -1.583558  1.000000  
35.760951 0.012404  -0.016621  -0.048621  0.786913  0.501925  0.358941  -0.540870  0.281041  0.792764  0.297031  -0.817977  0.492631  -0.005799  0.052360  0.102882  -2.724271  -1.315693  -1.591837  1.000000  
35.762182 0.012398  -0.016557  -0.048493  0.787249  0.501389  0.358954  -0.542056  0.285188  0.790470  0.293964  -0.816870  0.496295  -0.005846  0.052506  0.102241  -2.750211  -1.346815  -1.613184  1.000000  
35.763432 0.012393  -0.016493  -0.048367  0.787335  0.501497  0.358614  -0.543311  0.289454  0.788054  0.291405  -0.815302  0.500366  -0.005830  0.052675  0.101454  -2.792183  -1.376286  -1.609662  1.000000  
35.764681 0.012388  -0.016429  -0.048247  0.787446  0.501523  0.358335  -0.544585  0.293770  0.785574  0.288716  -0.813741  0.504449  -0.005798  0.052623  0.100238  -2.834897  -1.406084  -1.606264  1.000000  
35.765686 0.012383  -0.016377  -0.048155  0.787535  0.501506  0.358163  -0.545605  0.297169  0.783585  0.286537  -0.812516  0.507655  -0.005661  0.052601  0.099443  -2.867163  -1.430913  -1.610736  1.000000  
35.766687 0.012377  -0.016323  -0.048068  0.787493  0.501851  0.357771  -0.546537  0.300314  0.781734  0.284870  -0.811146  0.510775  -0.005563  0.052508  0.098938  -2.892588  -1.447792  -1.600114  1.000000  
35.767692 0.012369  -0.016270  -0.047979  0.787542  0.501932  0.357549  -0.547532  0.303637  0.779752  0.282818  -0.809857  0.513951  -0.005542  0.052404  0.098641  -2.915415  -1.472226  -1.589641  1.000000  
35.768700 0.012364  -0.016217  -0.047886  0.787555  0.502151  0.357213  -0.548504  0.306985  0.777756  0.280892  -0.808458  0.517199  -0.005455  0.052262  0.098334  -2.946133  -1.495938  -1.581830  1.000000  
35.769942 0.012358  -0.016153  -0.047762  0.787460  0.502408  0.357061  -0.549883  0.310929  0.775210  0.278451  -0.806789  0.521110  -0.005492  0.052059  0.098345  -2.972110  -1.527796  -1.566828  1.000000  
35.770947 0.012355  -0.016103  -0.047658  0.787524  0.502462  0.356845  -0.550893  0.314383  0.773098  0.276266  -0.805416  0.524387  -0.005456  0.051946  0.098799  -3.000993  -1.548664  -1.562616  1.000000  
35.771954 0.012353  -0.016053  -0.047552  0.787582  0.502478  0.356693  -0.551901  0.317735  0.771006  0.274079  -0.804090  0.527560  -0.005341  0.052043  0.099367  -3.023499  -1.572684  -1.551001  1.000000  
35.772969 0.012350  -0.016001  -0.047449  0.787492  0.502696  0.356584  -0.553047  0.321007  0.768826  0.272020  -0.802652  0.530805  -0.005125  0.051602  0.098330  -3.049506  -1.598742  -1.542765  1.000000  
35.774180 0.012344  -0.015934  -0.047326  0.787316  0.503049  0.356475  -0.554619  0.325301  0.765883  0.269315  -0.800700  0.535116  -0.004905  0.051846  0.098232  -3.089621  -1.638404  -1.524728  1.000000  
35.775181 0.012338  -0.015878  -0.047234  0.787214  0.503327  0.356309  -0.555761  0.328646  0.763624  0.267253  -0.799158  0.538444  -0.004728  0.052118  0.097504  -3.111028  -1.664442  -1.513400  1.000000  
35.776435 0.012331  -0.015807  -0.047121  0.787108  0.503676  0.356050  -0.557144  0.332863  0.760785  0.264673  -0.797191  0.542619  -0.004767  0.052597  0.096788  -3.147140  -1.692199  -1.491545  1.000000  
35.777681 0.012325  -0.015736  -0.047003  0.786994  0.503992  0.355855  -0.558524  0.336972  0.757958  0.262092  -0.795262  0.546687  -0.004808  0.052984  0.096004  -3.178053  -1.723952  -1.474620  1.000000  
35.778681 0.012322  -0.015681  -0.046903  0.786846  0.504378  0.355635  -0.559637  0.340223  0.755682  0.260154  -0.793631  0.549972  -0.004715  0.053394  0.096030  -3.201590  -1.741658  -1.462906  1.000000  
35.779698 0.012320  -0.015625  -0.046799  0.786693  0.504857  0.355294  -0.560749  0.343646  0.753305  0.258216  -0.791850  0.553442  -0.004553  0.053533  0.096462  -3.237870  -1.768174  -1.441362  1.000000  
35.780713 0.012317  -0.015570  -0.046694  0.786475  0.505285  0.355168  -0.562060  0.347169  0.750708  0.256018  -0.790039  0.557040  -0.004335  0.053716  0.097401  -3.264975  -1.796807  -1.423026  1.000000  
35.781931 0.012312  -0.015500  -0.046565  0.786246  0.505708  0.355073  -0.563610  0.351365  0.747587  0.253301  -0.787910  0.561282  -0.004224  0.054016  0.098826  -3.295973  -1.824028  -1.410096  1.000000  
35.782958 0.012306  -0.015445  -0.046463  0.786077  0.506166  0.354795  -0.564714  0.354663  0.745193  0.251359  -0.786136  0.564631  -0.004123  0.054116  0.099642  -3.314875  -1.849633  -1.384387  1.000000  
35.784186 0.012298  -0.015374  -0.046337  0.785805  0.506739  0.354579  -0.566238  0.358858  0.742021  0.248768  -0.783860  0.568927  -0.004174  0.054480  0.100153  -3.345853  -1.881011  -1.365166  1.000000  
35.785433 0.012292  -0.015304  -0.046213  0.785498  0.507322  0.354425  -0.567738  0.362795  0.738954  0.246305  -0.781668  0.573001  -0.004304  0.054964  0.099928  -3.373555  -1.907383  -1.336445  1.000000  
35.786683 0.012287  -0.015234  -0.046089  0.785066  0.508035  0.354360  -0.569397  0.366700  0.735744  0.243840  -0.779379  0.577157  -0.004450  0.055593  0.099490  -3.399456  -1.941704  -1.304940  1.000000  
35.787935 0.012281  -0.015164  -0.045967  0.784718  0.508812  0.354018  -0.570872  0.370720  0.732580  0.241504  -0.776967  0.581376  -0.004586  0.055959  0.099004  -3.411669  -1.952394  -1.272234  1.000000  
35.789181 0.012273  -0.015093  -0.045847  0.784362  0.509684  0.353551  -0.572343  0.374898  0.729298  0.239166  -0.774386  0.585770  -0.004660  0.056110  0.098664  -3.438941  -1.969227  -1.245777  1.000000  
35.790445 0.012264  -0.015022  -0.045729  0.783999  0.510524  0.353145  -0.573811  0.378969  0.726033  0.236827  -0.771847  0.590056  -0.004828  0.056050  0.098893  -3.475515  -1.990396  -1.208139  1.000000  
35.791684 0.012254  -0.014949  -0.045606  0.783535  0.511328  0.353011  -0.575456  0.382888  0.722667  0.234356  -0.769377  0.594253  -0.004986  0.056259  0.099529  -3.510877  -2.000951  -1.169483  1.000000  
35.792931 0.012245  -0.014877  -0.045477  0.783063  0.512187  0.352812  -0.577097  0.386875  0.719226  0.231884  -0.766807  0.598529  -0.005316  0.056487  0.100319  -3.528123  -2.025047  -1.143200  1.000000  
35.793931 0.012238  -0.014820  -0.045370  0.782723  0.512927  0.352492  -0.578340  0.390202  0.716426  0.229931  -0.764623  0.602066  -0.005559  0.056624  0.100766  -3.557007  -2.039381  -1.124535  1.000000  
35.794936 0.012231  -0.014763  -0.045260  0.782352  0.513714  0.352168  -0.579561  0.393367  0.713702  0.228108  -0.762469  0.605481  -0.005959  0.056577  0.100758  -3.564313  -2.047703  -1.093990  1.000000  
35.796180 0.012221  -0.014691  -0.045126  0.782050  0.514647  0.351475  -0.580835  0.397478  0.710382  0.225893  -0.759704  0.609773  -0.006284  0.056764  0.101091  -3.591720  -2.050296  -1.072126  1.000000  
35.797182 0.012212  -0.014632  -0.045024  0.781790  0.515324  0.351063  -0.581892  0.400634  0.707739  0.224067  -0.757584  0.613074  -0.006576  0.056968  0.101015  -3.611100  -2.062109  -1.063715  1.000000  
35.798183 0.012200  -0.014572  -0.044926  0.781406  0.516217  0.350607  -0.583107  0.403927  0.704861  0.222241  -0.755224  0.616641  -0.007002  0.057300  0.100905  -3.636283  -2.071000  -1.037110  1.000000  
35.799186 0.012188  -0.014511  -0.044831  0.781114  0.517113  0.349937  -0.584141  0.407252  0.702086  0.220545  -0.752821  0.620178  -0.007431  0.057536  0.100404  -3.664651  -2.071800  -1.024517  1.000000  
35.800434 0.012172  -0.014436  -0.044709  0.780670  0.518243  0.349253  -0.585566  0.411353  0.698499  0.218326  -0.749808  0.624597  -0.008016  0.057905  0.100281  -3.696859  -2.080552  -0.995296  1.000000  
35.801684 0.012158  -0.014362  -0.044582  0.780197  0.519336  0.348687  -0.586970  0.415118  0.695085  0.216236  -0.746972  0.628708  -0.008648  0.058195  0.100473  -3.719114  -2.082035  -0.956141  1.000000  
35.802934 0.012145  -0.014289  -0.044451  0.779741  0.520484  0.347994  -0.588389  0.419173  0.691443  0.214015  -0.743902  0.633093  -0.009075  0.058316  0.101098  -3.753146  -2.084940  -0.930803  1.000000  
35.803938 0.012133  -0.014232  -0.044345  0.779332  0.521286  0.347710  -0.589592  0.422130  0.688613  0.212185  -0.741665  0.636326  -0.009499  0.058298  0.101830  -3.754209  -2.084253  -0.906642  1.000000  
35.805183 0.012117  -0.014160  -0.044214  0.778986  0.522279  0.346995  -0.590844  0.426085  0.685095  0.209962  -0.738699  0.640500  -0.009921  0.058481  0.102751  -3.774680  -2.076820  -0.885220  1.000000  
35.806184 0.012103  -0.014102  -0.044113  0.778545  0.523258  0.346509  -0.592026  0.429117  0.682175  0.208261  -0.736247  0.643870  -0.010330  0.058417  0.102876  -3.791725  -2.077957  -0.861837  1.000000  
35.807431 0.012085  -0.014030  -0.043990  0.778044  0.524559  0.345667  -0.593417  0.433111  0.678433  0.206166  -0.732975  0.648261  -0.010851  0.058421  0.102726  -3.825365  -2.077047  -0.832508  1.000000  
35.808432 0.012071  -0.013972  -0.043891  0.777716  0.525419  0.345097  -0.594434  0.436135  0.675599  0.204464  -0.730562  0.651517  -0.011345  0.058469  0.102177  -3.838404  -2.073863  -0.821131  1.000000  
35.809678 0.012055  -0.013900  -0.043769  0.777082  0.526742  0.344510  -0.595979  0.439813  0.671843  0.202368  -0.727398  0.655698  -0.011869  0.058532  0.101273  -3.852364  -2.081967  -0.791729  1.000000  
35.810679 0.012041  -0.013843  -0.043671  0.776601  0.527782  0.344001  -0.597136  0.442637  0.668956  0.200795  -0.724927  0.658910  -0.012316  0.058463  0.100540  -3.856602  -2.072730  -0.765796  1.000000  
35.811680 0.012027  -0.013787  -0.043574  0.776118  0.528869  0.343422  -0.598291  0.445527  0.665999  0.199222  -0.722360  0.662198  -0.012652  0.058334  0.100036  -3.866544  -2.068696  -0.738419  1.000000  
35.812681 0.012012  -0.013730  -0.043476  0.775753  0.529869  0.342703  -0.599284  0.448510  0.663097  0.197649  -0.719776  0.665475  -0.012985  0.058245  0.100040  -3.883061  -2.055957  -0.720216  1.000000  
35.813932 0.011992  -0.013658  -0.043354  0.775304  0.531188  0.341677  -0.600468  0.452207  0.659505  0.195812  -0.716483  0.669559  -0.013288  0.057987  0.100198  -3.899673  -2.038072  -0.692880  1.000000  
35.815190 0.011971  -0.013587  -0.043228  0.774747  0.532488  0.340916  -0.601824  0.455750  0.655820  0.193844  -0.713266  0.673555  -0.013598  0.057518  0.100358  -3.916739  -2.029225  -0.663053  1.000000  
35.816195 0.011955  -0.013531  -0.043124  0.774247  0.533638  0.340252  -0.602971  0.458651  0.652737  0.192268  -0.710542  0.676877  -0.013913  0.057255  0.100628  -3.935903  -2.018086  -0.648286  1.000000  
35.817436 0.011937  -0.013462  -0.042990  0.773431  0.535184  0.339680  -0.604641  0.462009  0.648812  0.190298  -0.707196  0.680926  -0.014249  0.057061  0.100860  -3.947335  -2.029167  -0.614293  1.000000  
35.818438 0.011922  -0.013406  -0.042882  0.772903  0.536420  0.338931  -0.605768  0.464814  0.645750  0.188853  -0.704416  0.684202  -0.014466  0.056966  0.100970  -3.957424  -2.020349  -0.591709  1.000000  
35.819444 0.011906  -0.013351  -0.042776  0.772247  0.537674  0.338439  -0.607052  0.467336  0.642717  0.187408  -0.701786  0.687295  -0.014753  0.056740  0.101016  -3.956713  -2.018790  -0.568292  1.000000  
35.820472 0.011889  -0.013295  -0.042672  0.771732  0.538764  0.337880  -0.608191  0.470011  0.639682  0.185830  -0.699159  0.690394  -0.014953  0.056497  0.100928  -3.962970  -2.012607  -0.549623  1.000000  
35.821684 0.011868  -0.013225  -0.042548  0.770982  0.540390  0.336996  -0.609661  0.473278  0.635863  0.184121  -0.695692  0.694343  -0.015213  0.056487  0.101057  -3.975387  -2.003790  -0.520079  1.000000  
35.822931 0.011846  -0.013157  -0.042428  0.770120  0.542006  0.336370  -0.611302  0.476389  0.631952  0.182279  -0.692303  0.698206  -0.015465  0.056276  0.100881  -3.979923  -1.991735  -0.486671  1.000000  
