1-Time 2-Px 3-Py 4-Pz 5-R11 6-R21 7-R31 8-R12 9-R22 10-R32 11-R13 12-R23 13-R33 14-Vx 15-Vy 16-Vz 17-Wx 18-Wy 19-Wz 20-state
181.845949 0.010324  -0.009858  -0.030325  0.540047  0.203860  0.816572  -0.774053  0.501233  0.386792  -0.330441  -0.840956  0.428488  0.000657  0.000186  0.000345  0.000000  0.000000  0.000000  1.000000  
181.847176 0.010324  -0.009857  -0.030323  0.540047  0.203860  0.816572  -0.774053  0.501233  0.386792  -0.330441  -0.840956  0.428488  -0.000260  0.000250  0.001761  0.000000  0.000000  0.000000  1.000000  
181.848424 0.010321  -0.009858  -0.030291  0.540047  0.203960  0.816547  -0.774053  0.501280  0.386731  -0.330441  -0.840904  0.428590  -0.001271  -0.000147  0.015116  0.000000  0.000000  0.000000  1.000000  
181.849674 0.010318  -0.009857  -0.030251  0.539888  0.204063  0.816627  -0.774164  0.501238  0.386563  -0.330441  -0.840904  0.428590  -0.001836  0.000275  0.021069  0.000000  0.000000  0.000000  1.000000  
181.850713 0.010315  -0.009854  -0.030232  0.539888  0.204162  0.816602  -0.774164  0.501285  0.386502  -0.330441  -0.840852  0.428692  -0.002046  0.000819  0.020495  0.000000  0.000000  0.000000  1.000000  
181.851933 0.010311  -0.009848  -0.030217  0.539888  0.204261  0.816577  -0.774164  0.501332  0.386441  -0.330441  -0.840800  0.428794  -0.002300  0.001667  0.018834  0.000000  0.000000  0.000000  1.000000  
181.853182 0.010303  -0.009841  -0.030204  0.539862  0.204296  0.816585  -0.774128  0.501471  0.386333  -0.330568  -0.840708  0.428876  -0.003029  0.002416  0.017331  0.000000  0.000000  0.000000  1.000000  
181.854429 0.010293  -0.009834  -0.030190  0.539703  0.204498  0.816640  -0.774239  0.501476  0.386104  -0.330568  -0.840656  0.428978  -0.003737  0.002918  0.016306  0.000000  0.000000  0.000000  1.000000  
181.855431 0.010287  -0.009828  -0.030180  0.539703  0.204597  0.816615  -0.774239  0.501523  0.386044  -0.330568  -0.840604  0.429080  -0.004021  0.003213  0.015728  0.000000  0.000000  0.000000  1.000000  
181.856674 0.010282  -0.009822  -0.030161  0.539544  0.204700  0.816695  -0.774350  0.501480  0.385875  -0.330568  -0.840604  0.429080  -0.003959  0.003428  0.015586  0.000000  0.000000  0.000000  1.000000  
181.857674 0.010279  -0.009817  -0.030144  0.539544  0.204700  0.816695  -0.774350  0.501480  0.385875  -0.330568  -0.840604  0.429080  -0.003941  0.003537  0.015745  0.000000  0.000000  0.000000  1.000000  
181.858927 0.010270  -0.009812  -0.030121  0.539384  0.204803  0.816774  -0.774461  0.501438  0.385707  -0.330568  -0.840604  0.429080  -0.004225  0.003577  0.015973  0.000000  0.000000  0.000000  1.000000  
181.859942 0.010262  -0.009808  -0.030101  0.539225  0.204807  0.816878  -0.774572  0.501349  0.385600  -0.330568  -0.840656  0.428978  -0.004468  0.003603  0.016302  0.000000  0.000000  0.000000  1.000000  
181.861174 0.010254  -0.009803  -0.030070  0.538906  0.204915  0.817062  -0.774794  0.501218  0.385324  -0.330568  -0.840708  0.428876  -0.004660  0.003617  0.016981  0.000000  0.000000  0.000000  1.000000  
181.862424 0.010245  -0.009801  -0.030028  0.538721  0.204855  0.817199  -0.774868  0.501222  0.385170  -0.330694  -0.840721  0.428754  -0.005168  0.003803  0.019459  0.000000  0.000000  0.000000  1.000000  
181.863436 0.010240  -0.009799  -0.029994  0.538721  0.204756  0.817224  -0.774868  0.501175  0.385231  -0.330694  -0.840773  0.428652  -0.005466  0.003966  0.019567  0.000000  0.000000  0.000000  1.000000  
181.864675 0.010234  -0.009794  -0.029960  0.538721  0.204656  0.817249  -0.774868  0.501128  0.385291  -0.330694  -0.840825  0.428550  -0.005617  0.004192  0.019414  0.000000  0.000000  0.000000  1.000000  
181.865676 0.010229  -0.009787  -0.029944  0.538562  0.204760  0.817328  -0.774979  0.501086  0.385123  -0.330694  -0.840825  0.428550  -0.005704  0.004498  0.019273  0.000000  0.000000  0.000000  1.000000  
181.866679 0.010221  -0.009778  -0.029929  0.538562  0.204660  0.817353  -0.774979  0.501039  0.385184  -0.330694  -0.840877  0.428448  -0.006065  0.004731  0.019481  0.000000  0.000000  0.000000  1.000000  
181.867681 0.010210  -0.009771  -0.029911  0.538402  0.204764  0.817432  -0.775090  0.500997  0.385016  -0.330694  -0.840877  0.428448  -0.006413  0.004866  0.019843  0.000000  0.000000  0.000000  1.000000  
181.868934 0.010197  -0.009762  -0.029878  0.538402  0.204863  0.817407  -0.775090  0.501044  0.384955  -0.330694  -0.840825  0.428550  -0.006636  0.004955  0.021178  0.000000  0.000000  0.000000  1.000000  
181.870180 0.010189  -0.009753  -0.029831  0.538402  0.204962  0.817382  -0.775090  0.501091  0.384894  -0.330694  -0.840773  0.428652  -0.006634  0.005081  0.023629  0.000000  0.000000  0.000000  1.000000  
181.871432 0.010183  -0.009744  -0.029773  0.538402  0.205061  0.817357  -0.775090  0.501137  0.384833  -0.330694  -0.840721  0.428754  -0.006750  0.005294  0.026295  0.000000  0.000000  0.000000  1.000000  
181.872675 0.010173  -0.009734  -0.029715  0.538562  0.205057  0.817253  -0.774979  0.501226  0.384941  -0.330694  -0.840669  0.428856  -0.007032  0.005557  0.028720  0.000000  0.000000  0.000000  1.000000  
181.873925 0.010161  -0.009725  -0.029664  0.538587  0.205220  0.817196  -0.775016  0.501180  0.384927  -0.330568  -0.840656  0.428978  -0.007299  0.005839  0.030472  0.000000  0.000000  0.000000  1.000000  
181.874940 0.010150  -0.009716  -0.029631  0.538587  0.205319  0.817171  -0.775016  0.501227  0.384866  -0.330568  -0.840604  0.429080  -0.007497  0.006165  0.031312  0.000000  0.000000  0.000000  1.000000  
181.876173 0.010139  -0.009704  -0.029596  0.538746  0.205315  0.817067  -0.774905  0.501316  0.384974  -0.330568  -0.840552  0.429182  -0.007674  0.006665  0.031621  0.000000  0.000000  0.000000  1.000000  
181.877174 0.010130  -0.009695  -0.029569  0.538746  0.205414  0.817042  -0.774905  0.501363  0.384913  -0.330568  -0.840500  0.429284  -0.007811  0.007189  0.031093  0.000000  0.000000  0.000000  1.000000  
181.878424 0.010120  -0.009685  -0.029535  0.538881  0.205346  0.816970  -0.774757  0.501544  0.384973  -0.330694  -0.840409  0.429366  -0.007961  0.007619  0.030613  0.000000  0.000000  0.000000  1.000000  
181.879430 0.010112  -0.009678  -0.029508  0.539040  0.205243  0.816891  -0.774647  0.501586  0.385141  -0.330694  -0.840409  0.429366  -0.008253  0.007860  0.030629  0.000000  0.000000  0.000000  1.000000  
181.880673 0.010101  -0.009670  -0.029474  0.539200  0.205239  0.816787  -0.774536  0.501675  0.385249  -0.330694  -0.840356  0.429468  -0.008587  0.007768  0.031288  0.000000  0.000000  0.000000  1.000000  
181.881674 0.010090  -0.009664  -0.029445  0.539200  0.205239  0.816787  -0.774536  0.501675  0.385249  -0.330694  -0.840356  0.429468  -0.008749  0.007607  0.032285  0.000000  0.000000  0.000000  1.000000  
181.882676 0.010078  -0.009659  -0.029412  0.539359  0.205135  0.816708  -0.774425  0.501718  0.385417  -0.330694  -0.840356  0.429468  -0.008814  0.007408  0.033287  0.000000  0.000000  0.000000  1.000000  
181.883681 0.010066  -0.009656  -0.029373  0.539518  0.205032  0.816628  -0.774313  0.501760  0.385585  -0.330694  -0.840356  0.429468  -0.008895  0.007196  0.034264  0.000000  0.000000  0.000000  1.000000  
181.884929 0.010055  -0.009651  -0.029318  0.539837  0.204924  0.816445  -0.774091  0.501891  0.385860  -0.330694  -0.840304  0.429570  -0.009060  0.006883  0.034887  0.000000  0.000000  0.000000  1.000000  
181.885930 0.010047  -0.009647  -0.029277  0.539997  0.204920  0.816340  -0.773980  0.501980  0.385967  -0.330694  -0.840252  0.429672  -0.009321  0.006677  0.034493  0.000000  0.000000  0.000000  1.000000  
181.887178 0.010038  -0.009640  -0.029231  0.540315  0.204812  0.816156  -0.773758  0.502111  0.386243  -0.330694  -0.840200  0.429774  -0.009356  0.006535  0.033586  0.000000  0.000000  0.000000  1.000000  
181.888424 0.010026  -0.009631  -0.029194  0.540474  0.205006  0.816002  -0.773646  0.502294  0.386228  -0.330694  -0.840044  0.430079  -0.009384  0.006499  0.032604  0.000000  0.000000  0.000000  1.000000  
181.889430 0.010015  -0.009622  -0.029167  0.540793  0.204997  0.815794  -0.773424  0.502472  0.386442  -0.330694  -0.839939  0.430283  -0.009304  0.006505  0.031999  0.000000  0.000000  0.000000  1.000000  
181.890675 0.010003  -0.009608  -0.029133  0.541111  0.205087  0.815560  -0.773201  0.502697  0.386595  -0.330694  -0.839783  0.430589  -0.009313  0.006645  0.031847  0.000000  0.000000  0.000000  1.000000  
181.891929 0.009992  -0.009596  -0.029087  0.541430  0.205276  0.815301  -0.772978  0.502969  0.386687  -0.330694  -0.839574  0.430996  -0.009351  0.006675  0.032640  0.000000  0.000000  0.000000  1.000000  
181.893174 0.009983  -0.009587  -0.029031  0.541748  0.205464  0.815042  -0.772755  0.503241  0.386778  -0.330694  -0.839364  0.431403  -0.009323  0.006621  0.034132  0.000000  0.000000  0.000000  1.000000  
181.894175 0.009975  -0.009581  -0.028983  0.542066  0.205553  0.814808  -0.772532  0.503467  0.386931  -0.330694  -0.839207  0.431709  -0.009293  0.006567  0.035624  0.000000  0.000000  0.000000  1.000000  
181.895431 0.009964  -0.009573  -0.028923  0.542518  0.205672  0.814478  -0.772161  0.503920  0.387081  -0.330820  -0.838906  0.432197  -0.009286  0.006601  0.037343  0.000000  0.000000  0.000000  1.000000  
181.896678 0.009950  -0.009563  -0.028869  0.542835  0.205859  0.814218  -0.771938  0.504193  0.387172  -0.330820  -0.838696  0.432604  -0.009308  0.006800  0.038482  0.000000  0.000000  0.000000  1.000000  
181.897925 0.009937  -0.009554  -0.028819  0.543128  0.206081  0.813967  -0.771678  0.504604  0.387154  -0.330947  -0.838394  0.433093  -0.009137  0.007063  0.038917  0.000000  0.000000  0.000000  1.000000  
181.898927 0.009929  -0.009547  -0.028780  0.543420  0.206105  0.813766  -0.771418  0.504922  0.387258  -0.331073  -0.838197  0.433377  -0.008981  0.007188  0.038738  0.000000  0.000000  0.000000  1.000000  
181.900183 0.009922  -0.009539  -0.028736  0.543738  0.206390  0.813482  -0.771194  0.505242  0.387286  -0.331073  -0.837934  0.433886  -0.008710  0.007463  0.038051  0.000000  0.000000  0.000000  1.000000  
181.901429 0.009916  -0.009530  -0.028693  0.544188  0.206506  0.813151  -0.770822  0.505696  0.387435  -0.331199  -0.837632  0.434373  -0.008456  0.007649  0.037665  -0.142406  0.204938  -0.125457  1.000000  
181.902431 0.009911  -0.009522  -0.028658  0.544321  0.206732  0.813004  -0.770674  0.506018  0.387309  -0.331325  -0.837382  0.434759  -0.008303  0.007744  0.037761  -0.155767  0.204490  -0.130527  1.000000  
181.903435 0.009903  -0.009515  -0.028620  0.544480  0.206924  0.812849  -0.770562  0.506201  0.387292  -0.331325  -0.837223  0.435064  -0.008122  0.007672  0.038406  -0.161622  0.208178  -0.137544  1.000000  
181.904675 0.009895  -0.009507  -0.028566  0.544772  0.207144  0.812598  -0.770301  0.506613  0.387272  -0.331452  -0.836920  0.435551  -0.007901  0.007424  0.039687  -0.173483  0.217861  -0.147726  1.000000  
181.905679 0.009890  -0.009500  -0.028519  0.544930  0.207433  0.812418  -0.770189  0.506843  0.387194  -0.331452  -0.836709  0.435957  -0.007566  0.007105  0.041077  -0.185597  0.217672  -0.147694  1.000000  
181.906927 0.009884  -0.009493  -0.028453  0.545222  0.207751  0.812141  -0.769928  0.507302  0.387111  -0.331578  -0.836352  0.436545  -0.007196  0.006889  0.042315  -0.201383  0.227146  -0.157772  1.000000  
181.908175 0.009878  -0.009485  -0.028383  0.545513  0.208068  0.811864  -0.769668  0.507760  0.387029  -0.331704  -0.835995  0.437133  -0.006942  0.006865  0.043072  -0.219461  0.232891  -0.160877  1.000000  
181.909425 0.009871  -0.009475  -0.028320  0.545646  0.208490  0.811667  -0.769519  0.508176  0.386778  -0.331830  -0.835637  0.437721  -0.006771  0.006993  0.043355  -0.241923  0.228886  -0.163613  1.000000  
181.910675 0.009861  -0.009462  -0.028265  0.545778  0.209010  0.811444  -0.769370  0.508639  0.386466  -0.331956  -0.835226  0.438410  -0.006605  0.007280  0.043233  -0.268337  0.228597  -0.169049  1.000000  
181.911678 0.009853  -0.009450  -0.028225  0.545911  0.209529  0.811220  -0.769222  0.509101  0.386153  -0.332083  -0.834814  0.439098  -0.006413  0.007531  0.042966  -0.296832  0.226430  -0.173121  1.000000  
181.912925 0.009844  -0.009435  -0.028172  0.546044  0.210147  0.810971  -0.769073  0.509610  0.385778  -0.332209  -0.834348  0.439887  -0.006222  0.007939  0.043122  -0.329470  0.224299  -0.177242  1.000000  
181.913925 0.009838  -0.009423  -0.028125  0.546151  0.210503  0.810807  -0.768888  0.510116  0.385478  -0.332461  -0.833949  0.440453  -0.006053  0.008323  0.043670  -0.350983  0.218265  -0.183775  1.000000  
181.914927 0.009833  -0.009411  -0.028074  0.546283  0.211021  0.810583  -0.768740  0.510577  0.385163  -0.332587  -0.833535  0.441140  -0.006061  0.008680  0.044909  -0.375213  0.216105  -0.187829  1.000000  
181.916174 0.009826  -0.009396  -0.028002  0.546415  0.211736  0.810307  -0.768591  0.511132  0.384724  -0.332714  -0.833014  0.442029  -0.006127  0.009057  0.046624  -0.409817  0.208182  -0.188921  1.000000  
181.917180 0.009819  -0.009384  -0.027943  0.546522  0.212190  0.810117  -0.768406  0.511683  0.384360  -0.332966  -0.832560  0.442694  -0.006187  0.009350  0.048286  -0.433537  0.205621  -0.198558  1.000000  
181.918181 0.009812  -0.009373  -0.027886  0.546629  0.212643  0.809926  -0.768221  0.512235  0.383996  -0.333218  -0.832105  0.443359  -0.006193  0.009653  0.049780  -0.453827  0.201312  -0.206611  1.000000  
181.919182 0.009805  -0.009362  -0.027830  0.546735  0.213194  0.809709  -0.768035  0.512832  0.383568  -0.333471  -0.831595  0.444124  -0.006220  0.009924  0.050679  -0.480630  0.191259  -0.211708  1.000000  
181.920183 0.009799  -0.009351  -0.027777  0.546841  0.213647  0.809518  -0.767850  0.513383  0.383202  -0.333723  -0.831139  0.444788  -0.006198  0.010218  0.051055  -0.499090  0.181124  -0.216709  1.000000  
181.921425 0.009793  -0.009338  -0.027713  0.546948  0.214394  0.809249  -0.767665  0.514073  0.382649  -0.333975  -0.830521  0.445754  -0.006253  0.010522  0.051149  -0.527394  0.175357  -0.222992  1.000000  
181.922427 0.009788  -0.009327  -0.027664  0.547054  0.214846  0.809057  -0.767479  0.514623  0.382282  -0.334227  -0.830063  0.446416  -0.006328  0.010947  0.050580  -0.545808  0.165330  -0.227976  1.000000  
181.923430 0.009782  -0.009316  -0.027617  0.547160  0.215298  0.808865  -0.767294  0.515172  0.381914  -0.334479  -0.829605  0.447078  -0.006326  0.011208  0.050177  -0.564782  0.156560  -0.234870  1.000000  
181.924674 0.009775  -0.009302  -0.027559  0.547398  0.215874  0.808551  -0.766959  0.515995  0.381475  -0.334858  -0.828944  0.448021  -0.006281  0.011359  0.049992  -0.584402  0.148831  -0.244919  1.000000  
181.925675 0.009767  -0.009291  -0.027512  0.547503  0.216423  0.808332  -0.766773  0.516590  0.381043  -0.335110  -0.828430  0.448782  -0.006268  0.011410  0.050475  -0.610626  0.136346  -0.245136  1.000000  
181.926675 0.009760  -0.009279  -0.027462  0.547609  0.217070  0.808087  -0.766588  0.517230  0.380547  -0.335362  -0.827861  0.449643  -0.006212  0.011438  0.050859  -0.629377  0.130762  -0.250914  1.000000  
181.927676 0.009753  -0.009267  -0.027406  0.547846  0.217546  0.807798  -0.766253  0.518005  0.380168  -0.335740  -0.827251  0.450482  -0.006165  0.011336  0.051937  -0.650822  0.127393  -0.261034  1.000000  
181.928926 0.009745  -0.009252  -0.027329  0.547899  0.218259  0.807570  -0.765994  0.518917  0.379446  -0.336244  -0.826491  0.451500  -0.006247  0.011341  0.053093  -0.680000  0.114103  -0.267749  1.000000  
181.930175 0.009737  -0.009236  -0.027249  0.548110  0.218866  0.807263  -0.765621  0.519872  0.378888  -0.336748  -0.825730  0.452515  -0.006302  0.011486  0.054084  -0.704374  0.105462  -0.283666  1.000000  
181.931427 0.009727  -0.009218  -0.027172  0.548320  0.219667  0.806902  -0.765249  0.520919  0.378203  -0.337252  -0.824858  0.453730  -0.006466  0.011688  0.054326  -0.738794  0.093097  -0.292465  1.000000  
181.932428 0.009719  -0.009203  -0.027115  0.548556  0.220238  0.806586  -0.764913  0.521737  0.377755  -0.337630  -0.824188  0.454665  -0.006496  0.011946  0.054215  -0.760744  0.094328  -0.303469  1.000000  
181.933431 0.009710  -0.009187  -0.027063  0.548792  0.220906  0.806243  -0.764577  0.522600  0.377241  -0.338008  -0.823462  0.455698  -0.006661  0.012253  0.053904  -0.790745  0.093429  -0.318389  1.000000  
181.934432 0.009701  -0.009170  -0.027012  0.549028  0.221671  0.805873  -0.764241  0.523508  0.376663  -0.338385  -0.822679  0.456831  -0.006763  0.012621  0.053602  -0.825563  0.089570  -0.328952  1.000000  
181.935681 0.009691  -0.009150  -0.026946  0.549236  0.222665  0.805456  -0.763868  0.524641  0.375843  -0.338889  -0.821688  0.458238  -0.007021  0.013064  0.053683  -0.866336  0.082752  -0.340957  1.000000  
181.936933 0.009681  -0.009131  -0.026876  0.549575  0.223484  0.804998  -0.763344  0.525908  0.375135  -0.339518  -0.820655  0.459622  -0.007295  0.013472  0.054269  -0.900572  0.077324  -0.363906  1.000000  
181.938175 0.009670  -0.009113  -0.026799  0.549940  0.224464  0.804476  -0.762857  0.527130  0.374410  -0.340022  -0.819603  0.461124  -0.007646  0.013770  0.055415  -0.936716  0.081845  -0.382114  1.000000  
181.939181 0.009660  -0.009099  -0.026736  0.550148  0.225161  0.804139  -0.762483  0.528123  0.373773  -0.340525  -0.818773  0.462227  -0.007897  0.013952  0.056508  -0.962722  0.080692  -0.397100  1.000000  
181.940425 0.009647  -0.009082  -0.026657  0.550485  0.226075  0.803652  -0.761958  0.529431  0.372992  -0.341154  -0.817676  0.463703  -0.008166  0.014154  0.057953  -0.994859  0.082944  -0.419316  1.000000  
181.941425 0.009636  -0.009068  -0.026597  0.550692  0.226770  0.803314  -0.761583  0.530421  0.372350  -0.341657  -0.816841  0.464802  -0.008357  0.014283  0.058678  -1.012694  0.081060  -0.430828  1.000000  
181.942675 0.009624  -0.009051  -0.026521  0.551028  0.227680  0.802826  -0.761058  0.531725  0.371563  -0.342286  -0.815739  0.466273  -0.008592  0.014423  0.059044  -1.040650  0.083763  -0.456498  1.000000  
181.943676 0.009614  -0.009037  -0.026463  0.551234  0.228373  0.802488  -0.760682  0.532713  0.370917  -0.342788  -0.814900  0.467369  -0.008842  0.014604  0.058742  -1.062607  0.084591  -0.467569  1.000000  
181.944925 0.009601  -0.009020  -0.026392  0.551569  0.229378  0.801971  -0.760156  0.534059  0.370059  -0.343417  -0.813736  0.468934  -0.009217  0.014625  0.058073  -1.089542  0.085862  -0.485690  1.000000  
181.945927 0.009590  -0.009005  -0.026339  0.551773  0.230167  0.801604  -0.759780  0.535089  0.369343  -0.343919  -0.812836  0.470124  -0.009480  0.014719  0.057484  -1.112411  0.085041  -0.504760  1.000000  
181.946945 0.009578  -0.008991  -0.026287  0.552134  0.230941  0.801133  -0.759290  0.536210  0.368724  -0.344422  -0.811877  0.471411  -0.009700  0.014631  0.057058  -1.135632  0.091329  -0.518807  1.000000  
181.948174 0.009564  -0.008971  -0.026220  0.552440  0.232072  0.800595  -0.758725  0.537728  0.367675  -0.345175  -0.810550  0.473142  -0.009910  0.014647  0.057048  -1.170685  0.092350  -0.536848  1.000000  
181.949175 0.009551  -0.008955  -0.026163  0.552644  0.233149  0.800142  -0.758348  0.538887  0.366755  -0.345678  -0.809471  0.474620  -0.010135  0.014629  0.057532  -1.200587  0.092802  -0.547907  1.000000  
181.950180 0.009539  -0.008939  -0.026101  0.552847  0.234127  0.799716  -0.757971  0.540000  0.365897  -0.346180  -0.808446  0.475998  -0.010380  0.014624  0.058127  -1.230289  0.093273  -0.558868  1.000000  
181.951182 0.009528  -0.008923  -0.026034  0.553205  0.235187  0.799156  -0.757480  0.541247  0.365070  -0.346682  -0.807303  0.477570  -0.010665  0.014600  0.059008  -1.263932  0.099978  -0.577747  1.000000  
181.952185 0.009515  -0.008908  -0.025965  0.553380  0.236196  0.798738  -0.757064  0.542488  0.364089  -0.347309  -0.806175  0.479017  -0.010928  0.014611  0.059681  -1.298024  0.098133  -0.592774  1.000000  
181.953431 0.009499  -0.008888  -0.025879  0.553710  0.237673  0.798071  -0.756535  0.544039  0.362873  -0.347937  -0.804695  0.481048  -0.011197  0.014760  0.060204  -1.346091  0.103823  -0.607170  1.000000  
181.954676 0.009483  -0.008867  -0.025798  0.554012  0.238890  0.797497  -0.755967  0.545586  0.361732  -0.348689  -0.803286  0.482854  -0.011459  0.014975  0.060409  -1.384712  0.099418  -0.626364  1.000000  
181.955680 0.009470  -0.008850  -0.025738  0.554213  0.240055  0.797008  -0.755588  0.546776  0.360725  -0.349191  -0.802128  0.484413  -0.011629  0.015285  0.060162  -1.418438  0.101789  -0.633432  1.000000  
181.956926 0.009455  -0.008828  -0.025665  0.554669  0.241349  0.796300  -0.754906  0.548454  0.359606  -0.349943  -0.800593  0.486406  -0.011789  0.015589  0.060024  -1.458615  0.105011  -0.651915  1.000000  
181.958175 0.009438  -0.008806  -0.025592  0.554996  0.242914  0.795595  -0.754374  0.550036  0.358302  -0.350569  -0.799033  0.488516  -0.012027  0.015841  0.059954  -1.504932  0.106966  -0.659243  1.000000  
181.959431 0.009422  -0.008786  -0.025516  0.555323  0.244572  0.794859  -0.753842  0.551657  0.356926  -0.351196  -0.797408  0.490717  -0.012296  0.016058  0.060296  -1.550888  0.108784  -0.666442  1.000000  
181.960674 0.009407  -0.008767  -0.025438  0.555621  0.246357  0.794099  -0.753272  0.553447  0.355356  -0.351947  -0.795616  0.493080  -0.012387  0.016146  0.060942  -1.602067  0.110802  -0.679279  1.000000  
181.961675 0.009395  -0.008752  -0.025375  0.555791  0.247739  0.793550  -0.752854  0.554837  0.354073  -0.352574  -0.794218  0.494884  -0.012442  0.016197  0.061917  -1.643821  0.105736  -0.692923  1.000000  
181.962927 0.009379  -0.008734  -0.025294  0.556087  0.249326  0.792845  -0.752282  0.556531  0.352625  -0.353325  -0.792533  0.497044  -0.012509  0.016055  0.062786  -1.685816  0.105105  -0.704086  1.000000  
181.964175 0.009363  -0.008717  -0.025212  0.556383  0.251007  0.792107  -0.751710  0.558264  0.351102  -0.354076  -0.790782  0.499293  -0.012537  0.015889  0.063376  -1.722361  0.101338  -0.713481  1.000000  
181.965175 0.009351  -0.008704  -0.025148  0.556706  0.252268  0.791479  -0.751176  0.559694  0.349966  -0.354701  -0.789369  0.501083  -0.012591  0.015691  0.063588  -1.751946  0.103112  -0.720707  1.000000  
181.966425 0.009336  -0.008687  -0.025069  0.557000  0.254136  0.790675  -0.750603  0.561503  0.348295  -0.355452  -0.787483  0.503512  -0.012583  0.015499  0.063207  -1.800012  0.096589  -0.728507  1.000000  
181.967436 0.009324  -0.008674  -0.025009  0.557321  0.255488  0.790012  -0.750068  0.562968  0.347080  -0.356077  -0.785998  0.505387  -0.012533  0.015311  0.062451  -1.834430  0.093303  -0.738320  1.000000  
181.968680 0.009309  -0.008657  -0.024937  0.557614  0.257350  0.789201  -0.749494  0.564766  0.345395  -0.356827  -0.784098  0.507803  -0.012439  0.015095  0.061636  -1.881258  0.094570  -0.745965  1.000000  
181.969929 0.009294  -0.008640  -0.024865  0.557905  0.259304  0.788355  -0.748920  0.566600  0.343633  -0.357577  -0.782129  0.510307  -0.012363  0.014827  0.061144  -1.933620  0.090163  -0.749874  1.000000  
181.971175 0.009280  -0.008622  -0.024791  0.558379  0.261200  0.787393  -0.748268  0.568398  0.342080  -0.358201  -0.780191  0.512829  -0.012301  0.014592  0.061212  -1.979992  0.093600  -0.753513  1.000000  
181.972176 0.009267  -0.008609  -0.024725  0.558697  0.262637  0.786689  -0.747731  0.569889  0.340772  -0.358826  -0.778620  0.514777  -0.012286  0.014220  0.061788  -2.013811  0.095067  -0.760824  1.000000  
181.973426 0.009251  -0.008594  -0.024639  0.559015  0.264929  0.785694  -0.747193  0.571746  0.338834  -0.359450  -0.776479  0.517567  -0.012283  0.013882  0.062615  -2.071702  0.093021  -0.765847  1.000000  
181.974675 0.009235  -0.008579  -0.024548  0.559332  0.267217  0.784693  -0.746655  0.573596  0.336888  -0.360074  -0.774327  0.520349  -0.012307  0.013507  0.063526  -2.135652  0.090533  -0.761304  1.000000  
181.975676 0.009223  -0.008568  -0.024477  0.559706  0.269054  0.783798  -0.746194  0.575029  0.335463  -0.360449  -0.772626  0.522614  -0.012274  0.013270  0.064063  -2.181893  0.096584  -0.761090  1.000000  
181.976925 0.009207  -0.008554  -0.024391  0.560175  0.271215  0.782717  -0.745540  0.576923  0.333662  -0.361073  -0.770456  0.525379  -0.012311  0.012914  0.064534  -2.231247  0.096749  -0.762672  1.000000  
181.978174 0.009190  -0.008541  -0.024309  0.560490  0.273490  0.781699  -0.745001  0.578753  0.331691  -0.361697  -0.768276  0.528136  -0.012372  0.012648  0.064544  -2.277896  0.096648  -0.758612  1.000000  
181.979177 0.009177  -0.008531  -0.024246  0.560834  0.275254  0.780833  -0.744500  0.580254  0.330190  -0.362196  -0.766512  0.530353  -0.012387  0.012351  0.064377  -2.316731  0.097681  -0.761270  1.000000  
181.980425 0.009160  -0.008520  -0.024170  0.561177  0.277867  0.779661  -0.743998  0.582109  0.328048  -0.362694  -0.764159  0.533399  -0.012492  0.012013  0.064166  -2.372512  0.099982  -0.758948  1.000000  
181.981425 0.009147  -0.008512  -0.024108  0.561519  0.279907  0.778684  -0.743497  0.583719  0.326321  -0.363193  -0.762184  0.535879  -0.012586  0.011675  0.064061  -2.414608  0.103231  -0.762751  1.000000  
181.982425 0.009134  -0.008505  -0.024047  0.561861  0.281849  0.777736  -0.742994  0.585283  0.324658  -0.363692  -0.760266  0.538260  -0.012707  0.011292  0.064180  -2.451763  0.108888  -0.762553  1.000000  
181.983435 0.009120  -0.008498  -0.023983  0.562231  0.283849  0.776741  -0.742531  0.586762  0.323046  -0.364066  -0.758380  0.540662  -0.012837  0.010757  0.064611  -2.495490  0.112355  -0.761367  1.000000  
181.984681 0.009100  -0.008491  -0.023902  0.562725  0.286226  0.775510  -0.741912  0.588609  0.321101  -0.364564  -0.756052  0.543580  -0.013146  0.010041  0.065303  -2.544309  0.114713  -0.754228  1.000000  
181.985682 0.009085  -0.008486  -0.023835  0.563094  0.288311  0.774468  -0.741448  0.590115  0.319404  -0.364938  -0.754083  0.546058  -0.013395  0.009457  0.065848  -2.590863  0.120514  -0.754411  1.000000  
181.986933 0.009063  -0.008482  -0.023750  0.563587  0.290772  0.773189  -0.740828  0.591987  0.317370  -0.365436  -0.751666  0.549048  -0.013791  0.008647  0.066093  -2.636105  0.128171  -0.750610  1.000000  
181.988175 0.009042  -0.008478  -0.023665  0.564078  0.293320  0.771868  -0.740208  0.593890  0.315255  -0.365934  -0.749171  0.552118  -0.014182  0.007831  0.066045  -2.678871  0.133291  -0.751082  1.000000  
181.989178 0.009023  -0.008476  -0.023599  0.564475  0.295451  0.770763  -0.739782  0.595299  0.313594  -0.366183  -0.747213  0.554601  -0.014604  0.007189  0.065575  -2.715935  0.136155  -0.744129  1.000000  
181.990425 0.009000  -0.008472  -0.023521  0.565147  0.298112  0.769245  -0.739084  0.597245  0.311533  -0.366557  -0.744599  0.557861  -0.015115  0.006586  0.064975  -2.755125  0.151472  -0.740616  1.000000  
181.991431 0.008980  -0.008469  -0.023459  0.565514  0.300451  0.768064  -0.738618  0.598835  0.309581  -0.366930  -0.742378  0.560568  -0.015636  0.005914  0.064246  -2.796638  0.159476  -0.737119  1.000000  
181.992675 0.008954  -0.008465  -0.023384  0.566184  0.303282  0.766456  -0.737918  0.600841  0.307354  -0.367303  -0.739601  0.563984  -0.016203  0.005409  0.063834  -2.853346  0.174907  -0.734146  1.000000  
181.993925 0.008926  -0.008462  -0.023303  0.566884  0.306072  0.764829  -0.737257  0.602723  0.305248  -0.367552  -0.736916  0.567328  -0.016909  0.004755  0.063945  -2.900796  0.192881  -0.727322  1.000000  
181.994925 0.008905  -0.008460  -0.023236  0.567431  0.308328  0.763516  -0.736712  0.604277  0.303488  -0.367801  -0.734700  0.570034  -0.017560  0.004202  0.064303  -2.942846  0.203587  -0.720526  1.000000  
181.995930 0.008883  -0.008459  -0.023166  0.567977  0.310671  0.762159  -0.736167  0.605862  0.301646  -0.368050  -0.732404  0.572821  -0.018169  0.003745  0.064871  -2.981834  0.219475  -0.717422  1.000000  
181.997174 0.008854  -0.008459  -0.023077  0.568674  0.313713  0.760391  -0.735504  0.607832  0.299290  -0.368299  -0.729469  0.576395  -0.018927  0.003182  0.065663  -3.029899  0.230553  -0.712708  1.000000  
181.998175 0.008830  -0.008459  -0.023006  0.569401  0.315975  0.758909  -0.734879  0.609392  0.297649  -0.368423  -0.727187  0.579192  -0.019528  0.002735  0.066227  -3.069074  0.248988  -0.706346  1.000000  
181.999175 0.008805  -0.008459  -0.022938  0.569976  0.318356  0.757481  -0.734371  0.610881  0.295843  -0.368547  -0.724895  0.581979  -0.020261  0.002353  0.066448  -3.104017  0.267405  -0.700084  1.000000  
182.000182 0.008779  -0.008459  -0.022872  0.570520  0.320579  0.756133  -0.733823  0.612406  0.294043  -0.368796  -0.722625  0.584638  -0.021002  0.001933  0.066403  -3.141242  0.277552  -0.692141  1.000000  
182.001429 0.008746  -0.008461  -0.022792  0.571395  0.323609  0.754178  -0.733079  0.614373  0.291789  -0.368921  -0.719599  0.588281  -0.021811  0.001443  0.066089  -3.191178  0.296169  -0.688612  1.000000  
182.002678 0.008712  -0.008464  -0.022714  0.572089  0.326786  0.752280  -0.732413  0.616374  0.289231  -0.369169  -0.716445  0.591963  -0.022539  0.001100  0.065687  -3.240327  0.313765  -0.682650  1.000000  
182.003681 0.008684  -0.008467  -0.022652  0.572812  0.329100  0.750719  -0.731785  0.617941  0.287471  -0.369294  -0.714032  0.594795  -0.023314  0.000595  0.065321  -3.269227  0.334629  -0.682607  1.000000  
182.004927 0.008648  -0.008472  -0.022573  0.573534  0.331952  0.748910  -0.731156  0.619711  0.285253  -0.369418  -0.711172  0.598134  -0.024155  -0.000002  0.065303  -3.295431  0.344933  -0.677187  1.000000  
182.006175 0.008612  -0.008478  -0.022493  0.574406  0.334937  0.746910  -0.730408  0.621645  0.282951  -0.369542  -0.708078  0.601717  -0.024956  -0.000655  0.065528  -3.332662  0.368158  -0.676090  1.000000  
182.007178 0.008581  -0.008483  -0.022426  0.575127  0.337224  0.745324  -0.729777  0.623195  0.281165  -0.369667  -0.705626  0.604515  -0.025616  -0.001237  0.065986  -3.359688  0.384114  -0.674402  1.000000  
182.008424 0.008543  -0.008491  -0.022338  0.575848  0.340225  0.743402  -0.729146  0.625009  0.278763  -0.369791  -0.702574  0.607984  -0.026400  -0.001973  0.066549  -3.399904  0.396624  -0.667575  1.000000  
182.009425 0.008512  -0.008497  -0.022266  0.576448  0.342682  0.741806  -0.728672  0.626403  0.276870  -0.369791  -0.700135  0.610791  -0.026978  -0.002465  0.066907  -3.421345  0.410129  -0.658793  1.000000  
182.010425 0.008482  -0.008502  -0.022192  0.577167  0.345124  0.740113  -0.728039  0.628001  0.274906  -0.369915  -0.697498  0.613725  -0.027455  -0.002867  0.067316  -3.452643  0.429191  -0.663258  1.000000  
182.011427 0.008451  -0.008508  -0.022119  0.577766  0.347835  0.738375  -0.727564  0.629482  0.272769  -0.369915  -0.694812  0.616765  -0.028127  -0.003332  0.067419  -3.482124  0.442726  -0.654689  1.000000  
182.012674 0.008412  -0.008514  -0.022029  0.578484  0.350974  0.736324  -0.726930  0.631331  0.270176  -0.370040  -0.691548  0.620348  -0.028739  -0.003721  0.067682  -3.509875  0.458098  -0.654308  1.000000  
182.013678 0.008380  -0.008519  -0.021958  0.579082  0.353486  0.734650  -0.726453  0.632731  0.268175  -0.370040  -0.688984  0.623195  -0.029243  -0.004085  0.067617  -3.534885  0.465524  -0.643949  1.000000  
182.014925 0.008339  -0.008525  -0.021868  0.579948  0.356473  0.732521  -0.725699  0.634633  0.265710  -0.370164  -0.685688  0.626746  -0.029735  -0.004403  0.068014  -3.567837  0.485834  -0.647783  1.000000  
182.015928 0.008306  -0.008531  -0.021796  0.580546  0.359056  0.730784  -0.725221  0.636052  0.263616  -0.370164  -0.683021  0.629652  -0.030224  -0.004737  0.068563  -3.596937  0.498392  -0.641206  1.000000  
182.016930 0.008272  -0.008537  -0.021720  0.581143  0.361630  0.729038  -0.724743  0.637463  0.261513  -0.370164  -0.680342  0.632546  -0.030707  -0.005051  0.069386  -3.625304  0.502740  -0.634729  1.000000  
182.018179 0.008229  -0.008546  -0.021622  0.581739  0.364990  0.726885  -0.724264  0.639150  0.258706  -0.370164  -0.676956  0.636168  -0.031324  -0.005371  0.070732  -3.662582  0.514925  -0.628629  1.000000  
182.019181 0.008193  -0.008554  -0.021539  0.582336  0.367545  0.725118  -0.723784  0.640546  0.256588  -0.370164  -0.674249  0.639036  -0.031832  -0.005672  0.072221  -3.690758  0.521131  -0.620192  1.000000  
182.020432 0.008149  -0.008565  -0.021434  0.582900  0.370912  0.722946  -0.723266  0.642312  0.253616  -0.370288  -0.670715  0.642672  -0.032360  -0.006057  0.074014  -3.721404  0.518829  -0.611698  1.000000  
182.021676 0.008103  -0.008577  -0.021329  0.583496  0.374235  0.720750  -0.722786  0.643965  0.250778  -0.370288  -0.667276  0.646243  -0.032946  -0.006446  0.075564  -3.746721  0.524664  -0.604156  1.000000  
182.022927 0.008057  -0.008590  -0.021225  0.584091  0.377371  0.718630  -0.722305  0.645545  0.248086  -0.370288  -0.663975  0.649634  -0.033417  -0.006796  0.076672  -3.761285  0.525610  -0.592261  1.000000  
182.024175 0.008012  -0.008604  -0.021121  0.584537  0.380627  0.716547  -0.721944  0.647036  0.245236  -0.370288  -0.660657  0.653008  -0.033936  -0.007240  0.077637  -3.778752  0.518937  -0.579600  1.000000  
182.025425 0.007967  -0.008618  -0.021017  0.584983  0.384046  0.714356  -0.721583  0.648573  0.242221  -0.370288  -0.657162  0.656525  -0.034348  -0.007707  0.078305  -3.802472  0.513123  -0.566206  1.000000  
182.026675 0.007920  -0.008633  -0.020912  0.585428  0.387365  0.712195  -0.721222  0.650067  0.239275  -0.370288  -0.653729  0.659943  -0.034960  -0.008325  0.079340  -3.815951  0.506677  -0.553693  1.000000  
182.027675 0.007883  -0.008644  -0.020827  0.585905  0.389951  0.710390  -0.720898  0.651222  0.237099  -0.370164  -0.651036  0.662669  -0.035361  -0.008764  0.080300  -3.828746  0.505968  -0.545124  1.000000  
182.028928 0.007835  -0.008660  -0.020715  0.586201  0.393469  0.708202  -0.720657  0.652640  0.233912  -0.370164  -0.647490  0.666134  -0.035767  -0.009386  0.081796  -3.854151  0.488957  -0.523763  1.000000  
182.030175 0.007786  -0.008676  -0.020599  0.586646  0.396753  0.705998  -0.720295  0.654096  0.230941  -0.370164  -0.644007  0.669502  -0.036382  -0.010031  0.083634  -3.874335  0.484027  -0.510841  1.000000  
182.031431 0.007735  -0.008693  -0.020477  0.586974  0.400300  0.703720  -0.720092  0.655418  0.227806  -0.370040  -0.640459  0.672966  -0.036918  -0.010658  0.085641  -3.889921  0.470565  -0.485986  1.000000  
182.032675 0.007684  -0.008710  -0.020351  0.587419  0.403559  0.701484  -0.719729  0.656846  0.224818  -0.370040  -0.636940  0.676297  -0.037521  -0.011238  0.087411  -3.897023  0.462852  -0.476564  1.000000  
182.033692 0.007642  -0.008724  -0.020250  0.587747  0.406316  0.699615  -0.719525  0.657897  0.222386  -0.369915  -0.634097  0.679031  -0.037944  -0.011667  0.088750  -3.912961  0.451707  -0.458185  1.000000  
182.034699 0.007600  -0.008738  -0.020148  0.588043  0.409096  0.697744  -0.719283  0.659030  0.219798  -0.369915  -0.631126  0.681794  -0.038333  -0.012017  0.089935  -3.937511  0.443528  -0.447776  1.000000  
182.035928 0.007546  -0.008755  -0.020023  0.588370  0.412511  0.695453  -0.719079  0.660272  0.216715  -0.369791  -0.627595  0.685113  -0.038924  -0.012353  0.091293  -3.954476  0.429225  -0.426028  1.000000  
182.036932 0.007503  -0.008770  -0.019923  0.588666  0.415188  0.693608  -0.718837  0.661357  0.214196  -0.369791  -0.624681  0.687771  -0.039411  -0.012726  0.092406  -3.970151  0.416735  -0.411099  1.000000  
182.038176 0.007449  -0.008788  -0.019797  0.588993  0.418663  0.691236  -0.718633  0.662599  0.211019  -0.369667  -0.621034  0.691132  -0.039998  -0.013084  0.094010  -3.990397  0.407178  -0.393337  1.000000  
182.039176 0.007405  -0.008804  -0.019696  0.589321  0.421290  0.689359  -0.718429  0.663573  0.208640  -0.369542  -0.618211  0.693724  -0.040527  -0.013351  0.095129  -3.999619  0.399606  -0.382751  1.000000  
182.040177 0.007361  -0.008820  -0.019592  0.589648  0.423908  0.687472  -0.718224  0.664539  0.206257  -0.369418  -0.615378  0.696305  -0.041055  -0.013671  0.096599  -4.003209  0.390695  -0.364416  1.000000  
182.041425 0.007305  -0.008840  -0.019460  0.589975  0.427182  0.685160  -0.718019  0.665694  0.203223  -0.369294  -0.611855  0.699468  -0.041714  -0.014056  0.098479  -3.999700  0.379961  -0.351064  1.000000  
182.042675 0.007248  -0.008863  -0.019323  0.590154  0.430665  0.682822  -0.717936  0.666771  0.199962  -0.369169  -0.608231  0.702687  -0.042311  -0.014553  0.100236  -4.009321  0.364987  -0.326940  1.000000  
182.043675 0.007202  -0.008882  -0.019213  0.590481  0.433336  0.680847  -0.717731  0.667729  0.197483  -0.369045  -0.605274  0.705300  -0.042981  -0.015067  0.101861  -4.019154  0.359543  -0.317879  1.000000  
182.044925 0.007142  -0.008907  -0.019076  0.590839  0.436626  0.678430  -0.717564  0.668782  0.194504  -0.368796  -0.601737  0.708450  -0.043626  -0.015638  0.103275  -4.024279  0.348080  -0.290028  1.000000  
182.045927 0.007095  -0.008927  -0.018967  0.591018  0.439251  0.676576  -0.717481  0.669584  0.192038  -0.368672  -0.598929  0.710891  -0.044128  -0.016088  0.104029  -4.024525  0.338597  -0.276576  1.000000  
182.046929 0.007047  -0.008947  -0.018858  0.591376  0.441700  0.674667  -0.717313  0.670383  0.189863  -0.368423  -0.596228  0.713286  -0.044672  -0.016575  0.104677  -4.017685  0.335191  -0.262574  1.000000  
182.048174 0.006985  -0.008972  -0.018723  0.591734  0.445037  0.672155  -0.717146  0.671425  0.186788  -0.368174  -0.592562  0.716462  -0.045219  -0.017020  0.105130  -4.019143  0.331620  -0.248964  1.000000  
182.049175 0.006935  -0.008993  -0.018615  0.591945  0.447686  0.670208  -0.717100  0.672138  0.184386  -0.367925  -0.589752  0.718904  -0.045770  -0.017482  0.105607  -4.018941  0.324111  -0.230260  1.000000  
182.050178 0.006884  -0.009013  -0.018507  0.592303  0.450188  0.668213  -0.716932  0.672935  0.182118  -0.367677  -0.586932  0.721335  -0.046268  -0.017873  0.106135  -4.008794  0.328613  -0.217817  1.000000  
182.051181 0.006834  -0.009033  -0.018396  0.592513  0.452820  0.666245  -0.716886  0.673631  0.179709  -0.367428  -0.584102  0.723755  -0.046855  -0.018352  0.106873  -4.006997  0.319552  -0.196088  1.000000  
182.052182 0.006782  -0.009054  -0.018283  0.592723  0.455524  0.664212  -0.716840  0.674341  0.177216  -0.367179  -0.581173  0.726235  -0.047392  -0.018773  0.107745  -4.005440  0.321078  -0.186622  1.000000  
182.053430 0.006718  -0.009079  -0.018138  0.593112  0.458772  0.661624  -0.716709  0.675245  0.174276  -0.366806  -0.577557  0.729302  -0.048100  -0.019156  0.109016  -4.012132  0.323358  -0.172889  1.000000  
182.054675 0.006651  -0.009105  -0.017990  0.593353  0.462144  0.659056  -0.716700  0.676042  0.171196  -0.366432  -0.573925  0.732350  -0.048796  -0.019570  0.110328  -4.012894  0.323975  -0.156123  1.000000  
182.055680 0.006597  -0.009126  -0.017869  0.593595  0.464705  0.657034  -0.716691  0.676620  0.168933  -0.366059  -0.571169  0.734689  -0.049457  -0.019915  0.111362  -4.006177  0.327547  -0.140325  1.000000  
182.056926 0.006529  -0.009153  -0.017719  0.593867  0.468022  0.654429  -0.716720  0.677315  0.166005  -0.365560  -0.567627  0.737675  -0.050288  -0.020254  0.112426  -4.006362  0.324382  -0.118615  1.000000  
182.057926 0.006475  -0.009174  -0.017601  0.593961  0.470861  0.652304  -0.716833  0.677819  0.163439  -0.365187  -0.564669  0.740127  -0.050850  -0.020455  0.113066  -4.011364  0.325680  -0.101395  1.000000  
182.059175 0.006405  -0.009203  -0.017455  0.594117  0.474339  0.649637  -0.717021  0.678334  0.160449  -0.364564  -0.561129  0.743120  -0.051603  -0.020722  0.113662  -4.004051  0.331217  -0.077886  1.000000  
182.060425 0.006336  -0.009231  -0.017310  0.594420  0.477662  0.646919  -0.717086  0.678935  0.157591  -0.363941  -0.557572  0.746097  -0.052330  -0.021010  0.114136  -3.997850  0.338970  -0.058986  1.000000  
