1-Time 2-Px 3-Py 4-Pz 5-R11 6-R21 7-R31 8-R12 9-R22 10-R32 11-R13 12-R23 13-R33 14-Vx 15-Vy 16-Vz 17-Wx 18-Wy 19-Wz 20-state
104.662600 0.010349  -0.016204  -0.070593  0.471967  0.576754  0.666785  -0.874471  0.402359  0.270940  -0.112021  -0.710959  0.694254  -0.001127  -0.000242  -0.000355  0.000000  0.000000  0.000000  1.000000  
104.663666 0.010349  -0.016204  -0.070593  0.471967  0.576754  0.666785  -0.874471  0.402359  0.270940  -0.112021  -0.710959  0.694254  0.000000  0.000000  0.000000  0.000000  0.000000  0.000000  1.000000  
104.664667 0.010358  -0.016215  -0.070544  0.471967  0.576754  0.666785  -0.874471  0.402359  0.270940  -0.112021  -0.710959  0.694254  0.005030  -0.006275  0.028329  0.000000  0.000000  0.000000  1.000000  
104.665915 0.010374  -0.016236  -0.070442  0.471967  0.576835  0.666715  -0.874471  0.402392  0.270891  -0.112021  -0.710875  0.694340  0.008107  -0.010881  0.050610  0.000000  0.000000  0.000000  1.000000  
104.666918 0.010383  -0.016247  -0.070372  0.471967  0.576835  0.666715  -0.874471  0.402392  0.270891  -0.112021  -0.710875  0.694340  0.008363  -0.010924  0.055442  0.000000  0.000000  0.000000  1.000000  
104.668183 0.010389  -0.016246  -0.070319  0.472147  0.576833  0.666590  -0.874373  0.402543  0.270980  -0.112021  -0.710790  0.694427  0.007575  -0.008007  0.052017  0.000000  0.000000  0.000000  1.000000  
104.669420 0.010384  -0.016232  -0.070293  0.471959  0.576870  0.666690  -0.874457  0.402508  0.270761  -0.112154  -0.710780  0.694416  0.005260  -0.004269  0.046201  0.000000  0.000000  0.000000  1.000000  
104.670436 0.010369  -0.016216  -0.070280  0.471959  0.576870  0.666690  -0.874457  0.402508  0.270761  -0.112154  -0.710780  0.694416  0.002610  -0.001669  0.041642  0.000000  0.000000  0.000000  1.000000  
104.671683 0.010349  -0.016197  -0.070264  0.471787  0.576998  0.666701  -0.874568  0.402306  0.270705  -0.112021  -0.710790  0.694427  -0.000065  0.000769  0.037578  0.000000  0.000000  0.000000  1.000000  
104.672920 0.010340  -0.016185  -0.070233  0.471606  0.577000  0.666827  -0.874665  0.402154  0.270617  -0.112021  -0.710875  0.694340  -0.000949  0.001899  0.036001  0.000000  0.000000  0.000000  1.000000  
104.673921 0.010339  -0.016183  -0.070191  0.471606  0.577000  0.666827  -0.874665  0.402154  0.270617  -0.112021  -0.710875  0.694340  -0.000949  0.001864  0.036564  0.000000  0.000000  0.000000  1.000000  
104.675166 0.010337  -0.016187  -0.070123  0.471599  0.576874  0.666941  -0.874652  0.402205  0.270584  -0.112154  -0.710948  0.694244  -0.001024  0.001387  0.038393  0.000000  0.000000  0.000000  1.000000  
104.676168 0.010332  -0.016188  -0.070065  0.471225  0.576869  0.667210  -0.874819  0.402102  0.270194  -0.112420  -0.711011  0.694136  -0.001334  0.001217  0.039839  0.000000  0.000000  0.000000  1.000000  
104.677169 0.010323  -0.016187  -0.070006  0.470858  0.576827  0.667506  -0.875000  0.401883  0.269935  -0.112553  -0.711168  0.693953  -0.001832  0.001186  0.041216  0.000000  0.000000  0.000000  1.000000  
104.678170 0.010313  -0.016187  -0.069941  0.470663  0.576577  0.667859  -0.875070  0.401834  0.269781  -0.112819  -0.711399  0.693673  -0.002496  0.001107  0.044189  0.000000  0.000000  0.000000  1.000000  
104.679171 0.010300  -0.016192  -0.069871  0.470476  0.576371  0.668168  -0.875154  0.401701  0.269707  -0.112952  -0.711641  0.693404  -0.003744  0.001247  0.046828  0.000000  0.000000  0.000000  1.000000  
104.680417 0.010290  -0.016198  -0.069781  0.470296  0.576130  0.668503  -0.875251  0.401451  0.269765  -0.112952  -0.711977  0.693059  -0.005455  0.002297  0.046148  0.000000  0.000000  0.000000  1.000000  
104.681418 0.010288  -0.016198  -0.069718  0.470115  0.576050  0.668699  -0.875348  0.401267  0.269724  -0.112952  -0.712145  0.692886  -0.006289  0.003213  0.045360  0.000000  0.000000  0.000000  1.000000  
104.682667 0.010287  -0.016191  -0.069652  0.469942  0.576015  0.668850  -0.875458  0.400999  0.269766  -0.112819  -0.712324  0.692724  -0.006903  0.003801  0.045730  0.000000  0.000000  0.000000  1.000000  
104.683669 0.010278  -0.016181  -0.069606  0.469582  0.576099  0.669031  -0.875651  0.400729  0.269539  -0.112819  -0.712408  0.692637  -0.007391  0.004021  0.046822  0.000000  0.000000  0.000000  1.000000  
104.684681 0.010263  -0.016169  -0.069556  0.469575  0.575892  0.669214  -0.875638  0.400748  0.269554  -0.112952  -0.712565  0.692454  -0.007687  0.003726  0.049470  0.000000  0.000000  0.000000  1.000000  
104.685923 0.010240  -0.016154  -0.069486  0.469568  0.575766  0.669328  -0.875624  0.400799  0.269521  -0.113085  -0.712639  0.692357  -0.007978  0.003622  0.052607  0.000000  0.000000  0.000000  1.000000  
104.686963 0.010225  -0.016143  -0.069416  0.469568  0.575766  0.669328  -0.875624  0.400799  0.269521  -0.113085  -0.712639  0.692357  -0.007969  0.003255  0.056653  0.000000  0.000000  0.000000  1.000000  
104.688169 0.010213  -0.016137  -0.069302  0.469568  0.575766  0.669328  -0.875624  0.400799  0.269521  -0.113085  -0.712639  0.692357  -0.008431  0.003166  0.061433  0.000000  0.000000  0.000000  1.000000  
104.689181 0.010209  -0.016138  -0.069189  0.469755  0.575728  0.669229  -0.875541  0.400834  0.269741  -0.112952  -0.712649  0.692367  -0.008819  0.003126  0.066182  0.000000  0.000000  0.000000  1.000000  
104.690426 0.010204  -0.016141  -0.069042  0.469755  0.575809  0.669159  -0.875541  0.400867  0.269692  -0.112952  -0.712565  0.692454  -0.008843  0.003118  0.071303  0.000000  0.000000  0.000000  1.000000  
104.691671 0.010195  -0.016136  -0.068918  0.470115  0.575726  0.668978  -0.875348  0.401136  0.269919  -0.112952  -0.712481  0.692540  -0.008824  0.003430  0.074564  0.000000  0.000000  0.000000  1.000000  
104.692916 0.010175  -0.016118  -0.068832  0.470296  0.575805  0.668783  -0.875251  0.401320  0.269959  -0.112952  -0.712313  0.692713  -0.009370  0.004611  0.075091  0.000000  0.000000  0.000000  1.000000  
104.693918 0.010152  -0.016099  -0.068780  0.470476  0.575804  0.668657  -0.875154  0.401472  0.270048  -0.112952  -0.712229  0.692800  -0.010079  0.006082  0.073915  0.000000  0.000000  0.000000  1.000000  
104.695168 0.010121  -0.016077  -0.068721  0.470656  0.575883  0.668462  -0.875057  0.401656  0.270089  -0.112952  -0.712061  0.692972  -0.011424  0.008231  0.071895  0.000000  0.000000  0.000000  1.000000  
104.696168 0.010102  -0.016063  -0.068667  0.471016  0.575880  0.668211  -0.874863  0.401958  0.270266  -0.112952  -0.711893  0.693145  -0.012426  0.009059  0.071027  0.000000  0.000000  0.000000  1.000000  
104.697419 0.010088  -0.016055  -0.068577  0.471376  0.575795  0.668030  -0.874669  0.402228  0.270493  -0.112952  -0.711809  0.693231  -0.013447  0.009261  0.072858  0.000000  0.000000  0.000000  1.000000  
104.698667 0.010081  -0.016055  -0.068465  0.471737  0.575792  0.667779  -0.874475  0.402531  0.270670  -0.112952  -0.711641  0.693404  -0.013149  0.008405  0.076047  0.000000  0.000000  0.000000  1.000000  
104.699668 0.010072  -0.016058  -0.068367  0.471924  0.575835  0.667609  -0.874391  0.402599  0.270840  -0.112819  -0.711568  0.693501  -0.012750  0.007448  0.079329  0.000000  0.000000  0.000000  1.000000  
104.700669 0.010058  -0.016062  -0.068269  0.472284  0.575750  0.667428  -0.874197  0.402869  0.271066  -0.112819  -0.711483  0.693587  -0.012441  0.006301  0.082181  0.000000  0.000000  0.000000  1.000000  
104.701679 0.010041  -0.016063  -0.068180  0.472651  0.575710  0.667202  -0.874015  0.403055  0.271374  -0.112686  -0.711410  0.693684  -0.012530  0.005448  0.083990  0.000000  0.000000  0.000000  1.000000  
104.702921 0.010019  -0.016057  -0.068082  0.473190  0.575623  0.666895  -0.873723  0.403476  0.271688  -0.112686  -0.711242  0.693857  -0.013129  0.005402  0.082693  0.000000  0.000000  0.000000  1.000000  
104.703924 0.010004  -0.016049  -0.068008  0.473737  0.575662  0.666473  -0.873444  0.403847  0.272035  -0.112553  -0.711000  0.694126  -0.013886  0.006045  0.080071  0.000000  0.000000  0.000000  1.000000  
104.705171 0.009991  -0.016036  -0.067915  0.474463  0.575778  0.665855  -0.873067  0.404403  0.272420  -0.112420  -0.710590  0.694567  -0.014488  0.007120  0.076404  0.000000  0.000000  0.000000  1.000000  
104.706418 0.009981  -0.016024  -0.067820  0.475182  0.576010  0.665142  -0.872676  0.405108  0.272624  -0.112420  -0.710000  0.695171  -0.014481  0.007577  0.074677  0.000000  0.000000  0.000000  1.000000  
104.707420 0.009972  -0.016014  -0.067743  0.475721  0.576163  0.664624  -0.872382  0.405629  0.272789  -0.112420  -0.709578  0.695601  -0.014133  0.007359  0.074766  -0.063807  0.143933  -0.128159  1.000000  
104.708668 0.009955  -0.015997  -0.067644  0.476439  0.576473  0.663840  -0.871990  0.406369  0.272942  -0.112420  -0.708903  0.696289  -0.013310  0.006906  0.077041  -0.103881  0.170199  -0.147804  1.000000  
104.709917 0.009936  -0.015978  -0.067538  0.477150  0.576656  0.663171  -0.871585  0.407159  0.273061  -0.112553  -0.708300  0.696880  -0.012747  0.006797  0.079682  -0.145670  0.196166  -0.173120  1.000000  
104.711189 0.009921  -0.015962  -0.067420  0.477868  0.577044  0.662316  -0.871191  0.407932  0.273162  -0.112553  -0.707539  0.697653  -0.012041  0.006775  0.083601  -0.190556  0.220504  -0.197105  1.000000  
104.712416 0.009910  -0.015952  -0.067288  0.478757  0.577301  0.661450  -0.870686  0.408907  0.273315  -0.112686  -0.706766  0.698415  -0.011908  0.006872  0.085993  -0.228954  0.241731  -0.230724  1.000000  
104.713479 0.009903  -0.015949  -0.067174  0.479295  0.577609  0.660791  -0.870390  0.409496  0.273376  -0.112686  -0.706173  0.699014  -0.012017  0.007162  0.087202  -0.259060  0.267668  -0.256299  1.000000  
104.714667 0.009895  -0.015946  -0.067033  0.480183  0.577943  0.659853  -0.869883  0.410505  0.273477  -0.112819  -0.705314  0.699860  -0.011775  0.007441  0.088994  -0.302161  0.290311  -0.278823  1.000000  
104.715919 0.009886  -0.015940  -0.066912  0.480713  0.578523  0.658958  -0.869573  0.411309  0.273254  -0.112952  -0.704369  0.700790  -0.011181  0.008322  0.088914  -0.348195  0.304621  -0.293236  1.000000  
104.717169 0.009870  -0.015925  -0.066817  0.481414  0.578812  0.658193  -0.869150  0.412249  0.273182  -0.113218  -0.703582  0.701537  -0.010810  0.009129  0.088190  -0.381388  0.317608  -0.318859  1.000000  
104.718173 0.009854  -0.015908  -0.066754  0.481757  0.579109  0.657680  -0.868925  0.412884  0.272939  -0.113484  -0.702965  0.702113  -0.010644  0.009847  0.087622  -0.411505  0.323621  -0.337729  1.000000  
104.719427 0.009835  -0.015888  -0.066670  0.482279  0.579401  0.657040  -0.868601  0.413671  0.272779  -0.113750  -0.702262  0.702773  -0.010883  0.010377  0.086944  -0.442391  0.323676  -0.357040  1.000000  
104.720671 0.009822  -0.015876  -0.066560  0.482979  0.579606  0.656345  -0.868177  0.414577  0.272754  -0.114016  -0.701558  0.703432  -0.011059  0.010352  0.088042  -0.468593  0.331898  -0.378170  1.000000  
104.721673 0.009816  -0.015875  -0.066449  0.483508  0.579861  0.655730  -0.867865  0.415248  0.272724  -0.114149  -0.700949  0.704017  -0.010840  0.009801  0.090396  -0.491331  0.338251  -0.391098  1.000000  
104.722927 0.009815  -0.015879  -0.066291  0.484029  0.580228  0.655020  -0.867540  0.416068  0.272511  -0.114414  -0.700159  0.704760  -0.009973  0.008502  0.094407  -0.518185  0.341410  -0.407352  1.000000  
104.724171 0.009813  -0.015881  -0.066129  0.484535  0.580583  0.654332  -0.867187  0.417084  0.272080  -0.114946  -0.699260  0.705565  -0.008884  0.007153  0.098416  -0.549215  0.338298  -0.430150  1.000000  
104.725417 0.009806  -0.015874  -0.065981  0.485040  0.580935  0.653644  -0.866834  0.418099  0.271648  -0.115478  -0.698361  0.706369  -0.008284  0.006495  0.100748  -0.580963  0.330223  -0.448050  1.000000  
104.726667 0.009792  -0.015857  -0.065855  0.485538  0.581320  0.652932  -0.866467  0.419227  0.271080  -0.116142  -0.697363  0.707245  -0.008269  0.006663  0.100971  -0.616740  0.318911  -0.469138  1.000000  
104.727669 0.009779  -0.015839  -0.065764  0.485871  0.581723  0.652324  -0.866226  0.420006  0.270643  -0.116541  -0.696558  0.707973  -0.008571  0.007553  0.099443  -0.648367  0.313931  -0.483672  1.000000  
104.728918 0.009766  -0.015817  -0.065647  0.486376  0.582230  0.651496  -0.865871  0.421084  0.270103  -0.117072  -0.695483  0.708941  -0.008903  0.008737  0.097960  -0.692271  0.305711  -0.501506  1.000000  
104.730168 0.009757  -0.015798  -0.065517  0.486880  0.582814  0.650597  -0.865516  0.422193  0.269509  -0.117604  -0.694320  0.709992  -0.009039  0.009872  0.097691  -0.734420  0.291924  -0.518389  1.000000  
104.731420 0.009752  -0.015781  -0.065370  0.487553  0.583263  0.649689  -0.865046  0.423502  0.268964  -0.118268  -0.693145  0.711030  -0.008422  0.010255  0.100443  -0.781118  0.285316  -0.543999  1.000000  
104.732672 0.009748  -0.015768  -0.065214  0.488041  0.583752  0.648883  -0.864662  0.424771  0.268198  -0.119065  -0.691956  0.712053  -0.007456  0.009820  0.105486  -0.828774  0.259926  -0.566013  1.000000  
104.733699 0.009742  -0.015757  -0.065087  0.488350  0.584091  0.648346  -0.864377  0.425819  0.267451  -0.119862  -0.691025  0.712823  -0.006749  0.009434  0.109698  -0.857221  0.232123  -0.583079  1.000000  
104.734934 0.009732  -0.015744  -0.064927  0.488828  0.584452  0.647660  -0.863977  0.427132  0.266649  -0.120792  -0.689909  0.713747  -0.006375  0.009237  0.114205  -0.886649  0.201248  -0.604011  1.000000  
104.736170 0.009723  -0.015732  -0.064765  0.489305  0.584734  0.647045  -0.863576  0.428410  0.265896  -0.121722  -0.688877  0.714585  -0.006373  0.009508  0.116103  -0.903838  0.173457  -0.621736  1.000000  
104.737205 0.009718  -0.015723  -0.064638  0.489798  0.584869  0.646549  -0.863203  0.429430  0.265464  -0.122386  -0.688127  0.715195  -0.006596  0.010403  0.116158  -0.914901  0.156810  -0.637002  1.000000  
104.738421 0.009714  -0.015713  -0.064483  0.490452  0.585059  0.645881  -0.862699  0.430825  0.264839  -0.123315  -0.687092  0.716029  -0.006783  0.011392  0.115993  -0.927819  0.133829  -0.659953  1.000000  
104.739422 0.009710  -0.015703  -0.064366  0.490936  0.585147  0.645434  -0.862310  0.431922  0.264319  -0.124112  -0.686328  0.716624  -0.006805  0.011936  0.115280  -0.935656  0.117236  -0.675801  1.000000  
104.740432 0.009706  -0.015692  -0.064258  0.491410  0.585188  0.645036  -0.861905  0.433098  0.263715  -0.125041  -0.685552  0.717205  -0.006644  0.012086  0.114907  -0.944030  0.089363  -0.692828  1.000000  
104.741666 0.009694  -0.015676  -0.064129  0.491868  0.585371  0.644521  -0.861470  0.434527  0.262784  -0.126236  -0.684490  0.718010  -0.006529  0.012082  0.115099  -0.952596  0.059266  -0.715700  1.000000  
104.742918 0.009679  -0.015660  -0.063994  0.492493  0.585418  0.644000  -0.860917  0.436154  0.261899  -0.127563  -0.683414  0.718799  -0.006411  0.011493  0.116865  -0.956947  0.024882  -0.738896  1.000000  
104.743918 0.009667  -0.015648  -0.063874  0.492956  0.585488  0.643582  -0.860494  0.437435  0.261151  -0.128625  -0.682535  0.719446  -0.006530  0.011143  0.118538  -0.964748  -0.001361  -0.763858  1.000000  
104.745167 0.009658  -0.015637  -0.063706  0.493764  0.585487  0.642964  -0.859851  0.439099  0.260477  -0.129819  -0.681467  0.720243  -0.006576  0.010703  0.120737  -0.964418  -0.028280  -0.795441  1.000000  
104.746169 0.009655  -0.015631  -0.063557  0.494402  0.585541  0.642424  -0.859323  0.440528  0.259804  -0.130880  -0.680497  0.720967  -0.006598  0.010168  0.122931  -0.975300  -0.043669  -0.819016  1.000000  
104.747418 0.009653  -0.015621  -0.063369  0.495384  0.585599  0.641614  -0.858575  0.442370  0.259148  -0.132074  -0.679251  0.721924  -0.006427  0.009932  0.125095  -0.988772  -0.053034  -0.855743  1.000000  
104.748666 0.009646  -0.015606  -0.063192  0.496179  0.585778  0.640836  -0.857911  0.444198  0.258218  -0.133400  -0.677903  0.722947  -0.006367  0.010046  0.126596  -1.006793  -0.069873  -0.883218  1.000000  
104.749918 0.009632  -0.015584  -0.063031  0.497139  0.585816  0.640057  -0.857127  0.446222  0.257332  -0.134858  -0.676539  0.723953  -0.006698  0.010657  0.126489  -1.027876  -0.085765  -0.925577  1.000000  
104.750918 0.009617  -0.015561  -0.062915  0.497763  0.585970  0.639430  -0.856576  0.447783  0.256454  -0.136051  -0.675374  0.724817  -0.007212  0.011552  0.125564  -1.046890  -0.107840  -0.955169  1.000000  
104.751925 0.009602  -0.015537  -0.062800  0.498562  0.586030  0.638753  -0.855921  0.449461  0.255704  -0.137244  -0.674206  0.725679  -0.007793  0.012580  0.124706  -1.065345  -0.123151  -0.994389  1.000000  
104.753171 0.009585  -0.015508  -0.062651  0.499692  0.586120  0.637786  -0.855026  0.451657  0.254826  -0.138702  -0.672658  0.726837  -0.008658  0.013785  0.124209  -1.089910  -0.134937  -1.042067  1.000000  
104.754422 0.009573  -0.015486  -0.062483  0.500829  0.586173  0.636845  -0.854144  0.453741  0.254081  -0.140027  -0.671208  0.727923  -0.009155  0.014478  0.125586  -1.106141  -0.137112  -1.080297  1.000000  
104.755672 0.009562  -0.015469  -0.062299  0.501789  0.586315  0.635958  -0.853363  0.455700  0.253199  -0.141352  -0.669756  0.729004  -0.009437  0.014638  0.129273  -1.123096  -0.140882  -1.110377  1.000000  
104.756918 0.009547  -0.015455  -0.062109  0.502912  0.586313  0.635072  -0.852459  0.457853  0.252359  -0.142808  -0.668287  0.730067  -0.009588  0.014510  0.133348  -1.135232  -0.143387  -1.148748  1.000000  
104.758169 0.009525  -0.015438  -0.061927  0.504032  0.586230  0.634261  -0.851551  0.459972  0.251568  -0.144265  -0.666904  0.731045  -0.009975  0.014607  0.136272  -1.139051  -0.149261  -1.190052  1.000000  
104.759425 0.009502  -0.015417  -0.061758  0.504975  0.586237  0.633504  -0.850744  0.461966  0.250642  -0.145721  -0.665518  0.732019  -0.010792  0.015167  0.136649  -1.141668  -0.157100  -1.224419  1.000000  
104.760668 0.009478  -0.015395  -0.061598  0.505895  0.586303  0.632708  -0.849901  0.464169  0.249430  -0.147442  -0.663925  0.733120  -0.012032  0.016119  0.135439  -1.149133  -0.182381  -1.263680  1.000000  
104.761668 0.009460  -0.015376  -0.061472  0.506853  0.586316  0.631928  -0.849122  0.465972  0.248719  -0.148633  -0.662648  0.734034  -0.012981  0.016768  0.134023  -1.155416  -0.183414  -1.290956  1.000000  
104.762918 0.009439  -0.015351  -0.061311  0.507953  0.586400  0.630967  -0.848185  0.468241  0.247654  -0.150220  -0.660973  0.735220  -0.014157  0.017667  0.132302  -1.171017  -0.186762  -1.328769  1.000000  
104.763918 0.009422  -0.015330  -0.061182  0.508896  0.586513  0.630101  -0.847384  0.470173  0.246735  -0.151543  -0.659500  0.736271  -0.014861  0.018184  0.131689  -1.186550  -0.183363  -1.360407  1.000000  
104.764920 0.009403  -0.015307  -0.061055  0.509827  0.586501  0.629359  -0.846563  0.472146  0.245783  -0.152998  -0.658099  0.737223  -0.015307  0.018419  0.132243  -1.198499  -0.183344  -1.395764  1.000000  
104.766167 0.009375  -0.015276  -0.060894  0.510908  0.586678  0.628317  -0.845598  0.474535  0.244500  -0.154716  -0.656221  0.738537  -0.015843  0.018535  0.133266  -1.225356  -0.187088  -1.432884  1.000000  
104.767169 0.009352  -0.015249  -0.060760  0.511833  0.586733  0.627511  -0.844771  0.476529  0.243479  -0.156170  -0.654724  0.739559  -0.016387  0.018772  0.134189  -1.251174  -0.195229  -1.467280  1.000000  
104.768171 0.009330  -0.015224  -0.060618  0.512756  0.586937  0.626566  -0.843941  0.478578  0.242338  -0.157624  -0.653045  0.740734  -0.016994  0.018967  0.135500  -1.278084  -0.200020  -1.495257  1.000000  
104.769421 0.009305  -0.015191  -0.060431  0.513818  0.587206  0.625445  -0.842947  0.481083  0.240831  -0.159473  -0.650960  0.742172  -0.017895  0.019672  0.136770  -1.318296  -0.212206  -1.530897  1.000000  
104.770670 0.009281  -0.015159  -0.060239  0.515048  0.587444  0.624207  -0.841843  0.483730  0.239385  -0.161322  -0.648780  0.743680  -0.018748  0.020655  0.137337  -1.360316  -0.212207  -1.575302  1.000000  
104.771672 0.009261  -0.015132  -0.060089  0.515963  0.587784  0.623131  -0.841003  0.485819  0.238104  -0.162774  -0.646908  0.744993  -0.019329  0.021882  0.136897  -1.400638  -0.211035  -1.598855  1.000000  
104.772921 0.009235  -0.015094  -0.059912  0.517175  0.588115  0.621812  -0.839873  0.488582  0.236436  -0.164754  -0.644522  0.746624  -0.019688  0.023301  0.136605  -1.447865  -0.212884  -1.633660  1.000000  
104.774167 0.009204  -0.015051  -0.059751  0.518383  0.588439  0.620499  -0.838737  0.491335  0.234756  -0.166734  -0.642129  0.748245  -0.020202  0.024721  0.135998  -1.495390  -0.214948  -1.668887  1.000000  
104.775171 0.009177  -0.015014  -0.059631  0.519265  0.588673  0.619539  -0.837848  0.493550  0.233279  -0.168448  -0.640213  0.749501  -0.020763  0.026095  0.135511  -1.532309  -0.228799  -1.696248  1.000000  
104.776417 0.009145  -0.014969  -0.059480  0.520428  0.588847  0.618396  -0.836645  0.496503  0.231323  -0.170822  -0.637764  0.751050  -0.021362  0.027459  0.134892  -1.573187  -0.250534  -1.729940  1.000000  
104.777668 0.009116  -0.014929  -0.059312  0.521598  0.589060  0.617206  -0.835455  0.499373  0.229439  -0.173063  -0.635323  0.752605  -0.021924  0.028642  0.135525  -1.612808  -0.267814  -1.768330  1.000000  
104.778918 0.009091  -0.014892  -0.059127  0.522935  0.589087  0.616048  -0.834151  0.502325  0.227732  -0.175302  -0.632966  0.754071  -0.022084  0.029203  0.137012  -1.643064  -0.274040  -1.805860  1.000000  
104.779918 0.009071  -0.014865  -0.058975  0.523961  0.589076  0.615186  -0.833117  0.504672  0.226322  -0.177146  -0.631106  0.755198  -0.022102  0.029501  0.138683  -1.660951  -0.288106  -1.829038  1.000000  
104.780919 0.009051  -0.014837  -0.058824  0.524983  0.589135  0.614258  -0.832079  0.507040  0.224845  -0.178989  -0.629151  0.756394  -0.021992  0.029760  0.140290  -1.688029  -0.300131  -1.857509  1.000000  
104.782168 0.009023  -0.014799  -0.058647  0.526291  0.589245  0.613031  -0.830738  0.510088  0.222898  -0.181358  -0.626578  0.757964  -0.021976  0.030015  0.140877  -1.719507  -0.309958  -1.893746  1.000000  
104.783168 0.008998  -0.014767  -0.058514  0.527292  0.589322  0.612097  -0.829670  0.512536  0.221255  -0.183332  -0.624505  0.759199  -0.022150  0.030481  0.140294  -1.744354  -0.329595  -1.915181  1.000000  
104.784168 0.008973  -0.014731  -0.058387  0.528472  0.589406  0.610997  -0.828510  0.515054  0.219753  -0.185173  -0.622350  0.760520  -0.022423  0.031140  0.138831  -1.775447  -0.340461  -1.947064  1.000000  
104.785186 0.008949  -0.014694  -0.058264  0.529464  0.589620  0.609931  -0.827433  0.517538  0.217967  -0.187145  -0.620083  0.761889  -0.022810  0.031949  0.137067  -1.815787  -0.364759  -1.976022  1.000000  
104.786422 0.008920  -0.014648  -0.058105  0.530724  0.589686  0.608771  -0.826026  0.520708  0.215741  -0.189773  -0.617360  0.763448  -0.023118  0.032782  0.134660  -1.855205  -0.387399  -2.017440  1.000000  
104.787423 0.008899  -0.014612  -0.057971  0.531834  0.589646  0.607840  -0.824764  0.523500  0.213802  -0.192137  -0.615032  0.764735  -0.023162  0.033243  0.133829  -1.895474  -0.416934  -2.056031  1.000000  
104.788423 0.008877  -0.014576  -0.057831  0.532967  0.589763  0.606734  -0.823540  0.526169  0.211962  -0.194237  -0.612638  0.766124  -0.023004  0.033388  0.134387  -1.934457  -0.428762  -2.087877  1.000000  
104.789488 0.008855  -0.014540  -0.057687  0.534250  0.589794  0.605575  -0.822178  0.529043  0.210086  -0.196468  -0.610129  0.767557  -0.022636  0.033176  0.135232  -1.975939  -0.442189  -2.125973  1.000000  
104.790669 0.008827  -0.014494  -0.057504  0.535623  0.589851  0.604304  -0.820589  0.532493  0.207569  -0.199353  -0.607064  0.769241  -0.022387  0.033410  0.138026  -2.026781  -0.470496  -2.173900  1.000000  
104.791670 0.008803  -0.014456  -0.057357  0.536709  0.589858  0.603333  -0.819302  0.535262  0.205522  -0.201713  -0.604617  0.770552  -0.022337  0.033584  0.139431  -2.061534  -0.489936  -2.211570  1.000000  
104.792918 0.008774  -0.014412  -0.057167  0.538066  0.589898  0.602084  -0.817696  0.538679  0.202976  -0.204595  -0.601536  0.772202  -0.022488  0.033989  0.140596  -2.099387  -0.517936  -2.254153  1.000000  
104.793918 0.008751  -0.014377  -0.057013  0.538986  0.590120  0.601043  -0.816529  0.541257  0.200803  -0.206821  -0.598999  0.773580  -0.022679  0.034350  0.140920  -2.129881  -0.544278  -2.273091  1.000000  
104.794918 0.008729  -0.014341  -0.056862  0.540069  0.590152  0.600039  -0.815246  0.543920  0.198809  -0.209046  -0.596550  0.774873  -0.022853  0.034977  0.140651  -2.161263  -0.561692  -2.299128  1.000000  
104.796171 0.008702  -0.014295  -0.056681  0.541555  0.590157  0.598693  -0.813481  0.547524  0.196126  -0.212054  -0.593238  0.776596  -0.022956  0.035750  0.140343  -2.205067  -0.589897  -2.345861  1.000000  
104.797418 0.008671  -0.014249  -0.056511  0.542863  0.590192  0.597472  -0.811818  0.550963  0.193368  -0.215061  -0.590012  0.778226  -0.023010  0.036207  0.140198  -2.239551  -0.616174  -2.379721  1.000000  
104.798418 0.008643  -0.014212  -0.056379  0.543909  0.590303  0.596410  -0.810491  0.553696  0.191118  -0.217412  -0.587336  0.779595  -0.023238  0.036463  0.140411  -2.265462  -0.634066  -2.413458  1.000000  
104.799425 0.008615  -0.014174  -0.056246  0.545099  0.590106  0.595518  -0.809021  0.556556  0.189028  -0.219893  -0.584825  0.780786  -0.023416  0.036531  0.141050  -2.287547  -0.659326  -2.450451  1.000000  
104.800668 0.008579  -0.014130  -0.056073  0.546348  0.590030  0.594448  -0.807283  0.560070  0.186054  -0.223154  -0.581538  0.782314  -0.023855  0.036383  0.141934  -2.308392  -0.693128  -2.488097  1.000000  
104.801680 0.008553  -0.014098  -0.055929  0.547522  0.589891  0.593505  -0.805797  0.562922  0.183873  -0.225632  -0.578919  0.783545  -0.024201  0.036158  0.143129  -2.325912  -0.719429  -2.524504  1.000000  
104.802920 0.008522  -0.014059  -0.055736  0.548769  0.589915  0.592329  -0.804066  0.566354  0.180889  -0.228759  -0.575537  0.785128  -0.024397  0.035683  0.144399  -2.342937  -0.747045  -2.556239  1.000000  
104.803921 0.008498  -0.014030  -0.055579  0.549910  0.589790  0.591394  -0.802540  0.569260  0.178528  -0.231363  -0.572791  0.786372  -0.024549  0.035276  0.145365  -2.361280  -0.774723  -2.593736  1.000000  
104.805172 0.008465  -0.013990  -0.055387  0.551248  0.589622  0.590314  -0.800599  0.572983  0.175305  -0.234876  -0.569242  0.787907  -0.024940  0.034768  0.146047  -2.384895  -0.806834  -2.633964  1.000000  
104.806223 0.008437  -0.013954  -0.055242  0.552389  0.589527  0.589342  -0.799082  0.575792  0.173006  -0.237347  -0.566500  0.789142  -0.025174  0.034577  0.145350  -2.397583  -0.818123  -2.656652  1.000000  
104.807425 0.008400  -0.013906  -0.055072  0.553760  0.589471  0.588110  -0.797199  0.579283  0.170013  -0.240465  -0.562987  0.790710  -0.025746  0.034887  0.144494  -2.425443  -0.841476  -2.692887  1.000000  
104.808668 0.008361  -0.013858  -0.054901  0.555301  0.589471  0.586655  -0.795218  0.582851  0.167069  -0.243451  -0.559292  0.792417  -0.026409  0.035157  0.143172  -2.462110  -0.860506  -2.722412  1.000000  
104.809668 0.008331  -0.013820  -0.054761  0.556435  0.589609  0.585441  -0.793706  0.585608  0.164605  -0.245786  -0.556260  0.793829  -0.026995  0.035383  0.142438  -2.493516  -0.872491  -2.740329  1.000000  
104.810918 0.008296  -0.013773  -0.054577  0.557975  0.589702  0.583880  -0.791734  0.589092  0.161642  -0.248638  -0.552470  0.795586  -0.027486  0.035421  0.142707  -2.529030  -0.884843  -2.763148  1.000000  
104.812168 0.008263  -0.013727  -0.054386  0.559322  0.589721  0.582570  -0.789840  0.592452  0.158596  -0.251618  -0.548844  0.797157  -0.027647  0.035384  0.144070  -2.557280  -0.910653  -2.787186  1.000000  
104.813169 0.008235  -0.013691  -0.054230  0.560392  0.589750  0.581512  -0.788251  0.595274  0.155917  -0.254207  -0.545752  0.798457  -0.027649  0.035294  0.145699  -2.578772  -0.925775  -2.805433  1.000000  
104.814418 0.008196  -0.013646  -0.054035  0.561861  0.589727  0.580116  -0.786196  0.598808  0.152727  -0.257311  -0.541896  0.800087  -0.027902  0.035207  0.147490  -2.607347  -0.950356  -2.837502  1.000000  
104.815424 0.008165  -0.013609  -0.053882  0.563095  0.589730  0.578916  -0.784503  0.601671  0.150154  -0.259767  -0.538712  0.801443  -0.028037  0.035353  0.148508  -2.628318  -0.959704  -2.850610  1.000000  
104.816667 0.008127  -0.013560  -0.053695  0.564540  0.589757  0.577478  -0.782430  0.605175  0.146856  -0.262866  -0.534742  0.803089  -0.028454  0.035861  0.149050  -2.654166  -0.973501  -2.871904  1.000000  
104.817669 0.008096  -0.013522  -0.053547  0.565756  0.589674  0.576373  -0.780722  0.607982  0.144328  -0.265318  -0.531641  0.804341  -0.028829  0.036287  0.148622  -2.670841  -0.978479  -2.881442  1.000000  
104.818674 0.008067  -0.013485  -0.053400  0.567144  0.589499  0.575186  -0.778920  0.610837  0.141994  -0.267639  -0.528554  0.805605  -0.029240  0.036914  0.147708  -2.682750  -0.985985  -2.901125  1.000000  
104.819919 0.008029  -0.013438  -0.053220  0.568738  0.589482  0.573628  -0.776731  0.614353  0.138777  -0.270603  -0.524482  0.807275  -0.029520  0.037359  0.146889  -2.706978  -0.994215  -2.909925  1.000000  
104.820920 0.007999  -0.013398  -0.053080  0.569926  0.589443  0.572486  -0.775002  0.617122  0.136135  -0.273050  -0.521265  0.808534  -0.029825  0.037820  0.147101  -2.718708  -1.001013  -2.919582  1.000000  
104.822168 0.007959  -0.013348  -0.052908  0.571452  0.589392  0.571017  -0.772735  0.620716  0.132634  -0.276266  -0.517038  0.810153  -0.029906  0.037877  0.146556  -2.745658  -1.012050  -2.938462  1.000000  
104.823424 0.007917  -0.013297  -0.052730  0.573167  0.589144  0.569552  -0.770399  0.624260  0.129555  -0.279222  -0.513039  0.811681  -0.030147  0.038037  0.147119  -2.759811  -1.012237  -2.965387  1.000000  
104.824668 0.007875  -0.013247  -0.052545  0.574867  0.588952  0.568035  -0.768052  0.627792  0.126381  -0.282176  -0.508933  0.813243  -0.030485  0.038154  0.147721  -2.780645  -1.013485  -2.985447  1.000000  
104.825918 0.007835  -0.013199  -0.052351  0.576553  0.588884  0.566394  -0.765695  0.631327  0.123034  -0.285127  -0.504621  0.814899  -0.030786  0.038276  0.148357  -2.802665  -1.015694  -2.996869  1.000000  
104.826918 0.007803  -0.013160  -0.052194  0.577893  0.588889  0.565021  -0.763868  0.634031  0.120455  -0.287306  -0.501212  0.816236  -0.031171  0.038464  0.148673  -2.818964  -1.008752  -3.002705  1.000000  
104.828167 0.007764  -0.013108  -0.051999  0.579421  0.588969  0.563371  -0.761642  0.637340  0.117042  -0.290125  -0.496904  0.817872  -0.031431  0.038873  0.148772  -2.840368  -1.007465  -3.011203  1.000000  
104.829168 0.007729  -0.013065  -0.051845  0.580742  0.588887  0.562095  -0.759802  0.639990  0.114512  -0.292301  -0.493583  0.819107  -0.031678  0.039346  0.148626  -2.863762  -1.005389  -3.017274  1.000000  
104.830168 0.007693  -0.013018  -0.051698  0.582187  0.588694  0.560802  -0.757805  0.642811  0.111920  -0.294603  -0.490137  0.820351  -0.032021  0.039994  0.148127  -2.879869  -0.996321  -3.031260  1.000000  
104.831169 0.007656  -0.012970  -0.051552  0.583466  0.588759  0.559402  -0.755920  0.645518  0.109043  -0.296904  -0.486486  0.821693  -0.032441  0.040623  0.147746  -2.908828  -0.994024  -3.034649  1.000000  
104.832419 0.007610  -0.012908  -0.051369  0.585104  0.588934  0.557503  -0.753542  0.648901  0.105363  -0.299713  -0.481750  0.823461  -0.032983  0.041614  0.147691  -2.940123  -0.987965  -3.043695  1.000000  
104.833670 0.007564  -0.012847  -0.051178  0.586907  0.588933  0.555606  -0.751065  0.652311  0.101940  -0.302393  -0.477126  0.825173  -0.033529  0.042560  0.148144  -2.974485  -0.970726  -3.051778  1.000000  
104.834690 0.007527  -0.012800  -0.051018  0.588180  0.589074  0.554108  -0.749191  0.654910  0.099022  -0.304560  -0.473375  0.826534  -0.033988  0.043198  0.149094  -2.995802  -0.952060  -3.041346  1.000000  
104.835921 0.007479  -0.012741  -0.050813  0.590009  0.589124  0.552108  -0.746761  0.658166  0.095733  -0.306980  -0.468776  0.828259  -0.034653  0.043898  0.151263  -3.034737  -0.939179  -3.055962  1.000000  
104.836924 0.007440  -0.012693  -0.050649  0.591263  0.589178  0.550706  -0.744874  0.660711  0.092864  -0.309144  -0.465114  0.829517  -0.035166  0.044363  0.153066  -3.048492  -0.930529  -3.049484  1.000000  
104.838172 0.007388  -0.012633  -0.050445  0.593068  0.589200  0.548738  -0.742429  0.663915  0.089536  -0.311561  -0.460500  0.831186  -0.035864  0.045036  0.154983  -3.073660  -0.919461  -3.051228  1.000000  
104.839504 0.007333  -0.012572  -0.050242  0.594807  0.589065  0.546999  -0.739908  0.667176  0.086094  -0.314230  -0.455938  0.832695  -0.036532  0.045530  0.155203  -3.075855  -0.914062  -3.057274  1.000000  
104.840666 0.007277  -0.012510  -0.050042  0.596228  0.589323  0.545170  -0.737624  0.670184  0.082244  -0.316896  -0.451167  0.834281  -0.037690  0.046612  0.156523  -3.108486  -0.924078  -3.059300  1.000000  
104.841668 0.007232  -0.012460  -0.049884  0.597467  0.589509  0.543610  -0.735744  0.672609  0.079238  -0.318925  -0.447300  0.835589  -0.038717  0.047459  0.156606  -3.132997  -0.922462  -3.065361  1.000000  
104.842917 0.007177  -0.012396  -0.049685  0.598769  0.589829  0.541829  -0.733635  0.675328  0.075578  -0.321334  -0.442758  0.837084  -0.039691  0.048196  0.156826  -3.153535  -0.910921  -3.051515  1.000000  
104.844169 0.007117  -0.012331  -0.049484  0.600360  0.589924  0.539960  -0.731273  0.678270  0.072041  -0.323740  -0.438108  0.838602  -0.040896  0.048960  0.157550  -3.171638  -0.899940  -3.045228  1.000000  
104.845418 0.007056  -0.012266  -0.049282  0.601639  0.590418  0.537993  -0.729150  0.680957  0.068097  -0.326144  -0.433248  0.840194  -0.041925  0.049437  0.158844  -3.197072  -0.900169  -3.026463  1.000000  
104.846420 0.007006  -0.012212  -0.049116  0.602748  0.590845  0.536281  -0.727438  0.683086  0.065011  -0.327915  -0.429297  0.841532  -0.042791  0.049727  0.160239  -3.221656  -0.889523  -3.011391  1.000000  
104.847425 0.006955  -0.012158  -0.048947  0.603972  0.591085  0.534636  -0.725564  0.685362  0.061936  -0.329810  -0.425320  0.842810  -0.043718  0.049957  0.161655  -3.247047  -0.883021  -3.003049  1.000000  
104.848668 0.006891  -0.012090  -0.048726  0.605429  0.591479  0.532549  -0.723368  0.688003  0.058226  -0.331956  -0.420481  0.844394  -0.044826  0.050481  0.163509  -3.276758  -0.879390  -2.983131  1.000000  
104.849917 0.006828  -0.012021  -0.048499  0.606846  0.591888  0.530478  -0.721131  0.690665  0.054326  -0.334227  -0.415512  0.845956  -0.046002  0.051183  0.165420  -3.302792  -0.875630  -2.965706  1.000000  
104.850918 0.006775  -0.011965  -0.048319  0.607747  0.592320  0.528961  -0.719492  0.692621  0.051073  -0.336118  -0.411623  0.847108  -0.046976  0.051739  0.166312  -3.324295  -0.875570  -2.946503  1.000000  
104.851919 0.006720  -0.011908  -0.048142  0.608818  0.592639  0.527370  -0.717758  0.694636  0.048003  -0.337882  -0.407749  0.848279  -0.047974  0.052388  0.167208  -3.339534  -0.864534  -2.928509  1.000000  
104.852924 0.006664  -0.011850  -0.047968  0.610031  0.592934  0.525634  -0.715894  0.696766  0.044862  -0.339644  -0.403666  0.849527  -0.049079  0.053091  0.167897  -3.367733  -0.859729  -2.909913  1.000000  
104.854174 0.006589  -0.011775  -0.047755  0.611557  0.593285  0.523460  -0.713510  0.699454  0.040837  -0.341908  -0.398468  0.851071  -0.050662  0.054313  0.169572  -3.406936  -0.851713  -2.891230  1.000000  
104.855426 0.006513  -0.011699  -0.047541  0.612809  0.593882  0.521315  -0.711406  0.701820  0.036749  -0.344045  -0.393386  0.852573  -0.051718  0.054903  0.169477  -3.436010  -0.856927  -2.856798  1.000000  
104.856669 0.006437  -0.011625  -0.047323  0.614197  0.594259  0.519248  -0.709170  0.704273  0.032835  -0.346180  -0.388402  0.853993  -0.053167  0.055716  0.170874  -3.455983  -0.852734  -2.841051  1.000000  
104.857669 0.006377  -0.011566  -0.047141  0.615114  0.594776  0.517568  -0.707575  0.706018  0.029593  -0.347811  -0.384422  0.855130  -0.054169  0.056223  0.172424  -3.476550  -0.855136  -2.816298  1.000000  
104.858918 0.006301  -0.011494  -0.046911  0.616400  0.595407  0.515308  -0.705526  0.708220  0.025629  -0.349692  -0.379361  0.856622  -0.055370  0.056750  0.174486  -3.501569  -0.846933  -2.787209  1.000000  
104.859918 0.006237  -0.011437  -0.046726  0.617594  0.595615  0.513635  -0.703670  0.710168  0.022575  -0.351321  -0.375372  0.857712  -0.056363  0.057056  0.176049  -3.525821  -0.838832  -2.772529  1.000000  
104.860918 0.006173  -0.011379  -0.046542  0.618523  0.596079  0.511977  -0.702100  0.711812  0.019472  -0.352824  -0.371503  0.858779  -0.057347  0.057360  0.177377  -3.533325  -0.834442  -2.740629  1.000000  
104.862168 0.006090  -0.011306  -0.046317  0.619866  0.596342  0.510042  -0.699840  0.714130  0.015570  -0.354951  -0.366599  0.860009  -0.058504  0.057716  0.178157  -3.534330  -0.832583  -2.718573  1.000000  
104.863171 0.006024  -0.011246  -0.046139  0.620894  0.596796  0.508257  -0.698100  0.715896  0.012203  -0.356577  -0.362391  0.861119  -0.059679  0.058093  0.178395  -3.550860  -0.838732  -2.695675  1.000000  
104.864418 0.005939  -0.011171  -0.045919  0.622170  0.597467  0.505902  -0.696065  0.717933  0.008163  -0.358326  -0.357220  0.862552  -0.061086  0.058587  0.178056  -3.571981  -0.830632  -2.668214  1.000000  
104.865666 0.005854  -0.011096  -0.045697  0.623724  0.597645  0.503774  -0.693768  0.720184  0.004577  -0.360074  -0.352357  0.863823  -0.062236  0.058884  0.177812  -3.573891  -0.824193  -2.644927  1.000000  
104.866667 0.005786  -0.011035  -0.045519  0.624763  0.597981  0.502086  -0.692053  0.721845  0.001433  -0.361572  -0.348365  0.864817  -0.063330  0.059220  0.177961  -3.584261  -0.818513  -2.624591  1.000000  
104.867669 0.005716  -0.010974  -0.045340  0.625970  0.598191  0.500329  -0.690241  0.723578  -0.001533  -0.362944  -0.344388  0.865834  -0.064143  0.059386  0.178107  -3.591324  -0.816875  -2.606569  1.000000  
104.868676 0.005644  -0.010912  -0.045160  0.627171  0.598332  0.498653  -0.688426  0.725293  -0.004421  -0.364315  -0.340514  0.866790  -0.065112  0.059519  0.178753  -3.605142  -0.806452  -2.579766  1.000000  
104.869920 0.005552  -0.010834  -0.044930  0.628550  0.598677  0.496499  -0.686241  0.727328  -0.008253  -0.366059  -0.335531  0.867998  -0.066089  0.059722  0.179797  -3.611524  -0.795194  -2.555112  1.000000  
104.870922 0.005478  -0.010773  -0.044744  0.629770  0.598950  0.494620  -0.684455  0.728969  -0.011255  -0.367303  -0.331457  0.869037  -0.067048  0.059744  0.180746  -3.620102  -0.782126  -2.539133  1.000000  
104.871923 0.005405  -0.010712  -0.044555  0.630951  0.599244  0.492755  -0.682629  0.730622  -0.014441  -0.368672  -0.327257  0.870048  -0.067937  0.059901  0.181475  -3.626413  -0.774789  -2.532937  1.000000  
104.873166 0.005312  -0.010635  -0.044318  0.632405  0.599645  0.490398  -0.680540  0.732489  -0.018059  -0.370040  -0.322315  0.871312  -0.069019  0.060148  0.182091  -3.640064  -0.756002  -2.513765  1.000000  
104.874419 0.005218  -0.010558  -0.044083  0.633818  0.600002  0.488131  -0.678410  0.734361  -0.021777  -0.371531  -0.317350  0.872499  -0.070073  0.060521  0.182323  -3.647214  -0.736769  -2.493219  1.000000  
104.875420 0.005142  -0.010495  -0.043899  0.635219  0.600024  0.486280  -0.676552  0.735992  -0.024376  -0.372524  -0.313509  0.873463  -0.070964  0.060944  0.182205  -3.639030  -0.717766  -2.489899  1.000000  
104.876667 0.005045  -0.010416  -0.043675  0.636616  0.600299  0.484109  -0.674413  0.737822  -0.028033  -0.374014  -0.308643  0.874559  -0.072003  0.061356  0.182103  -3.626927  -0.704680  -2.477363  1.000000  
