1-Time 2-Px 3-Py 4-Pz 5-R11 6-R21 7-R31 8-R12 9-R22 10-R32 11-R13 12-R23 13-R33 14-Vx 15-Vy 16-Vz 17-Wx 18-Wy 19-Wz 20-state
115.714023 -0.018520  -0.009851  -0.049958  0.475241  0.687702  0.548828  -0.789870  0.608266  -0.078216  -0.387622  -0.396331  0.832268  0.001025  0.000099  -0.000025  0.000000  0.000000  0.000000  1.000000  
115.715140 -0.018520  -0.009850  -0.049957  0.475241  0.687702  0.548828  -0.789870  0.608266  -0.078216  -0.387622  -0.396331  0.832268  -0.000089  0.000062  0.001156  0.000000  0.000000  0.000000  1.000000  
115.716401 -0.018508  -0.009853  -0.049917  0.475241  0.687702  0.548828  -0.789870  0.608266  -0.078216  -0.387622  -0.396331  0.832268  0.005996  -0.001005  0.020470  0.000000  0.000000  0.000000  1.000000  
115.717645 -0.018490  -0.009855  -0.049856  0.475241  0.687702  0.548828  -0.789870  0.608266  -0.078216  -0.387622  -0.396331  0.832268  0.009158  -0.001232  0.031278  0.000000  0.000000  0.000000  1.000000  
115.718897 -0.018474  -0.009851  -0.049810  0.475215  0.687674  0.548885  -0.789825  0.608312  -0.078311  -0.387746  -0.396309  0.832221  0.010171  -0.000202  0.032795  0.000000  0.000000  0.000000  1.000000  
115.720140 -0.018459  -0.009842  -0.049778  0.475215  0.687741  0.548802  -0.789825  0.608302  -0.078385  -0.387746  -0.396208  0.832269  0.010651  0.001509  0.031227  0.000000  0.000000  0.000000  1.000000  
115.721377 -0.018446  -0.009827  -0.049753  0.475215  0.687741  0.548802  -0.789825  0.608302  -0.078385  -0.387746  -0.396208  0.832269  0.010636  0.003401  0.029261  0.000000  0.000000  0.000000  1.000000  
115.722381 -0.018437  -0.009814  -0.049737  0.475215  0.687741  0.548802  -0.789825  0.608302  -0.078385  -0.387746  -0.396208  0.832269  0.010388  0.004562  0.027656  0.000000  0.000000  0.000000  1.000000  
115.723396 -0.018427  -0.009806  -0.049719  0.475052  0.687800  0.548869  -0.789923  0.608170  -0.078424  -0.387746  -0.396309  0.832221  0.010288  0.004981  0.026490  0.000000  0.000000  0.000000  1.000000  
115.724628 -0.018410  -0.009803  -0.049686  0.475025  0.687772  0.548927  -0.789879  0.608216  -0.078519  -0.387869  -0.396287  0.832174  0.010713  0.004619  0.026516  0.000000  0.000000  0.000000  1.000000  
115.725648 -0.018398  -0.009805  -0.049652  0.474836  0.687803  0.549051  -0.789932  0.608129  -0.078654  -0.387992  -0.396365  0.832079  0.010880  0.004054  0.027127  0.000000  0.000000  0.000000  1.000000  
115.726876 -0.018385  -0.009804  -0.049606  0.474782  0.687616  0.549333  -0.789843  0.608239  -0.078697  -0.388239  -0.396523  0.831890  0.010809  0.003749  0.028144  0.000000  0.000000  0.000000  1.000000  
115.727881 -0.018374  -0.009798  -0.049571  0.474593  0.687580  0.549541  -0.789896  0.608162  -0.078758  -0.388362  -0.396702  0.831746  0.010816  0.003893  0.028670  0.000000  0.000000  0.000000  1.000000  
115.728883 -0.018362  -0.009791  -0.049531  0.474214  0.687576  0.549873  -0.790003  0.607999  -0.078954  -0.388609  -0.396960  0.831508  0.010931  0.004128  0.029417  0.000000  0.000000  0.000000  1.000000  
115.729885 -0.018348  -0.009787  -0.049484  0.474025  0.687474  0.550164  -0.790056  0.607931  -0.078941  -0.388732  -0.397240  0.831317  0.011504  0.004264  0.031574  0.000000  0.000000  0.000000  1.000000  
115.731134 -0.018325  -0.009783  -0.049415  0.473835  0.687371  0.550455  -0.790108  0.607864  -0.078929  -0.388856  -0.397520  0.831125  0.012429  0.004607  0.034178  0.000000  0.000000  0.000000  1.000000  
115.732135 -0.018299  -0.009778  -0.049357  0.473646  0.687268  0.550746  -0.790161  0.607797  -0.078916  -0.388979  -0.397800  0.830934  0.013184  0.005057  0.034864  0.000000  0.000000  0.000000  1.000000  
115.733386 -0.018264  -0.009767  -0.049299  0.473294  0.687358  0.550938  -0.790312  0.607579  -0.079091  -0.389102  -0.397979  0.830790  0.014434  0.005755  0.035189  0.000000  0.000000  0.000000  1.000000  
115.734632 -0.018233  -0.009751  -0.049254  0.472968  0.687407  0.551155  -0.790506  0.607325  -0.079097  -0.389102  -0.398281  0.830645  0.015450  0.006379  0.035733  0.000000  0.000000  0.000000  1.000000  
115.735633 -0.018216  -0.009736  -0.049219  0.472616  0.687563  0.551263  -0.790656  0.607097  -0.079346  -0.389225  -0.398360  0.830550  0.015860  0.006557  0.036808  0.000000  0.000000  0.000000  1.000000  
115.736880 -0.018200  -0.009719  -0.049167  0.472453  0.687621  0.551330  -0.790754  0.606965  -0.079386  -0.389225  -0.398460  0.830502  0.016241  0.006667  0.038954  0.000000  0.000000  0.000000  1.000000  
115.737880 -0.018186  -0.009707  -0.049114  0.472128  0.687804  0.551381  -0.790948  0.606691  -0.079539  -0.389225  -0.398561  0.830453  0.016482  0.006830  0.040965  0.000000  0.000000  0.000000  1.000000  
115.739130 -0.018165  -0.009699  -0.049029  0.471992  0.687890  0.551391  -0.791090  0.606514  -0.079484  -0.389102  -0.398684  0.830452  0.016854  0.006990  0.044778  0.000000  0.000000  0.000000  1.000000  
115.740132 -0.018149  -0.009697  -0.048949  0.471666  0.688139  0.551358  -0.791284  0.606230  -0.079711  -0.389102  -0.398684  0.830452  0.017093  0.007276  0.048347  0.000000  0.000000  0.000000  1.000000  
115.741381 -0.018132  -0.009695  -0.048848  0.471367  0.688416  0.551268  -0.791523  0.605901  -0.079842  -0.388979  -0.398707  0.830499  0.017328  0.007444  0.052051  0.000000  0.000000  0.000000  1.000000  
115.742633 -0.018116  -0.009685  -0.048766  0.471041  0.688665  0.551236  -0.791717  0.605618  -0.080069  -0.388979  -0.398707  0.830499  0.017525  0.007644  0.054576  0.000000  0.000000  0.000000  1.000000  
115.743881 -0.018100  -0.009667  -0.048705  0.470715  0.688915  0.551203  -0.791911  0.605334  -0.080296  -0.388979  -0.398707  0.830499  0.017477  0.008232  0.055132  0.000000  0.000000  0.000000  1.000000  
115.744881 -0.018086  -0.009652  -0.048664  0.470389  0.689097  0.551253  -0.792105  0.605060  -0.080450  -0.388979  -0.398808  0.830450  0.017466  0.008992  0.054684  0.000000  0.000000  0.000000  1.000000  
115.745925 -0.018070  -0.009638  -0.048623  0.470252  0.689249  0.551180  -0.792246  0.604872  -0.080468  -0.388856  -0.398830  0.830497  0.017266  0.009826  0.053504  0.000000  0.000000  0.000000  1.000000  
115.747140 -0.018045  -0.009626  -0.048567  0.469926  0.689431  0.551230  -0.792440  0.604598  -0.080621  -0.388856  -0.398931  0.830449  0.016761  0.010184  0.052692  0.030622  -0.124838  0.157632  1.000000  
115.748385 -0.018019  -0.009619  -0.048508  0.469626  0.689640  0.551224  -0.792678  0.604278  -0.080679  -0.388732  -0.399054  0.830447  0.016339  0.009857  0.052760  0.029359  -0.126320  0.171013  1.000000  
115.749639 -0.017996  -0.009615  -0.048443  0.469489  0.689792  0.551151  -0.792820  0.604090  -0.080697  -0.388609  -0.399077  0.830494  0.015711  0.008835  0.054724  0.030738  -0.120985  0.180571  1.000000  
115.750884 -0.017980  -0.009612  -0.048374  0.469379  0.689904  0.551105  -0.793006  0.603866  -0.080546  -0.388362  -0.399222  0.830540  0.015570  0.007903  0.055997  0.032402  -0.116601  0.191644  1.000000  
115.752138 -0.017968  -0.009611  -0.048301  0.469242  0.690055  0.551031  -0.793147  0.603678  -0.080564  -0.388239  -0.399245  0.830586  0.015266  0.006920  0.057021  0.029729  -0.115284  0.199317  1.000000  
115.753381 -0.017956  -0.009611  -0.048225  0.469132  0.690301  0.550818  -0.793333  0.603434  -0.080559  -0.387992  -0.399189  0.830729  0.014681  0.006142  0.057010  0.021443  -0.106364  0.201667  1.000000  
115.754381 -0.017944  -0.009612  -0.048162  0.469321  0.690270  0.550694  -0.793281  0.603521  -0.080423  -0.387869  -0.399111  0.830824  0.014410  0.005831  0.056113  0.020056  -0.095544  0.199761  1.000000  
115.755630 -0.017925  -0.009611  -0.048085  0.469374  0.690592  0.550246  -0.793370  0.603390  -0.080525  -0.387622  -0.398753  0.831111  0.014471  0.005818  0.054489  0.002512  -0.080738  0.199924  1.000000  
115.756632 -0.017910  -0.009606  -0.048030  0.469564  0.690695  0.549955  -0.793318  0.603457  -0.080535  -0.387499  -0.398473  0.831303  0.014586  0.005890  0.053025  -0.015182  -0.066413  0.201499  1.000000  
115.757880 -0.017892  -0.009593  -0.047972  0.469780  0.690958  0.549439  -0.793311  0.603458  -0.080597  -0.387252  -0.398013  0.831638  0.014696  0.005799  0.052002  -0.038025  -0.048314  0.194235  1.000000  
115.759130 -0.017876  -0.009578  -0.047915  0.469970  0.691194  0.548980  -0.793259  0.603506  -0.080754  -0.387129  -0.397531  0.831926  0.014683  0.005486  0.052143  -0.067035  -0.028297  0.184511  1.000000  
115.760137 -0.017862  -0.009568  -0.047862  0.470186  0.691324  0.548631  -0.793251  0.603527  -0.080669  -0.386882  -0.397273  0.832164  0.014646  0.005214  0.053027  -0.081344  -0.010515  0.177280  1.000000  
115.761382 -0.017844  -0.009560  -0.047781  0.470539  0.691502  0.548104  -0.793102  0.603708  -0.080787  -0.386759  -0.396689  0.832499  0.014448  0.004824  0.054735  -0.111122  0.012487  0.160167  1.000000  
115.762382 -0.017828  -0.009561  -0.047708  0.470755  0.691697  0.547672  -0.793094  0.603720  -0.080775  -0.386512  -0.396330  0.832785  0.013979  0.004240  0.056716  -0.130047  0.026004  0.152604  1.000000  
115.763383 -0.017810  -0.009564  -0.047630  0.470945  0.691866  0.547296  -0.793041  0.603777  -0.080860  -0.386389  -0.395948  0.833024  0.013907  0.003679  0.058539  0.000000  0.000000  0.000000  1.000000  
115.764640 -0.017790  -0.009569  -0.047537  0.471324  0.692069  0.546712  -0.792936  0.603912  -0.080882  -0.386142  -0.395386  0.833405  0.013668  0.003069  0.060514  0.000000  0.000000  0.000000  1.000000  
115.765887 -0.017777  -0.009572  -0.047456  0.471514  0.692303  0.546252  -0.792884  0.603960  -0.081040  -0.386019  -0.394902  0.833692  0.013565  0.002707  0.061271  -0.196677  0.075359  0.113663  1.000000  
115.767133 -0.017766  -0.009572  -0.047389  0.471730  0.692564  0.545734  -0.792875  0.603963  -0.081102  -0.385772  -0.394441  0.834024  0.013449  0.002572  0.060838  -0.213069  0.091729  0.100231  1.000000  
115.768160 -0.017756  -0.009571  -0.047340  0.472083  0.692607  0.545374  -0.792725  0.604163  -0.081075  -0.385648  -0.394058  0.834262  0.013579  0.002664  0.059860  -0.221111  0.099882  0.082850  1.000000  
115.769378 -0.017739  -0.009571  -0.047277  0.472435  0.692782  0.544847  -0.792575  0.604344  -0.081194  -0.385525  -0.393473  0.834596  0.013685  0.002735  0.059043  -0.239169  0.115041  0.061797  1.000000  
115.770379 -0.017723  -0.009571  -0.047219  0.472625  0.693015  0.544386  -0.792522  0.604392  -0.081353  -0.385401  -0.392989  0.834881  0.013720  0.002640  0.058750  -0.251516  0.123277  0.044475  1.000000  
115.771380 -0.017707  -0.009572  -0.047153  0.472978  0.693123  0.543942  -0.792372  0.604583  -0.081399  -0.385278  -0.392504  0.835166  0.013769  0.002355  0.059263  -0.261670  0.134438  0.028834  1.000000  
115.772627 -0.017688  -0.009571  -0.047063  0.473330  0.693363  0.543329  -0.792221  0.604754  -0.081593  -0.385154  -0.391817  0.835545  0.013803  0.001691  0.061239  -0.279387  0.149350  0.007822  1.000000  
115.773632 -0.017676  -0.009570  -0.046987  0.473493  0.693567  0.542926  -0.792124  0.604848  -0.081848  -0.385154  -0.391310  0.835783  0.013802  0.000771  0.063715  -0.294017  0.158772  -0.009455  1.000000  
115.774880 -0.017662  -0.009566  -0.046887  0.474009  0.693681  0.542330  -0.791875  0.605162  -0.081930  -0.385031  -0.390622  0.836161  0.013553  0.000232  0.065966  -0.310669  0.175037  -0.036122  1.000000  
115.775883 -0.017650  -0.009562  -0.046804  0.474361  0.693853  0.541801  -0.791724  0.605343  -0.082052  -0.384907  -0.390035  0.836492  0.013470  -0.000088  0.067419  -0.327426  0.183398  -0.053424  1.000000  
115.777130 -0.017631  -0.009558  -0.046700  0.474714  0.694222  0.541020  -0.791573  0.605494  -0.082394  -0.384784  -0.389143  0.836964  0.013406  0.000126  0.068376  -0.356904  0.198029  -0.074445  1.000000  
115.778131 -0.017615  -0.009556  -0.046620  0.474903  0.694583  0.540390  -0.791520  0.605522  -0.082700  -0.384660  -0.388454  0.837341  0.013300  0.000468  0.068686  -0.383902  0.203375  -0.085958  1.000000  
115.779132 -0.017599  -0.009553  -0.046545  0.475256  0.694885  0.539692  -0.791368  0.605684  -0.082970  -0.384537  -0.387663  0.837764  0.013195  0.000931  0.068596  -0.409029  0.215915  -0.109871  1.000000  
115.780148 -0.017585  -0.009548  -0.046473  0.475608  0.695120  0.539078  -0.791216  0.605855  -0.083166  -0.384413  -0.386973  0.838140  0.013343  0.001549  0.068686  -0.433461  0.223943  -0.127225  1.000000  
115.781379 -0.017569  -0.009539  -0.046386  0.475987  0.695512  0.538238  -0.791109  0.605961  -0.083413  -0.384166  -0.386101  0.838655  0.013586  0.002194  0.069502  -0.458502  0.234226  -0.141638  1.000000  
115.782387 -0.017557  -0.009531  -0.046316  0.476150  0.695844  0.537664  -0.791011  0.606034  -0.083817  -0.384166  -0.385389  0.838982  0.013892  0.002731  0.071185  -0.485501  0.233390  -0.158294  1.000000  
115.783637 -0.017540  -0.009524  -0.046221  0.476339  0.696267  0.536948  -0.790957  0.606051  -0.084198  -0.384043  -0.384596  0.839403  0.013960  0.003153  0.073002  -0.511350  0.231923  -0.166108  1.000000  
115.784912 -0.017521  -0.009521  -0.046113  0.476528  0.696624  0.536316  -0.790903  0.606079  -0.084506  -0.383919  -0.383905  0.839776  0.013966  0.003370  0.075831  -0.527278  0.231649  -0.166132  1.000000  
115.786132 -0.017499  -0.009519  -0.045998  0.476880  0.696921  0.535617  -0.790750  0.606240  -0.084777  -0.383796  -0.383111  0.840195  0.014104  0.003580  0.078322  -0.541077  0.228512  -0.172725  1.000000  
115.787133 -0.017482  -0.009516  -0.045906  0.477070  0.697148  0.535154  -0.790696  0.606288  -0.084939  -0.383672  -0.382622  0.840474  0.014214  0.003760  0.079719  -0.542913  0.233001  -0.180090  1.000000  
115.788383 -0.017462  -0.009507  -0.045803  0.477259  0.697503  0.534521  -0.790642  0.606316  -0.085247  -0.383549  -0.381930  0.840845  0.014502  0.004204  0.080495  -0.551080  0.228787  -0.182166  1.000000  
115.789630 -0.017444  -0.009495  -0.045709  0.477448  0.697859  0.533888  -0.790587  0.606343  -0.085556  -0.383425  -0.381237  0.841216  0.014742  0.004823  0.079840  -0.561429  0.224149  -0.175114  1.000000  
115.790631 -0.017430  -0.009485  -0.045640  0.477611  0.698122  0.533398  -0.790489  0.606424  -0.085887  -0.383425  -0.380625  0.841493  0.014904  0.005279  0.078940  -0.570188  0.221818  -0.178621  1.000000  
115.791880 -0.017411  -0.009473  -0.045550  0.477827  0.698632  0.532537  -0.790479  0.606387  -0.086246  -0.383178  -0.379748  0.842001  0.014926  0.005783  0.078053  -0.585736  0.219848  -0.177337  1.000000  
115.792881 -0.017395  -0.009465  -0.045474  0.478016  0.698985  0.531903  -0.790424  0.606414  -0.086555  -0.383054  -0.379054  0.842370  0.014908  0.006204  0.077712  -0.600636  0.217111  -0.171775  1.000000  
115.793881 -0.017378  -0.009457  -0.045391  0.478232  0.699364  0.531210  -0.790413  0.606398  -0.086768  -0.382807  -0.378380  0.842785  0.014993  0.006482  0.078055  -0.608812  0.217005  -0.171965  1.000000  
115.795128 -0.017359  -0.009447  -0.045280  0.478448  0.699871  0.530348  -0.790402  0.606360  -0.087128  -0.382560  -0.377502  0.843291  0.015064  0.006744  0.079663  -0.625071  0.220931  -0.170310  1.000000  
115.796132 -0.017346  -0.009438  -0.045186  0.478501  0.700437  0.529551  -0.790490  0.606189  -0.087523  -0.382313  -0.376725  0.843751  0.015020  0.006896  0.081176  -0.645194  0.219963  -0.166112  1.000000  
115.797155 -0.017332  -0.009427  -0.045090  0.478716  0.700878  0.528772  -0.790479  0.606162  -0.087809  -0.382065  -0.375948  0.844209  0.015204  0.007041  0.082968  -0.663718  0.221109  -0.158489  1.000000  
115.798389 -0.017313  -0.009412  -0.044970  0.478958  0.701408  0.527850  -0.790511  0.606082  -0.088072  -0.381694  -0.375088  0.844759  0.015364  0.007571  0.084776  -0.681808  0.224859  -0.148052  1.000000  
115.799638 -0.017291  -0.009397  -0.044852  0.479363  0.701876  0.526859  -0.790445  0.606135  -0.088300  -0.381323  -0.374125  0.845354  0.015581  0.008428  0.085645  -0.699341  0.230533  -0.147582  1.000000  
115.800886 -0.017269  -0.009381  -0.044738  0.479605  0.702468  0.525849  -0.790477  0.606044  -0.088636  -0.380952  -0.373161  0.845947  0.015605  0.009348  0.085405  -0.711697  0.238597  -0.144128  1.000000  
115.802131 -0.017247  -0.009364  -0.044630  0.479847  0.702994  0.524924  -0.790509  0.605964  -0.088899  -0.380581  -0.372299  0.846494  0.015633  0.010139  0.085053  -0.724782  0.242047  -0.133720  1.000000  
115.803133 -0.017230  -0.009348  -0.044551  0.480063  0.703430  0.524143  -0.790497  0.605937  -0.089186  -0.380334  -0.371519  0.846948  0.015710  0.010781  0.084884  -0.738599  0.249844  -0.125705  1.000000  
115.804135 -0.017216  -0.009334  -0.044472  0.480278  0.703802  0.523446  -0.790485  0.605921  -0.089399  -0.380086  -0.370840  0.847356  0.015683  0.011132  0.085092  -0.744267  0.250842  -0.118053  1.000000  
115.805382 -0.017201  -0.009318  -0.044372  0.480683  0.704200  0.522538  -0.790418  0.605986  -0.089554  -0.379715  -0.369976  0.847900  0.015480  0.011308  0.085963  -0.752528  0.263054  -0.112773  1.000000  
115.806382 -0.017189  -0.009308  -0.044287  0.480925  0.704596  0.521781  -0.790449  0.605929  -0.089670  -0.379343  -0.369317  0.848354  0.015297  0.011379  0.086876  -0.755236  0.268547  -0.103495  1.000000  
115.807383 -0.017176  -0.009300  -0.044194  0.481330  0.704866  0.521042  -0.790381  0.606016  -0.089679  -0.378972  -0.368657  0.848806  0.015082  0.011281  0.088083  -0.752610  0.279279  -0.105886  1.000000  
115.808629 -0.017161  -0.009293  -0.044071  0.481571  0.705324  0.520199  -0.790412  0.605948  -0.089869  -0.378600  -0.367893  0.849303  0.014796  0.011084  0.089409  -0.753249  0.282484  -0.095866  1.000000  
115.809631 -0.017148  -0.009286  -0.043972  0.482002  0.705681  0.519315  -0.790386  0.605983  -0.089855  -0.378105  -0.367149  0.849846  0.014555  0.011040  0.090193  -0.753536  0.290629  -0.092556  1.000000  
115.810878 -0.017133  -0.009275  -0.043853  0.482433  0.706100  0.518345  -0.790360  0.606008  -0.089914  -0.377610  -0.366301  0.850432  0.014417  0.011034  0.090685  -0.753383  0.302676  -0.087424  1.000000  
115.811880 -0.017122  -0.009263  -0.043763  0.482675  0.706554  0.517500  -0.790390  0.605941  -0.090104  -0.377238  -0.365536  0.850926  0.014261  0.011132  0.090131  -0.757551  0.310787  -0.084103  1.000000  
115.812885 -0.017110  -0.009248  -0.043678  0.483079  0.706946  0.516587  -0.790321  0.606008  -0.090261  -0.376866  -0.364666  0.851464  0.014090  0.011338  0.089228  -0.767912  0.321487  -0.081492  1.000000  
115.813886 -0.017096  -0.009231  -0.043593  0.483510  0.707361  0.515615  -0.790294  0.606035  -0.090321  -0.376370  -0.363816  0.852047  0.014003  0.011734  0.088886  -0.778272  0.336652  -0.082280  1.000000  
115.814890 -0.017081  -0.009215  -0.043506  0.483940  0.707838  0.514555  -0.790266  0.606051  -0.090455  -0.375874  -0.362861  0.852673  0.013687  0.011949  0.088111  -0.790737  0.355179  -0.086298  1.000000  
115.816141 -0.017062  -0.009195  -0.043391  0.484397  0.708588  0.513092  -0.790281  0.605982  -0.090786  -0.375254  -0.361510  0.853519  0.013383  0.012132  0.088293  -0.817045  0.370039  -0.082044  1.000000  
115.817381 -0.017046  -0.009177  -0.043271  0.485016  0.709148  0.511732  -0.790195  0.606070  -0.090938  -0.374634  -0.360261  0.854319  0.013046  0.012157  0.089440  -0.839270  0.393262  -0.079393  1.000000  
115.818631 -0.017034  -0.009160  -0.043145  0.485635  0.709705  0.510370  -0.790109  0.606160  -0.091091  -0.374014  -0.359011  0.855117  0.012557  0.012000  0.091291  -0.858592  0.414799  -0.084445  1.000000  
115.819634 -0.017025  -0.009147  -0.043043  0.486228  0.710111  0.509239  -0.789979  0.606313  -0.091195  -0.373517  -0.357947  0.855780  0.012296  0.011946  0.092830  -0.873595  0.432100  -0.091239  1.000000  
115.820880 -0.017015  -0.009131  -0.042917  0.486847  0.710726  0.507789  -0.789891  0.606394  -0.091423  -0.372897  -0.356589  0.856617  0.011996  0.012064  0.094217  -0.890482  0.456235  -0.102343  1.000000  
115.821880 -0.017008  -0.009120  -0.042817  0.487276  0.711191  0.506723  -0.789861  0.606413  -0.091560  -0.372400  -0.355626  0.857233  0.011696  0.012241  0.094960  -0.904213  0.471050  -0.103336  1.000000  
115.822880 -0.017000  -0.009110  -0.042720  0.487869  0.711592  0.505590  -0.789729  0.606569  -0.091666  -0.371903  -0.354558  0.857891  0.011318  0.012590  0.094994  -0.911860  0.484383  -0.109367  1.000000  
115.824136 -0.016988  -0.009097  -0.042606  0.488650  0.711952  0.504327  -0.789538  0.606820  -0.091645  -0.371282  -0.353403  0.858636  0.011117  0.012941  0.094263  -0.915809  0.504117  -0.125124  1.000000  
115.825380 -0.016976  -0.009082  -0.042496  0.489431  0.712310  0.503063  -0.789347  0.607072  -0.091625  -0.370661  -0.352247  0.859379  0.010896  0.013294  0.093523  -0.920547  0.524055  -0.138213  1.000000  
115.826381 -0.016966  -0.009068  -0.042413  0.489834  0.712805  0.501968  -0.789271  0.607123  -0.091935  -0.370288  -0.351157  0.859986  0.010754  0.013452  0.093018  -0.930647  0.530291  -0.139981  1.000000  
115.827382 -0.016957  -0.009054  -0.042329  0.490426  0.713137  0.500917  -0.789137  0.607293  -0.091970  -0.369791  -0.350188  0.860595  0.010578  0.013449  0.092897  -0.933465  0.543788  -0.151913  1.000000  
115.828632 -0.016944  -0.009036  -0.042220  0.491206  0.713549  0.499564  -0.788943  0.607536  -0.092027  -0.369169  -0.348923  0.861375  0.010271  0.013246  0.093155  -0.942351  0.558855  -0.163700  1.000000  
115.829645 -0.016933  -0.009022  -0.042125  0.491772  0.713913  0.498486  -0.788765  0.607736  -0.092236  -0.368796  -0.347829  0.861977  0.009992  0.013053  0.093648  -0.948750  0.568029  -0.177565  1.000000  
115.830886 -0.016920  -0.009007  -0.041998  0.492415  0.714591  0.496877  -0.788712  0.607772  -0.092447  -0.368050  -0.346370  0.862883  0.009598  0.012769  0.094465  -0.964292  0.585274  -0.185125  1.000000  
115.831887 -0.016910  -0.008995  -0.041894  0.493007  0.715036  0.495649  -0.788574  0.607922  -0.092634  -0.367552  -0.345187  0.863569  0.009419  0.012577  0.094936  -0.979779  0.594260  -0.195981  1.000000  
115.833137 -0.016900  -0.008979  -0.041767  0.493786  0.715558  0.494117  -0.788376  0.608147  -0.092842  -0.366930  -0.343706  0.864424  0.009237  0.012514  0.095248  -0.995033  0.611298  -0.203567  1.000000  
115.834383 -0.016891  -0.008960  -0.041647  0.494566  0.716136  0.492497  -0.788177  0.608362  -0.093126  -0.366308  -0.342118  0.865317  0.009135  0.012655  0.094668  -1.016327  0.626897  -0.218962  1.000000  
115.835630 -0.016883  -0.008940  -0.041532  0.495371  0.716735  0.490814  -0.788018  0.608539  -0.093314  -0.365560  -0.340545  0.866253  0.008956  0.013000  0.093886  -1.044157  0.639897  -0.228424  1.000000  
115.836878 -0.016874  -0.008919  -0.041419  0.496176  0.717390  0.489041  -0.787858  0.608706  -0.093576  -0.364813  -0.338865  0.867227  0.008897  0.013410  0.093191  -1.068562  0.658112  -0.238417  1.000000  
115.837880 -0.016866  -0.008902  -0.041327  0.496955  0.717838  0.487590  -0.787656  0.608946  -0.093717  -0.364190  -0.337480  0.868028  0.008957  0.013867  0.092876  -1.093215  0.672485  -0.251662  1.000000  
115.838928 -0.016856  -0.008886  -0.041233  0.497571  0.718409  0.486119  -0.787554  0.609040  -0.093959  -0.363567  -0.336093  0.868827  0.008905  0.014241  0.092815  -1.114827  0.684139  -0.260622  1.000000  
115.840141 -0.016844  -0.008867  -0.041111  0.498401  0.719134  0.484192  -0.787432  0.609161  -0.094202  -0.362694  -0.334318  0.869876  0.008911  0.014516  0.093833  -1.144063  0.701945  -0.269059  1.000000  
115.841382 -0.016832  -0.008848  -0.040986  0.499206  0.719773  0.482412  -0.787267  0.609333  -0.094470  -0.361946  -0.332627  0.870835  0.008909  0.014728  0.095296  -1.172359  0.715021  -0.278936  1.000000  
115.842382 -0.016822  -0.008832  -0.040886  0.499821  0.720333  0.480935  -0.787162  0.609430  -0.094715  -0.361322  -0.331234  0.871625  0.009000  0.014767  0.096177  -1.186101  0.721803  -0.286102  1.000000  
115.843629 -0.016810  -0.008815  -0.040762  0.500651  0.721045  0.479002  -0.787036  0.609555  -0.094961  -0.360449  -0.329449  0.872662  0.008935  0.014746  0.097210  -1.209789  0.738565  -0.294376  1.000000  
115.844881 -0.016798  -0.008797  -0.040639  0.501480  0.721694  0.477153  -0.786908  0.609693  -0.095134  -0.359575  -0.327768  0.873656  0.008803  0.014784  0.097353  -1.228239  0.748960  -0.298526  1.000000  
115.845918 -0.016787  -0.008783  -0.040544  0.502121  0.722210  0.475696  -0.786841  0.609768  -0.095210  -0.358826  -0.326490  0.874442  0.008837  0.014904  0.096629  -1.230717  0.760371  -0.306333  1.000000  
115.847137 -0.016774  -0.008766  -0.040430  0.502788  0.723034  0.473737  -0.786813  0.609749  -0.095558  -0.357952  -0.324697  0.875467  0.008906  0.015055  0.095877  -1.252573  0.768854  -0.304873  1.000000  
115.848143 -0.016764  -0.008751  -0.040344  0.503428  0.723658  0.472101  -0.786745  0.609802  -0.095782  -0.357202  -0.323203  0.876326  0.009035  0.015188  0.094765  -1.272964  0.776589  -0.302792  1.000000  
115.849386 -0.016754  -0.008733  -0.040237  0.504256  0.724347  0.470156  -0.786611  0.609935  -0.096035  -0.356327  -0.321404  0.877343  0.009134  0.015166  0.093950  -1.287704  0.787099  -0.307301  1.000000  
115.850387 -0.016747  -0.008718  -0.040149  0.504922  0.724987  0.468453  -0.786580  0.609955  -0.096162  -0.355452  -0.319921  0.878239  0.009223  0.014995  0.093737  -1.298675  0.802696  -0.311932  1.000000  
115.851633 -0.016737  -0.008700  -0.040031  0.505775  0.725746  0.466352  -0.786483  0.610043  -0.096392  -0.354451  -0.318025  0.879332  0.009331  0.014841  0.094031  -1.324276  0.815917  -0.312646  1.000000  
115.852883 -0.016725  -0.008682  -0.039905  0.506653  0.726579  0.464096  -0.786425  0.610086  -0.096598  -0.353325  -0.316035  0.880502  0.009350  0.014645  0.094824  -1.353507  0.832244  -0.308040  1.000000  
115.854131 -0.016713  -0.008665  -0.039773  0.507531  0.727405  0.461837  -0.786364  0.610131  -0.096805  -0.352198  -0.314041  0.881666  0.009440  0.014531  0.095835  -1.380938  0.848098  -0.305204  1.000000  
115.855395 -0.016699  -0.008646  -0.039641  0.508570  0.728155  0.459507  -0.786197  0.610317  -0.096993  -0.351071  -0.311935  0.882862  0.009540  0.014433  0.096217  -1.414050  0.868897  -0.310847  1.000000  
115.856630 -0.016685  -0.008626  -0.039512  0.509583  0.728820  0.457325  -0.785988  0.610552  -0.097208  -0.350068  -0.309917  0.883971  0.009627  0.014541  0.096516  -1.441353  0.887931  -0.312598  1.000000  
115.857880 -0.016672  -0.008605  -0.039391  0.510460  0.729681  0.454968  -0.785921  0.610592  -0.097494  -0.348940  -0.307802  0.885155  0.009746  0.014706  0.096365  -1.476322  0.906617  -0.314328  1.000000  
115.859135 -0.016658  -0.008584  -0.039274  0.511523  0.730432  0.452563  -0.785786  0.610751  -0.097589  -0.347686  -0.305698  0.886376  0.009810  0.014962  0.095895  -1.503710  0.934041  -0.313214  1.000000  
115.860136 -0.016647  -0.008569  -0.039181  0.512347  0.730962  0.450772  -0.785637  0.610924  -0.097707  -0.346807  -0.304083  0.887276  0.009837  0.015028  0.095611  -1.516953  0.947822  -0.316097  1.000000  
115.861382 -0.016634  -0.008552  -0.039063  0.513409  0.731700  0.448360  -0.785497  0.611089  -0.097806  -0.345552  -0.301971  0.888486  0.009827  0.014969  0.095679  -1.536566  0.964836  -0.319890  1.000000  
115.862644 -0.016623  -0.008537  -0.038944  0.514470  0.732376  0.446034  -0.785354  0.611268  -0.097833  -0.344296  -0.299962  0.889653  0.009776  0.014744  0.096309  -1.555343  0.991083  -0.324828  1.000000  
115.863884 -0.016613  -0.008524  -0.038821  0.515369  0.733225  0.443594  -0.785314  0.611287  -0.098027  -0.343040  -0.297841  0.890850  0.009711  0.014400  0.097246  -1.576783  1.011828  -0.319666  1.000000  
115.864884 -0.016606  -0.008515  -0.038724  0.516242  0.733830  0.441573  -0.785234  0.611390  -0.098026  -0.341908  -0.296133  0.891854  0.009653  0.014045  0.097945  -1.595322  1.034717  -0.320073  1.000000  
115.866138 -0.016597  -0.008503  -0.038600  0.517301  0.734486  0.439237  -0.785084  0.611578  -0.098059  -0.340651  -0.294112  0.893004  0.009639  0.013558  0.098616  -1.603615  1.050630  -0.316501  1.000000  
115.867395 -0.016587  -0.008491  -0.038477  0.518360  0.735188  0.436808  -0.784930  0.611758  -0.098168  -0.339392  -0.291977  0.894182  0.009538  0.013224  0.098517  -1.617895  1.064660  -0.320678  1.000000  
115.868630 -0.016575  -0.008478  -0.038356  0.519256  0.735956  0.434444  -0.784881  0.611800  -0.098295  -0.338134  -0.289947  0.895319  0.009454  0.012933  0.097894  -1.634357  1.083316  -0.317990  1.000000  
115.869876 -0.016563  -0.008463  -0.038239  0.520500  0.736538  0.431962  -0.784653  0.612105  -0.098219  -0.336748  -0.287817  0.896528  0.009424  0.012715  0.096994  -1.640180  1.099575  -0.328192  1.000000  
115.871131 -0.016552  -0.008446  -0.038125  0.521581  0.737187  0.429545  -0.784529  0.612274  -0.098161  -0.335362  -0.285791  0.897695  0.009287  0.012575  0.095966  -1.650536  1.124961  -0.328021  1.000000  
115.872137 -0.016542  -0.008432  -0.038033  0.522637  0.737651  0.427459  -0.784364  0.612513  -0.097982  -0.334101  -0.284074  0.898709  0.009135  0.012290  0.095255  -1.658305  1.149706  -0.335184  1.000000  
115.873147 -0.016535  -0.008419  -0.037939  0.523506  0.738267  0.425328  -0.784268  0.612623  -0.098068  -0.332966  -0.282232  0.899710  0.008899  0.011991  0.095158  -1.672086  1.163443  -0.339222  1.000000  
115.874378 -0.016525  -0.008404  -0.037816  0.524609  0.739019  0.422655  -0.784172  0.612746  -0.098064  -0.331452  -0.279988  0.900970  0.008669  0.011707  0.095643  -1.688864  1.188455  -0.341718  1.000000  
115.875382 -0.016519  -0.008394  -0.037711  0.525638  0.739444  0.420627  -0.783962  0.613026  -0.097992  -0.330315  -0.278247  0.901926  0.008322  0.011343  0.096475  -1.699999  1.207421  -0.350282  1.000000  
115.876626 -0.016510  -0.008383  -0.037578  0.526715  0.740109  0.418103  -0.783823  0.613199  -0.098019  -0.328926  -0.276091  0.903096  0.008080  0.011041  0.097482  -1.711820  1.223118  -0.355583  1.000000  
115.877626 -0.016504  -0.008373  -0.037471  0.527743  0.740573  0.415980  -0.783609  0.613472  -0.098026  -0.327788  -0.274233  0.904075  0.007893  0.010955  0.098286  -1.718937  1.238547  -0.366030  1.000000  
115.878631 -0.016499  -0.008363  -0.037367  0.528794  0.740951  0.413967  -0.783428  0.613741  -0.097787  -0.326524  -0.272604  0.905024  0.007747  0.010909  0.098610  -1.722853  1.258792  -0.375083  1.000000  
115.879634 -0.016494  -0.008353  -0.037265  0.529844  0.741374  0.411861  -0.783244  0.614002  -0.097624  -0.325259  -0.270862  0.906002  0.007593  0.010948  0.098863  -1.725276  1.281207  -0.390820  1.000000  
115.880634 -0.016489  -0.008342  -0.037167  0.530894  0.741742  0.409842  -0.783058  0.614277  -0.097388  -0.323993  -0.269227  0.906943  0.007481  0.011100  0.098796  -1.733984  1.300286  -0.396734  1.000000  
115.881886 -0.016481  -0.008327  -0.037048  0.531991  0.742392  0.407234  -0.782940  0.614436  -0.097327  -0.322474  -0.267062  0.908123  0.007347  0.011285  0.098472  -1.732196  1.319892  -0.404334  1.000000  
115.883138 -0.016472  -0.008312  -0.036929  0.533273  0.742927  0.404573  -0.782745  0.614723  -0.097084  -0.320827  -0.264905  0.909338  0.007257  0.011388  0.098324  -1.734677  1.337806  -0.408565  1.000000  
115.884169 -0.016464  -0.008300  -0.036833  0.534159  0.743403  0.402525  -0.782659  0.614855  -0.096939  -0.319559  -0.263259  0.910262  0.006999  0.011383  0.098170  -1.731283  1.346094  -0.414449  1.000000  
115.885381 -0.016456  -0.008286  -0.036710  0.535439  0.743826  0.400036  -0.782457  0.615174  -0.096553  -0.317911  -0.261313  0.911399  0.006806  0.011262  0.099012  -1.724788  1.366159  -0.419264  1.000000  
115.886628 -0.016449  -0.008273  -0.036581  0.536741  0.744308  0.397385  -0.782284  0.615457  -0.096144  -0.316134  -0.259263  0.912602  0.006519  0.011009  0.099947  -1.722964  1.392159  -0.420888  1.000000  
115.887876 -0.016442  -0.008259  -0.036449  0.537904  0.744929  0.394639  -0.782253  0.615564  -0.095719  -0.314230  -0.257220  0.913837  0.006280  0.010842  0.101183  -1.718050  1.418800  -0.422971  1.000000  
115.889131 -0.016436  -0.008246  -0.036313  0.539042  0.745474  0.392049  -0.782182  0.615715  -0.095322  -0.312451  -0.255271  0.914992  0.006108  0.010732  0.101837  -1.711305  1.434957  -0.421554  1.000000  
115.890131 -0.016431  -0.008236  -0.036204  0.539970  0.745957  0.389846  -0.782149  0.615808  -0.094985  -0.310925  -0.253628  0.915968  0.005966  0.010706  0.102266  -1.712402  1.455596  -0.418110  1.000000  
115.891376 -0.016423  -0.008221  -0.036068  0.541129  0.746554  0.387087  -0.782105  0.615930  -0.094566  -0.309017  -0.251570  0.917181  0.005898  0.010917  0.102518  -1.709806  1.476077  -0.415666  1.000000  
115.892379 -0.016417  -0.008208  -0.035960  0.542055  0.747025  0.384877  -0.782066  0.616030  -0.094232  -0.307490  -0.249920  0.918145  0.005943  0.011194  0.102427  -1.711855  1.494826  -0.414056  1.000000  
115.893626 -0.016409  -0.008191  -0.035827  0.543234  0.747671  0.381948  -0.782046  0.616123  -0.093791  -0.305452  -0.247751  0.919412  0.005984  0.011520  0.102686  -1.710132  1.519050  -0.416462  1.000000  
115.894878 -0.016400  -0.008171  -0.035692  0.544434  0.748281  0.379035  -0.782055  0.616205  -0.093176  -0.303285  -0.245698  0.920679  0.006168  0.011920  0.103329  -1.707652  1.543813  -0.413084  1.000000  
115.895898 -0.016393  -0.008156  -0.035581  0.545241  0.748850  0.376744  -0.782183  0.616122  -0.092648  -0.301500  -0.244168  0.921672  0.006222  0.012178  0.104153  -1.706436  1.568650  -0.402380  1.000000  
115.897146 -0.016384  -0.008137  -0.035439  0.546460  0.749461  0.373751  -0.782214  0.616189  -0.091935  -0.299203  -0.242115  0.922962  0.006302  0.012456  0.105692  -1.704431  1.602796  -0.396760  1.000000  
115.898384 -0.016375  -0.008119  -0.035291  0.547493  0.750171  0.370803  -0.782320  0.616135  -0.091401  -0.297031  -0.240045  0.924203  0.006350  0.012719  0.107851  -1.705795  1.632075  -0.392296  1.000000  
115.899386 -0.016367  -0.008105  -0.035170  0.548478  0.750612  0.368448  -0.782355  0.616194  -0.090698  -0.295114  -0.238512  0.925213  0.006336  0.012842  0.109384  -1.698558  1.656952  -0.388299  1.000000  
115.900394 -0.016360  -0.008092  -0.035050  0.549323  0.751192  0.366000  -0.782531  0.616076  -0.089970  -0.293068  -0.236984  0.926256  0.006368  0.012984  0.110683  -1.699733  1.682491  -0.370439  1.000000  
115.901649 -0.016353  -0.008076  -0.034901  0.550394  0.751869  0.362987  -0.782686  0.615998  -0.089161  -0.290637  -0.235031  0.927519  0.006386  0.013145  0.111969  -1.695061  1.714199  -0.358811  1.000000  
115.902877 -0.016345  -0.008059  -0.034755  0.551601  0.752393  0.360058  -0.782689  0.616106  -0.088381  -0.288332  -0.233062  0.928734  0.006475  0.013428  0.113076  -1.689127  1.740203  -0.350466  1.000000  
115.904133 -0.016338  -0.008042  -0.034611  0.552666  0.753052  0.357034  -0.782830  0.616041  -0.087575  -0.285896  -0.231097  0.929977  0.006543  0.013624  0.113473  -1.679266  1.766540  -0.340210  1.000000  
115.905376 -0.016331  -0.008026  -0.034466  0.553911  0.753506  0.354133  -0.782883  0.616134  -0.086446  -0.283331  -0.229361  0.931191  0.006596  0.013798  0.113976  -1.667434  1.799218  -0.328498  1.000000  
115.906626 -0.016324  -0.008009  -0.034321  0.555014  0.754097  0.351136  -0.783073  0.616054  -0.085289  -0.280635  -0.227629  0.932432  0.006517  0.013937  0.114655  -1.652472  1.842620  -0.307881  1.000000  
115.907626 -0.016319  -0.007997  -0.034201  0.556005  0.754465  0.348770  -0.783104  0.616135  -0.084418  -0.278580  -0.226186  0.933399  0.006407  0.013842  0.115698  -1.641947  1.867434  -0.304454  1.000000  
115.908876 -0.016313  -0.007980  -0.034046  0.557241  0.754896  0.345852  -0.783135  0.616247  -0.083294  -0.276009  -0.224434  0.934585  0.006277  0.013750  0.117204  -1.633688  1.895418  -0.294729  1.000000  
115.909876 -0.016309  -0.007967  -0.033919  0.558249  0.755228  0.343496  -0.783186  0.616324  -0.082250  -0.273822  -0.223105  0.935546  0.006080  0.013619  0.118270  -1.621960  1.929005  -0.283205  1.000000  
115.910876 -0.016306  -0.007955  -0.033787  0.559415  0.755427  0.341152  -0.783115  0.616561  -0.081136  -0.271634  -0.221772  0.936500  0.005855  0.013423  0.119780  -1.610567  1.958028  -0.278871  1.000000  
115.912144 -0.016300  -0.007939  -0.033620  0.560663  0.755853  0.338145  -0.783157  0.616668  -0.079917  -0.268928  -0.220014  0.937695  0.005588  0.013210  0.121278  -1.596238  1.990721  -0.268086  1.000000  
115.913148 -0.016297  -0.007926  -0.033486  0.561803  0.756064  0.335773  -0.783045  0.616929  -0.078985  -0.266866  -0.218552  0.938625  0.005241  0.013049  0.122250  -1.583243  2.018007  -0.271790  1.000000  
115.914386 -0.016294  -0.007911  -0.033320  0.563206  0.756308  0.332863  -0.782956  0.617215  -0.077626  -0.264157  -0.216897  0.939775  0.004875  0.012970  0.123321  -1.569052  2.052829  -0.267757  1.000000  
115.915638 -0.016292  -0.007895  -0.033157  0.564625  0.756600  0.329780  -0.782887  0.617475  -0.076244  -0.261317  -0.215131  0.940974  0.004424  0.012922  0.124208  -1.560534  2.093005  -0.269093  1.000000  
115.916883 -0.016290  -0.007879  -0.032994  0.566020  0.756787  0.326948  -0.782781  0.617784  -0.074817  -0.258604  -0.213581  0.942076  0.003999  0.012850  0.125303  -1.542504  2.123786  -0.266396  1.000000  
115.918128 -0.016291  -0.007864  -0.032830  0.567249  0.757094  0.324094  -0.782783  0.617943  -0.073461  -0.255888  -0.212025  0.943168  0.003523  0.012763  0.126403  -1.529685  2.151079  -0.264005  1.000000  
115.919131 -0.016291  -0.007853  -0.032697  0.568395  0.757171  0.321898  -0.782668  0.618236  -0.072216  -0.253689  -0.210892  0.944016  0.003121  0.012646  0.127611  -1.506931  2.176617  -0.268492  1.000000  
115.920133 -0.016293  -0.007843  -0.032559  0.569539  0.757244  0.319699  -0.782547  0.618533  -0.070973  -0.251488  -0.209757  0.944857  0.002573  0.012409  0.129255  -1.486170  2.199757  -0.273514  1.000000  
115.921154 -0.016294  -0.007834  -0.032420  0.570499  0.757385  0.317646  -0.782511  0.618709  -0.069825  -0.249416  -0.208726  0.945635  0.002116  0.012121  0.130587  -1.462093  2.215201  -0.272881  1.000000  
115.922378 -0.016297  -0.007823  -0.032243  0.571818  0.757377  0.315286  -0.782288  0.619140  -0.068495  -0.247083  -0.207478  0.946522  0.001499  0.011808  0.132706  -1.432931  2.227678  -0.281485  1.000000  
115.923626 -0.016301  -0.007812  -0.032066  0.573011  0.757523  0.312757  -0.782230  0.619374  -0.067028  -0.244489  -0.206240  0.947465  0.000828  0.011427  0.134237  -1.398450  2.244517  -0.282260  1.000000  
115.924626 -0.016304  -0.007802  -0.031925  0.574067  0.757437  0.311023  -0.781981  0.619792  -0.066054  -0.242802  -0.205295  0.948104  0.000386  0.011196  0.135016  -1.367064  2.245576  -0.293296  1.000000  
115.925642 -0.016308  -0.007793  -0.031785  0.575036  0.757504  0.309065  -0.781951  0.619977  -0.064662  -0.240595  -0.204491  0.948840  -0.000149  0.010973  0.135610  -1.338562  2.260332  -0.300273  1.000000  
115.926876 -0.016313  -0.007780  -0.031611  0.576202  0.757546  0.306781  -0.781848  0.620262  -0.063154  -0.238126  -0.203467  0.949683  -0.000747  0.010806  0.136227  -1.299366  2.264907  -0.303269  1.000000  
115.928140 -0.016318  -0.007768  -0.031434  0.577222  0.757729  0.304404  -0.781884  0.620373  -0.061608  -0.235526  -0.202447  0.950549  -0.001361  0.010551  0.136849  -1.260556  2.276031  -0.305335  1.000000  
115.929392 -0.016323  -0.007754  -0.031256  0.578276  0.757939  0.301871  -0.781962  0.620445  -0.059860  -0.232665  -0.201437  0.951468  -0.002017  0.010368  0.137611  -1.225929  2.288390  -0.306813  1.000000  
