1-Time 2-Px 3-Py 4-Pz 5-R11 6-R21 7-R31 8-R12 9-R22 10-R32 11-R13 12-R23 13-R33 14-Vx 15-Vy 16-Vz 17-Wx 18-Wy 19-Wz 20-state
56.461357 0.030603  -0.020234  -0.005854  0.395768  0.897927  0.192602  -0.703887  0.161894  0.691617  0.589840  -0.409289  0.696111  -0.000529  -0.000106  -0.000319  0.000000  0.000000  0.000000  1.000000  
56.462413 0.030603  -0.020234  -0.005854  0.395768  0.897927  0.192602  -0.703887  0.161894  0.691617  0.589840  -0.409289  0.696111  0.000000  0.000000  0.000000  0.000000  0.000000  0.000000  1.000000  
56.463415 0.030595  -0.020234  -0.005852  0.395768  0.897927  0.192602  -0.703887  0.161894  0.691617  0.589840  -0.409289  0.696111  -0.004928  0.000172  0.001539  0.000000  0.000000  0.000000  1.000000  
56.464658 0.030579  -0.020231  -0.005843  0.395768  0.897950  0.192493  -0.703887  0.161978  0.691597  0.589840  -0.409205  0.696161  -0.007993  0.001043  0.003860  0.000000  0.000000  0.000000  1.000000  
56.465907 0.030566  -0.020229  -0.005836  0.395768  0.897950  0.192493  -0.703887  0.161978  0.691597  0.589840  -0.409205  0.696161  -0.008755  0.001402  0.004396  0.000000  0.000000  0.000000  1.000000  
56.466907 0.030557  -0.020226  -0.005832  0.395768  0.897974  0.192384  -0.703887  0.162062  0.691577  0.589840  -0.409120  0.696211  -0.008814  0.001675  0.004242  0.000000  0.000000  0.000000  1.000000  
56.467908 0.030546  -0.020221  -0.005828  0.395768  0.897974  0.192384  -0.703887  0.162062  0.691577  0.589840  -0.409120  0.696211  -0.009166  0.002171  0.004144  0.000000  0.000000  0.000000  1.000000  
56.468918 0.030530  -0.020215  -0.005826  0.395623  0.898030  0.192417  -0.703968  0.161961  0.691518  0.589840  -0.409036  0.696260  -0.010112  0.002658  0.003956  0.000000  0.000000  0.000000  1.000000  
56.470161 0.030506  -0.020206  -0.005824  0.395623  0.898030  0.192417  -0.703968  0.161961  0.691518  0.589840  -0.409036  0.696260  -0.011416  0.003338  0.003520  0.000000  0.000000  0.000000  1.000000  
56.471166 0.030488  -0.020199  -0.005822  0.395623  0.898030  0.192417  -0.703968  0.161961  0.691518  0.589840  -0.409036  0.696260  -0.012091  0.003773  0.003358  0.000000  0.000000  0.000000  1.000000  
56.472411 0.030467  -0.020189  -0.005818  0.395439  0.898090  0.192514  -0.703981  0.161728  0.691560  0.589948  -0.408996  0.696192  -0.012657  0.004239  0.003362  0.000000  0.000000  0.000000  1.000000  
56.473661 0.030448  -0.020179  -0.005813  0.395439  0.898090  0.192514  -0.703981  0.161728  0.691560  0.589948  -0.408996  0.696192  -0.012978  0.004657  0.003435  0.000000  0.000000  0.000000  1.000000  
56.474909 0.030426  -0.020167  -0.005808  0.395400  0.898094  0.192578  -0.703912  0.161597  0.691660  0.590056  -0.409040  0.696074  -0.013409  0.005087  0.003530  0.000000  0.000000  0.000000  1.000000  
56.476158 0.030399  -0.020157  -0.005802  0.395255  0.898127  0.192720  -0.703994  0.161412  0.691621  0.590056  -0.409040  0.696074  -0.014113  0.005361  0.003611  0.000000  0.000000  0.000000  1.000000  
56.477409 0.030369  -0.020147  -0.005792  0.395294  0.898100  0.192766  -0.704062  0.161459  0.691540  0.589948  -0.409080  0.696143  -0.015622  0.005847  0.004124  0.000000  0.000000  0.000000  1.000000  
56.478662 0.030339  -0.020137  -0.005784  0.395294  0.898100  0.192766  -0.704062  0.161459  0.691540  0.589948  -0.409080  0.696143  -0.016976  0.006478  0.004326  0.000000  0.000000  0.000000  1.000000  
56.479909 0.030310  -0.020125  -0.005778  0.395478  0.898040  0.192669  -0.704050  0.161692  0.691498  0.589840  -0.409120  0.696211  -0.017710  0.007037  0.004244  0.000000  0.000000  0.000000  1.000000  
56.481159 0.030282  -0.020111  -0.005775  0.395478  0.898064  0.192560  -0.704050  0.161776  0.691478  0.589840  -0.409036  0.696260  -0.018797  0.007778  0.004003  0.000000  0.000000  0.000000  1.000000  
56.482159 0.030257  -0.020099  -0.005771  0.395661  0.898003  0.192463  -0.704037  0.162008  0.691437  0.589732  -0.409076  0.696328  -0.019932  0.008446  0.003968  0.000000  0.000000  0.000000  1.000000  
56.483411 0.030225  -0.020082  -0.005766  0.395845  0.897943  0.192366  -0.704024  0.162241  0.691395  0.589624  -0.409116  0.696396  -0.020931  0.009167  0.004102  0.000000  0.000000  0.000000  1.000000  
56.484411 0.030199  -0.020068  -0.005760  0.396029  0.897883  0.192270  -0.704012  0.162474  0.691354  0.589516  -0.409156  0.696464  -0.021453  0.009598  0.004341  0.000000  0.000000  0.000000  1.000000  
56.485660 0.030170  -0.020050  -0.005750  0.396251  0.897796  0.192219  -0.704068  0.162754  0.691231  0.589300  -0.409236  0.696600  -0.021822  0.010181  0.004841  0.000000  0.000000  0.000000  1.000000  
56.486665 0.030147  -0.020034  -0.005739  0.396434  0.897735  0.192122  -0.704055  0.162986  0.691189  0.589192  -0.409276  0.696668  -0.022291  0.010810  0.005484  0.000000  0.000000  0.000000  1.000000  
56.487668 0.030124  -0.020017  -0.005727  0.396618  0.897675  0.192026  -0.704042  0.163219  0.691147  0.589083  -0.409316  0.696736  -0.022783  0.011376  0.005992  0.000000  0.000000  0.000000  1.000000  
56.488912 0.030093  -0.019994  -0.005712  0.396947  0.897557  0.191896  -0.703947  0.163552  0.691165  0.588975  -0.409440  0.696755  -0.023377  0.012156  0.006723  0.000000  0.000000  0.000000  1.000000  
56.490159 0.030059  -0.019973  -0.005698  0.397169  0.897470  0.191845  -0.704003  0.163833  0.691042  0.588759  -0.409520  0.696890  -0.024134  0.012773  0.007258  0.000000  0.000000  0.000000  1.000000  
56.491161 0.030031  -0.019958  -0.005690  0.397353  0.897409  0.191749  -0.703989  0.164065  0.691000  0.588651  -0.409560  0.696958  -0.024532  0.013405  0.007500  0.000000  0.000000  0.000000  1.000000  
56.492409 0.029996  -0.019938  -0.005680  0.397681  0.897315  0.191510  -0.703894  0.164482  0.690998  0.588543  -0.409600  0.697026  -0.024826  0.014054  0.007538  0.000000  0.000000  0.000000  1.000000  
56.493409 0.029970  -0.019921  -0.005673  0.398048  0.897193  0.191317  -0.703868  0.164947  0.690915  0.588326  -0.409680  0.697162  -0.025023  0.014670  0.007549  0.000000  0.000000  0.000000  1.000000  
56.494659 0.029936  -0.019898  -0.005667  0.398310  0.897055  0.191422  -0.703991  0.165191  0.690730  0.588002  -0.409884  0.697316  -0.025390  0.015393  0.007529  0.000000  0.000000  0.000000  1.000000  
56.495913 0.029900  -0.019875  -0.005660  0.398677  0.896933  0.191229  -0.703964  0.165656  0.690647  0.587785  -0.409963  0.697451  -0.025854  0.016002  0.007773  0.000000  0.000000  0.000000  1.000000  
56.497159 0.029865  -0.019852  -0.005651  0.398938  0.896817  0.191225  -0.704087  0.165984  0.690442  0.587460  -0.410083  0.697655  -0.026164  0.016474  0.008007  0.000000  0.000000  0.000000  1.000000  
56.498409 0.029830  -0.019827  -0.005641  0.399344  0.896644  0.191188  -0.704128  0.166413  0.690298  0.587136  -0.410287  0.697808  -0.026309  0.016966  0.008331  0.000000  0.000000  0.000000  1.000000  
56.499411 0.029802  -0.019806  -0.005631  0.399751  0.896495  0.191042  -0.704168  0.166925  0.690133  0.586811  -0.410406  0.698011  -0.026486  0.017421  0.008567  0.000000  0.000000  0.000000  1.000000  
56.500659 0.029767  -0.019779  -0.005620  0.400012  0.896356  0.191147  -0.704291  0.167169  0.689949  0.586486  -0.410611  0.698165  -0.026876  0.018020  0.008721  0.000000  0.000000  0.000000  1.000000  
56.501661 0.029738  -0.019758  -0.005611  0.400273  0.896217  0.191252  -0.704413  0.167413  0.689765  0.586160  -0.410815  0.698318  -0.027236  0.018379  0.008556  0.000000  0.000000  0.000000  1.000000  
56.502669 0.029710  -0.019737  -0.005603  0.400641  0.896093  0.191060  -0.704384  0.167878  0.689681  0.585944  -0.410894  0.698453  -0.027618  0.018620  0.008223  0.000000  0.000000  0.000000  1.000000  
56.503915 0.029675  -0.019711  -0.005595  0.400941  0.895927  0.191212  -0.704574  0.168170  0.689416  0.585510  -0.411138  0.698673  -0.027908  0.018909  0.007703  -0.085330  -0.082319  -0.223720  1.000000  
56.505162 0.029637  -0.019685  -0.005588  0.401241  0.895760  0.191364  -0.704764  0.168462  0.689150  0.585076  -0.411381  0.698893  -0.028107  0.019317  0.007330  -0.093446  -0.095999  -0.244838  1.000000  
56.506413 0.029599  -0.019659  -0.005580  0.401502  0.895644  0.191361  -0.704885  0.168790  0.688946  0.584750  -0.411501  0.699095  -0.028330  0.019755  0.007130  -0.097480  -0.104779  -0.256530  1.000000  
56.507661 0.029560  -0.019633  -0.005572  0.401763  0.895504  0.191466  -0.705007  0.169034  0.688762  0.584425  -0.411704  0.699248  -0.028708  0.020134  0.007021  -0.097415  -0.109654  -0.265936  1.000000  
56.508910 0.029524  -0.019605  -0.005562  0.402063  0.895337  0.191619  -0.705195  0.169327  0.688497  0.583990  -0.411948  0.699467  -0.028906  0.020474  0.007202  -0.096552  -0.121277  -0.277617  1.000000  
56.510159 0.029488  -0.019578  -0.005550  0.402218  0.895227  0.191804  -0.705467  0.169518  0.688172  0.583556  -0.412106  0.699736  -0.028971  0.020817  0.007619  -0.092474  -0.135616  -0.279672  1.000000  
56.511415 0.029451  -0.019549  -0.005539  0.402518  0.895083  0.191848  -0.705655  0.169894  0.687886  0.583121  -0.412265  0.700005  -0.028993  0.021199  0.007880  -0.093146  -0.145497  -0.293635  1.000000  
56.512659 0.029414  -0.019518  -0.005528  0.402818  0.894915  0.192001  -0.705843  0.170187  0.687620  0.582686  -0.412508  0.700224  -0.029172  0.021575  0.007968  -0.088287  -0.155809  -0.298082  1.000000  
56.513662 0.029385  -0.019494  -0.005520  0.402972  0.894806  0.192186  -0.706114  0.170378  0.687295  0.582251  -0.412666  0.700493  -0.029256  0.021885  0.007949  -0.084915  -0.171568  -0.302631  1.000000  
56.514662 0.029357  -0.019468  -0.005514  0.403272  0.894661  0.192231  -0.706302  0.170754  0.687009  0.581816  -0.412824  0.700761  -0.029216  0.022196  0.007630  -0.084846  -0.183154  -0.309472  1.000000  
56.515909 0.029323  -0.019436  -0.005509  0.403572  0.894517  0.192275  -0.706489  0.171131  0.686723  0.581381  -0.412982  0.701029  -0.029147  0.022520  0.007228  -0.084105  -0.193192  -0.313801  1.000000  
56.516913 0.029295  -0.019411  -0.005507  0.403872  0.894395  0.192212  -0.706676  0.171590  0.686416  0.580945  -0.413055  0.701347  -0.029154  0.022798  0.006776  -0.088137  -0.204831  -0.320776  1.000000  
56.518158 0.029259  -0.019379  -0.005505  0.404248  0.894195  0.192350  -0.706997  0.172062  0.685966  0.580291  -0.413292  0.701749  -0.029147  0.023144  0.006342  -0.083986  -0.222893  -0.324913  1.000000  
56.519166 0.029229  -0.019356  -0.005501  0.404548  0.894050  0.192395  -0.707183  0.172438  0.685680  0.579855  -0.413449  0.702017  -0.029210  0.023389  0.006149  -0.088687  -0.236286  -0.334435  1.000000  
56.520412 0.029193  -0.019325  -0.005496  0.404925  0.893849  0.192534  -0.707504  0.172910  0.685230  0.579201  -0.413685  0.702418  -0.029070  0.023672  0.006033  -0.083876  -0.256370  -0.338254  1.000000  
56.521663 0.029159  -0.019295  -0.005486  0.405447  0.893613  0.192532  -0.707740  0.173567  0.684820  0.578547  -0.413921  0.702818  -0.028744  0.023910  0.006207  -0.084480  -0.273955  -0.350218  1.000000  
56.522912 0.029125  -0.019264  -0.005477  0.405824  0.893412  0.192672  -0.708060  0.174039  0.684370  0.577892  -0.414157  0.703218  -0.028493  0.024291  0.006177  -0.084395  -0.289432  -0.359398  1.000000  
56.524159 0.029092  -0.019232  -0.005467  0.406384  0.893147  0.192718  -0.708362  0.174743  0.683878  0.577127  -0.414431  0.703684  -0.028307  0.024597  0.006091  -0.083605  -0.306240  -0.367815  1.000000  
56.525410 0.029058  -0.019199  -0.005460  0.406907  0.892933  0.192610  -0.708596  0.175483  0.683446  0.576471  -0.414581  0.704133  -0.028104  0.024886  0.005770  -0.095618  -0.318817  -0.381796  1.000000  
56.526662 0.029026  -0.019165  -0.005454  0.407360  0.892675  0.192845  -0.709047  0.176051  0.682831  0.575596  -0.414894  0.704665  -0.027806  0.025151  0.005476  -0.092235  -0.339714  -0.389248  1.000000  
56.527909 0.028994  -0.019131  -0.005447  0.407920  0.892409  0.192892  -0.709346  0.176756  0.682338  0.574830  -0.415167  0.705129  -0.027453  0.025430  0.005154  -0.099408  -0.353243  -0.402243  1.000000  
56.528912 0.028969  -0.019103  -0.005443  0.408334  0.892202  0.192973  -0.709728  0.177359  0.681784  0.574063  -0.415354  0.705643  -0.027317  0.025601  0.005026  -0.100180  -0.374519  -0.409894  1.000000  
56.530158 0.028937  -0.019068  -0.005438  0.408971  0.891903  0.193009  -0.710159  0.178243  0.681105  0.573077  -0.415619  0.706289  -0.027083  0.025853  0.004877  -0.107325  -0.398310  -0.422432  1.000000  
56.531159 0.028910  -0.019040  -0.005434  0.409570  0.891607  0.193106  -0.710521  0.178996  0.680529  0.572200  -0.415930  0.706817  -0.027043  0.026003  0.005039  -0.111184  -0.414661  -0.438645  1.000000  
56.532159 0.028882  -0.019012  -0.005428  0.409984  0.891399  0.193188  -0.710901  0.179599  0.679974  0.571431  -0.416116  0.707329  -0.027047  0.026147  0.005332  -0.119176  -0.430064  -0.447828  1.000000  
56.533159 0.028853  -0.018985  -0.005421  0.410582  0.891102  0.193287  -0.711261  0.180352  0.679397  0.570552  -0.416426  0.707856  -0.027028  0.026339  0.005596  -0.127055  -0.446338  -0.464029  1.000000  
56.534411 0.028816  -0.018951  -0.005412  0.411256  0.890772  0.193373  -0.711752  0.181284  0.678634  0.569453  -0.416726  0.708564  -0.027062  0.026522  0.005920  -0.134902  -0.466545  -0.482513  1.000000  
56.535418 0.028787  -0.018924  -0.005405  0.411708  0.890512  0.193613  -0.712195  0.181854  0.678017  0.568573  -0.417035  0.709089  -0.026986  0.026789  0.005977  -0.139935  -0.489614  -0.497922  1.000000  
56.536663 0.028753  -0.018888  -0.005398  0.412419  0.890153  0.193749  -0.712749  0.182834  0.677171  0.567362  -0.417373  0.709860  -0.027076  0.027158  0.005895  -0.151923  -0.517754  -0.521207  1.000000  
56.537666 0.028723  -0.018860  -0.005392  0.412908  0.889863  0.194038  -0.713255  0.183452  0.676471  0.566369  -0.417719  0.710448  -0.027239  0.027392  0.005724  -0.151739  -0.540835  -0.534861  1.000000  
56.538912 0.028685  -0.018824  -0.005388  0.413657  0.889451  0.194332  -0.713871  0.184399  0.675563  0.565046  -0.418179  0.711231  -0.027594  0.027608  0.005380  -0.159607  -0.568922  -0.558199  1.000000  
56.540160 0.028648  -0.018788  -0.005382  0.414368  0.889066  0.194579  -0.714419  0.185298  0.674737  0.563831  -0.418600  0.711947  -0.027848  0.027862  0.005270  -0.163392  -0.593137  -0.579193  1.000000  
56.541161 0.028618  -0.018758  -0.005379  0.414893  0.888747  0.194919  -0.714985  0.185966  0.673953  0.562725  -0.418982  0.712597  -0.028078  0.028092  0.005099  -0.167228  -0.617492  -0.600309  1.000000  
56.542409 0.028581  -0.018720  -0.005372  0.415678  0.888304  0.195264  -0.715660  0.186963  0.672961  0.561286  -0.419478  0.713440  -0.028444  0.028321  0.005205  -0.175009  -0.649295  -0.625828  1.000000  
56.543415 0.028550  -0.018689  -0.005366  0.416203  0.888007  0.195497  -0.716223  0.187712  0.672152  0.560178  -0.419771  0.714137  -0.028881  0.028545  0.005317  -0.182824  -0.669570  -0.644421  1.000000  
56.544659 0.028509  -0.018651  -0.005355  0.416987  0.887562  0.195846  -0.716893  0.188710  0.671158  0.558737  -0.420265  0.714976  -0.029523  0.028697  0.005763  -0.185008  -0.695778  -0.664546  1.000000  
56.545664 0.028475  -0.018621  -0.005346  0.417585  0.887207  0.196178  -0.717581  0.189557  0.670183  0.557404  -0.420632  0.715800  -0.029954  0.028848  0.006059  -0.190347  -0.732379  -0.688275  1.000000  
56.546909 0.028433  -0.018582  -0.005335  0.418295  0.886767  0.196655  -0.718461  0.190551  0.668958  0.555737  -0.421111  0.716814  -0.030417  0.029123  0.006293  -0.188543  -0.768791  -0.707719  1.000000  
56.547909 0.028398  -0.018551  -0.005327  0.419077  0.886344  0.196900  -0.719122  0.191630  0.667938  0.554290  -0.421513  0.717697  -0.030769  0.029407  0.006386  -0.197819  -0.799321  -0.734548  1.000000  
56.548909 0.028365  -0.018518  -0.005319  0.419710  0.885935  0.197392  -0.719868  0.192446  0.666899  0.552842  -0.422000  0.718528  -0.031073  0.029781  0.006421  -0.195947  -0.831096  -0.751250  1.000000  
56.549912 0.028330  -0.018486  -0.005312  0.420453  0.885538  0.197592  -0.720461  0.193478  0.665960  0.551503  -0.422362  0.719343  -0.031538  0.030154  0.006380  -0.203617  -0.855107  -0.772069  1.000000  
56.551160 0.028287  -0.018444  -0.005303  0.421233  0.885037  0.198173  -0.721456  0.194571  0.664563  0.549604  -0.422909  0.720474  -0.032014  0.030585  0.006497  -0.207333  -0.901238  -0.799404  1.000000  
56.552164 0.028252  -0.018410  -0.005296  0.421900  0.884621  0.198610  -0.722257  0.195518  0.663414  0.548038  -0.423342  0.721412  -0.032388  0.030936  0.006659  -0.212785  -0.939531  -0.824277  1.000000  
56.553435 0.028209  -0.018368  -0.005287  0.422825  0.884078  0.199058  -0.723157  0.196794  0.662054  0.546134  -0.423884  0.722537  -0.032762  0.031382  0.006921  -0.216323  -0.977487  -0.846595  1.000000  
56.554685 0.028165  -0.018324  -0.005278  0.423786  0.883505  0.199558  -0.724116  0.198120  0.660609  0.544115  -0.424460  0.723721  -0.033136  0.031896  0.007103  -0.220029  -1.020134  -0.871911  1.000000  
56.555913 0.028122  -0.018280  -0.005268  0.424745  0.882931  0.200061  -0.725070  0.199447  0.659162  0.542093  -0.425034  0.724901  -0.033662  0.032351  0.007503  -0.219767  -1.063363  -0.897597  1.000000  
56.557165 0.028078  -0.018236  -0.005256  0.425703  0.882331  0.200673  -0.726019  0.200694  0.657737  0.540068  -0.425693  0.726025  -0.034040  0.032799  0.007829  -0.223268  -1.103137  -0.927980  1.000000  
56.558410 0.028033  -0.018193  -0.005244  0.426582  0.881737  0.201415  -0.727176  0.201938  0.656077  0.537814  -0.426335  0.727321  -0.034458  0.033101  0.008123  -0.218997  -1.152704  -0.950616  1.000000  
56.559415 0.027995  -0.018158  -0.005235  0.427277  0.881286  0.201912  -0.728017  0.202938  0.654834  0.536120  -0.426791  0.728302  -0.034781  0.033402  0.008132  -0.218799  -1.186118  -0.963624  1.000000  
56.560659 0.027950  -0.018114  -0.005224  0.428266  0.880677  0.202474  -0.729014  0.204316  0.653294  0.533973  -0.427390  0.729528  -0.035033  0.033814  0.008135  -0.218409  -1.221301  -0.984485  1.000000  
56.561909 0.027905  -0.018068  -0.005216  0.429253  0.880091  0.202933  -0.730005  0.205774  0.651728  0.531822  -0.427898  0.730800  -0.035237  0.034278  0.007972  -0.225865  -1.257158  -1.012220  1.000000  
56.562911 0.027868  -0.018032  -0.005209  0.430015  0.879580  0.203535  -0.730958  0.206874  0.650311  0.529894  -0.428419  0.731894  -0.035365  0.034617  0.007888  -0.227672  -1.288981  -1.028783  1.000000  
56.564180 0.027822  -0.017986  -0.005200  0.431142  0.878874  0.204198  -0.732182  0.208530  0.648401  0.527282  -0.429063  0.733402  -0.035566  0.034959  0.007827  -0.229151  -1.344482  -1.056813  1.000000  
56.565409 0.027776  -0.017937  -0.005190  0.432043  0.878269  0.204898  -0.733367  0.209908  0.646615  0.524892  -0.429631  0.734782  -0.035824  0.035496  0.007904  -0.235104  -1.384583  -1.078455  1.000000  
56.566662 0.027729  -0.017888  -0.005178  0.433128  0.877589  0.205519  -0.734517  0.211516  0.644784  0.522384  -0.430231  0.736217  -0.036023  0.035974  0.008198  -0.238571  -1.426539  -1.102991  1.000000  
56.567664 0.027692  -0.017849  -0.005168  0.434068  0.877000  0.206049  -0.735420  0.212848  0.643314  0.520329  -0.430775  0.737354  -0.036170  0.036331  0.008348  -0.245937  -1.458245  -1.128450  1.000000  
56.568746 0.027655  -0.017809  -0.005157  0.434785  0.876537  0.206507  -0.736288  0.213979  0.641945  0.518500  -0.431157  0.738418  -0.036141  0.036510  0.008568  -0.251229  -1.484638  -1.138770  1.000000  
56.569916 0.027607  -0.017760  -0.005144  0.435863  0.875853  0.207137  -0.737419  0.215589  0.640105  0.515981  -0.431745  0.739838  -0.036656  0.037097  0.008824  -0.259531  -1.531224  -1.166895  1.000000  
56.571165 0.027559  -0.017711  -0.005132  0.436973  0.875162  0.207716  -0.738603  0.217326  0.638149  0.513342  -0.432273  0.741363  -0.036959  0.037400  0.008888  -0.274945  -1.571054  -1.196989  1.000000  
56.572414 0.027509  -0.017663  -0.005122  0.437962  0.874460  0.208586  -0.739928  0.218857  0.636088  0.510584  -0.432921  0.742889  -0.037310  0.037751  0.008779  -0.274692  -1.616569  -1.216860  1.000000  
56.573660 0.027460  -0.017614  -0.005113  0.439170  0.873653  0.209431  -0.741271  0.220667  0.633895  0.507590  -0.433632  0.744524  -0.037530  0.038111  0.008610  -0.282282  -1.667279  -1.246748  1.000000  
56.574909 0.027410  -0.017566  -0.005105  0.440338  0.872898  0.210123  -0.742546  0.222506  0.631756  0.504705  -0.434213  0.746145  -0.037837  0.038348  0.008469  -0.293513  -1.707199  -1.276761  1.000000  
56.575911 0.027371  -0.017527  -0.005099  0.441213  0.872280  0.210852  -0.743672  0.223889  0.629941  0.502277  -0.434743  0.747473  -0.038006  0.038587  0.008268  -0.301115  -1.742028  -1.297196  1.000000  
56.577159 0.027321  -0.017478  -0.005091  0.442289  0.871483  0.211891  -0.745137  0.225572  0.627605  0.499150  -0.435471  0.749142  -0.038356  0.038798  0.008217  -0.300895  -1.788011  -1.317348  1.000000  
56.578159 0.027281  -0.017438  -0.005085  0.443123  0.870918  0.212469  -0.746192  0.226982  0.625841  0.496829  -0.435867  0.750453  -0.038494  0.038998  0.008184  -0.308517  -1.819097  -1.335225  1.000000  
56.579160 0.027242  -0.017399  -0.005077  0.444022  0.870267  0.213259  -0.747355  0.228417  0.623928  0.494273  -0.436418  0.751820  -0.038749  0.039186  0.008225  -0.308413  -1.857078  -1.350490  1.000000  
56.580182 0.027201  -0.017359  -0.005070  0.444951  0.869585  0.214102  -0.748567  0.229902  0.621926  0.491595  -0.436997  0.753238  -0.038871  0.039174  0.008097  -0.311691  -1.894524  -1.372049  1.000000  
56.581408 0.027151  -0.017309  -0.005062  0.446198  0.868731  0.214975  -0.749961  0.231894  0.619502  0.488329  -0.437643  0.754985  -0.039223  0.039247  0.007881  -0.321100  -1.939678  -1.396553  1.000000  
56.582409 0.027111  -0.017270  -0.005054  0.447118  0.868072  0.215721  -0.751157  0.233456  0.617463  0.485642  -0.438119  0.756441  -0.039346  0.039302  0.007738  -0.328511  -1.973884  -1.416137  1.000000  
56.583415 0.027071  -0.017230  -0.005049  0.447881  0.867461  0.216597  -0.752438  0.234840  0.615376  0.482949  -0.438591  0.757891  -0.039793  0.039467  0.007371  -0.332554  -2.012093  -1.431354  1.000000  
56.584659 0.027020  -0.017182  -0.005043  0.449113  0.866602  0.217483  -0.753803  0.236833  0.612937  0.479665  -0.439217  0.759611  -0.039832  0.039171  0.006970  -0.340023  -2.051237  -1.453994  1.000000  
56.585666 0.026978  -0.017144  -0.005038  0.449834  0.866019  0.218313  -0.755012  0.238167  0.610928  0.477080  -0.439645  0.760990  -0.040003  0.039122  0.006520  -0.343019  -2.088095  -1.463299  1.000000  
56.586913 0.026927  -0.017095  -0.005033  0.451122  0.865122  0.219208  -0.756466  0.240336  0.608275  0.473549  -0.440230  0.762856  -0.040192  0.039103  0.006145  -0.358692  -2.135285  -1.490556  1.000000  
56.588163 0.026875  -0.017048  -0.005028  0.452280  0.864243  0.220286  -0.758053  0.242377  0.605482  0.469892  -0.440837  0.764765  -0.040290  0.039084  0.005944  -0.370144  -2.178074  -1.514994  1.000000  
56.589413 0.026824  -0.017000  -0.005020  0.453432  0.863389  0.221266  -0.759627  0.244493  0.602653  0.466226  -0.441341  0.766715  -0.040464  0.038984  0.005831  -0.382597  -2.222190  -1.537899  1.000000  
56.590659 0.026773  -0.016953  -0.005014  0.454607  0.862477  0.222408  -0.761240  0.246586  0.599757  0.462434  -0.441960  0.768652  -0.040546  0.038929  0.005775  -0.390539  -2.275443  -1.561459  1.000000  
56.591661 0.026731  -0.016915  -0.005009  0.455555  0.861749  0.223291  -0.762470  0.248251  0.597504  0.459466  -0.442448  0.770150  -0.040675  0.038823  0.005654  -0.393824  -2.321121  -1.582463  1.000000  
56.592909 0.026681  -0.016866  -0.005002  0.456717  0.860861  0.224340  -0.764058  0.250417  0.594564  0.455659  -0.442956  0.772117  -0.040689  0.038800  0.005546  -0.406082  -2.360323  -1.602503  1.000000  
56.594159 0.026629  -0.016819  -0.004997  0.457933  0.859911  0.225501  -0.765735  0.252684  0.591439  0.451605  -0.443514  0.774176  -0.040833  0.038671  0.005318  -0.414330  -2.407801  -1.622335  1.000000  
56.595412 0.026578  -0.016771  -0.004993  0.459172  0.858929  0.226722  -0.767447  0.255002  0.588216  0.447421  -0.444089  0.776272  -0.040965  0.038528  0.005039  -0.425477  -2.468219  -1.651098  1.000000  
56.596662 0.026527  -0.016723  -0.004991  0.460462  0.857912  0.227952  -0.769244  0.257493  0.584774  0.442989  -0.444617  0.778509  -0.041010  0.038328  0.004494  -0.437467  -2.522150  -1.679238  1.000000  
56.597909 0.026474  -0.016677  -0.004991  0.461522  0.857008  0.229203  -0.771015  0.259705  0.581454  0.438785  -0.445073  0.780626  -0.041112  0.038202  0.004038  -0.446667  -2.588023  -1.696880  1.000000  
56.599159 0.026422  -0.016630  -0.004990  0.462761  0.856020  0.230395  -0.772725  0.262144  0.578081  0.434452  -0.445545  0.782778  -0.041241  0.038074  0.003600  -0.458559  -2.641011  -1.724431  1.000000  
56.600159 0.026379  -0.016594  -0.004991  0.463654  0.855241  0.231492  -0.774214  0.264029  0.575222  0.430833  -0.445929  0.784558  -0.041360  0.037906  0.003299  -0.463597  -2.693960  -1.739773  1.000000  
56.601160 0.026337  -0.016556  -0.004989  0.464698  0.854435  0.232372  -0.775596  0.266158  0.572373  0.427207  -0.446207  0.786380  -0.041406  0.037883  0.003159  -0.479232  -2.741100  -1.765426  1.000000  
56.602181 0.026294  -0.016520  -0.004988  0.465547  0.853686  0.233424  -0.777012  0.267990  0.569590  0.423696  -0.446544  0.788086  -0.041428  0.037714  0.002904  -0.491285  -2.785183  -1.783912  1.000000  
56.603414 0.026243  -0.016472  -0.004986  0.466677  0.852715  0.234713  -0.778898  0.270541  0.565796  0.418963  -0.446861  0.790433  -0.041538  0.037745  0.002649  -0.508830  -2.844195  -1.801834  1.000000  
56.604434 0.026200  -0.016434  -0.004984  0.467783  0.851816  0.235773  -0.780381  0.272820  0.562650  0.414950  -0.447191  0.792362  -0.041577  0.037660  0.002416  -0.524222  -2.893630  -1.828487  1.000000  
56.605663 0.026147  -0.016386  -0.004983  0.468947  0.850783  0.237185  -0.782322  0.275469  0.558650  0.409953  -0.447532  0.794767  -0.041705  0.037783  0.002018  -0.540784  -2.953431  -1.852389  1.000000  
56.606909 0.026096  -0.016337  -0.004983  0.470096  0.849752  0.238605  -0.784239  0.278115  0.554636  0.404943  -0.447855  0.797149  -0.041737  0.037886  0.001588  -0.558693  -3.020411  -1.875531  1.000000  
56.607909 0.026054  -0.016298  -0.004985  0.471011  0.848938  0.239695  -0.785765  0.280281  0.551376  0.400902  -0.448048  0.799081  -0.041813  0.037895  0.001099  -0.571392  -3.075237  -1.897487  1.000000  
56.608910 0.026011  -0.016259  -0.004986  0.471943  0.848094  0.240846  -0.787321  0.282497  0.548016  0.396730  -0.448255  0.801044  -0.041883  0.037966  0.000756  -0.587397  -3.123364  -1.914895  1.000000  
56.610159 0.025958  -0.016210  -0.004989  0.473136  0.847030  0.242246  -0.789311  0.285423  0.543620  0.391319  -0.448414  0.803613  -0.042046  0.038061  0.000328  -0.612501  -3.188299  -1.941860  1.000000  
56.611413 0.025904  -0.016161  -0.004992  0.474202  0.845935  0.243980  -0.791459  0.288207  0.539007  0.385648  -0.448699  0.806191  -0.042197  0.038145  -0.000042  -0.627728  -3.269598  -1.964464  1.000000  
56.612660 0.025849  -0.016111  -0.004994  0.475335  0.844905  0.245342  -0.793349  0.291073  0.534671  0.380334  -0.448790  0.808662  -0.042396  0.038347  -0.000208  -0.652931  -3.333627  -1.990409  1.000000  
56.613909 0.025792  -0.016063  -0.004996  0.476555  0.843752  0.246936  -0.795385  0.294140  0.529947  0.374510  -0.448958  0.811282  -0.042675  0.038420  -0.000403  -0.672330  -3.407172  -2.020764  1.000000  
56.614909 0.025748  -0.016023  -0.004998  0.477338  0.842941  0.248191  -0.797064  0.296450  0.526124  0.369915  -0.448963  0.813385  -0.042801  0.038687  -0.000460  -0.692089  -3.474846  -2.041981  1.000000  
56.616159 0.025692  -0.015972  -0.005001  0.478574  0.841761  0.249811  -0.799128  0.299674  0.521143  0.363816  -0.449036  0.816091  -0.042977  0.038934  -0.000821  -0.715481  -3.552192  -2.074035  1.000000  
56.617159 0.025648  -0.015931  -0.005004  0.479378  0.840893  0.251190  -0.800844  0.302078  0.517105  0.358951  -0.449053  0.818234  -0.043181  0.039271  -0.001099  -0.733577  -3.613602  -2.090965  1.000000  
56.618410 0.025592  -0.015880  -0.005009  0.480624  0.839717  0.252738  -0.802927  0.305518  0.511827  0.352574  -0.448926  0.821071  -0.043392  0.039489  -0.001542  -0.766992  -3.701474  -2.128342  1.000000  
56.619417 0.025547  -0.015837  -0.005014  0.481445  0.838823  0.254141  -0.804674  0.308076  0.507532  0.347435  -0.448849  0.823300  -0.043560  0.039861  -0.002017  -0.791559  -3.773780  -2.150710  1.000000  
56.620423 0.025502  -0.015794  -0.005019  0.482369  0.837960  0.255231  -0.806219  0.310760  0.503428  0.342537  -0.448610  0.825480  -0.043749  0.040064  -0.002486  -0.816892  -3.832807  -2.171990  1.000000  
56.621661 0.025445  -0.015740  -0.005026  0.483392  0.836888  0.256808  -0.808305  0.314064  0.498002  0.336118  -0.448310  0.828277  -0.044070  0.040455  -0.002966  -0.852179  -3.921230  -2.201332  1.000000  
56.622662 0.025400  -0.015696  -0.005032  0.484209  0.835974  0.258243  -0.810051  0.316767  0.493433  0.330694  -0.448115  0.830563  -0.044322  0.040767  -0.003233  -0.875133  -3.996308  -2.223893  1.000000  
56.623663 0.025353  -0.015652  -0.005037  0.485200  0.834997  0.259539  -0.811708  0.319745  0.488767  0.325132  -0.447820  0.832914  -0.044581  0.041108  -0.003463  -0.904916  -4.064310  -2.249278  1.000000  
56.624909 0.025295  -0.015597  -0.005043  0.486181  0.833940  0.261099  -0.813730  0.323131  0.483145  0.318545  -0.447360  0.835702  -0.044943  0.041541  -0.003709  -0.940422  -4.144700  -2.272709  1.000000  
56.626159 0.025235  -0.015541  -0.005048  0.487013  0.832925  0.262780  -0.815885  0.326493  0.477214  0.311688  -0.446808  0.838578  -0.045402  0.042001  -0.003811  -0.977467  -4.224183  -2.287680  1.000000  
56.627412 0.025174  -0.015485  -0.005053  0.488028  0.831726  0.264690  -0.817968  0.330001  0.471198  0.304560  -0.446466  0.841375  -0.045734  0.042476  -0.004025  -1.007462  -4.312221  -2.322046  1.000000  
56.628737 0.025112  -0.015428  -0.005060  0.488825  0.830696  0.266446  -0.820072  0.333387  0.465118  0.297542  -0.445866  0.844199  -0.045857  0.042825  -0.004303  -1.034021  -4.388517  -2.334127  1.000000  
56.629909 0.025051  -0.015370  -0.005066  0.489844  0.829451  0.268448  -0.822165  0.337079  0.458719  0.289997  -0.445409  0.847061  -0.046506  0.043599  -0.004654  -1.066364  -4.487283  -2.374218  1.000000  
56.631158 0.024990  -0.015311  -0.005074  0.490545  0.828498  0.270105  -0.824113  0.340333  0.452781  0.283203  -0.444707  0.849725  -0.046820  0.044100  -0.004885  -1.095645  -4.558356  -2.382783  1.000000  
56.632159 0.024941  -0.015263  -0.005081  0.491200  0.827688  0.271395  -0.825601  0.343070  0.447980  0.277680  -0.444112  0.851856  -0.047099  0.044585  -0.005126  -1.126698  -4.622304  -2.403576  1.000000  
56.633409 0.024880  -0.015202  -0.005090  0.491946  0.826664  0.273157  -0.827630  0.346660  0.441424  0.270217  -0.443230  0.854711  -0.047459  0.045151  -0.005420  -1.162166  -4.704073  -2.423663  1.000000  
56.634418 0.024831  -0.015154  -0.005098  0.492481  0.825853  0.274642  -0.829308  0.349563  0.435952  0.264028  -0.442461  0.857040  -0.047800  0.045592  -0.005628  -1.192432  -4.777125  -2.433127  1.000000  
56.635437 0.024782  -0.015105  -0.005104  0.493113  0.825034  0.275967  -0.830761  0.352418  0.430857  0.258216  -0.441724  0.859188  -0.047984  0.045919  -0.005665  -1.223545  -4.832751  -2.446215  1.000000  
56.636666 0.024720  -0.015044  -0.005113  0.493812  0.824045  0.277668  -0.832720  0.356161  0.423941  0.250452  -0.440567  0.862076  -0.048380  0.046452  -0.005771  -1.269435  -4.921720  -2.468161  1.000000  
56.637914 0.024659  -0.014982  -0.005122  0.494478  0.823067  0.279378  -0.834627  0.359880  0.416995  0.242672  -0.439371  0.864907  -0.048676  0.046957  -0.005842  -1.310758  -5.008287  -2.488117  1.000000  
56.638931 0.024609  -0.014931  -0.005129  0.494886  0.822349  0.280767  -0.836100  0.362620  0.411636  0.236697  -0.438463  0.867021  -0.048819  0.047310  -0.006023  -1.338799  -5.058080  -2.491079  1.000000  
56.640161 0.024545  -0.014868  -0.005137  0.495524  0.821333  0.282610  -0.837965  0.366398  0.404436  0.228629  -0.437225  0.869807  -0.049169  0.047936  -0.006243  -1.377906  -5.146457  -2.510676  1.000000  
56.641168 0.024495  -0.014817  -0.005146  0.496104  0.820467  0.284105  -0.839339  0.369424  0.398793  0.222241  -0.436303  0.871922  -0.049277  0.048320  -0.006515  -1.410775  -5.195109  -2.527437  1.000000  
56.642417 0.024432  -0.014752  -0.005155  0.496823  0.819490  0.285664  -0.840950  0.373273  0.391753  0.214407  -0.434861  0.874600  -0.049430  0.048889  -0.006785  -1.454573  -5.270515  -2.546879  1.000000  
56.643423 0.024381  -0.014699  -0.005164  0.497194  0.818723  0.287213  -0.842371  0.376192  0.385864  0.207868  -0.433789  0.876709  -0.049839  0.049642  -0.007122  -1.483753  -5.331022  -2.553657  1.000000  
56.644664 0.024316  -0.014634  -0.005174  0.497866  0.817738  0.288849  -0.843906  0.380041  0.378670  0.199878  -0.432289  0.879304  -0.049802  0.049883  -0.007303  -1.526294  -5.393613  -2.572762  1.000000  
56.645678 0.024264  -0.014580  -0.005182  0.498334  0.816970  0.290213  -0.845097  0.382991  0.373000  0.193581  -0.431136  0.881276  -0.049992  0.050279  -0.007367  -1.553212  -5.433955  -2.575728  1.000000  
56.646913 0.024199  -0.014512  -0.005191  0.498772  0.816051  0.292041  -0.846635  0.386577  0.365741  0.185567  -0.429674  0.883711  -0.050312  0.050876  -0.007471  -1.590285  -5.492967  -2.585355  1.000000  
56.648163 0.024134  -0.014444  -0.005199  0.499349  0.815100  0.293704  -0.848015  0.390347  0.358468  0.177541  -0.428066  0.886137  -0.050583  0.051422  -0.007396  -1.622671  -5.541833  -2.588362  1.000000  
56.649413 0.024068  -0.014375  -0.005206  0.499858  0.814249  0.295195  -0.849280  0.393941  0.351475  0.169899  -0.426391  0.888440  -0.050846  0.051944  -0.007183  -1.655261  -5.569351  -2.591196  1.000000  
56.650663 0.024002  -0.014306  -0.005213  0.500348  0.813381  0.296755  -0.850512  0.397555  0.344354  0.162114  -0.424690  0.890706  -0.051177  0.052478  -0.007081  -1.687265  -5.626407  -2.601637  1.000000  
56.651913 0.023935  -0.014237  -0.005221  0.500785  0.812618  0.298104  -0.851656  0.401083  0.337364  0.154584  -0.422829  0.892928  -0.051522  0.052958  -0.007118  -1.719518  -5.646387  -2.588605  1.000000  
56.652923 0.023883  -0.014181  -0.005228  0.501092  0.812044  0.299149  -0.852580  0.403974  0.331529  0.148368  -0.421175  0.894762  -0.051720  0.053383  -0.007094  -1.752814  -5.665228  -2.585148  1.000000  
56.654170 0.023816  -0.014111  -0.005236  0.501466  0.811369  0.300353  -0.853618  0.407436  0.324549  0.140954  -0.419136  0.896915  -0.051985  0.053893  -0.007056  -1.783382  -5.684803  -2.577956  1.000000  
56.655424 0.023750  -0.014040  -0.005245  0.501793  0.810727  0.301540  -0.854577  0.410732  0.317801  0.133798  -0.417159  0.898931  -0.052229  0.054340  -0.007013  -1.813028  -5.693120  -2.566084  1.000000  
56.656432 0.023697  -0.013983  -0.005253  0.502015  0.810239  0.302480  -0.855360  0.413452  0.312117  0.127828  -0.415416  0.900605  -0.052287  0.054703  -0.007012  -1.842397  -5.700542  -2.556376  1.000000  
56.657665 0.023631  -0.013911  -0.005260  0.502285  0.809646  0.303617  -0.856223  0.416644  0.305433  0.120792  -0.413379  0.902512  -0.052501  0.055191  -0.006832  -1.879239  -5.698586  -2.547169  1.000000  
56.658913 0.023566  -0.013840  -0.005269  0.502706  0.809015  0.304601  -0.856941  0.420008  0.298740  0.113750  -0.411203  0.904418  -0.052642  0.055630  -0.006665  -1.911090  -5.673920  -2.525753  1.000000  
56.660162 0.023501  -0.013768  -0.005274  0.502911  0.808537  0.305531  -0.857694  0.423080  0.292172  0.106968  -0.408988  0.906249  -0.052667  0.055920  -0.006419  -1.946838  -5.657189  -2.508842  1.000000  
56.661413 0.023435  -0.013696  -0.005280  0.503091  0.808070  0.306466  -0.858407  0.426121  0.285584  0.100181  -0.406747  0.908031  -0.052721  0.056174  -0.006154  -1.973888  -5.659878  -2.500718  1.000000  
56.662417 0.023382  -0.013639  -0.005284  0.503185  0.807740  0.307182  -0.858972  0.428527  0.280235  0.094721  -0.404871  0.909454  -0.052718  0.056372  -0.005949  -1.999353  -5.643927  -2.479463  1.000000  
56.663418 0.023330  -0.013583  -0.005287  0.503422  0.807373  0.307758  -0.859376  0.430906  0.275304  0.089658  -0.403074  0.910765  -0.052690  0.056469  -0.005806  -2.015116  -5.610056  -2.464433  1.000000  
56.664663 0.023265  -0.013513  -0.005291  0.503525  0.807017  0.308521  -0.859959  0.433726  0.268983  0.083260  -0.400755  0.912394  -0.052636  0.056551  -0.005514  -2.036808  -5.575476  -2.434241  1.000000  
56.665663 0.023213  -0.013457  -0.005293  0.503733  0.806702  0.309007  -0.860313  0.436094  0.263974  0.078192  -0.398815  0.913692  -0.052593  0.056577  -0.005338  -2.056719  -5.543237  -2.419824  1.000000  
56.666667 0.023162  -0.013401  -0.005295  0.503932  0.806328  0.309657  -0.860654  0.438457  0.258902  0.072989  -0.396977  0.914922  -0.052410  0.056662  -0.005019  -2.069170  -5.503197  -2.398711  1.000000  
56.667914 0.023098  -0.013332  -0.005296  0.503968  0.806042  0.310343  -0.861121  0.441031  0.252907  0.066983  -0.394700  0.916365  -0.052349  0.056668  -0.004574  -2.079562  -5.444882  -2.361874  1.000000  
56.668917 0.023047  -0.013277  -0.005297  0.504121  0.805826  0.310655  -0.861382  0.443199  0.248182  0.062310  -0.392707  0.917551  -0.052180  0.056561  -0.004093  -2.097461  -5.408009  -2.341606  1.000000  
56.670170 0.022983  -0.013208  -0.005295  0.504475  0.805475  0.310990  -0.861580  0.446068  0.242286  0.056433  -0.390170  0.919012  -0.052001  0.056453  -0.003387  -2.119410  -5.324615  -2.305107  1.000000  
56.671423 0.022920  -0.013139  -0.005291  0.504641  0.805172  0.311506  -0.861864  0.448830  0.236099  0.050287  -0.387621  0.920446  -0.051856  0.056300  -0.002551  -2.140246  -5.266678  -2.269350  1.000000  
56.672666 0.022857  -0.013071  -0.005287  0.504956  0.804901  0.311695  -0.861995  0.451620  0.230225  0.044540  -0.384933  0.921869  -0.051656  0.056031  -0.001649  -2.160578  -5.191582  -2.240010  1.000000  
56.673686 0.022806  -0.013017  -0.005282  0.505053  0.804775  0.311864  -0.862161  0.453680  0.225506  0.039995  -0.382769  0.922978  -0.051472  0.055701  -0.000908  -2.174665  -5.128855  -2.205083  1.000000  
56.674914 0.022741  -0.012950  -0.005275  0.505336  0.804468  0.312197  -0.862237  0.456317  0.219823  0.034379  -0.380272  0.924235  -0.051469  0.055428  -0.000001  -2.190462  -5.053003  -2.177492  1.000000  
56.676163 0.022677  -0.012884  -0.005268  0.505602  0.804193  0.312474  -0.862283  0.458881  0.214233  0.028896  -0.377758  0.925453  -0.051388  0.055071  0.000849  -2.209131  -4.971077  -2.140509  1.000000  
56.677413 0.022612  -0.012820  -0.005259  0.505850  0.803951  0.312695  -0.862300  0.461375  0.208739  0.023546  -0.375227  0.926634  -0.051371  0.054657  0.001666  -2.217251  -4.893430  -2.107224  1.000000  
56.678417 0.022560  -0.012769  -0.005250  0.506077  0.803716  0.312934  -0.862279  0.463484  0.204100  0.018998  -0.373127  0.927586  -0.051366  0.054314  0.002474  -2.228955  -4.833810  -2.081266  1.000000  
56.679420 0.022507  -0.012719  -0.005242  0.506291  0.803497  0.313150  -0.862237  0.465465  0.199724  0.014717  -0.371127  0.928465  -0.051368  0.053816  0.003338  -2.234191  -4.765747  -2.054241  1.000000  
56.680663 0.022440  -0.012658  -0.005229  0.506499  0.803322  0.313260  -0.862186  0.467801  0.194413  0.009633  -0.368559  0.929555  -0.051543  0.053281  0.004253  -2.241924  -4.690192  -2.022779  1.000000  
