1-Time 2-Px 3-Py 4-Pz 5-R11 6-R21 7-R31 8-R12 9-R22 10-R32 11-R13 12-R23 13-R33 14-Vx 15-Vy 16-Vz 17-Wx 18-Wy 19-Wz 20-state
145.587714 -0.029087  -0.013857  -0.018281  0.757521  -0.196523  0.622527  -0.366726  0.660811  0.654860  -0.540068  -0.724367  0.428508  -0.007045  -0.001619  0.021034  -0.187365  0.456468  -0.046845  1.000000  
145.588884 -0.029089  -0.013857  -0.018259  0.757662  -0.196497  0.622364  -0.366602  0.660808  0.654932  -0.539955  -0.724377  0.428633  -0.001250  -0.000293  0.022229  0.000000  0.000000  0.000000  1.000000  
145.590133 -0.029072  -0.013848  -0.018227  0.757802  -0.196394  0.622226  -0.366477  0.660884  0.654925  -0.539842  -0.724335  0.428845  0.007101  0.003891  0.024390  0.000000  0.000000  0.000000  1.000000  
145.591384 -0.029051  -0.013836  -0.018191  0.757943  -0.196217  0.622110  -0.366353  0.661039  0.654838  -0.539730  -0.724241  0.429146  0.010440  0.006013  0.025754  0.000000  0.000000  0.000000  1.000000  
145.592386 -0.029040  -0.013828  -0.018164  0.758083  -0.196115  0.621972  -0.366228  0.661116  0.654830  -0.539617  -0.724199  0.429358  0.010644  0.006412  0.026122  0.000000  0.000000  0.000000  1.000000  
145.593639 -0.029025  -0.013819  -0.018128  0.758224  -0.196013  0.621833  -0.366103  0.661192  0.654823  -0.539505  -0.724157  0.429571  0.010904  0.006615  0.026600  0.000000  0.000000  0.000000  1.000000  
145.594643 -0.029009  -0.013810  -0.018100  0.758364  -0.195911  0.621693  -0.365979  0.661269  0.654816  -0.539392  -0.724115  0.429783  0.011668  0.006965  0.026844  0.000000  0.000000  0.000000  1.000000  
145.595645 -0.028990  -0.013799  -0.018073  0.758504  -0.195809  0.621554  -0.365854  0.661345  0.654808  -0.539279  -0.724073  0.429996  0.012560  0.007446  0.026858  0.000000  0.000000  0.000000  1.000000  
145.596891 -0.028968  -0.013788  -0.018040  0.758645  -0.195632  0.621439  -0.365729  0.661501  0.654721  -0.539166  -0.723978  0.430296  0.013292  0.007627  0.026824  0.000000  0.000000  0.000000  1.000000  
145.598135 -0.028949  -0.013783  -0.018006  0.758785  -0.195454  0.621323  -0.365604  0.661657  0.654633  -0.539054  -0.723884  0.430596  0.013511  0.007213  0.026819  0.000000  0.000000  0.000000  1.000000  
145.599384 -0.028931  -0.013777  -0.017972  0.759000  -0.195489  0.621049  -0.365323  0.661693  0.654753  -0.538941  -0.723841  0.430809  0.013648  0.006919  0.026936  0.000000  0.000000  0.000000  1.000000  
145.600632 -0.028908  -0.013766  -0.017937  0.759141  -0.195312  0.620934  -0.365198  0.661849  0.654665  -0.538828  -0.723746  0.431109  0.014054  0.007179  0.026988  0.000000  0.000000  0.000000  1.000000  
145.601632 -0.028886  -0.013751  -0.017910  0.759141  -0.195161  0.620981  -0.365198  0.662008  0.654504  -0.538828  -0.723642  0.431285  0.014626  0.007697  0.027023  0.000000  0.000000  0.000000  1.000000  
145.602633 -0.028860  -0.013736  -0.017881  0.759206  -0.194999  0.620953  -0.365229  0.662045  0.654449  -0.538716  -0.723651  0.431409  0.015431  0.008238  0.027165  0.000000  0.000000  0.000000  1.000000  
145.603885 -0.028822  -0.013715  -0.017842  0.759281  -0.194984  0.620865  -0.365073  0.662164  0.654416  -0.538716  -0.723547  0.431585  0.017941  0.009565  0.027889  0.000000  0.000000  0.000000  1.000000  
145.605133 -0.028781  -0.013694  -0.017800  0.759431  -0.195107  0.620643  -0.364760  0.662242  0.654511  -0.538716  -0.723442  0.431760  0.019350  0.010260  0.028454  0.000000  0.000000  0.000000  1.000000  
145.606136 -0.028748  -0.013676  -0.017768  0.759431  -0.195031  0.620667  -0.364760  0.662322  0.654431  -0.538716  -0.723390  0.431848  0.020556  0.010854  0.028684  0.000000  0.000000  0.000000  1.000000  
145.607383 -0.028707  -0.013650  -0.017729  0.759496  -0.194793  0.620662  -0.364791  0.662439  0.654295  -0.538603  -0.723347  0.432061  0.022171  0.011851  0.028967  0.000000  0.000000  0.000000  1.000000  
145.608633 -0.028670  -0.013627  -0.017694  0.759496  -0.194643  0.620709  -0.364791  0.662597  0.654135  -0.538603  -0.723242  0.432236  0.023659  0.012819  0.028995  0.000000  0.000000  0.000000  1.000000  
145.609635 -0.028642  -0.013610  -0.017664  0.759636  -0.194541  0.620570  -0.364666  0.662674  0.654127  -0.538490  -0.723199  0.432448  0.024430  0.013369  0.029071  0.000000  0.000000  0.000000  1.000000  
145.610645 -0.028615  -0.013595  -0.017635  0.759711  -0.194527  0.620482  -0.364510  0.662793  0.654094  -0.538490  -0.723094  0.432624  0.024975  0.013643  0.029190  0.000000  0.000000  0.000000  1.000000  
145.611890 -0.028585  -0.013579  -0.017595  0.759786  -0.194513  0.620395  -0.364353  0.662911  0.654061  -0.538490  -0.722989  0.432799  0.025491  0.013959  0.029675  0.000000  0.000000  0.000000  1.000000  
145.613142 -0.028562  -0.013564  -0.017552  0.759851  -0.194276  0.620390  -0.364385  0.663028  0.653925  -0.538377  -0.722946  0.433012  0.025970  0.014749  0.030345  0.000000  0.000000  0.000000  1.000000  
145.614387 -0.028539  -0.013547  -0.017510  0.759926  -0.194262  0.620302  -0.364228  0.663147  0.653892  -0.538377  -0.722841  0.433187  0.026265  0.015465  0.030847  0.000000  0.000000  0.000000  1.000000  
145.615634 -0.028514  -0.013527  -0.017469  0.759936  -0.194335  0.620267  -0.364041  0.663307  0.653833  -0.538490  -0.722674  0.433325  0.026360  0.015969  0.031232  0.000000  0.000000  0.000000  1.000000  
145.616883 -0.028485  -0.013502  -0.017431  0.760011  -0.194396  0.620156  -0.363884  0.663347  0.653881  -0.538490  -0.722621  0.433413  0.026361  0.016356  0.031487  0.000000  0.000000  0.000000  1.000000  
145.618135 -0.028452  -0.013478  -0.017392  0.760021  -0.194470  0.620121  -0.363696  0.663507  0.653822  -0.538603  -0.722454  0.433551  0.026146  0.016624  0.031612  0.000000  0.000000  0.000000  1.000000  
145.619383 -0.028423  -0.013455  -0.017352  0.760021  -0.194319  0.620168  -0.363696  0.663665  0.653661  -0.538603  -0.722349  0.433726  0.025471  0.016808  0.031539  0.000000  0.000000  0.000000  1.000000  
145.620383 -0.028400  -0.013438  -0.017321  0.760031  -0.194468  0.620109  -0.363509  0.663746  0.653683  -0.538716  -0.722235  0.433777  0.024738  0.016805  0.031334  0.000000  0.000000  0.000000  1.000000  
145.621633 -0.028372  -0.013415  -0.017287  0.760041  -0.194541  0.620074  -0.363321  0.663907  0.653625  -0.538828  -0.722068  0.433915  0.023957  0.016734  0.031041  0.000000  0.000000  0.000000  1.000000  
145.622883 -0.028346  -0.013393  -0.017254  0.760190  -0.194739  0.619829  -0.363008  0.663906  0.653800  -0.538828  -0.722015  0.434003  0.023049  0.016479  0.030724  0.000000  0.000000  0.000000  1.000000  
145.623889 -0.028327  -0.013380  -0.017227  0.760265  -0.194726  0.619741  -0.362852  0.664024  0.653766  -0.538828  -0.721910  0.434178  0.022279  0.016085  0.030647  0.000000  0.000000  0.000000  1.000000  
145.625134 -0.028308  -0.013369  -0.017191  0.760414  -0.194849  0.619519  -0.362539  0.664103  0.653860  -0.538828  -0.721804  0.434353  0.021412  0.015541  0.030635  0.000000  0.000000  0.000000  1.000000  
145.626383 -0.028291  -0.013359  -0.017152  0.760563  -0.195047  0.619274  -0.362226  0.664102  0.654035  -0.538828  -0.721752  0.434440  0.020447  0.015100  0.030621  0.000000  0.000000  0.000000  1.000000  
145.627394 -0.028277  -0.013349  -0.017120  0.760712  -0.195170  0.619052  -0.361912  0.664180  0.654129  -0.538828  -0.721646  0.434615  0.019923  0.014981  0.030415  0.000000  0.000000  0.000000  1.000000  
145.628638 -0.028259  -0.013334  -0.017081  0.760936  -0.195505  0.618672  -0.361443  0.664139  0.654430  -0.538828  -0.721594  0.434703  0.019632  0.014984  0.030201  0.000000  0.000000  0.000000  1.000000  
145.629640 -0.028242  -0.013321  -0.017049  0.761010  -0.195492  0.618584  -0.361286  0.664257  0.654396  -0.538828  -0.721488  0.434878  0.019525  0.014828  0.030134  0.000000  0.000000  0.000000  1.000000  
145.630888 -0.028220  -0.013303  -0.017009  0.761233  -0.195827  0.618204  -0.360816  0.664216  0.654698  -0.538828  -0.721435  0.434966  0.019172  0.014482  0.030212  0.000000  0.000000  0.000000  1.000000  
145.631890 -0.028200  -0.013289  -0.016976  0.761382  -0.195951  0.617982  -0.360502  0.664294  0.654791  -0.538828  -0.721330  0.435141  0.018848  0.014143  0.030350  0.000000  0.000000  0.000000  1.000000  
145.633136 -0.028175  -0.013269  -0.016933  0.761530  -0.196074  0.617760  -0.360189  0.664372  0.654884  -0.538828  -0.721224  0.435316  0.018407  0.013873  0.030475  0.000000  0.000000  0.000000  1.000000  
145.634383 -0.028149  -0.013249  -0.016890  0.761678  -0.196198  0.617537  -0.359875  0.664450  0.654977  -0.538828  -0.721119  0.435490  0.018252  0.013776  0.030790  0.000000  0.000000  0.000000  1.000000  
145.635383 -0.028129  -0.013234  -0.016856  0.761826  -0.196322  0.617315  -0.359562  0.664528  0.655071  -0.538828  -0.721013  0.435665  0.018062  0.013611  0.031048  0.000000  0.000000  0.000000  1.000000  
145.636383 -0.028112  -0.013220  -0.016822  0.761966  -0.196222  0.617175  -0.359436  0.664606  0.655061  -0.538716  -0.720969  0.435878  0.017652  0.013186  0.031485  0.000000  0.000000  0.000000  1.000000  
145.637633 -0.028092  -0.013207  -0.016779  0.762113  -0.196346  0.616953  -0.359122  0.664684  0.655154  -0.538716  -0.720863  0.436053  0.017242  0.012636  0.032229  0.000000  0.000000  0.000000  1.000000  
145.638634 -0.028077  -0.013198  -0.016744  0.762326  -0.196383  0.616678  -0.358839  0.664721  0.655272  -0.538603  -0.720819  0.436265  0.017064  0.012381  0.032628  0.000000  0.000000  0.000000  1.000000  
145.639889 -0.028058  -0.013187  -0.016699  0.762539  -0.196419  0.616403  -0.358555  0.664758  0.655389  -0.538490  -0.720775  0.436477  0.016945  0.012310  0.033300  0.000000  0.000000  0.000000  1.000000  
145.641134 -0.028037  -0.013177  -0.016655  0.762752  -0.196382  0.616152  -0.358272  0.664875  0.655426  -0.538377  -0.720677  0.436776  0.017203  0.012329  0.033675  -0.042245  0.200506  -0.115532  1.000000  
145.642385 -0.028015  -0.013164  -0.016610  0.762891  -0.196282  0.616012  -0.358146  0.664952  0.655416  -0.538265  -0.720633  0.436989  0.017491  0.012328  0.033994  -0.038216  0.202781  -0.111776  1.000000  
145.643407 -0.027996  -0.013153  -0.016574  0.763030  -0.196182  0.615872  -0.358019  0.665030  0.655406  -0.538152  -0.720589  0.437201  0.017777  0.012271  0.034317  -0.034812  0.209285  -0.115685  1.000000  
145.644636 -0.027971  -0.013136  -0.016527  0.763169  -0.196082  0.615731  -0.357893  0.665107  0.655397  -0.538039  -0.720544  0.437413  0.018038  0.012322  0.034808  -0.034833  0.214033  -0.108106  1.000000  
145.645642 -0.027950  -0.013122  -0.016488  0.763169  -0.195933  0.615779  -0.357893  0.665266  0.655235  -0.538039  -0.720438  0.437588  0.018265  0.012266  0.035298  -0.042623  0.208962  -0.105102  1.000000  
145.646889 -0.027923  -0.013106  -0.016438  0.763234  -0.195696  0.615773  -0.357923  0.665384  0.655099  -0.537926  -0.720393  0.437800  0.018523  0.012175  0.035847  0.000000  0.000000  0.000000  1.000000  
145.648137 -0.027897  -0.013089  -0.016386  0.763364  -0.195298  0.615738  -0.357984  0.665541  0.654906  -0.537701  -0.720357  0.438137  0.018500  0.011920  0.036482  0.000000  0.000000  0.000000  1.000000  
145.649140 -0.027878  -0.013076  -0.016344  0.763429  -0.194986  0.615756  -0.358015  0.665738  0.654689  -0.537588  -0.720259  0.438436  0.018365  0.011704  0.037003  0.000000  0.000000  0.000000  1.000000  
145.650383 -0.027855  -0.013059  -0.016292  0.763560  -0.194588  0.615721  -0.358076  0.665895  0.654497  -0.537362  -0.720222  0.438773  0.018281  0.011565  0.037636  0.000000  0.000000  0.000000  1.000000  
145.651633 -0.027836  -0.013045  -0.016239  0.763616  -0.193977  0.615843  -0.358294  0.666170  0.654097  -0.537137  -0.720132  0.439197  0.018146  0.011494  0.038319  0.000000  0.000000  0.000000  1.000000  
145.652633 -0.027821  -0.013034  -0.016199  0.763607  -0.193454  0.616019  -0.358482  0.666487  0.653672  -0.537024  -0.719980  0.439584  0.018068  0.011515  0.038657  0.000000  0.000000  0.000000  1.000000  
145.653634 -0.027806  -0.013024  -0.016157  0.763737  -0.192981  0.616006  -0.358543  0.666722  0.653398  -0.536798  -0.719889  0.440008  0.018055  0.011624  0.039186  0.000000  0.000000  0.000000  1.000000  
145.654884 -0.027786  -0.013009  -0.016106  0.763794  -0.192296  0.616151  -0.358761  0.667076  0.652917  -0.536572  -0.719745  0.440520  0.018084  0.011863  0.039600  -0.147724  0.189732  -0.010789  1.000000  
145.655889 -0.027771  -0.012996  -0.016063  0.763924  -0.191822  0.616137  -0.358822  0.667310  0.652643  -0.536346  -0.719653  0.440944  0.018042  0.012230  0.040111  -0.168257  0.180991  0.005818  1.000000  
145.657133 -0.027751  -0.012980  -0.016010  0.763980  -0.191137  0.616281  -0.359041  0.667664  0.652162  -0.536120  -0.719508  0.441456  0.017876  0.012458  0.040624  -0.190151  0.169373  0.022333  1.000000  
145.658133 -0.027734  -0.012965  -0.015966  0.764035  -0.190601  0.616377  -0.359259  0.667858  0.651842  -0.535895  -0.719470  0.441792  0.017836  0.012701  0.041152  -0.209310  0.159178  0.038931  1.000000  
145.659135 -0.027716  -0.012951  -0.015922  0.764165  -0.190128  0.616363  -0.359320  0.668093  0.651568  -0.535669  -0.719377  0.442216  0.017689  0.012838  0.041602  -0.225154  0.158898  0.049510  1.000000  
145.660140 -0.027698  -0.012936  -0.015878  0.764221  -0.189592  0.616459  -0.359538  0.668287  0.651249  -0.535443  -0.719338  0.442553  0.017455  0.012854  0.042034  -0.245945  0.144954  0.069686  1.000000  
145.661387 -0.027676  -0.012918  -0.015824  0.764341  -0.188894  0.616524  -0.359787  0.668519  0.650873  -0.535104  -0.719307  0.443015  0.017223  0.012975  0.042285  -0.265259  0.137054  0.090260  1.000000  
145.662392 -0.027659  -0.012906  -0.015781  0.764471  -0.188420  0.616508  -0.359848  0.668752  0.650599  -0.534878  -0.719213  0.443439  0.016778  0.012902  0.042461  -0.282578  0.130716  0.103117  1.000000  
145.663639 -0.027641  -0.012890  -0.015728  0.764591  -0.187648  0.616595  -0.360097  0.669063  0.650143  -0.534538  -0.719127  0.443988  0.016354  0.012766  0.042493  -0.308270  0.123918  0.124540  1.000000  
145.664884 -0.027626  -0.012876  -0.015677  0.764711  -0.186800  0.616704  -0.360346  0.669451  0.649605  -0.534199  -0.718986  0.444624  0.015831  0.012644  0.042326  -0.335770  0.116090  0.145144  1.000000  
145.665884 -0.027615  -0.012866  -0.015639  0.764766  -0.186114  0.616843  -0.360564  0.669801  0.649122  -0.533973  -0.718838  0.445135  0.015526  0.012545  0.042154  -0.352496  0.107642  0.153746  1.000000  
145.666885 -0.027604  -0.012856  -0.015600  0.764895  -0.185566  0.616848  -0.360625  0.670113  0.648767  -0.533747  -0.718689  0.445646  0.015198  0.012490  0.041940  -0.378795  0.098359  0.171801  1.000000  
145.667885 -0.027593  -0.012846  -0.015561  0.764950  -0.184880  0.616986  -0.360843  0.670462  0.648284  -0.533520  -0.718540  0.446157  0.014962  0.012434  0.041765  -0.398445  0.093172  0.185533  1.000000  
145.668935 -0.027581  -0.012835  -0.015522  0.765143  -0.184245  0.616935  -0.360935  0.670732  0.647954  -0.533181  -0.718451  0.446706  0.014651  0.012361  0.041545  -0.417393  0.087847  0.198942  1.000000  
145.670133 -0.027567  -0.012821  -0.015470  0.765337  -0.183460  0.616929  -0.361026  0.671159  0.647461  -0.532841  -0.718253  0.447429  0.014350  0.012386  0.041674  -0.445895  0.082851  0.213016  1.000000  
145.671384 -0.027553  -0.012804  -0.015417  0.765530  -0.182676  0.616922  -0.361117  0.671586  0.646967  -0.532501  -0.718054  0.448152  0.013982  0.012391  0.041672  -0.465877  0.082705  0.223683  1.000000  
145.672634 -0.027538  -0.012787  -0.015363  0.765798  -0.182030  0.616781  -0.361051  0.671975  0.646601  -0.532162  -0.717855  0.448875  0.013565  0.012357  0.041641  -0.486275  0.087542  0.231314  1.000000  
145.673636 -0.027526  -0.012773  -0.015319  0.765991  -0.181320  0.616750  -0.361142  0.672322  0.646189  -0.531822  -0.717709  0.449511  0.013163  0.012309  0.041642  -0.506219  0.086670  0.240047  1.000000  
145.674885 -0.027510  -0.012755  -0.015266  0.766184  -0.180536  0.616740  -0.361233  0.672748  0.645694  -0.531482  -0.717508  0.450233  0.012701  0.012248  0.041536  -0.530000  0.086528  0.250597  1.000000  
145.675887 -0.027499  -0.012742  -0.015224  0.766451  -0.179965  0.616575  -0.361166  0.673058  0.645409  -0.531142  -0.717360  0.450869  0.012406  0.012204  0.041426  -0.542945  0.097084  0.257226  1.000000  
145.676890 -0.027489  -0.012730  -0.015184  0.766580  -0.179343  0.616597  -0.361226  0.673445  0.644970  -0.530915  -0.717152  0.451466  0.011846  0.012133  0.041220  -0.559165  0.099556  0.260970  1.000000  
145.678139 -0.027478  -0.012715  -0.015135  0.766911  -0.178536  0.616419  -0.361190  0.673871  0.644547  -0.530461  -0.716954  0.452314  0.011343  0.012076  0.040951  -0.575763  0.111785  0.269263  1.000000  
145.679387 -0.027469  -0.012704  -0.015086  0.767104  -0.177603  0.616449  -0.361280  0.674451  0.643888  -0.530121  -0.716640  0.453210  0.010818  0.011896  0.040758  -0.600277  0.114357  0.273041  1.000000  
145.680388 -0.027463  -0.012695  -0.015049  0.767371  -0.177033  0.616281  -0.361213  0.674761  0.643602  -0.529781  -0.716489  0.453845  0.010522  0.011753  0.040610  -0.608755  0.124207  0.277512  1.000000  
145.681634 -0.027453  -0.012683  -0.015003  0.767691  -0.175926  0.616198  -0.361364  0.675259  0.642994  -0.529213  -0.716293  0.454817  0.010258  0.011720  0.040523  -0.625510  0.136531  0.285818  1.000000  
145.682635 -0.027444  -0.012673  -0.014966  0.767958  -0.175282  0.616050  -0.361296  0.675646  0.642625  -0.528872  -0.716085  0.455539  0.010078  0.011717  0.040390  -0.630320  0.149024  0.283337  1.000000  
145.683900 -0.027434  -0.012660  -0.014918  0.768278  -0.174176  0.615964  -0.361447  0.676144  0.642017  -0.528305  -0.715886  0.456511  0.009857  0.011694  0.040326  -0.646300  0.156329  0.294513  1.000000  
145.685134 -0.027421  -0.012645  -0.014870  0.768597  -0.172996  0.615898  -0.361597  0.676718  0.641327  -0.527736  -0.715629  0.457569  0.009751  0.011677  0.039963  -0.661948  0.169764  0.304171  1.000000  
145.686383 -0.027408  -0.012628  -0.014822  0.768927  -0.172117  0.615733  -0.361559  0.677219  0.640819  -0.527282  -0.715367  0.458502  0.009703  0.011717  0.039632  -0.674573  0.179710  0.308549  1.000000  
145.687633 -0.027394  -0.012611  -0.014774  0.769182  -0.171023  0.615719  -0.361679  0.677833  0.640102  -0.526827  -0.715048  0.459522  0.009604  0.011694  0.039222  -0.693175  0.193797  0.308509  1.000000  
145.688635 -0.027383  -0.012598  -0.014736  0.769438  -0.170080  0.615661  -0.361799  0.678291  0.639548  -0.526372  -0.714838  0.460368  0.009553  0.011669  0.038836  -0.709389  0.198785  0.315940  1.000000  
145.689636 -0.027372  -0.012584  -0.014699  0.769629  -0.169148  0.615679  -0.361889  0.678867  0.638886  -0.526031  -0.714513  0.461263  0.009377  0.011605  0.038431  -0.730195  0.206380  0.316481  1.000000  
145.690886 -0.027360  -0.012569  -0.014652  0.769947  -0.167894  0.615624  -0.362039  0.679516  0.638112  -0.525462  -0.714192  0.462407  0.009246  0.011559  0.038151  -0.752690  0.209787  0.321316  1.000000  
145.691887 -0.027352  -0.012556  -0.014614  0.770265  -0.166790  0.615527  -0.362188  0.680009  0.637501  -0.524892  -0.713981  0.463378  0.009128  0.011545  0.037994  -0.773123  0.222040  0.329278  1.000000  
145.693135 -0.027342  -0.012542  -0.014566  0.770582  -0.165462  0.615488  -0.362337  0.680733  0.636643  -0.524323  -0.713600  0.464608  0.009031  0.011558  0.037953  -0.797853  0.232092  0.333487  1.000000  
145.694138 -0.027335  -0.012530  -0.014527  0.770911  -0.164584  0.615312  -0.362298  0.681231  0.636132  -0.523867  -0.713327  0.465540  0.009127  0.011755  0.037895  -0.809345  0.246640  0.333519  1.000000  
145.695390 -0.027324  -0.012516  -0.014479  0.771291  -0.163171  0.615211  -0.362477  0.681913  0.635299  -0.523183  -0.713001  0.466808  0.009239  0.011934  0.037992  -0.831344  0.254646  0.345709  1.000000  
145.696638 -0.027312  -0.012501  -0.014431  0.771533  -0.161629  0.615315  -0.362784  0.682744  0.634230  -0.522613  -0.712556  0.468124  0.009410  0.012174  0.038145  -0.862296  0.261900  0.355667  1.000000  
145.697639 -0.027301  -0.012487  -0.014393  0.771786  -0.160537  0.615284  -0.362903  0.683351  0.633508  -0.522156  -0.712221  0.469141  0.009581  0.012428  0.038150  -0.879009  0.272018  0.359823  1.000000  
145.698899 -0.027285  -0.012469  -0.014346  0.772165  -0.159050  0.615194  -0.363082  0.684106  0.632590  -0.521471  -0.711830  0.470495  0.009893  0.012753  0.038166  -0.905256  0.277745  0.368279  1.000000  
145.700133 -0.027269  -0.012450  -0.014300  0.772406  -0.157508  0.615289  -0.363389  0.684933  0.631518  -0.520900  -0.711378  0.471810  0.010161  0.013008  0.038013  -0.935757  0.277693  0.377503  1.000000  
145.701383 -0.027251  -0.012431  -0.014255  0.772784  -0.155946  0.615212  -0.363567  0.685761  0.630516  -0.520215  -0.710923  0.473248  0.010455  0.013150  0.037831  -0.960423  0.285540  0.389055  1.000000  
145.702383 -0.027237  -0.012417  -0.014218  0.773099  -0.154621  0.615151  -0.363715  0.686476  0.629652  -0.519644  -0.710523  0.474476  0.010654  0.013191  0.037696  -0.992502  0.288330  0.402725  1.000000  
145.703633 -0.027220  -0.012399  -0.014174  0.773464  -0.152833  0.615139  -0.364081  0.687293  0.628549  -0.518843  -0.710120  0.475953  0.010883  0.013248  0.037486  -1.020274  0.291244  0.417197  1.000000  
145.704635 -0.027208  -0.012387  -0.014138  0.773778  -0.151582  0.615053  -0.364229  0.687929  0.627767  -0.518271  -0.709773  0.477093  0.010925  0.013188  0.037427  -1.045143  0.299050  0.427913  1.000000  
145.705885 -0.027194  -0.012372  -0.014093  0.774217  -0.149788  0.614941  -0.364436  0.688863  0.626622  -0.517470  -0.709247  0.478741  0.011056  0.013145  0.037259  -1.080500  0.301981  0.442098  1.000000  
145.706890 -0.027184  -0.012360  -0.014057  0.774517  -0.148236  0.614938  -0.364772  0.689562  0.625656  -0.516783  -0.708894  0.480006  0.011226  0.013075  0.037089  -1.109317  0.307450  0.459878  1.000000  
145.708131 -0.027171  -0.012346  -0.014011  0.774955  -0.146442  0.614817  -0.364978  0.690493  0.624509  -0.515981  -0.708361  0.481653  0.011400  0.013072  0.037019  -1.144524  0.310501  0.473945  1.000000  
145.709135 -0.027159  -0.012334  -0.013974  0.775241  -0.144588  0.614895  -0.365503  0.691254  0.623359  -0.515178  -0.707999  0.483041  0.011678  0.013082  0.036931  -1.177454  0.313703  0.498932  1.000000  
145.710160 -0.027148  -0.012321  -0.013937  0.775602  -0.142876  0.614840  -0.365868  0.691983  0.622335  -0.514375  -0.707634  0.484429  0.011923  0.013187  0.036673  -1.212186  0.314047  0.519653  1.000000  
145.711388 -0.027133  -0.012304  -0.013891  0.776011  -0.140628  0.614842  -0.366452  0.692884  0.620987  -0.513342  -0.707203  0.486152  0.012135  0.013363  0.036552  -1.248699  0.315094  0.541041  1.000000  
145.712389 -0.027120  -0.012289  -0.013855  0.776370  -0.138842  0.614795  -0.366817  0.693683  0.619878  -0.512538  -0.706772  0.487625  0.012231  0.013446  0.036465  -1.284393  0.315855  0.562162  1.000000  
145.713637 -0.027104  -0.012269  -0.013808  0.776927  -0.136656  0.614580  -0.367080  0.694747  0.618529  -0.511504  -0.706153  0.489604  0.012324  0.013557  0.036459  -1.325905  0.326946  0.576964  1.000000  
145.714889 -0.027087  -0.012250  -0.013762  0.777394  -0.134100  0.614553  -0.367692  0.695823  0.616955  -0.510354  -0.705583  0.491621  0.012347  0.013552  0.036427  -1.368851  0.330370  0.601295  1.000000  
145.716137 -0.027071  -0.012233  -0.013715  0.777996  -0.131602  0.614331  -0.368173  0.696827  0.615533  -0.509087  -0.705063  0.493676  0.012186  0.013421  0.036614  -1.416854  0.339086  0.633553  1.000000  
145.717384 -0.027056  -0.012218  -0.013669  0.778521  -0.128813  0.614257  -0.368814  0.698002  0.613816  -0.507820  -0.704415  0.495901  0.012024  0.013231  0.036572  -1.468884  0.348015  0.665720  1.000000  
145.718635 -0.027044  -0.012203  -0.013626  0.779181  -0.126232  0.613957  -0.369323  0.698957  0.612421  -0.506436  -0.703935  0.497994  0.011692  0.013013  0.036552  -1.508978  0.361834  0.694516  1.000000  
145.719891 -0.027035  -0.012192  -0.013584  0.779915  -0.123722  0.613536  -0.369671  0.699957  0.611067  -0.505051  -0.703387  0.500171  0.011353  0.012803  0.036366  -1.545287  0.383218  0.723516  1.000000  
145.721133 -0.027026  -0.012181  -0.013542  0.780509  -0.121155  0.613292  -0.370149  0.701020  0.609558  -0.503780  -0.702775  0.502307  0.011078  0.012491  0.036099  -1.585845  0.392383  0.744953  1.000000  
145.722133 -0.027018  -0.012174  -0.013511  0.781041  -0.118971  0.613042  -0.370599  0.701823  0.608359  -0.502624  -0.702346  0.504063  0.010882  0.012177  0.035752  -1.613866  0.403861  0.770045  1.000000  
145.723143 -0.027011  -0.012168  -0.013480  0.781648  -0.116859  0.612675  -0.370887  0.702674  0.607200  -0.501467  -0.701850  0.505903  0.010675  0.011867  0.035362  -1.649451  0.415268  0.794830  1.000000  
145.724383 -0.027001  -0.012159  -0.013442  0.782298  -0.114136  0.612358  -0.371392  0.703759  0.605632  -0.500077  -0.701210  0.508161  0.010349  0.011414  0.034823  -1.684062  0.428735  0.820448  1.000000  
145.725384 -0.026994  -0.012152  -0.013411  0.782962  -0.111867  0.611928  -0.371708  0.704638  0.604416  -0.498802  -0.700693  0.510123  0.010098  0.011145  0.034461  -1.720572  0.445296  0.841931  1.000000  
145.726633 -0.026983  -0.012141  -0.013372  0.783805  -0.109124  0.611344  -0.372108  0.705613  0.603031  -0.497178  -0.700144  0.512457  0.009791  0.010604  0.033997  -1.749177  0.474678  0.870641  1.000000  
145.727638 -0.026975  -0.012133  -0.013340  0.784525  -0.106775  0.610835  -0.372450  0.706447  0.601843  -0.495784  -0.699666  0.514457  0.009434  0.010046  0.033670  -1.781183  0.496435  0.899054  1.000000  
145.728673 -0.026967  -0.012126  -0.013307  0.785183  -0.104512  0.610381  -0.372762  0.707318  0.600625  -0.494505  -0.699127  0.516416  0.009058  0.009436  0.033353  -1.814902  0.514712  0.923376  1.000000  
145.729889 -0.026960  -0.012118  -0.013263  0.786155  -0.101615  0.609618  -0.373025  0.708442  0.599135  -0.492760  -0.698416  0.519040  0.008465  0.008785  0.033258  -1.853685  0.552646  0.952782  1.000000  
145.730892 -0.026954  -0.012113  -0.013228  0.786928  -0.099113  0.609032  -0.373392  0.709300  0.597889  -0.491246  -0.697904  0.521160  0.007936  0.008120  0.032973  -1.885928  0.574987  0.981096  1.000000  
145.732134 -0.026950  -0.012108  -0.013186  0.787954  -0.095991  0.608206  -0.373680  0.710523  0.596255  -0.489380  -0.697096  0.523989  0.007208  0.007424  0.032773  -1.927645  0.608407  1.013225  1.000000  
145.733137 -0.026947  -0.012105  -0.013153  0.788798  -0.093494  0.607500  -0.373882  0.711502  0.594960  -0.487862  -0.696437  0.526276  0.006759  0.006865  0.032623  -1.961118  0.640867  1.034356  1.000000  
145.734383 -0.026946  -0.012102  -0.013113  0.789817  -0.090453  0.606635  -0.374165  0.712647  0.593410  -0.485992  -0.695667  0.529016  0.006150  0.006245  0.032487  -1.998206  0.668625  1.057440  1.000000  
145.735383 -0.026947  -0.012102  -0.013080  0.790580  -0.087816  0.606029  -0.374527  0.713638  0.591988  -0.484472  -0.694988  0.531299  0.005620  0.005682  0.032454  -2.030350  0.691551  1.085025  1.000000  
145.736383 -0.026947  -0.012102  -0.013048  0.791476  -0.085244  0.605226  -0.374752  0.714570  0.590721  -0.482832  -0.694351  0.533620  0.005113  0.005161  0.032399  -2.063380  0.719441  1.109242  1.000000  
145.737633 -0.026948  -0.012104  -0.013009  0.792486  -0.082141  0.604334  -0.375030  0.715778  0.589080  -0.480956  -0.693481  0.536438  0.004415  0.004484  0.032450  -2.102469  0.756778  1.135191  1.000000  
145.738885 -0.026948  -0.012105  -0.012970  0.793608  -0.078875  0.603295  -0.375361  0.716902  0.587499  -0.478843  -0.692697  0.539333  0.003843  0.003836  0.032471  -2.132321  0.800516  1.158764  1.000000  
145.739886 -0.026948  -0.012106  -0.012940  0.794437  -0.076399  0.602523  -0.375553  0.717867  0.586198  -0.477316  -0.691976  0.541608  0.003314  0.003272  0.032438  -2.159817  0.829225  1.172783  1.000000  
145.741135 -0.026947  -0.012107  -0.012902  0.795494  -0.073153  0.601530  -0.375852  0.719096  0.584496  -0.475316  -0.691050  0.544542  0.002542  0.002438  0.032408  -2.186679  0.865410  1.185535  1.000000  
145.742136 -0.026947  -0.012109  -0.012873  0.796375  -0.070527  0.600677  -0.376068  0.720087  0.583136  -0.473667  -0.690291  0.546936  0.002105  0.001875  0.032266  -2.219480  0.891224  1.205167  1.000000  
145.743136 -0.026948  -0.012112  -0.012842  0.797310  -0.067894  0.599739  -0.376309  0.720965  0.581894  -0.471898  -0.689637  0.549284  0.001524  0.001183  0.032115  -2.236892  0.922041  1.221120  1.000000  
145.744149 -0.026950  -0.012115  -0.012811  0.798186  -0.065276  0.598864  -0.376521  0.721951  0.580532  -0.470246  -0.688858  0.551673  0.000870  0.000400  0.031846  -2.260071  0.955532  1.239282  1.000000  
145.745389 -0.026953  -0.012121  -0.012773  0.799285  -0.061966  0.597748  -0.376839  0.723130  0.578857  -0.468119  -0.687927  0.554636  0.000240  -0.000356  0.031560  -2.283134  0.992643  1.251211  1.000000  
145.746637 -0.026959  -0.012128  -0.012736  0.800380  -0.058661  0.596615  -0.377154  0.724304  0.577181  -0.465989  -0.686980  0.557595  -0.000568  -0.001308  0.031098  -2.305310  1.025013  1.266364  1.000000  
145.747640 -0.026964  -0.012134  -0.012705  0.801225  -0.055752  0.595760  -0.377552  0.725325  0.575637  -0.464213  -0.686145  0.560099  -0.001107  -0.001868  0.030923  -2.330294  1.049071  1.281605  1.000000  
145.748885 -0.026972  -0.012142  -0.012665  0.802423  -0.052076  0.594478  -0.377915  0.726623  0.573759  -0.461841  -0.685060  0.563379  -0.001709  -0.002643  0.030886  -2.364762  1.084625  1.299784  1.000000  
145.750133 -0.026981  -0.012149  -0.012623  0.803483  -0.048268  0.593368  -0.378414  0.728035  0.571636  -0.459585  -0.683838  0.566699  -0.002341  -0.003232  0.030963  -2.406475  1.115497  1.321262  1.000000  
145.751134 -0.026989  -0.012156  -0.012588  0.804338  -0.045606  0.592419  -0.378614  0.729073  0.570178  -0.457920  -0.682915  0.569154  -0.002750  -0.003591  0.031255  -2.431894  1.137282  1.332729  1.000000  
145.752135 -0.026996  -0.012162  -0.012551  0.805168  -0.042715  0.591506  -0.379005  0.730078  0.568631  -0.456135  -0.682027  0.571647  -0.003251  -0.003964  0.031572  -2.456802  1.156126  1.340234  1.000000  
145.753383 -0.027004  -0.012168  -0.012505  0.806238  -0.039302  0.590284  -0.379306  0.731368  0.566770  -0.453990  -0.680849  0.574749  -0.003728  -0.004267  0.031984  -2.482178  1.177223  1.350488  1.000000  
145.754634 -0.027012  -0.012175  -0.012460  0.807280  -0.035592  0.589095  -0.379796  0.732691  0.564730  -0.451724  -0.679630  0.577969  -0.004341  -0.004682  0.032575  -2.516360  1.210574  1.371705  1.000000  
145.755890 -0.027019  -0.012181  -0.012415  0.808371  -0.031877  0.587810  -0.380309  0.733900  0.562810  -0.449335  -0.678509  0.581140  -0.004866  -0.005023  0.033020  -2.544386  1.231319  1.388651  1.000000  
145.757133 -0.027026  -0.012189  -0.012370  0.809269  -0.028112  0.586765  -0.380935  0.735255  0.560614  -0.447182  -0.677207  0.584311  -0.005250  -0.005352  0.033485  -2.584148  1.237389  1.398839  1.000000  
145.758383 -0.027035  -0.012198  -0.012326  0.810349  -0.024412  0.585439  -0.381444  0.736453  0.558693  -0.444787  -0.676048  0.587472  -0.005715  -0.005706  0.033919  -2.606511  1.256865  1.413244  1.000000  
145.759633 -0.027043  -0.012209  -0.012281  0.811476  -0.020567  0.584023  -0.381974  0.737674  0.556716  -0.442269  -0.674844  0.590749  -0.006194  -0.006121  0.034358  -2.636174  1.275396  1.436140  1.000000  
145.760644 -0.027051  -0.012218  -0.012246  0.812253  -0.017340  0.583048  -0.382544  0.738748  0.554897  -0.440348  -0.673758  0.593417  -0.006505  -0.006381  0.034716  -2.665283  1.285476  1.447882  1.000000  
145.761888 -0.027061  -0.012231  -0.012202  0.813316  -0.013591  0.581664  -0.383045  0.739996  0.552885  -0.437944  -0.672473  0.596645  -0.006713  -0.006771  0.035084  -2.684781  1.297012  1.461146  1.000000  
145.762889 -0.027070  -0.012241  -0.012166  0.814083  -0.010445  0.580655  -0.383611  0.740993  0.551155  -0.436018  -0.671432  0.599223  -0.006926  -0.007064  0.035430  -2.698662  1.302368  1.470700  1.000000  
145.764137 -0.027081  -0.012255  -0.012119  0.815136  -0.006711  0.579231  -0.384107  0.742230  0.549142  -0.433608  -0.670112  0.602440  -0.007140  -0.007443  0.035856  -2.727239  1.311857  1.489153  1.000000  
145.765383 -0.027091  -0.012268  -0.012071  0.816155  -0.002822  0.577826  -0.384793  0.743357  0.547134  -0.431075  -0.668889  0.605609  -0.007200  -0.007877  0.036269  -2.740492  1.323795  1.504303  1.000000  
145.766384 -0.027099  -0.012279  -0.012032  0.816909  0.000236  0.576767  -0.385353  0.744271  0.545494  -0.429142  -0.667878  0.608092  -0.007266  -0.008174  0.036483  -2.757416  1.326981  1.517219  1.000000  
145.767633 -0.027108  -0.012291  -0.011982  0.817996  0.004028  0.575210  -0.385866  0.745452  0.543514  -0.426602  -0.666547  0.611331  -0.007294  -0.008415  0.036723  -2.774339  1.339107  1.531897  1.000000  
145.768633 -0.027115  -0.012301  -0.011943  0.818792  0.007224  0.574045  -0.386448  0.746385  0.541819  -0.424544  -0.665476  0.613926  -0.007358  -0.008767  0.036940  -2.795979  1.342804  1.545270  1.000000  
145.769633 -0.027122  -0.012309  -0.011902  0.819635  0.010565  0.572789  -0.387052  0.747339  0.540069  -0.422362  -0.664358  0.616634  -0.007374  -0.008943  0.037197  -2.818622  1.352361  1.566690  1.000000  
145.770883 -0.027131  -0.012321  -0.011851  0.820806  0.014493  0.571023  -0.387605  0.748429  0.538160  -0.419571  -0.663056  0.619933  -0.007480  -0.009280  0.037645  -2.830491  1.367476  1.583840  1.000000  
145.771885 -0.027138  -0.012331  -0.011809  0.821638  0.017819  0.569732  -0.388205  0.749374  0.536411  -0.417383  -0.661908  0.622631  -0.007592  -0.009583  0.038058  -2.852231  1.377527  1.604253  1.000000  
145.772898 -0.027146  -0.012341  -0.011766  0.822414  0.020991  0.568502  -0.388779  0.750286  0.534717  -0.415315  -0.660780  0.625206  -0.007715  -0.009798  0.038491  -2.869270  1.377802  1.614690  1.000000  
145.774133 -0.027157  -0.012355  -0.011713  0.823535  0.025264  0.566703  -0.389516  0.751446  0.532546  -0.412392  -0.659310  0.628683  -0.007826  -0.010079  0.039081  -2.894529  1.392981  1.640045  1.000000  
145.775136 -0.027167  -0.012368  -0.011670  0.824430  0.028415  0.565249  -0.389940  0.752381  0.530915  -0.410197  -0.658116  0.631366  -0.008016  -0.010290  0.039590  -2.909402  1.405783  1.645546  1.000000  
145.776383 -0.027178  -0.012384  -0.011618  0.825438  0.032441  0.563560  -0.390624  0.753539  0.528764  -0.407511  -0.656602  0.634672  -0.008089  -0.010533  0.040154  -2.931571  1.414171  1.662231  1.000000  
145.777395 -0.027188  -0.012397  -0.011576  0.826291  0.035742  0.562108  -0.391236  0.754355  0.527145  -0.405188  -0.655492  0.637301  -0.008159  -0.010712  0.040581  -2.940759  1.424604  1.682735  1.000000  
145.778639 -0.027200  -0.012415  -0.011524  0.827463  0.039549  0.560126  -0.391791  0.755243  0.525460  -0.402250  -0.654251  0.640430  -0.008246  -0.011009  0.041008  -2.935497  1.437865  1.695370  1.000000  
145.779641 -0.027209  -0.012429  -0.011483  0.828304  0.042699  0.558650  -0.392398  0.755924  0.524026  -0.399921  -0.653266  0.642889  -0.008270  -0.011215  0.041162  -2.925902  1.449964  1.708740  1.000000  
145.780888 -0.027221  -0.012446  -0.011432  0.829379  0.046778  0.556724  -0.393116  0.756920  0.522045  -0.396976  -0.651831  0.646163  -0.008377  -0.011523  0.041310  -2.935845  1.464984  1.732092  1.000000  
145.782133 -0.027232  -0.012464  -0.011381  0.830493  0.050789  0.554708  -0.393854  0.757747  0.520287  -0.393904  -0.650569  0.649307  -0.008474  -0.011851  0.041426  -2.934844  1.483844  1.750697  1.000000  
145.783135 -0.027241  -0.012478  -0.011340  0.831443  0.053906  0.552989  -0.394304  0.758451  0.518918  -0.391443  -0.649496  0.651864  -0.008621  -0.012233  0.041476  -2.937413  1.503097  1.771411  1.000000  
145.784135 -0.027250  -0.012493  -0.011300  0.832211  0.057015  0.551520  -0.394878  0.759216  0.517361  -0.389225  -0.648337  0.654341  -0.008815  -0.012616  0.041512  -2.935980  1.512605  1.781323  1.000000  
145.785383 -0.027262  -0.012511  -0.011248  0.833301  0.060998  0.549444  -0.395606  0.760029  0.515609  -0.386142  -0.647021  0.657464  -0.008976  -0.013057  0.041547  -2.930586  1.529596  1.796938  1.000000  
145.786383 -0.027272  -0.012527  -0.011205  0.834231  0.064091  0.547677  -0.396047  0.760723  0.514244  -0.383672  -0.645904  0.660003  -0.009165  -0.013429  0.041598  -2.930759  1.548878  1.808029  1.000000  
145.787633 -0.027286  -0.012547  -0.011151  0.835396  0.068276  0.545391  -0.396811  0.761516  0.512479  -0.380334  -0.644540  0.663260  -0.009490  -0.013966  0.041721  -2.926139  1.579615  1.828403  1.000000  
145.788634 -0.027298  -0.012563  -0.011109  0.836313  0.071352  0.543590  -0.397246  0.762204  0.511117  -0.377857  -0.643392  0.665785  -0.009690  -0.014233  0.041691  -2.925517  1.598337  1.838520  1.000000  
145.789883 -0.027313  -0.012584  -0.011054  0.837458  0.075448  0.541268  -0.398002  0.762926  0.509450  -0.374510  -0.642069  0.668947  -0.009907  -0.014613  0.041821  -2.916406  1.617458  1.855222  1.000000  
145.790885 -0.027325  -0.012600  -0.011010  0.838323  0.078741  0.539457  -0.398625  0.763555  0.508018  -0.371903  -0.640924  0.671494  -0.010074  -0.014823  0.041939  -2.912420  1.638314  1.867002  1.000000  
145.791890 -0.027337  -0.012616  -0.010967  0.839175  0.081648  0.537698  -0.399029  0.764210  0.506713  -0.369542  -0.639779  0.673886  -0.010200  -0.015077  0.041996  -2.900342  1.658841  1.869361  1.000000  
145.793133 -0.027350  -0.012637  -0.010912  0.840248  0.085636  0.535397  -0.399752  0.764956  0.505015  -0.366308  -0.638364  0.676986  -0.010293  -0.015275  0.042241  -2.895137  1.674498  1.882101  1.000000  
145.794140 -0.027361  -0.012652  -0.010868  0.841174  0.088680  0.533443  -0.400193  0.765532  0.503792  -0.363692  -0.637257  0.679435  -0.010459  -0.015403  0.042372  -2.886815  1.704543  1.894065  1.000000  
145.795388 -0.027375  -0.012673  -0.010811  0.842273  0.092722  0.531017  -0.400928  0.766234  0.502138  -0.360324  -0.635837  0.682552  -0.010604  -0.015590  0.042772  -2.881243  1.725642  1.911978  1.000000  
145.796636 -0.027389  -0.012693  -0.010755  0.843317  0.096546  0.528674  -0.401638  0.766845  0.500635  -0.357077  -0.634529  0.685470  -0.010818  -0.015769  0.043149  -2.868772  1.751000  1.925553  1.000000  
145.797639 -0.027400  -0.012710  -0.010709  0.844219  0.099498  0.526682  -0.402068  0.767353  0.499510  -0.354451  -0.633458  0.687819  -0.010954  -0.015977  0.043475  -2.853170  1.773153  1.928831  1.000000  
145.798884 -0.027413  -0.012732  -0.010653  0.845244  0.103301  0.524300  -0.402769  0.767959  0.498012  -0.351196  -0.632114  0.690719  -0.011027  -0.016190  0.043799  -2.839721  1.788178  1.940474  1.000000  
145.799891 -0.027425  -0.012750  -0.010608  0.846007  0.106254  0.522477  -0.403346  0.768417  0.496838  -0.348689  -0.631067  0.692943  -0.011213  -0.016399  0.044064  -2.818324  1.799310  1.941496  1.000000  
145.801133 -0.027440  -0.012773  -0.010552  0.847013  0.109973  0.520071  -0.404040  0.768955  0.495439  -0.345427  -0.629773  0.695748  -0.011389  -0.016700  0.044268  -2.794231  1.815881  1.945449  1.000000  
145.802383 -0.027455  -0.012797  -0.010497  0.848010  0.113742  0.517631  -0.404730  0.769549  0.493951  -0.342160  -0.628376  0.698620  -0.011420  -0.016979  0.044364  -2.777551  1.835250  1.951947  1.000000  
