1-Time 2-Px 3-Py 4-Pz 5-R11 6-R21 7-R31 8-R12 9-R22 10-R32 11-R13 12-R23 13-R33 14-Vx 15-Vy 16-Vz 17-Wx 18-Wy 19-Wz 20-state
14.429329 0.014855  -0.016929  -0.042555  0.367865  0.800787  0.472669  -0.900402  0.433724  -0.034049  -0.232274  -0.413067  0.880582  -0.007601  -0.002243  -0.002914  0.000000  0.000000  0.000000  1.000000  
14.430477 0.014848  -0.016932  -0.042554  0.368051  0.800697  0.472676  -0.900326  0.433889  -0.033952  -0.232274  -0.413067  0.880582  -0.007586  -0.002234  -0.002633  0.000000  0.000000  0.000000  1.000000  
14.431504 0.014841  -0.016935  -0.042522  0.368051  0.800697  0.472676  -0.900326  0.433889  -0.033952  -0.232274  -0.413067  0.880582  -0.007511  -0.002345  -0.000253  0.000000  0.000000  0.000000  1.000000  
14.432737 0.014833  -0.016940  -0.042462  0.368236  0.800665  0.472586  -0.900250  0.434050  -0.033907  -0.232274  -0.412960  0.880632  -0.006824  -0.003364  0.028491  0.000000  0.000000  0.000000  1.000000  
14.433744 0.014826  -0.016940  -0.042423  0.368421  0.800576  0.472593  -0.900175  0.434215  -0.033810  -0.232274  -0.412960  0.880632  -0.006975  -0.002469  0.030804  0.000000  0.000000  0.000000  1.000000  
14.434982 0.014813  -0.016935  -0.042396  0.368607  0.800486  0.472600  -0.900099  0.434380  -0.033713  -0.232274  -0.412960  0.880632  -0.007667  -0.001020  0.028861  0.000000  0.000000  0.000000  1.000000  
14.436227 0.014796  -0.016926  -0.042383  0.368607  0.800486  0.472600  -0.900099  0.434380  -0.033713  -0.232274  -0.412960  0.880632  -0.008781  0.000526  0.025399  0.000000  0.000000  0.000000  1.000000  
14.437478 0.014773  -0.016918  -0.042373  0.368618  0.800507  0.472555  -0.900127  0.434329  -0.033604  -0.232144  -0.412973  0.880660  -0.010338  0.001360  0.022669  0.000000  0.000000  0.000000  1.000000  
14.438484 0.014753  -0.016913  -0.042364  0.368618  0.800507  0.472555  -0.900127  0.434329  -0.033604  -0.232144  -0.412973  0.880660  -0.011308  0.001836  0.021216  0.000000  0.000000  0.000000  1.000000  
14.439487 0.014738  -0.016909  -0.042346  0.368618  0.800507  0.472555  -0.900127  0.434329  -0.033604  -0.232144  -0.412973  0.880660  -0.011737  0.002023  0.020810  0.000000  0.000000  0.000000  1.000000  
14.440730 0.014719  -0.016905  -0.042316  0.368804  0.800303  0.472756  -0.900052  0.434501  -0.033401  -0.232144  -0.413187  0.880560  -0.012088  0.002121  0.021241  0.000000  0.000000  0.000000  1.000000  
14.441984 0.014699  -0.016902  -0.042279  0.368792  0.800168  0.472995  -0.900023  0.434561  -0.033405  -0.232274  -0.413387  0.880432  -0.012474  0.002157  0.022010  0.000000  0.000000  0.000000  1.000000  
14.442992 0.014680  -0.016900  -0.042249  0.368792  0.800110  0.473092  -0.900023  0.434565  -0.033352  -0.232274  -0.413494  0.880381  -0.012998  0.002139  0.022604  0.000000  0.000000  0.000000  1.000000  
14.444228 0.014654  -0.016899  -0.042203  0.368607  0.800027  0.473376  -0.900099  0.434412  -0.033291  -0.232274  -0.413814  0.880231  -0.013669  0.002065  0.023820  0.000000  0.000000  0.000000  1.000000  
14.445477 0.014629  -0.016897  -0.042145  0.368595  0.799834  0.473712  -0.900070  0.434476  -0.033242  -0.232404  -0.414121  0.880052  -0.014552  0.002285  0.027257  0.000000  0.000000  0.000000  1.000000  
14.446477 0.014612  -0.016896  -0.042094  0.368595  0.799662  0.474003  -0.900070  0.434488  -0.033084  -0.232404  -0.414441  0.879901  -0.015307  0.002650  0.028579  0.000000  0.000000  0.000000  1.000000  
14.447477 0.014598  -0.016892  -0.042048  0.368595  0.799547  0.474197  -0.900070  0.434496  -0.032979  -0.232404  -0.414655  0.879801  -0.015967  0.003287  0.028086  0.000000  0.000000  0.000000  1.000000  
14.448477 0.014584  -0.016884  -0.042013  0.368595  0.799432  0.474391  -0.900070  0.434504  -0.032873  -0.232404  -0.414868  0.879700  -0.016239  0.003741  0.027927  0.000000  0.000000  0.000000  1.000000  
14.449493 0.014567  -0.016873  -0.041987  0.368607  0.799395  0.474443  -0.900099  0.434456  -0.032712  -0.232274  -0.414988  0.879678  -0.016834  0.004294  0.027975  0.000000  0.000000  0.000000  1.000000  
14.450732 0.014539  -0.016857  -0.041962  0.368607  0.799338  0.474540  -0.900099  0.434460  -0.032659  -0.232274  -0.415095  0.879628  -0.017657  0.004757  0.028682  0.000000  0.000000  0.000000  1.000000  
14.451977 0.014507  -0.016844  -0.041924  0.368977  0.799101  0.474651  -0.899947  0.434793  -0.032411  -0.232274  -0.415202  0.879577  -0.018351  0.005107  0.030152  0.000000  0.000000  0.000000  1.000000  
14.453224 0.014478  -0.016834  -0.041867  0.369163  0.799012  0.474657  -0.899871  0.434958  -0.032313  -0.232274  -0.415202  0.879577  -0.018678  0.005322  0.033271  0.000000  0.000000  0.000000  1.000000  
14.454225 0.014460  -0.016826  -0.041805  0.369174  0.799033  0.474613  -0.899900  0.434906  -0.032204  -0.232144  -0.415215  0.879605  -0.018748  0.005583  0.036515  0.000000  0.000000  0.000000  1.000000  
14.455234 0.014444  -0.016819  -0.041732  0.369371  0.798964  0.474575  -0.899852  0.435019  -0.031997  -0.232014  -0.415228  0.879634  -0.018933  0.005885  0.040039  0.000000  0.000000  0.000000  1.000000  
14.456484 0.014419  -0.016811  -0.041642  0.369754  0.798806  0.474543  -0.899729  0.435297  -0.031693  -0.231884  -0.415241  0.879662  -0.019288  0.006252  0.043701  0.000000  0.000000  0.000000  1.000000  
14.457731 0.014392  -0.016799  -0.041567  0.369951  0.798738  0.474505  -0.899681  0.435410  -0.031487  -0.231754  -0.415255  0.879690  -0.019498  0.006868  0.046307  0.000000  0.000000  0.000000  1.000000  
14.458978 0.014363  -0.016783  -0.041511  0.370333  0.798579  0.474473  -0.899558  0.435687  -0.031182  -0.231624  -0.415268  0.879718  -0.019671  0.007713  0.046842  0.000000  0.000000  0.000000  1.000000  
14.460226 0.014333  -0.016766  -0.041469  0.370703  0.798400  0.474486  -0.899405  0.436016  -0.030987  -0.231624  -0.415268  0.879718  -0.020071  0.008807  0.045892  0.000000  0.000000  0.000000  1.000000  
14.461474 0.014306  -0.016748  -0.041426  0.370888  0.798310  0.474492  -0.899329  0.436181  -0.030889  -0.231624  -0.415268  0.879718  -0.020399  0.009829  0.044520  0.000000  0.000000  0.000000  1.000000  
14.462475 0.014287  -0.016737  -0.041389  0.371259  0.798131  0.474505  -0.899176  0.436509  -0.030694  -0.231624  -0.415268  0.879718  -0.020701  0.010357  0.043910  0.000000  0.000000  0.000000  1.000000  
14.463475 0.014268  -0.016727  -0.041349  0.371444  0.798041  0.474511  -0.899100  0.436674  -0.030596  -0.231624  -0.415268  0.879718  -0.021031  0.010507  0.044289  0.000000  0.000000  0.000000  1.000000  
14.464725 0.014240  -0.016716  -0.041297  0.371826  0.797940  0.474382  -0.898975  0.436947  -0.030345  -0.231493  -0.415174  0.879796  -0.021522  0.010224  0.045717  0.000000  0.000000  0.000000  1.000000  
14.465738 0.014213  -0.016709  -0.041250  0.372208  0.797781  0.474349  -0.898851  0.437224  -0.030041  -0.231363  -0.415188  0.879824  -0.021590  0.009858  0.048142  0.000000  0.000000  0.000000  1.000000  
14.466741 0.014185  -0.016703  -0.041200  0.372578  0.797601  0.474362  -0.898697  0.437553  -0.029846  -0.231363  -0.415188  0.879824  -0.021848  0.009606  0.049050  0.000000  0.000000  0.000000  1.000000  
14.467978 0.014151  -0.016694  -0.041130  0.372960  0.797499  0.474232  -0.898572  0.437826  -0.029595  -0.231233  -0.415094  0.879902  -0.022171  0.009464  0.049981  0.114353  0.094395  -0.126719  1.000000  
14.469224 0.014121  -0.016685  -0.041057  0.373515  0.797344  0.474057  -0.898342  0.438312  -0.029408  -0.231233  -0.414881  0.880003  -0.022615  0.009382  0.049855  0.110118  0.102148  -0.143845  1.000000  
14.470228 0.014099  -0.016677  -0.041001  0.373711  0.797390  0.473824  -0.898294  0.438417  -0.029308  -0.231103  -0.414680  0.880132  -0.022970  0.009520  0.048771  0.097933  0.106136  -0.141899  1.000000  
14.471230 0.014078  -0.016666  -0.040950  0.374081  0.797324  0.473643  -0.898140  0.438739  -0.029220  -0.231103  -0.414467  0.880232  -0.023127  0.009821  0.046959  0.085651  0.112754  -0.155274  1.000000  
14.472231 0.014055  -0.016652  -0.040907  0.374451  0.797373  0.473268  -0.897985  0.439053  -0.029238  -0.231103  -0.414040  0.880433  -0.023243  0.010174  0.045669  0.067924  0.121518  -0.164210  1.000000  
14.473476 0.014024  -0.016629  -0.040862  0.375006  0.797331  0.472899  -0.897754  0.439531  -0.029159  -0.231103  -0.413612  0.880634  -0.023406  0.010727  0.044559  0.050027  0.132867  -0.188416  1.000000  
14.474478 0.013998  -0.016610  -0.040825  0.375560  0.797232  0.472627  -0.897522  0.440013  -0.029027  -0.231103  -0.413292  0.880784  -0.023516  0.011014  0.044723  0.030544  0.145394  -0.204610  1.000000  
14.475727 0.013968  -0.016589  -0.040769  0.375941  0.797301  0.472206  -0.897396  0.440276  -0.028937  -0.230973  -0.412878  0.881013  -0.023614  0.011320  0.045529  0.005403  0.155099  -0.214816  1.000000  
14.476729 0.013947  -0.016575  -0.040709  0.376311  0.797292  0.471928  -0.897241  0.440594  -0.028903  -0.230973  -0.412557  0.881163  -0.023658  0.011312  0.047407  -0.015808  0.162103  -0.228775  1.000000  
14.477977 0.013923  -0.016562  -0.040621  0.376865  0.797248  0.471559  -0.897009  0.441072  -0.028825  -0.230973  -0.412129  0.881363  -0.023692  0.011357  0.050065  -0.035174  0.169284  -0.245084  1.000000  
14.479225 0.013897  -0.016551  -0.040529  0.377419  0.797204  0.471190  -0.896776  0.441551  -0.028748  -0.230973  -0.411702  0.881563  -0.023710  0.011279  0.052592  -0.054688  0.173727  -0.265134  1.000000  
14.480229 0.013872  -0.016542  -0.040463  0.377591  0.797263  0.470952  -0.896669  0.441755  -0.028921  -0.231103  -0.411368  0.881685  -0.023759  0.011345  0.054145  -0.069818  0.173896  -0.275316  1.000000  
14.481475 0.013838  -0.016530  -0.040393  0.377949  0.797232  0.470719  -0.896485  0.442123  -0.028997  -0.231233  -0.411034  0.881806  -0.023592  0.011626  0.054640  -0.083804  0.171226  -0.281002  1.000000  
14.482475 0.013812  -0.016519  -0.040349  0.378306  0.797199  0.470487  -0.896301  0.442492  -0.029072  -0.231363  -0.410700  0.881928  -0.023474  0.011965  0.054027  -0.094322  0.169969  -0.288968  1.000000  
14.483477 0.013789  -0.016507  -0.040309  0.378663  0.797167  0.470255  -0.896117  0.442860  -0.029149  -0.231493  -0.410366  0.882049  -0.023327  0.012365  0.052681  -0.104833  0.168699  -0.296917  1.000000  
14.484484 0.013767  -0.016494  -0.040269  0.378835  0.797225  0.470017  -0.896010  0.443064  -0.029322  -0.231624  -0.410032  0.882170  -0.023238  0.012695  0.051454  -0.117035  0.160667  -0.300917  1.000000  
14.485778 0.013744  -0.016478  -0.040211  0.379180  0.797228  0.469734  -0.895797  0.443479  -0.029561  -0.231884  -0.409578  0.882313  -0.022925  0.012869  0.050758  -0.132502  0.152332  -0.314813  1.000000  
14.486977 0.013720  -0.016462  -0.040143  0.379524  0.797230  0.469452  -0.895584  0.443894  -0.029800  -0.232144  -0.409123  0.882455  -0.022722  0.012854  0.051816  -0.146090  0.141847  -0.324256  1.000000  
14.487983 0.013700  -0.016449  -0.040083  0.379869  0.797176  0.469266  -0.895370  0.444312  -0.029986  -0.232404  -0.408776  0.882548  -0.022552  0.012718  0.053258  -0.159483  0.130718  -0.332627  1.000000  
14.489229 0.013675  -0.016432  -0.040001  0.380201  0.797213  0.468933  -0.895128  0.444773  -0.030388  -0.232795  -0.408202  0.882711  -0.021932  0.012130  0.055845  -0.179823  0.114321  -0.340281  1.000000  
14.490476 0.013651  -0.016414  -0.039914  0.380717  0.797158  0.468607  -0.894807  0.445397  -0.030695  -0.233185  -0.407627  0.882873  -0.021501  0.011926  0.057837  -0.196956  0.107702  -0.358271  1.000000  
14.491477 0.013634  -0.016401  -0.039840  0.381061  0.797216  0.468229  -0.894593  0.445807  -0.030990  -0.233445  -0.407065  0.883063  -0.021284  0.011834  0.058916  -0.217277  0.099429  -0.362070  1.000000  
14.492726 0.013613  -0.016383  -0.039745  0.381405  0.797331  0.467754  -0.894378  0.446213  -0.031339  -0.233706  -0.406396  0.883303  -0.021047  0.012098  0.059379  -0.238128  0.093218  -0.368970  1.000000  
14.493977 0.013591  -0.016363  -0.039656  0.381920  0.797331  0.467333  -0.894056  0.446832  -0.031701  -0.234096  -0.405714  0.883513  -0.020708  0.012728  0.059211  -0.260734  0.079719  -0.382563  1.000000  
14.495225 0.013567  -0.016342  -0.039579  0.382435  0.797331  0.466912  -0.893733  0.447451  -0.032064  -0.234486  -0.405032  0.883722  -0.020344  0.013381  0.058972  -0.279508  0.070288  -0.394602  1.000000  
14.496225 0.013546  -0.016324  -0.039524  0.382779  0.797387  0.466534  -0.893518  0.447859  -0.032361  -0.234746  -0.404470  0.883911  -0.019773  0.013967  0.058952  -0.299462  0.057971  -0.399920  1.000000  
14.497475 0.013522  -0.016301  -0.039454  0.383293  0.797329  0.466211  -0.893195  0.448481  -0.032671  -0.235136  -0.403895  0.884070  -0.019375  0.014532  0.059644  -0.318072  0.044480  -0.413552  1.000000  
14.498725 0.013499  -0.016279  -0.039377  0.383795  0.797306  0.465838  -0.892842  0.449148  -0.033145  -0.235656  -0.403199  0.884249  -0.018940  0.014997  0.061515  -0.336865  0.028309  -0.424487  1.000000  
14.499728 0.013482  -0.016263  -0.039304  0.384309  0.797190  0.465612  -0.892518  0.449773  -0.033401  -0.236047  -0.402730  0.884359  -0.018734  0.015188  0.063548  -0.343317  0.014654  -0.438113  1.000000  
14.500730 0.013466  -0.016249  -0.039225  0.384639  0.797167  0.465379  -0.892273  0.450233  -0.033754  -0.236437  -0.402262  0.884468  -0.018628  0.015338  0.065916  -0.347281  0.002216  -0.443727  1.000000  
14.501741 0.013450  -0.016234  -0.039142  0.385140  0.796973  0.465297  -0.891919  0.450911  -0.034065  -0.236957  -0.401888  0.884499  -0.018299  0.015433  0.067806  -0.345442  -0.011455  -0.457211  1.000000  
14.502975 0.013428  -0.016217  -0.039042  0.385640  0.796891  0.465023  -0.891564  0.451579  -0.034486  -0.237476  -0.401299  0.884627  -0.018148  0.015474  0.069458  -0.349782  -0.025044  -0.468043  1.000000  
14.503982 0.013409  -0.016201  -0.038971  0.386140  0.796696  0.464943  -0.891209  0.452256  -0.034798  -0.237996  -0.400924  0.884657  -0.018038  0.015638  0.069810  -0.347823  -0.041748  -0.478524  1.000000  
14.505251 0.013385  -0.016179  -0.038896  0.386797  0.796477  0.464771  -0.890715  0.453186  -0.035341  -0.238776  -0.400309  0.884725  -0.017988  0.015938  0.068889  -0.348252  -0.064940  -0.503488  1.000000  
14.506480 0.013361  -0.016157  -0.038824  0.387467  0.796279  0.464553  -0.890250  0.454065  -0.035776  -0.239426  -0.399706  0.884822  -0.018231  0.016291  0.067524  -0.350818  -0.082896  -0.519304  1.000000  
14.507731 0.013336  -0.016134  -0.038750  0.387953  0.796173  0.464329  -0.889863  0.454780  -0.036308  -0.240075  -0.399104  0.884918  -0.018467  0.016575  0.066148  -0.354722  -0.103619  -0.528572  1.000000  
14.508978 0.013311  -0.016112  -0.038669  0.388608  0.796008  0.464064  -0.889367  0.455703  -0.036908  -0.240854  -0.398380  0.885032  -0.018635  0.016764  0.065759  -0.361081  -0.125685  -0.545851  1.000000  
14.510226 0.013286  -0.016089  -0.038581  0.389263  0.795842  0.463800  -0.888869  0.456624  -0.037509  -0.241633  -0.397657  0.885145  -0.018726  0.016841  0.066751  -0.365200  -0.136926  -0.568771  1.000000  
14.511475 0.013259  -0.016065  -0.038485  0.389916  0.795731  0.463441  -0.888370  0.457539  -0.038166  -0.242412  -0.396826  0.885305  -0.018815  0.016900  0.068626  -0.377873  -0.152017  -0.589988  1.000000  
14.512475 0.013237  -0.016046  -0.038405  0.390413  0.795644  0.463173  -0.888010  0.458201  -0.038592  -0.242932  -0.396236  0.885427  -0.018957  0.016957  0.070147  -0.384176  -0.161723  -0.601507  1.000000  
14.513475 0.013216  -0.016026  -0.038321  0.390909  0.795556  0.462905  -0.887650  0.458863  -0.039017  -0.243451  -0.395645  0.885549  -0.019173  0.017159  0.071572  -0.390495  -0.171450  -0.613046  1.000000  
14.514725 0.013191  -0.015998  -0.038216  0.391391  0.795559  0.462493  -0.887259  0.459563  -0.039664  -0.244099  -0.394827  0.885735  -0.019391  0.017727  0.072568  -0.400809  -0.185360  -0.626365  1.000000  
14.515728 0.013171  -0.015975  -0.038132  0.392055  0.795354  0.462283  -0.886787  0.460435  -0.040104  -0.244748  -0.394223  0.885825  -0.019665  0.018273  0.072920  -0.404389  -0.189890  -0.650983  1.000000  
14.516729 0.013149  -0.015952  -0.038052  0.392523  0.795277  0.462017  -0.886365  0.461186  -0.040804  -0.245526  -0.393498  0.885932  -0.020083  0.018855  0.072693  -0.413305  -0.205183  -0.668693  1.000000  
14.517730 0.013127  -0.015928  -0.037980  0.392991  0.795145  0.461848  -0.885942  0.461941  -0.041449  -0.246305  -0.392881  0.885990  -0.020387  0.019575  0.071971  -0.419584  -0.219179  -0.682179  1.000000  
14.518975 0.013098  -0.015897  -0.037901  0.393430  0.795025  0.461680  -0.885457  0.462786  -0.042367  -0.247342  -0.392129  0.886034  -0.020739  0.020236  0.071393  -0.422153  -0.239421  -0.693354  1.000000  
14.519984 0.013073  -0.015873  -0.037838  0.393910  0.794912  0.461465  -0.885063  0.463490  -0.042905  -0.247990  -0.391525  0.886120  -0.021160  0.020738  0.071771  -0.423614  -0.247239  -0.708571  1.000000  
14.521227 0.013041  -0.015844  -0.037756  0.394348  0.794847  0.461203  -0.884576  0.464327  -0.043880  -0.249027  -0.390665  0.886209  -0.021627  0.021176  0.072114  -0.427408  -0.268407  -0.717725  1.000000  
14.522233 0.013015  -0.015822  -0.037686  0.394799  0.794635  0.461183  -0.884119  0.465130  -0.044579  -0.249934  -0.390141  0.886185  -0.022065  0.021487  0.073163  -0.421234  -0.286515  -0.732694  1.000000  
14.523478 0.012983  -0.015798  -0.037589  0.395222  0.794547  0.460971  -0.883600  0.466011  -0.045664  -0.251100  -0.389267  0.886239  -0.022594  0.021586  0.074354  -0.423277  -0.313132  -0.751490  1.000000  
14.524729 0.012950  -0.015773  -0.037484  0.395812  0.794286  0.460916  -0.882967  0.467106  -0.046706  -0.252394  -0.388487  0.886214  -0.023062  0.021679  0.075544  -0.421098  -0.339699  -0.770139  1.000000  
14.525731 0.012924  -0.015750  -0.037402  0.396246  0.794106  0.460852  -0.882475  0.467947  -0.047570  -0.253430  -0.387841  0.886201  -0.023465  0.021948  0.076024  -0.424821  -0.360736  -0.779162  1.000000  
14.526735 0.012898  -0.015726  -0.037325  0.396665  0.793961  0.460741  -0.881951  0.468828  -0.048600  -0.254595  -0.387073  0.886203  -0.023736  0.022307  0.075918  -0.426621  -0.387151  -0.797487  1.000000  
14.527982 0.012865  -0.015694  -0.037236  0.397237  0.793732  0.460643  -0.881282  0.469959  -0.049808  -0.256018  -0.386170  0.886187  -0.024149  0.022773  0.074998  -0.428479  -0.413904  -0.816102  1.000000  
14.529225 0.012833  -0.015659  -0.037152  0.397626  0.793599  0.460536  -0.880692  0.470924  -0.051112  -0.257440  -0.385267  0.886168  -0.024650  0.023342  0.073600  -0.435876  -0.446060  -0.833284  1.000000  
14.530225 0.012806  -0.015631  -0.037082  0.398042  0.793508  0.460334  -0.880163  0.471792  -0.052201  -0.258604  -0.384391  0.886210  -0.024935  0.023756  0.072776  -0.447977  -0.472803  -0.841087  1.000000  
14.531226 0.012781  -0.015600  -0.037012  0.398623  0.793243  0.460289  -0.879519  0.472875  -0.053245  -0.259896  -0.383608  0.886171  -0.025236  0.024228  0.071942  -0.452176  -0.492627  -0.863922  1.000000  
14.532475 0.012749  -0.015562  -0.036919  0.399174  0.793101  0.460055  -0.878809  0.474030  -0.054679  -0.261446  -0.382475  0.886205  -0.025566  0.024844  0.071897  -0.470316  -0.519135  -0.876722  1.000000  
14.533476 0.012722  -0.015532  -0.036843  0.399572  0.792987  0.459907  -0.878244  0.474938  -0.055877  -0.262737  -0.381583  0.886207  -0.025770  0.025181  0.072570  -0.487621  -0.551481  -0.888297  1.000000  
14.534484 0.012695  -0.015502  -0.036762  0.399953  0.792851  0.459809  -0.877644  0.475890  -0.057184  -0.264157  -0.380678  0.886175  -0.026064  0.025521  0.073973  -0.497484  -0.578195  -0.906563  1.000000  
14.535729 0.012659  -0.015467  -0.036658  0.400665  0.792588  0.459643  -0.876812  0.477244  -0.058633  -0.265834  -0.379529  0.886166  -0.026409  0.025925  0.075635  -0.509462  -0.601570  -0.925082  1.000000  
14.536977 0.012622  -0.015431  -0.036551  0.401179  0.792457  0.459421  -0.876028  0.478470  -0.060344  -0.267639  -0.378257  0.886166  -0.026625  0.026468  0.076951  -0.528866  -0.639198  -0.940420  1.000000  
14.538230 0.012587  -0.015395  -0.036449  0.401870  0.792170  0.459311  -0.875157  0.479862  -0.061903  -0.269444  -0.377093  0.886116  -0.026820  0.027259  0.077309  -0.538465  -0.674229  -0.961825  1.000000  
14.539233 0.012559  -0.015366  -0.036371  0.402425  0.791989  0.459139  -0.874465  0.480957  -0.063176  -0.270861  -0.376077  0.886115  -0.026931  0.027914  0.076915  -0.550317  -0.701240  -0.977945  1.000000  
14.540478 0.012525  -0.015328  -0.036282  0.402901  0.791813  0.459025  -0.873605  0.482262  -0.065105  -0.272921  -0.374775  0.886035  -0.027096  0.028491  0.076032  -0.564006  -0.736870  -0.999545  1.000000  
14.541478 0.012498  -0.015297  -0.036216  0.403405  0.791566  0.459007  -0.872807  0.483486  -0.066702  -0.274723  -0.373716  0.885925  -0.027185  0.029152  0.075192  -0.573593  -0.776179  -1.022673  1.000000  
14.542727 0.012463  -0.015257  -0.036137  0.403875  0.791333  0.458995  -0.871939  0.484789  -0.068574  -0.276780  -0.372520  0.885789  -0.027293  0.029680  0.074548  -0.580924  -0.822738  -1.041510  1.000000  
14.543728 0.012435  -0.015224  -0.036072  0.404374  0.791030  0.459078  -0.871134  0.486014  -0.070113  -0.278580  -0.371566  0.885625  -0.027391  0.029955  0.074196  -0.586498  -0.862180  -1.064706  1.000000  
14.544731 0.012408  -0.015194  -0.036004  0.404691  0.790938  0.458957  -0.870410  0.487055  -0.071865  -0.280378  -0.370397  0.885547  -0.027487  0.030096  0.074238  -0.601861  -0.900133  -1.079590  1.000000  
14.545975 0.012374  -0.015155  -0.035910  0.405317  0.790638  0.458923  -0.869412  0.488543  -0.073811  -0.282561  -0.369077  0.885405  -0.027600  0.030147  0.074701  -0.608739  -0.938107  -1.103333  1.000000  
14.547225 0.012341  -0.015118  -0.035811  0.405727  0.790395  0.458978  -0.868425  0.489952  -0.076065  -0.284999  -0.367726  0.885186  -0.027628  0.030135  0.075175  -0.623693  -0.988331  -1.123103  1.000000  
14.548225 0.012313  -0.015087  -0.035731  0.406215  0.790201  0.458881  -0.867605  0.491142  -0.077725  -0.286794  -0.366554  0.885092  -0.027708  0.030154  0.075436  -0.637249  -1.019699  -1.142331  1.000000  
14.549225 0.012285  -0.015057  -0.035653  0.406701  0.789951  0.458882  -0.866782  0.492337  -0.079325  -0.288588  -0.365489  0.884949  -0.027835  0.030167  0.075301  -0.643752  -1.051442  -1.167299  1.000000  
14.550228 0.012255  -0.015027  -0.035578  0.407183  0.789755  0.458791  -0.865957  0.493519  -0.080986  -0.290381  -0.364317  0.884846  -0.027887  0.030302  0.074792  -0.657286  -1.087041  -1.188095  1.000000  
14.551228 0.012225  -0.014995  -0.035506  0.407647  0.789482  0.458848  -0.865092  0.494750  -0.082694  -0.292301  -0.363236  0.884658  -0.027871  0.030540  0.073724  -0.666662  -1.118596  -1.207224  1.000000  
14.552233 0.012197  -0.014962  -0.035436  0.408091  0.789244  0.458863  -0.864188  0.496011  -0.084570  -0.294347  -0.362032  0.884473  -0.027862  0.030818  0.072682  -0.678163  -1.155858  -1.235789  1.000000  
14.553475 0.012162  -0.014919  -0.035350  0.408642  0.788987  0.458814  -0.863053  0.497572  -0.086960  -0.296904  -0.360445  0.884267  -0.027842  0.031293  0.071983  -0.695905  -1.192015  -1.257265  1.000000  
14.554731 0.012129  -0.014876  -0.035263  0.409205  0.788695  0.458815  -0.861947  0.499093  -0.089184  -0.299330  -0.358980  0.884044  -0.027781  0.031693  0.071465  -0.716418  -1.232265  -1.278051  1.000000  
14.555733 0.012102  -0.014842  -0.035190  0.409639  0.788455  0.458841  -0.861029  0.500337  -0.091060  -0.301372  -0.357774  0.883840  -0.027753  0.031850  0.071694  -0.725630  -1.264189  -1.296784  1.000000  
14.556979 0.012067  -0.014801  -0.035096  0.410159  0.788176  0.458857  -0.859839  0.501919  -0.093559  -0.304050  -0.356169  0.883571  -0.027820  0.031971  0.072693  -0.744858  -1.302381  -1.324953  1.000000  
14.558228 0.012033  -0.014759  -0.035001  0.410709  0.787937  0.458775  -0.858717  0.503408  -0.095845  -0.306471  -0.354593  0.883368  -0.027782  0.032044  0.073727  -0.757624  -1.334534  -1.342750  1.000000  
14.559478 0.011999  -0.014720  -0.034905  0.411218  0.787600  0.458896  -0.857513  0.504986  -0.098284  -0.309144  -0.353093  0.883037  -0.027728  0.032106  0.074544  -0.766268  -1.371043  -1.362462  1.000000  
14.560481 0.011971  -0.014690  -0.034829  0.411655  0.787379  0.458885  -0.856614  0.506164  -0.100055  -0.311052  -0.351898  0.882844  -0.027717  0.032093  0.074599  -0.775250  -1.394616  -1.377218  1.000000  
14.561725 0.011937  -0.014652  -0.034739  0.412137  0.787077  0.458970  -0.855361  0.507758  -0.102662  -0.313848  -0.350274  0.882501  -0.027830  0.032101  0.074139  -0.784030  -1.435985  -1.398731  1.000000  
14.562975 0.011901  -0.014614  -0.034656  0.412438  0.786768  0.459229  -0.854186  0.509207  -0.105240  -0.316642  -0.348862  0.882062  -0.027927  0.032102  0.072996  -0.786061  -1.472617  -1.411713  1.000000  
14.563977 0.011873  -0.014582  -0.034595  0.412826  0.786505  0.459331  -0.853195  0.510452  -0.107224  -0.318799  -0.347634  0.881770  -0.027919  0.032183  0.071764  -0.792752  -1.498901  -1.420101  1.000000  
14.565225 0.011836  -0.014545  -0.034520  0.413118  0.786363  0.459311  -0.852007  0.511847  -0.109988  -0.321587  -0.345898  0.881440  -0.027921  0.032153  0.070596  -0.807258  -1.538296  -1.433009  1.000000  
14.566225 0.011807  -0.014514  -0.034459  0.413498  0.786100  0.459420  -0.851006  0.513080  -0.111972  -0.323740  -0.344669  0.881133  -0.027919  0.032040  0.069797  -0.812345  -1.569260  -1.449407  1.000000  
14.567474 0.011772  -0.014475  -0.034378  0.413780  0.785903  0.459503  -0.849805  0.514472  -0.114674  -0.326524  -0.343038  0.880742  -0.027947  0.031890  0.069533  -0.824176  -1.603540  -1.453674  1.000000  
14.568475 0.011745  -0.014444  -0.034308  0.414153  0.785695  0.459523  -0.848794  0.515679  -0.116720  -0.328673  -0.341700  0.880463  -0.027831  0.031635  0.069477  -0.830953  -1.630253  -1.461759  1.000000  
14.569475 0.011719  -0.014413  -0.034235  0.414522  0.785487  0.459546  -0.847779  0.516880  -0.118767  -0.330820  -0.340361  0.880177  -0.027793  0.031399  0.069686  -0.837703  -1.652901  -1.468130  1.000000  
14.570475 0.011692  -0.014382  -0.034160  0.414888  0.785278  0.459572  -0.846759  0.518075  -0.120815  -0.332966  -0.339022  0.879885  -0.027797  0.031273  0.069907  -0.842070  -1.668482  -1.478385  1.000000  
14.571479 0.011665  -0.014351  -0.034086  0.415231  0.785161  0.459462  -0.845695  0.519276  -0.123093  -0.335236  -0.337453  0.879626  -0.027738  0.031065  0.069804  -0.857493  -1.691025  -1.483334  1.000000  
14.572482 0.011637  -0.014319  -0.034016  0.415569  0.784988  0.459451  -0.844626  0.520485  -0.125310  -0.337504  -0.335990  0.879319  -0.027735  0.030940  0.069386  -0.870053  -1.711122  -1.495408  1.000000  
14.573728 0.011604  -0.014277  -0.033931  0.415997  0.784796  0.459392  -0.843303  0.521962  -0.128043  -0.340273  -0.334142  0.878956  -0.027680  0.031050  0.068702  -0.888551  -1.734496  -1.500928  1.000000  
14.574977 0.011571  -0.014236  -0.033851  0.416592  0.784496  0.459366  -0.841887  0.523591  -0.130683  -0.343040  -0.332293  0.878581  -0.027591  0.031303  0.067698  -0.894417  -1.748821  -1.516519  1.000000  
14.575983 0.011545  -0.014204  -0.033789  0.416917  0.784379  0.459271  -0.840802  0.524761  -0.132963  -0.345301  -0.330721  0.878288  -0.027478  0.031384  0.066734  -0.908853  -1.767141  -1.520150  1.000000  
14.577226 0.011511  -0.014163  -0.033714  0.417480  0.784058  0.459308  -0.839330  0.526410  -0.135709  -0.348187  -0.328855  0.877850  -0.027394  0.031574  0.066085  -0.918870  -1.786096  -1.537740  1.000000  
14.578475 0.011477  -0.014124  -0.033637  0.417906  0.783884  0.459217  -0.838021  0.527809  -0.138338  -0.350820  -0.327021  0.877487  -0.027299  0.031610  0.065934  -0.929167  -1.801417  -1.539497  1.000000  
14.579725 0.011443  -0.014085  -0.033561  0.418284  0.783672  0.459236  -0.836621  0.529276  -0.141178  -0.353700  -0.325154  0.877024  -0.027190  0.031630  0.065919  -0.941697  -1.823974  -1.544620  1.000000  
14.580726 0.011415  -0.014055  -0.033498  0.418568  0.783479  0.459305  -0.835470  0.530469  -0.143501  -0.356077  -0.323671  0.876611  -0.027094  0.031655  0.066128  -0.947968  -1.842595  -1.548257  1.000000  
14.581975 0.011382  -0.014017  -0.033418  0.419106  0.783158  0.459363  -0.833969  0.532079  -0.146246  -0.358951  -0.321802  0.876126  -0.026943  0.031624  0.066197  -0.955790  -1.859721  -1.557466  1.000000  
14.582981 0.011356  -0.013986  -0.033354  0.419381  0.783021  0.459345  -0.832806  0.533238  -0.148632  -0.361322  -0.320212  0.875734  -0.026789  0.031594  0.065971  -0.967720  -1.875162  -1.558892  1.000000  
14.583983 0.011330  -0.013956  -0.033293  0.419822  0.782719  0.459457  -0.831551  0.534569  -0.150859  -0.363692  -0.318728  0.875295  -0.026769  0.031529  0.065079  -0.971738  -1.891586  -1.568501  1.000000  
14.585228 0.011298  -0.013916  -0.033221  0.420319  0.782433  0.459489  -0.829986  0.536169  -0.153773  -0.366681  -0.316736  0.874770  -0.026743  0.031601  0.063624  -0.977522  -1.907806  -1.577334  1.000000  
14.586475 0.011264  -0.013874  -0.033156  0.420638  0.782258  0.459496  -0.828499  0.537596  -0.156782  -0.369667  -0.314743  0.874233  -0.026690  0.031771  0.062028  -0.993679  -1.929581  -1.573897  1.000000  
14.587725 0.011231  -0.013832  -0.033093  0.421143  0.782047  0.459392  -0.826961  0.539116  -0.159656  -0.372524  -0.312661  0.873767  -0.026655  0.031898  0.060375  -1.002824  -1.936185  -1.584997  1.000000  
14.588733 0.011204  -0.013799  -0.033043  0.421392  0.781967  0.459300  -0.825767  0.540212  -0.162108  -0.374882  -0.310964  0.873364  -0.026670  0.031884  0.059055  -1.015375  -1.952796  -1.586610  1.000000  
14.589977 0.011171  -0.013756  -0.032974  0.421838  0.781718  0.459314  -0.824125  0.541783  -0.165191  -0.377981  -0.308849  0.872779  -0.026672  0.031959  0.058463  -1.028863  -1.977366  -1.598312  1.000000  
14.590977 0.011144  -0.013723  -0.032915  0.422246  0.781527  0.459265  -0.822833  0.543022  -0.167547  -0.380334  -0.307152  0.872355  -0.026708  0.032070  0.058270  -1.043068  -1.987337  -1.604258  1.000000  
14.591985 0.011118  -0.013689  -0.032853  0.422626  0.781373  0.459178  -0.821490  0.544269  -0.170073  -0.382807  -0.305333  0.871912  -0.026639  0.032135  0.058283  -1.056288  -1.993219  -1.615658  1.000000  
14.593225 0.011084  -0.013646  -0.032775  0.423051  0.781236  0.459019  -0.819825  0.545764  -0.173288  -0.385895  -0.303006  0.871362  -0.026671  0.032417  0.058463  -1.080156  -2.007459  -1.622562  1.000000  
14.594227 0.011056  -0.013611  -0.032715  0.423442  0.781100  0.458889  -0.818515  0.546954  -0.175711  -0.388239  -0.301204  0.870946  -0.026666  0.032695  0.058371  -1.095990  -2.015983  -1.628097  1.000000  
14.595477 0.011022  -0.013566  -0.032641  0.423877  0.780982  0.458689  -0.816881  0.548387  -0.178823  -0.391196  -0.298896  0.870418  -0.026619  0.033114  0.058054  -1.113124  -2.027709  -1.640521  1.000000  
14.596817 0.010989  -0.013520  -0.032573  0.424447  0.780733  0.458586  -0.815104  0.550002  -0.181943  -0.394273  -0.296570  0.869825  -0.026472  0.033468  0.056963  -1.126539  -2.033139  -1.647666  1.000000  
14.597975 0.010954  -0.013473  -0.032508  0.424840  0.780652  0.458359  -0.813405  0.551419  -0.185225  -0.397344  -0.294141  0.869252  -0.026801  0.034224  0.056438  -1.147216  -2.048704  -1.663482  1.000000  
14.599225 0.010921  -0.013426  -0.032445  0.425392  0.780458  0.458177  -0.811611  0.552982  -0.188413  -0.400412  -0.291712  0.868663  -0.026877  0.034828  0.055539  -1.167439  -2.067084  -1.677790  1.000000  
14.600227 0.010893  -0.013389  -0.032397  0.425561  0.780475  0.457993  -0.810308  0.553968  -0.191100  -0.402862  -0.289791  0.868172  -0.026959  0.035134  0.054998  -1.181602  -2.083862  -1.678358  1.000000  
14.601478 0.010858  -0.013341  -0.032335  0.425765  0.780510  0.457743  -0.808673  0.555182  -0.194476  -0.405922  -0.287364  0.867554  -0.027130  0.035576  0.054782  -1.199032  -2.096057  -1.676189  1.000000  
14.602725 0.010822  -0.013295  -0.032271  0.426127  0.780431  0.457540  -0.806941  0.556541  -0.197758  -0.408976  -0.284938  0.866919  -0.027312  0.035845  0.054792  -1.218048  -2.110309  -1.681684  1.000000  
14.603725 0.010792  -0.013257  -0.032217  0.426469  0.780353  0.457355  -0.805581  0.557620  -0.200249  -0.411295  -0.283036  0.866445  -0.027494  0.036105  0.055043  -1.225392  -2.115403  -1.684853  1.000000  
14.604748 0.010762  -0.013220  -0.032162  0.426946  0.780197  0.457175  -0.804078  0.558859  -0.202815  -0.413733  -0.281014  0.865943  -0.027665  0.036274  0.055021  -1.240339  -2.126398  -1.689816  1.000000  
14.605984 0.010726  -0.013173  -0.032090  0.427452  0.780005  0.457032  -0.802236  0.560339  -0.206002  -0.416775  -0.278591  0.865266  -0.027931  0.036703  0.054871  -1.252973  -2.135143  -1.700050  1.000000  
14.607228 0.010689  -0.013124  -0.032023  0.427783  0.779928  0.456853  -0.800474  0.561642  -0.209283  -0.419814  -0.276171  0.864573  -0.028149  0.037154  0.054196  -1.270749  -2.152099  -1.699422  1.000000  
14.608230 0.010658  -0.013083  -0.031970  0.428074  0.779888  0.456647  -0.799040  0.562686  -0.211944  -0.422241  -0.274152  0.864033  -0.028346  0.037577  0.053492  -1.282164  -2.166015  -1.705363  1.000000  
14.609479 0.010620  -0.013031  -0.031907  0.428554  0.779808  0.456335  -0.797174  0.564069  -0.215266  -0.425271  -0.271525  0.863377  -0.028627  0.038095  0.052698  -1.302394  -2.174441  -1.714607  1.000000  
14.610479 0.010590  -0.012987  -0.031859  0.429024  0.779725  0.456034  -0.795690  0.565192  -0.217799  -0.427570  -0.269421  0.862900  -0.028872  0.038566  0.052060  -1.319095  -2.173592  -1.722052  1.000000  
14.611726 0.010551  -0.012933  -0.031797  0.429570  0.779696  0.455571  -0.793960  0.566451  -0.220818  -0.430229  -0.266848  0.862377  -0.029339  0.039372  0.052043  -1.342219  -2.171543  -1.721054  1.000000  
14.612975 0.010513  -0.012877  -0.031730  0.430215  0.779570  0.455176  -0.792033  0.567891  -0.224015  -0.433126  -0.264140  0.861761  -0.029396  0.039773  0.051846  -1.358162  -2.170953  -1.732575  1.000000  
14.613975 0.010482  -0.012833  -0.031674  0.430693  0.779559  0.454744  -0.790583  0.568919  -0.226517  -0.435295  -0.261954  0.861335  -0.029739  0.040223  0.052285  -1.381422  -2.168201  -1.732423  1.000000  
14.615225 0.010443  -0.012777  -0.031601  0.431187  0.779512  0.454356  -0.788783  0.570165  -0.229638  -0.438064  -0.259371  0.860713  -0.030029  0.040756  0.053031  -1.399677  -2.165828  -1.730716  1.000000  
14.616477 0.010401  -0.012722  -0.031530  0.431835  0.779402  0.453929  -0.786886  0.571528  -0.232736  -0.440828  -0.256686  0.860106  -0.030438  0.041248  0.053696  -1.418527  -2.162929  -1.743188  1.000000  
14.617725 0.010359  -0.012667  -0.031461  0.432283  0.779393  0.453517  -0.785019  0.572745  -0.236028  -0.443708  -0.253988  0.859426  -0.030821  0.041849  0.054023  -1.434835  -2.166547  -1.741986  1.000000  
14.618726 0.010325  -0.012622  -0.031408  0.432735  0.779326  0.453202  -0.783546  0.573752  -0.238462  -0.445865  -0.251914  0.858920  -0.031169  0.042456  0.053914  -1.443255  -2.162432  -1.747927  1.000000  
14.619737 0.010291  -0.012578  -0.031358  0.433371  0.779211  0.452791  -0.782033  0.574851  -0.240773  -0.447900  -0.249754  0.858492  -0.031464  0.042880  0.053631  -1.457034  -2.147184  -1.750842  1.000000  
14.620975 0.010247  -0.012521  -0.031299  0.433884  0.779250  0.452231  -0.780304  0.575937  -0.243764  -0.450410  -0.247113  0.857943  -0.031910  0.043507  0.052785  -1.473516  -2.138988  -1.745957  1.000000  
14.621982 0.010213  -0.012475  -0.031253  0.434478  0.779064  0.451983  -0.778729  0.577073  -0.246106  -0.452559  -0.245044  0.857405  -0.032265  0.043935  0.052166  -1.477360  -2.130376  -1.750022  1.000000  
14.623228 0.010169  -0.012417  -0.031195  0.435167  0.779054  0.451336  -0.776953  0.578235  -0.248976  -0.454944  -0.242321  0.856917  -0.032630  0.044430  0.051671  -1.487332  -2.112688  -1.750894  1.000000  
14.624230 0.010133  -0.012371  -0.031148  0.435808  0.778898  0.450988  -0.775474  0.579292  -0.251119  -0.456849  -0.240290  0.856475  -0.033008  0.044752  0.051466  -1.491016  -2.095125  -1.752175  1.000000  
14.625479 0.010088  -0.012313  -0.031088  0.436513  0.778847  0.450393  -0.773741  0.580431  -0.253820  -0.459109  -0.237692  0.855991  -0.033473  0.044958  0.051360  -1.501430  -2.080730  -1.746413  1.000000  
14.626736 0.010042  -0.012255  -0.031024  0.437179  0.778835  0.449767  -0.771949  0.581552  -0.256694  -0.461485  -0.234977  0.855463  -0.033979  0.045202  0.051500  -1.517931  -2.063818  -1.747391  1.000000  
14.627977 0.009996  -0.012196  -0.030957  0.437838  0.778876  0.449055  -0.770152  0.582627  -0.259638  -0.463857  -0.232161  0.854949  -0.034518  0.045462  0.051496  -1.531038  -2.037742  -1.736640  1.000000  
14.629225 0.009950  -0.012136  -0.030888  0.438520  0.778877  0.448387  -0.768403  0.583691  -0.262414  -0.466108  -0.229468  0.854452  -0.035023  0.045688  0.051298  -1.535096  -2.015866  -1.732840  1.000000  
14.630225 0.009912  -0.012089  -0.030836  0.439192  0.778801  0.447860  -0.767011  0.584610  -0.264433  -0.467764  -0.227377  0.854106  -0.035407  0.045894  0.050983  -1.535907  -1.988820  -1.737836  1.000000  
14.631225 0.009873  -0.012041  -0.030786  0.439829  0.778764  0.447301  -0.765562  0.585514  -0.266623  -0.469537  -0.225168  0.853718  -0.035790  0.046206  0.050423  -1.539861  -1.963344  -1.745576  1.000000  
14.632485 0.009825  -0.011979  -0.030726  0.440523  0.778776  0.446595  -0.763855  0.586516  -0.269303  -0.471662  -0.222500  0.853246  -0.036197  0.046586  0.049773  -1.546213  -1.933673  -1.741337  1.000000  
14.633732 0.009776  -0.011918  -0.030668  0.441367  0.778667  0.445952  -0.762052  0.587665  -0.271893  -0.473785  -0.219834  0.852761  -0.036613  0.046979  0.049337  -1.550274  -1.907553  -1.745335  1.000000  
14.634977 0.009727  -0.011856  -0.030609  0.442078  0.778746  0.445108  -0.760391  0.588582  -0.274549  -0.475786  -0.217084  0.852351  -0.037071  0.047422  0.049263  -1.565115  -1.877143  -1.735604  1.000000  
14.636225 0.009677  -0.011797  -0.030547  0.442940  0.778702  0.444328  -0.758634  0.589646  -0.277114  -0.477786  -0.214337  0.851927  -0.037525  0.047578  0.049480  -1.572182  -1.847889  -1.729075  1.000000  
14.637225 0.009637  -0.011749  -0.030496  0.443735  0.778552  0.443797  -0.757130  0.590632  -0.279120  -0.479430  -0.212157  0.851549  -0.037824  0.047699  0.049716  -1.576545  -1.821116  -1.734444  1.000000  
14.638229 0.009596  -0.011701  -0.030444  0.444403  0.778483  0.443251  -0.755770  0.591459  -0.281049  -0.480956  -0.210097  0.851199  -0.038241  0.047747  0.050187  -1.575742  -1.791527  -1.732610  1.000000  
14.639234 0.009555  -0.011655  -0.030392  0.445065  0.778412  0.442709  -0.754407  0.592279  -0.282978  -0.482480  -0.208039  0.850842  -0.038576  0.047777  0.050467  -1.573494  -1.758830  -1.726578  1.000000  
14.640481 0.009503  -0.011597  -0.030329  0.445902  0.778362  0.441954  -0.752635  0.593298  -0.285549  -0.484472  -0.205303  0.850375  -0.039065  0.047717  0.050573  -1.575947  -1.730124  -1.723413  1.000000  
14.641727 0.009450  -0.011539  -0.030268  0.446764  0.778218  0.441338  -0.750914  0.594351  -0.287881  -0.486343  -0.202792  0.849909  -0.039501  0.047702  0.050446  -1.570005  -1.707773  -1.716374  1.000000  
14.642976 0.009396  -0.011482  -0.030210  0.447620  0.778125  0.440634  -0.749189  0.595357  -0.290286  -0.488213  -0.200181  0.849456  -0.040005  0.047551  0.049781  -1.571783  -1.676470  -1.706744  1.000000  
