1-Time 2-Px 3-Py 4-Pz 5-R11 6-R21 7-R31 8-R12 9-R22 10-R32 11-R13 12-R23 13-R33 14-Vx 15-Vy 16-Vz 17-Wx 18-Wy 19-Wz 20-state
91.320337 0.003339  -0.013260  -0.070291  0.781703  0.407202  0.472363  -0.495677  -0.053990  0.866827  0.378477  -0.911741  0.159637  0.002655  -0.000900  0.011741  0.280635  0.356774  0.104007  1.000000  
91.321450 0.003339  -0.013261  -0.070286  0.781805  0.407099  0.472284  -0.495517  -0.054116  0.866911  0.378477  -0.911780  0.159416  0.000001  -0.001434  0.006731  0.000000  0.000000  0.000000  1.000000  
91.322688 0.003351  -0.013275  -0.070213  0.781966  0.407052  0.472057  -0.495167  -0.054329  0.867097  0.378600  -0.911788  0.159075  0.006150  -0.007749  0.039081  0.000000  0.000000  0.000000  1.000000  
91.323937 0.003368  -0.013295  -0.070104  0.782170  0.406960  0.471798  -0.494845  -0.054372  0.867278  0.378600  -0.911826  0.158854  0.008889  -0.010780  0.057695  0.000000  0.000000  0.000000  1.000000  
91.324939 0.003378  -0.013302  -0.070035  0.782331  0.407029  0.471473  -0.494496  -0.054375  0.867477  0.378724  -0.911796  0.158735  0.009124  -0.009894  0.060222  0.000000  0.000000  0.000000  1.000000  
91.325957 0.003384  -0.013297  -0.069991  0.782432  0.406983  0.471343  -0.494335  -0.054396  0.867568  0.378724  -0.911815  0.158624  0.008513  -0.007135  0.056937  0.000000  0.000000  0.000000  1.000000  
91.327185 0.003381  -0.013282  -0.069955  0.782636  0.407005  0.470986  -0.494013  -0.054229  0.867762  0.378724  -0.911815  0.158624  0.006529  -0.003460  0.051698  0.000000  0.000000  0.000000  1.000000  
91.328199 0.003369  -0.013266  -0.069936  0.782695  0.407062  0.470839  -0.493825  -0.054315  0.867863  0.378848  -0.911784  0.158505  0.004052  -0.000826  0.047291  0.000000  0.000000  0.000000  1.000000  
91.329448 0.003355  -0.013244  -0.069910  0.782754  0.407119  0.470692  -0.493637  -0.054402  0.867965  0.378972  -0.911753  0.158386  0.001861  0.001814  0.043487  0.000000  0.000000  0.000000  1.000000  
91.330449 0.003352  -0.013232  -0.069880  0.782754  0.407062  0.470741  -0.493637  -0.054507  0.867958  0.378972  -0.911773  0.158275  0.001317  0.002846  0.042116  0.000000  0.000000  0.000000  1.000000  
91.331460 0.003354  -0.013228  -0.069837  0.782769  0.407280  0.470527  -0.493421  -0.054553  0.868078  0.379220  -0.911673  0.158258  0.001394  0.002979  0.042102  0.000000  0.000000  0.000000  1.000000  
91.332689 0.003357  -0.013231  -0.069767  0.782828  0.407394  0.470330  -0.493233  -0.054535  0.868186  0.379343  -0.911623  0.158249  0.001520  0.002398  0.043680  0.000000  0.000000  0.000000  1.000000  
91.333697 0.003358  -0.013231  -0.069706  0.782929  0.407406  0.470151  -0.493072  -0.054451  0.868283  0.379343  -0.911623  0.158249  0.001487  0.002165  0.044987  0.000000  0.000000  0.000000  1.000000  
91.334945 0.003356  -0.013228  -0.069628  0.783031  0.407246  0.470121  -0.492911  -0.054683  0.868360  0.379343  -0.911680  0.157917  0.001183  0.002235  0.046492  0.000000  0.000000  0.000000  1.000000  
91.335977 0.003351  -0.013224  -0.069561  0.782972  0.407017  0.470416  -0.493099  -0.054912  0.868238  0.379220  -0.911768  0.157705  0.000780  0.002407  0.049239  0.000000  0.000000  0.000000  1.000000  
91.336978 0.003345  -0.013223  -0.069489  0.782972  0.406846  0.470564  -0.493099  -0.055228  0.868218  0.379220  -0.911826  0.157373  0.000003  0.003060  0.051547  0.000000  0.000000  0.000000  1.000000  
91.338189 0.003344  -0.013224  -0.069395  0.782929  0.406835  0.470645  -0.493072  -0.055504  0.868216  0.379343  -0.911814  0.157143  -0.001155  0.004325  0.050889  0.000000  0.000000  0.000000  1.000000  
91.339193 0.003350  -0.013222  -0.069330  0.782844  0.406927  0.470708  -0.493018  -0.055845  0.868225  0.379591  -0.911752  0.156905  -0.001583  0.005208  0.049900  0.000000  0.000000  0.000000  1.000000  
91.340456 0.003358  -0.013213  -0.069260  0.782917  0.407203  0.470347  -0.492614  -0.055977  0.868446  0.379962  -0.911621  0.156768  -0.001703  0.005826  0.050120  0.000000  0.000000  0.000000  1.000000  
91.341690 0.003358  -0.013200  -0.069191  0.782933  0.407364  0.470182  -0.492399  -0.056129  0.868558  0.380210  -0.911539  0.156641  -0.001741  0.005803  0.052183  0.000000  0.000000  0.000000  1.000000  
91.342692 0.003351  -0.013187  -0.069132  0.782948  0.407582  0.469968  -0.492184  -0.056175  0.868677  0.380457  -0.911439  0.156623  -0.001690  0.005775  0.054296  0.000000  0.000000  0.000000  1.000000  
91.343945 0.003337  -0.013170  -0.069051  0.783107  0.407651  0.469642  -0.491834  -0.056177  0.868875  0.380581  -0.911408  0.156504  -0.001407  0.005274  0.058625  0.000000  0.000000  0.000000  1.000000  
91.345194 0.003326  -0.013158  -0.068952  0.783166  0.407766  0.469445  -0.491646  -0.056158  0.868983  0.380705  -0.911358  0.156496  -0.001763  0.005036  0.062951  0.000000  0.000000  0.000000  1.000000  
91.346442 0.003324  -0.013154  -0.068823  0.783426  0.407961  0.468841  -0.491135  -0.055865  0.869290  0.380828  -0.911289  0.156598  -0.002035  0.004912  0.067693  0.000000  0.000000  0.000000  1.000000  
91.347462 0.003326  -0.013156  -0.068704  0.783585  0.408087  0.468465  -0.490785  -0.055762  0.869494  0.380952  -0.911238  0.156589  -0.002105  0.005041  0.071909  0.000000  0.000000  0.000000  1.000000  
91.348693 0.003330  -0.013159  -0.068559  0.783989  0.408190  0.467699  -0.490140  -0.055321  0.869886  0.380952  -0.911219  0.156699  -0.001912  0.004840  0.076485  0.021753  0.224098  0.058113  1.000000  
91.349700 0.003329  -0.013154  -0.068462  0.784248  0.408384  0.467095  -0.489629  -0.055027  0.870193  0.381076  -0.911150  0.156801  -0.001804  0.005032  0.079045  0.008716  0.236514  0.057260  1.000000  
91.350944 0.003320  -0.013136  -0.068372  0.784550  0.408531  0.466458  -0.489144  -0.054564  0.870495  0.381076  -0.911112  0.157022  -0.002050  0.005887  0.079397  -0.008916  0.241229  0.053185  1.000000  
91.351946 0.003305  -0.013118  -0.068317  0.784852  0.408621  0.465871  -0.488660  -0.054206  0.870789  0.381076  -0.911093  0.157133  -0.002682  0.006998  0.078249  -0.026467  0.255733  0.051429  1.000000  
91.353193 0.003285  -0.013096  -0.068251  0.785355  0.408733  0.464925  -0.487851  -0.053680  0.871275  0.381076  -0.911074  0.157243  -0.004068  0.008645  0.076424  -0.050672  0.273885  0.043754  1.000000  
91.354443 0.003274  -0.013082  -0.068174  0.785957  0.408855  0.463799  -0.486881  -0.053069  0.871855  0.381076  -0.911055  0.157354  -0.005435  0.009306  0.076346  -0.073421  0.299143  0.039402  1.000000  
91.355691 0.003275  -0.013080  -0.068067  0.786314  0.409003  0.463063  -0.486207  -0.052797  0.872247  0.381200  -0.911005  0.157345  -0.005659  0.008727  0.079008  -0.082855  0.311968  0.037264  1.000000  
91.356940 0.003281  -0.013089  -0.067935  0.786671  0.409150  0.462326  -0.485532  -0.052524  0.872640  0.381323  -0.910954  0.157336  -0.005045  0.007100  0.083269  -0.088071  0.325104  0.039482  1.000000  
91.358190 0.003282  -0.013099  -0.067793  0.786927  0.409286  0.461769  -0.485020  -0.052335  0.872936  0.381447  -0.910904  0.157328  -0.004184  0.005257  0.087513  -0.096683  0.335040  0.037026  1.000000  
91.359440 0.003277  -0.013104  -0.067663  0.787426  0.409339  0.460870  -0.484209  -0.051914  0.873411  0.381447  -0.910904  0.157328  -0.003681  0.004008  0.090037  -0.111189  0.359290  0.028318  1.000000  
91.360442 0.003271  -0.013103  -0.067573  0.787781  0.409486  0.460133  -0.483534  -0.051640  0.873801  0.381571  -0.910854  0.157319  -0.003608  0.003541  0.090244  -0.125694  0.385050  0.028403  1.000000  
91.361689 0.003263  -0.013097  -0.067470  0.788179  0.409640  0.459314  -0.482885  -0.051091  0.874192  0.381571  -0.910816  0.157540  -0.004192  0.003910  0.087748  -0.141769  0.402568  0.016329  1.000000  
91.362690 0.003264  -0.013090  -0.067387  0.788533  0.409897  0.458477  -0.482209  -0.050605  0.874593  0.381694  -0.910727  0.157752  -0.004246  0.004492  0.085870  -0.156297  0.418151  0.014218  1.000000  
91.363691 0.003268  -0.013083  -0.067300  0.788929  0.410049  0.457657  -0.481560  -0.050055  0.874983  0.381694  -0.910689  0.157973  -0.004132  0.005042  0.083904  -0.173561  0.439768  0.009711  1.000000  
91.364709 0.003274  -0.013077  -0.067210  0.789369  0.410153  0.456805  -0.480936  -0.049336  0.875366  0.381571  -0.910681  0.158313  -0.003667  0.005032  0.083389  -0.207211  0.461299  0.002074  1.000000  
91.365942 0.003279  -0.013070  -0.067090  0.790006  0.410330  0.455542  -0.479987  -0.048341  0.875942  0.381447  -0.910655  0.158764  -0.002705  0.004446  0.085501  -0.248357  0.502088  -0.005611  1.000000  
91.366946 0.003281  -0.013064  -0.066986  0.790445  0.410486  0.454640  -0.479363  -0.047514  0.876329  0.381323  -0.910628  0.159215  -0.001339  0.003364  0.089393  -0.287089  0.526340  -0.014392  1.000000  
91.367950 0.003281  -0.013056  -0.066879  0.790927  0.410482  0.453805  -0.478765  -0.046731  0.876699  0.381076  -0.910670  0.159564  -0.000282  0.002750  0.093022  -0.317620  0.548891  -0.031963  1.000000  
91.368961 0.003281  -0.013048  -0.066766  0.791408  0.410532  0.452921  -0.478166  -0.045842  0.877072  0.380828  -0.910693  0.160023  0.000380  0.002452  0.096515  -0.354809  0.574859  -0.054350  1.000000  
91.370191 0.003283  -0.013042  -0.066617  0.791987  0.410644  0.451805  -0.477404  -0.044761  0.877543  0.380581  -0.910696  0.160593  0.000620  0.002475  0.099745  -0.386788  0.592395  -0.076004  1.000000  
91.371438 0.003289  -0.013043  -0.066460  0.792565  0.410754  0.450689  -0.476641  -0.043680  0.878012  0.380334  -0.910699  0.161163  0.000724  0.002780  0.101976  -0.414875  0.607283  -0.101423  1.000000  
91.372441 0.003296  -0.013046  -0.066336  0.792903  0.410950  0.449916  -0.476177  -0.042831  0.878305  0.380210  -0.910651  0.161724  0.000952  0.003373  0.102596  -0.444354  0.618229  -0.112542  1.000000  
91.373691 0.003304  -0.013046  -0.066195  0.793284  0.411149  0.449062  -0.475740  -0.041706  0.878597  0.379962  -0.910614  0.162515  0.001604  0.003886  0.102830  -0.483384  0.626645  -0.132551  1.000000  
91.374940 0.003309  -0.013039  -0.066073  0.793524  0.411388  0.448420  -0.475439  -0.040834  0.878800  0.379839  -0.910545  0.163187  0.002333  0.004331  0.103008  -0.506223  0.626081  -0.141556  1.000000  
91.375947 0.003312  -0.013027  -0.065985  0.793763  0.411572  0.447827  -0.475139  -0.040069  0.878998  0.379715  -0.910496  0.163748  0.003111  0.004925  0.103434  -0.526587  0.629492  -0.151777  1.000000  
91.377190 0.003316  -0.013011  -0.065869  0.793807  0.411739  0.447596  -0.475165  -0.039474  0.879011  0.379591  -0.910447  0.164309  0.003613  0.005527  0.104388  -0.539637  0.609617  -0.157658  1.000000  
91.378439 0.003323  -0.013001  -0.065732  0.793948  0.411968  0.447134  -0.475028  -0.038687  0.879120  0.379467  -0.910377  0.164981  0.003759  0.005589  0.106033  -0.549938  0.591017  -0.158741  1.000000  
91.379440 0.003334  -0.013000  -0.065605  0.793992  0.412188  0.446853  -0.475054  -0.037984  0.879137  0.379343  -0.910306  0.165653  0.004127  0.005231  0.108488  -0.562173  0.570474  -0.164412  1.000000  
91.380690 0.003354  -0.013006  -0.065425  0.794089  0.412575  0.446322  -0.474890  -0.037153  0.879261  0.379343  -0.910165  0.166425  0.005041  0.004331  0.112665  -0.577168  0.557878  -0.162502  1.000000  
91.381696 0.003370  -0.013011  -0.065276  0.794133  0.412850  0.445991  -0.474916  -0.036344  0.879280  0.379220  -0.910074  0.167207  0.005979  0.003614  0.115765  -0.595812  0.536403  -0.164052  1.000000  
91.382948 0.003386  -0.013008  -0.065100  0.794220  0.413019  0.445679  -0.474968  -0.035472  0.879288  0.378972  -0.910031  0.167998  0.006991  0.003139  0.118591  -0.606952  0.503183  -0.167518  1.000000  
91.383950 0.003393  -0.012998  -0.064978  0.794264  0.413293  0.445347  -0.474994  -0.034663  0.879306  0.378848  -0.909938  0.168780  0.007474  0.003329  0.119307  -0.618160  0.470768  -0.166530  1.000000  
91.385191 0.003394  -0.012978  -0.064844  0.794296  0.413459  0.445135  -0.475236  -0.033601  0.879217  0.378477  -0.909903  0.169801  0.007472  0.004317  0.118081  -0.641746  0.436102  -0.178865  1.000000  
91.386441 0.003394  -0.012957  -0.064715  0.794481  0.413850  0.444442  -0.475124  -0.032217  0.879329  0.378229  -0.909775  0.171034  0.007012  0.005839  0.116198  -0.678710  0.415552  -0.184621  1.000000  
91.387691 0.003399  -0.012940  -0.064573  0.794709  0.414136  0.443767  -0.475039  -0.030771  0.879427  0.377857  -0.909695  0.172276  0.006698  0.007221  0.115496  -0.715605  0.393342  -0.199180  1.000000  
91.388940 0.003410  -0.012926  -0.064411  0.794839  0.414414  0.443274  -0.475116  -0.029411  0.879431  0.377486  -0.909613  0.173518  0.007027  0.008049  0.117470  -0.746290  0.368047  -0.211943  1.000000  
91.390188 0.003423  -0.012917  -0.064233  0.795067  0.414697  0.442600  -0.475030  -0.027965  0.879525  0.377114  -0.909530  0.174760  0.007495  0.008006  0.121217  -0.780420  0.339792  -0.225221  1.000000  
91.391192 0.003432  -0.012908  -0.064088  0.795153  0.414971  0.442187  -0.475082  -0.026880  0.879531  0.376866  -0.909437  0.175772  0.008006  0.007587  0.125481  -0.808872  0.315641  -0.231511  1.000000  
91.392192 0.003438  -0.012899  -0.063947  0.795381  0.415092  0.441664  -0.474996  -0.025754  0.879611  0.376494  -0.909415  0.176683  0.008239  0.007420  0.128571  -0.825431  0.293381  -0.245933  1.000000  
91.393440 0.003443  -0.012884  -0.063778  0.795609  0.415373  0.440990  -0.474910  -0.024307  0.879699  0.376122  -0.909326  0.177926  0.008003  0.007892  0.130479  -0.847544  0.265576  -0.254822  1.000000  
91.394440 0.003448  -0.012871  -0.063647  0.795738  0.415487  0.440649  -0.474987  -0.023267  0.879685  0.375750  -0.909301  0.178837  0.007617  0.008657  0.130550  -0.856996  0.242919  -0.258206  1.000000  
91.395691 0.003458  -0.012854  -0.063489  0.795965  0.415766  0.439975  -0.474900  -0.021820  0.879769  0.375378  -0.909210  0.180079  0.006784  0.010412  0.128902  -0.872267  0.209031  -0.265779  1.000000  
91.396692 0.003469  -0.012841  -0.063364  0.796052  0.416037  0.439562  -0.474952  -0.020735  0.879768  0.375130  -0.909111  0.181091  0.006578  0.011300  0.127485  -0.882006  0.183859  -0.261271  1.000000  
91.397710 0.003479  -0.012829  -0.063244  0.796279  0.416261  0.438939  -0.474865  -0.019395  0.879845  0.374758  -0.909038  0.182224  0.006316  0.012148  0.125715  -0.902867  0.159105  -0.263180  1.000000  
91.398940 0.003490  -0.012814  -0.063098  0.796505  0.416590  0.438215  -0.474778  -0.017842  0.879925  0.374386  -0.908920  0.183576  0.006462  0.012270  0.125397  -0.920835  0.138150  -0.262275  1.000000  
91.399941 0.003493  -0.012800  -0.062983  0.796775  0.416759  0.437562  -0.474716  -0.016333  0.879987  0.373890  -0.908870  0.184829  0.006609  0.012154  0.125833  -0.940644  0.117448  -0.267430  1.000000  
91.400943 0.003494  -0.012784  -0.062864  0.797045  0.416822  0.437011  -0.474655  -0.015038  0.880044  0.373393  -0.908864  0.185861  0.006782  0.011943  0.127245  -0.954256  0.091352  -0.273788  1.000000  
91.402192 0.003496  -0.012766  -0.062706  0.797357  0.416938  0.436331  -0.474618  -0.013360  0.880090  0.372773  -0.908837  0.187234  0.006687  0.011961  0.128588  -0.969487  0.074496  -0.286762  1.000000  
91.403441 0.003502  -0.012753  -0.062530  0.797669  0.417106  0.435600  -0.474582  -0.011575  0.880135  0.372152  -0.908784  0.188718  0.006411  0.011937  0.129762  -0.990157  0.053333  -0.298876  1.000000  
91.404686 0.003511  -0.012741  -0.062347  0.798121  0.417169  0.434711  -0.474406  -0.009643  0.880254  0.371406  -0.908778  0.190211  0.006206  0.011959  0.130616  -1.014308  0.048340  -0.318373  1.000000  
91.405687 0.003520  -0.012730  -0.062202  0.798529  0.417230  0.433901  -0.474204  -0.007986  0.880379  0.370785  -0.908766  0.191475  0.006143  0.012171  0.130547  -1.045113  0.050893  -0.337142  1.000000  
91.406690 0.003526  -0.012715  -0.062064  0.799078  0.417185  0.432933  -0.473862  -0.006181  0.880577  0.370040  -0.908801  0.192749  0.006062  0.012625  0.130064  -1.074403  0.058780  -0.361510  1.000000  
91.407942 0.003528  -0.012690  -0.061907  0.799571  0.417189  0.432018  -0.473709  -0.004080  0.880672  0.369169  -0.908810  0.194365  0.005783  0.013347  0.129008  -1.112081  0.065690  -0.390400  1.000000  
91.409186 0.003524  -0.012659  -0.061763  0.800148  0.417034  0.431099  -0.473606  -0.001748  0.880735  0.368050  -0.908889  0.196111  0.005149  0.014333  0.127809  -1.146765  0.063612  -0.431062  1.000000  
91.410186 0.003521  -0.012632  -0.061649  0.800639  0.416929  0.430288  -0.473452  0.000139  0.880820  0.367179  -0.908939  0.197507  0.004495  0.015229  0.126858  -1.180181  0.070446  -0.459902  1.000000  
91.411189 0.003523  -0.012608  -0.061525  0.801130  0.416821  0.429478  -0.473297  0.002026  0.880901  0.366308  -0.908986  0.198903  0.004020  0.016016  0.126695  -1.202920  0.070922  -0.487507  1.000000  
91.412438 0.003529  -0.012584  -0.061352  0.801662  0.416814  0.428491  -0.473166  0.004402  0.880962  0.365311  -0.908981  0.200752  0.003518  0.016570  0.128272  -1.244320  0.076573  -0.520749  1.000000  
91.413691 0.003539  -0.012566  -0.061163  0.802193  0.416805  0.427505  -0.473034  0.006778  0.881018  0.364315  -0.908971  0.202600  0.003384  0.016757  0.130976  -1.281545  0.082994  -0.549601  1.000000  
91.414699 0.003545  -0.012551  -0.061007  0.802584  0.416692  0.426881  -0.473042  0.008579  0.880998  0.363442  -0.909007  0.203998  0.003491  0.016807  0.133685  -1.309139  0.091071  -0.578765  1.000000  
91.415949 0.003547  -0.012531  -0.060820  0.802960  0.416576  0.426285  -0.473264  0.010844  0.880854  0.362320  -0.909036  0.205858  0.003572  0.016929  0.136437  -1.326618  0.078413  -0.603967  1.000000  
91.417195 0.003546  -0.012505  -0.060649  0.803335  0.416408  0.425742  -0.473485  0.013002  0.880706  0.361198  -0.909085  0.207609  0.003364  0.017533  0.137070  -1.344457  0.064843  -0.633675  1.000000  
91.418444 0.003543  -0.012476  -0.060491  0.803751  0.416238  0.425124  -0.473730  0.015436  0.880535  0.359950  -0.909125  0.209591  0.002697  0.018603  0.135753  -1.364709  0.057313  -0.664627  1.000000  
91.419445 0.003542  -0.012451  -0.060368  0.804083  0.416069  0.424662  -0.473926  0.017318  0.880394  0.358951  -0.909168  0.211112  0.002102  0.019625  0.134075  -1.378295  0.045527  -0.685366  1.000000  
91.420701 0.003545  -0.012422  -0.060209  0.804537  0.415792  0.424073  -0.474193  0.019813  0.880198  0.357577  -0.909244  0.213106  0.001634  0.020632  0.132633  -1.406428  0.036953  -0.720524  1.000000  
91.421944 0.003550  -0.012392  -0.060040  0.804974  0.415410  0.423617  -0.474674  0.022559  0.879872  0.355952  -0.909354  0.215344  0.001537  0.021271  0.132761  -1.430536  0.012704  -0.760194  1.000000  
91.423193 0.003553  -0.012361  -0.059866  0.805367  0.415133  0.423141  -0.475130  0.025243  0.879554  0.354451  -0.909410  0.217572  0.001795  0.021453  0.134369  -1.461446  -0.008839  -0.798872  1.000000  
91.424441 0.003553  -0.012327  -0.059689  0.805718  0.415012  0.422592  -0.475560  0.027971  0.879238  0.353074  -0.909386  0.219900  0.002021  0.021526  0.136744  -1.499594  -0.023269  -0.828280  1.000000  
91.425444 0.003551  -0.012300  -0.059543  0.805928  0.414796  0.422403  -0.476132  0.030125  0.878858  0.351822  -0.909416  0.221776  0.001976  0.021662  0.138623  -1.520417  -0.051120  -0.859199  1.000000  
91.426694 0.003550  -0.012264  -0.059357  0.806355  0.414516  0.421862  -0.476608  0.033082  0.878493  0.350193  -0.909440  0.224238  0.001574  0.022203  0.140128  -1.554177  -0.068854  -0.901450  1.000000  
91.427944 0.003551  -0.012229  -0.059165  0.806642  0.414399  0.421429  -0.477226  0.035999  0.878043  0.348689  -0.909383  0.226800  0.001196  0.023088  0.140889  -1.587115  -0.098480  -0.933657  1.000000  
91.429193 0.003555  -0.012194  -0.058971  0.806868  0.414236  0.421157  -0.478033  0.038997  0.877476  0.347058  -0.909334  0.229484  0.000897  0.024318  0.140940  -1.618340  -0.134608  -0.970329  1.000000  
91.430443 0.003561  -0.012155  -0.058787  0.807149  0.414171  0.420681  -0.478648  0.042018  0.877001  0.345552  -0.909229  0.232158  0.000916  0.025830  0.140314  -1.655684  -0.162568  -0.996444  1.000000  
91.431451 0.003562  -0.012119  -0.058651  0.807349  0.414112  0.420356  -0.479216  0.044489  0.876569  0.344296  -0.909138  0.234368  0.000997  0.026927  0.139866  -1.688061  -0.189107  -1.017569  1.000000  
91.432694 0.003561  -0.012071  -0.058487  0.807566  0.414004  0.420045  -0.480020  0.047592  0.875966  0.342663  -0.909030  0.237164  0.001096  0.028313  0.140561  -1.720772  -0.231054  -1.045011  1.000000  
91.433944 0.003557  -0.012023  -0.058322  0.807780  0.413898  0.419737  -0.480823  0.050694  0.875351  0.341028  -0.908911  0.239961  0.001003  0.029465  0.140736  -1.755804  -0.265807  -1.069240  1.000000  
91.434945 0.003556  -0.011986  -0.058184  0.807875  0.413903  0.419551  -0.481555  0.053183  0.874801  0.339770  -0.908766  0.242283  0.000864  0.030363  0.141677  -1.780148  -0.304481  -1.083092  1.000000  
91.436193 0.003559  -0.011944  -0.057996  0.808122  0.413747  0.419228  -0.482379  0.056452  0.874142  0.338008  -0.908640  0.245203  0.000818  0.031101  0.143098  -1.810460  -0.353255  -1.108340  1.000000  
91.437199 0.003564  -0.011914  -0.057838  0.808289  0.413547  0.419104  -0.483156  0.059064  0.873540  0.336496  -0.908565  0.247549  0.000848  0.031569  0.144591  -1.834564  -0.393099  -1.125976  1.000000  
91.438444 0.003571  -0.011876  -0.057641  0.808568  0.413341  0.418768  -0.484001  0.062498  0.872833  0.334606  -0.908429  0.250592  0.001260  0.031985  0.146049  -1.871840  -0.434928  -1.148089  1.000000  
91.439686 0.003575  -0.011836  -0.057458  0.808843  0.413137  0.418438  -0.484844  0.065932  0.872112  0.332714  -0.908279  0.253636  0.001479  0.032309  0.146359  -1.905268  -0.475938  -1.165672  1.000000  
91.440690 0.003574  -0.011800  -0.057323  0.809001  0.413045  0.418225  -0.485618  0.068753  0.871463  0.331199  -0.908112  0.256203  0.001586  0.032842  0.145655  -1.930243  -0.513012  -1.177604  1.000000  
91.441695 0.003572  -0.011760  -0.057197  0.809231  0.412796  0.418024  -0.486437  0.071804  0.870760  0.329431  -0.907989  0.258905  0.001471  0.033662  0.143753  -1.966431  -0.557979  -1.203946  1.000000  
91.442939 0.003570  -0.011710  -0.057045  0.809432  0.412611  0.417817  -0.487466  0.075422  0.869879  0.327409  -0.907779  0.262183  0.001238  0.034626  0.141339  -1.997935  -0.604125  -1.222565  1.000000  
91.443941 0.003570  -0.011672  -0.056920  0.809618  0.412522  0.417546  -0.488259  0.078513  0.869160  0.325765  -0.907558  0.264984  0.001011  0.035315  0.139289  -2.038589  -0.643244  -1.246873  1.000000  
91.445188 0.003575  -0.011625  -0.056753  0.809874  0.412481  0.417090  -0.489096  0.082256  0.868343  0.323867  -0.907245  0.268359  0.001000  0.035827  0.138049  -2.077108  -0.675087  -1.262748  1.000000  
91.446439 0.003581  -0.011582  -0.056574  0.810062  0.412405  0.416798  -0.490120  0.086079  0.867394  0.321841  -0.906925  0.271857  0.001240  0.035836  0.138594  -2.129050  -0.711686  -1.284575  1.000000  
91.447465 0.003584  -0.011546  -0.056427  0.810237  0.412323  0.416540  -0.490910  0.089165  0.866636  0.320193  -0.906664  0.274658  0.001592  0.035533  0.139426  -2.180051  -0.744271  -1.303403  1.000000  
91.448699 0.003587  -0.011500  -0.056245  0.810554  0.412232  0.416013  -0.491787  0.093341  0.865698  0.318038  -0.906285  0.278388  0.002047  0.035428  0.140795  -2.230484  -0.773937  -1.323868  1.000000  
91.449947 0.003588  -0.011452  -0.056068  0.811004  0.411969  0.415396  -0.492516  0.097557  0.864818  0.315753  -0.905960  0.282021  0.002131  0.035598  0.140938  -2.284182  -0.799092  -1.348821  1.000000  
91.451204 0.003590  -0.011403  -0.055893  0.811347  0.411828  0.414866  -0.493411  0.101896  0.863807  0.313467  -0.905547  0.285873  0.002018  0.036132  0.139816  -2.340876  -0.824269  -1.372820  1.000000  
91.452437 0.003593  -0.011355  -0.055721  0.811822  0.411564  0.414198  -0.494158  0.106378  0.862839  0.311052  -0.905151  0.289738  0.001819  0.036753  0.138563  -2.391554  -0.844118  -1.390513  1.000000  
91.453448 0.003598  -0.011318  -0.055588  0.812083  0.411333  0.413916  -0.495004  0.109956  0.861905  0.309017  -0.904829  0.292905  0.001738  0.037363  0.136641  -2.437947  -0.867604  -1.419151  1.000000  
91.454688 0.003602  -0.011271  -0.055429  0.812582  0.411068  0.413199  -0.495768  0.114704  0.860847  0.306471  -0.904360  0.297001  0.001870  0.037703  0.135199  -2.493655  -0.883713  -1.446072  1.000000  
91.455942 0.003604  -0.011223  -0.055277  0.813008  0.410675  0.412753  -0.496716  0.119322  0.859671  0.303795  -0.903940  0.300999  0.002136  0.037776  0.134463  -2.542474  -0.912395  -1.477891  1.000000  
91.457186 0.003604  -0.011176  -0.055124  0.813391  0.410438  0.412232  -0.497641  0.123977  0.858477  0.301245  -0.903421  0.305093  0.002218  0.037618  0.134232  -2.602334  -0.932822  -1.503170  1.000000  
91.458186 0.003602  -0.011141  -0.055000  0.813666  0.410163  0.411964  -0.498500  0.127710  0.857431  0.299075  -0.903026  0.308380  0.002263  0.037380  0.134820  -2.641223  -0.952320  -1.528519  1.000000  
91.459437 0.003604  -0.011099  -0.054838  0.814105  0.409726  0.411531  -0.499461  0.132483  0.856147  0.296265  -0.902537  0.312497  0.002145  0.036911  0.134421  -2.688632  -0.975804  -1.561678  1.000000  
91.460439 0.003610  -0.011069  -0.054702  0.814572  0.409171  0.411160  -0.500209  0.136588  0.855064  0.293708  -0.902177  0.315931  0.002216  0.036542  0.134243  -2.729866  -0.994823  -1.605673  1.000000  
91.461439 0.003616  -0.011039  -0.054562  0.814830  0.408954  0.410864  -0.501060  0.140415  0.853945  0.291533  -0.901687  0.319325  0.002290  0.036166  0.133849  -2.769959  -1.015497  -1.631251  1.000000  
91.462443 0.003622  -0.011008  -0.054426  0.815115  0.408638  0.410612  -0.501930  0.144302  0.852785  0.289228  -0.901217  0.322730  0.002507  0.035931  0.133622  -2.808008  -1.035571  -1.655459  1.000000  
91.463692 0.003627  -0.010966  -0.054268  0.815559  0.408210  0.410156  -0.502898  0.149328  0.851349  0.286281  -0.900592  0.327074  0.002667  0.035588  0.131863  -2.863759  -1.050464  -1.700255  1.000000  
91.464699 0.003630  -0.010931  -0.054153  0.815735  0.408257  0.409758  -0.503703  0.153121  0.850199  0.284357  -0.899933  0.330546  0.002829  0.035286  0.129788  -2.908594  -1.067820  -1.719176  1.000000  
91.465942 0.003631  -0.010885  -0.054012  0.816061  0.407968  0.409398  -0.504832  0.158258  0.848586  0.281406  -0.899175  0.335104  0.002815  0.035162  0.127623  -2.958556  -1.094359  -1.748311  1.000000  
91.466943 0.003633  -0.010848  -0.053895  0.816155  0.408003  0.409175  -0.505820  0.162124  0.847267  0.279351  -0.898470  0.338694  0.002754  0.035050  0.126079  -3.001808  -1.111766  -1.759789  1.000000  
91.468193 0.003637  -0.010803  -0.053741  0.816496  0.407623  0.408874  -0.506963  0.167312  0.845574  0.276266  -0.897691  0.343260  0.002689  0.034931  0.125245  -3.061035  -1.137495  -1.795291  1.000000  
91.469444 0.003644  -0.010761  -0.053577  0.816723  0.407384  0.408659  -0.508269  0.172614  0.843722  0.273178  -0.896796  0.348039  0.002834  0.034562  0.125507  -3.118453  -1.170202  -1.824299  1.000000  
91.470447 0.003650  -0.010729  -0.053442  0.816891  0.407279  0.408429  -0.509307  0.176960  0.842194  0.270732  -0.895996  0.351987  0.003071  0.034150  0.126332  -3.166329  -1.193034  -1.847949  1.000000  
91.471688 0.003653  -0.010688  -0.053272  0.817129  0.407003  0.408226  -0.510625  0.182413  0.840231  0.267511  -0.895028  0.356881  0.003359  0.033708  0.127665  -3.216218  -1.219840  -1.871282  1.000000  
91.472688 0.003655  -0.010653  -0.053141  0.817418  0.406770  0.407881  -0.511507  0.186893  0.838708  0.264931  -0.894209  0.360835  0.003530  0.033639  0.128156  -3.264853  -1.236344  -1.895946  1.000000  
91.473689 0.003656  -0.010616  -0.053018  0.817699  0.406492  0.407593  -0.512387  0.191265  0.837184  0.262350  -0.893410  0.364678  0.003503  0.033816  0.127891  -3.307709  -1.254047  -1.926052  1.000000  
91.474936 0.003658  -0.010569  -0.052870  0.817910  0.406237  0.407424  -0.513692  0.196694  0.835124  0.259121  -0.892347  0.369559  0.003436  0.034310  0.126758  -3.350277  -1.283409  -1.955274  1.000000  
91.475938 0.003661  -0.010532  -0.052752  0.817965  0.406151  0.407400  -0.514901  0.201088  0.833331  0.256535  -0.891406  0.373610  0.003190  0.034752  0.125405  -3.399707  -1.320585  -1.978723  1.000000  
91.477186 0.003666  -0.010489  -0.052604  0.818000  0.405947  0.407533  -0.516571  0.206761  0.830906  0.253042  -0.890201  0.378831  0.002984  0.035160  0.123652  -3.460076  -1.367082  -2.014375  1.000000  
91.478189 0.003671  -0.010453  -0.052487  0.818037  0.405880  0.407525  -0.517773  0.211139  0.829055  0.250452  -0.889203  0.382873  0.003049  0.035393  0.122819  -3.489167  -1.395696  -2.026973  1.000000  
91.479444 0.003677  -0.010408  -0.052344  0.818021  0.405753  0.407685  -0.519415  0.216627  0.826608  0.247083  -0.887940  0.387960  0.003218  0.035544  0.122563  -3.528965  -1.448558  -2.041875  1.000000  
91.480688 0.003682  -0.010362  -0.052200  0.817857  0.405836  0.407931  -0.521203  0.222057  0.824038  0.243840  -0.886560  0.393134  0.003397  0.035509  0.122689  -3.573166  -1.500249  -2.052176  1.000000  
91.481692 0.003685  -0.010325  -0.052081  0.817624  0.406092  0.408142  -0.522713  0.226377  0.821903  0.241374  -0.885349  0.397361  0.003556  0.035422  0.123015  -3.609773  -1.545766  -2.051279  1.000000  
91.482943 0.003690  -0.010281  -0.051927  0.817410  0.406206  0.408457  -0.524475  0.231521  0.819344  0.238256  -0.883965  0.402292  0.003577  0.035347  0.122996  -3.644807  -1.602307  -2.052410  1.000000  
91.483945 0.003697  -0.010247  -0.051801  0.817295  0.406339  0.408554  -0.525827  0.235969  0.817205  0.235656  -0.882727  0.406521  0.003609  0.035381  0.122607  -3.674794  -1.641845  -2.052401  1.000000  
91.485191 0.003706  -0.010205  -0.051644  0.817112  0.406533  0.408728  -0.527614  0.241711  0.814370  0.232274  -0.881082  0.411998  0.003814  0.035530  0.121945  -3.720961  -1.685085  -2.054367  1.000000  
91.486440 0.003714  -0.010159  -0.051491  0.816889  0.406794  0.408914  -0.529379  0.247276  0.811550  0.229020  -0.879416  0.417345  0.004121  0.035797  0.120921  -3.767504  -1.742410  -2.052498  1.000000  
91.487444 0.003718  -0.010120  -0.051378  0.816552  0.406971  0.409411  -0.531072  0.251587  0.809114  0.226284  -0.878111  0.421565  0.004317  0.036089  0.119515  -3.796503  -1.790175  -2.053282  1.000000  
91.488688 0.003722  -0.010068  -0.051242  0.816196  0.407418  0.409676  -0.532995  0.257234  0.806069  0.223024  -0.876265  0.427105  0.004418  0.036539  0.118423  -3.840857  -1.840818  -2.039403  1.000000  
91.489936 0.003726  -0.010013  -0.051108  0.816047  0.407777  0.409616  -0.534577  0.263032  0.803145  0.219762  -0.874375  0.432634  0.004528  0.037068  0.117445  -3.889526  -1.878383  -2.023542  1.000000  
91.490936 0.003729  -0.009971  -0.050995  0.815715  0.408338  0.409717  -0.536041  0.267392  0.800726  0.217412  -0.872790  0.437002  0.004538  0.037449  0.117154  -3.925246  -1.913525  -2.009346  1.000000  
91.491938 0.003734  -0.009931  -0.050874  0.815536  0.408660  0.409754  -0.537367  0.271952  0.798298  0.214799  -0.871228  0.441387  0.004621  0.037810  0.117250  -3.967304  -1.954054  -2.000595  1.000000  
91.493186 0.003743  -0.009882  -0.050717  0.815268  0.409122  0.409827  -0.539118  0.277875  0.795071  0.211400  -0.869140  0.447107  0.004778  0.038114  0.118007  -4.025613  -1.995799  -1.992001  1.000000  
91.494441 0.003752  -0.009831  -0.050559  0.815052  0.409687  0.409692  -0.540665  0.283636  0.791980  0.208261  -0.867010  0.452682  0.004976  0.038437  0.118987  -4.066264  -2.029087  -1.988039  1.000000  
91.495686 0.003758  -0.009781  -0.050408  0.814735  0.410182  0.409826  -0.542389  0.289262  0.788759  0.204988  -0.864915  0.458150  0.005046  0.038729  0.119475  -4.099971  -2.075521  -1.974655  1.000000  
91.496688 0.003762  -0.009740  -0.050292  0.814630  0.410596  0.409621  -0.543530  0.294038  0.786204  0.202368  -0.863106  0.462704  0.005081  0.039020  0.119258  -4.145040  -2.096054  -1.974701  1.000000  
91.497694 0.003765  -0.009698  -0.050182  0.814383  0.411176  0.409529  -0.544820  0.298652  0.783567  0.199878  -0.861244  0.467234  0.005072  0.039540  0.118264  -4.183441  -2.128662  -1.958443  1.000000  
91.498695 0.003769  -0.009656  -0.050075  0.814219  0.411701  0.409328  -0.545925  0.303082  0.781094  0.197517  -0.859444  0.471533  0.004916  0.040069  0.117010  -4.216897  -2.139737  -1.937954  1.000000  
91.499705 0.003775  -0.009615  -0.049967  0.813915  0.412443  0.409186  -0.547180  0.307445  0.778506  0.195287  -0.857536  0.475914  0.004807  0.040563  0.115664  -4.239664  -2.156788  -1.913668  1.000000  
91.500942 0.003782  -0.009566  -0.049831  0.813733  0.413170  0.408814  -0.548518  0.313213  0.775259  0.192268  -0.855095  0.481503  0.004686  0.040889  0.114572  -4.279368  -2.173027  -1.894636  1.000000  
91.502186 0.003788  -0.009518  -0.049691  0.813541  0.413861  0.408497  -0.549851  0.318864  0.772004  0.189247  -0.852669  0.486971  0.004738  0.040854  0.114358  -4.309738  -2.193366  -1.868580  1.000000  
91.503192 0.003793  -0.009480  -0.049578  0.813216  0.414635  0.408361  -0.551096  0.323177  0.769318  0.187013  -0.850667  0.491316  0.004799  0.040609  0.114618  -4.335623  -2.214049  -1.837178  1.000000  
91.504439 0.003796  -0.009431  -0.049436  0.812872  0.415512  0.408153  -0.552574  0.328639  0.765936  0.184121  -0.848143  0.496742  0.004782  0.040248  0.115102  -4.367340  -2.227674  -1.809761  1.000000  
91.505440 0.003797  -0.009391  -0.049321  0.812533  0.416308  0.408017  -0.553812  0.332919  0.763189  0.181885  -0.846081  0.501064  0.004635  0.040041  0.115390  -4.387882  -2.242672  -1.781501  1.000000  
91.506686 0.003800  -0.009343  -0.049174  0.812267  0.417186  0.407650  -0.555102  0.338268  0.759893  0.179121  -0.843523  0.506345  0.004484  0.039858  0.115455  -4.413005  -2.237156  -1.751441  1.000000  
91.507689 0.003803  -0.009304  -0.049056  0.811915  0.417903  0.407617  -0.556333  0.342331  0.757167  0.176883  -0.841526  0.510437  0.004237  0.039808  0.114731  -4.426527  -2.243194  -1.722193  1.000000  
91.508936 0.003807  -0.009256  -0.048912  0.811480  0.419209  0.407141  -0.557756  0.347701  0.753666  0.174380  -0.838670  0.515969  0.003950  0.039743  0.114031  -4.463811  -2.235510  -1.688093  1.000000  
91.509936 0.003809  -0.009215  -0.048801  0.811230  0.420172  0.406647  -0.558814  0.352363  0.750711  0.172140  -0.836239  0.520646  0.003626  0.039759  0.113134  -4.496052  -2.236478  -1.661337  1.000000  
91.510940 0.003810  -0.009174  -0.048693  0.810975  0.421044  0.406254  -0.559870  0.356826  0.747811  0.169899  -0.833905  0.525107  0.003404  0.039801  0.112298  -4.527087  -2.227188  -1.645321  1.000000  
91.511942 0.003809  -0.009131  -0.048588  0.810580  0.422040  0.406008  -0.561077  0.361031  0.744882  0.167789  -0.831588  0.529441  0.003119  0.039874  0.111735  -4.552375  -2.228051  -1.622356  1.000000  
91.513186 0.003806  -0.009080  -0.048454  0.810136  0.423298  0.405583  -0.562499  0.366374  0.741192  0.165150  -0.828606  0.534918  0.002632  0.039881  0.111596  -4.590223  -2.223939  -1.596810  1.000000  
91.514190 0.003806  -0.009039  -0.048343  0.809845  0.424239  0.405181  -0.563533  0.370627  0.738286  0.163038  -0.826230  0.539224  0.002351  0.039750  0.111870  -4.607593  -2.211476  -1.576639  1.000000  
91.515443 0.003808  -0.008992  -0.048197  0.809369  0.425513  0.404796  -0.564935  0.375681  0.734651  0.160530  -0.823288  0.544452  0.001940  0.039522  0.112644  -4.623005  -2.205910  -1.535922  1.000000  
91.516451 0.003810  -0.008957  -0.048075  0.809149  0.426671  0.404017  -0.565773  0.380036  0.731761  0.158681  -0.820685  0.548904  0.001597  0.039345  0.113222  -4.654036  -2.176477  -1.505721  1.000000  
91.517689 0.003811  -0.008913  -0.047924  0.808660  0.428015  0.403574  -0.567168  0.385130  0.728008  0.156170  -0.817605  0.554195  0.001327  0.039089  0.114008  -4.680027  -2.155889  -1.479969  1.000000  
91.518690 0.003812  -0.008878  -0.047806  0.808063  0.429319  0.403384  -0.568488  0.388765  0.725040  0.154452  -0.815197  0.558210  0.001165  0.038847  0.114380  -4.676814  -2.146729  -1.441639  1.000000  
91.519693 0.003810  -0.008842  -0.047696  0.807612  0.430325  0.403216  -0.569663  0.392510  0.722094  0.152469  -0.812869  0.562136  0.000935  0.038519  0.114076  -4.673937  -2.148224  -1.408445  1.000000  
91.520938 0.003809  -0.008797  -0.047563  0.806970  0.431873  0.402846  -0.571203  0.397383  0.718202  0.150088  -0.809674  0.567363  0.000713  0.038365  0.113236  -4.685695  -2.145909  -1.375915  1.000000  
91.522186 0.003807  -0.008752  -0.047432  0.806321  0.433435  0.402469  -0.572739  0.402226  0.714272  0.147706  -0.806442  0.572569  0.000382  0.038095  0.112185  -4.694447  -2.139119  -1.335878  1.000000  
91.523186 0.003808  -0.008717  -0.047325  0.805820  0.434696  0.402111  -0.573883  0.405874  0.711284  0.145986  -0.803932  0.576526  0.000209  0.037859  0.111458  -4.691972  -2.125646  -1.300516  1.000000  
91.524186 0.003809  -0.008684  -0.047215  0.805214  0.436010  0.401903  -0.575201  0.409563  0.708097  0.144133  -0.801345  0.580579  0.000001  0.037400  0.111248  -4.694449  -2.127738  -1.261384  1.000000  
91.525437 0.003810  -0.008641  -0.047074  0.804530  0.437548  0.401602  -0.576716  0.414014  0.704266  0.141881  -0.798213  0.585427  0.000019  0.036906  0.111512  -4.691869  -2.121263  -1.220867  1.000000  
91.526686 0.003809  -0.008599  -0.046930  0.803720  0.439234  0.401383  -0.578393  0.418433  0.700268  0.139629  -0.794977  0.590352  -0.000042  0.036154  0.112287  -4.684461  -2.121278  -1.170205  1.000000  
91.527796 0.003807  -0.008565  -0.046814  0.803096  0.440580  0.401156  -0.579703  0.422058  0.697002  0.137774  -0.792311  0.594358  -0.000018  0.035323  0.112248  -4.668702  -2.118061  -1.130638  1.000000  
91.528936 0.003805  -0.008522  -0.046668  0.802272  0.442390  0.400813  -0.581372  0.426592  0.692839  0.135521  -0.788867  0.599436  -0.000032  0.035139  0.113637  -4.691110  -2.127676  -1.097916  1.000000  
91.530186 0.003805  -0.008480  -0.046521  0.801412  0.444335  0.400381  -0.583016  0.430889  0.688787  0.133532  -0.785431  0.604374  -0.000127  0.034756  0.113813  -4.691245  -2.134737  -1.047562  1.000000  
91.531194 0.003805  -0.008445  -0.046404  0.800757  0.445798  0.400065  -0.584307  0.434384  0.685490  0.131808  -0.782671  0.608319  -0.000257  0.034664  0.113515  -4.686604  -2.139054  -1.002703  1.000000  
91.532195 0.003806  -0.008411  -0.046287  0.800098  0.447318  0.399686  -0.585595  0.437943  0.682118  0.130084  -0.779815  0.612345  -0.000323  0.034613  0.112957  -4.691098  -2.136919  -0.969256  1.000000  
91.533449 0.003807  -0.008367  -0.046146  0.799234  0.449213  0.399289  -0.587240  0.442222  0.677930  0.127961  -0.776303  0.617235  -0.000343  0.034579  0.112516  -4.695459  -2.138873  -0.925978  1.000000  
91.534689 0.003806  -0.008324  -0.046007  0.798350  0.451157  0.398867  -0.588871  0.446326  0.673813  0.125970  -0.772820  0.621998  -0.000285  0.034556  0.112620  -4.689403  -2.138689  -0.879234  1.000000  
91.535942 0.003805  -0.008282  -0.045868  0.797459  0.453112  0.398432  -0.590498  0.450401  0.669665  0.123979  -0.769304  0.626738  -0.000233  0.034280  0.113071  -4.681668  -2.139833  -0.835909  1.000000  
91.537187 0.003804  -0.008240  -0.045726  0.796697  0.455001  0.397804  -0.591968  0.454762  0.665407  0.121855  -0.765615  0.631653  -0.000233  0.034097  0.113883  -4.701085  -2.144238  -0.796970  1.000000  
