1-Time 2-Px 3-Py 4-Pz 5-R11 6-R21 7-R31 8-R12 9-R22 10-R32 11-R13 12-R23 13-R33 14-Vx 15-Vy 16-Vz 17-Wx 18-Wy 19-Wz 20-state
148.624177 0.002620  -0.005998  -0.031831  0.443469  0.463332  0.767241  -0.756318  0.652794  0.042937  -0.480956  -0.599320  0.639920  0.042302  -0.004668  -0.015447  -0.781721  -0.676627  0.896110  1.000000  
148.625386 0.002675  -0.005997  -0.031847  0.442846  0.464055  0.767164  -0.756683  0.652422  0.042147  -0.480956  -0.599164  0.640065  0.056077  0.001325  -0.015771  0.000000  0.000000  0.000000  1.000000  
148.626386 0.002726  -0.005999  -0.031838  0.442067  0.465006  0.767038  -0.757138  0.651959  0.041120  -0.480956  -0.598931  0.640283  0.053145  -0.000051  -0.003703  0.000000  0.000000  0.000000  1.000000  
148.627396 0.002773  -0.006001  -0.031818  0.441443  0.465821  0.766902  -0.757502  0.651591  0.040251  -0.480956  -0.598698  0.640501  0.050944  -0.000959  0.004386  0.000000  0.000000  0.000000  1.000000  
148.628404 0.002821  -0.006002  -0.031801  0.440507  0.466812  0.766838  -0.758047  0.651024  0.039146  -0.480956  -0.598543  0.640646  0.050166  -0.000780  0.007412  0.000000  0.000000  0.000000  1.000000  
148.629649 0.002881  -0.005997  -0.031796  0.439570  0.467988  0.766659  -0.758590  0.650466  0.037883  -0.480956  -0.598232  0.640936  0.049777  0.000225  0.006641  -0.793884  -0.586211  0.626989  1.000000  
148.630886 0.002938  -0.005991  -0.031800  0.439226  0.468495  0.766547  -0.758716  0.650356  0.037257  -0.481073  -0.597955  0.641107  0.049078  0.001167  0.004747  -0.729344  -0.527520  0.534243  1.000000  
148.631894 0.002979  -0.005987  -0.031805  0.439382  0.468547  0.766425  -0.758625  0.650461  0.037257  -0.481073  -0.597799  0.641252  0.047966  0.001580  0.003528  -0.650440  -0.440125  0.444903  1.000000  
148.633139 0.003030  -0.005982  -0.031809  0.439382  0.468640  0.766369  -0.758625  0.650466  0.037178  -0.481073  -0.597722  0.641325  0.046935  0.001932  0.002493  -0.571770  -0.377485  0.381629  1.000000  
148.634388 0.003084  -0.005979  -0.031810  0.438633  0.469442  0.766307  -0.759133  0.649918  0.036385  -0.480956  -0.597688  0.641444  0.046487  0.001988  0.002146  -0.561934  -0.382146  0.409076  1.000000  
148.635403 0.003129  -0.005976  -0.031807  0.437819  0.470164  0.766329  -0.759528  0.649508  0.035443  -0.481073  -0.597566  0.641469  0.046289  0.002053  0.002207  -0.566126  -0.411692  0.422957  1.000000  
148.636645 0.003182  -0.005975  -0.031799  0.437286  0.470485  0.766437  -0.759687  0.649356  0.034821  -0.481308  -0.597478  0.641375  0.045871  0.001937  0.002634  -0.533059  -0.416054  0.397437  1.000000  
148.637884 0.003229  -0.005974  -0.031789  0.437033  0.470499  0.766572  -0.759609  0.649467  0.034440  -0.481660  -0.597347  0.641234  0.045164  0.001839  0.003153  -0.491570  -0.408691  0.350375  1.000000  
148.638886 0.003264  -0.005974  -0.031773  0.436812  0.470460  0.766722  -0.759587  0.649505  0.034212  -0.481894  -0.597336  0.641067  0.044432  0.001712  0.003976  -0.456147  -0.402445  0.322614  1.000000  
148.640136 0.003306  -0.005976  -0.031743  0.436343  0.470861  0.766743  -0.759857  0.649214  0.033738  -0.481894  -0.597336  0.641067  0.042754  0.001437  0.007005  -0.438804  -0.393953  0.322117  1.000000  
148.641139 0.003340  -0.005978  -0.031712  0.435906  0.471209  0.766778  -0.760182  0.648850  0.033418  -0.481777  -0.597458  0.641042  0.041625  0.001392  0.008552  -0.422998  -0.386617  0.331889  1.000000  
148.642390 0.003382  -0.005980  -0.031681  0.435436  0.471609  0.766799  -0.760451  0.648559  0.032944  -0.481777  -0.597458  0.641042  0.040629  0.001420  0.009161  -0.410121  -0.380284  0.330804  1.000000  
148.643427 0.003414  -0.005978  -0.031668  0.435123  0.471876  0.766812  -0.760631  0.648364  0.032629  -0.481777  -0.597458  0.641042  0.039340  0.001537  0.008886  -0.398152  -0.372475  0.326605  1.000000  
148.644638 0.003451  -0.005972  -0.031662  0.434810  0.472143  0.766825  -0.760810  0.648170  0.032313  -0.481777  -0.597458  0.641042  0.038034  0.001702  0.008984  -0.384142  -0.362379  0.320108  1.000000  
148.645650 0.003478  -0.005964  -0.031653  0.434464  0.472370  0.766881  -0.760933  0.648045  0.031923  -0.481894  -0.597414  0.640995  0.036527  0.001802  0.009986  -0.375210  -0.361305  0.312965  1.000000  
148.646887 0.003508  -0.005956  -0.031629  0.434151  0.472637  0.766894  -0.761111  0.647851  0.031607  -0.481894  -0.597414  0.640995  0.035281  0.002071  0.011698  -0.363393  -0.352394  0.307482  1.000000  
148.647892 0.003535  -0.005948  -0.031598  0.433870  0.473036  0.766807  -0.761346  0.647590  0.031287  -0.481777  -0.597380  0.641114  0.034189  0.002254  0.014310  -0.361423  -0.343644  0.309478  1.000000  
148.649131 0.003569  -0.005939  -0.031548  0.433588  0.473343  0.766778  -0.761581  0.647326  0.031046  -0.481660  -0.597424  0.641161  0.033069  0.002658  0.017404  -0.351303  -0.332451  0.308343  1.000000  
148.650136 0.003598  -0.005931  -0.031504  0.433463  0.473422  0.766799  -0.761726  0.647155  0.031041  -0.481543  -0.597546  0.641136  0.032022  0.003038  0.020303  -0.336693  -0.320487  0.304966  1.000000  
148.651384 0.003629  -0.005921  -0.031448  0.433181  0.473635  0.766827  -0.761960  0.646887  0.030878  -0.481425  -0.597668  0.641111  0.030495  0.003628  0.023481  -0.323951  -0.311211  0.304020  1.000000  
148.652632 0.003654  -0.005912  -0.031402  0.432899  0.473941  0.766797  -0.762195  0.646622  0.030637  -0.481308  -0.597712  0.641158  0.028930  0.004161  0.025987  -0.316615  -0.302726  0.303163  1.000000  
148.653880 0.003676  -0.005902  -0.031366  0.432617  0.474154  0.766825  -0.762429  0.646354  0.030475  -0.481191  -0.597833  0.641132  0.027483  0.004792  0.027146  -0.305792  -0.294986  0.302368  1.000000  
148.654881 0.003695  -0.005893  -0.031343  0.432492  0.474233  0.766846  -0.762574  0.646183  0.030470  -0.481073  -0.597955  0.641107  0.026476  0.005526  0.027131  -0.289417  -0.282848  0.296133  1.000000  
148.655887 0.003715  -0.005882  -0.031323  0.432241  0.474578  0.766774  -0.762864  0.645849  0.030303  -0.480839  -0.598043  0.641201  0.025445  0.006504  0.026409  -0.269276  -0.265897  0.291222  1.000000  
148.657131 0.003740  -0.005868  -0.031299  0.431959  0.474791  0.766802  -0.763098  0.645580  0.030140  -0.480722  -0.598164  0.641176  0.024412  0.007451  0.025837  -0.241085  -0.248229  0.278861  1.000000  
148.658133 0.003757  -0.005858  -0.031279  0.431802  0.474923  0.766808  -0.763187  0.645482  0.029983  -0.480722  -0.598164  0.641176  0.023374  0.008023  0.026108  -0.215672  -0.231668  0.261217  1.000000  
148.659381 0.003777  -0.005845  -0.031253  0.431488  0.475096  0.766878  -0.763364  0.645283  0.029745  -0.480722  -0.598242  0.641103  0.022163  0.008520  0.027280  -0.182991  -0.211100  0.239243  1.000000  
148.660391 0.003791  -0.005835  -0.031227  0.431173  0.475269  0.766948  -0.763542  0.645084  0.029508  -0.480722  -0.598320  0.641030  0.021261  0.008797  0.028886  -0.164857  -0.205340  0.239824  1.000000  
148.661635 0.003807  -0.005822  -0.031184  0.430890  0.475574  0.766918  -0.763776  0.644818  0.029266  -0.480604  -0.598364  0.641077  0.020272  0.009087  0.030207  -0.162675  -0.214546  0.256383  1.000000  
148.662635 0.003823  -0.005809  -0.031143  0.430576  0.475839  0.766930  -0.763953  0.644622  0.028951  -0.480604  -0.598364  0.641077  0.019747  0.009426  0.030905  -0.165217  -0.222761  0.265214  1.000000  
148.663638 0.003840  -0.005796  -0.031101  0.430293  0.476144  0.766900  -0.764186  0.644357  0.028710  -0.480487  -0.598408  0.641124  0.018785  0.009794  0.031113  -0.157818  -0.218695  0.260894  1.000000  
148.664884 0.003860  -0.005779  -0.031053  0.430167  0.476409  0.766806  -0.764331  0.644192  0.028548  -0.480370  -0.598374  0.641244  0.017779  0.010301  0.030530  -0.143236  -0.197103  0.244108  1.000000  
148.665896 0.003875  -0.005763  -0.031022  0.430167  0.476502  0.766748  -0.764331  0.644196  0.028470  -0.480370  -0.598296  0.641317  0.017056  0.010822  0.029627  -0.137415  -0.178226  0.236968  1.000000  
148.667132 0.003893  -0.005742  -0.030989  0.429884  0.477085  0.766544  -0.764564  0.643940  0.027995  -0.480252  -0.598106  0.641581  0.016569  0.011661  0.028572  -0.149668  -0.165208  0.249286  1.000000  
148.668383 0.003909  -0.005720  -0.030959  0.429569  0.477629  0.766382  -0.764741  0.643753  0.027445  -0.480252  -0.597873  0.641799  0.016105  0.012421  0.028055  -0.165063  -0.162638  0.259656  1.000000  
148.669384 0.003921  -0.005703  -0.030932  0.429411  0.478041  0.766213  -0.764829  0.643665  0.027053  -0.480252  -0.597639  0.642016  0.015633  0.012997  0.028283  -0.177952  -0.155230  0.258298  1.000000  
148.670385 0.003934  -0.005687  -0.030896  0.429223  0.478320  0.766145  -0.764861  0.643643  0.026664  -0.480370  -0.597440  0.642114  0.015199  0.013392  0.029303  -0.181704  -0.147394  0.244077  1.000000  
148.671662 0.003952  -0.005670  -0.030842  0.429223  0.478691  0.765913  -0.764861  0.643656  0.026352  -0.480370  -0.597128  0.642404  0.014695  0.013610  0.031242  -0.187830  -0.138103  0.227519  1.000000  
148.672880 0.003970  -0.005652  -0.030783  0.429223  0.478970  0.765739  -0.764861  0.643665  0.026118  -0.480370  -0.596894  0.642621  0.014501  0.013899  0.033391  -0.191992  -0.128861  0.217079  1.000000  
148.673882 0.003983  -0.005638  -0.030737  0.429223  0.479249  0.765564  -0.764861  0.643675  0.025884  -0.480370  -0.596660  0.642839  0.014221  0.014117  0.035131  -0.197557  -0.120647  0.208328  1.000000  
148.675133 0.003998  -0.005621  -0.030685  0.429191  0.479581  0.765374  -0.764805  0.643757  0.025496  -0.480487  -0.596305  0.643081  0.014068  0.014464  0.036610  -0.207106  -0.115642  0.196461  1.000000  
148.676381 0.004012  -0.005604  -0.030638  0.429097  0.479835  0.765267  -0.764637  0.643978  0.024959  -0.480839  -0.595862  0.643229  0.013859  0.014675  0.037025  -0.216741  -0.113921  0.181584  1.000000  
148.677430 0.004025  -0.005590  -0.030605  0.429034  0.480129  0.765119  -0.764525  0.644129  0.024496  -0.481073  -0.595462  0.643423  0.013642  0.014770  0.036413  -0.220431  -0.112127  0.160341  1.000000  
148.678681 0.004044  -0.005574  -0.030566  0.429097  0.480250  0.765007  -0.764268  0.644448  0.024116  -0.481425  -0.595019  0.643570  0.013542  0.014775  0.035473  -0.226712  -0.112862  0.134795  1.000000  
148.679891 0.004063  -0.005557  -0.030531  0.429033  0.480729  0.764742  -0.764156  0.644604  0.023497  -0.481660  -0.594463  0.643908  0.013522  0.014759  0.034886  -0.252289  -0.118763  0.121420  1.000000  
148.681137 0.004080  -0.005541  -0.030491  0.429128  0.480982  0.764530  -0.763955  0.644855  0.023113  -0.481894  -0.593985  0.644174  0.013392  0.014473  0.035023  -0.266770  -0.116257  0.098936  1.000000  
148.682384 0.004093  -0.005528  -0.030444  0.429379  0.481195  0.764255  -0.763666  0.645209  0.022808  -0.482129  -0.593428  0.644511  0.013131  0.013916  0.036137  -0.277928  -0.109638  0.072019  1.000000  
148.683385 0.004103  -0.005517  -0.030399  0.429473  0.481448  0.764043  -0.763465  0.645460  0.022423  -0.482363  -0.592950  0.644776  0.012997  0.013467  0.037522  -0.295700  -0.111265  0.053971  1.000000  
148.684637 0.004118  -0.005505  -0.030334  0.429881  0.481712  0.763646  -0.763087  0.645917  0.022118  -0.482598  -0.592237  0.645256  0.012867  0.012891  0.039355  -0.315711  -0.100549  0.022601  1.000000  
148.685881 0.004134  -0.005492  -0.030264  0.430100  0.482071  0.763297  -0.762741  0.646344  0.021580  -0.482949  -0.591479  0.645687  0.012874  0.012546  0.040860  -0.332339  -0.099789  -0.010338  1.000000  
148.687131 0.004149  -0.005480  -0.030194  0.430319  0.482428  0.762948  -0.762395  0.646770  0.021041  -0.483301  -0.590722  0.646118  0.012634  0.012231  0.041660  -0.355436  -0.096558  -0.040069  1.000000  
148.688131 0.004158  -0.005469  -0.030145  0.430537  0.482786  0.762598  -0.762049  0.647195  0.020501  -0.483652  -0.589964  0.646547  0.012295  0.011977  0.041771  -0.377885  -0.094184  -0.062357  1.000000  
148.689383 0.004168  -0.005453  -0.030093  0.430912  0.483194  0.762128  -0.761614  0.647724  0.019960  -0.484003  -0.589048  0.647119  0.011918  0.011821  0.041488  -0.405796  -0.080262  -0.098699  1.000000  
148.690631 0.004177  -0.005435  -0.030046  0.431443  0.483468  0.761653  -0.761090  0.648351  0.019576  -0.484354  -0.588132  0.647689  0.011571  0.011912  0.041293  -0.427357  -0.065120  -0.133528  1.000000  
148.691631 0.004185  -0.005421  -0.030009  0.431660  0.483823  0.761304  -0.760743  0.648774  0.019034  -0.484706  -0.587373  0.648115  0.011302  0.011958  0.041532  -0.449543  -0.066079  -0.158776  1.000000  
148.692881 0.004195  -0.005406  -0.029954  0.432159  0.484242  0.760756  -0.760162  0.649473  0.018414  -0.485174  -0.586255  0.648777  0.010836  0.011857  0.042404  -0.474854  -0.054168  -0.204795  1.000000  
148.693890 0.004202  -0.005396  -0.029904  0.432375  0.484688  0.760348  -0.759814  0.649897  0.017791  -0.485525  -0.585416  0.649272  0.010177  0.011603  0.043922  -0.505376  -0.055696  -0.231983  1.000000  
148.695136 0.004208  -0.005386  -0.029839  0.432716  0.485146  0.759862  -0.759321  0.650492  0.017091  -0.485992  -0.584375  0.649859  0.009348  0.011148  0.045895  -0.528671  -0.052791  -0.261950  1.000000  
148.696139 0.004211  -0.005379  -0.029785  0.432899  0.485644  0.759439  -0.758917  0.650983  0.016312  -0.486460  -0.583413  0.650374  0.008601  0.010792  0.047199  -0.555292  -0.057303  -0.290485  1.000000  
148.697141 0.004212  -0.005370  -0.029734  0.433239  0.485916  0.759071  -0.758423  0.651572  0.015768  -0.486928  -0.582529  0.650816  0.008081  0.010653  0.048115  -0.566218  -0.054465  -0.320385  1.000000  
148.698386 0.004215  -0.005359  -0.029674  0.433734  0.486237  0.758583  -0.757840  0.652263  0.015220  -0.487395  -0.581486  0.651399  0.007388  0.010524  0.048236  -0.578713  -0.043572  -0.359293  1.000000  
148.699634 0.004218  -0.005349  -0.029617  0.434039  0.486745  0.758083  -0.757289  0.652922  0.014360  -0.487979  -0.580320  0.652001  0.006725  0.010382  0.047817  -0.602015  -0.040944  -0.389300  1.000000  
148.700881 0.004223  -0.005339  -0.029564  0.434500  0.487209  0.757520  -0.756648  0.653682  0.013576  -0.488563  -0.579075  0.652670  0.005900  0.010180  0.046669  -0.620755  -0.037335  -0.423218  1.000000  
148.701881 0.004224  -0.005330  -0.029522  0.434681  0.487704  0.757098  -0.756242  0.654167  0.012791  -0.489030  -0.578109  0.653176  0.005175  0.010116  0.045695  -0.646607  -0.042836  -0.444200  1.000000  
148.703130 0.004224  -0.005318  -0.029469  0.435140  0.488258  0.756477  -0.755600  0.654925  0.011924  -0.489613  -0.576783  0.653912  0.004391  0.010049  0.045030  -0.673396  -0.043768  -0.476718  1.000000  
148.704136 0.004223  -0.005307  -0.029427  0.435443  0.488669  0.756037  -0.755047  0.655576  0.011138  -0.490196  -0.575693  0.654435  0.003684  0.009940  0.045112  -0.695933  -0.045411  -0.502171  1.000000  
148.705381 0.004220  -0.005291  -0.029367  0.435868  0.489274  0.755401  -0.754348  0.656397  0.010111  -0.490896  -0.574242  0.655185  0.002976  0.009835  0.045870  -0.728664  -0.046952  -0.539097  1.000000  
148.706399 0.004217  -0.005279  -0.029312  0.436202  0.489905  0.754799  -0.753851  0.656981  0.009238  -0.491362  -0.573035  0.655892  0.002192  0.009560  0.047164  -0.758646  -0.042053  -0.558091  1.000000  
148.707631 0.004214  -0.005266  -0.029235  0.436470  0.490824  0.754046  -0.753240  0.657699  0.007893  -0.492061  -0.571422  0.656774  0.001341  0.009463  0.048748  -0.795412  -0.040483  -0.576185  1.000000  
148.708660 0.004211  -0.005255  -0.029171  0.436770  0.491506  0.753428  -0.752685  0.658345  0.006861  -0.492644  -0.570091  0.657495  0.000633  0.009571  0.049658  -0.833312  -0.043133  -0.594132  1.000000  
148.709881 0.004205  -0.005239  -0.029096  0.437157  0.492432  0.752599  -0.751926  0.659225  0.005430  -0.493458  -0.568272  0.658457  -0.000155  0.009939  0.050394  -0.871941  -0.044786  -0.626484  1.000000  
148.710895 0.004200  -0.005224  -0.029042  0.437455  0.493293  0.751861  -0.751370  0.659867  0.004233  -0.494040  -0.566778  0.659308  -0.000737  0.010487  0.050344  -0.916593  -0.048057  -0.649200  1.000000  
148.712140 0.004191  -0.005205  -0.028982  0.437840  0.494306  0.750971  -0.750610  0.660740  0.002716  -0.494854  -0.564876  0.660329  -0.001449  0.011031  0.050085  -0.966702  -0.057985  -0.673021  1.000000  
148.713386 0.004183  -0.005186  -0.028927  0.438258  0.495354  0.750037  -0.749906  0.661543  0.001272  -0.495552  -0.563014  0.661395  -0.002170  0.011607  0.049839  -1.012693  -0.064654  -0.693792  1.000000  
148.714632 0.004176  -0.005168  -0.028868  0.438607  0.496414  0.749131  -0.749086  0.662472  -0.000408  -0.496481  -0.560985  0.662422  -0.002836  0.012042  0.049939  -1.058205  -0.077539  -0.714684  1.000000  
148.715898 0.004170  -0.005151  -0.028803  0.438988  0.497419  0.748240  -0.748324  0.663331  -0.001936  -0.497294  -0.559076  0.663425  -0.003567  0.012658  0.050735  -1.103925  -0.081700  -0.737785  1.000000  
148.717132 0.004162  -0.005133  -0.028732  0.439334  0.498475  0.747334  -0.747502  0.664249  -0.003624  -0.498222  -0.557042  0.664439  -0.004196  0.013076  0.052122  -1.149793  -0.096181  -0.757307  1.000000  
148.718383 0.004154  -0.005117  -0.028658  0.439645  0.499400  0.746533  -0.746623  0.665226  -0.005311  -0.499266  -0.555044  0.665327  -0.004739  0.013262  0.053637  -1.186668  -0.114076  -0.779184  1.000000  
148.719631 0.004144  -0.005102  -0.028582  0.440141  0.500404  0.745568  -0.745709  0.666235  -0.006934  -0.500193  -0.552925  0.666394  -0.005196  0.013217  0.054784  -1.223193  -0.119778  -0.800695  1.000000  
148.720881 0.004133  -0.005087  -0.028508  0.440483  0.501724  0.744479  -0.744885  0.667133  -0.008876  -0.501120  -0.550642  0.667587  -0.005677  0.013168  0.055493  -1.275820  -0.134507  -0.819260  1.000000  
148.722130 0.004123  -0.005071  -0.028434  0.441128  0.502675  0.743454  -0.743879  0.668233  -0.010435  -0.502046  -0.548436  0.668706  -0.006142  0.013362  0.055527  -1.320127  -0.143381  -0.846579  1.000000  
148.723131 0.004115  -0.005057  -0.028377  0.441466  0.503628  0.742608  -0.743053  0.669124  -0.012061  -0.502971  -0.546473  0.669618  -0.006452  0.013582  0.055072  -1.362955  -0.158373  -0.866518  1.000000  
148.724381 0.004104  -0.005038  -0.028309  0.441921  0.504943  0.741444  -0.742077  0.670166  -0.014103  -0.504012  -0.543976  0.670867  -0.006932  0.013804  0.054401  -1.408001  -0.164185  -0.885796  1.000000  
148.725633 0.004092  -0.005018  -0.028241  0.442525  0.506116  0.740282  -0.741009  0.671304  -0.015997  -0.505051  -0.541477  0.672106  -0.007283  0.014002  0.054392  -1.453756  -0.171787  -0.913186  1.000000  
148.726900 0.004079  -0.004998  -0.028171  0.443128  0.507464  0.738998  -0.739940  0.672431  -0.018061  -0.506090  -0.538810  0.673466  -0.007563  0.014025  0.054972  -1.514960  -0.178257  -0.937665  1.000000  
148.728134 0.004066  -0.004978  -0.028095  0.443692  0.509039  0.737574  -0.738811  0.673603  -0.020453  -0.507244  -0.535853  0.674956  -0.007915  0.014156  0.056197  -1.581203  -0.191671  -0.963401  1.000000  
148.729138 0.004056  -0.004961  -0.028029  0.444137  0.510070  0.736594  -0.737830  0.674619  -0.022272  -0.508281  -0.533589  0.675968  -0.008251  0.014286  0.057695  -1.634784  -0.205421  -0.986678  1.000000  
148.730385 0.004043  -0.004941  -0.027939  0.444813  0.511549  0.735159  -0.736548  0.675935  -0.024686  -0.509548  -0.530499  0.677445  -0.008658  0.014446  0.059507  -1.701947  -0.213670  -1.021618  1.000000  
148.731388 0.004032  -0.004925  -0.027866  0.445404  0.512522  0.734123  -0.735472  0.677039  -0.026446  -0.510584  -0.528148  0.678501  -0.009042  0.014592  0.060661  -1.747857  -0.221763  -1.049004  1.000000  
148.732392 0.004021  -0.004910  -0.027797  0.446028  0.513528  0.733040  -0.734454  0.678075  -0.028134  -0.511504  -0.525835  0.679603  -0.009340  0.014710  0.061347  -1.789641  -0.226558  -1.073447  1.000000  
148.733394 0.004009  -0.004895  -0.027733  0.446499  0.514848  0.731827  -0.733526  0.678992  -0.030142  -0.512423  -0.523356  0.680824  -0.009629  0.014828  0.061725  -1.839221  -0.232061  -1.090516  1.000000  
148.734639 0.003994  -0.004877  -0.027659  0.447162  0.516395  0.730330  -0.732238  0.680265  -0.032666  -0.513687  -0.520168  0.682313  -0.010017  0.015001  0.061555  -1.902179  -0.241182  -1.125236  1.000000  
148.735892 0.003979  -0.004861  -0.027590  0.447821  0.518024  0.728771  -0.730947  0.681522  -0.035280  -0.514949  -0.516894  0.683848  -0.010369  0.015135  0.061174  -1.964184  -0.251004  -1.152194  1.000000  
148.737138 0.003964  -0.004845  -0.027520  0.448441  0.519523  0.727322  -0.729596  0.682828  -0.037898  -0.516325  -0.513656  0.685250  -0.010672  0.015090  0.060921  -2.022253  -0.264480  -1.182039  1.000000  
148.738141 0.003951  -0.004834  -0.027462  0.448865  0.520788  0.726154  -0.728604  0.683766  -0.040008  -0.517355  -0.511120  0.686367  -0.010963  0.014901  0.061042  -2.055744  -0.270442  -1.206211  1.000000  
148.739386 0.003935  -0.004821  -0.027385  0.449514  0.522487  0.724530  -0.727308  0.684980  -0.042729  -0.518614  -0.507749  0.687917  -0.011297  0.014433  0.061637  -2.109467  -0.278246  -1.230601  1.000000  
148.740387 0.003922  -0.004811  -0.027321  0.450083  0.523866  0.723180  -0.726220  0.685991  -0.044952  -0.519644  -0.504957  0.689195  -0.011482  0.013993  0.062329  -2.154960  -0.288560  -1.250245  1.000000  
148.741636 0.003906  -0.004799  -0.027239  0.450724  0.525728  0.721428  -0.724921  0.687168  -0.047855  -0.520900  -0.501409  0.690834  -0.011781  0.013486  0.063223  -2.214247  -0.295499  -1.281460  1.000000  
148.742642 0.003893  -0.004789  -0.027172  0.451287  0.527183  0.720013  -0.723831  0.688151  -0.050174  -0.521928  -0.498524  0.692145  -0.011885  0.013128  0.063698  -2.258997  -0.298832  -1.302116  1.000000  
148.743902 0.003876  -0.004776  -0.027090  0.451922  0.529118  0.718193  -0.722528  0.689294  -0.053177  -0.523183  -0.494882  0.693809  -0.012179  0.012523  0.063569  -2.315902  -0.306972  -1.325276  1.000000  
148.745137 0.003860  -0.004763  -0.027011  0.452739  0.531198  0.716140  -0.721189  0.690454  -0.056214  -0.524323  -0.491022  0.695689  -0.012412  0.012094  0.062870  -2.387164  -0.308456  -1.351222  1.000000  
148.746385 0.003843  -0.004747  -0.026936  0.453514  0.533320  0.714069  -0.719788  0.691645  -0.059425  -0.525575  -0.487029  0.697548  -0.012645  0.011869  0.062030  -2.461414  -0.313929  -1.372116  1.000000  
148.747635 0.003825  -0.004732  -0.026865  0.454433  0.535375  0.711944  -0.718292  0.692921  -0.062584  -0.526827  -0.482944  0.699442  -0.012875  0.011555  0.060977  -2.535934  -0.308744  -1.399292  1.000000  
148.748887 0.003806  -0.004718  -0.026795  0.455237  0.537510  0.709819  -0.716947  0.694021  -0.065738  -0.527964  -0.478976  0.701310  -0.013118  0.011321  0.060526  -2.606288  -0.307379  -1.422020  1.000000  
148.749892 0.003790  -0.004707  -0.026735  0.455928  0.539296  0.708018  -0.715754  0.694989  -0.068462  -0.528986  -0.475553  0.702868  -0.013374  0.011092  0.060704  -2.659540  -0.305363  -1.444485  1.000000  
148.751138 0.003771  -0.004694  -0.026657  0.456872  0.541610  0.705639  -0.714311  0.696133  -0.071827  -0.530121  -0.471230  0.704921  -0.013699  0.010861  0.061420  -2.738573  -0.308570  -1.470138  1.000000  
148.752139 0.003755  -0.004686  -0.026589  0.457741  0.543184  0.703864  -0.713080  0.697139  -0.074260  -0.531028  -0.467919  0.706442  -0.013899  0.010629  0.062108  -2.791471  -0.306741  -1.485314  1.000000  
148.753144 0.003739  -0.004679  -0.026521  0.458606  0.544834  0.702023  -0.711847  0.698125  -0.076786  -0.531935  -0.464518  0.708003  -0.014149  0.010325  0.062697  -2.841234  -0.298172  -1.502841  1.000000  
148.754388 0.003719  -0.004671  -0.026437  0.459684  0.546971  0.699653  -0.710303  0.699331  -0.080038  -0.533067  -0.460173  0.709986  -0.014395  0.010012  0.063206  -2.903498  -0.291464  -1.527494  1.000000  
148.755636 0.003700  -0.004663  -0.026359  0.460941  0.549067  0.697179  -0.708721  0.700570  -0.083165  -0.534086  -0.455771  0.712057  -0.014600  0.009672  0.062998  -2.965933  -0.281531  -1.549663  1.000000  
148.756638 0.003685  -0.004657  -0.026301  0.461834  0.550805  0.695215  -0.707542  0.701453  -0.085724  -0.534878  -0.452303  0.713672  -0.014700  0.009475  0.062429  -3.017294  -0.277328  -1.563653  1.000000  
148.757885 0.003666  -0.004650  -0.026233  0.463042  0.552842  0.692790  -0.705895  0.702708  -0.088955  -0.536008  -0.447847  0.715632  -0.014854  0.009186  0.061565  -3.058098  -0.269223  -1.582526  1.000000  
148.758885 0.003652  -0.004644  -0.026180  0.463928  0.554810  0.690620  -0.704712  0.703531  -0.091788  -0.536798  -0.444105  0.717369  -0.014974  0.008829  0.060710  -3.113856  -0.258218  -1.589636  1.000000  
148.759892 0.003636  -0.004638  -0.026128  0.464850  0.556718  0.688462  -0.703587  0.704302  -0.094464  -0.537475  -0.440482  0.719094  -0.015166  0.008446  0.059872  -3.166907  -0.249416  -1.595390  1.000000  
148.761139 0.003617  -0.004632  -0.026060  0.466124  0.558946  0.685790  -0.702053  0.705385  -0.097740  -0.538377  -0.435902  0.721207  -0.015311  0.007793  0.059389  -3.224672  -0.229552  -1.602851  1.000000  
148.762389 0.003597  -0.004625  -0.025989  0.467392  0.561159  0.683115  -0.700516  0.706449  -0.101029  -0.539279  -0.431312  0.723289  -0.015430  0.007228  0.059357  -3.280122  -0.218706  -1.612272  1.000000  
148.763637 0.003576  -0.004620  -0.025913  0.468799  0.563704  0.680048  -0.698879  0.707534  -0.104707  -0.540180  -0.426185  0.725653  -0.015604  0.006588  0.059779  -3.350855  -0.197127  -1.632374  1.000000  
148.764887 0.003554  -0.004615  -0.025835  0.470057  0.566292  0.677022  -0.697336  0.708492  -0.108453  -0.541081  -0.421133  0.727928  -0.015744  0.006142  0.060039  -3.425871  -0.183456  -1.640804  1.000000  
148.766137 0.003534  -0.004609  -0.025755  0.471494  0.568745  0.673960  -0.695753  0.709497  -0.111994  -0.541868  -0.416105  0.730230  -0.015812  0.005722  0.060128  -3.489815  -0.161650  -1.654751  1.000000  
148.767383 0.003513  -0.004604  -0.025677  0.473069  0.571113  0.670847  -0.694069  0.710583  -0.115498  -0.542655  -0.410976  0.732547  -0.015873  0.005360  0.059724  -3.545331  -0.135827  -1.672626  1.000000  
148.768631 0.003493  -0.004598  -0.025601  0.474494  0.573525  0.667776  -0.692478  0.711545  -0.119069  -0.543442  -0.405923  0.734778  -0.015916  0.005163  0.059119  -3.606698  -0.110831  -1.683611  1.000000  
148.769631 0.003477  -0.004594  -0.025546  0.475671  0.575352  0.665362  -0.691141  0.712366  -0.121897  -0.544115  -0.401876  0.736502  -0.015929  0.005004  0.058450  -3.652584  -0.094775  -1.695402  1.000000  
148.770881 0.003457  -0.004589  -0.025477  0.477229  0.577741  0.662169  -0.689446  0.713377  -0.125532  -0.544901  -0.396622  0.738765  -0.016021  0.004803  0.057854  -3.708517  -0.071067  -1.713380  1.000000  
148.771882 0.003441  -0.004587  -0.025422  0.478539  0.579471  0.659707  -0.688004  0.714270  -0.128332  -0.545574  -0.392469  0.740485  -0.016036  0.004577  0.057647  -3.744970  -0.056251  -1.732047  1.000000  
148.773132 0.003421  -0.004585  -0.025349  0.480128  0.581610  0.656663  -0.686362  0.715245  -0.131654  -0.546246  -0.387498  0.742604  -0.016160  0.004182  0.058149  -3.783284  -0.029107  -1.749421  1.000000  
148.774135 0.003404  -0.004585  -0.025287  0.481287  0.583537  0.654100  -0.685013  0.715970  -0.134700  -0.546919  -0.383238  0.744318  -0.016232  0.003839  0.058728  -3.824409  -0.014148  -1.761663  1.000000  
148.775380 0.003382  -0.004587  -0.025205  0.482866  0.585954  0.650768  -0.683363  0.716841  -0.138396  -0.547591  -0.377884  0.746558  -0.016419  0.003270  0.059738  -3.864250  0.008090  -1.780781  1.000000  
148.776380 0.003364  -0.004589  -0.025141  0.483961  0.587976  0.648125  -0.682228  0.717346  -0.141346  -0.548038  -0.373763  0.748301  -0.016615  0.002791  0.060412  -3.895584  0.024333  -1.778459  1.000000  
148.777388 0.003346  -0.004591  -0.025077  0.485194  0.589835  0.645508  -0.680992  0.717959  -0.144172  -0.548486  -0.369634  0.750022  -0.016753  0.002320  0.060824  -3.926096  0.044674  -1.781259  1.000000  
148.778388 0.003328  -0.004592  -0.025014  0.486425  0.591602  0.642960  -0.679752  0.718576  -0.146919  -0.548933  -0.365589  0.751676  -0.016839  0.001910  0.060939  -3.946308  0.063237  -1.791760  1.000000  
148.779638 0.003303  -0.004594  -0.024939  0.487845  0.594012  0.639654  -0.678191  0.719266  -0.150709  -0.549604  -0.360285  0.753744  -0.017022  0.001415  0.060757  -3.983625  0.080037  -1.795751  1.000000  
148.780886 0.003279  -0.004596  -0.024864  0.489486  0.596385  0.636183  -0.676644  0.719960  -0.154304  -0.550051  -0.354940  0.755951  -0.017274  0.000871  0.060364  -4.011635  0.103312  -1.802242  1.000000  
148.782131 0.003254  -0.004597  -0.024790  0.490939  0.598854  0.632734  -0.675135  0.720547  -0.158127  -0.550610  -0.349551  0.758052  -0.017557  0.000526  0.060164  -4.051687  0.115010  -1.801038  1.000000  
148.783136 0.003234  -0.004598  -0.024728  0.492198  0.600658  0.630041  -0.673944  0.721043  -0.160920  -0.550945  -0.345408  0.759706  -0.017793  0.000117  0.060205  -4.075539  0.131021  -1.800313  1.000000  
148.784381 0.003207  -0.004600  -0.024647  0.493687  0.603111  0.626522  -0.672489  0.721553  -0.164683  -0.551391  -0.340027  0.761806  -0.018278  -0.000387  0.060921  -4.110781  0.148331  -1.797494  1.000000  
148.785631 0.003181  -0.004602  -0.024560  0.495171  0.605389  0.623145  -0.671029  0.722080  -0.168284  -0.551838  -0.334819  0.763787  -0.018720  -0.000877  0.062187  -4.137738  0.159158  -1.792030  1.000000  
148.786880 0.003152  -0.004607  -0.024467  0.496651  0.607570  0.619836  -0.669567  0.722608  -0.171809  -0.552284  -0.329692  0.765693  -0.019284  -0.001325  0.063716  -4.160682  0.170162  -1.786769  1.000000  
148.787882 0.003129  -0.004611  -0.024388  0.497940  0.609405  0.616993  -0.668424  0.722985  -0.174646  -0.552507  -0.325450  0.767345  -0.019788  -0.001730  0.065162  -4.184305  0.190005  -1.784757  1.000000  
148.789148 0.003099  -0.004617  -0.024288  0.499413  0.611769  0.613454  -0.666955  0.723411  -0.178456  -0.552953  -0.320023  0.769304  -0.020348  -0.002127  0.066548  -4.207820  0.202404  -1.787016  1.000000  
148.790380 0.003069  -0.004623  -0.024188  0.500926  0.613838  0.610145  -0.665542  0.723869  -0.181844  -0.553288  -0.314987  0.771139  -0.020942  -0.002423  0.067847  -4.212571  0.212910  -1.788566  1.000000  
148.791630 0.003038  -0.004629  -0.024092  0.502342  0.616133  0.606657  -0.664288  0.724126  -0.185373  -0.553510  -0.309874  0.773049  -0.021529  -0.002698  0.068912  -4.243223  0.223024  -1.771995  1.000000  
148.792880 0.003006  -0.004635  -0.023998  0.503574  0.618310  0.603412  -0.663075  0.724337  -0.188855  -0.553845  -0.305005  0.774744  -0.022080  -0.002889  0.069892  -4.236881  0.232941  -1.755353  1.000000  
148.793901 0.002979  -0.004640  -0.023924  0.504576  0.620135  0.600696  -0.662127  0.724452  -0.191719  -0.554067  -0.301000  0.776149  -0.022609  -0.003112  0.070797  -4.226958  0.236739  -1.744200  1.000000  
148.795140 0.002945  -0.004646  -0.023827  0.505939  0.622345  0.597255  -0.660806  0.724687  -0.195357  -0.554402  -0.295831  0.777896  -0.023273  -0.003448  0.072379  -4.236068  0.239005  -1.733065  1.000000  
148.796386 0.002911  -0.004652  -0.023725  0.507072  0.624711  0.593814  -0.659750  0.724661  -0.198989  -0.554624  -0.290867  0.779608  -0.023958  -0.003815  0.074454  -4.233305  0.244521  -1.706429  1.000000  
148.797387 0.002883  -0.004657  -0.023639  0.508067  0.626416  0.591160  -0.658797  0.724756  -0.201783  -0.554847  -0.286935  0.780905  -0.024465  -0.004056  0.075974  -4.227715  0.246982  -1.689065  1.000000  
148.798629 0.002846  -0.004664  -0.023526  0.509286  0.628430  0.587966  -0.657573  0.724904  -0.205214  -0.555181  -0.282118  0.782422  -0.025158  -0.004352  0.077995  -4.220762  0.243415  -1.672493  1.000000  
148.799630 0.002817  -0.004669  -0.023435  0.510142  0.630186  0.585339  -0.656721  0.724867  -0.208051  -0.555403  -0.278269  0.783641  -0.025737  -0.004648  0.079869  -4.219072  0.244025  -1.650166  1.000000  
148.800631 0.002785  -0.004675  -0.023342  0.511131  0.631710  0.582828  -0.655763  0.724974  -0.210684  -0.555626  -0.274510  0.784809  -0.026409  -0.004888  0.081315  -4.203155  0.245151  -1.629219  1.000000  
148.801631 0.002754  -0.004681  -0.023249  0.511895  0.633613  0.580085  -0.655072  0.724755  -0.213565  -0.555737  -0.270674  0.786061  -0.026968  -0.005005  0.082565  -4.205428  0.245791  -1.594620  1.000000  
148.802881 0.002715  -0.004688  -0.023131  0.512970  0.635572  0.576983  -0.653947  0.724763  -0.216962  -0.556071  -0.266022  0.787412  -0.027610  -0.005156  0.083768  -4.199439  0.239117  -1.568986  1.000000  
148.803882 0.002683  -0.004693  -0.023037  0.513866  0.637299  0.574275  -0.653149  0.724648  -0.219731  -0.556182  -0.262175  0.788623  -0.028272  -0.005190  0.084873  -4.189999  0.244865  -1.545128  1.000000  
148.805130 0.002643  -0.004700  -0.022918  0.514849  0.639466  0.570977  -0.652185  0.724438  -0.223261  -0.556404  -0.257437  0.790026  -0.028849  -0.005222  0.085951  -4.174376  0.237715  -1.519335  1.000000  
148.806142 0.002611  -0.004704  -0.022821  0.515696  0.640936  0.568558  -0.651325  0.724406  -0.225857  -0.556627  -0.253843  0.791031  -0.029357  -0.005135  0.087416  -4.152157  0.236601  -1.498561  1.000000  
148.807381 0.002569  -0.004709  -0.022694  0.516588  0.643035  0.565370  -0.650523  0.724088  -0.229164  -0.556738  -0.249403  0.792364  -0.030006  -0.005092  0.089499  -4.139275  0.232576  -1.467100  1.000000  
148.808630 0.002527  -0.004713  -0.022563  0.517565  0.644948  0.562289  -0.649555  0.723913  -0.232441  -0.556960  -0.244934  0.793601  -0.030638  -0.004977  0.092040  -4.120698  0.225357  -1.436362  1.000000  
148.809631 0.002492  -0.004715  -0.022453  0.518274  0.646599  0.559733  -0.648799  0.723683  -0.235250  -0.557182  -0.241230  0.794579  -0.031167  -0.004812  0.094242  -4.107561  0.224338  -1.416335  1.000000  
148.810667 0.002458  -0.004717  -0.022341  0.519029  0.648124  0.557265  -0.648100  0.723475  -0.237803  -0.557293  -0.237737  0.795553  -0.031603  -0.004594  0.096404  -4.077498  0.215976  -1.384826  1.000000  
148.811888 0.002414  -0.004720  -0.022202  0.519869  0.650143  0.554122  -0.647235  0.723124  -0.241204  -0.557516  -0.233252  0.796724  -0.032318  -0.004317  0.098849  -4.054662  0.209871  -1.355193  1.000000  
148.813136 0.002369  -0.004721  -0.022062  0.520707  0.652012  0.551131  -0.646369  0.722814  -0.244432  -0.557738  -0.228956  0.797814  -0.032880  -0.004004  0.100685  -4.028485  0.200102  -1.325939  1.000000  
148.814138 0.002332  -0.004722  -0.021954  0.521279  0.653631  0.548667  -0.645716  0.722460  -0.247188  -0.557960  -0.225429  0.798663  -0.033403  -0.003706  0.101988  -4.006613  0.187831  -1.298062  1.000000  
148.815379 0.002285  -0.004723  -0.021819  0.522029  0.655574  0.545627  -0.645014  0.721994  -0.250363  -0.558071  -0.221241  0.799756  -0.033882  -0.003264  0.103125  -3.985097  0.180179  -1.263807  1.000000  
148.816384 0.002248  -0.004723  -0.021711  0.522466  0.657319  0.543103  -0.644468  0.721481  -0.253232  -0.558293  -0.217707  0.800570  -0.034305  -0.002891  0.104228  -3.970721  0.167786  -1.228411  1.000000  
148.817630 0.002200  -0.004723  -0.021575  0.523214  0.659235  0.540052  -0.643764  0.720987  -0.256408  -0.558404  -0.213509  0.801623  -0.034820  -0.002406  0.105336  -3.949370  0.162850  -1.199915  1.000000  
148.818630 0.002163  -0.004722  -0.021463  0.523697  0.660781  0.537690  -0.643275  0.720522  -0.258933  -0.558515  -0.210280  0.802399  -0.035204  -0.002012  0.106521  -3.923524  0.150351  -1.166641  1.000000  
148.819631 0.002124  -0.004722  -0.021348  0.524264  0.662217  0.535365  -0.642620  0.720173  -0.261518  -0.558737  -0.206932  0.803114  -0.035627  -0.001640  0.107838  -3.893783  0.136666  -1.137460  1.000000  
148.820631 0.002085  -0.004721  -0.021230  0.524746  0.663745  0.532996  -0.642130  0.719688  -0.264043  -0.558848  -0.203697  0.803864  -0.036191  -0.001265  0.109435  -3.879322  0.129205  -1.102094  1.000000  
148.821881 0.002036  -0.004719  -0.021082  0.525492  0.665547  0.530006  -0.641423  0.719177  -0.267135  -0.558959  -0.199581  0.804818  -0.036645  -0.000795  0.110915  -3.845818  0.119990  -1.079455  1.000000  
148.822882 0.001997  -0.004716  -0.020961  0.526104  0.666843  0.527765  -0.640824  0.718842  -0.269465  -0.559070  -0.196438  0.805514  -0.036986  -0.000381  0.112100  -3.821488  0.118557  -1.060918  1.000000  
148.823891 0.001959  -0.004712  -0.020840  0.526716  0.668194  0.525440  -0.640225  0.718465  -0.271882  -0.559181  -0.193195  0.806221  -0.037388  0.000161  0.113232  -3.801698  0.111765  -1.047071  1.000000  
148.825133 0.001911  -0.004705  -0.020688  0.527375  0.670060  0.522394  -0.639682  0.717794  -0.274915  -0.559181  -0.189183  0.807172  -0.037651  0.000789  0.114057  -3.771395  0.108466  -1.010778  1.000000  
148.826136 0.001871  -0.004699  -0.020569  0.527985  0.671455  0.519980  -0.639081  0.717365  -0.277421  -0.559291  -0.185836  0.807873  -0.037938  0.001308  0.114429  -3.749524  0.103089  -0.993250  1.000000  
148.827389 0.001822  -0.004690  -0.020421  0.528726  0.673132  0.517050  -0.638371  0.716828  -0.280430  -0.559402  -0.181799  0.808714  -0.038245  0.002068  0.114937  -3.718015  0.098213  -0.971783  1.000000  
148.828391 0.001782  -0.004682  -0.020304  0.529335  0.674382  0.514794  -0.637769  0.716447  -0.282764  -0.559513  -0.178643  0.809340  -0.038554  0.002657  0.115491  -3.695760  0.093435  -0.953992  1.000000  
148.829637 0.001731  -0.004672  -0.020156  0.530123  0.675988  0.511869  -0.637114  0.715902  -0.285605  -0.559513  -0.174714  0.810197  -0.038843  0.003458  0.116370  -3.668395  0.092204  -0.935857  1.000000  
148.830642 0.001691  -0.004664  -0.020035  0.530599  0.677304  0.509630  -0.636620  0.715398  -0.287958  -0.559624  -0.171651  0.810775  -0.039036  0.004033  0.117221  -3.645009  0.087846  -0.917750  1.000000  
148.831884 0.001640  -0.004653  -0.019883  0.531385  0.678887  0.506698  -0.635964  0.714832  -0.290800  -0.559624  -0.167715  0.811599  -0.039260  0.004764  0.118432  -3.621061  0.087037  -0.899449  1.000000  
148.833135 0.001588  -0.004643  -0.019727  0.532040  0.680602  0.503701  -0.635417  0.714114  -0.293747  -0.559624  -0.163775  0.812403  -0.039535  0.005430  0.119572  -3.603088  0.087701  -0.879118  1.000000  
148.834380 0.001537  -0.004632  -0.019571  0.532776  0.681961  0.501077  -0.634702  0.713647  -0.296413  -0.559735  -0.160113  0.813056  -0.039788  0.005957  0.120438  -3.557803  0.084450  -0.867238  1.000000  
148.835633 0.001486  -0.004621  -0.019416  0.533560  0.683383  0.498299  -0.634043  0.713118  -0.299084  -0.559735  -0.156364  0.813786  -0.039996  0.006734  0.120986  -3.525310  0.083108  -0.850354  1.000000  
148.836880 0.001434  -0.004609  -0.019264  0.534212  0.685000  0.495371  -0.633494  0.712401  -0.301945  -0.559735  -0.152512  0.814516  -0.040133  0.007322  0.121208  -3.512944  0.085855  -0.836142  1.000000  
148.838130 0.001383  -0.004596  -0.019114  0.534994  0.686337  0.492669  -0.632833  0.711887  -0.304531  -0.559735  -0.148855  0.815193  -0.040336  0.007890  0.121268  -3.479469  0.083182  -0.824241  1.000000  
148.839138 0.001342  -0.004585  -0.018995  0.535515  0.687540  0.490421  -0.632393  0.711341  -0.306715  -0.559735  -0.145888  0.815729  -0.040528  0.008344  0.121113  -3.461149  0.085874  -0.811896  1.000000  
148.840381 0.001290  -0.004571  -0.018843  0.536296  0.688798  0.487796  -0.631731  0.710846  -0.309216  -0.559735  -0.142324  0.816358  -0.040746  0.008812  0.121037  -3.426040  0.087830  -0.798573  1.000000  
