1-Time 2-Px 3-Py 4-Pz 5-R11 6-R21 7-R31 8-R12 9-R22 10-R32 11-R13 12-R23 13-R33 14-Vx 15-Vy 16-Vz 17-Wx 18-Wy 19-Wz 20-state
185.393412 0.039466  -0.031944  0.015854  0.448401  0.828215  0.336148  -0.602701  0.002436  0.797963  0.660066  -0.560405  0.500259  -0.018772  -0.016088  0.011707  -0.316485  0.187951  -0.093538  1.000000  
185.394424 0.039464  -0.031948  0.015851  0.448277  0.828216  0.336313  -0.602793  0.002266  0.797894  0.660066  -0.560405  0.500259  -0.001860  -0.005370  -0.005002  0.000000  0.000000  0.000000  1.000000  
185.395673 0.039454  -0.031950  0.015835  0.448277  0.828175  0.336413  -0.602793  0.002169  0.797894  0.660066  -0.560466  0.500191  -0.005564  -0.003176  -0.009690  0.000000  0.000000  0.000000  1.000000  
185.396677 0.039441  -0.031951  0.015818  0.448277  0.828175  0.336413  -0.602793  0.002169  0.797894  0.660066  -0.560466  0.500191  -0.008091  -0.002472  -0.012225  0.000000  0.000000  0.000000  1.000000  
185.397924 0.039424  -0.031953  0.015801  0.448277  0.828216  0.336313  -0.602793  0.002266  0.797894  0.660066  -0.560405  0.500259  -0.009796  -0.002060  -0.012522  0.000000  0.000000  0.000000  1.000000  
185.398924 0.039413  -0.031952  0.015792  0.448153  0.828216  0.336477  -0.602886  0.002095  0.797825  0.660066  -0.560405  0.500259  -0.009947  -0.001534  -0.011831  0.000000  0.000000  0.000000  1.000000  
185.399938 0.039402  -0.031947  0.015785  0.448206  0.828212  0.336416  -0.602956  0.002252  0.797771  0.659966  -0.560410  0.500385  -0.010132  -0.000543  -0.011135  0.000000  0.000000  0.000000  1.000000  
185.400939 0.039387  -0.031939  0.015776  0.448082  0.828253  0.336480  -0.603049  0.002179  0.797701  0.659966  -0.560349  0.500453  -0.010790  0.000679  -0.010768  0.000000  0.000000  0.000000  1.000000  
185.402190 0.039363  -0.031927  0.015760  0.447958  0.828254  0.336644  -0.603141  0.002008  0.797632  0.659966  -0.560349  0.500453  -0.012036  0.001993  -0.011130  0.000000  0.000000  0.000000  1.000000  
185.403440 0.039334  -0.031916  0.015742  0.447833  0.828254  0.336809  -0.603233  0.001838  0.797563  0.659966  -0.560349  0.500453  -0.013411  0.002856  -0.011527  0.000000  0.000000  0.000000  1.000000  
185.404677 0.039308  -0.031905  0.015726  0.447657  0.828340  0.336832  -0.603254  0.001704  0.797547  0.660066  -0.560223  0.500462  -0.014336  0.003570  -0.011697  0.000000  0.000000  0.000000  1.000000  
185.405681 0.039289  -0.031893  0.015711  0.447480  0.828426  0.336856  -0.603276  0.001570  0.797531  0.660167  -0.560096  0.500472  -0.014661  0.004249  -0.011920  0.000000  0.000000  0.000000  1.000000  
185.406925 0.039266  -0.031877  0.015691  0.447375  0.828556  0.336676  -0.603134  0.001546  0.797639  0.660368  -0.559904  0.500422  -0.015077  0.005066  -0.012308  0.000000  0.000000  0.000000  1.000000  
185.408177 0.039239  -0.031858  0.015664  0.447250  0.828556  0.336840  -0.603226  0.001375  0.797569  0.660368  -0.559904  0.500422  -0.015628  0.005957  -0.013090  0.000000  0.000000  0.000000  1.000000  
185.409421 0.039208  -0.031837  0.015634  0.447074  0.828642  0.336864  -0.603247  0.001241  0.797554  0.660468  -0.559777  0.500431  -0.017057  0.007411  -0.014425  0.000000  0.000000  0.000000  1.000000  
185.410422 0.039182  -0.031821  0.015608  0.446897  0.828728  0.336888  -0.603268  0.001107  0.797538  0.660569  -0.559651  0.500440  -0.018344  0.008631  -0.015360  0.000000  0.000000  0.000000  1.000000  
185.411423 0.039155  -0.031806  0.015586  0.446897  0.828769  0.336787  -0.603268  0.001204  0.797538  0.660569  -0.559590  0.500508  -0.019310  0.009673  -0.015731  0.000000  0.000000  0.000000  1.000000  
185.412672 0.039120  -0.031787  0.015560  0.446897  0.828810  0.336687  -0.603268  0.001301  0.797538  0.660569  -0.559529  0.500575  -0.020577  0.011227  -0.016350  0.000000  0.000000  0.000000  1.000000  
185.413926 0.039085  -0.031763  0.015537  0.447074  0.828806  0.336462  -0.603247  0.001628  0.797553  0.660468  -0.559534  0.500702  -0.022066  0.012801  -0.017181  0.000000  0.000000  0.000000  1.000000  
185.415172 0.039049  -0.031733  0.015513  0.447126  0.828802  0.336401  -0.603318  0.001785  0.797499  0.660368  -0.559539  0.500829  -0.023330  0.014147  -0.018013  0.000000  0.000000  0.000000  1.000000  
185.416422 0.039012  -0.031702  0.015485  0.447303  0.828757  0.336277  -0.603297  0.002016  0.797514  0.660267  -0.559605  0.500888  -0.024407  0.015519  -0.018935  0.000000  0.000000  0.000000  1.000000  
185.417442 0.038982  -0.031678  0.015462  0.447356  0.828712  0.336317  -0.603368  0.002076  0.797460  0.660167  -0.559671  0.500947  -0.025038  0.016452  -0.019613  0.000000  0.000000  0.000000  1.000000  
185.418677 0.038945  -0.031650  0.015429  0.447657  0.828707  0.335928  -0.603254  0.002574  0.797545  0.660066  -0.559676  0.501074  -0.025605  0.017608  -0.020654  0.000000  0.000000  0.000000  1.000000  
185.419678 0.038916  -0.031626  0.015402  0.447781  0.828707  0.335764  -0.603162  0.002745  0.797614  0.660066  -0.559676  0.501074  -0.026357  0.018736  -0.021719  0.000000  0.000000  0.000000  1.000000  
185.420929 0.038879  -0.031594  0.015371  0.448134  0.828576  0.335616  -0.603120  0.003110  0.797645  0.659865  -0.559869  0.501124  -0.027094  0.019837  -0.022506  0.000000  0.000000  0.000000  1.000000  
185.422173 0.038839  -0.031562  0.015339  0.448311  0.828530  0.335492  -0.603098  0.003340  0.797660  0.659765  -0.559934  0.501182  -0.028259  0.020818  -0.023179  0.000000  0.000000  0.000000  1.000000  
185.423428 0.038796  -0.031531  0.015308  0.448488  0.828444  0.335468  -0.603077  0.003474  0.797676  0.659664  -0.560061  0.501173  -0.029206  0.021550  -0.023371  0.000000  0.000000  0.000000  1.000000  
185.424671 0.038753  -0.031500  0.015279  0.448665  0.828358  0.335444  -0.603055  0.003608  0.797691  0.659564  -0.560187  0.501164  -0.029935  0.022277  -0.023219  0.000000  0.000000  0.000000  1.000000  
185.425672 0.038720  -0.031476  0.015256  0.448966  0.828271  0.335256  -0.602941  0.003912  0.797776  0.659463  -0.560314  0.501155  -0.030334  0.022806  -0.023184  0.000000  0.000000  0.000000  1.000000  
185.426675 0.038684  -0.031451  0.015235  0.449320  0.828139  0.335108  -0.602898  0.004277  0.797807  0.659262  -0.560506  0.501205  -0.030998  0.023567  -0.023035  0.000000  0.000000  0.000000  1.000000  
185.427675 0.038646  -0.031427  0.015213  0.449496  0.828093  0.334984  -0.602876  0.004508  0.797822  0.659161  -0.560572  0.501264  -0.031707  0.024129  -0.023159  0.000000  0.000000  0.000000  1.000000  
185.428942 0.038597  -0.031393  0.015185  0.449903  0.827876  0.334977  -0.602903  0.004835  0.797800  0.658859  -0.560891  0.501304  -0.032543  0.024609  -0.023507  0.000000  0.000000  0.000000  1.000000  
185.430175 0.038550  -0.031357  0.015154  0.450309  0.827658  0.334969  -0.602929  0.005163  0.797778  0.658557  -0.561210  0.501344  -0.033413  0.025103  -0.024053  0.000000  0.000000  0.000000  1.000000  
185.431175 0.038513  -0.031327  0.015127  0.450539  0.827526  0.334986  -0.602978  0.005357  0.797740  0.658356  -0.561402  0.501393  -0.033824  0.025440  -0.024305  0.000000  0.000000  0.000000  1.000000  
185.432177 0.038476  -0.031297  0.015099  0.450945  0.827307  0.334979  -0.603004  0.005685  0.797718  0.658054  -0.561721  0.501433  -0.034252  0.025790  -0.024571  0.000000  0.000000  0.000000  1.000000  
185.433438 0.038428  -0.031260  0.015064  0.451404  0.827044  0.335012  -0.603100  0.006073  0.797643  0.657651  -0.562105  0.501531  -0.035058  0.026387  -0.024776  0.000000  0.000000  0.000000  1.000000  
185.434680 0.038375  -0.031225  0.015031  0.451864  0.826739  0.335145  -0.603196  0.006364  0.797568  0.657248  -0.562550  0.501561  -0.036245  0.026743  -0.024737  0.000000  0.000000  0.000000  1.000000  
185.435928 0.038321  -0.031190  0.014999  0.452323  0.826433  0.335278  -0.603291  0.006655  0.797494  0.656844  -0.562995  0.501590  -0.037241  0.026880  -0.024776  0.000000  0.000000  0.000000  1.000000  
185.436928 0.038276  -0.031162  0.014976  0.452782  0.826168  0.335312  -0.603386  0.007043  0.797418  0.656440  -0.563379  0.501687  -0.038166  0.027112  -0.024647  0.000000  0.000000  0.000000  1.000000  
185.438176 0.038220  -0.031126  0.014948  0.453242  0.825822  0.335545  -0.603480  0.007237  0.797345  0.656037  -0.563885  0.501647  -0.039069  0.027489  -0.024413  0.000000  0.000000  0.000000  1.000000  
185.439178 0.038175  -0.031099  0.014923  0.453577  0.825517  0.335843  -0.603667  0.007359  0.797202  0.655633  -0.564330  0.501675  -0.039748  0.027657  -0.024494  -0.051933  -0.019186  -0.272032  1.000000  
185.440423 0.038118  -0.031066  0.014892  0.454089  0.825124  0.336117  -0.603831  0.007614  0.797076  0.655127  -0.564901  0.501692  -0.040786  0.027800  -0.024630  -0.045174  -0.025393  -0.302687  1.000000  
185.441672 0.038059  -0.031032  0.014859  0.454424  0.824777  0.336514  -0.604017  0.007638  0.796934  0.654723  -0.565406  0.501651  -0.041659  0.027941  -0.025062  -0.029291  -0.033381  -0.319635  1.000000  
185.442672 0.038011  -0.031006  0.014831  0.454706  0.824516  0.336771  -0.604134  0.007700  0.796846  0.654419  -0.565786  0.501619  -0.042296  0.028069  -0.025498  -0.017494  -0.038400  -0.333217  1.000000  
185.443924 0.037954  -0.030969  0.014795  0.455165  0.824127  0.337105  -0.604226  0.007798  0.796775  0.654015  -0.566352  0.501508  -0.042930  0.028328  -0.026020  0.002467  -0.042988  -0.343894  1.000000  
185.445172 0.037898  -0.030931  0.014758  0.455677  0.823732  0.337378  -0.604388  0.008053  0.796649  0.653508  -0.566923  0.501523  -0.043444  0.028423  -0.026403  0.013745  -0.047001  -0.364142  1.000000  
185.446277 0.037854  -0.030899  0.014731  0.456012  0.823383  0.337776  -0.604573  0.008079  0.796509  0.653103  -0.567428  0.501480  -0.043750  0.028289  -0.026208  0.030132  -0.056030  -0.376001  1.000000  
185.447429 0.037797  -0.030861  0.014696  0.456577  0.822942  0.338090  -0.604804  0.008395  0.796330  0.652495  -0.568064  0.501551  -0.044732  0.028578  -0.026335  0.037265  -0.062711  -0.397988  1.000000  
185.448672 0.037736  -0.030822  0.014662  0.457142  0.822458  0.338503  -0.605033  0.008615  0.796153  0.651886  -0.568761  0.501553  -0.045448  0.028811  -0.026351  0.061619  -0.077344  -0.414618  1.000000  
185.449672 0.037687  -0.030789  0.014636  0.457706  0.822014  0.338817  -0.605262  0.008932  0.795976  0.651278  -0.569397  0.501622  -0.045911  0.029069  -0.026376  0.073382  -0.091086  -0.438148  1.000000  
185.450690 0.037638  -0.030757  0.014608  0.458218  0.821657  0.338991  -0.605421  0.009284  0.795851  0.650770  -0.569906  0.501703  -0.046267  0.029389  -0.026480  0.082213  -0.100578  -0.451750  1.000000  
185.451929 0.037578  -0.030715  0.014573  0.458960  0.821123  0.339282  -0.605624  0.009735  0.795692  0.650058  -0.570668  0.501760  -0.046555  0.029822  -0.026977  0.093669  -0.110464  -0.479061  1.000000  
185.453178 0.037517  -0.030674  0.014535  0.459702  0.820588  0.339572  -0.605825  0.010185  0.795533  0.649346  -0.571429  0.501815  -0.046904  0.030189  -0.027554  0.101062  -0.120300  -0.506401  1.000000  
185.454179 0.037468  -0.030640  0.014503  0.460266  0.820183  0.339787  -0.606050  0.010599  0.795356  0.648736  -0.572003  0.501951  -0.047192  0.030628  -0.028098  0.104778  -0.131065  -0.526667  1.000000  
185.455442 0.037405  -0.030598  0.014460  0.461061  0.819599  0.340118  -0.606318  0.011111  0.795144  0.647921  -0.572829  0.502061  -0.047475  0.031241  -0.028768  0.116653  -0.147647  -0.553566  1.000000  
185.456672 0.037341  -0.030555  0.014418  0.461980  0.818971  0.340385  -0.606490  0.011696  0.795005  0.647105  -0.573716  0.502100  -0.047845  0.031797  -0.029404  0.127196  -0.156140  -0.576491  1.000000  
185.457922 0.037279  -0.030513  0.014378  0.462774  0.818384  0.340716  -0.606755  0.012208  0.794795  0.646288  -0.574542  0.502208  -0.048065  0.032423  -0.029770  0.139083  -0.169665  -0.600214  1.000000  
185.458924 0.037230  -0.030478  0.014347  0.463588  0.817928  0.340703  -0.606786  0.012863  0.794761  0.645676  -0.575176  0.502270  -0.048351  0.032786  -0.029819  0.137984  -0.169576  -0.624314  1.000000  
185.460173 0.037168  -0.030433  0.014310  0.464560  0.817290  0.340912  -0.607021  0.013605  0.794570  0.644756  -0.576066  0.502432  -0.048766  0.033214  -0.029941  0.141323  -0.178975  -0.651130  1.000000  
185.461422 0.037106  -0.030385  0.014271  0.465407  0.816652  0.341285  -0.607349  0.014179  0.794308  0.643835  -0.576956  0.502592  -0.049281  0.033859  -0.030303  0.149219  -0.192336  -0.674847  1.000000  
185.462672 0.037043  -0.030337  0.014231  0.466379  0.816010  0.341494  -0.607581  0.014921  0.794118  0.642913  -0.577845  0.502751  -0.049518  0.034388  -0.030516  0.152652  -0.201750  -0.701990  1.000000  
185.463672 0.036992  -0.030298  0.014198  0.467298  0.815455  0.341564  -0.607741  0.015698  0.793980  0.642093  -0.578608  0.502921  -0.049638  0.034885  -0.030953  0.156201  -0.205455  -0.722889  1.000000  
185.464672 0.036940  -0.030260  0.014164  0.468092  0.814943  0.341699  -0.607997  0.016404  0.793770  0.641272  -0.579309  0.503161  -0.049778  0.035327  -0.031422  0.147476  -0.211873  -0.746519  1.000000  
185.465672 0.036888  -0.030220  0.014130  0.468939  0.814340  0.341974  -0.608319  0.017075  0.793509  0.640347  -0.580136  0.503386  -0.050039  0.035800  -0.031899  0.151363  -0.225159  -0.770223  1.000000  
185.466686 0.036836  -0.030179  0.014094  0.469858  0.813822  0.341946  -0.608475  0.017949  0.793370  0.639525  -0.580837  0.503623  -0.050232  0.036304  -0.032423  0.143895  -0.227460  -0.793674  1.000000  
185.467926 0.036769  -0.030127  0.014049  0.470987  0.813070  0.342182  -0.608899  0.018972  0.793021  0.638290  -0.581857  0.504013  -0.050704  0.036940  -0.032926  0.135355  -0.242705  -0.828224  1.000000  
185.468927 0.036716  -0.030083  0.014012  0.471833  0.812504  0.342360  -0.609215  0.019740  0.792759  0.637362  -0.582621  0.504304  -0.050971  0.037657  -0.033226  0.126728  -0.249106  -0.852405  1.000000  
185.470176 0.036648  -0.030028  0.013967  0.473013  0.811700  0.342639  -0.609701  0.020826  0.792358  0.636021  -0.583703  0.504746  -0.051378  0.038649  -0.033467  0.118224  -0.264130  -0.886676  1.000000  
185.471431 0.036579  -0.029973  0.013924  0.474193  0.810893  0.342919  -0.610184  0.021912  0.791956  0.634678  -0.584784  0.505185  -0.051630  0.039455  -0.033462  0.105253  -0.278084  -0.927764  1.000000  
185.472671 0.036510  -0.029916  0.013883  0.475425  0.810035  0.343241  -0.610731  0.023061  0.791503  0.633229  -0.585928  0.505677  -0.052040  0.040367  -0.033525  0.095646  -0.295623  -0.968004  1.000000  
185.473673 0.036455  -0.029870  0.013849  0.476427  0.809317  0.343546  -0.611238  0.024016  0.791082  0.631986  -0.586881  0.506127  -0.052538  0.041192  -0.033790  0.084289  -0.317028  -1.007095  1.000000  
185.474923 0.036385  -0.029811  0.013807  0.477606  0.808460  0.343927  -0.611711  0.025008  0.790686  0.630637  -0.588020  0.506488  -0.053068  0.042074  -0.034057  0.079981  -0.331802  -1.041569  1.000000  
185.475923 0.036327  -0.029764  0.013770  0.478606  0.807737  0.344234  -0.612213  0.025964  0.790267  0.629390  -0.588971  0.506934  -0.053623  0.042748  -0.034465  0.070945  -0.346857  -1.070483  1.000000  
185.477172 0.036256  -0.029705  0.013724  0.479762  0.806824  0.344765  -0.612911  0.027012  0.789690  0.627829  -0.590174  0.507470  -0.054151  0.043473  -0.034839  0.067171  -0.368358  -1.104769  1.000000  
185.478172 0.036198  -0.029657  0.013688  0.480813  0.806048  0.345115  -0.613473  0.028031  0.789218  0.626474  -0.591186  0.507966  -0.054903  0.044321  -0.035283  0.051300  -0.383167  -1.145197  1.000000  
185.479257 0.036140  -0.029608  0.013651  0.481738  0.805318  0.345532  -0.614131  0.028981  0.788672  0.625117  -0.592135  0.508532  -0.054820  0.044555  -0.035173  0.043576  -0.404864  -1.169464  1.000000  
185.480422 0.036067  -0.029547  0.013605  0.482942  0.804390  0.346010  -0.614885  0.030190  0.788039  0.623445  -0.593334  0.509187  -0.055628  0.045565  -0.035593  0.044033  -0.431292  -1.197881  1.000000  
185.481672 0.035993  -0.029482  0.013559  0.484197  0.803410  0.346532  -0.615699  0.031462  0.787353  0.621665  -0.594594  0.509893  -0.056265  0.046497  -0.035708  0.032266  -0.458272  -1.238523  1.000000  
185.482673 0.035932  -0.029431  0.013523  0.485246  0.802666  0.346790  -0.616249  0.032580  0.786877  0.620302  -0.595538  0.510452  -0.056689  0.047085  -0.035587  0.024767  -0.477896  -1.262538  1.000000  
185.483696 0.035873  -0.029378  0.013489  0.486269  0.801828  0.347295  -0.617025  0.033659  0.786223  0.618726  -0.596606  0.511116  -0.057091  0.047786  -0.035400  0.021912  -0.505283  -1.293001  1.000000  
185.484930 0.035797  -0.029310  0.013447  0.487623  0.800783  0.347809  -0.617958  0.035156  0.785425  0.616727  -0.597923  0.511993  -0.057680  0.048672  -0.035235  0.010498  -0.539754  -1.334920  1.000000  
185.486179 0.035721  -0.029241  0.013405  0.488898  0.799648  0.348627  -0.619050  0.036457  0.784505  0.614618  -0.599361  0.512846  -0.058206  0.049651  -0.035165  0.007582  -0.577999  -1.373085  1.000000  
185.487181 0.035659  -0.029185  0.013371  0.490045  0.798837  0.348878  -0.619714  0.037800  0.783917  0.613034  -0.600359  0.513574  -0.058605  0.050289  -0.035246  -0.008077  -0.603461  -1.403986  1.000000  
185.488216 0.035597  -0.029129  0.013337  0.491164  0.797888  0.349474  -0.620604  0.039011  0.783153  0.611235  -0.601542  0.514333  -0.059056  0.050974  -0.035292  -0.011127  -0.635218  -1.433417  1.000000  
185.489426 0.035519  -0.029059  0.013293  0.492612  0.796728  0.350083  -0.621644  0.040640  0.782245  0.609009  -0.602970  0.515301  -0.059652  0.051800  -0.035373  -0.018117  -0.674251  -1.473428  1.000000  
185.490430 0.035456  -0.029002  0.013257  0.493727  0.795773  0.350682  -0.622525  0.041854  0.781480  0.607203  -0.604147  0.516053  -0.060026  0.052407  -0.035417  -0.021213  -0.706653  -1.504404  1.000000  
185.491679 0.035377  -0.028932  0.013212  0.495042  0.794614  0.351456  -0.623656  0.043323  0.780498  0.604969  -0.605567  0.517012  -0.060519  0.053208  -0.035392  -0.023906  -0.748903  -1.539019  1.000000  
185.492927 0.035298  -0.028860  0.013168  0.496483  0.793442  0.352071  -0.624678  0.044958  0.779587  0.602729  -0.606983  0.517967  -0.061020  0.054017  -0.035193  -0.031039  -0.789293  -1.581671  1.000000  
185.494177 0.035218  -0.028788  0.013127  0.497843  0.792225  0.352892  -0.625859  0.046496  0.778549  0.600377  -0.608456  0.518969  -0.061814  0.054979  -0.035105  -0.033661  -0.829266  -1.611867  1.000000  
185.495433 0.035136  -0.028716  0.013086  0.499378  0.790942  0.353600  -0.626994  0.048263  0.777528  0.597914  -0.609985  0.520017  -0.062045  0.055362  -0.034539  -0.036562  -0.867235  -1.649713  1.000000  
185.496678 0.035055  -0.028643  0.013045  0.500731  0.789759  0.354330  -0.628162  0.049900  0.776481  0.595552  -0.611385  0.521083  -0.062523  0.055995  -0.034236  -0.035060  -0.908590  -1.678025  1.000000  
185.497928 0.034974  -0.028569  0.013005  0.502309  0.788415  0.355087  -0.629344  0.051736  0.775403  0.592969  -0.612964  0.522172  -0.062949  0.056579  -0.034036  -0.038007  -0.951980  -1.719170  1.000000  
185.498932 0.034908  -0.028510  0.012971  0.503557  0.787326  0.355736  -0.630374  0.053250  0.774463  0.590812  -0.614233  0.523124  -0.063324  0.056998  -0.033966  -0.041111  -0.984454  -1.750251  1.000000  
185.499949 0.034843  -0.028450  0.012938  0.504752  0.786285  0.356344  -0.631338  0.054701  0.773576  0.588759  -0.615438  0.524022  -0.063583  0.057237  -0.033924  -0.044241  -1.013588  -1.777166  1.000000  
185.501175 0.034760  -0.028375  0.012894  0.506191  0.784983  0.357173  -0.632603  0.056476  0.772414  0.586160  -0.616938  0.525170  -0.064095  0.057718  -0.034087  -0.047102  -1.053993  -1.810100  1.000000  
185.502191 0.034692  -0.028316  0.012860  0.507381  0.783935  0.357786  -0.633556  0.057930  0.771525  0.584099  -0.618134  0.526059  -0.064528  0.057975  -0.034093  -0.046026  -1.083911  -1.829305  1.000000  
185.503435 0.034606  -0.028241  0.012816  0.508861  0.782573  0.358665  -0.634868  0.059775  0.770305  0.581381  -0.619683  0.527247  -0.065013  0.058252  -0.034017  -0.052770  -1.117119  -1.857770  1.000000  
185.504677 0.034520  -0.028165  0.012774  0.510385  0.781154  0.359591  -0.636232  0.061688  0.769028  0.578547  -0.621284  0.528479  -0.065582  0.058677  -0.033962  -0.060083  -1.161953  -1.899806  1.000000  
185.505680 0.034450  -0.028105  0.012742  0.511614  0.780043  0.360255  -0.637227  0.063214  0.768080  0.576362  -0.622525  0.529405  -0.066099  0.058976  -0.033682  -0.063303  -1.188552  -1.924073  1.000000  
185.506959 0.034363  -0.028030  0.012703  0.513177  0.778562  0.361233  -0.638635  0.065197  0.766743  0.573406  -0.624171  0.530675  -0.066474  0.059086  -0.033265  -0.070319  -1.225323  -1.960170  1.000000  
185.508173 0.034274  -0.027954  0.012664  0.514687  0.777129  0.362170  -0.639974  0.067119  0.765459  0.570552  -0.625752  0.531888  -0.067181  0.059409  -0.033088  -0.073453  -1.259250  -1.993963  1.000000  
185.509173 0.034203  -0.027894  0.012632  0.515906  0.776007  0.362842  -0.640949  0.068652  0.764507  0.568353  -0.626977  0.532799  -0.067672  0.059617  -0.033001  -0.076433  -1.280659  -2.017607  1.000000  
185.510175 0.034131  -0.027835  0.012600  0.517122  0.774881  0.363517  -0.641919  0.070187  0.763554  0.566149  -0.628199  0.533706  -0.068132  0.059724  -0.032986  -0.080071  -1.302671  -2.039497  1.000000  
185.511433 0.034040  -0.027761  0.012558  0.518572  0.773487  0.364418  -0.643176  0.072051  0.762321  0.563388  -0.629703  0.534852  -0.068778  0.059791  -0.033010  -0.083159  -1.328867  -2.063430  1.000000  
185.512672 0.033951  -0.027687  0.012515  0.520065  0.772036  0.365367  -0.644484  0.073984  0.761030  0.560511  -0.631258  0.536041  -0.069296  0.059893  -0.033149  -0.081639  -1.359314  -2.088217  1.000000  
185.513672 0.033878  -0.027627  0.012481  0.521185  0.770905  0.366158  -0.645600  0.075524  0.759932  0.558182  -0.632456  0.537059  -0.069834  0.059860  -0.033223  -0.084973  -1.381272  -2.107119  1.000000  
185.514673 0.033805  -0.027569  0.012446  0.522434  0.769712  0.366887  -0.646603  0.077133  0.758917  0.555848  -0.633715  0.537995  -0.070328  0.059784  -0.033293  -0.088201  -1.396941  -2.126741  1.000000  
185.515922 0.033713  -0.027495  0.012403  0.523873  0.768157  0.368093  -0.648110  0.079048  0.757433  0.552730  -0.635363  0.539262  -0.070995  0.059798  -0.033318  -0.083209  -1.427707  -2.147536  1.000000  
185.516929 0.033637  -0.027437  0.012369  0.525114  0.767000  0.368735  -0.649099  0.080754  0.756405  0.550386  -0.636545  0.540264  -0.071551  0.059652  -0.033252  -0.090572  -1.444637  -2.168781  1.000000  
185.518173 0.033544  -0.027364  0.012327  0.526629  0.765474  0.369746  -0.650424  0.082767  0.755048  0.547367  -0.638122  0.541470  -0.071995  0.059525  -0.033204  -0.089743  -1.466854  -2.188538  1.000000  
185.519173 0.033468  -0.027305  0.012294  0.527775  0.764273  0.370595  -0.651565  0.084386  0.753885  0.544901  -0.639348  0.542510  -0.072449  0.059408  -0.033162  -0.092991  -1.483511  -2.200366  1.000000  
185.520174 0.033392  -0.027247  0.012261  0.529051  0.763007  0.371383  -0.652591  0.086073  0.752806  0.542430  -0.640634  0.543468  -0.072936  0.059162  -0.033152  -0.092190  -1.496859  -2.217253  1.000000  
185.521424 0.033298  -0.027173  0.012218  0.530596  0.761457  0.372358  -0.653946  0.088253  0.751376  0.539279  -0.642179  0.544779  -0.073361  0.059115  -0.033385  -0.095366  -1.520577  -2.237989  1.000000  
185.522671 0.033203  -0.027100  0.012173  0.532135  0.759903  0.373336  -0.655291  0.090436  0.749943  0.536120  -0.643715  0.546082  -0.073913  0.059011  -0.033756  -0.102491  -1.540021  -2.262374  1.000000  
185.523676 0.033127  -0.027041  0.012139  0.533263  0.758688  0.374197  -0.656404  0.092065  0.748771  0.533633  -0.644916  0.547100  -0.074153  0.058872  -0.033984  -0.105896  -1.557880  -2.275914  1.000000  
185.524922 0.033031  -0.026969  0.012092  0.534791  0.757124  0.375183  -0.657731  0.094254  0.747333  0.530461  -0.646436  0.548390  -0.074523  0.058725  -0.034400  -0.109132  -1.576081  -2.290197  1.000000  
185.525922 0.032955  -0.026910  0.012055  0.536178  0.755719  0.376034  -0.658883  0.096244  0.746063  0.527623  -0.647785  0.549535  -0.074745  0.058677  -0.034685  -0.112363  -1.595772  -2.314480  1.000000  
185.526928 0.032879  -0.026852  0.012018  0.537337  0.754439  0.376949  -0.660029  0.097947  0.744828  0.525006  -0.649021  0.550582  -0.075072  0.058594  -0.034897  -0.116673  -1.612474  -2.330309  1.000000  
185.528172 0.032785  -0.026779  0.011971  0.538935  0.752751  0.378040  -0.661436  0.100280  0.743267  0.521586  -0.650622  0.551941  -0.075675  0.058828  -0.035284  -0.118846  -1.630412  -2.349071  1.000000  
185.529219 0.032708  -0.026721  0.011937  0.540083  0.751510  0.378870  -0.662566  0.102079  0.742015  0.518958  -0.651776  0.553056  -0.075387  0.058251  -0.035055  -0.123303  -1.644075  -2.351577  1.000000  
185.530423 0.032612  -0.026649  0.011893  0.541581  0.749923  0.379876  -0.663845  0.104282  0.740564  0.515752  -0.653254  0.554310  -0.075831  0.058372  -0.035193  -0.129465  -1.654074  -2.370511  1.000000  
185.531424 0.032535  -0.026591  0.011859  0.542719  0.748629  0.380803  -0.664960  0.105995  0.739319  0.513113  -0.654461  0.555334  -0.076085  0.058391  -0.035196  -0.128939  -1.669206  -2.380455  1.000000  
185.532431 0.032459  -0.026533  0.011824  0.544118  0.747190  0.381631  -0.666115  0.108158  0.737965  0.510124  -0.655751  0.556565  -0.076069  0.058347  -0.035330  -0.137210  -1.685253  -2.403669  1.000000  
185.533693 0.032363  -0.026460  0.011778  0.545632  0.745435  0.382899  -0.667688  0.110578  0.736183  0.506436  -0.657342  0.558053  -0.076073  0.058231  -0.035513  -0.136754  -1.716195  -2.423009  1.000000  
185.534929 0.032269  -0.026386  0.011731  0.547318  0.743596  0.384067  -0.669188  0.113224  0.734417  0.502624  -0.658973  0.559575  -0.076147  0.058311  -0.035898  -0.139828  -1.736624  -2.447897  1.000000  
185.535930 0.032192  -0.026329  0.011692  0.548602  0.742111  0.385108  -0.670476  0.115310  0.732916  0.499498  -0.660284  0.560827  -0.076169  0.058276  -0.036222  -0.143435  -1.758412  -2.465423  1.000000  
185.537180 0.032097  -0.026254  0.011642  0.550131  0.740285  0.386438  -0.672063  0.117810  0.731062  0.495668  -0.661891  0.562329  -0.076242  0.058300  -0.036657  -0.146873  -1.780088  -2.482962  1.000000  
185.538429 0.032002  -0.026179  0.011593  0.551776  0.738332  0.387826  -0.673789  0.120610  0.729014  0.491479  -0.663566  0.564030  -0.076242  0.058474  -0.036908  -0.154355  -1.815796  -2.516537  1.000000  
185.539436 0.031925  -0.026119  0.011556  0.553078  0.736777  0.388927  -0.675095  0.122775  0.727443  0.488213  -0.664895  0.565299  -0.076203  0.058524  -0.036981  -0.158041  -1.845764  -2.543402  1.000000  
185.540681 0.031831  -0.026041  0.011509  0.554660  0.734870  0.390280  -0.676742  0.125514  0.725442  0.484120  -0.666492  0.566935  -0.076187  0.058888  -0.036980  -0.165669  -1.876435  -2.571096  1.000000  
185.541928 0.031734  -0.025964  0.011463  0.556190  0.733015  0.391590  -0.678324  0.128188  0.723494  0.480135  -0.668025  0.568518  -0.076302  0.059170  -0.036940  -0.173349  -1.904124  -2.595183  1.000000  
185.543177 0.031638  -0.025888  0.011418  0.557569  0.731181  0.393054  -0.680006  0.130716  0.721460  0.476139  -0.669543  0.570091  -0.076389  0.059422  -0.036897  -0.180098  -1.937869  -2.624205  1.000000  
185.544178 0.031559  -0.025826  0.011384  0.558916  0.729543  0.394182  -0.681363  0.133121  0.719738  0.472606  -0.670854  0.571488  -0.076804  0.059806  -0.036954  -0.188944  -1.962206  -2.646176  1.000000  
185.545427 0.031461  -0.025749  0.011338  0.560393  0.727530  0.395802  -0.683164  0.135867  0.717515  0.468237  -0.672488  0.573161  -0.076766  0.059980  -0.037051  -0.193147  -2.000171  -2.673024  1.000000  
185.546678 0.031362  -0.025673  0.011292  0.561857  0.725561  0.397340  -0.684948  0.138704  0.715268  0.463857  -0.674035  0.574903  -0.076931  0.060306  -0.037197  -0.195984  -2.039979  -2.698856  1.000000  
185.547680 0.031285  -0.025610  0.011254  0.562994  0.723997  0.398580  -0.686334  0.140901  0.713507  0.460416  -0.675259  0.576230  -0.077023  0.060571  -0.037424  -0.205506  -2.066174  -2.723133  1.000000  
185.548932 0.031186  -0.025531  0.011207  0.564355  0.722183  0.399944  -0.687994  0.143694  0.711348  0.456254  -0.676612  0.577952  -0.077300  0.061069  -0.037488  -0.214030  -2.095799  -2.738873  1.000000  
185.549944 0.031108  -0.025467  0.011169  0.565370  0.720586  0.401388  -0.689521  0.145820  0.709435  0.452679  -0.677858  0.579301  -0.077331  0.061303  -0.037386  -0.215183  -2.131792  -2.753505  1.000000  
185.551182 0.031009  -0.025386  0.011123  0.566784  0.718651  0.402860  -0.691245  0.148761  0.707142  0.448259  -0.679272  0.581080  -0.077611  0.061881  -0.037213  -0.224020  -2.168536  -2.777521  1.000000  
185.552185 0.030930  -0.025320  0.011087  0.567816  0.717041  0.404274  -0.692794  0.151051  0.705139  0.444547  -0.680467  0.582531  -0.077824  0.062262  -0.036930  -0.228854  -2.203798  -2.799749  1.000000  
185.553428 0.030831  -0.025236  0.011043  0.569204  0.715100  0.405757  -0.694487  0.154001  0.702831  0.440107  -0.681847  0.584286  -0.078063  0.062860  -0.036702  -0.235986  -2.236821  -2.817502  1.000000  
185.554431 0.030752  -0.025169  0.011009  0.570176  0.713593  0.407043  -0.695965  0.156313  0.700855  0.436500  -0.682899  0.585762  -0.078265  0.063364  -0.036500  -0.243601  -2.277632  -2.837968  1.000000  
185.555680 0.030653  -0.025083  0.010965  0.571394  0.711729  0.408596  -0.697746  0.159209  0.698429  0.432040  -0.684174  0.587577  -0.078536  0.063909  -0.036248  -0.253490  -2.309703  -2.846220  1.000000  
185.556928 0.030552  -0.024996  0.010920  0.572635  0.709805  0.410203  -0.699554  0.162179  0.695932  0.427449  -0.685475  0.589416  -0.078801  0.064562  -0.036245  -0.263592  -2.351016  -2.865139  1.000000  
185.558172 0.030451  -0.024910  0.010873  0.573968  0.707952  0.411539  -0.701183  0.165313  0.693551  0.422969  -0.686641  0.591289  -0.079137  0.065171  -0.036394  -0.284431  -2.377079  -2.884443  1.000000  
185.559428 0.030349  -0.024825  0.010825  0.575143  0.706132  0.413024  -0.702913  0.168304  0.691076  0.418477  -0.687787  0.593149  -0.079360  0.065830  -0.036610  -0.294753  -2.418380  -2.902299  1.000000  
185.560672 0.030247  -0.024737  0.010777  0.576408  0.704186  0.414580  -0.704755  0.171596  0.688385  0.413611  -0.688968  0.595188  -0.079604  0.066484  -0.036855  -0.314018  -2.458334  -2.927360  1.000000  
185.561922 0.030145  -0.024648  0.010728  0.577621  0.702246  0.416179  -0.706535  0.174737  0.685766  0.408854  -0.690158  0.597093  -0.079909  0.067243  -0.037002  -0.324616  -2.500088  -2.945640  1.000000  
185.562924 0.030064  -0.024577  0.010689  0.578689  0.700736  0.417238  -0.707842  0.177453  0.683718  0.405065  -0.690999  0.598701  -0.080107  0.067826  -0.037036  -0.345569  -2.519786  -2.957121  1.000000  
185.564172 0.029961  -0.024487  0.010643  0.579839  0.698903  0.418714  -0.709547  0.180610  0.681119  0.400412  -0.692037  0.600629  -0.080475  0.068571  -0.036997  -0.360473  -2.553083  -2.964869  1.000000  
185.565436 0.029858  -0.024395  0.010597  0.581041  0.696951  0.420299  -0.711316  0.183914  0.678384  0.395502  -0.693134  0.602614  -0.080748  0.069384  -0.036905  -0.381584  -2.584181  -2.979062  1.000000  
185.566685 0.029755  -0.024303  0.010552  0.582371  0.695011  0.421667  -0.712945  0.187446  0.675702  0.390581  -0.694135  0.604668  -0.080995  0.070028  -0.036872  -0.402998  -2.608146  -2.993674  1.000000  
185.567926 0.029651  -0.024211  0.010506  0.583571  0.693050  0.423234  -0.714714  0.190909  0.672858  0.385525  -0.695152  0.606741  -0.081349  0.070605  -0.037009  -0.422069  -2.638864  -3.007343  1.000000  
185.568930 0.029567  -0.024136  0.010470  0.584462  0.691566  0.424430  -0.716106  0.193644  0.670592  0.381571  -0.695872  0.608412  -0.081695  0.071137  -0.037181  -0.437041  -2.664846  -3.004913  1.000000  
185.570177 0.029462  -0.024042  0.010421  0.585629  0.689707  0.425844  -0.717838  0.197273  0.667677  0.376494  -0.696698  0.610626  -0.082097  0.071781  -0.037468  -0.467105  -2.687810  -3.018442  1.000000  
185.571439 0.029356  -0.023948  0.010372  0.586840  0.687679  0.427454  -0.719625  0.200966  0.664645  0.371158  -0.697647  0.612806  -0.082436  0.072160  -0.037669  -0.489624  -2.729517  -3.042048  1.000000  
185.572448 0.029270  -0.023873  0.010333  0.587784  0.686070  0.428740  -0.721085  0.204002  0.662133  0.366806  -0.698349  0.614624  -0.082704  0.072603  -0.037831  -0.512416  -2.760564  -3.055154  1.000000  
185.573678 0.029163  -0.023777  0.010284  0.588928  0.684205  0.430148  -0.722793  0.207786  0.659087  0.361572  -0.699062  0.616910  -0.083165  0.073368  -0.037961  -0.542909  -2.787719  -3.071115  1.000000  
185.574927 0.029056  -0.023679  0.010235  0.590204  0.682045  0.431826  -0.724663  0.211933  0.655705  0.355702  -0.699928  0.619336  -0.083493  0.074088  -0.038006  -0.573551  -2.826103  -3.092500  1.000000  
185.576172 0.028948  -0.023582  0.010188  0.591426  0.679945  0.433464  -0.726468  0.216008  0.652369  0.349943  -0.700725  0.621711  -0.083950  0.074712  -0.037924  -0.604025  -2.861914  -3.118179  1.000000  
185.577422 0.028839  -0.023483  0.010143  0.592416  0.678062  0.435058  -0.728297  0.219877  0.649028  0.344422  -0.701346  0.624089  -0.084391  0.075281  -0.037722  -0.635110  -2.896434  -3.132479  1.000000  
185.578422 0.028752  -0.023404  0.010107  0.593306  0.676450  0.436352  -0.729698  0.223066  0.646361  0.339896  -0.701895  0.625951  -0.084697  0.075820  -0.037547  -0.661134  -2.926825  -3.153048  1.000000  
185.579425 0.028665  -0.023325  0.010071  0.594295  0.674656  0.437782  -0.731221  0.226626  0.643395  0.334858  -0.702481  0.628005  -0.085032  0.076366  -0.037493  -0.687383  -2.964056  -3.180467  1.000000  
185.580679 0.028555  -0.023226  0.010024  0.595365  0.672537  0.439585  -0.733154  0.230936  0.639651  0.328673  -0.703109  0.630565  -0.085509  0.076727  -0.037608  -0.721935  -3.008099  -3.213798  1.000000  
185.581922 0.028446  -0.023126  0.009976  0.596532  0.670432  0.441215  -0.734901  0.235311  0.636042  0.322601  -0.703669  0.633071  -0.085967  0.077369  -0.037827  -0.756352  -3.045465  -3.239377  1.000000  
185.583171 0.028335  -0.023026  0.009928  0.597522  0.668379  0.442988  -0.736740  0.239546  0.632323  0.316515  -0.704193  0.635555  -0.086327  0.077763  -0.037923  -0.790917  -3.080231  -3.261799  1.000000  
185.584179 0.028247  -0.022946  0.009890  0.598276  0.666642  0.444583  -0.738292  0.242965  0.629201  0.311434  -0.704668  0.637536  -0.086709  0.078142  -0.037956  -0.817132  -3.122569  -3.294481  1.000000  
185.585429 0.028134  -0.022846  0.009842  0.599296  0.664472  0.446455  -0.740172  0.247493  0.625214  0.304942  -0.705141  0.640145  -0.087148  0.078536  -0.037934  -0.851871  -3.169809  -3.329844  1.000000  
185.586675 0.028020  -0.022746  0.009796  0.600133  0.662304  0.448547  -0.742143  0.251808  0.621141  0.298436  -0.705653  0.642643  -0.087685  0.078900  -0.037758  -0.877615  -3.229436  -3.360098  1.000000  
185.587675 0.027929  -0.022666  0.009761  0.600946  0.660336  0.450356  -0.743774  0.255668  0.617603  0.292684  -0.706109  0.644784  -0.088015  0.079225  -0.037425  -0.903774  -3.288657  -3.406891  1.000000  
185.588926 0.027815  -0.022566  0.009719  0.601750  0.658230  0.452360  -0.745712  0.260204  0.613358  0.286025  -0.706419  0.647427  -0.088449  0.079425  -0.037026  -0.936613  -3.347710  -3.444069  1.000000  
185.590173 0.027699  -0.022465  0.009678  0.602430  0.656423  0.454078  -0.747498  0.264516  0.609325  0.279865  -0.706498  0.650028  -0.089007  0.079648  -0.036558  -0.969744  -3.386833  -3.457637  1.000000  
185.591428 0.027584  -0.022363  0.009637  0.603197  0.654273  0.456158  -0.749398  0.269118  0.604962  0.273050  -0.706755  0.652642  -0.089472  0.079885  -0.036177  -1.000431  -3.447528  -3.486294  1.000000  
185.592671 0.027468  -0.022262  0.009595  0.603800  0.652183  0.458347  -0.751412  0.273730  0.600376  0.266092  -0.706915  0.655337  -0.090020  0.080160  -0.035924  -1.031083  -3.507290  -3.516801  1.000000  
185.593671 0.027376  -0.022180  0.009562  0.604284  0.650531  0.460055  -0.752967  0.277443  0.596714  0.260542  -0.706990  0.657482  -0.090420  0.080361  -0.035735  -1.056047  -3.557147  -3.543655  1.000000  
185.594672 0.027284  -0.022098  0.009528  0.604746  0.648941  0.461689  -0.754497  0.281224  0.592999  0.254983  -0.706957  0.659694  -0.090634  0.080524  -0.035534  -1.087070  -3.615350  -3.569791  1.000000  
185.595924 0.027168  -0.021996  0.009486  0.605281  0.646877  0.463881  -0.756439  0.285970  0.588236  0.247860  -0.706945  0.662415  -0.091046  0.080670  -0.035194  -1.118458  -3.677059  -3.596609  1.000000  
185.597172 0.027052  -0.021894  0.009444  0.605800  0.644766  0.466137  -0.758367  0.290783  0.583374  0.240595  -0.706911  0.665125  -0.091461  0.080808  -0.034864  -1.150550  -3.746419  -3.631287  1.000000  
185.598422 0.026934  -0.021793  0.009402  0.606106  0.642843  0.468389  -0.760354  0.295454  0.578419  0.233445  -0.706724  0.667865  -0.091964  0.080905  -0.034429  -1.184453  -3.813827  -3.653348  1.000000  
185.599428 0.026840  -0.021712  0.009371  0.606501  0.641230  0.470086  -0.761814  0.299434  0.574437  0.227587  -0.706515  0.670105  -0.092328  0.080929  -0.033813  -1.208077  -3.872411  -3.676741  1.000000  
185.600428 0.026745  -0.021632  0.009341  0.606715  0.639630  0.471986  -0.763372  0.303207  0.570375  0.221720  -0.706356  0.672236  -0.092613  0.080950  -0.033392  -1.234506  -3.934070  -3.697977  1.000000  
185.601675 0.026627  -0.021532  0.009303  0.607084  0.637798  0.473987  -0.765129  0.308128  0.565362  0.214538  -0.705883  0.675057  -0.092904  0.080979  -0.032888  -1.269431  -3.987580  -3.717306  1.000000  
185.602678 0.026532  -0.021452  0.009272  0.607279  0.636160  0.475933  -0.766671  0.312106  0.561075  0.208392  -0.705613  0.677261  -0.093153  0.080950  -0.032554  -1.296566  -4.049561  -3.736888  1.000000  
185.603926 0.026413  -0.021351  0.009234  0.607474  0.634129  0.478389  -0.768542  0.316965  0.555767  0.200795  -0.705276  0.679902  -0.093445  0.080995  -0.032276  -1.317037  -4.114744  -3.759643  1.000000  
185.605171 0.026294  -0.021251  0.009194  0.607772  0.632223  0.480528  -0.770221  0.322005  0.550520  0.193318  -0.704704  0.682657  -0.093704  0.080924  -0.032250  -1.350946  -4.167443  -3.770572  1.000000  
185.606172 0.026199  -0.021171  0.009163  0.607878  0.630681  0.482417  -0.771661  0.326028  0.546118  0.187145  -0.704235  0.684857  -0.093930  0.080847  -0.032156  -1.376220  -4.218241  -3.782512  1.000000  
185.607428 0.026081  -0.021072  0.009123  0.607977  0.628697  0.484875  -0.773424  0.330999  0.540606  0.179384  -0.703690  0.687490  -0.094033  0.080624  -0.032039  -1.406171  -4.290882  -3.806697  1.000000  
185.608671 0.025963  -0.020971  0.009082  0.608167  0.626837  0.487039  -0.774978  0.336006  0.535265  0.171876  -0.702976  0.690133  -0.094197  0.080564  -0.031987  -1.437617  -4.349189  -3.821551  1.000000  
185.609671 0.025868  -0.020891  0.009050  0.608183  0.625277  0.489021  -0.776314  0.339938  0.530828  0.165678  -0.702475  0.692156  -0.094404  0.080437  -0.031900  -1.457534  -4.389596  -3.831040  1.000000  
185.610672 0.025772  -0.020812  0.009019  0.608200  0.623732  0.490970  -0.777654  0.344138  0.526141  0.159209  -0.701803  0.694352  -0.094656  0.080296  -0.031707  -1.479886  -4.433065  -3.840860  1.000000  
