1-Time 2-Px 3-Py 4-Pz 5-R11 6-R21 7-R31 8-R12 9-R22 10-R32 11-R13 12-R23 13-R33 14-Vx 15-Vy 16-Vz 17-Wx 18-Wy 19-Wz 20-state
71.260546 0.065828  -0.000183  -0.017902  -0.050263  0.998521  0.020728  -0.923890  -0.054369  0.378777  0.379343  -0.000112  0.925256  0.004503  0.002629  0.004928  -0.284351  -0.005115  0.121585  1.000000  
71.261577 0.065830  -0.000181  -0.017897  -0.050453  0.998512  0.020685  -0.923879  -0.054529  0.378779  0.379343  0.000000  0.925256  0.003769  0.002248  0.006261  -0.280249  -0.005093  0.121574  1.000000  
71.262811 0.065813  -0.000200  -0.017881  -0.050453  0.998515  0.020564  -0.923879  -0.054483  0.378786  0.379343  0.000112  0.925256  -0.007155  -0.008408  0.010495  -0.268545  -0.004987  0.114282  1.000000  
71.263816 0.065787  -0.000224  -0.017868  -0.050643  0.998506  0.020521  -0.923869  -0.054642  0.378788  0.379343  0.000224  0.925256  -0.013382  -0.013651  0.011493  0.000000  0.000000  0.000000  1.000000  
71.264816 0.065766  -0.000242  -0.017853  -0.050643  0.998508  0.020400  -0.923869  -0.054597  0.378795  0.379343  0.000337  0.925256  -0.015527  -0.014677  0.012377  0.000000  0.000000  0.000000  1.000000  
71.265821 0.065748  -0.000250  -0.017836  -0.050643  0.998511  0.020279  -0.923869  -0.054551  0.378801  0.379343  0.000449  0.925256  -0.015947  -0.013483  0.013146  0.000000  0.000000  0.000000  1.000000  
71.267064 0.065723  -0.000255  -0.017814  -0.050831  0.998500  0.020363  -0.923808  -0.054756  0.378921  0.379467  0.000449  0.925205  -0.016729  -0.011467  0.014045  0.000000  0.000000  0.000000  1.000000  
71.268065 0.065697  -0.000256  -0.017796  -0.050831  0.998502  0.020242  -0.923808  -0.054710  0.378927  0.379467  0.000561  0.925205  -0.018071  -0.010138  0.014586  0.000000  0.000000  0.000000  1.000000  
71.269313 0.065659  -0.000257  -0.017770  -0.050831  0.998502  0.020242  -0.923808  -0.054710  0.378927  0.379467  0.000561  0.925205  -0.019817  -0.008664  0.015548  0.000000  0.000000  0.000000  1.000000  
71.270563 0.065624  -0.000252  -0.017746  -0.050831  0.998505  0.020121  -0.923808  -0.054664  0.378934  0.379467  0.000673  0.925205  -0.020944  -0.007041  0.015982  0.000000  0.000000  0.000000  1.000000  
71.271564 0.065597  -0.000247  -0.017729  -0.050831  0.998505  0.020121  -0.923808  -0.054664  0.378934  0.379467  0.000673  0.925205  -0.021492  -0.005968  0.016119  0.000000  0.000000  0.000000  1.000000  
71.272566 0.065567  -0.000245  -0.017714  -0.050833  0.998505  0.020114  -0.923859  -0.054664  0.378810  0.379343  0.000673  0.925256  -0.022155  -0.005239  0.015981  0.000000  0.000000  0.000000  1.000000  
71.273813 0.065523  -0.000246  -0.017692  -0.050833  0.998505  0.020114  -0.923859  -0.054664  0.378810  0.379343  0.000673  0.925256  -0.023420  -0.004819  0.016135  0.000000  0.000000  0.000000  1.000000  
71.274815 0.065480  -0.000253  -0.017667  -0.050831  0.998505  0.020121  -0.923808  -0.054664  0.378934  0.379467  0.000673  0.925205  -0.024803  -0.004974  0.016814  0.000000  0.000000  0.000000  1.000000  
71.275820 0.065433  -0.000266  -0.017635  -0.050831  0.998505  0.020121  -0.923808  -0.054664  0.378934  0.379467  0.000673  0.925205  -0.026321  -0.005544  0.017830  0.000000  0.000000  0.000000  1.000000  
71.277063 0.065370  -0.000291  -0.017594  -0.050638  0.998513  0.020171  -0.923768  -0.054504  0.379055  0.379591  0.000561  0.925154  -0.030419  -0.006980  0.019807  0.000000  0.000000  0.000000  1.000000  
71.278066 0.065320  -0.000312  -0.017564  -0.050448  0.998525  0.020093  -0.923778  -0.054299  0.379059  0.379591  0.000561  0.925154  -0.032606  -0.006788  0.021009  0.000000  0.000000  0.000000  1.000000  
71.279314 0.065254  -0.000338  -0.017537  -0.050260  0.998536  0.020008  -0.923839  -0.054093  0.378940  0.379467  0.000561  0.925205  -0.034806  -0.006890  0.021537  0.000000  0.000000  0.000000  1.000000  
71.280559 0.065181  -0.000363  -0.017514  -0.049882  0.998560  0.019724  -0.923910  -0.053636  0.378831  0.379343  0.000673  0.925256  -0.038053  -0.007603  0.021815  0.000000  0.000000  0.000000  1.000000  
71.281809 0.065107  -0.000386  -0.017495  -0.049507  0.998580  0.019676  -0.924032  -0.053271  0.378585  0.379096  0.000561  0.925357  -0.041498  -0.008797  0.021617  0.000000  0.000000  0.000000  1.000000  
71.283058 0.065039  -0.000399  -0.017471  -0.048747  0.998623  0.019365  -0.924073  -0.052449  0.378601  0.379096  0.000561  0.925357  -0.043844  -0.009499  0.021715  0.000000  0.000000  0.000000  1.000000  
71.284079 0.064992  -0.000400  -0.017449  -0.048178  0.998653  0.019245  -0.924153  -0.051878  0.378483  0.378972  0.000449  0.925408  -0.045173  -0.009730  0.021773  0.000000  0.000000  0.000000  1.000000  
71.285308 0.064937  -0.000396  -0.017415  -0.047227  0.998706  0.018856  -0.924202  -0.050850  0.378503  0.378972  0.000449  0.925408  -0.046247  -0.009559  0.022452  0.000000  0.000000  0.000000  1.000000  
71.286558 0.064879  -0.000394  -0.017378  -0.046469  0.998745  0.018659  -0.924291  -0.050074  0.378388  0.378848  0.000337  0.925459  -0.047877  -0.009816  0.023396  0.000000  0.000000  0.000000  1.000000  
71.287808 0.064814  -0.000400  -0.017341  -0.045327  0.998804  0.018313  -0.924348  -0.048886  0.378405  0.378848  0.000225  0.925459  -0.049710  -0.010444  0.024570  -0.088681  -0.019844  -0.183549  1.000000  
71.289061 0.064746  -0.000413  -0.017304  -0.044378  0.998852  0.018039  -0.924445  -0.047904  0.378294  0.378724  0.000112  0.925510  -0.051284  -0.011144  0.025544  -0.094257  -0.023691  -0.209146  1.000000  
71.290308 0.064675  -0.000430  -0.017268  -0.043617  0.998889  0.017848  -0.924481  -0.047127  0.378303  0.378724  0.000000  0.925510  -0.052177  -0.011496  0.025541  -0.096742  -0.022676  -0.226146  1.000000  
71.291310 0.064617  -0.000446  -0.017241  -0.042853  0.998925  0.017664  -0.924466  -0.046350  0.378436  0.378848  -0.000112  0.925459  -0.052920  -0.011368  0.025284  -0.104136  -0.017822  -0.254194  1.000000  
71.292314 0.064558  -0.000462  -0.017218  -0.042282  0.998952  0.017551  -0.924492  -0.045779  0.378441  0.378848  -0.000225  0.925459  -0.053368  -0.010863  0.024490  -0.099774  -0.017830  -0.273166  1.000000  
71.293563 0.064481  -0.000480  -0.017193  -0.041328  0.998998  0.017167  -0.924485  -0.044751  0.378583  0.378972  -0.000224  0.925408  -0.054206  -0.010345  0.023982  -0.108757  -0.013384  -0.304903  1.000000  
71.294812 0.064406  -0.000491  -0.017172  -0.040376  0.999042  0.016898  -0.924527  -0.043769  0.378595  0.378972  -0.000337  0.925408  -0.054624  -0.009521  0.023725  -0.116261  -0.013382  -0.342946  1.000000  
71.296068 0.064335  -0.000496  -0.017149  -0.039615  0.999077  0.016587  -0.924560  -0.042946  0.378609  0.378972  -0.000337  0.925408  -0.054322  -0.008091  0.024010  -0.123634  -0.013514  -0.371376  1.000000  
71.297083 0.064281  -0.000495  -0.017129  -0.039046  0.999104  0.016348  -0.924635  -0.042329  0.378495  0.378848  -0.000337  0.925459  -0.054056  -0.006951  0.024141  -0.129961  -0.022518  -0.396710  1.000000  
71.298311 0.064215  -0.000489  -0.017104  -0.038285  0.999138  0.016036  -0.924667  -0.041506  0.378509  0.378848  -0.000337  0.925459  -0.054253  -0.005985  0.024210  -0.139386  -0.022351  -0.419109  1.000000  
71.299558 0.064149  -0.000480  -0.017077  -0.037525  0.999170  0.015840  -0.924748  -0.040729  0.378393  0.378724  -0.000449  0.925509  -0.054775  -0.005450  0.023952  -0.145730  -0.026789  -0.444551  1.000000  
71.300808 0.064081  -0.000473  -0.017051  -0.036952  0.999193  0.015733  -0.924721  -0.040158  0.378522  0.378848  -0.000561  0.925459  -0.055721  -0.005350  0.023204  -0.145481  -0.022330  -0.463596  1.000000  
71.302058 0.064012  -0.000466  -0.017027  -0.036379  0.999214  0.015746  -0.924693  -0.039633  0.378645  0.378972  -0.000786  0.925408  -0.056095  -0.004730  0.022437  -0.145246  -0.013356  -0.482801  1.000000  
71.303308 0.063940  -0.000466  -0.017007  -0.035996  0.999228  0.015716  -0.924657  -0.039267  0.378771  0.379096  -0.000898  0.925357  -0.056515  -0.004077  0.021279  -0.142362  -0.008891  -0.495375  1.000000  
71.304308 0.063878  -0.000470  -0.016992  -0.035614  0.999241  0.015808  -0.924621  -0.038948  0.378892  0.379220  -0.001122  0.925306  -0.056987  -0.003395  0.020188  -0.143596  -0.008798  -0.508068  1.000000  
71.305558 0.063795  -0.000479  -0.016973  -0.035041  0.999263  0.015699  -0.924592  -0.038377  0.379020  0.379343  -0.001235  0.925255  -0.057768  -0.002791  0.018987  -0.147409  -0.004301  -0.527142  1.000000  
71.306808 0.063709  -0.000490  -0.016956  -0.034468  0.999284  0.015591  -0.924563  -0.037806  0.379149  0.379467  -0.001347  0.925204  -0.058569  -0.002434  0.018255  -0.155294  -0.004229  -0.546160  1.000000  
71.307813 0.063643  -0.000495  -0.016940  -0.034087  0.999298  0.015556  -0.924577  -0.037440  0.379151  0.379467  -0.001459  0.925204  -0.058986  -0.001713  0.017818  -0.153813  -0.004192  -0.552362  1.000000  
71.309063 0.063563  -0.000494  -0.016920  -0.033704  0.999309  0.015647  -0.924540  -0.037121  0.379272  0.379591  -0.001683  0.925153  -0.059177  -0.000444  0.017590  -0.145737  0.004795  -0.552395  1.000000  
71.310313 0.063485  -0.000485  -0.016898  -0.033132  0.999330  0.015539  -0.924510  -0.036550  0.379401  0.379715  -0.001795  0.925102  -0.059478  0.000695  0.017631  -0.141402  0.013832  -0.563310  1.000000  
71.311562 0.063408  -0.000473  -0.016874  -0.032561  0.999353  0.015304  -0.924530  -0.035933  0.379410  0.379715  -0.001795  0.925102  -0.059918  0.001531  0.017753  -0.148035  0.022864  -0.569759  1.000000  
71.312565 0.063348  -0.000463  -0.016854  -0.032180  0.999365  0.015269  -0.924544  -0.035568  0.379412  0.379715  -0.001908  0.925102  -0.060511  0.001909  0.017679  -0.141316  0.022891  -0.563289  1.000000  
71.313565 0.063289  -0.000453  -0.016836  -0.031419  0.999393  0.015078  -0.924570  -0.034791  0.379421  0.379715  -0.002020  0.925101  -0.061013  0.002204  0.017442  -0.139824  0.027426  -0.569690  1.000000  
71.314810 0.063215  -0.000439  -0.016815  -0.030848  0.999412  0.014965  -0.924589  -0.034219  0.379426  0.379715  -0.002132  0.925101  -0.061490  0.002550  0.017043  -0.134602  0.027489  -0.556994  1.000000  
71.316060 0.063138  -0.000431  -0.016797  -0.030086  0.999436  0.014895  -0.924614  -0.033489  0.379430  0.379715  -0.002356  0.925101  -0.062080  0.002620  0.016488  -0.130485  0.032087  -0.556988  1.000000  
71.317308 0.063056  -0.000432  -0.016780  -0.029513  0.999451  0.015028  -0.924582  -0.033010  0.379551  0.379839  -0.002693  0.925049  -0.062901  0.002313  0.016176  -0.116152  0.036399  -0.539663  1.000000  
71.318308 0.062988  -0.000437  -0.016768  -0.028750  0.999475  0.014962  -0.924555  -0.032279  0.379679  0.379962  -0.002917  0.924997  -0.063476  0.001889  0.015963  -0.112108  0.045417  -0.539643  1.000000  
71.319308 0.062921  -0.000444  -0.016753  -0.027989  0.999497  0.014892  -0.924578  -0.031548  0.379683  0.379962  -0.003142  0.924997  -0.063786  0.001853  0.015952  -0.106359  0.045892  -0.537819  1.000000  
71.320310 0.062854  -0.000451  -0.016739  -0.027037  0.999526  0.014743  -0.924607  -0.030611  0.379691  0.379962  -0.003366  0.924996  -0.063767  0.001938  0.015910  -0.107508  0.046003  -0.550494  1.000000  
71.321558 0.062772  -0.000457  -0.016718  -0.026086  0.999551  0.014716  -0.924634  -0.029721  0.379695  0.379962  -0.003703  0.924995  -0.063511  0.002267  0.016116  -0.097953  0.041625  -0.556954  1.000000  
71.322808 0.062690  -0.000463  -0.016697  -0.025134  0.999576  0.014689  -0.924660  -0.028830  0.379700  0.379962  -0.004039  0.924993  -0.063555  0.002141  0.016258  -0.091711  0.036975  -0.558767  1.000000  
71.324063 0.062609  -0.000465  -0.016676  -0.023992  0.999606  0.014584  -0.924691  -0.027733  0.379708  0.379962  -0.004376  0.924992  -0.063599  0.001892  0.016314  -0.084302  0.037412  -0.563297  1.000000  
71.325309 0.062531  -0.000465  -0.016656  -0.022660  0.999640  0.014397  -0.924775  -0.026430  0.379595  0.379839  -0.004713  0.925041  -0.063642  0.001319  0.016120  -0.079252  0.032797  -0.577728  1.000000  
71.326316 0.062470  -0.000463  -0.016643  -0.021329  0.999672  0.014211  -0.924858  -0.025127  0.379482  0.379715  -0.005050  0.925090  -0.063570  0.000694  0.015626  -0.075509  0.028732  -0.601704  1.000000  
71.327562 0.062395  -0.000462  -0.016628  -0.019806  0.999707  0.013950  -0.924892  -0.023619  0.379497  0.379715  -0.005386  0.925088  -0.063596  0.000102  0.015093  -0.073736  0.033417  -0.627306  1.000000  
71.328565 0.062333  -0.000462  -0.016614  -0.018473  0.999735  0.013767  -0.924919  -0.022316  0.379508  0.379715  -0.005723  0.925086  -0.063751  -0.000840  0.014732  -0.071952  0.038107  -0.652837  1.000000  
71.329811 0.062255  -0.000465  -0.016595  -0.016759  0.999768  0.013549  -0.924952  -0.020648  0.379523  0.379715  -0.006172  0.925083  -0.064049  -0.001842  0.014678  -0.075483  0.038451  -0.691390  1.000000  
71.331060 0.062174  -0.000472  -0.016573  -0.015045  0.999798  0.013331  -0.924981  -0.018980  0.379538  0.379715  -0.006620  0.925080  -0.064217  -0.002774  0.014931  -0.083122  0.034356  -0.729776  1.000000  
71.332062 0.062109  -0.000482  -0.016554  -0.013712  0.999818  0.013269  -0.925002  -0.017723  0.379549  0.379715  -0.007069  0.925077  -0.064172  -0.003350  0.015335  -0.084052  0.030212  -0.761656  1.000000  
71.333308 0.062025  -0.000496  -0.016528  -0.011998  0.999843  0.013051  -0.925026  -0.016055  0.379565  0.379715  -0.007518  0.925073  -0.064080  -0.003841  0.015936  -0.091715  0.026173  -0.800168  1.000000  
71.334309 0.061958  -0.000507  -0.016506  -0.010474  0.999862  0.012912  -0.924994  -0.014593  0.379703  0.379839  -0.007967  0.925019  -0.064106  -0.004195  0.016469  -0.095356  0.026606  -0.838577  1.000000  
71.335558 0.061873  -0.000521  -0.016480  -0.008760  0.999880  0.012815  -0.925011  -0.012971  0.379718  0.379839  -0.008528  0.925014  -0.064308  -0.004607  0.017030  -0.094858  0.022614  -0.876906  1.000000  
71.336558 0.061804  -0.000532  -0.016459  -0.007237  0.999893  0.012675  -0.925025  -0.011508  0.379733  0.379839  -0.008976  0.925009  -0.064514  -0.004953  0.017253  -0.098458  0.018599  -0.915378  1.000000  
71.337808 0.061720  -0.000540  -0.016438  -0.005332  0.999909  0.012379  -0.924987  -0.009635  0.379878  0.379962  -0.009425  0.924954  -0.064608  -0.005177  0.017253  -0.106434  0.023481  -0.958636  1.000000  
71.338808 0.061654  -0.000544  -0.016422  -0.003809  0.999918  0.012238  -0.924994  -0.008173  0.379893  0.379962  -0.009873  0.924949  -0.064736  -0.005327  0.017170  -0.115013  0.019772  -1.005113  1.000000  
71.340066 0.061573  -0.000545  -0.016403  -0.001904  0.999925  0.012063  -0.925000  -0.006345  0.379914  0.379962  -0.010434  0.924943  -0.064896  -0.005434  0.017158  -0.117145  0.015933  -1.049663  1.000000  
71.341310 0.061489  -0.000548  -0.016384  0.000000  0.999928  0.012008  -0.925002  -0.004563  0.379935  0.379962  -0.011108  0.924935  -0.065436  -0.005642  0.017320  -0.112782  0.016535  -1.091834  1.000000  
71.342314 0.061420  -0.000552  -0.016366  0.001523  0.999927  0.011989  -0.925001  -0.003146  0.379952  0.379962  -0.011668  0.924928  -0.066045  -0.006134  0.017706  -0.109653  0.017166  -1.123651  1.000000  
71.343562 0.061333  -0.000559  -0.016342  0.003428  0.999923  0.011934  -0.924996  -0.001364  0.379975  0.379962  -0.012342  0.924920  -0.066690  -0.006484  0.018162  -0.105078  0.017939  -1.161712  1.000000  
71.344564 0.061263  -0.000564  -0.016322  0.004951  0.999917  0.011915  -0.924989  0.000052  0.379995  0.379962  -0.012903  0.924912  -0.067242  -0.006743  0.018493  -0.102774  0.018771  -1.203194  1.000000  
71.345810 0.061174  -0.000573  -0.016295  0.006665  0.999907  0.011938  -0.924927  0.001626  0.380141  0.380086  -0.013575  0.924852  -0.067830  -0.006809  0.018879  -0.099707  0.024129  -1.235255  1.000000  
71.347059 0.061083  -0.000583  -0.016266  0.008569  0.999893  0.011883  -0.924911  0.003408  0.380167  0.380086  -0.014248  0.924841  -0.068424  -0.006771  0.019220  -0.105963  0.020716  -1.279996  1.000000  
71.348062 0.061009  -0.000591  -0.016242  0.009901  0.999880  0.011940  -0.924847  0.004617  0.380311  0.380210  -0.014808  0.924782  -0.068910  -0.006463  0.019426  -0.101787  0.021440  -1.298986  1.000000  
71.349308 0.060914  -0.000601  -0.016214  0.011804  0.999860  0.011883  -0.924774  0.006396  0.380463  0.380334  -0.015480  0.924720  -0.069572  -0.006257  0.019473  -0.100526  0.026732  -1.326362  1.000000  
71.350308 0.060840  -0.000606  -0.016193  0.013136  0.999844  0.011818  -0.924705  0.007650  0.380607  0.380457  -0.015928  0.924661  -0.070042  -0.005762  0.019403  -0.097753  0.031807  -1.339021  1.000000  
71.351309 0.060766  -0.000609  -0.016173  0.014659  0.999824  0.011676  -0.924682  0.009112  0.380631  0.380457  -0.016377  0.924653  -0.070394  -0.005262  0.019405  -0.102386  0.032854  -1.369373  1.000000  
71.352559 0.060675  -0.000608  -0.016149  0.016562  0.999797  0.011497  -0.924599  0.010938  0.380784  0.380581  -0.016937  0.924592  -0.070849  -0.004590  0.019568  -0.107485  0.038377  -1.401261  1.000000  
71.353808 0.060587  -0.000603  -0.016122  0.018466  0.999764  0.011441  -0.924563  0.012719  0.380816  0.380581  -0.017609  0.924580  -0.071195  -0.003970  0.020004  -0.105802  0.039453  -1.427087  1.000000  
71.355060 0.060497  -0.000597  -0.016093  0.020369  0.999729  0.011263  -0.924523  0.014546  0.380848  0.380581  -0.018170  0.924569  -0.071765  -0.003440  0.020695  -0.107167  0.044580  -1.440378  1.000000  
71.356061 0.060425  -0.000592  -0.016069  0.021892  0.999697  0.011242  -0.924488  0.015962  0.380876  0.380581  -0.018731  0.924558  -0.072177  -0.003024  0.021357  -0.100172  0.049818  -1.453190  1.000000  
71.357080 0.060352  -0.000588  -0.016042  0.023224  0.999666  0.011299  -0.924456  0.017171  0.380902  0.380581  -0.019292  0.924546  -0.072355  -0.002430  0.021952  -0.094230  0.050911  -1.457814  1.000000  
71.358308 0.060259  -0.000585  -0.016012  0.025316  0.999617  0.011161  -0.924350  0.019155  0.381064  0.380705  -0.019963  0.924481  -0.072822  -0.001873  0.022345  -0.087895  0.056045  -1.472259  1.000000  
71.359315 0.060184  -0.000583  -0.015988  0.026838  0.999579  0.011018  -0.924307  0.020616  0.381092  0.380705  -0.020412  0.924471  -0.073139  -0.001312  0.022624  -0.085968  0.057123  -1.477629  1.000000  
71.360561 0.060088  -0.000583  -0.015961  0.028931  0.999521  0.011004  -0.924244  0.022556  0.381136  0.380705  -0.021197  0.924454  -0.073559  -0.000831  0.022590  -0.079004  0.058301  -1.490423  1.000000  
71.361562 0.060011  -0.000585  -0.015939  0.030644  0.999471  0.010904  -0.924189  0.024177  0.381170  0.380705  -0.021758  0.924441  -0.073881  -0.000233  0.022483  -0.080190  0.059312  -1.503153  1.000000  
71.362562 0.059935  -0.000584  -0.015917  0.032356  0.999418  0.010804  -0.924130  0.025798  0.381205  0.380705  -0.022318  0.924427  -0.074043  0.000347  0.022438  -0.074668  0.060143  -1.509503  1.000000  
71.363810 0.059841  -0.000581  -0.015890  0.034639  0.999343  0.010710  -0.924048  0.027943  0.381255  0.380705  -0.023103  0.924408  -0.074057  0.001223  0.022338  -0.074520  0.057072  -1.528826  1.000000  
71.364813 0.059768  -0.000576  -0.015870  0.036353  0.999281  0.010736  -0.924033  0.029520  0.381172  0.380581  -0.023777  0.924442  -0.073950  0.001963  0.022249  -0.068888  0.053609  -1.535129  1.000000  
71.366060 0.059676  -0.000569  -0.015844  0.038636  0.999198  0.010522  -0.923940  0.031711  0.381220  0.380581  -0.024450  0.924424  -0.073894  0.002732  0.022291  -0.073301  0.054672  -1.554511  1.000000  
71.367308 0.059584  -0.000560  -0.015818  0.041108  0.999101  0.010350  -0.923833  0.034062  0.381276  0.380581  -0.025235  0.924403  -0.073982  0.003239  0.022434  -0.073140  0.051691  -1.573304  1.000000  
71.368580 0.059493  -0.000551  -0.015790  0.043583  0.998998  0.010183  -0.923771  0.036415  0.381210  0.380457  -0.026021  0.924432  -0.074051  0.003561  0.022463  -0.068078  0.048874  -1.591866  1.000000  
71.369809 0.059402  -0.000541  -0.015761  0.046055  0.998890  0.009890  -0.923651  0.038811  0.381264  0.380457  -0.026694  0.924413  -0.074260  0.003806  0.022498  -0.071965  0.050370  -1.612581  1.000000  
71.371058 0.059310  -0.000532  -0.015731  0.048530  0.998774  0.009724  -0.923575  0.041164  0.381201  0.380334  -0.027480  0.924441  -0.074339  0.004036  0.022527  -0.076207  0.047306  -1.630643  1.000000  
71.372061 0.059235  -0.000526  -0.015706  0.050621  0.998673  0.009466  -0.923463  0.043195  0.381248  0.380334  -0.028041  0.924424  -0.074537  0.004166  0.022421  -0.083560  0.048941  -1.650803  1.000000  
71.373308 0.059140  -0.000521  -0.015679  0.052902  0.998556  0.009372  -0.923335  0.045338  0.381309  0.380334  -0.028826  0.924400  -0.074624  0.004332  0.022172  -0.081176  0.050188  -1.662418  1.000000  
71.374310 0.059062  -0.000518  -0.015658  0.054803  0.998454  0.009314  -0.923224  0.047116  0.381362  0.380334  -0.029499  0.924379  -0.074843  0.004391  0.022020  -0.082353  0.051586  -1.675076  1.000000  
71.375569 0.058963  -0.000515  -0.015633  0.057464  0.998305  0.009184  -0.923062  0.049624  0.381436  0.380334  -0.030396  0.924350  -0.074915  0.004658  0.021842  -0.091017  0.049598  -1.707636  1.000000  
71.376813 0.058863  -0.000514  -0.015607  0.059934  0.998161  0.009131  -0.922905  0.051925  0.381509  0.380334  -0.031293  0.924320  -0.075227  0.004790  0.021720  -0.090776  0.051529  -1.727078  1.000000  
71.377814 0.058784  -0.000511  -0.015587  0.061837  0.998045  0.009080  -0.922831  0.053707  0.381443  0.380210  -0.031967  0.924348  -0.075505  0.004871  0.021671  -0.094604  0.044182  -1.746620  1.000000  
71.379061 0.058685  -0.000505  -0.015559  0.064307  0.997889  0.009028  -0.922662  0.056007  0.381521  0.380210  -0.032864  0.924316  -0.075897  0.004993  0.021713  -0.094461  0.041669  -1.765754  1.000000  
71.380308 0.058586  -0.000498  -0.015531  0.066586  0.997740  0.009054  -0.922500  0.058102  0.381598  0.380210  -0.033761  0.924284  -0.076297  0.005051  0.021892  -0.090687  0.038995  -1.782989  1.000000  
71.381310 0.058508  -0.000491  -0.015508  0.068295  0.997623  0.009194  -0.922375  0.059627  0.381665  0.380210  -0.034546  0.924255  -0.076653  0.005041  0.022117  -0.078019  0.040272  -1.784897  1.000000  
71.382560 0.058409  -0.000483  -0.015480  0.070388  0.997476  0.009307  -0.922269  0.061520  0.381622  0.380086  -0.035445  0.924272  -0.077203  0.005037  0.022147  -0.071058  0.033056  -1.797924  1.000000  
71.383808 0.058306  -0.000476  -0.015454  0.072666  0.997313  0.009332  -0.922092  0.063614  0.381705  0.380086  -0.036341  0.924237  -0.077964  0.004856  0.022016  -0.068793  0.034931  -1.808517  1.000000  
71.384808 0.058223  -0.000472  -0.015436  0.074184  0.997199  0.009550  -0.921971  0.064932  0.381776  0.380086  -0.037126  0.924206  -0.078609  0.004587  0.021698  -0.055955  0.036171  -1.810986  1.000000  
71.385808 0.058138  -0.000468  -0.015416  0.075892  0.997070  0.009568  -0.921832  0.066502  0.381841  0.380086  -0.037799  0.924178  -0.079438  0.004296  0.021322  -0.054513  0.037576  -1.817408  1.000000  
71.387059 0.058030  -0.000466  -0.015393  0.077600  0.996936  0.009828  -0.921690  0.067978  0.381924  0.380086  -0.038696  0.924141  -0.080371  0.004012  0.020899  -0.047184  0.039107  -1.816087  1.000000  
71.388063 0.057943  -0.000463  -0.015373  0.078928  0.996829  0.010124  -0.921577  0.069091  0.381997  0.380086  -0.039480  0.924108  -0.081104  0.003913  0.020698  -0.033053  0.035525  -1.804204  1.000000  
71.389308 0.057833  -0.000460  -0.015348  0.080636  0.996690  0.010383  -0.921430  0.070567  0.382084  0.380086  -0.040377  0.924069  -0.081932  0.003837  0.020666  -0.019231  0.036756  -1.796236  1.000000  
71.390314 0.057744  -0.000457  -0.015326  0.081584  0.996609  0.010715  -0.921346  0.071314  0.382146  0.380086  -0.041049  0.924040  -0.082672  0.003964  0.020793  -0.007661  0.037186  -1.772258  1.000000  
71.391558 0.057634  -0.000451  -0.015298  0.082907  0.996495  0.011120  -0.921177  0.072374  0.382355  0.380210  -0.041944  0.923949  -0.083324  0.004181  0.021015  0.009637  0.042289  -1.745024  1.000000  
71.392568 0.057546  -0.000445  -0.015277  0.083856  0.996412  0.011452  -0.921091  0.073122  0.382419  0.380210  -0.042616  0.923918  -0.083866  0.004505  0.020994  0.028146  0.042332  -1.714165  1.000000  
71.393812 0.057436  -0.000436  -0.015250  0.085183  0.996293  0.011988  -0.920969  0.074140  0.382517  0.380210  -0.043625  0.923871  -0.084646  0.004691  0.020976  0.046952  0.047574  -1.688780  1.000000  
71.395067 0.057328  -0.000424  -0.015224  0.086700  0.996158  0.012325  -0.920828  0.075409  0.382609  0.380210  -0.044521  0.923828  -0.085236  0.005014  0.020835  0.061553  0.048155  -1.662929  1.000000  
71.396312 0.057219  -0.000412  -0.015199  0.088026  0.996038  0.012619  -0.920702  0.076520  0.382692  0.380210  -0.045306  0.923790  -0.086034  0.005246  0.020553  0.074724  0.048358  -1.631051  1.000000  
71.397558 0.057111  -0.000398  -0.015175  0.089353  0.995915  0.013034  -0.920574  0.077584  0.382785  0.380210  -0.046202  0.923746  -0.086479  0.005643  0.020388  0.094717  0.052853  -1.592716  1.000000  
71.398558 0.057026  -0.000387  -0.015157  0.090111  0.995841  0.013444  -0.920500  0.078125  0.382852  0.380210  -0.046874  0.923712  -0.086814  0.006021  0.020170  0.112538  0.052407  -1.555161  1.000000  
71.399559 0.056939  -0.000377  -0.015139  0.091059  0.995750  0.013774  -0.920407  0.078872  0.382924  0.380210  -0.047547  0.923677  -0.086989  0.006339  0.020064  0.134467  0.051895  -1.515911  1.000000  
71.400808 0.056831  -0.000366  -0.015118  0.092385  0.995622  0.014189  -0.920275  0.079935  0.383021  0.380210  -0.048443  0.923631  -0.087101  0.006918  0.019924  0.154439  0.056192  -1.477348  1.000000  
71.401809 0.056745  -0.000358  -0.015101  0.093522  0.995514  0.014319  -0.920160  0.080932  0.383087  0.380210  -0.049003  0.923601  -0.087120  0.007275  0.019787  0.167618  0.055761  -1.445484  1.000000  
71.403059 0.056638  -0.000347  -0.015079  0.094658  0.995401  0.014691  -0.920044  0.081837  0.383174  0.380210  -0.049787  0.923559  -0.087035  0.007700  0.019654  0.183398  0.055351  -1.406935  1.000000  
71.404063 0.056554  -0.000338  -0.015060  0.095605  0.995308  0.014901  -0.919946  0.082629  0.383239  0.380210  -0.050347  0.923529  -0.086657  0.008302  0.019506  0.192464  0.054902  -1.374790  1.000000  
71.405308 0.056453  -0.000322  -0.015039  0.096742  0.995192  0.015272  -0.919827  0.083533  0.383328  0.380210  -0.051131  0.923486  -0.086138  0.008971  0.019151  0.207978  0.054131  -1.331748  1.000000  
71.406308 0.056374  -0.000309  -0.015024  0.097688  0.995097  0.015481  -0.919727  0.084325  0.383395  0.380210  -0.051692  0.923455  -0.085512  0.009591  0.018655  0.213007  0.053698  -1.300383  1.000000  
71.407314 0.056296  -0.000293  -0.015010  0.098635  0.995002  0.015569  -0.919626  0.085163  0.383452  0.380210  -0.052140  0.923429  -0.084838  0.010258  0.018176  0.226259  0.056884  -1.253066  1.000000  
71.408558 0.056201  -0.000272  -0.014995  0.099960  0.994869  0.015620  -0.919483  0.086364  0.383527  0.380210  -0.052700  0.923398  -0.083855  0.011021  0.017353  0.224158  0.056448  -1.223780  1.000000  
71.409565 0.056125  -0.000256  -0.014983  0.100907  0.994774  0.015587  -0.919379  0.087249  0.383574  0.380210  -0.053036  0.923378  -0.082978  0.011613  0.016635  0.224035  0.055639  -1.189026  1.000000  
71.410811 0.056033  -0.000235  -0.014969  0.102048  0.994655  0.015730  -0.919305  0.088252  0.383524  0.380086  -0.053599  0.923397  -0.081980  0.012098  0.015910  0.227688  0.050265  -1.150951  1.000000  
71.412062 0.055941  -0.000214  -0.014956  0.103372  0.994516  0.015901  -0.919157  0.089406  0.383612  0.380086  -0.054271  0.923358  -0.080932  0.012591  0.015248  0.226041  0.054561  -1.125065  1.000000  
71.413312 0.055851  -0.000192  -0.014943  0.104880  0.994358  0.015859  -0.918935  0.090804  0.383815  0.380210  -0.054828  0.923274  -0.079748  0.013183  0.014538  0.221629  0.058992  -1.105586  1.000000  
71.414561 0.055760  -0.000171  -0.014931  0.106205  0.994217  0.015908  -0.918782  0.092004  0.383893  0.380210  -0.055388  0.923240  -0.078444  0.013821  0.013876  0.219927  0.058585  -1.079991  1.000000  
71.415809 0.055671  -0.000151  -0.014918  0.107718  0.994055  0.015879  -0.918606  0.093408  0.383976  0.380210  -0.055947  0.923207  -0.077218  0.014475  0.013310  0.215590  0.058461  -1.060766  1.000000  
71.417058 0.055582  -0.000130  -0.014906  0.109041  0.993912  0.015808  -0.918450  0.094654  0.384044  0.380210  -0.056395  0.923179  -0.075965  0.015158  0.012595  0.205734  0.058618  -1.052018  1.000000  
71.418058 0.055511  -0.000112  -0.014899  0.110176  0.993786  0.015816  -0.918315  0.095696  0.384110  0.380210  -0.056843  0.923152  -0.075106  0.015672  0.011992  0.196240  0.058998  -1.045779  1.000000  
71.419308 0.055424  -0.000089  -0.014893  0.111499  0.993638  0.015865  -0.918155  0.096895  0.384191  0.380210  -0.057403  0.923117  -0.073828  0.016460  0.010781  0.185357  0.059423  -1.035114  1.000000  
71.420309 0.055355  -0.000069  -0.014888  0.112822  0.993492  0.015673  -0.917993  0.098187  0.384249  0.380210  -0.057739  0.923096  -0.073060  0.016940  0.009971  0.171988  0.060396  -1.045752  1.000000  
71.421558 0.055270  -0.000042  -0.014884  0.114145  0.993340  0.015721  -0.917830  0.099385  0.384332  0.380210  -0.058299  0.923061  -0.072191  0.017490  0.008964  0.159648  0.056946  -1.048076  1.000000  
71.422809 0.055186  -0.000014  -0.014881  0.115663  0.993164  0.015706  -0.917691  0.100796  0.384296  0.380086  -0.058862  0.923076  -0.071475  0.018067  0.008224  0.145117  0.053487  -1.052491  1.000000  
71.424067 0.055101  0.000013  -0.014877  0.117174  0.992990  0.015555  -0.917499  0.102245  0.384371  0.380086  -0.059310  0.923048  -0.070687  0.018537  0.007447  0.122268  0.054661  -1.058607  1.000000  
71.425308 0.055017  0.000041  -0.014871  0.118496  0.992832  0.015603  -0.917329  0.103443  0.384456  0.380086  -0.059870  0.923012  -0.070233  0.018931  0.006893  0.112759  0.055143  -1.052331  1.000000  
71.426317 0.054947  0.000062  -0.014867  0.119629  0.992698  0.015489  -0.917182  0.104529  0.384513  0.380086  -0.060205  0.922990  -0.069788  0.019313  0.006344  0.099990  0.055862  -1.054343  1.000000  
71.427562 0.054860  0.000088  -0.014863  0.120951  0.992537  0.015537  -0.917009  0.105726  0.384599  0.380086  -0.060765  0.922953  -0.069615  0.019545  0.005851  0.089214  0.057004  -1.060758  1.000000  
71.428562 0.054789  0.000108  -0.014861  0.122077  0.992401  0.015407  -0.916809  0.106804  0.384779  0.380210  -0.061098  0.922880  -0.069500  0.019763  0.005298  0.074284  0.062444  -1.066834  1.000000  
71.429811 0.054700  0.000133  -0.014857  0.123398  0.992239  0.015334  -0.916632  0.108047  0.384853  0.380210  -0.061546  0.922850  -0.069462  0.020041  0.004611  0.055366  0.063618  -1.073508  1.000000  
71.431061 0.054609  0.000157  -0.014854  0.125096  0.992028  0.015222  -0.916401  0.109652  0.384948  0.380210  -0.062105  0.922813  -0.069579  0.020272  0.004007  0.041938  0.065153  -1.086017  1.000000  
71.432065 0.054537  0.000177  -0.014852  0.126228  0.991886  0.015108  -0.916246  0.110737  0.385007  0.380210  -0.062441  0.922790  -0.069650  0.020538  0.003495  0.027073  0.066123  -1.092215  1.000000  
71.433308 0.054445  0.000204  -0.014851  0.127359  0.991741  0.015113  -0.916090  0.111776  0.385079  0.380210  -0.062889  0.922760  -0.069959  0.020810  0.003071  0.017481  0.066476  -1.086036  1.000000  
71.434308 0.054371  0.000227  -0.014850  0.128498  0.991594  0.015136  -0.915982  0.112822  0.385030  0.380086  -0.063340  0.922780  -0.070213  0.021067  0.002824  0.008214  0.063371  -1.099069  1.000000  
71.435309 0.054297  0.000249  -0.014848  0.129629  0.991449  0.015021  -0.915823  0.113907  0.385090  0.380086  -0.063676  0.922757  -0.070557  0.021215  0.002718  -0.002571  0.064296  -1.105333  1.000000  
71.436559 0.054204  0.000278  -0.014845  0.131326  0.991227  0.014909  -0.915581  0.115510  0.385187  0.380086  -0.064235  0.922718  -0.071116  0.021352  0.002640  -0.011910  0.065842  -1.118143  1.000000  
71.437808 0.054109  0.000307  -0.014840  0.132841  0.991025  0.014893  -0.915414  0.116917  0.385160  0.379962  -0.064798  0.922730  -0.071779  0.021393  0.002742  -0.015523  0.062668  -1.128316  1.000000  
71.438808 0.054032  0.000329  -0.014834  0.134160  0.990849  0.014819  -0.915221  0.118159  0.385239  0.379962  -0.065246  0.922698  -0.072516  0.021416  0.002854  -0.018284  0.064154  -1.144142  1.000000  
71.440070 0.053935  0.000356  -0.014828  0.135667  0.990644  0.014785  -0.914999  0.119557  0.385335  0.379962  -0.065806  0.922658  -0.073271  0.021342  0.002965  -0.020828  0.069717  -1.149680  1.000000  
71.441310 0.053835  0.000381  -0.014821  0.137370  0.990411  0.014690  -0.914796  0.121167  0.385313  0.379839  -0.066369  0.922669  -0.074189  0.021274  0.003082  -0.026975  0.066985  -1.166134  1.000000  
71.442311 0.053754  0.000402  -0.014817  0.138688  0.990228  0.014615  -0.914597  0.122407  0.385393  0.379839  -0.066817  0.922637  -0.074897  0.021262  0.003196  -0.035356  0.068263  -1.175912  1.000000  
71.443562 0.053652  0.000426  -0.014810  0.140390  0.989990  0.014520  -0.914389  0.124017  0.385373  0.379715  -0.067380  0.922647  -0.075892  0.021239  0.003371  -0.037981  0.060418  -1.182714  1.000000  
71.444564 0.053568  0.000446  -0.014805  0.141715  0.989804  0.014344  -0.914236  0.125312  0.385317  0.379591  -0.067719  0.922673  -0.076697  0.021222  0.003516  -0.044602  0.056854  -1.189247  1.000000  
71.445811 0.053464  0.000470  -0.014796  0.143229  0.989586  0.014329  -0.914052  0.126717  0.385295  0.379467  -0.068283  0.922682  -0.077618  0.021250  0.003937  -0.047154  0.053525  -1.195997  1.000000  
71.447063 0.053359  0.000496  -0.014787  0.144930  0.989340  0.014234  -0.913835  0.128326  0.385277  0.379343  -0.068846  0.922691  -0.078534  0.021252  0.004366  -0.048257  0.050565  -1.209170  1.000000  
71.448070 0.053274  0.000518  -0.014779  0.146443  0.989119  0.014099  -0.913645  0.129777  0.385241  0.379220  -0.069297  0.922708  -0.079285  0.021280  0.004863  -0.053412  0.047523  -1.221782  1.000000  
71.449308 0.053169  0.000546  -0.014768  0.148340  0.988838  0.013945  -0.913442  0.131598  0.385106  0.378972  -0.069865  0.922767  -0.080170  0.021257  0.005456  -0.059207  0.040664  -1.238134  1.000000  
71.450308 0.053082  0.000568  -0.014758  0.149860  0.988610  0.013831  -0.913296  0.133058  0.384949  0.378724  -0.070320  0.922834  -0.080989  0.021226  0.005983  -0.057604  0.032737  -1.245144  1.000000  
71.451308 0.052995  0.000589  -0.014748  0.151569  0.988353  0.013637  -0.913117  0.134722  0.384796  0.378477  -0.070776  0.922901  -0.081810  0.021130  0.006476  -0.067247  0.025623  -1.269038  1.000000  
71.452558 0.052884  0.000616  -0.014735  0.153465  0.988062  0.013485  -0.912903  0.136542  0.384662  0.378229  -0.071343  0.922959  -0.082907  0.021024  0.007085  -0.072243  0.022816  -1.282243  1.000000  
71.453558 0.052794  0.000637  -0.014723  0.154986  0.987825  0.013492  -0.912748  0.137954  0.384524  0.377981  -0.071911  0.923016  -0.083957  0.020868  0.007526  -0.069163  0.015379  -1.295675  1.000000  
71.454809 0.052679  0.000662  -0.014711  0.157454  0.987439  0.013125  -0.912480  0.140393  0.384279  0.377610  -0.072482  0.923124  -0.085207  0.020754  0.007940  -0.084642  0.005464  -1.335159  1.000000  
71.456064 0.052562  0.000686  -0.014698  0.159921  0.987046  0.012879  -0.912204  0.142784  0.384052  0.377238  -0.073166  0.923222  -0.086297  0.020669  0.008373  -0.089739  -0.003993  -1.369459  1.000000  
71.457080 0.052467  0.000705  -0.014686  0.161638  0.986767  0.012830  -0.912056  0.144409  0.383798  0.376866  -0.073738  0.923328  -0.087195  0.020555  0.008864  -0.092773  -0.016160  -1.387495  1.000000  
71.458309 0.052346  0.000730  -0.014669  0.163738  0.986421  0.012766  -0.911886  0.146403  0.383446  0.376370  -0.074426  0.923475  -0.088392  0.020578  0.009545  -0.095241  -0.034726  -1.416664  1.000000  
71.459313 0.052249  0.000750  -0.014655  0.165454  0.986137  0.012601  -0.911729  0.148074  0.383176  0.375998  -0.074887  0.923589  -0.089451  0.020618  0.010223  -0.102435  -0.047204  -1.435872  1.000000  
71.460314 0.052151  0.000770  -0.014638  0.167367  0.985815  0.012499  -0.911584  0.149911  0.382806  0.375502  -0.075463  0.923744  -0.090429  0.020668  0.010851  -0.104347  -0.062521  -1.462737  1.000000  
71.461561 0.052026  0.000796  -0.014619  0.169656  0.985424  0.012480  -0.911366  0.152061  0.382479  0.375006  -0.076264  0.923880  -0.091613  0.020722  0.011462  -0.103949  -0.076442  -1.484099  1.000000  
71.462562 0.051925  0.000817  -0.014603  0.171381  0.985126  0.012461  -0.911247  0.153695  0.382109  0.374510  -0.076841  0.924033  -0.092855  0.020694  0.012132  -0.105559  -0.093212  -1.510718  1.000000  
71.463809 0.051797  0.000844  -0.014583  0.173313  0.984786  0.012649  -0.911187  0.155460  0.381537  0.373766  -0.077651  0.924267  -0.094429  0.020633  0.012784  -0.103081  -0.112665  -1.538588  1.000000  
71.464810 0.051692  0.000865  -0.014566  0.174663  0.984545  0.012789  -0.911133  0.156688  0.381164  0.373269  -0.078228  0.924419  -0.095702  0.020474  0.013243  -0.101199  -0.129248  -1.546496  1.000000  
71.466059 0.051560  0.000891  -0.014546  0.177158  0.984100  0.012746  -0.910956  0.159061  0.380603  0.372524  -0.079038  0.924651  -0.097305  0.020450  0.013714  -0.099088  -0.150969  -1.574242  1.000000  
71.467309 0.051425  0.000916  -0.014524  0.179279  0.983714  0.012863  -0.910845  0.161029  0.380040  0.371779  -0.079849  0.924881  -0.098939  0.020333  0.014298  -0.097697  -0.172853  -1.595801  1.000000  
71.468558 0.051286  0.000939  -0.014502  0.181596  0.983288  0.012928  -0.910741  0.163210  0.379359  0.370910  -0.080665  0.925159  -0.100528  0.020166  0.014742  -0.096605  -0.201532  -1.617911  1.000000  
71.469808 0.051145  0.000962  -0.014480  0.183914  0.982856  0.012997  -0.910630  0.165391  0.378681  0.370040  -0.081480  0.925436  -0.102310  0.020017  0.015402  -0.098129  -0.229758  -1.647108  1.000000  
71.470808 0.051029  0.000980  -0.014461  0.185848  0.982491  0.013081  -0.910540  0.167203  0.378101  0.369294  -0.082180  0.925672  -0.103949  0.019920  0.016053  -0.096961  -0.249520  -1.667943  1.000000  
71.472065 0.050884  0.001002  -0.014438  0.188562  0.981975  0.013051  -0.910435  0.169811  0.377190  0.368174  -0.083006  0.926044  -0.105631  0.019807  0.016510  -0.100747  -0.285959  -1.703444  1.000000  
71.473308 0.050736  0.001025  -0.014413  0.191266  0.981451  0.013120  -0.910273  0.172363  0.376423  0.367179  -0.083940  0.926355  -0.107344  0.019661  0.017039  -0.100707  -0.309846  -1.737172  1.000000  
71.474311 0.050618  0.001044  -0.014392  0.193398  0.981032  0.013162  -0.910174  0.174388  0.375730  0.366308  -0.084645  0.926636  -0.108796  0.019584  0.017473  -0.097907  -0.333426  -1.765222  1.000000  
71.475566 0.050467  0.001067  -0.014366  0.196488  0.980419  0.013111  -0.909962  0.177355  0.374852  0.365187  -0.085585  0.926992  -0.110793  0.019416  0.017932  -0.104856  -0.367250  -1.821826  1.000000  
71.476811 0.050313  0.001090  -0.014342  0.199391  0.979832  0.013144  -0.909780  0.180119  0.373975  0.364066  -0.086525  0.927346  -0.112766  0.019148  0.018216  -0.106901  -0.398472  -1.864436  1.000000  
71.477814 0.050189  0.001107  -0.014323  0.201348  0.979428  0.013420  -0.909747  0.181910  0.373187  0.363068  -0.087349  0.927659  -0.114061  0.019003  0.018451  -0.098730  -0.427530  -1.880880  1.000000  
71.479062 0.050032  0.001129  -0.014300  0.204075  0.978861  0.013566  -0.909637  0.184485  0.372192  0.361821  -0.088295  0.928057  -0.116098  0.018615  0.018621  -0.095520  -0.454766  -1.906912  1.000000  
