1-Time 2-Px 3-Py 4-Pz 5-R11 6-R21 7-R31 8-R12 9-R22 10-R32 11-R13 12-R23 13-R33 14-Vx 15-Vy 16-Vz 17-Wx 18-Wy 19-Wz 20-state
164.370254 0.006813  -0.005602  -0.011343  0.502642  0.762120  0.408075  -0.858855  0.386398  0.336250  0.098583  -0.519490  0.848770  0.000540  -0.001043  -0.002797  0.000000  0.000000  0.000000  1.000000  
164.371314 0.006814  -0.005601  -0.011347  0.502642  0.762120  0.408075  -0.858855  0.386398  0.336250  0.098583  -0.519490  0.848770  0.001404  0.001077  -0.004174  0.000000  0.000000  0.000000  1.000000  
164.372335 0.006813  -0.005599  -0.011344  0.502465  0.762199  0.408144  -0.858959  0.386241  0.336166  0.098583  -0.519490  0.848770  0.000277  0.001316  -0.000191  0.000000  0.000000  0.000000  1.000000  
164.373587 0.006810  -0.005597  -0.011334  0.502288  0.762279  0.408213  -0.859062  0.386084  0.336081  0.098583  -0.519490  0.848770  -0.000876  0.001518  0.002955  0.000000  0.000000  0.000000  1.000000  
164.374818 0.006809  -0.005594  -0.011328  0.502288  0.762279  0.408213  -0.859062  0.386084  0.336081  0.098583  -0.519490  0.848770  -0.000941  0.001844  0.003625  0.000000  0.000000  0.000000  1.000000  
164.376088 0.006807  -0.005591  -0.011327  0.502111  0.762358  0.408282  -0.859166  0.385928  0.335997  0.098583  -0.519490  0.848770  -0.001008  0.001891  0.003036  0.000000  0.000000  0.000000  1.000000  
164.377318 0.006804  -0.005588  -0.011327  0.501934  0.762487  0.408259  -0.859269  0.385811  0.335867  0.098583  -0.519387  0.848833  -0.001203  0.002092  0.002462  0.000000  0.000000  0.000000  1.000000  
164.378330 0.006801  -0.005584  -0.011326  0.501934  0.762487  0.408259  -0.859269  0.385811  0.335867  0.098583  -0.519387  0.848833  -0.001495  0.002297  0.002180  0.000000  0.000000  0.000000  1.000000  
164.379560 0.006799  -0.005579  -0.011327  0.501757  0.762566  0.408328  -0.859372  0.385654  0.335783  0.098583  -0.519387  0.848833  -0.001549  0.002472  0.001823  0.000000  0.000000  0.000000  1.000000  
164.380568 0.006797  -0.005577  -0.011327  0.501581  0.762596  0.408490  -0.859476  0.385457  0.335745  0.098583  -0.519490  0.848770  -0.001579  0.002517  0.001619  0.000000  0.000000  0.000000  1.000000  
164.381572 0.006796  -0.005574  -0.011325  0.501404  0.762676  0.408559  -0.859579  0.385300  0.335661  0.098583  -0.519490  0.848770  -0.001530  0.002558  0.001700  0.000000  0.000000  0.000000  1.000000  
164.382817 0.006794  -0.005569  -0.011322  0.501227  0.762755  0.408628  -0.859682  0.385143  0.335577  0.098583  -0.519490  0.848770  -0.001514  0.002677  0.001772  0.000000  0.000000  0.000000  1.000000  
164.384069 0.006791  -0.005564  -0.011318  0.501050  0.762785  0.408789  -0.859785  0.384945  0.335540  0.098583  -0.519593  0.848707  -0.001569  0.002775  0.001863  0.000000  0.000000  0.000000  1.000000  
164.385311 0.006788  -0.005561  -0.011312  0.500873  0.762864  0.408859  -0.859888  0.384788  0.335455  0.098583  -0.519593  0.848707  -0.001641  0.002752  0.002151  0.000000  0.000000  0.000000  1.000000  
164.386313 0.006786  -0.005558  -0.011302  0.500696  0.762893  0.409020  -0.859991  0.384590  0.335418  0.098583  -0.519696  0.848644  -0.001833  0.002864  0.002949  0.000000  0.000000  0.000000  1.000000  
164.387315 0.006784  -0.005555  -0.011292  0.500696  0.762893  0.409020  -0.859991  0.384590  0.335418  0.098583  -0.519696  0.848644  -0.001957  0.002990  0.003437  0.000000  0.000000  0.000000  1.000000  
164.388330 0.006783  -0.005550  -0.011285  0.500518  0.762923  0.409182  -0.860095  0.384392  0.335380  0.098583  -0.519799  0.848581  -0.001815  0.003180  0.003354  0.000000  0.000000  0.000000  1.000000  
164.389334 0.006782  -0.005545  -0.011282  0.500348  0.762967  0.409308  -0.860209  0.384295  0.335198  0.098450  -0.519806  0.848593  -0.001784  0.003318  0.003224  0.000000  0.000000  0.000000  1.000000  
164.390567 0.006781  -0.005539  -0.011282  0.500348  0.762967  0.409308  -0.860209  0.384295  0.335198  0.098450  -0.519806  0.848593  -0.001787  0.003542  0.003095  0.000000  0.000000  0.000000  1.000000  
164.391572 0.006779  -0.005533  -0.011281  0.500171  0.763046  0.409377  -0.860312  0.384138  0.335114  0.098450  -0.519806  0.848593  -0.001765  0.003777  0.003155  0.000000  0.000000  0.000000  1.000000  
164.392821 0.006776  -0.005528  -0.011276  0.500171  0.763096  0.409284  -0.860312  0.384179  0.335067  0.098450  -0.519703  0.848656  -0.001791  0.003837  0.003352  0.000000  0.000000  0.000000  1.000000  
164.394062 0.006775  -0.005520  -0.011266  0.499994  0.763175  0.409353  -0.860415  0.384022  0.334983  0.098450  -0.519703  0.848656  -0.001582  0.004111  0.004084  0.000000  0.000000  0.000000  1.000000  
164.395314 0.006776  -0.005513  -0.011252  0.499994  0.763175  0.409353  -0.860415  0.384022  0.334983  0.098450  -0.519703  0.848656  -0.001435  0.004260  0.004950  0.000000  0.000000  0.000000  1.000000  
164.396562 0.006774  -0.005505  -0.011238  0.499987  0.763210  0.409296  -0.860404  0.383962  0.335081  0.098583  -0.519696  0.848644  -0.001415  0.004547  0.005777  0.000000  0.000000  0.000000  1.000000  
164.397562 0.006772  -0.005499  -0.011227  0.499987  0.763210  0.409296  -0.860404  0.383962  0.335081  0.098583  -0.519696  0.848644  -0.001439  0.004690  0.006306  0.000000  0.000000  0.000000  1.000000  
164.398562 0.006771  -0.005493  -0.011220  0.499987  0.763210  0.409296  -0.860404  0.383962  0.335081  0.098583  -0.519696  0.848644  -0.001434  0.004862  0.006734  0.000000  0.000000  0.000000  1.000000  
164.399812 0.006769  -0.005487  -0.011210  0.499810  0.763289  0.409365  -0.860506  0.383805  0.334997  0.098583  -0.519696  0.848644  -0.001359  0.005038  0.006950  0.000000  0.000000  0.000000  1.000000  
164.401062 0.006769  -0.005480  -0.011204  0.499810  0.763289  0.409365  -0.860506  0.383805  0.334997  0.098583  -0.519696  0.848644  -0.001195  0.005252  0.006705  0.000000  0.000000  0.000000  1.000000  
164.402312 0.006767  -0.005472  -0.011200  0.499810  0.763339  0.409273  -0.860506  0.383845  0.334950  0.098583  -0.519593  0.848707  -0.001103  0.005482  0.006157  0.000000  0.000000  0.000000  1.000000  
164.403312 0.006766  -0.005466  -0.011198  0.499987  0.763260  0.409204  -0.860404  0.384002  0.335034  0.098583  -0.519593  0.848707  -0.001134  0.005589  0.005772  0.000000  0.000000  0.000000  1.000000  
164.404313 0.006765  -0.005461  -0.011198  0.499987  0.763260  0.409204  -0.860404  0.384002  0.335034  0.098583  -0.519593  0.848707  -0.001125  0.005647  0.005590  0.000000  0.000000  0.000000  1.000000  
164.405334 0.006764  -0.005455  -0.011197  0.499987  0.763260  0.409204  -0.860404  0.384002  0.335034  0.098583  -0.519593  0.848707  -0.001171  0.005693  0.005750  0.000000  0.000000  0.000000  1.000000  
164.406569 0.006762  -0.005448  -0.011191  0.499987  0.763309  0.409111  -0.860404  0.384043  0.334988  0.098583  -0.519490  0.848770  -0.001124  0.005697  0.005979  0.000000  0.000000  0.000000  1.000000  
164.407820 0.006761  -0.005441  -0.011180  0.499987  0.763309  0.409111  -0.860404  0.384043  0.334988  0.098583  -0.519490  0.848770  -0.001013  0.005764  0.006370  0.000000  0.000000  0.000000  1.000000  
164.408821 0.006760  -0.005435  -0.011170  0.499987  0.763359  0.409018  -0.860404  0.384084  0.334941  0.098583  -0.519387  0.848833  -0.001047  0.005748  0.006470  0.000000  0.000000  0.000000  1.000000  
164.410064 0.006758  -0.005428  -0.011160  0.499994  0.763324  0.409076  -0.860415  0.384144  0.334843  0.098450  -0.519394  0.848845  -0.001201  0.005787  0.006268  0.000000  0.000000  0.000000  1.000000  
164.411069 0.006757  -0.005421  -0.011154  0.500171  0.763294  0.408914  -0.860312  0.384341  0.334881  0.098450  -0.519291  0.848908  -0.001185  0.005775  0.005836  0.000000  0.000000  0.000000  1.000000  
164.412313 0.006755  -0.005415  -0.011149  0.500171  0.763344  0.408821  -0.860312  0.384382  0.334834  0.098450  -0.519188  0.848971  -0.001143  0.005739  0.005299  0.000000  0.000000  0.000000  1.000000  
164.413561 0.006754  -0.005407  -0.011147  0.500171  0.763443  0.408636  -0.860312  0.384463  0.334741  0.098450  -0.518982  0.849097  -0.001106  0.005758  0.004846  0.000000  0.000000  0.000000  1.000000  
164.414811 0.006754  -0.005399  -0.011144  0.500341  0.763448  0.408418  -0.860198  0.384601  0.334876  0.098583  -0.518872  0.849148  -0.001025  0.005869  0.004451  0.000000  0.000000  0.000000  1.000000  
164.415812 0.006754  -0.005392  -0.011138  0.500341  0.763498  0.408325  -0.860198  0.384642  0.334830  0.098583  -0.518769  0.849211  -0.001029  0.005954  0.004471  0.000000  0.000000  0.000000  1.000000  
164.417061 0.006753  -0.005384  -0.011130  0.500341  0.763548  0.408232  -0.860198  0.384682  0.334783  0.098583  -0.518666  0.849274  -0.000968  0.005994  0.004688  0.000000  0.000000  0.000000  1.000000  
164.418311 0.006752  -0.005377  -0.011122  0.500525  0.763483  0.408128  -0.860106  0.384940  0.334722  0.098450  -0.518570  0.849348  -0.000936  0.005955  0.005106  0.000000  0.000000  0.000000  1.000000  
164.419561 0.006751  -0.005370  -0.011113  0.500525  0.763582  0.407943  -0.860106  0.385021  0.334629  0.098450  -0.518364  0.849474  -0.000916  0.005944  0.005749  0.000000  0.000000  0.000000  1.000000  
164.420564 0.006750  -0.005364  -0.011105  0.500702  0.763552  0.407781  -0.860003  0.385219  0.334666  0.098450  -0.518261  0.849537  -0.000898  0.006031  0.006111  0.000000  0.000000  0.000000  1.000000  
164.421569 0.006750  -0.005357  -0.011096  0.500702  0.763602  0.407689  -0.860003  0.385260  0.334619  0.098450  -0.518158  0.849600  -0.000794  0.006041  0.006311  0.000000  0.000000  0.000000  1.000000  
164.422576 0.006750  -0.005351  -0.011089  0.500709  0.763616  0.407653  -0.860014  0.385360  0.334474  0.098317  -0.518062  0.849674  -0.000753  0.006085  0.006196  0.000000  0.000000  0.000000  1.000000  
164.423820 0.006751  -0.005344  -0.011082  0.500886  0.763586  0.407492  -0.859911  0.385558  0.334511  0.098317  -0.517959  0.849737  -0.000606  0.006101  0.005883  0.000000  0.000000  0.000000  1.000000  
164.425070 0.006751  -0.005337  -0.011079  0.501069  0.763521  0.407387  -0.859819  0.385816  0.334450  0.098184  -0.517862  0.849811  -0.000436  0.006093  0.005306  0.000000  0.000000  0.000000  1.000000  
164.426071 0.006752  -0.005331  -0.011079  0.501069  0.763571  0.407295  -0.859819  0.385856  0.334404  0.098184  -0.517759  0.849874  -0.000351  0.006063  0.004999  0.000000  0.000000  0.000000  1.000000  
164.427318 0.006751  -0.005323  -0.011075  0.501253  0.763555  0.407098  -0.859728  0.386154  0.334295  0.098050  -0.517560  0.850010  -0.000302  0.006075  0.005023  0.000000  0.000000  0.000000  1.000000  
164.428567 0.006751  -0.005316  -0.011066  0.501253  0.763654  0.406913  -0.859728  0.386235  0.334202  0.098050  -0.517354  0.850136  -0.000221  0.006049  0.005475  0.000000  0.000000  0.000000  1.000000  
164.429811 0.006753  -0.005308  -0.011054  0.501437  0.763589  0.406809  -0.859636  0.386493  0.334140  0.097917  -0.517258  0.850210  -0.000099  0.006069  0.005961  0.000000  0.000000  0.000000  1.000000  
164.430811 0.006753  -0.005301  -0.011042  0.501620  0.763573  0.406612  -0.859544  0.386791  0.334032  0.097784  -0.517058  0.850347  -0.000020  0.006042  0.006403  0.000000  0.000000  0.000000  1.000000  
164.432068 0.006753  -0.005294  -0.011027  0.501797  0.763592  0.406358  -0.859440  0.387029  0.334022  0.097784  -0.516852  0.850472  -0.000040  0.006027  0.006878  0.000000  0.000000  0.000000  1.000000  
164.433311 0.006752  -0.005286  -0.011014  0.501804  0.763656  0.406230  -0.859452  0.387170  0.333830  0.097651  -0.516652  0.850608  -0.000022  0.006097  0.007166  0.000000  0.000000  0.000000  1.000000  
164.434312 0.006751  -0.005279  -0.011006  0.501987  0.763640  0.406034  -0.859360  0.387468  0.333721  0.097518  -0.516453  0.850745  0.000040  0.006198  0.007257  0.000000  0.000000  0.000000  1.000000  
164.435561 0.006751  -0.005269  -0.010995  0.502171  0.763623  0.405837  -0.859268  0.387765  0.333612  0.097385  -0.516253  0.850881  0.000079  0.006306  0.007300  0.000000  0.000000  0.000000  1.000000  
164.436811 0.006751  -0.005260  -0.010986  0.502354  0.763607  0.405641  -0.859175  0.388063  0.333503  0.097251  -0.516053  0.851018  0.000061  0.006395  0.007230  0.000000  0.000000  0.000000  1.000000  
164.437811 0.006750  -0.005253  -0.010979  0.502538  0.763591  0.405444  -0.859083  0.388361  0.333394  0.097118  -0.515854  0.851154  -0.000032  0.006491  0.007234  0.000000  0.000000  0.000000  1.000000  
164.438828 0.006749  -0.005246  -0.010970  0.502551  0.763619  0.405374  -0.859106  0.388561  0.333104  0.096852  -0.515661  0.851301  -0.000090  0.006586  0.007535  0.000000  0.000000  0.000000  1.000000  
164.440073 0.006747  -0.005237  -0.010960  0.502734  0.763652  0.405085  -0.859013  0.388899  0.332947  0.096719  -0.515357  0.851500  -0.000294  0.006666  0.008083  0.000000  0.000000  0.000000  1.000000  
164.441315 0.006745  -0.005229  -0.010947  0.502924  0.763601  0.404946  -0.858932  0.389256  0.332740  0.096452  -0.515164  0.851647  -0.000455  0.006765  0.008873  0.000000  0.000000  0.000000  1.000000  
164.442319 0.006743  -0.005222  -0.010935  0.503107  0.763584  0.404750  -0.858840  0.389553  0.332630  0.096319  -0.514964  0.851783  -0.000597  0.006778  0.009358  0.000000  0.000000  0.000000  1.000000  
164.443566 0.006741  -0.005213  -0.010919  0.503120  0.763661  0.404588  -0.858862  0.389793  0.332292  0.096053  -0.514668  0.851992  -0.000674  0.006877  0.009793  0.000000  0.000000  0.000000  1.000000  
164.444816 0.006738  -0.005204  -0.010905  0.503310  0.763659  0.404357  -0.858780  0.390190  0.332036  0.095787  -0.514371  0.852202  -0.000961  0.006896  0.009910  -0.194191  -0.023519  -0.143181  1.000000  
164.446061 0.006736  -0.005196  -0.010892  0.503500  0.763607  0.404218  -0.858699  0.390546  0.331828  0.095520  -0.514177  0.852348  -0.001162  0.006986  0.009712  -0.198969  -0.027665  -0.153766  1.000000  
164.447061 0.006734  -0.005188  -0.010884  0.503513  0.763635  0.404148  -0.858721  0.390745  0.331537  0.095254  -0.513984  0.852495  -0.001268  0.007069  0.009539  -0.203014  -0.035379  -0.158415  1.000000  
164.448069 0.006731  -0.005181  -0.010877  0.503519  0.763699  0.404021  -0.858732  0.390885  0.331343  0.095121  -0.513783  0.852630  -0.001401  0.007113  0.009293  -0.206368  -0.038972  -0.152494  1.000000  
164.449312 0.006728  -0.005171  -0.010868  0.503709  0.763695  0.403790  -0.858650  0.391281  0.331087  0.094854  -0.513486  0.852839  -0.001533  0.007191  0.009224  -0.211149  -0.043148  -0.163072  1.000000  
164.450618 0.006725  -0.005162  -0.010855  0.503722  0.763724  0.403720  -0.858672  0.391480  0.330796  0.094588  -0.513292  0.852985  -0.001745  0.007135  0.009357  -0.214120  -0.054332  -0.161518  1.000000  
164.451814 0.006721  -0.005152  -0.010839  0.503905  0.763755  0.403432  -0.858579  0.391817  0.330638  0.094455  -0.512988  0.853183  -0.001991  0.007216  0.009859  -0.221595  -0.054325  -0.168704  1.000000  
164.453061 0.006717  -0.005142  -0.010821  0.503918  0.763833  0.403270  -0.858601  0.392056  0.330298  0.094188  -0.512691  0.853391  -0.002260  0.007302  0.010441  -0.228967  -0.061711  -0.165132  1.000000  
164.454061 0.006713  -0.005133  -0.010807  0.503930  0.763861  0.403200  -0.858623  0.392254  0.330006  0.093922  -0.512497  0.853537  -0.002406  0.007368  0.010807  -0.232964  -0.069365  -0.169717  1.000000  
164.455087 0.006710  -0.005125  -0.010793  0.503937  0.763973  0.402980  -0.858633  0.392433  0.329765  0.093789  -0.512193  0.853734  -0.002513  0.007486  0.011211  -0.238111  -0.073499  -0.165082  1.000000  
164.456094 0.006706  -0.005115  -0.010778  0.504126  0.763969  0.402750  -0.858551  0.392829  0.329508  0.093522  -0.511895  0.853942  -0.002613  0.007649  0.011452  -0.246821  -0.077644  -0.175543  1.000000  
164.457319 0.006701  -0.005104  -0.010762  0.504139  0.764095  0.402495  -0.858573  0.393106  0.329120  0.093256  -0.511493  0.854212  -0.002885  0.007881  0.011571  -0.258602  -0.085179  -0.172117  1.000000  
164.458572 0.006697  -0.005093  -0.010747  0.504328  0.764140  0.402172  -0.858491  0.393541  0.328815  0.092989  -0.511092  0.854481  -0.002997  0.008061  0.011492  -0.266692  -0.089077  -0.174383  1.000000  
164.459818 0.006693  -0.005080  -0.010734  0.504341  0.764266  0.401917  -0.858512  0.393819  0.328427  0.092723  -0.510690  0.854751  -0.003034  0.008298  0.011373  -0.274834  -0.096842  -0.178997  1.000000  
164.460821 0.006690  -0.005071  -0.010725  0.504347  0.764378  0.401697  -0.858523  0.393997  0.328185  0.092590  -0.510385  0.854947  -0.003162  0.008434  0.011326  -0.282284  -0.100429  -0.173058  1.000000  
164.462064 0.006685  -0.005059  -0.010712  0.504536  0.764422  0.401375  -0.858440  0.394431  0.327879  0.092323  -0.509983  0.855216  -0.003215  0.008617  0.011604  -0.288156  -0.107350  -0.176273  1.000000  
164.463311 0.006682  -0.005048  -0.010696  0.504726  0.764467  0.401052  -0.858357  0.394865  0.327573  0.092057  -0.509580  0.855484  -0.003279  0.008745  0.012067  -0.298654  -0.112148  -0.180000  1.000000  
164.464314 0.006679  -0.005038  -0.010681  0.504738  0.764592  0.400797  -0.858379  0.395142  0.327184  0.091790  -0.509178  0.855753  -0.003262  0.008913  0.012467  -0.306758  -0.116056  -0.182259  1.000000  
164.465561 0.006676  -0.005028  -0.010662  0.504927  0.764636  0.400475  -0.858296  0.395575  0.326877  0.091524  -0.508775  0.856021  -0.003323  0.008964  0.012924  -0.310838  -0.119996  -0.184540  1.000000  
164.466811 0.006672  -0.005016  -0.010643  0.505116  0.764680  0.400153  -0.858213  0.396008  0.326570  0.091257  -0.508372  0.856288  -0.003290  0.009033  0.013035  -0.320387  -0.122886  -0.185279  1.000000  
164.467811 0.006669  -0.005007  -0.010630  0.505305  0.764723  0.399831  -0.858130  0.396441  0.326262  0.090991  -0.507969  0.856556  -0.003261  0.009067  0.012952  -0.328454  -0.126778  -0.187529  1.000000  
164.468811 0.006666  -0.004998  -0.010618  0.505494  0.764767  0.399509  -0.858047  0.396874  0.325955  0.090724  -0.507566  0.856823  -0.003189  0.009185  0.012770  -0.337353  -0.123405  -0.193457  1.000000  
164.470063 0.006662  -0.004986  -0.010605  0.505683  0.764810  0.399187  -0.857964  0.397307  0.325647  0.090458  -0.507162  0.857090  -0.003156  0.009289  0.012525  -0.341304  -0.127288  -0.195656  1.000000  
164.471318 0.006659  -0.004973  -0.010591  0.505878  0.764866  0.398831  -0.857891  0.397837  0.325191  0.090058  -0.506661  0.857429  -0.003019  0.009328  0.012264  -0.352129  -0.132251  -0.199455  1.000000  
164.472335 0.006657  -0.004963  -0.010580  0.506067  0.764957  0.398417  -0.857807  0.398308  0.324834  0.089792  -0.506153  0.857757  -0.002936  0.009340  0.012123  -0.364130  -0.132261  -0.199291  1.000000  
164.473570 0.006654  -0.004950  -0.010564  0.506433  0.765014  0.397843  -0.857620  0.398976  0.324510  0.089525  -0.505541  0.858146  -0.002864  0.009483  0.012180  -0.377063  -0.128874  -0.205187  1.000000  
164.474573 0.006651  -0.004940  -0.010551  0.506627  0.765070  0.397488  -0.857546  0.399505  0.324053  0.089125  -0.505038  0.858483  -0.002881  0.009541  0.012401  -0.389955  -0.133176  -0.215685  1.000000  
164.475819 0.006647  -0.004927  -0.010532  0.506816  0.765256  0.396888  -0.857462  0.400053  0.323598  0.088859  -0.504321  0.858932  -0.002825  0.009621  0.012835  -0.410297  -0.133290  -0.215611  1.000000  
164.476822 0.006644  -0.004917  -0.010517  0.507187  0.765229  0.396467  -0.857284  0.400739  0.323222  0.088459  -0.503818  0.859268  -0.002821  0.009658  0.013170  -0.423730  -0.130195  -0.229683  1.000000  
164.477828 0.006642  -0.004906  -0.010502  0.507382  0.765284  0.396112  -0.857210  0.401266  0.322763  0.088059  -0.503315  0.859604  -0.002763  0.009719  0.013374  -0.436564  -0.134506  -0.240150  1.000000  
164.478839 0.006639  -0.004896  -0.010487  0.507570  0.765373  0.395698  -0.857126  0.401735  0.322403  0.087793  -0.502806  0.859930  -0.002776  0.009794  0.013452  -0.448470  -0.138382  -0.242231  1.000000  
164.480074 0.006636  -0.004884  -0.010470  0.507764  0.765475  0.395251  -0.857052  0.402301  0.321895  0.087393  -0.502197  0.860326  -0.002783  0.009871  0.013325  -0.461528  -0.138944  -0.250511  1.000000  
164.481326 0.006631  -0.004872  -0.010454  0.507959  0.765625  0.394711  -0.856977  0.402905  0.321337  0.086993  -0.501484  0.860782  -0.002809  0.009901  0.013057  -0.481816  -0.142935  -0.252708  1.000000  
164.482345 0.006628  -0.004862  -0.010444  0.508153  0.765678  0.394357  -0.856903  0.403430  0.320877  0.086593  -0.500980  0.861116  -0.002797  0.009948  0.012857  -0.494281  -0.147169  -0.262971  1.000000  
164.483578 0.006625  -0.004850  -0.010432  0.508347  0.765827  0.393817  -0.856828  0.404033  0.320318  0.086193  -0.500266  0.861571  -0.002777  0.010001  0.012628  -0.511527  -0.147805  -0.271301  1.000000  
164.484815 0.006621  -0.004838  -0.010419  0.508541  0.765928  0.393370  -0.856753  0.404596  0.319807  0.085793  -0.499656  0.861965  -0.002830  0.010000  0.012615  -0.520882  -0.148521  -0.279776  1.000000  
164.485827 0.006617  -0.004829  -0.010406  0.508729  0.766063  0.392865  -0.856668  0.405101  0.319395  0.085527  -0.499040  0.862348  -0.002888  0.009923  0.012763  -0.532303  -0.151151  -0.279436  1.000000  
164.487080 0.006613  -0.004818  -0.010389  0.508923  0.766163  0.392418  -0.856593  0.405663  0.318883  0.085127  -0.498429  0.862741  -0.002988  0.009854  0.012912  -0.541143  -0.149040  -0.287490  1.000000  
164.488109 0.006609  -0.004808  -0.010375  0.509117  0.766263  0.391972  -0.856517  0.406225  0.318370  0.084727  -0.497818  0.863133  -0.003052  0.009758  0.013031  -0.553411  -0.153311  -0.297624  1.000000  
164.489316 0.006604  -0.004797  -0.010356  0.509310  0.766409  0.391433  -0.856441  0.406824  0.317808  0.084327  -0.497102  0.863585  -0.003156  0.009710  0.013201  -0.565780  -0.156297  -0.297778  1.000000  
164.490324 0.006600  -0.004788  -0.010343  0.509504  0.766508  0.390987  -0.856366  0.407385  0.317294  0.083927  -0.496490  0.863975  -0.003271  0.009616  0.013118  -0.578915  -0.158097  -0.308238  1.000000  
164.491572 0.006595  -0.004776  -0.010326  0.509697  0.766702  0.390355  -0.856290  0.408021  0.316681  0.083527  -0.495668  0.864486  -0.003302  0.009565  0.013050  -0.595171  -0.162204  -0.310406  1.000000  
164.492583 0.006591  -0.004766  -0.010313  0.509714  0.766884  0.389975  -0.856318  0.408422  0.316086  0.083127  -0.495056  0.864876  -0.003365  0.009493  0.012863  -0.603035  -0.170088  -0.314723  1.000000  
164.493818 0.006586  -0.004755  -0.010299  0.509913  0.767043  0.389402  -0.856251  0.409114  0.315371  0.082593  -0.494238  0.865394  -0.003493  0.009447  0.012536  -0.619771  -0.178226  -0.319397  1.000000  
164.494832 0.006583  -0.004745  -0.010287  0.510101  0.767221  0.388804  -0.856165  0.409653  0.314905  0.082327  -0.493514  0.865833  -0.003592  0.009384  0.012398  -0.635567  -0.178287  -0.319060  1.000000  
164.495842 0.006580  -0.004736  -0.010275  0.510118  0.767450  0.388331  -0.856194  0.410090  0.314258  0.081927  -0.492795  0.866280  -0.003574  0.009359  0.012326  -0.646914  -0.185784  -0.315144  1.000000  
164.497070 0.006575  -0.004725  -0.010259  0.510311  0.767640  0.387699  -0.856117  0.410723  0.313641  0.081527  -0.491971  0.866786  -0.003623  0.009330  0.012532  -0.664205  -0.186569  -0.323451  1.000000  
164.498074 0.006571  -0.004716  -0.010244  0.510504  0.767784  0.387161  -0.856040  0.411316  0.313073  0.081127  -0.491250  0.867232  -0.003687  0.009259  0.012886  -0.676264  -0.190642  -0.325534  1.000000  
164.499096 0.006567  -0.004707  -0.010229  0.510697  0.767927  0.386623  -0.855963  0.411909  0.312504  0.080726  -0.490530  0.867677  -0.003751  0.009249  0.013353  -0.687889  -0.194596  -0.327407  1.000000  
164.500332 0.006563  -0.004697  -0.010208  0.510713  0.768201  0.386057  -0.855990  0.412381  0.311805  0.080326  -0.489704  0.868181  -0.003761  0.009090  0.013687  -0.703361  -0.205735  -0.317783  1.000000  
164.501572 0.006559  -0.004686  -0.010189  0.510912  0.768403  0.385392  -0.855922  0.413104  0.311035  0.079793  -0.488777  0.868752  -0.003737  0.009043  0.013814  -0.720299  -0.210105  -0.320180  1.000000  
164.502839 0.006555  -0.004677  -0.010172  0.511104  0.768591  0.384761  -0.855844  0.413732  0.310413  0.079393  -0.487949  0.869254  -0.003659  0.008928  0.013784  -0.727944  -0.214141  -0.322048  1.000000  
164.504100 0.006551  -0.004667  -0.010157  0.511302  0.768791  0.384097  -0.855775  0.414453  0.309641  0.078859  -0.487020  0.869823  -0.003593  0.008777  0.013486  -0.734829  -0.221599  -0.317844  1.000000  
164.505336 0.006547  -0.004657  -0.010142  0.511494  0.769025  0.383373  -0.855697  0.415116  0.308967  0.078459  -0.486086  0.870382  -0.003524  0.008647  0.013358  -0.743272  -0.222014  -0.317790  1.000000  
164.506583 0.006543  -0.004649  -0.010127  0.511692  0.769224  0.382709  -0.855628  0.415835  0.308193  0.077926  -0.485156  0.870949  -0.003458  0.008457  0.013207  -0.754408  -0.228541  -0.319907  1.000000  
164.507821 0.006539  -0.004639  -0.010111  0.512066  0.769290  0.382075  -0.855453  0.416673  0.307546  0.077392  -0.484331  0.871455  -0.003396  0.008328  0.013286  -0.761810  -0.228628  -0.319465  1.000000  
164.509093 0.006535  -0.004630  -0.010094  0.512258  0.769521  0.381351  -0.855374  0.417333  0.306869  0.076992  -0.483394  0.872011  -0.003319  0.008102  0.013452  -0.775771  -0.230701  -0.321711  1.000000  
164.510330 0.006532  -0.004621  -0.010074  0.512455  0.769719  0.380688  -0.855304  0.418048  0.306091  0.076458  -0.482462  0.872574  -0.003305  0.008041  0.013921  -0.783239  -0.238312  -0.317702  1.000000  
164.511570 0.006527  -0.004613  -0.010054  0.512828  0.769875  0.379869  -0.855127  0.418957  0.305339  0.075925  -0.481423  0.873194  -0.003313  0.007776  0.014144  -0.796255  -0.235330  -0.323588  1.000000  
164.512586 0.006524  -0.004606  -0.010037  0.513020  0.770012  0.379332  -0.855048  0.419540  0.304761  0.075524  -0.480696  0.873629  -0.003288  0.007613  0.014332  -0.803932  -0.239352  -0.325464  1.000000  
164.513607 0.006521  -0.004599  -0.010020  0.513211  0.770194  0.378703  -0.854968  0.420159  0.304131  0.075124  -0.479862  0.874122  -0.003233  0.007481  0.014435  -0.815454  -0.243328  -0.327230  1.000000  
164.514818 0.006517  -0.004590  -0.010001  0.513584  0.770347  0.377885  -0.854791  0.421065  0.303375  0.074590  -0.478821  0.874738  -0.003197  0.007384  0.014442  -0.829286  -0.240616  -0.333451  1.000000  
164.516087 0.006513  -0.004581  -0.009983  0.513775  0.770620  0.377068  -0.854711  0.421756  0.302641  0.074190  -0.477774  0.875345  -0.003167  0.007289  0.014278  -0.843157  -0.239467  -0.338638  1.000000  
164.517318 0.006508  -0.004574  -0.009965  0.514147  0.770817  0.376157  -0.854533  0.422695  0.301831  0.073656  -0.476624  0.876016  -0.003238  0.007109  0.014228  -0.860176  -0.240486  -0.346687  1.000000  
164.518568 0.006504  -0.004565  -0.009948  0.514514  0.771045  0.375186  -0.854347  0.423578  0.301119  0.073256  -0.475469  0.876677  -0.003272  0.007019  0.014294  -0.876172  -0.240831  -0.346385  1.000000  
164.519819 0.006499  -0.004558  -0.009930  0.514881  0.771227  0.374308  -0.854160  0.424424  0.300458  0.072856  -0.474419  0.877279  -0.003282  0.006896  0.014610  -0.892442  -0.236019  -0.352989  1.000000  
164.521087 0.006493  -0.004550  -0.009910  0.515077  0.771462  0.373553  -0.854087  0.425164  0.299617  0.072322  -0.473373  0.877888  -0.003395  0.006758  0.014906  -0.899888  -0.232746  -0.358314  1.000000  
164.522089 0.006489  -0.004544  -0.009893  0.515439  0.771629  0.372709  -0.853892  0.425917  0.299105  0.072055  -0.472424  0.878421  -0.003449  0.006683  0.015216  -0.912445  -0.225759  -0.361899  1.000000  
164.523093 0.006485  -0.004539  -0.009875  0.515629  0.771849  0.371988  -0.853810  0.426564  0.298415  0.071655  -0.471478  0.878962  -0.003604  0.006587  0.015678  -0.920648  -0.230070  -0.363912  1.000000  
164.524094 0.006480  -0.004534  -0.009857  0.515996  0.771936  0.371298  -0.853622  0.427333  0.297851  0.071254  -0.470639  0.879444  -0.003708  0.006421  0.015744  -0.929415  -0.223616  -0.375646  1.000000  
164.525326 0.006473  -0.004526  -0.009837  0.516186  0.772246  0.370390  -0.853541  0.428050  0.297055  0.070854  -0.469478  0.880097  -0.003895  0.006324  0.015772  -0.941931  -0.223150  -0.373944  1.000000  
164.526331 0.006468  -0.004521  -0.009822  0.516377  0.772419  0.369762  -0.853459  0.428658  0.296413  0.070453  -0.468637  0.880577  -0.004019  0.006171  0.015724  -0.942752  -0.226648  -0.374646  1.000000  
164.527569 0.006461  -0.004514  -0.009803  0.516743  0.772638  0.368792  -0.853270  0.429532  0.295690  0.070053  -0.467475  0.881226  -0.004162  0.006101  0.015629  -0.955543  -0.221853  -0.381546  1.000000  
164.528581 0.006457  -0.004508  -0.009789  0.516928  0.772842  0.368104  -0.853180  0.430085  0.295147  0.069786  -0.466629  0.881696  -0.004283  0.006043  0.015458  -0.959619  -0.214835  -0.385065  1.000000  
164.529838 0.006449  -0.004501  -0.009770  0.517299  0.773026  0.367196  -0.852998  0.431010  0.294320  0.069252  -0.465469  0.882351  -0.004516  0.005927  0.015409  -0.971456  -0.211796  -0.390567  1.000000  
164.531072 0.006442  -0.004494  -0.009749  0.517664  0.773196  0.366321  -0.852809  0.431844  0.293645  0.068852  -0.464411  0.882939  -0.004722  0.005871  0.015561  -0.976919  -0.209153  -0.396781  1.000000  
164.532329 0.006435  -0.004486  -0.009727  0.518029  0.773366  0.365446  -0.852619  0.432677  0.292968  0.068451  -0.463353  0.883526  -0.004904  0.005817  0.015897  -0.980716  -0.202220  -0.400192  1.000000  
164.533568 0.006428  -0.004479  -0.009704  0.518219  0.773667  0.364538  -0.852536  0.433386  0.292163  0.068051  -0.462186  0.884168  -0.005107  0.005769  0.016349  -0.993470  -0.201106  -0.396986  1.000000  
164.534818 0.006419  -0.004471  -0.009679  0.518584  0.773922  0.363476  -0.852346  0.434287  0.291378  0.067650  -0.460911  0.884864  -0.005314  0.005782  0.016738  -1.006538  -0.196161  -0.404087  1.000000  
164.535839 0.006413  -0.004465  -0.009658  0.518774  0.774133  0.362756  -0.852262  0.434922  0.290674  0.067250  -0.459958  0.885391  -0.005485  0.005772  0.017043  -1.013882  -0.198722  -0.402533  1.000000  
164.537066 0.006404  -0.004458  -0.009634  0.519143  0.774353  0.361756  -0.852079  0.435873  0.289785  0.066716  -0.458685  0.886091  -0.005702  0.005805  0.017297  -1.026919  -0.196095  -0.408539  1.000000  
164.538080 0.006398  -0.004452  -0.009615  0.519328  0.774594  0.360975  -0.851988  0.436454  0.289181  0.066449  -0.457725  0.886607  -0.005824  0.005807  0.017342  -1.037605  -0.194624  -0.410486  1.000000  
164.539080 0.006391  -0.004446  -0.009597  0.519693  0.774712  0.360195  -0.851796  0.437245  0.288548  0.066048  -0.456769  0.887130  -0.005934  0.005860  0.017371  -1.043013  -0.193578  -0.414051  1.000000  
164.540084 0.006384  -0.004439  -0.009580  0.519882  0.774919  0.359476  -0.851712  0.437875  0.287841  0.065648  -0.455813  0.887651  -0.006034  0.005897  0.017451  -1.051041  -0.191575  -0.414969  1.000000  
164.541342 0.006374  -0.004432  -0.009557  0.520246  0.775210  0.358321  -0.851520  0.438803  0.286993  0.065247  -0.454425  0.888392  -0.006252  0.005988  0.017746  -1.062507  -0.188065  -0.412353  1.000000  
164.542570 0.006365  -0.004424  -0.009534  0.520610  0.775455  0.357260  -0.851328  0.439695  0.286197  0.064847  -0.453143  0.889076  -0.006421  0.005976  0.018027  -1.075603  -0.183999  -0.415286  1.000000  
164.543589 0.006358  -0.004418  -0.009513  0.520799  0.775659  0.356541  -0.851243  0.440322  0.285485  0.064446  -0.452184  0.889593  -0.006583  0.006015  0.018397  -1.079648  -0.184443  -0.415146  1.000000  
164.544846 0.006348  -0.004410  -0.009486  0.521168  0.775869  0.355543  -0.851058  0.441262  0.284584  0.063912  -0.450904  0.890281  -0.006751  0.006056  0.018967  -1.086929  -0.186316  -0.417743  1.000000  
164.546087 0.006338  -0.004403  -0.009458  0.521531  0.776110  0.354484  -0.850865  0.442149  0.283782  0.063512  -0.449619  0.890960  -0.006915  0.006029  0.019478  -1.095025  -0.182903  -0.415445  1.000000  
164.547323 0.006328  -0.004395  -0.009429  0.521895  0.776306  0.353518  -0.850672  0.443001  0.283033  0.063111  -0.448441  0.891581  -0.007153  0.006102  0.019856  -1.095482  -0.183550  -0.415423  1.000000  
164.548330 0.006319  -0.004388  -0.009406  0.522258  0.776457  0.352647  -0.850479  0.443817  0.282335  0.062710  -0.447371  0.892147  -0.007332  0.006139  0.020165  -1.099719  -0.180799  -0.421263  1.000000  
164.549567 0.006309  -0.004380  -0.009378  0.522626  0.776619  0.351745  -0.850292  0.444716  0.281480  0.062176  -0.446195  0.892773  -0.007468  0.006175  0.020378  -1.104256  -0.185420  -0.423344  1.000000  
164.550576 0.006301  -0.004374  -0.009356  0.522814  0.776860  0.350933  -0.850205  0.445370  0.280707  0.061776  -0.445123  0.893336  -0.007595  0.006218  0.020497  -1.111201  -0.188251  -0.421725  1.000000  
164.551814 0.006290  -0.004365  -0.009328  0.523356  0.776970  0.349880  -0.849910  0.446460  0.279867  0.061241  -0.443837  0.894013  -0.007761  0.006292  0.020675  -1.117256  -0.182747  -0.434124  1.000000  
164.552848 0.006280  -0.004359  -0.009306  0.523544  0.777209  0.349068  -0.849824  0.447110  0.279092  0.060841  -0.442763  0.894572  -0.007935  0.006317  0.020941  -1.120339  -0.187729  -0.430767  1.000000  
164.554065 0.006269  -0.004350  -0.009276  0.524086  0.777315  0.348016  -0.849528  0.448198  0.278248  0.060307  -0.441475  0.895245  -0.008129  0.006416  0.021385  -1.128792  -0.187733  -0.435592  1.000000  
164.555083 0.006259  -0.004343  -0.009252  0.524448  0.777417  0.347241  -0.849332  0.448972  0.277595  0.059906  -0.440508  0.895748  -0.008342  0.006384  0.021889  -1.129054  -0.186457  -0.444633  1.000000  
164.556091 0.006249  -0.004336  -0.009224  0.524811  0.777560  0.346373  -0.849137  0.449778  0.276887  0.059505  -0.439431  0.896303  -0.008526  0.006468  0.022550  -1.137439  -0.183782  -0.450548  1.000000  
164.557323 0.006236  -0.004328  -0.009190  0.525177  0.777713  0.345474  -0.848947  0.450667  0.276021  0.058971  -0.438249  0.896917  -0.008791  0.006546  0.023269  -1.137515  -0.188422  -0.452441  1.000000  
164.558333 0.006225  -0.004322  -0.009163  0.525539  0.777811  0.344701  -0.848751  0.451438  0.275364  0.058570  -0.437280  0.897416  -0.008988  0.006535  0.023686  -1.142006  -0.189779  -0.460477  1.000000  
164.559580 0.006212  -0.004313  -0.009129  0.526079  0.777910  0.343652  -0.848453  0.452517  0.274510  0.058036  -0.435987  0.898080  -0.009261  0.006575  0.024238  -1.149031  -0.189645  -0.464579  1.000000  
164.560818 0.006197  -0.004305  -0.009096  0.526619  0.778048  0.342510  -0.848154  0.453628  0.273599  0.057502  -0.434584  0.898794  -0.009510  0.006631  0.024522  -1.157613  -0.191248  -0.472524  1.000000  
164.562095 0.006183  -0.004296  -0.009065  0.526985  0.778195  0.341613  -0.847963  0.454510  0.272726  0.056967  -0.433397  0.899401  -0.009770  0.006666  0.024691  -1.162271  -0.193380  -0.475903  1.000000  
164.563335 0.006168  -0.004288  -0.009033  0.527524  0.778288  0.340566  -0.847663  0.455583  0.271865  0.056433  -0.432101  0.900058  -0.010119  0.006647  0.024912  -1.166969  -0.191858  -0.489967  1.000000  
164.564565 0.006153  -0.004280  -0.009000  0.527893  0.778484  0.339545  -0.847478  0.456577  0.270774  0.055765  -0.430697  0.900772  -0.010406  0.006687  0.025151  -1.169914  -0.199032  -0.489920  1.000000  
164.565578 0.006140  -0.004274  -0.008973  0.528254  0.778616  0.338681  -0.847279  0.457372  0.270053  0.055364  -0.429614  0.901314  -0.010720  0.006629  0.025576  -1.176295  -0.198309  -0.500119  1.000000  
164.566830 0.006124  -0.004266  -0.008937  0.528793  0.778745  0.337542  -0.846978  0.458473  0.269130  0.054830  -0.428205  0.902017  -0.011062  0.006654  0.026127  -1.179625  -0.195829  -0.505600  1.000000  
164.567830 0.006111  -0.004259  -0.008909  0.529157  0.778803  0.336837  -0.846785  0.459281  0.268358  0.054296  -0.427232  0.902510  -0.011334  0.006633  0.026503  -1.180434  -0.201467  -0.515805  1.000000  
164.568832 0.006097  -0.004253  -0.008877  0.529517  0.778971  0.335880  -0.846586  0.460104  0.267576  0.053895  -0.426037  0.903099  -0.011629  0.006543  0.027016  -1.187511  -0.197391  -0.517649  1.000000  
164.570085 0.006080  -0.004244  -0.008840  0.529885  0.779160  0.334862  -0.846398  0.461087  0.266476  0.053227  -0.424628  0.903802  -0.011976  0.006582  0.027429  -1.191638  -0.206787  -0.516974  1.000000  
164.571331 0.006062  -0.004237  -0.008802  0.530422  0.779281  0.333726  -0.846094  0.462180  0.265544  0.052692  -0.423214  0.904496  -0.012302  0.006533  0.027717  -1.195538  -0.207944  -0.529071  1.000000  
164.572336 0.006047  -0.004230  -0.008773  0.530782  0.779405  0.332864  -0.845894  0.462967  0.264813  0.052291  -0.422125  0.905028  -0.012560  0.006490  0.027823  -1.196258  -0.210221  -0.532793  1.000000  
164.573567 0.006028  -0.004222  -0.008736  0.531319  0.779483  0.331824  -0.845589  0.464024  0.263933  0.051757  -0.420819  0.905667  -0.012944  0.006536  0.028066  -1.200558  -0.207421  -0.543054  1.000000  
164.574822 0.006010  -0.004214  -0.008700  0.531856  0.779598  0.330690  -0.845284  0.465111  0.262995  0.051222  -0.419402  0.906354  -0.013311  0.006492  0.028221  -1.204927  -0.205274  -0.548985  1.000000  
164.575833 0.005994  -0.004208  -0.008670  0.532218  0.779728  0.329800  -0.845088  0.465972  0.262099  0.050688  -0.418204  0.906938  -0.013527  0.006473  0.028390  -1.209905  -0.211667  -0.554874  1.000000  
164.577087 0.005975  -0.004200  -0.008632  0.532755  0.779800  0.328763  -0.844782  0.467024  0.261212  0.050153  -0.416895  0.907570  -0.013908  0.006417  0.028822  -1.213437  -0.213363  -0.562419  1.000000  
164.578388 0.005954  -0.004193  -0.008593  0.533290  0.779910  0.327631  -0.844476  0.468105  0.260267  0.049619  -0.415474  0.908251  -0.014247  0.006295  0.029252  -1.215199  -0.210796  -0.567178  1.000000  
164.579595 0.005934  -0.004185  -0.008552  0.533823  0.780007  0.326530  -0.844163  0.469105  0.259478  0.049218  -0.414160  0.908872  -0.014641  0.006287  0.029891  -1.217816  -0.205008  -0.572310  1.000000  
164.580814 0.005912  -0.004177  -0.008511  0.534358  0.780113  0.325400  -0.843855  0.470183  0.258528  0.048683  -0.412737  0.909548  -0.014947  0.006298  0.030307  -1.224705  -0.205252  -0.575706  1.000000  
164.581835 0.005896  -0.004171  -0.008478  0.534716  0.780225  0.324543  -0.843652  0.470957  0.257782  0.048283  -0.411642  0.910066  -0.015251  0.006262  0.030697  -1.222759  -0.203750  -0.578431  1.000000  
164.583084 0.005874  -0.004164  -0.008437  0.535250  0.780366  0.323320  -0.843343  0.472061  0.256770  0.047748  -0.410106  0.910787  -0.015538  0.006251  0.030905  -1.230386  -0.201596  -0.584053  1.000000  
164.584314 0.005853  -0.004156  -0.008397  0.535958  0.780368  0.322140  -0.842923  0.473293  0.255879  0.047213  -0.408680  0.911456  -0.015840  0.006209  0.031129  -1.237292  -0.202992  -0.595330  1.000000  
164.585318 0.005835  -0.004150  -0.008365  0.536315  0.780514  0.321190  -0.842718  0.474093  0.255071  0.046812  -0.407471  0.912017  -0.016063  0.006203  0.031151  -1.241340  -0.203777  -0.595169  1.000000  
164.586577 0.005812  -0.004143  -0.008326  0.537023  0.780512  0.320012  -0.842297  0.475321  0.254174  0.046278  -0.406043  0.912682  -0.016446  0.006100  0.031350  -1.245441  -0.201763  -0.601051  1.000000  
164.587584 0.005794  -0.004137  -0.008293  0.537379  0.780616  0.319158  -0.842092  0.476088  0.253420  0.045877  -0.404943  0.913190  -0.016655  0.006073  0.031479  -1.250836  -0.200023  -0.603580  1.000000  
