1-Time 2-Px 3-Py 4-Pz 5-R11 6-R21 7-R31 8-R12 9-R22 10-R32 11-R13 12-R23 13-R33 14-Vx 15-Vy 16-Vz 17-Wx 18-Wy 19-Wz 20-state
94.422042 0.003385  0.021271  -0.000633  0.926856  0.208064  -0.312487  -0.231722  0.971953  -0.040143  0.295370  0.109617  0.949074  -0.003457  0.004733  -0.005735  0.000000  0.000000  0.000000  1.000000  
94.423129 0.003384  0.021275  -0.000636  0.926894  0.208078  -0.312363  -0.231731  0.971950  -0.040174  0.295242  0.109622  0.949113  -0.001469  0.005426  -0.004585  0.000000  0.000000  0.000000  1.000000  
94.424133 0.003379  0.021273  -0.000640  0.926894  0.208078  -0.312363  -0.231731  0.971950  -0.040174  0.295242  0.109622  0.949113  -0.003340  0.000989  -0.004335  0.000000  0.000000  0.000000  1.000000  
94.425394 0.003371  0.021264  -0.000643  0.926894  0.208078  -0.312363  -0.231731  0.971950  -0.040174  0.295242  0.109622  0.949113  -0.004675  -0.002537  -0.003616  0.000000  0.000000  0.000000  1.000000  
94.426633 0.003364  0.021258  -0.000648  0.926894  0.208040  -0.312389  -0.231731  0.971945  -0.040292  0.295242  0.109737  0.949100  -0.004945  -0.003161  -0.003644  0.000000  0.000000  0.000000  1.000000  
94.427900 0.003358  0.021255  -0.000653  0.926856  0.208064  -0.312487  -0.231722  0.971953  -0.040143  0.295370  0.109617  0.949074  -0.004900  -0.002921  -0.003690  0.000000  0.000000  0.000000  1.000000  
94.429131 0.003351  0.021251  -0.000658  0.926856  0.208064  -0.312487  -0.231722  0.971953  -0.040143  0.295370  0.109617  0.949074  -0.005094  -0.003083  -0.003848  0.000000  0.000000  0.000000  1.000000  
94.430145 0.003346  0.021245  -0.000663  0.926903  0.207864  -0.312478  -0.231531  0.971996  -0.040208  0.295370  0.109617  0.949074  -0.005038  -0.003370  -0.003890  0.000000  0.000000  0.000000  1.000000  
94.431393 0.003341  0.021239  -0.000667  0.926903  0.207826  -0.312504  -0.231531  0.971991  -0.040326  0.295370  0.109732  0.949060  -0.004852  -0.003596  -0.003860  0.000000  0.000000  0.000000  1.000000  
94.432653 0.003338  0.021232  -0.000672  0.926989  0.207640  -0.312372  -0.231350  0.972031  -0.040421  0.295242  0.109737  0.949100  -0.004567  -0.003806  -0.003799  0.000000  0.000000  0.000000  1.000000  
94.433903 0.003333  0.021223  -0.000676  0.926989  0.207640  -0.312372  -0.231350  0.972031  -0.040421  0.295242  0.109737  0.949100  -0.004473  -0.004205  -0.003789  0.000000  0.000000  0.000000  1.000000  
94.435132 0.003327  0.021214  -0.000680  0.927028  0.207616  -0.312274  -0.231359  0.972022  -0.040569  0.295114  0.109856  0.949125  -0.004536  -0.004480  -0.003761  0.000000  0.000000  0.000000  1.000000  
94.436136 0.003322  0.021206  -0.000683  0.927028  0.207616  -0.312274  -0.231359  0.972022  -0.040569  0.295114  0.109856  0.949125  -0.004604  -0.004717  -0.003649  0.000000  0.000000  0.000000  1.000000  
94.437383 0.003311  0.021191  -0.000684  0.927028  0.207616  -0.312274  -0.231359  0.972022  -0.040569  0.295114  0.109856  0.949125  -0.004916  -0.005388  -0.003462  0.000000  0.000000  0.000000  1.000000  
94.438385 0.003301  0.021171  -0.000686  0.927075  0.207416  -0.312266  -0.231168  0.972065  -0.040634  0.295114  0.109856  0.949125  -0.005468  -0.006979  -0.003267  0.000000  0.000000  0.000000  1.000000  
94.439662 0.003288  0.021144  -0.000687  0.927037  0.207402  -0.312389  -0.231159  0.972068  -0.040603  0.295242  0.109852  0.949086  -0.005879  -0.008363  -0.003017  0.000000  0.000000  0.000000  1.000000  
94.440883 0.003275  0.021120  -0.000688  0.927037  0.207402  -0.312389  -0.231159  0.972068  -0.040603  0.295242  0.109852  0.949086  -0.006179  -0.009439  -0.002844  0.000000  0.000000  0.000000  1.000000  
94.441883 0.003267  0.021102  -0.000690  0.927037  0.207402  -0.312389  -0.231159  0.972068  -0.040603  0.295242  0.109852  0.949086  -0.006401  -0.010458  -0.002695  0.000000  0.000000  0.000000  1.000000  
94.443131 0.003258  0.021081  -0.000694  0.926989  0.207640  -0.312372  -0.231350  0.972031  -0.040421  0.295242  0.109737  0.949100  -0.006623  -0.011590  -0.002680  0.000000  0.000000  0.000000  1.000000  
94.444133 0.003250  0.021063  -0.000697  0.927028  0.207654  -0.312249  -0.231359  0.972027  -0.040452  0.295114  0.109741  0.949139  -0.006756  -0.012644  -0.002531  0.000000  0.000000  0.000000  1.000000  
94.445146 0.003243  0.021045  -0.000701  0.927028  0.207654  -0.312249  -0.231359  0.972027  -0.040452  0.295114  0.109741  0.949139  -0.006880  -0.013478  -0.002499  0.000000  0.000000  0.000000  1.000000  
94.446385 0.003238  0.021025  -0.000705  0.927028  0.207654  -0.312249  -0.231359  0.972027  -0.040452  0.295114  0.109741  0.949139  -0.006871  -0.014268  -0.002500  0.000000  0.000000  0.000000  1.000000  
94.447387 0.003235  0.021008  -0.000708  0.926980  0.207854  -0.312257  -0.231550  0.971984  -0.040387  0.295114  0.109741  0.949139  -0.007029  -0.015224  -0.002464  0.000000  0.000000  0.000000  1.000000  
94.448632 0.003230  0.020986  -0.000712  0.926980  0.207892  -0.312232  -0.231550  0.971989  -0.040269  0.295114  0.109626  0.949152  -0.007047  -0.016118  -0.002458  0.000000  0.000000  0.000000  1.000000  
94.449892 0.003222  0.020962  -0.000716  0.926971  0.208106  -0.312117  -0.231750  0.971943  -0.040236  0.294987  0.109631  0.949191  -0.007095  -0.016990  -0.002414  0.000000  0.000000  0.000000  1.000000  
94.451131 0.003213  0.020936  -0.000720  0.926961  0.208359  -0.311977  -0.231951  0.971901  -0.040085  0.294859  0.109520  0.949244  -0.007247  -0.018049  -0.002456  0.000000  0.000000  0.000000  1.000000  
94.452378 0.003203  0.020907  -0.000721  0.926913  0.208559  -0.311985  -0.232142  0.971858  -0.040020  0.294859  0.109520  0.949244  -0.007204  -0.018922  -0.002470  0.000000  0.000000  0.000000  1.000000  
94.453381 0.003195  0.020880  -0.000723  0.926866  0.208759  -0.311993  -0.232333  0.971815  -0.039956  0.294859  0.109520  0.949244  -0.007098  -0.019382  -0.002499  0.000000  0.000000  0.000000  1.000000  
94.454628 0.003187  0.020849  -0.000725  0.926780  0.208983  -0.312099  -0.232514  0.971781  -0.039743  0.294987  0.109400  0.949218  -0.006747  -0.019689  -0.002528  0.000000  0.000000  0.000000  1.000000  
94.455629 0.003181  0.020828  -0.000727  0.926732  0.209183  -0.312108  -0.232705  0.971738  -0.039679  0.294987  0.109400  0.949218  -0.006438  -0.019756  -0.002635  0.000000  0.000000  0.000000  1.000000  
94.456639 0.003176  0.020807  -0.000730  0.926684  0.209383  -0.312116  -0.232895  0.971695  -0.039615  0.294987  0.109400  0.949218  -0.006206  -0.020007  -0.002742  0.000000  0.000000  0.000000  1.000000  
94.457879 0.003170  0.020784  -0.000734  0.926636  0.209621  -0.312098  -0.233086  0.971656  -0.039432  0.294987  0.109285  0.949231  -0.005949  -0.020087  -0.002726  0.000000  0.000000  0.000000  1.000000  
94.458880 0.003167  0.020766  -0.000735  0.926578  0.210073  -0.311966  -0.233477  0.971571  -0.039217  0.294859  0.109175  0.949284  -0.005648  -0.020089  -0.002564  0.000000  0.000000  0.000000  1.000000  
94.459882 0.003166  0.020749  -0.000737  0.926530  0.210273  -0.311974  -0.233668  0.971528  -0.039153  0.294859  0.109175  0.949284  -0.005278  -0.020044  -0.002445  0.000000  0.000000  0.000000  1.000000  
94.461138 0.003165  0.020726  -0.000738  0.926434  0.210710  -0.311965  -0.234049  0.971446  -0.038907  0.294859  0.109060  0.949297  -0.004971  -0.020242  -0.002272  0.000000  0.000000  0.000000  1.000000  
94.462139 0.003164  0.020709  -0.000740  0.926385  0.210948  -0.311947  -0.234240  0.971407  -0.038725  0.294859  0.108944  0.949310  -0.004798  -0.020290  -0.002179  0.000000  0.000000  0.000000  1.000000  
94.463386 0.003160  0.020683  -0.000742  0.926289  0.211386  -0.311937  -0.234622  0.971325  -0.038478  0.294859  0.108829  0.949323  -0.004756  -0.020482  -0.002019  0.000000  0.000000  0.000000  1.000000  
94.464633 0.003154  0.020657  -0.000744  0.926230  0.211838  -0.311804  -0.235013  0.971239  -0.038263  0.294731  0.108719  0.949376  -0.004649  -0.020651  -0.001906  0.000000  0.000000  0.000000  1.000000  
94.465880 0.003147  0.020629  -0.000745  0.926134  0.212276  -0.311794  -0.235394  0.971156  -0.038017  0.294731  0.108603  0.949389  -0.004515  -0.020818  -0.001768  0.000000  0.000000  0.000000  1.000000  
94.466882 0.003142  0.020605  -0.000746  0.926037  0.212713  -0.311784  -0.235775  0.971073  -0.037771  0.294731  0.108488  0.949402  -0.004318  -0.020815  -0.001673  0.095078  0.003939  0.151372  1.000000  
94.468129 0.003137  0.020575  -0.000748  0.925939  0.213151  -0.311774  -0.236157  0.970990  -0.037525  0.294731  0.108373  0.949415  -0.004039  -0.020818  -0.001672  0.105201  0.006177  0.170929  1.000000  
94.469377 0.003132  0.020545  -0.000749  0.925891  0.213389  -0.311756  -0.236347  0.970951  -0.037343  0.294731  0.108258  0.949428  -0.003758  -0.020702  -0.001598  0.111290  0.002484  0.177964  1.000000  
94.470378 0.003129  0.020525  -0.000751  0.925842  0.213626  -0.311737  -0.236538  0.970911  -0.037161  0.294731  0.108143  0.949441  -0.003545  -0.020527  -0.001615  0.117348  0.003221  0.184463  1.000000  
94.471378 0.003127  0.020506  -0.000751  0.925793  0.213864  -0.311719  -0.236728  0.970872  -0.036979  0.294731  0.108028  0.949454  -0.003363  -0.020428  -0.001407  0.123405  0.003957  0.190961  1.000000  
94.472628 0.003125  0.020484  -0.000750  0.925745  0.214140  -0.311675  -0.236919  0.970837  -0.036679  0.294731  0.107797  0.949481  -0.003050  -0.020276  -0.001128  0.127453  0.003922  0.190968  1.000000  
94.473675 0.003125  0.020466  -0.000749  0.925696  0.214377  -0.311656  -0.237110  0.970797  -0.036497  0.294731  0.107682  0.949494  -0.002801  -0.020227  -0.000928  0.134429  0.009151  0.198339  1.000000  
94.474878 0.003125  0.020442  -0.000747  0.925685  0.214629  -0.311515  -0.237310  0.970754  -0.036347  0.294603  0.107571  0.949546  -0.002698  -0.020431  -0.000695  0.139579  0.005392  0.204031  1.000000  
94.475880 0.003124  0.020422  -0.000746  0.925685  0.214704  -0.311463  -0.237310  0.970763  -0.036111  0.294603  0.107341  0.949572  -0.002716  -0.020619  -0.000516  0.147660  0.005367  0.204022  1.000000  
94.477127 0.003121  0.020395  -0.000745  0.925636  0.214942  -0.311444  -0.237501  0.970723  -0.035930  0.294603  0.107226  0.949585  -0.002842  -0.020943  -0.000340  0.153741  0.006100  0.210557  1.000000  
94.478136 0.003117  0.020372  -0.000743  0.925636  0.215018  -0.311392  -0.237501  0.970731  -0.035694  0.294603  0.106995  0.949611  -0.002878  -0.021129  -0.000087  0.157009  0.005361  0.205676  1.000000  
94.479387 0.003112  0.020342  -0.000741  0.925598  0.215079  -0.311463  -0.237491  0.970744  -0.035427  0.294731  0.106761  0.949598  -0.002827  -0.021379  0.000187  0.163099  0.013521  0.198060  1.000000  
94.480637 0.003107  0.020312  -0.000738  0.925598  0.215155  -0.311411  -0.237491  0.970752  -0.035192  0.294731  0.106530  0.949624  -0.002731  -0.021511  0.000488  0.167207  0.013488  0.198101  1.000000  
94.481886 0.003102  0.020280  -0.000736  0.925598  0.215230  -0.311358  -0.237491  0.970761  -0.034956  0.294731  0.106300  0.949649  -0.002680  -0.021661  0.000764  0.171230  0.016435  0.184419  1.000000  
94.483128 0.003097  0.020249  -0.000733  0.925636  0.215357  -0.311157  -0.237501  0.970770  -0.034634  0.294603  0.105959  0.949727  -0.002668  -0.021753  0.000950  0.181980  0.011839  0.183455  1.000000  
94.484135 0.003094  0.020223  -0.000731  0.925636  0.215433  -0.311105  -0.237501  0.970778  -0.034399  0.294603  0.105728  0.949753  -0.002570  -0.021809  0.001158  0.189579  0.006700  0.178876  1.000000  
94.485377 0.003092  0.020195  -0.000729  0.925636  0.215508  -0.311052  -0.237501  0.970786  -0.034163  0.294603  0.105498  0.949779  -0.002490  -0.021960  0.001428  0.190071  0.005876  0.170919  1.000000  
94.486378 0.003091  0.020175  -0.000727  0.925587  0.215821  -0.310981  -0.237691  0.970754  -0.033746  0.294603  0.105152  0.949817  -0.002397  -0.022094  0.001587  0.202221  0.005846  0.170938  1.000000  
94.487378 0.003091  0.020154  -0.000724  0.925626  0.215910  -0.310805  -0.237701  0.970759  -0.033542  0.294475  0.104926  0.949882  -0.002341  -0.022394  0.001778  0.203884  -0.000088  0.159721  1.000000  
94.488379 0.003090  0.020132  -0.000722  0.925626  0.216023  -0.310727  -0.237701  0.970771  -0.033189  0.294475  0.104581  0.949920  -0.002292  -0.022558  0.001832  0.209975  0.003603  0.152640  1.000000  
94.489385 0.003090  0.020109  -0.000719  0.925587  0.216085  -0.310798  -0.237691  0.970783  -0.032922  0.294603  0.104346  0.949906  -0.002403  -0.022972  0.001908  0.214023  0.006574  0.138969  1.000000  
94.490628 0.003088  0.020077  -0.000717  0.925538  0.216398  -0.310726  -0.237882  0.970750  -0.032505  0.294603  0.104000  0.949944  -0.002461  -0.023357  0.001956  0.220379  0.006488  0.137847  1.000000  
94.491628 0.003085  0.020050  -0.000714  0.925538  0.216474  -0.310673  -0.237882  0.970758  -0.032269  0.294603  0.103770  0.949969  -0.002528  -0.023775  0.002109  0.224552  0.005014  0.124887  1.000000  
94.492878 0.003082  0.020016  -0.000710  0.925489  0.216786  -0.310601  -0.238072  0.970725  -0.031852  0.294603  0.103424  0.950007  -0.002423  -0.024131  0.002219  0.232585  0.004982  0.124857  1.000000  
94.493881 0.003079  0.019988  -0.000707  0.925440  0.217099  -0.310528  -0.238263  0.970692  -0.031435  0.294603  0.103078  0.950044  -0.002335  -0.024382  0.002378  0.238632  0.008658  0.117841  1.000000  
94.494893 0.003077  0.019961  -0.000703  0.925440  0.217175  -0.310476  -0.238263  0.970699  -0.031199  0.294603  0.102848  0.950069  -0.002160  -0.024597  0.002446  0.240495  0.007241  0.105622  1.000000  
94.496132 0.003075  0.019928  -0.000698  0.925391  0.217525  -0.310377  -0.238453  0.970670  -0.030664  0.294603  0.102387  0.950119  -0.002001  -0.024778  0.002559  0.250715  0.006480  0.099066  1.000000  
94.497138 0.003075  0.019901  -0.000695  0.925342  0.217800  -0.310330  -0.238644  0.970632  -0.030365  0.294603  0.102156  0.950144  -0.001684  -0.024856  0.002657  0.252749  0.005733  0.092494  1.000000  
94.498386 0.003075  0.019867  -0.000692  0.925255  0.218137  -0.310354  -0.238824  0.970605  -0.029798  0.294731  0.101691  0.950154  -0.001340  -0.024958  0.002707  0.260883  0.010167  0.091992  1.000000  
94.499629 0.003079  0.019836  -0.000690  0.925206  0.218488  -0.310254  -0.239015  0.970575  -0.029264  0.294731  0.101230  0.950203  -0.000949  -0.025092  0.002749  0.271138  0.009417  0.085444  1.000000  
94.500630 0.003082  0.019812  -0.000687  0.925195  0.218814  -0.310057  -0.239215  0.970537  -0.028878  0.294603  0.100888  0.950279  -0.000634  -0.025276  0.002757  0.281314  0.005649  0.092509  1.000000  
94.501881 0.003086  0.019782  -0.000686  0.925145  0.219201  -0.309930  -0.239406  0.970509  -0.028226  0.294603  0.100312  0.950340  -0.000347  -0.025642  0.002662  0.293196  0.004856  0.085245  1.000000  
94.503128 0.003089  0.019748  -0.000684  0.925096  0.219552  -0.309830  -0.239596  0.970478  -0.027691  0.294603  0.099851  0.950389  -0.000125  -0.026002  0.002540  0.303792  0.004865  0.085956  1.000000  
94.504130 0.003091  0.019719  -0.000683  0.925009  0.219889  -0.309852  -0.239777  0.970449  -0.027125  0.294731  0.099386  0.950398  0.000077  -0.026426  0.002449  0.315978  0.009308  0.085454  1.000000  
94.505378 0.003093  0.019682  -0.000682  0.924959  0.220239  -0.309750  -0.239967  0.970417  -0.026590  0.294731  0.098925  0.950446  0.000335  -0.026740  0.002353  0.330259  0.014468  0.091552  1.000000  
94.506381 0.003093  0.019651  -0.000681  0.924910  0.220589  -0.309649  -0.240157  0.970384  -0.026056  0.294731  0.098464  0.950494  0.000571  -0.027029  0.002189  0.338404  0.014435  0.091555  1.000000  
94.507628 0.003094  0.019613  -0.000679  0.924811  0.221176  -0.309526  -0.240538  0.970309  -0.025340  0.294731  0.097887  0.950553  0.000848  -0.027345  0.002119  0.356300  0.015710  0.103982  1.000000  
94.508878 0.003095  0.019574  -0.000677  0.924712  0.221763  -0.309401  -0.240919  0.970233  -0.024624  0.294731  0.097311  0.950613  0.001058  -0.027630  0.001985  0.372132  0.017052  0.116933  1.000000  
94.509880 0.003096  0.019544  -0.000676  0.924662  0.222113  -0.309299  -0.241109  0.970199  -0.024089  0.294731  0.096849  0.950660  0.001272  -0.027850  0.001804  0.382418  0.013278  0.123988  1.000000  
94.511132 0.003099  0.019507  -0.000675  0.924574  0.222488  -0.309292  -0.241290  0.970171  -0.023405  0.294859  0.096269  0.950679  0.001601  -0.028051  0.001562  0.396280  0.018345  0.129941  1.000000  
94.512134 0.003102  0.019478  -0.000674  0.924475  0.223037  -0.309193  -0.241670  0.970090  -0.022807  0.294859  0.095807  0.950726  0.001801  -0.028222  0.001438  0.411777  0.024318  0.143699  1.000000  
94.513140 0.003104  0.019449  -0.000673  0.924425  0.223387  -0.309090  -0.241861  0.970055  -0.022273  0.294859  0.095346  0.950772  0.001950  -0.028373  0.001284  0.421838  0.024955  0.150236  1.000000  
94.514386 0.003109  0.019413  -0.000673  0.924325  0.223974  -0.308963  -0.242241  0.969976  -0.021557  0.294859  0.094770  0.950830  0.002034  -0.028614  0.001165  0.434164  0.026274  0.163432  1.000000  
94.515633 0.003112  0.019378  -0.000672  0.924237  0.224386  -0.308927  -0.242422  0.969949  -0.020755  0.294987  0.094074  0.950859  0.002021  -0.029051  0.001021  0.446403  0.030656  0.162974  1.000000  
94.516882 0.003115  0.019340  -0.000671  0.924137  0.224973  -0.308799  -0.242802  0.969869  -0.020040  0.294987  0.093497  0.950916  0.001911  -0.029442  0.000992  0.458640  0.036424  0.175683  1.000000  
94.518128 0.003114  0.019299  -0.000670  0.924087  0.225397  -0.308640  -0.242992  0.969837  -0.019271  0.294987  0.092805  0.950984  0.001712  -0.029933  0.000938  0.473120  0.036722  0.180800  1.000000  
94.519128 0.003114  0.019264  -0.000669  0.923987  0.225946  -0.308538  -0.243373  0.969753  -0.018673  0.294987  0.092343  0.951029  0.001544  -0.030324  0.000931  0.485230  0.033568  0.194301  1.000000  
94.520129 0.003113  0.019230  -0.000668  0.923937  0.226333  -0.308405  -0.243563  0.969718  -0.018021  0.294987  0.091767  0.951085  0.001356  -0.030651  0.000950  0.499478  0.034431  0.202518  1.000000  
94.521379 0.003111  0.019186  -0.000667  0.923837  0.226994  -0.308219  -0.243944  0.969639  -0.017071  0.294987  0.090959  0.951162  0.001139  -0.031041  0.000966  0.517824  0.034982  0.209117  1.000000  
94.522628 0.003108  0.019141  -0.000666  0.923748  0.227406  -0.308180  -0.244124  0.969608  -0.016269  0.295114  0.090263  0.951189  0.000942  -0.031457  0.000891  0.530094  0.039343  0.208685  1.000000  
94.523633 0.003107  0.019106  -0.000666  0.923698  0.227793  -0.308046  -0.244314  0.969570  -0.015618  0.295114  0.089686  0.951243  0.000794  -0.031741  0.000770  0.538216  0.039239  0.208692  1.000000  
94.524878 0.003106  0.019062  -0.000666  0.923597  0.228453  -0.307858  -0.244694  0.969489  -0.014668  0.295114  0.088878  0.951319  0.000628  -0.032107  0.000676  0.558315  0.040138  0.220149  1.000000  
94.526128 0.003105  0.019019  -0.000666  0.923497  0.229114  -0.307670  -0.245074  0.969407  -0.013718  0.295114  0.088071  0.951394  0.000430  -0.032532  0.000601  0.572248  0.040629  0.226614  1.000000  
94.527378 0.003104  0.018976  -0.000666  0.923446  0.229612  -0.307450  -0.245264  0.969373  -0.012714  0.295114  0.087147  0.951479  0.000136  -0.033031  0.000501  0.592507  0.036040  0.227088  1.000000  
94.528386 0.003104  0.018941  -0.000666  0.923396  0.230035  -0.307285  -0.245455  0.969334  -0.011945  0.295114  0.086455  0.951542  -0.000105  -0.033423  0.000441  0.605429  0.036192  0.228938  1.000000  
94.529637 0.003103  0.018898  -0.000664  0.923295  0.230695  -0.307094  -0.245835  0.969249  -0.010996  0.295114  0.085647  0.951616  -0.000473  -0.033963  0.000525  0.619600  0.041155  0.235075  1.000000  
94.530884 0.003101  0.018853  -0.000663  0.923244  0.231230  -0.306844  -0.246025  0.969213  -0.009875  0.295114  0.084608  0.951708  -0.000788  -0.034621  0.000592  0.640046  0.040974  0.235132  1.000000  
94.531887 0.003098  0.018815  -0.000661  0.923193  0.231690  -0.306650  -0.246215  0.969174  -0.008989  0.295114  0.083800  0.951780  -0.001132  -0.035061  0.000623  0.652185  0.040812  0.235127  1.000000  
94.533126 0.003093  0.018765  -0.000659  0.923092  0.232349  -0.306456  -0.246595  0.969085  -0.008039  0.295114  0.082992  0.951851  -0.001452  -0.035580  0.000733  0.665214  0.040974  0.239817  1.000000  
94.534135 0.003089  0.018726  -0.000657  0.923092  0.232609  -0.306259  -0.246595  0.969092  -0.007217  0.295114  0.082184  0.951921  -0.001664  -0.035850  0.000820  0.676685  0.036023  0.235614  1.000000  
94.535381 0.003085  0.018676  -0.000654  0.923041  0.233106  -0.306034  -0.246785  0.969050  -0.006213  0.295114  0.081260  0.952000  -0.001832  -0.036314  0.000932  0.691060  0.035235  0.229097  1.000000  
94.536627 0.003081  0.018627  -0.000651  0.922990  0.233676  -0.305752  -0.246975  0.969009  -0.004975  0.295114  0.080105  0.952098  -0.001998  -0.036672  0.001044  0.709936  0.034767  0.227339  1.000000  
94.537628 0.003078  0.018588  -0.000650  0.922939  0.234135  -0.305555  -0.247165  0.968965  -0.004089  0.295114  0.079297  0.952166  -0.002006  -0.036883  0.001062  0.721796  0.034602  0.227276  1.000000  
94.538628 0.003076  0.018550  -0.000648  0.922850  0.234621  -0.305451  -0.247345  0.968923  -0.003053  0.295242  0.078369  0.952203  -0.002053  -0.037076  0.001153  0.738062  0.038582  0.222209  1.000000  
94.539633 0.003075  0.018513  -0.000647  0.922799  0.235080  -0.305252  -0.247535  0.968877  -0.002168  0.295242  0.077561  0.952269  -0.002060  -0.037231  0.001251  0.750223  0.038430  0.222214  1.000000  
94.540878 0.003074  0.018465  -0.000646  0.922748  0.235649  -0.304967  -0.247725  0.968830  -0.000930  0.295242  0.076406  0.952362  -0.002104  -0.037595  0.001318  0.770791  0.033756  0.222700  1.000000  
94.542128 0.003073  0.018417  -0.000645  0.922748  0.235982  -0.304710  -0.247725  0.968830  0.000128  0.295242  0.075366  0.952445  -0.002111  -0.037874  0.001433  0.780593  0.032128  0.207823  1.000000  
94.543129 0.003072  0.018378  -0.000643  0.922697  0.236440  -0.304509  -0.247915  0.968781  0.001013  0.295242  0.074557  0.952509  -0.002154  -0.038156  0.001535  0.792889  0.031996  0.207887  1.000000  
94.544390 0.003071  0.018330  -0.000640  0.922646  0.237009  -0.304221  -0.248105  0.968731  0.002251  0.295242  0.073402  0.952599  -0.002221  -0.038493  0.001637  0.809193  0.026967  0.203327  1.000000  
94.545638 0.003069  0.018280  -0.000638  0.922595  0.237577  -0.303933  -0.248295  0.968678  0.003489  0.295242  0.072246  0.952687  -0.002189  -0.038862  0.001635  0.829053  0.026255  0.197129  1.000000  
94.546884 0.003065  0.018229  -0.000636  0.922544  0.238145  -0.303644  -0.248485  0.968624  0.004726  0.295242  0.071091  0.952774  -0.002156  -0.039045  0.001668  0.848086  0.026033  0.196831  1.000000  
94.547888 0.003063  0.018188  -0.000635  0.922493  0.238602  -0.303440  -0.248675  0.968571  0.005611  0.295242  0.070282  0.952834  -0.001998  -0.039100  0.001614  0.856018  0.025883  0.196799  1.000000  
94.549165 0.003062  0.018137  -0.000633  0.922403  0.239197  -0.303243  -0.248854  0.968516  0.006999  0.295370  0.069007  0.952887  -0.001791  -0.039134  0.001582  0.873575  0.029576  0.189685  1.000000  
94.550384 0.003061  0.018088  -0.000631  0.922352  0.239764  -0.302951  -0.249044  0.968457  0.008236  0.295370  0.067851  0.952970  -0.001571  -0.039206  0.001529  0.888761  0.028872  0.183326  1.000000  
94.551628 0.003061  0.018039  -0.000628  0.922250  0.240567  -0.302627  -0.249424  0.968346  0.009653  0.295370  0.066580  0.953060  -0.001328  -0.039186  0.001559  0.911396  0.024751  0.190352  1.000000  
94.552878 0.003062  0.017991  -0.000626  0.922160  0.241162  -0.302427  -0.249603  0.968285  0.011041  0.295498  0.065306  0.953109  -0.001023  -0.039158  0.001564  0.925662  0.028488  0.183418  1.000000  
94.554128 0.003063  0.017946  -0.000624  0.922109  0.241728  -0.302131  -0.249793  0.968221  0.012277  0.295498  0.064149  0.953187  -0.000786  -0.039038  0.001581  0.942060  0.028312  0.183463  1.000000  
94.555128 0.003065  0.017909  -0.000622  0.921968  0.242448  -0.301985  -0.250162  0.968110  0.013492  0.295626  0.063106  0.953217  -0.000600  -0.039025  0.001668  0.954145  0.032624  0.183097  1.000000  
94.556384 0.003067  0.017861  -0.000619  0.921916  0.243050  -0.301658  -0.250352  0.968041  0.014846  0.295626  0.061834  0.953301  -0.000478  -0.038970  0.001741  0.970394  0.032422  0.183121  1.000000  
94.557628 0.003068  0.017814  -0.000617  0.921775  0.243879  -0.301420  -0.250721  0.967920  0.016412  0.295753  0.060444  0.953350  -0.000330  -0.038919  0.001747  0.987613  0.036438  0.181473  1.000000  
94.558878 0.003068  0.017766  -0.000615  0.921671  0.244680  -0.301087  -0.251101  0.967797  0.017828  0.295753  0.059172  0.953430  -0.000227  -0.038867  0.001728  1.001205  0.036706  0.187950  1.000000  
94.559886 0.003067  0.017726  -0.000614  0.921582  0.245237  -0.300910  -0.251280  0.967726  0.019097  0.295881  0.058013  0.953461  -0.000163  -0.038944  0.001739  1.017522  0.040978  0.187670  1.000000  
94.561133 0.003068  0.017677  -0.000612  0.921478  0.246036  -0.300574  -0.251660  0.967598  0.020512  0.295881  0.056741  0.953538  0.000052  -0.038833  0.001698  1.025690  0.041054  0.189232  1.000000  
94.562151 0.003068  0.017638  -0.000612  0.921388  0.246556  -0.300424  -0.251839  0.967527  0.021664  0.296009  0.055698  0.953560  0.000264  -0.038608  0.001623  1.037210  0.045336  0.188806  1.000000  
94.563152 0.003068  0.017599  -0.000611  0.921284  0.247282  -0.300145  -0.252218  0.967401  0.022844  0.296009  0.054657  0.953620  0.000363  -0.038497  0.001628  1.051380  0.045635  0.195419  1.000000  
94.564385 0.003069  0.017551  -0.000610  0.921194  0.247911  -0.299903  -0.252398  0.967317  0.024347  0.296137  0.053266  0.953659  0.000502  -0.038395  0.001517  1.068458  0.049917  0.195293  1.000000  
94.565386 0.003070  0.017513  -0.000609  0.921090  0.248637  -0.299621  -0.252777  0.967188  0.025526  0.296137  0.052225  0.953717  0.000673  -0.038238  0.001476  1.078270  0.050171  0.201864  1.000000  
94.566626 0.003072  0.017467  -0.000607  0.921038  0.249272  -0.299254  -0.252966  0.967098  0.026996  0.296137  0.050837  0.953792  0.000758  -0.038150  0.001402  1.087893  0.049978  0.206859  1.000000  
94.567637 0.003074  0.017430  -0.000606  0.920896  0.250026  -0.299062  -0.253335  0.966964  0.028326  0.296265  0.049678  0.953813  0.000858  -0.038046  0.001367  1.102728  0.055068  0.214857  1.000000  
94.568884 0.003077  0.017384  -0.000604  0.920843  0.250660  -0.298692  -0.253525  0.966870  0.029795  0.296265  0.048289  0.953884  0.000892  -0.038045  0.001394  1.115131  0.050315  0.215251  1.000000  
94.570137 0.003078  0.017337  -0.000602  0.920739  0.251493  -0.298314  -0.253904  0.966722  0.031325  0.296265  0.046901  0.953954  0.000852  -0.038069  0.001325  1.125250  0.050453  0.221898  1.000000  
94.571381 0.003080  0.017289  -0.000600  0.920648  0.252120  -0.298064  -0.254083  0.966625  0.032827  0.296392  0.045511  0.953981  0.000861  -0.038153  0.001298  1.137722  0.054668  0.221717  1.000000  
94.572386 0.003080  0.017250  -0.000598  0.920596  0.252680  -0.297751  -0.254272  0.966533  0.034061  0.296392  0.044353  0.954036  0.000828  -0.038196  0.001328  1.149717  0.054428  0.221728  1.000000  
94.573635 0.003080  0.017202  -0.000596  0.920544  0.253312  -0.297375  -0.254462  0.966430  0.035529  0.296392  0.042965  0.954099  0.000833  -0.038220  0.001284  1.157862  0.053781  0.220242  1.000000  
94.574885 0.003080  0.017153  -0.000594  0.920491  0.253980  -0.296968  -0.254651  0.966320  0.037114  0.296392  0.041460  0.954166  0.000818  -0.038209  0.001327  1.169064  0.053430  0.220140  1.000000  
94.575890 0.003079  0.017113  -0.000592  0.920401  0.254534  -0.296775  -0.254830  0.966224  0.038381  0.296520  0.040301  0.954176  0.000784  -0.038264  0.001358  1.178577  0.058085  0.221725  1.000000  
94.577136 0.003079  0.017063  -0.000591  0.920296  0.255399  -0.296357  -0.255209  0.966057  0.040027  0.296520  0.038796  0.954238  0.000717  -0.038343  0.001400  1.196896  0.058166  0.228395  1.000000  
94.578137 0.003079  0.017024  -0.000589  0.920243  0.255957  -0.296038  -0.255399  0.965955  0.041260  0.296520  0.037639  0.954285  0.000735  -0.038319  0.001472  1.205118  0.053429  0.228717  1.000000  
94.579141 0.003079  0.016985  -0.000587  0.920190  0.256515  -0.295719  -0.255588  0.965852  0.042492  0.296520  0.036481  0.954330  0.000684  -0.038324  0.001551  1.210264  0.053157  0.233610  1.000000  
94.580383 0.003079  0.016937  -0.000584  0.920138  0.257144  -0.295336  -0.255778  0.965736  0.043959  0.296520  0.035092  0.954382  0.000607  -0.038418  0.001612  1.217395  0.052803  0.233496  1.000000  
94.581384 0.003080  0.016899  -0.000583  0.920085  0.257701  -0.295015  -0.255967  0.965629  0.045191  0.296520  0.033935  0.954423  0.000526  -0.038480  0.001623  1.221176  0.052585  0.228863  1.000000  
94.582385 0.003080  0.016860  -0.000582  0.920085  0.258059  -0.294702  -0.255967  0.965573  0.046362  0.296520  0.032777  0.954464  0.000408  -0.038630  0.001624  1.227247  0.047502  0.222539  1.000000  
94.583636 0.003080  0.016810  -0.000581  0.919980  0.258920  -0.294275  -0.256346  0.965392  0.048006  0.296520  0.031272  0.954514  0.000210  -0.038899  0.001527  1.237397  0.047507  0.229199  1.000000  
94.584878 0.003079  0.016760  -0.000580  0.919927  0.259583  -0.293856  -0.256535  0.965262  0.049589  0.296520  0.029767  0.954563  0.000064  -0.039130  0.001493  1.243715  0.042369  0.227646  1.000000  
94.586130 0.003077  0.016708  -0.000579  0.919874  0.260173  -0.293499  -0.256725  0.965141  0.050937  0.296520  0.028493  0.954601  -0.000202  -0.039447  0.001444  1.244081  0.042083  0.223039  1.000000  
94.587132 0.003075  0.016666  -0.000577  0.919821  0.260728  -0.293172  -0.256914  0.965025  0.052168  0.296520  0.027335  0.954635  -0.000330  -0.039610  0.001467  1.245701  0.037014  0.216613  1.000000  
94.588378 0.003072  0.016613  -0.000576  0.919768  0.261389  -0.292750  -0.257103  0.964888  0.053750  0.296520  0.025830  0.954677  -0.000483  -0.039877  0.001396  1.247812  0.036417  0.214921  1.000000  
94.589384 0.003070  0.016571  -0.000575  0.919715  0.261942  -0.292421  -0.257293  0.964768  0.054980  0.296520  0.024672  0.954708  -0.000667  -0.040089  0.001278  1.251790  0.031655  0.210294  1.000000  
94.590408 0.003068  0.016528  -0.000574  0.919662  0.262495  -0.292092  -0.257482  0.964647  0.056211  0.296520  0.023514  0.954737  -0.000772  -0.040250  0.001282  1.254943  0.031390  0.210176  1.000000  
94.591628 0.003066  0.016475  -0.000572  0.919609  0.263189  -0.291634  -0.257671  0.964496  0.057909  0.296520  0.021892  0.954776  -0.000871  -0.040557  0.001301  1.262229  0.030864  0.208732  1.000000  
94.592628 0.003064  0.016434  -0.000571  0.919556  0.263741  -0.291302  -0.257861  0.964371  0.059139  0.296520  0.020734  0.954801  -0.000959  -0.040745  0.001209  1.263892  0.025897  0.202331  1.000000  
94.593631 0.003063  0.016392  -0.000570  0.919503  0.264293  -0.290969  -0.258050  0.964244  0.060368  0.296520  0.019576  0.954826  -0.001080  -0.040913  0.001206  1.267981  0.025665  0.202368  1.000000  
94.594895 0.003061  0.016339  -0.000569  0.919450  0.264950  -0.290540  -0.258239  0.964093  0.061948  0.296520  0.018070  0.954856  -0.001222  -0.041144  0.001139  1.272040  0.020799  0.197592  1.000000  
94.596136 0.003060  0.016286  -0.000568  0.919344  0.265805  -0.290095  -0.258618  0.963885  0.063588  0.296520  0.016565  0.954883  -0.001364  -0.041506  0.000995  1.276077  0.020499  0.197618  1.000000  
94.597137 0.003058  0.016243  -0.000568  0.919252  0.266353  -0.289882  -0.258796  0.963752  0.064851  0.296648  0.015406  0.954863  -0.001481  -0.041799  0.000970  1.276477  0.020265  0.197692  1.000000  
94.598148 0.003056  0.016199  -0.000568  0.919199  0.266938  -0.289513  -0.258986  0.963610  0.066197  0.296648  0.014132  0.954882  -0.001583  -0.042110  0.000898  1.284204  0.020019  0.197651  1.000000  
94.599384 0.003053  0.016143  -0.000567  0.919145  0.267592  -0.289078  -0.259175  0.963449  0.067776  0.296648  0.012626  0.954903  -0.001765  -0.042519  0.000895  1.284132  0.019379  0.189562  1.000000  
94.600632 0.003049  0.016085  -0.000567  0.919039  0.268480  -0.288594  -0.259553  0.963223  0.069531  0.296648  0.011004  0.954923  -0.001927  -0.042884  0.000822  1.294266  0.019278  0.196146  1.000000  
94.601879 0.003044  0.016028  -0.000567  0.918985  0.269168  -0.288123  -0.259742  0.963048  0.071226  0.296648  0.009383  0.954941  -0.002074  -0.043297  0.000703  1.302557  0.014512  0.196328  1.000000  
94.603129 0.003041  0.015970  -0.000567  0.918878  0.270018  -0.287669  -0.260121  0.962823  0.072862  0.296648  0.007877  0.954954  -0.002109  -0.043608  0.000588  1.306610  0.014214  0.196351  1.000000  
94.604377 0.003038  0.015911  -0.000568  0.918825  0.270704  -0.287194  -0.260310  0.962642  0.074557  0.296648  0.006255  0.954966  -0.002150  -0.043993  0.000471  1.310750  0.013894  0.196389  1.000000  
94.605378 0.003035  0.015865  -0.000569  0.918717  0.271484  -0.286802  -0.260688  0.962430  0.075959  0.296648  0.004981  0.954974  -0.002186  -0.044324  0.000355  1.316790  0.009340  0.203055  1.000000  
94.606385 0.003033  0.015819  -0.000569  0.918664  0.272029  -0.286456  -0.260877  0.962281  0.077185  0.296648  0.003823  0.954979  -0.002207  -0.044499  0.000203  1.316514  0.009092  0.203024  1.000000  
94.607628 0.003031  0.015760  -0.000570  0.918610  0.272713  -0.285978  -0.261066  0.962093  0.078878  0.296648  0.002201  0.954984  -0.002238  -0.044883  0.000074  1.321579  0.008766  0.203196  1.000000  
94.608878 0.003028  0.015701  -0.000570  0.918464  0.273491  -0.285703  -0.261434  0.961874  0.080314  0.296776  0.000927  0.954947  -0.002282  -0.045359  -0.000045  1.318778  0.013067  0.209545  1.000000  
94.609880 0.003025  0.015654  -0.000570  0.918410  0.274070  -0.285321  -0.261623  0.961710  0.081656  0.296776  -0.000347  0.954947  -0.002399  -0.045753  -0.000094  1.323034  0.012803  0.209595  1.000000  
94.611133 0.003022  0.015594  -0.000571  0.918303  0.274915  -0.284855  -0.262001  0.961467  0.083290  0.296776  -0.001853  0.954945  -0.002519  -0.046175  -0.000143  1.324792  0.012580  0.216125  1.000000  
94.612134 0.003019  0.015544  -0.000571  0.918249  0.275458  -0.284503  -0.262190  0.961308  0.084515  0.296776  -0.003012  0.954942  -0.002622  -0.046641  -0.000239  1.324783  0.012318  0.216139  1.000000  
94.613170 0.003014  0.015493  -0.000572  0.918141  0.276199  -0.284134  -0.262568  0.961091  0.085798  0.296776  -0.004170  0.954938  -0.002778  -0.046938  -0.000354  1.327939  0.012209  0.224264  1.000000  
94.614384 0.003009  0.015429  -0.000572  0.918032  0.277077  -0.283628  -0.262946  0.960830  0.087547  0.296776  -0.005792  0.954930  -0.002879  -0.047591  -0.000358  1.335644  0.011939  0.231158  1.000000  
94.615385 0.003004  0.015378  -0.000572  0.917978  0.277653  -0.283240  -0.263135  0.960656  0.088887  0.296776  -0.007066  0.954921  -0.003022  -0.047938  -0.000336  1.343631  0.011658  0.231143  1.000000  
94.616626 0.002998  0.015313  -0.000572  0.917870  0.278529  -0.282731  -0.263513  0.960389  0.090634  0.296776  -0.008687  0.954908  -0.003207  -0.048439  -0.000320  1.351001  0.011296  0.235850  1.000000  
94.617630 0.002992  0.015260  -0.000573  0.917816  0.279103  -0.282340  -0.263702  0.960209  0.091974  0.296776  -0.009961  0.954895  -0.003362  -0.048896  -0.000342  1.354131  0.011044  0.237836  1.000000  
94.618878 0.002986  0.015194  -0.000573  0.917707  0.279978  -0.281827  -0.264080  0.959937  0.093720  0.296776  -0.011583  0.954877  -0.003527  -0.049389  -0.000372  1.360325  0.010701  0.244474  1.000000  
94.619879 0.002981  0.015142  -0.000574  0.917598  0.280783  -0.281380  -0.264458  0.959684  0.095233  0.296776  -0.012973  0.954859  -0.003694  -0.049811  -0.000371  1.370472  0.010412  0.251086  1.000000  
94.621129 0.002974  0.015075  -0.000574  0.917527  0.281687  -0.280706  -0.264847  0.959393  0.097060  0.296648  -0.014711  0.954874  -0.003980  -0.050433  -0.000305  1.381429  0.005515  0.255614  1.000000  
94.622378 0.002966  0.015007  -0.000574  0.917473  0.282361  -0.280207  -0.265035  0.959169  0.098746  0.296648  -0.016332  0.954847  -0.004364  -0.051086  -0.000263  1.382701  0.005077  0.251138  1.000000  
94.623498 0.002960  0.014952  -0.000574  0.917363  0.283096  -0.279823  -0.265413  0.958932  0.100025  0.296648  -0.017490  0.954827  -0.004632  -0.051188  -0.000264  1.379328  0.004760  0.256744  1.000000  
94.624627 0.002950  0.014882  -0.000572  0.917309  0.283768  -0.279321  -0.265602  0.958703  0.101711  0.296648  -0.019112  0.954796  -0.005051  -0.052268  -0.000114  1.389419  0.004367  0.255618  1.000000  
94.625628 0.002942  0.014824  -0.000571  0.917199  0.284569  -0.278865  -0.265980  0.958436  0.103221  0.296648  -0.020502  0.954767  -0.005401  -0.052904  -0.000002  1.399862  0.004016  0.262239  1.000000  
94.626630 0.002933  0.014766  -0.000571  0.917145  0.285138  -0.278464  -0.266169  0.958239  0.104557  0.296648  -0.021775  0.954739  -0.005817  -0.053557  -0.000007  1.399844  0.003666  0.262241  1.000000  
94.627663 0.002923  0.014707  -0.000569  0.917035  0.285904  -0.278040  -0.266546  0.957981  0.105950  0.296648  -0.023049  0.954709  -0.006239  -0.054096  0.000163  1.403976  -0.001215  0.270736  1.000000  
94.628882 0.002911  0.014632  -0.000567  0.916925  0.286803  -0.277475  -0.266924  0.957669  0.107807  0.296648  -0.024786  0.954665  -0.006668  -0.054890  0.000310  1.409821  -0.001630  0.268742  1.000000  
94.629888 0.002899  0.014571  -0.000565  0.916908  0.287401  -0.276912  -0.267124  0.957453  0.109222  0.296520  -0.026177  0.954668  -0.007214  -0.055536  0.000463  1.416993  -0.006550  0.270858  1.000000  
94.631132 0.002885  0.014495  -0.000563  0.916798  0.288298  -0.276343  -0.267501  0.957134  0.111078  0.296520  -0.027914  0.954619  -0.007691  -0.056291  0.000577  1.419798  -0.006998  0.275230  1.000000  
94.632381 0.002870  0.014418  -0.000561  0.916633  0.289392  -0.275748  -0.268067  0.956751  0.112989  0.296520  -0.029651  0.954566  -0.008276  -0.057048  0.000786  1.429469  -0.007651  0.284092  1.000000  
94.633385 0.002857  0.014356  -0.000558  0.916522  0.290220  -0.275244  -0.268445  0.956453  0.114611  0.296520  -0.031156  0.954518  -0.008860  -0.057763  0.000970  1.439475  -0.008146  0.290649  1.000000  
94.634628 0.002840  0.014277  -0.000556  0.916412  0.291147  -0.274632  -0.268822  0.956109  0.116580  0.296520  -0.033008  0.954456  -0.009487  -0.058577  0.001173  1.452060  -0.008659  0.290705  1.000000  
94.635879 0.002823  0.014197  -0.000552  0.916339  0.292069  -0.273895  -0.269210  0.955762  0.118512  0.296392  -0.034862  0.954430  -0.010298  -0.059550  0.001434  1.460200  -0.013685  0.290624  1.000000  
94.637127 0.002803  0.014115  -0.000549  0.916173  0.293190  -0.273254  -0.269776  0.955349  0.120536  0.296392  -0.036714  0.954360  -0.010966  -0.060407  0.001652  1.472478  -0.014278  0.301320  1.000000  
94.638127 0.002788  0.014049  -0.000545  0.916061  0.293980  -0.272776  -0.270154  0.955052  0.122039  0.296392  -0.038103  0.954306  -0.011582  -0.061166  0.001860  1.486703  -0.014787  0.307868  1.000000  
94.639130 0.002772  0.013982  -0.000543  0.915988  0.294798  -0.272139  -0.270542  0.954738  0.123620  0.296265  -0.039610  0.954284  -0.012266  -0.061946  0.002039  1.501254  -0.024277  0.314300  1.000000  
94.640131 0.002755  0.013913  -0.000538  0.915877  0.295653  -0.271587  -0.270919  0.954405  0.125353  0.296265  -0.041230  0.954216  -0.012793  -0.062654  0.002249  1.517173  -0.024987  0.316738  1.000000  
