1-Time 2-Px 3-Py 4-Pz 5-R11 6-R21 7-R31 8-R12 9-R22 10-R32 11-R13 12-R23 13-R33 14-Vx 15-Vy 16-Vz 17-Wx 18-Wy 19-Wz 20-state
143.508040 0.037989  -0.010744  -0.012249  0.050153  0.996068  -0.073025  -0.904699  0.076283  0.419167  0.423090  0.045043  0.904968  0.006576  0.007577  0.020238  -0.212954  0.004283  0.093959  1.000000  
143.509128 0.037990  -0.010742  -0.012242  0.050153  0.996068  -0.073025  -0.904699  0.076283  0.419167  0.423090  0.045043  0.904968  0.001415  0.003108  0.010414  0.000000  0.000000  0.000000  1.000000  
143.510130 0.037979  -0.010744  -0.012228  0.050150  0.996077  -0.072910  -0.904642  0.076238  0.419297  0.423211  0.044930  0.904916  -0.005842  0.000089  0.012215  0.000000  0.000000  0.000000  1.000000  
143.511378 0.037955  -0.010750  -0.012208  0.050150  0.996086  -0.072790  -0.904642  0.076187  0.419307  0.423211  0.044820  0.904922  -0.011479  -0.001834  0.013984  0.000000  0.000000  0.000000  1.000000  
143.512388 0.037939  -0.010751  -0.012192  0.050150  0.996086  -0.072790  -0.904642  0.076187  0.419307  0.423211  0.044820  0.904922  -0.012404  -0.001638  0.014406  0.000000  0.000000  0.000000  1.000000  
143.513398 0.037928  -0.010749  -0.012176  0.050150  0.996094  -0.072669  -0.904642  0.076136  0.419316  0.423211  0.044711  0.904927  -0.012206  -0.000836  0.014591  0.000000  0.000000  0.000000  1.000000  
143.514631 0.037912  -0.010743  -0.012157  0.050147  0.996103  -0.072555  -0.904586  0.076091  0.419446  0.423332  0.044598  0.904876  -0.012322  0.000205  0.014843  0.000000  0.000000  0.000000  1.000000  
143.515882 0.037886  -0.010738  -0.012139  0.050147  0.996112  -0.072434  -0.904586  0.076040  0.419455  0.423332  0.044488  0.904882  -0.013678  0.000793  0.014747  0.000000  0.000000  0.000000  1.000000  
143.516882 0.037864  -0.010733  -0.012126  0.050143  0.996120  -0.072320  -0.904529  0.075995  0.419585  0.423453  0.044376  0.904830  -0.014762  0.001287  0.014543  0.000000  0.000000  0.000000  1.000000  
143.517883 0.037842  -0.010727  -0.012112  0.050140  0.996137  -0.072085  -0.904472  0.075899  0.419725  0.423575  0.044154  0.904784  -0.015535  0.001812  0.014480  0.000000  0.000000  0.000000  1.000000  
143.518892 0.037821  -0.010720  -0.012099  0.050140  0.996146  -0.071964  -0.904472  0.075849  0.419734  0.423575  0.044044  0.904790  -0.015955  0.002334  0.014294  0.000000  0.000000  0.000000  1.000000  
143.519892 0.037801  -0.010714  -0.012087  0.050137  0.996163  -0.071729  -0.904416  0.075753  0.419873  0.423696  0.043822  0.904744  -0.016339  0.002618  0.014146  0.000000  0.000000  0.000000  1.000000  
143.520970 0.037779  -0.010708  -0.012072  0.050134  0.996172  -0.071615  -0.904359  0.075708  0.420003  0.423817  0.043709  0.904693  -0.016658  0.002857  0.014112  0.000000  0.000000  0.000000  1.000000  
143.522166 0.037747  -0.010704  -0.012049  0.050131  0.996189  -0.071380  -0.904303  0.075611  0.420142  0.423938  0.043487  0.904646  -0.017596  0.002949  0.014534  0.000000  0.000000  0.000000  1.000000  
143.523384 0.037708  -0.010703  -0.012022  0.050128  0.996206  -0.071145  -0.904246  0.075515  0.420282  0.424059  0.043265  0.904600  -0.018728  0.002783  0.015182  0.000000  0.000000  0.000000  1.000000  
143.524631 0.037665  -0.010706  -0.011995  0.050128  0.996214  -0.071024  -0.904246  0.075464  0.420291  0.424059  0.043155  0.904606  -0.021566  0.002550  0.016072  0.000000  0.000000  0.000000  1.000000  
143.525882 0.037621  -0.010708  -0.011973  0.050314  0.996216  -0.070869  -0.904236  0.075567  0.420294  0.424059  0.042936  0.904616  -0.022972  0.002645  0.016294  0.000000  0.000000  0.000000  1.000000  
143.527134 0.037581  -0.010708  -0.011956  0.050500  0.996209  -0.070835  -0.904225  0.075722  0.420289  0.424059  0.042826  0.904621  -0.024250  0.002853  0.015978  0.000000  0.000000  0.000000  1.000000  
143.528141 0.037549  -0.010705  -0.011943  0.050689  0.996194  -0.070914  -0.904272  0.075921  0.420154  0.423938  0.042828  0.904678  -0.025697  0.002975  0.015801  0.000000  0.000000  0.000000  1.000000  
143.529393 0.037508  -0.010699  -0.011927  0.051062  0.996179  -0.070846  -0.904251  0.076229  0.420143  0.423938  0.042609  0.904688  -0.027394  0.002976  0.015555  0.000000  0.000000  0.000000  1.000000  
143.530633 0.037466  -0.010693  -0.011907  0.051434  0.996157  -0.070898  -0.904229  0.076588  0.420123  0.423938  0.042499  0.904693  -0.028531  0.003089  0.015697  0.000000  0.000000  0.000000  1.000000  
143.531635 0.037434  -0.010686  -0.011891  0.051806  0.996134  -0.070950  -0.904208  0.076948  0.420103  0.423938  0.042390  0.904699  -0.029089  0.003219  0.015940  0.000000  0.000000  0.000000  1.000000  
143.532882 0.037399  -0.010676  -0.011866  0.052179  0.996119  -0.070881  -0.904187  0.077256  0.420093  0.423938  0.042170  0.904709  -0.029511  0.003438  0.016422  0.000000  0.000000  0.000000  1.000000  
143.533886 0.037372  -0.010666  -0.011845  0.052551  0.996096  -0.070933  -0.904165  0.077615  0.420073  0.423938  0.042060  0.904714  -0.029992  0.003566  0.016988  0.000000  0.000000  0.000000  1.000000  
143.535137 0.037334  -0.010657  -0.011816  0.053109  0.996074  -0.070830  -0.904133  0.078077  0.420057  0.423938  0.041731  0.904729  -0.030813  0.003767  0.017784  0.000000  0.000000  0.000000  1.000000  
143.536148 0.037299  -0.010651  -0.011792  0.053664  0.996042  -0.070855  -0.904043  0.078596  0.420153  0.424059  0.041509  0.904683  -0.031681  0.003735  0.018319  0.000000  0.000000  0.000000  1.000000  
143.537376 0.037254  -0.010646  -0.011766  0.054409  0.995994  -0.070960  -0.903999  0.079314  0.420114  0.424059  0.041290  0.904693  -0.032451  0.003876  0.018540  0.000000  0.000000  0.000000  1.000000  
143.538626 0.037209  -0.010640  -0.011742  0.054967  0.995962  -0.070978  -0.903965  0.079828  0.420090  0.424059  0.041070  0.904703  -0.032688  0.004222  0.018334  0.000000  0.000000  0.000000  1.000000  
143.539626 0.037173  -0.010635  -0.011727  0.055525  0.995921  -0.071116  -0.903931  0.080392  0.420055  0.424059  0.040960  0.904708  -0.032761  0.004738  0.017860  0.000000  0.000000  0.000000  1.000000  
143.540876 0.037128  -0.010627  -0.011713  0.056270  0.995872  -0.071221  -0.903885  0.081110  0.420016  0.424059  0.040741  0.904718  -0.032908  0.005390  0.017363  0.000000  0.000000  0.000000  1.000000  
143.542131 0.037082  -0.010617  -0.011698  0.056832  0.995840  -0.071231  -0.903906  0.081618  0.419871  0.423938  0.040524  0.904784  -0.033222  0.006083  0.017213  0.053135  0.016216  -0.225190  1.000000  
143.543376 0.037036  -0.010605  -0.011681  0.057390  0.995806  -0.071248  -0.903871  0.082131  0.419847  0.423938  0.040304  0.904794  -0.033630  0.006598  0.017295  0.048402  0.015365  -0.243606  1.000000  
143.544380 0.037003  -0.010594  -0.011665  0.057762  0.995790  -0.071180  -0.903847  0.082439  0.419838  0.423938  0.040085  0.904804  -0.033679  0.007033  0.017496  0.046584  0.010363  -0.255655  1.000000  
143.545384 0.036971  -0.010581  -0.011648  0.058134  0.995764  -0.071232  -0.903823  0.082798  0.419819  0.423938  0.039975  0.904808  -0.033535  0.007578  0.017607  0.040765  0.009814  -0.268046  1.000000  
143.546632 0.036931  -0.010564  -0.011625  0.058692  0.995730  -0.071250  -0.903787  0.083311  0.419795  0.423938  0.039756  0.904818  -0.033597  0.008104  0.017726  0.036069  0.004542  -0.286469  1.000000  
143.547882 0.036887  -0.010548  -0.011603  0.059061  0.995713  -0.071189  -0.903707  0.083625  0.419906  0.424059  0.039534  0.904771  -0.034106  0.008515  0.017536  0.030213  0.004038  -0.298860  1.000000  
143.548884 0.036851  -0.010537  -0.011587  0.059247  0.995713  -0.071034  -0.903694  0.083728  0.419912  0.424059  0.039314  0.904781  -0.034689  0.008653  0.017198  0.031356  0.003807  -0.305147  1.000000  
143.550134 0.036807  -0.010522  -0.011569  0.059429  0.995712  -0.070886  -0.903625  0.083836  0.420039  0.424181  0.039092  0.904733  -0.035095  0.008945  0.016427  0.028404  0.003597  -0.311328  1.000000  
143.551381 0.036762  -0.010508  -0.011555  0.059611  0.995712  -0.070739  -0.903557  0.083944  0.420165  0.424302  0.038870  0.904686  -0.035207  0.009494  0.015377  0.025634  -0.001074  -0.319842  1.000000  
143.552383 0.036723  -0.010498  -0.011545  0.059797  0.995703  -0.070705  -0.903544  0.084098  0.420161  0.424302  0.038761  0.904691  -0.035383  0.009913  0.014623  0.018626  -0.001300  -0.326163  1.000000  
143.553384 0.036682  -0.010487  -0.011535  0.059980  0.995694  -0.070679  -0.903475  0.084258  0.420277  0.424423  0.038648  0.904639  -0.035713  0.010342  0.014052  0.015644  -0.001543  -0.332346  1.000000  
143.554634 0.036631  -0.010473  -0.011522  0.060166  0.995685  -0.070645  -0.903463  0.084412  0.420273  0.424423  0.038539  0.904644  -0.036130  0.010863  0.013719  0.011567  -0.001482  -0.332343  1.000000  
143.555881 0.036583  -0.010457  -0.011507  0.060348  0.995676  -0.070618  -0.903394  0.084571  0.420389  0.424544  0.038427  0.904591  -0.036351  0.011393  0.013779  0.008539  0.002747  -0.336028  1.000000  
143.556882 0.036547  -0.010442  -0.011494  0.060348  0.995685  -0.070498  -0.903394  0.084520  0.420400  0.424544  0.038317  0.904596  -0.036292  0.011880  0.013855  0.011547  0.003092  -0.332607  1.000000  
143.558133 0.036503  -0.010420  -0.011475  0.060534  0.995676  -0.070463  -0.903381  0.084674  0.420395  0.424544  0.038207  0.904601  -0.036154  0.012502  0.013959  0.015519  0.007543  -0.330103  1.000000  
143.559134 0.036468  -0.010402  -0.011459  0.060720  0.995667  -0.070429  -0.903369  0.084828  0.420391  0.424544  0.038097  0.904605  -0.036202  0.012967  0.014024  0.015516  0.007581  -0.330040  1.000000  
143.560139 0.036434  -0.010384  -0.011444  0.060906  0.995658  -0.070395  -0.903356  0.084982  0.420387  0.424544  0.037988  0.904610  -0.036365  0.013365  0.013817  0.014501  0.007982  -0.326459  1.000000  
143.561381 0.036394  -0.010362  -0.011427  0.061278  0.995632  -0.070447  -0.903331  0.085341  0.420368  0.424544  0.037878  0.904615  -0.036341  0.013679  0.013499  0.014385  0.007957  -0.323833  1.000000  
143.562399 0.036361  -0.010347  -0.011419  0.061464  0.995623  -0.070413  -0.903319  0.085495  0.420364  0.424544  0.037768  0.904619  -0.036232  0.013833  0.012729  0.016289  0.008630  -0.313818  1.000000  
143.563633 0.036322  -0.010328  -0.011412  0.061832  0.995595  -0.070474  -0.903237  0.085859  0.420466  0.424665  0.037656  0.904567  -0.035929  0.014170  0.011870  0.016280  0.013169  -0.314234  1.000000  
143.564881 0.036281  -0.010310  -0.011404  0.062204  0.995569  -0.070526  -0.903211  0.086218  0.420448  0.424665  0.037546  0.904572  -0.035695  0.014330  0.011256  0.011062  0.013521  -0.307999  1.000000  
143.565883 0.036248  -0.010297  -0.011395  0.062390  0.995551  -0.070613  -0.903198  0.086423  0.420433  0.424665  0.037546  0.904572  -0.035494  0.014452  0.011005  0.008763  0.009614  -0.295356  1.000000  
143.567145 0.036208  -0.010282  -0.011384  0.062947  0.995497  -0.070872  -0.903160  0.087037  0.420390  0.424665  0.037546  0.904572  -0.034887  0.014662  0.010927  0.003538  0.009912  -0.288755  1.000000  
143.568382 0.036169  -0.010266  -0.011371  0.063319  0.995461  -0.071045  -0.903134  0.087447  0.420360  0.424665  0.037546  0.904572  -0.034234  0.014736  0.010939  -0.001677  0.010223  -0.282621  1.000000  
143.569628 0.036133  -0.010248  -0.011357  0.063877  0.995407  -0.071305  -0.903094  0.088062  0.420316  0.424665  0.037546  0.904572  -0.033230  0.014978  0.010943  -0.006894  0.010529  -0.276379  1.000000  
143.570877 0.036099  -0.010230  -0.011344  0.064439  0.995344  -0.071677  -0.903111  0.088723  0.420141  0.424544  0.037658  0.904624  -0.032298  0.015159  0.010824  -0.012096  0.006309  -0.270015  1.000000  
143.572129 0.036065  -0.010210  -0.011332  0.064997  0.995289  -0.071936  -0.903071  0.089338  0.420096  0.424544  0.037658  0.904624  -0.031566  0.015191  0.010557  -0.022975  0.010476  -0.274143  1.000000  
143.573376 0.036032  -0.010189  -0.011321  0.065740  0.995215  -0.072282  -0.903017  0.090157  0.420037  0.424544  0.037658  0.904624  -0.030797  0.015047  0.009994  -0.031319  0.010596  -0.276418  1.000000  
143.574377 0.036008  -0.010173  -0.011314  0.066298  0.995159  -0.072541  -0.902977  0.090772  0.419992  0.424544  0.037658  0.904624  -0.030129  0.014934  0.009462  -0.044974  0.010010  -0.286576  1.000000  
143.575377 0.035984  -0.010157  -0.011306  0.066851  0.995103  -0.072810  -0.902879  0.091391  0.420068  0.424665  0.037656  0.904567  -0.029509  0.014799  0.008900  -0.051956  0.014219  -0.293010  1.000000  
143.576627 0.035954  -0.010138  -0.011297  0.067409  0.995046  -0.073069  -0.902837  0.092006  0.420023  0.424665  0.037656  0.904567  -0.028782  0.014702  0.008571  -0.060040  0.014254  -0.292984  1.000000  
143.577628 0.035929  -0.010124  -0.011288  0.067781  0.995008  -0.073242  -0.902810  0.092416  0.419993  0.424665  0.037656  0.904567  -0.028360  0.014570  0.008621  -0.068143  0.009832  -0.292766  1.000000  
143.578886 0.035893  -0.010108  -0.011278  0.068524  0.994923  -0.073709  -0.902754  0.093286  0.419921  0.424665  0.037766  0.904562  -0.027943  0.014447  0.008894  -0.090905  0.004924  -0.307493  1.000000  
143.580136 0.035856  -0.010094  -0.011263  0.069263  0.994845  -0.074064  -0.902640  0.094110  0.419981  0.424786  0.037763  0.904506  -0.027769  0.014233  0.009328  -0.107886  0.008658  -0.326439  1.000000  
143.581380 0.035819  -0.010080  -0.011247  0.070007  0.994767  -0.074409  -0.902583  0.094929  0.419920  0.424786  0.037763  0.904506  -0.027508  0.014065  0.009635  -0.122723  0.003099  -0.348400  1.000000  
143.582629 0.035784  -0.010064  -0.011232  0.070564  0.994709  -0.074669  -0.902539  0.095544  0.419874  0.424786  0.037763  0.904506  -0.027147  0.014134  0.009751  -0.132593  0.002595  -0.360815  1.000000  
143.583668 0.035756  -0.010049  -0.011221  0.071121  0.994640  -0.075049  -0.902496  0.096209  0.419816  0.424786  0.037873  0.904501  -0.026971  0.014199  0.009759  -0.151649  -0.002380  -0.375691  1.000000  
143.584881 0.035719  -0.010030  -0.011207  0.071683  0.994581  -0.075298  -0.902508  0.096818  0.419649  0.424665  0.037876  0.904558  -0.027074  0.014335  0.009757  -0.161788  -0.007383  -0.388555  1.000000  
143.586131 0.035681  -0.010012  -0.011196  0.072426  0.994492  -0.075765  -0.902449  0.097688  0.419575  0.424665  0.037985  0.904553  -0.027416  0.014186  0.009725  -0.177281  -0.012563  -0.403709  1.000000  
143.587138 0.035652  -0.009996  -0.011188  0.072798  0.994452  -0.075937  -0.902419  0.098098  0.419544  0.424665  0.037985  0.904553  -0.027545  0.014180  0.009660  -0.185738  -0.012904  -0.413255  1.000000  
143.588376 0.035617  -0.009975  -0.011176  0.073355  0.994391  -0.076196  -0.902374  0.098712  0.419497  0.424665  0.037985  0.904553  -0.027720  0.014267  0.009640  -0.192996  -0.013585  -0.428577  1.000000  
143.589626 0.035579  -0.009956  -0.011163  0.073908  0.994329  -0.076465  -0.902272  0.099331  0.419570  0.424786  0.037983  0.904496  -0.028170  0.014231  0.009906  -0.199988  -0.009363  -0.434970  1.000000  
143.590876 0.035540  -0.009938  -0.011146  0.074465  0.994258  -0.076845  -0.902226  0.099996  0.419511  0.424786  0.038093  0.904492  -0.028770  0.014154  0.010425  -0.217952  -0.009858  -0.447392  1.000000  
143.592134 0.035498  -0.009920  -0.011127  0.074837  0.994217  -0.077018  -0.902195  0.100405  0.419479  0.424786  0.038093  0.904492  -0.029585  0.014053  0.011114  -0.222089  -0.009835  -0.447581  1.000000  
143.593376 0.035456  -0.009904  -0.011107  0.075394  0.994155  -0.077277  -0.902149  0.101019  0.419431  0.424786  0.038093  0.904492  -0.030146  0.014030  0.011703  -0.229012  -0.014522  -0.453456  1.000000  
143.594378 0.035422  -0.009890  -0.011092  0.075580  0.994134  -0.077363  -0.902133  0.101224  0.419416  0.424786  0.038093  0.904492  -0.030451  0.014188  0.011945  -0.228959  -0.014519  -0.453351  1.000000  
143.595389 0.035387  -0.009876  -0.011079  0.075951  0.994083  -0.077656  -0.902102  0.101684  0.419371  0.424786  0.038202  0.904487  -0.030716  0.014405  0.012045  -0.238981  -0.014637  -0.457051  1.000000  
143.596636 0.035346  -0.009856  -0.011061  0.076508  0.994010  -0.078036  -0.902055  0.102349  0.419311  0.424786  0.038312  0.904483  -0.031122  0.014721  0.012149  -0.245998  -0.014927  -0.463313  1.000000  
143.597881 0.035304  -0.009836  -0.011046  0.076880  0.993968  -0.078209  -0.902023  0.102758  0.419279  0.424786  0.038312  0.904483  -0.031649  0.014982  0.012217  -0.243118  -0.014668  -0.457163  1.000000  
143.598884 0.035271  -0.009818  -0.011033  0.077437  0.993895  -0.078588  -0.901976  0.103423  0.419218  0.424786  0.038422  0.904478  -0.031866  0.015151  0.012350  -0.250067  -0.014955  -0.463298  1.000000  
143.600136 0.035230  -0.009796  -0.011019  0.077813  0.993853  -0.078750  -0.902000  0.103827  0.419065  0.424665  0.038424  0.904535  -0.032132  0.015384  0.012464  -0.247062  -0.019183  -0.456799  1.000000  
143.601139 0.035198  -0.009777  -0.011005  0.078184  0.993800  -0.079043  -0.901968  0.104287  0.419020  0.424665  0.038534  0.904530  -0.032212  0.015632  0.012832  -0.247023  -0.014746  -0.456984  1.000000  
143.602378 0.035160  -0.009754  -0.010987  0.078741  0.993736  -0.079302  -0.901920  0.104901  0.418971  0.424665  0.038534  0.904530  -0.032424  0.015902  0.013349  -0.247097  -0.014751  -0.457120  1.000000  
143.603626 0.035122  -0.009731  -0.010965  0.079298  0.993661  -0.079682  -0.901871  0.105565  0.418909  0.424665  0.038644  0.904525  -0.032551  0.016104  0.013974  -0.248250  -0.014515  -0.450886  1.000000  
143.604626 0.035089  -0.009714  -0.010948  0.079670  0.993618  -0.079854  -0.901838  0.105975  0.418876  0.424665  0.038644  0.904525  -0.032737  0.016155  0.014327  -0.246257  -0.018853  -0.447010  1.000000  
143.605626 0.035057  -0.009697  -0.010930  0.080227  0.993542  -0.080233  -0.901789  0.106639  0.418814  0.424665  0.038753  0.904521  -0.032789  0.016345  0.014629  -0.249421  -0.018771  -0.444426  1.000000  
143.606876 0.035016  -0.009676  -0.010911  0.080789  0.993477  -0.080481  -0.901796  0.107247  0.418644  0.424544  0.038756  0.904577  -0.032734  0.016553  0.014642  -0.249409  -0.023267  -0.444282  1.000000  
143.608133 0.034975  -0.009655  -0.010894  0.081346  0.993400  -0.080860  -0.901746  0.107912  0.418581  0.424544  0.038865  0.904573  -0.032557  0.016864  0.014430  -0.253409  -0.023286  -0.444144  1.000000  
143.609376 0.034936  -0.009633  -0.010877  0.082088  0.993301  -0.081325  -0.901678  0.108781  0.418501  0.424544  0.038975  0.904568  -0.032396  0.017133  0.014308  -0.254324  -0.023420  -0.446847  1.000000  
143.610376 0.034905  -0.009615  -0.010865  0.082645  0.993234  -0.081584  -0.901627  0.109394  0.418450  0.424544  0.038975  0.904568  -0.032209  0.017407  0.014238  -0.254342  -0.027874  -0.446623  1.000000  
143.611626 0.034865  -0.009593  -0.010850  0.083388  0.993134  -0.082049  -0.901559  0.110263  0.418370  0.424544  0.039085  0.904563  -0.032106  0.017574  0.014124  -0.258376  -0.027901  -0.446605  1.000000  
143.612639 0.034834  -0.009573  -0.010836  0.084135  0.993033  -0.082502  -0.901547  0.111126  0.418168  0.424423  0.039197  0.904615  -0.031823  0.017777  0.014275  -0.264453  -0.032639  -0.449938  1.000000  
143.613881 0.034796  -0.009548  -0.010817  0.085063  0.992918  -0.082933  -0.901460  0.112148  0.418083  0.424423  0.039197  0.904615  -0.031644  0.018010  0.014443  -0.266334  -0.028721  -0.462852  1.000000  
143.614884 0.034766  -0.009528  -0.010801  0.085620  0.992839  -0.083311  -0.901407  0.112812  0.418018  0.424423  0.039307  0.904611  -0.031432  0.018150  0.014731  -0.270475  -0.028756  -0.462959  1.000000  
143.615884 0.034735  -0.009509  -0.010787  0.086362  0.992745  -0.083656  -0.901336  0.113630  0.417949  0.424423  0.039307  0.904611  -0.031409  0.018195  0.014822  -0.269240  -0.029041  -0.469053  1.000000  
143.617130 0.034696  -0.009486  -0.010765  0.087104  0.992641  -0.084120  -0.901265  0.114498  0.417866  0.424423  0.039417  0.904606  -0.031394  0.018190  0.014988  -0.276972  -0.029370  -0.477742  1.000000  
143.618131 0.034664  -0.009468  -0.010749  0.087847  0.992547  -0.084464  -0.901193  0.115315  0.417797  0.424423  0.039417  0.904606  -0.031494  0.018150  0.014925  -0.282112  -0.029871  -0.487799  1.000000  
143.619377 0.034623  -0.009446  -0.010732  0.088589  0.992451  -0.084808  -0.901120  0.116132  0.417727  0.424423  0.039417  0.904606  -0.031618  0.018124  0.014666  -0.285118  -0.034635  -0.493912  1.000000  
143.620626 0.034581  -0.009425  -0.010716  0.089516  0.992321  -0.085359  -0.901028  0.117205  0.417625  0.424423  0.039526  0.904601  -0.031696  0.018121  0.014290  -0.290998  -0.035233  -0.506433  1.000000  
143.621876 0.034538  -0.009404  -0.010701  0.090258  0.992224  -0.085702  -0.900954  0.118022  0.417555  0.424423  0.039526  0.904601  -0.031842  0.018186  0.014033  -0.296959  -0.035780  -0.519098  1.000000  
143.622877 0.034503  -0.009387  -0.010689  0.091000  0.992127  -0.086046  -0.900880  0.118839  0.417484  0.424423  0.039526  0.904601  -0.032005  0.018194  0.013938  -0.302754  -0.036307  -0.531476  1.000000  
143.624133 0.034459  -0.009366  -0.010673  0.091927  0.991993  -0.086596  -0.900786  0.119911  0.417381  0.424423  0.039636  0.904596  -0.032305  0.018084  0.013864  -0.315596  -0.037140  -0.550165  1.000000  
143.625379 0.034414  -0.009345  -0.010656  0.092669  0.991894  -0.086940  -0.900710  0.120727  0.417310  0.424423  0.039636  0.904596  -0.032674  0.018032  0.013983  -0.314912  -0.037417  -0.558278  1.000000  
143.626626 0.034370  -0.009322  -0.010638  0.093411  0.991794  -0.087284  -0.900633  0.121544  0.417238  0.424423  0.039636  0.904596  -0.032985  0.017990  0.014073  -0.313776  -0.037718  -0.564474  1.000000  
143.627629 0.034334  -0.009304  -0.010623  0.094152  0.991694  -0.087627  -0.900556  0.122361  0.417166  0.424423  0.039636  0.904596  -0.033346  0.017950  0.014183  -0.319559  -0.038247  -0.576808  1.000000  
143.628757 0.034299  -0.009286  -0.010607  0.094709  0.991618  -0.087885  -0.900497  0.122973  0.417112  0.424423  0.039636  0.904596  -0.033428  0.017589  0.014066  -0.316789  -0.038437  -0.579134  1.000000  
143.629888 0.034254  -0.009265  -0.010590  0.095450  0.991517  -0.088228  -0.900419  0.123790  0.417039  0.424423  0.039636  0.904596  -0.034155  0.017484  0.014059  -0.323922  -0.034642  -0.594235  1.000000  
143.630888 0.034217  -0.009249  -0.010577  0.096192  0.991414  -0.088572  -0.900340  0.124606  0.416966  0.424423  0.039636  0.904596  -0.034625  0.017258  0.013875  -0.325754  -0.035223  -0.606815  1.000000  
143.632138 0.034170  -0.009230  -0.010563  0.096933  0.991311  -0.088915  -0.900261  0.125423  0.416893  0.424423  0.039636  0.904596  -0.035091  0.017023  0.013455  -0.328566  -0.035480  -0.612840  1.000000  
143.633380 0.034124  -0.009210  -0.010548  0.097489  0.991244  -0.089052  -0.900201  0.125984  0.416853  0.424423  0.039526  0.904601  -0.035509  0.016863  0.013168  -0.320485  -0.035488  -0.612974  1.000000  
143.634631 0.034078  -0.009192  -0.010534  0.098230  0.991140  -0.089395  -0.900120  0.126801  0.416780  0.424423  0.039526  0.904601  -0.035811  0.016678  0.012956  -0.323394  -0.035755  -0.619178  1.000000  
143.635877 0.034032  -0.009173  -0.010518  0.098971  0.991036  -0.089739  -0.900039  0.127617  0.416706  0.424423  0.039526  0.904601  -0.036074  0.016519  0.012956  -0.322318  -0.036070  -0.625556  1.000000  
143.637128 0.033985  -0.009155  -0.010502  0.099713  0.990930  -0.090082  -0.899957  0.128433  0.416632  0.424423  0.039526  0.904601  -0.036308  0.016281  0.013091  -0.325199  -0.031848  -0.632002  1.000000  
143.638377 0.033940  -0.009136  -0.010485  0.100460  0.990825  -0.090411  -0.899931  0.129244  0.416438  0.424302  0.039529  0.904658  -0.036379  0.016150  0.013233  -0.324033  -0.036653  -0.638117  1.000000  
143.639626 0.033896  -0.009117  -0.010467  0.101386  0.990691  -0.090840  -0.899827  0.130263  0.416344  0.424302  0.039529  0.904658  -0.036338  0.016090  0.013284  -0.322900  -0.036964  -0.644388  1.000000  
143.640876 0.033853  -0.009097  -0.010450  0.102127  0.990584  -0.091183  -0.899743  0.131079  0.416269  0.424302  0.039529  0.904658  -0.036212  0.015907  0.013245  -0.319104  -0.036967  -0.645275  1.000000  
143.641877 0.033820  -0.009082  -0.010438  0.103060  0.990449  -0.091597  -0.899694  0.132093  0.416055  0.424181  0.039531  0.904714  -0.036064  0.015718  0.013035  -0.317869  -0.037348  -0.651244  1.000000  
143.643126 0.033779  -0.009063  -0.010424  0.103986  0.990312  -0.092026  -0.899588  0.133113  0.415961  0.424181  0.039531  0.904714  -0.035874  0.015507  0.012740  -0.317988  -0.037290  -0.651730  1.000000  
143.644128 0.033746  -0.009048  -0.010413  0.104727  0.990202  -0.092368  -0.899502  0.133928  0.415885  0.424181  0.039531  0.904714  -0.035701  0.015345  0.012557  -0.313891  -0.037323  -0.651619  1.000000  
143.645382 0.033707  -0.009029  -0.010401  0.105659  0.990076  -0.092662  -0.899450  0.134892  0.415685  0.424059  0.039424  0.904776  -0.035240  0.015165  0.012201  -0.312658  -0.042004  -0.657537  1.000000  
143.646383 0.033675  -0.009015  -0.010390  0.106400  0.989964  -0.093004  -0.899362  0.135707  0.415609  0.424059  0.039424  0.904776  -0.034861  0.015040  0.012087  -0.311141  -0.042388  -0.662918  1.000000  
143.647636 0.033636  -0.008998  -0.010377  0.107325  0.989824  -0.093432  -0.899252  0.136726  0.415513  0.424059  0.039424  0.904776  -0.034342  0.014893  0.012043  -0.311140  -0.042388  -0.662916  1.000000  
143.648883 0.033598  -0.008981  -0.010361  0.108251  0.989683  -0.093860  -0.899141  0.137745  0.415417  0.424059  0.039424  0.904776  -0.033726  0.014788  0.012058  -0.314083  -0.042662  -0.669193  1.000000  
143.650130 0.033561  -0.008963  -0.010346  0.109368  0.989513  -0.094358  -0.899063  0.138962  0.415180  0.423938  0.039426  0.904833  -0.033170  0.014743  0.012127  -0.312901  -0.047469  -0.675284  1.000000  
143.651381 0.033526  -0.008944  -0.010330  0.110479  0.989340  -0.094871  -0.898928  0.140184  0.415063  0.423938  0.039426  0.904833  -0.032371  0.014784  0.012073  -0.318763  -0.048014  -0.687786  1.000000  
143.652382 0.033499  -0.008929  -0.010318  0.111411  0.989196  -0.095283  -0.898870  0.141197  0.414845  0.423817  0.039429  0.904889  -0.031726  0.014781  0.012034  -0.321627  -0.052777  -0.693820  1.000000  
143.653626 0.033464  -0.008910  -0.010303  0.112336  0.989050  -0.095710  -0.898755  0.142215  0.414747  0.423817  0.039429  0.904889  -0.031050  0.014801  0.011798  -0.321935  -0.052620  -0.694413  1.000000  
143.654626 0.033438  -0.008895  -0.010292  0.113076  0.988933  -0.096052  -0.898662  0.143030  0.414668  0.423817  0.039429  0.904889  -0.030425  0.014814  0.011643  -0.320801  -0.052934  -0.700617  1.000000  
143.655629 0.033412  -0.008879  -0.010283  0.114001  0.988785  -0.096479  -0.898545  0.144048  0.414569  0.423817  0.039429  0.904889  -0.029941  0.014754  0.011343  -0.323465  -0.053373  -0.706435  1.000000  
143.656876 0.033381  -0.008859  -0.010271  0.114933  0.988637  -0.096890  -0.898483  0.145060  0.414349  0.423696  0.039431  0.904946  -0.029279  0.014876  0.011109  -0.326397  -0.058148  -0.712620  1.000000  
143.658127 0.033349  -0.008839  -0.010258  0.116043  0.988457  -0.097402  -0.898341  0.146281  0.414229  0.423696  0.039431  0.904946  -0.028526  0.014947  0.011017  -0.332454  -0.058486  -0.725410  1.000000  
143.659376 0.033318  -0.008820  -0.010245  0.116783  0.988336  -0.097743  -0.898245  0.147095  0.414149  0.423696  0.039431  0.904946  -0.027986  0.014977  0.011009  -0.329550  -0.058216  -0.719215  1.000000  
143.660377 0.033293  -0.008804  -0.010233  0.117522  0.988215  -0.098084  -0.898148  0.147909  0.414068  0.423696  0.039431  0.904946  -0.027620  0.015022  0.011155  -0.332506  -0.058495  -0.725524  1.000000  
143.661626 0.033261  -0.008785  -0.010218  0.118447  0.988062  -0.098510  -0.898027  0.148926  0.413967  0.423696  0.039431  0.904946  -0.027075  0.015104  0.011296  -0.335379  -0.058760  -0.731652  1.000000  
143.662637 0.033236  -0.008770  -0.010207  0.119186  0.987939  -0.098851  -0.897929  0.149740  0.413886  0.423696  0.039431  0.904946  -0.026641  0.015194  0.011286  -0.342127  -0.059183  -0.737483  1.000000  
143.663885 0.033205  -0.008750  -0.010192  0.119926  0.987815  -0.099192  -0.897831  0.150553  0.413804  0.423696  0.039431  0.904946  -0.026142  0.015390  0.011289  -0.345026  -0.059450  -0.743668  1.000000  
143.665133 0.033175  -0.008729  -0.010178  0.120850  0.987660  -0.099617  -0.897707  0.151570  0.413702  0.423696  0.039431  0.904946  -0.025707  0.015579  0.011143  -0.347990  -0.059728  -0.749993  1.000000  
143.666382 0.033145  -0.008708  -0.010165  0.121581  0.987534  -0.099974  -0.897551  0.152389  0.413740  0.423817  0.039429  0.904889  -0.025361  0.015780  0.010913  -0.348054  -0.055238  -0.750195  1.000000  
143.667444 0.033121  -0.008691  -0.010156  0.122321  0.987408  -0.100315  -0.897450  0.153202  0.413657  0.423817  0.039429  0.904889  -0.024982  0.015852  0.010694  -0.350186  -0.050910  -0.755053  1.000000  
143.668640 0.033091  -0.008669  -0.010144  0.123060  0.987269  -0.100775  -0.897349  0.154065  0.413556  0.423817  0.039539  0.904884  -0.024843  0.016090  0.010560  -0.351987  -0.050778  -0.750213  1.000000  
143.669882 0.033062  -0.008646  -0.010133  0.123798  0.987142  -0.101116  -0.897247  0.154878  0.413473  0.423817  0.039539  0.904884  -0.024615  0.016335  0.010545  -0.352153  -0.050802  -0.750566  1.000000  
143.670909 0.033039  -0.008628  -0.010122  0.124353  0.987046  -0.101371  -0.897171  0.155488  0.413410  0.423817  0.039539  0.904884  -0.024401  0.016478  0.010560  -0.345870  -0.050195  -0.737161  1.000000  
143.672138 0.033010  -0.008605  -0.010108  0.125091  0.986918  -0.101712  -0.897068  0.156300  0.413327  0.423817  0.039539  0.904884  -0.024281  0.016627  0.010689  -0.343153  -0.045470  -0.731689  1.000000  
143.673385 0.032980  -0.008583  -0.010092  0.125830  0.986776  -0.102172  -0.896965  0.157163  0.413224  0.423817  0.039648  0.904880  -0.024163  0.016788  0.010926  -0.344328  -0.045245  -0.725496  1.000000  
143.674632 0.032951  -0.008560  -0.010078  0.126577  0.986647  -0.102495  -0.896917  0.157970  0.413020  0.423696  0.039651  0.904936  -0.024044  0.017007  0.010963  -0.345471  -0.049427  -0.719167  1.000000  
143.675882 0.032922  -0.008539  -0.010063  0.127500  0.986484  -0.102920  -0.896786  0.158986  0.412914  0.423696  0.039651  0.904936  -0.023856  0.017229  0.010968  -0.345509  -0.044840  -0.719715  1.000000  
143.677132 0.032893  -0.008515  -0.010049  0.128238  0.986341  -0.103380  -0.896681  0.159848  0.412810  0.423696  0.039761  0.904931  -0.023737  0.017528  0.010903  -0.346646  -0.044612  -0.713511  1.000000  
143.678134 0.032870  -0.008497  -0.010038  0.128977  0.986209  -0.103720  -0.896575  0.160660  0.412724  0.423696  0.039761  0.904931  -0.023565  0.017691  0.010758  -0.346705  -0.044620  -0.713632  1.000000  
143.679383 0.032843  -0.008472  -0.010026  0.129899  0.986030  -0.104264  -0.896442  0.161726  0.412598  0.423696  0.039870  0.904927  -0.023406  0.017931  0.010651  -0.347712  -0.039989  -0.707178  1.000000  
143.680384 0.032819  -0.008454  -0.010016  0.130638  0.985896  -0.104604  -0.896335  0.162538  0.412512  0.423696  0.039870  0.904927  -0.023271  0.018131  0.010584  -0.344708  -0.039706  -0.700770  1.000000  
143.681633 0.032793  -0.008429  -0.010003  0.131560  0.985716  -0.105148  -0.896200  0.163602  0.412384  0.423696  0.039980  0.904922  -0.023064  0.018337  0.010705  -0.346099  -0.039502  -0.695005  1.000000  
143.682637 0.032770  -0.008410  -0.009992  0.132298  0.985581  -0.105487  -0.896091  0.164414  0.412297  0.423696  0.039980  0.904922  -0.023011  0.018550  0.010848  -0.345762  -0.034979  -0.694640  1.000000  
143.683880 0.032743  -0.008385  -0.009977  0.133413  0.985365  -0.106098  -0.895983  0.165676  0.412027  0.423575  0.040092  0.904974  -0.022834  0.018578  0.011006  -0.352817  -0.039799  -0.700911  1.000000  
143.684888 0.032721  -0.008366  -0.009965  0.134151  0.985228  -0.106438  -0.895873  0.166487  0.411939  0.423575  0.040092  0.904974  -0.022690  0.018728  0.011143  -0.349817  -0.039516  -0.694514  1.000000  
143.686138 0.032693  -0.008341  -0.009950  0.135073  0.985043  -0.106981  -0.895734  0.167551  0.411809  0.423575  0.040202  0.904969  -0.022657  0.018832  0.011261  -0.353808  -0.035064  -0.694656  1.000000  
143.687381 0.032665  -0.008317  -0.009934  0.136179  0.984836  -0.107490  -0.895567  0.168768  0.411677  0.423575  0.040202  0.904969  -0.022571  0.018950  0.011354  -0.353927  -0.035075  -0.694890  1.000000  
143.688384 0.032643  -0.008297  -0.009922  0.136917  0.984683  -0.107948  -0.895454  0.169629  0.411567  0.423575  0.040312  0.904964  -0.022498  0.019052  0.011354  -0.360857  -0.035386  -0.700996  1.000000  
143.689631 0.032614  -0.008273  -0.009909  0.137847  0.984509  -0.108353  -0.895369  0.170637  0.411336  0.423453  0.040315  0.905020  -0.022458  0.019171  0.011212  -0.360842  -0.039882  -0.700884  1.000000  
143.690632 0.032590  -0.008254  -0.009898  0.138584  0.984355  -0.108811  -0.895255  0.171498  0.411226  0.423453  0.040424  0.905015  -0.022496  0.019272  0.011186  -0.364934  -0.039926  -0.700910  1.000000  
143.691882 0.032560  -0.008230  -0.009885  0.139506  0.984178  -0.109235  -0.895112  0.172511  0.411114  0.423453  0.040424  0.905015  -0.022537  0.019308  0.011129  -0.365102  -0.039945  -0.701233  1.000000  
143.693133 0.032530  -0.008205  -0.009871  0.140427  0.983986  -0.109777  -0.894968  0.173574  0.410980  0.423453  0.040534  0.905011  -0.022681  0.019411  0.011163  -0.371833  -0.040194  -0.707649  1.000000  
143.694385 0.032499  -0.008180  -0.009856  0.141348  0.983794  -0.110319  -0.894823  0.174636  0.410846  0.423453  0.040644  0.905006  -0.022843  0.019531  0.011343  -0.375873  -0.040236  -0.707640  1.000000  
143.695636 0.032468  -0.008155  -0.009840  0.142269  0.983614  -0.110742  -0.894677  0.175649  0.410732  0.423453  0.040644  0.905006  -0.023105  0.019583  0.011600  -0.379026  -0.045060  -0.713265  1.000000  
143.696881 0.032436  -0.008130  -0.009822  0.143190  0.983419  -0.111284  -0.894530  0.176711  0.410597  0.423453  0.040754  0.905001  -0.023388  0.019632  0.011943  -0.382847  -0.045006  -0.713583  1.000000  
143.697882 0.032409  -0.008110  -0.009809  0.143927  0.983259  -0.111742  -0.894412  0.177571  0.410483  0.423453  0.040863  0.904996  -0.023754  0.019667  0.012017  -0.383283  -0.045144  -0.714390  1.000000  
143.699133 0.032374  -0.008084  -0.009792  0.144663  0.983099  -0.112199  -0.894293  0.178430  0.410369  0.423453  0.040973  0.904991  -0.024223  0.019711  0.012193  -0.386919  -0.045139  -0.713628  1.000000  
143.700382 0.032339  -0.008060  -0.009774  0.145584  0.982901  -0.112740  -0.894143  0.179492  0.410232  0.423453  0.041083  0.904986  -0.024739  0.019730  0.012287  -0.397136  -0.045836  -0.725805  1.000000  
143.701383 0.032310  -0.008040  -0.009762  0.146320  0.982753  -0.113078  -0.894023  0.180301  0.410139  0.423453  0.041083  0.904986  -0.025201  0.019764  0.012231  -0.400054  -0.046114  -0.732042  1.000000  
143.702384 0.032279  -0.008021  -0.009750  0.147056  0.982591  -0.113535  -0.893902  0.181160  0.410024  0.423453  0.041193  0.904981  -0.025741  0.019806  0.012264  -0.407050  -0.046436  -0.738279  1.000000  
143.703631 0.032241  -0.007996  -0.009735  0.147792  0.982427  -0.113992  -0.893781  0.182019  0.409908  0.423453  0.041302  0.904976  -0.026328  0.019842  0.012285  -0.403701  -0.046143  -0.732200  1.000000  
143.704633 0.032210  -0.007977  -0.009722  0.148528  0.982263  -0.114448  -0.893659  0.182877  0.409792  0.423453  0.041412  0.904971  -0.026969  0.019830  0.012419  -0.411069  -0.042078  -0.738480  1.000000  
143.705881 0.032169  -0.007953  -0.009705  0.149264  0.982112  -0.114786  -0.893536  0.183686  0.409697  0.423453  0.041412  0.904971  -0.027746  0.019833  0.012688  -0.407691  -0.041732  -0.732412  1.000000  
143.706882 0.032136  -0.007933  -0.009690  0.150000  0.981947  -0.115242  -0.893413  0.184545  0.409580  0.423453  0.041522  0.904966  -0.028368  0.019826  0.013011  -0.411107  -0.042172  -0.738544  1.000000  
143.708133 0.032093  -0.007908  -0.009673  0.150736  0.981780  -0.115699  -0.893289  0.185403  0.409463  0.423453  0.041632  0.904961  -0.029183  0.019800  0.013245  -0.411727  -0.041865  -0.732392  1.000000  
143.709381 0.032050  -0.007884  -0.009655  0.151471  0.981613  -0.116155  -0.893165  0.186261  0.409345  0.423453  0.041742  0.904956  -0.029980  0.019763  0.013395  -0.408841  -0.041676  -0.726213  1.000000  
143.710382 0.032014  -0.007865  -0.009641  0.152032  0.981499  -0.116387  -0.893127  0.186862  0.409154  0.423332  0.041744  0.905012  -0.030696  0.019719  0.013482  -0.405894  -0.045853  -0.719839  1.000000  
143.711632 0.031968  -0.007841  -0.009623  0.152768  0.981331  -0.116843  -0.893002  0.187719  0.409035  0.423332  0.041854  0.905007  -0.031626  0.019613  0.013514  -0.402967  -0.045657  -0.713587  1.000000  
143.712647 0.031930  -0.007822  -0.009609  0.153503  0.981161  -0.117299  -0.892876  0.188577  0.408916  0.423332  0.041964  0.905002  -0.032416  0.019529  0.013540  -0.404294  -0.041003  -0.706882  1.000000  
143.713882 0.031882  -0.007798  -0.009592  0.154422  0.980953  -0.117839  -0.892717  0.189636  0.408772  0.423332  0.042073  0.904997  -0.033385  0.019429  0.013529  -0.404503  -0.041110  -0.707243  1.000000  
143.714884 0.031843  -0.007779  -0.009579  0.155341  0.980757  -0.118260  -0.892558  0.190646  0.408650  0.423332  0.042073  0.904997  -0.034122  0.019391  0.013444  -0.407003  -0.041337  -0.713875  1.000000  
143.715886 0.031802  -0.007760  -0.009566  0.156085  0.980586  -0.118694  -0.892485  0.191498  0.408410  0.423211  0.042186  0.905049  -0.034826  0.019289  0.013554  -0.407417  -0.045978  -0.713374  1.000000  
143.717130 0.031750  -0.007738  -0.009548  0.156820  0.980428  -0.119030  -0.892356  0.192305  0.408312  0.423211  0.042186  0.905049  -0.035801  0.019163  0.013730  -0.401120  -0.045312  -0.701225  1.000000  
143.718132 0.031709  -0.007719  -0.009532  0.157555  0.980269  -0.119367  -0.892227  0.193112  0.408214  0.423211  0.042186  0.905049  -0.036550  0.019088  0.013903  -0.401179  -0.045319  -0.701328  1.000000  
143.719384 0.031655  -0.007697  -0.009514  0.158473  0.980055  -0.119906  -0.892064  0.194171  0.408068  0.423211  0.042296  0.905043  -0.037572  0.018933  0.014149  -0.401448  -0.040994  -0.700961  1.000000  
143.720634 0.031601  -0.007675  -0.009493  0.159402  0.979856  -0.120304  -0.891956  0.195174  0.407825  0.423090  0.042298  0.905100  -0.038508  0.018824  0.014354  -0.397304  -0.045528  -0.700739  1.000000  
143.721881 0.031545  -0.007653  -0.009475  0.160513  0.979615  -0.120787  -0.891814  0.196379  0.407557  0.422969  0.042301  0.905156  -0.039355  0.018671  0.014392  -0.399823  -0.050180  -0.707259  1.000000  
143.722882 0.031500  -0.007635  -0.009460  0.161248  0.979453  -0.121122  -0.891682  0.197185  0.407457  0.422969  0.042301  0.905156  -0.040223  0.018510  0.014446  -0.396187  -0.050360  -0.706955  1.000000  
143.724133 0.031443  -0.007613  -0.009442  0.162359  0.979210  -0.121604  -0.891538  0.198389  0.407188  0.422847  0.042304  0.905213  -0.041147  0.018390  0.014416  -0.394998  -0.055184  -0.713044  1.000000  
143.725136 0.031396  -0.007596  -0.009429  0.163287  0.979006  -0.122001  -0.891426  0.199392  0.406943  0.422726  0.042306  0.905270  -0.041855  0.018196  0.014326  -0.397811  -0.059955  -0.719004  1.000000  
143.726385 0.031336  -0.007575  -0.009412  0.164398  0.978775  -0.122363  -0.891279  0.200546  0.406698  0.422605  0.042199  0.905331  -0.042810  0.018033  0.014329  -0.392427  -0.064523  -0.725732  1.000000  
