1-Time 2-Px 3-Py 4-Pz 5-R11 6-R21 7-R31 8-R12 9-R22 10-R32 11-R13 12-R23 13-R33 14-Vx 15-Vy 16-Vz 17-Wx 18-Wy 19-Wz 20-state
7.730894 -0.032848  0.060994  -0.049525  0.923691  0.190929  0.332176  -0.379824  0.570113  0.728495  -0.050287  -0.799073  0.599128  0.000000  0.000000  0.000000  0.000000  0.000000  0.000000  1.000000  
7.731910 -0.032848  0.060994  -0.049525  0.923691  0.190929  0.332176  -0.379824  0.570113  0.728495  -0.050287  -0.799073  0.599128  -0.000479  -0.000177  -0.000994  0.000000  0.000000  0.000000  1.000000  
7.732911 -0.032842  0.060988  -0.049521  0.923691  0.190929  0.332176  -0.379824  0.570113  0.728495  -0.050287  -0.799073  0.599128  0.003255  -0.003521  0.002362  0.000000  0.000000  0.000000  1.000000  
7.734158 -0.032829  0.060974  -0.049509  0.923691  0.190929  0.332176  -0.379824  0.570113  0.728495  -0.050287  -0.799073  0.599128  0.006176  -0.006603  0.005239  0.000000  0.000000  0.000000  1.000000  
7.735161 -0.032816  0.060961  -0.049499  0.923691  0.190889  0.332199  -0.379824  0.570025  0.728564  -0.050287  -0.799145  0.599031  0.007962  -0.008153  0.006488  0.000000  0.000000  0.000000  1.000000  
7.736405 -0.032797  0.060942  -0.049486  0.923685  0.190709  0.332320  -0.379821  0.569889  0.728672  -0.050421  -0.799285  0.598833  0.009817  -0.009975  0.007374  0.000000  0.000000  0.000000  1.000000  
7.737409 -0.032779  0.060922  -0.049478  0.923763  0.190511  0.332216  -0.379631  0.569751  0.728879  -0.050421  -0.799431  0.598639  0.011114  -0.011461  0.007394  0.000000  0.000000  0.000000  1.000000  
7.738677 -0.032753  0.060893  -0.049469  0.923769  0.190530  0.332188  -0.379633  0.569534  0.729047  -0.050287  -0.799581  0.598449  0.012656  -0.013421  0.007344  0.000000  0.000000  0.000000  1.000000  
7.739906 -0.032722  0.060860  -0.049459  0.923769  0.190409  0.332257  -0.379633  0.569268  0.729255  -0.050287  -0.799799  0.598158  0.014446  -0.015360  0.007467  0.000000  0.000000  0.000000  1.000000  
7.741155 -0.032685  0.060824  -0.049449  0.923847  0.190211  0.332153  -0.379443  0.569130  0.729461  -0.050287  -0.799944  0.597964  0.016318  -0.017024  0.007620  0.000000  0.000000  0.000000  1.000000  
7.742156 -0.032653  0.060794  -0.049438  0.923919  0.189874  0.332146  -0.379250  0.568945  0.729706  -0.050421  -0.800156  0.597669  0.017705  -0.018142  0.007907  0.000000  0.000000  0.000000  1.000000  
7.743465 -0.032613  0.060756  -0.049422  0.923907  0.189555  0.332363  -0.379245  0.568760  0.729852  -0.050688  -0.800363  0.597369  0.019094  -0.019311  0.008339  0.000000  0.000000  0.000000  1.000000  
7.744655 -0.032573  0.060717  -0.049404  0.923894  0.189236  0.332580  -0.379240  0.568576  0.729999  -0.050955  -0.800569  0.597070  0.020353  -0.020528  0.008967  0.000000  0.000000  0.000000  1.000000  
7.745655 -0.032541  0.060683  -0.049386  0.923882  0.188957  0.332773  -0.379235  0.568480  0.730076  -0.051222  -0.800703  0.596868  0.021155  -0.021448  0.009573  0.000000  0.000000  0.000000  1.000000  
7.746712 -0.032508  0.060648  -0.049365  0.923875  0.188736  0.332916  -0.379232  0.568255  0.730252  -0.051356  -0.800915  0.596572  0.022989  -0.023365  0.010845  0.000000  0.000000  0.000000  1.000000  
7.747715 -0.032473  0.060612  -0.049342  0.923941  0.188381  0.332936  -0.379037  0.568287  0.730329  -0.051623  -0.800976  0.596467  0.024948  -0.025385  0.012029  0.000000  0.000000  0.000000  1.000000  
7.748956 -0.032428  0.060565  -0.049314  0.923934  0.188160  0.333079  -0.379034  0.568062  0.730506  -0.051757  -0.801187  0.596171  0.027140  -0.027661  0.013155  0.000000  0.000000  0.000000  1.000000  
7.750208 -0.032382  0.060514  -0.049287  0.923934  0.188080  0.333124  -0.379034  0.567885  0.730644  -0.051757  -0.801332  0.595977  0.029083  -0.029955  0.014080  0.000000  0.000000  0.000000  1.000000  
7.751411 -0.032337  0.060461  -0.049260  0.923856  0.188116  0.333320  -0.379224  0.567669  0.730713  -0.051757  -0.801477  0.595782  0.030887  -0.032327  0.015160  0.000000  0.000000  0.000000  1.000000  
7.752654 -0.032291  0.060404  -0.049232  0.923862  0.188134  0.333292  -0.379227  0.567451  0.730881  -0.051623  -0.801627  0.595592  0.032163  -0.034241  0.016308  0.000000  0.000000  0.000000  1.000000  
7.753662 -0.032255  0.060356  -0.049207  0.923875  0.188292  0.333168  -0.379232  0.567281  0.731010  -0.051356  -0.801710  0.595503  0.033253  -0.035829  0.017517  0.000000  0.000000  0.000000  1.000000  
7.754668 -0.032216  0.060307  -0.049180  0.923888  0.188369  0.333089  -0.379237  0.566933  0.731277  -0.051089  -0.801938  0.595219  0.034224  -0.037430  0.018946  0.000000  0.000000  0.000000  1.000000  
7.755678 -0.032177  0.060256  -0.049152  0.923901  0.188487  0.332987  -0.379243  0.566674  0.731475  -0.050822  -0.802093  0.595033  0.034870  -0.038945  0.020246  0.000000  0.000000  0.000000  1.000000  
7.756907 -0.032128  0.060189  -0.049116  0.923913  0.188524  0.332931  -0.379248  0.566238  0.731810  -0.050554  -0.802392  0.594652  0.035622  -0.041039  0.021791  0.218013  0.013002  -0.022661  1.000000  
7.758160 -0.032078  0.060121  -0.049084  0.923854  0.188777  0.332953  -0.379446  0.565721  0.732107  -0.050153  -0.802697  0.594274  0.036385  -0.043245  0.023016  0.225478  0.015180  -0.005128  1.000000  
7.759161 -0.032039  0.060065  -0.049061  0.923866  0.188855  0.332874  -0.379451  0.565373  0.732373  -0.049886  -0.802924  0.593990  0.036742  -0.044734  0.023453  0.230404  0.020348  0.002726  1.000000  
7.760410 -0.031990  0.059993  -0.049037  0.923963  0.188835  0.332618  -0.379268  0.564845  0.732875  -0.049485  -0.803300  0.593515  0.037340  -0.046757  0.023637  0.241661  0.033316  0.009429  1.000000  
7.761657 -0.031941  0.059920  -0.049017  0.923975  0.188872  0.332562  -0.379273  0.564408  0.733209  -0.049218  -0.803599  0.593133  0.037916  -0.048671  0.023263  0.251774  0.037804  0.016359  1.000000  
7.762657 -0.031901  0.059862  -0.049003  0.923993  0.189009  0.332434  -0.379281  0.563930  0.733573  -0.048817  -0.803902  0.592755  0.038241  -0.050216  0.022744  0.267898  0.045777  0.027103  1.000000  
7.763658 -0.031861  0.059802  -0.048988  0.924083  0.188972  0.332205  -0.379095  0.563620  0.733907  -0.048550  -0.804128  0.592470  0.038539  -0.051887  0.022214  0.280545  0.056632  0.030201  1.000000  
7.764659 -0.031821  0.059741  -0.048971  0.924101  0.189149  0.332054  -0.379103  0.563230  0.734202  -0.048149  -0.804359  0.592189  0.038802  -0.053133  0.021872  0.292467  0.064566  0.040930  1.000000  
7.765663 -0.031781  0.059679  -0.048953  0.924197  0.189211  0.331752  -0.378920  0.562879  0.734566  -0.047748  -0.804590  0.591907  0.038938  -0.054286  0.021626  0.299330  0.081368  0.051615  1.000000  
7.766687 -0.031740  0.059617  -0.048930  0.924293  0.189274  0.331449  -0.378737  0.562529  0.734929  -0.047347  -0.804821  0.591626  0.039124  -0.055566  0.021639  0.303088  0.089300  0.062411  1.000000  
7.767913 -0.031689  0.059538  -0.048895  0.924472  0.189320  0.330923  -0.378366  0.562176  0.735390  -0.046812  -0.805057  0.591348  0.039547  -0.057110  0.022009  0.308062  0.108488  0.065089  1.000000  
7.769158 -0.031637  0.059458  -0.048858  0.924573  0.189523  0.330524  -0.378185  0.561873  0.735714  -0.046278  -0.805220  0.591167  0.039918  -0.058307  0.022401  0.304370  0.124754  0.075472  1.000000  
7.770159 -0.031593  0.059393  -0.048826  0.924595  0.189842  0.330277  -0.378194  0.561531  0.735970  -0.045743  -0.805383  0.590987  0.040251  -0.059247  0.022628  0.303995  0.129878  0.094063  1.000000  
7.771160 -0.031550  0.059328  -0.048796  0.924774  0.189930  0.329728  -0.377823  0.561268  0.736362  -0.045209  -0.805546  0.590806  0.040587  -0.060187  0.022812  0.304616  0.151654  0.100317  1.000000  
7.772163 -0.031507  0.059262  -0.048765  0.924879  0.190233  0.329256  -0.377644  0.560925  0.736715  -0.044540  -0.805714  0.590628  0.040754  -0.060953  0.022856  0.304645  0.167704  0.122058  1.000000  
7.773164 -0.031464  0.059195  -0.048734  0.925062  0.190462  0.328610  -0.377274  0.560710  0.737068  -0.043872  -0.805809  0.590548  0.040960  -0.061769  0.023294  0.297697  0.197883  0.139452  1.000000  
7.774411 -0.031411  0.059110  -0.048695  0.925177  0.190966  0.327993  -0.377099  0.560285  0.737480  -0.042936  -0.805985  0.590376  0.041238  -0.062775  0.024118  0.293313  0.227049  0.167663  1.000000  
7.775663 -0.031358  0.059025  -0.048656  0.925369  0.191355  0.327223  -0.376733  0.559900  0.737959  -0.042000  -0.806161  0.590204  0.041530  -0.063687  0.025291  0.289814  0.262126  0.192043  1.000000  
7.776911 -0.031304  0.058938  -0.048616  0.925483  0.191859  0.326606  -0.376557  0.559476  0.738371  -0.041065  -0.806335  0.590031  0.041853  -0.064571  0.026698  0.290056  0.286384  0.224871  1.000000  
7.777913 -0.031260  0.058868  -0.048582  0.925581  0.192104  0.326185  -0.376375  0.559263  0.738625  -0.040530  -0.806424  0.589946  0.042097  -0.065338  0.028005  0.286053  0.305033  0.238734  1.000000  
7.778914 -0.031217  0.058796  -0.048547  0.925683  0.192410  0.325714  -0.376194  0.558920  0.738976  -0.039861  -0.806589  0.589767  0.042279  -0.066095  0.029338  0.284425  0.324367  0.254699  1.000000  
7.780158 -0.031164  0.058705  -0.048503  0.925790  0.192816  0.325170  -0.376016  0.558537  0.739357  -0.039059  -0.806758  0.589590  0.042470  -0.067026  0.030644  0.284784  0.345848  0.272361  1.000000  
7.781162 -0.031122  0.058631  -0.048469  0.925814  0.193277  0.324828  -0.376025  0.558244  0.739573  -0.038391  -0.806850  0.589507  0.042580  -0.067783  0.031495  0.282845  0.366970  0.288208  1.000000  
7.782408 -0.031070  0.058539  -0.048429  0.925915  0.193583  0.324357  -0.375844  0.557901  0.739924  -0.037722  -0.807014  0.589326  0.042696  -0.068696  0.032038  0.283081  0.383105  0.298655  1.000000  
7.783417 -0.031028  0.058464  -0.048397  0.925933  0.193944  0.324088  -0.375852  0.557649  0.740110  -0.037187  -0.807102  0.589240  0.042722  -0.069490  0.032211  0.283017  0.388388  0.305930  1.000000  
7.784659 -0.030974  0.058370  -0.048359  0.925961  0.194466  0.323697  -0.375863  0.557226  0.740423  -0.036385  -0.807268  0.589062  0.042828  -0.070433  0.032269  0.276678  0.395824  0.318013  1.000000  
7.785907 -0.030919  0.058275  -0.048317  0.926065  0.194913  0.323130  -0.375683  0.556933  0.740735  -0.035583  -0.807363  0.588981  0.043012  -0.071709  0.032575  0.269009  0.412143  0.328654  1.000000  
7.786918 -0.030875  0.058198  -0.048280  0.926009  0.195489  0.322941  -0.375883  0.556599  0.740884  -0.034914  -0.807454  0.588897  0.042841  -0.072111  0.032855  0.258243  0.414602  0.342346  1.000000  
7.788162 -0.030819  0.058101  -0.048230  0.926039  0.196150  0.322454  -0.375895  0.556225  0.741159  -0.033978  -0.807551  0.588818  0.043034  -0.072951  0.033640  0.246339  0.430921  0.353038  1.000000  
7.789413 -0.030763  0.058002  -0.048173  0.926064  0.196712  0.322040  -0.375905  0.555891  0.741404  -0.033176  -0.807644  0.588736  0.043240  -0.074033  0.034948  0.233740  0.435875  0.371745  1.000000  
7.790666 -0.030707  0.057903  -0.048112  0.926011  0.197388  0.321778  -0.376105  0.555517  0.741583  -0.032374  -0.807737  0.588653  0.043430  -0.074870  0.036312  0.221155  0.438186  0.386855  1.000000  
7.791913 -0.030650  0.057802  -0.048049  0.926035  0.197950  0.321365  -0.376115  0.555183  0.741828  -0.031571  -0.807829  0.588571  0.043564  -0.075816  0.037808  0.204784  0.448687  0.401524  1.000000  
7.793157 -0.030594  0.057699  -0.047984  0.925981  0.198665  0.321080  -0.376315  0.554898  0.741940  -0.030769  -0.807849  0.588585  0.043730  -0.076830  0.039385  0.190374  0.441829  0.417252  1.000000  
7.794162 -0.030549  0.057616  -0.047933  0.925996  0.199066  0.320788  -0.376321  0.554735  0.742059  -0.030234  -0.807863  0.588595  0.043854  -0.077519  0.040450  0.175573  0.448002  0.424401  1.000000  
7.795409 -0.030493  0.057512  -0.047872  0.925944  0.199881  0.320430  -0.376522  0.554409  0.742200  -0.029298  -0.807885  0.588611  0.044071  -0.078421  0.041612  0.161383  0.441067  0.439872  1.000000  
7.796663 -0.030437  0.057407  -0.047814  0.925885  0.200457  0.320242  -0.376720  0.554074  0.742350  -0.028629  -0.807972  0.588525  0.044301  -0.079197  0.042694  0.148797  0.435474  0.455658  1.000000  
7.797663 -0.030392  0.057322  -0.047768  0.925902  0.200957  0.319877  -0.376727  0.553871  0.742498  -0.027960  -0.807987  0.588536  0.044517  -0.079931  0.043716  0.137132  0.430201  0.471003  1.000000  
7.798909 -0.030335  0.057215  -0.047710  0.925842  0.201572  0.319666  -0.376925  0.553625  0.742581  -0.027292  -0.808002  0.588547  0.044829  -0.080965  0.045094  0.127627  0.426338  0.478431  1.000000  
7.799913 -0.030289  0.057128  -0.047662  0.925777  0.202048  0.319551  -0.377121  0.553331  0.742701  -0.026757  -0.808085  0.588457  0.044965  -0.081688  0.046175  0.124045  0.415886  0.486913  1.000000  
7.801164 -0.030231  0.057018  -0.047601  0.925713  0.202562  0.319413  -0.377317  0.553126  0.742754  -0.026222  -0.808097  0.588466  0.045152  -0.082612  0.047375  0.115131  0.396452  0.495603  1.000000  
7.802412 -0.030172  0.056907  -0.047539  0.925648  0.203038  0.319298  -0.377513  0.552831  0.742874  -0.025687  -0.808179  0.588376  0.045362  -0.083635  0.048258  0.110316  0.374326  0.500677  1.000000  
7.803661 -0.030113  0.056793  -0.047477  0.925505  0.203627  0.319337  -0.377899  0.552493  0.742929  -0.025151  -0.808262  0.588286  0.045570  -0.084601  0.048696  0.104704  0.352080  0.505404  1.000000  
7.804663 -0.030066  0.056700  -0.047429  0.925437  0.204002  0.319297  -0.378093  0.552239  0.743019  -0.024750  -0.808341  0.588194  0.045762  -0.085619  0.048835  0.100764  0.324746  0.503525  1.000000  
7.805908 -0.030006  0.056582  -0.047370  0.925371  0.204478  0.319183  -0.378289  0.551943  0.743140  -0.024215  -0.808423  0.588103  0.045987  -0.086771  0.048701  0.099501  0.308298  0.503899  1.000000  
7.807162 -0.029946  0.056461  -0.047310  0.925308  0.205092  0.318972  -0.378485  0.551696  0.743223  -0.023546  -0.808436  0.588113  0.046196  -0.088155  0.048293  0.087693  0.291637  0.505392  1.000000  
7.808412 -0.029887  0.056338  -0.047251  0.925241  0.205567  0.318858  -0.378681  0.551400  0.743343  -0.023011  -0.808518  0.588022  0.046394  -0.089462  0.048004  0.086568  0.275439  0.505706  1.000000  
7.809413 -0.029840  0.056239  -0.047201  0.925177  0.206181  0.318647  -0.378877  0.551152  0.743427  -0.022343  -0.808530  0.588031  0.046521  -0.090567  0.047951  0.078537  0.258209  0.518453  1.000000  
7.810655 -0.029781  0.056114  -0.047138  0.925191  0.206643  0.318308  -0.378882  0.550857  0.743643  -0.021674  -0.808613  0.587941  0.046723  -0.091804  0.048193  0.077982  0.258757  0.518042  1.000000  
7.811903 -0.029721  0.055989  -0.047072  0.925126  0.207257  0.318098  -0.379078  0.550609  0.743726  -0.021005  -0.808625  0.587950  0.046966  -0.093157  0.048672  0.069755  0.250497  0.518464  1.000000  
7.813156 -0.029662  0.055864  -0.047004  0.925061  0.207871  0.317887  -0.379274  0.550361  0.743810  -0.020336  -0.808636  0.587958  0.047174  -0.094422  0.049349  0.061330  0.239303  0.526491  1.000000  
7.814402 -0.029601  0.055739  -0.046935  0.925071  0.208233  0.317621  -0.379278  0.550107  0.743996  -0.019801  -0.808716  0.587866  0.047457  -0.095644  0.050103  0.057371  0.233980  0.519382  1.000000  
7.815410 -0.029553  0.055638  -0.046882  0.925000  0.208647  0.317556  -0.379472  0.549941  0.744020  -0.019400  -0.808722  0.587871  0.047528  -0.096484  0.050436  0.053453  0.216735  0.520884  1.000000  
7.816653 -0.029493  0.055511  -0.046817  0.925009  0.209085  0.317239  -0.379475  0.549867  0.744073  -0.018864  -0.808659  0.587975  0.047676  -0.097642  0.050638  0.045194  0.217892  0.509006  1.000000  
7.817653 -0.029446  0.055409  -0.046768  0.925016  0.209386  0.317021  -0.379478  0.549744  0.744163  -0.018463  -0.808665  0.587979  0.047651  -0.098417  0.050570  0.041226  0.212656  0.501922  1.000000  
7.818902 -0.029387  0.055280  -0.046710  0.924947  0.209938  0.316857  -0.379672  0.549627  0.744150  -0.017928  -0.808602  0.588083  0.047618  -0.099365  0.050388  0.033049  0.199211  0.495099  1.000000  
7.819906 -0.029340  0.055176  -0.046663  0.924954  0.210238  0.316639  -0.379675  0.549503  0.744240  -0.017527  -0.808607  0.588087  0.047583  -0.100081  0.050265  0.029069  0.193895  0.487818  1.000000  
7.820907 -0.029293  0.055071  -0.046616  0.924960  0.210577  0.316395  -0.379678  0.549470  0.744263  -0.017125  -0.808542  0.588190  0.047496  -0.100730  0.050247  0.025258  0.196856  0.480189  1.000000  
7.821980 -0.029247  0.054963  -0.046567  0.924967  0.210877  0.316177  -0.379680  0.549347  0.744352  -0.016724  -0.808547  0.588194  0.047204  -0.101056  0.050172  0.021412  0.190053  0.472126  1.000000  
7.823153 -0.029189  0.054826  -0.046505  0.924975  0.211316  0.315860  -0.379684  0.549273  0.744405  -0.016189  -0.808483  0.588297  0.047367  -0.102498  0.050554  0.017480  0.191902  0.461739  1.000000  
7.824158 -0.029142  0.054714  -0.046453  0.924981  0.211654  0.315616  -0.379686  0.549240  0.744428  -0.015788  -0.808417  0.588399  0.047354  -0.103329  0.050699  0.013490  0.189294  0.458099  1.000000  
7.825408 -0.029083  0.054572  -0.046389  0.924912  0.212267  0.315405  -0.379880  0.548991  0.744513  -0.015119  -0.808425  0.588405  0.047329  -0.104516  0.050774  0.013582  0.184018  0.450834  1.000000  
7.826657 -0.029024  0.054430  -0.046325  0.924919  0.212668  0.315114  -0.379883  0.548827  0.744633  -0.014584  -0.808432  0.588409  0.047257  -0.105719  0.050670  0.009760  0.186958  0.443313  1.000000  
7.827657 -0.028977  0.054315  -0.046274  0.924926  0.213068  0.314822  -0.379886  0.548662  0.744752  -0.014048  -0.808438  0.588414  0.047203  -0.106678  0.050419  0.009825  0.184318  0.439677  1.000000  
7.828907 -0.028918  0.054170  -0.046211  0.924933  0.213468  0.314531  -0.379889  0.548498  0.744872  -0.013513  -0.808444  0.588418  0.047143  -0.107988  0.050040  0.010030  0.187208  0.431961  1.000000  
7.830153 -0.028857  0.054025  -0.046151  0.924943  0.214068  0.314094  -0.379893  0.548251  0.745051  -0.012711  -0.808452  0.588424  0.047179  -0.109223  0.049556  0.006192  0.198006  0.435208  1.000000  
7.831159 -0.028809  0.053908  -0.046104  0.924949  0.214507  0.313777  -0.379896  0.548177  0.745105  -0.012175  -0.808386  0.588526  0.047145  -0.110359  0.049194  0.002331  0.203586  0.431171  1.000000  
7.832407 -0.028748  0.053762  -0.046045  0.924957  0.215007  0.313413  -0.379899  0.547972  0.745254  -0.011506  -0.808393  0.588531  0.047257  -0.111620  0.049050  -0.001532  0.211721  0.430729  1.000000  
7.833656 -0.028688  0.053616  -0.045984  0.924963  0.215545  0.313022  -0.379902  0.547857  0.745337  -0.010837  -0.808327  0.588634  0.047335  -0.112802  0.049157  -0.009324  0.225461  0.426293  1.000000  
7.834903 -0.028628  0.053469  -0.045922  0.924970  0.216045  0.312658  -0.379904  0.547651  0.745487  -0.010169  -0.808333  0.588638  0.047471  -0.113821  0.049437  -0.013208  0.233623  0.425900  1.000000  
7.835906 -0.028581  0.053351  -0.045870  0.924975  0.216483  0.312340  -0.379906  0.547577  0.745540  -0.009633  -0.808266  0.588739  0.047503  -0.114650  0.049705  -0.021147  0.241740  0.425369  1.000000  
7.836907 -0.028533  0.053232  -0.045820  0.924978  0.216821  0.312095  -0.379908  0.547545  0.745564  -0.009232  -0.808198  0.588839  0.047789  -0.115961  0.050071  -0.025050  0.244678  0.417692  1.000000  
7.837909 -0.028486  0.053113  -0.045768  0.924983  0.217259  0.311777  -0.379909  0.547471  0.745617  -0.008697  -0.808130  0.588940  0.047578  -0.116042  0.049964  -0.033007  0.252866  0.417285  1.000000  
7.839153 -0.028427  0.052963  -0.045705  0.924987  0.217735  0.311433  -0.379911  0.547487  0.745604  -0.008162  -0.807991  0.589139  0.047645  -0.116759  0.049889  -0.041070  0.247684  0.410075  1.000000  
7.840403 -0.028369  0.052813  -0.045644  0.924992  0.218273  0.311042  -0.379913  0.547372  0.745687  -0.007493  -0.807924  0.589240  0.047641  -0.117316  0.049705  -0.049037  0.253274  0.406105  1.000000  
7.841403 -0.028322  0.052692  -0.045596  0.924995  0.218710  0.310724  -0.379915  0.547299  0.745741  -0.006957  -0.807855  0.589340  0.047632  -0.117732  0.049457  -0.052952  0.258773  0.401933  1.000000  
7.842655 -0.028263  0.052540  -0.045535  0.925000  0.219348  0.310260  -0.379917  0.547143  0.745854  -0.006155  -0.807788  0.589441  0.047589  -0.118313  0.049267  -0.056972  0.261409  0.405501  1.000000  
7.843929 -0.028204  0.052388  -0.045473  0.925005  0.220023  0.309768  -0.379918  0.547077  0.745901  -0.005352  -0.807649  0.589640  0.047493  -0.118699  0.049154  -0.069510  0.271621  0.408078  1.000000  
7.845156 -0.028143  0.052235  -0.045409  0.925008  0.220660  0.309304  -0.379920  0.546921  0.746015  -0.004549  -0.807580  0.589740  0.047596  -0.119312  0.049494  -0.073563  0.282819  0.411681  1.000000  
7.846170 -0.028094  0.052112  -0.045357  0.925011  0.221160  0.308939  -0.379921  0.546716  0.746165  -0.003880  -0.807583  0.589742  0.047592  -0.119646  0.049833  -0.069430  0.287941  0.418643  1.000000  
7.847435 -0.028033  0.051958  -0.045291  0.925013  0.221697  0.308547  -0.379922  0.546601  0.746248  -0.003211  -0.807513  0.589841  0.047570  -0.120011  0.050201  -0.073456  0.290456  0.422029  1.000000  
7.848662 -0.027972  0.051803  -0.045225  0.924937  0.222447  0.308236  -0.380113  0.546400  0.746298  -0.002408  -0.807443  0.589940  0.047728  -0.120842  0.050621  -0.073505  0.296032  0.429591  1.000000  
7.849676 -0.027923  0.051679  -0.045173  0.924938  0.222946  0.307871  -0.380114  0.546195  0.746448  -0.001739  -0.807444  0.589941  0.047746  -0.121127  0.050673  -0.073467  0.301203  0.436676  1.000000  
7.850686 -0.027874  0.051555  -0.045124  0.924861  0.223596  0.307632  -0.380304  0.546034  0.746469  -0.001070  -0.807374  0.590040  0.047806  -0.121495  0.050527  -0.073061  0.301701  0.448764  1.000000  
7.851907 -0.027814  0.051400  -0.045063  0.924861  0.224232  0.307167  -0.380305  0.545878  0.746583  -0.000268  -0.807302  0.590138  0.047969  -0.122197  0.050398  -0.077182  0.307337  0.456477  1.000000  
7.852930 -0.027767  0.051277  -0.045016  0.924783  0.224844  0.306956  -0.380495  0.545626  0.746670  0.000401  -0.807302  0.590138  0.047919  -0.122377  0.050072  -0.073540  0.305978  0.466467  1.000000  
7.854159 -0.027708  0.051122  -0.044958  0.924782  0.225581  0.306417  -0.380495  0.545429  0.746814  0.001338  -0.807230  0.590235  0.047936  -0.122695  0.049790  -0.073584  0.314255  0.477739  1.000000  
7.855413 -0.027649  0.050969  -0.044899  0.924702  0.226329  0.306105  -0.380685  0.545227  0.746865  0.002141  -0.807157  0.590332  0.047968  -0.122870  0.049617  -0.077626  0.319517  0.484884  1.000000  
7.856656 -0.027591  0.050816  -0.044839  0.924701  0.226966  0.305639  -0.380684  0.545070  0.746979  0.002944  -0.807084  0.590429  0.047959  -0.123123  0.049644  -0.081025  0.322227  0.488159  1.000000  
7.857657 -0.027544  0.050693  -0.044788  0.924699  0.227502  0.305247  -0.380683  0.544956  0.747064  0.003613  -0.807011  0.590526  0.047936  -0.123185  0.049777  -0.085050  0.324879  0.491732  1.000000  
7.858904 -0.027485  0.050541  -0.044722  0.924617  0.228250  0.304934  -0.380872  0.544753  0.747115  0.004415  -0.806937  0.590622  0.047986  -0.123344  0.050120  -0.089115  0.324656  0.503012  1.000000  
7.860153 -0.027426  0.050389  -0.044656  0.924535  0.228998  0.304622  -0.381061  0.544549  0.747167  0.005218  -0.806862  0.590717  0.047821  -0.123114  0.050255  -0.093929  0.319147  0.507625  1.000000  
7.861158 -0.027379  0.050267  -0.044601  0.924532  0.229534  0.304229  -0.381060  0.544434  0.747252  0.005887  -0.806787  0.590813  0.047751  -0.123118  0.050457  -0.093126  0.321815  0.510570  1.000000  
7.862404 -0.027320  0.050115  -0.044533  0.924449  0.230282  0.303916  -0.381248  0.544231  0.747304  0.006690  -0.806711  0.590908  0.047665  -0.123151  0.050602  -0.097162  0.318957  0.518238  1.000000  
7.863410 -0.027273  0.049993  -0.044481  0.924366  0.230930  0.303677  -0.381436  0.544068  0.747326  0.007359  -0.806636  0.591003  0.047392  -0.122742  0.050456  -0.097933  0.316029  0.526499  1.000000  
7.864654 -0.027215  0.049841  -0.044415  0.924358  0.231764  0.303064  -0.381433  0.543829  0.747501  0.008429  -0.806557  0.591096  0.047287  -0.122773  0.050618  -0.101972  0.324053  0.537429  1.000000  
7.865904 -0.027157  0.049689  -0.044349  0.924272  0.232611  0.302678  -0.381620  0.543584  0.747584  0.009366  -0.806479  0.591189  0.047142  -0.122665  0.050938  -0.101093  0.323806  0.547823  1.000000  
7.866904 -0.027110  0.049567  -0.044296  0.924186  0.233358  0.302365  -0.381808  0.543380  0.747637  0.010169  -0.806401  0.591282  0.046924  -0.122254  0.051161  -0.101057  0.326239  0.562657  1.000000  
7.868153 -0.027053  0.049414  -0.044229  0.924178  0.234030  0.301869  -0.381804  0.543314  0.747687  0.010971  -0.806251  0.591472  0.046785  -0.122132  0.051848  -0.101045  0.329136  0.566397  1.000000  
7.869403 -0.026997  0.049260  -0.044161  0.924091  0.234776  0.301556  -0.381991  0.543109  0.747740  0.011774  -0.806172  0.591565  0.046651  -0.122175  0.052403  -0.101779  0.328874  0.578545  1.000000  
7.870411 -0.026952  0.049136  -0.044106  0.924005  0.235387  0.301344  -0.382178  0.542855  0.747829  0.012443  -0.806165  0.591560  0.046534  -0.122202  0.052923  -0.097609  0.325883  0.586067  1.000000  
7.871413 -0.026906  0.049013  -0.044051  0.923917  0.236133  0.301031  -0.382365  0.542649  0.747883  0.013246  -0.806085  0.591652  0.046408  -0.122131  0.053379  -0.097520  0.325642  0.597297  1.000000  
7.872670 -0.026851  0.048860  -0.043984  0.923826  0.236979  0.300644  -0.382550  0.542403  0.747967  0.014182  -0.806003  0.591742  0.046175  -0.122094  0.053592  -0.093330  0.322798  0.604902  1.000000  
7.873906 -0.026795  0.048709  -0.043919  0.923736  0.237688  0.300359  -0.382736  0.542106  0.748087  0.014985  -0.805993  0.591735  0.045952  -0.122114  0.053588  -0.088521  0.317651  0.608269  1.000000  
7.874908 -0.026751  0.048587  -0.043868  0.923648  0.238334  0.300118  -0.382922  0.541942  0.748111  0.015654  -0.805913  0.591827  0.045747  -0.122085  0.053396  -0.088388  0.312091  0.612106  1.000000  
7.876154 -0.026696  0.048436  -0.043805  0.923634  0.239031  0.299606  -0.382916  0.541652  0.748323  0.016590  -0.805901  0.591818  0.045531  -0.122093  0.053094  -0.088298  0.314748  0.615745  1.000000  
7.877154 -0.026652  0.048316  -0.043754  0.923543  0.239777  0.299292  -0.383101  0.541446  0.748378  0.017393  -0.805818  0.591907  0.045315  -0.122006  0.052932  -0.088142  0.314437  0.626723  1.000000  
7.878404 -0.026596  0.048165  -0.043688  0.923448  0.240622  0.298905  -0.383285  0.541198  0.748463  0.018329  -0.805733  0.591995  0.045126  -0.121934  0.052865  -0.088039  0.317143  0.630268  1.000000  
7.879410 -0.026552  0.048046  -0.043634  0.923358  0.241231  0.298694  -0.383470  0.540942  0.748554  0.018998  -0.805723  0.591988  0.044902  -0.121654  0.052932  -0.088675  0.311716  0.636330  1.000000  
7.880654 -0.026496  0.047896  -0.043564  0.923262  0.242075  0.298306  -0.383653  0.540694  0.748639  0.019935  -0.805636  0.592075  0.044769  -0.121518  0.053205  -0.087885  0.314644  0.638539  1.000000  
7.881904 -0.026441  0.047747  -0.043491  0.923165  0.242919  0.297919  -0.383836  0.540445  0.748725  0.020871  -0.805549  0.592161  0.044585  -0.121283  0.053625  -0.087615  0.311495  0.645486  1.000000  
7.883153 -0.026386  0.047596  -0.043417  0.923065  0.243899  0.297429  -0.384017  0.540245  0.748776  0.021941  -0.805387  0.592343  0.044472  -0.121090  0.054083  -0.092289  0.314237  0.650862  1.000000  
7.884154 -0.026342  0.047477  -0.043359  0.923052  0.244432  0.297033  -0.384011  0.540129  0.748863  0.022610  -0.805303  0.592432  0.044352  -0.120899  0.054363  -0.095488  0.314307  0.649039  1.000000  
7.885155 -0.026299  0.047357  -0.043301  0.922955  0.245176  0.296719  -0.384194  0.539921  0.748919  0.023413  -0.805217  0.592519  0.044272  -0.120720  0.054587  -0.095379  0.316980  0.652503  1.000000  
7.886406 -0.026244  0.047208  -0.043230  0.922856  0.246020  0.296331  -0.384376  0.539672  0.749006  0.024349  -0.805127  0.592603  0.044174  -0.120380  0.054717  -0.095958  0.314132  0.662011  1.000000  
7.887432 -0.026201  0.047089  -0.043175  0.922761  0.246628  0.296119  -0.384559  0.539414  0.749097  0.025018  -0.805113  0.592593  0.044014  -0.119950  0.054785  -0.091611  0.308331  0.665515  1.000000  
7.888656 -0.026147  0.046941  -0.043108  0.922660  0.247471  0.295731  -0.384740  0.539164  0.749185  0.025954  -0.805022  0.592677  0.043950  -0.119874  0.054876  -0.091558  0.311319  0.669629  1.000000  
7.889658 -0.026104  0.046822  -0.043055  0.922644  0.248004  0.295335  -0.384733  0.539047  0.749272  0.026623  -0.804936  0.592764  0.043901  -0.119722  0.055115  -0.091564  0.316957  0.665451  1.000000  
7.890669 -0.026059  0.046703  -0.043000  0.922548  0.248647  0.295093  -0.384916  0.538880  0.749298  0.027292  -0.804850  0.592851  0.043859  -0.119430  0.055330  -0.094665  0.311522  0.667660  1.000000  
7.891686 -0.026015  0.046584  -0.042947  0.922455  0.249156  0.294954  -0.385100  0.538663  0.749360  0.027827  -0.804838  0.592842  0.043804  -0.119144  0.055447  -0.091196  0.308553  0.665345  1.000000  
7.892905 -0.025959  0.046437  -0.042878  0.922355  0.249863  0.294669  -0.385282  0.538362  0.749483  0.028629  -0.804820  0.592829  0.043986  -0.119196  0.055793  -0.082885  0.303343  0.670013  1.000000  
7.894153 -0.025903  0.046288  -0.042809  0.922258  0.250471  0.294458  -0.385464  0.538103  0.749575  0.029298  -0.804804  0.592817  0.044051  -0.119150  0.055923  -0.078046  0.298236  0.660861  1.000000  
7.895153 -0.025857  0.046170  -0.042754  0.922239  0.251003  0.294061  -0.385456  0.537986  0.749663  0.029966  -0.804716  0.592903  0.044139  -0.119094  0.055871  -0.077934  0.295676  0.657227  1.000000  
7.896153 -0.025810  0.046051  -0.042700  0.922145  0.251511  0.293923  -0.385640  0.537769  0.749724  0.030501  -0.804703  0.592893  0.044269  -0.119038  0.055620  -0.073798  0.290465  0.650088  1.000000  
7.897403 -0.025752  0.045902  -0.042632  0.922043  0.252218  0.293638  -0.385820  0.537467  0.749848  0.031304  -0.804683  0.592879  0.044449  -0.118950  0.055307  -0.069628  0.290486  0.650023  1.000000  
7.898404 -0.025706  0.045784  -0.042579  0.921948  0.252726  0.293500  -0.386004  0.537249  0.749910  0.031839  -0.804670  0.592869  0.044633  -0.118805  0.054885  -0.066032  0.287628  0.648191  1.000000  
7.899405 -0.025660  0.045665  -0.042525  0.921848  0.253368  0.293258  -0.386185  0.537080  0.749937  0.032507  -0.804580  0.592953  0.044796  -0.118719  0.054501  -0.065773  0.282119  0.652218  1.000000  
7.900653 -0.025602  0.045518  -0.042458  0.921744  0.254074  0.292973  -0.386365  0.536778  0.750061  0.033310  -0.804559  0.592938  0.045008  -0.118662  0.054281  -0.065106  0.279807  0.646866  1.000000  
7.901653 -0.025555  0.045399  -0.042403  0.921648  0.254618  0.292804  -0.386547  0.536650  0.750058  0.033845  -0.804473  0.593025  0.045215  -0.118685  0.054244  -0.065008  0.277232  0.643209  1.000000  
7.902653 -0.025508  0.045281  -0.042347  0.921627  0.255114  0.292438  -0.386539  0.536442  0.750212  0.034513  -0.804454  0.593011  0.045506  -0.118633  0.054359  -0.061047  0.280299  0.635855  1.000000  
7.903662 -0.025460  0.045163  -0.042289  0.921526  0.255721  0.292227  -0.386719  0.536181  0.750305  0.035182  -0.804435  0.592997  0.045800  -0.118502  0.054582  -0.061402  0.279782  0.637097  1.000000  
7.904906 -0.025401  0.045016  -0.042216  0.921425  0.256363  0.291984  -0.386900  0.536011  0.750333  0.035850  -0.804344  0.593081  0.046563  -0.119513  0.055501  -0.060806  0.277605  0.631926  1.000000  
7.905906 -0.025352  0.044899  -0.042158  0.921327  0.256870  0.291846  -0.387082  0.535792  0.750396  0.036385  -0.804329  0.593069  0.046482  -0.118541  0.055429  -0.061011  0.266324  0.630355  1.000000  
7.906907 -0.025304  0.044782  -0.042100  0.921229  0.257377  0.291708  -0.387264  0.535572  0.750459  0.036920  -0.804313  0.593058  0.046628  -0.118217  0.055503  -0.056828  0.261032  0.623091  1.000000  
7.908153 -0.025244  0.044636  -0.042029  0.921127  0.257983  0.291497  -0.387444  0.535311  0.750553  0.037589  -0.804293  0.593043  0.046976  -0.118115  0.055696  -0.052630  0.255771  0.615900  1.000000  
7.909154 -0.025195  0.044520  -0.041975  0.921108  0.258415  0.291173  -0.387436  0.535235  0.750611  0.038123  -0.804205  0.593128  0.047157  -0.117888  0.055616  -0.056344  0.259198  0.606674  1.000000  
7.910404 -0.025134  0.044374  -0.041907  0.921009  0.258922  0.291035  -0.387618  0.535015  0.750674  0.038658  -0.804188  0.593116  0.047411  -0.117721  0.055564  -0.052619  0.250753  0.597273  1.000000  
7.911410 -0.025085  0.044257  -0.041854  0.920910  0.259429  0.290897  -0.387799  0.534794  0.750737  0.039193  -0.804171  0.593104  0.047599  -0.117504  0.055490  -0.048430  0.245403  0.589880  1.000000  
7.912653 -0.025023  0.044112  -0.041787  0.920811  0.259936  0.290759  -0.387981  0.534574  0.750801  0.039728  -0.804154  0.593091  0.047864  -0.117402  0.055511  -0.043682  0.232638  0.581962  1.000000  
7.913654 -0.024973  0.043994  -0.041732  0.920711  0.260442  0.290621  -0.388162  0.534353  0.750864  0.040263  -0.804137  0.593079  0.048123  -0.117305  0.055597  -0.039534  0.227386  0.574764  1.000000  
7.914654 -0.024923  0.043877  -0.041677  0.920611  0.260949  0.290483  -0.388343  0.534132  0.750928  0.040797  -0.804120  0.593066  0.048421  -0.117208  0.055698  -0.035671  0.221330  0.568707  1.000000  
7.915904 -0.024859  0.043730  -0.041607  0.920511  0.261455  0.290345  -0.388524  0.533911  0.750991  0.041332  -0.804102  0.593053  0.048753  -0.117157  0.055858  -0.031477  0.213366  0.557830  1.000000  
7.917154 -0.024795  0.043582  -0.041536  0.920405  0.262025  0.290166  -0.388703  0.533557  0.751151  0.042000  -0.804152  0.592939  0.049131  -0.117146  0.055947  -0.022800  0.206126  0.557402  1.000000  
7.918407 -0.024730  0.043435  -0.041465  0.920299  0.262631  0.289956  -0.388881  0.533293  0.751245  0.042669  -0.804129  0.592922  0.049503  -0.117243  0.055957  -0.018619  0.200819  0.550060  1.000000  
7.919410 -0.024678  0.043318  -0.041408  0.920198  0.263102  0.289850  -0.389062  0.532981  0.751374  0.043204  -0.804182  0.592811  0.049775  -0.117118  0.055754  -0.010509  0.197155  0.547387  1.000000  
7.920411 -0.024626  0.043200  -0.041353  0.920182  0.263399  0.289631  -0.389055  0.532855  0.751467  0.043605  -0.804168  0.592800  0.050052  -0.117142  0.055537  -0.010591  0.198458  0.535350  1.000000  
7.921657 -0.024560  0.043054  -0.041283  0.920075  0.264004  0.289420  -0.389233  0.532591  0.751561  0.044273  -0.804145  0.592783  0.050443  -0.117182  0.055396  -0.006445  0.198633  0.535711  1.000000  
7.922907 -0.024495  0.042908  -0.041215  0.919967  0.264574  0.289242  -0.389411  0.532236  0.751721  0.044941  -0.804192  0.592668  0.050782  -0.117102  0.055198  -0.002288  0.194714  0.532376  1.000000  
7.924154 -0.024429  0.042763  -0.041146  0.919859  0.265179  0.289031  -0.389588  0.531972  0.751816  0.045610  -0.804168  0.592650  0.051148  -0.117066  0.055221  -0.002182  0.194734  0.532419  1.000000  
7.925404 -0.024363  0.042620  -0.041076  0.919837  0.265576  0.288739  -0.389579  0.531804  0.751940  0.046144  -0.804148  0.592635  0.051496  -0.116980  0.055423  0.001737  0.195009  0.521086  1.000000  
7.926407 -0.024309  0.042504  -0.041019  0.919733  0.266046  0.288634  -0.389758  0.531490  0.752068  0.046679  -0.804200  0.592523  0.051738  -0.116890  0.055678  0.005905  0.192295  0.517427  1.000000  
7.927410 -0.024256  0.042389  -0.040962  0.919716  0.266343  0.288415  -0.389751  0.531364  0.752161  0.047080  -0.804185  0.592512  0.051975  -0.116713  0.055911  0.005704  0.195165  0.509621  1.000000  
7.928654 -0.024190  0.042245  -0.040890  0.919613  0.266849  0.288278  -0.389930  0.531141  0.752226  0.047614  -0.804165  0.592497  0.052234  -0.116649  0.056160  0.009879  0.189914  0.502500  1.000000  
7.929903 -0.024123  0.042102  -0.040818  0.919589  0.267245  0.287986  -0.389920  0.530973  0.752349  0.048149  -0.804144  0.592481  0.052471  -0.116401  0.056305  0.009977  0.184583  0.495260  1.000000  
7.930904 -0.024070  0.041987  -0.040762  0.919571  0.267543  0.287767  -0.389913  0.530847  0.752442  0.048550  -0.804128  0.592470  0.052616  -0.116205  0.056291  0.009760  0.187482  0.487534  1.000000  
7.931904 -0.024016  0.041874  -0.040707  0.919473  0.267949  0.287703  -0.390094  0.530666  0.752476  0.048951  -0.804113  0.592458  0.052813  -0.115842  0.056199  0.013911  0.182178  0.480279  1.000000  
7.932904 -0.023963  0.041760  -0.040652  0.919448  0.268310  0.287444  -0.390084  0.530407  0.752664  0.049485  -0.804163  0.592345  0.052947  -0.115563  0.056031  0.017628  0.188944  0.476177  1.000000  
7.934154 -0.023895  0.041618  -0.040584  0.919424  0.268706  0.287152  -0.390074  0.530238  0.752788  0.050020  -0.804142  0.592329  0.053156  -0.115282  0.055869  0.017705  0.183545  0.468717  1.000000  
7.935155 -0.023840  0.041504  -0.040530  0.919399  0.269103  0.286860  -0.390063  0.530070  0.752912  0.050554  -0.804120  0.592313  0.053272  -0.115060  0.055798  0.021707  0.187991  0.464855  1.000000  
7.936406 -0.023772  0.041363  -0.040461  0.919374  0.269464  0.286601  -0.390053  0.529811  0.753100  0.051089  -0.804170  0.592200  0.053445  -0.114690  0.055747  0.025555  0.190860  0.457134  1.000000  
7.937411 -0.023717  0.041250  -0.040405  0.919349  0.269860  0.286309  -0.390042  0.529643  0.753224  0.051623  -0.804148  0.592183  0.053607  -0.114385  0.055841  0.025304  0.196376  0.452912  1.000000  
7.938656 -0.023649  0.041109  -0.040334  0.919317  0.270321  0.285978  -0.390028  0.529341  0.753443  0.052291  -0.804192  0.592065  0.053749  -0.114168  0.056015  0.033222  0.201970  0.448871  1.000000  
7.939658 -0.023594  0.040996  -0.040276  0.919297  0.270583  0.285792  -0.390020  0.529124  0.753600  0.052692  -0.804247  0.591955  0.053924  -0.113938  0.056138  0.037024  0.207503  0.444768  1.000000  
7.940904 -0.023526  0.040857  -0.040205  0.919265  0.271044  0.285460  -0.390006  0.528822  0.753818  0.053360  -0.804290  0.591837  0.054030  -0.113687  0.056187  0.040822  0.208427  0.444733  1.000000  
7.941944 -0.023472  0.040746  -0.040148  0.919238  0.271440  0.285168  -0.389995  0.528654  0.753942  0.053895  -0.804267  0.591820  0.053948  -0.113034  0.055977  0.040522  0.218347  0.436054  1.000000  
7.943156 -0.023404  0.040609  -0.040079  0.919205  0.271901  0.284837  -0.389981  0.528353  0.754161  0.054563  -0.804309  0.591701  0.054168  -0.112830  0.055938  0.044373  0.226835  0.436149  1.000000  
7.944404 -0.023337  0.040473  -0.040010  0.919178  0.272297  0.284545  -0.389969  0.528184  0.754284  0.055097  -0.804286  0.591683  0.054191  -0.112383  0.055845  0.044090  0.229751  0.428458  1.000000  
7.945404 -0.023284  0.040366  -0.039954  0.919151  0.272659  0.284287  -0.389958  0.527925  0.754472  0.055632  -0.804334  0.591568  0.054190  -0.111893  0.055755  0.047796  0.233115  0.432107  1.000000  
7.946654 -0.023218  0.040231  -0.039885  0.919123  0.273055  0.283995  -0.389946  0.527757  0.754596  0.056166  -0.804309  0.591550  0.054114  -0.111435  0.055771  0.043485  0.240831  0.420283  1.000000  
7.947904 -0.023152  0.040098  -0.039813  0.919088  0.273551  0.283631  -0.389931  0.527547  0.754750  0.056834  -0.804279  0.591528  0.054067  -0.110857  0.055961  0.043178  0.246398  0.416183  1.000000  
7.949154 -0.023085  0.039964  -0.039740  0.919140  0.273804  0.283218  -0.389730  0.527343  0.754996  0.057368  -0.804326  0.591412  0.053966  -0.110263  0.056276  0.042497  0.252460  0.412275  1.000000  
