1-Time 2-Px 3-Py 4-Pz 5-R11 6-R21 7-R31 8-R12 9-R22 10-R32 11-R13 12-R23 13-R33 14-Vx 15-Vy 16-Vz 17-Wx 18-Wy 19-Wz 20-state
24.091089 -0.001953  -0.019373  -0.007811  0.599423  0.767007  0.228892  -0.792327  0.609167  0.033659  -0.113617  -0.201533  0.972870  -0.000999  -0.000578  0.001194  0.000000  0.000000  0.000000  1.000000  
24.092310 -0.001953  -0.019372  -0.007809  0.599442  0.767040  0.228735  -0.792352  0.609124  0.033866  -0.113351  -0.201539  0.972900  0.000324  0.000549  0.001982  0.000000  0.000000  0.000000  1.000000  
24.093564 -0.001947  -0.019363  -0.007801  0.599451  0.767084  0.228563  -0.792364  0.609107  0.033896  -0.113218  -0.201424  0.972939  0.002723  0.004439  0.004283  0.000000  0.000000  0.000000  1.000000  
24.094577 -0.001943  -0.019353  -0.007794  0.599460  0.767128  0.228392  -0.792376  0.609089  0.033926  -0.113085  -0.201309  0.972978  0.003235  0.006158  0.005204  0.000000  0.000000  0.000000  1.000000  
24.095581 -0.001940  -0.019347  -0.007787  0.599469  0.767172  0.228220  -0.792388  0.609072  0.033956  -0.112952  -0.201194  0.973017  0.003106  0.006084  0.005535  0.000000  0.000000  0.000000  1.000000  
24.096809 -0.001939  -0.019341  -0.007778  0.599478  0.767216  0.228048  -0.792400  0.609054  0.033986  -0.112819  -0.201080  0.973056  0.002594  0.005762  0.005962  0.000000  0.000000  0.000000  1.000000  
24.097813 -0.001937  -0.019335  -0.007771  0.599487  0.767259  0.227877  -0.792412  0.609037  0.034016  -0.112686  -0.200965  0.973096  0.002462  0.005790  0.006133  0.000000  0.000000  0.000000  1.000000  
24.098834 -0.001934  -0.019326  -0.007764  0.599496  0.767303  0.227705  -0.792424  0.609020  0.034046  -0.112553  -0.200850  0.973135  0.002502  0.006193  0.006129  0.000000  0.000000  0.000000  1.000000  
24.099840 -0.001933  -0.019317  -0.007760  0.599506  0.767347  0.227534  -0.792436  0.609003  0.034076  -0.112420  -0.200735  0.973174  0.002339  0.006526  0.005868  0.000000  0.000000  0.000000  1.000000  
24.101053 -0.001934  -0.019309  -0.007754  0.599351  0.767516  0.227369  -0.792571  0.608827  0.034059  -0.112287  -0.200620  0.973213  0.001910  0.006611  0.005759  0.000000  0.000000  0.000000  1.000000  
24.102061 -0.001936  -0.019303  -0.007749  0.599361  0.767532  0.227290  -0.792583  0.608806  0.034163  -0.112154  -0.200623  0.973228  0.001615  0.006499  0.005746  0.000000  0.000000  0.000000  1.000000  
24.103312 -0.001935  -0.019294  -0.007740  0.599379  0.767592  0.227040  -0.792607  0.608767  0.034297  -0.111889  -0.200511  0.973281  0.001487  0.006617  0.005878  0.000000  0.000000  0.000000  1.000000  
24.104558 -0.001933  -0.019281  -0.007731  0.599388  0.767609  0.226962  -0.792619  0.608746  0.034401  -0.111756  -0.200514  0.973296  0.001506  0.006967  0.006009  0.000000  0.000000  0.000000  1.000000  
24.105558 -0.001931  -0.019269  -0.007724  0.599397  0.767625  0.226883  -0.792631  0.608724  0.034505  -0.111623  -0.200517  0.973311  0.001516  0.007279  0.006057  0.000000  0.000000  0.000000  1.000000  
24.106807 -0.001927  -0.019251  -0.007714  0.599242  0.767794  0.226719  -0.792766  0.608549  0.034488  -0.111490  -0.200402  0.973350  0.001740  0.008154  0.006354  0.000000  0.000000  0.000000  1.000000  
24.107809 -0.001922  -0.019235  -0.007704  0.599242  0.767794  0.226719  -0.792766  0.608549  0.034488  -0.111490  -0.200402  0.973350  0.001913  0.009055  0.006818  0.000000  0.000000  0.000000  1.000000  
24.108809 -0.001915  -0.019218  -0.007694  0.599251  0.767810  0.226640  -0.792778  0.608528  0.034592  -0.111357  -0.200405  0.973364  0.002074  0.009560  0.006977  0.000000  0.000000  0.000000  1.000000  
24.109826 -0.001911  -0.019201  -0.007686  0.599260  0.767854  0.226468  -0.792790  0.608511  0.034622  -0.111224  -0.200289  0.973403  0.002035  0.010086  0.007090  0.000000  0.000000  0.000000  1.000000  
24.111061 -0.001908  -0.019181  -0.007676  0.599269  0.767897  0.226297  -0.792802  0.608493  0.034652  -0.111091  -0.200174  0.973442  0.002085  0.010883  0.007160  0.000000  0.000000  0.000000  1.000000  
24.112071 -0.001907  -0.019166  -0.007669  0.599278  0.767941  0.226125  -0.792814  0.608476  0.034682  -0.110958  -0.200059  0.973481  0.002113  0.011712  0.007133  0.000000  0.000000  0.000000  1.000000  
24.113314 -0.001905  -0.019146  -0.007659  0.599287  0.767984  0.225953  -0.792826  0.608459  0.034712  -0.110825  -0.199944  0.973519  0.002019  0.012373  0.007210  0.000000  0.000000  0.000000  1.000000  
24.114560 -0.001904  -0.019126  -0.007648  0.599296  0.768055  0.225688  -0.792838  0.608446  0.034669  -0.110692  -0.199711  0.973582  0.001963  0.012972  0.007530  0.000000  0.000000  0.000000  1.000000  
24.115562 -0.001905  -0.019113  -0.007637  0.599305  0.768099  0.225517  -0.792849  0.608429  0.034699  -0.110559  -0.199596  0.973621  0.001975  0.013421  0.008062  0.000000  0.000000  0.000000  1.000000  
24.116809 -0.001908  -0.019095  -0.007620  0.599323  0.768158  0.225266  -0.792873  0.608391  0.034833  -0.110293  -0.199484  0.973674  0.001877  0.014089  0.008721  0.000000  0.000000  0.000000  1.000000  
24.118058 -0.001909  -0.019077  -0.007604  0.599341  0.768218  0.225016  -0.792896  0.608352  0.034967  -0.110027  -0.199372  0.973727  0.001777  0.014608  0.009216  0.000000  0.000000  0.000000  1.000000  
24.119307 -0.001907  -0.019054  -0.007590  0.599358  0.768304  0.224673  -0.792920  0.608318  0.035027  -0.109761  -0.199141  0.973805  0.001800  0.015342  0.009561  0.000000  0.000000  0.000000  1.000000  
24.120310 -0.001903  -0.019034  -0.007580  0.599367  0.768348  0.224501  -0.792932  0.608301  0.035057  -0.109628  -0.199026  0.973843  0.001902  0.015938  0.009769  0.000000  0.000000  0.000000  1.000000  
24.121557 -0.001900  -0.019010  -0.007570  0.599548  0.768282  0.224243  -0.792832  0.608421  0.035238  -0.109362  -0.198914  0.973896  0.001823  0.016362  0.009796  0.000000  0.000000  0.000000  1.000000  
24.122558 -0.001899  -0.018991  -0.007561  0.599557  0.768325  0.224071  -0.792843  0.608404  0.035268  -0.109229  -0.198799  0.973934  0.001518  0.016490  0.009654  0.000000  0.000000  0.000000  1.000000  
24.123807 -0.001898  -0.018969  -0.007552  0.599566  0.768368  0.223900  -0.792855  0.608387  0.035298  -0.109096  -0.198683  0.973973  0.001145  0.016574  0.009486  0.000000  0.000000  0.000000  1.000000  
24.125058 -0.001898  -0.018948  -0.007544  0.599583  0.768427  0.223649  -0.792878  0.608349  0.035432  -0.108830  -0.198571  0.974025  0.000802  0.016575  0.009344  0.000000  0.000000  0.000000  1.000000  
24.126342 -0.001900  -0.018928  -0.007536  0.599764  0.768388  0.223298  -0.792778  0.608474  0.035538  -0.108564  -0.198341  0.974102  0.000472  0.016599  0.009310  0.000000  0.000000  0.000000  1.000000  
24.127561 -0.001904  -0.018911  -0.007527  0.599790  0.768464  0.222969  -0.792813  0.608415  0.035776  -0.108165  -0.198231  0.974169  0.000152  0.016457  0.009190  -0.097046  0.148562  0.030456  1.000000  
24.128563 -0.001906  -0.018897  -0.007519  0.599799  0.768507  0.222797  -0.792824  0.608398  0.035806  -0.108032  -0.198116  0.974207  -0.000138  0.016375  0.009252  -0.097114  0.148669  0.030459  1.000000  
24.129564 -0.001909  -0.018882  -0.007509  0.599980  0.768467  0.222446  -0.792724  0.608522  0.035913  -0.107766  -0.197885  0.974283  -0.000327  0.016311  0.009257  -0.100490  0.154549  0.024661  1.000000  
24.130811 -0.001914  -0.018864  -0.007496  0.599997  0.768526  0.222196  -0.792747  0.608485  0.036047  -0.107500  -0.197773  0.974336  -0.000465  0.016426  0.009078  -0.100382  0.161337  0.018966  1.000000  
24.132063 -0.001915  -0.018845  -0.007483  0.600023  0.768628  0.221773  -0.792781  0.608430  0.036211  -0.107101  -0.197545  0.974426  -0.000409  0.016526  0.008808  -0.108549  0.170166  0.020749  1.000000  
24.133308 -0.001914  -0.018825  -0.007474  0.600204  0.768615  0.221329  -0.792680  0.608559  0.036243  -0.106835  -0.197196  0.974526  -0.000354  0.016468  0.008419  -0.115015  0.170165  0.013857  1.000000  
24.134556 -0.001911  -0.018802  -0.007465  0.600393  0.768591  0.220898  -0.792591  0.608663  0.036453  -0.106436  -0.196968  0.974615  -0.000399  0.016398  0.008152  -0.122352  0.180261  0.008934  1.000000  
24.135557 -0.001908  -0.018782  -0.007457  0.600410  0.768677  0.220555  -0.792613  0.608630  0.036513  -0.106169  -0.196737  0.974691  -0.000416  0.016423  0.008044  -0.130442  0.184630  0.009803  1.000000  
24.136807 -0.001907  -0.018758  -0.007446  0.600599  0.768679  0.220031  -0.792524  0.608739  0.036649  -0.105770  -0.196391  0.974804  -0.000483  0.016430  0.008074  -0.138191  0.197735  -0.001848  1.000000  
24.138057 -0.001906  -0.018737  -0.007433  0.600779  0.768665  0.219586  -0.792423  0.608869  0.036680  -0.105504  -0.196042  0.974903  -0.000533  0.016349  0.008261  -0.149677  0.207922  -0.006832  1.000000  
24.139308 -0.001906  -0.018719  -0.007421  0.600796  0.768777  0.219149  -0.792445  0.608840  0.036667  -0.105238  -0.195693  0.975002  -0.000580  0.016155  0.008555  -0.157836  0.212320  -0.005987  1.000000  
24.140309 -0.001907  -0.018704  -0.007410  0.600976  0.768736  0.218797  -0.792344  0.608966  0.036772  -0.104972  -0.195462  0.975077  -0.000569  0.015982  0.008805  -0.163953  0.216382  -0.011767  1.000000  
24.141557 -0.001909  -0.018686  -0.007399  0.600993  0.768847  0.218360  -0.792366  0.608937  0.036758  -0.104706  -0.195112  0.975176  -0.000583  0.015943  0.009064  -0.171998  0.220681  -0.010930  1.000000  
24.142557 -0.001911  -0.018670  -0.007389  0.601010  0.768932  0.218015  -0.792388  0.608905  0.036818  -0.104440  -0.194881  0.975251  -0.000441  0.016037  0.009211  -0.176059  0.225059  -0.010086  1.000000  
24.143562 -0.001912  -0.018655  -0.007381  0.601190  0.768917  0.217570  -0.792287  0.609035  0.036850  -0.104174  -0.194532  0.975349  -0.000372  0.016089  0.009204  -0.180856  0.228272  -0.016983  1.000000  
24.144811 -0.001911  -0.018636  -0.007370  0.601207  0.769028  0.217133  -0.792309  0.609007  0.036836  -0.103907  -0.194182  0.975447  -0.000097  0.016113  0.009055  -0.189008  0.232659  -0.016147  1.000000  
24.145813 -0.001909  -0.018619  -0.007364  0.601224  0.769138  0.216695  -0.792331  0.608979  0.036822  -0.103641  -0.193833  0.975545  0.000318  0.016325  0.008749  -0.197178  0.237068  -0.015315  1.000000  
24.146814 -0.001907  -0.018602  -0.007357  0.601240  0.769222  0.216351  -0.792353  0.608947  0.036882  -0.103375  -0.193601  0.975619  0.000577  0.016456  0.008575  -0.201229  0.241428  -0.014468  1.000000  
24.148059 -0.001903  -0.018579  -0.007350  0.601265  0.769374  0.215741  -0.792386  0.608903  0.036899  -0.102976  -0.193136  0.975753  0.000749  0.016688  0.008403  -0.209438  0.245874  -0.013673  1.000000  
24.149060 -0.001900  -0.018560  -0.007342  0.601445  0.769358  0.215295  -0.792284  0.609033  0.036930  -0.102710  -0.192786  0.975850  0.000804  0.016755  0.008452  -0.216874  0.247228  -0.020480  1.000000  
24.150062 -0.001896  -0.018540  -0.007333  0.601453  0.769452  0.214936  -0.792295  0.609026  0.036812  -0.102577  -0.192434  0.975934  0.000881  0.016725  0.008527  -0.227245  0.245208  -0.020359  1.000000  
24.151305 -0.001894  -0.018516  -0.007319  0.601478  0.769603  0.214326  -0.792328  0.608983  0.036829  -0.102177  -0.191968  0.976068  0.000830  0.016686  0.008843  -0.240119  0.252606  -0.011990  1.000000  
24.152308 -0.001893  -0.018498  -0.007307  0.601495  0.769738  0.213795  -0.792350  0.608960  0.036741  -0.101911  -0.191500  0.976187  0.000863  0.016706  0.008917  -0.252246  0.252583  -0.012067  1.000000  
24.153557 -0.001894  -0.018477  -0.007293  0.601519  0.769913  0.213091  -0.792382  0.608921  0.036684  -0.101512  -0.190916  0.976343  0.000832  0.016905  0.008961  -0.266606  0.263513  -0.010516  1.000000  
24.154557 -0.001893  -0.018459  -0.007283  0.601544  0.770037  0.212574  -0.792415  0.608873  0.036775  -0.101113  -0.190568  0.976453  0.000888  0.017124  0.008958  -0.272503  0.270078  -0.008749  1.000000  
24.155807 -0.001893  -0.018436  -0.007271  0.601569  0.770238  0.211776  -0.792447  0.608839  0.036644  -0.100713  -0.189865  0.976631  0.000972  0.017416  0.008961  -0.292745  0.274454  -0.007995  1.000000  
24.157060 -0.001894  -0.018413  -0.007260  0.601593  0.770412  0.211072  -0.792479  0.608801  0.036587  -0.100314  -0.189280  0.976786  0.001152  0.017730  0.008966  -0.309677  0.273137  -0.001403  1.000000  
24.158307 -0.001893  -0.018390  -0.007249  0.601617  0.770586  0.210368  -0.792511  0.608762  0.036530  -0.099914  -0.188696  0.976940  0.001225  0.017975  0.008954  -0.321863  0.277544  -0.000654  1.000000  
24.159556 -0.001891  -0.018365  -0.007237  0.601641  0.770784  0.209570  -0.792543  0.608729  0.036399  -0.099515  -0.187992  0.977116  0.001350  0.018367  0.009046  -0.338781  0.280606  0.006773  1.000000  
24.160560 -0.001888  -0.018343  -0.007228  0.601666  0.770957  0.208865  -0.792575  0.608691  0.036343  -0.099116  -0.187407  0.977269  0.001454  0.018724  0.009171  -0.354907  0.284931  0.007531  1.000000  
24.161813 -0.001885  -0.018315  -0.007216  0.601698  0.771144  0.208081  -0.792617  0.608633  0.036390  -0.098583  -0.186824  0.977434  0.001487  0.019160  0.009405  -0.370112  0.291717  0.008339  1.000000  
24.163061 -0.001881  -0.018288  -0.007204  0.601729  0.771355  0.207203  -0.792659  0.608580  0.036364  -0.098050  -0.186123  0.977622  0.001486  0.019421  0.009749  -0.383049  0.299205  0.016664  1.000000  
24.164062 -0.001879  -0.018267  -0.007194  0.601753  0.771526  0.206498  -0.792690  0.608543  0.036307  -0.097651  -0.185537  0.977773  0.001296  0.019501  0.009866  -0.395964  0.302275  0.024153  1.000000  
24.165308 -0.001878  -0.018241  -0.007181  0.601785  0.771760  0.205527  -0.792732  0.608495  0.036207  -0.097118  -0.184716  0.977982  0.001173  0.019575  0.009975  -0.416412  0.306738  0.024852  1.000000  
24.166592 -0.001878  -0.018217  -0.007169  0.601816  0.771969  0.204648  -0.792773  0.608442  0.036182  -0.096586  -0.184014  0.978167  0.001007  0.019598  0.009778  -0.428876  0.309501  0.032264  1.000000  
24.167806 -0.001879  -0.018192  -0.007157  0.601847  0.772202  0.203676  -0.792814  0.608395  0.036082  -0.096053  -0.183193  0.978373  0.000977  0.019904  0.009638  -0.446043  0.316067  0.033565  1.000000  
24.169057 -0.001880  -0.018166  -0.007147  0.601878  0.772434  0.202704  -0.792855  0.608347  0.035983  -0.095520  -0.182372  0.978579  0.000961  0.020159  0.009314  -0.462719  0.326262  0.042102  1.000000  
24.170058 -0.001879  -0.018145  -0.007139  0.601909  0.772615  0.201919  -0.792895  0.608292  0.036031  -0.094987  -0.181787  0.978739  0.000981  0.020356  0.009233  -0.475071  0.336717  0.044173  1.000000  
24.171307 -0.001880  -0.018120  -0.007126  0.601947  0.772884  0.200773  -0.792946  0.608230  0.035962  -0.094321  -0.180849  0.978978  0.000913  0.020499  0.009368  -0.495950  0.348574  0.053178  1.000000  
24.172557 -0.001881  -0.018093  -0.007112  0.601985  0.773151  0.199627  -0.792996  0.608169  0.035894  -0.093655  -0.179910  0.979214  0.000859  0.020770  0.009560  -0.516176  0.357372  0.054625  1.000000  
24.173806 -0.001880  -0.018064  -0.007095  0.602194  0.773306  0.198393  -0.792932  0.608248  0.035971  -0.092856  -0.178974  0.979462  0.000834  0.021047  0.009905  -0.536525  0.375020  0.057748  1.000000  
24.174806 -0.001879  -0.018040  -0.007082  0.602224  0.773508  0.197513  -0.792971  0.608198  0.035945  -0.092323  -0.178270  0.979641  0.000796  0.021300  0.010203  -0.548606  0.383776  0.059206  1.000000  
24.175810 -0.001877  -0.018016  -0.007068  0.602254  0.773733  0.196539  -0.793010  0.608153  0.035847  -0.091790  -0.177447  0.979840  0.000664  0.021422  0.010518  -0.564754  0.392555  0.060634  1.000000  
24.176815 -0.001876  -0.017992  -0.007054  0.602454  0.773822  0.195572  -0.792935  0.608244  0.035966  -0.091124  -0.176744  0.980030  0.000514  0.021535  0.010808  -0.580891  0.405885  0.055815  1.000000  
24.178062 -0.001876  -0.017962  -0.007037  0.602498  0.774121  0.194251  -0.792993  0.608170  0.035929  -0.090325  -0.175687  0.980294  0.000264  0.021675  0.011143  -0.605337  0.423585  0.058850  1.000000  
24.179309 -0.001878  -0.017934  -0.007021  0.602542  0.774394  0.193024  -0.793050  0.608093  0.035966  -0.089525  -0.174748  0.980535  0.000052  0.022003  0.011476  -0.622439  0.435699  0.067811  1.000000  
24.180312 -0.001880  -0.017912  -0.007008  0.602734  0.774488  0.192041  -0.792964  0.608209  0.035907  -0.088992  -0.173924  0.980730  -0.000132  0.021990  0.011537  -0.633946  0.450226  0.063225  1.000000  
24.181558 -0.001883  -0.017885  -0.006993  0.602777  0.774758  0.190813  -0.793021  0.608133  0.035943  -0.088192  -0.172985  0.980968  -0.000283  0.022199  0.011725  -0.650362  0.463605  0.065377  1.000000  
24.182558 -0.001885  -0.017863  -0.006981  0.602812  0.774990  0.189758  -0.793068  0.608072  0.035950  -0.087526  -0.172162  0.981172  -0.000419  0.022247  0.011900  -0.662590  0.472483  0.066708  1.000000  
24.183808 -0.001888  -0.017836  -0.006965  0.602862  0.775293  0.188356  -0.793133  0.607983  0.036018  -0.086593  -0.171105  0.981440  -0.000589  0.022361  0.012313  -0.683005  0.490238  0.069606  1.000000  
24.185057 -0.001891  -0.017807  -0.006948  0.603067  0.775479  0.186931  -0.793064  0.608077  0.035946  -0.085793  -0.169926  0.981715  -0.000761  0.022527  0.012724  -0.698714  0.504847  0.064795  1.000000  
24.186307 -0.001894  -0.017778  -0.006929  0.603115  0.775778  0.185528  -0.793127  0.607990  0.036014  -0.084860  -0.168868  0.981979  -0.000908  0.022762  0.013211  -0.714974  0.522550  0.067597  1.000000  
24.187307 -0.001895  -0.017754  -0.006911  0.603149  0.776026  0.184377  -0.793172  0.607935  0.035947  -0.084193  -0.167924  0.982198  -0.001005  0.022931  0.013619  -0.730379  0.532232  0.069194  1.000000  
24.188555 -0.001896  -0.017723  -0.006890  0.603360  0.776240  0.182777  -0.793111  0.608018  0.035906  -0.083260  -0.166627  0.982499  -0.001087  0.023131  0.013952  -0.748906  0.550292  0.064999  1.000000  
24.189807 -0.001896  -0.017691  -0.006870  0.603407  0.776577  0.181184  -0.793172  0.607943  0.035827  -0.082327  -0.165328  0.982796  -0.001203  0.023281  0.014107  -0.773469  0.568120  0.067652  1.000000  
24.190807 -0.001897  -0.017665  -0.006853  0.603447  0.776833  0.179952  -0.793225  0.607872  0.035865  -0.081527  -0.164386  0.983021  -0.001322  0.023395  0.014330  -0.785376  0.581167  0.069544  1.000000  
24.191808 -0.001899  -0.017641  -0.006835  0.603480  0.777095  0.178706  -0.793268  0.607824  0.035725  -0.080860  -0.163321  0.983254  -0.001518  0.023414  0.014581  -0.805697  0.590067  0.070660  1.000000  
24.193070 -0.001901  -0.017610  -0.006815  0.603525  0.777424  0.177111  -0.793328  0.607750  0.035647  -0.079926  -0.162021  0.983545  -0.001690  0.023524  0.014867  -0.824209  0.603586  0.072092  1.000000  
24.194312 -0.001904  -0.017579  -0.006792  0.603740  0.777660  0.175335  -0.793271  0.607825  0.035637  -0.078859  -0.160603  0.983864  -0.001790  0.023707  0.015282  -0.851229  0.624885  0.068018  1.000000  
24.195313 -0.001907  -0.017554  -0.006773  0.603772  0.777916  0.174087  -0.793313  0.607778  0.035497  -0.078192  -0.159538  0.984090  -0.001838  0.023882  0.015712  -0.864649  0.631668  0.068809  1.000000  
24.196561 -0.001911  -0.017524  -0.006748  0.603822  0.778271  0.172316  -0.793379  0.607695  0.035451  -0.077125  -0.158118  0.984404  -0.001915  0.024073  0.016408  -0.886835  0.649221  0.071503  1.000000  
24.197890 -0.001914  -0.017493  -0.006722  0.603872  0.778623  0.170545  -0.793444  0.607612  0.035405  -0.076058  -0.156698  0.984714  -0.001926  0.024213  0.017068  -0.907118  0.665485  0.073325  1.000000  
24.199060 -0.001917  -0.017461  -0.006697  0.603921  0.778971  0.168773  -0.793509  0.607531  0.035360  -0.074991  -0.155277  0.985021  -0.001907  0.024635  0.017777  -0.929964  0.685083  0.075797  1.000000  
24.200064 -0.001919  -0.017436  -0.006677  0.603969  0.779254  0.167284  -0.793572  0.607438  0.035536  -0.073923  -0.154214  0.985268  -0.001890  0.024788  0.018163  -0.942073  0.702769  0.078190  1.000000  
24.201307 -0.001920  -0.017403  -0.006651  0.604023  0.779608  0.165431  -0.793642  0.607342  0.035596  -0.072722  -0.152793  0.985579  -0.001789  0.025010  0.018510  -0.958609  0.720744  0.080360  1.000000  
24.202308 -0.001921  -0.017376  -0.006632  0.604058  0.779882  0.164005  -0.793688  0.607288  0.035489  -0.071922  -0.151607  0.985821  -0.001743  0.025159  0.018638  -0.975024  0.729753  0.081161  1.000000  
24.203308 -0.001922  -0.017350  -0.006613  0.604098  0.780186  0.162405  -0.793742  0.607223  0.035413  -0.070987  -0.150301  0.986088  -0.001720  0.025264  0.018795  -0.995962  0.741971  0.089436  1.000000  
24.204557 -0.001922  -0.017316  -0.006588  0.603986  0.780674  0.160463  -0.793934  0.606975  0.035368  -0.069786  -0.148759  0.986408  -0.001726  0.025403  0.019064  -1.016981  0.754294  0.097509  1.000000  
24.205806 -0.001923  -0.017284  -0.006565  0.604042  0.781065  0.158338  -0.794007  0.606878  0.035388  -0.068451  -0.147097  0.986751  -0.001748  0.025436  0.019221  -1.036992  0.774657  0.100116  1.000000  
24.207060 -0.001925  -0.017253  -0.006538  0.604092  0.781420  0.156386  -0.794072  0.606793  0.035377  -0.067250  -0.145553  0.987062  -0.001745  0.025456  0.019617  -1.057729  0.786849  0.108036  1.000000  
24.208065 -0.001927  -0.017228  -0.006517  0.604130  0.781709  0.154784  -0.794122  0.606732  0.035303  -0.066315  -0.144245  0.987317  -0.001688  0.025471  0.019850  -1.078567  0.797805  0.108720  1.000000  
24.209308 -0.001930  -0.017197  -0.006488  0.604178  0.782094  0.152641  -0.794185  0.606659  0.035146  -0.065114  -0.142459  0.987657  -0.001680  0.025432  0.020264  -1.102200  0.809107  0.109622  1.000000  
24.210324 -0.001931  -0.017172  -0.006464  0.604219  0.782388  0.150957  -0.794240  0.606585  0.035178  -0.064046  -0.141151  0.987914  -0.001587  0.025468  0.020599  -1.123682  0.823418  0.117778  1.000000  
24.211564 -0.001933  -0.017140  -0.006435  0.604271  0.782774  0.148733  -0.794307  0.606500  0.035126  -0.062710  -0.139365  0.988253  -0.001430  0.025630  0.020894  -1.148344  0.845939  0.120119  1.000000  
24.212812 -0.001935  -0.017108  -0.006405  0.604321  0.783155  0.146507  -0.794374  0.606416  0.035075  -0.061375  -0.137578  0.988588  -0.001401  0.025787  0.021264  -1.172954  0.859545  0.120993  1.000000  
24.214061 -0.001936  -0.017076  -0.006375  0.604370  0.783530  0.144281  -0.794438  0.606334  0.035025  -0.060039  -0.135791  0.988917  -0.001220  0.025693  0.021434  -1.197613  0.877634  0.122525  1.000000  
24.215309 -0.001937  -0.017043  -0.006347  0.604418  0.783900  0.142054  -0.794501  0.606254  0.034975  -0.058704  -0.134002  0.989241  -0.001141  0.025730  0.021699  -1.222464  0.890009  0.130110  1.000000  
24.216309 -0.001936  -0.017017  -0.006324  0.604456  0.784209  0.140177  -0.794551  0.606196  0.034862  -0.057635  -0.132450  0.989513  -0.001045  0.025736  0.021899  -1.242738  0.903431  0.131001  1.000000  
24.217557 -0.001937  -0.016984  -0.006294  0.604502  0.784585  0.137852  -0.794612  0.606123  0.034740  -0.056299  -0.130539  0.989843  -0.001074  0.025687  0.022253  -1.263855  0.916133  0.138388  1.000000  
24.218557 -0.001938  -0.016960  -0.006270  0.604547  0.784906  0.135813  -0.794671  0.606040  0.034838  -0.054964  -0.128988  0.990122  -0.001129  0.025517  0.022599  -1.284119  0.938465  0.140539  1.000000  
24.219558 -0.001940  -0.016936  -0.006244  0.604587  0.785212  0.133853  -0.794723  0.605972  0.034832  -0.053761  -0.127435  0.990389  -0.001220  0.025310  0.023024  -1.300511  0.952063  0.141277  1.000000  
24.220808 -0.001942  -0.016907  -0.006214  0.604634  0.785582  0.131446  -0.794785  0.605892  0.034816  -0.052291  -0.125522  0.990712  -0.001247  0.025104  0.023423  -1.324910  0.970045  0.142382  1.000000  
24.221808 -0.001944  -0.016885  -0.006188  0.604676  0.785905  0.129309  -0.794840  0.605818  0.034842  -0.050955  -0.123848  0.990992  -0.001288  0.024928  0.023722  -1.345322  0.988070  0.143620  1.000000  
24.223057 -0.001948  -0.016858  -0.006156  0.604729  0.786298  0.126644  -0.794909  0.605720  0.034965  -0.049218  -0.121815  0.991332  -0.001388  0.024626  0.024074  -1.367148  1.015902  0.146030  1.000000  
24.224064 -0.001951  -0.016837  -0.006132  0.604604  0.786734  0.124513  -0.795086  0.605488  0.034967  -0.047882  -0.120139  0.991602  -0.001417  0.024401  0.024161  -1.386906  1.031068  0.160503  1.000000  
24.225309 -0.001954  -0.016811  -0.006100  0.604654  0.787113  0.121846  -0.795151  0.605396  0.035091  -0.046144  -0.118104  0.991929  -0.001488  0.024113  0.024266  -1.407951  1.058277  0.162553  1.000000  
24.226560 -0.001956  -0.016784  -0.006070  0.604701  0.787500  0.119082  -0.795213  0.605310  0.035143  -0.044407  -0.115947  0.992262  -0.001547  0.023741  0.024299  -1.432073  1.080580  0.163679  1.000000  
24.227811 -0.001959  -0.016757  -0.006040  0.604751  0.787873  0.116333  -0.795278  0.605212  0.035375  -0.042535  -0.113910  0.992580  -0.001585  0.023429  0.024317  -1.456057  1.110279  0.165842  1.000000  
24.229062 -0.001962  -0.016730  -0.006010  0.604801  0.788274  0.113311  -0.795344  0.605113  0.035566  -0.040530  -0.111632  0.992923  -0.001740  0.022982  0.024450  -1.484363  1.138960  0.167520  1.000000  
24.230311 -0.001965  -0.016704  -0.005976  0.604849  0.788679  0.110192  -0.795408  0.605023  0.035685  -0.038524  -0.109231  0.993270  -0.001954  0.022598  0.024769  -1.517154  1.166197  0.168888  1.000000  
24.231340 -0.001968  -0.016683  -0.005948  0.604883  0.788987  0.107776  -0.795452  0.604966  0.035675  -0.037054  -0.107309  0.993535  -0.002095  0.022129  0.024974  -1.539949  1.183040  0.169211  1.000000  
24.232558 -0.001974  -0.016659  -0.005913  0.604924  0.789353  0.104830  -0.795506  0.604890  0.035762  -0.035182  -0.105026  0.993847  -0.002469  0.021676  0.025387  -1.570302  1.207080  0.170073  1.000000  
24.233808 -0.001979  -0.016636  -0.005877  0.604965  0.789729  0.101707  -0.795560  0.604811  0.035883  -0.033176  -0.102622  0.994167  -0.002796  0.021125  0.025748  -1.598955  1.234305  0.171083  1.000000  
24.235057 -0.001987  -0.016614  -0.005842  0.605002  0.790087  0.098664  -0.795608  0.604747  0.035898  -0.031304  -0.100216  0.994473  -0.003152  0.020662  0.026073  -1.621508  1.256071  0.164426  1.000000  
24.236059 -0.001993  -0.016597  -0.005814  0.605034  0.790369  0.096179  -0.795651  0.604675  0.036175  -0.029565  -0.098412  0.994707  -0.003404  0.020269  0.026198  -1.639130  1.284721  0.165781  1.000000  
24.237308 -0.002001  -0.016576  -0.005778  0.605071  0.790725  0.092972  -0.795699  0.604597  0.036403  -0.027425  -0.096004  0.995003  -0.003666  0.019858  0.026473  -1.661886  1.314220  0.166861  1.000000  
24.238558 -0.002010  -0.016556  -0.005745  0.605271  0.790941  0.089771  -0.795622  0.604673  0.036830  -0.025151  -0.093716  0.995281  -0.004050  0.019474  0.026626  -1.681875  1.350890  0.161675  1.000000  
24.239807 -0.002018  -0.016535  -0.005710  0.605302  0.791286  0.086466  -0.795663  0.604609  0.036986  -0.023011  -0.091186  0.995568  -0.004399  0.019113  0.026874  -1.707028  1.378557  0.161934  1.000000  
24.240808 -0.002024  -0.016518  -0.005682  0.605329  0.791571  0.083624  -0.795698  0.604542  0.037330  -0.021005  -0.089136  0.995798  -0.004628  0.018814  0.027144  -1.730503  1.409230  0.163111  1.000000  
24.242058 -0.002033  -0.016497  -0.005644  0.605358  0.791907  0.080155  -0.795736  0.604469  0.037699  -0.018597  -0.086604  0.996069  -0.005003  0.018412  0.027597  -1.754860  1.445140  0.164071  1.000000  
24.243081 -0.002040  -0.016480  -0.005615  0.605378  0.792167  0.077392  -0.795763  0.604419  0.037938  -0.016724  -0.084552  0.996279  -0.005349  0.018019  0.027962  -1.776139  1.474148  0.164467  1.000000  
24.244314 -0.002049  -0.016460  -0.005577  0.605563  0.792359  0.073898  -0.795666  0.604533  0.038144  -0.014450  -0.081896  0.996536  -0.005783  0.017609  0.028409  -1.810047  1.511274  0.158202  1.000000  
24.245318 -0.002055  -0.016444  -0.005545  0.605578  0.792600  0.071133  -0.795686  0.604492  0.038383  -0.012577  -0.079843  0.996728  -0.006100  0.017260  0.028731  -1.825975  1.534667  0.158046  1.000000  
24.246560 -0.002066  -0.016425  -0.005505  0.605596  0.792898  0.067579  -0.795709  0.604431  0.038860  -0.010035  -0.077306  0.996957  -0.006462  0.016935  0.029069  -1.846148  1.575106  0.158821  1.000000  
24.247562 -0.002074  -0.016409  -0.005473  0.605607  0.793127  0.064732  -0.795724  0.604390  0.039206  -0.008028  -0.075252  0.997132  -0.006768  0.016612  0.029339  -1.862226  1.602043  0.158711  1.000000  
24.248811 -0.002084  -0.016391  -0.005434  0.605617  0.793409  0.061079  -0.795737  0.604345  0.039610  -0.005486  -0.072592  0.997347  -0.007001  0.016309  0.029608  -1.882746  1.638338  0.158549  1.000000  
24.250059 -0.002094  -0.016373  -0.005394  0.605624  0.793683  0.057330  -0.795746  0.604312  0.039942  -0.002944  -0.069810  0.997556  -0.007166  0.016070  0.029886  -1.911557  1.670291  0.157787  1.000000  
24.251307 -0.002104  -0.016354  -0.005353  0.605626  0.793930  0.053772  -0.795749  0.604276  0.040421  -0.000401  -0.067269  0.997735  -0.007353  0.015919  0.030293  -1.928080  1.701204  0.157353  1.000000  
24.252308 -0.002112  -0.016339  -0.005319  0.605461  0.794255  0.050753  -0.795873  0.604088  0.040791  0.001739  -0.065090  0.997878  -0.007425  0.015844  0.030631  -1.948480  1.728573  0.163187  1.000000  
24.253308 -0.002121  -0.016323  -0.005284  0.605458  0.794440  0.047806  -0.795868  0.604075  0.041066  0.003746  -0.062911  0.998012  -0.007510  0.015771  0.031247  -1.964761  1.751273  0.161901  1.000000  
24.254564 -0.002130  -0.016304  -0.005238  0.605450  0.794652  0.044246  -0.795858  0.604056  0.041547  0.006288  -0.060368  0.998156  -0.007573  0.015661  0.031976  -1.980519  1.778794  0.153365  1.000000  
24.255807 -0.002140  -0.016283  -0.005191  0.605440  0.794847  0.040766  -0.795844  0.604049  0.041922  0.008697  -0.057824  0.998289  -0.007671  0.015675  0.032744  -1.992793  1.800284  0.151507  1.000000  
24.257066 -0.002149  -0.016263  -0.005143  0.605425  0.795024  0.037382  -0.795825  0.604043  0.042370  0.011105  -0.055401  0.998402  -0.007756  0.015580  0.033524  -2.001007  1.822969  0.149271  1.000000  
24.258307 -0.002158  -0.016242  -0.005095  0.605406  0.795202  0.033723  -0.795800  0.604047  0.042778  0.013647  -0.052735  0.998515  -0.007758  0.015633  0.034180  -2.017318  1.841236  0.146338  1.000000  
24.259308 -0.002165  -0.016226  -0.005056  0.605223  0.795464  0.030701  -0.795899  0.603889  0.043154  0.015788  -0.050553  0.998597  -0.007738  0.015580  0.034698  -2.029296  1.858544  0.150922  1.000000  
24.260327 -0.002172  -0.016210  -0.005018  0.605203  0.795588  0.027751  -0.795873  0.603905  0.043431  0.017794  -0.048371  0.998671  -0.007761  0.015561  0.035223  -2.036930  1.873341  0.147778  1.000000  
24.261563 -0.002182  -0.016191  -0.004969  0.605172  0.795739  0.023817  -0.795832  0.603932  0.043800  0.020470  -0.045461  0.998756  -0.007757  0.015598  0.035853  -2.058008  1.905776  0.145337  1.000000  
24.262812 -0.002191  -0.016171  -0.004919  0.604971  0.795999  0.019907  -0.795907  0.603792  0.044345  0.023279  -0.042672  0.998818  -0.007715  0.015656  0.036552  -2.070339  1.932632  0.149256  1.000000  
24.264067 -0.002201  -0.016151  -0.004868  0.604931  0.796114  0.016166  -0.795855  0.603823  0.044862  0.025954  -0.040004  0.998862  -0.007629  0.015717  0.037278  -2.078223  1.955216  0.145911  1.000000  
24.265307 -0.002210  -0.016131  -0.004815  0.604725  0.796336  0.012514  -0.795924  0.603701  0.045270  0.028495  -0.037336  0.998896  -0.007556  0.015941  0.038165  -2.091065  1.978139  0.149537  1.000000  
24.266310 -0.002217  -0.016114  -0.004771  0.604687  0.796406  0.009578  -0.795874  0.603733  0.045727  0.030635  -0.035274  0.998908  -0.007502  0.016047  0.038858  -2.094840  1.987159  0.146156  1.000000  
24.267556 -0.002226  -0.016092  -0.004714  0.604471  0.796606  0.005748  -0.795930  0.603625  0.046170  0.033310  -0.032484  0.998917  -0.007400  0.016231  0.039788  -2.111413  2.004943  0.156085  1.000000  
24.268804 -0.002234  -0.016069  -0.004656  0.604248  0.796794  0.001935  -0.795977  0.603515  0.046794  0.036118  -0.029815  0.998903  -0.007294  0.016395  0.040557  -2.113854  2.023752  0.159125  1.000000  
24.270054 -0.002242  -0.016046  -0.004597  0.604188  0.796840  -0.001808  -0.795897  0.603580  0.047313  0.038792  -0.027147  0.998878  -0.007234  0.016621  0.041450  -2.122142  2.037798  0.154780  1.000000  
24.271303 -0.002249  -0.016021  -0.004539  0.603956  0.796998  -0.005622  -0.795932  0.603486  0.047938  0.041599  -0.024478  0.998834  -0.007056  0.016925  0.042220  -2.121807  2.051023  0.156937  1.000000  
24.272553 -0.002257  -0.015998  -0.004480  0.603883  0.797018  -0.009348  -0.795835  0.603557  0.048637  0.044407  -0.021931  0.998773  -0.007058  0.017108  0.042951  -2.121762  2.064849  0.152436  1.000000  
24.273554 -0.002263  -0.015979  -0.004431  0.603656  0.797151  -0.012258  -0.795877  0.603450  0.049278  0.046679  -0.019991  0.998710  -0.006927  0.017321  0.043627  -2.118458  2.079081  0.155919  1.000000  
24.274559 -0.002270  -0.015960  -0.004382  0.603594  0.797149  -0.015097  -0.795796  0.603513  0.049810  0.048817  -0.018051  0.998645  -0.006869  0.017545  0.044418  -2.113064  2.091303  0.159197  1.000000  
24.275804 -0.002278  -0.015936  -0.004319  0.603345  0.797258  -0.018813  -0.795807  0.603439  0.050512  0.051623  -0.015505  0.998546  -0.006773  0.017752  0.045307  -2.113071  2.105040  0.161377  1.000000  
24.276807 -0.002284  -0.015917  -0.004268  0.603109  0.797363  -0.021722  -0.795836  0.603347  0.051155  0.053895  -0.013565  0.998454  -0.006629  0.017944  0.046081  -2.108455  2.109223  0.164198  1.000000  
24.277809 -0.002290  -0.015898  -0.004215  0.603029  0.797333  -0.024818  -0.795730  0.603430  0.051827  0.056299  -0.011505  0.998348  -0.006598  0.018209  0.046924  -2.110006  2.123131  0.160502  1.000000  
24.278812 -0.002296  -0.015878  -0.004163  0.602950  0.797297  -0.027737  -0.795626  0.603512  0.052466  0.058570  -0.009566  0.998237  -0.006428  0.018527  0.047834  -2.100880  2.131615  0.156426  1.000000  
24.280063 -0.002301  -0.015853  -0.004096  0.602684  0.797360  -0.031451  -0.795616  0.603464  0.053170  0.061375  -0.007022  0.998090  -0.006197  0.018825  0.048753  -2.092158  2.140566  0.157975  1.000000  
24.281304 -0.002307  -0.015827  -0.004028  0.602414  0.797413  -0.035067  -0.795599  0.603416  0.053948  0.064179  -0.004600  0.997928  -0.005977  0.019132  0.049574  -2.087204  2.150371  0.159766  1.000000  
24.282554 -0.002311  -0.015799  -0.003959  0.602297  0.797334  -0.038678  -0.795445  0.603534  0.054899  0.067116  -0.002299  0.997742  -0.005682  0.019498  0.050338  -2.070967  2.159840  0.147716  1.000000  
24.283803 -0.002314  -0.015771  -0.003890  0.602175  0.797243  -0.042288  -0.795284  0.603659  0.055849  0.070053  0.000000  0.997543  -0.005325  0.019861  0.051079  -2.058714  2.173668  0.142758  1.000000  
24.284804 -0.002316  -0.015748  -0.003835  0.601914  0.797292  -0.045000  -0.795279  0.603591  0.056642  0.072322  0.001694  0.997380  -0.005022  0.020160  0.051699  -2.051472  2.188463  0.146134  1.000000  
24.286054 -0.002318  -0.015720  -0.003765  0.601777  0.797185  -0.048593  -0.795098  0.603723  0.057771  0.075391  0.003870  0.997147  -0.004688  0.020424  0.052460  -2.037694  2.205133  0.141328  1.000000  
24.287303 -0.002321  -0.015692  -0.003693  0.601464  0.797183  -0.052350  -0.795025  0.603706  0.058943  0.078592  0.006167  0.996888  -0.004335  0.020729  0.053353  -2.034207  2.237732  0.143798  1.000000  
24.288553 -0.002323  -0.015663  -0.003619  0.601315  0.797044  -0.056037  -0.794828  0.603861  0.059998  0.081660  0.008462  0.996624  -0.003999  0.021022  0.054127  -2.021249  2.250625  0.131598  1.000000  
24.289554 -0.002325  -0.015640  -0.003559  0.601195  0.796926  -0.058935  -0.794669  0.603989  0.060813  0.084060  0.010274  0.996408  -0.003699  0.021325  0.054845  -2.004659  2.259551  0.127110  1.000000  
24.290804 -0.002327  -0.015610  -0.003484  0.600879  0.796890  -0.062529  -0.794592  0.603993  0.061773  0.086993  0.012567  0.996130  -0.003262  0.021722  0.055672  -1.993125  2.274475  0.128642  1.000000  
24.292057 -0.002329  -0.015580  -0.003407  0.600708  0.796723  -0.066197  -0.794365  0.604165  0.063005  0.090191  0.014737  0.995815  -0.002870  0.022185  0.056531  -1.967653  2.291553  0.123040  1.000000  
24.293073 -0.002328  -0.015554  -0.003347  0.600575  0.796586  -0.068997  -0.794189  0.604302  0.063891  0.092590  0.016425  0.995569  -0.002396  0.022630  0.057052  -1.946460  2.296222  0.111723  1.000000  
24.294309 -0.002328  -0.015522  -0.003270  0.600393  0.796415  -0.072470  -0.793948  0.604472  0.065268  0.095787  0.018351  0.995233  -0.002021  0.023049  0.057699  -1.922840  2.315305  0.099728  1.000000  
24.295311 -0.002327  -0.015496  -0.003208  0.600236  0.796258  -0.075429  -0.793741  0.604625  0.066365  0.098450  0.020036  0.994940  -0.001644  0.023466  0.058250  -1.910434  2.337987  0.095553  1.000000  
24.296557 -0.002325  -0.015461  -0.003130  0.600034  0.796066  -0.078981  -0.793474  0.604811  0.067846  0.101778  0.021960  0.994565  -0.001165  0.024041  0.058936  -1.886953  2.359246  0.083380  1.000000  
24.297805 -0.002323  -0.015427  -0.003051  0.599834  0.795865  -0.082452  -0.793209  0.605003  0.069218  0.104972  0.023882  0.994188  -0.000718  0.024531  0.059672  -1.857706  2.379205  0.077859  1.000000  
24.298806 -0.002321  -0.015399  -0.002988  0.599662  0.795693  -0.085311  -0.792982  0.605165  0.070386  0.107633  0.025442  0.993865  -0.000429  0.024856  0.060265  -1.841427  2.392459  0.066628  1.000000  
24.300057 -0.002318  -0.015363  -0.002908  0.599442  0.795471  -0.088860  -0.792690  0.605374  0.071862  0.110958  0.027361  0.993448  -0.000011  0.025377  0.060930  -1.816678  2.414955  0.061087  1.000000  
24.301303 -0.002315  -0.015328  -0.002827  0.599233  0.795254  -0.092150  -0.792414  0.605575  0.073199  0.114016  0.029158  0.993051  0.000270  0.025859  0.061646  -1.790154  2.422204  0.048876  1.000000  
24.302303 -0.002313  -0.015299  -0.002762  0.599047  0.795069  -0.094910  -0.792168  0.605746  0.074436  0.116674  0.030594  0.992699  0.000588  0.026219  0.062038  -1.768346  2.438111  0.044405  1.000000  
24.303304 -0.002309  -0.015270  -0.002697  0.599019  0.794766  -0.097589  -0.791793  0.606077  0.075726  0.119331  0.031909  0.992342  0.000947  0.026697  0.062524  -1.748974  2.451584  0.026523  1.000000  
24.304306 -0.002306  -0.015239  -0.002631  0.598824  0.794557  -0.100444  -0.791536  0.606267  0.076888  0.121987  0.033462  0.991967  0.001328  0.027134  0.062924  -1.738527  2.467155  0.022340  1.000000  
24.305553 -0.002302  -0.015202  -0.002549  0.598575  0.794302  -0.103890  -0.791206  0.606500  0.078430  0.125307  0.035252  0.991492  0.001684  0.027617  0.063372  -1.712705  2.487637  0.009584  1.000000  
24.306803 -0.002296  -0.015162  -0.002467  0.598308  0.794046  -0.107320  -0.790853  0.606735  0.080150  0.128757  0.036920  0.990989  0.002101  0.028211  0.063741  -1.691027  2.507238  -0.002304  1.000000  
24.307803 -0.002291  -0.015131  -0.002402  0.598098  0.793828  -0.110075  -0.790576  0.606933  0.081381  0.131411  0.038349  0.990586  0.002462  0.028667  0.064040  -1.670871  2.516337  -0.006842  1.000000  
24.308805 -0.002286  -0.015099  -0.002336  0.597884  0.793616  -0.112733  -0.790292  0.607125  0.082685  0.134063  0.039656  0.990179  0.002823  0.029132  0.064356  -1.650612  2.529741  -0.011172  1.000000  
24.309816 -0.002280  -0.015065  -0.002269  0.597839  0.793263  -0.115423  -0.789895  0.607492  0.083784  0.136582  0.041083  0.989777  0.003218  0.029646  0.064675  -1.628588  2.540929  -0.029992  1.000000  
