1-Time 2-Px 3-Py 4-Pz 5-R11 6-R21 7-R31 8-R12 9-R22 10-R32 11-R13 12-R23 13-R33 14-Vx 15-Vy 16-Vz 17-Wx 18-Wy 19-Wz 20-state 21-PR11 22-PR21 23-PR31 24-PR12 25-PR22 26-PR32 27-PR13 28-PR23 29-PR33 
241.029363 0.003322  0.094092  -0.003228  0.994832  -0.016345  0.100209  -0.099663  0.031378  0.994526  -0.019400  -0.999374  0.029587  0.000836  0.001119  0.001691  0.000000  0.000000  0.000000  2.000000  1.000000  0.000000  0.000000  0.000000  -0.000000  1.000000  0.000000  -1.000000  -0.000000  1.000000  0.000669  -0.000020  -0.000669  1.000000  0.000121  0.000020  -0.000121  1.000000  1.000000  0.000000  0.000000  0.000000  1.000000  0.000000  0.000000  0.000000  1.000000  0.757169  0.497110  0.423766  -0.441304  -0.089019  0.892931  0.481608  -0.863109  0.151974  0.000000  0.000000  
241.030371 0.003323  0.094093  -0.003226  0.994832  -0.016345  0.100209  -0.099663  0.031378  0.994526  -0.019400  -0.999374  0.029587  0.000835  0.001118  0.001690  0.000000  0.000000  0.000000  2.000000  1.000000  0.000000  0.000000  0.000000  -0.000000  1.000000  0.000000  -1.000000  -0.000000  1.000000  0.000669  -0.000020  -0.000669  1.000000  0.000000  0.000020  0.000000  1.000000  1.000000  0.000000  0.000000  0.000000  1.000000  0.000000  0.000000  0.000000  1.000000  1.000000  0.000000  0.000000  0.000000  -0.000000  1.000000  0.000000  -1.000000  -0.000000  0.000000  0.000000  
241.031620 0.003324  0.094094  -0.003225  0.994827  -0.016611  0.100217  -0.099662  0.031404  0.994526  -0.019667  -0.999369  0.029586  0.000839  0.001061  0.001614  0.000000  0.000000  0.000000  2.000000  1.000000  0.000000  0.000000  0.000000  -0.000000  1.000000  0.000000  -1.000000  -0.000000  1.000000  0.000535  -0.000016  -0.000535  1.000000  0.000000  0.000016  0.000000  1.000000  1.000000  0.000000  0.000000  0.000000  1.000000  0.000000  0.000000  0.000000  1.000000  1.000000  0.000000  0.000000  0.000000  -0.000000  1.000000  0.000000  -1.000000  -0.000000  0.000000  0.000000  
241.032621 0.003325  0.094093  -0.003225  0.994822  -0.016877  0.100225  -0.099662  0.031431  0.994525  -0.019935  -0.999363  0.029586  0.000834  0.000952  0.001497  0.000000  0.000000  0.000000  2.000000  1.000000  0.000000  0.000000  0.000000  -0.000000  1.000000  0.000000  -1.000000  -0.000000  1.000000  0.000267  -0.000008  -0.000267  1.000000  0.000000  0.000008  0.000000  1.000000  1.000000  0.000000  0.000000  0.000000  1.000000  0.000000  0.000000  0.000000  1.000000  1.000000  0.000000  0.000000  0.000000  -0.000000  1.000000  0.000000  -1.000000  -0.000000  0.000000  0.000000  
241.033632 0.003326  0.094093  -0.003224  0.994816  -0.017131  0.100235  -0.099661  0.031578  0.994520  -0.020202  -0.999354  0.029707  0.000822  0.000822  0.001420  0.000000  0.000000  0.000000  2.000000  1.000000  0.000000  0.000000  0.000000  -0.000000  1.000000  0.000000  -1.000000  -0.000000  1.000000  -0.000000  0.000000  0.000000  1.000000  -0.000121  0.000000  0.000121  1.000000  1.000000  0.000000  0.000000  0.000000  1.000000  0.000000  0.000000  0.000000  1.000000  1.000000  0.000000  0.000000  0.000000  -0.000000  1.000000  0.000000  -1.000000  -0.000000  0.000000  0.000000  
241.034871 0.003327  0.094092  -0.003224  0.994811  -0.017397  0.100243  -0.099661  0.031605  0.994519  -0.020470  -0.999349  0.029707  0.000868  0.000715  0.001300  0.000000  0.000000  0.000000  2.000000  1.000000  0.000000  0.000000  0.000000  -0.000000  1.000000  0.000000  -1.000000  -0.000000  1.000000  -0.000401  0.000012  0.000401  1.000000  -0.000121  -0.000012  0.000121  1.000000  1.000000  0.000000  0.000000  0.000000  1.000000  0.000000  0.000000  0.000000  1.000000  1.000000  0.000000  0.000000  0.000000  -0.000000  1.000000  0.000000  -1.000000  -0.000000  0.000000  0.000000  
241.035875 0.003329  0.094092  -0.003224  0.994808  -0.017530  0.100247  -0.099660  0.031618  0.994519  -0.020604  -0.999346  0.029707  0.000900  0.000610  0.001212  0.000000  0.000000  0.000000  2.000000  1.000000  0.000000  0.000000  0.000000  -0.000000  1.000000  0.000000  -1.000000  -0.000000  1.000000  -0.000535  0.000016  0.000535  1.000000  -0.000121  -0.000016  0.000121  1.000000  1.000000  0.000000  0.000000  0.000000  1.000000  0.000000  0.000000  0.000000  1.000000  1.000000  0.000000  0.000000  0.000000  -0.000000  1.000000  0.000000  -1.000000  -0.000000  0.000000  0.000000  
241.037120 0.003330  0.094092  -0.003224  0.994826  -0.017670  0.100046  -0.099455  0.031628  0.994539  -0.020737  -0.999344  0.029707  0.000939  0.000525  0.001082  0.000000  0.000000  0.000000  2.000000  1.000000  0.000000  0.000000  0.000000  -0.000000  1.000000  0.000000  -1.000000  -0.000000  1.000000  -0.000809  -0.000182  0.000809  1.000000  -0.000117  0.000182  0.000117  1.000000  1.000000  0.000000  0.000000  0.000000  1.000000  0.000000  0.000000  0.000000  1.000000  1.000000  0.000000  0.000000  0.000000  -0.000000  1.000000  0.000000  -1.000000  -0.000000  0.000000  0.000000  
241.038375 0.003332  0.094091  -0.003224  0.994841  -0.017942  0.099849  -0.099250  0.031651  0.994559  -0.021005  -0.999338  0.029707  0.000975  0.000364  0.000918  0.000000  0.000000  0.000000  2.000000  1.000000  0.000000  0.000000  0.000000  -0.000000  1.000000  0.000000  -1.000000  -0.000000  0.999999  -0.000948  -0.000384  0.000948  1.000000  -0.000113  0.000384  0.000113  1.000000  1.000000  0.000000  0.000000  0.000000  1.000000  0.000000  0.000000  0.000000  1.000000  1.000000  0.000000  0.000000  0.000000  -0.000000  1.000000  0.000000  -1.000000  -0.000000  0.000000  0.000000  
241.039620 0.003333  0.094090  -0.003225  0.994856  -0.018215  0.099652  -0.099045  0.031674  0.994579  -0.021272  -0.999332  0.029707  0.000986  0.000194  0.000692  0.000000  0.000000  0.000000  2.000000  1.000000  0.000000  0.000000  0.000000  -0.000000  1.000000  0.000000  -1.000000  -0.000000  0.999999  -0.001356  -0.000577  0.001356  0.999999  -0.000109  0.000578  0.000108  1.000000  1.000000  0.000000  0.000000  0.000000  1.000000  0.000000  0.000000  0.000000  1.000000  1.000000  0.000000  0.000000  0.000000  -0.000000  1.000000  0.000000  -1.000000  -0.000000  0.000000  0.000000  
241.040631 0.003334  0.094089  -0.003225  0.994850  -0.018481  0.099660  -0.099044  0.031700  0.994578  -0.021540  -0.999327  0.029707  0.001001  0.000059  0.000550  0.000000  0.000000  0.000000  2.000000  1.000000  0.000000  0.000000  0.000000  -0.000000  1.000000  0.000000  -1.000000  -0.000000  0.999999  -0.001623  -0.000570  0.001623  0.999999  -0.000109  0.000570  0.000108  1.000000  1.000000  0.000000  0.000000  0.000000  1.000000  0.000000  0.000000  0.000000  1.000000  1.000000  0.000000  0.000000  0.000000  -0.000000  1.000000  0.000000  -1.000000  -0.000000  0.000000  0.000000  
241.041875 0.003336  0.094088  -0.003226  0.994859  -0.019008  0.099474  -0.098838  0.031870  0.994593  -0.022075  -0.999311  0.029827  0.001008  -0.000130  0.000367  0.000000  0.000000  0.000000  2.000000  1.000000  0.000000  0.000000  0.000000  -0.000000  1.000000  0.000000  -1.000000  -0.000000  0.999997  -0.002164  -0.000759  0.002164  0.999998  -0.000226  0.000760  0.000225  1.000000  1.000000  0.000000  0.000000  0.000000  1.000000  0.000000  0.000000  0.000000  1.000000  1.000000  0.000000  0.000000  0.000000  -0.000000  1.000000  0.000000  -1.000000  -0.000000  0.000000  0.000000  
241.043119 0.003337  0.094087  -0.003227  0.994847  -0.019540  0.099489  -0.098837  0.031923  0.994591  -0.022610  -0.999299  0.029827  0.001014  -0.000318  0.000184  0.000000  0.000000  0.000000  2.000000  1.000000  0.000000  0.000000  0.000000  -0.000000  1.000000  0.000000  -1.000000  -0.000000  0.999996  -0.002833  -0.000739  0.002833  0.999996  -0.000226  0.000740  0.000224  1.000000  1.000000  0.000000  0.000000  0.000000  1.000000  0.000000  0.000000  0.000000  1.000000  1.000000  0.000000  0.000000  0.000000  -0.000000  1.000000  0.000000  -1.000000  -0.000000  0.000000  0.000000  
241.044375 0.003337  0.094085  -0.003226  0.994855  -0.020079  0.099301  -0.098631  0.031972  0.994610  -0.023145  -0.999287  0.029827  0.001007  -0.000504  0.000033  0.000000  0.000000  0.000000  2.000000  1.000000  0.000000  0.000000  0.000000  -0.000000  1.000000  0.000000  -1.000000  -0.000000  0.999993  -0.003508  -0.000925  0.003508  0.999994  -0.000222  0.000926  0.000219  1.000000  1.000000  0.000000  0.000000  0.000000  1.000000  0.000000  0.000000  0.000000  1.000000  1.000000  0.000000  0.000000  0.000000  -0.000000  1.000000  0.000000  -1.000000  -0.000000  0.000000  0.000000  
241.045618 0.003338  0.094083  -0.003227  0.994842  -0.020599  0.099319  -0.098630  0.032145  0.994605  -0.023680  -0.999271  0.029947  0.000958  -0.000672  -0.000051  0.000000  0.000000  0.000000  2.000000  1.000000  0.000000  0.000000  0.000000  -0.000000  1.000000  0.000000  -1.000000  -0.000000  0.999992  -0.003909  -0.000912  0.003909  0.999992  -0.000343  0.000914  0.000340  1.000000  1.000000  0.000000  0.000000  0.000000  1.000000  0.000000  0.000000  0.000000  1.000000  1.000000  0.000000  0.000000  0.000000  -0.000000  1.000000  0.000000  -1.000000  -0.000000  0.000000  0.000000  
241.046869 0.003338  0.094081  -0.003226  0.994833  -0.020998  0.099331  -0.098629  0.032184  0.994604  -0.024081  -0.999261  0.029947  0.000899  -0.000811  -0.000092  0.000000  0.000000  0.000000  2.000000  1.000000  0.000000  0.000000  0.000000  -0.000000  1.000000  0.000000  -1.000000  -0.000000  0.999989  -0.004578  -0.000892  0.004578  0.999989  -0.000343  0.000894  0.000339  1.000000  1.000000  0.000000  0.000000  0.000000  1.000000  0.000000  0.000000  0.000000  1.000000  1.000000  0.000000  0.000000  0.000000  -0.000000  1.000000  0.000000  -1.000000  -0.000000  0.000000  0.000000  
241.048117 0.003337  0.094079  -0.003227  0.994840  -0.021525  0.099145  -0.098423  0.032353  0.994619  -0.024616  -0.999245  0.030068  0.000782  -0.000876  -0.000118  0.000000  0.000000  0.000000  2.000000  1.000000  0.000000  0.000000  0.000000  -0.000000  1.000000  0.000000  -1.000000  -0.000000  0.999987  -0.004985  -0.001086  0.004985  0.999987  -0.000461  0.001088  0.000455  0.999999  1.000000  0.000000  0.000000  0.000000  1.000000  0.000000  0.000000  0.000000  1.000000  1.000000  0.000000  0.000000  0.000000  -0.000000  1.000000  0.000000  -1.000000  -0.000000  0.000000  0.000000  
241.049121 0.003337  0.094078  -0.003227  0.994834  -0.021791  0.099153  -0.098422  0.032380  0.994618  -0.024884  -0.999238  0.030068  0.000663  -0.000984  -0.000197  -0.015378  0.036385  -0.172030  2.000000  1.000000  -0.000261  -0.000054  0.000054  0.000023  1.000000  -0.000261  -1.000000  0.000023  0.999985  -0.005387  -0.001073  0.005386  0.999985  -0.000461  0.001076  0.000455  0.999999  1.000000  -0.000067  -0.000013  0.000067  1.000000  -0.000006  0.000013  0.000006  1.000000  1.000000  -0.000261  -0.000054  0.000054  0.000023  1.000000  -0.000261  -1.000000  0.000023  0.000044  0.005512  
241.050126 0.003336  0.094077  -0.003228  0.994824  -0.022190  0.099165  -0.098421  0.032419  0.994617  -0.025285  -0.999228  0.030068  0.000517  -0.001040  -0.000279  -0.015366  0.035973  -0.185464  2.000000  1.000000  -0.000539  -0.000107  0.000107  0.000046  1.000000  -0.000539  -1.000000  0.000046  0.999983  -0.005654  -0.001065  0.005654  0.999984  -0.000461  0.001068  0.000455  0.999999  1.000000  -0.000071  -0.000013  0.000071  1.000000  -0.000006  0.000013  0.000006  1.000000  1.000000  -0.000539  -0.000107  0.000107  0.000046  1.000000  -0.000539  -1.000000  0.000046  0.000046  0.005772  
241.051374 0.003335  0.094076  -0.003229  0.994810  -0.022722  0.099181  -0.098420  0.032472  0.994615  -0.025820  -0.999214  0.030067  0.000347  -0.001040  -0.000361  -0.015358  0.035444  -0.203483  2.000000  1.000000  -0.000922  -0.000173  0.000173  0.000074  1.000000  -0.000922  -1.000000  0.000074  0.999979  -0.006323  -0.001045  0.006322  0.999980  -0.000461  0.001048  0.000454  0.999999  1.000000  -0.000079  -0.000013  0.000079  1.000000  -0.000006  0.000013  0.000006  1.000000  1.000000  -0.000922  -0.000173  0.000173  0.000074  1.000000  -0.000922  -1.000000  0.000074  0.000051  0.006425  
241.052379 0.003335  0.094076  -0.003231  0.994823  -0.022983  0.098987  -0.098214  0.032614  0.994631  -0.026088  -0.999204  0.030188  0.000224  -0.001028  -0.000478  -0.019271  0.041938  -0.217155  2.000000  0.999999  -0.001245  -0.000230  0.000231  0.000102  1.000000  -0.001245  -0.999999  0.000102  0.999977  -0.006597  -0.001242  0.006596  0.999978  -0.000578  0.001246  0.000570  0.999999  1.000000  -0.000082  -0.000016  0.000082  1.000000  -0.000007  0.000016  0.000007  1.000000  0.999999  -0.001245  -0.000230  0.000231  0.000102  1.000000  -0.001245  -0.999999  0.000102  0.000055  0.006737  
241.053623 0.003335  0.094077  -0.003233  0.994809  -0.023515  0.099003  -0.098213  0.032667  0.994629  -0.026623  -0.999190  0.030188  0.000166  -0.000931  -0.000573  -0.019257  0.041399  -0.235120  2.000000  0.999999  -0.001577  -0.000293  0.000293  0.000130  1.000000  -0.001577  -0.999999  0.000131  0.999977  -0.006730  -0.001238  0.006730  0.999977  -0.000577  0.001242  0.000569  0.999999  1.000000  -0.000084  -0.000016  0.000084  1.000000  -0.000007  0.000016  0.000007  1.000000  0.999999  -0.001577  -0.000293  0.000293  0.000130  1.000000  -0.001577  -0.999999  0.000131  0.000059  0.006867  
241.054625 0.003334  0.094078  -0.003234  0.994802  -0.023781  0.099011  -0.098212  0.032693  0.994628  -0.026890  -0.999182  0.030187  0.000066  -0.000833  -0.000598  -0.019249  0.041126  -0.244088  2.000000  0.999998  -0.001913  -0.000355  0.000355  0.000154  1.000000  -0.001913  -0.999998  0.000155  0.999977  -0.006730  -0.001238  0.006730  0.999977  -0.000456  0.001241  0.000447  0.999999  1.000000  -0.000084  -0.000015  0.000084  1.000000  -0.000006  0.000015  0.000006  1.000000  0.999998  -0.001913  -0.000355  0.000355  0.000154  1.000000  -0.001913  -0.999998  0.000155  0.000061  0.006858  
241.055873 0.003334  0.094078  -0.003234  0.994788  -0.024313  0.099027  -0.098211  0.032746  0.994627  -0.027425  -0.999168  0.030187  -0.000036  -0.000721  -0.000615  -0.019241  0.040457  -0.266574  2.000000  0.999997  -0.002339  -0.000432  0.000432  0.000182  1.000000  -0.002339  -0.999997  0.000183  0.999976  -0.006864  -0.001234  0.006863  0.999976  -0.000455  0.001237  0.000447  0.999999  1.000000  -0.000086  -0.000015  0.000086  1.000000  -0.000006  0.000015  0.000006  1.000000  0.999997  -0.002339  -0.000432  0.000432  0.000182  1.000000  -0.002339  -0.999997  0.000183  0.000066  0.006989  
241.056874 0.003334  0.094079  -0.003234  0.994780  -0.024567  0.099038  -0.098210  0.032892  0.994622  -0.027693  -0.999157  0.030308  -0.000112  -0.000588  -0.000557  -0.023309  0.040170  -0.275552  2.000000  0.999996  -0.002692  -0.000493  0.000494  0.000209  1.000000  -0.002692  -0.999996  0.000210  0.999974  -0.007132  -0.001225  0.007131  0.999974  -0.000576  0.001229  0.000567  0.999999  1.000000  -0.000089  -0.000015  0.000089  1.000000  -0.000007  0.000015  0.000007  1.000000  0.999996  -0.002692  -0.000493  0.000494  0.000209  1.000000  -0.002692  -0.999996  0.000210  0.000070  0.007259  
241.058124 0.003333  0.094080  -0.003234  0.994765  -0.025099  0.099054  -0.098208  0.032945  0.994620  -0.028228  -0.999142  0.030308  -0.000233  -0.000424  -0.000473  -0.023296  0.039629  -0.293516  2.000000  0.999995  -0.003144  -0.000554  0.000555  0.000245  1.000000  -0.003144  -0.999995  0.000247  0.999972  -0.007387  -0.000806  0.007386  0.999973  -0.000584  0.000810  0.000578  1.000000  1.000000  -0.000092  -0.000010  0.000092  1.000000  -0.000007  0.000010  0.000007  1.000000  0.999995  -0.003144  -0.000554  0.000555  0.000245  1.000000  -0.003144  -0.999995  0.000247  0.000073  0.007453  
241.059374 0.003333  0.094080  -0.003233  0.994758  -0.025366  0.099062  -0.098208  0.032971  0.994620  -0.028495  -0.999134  0.030307  -0.000306  -0.000297  -0.000419  -0.023301  0.039241  -0.307116  2.000000  0.999993  -0.003609  -0.000602  0.000603  0.000281  1.000000  -0.003609  -0.999993  0.000283  0.999972  -0.007514  -0.000596  0.007514  0.999972  -0.000588  0.000600  0.000584  1.000000  1.000000  -0.000094  -0.000007  0.000094  1.000000  -0.000007  0.000007  0.000007  1.000000  0.999993  -0.003609  -0.000602  0.000603  0.000281  1.000000  -0.003609  -0.999993  0.000283  0.000078  0.007561  
241.060375 0.003332  0.094080  -0.003232  0.994746  -0.025765  0.099074  -0.098207  0.033011  0.994618  -0.028896  -0.999123  0.030307  -0.000351  -0.000175  -0.000348  -0.023288  0.038831  -0.320558  2.000000  0.999992  -0.003894  -0.000624  0.000625  0.000303  1.000000  -0.003894  -0.999992  0.000305  0.999971  -0.007648  -0.000592  0.007648  0.999971  -0.000588  0.000596  0.000584  1.000000  1.000000  -0.000096  -0.000007  0.000096  1.000000  -0.000007  0.000007  0.000007  1.000000  0.999992  -0.003894  -0.000624  0.000625  0.000303  1.000000  -0.003894  -0.999992  0.000305  0.000079  0.007693  
241.061377 0.003332  0.094081  -0.003230  0.994743  -0.025886  0.099082  -0.098206  0.033144  0.994614  -0.029030  -0.999115  0.030428  -0.000361  -0.000021  -0.000250  -0.027354  0.038945  -0.316055  2.000000  0.999991  -0.004276  -0.000654  0.000655  0.000336  1.000000  -0.004276  -0.999991  0.000339  0.999971  -0.007648  -0.000591  0.007648  0.999971  -0.000709  0.000596  0.000705  1.000000  1.000000  -0.000096  -0.000007  0.000096  1.000000  -0.000009  0.000007  0.000009  1.000000  0.999991  -0.004276  -0.000654  0.000655  0.000336  1.000000  -0.004276  -0.999991  0.000339  0.000081  0.007703  
241.062620 0.003333  0.094082  -0.003229  0.994735  -0.026152  0.099090  -0.098205  0.033171  0.994613  -0.029298  -0.999107  0.030428  -0.000315  0.000134  -0.000152  -0.027120  0.038630  -0.313500  2.000000  0.999989  -0.004649  -0.000681  0.000683  0.000367  1.000000  -0.004648  -0.999989  0.000370  0.999973  -0.007374  -0.000393  0.007374  0.999973  -0.000592  0.000398  0.000589  1.000000  1.000000  -0.000092  -0.000005  0.000092  1.000000  -0.000007  0.000005  0.000007  1.000000  0.999989  -0.004649  -0.000681  0.000683  0.000367  1.000000  -0.004648  -0.999989  0.000370  0.000080  0.007408  
241.063867 0.003334  0.094084  -0.003227  0.994727  -0.026406  0.099101  -0.098205  0.033318  0.994608  -0.029565  -0.999096  0.030549  -0.000215  0.000342  -0.000019  -0.027344  0.038929  -0.316246  2.000000  0.999987  -0.005100  -0.000706  0.000708  0.000404  1.000000  -0.005099  -0.999987  0.000407  0.999975  -0.007107  -0.000401  0.007107  0.999975  -0.000592  0.000406  0.000589  1.000000  1.000000  -0.000089  -0.000005  0.000089  1.000000  -0.000007  0.000005  0.000007  1.000000  0.999987  -0.005100  -0.000706  0.000708  0.000404  1.000000  -0.005099  -0.999987  0.000407  0.000079  0.007143  
241.064870 0.003335  0.094085  -0.003226  0.994719  -0.026672  0.099109  -0.098204  0.033344  0.994608  -0.029833  -0.999088  0.030548  -0.000045  0.000536  0.000092  -0.027095  0.038592  -0.313514  2.000000  0.999985  -0.005441  -0.000723  0.000726  0.000439  1.000000  -0.005441  -0.999985  0.000443  0.999978  -0.006699  -0.000207  0.006699  0.999977  -0.000718  0.000212  0.000716  1.000000  1.000000  -0.000084  -0.000003  0.000084  1.000000  -0.000009  0.000003  0.000009  1.000000  0.999985  -0.005441  -0.000723  0.000726  0.000439  1.000000  -0.005441  -0.999985  0.000443  0.000079  0.006741  
241.065870 0.003337  0.094086  -0.003225  0.994711  -0.026938  0.099117  -0.098203  0.033370  0.994607  -0.030100  -0.999080  0.030548  0.000098  0.000644  0.000231  -0.027088  0.038462  -0.318006  2.000000  0.999983  -0.005771  -0.000734  0.000737  0.000473  1.000000  -0.005771  -0.999983  0.000477  0.999979  -0.006432  -0.000215  0.006432  0.999979  -0.000596  0.000219  0.000595  1.000000  1.000000  -0.000080  -0.000003  0.000080  1.000000  -0.000007  0.000003  0.000007  1.000000  0.999983  -0.005771  -0.000734  0.000737  0.000473  1.000000  -0.005771  -0.999983  0.000477  0.000080  0.006463  
241.066871 0.003338  0.094088  -0.003225  0.994683  -0.027197  0.099330  -0.098407  0.033402  0.994586  -0.030368  -0.999072  0.030548  0.000225  0.000730  0.000321  -0.027429  0.024610  -0.322043  2.000000  0.999981  -0.006095  -0.000739  0.000742  0.000503  1.000000  -0.006094  -0.999981  0.000507  0.999979  -0.006426  -0.000009  0.006426  0.999979  -0.000601  0.000013  0.000601  1.000000  1.000000  -0.000080  -0.000000  0.000080  1.000000  -0.000008  0.000000  0.000008  1.000000  0.999981  -0.006095  -0.000739  0.000742  0.000503  1.000000  -0.006094  -0.999981  0.000507  0.000080  0.006454  
241.068123 0.003341  0.094090  -0.003223  0.994675  -0.027463  0.099338  -0.098406  0.033428  0.994585  -0.030635  -0.999064  0.030548  0.000371  0.000880  0.000546  -0.027828  0.017901  -0.324527  2.000000  0.999979  -0.006412  -0.000737  0.000741  0.000533  1.000000  -0.006412  -0.999979  0.000537  0.999980  -0.006286  0.000192  0.006286  0.999980  -0.000606  -0.000188  0.000607  1.000000  1.000000  -0.000079  0.000002  0.000079  1.000000  -0.000008  -0.000002  0.000008  1.000000  0.999979  -0.006412  -0.000737  0.000741  0.000533  1.000000  -0.006412  -0.999979  0.000537  0.000081  0.006318  
241.069374 0.003344  0.094093  -0.003222  0.994671  -0.027584  0.099346  -0.098406  0.033562  0.994580  -0.030769  -0.999056  0.030669  0.000616  0.001055  0.000813  -0.032073  0.011099  -0.319755  2.000000  0.999977  -0.006800  -0.000725  0.000729  0.000569  1.000000  -0.006800  -0.999977  0.000574  0.999981  -0.006152  0.000189  0.006152  0.999981  -0.000606  -0.000185  0.000607  1.000000  1.000000  -0.000077  0.000002  0.000077  1.000000  -0.000008  -0.000002  0.000008  1.000000  0.999977  -0.006800  -0.000725  0.000729  0.000569  1.000000  -0.006800  -0.999977  0.000574  0.000081  0.006185  
241.070624 0.003346  0.094096  -0.003220  0.994666  -0.027729  0.099346  -0.098405  0.033455  0.994584  -0.030903  -0.999055  0.030547  0.000785  0.001159  0.000970  -0.027770  0.011165  -0.312763  2.000000  0.999974  -0.007171  -0.000714  0.000718  0.000602  1.000000  -0.007171  -0.999974  0.000607  0.999983  -0.005751  0.000176  0.005751  0.999983  -0.000485  -0.000173  0.000486  1.000000  1.000000  -0.000072  0.000002  0.000072  1.000000  -0.000006  -0.000002  0.000006  1.000000  0.999974  -0.007171  -0.000714  0.000718  0.000602  1.000000  -0.007171  -0.999974  0.000607  0.000080  0.005774  
241.071873 0.003348  0.094098  -0.003218  0.994662  -0.027862  0.099350  -0.098405  0.033468  0.994584  -0.031036  -0.999051  0.030547  0.000969  0.001225  0.001067  -0.023896  0.004690  -0.299110  2.000000  0.999971  -0.007521  -0.000703  0.000708  0.000632  1.000000  -0.007520  -0.999972  0.000637  0.999985  -0.005483  0.000168  0.005483  0.999985  -0.000485  -0.000165  0.000486  1.000000  1.000000  -0.000069  0.000002  0.000069  1.000000  -0.000006  -0.000002  0.000006  1.000000  0.999971  -0.007521  -0.000703  0.000708  0.000632  1.000000  -0.007520  -0.999972  0.000637  0.000076  0.005507  
241.073127 0.003350  0.094099  -0.003217  0.994662  -0.027862  0.099350  -0.098405  0.033468  0.994584  -0.031036  -0.999051  0.030547  0.001148  0.001305  0.001120  -0.024085  0.005407  -0.279066  2.000000  0.999969  -0.007782  -0.000692  0.000697  0.000653  1.000000  -0.007781  -0.999970  0.000658  0.999988  -0.004942  0.000357  0.004942  0.999988  -0.000369  -0.000355  0.000371  1.000000  1.000000  0.000000  0.000000  0.000000  1.000000  0.000000  0.000000  0.000000  1.000000  0.999969  -0.007782  -0.000692  0.000697  0.000653  1.000000  -0.007781  -0.999970  0.000658  0.000071  0.000000  
241.074377 0.003352  0.094100  -0.003217  0.994658  -0.027995  0.099355  -0.098405  0.033481  0.994583  -0.031170  -0.999047  0.030547  0.001373  0.001377  0.001075  -0.024477  -0.000971  -0.263123  2.000000  0.999969  -0.007782  -0.000692  0.000697  0.000653  1.000000  -0.007781  -0.999970  0.000658  0.999990  -0.004541  0.000345  0.004541  0.999990  -0.000369  -0.000343  0.000371  1.000000  1.000000  0.000000  0.000000  0.000000  1.000000  0.000000  0.000000  0.000000  1.000000  0.999969  -0.007782  -0.000692  0.000697  0.000653  1.000000  -0.007781  -0.999970  0.000658  0.000068  0.000000  
241.075702 0.003354  0.094101  -0.003217  0.994654  -0.028128  0.099359  -0.098404  0.033494  0.994583  -0.031304  -0.999043  0.030547  0.001484  0.001340  0.000949  -0.020152  -0.000705  -0.251409  2.000000  0.999969  -0.007782  -0.000692  0.000697  0.000653  1.000000  -0.007781  -0.999970  0.000658  0.999991  -0.004273  0.000337  0.004273  0.999991  -0.000369  -0.000335  0.000371  1.000000  1.000000  0.000000  0.000000  0.000000  1.000000  0.000000  0.000000  0.000000  1.000000  0.999969  -0.007782  -0.000692  0.000697  0.000653  1.000000  -0.007781  -0.999970  0.000658  0.000065  0.000000  
241.076872 0.003356  0.094102  -0.003217  0.994650  -0.028261  0.099363  -0.098404  0.033507  0.994582  -0.031438  -0.999039  0.030547  0.001588  0.001346  0.000860  -0.020385  -0.007348  -0.242739  2.000000  0.999969  -0.007782  -0.000692  0.000697  0.000653  1.000000  -0.007781  -0.999970  0.000658  0.999992  -0.004006  0.000328  0.004006  0.999992  -0.000369  -0.000327  0.000371  1.000000  1.000000  0.000000  0.000000  0.000000  1.000000  0.000000  0.000000  0.000000  1.000000  0.999969  -0.007782  -0.000692  0.000697  0.000653  1.000000  -0.007781  -0.999970  0.000658  0.000062  0.000000  
241.078120 0.003358  0.094103  -0.003216  0.994646  -0.028394  0.099367  -0.098403  0.033520  0.994582  -0.031571  -0.999035  0.030547  0.001705  0.001361  0.000773  -0.016316  -0.007094  -0.233868  2.000000  0.999969  -0.007782  -0.000692  0.000697  0.000653  1.000000  -0.007781  -0.999970  0.000658  0.999993  -0.003738  0.000320  0.003738  0.999993  -0.000248  -0.000319  0.000249  1.000000  1.000000  0.000000  0.000000  0.000000  1.000000  0.000000  0.000000  0.000000  1.000000  0.999969  -0.007782  -0.000692  0.000697  0.000653  1.000000  -0.007781  -0.999970  0.000658  0.000059  0.000000  
241.079120 0.003360  0.094105  -0.003215  0.994646  -0.028394  0.099367  -0.098403  0.033520  0.994582  -0.031571  -0.999035  0.030547  0.001747  0.001388  0.000767  -0.016173  -0.006761  -0.222899  2.000000  0.999969  -0.007782  -0.000692  0.000697  0.000653  1.000000  -0.007781  -0.999970  0.000658  0.999994  -0.003337  0.000308  0.003337  0.999994  -0.000248  -0.000307  0.000249  1.000000  1.000000  0.000000  0.000000  0.000000  1.000000  0.000000  0.000000  0.000000  1.000000  0.999969  -0.007782  -0.000692  0.000697  0.000653  1.000000  -0.007781  -0.999970  0.000658  0.000056  0.000000  
241.080370 0.003363  0.094107  -0.003214  0.994646  -0.028394  0.099367  -0.098403  0.033520  0.994582  -0.031571  -0.999035  0.030547  0.001807  0.001439  0.000800  -0.016179  -0.006223  -0.205141  2.000000  0.999969  -0.007782  -0.000692  0.000697  0.000653  1.000000  -0.007781  -0.999970  0.000658  0.999995  -0.003070  0.000300  0.003070  0.999995  -0.000248  -0.000299  0.000249  1.000000  1.000000  0.000000  0.000000  0.000000  1.000000  0.000000  0.000000  0.000000  1.000000  0.999969  -0.007782  -0.000692  0.000697  0.000653  1.000000  -0.007781  -0.999970  0.000658  0.000053  0.000000  
241.081619 0.003365  0.094109  -0.003212  0.994646  -0.028394  0.099367  -0.098403  0.033520  0.994582  -0.031571  -0.999035  0.030547  0.001823  0.001473  0.000859  -0.012131  -0.005827  -0.191718  2.000000  0.999969  -0.007782  -0.000692  0.000697  0.000653  1.000000  -0.007781  -0.999970  0.000658  0.999997  -0.002535  0.000283  0.002535  0.999997  -0.000127  -0.000283  0.000128  1.000000  1.000000  0.000000  0.000000  0.000000  1.000000  0.000000  0.000000  0.000000  1.000000  0.999969  -0.007782  -0.000692  0.000697  0.000653  1.000000  -0.007781  -0.999970  0.000658  0.000048  0.000000  
241.082624 0.003367  0.094111  -0.003211  0.994670  -0.028268  0.099158  -0.098199  0.033501  0.994603  -0.031438  -0.999039  0.030547  0.001823  0.001473  0.000859  -0.012239  -0.005195  -0.170929  2.000000  0.999969  -0.007782  -0.000692  0.000697  0.000653  1.000000  -0.007781  -0.999970  0.000658  0.999997  -0.002267  0.000275  0.002267  0.999997  -0.000127  -0.000275  0.000128  1.000000  1.000000  0.000000  0.000000  0.000000  1.000000  0.000000  0.000000  0.000000  1.000000  0.999969  -0.007782  -0.000692  0.000697  0.000653  1.000000  -0.007781  -0.999970  0.000658  0.000045  0.000000  
241.083874 0.003369  0.094113  -0.003210  0.994670  -0.028280  0.099154  -0.098199  0.033381  0.994607  -0.031438  -0.999043  0.030426  0.001776  0.001400  0.000832  0.000000  0.000000  0.000000  2.000000  0.999969  -0.007782  -0.000692  0.000697  0.000653  1.000000  -0.007781  -0.999970  0.000658  0.999998  -0.002006  0.000061  0.002006  0.999998  0.000000  -0.000061  0.000000  1.000000  1.000000  0.000000  0.000000  0.000000  1.000000  0.000000  0.000000  0.000000  1.000000  0.999969  -0.007782  -0.000692  0.000697  0.000653  1.000000  -0.007781  -0.999970  0.000658  0.000000  0.000000  
241.085121 0.003370  0.094114  -0.003209  0.994670  -0.028280  0.099154  -0.098199  0.033381  0.994607  -0.031438  -0.999043  0.030426  0.001623  0.001261  0.000730  0.000000  0.000000  0.000000  2.000000  0.999969  -0.007782  -0.000692  0.000697  0.000653  1.000000  -0.007781  -0.999970  0.000658  0.999998  -0.001739  0.000053  0.001739  0.999998  0.000121  -0.000053  -0.000121  1.000000  1.000000  0.000000  0.000000  0.000000  1.000000  0.000000  0.000000  0.000000  1.000000  0.999969  -0.007782  -0.000692  0.000697  0.000653  1.000000  -0.007781  -0.999970  0.000658  0.000000  0.000000  
241.086377 0.003371  0.094114  -0.003209  0.994670  -0.028280  0.099154  -0.098199  0.033381  0.994607  -0.031438  -0.999043  0.030426  0.001542  0.001168  0.000629  0.000000  0.000000  0.000000  2.000000  0.999969  -0.007782  -0.000692  0.000697  0.000653  1.000000  -0.007781  -0.999970  0.000658  0.999999  -0.001337  0.000041  0.001337  0.999999  0.000121  -0.000041  -0.000121  1.000000  1.000000  0.000000  0.000000  0.000000  1.000000  0.000000  0.000000  0.000000  1.000000  0.999969  -0.007782  -0.000692  0.000697  0.000653  1.000000  -0.007781  -0.999970  0.000658  0.000000  0.000000  
241.087620 0.003371  0.094114  -0.003210  0.994670  -0.028280  0.099154  -0.098199  0.033381  0.994607  -0.031438  -0.999043  0.030426  0.001426  0.001035  0.000475  0.000000  0.000000  0.000000  2.000000  0.999969  -0.007782  -0.000692  0.000697  0.000653  1.000000  -0.007781  -0.999970  0.000658  0.999999  -0.001076  -0.000173  0.001076  0.999999  0.000128  0.000173  -0.000128  1.000000  1.000000  0.000000  0.000000  0.000000  1.000000  0.000000  0.000000  0.000000  1.000000  0.999969  -0.007782  -0.000692  0.000697  0.000653  1.000000  -0.007781  -0.999970  0.000658  0.000000  0.000000  
241.088874 0.003372  0.094115  -0.003210  0.994670  -0.028292  0.099151  -0.098199  0.033260  0.994611  -0.031438  -0.999046  0.030305  0.001328  0.000975  0.000406  0.000000  0.000000  0.000000  2.000000  0.999969  -0.007782  -0.000692  0.000697  0.000653  1.000000  -0.007781  -0.999970  0.000658  1.000000  -0.000809  -0.000181  0.000809  1.000000  0.000370  0.000181  -0.000370  1.000000  1.000000  0.000000  0.000000  0.000000  1.000000  0.000000  0.000000  0.000000  1.000000  0.999969  -0.007782  -0.000692  0.000697  0.000653  1.000000  -0.007781  -0.999970  0.000658  0.000000  0.000000  
241.089874 0.003372  0.094115  -0.003210  0.994670  -0.028292  0.099151  -0.098199  0.033260  0.994611  -0.031438  -0.999046  0.030305  0.001256  0.000924  0.000398  0.000000  0.000000  0.000000  2.000000  0.999969  -0.007782  -0.000692  0.000697  0.000653  1.000000  -0.007781  -0.999970  0.000658  1.000000  -0.000541  -0.000189  0.000541  1.000000  0.000370  0.000189  -0.000370  1.000000  1.000000  0.000000  0.000000  0.000000  1.000000  0.000000  0.000000  0.000000  1.000000  0.999969  -0.007782  -0.000692  0.000697  0.000653  1.000000  -0.007781  -0.999970  0.000658  0.000000  0.000000  
241.091120 0.003372  0.094115  -0.003210  0.994674  -0.028159  0.099147  -0.098199  0.033247  0.994611  -0.031304  -0.999050  0.030305  0.001101  0.000884  0.000403  0.000000  0.000000  0.000000  2.000000  0.999969  -0.007782  -0.000692  0.000697  0.000653  1.000000  -0.007781  -0.999970  0.000658  1.000000  -0.000407  -0.000194  0.000407  1.000000  0.000249  0.000193  -0.000249  1.000000  1.000000  0.000000  0.000000  0.000000  1.000000  0.000000  0.000000  0.000000  1.000000  0.999969  -0.007782  -0.000692  0.000697  0.000653  1.000000  -0.007781  -0.999970  0.000658  0.000000  0.000000  
241.092384 0.003372  0.094115  -0.003210  0.994674  -0.028171  0.099144  -0.098199  0.033126  0.994615  -0.031304  -0.999054  0.030184  0.000976  0.000829  0.000397  0.000000  0.000000  0.000000  2.000000  0.999969  -0.007782  -0.000692  0.000697  0.000653  1.000000  -0.007781  -0.999970  0.000658  1.000000  -0.000274  -0.000198  0.000274  1.000000  0.000370  0.000197  -0.000370  1.000000  1.000000  0.000000  0.000000  0.000000  1.000000  0.000000  0.000000  0.000000  1.000000  0.999969  -0.007782  -0.000692  0.000697  0.000653  1.000000  -0.007781  -0.999970  0.000658  0.000000  0.000000  
241.093617 0.003373  0.094115  -0.003210  0.994674  -0.028171  0.099144  -0.098199  0.033126  0.994615  -0.031304  -0.999054  0.030184  0.000888  0.000766  0.000384  0.000000  0.000000  0.000000  2.000000  0.999969  -0.007782  -0.000692  0.000697  0.000653  1.000000  -0.007781  -0.999970  0.000658  1.000000  -0.000274  -0.000198  0.000274  1.000000  0.000370  0.000197  -0.000370  1.000000  1.000000  0.000000  0.000000  0.000000  1.000000  0.000000  0.000000  0.000000  1.000000  0.999969  -0.007782  -0.000692  0.000697  0.000653  1.000000  -0.007781  -0.999970  0.000658  0.000000  0.000000  
241.094622 0.003373  0.094115  -0.003210  0.994674  -0.028171  0.099144  -0.098199  0.033126  0.994615  -0.031304  -0.999054  0.030184  0.000709  0.000616  0.000302  0.000000  0.000000  0.000000  2.000000  0.999969  -0.007782  -0.000692  0.000697  0.000653  1.000000  -0.007781  -0.999970  0.000658  1.000000  -0.000140  -0.000202  0.000140  1.000000  0.000370  0.000202  -0.000370  1.000000  1.000000  0.000000  0.000000  0.000000  1.000000  0.000000  0.000000  0.000000  1.000000  0.999969  -0.007782  -0.000692  0.000697  0.000653  1.000000  -0.007781  -0.999970  0.000658  0.000000  0.000000  
241.095869 0.003373  0.094116  -0.003210  0.994678  -0.028050  0.099136  -0.098200  0.032993  0.994620  -0.031170  -0.999062  0.030063  0.000608  0.000525  0.000237  0.000000  0.000000  0.000000  2.000000  0.999969  -0.007782  -0.000692  0.000697  0.000653  1.000000  -0.007781  -0.999970  0.000658  1.000000  0.000128  -0.000210  -0.000127  1.000000  0.000492  0.000210  -0.000492  1.000000  1.000000  0.000000  0.000000  0.000000  1.000000  0.000000  0.000000  0.000000  1.000000  0.999969  -0.007782  -0.000692  0.000697  0.000653  1.000000  -0.007781  -0.999970  0.000658  0.000000  0.000000  
241.097119 0.003373  0.094116  -0.003209  0.994678  -0.028050  0.099136  -0.098200  0.032993  0.994620  -0.031170  -0.999062  0.030063  0.000467  0.000367  0.000148  0.000000  0.000000  0.000000  2.000000  0.999969  -0.007782  -0.000692  0.000697  0.000653  1.000000  -0.007781  -0.999970  0.000658  1.000000  0.000261  -0.000214  -0.000261  1.000000  0.000492  0.000214  -0.000492  1.000000  1.000000  0.000000  0.000000  0.000000  1.000000  0.000000  0.000000  0.000000  1.000000  0.999969  -0.007782  -0.000692  0.000697  0.000653  1.000000  -0.007781  -0.999970  0.000658  0.000000  0.000000  
241.098369 0.003373  0.094115  -0.003209  0.994699  -0.028057  0.098931  -0.097995  0.032987  0.994640  -0.031170  -0.999062  0.030063  0.000364  0.000214  0.000089  0.000000  0.000000  0.000000  2.000000  0.999969  -0.007782  -0.000692  0.000697  0.000653  1.000000  -0.007781  -0.999970  0.000658  1.000000  0.000389  -0.000423  -0.000389  1.000000  0.000498  0.000424  -0.000498  1.000000  1.000000  0.000000  0.000000  0.000000  1.000000  0.000000  0.000000  0.000000  1.000000  0.999969  -0.007782  -0.000692  0.000697  0.000653  1.000000  -0.007781  -0.999970  0.000658  0.000000  0.000000  
241.099370 0.003373  0.094114  -0.003209  0.994699  -0.028057  0.098931  -0.097995  0.032987  0.994640  -0.031170  -0.999062  0.030063  0.000253  0.000084  0.000020  0.000000  0.000000  0.000000  2.000000  0.999969  -0.007782  -0.000692  0.000697  0.000653  1.000000  -0.007781  -0.999970  0.000658  1.000000  0.000389  -0.000423  -0.000389  1.000000  0.000498  0.000424  -0.000498  1.000000  1.000000  0.000000  0.000000  0.000000  1.000000  0.000000  0.000000  0.000000  1.000000  0.999969  -0.007782  -0.000692  0.000697  0.000653  1.000000  -0.007781  -0.999970  0.000658  0.000000  0.000000  
241.100379 0.003373  0.094114  -0.003209  0.994699  -0.028057  0.098931  -0.097995  0.032987  0.994640  -0.031170  -0.999062  0.030063  0.000191  0.000011  0.000023  0.000000  0.000000  0.000000  2.000000  0.999969  -0.007782  -0.000692  0.000697  0.000653  1.000000  -0.007781  -0.999970  0.000658  1.000000  0.000389  -0.000423  -0.000389  1.000000  0.000498  0.000424  -0.000498  1.000000  1.000000  0.000000  0.000000  0.000000  1.000000  0.000000  0.000000  0.000000  1.000000  0.999969  -0.007782  -0.000692  0.000697  0.000653  1.000000  -0.007781  -0.999970  0.000658  0.000000  0.000000  
241.101389 0.003372  0.094113  -0.003208  0.994699  -0.028069  0.098928  -0.097995  0.032866  0.994644  -0.031170  -0.999066  0.029941  0.000099  -0.000057  0.000091  0.000000  0.000000  0.000000  2.000000  0.999969  -0.007782  -0.000692  0.000697  0.000653  1.000000  -0.007781  -0.999970  0.000658  1.000000  0.000389  -0.000423  -0.000389  1.000000  0.000619  0.000424  -0.000619  1.000000  1.000000  0.000000  0.000000  0.000000  1.000000  0.000000  0.000000  0.000000  1.000000  0.999969  -0.007782  -0.000692  0.000697  0.000653  1.000000  -0.007781  -0.999970  0.000658  0.000000  0.000000  
241.102623 0.003372  0.094113  -0.003207  0.994699  -0.028069  0.098928  -0.097995  0.032866  0.994644  -0.031170  -0.999066  0.029941  0.000061  -0.000089  0.000243  0.000000  0.000000  0.000000  2.000000  0.999969  -0.007782  -0.000692  0.000697  0.000653  1.000000  -0.007781  -0.999970  0.000658  1.000000  0.000389  -0.000423  -0.000389  1.000000  0.000619  0.000424  -0.000619  1.000000  1.000000  0.000000  0.000000  0.000000  1.000000  0.000000  0.000000  0.000000  1.000000  0.999969  -0.007782  -0.000692  0.000697  0.000653  1.000000  -0.007781  -0.999970  0.000658  0.000000  0.000000  
241.103875 0.003372  0.094113  -0.003206  0.994699  -0.028069  0.098928  -0.097995  0.032866  0.994644  -0.031170  -0.999066  0.029941  -0.000001  -0.000129  0.000331  0.000000  0.000000  0.000000  2.000000  0.999969  -0.007782  -0.000692  0.000697  0.000653  1.000000  -0.007781  -0.999970  0.000658  1.000000  0.000261  -0.000214  -0.000261  1.000000  0.000492  0.000214  -0.000492  1.000000  1.000000  0.000000  0.000000  0.000000  1.000000  0.000000  0.000000  0.000000  1.000000  0.999969  -0.007782  -0.000692  0.000697  0.000653  1.000000  -0.007781  -0.999970  0.000658  0.000000  0.000000  
241.105122 0.003371  0.094113  -0.003204  0.994699  -0.028069  0.098928  -0.097995  0.032866  0.994644  -0.031170  -0.999066  0.029941  -0.000032  -0.000139  0.000432  0.000000  0.000000  0.000000  2.000000  0.999969  -0.007782  -0.000692  0.000697  0.000653  1.000000  -0.007781  -0.999970  0.000658  1.000000  0.000261  -0.000214  -0.000261  1.000000  0.000492  0.000214  -0.000492  1.000000  1.000000  0.000000  0.000000  0.000000  1.000000  0.000000  0.000000  0.000000  1.000000  0.999969  -0.007782  -0.000692  0.000697  0.000653  1.000000  -0.007781  -0.999970  0.000658  0.000000  0.000000  
