1-Time 2-Px 3-Py 4-Pz 5-R11 6-R21 7-R31 8-R12 9-R22 10-R32 11-R13 12-R23 13-R33 14-Vx 15-Vy 16-Vz 17-Wx 18-Wy 19-Wz 20-state 21-PR11 22-PR21 23-PR31 24-PR12 25-PR22 26-PR32 27-PR13 28-PR23 29-PR33 
173.979728 -0.000294  0.089777  -0.002896  0.995769  -0.039302  -0.083061  0.040818  0.999028  0.016625  0.082327  -0.019945  0.996406  0.000594  0.000229  -0.000840  0.000000  0.000000  0.000000  2.000000  1.000000  0.000000  0.000000  -0.000000  1.000000  0.000000  0.000000  -0.000000  1.000000  1.000000  0.000202  0.000138  -0.000202  1.000000  -0.000104  -0.000138  0.000104  1.000000  1.000000  0.000000  0.000000  0.000000  1.000000  0.000000  0.000000  0.000000  1.000000  0.763300  0.635615  -0.115616  -0.641839  0.766475  -0.023633  0.073595  0.092246  0.993013  0.000000  0.000000  
173.980729 -0.000293  0.089777  -0.002897  0.995778  -0.039097  -0.083057  0.040613  0.999036  0.016642  0.082327  -0.019945  0.996406  0.000594  0.000229  -0.000840  0.000000  0.000000  0.000000  2.000000  1.000000  0.000000  0.000000  0.000000  1.000000  0.000000  0.000000  0.000000  1.000000  1.000000  0.000408  0.000142  -0.000408  1.000000  -0.000087  -0.000142  0.000087  1.000000  1.000000  0.000000  0.000000  0.000000  1.000000  0.000000  0.000000  0.000000  1.000000  1.000000  0.000000  0.000000  0.000000  1.000000  0.000000  0.000000  0.000000  1.000000  0.000000  0.000000  
173.981977 -0.000294  0.089774  -0.002900  0.995747  -0.039297  -0.083327  0.040817  0.999029  0.016614  0.082593  -0.019944  0.996384  0.000538  0.000025  -0.000972  0.000000  0.000000  0.000000  2.000000  1.000000  0.000000  0.000000  0.000000  1.000000  0.000000  0.000000  0.000000  1.000000  1.000000  0.000205  0.000004  -0.000205  1.000000  -0.000104  -0.000004  0.000104  1.000000  1.000000  0.000000  0.000000  0.000000  1.000000  0.000000  0.000000  0.000000  1.000000  1.000000  0.000000  0.000000  0.000000  1.000000  0.000000  0.000000  0.000000  1.000000  0.000000  0.000000  
173.982978 -0.000295  0.089772  -0.002903  0.995717  -0.039497  -0.083597  0.041021  0.999021  0.016586  0.082860  -0.019944  0.996362  0.000452  -0.000163  -0.001177  0.000000  0.000000  0.000000  2.000000  1.000000  0.000000  0.000000  0.000000  1.000000  0.000000  0.000000  0.000000  1.000000  1.000000  0.000005  -0.000268  -0.000005  1.000000  -0.000121  0.000268  0.000121  1.000000  1.000000  0.000000  0.000000  0.000000  1.000000  0.000000  0.000000  0.000000  1.000000  1.000000  0.000000  0.000000  0.000000  1.000000  0.000000  0.000000  0.000000  1.000000  0.000000  0.000000  
173.984228 -0.000295  0.089768  -0.002908  0.995694  -0.039482  -0.083868  0.041020  0.999019  0.016696  0.083127  -0.020064  0.996337  0.000369  -0.000448  -0.001401  0.000000  0.000000  0.000000  2.000000  1.000000  0.000000  0.000000  0.000000  1.000000  0.000000  0.000000  0.000000  1.000000  1.000000  0.000013  -0.000669  -0.000013  1.000000  0.000000  0.000669  0.000000  1.000000  1.000000  0.000000  0.000000  0.000000  1.000000  0.000000  0.000000  0.000000  1.000000  1.000000  0.000000  0.000000  0.000000  1.000000  0.000000  0.000000  0.000000  1.000000  0.000000  0.000000  
173.985229 -0.000295  0.089765  -0.002910  0.995664  -0.039682  -0.084138  0.041224  0.999011  0.016668  0.083393  -0.020064  0.996315  0.000350  -0.000650  -0.001504  0.000000  0.000000  0.000000  2.000000  1.000000  0.000000  0.000000  0.000000  1.000000  0.000000  0.000000  0.000000  1.000000  1.000000  -0.000186  -0.000941  0.000186  1.000000  -0.000017  0.000941  0.000017  1.000000  1.000000  0.000000  0.000000  0.000000  1.000000  0.000000  0.000000  0.000000  1.000000  1.000000  0.000000  0.000000  0.000000  1.000000  0.000000  0.000000  0.000000  1.000000  0.000000  0.000000  
173.986482 -0.000295  0.089760  -0.002914  0.995652  -0.039669  -0.084276  0.041224  0.999009  0.016783  0.083527  -0.020184  0.996301  0.000280  -0.000979  -0.001707  0.000000  0.000000  0.000000  2.000000  1.000000  0.000000  0.000000  0.000000  1.000000  0.000000  0.000000  0.000000  1.000000  0.999999  -0.000183  -0.001074  0.000184  1.000000  0.000104  0.001074  -0.000104  0.999999  1.000000  0.000000  0.000000  0.000000  1.000000  0.000000  0.000000  0.000000  1.000000  1.000000  0.000000  0.000000  0.000000  1.000000  0.000000  0.000000  0.000000  1.000000  0.000000  0.000000  
173.987726 -0.000295  0.089756  -0.002917  0.995633  -0.039872  -0.084413  0.041428  0.999001  0.016760  0.083660  -0.020184  0.996290  0.000264  -0.001278  -0.001831  0.000000  0.000000  0.000000  2.000000  1.000000  0.000000  0.000000  0.000000  1.000000  0.000000  0.000000  0.000000  1.000000  0.999999  -0.000386  -0.001212  0.000386  1.000000  0.000087  0.001212  -0.000087  0.999999  1.000000  0.000000  0.000000  0.000000  1.000000  0.000000  0.000000  0.000000  1.000000  1.000000  0.000000  0.000000  0.000000  1.000000  0.000000  0.000000  0.000000  1.000000  0.000000  0.000000  
173.988727 -0.000294  0.089753  -0.002920  0.995622  -0.039870  -0.084546  0.041428  0.999001  0.016755  0.083793  -0.020184  0.996279  0.000242  -0.001512  -0.002017  0.000000  0.000000  0.000000  2.000000  1.000000  0.000000  0.000000  0.000000  1.000000  0.000000  0.000000  0.000000  1.000000  0.999999  -0.000383  -0.001346  0.000383  1.000000  0.000087  0.001346  -0.000087  0.999999  1.000000  0.000000  0.000000  0.000000  1.000000  0.000000  0.000000  0.000000  1.000000  1.000000  0.000000  0.000000  0.000000  1.000000  0.000000  0.000000  0.000000  1.000000  0.000000  0.000000  
173.989728 -0.000294  0.089750  -0.002923  0.995602  -0.040073  -0.084682  0.041632  0.998993  0.016732  0.083927  -0.020184  0.996267  0.000182  -0.001791  -0.002180  0.000000  0.000000  0.000000  2.000000  1.000000  0.000000  0.000000  0.000000  1.000000  0.000000  0.000000  0.000000  1.000000  0.999999  -0.000586  -0.001484  0.000586  1.000000  0.000069  0.001484  -0.000070  0.999999  1.000000  0.000000  0.000000  0.000000  1.000000  0.000000  0.000000  0.000000  1.000000  1.000000  0.000000  0.000000  0.000000  1.000000  0.000000  0.000000  0.000000  1.000000  0.000000  0.000000  
173.990728 -0.000294  0.089747  -0.002927  0.995579  -0.040067  -0.084949  0.041631  0.998993  0.016721  0.084193  -0.020183  0.996245  0.000171  -0.001973  -0.002325  0.000000  0.000000  0.000000  2.000000  1.000000  0.000000  0.000000  0.000000  1.000000  0.000000  0.000000  0.000000  1.000000  0.999998  -0.000580  -0.001751  0.000580  1.000000  0.000069  0.001751  -0.000070  0.999998  1.000000  0.000000  0.000000  0.000000  1.000000  0.000000  0.000000  0.000000  1.000000  1.000000  0.000000  0.000000  0.000000  1.000000  0.000000  0.000000  0.000000  1.000000  0.000000  0.000000  
173.991978 -0.000295  0.089743  -0.002932  0.995528  -0.040470  -0.085355  0.042040  0.998977  0.016669  0.084593  -0.020183  0.996211  0.000077  -0.002270  -0.002645  0.000000  0.000000  0.000000  2.000000  1.000000  0.000000  0.000000  0.000000  1.000000  0.000000  0.000000  0.000000  1.000000  0.999998  -0.000780  -0.002023  0.000780  1.000000  0.000052  0.002023  -0.000053  0.999998  1.000000  0.000000  0.000000  0.000000  1.000000  0.000000  0.000000  0.000000  1.000000  1.000000  0.000000  0.000000  0.000000  1.000000  0.000000  0.000000  0.000000  1.000000  0.000000  0.000000  
173.993234 -0.000295  0.089739  -0.002938  0.995486  -0.040678  -0.085753  0.042243  0.998971  0.016513  0.084993  -0.020061  0.996180  0.000013  -0.002541  -0.002946  0.000000  0.000000  0.000000  2.000000  1.000000  0.000000  0.000000  0.000000  1.000000  0.000000  0.000000  0.000000  1.000000  0.999995  -0.001382  -0.002704  0.001382  0.999999  -0.000001  0.002704  -0.000003  0.999996  1.000000  0.000000  0.000000  0.000000  1.000000  0.000000  0.000000  0.000000  1.000000  1.000000  0.000000  0.000000  0.000000  1.000000  0.000000  0.000000  0.000000  1.000000  0.000000  0.000000  
173.994246 -0.000295  0.089736  -0.002943  0.995443  -0.040876  -0.086156  0.042447  0.998963  0.016478  0.085393  -0.020060  0.996145  -0.000033  -0.002736  -0.003241  0.000000  0.000000  0.000000  2.000000  1.000000  0.000000  0.000000  0.000000  1.000000  0.000000  0.000000  0.000000  1.000000  0.999995  -0.001377  -0.002972  0.001377  0.999999  -0.000002  0.002972  -0.000003  0.999996  1.000000  0.000000  0.000000  0.000000  1.000000  0.000000  0.000000  0.000000  1.000000  1.000000  0.000000  0.000000  0.000000  1.000000  0.000000  0.000000  0.000000  1.000000  0.000000  0.000000  
173.995485 -0.000295  0.089731  -0.002950  0.995408  -0.040868  -0.086556  0.042445  0.998963  0.016461  0.085793  -0.020060  0.996111  -0.000117  -0.003113  -0.003627  0.000000  0.000000  0.000000  2.000000  1.000000  0.000000  0.000000  0.000000  1.000000  0.000000  0.000000  0.000000  1.000000  0.999993  -0.001574  -0.003377  0.001574  0.999999  -0.000020  0.003377  0.000014  0.999994  1.000000  0.000000  0.000000  0.000000  1.000000  0.000000  0.000000  0.000000  1.000000  1.000000  0.000000  0.000000  0.000000  1.000000  0.000000  0.000000  0.000000  1.000000  0.000000  0.000000  
173.996745 -0.000295  0.089726  -0.002957  0.995365  -0.041066  -0.086958  0.042649  0.998955  0.016426  0.086193  -0.020059  0.996076  -0.000089  -0.003304  -0.003865  0.000000  0.000000  0.000000  2.000000  1.000000  0.000000  0.000000  0.000000  1.000000  0.000000  0.000000  0.000000  1.000000  0.999991  -0.001771  -0.003783  0.001771  0.999998  -0.000038  0.003783  0.000031  0.999993  1.000000  0.000000  0.000000  0.000000  1.000000  0.000000  0.000000  0.000000  1.000000  1.000000  0.000000  0.000000  0.000000  1.000000  0.000000  0.000000  0.000000  1.000000  0.000000  0.000000  
173.997980 -0.000295  0.089720  -0.002963  0.995333  -0.041266  -0.087228  0.042853  0.998947  0.016397  0.086460  -0.020059  0.996053  -0.000040  -0.003438  -0.003976  0.000000  0.000000  0.000000  2.000000  1.000000  0.000000  0.000000  0.000000  1.000000  0.000000  0.000000  0.000000  1.000000  0.999990  -0.001765  -0.004050  0.001765  0.999998  -0.000039  0.004050  0.000031  0.999992  1.000000  0.000000  0.000000  0.000000  1.000000  0.000000  0.000000  0.000000  1.000000  1.000000  0.000000  0.000000  0.000000  1.000000  0.000000  0.000000  0.000000  1.000000  0.000000  0.000000  
173.999235 -0.000294  0.089715  -0.002968  0.995299  -0.041247  -0.087633  0.042851  0.998945  0.016501  0.086860  -0.020179  0.996016  0.000027  -0.003539  -0.004030  0.000000  0.000000  0.000000  2.000000  1.000000  0.000000  0.000000  0.000000  1.000000  0.000000  0.000000  0.000000  1.000000  0.999988  -0.001962  -0.004456  0.001962  0.999998  0.000064  0.004456  -0.000073  0.999990  1.000000  0.000000  0.000000  0.000000  1.000000  0.000000  0.000000  0.000000  1.000000  1.000000  0.000000  0.000000  0.000000  1.000000  0.000000  0.000000  0.000000  1.000000  0.000000  0.000000  
174.000235 -0.000294  0.089711  -0.002971  0.995275  -0.041242  -0.087899  0.042850  0.998945  0.016490  0.087126  -0.020178  0.995993  0.000037  -0.003618  -0.004092  0.000000  0.000000  0.000000  2.000000  1.000000  0.000000  0.000000  0.000000  1.000000  0.000000  0.000000  0.000000  1.000000  0.999987  -0.001956  -0.004723  0.001957  0.999998  0.000064  0.004723  -0.000073  0.999989  1.000000  0.000000  0.000000  0.000000  1.000000  0.000000  0.000000  0.000000  1.000000  1.000000  0.000000  0.000000  0.000000  1.000000  0.000000  0.000000  0.000000  1.000000  0.000000  0.000000  
174.001482 -0.000294  0.089704  -0.002975  0.995231  -0.041429  -0.088307  0.043054  0.998935  0.016575  0.087526  -0.020298  0.995955  0.000054  -0.003755  -0.004099  0.002272  0.172192  -0.065447  2.000000  1.000000  0.000083  -0.000116  -0.000083  1.000000  0.000004  0.000116  -0.000004  1.000000  0.999983  -0.002355  -0.005267  0.002356  0.999997  0.000148  0.005267  -0.000160  0.999986  1.000000  0.000042  -0.000058  -0.000042  1.000000  0.000002  0.000058  -0.000002  1.000000  1.000000  0.000083  -0.000116  -0.000083  1.000000  0.000004  0.000116  -0.000004  1.000000  0.000047  0.005772  
174.002728 -0.000294  0.089698  -0.002980  0.995176  -0.041613  -0.088848  0.043256  0.998925  0.016655  0.088059  -0.020418  0.995906  0.000058  -0.003915  -0.004189  0.009232  0.194969  -0.078782  2.000000  1.000000  0.000303  -0.000404  -0.000303  1.000000  0.000016  0.000404  -0.000016  1.000000  0.999983  -0.002352  -0.005401  0.002353  0.999997  0.000268  0.005400  -0.000281  0.999985  1.000000  0.000044  -0.000059  -0.000044  1.000000  0.000003  0.000059  -0.000003  1.000000  1.000000  0.000303  -0.000404  -0.000303  1.000000  0.000016  0.000404  -0.000016  1.000000  0.000052  0.005897  
174.003728 -0.000294  0.089693  -0.002984  0.995140  -0.041605  -0.089247  0.043255  0.998926  0.016638  0.088459  -0.020417  0.995871  0.000023  -0.004016  -0.004239  0.009215  0.208456  -0.078507  2.000000  1.000000  0.000444  -0.000581  -0.000444  1.000000  0.000026  0.000581  -0.000026  1.000000  0.999982  -0.002141  -0.005664  0.002143  0.999998  0.000285  0.005664  -0.000298  0.999984  1.000000  0.000048  -0.000059  -0.000048  1.000000  0.000004  0.000059  -0.000004  1.000000  1.000000  0.000444  -0.000581  -0.000444  1.000000  0.000026  0.000581  -0.000026  1.000000  0.000056  0.006063  
174.004979 -0.000292  0.089687  -0.002989  0.995105  -0.041585  -0.089651  0.043253  0.998924  0.016742  0.088859  -0.020537  0.995832  0.000124  -0.004148  -0.004348  0.013275  0.221948  -0.078220  2.000000  0.999999  0.000686  -0.000876  -0.000686  1.000000  0.000046  0.000876  -0.000046  1.000000  0.999982  -0.002140  -0.005665  0.002142  0.999998  0.000285  0.005664  -0.000297  0.999984  1.000000  0.000048  -0.000059  -0.000048  1.000000  0.000004  0.000059  -0.000004  1.000000  0.999999  0.000686  -0.000876  -0.000686  1.000000  0.000046  0.000876  -0.000046  1.000000  0.000059  0.006063  
174.006228 -0.000291  0.089682  -0.002994  0.995069  -0.041577  -0.090051  0.043252  0.998924  0.016724  0.089259  -0.020537  0.995797  0.000177  -0.004233  -0.004373  0.013258  0.235430  -0.077943  2.000000  0.999999  0.000938  -0.001163  -0.000938  1.000000  0.000066  0.001164  -0.000064  0.999999  0.999981  -0.001932  -0.005794  0.001934  0.999998  0.000302  0.005794  -0.000313  0.999983  1.000000  0.000051  -0.000057  -0.000051  1.000000  0.000004  0.000057  -0.000004  1.000000  0.999999  0.000938  -0.001163  -0.000938  1.000000  0.000066  0.001164  -0.000064  0.999999  0.000062  0.006116  
174.007230 -0.000290  0.089678  -0.002999  0.995057  -0.041564  -0.090189  0.043251  0.998922  0.016840  0.089392  -0.020657  0.995782  0.000298  -0.004316  -0.004345  0.017338  0.240059  -0.077879  2.000000  0.999998  0.001144  -0.001394  -0.001144  0.999999  0.000077  0.001394  -0.000075  0.999999  0.999981  -0.001930  -0.005928  0.001931  0.999998  0.000180  0.005928  -0.000192  0.999982  1.000000  0.000052  -0.000058  -0.000052  1.000000  0.000002  0.000058  -0.000002  1.000000  0.999998  0.001144  -0.001394  -0.001144  0.999999  0.000077  0.001394  -0.000075  0.999999  0.000064  0.006237  
174.008232 -0.000288  0.089674  -0.003003  0.995033  -0.041558  -0.090455  0.043250  0.998923  0.016828  0.089658  -0.020657  0.995758  0.000409  -0.004347  -0.004331  0.017327  0.249065  -0.077698  2.000000  0.999998  0.001355  -0.001621  -0.001355  0.999999  0.000093  0.001621  -0.000091  0.999999  0.999981  -0.001724  -0.005924  0.001726  0.999998  0.000320  0.005923  -0.000330  0.999982  1.000000  0.000053  -0.000056  -0.000053  1.000000  0.000004  0.000056  -0.000004  1.000000  0.999998  0.001355  -0.001621  -0.001355  0.999999  0.000093  0.001621  -0.000091  0.999999  0.000065  0.006178  
174.009477 -0.000286  0.089670  -0.003008  0.995021  -0.041555  -0.090588  0.043250  0.998923  0.016822  0.089792  -0.020657  0.995746  0.000555  -0.004372  -0.004171  0.017317  0.253494  -0.077585  2.000000  0.999997  0.001627  -0.001903  -0.001627  0.999999  0.000113  0.001903  -0.000110  0.999998  0.999980  -0.001721  -0.006058  0.001723  0.999998  0.000319  0.006057  -0.000330  0.999982  1.000000  0.000055  -0.000057  -0.000055  1.000000  0.000004  0.000057  -0.000004  1.000000  0.999997  0.001627  -0.001903  -0.001627  0.999999  0.000113  0.001903  -0.000110  0.999998  0.000068  0.006306  
174.010483 -0.000285  0.089667  -0.003011  0.994997  -0.041550  -0.090854  0.043249  0.998923  0.016811  0.090058  -0.020656  0.995722  0.000700  -0.004270  -0.004027  0.016707  0.262591  -0.084282  2.000000  0.999996  0.001849  -0.002124  -0.001849  0.999998  0.000130  0.002124  -0.000127  0.999998  0.999981  -0.001516  -0.006054  0.001518  0.999999  0.000337  0.006053  -0.000347  0.999982  1.000000  0.000056  -0.000054  -0.000056  1.000000  0.000004  0.000054  -0.000004  1.000000  0.999996  0.001849  -0.002124  -0.001849  0.999998  0.000130  0.002124  -0.000127  0.999998  0.000069  0.006250  
174.011494 -0.000283  0.089665  -0.003013  0.994985  -0.041547  -0.090988  0.043248  0.998923  0.016805  0.090191  -0.020656  0.995710  0.000846  -0.004099  -0.003819  0.017285  0.262342  -0.077357  2.000000  0.999995  0.002019  -0.002288  -0.002018  0.999998  0.000144  0.002288  -0.000139  0.999997  0.999981  -0.001516  -0.006054  0.001518  0.999999  0.000337  0.006053  -0.000346  0.999982  1.000000  0.000056  -0.000054  -0.000056  1.000000  0.000004  0.000054  -0.000004  1.000000  0.999995  0.002019  -0.002288  -0.002018  0.999998  0.000144  0.002288  -0.000139  0.999997  0.000070  0.006250  
174.012731 -0.000280  0.089663  -0.003015  0.994961  -0.041541  -0.091254  0.043247  0.998923  0.016793  0.090458  -0.020655  0.995686  0.000986  -0.003873  -0.003579  0.017865  0.257824  -0.070589  2.000000  0.999994  0.002247  -0.002498  -0.002246  0.999997  0.000162  0.002498  -0.000156  0.999997  0.999981  -0.001311  -0.006049  0.001313  0.999999  0.000355  0.006049  -0.000363  0.999982  1.000000  0.000057  -0.000052  -0.000057  1.000000  0.000004  0.000052  -0.000004  1.000000  0.999994  0.002247  -0.002498  -0.002246  0.999997  0.000162  0.002498  -0.000156  0.999997  0.000069  0.006200  
174.013983 -0.000278  0.089660  -0.003018  0.994937  -0.041525  -0.091525  0.043246  0.998921  0.016903  0.090724  -0.020776  0.995659  0.001100  -0.003699  -0.003394  0.017843  0.257812  -0.070550  2.000000  0.999993  0.002531  -0.002745  -0.002530  0.999997  0.000186  0.002745  -0.000179  0.999996  0.999983  -0.001111  -0.005778  0.001113  0.999999  0.000374  0.005777  -0.000380  0.999983  1.000000  0.000056  -0.000048  -0.000056  1.000000  0.000005  0.000048  -0.000005  1.000000  0.999993  0.002531  -0.002745  -0.002530  0.999997  0.000186  0.002745  -0.000179  0.999996  0.000068  0.005896  
174.015256 -0.000276  0.089658  -0.003020  0.994924  -0.041522  -0.091658  0.043246  0.998922  0.016897  0.090858  -0.020775  0.995647  0.001197  -0.003509  -0.003216  0.018415  0.252954  -0.063694  2.000000  0.999992  0.002811  -0.002972  -0.002810  0.999996  0.000226  0.002972  -0.000218  0.999996  0.999984  -0.000908  -0.005640  0.000912  0.999999  0.000635  0.005639  -0.000640  0.999984  1.000000  0.000055  -0.000045  -0.000055  1.000000  0.000008  0.000045  -0.000008  1.000000  0.999992  0.002811  -0.002972  -0.002810  0.999996  0.000226  0.002972  -0.000218  0.999996  0.000067  0.005748  
174.016482 -0.000275  0.089654  -0.003022  0.994921  -0.041314  -0.091788  0.043040  0.998930  0.016910  0.090991  -0.020775  0.995635  0.001263  -0.003359  -0.003121  0.014827  0.250973  -0.056379  2.000000  0.999991  0.003032  -0.003131  -0.003031  0.999995  0.000260  0.003132  -0.000251  0.999995  0.999985  -0.000504  -0.005364  0.000507  1.000000  0.000672  0.005363  -0.000675  0.999985  1.000000  0.000055  -0.000039  -0.000055  1.000000  0.000008  0.000039  -0.000008  1.000000  0.999991  0.003032  -0.003131  -0.003031  0.999995  0.000260  0.003132  -0.000251  0.999995  0.000065  0.005429  
174.017731 -0.000273  0.089650  -0.003025  0.994909  -0.041300  -0.091926  0.043040  0.998928  0.017026  0.091124  -0.020896  0.995620  0.001427  -0.003082  -0.002949  0.019622  0.252904  -0.049937  2.000000  0.999989  0.003301  -0.003312  -0.003300  0.999995  0.000308  0.003313  -0.000297  0.999994  0.999987  -0.000303  -0.005092  0.000308  1.000000  0.000812  0.005092  -0.000813  0.999987  1.000000  0.000053  -0.000035  -0.000053  1.000000  0.000010  0.000035  -0.000010  1.000000  0.999989  0.003301  -0.003312  -0.003300  0.999995  0.000308  0.003313  -0.000297  0.999994  0.000066  0.005165  
174.018984 -0.000272  0.089647  -0.003028  0.994897  -0.041297  -0.092059  0.043039  0.998928  0.017020  0.091257  -0.020895  0.995608  0.001475  -0.002927  -0.002819  0.019610  0.248392  -0.050025  2.000000  0.999989  0.003301  -0.003312  -0.003300  0.999995  0.000308  0.003313  -0.000297  0.999994  0.999988  -0.000306  -0.004958  0.000310  1.000000  0.000812  0.004958  -0.000813  0.999987  1.000000  0.000000  0.000000  0.000000  1.000000  0.000000  0.000000  0.000000  1.000000  0.999989  0.003301  -0.003312  -0.003300  0.999995  0.000308  0.003313  -0.000297  0.999994  0.000066  0.000000  
174.020229 -0.000270  0.089644  -0.003029  0.994897  -0.041286  -0.092064  0.043039  0.998926  0.017141  0.091257  -0.021016  0.995606  0.001502  -0.002793  -0.002621  0.024290  0.239298  -0.043312  2.000000  0.999989  0.003301  -0.003312  -0.003300  0.999995  0.000308  0.003313  -0.000297  0.999994  0.999990  -0.000109  -0.004552  0.000113  1.000000  0.000831  0.004552  -0.000831  0.999989  1.000000  0.000000  0.000000  0.000000  1.000000  0.000000  0.000000  0.000000  1.000000  0.999989  0.003301  -0.003312  -0.003300  0.999995  0.000308  0.003313  -0.000297  0.999994  0.000063  0.000000  
174.021230 -0.000268  0.089642  -0.003030  0.994897  -0.041275  -0.092069  0.043039  0.998924  0.017262  0.091257  -0.021137  0.995603  0.001560  -0.002637  -0.002332  0.028736  0.232756  -0.036202  2.000000  0.999989  0.003301  -0.003312  -0.003300  0.999995  0.000308  0.003313  -0.000297  0.999994  0.999991  -0.000115  -0.004285  0.000118  1.000000  0.000830  0.004285  -0.000831  0.999990  1.000000  0.000000  0.000000  0.000000  1.000000  0.000000  0.000000  0.000000  1.000000  0.999989  0.003301  -0.003312  -0.003300  0.999995  0.000308  0.003313  -0.000297  0.999994  0.000061  0.000000  
174.022479 -0.000266  0.089640  -0.003030  0.994885  -0.041272  -0.092202  0.043039  0.998924  0.017257  0.091391  -0.021137  0.995591  0.001582  -0.002452  -0.002069  0.029570  0.221057  -0.029890  2.000000  0.999989  0.003301  -0.003312  -0.003300  0.999995  0.000308  0.003313  -0.000297  0.999994  0.999992  0.000082  -0.003879  -0.000079  1.000000  0.000849  0.003879  -0.000849  0.999992  1.000000  0.000000  0.000000  0.000000  1.000000  0.000000  0.000000  0.000000  1.000000  0.999989  0.003301  -0.003312  -0.003300  0.999995  0.000308  0.003313  -0.000297  0.999994  0.000058  0.000000  
174.023729 -0.000264  0.089639  -0.003031  0.994885  -0.041261  -0.092207  0.043039  0.998922  0.017378  0.091391  -0.021257  0.995588  0.001615  -0.002252  -0.001742  0.038015  0.205718  -0.023085  2.000000  0.999989  0.003301  -0.003312  -0.003300  0.999995  0.000308  0.003313  -0.000297  0.999994  0.999994  0.000279  -0.003474  -0.000276  1.000000  0.000868  0.003474  -0.000867  0.999994  1.000000  0.000000  0.000000  0.000000  1.000000  0.000000  0.000000  0.000000  1.000000  0.999989  0.003301  -0.003312  -0.003300  0.999995  0.000308  0.003313  -0.000297  0.999994  0.000055  0.000000  
174.024977 -0.000261  0.089637  -0.003031  0.994872  -0.041258  -0.092340  0.043038  0.998922  0.017372  0.091524  -0.021257  0.995576  0.001623  -0.002058  -0.001474  0.038617  0.196667  -0.016436  2.000000  0.999989  0.003301  -0.003312  -0.003300  0.999995  0.000308  0.003313  -0.000297  0.999994  0.999996  0.000268  -0.002939  -0.000265  1.000000  0.000868  0.002939  -0.000867  0.999995  1.000000  0.000000  0.000000  0.000000  1.000000  0.000000  0.000000  0.000000  1.000000  0.999989  0.003301  -0.003312  -0.003300  0.999995  0.000308  0.003313  -0.000297  0.999994  0.000052  0.000000  
174.025977 -0.000260  0.089636  -0.003032  0.994872  -0.041258  -0.092340  0.043038  0.998922  0.017372  0.091524  -0.021257  0.995576  0.001582  -0.001993  -0.001308  0.039217  0.187571  -0.009783  2.000000  0.999989  0.003301  -0.003312  -0.003300  0.999995  0.000308  0.003313  -0.000297  0.999994  0.999996  0.000262  -0.002671  -0.000260  1.000000  0.000747  0.002671  -0.000746  0.999996  1.000000  0.000000  0.000000  0.000000  1.000000  0.000000  0.000000  0.000000  1.000000  0.999989  0.003301  -0.003312  -0.003300  0.999995  0.000308  0.003313  -0.000297  0.999994  0.000049  0.000000  
174.026982 -0.000259  0.089635  -0.003033  0.994885  -0.041249  -0.092212  0.043039  0.998920  0.017499  0.091391  -0.021378  0.995586  0.001546  -0.001932  -0.001284  0.043641  0.171236  -0.010232  2.000000  0.999989  0.003301  -0.003312  -0.003300  0.999995  0.000308  0.003313  -0.000297  0.999994  0.999997  0.000254  -0.002270  -0.000252  1.000000  0.000868  0.002270  -0.000867  0.999997  1.000000  0.000000  0.000000  0.000000  1.000000  0.000000  0.000000  0.000000  1.000000  0.999989  0.003301  -0.003312  -0.003300  0.999995  0.000308  0.003313  -0.000297  0.999994  0.000046  0.000000  
174.027986 -0.000258  0.089634  -0.003034  0.994885  -0.041249  -0.092212  0.043039  0.998920  0.017499  0.091391  -0.021378  0.995586  0.001456  -0.001891  -0.001217  0.044231  0.166501  -0.003430  2.000000  0.999989  0.003301  -0.003312  -0.003300  0.999995  0.000308  0.003313  -0.000297  0.999994  0.999998  0.000251  -0.002136  -0.000249  1.000000  0.000868  0.002136  -0.000867  0.999997  1.000000  0.000000  0.000000  0.000000  1.000000  0.000000  0.000000  0.000000  1.000000  0.999989  0.003301  -0.003312  -0.003300  0.999995  0.000308  0.003313  -0.000297  0.999994  0.000045  0.000000  
174.029229 -0.000258  0.089632  -0.003037  0.994897  -0.041252  -0.092079  0.043039  0.998920  0.017505  0.091257  -0.021378  0.995598  0.001322  -0.001870  -0.001285  0.000000  0.000000  0.000000  2.000000  0.999989  0.003301  -0.003312  -0.003300  0.999995  0.000308  0.003313  -0.000297  0.999994  0.999998  0.000242  -0.001735  -0.000241  1.000000  0.000747  0.001735  -0.000746  0.999998  1.000000  0.000000  0.000000  0.000000  1.000000  0.000000  0.000000  0.000000  1.000000  0.999989  0.003301  -0.003312  -0.003300  0.999995  0.000308  0.003313  -0.000297  0.999994  0.000000  0.000000  
174.030482 -0.000258  0.089630  -0.003039  0.994909  -0.041255  -0.091946  0.043040  0.998920  0.017510  0.091124  -0.021379  0.995610  0.001223  -0.001780  -0.001262  0.000000  0.000000  0.000000  2.000000  0.999989  0.003301  -0.003312  -0.003300  0.999995  0.000308  0.003313  -0.000297  0.999994  0.999999  0.000237  -0.001467  -0.000235  1.000000  0.000747  0.001467  -0.000746  0.999999  1.000000  0.000000  0.000000  0.000000  1.000000  0.000000  0.000000  0.000000  1.000000  0.999989  0.003301  -0.003312  -0.003300  0.999995  0.000308  0.003313  -0.000297  0.999994  0.000000  0.000000  
174.031731 -0.000258  0.089629  -0.003042  0.994909  -0.041255  -0.091946  0.043040  0.998920  0.017510  0.091124  -0.021379  0.995610  0.001111  -0.001652  -0.001245  0.000000  0.000000  0.000000  2.000000  0.999989  0.003301  -0.003312  -0.003300  0.999995  0.000308  0.003313  -0.000297  0.999994  0.999999  0.000228  -0.001066  -0.000227  1.000000  0.000747  0.001066  -0.000746  0.999999  1.000000  0.000000  0.000000  0.000000  1.000000  0.000000  0.000000  0.000000  1.000000  0.999989  0.003301  -0.003312  -0.003300  0.999995  0.000308  0.003313  -0.000297  0.999994  0.000000  0.000000  
174.032982 -0.000259  0.089628  -0.003043  0.994909  -0.041244  -0.091951  0.043040  0.998918  0.017632  0.091124  -0.021499  0.995607  0.000956  -0.001423  -0.001112  0.000000  0.000000  0.000000  2.000000  0.999989  0.003301  -0.003312  -0.003300  0.999995  0.000308  0.003313  -0.000297  0.999994  1.000000  0.000222  -0.000798  -0.000222  1.000000  0.000868  0.000798  -0.000868  0.999999  1.000000  0.000000  0.000000  0.000000  1.000000  0.000000  0.000000  0.000000  1.000000  0.999989  0.003301  -0.003312  -0.003300  0.999995  0.000308  0.003313  -0.000297  0.999994  0.000000  0.000000  
174.034228 -0.000259  0.089627  -0.003044  0.994909  -0.041244  -0.091951  0.043040  0.998918  0.017632  0.091124  -0.021499  0.995607  0.000787  -0.001300  -0.001066  0.000000  0.000000  0.000000  2.000000  0.999989  0.003301  -0.003312  -0.003300  0.999995  0.000308  0.003313  -0.000297  0.999994  1.000000  0.000217  -0.000531  -0.000216  1.000000  0.000868  0.000531  -0.000868  0.999999  1.000000  0.000000  0.000000  0.000000  1.000000  0.000000  0.000000  0.000000  1.000000  0.999989  0.003301  -0.003312  -0.003300  0.999995  0.000308  0.003313  -0.000297  0.999994  0.000000  0.000000  
174.035478 -0.000260  0.089626  -0.003044  0.994909  -0.041233  -0.091956  0.043040  0.998916  0.017753  0.091124  -0.021620  0.995605  0.000585  -0.001142  -0.000990  0.000000  0.000000  0.000000  2.000000  0.999989  0.003301  -0.003312  -0.003300  0.999995  0.000308  0.003313  -0.000297  0.999994  1.000000  0.000214  -0.000397  -0.000213  1.000000  0.000868  0.000397  -0.000868  1.000000  1.000000  0.000000  0.000000  0.000000  1.000000  0.000000  0.000000  0.000000  1.000000  0.999989  0.003301  -0.003312  -0.003300  0.999995  0.000308  0.003313  -0.000297  0.999994  0.000000  0.000000  
174.036479 -0.000262  0.089625  -0.003045  0.994909  -0.041233  -0.091956  0.043040  0.998916  0.017753  0.091124  -0.021620  0.995605  0.000362  -0.001070  -0.001010  0.000000  0.000000  0.000000  2.000000  0.999989  0.003301  -0.003312  -0.003300  0.999995  0.000308  0.003313  -0.000297  0.999994  1.000000  0.000003  -0.000134  -0.000003  1.000000  0.000849  0.000134  -0.000849  1.000000  1.000000  0.000000  0.000000  0.000000  1.000000  0.000000  0.000000  0.000000  1.000000  0.999989  0.003301  -0.003312  -0.003300  0.999995  0.000308  0.003313  -0.000297  0.999994  0.000000  0.000000  
174.037728 -0.000264  0.089624  -0.003047  0.994921  -0.041236  -0.091823  0.043040  0.998916  0.017759  0.090991  -0.021620  0.995617  0.000071  -0.001026  -0.001080  0.000000  0.000000  0.000000  2.000000  0.999989  0.003301  -0.003312  -0.003300  0.999995  0.000308  0.003313  -0.000297  0.999994  1.000000  -0.000003  0.000134  0.000003  1.000000  0.000728  -0.000134  -0.000728  1.000000  1.000000  0.000000  0.000000  0.000000  1.000000  0.000000  0.000000  0.000000  1.000000  0.999989  0.003301  -0.003312  -0.003300  0.999995  0.000308  0.003313  -0.000297  0.999994  0.000000  0.000000  
174.038978 -0.000266  0.089623  -0.003049  0.994921  -0.041225  -0.091828  0.043040  0.998913  0.017880  0.090991  -0.021741  0.995614  -0.000217  -0.001038  -0.001223  0.000000  0.000000  0.000000  2.000000  0.999989  0.003301  -0.003312  -0.003300  0.999995  0.000308  0.003313  -0.000297  0.999994  1.000000  -0.000006  0.000268  0.000006  1.000000  0.000849  -0.000268  -0.000849  1.000000  1.000000  0.000000  0.000000  0.000000  1.000000  0.000000  0.000000  0.000000  1.000000  0.999989  0.003301  -0.003312  -0.003300  0.999995  0.000308  0.003313  -0.000297  0.999994  0.000000  0.000000  
174.039978 -0.000268  0.089621  -0.003051  0.994921  -0.041225  -0.091828  0.043040  0.998913  0.017880  0.090991  -0.021741  0.995614  -0.000461  -0.001070  -0.001326  0.000000  0.000000  0.000000  2.000000  0.999989  0.003301  -0.003312  -0.003300  0.999995  0.000308  0.003313  -0.000297  0.999994  1.000000  -0.000006  0.000268  0.000006  1.000000  0.000728  -0.000268  -0.000728  1.000000  1.000000  0.000000  0.000000  0.000000  1.000000  0.000000  0.000000  0.000000  1.000000  0.999989  0.003301  -0.003312  -0.003300  0.999995  0.000308  0.003313  -0.000297  0.999994  0.000000  0.000000  
174.041262 -0.000271  0.089619  -0.003055  0.994921  -0.041225  -0.091828  0.043040  0.998913  0.017880  0.090991  -0.021741  0.995614  -0.000779  -0.001106  -0.001486  0.000000  0.000000  0.000000  2.000000  0.999989  0.003301  -0.003312  -0.003300  0.999995  0.000308  0.003313  -0.000297  0.999994  1.000000  -0.000006  0.000268  0.000006  1.000000  0.000728  -0.000268  -0.000728  1.000000  1.000000  0.000000  0.000000  0.000000  1.000000  0.000000  0.000000  0.000000  1.000000  0.999989  0.003301  -0.003312  -0.003300  0.999995  0.000308  0.003313  -0.000297  0.999994  0.000000  0.000000  
174.042480 -0.000274  0.089617  -0.003059  0.994921  -0.041225  -0.091828  0.043040  0.998913  0.017880  0.090991  -0.021741  0.995614  -0.001041  -0.001178  -0.001667  0.000000  0.000000  0.000000  2.000000  0.999989  0.003301  -0.003312  -0.003300  0.999995  0.000308  0.003313  -0.000297  0.999994  1.000000  -0.000009  0.000401  0.000009  1.000000  0.000606  -0.000401  -0.000606  1.000000  1.000000  0.000000  0.000000  0.000000  1.000000  0.000000  0.000000  0.000000  1.000000  0.999989  0.003301  -0.003312  -0.003300  0.999995  0.000308  0.003313  -0.000297  0.999994  0.000000  0.000000  
174.043484 -0.000277  0.089615  -0.003062  0.994921  -0.041225  -0.091828  0.043040  0.998913  0.017880  0.090991  -0.021741  0.995614  -0.001261  -0.001152  -0.001737  0.000000  0.000000  0.000000  2.000000  0.999989  0.003301  -0.003312  -0.003300  0.999995  0.000308  0.003313  -0.000297  0.999994  1.000000  -0.000009  0.000401  0.000009  1.000000  0.000606  -0.000401  -0.000606  1.000000  1.000000  0.000000  0.000000  0.000000  1.000000  0.000000  0.000000  0.000000  1.000000  0.999989  0.003301  -0.003312  -0.003300  0.999995  0.000308  0.003313  -0.000297  0.999994  0.000000  0.000000  
174.044484 -0.000279  0.089614  -0.003065  0.994921  -0.041225  -0.091828  0.043040  0.998913  0.017880  0.090991  -0.021741  0.995614  -0.001430  -0.001136  -0.001834  0.000000  0.000000  0.000000  2.000000  0.999989  0.003301  -0.003312  -0.003300  0.999995  0.000308  0.003313  -0.000297  0.999994  1.000000  -0.000009  0.000401  0.000009  1.000000  0.000485  -0.000401  -0.000485  1.000000  1.000000  0.000000  0.000000  0.000000  1.000000  0.000000  0.000000  0.000000  1.000000  0.999989  0.003301  -0.003312  -0.003300  0.999995  0.000308  0.003313  -0.000297  0.999994  0.000000  0.000000  
174.045486 -0.000281  0.089613  -0.003068  0.994921  -0.041225  -0.091828  0.043040  0.998913  0.017880  0.090991  -0.021741  0.995614  -0.001600  -0.001162  -0.001877  0.000000  0.000000  0.000000  2.000000  0.999989  0.003301  -0.003312  -0.003300  0.999995  0.000308  0.003313  -0.000297  0.999994  1.000000  -0.000012  0.000535  0.000011  1.000000  0.000485  -0.000535  -0.000485  1.000000  1.000000  0.000000  0.000000  0.000000  1.000000  0.000000  0.000000  0.000000  1.000000  0.999989  0.003301  -0.003312  -0.003300  0.999995  0.000308  0.003313  -0.000297  0.999994  0.000000  0.000000  
174.046729 -0.000284  0.089611  -0.003071  0.994933  -0.041227  -0.091695  0.043041  0.998913  0.017885  0.090858  -0.021741  0.995627  -0.001745  -0.001202  -0.001972  0.000000  0.000000  0.000000  2.000000  0.999989  0.003301  -0.003312  -0.003300  0.999995  0.000308  0.003313  -0.000297  0.999994  1.000000  -0.000015  0.000669  0.000014  1.000000  0.000485  -0.000669  -0.000485  1.000000  1.000000  0.000000  0.000000  0.000000  1.000000  0.000000  0.000000  0.000000  1.000000  0.999989  0.003301  -0.003312  -0.003300  0.999995  0.000308  0.003313  -0.000297  0.999994  0.000000  0.000000  
174.047730 -0.000286  0.089608  -0.003075  0.994933  -0.041227  -0.091695  0.043041  0.998913  0.017885  0.090858  -0.021741  0.995627  -0.001877  -0.001309  -0.002158  0.000000  0.000000  0.000000  2.000000  0.999989  0.003301  -0.003312  -0.003300  0.999995  0.000308  0.003313  -0.000297  0.999994  1.000000  -0.000012  0.000535  0.000011  1.000000  0.000364  -0.000535  -0.000364  1.000000  1.000000  0.000000  0.000000  0.000000  1.000000  0.000000  0.000000  0.000000  1.000000  0.999989  0.003301  -0.003312  -0.003300  0.999995  0.000308  0.003313  -0.000297  0.999994  0.000000  0.000000  
174.048984 -0.000289  0.089606  -0.003079  0.994933  -0.041216  -0.091700  0.043041  0.998911  0.018007  0.090858  -0.021862  0.995624  -0.002026  -0.001450  -0.002379  0.000000  0.000000  0.000000  2.000000  0.999989  0.003301  -0.003312  -0.003300  0.999995  0.000308  0.003313  -0.000297  0.999994  1.000000  -0.000012  0.000535  0.000011  1.000000  0.000364  -0.000535  -0.000364  1.000000  1.000000  0.000000  0.000000  0.000000  1.000000  0.000000  0.000000  0.000000  1.000000  0.999989  0.003301  -0.003312  -0.003300  0.999995  0.000308  0.003313  -0.000297  0.999994  0.000000  0.000000  
174.050229 -0.000292  0.089602  -0.003084  0.994933  -0.041216  -0.091700  0.043041  0.998911  0.018007  0.090858  -0.021862  0.995624  -0.002181  -0.001625  -0.002687  0.000000  0.000000  0.000000  2.000000  0.999989  0.003301  -0.003312  -0.003300  0.999995  0.000308  0.003313  -0.000297  0.999994  1.000000  -0.000009  0.000401  0.000009  1.000000  0.000485  -0.000401  -0.000485  1.000000  1.000000  0.000000  0.000000  0.000000  1.000000  0.000000  0.000000  0.000000  1.000000  0.999989  0.003301  -0.003312  -0.003300  0.999995  0.000308  0.003313  -0.000297  0.999994  0.000000  0.000000  
174.051482 -0.000296  0.089598  -0.003090  0.994921  -0.041213  -0.091833  0.043040  0.998911  0.018001  0.090991  -0.021862  0.995612  -0.002264  -0.001827  -0.003017  0.000000  0.000000  0.000000  2.000000  0.999989  0.003301  -0.003312  -0.003300  0.999995  0.000308  0.003313  -0.000297  0.999994  1.000000  -0.000003  0.000134  0.000003  1.000000  0.000485  -0.000134  -0.000485  1.000000  1.000000  0.000000  0.000000  0.000000  1.000000  0.000000  0.000000  0.000000  1.000000  0.999989  0.003301  -0.003312  -0.003300  0.999995  0.000308  0.003313  -0.000297  0.999994  0.000000  0.000000  
174.052484 -0.000298  0.089595  -0.003095  0.994921  -0.041213  -0.091833  0.043040  0.998911  0.018001  0.090991  -0.021862  0.995612  -0.002344  -0.001996  -0.003264  0.000000  0.000000  0.000000  2.000000  0.999989  0.003301  -0.003312  -0.003300  0.999995  0.000308  0.003313  -0.000297  0.999994  1.000000  -0.000003  0.000134  0.000003  1.000000  0.000485  -0.000134  -0.000485  1.000000  1.000000  0.000000  0.000000  0.000000  1.000000  0.000000  0.000000  0.000000  1.000000  0.999989  0.003301  -0.003312  -0.003300  0.999995  0.000308  0.003313  -0.000297  0.999994  0.000000  0.000000  
174.053734 -0.000302  0.089590  -0.003102  0.994921  -0.041213  -0.091833  0.043040  0.998911  0.018001  0.090991  -0.021862  0.995612  -0.002414  -0.002244  -0.003574  0.000000  0.000000  0.000000  2.000000  0.999989  0.003301  -0.003312  -0.003300  0.999995  0.000308  0.003313  -0.000297  0.999994  1.000000  -0.000003  0.000134  0.000003  1.000000  0.000364  -0.000134  -0.000364  1.000000  1.000000  0.000000  0.000000  0.000000  1.000000  0.000000  0.000000  0.000000  1.000000  0.999989  0.003301  -0.003312  -0.003300  0.999995  0.000308  0.003313  -0.000297  0.999994  0.000000  0.000000  
174.054984 -0.000305  0.089585  -0.003107  0.994921  -0.041213  -0.091833  0.043040  0.998911  0.018001  0.090991  -0.021862  0.995612  -0.002464  -0.002429  -0.003750  0.000000  0.000000  0.000000  2.000000  0.999989  0.003301  -0.003312  -0.003300  0.999995  0.000308  0.003313  -0.000297  0.999994  1.000000  -0.000003  0.000134  0.000003  1.000000  0.000364  -0.000134  -0.000364  1.000000  1.000000  0.000000  0.000000  0.000000  1.000000  0.000000  0.000000  0.000000  1.000000  0.999989  0.003301  -0.003312  -0.003300  0.999995  0.000308  0.003313  -0.000297  0.999994  0.000000  0.000000  
