1-Time 2-Px 3-Py 4-Pz 5-R11 6-R21 7-R31 8-R12 9-R22 10-R32 11-R13 12-R23 13-R33 14-Vx 15-Vy 16-Vz 17-Wx 18-Wy 19-Wz 20-state 21-PR11 22-PR21 23-PR31 24-PR12 25-PR22 26-PR32 27-PR13 28-PR23 29-PR33 
153.617266 -0.002927  0.088457  0.005485  0.997381  0.066216  0.029101  -0.067864  0.995897  0.059864  -0.025018  -0.061682  0.997782  0.001612  0.001790  0.000909  0.000000  0.000000  0.000000  2.000000  1.000000  0.000000  0.000000  -0.000000  1.000000  0.000000  0.000000  -0.000000  1.000000  1.000000  0.000205  0.000013  -0.000205  1.000000  -0.000005  -0.000013  0.000005  1.000000  1.000000  0.000000  0.000000  0.000000  1.000000  0.000000  0.000000  0.000000  1.000000  0.584153  0.773333  -0.246417  -0.668887  0.630654  0.393531  0.459734  -0.065057  0.885671  0.000000  0.000000  
153.618267 -0.002926  0.088458  0.005486  0.997381  0.066216  0.029101  -0.067864  0.995897  0.059864  -0.025018  -0.061682  0.997782  0.001572  0.001747  0.000930  0.000000  0.000000  0.000000  2.000000  1.000000  0.000000  0.000000  0.000000  1.000000  0.000000  0.000000  0.000000  1.000000  1.000000  0.000205  0.000013  -0.000205  1.000000  -0.000005  -0.000013  0.000005  1.000000  1.000000  0.000000  0.000000  0.000000  1.000000  0.000000  0.000000  0.000000  1.000000  1.000000  0.000000  0.000000  0.000000  1.000000  0.000000  0.000000  0.000000  1.000000  0.000000  0.000000  
153.619521 -0.002926  0.088457  0.005488  0.997349  0.066614  0.029267  -0.068274  0.995863  0.059963  -0.025151  -0.061802  0.997771  0.001422  0.001496  0.000958  0.000000  0.000000  0.000000  2.000000  1.000000  0.000000  0.000000  0.000000  1.000000  0.000000  0.000000  0.000000  1.000000  1.000000  0.000411  0.000025  -0.000411  1.000000  0.000111  -0.000025  -0.000111  1.000000  1.000000  0.000000  0.000000  0.000000  1.000000  0.000000  0.000000  0.000000  1.000000  1.000000  0.000000  0.000000  0.000000  1.000000  0.000000  0.000000  0.000000  1.000000  0.000000  0.000000  
153.620521 -0.002926  0.088456  0.005489  0.997335  0.066816  0.029287  -0.068480  0.995842  0.060078  -0.025151  -0.061923  0.997764  0.001237  0.001244  0.000956  0.000000  0.000000  0.000000  2.000000  1.000000  0.000000  0.000000  0.000000  1.000000  0.000000  0.000000  0.000000  1.000000  1.000000  0.000813  0.000184  -0.000813  1.000000  0.000101  -0.000184  -0.000101  1.000000  1.000000  0.000000  0.000000  0.000000  1.000000  0.000000  0.000000  0.000000  1.000000  1.000000  0.000000  0.000000  0.000000  1.000000  0.000000  0.000000  0.000000  1.000000  0.000000  0.000000  
153.621767 -0.002927  0.088453  0.005492  0.997318  0.067009  0.029441  -0.068685  0.995821  0.060184  -0.025285  -0.062044  0.997753  0.001080  0.000915  0.001090  0.000000  0.000000  0.000000  2.000000  1.000000  0.000000  0.000000  0.000000  1.000000  0.000000  0.000000  0.000000  1.000000  0.999999  0.001010  0.000331  -0.001011  0.999999  0.000338  -0.000331  -0.000338  1.000000  1.000000  0.000000  0.000000  0.000000  1.000000  0.000000  0.000000  0.000000  1.000000  1.000000  0.000000  0.000000  0.000000  1.000000  0.000000  0.000000  0.000000  1.000000  0.000000  0.000000  
153.622768 -0.002927  0.088451  0.005494  0.997304  0.067210  0.029462  -0.068890  0.995800  0.060298  -0.025285  -0.062165  0.997746  0.000932  0.000604  0.001183  0.000000  0.000000  0.000000  2.000000  1.000000  0.000000  0.000000  0.000000  1.000000  0.000000  0.000000  0.000000  1.000000  0.999999  0.001216  0.000344  -0.001216  0.999999  0.000454  -0.000343  -0.000454  1.000000  1.000000  0.000000  0.000000  0.000000  1.000000  0.000000  0.000000  0.000000  1.000000  1.000000  0.000000  0.000000  0.000000  1.000000  0.000000  0.000000  0.000000  1.000000  0.000000  0.000000  
153.623772 -0.002929  0.088448  0.005497  0.997290  0.067412  0.029482  -0.069095  0.995779  0.060413  -0.025285  -0.062286  0.997738  0.000749  0.000324  0.001322  0.000000  0.000000  0.000000  2.000000  1.000000  0.000000  0.000000  0.000000  1.000000  0.000000  0.000000  0.000000  1.000000  0.999999  0.001413  0.000490  -0.001413  0.999999  0.000570  -0.000490  -0.000570  1.000000  1.000000  0.000000  0.000000  0.000000  1.000000  0.000000  0.000000  0.000000  1.000000  1.000000  0.000000  0.000000  0.000000  1.000000  0.000000  0.000000  0.000000  1.000000  0.000000  0.000000  
153.625019 -0.002931  0.088445  0.005501  0.997275  0.067609  0.029511  -0.069301  0.995751  0.060649  -0.025285  -0.062528  0.997723  0.000452  -0.000044  0.001471  0.000000  0.000000  0.000000  2.000000  1.000000  0.000000  0.000000  0.000000  1.000000  0.000000  0.000000  0.000000  1.000000  0.999999  0.001626  0.000370  -0.001627  0.999998  0.000807  -0.000369  -0.000808  1.000000  1.000000  0.000000  0.000000  0.000000  1.000000  0.000000  0.000000  0.000000  1.000000  1.000000  0.000000  0.000000  0.000000  1.000000  0.000000  0.000000  0.000000  1.000000  0.000000  0.000000  
153.626019 -0.002932  0.088443  0.005504  0.997247  0.068016  0.029544  -0.069711  0.995715  0.060757  -0.025285  -0.062649  0.997715  0.000264  -0.000301  0.001598  0.000000  0.000000  0.000000  2.000000  1.000000  0.000000  0.000000  0.000000  1.000000  0.000000  0.000000  0.000000  1.000000  0.999998  0.002037  0.000396  -0.002038  0.999998  0.000918  -0.000394  -0.000919  1.000000  1.000000  0.000000  0.000000  0.000000  1.000000  0.000000  0.000000  0.000000  1.000000  1.000000  0.000000  0.000000  0.000000  1.000000  0.000000  0.000000  0.000000  1.000000  0.000000  0.000000  
153.627267 -0.002934  0.088440  0.005507  0.997218  0.068419  0.029586  -0.070122  0.995672  0.060987  -0.025285  -0.062891  0.997700  0.000028  -0.000619  0.001787  0.000000  0.000000  0.000000  2.000000  1.000000  0.000000  0.000000  0.000000  1.000000  0.000000  0.000000  0.000000  1.000000  0.999997  0.002448  0.000422  -0.002448  0.999996  0.001150  -0.000420  -0.001151  0.999999  1.000000  0.000000  0.000000  0.000000  1.000000  0.000000  0.000000  0.000000  1.000000  1.000000  0.000000  0.000000  0.000000  1.000000  0.000000  0.000000  0.000000  1.000000  0.000000  0.000000  
153.628517 -0.002935  0.088438  0.005511  0.997174  0.069026  0.029640  -0.070738  0.995615  0.061210  -0.025285  -0.063133  0.997685  -0.000199  -0.000919  0.001936  0.000000  0.000000  0.000000  2.000000  1.000000  0.000000  0.000000  0.000000  1.000000  0.000000  0.000000  0.000000  1.000000  0.999996  0.002859  0.000449  -0.002859  0.999995  0.001261  -0.000445  -0.001262  0.999999  1.000000  0.000000  0.000000  0.000000  1.000000  0.000000  0.000000  0.000000  1.000000  1.000000  0.000000  0.000000  0.000000  1.000000  0.000000  0.000000  0.000000  1.000000  0.000000  0.000000  
153.629520 -0.002936  0.088437  0.005514  0.997142  0.069428  0.029799  -0.071148  0.995587  0.061188  -0.025419  -0.063133  0.997681  -0.000391  -0.001119  0.002129  0.000000  0.000000  0.000000  2.000000  1.000000  0.000000  0.000000  0.000000  1.000000  0.000000  0.000000  0.000000  1.000000  0.999994  0.003261  0.000608  -0.003262  0.999994  0.001372  -0.000604  -0.001373  0.999999  1.000000  0.000000  0.000000  0.000000  1.000000  0.000000  0.000000  0.000000  1.000000  1.000000  0.000000  0.000000  0.000000  1.000000  0.000000  0.000000  0.000000  1.000000  0.000000  0.000000  
153.630521 -0.002938  0.088435  0.005518  0.997109  0.069826  0.029965  -0.071558  0.995552  0.061287  -0.025553  -0.063254  0.997670  -0.000632  -0.001318  0.002319  0.000000  0.000000  0.000000  2.000000  1.000000  0.000000  0.000000  0.000000  1.000000  0.000000  0.000000  0.000000  1.000000  0.999993  0.003663  0.000768  -0.003664  0.999992  0.001482  -0.000763  -0.001485  0.999999  1.000000  0.000000  0.000000  0.000000  1.000000  0.000000  0.000000  0.000000  1.000000  1.000000  0.000000  0.000000  0.000000  1.000000  0.000000  0.000000  0.000000  1.000000  0.000000  0.000000  
153.631521 -0.002939  0.088433  0.005523  0.997076  0.070224  0.030132  -0.071969  0.995516  0.061386  -0.025687  -0.063375  0.997659  -0.000797  -0.001532  0.002584  0.000000  0.000000  0.000000  2.000000  1.000000  0.000000  0.000000  0.000000  1.000000  0.000000  0.000000  0.000000  1.000000  0.999991  0.004065  0.000928  -0.004067  0.999990  0.001592  -0.000922  -0.001596  0.999998  1.000000  0.000000  0.000000  0.000000  1.000000  0.000000  0.000000  0.000000  1.000000  1.000000  0.000000  0.000000  0.000000  1.000000  0.000000  0.000000  0.000000  1.000000  0.000000  0.000000  
153.632522 -0.002941  0.088431  0.005528  0.997046  0.070630  0.030166  -0.072379  0.995480  0.061494  -0.025687  -0.063496  0.997651  -0.000956  -0.001737  0.002844  0.000000  0.000000  0.000000  2.000000  1.000000  0.000000  0.000000  0.000000  1.000000  0.000000  0.000000  0.000000  1.000000  0.999990  0.004476  0.000955  -0.004478  0.999989  0.001702  -0.000947  -0.001707  0.999998  1.000000  0.000000  0.000000  0.000000  1.000000  0.000000  0.000000  0.000000  1.000000  1.000000  0.000000  0.000000  0.000000  1.000000  0.000000  0.000000  0.000000  1.000000  0.000000  0.000000  
153.633772 -0.002945  0.088427  0.005534  0.996998  0.071232  0.030346  -0.072995  0.995429  0.061586  -0.025820  -0.063617  0.997640  -0.001283  -0.002095  0.003147  0.060642  -0.038191  0.177759  2.000000  1.000000  0.000000  0.000000  0.000000  1.000000  0.000000  0.000000  0.000000  1.000000  0.999987  0.004878  0.001115  -0.004880  0.999986  0.001812  -0.001106  -0.001818  0.999998  1.000000  0.000000  0.000000  0.000000  1.000000  0.000000  0.000000  0.000000  1.000000  1.000000  0.000000  0.000000  0.000000  1.000000  0.000000  0.000000  0.000000  1.000000  0.000047  0.000000  
153.635021 -0.002949  0.088421  0.005539  0.996968  0.071639  0.030380  -0.073405  0.995392  0.061695  -0.025820  -0.063738  0.997633  -0.001508  -0.002333  0.003385  0.064360  -0.039066  0.191543  2.000000  1.000000  0.000103  0.000320  -0.000103  1.000000  0.000117  -0.000320  -0.000117  1.000000  0.999984  0.005494  0.001155  -0.005496  0.999983  0.001918  -0.001144  -0.001924  0.999997  1.000000  0.000022  0.000067  -0.000022  1.000000  0.000024  -0.000067  -0.000024  1.000000  1.000000  0.000103  0.000320  -0.000103  1.000000  0.000117  -0.000320  -0.000117  1.000000  0.000052  0.005934  
153.636023 -0.002951  0.088417  0.005544  0.996938  0.072041  0.030423  -0.073816  0.995348  0.061924  -0.025820  -0.063980  0.997617  -0.001649  -0.002526  0.003645  0.072158  -0.039957  0.205338  2.000000  1.000000  0.000195  0.000595  -0.000195  1.000000  0.000218  -0.000595  -0.000218  1.000000  0.999982  0.005905  0.001182  -0.005907  0.999980  0.002028  -0.001170  -0.002035  0.999997  1.000000  0.000024  0.000071  -0.000024  1.000000  0.000025  -0.000071  -0.000025  1.000000  1.000000  0.000195  0.000595  -0.000195  1.000000  0.000218  -0.000595  -0.000218  1.000000  0.000055  0.006356  
153.637274 -0.002954  0.088411  0.005551  0.996892  0.072648  0.030479  -0.074432  0.995288  0.062146  -0.025820  -0.064222  0.997602  -0.001800  -0.002746  0.003882  0.079182  -0.040979  0.224339  2.000000  0.999999  0.000322  0.000966  -0.000323  1.000000  0.000355  -0.000966  -0.000355  0.999999  0.999979  0.006315  0.001210  -0.006318  0.999977  0.002260  -0.001195  -0.002267  0.999997  1.000000  0.000026  0.000076  -0.000026  1.000000  0.000028  -0.000076  -0.000028  1.000000  0.999999  0.000322  0.000966  -0.000323  1.000000  0.000355  -0.000966  -0.000355  0.999999  0.000059  0.006817  
153.638518 -0.002956  0.088404  0.005558  0.996861  0.073051  0.030522  -0.074842  0.995243  0.062375  -0.025820  -0.064464  0.997586  -0.001888  -0.002974  0.004094  0.087769  -0.041759  0.232967  2.000000  0.999999  0.000465  0.001366  -0.000465  1.000000  0.000506  -0.001366  -0.000507  0.999999  0.999975  0.006931  0.001251  -0.006934  0.999973  0.002486  -0.001234  -0.002495  0.999996  1.000000  0.000030  0.000083  -0.000030  1.000000  0.000031  -0.000083  -0.000031  1.000000  0.999999  0.000465  0.001366  -0.000465  1.000000  0.000506  -0.001366  -0.000507  0.999999  0.000063  0.007471  
153.639768 -0.002959  0.088397  0.005563  0.996811  0.073649  0.030712  -0.075457  0.995183  0.062588  -0.025954  -0.064706  0.997567  -0.001889  -0.003234  0.004260  0.095376  -0.047585  0.253381  2.000000  0.999998  0.000612  0.001792  -0.000614  1.000000  0.000669  -0.001792  -0.000670  0.999998  0.999974  0.007127  0.001400  -0.007131  0.999971  0.002722  -0.001381  -0.002732  0.999995  1.000000  0.000030  0.000086  -0.000030  1.000000  0.000034  -0.000086  -0.000034  1.000000  0.999998  0.000612  0.001792  -0.000614  1.000000  0.000669  -0.001792  -0.000670  0.999998  0.000068  0.007759  
153.640769 -0.002961  0.088392  0.005569  0.996796  0.073847  0.030742  -0.075663  0.995152  0.062823  -0.025954  -0.064948  0.997551  -0.001947  -0.003470  0.004413  0.103350  -0.048053  0.260274  2.000000  0.999998  0.000706  0.002050  -0.000708  0.999999  0.000775  -0.002050  -0.000777  0.999998  0.999972  0.007341  0.001282  -0.007345  0.999969  0.002960  -0.001260  -0.002969  0.999995  1.000000  0.000032  0.000087  -0.000032  1.000000  0.000037  -0.000087  -0.000037  1.000000  0.999998  0.000706  0.002050  -0.000708  0.999999  0.000775  -0.002050  -0.000777  0.999998  0.000072  0.008020  
153.642018 -0.002963  0.088385  0.005574  0.996764  0.074245  0.030795  -0.076073  0.995099  0.063172  -0.025954  -0.065311  0.997527  -0.001965  -0.003759  0.004531  0.115239  -0.048985  0.274100  2.000000  0.999997  0.000868  0.002484  -0.000871  0.999999  0.000963  -0.002483  -0.000966  0.999996  0.999972  0.007350  0.001150  -0.007353  0.999968  0.003081  -0.001127  -0.003089  0.999995  1.000000  0.000034  0.000087  -0.000034  1.000000  0.000039  -0.000087  -0.000039  1.000000  0.999997  0.000868  0.002484  -0.000871  0.999999  0.000963  -0.002483  -0.000966  0.999996  0.000075  0.008053  
153.643267 -0.002964  0.088378  0.005579  0.996733  0.074648  0.030839  -0.076483  0.995053  0.063401  -0.025954  -0.065553  0.997512  -0.001969  -0.004054  0.004620  0.123030  -0.049894  0.287878  2.000000  0.999995  0.001037  0.002920  -0.001040  0.999999  0.001159  -0.002919  -0.001162  0.999995  0.999972  0.007349  0.001153  -0.007353  0.999968  0.003202  -0.001129  -0.003211  0.999994  1.000000  0.000034  0.000087  -0.000034  1.000000  0.000040  -0.000087  -0.000040  1.000000  0.999995  0.001037  0.002920  -0.001040  0.999999  0.001159  -0.002919  -0.001162  0.999995  0.000078  0.008101  
153.644518 -0.002966  0.088372  0.005583  0.996717  0.074841  0.030880  -0.076689  0.995015  0.063757  -0.025954  -0.065915  0.997488  -0.001950  -0.004329  0.004596  0.135106  -0.050397  0.294823  2.000000  0.999994  0.001215  0.003363  -0.001219  0.999998  0.001363  -0.003361  -0.001367  0.999993  0.999971  0.007554  0.001168  -0.007558  0.999966  0.003318  -0.001143  -0.003327  0.999994  1.000000  0.000035  0.000089  -0.000035  1.000000  0.000042  -0.000089  -0.000042  1.000000  0.999994  0.001215  0.003363  -0.001219  0.999998  0.001363  -0.003361  -0.001367  0.999993  0.000082  0.008335  
153.645522 -0.002967  0.088366  0.005587  0.996701  0.075042  0.030902  -0.076894  0.994991  0.063871  -0.025954  -0.066036  0.997480  -0.001947  -0.004659  0.004598  0.138988  -0.050850  0.301684  2.000000  0.999992  0.001352  0.003717  -0.001357  0.999998  0.001527  -0.003715  -0.001532  0.999992  0.999971  0.007554  0.001170  -0.007558  0.999966  0.003318  -0.001145  -0.003327  0.999994  1.000000  0.000035  0.000089  -0.000035  1.000000  0.000042  -0.000089  -0.000042  1.000000  0.999992  0.001352  0.003717  -0.001357  0.999998  0.001527  -0.003715  -0.001532  0.999992  0.000084  0.008335  
153.646767 -0.002969  0.088360  0.005592  0.996666  0.075436  0.031079  -0.077304  0.994946  0.064089  -0.026088  -0.066278  0.997460  -0.001951  -0.004887  0.004517  0.146764  -0.056259  0.315189  2.000000  0.999990  0.001517  0.004155  -0.001524  0.999997  0.001734  -0.004152  -0.001741  0.999990  0.999972  0.007339  0.001292  -0.007344  0.999968  0.003322  -0.001267  -0.003332  0.999994  1.000000  0.000032  0.000087  -0.000032  1.000000  0.000042  -0.000087  -0.000042  1.000000  0.999990  0.001517  0.004155  -0.001524  0.999997  0.001734  -0.004152  -0.001741  0.999990  0.000089  0.008161  
153.647774 -0.002971  0.088355  0.005595  0.996650  0.075637  0.031102  -0.077509  0.994922  0.064204  -0.026088  -0.066399  0.997452  -0.001928  -0.005034  0.004398  0.150682  -0.056728  0.322127  2.000000  0.999989  0.001644  0.004505  -0.001653  0.999997  0.001900  -0.004502  -0.001908  0.999988  0.999972  0.007339  0.001292  -0.007344  0.999968  0.003322  -0.001268  -0.003332  0.999994  1.000000  0.000032  0.000087  -0.000032  1.000000  0.000042  -0.000087  -0.000042  1.000000  0.999989  0.001644  0.004505  -0.001653  0.999997  0.001900  -0.004502  -0.001908  0.999988  0.000090  0.008161  
153.649027 -0.002973  0.088350  0.005600  0.996631  0.075825  0.031267  -0.077714  0.994892  0.064428  -0.026222  -0.066641  0.997432  -0.001839  -0.005088  0.004365  0.154700  -0.061259  0.321750  2.000000  0.999987  0.001766  0.004843  -0.001776  0.999996  0.002068  -0.004840  -0.002076  0.999986  0.999975  0.006928  0.001267  -0.006933  0.999970  0.003455  -0.001243  -0.003463  0.999993  1.000000  0.000030  0.000083  -0.000030  1.000000  0.000043  -0.000083  -0.000043  1.000000  0.999987  0.001766  0.004843  -0.001776  0.999996  0.002068  -0.004840  -0.002076  0.999986  0.000091  0.007847  
153.650271 -0.002975  0.088344  0.005605  0.996615  0.076026  0.031289  -0.077919  0.994868  0.064542  -0.026222  -0.066762  0.997424  -0.001737  -0.005090  0.004243  0.157672  -0.055901  0.312636  2.000000  0.999984  0.001906  0.005247  -0.001918  0.999996  0.002279  -0.005243  -0.002289  0.999984  0.999977  0.006723  0.001254  -0.006727  0.999971  0.003459  -0.001231  -0.003468  0.999993  1.000000  0.000029  0.000081  -0.000029  1.000000  0.000043  -0.000081  -0.000043  1.000000  0.999984  0.001906  0.005247  -0.001918  0.999996  0.002279  -0.005243  -0.002289  0.999984  0.000091  0.007666  
153.651523 -0.002977  0.088339  0.005610  0.996599  0.076227  0.031312  -0.078124  0.994845  0.064657  -0.026222  -0.066883  0.997416  -0.001689  -0.005030  0.004182  0.154856  -0.051925  0.315456  2.000000  0.999982  0.002045  0.005626  -0.002059  0.999995  0.002491  -0.005621  -0.002502  0.999981  0.999981  0.006116  0.001080  -0.006119  0.999975  0.003476  -0.001059  -0.003482  0.999993  1.000000  0.000027  0.000073  -0.000027  1.000000  0.000043  -0.000073  -0.000043  1.000000  0.999982  0.002045  0.005626  -0.002059  0.999995  0.002491  -0.005621  -0.002502  0.999981  0.000088  0.007118  
153.652772 -0.002980  0.088334  0.005615  0.996583  0.076428  0.031334  -0.078330  0.994821  0.064771  -0.026222  -0.067004  0.997408  -0.001650  -0.004924  0.004096  0.154833  -0.047476  0.315737  2.000000  0.999980  0.002182  0.005983  -0.002198  0.999994  0.002701  -0.005977  -0.002715  0.999978  0.999983  0.005714  0.000920  -0.005717  0.999978  0.003365  -0.000901  -0.003371  0.999994  1.000000  0.000026  0.000068  -0.000026  1.000000  0.000042  -0.000068  -0.000042  1.000000  0.999980  0.002182  0.005983  -0.002198  0.999994  0.002701  -0.005977  -0.002715  0.999978  0.000088  0.006696  
153.654020 -0.002983  0.088329  0.005621  0.996583  0.076421  0.031353  -0.078330  0.994805  0.065012  -0.026222  -0.067246  0.997392  -0.001702  -0.004861  0.004030  0.155057  -0.051599  0.308581  2.000000  0.999977  0.002312  0.006317  -0.002331  0.999993  0.002916  -0.006311  -0.002930  0.999976  0.999984  0.005517  0.000774  -0.005520  0.999979  0.003492  -0.000755  -0.003496  0.999994  1.000000  0.000026  0.000065  -0.000026  1.000000  0.000044  -0.000065  -0.000044  1.000000  0.999977  0.002312  0.006317  -0.002331  0.999993  0.002916  -0.006311  -0.002930  0.999976  0.000088  0.006576  
153.655024 -0.002985  0.088324  0.005625  0.996566  0.076622  0.031375  -0.078535  0.994782  0.065126  -0.026222  -0.067367  0.997384  -0.001694  -0.004752  0.004007  0.155208  -0.051178  0.301619  2.000000  0.999976  0.002410  0.006564  -0.002430  0.999992  0.003090  -0.006557  -0.003106  0.999974  0.999986  0.005312  0.000761  -0.005314  0.999980  0.003498  -0.000742  -0.003502  0.999994  1.000000  0.000025  0.000062  -0.000025  1.000000  0.000044  -0.000062  -0.000044  1.000000  0.999976  0.002410  0.006564  -0.002430  0.999992  0.003090  -0.006557  -0.003106  0.999974  0.000088  0.006406  
153.656272 -0.002988  0.088319  0.005630  0.996570  0.076623  0.031261  -0.078535  0.994765  0.065378  -0.026088  -0.067609  0.997371  -0.001814  -0.004655  0.003951  0.155622  -0.045874  0.288169  2.000000  0.999975  0.002457  0.006684  -0.002479  0.999992  0.003179  -0.006676  -0.003196  0.999973  0.999989  0.004705  0.000587  -0.004707  0.999982  0.003636  -0.000570  -0.003639  0.999993  1.000000  0.000000  0.000000  0.000000  1.000000  0.000000  0.000000  0.000000  1.000000  0.999975  0.002457  0.006684  -0.002479  0.999992  0.003179  -0.006676  -0.003196  0.999973  0.000083  0.000000  
153.657524 -0.002992  0.088314  0.005635  0.996570  0.076615  0.031279  -0.078535  0.994749  0.065620  -0.026088  -0.067851  0.997354  -0.001913  -0.004552  0.003957  0.155942  -0.045028  0.274288  2.000000  0.999975  0.002457  0.006684  -0.002479  0.999992  0.003179  -0.006676  -0.003196  0.999973  0.999991  0.004294  0.000560  -0.004296  0.999985  0.003525  -0.000544  -0.003528  0.999994  1.000000  0.000000  0.000000  0.000000  1.000000  0.000000  0.000000  0.000000  1.000000  0.999975  0.002457  0.006684  -0.002479  0.999992  0.003179  -0.006676  -0.003196  0.999973  0.000080  0.000000  
153.658766 -0.002996  0.088308  0.005640  0.996554  0.076816  0.031302  -0.078740  0.994726  0.065734  -0.026088  -0.067972  0.997346  -0.002055  -0.004487  0.003954  0.156370  -0.039690  0.260925  2.000000  0.999975  0.002457  0.006684  -0.002479  0.999992  0.003179  -0.006676  -0.003196  0.999973  0.999991  0.004088  0.000547  -0.004090  0.999985  0.003531  -0.000532  -0.003533  0.999994  1.000000  0.000000  0.000000  0.000000  1.000000  0.000000  0.000000  0.000000  1.000000  0.999975  0.002457  0.006684  -0.002479  0.999992  0.003179  -0.006676  -0.003196  0.999973  0.000077  0.000000  
153.659767 -0.003000  0.088303  0.005644  0.996554  0.076809  0.031321  -0.078740  0.994710  0.065975  -0.026088  -0.068214  0.997330  -0.002222  -0.004454  0.003963  0.159499  -0.034063  0.245418  2.000000  0.999975  0.002457  0.006684  -0.002479  0.999992  0.003179  -0.006676  -0.003196  0.999973  0.999993  0.003687  0.000386  -0.003688  0.999987  0.003420  -0.000373  -0.003422  0.999994  1.000000  0.000000  0.000000  0.000000  1.000000  0.000000  0.000000  0.000000  1.000000  0.999975  0.002457  0.006684  -0.002479  0.999992  0.003179  -0.006676  -0.003196  0.999973  0.000074  0.000000  
153.660770 -0.003004  0.088298  0.005646  0.996538  0.077010  0.031344  -0.078945  0.994686  0.066089  -0.026088  -0.068335  0.997321  -0.002422  -0.004483  0.003878  0.164097  -0.033703  0.239113  2.000000  0.999975  0.002457  0.006684  -0.002479  0.999992  0.003179  -0.006676  -0.003196  0.999973  0.999995  0.003276  0.000358  -0.003277  0.999989  0.003431  -0.000347  -0.003432  0.999994  1.000000  0.000000  0.000000  0.000000  1.000000  0.000000  0.000000  0.000000  1.000000  0.999975  0.002457  0.006684  -0.002479  0.999992  0.003179  -0.006676  -0.003196  0.999973  0.000073  0.000000  
153.662023 -0.003010  0.088292  0.005649  0.996538  0.077006  0.031353  -0.078945  0.994678  0.066210  -0.026088  -0.068456  0.997313  -0.002681  -0.004456  0.003755  0.160043  -0.028315  0.225194  2.000000  0.999975  0.002457  0.006684  -0.002479  0.999992  0.003179  -0.006676  -0.003196  0.999973  0.999995  0.003071  0.000345  -0.003072  0.999990  0.003194  -0.000335  -0.003195  0.999995  1.000000  0.000000  0.000000  0.000000  1.000000  0.000000  0.000000  0.000000  1.000000  0.999975  0.002457  0.006684  -0.002479  0.999992  0.003179  -0.006676  -0.003196  0.999973  0.000071  0.000000  
153.663264 -0.003015  0.088287  0.005651  0.996538  0.076998  0.031372  -0.078945  0.994662  0.066451  -0.026088  -0.068698  0.997296  -0.002900  -0.004405  0.003634  0.164540  -0.022529  0.204844  2.000000  0.999975  0.002457  0.006684  -0.002479  0.999992  0.003179  -0.006676  -0.003196  0.999973  0.999996  0.002660  0.000317  -0.002661  0.999991  0.003205  -0.000309  -0.003206  0.999995  1.000000  0.000000  0.000000  0.000000  1.000000  0.000000  0.000000  0.000000  1.000000  0.999975  0.002457  0.006684  -0.002479  0.999992  0.003179  -0.006676  -0.003196  0.999973  0.000067  0.000000  
153.664270 -0.003020  0.088283  0.005653  0.996538  0.076994  0.031381  -0.078945  0.994654  0.066572  -0.026088  -0.068819  0.997288  -0.003054  -0.004348  0.003472  0.166263  -0.021824  0.192731  2.000000  0.999975  0.002457  0.006684  -0.002479  0.999992  0.003179  -0.006676  -0.003196  0.999973  0.999997  0.002455  0.000303  -0.002455  0.999992  0.003089  -0.000296  -0.003090  0.999995  1.000000  0.000000  0.000000  0.000000  1.000000  0.000000  0.000000  0.000000  1.000000  0.999975  0.002457  0.006684  -0.002479  0.999992  0.003179  -0.006676  -0.003196  0.999973  0.000064  0.000000  
153.665272 -0.003024  0.088281  0.005655  0.996538  0.076991  0.031391  -0.078945  0.994646  0.066693  -0.026088  -0.068940  0.997280  -0.003246  -0.004237  0.003303  0.166570  -0.020921  0.178863  2.000000  0.999975  0.002457  0.006684  -0.002479  0.999992  0.003179  -0.006676  -0.003196  0.999973  0.999997  0.002249  0.000290  -0.002250  0.999993  0.002973  -0.000283  -0.002974  0.999996  1.000000  0.000000  0.000000  0.000000  1.000000  0.000000  0.000000  0.000000  1.000000  0.999975  0.002457  0.006684  -0.002479  0.999992  0.003179  -0.006676  -0.003196  0.999973  0.000063  0.000000  
153.666518 -0.003029  0.088277  0.005656  0.996538  0.076987  0.031400  -0.078945  0.994637  0.066813  -0.026088  -0.069061  0.997271  -0.003470  -0.004154  0.003076  0.000000  0.000000  0.000000  2.000000  0.999975  0.002457  0.006684  -0.002479  0.999992  0.003179  -0.006676  -0.003196  0.999973  0.999998  0.001839  0.000261  -0.001839  0.999994  0.002863  -0.000256  -0.002863  0.999996  1.000000  0.000000  0.000000  0.000000  1.000000  0.000000  0.000000  0.000000  1.000000  0.999975  0.002457  0.006684  -0.002479  0.999992  0.003179  -0.006676  -0.003196  0.999973  0.000059  0.000000  
153.667519 -0.003033  0.088275  0.005658  0.996521  0.077188  0.031423  -0.079150  0.994613  0.066927  -0.026088  -0.069182  0.997263  -0.003605  -0.004030  0.002912  0.000000  0.000000  0.000000  2.000000  0.999975  0.002457  0.006684  -0.002479  0.999992  0.003179  -0.006676  -0.003196  0.999973  0.999998  0.001848  0.000128  -0.001848  0.999994  0.002863  -0.000123  -0.002863  0.999996  1.000000  0.000000  0.000000  0.000000  1.000000  0.000000  0.000000  0.000000  1.000000  0.999975  0.002457  0.006684  -0.002479  0.999992  0.003179  -0.006676  -0.003196  0.999973  0.000000  0.000000  
153.668773 -0.003039  0.088272  0.005660  0.996521  0.077184  0.031432  -0.079150  0.994605  0.067048  -0.026088  -0.069303  0.997255  -0.003796  -0.003831  0.002627  0.000000  0.000000  0.000000  2.000000  0.999975  0.002457  0.006684  -0.002479  0.999992  0.003179  -0.006676  -0.003196  0.999973  0.999999  0.001437  0.000100  -0.001437  0.999995  0.002752  -0.000096  -0.002752  0.999996  1.000000  0.000000  0.000000  0.000000  1.000000  0.000000  0.000000  0.000000  1.000000  0.999975  0.002457  0.006684  -0.002479  0.999992  0.003179  -0.006676  -0.003196  0.999973  0.000000  0.000000  
153.670017 -0.003044  0.088270  0.005662  0.996521  0.077180  0.031442  -0.079150  0.994597  0.067169  -0.026088  -0.069424  0.997246  -0.003935  -0.003641  0.002448  0.000000  0.000000  0.000000  2.000000  0.999975  0.002457  0.006684  -0.002479  0.999992  0.003179  -0.006676  -0.003196  0.999973  0.999999  0.001446  -0.000034  -0.001446  0.999996  0.002510  0.000037  -0.002510  0.999997  1.000000  0.000000  0.000000  0.000000  1.000000  0.000000  0.000000  0.000000  1.000000  0.999975  0.002457  0.006684  -0.002479  0.999992  0.003179  -0.006676  -0.003196  0.999973  0.000000  0.000000  
153.671020 -0.003048  0.088268  0.005663  0.996521  0.077180  0.031442  -0.079150  0.994597  0.067169  -0.026088  -0.069424  0.997246  -0.004029  -0.003474  0.002264  0.000000  0.000000  0.000000  2.000000  0.999975  0.002457  0.006684  -0.002479  0.999992  0.003179  -0.006676  -0.003196  0.999973  0.999999  0.001241  -0.000048  -0.001241  0.999996  0.002636  0.000051  -0.002636  0.999997  1.000000  0.000000  0.000000  0.000000  1.000000  0.000000  0.000000  0.000000  1.000000  0.999975  0.002457  0.006684  -0.002479  0.999992  0.003179  -0.006676  -0.003196  0.999973  0.000000  0.000000  
153.672022 -0.003052  0.088266  0.005666  0.996521  0.077176  0.031451  -0.079150  0.994589  0.067289  -0.026088  -0.069545  0.997238  -0.004129  -0.003314  0.002209  0.000000  0.000000  0.000000  2.000000  0.999975  0.002457  0.006684  -0.002479  0.999992  0.003179  -0.006676  -0.003196  0.999973  0.999999  0.001036  -0.000062  -0.001036  0.999996  0.002642  0.000065  -0.002642  0.999997  1.000000  0.000000  0.000000  0.000000  1.000000  0.000000  0.000000  0.000000  1.000000  0.999975  0.002457  0.006684  -0.002479  0.999992  0.003179  -0.006676  -0.003196  0.999973  0.000000  0.000000  
153.673270 -0.003058  0.088263  0.005669  0.996521  0.077173  0.031460  -0.079150  0.994581  0.067410  -0.026088  -0.069666  0.997229  -0.004267  -0.003115  0.002015  0.000000  0.000000  0.000000  2.000000  0.999975  0.002457  0.006684  -0.002479  0.999992  0.003179  -0.006676  -0.003196  0.999973  1.000000  0.000831  -0.000076  -0.000830  0.999996  0.002526  0.000078  -0.002526  0.999997  1.000000  0.000000  0.000000  0.000000  1.000000  0.000000  0.000000  0.000000  1.000000  0.999975  0.002457  0.006684  -0.002479  0.999992  0.003179  -0.006676  -0.003196  0.999973  0.000000  0.000000  
153.674523 -0.003063  0.088261  0.005673  0.996521  0.077169  0.031470  -0.079150  0.994573  0.067531  -0.026088  -0.069786  0.997221  -0.004305  -0.002921  0.001966  0.000000  0.000000  0.000000  2.000000  0.999975  0.002457  0.006684  -0.002479  0.999992  0.003179  -0.006676  -0.003196  0.999973  1.000000  0.000831  -0.000076  -0.000830  0.999996  0.002526  0.000078  -0.002526  0.999997  1.000000  0.000000  0.000000  0.000000  1.000000  0.000000  0.000000  0.000000  1.000000  0.999975  0.002457  0.006684  -0.002479  0.999992  0.003179  -0.006676  -0.003196  0.999973  0.000000  0.000000  
153.675768 -0.003068  0.088258  0.005675  0.996525  0.077174  0.031346  -0.079151  0.994564  0.067662  -0.025954  -0.069908  0.997216  -0.004276  -0.002645  0.001949  0.000000  0.000000  0.000000  2.000000  0.999975  0.002457  0.006684  -0.002479  0.999992  0.003179  -0.006676  -0.003196  0.999973  1.000000  0.000635  -0.000224  -0.000634  0.999997  0.002289  0.000225  -0.002288  0.999997  1.000000  0.000000  0.000000  0.000000  1.000000  0.000000  0.000000  0.000000  1.000000  0.999975  0.002457  0.006684  -0.002479  0.999992  0.003179  -0.006676  -0.003196  0.999973  0.000000  0.000000  
153.677029 -0.003073  0.088256  0.005678  0.996525  0.077170  0.031356  -0.079151  0.994556  0.067782  -0.025954  -0.070029  0.997207  -0.004161  -0.002373  0.001919  0.000000  0.000000  0.000000  2.000000  0.999975  0.002457  0.006684  -0.002479  0.999992  0.003179  -0.006676  -0.003196  0.999973  1.000000  0.000625  -0.000090  -0.000625  0.999997  0.002167  0.000092  -0.002167  0.999998  1.000000  0.000000  0.000000  0.000000  1.000000  0.000000  0.000000  0.000000  1.000000  0.999975  0.002457  0.006684  -0.002479  0.999992  0.003179  -0.006676  -0.003196  0.999973  0.000000  0.000000  
153.678267 -0.003076  0.088254  0.005680  0.996525  0.077170  0.031356  -0.079151  0.994556  0.067782  -0.025954  -0.070029  0.997207  -0.004059  -0.002170  0.001914  0.000000  0.000000  0.000000  2.000000  0.999975  0.002457  0.006684  -0.002479  0.999992  0.003179  -0.006676  -0.003196  0.999973  1.000000  0.000420  -0.000105  -0.000420  0.999998  0.002051  0.000105  -0.002051  0.999998  1.000000  0.000000  0.000000  0.000000  1.000000  0.000000  0.000000  0.000000  1.000000  0.999975  0.002457  0.006684  -0.002479  0.999992  0.003179  -0.006676  -0.003196  0.999973  0.000000  0.000000  
153.679521 -0.003080  0.088252  0.005681  0.996525  0.077167  0.031365  -0.079151  0.994547  0.067903  -0.025954  -0.070150  0.997199  -0.003940  -0.002018  0.001838  0.000000  0.000000  0.000000  2.000000  0.999975  0.002457  0.006684  -0.002479  0.999992  0.003179  -0.006676  -0.003196  0.999973  1.000000  0.000420  -0.000105  -0.000420  0.999998  0.002051  0.000105  -0.002051  0.999998  1.000000  0.000000  0.000000  0.000000  1.000000  0.000000  0.000000  0.000000  1.000000  0.999975  0.002457  0.006684  -0.002479  0.999992  0.003179  -0.006676  -0.003196  0.999973  0.000000  0.000000  
153.680521 -0.003082  0.088252  0.005682  0.996521  0.077153  0.031507  -0.079150  0.994540  0.068013  -0.026088  -0.070270  0.997187  -0.003760  -0.001839  0.001815  0.000000  0.000000  0.000000  2.000000  0.999975  0.002457  0.006684  -0.002479  0.999992  0.003179  -0.006676  -0.003196  0.999973  1.000000  0.000411  0.000029  -0.000411  0.999998  0.002051  -0.000028  -0.002051  0.999998  1.000000  0.000000  0.000000  0.000000  1.000000  0.000000  0.000000  0.000000  1.000000  0.999975  0.002457  0.006684  -0.002479  0.999992  0.003179  -0.006676  -0.003196  0.999973  0.000000  0.000000  
153.681771 -0.003084  0.088251  0.005683  0.996521  0.077150  0.031517  -0.079150  0.994532  0.068134  -0.026088  -0.070391  0.997178  -0.003544  -0.001693  0.001745  0.000000  0.000000  0.000000  2.000000  0.999975  0.002457  0.006684  -0.002479  0.999992  0.003179  -0.006676  -0.003196  0.999973  1.000000  0.000205  0.000014  -0.000205  0.999998  0.001814  -0.000014  -0.001814  0.999998  1.000000  0.000000  0.000000  0.000000  1.000000  0.000000  0.000000  0.000000  1.000000  0.999975  0.002457  0.006684  -0.002479  0.999992  0.003179  -0.006676  -0.003196  0.999973  0.000000  0.000000  
153.682773 -0.003085  0.088251  0.005683  0.996521  0.077150  0.031517  -0.079150  0.994532  0.068134  -0.026088  -0.070391  0.997178  -0.003338  -0.001538  0.001688  0.000000  0.000000  0.000000  2.000000  0.999975  0.002457  0.006684  -0.002479  0.999992  0.003179  -0.006676  -0.003196  0.999973  1.000000  0.000205  0.000014  -0.000205  0.999998  0.001814  -0.000014  -0.001814  0.999998  1.000000  0.000000  0.000000  0.000000  1.000000  0.000000  0.000000  0.000000  1.000000  0.999975  0.002457  0.006684  -0.002479  0.999992  0.003179  -0.006676  -0.003196  0.999973  0.000000  0.000000  
153.684022 -0.003085  0.088251  0.005684  0.996521  0.077146  0.031526  -0.079150  0.994523  0.068254  -0.026088  -0.070512  0.997170  -0.002976  -0.001362  0.001593  0.000000  0.000000  0.000000  2.000000  0.999975  0.002457  0.006684  -0.002479  0.999992  0.003179  -0.006676  -0.003196  0.999973  1.000000  0.000205  0.000015  -0.000205  0.999998  0.001814  -0.000014  -0.001814  0.999998  1.000000  0.000000  0.000000  0.000000  1.000000  0.000000  0.000000  0.000000  1.000000  0.999975  0.002457  0.006684  -0.002479  0.999992  0.003179  -0.006676  -0.003196  0.999973  0.000000  0.000000  
153.685267 -0.003085  0.088251  0.005684  0.996521  0.077142  0.031535  -0.079150  0.994515  0.068375  -0.026088  -0.070633  0.997161  -0.002660  -0.001181  0.001462  0.000000  0.000000  0.000000  2.000000  0.999975  0.002457  0.006684  -0.002479  0.999992  0.003179  -0.006676  -0.003196  0.999973  1.000000  0.000205  0.000015  -0.000205  0.999999  0.001571  -0.000014  -0.001571  0.999999  1.000000  0.000000  0.000000  0.000000  1.000000  0.000000  0.000000  0.000000  1.000000  0.999975  0.002457  0.006684  -0.002479  0.999992  0.003179  -0.006676  -0.003196  0.999973  0.000000  0.000000  
153.686521 -0.003085  0.088251  0.005684  0.996521  0.077142  0.031535  -0.079150  0.994515  0.068375  -0.026088  -0.070633  0.997161  -0.002342  -0.001058  0.001284  0.000000  0.000000  0.000000  2.000000  0.999975  0.002457  0.006684  -0.002479  0.999992  0.003179  -0.006676  -0.003196  0.999973  1.000000  0.000205  0.000015  -0.000205  0.999999  0.001571  -0.000014  -0.001571  0.999999  1.000000  0.000000  0.000000  0.000000  1.000000  0.000000  0.000000  0.000000  1.000000  0.999975  0.002457  0.006684  -0.002479  0.999992  0.003179  -0.006676  -0.003196  0.999973  0.000000  0.000000  
153.687522 -0.003085  0.088251  0.005685  0.996521  0.077138  0.031545  -0.079150  0.994507  0.068496  -0.026088  -0.070754  0.997153  -0.002013  -0.000930  0.001115  0.000000  0.000000  0.000000  2.000000  0.999975  0.002457  0.006684  -0.002479  0.999992  0.003179  -0.006676  -0.003196  0.999973  1.000000  -0.000000  -0.000000  -0.000000  0.999999  0.001577  -0.000000  -0.001577  0.999999  1.000000  0.000000  0.000000  0.000000  1.000000  0.000000  0.000000  0.000000  1.000000  0.999975  0.002457  0.006684  -0.002479  0.999992  0.003179  -0.006676  -0.003196  0.999973  0.000000  0.000000  
153.688772 -0.003085  0.088251  0.005685  0.996521  0.077138  0.031545  -0.079150  0.994507  0.068496  -0.026088  -0.070754  0.997153  -0.001616  -0.000760  0.000945  0.000000  0.000000  0.000000  2.000000  0.999975  0.002457  0.006684  -0.002479  0.999992  0.003179  -0.006676  -0.003196  0.999973  1.000000  -0.000000  -0.000000  0.000000  0.999999  0.001456  0.000000  -0.001456  0.999999  1.000000  0.000000  0.000000  0.000000  1.000000  0.000000  0.000000  0.000000  1.000000  0.999975  0.002457  0.006684  -0.002479  0.999992  0.003179  -0.006676  -0.003196  0.999973  0.000000  0.000000  
153.690017 -0.003084  0.088251  0.005687  0.996521  0.077134  0.031554  -0.079150  0.994498  0.068616  -0.026088  -0.070875  0.997144  -0.001266  -0.000612  0.000839  0.000000  0.000000  0.000000  2.000000  0.999975  0.002457  0.006684  -0.002479  0.999992  0.003179  -0.006676  -0.003196  0.999973  1.000000  0.000000  -0.000000  0.000000  0.999999  0.001577  0.000000  -0.001577  0.999999  1.000000  0.000000  0.000000  0.000000  1.000000  0.000000  0.000000  0.000000  1.000000  0.999975  0.002457  0.006684  -0.002479  0.999992  0.003179  -0.006676  -0.003196  0.999973  0.000000  0.000000  
153.691267 -0.003082  0.088251  0.005688  0.996521  0.077134  0.031554  -0.079150  0.994498  0.068616  -0.026088  -0.070875  0.997144  -0.000748  -0.000379  0.000744  0.000000  0.000000  0.000000  2.000000  0.999975  0.002457  0.006684  -0.002479  0.999992  0.003179  -0.006676  -0.003196  0.999973  1.000000  0.000000  -0.000000  0.000000  0.999999  0.001456  -0.000000  -0.001456  0.999999  1.000000  0.000000  0.000000  0.000000  1.000000  0.000000  0.000000  0.000000  1.000000  0.999975  0.002457  0.006684  -0.002479  0.999992  0.003179  -0.006676  -0.003196  0.999973  0.000000  0.000000  
153.692267 -0.003081  0.088251  0.005689  0.996521  0.077134  0.031554  -0.079150  0.994498  0.068616  -0.026088  -0.070875  0.997144  -0.000510  -0.000295  0.000699  0.000000  0.000000  0.000000  2.000000  0.999975  0.002457  0.006684  -0.002479  0.999992  0.003179  -0.006676  -0.003196  0.999973  1.000000  0.000000  0.000000  0.000000  0.999999  0.001334  -0.000000  -0.001334  0.999999  1.000000  0.000000  0.000000  0.000000  1.000000  0.000000  0.000000  0.000000  1.000000  0.999975  0.002457  0.006684  -0.002479  0.999992  0.003179  -0.006676  -0.003196  0.999973  0.000000  0.000000  
