1-Time 2-Px 3-Py 4-Pz 5-R11 6-R21 7-R31 8-R12 9-R22 10-R32 11-R13 12-R23 13-R33 14-Vx 15-Vy 16-Vz 17-Wx 18-Wy 19-Wz 20-state 21-PR11 22-PR21 23-PR31 24-PR12 25-PR22 26-PR32 27-PR13 28-PR23 29-PR33 
179.415758 0.018181  0.096460  -0.012097  0.987551  0.154879  0.027485  -0.156621  0.984370  0.080528  -0.014584  -0.083830  0.996373  -0.004427  0.007341  0.000241  0.000000  0.000000  0.000000  2.000000  1.000000  0.000000  0.000000  -0.000000  1.000000  0.000000  0.000000  -0.000000  1.000000  0.999999  -0.001026  -0.000086  0.001026  0.999999  -0.000228  0.000087  0.000228  1.000000  1.000000  0.000000  0.000000  0.000000  1.000000  0.000000  0.000000  0.000000  1.000000  0.554849  0.779221  -0.291474  -0.783444  0.607263  0.132085  0.279925  0.155067  0.947416  0.000000  0.000000  
179.416761 0.018177  0.096467  -0.012099  0.987551  0.154879  0.027485  -0.156621  0.984370  0.080528  -0.014584  -0.083830  0.996373  -0.004434  0.007300  0.000138  0.000000  0.000000  0.000000  2.000000  1.000000  0.000000  0.000000  0.000000  1.000000  0.000000  0.000000  0.000000  1.000000  0.999999  -0.001026  -0.000086  0.001026  0.999999  -0.000228  0.000087  0.000228  1.000000  1.000000  0.000000  0.000000  0.000000  1.000000  0.000000  0.000000  0.000000  1.000000  1.000000  0.000000  0.000000  0.000000  1.000000  0.000000  0.000000  0.000000  1.000000  0.000000  0.000000  
179.418007 0.018174  0.096477  -0.012104  0.987454  0.155487  0.027535  -0.157231  0.984275  0.080511  -0.014584  -0.083830  0.996373  -0.004220  0.007401  -0.000279  0.000000  0.000000  0.000000  2.000000  1.000000  0.000000  0.000000  0.000000  1.000000  0.000000  0.000000  0.000000  1.000000  1.000000  -0.000410  -0.000035  0.000410  1.000000  -0.000237  0.000035  0.000237  1.000000  1.000000  0.000000  0.000000  0.000000  1.000000  0.000000  0.000000  0.000000  1.000000  1.000000  0.000000  0.000000  0.000000  1.000000  0.000000  0.000000  0.000000  1.000000  0.000000  0.000000  
179.419012 0.018174  0.096485  -0.012112  0.987355  0.156080  0.027735  -0.157841  0.984170  0.080592  -0.014717  -0.083951  0.996361  -0.003956  0.007398  -0.000877  0.000000  0.000000  0.000000  2.000000  1.000000  0.000000  0.000000  0.000000  1.000000  0.000000  0.000000  0.000000  1.000000  1.000000  0.000399  0.000168  -0.000399  1.000000  -0.000127  -0.000168  0.000127  1.000000  1.000000  0.000000  0.000000  0.000000  1.000000  0.000000  0.000000  0.000000  1.000000  1.000000  0.000000  0.000000  0.000000  1.000000  0.000000  0.000000  0.000000  1.000000  0.000000  0.000000  
179.420258 0.018174  0.096493  -0.012120  0.987255  0.156673  0.027936  -0.158450  0.984066  0.080673  -0.014851  -0.084071  0.996349  -0.003619  0.007340  -0.001450  0.000000  0.000000  0.000000  2.000000  1.000000  0.000000  0.000000  0.000000  1.000000  0.000000  0.000000  0.000000  1.000000  0.999999  0.001003  0.000353  -0.001003  0.999999  -0.000015  -0.000353  0.000015  1.000000  1.000000  0.000000  0.000000  0.000000  1.000000  0.000000  0.000000  0.000000  1.000000  1.000000  0.000000  0.000000  0.000000  1.000000  0.000000  0.000000  0.000000  1.000000  0.000000  0.000000  
179.421260 0.018174  0.096499  -0.012127  0.987190  0.157072  0.028007  -0.158857  0.983982  0.080900  -0.014851  -0.084313  0.996329  -0.003293  0.007285  -0.001983  0.000000  0.000000  0.000000  2.000000  1.000000  0.000000  0.000000  0.000000  1.000000  0.000000  0.000000  0.000000  1.000000  0.999999  0.001208  0.000371  -0.001208  0.999999  0.000224  -0.000370  -0.000225  1.000000  1.000000  0.000000  0.000000  0.000000  1.000000  0.000000  0.000000  0.000000  1.000000  1.000000  0.000000  0.000000  0.000000  1.000000  0.000000  0.000000  0.000000  1.000000  0.000000  0.000000  
179.422261 0.018176  0.096507  -0.012134  0.987124  0.157474  0.028059  -0.159263  0.983907  0.081008  -0.014851  -0.084434  0.996318  -0.002849  0.007291  -0.002473  0.000000  0.000000  0.000000  2.000000  1.000000  0.000000  0.000000  0.000000  1.000000  0.000000  0.000000  0.000000  1.000000  0.999999  0.001618  0.000405  -0.001619  0.999999  0.000339  -0.000405  -0.000340  1.000000  1.000000  0.000000  0.000000  0.000000  1.000000  0.000000  0.000000  0.000000  1.000000  1.000000  0.000000  0.000000  0.000000  1.000000  0.000000  0.000000  0.000000  1.000000  0.000000  0.000000  
179.423511 0.018181  0.096517  -0.012142  0.987028  0.158089  0.027997  -0.159873  0.983798  0.081132  -0.014717  -0.084555  0.996310  -0.002164  0.007376  -0.003020  0.000000  0.000000  0.000000  2.000000  1.000000  0.000000  0.000000  0.000000  1.000000  0.000000  0.000000  0.000000  1.000000  0.999997  0.002245  0.000325  -0.002245  0.999997  0.000573  -0.000323  -0.000574  1.000000  1.000000  0.000000  0.000000  0.000000  1.000000  0.000000  0.000000  0.000000  1.000000  1.000000  0.000000  0.000000  0.000000  1.000000  0.000000  0.000000  0.000000  1.000000  0.000000  0.000000  
179.424757 0.018185  0.096527  -0.012150  0.986867  0.159117  0.027856  -0.160889  0.983611  0.081384  -0.014450  -0.084797  0.996293  -0.001499  0.007405  -0.003583  0.000000  0.000000  0.000000  2.000000  1.000000  0.000000  0.000000  0.000000  1.000000  0.000000  0.000000  0.000000  1.000000  0.999994  0.003498  0.000163  -0.003498  0.999994  0.000677  -0.000161  -0.000677  1.000000  1.000000  0.000000  0.000000  0.000000  1.000000  0.000000  0.000000  0.000000  1.000000  1.000000  0.000000  0.000000  0.000000  1.000000  0.000000  0.000000  0.000000  1.000000  0.000000  0.000000  
179.425761 0.018188  0.096533  -0.012157  0.986734  0.159924  0.027942  -0.161702  0.983470  0.081481  -0.014450  -0.084918  0.996283  -0.000964  0.007350  -0.004097  0.000000  0.000000  0.000000  2.000000  1.000000  0.000000  0.000000  0.000000  1.000000  0.000000  0.000000  0.000000  1.000000  0.999991  0.004319  0.000233  -0.004319  0.999990  0.000786  -0.000230  -0.000787  1.000000  1.000000  0.000000  0.000000  0.000000  1.000000  0.000000  0.000000  0.000000  1.000000  1.000000  0.000000  0.000000  0.000000  1.000000  0.000000  0.000000  0.000000  1.000000  0.000000  0.000000  
179.426762 0.018192  0.096540  -0.012165  0.986567  0.160936  0.028026  -0.162718  0.983305  0.081452  -0.014450  -0.084918  0.996283  -0.000386  0.007297  -0.004576  0.026022  -0.010133  0.172695  2.000000  1.000000  0.000059  0.000117  -0.000059  1.000000  0.000022  -0.000117  -0.000022  1.000000  0.999986  0.005344  0.000321  -0.005344  0.999985  0.000892  -0.000316  -0.000894  1.000000  1.000000  0.000030  0.000060  -0.000030  1.000000  0.000011  -0.000060  -0.000011  1.000000  1.000000  0.000059  0.000117  -0.000059  1.000000  0.000022  -0.000117  -0.000022  1.000000  0.000000  0.005428  
179.427762 0.018197  0.096547  -0.012173  0.986433  0.161742  0.028113  -0.163530  0.983162  0.081548  -0.014450  -0.085039  0.996273  0.000248  0.007267  -0.005110  0.029696  -0.012484  0.200268  2.000000  1.000000  0.000188  0.000378  -0.000188  1.000000  0.000071  -0.000378  -0.000071  1.000000  0.999981  0.006164  0.000392  -0.006165  0.999980  0.001001  -0.000385  -0.001003  0.999999  1.000000  0.000034  0.000069  -0.000034  1.000000  0.000013  -0.000069  -0.000013  1.000000  1.000000  0.000188  0.000378  -0.000188  1.000000  0.000071  -0.000378  -0.000071  1.000000  0.000050  0.006258  
179.428762 0.018204  0.096555  -0.012181  0.986296  0.162537  0.028331  -0.164342  0.983021  0.081622  -0.014584  -0.085159  0.996261  0.001000  0.007325  -0.005653  0.033251  -0.019901  0.234323  2.000000  1.000000  0.000300  0.000612  -0.000300  1.000000  0.000110  -0.000612  -0.000110  1.000000  0.999974  0.007179  0.000613  -0.007179  0.999974  0.001106  -0.000605  -0.001110  0.999999  1.000000  0.000038  0.000082  -0.000038  1.000000  0.000014  -0.000082  -0.000014  1.000000  1.000000  0.000300  0.000612  -0.000300  1.000000  0.000110  -0.000612  -0.000110  1.000000  0.000057  0.007289  
179.429862 0.018212  0.096564  -0.012189  0.986160  0.163347  0.028398  -0.165154  0.982886  0.081599  -0.014584  -0.085159  0.996261  0.001858  0.007417  -0.006160  0.032733  -0.022165  0.260983  2.000000  0.999999  0.000464  0.000962  -0.000465  1.000000  0.000165  -0.000962  -0.000165  1.000000  0.999968  0.007999  0.000683  -0.008000  0.999967  0.001093  -0.000675  -0.001099  0.999999  1.000000  0.000043  0.000091  -0.000043  1.000000  0.000014  -0.000091  -0.000014  1.000000  0.999999  0.000464  0.000962  -0.000465  1.000000  0.000165  -0.000962  -0.000165  1.000000  0.000065  0.008103  
179.431011 0.018222  0.096577  -0.012198  0.985955  0.164557  0.028519  -0.166372  0.982674  0.081683  -0.014584  -0.085280  0.996250  0.002973  0.007706  -0.006780  0.040392  -0.025754  0.303236  2.000000  0.999999  0.000649  0.001355  -0.000649  1.000000  0.000229  -0.001355  -0.000230  0.999999  0.999959  0.009024  0.000772  -0.009025  0.999958  0.001320  -0.000760  -0.001327  0.999999  1.000000  0.000048  0.000102  -0.000048  1.000000  0.000017  -0.000102  -0.000017  1.000000  0.999999  0.000649  0.001355  -0.000649  1.000000  0.000229  -0.001355  -0.000230  0.999999  0.000074  0.009154  
179.432261 0.018234  0.096590  -0.012208  0.985785  0.165576  0.028492  -0.167387  0.982492  0.081795  -0.014450  -0.085401  0.996242  0.003951  0.007972  -0.007170  0.043699  -0.024063  0.335870  2.000000  0.999998  0.000865  0.001803  -0.000865  1.000000  0.000296  -0.001803  -0.000298  0.999998  0.999947  0.010266  0.000745  -0.010267  0.999946  0.001424  -0.000730  -0.001431  0.999999  1.000000  0.000056  0.000116  -0.000056  1.000000  0.000018  -0.000116  -0.000018  1.000000  0.999998  0.000865  0.001803  -0.000865  1.000000  0.000296  -0.001803  -0.000298  0.999998  0.000085  0.010392  
179.433261 0.018245  0.096601  -0.012217  0.985614  0.166595  0.028465  -0.168402  0.982309  0.081907  -0.014316  -0.085522  0.996233  0.004725  0.008147  -0.007443  0.047276  -0.022546  0.370493  2.000000  0.999997  0.001109  0.002296  -0.001110  0.999999  0.000366  -0.002296  -0.000369  0.999997  0.999934  0.011508  0.000717  -0.011509  0.999933  0.001406  -0.000701  -0.001414  0.999999  1.000000  0.000064  0.000129  -0.000064  1.000000  0.000018  -0.000129  -0.000018  1.000000  0.999997  0.001109  0.002296  -0.001110  0.999999  0.000366  -0.002296  -0.000369  0.999997  0.000094  0.011617  
179.434511 0.018259  0.096613  -0.012229  0.985442  0.167614  0.028438  -0.169417  0.982126  0.082019  -0.014182  -0.085643  0.996225  0.005682  0.008382  -0.007557  0.051097  -0.021760  0.414717  2.000000  0.999995  0.001452  0.002974  -0.001454  0.999999  0.000462  -0.002973  -0.000467  0.999995  0.999921  0.012545  0.000674  -0.012546  0.999920  0.001635  -0.000654  -0.001643  0.999998  1.000000  0.000071  0.000140  -0.000071  1.000000  0.000020  -0.000140  -0.000020  1.000000  0.999995  0.001452  0.002974  -0.001454  0.999999  0.000462  -0.002973  -0.000467  0.999995  0.000104  0.012670  
179.435757 0.018273  0.096624  -0.012240  0.985267  0.168618  0.028563  -0.170431  0.981933  0.082228  -0.014182  -0.085885  0.996204  0.006591  0.008556  -0.007762  0.058755  -0.024749  0.449200  2.000000  0.999991  0.001825  0.003709  -0.001827  0.999998  0.000568  -0.003708  -0.000574  0.999993  0.999908  0.013570  0.000764  -0.013571  0.999906  0.001740  -0.000740  -0.001750  0.999998  1.000000  0.000077  0.000152  -0.000077  1.000000  0.000022  -0.000152  -0.000022  1.000000  0.999991  0.001825  0.003709  -0.001827  0.999998  0.000568  -0.003708  -0.000574  0.999993  0.000113  0.013704  
179.436759 0.018283  0.096631  -0.012249  0.985092  0.169625  0.028669  -0.171445  0.981749  0.082318  -0.014182  -0.086006  0.996194  0.007226  0.008537  -0.007937  0.062332  -0.027715  0.483652  2.000000  0.999988  0.002145  0.004346  -0.002148  0.999997  0.000661  -0.004344  -0.000670  0.999990  0.999890  0.014800  0.000873  -0.014802  0.999889  0.001964  -0.000844  -0.001976  0.999998  1.000000  0.000083  0.000166  -0.000083  1.000000  0.000025  -0.000166  -0.000025  1.000000  0.999988  0.002145  0.004346  -0.002148  0.999997  0.000661  -0.004344  -0.000670  0.999990  0.000122  0.014957  
179.438008 0.018298  0.096639  -0.012263  0.984877  0.170820  0.028943  -0.172662  0.981520  0.082498  -0.014316  -0.086247  0.996171  0.007956  0.008415  -0.008278  0.069761  -0.036380  0.531579  2.000000  0.999983  0.002573  0.005213  -0.002578  0.999996  0.000786  -0.005211  -0.000799  0.999986  0.999874  0.015814  0.001097  -0.015816  0.999873  0.002067  -0.001064  -0.002084  0.999997  1.000000  0.000087  0.000178  -0.000087  1.000000  0.000026  -0.000178  -0.000026  1.000000  0.999983  0.002573  0.005213  -0.002578  0.999996  0.000786  -0.005211  -0.000799  0.999986  0.000134  0.015988  
179.439054 0.018310  0.096644  -0.012275  0.984699  0.171826  0.029049  -0.173675  0.981334  0.082587  -0.014316  -0.086368  0.996160  0.008565  0.008208  -0.008669  0.073224  -0.039298  0.565175  2.000000  0.999979  0.002842  0.005764  -0.002847  0.999996  0.000869  -0.005761  -0.000886  0.999983  0.999864  0.016429  0.001154  -0.016432  0.999862  0.002300  -0.001116  -0.002318  0.999997  1.000000  0.000090  0.000185  -0.000090  1.000000  0.000029  -0.000185  -0.000029  1.000000  0.999979  0.002842  0.005764  -0.002847  0.999996  0.000869  -0.005761  -0.000886  0.999983  0.000143  0.016631  
179.440259 0.018324  0.096649  -0.012294  0.984520  0.172829  0.029176  -0.174689  0.981136  0.082795  -0.014316  -0.086610  0.996139  0.009173  0.007903  -0.009338  0.084372  -0.041995  0.595600  2.000000  0.999974  0.003215  0.006518  -0.003222  0.999994  0.000987  -0.006515  -0.001008  0.999978  0.999857  0.016850  0.001060  -0.016853  0.999855  0.002415  -0.001019  -0.002432  0.999997  1.000000  0.000094  0.000189  -0.000094  1.000000  0.000030  -0.000189  -0.000030  1.000000  0.999974  0.003215  0.006518  -0.003222  0.999994  0.000987  -0.006515  -0.001008  0.999978  0.000152  0.017057  
179.441319 0.018334  0.096651  -0.012309  0.984410  0.173417  0.029400  -0.175297  0.981011  0.082991  -0.014450  -0.086851  0.996116  0.009667  0.007583  -0.009882  0.092691  -0.048567  0.619544  2.000000  0.999967  0.003592  0.007282  -0.003600  0.999993  0.001107  -0.007278  -0.001133  0.999973  0.999854  0.017055  0.001080  -0.017058  0.999852  0.002409  -0.001039  -0.002427  0.999997  1.000000  0.000095  0.000191  -0.000095  1.000000  0.000030  -0.000191  -0.000030  1.000000  0.999967  0.003592  0.007282  -0.003600  0.999993  0.001107  -0.007278  -0.001133  0.999973  0.000157  0.017260  
179.442514 0.018348  0.096652  -0.012329  0.984265  0.174217  0.029511  -0.176107  0.980848  0.083205  -0.014450  -0.087093  0.996095  0.010148  0.007162  -0.010567  0.100505  -0.051685  0.655102  2.000000  0.999962  0.003879  0.007861  -0.003888  0.999992  0.001200  -0.007856  -0.001230  0.999968  0.999850  0.017260  0.001102  -0.017263  0.999848  0.002527  -0.001058  -0.002546  0.999996  1.000000  0.000096  0.000194  -0.000096  1.000000  0.000032  -0.000194  -0.000032  1.000000  0.999962  0.003879  0.007861  -0.003888  0.999992  0.001200  -0.007856  -0.001230  0.999968  0.000164  0.017481  
179.443764 0.018362  0.096655  -0.012349  0.984120  0.175018  0.029622  -0.176918  0.980684  0.083419  -0.014450  -0.087335  0.996074  0.010583  0.006576  -0.011272  0.108268  -0.054139  0.682745  2.000000  0.999951  0.004371  0.008858  -0.004384  0.999989  0.001361  -0.008852  -0.001400  0.999960  0.999840  0.017875  0.001160  -0.017878  0.999837  0.002638  -0.001112  -0.002659  0.999996  1.000000  0.000099  0.000201  -0.000099  1.000000  0.000033  -0.000201  -0.000033  1.000000  0.999951  0.004371  0.008858  -0.004384  0.999989  0.001361  -0.008852  -0.001400  0.999960  0.000174  0.018108  
179.445033 0.018378  0.096659  -0.012369  0.983974  0.175818  0.029733  -0.177728  0.980519  0.083632  -0.014450  -0.087576  0.996053  0.010960  0.006061  -0.011974  0.115932  -0.056552  0.709781  2.000000  0.999939  0.004870  0.009877  -0.004886  0.999987  0.001525  -0.009869  -0.001573  0.999950  0.999836  0.018068  0.001315  -0.018071  0.999833  0.002635  -0.001268  -0.002658  0.999996  1.000000  0.000099  0.000204  -0.000099  1.000000  0.000033  -0.000204  -0.000033  1.000000  0.999939  0.004870  0.009877  -0.004886  0.999987  0.001525  -0.009869  -0.001573  0.999950  0.000181  0.018309  
179.446261 0.018393  0.096663  -0.012388  0.983825  0.176607  0.029976  -0.178538  0.980356  0.083822  -0.014584  -0.087818  0.996030  0.011265  0.005495  -0.012694  0.122668  -0.063636  0.738653  2.000000  0.999929  0.005257  0.010699  -0.005275  0.999985  0.001659  -0.010690  -0.001715  0.999941  0.999836  0.018044  0.001586  -0.018048  0.999833  0.002754  -0.001536  -0.002782  0.999995  1.000000  0.000096  0.000205  -0.000096  1.000000  0.000035  -0.000205  -0.000035  1.000000  0.999929  0.005257  0.010699  -0.005275  0.999985  0.001659  -0.010690  -0.001715  0.999941  0.000190  0.018325  
179.447512 0.018406  0.096668  -0.012406  0.983751  0.177007  0.030032  -0.178943  0.980273  0.083928  -0.014584  -0.087939  0.996019  0.011317  0.004910  -0.013113  0.127814  -0.063589  0.737587  2.000000  0.999918  0.005630  0.011518  -0.005651  0.999982  0.001798  -0.011508  -0.001863  0.999932  0.999840  0.017827  0.001706  -0.017832  0.999837  0.002878  -0.001654  -0.002908  0.999994  1.000000  0.000093  0.000204  -0.000093  1.000000  0.000036  -0.000204  -0.000036  1.000000  0.999918  0.005630  0.011518  -0.005651  0.999982  0.001798  -0.011508  -0.001863  0.999932  0.000192  0.018142  
179.448514 0.018418  0.096672  -0.012420  0.983676  0.177395  0.030219  -0.179348  0.980192  0.084011  -0.014717  -0.088059  0.996007  0.011350  0.004473  -0.013419  0.127798  -0.063074  0.730579  2.000000  0.999906  0.005992  0.012312  -0.006016  0.999980  0.001936  -0.012300  -0.002010  0.999922  0.999854  0.017007  0.001636  -0.017011  0.999851  0.002892  -0.001586  -0.002919  0.999994  1.000000  0.000089  0.000194  -0.000089  1.000000  0.000036  -0.000194  -0.000036  1.000000  0.999906  0.005992  0.012312  -0.006016  0.999980  0.001936  -0.012300  -0.002010  0.999922  0.000189  0.017331  
179.449762 0.018432  0.096677  -0.012437  0.983565  0.177997  0.030292  -0.179955  0.980072  0.084111  -0.014717  -0.088180  0.995996  0.011312  0.004089  -0.013764  0.127772  -0.058693  0.731086  2.000000  0.999891  0.006421  0.013276  -0.006449  0.999977  0.002111  -0.013262  -0.002196  0.999910  0.999861  0.016585  0.001735  -0.016590  0.999858  0.002896  -0.001687  -0.002925  0.999994  1.000000  0.000085  0.000190  -0.000085  1.000000  0.000036  -0.000190  -0.000036  1.000000  0.999891  0.006421  0.013276  -0.006449  0.999977  0.002111  -0.013262  -0.002196  0.999910  0.000187  0.016928  
179.451011 0.018443  0.096680  -0.012455  0.983491  0.178397  0.030349  -0.180360  0.979989  0.084217  -0.014717  -0.088301  0.995985  0.011186  0.003550  -0.014274  0.126623  -0.058892  0.731925  2.000000  0.999876  0.006839  0.014203  -0.006872  0.999974  0.002282  -0.014187  -0.002380  0.999897  0.999871  0.015981  0.001547  -0.015986  0.999868  0.002785  -0.001503  -0.002809  0.999995  1.000000  0.000083  0.000183  -0.000083  1.000000  0.000035  -0.000183  -0.000035  1.000000  0.999876  0.006839  0.014203  -0.006872  0.999974  0.002282  -0.014187  -0.002380  0.999897  0.000190  0.016299  
179.452257 0.018452  0.096682  -0.012475  0.983414  0.178788  0.030514  -0.180765  0.979917  0.084181  -0.014851  -0.088301  0.995983  0.010858  0.003173  -0.014689  0.118592  -0.062833  0.724712  2.000000  0.999860  0.007237  0.015093  -0.007275  0.999971  0.002456  -0.015075  -0.002565  0.999883  0.999884  0.015149  0.001610  -0.015154  0.999881  0.002796  -0.001567  -0.002820  0.999995  1.000000  0.000077  0.000174  -0.000078  1.000000  0.000035  -0.000174  -0.000035  1.000000  0.999860  0.007237  0.015093  -0.007275  0.999971  0.002456  -0.015075  -0.002565  0.999883  0.000188  0.015492  
179.453259 0.018458  0.096682  -0.012491  0.983340  0.179188  0.030571  -0.181170  0.979833  0.084287  -0.014851  -0.088421  0.995972  0.010498  0.002735  -0.015082  0.119731  -0.067328  0.723461  2.000000  0.999847  0.007528  0.015763  -0.007570  0.999968  0.002592  -0.015743  -0.002710  0.999872  0.999899  0.014112  0.001653  -0.014117  0.999896  0.002813  -0.001613  -0.002836  0.999995  1.000000  0.000071  0.000163  -0.000071  1.000000  0.000035  -0.000163  -0.000035  1.000000  0.999847  0.007528  0.015763  -0.007570  0.999968  0.002592  -0.015743  -0.002710  0.999872  0.000187  0.014487  
179.454507 0.018465  0.096682  -0.012512  0.983300  0.179378  0.030719  -0.181372  0.979799  0.084257  -0.014985  -0.088421  0.995970  0.010006  0.002360  -0.015366  0.115048  -0.078362  0.695796  2.000000  0.999835  0.007798  0.016407  -0.007844  0.999966  0.002728  -0.016385  -0.002856  0.999862  0.999905  0.013678  0.001885  -0.013684  0.999902  0.002817  -0.001846  -0.002843  0.999994  1.000000  0.000065  0.000160  -0.000065  1.000000  0.000035  -0.000160  -0.000035  1.000000  0.999835  0.007798  0.016407  -0.007844  0.999966  0.002728  -0.016385  -0.002856  0.999862  0.000181  0.014095  
179.455507 0.018471  0.096680  -0.012529  0.983263  0.179580  0.030737  -0.181574  0.979762  0.084250  -0.014985  -0.088421  0.995970  0.009580  0.002045  -0.015484  0.108270  -0.076709  0.674074  2.000000  0.999823  0.008040  0.017018  -0.008090  0.999963  0.002861  -0.016994  -0.002998  0.999851  0.999916  0.012847  0.001945  -0.012852  0.999914  0.002709  -0.001910  -0.002734  0.999994  1.000000  0.000059  0.000151  -0.000059  1.000000  0.000034  -0.000151  -0.000034  1.000000  0.999823  0.008040  0.017018  -0.008090  0.999963  0.002861  -0.016994  -0.002998  0.999851  0.000176  0.013275  
179.456567 0.018476  0.096680  -0.012545  0.983226  0.179778  0.030776  -0.181777  0.979714  0.084363  -0.014985  -0.088542  0.995960  0.009185  0.001924  -0.015451  0.112514  -0.074190  0.645113  2.000000  0.999811  0.008265  0.017603  -0.008319  0.999961  0.002992  -0.017577  -0.003138  0.999841  0.999923  0.012231  0.001892  -0.012236  0.999921  0.002719  -0.001859  -0.002742  0.999995  1.000000  0.000056  0.000144  -0.000056  1.000000  0.000034  -0.000144  -0.000034  1.000000  0.999811  0.008265  0.017603  -0.008319  0.999961  0.002992  -0.017577  -0.003138  0.999841  0.000169  0.012675  
179.457762 0.018481  0.096680  -0.012566  0.983188  0.179976  0.030815  -0.181979  0.979667  0.084475  -0.014985  -0.088663  0.995949  0.008640  0.001818  -0.015531  0.114180  -0.067506  0.617577  2.000000  0.999799  0.008479  0.018162  -0.008537  0.999959  0.003118  -0.018134  -0.003273  0.999830  0.999931  0.011616  0.001839  -0.011621  0.999929  0.002608  -0.001809  -0.002629  0.999995  1.000000  0.000053  0.000137  -0.000053  1.000000  0.000033  -0.000137  -0.000033  1.000000  0.999799  0.008479  0.018162  -0.008537  0.999959  0.003118  -0.018134  -0.003273  0.999830  0.000163  0.012049  
179.459007 0.018486  0.096679  -0.012588  0.983149  0.180162  0.030985  -0.182181  0.979622  0.084564  -0.015119  -0.088783  0.995936  0.008059  0.001587  -0.015632  0.112446  -0.069707  0.593243  2.000000  0.999785  0.008718  0.018816  -0.008781  0.999956  0.003274  -0.018787  -0.003438  0.999818  0.999942  0.010579  0.001882  -0.010584  0.999941  0.002623  -0.001855  -0.002643  0.999995  1.000000  0.000046  0.000126  -0.000046  1.000000  0.000033  -0.000126  -0.000033  1.000000  0.999785  0.008718  0.018816  -0.008781  0.999956  0.003274  -0.018787  -0.003438  0.999818  0.000156  0.011063  
179.460014 0.018490  0.096677  -0.012607  0.983149  0.180158  0.031007  -0.182181  0.979612  0.084682  -0.015119  -0.088904  0.995925  0.007493  0.001257  -0.015845  0.113883  -0.067339  0.563642  2.000000  0.999774  0.008891  0.019289  -0.008958  0.999954  0.003394  -0.019258  -0.003566  0.999808  0.999953  0.009565  0.001658  -0.009569  0.999951  0.002397  -0.001635  -0.002413  0.999996  1.000000  0.000042  0.000114  -0.000042  1.000000  0.000030  -0.000114  -0.000030  1.000000  0.999774  0.008891  0.019289  -0.008958  0.999954  0.003394  -0.019258  -0.003566  0.999808  0.000149  0.010002  
179.461259 0.018494  0.096675  -0.012632  0.983109  0.180345  0.031177  -0.182383  0.979566  0.084770  -0.015252  -0.089025  0.995913  0.006761  0.000818  -0.016249  0.118649  -0.073427  0.529171  2.000000  0.999763  0.009067  0.019809  -0.009139  0.999952  0.003539  -0.019776  -0.003719  0.999798  0.999966  0.008118  0.001665  -0.008122  0.999964  0.002419  -0.001646  -0.002432  0.999996  1.000000  0.000033  0.000098  -0.000033  1.000000  0.000030  -0.000098  -0.000030  1.000000  0.999763  0.009067  0.019809  -0.009139  0.999952  0.003539  -0.019776  -0.003719  0.999798  0.000141  0.008635  
179.462260 0.018496  0.096671  -0.012654  0.983107  0.180329  0.031330  -0.182383  0.979558  0.084865  -0.015386  -0.089146  0.995900  0.006076  0.000229  -0.016799  0.117765  -0.075421  0.503108  2.000000  0.999756  0.009157  0.020090  -0.009232  0.999951  0.003622  -0.020056  -0.003806  0.999792  0.999971  0.007503  0.001611  -0.007506  0.999969  0.002185  -0.001594  -0.002197  0.999996  1.000000  0.000030  0.000091  -0.000030  1.000000  0.000027  -0.000091  -0.000027  1.000000  0.999756  0.009157  0.020090  -0.009232  0.999951  0.003622  -0.020056  -0.003806  0.999792  0.000133  0.007980  
179.463275 0.018497  0.096668  -0.012676  0.983070  0.180527  0.031370  -0.182585  0.979511  0.084977  -0.015386  -0.089266  0.995889  0.005384  -0.000255  -0.017322  0.119273  -0.082010  0.471833  2.000000  0.999748  0.009270  0.020449  -0.009348  0.999949  0.003731  -0.020414  -0.003921  0.999784  0.999974  0.007093  0.001575  -0.007096  0.999972  0.002192  -0.001559  -0.002203  0.999996  1.000000  0.000027  0.000087  -0.000027  1.000000  0.000027  -0.000087  -0.000027  1.000000  0.999748  0.009270  0.020449  -0.009348  0.999949  0.003731  -0.020414  -0.003921  0.999784  0.000127  0.007590  
179.464512 0.018500  0.096665  -0.012703  0.983030  0.180717  0.031518  -0.182787  0.979476  0.084947  -0.015520  -0.089266  0.995887  0.004618  -0.000813  -0.018035  0.115641  -0.084143  0.444120  2.000000  0.999739  0.009386  0.020846  -0.009469  0.999948  0.003856  -0.020809  -0.004052  0.999775  0.999980  0.006067  0.001484  -0.006070  0.999980  0.001965  -0.001472  -0.001974  0.999997  1.000000  0.000022  0.000075  -0.000022  1.000000  0.000025  -0.000075  -0.000025  1.000000  0.999739  0.009386  0.020846  -0.009469  0.999948  0.003856  -0.020809  -0.004052  0.999775  0.000118  0.006549  
179.465762 0.018501  0.096662  -0.012729  0.983030  0.180713  0.031540  -0.182787  0.979466  0.085065  -0.015520  -0.089387  0.995876  0.003918  -0.001269  -0.018583  0.112054  -0.081175  0.409555  2.000000  0.999730  0.009475  0.021202  -0.009561  0.999946  0.003972  -0.021163  -0.004173  0.999767  0.999985  0.005235  0.001544  -0.005238  0.999985  0.001856  -0.001535  -0.001865  0.999997  1.000000  0.000016  0.000066  -0.000016  1.000000  0.000023  -0.000066  -0.000023  1.000000  0.999730  0.009475  0.021202  -0.009561  0.999946  0.003972  -0.021163  -0.004173  0.999767  0.000112  0.005766  
179.467005 0.018501  0.096658  -0.012755  0.983028  0.180701  0.031671  -0.182787  0.979468  0.085041  -0.015654  -0.089387  0.995874  0.003403  -0.001569  -0.018975  0.107588  -0.081976  0.371662  2.000000  0.999727  0.009505  0.021333  -0.009593  0.999946  0.004015  -0.021293  -0.004219  0.999764  0.999989  0.004427  0.001338  -0.004429  0.999989  0.001627  -0.001330  -0.001633  0.999998  1.000000  0.000000  0.000000  0.000000  1.000000  0.000000  0.000000  0.000000  1.000000  0.999727  0.009505  0.021333  -0.009593  0.999946  0.004015  -0.021293  -0.004219  0.999764  0.000101  0.000000  
179.468011 0.018501  0.096655  -0.012776  0.983028  0.180701  0.031671  -0.182787  0.979468  0.085041  -0.015654  -0.089387  0.995874  0.002906  -0.001857  -0.019328  0.098028  -0.074117  0.323200  2.000000  0.999727  0.009505  0.021333  -0.009593  0.999946  0.004015  -0.021293  -0.004219  0.999764  0.999992  0.003800  0.001416  -0.003802  0.999992  0.001394  -0.001410  -0.001399  0.999998  1.000000  0.000000  0.000000  0.000000  1.000000  0.000000  0.000000  0.000000  1.000000  0.999727  0.009505  0.021333  -0.009593  0.999946  0.004015  -0.021293  -0.004219  0.999764  0.000093  0.000000  
179.469259 0.018501  0.096650  -0.012801  0.983026  0.180689  0.031802  -0.182786  0.979470  0.085017  -0.015788  -0.089387  0.995872  0.002412  -0.002113  -0.019616  0.093605  -0.075633  0.292746  2.000000  0.999727  0.009505  0.021333  -0.009593  0.999946  0.004015  -0.021293  -0.004219  0.999764  0.999993  0.003390  0.001379  -0.003391  0.999993  0.001279  -0.001375  -0.001283  0.999998  1.000000  0.000000  0.000000  0.000000  1.000000  0.000000  0.000000  0.000000  1.000000  0.999727  0.009505  0.021333  -0.009593  0.999946  0.004015  -0.021293  -0.004219  0.999764  0.000083  0.000000  
179.470507 0.018501  0.096648  -0.012825  0.982986  0.180879  0.031951  -0.182988  0.979435  0.084986  -0.015921  -0.089386  0.995870  0.002059  -0.002175  -0.019739  0.084783  -0.073041  0.269079  2.000000  0.999727  0.009505  0.021333  -0.009593  0.999946  0.004015  -0.021293  -0.004219  0.999764  0.999995  0.002968  0.001475  -0.002969  0.999995  0.001163  -0.001472  -0.001168  0.999998  1.000000  0.000000  0.000000  0.000000  1.000000  0.000000  0.000000  0.000000  1.000000  0.999727  0.009505  0.021333  -0.009593  0.999946  0.004015  -0.021293  -0.004219  0.999764  0.000076  0.000000  
179.471755 0.018502  0.096645  -0.012850  0.982984  0.180868  0.032082  -0.182988  0.979437  0.084961  -0.016055  -0.089386  0.995868  0.001633  -0.002355  -0.020091  0.081047  -0.075697  0.248213  2.000000  0.999727  0.009505  0.021333  -0.009593  0.999946  0.004015  -0.021293  -0.004219  0.999764  0.999996  0.002546  0.001572  -0.002547  0.999996  0.001048  -0.001569  -0.001052  0.999998  1.000000  0.000000  0.000000  0.000000  1.000000  0.000000  0.000000  0.000000  1.000000  0.999727  0.009505  0.021333  -0.009593  0.999946  0.004015  -0.021293  -0.004219  0.999764  0.000069  0.000000  
179.472758 0.018502  0.096644  -0.012868  0.982982  0.180860  0.032191  -0.182987  0.979450  0.084818  -0.016189  -0.089265  0.995876  0.001409  -0.002353  -0.020163  0.069207  -0.078331  0.227283  2.000000  0.999727  0.009505  0.021333  -0.009593  0.999946  0.004015  -0.021293  -0.004219  0.999764  0.999997  0.002136  0.001535  -0.002137  0.999997  0.001055  -0.001533  -0.001058  0.999998  1.000000  0.000000  0.000000  0.000000  1.000000  0.000000  0.000000  0.000000  1.000000  0.999727  0.009505  0.021333  -0.009593  0.999946  0.004015  -0.021293  -0.004219  0.999764  0.000064  0.000000  
179.474007 0.018502  0.096643  -0.012892  0.982982  0.180860  0.032191  -0.182987  0.979450  0.084818  -0.016189  -0.089265  0.995876  0.001084  -0.002364  -0.020320  0.061663  -0.075350  0.193151  2.000000  0.999727  0.009505  0.021333  -0.009593  0.999946  0.004015  -0.021293  -0.004219  0.999764  0.999997  0.001726  0.001498  -0.001727  0.999998  0.000819  -0.001497  -0.000822  0.999999  1.000000  0.000000  0.000000  0.000000  1.000000  0.000000  0.000000  0.000000  1.000000  0.999727  0.009505  0.021333  -0.009593  0.999946  0.004015  -0.021293  -0.004219  0.999764  0.000056  0.000000  
179.475009 0.018503  0.096643  -0.012913  0.982982  0.180860  0.032191  -0.182987  0.979450  0.084818  -0.016189  -0.089265  0.995876  0.000865  -0.002313  -0.020408  0.053916  -0.073588  0.172715  2.000000  0.999727  0.009505  0.021333  -0.009593  0.999946  0.004015  -0.021293  -0.004219  0.999764  0.999998  0.001533  0.001346  -0.001534  0.999998  0.000822  -0.001345  -0.000824  0.999999  1.000000  0.000000  0.000000  0.000000  1.000000  0.000000  0.000000  0.000000  1.000000  0.999727  0.009505  0.021333  -0.009593  0.999946  0.004015  -0.021293  -0.004219  0.999764  0.000051  0.000000  
179.476267 0.018505  0.096642  -0.012939  0.982980  0.180848  0.032322  -0.182987  0.979452  0.084794  -0.016323  -0.089265  0.995874  0.000652  -0.002171  -0.020385  0.000000  0.000000  0.000000  2.000000  0.999727  0.009505  0.021333  -0.009593  0.999946  0.004015  -0.021293  -0.004219  0.999764  0.999998  0.001316  0.001461  -0.001317  0.999999  0.000704  -0.001460  -0.000706  0.999999  1.000000  0.000000  0.000000  0.000000  1.000000  0.000000  0.000000  0.000000  1.000000  0.999727  0.009505  0.021333  -0.009593  0.999946  0.004015  -0.021293  -0.004219  0.999764  0.000000  0.000000  
179.477269 0.018506  0.096641  -0.012960  0.982978  0.180832  0.032475  -0.182987  0.979444  0.084888  -0.016456  -0.089386  0.995861  0.000652  -0.002015  -0.020335  0.000000  0.000000  0.000000  2.000000  0.999727  0.009505  0.021333  -0.009593  0.999946  0.004015  -0.021293  -0.004219  0.999764  0.999998  0.001099  0.001576  -0.001100  0.999999  0.000829  -0.001575  -0.000831  0.999998  1.000000  0.000000  0.000000  0.000000  1.000000  0.000000  0.000000  0.000000  1.000000  0.999727  0.009505  0.021333  -0.009593  0.999946  0.004015  -0.021293  -0.004219  0.999764  0.000000  0.000000  
179.478507 0.018507  0.096640  -0.012986  0.982975  0.180821  0.032606  -0.182986  0.979446  0.084864  -0.016590  -0.089385  0.995859  0.000628  -0.001810  -0.020320  0.000000  0.000000  0.000000  2.000000  0.999727  0.009505  0.021333  -0.009593  0.999946  0.004015  -0.021293  -0.004219  0.999764  0.999998  0.000894  0.001558  -0.000895  0.999999  0.000711  -0.001557  -0.000712  0.999999  1.000000  0.000000  0.000000  0.000000  1.000000  0.000000  0.000000  0.000000  1.000000  0.999727  0.009505  0.021333  -0.009593  0.999946  0.004015  -0.021293  -0.004219  0.999764  0.000000  0.000000  
179.479509 0.018508  0.096639  -0.013007  0.982936  0.181010  0.032754  -0.183188  0.979411  0.084833  -0.016724  -0.089385  0.995857  0.000578  -0.001746  -0.020262  0.000000  0.000000  0.000000  2.000000  0.999727  0.009505  0.021333  -0.009593  0.999946  0.004015  -0.021293  -0.004219  0.999764  0.999998  0.000882  0.001691  -0.000883  0.999999  0.000589  -0.001691  -0.000591  0.999998  1.000000  0.000000  0.000000  0.000000  1.000000  0.000000  0.000000  0.000000  1.000000  0.999727  0.009505  0.021333  -0.009593  0.999946  0.004015  -0.021293  -0.004219  0.999764  0.000000  0.000000  
179.480510 0.018511  0.096639  -0.013028  0.982933  0.180999  0.032885  -0.183188  0.979413  0.084808  -0.016858  -0.089385  0.995854  0.000657  -0.001566  -0.020256  0.000000  0.000000  0.000000  2.000000  0.999727  0.009505  0.021333  -0.009593  0.999946  0.004015  -0.021293  -0.004219  0.999764  0.999998  0.000870  0.001824  -0.000870  1.000000  0.000468  -0.001824  -0.000470  0.999998  1.000000  0.000000  0.000000  0.000000  1.000000  0.000000  0.000000  0.000000  1.000000  0.999727  0.009505  0.021333  -0.009593  0.999946  0.004015  -0.021293  -0.004219  0.999764  0.000000  0.000000  
179.481511 0.018513  0.096638  -0.013049  0.982931  0.180987  0.033016  -0.183187  0.979415  0.084784  -0.016992  -0.089385  0.995852  0.000824  -0.001388  -0.020226  0.000000  0.000000  0.000000  2.000000  0.999727  0.009505  0.021333  -0.009593  0.999946  0.004015  -0.021293  -0.004219  0.999764  0.999998  0.000665  0.001806  -0.000665  1.000000  0.000350  -0.001806  -0.000351  0.999998  1.000000  0.000000  0.000000  0.000000  1.000000  0.000000  0.000000  0.000000  1.000000  0.999727  0.009505  0.021333  -0.009593  0.999946  0.004015  -0.021293  -0.004219  0.999764  0.000000  0.000000  
179.482756 0.018517  0.096638  -0.013076  0.982889  0.181161  0.033317  -0.183389  0.979372  0.084847  -0.017259  -0.089505  0.995837  0.001077  -0.001107  -0.020339  0.000000  0.000000  0.000000  2.000000  0.999727  0.009505  0.021333  -0.009593  0.999946  0.004015  -0.021293  -0.004219  0.999764  0.999998  0.000664  0.001806  -0.000665  1.000000  0.000350  -0.001806  -0.000351  0.999998  1.000000  0.000000  0.000000  0.000000  1.000000  0.000000  0.000000  0.000000  1.000000  0.999727  0.009505  0.021333  -0.009593  0.999946  0.004015  -0.021293  -0.004219  0.999764  0.000000  0.000000  
179.483762 0.018521  0.096638  -0.013098  0.982887  0.181149  0.033448  -0.183388  0.979374  0.084823  -0.017393  -0.089505  0.995834  0.001335  -0.000917  -0.020477  0.000000  0.000000  0.000000  2.000000  0.999727  0.009505  0.021333  -0.009593  0.999946  0.004015  -0.021293  -0.004219  0.999764  0.999998  0.000652  0.001939  -0.000653  1.000000  0.000229  -0.001939  -0.000230  0.999998  1.000000  0.000000  0.000000  0.000000  1.000000  0.000000  0.000000  0.000000  1.000000  0.999727  0.009505  0.021333  -0.009593  0.999946  0.004015  -0.021293  -0.004219  0.999764  0.000000  0.000000  
179.485004 0.018525  0.096638  -0.013126  0.982847  0.181339  0.033597  -0.183590  0.979339  0.084791  -0.017527  -0.089505  0.995832  0.001608  -0.000698  -0.020702  0.000000  0.000000  0.000000  2.000000  0.999727  0.009505  0.021333  -0.009593  0.999946  0.004015  -0.021293  -0.004219  0.999764  0.999998  0.000640  0.002073  -0.000641  1.000000  0.000228  -0.002072  -0.000230  0.999998  1.000000  0.000000  0.000000  0.000000  1.000000  0.000000  0.000000  0.000000  1.000000  0.999727  0.009505  0.021333  -0.009593  0.999946  0.004015  -0.021293  -0.004219  0.999764  0.000000  0.000000  
179.486007 0.018530  0.096639  -0.013149  0.982844  0.181327  0.033728  -0.183590  0.979341  0.084767  -0.017661  -0.089505  0.995830  0.001911  -0.000467  -0.020981  0.000000  0.000000  0.000000  2.000000  0.999727  0.009505  0.021333  -0.009593  0.999946  0.004015  -0.021293  -0.004219  0.999764  0.999997  0.000628  0.002206  -0.000629  1.000000  0.000107  -0.002206  -0.000108  0.999998  1.000000  0.000000  0.000000  0.000000  1.000000  0.000000  0.000000  0.000000  1.000000  0.999727  0.009505  0.021333  -0.009593  0.999946  0.004015  -0.021293  -0.004219  0.999764  0.000000  0.000000  
179.487009 0.018535  0.096640  -0.013172  0.982804  0.181517  0.033876  -0.183792  0.979306  0.084735  -0.017794  -0.089504  0.995827  0.002237  -0.000349  -0.021227  0.000000  0.000000  0.000000  2.000000  0.999727  0.009505  0.021333  -0.009593  0.999946  0.004015  -0.021293  -0.004219  0.999764  0.999997  0.000616  0.002339  -0.000617  1.000000  0.000107  -0.002339  -0.000108  0.999997  1.000000  0.000000  0.000000  0.000000  1.000000  0.000000  0.000000  0.000000  1.000000  0.999727  0.009505  0.021333  -0.009593  0.999946  0.004015  -0.021293  -0.004219  0.999764  0.000000  0.000000  
179.488257 0.018542  0.096641  -0.013200  0.982799  0.181489  0.034160  -0.183791  0.979300  0.084805  -0.018062  -0.089625  0.995812  0.002697  -0.000174  -0.021517  0.000000  0.000000  0.000000  2.000000  0.999727  0.009505  0.021333  -0.009593  0.999946  0.004015  -0.021293  -0.004219  0.999764  0.999997  0.000821  0.002358  -0.000822  1.000000  0.000224  -0.002357  -0.000226  0.999997  1.000000  0.000000  0.000000  0.000000  1.000000  0.000000  0.000000  0.000000  1.000000  0.999727  0.009505  0.021333  -0.009593  0.999946  0.004015  -0.021293  -0.004219  0.999764  0.000000  0.000000  
179.489319 0.018548  0.096643  -0.013222  0.982762  0.181691  0.034178  -0.183993  0.979263  0.084798  -0.018062  -0.089625  0.995812  0.003065  -0.000014  -0.021574  0.000000  0.000000  0.000000  2.000000  0.999727  0.009505  0.021333  -0.009593  0.999946  0.004015  -0.021293  -0.004219  0.999764  0.999997  0.001026  0.002376  -0.001027  0.999999  0.000220  -0.002376  -0.000223  0.999997  1.000000  0.000000  0.000000  0.000000  1.000000  0.000000  0.000000  0.000000  1.000000  0.999727  0.009505  0.021333  -0.009593  0.999946  0.004015  -0.021293  -0.004219  0.999764  0.000000  0.000000  
