1-Time 2-Px 3-Py 4-Pz 5-R11 6-R21 7-R31 8-R12 9-R22 10-R32 11-R13 12-R23 13-R33 14-Vx 15-Vy 16-Vz 17-Wx 18-Wy 19-Wz 20-state 21-PR11 22-PR21 23-PR31 24-PR12 25-PR22 26-PR32 27-PR13 28-PR23 29-PR33 
181.446271 0.002079  0.092654  -0.002818  0.985159  -0.016136  0.170886  -0.170621  0.016582  0.985197  -0.018731  -0.999732  0.013582  -0.000026  0.000033  -0.000116  0.000000  0.000000  0.000000  2.000000  1.000000  0.000000  0.000000  0.000000  -0.000000  1.000000  0.000000  -1.000000  -0.000000  0.999999  0.000014  0.001029  -0.000014  1.000000  0.000102  -0.001029  -0.000102  0.999999  1.000000  0.000000  0.000000  0.000000  1.000000  0.000000  0.000000  0.000000  1.000000  0.633510  0.668141  0.390195  -0.424037  -0.122017  0.897387  0.647192  -0.733962  0.206018  0.000000  0.000000  
181.447277 0.002078  0.092654  -0.002819  0.985123  -0.016133  0.171089  -0.170824  0.016585  0.985162  -0.018731  -0.999732  0.013582  -0.000043  0.000003  -0.000168  0.000000  0.000000  0.000000  2.000000  1.000000  0.000000  0.000000  0.000000  -0.000000  1.000000  0.000000  -1.000000  -0.000000  0.999999  0.000017  0.001235  -0.000017  1.000000  0.000098  -0.001235  -0.000098  0.999999  1.000000  0.000000  0.000000  0.000000  1.000000  0.000000  0.000000  0.000000  1.000000  1.000000  0.000000  0.000000  0.000000  -0.000000  1.000000  0.000000  -1.000000  -0.000000  0.000000  0.000000  
181.448527 0.002078  0.092652  -0.002821  0.985116  -0.016528  0.171094  -0.170823  0.016654  0.985161  -0.019132  -0.999725  0.013582  -0.000085  -0.000152  -0.000262  0.000000  0.000000  0.000000  2.000000  1.000000  0.000000  0.000000  0.000000  -0.000000  1.000000  0.000000  -1.000000  -0.000000  0.999999  -0.000254  0.001033  0.000253  1.000000  0.000102  -0.001033  -0.000102  0.999999  1.000000  0.000000  0.000000  0.000000  1.000000  0.000000  0.000000  0.000000  1.000000  1.000000  0.000000  0.000000  0.000000  -0.000000  1.000000  0.000000  -1.000000  -0.000000  0.000000  0.000000  
181.449779 0.002078  0.092650  -0.002823  0.985103  -0.017187  0.171103  -0.170821  0.016768  0.985159  -0.019801  -0.999712  0.013582  -0.000101  -0.000314  -0.000420  0.000000  0.000000  0.000000  2.000000  1.000000  0.000000  0.000000  0.000000  -0.000000  1.000000  0.000000  -1.000000  -0.000000  0.999999  -0.000923  0.001042  0.000922  1.000000  0.000102  -0.001042  -0.000101  0.999999  1.000000  0.000000  0.000000  0.000000  1.000000  0.000000  0.000000  0.000000  1.000000  1.000000  0.000000  0.000000  0.000000  -0.000000  1.000000  0.000000  -1.000000  -0.000000  0.000000  0.000000  
181.451041 0.002077  0.092647  -0.002825  0.985090  -0.017846  0.171112  -0.170818  0.016882  0.985158  -0.020470  -0.999698  0.013582  -0.000078  -0.000464  -0.000540  0.000000  0.000000  0.000000  2.000000  1.000000  0.000000  0.000000  0.000000  -0.000000  1.000000  0.000000  -1.000000  -0.000000  0.999998  -0.001591  0.001051  0.001591  0.999999  0.000102  -0.001051  -0.000100  0.999999  1.000000  0.000000  0.000000  0.000000  1.000000  0.000000  0.000000  0.000000  1.000000  1.000000  0.000000  0.000000  0.000000  -0.000000  1.000000  0.000000  -1.000000  -0.000000  0.000000  0.000000  
181.452283 0.002077  0.092644  -0.002827  0.985044  -0.018370  0.171322  -0.171019  0.016977  0.985121  -0.021005  -0.999687  0.013582  -0.000094  -0.000674  -0.000654  0.000000  0.000000  0.000000  2.000000  1.000000  0.000000  0.000000  0.000000  -0.000000  1.000000  0.000000  -1.000000  -0.000000  0.999997  -0.002127  0.001058  0.002126  0.999998  0.000102  -0.001058  -0.000100  0.999999  1.000000  0.000000  0.000000  0.000000  1.000000  0.000000  0.000000  0.000000  1.000000  1.000000  0.000000  0.000000  0.000000  -0.000000  1.000000  0.000000  -1.000000  -0.000000  0.000000  0.000000  
181.453284 0.002077  0.092641  -0.002829  0.985035  -0.018765  0.171328  -0.171018  0.017046  0.985120  -0.021406  -0.999679  0.013582  -0.000095  -0.000881  -0.000792  0.000000  0.000000  0.000000  2.000000  1.000000  0.000000  0.000000  0.000000  -0.000000  1.000000  0.000000  -1.000000  -0.000000  0.999996  -0.002528  0.001064  0.002528  0.999997  0.000102  -0.001064  -0.000099  0.999999  1.000000  0.000000  0.000000  0.000000  1.000000  0.000000  0.000000  0.000000  1.000000  1.000000  0.000000  0.000000  0.000000  -0.000000  1.000000  0.000000  -1.000000  -0.000000  0.000000  0.000000  
181.454536 0.002076  0.092638  -0.002832  0.985097  -0.019167  0.170927  -0.170611  0.017107  0.985190  -0.021807  -0.999670  0.013582  -0.000134  -0.001092  -0.000960  0.000000  0.000000  0.000000  2.000000  1.000000  0.000000  0.000000  0.000000  -0.000000  1.000000  0.000000  -1.000000  -0.000000  0.999995  -0.003066  0.000865  0.003066  0.999995  0.000106  -0.000865  -0.000103  1.000000  1.000000  0.000000  0.000000  0.000000  1.000000  0.000000  0.000000  0.000000  1.000000  1.000000  0.000000  0.000000  0.000000  -0.000000  1.000000  0.000000  -1.000000  -0.000000  0.000000  0.000000  
181.455782 0.002076  0.092635  -0.002834  0.985118  -0.019830  0.170734  -0.170405  0.017217  0.985224  -0.022476  -0.999655  0.013581  -0.000179  -0.001322  -0.001085  0.000000  0.000000  0.000000  2.000000  1.000000  0.000000  0.000000  0.000000  -0.000000  1.000000  0.000000  -1.000000  -0.000000  0.999993  -0.003609  0.000255  0.003609  0.999993  0.000118  -0.000255  -0.000117  1.000000  1.000000  0.000000  0.000000  0.000000  1.000000  0.000000  0.000000  0.000000  1.000000  1.000000  0.000000  0.000000  0.000000  -0.000000  1.000000  0.000000  -1.000000  -0.000000  0.000000  0.000000  
181.457029 0.002075  0.092631  -0.002837  0.985135  -0.020645  0.170539  -0.170199  0.017230  0.985259  -0.023279  -0.999638  0.013460  -0.000248  -0.001561  -0.001274  0.000000  0.000000  0.000000  2.000000  1.000000  0.000000  0.000000  0.000000  -0.000000  1.000000  0.000000  -1.000000  -0.000000  0.999990  -0.004415  0.000059  0.004415  0.999990  0.000243  -0.000061  -0.000242  1.000000  1.000000  0.000000  0.000000  0.000000  1.000000  0.000000  0.000000  0.000000  1.000000  1.000000  0.000000  0.000000  0.000000  -0.000000  1.000000  0.000000  -1.000000  -0.000000  0.000000  0.000000  
181.458029 0.002074  0.092628  -0.002839  0.985119  -0.021304  0.170548  -0.170197  0.017344  0.985257  -0.023948  -0.999623  0.013460  -0.000287  -0.001772  -0.001442  0.007856  -0.016213  -0.175132  2.000000  1.000000  -0.000064  0.000001  -0.000001  -0.000003  1.000000  -0.000064  -1.000000  -0.000003  0.999987  -0.005084  0.000068  0.005084  0.999987  0.000243  -0.000070  -0.000242  1.000000  1.000000  -0.000064  0.000001  0.000064  1.000000  0.000003  -0.000001  -0.000003  1.000000  1.000000  -0.000064  0.000001  -0.000001  -0.000003  1.000000  -0.000064  -1.000000  -0.000003  0.000043  0.005090  
181.459296 0.002074  0.092624  -0.002841  0.985061  -0.022223  0.170763  -0.170396  0.017508  0.985220  -0.024884  -0.999600  0.013459  -0.000296  -0.002071  -0.001567  0.007695  -0.023542  -0.206389  2.000000  1.000000  -0.000415  0.000000  -0.000000  -0.000018  1.000000  -0.000415  -1.000000  -0.000018  0.999982  -0.006023  -0.000125  0.006023  0.999982  0.000247  0.000123  -0.000247  1.000000  1.000000  -0.000075  -0.000002  0.000075  1.000000  0.000003  0.000002  -0.000003  1.000000  1.000000  -0.000415  0.000000  -0.000000  -0.000018  1.000000  -0.000415  -1.000000  -0.000018  0.000051  0.006030  
181.460525 0.002074  0.092619  -0.002842  0.985035  -0.023277  0.170777  -0.170391  0.017690  0.985218  -0.025954  -0.999573  0.013459  -0.000326  -0.002390  -0.001621  0.007689  -0.024048  -0.242511  2.000000  1.000000  -0.000748  0.000005  -0.000005  -0.000030  1.000000  -0.000748  -1.000000  -0.000030  0.999975  -0.007091  0.000095  0.007091  0.999975  0.000243  -0.000097  -0.000242  1.000000  1.000000  -0.000089  0.000001  0.000089  1.000000  0.000003  -0.000001  -0.000003  1.000000  1.000000  -0.000748  0.000005  -0.000005  -0.000030  1.000000  -0.000748  -1.000000  -0.000030  0.000060  0.007095  
181.461527 0.002073  0.092615  -0.002844  0.985045  -0.024203  0.170587  -0.170184  0.017845  0.985251  -0.026890  -0.999548  0.013459  -0.000371  -0.002597  -0.001676  0.007994  -0.010642  -0.274147  2.000000  0.999999  -0.001126  0.000005  -0.000005  -0.000043  1.000000  -0.001126  -0.999999  -0.000043  0.999969  -0.007896  -0.000100  0.007896  0.999969  0.000247  0.000098  -0.000248  1.000000  1.000000  -0.000099  -0.000001  0.000099  1.000000  0.000003  0.000001  -0.000003  1.000000  0.999999  -0.001126  0.000005  -0.000005  -0.000043  1.000000  -0.001126  -0.999999  -0.000043  0.000066  0.007901  
181.462528 0.002073  0.092612  -0.002843  0.985024  -0.024994  0.170598  -0.170180  0.017981  0.985249  -0.027693  -0.999526  0.013458  -0.000421  -0.002822  -0.001618  0.007991  -0.011008  -0.301109  2.000000  0.999999  -0.001443  0.000002  -0.000002  -0.000052  1.000000  -0.001443  -0.999999  -0.000052  0.999962  -0.008699  -0.000089  0.008699  0.999962  0.000247  0.000087  -0.000248  1.000000  1.000000  -0.000109  -0.000001  0.000109  1.000000  0.000003  0.000001  -0.000003  1.000000  0.999999  -0.001443  0.000002  -0.000002  -0.000052  1.000000  -0.001443  -0.999999  -0.000052  0.000073  0.008703  
181.463776 0.002071  0.092607  -0.002844  0.985033  -0.025920  0.170407  -0.169973  0.018135  0.985282  -0.028629  -0.999500  0.013458  -0.000434  -0.002977  -0.001511  0.008154  -0.004521  -0.332756  2.000000  0.999998  -0.002029  -0.000014  0.000014  -0.000068  1.000000  -0.002029  -0.999998  -0.000068  0.999952  -0.009775  -0.000486  0.009775  0.999952  0.000255  0.000483  -0.000260  1.000000  1.000000  -0.000122  -0.000006  0.000122  1.000000  0.000003  0.000006  -0.000003  1.000000  0.999998  -0.002029  -0.000014  0.000014  -0.000068  1.000000  -0.002029  -0.999998  -0.000068  0.000082  0.009790  
181.464777 0.002070  0.092603  -0.002845  0.985010  -0.026711  0.170418  -0.169969  0.018272  0.985280  -0.029431  -0.999476  0.013458  -0.000514  -0.003088  -0.001440  0.008320  0.002029  -0.359816  2.000000  0.999997  -0.002541  -0.000038  0.000037  -0.000076  1.000000  -0.002541  -0.999997  -0.000076  0.999944  -0.010577  -0.000475  0.010577  0.999944  0.000134  0.000474  -0.000139  1.000000  1.000000  -0.000132  -0.000006  0.000132  1.000000  0.000002  0.000006  -0.000002  1.000000  0.999997  -0.002541  -0.000038  0.000037  -0.000076  1.000000  -0.002541  -0.999997  -0.000076  0.000088  0.010589  
181.466027 0.002068  0.092598  -0.002846  0.984978  -0.027765  0.170432  -0.169964  0.018454  0.985278  -0.030501  -0.999444  0.013457  -0.000652  -0.003253  -0.001393  0.008263  0.001529  -0.392885  2.000000  0.999995  -0.003237  -0.000067  0.000067  -0.000085  1.000000  -0.003237  -0.999995  -0.000084  0.999934  -0.011514  -0.000463  0.011514  0.999934  0.000134  0.000461  -0.000139  1.000000  1.000000  -0.000144  -0.000006  0.000144  1.000000  0.000002  0.000006  -0.000002  1.000000  0.999995  -0.003237  -0.000067  0.000067  -0.000085  1.000000  -0.003237  -0.999995  -0.000084  0.000096  0.011524  
181.467277 0.002065  0.092593  -0.002849  0.984945  -0.028819  0.170446  -0.169958  0.018635  0.985275  -0.031571  -0.999411  0.013457  -0.000814  -0.003380  -0.001458  0.008327  0.001052  -0.431725  2.000000  0.999992  -0.004001  -0.000095  0.000095  -0.000093  1.000000  -0.004001  -0.999992  -0.000093  0.999921  -0.012584  -0.000448  0.012584  0.999921  0.000134  0.000446  -0.000140  1.000000  1.000000  -0.000157  -0.000006  0.000157  1.000000  0.000002  0.000006  -0.000002  1.000000  0.999992  -0.004001  -0.000095  0.000095  -0.000093  1.000000  -0.004001  -0.999992  -0.000093  0.000106  0.012593  
181.468280 0.002063  0.092591  -0.002851  0.984920  -0.029610  0.170457  -0.169954  0.018772  0.985273  -0.032374  -0.999385  0.013457  -0.000921  -0.003359  -0.001464  0.008505  0.007600  -0.458713  2.000000  0.999989  -0.004660  -0.000122  0.000122  -0.000100  1.000000  -0.004660  -0.999989  -0.000100  0.999908  -0.013523  -0.000641  0.013523  0.999909  0.000138  0.000639  -0.000147  1.000000  1.000000  -0.000169  -0.000008  0.000169  1.000000  0.000002  0.000008  -0.000002  1.000000  0.999989  -0.004660  -0.000122  0.000122  -0.000100  1.000000  -0.004660  -0.999989  -0.000100  0.000113  0.013539  
181.469290 0.002061  0.092589  -0.002854  0.984894  -0.030421  0.170464  -0.169949  0.018789  0.985274  -0.033176  -0.999361  0.013335  -0.001047  -0.003352  -0.001546  0.012581  0.007260  -0.485511  2.000000  0.999986  -0.005349  -0.000154  0.000154  -0.000107  1.000000  -0.005349  -0.999986  -0.000107  0.999901  -0.014058  -0.000634  0.014058  0.999901  0.000138  0.000632  -0.000147  1.000000  1.000000  -0.000176  -0.000008  0.000176  1.000000  0.000002  0.000008  -0.000002  1.000000  0.999986  -0.005349  -0.000154  0.000154  -0.000107  1.000000  -0.005349  -0.999986  -0.000107  0.000120  0.014074  
181.470530 0.002060  0.092587  -0.002859  0.984828  -0.031340  0.170679  -0.170146  0.018954  0.985236  -0.034112  -0.999329  0.013335  -0.001102  -0.003230  -0.001704  0.012411  -0.000078  -0.517096  2.000000  0.999982  -0.006062  -0.000183  0.000182  -0.000121  1.000000  -0.006062  -0.999982  -0.000120  0.999897  -0.014323  -0.000426  0.014323  0.999897  0.000256  0.000423  -0.000262  1.000000  1.000000  -0.000179  -0.000005  0.000179  1.000000  0.000003  0.000005  -0.000003  1.000000  0.999982  -0.006062  -0.000183  0.000182  -0.000121  1.000000  -0.006062  -0.999982  -0.000120  0.000127  0.014332  
181.471780 0.002058  0.092586  -0.002863  0.984796  -0.032262  0.170691  -0.170141  0.019114  0.985234  -0.035048  -0.999297  0.013334  -0.001143  -0.003073  -0.001787  0.012412  -0.000503  -0.548502  2.000000  0.999976  -0.006973  -0.000210  0.000209  -0.000137  1.000000  -0.006973  -0.999976  -0.000136  0.999892  -0.014724  -0.000421  0.014724  0.999892  0.000257  0.000417  -0.000263  1.000000  1.000000  -0.000184  -0.000005  0.000184  1.000000  0.000003  0.000005  -0.000003  1.000000  0.999976  -0.006973  -0.000210  0.000209  -0.000137  1.000000  -0.006973  -0.999976  -0.000136  0.000136  0.014733  
181.473029 0.002057  0.092585  -0.002866  0.984754  -0.033448  0.170707  -0.170134  0.019319  0.985232  -0.036251  -0.999254  0.013334  -0.001167  -0.002837  -0.001765  0.008532  0.005899  -0.589091  2.000000  0.999969  -0.007905  -0.000244  0.000242  -0.000154  1.000000  -0.007905  -0.999969  -0.000152  0.999885  -0.015128  -0.000622  0.015128  0.999886  0.000261  0.000617  -0.000271  1.000000  1.000000  -0.000189  -0.000008  0.000189  1.000000  0.000003  0.000008  -0.000003  1.000000  0.999969  -0.007905  -0.000244  0.000242  -0.000154  1.000000  -0.007905  -0.999969  -0.000152  0.000145  0.015144  
181.474280 0.002056  0.092586  -0.002867  0.984715  -0.034502  0.170721  -0.170127  0.019501  0.985229  -0.037321  -0.999214  0.013333  -0.001240  -0.002530  -0.001711  0.008539  0.005415  -0.625040  2.000000  0.999961  -0.008870  -0.000282  0.000281  -0.000171  1.000000  -0.008870  -0.999961  -0.000168  0.999877  -0.015663  -0.000614  0.015664  0.999877  0.000262  0.000610  -0.000271  1.000000  1.000000  -0.000196  -0.000008  0.000196  1.000000  0.000003  0.000008  -0.000003  1.000000  0.999961  -0.008870  -0.000282  0.000281  -0.000171  1.000000  -0.008870  -0.999961  -0.000168  0.000154  0.015678  
181.475532 0.002054  0.092586  -0.002867  0.984680  -0.035424  0.170733  -0.170121  0.019660  0.985227  -0.038257  -0.999179  0.013333  -0.001329  -0.002179  -0.001649  0.008545  0.004991  -0.656461  2.000000  0.999951  -0.009864  -0.000302  0.000300  -0.000187  1.000000  -0.009864  -0.999951  -0.000184  0.999871  -0.016059  -0.000197  0.016059  0.999871  0.000253  0.000193  -0.000256  1.000000  1.000000  -0.000201  -0.000002  0.000201  1.000000  0.000003  0.000002  -0.000003  1.000000  0.999951  -0.009864  -0.000302  0.000300  -0.000187  1.000000  -0.009864  -0.999951  -0.000184  0.000162  0.016063  
181.476780 0.002052  0.092587  -0.002867  0.984610  -0.036342  0.170949  -0.170317  0.019827  0.985190  -0.039193  -0.999143  0.013332  -0.001403  -0.001865  -0.001594  0.008554  0.004568  -0.688173  2.000000  0.999941  -0.010881  -0.000304  0.000302  -0.000203  1.000000  -0.010881  -0.999941  -0.000200  0.999867  -0.016324  0.000012  0.016324  0.999867  0.000249  -0.000016  -0.000249  1.000000  1.000000  -0.000204  0.000000  0.000204  1.000000  0.000003  -0.000000  -0.000003  1.000000  0.999941  -0.010881  -0.000304  0.000302  -0.000203  1.000000  -0.010881  -0.999941  -0.000200  0.000168  0.016327  
181.478027 0.002051  0.092587  -0.002867  0.984578  -0.037132  0.170959  -0.170312  0.019964  0.985188  -0.039995  -0.999111  0.013332  -0.001387  -0.001503  -0.001562  0.008561  0.004326  -0.706146  2.000000  0.999931  -0.011710  -0.000285  0.000283  -0.000209  1.000000  -0.011710  -0.999931  -0.000206  0.999862  -0.016586  0.000427  0.016586  0.999862  0.000118  -0.000429  -0.000111  1.000000  1.000000  -0.000207  0.000005  0.000207  1.000000  0.000001  -0.000005  -0.000001  1.000000  0.999931  -0.011710  -0.000285  0.000283  -0.000209  1.000000  -0.011710  -0.999931  -0.000206  0.000175  0.016593  
181.479028 0.002050  0.092587  -0.002866  0.984546  -0.037902  0.170974  -0.170307  0.020220  0.985184  -0.040797  -0.999077  0.013452  -0.001394  -0.001260  -0.001472  0.004494  0.004162  -0.715178  2.000000  0.999921  -0.012540  -0.000264  0.000261  -0.000214  1.000000  -0.012540  -0.999921  -0.000210  0.999862  -0.016586  0.000429  0.016586  0.999862  -0.000003  -0.000429  0.000010  1.000000  1.000000  -0.000207  0.000005  0.000207  1.000000  -0.000000  -0.000005  0.000000  1.000000  0.999921  -0.012540  -0.000264  0.000261  -0.000214  1.000000  -0.012540  -0.999921  -0.000210  0.000177  0.016592  
181.480277 0.002050  0.092588  -0.002865  0.984514  -0.038692  0.170985  -0.170301  0.020356  0.985182  -0.041599  -0.999044  0.013452  -0.001251  -0.000785  -0.001366  0.004505  0.004101  -0.719810  2.000000  0.999908  -0.013576  -0.000240  0.000237  -0.000213  1.000000  -0.013576  -0.999908  -0.000210  0.999862  -0.016589  0.000223  0.016589  0.999862  0.000002  -0.000223  0.000002  1.000000  1.000000  -0.000207  0.000003  0.000207  1.000000  0.000000  -0.000003  0.000000  1.000000  0.999908  -0.013576  -0.000240  0.000237  -0.000213  1.000000  -0.013576  -0.999908  -0.000210  0.000180  0.016591  
181.481527 0.002051  0.092589  -0.002866  0.984475  -0.039614  0.170997  -0.170294  0.020516  0.985180  -0.042535  -0.999004  0.013451  -0.001065  -0.000455  -0.001268  0.004695  0.010746  -0.727325  2.000000  0.999894  -0.014588  -0.000226  0.000223  -0.000214  1.000000  -0.014588  -0.999894  -0.000210  0.999871  -0.016054  0.000216  0.016054  0.999871  0.000002  -0.000216  0.000002  1.000000  1.000000  -0.000201  0.000003  0.000201  1.000000  0.000000  -0.000003  0.000000  1.000000  0.999894  -0.014588  -0.000226  0.000223  -0.000214  1.000000  -0.014588  -0.999894  -0.000210  0.000181  0.016056  
181.482531 0.002052  0.092590  -0.002866  0.984447  -0.040252  0.171011  -0.170289  0.020749  0.985176  -0.043204  -0.998974  0.013572  -0.000822  -0.000100  -0.001099  0.000662  0.010578  -0.736114  2.000000  0.999882  -0.015387  -0.000205  0.000202  -0.000210  1.000000  -0.015387  -0.999882  -0.000207  0.999875  -0.015783  0.000420  0.015783  0.999875  -0.000125  -0.000418  0.000132  1.000000  1.000000  -0.000197  0.000005  0.000197  1.000000  -0.000002  -0.000005  0.000002  1.000000  0.999882  -0.015387  -0.000205  0.000202  -0.000210  1.000000  -0.015387  -0.999882  -0.000207  0.000184  0.015790  
181.483777 0.002054  0.092593  -0.002867  0.984406  -0.041174  0.171024  -0.170282  0.020909  0.985173  -0.044139  -0.998933  0.013572  -0.000561  0.000206  -0.000935  0.000451  0.003478  -0.753982  2.000000  0.999866  -0.016368  -0.000176  0.000173  -0.000203  1.000000  -0.016368  -0.999866  -0.000200  0.999877  -0.015647  0.000624  0.015647  0.999878  -0.000131  -0.000622  0.000141  1.000000  1.000000  -0.000196  0.000008  0.000196  1.000000  -0.000002  -0.000008  0.000002  1.000000  0.999866  -0.016368  -0.000176  0.000173  -0.000203  1.000000  -0.016368  -0.999866  -0.000200  0.000189  0.015660  
181.484785 0.002056  0.092595  -0.002867  0.984371  -0.041964  0.171034  -0.170276  0.021046  0.985172  -0.044941  -0.998897  0.013571  -0.000300  0.000466  -0.000770  0.000232  -0.003531  -0.768914  2.000000  0.999853  -0.017154  -0.000145  0.000142  -0.000196  1.000000  -0.017154  -0.999853  -0.000193  0.999875  -0.015781  0.000626  0.015781  0.999875  -0.000132  -0.000624  0.000141  1.000000  1.000000  -0.000197  0.000008  0.000197  1.000000  -0.000002  -0.000008  0.000002  1.000000  0.999853  -0.017154  -0.000145  0.000142  -0.000196  1.000000  -0.017154  -0.999853  -0.000193  0.000192  0.015794  
181.485789 0.002059  0.092597  -0.002868  0.984341  -0.042643  0.171038  -0.170271  0.021040  0.985173  -0.045610  -0.998869  0.013450  -0.000041  0.000752  -0.000486  0.004076  -0.010459  -0.773277  2.000000  0.999843  -0.017746  -0.000121  0.000118  -0.000191  1.000000  -0.017746  -0.999843  -0.000189  0.999875  -0.015781  0.000626  0.015781  0.999875  -0.000132  -0.000624  0.000142  1.000000  1.000000  -0.000197  0.000008  0.000197  1.000000  -0.000002  -0.000008  0.000002  1.000000  0.999843  -0.017746  -0.000121  0.000118  -0.000191  1.000000  -0.017746  -0.999843  -0.000189  0.000193  0.015794  
181.487028 0.002062  0.092601  -0.002867  0.984276  -0.043297  0.171250  -0.170468  0.021163  0.985136  -0.046278  -0.998838  0.013449  0.000245  0.001008  -0.000251  -0.000477  -0.024044  -0.766884  2.000000  0.999828  -0.018533  -0.000083  0.000079  -0.000190  1.000000  -0.018533  -0.999828  -0.000188  0.999877  -0.015644  0.000828  0.015644  0.999878  -0.000017  -0.000828  0.000030  1.000000  1.000000  -0.000196  0.000010  0.000196  1.000000  -0.000000  -0.000010  0.000000  1.000000  0.999828  -0.018533  -0.000083  0.000079  -0.000190  1.000000  -0.018533  -0.999828  -0.000188  0.000192  0.015667  
181.488028 0.002064  0.092603  -0.002867  0.984251  -0.043845  0.171252  -0.170464  0.021134  0.985137  -0.046812  -0.998815  0.013328  0.000504  0.001194  -0.000117  0.003558  -0.023938  -0.762433  2.000000  0.999814  -0.019305  -0.000041  0.000038  -0.000190  1.000000  -0.019305  -0.999814  -0.000189  0.999881  -0.015377  0.000823  0.015377  0.999882  0.000104  -0.000824  -0.000091  1.000000  1.000000  -0.000192  0.000010  0.000192  1.000000  0.000001  -0.000010  -0.000001  1.000000  0.999814  -0.019305  -0.000041  0.000038  -0.000190  1.000000  -0.019305  -0.999814  -0.000189  0.000191  0.015400  
181.489029 0.002067  0.092605  -0.002868  0.984233  -0.044240  0.171257  -0.170461  0.021203  0.985136  -0.047213  -0.998796  0.013327  0.000749  0.001320  -0.000077  0.003830  -0.016992  -0.751353  2.000000  0.999799  -0.020060  -0.000000  -0.000004  -0.000195  1.000000  -0.020060  -0.999799  -0.000195  0.999888  -0.014975  0.000817  0.014975  0.999888  0.000103  -0.000819  -0.000091  1.000000  1.000000  -0.000187  0.000010  0.000187  1.000000  0.000001  -0.000010  -0.000001  1.000000  0.999799  -0.020060  -0.000000  -0.000004  -0.000195  1.000000  -0.020060  -0.999799  -0.000195  0.000190  0.014998  
181.490281 0.002069  0.092607  -0.002869  0.984243  -0.044792  0.171056  -0.170254  0.021165  0.985173  -0.047748  -0.998772  0.013206  0.001025  0.001416  -0.000132  0.008152  -0.009779  -0.732869  2.000000  0.999780  -0.020978  0.000043  -0.000047  -0.000201  1.000000  -0.020978  -0.999780  -0.000202  0.999894  -0.014577  0.000604  0.014577  0.999894  0.000109  -0.000606  -0.000100  1.000000  1.000000  -0.000182  0.000008  0.000182  1.000000  0.000001  -0.000008  -0.000001  1.000000  0.999780  -0.020978  0.000043  -0.000047  -0.000201  1.000000  -0.020978  -0.999780  -0.000202  0.000184  0.014590  
181.491531 0.002071  0.092608  -0.002872  0.984211  -0.045450  0.171064  -0.170249  0.021279  0.985171  -0.048416  -0.998740  0.013205  0.001281  0.001447  -0.000324  0.007959  -0.016535  -0.716472  2.000000  0.999761  -0.021860  0.000072  -0.000077  -0.000208  1.000000  -0.021860  -0.999761  -0.000210  0.999901  -0.014044  0.000391  0.014044  0.999901  0.000116  -0.000393  -0.000110  1.000000  1.000000  -0.000176  0.000005  0.000176  1.000000  0.000001  -0.000005  -0.000001  1.000000  0.999761  -0.021860  0.000072  -0.000077  -0.000208  1.000000  -0.021860  -0.999761  -0.000210  0.000181  0.014051  
181.492781 0.002074  0.092609  -0.002874  0.984185  -0.045977  0.171071  -0.170244  0.021370  0.985170  -0.048951  -0.998714  0.013205  0.001536  0.001478  -0.000517  0.007885  -0.016270  -0.701231  2.000000  0.999742  -0.022716  0.000096  -0.000101  -0.000215  1.000000  -0.022716  -0.999742  -0.000217  0.999909  -0.013509  0.000384  0.013509  0.999909  0.000115  -0.000386  -0.000110  1.000000  1.000000  -0.000169  0.000005  0.000169  1.000000  0.000001  -0.000005  -0.000001  1.000000  0.999742  -0.022716  0.000096  -0.000101  -0.000215  1.000000  -0.022716  -0.999742  -0.000217  0.000176  0.013516  
181.494027 0.002076  0.092609  -0.002877  0.984153  -0.046656  0.171074  -0.170238  0.021365  0.985171  -0.049619  -0.998683  0.013084  0.001746  0.001455  -0.000749  0.011591  -0.022895  -0.691073  2.000000  0.999727  -0.023385  0.000115  -0.000120  -0.000224  1.000000  -0.023385  -0.999727  -0.000226  0.999912  -0.013242  0.000379  0.013242  0.999912  0.000236  -0.000382  -0.000231  1.000000  1.000000  -0.000166  0.000005  0.000166  1.000000  0.000003  -0.000005  -0.000003  1.000000  0.999727  -0.023385  0.000115  -0.000120  -0.000224  1.000000  -0.023385  -0.999727  -0.000226  0.000174  0.013250  
181.495030 0.002079  0.092610  -0.002879  0.984133  -0.047051  0.171079  -0.170235  0.021433  0.985170  -0.050020  -0.998663  0.013083  0.001944  0.001463  -0.000929  0.011676  -0.022842  -0.678696  2.000000  0.999711  -0.024040  0.000134  -0.000140  -0.000235  1.000000  -0.024040  -0.999711  -0.000239  0.999916  -0.012974  0.000376  0.012974  0.999916  0.000236  -0.000379  -0.000231  1.000000  1.000000  -0.000162  0.000005  0.000162  1.000000  0.000003  -0.000005  -0.000003  1.000000  0.999711  -0.024040  0.000134  -0.000140  -0.000235  1.000000  -0.024040  -0.999711  -0.000239  0.000171  0.012982  
181.496276 0.002082  0.092612  -0.002880  0.984107  -0.047598  0.171081  -0.170230  0.021405  0.985172  -0.050554  -0.998637  0.012962  0.002126  0.001535  -0.000969  0.015748  -0.022574  -0.661038  2.000000  0.999692  -0.024831  0.000157  -0.000163  -0.000251  1.000000  -0.024831  -0.999692  -0.000255  0.999921  -0.012573  0.000369  0.012573  0.999921  0.000357  -0.000373  -0.000352  1.000000  1.000000  -0.000157  0.000005  0.000157  1.000000  0.000004  -0.000005  -0.000004  1.000000  0.999692  -0.024831  0.000157  -0.000163  -0.000251  1.000000  -0.024831  -0.999692  -0.000255  0.000166  0.012584  
181.497277 0.002085  0.092614  -0.002880  0.984087  -0.047993  0.171086  -0.170227  0.021473  0.985171  -0.050955  -0.998617  0.012962  0.002251  0.001586  -0.000965  0.015737  -0.022332  -0.642963  2.000000  0.999676  -0.025439  0.000175  -0.000181  -0.000269  1.000000  -0.025439  -0.999676  -0.000273  0.999927  -0.012038  0.000362  0.012038  0.999927  0.000357  -0.000366  -0.000352  1.000000  1.000000  -0.000150  0.000005  0.000150  1.000000  0.000004  -0.000005  -0.000004  1.000000  0.999676  -0.025439  0.000175  -0.000181  -0.000269  1.000000  -0.025439  -0.999676  -0.000273  0.000162  0.012049  
181.498277 0.002088  0.092616  -0.002880  0.984080  -0.048146  0.171082  -0.170226  0.021376  0.985173  -0.051089  -0.998612  0.012840  0.002339  0.001591  -0.000937  0.019645  -0.021931  -0.624217  2.000000  0.999661  -0.026022  0.000184  -0.000192  -0.000291  1.000000  -0.026022  -0.999661  -0.000296  0.999935  -0.011372  0.000146  0.011372  0.999935  0.000486  -0.000152  -0.000484  1.000000  1.000000  -0.000142  0.000002  0.000142  1.000000  0.000006  -0.000002  -0.000006  1.000000  0.999661  -0.026022  0.000184  -0.000192  -0.000291  1.000000  -0.026022  -0.999661  -0.000296  0.000157  0.011383  
181.499278 0.002090  0.092617  -0.002880  0.984066  -0.048430  0.171079  -0.170224  0.021302  0.985175  -0.051356  -0.998599  0.012719  0.002338  0.001569  -0.000891  0.019644  -0.021630  -0.606597  2.000000  0.999647  -0.026577  0.000191  -0.000199  -0.000319  1.000000  -0.026577  -0.999647  -0.000324  0.999940  -0.010970  0.000140  0.010970  0.999940  0.000607  -0.000146  -0.000606  1.000000  1.000000  -0.000137  0.000002  0.000137  1.000000  0.000008  -0.000002  -0.000008  1.000000  0.999647  -0.026577  0.000191  -0.000199  -0.000319  1.000000  -0.026577  -0.999647  -0.000324  0.000153  0.010988  
181.500527 0.002092  0.092619  -0.002881  0.984088  -0.048718  0.170874  -0.170019  0.021218  0.985212  -0.051623  -0.998587  0.012598  0.002288  0.001455  -0.000869  0.024261  -0.007583  -0.584261  2.000000  0.999632  -0.027109  0.000189  -0.000199  -0.000357  1.000000  -0.027109  -0.999632  -0.000362  0.999946  -0.010438  -0.000074  0.010438  0.999945  0.000858  0.000065  -0.000859  1.000000  1.000000  -0.000130  -0.000001  0.000130  1.000000  0.000011  0.000001  -0.000011  1.000000  0.999632  -0.027109  0.000189  -0.000199  -0.000357  1.000000  -0.027109  -0.999632  -0.000362  0.000146  0.010474  
181.501528 0.002094  0.092619  -0.002881  0.984081  -0.048870  0.170869  -0.170017  0.021122  0.985215  -0.051757  -0.998582  0.012477  0.002232  0.001305  -0.000929  0.028303  -0.007259  -0.561921  2.000000  0.999619  -0.027618  0.000184  -0.000195  -0.000400  1.000000  -0.027617  -0.999618  -0.000405  0.999950  -0.010037  -0.000079  0.010037  0.999949  0.000858  0.000070  -0.000859  1.000000  1.000000  -0.000125  -0.000001  0.000125  1.000000  0.000011  0.000001  -0.000011  1.000000  0.999619  -0.027618  0.000184  -0.000195  -0.000400  1.000000  -0.027617  -0.999618  -0.000405  0.000143  0.010074  
181.502535 0.002095  0.092619  -0.002882  0.984067  -0.049134  0.170873  -0.170015  0.021167  0.985214  -0.052024  -0.998568  0.012476  0.002123  0.001053  -0.001012  0.028533  -0.006970  -0.539515  2.000000  0.999605  -0.028101  0.000179  -0.000191  -0.000448  1.000000  -0.028101  -0.999605  -0.000454  0.999955  -0.009501  -0.000087  0.009501  0.999954  0.000980  0.000078  -0.000980  1.000000  1.000000  -0.000119  -0.000001  0.000119  1.000000  0.000012  0.000001  -0.000012  1.000000  0.999605  -0.028101  0.000179  -0.000191  -0.000448  1.000000  -0.028101  -0.999605  -0.000454  0.000137  0.009552  
181.503780 0.002096  0.092617  -0.002885  0.984047  -0.049549  0.170872  -0.170011  0.021116  0.985216  -0.052425  -0.998548  0.012355  0.001970  0.000800  -0.001178  0.032349  -0.006710  -0.521827  2.000000  0.999589  -0.028674  0.000171  -0.000186  -0.000520  1.000000  -0.028674  -0.999589  -0.000525  0.999960  -0.008966  -0.000095  0.008966  0.999959  0.001222  0.000084  -0.001223  0.999999  1.000000  -0.000112  -0.000001  0.000112  1.000000  0.000015  0.000001  -0.000015  1.000000  0.999589  -0.028674  0.000171  -0.000186  -0.000520  1.000000  -0.028674  -0.999589  -0.000525  0.000131  0.009050  
181.505032 0.002096  0.092616  -0.002888  0.984033  -0.049834  0.170869  -0.170009  0.021042  0.985218  -0.052692  -0.998536  0.012234  0.001843  0.000585  -0.001286  0.036392  -0.006336  -0.495067  2.000000  0.999573  -0.029206  0.000163  -0.000181  -0.000600  1.000000  -0.029206  -0.999573  -0.000605  0.999967  -0.008164  -0.000106  0.008164  0.999966  0.001344  0.000095  -0.001345  0.999999  1.000000  -0.000102  -0.000001  0.000102  1.000000  0.000017  0.000001  -0.000017  1.000000  0.999573  -0.029206  0.000163  -0.000181  -0.000600  1.000000  -0.029206  -0.999573  -0.000605  0.000124  0.008274  
181.506280 0.002097  0.092614  -0.002891  0.984054  -0.050122  0.170663  -0.169804  0.020957  0.985255  -0.052959  -0.998523  0.012112  0.001723  0.000436  -0.001313  0.041079  0.000898  -0.472163  2.000000  0.999559  -0.029691  0.000146  -0.000167  -0.000685  1.000000  -0.029691  -0.999559  -0.000690  0.999973  -0.007363  -0.000322  0.007364  0.999972  0.001475  0.000311  -0.001477  0.999999  1.000000  -0.000092  -0.000004  0.000092  1.000000  0.000018  0.000004  -0.000018  1.000000  0.999559  -0.029691  0.000146  -0.000167  -0.000685  1.000000  -0.029691  -0.999559  -0.000690  0.000119  0.007517  
181.507528 0.002097  0.092613  -0.002894  0.984047  -0.050274  0.170659  -0.169803  0.020861  0.985257  -0.053093  -0.998518  0.011991  0.001545  0.000309  -0.001347  0.045114  0.008056  -0.446154  2.000000  0.999546  -0.030133  0.000113  -0.000137  -0.000774  1.000000  -0.030133  -0.999546  -0.000777  0.999977  -0.006831  -0.000535  0.006831  0.999976  0.001484  0.000525  -0.001488  0.999999  1.000000  -0.000085  -0.000007  0.000085  1.000000  0.000019  0.000007  -0.000019  1.000000  0.999546  -0.030133  0.000113  -0.000137  -0.000774  1.000000  -0.030133  -0.999546  -0.000777  0.000113  0.007011  
181.508783 0.002097  0.092613  -0.002896  0.984040  -0.050427  0.170654  -0.169802  0.020764  0.985259  -0.053227  -0.998512  0.011870  0.001399  0.000242  -0.001276  0.053643  0.008521  -0.418323  2.000000  0.999536  -0.030463  0.000084  -0.000110  -0.000848  1.000000  -0.030463  -0.999536  -0.000851  0.999979  -0.006429  -0.000541  0.006430  0.999978  0.001485  0.000531  -0.001488  0.999999  1.000000  -0.000080  -0.000007  0.000080  1.000000  0.000019  0.000007  -0.000019  1.000000  0.999536  -0.030463  0.000084  -0.000110  -0.000848  1.000000  -0.030463  -0.999536  -0.000851  0.000108  0.006621  
181.510029 0.002098  0.092612  -0.002898  0.984033  -0.050600  0.170643  -0.169800  0.020548  0.985264  -0.053360  -0.998508  0.011628  0.001274  0.000162  -0.001282  0.061810  0.008854  -0.395890  2.000000  0.999524  -0.030849  0.000048  -0.000077  -0.000945  1.000000  -0.030849  -0.999524  -0.000947  0.999982  -0.006028  -0.000546  0.006029  0.999981  0.001606  0.000536  -0.001610  0.999999  1.000000  -0.000075  -0.000007  0.000075  1.000000  0.000020  0.000007  -0.000020  1.000000  0.999524  -0.030849  0.000048  -0.000077  -0.000945  1.000000  -0.030849  -0.999524  -0.000947  0.000101  0.006262  
181.511279 0.002098  0.092612  -0.002901  0.984061  -0.050756  0.170436  -0.169597  0.020440  0.985302  -0.053494  -0.998502  0.011506  0.001077  -0.000043  -0.001400  0.066227  0.016126  -0.368994  2.000000  0.999513  -0.031206  0.000018  -0.000051  -0.001050  0.999999  -0.031206  -0.999512  -0.001051  0.999984  -0.005626  -0.000552  0.005627  0.999983  0.001728  0.000542  -0.001731  0.999998  1.000000  -0.000070  -0.000007  0.000070  1.000000  0.000022  0.000007  -0.000022  1.000000  0.999513  -0.031206  0.000018  -0.000051  -0.001050  0.999999  -0.031206  -0.999512  -0.001051  0.000096  0.005912  
181.512527 0.002099  0.092611  -0.002904  0.984061  -0.050777  0.170430  -0.169597  0.020321  0.985304  -0.053494  -0.998503  0.011385  0.000878  -0.000234  -0.001572  0.073782  0.016273  -0.343688  2.000000  0.999503  -0.031534  -0.000020  -0.000017  -0.001161  0.999999  -0.031534  -0.999502  -0.001161  0.999987  -0.005091  -0.000559  0.005092  0.999985  0.001850  0.000549  -0.001852  0.999998  1.000000  -0.000064  -0.000007  0.000064  1.000000  0.000023  0.000007  -0.000023  1.000000  0.999503  -0.031534  -0.000020  -0.000017  -0.001161  0.999999  -0.031534  -0.999502  -0.001161  0.000089  0.005446  
181.513777 0.002099  0.092609  -0.002907  0.984054  -0.050950  0.170419  -0.169595  0.020104  0.985309  -0.053628  -0.998499  0.011143  0.000639  -0.000506  -0.001805  0.081871  0.016643  -0.316888  2.000000  0.999503  -0.031534  -0.000020  -0.000017  -0.001161  0.999999  -0.031534  -0.999502  -0.001161  0.999990  -0.004422  -0.000567  0.004423  0.999988  0.001971  0.000558  -0.001974  0.999998  1.000000  0.000000  0.000000  0.000000  1.000000  0.000000  0.000000  0.000000  1.000000  0.999503  -0.031534  -0.000020  -0.000017  -0.001161  0.999999  -0.031534  -0.999502  -0.001161  0.000083  0.000000  
181.515025 0.002099  0.092607  -0.002910  0.984054  -0.050971  0.170413  -0.169595  0.019985  0.985311  -0.053628  -0.998500  0.011022  0.000460  -0.000734  -0.001956  0.086674  0.017305  -0.279157  2.000000  0.999503  -0.031534  -0.000020  -0.000017  -0.001161  0.999999  -0.031534  -0.999502  -0.001161  0.999993  -0.003753  -0.000575  0.003754  0.999991  0.002093  0.000568  -0.002095  0.999998  1.000000  0.000000  0.000000  0.000000  1.000000  0.000000  0.000000  0.000000  1.000000  0.999503  -0.031534  -0.000020  -0.000017  -0.001161  0.999999  -0.031534  -0.999502  -0.001161  0.000076  0.000000  
181.516027 0.002099  0.092606  -0.002912  0.984047  -0.051123  0.170408  -0.169594  0.019888  0.985313  -0.053761  -0.998494  0.010901  0.000345  -0.000896  -0.002109  0.087128  0.024445  -0.266057  2.000000  0.999503  -0.031534  -0.000020  -0.000017  -0.001161  0.999999  -0.031534  -0.999502  -0.001161  0.999994  -0.003485  -0.000579  0.003487  0.999991  0.002214  0.000571  -0.002216  0.999997  1.000000  0.000000  0.000000  0.000000  1.000000  0.000000  0.000000  0.000000  1.000000  0.999503  -0.031534  -0.000020  -0.000017  -0.001161  0.999999  -0.031534  -0.999502  -0.001161  0.000072  0.000000  
181.517275 0.002098  0.092603  -0.002914  0.984047  -0.051144  0.170402  -0.169594  0.019769  0.985316  -0.053761  -0.998496  0.010780  0.000226  -0.001042  -0.002134  0.090347  0.024444  -0.245671  2.000000  0.999503  -0.031534  -0.000020  -0.000017  -0.001161  0.999999  -0.031534  -0.999502  -0.001161  0.999995  -0.003084  -0.000584  0.003085  0.999993  0.002215  0.000577  -0.002216  0.999997  1.000000  0.000000  0.000000  0.000000  1.000000  0.000000  0.000000  0.000000  1.000000  0.999503  -0.031534  -0.000020  -0.000017  -0.001161  0.999999  -0.031534  -0.999502  -0.001161  0.000067  0.000000  
181.518283 0.002098  0.092601  -0.002915  0.984047  -0.051164  0.170396  -0.169594  0.019649  0.985318  -0.053761  -0.998497  0.010658  0.000123  -0.001121  -0.002069  0.091076  0.024938  -0.225143  2.000000  0.999503  -0.031534  -0.000020  -0.000017  -0.001161  0.999999  -0.031534  -0.999502  -0.001161  0.999996  -0.002816  -0.000587  0.002817  0.999994  0.002215  0.000581  -0.002216  0.999997  1.000000  0.000000  0.000000  0.000000  1.000000  0.000000  0.000000  0.000000  1.000000  0.999503  -0.031534  -0.000020  -0.000017  -0.001161  0.999999  -0.031534  -0.999502  -0.001161  0.000062  0.000000  
181.519534 0.002098  0.092600  -0.002915  0.984047  -0.051206  0.170383  -0.169594  0.019410  0.985323  -0.053761  -0.998499  0.010416  0.000120  -0.001129  -0.001857  0.098898  0.018272  -0.207100  2.000000  0.999503  -0.031534  -0.000020  -0.000017  -0.001161  0.999999  -0.031534  -0.999502  -0.001161  0.999997  -0.002549  -0.000590  0.002550  0.999994  0.002215  0.000584  -0.002217  0.999997  1.000000  0.000000  0.000000  0.000000  1.000000  0.000000  0.000000  0.000000  1.000000  0.999503  -0.031534  -0.000020  -0.000017  -0.001161  0.999999  -0.031534  -0.999502  -0.001161  0.000059  0.000000  
181.520781 0.002098  0.092598  -0.002914  0.984047  -0.051226  0.170377  -0.169594  0.019291  0.985325  -0.053761  -0.998501  0.010295  0.000073  -0.001123  -0.001593  0.098085  0.018303  -0.192007  2.000000  0.999503  -0.031534  -0.000020  -0.000017  -0.001161  0.999999  -0.031534  -0.999502  -0.001161  0.999997  -0.002279  -0.000388  0.002280  0.999995  0.002326  0.000382  -0.002327  0.999997  1.000000  0.000000  0.000000  0.000000  1.000000  0.000000  0.000000  0.000000  1.000000  0.999503  -0.031534  -0.000020  -0.000017  -0.001161  0.999999  -0.031534  -0.999502  -0.001161  0.000055  0.000000  
