1-Time 2-Px 3-Py 4-Pz 5-R11 6-R21 7-R31 8-R12 9-R22 10-R32 11-R13 12-R23 13-R33 14-Vx 15-Vy 16-Vz 17-Wx 18-Wy 19-Wz 20-state 21-PR11 22-PR21 23-PR31 24-PR12 25-PR22 26-PR32 27-PR13 28-PR23 29-PR33 
198.297512 -0.001697  0.090779  0.009602  0.992940  0.104763  0.055638  -0.105465  0.994375  0.009825  -0.054296  -0.015624  0.998403  0.000565  -0.000045  -0.001201  0.000000  0.000000  0.000000  2.000000  1.000000  0.000000  0.000000  -0.000000  1.000000  0.000000  0.000000  -0.000000  1.000000  1.000000  0.000000  -0.000000  0.000000  1.000000  -0.000000  0.000000  0.000000  1.000000  1.000000  0.000000  0.000000  0.000000  1.000000  0.000000  0.000000  0.000000  1.000000  0.714904  0.696127  -0.065721  -0.694211  0.717871  0.052267  0.083564  0.008258  0.996468  0.000000  0.000000  
198.298518 -0.001697  0.090779  0.009601  0.992940  0.104763  0.055638  -0.105465  0.994375  0.009825  -0.054296  -0.015624  0.998403  0.000565  -0.000062  -0.001180  0.000000  0.000000  0.000000  2.000000  1.000000  0.000000  0.000000  0.000000  1.000000  0.000000  0.000000  0.000000  1.000000  1.000000  0.000000  -0.000000  0.000000  1.000000  -0.000000  0.000000  0.000000  1.000000  1.000000  0.000000  0.000000  0.000000  1.000000  0.000000  0.000000  0.000000  1.000000  1.000000  0.000000  0.000000  0.000000  1.000000  0.000000  0.000000  0.000000  1.000000  0.000000  0.000000  
198.299764 -0.001697  0.090777  0.009602  0.992867  0.105375  0.055777  -0.106077  0.994310  0.009777  -0.054429  -0.015623  0.998395  0.000516  -0.000184  -0.001057  0.000000  0.000000  0.000000  2.000000  1.000000  0.000000  0.000000  0.000000  1.000000  0.000000  0.000000  0.000000  1.000000  1.000000  0.000409  0.000140  -0.000409  1.000000  -0.000022  -0.000140  0.000022  1.000000  1.000000  0.000000  0.000000  0.000000  1.000000  0.000000  0.000000  0.000000  1.000000  1.000000  0.000000  0.000000  0.000000  1.000000  0.000000  0.000000  0.000000  1.000000  0.000000  0.000000  
198.300768 -0.001698  0.090775  0.009602  0.992809  0.105780  0.056046  -0.106484  0.994267  0.009725  -0.054696  -0.015623  0.998381  0.000422  -0.000327  -0.000926  0.000000  0.000000  0.000000  2.000000  1.000000  0.000000  0.000000  0.000000  1.000000  0.000000  0.000000  0.000000  1.000000  1.000000  0.000818  0.000280  -0.000818  1.000000  -0.000045  -0.000280  0.000045  1.000000  1.000000  0.000000  0.000000  0.000000  1.000000  0.000000  0.000000  0.000000  1.000000  1.000000  0.000000  0.000000  0.000000  1.000000  0.000000  0.000000  0.000000  1.000000  0.000000  0.000000  
198.302016 -0.001698  0.090772  0.009605  0.992750  0.106178  0.056329  -0.106891  0.994222  0.009794  -0.054964  -0.015744  0.998364  0.000334  -0.000516  -0.000642  0.000000  0.000000  0.000000  2.000000  1.000000  0.000000  0.000000  0.000000  1.000000  0.000000  0.000000  0.000000  1.000000  0.999999  0.001430  0.000558  -0.001430  0.999999  0.000042  -0.000558  -0.000043  1.000000  1.000000  0.000000  0.000000  0.000000  1.000000  0.000000  0.000000  0.000000  1.000000  1.000000  0.000000  0.000000  0.000000  1.000000  0.000000  0.000000  0.000000  1.000000  0.000000  0.000000  
198.303265 -0.001699  0.090770  0.009608  0.992699  0.106586  0.056466  -0.107299  0.994179  0.009756  -0.055097  -0.015744  0.998357  0.000241  -0.000684  -0.000371  0.000000  0.000000  0.000000  2.000000  1.000000  0.000000  0.000000  0.000000  1.000000  0.000000  0.000000  0.000000  1.000000  0.999998  0.001837  0.000832  -0.001837  0.999998  0.000019  -0.000832  -0.000021  1.000000  1.000000  0.000000  0.000000  0.000000  1.000000  0.000000  0.000000  0.000000  1.000000  1.000000  0.000000  0.000000  0.000000  1.000000  0.000000  0.000000  0.000000  1.000000  0.000000  0.000000  
198.304265 -0.001700  0.090768  0.009610  0.992677  0.106790  0.056468  -0.107504  0.994157  0.009745  -0.055097  -0.015744  0.998357  0.000143  -0.000830  -0.000112  0.000000  0.000000  0.000000  2.000000  1.000000  0.000000  0.000000  0.000000  1.000000  0.000000  0.000000  0.000000  1.000000  0.999998  0.002043  0.000835  -0.002043  0.999998  0.000008  -0.000835  -0.000010  1.000000  1.000000  0.000000  0.000000  0.000000  1.000000  0.000000  0.000000  0.000000  1.000000  1.000000  0.000000  0.000000  0.000000  1.000000  0.000000  0.000000  0.000000  1.000000  0.000000  0.000000  
198.305520 -0.001701  0.090765  0.009613  0.992610  0.107397  0.056487  -0.108117  0.994090  0.009831  -0.055097  -0.015865  0.998355  0.000020  -0.000988  0.000215  0.000000  0.000000  0.000000  2.000000  1.000000  0.000000  0.000000  0.000000  1.000000  0.000000  0.000000  0.000000  1.000000  0.999996  0.002659  0.000845  -0.002659  0.999996  0.000095  -0.000845  -0.000097  1.000000  1.000000  0.000000  0.000000  0.000000  1.000000  0.000000  0.000000  0.000000  1.000000  1.000000  0.000000  0.000000  0.000000  1.000000  0.000000  0.000000  0.000000  1.000000  0.000000  0.000000  
198.306761 -0.001702  0.090763  0.009617  0.992521  0.108216  0.056495  -0.108934  0.994001  0.009784  -0.055097  -0.015865  0.998355  -0.000106  -0.001106  0.000521  0.000000  0.000000  0.000000  2.000000  1.000000  0.000000  0.000000  0.000000  1.000000  0.000000  0.000000  0.000000  1.000000  0.999994  0.003276  0.000855  -0.003276  0.999995  0.000061  -0.000854  -0.000064  1.000000  1.000000  0.000000  0.000000  0.000000  1.000000  0.000000  0.000000  0.000000  1.000000  1.000000  0.000000  0.000000  0.000000  1.000000  0.000000  0.000000  0.000000  1.000000  0.000000  0.000000  
198.307764 -0.001702  0.090762  0.009619  0.992453  0.108823  0.056514  -0.109547  0.993933  0.009870  -0.055097  -0.015986  0.998353  -0.000166  -0.001227  0.000769  0.000000  0.000000  0.000000  2.000000  1.000000  0.000000  0.000000  0.000000  1.000000  0.000000  0.000000  0.000000  1.000000  0.999992  0.003893  0.000864  -0.003893  0.999992  0.000027  -0.000864  -0.000030  1.000000  1.000000  0.000000  0.000000  0.000000  1.000000  0.000000  0.000000  0.000000  1.000000  1.000000  0.000000  0.000000  0.000000  1.000000  0.000000  0.000000  0.000000  1.000000  0.000000  0.000000  
198.309017 -0.001703  0.090760  0.009621  0.992348  0.109637  0.056788  -0.110363  0.993843  0.009794  -0.055364  -0.015986  0.998338  -0.000234  -0.001346  0.001049  0.000000  0.000000  0.000000  2.000000  1.000000  0.000000  0.000000  0.000000  1.000000  0.000000  0.000000  0.000000  1.000000  0.999988  0.004712  0.001012  -0.004713  0.999989  0.000102  -0.001011  -0.000107  0.999999  1.000000  0.000000  0.000000  0.000000  1.000000  0.000000  0.000000  0.000000  1.000000  1.000000  0.000000  0.000000  0.000000  1.000000  0.000000  0.000000  0.000000  1.000000  0.000000  0.000000  
198.310032 -0.001703  0.090758  0.009625  0.992265  0.110240  0.057073  -0.110974  0.993775  0.009849  -0.055632  -0.016107  0.998321  -0.000277  -0.001415  0.001336  0.006036  -0.047904  0.185709  2.000000  1.000000  0.000037  0.000129  -0.000037  1.000000  0.000002  -0.000129  -0.000002  1.000000  0.999985  0.005325  0.001289  -0.005325  0.999986  0.000067  -0.001288  -0.000073  0.999999  1.000000  0.000019  0.000066  -0.000019  1.000000  0.000001  -0.000066  -0.000001  1.000000  1.000000  0.000037  0.000129  -0.000037  1.000000  0.000002  -0.000129  -0.000002  1.000000  0.000046  0.005479  
198.311267 -0.001703  0.090757  0.009630  0.992158  0.111054  0.057346  -0.111789  0.993684  0.009773  -0.055899  -0.016107  0.998307  -0.000335  -0.001507  0.001792  0.004496  -0.057456  0.213646  2.000000  1.000000  0.000116  0.000421  -0.000116  1.000000  0.000010  -0.000421  -0.000010  1.000000  0.999980  0.006140  0.001704  -0.006141  0.999981  0.000140  -0.001703  -0.000150  0.999999  1.000000  0.000020  0.000077  -0.000020  1.000000  0.000002  -0.000077  -0.000002  1.000000  1.000000  0.000116  0.000421  -0.000116  1.000000  0.000010  -0.000421  -0.000010  1.000000  0.000054  0.006374  
198.312269 -0.001703  0.090755  0.009634  0.992074  0.111663  0.057618  -0.112400  0.993616  0.009707  -0.056166  -0.016106  0.998292  -0.000398  -0.001612  0.002160  0.003314  -0.066691  0.233900  2.000000  1.000000  0.000178  0.000668  -0.000178  1.000000  0.000015  -0.000668  -0.000015  1.000000  0.999975  0.006753  0.001981  -0.006753  0.999977  0.000103  -0.001980  -0.000117  0.999998  1.000000  0.000021  0.000085  -0.000021  1.000000  0.000001  -0.000085  -0.000001  1.000000  1.000000  0.000178  0.000668  -0.000178  1.000000  0.000015  -0.000668  -0.000015  1.000000  0.000059  0.007038  
198.313518 -0.001704  0.090752  0.009640  0.991966  0.112470  0.057905  -0.113216  0.993523  0.009750  -0.056433  -0.016227  0.998275  -0.000487  -0.001813  0.002582  0.005826  -0.076116  0.261306  2.000000  0.999999  0.000272  0.001043  -0.000272  1.000000  0.000021  -0.001043  -0.000021  0.999999  0.999967  0.007776  0.002266  -0.007776  0.999970  0.000165  -0.002264  -0.000182  0.999997  1.000000  0.000024  0.000098  -0.000024  1.000000  0.000002  -0.000098  -0.000002  1.000000  0.999999  0.000272  0.001043  -0.000272  1.000000  0.000021  -0.001043  -0.000021  0.999999  0.000068  0.008101  
198.314526 -0.001706  0.090748  0.009644  0.991889  0.113082  0.058043  -0.113827  0.993453  0.009699  -0.056567  -0.016227  0.998267  -0.000608  -0.002019  0.002834  0.004657  -0.080929  0.281908  2.000000  0.999999  0.000373  0.001451  -0.000373  1.000000  0.000029  -0.001451  -0.000029  0.999999  0.999962  0.008390  0.002409  -0.008390  0.999965  0.000128  -0.002408  -0.000149  0.999997  1.000000  0.000026  0.000106  -0.000026  1.000000  0.000002  -0.000106  -0.000002  1.000000  0.999999  0.000373  0.001451  -0.000373  1.000000  0.000029  -0.001451  -0.000029  0.999999  0.000073  0.008730  
198.315769 -0.001708  0.090742  0.009649  0.991780  0.113895  0.058317  -0.114642  0.993360  0.009620  -0.056834  -0.016227  0.998252  -0.000691  -0.002232  0.003132  0.003082  -0.090376  0.309441  2.000000  0.999998  0.000510  0.002004  -0.000510  1.000000  0.000036  -0.002004  -0.000037  0.999998  0.999956  0.009005  0.002553  -0.009005  0.999959  0.000092  -0.002552  -0.000115  0.999997  1.000000  0.000029  0.000113  -0.000029  1.000000  0.000001  -0.000113  -0.000001  1.000000  0.999998  0.000510  0.002004  -0.000510  1.000000  0.000036  -0.002004  -0.000037  0.999998  0.000079  0.009360  
198.317019 -0.001709  0.090736  0.009655  0.991701  0.114507  0.058455  -0.115254  0.993290  0.009569  -0.056967  -0.016227  0.998244  -0.000760  -0.002388  0.003336  0.001906  -0.095185  0.330029  2.000000  0.999996  0.000659  0.002603  -0.000660  1.000000  0.000040  -0.002603  -0.000042  0.999997  0.999948  0.009822  0.002833  -0.009822  0.999952  0.000043  -0.002833  -0.000071  0.999996  1.000000  0.000031  0.000124  -0.000031  1.000000  0.000001  -0.000124  -0.000001  1.000000  0.999996  0.000659  0.002603  -0.000660  1.000000  0.000040  -0.002603  -0.000042  0.999997  0.000086  0.010223  
198.318269 -0.001710  0.090731  0.009661  0.991591  0.115313  0.058742  -0.116069  0.993195  0.009610  -0.057235  -0.016348  0.998227  -0.000753  -0.002592  0.003542  0.004395  -0.104639  0.357504  2.000000  0.999994  0.000820  0.003246  -0.000820  1.000000  0.000048  -0.003246  -0.000051  0.999995  0.999941  0.010436  0.002978  -0.010437  0.999946  0.000127  -0.002976  -0.000159  0.999996  1.000000  0.000033  0.000132  -0.000033  1.000000  0.000002  -0.000132  -0.000002  1.000000  0.999994  0.000820  0.003246  -0.000820  1.000000  0.000048  -0.003246  -0.000051  0.999995  0.000091  0.010854  
198.319515 -0.001710  0.090724  0.009666  0.991480  0.116119  0.059030  -0.116884  0.993099  0.009651  -0.057502  -0.016468  0.998210  -0.000642  -0.002857  0.003696  0.006876  -0.114109  0.385023  2.000000  0.999992  0.000989  0.003939  -0.000990  1.000000  0.000056  -0.003939  -0.000060  0.999992  0.999931  0.011254  0.003260  -0.011254  0.999937  0.000199  -0.003257  -0.000235  0.999995  1.000000  0.000035  0.000142  -0.000035  1.000000  0.000003  -0.000142  -0.000003  1.000000  0.999992  0.000989  0.003939  -0.000990  1.000000  0.000056  -0.003939  -0.000060  0.999992  0.000098  0.011719  
198.320516 -0.001709  0.090719  0.009670  0.991392  0.116728  0.059301  -0.117494  0.993027  0.009583  -0.057769  -0.016468  0.998194  -0.000556  -0.003072  0.003753  0.005616  -0.122451  0.402368  2.000000  0.999989  0.001130  0.004523  -0.001130  0.999999  0.000065  -0.004523  -0.000070  0.999990  0.999929  0.011457  0.003397  -0.011458  0.999934  0.000184  -0.003394  -0.000223  0.999994  1.000000  0.000035  0.000145  -0.000035  1.000000  0.000003  -0.000145  -0.000003  1.000000  0.999989  0.001130  0.004523  -0.001130  0.999999  0.000065  -0.004523  -0.000070  0.999990  0.000104  0.011952  
198.321765 -0.001708  0.090714  0.009675  0.991279  0.117542  0.059574  -0.118309  0.992931  0.009503  -0.058036  -0.016468  0.998179  -0.000404  -0.003326  0.003909  0.004054  -0.132901  0.433178  2.000000  0.999986  0.001268  0.005116  -0.001269  0.999999  0.000074  -0.005116  -0.000081  0.999987  0.999923  0.011866  0.003537  -0.011866  0.999930  0.000157  -0.003535  -0.000199  0.999994  1.000000  0.000036  0.000151  -0.000036  1.000000  0.000002  -0.000151  -0.000002  1.000000  0.999986  0.001268  0.005116  -0.001269  0.999999  0.000074  -0.005116  -0.000081  0.999987  0.000111  0.012383  
198.323012 -0.001708  0.090708  0.009680  0.991198  0.118153  0.059713  -0.118920  0.992859  0.009450  -0.058170  -0.016468  0.998171  -0.000327  -0.003572  0.004013  0.002857  -0.137742  0.453866  2.000000  0.999982  0.001447  0.005866  -0.001447  0.999999  0.000081  -0.005866  -0.000090  0.999983  0.999923  0.011866  0.003537  -0.011866  0.999930  0.000032  -0.003536  -0.000074  0.999994  1.000000  0.000036  0.000151  -0.000036  1.000000  0.000001  -0.000151  -0.000001  1.000000  0.999982  0.001447  0.005866  -0.001447  0.999999  0.000081  -0.005866  -0.000090  0.999983  0.000117  0.012382  
198.324015 -0.001706  0.090704  0.009684  0.991134  0.118557  0.059982  -0.119326  0.992811  0.009393  -0.058437  -0.016467  0.998155  -0.000252  -0.003741  0.004143  0.001999  -0.145739  0.463659  2.000000  0.999978  0.001595  0.006475  -0.001596  0.999999  0.000082  -0.006474  -0.000093  0.999979  0.999921  0.012071  0.003540  -0.012071  0.999927  0.000019  -0.003540  -0.000061  0.999994  1.000000  0.000037  0.000153  -0.000037  1.000000  0.000000  -0.000153  -0.000001  1.000000  0.999978  0.001595  0.006475  -0.001596  0.999999  0.000082  -0.006474  -0.000093  0.999979  0.000120  0.012580  
198.325018 -0.001706  0.090699  0.009687  0.991077  0.118964  0.060118  -0.119733  0.992762  0.009353  -0.058570  -0.016467  0.998147  -0.000193  -0.003979  0.004154  0.001204  -0.151661  0.481228  2.000000  0.999973  0.001745  0.007088  -0.001746  0.999998  0.000083  -0.007088  -0.000096  0.999975  0.999921  0.012071  0.003540  -0.012071  0.999927  0.000017  -0.003540  -0.000060  0.999994  1.000000  0.000037  0.000153  -0.000037  1.000000  0.000000  -0.000153  -0.000000  1.000000  0.999973  0.001745  0.007088  -0.001746  0.999998  0.000083  -0.007088  -0.000096  0.999975  0.000123  0.012580  
198.326019 -0.001706  0.090694  0.009691  0.991020  0.119370  0.060254  -0.120140  0.992713  0.009312  -0.058704  -0.016467  0.998140  -0.000195  -0.004272  0.004121  0.000389  -0.156343  0.494855  2.000000  0.999968  0.001891  0.007709  -0.001892  0.999998  0.000083  -0.007709  -0.000098  0.999970  0.999918  0.012274  0.003677  -0.012274  0.999925  0.000003  -0.003677  -0.000048  0.999993  1.000000  0.000037  0.000156  -0.000037  1.000000  0.000000  -0.000156  -0.000000  1.000000  0.999968  0.001891  0.007709  -0.001892  0.999998  0.000083  -0.007709  -0.000098  0.999970  0.000128  0.012814  
198.327271 -0.001706  0.090687  0.009694  0.990938  0.119981  0.060393  -0.120752  0.992640  0.009258  -0.058837  -0.016467  0.998132  -0.000183  -0.004624  0.003988  -0.000818  -0.161169  0.515492  2.000000  0.999962  0.002062  0.008484  -0.002063  0.999998  0.000077  -0.008484  -0.000094  0.999964  0.999919  0.012064  0.003942  -0.012064  0.999927  -0.000109  -0.003943  0.000062  0.999992  1.000000  0.000033  0.000155  -0.000033  1.000000  -0.000001  -0.000155  0.000001  1.000000  0.999962  0.002062  0.008484  -0.002063  0.999998  0.000077  -0.008484  -0.000094  0.999964  0.000133  0.012692  
198.328520 -0.001707  0.090679  0.009697  0.990872  0.120393  0.060647  -0.121158  0.992592  0.009081  -0.059105  -0.016346  0.998118  -0.000149  -0.004847  0.003832  -0.005749  -0.170388  0.529285  2.000000  0.999955  0.002216  0.009254  -0.002217  0.999998  0.000069  -0.009254  -0.000089  0.999957  0.999921  0.011857  0.004071  -0.011856  0.999930  -0.000220  -0.004073  0.000172  0.999992  1.000000  0.000030  0.000154  -0.000030  1.000000  -0.000002  -0.000154  0.000002  1.000000  0.999955  0.002216  0.009254  -0.002217  0.999998  0.000069  -0.009254  -0.000089  0.999957  0.000138  0.012538  
198.329771 -0.001708  0.090672  0.009700  0.990806  0.120797  0.060916  -0.121564  0.992543  0.009023  -0.059372  -0.016345  0.998102  -0.000105  -0.004993  0.003659  -0.005462  -0.174766  0.522278  2.000000  0.999949  0.002327  0.009866  -0.002328  0.999997  0.000052  -0.009865  -0.000075  0.999951  0.999923  0.011649  0.004201  -0.011648  0.999932  -0.000332  -0.004205  0.000283  0.999991  1.000000  0.000027  0.000152  -0.000027  1.000000  -0.000004  -0.000152  0.000004  1.000000  0.999949  0.002327  0.009866  -0.002328  0.999997  0.000052  -0.009865  -0.000075  0.999951  0.000138  0.012388  
198.331019 -0.001709  0.090664  0.009702  0.990748  0.121211  0.061037  -0.121971  0.992494  0.008861  -0.059505  -0.016224  0.998096  -0.000084  -0.005107  0.003425  -0.009249  -0.170139  0.515479  2.000000  0.999941  0.002455  0.010615  -0.002455  0.999997  0.000025  -0.010615  -0.000051  0.999944  0.999928  0.011239  0.004193  -0.011237  0.999937  -0.000432  -0.004198  0.000385  0.999991  1.000000  0.000025  0.000148  -0.000025  1.000000  -0.000005  -0.000148  0.000005  1.000000  0.999941  0.002455  0.010615  -0.002455  0.999997  0.000025  -0.010615  -0.000051  0.999944  0.000136  0.012003  
198.332268 -0.001710  0.090657  0.009704  0.990682  0.121615  0.061306  -0.122377  0.992445  0.008804  -0.059772  -0.016224  0.998080  -0.000055  -0.005224  0.003148  -0.013465  -0.170167  0.515452  2.000000  0.999933  0.002575  0.011330  -0.002575  0.999997  -0.000008  -0.011330  -0.000021  0.999936  0.999935  0.010624  0.004050  -0.010622  0.999943  -0.000519  -0.004055  0.000476  0.999992  1.000000  0.000023  0.000140  -0.000023  1.000000  -0.000006  -0.000140  0.000006  1.000000  0.999933  0.002575  0.011330  -0.002575  0.999997  -0.000008  -0.011330  -0.000021  0.999936  0.000136  0.011381  
198.333519 -0.001712  0.090649  0.009705  0.990616  0.122027  0.061560  -0.122783  0.992396  0.008625  -0.060039  -0.016103  0.998066  -0.000112  -0.005335  0.002889  -0.017645  -0.174631  0.515381  2.000000  0.999924  0.002684  0.011999  -0.002683  0.999996  -0.000044  -0.011999  0.000012  0.999928  0.999945  0.009806  0.003768  -0.009804  0.999952  -0.000714  -0.003775  0.000677  0.999993  1.000000  0.000020  0.000130  -0.000020  1.000000  -0.000009  -0.000130  0.000009  1.000000  0.999924  0.002684  0.011999  -0.002683  0.999996  -0.000044  -0.011999  0.000012  0.999928  0.000137  0.010529  
198.334768 -0.001713  0.090642  0.009707  0.990565  0.122436  0.061564  -0.123190  0.992346  0.008600  -0.060039  -0.016103  0.998066  -0.000233  -0.005421  0.002669  -0.017500  -0.173194  0.511139  2.000000  0.999916  0.002781  0.012630  -0.002780  0.999996  -0.000088  -0.012630  0.000053  0.999920  0.999951  0.009192  0.003625  -0.009190  0.999958  -0.000678  -0.003631  0.000645  0.999993  1.000000  0.000018  0.000122  -0.000018  1.000000  -0.000008  -0.000122  0.000008  1.000000  0.999916  0.002781  0.012630  -0.002780  0.999996  -0.000088  -0.012630  0.000053  0.999920  0.000135  0.009903  
198.336015 -0.001714  0.090635  0.009709  0.990532  0.122638  0.061698  -0.123393  0.992321  0.008571  -0.060173  -0.016103  0.998058  -0.000348  -0.005477  0.002471  -0.020787  -0.177467  0.497362  2.000000  0.999908  0.002870  0.013233  -0.002868  0.999996  -0.000131  -0.013233  0.000093  0.999912  0.999953  0.008986  0.003622  -0.008984  0.999959  -0.000667  -0.003628  0.000634  0.999993  1.000000  0.000017  0.000120  -0.000017  1.000000  -0.000008  -0.000120  0.000008  1.000000  0.999908  0.002870  0.013233  -0.002868  0.999996  -0.000131  -0.013233  0.000093  0.999912  0.000133  0.009711  
198.337015 -0.001715  0.090629  0.009710  0.990506  0.122842  0.061700  -0.123597  0.992296  0.008558  -0.060173  -0.016103  0.998058  -0.000495  -0.005542  0.002304  -0.020163  -0.178725  0.487693  2.000000  0.999904  0.002919  0.013579  -0.002917  0.999996  -0.000156  -0.013579  0.000116  0.999908  0.999957  0.008577  0.003482  -0.008575  0.999963  -0.000642  -0.003487  0.000612  0.999994  1.000000  0.000016  0.000115  -0.000016  1.000000  -0.000008  -0.000115  0.000008  1.000000  0.999904  0.002919  0.013579  -0.002917  0.999996  -0.000156  -0.013579  0.000116  0.999908  0.000128  0.009278  
198.338265 -0.001717  0.090623  0.009712  0.990473  0.123052  0.061819  -0.123800  0.992272  0.008408  -0.060307  -0.015981  0.998052  -0.000649  -0.005591  0.002128  -0.027191  -0.178449  0.467111  2.000000  0.999896  0.002997  0.014132  -0.002995  0.999995  -0.000203  -0.014132  0.000161  0.999900  0.999963  0.007966  0.003203  -0.007963  0.999968  -0.000847  -0.003210  0.000822  0.999995  1.000000  0.000015  0.000106  -0.000015  1.000000  -0.000010  -0.000106  0.000010  1.000000  0.999896  0.002997  0.014132  -0.002995  0.999995  -0.000203  -0.014132  0.000161  0.999900  0.000125  0.008626  
198.339529 -0.001719  0.090615  0.009714  0.990447  0.123256  0.061821  -0.124004  0.992246  0.008396  -0.060307  -0.015981  0.998052  -0.000905  -0.005749  0.001856  -0.026229  -0.167802  0.449602  2.000000  0.999888  0.003066  0.014653  -0.003062  0.999995  -0.000256  -0.014653  0.000211  0.999893  0.999967  0.007557  0.003063  -0.007554  0.999971  -0.000824  -0.003069  0.000800  0.999995  1.000000  0.000014  0.000101  -0.000014  1.000000  -0.000010  -0.000101  0.000010  1.000000  0.999888  0.003066  0.014653  -0.003062  0.999995  -0.000256  -0.014653  0.000211  0.999893  0.000122  0.008194  
198.340769 -0.001723  0.090607  0.009714  0.990414  0.123466  0.061940  -0.124207  0.992222  0.008246  -0.060440  -0.015860  0.998046  -0.001151  -0.005884  0.001616  -0.033219  -0.163051  0.429214  2.000000  0.999882  0.003116  0.015048  -0.003112  0.999995  -0.000307  -0.015049  0.000260  0.999887  0.999970  0.007146  0.003056  -0.007143  0.999974  -0.001042  -0.003063  0.001020  0.999995  1.000000  0.000012  0.000096  -0.000012  1.000000  -0.000013  -0.000096  0.000013  1.000000  0.999882  0.003116  0.015048  -0.003112  0.999995  -0.000307  -0.015049  0.000260  0.999887  0.000117  0.007840  
198.342019 -0.001727  0.090599  0.009714  0.990372  0.123674  0.062192  -0.124409  0.992198  0.008079  -0.060707  -0.015739  0.998032  -0.001408  -0.005971  0.001351  -0.036089  -0.159388  0.405083  2.000000  0.999875  0.003170  0.015503  -0.003164  0.999995  -0.000377  -0.015505  0.000328  0.999880  0.999975  0.006534  0.002778  -0.006531  0.999978  -0.001127  -0.002785  0.001109  0.999996  1.000000  0.000011  0.000088  -0.000011  1.000000  -0.000014  -0.000088  0.000014  1.000000  0.999875  0.003170  0.015503  -0.003164  0.999995  -0.000377  -0.015505  0.000328  0.999880  0.000112  0.007187  
198.343266 -0.001730  0.090592  0.009714  0.990338  0.123891  0.062296  -0.124612  0.992175  0.007809  -0.060841  -0.015497  0.998027  -0.001579  -0.005956  0.001134  -0.047190  -0.154555  0.384481  2.000000  0.999868  0.003211  0.015919  -0.003204  0.999995  -0.000453  -0.015920  0.000402  0.999873  0.999979  0.005920  0.002634  -0.005916  0.999982  -0.001212  -0.002641  0.001196  0.999996  1.000000  0.000008  0.000081  -0.000008  1.000000  -0.000015  -0.000081  0.000015  1.000000  0.999868  0.003211  0.015919  -0.003204  0.999995  -0.000453  -0.015920  0.000402  0.999873  0.000103  0.006590  
198.344278 -0.001733  0.090587  0.009714  0.990338  0.123891  0.062296  -0.124612  0.992175  0.007809  -0.060841  -0.015497  0.998027  -0.001688  -0.005880  0.000957  -0.045990  -0.149706  0.363774  2.000000  0.999863  0.003238  0.016234  -0.003230  0.999995  -0.000519  -0.016235  0.000467  0.999868  0.999981  0.005509  0.002627  -0.005505  0.999984  -0.001309  -0.002634  0.001294  0.999996  1.000000  0.000006  0.000076  -0.000006  1.000000  -0.000016  -0.000076  0.000016  1.000000  0.999863  0.003238  0.016234  -0.003230  0.999995  -0.000519  -0.016235  0.000467  0.999868  0.000100  0.006241  
198.345522 -0.001737  0.090581  0.009713  0.990305  0.124101  0.062415  -0.124815  0.992151  0.007659  -0.060974  -0.015375  0.998021  -0.001870  -0.005781  0.000823  -0.048917  -0.144858  0.343125  2.000000  0.999858  0.003263  0.016531  -0.003254  0.999995  -0.000590  -0.016533  0.000536  0.999863  0.999982  0.005304  0.002623  -0.005300  0.999985  -0.001418  -0.002631  0.001404  0.999996  1.000000  0.000005  0.000074  -0.000005  1.000000  -0.000018  -0.000074  0.000018  1.000000  0.999858  0.003263  0.016531  -0.003254  0.999995  -0.000590  -0.016533  0.000536  0.999863  0.000095  0.006083  
198.346522 -0.001739  0.090577  0.009713  0.990305  0.124108  0.062400  -0.124815  0.992151  0.007539  -0.060974  -0.015254  0.998023  -0.001992  -0.005639  0.000668  -0.051785  -0.139992  0.322433  2.000000  0.999854  0.003278  0.016747  -0.003268  0.999994  -0.000643  -0.016749  0.000588  0.999860  0.999985  0.004895  0.002483  -0.004891  0.999987  -0.001514  -0.002490  0.001502  0.999996  1.000000  0.000000  0.000000  0.000000  1.000000  0.000000  0.000000  0.000000  1.000000  0.999854  0.003278  0.016747  -0.003268  0.999994  -0.000643  -0.016749  0.000588  0.999860  0.000091  0.000000  
198.347767 -0.001743  0.090572  0.009711  0.990305  0.124108  0.062400  -0.124815  0.992151  0.007539  -0.060974  -0.015254  0.998023  -0.002094  -0.005457  0.000464  -0.054216  -0.134095  0.299338  2.000000  0.999854  0.003278  0.016747  -0.003268  0.999994  -0.000643  -0.016749  0.000588  0.999860  0.999988  0.004281  0.002340  -0.004277  0.999990  -0.001477  -0.002346  0.001467  0.999996  1.000000  0.000000  0.000000  0.000000  1.000000  0.000000  0.000000  0.000000  1.000000  0.999854  0.003278  0.016747  -0.003268  0.999994  -0.000643  -0.016749  0.000588  0.999860  0.000084  0.000000  
198.349017 -0.001746  0.090567  0.009710  0.990279  0.124320  0.062386  -0.125018  0.992127  0.007406  -0.060974  -0.015133  0.998025  -0.002261  -0.005305  0.000206  -0.061633  -0.125889  0.281248  2.000000  0.999854  0.003278  0.016747  -0.003268  0.999994  -0.000643  -0.016749  0.000588  0.999860  0.999990  0.003874  0.002066  -0.003871  0.999991  -0.001452  -0.002072  0.001444  0.999997  1.000000  0.000000  0.000000  0.000000  1.000000  0.000000  0.000000  0.000000  1.000000  0.999854  0.003278  0.016747  -0.003268  0.999994  -0.000643  -0.016749  0.000588  0.999860  0.000078  0.000000  
198.350267 -0.001749  0.090562  0.009708  0.990271  0.124318  0.062519  -0.125017  0.992127  0.007389  -0.061108  -0.015133  0.998016  -0.002402  -0.005102  -0.000043  -0.060065  -0.116462  0.253766  2.000000  0.999854  0.003278  0.016747  -0.003268  0.999994  -0.000643  -0.016749  0.000588  0.999860  0.999992  0.003465  0.001926  -0.003462  0.999993  -0.001427  -0.001930  0.001420  0.999997  1.000000  0.000000  0.000000  0.000000  1.000000  0.000000  0.000000  0.000000  1.000000  0.999854  0.003278  0.016747  -0.003268  0.999994  -0.000643  -0.016749  0.000588  0.999860  0.000073  0.000000  
198.351268 -0.001752  0.090559  0.009707  0.990271  0.124318  0.062519  -0.125017  0.992127  0.007389  -0.061108  -0.015133  0.998016  -0.002503  -0.004980  -0.000183  -0.058840  -0.111624  0.233088  2.000000  0.999854  0.003278  0.016747  -0.003268  0.999994  -0.000643  -0.016749  0.000588  0.999860  0.999994  0.003058  0.001652  -0.003056  0.999995  -0.001280  -0.001656  0.001275  0.999998  1.000000  0.000000  0.000000  0.000000  1.000000  0.000000  0.000000  0.000000  1.000000  0.999854  0.003278  0.016747  -0.003268  0.999994  -0.000643  -0.016749  0.000588  0.999860  0.000069  0.000000  
198.352637 -0.001755  0.090554  0.009705  0.990237  0.124528  0.062638  -0.125220  0.992103  0.007239  -0.061241  -0.015012  0.998010  -0.002594  -0.004811  -0.000420  -0.061884  -0.106460  0.218457  2.000000  0.999854  0.003278  0.016747  -0.003268  0.999994  -0.000643  -0.016749  0.000588  0.999860  0.999995  0.002855  0.001515  -0.002852  0.999995  -0.001390  -0.001519  0.001385  0.999998  1.000000  0.000000  0.000000  0.000000  1.000000  0.000000  0.000000  0.000000  1.000000  0.999854  0.003278  0.016747  -0.003268  0.999994  -0.000643  -0.016749  0.000588  0.999860  0.000065  0.000000  
198.353765 -0.001758  0.090549  0.009705  0.990237  0.124528  0.062638  -0.125220  0.992103  0.007239  -0.061241  -0.015012  0.998010  -0.002697  -0.004699  -0.000562  -0.060935  -0.097593  0.198809  2.000000  0.999854  0.003278  0.016747  -0.003268  0.999994  -0.000643  -0.016749  0.000588  0.999860  0.999996  0.002651  0.001378  -0.002649  0.999996  -0.001377  -0.001381  0.001373  0.999998  1.000000  0.000000  0.000000  0.000000  1.000000  0.000000  0.000000  0.000000  1.000000  0.999854  0.003278  0.016747  -0.003268  0.999994  -0.000643  -0.016749  0.000588  0.999860  0.000059  0.000000  
198.354766 -0.001761  0.090545  0.009704  0.990237  0.124535  0.062622  -0.125220  0.992103  0.007119  -0.061241  -0.014891  0.998012  -0.002758  -0.004522  -0.000715  -0.064203  -0.092876  0.185088  2.000000  0.999854  0.003278  0.016747  -0.003268  0.999994  -0.000643  -0.016749  0.000588  0.999860  0.999997  0.002242  0.001238  -0.002241  0.999997  -0.001230  -0.001241  0.001228  0.999998  1.000000  0.000000  0.000000  0.000000  1.000000  0.000000  0.000000  0.000000  1.000000  0.999854  0.003278  0.016747  -0.003268  0.999994  -0.000643  -0.016749  0.000588  0.999860  0.000056  0.000000  
198.356015 -0.001765  0.090541  0.009703  0.990237  0.124535  0.062622  -0.125220  0.992103  0.007119  -0.061241  -0.014891  0.998012  -0.002727  -0.004351  -0.000750  -0.062860  -0.087432  0.169924  2.000000  0.999854  0.003278  0.016747  -0.003268  0.999994  -0.000643  -0.016749  0.000588  0.999860  0.999997  0.002037  0.001235  -0.002035  0.999997  -0.001339  -0.001237  0.001337  0.999998  1.000000  0.000000  0.000000  0.000000  1.000000  0.000000  0.000000  0.000000  1.000000  0.999854  0.003278  0.016747  -0.003268  0.999994  -0.000643  -0.016749  0.000588  0.999860  0.000051  0.000000  
198.357016 -0.001767  0.090537  0.009703  0.990237  0.124543  0.062607  -0.125220  0.992104  0.006999  -0.061241  -0.014770  0.998014  -0.002680  -0.004101  -0.000787  0.000000  0.000000  0.000000  2.000000  0.999854  0.003278  0.016747  -0.003268  0.999994  -0.000643  -0.016749  0.000588  0.999860  0.999998  0.001833  0.001098  -0.001832  0.999997  -0.001448  -0.001100  0.001446  0.999998  1.000000  0.000000  0.000000  0.000000  1.000000  0.000000  0.000000  0.000000  1.000000  0.999854  0.003278  0.016747  -0.003268  0.999994  -0.000643  -0.016749  0.000588  0.999860  0.000000  0.000000  
198.358264 -0.001769  0.090535  0.009702  0.990237  0.124543  0.062607  -0.125220  0.992104  0.006999  -0.061241  -0.014770  0.998014  -0.002557  -0.003802  -0.000810  0.000000  0.000000  0.000000  2.000000  0.999854  0.003278  0.016747  -0.003268  0.999994  -0.000643  -0.016749  0.000588  0.999860  0.999998  0.001628  0.001095  -0.001627  0.999998  -0.001314  -0.001097  0.001312  0.999999  1.000000  0.000000  0.000000  0.000000  1.000000  0.000000  0.000000  0.000000  1.000000  0.999854  0.003278  0.016747  -0.003268  0.999994  -0.000643  -0.016749  0.000588  0.999860  0.000000  0.000000  
198.359266 -0.001770  0.090533  0.009702  0.990237  0.124551  0.062592  -0.125220  0.992105  0.006878  -0.061241  -0.014649  0.998015  -0.002461  -0.003614  -0.000778  0.000000  0.000000  0.000000  2.000000  0.999854  0.003278  0.016747  -0.003268  0.999994  -0.000643  -0.016749  0.000588  0.999860  0.999999  0.001424  0.000958  -0.001423  0.999998  -0.001301  -0.000960  0.001300  0.999999  1.000000  0.000000  0.000000  0.000000  1.000000  0.000000  0.000000  0.000000  1.000000  0.999854  0.003278  0.016747  -0.003268  0.999994  -0.000643  -0.016749  0.000588  0.999860  0.000000  0.000000  
198.360268 -0.001770  0.090532  0.009702  0.990229  0.124549  0.062725  -0.125219  0.992105  0.006861  -0.061375  -0.014649  0.998007  -0.002263  -0.003339  -0.000755  0.000000  0.000000  0.000000  2.000000  0.999854  0.003278  0.016747  -0.003268  0.999994  -0.000643  -0.016749  0.000588  0.999860  0.999999  0.001217  0.001088  -0.001216  0.999998  -0.001410  -0.001090  0.001409  0.999998  1.000000  0.000000  0.000000  0.000000  1.000000  0.000000  0.000000  0.000000  1.000000  0.999854  0.003278  0.016747  -0.003268  0.999994  -0.000643  -0.016749  0.000588  0.999860  0.000000  0.000000  
198.361272 -0.001771  0.090530  0.009702  0.990229  0.124549  0.062725  -0.125219  0.992105  0.006861  -0.061375  -0.014649  0.998007  -0.002113  -0.003144  -0.000717  0.000000  0.000000  0.000000  2.000000  0.999854  0.003278  0.016747  -0.003268  0.999994  -0.000643  -0.016749  0.000588  0.999860  0.999999  0.001014  0.000952  -0.001012  0.999999  -0.001276  -0.000953  0.001275  0.999999  1.000000  0.000000  0.000000  0.000000  1.000000  0.000000  0.000000  0.000000  1.000000  0.999854  0.003278  0.016747  -0.003268  0.999994  -0.000643  -0.016749  0.000588  0.999860  0.000000  0.000000  
198.362275 -0.001771  0.090529  0.009702  0.990229  0.124549  0.062725  -0.125219  0.992105  0.006861  -0.061375  -0.014649  0.998007  -0.001932  -0.002923  -0.000657  0.000000  0.000000  0.000000  2.000000  0.999854  0.003278  0.016747  -0.003268  0.999994  -0.000643  -0.016749  0.000588  0.999860  0.999999  0.001016  0.000818  -0.001015  0.999999  -0.001155  -0.000819  0.001154  0.999999  1.000000  0.000000  0.000000  0.000000  1.000000  0.000000  0.000000  0.000000  1.000000  0.999854  0.003278  0.016747  -0.003268  0.999994  -0.000643  -0.016749  0.000588  0.999860  0.000000  0.000000  
198.363521 -0.001770  0.090529  0.009701  0.990229  0.124556  0.062710  -0.125219  0.992106  0.006741  -0.061375  -0.014528  0.998009  -0.001683  -0.002633  -0.000598  0.000000  0.000000  0.000000  2.000000  0.999854  0.003278  0.016747  -0.003268  0.999994  -0.000643  -0.016749  0.000588  0.999860  0.999999  0.000812  0.000681  -0.000811  0.999999  -0.001142  -0.000682  0.001142  0.999999  1.000000  0.000000  0.000000  0.000000  1.000000  0.000000  0.000000  0.000000  1.000000  0.999854  0.003278  0.016747  -0.003268  0.999994  -0.000643  -0.016749  0.000588  0.999860  0.000000  0.000000  
198.364770 -0.001769  0.090529  0.009701  0.990229  0.124556  0.062710  -0.125219  0.992106  0.006741  -0.061375  -0.014528  0.998009  -0.001419  -0.002312  -0.000489  0.000000  0.000000  0.000000  2.000000  0.999854  0.003278  0.016747  -0.003268  0.999994  -0.000643  -0.016749  0.000588  0.999860  1.000000  0.000609  0.000544  -0.000608  0.999999  -0.001008  -0.000545  0.001008  0.999999  1.000000  0.000000  0.000000  0.000000  1.000000  0.000000  0.000000  0.000000  1.000000  0.999854  0.003278  0.016747  -0.003268  0.999994  -0.000643  -0.016749  0.000588  0.999860  0.000000  0.000000  
198.366015 -0.001769  0.090530  0.009701  0.990229  0.124556  0.062710  -0.125219  0.992106  0.006741  -0.061375  -0.014528  0.998009  -0.001166  -0.001984  -0.000395  0.000000  0.000000  0.000000  2.000000  0.999854  0.003278  0.016747  -0.003268  0.999994  -0.000643  -0.016749  0.000588  0.999860  1.000000  0.000405  0.000407  -0.000405  1.000000  -0.000874  -0.000408  0.000874  1.000000  1.000000  0.000000  0.000000  0.000000  1.000000  0.000000  0.000000  0.000000  1.000000  0.999854  0.003278  0.016747  -0.003268  0.999994  -0.000643  -0.016749  0.000588  0.999860  0.000000  0.000000  
198.367272 -0.001769  0.090529  0.009701  0.990221  0.124554  0.062842  -0.125218  0.992106  0.006724  -0.061509  -0.014528  0.998001  -0.000933  -0.001687  -0.000308  0.000000  0.000000  0.000000  2.000000  0.999854  0.003278  0.016747  -0.003268  0.999994  -0.000643  -0.016749  0.000588  0.999860  1.000000  0.000403  0.000541  -0.000403  1.000000  -0.000753  -0.000541  0.000753  1.000000  1.000000  0.000000  0.000000  0.000000  1.000000  0.000000  0.000000  0.000000  1.000000  0.999854  0.003278  0.016747  -0.003268  0.999994  -0.000643  -0.016749  0.000588  0.999860  0.000000  0.000000  
198.368518 -0.001768  0.090529  0.009702  0.990246  0.124342  0.062856  -0.125014  0.992131  0.006858  -0.061509  -0.014649  0.997999  -0.000661  -0.001352  -0.000198  0.000000  0.000000  0.000000  2.000000  0.999854  0.003278  0.016747  -0.003268  0.999994  -0.000643  -0.016749  0.000588  0.999860  1.000000  0.000198  0.000538  -0.000197  1.000000  -0.000619  -0.000538  0.000619  1.000000  1.000000  0.000000  0.000000  0.000000  1.000000  0.000000  0.000000  0.000000  1.000000  0.999854  0.003278  0.016747  -0.003268  0.999994  -0.000643  -0.016749  0.000588  0.999860  0.000000  0.000000  
198.369521 -0.001768  0.090529  0.009702  0.990246  0.124342  0.062856  -0.125014  0.992131  0.006858  -0.061509  -0.014649  0.997999  -0.000469  -0.001136  -0.000125  0.000000  0.000000  0.000000  2.000000  0.999854  0.003278  0.016747  -0.003268  0.999994  -0.000643  -0.016749  0.000588  0.999860  1.000000  0.000198  0.000538  -0.000197  1.000000  -0.000619  -0.000538  0.000619  1.000000  1.000000  0.000000  0.000000  0.000000  1.000000  0.000000  0.000000  0.000000  1.000000  0.999854  0.003278  0.016747  -0.003268  0.999994  -0.000643  -0.016749  0.000588  0.999860  0.000000  0.000000  
198.370530 -0.001767  0.090531  0.009703  0.990238  0.124340  0.062988  -0.125013  0.992131  0.006841  -0.061642  -0.014649  0.997991  -0.000177  -0.000730  0.000026  0.000000  0.000000  0.000000  2.000000  0.999854  0.003278  0.016747  -0.003268  0.999994  -0.000643  -0.016749  0.000588  0.999860  1.000000  -0.000010  0.000669  0.000010  1.000000  -0.000485  -0.000669  0.000485  1.000000  1.000000  0.000000  0.000000  0.000000  1.000000  0.000000  0.000000  0.000000  1.000000  0.999854  0.003278  0.016747  -0.003268  0.999994  -0.000643  -0.016749  0.000588  0.999860  0.000000  0.000000  
198.371766 -0.001765  0.090532  0.009705  0.990238  0.124340  0.062988  -0.125013  0.992131  0.006841  -0.061642  -0.014649  0.997991  0.000117  -0.000383  0.000154  0.000000  0.000000  0.000000  2.000000  0.999854  0.003278  0.016747  -0.003268  0.999994  -0.000643  -0.016749  0.000588  0.999860  1.000000  -0.000008  0.000535  0.000008  1.000000  -0.000485  -0.000535  0.000485  1.000000  1.000000  0.000000  0.000000  0.000000  1.000000  0.000000  0.000000  0.000000  1.000000  0.999854  0.003278  0.016747  -0.003268  0.999994  -0.000643  -0.016749  0.000588  0.999860  0.000000  0.000000  
198.373015 -0.001764  0.090533  0.009706  0.990238  0.124340  0.062988  -0.125013  0.992131  0.006841  -0.061642  -0.014649  0.997991  0.000336  -0.000083  0.000270  0.000000  0.000000  0.000000  2.000000  0.999854  0.003278  0.016747  -0.003268  0.999994  -0.000643  -0.016749  0.000588  0.999860  1.000000  -0.000211  0.000398  0.000211  1.000000  -0.000351  -0.000398  0.000351  1.000000  1.000000  0.000000  0.000000  0.000000  1.000000  0.000000  0.000000  0.000000  1.000000  0.999854  0.003278  0.016747  -0.003268  0.999994  -0.000643  -0.016749  0.000588  0.999860  0.000000  0.000000  
