1-Time 2-Px 3-Py 4-Pz 5-R11 6-R21 7-R31 8-R12 9-R22 10-R32 11-R13 12-R23 13-R33 14-Vx 15-Vy 16-Vz 17-Wx 18-Wy 19-Wz 20-state 21-PR11 22-PR21 23-PR31 24-PR12 25-PR22 26-PR32 27-PR13 28-PR23 29-PR33 
74.713326 0.009141  0.092715  -0.001841  0.995825  0.079943  -0.044073  -0.080127  0.996782  -0.002416  0.043738  0.005938  0.999025  -0.000488  0.001440  -0.000797  0.000000  0.000000  0.000000  2.000000  1.000000  0.000000  0.000000  -0.000000  1.000000  0.000000  0.000000  -0.000000  1.000000  1.000000  -0.000822  0.000139  0.000822  0.999999  0.000570  -0.000139  -0.000570  1.000000  1.000000  0.000000  0.000000  0.000000  1.000000  0.000000  0.000000  0.000000  1.000000  0.799548  0.517671  -0.304530  -0.599794  0.661941  -0.449534  -0.031130  0.542080  0.839750  0.000000  0.000000  
74.714334 0.009140  0.092716  -0.001842  0.995825  0.079943  -0.044073  -0.080127  0.996782  -0.002416  0.043738  0.005938  0.999025  -0.000473  0.001434  -0.000830  0.000000  0.000000  0.000000  2.000000  1.000000  0.000000  0.000000  0.000000  1.000000  0.000000  0.000000  0.000000  1.000000  1.000000  -0.000822  0.000139  0.000822  0.999999  0.000570  -0.000139  -0.000570  1.000000  1.000000  0.000000  0.000000  0.000000  1.000000  0.000000  0.000000  0.000000  1.000000  1.000000  0.000000  0.000000  0.000000  1.000000  0.000000  0.000000  0.000000  1.000000  0.000000  0.000000  
74.715578 0.009141  0.092717  -0.001845  0.995802  0.080153  -0.044197  -0.080331  0.996766  -0.002276  0.043872  0.005817  0.999020  -0.000408  0.001391  -0.000957  0.000000  0.000000  0.000000  2.000000  1.000000  0.000000  0.000000  0.000000  1.000000  0.000000  0.000000  0.000000  1.000000  1.000000  -0.000617  0.000004  0.000617  1.000000  0.000701  -0.000004  -0.000701  1.000000  1.000000  0.000000  0.000000  0.000000  1.000000  0.000000  0.000000  0.000000  1.000000  1.000000  0.000000  0.000000  0.000000  1.000000  0.000000  0.000000  0.000000  1.000000  0.000000  0.000000  
74.716828 0.009142  0.092717  -0.001847  0.995780  0.080357  -0.044331  -0.080536  0.996749  -0.002256  0.044006  0.005817  0.999014  -0.000294  0.001241  -0.001071  0.000000  0.000000  0.000000  2.000000  1.000000  0.000000  0.000000  0.000000  1.000000  0.000000  0.000000  0.000000  1.000000  1.000000  -0.000206  -0.000133  0.000207  1.000000  0.000597  0.000132  -0.000597  1.000000  1.000000  0.000000  0.000000  0.000000  1.000000  0.000000  0.000000  0.000000  1.000000  1.000000  0.000000  0.000000  0.000000  1.000000  0.000000  0.000000  0.000000  1.000000  0.000000  0.000000  
74.718078 0.009144  0.092717  -0.001850  0.995763  0.080562  -0.044331  -0.080741  0.996733  -0.002247  0.044006  0.005817  0.999014  -0.000157  0.001145  -0.001175  0.000000  0.000000  0.000000  2.000000  1.000000  0.000000  0.000000  0.000000  1.000000  0.000000  0.000000  0.000000  1.000000  1.000000  -0.000001  -0.000134  0.000001  1.000000  0.000606  0.000134  -0.000606  1.000000  1.000000  0.000000  0.000000  0.000000  1.000000  0.000000  0.000000  0.000000  1.000000  1.000000  0.000000  0.000000  0.000000  1.000000  0.000000  0.000000  0.000000  1.000000  0.000000  0.000000  
74.719329 0.009146  0.092717  -0.001852  0.995741  0.080772  -0.044455  -0.080945  0.996716  -0.002106  0.044139  0.005695  0.999009  0.000050  0.000996  -0.001257  0.000000  0.000000  0.000000  2.000000  1.000000  0.000000  0.000000  0.000000  1.000000  0.000000  0.000000  0.000000  1.000000  1.000000  -0.000002  -0.000268  0.000002  1.000000  0.000728  0.000268  -0.000728  1.000000  1.000000  0.000000  0.000000  0.000000  1.000000  0.000000  0.000000  0.000000  1.000000  1.000000  0.000000  0.000000  0.000000  1.000000  0.000000  0.000000  0.000000  1.000000  0.000000  0.000000  
74.720572 0.009150  0.092716  -0.001855  0.995718  0.080977  -0.044589  -0.081150  0.996700  -0.002086  0.044273  0.005695  0.999003  0.000326  0.000843  -0.001375  0.000000  0.000000  0.000000  2.000000  1.000000  0.000000  0.000000  0.000000  1.000000  0.000000  0.000000  0.000000  1.000000  1.000000  0.000409  -0.000404  -0.000409  1.000000  0.000625  0.000404  -0.000625  1.000000  1.000000  0.000000  0.000000  0.000000  1.000000  0.000000  0.000000  0.000000  1.000000  1.000000  0.000000  0.000000  0.000000  1.000000  0.000000  0.000000  0.000000  1.000000  0.000000  0.000000  
74.721572 0.009153  0.092716  -0.001856  0.995679  0.081386  -0.044723  -0.081559  0.996666  -0.002057  0.044407  0.005695  0.998997  0.000556  0.000749  -0.001446  0.000000  0.000000  0.000000  2.000000  1.000000  0.000000  0.000000  0.000000  1.000000  0.000000  0.000000  0.000000  1.000000  1.000000  0.000614  -0.000539  -0.000614  1.000000  0.000634  0.000539  -0.000634  1.000000  1.000000  0.000000  0.000000  0.000000  1.000000  0.000000  0.000000  0.000000  1.000000  1.000000  0.000000  0.000000  0.000000  1.000000  0.000000  0.000000  0.000000  1.000000  0.000000  0.000000  
74.722822 0.009156  0.092715  -0.001859  0.995639  0.081796  -0.044857  -0.081969  0.996633  -0.002027  0.044540  0.005695  0.998991  0.000841  0.000570  -0.001552  0.000000  0.000000  0.000000  2.000000  1.000000  0.000000  0.000000  0.000000  1.000000  0.000000  0.000000  0.000000  1.000000  0.999999  0.001230  -0.000676  -0.001230  0.999999  0.000662  0.000677  -0.000661  1.000000  1.000000  0.000000  0.000000  0.000000  1.000000  0.000000  0.000000  0.000000  1.000000  1.000000  0.000000  0.000000  0.000000  1.000000  0.000000  0.000000  0.000000  1.000000  0.000000  0.000000  
74.723825 0.009159  0.092714  -0.001862  0.995599  0.082211  -0.044981  -0.082378  0.996599  -0.001877  0.044674  0.005574  0.998986  0.001086  0.000387  -0.001691  0.000000  0.000000  0.000000  2.000000  1.000000  0.000000  0.000000  0.000000  1.000000  0.000000  0.000000  0.000000  1.000000  0.999998  0.001640  -0.000946  -0.001639  0.999998  0.000559  0.000947  -0.000557  0.999999  1.000000  0.000000  0.000000  0.000000  1.000000  0.000000  0.000000  0.000000  1.000000  1.000000  0.000000  0.000000  0.000000  1.000000  0.000000  0.000000  0.000000  1.000000  0.000000  0.000000  
74.725074 0.009163  0.092714  -0.001867  0.995559  0.082620  -0.045115  -0.082788  0.996565  -0.001847  0.044808  0.005574  0.998980  0.001379  0.000212  -0.001981  0.000000  0.000000  0.000000  2.000000  1.000000  0.000000  0.000000  0.000000  1.000000  0.000000  0.000000  0.000000  1.000000  0.999997  0.002051  -0.001082  -0.002050  0.999998  0.000699  0.001083  -0.000697  0.999999  1.000000  0.000000  0.000000  0.000000  1.000000  0.000000  0.000000  0.000000  1.000000  1.000000  0.000000  0.000000  0.000000  1.000000  0.000000  0.000000  0.000000  1.000000  0.000000  0.000000  
74.726075 0.009167  0.092714  -0.001871  0.995536  0.082825  -0.045249  -0.082992  0.996549  -0.001827  0.044941  0.005574  0.998974  0.001666  0.000101  -0.002190  0.000000  0.000000  0.000000  2.000000  1.000000  0.000000  0.000000  0.000000  1.000000  0.000000  0.000000  0.000000  1.000000  0.999996  0.002462  -0.001084  -0.002461  0.999997  0.000717  0.001086  -0.000715  0.999999  1.000000  0.000000  0.000000  0.000000  1.000000  0.000000  0.000000  0.000000  1.000000  1.000000  0.000000  0.000000  0.000000  1.000000  0.000000  0.000000  0.000000  1.000000  0.000000  0.000000  
74.727077 0.009170  0.092714  -0.001875  0.995502  0.083235  -0.045249  -0.083402  0.996514  -0.001808  0.044941  0.005574  0.998974  0.001970  0.000022  -0.002343  0.000000  0.000000  0.000000  2.000000  1.000000  0.000000  0.000000  0.000000  1.000000  0.000000  0.000000  0.000000  1.000000  0.999995  0.002873  -0.001220  -0.002872  0.999996  0.000615  0.001222  -0.000611  0.999999  1.000000  0.000000  0.000000  0.000000  1.000000  0.000000  0.000000  0.000000  1.000000  1.000000  0.000000  0.000000  0.000000  1.000000  0.000000  0.000000  0.000000  1.000000  0.000000  0.000000  
74.728328 0.009175  0.092713  -0.001880  0.995462  0.083645  -0.045383  -0.083811  0.996480  -0.001778  0.045075  0.005574  0.998968  0.002304  -0.000150  -0.002600  0.000000  0.000000  0.000000  2.000000  1.000000  0.000000  0.000000  0.000000  1.000000  0.000000  0.000000  0.000000  1.000000  0.999993  0.003489  -0.001357  -0.003488  0.999994  0.000643  0.001359  -0.000638  0.999999  1.000000  0.000000  0.000000  0.000000  1.000000  0.000000  0.000000  0.000000  1.000000  1.000000  0.000000  0.000000  0.000000  1.000000  0.000000  0.000000  0.000000  1.000000  0.000000  0.000000  
74.729333 0.009178  0.092713  -0.001884  0.995421  0.084054  -0.045517  -0.084221  0.996446  -0.001748  0.045209  0.005574  0.998962  0.002509  -0.000260  -0.002796  0.000000  0.000000  0.000000  2.000000  1.000000  0.000000  0.000000  0.000000  1.000000  0.000000  0.000000  0.000000  1.000000  0.999991  0.003900  -0.001493  -0.003899  0.999992  0.000662  0.001496  -0.000656  0.999999  1.000000  0.000000  0.000000  0.000000  1.000000  0.000000  0.000000  0.000000  1.000000  1.000000  0.000000  0.000000  0.000000  1.000000  0.000000  0.000000  0.000000  1.000000  0.000000  0.000000  
74.730579 0.009183  0.092711  -0.001890  0.995380  0.084464  -0.045651  -0.084630  0.996411  -0.001718  0.045342  0.005574  0.998956  0.002870  -0.000432  -0.003064  0.000000  0.000000  0.000000  2.000000  1.000000  0.000000  0.000000  0.000000  1.000000  0.000000  0.000000  0.000000  1.000000  0.999989  0.004310  -0.001629  -0.004309  0.999990  0.000681  0.001632  -0.000674  0.999998  1.000000  0.000000  0.000000  0.000000  1.000000  0.000000  0.000000  0.000000  1.000000  1.000000  0.000000  0.000000  0.000000  1.000000  0.000000  0.000000  0.000000  1.000000  0.000000  0.000000  
74.731827 0.009188  0.092709  -0.001895  0.995339  0.084868  -0.045795  -0.085039  0.996376  -0.001809  0.045476  0.005695  0.998949  0.003038  -0.000529  -0.003185  0.000000  0.000000  0.000000  2.000000  1.000000  0.000000  0.000000  0.000000  1.000000  0.000000  0.000000  0.000000  1.000000  0.999986  0.004926  -0.001767  -0.004925  0.999988  0.000467  0.001769  -0.000459  0.999998  1.000000  0.000000  0.000000  0.000000  1.000000  0.000000  0.000000  0.000000  1.000000  1.000000  0.000000  0.000000  0.000000  1.000000  0.000000  0.000000  0.000000  1.000000  0.000000  0.000000  
74.732828 0.009191  0.092708  -0.001899  0.995316  0.085072  -0.045929  -0.085244  0.996359  -0.001788  0.045610  0.005695  0.998943  0.003211  -0.000630  -0.003308  0.000000  0.000000  0.000000  2.000000  1.000000  0.000053  0.000044  -0.000053  1.000000  0.000006  -0.000044  -0.000006  1.000000  0.999985  0.005131  -0.001902  -0.005130  0.999987  0.000477  0.001904  -0.000468  0.999998  1.000000  0.000053  0.000044  -0.000053  1.000000  0.000006  -0.000044  -0.000006  1.000000  1.000000  0.000053  0.000044  -0.000053  1.000000  0.000006  -0.000044  -0.000006  1.000000  0.000000  0.005493  
74.734191 0.009195  0.092705  -0.001903  0.995274  0.085482  -0.046063  -0.085653  0.996323  -0.001758  0.045743  0.005695  0.998937  0.003284  -0.000808  -0.003453  0.023948  0.068199  0.171698  2.000000  1.000000  0.000321  0.000268  -0.000321  1.000000  0.000036  -0.000268  -0.000036  1.000000  0.999984  0.005336  -0.002037  -0.005335  0.999986  0.000488  0.002039  -0.000477  0.999998  1.000000  0.000055  0.000045  -0.000055  1.000000  0.000006  -0.000045  -0.000006  1.000000  1.000000  0.000321  0.000268  -0.000321  1.000000  0.000036  -0.000268  -0.000036  1.000000  0.000000  0.005732  
74.735320 0.009199  0.092700  -0.001908  0.995251  0.085686  -0.046196  -0.085857  0.996306  -0.001737  0.045877  0.005695  0.998931  0.003391  -0.001062  -0.003592  0.024367  0.073015  0.179282  2.000000  1.000000  0.000549  0.000462  -0.000549  1.000000  0.000060  -0.000462  -0.000061  1.000000  0.999982  0.005748  -0.001905  -0.005747  0.999983  0.000506  0.001908  -0.000495  0.999998  1.000000  0.000057  0.000050  -0.000057  1.000000  0.000006  -0.000050  -0.000006  1.000000  1.000000  0.000549  0.000462  -0.000549  1.000000  0.000060  -0.000462  -0.000061  1.000000  0.000049  0.006076  
74.736325 0.009203  0.092697  -0.001912  0.995215  0.086096  -0.046197  -0.086267  0.996271  -0.001718  0.045877  0.005695  0.998931  0.003446  -0.001269  -0.003753  0.020908  0.073079  0.193093  2.000000  0.999999  0.000783  0.000662  -0.000783  1.000000  0.000082  -0.000662  -0.000083  1.000000  0.999981  0.005747  -0.002039  -0.005747  0.999983  0.000386  0.002041  -0.000374  0.999998  1.000000  0.000058  0.000049  -0.000058  1.000000  0.000005  -0.000049  -0.000005  1.000000  0.999999  0.000783  0.000662  -0.000783  1.000000  0.000082  -0.000662  -0.000083  1.000000  0.000051  0.006110  
74.737326 0.009207  0.092693  -0.001917  0.995191  0.086301  -0.046331  -0.086472  0.996253  -0.001697  0.046010  0.005695  0.998925  0.003462  -0.001500  -0.003925  0.021540  0.077648  0.206867  2.000000  0.999999  0.000961  0.000814  -0.000961  1.000000  0.000097  -0.000814  -0.000098  1.000000  0.999980  0.005953  -0.002040  -0.005952  0.999982  0.000396  0.002042  -0.000384  0.999998  1.000000  0.000059  0.000052  -0.000059  1.000000  0.000005  -0.000052  -0.000005  1.000000  0.999999  0.000961  0.000814  -0.000961  1.000000  0.000097  -0.000814  -0.000098  1.000000  0.000056  0.006305  
74.738347 0.009209  0.092689  -0.001922  0.995167  0.086499  -0.046475  -0.086676  0.996235  -0.001796  0.046144  0.005816  0.998918  0.003439  -0.001746  -0.004061  0.017649  0.081552  0.212067  2.000000  0.999999  0.001198  0.001018  -0.001198  0.999999  0.000111  -0.001018  -0.000113  0.999999  0.999980  0.005952  -0.002175  -0.005951  0.999982  0.000276  0.002176  -0.000263  0.999998  1.000000  0.000061  0.000051  -0.000061  1.000000  0.000003  -0.000051  -0.000003  1.000000  0.999999  0.001198  0.001018  -0.001198  0.999999  0.000111  -0.001018  -0.000113  0.999999  0.000058  0.006342  
74.739574 0.009212  0.092683  -0.001928  0.995149  0.086704  -0.046475  -0.086881  0.996217  -0.001787  0.046144  0.005816  0.998918  0.003392  -0.002086  -0.004201  0.018101  0.082245  0.220673  2.000000  0.999998  0.001442  0.001223  -0.001442  0.999999  0.000123  -0.001223  -0.000125  0.999999  0.999979  0.006158  -0.002176  -0.006157  0.999981  0.000164  0.002177  -0.000150  0.999998  1.000000  0.000062  0.000053  -0.000062  1.000000  0.000002  -0.000053  -0.000002  1.000000  0.999998  0.001442  0.001223  -0.001442  0.999999  0.000123  -0.001223  -0.000125  0.999999  0.000059  0.006533  
74.740574 0.009215  0.092679  -0.001933  0.995143  0.086698  -0.046619  -0.086880  0.996217  -0.001896  0.046278  0.005937  0.998911  0.003359  -0.002331  -0.004253  0.014351  0.086793  0.227545  2.000000  0.999998  0.001688  0.001434  -0.001688  0.999999  0.000129  -0.001434  -0.000132  0.999999  0.999980  0.005952  -0.002175  -0.005952  0.999982  0.000034  0.002176  -0.000021  0.999998  1.000000  0.000061  0.000051  -0.000061  1.000000  0.000000  -0.000051  -0.000000  1.000000  0.999998  0.001688  0.001434  -0.001688  0.999999  0.000129  -0.001434  -0.000132  0.999999  0.000060  0.006337  
74.741575 0.009219  0.092675  -0.001938  0.995125  0.086903  -0.046619  -0.087085  0.996199  -0.001887  0.046278  0.005937  0.998911  0.003324  -0.002631  -0.004328  0.010588  0.086834  0.234499  2.000000  0.999997  0.001932  0.001643  -0.001932  0.999998  0.000130  -0.001642  -0.000134  0.999999  0.999980  0.005952  -0.002042  -0.005952  0.999982  0.000034  0.002042  -0.000022  0.999998  1.000000  0.000059  0.000052  -0.000059  1.000000  0.000000  -0.000052  -0.000000  1.000000  0.999997  0.001932  0.001643  -0.001932  0.999998  0.000130  -0.001642  -0.000134  0.999999  0.000063  0.006293  
74.742824 0.009222  0.092669  -0.001944  0.995107  0.087102  -0.046630  -0.087290  0.996181  -0.001998  0.046278  0.006058  0.998910  0.003259  -0.002958  -0.004424  0.006824  0.086899  0.241429  2.000000  0.999996  0.002219  0.001895  -0.002219  0.999998  0.000131  -0.001894  -0.000135  0.999998  0.999982  0.005747  -0.001907  -0.005747  0.999983  0.000024  0.001907  -0.000013  0.999998  1.000000  0.000057  0.000050  -0.000057  1.000000  0.000000  -0.000050  -0.000000  1.000000  0.999996  0.002219  0.001895  -0.002219  0.999998  0.000131  -0.001894  -0.000135  0.999998  0.000065  0.006055  
74.743826 0.009224  0.092665  -0.001949  0.995101  0.087102  -0.046763  -0.087289  0.996181  -0.001986  0.046411  0.006058  0.998904  0.003171  -0.003173  -0.004467  0.006784  0.090651  0.239433  2.000000  0.999995  0.002436  0.002087  -0.002436  0.999997  0.000125  -0.002086  -0.000130  0.999998  0.999984  0.005336  -0.001905  -0.005336  0.999986  -0.000115  0.001904  0.000126  0.999998  1.000000  0.000054  0.000046  -0.000054  1.000000  -0.000002  -0.000046  0.000002  1.000000  0.999995  0.002436  0.002087  -0.002436  0.999997  0.000125  -0.002086  -0.000130  0.999998  0.000064  0.005667  
74.744856 0.009226  0.092661  -0.001953  0.995083  0.087301  -0.046774  -0.087494  0.996163  -0.002097  0.046411  0.006179  0.998903  0.003004  -0.003415  -0.004402  0.003088  0.086873  0.248100  2.000000  0.999994  0.002592  0.002221  -0.002592  0.999997  0.000120  -0.002221  -0.000126  0.999998  0.999985  0.005131  -0.001770  -0.005131  0.999987  -0.000125  0.001769  0.000134  0.999998  1.000000  0.000051  0.000044  -0.000051  1.000000  -0.000002  -0.000044  0.000002  1.000000  0.999994  0.002592  0.002221  -0.002592  0.999997  0.000120  -0.002221  -0.000126  0.999998  0.000064  0.005429  
74.746079 0.009228  0.092657  -0.001958  0.995083  0.087301  -0.046774  -0.087494  0.996163  -0.002097  0.046411  0.006179  0.998903  0.002874  -0.003580  -0.004407  -0.001595  0.082370  0.234571  2.000000  0.999994  0.002695  0.002310  -0.002695  0.999996  0.000110  -0.002310  -0.000117  0.999997  0.999987  0.004926  -0.001636  -0.004927  0.999988  -0.000377  0.001634  0.000385  0.999999  1.000000  0.000000  0.000000  0.000000  1.000000  0.000000  0.000000  0.000000  1.000000  0.999994  0.002695  0.002310  -0.002695  0.999996  0.000110  -0.002310  -0.000117  0.999997  0.000063  0.000000  
74.747327 0.009231  0.092653  -0.001964  0.995089  0.087296  -0.046651  -0.087495  0.996162  -0.002230  0.046278  0.006301  0.998909  0.002757  -0.003719  -0.004454  -0.006000  0.077839  0.227663  2.000000  0.999994  0.002695  0.002310  -0.002695  0.999996  0.000110  -0.002310  -0.000117  0.999997  0.999989  0.004515  -0.001500  -0.004516  0.999990  -0.000518  0.001497  0.000525  0.999999  1.000000  0.000000  0.000000  0.000000  1.000000  0.000000  0.000000  0.000000  1.000000  0.999994  0.002695  0.002310  -0.002695  0.999996  0.000110  -0.002310  -0.000117  0.999997  0.000061  0.000000  
74.748579 0.009231  0.092647  -0.001969  0.995089  0.087291  -0.046662  -0.087495  0.996162  -0.002351  0.046278  0.006422  0.998908  0.002563  -0.003931  -0.004494  -0.014138  0.073335  0.227670  2.000000  0.999994  0.002695  0.002310  -0.002695  0.999996  0.000110  -0.002310  -0.000117  0.999997  0.999991  0.004105  -0.001364  -0.004105  0.999991  -0.000537  0.001361  0.000543  0.999999  1.000000  0.000000  0.000000  0.000000  1.000000  0.000000  0.000000  0.000000  1.000000  0.999994  0.002695  0.002310  -0.002695  0.999996  0.000110  -0.002310  -0.000117  0.999997  0.000060  0.000000  
74.749831 0.009233  0.092641  -0.001974  0.995107  0.087085  -0.046662  -0.087290  0.996180  -0.002360  0.046278  0.006422  0.998908  0.002308  -0.004067  -0.004529  -0.014762  0.073240  0.213813  2.000000  0.999994  0.002695  0.002310  -0.002695  0.999996  0.000110  -0.002310  -0.000117  0.999997  0.999992  0.003694  -0.001228  -0.003695  0.999993  -0.000678  0.001225  0.000682  0.999999  1.000000  0.000000  0.000000  0.000000  1.000000  0.000000  0.000000  0.000000  1.000000  0.999994  0.002695  0.002310  -0.002695  0.999996  0.000110  -0.002310  -0.000117  0.999997  0.000059  0.000000  
74.751075 0.009233  0.092636  -0.001979  0.995107  0.087080  -0.046672  -0.087290  0.996180  -0.002481  0.046278  0.006543  0.998907  0.002045  -0.004159  -0.004483  -0.019293  0.068117  0.198396  2.000000  0.999994  0.002695  0.002310  -0.002695  0.999996  0.000110  -0.002310  -0.000117  0.999997  0.999995  0.002872  -0.001089  -0.002873  0.999996  -0.000837  0.001087  0.000840  0.999999  1.000000  0.000000  0.000000  0.000000  1.000000  0.000000  0.000000  0.000000  1.000000  0.999994  0.002695  0.002310  -0.002695  0.999996  0.000110  -0.002310  -0.000117  0.999997  0.000053  0.000000  
74.752082 0.009234  0.092631  -0.001982  0.995107  0.087080  -0.046672  -0.087290  0.996180  -0.002481  0.046278  0.006543  0.998907  0.001828  -0.004234  -0.004438  -0.020054  0.059602  0.186267  2.000000  0.999994  0.002695  0.002310  -0.002695  0.999996  0.000110  -0.002310  -0.000117  0.999997  0.999997  0.002462  -0.000953  -0.002463  0.999997  -0.000856  0.000950  0.000858  0.999999  1.000000  0.000000  0.000000  0.000000  1.000000  0.000000  0.000000  0.000000  1.000000  0.999994  0.002695  0.002310  -0.002695  0.999996  0.000110  -0.002310  -0.000117  0.999997  0.000049  0.000000  
74.753349 0.009234  0.092626  -0.001986  0.995114  0.087075  -0.046550  -0.087291  0.996179  -0.002614  0.046144  0.006664  0.998913  0.001647  -0.004183  -0.004229  -0.024741  0.050497  0.172368  2.000000  0.999994  0.002695  0.002310  -0.002695  0.999996  0.000110  -0.002310  -0.000117  0.999997  0.999997  0.002258  -0.000684  -0.002258  0.999997  -0.000745  0.000682  0.000746  0.999999  1.000000  0.000000  0.000000  0.000000  1.000000  0.000000  0.000000  0.000000  1.000000  0.999994  0.002695  0.002310  -0.002695  0.999996  0.000110  -0.002310  -0.000117  0.999997  0.000046  0.000000  
74.754574 0.009235  0.092620  -0.001989  0.995132  0.086870  -0.046549  -0.087086  0.996197  -0.002623  0.046144  0.006664  0.998913  0.001514  -0.004206  -0.004091  0.000000  0.000000  0.000000  2.000000  0.999994  0.002695  0.002310  -0.002695  0.999996  0.000110  -0.002310  -0.000117  0.999997  0.999998  0.001847  -0.000547  -0.001848  0.999998  -0.000885  0.000546  0.000886  0.999999  1.000000  0.000000  0.000000  0.000000  1.000000  0.000000  0.000000  0.000000  1.000000  0.999994  0.002695  0.002310  -0.002695  0.999996  0.000110  -0.002310  -0.000117  0.999997  0.000000  0.000000  
74.755823 0.009236  0.092616  -0.001991  0.995132  0.086870  -0.046549  -0.087086  0.996197  -0.002623  0.046144  0.006664  0.998913  0.001357  -0.004112  -0.003774  0.000000  0.000000  0.000000  2.000000  0.999994  0.002695  0.002310  -0.002695  0.999996  0.000110  -0.002310  -0.000117  0.999997  0.999999  0.001437  -0.000411  -0.001437  0.999999  -0.000904  0.000410  0.000904  1.000000  1.000000  0.000000  0.000000  0.000000  1.000000  0.000000  0.000000  0.000000  1.000000  0.999994  0.002695  0.002310  -0.002695  0.999996  0.000110  -0.002310  -0.000117  0.999997  0.000000  0.000000  
74.756825 0.009237  0.092612  -0.001993  0.995132  0.086870  -0.046549  -0.087086  0.996197  -0.002623  0.046144  0.006664  0.998913  0.001167  -0.004166  -0.003601  0.000000  0.000000  0.000000  2.000000  0.999994  0.002695  0.002310  -0.002695  0.999996  0.000110  -0.002310  -0.000117  0.999997  0.999999  0.001232  -0.000276  -0.001232  0.999999  -0.000913  0.000275  0.000914  1.000000  1.000000  0.000000  0.000000  0.000000  1.000000  0.000000  0.000000  0.000000  1.000000  0.999994  0.002695  0.002310  -0.002695  0.999996  0.000110  -0.002310  -0.000117  0.999997  0.000000  0.000000  
74.758082 0.009237  0.092606  -0.001995  0.995138  0.086865  -0.046426  -0.087086  0.996197  -0.002756  0.046010  0.006785  0.998918  0.000973  -0.004136  -0.003337  0.000000  0.000000  0.000000  2.000000  0.999994  0.002695  0.002310  -0.002695  0.999996  0.000110  -0.002310  -0.000117  0.999997  1.000000  0.000823  -0.000006  -0.000823  0.999999  -0.001054  0.000005  0.001054  0.999999  1.000000  0.000000  0.000000  0.000000  1.000000  0.000000  0.000000  0.000000  1.000000  0.999994  0.002695  0.002310  -0.002695  0.999996  0.000110  -0.002310  -0.000117  0.999997  0.000000  0.000000  
74.759323 0.009238  0.092601  -0.001999  0.995156  0.086660  -0.046426  -0.086881  0.996215  -0.002765  0.046010  0.006785  0.998918  0.000840  -0.004110  -0.003191  0.000000  0.000000  0.000000  2.000000  0.999994  0.002695  0.002310  -0.002695  0.999996  0.000110  -0.002310  -0.000117  0.999997  1.000000  0.000412  0.000131  -0.000412  0.999999  -0.000951  -0.000131  0.000951  1.000000  1.000000  0.000000  0.000000  0.000000  1.000000  0.000000  0.000000  0.000000  1.000000  0.999994  0.002695  0.002310  -0.002695  0.999996  0.000110  -0.002310  -0.000117  0.999997  0.000000  0.000000  
74.760329 0.009237  0.092597  -0.002001  0.995156  0.086660  -0.046426  -0.086881  0.996215  -0.002765  0.046010  0.006785  0.998918  0.000710  -0.004150  -0.003069  0.000000  0.000000  0.000000  2.000000  0.999994  0.002695  0.002310  -0.002695  0.999996  0.000110  -0.002310  -0.000117  0.999997  1.000000  0.000001  0.000134  -0.000001  1.000000  -0.000970  -0.000134  0.000970  1.000000  1.000000  0.000000  0.000000  0.000000  1.000000  0.000000  0.000000  0.000000  1.000000  0.999994  0.002695  0.002310  -0.002695  0.999996  0.000110  -0.002310  -0.000117  0.999997  0.000000  0.000000  
74.761576 0.009237  0.092593  -0.002004  0.995156  0.086660  -0.046426  -0.086881  0.996215  -0.002765  0.046010  0.006785  0.998918  0.000556  -0.004150  -0.002916  0.000000  0.000000  0.000000  2.000000  0.999994  0.002695  0.002310  -0.002695  0.999996  0.000110  -0.002310  -0.000117  0.999997  1.000000  0.000002  0.000268  -0.000002  1.000000  -0.000849  -0.000268  0.000849  1.000000  1.000000  0.000000  0.000000  0.000000  1.000000  0.000000  0.000000  0.000000  1.000000  0.999994  0.002695  0.002310  -0.002695  0.999996  0.000110  -0.002310  -0.000117  0.999997  0.000000  0.000000  
74.762581 0.009238  0.092589  -0.002006  0.995162  0.086661  -0.046293  -0.086882  0.996215  -0.002777  0.045877  0.006785  0.998924  0.000448  -0.004135  -0.002745  0.000000  0.000000  0.000000  2.000000  0.999994  0.002695  0.002310  -0.002695  0.999996  0.000110  -0.002310  -0.000117  0.999997  1.000000  -0.000203  0.000403  0.000203  1.000000  -0.000859  -0.000403  0.000859  1.000000  1.000000  0.000000  0.000000  0.000000  1.000000  0.000000  0.000000  0.000000  1.000000  0.999994  0.002695  0.002310  -0.002695  0.999996  0.000110  -0.002310  -0.000117  0.999997  0.000000  0.000000  
74.763826 0.009238  0.092586  -0.002009  0.995162  0.086661  -0.046293  -0.086882  0.996215  -0.002777  0.045877  0.006785  0.998924  0.000421  -0.004002  -0.002589  0.000000  0.000000  0.000000  2.000000  0.999994  0.002695  0.002310  -0.002695  0.999996  0.000110  -0.002310  -0.000117  0.999997  1.000000  -0.000409  0.000404  0.000409  1.000000  -0.000747  -0.000404  0.000747  1.000000  1.000000  0.000000  0.000000  0.000000  1.000000  0.000000  0.000000  0.000000  1.000000  0.999994  0.002695  0.002310  -0.002695  0.999996  0.000110  -0.002310  -0.000117  0.999997  0.000000  0.000000  
74.764832 0.009238  0.092583  -0.002011  0.995162  0.086661  -0.046293  -0.086882  0.996215  -0.002777  0.045877  0.006785  0.998924  0.000344  -0.003888  -0.002495  0.000000  0.000000  0.000000  2.000000  0.999994  0.002695  0.002310  -0.002695  0.999996  0.000110  -0.002310  -0.000117  0.999997  1.000000  -0.000408  0.000538  0.000408  1.000000  -0.000747  -0.000538  0.000747  1.000000  1.000000  0.000000  0.000000  0.000000  1.000000  0.000000  0.000000  0.000000  1.000000  0.999994  0.002695  0.002310  -0.002695  0.999996  0.000110  -0.002310  -0.000117  0.999997  0.000000  0.000000  
74.766079 0.009238  0.092579  -0.002015  0.995162  0.086661  -0.046293  -0.086882  0.996215  -0.002777  0.045877  0.006785  0.998924  0.000284  -0.003739  -0.002381  0.000000  0.000000  0.000000  2.000000  0.999994  0.002695  0.002310  -0.002695  0.999996  0.000110  -0.002310  -0.000117  0.999997  1.000000  -0.000613  0.000539  0.000614  1.000000  -0.000635  -0.000539  0.000635  1.000000  1.000000  0.000000  0.000000  0.000000  1.000000  0.000000  0.000000  0.000000  1.000000  0.999994  0.002695  0.002310  -0.002695  0.999996  0.000110  -0.002310  -0.000117  0.999997  0.000000  0.000000  
74.767332 0.009237  0.092576  -0.002016  0.995162  0.086661  -0.046293  -0.086882  0.996215  -0.002777  0.045877  0.006785  0.998924  0.000249  -0.003581  -0.002199  0.000000  0.000000  0.000000  2.000000  0.999994  0.002695  0.002310  -0.002695  0.999996  0.000110  -0.002310  -0.000117  0.999997  1.000000  -0.000614  0.000406  0.000614  1.000000  -0.000514  -0.000405  0.000514  1.000000  1.000000  0.000000  0.000000  0.000000  1.000000  0.000000  0.000000  0.000000  1.000000  0.999994  0.002695  0.002310  -0.002695  0.999996  0.000110  -0.002310  -0.000117  0.999997  0.000000  0.000000  
74.768342 0.009238  0.092574  -0.002018  0.995186  0.086462  -0.046148  -0.086678  0.996233  -0.002677  0.045743  0.006664  0.998931  0.000245  -0.003440  -0.002131  0.000000  0.000000  0.000000  2.000000  0.999994  0.002695  0.002310  -0.002695  0.999996  0.000110  -0.002310  -0.000117  0.999997  1.000000  -0.000820  0.000407  0.000820  1.000000  -0.000402  -0.000407  0.000402  1.000000  1.000000  0.000000  0.000000  0.000000  1.000000  0.000000  0.000000  0.000000  1.000000  0.999994  0.002695  0.002310  -0.002695  0.999996  0.000110  -0.002310  -0.000117  0.999997  0.000000  0.000000  
74.769581 0.009238  0.092572  -0.002018  0.995186  0.086462  -0.046148  -0.086678  0.996233  -0.002677  0.045743  0.006664  0.998931  0.000205  -0.003227  -0.001960  0.000000  0.000000  0.000000  2.000000  0.999994  0.002695  0.002310  -0.002695  0.999996  0.000110  -0.002310  -0.000117  0.999997  1.000000  -0.000819  0.000541  0.000819  1.000000  -0.000280  -0.000540  0.000281  1.000000  1.000000  0.000000  0.000000  0.000000  1.000000  0.000000  0.000000  0.000000  1.000000  0.999994  0.002695  0.002310  -0.002695  0.999996  0.000110  -0.002310  -0.000117  0.999997  0.000000  0.000000  
74.770821 0.009238  0.092569  -0.002019  0.995180  0.086462  -0.046282  -0.086677  0.996233  -0.002666  0.045877  0.006664  0.998925  0.000148  -0.003092  -0.001895  0.000000  0.000000  0.000000  2.000000  0.999994  0.002695  0.002310  -0.002695  0.999996  0.000110  -0.002310  -0.000117  0.999997  1.000000  -0.000614  0.000406  0.000614  1.000000  -0.000271  -0.000405  0.000271  1.000000  1.000000  0.000000  0.000000  0.000000  1.000000  0.000000  0.000000  0.000000  1.000000  0.999994  0.002695  0.002310  -0.002695  0.999996  0.000110  -0.002310  -0.000117  0.999997  0.000000  0.000000  
74.771826 0.009239  0.092567  -0.002021  0.995180  0.086467  -0.046271  -0.086677  0.996233  -0.002545  0.045877  0.006543  0.998926  0.000132  -0.002922  -0.001883  0.000000  0.000000  0.000000  2.000000  0.999994  0.002695  0.002310  -0.002695  0.999996  0.000110  -0.002310  -0.000117  0.999997  1.000000  -0.000614  0.000405  0.000614  1.000000  -0.000028  -0.000405  0.000029  1.000000  1.000000  0.000000  0.000000  0.000000  1.000000  0.000000  0.000000  0.000000  1.000000  0.999994  0.002695  0.002310  -0.002695  0.999996  0.000110  -0.002310  -0.000117  0.999997  0.000000  0.000000  
74.773073 0.009239  0.092565  -0.002022  0.995180  0.086467  -0.046271  -0.086677  0.996233  -0.002545  0.045877  0.006543  0.998926  0.000138  -0.002734  -0.001776  0.000000  0.000000  0.000000  2.000000  0.999994  0.002695  0.002310  -0.002695  0.999996  0.000110  -0.002310  -0.000117  0.999997  1.000000  -0.000614  0.000405  0.000614  1.000000  -0.000028  -0.000405  0.000029  1.000000  1.000000  0.000000  0.000000  0.000000  1.000000  0.000000  0.000000  0.000000  1.000000  0.999994  0.002695  0.002310  -0.002695  0.999996  0.000110  -0.002310  -0.000117  0.999997  0.000000  0.000000  
74.774323 0.009240  0.092563  -0.002024  0.995180  0.086467  -0.046271  -0.086677  0.996233  -0.002545  0.045877  0.006543  0.998926  0.000176  -0.002563  -0.001676  0.000000  0.000000  0.000000  2.000000  0.999994  0.002695  0.002310  -0.002695  0.999996  0.000110  -0.002310  -0.000117  0.999997  1.000000  -0.000410  0.000270  0.000410  1.000000  0.000102  -0.000270  -0.000102  1.000000  1.000000  0.000000  0.000000  0.000000  1.000000  0.000000  0.000000  0.000000  1.000000  0.999994  0.002695  0.002310  -0.002695  0.999996  0.000110  -0.002310  -0.000117  0.999997  0.000000  0.000000  
74.775325 0.009241  0.092561  -0.002025  0.995180  0.086467  -0.046271  -0.086677  0.996233  -0.002545  0.045877  0.006543  0.998926  0.000229  -0.002398  -0.001612  0.000000  0.000000  0.000000  2.000000  0.999994  0.002695  0.002310  -0.002695  0.999996  0.000110  -0.002310  -0.000117  0.999997  1.000000  -0.000410  0.000270  0.000410  1.000000  0.000102  -0.000270  -0.000102  1.000000  1.000000  0.000000  0.000000  0.000000  1.000000  0.000000  0.000000  0.000000  1.000000  0.999994  0.002695  0.002310  -0.002695  0.999996  0.000110  -0.002310  -0.000117  0.999997  0.000000  0.000000  
74.776570 0.009242  0.092560  -0.002026  0.995180  0.086473  -0.046261  -0.086677  0.996234  -0.002424  0.045877  0.006422  0.998926  0.000284  -0.002195  -0.001458  0.000000  0.000000  0.000000  2.000000  0.999994  0.002695  0.002310  -0.002695  0.999996  0.000110  -0.002310  -0.000117  0.999997  1.000000  -0.000410  0.000270  0.000410  1.000000  0.000224  -0.000270  -0.000224  1.000000  1.000000  0.000000  0.000000  0.000000  1.000000  0.000000  0.000000  0.000000  1.000000  0.999994  0.002695  0.002310  -0.002695  0.999996  0.000110  -0.002310  -0.000117  0.999997  0.000000  0.000000  
74.777571 0.009243  0.092559  -0.002027  0.995180  0.086473  -0.046261  -0.086677  0.996234  -0.002424  0.045877  0.006422  0.998926  0.000367  -0.002002  -0.001372  0.000000  0.000000  0.000000  2.000000  0.999994  0.002695  0.002310  -0.002695  0.999996  0.000110  -0.002310  -0.000117  0.999997  1.000000  -0.000410  0.000270  0.000409  1.000000  0.000345  -0.000270  -0.000345  1.000000  1.000000  0.000000  0.000000  0.000000  1.000000  0.000000  0.000000  0.000000  1.000000  0.999994  0.002695  0.002310  -0.002695  0.999996  0.000110  -0.002310  -0.000117  0.999997  0.000000  0.000000  
74.778578 0.009244  0.092558  -0.002029  0.995180  0.086473  -0.046261  -0.086677  0.996234  -0.002424  0.045877  0.006422  0.998926  0.000419  -0.001919  -0.001339  0.000000  0.000000  0.000000  2.000000  0.999994  0.002695  0.002310  -0.002695  0.999996  0.000110  -0.002310  -0.000117  0.999997  1.000000  -0.000410  0.000136  0.000410  1.000000  0.000345  -0.000137  -0.000345  1.000000  1.000000  0.000000  0.000000  0.000000  1.000000  0.000000  0.000000  0.000000  1.000000  0.999994  0.002695  0.002310  -0.002695  0.999996  0.000110  -0.002310  -0.000117  0.999997  0.000000  0.000000  
74.779590 0.009246  0.092557  -0.002030  0.995180  0.086473  -0.046261  -0.086677  0.996234  -0.002424  0.045877  0.006422  0.998926  0.000542  -0.001724  -0.001251  0.000000  0.000000  0.000000  2.000000  0.999994  0.002695  0.002310  -0.002695  0.999996  0.000110  -0.002310  -0.000117  0.999997  1.000000  -0.000410  0.000136  0.000410  1.000000  0.000345  -0.000137  -0.000345  1.000000  1.000000  0.000000  0.000000  0.000000  1.000000  0.000000  0.000000  0.000000  1.000000  0.999994  0.002695  0.002310  -0.002695  0.999996  0.000110  -0.002310  -0.000117  0.999997  0.000000  0.000000  
74.780825 0.009248  0.092557  -0.002032  0.995180  0.086478  -0.046250  -0.086677  0.996234  -0.002303  0.045877  0.006301  0.998927  0.000652  -0.001537  -0.001202  0.000000  0.000000  0.000000  2.000000  0.999994  0.002695  0.002310  -0.002695  0.999996  0.000110  -0.002310  -0.000117  0.999997  1.000000  -0.000205  0.000135  0.000205  1.000000  0.000476  -0.000135  -0.000476  1.000000  1.000000  0.000000  0.000000  0.000000  1.000000  0.000000  0.000000  0.000000  1.000000  0.999994  0.002695  0.002310  -0.002695  0.999996  0.000110  -0.002310  -0.000117  0.999997  0.000000  0.000000  
74.782078 0.009249  0.092555  -0.002035  0.995197  0.086273  -0.046250  -0.086472  0.996252  -0.002313  0.045877  0.006301  0.998927  0.000790  -0.001379  -0.001238  0.000000  0.000000  0.000000  2.000000  0.999994  0.002695  0.002310  -0.002695  0.999996  0.000110  -0.002310  -0.000117  0.999997  1.000000  -0.000410  0.000136  0.000410  1.000000  0.000466  -0.000137  -0.000466  1.000000  1.000000  0.000000  0.000000  0.000000  1.000000  0.000000  0.000000  0.000000  1.000000  0.999994  0.002695  0.002310  -0.002695  0.999996  0.000110  -0.002310  -0.000117  0.999997  0.000000  0.000000  
74.783342 0.009250  0.092555  -0.002037  0.995197  0.086279  -0.046239  -0.086472  0.996252  -0.002192  0.045877  0.006180  0.998928  0.000875  -0.001253  -0.001366  0.000000  0.000000  0.000000  2.000000  0.999994  0.002695  0.002310  -0.002695  0.999996  0.000110  -0.002310  -0.000117  0.999997  1.000000  -0.000411  0.000003  0.000411  1.000000  0.000588  -0.000003  -0.000588  1.000000  1.000000  0.000000  0.000000  0.000000  1.000000  0.000000  0.000000  0.000000  1.000000  0.999994  0.002695  0.002310  -0.002695  0.999996  0.000110  -0.002310  -0.000117  0.999997  0.000000  0.000000  
74.784577 0.009253  0.092554  -0.002040  0.995197  0.086284  -0.046229  -0.086472  0.996252  -0.002071  0.045877  0.006058  0.998929  0.000947  -0.001206  -0.001470  0.000000  0.000000  0.000000  2.000000  0.999994  0.002695  0.002310  -0.002695  0.999996  0.000110  -0.002310  -0.000117  0.999997  1.000000  -0.000411  0.000003  0.000411  1.000000  0.000588  -0.000003  -0.000588  1.000000  1.000000  0.000000  0.000000  0.000000  1.000000  0.000000  0.000000  0.000000  1.000000  0.999994  0.002695  0.002310  -0.002695  0.999996  0.000110  -0.002310  -0.000117  0.999997  0.000000  0.000000  
74.785578 0.009254  0.092553  -0.002043  0.995197  0.086284  -0.046229  -0.086472  0.996252  -0.002071  0.045877  0.006058  0.998929  0.001056  -0.001109  -0.001623  0.000000  0.000000  0.000000  2.000000  0.999994  0.002695  0.002310  -0.002695  0.999996  0.000110  -0.002310  -0.000117  0.999997  1.000000  -0.000411  0.000002  0.000411  1.000000  0.000709  -0.000003  -0.000709  1.000000  1.000000  0.000000  0.000000  0.000000  1.000000  0.000000  0.000000  0.000000  1.000000  0.999994  0.002695  0.002310  -0.002695  0.999996  0.000110  -0.002310  -0.000117  0.999997  0.000000  0.000000  
74.786823 0.009256  0.092552  -0.002046  0.995197  0.086284  -0.046229  -0.086472  0.996252  -0.002071  0.045877  0.006058  0.998929  0.001164  -0.000994  -0.001646  0.000000  0.000000  0.000000  2.000000  0.999994  0.002695  0.002310  -0.002695  0.999996  0.000110  -0.002310  -0.000117  0.999997  1.000000  -0.000411  0.000002  0.000411  1.000000  0.000709  -0.000003  -0.000709  1.000000  1.000000  0.000000  0.000000  0.000000  1.000000  0.000000  0.000000  0.000000  1.000000  0.999994  0.002695  0.002310  -0.002695  0.999996  0.000110  -0.002310  -0.000117  0.999997  0.000000  0.000000  
74.788073 0.009258  0.092552  -0.002048  0.995197  0.086284  -0.046229  -0.086472  0.996252  -0.002071  0.045877  0.006058  0.998929  0.001241  -0.000875  -0.001738  0.000000  0.000000  0.000000  2.000000  0.999994  0.002695  0.002310  -0.002695  0.999996  0.000110  -0.002310  -0.000117  0.999997  1.000000  -0.000411  0.000002  0.000411  1.000000  0.000709  -0.000003  -0.000709  1.000000  1.000000  0.000000  0.000000  0.000000  1.000000  0.000000  0.000000  0.000000  1.000000  0.999994  0.002695  0.002310  -0.002695  0.999996  0.000110  -0.002310  -0.000117  0.999997  0.000000  0.000000  
