1-Time 2-Px 3-Py 4-Pz 5-R11 6-R21 7-R31 8-R12 9-R22 10-R32 11-R13 12-R23 13-R33 14-Vx 15-Vy 16-Vz 17-Wx 18-Wy 19-Wz 20-state 21-PR11 22-PR21 23-PR31 24-PR12 25-PR22 26-PR32 27-PR13 28-PR23 29-PR33 
78.967933 0.009054  0.093741  -0.005022  0.995103  0.092017  -0.036104  -0.089974  0.994444  0.054638  0.040931  -0.051122  0.997853  -0.001522  0.000138  0.003810  0.000000  0.000000  0.000000  2.000000  1.000000  0.000000  0.000000  -0.000000  1.000000  0.000000  0.000000  -0.000000  1.000000  0.999988  -0.003322  -0.003519  0.003332  0.999990  0.003011  0.003509  -0.003023  0.999989  1.000000  0.000000  0.000000  0.000000  1.000000  0.000000  0.000000  0.000000  1.000000  0.646582  0.727724  -0.228800  -0.762759  0.612263  -0.208166  -0.011402  0.309116  0.950956  0.000000  0.000000  
78.969098 0.009052  0.093741  -0.005018  0.995110  0.091835  -0.036359  -0.089768  0.994449  0.054896  0.041198  -0.051364  0.997830  -0.001542  0.000109  0.003761  0.000000  0.000000  0.000000  2.000000  1.000000  0.000000  0.000000  0.000000  1.000000  0.000000  0.000000  0.000000  1.000000  0.999988  -0.003314  -0.003654  0.003325  0.999990  0.003131  0.003643  -0.003143  0.999988  1.000000  0.000000  0.000000  0.000000  1.000000  0.000000  0.000000  0.000000  1.000000  1.000000  0.000000  0.000000  0.000000  1.000000  0.000000  0.000000  0.000000  1.000000  0.000000  0.000000  
78.970106 0.009051  0.093740  -0.005016  0.995099  0.091857  -0.036602  -0.089767  0.994434  0.055161  0.041466  -0.051605  0.997806  -0.001510  0.000040  0.003612  0.143665  0.190664  -0.148674  2.000000  1.000000  0.000000  0.000000  0.000000  1.000000  0.000000  0.000000  0.000000  1.000000  0.999988  -0.003101  -0.003778  0.003113  0.999990  0.003260  0.003767  -0.003272  0.999988  1.000000  0.000000  0.000000  0.000000  1.000000  0.000000  0.000000  0.000000  1.000000  1.000000  0.000000  0.000000  0.000000  1.000000  0.000000  0.000000  0.000000  1.000000  0.000000  0.000000  
78.971354 0.009050  0.093738  -0.005014  0.995064  0.092096  -0.036956  -0.089970  0.994393  0.055567  0.041867  -0.051967  0.997771  -0.001380  -0.000087  0.003407  0.153273  0.191313  -0.135830  2.000000  1.000000  0.000000  0.000000  0.000000  1.000000  0.000000  0.000000  0.000000  1.000000  0.999988  -0.002675  -0.004024  0.002689  0.999991  0.003397  0.004015  -0.003408  0.999986  1.000000  0.000000  0.000000  0.000000  1.000000  0.000000  0.000000  0.000000  1.000000  1.000000  0.000000  0.000000  0.000000  1.000000  0.000000  0.000000  0.000000  1.000000  0.000071  0.000000  
78.972411 0.009050  0.093736  -0.005014  0.995047  0.092131  -0.037322  -0.089969  0.994371  0.055965  0.042268  -0.052330  0.997735  -0.001314  -0.000277  0.003165  0.161325  0.199568  -0.128164  2.000000  1.000000  0.000000  0.000000  0.000000  1.000000  0.000000  0.000000  0.000000  1.000000  0.999988  -0.002666  -0.004159  0.002682  0.999990  0.003639  0.004149  -0.003650  0.999985  1.000000  0.000000  0.000000  0.000000  1.000000  0.000000  0.000000  0.000000  1.000000  1.000000  0.000000  0.000000  0.000000  1.000000  0.000000  0.000000  0.000000  1.000000  0.000072  0.000000  
78.973658 0.009050  0.093733  -0.005013  0.995054  0.091954  -0.037566  -0.089763  0.994368  0.056343  0.042535  -0.052692  0.997705  -0.001159  -0.000516  0.002898  0.169434  0.199613  -0.128123  2.000000  1.000000  0.000000  0.000000  0.000000  1.000000  0.000000  0.000000  0.000000  1.000000  0.999987  -0.002658  -0.004293  0.002675  0.999989  0.003881  0.004283  -0.003892  0.999983  1.000000  0.000000  0.000000  0.000000  1.000000  0.000000  0.000000  0.000000  1.000000  1.000000  0.000000  0.000000  0.000000  1.000000  0.000000  0.000000  0.000000  1.000000  0.000074  0.000000  
78.974852 0.009052  0.093731  -0.005012  0.995032  0.092000  -0.038053  -0.089761  0.994338  0.056873  0.043070  -0.053175  0.997656  -0.000922  -0.000708  0.002619  0.182372  0.208854  -0.121059  2.000000  1.000000  0.000000  0.000000  0.000000  1.000000  0.000000  0.000000  0.000000  1.000000  0.999987  -0.002436  -0.004551  0.002455  0.999988  0.004252  0.004541  -0.004263  0.999981  1.000000  0.000000  0.000000  0.000000  1.000000  0.000000  0.000000  0.000000  1.000000  1.000000  0.000000  0.000000  0.000000  1.000000  0.000000  0.000000  0.000000  1.000000  0.000077  0.000000  
78.976175 0.009054  0.093729  -0.005011  0.994990  0.092247  -0.038539  -0.089964  0.994296  0.057291  0.043605  -0.053537  0.997613  -0.000650  -0.000887  0.002385  0.186338  0.220926  -0.106134  2.000000  1.000000  0.000000  0.000000  0.000000  1.000000  0.000000  0.000000  0.000000  1.000000  0.999985  -0.002207  -0.004942  0.002230  0.999987  0.004624  0.004932  -0.004635  0.999977  1.000000  0.000000  0.000000  0.000000  1.000000  0.000000  0.000000  0.000000  1.000000  1.000000  0.000000  0.000000  0.000000  1.000000  0.000000  0.000000  0.000000  1.000000  0.000078  0.000000  
78.977192 0.009055  0.093727  -0.005010  0.994954  0.092487  -0.038893  -0.090167  0.994254  0.057697  0.044006  -0.053899  0.997576  -0.000435  -0.000985  0.002199  0.194607  0.224958  -0.098911  2.000000  1.000000  0.000130  -0.000162  -0.000130  1.000000  0.000178  0.000162  -0.000178  1.000000  0.999985  -0.001780  -0.005188  0.001805  0.999986  0.004883  0.005179  -0.004893  0.999975  1.000000  0.000045  -0.000052  -0.000045  1.000000  0.000061  0.000052  -0.000061  1.000000  1.000000  0.000130  -0.000162  -0.000130  1.000000  0.000178  0.000162  -0.000178  1.000000  0.000080  0.007347  
78.978352 0.009057  0.093724  -0.005009  0.994887  0.092952  -0.039489  -0.090574  0.994184  0.058256  0.044674  -0.054381  0.997520  -0.000240  -0.001206  0.001936  0.208272  0.242611  -0.077526  2.000000  1.000000  0.000280  -0.000319  -0.000280  1.000000  0.000365  0.000319  -0.000365  1.000000  0.999982  -0.001543  -0.005712  0.001573  0.999986  0.005134  0.005704  -0.005143  0.999971  1.000000  0.000052  -0.000053  -0.000052  1.000000  0.000064  0.000053  -0.000064  1.000000  1.000000  0.000280  -0.000319  -0.000280  1.000000  0.000365  0.000319  -0.000365  1.000000  0.000082  0.007836  
78.979359 0.009058  0.093722  -0.005010  0.994851  0.093193  -0.039841  -0.090777  0.994142  0.058662  0.045075  -0.054743  0.997483  -0.000095  -0.001318  0.001671  0.216897  0.246328  -0.063406  2.000000  1.000000  0.000507  -0.000518  -0.000507  1.000000  0.000629  0.000519  -0.000629  1.000000  0.999982  -0.000911  -0.005946  0.000943  0.999985  0.005404  0.005941  -0.005409  0.999968  1.000000  0.000059  -0.000047  -0.000059  1.000000  0.000068  0.000047  -0.000068  1.000000  1.000000  0.000507  -0.000518  -0.000507  1.000000  0.000629  0.000519  -0.000629  1.000000  0.000084  0.008088  
78.980604 0.009060  0.093720  -0.005010  0.994802  0.093449  -0.040460  -0.090979  0.994098  0.059093  0.045743  -0.055104  0.997432  0.000199  -0.001462  0.001302  0.225637  0.263632  -0.048621  2.000000  0.999999  0.000820  -0.000752  -0.000819  0.999999  0.000970  0.000753  -0.000970  0.999999  0.999980  -0.000475  -0.006324  0.000511  0.999985  0.005543  0.006322  -0.005546  0.999965  1.000000  0.000065  -0.000045  -0.000065  1.000000  0.000069  0.000045  -0.000069  1.000000  0.999999  0.000820  -0.000752  -0.000819  0.999999  0.000970  0.000753  -0.000970  0.999999  0.000087  0.008424  
78.981608 0.009061  0.093718  -0.005010  0.994758  0.093698  -0.040945  -0.091182  0.994054  0.059511  0.046278  -0.055466  0.997388  0.000379  -0.001543  0.001038  0.234318  0.271870  -0.034280  2.000000  0.999999  0.001097  -0.000931  -0.001096  0.999999  0.001253  0.000932  -0.001252  0.999999  0.999978  -0.000040  -0.006702  0.000078  0.999984  0.005683  0.006702  -0.005683  0.999961  1.000000  0.000072  -0.000043  -0.000072  1.000000  0.000071  0.000043  -0.000071  1.000000  0.999999  0.001097  -0.000931  -0.001096  0.999999  0.001253  0.000932  -0.001252  0.999999  0.000091  0.008788  
78.982608 0.009063  0.093717  -0.005010  0.994715  0.093942  -0.041442  -0.091384  0.994018  0.059810  0.046812  -0.055707  0.997349  0.000594  -0.001564  0.000888  0.238662  0.284971  -0.026624  2.000000  0.999998  0.001400  -0.001096  -0.001398  0.999998  0.001545  0.001098  -0.001543  0.999998  0.999976  0.000388  -0.006947  -0.000347  0.999982  0.005945  0.006949  -0.005942  0.999958  1.000000  0.000078  -0.000039  -0.000078  1.000000  0.000074  0.000039  -0.000074  1.000000  0.999998  0.001400  -0.001096  -0.001398  0.999998  0.001545  0.001098  -0.001543  0.999998  0.000094  0.009151  
78.983856 0.009066  0.093715  -0.005010  0.994646  0.094404  -0.042047  -0.091791  0.993954  0.060250  0.047481  -0.056068  0.997297  0.000919  -0.001700  0.000574  0.242021  0.299874  -0.004859  2.000000  0.999998  0.001732  -0.001247  -0.001730  0.999997  0.001845  0.001250  -0.001842  0.999998  0.999972  0.001036  -0.007446  -0.000991  0.999982  0.005974  0.007452  -0.005967  0.999954  1.000000  0.000087  -0.000036  -0.000087  1.000000  0.000075  0.000036  -0.000075  1.000000  0.999998  0.001732  -0.001247  -0.001730  0.999997  0.001845  0.001250  -0.001842  0.999998  0.000097  0.009600  
78.985105 0.009068  0.093713  -0.005011  0.994570  0.094873  -0.042785  -0.092197  0.993889  0.060703  0.048283  -0.056428  0.997239  0.001186  -0.001776  0.000345  0.251170  0.316837  0.016733  2.000000  0.999997  0.002185  -0.001419  -0.002182  0.999995  0.002231  0.001424  -0.002228  0.999997  0.999968  0.001472  -0.007823  -0.001423  0.999980  0.006237  0.007832  -0.006226  0.999950  1.000000  0.000094  -0.000033  -0.000094  1.000000  0.000078  0.000033  -0.000078  1.000000  0.999997  0.002185  -0.001419  -0.002182  0.999995  0.002231  0.001424  -0.002228  0.999997  0.000101  0.010110  
78.986112 0.009071  0.093712  -0.005012  0.994525  0.095124  -0.043269  -0.092399  0.993844  0.061123  0.048817  -0.056790  0.997192  0.001411  -0.001797  0.000190  0.257438  0.332328  0.024583  2.000000  0.999995  0.002585  -0.001543  -0.002581  0.999993  0.002547  0.001550  -0.002543  0.999996  0.999963  0.002121  -0.008322  -0.002068  0.999977  0.006389  0.008336  -0.006372  0.999945  1.000000  0.000103  -0.000029  -0.000103  1.000000  0.000080  0.000029  -0.000080  1.000000  0.999995  0.002585  -0.001543  -0.002581  0.999993  0.002547  0.001550  -0.002543  0.999996  0.000106  0.010699  
78.987352 0.009073  0.093709  -0.005012  0.994466  0.095395  -0.044007  -0.092600  0.993791  0.061688  0.049619  -0.057271  0.997125  0.001597  -0.001833  0.000132  0.270188  0.353914  0.039689  2.000000  0.999994  0.003125  -0.001692  -0.003120  0.999991  0.002955  0.001701  -0.002950  0.999994  0.999956  0.002574  -0.008965  -0.002515  0.999975  0.006654  0.008982  -0.006631  0.999938  1.000000  0.000113  -0.000029  -0.000113  1.000000  0.000083  0.000029  -0.000083  1.000000  0.999994  0.003125  -0.001692  -0.003120  0.999991  0.002955  0.001701  -0.002950  0.999994  0.000112  0.011451  
78.988599 0.009076  0.093705  -0.005012  0.994407  0.095672  -0.044734  -0.092801  0.993729  0.062374  0.050421  -0.057874  0.997050  0.001725  -0.001863  0.000102  0.284715  0.367998  0.054139  2.000000  0.999991  0.003711  -0.001834  -0.003705  0.999987  0.003385  0.001847  -0.003378  0.999993  0.999951  0.003021  -0.009474  -0.002955  0.999971  0.007040  0.009495  -0.007012  0.999930  1.000000  0.000121  -0.000027  -0.000121  1.000000  0.000088  0.000027  -0.000088  1.000000  0.999991  0.003711  -0.001834  -0.003705  0.999987  0.003385  0.001847  -0.003378  0.999993  0.000118  0.012176  
78.989660 0.009078  0.093701  -0.005012  0.994354  0.095938  -0.045338  -0.093003  0.993675  0.062927  0.051089  -0.058356  0.996988  0.001763  -0.001991  0.000044  0.295068  0.387195  0.069317  2.000000  0.999989  0.004217  -0.001942  -0.004210  0.999984  0.003746  0.001958  -0.003738  0.999991  0.999945  0.003262  -0.009995  -0.003190  0.999968  0.007295  0.010019  -0.007263  0.999923  1.000000  0.000128  -0.000028  -0.000128  1.000000  0.000091  0.000028  -0.000091  1.000000  0.999989  0.004217  -0.001942  -0.004210  0.999984  0.003746  0.001958  -0.003738  0.999991  0.000123  0.012788  
78.990852 0.009080  0.093696  -0.005012  0.994287  0.096225  -0.046197  -0.093203  0.993612  0.063627  0.052024  -0.058957  0.996904  0.001785  -0.002239  -0.000108  0.310311  0.406607  0.083994  2.000000  0.999987  0.004761  -0.002037  -0.004753  0.999980  0.004128  0.002056  -0.004119  0.999989  0.999937  0.004121  -0.010479  -0.004039  0.999961  0.007825  0.010511  -0.007782  0.999914  1.000000  0.000139  -0.000021  -0.000139  1.000000  0.000098  0.000021  -0.000098  1.000000  0.999987  0.004761  -0.002037  -0.004753  0.999980  0.004128  0.002056  -0.004119  0.999989  0.000130  0.013700  
78.992126 0.009082  0.093689  -0.005013  0.994226  0.096505  -0.046922  -0.093404  0.993549  0.064313  0.052826  -0.059559  0.996826  0.001787  -0.002501  -0.000224  0.321211  0.426476  0.099531  2.000000  0.999984  0.005194  -0.002107  -0.005185  0.999977  0.004427  0.002130  -0.004416  0.999988  0.999929  0.004166  -0.011145  -0.004076  0.999959  0.008071  0.011178  -0.008025  0.999905  1.000000  0.000147  -0.000025  -0.000147  1.000000  0.000101  0.000025  -0.000101  1.000000  0.999984  0.005194  -0.002107  -0.005185  0.999977  0.004427  0.002130  -0.004416  0.999988  0.000135  0.014365  
78.993355 0.009082  0.093681  -0.005016  0.994176  0.096589  -0.047793  -0.093399  0.993504  0.065003  0.053761  -0.060161  0.996740  0.001723  -0.002847  -0.000444  0.334361  0.448416  0.114824  2.000000  0.999981  0.005807  -0.002206  -0.005796  0.999971  0.004851  0.002234  -0.004838  0.999986  0.999921  0.004420  -0.011797  -0.004319  0.999954  0.008571  0.011834  -0.008520  0.999894  1.000000  0.000155  -0.000027  -0.000155  1.000000  0.000107  0.000027  -0.000107  1.000000  0.999981  0.005807  -0.002206  -0.005796  0.999971  0.004851  0.002234  -0.004838  0.999986  0.000144  0.015223  
78.994619 0.009083  0.093674  -0.005019  0.994133  0.096667  -0.048531  -0.093395  0.993460  0.065681  0.054563  -0.060763  0.996660  0.001678  -0.003201  -0.000570  0.346865  0.470300  0.123132  2.000000  0.999975  0.006593  -0.002352  -0.006581  0.999964  0.005397  0.002387  -0.005382  0.999983  0.999916  0.004246  -0.012207  -0.004139  0.999953  0.008806  0.012244  -0.008755  0.999887  1.000000  0.000159  -0.000031  -0.000159  1.000000  0.000110  0.000031  -0.000110  1.000000  0.999975  0.006593  -0.002352  -0.006581  0.999964  0.005397  0.002387  -0.005382  0.999983  0.000149  0.015626  
78.995859 0.009084  0.093666  -0.005021  0.994089  0.096745  -0.049269  -0.093391  0.993416  0.066358  0.055364  -0.061365  0.996579  0.001642  -0.003556  -0.000700  0.359511  0.492361  0.131506  2.000000  0.999971  0.007239  -0.002478  -0.007224  0.999957  0.005848  0.002520  -0.005830  0.999980  0.999911  0.004278  -0.012605  -0.004164  0.999950  0.009052  0.012643  -0.008998  0.999880  1.000000  0.000163  -0.000033  -0.000163  1.000000  0.000113  0.000033  -0.000113  1.000000  0.999971  0.007239  -0.002478  -0.007224  0.999957  0.005848  0.002520  -0.005830  0.999980  0.000157  0.016083  
78.997101 0.009086  0.093659  -0.005023  0.994052  0.096822  -0.049862  -0.093387  0.993363  0.067143  0.056032  -0.062088  0.996497  0.001570  -0.003938  -0.000846  0.376279  0.505483  0.139436  2.000000  0.999964  0.008068  -0.002630  -0.008051  0.999947  0.006419  0.002682  -0.006397  0.999976  0.999909  0.004501  -0.012723  -0.004384  0.999948  0.009187  0.012764  -0.009130  0.999877  1.000000  0.000166  -0.000032  -0.000166  1.000000  0.000114  0.000032  -0.000114  1.000000  0.999964  0.008068  -0.002630  -0.008051  0.999947  0.006419  0.002682  -0.006397  0.999976  0.000164  0.016310  
78.998108 0.009086  0.093653  -0.005024  0.994014  0.096888  -0.050479  -0.093384  0.993327  0.067688  0.056700  -0.062569  0.996429  0.001476  -0.004207  -0.000934  0.388932  0.523061  0.147527  2.000000  0.999958  0.008734  -0.002760  -0.008715  0.999938  0.006877  0.002819  -0.006853  0.999973  0.999908  0.004310  -0.012867  -0.004192  0.999949  0.009178  0.012906  -0.009123  0.999875  1.000000  0.000166  -0.000035  -0.000166  1.000000  0.000114  0.000035  -0.000114  1.000000  0.999958  0.008734  -0.002760  -0.008715  0.999938  0.006877  0.002819  -0.006853  0.999973  0.000168  0.016367  
78.999356 0.009087  0.093647  -0.005024  0.993996  0.096763  -0.051086  -0.093176  0.993293  0.068462  0.057368  -0.063291  0.996345  0.001350  -0.004536  -0.000898  0.405305  0.531974  0.148296  2.000000  0.999950  0.009556  -0.002939  -0.009534  0.999927  0.007458  0.003010  -0.007429  0.999968  0.999913  0.003686  -0.012636  -0.003569  0.999951  0.009266  0.012670  -0.009220  0.999877  1.000000  0.000160  -0.000040  -0.000160  1.000000  0.000116  0.000040  -0.000116  1.000000  0.999950  0.009556  -0.002939  -0.009534  0.999927  0.007458  0.003010  -0.007429  0.999968  0.000173  0.016085  
79.000606 0.009089  0.093642  -0.005023  0.993969  0.096647  -0.051826  -0.092967  0.993258  0.069249  0.058170  -0.064014  0.996252  0.001226  -0.004787  -0.000778  0.416953  0.546215  0.135581  2.000000  0.999943  0.010200  -0.003107  -0.010176  0.999917  0.007927  0.003187  -0.007895  0.999964  0.999911  0.003300  -0.012927  -0.003178  0.999950  0.009487  0.012958  -0.009446  0.999871  1.000000  0.000160  -0.000046  -0.000160  1.000000  0.000118  0.000046  -0.000118  1.000000  0.999943  0.010200  -0.003107  -0.010176  0.999917  0.007927  0.003187  -0.007895  0.999964  0.000177  0.016360  
79.001607 0.009089  0.093637  -0.005022  0.993937  0.096706  -0.052310  -0.092964  0.993221  0.069781  0.058704  -0.064495  0.996190  0.001107  -0.004938  -0.000670  0.425108  0.550594  0.136024  2.000000  0.999936  0.010845  -0.003297  -0.010817  0.999906  0.008411  0.003388  -0.008375  0.999959  0.999910  0.003112  -0.013072  -0.002985  0.999948  0.009719  0.013102  -0.009680  0.999867  1.000000  0.000161  -0.000049  -0.000161  1.000000  0.000121  0.000049  -0.000121  1.000000  0.999936  0.010845  -0.003297  -0.010817  0.999906  0.008411  0.003388  -0.008375  0.999959  0.000179  0.016573  
79.002851 0.009089  0.093632  -0.005019  0.993936  0.096372  -0.052944  -0.092551  0.993214  0.070424  0.059372  -0.065096  0.996111  0.000973  -0.005077  -0.000526  0.429080  0.560207  0.122283  2.000000  0.999926  0.011641  -0.003552  -0.011609  0.999892  0.009027  0.003657  -0.008985  0.999953  0.999911  0.002709  -0.013097  -0.002579  0.999947  0.009939  0.013123  -0.009905  0.999865  1.000000  0.000158  -0.000053  -0.000158  1.000000  0.000124  0.000053  -0.000124  1.000000  0.999926  0.011641  -0.003552  -0.011609  0.999892  0.009027  0.003657  -0.008985  0.999953  0.000182  0.016653  
79.004102 0.009088  0.093625  -0.005017  0.993916  0.096250  -0.053552  -0.092343  0.993179  0.071197  0.060039  -0.065819  0.996024  0.000758  -0.005269  -0.000402  0.437388  0.569263  0.123199  2.000000  0.999915  0.012421  -0.003841  -0.012383  0.999877  0.009659  0.003960  -0.009611  0.999946  0.999912  0.001898  -0.013149  -0.001765  0.999947  0.010134  0.013168  -0.010110  0.999862  1.000000  0.000154  -0.000062  -0.000154  1.000000  0.000127  0.000062  -0.000127  1.000000  0.999915  0.012421  -0.003841  -0.012383  0.999877  0.009659  0.003960  -0.009611  0.999946  0.000185  0.016703  
79.005104 0.009087  0.093619  -0.005015  0.993902  0.096113  -0.054039  -0.092135  0.993152  0.071838  0.060574  -0.066421  0.995951  0.000523  -0.005331  -0.000205  0.448730  0.578669  0.117834  2.000000  0.999907  0.013028  -0.004093  -0.012986  0.999864  0.010176  0.004225  -0.010122  0.999940  0.999914  0.001280  -0.013056  -0.001145  0.999946  0.010340  0.013068  -0.010324  0.999861  1.000000  0.000149  -0.000069  -0.000149  1.000000  0.000129  0.000069  -0.000129  1.000000  0.999907  0.013028  -0.004093  -0.012986  0.999864  0.010176  0.004225  -0.010122  0.999940  0.000187  0.016699  
79.006165 0.009086  0.093613  -0.005013  0.993889  0.095971  -0.054538  -0.091927  0.993133  0.072357  0.061108  -0.066902  0.995887  0.000312  -0.005422  -0.000033  0.452530  0.579253  0.103676  2.000000  0.999898  0.013623  -0.004367  -0.013576  0.999851  0.010705  0.004512  -0.010644  0.999933  0.999914  0.000877  -0.013083  -0.000739  0.999944  0.010557  0.013091  -0.010547  0.999859  1.000000  0.000147  -0.000073  -0.000147  1.000000  0.000132  0.000073  -0.000132  1.000000  0.999898  0.013623  -0.004367  -0.013576  0.999851  0.010705  0.004512  -0.010644  0.999933  0.000188  0.016831  
79.007351 0.009083  0.093605  -0.005011  0.993886  0.095647  -0.055162  -0.091514  0.993116  0.073119  0.061776  -0.067624  0.995797  0.000068  -0.005533  0.000198  0.462773  0.586035  0.077696  2.000000  0.999888  0.014206  -0.004665  -0.014153  0.999837  0.011251  0.004824  -0.011184  0.999926  0.999914  0.000476  -0.013110  -0.000332  0.999939  0.011017  0.013114  -0.011012  0.999853  1.000000  0.000144  -0.000078  -0.000144  1.000000  0.000138  0.000078  -0.000138  1.000000  0.999888  0.014206  -0.004665  -0.014153  0.999837  0.011251  0.004824  -0.011184  0.999926  0.000190  0.017130  
79.008601 0.009081  0.093598  -0.005008  0.993890  0.095314  -0.055653  -0.091102  0.993098  0.073868  0.062310  -0.068346  0.995714  -0.000113  -0.005427  0.000599  0.466147  0.581992  0.056472  2.000000  0.999876  0.014913  -0.005068  -0.014852  0.999818  0.011948  0.005245  -0.011871  0.999916  0.999917  -0.000148  -0.012885  0.000292  0.999937  0.011221  0.012882  -0.011224  0.999854  1.000000  0.000138  -0.000083  -0.000138  1.000000  0.000140  0.000083  -0.000140  1.000000  0.999876  0.014913  -0.005068  -0.014852  0.999818  0.011948  0.005245  -0.011871  0.999916  0.000190  0.017088  
79.009850 0.009078  0.093591  -0.005005  0.993867  0.095196  -0.056263  -0.090894  0.993060  0.074640  0.062977  -0.069068  0.995622  -0.000360  -0.005412  0.001005  0.477483  0.587186  0.043380  2.000000  0.999863  0.015592  -0.005498  -0.015522  0.999799  0.012656  0.005695  -0.012569  0.999905  0.999918  -0.000763  -0.012794  0.000908  0.999936  0.011303  0.012784  -0.011313  0.999854  1.000000  0.000133  -0.000089  -0.000133  1.000000  0.000141  0.000089  -0.000141  1.000000  0.999863  0.015592  -0.005498  -0.015522  0.999799  0.012656  0.005695  -0.012569  0.999905  0.000192  0.017093  
79.010910 0.009076  0.093585  -0.005003  0.993879  0.094849  -0.056634  -0.090482  0.993051  0.075255  0.063378  -0.069670  0.995555  -0.000564  -0.005383  0.001298  0.487488  0.583186  0.022731  2.000000  0.999853  0.016115  -0.005861  -0.016036  0.999784  0.013229  0.006073  -0.013133  0.999895  0.999920  -0.001389  -0.012570  0.001532  0.999934  0.011384  0.012554  -0.011403  0.999856  1.000000  0.000127  -0.000094  -0.000127  1.000000  0.000142  0.000094  -0.000142  1.000000  0.999853  0.016115  -0.005861  -0.016036  0.999784  0.013229  0.006073  -0.013133  0.999895  0.000192  0.017023  
79.012110 0.009074  0.093578  -0.005000  0.993883  0.094526  -0.057115  -0.090070  0.993022  0.076123  0.063912  -0.070513  0.995461  -0.000807  -0.005375  0.001522  0.499054  0.581478  -0.004698  2.000000  0.999842  0.016617  -0.006244  -0.016529  0.999768  0.013811  0.006472  -0.013706  0.999885  0.999920  -0.002003  -0.012481  0.002148  0.999931  0.011586  0.012457  -0.011612  0.999855  1.000000  0.000122  -0.000100  -0.000122  1.000000  0.000145  0.000100  -0.000145  1.000000  0.999842  0.016617  -0.006244  -0.016529  0.999768  0.013811  0.006472  -0.013706  0.999885  0.000195  0.017156  
79.013352 0.009071  0.093571  -0.004999  0.993885  0.094204  -0.057597  -0.089658  0.992992  0.076990  0.064446  -0.071356  0.995367  -0.001075  -0.005454  0.001659  0.514110  0.578143  -0.024860  2.000000  0.999829  0.017196  -0.006748  -0.017097  0.999748  0.014541  0.006996  -0.014424  0.999871  0.999925  -0.002862  -0.011874  0.002997  0.999930  0.011409  0.011840  -0.011444  0.999864  1.000000  0.000110  -0.000106  -0.000110  1.000000  0.000143  0.000106  -0.000143  1.000000  0.999829  0.017196  -0.006748  -0.017097  0.999748  0.014541  0.006996  -0.014424  0.999871  0.000196  0.016726  
79.014355 0.009068  0.093564  -0.004999  0.993896  0.093859  -0.057970  -0.089246  0.992982  0.077605  0.064847  -0.071957  0.995297  -0.001298  -0.005527  0.001669  0.524976  0.575795  -0.052942  2.000000  0.999819  0.017615  -0.007160  -0.017505  0.999732  0.015121  0.007424  -0.014993  0.999860  0.999930  -0.003301  -0.011372  0.003432  0.999928  0.011502  0.011333  -0.011540  0.999869  1.000000  0.000102  -0.000107  -0.000102  1.000000  0.000144  0.000107  -0.000144  1.000000  0.999819  0.017615  -0.007160  -0.017505  0.999732  0.015121  0.007424  -0.014993  0.999860  0.000198  0.016522  
79.015602 0.009064  0.093557  -0.004999  0.993898  0.093538  -0.058453  -0.088834  0.992951  0.078471  0.065381  -0.072800  0.995201  -0.001622  -0.005665  0.001605  0.539663  0.568660  -0.080754  2.000000  0.999809  0.018016  -0.007585  -0.017896  0.999716  0.015713  0.007866  -0.015574  0.999848  0.999931  -0.003722  -0.011137  0.003853  0.999924  0.011716  0.011093  -0.011758  0.999869  1.000000  0.000097  -0.000110  -0.000097  1.000000  0.000147  0.000110  -0.000147  1.000000  0.999809  0.018016  -0.007585  -0.017896  0.999716  0.015713  0.007866  -0.015574  0.999848  0.000198  0.016603  
79.016603 0.009062  0.093552  -0.004999  0.993909  0.093194  -0.058827  -0.088422  0.992939  0.079085  0.065781  -0.073401  0.995131  -0.001797  -0.005696  0.001557  0.547247  0.560921  -0.094901  2.000000  0.999799  0.018398  -0.008017  -0.018265  0.999700  0.016310  0.008315  -0.016160  0.999835  0.999934  -0.003949  -0.010754  0.004076  0.999922  0.011821  0.010707  -0.011864  0.999872  1.000000  0.000091  -0.000110  -0.000091  1.000000  0.000148  0.000111  -0.000148  1.000000  0.999799  0.018398  -0.008017  -0.018265  0.999700  0.016310  0.008315  -0.016160  0.999835  0.000200  0.016478  
79.017855 0.009058  0.093545  -0.004998  0.993910  0.092867  -0.059322  -0.088010  0.992916  0.079830  0.066315  -0.074123  0.995042  -0.002148  -0.005806  0.001462  0.549675  0.553015  -0.115733  2.000000  0.999786  0.018849  -0.008570  -0.018701  0.999680  0.017056  0.008889  -0.016892  0.999818  0.999934  -0.004361  -0.010654  0.004486  0.999920  0.011791  0.010602  -0.011838  0.999874  1.000000  0.000087  -0.000114  -0.000087  1.000000  0.000148  0.000114  -0.000148  1.000000  0.999786  0.018849  -0.008570  -0.018701  0.999680  0.017056  0.008889  -0.016892  0.999818  0.000200  0.016497  
79.018856 0.009054  0.093540  -0.004997  0.993919  0.092524  -0.059697  -0.087598  0.992903  0.080443  0.066716  -0.074725  0.994970  -0.002330  -0.005788  0.001355  0.551967  0.549883  -0.135019  2.000000  0.999775  0.019189  -0.009026  -0.019028  0.999663  0.017658  0.009362  -0.017482  0.999803  0.999934  -0.004784  -0.010421  0.004908  0.999917  0.011883  0.010363  -0.011933  0.999875  1.000000  0.000082  -0.000117  -0.000082  1.000000  0.000149  0.000117  -0.000149  1.000000  0.999775  0.019189  -0.009026  -0.019028  0.999663  0.017658  0.009362  -0.017482  0.999803  0.000200  0.016532  
79.020100 0.009049  0.093533  -0.004997  0.993920  0.092199  -0.060193  -0.087186  0.992878  0.081188  0.067250  -0.075446  0.994880  -0.002568  -0.005786  0.001211  0.554694  0.538032  -0.156058  2.000000  0.999762  0.019596  -0.009615  -0.019416  0.999642  0.018412  0.009973  -0.018221  0.999784  0.999933  -0.005196  -0.010321  0.005318  0.999916  0.011852  0.010259  -0.011906  0.999876  1.000000  0.000079  -0.000121  -0.000079  1.000000  0.000149  0.000121  -0.000148  1.000000  0.999762  0.019596  -0.009615  -0.019416  0.999642  0.018412  0.009973  -0.018221  0.999784  0.000200  0.016573  
79.021100 0.009044  0.093527  -0.004996  0.993928  0.091857  -0.060569  -0.086774  0.992864  0.081800  0.067650  -0.076047  0.994807  -0.002782  -0.005767  0.001136  0.558019  0.530613  -0.178633  2.000000  0.999751  0.019901  -0.010084  -0.019707  0.999625  0.019012  0.010459  -0.018808  0.999768  0.999937  -0.005220  -0.009924  0.005338  0.999916  0.011849  0.009862  -0.011902  0.999881  1.000000  0.000074  -0.000119  -0.000074  1.000000  0.000148  0.000119  -0.000148  1.000000  0.999751  0.019901  -0.010084  -0.019707  0.999625  0.019012  0.010459  -0.018808  0.999768  0.000200  0.016334  
79.022117 0.009040  0.093523  -0.004994  0.993937  0.091516  -0.060945  -0.086363  0.992849  0.082411  0.068051  -0.076648  0.994733  -0.002944  -0.005568  0.001146  0.560222  0.523331  -0.197732  2.000000  0.999740  0.020192  -0.010560  -0.019983  0.999608  0.019608  0.010951  -0.019392  0.999752  0.999936  -0.005635  -0.009825  0.005750  0.999915  0.011698  0.009758  -0.011753  0.999883  1.000000  0.000070  -0.000123  -0.000070  1.000000  0.000147  0.000123  -0.000147  1.000000  0.999740  0.020192  -0.010560  -0.019983  0.999608  0.019608  0.010951  -0.019392  0.999752  0.000200  0.016303  
79.023408 0.009035  0.093518  -0.004992  0.993945  0.091182  -0.061310  -0.085951  0.992824  0.083143  0.068451  -0.077370  0.994650  -0.003127  -0.005429  0.001061  0.562573  0.505183  -0.213828  2.000000  0.999729  0.020477  -0.011046  -0.020251  0.999591  0.020214  0.011455  -0.019985  0.999735  0.999935  -0.005833  -0.009845  0.005950  0.999911  0.011923  0.009774  -0.011980  0.999880  1.000000  0.000069  -0.000125  -0.000069  1.000000  0.000149  0.000125  -0.000149  1.000000  0.999729  0.020477  -0.011046  -0.020251  0.999591  0.020214  0.011455  -0.019985  0.999735  0.000199  0.016547  
79.024411 0.009030  0.093514  -0.004990  0.993935  0.091039  -0.061681  -0.085744  0.992800  0.083647  0.068852  -0.077851  0.994585  -0.003290  -0.005296  0.001047  0.562295  0.497058  -0.221185  2.000000  0.999721  0.020684  -0.011417  -0.020445  0.999577  0.020675  0.011840  -0.020436  0.999721  0.999934  -0.006042  -0.009731  0.006159  0.999909  0.012028  0.009657  -0.012087  0.999880  1.000000  0.000067  -0.000127  -0.000067  1.000000  0.000151  0.000127  -0.000151  1.000000  0.999721  0.020684  -0.011417  -0.020445  0.999577  0.020675  0.011840  -0.020436  0.999721  0.000198  0.016631  
79.025616 0.009025  0.093509  -0.004987  0.993951  0.090512  -0.062197  -0.085127  0.992791  0.084377  0.069386  -0.078572  0.994491  -0.003492  -0.005215  0.001072  0.565639  0.490334  -0.242426  2.000000  0.999712  0.020890  -0.011795  -0.020637  0.999563  0.021144  0.012232  -0.020894  0.999707  0.999932  -0.006229  -0.009885  0.006351  0.999903  0.012374  0.009807  -0.012436  0.999875  1.000000  0.000067  -0.000130  -0.000067  1.000000  0.000155  0.000130  -0.000155  1.000000  0.999712  0.020890  -0.011795  -0.020637  0.999563  0.021144  0.012232  -0.020894  0.999707  0.000199  0.017041  
79.026857 0.009019  0.093505  -0.004986  0.993949  0.090191  -0.062696  -0.084715  0.992763  0.085119  0.069920  -0.079292  0.994396  -0.003718  -0.004982  0.000995  0.564665  0.487058  -0.256181  2.000000  0.999697  0.021224  -0.012438  -0.020948  0.999540  0.021934  0.012898  -0.021667  0.999682  0.999932  -0.006437  -0.009772  0.006558  0.999902  0.012355  0.009691  -0.012419  0.999876  1.000000  0.000065  -0.000131  -0.000065  1.000000  0.000155  0.000131  -0.000155  1.000000  0.999697  0.021224  -0.012438  -0.020948  0.999540  0.021934  0.012898  -0.021667  0.999682  0.000199  0.017041  
79.028105 0.009014  0.093500  -0.004985  0.993956  0.089860  -0.063064  -0.084303  0.992735  0.085849  0.070320  -0.080014  0.994310  -0.003862  -0.004794  0.000978  0.567132  0.475329  -0.268095  2.000000  0.999682  0.021545  -0.013085  -0.021244  0.999516  0.022723  0.013568  -0.022437  0.999656  0.999932  -0.006656  -0.009526  0.006773  0.999901  0.012337  0.009443  -0.012401  0.999879  1.000000  0.000061  -0.000132  -0.000061  1.000000  0.000155  0.000132  -0.000155  1.000000  0.999682  0.021545  -0.013085  -0.021244  0.999516  0.022723  0.013568  -0.022437  0.999656  0.000200  0.016972  
79.029112 0.009009  0.093496  -0.004985  0.993962  0.089522  -0.063443  -0.083891  0.992717  0.086459  0.070720  -0.080615  0.994233  -0.003989  -0.004612  0.000953  0.567028  0.470873  -0.277463  2.000000  0.999670  0.021790  -0.013597  -0.021469  0.999497  0.023347  0.014099  -0.023048  0.999635  0.999934  -0.006661  -0.009397  0.006776  0.999901  0.012334  0.009314  -0.012397  0.999880  1.000000  0.000059  -0.000131  -0.000059  1.000000  0.000155  0.000131  -0.000155  1.000000  0.999670  0.021790  -0.013597  -0.021469  0.999497  0.023347  0.014099  -0.023048  0.999635  0.000200  0.016899  
79.030352 0.009002  0.093492  -0.004986  0.993949  0.089214  -0.064076  -0.083478  0.992686  0.087211  0.071388  -0.081334  0.994127  -0.004201  -0.004466  0.000885  0.569873  0.467724  -0.281750  2.000000  0.999654  0.022094  -0.014239  -0.021746  0.999472  0.024131  0.014765  -0.023813  0.999607  0.999934  -0.006653  -0.009402  0.006769  0.999901  0.012330  0.009319  -0.012393  0.999880  1.000000  0.000059  -0.000131  -0.000059  1.000000  0.000155  0.000131  -0.000155  1.000000  0.999654  0.022094  -0.014239  -0.021746  0.999472  0.024131  0.014765  -0.023813  0.999607  0.000200  0.016896  
79.031352 0.008997  0.093488  -0.004986  0.993955  0.088876  -0.064456  -0.083066  0.992667  0.087820  0.071788  -0.081935  0.994049  -0.004360  -0.004316  0.000826  0.568832  0.464452  -0.295444  2.000000  0.999645  0.022275  -0.014629  -0.021911  0.999457  0.024605  0.015169  -0.024276  0.999590  0.999932  -0.006852  -0.009422  0.006969  0.999898  0.012433  0.009336  -0.012498  0.999878  1.000000  0.000058  -0.000133  -0.000058  1.000000  0.000156  0.000133  -0.000156  1.000000  0.999645  0.022275  -0.014629  -0.021911  0.999457  0.024605  0.015169  -0.024276  0.999590  0.000200  0.017063  
79.032355 0.008992  0.093485  -0.004987  0.993960  0.088540  -0.064836  -0.082655  0.992647  0.088428  0.072188  -0.082535  0.993970  -0.004535  -0.004131  0.000766  0.572969  0.460065  -0.305176  2.000000  0.999632  0.022514  -0.015153  -0.022127  0.999437  0.025238  0.015712  -0.024893  0.999567  0.999932  -0.006846  -0.009426  0.006963  0.999898  0.012430  0.009340  -0.012495  0.999878  1.000000  0.000058  -0.000133  -0.000058  1.000000  0.000156  0.000133  -0.000156  1.000000  0.999632  0.022514  -0.015153  -0.022127  0.999437  0.025238  0.015712  -0.024893  0.999567  0.000201  0.017061  
79.033605 0.008985  0.093481  -0.004988  0.993965  0.088212  -0.065206  -0.082243  0.992616  0.089157  0.072589  -0.083256  0.993881  -0.004639  -0.003959  0.000658  0.572713  0.451258  -0.305460  2.000000  0.999615  0.022805  -0.015804  -0.022389  0.999411  0.026020  0.016388  -0.025656  0.999536  0.999932  -0.007055  -0.009315  0.007168  0.999900  0.012169  0.009228  -0.012234  0.999883  1.000000  0.000056  -0.000135  -0.000056  1.000000  0.000153  0.000135  -0.000153  1.000000  0.999615  0.022805  -0.015804  -0.022389  0.999411  0.026020  0.016388  -0.025656  0.999536  0.000201  0.016895  
79.034854 0.008979  0.093477  -0.004989  0.993977  0.087699  -0.065716  -0.081626  0.992591  0.090003  0.073123  -0.084097  0.993771  -0.004727  -0.003788  0.000514  0.575738  0.448115  -0.319241  2.000000  0.999598  0.023090  -0.016455  -0.022644  0.999384  0.026796  0.017063  -0.026412  0.999505  0.999933  -0.007059  -0.009187  0.007170  0.999902  0.012044  0.009101  -0.012109  0.999885  1.000000  0.000055  -0.000134  -0.000055  1.000000  0.000151  0.000134  -0.000151  1.000000  0.999598  0.023090  -0.016455  -0.022644  0.999384  0.026796  0.017063  -0.026412  0.999505  0.000202  0.016736  
79.035856 0.008973  0.093473  -0.004991  0.993981  0.087364  -0.066098  -0.081214  0.992569  0.090610  0.073523  -0.084697  0.993691  -0.004794  -0.003648  0.000345  0.579549  0.445918  -0.323811  2.000000  0.999584  0.023319  -0.016977  -0.022848  0.999363  0.027416  0.017605  -0.027017  0.999480  0.999933  -0.007052  -0.009192  0.007164  0.999900  0.012162  0.009105  -0.012227  0.999884  1.000000  0.000055  -0.000134  -0.000055  1.000000  0.000152  0.000134  -0.000152  1.000000  0.999584  0.023319  -0.016977  -0.022848  0.999363  0.027416  0.017605  -0.027017  0.999480  0.000202  0.016821  
79.037103 0.008967  0.093470  -0.004993  0.993992  0.086853  -0.066610  -0.080597  0.992542  0.091455  0.074057  -0.085537  0.993579  -0.004864  -0.003543  0.000076  0.582558  0.440617  -0.333066  2.000000  0.999566  0.023599  -0.017630  -0.023097  0.999336  0.028179  0.018283  -0.027760  0.999447  0.999932  -0.007262  -0.009081  0.007369  0.999902  0.011900  0.008994  -0.011966  0.999888  1.000000  0.000052  -0.000136  -0.000052  1.000000  0.000149  0.000136  -0.000149  1.000000  0.999566  0.023599  -0.017630  -0.023097  0.999336  0.028179  0.018283  -0.027760  0.999447  0.000203  0.016662  
79.038350 0.008960  0.093466  -0.004996  0.993975  0.086550  -0.067247  -0.080184  0.992506  0.092204  0.074724  -0.086256  0.993467  -0.004966  -0.003484  -0.000237  0.581130  0.446624  -0.336148  2.000000  0.999547  0.023879  -0.018295  -0.023343  0.999308  0.028944  0.018974  -0.028504  0.999414  0.999930  -0.007447  -0.009238  0.007557  0.999899  0.012001  0.009148  -0.012070  0.999885  1.000000  0.000053  -0.000139  -0.000053  1.000000  0.000150  0.000139  -0.000150  1.000000  0.999547  0.023879  -0.018295  -0.023343  0.999308  0.028944  0.018974  -0.028504  0.999414  0.000205  0.016902  
79.039600 0.008954  0.093462  -0.004998  0.993985  0.086032  -0.067772  -0.079567  0.992489  0.092927  0.075257  -0.086976  0.993364  -0.005078  -0.003397  -0.000667  0.581181  0.442195  -0.346171  2.000000  0.999532  0.024108  -0.018835  -0.023545  0.999286  0.029562  0.019535  -0.029105  0.999385  0.999928  -0.007428  -0.009377  0.007541  0.999898  0.012118  0.009286  -0.012187  0.999883  1.000000  0.000054  -0.000139  -0.000054  1.000000  0.000152  0.000139  -0.000152  1.000000  0.999532  0.024108  -0.018835  -0.023545  0.999286  0.029562  0.019535  -0.029105  0.999385  0.000205  0.017053  
79.040658 0.008948  0.093458  -0.005000  0.993987  0.085700  -0.068156  -0.079155  0.992465  0.093533  0.075658  -0.087575  0.993281  -0.005119  -0.003379  -0.000909  0.581078  0.442441  -0.345921  2.000000  0.999516  0.024341  -0.019383  -0.023750  0.999262  0.030181  0.020103  -0.029706  0.999357  0.999926  -0.007615  -0.009533  0.007730  0.999897  0.012098  0.009439  -0.012170  0.999881  1.000000  0.000055  -0.000142  -0.000055  1.000000  0.000152  0.000142  -0.000152  1.000000  0.999516  0.024341  -0.019383  -0.023750  0.999262  0.030181  0.020103  -0.029706  0.999357  0.000205  0.017208  
79.041852 0.008942  0.093455  -0.005001  0.993985  0.085204  -0.068803  -0.078537  0.992433  0.094385  0.076325  -0.088414  0.993155  -0.005139  -0.003298  -0.001018  0.579586  0.444025  -0.349155  2.000000  0.999499  0.024577  -0.019936  -0.023956  0.999238  0.030805  0.020678  -0.030312  0.999327  0.999924  -0.007595  -0.009672  0.007714  0.999894  0.012336  0.009578  -0.012409  0.999877  1.000000  0.000056  -0.000143  -0.000056  1.000000  0.000155  0.000143  -0.000155  1.000000  0.999499  0.024577  -0.019936  -0.023956  0.999238  0.030805  0.020678  -0.030312  0.999327  0.000206  0.017445  
79.042908 0.008938  0.093453  -0.005001  0.993977  0.084884  -0.069321  -0.078125  0.992407  0.095001  0.076858  -0.089013  0.993061  -0.005152  -0.003190  -0.001102  0.579030  0.447108  -0.351083  2.000000  0.999482  0.024816  -0.020505  -0.024165  0.999214  0.031435  0.021269  -0.030923  0.999295  0.999921  -0.007781  -0.009828  0.007902  0.999893  0.012315  0.009731  -0.012392  0.999876  1.000000  0.000057  -0.000146  -0.000057  1.000000  0.000154  0.000146  -0.000154  1.000000  0.999482  0.024816  -0.020505  -0.024165  0.999214  0.031435  0.021269  -0.030923  0.999295  0.000206  0.017601  
