1-Time 2-Px 3-Py 4-Pz 5-R11 6-R21 7-R31 8-R12 9-R22 10-R32 11-R13 12-R23 13-R33 14-Vx 15-Vy 16-Vz 17-Wx 18-Wy 19-Wz 20-state 21-PR11 22-PR21 23-PR31 24-PR12 25-PR22 26-PR32 27-PR13 28-PR23 29-PR33 
89.855163 -0.004845  0.084067  -0.004697  0.995345  0.072495  0.063499  -0.074522  0.996764  0.030148  -0.061108  -0.034740  0.997526  0.000485  0.000419  0.000133  0.000000  0.000000  0.000000  2.000000  1.000000  0.000000  0.000000  -0.000000  1.000000  0.000000  0.000000  -0.000000  1.000000  1.000000  -0.000201  -0.000141  0.000201  1.000000  0.000013  0.000141  -0.000013  1.000000  1.000000  0.000000  0.000000  0.000000  1.000000  0.000000  0.000000  0.000000  1.000000  0.738926  0.639687  -0.211634  -0.652171  0.757944  0.013896  0.169295  0.127754  0.977250  0.000000  0.000000  
89.856168 -0.004845  0.084067  -0.004697  0.995345  0.072495  0.063499  -0.074522  0.996764  0.030148  -0.061108  -0.034740  0.997526  0.000454  0.000396  0.000115  0.000000  0.000000  0.000000  2.000000  1.000000  0.000000  0.000000  0.000000  1.000000  0.000000  0.000000  0.000000  1.000000  1.000000  -0.000201  -0.000141  0.000201  1.000000  0.000013  0.000141  -0.000013  1.000000  1.000000  0.000000  0.000000  0.000000  1.000000  0.000000  0.000000  0.000000  1.000000  1.000000  0.000000  0.000000  0.000000  1.000000  0.000000  0.000000  0.000000  1.000000  0.000000  0.000000  
89.857169 -0.004847  0.084064  -0.004699  0.995322  0.072696  0.063638  -0.074726  0.996749  0.030125  -0.061241  -0.034740  0.997518  0.000285  0.000136  -0.000034  0.000000  0.000000  0.000000  2.000000  1.000000  0.000000  0.000000  0.000000  1.000000  0.000000  0.000000  0.000000  1.000000  1.000000  -0.000000  0.000000  0.000000  1.000000  0.000000  0.000000  0.000000  1.000000  1.000000  0.000000  0.000000  0.000000  1.000000  0.000000  0.000000  0.000000  1.000000  1.000000  0.000000  0.000000  0.000000  1.000000  0.000000  0.000000  0.000000  1.000000  0.000000  0.000000  
89.858423 -0.004851  0.084058  -0.004703  0.995283  0.073102  0.063784  -0.075136  0.996719  0.030089  -0.061375  -0.034740  0.997510  -0.000047  -0.000310  -0.000304  0.000000  0.000000  0.000000  2.000000  1.000000  0.000000  0.000000  0.000000  1.000000  0.000000  0.000000  0.000000  1.000000  1.000000  0.000201  0.000141  -0.000201  1.000000  -0.000013  -0.000141  0.000013  1.000000  1.000000  0.000000  0.000000  0.000000  1.000000  0.000000  0.000000  0.000000  1.000000  1.000000  0.000000  0.000000  0.000000  1.000000  0.000000  0.000000  0.000000  1.000000  0.000000  0.000000  
89.859668 -0.004854  0.084052  -0.004706  0.995251  0.073290  0.064065  -0.075339  0.996701  0.030177  -0.061642  -0.034860  0.997489  -0.000305  -0.000758  -0.000517  0.000000  0.000000  0.000000  2.000000  1.000000  0.000000  0.000000  0.000000  1.000000  0.000000  0.000000  0.000000  1.000000  1.000000  0.000602  0.000423  -0.000602  1.000000  0.000083  -0.000423  -0.000083  1.000000  1.000000  0.000000  0.000000  0.000000  1.000000  0.000000  0.000000  0.000000  1.000000  1.000000  0.000000  0.000000  0.000000  1.000000  0.000000  0.000000  0.000000  1.000000  0.000000  0.000000  
89.860669 -0.004857  0.084048  -0.004709  0.995227  0.073483  0.064213  -0.075544  0.996683  0.030274  -0.061776  -0.034981  0.997477  -0.000512  -0.001114  -0.000714  0.000000  0.000000  0.000000  2.000000  1.000000  0.000000  0.000000  0.000000  1.000000  0.000000  0.000000  0.000000  1.000000  1.000000  0.000597  0.000556  -0.000597  1.000000  0.000204  -0.000556  -0.000205  1.000000  1.000000  0.000000  0.000000  0.000000  1.000000  0.000000  0.000000  0.000000  1.000000  1.000000  0.000000  0.000000  0.000000  1.000000  0.000000  0.000000  0.000000  1.000000  0.000000  0.000000  
89.861919 -0.004861  0.084041  -0.004711  0.995212  0.073680  0.064228  -0.075748  0.996664  0.030382  -0.061776  -0.035102  0.997473  -0.000815  -0.001579  -0.000913  0.000000  0.000000  0.000000  2.000000  1.000000  0.000000  0.000000  0.000000  1.000000  0.000000  0.000000  0.000000  1.000000  0.999999  0.001008  0.000571  -0.001008  0.999999  0.000179  -0.000571  -0.000180  1.000000  1.000000  0.000000  0.000000  0.000000  1.000000  0.000000  0.000000  0.000000  1.000000  1.000000  0.000000  0.000000  0.000000  1.000000  0.000000  0.000000  0.000000  1.000000  0.000000  0.000000  
89.862920 -0.004864  0.084036  -0.004713  0.995196  0.073885  0.064235  -0.075953  0.996649  0.030369  -0.061776  -0.035102  0.997473  -0.001080  -0.001949  -0.001064  0.000000  0.000000  0.000000  2.000000  1.000000  0.000000  0.000000  0.000000  1.000000  0.000000  0.000000  0.000000  1.000000  0.999999  0.001008  0.000571  -0.001008  0.999999  0.000300  -0.000571  -0.000301  1.000000  1.000000  0.000000  0.000000  0.000000  1.000000  0.000000  0.000000  0.000000  1.000000  1.000000  0.000000  0.000000  0.000000  1.000000  0.000000  0.000000  0.000000  1.000000  0.000000  0.000000  
89.864170 -0.004868  0.084031  -0.004717  0.995180  0.074083  0.064250  -0.076158  0.996630  0.030476  -0.061776  -0.035223  0.997468  -0.001425  -0.002391  -0.001301  0.000000  0.000000  0.000000  2.000000  1.000000  0.000000  0.000000  0.000000  1.000000  0.000000  0.000000  0.000000  1.000000  0.999999  0.001419  0.000586  -0.001419  0.999999  0.000396  -0.000585  -0.000397  1.000000  1.000000  0.000000  0.000000  0.000000  1.000000  0.000000  0.000000  0.000000  1.000000  1.000000  0.000000  0.000000  0.000000  1.000000  0.000000  0.000000  0.000000  1.000000  0.000000  0.000000  
89.865176 -0.004871  0.084026  -0.004720  0.995149  0.074485  0.064272  -0.076568  0.996596  0.030571  -0.061776  -0.035344  0.997464  -0.001682  -0.002742  -0.001495  0.000000  0.000000  0.000000  2.000000  1.000000  0.000000  0.000000  0.000000  1.000000  0.000000  0.000000  0.000000  1.000000  0.999998  0.001829  0.000600  -0.001830  0.999998  0.000492  -0.000599  -0.000493  1.000000  1.000000  0.000000  0.000000  0.000000  1.000000  0.000000  0.000000  0.000000  1.000000  1.000000  0.000000  0.000000  0.000000  1.000000  0.000000  0.000000  0.000000  1.000000  0.000000  0.000000  
89.866419 -0.004876  0.084020  -0.004723  0.995109  0.074891  0.064417  -0.076977  0.996565  0.030534  -0.061909  -0.035343  0.997456  -0.002020  -0.003166  -0.001775  0.000000  0.000000  0.000000  2.000000  1.000000  0.000000  0.000000  0.000000  1.000000  0.000000  0.000000  0.000000  1.000000  0.999997  0.002235  0.000748  -0.002236  0.999997  0.000466  -0.000747  -0.000468  1.000000  1.000000  0.000000  0.000000  0.000000  1.000000  0.000000  0.000000  0.000000  1.000000  1.000000  0.000000  0.000000  0.000000  1.000000  0.000000  0.000000  0.000000  1.000000  0.000000  0.000000  
89.867426 -0.004880  0.084015  -0.004726  0.995061  0.075284  0.064705  -0.077385  0.996531  0.030608  -0.062176  -0.035464  0.997435  -0.002275  -0.003514  -0.001967  0.000000  0.000000  0.000000  2.000000  1.000000  0.000000  0.000000  0.000000  1.000000  0.000000  0.000000  0.000000  1.000000  0.999996  0.002641  0.000897  -0.002642  0.999996  0.000562  -0.000895  -0.000564  0.999999  1.000000  0.000000  0.000000  0.000000  1.000000  0.000000  0.000000  0.000000  1.000000  1.000000  0.000000  0.000000  0.000000  1.000000  0.000000  0.000000  0.000000  1.000000  0.000000  0.000000  
89.868673 -0.004885  0.084008  -0.004728  0.995012  0.075685  0.064984  -0.077794  0.996501  0.030560  -0.062443  -0.035463  0.997418  -0.002636  -0.003994  -0.002120  0.000000  0.000000  0.000000  2.000000  1.000000  0.000000  0.000000  0.000000  1.000000  0.000000  0.000000  0.000000  1.000000  0.999995  0.003042  0.001179  -0.003043  0.999995  0.000535  -0.001177  -0.000539  0.999999  1.000000  0.000000  0.000000  0.000000  1.000000  0.000000  0.000000  0.000000  1.000000  1.000000  0.000000  0.000000  0.000000  1.000000  0.000000  0.000000  0.000000  1.000000  0.000000  0.000000  
89.869922 -0.004891  0.084000  -0.004731  0.994955  0.076295  0.065136  -0.078408  0.996454  0.030510  -0.062577  -0.035463  0.997410  -0.003085  -0.004564  -0.002316  0.000000  0.000000  0.000000  2.000000  1.000000  0.000000  0.000000  0.000000  1.000000  0.000000  0.000000  0.000000  1.000000  0.999992  0.003644  0.001602  -0.003645  0.999993  0.000496  -0.001600  -0.000502  0.999999  1.000000  0.000000  0.000000  0.000000  1.000000  0.000000  0.000000  0.000000  1.000000  1.000000  0.000000  0.000000  0.000000  1.000000  0.000000  0.000000  0.000000  1.000000  0.000000  0.000000  
89.871172 -0.004899  0.083990  -0.004735  0.994906  0.076696  0.065414  -0.078816  0.996424  0.030462  -0.062844  -0.035462  0.997393  -0.003596  -0.005181  -0.002549  0.000000  0.000000  0.000000  2.000000  1.000000  0.000000  0.000000  0.000000  1.000000  0.000000  0.000000  0.000000  1.000000  0.999989  0.004255  0.001757  -0.004256  0.999991  0.000456  -0.001755  -0.000464  0.999998  1.000000  0.000000  0.000000  0.000000  1.000000  0.000000  0.000000  0.000000  1.000000  1.000000  0.000000  0.000000  0.000000  1.000000  0.000000  0.000000  0.000000  1.000000  0.000000  0.000000  
89.872173 -0.004906  0.083982  -0.004738  0.994874  0.077114  0.065417  -0.079226  0.996396  0.030314  -0.062844  -0.035341  0.997397  -0.003928  -0.005527  -0.002539  0.000000  0.000000  0.000000  2.000000  1.000000  0.000000  0.000000  0.000000  1.000000  0.000000  0.000000  0.000000  1.000000  0.999988  0.004456  0.001898  -0.004457  0.999990  0.000322  -0.001896  -0.000330  0.999998  1.000000  0.000000  0.000000  0.000000  1.000000  0.000000  0.000000  0.000000  1.000000  1.000000  0.000000  0.000000  0.000000  1.000000  0.000000  0.000000  0.000000  1.000000  0.000000  0.000000  
89.873421 -0.004915  0.083970  -0.004742  0.994849  0.077307  0.065566  -0.079430  0.996376  0.030411  -0.062977  -0.035462  0.997385  -0.004245  -0.005900  -0.002584  0.000000  0.000000  0.000000  2.000000  1.000000  0.000000  0.000000  0.000000  1.000000  0.000000  0.000000  0.000000  1.000000  0.999986  0.004862  0.002046  -0.004863  0.999988  0.000416  -0.002044  -0.000426  0.999998  1.000000  0.000000  0.000000  0.000000  1.000000  0.000000  0.000000  0.000000  1.000000  1.000000  0.000000  0.000000  0.000000  1.000000  0.000000  0.000000  0.000000  1.000000  0.000000  0.000000  
89.874423 -0.004922  0.083960  -0.004744  0.994808  0.077712  0.065712  -0.079839  0.996345  0.030373  -0.063111  -0.035462  0.997376  -0.004572  -0.006249  -0.002541  0.013701  -0.068967  0.170269  2.000000  1.000000  0.000028  0.000203  -0.000028  1.000000  0.000015  -0.000203  -0.000015  1.000000  0.999985  0.005067  0.002054  -0.005068  0.999987  0.000403  -0.002052  -0.000414  0.999998  1.000000  0.000009  0.000068  -0.000009  1.000000  0.000005  -0.000068  -0.000005  1.000000  1.000000  0.000028  0.000203  -0.000028  1.000000  0.000015  -0.000203  -0.000015  1.000000  0.000000  0.005483  
89.875677 -0.004930  0.083947  -0.004748  0.994767  0.078110  0.065867  -0.080248  0.996310  0.030456  -0.063245  -0.035582  0.997364  -0.004958  -0.006716  -0.002627  0.016903  -0.073957  0.183906  2.000000  1.000000  0.000075  0.000565  -0.000075  1.000000  0.000043  -0.000565  -0.000043  1.000000  0.999982  0.005468  0.002336  -0.005469  0.999985  0.000497  -0.002333  -0.000510  0.999997  1.000000  0.000009  0.000074  -0.000009  1.000000  0.000006  -0.000074  -0.000006  1.000000  1.000000  0.000075  0.000565  -0.000075  1.000000  0.000043  -0.000565  -0.000043  1.000000  0.000048  0.005968  
89.876919 -0.004938  0.083935  -0.004752  0.994716  0.078503  0.066155  -0.080656  0.996274  0.030528  -0.063512  -0.035703  0.997342  -0.005244  -0.007215  -0.002771  0.020094  -0.083454  0.197414  2.000000  1.000000  0.000123  0.000955  -0.000123  1.000000  0.000076  -0.000955  -0.000076  1.000000  0.999979  0.005869  0.002619  -0.005871  0.999983  0.000591  -0.002615  -0.000606  0.999996  1.000000  0.000008  0.000080  -0.000008  1.000000  0.000007  -0.000080  -0.000007  1.000000  1.000000  0.000123  0.000955  -0.000123  1.000000  0.000076  -0.000955  -0.000076  1.000000  0.000053  0.006455  
89.878169 -0.004946  0.083921  -0.004759  0.994666  0.078895  0.066443  -0.081064  0.996239  0.030600  -0.063779  -0.035823  0.997321  -0.005446  -0.007659  -0.002974  0.023286  -0.092972  0.210960  2.000000  0.999999  0.000170  0.001361  -0.000170  1.000000  0.000117  -0.001361  -0.000117  0.999999  0.999979  0.005869  0.002620  -0.005871  0.999983  0.000711  -0.002615  -0.000727  0.999996  1.000000  0.000008  0.000080  -0.000008  1.000000  0.000009  -0.000080  -0.000009  1.000000  0.999999  0.000170  0.001361  -0.000170  1.000000  0.000117  -0.001361  -0.000117  0.999999  0.000056  0.006467  
89.879442 -0.004954  0.083908  -0.004766  0.994641  0.079079  0.066601  -0.081268  0.996216  0.030817  -0.063912  -0.036065  0.997304  -0.005710  -0.008144  -0.003222  0.030543  -0.102367  0.224193  2.000000  0.999999  0.000207  0.001690  -0.000207  1.000000  0.000155  -0.001690  -0.000156  0.999999  0.999978  0.006074  0.002628  -0.006076  0.999981  0.000696  -0.002623  -0.000712  0.999996  1.000000  0.000010  0.000082  -0.000010  1.000000  0.000009  -0.000082  -0.000009  1.000000  0.999999  0.000207  0.001690  -0.000207  1.000000  0.000155  -0.001690  -0.000156  0.999999  0.000061  0.006655  
89.880666 -0.004961  0.083895  -0.004774  0.994590  0.079472  0.066890  -0.081676  0.996180  0.030889  -0.064179  -0.036185  0.997282  -0.005870  -0.008590  -0.003513  0.033749  -0.111950  0.237866  2.000000  0.999998  0.000244  0.002025  -0.000245  1.000000  0.000199  -0.002025  -0.000200  0.999998  0.999976  0.006274  0.002770  -0.006276  0.999980  0.000924  -0.002764  -0.000941  0.999996  1.000000  0.000009  0.000085  -0.000009  1.000000  0.000012  -0.000085  -0.000012  1.000000  0.999998  0.000244  0.002025  -0.000245  1.000000  0.000199  -0.002025  -0.000200  0.999998  0.000066  0.006921  
89.881669 -0.004968  0.083884  -0.004781  0.994565  0.079664  0.067039  -0.081880  0.996160  0.030985  -0.064313  -0.036306  0.997269  -0.006074  -0.008993  -0.003778  0.037374  -0.116696  0.244583  2.000000  0.999997  0.000284  0.002365  -0.000285  1.000000  0.000246  -0.002364  -0.000246  0.999997  0.999976  0.006273  0.002771  -0.006276  0.999980  0.000923  -0.002765  -0.000941  0.999996  1.000000  0.000009  0.000085  -0.000009  1.000000  0.000012  -0.000085  -0.000012  1.000000  0.999997  0.000284  0.002365  -0.000285  1.000000  0.000246  -0.002364  -0.000246  0.999997  0.000069  0.006921  
89.882685 -0.004974  0.083872  -0.004788  0.994540  0.079856  0.067188  -0.082084  0.996141  0.031081  -0.064446  -0.036426  0.997256  -0.006269  -0.009480  -0.004084  0.040973  -0.121374  0.251158  2.000000  0.999996  0.000319  0.002706  -0.000320  1.000000  0.000297  -0.002706  -0.000298  0.999996  0.999976  0.006268  0.002905  -0.006271  0.999980  0.001044  -0.002899  -0.001062  0.999995  1.000000  0.000008  0.000086  -0.000008  1.000000  0.000013  -0.000086  -0.000013  1.000000  0.999996  0.000319  0.002706  -0.000320  1.000000  0.000297  -0.002706  -0.000298  0.999996  0.000071  0.006988  
89.883934 -0.004984  0.083857  -0.004795  0.994514  0.080048  0.067337  -0.082288  0.996121  0.031177  -0.064580  -0.036547  0.997243  -0.006574  -0.010028  -0.004436  0.044595  -0.126125  0.257882  2.000000  0.999995  0.000350  0.003053  -0.000351  1.000000  0.000348  -0.003053  -0.000349  0.999995  0.999976  0.006263  0.003040  -0.006266  0.999980  0.001043  -0.003033  -0.001062  0.999995  1.000000  0.000006  0.000087  -0.000006  1.000000  0.000013  -0.000087  -0.000013  1.000000  0.999995  0.000350  0.003053  -0.000351  1.000000  0.000348  -0.003053  -0.000349  0.999995  0.000073  0.007041  
89.885173 -0.004994  0.083842  -0.004802  0.994488  0.080240  0.067486  -0.082492  0.996101  0.031273  -0.064713  -0.036668  0.997230  -0.006812  -0.010459  -0.004684  0.048251  -0.130972  0.264798  2.000000  0.999994  0.000373  0.003404  -0.000375  1.000000  0.000400  -0.003404  -0.000401  0.999994  0.999975  0.006257  0.003174  -0.006261  0.999980  0.001042  -0.003168  -0.001062  0.999994  1.000000  0.000005  0.000088  -0.000005  1.000000  0.000013  -0.000088  -0.000013  1.000000  0.999994  0.000373  0.003404  -0.000375  1.000000  0.000400  -0.003404  -0.000401  0.999994  0.000076  0.007095  
89.886444 -0.005004  0.083827  -0.004808  0.994454  0.080427  0.067768  -0.082696  0.996081  0.031358  -0.064980  -0.036788  0.997208  -0.006938  -0.010732  -0.004879  0.051816  -0.140117  0.271161  2.000000  0.999993  0.000385  0.003756  -0.000387  1.000000  0.000452  -0.003755  -0.000454  0.999993  0.999976  0.006042  0.003435  -0.006045  0.999981  0.001054  -0.003429  -0.001074  0.999994  1.000000  0.000001  0.000087  -0.000001  1.000000  0.000013  -0.000087  -0.000013  1.000000  0.999993  0.000385  0.003756  -0.000387  1.000000  0.000452  -0.003755  -0.000454  0.999993  0.000078  0.007031  
89.887674 -0.005014  0.083813  -0.004814  0.994420  0.080622  0.068040  -0.082899  0.996066  0.031322  -0.065247  -0.036787  0.997191  -0.006953  -0.010933  -0.005010  0.052216  -0.139967  0.264444  2.000000  0.999992  0.000384  0.004105  -0.000386  1.000000  0.000506  -0.004104  -0.000507  0.999991  0.999975  0.006037  0.003569  -0.006041  0.999981  0.001052  -0.003562  -0.001074  0.999993  1.000000  -0.000001  0.000088  0.000001  1.000000  0.000013  -0.000088  -0.000013  1.000000  0.999992  0.000384  0.004105  -0.000386  1.000000  0.000506  -0.004104  -0.000507  0.999991  0.000077  0.007093  
89.888920 -0.005025  0.083798  -0.004820  0.994385  0.080818  0.068313  -0.083102  0.996050  0.031285  -0.065514  -0.036787  0.997173  -0.007074  -0.011124  -0.005139  0.048092  -0.144497  0.264308  2.000000  0.999990  0.000374  0.004450  -0.000377  1.000000  0.000556  -0.004450  -0.000558  0.999990  0.999976  0.005826  0.003695  -0.005830  0.999983  0.000943  -0.003689  -0.000964  0.999993  1.000000  -0.000004  0.000086  0.000004  1.000000  0.000012  -0.000086  -0.000012  1.000000  0.999990  0.000374  0.004450  -0.000377  1.000000  0.000556  -0.004450  -0.000558  0.999990  0.000077  0.006965  
89.889924 -0.005034  0.083786  -0.004824  0.994359  0.081018  0.068452  -0.083306  0.996034  0.031260  -0.065648  -0.036786  0.997165  -0.007228  -0.011306  -0.005252  0.048031  -0.139981  0.264425  2.000000  0.999988  0.000359  0.004786  -0.000362  1.000000  0.000604  -0.004786  -0.000606  0.999988  0.999978  0.005626  0.003554  -0.005629  0.999984  0.000955  -0.003548  -0.000975  0.999993  1.000000  -0.000003  0.000083  0.000003  1.000000  0.000012  -0.000083  -0.000012  1.000000  0.999988  0.000359  0.004786  -0.000362  1.000000  0.000604  -0.004786  -0.000606  0.999988  0.000076  0.006724  
89.891170 -0.005045  0.083771  -0.004830  0.994325  0.081205  0.068734  -0.083510  0.996014  0.031345  -0.065915  -0.036907  0.997142  -0.007404  -0.011446  -0.005392  0.048003  -0.149026  0.264128  2.000000  0.999986  0.000337  0.005196  -0.000341  1.000000  0.000666  -0.005196  -0.000668  0.999986  0.999979  0.005420  0.003547  -0.005424  0.999985  0.001089  -0.003541  -0.001108  0.999993  1.000000  -0.000004  0.000081  0.000004  1.000000  0.000014  -0.000081  -0.000014  1.000000  0.999986  0.000337  0.005196  -0.000341  1.000000  0.000666  -0.005196  -0.000668  0.999986  0.000077  0.006570  
89.892439 -0.005056  0.083756  -0.004837  0.994299  0.081405  0.068874  -0.083713  0.995998  0.031319  -0.066048  -0.036906  0.997134  -0.007669  -0.011560  -0.005518  0.043879  -0.153435  0.263781  2.000000  0.999985  0.000319  0.005429  -0.000323  1.000000  0.000708  -0.005429  -0.000710  0.999985  0.999983  0.004809  0.003391  -0.004813  0.999988  0.001130  -0.003385  -0.001146  0.999994  1.000000  0.000000  0.000000  0.000000  1.000000  0.000000  0.000000  0.000000  1.000000  0.999985  0.000319  0.005429  -0.000323  1.000000  0.000708  -0.005429  -0.000710  0.999985  0.000076  0.000000  
89.893684 -0.005068  0.083741  -0.004845  0.994299  0.081397  0.068884  -0.083713  0.995994  0.031440  -0.066048  -0.037027  0.997129  -0.007912  -0.011642  -0.005555  0.044768  -0.152986  0.250000  2.000000  0.999985  0.000319  0.005429  -0.000323  1.000000  0.000708  -0.005429  -0.000710  0.999985  0.999984  0.004603  0.003384  -0.004608  0.999989  0.001264  -0.003378  -0.001279  0.999993  1.000000  0.000000  0.000000  0.000000  1.000000  0.000000  0.000000  0.000000  1.000000  0.999985  0.000319  0.005429  -0.000323  1.000000  0.000708  -0.005429  -0.000710  0.999985  0.000076  0.000000  
89.894833 -0.005077  0.083730  -0.004851  0.994299  0.081388  0.068893  -0.083713  0.995990  0.031561  -0.066048  -0.037148  0.997125  -0.008035  -0.011571  -0.005508  0.045438  -0.151798  0.235076  2.000000  0.999985  0.000319  0.005429  -0.000323  1.000000  0.000708  -0.005429  -0.000710  0.999985  0.999985  0.004398  0.003377  -0.004403  0.999989  0.001520  -0.003370  -0.001535  0.999993  1.000000  0.000000  0.000000  0.000000  1.000000  0.000000  0.000000  0.000000  1.000000  0.999985  0.000319  0.005429  -0.000323  1.000000  0.000708  -0.005429  -0.000710  0.999985  0.000074  0.000000  
89.895929 -0.005088  0.083716  -0.004859  0.994273  0.081580  0.069043  -0.083917  0.995970  0.031656  -0.066182  -0.037269  0.997111  -0.008350  -0.011740  -0.005521  0.050154  -0.152328  0.229352  2.000000  0.999985  0.000319  0.005429  -0.000323  1.000000  0.000708  -0.005429  -0.000710  0.999985  0.999985  0.004397  0.003377  -0.004402  0.999989  0.001398  -0.003370  -0.001413  0.999993  1.000000  0.000000  0.000000  0.000000  1.000000  0.000000  0.000000  0.000000  1.000000  0.999985  0.000319  0.005429  -0.000323  1.000000  0.000708  -0.005429  -0.000710  0.999985  0.000072  0.000000  
89.897173 -0.005101  0.083701  -0.004867  0.994246  0.081780  0.069182  -0.084121  0.995953  0.031631  -0.066315  -0.037269  0.997102  -0.008645  -0.011800  -0.005515  0.046491  -0.147645  0.222678  2.000000  0.999985  0.000319  0.005429  -0.000323  1.000000  0.000708  -0.005429  -0.000710  0.999985  0.999985  0.004187  0.003503  -0.004192  0.999990  0.001533  -0.003497  -0.001547  0.999993  1.000000  0.000000  0.000000  0.000000  1.000000  0.000000  0.000000  0.000000  1.000000  0.999985  0.000319  0.005429  -0.000323  1.000000  0.000708  -0.005429  -0.000710  0.999985  0.000068  0.000000  
89.898431 -0.005115  0.083685  -0.004876  0.994229  0.081762  0.069458  -0.084120  0.995950  0.031729  -0.066582  -0.037389  0.997080  -0.009013  -0.011920  -0.005577  0.051382  -0.147103  0.208788  2.000000  0.999985  0.000319  0.005429  -0.000323  1.000000  0.000708  -0.005429  -0.000710  0.999985  0.999986  0.003981  0.003496  -0.003986  0.999991  0.001545  -0.003490  -0.001559  0.999993  1.000000  0.000000  0.000000  0.000000  1.000000  0.000000  0.000000  0.000000  1.000000  0.999985  0.000319  0.005429  -0.000323  1.000000  0.000708  -0.005429  -0.000710  0.999985  0.000067  0.000000  
89.899682 -0.005130  0.083667  -0.004887  0.994194  0.081948  0.069740  -0.084323  0.995930  0.031813  -0.066849  -0.037509  0.997058  -0.009368  -0.012050  -0.005857  0.056303  -0.151084  0.194788  2.000000  0.999985  0.000319  0.005429  -0.000323  1.000000  0.000708  -0.005429  -0.000710  0.999985  0.999987  0.003780  0.003355  -0.003785  0.999992  0.001558  -0.003349  -0.001571  0.999993  1.000000  0.000000  0.000000  0.000000  1.000000  0.000000  0.000000  0.000000  1.000000  0.999985  0.000319  0.005429  -0.000323  1.000000  0.000708  -0.005429  -0.000710  0.999985  0.000065  0.000000  
89.900707 -0.005143  0.083654  -0.004896  0.994167  0.082140  0.069890  -0.084527  0.995910  0.031908  -0.066983  -0.037630  0.997044  -0.009662  -0.012142  -0.006139  0.060746  -0.150707  0.187710  2.000000  0.999985  0.000319  0.005429  -0.000323  1.000000  0.000708  -0.005429  -0.000710  0.999985  0.999988  0.003364  0.003474  -0.003370  0.999993  0.001585  -0.003469  -0.001597  0.999993  1.000000  0.000000  0.000000  0.000000  1.000000  0.000000  0.000000  0.000000  1.000000  0.999985  0.000319  0.005429  -0.000323  1.000000  0.000708  -0.005429  -0.000710  0.999985  0.000062  0.000000  
89.901926 -0.005158  0.083637  -0.004907  0.994158  0.082126  0.070033  -0.084526  0.995907  0.032018  -0.067116  -0.037750  0.997031  -0.010021  -0.012315  -0.006470  0.069845  -0.150380  0.174131  2.000000  0.999985  0.000319  0.005429  -0.000323  1.000000  0.000708  -0.005429  -0.000710  0.999985  0.999988  0.003364  0.003474  -0.003369  0.999993  0.001463  -0.003469  -0.001475  0.999993  1.000000  0.000000  0.000000  0.000000  1.000000  0.000000  0.000000  0.000000  1.000000  0.999985  0.000319  0.005429  -0.000323  1.000000  0.000708  -0.005429  -0.000710  0.999985  0.000061  0.000000  
89.903171 -0.005174  0.083621  -0.004920  0.994132  0.082326  0.070172  -0.084730  0.995890  0.031992  -0.067250  -0.037750  0.997022  -0.010366  -0.012415  -0.006919  0.065751  -0.150406  0.174138  2.000000  0.999985  0.000319  0.005429  -0.000323  1.000000  0.000708  -0.005429  -0.000710  0.999985  0.999989  0.003163  0.003333  -0.003168  0.999994  0.001477  -0.003328  -0.001487  0.999993  1.000000  0.000000  0.000000  0.000000  1.000000  0.000000  0.000000  0.000000  1.000000  0.999985  0.000319  0.005429  -0.000323  1.000000  0.000708  -0.005429  -0.000710  0.999985  0.000060  0.000000  
89.904426 -0.005190  0.083604  -0.004933  0.994132  0.082318  0.070182  -0.084730  0.995886  0.032113  -0.067250  -0.037871  0.997017  -0.010752  -0.012514  -0.007440  0.000000  0.000000  0.000000  2.000000  0.999985  0.000319  0.005429  -0.000323  1.000000  0.000708  -0.005429  -0.000710  0.999985  0.999991  0.002963  0.003192  -0.002967  0.999995  0.001369  -0.003188  -0.001379  0.999994  1.000000  0.000000  0.000000  0.000000  1.000000  0.000000  0.000000  0.000000  1.000000  0.999985  0.000319  0.005429  -0.000323  1.000000  0.000708  -0.005429  -0.000710  0.999985  0.000000  0.000000  
89.905671 -0.005206  0.083589  -0.004947  0.994123  0.082304  0.070325  -0.084729  0.995883  0.032222  -0.067383  -0.037992  0.997004  -0.011100  -0.012564  -0.007998  0.000000  0.000000  0.000000  2.000000  0.999985  0.000319  0.005429  -0.000323  1.000000  0.000708  -0.005429  -0.000710  0.999985  0.999992  0.002557  0.003043  -0.002561  0.999996  0.001397  -0.003039  -0.001404  0.999994  1.000000  0.000000  0.000000  0.000000  1.000000  0.000000  0.000000  0.000000  1.000000  0.999985  0.000319  0.005429  -0.000323  1.000000  0.000708  -0.005429  -0.000710  0.999985  0.000000  0.000000  
89.906925 -0.005222  0.083573  -0.004960  0.994105  0.082501  0.070342  -0.084934  0.995862  0.032329  -0.067383  -0.038112  0.996999  -0.011407  -0.012615  -0.008386  0.000000  0.000000  0.000000  2.000000  0.999985  0.000319  0.005429  -0.000323  1.000000  0.000708  -0.005429  -0.000710  0.999985  0.999992  0.002561  0.002909  -0.002566  0.999996  0.001397  -0.002906  -0.001404  0.999995  1.000000  0.000000  0.000000  0.000000  1.000000  0.000000  0.000000  0.000000  1.000000  0.999985  0.000319  0.005429  -0.000323  1.000000  0.000708  -0.005429  -0.000710  0.999985  0.000000  0.000000  
89.908170 -0.005239  0.083557  -0.004973  0.994096  0.082487  0.070485  -0.084933  0.995858  0.032438  -0.067517  -0.038233  0.996985  -0.011773  -0.012692  -0.008823  0.000000  0.000000  0.000000  2.000000  0.999985  0.000319  0.005429  -0.000323  1.000000  0.000708  -0.005429  -0.000710  0.999985  0.999994  0.002156  0.002760  -0.002160  0.999997  0.001424  -0.002757  -0.001430  0.999995  1.000000  0.000000  0.000000  0.000000  1.000000  0.000000  0.000000  0.000000  1.000000  0.999985  0.000319  0.005429  -0.000323  1.000000  0.000708  -0.005429  -0.000710  0.999985  0.000000  0.000000  
89.909173 -0.005252  0.083545  -0.004983  0.994070  0.082678  0.070634  -0.085137  0.995838  0.032533  -0.067650  -0.038354  0.996972  -0.012049  -0.012740  -0.009064  0.000000  0.000000  0.000000  2.000000  0.999985  0.000319  0.005429  -0.000323  1.000000  0.000708  -0.005429  -0.000710  0.999985  0.999994  0.002160  0.002627  -0.002164  0.999997  0.001424  -0.002624  -0.001429  0.999996  1.000000  0.000000  0.000000  0.000000  1.000000  0.000000  0.000000  0.000000  1.000000  0.999985  0.000319  0.005429  -0.000323  1.000000  0.000708  -0.005429  -0.000710  0.999985  0.000000  0.000000  
89.910174 -0.005265  0.083533  -0.004993  0.994070  0.082678  0.070634  -0.085137  0.995838  0.032533  -0.067650  -0.038354  0.996972  -0.012318  -0.012782  -0.009301  0.000000  0.000000  0.000000  2.000000  0.999985  0.000319  0.005429  -0.000323  1.000000  0.000708  -0.005429  -0.000710  0.999985  0.999995  0.001965  0.002352  -0.001969  0.999997  0.001438  -0.002349  -0.001442  0.999996  1.000000  0.000000  0.000000  0.000000  1.000000  0.000000  0.000000  0.000000  1.000000  0.999985  0.000319  0.005429  -0.000323  1.000000  0.000708  -0.005429  -0.000710  0.999985  0.000000  0.000000  
89.911423 -0.005282  0.083518  -0.005004  0.994070  0.082670  0.070644  -0.085137  0.995834  0.032654  -0.067650  -0.038475  0.996967  -0.012607  -0.012767  -0.009521  0.000000  0.000000  0.000000  2.000000  0.999985  0.000319  0.005429  -0.000323  1.000000  0.000708  -0.005429  -0.000710  0.999985  0.999996  0.001770  0.002077  -0.001773  0.999997  0.001573  -0.002074  -0.001577  0.999997  1.000000  0.000000  0.000000  0.000000  1.000000  0.000000  0.000000  0.000000  1.000000  0.999985  0.000319  0.005429  -0.000323  1.000000  0.000708  -0.005429  -0.000710  0.999985  0.000000  0.000000  
89.912424 -0.005295  0.083506  -0.005014  0.994043  0.082870  0.070784  -0.085341  0.995817  0.032628  -0.067784  -0.038474  0.996958  -0.012818  -0.012754  -0.009721  0.000000  0.000000  0.000000  2.000000  0.999985  0.000319  0.005429  -0.000323  1.000000  0.000708  -0.005429  -0.000710  0.999985  0.999997  0.001565  0.002069  -0.001568  0.999998  0.001587  -0.002066  -0.001590  0.999997  1.000000  0.000000  0.000000  0.000000  1.000000  0.000000  0.000000  0.000000  1.000000  0.999985  0.000319  0.005429  -0.000323  1.000000  0.000708  -0.005429  -0.000710  0.999985  0.000000  0.000000  
89.913676 -0.005313  0.083491  -0.005027  0.994043  0.082861  0.070794  -0.085341  0.995813  0.032749  -0.067784  -0.038595  0.996953  -0.013012  -0.012673  -0.009970  0.000000  0.000000  0.000000  2.000000  0.999985  0.000319  0.005429  -0.000323  1.000000  0.000708  -0.005429  -0.000710  0.999985  0.999997  0.001775  0.001943  -0.001778  0.999997  0.001573  -0.001940  -0.001576  0.999997  1.000000  0.000000  0.000000  0.000000  1.000000  0.000000  0.000000  0.000000  1.000000  0.999985  0.000319  0.005429  -0.000323  1.000000  0.000708  -0.005429  -0.000710  0.999985  0.000000  0.000000  
89.914680 -0.005328  0.083479  -0.005039  0.994043  0.082861  0.070794  -0.085341  0.995813  0.032749  -0.067784  -0.038595  0.996953  -0.013156  -0.012598  -0.010138  0.000000  0.000000  0.000000  2.000000  0.999985  0.000319  0.005429  -0.000323  1.000000  0.000708  -0.005429  -0.000710  0.999985  0.999997  0.001575  0.001802  -0.001577  0.999998  0.001465  -0.001799  -0.001468  0.999997  1.000000  0.000000  0.000000  0.000000  1.000000  0.000000  0.000000  0.000000  1.000000  0.999985  0.000319  0.005429  -0.000323  1.000000  0.000708  -0.005429  -0.000710  0.999985  0.000000  0.000000  
89.915681 -0.005342  0.083466  -0.005051  0.994043  0.082853  0.070804  -0.085341  0.995809  0.032869  -0.067784  -0.038716  0.996949  -0.013305  -0.012573  -0.010347  0.000000  0.000000  0.000000  2.000000  0.999985  0.000319  0.005429  -0.000323  1.000000  0.000708  -0.005429  -0.000710  0.999985  0.999997  0.001575  0.001802  -0.001577  0.999998  0.001465  -0.001799  -0.001468  0.999997  1.000000  0.000000  0.000000  0.000000  1.000000  0.000000  0.000000  0.000000  1.000000  0.999985  0.000319  0.005429  -0.000323  1.000000  0.000708  -0.005429  -0.000710  0.999985  0.000000  0.000000  
89.916928 -0.005360  0.083449  -0.005067  0.994026  0.083058  0.070811  -0.085546  0.995792  0.032855  -0.067784  -0.038716  0.996949  -0.013469  -0.012494  -0.010646  0.000000  0.000000  0.000000  2.000000  0.999985  0.000319  0.005429  -0.000323  1.000000  0.000708  -0.005429  -0.000710  0.999985  0.999997  0.001580  0.001668  -0.001582  0.999998  0.001465  -0.001666  -0.001468  0.999998  1.000000  0.000000  0.000000  0.000000  1.000000  0.000000  0.000000  0.000000  1.000000  0.999985  0.000319  0.005429  -0.000323  1.000000  0.000708  -0.005429  -0.000710  0.999985  0.000000  0.000000  
89.918175 -0.005377  0.083433  -0.005083  0.994026  0.083049  0.070821  -0.085546  0.995788  0.032976  -0.067784  -0.038837  0.996944  -0.013566  -0.012501  -0.010872  0.000000  0.000000  0.000000  2.000000  0.999985  0.000319  0.005429  -0.000323  1.000000  0.000708  -0.005429  -0.000710  0.999985  0.999998  0.001380  0.001527  -0.001382  0.999998  0.001479  -0.001525  -0.001481  0.999998  1.000000  0.000000  0.000000  0.000000  1.000000  0.000000  0.000000  0.000000  1.000000  0.999985  0.000319  0.005429  -0.000323  1.000000  0.000708  -0.005429  -0.000710  0.999985  0.000000  0.000000  
89.919421 -0.005394  0.083417  -0.005099  0.994017  0.083035  0.070964  -0.085545  0.995785  0.033085  -0.067917  -0.038958  0.996930  -0.013628  -0.012471  -0.011118  0.000000  0.000000  0.000000  2.000000  0.999985  0.000319  0.005429  -0.000323  1.000000  0.000708  -0.005429  -0.000710  0.999985  0.999998  0.001385  0.001393  -0.001387  0.999998  0.001479  -0.001391  -0.001481  0.999998  1.000000  0.000000  0.000000  0.000000  1.000000  0.000000  0.000000  0.000000  1.000000  0.999985  0.000319  0.005429  -0.000323  1.000000  0.000708  -0.005429  -0.000710  0.999985  0.000000  0.000000  
89.920431 -0.005407  0.083405  -0.005113  0.994017  0.083035  0.070964  -0.085545  0.995785  0.033085  -0.067917  -0.038958  0.996930  -0.013622  -0.012425  -0.011273  0.000000  0.000000  0.000000  2.000000  0.999985  0.000319  0.005429  -0.000323  1.000000  0.000708  -0.005429  -0.000710  0.999985  0.999999  0.001185  0.001251  -0.001186  0.999998  0.001372  -0.001250  -0.001373  0.999998  1.000000  0.000000  0.000000  0.000000  1.000000  0.000000  0.000000  0.000000  1.000000  0.999985  0.000319  0.005429  -0.000323  1.000000  0.000708  -0.005429  -0.000710  0.999985  0.000000  0.000000  
89.921673 -0.005423  0.083390  -0.005130  0.994017  0.083018  0.070984  -0.085545  0.995777  0.033326  -0.067917  -0.039199  0.996921  -0.013576  -0.012365  -0.011515  0.000000  0.000000  0.000000  2.000000  0.999985  0.000319  0.005429  -0.000323  1.000000  0.000708  -0.005429  -0.000710  0.999985  0.999999  0.000990  0.000976  -0.000991  0.999999  0.001386  -0.000975  -0.001387  0.999999  1.000000  0.000000  0.000000  0.000000  1.000000  0.000000  0.000000  0.000000  1.000000  0.999985  0.000319  0.005429  -0.000323  1.000000  0.000708  -0.005429  -0.000710  0.999985  0.000000  0.000000  
89.922674 -0.005435  0.083378  -0.005144  0.994017  0.083018  0.070984  -0.085545  0.995777  0.033326  -0.067917  -0.039199  0.996921  -0.013532  -0.012386  -0.011733  0.000000  0.000000  0.000000  2.000000  0.999985  0.000319  0.005429  -0.000323  1.000000  0.000708  -0.005429  -0.000710  0.999985  0.999999  0.000995  0.000842  -0.000996  0.999999  0.001386  -0.000841  -0.001386  0.999999  1.000000  0.000000  0.000000  0.000000  1.000000  0.000000  0.000000  0.000000  1.000000  0.999985  0.000319  0.005429  -0.000323  1.000000  0.000708  -0.005429  -0.000710  0.999985  0.000000  0.000000  
89.923924 -0.005451  0.083362  -0.005162  0.994017  0.083001  0.071004  -0.085545  0.995769  0.033568  -0.067917  -0.039441  0.996911  -0.013522  -0.012419  -0.012105  0.000000  0.000000  0.000000  2.000000  0.999985  0.000319  0.005429  -0.000323  1.000000  0.000708  -0.005429  -0.000710  0.999985  0.999999  0.000795  0.000701  -0.000796  0.999999  0.001400  -0.000700  -0.001400  0.999999  1.000000  0.000000  0.000000  0.000000  1.000000  0.000000  0.000000  0.000000  1.000000  0.999985  0.000319  0.005429  -0.000323  1.000000  0.000708  -0.005429  -0.000710  0.999985  0.000000  0.000000  
89.925194 -0.005468  0.083345  -0.005179  0.994026  0.082997  0.070881  -0.085546  0.995764  0.033700  -0.067784  -0.039563  0.996915  -0.013496  -0.012530  -0.012479  0.000000  0.000000  0.000000  2.000000  0.999985  0.000319  0.005429  -0.000323  1.000000  0.000708  -0.005429  -0.000710  0.999985  1.000000  0.000800  0.000567  -0.000801  0.999999  0.001521  -0.000566  -0.001521  0.999999  1.000000  0.000000  0.000000  0.000000  1.000000  0.000000  0.000000  0.000000  1.000000  0.999985  0.000319  0.005429  -0.000323  1.000000  0.000708  -0.005429  -0.000710  0.999985  0.000000  0.000000  
89.926426 -0.005483  0.083328  -0.005198  0.994026  0.082989  0.070891  -0.085546  0.995760  0.033821  -0.067784  -0.039683  0.996911  -0.013421  -0.012711  -0.012942  0.000000  0.000000  0.000000  2.000000  0.999985  0.000319  0.005429  -0.000323  1.000000  0.000708  -0.005429  -0.000710  0.999985  1.000000  0.000805  0.000434  -0.000806  0.999999  0.001521  -0.000432  -0.001521  0.999999  1.000000  0.000000  0.000000  0.000000  1.000000  0.000000  0.000000  0.000000  1.000000  0.999985  0.000319  0.005429  -0.000323  1.000000  0.000708  -0.005429  -0.000710  0.999985  0.000000  0.000000  
89.927673 -0.005499  0.083312  -0.005216  0.994017  0.082984  0.071024  -0.085545  0.995761  0.033810  -0.067917  -0.039683  0.996901  -0.013350  -0.012796  -0.013278  0.000000  0.000000  0.000000  2.000000  0.999985  0.000319  0.005429  -0.000323  1.000000  0.000708  -0.005429  -0.000710  0.999985  1.000000  0.000594  0.000559  -0.000595  0.999999  0.001535  -0.000558  -0.001535  0.999999  1.000000  0.000000  0.000000  0.000000  1.000000  0.000000  0.000000  0.000000  1.000000  0.999985  0.000319  0.005429  -0.000323  1.000000  0.000708  -0.005429  -0.000710  0.999985  0.000000  0.000000  
89.928676 -0.005511  0.083298  -0.005230  0.994017  0.082975  0.071034  -0.085545  0.995756  0.033930  -0.067917  -0.039804  0.996897  -0.013187  -0.012869  -0.013590  0.000000  0.000000  0.000000  2.000000  0.999985  0.000319  0.005429  -0.000323  1.000000  0.000708  -0.005429  -0.000710  0.999985  1.000000  0.000600  0.000426  -0.000600  0.999999  0.001535  -0.000425  -0.001535  0.999999  1.000000  0.000000  0.000000  0.000000  1.000000  0.000000  0.000000  0.000000  1.000000  0.999985  0.000319  0.005429  -0.000323  1.000000  0.000708  -0.005429  -0.000710  0.999985  0.000000  0.000000  
89.929920 -0.005526  0.083282  -0.005248  0.994017  0.082966  0.071044  -0.085545  0.995752  0.034051  -0.067917  -0.039925  0.996892  -0.013017  -0.012888  -0.013720  0.000000  0.000000  0.000000  2.000000  0.999985  0.000319  0.005429  -0.000323  1.000000  0.000708  -0.005429  -0.000710  0.999985  1.000000  0.000400  0.000284  -0.000400  0.999999  0.001428  -0.000283  -0.001428  0.999999  1.000000  0.000000  0.000000  0.000000  1.000000  0.000000  0.000000  0.000000  1.000000  0.999985  0.000319  0.005429  -0.000323  1.000000  0.000708  -0.005429  -0.000710  0.999985  0.000000  0.000000  
89.930924 -0.005538  0.083269  -0.005262  0.994026  0.082972  0.070911  -0.085546  0.995752  0.034063  -0.067784  -0.039925  0.996901  -0.012784  -0.012890  -0.013924  0.000000  0.000000  0.000000  2.000000  0.999985  0.000319  0.005429  -0.000323  1.000000  0.000708  -0.005429  -0.000710  0.999985  1.000000  0.000405  0.000150  -0.000405  0.999999  0.001549  -0.000149  -0.001549  0.999999  1.000000  0.000000  0.000000  0.000000  1.000000  0.000000  0.000000  0.000000  1.000000  0.999985  0.000319  0.005429  -0.000323  1.000000  0.000708  -0.005429  -0.000710  0.999985  0.000000  0.000000  
