1-Time 2-Px 3-Py 4-Pz 5-R11 6-R21 7-R31 8-R12 9-R22 10-R32 11-R13 12-R23 13-R33 14-Vx 15-Vy 16-Vz 17-Wx 18-Wy 19-Wz 20-state 21-PR11 22-PR21 23-PR31 24-PR12 25-PR22 26-PR32 27-PR13 28-PR23 29-PR33 
10.205491 0.002853  0.091555  -0.004725  0.994849  0.093139  -0.040017  -0.092016  0.995334  0.029036  0.042535  -0.025204  0.998777  -0.000406  0.000146  0.001125  0.000000  0.000000  0.000000  2.000000  1.000000  0.000000  0.000000  -0.000000  1.000000  0.000000  0.000000  -0.000000  1.000000  1.000000  -0.000206  -0.000005  0.000206  1.000000  0.000355  0.000005  -0.000355  1.000000  1.000000  0.000000  0.000000  0.000000  1.000000  0.000000  0.000000  0.000000  1.000000  1.000000  0.000000  0.000000  0.000000  1.000000  0.000000  0.000000  0.000000  1.000000  0.000000  0.000000  
10.206495 0.002852  0.091556  -0.004723  0.994849  0.093139  -0.040017  -0.092016  0.995334  0.029036  0.042535  -0.025204  0.998777  -0.000449  0.000123  0.001138  0.000000  0.000000  0.000000  2.000000  1.000000  0.000000  0.000000  0.000000  1.000000  0.000000  0.000000  0.000000  1.000000  1.000000  -0.000206  -0.000005  0.000206  1.000000  0.000234  0.000005  -0.000234  1.000000  1.000000  0.000000  0.000000  0.000000  1.000000  0.000000  0.000000  0.000000  1.000000  1.000000  0.000000  0.000000  0.000000  1.000000  0.000000  0.000000  0.000000  1.000000  0.000000  0.000000  
10.207745 0.002850  0.091553  -0.004723  0.994805  0.093557  -0.040127  -0.092425  0.995292  0.029186  0.042669  -0.025325  0.998768  -0.000536  -0.000057  0.001056  0.000000  0.000000  0.000000  2.000000  1.000000  0.000000  0.000000  0.000000  1.000000  0.000000  0.000000  0.000000  1.000000  1.000000  0.000206  0.000005  -0.000206  1.000000  0.000373  -0.000005  -0.000373  1.000000  1.000000  0.000000  0.000000  0.000000  1.000000  0.000000  0.000000  0.000000  1.000000  1.000000  0.000000  0.000000  0.000000  1.000000  0.000000  0.000000  0.000000  1.000000  0.000000  0.000000  
10.208994 0.002849  0.091550  -0.004725  0.994767  0.093967  -0.040115  -0.092835  0.995253  0.029202  0.042669  -0.025325  0.998768  -0.000597  -0.000244  0.000907  0.000000  0.000000  0.000000  2.000000  1.000000  0.000000  0.000000  0.000000  1.000000  0.000000  0.000000  0.000000  1.000000  1.000000  0.000620  -0.000118  -0.000620  1.000000  0.000390  0.000118  -0.000390  1.000000  1.000000  0.000000  0.000000  0.000000  1.000000  0.000000  0.000000  0.000000  1.000000  1.000000  0.000000  0.000000  0.000000  1.000000  0.000000  0.000000  0.000000  1.000000  0.000000  0.000000  
10.209999 0.002848  0.091548  -0.004725  0.994742  0.094180  -0.040231  -0.093039  0.995230  0.029344  0.042802  -0.025446  0.998759  -0.000632  -0.000424  0.000821  0.000000  0.000000  0.000000  2.000000  1.000000  0.000000  0.000000  0.000000  1.000000  0.000000  0.000000  0.000000  1.000000  1.000000  0.000829  -0.000247  -0.000829  1.000000  0.000520  0.000247  -0.000520  1.000000  1.000000  0.000000  0.000000  0.000000  1.000000  0.000000  0.000000  0.000000  1.000000  1.000000  0.000000  0.000000  0.000000  1.000000  0.000000  0.000000  0.000000  1.000000  0.000000  0.000000  
10.211261 0.002848  0.091545  -0.004726  0.994717  0.094393  -0.040346  -0.093243  0.995207  0.029485  0.042936  -0.025567  0.998751  -0.000633  -0.000635  0.000678  0.000000  0.000000  0.000000  2.000000  1.000000  0.000000  0.000000  0.000000  1.000000  0.000000  0.000000  0.000000  1.000000  0.999999  0.001038  -0.000375  -0.001038  0.999999  0.000651  0.000376  -0.000650  1.000000  1.000000  0.000000  0.000000  0.000000  1.000000  0.000000  0.000000  0.000000  1.000000  1.000000  0.000000  0.000000  0.000000  1.000000  0.000000  0.000000  0.000000  1.000000  0.000000  0.000000  
10.212270 0.002847  0.091542  -0.004727  0.994673  0.094811  -0.040456  -0.093652  0.995164  0.029635  0.043070  -0.025688  0.998742  -0.000678  -0.000868  0.000549  0.000000  0.000000  0.000000  2.000000  1.000000  0.000000  0.000000  0.000000  1.000000  0.000000  0.000000  0.000000  1.000000  0.999999  0.001247  -0.000503  -0.001247  0.999999  0.000538  0.000504  -0.000538  1.000000  1.000000  0.000000  0.000000  0.000000  1.000000  0.000000  0.000000  0.000000  1.000000  1.000000  0.000000  0.000000  0.000000  1.000000  0.000000  0.000000  0.000000  1.000000  0.000000  0.000000  
10.213507 0.002847  0.091539  -0.004727  0.994629  0.095224  -0.040577  -0.094061  0.995124  0.029664  0.043204  -0.025688  0.998736  -0.000650  -0.001052  0.000427  0.000000  0.000000  0.000000  2.000000  1.000000  0.000000  0.000000  0.000000  1.000000  0.000000  0.000000  0.000000  1.000000  0.999998  0.001662  -0.000626  -0.001662  0.999998  0.000678  0.000628  -0.000677  1.000000  1.000000  0.000000  0.000000  0.000000  1.000000  0.000000  0.000000  0.000000  1.000000  1.000000  0.000000  0.000000  0.000000  1.000000  0.000000  0.000000  0.000000  1.000000  0.000000  0.000000  
10.214752 0.002847  0.091537  -0.004728  0.994578  0.095646  -0.040819  -0.094470  0.995081  0.029827  0.043471  -0.025809  0.998721  -0.000607  -0.001240  0.000272  0.000000  0.000000  0.000000  2.000000  1.000000  0.000000  0.000000  0.000000  1.000000  0.000000  0.000000  0.000000  1.000000  0.999997  0.002286  -0.000878  -0.002285  0.999997  0.000826  0.000880  -0.000824  0.999999  1.000000  0.000000  0.000000  0.000000  1.000000  0.000000  0.000000  0.000000  1.000000  1.000000  0.000000  0.000000  0.000000  1.000000  0.000000  0.000000  0.000000  1.000000  0.000000  0.000000  
10.215994 0.002846  0.091534  -0.004729  0.994508  0.096272  -0.041055  -0.095083  0.995017  0.029998  0.043738  -0.025930  0.998706  -0.000634  -0.001458  0.000066  0.000000  0.000000  0.000000  2.000000  1.000000  0.000000  0.000000  0.000000  1.000000  0.000000  0.000000  0.000000  1.000000  0.999995  0.002910  -0.001129  -0.002909  0.999995  0.000854  0.001132  -0.000850  0.999999  1.000000  0.000000  0.000000  0.000000  1.000000  0.000000  0.000000  0.000000  1.000000  1.000000  0.000000  0.000000  0.000000  1.000000  0.000000  0.000000  0.000000  1.000000  0.000000  0.000000  
10.216995 0.002845  0.091532  -0.004731  0.994463  0.096685  -0.041175  -0.095492  0.994977  0.030028  0.043872  -0.025930  0.998701  -0.000632  -0.001607  -0.000174  0.000000  0.000000  0.000000  2.000000  1.000000  0.000000  0.000000  0.000000  1.000000  0.000000  0.000000  0.000000  1.000000  0.999994  0.003325  -0.001252  -0.003323  0.999994  0.000993  0.001255  -0.000989  0.999999  1.000000  0.000000  0.000000  0.000000  1.000000  0.000000  0.000000  0.000000  1.000000  1.000000  0.000000  0.000000  0.000000  1.000000  0.000000  0.000000  0.000000  1.000000  0.000000  0.000000  
10.218004 0.002845  0.091530  -0.004733  0.994412  0.097102  -0.041429  -0.095900  0.994937  0.030070  0.044139  -0.025929  0.998689  -0.000619  -0.001700  -0.000371  0.000000  0.000000  0.000000  2.000000  1.000000  0.000000  0.000000  0.000000  1.000000  0.000000  0.000000  0.000000  1.000000  0.999993  0.003534  -0.001380  -0.003532  0.999993  0.001003  0.001384  -0.000998  0.999999  1.000000  0.000000  0.000000  0.000000  1.000000  0.000000  0.000000  0.000000  1.000000  1.000000  0.000000  0.000000  0.000000  1.000000  0.000000  0.000000  0.000000  1.000000  0.000000  0.000000  
10.219250 0.002845  0.091528  -0.004735  0.994366  0.097515  -0.041550  -0.096309  0.994896  0.030100  0.044273  -0.025929  0.998683  -0.000573  -0.001825  -0.000624  0.000000  0.000000  0.000000  2.000000  1.000000  0.000000  0.000000  0.000000  1.000000  0.000000  0.000000  0.000000  1.000000  0.999991  0.003952  -0.001637  -0.003950  0.999992  0.000901  0.001641  -0.000894  0.999998  1.000000  0.000000  0.000000  0.000000  1.000000  0.000000  0.000000  0.000000  1.000000  1.000000  0.000000  0.000000  0.000000  1.000000  0.000000  0.000000  0.000000  1.000000  0.000000  0.000000  
10.220495 0.002844  0.091526  -0.004737  0.994315  0.097931  -0.041803  -0.096717  0.994855  0.030143  0.044540  -0.025929  0.998671  -0.000559  -0.001980  -0.000899  0.000000  0.000000  0.000000  2.000000  1.000000  0.000000  0.000000  0.000000  1.000000  0.000000  0.000000  0.000000  1.000000  0.999988  0.004576  -0.001888  -0.004574  0.999989  0.000929  0.001893  -0.000921  0.999998  1.000000  0.000000  0.000000  0.000000  1.000000  0.000000  0.000000  0.000000  1.000000  1.000000  0.000000  0.000000  0.000000  1.000000  0.000000  0.000000  0.000000  1.000000  0.000000  0.000000  
10.221747 0.002843  0.091523  -0.004740  0.994257  0.098351  -0.042190  -0.097125  0.994814  0.030200  0.044941  -0.025928  0.998653  -0.000556  -0.002127  -0.001139  0.000000  0.000000  0.000000  2.000000  1.000000  0.000111  0.000086  -0.000111  1.000000  0.000024  -0.000086  -0.000024  1.000000  0.999984  0.005199  -0.002140  -0.005197  0.999986  0.000958  0.002145  -0.000947  0.999997  1.000000  0.000056  0.000043  -0.000056  1.000000  0.000012  -0.000043  -0.000012  1.000000  1.000000  0.000111  0.000086  -0.000111  1.000000  0.000024  -0.000086  -0.000024  1.000000  0.000000  0.005703  
10.222994 0.002842  0.091520  -0.004743  0.994185  0.098978  -0.042425  -0.097738  0.994749  0.030372  0.045209  -0.026049  0.998638  -0.000534  -0.002168  -0.001293  0.040804  0.085121  0.188855  2.000000  1.000000  0.000407  0.000308  -0.000407  1.000000  0.000086  -0.000308  -0.000086  1.000000  0.999981  0.005618  -0.002396  -0.005615  0.999984  0.001099  0.002402  -0.001086  0.999997  1.000000  0.000061  0.000046  -0.000061  1.000000  0.000014  -0.000046  -0.000014  1.000000  1.000000  0.000407  0.000308  -0.000407  1.000000  0.000086  -0.000308  -0.000086  1.000000  0.000051  0.006204  
10.223995 0.002841  0.091518  -0.004744  0.994153  0.099190  -0.042685  -0.097941  0.994728  0.030407  0.045476  -0.026049  0.998626  -0.000503  -0.002141  -0.001273  0.041140  0.093948  0.196023  2.000000  1.000000  0.000667  0.000498  -0.000667  1.000000  0.000141  -0.000498  -0.000141  1.000000  0.999978  0.006036  -0.002652  -0.006033  0.999981  0.001119  0.002659  -0.001103  0.999996  1.000000  0.000066  0.000049  -0.000066  1.000000  0.000014  -0.000049  -0.000014  1.000000  1.000000  0.000667  0.000498  -0.000667  1.000000  0.000141  -0.000498  -0.000141  1.000000  0.000055  0.006686  
10.225245 0.002840  0.091514  -0.004745  0.994126  0.099398  -0.042812  -0.098145  0.994707  0.030429  0.045610  -0.026049  0.998620  -0.000548  -0.002182  -0.001281  0.041451  0.098250  0.203014  2.000000  0.999999  0.001012  0.000741  -0.001012  0.999999  0.000210  -0.000740  -0.000211  1.000000  0.999976  0.006249  -0.002915  -0.006245  0.999980  0.001130  0.002922  -0.001112  0.999995  1.000000  0.000071  0.000049  -0.000071  1.000000  0.000014  -0.000049  -0.000014  1.000000  0.999999  0.001012  0.000741  -0.001012  0.999999  0.000210  -0.000740  -0.000211  1.000000  0.000057  0.006986  
10.226493 0.002838  0.091510  -0.004746  0.994074  0.099819  -0.043053  -0.098553  0.994661  0.030594  0.045877  -0.026170  0.998604  -0.000601  -0.002257  -0.001310  0.045794  0.106012  0.215319  2.000000  0.999999  0.001377  0.000990  -0.001378  0.999999  0.000283  -0.000989  -0.000285  0.999999  0.999974  0.006462  -0.003176  -0.006458  0.999978  0.001263  0.003184  -0.001242  0.999994  1.000000  0.000075  0.000050  -0.000075  1.000000  0.000016  -0.000050  -0.000016  1.000000  0.999999  0.001377  0.000990  -0.001378  0.999999  0.000283  -0.000989  -0.000285  0.999999  0.000060  0.007308  
10.227494 0.002838  0.091506  -0.004747  0.994041  0.100031  -0.043312  -0.098757  0.994640  0.030629  0.046144  -0.026169  0.998592  -0.000635  -0.002346  -0.001342  0.046508  0.115703  0.224241  2.000000  0.999998  0.001686  0.001197  -0.001686  0.999999  0.000343  -0.001196  -0.000345  0.999999  0.999972  0.006671  -0.003304  -0.006667  0.999977  0.001152  0.003312  -0.001130  0.999994  1.000000  0.000077  0.000052  -0.000077  1.000000  0.000014  -0.000052  -0.000014  1.000000  0.999998  0.001686  0.001197  -0.001686  0.999999  0.000343  -0.001196  -0.000345  0.999999  0.000064  0.007531  
10.228495 0.002837  0.091502  -0.004748  0.994015  0.100245  -0.043427  -0.098961  0.994615  0.030772  0.046278  -0.026290  0.998583  -0.000659  -0.002485  -0.001405  0.046825  0.119980  0.231255  2.000000  0.999997  0.001999  0.001398  -0.001999  0.999998  0.000404  -0.001397  -0.000407  0.999999  0.999972  0.006675  -0.003437  -0.006670  0.999977  0.001275  0.003446  -0.001252  0.999993  1.000000  0.000079  0.000051  -0.000079  1.000000  0.000016  -0.000051  -0.000016  1.000000  0.999997  0.001999  0.001398  -0.001999  0.999998  0.000404  -0.001397  -0.000407  0.999999  0.000066  0.007613  
10.229499 0.002836  0.091497  -0.004750  0.993988  0.100453  -0.043554  -0.099165  0.994594  0.030794  0.046411  -0.026290  0.998576  -0.000734  -0.002656  -0.001500  0.047144  0.124286  0.238260  2.000000  0.999996  0.002236  0.001544  -0.002237  0.999997  0.000451  -0.001543  -0.000455  0.999999  0.999973  0.006473  -0.003576  -0.006468  0.999978  0.001266  0.003584  -0.001243  0.999993  1.000000  0.000079  0.000048  -0.000079  1.000000  0.000016  -0.000048  -0.000016  1.000000  0.999996  0.002236  0.001544  -0.002237  0.999997  0.000451  -0.001543  -0.000455  0.999999  0.000068  0.007501  
10.230507 0.002834  0.091493  -0.004752  0.993955  0.100670  -0.043801  -0.099368  0.994569  0.030950  0.046679  -0.026411  0.998561  -0.000833  -0.002830  -0.001548  0.051851  0.132859  0.252230  2.000000  0.999995  0.002553  0.001735  -0.002554  0.999997  0.000513  -0.001734  -0.000518  0.999998  0.999973  0.006473  -0.003576  -0.006468  0.999978  0.001267  0.003584  -0.001244  0.999993  1.000000  0.000079  0.000048  -0.000079  1.000000  0.000016  -0.000048  -0.000016  1.000000  0.999995  0.002553  0.001735  -0.002554  0.999997  0.000513  -0.001734  -0.000518  0.999998  0.000070  0.007501  
10.231746 0.002832  0.091486  -0.004755  0.993929  0.100878  -0.043927  -0.099572  0.994548  0.030973  0.046812  -0.026411  0.998554  -0.000901  -0.003060  -0.001626  0.052204  0.137245  0.259388  2.000000  0.999994  0.002877  0.001919  -0.002878  0.999996  0.000573  -0.001917  -0.000578  0.999998  0.999972  0.006480  -0.003843  -0.006476  0.999978  0.001147  0.003850  -0.001123  0.999992  1.000000  0.000082  0.000046  -0.000082  1.000000  0.000014  -0.000046  -0.000014  1.000000  0.999994  0.002877  0.001919  -0.002878  0.999996  0.000573  -0.001917  -0.000578  0.999998  0.000075  0.007619  
10.232999 0.002830  0.091480  -0.004759  0.993902  0.101092  -0.044042  -0.099776  0.994523  0.031116  0.046946  -0.026532  0.998545  -0.001038  -0.003356  -0.001683  0.056591  0.141504  0.266344  2.000000  0.999992  0.003279  0.002145  -0.003281  0.999994  0.000647  -0.002143  -0.000654  0.999997  0.999973  0.006271  -0.003714  -0.006267  0.999980  0.001260  0.003722  -0.001237  0.999992  1.000000  0.000079  0.000045  -0.000079  1.000000  0.000016  -0.000045  -0.000016  1.000000  0.999992  0.003279  0.002145  -0.003281  0.999994  0.000647  -0.002143  -0.000654  0.999997  0.000075  0.007395  
10.234047 0.002828  0.091475  -0.004761  0.993896  0.101095  -0.044175  -0.099776  0.994523  0.031129  0.047080  -0.026531  0.998539  -0.001157  -0.003596  -0.001711  0.056516  0.145760  0.266023  2.000000  0.999991  0.003593  0.002320  -0.003595  0.999993  0.000703  -0.002318  -0.000711  0.999997  0.999975  0.006066  -0.003720  -0.006061  0.999981  0.001130  0.003726  -0.001107  0.999992  1.000000  0.000078  0.000042  -0.000078  1.000000  0.000014  -0.000042  -0.000014  1.000000  0.999991  0.003593  0.002320  -0.003595  0.999993  0.000703  -0.002318  -0.000711  0.999997  0.000077  0.007203  
10.235249 0.002824  0.091469  -0.004763  0.993869  0.101304  -0.044301  -0.099980  0.994502  0.031152  0.047213  -0.026531  0.998532  -0.001334  -0.003875  -0.001717  0.056945  0.150335  0.273523  2.000000  0.999989  0.003896  0.002486  -0.003898  0.999992  0.000753  -0.002483  -0.000763  0.999997  0.999977  0.005853  -0.003458  -0.005849  0.999982  0.000999  0.003463  -0.000979  0.999994  1.000000  0.000074  0.000042  -0.000074  1.000000  0.000012  -0.000042  -0.000012  1.000000  0.999989  0.003896  0.002486  -0.003898  0.999992  0.000753  -0.002483  -0.000763  0.999997  0.000079  0.006869  
10.236499 0.002821  0.091463  -0.004764  0.993848  0.101508  -0.044295  -0.100184  0.994481  0.031161  0.047213  -0.026531  0.998532  -0.001518  -0.004064  -0.001652  0.053184  0.150155  0.280469  2.000000  0.999987  0.004260  0.002678  -0.004263  0.999991  0.000813  -0.002674  -0.000825  0.999996  0.999979  0.005442  -0.003469  -0.005438  0.999985  0.000980  0.003474  -0.000961  0.999994  1.000000  0.000072  0.000037  -0.000072  1.000000  0.000012  -0.000037  -0.000012  1.000000  0.999987  0.004260  0.002678  -0.004263  0.999991  0.000813  -0.002674  -0.000825  0.999996  0.000081  0.006526  
10.237745 0.002817  0.091458  -0.004764  0.993848  0.101508  -0.044295  -0.100184  0.994481  0.031161  0.047213  -0.026531  0.998532  -0.001719  -0.004192  -0.001477  0.052586  0.146032  0.266557  2.000000  0.999986  0.004532  0.002817  -0.004534  0.999989  0.000856  -0.002813  -0.000869  0.999996  0.999982  0.005023  -0.003212  -0.005021  0.999987  0.000840  0.003216  -0.000823  0.999994  1.000000  0.000066  0.000034  -0.000066  1.000000  0.000010  -0.000034  -0.000010  1.000000  0.999986  0.004532  0.002817  -0.004534  0.999989  0.000856  -0.002813  -0.000869  0.999996  0.000077  0.006020  
10.238746 0.002813  0.091454  -0.004764  0.993848  0.101508  -0.044295  -0.100184  0.994481  0.031161  0.047213  -0.026531  0.998532  -0.001887  -0.004307  -0.001412  0.051965  0.146394  0.252742  2.000000  0.999986  0.004532  0.002817  -0.004534  0.999989  0.000856  -0.002813  -0.000869  0.999996  0.999985  0.004608  -0.003089  -0.004606  0.999989  0.000820  0.003093  -0.000806  0.999995  1.000000  0.000000  0.000000  0.000000  1.000000  0.000000  0.000000  0.000000  1.000000  0.999986  0.004532  0.002817  -0.004534  0.999989  0.000856  -0.002813  -0.000869  0.999996  0.000074  0.000000  
10.239995 0.002809  0.091450  -0.004764  0.993848  0.101508  -0.044295  -0.100184  0.994481  0.031161  0.047213  -0.026531  0.998532  -0.002084  -0.004373  -0.001334  0.047206  0.140907  0.243724  2.000000  0.999986  0.004532  0.002817  -0.004534  0.999989  0.000856  -0.002813  -0.000869  0.999996  0.999987  0.004190  -0.002833  -0.004188  0.999991  0.000801  0.002836  -0.000789  0.999996  1.000000  0.000000  0.000000  0.000000  1.000000  0.000000  0.000000  0.000000  1.000000  0.999986  0.004532  0.002817  -0.004534  0.999989  0.000856  -0.002813  -0.000869  0.999996  0.000072  0.000000  
10.240995 0.002804  0.091445  -0.004764  0.993848  0.101503  -0.044307  -0.100184  0.994485  0.031040  0.047213  -0.026410  0.998536  -0.002347  -0.004440  -0.001262  0.039167  0.137831  0.238840  2.000000  0.999986  0.004532  0.002817  -0.004534  0.999989  0.000856  -0.002813  -0.000869  0.999996  0.999989  0.003775  -0.002710  -0.003773  0.999993  0.000781  0.002713  -0.000771  0.999996  1.000000  0.000000  0.000000  0.000000  1.000000  0.000000  0.000000  0.000000  1.000000  0.999986  0.004532  0.002817  -0.004534  0.999989  0.000856  -0.002813  -0.000869  0.999996  0.000070  0.000000  
10.242000 0.002799  0.091440  -0.004765  0.993827  0.101708  -0.044301  -0.100389  0.994464  0.031049  0.047213  -0.026410  0.998536  -0.002644  -0.004512  -0.001266  0.034797  0.133519  0.231852  2.000000  0.999986  0.004532  0.002817  -0.004534  0.999989  0.000856  -0.002813  -0.000869  0.999996  0.999991  0.003562  -0.002449  -0.003561  0.999993  0.000650  0.002451  -0.000642  0.999997  1.000000  0.000000  0.000000  0.000000  1.000000  0.000000  0.000000  0.000000  1.000000  0.999986  0.004532  0.002817  -0.004534  0.999989  0.000856  -0.002813  -0.000869  0.999996  0.000069  0.000000  
10.243245 0.002792  0.091434  -0.004766  0.993827  0.101708  -0.044301  -0.100389  0.994464  0.031049  0.047213  -0.026410  0.998536  -0.003033  -0.004580  -0.001208  0.034196  0.128067  0.222845  2.000000  0.999986  0.004532  0.002817  -0.004534  0.999989  0.000856  -0.002813  -0.000869  0.999996  0.999993  0.003144  -0.002192  -0.003143  0.999995  0.000631  0.002194  -0.000624  0.999997  1.000000  0.000000  0.000000  0.000000  1.000000  0.000000  0.000000  0.000000  1.000000  0.999986  0.004532  0.002817  -0.004534  0.999989  0.000856  -0.002813  -0.000869  0.999996  0.000065  0.000000  
10.244251 0.002787  0.091429  -0.004768  0.993834  0.101704  -0.044168  -0.100390  0.994464  0.031036  0.047080  -0.026410  0.998542  -0.003312  -0.004627  -0.001210  0.029468  0.116133  0.203553  2.000000  0.999986  0.004532  0.002817  -0.004534  0.999989  0.000856  -0.002813  -0.000869  0.999996  0.999995  0.002722  -0.001802  -0.002721  0.999996  0.000490  0.001803  -0.000485  0.999998  1.000000  0.000000  0.000000  0.000000  1.000000  0.000000  0.000000  0.000000  1.000000  0.999986  0.004532  0.002817  -0.004534  0.999989  0.000856  -0.002813  -0.000869  0.999996  0.000061  0.000000  
10.245496 0.002779  0.091423  -0.004768  0.993834  0.101704  -0.044168  -0.100390  0.994464  0.031036  0.047080  -0.026410  0.998542  -0.003658  -0.004617  -0.001092  0.028558  0.107707  0.182626  2.000000  0.999986  0.004532  0.002817  -0.004534  0.999989  0.000856  -0.002813  -0.000869  0.999996  0.999996  0.002509  -0.001540  -0.002509  0.999997  0.000480  0.001541  -0.000476  0.999999  1.000000  0.000000  0.000000  0.000000  1.000000  0.000000  0.000000  0.000000  1.000000  0.999986  0.004532  0.002817  -0.004534  0.999989  0.000856  -0.002813  -0.000869  0.999996  0.000057  0.000000  
10.246503 0.002773  0.091419  -0.004768  0.993834  0.101704  -0.044168  -0.100390  0.994464  0.031036  0.047080  -0.026410  0.998542  -0.003985  -0.004594  -0.000896  0.000000  0.000000  0.000000  2.000000  0.999986  0.004532  0.002817  -0.004534  0.999989  0.000856  -0.002813  -0.000869  0.999996  0.999996  0.002300  -0.001411  -0.002300  0.999997  0.000470  0.001412  -0.000467  0.999999  1.000000  0.000000  0.000000  0.000000  1.000000  0.000000  0.000000  0.000000  1.000000  0.999986  0.004532  0.002817  -0.004534  0.999989  0.000856  -0.002813  -0.000869  0.999996  0.000051  0.000000  
10.247504 0.002768  0.091414  -0.004769  0.993840  0.101701  -0.044035  -0.100390  0.994464  0.031022  0.046946  -0.026411  0.998548  -0.004236  -0.004600  -0.000738  0.000000  0.000000  0.000000  2.000000  0.999986  0.004532  0.002817  -0.004534  0.999989  0.000856  -0.002813  -0.000869  0.999996  0.999997  0.002084  -0.001016  -0.002084  0.999998  0.000339  0.001016  -0.000337  0.999999  1.000000  0.000000  0.000000  0.000000  1.000000  0.000000  0.000000  0.000000  1.000000  0.999986  0.004532  0.002817  -0.004534  0.999989  0.000856  -0.002813  -0.000869  0.999996  0.000000  0.000000  
10.248749 0.002759  0.091407  -0.004769  0.993840  0.101701  -0.044035  -0.100390  0.994464  0.031022  0.046946  -0.026411  0.998548  -0.004639  -0.004651  -0.000596  0.000000  0.000000  0.000000  2.000000  0.999986  0.004532  0.002817  -0.004534  0.999989  0.000856  -0.002813  -0.000869  0.999996  0.999998  0.001666  -0.000759  -0.001666  0.999999  0.000320  0.000759  -0.000319  1.000000  1.000000  0.000000  0.000000  0.000000  1.000000  0.000000  0.000000  0.000000  1.000000  0.999986  0.004532  0.002817  -0.004534  0.999989  0.000856  -0.002813  -0.000869  0.999996  0.000000  0.000000  
10.249750 0.002753  0.091401  -0.004771  0.993846  0.101697  -0.043902  -0.100391  0.994465  0.031009  0.046812  -0.026411  0.998554  -0.004904  -0.004683  -0.000587  0.000000  0.000000  0.000000  2.000000  0.999986  0.004532  0.002817  -0.004534  0.999989  0.000856  -0.002813  -0.000869  0.999996  0.999999  0.001453  -0.000497  -0.001453  0.999999  0.000189  0.000497  -0.000188  1.000000  1.000000  0.000000  0.000000  0.000000  1.000000  0.000000  0.000000  0.000000  1.000000  0.999986  0.004532  0.002817  -0.004534  0.999989  0.000856  -0.002813  -0.000869  0.999996  0.000000  0.000000  
10.250999 0.002744  0.091394  -0.004774  0.993846  0.101697  -0.043902  -0.100391  0.994465  0.031009  0.046812  -0.026411  0.998554  -0.005217  -0.004814  -0.000723  0.000000  0.000000  0.000000  2.000000  0.999986  0.004532  0.002817  -0.004534  0.999989  0.000856  -0.002813  -0.000869  0.999996  0.999999  0.001035  -0.000240  -0.001035  0.999999  0.000048  0.000240  -0.000048  1.000000  1.000000  0.000000  0.000000  0.000000  1.000000  0.000000  0.000000  0.000000  1.000000  0.999986  0.004532  0.002817  -0.004534  0.999989  0.000856  -0.002813  -0.000869  0.999996  0.000000  0.000000  
10.252250 0.002736  0.091386  -0.004778  0.993852  0.101694  -0.043769  -0.100391  0.994465  0.030995  0.046679  -0.026411  0.998561  -0.005538  -0.004959  -0.000908  0.000000  0.000000  0.000000  2.000000  0.999986  0.004532  0.002817  -0.004534  0.999989  0.000856  -0.002813  -0.000869  0.999996  1.000000  0.000819  0.000156  -0.000819  1.000000  0.000038  -0.000155  -0.000039  1.000000  1.000000  0.000000  0.000000  0.000000  1.000000  0.000000  0.000000  0.000000  1.000000  0.999986  0.004532  0.002817  -0.004534  0.999989  0.000856  -0.002813  -0.000869  0.999996  0.000000  0.000000  
10.253499 0.002727  0.091378  -0.004781  0.993859  0.101685  -0.043648  -0.100392  0.994469  0.030861  0.046545  -0.026290  0.998570  -0.005887  -0.005159  -0.001155  0.000000  0.000000  0.000000  2.000000  0.999986  0.004532  0.002817  -0.004534  0.999989  0.000856  -0.002813  -0.000869  0.999996  1.000000  0.000812  0.000423  -0.000812  1.000000  -0.000204  -0.000423  0.000204  1.000000  1.000000  0.000000  0.000000  0.000000  1.000000  0.000000  0.000000  0.000000  1.000000  0.999986  0.004532  0.002817  -0.004534  0.999989  0.000856  -0.002813  -0.000869  0.999996  0.000000  0.000000  
10.254745 0.002718  0.091371  -0.004786  0.993859  0.101685  -0.043648  -0.100392  0.994469  0.030861  0.046545  -0.026290  0.998570  -0.006162  -0.005337  -0.001432  0.000000  0.000000  0.000000  2.000000  0.999986  0.004532  0.002817  -0.004534  0.999989  0.000856  -0.002813  -0.000869  0.999996  1.000000  0.000603  0.000551  -0.000603  1.000000  -0.000214  -0.000551  0.000214  1.000000  1.000000  0.000000  0.000000  0.000000  1.000000  0.000000  0.000000  0.000000  1.000000  0.999986  0.004532  0.002817  -0.004534  0.999989  0.000856  -0.002813  -0.000869  0.999996  0.000000  0.000000  
10.255745 0.002711  0.091365  -0.004790  0.993859  0.101685  -0.043648  -0.100392  0.994469  0.030861  0.046545  -0.026290  0.998570  -0.006316  -0.005440  -0.001716  0.000000  0.000000  0.000000  2.000000  0.999986  0.004532  0.002817  -0.004534  0.999989  0.000856  -0.002813  -0.000869  0.999996  1.000000  0.000397  0.000546  -0.000397  1.000000  -0.000223  -0.000546  0.000223  1.000000  1.000000  0.000000  0.000000  0.000000  1.000000  0.000000  0.000000  0.000000  1.000000  0.999986  0.004532  0.002817  -0.004534  0.999989  0.000856  -0.002813  -0.000869  0.999996  0.000000  0.000000  
10.256995 0.002701  0.091357  -0.004795  0.993859  0.101685  -0.043648  -0.100392  0.994469  0.030861  0.046545  -0.026290  0.998570  -0.006512  -0.005551  -0.001979  0.000000  0.000000  0.000000  2.000000  0.999986  0.004532  0.002817  -0.004534  0.999989  0.000856  -0.002813  -0.000869  0.999996  1.000000  0.000188  0.000674  -0.000188  1.000000  -0.000233  -0.000674  0.000233  1.000000  1.000000  0.000000  0.000000  0.000000  1.000000  0.000000  0.000000  0.000000  1.000000  0.999986  0.004532  0.002817  -0.004534  0.999989  0.000856  -0.002813  -0.000869  0.999996  0.000000  0.000000  
10.258000 0.002694  0.091351  -0.004799  0.993859  0.101680  -0.043661  -0.100392  0.994473  0.030741  0.046545  -0.026169  0.998573  -0.006680  -0.005665  -0.002235  0.000000  0.000000  0.000000  2.000000  0.999986  0.004532  0.002817  -0.004534  0.999989  0.000856  -0.002813  -0.000869  0.999996  1.000000  0.000188  0.000674  -0.000188  1.000000  -0.000354  -0.000674  0.000354  1.000000  1.000000  0.000000  0.000000  0.000000  1.000000  0.000000  0.000000  0.000000  1.000000  0.999986  0.004532  0.002817  -0.004534  0.999989  0.000856  -0.002813  -0.000869  0.999996  0.000000  0.000000  
10.259244 0.002684  0.091344  -0.004803  0.993865  0.101676  -0.043528  -0.100393  0.994473  0.030727  0.046411  -0.026169  0.998580  -0.006838  -0.005715  -0.002386  0.000000  0.000000  0.000000  2.000000  0.999986  0.004532  0.002817  -0.004534  0.999989  0.000856  -0.002813  -0.000869  0.999996  1.000000  0.000185  0.000808  -0.000184  1.000000  -0.000354  -0.000808  0.000354  1.000000  1.000000  0.000000  0.000000  0.000000  1.000000  0.000000  0.000000  0.000000  1.000000  0.999986  0.004532  0.002817  -0.004534  0.999989  0.000856  -0.002813  -0.000869  0.999996  0.000000  0.000000  
10.260249 0.002677  0.091338  -0.004806  0.993865  0.101676  -0.043528  -0.100393  0.994473  0.030727  0.046411  -0.026169  0.998580  -0.006956  -0.005798  -0.002565  0.000000  0.000000  0.000000  2.000000  0.999986  0.004532  0.002817  -0.004534  0.999989  0.000856  -0.002813  -0.000869  0.999996  1.000000  0.000185  0.000808  -0.000184  1.000000  -0.000354  -0.000808  0.000354  1.000000  1.000000  0.000000  0.000000  0.000000  1.000000  0.000000  0.000000  0.000000  1.000000  0.999986  0.004532  0.002817  -0.004534  0.999989  0.000856  -0.002813  -0.000869  0.999996  0.000000  0.000000  
10.261250 0.002669  0.091332  -0.004809  0.993865  0.101676  -0.043528  -0.100393  0.994473  0.030727  0.046411  -0.026169  0.998580  -0.007087  -0.005897  -0.002786  0.000000  0.000000  0.000000  2.000000  0.999986  0.004532  0.002817  -0.004534  0.999989  0.000856  -0.002813  -0.000869  0.999996  1.000000  0.000185  0.000808  -0.000184  1.000000  -0.000354  -0.000808  0.000354  1.000000  1.000000  0.000000  0.000000  0.000000  1.000000  0.000000  0.000000  0.000000  1.000000  0.999986  0.004532  0.002817  -0.004534  0.999989  0.000856  -0.002813  -0.000869  0.999996  0.000000  0.000000  
10.262251 0.002661  0.091326  -0.004813  0.993865  0.101676  -0.043528  -0.100393  0.994473  0.030727  0.046411  -0.026169  0.998580  -0.007214  -0.005917  -0.002974  0.000000  0.000000  0.000000  2.000000  0.999986  0.004532  0.002817  -0.004534  0.999989  0.000856  -0.002813  -0.000869  0.999996  1.000000  -0.000021  0.000803  0.000021  1.000000  -0.000243  -0.000803  0.000243  1.000000  1.000000  0.000000  0.000000  0.000000  1.000000  0.000000  0.000000  0.000000  1.000000  0.999986  0.004532  0.002817  -0.004534  0.999989  0.000856  -0.002813  -0.000869  0.999996  0.000000  0.000000  
10.263254 0.002654  0.091321  -0.004816  0.993885  0.101471  -0.043534  -0.100188  0.994494  0.030718  0.046411  -0.026169  0.998580  -0.007301  -0.005962  -0.003215  0.000000  0.000000  0.000000  2.000000  0.999986  0.004532  0.002817  -0.004534  0.999989  0.000856  -0.002813  -0.000869  0.999996  1.000000  -0.000227  0.000797  0.000227  1.000000  -0.000252  -0.000797  0.000252  1.000000  1.000000  0.000000  0.000000  0.000000  1.000000  0.000000  0.000000  0.000000  1.000000  0.999986  0.004532  0.002817  -0.004534  0.999989  0.000856  -0.002813  -0.000869  0.999996  0.000000  0.000000  
10.264501 0.002643  0.091313  -0.004822  0.993879  0.101470  -0.043679  -0.100187  0.994498  0.030611  0.046545  -0.026048  0.998577  -0.007418  -0.005989  -0.003437  0.000000  0.000000  0.000000  2.000000  0.999986  0.004532  0.002817  -0.004534  0.999989  0.000856  -0.002813  -0.000869  0.999996  1.000000  -0.000220  0.000530  0.000220  1.000000  -0.000373  -0.000530  0.000374  1.000000  1.000000  0.000000  0.000000  0.000000  1.000000  0.000000  0.000000  0.000000  1.000000  0.999986  0.004532  0.002817  -0.004534  0.999989  0.000856  -0.002813  -0.000869  0.999996  0.000000  0.000000  
10.265745 0.002633  0.091305  -0.004828  0.993879  0.101470  -0.043679  -0.100187  0.994498  0.030611  0.046545  -0.026048  0.998577  -0.007534  -0.006013  -0.003659  0.000000  0.000000  0.000000  2.000000  0.999986  0.004532  0.002817  -0.004534  0.999989  0.000856  -0.002813  -0.000869  0.999996  1.000000  -0.000220  0.000530  0.000220  1.000000  -0.000373  -0.000530  0.000374  1.000000  1.000000  0.000000  0.000000  0.000000  1.000000  0.000000  0.000000  0.000000  1.000000  0.999986  0.004532  0.002817  -0.004534  0.999989  0.000856  -0.002813  -0.000869  0.999996  0.000000  0.000000  
10.266750 0.002625  0.091299  -0.004833  0.993879  0.101470  -0.043679  -0.100187  0.994498  0.030611  0.046545  -0.026048  0.998577  -0.007586  -0.006036  -0.003804  0.000000  0.000000  0.000000  2.000000  0.999986  0.004532  0.002817  -0.004534  0.999989  0.000856  -0.002813  -0.000869  0.999996  1.000000  -0.000220  0.000530  0.000220  1.000000  -0.000373  -0.000530  0.000374  1.000000  1.000000  0.000000  0.000000  0.000000  1.000000  0.000000  0.000000  0.000000  1.000000  0.999986  0.004532  0.002817  -0.004534  0.999989  0.000856  -0.002813  -0.000869  0.999996  0.000000  0.000000  
10.267999 0.002615  0.091291  -0.004840  0.993879  0.101470  -0.043679  -0.100187  0.994498  0.030611  0.046545  -0.026048  0.998577  -0.007681  -0.006074  -0.004006  0.000000  0.000000  0.000000  2.000000  0.999986  0.004532  0.002817  -0.004534  0.999989  0.000856  -0.002813  -0.000869  0.999996  1.000000  -0.000216  0.000396  0.000216  1.000000  -0.000373  -0.000396  0.000374  1.000000  1.000000  0.000000  0.000000  0.000000  1.000000  0.000000  0.000000  0.000000  1.000000  0.999986  0.004532  0.002817  -0.004534  0.999989  0.000856  -0.002813  -0.000869  0.999996  0.000000  0.000000  
10.269250 0.002606  0.091283  -0.004846  0.993879  0.101470  -0.043679  -0.100187  0.994498  0.030611  0.046545  -0.026048  0.998577  -0.007692  -0.006059  -0.004133  0.000000  0.000000  0.000000  2.000000  0.999986  0.004532  0.002817  -0.004534  0.999989  0.000856  -0.002813  -0.000869  0.999996  1.000000  -0.000216  0.000396  0.000216  1.000000  -0.000373  -0.000396  0.000374  1.000000  1.000000  0.000000  0.000000  0.000000  1.000000  0.000000  0.000000  0.000000  1.000000  0.999986  0.004532  0.002817  -0.004534  0.999989  0.000856  -0.002813  -0.000869  0.999996  0.000000  0.000000  
10.270499 0.002597  0.091276  -0.004852  0.993879  0.101470  -0.043679  -0.100187  0.994498  0.030611  0.046545  -0.026048  0.998577  -0.007682  -0.006019  -0.004220  0.000000  0.000000  0.000000  2.000000  0.999986  0.004532  0.002817  -0.004534  0.999989  0.000856  -0.002813  -0.000869  0.999996  1.000000  -0.000213  0.000262  0.000213  1.000000  -0.000373  -0.000262  0.000374  1.000000  1.000000  0.000000  0.000000  0.000000  1.000000  0.000000  0.000000  0.000000  1.000000  0.999986  0.004532  0.002817  -0.004534  0.999989  0.000856  -0.002813  -0.000869  0.999996  0.000000  0.000000  
10.271747 0.002589  0.091269  -0.004858  0.993859  0.101674  -0.043673  -0.100392  0.994477  0.030620  0.046545  -0.026048  0.998577  -0.007626  -0.005999  -0.004267  0.000000  0.000000  0.000000  2.000000  0.999986  0.004532  0.002817  -0.004534  0.999989  0.000856  -0.002813  -0.000869  0.999996  1.000000  -0.000007  0.000268  0.000007  1.000000  -0.000364  -0.000268  0.000364  1.000000  1.000000  0.000000  0.000000  0.000000  1.000000  0.000000  0.000000  0.000000  1.000000  0.999986  0.004532  0.002817  -0.004534  0.999989  0.000856  -0.002813  -0.000869  0.999996  0.000000  0.000000  
10.272996 0.002580  0.091261  -0.004864  0.993852  0.101678  -0.043806  -0.100391  0.994476  0.030634  0.046679  -0.026047  0.998570  -0.007560  -0.005967  -0.004364  0.000000  0.000000  0.000000  2.000000  0.999986  0.004532  0.002817  -0.004534  0.999989  0.000856  -0.002813  -0.000869  0.999996  1.000000  -0.000000  0.000000  -0.000000  1.000000  -0.000243  -0.000000  0.000243  1.000000  1.000000  0.000000  0.000000  0.000000  1.000000  0.000000  0.000000  0.000000  1.000000  0.999986  0.004532  0.002817  -0.004534  0.999989  0.000856  -0.002813  -0.000869  0.999996  0.000000  0.000000  
10.274000 0.002574  0.091255  -0.004869  0.993852  0.101678  -0.043806  -0.100391  0.994476  0.030634  0.046679  -0.026047  0.998570  -0.007462  -0.005991  -0.004449  0.000000  0.000000  0.000000  2.000000  0.999986  0.004532  0.002817  -0.004534  0.999989  0.000856  -0.002813  -0.000869  0.999996  1.000000  0.000003  -0.000134  -0.000004  1.000000  -0.000243  0.000134  0.000243  1.000000  1.000000  0.000000  0.000000  0.000000  1.000000  0.000000  0.000000  0.000000  1.000000  0.999986  0.004532  0.002817  -0.004534  0.999989  0.000856  -0.002813  -0.000869  0.999996  0.000000  0.000000  
10.275245 0.002566  0.091247  -0.004875  0.993852  0.101678  -0.043806  -0.100391  0.994476  0.030634  0.046679  -0.026047  0.998570  -0.007391  -0.006039  -0.004610  0.000000  0.000000  0.000000  2.000000  0.999986  0.004532  0.002817  -0.004534  0.999989  0.000856  -0.002813  -0.000869  0.999996  1.000000  0.000003  -0.000134  -0.000004  1.000000  -0.000243  0.000134  0.000243  1.000000  1.000000  0.000000  0.000000  0.000000  1.000000  0.000000  0.000000  0.000000  1.000000  0.999986  0.004532  0.002817  -0.004534  0.999989  0.000856  -0.002813  -0.000869  0.999996  0.000000  0.000000  
10.276495 0.002557  0.091239  -0.004882  0.993832  0.101883  -0.043800  -0.100596  0.994455  0.030643  0.046679  -0.026047  0.998570  -0.007322  -0.006154  -0.004796  0.000000  0.000000  0.000000  2.000000  0.999986  0.004532  0.002817  -0.004534  0.999989  0.000856  -0.002813  -0.000869  0.999996  1.000000  0.000209  -0.000128  -0.000209  1.000000  -0.000233  0.000128  0.000233  1.000000  1.000000  0.000000  0.000000  0.000000  1.000000  0.000000  0.000000  0.000000  1.000000  0.999986  0.004532  0.002817  -0.004534  0.999989  0.000856  -0.002813  -0.000869  0.999996  0.000000  0.000000  
10.277501 0.002551  0.091232  -0.004887  0.993832  0.101883  -0.043800  -0.100596  0.994455  0.030643  0.046679  -0.026047  0.998570  -0.007218  -0.006166  -0.004934  0.000000  0.000000  0.000000  2.000000  0.999986  0.004532  0.002817  -0.004534  0.999989  0.000856  -0.002813  -0.000869  0.999996  1.000000  0.000209  -0.000128  -0.000209  1.000000  -0.000233  0.000128  0.000233  1.000000  1.000000  0.000000  0.000000  0.000000  1.000000  0.000000  0.000000  0.000000  1.000000  0.999986  0.004532  0.002817  -0.004534  0.999989  0.000856  -0.002813  -0.000869  0.999996  0.000000  0.000000  
10.278748 0.002542  0.091224  -0.004894  0.993832  0.101883  -0.043800  -0.100596  0.994455  0.030643  0.046679  -0.026047  0.998570  -0.007122  -0.006201  -0.005022  0.000000  0.000000  0.000000  2.000000  0.999986  0.004532  0.002817  -0.004534  0.999989  0.000856  -0.002813  -0.000869  0.999996  1.000000  0.000213  -0.000262  -0.000213  1.000000  -0.000112  0.000262  0.000112  1.000000  1.000000  0.000000  0.000000  0.000000  1.000000  0.000000  0.000000  0.000000  1.000000  0.999986  0.004532  0.002817  -0.004534  0.999989  0.000856  -0.002813  -0.000869  0.999996  0.000000  0.000000  
10.280006 0.002535  0.091216  -0.004899  0.993811  0.102087  -0.043793  -0.100801  0.994434  0.030652  0.046679  -0.026047  0.998570  -0.006980  -0.006224  -0.004991  0.000000  0.000000  0.000000  2.000000  0.999986  0.004532  0.002817  -0.004534  0.999989  0.000856  -0.002813  -0.000869  0.999996  1.000000  0.000418  -0.000257  -0.000418  1.000000  -0.000102  0.000257  0.000102  1.000000  1.000000  0.000000  0.000000  0.000000  1.000000  0.000000  0.000000  0.000000  1.000000  0.999986  0.004532  0.002817  -0.004534  0.999989  0.000856  -0.002813  -0.000869  0.999996  0.000000  0.000000  
