1-Time 2-Px 3-Py 4-Pz 5-R11 6-R21 7-R31 8-R12 9-R22 10-R32 11-R13 12-R23 13-R33 14-Vx 15-Vy 16-Vz 17-Wx 18-Wy 19-Wz 20-state 21-PR11 22-PR21 23-PR31 24-PR12 25-PR22 26-PR32 27-PR13 28-PR23 29-PR33 
211.336572 0.003953  0.094029  0.000720  0.997795  -0.064862  -0.014097  0.019723  0.086925  0.996020  -0.063378  -0.994101  0.088012  -0.000192  0.000400  0.000110  0.000000  0.000000  0.000000  2.000000  1.000000  0.000000  0.000000  0.000000  -0.000000  1.000000  0.000000  -1.000000  -0.000000  0.999998  0.000848  0.001987  -0.000848  1.000000  -0.000011  -0.001987  0.000009  0.999998  1.000000  0.000000  0.000000  0.000000  1.000000  0.000000  0.000000  0.000000  1.000000  0.646047  0.650368  0.399557  -0.478731  -0.062463  0.875737  0.594508  -0.757047  0.270997  0.000000  0.000000  
211.337579 0.003952  0.094029  0.000720  0.997795  -0.064862  -0.014097  0.019723  0.086925  0.996020  -0.063378  -0.994101  0.088012  -0.000178  0.000396  0.000078  0.000000  0.000000  0.000000  2.000000  1.000000  0.000000  0.000000  0.000000  -0.000000  1.000000  0.000000  -1.000000  -0.000000  0.999998  0.000848  0.001987  -0.000848  1.000000  -0.000011  -0.001987  0.000009  0.999998  1.000000  0.000000  0.000000  0.000000  1.000000  0.000000  0.000000  0.000000  1.000000  1.000000  0.000000  0.000000  0.000000  -0.000000  1.000000  0.000000  -1.000000  -0.000000  0.000000  0.000000  
211.338823 0.003953  0.094029  0.000720  0.997803  -0.064730  -0.014101  0.019723  0.087048  0.996009  -0.063245  -0.994099  0.088134  -0.000161  0.000346  0.000099  0.000000  0.000000  0.000000  2.000000  1.000000  0.000000  0.000000  0.000000  -0.000000  1.000000  0.000000  -1.000000  -0.000000  0.999998  0.000830  0.001783  -0.000830  1.000000  -0.000119  -0.001783  0.000117  0.999998  1.000000  0.000000  0.000000  0.000000  1.000000  0.000000  0.000000  0.000000  1.000000  1.000000  0.000000  0.000000  0.000000  -0.000000  1.000000  0.000000  -1.000000  -0.000000  0.000000  0.000000  
211.339824 0.003953  0.094028  0.000721  0.997808  -0.064615  -0.014318  0.019928  0.087037  0.996006  -0.063111  -0.994107  0.088134  -0.000127  0.000279  0.000102  0.000000  0.000000  0.000000  2.000000  1.000000  0.000000  0.000000  0.000000  -0.000000  1.000000  0.000000  -1.000000  -0.000000  0.999998  0.000945  0.001566  -0.000945  1.000000  -0.000105  -0.001566  0.000104  0.999999  1.000000  0.000000  0.000000  0.000000  1.000000  0.000000  0.000000  0.000000  1.000000  1.000000  0.000000  0.000000  0.000000  -0.000000  1.000000  0.000000  -1.000000  -0.000000  0.000000  0.000000  
211.340826 0.003953  0.094028  0.000722  0.997816  -0.064484  -0.014322  0.019929  0.087161  0.995995  -0.062977  -0.994105  0.088256  -0.000083  0.000261  0.000144  0.000000  0.000000  0.000000  2.000000  1.000000  0.000000  0.000000  0.000000  -0.000000  1.000000  0.000000  -1.000000  -0.000000  0.999999  0.001060  0.001350  -0.001060  0.999999  -0.000213  -0.001350  0.000212  0.999999  1.000000  0.000000  0.000000  0.000000  1.000000  0.000000  0.000000  0.000000  1.000000  1.000000  0.000000  0.000000  0.000000  -0.000000  1.000000  0.000000  -1.000000  -0.000000  0.000000  0.000000  
211.342079 0.003954  0.094028  0.000723  0.997820  -0.064371  -0.014531  0.020134  0.087271  0.995981  -0.062844  -0.994103  0.088377  -0.000030  0.000221  0.000198  0.000000  0.000000  0.000000  2.000000  1.000000  0.000000  0.000000  0.000000  -0.000000  1.000000  0.000000  -1.000000  -0.000000  0.999999  0.001175  0.001133  -0.001175  0.999999  -0.000322  -0.001133  0.000320  0.999999  1.000000  0.000000  0.000000  0.000000  1.000000  0.000000  0.000000  0.000000  1.000000  1.000000  0.000000  0.000000  0.000000  -0.000000  1.000000  0.000000  -1.000000  -0.000000  0.000000  0.000000  
211.343079 0.003955  0.094028  0.000724  0.997820  -0.064373  -0.014523  0.020134  0.087392  0.995971  -0.062844  -0.994092  0.088498  0.000052  0.000209  0.000272  0.000000  0.000000  0.000000  2.000000  1.000000  0.000000  0.000000  0.000000  -0.000000  1.000000  0.000000  -1.000000  -0.000000  0.999999  0.001157  0.000928  -0.001157  0.999999  -0.000308  -0.000929  0.000307  1.000000  1.000000  0.000000  0.000000  0.000000  1.000000  0.000000  0.000000  0.000000  1.000000  1.000000  0.000000  0.000000  0.000000  -0.000000  1.000000  0.000000  -1.000000  -0.000000  0.000000  0.000000  
211.344103 0.003955  0.094028  0.000724  0.997820  -0.064373  -0.014523  0.020134  0.087392  0.995971  -0.062844  -0.994092  0.088498  0.000097  0.000191  0.000315  0.000000  0.000000  0.000000  2.000000  1.000000  0.000000  0.000000  0.000000  -0.000000  1.000000  0.000000  -1.000000  -0.000000  0.999999  0.001024  0.000940  -0.001024  0.999999  -0.000430  -0.000941  0.000429  0.999999  1.000000  0.000000  0.000000  0.000000  1.000000  0.000000  0.000000  0.000000  1.000000  1.000000  0.000000  0.000000  0.000000  -0.000000  1.000000  0.000000  -1.000000  -0.000000  0.000000  0.000000  
211.345324 0.003957  0.094028  0.000724  0.997824  -0.064259  -0.014732  0.020340  0.087502  0.995957  -0.062710  -0.994090  0.088619  0.000199  0.000117  0.000285  0.000000  0.000000  0.000000  2.000000  1.000000  0.000000  0.000000  0.000000  -0.000000  1.000000  0.000000  -1.000000  -0.000000  0.999999  0.001121  0.000519  -0.001121  0.999999  -0.000525  -0.000519  0.000524  1.000000  1.000000  0.000000  0.000000  0.000000  1.000000  0.000000  0.000000  0.000000  1.000000  1.000000  0.000000  0.000000  0.000000  -0.000000  1.000000  0.000000  -1.000000  -0.000000  0.000000  0.000000  
211.346578 0.003959  0.094028  0.000724  0.997829  -0.064148  -0.014934  0.020545  0.087733  0.995932  -0.062577  -0.994076  0.088861  0.000331  0.000070  0.000275  0.000000  0.000000  0.000000  2.000000  1.000000  0.000000  0.000000  0.000000  -0.000000  1.000000  0.000000  -1.000000  -0.000000  0.999999  0.001103  0.000314  -0.001102  0.999999  -0.000633  -0.000315  0.000632  1.000000  1.000000  0.000000  0.000000  0.000000  1.000000  0.000000  0.000000  0.000000  1.000000  1.000000  0.000000  0.000000  0.000000  -0.000000  1.000000  0.000000  -1.000000  -0.000000  0.000000  0.000000  
211.347819 0.003960  0.094027  0.000725  0.997833  -0.064035  -0.015143  0.020751  0.087844  0.995918  -0.062443  -0.994074  0.088982  0.000456  0.000005  0.000308  0.000000  0.000000  0.000000  2.000000  1.000000  0.000000  0.000000  0.000000  -0.000000  1.000000  0.000000  -1.000000  -0.000000  0.999999  0.001333  -0.000119  -0.001333  0.999999  -0.000849  0.000118  0.000849  1.000000  1.000000  0.000000  0.000000  0.000000  1.000000  0.000000  0.000000  0.000000  1.000000  1.000000  0.000000  0.000000  0.000000  -0.000000  1.000000  0.000000  -1.000000  -0.000000  0.000000  0.000000  
211.348823 0.003961  0.094028  0.000725  0.997837  -0.063922  -0.015352  0.020957  0.087954  0.995904  -0.062310  -0.994071  0.089103  0.000558  -0.000015  0.000313  0.000000  0.000000  0.000000  2.000000  1.000000  0.000000  0.000000  0.000000  -0.000000  1.000000  0.000000  -1.000000  -0.000000  0.999999  0.001296  -0.000529  -0.001296  0.999999  -0.000944  0.000527  0.000945  0.999999  1.000000  0.000000  0.000000  0.000000  1.000000  0.000000  0.000000  0.000000  1.000000  1.000000  0.000000  0.000000  0.000000  -0.000000  1.000000  0.000000  -1.000000  -0.000000  0.000000  0.000000  
211.350073 0.003963  0.094027  0.000723  0.997841  -0.063809  -0.015561  0.021162  0.088065  0.995890  -0.062176  -0.994069  0.089225  0.000645  -0.000099  0.000224  0.000000  0.000000  0.000000  2.000000  1.000000  0.000000  0.000000  0.000000  -0.000000  1.000000  0.000000  -1.000000  -0.000000  0.999999  0.001411  -0.000745  -0.001412  0.999998  -0.001052  0.000744  0.001053  0.999999  1.000000  0.000000  0.000000  0.000000  1.000000  0.000000  0.000000  0.000000  1.000000  1.000000  0.000000  0.000000  0.000000  -0.000000  1.000000  0.000000  -1.000000  -0.000000  0.000000  0.000000  
211.351081 0.003963  0.094026  0.000722  0.997845  -0.063698  -0.015763  0.021368  0.088296  0.995865  -0.062043  -0.994056  0.089467  0.000715  -0.000159  0.000119  0.000000  0.000000  0.000000  2.000000  1.000000  0.000000  0.000000  0.000000  -0.000000  1.000000  0.000000  -1.000000  -0.000000  0.999998  0.001507  -0.001167  -0.001509  0.999998  -0.001147  0.001165  0.001149  0.999999  1.000000  0.000000  0.000000  0.000000  1.000000  0.000000  0.000000  0.000000  1.000000  1.000000  0.000000  0.000000  0.000000  -0.000000  1.000000  0.000000  -1.000000  -0.000000  0.000000  0.000000  
211.352323 0.003963  0.094024  0.000720  0.997849  -0.063585  -0.015972  0.021573  0.088406  0.995851  -0.061909  -0.994053  0.089588  0.000714  -0.000313  0.000026  0.000000  0.000000  0.000000  2.000000  1.000000  0.000000  0.000000  0.000000  -0.000000  1.000000  0.000000  -1.000000  -0.000000  0.999998  0.001622  -0.001384  -0.001624  0.999998  -0.001377  0.001382  0.001379  0.999998  1.000000  0.000000  0.000000  0.000000  1.000000  0.000000  0.000000  0.000000  1.000000  1.000000  0.000000  0.000000  0.000000  -0.000000  1.000000  0.000000  -1.000000  -0.000000  0.000000  0.000000  
211.353329 0.003963  0.094023  0.000720  0.997857  -0.063454  -0.015976  0.021573  0.088530  0.995840  -0.061776  -0.994050  0.089709  0.000720  -0.000371  -0.000047  0.000000  0.000000  0.000000  2.000000  1.000000  0.000000  0.000000  0.000000  -0.000000  1.000000  0.000000  -1.000000  -0.000000  0.999997  0.001603  -0.001589  -0.001605  0.999998  -0.001485  0.001586  0.001488  0.999998  1.000000  0.000000  0.000000  0.000000  1.000000  0.000000  0.000000  0.000000  1.000000  1.000000  0.000000  0.000000  0.000000  -0.000000  1.000000  0.000000  -1.000000  -0.000000  0.000000  0.000000  
211.354581 0.003963  0.094022  0.000719  0.997865  -0.063325  -0.015973  0.021574  0.088775  0.995818  -0.061642  -0.994037  0.089951  0.000722  -0.000431  -0.000089  0.000000  0.000000  0.000000  2.000000  1.000000  0.000000  0.000000  0.000000  -0.000000  1.000000  0.000000  -1.000000  -0.000000  0.999997  0.001736  -0.001601  -0.001739  0.999997  -0.001728  0.001598  0.001731  0.999997  1.000000  0.000000  0.000000  0.000000  1.000000  0.000000  0.000000  0.000000  1.000000  1.000000  0.000000  0.000000  0.000000  -0.000000  1.000000  0.000000  -1.000000  -0.000000  0.000000  0.000000  
211.355826 0.003963  0.094020  0.000719  0.997869  -0.063214  -0.016174  0.021779  0.089006  0.995793  -0.061509  -0.994023  0.090193  0.000680  -0.000528  -0.000138  0.000000  0.000000  0.000000  2.000000  1.000000  0.000000  0.000000  0.000000  -0.000000  1.000000  0.000000  -1.000000  -0.000000  0.999996  0.001832  -0.002023  -0.001836  0.999996  -0.002066  0.002019  0.002069  0.999996  1.000000  0.000000  0.000000  0.000000  1.000000  0.000000  0.000000  0.000000  1.000000  1.000000  0.000000  0.000000  0.000000  -0.000000  1.000000  0.000000  -1.000000  -0.000000  0.000000  0.000000  
211.356829 0.003963  0.094020  0.000720  0.997877  -0.063085  -0.016171  0.021779  0.089250  0.995771  -0.061375  -0.994009  0.090435  0.000667  -0.000546  -0.000204  0.000000  0.000000  0.000000  2.000000  1.000000  0.000000  0.000000  0.000000  -0.000000  1.000000  0.000000  -1.000000  -0.000000  0.999996  0.001813  -0.002228  -0.001818  0.999996  -0.002295  0.002224  0.002300  0.999995  1.000000  0.000000  0.000000  0.000000  1.000000  0.000000  0.000000  0.000000  1.000000  1.000000  0.000000  0.000000  0.000000  -0.000000  1.000000  0.000000  -1.000000  -0.000000  0.000000  0.000000  
211.358075 0.003963  0.094020  0.000721  0.997885  -0.062956  -0.016168  0.021780  0.089495  0.995749  -0.061241  -0.993996  0.090677  0.000562  -0.000563  -0.000189  0.000000  0.000000  0.000000  2.000000  1.000000  0.000000  0.000000  0.000000  -0.000000  1.000000  0.000000  -1.000000  -0.000000  0.999996  0.001945  -0.002241  -0.001951  0.999995  -0.002538  0.002236  0.002542  0.999994  1.000000  0.000000  0.000000  0.000000  1.000000  0.000000  0.000000  0.000000  1.000000  1.000000  0.000000  0.000000  0.000000  -0.000000  1.000000  0.000000  -1.000000  -0.000000  0.000000  0.000000  
211.359076 0.003963  0.094020  0.000722  0.997894  -0.062827  -0.016165  0.021780  0.089739  0.995727  -0.061108  -0.993982  0.090919  0.000528  -0.000533  -0.000138  0.000000  0.000000  0.000000  2.000000  1.000000  0.000000  0.000000  0.000000  -0.000000  1.000000  0.000000  -1.000000  -0.000000  0.999996  0.001945  -0.002241  -0.001951  0.999995  -0.002660  0.002236  0.002664  0.999994  1.000000  0.000000  0.000000  0.000000  1.000000  0.000000  0.000000  0.000000  1.000000  1.000000  0.000000  0.000000  0.000000  -0.000000  1.000000  0.000000  -1.000000  -0.000000  0.000000  0.000000  
211.360332 0.003962  0.094020  0.000723  0.997910  -0.062567  -0.016167  0.021780  0.090107  0.995694  -0.060841  -0.993965  0.091282  0.000361  -0.000561  -0.000065  0.000000  0.000000  0.000000  2.000000  1.000000  0.000000  0.000000  0.000000  -0.000000  1.000000  0.000000  -1.000000  -0.000000  0.999996  0.001963  -0.002037  -0.001969  0.999994  -0.002915  0.002031  0.002919  0.999994  1.000000  0.000000  0.000000  0.000000  1.000000  0.000000  0.000000  0.000000  1.000000  1.000000  0.000000  0.000000  0.000000  -0.000000  1.000000  0.000000  -1.000000  -0.000000  0.000000  0.000000  
211.361575 0.003961  0.094019  0.000724  0.997918  -0.062438  -0.016164  0.021780  0.090352  0.995672  -0.060707  -0.993951  0.091524  0.000197  -0.000575  -0.000022  0.000000  0.000000  0.000000  2.000000  1.000000  0.000000  0.000000  0.000000  -0.000000  1.000000  0.000000  -1.000000  -0.000000  0.999996  0.001962  -0.002038  -0.001969  0.999993  -0.003158  0.002031  0.003162  0.999993  1.000000  0.000000  0.000000  0.000000  1.000000  0.000000  0.000000  0.000000  1.000000  1.000000  0.000000  0.000000  0.000000  -0.000000  1.000000  0.000000  -1.000000  -0.000000  0.000000  0.000000  
211.362578 0.003961  0.094019  0.000725  0.997926  -0.062309  -0.016161  0.021781  0.090596  0.995649  -0.060574  -0.993937  0.091766  0.000048  -0.000553  0.000062  0.000000  0.000000  0.000000  2.000000  1.000000  0.000000  0.000000  0.000000  -0.000000  1.000000  0.000000  -1.000000  -0.000000  0.999996  0.001981  -0.001833  -0.001987  0.999993  -0.003171  0.001827  0.003175  0.999993  1.000000  0.000000  0.000000  0.000000  1.000000  0.000000  0.000000  0.000000  1.000000  1.000000  0.000000  0.000000  0.000000  -0.000000  1.000000  0.000000  -1.000000  -0.000000  0.000000  0.000000  
211.363823 0.003960  0.094020  0.000727  0.997939  -0.062161  -0.015953  0.021575  0.090854  0.995631  -0.060440  -0.993922  0.092007  -0.000126  -0.000496  0.000168  0.000000  0.000000  0.000000  2.000000  1.000000  0.000000  0.000000  0.000000  -0.000000  1.000000  0.000000  -1.000000  -0.000000  0.999996  0.002132  -0.001642  -0.002138  0.999992  -0.003427  0.001634  0.003430  0.999993  1.000000  0.000000  0.000000  0.000000  1.000000  0.000000  0.000000  0.000000  1.000000  1.000000  0.000000  0.000000  0.000000  -0.000000  1.000000  0.000000  -1.000000  -0.000000  0.000000  0.000000  
211.365072 0.003959  0.094020  0.000728  0.997947  -0.062034  -0.015943  0.021575  0.091219  0.995597  -0.060307  -0.993897  0.092370  -0.000221  -0.000419  0.000331  0.000000  0.000000  0.000000  2.000000  1.000000  0.000000  0.000000  0.000000  -0.000000  1.000000  0.000000  -1.000000  -0.000000  0.999996  0.002284  -0.001450  -0.002289  0.999991  -0.003561  0.001442  0.003565  0.999993  1.000000  0.000000  0.000000  0.000000  1.000000  0.000000  0.000000  0.000000  1.000000  1.000000  0.000000  0.000000  0.000000  -0.000000  1.000000  0.000000  -1.000000  -0.000000  0.000000  0.000000  
211.366075 0.003958  0.094020  0.000729  0.997955  -0.061905  -0.015940  0.021576  0.091463  0.995575  -0.060173  -0.993882  0.092612  -0.000334  -0.000384  0.000445  0.000000  0.000000  0.000000  2.000000  1.000000  0.000000  0.000000  0.000000  -0.000000  1.000000  0.000000  -1.000000  -0.000000  0.999996  0.002436  -0.001258  -0.002441  0.999990  -0.003695  0.001249  0.003698  0.999992  1.000000  0.000000  0.000000  0.000000  1.000000  0.000000  0.000000  0.000000  1.000000  1.000000  0.000000  0.000000  0.000000  -0.000000  1.000000  0.000000  -1.000000  -0.000000  0.000000  0.000000  
211.367078 0.003957  0.094020  0.000729  0.997963  -0.061776  -0.015937  0.021576  0.091708  0.995552  -0.060039  -0.993868  0.092854  -0.000417  -0.000320  0.000580  0.000000  0.000000  0.000000  2.000000  1.000000  0.000000  0.000000  0.000000  -0.000000  1.000000  0.000000  -1.000000  -0.000000  0.999996  0.002436  -0.001259  -0.002441  0.999990  -0.003817  0.001250  0.003820  0.999992  1.000000  0.000000  0.000000  0.000000  1.000000  0.000000  0.000000  0.000000  1.000000  1.000000  0.000000  0.000000  0.000000  -0.000000  1.000000  0.000000  -1.000000  -0.000000  0.000000  0.000000  
211.368082 0.003957  0.094020  0.000730  0.997975  -0.061628  -0.015730  0.021371  0.091965  0.995533  -0.059906  -0.993853  0.093095  -0.000434  -0.000208  0.000736  -0.163770  0.065240  0.106964  2.000000  1.000000  0.000000  0.000000  0.000000  -0.000000  1.000000  0.000000  -1.000000  -0.000000  0.999996  0.002454  -0.001055  -0.002459  0.999989  -0.004072  0.001045  0.004075  0.999991  1.000000  0.000000  0.000000  0.000000  1.000000  0.000000  0.000000  0.000000  1.000000  1.000000  0.000000  0.000000  0.000000  -0.000000  1.000000  0.000000  -1.000000  -0.000000  0.000053  0.000000  
211.369086 0.003956  0.094020  0.000732  0.997983  -0.061501  -0.015720  0.021371  0.092330  0.995499  -0.059772  -0.993827  0.093458  -0.000481  -0.000096  0.000851  -0.176341  0.058760  0.112001  2.000000  1.000000  0.000000  0.000000  0.000000  -0.000000  1.000000  0.000000  -1.000000  -0.000000  0.999997  0.002493  -0.000647  -0.002495  0.999988  -0.004219  0.000636  0.004221  0.999991  1.000000  0.000000  0.000000  0.000000  1.000000  0.000000  0.000000  0.000000  1.000000  1.000000  0.000000  0.000000  0.000000  -0.000000  1.000000  0.000000  -1.000000  -0.000000  0.000053  0.000000  
211.370331 0.003956  0.094021  0.000734  0.997988  -0.061485  -0.015500  0.021165  0.092584  0.995480  -0.059772  -0.993805  0.093699  -0.000485  0.000040  0.000955  -0.180907  0.051103  0.103701  2.000000  1.000000  0.000000  0.000000  0.000000  -0.000000  1.000000  0.000000  -1.000000  -0.000000  0.999997  0.002378  -0.000431  -0.002380  0.999987  -0.004475  0.000420  0.004476  0.999990  1.000000  0.000000  0.000000  0.000000  1.000000  0.000000  0.000000  0.000000  1.000000  1.000000  0.000000  0.000000  0.000000  -0.000000  1.000000  0.000000  -1.000000  -0.000000  0.000055  0.000000  
211.371577 0.003956  0.094022  0.000735  0.997996  -0.061358  -0.015490  0.021165  0.092949  0.995446  -0.059639  -0.993778  0.094061  -0.000491  0.000098  0.001029  -0.187932  0.043887  0.103462  2.000000  1.000000  0.000000  0.000000  0.000000  -0.000000  1.000000  0.000000  -1.000000  -0.000000  0.999997  0.002417  -0.000022  -0.002417  0.999987  -0.004500  0.000011  0.004501  0.999990  1.000000  0.000000  0.000000  0.000000  1.000000  0.000000  0.000000  0.000000  1.000000  1.000000  0.000000  0.000000  0.000000  -0.000000  1.000000  0.000000  -1.000000  -0.000000  0.000055  0.000000  
211.372827 0.003956  0.094022  0.000736  0.998008  -0.061212  -0.015276  0.020960  0.093327  0.995415  -0.059505  -0.993752  0.094424  -0.000454  0.000145  0.001007  -0.198108  0.037818  0.109441  2.000000  1.000000  0.000000  0.000000  0.000000  -0.000000  1.000000  0.000000  -1.000000  -0.000000  0.999997  0.002456  0.000386  -0.002454  0.999986  -0.004769  -0.000398  0.004768  0.999989  1.000000  0.000000  0.000000  0.000000  1.000000  0.000000  0.000000  0.000000  1.000000  1.000000  0.000000  0.000000  0.000000  -0.000000  1.000000  0.000000  -1.000000  -0.000000  0.000057  0.000000  
211.374073 0.003957  0.094023  0.000737  0.998016  -0.061084  -0.015266  0.020960  0.093692  0.995381  -0.059372  -0.993726  0.094786  -0.000417  0.000170  0.001011  -0.208784  0.037968  0.113069  2.000000  1.000000  0.000000  0.000000  0.000000  -0.000000  1.000000  0.000000  -1.000000  -0.000000  0.999997  0.002456  0.000385  -0.002454  0.999985  -0.004890  -0.000397  0.004889  0.999988  1.000000  0.000000  0.000000  0.000000  1.000000  0.000000  0.000000  0.000000  1.000000  1.000000  0.000000  0.000000  0.000000  -0.000000  1.000000  0.000000  -1.000000  -0.000000  0.000059  0.000000  
211.375327 0.003957  0.094023  0.000739  0.998024  -0.060957  -0.015257  0.020960  0.094057  0.995346  -0.059238  -0.993699  0.095148  -0.000357  0.000226  0.001052  -0.215203  0.024522  0.115140  2.000000  1.000000  0.000121  0.000020  -0.000020  0.000251  1.000000  0.000121  -1.000000  0.000251  0.999997  0.002456  0.000384  -0.002454  0.999984  -0.005011  -0.000397  0.005010  0.999987  1.000000  0.000031  0.000005  -0.000031  1.000000  -0.000063  -0.000005  0.000063  1.000000  1.000000  0.000121  0.000020  -0.000020  0.000251  1.000000  0.000121  -1.000000  0.000251  0.000061  0.005593  
211.376573 0.003958  0.094023  0.000741  0.998044  -0.060677  -0.015055  0.020755  0.094437  0.995314  -0.058971  -0.993680  0.095512  -0.000261  0.000286  0.001123  -0.221996  0.017945  0.119291  2.000000  1.000000  0.000245  0.000054  -0.000055  0.000510  1.000000  0.000245  -1.000000  0.000510  0.999996  0.002629  0.000780  -0.002625  0.999983  -0.005157  -0.000793  0.005155  0.999986  1.000000  0.000033  0.000010  -0.000033  1.000000  -0.000064  -0.000010  0.000064  1.000000  1.000000  0.000245  0.000054  -0.000055  0.000510  1.000000  0.000245  -1.000000  0.000510  0.000063  0.005840  
211.377823 0.003959  0.094024  0.000743  0.998052  -0.060550  -0.015046  0.020755  0.094802  0.995280  -0.058837  -0.993653  0.095874  -0.000123  0.000295  0.001157  -0.232445  0.011246  0.120932  2.000000  1.000000  0.000405  0.000104  -0.000104  0.000842  1.000000  0.000404  -1.000000  0.000842  0.999996  0.002629  0.000779  -0.002625  0.999982  -0.005400  -0.000793  0.005398  0.999985  1.000000  0.000033  0.000010  -0.000033  1.000000  -0.000067  -0.000010  0.000067  1.000000  1.000000  0.000405  0.000104  -0.000104  0.000842  1.000000  0.000404  -1.000000  0.000842  0.000065  0.006055  
211.379073 0.003960  0.094024  0.000745  0.998064  -0.060404  -0.014824  0.020550  0.095300  0.995236  -0.058704  -0.993614  0.096357  -0.000007  0.000257  0.001196  -0.243594  -0.002455  0.121255  2.000000  1.000000  0.000557  0.000154  -0.000155  0.001183  0.999999  0.000557  -0.999999  0.001183  0.999997  0.002363  0.000803  -0.002359  0.999982  -0.005521  -0.000816  0.005519  0.999984  1.000000  0.000030  0.000010  -0.000030  1.000000  -0.000069  -0.000010  0.000069  1.000000  1.000000  0.000557  0.000154  -0.000155  0.001183  0.999999  0.000557  -0.999999  0.001183  0.000066  0.006058  
211.380073 0.003959  0.094023  0.000746  0.998064  -0.060408  -0.014810  0.020550  0.095541  0.995213  -0.058704  -0.993591  0.096598  0.000046  0.000216  0.001249  -0.245898  -0.009741  0.118360  2.000000  1.000000  0.000679  0.000204  -0.000205  0.001461  0.999999  0.000679  -0.999999  0.001461  0.999997  0.002383  0.001007  -0.002378  0.999981  -0.005655  -0.001020  0.005652  0.999984  1.000000  0.000030  0.000013  -0.000030  1.000000  -0.000071  -0.000013  0.000071  1.000000  1.000000  0.000679  0.000204  -0.000205  0.001461  0.999999  0.000679  -0.999999  0.001461  0.000069  0.006217  
211.381323 0.003959  0.094023  0.000749  0.998076  -0.060261  -0.014596  0.020345  0.095919  0.995181  -0.058570  -0.993563  0.096960  0.000077  0.000203  0.001324  -0.254938  -0.023893  0.115200  2.000000  1.000000  0.000824  0.000270  -0.000272  0.001813  0.999998  0.000823  -0.999998  0.001813  0.999997  0.002270  0.001224  -0.002263  0.999981  -0.005667  -0.001237  0.005664  0.999983  1.000000  0.000028  0.000015  -0.000028  1.000000  -0.000071  -0.000015  0.000071  1.000000  1.000000  0.000824  0.000270  -0.000272  0.001813  0.999998  0.000823  -0.999998  0.001813  0.000070  0.006225  
211.382576 0.003959  0.094023  0.000751  0.998076  -0.060268  -0.014567  0.020345  0.096402  0.995135  -0.058570  -0.993516  0.097442  0.000135  0.000213  0.001396  -0.263467  -0.031147  0.111360  2.000000  0.999999  0.000969  0.000347  -0.000349  0.002170  0.999998  0.000968  -0.999997  0.002170  0.999997  0.002271  0.001223  -0.002264  0.999981  -0.005788  -0.001236  0.005785  0.999983  1.000000  0.000028  0.000015  -0.000028  1.000000  -0.000072  -0.000015  0.000072  1.000000  0.999999  0.000969  0.000347  -0.000349  0.002170  0.999998  0.000968  -0.999997  0.002170  0.000072  0.006336  
211.383841 0.003959  0.094023  0.000753  0.998084  -0.060140  -0.014558  0.020345  0.096766  0.995099  -0.058437  -0.993489  0.097804  0.000187  0.000174  0.001449  -0.271437  -0.031100  0.111294  2.000000  0.999999  0.001082  0.000408  -0.000410  0.002467  0.999997  0.001081  -0.999996  0.002467  0.999997  0.002271  0.001222  -0.002264  0.999980  -0.005909  -0.001235  0.005907  0.999982  1.000000  0.000028  0.000015  -0.000028  1.000000  -0.000074  -0.000015  0.000074  1.000000  0.999999  0.001082  0.000408  -0.000410  0.002467  0.999997  0.001081  -0.999996  0.002467  0.000073  0.006446  
211.385083 0.003959  0.094023  0.000754  0.998096  -0.059993  -0.014344  0.020140  0.097143  0.995067  -0.058303  -0.993461  0.098167  0.000178  0.000120  0.001408  -0.276012  -0.037952  0.111991  2.000000  0.999999  0.001197  0.000466  -0.000469  0.002770  0.999996  0.001196  -0.999995  0.002770  0.999997  0.002272  0.001221  -0.002264  0.999979  -0.006030  -0.001235  0.006028  0.999981  1.000000  0.000028  0.000015  -0.000028  1.000000  -0.000075  -0.000015  0.000075  1.000000  0.999999  0.001197  0.000466  -0.000469  0.002770  0.999996  0.001196  -0.999995  0.002770  0.000075  0.006558  
211.386325 0.003959  0.094022  0.000755  0.998104  -0.059867  -0.014328  0.020140  0.097629  0.995019  -0.058170  -0.993421  0.098650  0.000156  0.000035  0.001338  -0.282281  -0.044003  0.116191  2.000000  0.999999  0.001311  0.000527  -0.000531  0.003082  0.999995  0.001309  -0.999994  0.003082  0.999997  0.002272  0.001220  -0.002265  0.999978  -0.006273  -0.001234  0.006270  0.999980  1.000000  0.000028  0.000015  -0.000028  1.000000  -0.000078  -0.000015  0.000078  1.000000  0.999999  0.001311  0.000527  -0.000531  0.003082  0.999995  0.001309  -0.999994  0.003082  0.000077  0.006781  
211.387328 0.003957  0.094021  0.000754  0.998115  -0.059719  -0.014115  0.019935  0.098006  0.994986  -0.058036  -0.993392  0.099012  0.000066  -0.000049  0.001275  -0.289059  -0.051629  0.113331  2.000000  0.999999  0.001425  0.000593  -0.000598  0.003400  0.999994  0.001423  -0.999993  0.003401  0.999996  0.002293  0.001424  -0.002284  0.999977  -0.006406  -0.001438  0.006403  0.999978  1.000000  0.000029  0.000018  -0.000029  1.000000  -0.000080  -0.000018  0.000080  1.000000  0.999999  0.001425  0.000593  -0.000598  0.003400  0.999994  0.001423  -0.999993  0.003401  0.000078  0.006950  
211.388578 0.003956  0.094021  0.000754  0.998123  -0.059591  -0.014106  0.019935  0.098371  0.994950  -0.057902  -0.993364  0.099374  -0.000018  -0.000114  0.001170  -0.289047  -0.051588  0.113348  2.000000  0.999999  0.001563  0.000682  -0.000688  0.003805  0.999993  0.001561  -0.999992  0.003806  0.999997  0.002161  0.001436  -0.002151  0.999977  -0.006406  -0.001450  0.006403  0.999978  1.000000  0.000027  0.000018  -0.000027  1.000000  -0.000080  -0.000018  0.000080  1.000000  0.999999  0.001563  0.000682  -0.000688  0.003805  0.999993  0.001561  -0.999992  0.003806  0.000079  0.006910  
211.389823 0.003955  0.094020  0.000753  0.998135  -0.059445  -0.013886  0.019729  0.098868  0.994905  -0.057769  -0.993323  0.099857  -0.000130  -0.000204  0.001027  -0.295216  -0.057953  0.113114  2.000000  0.999998  0.001696  0.000769  -0.000777  0.004209  0.999991  0.001693  -0.999990  0.004211  0.999997  0.002028  0.001449  -0.002019  0.999977  -0.006527  -0.001462  0.006524  0.999978  1.000000  0.000025  0.000018  -0.000025  1.000000  -0.000082  -0.000018  0.000082  1.000000  0.999998  0.001696  0.000769  -0.000777  0.004209  0.999991  0.001693  -0.999990  0.004211  0.000080  0.006985  
211.391078 0.003955  0.094020  0.000753  0.998139  -0.059429  -0.013660  0.019524  0.099243  0.994872  -0.057769  -0.993287  0.100218  -0.000217  -0.000231  0.000885  -0.298023  -0.065690  0.110242  2.000000  0.999998  0.001831  0.000859  -0.000867  0.004619  0.999989  0.001827  -0.999988  0.004620  0.999997  0.002162  0.001435  -0.002152  0.999976  -0.006527  -0.001449  0.006524  0.999978  1.000000  0.000027  0.000018  -0.000027  1.000000  -0.000082  -0.000018  0.000082  1.000000  0.999998  0.001831  0.000859  -0.000867  0.004619  0.999989  0.001827  -0.999988  0.004620  0.000081  0.007022  
211.392327 0.003953  0.094020  0.000754  0.998147  -0.059303  -0.013644  0.019524  0.099728  0.994823  -0.057635  -0.993246  0.100701  -0.000354  -0.000256  0.000726  -0.306222  -0.066097  0.105812  2.000000  0.999998  0.001940  0.000930  -0.000940  0.004954  0.999987  0.001935  -0.999986  0.004956  0.999997  0.002162  0.001433  -0.002153  0.999975  -0.006769  -0.001448  0.006766  0.999976  1.000000  0.000027  0.000018  -0.000027  1.000000  -0.000085  -0.000018  0.000085  1.000000  0.999998  0.001940  0.000930  -0.000940  0.004954  0.999987  0.001935  -0.999986  0.004956  0.000083  0.007248  
211.393573 0.003952  0.094019  0.000753  0.998166  -0.059022  -0.013445  0.019319  0.100107  0.994789  -0.057368  -0.993225  0.101064  -0.000489  -0.000295  0.000601  -0.310276  -0.065630  0.110306  2.000000  0.999997  0.002080  0.001021  -0.001033  0.005381  0.999985  0.002075  -0.999983  0.005384  0.999996  0.002184  0.001637  -0.002173  0.999974  -0.006903  -0.001652  0.006899  0.999975  1.000000  0.000027  0.000021  -0.000027  1.000000  -0.000086  -0.000021  0.000086  1.000000  0.999997  0.002080  0.001021  -0.001033  0.005381  0.999985  0.002075  -0.999983  0.005384  0.000084  0.007421  
211.394579 0.003951  0.094018  0.000754  0.998174  -0.058894  -0.013437  0.019319  0.100472  0.994752  -0.057235  -0.993195  0.101426  -0.000588  -0.000342  0.000494  -0.314274  -0.065582  0.110301  2.000000  0.999997  0.002195  0.001092  -0.001105  0.005729  0.999983  0.002189  -0.999981  0.005731  0.999996  0.002297  0.001418  -0.002287  0.999973  -0.007012  -0.001434  0.007008  0.999974  1.000000  0.000029  0.000018  -0.000029  1.000000  -0.000088  -0.000018  0.000088  1.000000  0.999997  0.002195  0.001092  -0.001105  0.005729  0.999983  0.002189  -0.999981  0.005731  0.000085  0.007512  
211.395824 0.003949  0.094018  0.000753  0.998185  -0.058747  -0.013217  0.019114  0.100969  0.994706  -0.057101  -0.993154  0.101909  -0.000703  -0.000394  0.000315  -0.318818  -0.072426  0.111027  2.000000  0.999997  0.002339  0.001183  -0.001197  0.006170  0.999980  0.002332  -0.999978  0.006173  0.999996  0.002318  0.001621  -0.002307  0.999972  -0.007145  -0.001638  0.007141  0.999973  1.000000  0.000029  0.000020  -0.000029  1.000000  -0.000089  -0.000020  0.000089  1.000000  0.999997  0.002339  0.001183  -0.001197  0.006170  0.999980  0.002332  -0.999978  0.006173  0.000087  0.007683  
211.396844 0.003948  0.094017  0.000753  0.998193  -0.058620  -0.013203  0.019114  0.101454  0.994657  -0.056967  -0.993112  0.102391  -0.000793  -0.000436  0.000198  -0.326782  -0.072347  0.110993  2.000000  0.999996  0.002453  0.001261  -0.001277  0.006525  0.999978  0.002445  -0.999976  0.006528  0.999997  0.002165  0.001430  -0.002155  0.999972  -0.007132  -0.001445  0.007129  0.999974  1.000000  0.000027  0.000018  -0.000027  1.000000  -0.000089  -0.000018  0.000089  1.000000  0.999996  0.002453  0.001261  -0.001277  0.006525  0.999978  0.002445  -0.999976  0.006528  0.000087  0.007588  
211.398071 0.003947  0.094016  0.000754  0.998205  -0.058473  -0.012983  0.018908  0.101951  0.994610  -0.056834  -0.993069  0.102874  -0.000870  -0.000512  0.000134  -0.332429  -0.071769  0.110193  2.000000  0.999996  0.002566  0.001339  -0.001357  0.006887  0.999975  0.002557  -0.999973  0.006890  0.999996  0.002320  0.001619  -0.002308  0.999971  -0.007266  -0.001636  0.007262  0.999972  1.000000  0.000029  0.000020  -0.000029  1.000000  -0.000091  -0.000020  0.000091  1.000000  0.999996  0.002566  0.001339  -0.001357  0.006887  0.999975  0.002557  -0.999973  0.006890  0.000089  0.007795  
211.399074 0.003946  0.094015  0.000753  0.998212  -0.058344  -0.012976  0.018909  0.102316  0.994572  -0.056700  -0.993039  0.103236  -0.000919  -0.000543  -0.000023  -0.332446  -0.071736  0.110228  2.000000  0.999995  0.002679  0.001420  -0.001439  0.007253  0.999973  0.002668  -0.999970  0.007256  0.999996  0.002187  0.001632  -0.002175  0.999970  -0.007387  -0.001649  0.007383  0.999971  1.000000  0.000027  0.000021  -0.000027  1.000000  -0.000092  -0.000021  0.000092  1.000000  0.999995  0.002679  0.001420  -0.001439  0.007253  0.999973  0.002668  -0.999970  0.007256  0.000089  0.007873  
211.400324 0.003945  0.094014  0.000753  0.998224  -0.058197  -0.012756  0.018703  0.102813  0.994525  -0.056567  -0.992997  0.103719  -0.000994  -0.000554  -0.000086  -0.340469  -0.071242  0.114674  2.000000  0.999995  0.002799  0.001508  -0.001529  0.007625  0.999970  0.002788  -0.999967  0.007629  0.999995  0.002476  0.001808  -0.002462  0.999969  -0.007520  -0.001827  0.007516  0.999970  1.000000  0.000031  0.000023  -0.000031  1.000000  -0.000094  -0.000023  0.000094  1.000000  0.999995  0.002799  0.001508  -0.001529  0.007625  0.999970  0.002788  -0.999967  0.007629  0.000091  0.008119  
211.401327 0.003944  0.094014  0.000752  0.998235  -0.058047  -0.012544  0.018498  0.103189  0.994490  -0.056433  -0.992967  0.104081  -0.000987  -0.000535  -0.000129  -0.343622  -0.078653  0.116316  2.000000  0.999994  0.002919  0.001587  -0.001611  0.008002  0.999967  0.002906  -0.999964  0.008006  0.999996  0.002455  0.001603  -0.002443  0.999969  -0.007508  -0.001621  0.007504  0.999971  1.000000  0.000031  0.000020  -0.000031  1.000000  -0.000094  -0.000020  0.000094  1.000000  0.999994  0.002919  0.001587  -0.001611  0.008002  0.999967  0.002906  -0.999964  0.008006  0.000092  0.008058  
211.402327 0.003943  0.094014  0.000753  0.998243  -0.057919  -0.012537  0.018498  0.103554  0.994452  -0.056299  -0.992936  0.104443  -0.000948  -0.000476  -0.000117  -0.347235  -0.071733  0.115635  2.000000  0.999994  0.003046  0.001677  -0.001702  0.008383  0.999963  0.003032  -0.999960  0.008389  0.999995  0.002610  0.001792  -0.002596  0.999967  -0.007641  -0.001812  0.007636  0.999969  1.000000  0.000033  0.000023  -0.000033  1.000000  -0.000095  -0.000023  0.000095  1.000000  0.999994  0.003046  0.001677  -0.001702  0.008383  0.999963  0.003032  -0.999960  0.008389  0.000093  0.008269  
211.403600 0.003943  0.094014  0.000752  0.998261  -0.057638  -0.012333  0.018293  0.104053  0.994404  -0.056032  -0.992900  0.104926  -0.000932  -0.000455  -0.000098  -0.351461  -0.078057  0.120751  2.000000  0.999993  0.003209  0.001783  -0.001811  0.008865  0.999959  0.003193  -0.999956  0.008871  0.999995  0.002611  0.001791  -0.002597  0.999967  -0.007762  -0.001811  0.007757  0.999968  1.000000  0.000033  0.000023  -0.000033  1.000000  -0.000097  -0.000023  0.000097  1.000000  0.999993  0.003209  0.001783  -0.001811  0.008865  0.999959  0.003193  -0.999956  0.008871  0.000094  0.008381  
211.404830 0.003943  0.094014  0.000752  0.998273  -0.057490  -0.012114  0.018087  0.104550  0.994355  -0.055899  -0.992857  0.105409  -0.000859  -0.000403  -0.000089  -0.356121  -0.084922  0.121545  2.000000  0.999993  0.003346  0.001876  -0.001907  0.009253  0.999955  0.003328  -0.999952  0.009259  0.999994  0.002767  0.001980  -0.002751  0.999966  -0.007774  -0.002001  0.007768  0.999968  1.000000  0.000034  0.000025  -0.000034  1.000000  -0.000097  -0.000025  0.000097  1.000000  0.999993  0.003346  0.001876  -0.001907  0.009253  0.999955  0.003328  -0.999952  0.009259  0.000096  0.008483  
211.406077 0.003943  0.094014  0.000752  0.998284  -0.057340  -0.011902  0.017882  0.104926  0.994319  -0.055765  -0.992826  0.105771  -0.000788  -0.000376  -0.000129  -0.356152  -0.085344  0.117119  2.000000  0.999992  0.003517  0.001991  -0.002025  0.009741  0.999951  0.003497  -0.999946  0.009748  0.999995  0.002746  0.001774  -0.002732  0.999965  -0.007883  -0.001796  0.007878  0.999967  1.000000  0.000034  0.000022  -0.000034  1.000000  -0.000099  -0.000022  0.000099  1.000000  0.999992  0.003517  0.001991  -0.002025  0.009741  0.999951  0.003497  -0.999946  0.009748  0.000096  0.008532  
211.407327 0.003943  0.094014  0.000751  0.998291  -0.057213  -0.011889  0.017882  0.105410  0.994268  -0.055632  -0.992782  0.106253  -0.000680  -0.000355  -0.000171  -0.356122  -0.085284  0.117155  2.000000  0.999991  0.003689  0.002114  -0.002152  0.010223  0.999945  0.003667  -0.999941  0.010231  0.999994  0.002768  0.001978  -0.002753  0.999967  -0.007652  -0.001999  0.007646  0.999969  1.000000  0.000035  0.000025  -0.000035  1.000000  -0.000096  -0.000025  0.000096  1.000000  0.999991  0.003689  0.002114  -0.002152  0.010223  0.999945  0.003667  -0.999941  0.010231  0.000097  0.008372  
211.408578 0.003943  0.094014  0.000750  0.998310  -0.056931  -0.011685  0.017677  0.105909  0.994219  -0.055364  -0.992745  0.106737  -0.000576  -0.000320  -0.000260  -0.361700  -0.090460  0.125806  2.000000  0.999990  0.003826  0.002212  -0.002253  0.010614  0.999941  0.003802  -0.999936  0.010623  0.999994  0.002769  0.001976  -0.002754  0.999966  -0.007773  -0.001998  0.007767  0.999968  1.000000  0.000035  0.000025  -0.000035  1.000000  -0.000097  -0.000025  0.000097  1.000000  0.999990  0.003826  0.002212  -0.002253  0.010614  0.999941  0.003802  -0.999936  0.010623  0.000097  0.008482  
211.409827 0.003944  0.094014  0.000749  0.998321  -0.056782  -0.011467  0.017471  0.106406  0.994169  -0.055231  -0.992700  0.107219  -0.000443  -0.000247  -0.000293  -0.364657  -0.091143  0.126884  2.000000  0.999989  0.004006  0.002344  -0.002388  0.011109  0.999935  0.003979  -0.999930  0.011119  0.999993  0.002925  0.002165  -0.002908  0.999965  -0.007906  -0.002188  0.007899  0.999966  1.000000  0.000036  0.000027  -0.000036  1.000000  -0.000099  -0.000027  0.000099  1.000000  0.999989  0.004006  0.002344  -0.002388  0.011109  0.999935  0.003979  -0.999930  0.011119  0.000098  0.008700  
211.411074 0.003945  0.094015  0.000748  0.998332  -0.056634  -0.011242  0.017266  0.107023  0.994107  -0.055097  -0.992642  0.107822  -0.000285  -0.000198  -0.000341  -0.372840  -0.091093  0.126943  2.000000  0.999988  0.004191  0.002475  -0.002524  0.011608  0.999929  0.004162  -0.999924  0.011619  0.999993  0.002927  0.002163  -0.002909  0.999964  -0.008027  -0.002187  0.008020  0.999965  1.000000  0.000036  0.000027  -0.000036  1.000000  -0.000100  -0.000027  0.000100  1.000000  0.999988  0.004191  0.002475  -0.002524  0.011608  0.999929  0.004162  -0.999924  0.011619  0.000101  0.008810  
211.412324 0.003945  0.094015  0.000748  0.998350  -0.056352  -0.011039  0.017061  0.107521  0.994056  -0.054830  -0.992604  0.108305  -0.000132  -0.000076  -0.000365  -0.373259  -0.096987  0.136661  2.000000  0.999987  0.004381  0.002611  -0.002664  0.012114  0.999923  0.004349  -0.999917  0.012126  0.999993  0.003061  0.002147  -0.003043  0.999962  -0.008148  -0.002172  0.008141  0.999964  1.000000  0.000038  0.000027  -0.000038  1.000000  -0.000102  -0.000027  0.000102  1.000000  0.999987  0.004381  0.002611  -0.002664  0.012114  0.999923  0.004349  -0.999917  0.012126  0.000102  0.008962  
