1-Time 2-Px 3-Py 4-Pz 5-R11 6-R21 7-R31 8-R12 9-R22 10-R32 11-R13 12-R23 13-R33 14-Vx 15-Vy 16-Vz 17-Wx 18-Wy 19-Wz 20-state 21-PR11 22-PR21 23-PR31 24-PR12 25-PR22 26-PR32 27-PR13 28-PR23 29-PR33 
147.337972 0.003296  0.093002  -0.015223  0.996986  0.038122  0.067574  -0.069487  0.051303  0.996263  0.034513  -0.997955  0.053798  -0.000101  -0.000023  0.000063  0.000000  0.000000  0.000000  2.000000  1.000000  0.000000  0.000000  0.000000  -0.000000  1.000000  0.000000  -1.000000  -0.000000  1.000000  0.000267  -0.000014  -0.000267  1.000000  -0.000243  0.000014  0.000243  1.000000  1.000000  0.000000  0.000000  0.000000  1.000000  0.000000  0.000000  0.000000  1.000000  0.826960  0.459382  0.324199  -0.336549  -0.057481  0.939910  0.450413  -0.886377  0.107070  0.000000  0.000000  
147.338974 0.003296  0.093001  -0.015224  0.996986  0.038131  0.067570  -0.069487  0.051424  0.996257  0.034513  -0.997949  0.053919  -0.000123  -0.000051  0.000008  0.000000  0.000000  0.000000  2.000000  1.000000  0.000000  0.000000  0.000000  -0.000000  1.000000  0.000000  -1.000000  -0.000000  1.000000  0.000134  -0.000007  -0.000134  1.000000  -0.000243  0.000007  0.000243  1.000000  1.000000  0.000000  0.000000  0.000000  1.000000  0.000000  0.000000  0.000000  1.000000  1.000000  0.000000  0.000000  0.000000  -0.000000  1.000000  0.000000  -1.000000  -0.000000  0.000000  0.000000  
147.339975 0.003295  0.092999  -0.015229  0.996976  0.038008  0.067782  -0.069692  0.051426  0.996242  0.034379  -0.997953  0.053919  -0.000157  -0.000174  -0.000361  0.000000  0.000000  0.000000  2.000000  1.000000  0.000000  0.000000  0.000000  -0.000000  1.000000  0.000000  -1.000000  -0.000000  1.000000  0.000011  0.000205  -0.000011  1.000000  -0.000357  -0.000205  0.000357  1.000000  1.000000  0.000000  0.000000  0.000000  1.000000  0.000000  0.000000  0.000000  1.000000  1.000000  0.000000  0.000000  0.000000  -0.000000  1.000000  0.000000  -1.000000  -0.000000  0.000000  0.000000  
147.341225 0.003294  0.092996  -0.015238  0.996971  0.037752  0.068001  -0.069898  0.051437  0.996227  0.034112  -0.997962  0.053920  -0.000218  -0.000409  -0.000962  0.000000  0.000000  0.000000  2.000000  1.000000  0.000000  0.000000  0.000000  -0.000000  1.000000  0.000000  -1.000000  -0.000000  1.000000  -0.000245  0.000425  0.000245  1.000000  -0.000350  -0.000425  0.000350  1.000000  1.000000  0.000000  0.000000  0.000000  1.000000  0.000000  0.000000  0.000000  1.000000  1.000000  0.000000  0.000000  0.000000  -0.000000  1.000000  0.000000  -1.000000  -0.000000  0.000000  0.000000  
147.342476 0.003294  0.092993  -0.015246  0.996965  0.037505  0.068216  -0.070104  0.051568  0.996206  0.033845  -0.997965  0.054041  -0.000219  -0.000591  -0.001525  0.000000  0.000000  0.000000  2.000000  1.000000  0.000000  0.000000  0.000000  -0.000000  1.000000  0.000000  -1.000000  -0.000000  1.000000  -0.000501  0.000645  0.000501  1.000000  -0.000464  -0.000645  0.000464  1.000000  1.000000  0.000000  0.000000  0.000000  1.000000  0.000000  0.000000  0.000000  1.000000  1.000000  0.000000  0.000000  0.000000  -0.000000  1.000000  0.000000  -1.000000  -0.000000  0.000000  0.000000  
147.343724 0.003294  0.092991  -0.015254  0.996960  0.037249  0.068436  -0.070310  0.051579  0.996191  0.033577  -0.997974  0.054042  -0.000178  -0.000750  -0.002106  0.000000  0.000000  0.000000  2.000000  1.000000  0.000000  0.000000  0.000000  -0.000000  1.000000  0.000000  -1.000000  -0.000000  0.999999  -0.000624  0.000858  0.000624  1.000000  -0.000457  -0.000858  0.000457  1.000000  1.000000  0.000000  0.000000  0.000000  1.000000  0.000000  0.000000  0.000000  1.000000  1.000000  0.000000  0.000000  0.000000  -0.000000  1.000000  0.000000  -1.000000  -0.000000  0.000000  0.000000  
147.344746 0.003296  0.092989  -0.015261  0.996960  0.037249  0.068436  -0.070310  0.051579  0.996191  0.033577  -0.997974  0.054042  -0.000089  -0.000873  -0.002563  0.000000  0.000000  0.000000  2.000000  1.000000  0.000000  0.000000  0.000000  -0.000000  1.000000  0.000000  -1.000000  -0.000000  0.999999  -0.000757  0.000865  0.000757  1.000000  -0.000336  -0.000865  0.000336  1.000000  1.000000  0.000000  0.000000  0.000000  1.000000  0.000000  0.000000  0.000000  1.000000  1.000000  0.000000  0.000000  0.000000  -0.000000  1.000000  0.000000  -1.000000  -0.000000  0.000000  0.000000  
147.345973 0.003297  0.092987  -0.015270  0.996964  0.037124  0.068438  -0.070310  0.051710  0.996184  0.033443  -0.997972  0.054163  0.000033  -0.001005  -0.003139  0.000000  0.000000  0.000000  2.000000  1.000000  0.000000  0.000000  0.000000  -0.000000  1.000000  0.000000  -1.000000  -0.000000  0.999999  -0.000891  0.000872  0.000891  1.000000  -0.000336  -0.000872  0.000336  1.000000  1.000000  0.000000  0.000000  0.000000  1.000000  0.000000  0.000000  0.000000  1.000000  1.000000  0.000000  0.000000  0.000000  -0.000000  1.000000  0.000000  -1.000000  -0.000000  0.000000  0.000000  
147.347225 0.003299  0.092984  -0.015279  0.996954  0.037001  0.068651  -0.070516  0.051711  0.996169  0.033310  -0.997976  0.054163  0.000166  -0.001192  -0.003830  0.000000  0.000000  0.000000  2.000000  1.000000  0.000000  0.000000  0.000000  -0.000000  1.000000  0.000000  -1.000000  -0.000000  0.999999  -0.000879  0.001078  0.000880  1.000000  -0.000450  -0.001078  0.000451  0.999999  1.000000  0.000000  0.000000  0.000000  1.000000  0.000000  0.000000  0.000000  1.000000  1.000000  0.000000  0.000000  0.000000  -0.000000  1.000000  0.000000  -1.000000  -0.000000  0.000000  0.000000  
147.348473 0.003300  0.092981  -0.015290  0.996944  0.036879  0.068863  -0.070722  0.051713  0.996155  0.033176  -0.997981  0.054163  0.000249  -0.001380  -0.004514  0.000000  0.000000  0.000000  2.000000  1.000000  0.000000  0.000000  0.000000  -0.000000  1.000000  0.000000  -1.000000  -0.000000  0.999999  -0.001147  0.001092  0.001147  0.999999  -0.000450  -0.001092  0.000451  0.999999  1.000000  0.000000  0.000000  0.000000  1.000000  0.000000  0.000000  0.000000  1.000000  1.000000  0.000000  0.000000  0.000000  -0.000000  1.000000  0.000000  -1.000000  -0.000000  0.000000  0.000000  
147.349473 0.003300  0.092978  -0.015298  0.996953  0.036621  0.068873  -0.070722  0.051853  0.996147  0.032909  -0.997983  0.054285  0.000268  -0.001588  -0.005106  0.000000  0.000000  0.000000  2.000000  1.000000  0.000000  0.000000  0.000000  -0.000000  1.000000  0.000000  -1.000000  -0.000000  0.999998  -0.001269  0.001305  0.001270  0.999999  -0.000564  -0.001305  0.000566  0.999999  1.000000  0.000000  0.000000  0.000000  1.000000  0.000000  0.000000  0.000000  1.000000  1.000000  0.000000  0.000000  0.000000  -0.000000  1.000000  0.000000  -1.000000  -0.000000  0.000000  0.000000  
147.350474 0.003301  0.092974  -0.015308  0.996947  0.036365  0.069093  -0.070928  0.051864  0.996132  0.032641  -0.997992  0.054285  0.000346  -0.001871  -0.005782  0.000000  0.000000  0.000000  2.000000  1.000000  0.000000  0.000000  0.000000  -0.000000  1.000000  0.000000  -1.000000  -0.000000  0.999998  -0.001525  0.001525  0.001526  0.999999  -0.000557  -0.001524  0.000559  0.999999  1.000000  0.000000  0.000000  0.000000  1.000000  0.000000  0.000000  0.000000  1.000000  1.000000  0.000000  0.000000  0.000000  -0.000000  1.000000  0.000000  -1.000000  -0.000000  0.000000  0.000000  
147.351483 0.003303  0.092971  -0.015318  0.996941  0.036118  0.069308  -0.071134  0.051997  0.996111  0.032374  -0.997994  0.054407  0.000440  -0.002072  -0.006348  0.000000  0.000000  0.000000  2.000000  1.000000  0.000000  0.000000  0.000000  -0.000000  1.000000  0.000000  -1.000000  -0.000000  0.999997  -0.001781  0.001746  0.001782  0.999998  -0.000671  -0.001744  0.000674  0.999998  1.000000  0.000000  0.000000  0.000000  1.000000  0.000000  0.000000  0.000000  1.000000  1.000000  0.000000  0.000000  0.000000  -0.000000  1.000000  0.000000  -1.000000  -0.000000  0.000000  0.000000  
147.352743 0.003304  0.092966  -0.015331  0.996935  0.035871  0.069523  -0.071340  0.052129  0.996089  0.032106  -0.997996  0.054528  0.000549  -0.002422  -0.007320  0.000000  0.000000  0.000000  2.000000  1.000000  0.000000  0.000000  0.000000  -0.000000  1.000000  0.000000  -1.000000  -0.000000  0.999996  -0.002037  0.001966  0.002038  0.999998  -0.000664  -0.001964  0.000668  0.999998  1.000000  0.000000  0.000000  0.000000  1.000000  0.000000  0.000000  0.000000  1.000000  1.000000  0.000000  0.000000  0.000000  -0.000000  1.000000  0.000000  -1.000000  -0.000000  0.000000  0.000000  
147.353974 0.003305  0.092961  -0.015344  0.996929  0.035632  0.069734  -0.071546  0.052383  0.996061  0.031839  -0.997991  0.054771  0.000661  -0.002717  -0.008124  0.000000  0.000000  0.000000  2.000000  1.000000  0.000000  0.000000  0.000000  -0.000000  1.000000  0.000000  -1.000000  -0.000000  0.999995  -0.002304  0.001981  0.002305  0.999997  -0.000785  -0.001979  0.000790  0.999998  1.000000  0.000000  0.000000  0.000000  1.000000  0.000000  0.000000  0.000000  1.000000  1.000000  0.000000  0.000000  0.000000  -0.000000  1.000000  0.000000  -1.000000  -0.000000  0.000000  0.000000  
147.354978 0.003306  0.092957  -0.015356  0.996933  0.035507  0.069737  -0.071546  0.052513  0.996054  0.031705  -0.997989  0.054892  0.000757  -0.002808  -0.008486  0.000000  0.000000  0.000000  2.000000  1.000000  0.000000  0.000000  0.000000  -0.000000  1.000000  0.000000  -1.000000  -0.000000  0.999994  -0.002559  0.002201  0.002561  0.999996  -0.001021  -0.002199  0.001026  0.999997  1.000000  0.000000  0.000000  0.000000  1.000000  0.000000  0.000000  0.000000  1.000000  1.000000  0.000000  0.000000  0.000000  -0.000000  1.000000  0.000000  -1.000000  -0.000000  0.000000  0.000000  
147.355978 0.003307  0.092954  -0.015368  0.996942  0.035249  0.069747  -0.071546  0.052653  0.996047  0.031438  -0.997991  0.055014  0.000865  -0.002851  -0.008809  0.000000  0.000000  0.000000  2.000000  1.000000  0.000000  0.000000  0.000000  -0.000000  1.000000  0.000000  -1.000000  -0.000000  0.999994  -0.002826  0.002216  0.002828  0.999995  -0.001142  -0.002213  0.001148  0.999997  1.000000  0.000000  0.000000  0.000000  1.000000  0.000000  0.000000  0.000000  1.000000  1.000000  0.000000  0.000000  0.000000  -0.000000  1.000000  0.000000  -1.000000  -0.000000  0.000000  0.000000  
147.357228 0.003309  0.092950  -0.015383  0.996935  0.035011  0.069959  -0.071752  0.052906  0.996018  0.031170  -0.997986  0.055256  0.001006  -0.002900  -0.009243  0.000000  0.000000  0.000000  2.000000  1.000000  0.000000  0.000000  0.000000  -0.000000  1.000000  0.000000  -1.000000  -0.000000  0.999992  -0.003082  0.002437  0.003085  0.999994  -0.001256  -0.002433  0.001263  0.999996  1.000000  0.000000  0.000000  0.000000  1.000000  0.000000  0.000000  0.000000  1.000000  1.000000  0.000000  0.000000  0.000000  -0.000000  1.000000  0.000000  -1.000000  -0.000000  0.000000  0.000000  
147.358477 0.003310  0.092946  -0.015399  0.996929  0.034764  0.070174  -0.071958  0.053039  0.995996  0.030903  -0.997987  0.055378  0.001060  -0.002986  -0.009822  0.000000  0.000000  0.000000  2.000000  1.000000  0.000000  0.000000  0.000000  -0.000000  1.000000  0.000000  -1.000000  -0.000000  0.999991  -0.003337  0.002658  0.003341  0.999993  -0.001491  -0.002653  0.001500  0.999995  1.000000  0.000000  0.000000  0.000000  1.000000  0.000000  0.000000  0.000000  1.000000  1.000000  0.000000  0.000000  0.000000  -0.000000  1.000000  0.000000  -1.000000  -0.000000  0.000000  0.000000  
147.359727 0.003312  0.092944  -0.015417  0.996922  0.034525  0.070386  -0.072164  0.053293  0.995968  0.030635  -0.997982  0.055620  0.001082  -0.003012  -0.010388  0.000000  0.000000  0.000000  2.000000  1.000000  0.000000  0.000000  0.000000  -0.000000  1.000000  0.000000  -1.000000  -0.000000  0.999989  -0.003725  0.002887  0.003730  0.999992  -0.001606  -0.002880  0.001616  0.999995  1.000000  0.000000  0.000000  0.000000  1.000000  0.000000  0.000000  0.000000  1.000000  1.000000  0.000000  0.000000  0.000000  -0.000000  1.000000  0.000000  -1.000000  -0.000000  0.000000  0.000000  
147.360975 0.003314  0.092941  -0.015437  0.996915  0.034279  0.070601  -0.072370  0.053426  0.995946  0.030368  -0.997983  0.055742  0.001090  -0.003059  -0.011228  0.000000  0.000000  0.000000  2.000000  1.000000  0.000000  0.000000  0.000000  -0.000000  1.000000  0.000000  -1.000000  -0.000000  0.999989  -0.003725  0.002887  0.003730  0.999992  -0.001728  -0.002881  0.001738  0.999994  1.000000  0.000000  0.000000  0.000000  1.000000  0.000000  0.000000  0.000000  1.000000  1.000000  0.000000  0.000000  0.000000  -0.000000  1.000000  0.000000  -1.000000  -0.000000  0.000000  0.000000  
147.362223 0.003316  0.092939  -0.015459  0.996913  0.033907  0.070821  -0.072576  0.053690  0.995917  0.029966  -0.997982  0.055985  0.001101  -0.003026  -0.011991  0.000000  0.000000  0.000000  2.000000  1.000000  0.000000  0.000000  0.000000  -0.000000  1.000000  0.000000  -1.000000  -0.000000  0.999988  -0.003858  0.002895  0.003864  0.999991  -0.001971  -0.002888  0.001982  0.999994  1.000000  0.000000  0.000000  0.000000  1.000000  0.000000  0.000000  0.000000  1.000000  1.000000  0.000000  0.000000  0.000000  -0.000000  1.000000  0.000000  -1.000000  -0.000000  0.000000  0.000000  
147.363474 0.003317  0.092935  -0.015483  0.996891  0.033680  0.071237  -0.072987  0.053937  0.995873  0.029699  -0.997976  0.056227  0.001162  -0.003054  -0.012925  0.000000  0.000000  0.000000  2.000000  1.000000  0.000000  0.000000  0.000000  -0.000000  1.000000  0.000000  -1.000000  -0.000000  0.999988  -0.003857  0.002896  0.003863  0.999990  -0.002093  -0.002888  0.002104  0.999994  1.000000  0.000000  0.000000  0.000000  1.000000  0.000000  0.000000  0.000000  1.000000  1.000000  0.000000  0.000000  0.000000  -0.000000  1.000000  0.000000  -1.000000  -0.000000  0.000000  0.000000  
147.364475 0.003318  0.092932  -0.015502  0.996880  0.033567  0.071446  -0.073192  0.054060  0.995852  0.029565  -0.997973  0.056349  0.001194  -0.003029  -0.013621  0.000000  0.000000  0.000000  2.000000  1.000000  0.000000  0.000000  0.000000  -0.000000  1.000000  0.000000  -1.000000  -0.000000  0.999988  -0.003857  0.002897  0.003863  0.999990  -0.002215  -0.002888  0.002226  0.999993  1.000000  0.000000  0.000000  0.000000  1.000000  0.000000  0.000000  0.000000  1.000000  1.000000  0.000000  0.000000  0.000000  -0.000000  1.000000  0.000000  -1.000000  -0.000000  0.000000  0.000000  
147.365723 0.003321  0.092929  -0.015525  0.996872  0.033329  0.071658  -0.073398  0.054315  0.995823  0.029298  -0.997967  0.056591  0.001261  -0.002965  -0.014263  -0.089586  -0.140908  -0.167885  2.000000  1.000000  0.000000  0.000000  0.000000  -0.000000  1.000000  0.000000  -1.000000  -0.000000  0.999987  -0.003833  0.003309  0.003841  0.999990  -0.002444  -0.003299  0.002456  0.999992  1.000000  0.000000  0.000000  0.000000  1.000000  0.000000  0.000000  0.000000  1.000000  1.000000  0.000000  0.000000  0.000000  -0.000000  1.000000  0.000000  -1.000000  -0.000000  0.000000  0.000000  
147.366724 0.003321  0.092925  -0.015543  0.996846  0.033236  0.072067  -0.073809  0.054552  0.995779  0.029164  -0.997958  0.056833  0.001227  -0.002982  -0.014820  -0.096514  -0.153725  -0.170192  2.000000  1.000000  0.000000  0.000000  0.000000  -0.000000  1.000000  0.000000  -1.000000  -0.000000  0.999986  -0.004100  0.003324  0.004108  0.999989  -0.002444  -0.003314  0.002457  0.999991  1.000000  0.000000  0.000000  0.000000  1.000000  0.000000  0.000000  0.000000  1.000000  1.000000  0.000000  0.000000  0.000000  -0.000000  1.000000  0.000000  -1.000000  -0.000000  0.000061  0.000000  
147.367726 0.003323  0.092922  -0.015560  0.996835  0.033123  0.072276  -0.074015  0.054676  0.995757  0.029030  -0.997955  0.056955  0.001233  -0.002944  -0.015273  -0.101156  -0.162124  -0.175657  2.000000  1.000000  0.000000  0.000000  0.000000  -0.000000  1.000000  0.000000  -1.000000  -0.000000  0.999985  -0.004075  0.003736  0.004085  0.999988  -0.002673  -0.003725  0.002688  0.999989  1.000000  0.000000  0.000000  0.000000  1.000000  0.000000  0.000000  0.000000  1.000000  1.000000  0.000000  0.000000  0.000000  -0.000000  1.000000  0.000000  -1.000000  -0.000000  0.000065  0.000000  
147.368742 0.003324  0.092917  -0.015577  0.996823  0.033018  0.072480  -0.074220  0.054921  0.995728  0.028896  -0.997945  0.057197  0.001240  -0.002931  -0.015733  -0.104971  -0.169226  -0.179642  2.000000  1.000000  0.000000  0.000000  0.000000  -0.000000  1.000000  0.000000  -1.000000  -0.000000  0.999984  -0.004063  0.003943  0.004074  0.999987  -0.002909  -0.003931  0.002925  0.999988  1.000000  0.000000  0.000000  0.000000  1.000000  0.000000  0.000000  0.000000  1.000000  1.000000  0.000000  0.000000  0.000000  -0.000000  1.000000  0.000000  -1.000000  -0.000000  0.000068  0.000000  
147.369993 0.003326  0.092913  -0.015597  0.996781  0.032937  0.073095  -0.074836  0.055152  0.995670  0.028763  -0.997935  0.057439  0.001293  -0.002910  -0.016151  -0.112699  -0.183043  -0.178843  2.000000  1.000000  0.000000  0.000000  0.000000  -0.000000  1.000000  0.000000  -1.000000  -0.000000  0.999983  -0.004050  0.004149  0.004063  0.999987  -0.003024  -0.004137  0.003041  0.999987  1.000000  0.000000  0.000000  0.000000  1.000000  0.000000  0.000000  0.000000  1.000000  1.000000  0.000000  0.000000  0.000000  -0.000000  1.000000  0.000000  -1.000000  -0.000000  0.000069  0.000000  
147.371228 0.003328  0.092909  -0.015618  0.996766  0.032975  0.073288  -0.075041  0.055508  0.995634  0.028763  -0.997914  0.057802  0.001364  -0.002936  -0.016559  -0.125008  -0.182666  -0.169920  2.000000  1.000000  0.000000  0.000000  0.000000  -0.000000  1.000000  0.000000  -1.000000  -0.000000  0.999984  -0.003636  0.004332  0.003651  0.999988  -0.003262  -0.004320  0.003278  0.999985  1.000000  0.000000  0.000000  0.000000  1.000000  0.000000  0.000000  0.000000  1.000000  1.000000  0.000000  0.000000  0.000000  -0.000000  1.000000  0.000000  -1.000000  -0.000000  0.000069  0.000000  
147.372480 0.003331  0.092906  -0.015638  0.996738  0.032882  0.073698  -0.075452  0.055746  0.995590  0.028629  -0.997903  0.058045  0.001484  -0.002907  -0.016887  -0.128894  -0.189336  -0.164998  2.000000  1.000000  0.000000  0.000000  0.000000  -0.000000  1.000000  0.000000  -1.000000  -0.000000  0.999984  -0.003490  0.004531  0.003505  0.999988  -0.003378  -0.004519  0.003394  0.999984  1.000000  0.000000  0.000000  0.000000  1.000000  0.000000  0.000000  0.000000  1.000000  1.000000  0.000000  0.000000  0.000000  -0.000000  1.000000  0.000000  -1.000000  -0.000000  0.000070  0.000000  
147.373725 0.003333  0.092902  -0.015661  0.996711  0.032790  0.074107  -0.075863  0.055984  0.995545  0.028495  -0.997893  0.058287  0.001533  -0.002947  -0.017255  -0.136897  -0.196052  -0.160132  2.000000  1.000000  0.000000  0.000000  0.000000  -0.000000  1.000000  0.000000  -1.000000  -0.000000  0.999984  -0.003209  0.004722  0.003226  0.999989  -0.003494  -0.004711  0.003510  0.999983  1.000000  0.000000  0.000000  0.000000  1.000000  0.000000  0.000000  0.000000  1.000000  1.000000  0.000000  0.000000  0.000000  -0.000000  1.000000  0.000000  -1.000000  -0.000000  0.000072  0.000000  
147.374978 0.003335  0.092897  -0.015686  0.996668  0.032710  0.074722  -0.076478  0.056215  0.995485  0.028362  -0.997883  0.058529  0.001527  -0.003053  -0.017686  -0.144433  -0.216786  -0.158938  2.000000  1.000000  0.000000  0.000000  0.000000  -0.000000  1.000000  0.000000  -1.000000  -0.000000  0.999983  -0.003196  0.004928  0.003214  0.999988  -0.003610  -0.004917  0.003626  0.999981  1.000000  0.000000  0.000000  0.000000  1.000000  0.000000  0.000000  0.000000  1.000000  1.000000  0.000000  0.000000  0.000000  -0.000000  1.000000  0.000000  -1.000000  -0.000000  0.000075  0.000000  
147.375978 0.003336  0.092894  -0.015706  0.996640  0.032618  0.075132  -0.076889  0.056453  0.995440  0.028228  -0.997872  0.058772  0.001490  -0.003185  -0.018019  -0.148290  -0.223943  -0.162975  2.000000  1.000000  -0.000153  0.000261  -0.000261  0.000179  1.000000  -0.000153  -1.000000  0.000179  0.999981  -0.003037  0.005332  0.003056  0.999989  -0.003598  -0.005321  0.003614  0.999979  1.000000  -0.000038  0.000067  0.000038  1.000000  -0.000045  -0.000067  0.000045  1.000000  1.000000  -0.000153  0.000261  -0.000261  0.000179  1.000000  -0.000153  -1.000000  0.000179  0.000078  0.007118  
147.377225 0.003338  0.092891  -0.015732  0.996608  0.032660  0.075534  -0.077299  0.056681  0.995395  0.028228  -0.997858  0.059014  0.001476  -0.003163  -0.018227  -0.154763  -0.235587  -0.156394  2.000000  1.000000  -0.000299  0.000545  -0.000545  0.000363  1.000000  -0.000299  -1.000000  0.000363  0.999979  -0.002878  0.005736  0.002899  0.999989  -0.003707  -0.005725  0.003724  0.999977  1.000000  -0.000036  0.000072  0.000036  1.000000  -0.000046  -0.000072  0.000046  1.000000  1.000000  -0.000299  0.000545  -0.000545  0.000363  1.000000  -0.000299  -1.000000  0.000363  0.000081  0.007415  
147.378480 0.003339  0.092889  -0.015758  0.996580  0.032568  0.075944  -0.077710  0.056920  0.995350  0.028094  -0.997847  0.059256  0.001437  -0.003120  -0.018329  -0.163985  -0.244417  -0.157237  2.000000  0.999999  -0.000465  0.000916  -0.000915  0.000598  0.999999  -0.000466  -1.000000  0.000598  0.999978  -0.002585  0.006131  0.002609  0.999989  -0.003817  -0.006121  0.003833  0.999974  1.000000  -0.000032  0.000077  0.000032  1.000000  -0.000048  -0.000077  0.000048  1.000000  0.999999  -0.000465  0.000916  -0.000915  0.000598  0.999999  -0.000466  -1.000000  0.000598  0.000083  0.007675  
147.379725 0.003340  0.092887  -0.015783  0.996544  0.032743  0.076338  -0.078120  0.057137  0.995305  0.028228  -0.997829  0.059498  0.001404  -0.003008  -0.018420  -0.167924  -0.250389  -0.138879  2.000000  0.999999  -0.000619  0.001298  -0.001298  0.000832  0.999999  -0.000620  -0.999999  0.000831  0.999979  -0.002184  0.006108  0.002206  0.999991  -0.003699  -0.006100  0.003712  0.999975  1.000000  -0.000027  0.000076  0.000027  1.000000  -0.000046  -0.000076  0.000046  1.000000  0.999999  -0.000619  0.001298  -0.001298  0.000832  0.999999  -0.000620  -0.999999  0.000831  0.000083  0.007470  
147.380974 0.003341  0.092884  -0.015809  0.996496  0.032797  0.076944  -0.078736  0.057359  0.995244  0.028228  -0.997815  0.059740  0.001343  -0.002932  -0.018697  -0.170208  -0.261552  -0.128007  2.000000  0.999998  -0.000745  0.001690  -0.001689  0.001069  0.999998  -0.000747  -0.999999  0.001068  0.999978  -0.001903  0.006298  0.001927  0.999991  -0.003815  -0.006291  0.003827  0.999973  1.000000  -0.000024  0.000079  0.000024  1.000000  -0.000048  -0.000079  0.000048  1.000000  0.999998  -0.000745  0.001690  -0.001689  0.001069  0.999998  -0.000747  -0.999999  0.001068  0.000083  0.007608  
147.381974 0.003341  0.092881  -0.015831  0.996480  0.032828  0.077141  -0.078941  0.057593  0.995214  0.028228  -0.997800  0.059982  0.001267  -0.002873  -0.018911  -0.178256  -0.268109  -0.118766  2.000000  0.999998  -0.000833  0.002014  -0.002013  0.001262  0.999997  -0.000836  -0.999999  0.001260  0.999978  -0.001622  0.006488  0.001647  0.999991  -0.003811  -0.006482  0.003821  0.999972  1.000000  -0.000020  0.000081  0.000020  1.000000  -0.000048  -0.000081  0.000048  1.000000  0.999998  -0.000833  0.002014  -0.002013  0.001262  0.999997  -0.000836  -0.999999  0.001260  0.000086  0.007700  
147.383224 0.003340  0.092877  -0.015860  0.996451  0.032737  0.077551  -0.079351  0.057832  0.995168  0.028094  -0.997789  0.060224  0.001094  -0.002842  -0.019406  -0.177988  -0.274561  -0.113777  2.000000  0.999997  -0.000921  0.002429  -0.002428  0.001502  0.999996  -0.000924  -0.999998  0.001499  0.999977  -0.001341  0.006678  0.001366  0.999992  -0.003807  -0.006672  0.003816  0.999970  1.000000  -0.000017  0.000083  0.000017  1.000000  -0.000048  -0.000083  0.000048  1.000000  0.999997  -0.000921  0.002429  -0.002428  0.001502  0.999996  -0.000924  -0.999998  0.001499  0.000086  0.007805  
147.384224 0.003339  0.092874  -0.015883  0.996418  0.032780  0.077953  -0.079762  0.058060  0.995122  0.028094  -0.997775  0.060466  0.000971  -0.002809  -0.019905  -0.181834  -0.281158  -0.108871  2.000000  0.999996  -0.000984  0.002768  -0.002767  0.001697  0.999995  -0.000989  -0.999998  0.001694  0.999976  -0.001193  0.006875  0.001220  0.999992  -0.003924  -0.006871  0.003932  0.999969  1.000000  -0.000015  0.000086  0.000015  1.000000  -0.000049  -0.000086  0.000049  1.000000  0.999996  -0.000984  0.002768  -0.002767  0.001697  0.999995  -0.000989  -0.999998  0.001694  0.000088  0.008008  
147.385492 0.003338  0.092869  -0.015914  0.996372  0.032711  0.078564  -0.080377  0.058412  0.995052  0.027960  -0.997756  0.060830  0.000714  -0.002861  -0.020607  -0.186780  -0.303857  -0.103953  2.000000  0.999995  -0.001027  0.003031  -0.003029  0.001847  0.999994  -0.001032  -0.999998  0.001844  0.999974  -0.001179  0.007081  0.001208  0.999991  -0.004040  -0.007076  0.004048  0.999967  1.000000  -0.000015  0.000088  0.000015  1.000000  -0.000051  -0.000088  0.000051  1.000000  0.999995  -0.001027  0.003031  -0.003029  0.001847  0.999994  -0.001032  -0.999998  0.001844  0.000091  0.008239  
147.386737 0.003337  0.092864  -0.015944  0.996339  0.032754  0.078965  -0.080787  0.058640  0.995005  0.027960  -0.997742  0.061072  0.000490  -0.002915  -0.021308  -0.190676  -0.310234  -0.094512  2.000000  0.999994  -0.001080  0.003400  -0.003398  0.002058  0.999992  -0.001087  -0.999997  0.002055  0.999971  -0.001017  0.007484  0.001049  0.999990  -0.004271  -0.007480  0.004279  0.999963  1.000000  -0.000013  0.000094  0.000013  1.000000  -0.000053  -0.000094  0.000053  1.000000  0.999994  -0.001080  0.003400  -0.003398  0.002058  0.999992  -0.001087  -0.999997  0.002055  0.000094  0.008679  
147.387982 0.003336  0.092859  -0.015974  0.996289  0.032820  0.079568  -0.081403  0.058982  0.994935  0.027960  -0.997719  0.061435  0.000271  -0.002958  -0.021862  -0.194405  -0.323579  -0.084644  2.000000  0.999992  -0.001122  0.003779  -0.003777  0.002275  0.999990  -0.001131  -0.999997  0.002271  0.999970  -0.000736  0.007673  0.000769  0.999990  -0.004389  -0.007670  0.004395  0.999961  1.000000  -0.000009  0.000096  0.000009  1.000000  -0.000055  -0.000096  0.000055  1.000000  0.999992  -0.001122  0.003779  -0.003777  0.002275  0.999990  -0.001131  -0.999997  0.002271  0.000095  0.008872  
147.388992 0.003335  0.092855  -0.015998  0.996268  0.032984  0.079757  -0.081608  0.059206  0.994904  0.028094  -0.997701  0.061677  0.000086  -0.003005  -0.022153  -0.198465  -0.322742  -0.071107  2.000000  0.999991  -0.001152  0.004165  -0.004163  0.002495  0.999988  -0.001162  -0.999996  0.002490  0.999971  -0.000467  0.007657  0.000500  0.999990  -0.004390  -0.007655  0.004393  0.999961  1.000000  -0.000006  0.000096  0.000006  1.000000  -0.000055  -0.000096  0.000055  1.000000  0.999991  -0.001152  0.004165  -0.004163  0.002495  0.999988  -0.001162  -0.999996  0.002490  0.000097  0.008840  
147.390226 0.003334  0.092850  -0.016027  0.996214  0.033173  0.080355  -0.082223  0.059416  0.994841  0.028228  -0.997682  0.061918  -0.000103  -0.003079  -0.022445  -0.198169  -0.335921  -0.056778  2.000000  0.999989  -0.001170  0.004556  -0.004553  0.002720  0.999986  -0.001182  -0.999996  0.002715  0.999969  -0.000184  0.007846  0.000220  0.999990  -0.004506  -0.007845  0.004508  0.999959  1.000000  -0.000003  0.000098  0.000003  1.000000  -0.000056  -0.000098  0.000056  1.000000  0.999989  -0.001170  0.004556  -0.004553  0.002720  0.999986  -0.001182  -0.999996  0.002715  0.000098  0.009051  
147.391228 0.003334  0.092846  -0.016050  0.996197  0.033205  0.080552  -0.082428  0.059650  0.994810  0.028228  -0.997667  0.062160  -0.000215  -0.003167  -0.022633  -0.202428  -0.335630  -0.047771  2.000000  0.999987  -0.001177  0.004948  -0.004945  0.002946  0.999983  -0.001191  -0.999995  0.002940  0.999969  -0.000049  0.007838  0.000084  0.999990  -0.004507  -0.007838  0.004508  0.999959  1.000000  -0.000001  0.000098  0.000001  1.000000  -0.000056  -0.000098  0.000056  1.000000  0.999987  -0.001177  0.004948  -0.004945  0.002946  0.999983  -0.001191  -0.999995  0.002940  0.000100  0.009042  
147.392476 0.003333  0.092841  -0.016080  0.996142  0.033404  0.081146  -0.083043  0.059981  0.994739  0.028362  -0.997640  0.062523  -0.000332  -0.003297  -0.022870  -0.204324  -0.345614  -0.033079  2.000000  0.999985  -0.001178  0.005436  -0.005432  0.003227  0.999980  -0.001195  -0.999994  0.003221  0.999969  0.000087  0.007830  -0.000051  0.999990  -0.004507  -0.007830  0.004507  0.999959  1.000000  0.000001  0.000098  -0.000001  1.000000  -0.000056  -0.000098  0.000056  1.000000  0.999985  -0.001178  0.005436  -0.005432  0.003227  0.999980  -0.001195  -0.999994  0.003221  0.000100  0.009035  
147.393477 0.003332  0.092836  -0.016104  0.996108  0.033449  0.081547  -0.083453  0.060208  0.994691  0.028362  -0.997625  0.062765  -0.000467  -0.003502  -0.023081  -0.209888  -0.354768  -0.023893  2.000000  0.999983  -0.001172  0.005737  -0.005733  0.003399  0.999978  -0.001192  -0.999994  0.003392  0.999968  0.000235  0.008027  -0.000198  0.999989  -0.004624  -0.008028  0.004622  0.999957  1.000000  0.000003  0.000100  -0.000003  1.000000  -0.000058  -0.000100  0.000058  1.000000  0.999983  -0.001172  0.005737  -0.005733  0.003399  0.999978  -0.001192  -0.999994  0.003392  0.000101  0.009266  
147.394724 0.003330  0.092829  -0.016137  0.996074  0.033494  0.081948  -0.083863  0.060436  0.994643  0.028362  -0.997610  0.063007  -0.000658  -0.003821  -0.023578  -0.209767  -0.361196  -0.014418  2.000000  0.999980  -0.001157  0.006244  -0.006240  0.003688  0.999974  -0.001180  -0.999993  0.003681  0.999966  0.000251  0.008232  -0.000213  0.999989  -0.004618  -0.008233  0.004616  0.999955  1.000000  0.000003  0.000103  -0.000003  1.000000  -0.000058  -0.000103  0.000058  1.000000  0.999980  -0.001157  0.006244  -0.006240  0.003688  0.999974  -0.001180  -0.999993  0.003681  0.000105  0.009442  
147.395977 0.003327  0.092821  -0.016171  0.996039  0.033548  0.082346  -0.084273  0.060784  0.994587  0.028362  -0.997587  0.063370  -0.000903  -0.004212  -0.024151  -0.213842  -0.360887  -0.009818  2.000000  0.999977  -0.001132  0.006751  -0.006747  0.003977  0.999969  -0.001159  -0.999991  0.003969  0.999966  0.000386  0.008223  -0.000348  0.999989  -0.004619  -0.008225  0.004616  0.999956  1.000000  0.000005  0.000103  -0.000005  1.000000  -0.000058  -0.000103  0.000058  1.000000  0.999977  -0.001132  0.006751  -0.006747  0.003977  0.999969  -0.001159  -0.999991  0.003969  0.000106  0.009439  
147.397226 0.003325  0.092813  -0.016206  0.996004  0.033594  0.082747  -0.084683  0.061011  0.994538  0.028362  -0.997572  0.063612  -0.001087  -0.004539  -0.024698  -0.213901  -0.360367  -0.000753  2.000000  0.999973  -0.001099  0.007257  -0.007252  0.004267  0.999965  -0.001130  -0.999990  0.004259  0.999968  0.000509  0.008010  -0.000472  0.999989  -0.004626  -0.008012  0.004622  0.999957  1.000000  0.000006  0.000100  -0.000006  1.000000  -0.000058  -0.000100  0.000058  1.000000  0.999973  -0.001099  0.007257  -0.007252  0.004267  0.999965  -0.001130  -0.999990  0.004259  0.000106  0.009263  
147.398476 0.003321  0.092804  -0.016243  0.995969  0.033639  0.083148  -0.085093  0.061239  0.994489  0.028362  -0.997556  0.063854  -0.001252  -0.004839  -0.025198  -0.212036  -0.364095  0.004208  2.000000  0.999969  -0.001058  0.007753  -0.007748  0.004556  0.999960  -0.001094  -0.999989  0.004547  0.999969  0.000632  0.007795  -0.000596  0.999989  -0.004633  -0.007798  0.004628  0.999959  1.000000  0.000008  0.000097  -0.000008  1.000000  -0.000058  -0.000097  0.000058  1.000000  0.999969  -0.001058  0.007753  -0.007748  0.004556  0.999960  -0.001094  -0.999989  0.004547  0.000106  0.009089  
147.399478 0.003318  0.092796  -0.016273  0.995934  0.033684  0.083550  -0.085503  0.061466  0.994440  0.028362  -0.997541  0.064096  -0.001395  -0.005108  -0.025628  -0.216119  -0.364160  0.004275  2.000000  0.999966  -0.001026  0.008145  -0.008140  0.004788  0.999955  -0.001065  -0.999988  0.004780  0.999968  0.000647  0.008001  -0.000609  0.999989  -0.004748  -0.008004  0.004743  0.999957  1.000000  0.000008  0.000100  -0.000008  1.000000  -0.000059  -0.000100  0.000059  1.000000  0.999966  -0.001026  0.008145  -0.008140  0.004788  0.999955  -0.001065  -0.999988  0.004780  0.000107  0.009325  
147.400877 0.003314  0.092787  -0.016311  0.995899  0.033730  0.083951  -0.085913  0.061693  0.994391  0.028362  -0.997525  0.064338  -0.001603  -0.005331  -0.025863  -0.212686  -0.364895  0.008864  2.000000  0.999962  -0.000978  0.008635  -0.008630  0.005082  0.999950  -0.001022  -0.999987  0.005073  0.999969  0.000770  0.007787  -0.000732  0.999988  -0.004755  -0.007790  0.004749  0.999958  1.000000  0.000009  0.000097  -0.000009  1.000000  -0.000059  -0.000097  0.000059  1.000000  0.999962  -0.000978  0.008635  -0.008630  0.005082  0.999950  -0.001022  -0.999987  0.005073  0.000107  0.009155  
147.401982 0.003310  0.092779  -0.016348  0.995863  0.033786  0.084348  -0.086323  0.062041  0.994334  0.028362  -0.997502  0.064701  -0.001798  -0.005690  -0.026620  -0.217803  -0.366362  0.013505  2.000000  0.999959  -0.000944  0.009030  -0.009025  0.005320  0.999945  -0.000992  -0.999985  0.005312  0.999968  0.000651  0.008000  -0.000613  0.999989  -0.004748  -0.008003  0.004743  0.999957  1.000000  0.000008  0.000100  -0.000008  1.000000  -0.000059  -0.000100  0.000059  1.000000  0.999959  -0.000944  0.009030  -0.009025  0.005320  0.999945  -0.000992  -0.999985  0.005312  0.000106  0.009325  
147.403240 0.003306  0.092769  -0.016386  0.995828  0.033832  0.084749  -0.086733  0.062269  0.994284  0.028362  -0.997486  0.064943  -0.002006  -0.005951  -0.027073  -0.213726  -0.366037  0.018102  2.000000  0.999955  -0.000911  0.009425  -0.009420  0.005564  0.999940  -0.000963  -0.999984  0.005555  0.999968  0.000653  0.008000  -0.000614  0.999988  -0.004870  -0.008003  0.004865  0.999956  1.000000  0.000008  0.000100  -0.000008  1.000000  -0.000061  -0.000100  0.000061  1.000000  0.999955  -0.000911  0.009425  -0.009420  0.005564  0.999940  -0.000963  -0.999984  0.005555  0.000106  0.009387  
147.404480 0.003302  0.092760  -0.016423  0.995792  0.033878  0.085151  -0.087143  0.062496  0.994234  0.028362  -0.997470  0.065185  -0.002181  -0.006235  -0.027586  -0.213791  -0.365825  0.022682  2.000000  0.999951  -0.000876  0.009828  -0.009823  0.005810  0.999935  -0.000934  -0.999983  0.005801  0.999968  0.000656  0.008000  -0.000616  0.999987  -0.004991  -0.008003  0.004986  0.999956  1.000000  0.000008  0.000100  -0.000008  1.000000  -0.000062  -0.000100  0.000062  1.000000  0.999951  -0.000876  0.009828  -0.009823  0.005810  0.999935  -0.000934  -0.999983  0.005801  0.000106  0.009451  
147.405732 0.003298  0.092751  -0.016461  0.995738  0.033948  0.085752  -0.087758  0.062837  0.994158  0.028362  -0.997446  0.065548  -0.002403  -0.006536  -0.028205  -0.217918  -0.365582  0.027283  2.000000  0.999947  -0.000840  0.010233  -0.010228  0.006060  0.999929  -0.000902  -0.999981  0.006051  0.999966  0.000805  0.008196  -0.000764  0.999987  -0.004986  -0.008200  0.004980  0.999954  1.000000  0.000010  0.000102  -0.000010  1.000000  -0.000062  -0.000102  0.000062  1.000000  0.999947  -0.000840  0.010233  -0.010228  0.006060  0.999929  -0.000902  -0.999981  0.006051  0.000106  0.009626  
147.406979 0.003294  0.092741  -0.016499  0.995706  0.033862  0.086162  -0.088169  0.063076  0.994106  0.028228  -0.997434  0.065790  -0.002628  -0.006867  -0.028792  -0.217938  -0.365850  0.022884  2.000000  0.999942  -0.000791  0.010741  -0.010736  0.006374  0.999922  -0.000860  -0.999979  0.006365  0.999968  0.000661  0.008000  -0.000621  0.999987  -0.004992  -0.008003  0.004987  0.999956  1.000000  0.000008  0.000100  -0.000008  1.000000  -0.000062  -0.000100  0.000062  1.000000  0.999942  -0.000791  0.010741  -0.010736  0.006374  0.999922  -0.000860  -0.999979  0.006365  0.000106  0.009451  
147.408230 0.003290  0.092730  -0.016538  0.995669  0.033920  0.086559  -0.088579  0.063424  0.994048  0.028228  -0.997410  0.066153  -0.002853  -0.007194  -0.029364  -0.222072  -0.365615  0.027487  2.000000  0.999937  -0.000740  0.011225  -0.011220  0.006677  0.999915  -0.000815  -0.999977  0.006668  0.999971  0.000769  0.007580  -0.000733  0.999988  -0.004762  -0.007583  0.004756  0.999960  1.000000  0.000009  0.000095  -0.000009  1.000000  -0.000059  -0.000095  0.000059  1.000000  0.999937  -0.000740  0.011225  -0.011220  0.006677  0.999915  -0.000815  -0.999977  0.006668  0.000105  0.008983  
147.409480 0.003285  0.092718  -0.016576  0.995651  0.033954  0.086755  -0.088784  0.063658  0.994015  0.028228  -0.997394  0.066395  -0.003070  -0.007511  -0.029795  -0.222205  -0.358926  0.022647  2.000000  0.999931  -0.000690  0.011697  -0.011692  0.006975  0.999907  -0.000772  -0.999975  0.006967  0.999973  0.000758  0.007374  -0.000723  0.999988  -0.004768  -0.007378  0.004762  0.999961  1.000000  0.000009  0.000092  -0.000009  1.000000  -0.000060  -0.000092  0.000060  1.000000  0.999931  -0.000690  0.011697  -0.011692  0.006975  0.999907  -0.000772  -0.999975  0.006967  0.000105  0.008813  
147.410745 0.003279  0.092707  -0.016615  0.995610  0.034144  0.087143  -0.089193  0.063993  0.993956  0.028362  -0.997366  0.066758  -0.003257  -0.007764  -0.030057  -0.226311  -0.351511  0.026789  2.000000  0.999927  -0.000652  0.012069  -0.012064  0.007215  0.999901  -0.000739  -0.999974  0.007206  0.999971  0.000774  0.007579  -0.000738  0.999988  -0.004761  -0.007583  0.004755  0.999960  1.000000  0.000009  0.000095  -0.000009  1.000000  -0.000059  -0.000095  0.000059  1.000000  0.999927  -0.000652  0.012069  -0.012064  0.007215  0.999901  -0.000739  -0.999974  0.007206  0.000106  0.008983  
147.411991 0.003274  0.092694  -0.016653  0.995574  0.034192  0.087544  -0.089603  0.064221  0.993905  0.028362  -0.997350  0.067000  -0.003430  -0.008018  -0.030252  -0.226356  -0.351575  0.026880  2.000000  0.999922  -0.000615  0.012438  -0.012433  0.007455  0.999895  -0.000708  -0.999972  0.007447  0.999973  0.000629  0.007383  -0.000593  0.999988  -0.004887  -0.007386  0.004882  0.999961  1.000000  0.000008  0.000092  -0.000008  1.000000  -0.000061  -0.000092  0.000061  1.000000  0.999922  -0.000615  0.012438  -0.012433  0.007455  0.999895  -0.000708  -0.999972  0.007447  0.000106  0.008875  
147.413222 0.003269  0.092683  -0.016692  0.995537  0.034240  0.087945  -0.090013  0.064448  0.993853  0.028362  -0.997334  0.067242  -0.003515  -0.008202  -0.030421  -0.224445  -0.355427  0.031646  2.000000  0.999918  -0.000581  0.012810  -0.012805  0.007698  0.999888  -0.000680  -0.999970  0.007690  0.999973  0.000631  0.007383  -0.000595  0.999988  -0.004887  -0.007386  0.004882  0.999961  1.000000  0.000008  0.000092  -0.000008  1.000000  -0.000061  -0.000092  0.000061  1.000000  0.999918  -0.000581  0.012810  -0.012805  0.007698  0.999888  -0.000680  -0.999970  0.007690  0.000105  0.008875  
147.414224 0.003265  0.092673  -0.016722  0.995518  0.034285  0.088137  -0.090218  0.064802  0.993812  0.028362  -0.997309  0.067605  -0.003539  -0.008329  -0.030384  -0.228672  -0.348556  0.031313  2.000000  0.999913  -0.000549  0.013179  -0.013174  0.007938  0.999882  -0.000653  -0.999968  0.007931  0.999973  0.000499  0.007391  -0.000463  0.999988  -0.004886  -0.007394  0.004882  0.999961  1.000000  0.000006  0.000092  -0.000006  1.000000  -0.000061  -0.000092  0.000061  1.000000  0.999913  -0.000549  0.013179  -0.013174  0.007938  0.999882  -0.000653  -0.999968  0.007931  0.000105  0.008874  
