1-Time 2-Px 3-Py 4-Pz 5-R11 6-R21 7-R31 8-R12 9-R22 10-R32 11-R13 12-R23 13-R33 14-Vx 15-Vy 16-Vz 17-Wx 18-Wy 19-Wz 20-state 21-PR11 22-PR21 23-PR31 24-PR12 25-PR22 26-PR32 27-PR13 28-PR23 29-PR33 
112.095697 -0.002518  0.087002  -0.004260  0.996800  0.044288  0.066540  -0.047646  0.997625  0.049741  -0.064179  -0.052752  0.996543  -0.000009  0.000036  0.000116  0.000000  0.000000  0.000000  2.000000  1.000000  0.000000  0.000000  -0.000000  1.000000  0.000000  0.000000  -0.000000  1.000000  0.999996  -0.000064  -0.002683  0.000064  1.000000  0.000013  0.002683  -0.000014  0.999996  1.000000  0.000000  0.000000  0.000000  1.000000  0.000000  0.000000  0.000000  1.000000  0.747005  0.664803  0.004525  -0.612285  0.685308  0.394284  0.259020  -0.297303  0.918978  0.000000  0.000000  
112.096699 -0.002518  0.087001  -0.004261  0.996809  0.044296  0.066407  -0.047646  0.997625  0.049747  -0.064046  -0.052752  0.996552  -0.000040  0.000012  0.000097  0.000000  0.000000  0.000000  2.000000  1.000000  0.000000  0.000000  0.000000  1.000000  0.000000  0.000000  0.000000  1.000000  0.999996  -0.000064  -0.002683  0.000064  1.000000  0.000013  0.002683  -0.000014  0.999996  1.000000  0.000000  0.000000  0.000000  1.000000  0.000000  0.000000  0.000000  1.000000  1.000000  0.000000  0.000000  0.000000  1.000000  0.000000  0.000000  0.000000  1.000000  0.000000  0.000000  
112.097707 -0.002520  0.086998  -0.004262  0.996799  0.044501  0.066417  -0.047851  0.997616  0.049733  -0.064046  -0.052752  0.996552  -0.000163  -0.000181  0.000002  0.000000  0.000000  0.000000  2.000000  1.000000  0.000000  0.000000  0.000000  1.000000  0.000000  0.000000  0.000000  1.000000  0.999997  0.000134  -0.002539  -0.000134  1.000000  0.000000  0.002539  0.000000  0.999997  1.000000  0.000000  0.000000  0.000000  1.000000  0.000000  0.000000  0.000000  1.000000  1.000000  0.000000  0.000000  0.000000  1.000000  0.000000  0.000000  0.000000  1.000000  0.000000  0.000000  
112.098713 -0.002523  0.086994  -0.004264  0.996789  0.044698  0.066433  -0.048056  0.997600  0.049841  -0.064046  -0.052873  0.996545  -0.000341  -0.000444  -0.000119  0.000000  0.000000  0.000000  2.000000  1.000000  0.000000  0.000000  0.000000  1.000000  0.000000  0.000000  0.000000  1.000000  0.999997  0.000333  -0.002394  -0.000332  1.000000  0.000108  0.002394  -0.000107  0.999997  1.000000  0.000000  0.000000  0.000000  1.000000  0.000000  0.000000  0.000000  1.000000  1.000000  0.000000  0.000000  0.000000  1.000000  0.000000  0.000000  0.000000  1.000000  0.000000  0.000000  
112.099956 -0.002526  0.086988  -0.004267  0.996771  0.044888  0.066582  -0.048261  0.997585  0.049942  -0.064179  -0.052994  0.996530  -0.000530  -0.000856  -0.000302  0.000000  0.000000  0.000000  2.000000  1.000000  0.000000  0.000000  0.000000  1.000000  0.000000  0.000000  0.000000  1.000000  0.999998  0.000517  -0.001982  -0.000516  1.000000  0.000216  0.001982  -0.000215  0.999998  1.000000  0.000000  0.000000  0.000000  1.000000  0.000000  0.000000  0.000000  1.000000  1.000000  0.000000  0.000000  0.000000  1.000000  0.000000  0.000000  0.000000  1.000000  0.000000  0.000000  
112.101206 -0.002527  0.086983  -0.004269  0.996761  0.045086  0.066598  -0.048466  0.997570  0.050049  -0.064179  -0.053115  0.996524  -0.000638  -0.001246  -0.000469  0.000000  0.000000  0.000000  2.000000  1.000000  0.000000  0.000000  0.000000  1.000000  0.000000  0.000000  0.000000  1.000000  0.999998  0.000715  -0.001838  -0.000714  1.000000  0.000324  0.001838  -0.000323  0.999998  1.000000  0.000000  0.000000  0.000000  1.000000  0.000000  0.000000  0.000000  1.000000  1.000000  0.000000  0.000000  0.000000  1.000000  0.000000  0.000000  0.000000  1.000000  0.000000  0.000000  
112.102207 -0.002529  0.086978  -0.004270  0.996761  0.045078  0.066603  -0.048466  0.997564  0.050170  -0.064179  -0.053235  0.996517  -0.000747  -0.001581  -0.000564  0.000000  0.000000  0.000000  2.000000  1.000000  0.000000  0.000000  0.000000  1.000000  0.000000  0.000000  0.000000  1.000000  0.999998  0.000708  -0.001704  -0.000707  1.000000  0.000446  0.001704  -0.000444  0.999998  1.000000  0.000000  0.000000  0.000000  1.000000  0.000000  0.000000  0.000000  1.000000  1.000000  0.000000  0.000000  0.000000  1.000000  0.000000  0.000000  0.000000  1.000000  0.000000  0.000000  
112.103458 -0.002532  0.086971  -0.004271  0.996759  0.045282  0.066486  -0.048672  0.997548  0.050284  -0.064046  -0.053357  0.996520  -0.000957  -0.002006  -0.000671  0.000000  0.000000  0.000000  2.000000  1.000000  0.000000  0.000000  0.000000  1.000000  0.000000  0.000000  0.000000  1.000000  0.999998  0.000708  -0.001704  -0.000707  1.000000  0.000567  0.001704  -0.000566  0.999998  1.000000  0.000000  0.000000  0.000000  1.000000  0.000000  0.000000  0.000000  1.000000  1.000000  0.000000  0.000000  0.000000  1.000000  0.000000  0.000000  0.000000  1.000000  0.000000  0.000000  
112.104707 -0.002535  0.086965  -0.004273  0.996758  0.045479  0.066374  -0.048878  0.997526  0.050519  -0.063912  -0.053599  0.996515  -0.001135  -0.002408  -0.000760  0.000000  0.000000  0.000000  2.000000  1.000000  0.000000  0.000000  0.000000  1.000000  0.000000  0.000000  0.000000  1.000000  0.999998  0.000914  -0.001693  -0.000913  0.999999  0.000675  0.001693  -0.000674  0.999998  1.000000  0.000000  0.000000  0.000000  1.000000  0.000000  0.000000  0.000000  1.000000  1.000000  0.000000  0.000000  0.000000  1.000000  0.000000  0.000000  0.000000  1.000000  0.000000  0.000000  
112.105954 -0.002536  0.086959  -0.004275  0.996748  0.045676  0.066390  -0.049083  0.997511  0.050626  -0.063912  -0.053720  0.996509  -0.001237  -0.002821  -0.000917  0.000000  0.000000  0.000000  2.000000  1.000000  0.000000  0.000000  0.000000  1.000000  0.000000  0.000000  0.000000  1.000000  0.999998  0.001317  -0.001537  -0.001316  0.999999  0.000891  0.001538  -0.000889  0.999998  1.000000  0.000000  0.000000  0.000000  1.000000  0.000000  0.000000  0.000000  1.000000  1.000000  0.000000  0.000000  0.000000  1.000000  0.000000  0.000000  0.000000  1.000000  0.000000  0.000000  
112.107203 -0.002538  0.086953  -0.004275  0.996729  0.045866  0.066539  -0.049288  0.997496  0.050727  -0.064046  -0.053840  0.996494  -0.001373  -0.003245  -0.000967  0.000000  0.000000  0.000000  2.000000  1.000000  0.000000  0.000000  0.000000  1.000000  0.000000  0.000000  0.000000  1.000000  0.999998  0.001501  -0.001125  -0.001500  0.999998  0.000999  0.001126  -0.000998  0.999999  1.000000  0.000000  0.000000  0.000000  1.000000  0.000000  0.000000  0.000000  1.000000  1.000000  0.000000  0.000000  0.000000  1.000000  0.000000  0.000000  0.000000  1.000000  0.000000  0.000000  
112.108204 -0.002540  0.086948  -0.004276  0.996700  0.046269  0.066693  -0.049698  0.997477  0.050693  -0.064179  -0.053840  0.996485  -0.001483  -0.003621  -0.001009  0.000000  0.000000  0.000000  2.000000  1.000000  0.000000  0.000000  0.000000  1.000000  0.000000  0.000000  0.000000  1.000000  0.999998  0.001692  -0.000847  -0.001691  0.999998  0.000986  0.000848  -0.000984  0.999999  1.000000  0.000000  0.000000  0.000000  1.000000  0.000000  0.000000  0.000000  1.000000  1.000000  0.000000  0.000000  0.000000  1.000000  0.000000  0.000000  0.000000  1.000000  0.000000  0.000000  
112.109453 -0.002542  0.086941  -0.004275  0.996681  0.046459  0.066842  -0.049902  0.997462  0.050793  -0.064313  -0.053960  0.996470  -0.001614  -0.004111  -0.000996  0.000000  0.000000  0.000000  2.000000  1.000000  0.000000  0.000000  0.000000  1.000000  0.000000  0.000000  0.000000  1.000000  0.999998  0.002088  -0.000557  -0.002087  0.999997  0.001080  0.000559  -0.001079  0.999999  1.000000  0.000000  0.000000  0.000000  1.000000  0.000000  0.000000  0.000000  1.000000  1.000000  0.000000  0.000000  0.000000  1.000000  0.000000  0.000000  0.000000  1.000000  0.000000  0.000000  
112.110461 -0.002544  0.086935  -0.004274  0.996662  0.046658  0.066986  -0.050107  0.997452  0.050773  -0.064446  -0.053960  0.996461  -0.001738  -0.004522  -0.000952  0.000000  0.000000  0.000000  2.000000  1.000000  0.000000  0.000000  0.000000  1.000000  0.000000  0.000000  0.000000  1.000000  0.999997  0.002278  -0.000279  -0.002278  0.999997  0.001067  0.000281  -0.001066  0.999999  1.000000  0.000000  0.000000  0.000000  1.000000  0.000000  0.000000  0.000000  1.000000  1.000000  0.000000  0.000000  0.000000  1.000000  0.000000  0.000000  0.000000  1.000000  0.000000  0.000000  
112.111706 -0.002547  0.086926  -0.004274  0.996642  0.047060  0.067012  -0.050517  0.997427  0.050866  -0.064446  -0.054081  0.996455  -0.001914  -0.005033  -0.000926  0.000000  0.000000  0.000000  2.000000  1.000000  0.000000  0.000000  0.000000  1.000000  0.000000  0.000000  0.000000  1.000000  0.999997  0.002476  -0.000134  -0.002476  0.999996  0.001054  0.000137  -0.001053  0.999999  1.000000  0.000000  0.000000  0.000000  1.000000  0.000000  0.000000  0.000000  1.000000  1.000000  0.000000  0.000000  0.000000  1.000000  0.000000  0.000000  0.000000  1.000000  0.000000  0.000000  
112.112953 -0.002552  0.086916  -0.004275  0.996631  0.047266  0.067023  -0.050723  0.997417  0.050852  -0.064446  -0.054081  0.996455  -0.002056  -0.005397  -0.000812  0.000000  0.000000  0.000000  2.000000  1.000000  0.000000  0.000000  0.000000  1.000000  0.000000  0.000000  0.000000  1.000000  0.999996  0.002879  0.000022  -0.002879  0.999995  0.001148  -0.000019  -0.001148  0.999999  1.000000  0.000000  0.000000  0.000000  1.000000  0.000000  0.000000  0.000000  1.000000  1.000000  0.000000  0.000000  0.000000  1.000000  0.000000  0.000000  0.000000  1.000000  0.000000  0.000000  
112.113953 -0.002556  0.086907  -0.004275  0.996612  0.047455  0.067172  -0.050927  0.997402  0.050953  -0.064580  -0.054201  0.996440  -0.002197  -0.005753  -0.000667  0.000000  0.000000  0.000000  2.000000  1.000000  0.000000  0.000000  0.000000  1.000000  0.000000  0.000000  0.000000  1.000000  0.999995  0.003077  0.000167  -0.003077  0.999994  0.001256  -0.000163  -0.001257  0.999999  1.000000  0.000000  0.000000  0.000000  1.000000  0.000000  0.000000  0.000000  1.000000  1.000000  0.000000  0.000000  0.000000  1.000000  0.000000  0.000000  0.000000  1.000000  0.000000  0.000000  
112.114961 -0.002560  0.086898  -0.004274  0.996602  0.047653  0.067189  -0.051132  0.997386  0.051060  -0.064580  -0.054322  0.996433  -0.002310  -0.006052  -0.000470  0.000000  0.000000  0.000000  2.000000  1.000000  0.000000  0.000000  0.000000  1.000000  0.000000  0.000000  0.000000  1.000000  0.999995  0.003063  0.000435  -0.003063  0.999994  0.001377  -0.000430  -0.001379  0.999999  1.000000  0.000000  0.000000  0.000000  1.000000  0.000000  0.000000  0.000000  1.000000  1.000000  0.000000  0.000000  0.000000  1.000000  0.000000  0.000000  0.000000  1.000000  0.000000  0.000000  
112.116204 -0.002564  0.086886  -0.004275  0.996582  0.047834  0.067344  -0.051337  0.997364  0.051281  -0.064713  -0.054563  0.996411  -0.002458  -0.006449  -0.000404  0.000000  0.000000  0.000000  2.000000  1.000000  0.000000  0.000000  0.000000  1.000000  0.000000  0.000000  0.000000  1.000000  0.999993  0.003663  0.000736  -0.003664  0.999992  0.001458  -0.000730  -0.001461  0.999999  1.000000  0.000000  0.000000  0.000000  1.000000  0.000000  0.000000  0.000000  1.000000  1.000000  0.000000  0.000000  0.000000  1.000000  0.000000  0.000000  0.000000  1.000000  0.000000  0.000000  
112.117205 -0.002568  0.086876  -0.004276  0.996563  0.048024  0.067493  -0.051542  0.997348  0.051381  -0.064847  -0.054683  0.996396  -0.002593  -0.006811  -0.000381  0.000000  0.000000  0.000000  2.000000  1.000000  0.000000  0.000000  0.000000  1.000000  0.000000  0.000000  0.000000  1.000000  0.999992  0.003854  0.001015  -0.003855  0.999991  0.001687  -0.001008  -0.001691  0.999998  1.000000  0.000000  0.000000  0.000000  1.000000  0.000000  0.000000  0.000000  1.000000  1.000000  0.000000  0.000000  0.000000  1.000000  0.000000  0.000000  0.000000  1.000000  0.000000  0.000000  
112.118457 -0.002572  0.086863  -0.004278  0.996533  0.048411  0.067659  -0.051952  0.997316  0.051589  -0.064980  -0.054925  0.996374  -0.002671  -0.007253  -0.000424  0.000000  0.000000  0.000000  2.000000  1.000000  0.000000  0.000000  0.000000  1.000000  0.000000  0.000000  0.000000  1.000000  0.999991  0.004051  0.001161  -0.004053  0.999990  0.001915  -0.001153  -0.001920  0.999997  1.000000  0.000000  0.000000  0.000000  1.000000  0.000000  0.000000  0.000000  1.000000  1.000000  0.000000  0.000000  0.000000  1.000000  0.000000  0.000000  0.000000  1.000000  0.000000  0.000000  
112.119709 -0.002577  0.086849  -0.004281  0.996514  0.048593  0.067815  -0.052157  0.997294  0.051810  -0.065114  -0.055166  0.996352  -0.002869  -0.007825  -0.000531  0.000000  0.000000  0.000000  2.000000  1.000000  0.000000  0.000000  0.000000  1.000000  0.000000  0.000000  0.000000  1.000000  0.999991  0.004044  0.001295  -0.004046  0.999990  0.002036  -0.001287  -0.002041  0.999997  1.000000  0.000000  0.000000  0.000000  1.000000  0.000000  0.000000  0.000000  1.000000  1.000000  0.000000  0.000000  0.000000  1.000000  0.000000  0.000000  0.000000  1.000000  0.000000  0.000000  
112.120958 -0.002581  0.086835  -0.004286  0.996503  0.048773  0.067843  -0.052362  0.997265  0.052158  -0.065114  -0.055528  0.996332  -0.003033  -0.008384  -0.000745  0.000000  0.000000  0.000000  2.000000  1.000000  0.000000  0.000000  0.000000  1.000000  0.000000  0.000000  0.000000  1.000000  0.999991  0.004051  0.001163  -0.004053  0.999989  0.002157  -0.001154  -0.002162  0.999997  1.000000  0.000000  0.000000  0.000000  1.000000  0.000000  0.000000  0.000000  1.000000  1.000000  0.000000  0.000000  0.000000  1.000000  0.000000  0.000000  0.000000  1.000000  0.000000  0.000000  
112.122206 -0.002586  0.086820  -0.004290  0.996492  0.048962  0.067866  -0.052567  0.997242  0.052386  -0.065114  -0.055770  0.996318  -0.003195  -0.008899  -0.001012  0.000000  0.000000  0.000000  2.000000  1.000000  0.000000  0.000000  0.000000  1.000000  0.000000  0.000000  0.000000  1.000000  0.999991  0.004050  0.001164  -0.004053  0.999989  0.002279  -0.001154  -0.002283  0.999997  1.000000  0.000000  0.000000  0.000000  1.000000  0.000000  0.000000  0.000000  1.000000  1.000000  0.000000  0.000000  0.000000  1.000000  0.000000  0.000000  0.000000  1.000000  0.000000  0.000000  
112.123454 -0.002591  0.086805  -0.004294  0.996471  0.049356  0.067899  -0.052977  0.997209  0.052600  -0.065114  -0.056012  0.996305  -0.003446  -0.009458  -0.001252  0.000000  0.000000  0.000000  2.000000  1.000000  0.000000  0.000000  0.000000  1.000000  0.000000  0.000000  0.000000  1.000000  0.999990  0.004248  0.001310  -0.004251  0.999988  0.002265  -0.001300  -0.002271  0.999997  1.000000  0.000000  0.000000  0.000000  1.000000  0.000000  0.000000  0.000000  1.000000  1.000000  0.000000  0.000000  0.000000  1.000000  0.000000  0.000000  0.000000  1.000000  0.000000  0.000000  
112.124455 -0.002595  0.086794  -0.004296  0.996451  0.049546  0.068049  -0.053182  0.997193  0.052700  -0.065247  -0.056132  0.996289  -0.003629  -0.009890  -0.001424  0.102492  -0.041224  0.177533  2.000000  1.000000  0.000000  0.000000  0.000000  1.000000  0.000000  0.000000  0.000000  1.000000  0.999990  0.004240  0.001444  -0.004243  0.999988  0.002386  -0.001434  -0.002392  0.999996  1.000000  0.000000  0.000000  0.000000  1.000000  0.000000  0.000000  0.000000  1.000000  1.000000  0.000000  0.000000  0.000000  1.000000  0.000000  0.000000  0.000000  1.000000  0.000000  0.000000  
112.125704 -0.002602  0.086779  -0.004298  0.996440  0.049735  0.068072  -0.053387  0.997170  0.052928  -0.065247  -0.056374  0.996275  -0.003875  -0.010412  -0.001625  0.109777  -0.046498  0.191098  2.000000  1.000000  0.000000  0.000000  0.000000  1.000000  0.000000  0.000000  0.000000  1.000000  0.999989  0.004437  0.001590  -0.004441  0.999987  0.002373  -0.001579  -0.002380  0.999996  1.000000  0.000000  0.000000  0.000000  1.000000  0.000000  0.000000  0.000000  1.000000  1.000000  0.000000  0.000000  0.000000  1.000000  0.000000  0.000000  0.000000  1.000000  0.000056  0.000000  
112.126705 -0.002607  0.086767  -0.004300  0.996429  0.049932  0.068089  -0.053592  0.997154  0.053035  -0.065247  -0.056495  0.996269  -0.003982  -0.010621  -0.001683  0.113854  -0.050994  0.190828  2.000000  1.000000  0.000000  0.000000  0.000000  1.000000  0.000000  0.000000  0.000000  1.000000  0.999989  0.004444  0.001457  -0.004448  0.999987  0.002494  -0.001446  -0.002500  0.999996  1.000000  0.000000  0.000000  0.000000  1.000000  0.000000  0.000000  0.000000  1.000000  1.000000  0.000000  0.000000  0.000000  1.000000  0.000000  0.000000  0.000000  1.000000  0.000058  0.000000  
112.127954 -0.002613  0.086752  -0.004301  0.996409  0.050121  0.068239  -0.053797  0.997137  0.053135  -0.065381  -0.056615  0.996253  -0.004092  -0.011010  -0.001783  0.116513  -0.055419  0.195863  2.000000  1.000000  0.000000  0.000000  0.000000  1.000000  0.000000  0.000000  0.000000  1.000000  0.999990  0.004232  0.001580  -0.004236  0.999988  0.002507  -0.001569  -0.002513  0.999996  1.000000  0.000000  0.000000  0.000000  1.000000  0.000000  0.000000  0.000000  1.000000  1.000000  0.000000  0.000000  0.000000  1.000000  0.000000  0.000000  0.000000  1.000000  0.000059  0.000000  
112.128973 -0.002619  0.086740  -0.004301  0.996398  0.050318  0.068256  -0.054002  0.997120  0.053242  -0.065381  -0.056736  0.996246  -0.004175  -0.011192  -0.001801  0.117867  -0.051012  0.190756  2.000000  1.000000  0.000000  0.000000  0.000000  1.000000  0.000000  0.000000  0.000000  1.000000  0.999990  0.004239  0.001447  -0.004243  0.999988  0.002628  -0.001436  -0.002634  0.999996  1.000000  0.000000  0.000000  0.000000  1.000000  0.000000  0.000000  0.000000  1.000000  1.000000  0.000000  0.000000  0.000000  1.000000  0.000000  0.000000  0.000000  1.000000  0.000059  0.000000  
112.130203 -0.002626  0.086725  -0.004301  0.996387  0.050515  0.068274  -0.054207  0.997104  0.053349  -0.065381  -0.056857  0.996239  -0.004319  -0.011384  -0.001806  0.116510  -0.051017  0.196112  2.000000  1.000000  0.000000  0.000000  0.000000  1.000000  0.000000  0.000000  0.000000  1.000000  0.999990  0.004246  0.001314  -0.004250  0.999988  0.002628  -0.001303  -0.002634  0.999996  1.000000  0.000000  0.000000  0.000000  1.000000  0.000000  0.000000  0.000000  1.000000  1.000000  0.000000  0.000000  0.000000  1.000000  0.000000  0.000000  0.000000  1.000000  0.000058  0.000000  
112.131204 -0.002632  0.086714  -0.004302  0.996376  0.050712  0.068291  -0.054412  0.997087  0.053456  -0.065381  -0.056978  0.996232  -0.004509  -0.011530  -0.001851  0.116501  -0.051037  0.196090  2.000000  1.000000  0.000000  0.000000  0.000000  1.000000  0.000000  0.000000  0.000000  1.000000  0.999991  0.004049  0.001169  -0.004052  0.999988  0.002763  -0.001158  -0.002767  0.999996  1.000000  0.000000  0.000000  0.000000  1.000000  0.000000  0.000000  0.000000  1.000000  1.000000  0.000000  0.000000  0.000000  1.000000  0.000000  0.000000  0.000000  1.000000  0.000059  0.000000  
112.132205 -0.002638  0.086702  -0.004303  0.996373  0.050917  0.068175  -0.054618  0.997069  0.053570  -0.065247  -0.057099  0.996234  -0.004702  -0.011633  -0.001846  0.116065  -0.046984  0.203162  2.000000  1.000000  0.000000  0.000000  0.000000  1.000000  0.000000  0.000000  0.000000  1.000000  0.999992  0.003851  0.001024  -0.003854  0.999989  0.002777  -0.001014  -0.002781  0.999996  1.000000  0.000000  0.000000  0.000000  1.000000  0.000000  0.000000  0.000000  1.000000  1.000000  0.000000  0.000000  0.000000  1.000000  0.000000  0.000000  0.000000  1.000000  0.000059  0.000000  
112.133210 -0.002645  0.086690  -0.004305  0.996373  0.050900  0.068187  -0.054618  0.997056  0.053812  -0.065247  -0.057341  0.996220  -0.004916  -0.011711  -0.001819  0.121567  -0.051519  0.197696  2.000000  1.000000  0.000000  0.000000  0.000000  1.000000  0.000000  0.000000  0.000000  1.000000  0.999992  0.003851  0.001025  -0.003854  0.999988  0.003019  -0.001014  -0.003023  0.999995  1.000000  0.000000  0.000000  0.000000  1.000000  0.000000  0.000000  0.000000  1.000000  1.000000  0.000000  0.000000  0.000000  1.000000  0.000000  0.000000  0.000000  1.000000  0.000060  0.000000  
112.134459 -0.002653  0.086676  -0.004307  0.996371  0.051097  0.068077  -0.054823  0.997032  0.054047  -0.065114  -0.057583  0.996215  -0.005157  -0.011743  -0.001781  0.121591  -0.051566  0.197681  2.000000  1.000000  0.000000  0.000000  0.000000  1.000000  0.000000  0.000000  0.000000  1.000000  0.999992  0.003866  0.000759  -0.003868  0.999988  0.003141  -0.000747  -0.003144  0.999995  1.000000  0.000000  0.000000  0.000000  1.000000  0.000000  0.000000  0.000000  1.000000  1.000000  0.000000  0.000000  0.000000  1.000000  0.000000  0.000000  0.000000  1.000000  0.000061  0.000000  
112.135708 -0.002661  0.086662  -0.004310  0.996368  0.051293  0.067968  -0.055029  0.997008  0.054282  -0.064980  -0.057825  0.996210  -0.005407  -0.011737  -0.001626  0.125672  -0.047108  0.197909  2.000000  1.000000  0.000000  0.000000  0.000000  1.000000  0.000000  0.000000  0.000000  1.000000  0.999993  0.003668  0.000615  -0.003670  0.999988  0.003155  -0.000603  -0.003157  0.999995  1.000000  0.000000  0.000000  0.000000  1.000000  0.000000  0.000000  0.000000  1.000000  1.000000  0.000000  0.000000  0.000000  1.000000  0.000000  0.000000  0.000000  1.000000  0.000060  0.000000  
112.136957 -0.002670  0.086647  -0.004312  0.996368  0.051268  0.067987  -0.055029  0.996988  0.054645  -0.064980  -0.058188  0.996189  -0.005662  -0.011708  -0.001483  0.134263  -0.042281  0.191263  2.000000  1.000000  0.000000  0.000000  0.000000  1.000000  0.000000  0.000000  0.000000  1.000000  0.999994  0.003471  0.000470  -0.003473  0.999989  0.003290  -0.000459  -0.003291  0.999994  1.000000  0.000000  0.000000  0.000000  1.000000  0.000000  0.000000  0.000000  1.000000  1.000000  0.000000  0.000000  0.000000  1.000000  0.000000  0.000000  0.000000  1.000000  0.000059  0.000000  
112.137957 -0.002677  0.086636  -0.004315  0.996357  0.051457  0.068010  -0.055234  0.996964  0.054873  -0.064980  -0.058429  0.996174  -0.005883  -0.011715  -0.001527  0.142854  -0.037426  0.184620  2.000000  1.000000  0.000000  0.000000  0.000000  1.000000  0.000000  0.000000  0.000000  1.000000  0.999994  0.003479  0.000337  -0.003480  0.999989  0.003290  -0.000326  -0.003291  0.999995  1.000000  0.000000  0.000000  0.000000  1.000000  0.000000  0.000000  0.000000  1.000000  1.000000  0.000000  0.000000  0.000000  1.000000  0.000000  0.000000  0.000000  1.000000  0.000059  0.000000  
112.139207 -0.002688  0.086619  -0.004320  0.996345  0.051646  0.068034  -0.055439  0.996941  0.055100  -0.064980  -0.058671  0.996160  -0.006276  -0.011831  -0.001626  0.146913  -0.032969  0.184861  2.000000  1.000000  0.000000  0.000000  0.000000  1.000000  0.000000  0.000000  0.000000  1.000000  0.999995  0.003281  0.000193  -0.003282  0.999989  0.003303  -0.000182  -0.003304  0.999995  1.000000  0.000000  0.000000  0.000000  1.000000  0.000000  0.000000  0.000000  1.000000  1.000000  0.000000  0.000000  0.000000  1.000000  0.000000  0.000000  0.000000  1.000000  0.000060  0.000000  
112.140453 -0.002699  0.086603  -0.004326  0.996345  0.051621  0.068053  -0.055439  0.996920  0.055463  -0.064980  -0.059033  0.996139  -0.006606  -0.011943  -0.001865  0.158308  -0.027898  0.176796  2.000000  1.000000  0.000000  0.000000  0.000000  1.000000  0.000000  0.000000  0.000000  1.000000  0.999995  0.003084  0.000048  -0.003084  0.999990  0.003317  -0.000038  -0.003317  0.999994  1.000000  0.000000  0.000000  0.000000  1.000000  0.000000  0.000000  0.000000  1.000000  1.000000  0.000000  0.000000  0.000000  1.000000  0.000000  0.000000  0.000000  1.000000  0.000059  0.000000  
112.141454 -0.002708  0.086590  -0.004331  0.996343  0.051818  0.067944  -0.055645  0.996896  0.055699  -0.064847  -0.059276  0.996133  -0.006891  -0.012016  -0.002105  0.164151  -0.023278  0.171610  2.000000  1.000000  0.000000  0.000000  0.000000  1.000000  0.000000  0.000000  0.000000  1.000000  0.999995  0.003084  0.000049  -0.003084  0.999990  0.003317  -0.000039  -0.003317  0.999994  1.000000  0.000000  0.000000  0.000000  1.000000  0.000000  0.000000  0.000000  1.000000  1.000000  0.000000  0.000000  0.000000  1.000000  0.000000  0.000000  0.000000  1.000000  0.000061  0.000000  
112.142703 -0.002719  0.086574  -0.004337  0.996331  0.052006  0.067968  -0.055850  0.996872  0.055926  -0.064847  -0.059517  0.996119  -0.007180  -0.012059  -0.002451  0.172288  -0.023296  0.171589  2.000000  1.000000  0.000000  0.000000  0.000000  1.000000  0.000000  0.000000  0.000000  1.000000  0.999996  0.002887  -0.000096  -0.002887  0.999990  0.003330  0.000106  -0.003330  0.999994  1.000000  0.000000  0.000000  0.000000  1.000000  0.000000  0.000000  0.000000  1.000000  1.000000  0.000000  0.000000  0.000000  1.000000  0.000000  0.000000  0.000000  1.000000  0.000060  0.000000  
112.143956 -0.002730  0.086558  -0.004342  0.996340  0.051998  0.067848  -0.055850  0.996858  0.056176  -0.064713  -0.059759  0.996113  -0.007444  -0.012121  -0.002776  0.176814  -0.013953  0.165205  2.000000  1.000000  0.000000  0.000000  0.000000  1.000000  0.000000  0.000000  0.000000  1.000000  0.999996  0.002895  -0.000229  -0.002894  0.999990  0.003452  0.000239  -0.003451  0.999994  1.000000  0.000000  0.000000  0.000000  1.000000  0.000000  0.000000  0.000000  1.000000  1.000000  0.000000  0.000000  0.000000  1.000000  0.000000  0.000000  0.000000  1.000000  0.000059  0.000000  
112.144960 -0.002739  0.086546  -0.004347  0.996340  0.051990  0.067854  -0.055850  0.996851  0.056297  -0.064713  -0.059880  0.996106  -0.007679  -0.012139  -0.003084  0.175792  -0.013466  0.156998  2.000000  1.000000  0.000000  0.000000  0.000000  1.000000  0.000000  0.000000  0.000000  1.000000  0.999996  0.002698  -0.000374  -0.002697  0.999990  0.003465  0.000384  -0.003464  0.999994  1.000000  0.000000  0.000000  0.000000  1.000000  0.000000  0.000000  0.000000  1.000000  1.000000  0.000000  0.000000  0.000000  1.000000  0.000000  0.000000  0.000000  1.000000  0.000060  0.000000  
112.146203 -0.002751  0.086531  -0.004353  0.996337  0.052187  0.067745  -0.056056  0.996826  0.056532  -0.064580  -0.060122  0.996100  -0.007944  -0.012187  -0.003365  0.175787  -0.004598  0.157502  2.000000  1.000000  0.000000  0.000000  0.000000  1.000000  0.000000  0.000000  0.000000  1.000000  0.999996  0.002706  -0.000507  -0.002704  0.999990  0.003587  0.000517  -0.003586  0.999993  1.000000  0.000000  0.000000  0.000000  1.000000  0.000000  0.000000  0.000000  1.000000  1.000000  0.000000  0.000000  0.000000  1.000000  0.000000  0.000000  0.000000  1.000000  0.000060  0.000000  
112.147453 -0.002763  0.086517  -0.004358  0.996337  0.052170  0.067758  -0.056056  0.996812  0.056774  -0.064580  -0.060364  0.996085  -0.008203  -0.012158  -0.003616  0.176686  0.000607  0.144102  2.000000  1.000000  0.000000  0.000000  0.000000  1.000000  0.000000  0.000000  0.000000  1.000000  0.999997  0.002296  -0.000532  -0.002294  0.999991  0.003493  0.000540  -0.003491  0.999994  1.000000  0.000000  0.000000  0.000000  1.000000  0.000000  0.000000  0.000000  1.000000  1.000000  0.000000  0.000000  0.000000  1.000000  0.000000  0.000000  0.000000  1.000000  0.000058  0.000000  
112.148461 -0.002772  0.086506  -0.004361  0.996334  0.052375  0.067643  -0.056262  0.996794  0.056888  -0.064446  -0.060485  0.996086  -0.008416  -0.012095  -0.003754  0.175981  0.010048  0.140086  2.000000  1.000000  0.000000  0.000000  0.000000  1.000000  0.000000  0.000000  0.000000  1.000000  0.999997  0.002509  -0.000652  -0.002507  0.999990  0.003722  0.000661  -0.003720  0.999993  1.000000  0.000000  0.000000  0.000000  1.000000  0.000000  0.000000  0.000000  1.000000  1.000000  0.000000  0.000000  0.000000  1.000000  0.000000  0.000000  0.000000  1.000000  0.000058  0.000000  
112.149709 -0.002785  0.086492  -0.004366  0.996334  0.052359  0.067655  -0.056262  0.996780  0.057130  -0.064446  -0.060727  0.996072  -0.008672  -0.012068  -0.003872  0.174500  0.014420  0.139177  2.000000  1.000000  0.000000  0.000000  0.000000  1.000000  0.000000  0.000000  0.000000  1.000000  0.999997  0.002107  -0.000810  -0.002104  0.999991  0.003627  0.000818  -0.003626  0.999993  1.000000  0.000000  0.000000  0.000000  1.000000  0.000000  0.000000  0.000000  1.000000  1.000000  0.000000  0.000000  0.000000  1.000000  0.000000  0.000000  0.000000  1.000000  0.000056  0.000000  
112.150953 -0.002797  0.086479  -0.004370  0.996331  0.052564  0.067540  -0.056467  0.996762  0.057245  -0.064313  -0.060848  0.996073  -0.008901  -0.012006  -0.003937  0.169046  0.018731  0.138308  2.000000  1.000000  0.000000  0.000000  0.000000  1.000000  0.000000  0.000000  0.000000  1.000000  0.999997  0.002116  -0.000943  -0.002112  0.999991  0.003749  0.000951  -0.003747  0.999993  1.000000  0.000000  0.000000  0.000000  1.000000  0.000000  0.000000  0.000000  1.000000  1.000000  0.000000  0.000000  0.000000  1.000000  0.000000  0.000000  0.000000  1.000000  0.000054  0.000000  
112.151954 -0.002807  0.086469  -0.004373  0.996340  0.052564  0.067414  -0.056468  0.996755  0.057373  -0.064179  -0.060970  0.996074  -0.009128  -0.011933  -0.004044  0.166834  0.023756  0.132833  2.000000  1.000000  0.000000  0.000000  0.000000  1.000000  0.000000  0.000000  0.000000  1.000000  0.999997  0.002108  -0.000809  -0.002105  0.999991  0.003749  0.000817  -0.003747  0.999993  1.000000  0.000000  0.000000  0.000000  1.000000  0.000000  0.000000  0.000000  1.000000  1.000000  0.000000  0.000000  0.000000  1.000000  0.000000  0.000000  0.000000  1.000000  0.000054  0.000000  
112.152957 -0.002817  0.086458  -0.004377  0.996340  0.052547  0.067426  -0.056468  0.996741  0.057615  -0.064179  -0.061211  0.996059  -0.009336  -0.011831  -0.004101  0.169928  0.023935  0.124892  2.000000  1.000000  0.000000  0.000000  0.000000  1.000000  0.000000  0.000000  0.000000  1.000000  0.999998  0.001911  -0.000955  -0.001907  0.999991  0.003763  0.000962  -0.003761  0.999992  1.000000  0.000000  0.000000  0.000000  1.000000  0.000000  0.000000  0.000000  1.000000  1.000000  0.000000  0.000000  0.000000  1.000000  0.000000  0.000000  0.000000  1.000000  0.000052  0.000000  
112.154206 -0.002831  0.086445  -0.004383  0.996348  0.052539  0.067306  -0.056468  0.996726  0.057864  -0.064046  -0.061453  0.996053  -0.009533  -0.011598  -0.004223  0.172232  0.033896  0.112677  2.000000  1.000000  0.000000  0.000000  0.000000  1.000000  0.000000  0.000000  0.000000  1.000000  0.999998  0.001706  -0.000967  -0.001702  0.999991  0.003776  0.000974  -0.003774  0.999992  1.000000  0.000000  0.000000  0.000000  1.000000  0.000000  0.000000  0.000000  1.000000  1.000000  0.000000  0.000000  0.000000  1.000000  0.000000  0.000000  0.000000  1.000000  0.000052  0.000000  
112.155458 -0.002845  0.086431  -0.004391  0.996348  0.052531  0.067313  -0.056468  0.996719  0.057985  -0.064046  -0.061574  0.996046  -0.009747  -0.011387  -0.004344  0.168585  0.034280  0.105779  2.000000  1.000000  0.000000  0.000000  0.000000  1.000000  0.000000  0.000000  0.000000  1.000000  0.999998  0.001706  -0.000967  -0.001703  0.999991  0.003776  0.000973  -0.003774  0.999992  1.000000  0.000000  0.000000  0.000000  1.000000  0.000000  0.000000  0.000000  1.000000  1.000000  0.000000  0.000000  0.000000  1.000000  0.000000  0.000000  0.000000  1.000000  0.000051  0.000000  
112.156702 -0.002859  0.086418  -0.004400  0.996357  0.052523  0.067192  -0.056469  0.996705  0.058234  -0.063912  -0.061816  0.996039  -0.009915  -0.011264  -0.004511  0.171712  0.038841  0.098356  2.000000  1.000000  0.000000  0.000000  0.000000  1.000000  0.000000  0.000000  0.000000  1.000000  0.999998  0.001502  -0.000979  -0.001498  0.999992  0.003668  0.000985  -0.003667  0.999993  1.000000  0.000000  0.000000  0.000000  1.000000  0.000000  0.000000  0.000000  1.000000  1.000000  0.000000  0.000000  0.000000  1.000000  0.000000  0.000000  0.000000  1.000000  0.000051  0.000000  
112.157954 -0.002872  0.086404  -0.004408  0.996345  0.052712  0.067217  -0.056674  0.996680  0.058462  -0.063912  -0.062058  0.996024  -0.010094  -0.011115  -0.004728  0.177199  0.043633  0.099442  2.000000  1.000000  0.000000  0.000000  0.000000  1.000000  0.000000  0.000000  0.000000  1.000000  0.999998  0.001502  -0.000979  -0.001498  0.999992  0.003668  0.000984  -0.003667  0.999993  1.000000  0.000000  0.000000  0.000000  1.000000  0.000000  0.000000  0.000000  1.000000  1.000000  0.000000  0.000000  0.000000  1.000000  0.000000  0.000000  0.000000  1.000000  0.000052  0.000000  
112.159203 -0.002886  0.086391  -0.004417  0.996345  0.052696  0.067230  -0.056674  0.996665  0.058704  -0.063912  -0.062300  0.996009  -0.010221  -0.010949  -0.004909  0.181736  0.044029  0.092563  2.000000  1.000000  0.000000  0.000000  0.000000  1.000000  0.000000  0.000000  0.000000  1.000000  0.999998  0.001502  -0.000979  -0.001498  0.999992  0.003668  0.000984  -0.003667  0.999993  1.000000  0.000000  0.000000  0.000000  1.000000  0.000000  0.000000  0.000000  1.000000  1.000000  0.000000  0.000000  0.000000  1.000000  0.000000  0.000000  0.000000  1.000000  0.000052  0.000000  
112.160203 -0.002896  0.086380  -0.004424  0.996354  0.052688  0.067110  -0.056674  0.996651  0.058953  -0.063779  -0.062542  0.996002  -0.010299  -0.010845  -0.005079  0.184716  0.048508  0.085232  2.000000  1.000000  0.000000  0.000000  0.000000  1.000000  0.000000  0.000000  0.000000  1.000000  0.999999  0.001306  -0.001125  -0.001302  0.999993  0.003560  0.001129  -0.003559  0.999993  1.000000  0.000000  0.000000  0.000000  1.000000  0.000000  0.000000  0.000000  1.000000  1.000000  0.000000  0.000000  0.000000  1.000000  0.000000  0.000000  0.000000  1.000000  0.000051  0.000000  
112.161203 -0.002906  0.086370  -0.004432  0.996354  0.052680  0.067116  -0.056674  0.996643  0.059074  -0.063779  -0.062663  0.995995  -0.010336  -0.010696  -0.005271  0.185160  0.048908  0.078403  2.000000  1.000000  0.000000  0.000000  0.000000  1.000000  0.000000  0.000000  0.000000  1.000000  0.999999  0.001101  -0.001137  -0.001097  0.999993  0.003573  0.001141  -0.003572  0.999993  1.000000  0.000000  0.000000  0.000000  1.000000  0.000000  0.000000  0.000000  1.000000  1.000000  0.000000  0.000000  0.000000  1.000000  0.000000  0.000000  0.000000  1.000000  0.000052  0.000000  
112.162461 -0.002919  0.086357  -0.004441  0.996362  0.052672  0.066996  -0.056675  0.996629  0.059324  -0.063645  -0.062905  0.995988  -0.010402  -0.010611  -0.005555  0.185610  0.049301  0.071578  2.000000  1.000000  0.000000  0.000000  0.000000  1.000000  0.000000  0.000000  0.000000  1.000000  0.999999  0.001101  -0.001137  -0.001097  0.999993  0.003573  0.001141  -0.003572  0.999993  1.000000  0.000000  0.000000  0.000000  1.000000  0.000000  0.000000  0.000000  1.000000  1.000000  0.000000  0.000000  0.000000  1.000000  0.000000  0.000000  0.000000  1.000000  0.000052  0.000000  
112.163703 -0.002932  0.086344  -0.004450  0.996362  0.052655  0.067008  -0.056675  0.996614  0.059565  -0.063645  -0.063146  0.995973  -0.010456  -0.010585  -0.005861  0.185631  0.044836  0.071328  2.000000  1.000000  0.000000  0.000000  0.000000  1.000000  0.000000  0.000000  0.000000  1.000000  0.999999  0.000896  -0.001150  -0.000892  0.999993  0.003587  0.001153  -0.003585  0.999993  1.000000  0.000000  0.000000  0.000000  1.000000  0.000000  0.000000  0.000000  1.000000  1.000000  0.000000  0.000000  0.000000  1.000000  0.000000  0.000000  0.000000  1.000000  0.000052  0.000000  
112.164706 -0.002942  0.086333  -0.004458  0.996371  0.052648  0.066888  -0.056675  0.996599  0.059815  -0.063512  -0.063389  0.995966  -0.010488  -0.010611  -0.006136  0.186065  0.049683  0.064769  2.000000  1.000000  0.000000  0.000000  0.000000  1.000000  0.000000  0.000000  0.000000  1.000000  0.999999  0.000896  -0.001150  -0.000892  0.999994  0.003465  0.001153  -0.003464  0.999993  1.000000  0.000000  0.000000  0.000000  1.000000  0.000000  0.000000  0.000000  1.000000  1.000000  0.000000  0.000000  0.000000  1.000000  0.000000  0.000000  0.000000  1.000000  0.000051  0.000000  
112.165712 -0.002952  0.086322  -0.004465  0.996379  0.052648  0.066762  -0.056676  0.996592  0.059943  -0.063378  -0.063510  0.995967  -0.010532  -0.010645  -0.006474  0.183961  0.050497  0.058416  2.000000  1.000000  0.000000  0.000000  0.000000  1.000000  0.000000  0.000000  0.000000  1.000000  0.999999  0.000700  -0.001296  -0.000696  0.999993  0.003600  0.001299  -0.003599  0.999993  1.000000  0.000000  0.000000  0.000000  1.000000  0.000000  0.000000  0.000000  1.000000  1.000000  0.000000  0.000000  0.000000  1.000000  0.000000  0.000000  0.000000  1.000000  0.000051  0.000000  
112.166958 -0.002965  0.086308  -0.004473  0.996379  0.052632  0.066774  -0.056676  0.996577  0.060185  -0.063378  -0.063752  0.995951  -0.010600  -0.010699  -0.006775  0.184420  0.050909  0.051541  2.000000  1.000000  0.000000  0.000000  0.000000  1.000000  0.000000  0.000000  0.000000  1.000000  0.999999  0.000692  -0.001162  -0.000688  0.999994  0.003478  0.001165  -0.003478  0.999993  1.000000  0.000000  0.000000  0.000000  1.000000  0.000000  0.000000  0.000000  1.000000  1.000000  0.000000  0.000000  0.000000  1.000000  0.000000  0.000000  0.000000  1.000000  0.000049  0.000000  
112.168208 -0.002978  0.086295  -0.004482  0.996387  0.052632  0.066648  -0.056676  0.996569  0.060313  -0.063245  -0.063873  0.995952  -0.010570  -0.010717  -0.006963  0.176268  0.055384  0.051829  2.000000  1.000000  0.000000  0.000000  0.000000  1.000000  0.000000  0.000000  0.000000  1.000000  0.999999  0.000701  -0.001296  -0.000696  0.999994  0.003479  0.001298  -0.003478  0.999993  1.000000  0.000000  0.000000  0.000000  1.000000  0.000000  0.000000  0.000000  1.000000  1.000000  0.000000  0.000000  0.000000  1.000000  0.000000  0.000000  0.000000  1.000000  0.000049  0.000000  
112.169453 -0.002991  0.086282  -0.004490  0.996396  0.052633  0.066521  -0.056677  0.996561  0.060442  -0.063111  -0.063994  0.995953  -0.010531  -0.010672  -0.007008  0.171242  0.059801  0.044859  2.000000  1.000000  0.000000  0.000000  0.000000  1.000000  0.000000  0.000000  0.000000  1.000000  0.999999  0.000496  -0.001309  -0.000491  0.999994  0.003492  0.001311  -0.003491  0.999993  1.000000  0.000000  0.000000  0.000000  1.000000  0.000000  0.000000  0.000000  1.000000  1.000000  0.000000  0.000000  0.000000  1.000000  0.000000  0.000000  0.000000  1.000000  0.000048  0.000000  
112.170455 -0.003002  0.086272  -0.004495  0.996404  0.052633  0.066394  -0.056677  0.996554  0.060570  -0.062977  -0.064116  0.995953  -0.010465  -0.010617  -0.006967  0.169017  0.065198  0.038623  2.000000  1.000000  0.000000  0.000000  0.000000  1.000000  0.000000  0.000000  0.000000  1.000000  0.999999  0.000505  -0.001442  -0.000500  0.999994  0.003370  0.001444  -0.003370  0.999993  1.000000  0.000000  0.000000  0.000000  1.000000  0.000000  0.000000  0.000000  1.000000  1.000000  0.000000  0.000000  0.000000  1.000000  0.000000  0.000000  0.000000  1.000000  0.000047  0.000000  
112.171710 -0.003016  0.086260  -0.004504  0.996413  0.052626  0.066274  -0.056678  0.996538  0.060820  -0.062844  -0.064358  0.995946  -0.010418  -0.010522  -0.006928  0.167659  0.064663  0.038328  2.000000  1.000000  0.000000  0.000000  0.000000  1.000000  0.000000  0.000000  0.000000  1.000000  0.999999  0.000291  -0.001322  -0.000287  0.999994  0.003383  0.001323  -0.003383  0.999993  1.000000  0.000000  0.000000  0.000000  1.000000  0.000000  0.000000  0.000000  1.000000  1.000000  0.000000  0.000000  0.000000  1.000000  0.000000  0.000000  0.000000  1.000000  0.000045  0.000000  
