1-Time 2-Px 3-Py 4-Pz 5-R11 6-R21 7-R31 8-R12 9-R22 10-R32 11-R13 12-R23 13-R33 14-Vx 15-Vy 16-Vz 17-Wx 18-Wy 19-Wz 20-state 21-PR11 22-PR21 23-PR31 24-PR12 25-PR22 26-PR32 27-PR13 28-PR23 29-PR33 
12.668724 0.000743  0.092974  0.006385  0.992609  0.093517  -0.077346  -0.092015  0.995497  0.022762  0.079126  -0.015477  0.996744  0.000360  0.000470  0.000694  0.000000  0.000000  0.000000  2.000000  1.000000  0.000000  0.000000  -0.000000  1.000000  0.000000  0.000000  -0.000000  1.000000  1.000000  -0.000205  -0.000003  0.000205  1.000000  -0.000138  0.000003  0.000138  1.000000  1.000000  0.000000  0.000000  0.000000  1.000000  0.000000  0.000000  0.000000  1.000000  0.746106  0.656442  -0.111401  -0.665740  0.738205  -0.108828  0.010797  0.155361  0.987799  0.000000  0.000000  
12.669728 0.000744  0.092975  0.006386  0.992609  0.093517  -0.077346  -0.092015  0.995497  0.022762  0.079126  -0.015477  0.996744  0.000390  0.000498  0.000715  0.000000  0.000000  0.000000  2.000000  1.000000  0.000000  0.000000  0.000000  1.000000  0.000000  0.000000  0.000000  1.000000  1.000000  -0.000000  -0.000000  0.000000  1.000000  -0.000121  -0.000000  0.000121  1.000000  1.000000  0.000000  0.000000  0.000000  1.000000  0.000000  0.000000  0.000000  1.000000  1.000000  0.000000  0.000000  0.000000  1.000000  0.000000  0.000000  0.000000  1.000000  0.000000  0.000000  
12.670731 0.000744  0.092974  0.006388  0.992560  0.093929  -0.077469  -0.092423  0.995459  0.022806  0.079259  -0.015477  0.996734  0.000394  0.000436  0.000779  0.000000  0.000000  0.000000  2.000000  1.000000  0.000000  0.000000  0.000000  1.000000  0.000000  0.000000  0.000000  1.000000  1.000000  0.000207  -0.000131  -0.000207  1.000000  -0.000105  0.000131  0.000105  1.000000  1.000000  0.000000  0.000000  0.000000  1.000000  0.000000  0.000000  0.000000  1.000000  1.000000  0.000000  0.000000  0.000000  1.000000  0.000000  0.000000  0.000000  1.000000  0.000000  0.000000  
12.671978 0.000744  0.092973  0.006391  0.992501  0.094343  -0.077725  -0.092830  0.995419  0.022863  0.079526  -0.015476  0.996713  0.000345  0.000334  0.000892  0.000000  0.000000  0.000000  2.000000  1.000000  0.000000  0.000000  0.000000  1.000000  0.000000  0.000000  0.000000  1.000000  1.000000  0.000622  -0.000392  -0.000622  1.000000  -0.000072  0.000392  0.000072  1.000000  1.000000  0.000000  0.000000  0.000000  1.000000  0.000000  0.000000  0.000000  1.000000  1.000000  0.000000  0.000000  0.000000  1.000000  0.000000  0.000000  0.000000  1.000000  0.000000  0.000000  
12.673227 0.000744  0.092972  0.006394  0.992471  0.094559  -0.077842  -0.093033  0.995397  0.023012  0.079660  -0.015597  0.996700  0.000338  0.000215  0.001050  0.000000  0.000000  0.000000  2.000000  1.000000  0.000000  0.000000  0.000000  1.000000  0.000000  0.000000  0.000000  1.000000  0.999999  0.001034  -0.000519  -0.001034  0.999999  0.000082  0.000519  -0.000081  1.000000  1.000000  0.000000  0.000000  0.000000  1.000000  0.000000  0.000000  0.000000  1.000000  1.000000  0.000000  0.000000  0.000000  1.000000  0.000000  0.000000  0.000000  1.000000  0.000000  0.000000  
12.674232 0.000744  0.092970  0.006397  0.992441  0.094766  -0.077970  -0.093236  0.995377  0.023041  0.079793  -0.015597  0.996689  0.000278  0.000056  0.001256  0.000000  0.000000  0.000000  2.000000  1.000000  0.000000  0.000000  0.000000  1.000000  0.000000  0.000000  0.000000  1.000000  0.999999  0.001036  -0.000653  -0.001036  0.999999  0.000082  0.000653  -0.000081  1.000000  1.000000  0.000000  0.000000  0.000000  1.000000  0.000000  0.000000  0.000000  1.000000  1.000000  0.000000  0.000000  0.000000  1.000000  0.000000  0.000000  0.000000  1.000000  0.000000  0.000000  
12.675477 0.000744  0.092968  0.006402  0.992382  0.095189  -0.078214  -0.093643  0.995335  0.023218  0.080060  -0.015717  0.996666  0.000231  -0.000147  0.001487  0.000000  0.000000  0.000000  2.000000  1.000000  0.000000  0.000000  0.000000  1.000000  0.000000  0.000000  0.000000  1.000000  0.999999  0.001451  -0.000914  -0.001451  0.999999  0.000237  0.000914  -0.000235  1.000000  1.000000  0.000000  0.000000  0.000000  1.000000  0.000000  0.000000  0.000000  1.000000  1.000000  0.000000  0.000000  0.000000  1.000000  0.000000  0.000000  0.000000  1.000000  0.000000  0.000000  
12.676477 0.000743  0.092966  0.006406  0.992322  0.095603  -0.078470  -0.094049  0.995295  0.023276  0.080326  -0.015717  0.996645  0.000186  -0.000275  0.001744  0.000000  0.000000  0.000000  2.000000  1.000000  0.000000  0.000000  0.000000  1.000000  0.000000  0.000000  0.000000  1.000000  0.999998  0.001864  -0.001041  -0.001863  0.999998  0.000270  0.001041  -0.000268  0.999999  1.000000  0.000000  0.000000  0.000000  1.000000  0.000000  0.000000  0.000000  1.000000  1.000000  0.000000  0.000000  0.000000  1.000000  0.000000  0.000000  0.000000  1.000000  0.000000  0.000000  
12.677730 0.000743  0.092964  0.006411  0.992242  0.096222  -0.078721  -0.094660  0.995236  0.023350  0.080593  -0.015717  0.996623  0.000140  -0.000442  0.002052  0.000000  0.000000  0.000000  2.000000  1.000000  0.000000  0.000000  0.000000  1.000000  0.000000  0.000000  0.000000  1.000000  0.999996  0.002689  -0.001295  -0.002688  0.999996  0.000337  0.001296  -0.000333  0.999999  1.000000  0.000000  0.000000  0.000000  1.000000  0.000000  0.000000  0.000000  1.000000  1.000000  0.000000  0.000000  0.000000  1.000000  0.000000  0.000000  0.000000  1.000000  0.000000  0.000000  
12.678735 0.000742  0.092963  0.006416  0.992173  0.096839  -0.078840  -0.095272  0.995176  0.023411  0.080726  -0.015716  0.996612  0.000073  -0.000535  0.002289  0.000000  0.000000  0.000000  2.000000  1.000000  0.000000  0.000000  0.000000  1.000000  0.000000  0.000000  0.000000  1.000000  0.999994  0.003103  -0.001556  -0.003103  0.999995  0.000371  0.001558  -0.000366  0.999999  1.000000  0.000000  0.000000  0.000000  1.000000  0.000000  0.000000  0.000000  1.000000  1.000000  0.000000  0.000000  0.000000  1.000000  0.000000  0.000000  0.000000  1.000000  0.000000  0.000000  
12.680017 0.000742  0.092961  0.006420  0.992112  0.097253  -0.079095  -0.095678  0.995136  0.023469  0.080993  -0.015716  0.996591  -0.000023  -0.000746  0.002546  0.000000  0.000000  0.000000  2.000000  1.000000  0.000000  0.000000  0.000000  1.000000  0.000000  0.000000  0.000000  1.000000  0.999992  0.003721  -0.001680  -0.003720  0.999993  0.000421  0.001682  -0.000415  0.999998  1.000000  0.000000  0.000000  0.000000  1.000000  0.000000  0.000000  0.000000  1.000000  1.000000  0.000000  0.000000  0.000000  1.000000  0.000000  0.000000  0.000000  1.000000  0.000000  0.000000  
12.681232 0.000740  0.092959  0.006425  0.992031  0.097881  -0.079335  -0.096289  0.995072  0.023664  0.081260  -0.015837  0.996567  -0.000148  -0.000905  0.002786  0.000000  0.000000  0.000000  2.000000  1.000000  0.000000  0.000000  0.000000  1.000000  0.000000  0.000000  0.000000  1.000000  0.999990  0.004136  -0.001941  -0.004135  0.999991  0.000577  0.001943  -0.000568  0.999998  1.000000  0.000000  0.000000  0.000000  1.000000  0.000000  0.000000  0.000000  1.000000  1.000000  0.000000  0.000000  0.000000  1.000000  0.000000  0.000000  0.000000  1.000000  0.000000  0.000000  
12.682236 0.000740  0.092959  0.006429  0.991980  0.098293  -0.079458  -0.096696  0.995031  0.023710  0.081393  -0.015837  0.996556  -0.000219  -0.000984  0.003047  0.000000  0.000000  0.000000  2.000000  1.000000  0.000000  0.000000  0.000000  1.000000  0.000000  0.000000  0.000000  1.000000  0.999986  0.004756  -0.002198  -0.004754  0.999989  0.000628  0.002201  -0.000617  0.999997  1.000000  0.000000  0.000000  0.000000  1.000000  0.000000  0.000000  0.000000  1.000000  1.000000  0.000000  0.000000  0.000000  1.000000  0.000000  0.000000  0.000000  1.000000  0.000000  0.000000  
12.683477 0.000739  0.092957  0.006435  0.991899  0.098912  -0.079708  -0.097307  0.994970  0.023785  0.081660  -0.015836  0.996534  -0.000293  -0.001104  0.003364  0.022613  0.082592  0.180619  2.000000  1.000000  0.000116  0.000082  -0.000116  1.000000  0.000016  -0.000082  -0.000016  1.000000  0.999984  0.005170  -0.002459  -0.005169  0.999986  0.000663  0.002463  -0.000650  0.999997  1.000000  0.000059  0.000041  -0.000059  1.000000  0.000008  -0.000041  -0.000008  1.000000  1.000000  0.000116  0.000082  -0.000116  1.000000  0.000016  -0.000082  -0.000016  1.000000  0.000049  0.005763  
12.684479 0.000738  0.092956  0.006439  0.991848  0.099324  -0.079831  -0.097714  0.994929  0.023831  0.081793  -0.015836  0.996523  -0.000398  -0.001287  0.003580  0.023737  0.086864  0.194466  2.000000  1.000000  0.000302  0.000213  -0.000302  1.000000  0.000042  -0.000213  -0.000042  1.000000  0.999981  0.005583  -0.002586  -0.005581  0.999984  0.000697  0.002590  -0.000683  0.999996  1.000000  0.000063  0.000044  -0.000063  1.000000  0.000009  -0.000044  -0.000009  1.000000  1.000000  0.000302  0.000213  -0.000302  1.000000  0.000042  -0.000213  -0.000042  1.000000  0.000053  0.006191  
12.685481 0.000737  0.092953  0.006443  0.991786  0.099738  -0.080087  -0.098120  0.994888  0.023890  0.082060  -0.015836  0.996502  -0.000449  -0.001428  0.003746  0.024876  0.095631  0.208378  2.000000  1.000000  0.000566  0.000401  -0.000566  1.000000  0.000078  -0.000401  -0.000078  1.000000  0.999978  0.005995  -0.002713  -0.005993  0.999982  0.000731  0.002718  -0.000715  0.999996  1.000000  0.000067  0.000048  -0.000067  1.000000  0.000009  -0.000048  -0.000009  1.000000  1.000000  0.000566  0.000401  -0.000566  1.000000  0.000078  -0.000401  -0.000078  1.000000  0.000056  0.006620  
12.686482 0.000737  0.092951  0.006448  0.991754  0.099945  -0.080214  -0.098324  0.994867  0.023920  0.082193  -0.015835  0.996491  -0.000485  -0.001538  0.003961  0.025447  0.100014  0.215336  2.000000  0.999999  0.000847  0.000603  -0.000847  1.000000  0.000115  -0.000603  -0.000115  1.000000  0.999975  0.006408  -0.002840  -0.006406  0.999979  0.000766  0.002845  -0.000748  0.999996  1.000000  0.000071  0.000052  -0.000071  1.000000  0.000009  -0.000052  -0.000009  1.000000  0.999999  0.000847  0.000603  -0.000847  1.000000  0.000115  -0.000603  -0.000115  1.000000  0.000060  0.007050  
12.687482 0.000736  0.092948  0.006454  0.991703  0.100366  -0.080325  -0.098731  0.994823  0.024087  0.082327  -0.015956  0.996478  -0.000566  -0.001671  0.004185  0.030653  0.104277  0.229199  2.000000  0.999999  0.001141  0.000815  -0.001141  0.999999  0.000158  -0.000815  -0.000159  1.000000  0.999972  0.006821  -0.002967  -0.006818  0.999976  0.000922  0.002973  -0.000902  0.999995  1.000000  0.000075  0.000055  -0.000075  1.000000  0.000011  -0.000055  -0.000011  1.000000  0.999999  0.001141  0.000815  -0.001141  0.999999  0.000158  -0.000815  -0.000159  1.000000  0.000064  0.007494  
12.688730 0.000734  0.092943  0.006462  0.991651  0.100778  -0.080448  -0.099138  0.994781  0.024133  0.082460  -0.015956  0.996467  -0.000679  -0.001872  0.004442  0.031791  0.108571  0.243095  2.000000  0.999998  0.001530  0.001095  -0.001530  0.999999  0.000220  -0.001095  -0.000222  0.999999  0.999969  0.007235  -0.003227  -0.007232  0.999973  0.001079  0.003235  -0.001056  0.999994  1.000000  0.000080  0.000058  -0.000080  1.000000  0.000013  -0.000058  -0.000013  1.000000  0.999998  0.001530  0.001095  -0.001530  0.999999  0.000220  -0.001095  -0.000222  0.999999  0.000068  0.007994  
12.689979 0.000733  0.092937  0.006470  0.991599  0.101189  -0.080571  -0.099545  0.994739  0.024179  0.082593  -0.015956  0.996456  -0.000729  -0.002115  0.004725  0.032924  0.112842  0.256938  2.000000  0.999997  0.001939  0.001390  -0.001939  0.999998  0.000287  -0.001389  -0.000290  0.999999  0.999967  0.007443  -0.003358  -0.007439  0.999972  0.001097  0.003366  -0.001072  0.999994  1.000000  0.000083  0.000060  -0.000083  1.000000  0.000014  -0.000060  -0.000014  1.000000  0.999997  0.001939  0.001390  -0.001939  0.999998  0.000287  -0.001389  -0.000290  0.999999  0.000070  0.008237  
12.691228 0.000732  0.092931  0.006480  0.991557  0.101398  -0.080831  -0.099747  0.994718  0.024223  0.082860  -0.015955  0.996433  -0.000757  -0.002401  0.004999  0.033256  0.120769  0.261903  2.000000  0.999996  0.002358  0.001694  -0.002359  0.999997  0.000355  -0.001693  -0.000359  0.999999  0.999966  0.007445  -0.003492  -0.007441  0.999972  0.001099  0.003500  -0.001073  0.999993  1.000000  0.000084  0.000059  -0.000084  1.000000  0.000014  -0.000059  -0.000014  1.000000  0.999996  0.002358  0.001694  -0.002359  0.999997  0.000355  -0.001693  -0.000359  0.999999  0.000074  0.008294  
12.692481 0.000731  0.092924  0.006490  0.991505  0.101810  -0.080954  -0.100154  0.994676  0.024269  0.082993  -0.015955  0.996422  -0.000784  -0.002715  0.005320  0.034661  0.126014  0.277859  2.000000  0.999995  0.002693  0.001933  -0.002693  0.999996  0.000409  -0.001932  -0.000414  0.999998  0.999967  0.007443  -0.003358  -0.007439  0.999972  0.001100  0.003366  -0.001075  0.999994  1.000000  0.000083  0.000060  -0.000083  1.000000  0.000014  -0.000060  -0.000014  1.000000  0.999995  0.002693  0.001933  -0.002693  0.999996  0.000409  -0.001932  -0.000414  0.999998  0.000076  0.008237  
12.693731 0.000730  0.092917  0.006500  0.991473  0.102017  -0.081081  -0.100357  0.994655  0.024299  0.083127  -0.015955  0.996411  -0.000837  -0.003079  0.005629  0.034961  0.129364  0.282561  2.000000  0.999993  0.003110  0.002230  -0.003111  0.999995  0.000470  -0.002228  -0.000477  0.999997  0.999967  0.007442  -0.003358  -0.007439  0.999972  0.000980  0.003365  -0.000955  0.999994  1.000000  0.000083  0.000060  -0.000083  1.000000  0.000012  -0.000060  -0.000012  1.000000  0.999993  0.003110  0.002230  -0.003111  0.999995  0.000470  -0.002228  -0.000477  0.999997  0.000080  0.008222  
12.694977 0.000729  0.092910  0.006511  0.991462  0.102019  -0.081214  -0.100356  0.994654  0.024313  0.083260  -0.015955  0.996400  -0.000858  -0.003398  0.006056  0.035260  0.134895  0.284890  2.000000  0.999991  0.003523  0.002525  -0.003524  0.999994  0.000529  -0.002523  -0.000538  0.999997  0.999968  0.007237  -0.003361  -0.007234  0.999973  0.000963  0.003368  -0.000939  0.999994  1.000000  0.000082  0.000057  -0.000082  1.000000  0.000012  -0.000057  -0.000012  1.000000  0.999991  0.003523  0.002525  -0.003524  0.999994  0.000529  -0.002523  -0.000538  0.999997  0.000080  0.008036  
12.695984 0.000728  0.092904  0.006519  0.991441  0.102224  -0.081209  -0.100560  0.994633  0.024330  0.083260  -0.015955  0.996400  -0.000829  -0.003740  0.006393  0.035822  0.134788  0.291790  2.000000  0.999989  0.003842  0.002759  -0.003844  0.999992  0.000573  -0.002757  -0.000583  0.999996  0.999969  0.007233  -0.003094  -0.007230  0.999974  0.000842  0.003100  -0.000820  0.999995  1.000000  0.000079  0.000059  -0.000079  1.000000  0.000010  -0.000059  -0.000010  1.000000  0.999989  0.003842  0.002759  -0.003844  0.999992  0.000573  -0.002757  -0.000583  0.999996  0.000082  0.007910  
12.696988 0.000727  0.092898  0.006528  0.991420  0.102419  -0.081216  -0.100764  0.994615  0.024226  0.083260  -0.015834  0.996402  -0.000826  -0.004080  0.006664  0.032293  0.134638  0.298547  2.000000  0.999987  0.004141  0.002980  -0.004143  0.999991  0.000607  -0.002977  -0.000620  0.999995  0.999974  0.006612  -0.002837  -0.006611  0.999978  0.000670  0.002841  -0.000651  0.999996  1.000000  0.000072  0.000054  -0.000072  1.000000  0.000008  -0.000054  -0.000008  1.000000  0.999987  0.004141  0.002980  -0.004143  0.999991  0.000607  -0.002977  -0.000620  0.999995  0.000082  0.007226  
12.698002 0.000727  0.092893  0.006536  0.991420  0.102419  -0.081216  -0.100764  0.994615  0.024226  0.083260  -0.015834  0.996402  -0.000843  -0.004387  0.006944  0.036353  0.134600  0.298414  2.000000  0.999986  0.004354  0.003140  -0.004356  0.999990  0.000631  -0.003137  -0.000645  0.999995  0.999976  0.006405  -0.002707  -0.006403  0.999979  0.000652  0.002711  -0.000635  0.999996  1.000000  0.000069  0.000052  -0.000069  1.000000  0.000008  -0.000052  -0.000008  1.000000  0.999986  0.004354  0.003140  -0.004356  0.999990  0.000631  -0.003137  -0.000645  0.999995  0.000083  0.006983  
12.699002 0.000725  0.092888  0.006544  0.991400  0.102614  -0.081224  -0.100968  0.994597  0.024122  0.083260  -0.015713  0.996404  -0.000880  -0.004640  0.007207  0.032844  0.134522  0.305322  2.000000  0.999984  0.004554  0.003290  -0.004557  0.999989  0.000652  -0.003287  -0.000667  0.999994  0.999979  0.005992  -0.002580  -0.005991  0.999982  0.000497  0.002583  -0.000481  0.999997  1.000000  0.000065  0.000049  -0.000065  1.000000  0.000006  -0.000049  -0.000006  1.000000  0.999984  0.004554  0.003290  -0.004557  0.999989  0.000652  -0.003287  -0.000667  0.999994  0.000083  0.006543  
12.700233 0.000723  0.092880  0.006554  0.991400  0.102614  -0.081224  -0.100968  0.994597  0.024122  0.083260  -0.015713  0.996404  -0.000983  -0.004924  0.007540  0.032328  0.130242  0.298598  2.000000  0.999982  0.004809  0.003483  -0.004811  0.999988  0.000675  -0.003480  -0.000692  0.999994  0.999980  0.005785  -0.002450  -0.005784  0.999983  0.000480  0.002453  -0.000466  0.999997  1.000000  0.000063  0.000047  -0.000063  1.000000  0.000006  -0.000047  -0.000006  1.000000  0.999982  0.004809  0.003483  -0.004811  0.999988  0.000675  -0.003480  -0.000692  0.999994  0.000083  0.006300  
12.701480 0.000721  0.092875  0.006564  0.991431  0.102397  -0.081108  -0.100766  0.994621  0.023971  0.083127  -0.015593  0.996417  -0.001046  -0.005073  0.007751  0.026586  0.117103  0.277715  2.000000  0.999981  0.005038  0.003658  -0.005041  0.999987  0.000696  -0.003654  -0.000715  0.999993  0.999986  0.004958  -0.002062  -0.004957  0.999988  0.000289  0.002064  -0.000279  0.999998  1.000000  0.000000  0.000000  0.000000  1.000000  0.000000  0.000000  0.000000  1.000000  0.999981  0.005038  0.003658  -0.005041  0.999987  0.000696  -0.003654  -0.000715  0.999993  0.000077  0.000000  
12.702734 0.000718  0.092868  0.006574  0.991431  0.102397  -0.081108  -0.100766  0.994621  0.023971  0.083127  -0.015593  0.996417  -0.001158  -0.005317  0.007920  0.021399  0.112794  0.263832  2.000000  0.999981  0.005038  0.003658  -0.005041  0.999987  0.000696  -0.003654  -0.000715  0.999993  0.999988  0.004543  -0.001801  -0.004543  0.999990  0.000134  0.001802  -0.000126  0.999998  1.000000  0.000000  0.000000  0.000000  1.000000  0.000000  0.000000  0.000000  1.000000  0.999981  0.005038  0.003658  -0.005041  0.999987  0.000696  -0.003654  -0.000715  0.999993  0.000074  0.000000  
12.703977 0.000714  0.092861  0.006584  0.991442  0.102395  -0.080976  -0.100767  0.994622  0.023957  0.082993  -0.015593  0.996428  -0.001321  -0.005405  0.008060  0.021225  0.102960  0.261551  2.000000  0.999981  0.005038  0.003658  -0.005041  0.999987  0.000696  -0.003654  -0.000715  0.999993  0.999991  0.003921  -0.001410  -0.003921  0.999992  0.000082  0.001410  -0.000076  0.999999  1.000000  0.000000  0.000000  0.000000  1.000000  0.000000  0.000000  0.000000  1.000000  0.999981  0.005038  0.003658  -0.005041  0.999987  0.000696  -0.003654  -0.000715  0.999993  0.000072  0.000000  
12.704978 0.000711  0.092855  0.006593  0.991454  0.102393  -0.080843  -0.100768  0.994622  0.023944  0.082860  -0.015593  0.996439  -0.001476  -0.005486  0.008153  0.016216  0.090533  0.249744  2.000000  0.999981  0.005038  0.003658  -0.005041  0.999987  0.000696  -0.003654  -0.000715  0.999993  0.999994  0.003299  -0.001018  -0.003299  0.999995  0.000030  0.001019  -0.000027  0.999999  1.000000  0.000000  0.000000  0.000000  1.000000  0.000000  0.000000  0.000000  1.000000  0.999981  0.005038  0.003658  -0.005041  0.999987  0.000696  -0.003654  -0.000715  0.999993  0.000068  0.000000  
12.705979 0.000707  0.092848  0.006601  0.991465  0.102381  -0.080723  -0.100769  0.994625  0.023810  0.082727  -0.015472  0.996452  -0.001689  -0.005588  0.008248  0.010920  0.081094  0.233854  2.000000  0.999981  0.005038  0.003658  -0.005041  0.999987  0.000696  -0.003654  -0.000715  0.999993  0.999995  0.002887  -0.000892  -0.002887  0.999996  -0.000125  0.000891  0.000128  1.000000  1.000000  0.000000  0.000000  0.000000  1.000000  0.000000  0.000000  0.000000  1.000000  0.999981  0.005038  0.003658  -0.005041  0.999987  0.000696  -0.003654  -0.000715  0.999993  0.000064  0.000000  
12.707012 0.000704  0.092843  0.006611  0.991465  0.102381  -0.080723  -0.100769  0.994625  0.023810  0.082727  -0.015472  0.996452  -0.001874  -0.005586  0.008316  0.009337  0.073004  0.214689  2.000000  0.999981  0.005038  0.003658  -0.005041  0.999987  0.000696  -0.003654  -0.000715  0.999993  0.999996  0.002677  -0.000627  -0.002677  0.999996  -0.000143  0.000627  0.000144  1.000000  1.000000  0.000000  0.000000  0.000000  1.000000  0.000000  0.000000  0.000000  1.000000  0.999981  0.005038  0.003658  -0.005041  0.999987  0.000696  -0.003654  -0.000715  0.999993  0.000060  0.000000  
12.708252 0.000699  0.092835  0.006623  0.991476  0.102379  -0.080590  -0.100770  0.994625  0.023796  0.082593  -0.015472  0.996463  -0.002080  -0.005600  0.008443  0.007662  0.059885  0.193914  2.000000  0.999981  0.005038  0.003658  -0.005041  0.999987  0.000696  -0.003654  -0.000715  0.999993  0.999997  0.002468  -0.000363  -0.002468  0.999997  -0.000160  0.000362  0.000161  1.000000  1.000000  0.000000  0.000000  0.000000  1.000000  0.000000  0.000000  0.000000  1.000000  0.999981  0.005038  0.003658  -0.005041  0.999987  0.000696  -0.003654  -0.000715  0.999993  0.000052  0.000000  
12.709478 0.000695  0.092829  0.006636  0.991487  0.102377  -0.080458  -0.100771  0.994625  0.023783  0.082460  -0.015473  0.996474  -0.002310  -0.005592  0.008594  0.006485  0.050742  0.178681  2.000000  0.999981  0.005038  0.003658  -0.005041  0.999987  0.000696  -0.003654  -0.000715  0.999993  0.999998  0.002054  -0.000102  -0.002054  0.999998  -0.000315  0.000101  0.000316  1.000000  1.000000  0.000000  0.000000  0.000000  1.000000  0.000000  0.000000  0.000000  1.000000  0.999981  0.005038  0.003658  -0.005041  0.999987  0.000696  -0.003654  -0.000715  0.999993  0.000047  0.000000  
12.710480 0.000691  0.092823  0.006646  0.991487  0.102377  -0.080458  -0.100771  0.994625  0.023783  0.082460  -0.015473  0.996474  -0.002529  -0.005595  0.008740  0.000000  0.000000  0.000000  2.000000  0.999981  0.005038  0.003658  -0.005041  0.999987  0.000696  -0.003654  -0.000715  0.999993  0.999999  0.001641  0.000026  -0.001641  0.999999  -0.000349  -0.000026  0.000349  1.000000  1.000000  0.000000  0.000000  0.000000  1.000000  0.000000  0.000000  0.000000  1.000000  0.999981  0.005038  0.003658  -0.005041  0.999987  0.000696  -0.003654  -0.000715  0.999993  0.000000  0.000000  
12.711729 0.000686  0.092816  0.006660  0.991487  0.102377  -0.080458  -0.100771  0.994625  0.023783  0.082460  -0.015473  0.996474  -0.002759  -0.005589  0.008970  0.000000  0.000000  0.000000  2.000000  0.999981  0.005038  0.003658  -0.005041  0.999987  0.000696  -0.003654  -0.000715  0.999993  0.999999  0.001434  0.000156  -0.001434  0.999999  -0.000366  -0.000157  0.000366  1.000000  1.000000  0.000000  0.000000  0.000000  1.000000  0.000000  0.000000  0.000000  1.000000  0.999981  0.005038  0.003658  -0.005041  0.999987  0.000696  -0.003654  -0.000715  0.999993  0.000000  0.000000  
12.712730 0.000683  0.092811  0.006671  0.991487  0.102367  -0.080470  -0.100771  0.994628  0.023662  0.082460  -0.015352  0.996476  -0.002940  -0.005589  0.009149  0.000000  0.000000  0.000000  2.000000  0.999981  0.005038  0.003658  -0.005041  0.999987  0.000696  -0.003654  -0.000715  0.999993  0.999999  0.001022  0.000283  -0.001021  0.999999  -0.000522  -0.000284  0.000521  1.000000  1.000000  0.000000  0.000000  0.000000  1.000000  0.000000  0.000000  0.000000  1.000000  0.999981  0.005038  0.003658  -0.005041  0.999987  0.000696  -0.003654  -0.000715  0.999993  0.000000  0.000000  
12.713734 0.000679  0.092806  0.006682  0.991487  0.102367  -0.080470  -0.100771  0.994628  0.023662  0.082460  -0.015352  0.996476  -0.003096  -0.005537  0.009332  0.000000  0.000000  0.000000  2.000000  0.999981  0.005038  0.003658  -0.005041  0.999987  0.000696  -0.003654  -0.000715  0.999993  1.000000  0.000812  0.000548  -0.000812  1.000000  -0.000539  -0.000548  0.000538  1.000000  1.000000  0.000000  0.000000  0.000000  1.000000  0.000000  0.000000  0.000000  1.000000  0.999981  0.005038  0.003658  -0.005041  0.999987  0.000696  -0.003654  -0.000715  0.999993  0.000000  0.000000  
12.715001 0.000675  0.092800  0.006696  0.991466  0.102572  -0.080465  -0.100975  0.994607  0.023679  0.082460  -0.015352  0.996476  -0.003239  -0.005438  0.009602  0.000000  0.000000  0.000000  2.000000  0.999981  0.005038  0.003658  -0.005041  0.999987  0.000696  -0.003654  -0.000715  0.999993  0.999999  0.000810  0.000682  -0.000810  1.000000  -0.000539  -0.000682  0.000538  1.000000  1.000000  0.000000  0.000000  0.000000  1.000000  0.000000  0.000000  0.000000  1.000000  0.999981  0.005038  0.003658  -0.005041  0.999987  0.000696  -0.003654  -0.000715  0.999993  0.000000  0.000000  
12.716232 0.000671  0.092795  0.006710  0.991477  0.102560  -0.080345  -0.100976  0.994610  0.023545  0.082327  -0.015231  0.996489  -0.003390  -0.005401  0.009903  0.000000  0.000000  0.000000  2.000000  0.999981  0.005038  0.003658  -0.005041  0.999987  0.000696  -0.003654  -0.000715  0.999993  0.999999  0.000601  0.000946  -0.000600  1.000000  -0.000556  -0.000946  0.000555  0.999999  1.000000  0.000000  0.000000  0.000000  1.000000  0.000000  0.000000  0.000000  1.000000  0.999981  0.005038  0.003658  -0.005041  0.999987  0.000696  -0.003654  -0.000715  0.999993  0.000000  0.000000  
12.717481 0.000667  0.092790  0.006725  0.991456  0.102765  -0.080340  -0.101180  0.994589  0.023561  0.082327  -0.015231  0.996489  -0.003439  -0.005259  0.010217  0.000000  0.000000  0.000000  2.000000  0.999981  0.005038  0.003658  -0.005041  0.999987  0.000696  -0.003654  -0.000715  0.999993  0.999999  0.000601  0.000946  -0.000600  1.000000  -0.000677  -0.000946  0.000676  0.999999  1.000000  0.000000  0.000000  0.000000  1.000000  0.000000  0.000000  0.000000  1.000000  0.999981  0.005038  0.003658  -0.005041  0.999987  0.000696  -0.003654  -0.000715  0.999993  0.000000  0.000000  
12.718482 0.000664  0.092787  0.006736  0.991456  0.102765  -0.080340  -0.101180  0.994589  0.023561  0.082327  -0.015231  0.996489  -0.003435  -0.005109  0.010399  0.000000  0.000000  0.000000  2.000000  0.999981  0.005038  0.003658  -0.005041  0.999987  0.000696  -0.003654  -0.000715  0.999993  0.999999  0.000601  0.000946  -0.000601  1.000000  -0.000556  -0.000946  0.000555  0.999999  1.000000  0.000000  0.000000  0.000000  1.000000  0.000000  0.000000  0.000000  1.000000  0.999981  0.005038  0.003658  -0.005041  0.999987  0.000696  -0.003654  -0.000715  0.999993  0.000000  0.000000  
12.719735 0.000660  0.092782  0.006749  0.991456  0.102765  -0.080340  -0.101180  0.994589  0.023561  0.082327  -0.015231  0.996489  -0.003421  -0.004905  0.010615  0.000000  0.000000  0.000000  2.000000  0.999981  0.005038  0.003658  -0.005041  0.999987  0.000696  -0.003654  -0.000715  0.999993  0.999999  0.000396  0.000943  -0.000395  1.000000  -0.000573  -0.000943  0.000572  0.999999  1.000000  0.000000  0.000000  0.000000  1.000000  0.000000  0.000000  0.000000  1.000000  0.999981  0.005038  0.003658  -0.005041  0.999987  0.000696  -0.003654  -0.000715  0.999993  0.000000  0.000000  
12.720980 0.000657  0.092779  0.006763  0.991456  0.102765  -0.080340  -0.101180  0.994589  0.023561  0.082327  -0.015231  0.996489  -0.003358  -0.004627  0.010831  0.000000  0.000000  0.000000  2.000000  0.999981  0.005038  0.003658  -0.005041  0.999987  0.000696  -0.003654  -0.000715  0.999993  1.000000  0.000191  0.000940  -0.000190  1.000000  -0.000468  -0.000940  0.000468  0.999999  1.000000  0.000000  0.000000  0.000000  1.000000  0.000000  0.000000  0.000000  1.000000  0.999981  0.005038  0.003658  -0.005041  0.999987  0.000696  -0.003654  -0.000715  0.999993  0.000000  0.000000  
12.721980 0.000654  0.092776  0.006774  0.991456  0.102765  -0.080340  -0.101180  0.994589  0.023561  0.082327  -0.015231  0.996489  -0.003341  -0.004460  0.010915  0.000000  0.000000  0.000000  2.000000  0.999981  0.005038  0.003658  -0.005041  0.999987  0.000696  -0.003654  -0.000715  0.999993  0.999999  0.000396  0.000943  -0.000396  1.000000  -0.000451  -0.000943  0.000451  0.999999  1.000000  0.000000  0.000000  0.000000  1.000000  0.000000  0.000000  0.000000  1.000000  0.999981  0.005038  0.003658  -0.005041  0.999987  0.000696  -0.003654  -0.000715  0.999993  0.000000  0.000000  
12.723228 0.000651  0.092773  0.006788  0.991435  0.102970  -0.080335  -0.101385  0.994568  0.023578  0.082327  -0.015231  0.996489  -0.003237  -0.004173  0.011057  0.000000  0.000000  0.000000  2.000000  0.999981  0.005038  0.003658  -0.005041  0.999987  0.000696  -0.003654  -0.000715  0.999993  0.999999  0.000603  0.000812  -0.000603  1.000000  -0.000313  -0.000812  0.000313  1.000000  1.000000  0.000000  0.000000  0.000000  1.000000  0.000000  0.000000  0.000000  1.000000  0.999981  0.005038  0.003658  -0.005041  0.999987  0.000696  -0.003654  -0.000715  0.999993  0.000000  0.000000  
12.724478 0.000648  0.092770  0.006803  0.991435  0.102979  -0.080323  -0.101385  0.994565  0.023698  0.082327  -0.015352  0.996487  -0.003150  -0.003893  0.011128  0.000000  0.000000  0.000000  2.000000  0.999981  0.005038  0.003658  -0.005041  0.999987  0.000696  -0.003654  -0.000715  0.999993  1.000000  0.000605  0.000678  -0.000605  1.000000  -0.000192  -0.000679  0.000191  1.000000  1.000000  0.000000  0.000000  0.000000  1.000000  0.000000  0.000000  0.000000  1.000000  0.999981  0.005038  0.003658  -0.005041  0.999987  0.000696  -0.003654  -0.000715  0.999993  0.000000  0.000000  
12.725493 0.000646  0.092768  0.006814  0.991435  0.102979  -0.080323  -0.101385  0.994565  0.023698  0.082327  -0.015352  0.996487  -0.003033  -0.003641  0.011156  0.000000  0.000000  0.000000  2.000000  0.999981  0.005038  0.003658  -0.005041  0.999987  0.000696  -0.003654  -0.000715  0.999993  1.000000  0.000605  0.000678  -0.000605  1.000000  -0.000192  -0.000679  0.000191  1.000000  1.000000  0.000000  0.000000  0.000000  1.000000  0.000000  0.000000  0.000000  1.000000  0.999981  0.005038  0.003658  -0.005041  0.999987  0.000696  -0.003654  -0.000715  0.999993  0.000000  0.000000  
12.726728 0.000643  0.092766  0.006829  0.991435  0.102979  -0.080323  -0.101385  0.994565  0.023698  0.082327  -0.015352  0.996487  -0.002879  -0.003327  0.011273  0.000000  0.000000  0.000000  2.000000  0.999981  0.005038  0.003658  -0.005041  0.999987  0.000696  -0.003654  -0.000715  0.999993  1.000000  0.000607  0.000545  -0.000607  1.000000  -0.000192  -0.000545  0.000191  1.000000  1.000000  0.000000  0.000000  0.000000  1.000000  0.000000  0.000000  0.000000  1.000000  0.999981  0.005038  0.003658  -0.005041  0.999987  0.000696  -0.003654  -0.000715  0.999993  0.000000  0.000000  
12.727980 0.000641  0.092764  0.006844  0.991403  0.103186  -0.080451  -0.101588  0.994544  0.023728  0.082460  -0.015352  0.996476  -0.002749  -0.003053  0.011367  0.000000  0.000000  0.000000  2.000000  0.999981  0.005038  0.003658  -0.005041  0.999987  0.000696  -0.003654  -0.000715  0.999993  1.000000  0.000816  0.000280  -0.000816  1.000000  -0.000053  -0.000280  0.000053  1.000000  1.000000  0.000000  0.000000  0.000000  1.000000  0.000000  0.000000  0.000000  1.000000  0.999981  0.005038  0.003658  -0.005041  0.999987  0.000696  -0.003654  -0.000715  0.999993  0.000000  0.000000  
12.729231 0.000639  0.092762  0.006860  0.991403  0.103196  -0.080438  -0.101588  0.994541  0.023849  0.082460  -0.015473  0.996474  -0.002597  -0.002732  0.011480  0.000000  0.000000  0.000000  2.000000  0.999981  0.005038  0.003658  -0.005041  0.999987  0.000696  -0.003654  -0.000715  0.999993  1.000000  0.000821  0.000013  -0.000821  1.000000  0.000068  -0.000013  -0.000068  1.000000  1.000000  0.000000  0.000000  0.000000  1.000000  0.000000  0.000000  0.000000  1.000000  0.999981  0.005038  0.003658  -0.005041  0.999987  0.000696  -0.003654  -0.000715  0.999993  0.000000  0.000000  
12.730485 0.000637  0.092762  0.006876  0.991403  0.103196  -0.080438  -0.101588  0.994541  0.023849  0.082460  -0.015473  0.996474  -0.002436  -0.002430  0.011591  0.000000  0.000000  0.000000  2.000000  0.999981  0.005038  0.003658  -0.005041  0.999987  0.000696  -0.003654  -0.000715  0.999993  1.000000  0.000821  0.000013  -0.000821  1.000000  0.000068  -0.000013  -0.000068  1.000000  1.000000  0.000000  0.000000  0.000000  1.000000  0.000000  0.000000  0.000000  1.000000  0.999981  0.005038  0.003658  -0.005041  0.999987  0.000696  -0.003654  -0.000715  0.999993  0.000000  0.000000  
12.731731 0.000635  0.092760  0.006892  0.991371  0.103403  -0.080566  -0.101791  0.994519  0.023879  0.082593  -0.015472  0.996463  -0.002300  -0.002140  0.011713  0.000000  0.000000  0.000000  2.000000  0.999981  0.005038  0.003658  -0.005041  0.999987  0.000696  -0.003654  -0.000715  0.999993  0.999999  0.001028  -0.000118  -0.001028  0.999999  0.000085  0.000118  -0.000085  1.000000  1.000000  0.000000  0.000000  0.000000  1.000000  0.000000  0.000000  0.000000  1.000000  0.999981  0.005038  0.003658  -0.005041  0.999987  0.000696  -0.003654  -0.000715  0.999993  0.000000  0.000000  
12.732732 0.000633  0.092759  0.006904  0.991371  0.103393  -0.080578  -0.101791  0.994522  0.023759  0.082593  -0.015351  0.996465  -0.002208  -0.001981  0.011802  0.000000  0.000000  0.000000  2.000000  0.999981  0.005038  0.003658  -0.005041  0.999987  0.000696  -0.003654  -0.000715  0.999993  0.999999  0.001028  -0.000118  -0.001028  0.999999  0.000085  0.000118  -0.000085  1.000000  1.000000  0.000000  0.000000  0.000000  1.000000  0.000000  0.000000  0.000000  1.000000  0.999981  0.005038  0.003658  -0.005041  0.999987  0.000696  -0.003654  -0.000715  0.999993  0.000000  0.000000  
12.733978 0.000631  0.092759  0.006920  0.991371  0.103393  -0.080578  -0.101791  0.994522  0.023759  0.082593  -0.015351  0.996465  -0.002088  -0.001739  0.011885  0.000000  0.000000  0.000000  2.000000  0.999981  0.005038  0.003658  -0.005041  0.999987  0.000696  -0.003654  -0.000715  0.999993  0.999999  0.001028  -0.000118  -0.001028  0.999999  0.000085  0.000118  -0.000085  1.000000  1.000000  0.000000  0.000000  0.000000  1.000000  0.000000  0.000000  0.000000  1.000000  0.999981  0.005038  0.003658  -0.005041  0.999987  0.000696  -0.003654  -0.000715  0.999993  0.000000  0.000000  
12.735019 0.000630  0.092758  0.006932  0.991371  0.103393  -0.080578  -0.101791  0.994522  0.023759  0.082593  -0.015351  0.996465  -0.001941  -0.001534  0.011985  0.000000  0.000000  0.000000  2.000000  0.999981  0.005038  0.003658  -0.005041  0.999987  0.000696  -0.003654  -0.000715  0.999993  0.999999  0.001028  -0.000118  -0.001028  0.999999  0.000085  0.000118  -0.000085  1.000000  1.000000  0.000000  0.000000  0.000000  1.000000  0.000000  0.000000  0.000000  1.000000  0.999981  0.005038  0.003658  -0.005041  0.999987  0.000696  -0.003654  -0.000715  0.999993  0.000000  0.000000  
12.736237 0.000628  0.092758  0.006947  0.991350  0.103598  -0.080573  -0.101995  0.994501  0.023775  0.082593  -0.015351  0.996465  -0.001811  -0.001258  0.012100  0.000000  0.000000  0.000000  2.000000  0.999981  0.005038  0.003658  -0.005041  0.999987  0.000696  -0.003654  -0.000715  0.999993  0.999999  0.001028  -0.000118  -0.001028  0.999999  0.000085  0.000118  -0.000085  1.000000  1.000000  0.000000  0.000000  0.000000  1.000000  0.000000  0.000000  0.000000  1.000000  0.999981  0.005038  0.003658  -0.005041  0.999987  0.000696  -0.003654  -0.000715  0.999993  0.000000  0.000000  
12.737478 0.000626  0.092759  0.006962  0.991350  0.103598  -0.080573  -0.101995  0.994501  0.023775  0.082593  -0.015351  0.996465  -0.001728  -0.001055  0.012167  0.000000  0.000000  0.000000  2.000000  0.999981  0.005038  0.003658  -0.005041  0.999987  0.000696  -0.003654  -0.000715  0.999993  0.999999  0.001030  -0.000252  -0.001030  0.999999  0.000206  0.000252  -0.000206  1.000000  1.000000  0.000000  0.000000  0.000000  1.000000  0.000000  0.000000  0.000000  1.000000  0.999981  0.005038  0.003658  -0.005041  0.999987  0.000696  -0.003654  -0.000715  0.999993  0.000000  0.000000  
12.738729 0.000624  0.092758  0.006977  0.991350  0.103598  -0.080573  -0.101995  0.994501  0.023775  0.082593  -0.015351  0.996465  -0.001697  -0.000876  0.012241  0.000000  0.000000  0.000000  2.000000  0.999981  0.005038  0.003658  -0.005041  0.999987  0.000696  -0.003654  -0.000715  0.999993  1.000000  0.000825  -0.000255  -0.000825  1.000000  0.000189  0.000255  -0.000189  1.000000  1.000000  0.000000  0.000000  0.000000  1.000000  0.000000  0.000000  0.000000  1.000000  0.999981  0.005038  0.003658  -0.005041  0.999987  0.000696  -0.003654  -0.000715  0.999993  0.000000  0.000000  
12.739978 0.000621  0.092758  0.006991  0.991329  0.103802  -0.080569  -0.102199  0.994479  0.023792  0.082593  -0.015351  0.996465  -0.001704  -0.000717  0.012189  0.000000  0.000000  0.000000  2.000000  0.999981  0.005038  0.003658  -0.005041  0.999987  0.000696  -0.003654  -0.000715  0.999993  0.999999  0.001030  -0.000252  -0.001030  0.999999  0.000206  0.000252  -0.000206  1.000000  1.000000  0.000000  0.000000  0.000000  1.000000  0.000000  0.000000  0.000000  1.000000  0.999981  0.005038  0.003658  -0.005041  0.999987  0.000696  -0.003654  -0.000715  0.999993  0.000000  0.000000  
12.741226 0.000619  0.092759  0.007005  0.991329  0.103802  -0.080569  -0.102199  0.994479  0.023792  0.082593  -0.015351  0.996465  -0.001684  -0.000516  0.012147  0.000000  0.000000  0.000000  2.000000  0.999981  0.005038  0.003658  -0.005041  0.999987  0.000696  -0.003654  -0.000715  0.999993  0.999999  0.001030  -0.000252  -0.001030  0.999999  0.000206  0.000252  -0.000206  1.000000  1.000000  0.000000  0.000000  0.000000  1.000000  0.000000  0.000000  0.000000  1.000000  0.999981  0.005038  0.003658  -0.005041  0.999987  0.000696  -0.003654  -0.000715  0.999993  0.000000  0.000000  
12.742232 0.000616  0.092760  0.007017  0.991329  0.103812  -0.080556  -0.102199  0.994477  0.023912  0.082593  -0.015472  0.996463  -0.001695  -0.000348  0.012099  0.000000  0.000000  0.000000  2.000000  0.999981  0.005038  0.003658  -0.005041  0.999987  0.000696  -0.003654  -0.000715  0.999993  0.999999  0.001030  -0.000252  -0.001030  0.999999  0.000206  0.000252  -0.000206  1.000000  1.000000  0.000000  0.000000  0.000000  1.000000  0.000000  0.000000  0.000000  1.000000  0.999981  0.005038  0.003658  -0.005041  0.999987  0.000696  -0.003654  -0.000715  0.999993  0.000000  0.000000  
12.743481 0.000614  0.092761  0.007031  0.991308  0.104017  -0.080551  -0.102403  0.994455  0.023929  0.082593  -0.015472  0.996463  -0.001752  -0.000189  0.012043  0.000000  0.000000  0.000000  2.000000  0.999981  0.005038  0.003658  -0.005041  0.999987  0.000696  -0.003654  -0.000715  0.999993  1.000000  0.000825  -0.000255  -0.000825  1.000000  0.000311  0.000255  -0.000310  1.000000  1.000000  0.000000  0.000000  0.000000  1.000000  0.000000  0.000000  0.000000  1.000000  0.999981  0.005038  0.003658  -0.005041  0.999987  0.000696  -0.003654  -0.000715  0.999993  0.000000  0.000000  
