1-Time 2-Px 3-Py 4-Pz 5-R11 6-R21 7-R31 8-R12 9-R22 10-R32 11-R13 12-R23 13-R33 14-Vx 15-Vy 16-Vz 17-Wx 18-Wy 19-Wz 20-state 21-PR11 22-PR21 23-PR31 24-PR12 25-PR22 26-PR32 27-PR13 28-PR23 29-PR33 
201.826278 -0.004875  0.086935  0.008522  0.999739  0.022849  0.000315  -0.022850  0.999414  0.025469  0.000268  -0.025470  0.999676  0.003301  0.003670  0.001063  0.000000  0.000000  0.000000  2.000000  1.000000  0.000000  0.000000  -0.000000  1.000000  0.000000  0.000000  -0.000000  1.000000  1.000000  0.000206  0.000005  -0.000206  1.000000  0.000000  -0.000005  -0.000000  1.000000  1.000000  0.000000  0.000000  0.000000  1.000000  0.000000  0.000000  0.000000  1.000000  0.665464  0.719755  -0.197766  -0.720817  0.688474  0.080171  0.193860  0.089203  0.976965  0.000000  0.000000  
201.827538 -0.004872  0.086940  0.008524  0.999739  0.022849  0.000315  -0.022850  0.999414  0.025469  0.000268  -0.025470  0.999676  0.003274  0.003657  0.001130  0.000000  0.000000  0.000000  2.000000  1.000000  0.000000  0.000000  0.000000  1.000000  0.000000  0.000000  0.000000  1.000000  1.000000  0.000206  0.000005  -0.000206  1.000000  0.000000  -0.000005  -0.000000  1.000000  1.000000  0.000000  0.000000  0.000000  1.000000  0.000000  0.000000  0.000000  1.000000  1.000000  0.000000  0.000000  0.000000  1.000000  0.000000  0.000000  0.000000  1.000000  0.000000  0.000000  
201.828775 -0.004869  0.086942  0.008527  0.999739  0.022849  0.000315  -0.022850  0.999414  0.025469  0.000268  -0.025470  0.999676  0.003223  0.003539  0.001254  0.000000  0.000000  0.000000  2.000000  1.000000  0.000000  0.000000  0.000000  1.000000  0.000000  0.000000  0.000000  1.000000  1.000000  0.000206  0.000005  -0.000206  1.000000  0.000000  -0.000005  -0.000000  1.000000  1.000000  0.000000  0.000000  0.000000  1.000000  0.000000  0.000000  0.000000  1.000000  1.000000  0.000000  0.000000  0.000000  1.000000  0.000000  0.000000  0.000000  1.000000  0.000000  0.000000  
201.830027 -0.004867  0.086943  0.008531  0.999734  0.023055  0.000323  -0.023056  0.999407  0.025590  0.000268  -0.025591  0.999672  0.003093  0.003314  0.001430  0.000000  0.000000  0.000000  2.000000  1.000000  0.000000  0.000000  0.000000  1.000000  0.000000  0.000000  0.000000  1.000000  1.000000  0.000412  0.000011  -0.000412  1.000000  0.000121  -0.000010  -0.000121  1.000000  1.000000  0.000000  0.000000  0.000000  1.000000  0.000000  0.000000  0.000000  1.000000  1.000000  0.000000  0.000000  0.000000  1.000000  0.000000  0.000000  0.000000  1.000000  0.000000  0.000000  
201.831030 -0.004865  0.086944  0.008535  0.999734  0.023055  0.000325  -0.023056  0.999404  0.025711  0.000268  -0.025712  0.999669  0.002990  0.003136  0.001613  0.000000  0.000000  0.000000  2.000000  1.000000  0.000000  0.000000  0.000000  1.000000  0.000000  0.000000  0.000000  1.000000  1.000000  0.000412  0.000011  -0.000412  1.000000  0.000121  -0.000010  -0.000121  1.000000  1.000000  0.000000  0.000000  0.000000  1.000000  0.000000  0.000000  0.000000  1.000000  1.000000  0.000000  0.000000  0.000000  1.000000  0.000000  0.000000  0.000000  1.000000  0.000000  0.000000  
201.832276 -0.004863  0.086944  0.008540  0.999729  0.023261  0.000331  -0.023261  0.999399  0.025711  0.000268  -0.025712  0.999669  0.002860  0.002851  0.001854  0.000000  0.000000  0.000000  2.000000  1.000000  0.000000  0.000000  0.000000  1.000000  0.000000  0.000000  0.000000  1.000000  1.000000  0.000412  0.000011  -0.000412  1.000000  0.000243  -0.000010  -0.000243  1.000000  1.000000  0.000000  0.000000  0.000000  1.000000  0.000000  0.000000  0.000000  1.000000  1.000000  0.000000  0.000000  0.000000  1.000000  0.000000  0.000000  0.000000  1.000000  0.000000  0.000000  
201.833529 -0.004862  0.086944  0.008545  0.999729  0.023264  0.000200  -0.023261  0.999396  0.025836  0.000401  -0.025833  0.999666  0.002684  0.002547  0.002102  0.000000  0.000000  0.000000  2.000000  1.000000  0.000000  0.000000  0.000000  1.000000  0.000000  0.000000  0.000000  1.000000  1.000000  0.000621  -0.000118  -0.000621  1.000000  0.000364  0.000118  -0.000364  1.000000  1.000000  0.000000  0.000000  0.000000  1.000000  0.000000  0.000000  0.000000  1.000000  1.000000  0.000000  0.000000  0.000000  1.000000  0.000000  0.000000  0.000000  1.000000  0.000000  0.000000  
201.834776 -0.004861  0.086944  0.008550  0.999725  0.023470  0.000208  -0.023467  0.999388  0.025957  0.000401  -0.025955  0.999663  0.002413  0.002226  0.002353  0.000000  0.000000  0.000000  2.000000  1.000000  0.000000  0.000000  0.000000  1.000000  0.000000  0.000000  0.000000  1.000000  1.000000  0.000827  -0.000112  -0.000827  1.000000  0.000486  0.000113  -0.000485  1.000000  1.000000  0.000000  0.000000  0.000000  1.000000  0.000000  0.000000  0.000000  1.000000  1.000000  0.000000  0.000000  0.000000  1.000000  0.000000  0.000000  0.000000  1.000000  0.000000  0.000000  
201.836019 -0.004859  0.086945  0.008555  0.999725  0.023470  0.000211  -0.023467  0.999384  0.026078  0.000401  -0.026076  0.999660  0.002265  0.001969  0.002610  0.000000  0.000000  0.000000  2.000000  1.000000  0.000000  0.000000  0.000000  1.000000  0.000000  0.000000  0.000000  1.000000  1.000000  0.000827  -0.000112  -0.000827  0.999999  0.000607  0.000113  -0.000607  1.000000  1.000000  0.000000  0.000000  0.000000  1.000000  0.000000  0.000000  0.000000  1.000000  1.000000  0.000000  0.000000  0.000000  1.000000  0.000000  0.000000  0.000000  1.000000  0.000000  0.000000  
201.837021 -0.004858  0.086945  0.008559  0.999720  0.023675  0.000219  -0.023673  0.999376  0.026199  0.000401  -0.026197  0.999657  0.002167  0.001770  0.002808  0.000000  0.000000  0.000000  2.000000  1.000000  0.000000  0.000000  0.000000  1.000000  0.000000  0.000000  0.000000  1.000000  0.999999  0.001033  -0.000107  -0.001032  0.999999  0.000728  0.000108  -0.000728  1.000000  1.000000  0.000000  0.000000  0.000000  1.000000  0.000000  0.000000  0.000000  1.000000  1.000000  0.000000  0.000000  0.000000  1.000000  0.000000  0.000000  0.000000  1.000000  0.000000  0.000000  
201.838273 -0.004856  0.086946  0.008563  0.999715  0.023881  0.000227  -0.023879  0.999368  0.026320  0.000401  -0.026318  0.999654  0.001961  0.001501  0.002971  0.000000  0.000000  0.000000  2.000000  1.000000  0.000000  0.000000  0.000000  1.000000  0.000000  0.000000  0.000000  1.000000  0.999999  0.001033  -0.000107  -0.001032  0.999999  0.000849  0.000108  -0.000849  1.000000  1.000000  0.000000  0.000000  0.000000  1.000000  0.000000  0.000000  0.000000  1.000000  1.000000  0.000000  0.000000  0.000000  1.000000  0.000000  0.000000  0.000000  1.000000  0.000000  0.000000  
201.839520 -0.004856  0.086947  0.008569  0.999715  0.023878  0.000364  -0.023879  0.999365  0.026439  0.000268  -0.026440  0.999650  0.001707  0.001210  0.003270  0.000000  0.000000  0.000000  2.000000  1.000000  0.000000  0.000000  0.000000  1.000000  0.000000  0.000000  0.000000  1.000000  0.999999  0.001238  -0.000101  -0.001238  0.999999  0.000850  0.000102  -0.000849  1.000000  1.000000  0.000000  0.000000  0.000000  1.000000  0.000000  0.000000  0.000000  1.000000  1.000000  0.000000  0.000000  0.000000  1.000000  0.000000  0.000000  0.000000  1.000000  0.000000  0.000000  
201.840525 -0.004855  0.086947  0.008573  0.999710  0.024083  0.000369  -0.024085  0.999360  0.026438  0.000268  -0.026440  0.999650  0.001487  0.000946  0.003461  0.000000  0.000000  0.000000  2.000000  1.000000  0.000000  0.000000  0.000000  1.000000  0.000000  0.000000  0.000000  1.000000  0.999999  0.001441  0.000038  -0.001441  0.999998  0.000971  -0.000037  -0.000971  1.000000  1.000000  0.000000  0.000000  0.000000  1.000000  0.000000  0.000000  0.000000  1.000000  1.000000  0.000000  0.000000  0.000000  1.000000  0.000000  0.000000  0.000000  1.000000  0.000000  0.000000  
201.841773 -0.004855  0.086947  0.008579  0.999710  0.024083  0.000372  -0.024085  0.999357  0.026560  0.000268  -0.026561  0.999647  0.001220  0.000600  0.003722  0.000000  0.000000  0.000000  2.000000  1.000000  0.000000  0.000000  0.000000  1.000000  0.000000  0.000000  0.000000  1.000000  0.999999  0.001441  0.000038  -0.001441  0.999998  0.001092  -0.000037  -0.001092  0.999999  1.000000  0.000000  0.000000  0.000000  1.000000  0.000000  0.000000  0.000000  1.000000  1.000000  0.000000  0.000000  0.000000  1.000000  0.000000  0.000000  0.000000  1.000000  0.000000  0.000000  
201.842773 -0.004856  0.086945  0.008583  0.999705  0.024289  0.000378  -0.024290  0.999352  0.026560  0.000268  -0.026561  0.999647  0.000961  0.000298  0.003937  0.000000  0.000000  0.000000  2.000000  1.000000  0.000000  0.000000  0.000000  1.000000  0.000000  0.000000  0.000000  1.000000  0.999999  0.001646  0.000044  -0.001646  0.999998  0.001092  -0.000042  -0.001092  0.999999  1.000000  0.000000  0.000000  0.000000  1.000000  0.000000  0.000000  0.000000  1.000000  1.000000  0.000000  0.000000  0.000000  1.000000  0.000000  0.000000  0.000000  1.000000  0.000000  0.000000  
201.843774 -0.004857  0.086943  0.008588  0.999705  0.024289  0.000381  -0.024290  0.999349  0.026681  0.000268  -0.026682  0.999644  0.000808  0.000055  0.004083  0.000000  0.000000  0.000000  2.000000  1.000000  0.000000  0.000000  0.000000  1.000000  0.000000  0.000000  0.000000  1.000000  0.999999  0.001646  0.000044  -0.001646  0.999998  0.001213  -0.000042  -0.001213  0.999999  1.000000  0.000000  0.000000  0.000000  1.000000  0.000000  0.000000  0.000000  1.000000  1.000000  0.000000  0.000000  0.000000  1.000000  0.000000  0.000000  0.000000  1.000000  0.000000  0.000000  
201.844811 -0.004858  0.086940  0.008594  0.999700  0.024495  0.000386  -0.024496  0.999344  0.026681  0.000268  -0.026682  0.999644  0.000595  -0.000219  0.004247  0.000000  0.000000  0.000000  2.000000  1.000000  0.000000  0.000000  0.000000  1.000000  0.000000  0.000000  0.000000  1.000000  0.999999  0.001646  0.000044  -0.001646  0.999998  0.001213  -0.000042  -0.001213  0.999999  1.000000  0.000000  0.000000  0.000000  1.000000  0.000000  0.000000  0.000000  1.000000  1.000000  0.000000  0.000000  0.000000  1.000000  0.000000  0.000000  0.000000  1.000000  0.000000  0.000000  
201.846020 -0.004859  0.086937  0.008601  0.999700  0.024495  0.000392  -0.024496  0.999337  0.026923  0.000268  -0.026925  0.999637  0.000409  -0.000495  0.004421  0.000000  0.000000  0.000000  2.000000  1.000000  0.000000  0.000000  0.000000  1.000000  0.000000  0.000000  0.000000  1.000000  0.999999  0.001646  0.000044  -0.001646  0.999998  0.001335  -0.000042  -0.001335  0.999999  1.000000  0.000000  0.000000  0.000000  1.000000  0.000000  0.000000  0.000000  1.000000  1.000000  0.000000  0.000000  0.000000  1.000000  0.000000  0.000000  0.000000  1.000000  0.000000  0.000000  
201.847029 -0.004859  0.086933  0.008606  0.999695  0.024700  0.000401  -0.024702  0.999329  0.027044  0.000268  -0.027046  0.999634  0.000231  -0.000773  0.004502  0.000000  0.000000  0.000000  2.000000  1.000000  0.000000  0.000000  0.000000  1.000000  0.000000  0.000000  0.000000  1.000000  0.999998  0.001852  0.000050  -0.001852  0.999997  0.001456  -0.000047  -0.001456  0.999999  1.000000  0.000000  0.000000  0.000000  1.000000  0.000000  0.000000  0.000000  1.000000  1.000000  0.000000  0.000000  0.000000  1.000000  0.000000  0.000000  0.000000  1.000000  0.000000  0.000000  
201.848274 -0.004860  0.086928  0.008613  0.999695  0.024704  0.000270  -0.024702  0.999326  0.027169  0.000401  -0.027167  0.999631  0.000105  -0.001055  0.004617  0.000000  0.000000  0.000000  2.000000  1.000000  0.000000  0.000000  0.000000  1.000000  0.000000  0.000000  0.000000  1.000000  0.999998  0.001852  0.000050  -0.001852  0.999997  0.001699  -0.000047  -0.001699  0.999999  1.000000  0.000000  0.000000  0.000000  1.000000  0.000000  0.000000  0.000000  1.000000  1.000000  0.000000  0.000000  0.000000  1.000000  0.000000  0.000000  0.000000  1.000000  0.000000  0.000000  
201.849274 -0.004861  0.086924  0.008618  0.999690  0.024909  0.000279  -0.024908  0.999317  0.027290  0.000401  -0.027288  0.999628  0.000054  -0.001328  0.004666  0.000000  0.000000  0.000000  2.000000  1.000000  0.000000  0.000000  0.000000  1.000000  0.000000  0.000000  0.000000  1.000000  0.999998  0.002062  -0.000078  -0.002061  0.999996  0.001820  0.000081  -0.001820  0.999998  1.000000  0.000000  0.000000  0.000000  1.000000  0.000000  0.000000  0.000000  1.000000  1.000000  0.000000  0.000000  0.000000  1.000000  0.000000  0.000000  0.000000  1.000000  0.000000  0.000000  
201.850535 -0.004861  0.086920  0.008625  0.999690  0.024909  0.000285  -0.024908  0.999311  0.027532  0.000401  -0.027531  0.999621  -0.000082  -0.001626  0.004817  0.000000  0.000000  0.000000  2.000000  1.000000  0.000000  0.000000  0.000000  1.000000  0.000000  0.000000  0.000000  1.000000  0.999998  0.001856  -0.000083  -0.001856  0.999997  0.001820  0.000086  -0.001820  0.999998  1.000000  0.000000  0.000000  0.000000  1.000000  0.000000  0.000000  0.000000  1.000000  1.000000  0.000000  0.000000  0.000000  1.000000  0.000000  0.000000  0.000000  1.000000  0.000000  0.000000  
201.851538 -0.004860  0.086918  0.008630  0.999690  0.024913  0.000154  -0.024908  0.999307  0.027657  0.000535  -0.027652  0.999617  -0.000086  -0.001816  0.004859  0.000000  0.000000  0.000000  2.000000  1.000000  0.000000  0.000000  0.000000  1.000000  0.000000  0.000000  0.000000  1.000000  0.999998  0.001856  -0.000083  -0.001856  0.999997  0.001820  0.000086  -0.001820  0.999998  1.000000  0.000000  0.000000  0.000000  1.000000  0.000000  0.000000  0.000000  1.000000  1.000000  0.000000  0.000000  0.000000  1.000000  0.000000  0.000000  0.000000  1.000000  0.000000  0.000000  
201.852771 -0.004859  0.086914  0.008635  0.999684  0.025119  0.000163  -0.025114  0.999299  0.027778  0.000535  -0.027773  0.999614  -0.000150  -0.002171  0.004954  0.000000  0.000000  0.000000  2.000000  1.000000  0.000000  0.000000  0.000000  1.000000  0.000000  0.000000  0.000000  1.000000  0.999998  0.002065  -0.000210  -0.002065  0.999996  0.002063  0.000215  -0.002063  0.999998  1.000000  0.000000  0.000000  0.000000  1.000000  0.000000  0.000000  0.000000  1.000000  1.000000  0.000000  0.000000  0.000000  1.000000  0.000000  0.000000  0.000000  1.000000  0.000000  0.000000  
201.853772 -0.004859  0.086911  0.008640  0.999684  0.025119  0.000166  -0.025114  0.999295  0.027899  0.000535  -0.027895  0.999611  -0.000187  -0.002353  0.004957  0.000000  0.000000  0.000000  2.000000  1.000000  0.000000  0.000000  0.000000  1.000000  0.000000  0.000000  0.000000  1.000000  0.999998  0.001860  -0.000216  -0.001859  0.999996  0.002063  0.000220  -0.002063  0.999998  1.000000  0.000000  0.000000  0.000000  1.000000  0.000000  0.000000  0.000000  1.000000  1.000000  0.000000  0.000000  0.000000  1.000000  0.000000  0.000000  0.000000  1.000000  0.000000  0.000000  
201.855021 -0.004858  0.086908  0.008645  0.999679  0.025321  0.000308  -0.025319  0.999287  0.028017  0.000401  -0.028016  0.999607  -0.000194  -0.002637  0.004926  0.000000  0.000000  0.000000  2.000000  1.000000  0.000000  0.000000  0.000000  1.000000  0.000000  0.000000  0.000000  1.000000  0.999999  0.001646  0.000046  -0.001646  0.999997  0.002063  -0.000043  -0.002063  0.999998  1.000000  0.000000  0.000000  0.000000  1.000000  0.000000  0.000000  0.000000  1.000000  1.000000  0.000000  0.000000  0.000000  1.000000  0.000000  0.000000  0.000000  1.000000  0.000000  0.000000  
201.856272 -0.004858  0.086904  0.008649  0.999679  0.025321  0.000311  -0.025319  0.999283  0.028138  0.000401  -0.028137  0.999604  -0.000191  -0.002906  0.004856  0.000000  0.000000  0.000000  2.000000  1.000000  0.000000  0.000000  0.000000  1.000000  0.000000  0.000000  0.000000  1.000000  0.999998  0.001852  0.000052  -0.001852  0.999996  0.002063  -0.000048  -0.002063  0.999998  1.000000  0.000000  0.000000  0.000000  1.000000  0.000000  0.000000  0.000000  1.000000  1.000000  0.000000  0.000000  0.000000  1.000000  0.000000  0.000000  0.000000  1.000000  0.000000  0.000000  
201.857274 -0.004858  0.086901  0.008652  0.999679  0.025321  0.000311  -0.025319  0.999283  0.028138  0.000401  -0.028137  0.999604  -0.000150  -0.003023  0.004776  0.000000  0.000000  0.000000  2.000000  1.000000  0.000000  0.000000  0.000000  1.000000  0.000000  0.000000  0.000000  1.000000  0.999999  0.001646  0.000046  -0.001646  0.999997  0.001941  -0.000043  -0.001941  0.999998  1.000000  0.000000  0.000000  0.000000  1.000000  0.000000  0.000000  0.000000  1.000000  1.000000  0.000000  0.000000  0.000000  1.000000  0.000000  0.000000  0.000000  1.000000  0.000000  0.000000  
201.858526 -0.004857  0.086897  0.008657  0.999674  0.025523  0.000454  -0.025525  0.999275  0.028256  0.000268  -0.028258  0.999601  -0.000019  -0.003089  0.004658  0.000000  0.000000  0.000000  2.000000  1.000000  0.000000  0.000000  0.000000  1.000000  0.000000  0.000000  0.000000  1.000000  0.999998  0.001848  0.000186  -0.001849  0.999996  0.001941  -0.000183  -0.001942  0.999998  1.000000  0.000000  0.000000  0.000000  1.000000  0.000000  0.000000  0.000000  1.000000  1.000000  0.000000  0.000000  0.000000  1.000000  0.000000  0.000000  0.000000  1.000000  0.000000  0.000000  
201.859772 -0.004856  0.086893  0.008661  0.999674  0.025523  0.000457  -0.025525  0.999271  0.028377  0.000268  -0.028380  0.999597  0.000127  -0.003114  0.004473  0.000000  0.000000  0.000000  2.000000  1.000000  0.000000  0.000000  0.000000  1.000000  0.000000  0.000000  0.000000  1.000000  0.999999  0.001643  0.000180  -0.001643  0.999997  0.002062  -0.000177  -0.002063  0.999998  1.000000  0.000000  0.000000  0.000000  1.000000  0.000000  0.000000  0.000000  1.000000  1.000000  0.000000  0.000000  0.000000  1.000000  0.000000  0.000000  0.000000  1.000000  0.000000  0.000000  
201.860780 -0.004855  0.086891  0.008664  0.999674  0.025522  0.000460  -0.025525  0.999268  0.028498  0.000268  -0.028501  0.999594  0.000278  -0.003113  0.004270  0.000000  0.000000  0.000000  2.000000  1.000000  0.000000  0.000000  0.000000  1.000000  0.000000  0.000000  0.000000  1.000000  0.999999  0.001441  0.000041  -0.001441  0.999997  0.001941  -0.000038  -0.001941  0.999998  1.000000  0.000000  0.000000  0.000000  1.000000  0.000000  0.000000  0.000000  1.000000  1.000000  0.000000  0.000000  0.000000  1.000000  0.000000  0.000000  0.000000  1.000000  0.000000  0.000000  
201.862026 -0.004853  0.086886  0.008669  0.999669  0.025728  0.000469  -0.025731  0.999259  0.028620  0.000268  -0.028622  0.999590  0.000405  -0.003102  0.004170  0.000000  0.000000  0.000000  2.000000  1.000000  0.000000  0.000000  0.000000  1.000000  0.000000  0.000000  0.000000  1.000000  0.999999  0.001646  0.000047  -0.001646  0.999997  0.002062  -0.000044  -0.002063  0.999998  1.000000  0.000000  0.000000  0.000000  1.000000  0.000000  0.000000  0.000000  1.000000  1.000000  0.000000  0.000000  0.000000  1.000000  0.000000  0.000000  0.000000  1.000000  0.000000  0.000000  
201.863274 -0.004852  0.086882  0.008673  0.999664  0.025934  0.000478  -0.025937  0.999250  0.028741  0.000268  -0.028743  0.999587  0.000577  -0.003081  0.004023  0.000000  0.000000  0.000000  2.000000  1.000000  0.000000  0.000000  0.000000  1.000000  0.000000  0.000000  0.000000  1.000000  0.999999  0.001441  0.000041  -0.001441  0.999997  0.002062  -0.000038  -0.002062  0.999998  1.000000  0.000000  0.000000  0.000000  1.000000  0.000000  0.000000  0.000000  1.000000  1.000000  0.000000  0.000000  0.000000  1.000000  0.000000  0.000000  0.000000  1.000000  0.000000  0.000000  
201.864527 -0.004850  0.086878  0.008678  0.999664  0.025934  0.000481  -0.025937  0.999247  0.028862  0.000268  -0.028865  0.999583  0.000708  -0.003052  0.003885  0.000000  0.000000  0.000000  2.000000  1.000000  0.000000  0.000000  0.000000  1.000000  0.000000  0.000000  0.000000  1.000000  0.999999  0.001646  0.000048  -0.001646  0.999996  0.002184  -0.000044  -0.002184  0.999998  1.000000  0.000000  0.000000  0.000000  1.000000  0.000000  0.000000  0.000000  1.000000  1.000000  0.000000  0.000000  0.000000  1.000000  0.000000  0.000000  0.000000  1.000000  0.000000  0.000000  
201.865771 -0.004847  0.086874  0.008683  0.999658  0.026139  0.000490  -0.026143  0.999238  0.028983  0.000268  -0.028986  0.999580  0.000889  -0.003034  0.003795  0.000000  0.000000  0.000000  2.000000  1.000000  0.000000  0.000000  0.000000  1.000000  0.000000  0.000000  0.000000  1.000000  0.999999  0.001440  0.000042  -0.001441  0.999997  0.002184  -0.000039  -0.002184  0.999998  1.000000  0.000000  0.000000  0.000000  1.000000  0.000000  0.000000  0.000000  1.000000  1.000000  0.000000  0.000000  0.000000  1.000000  0.000000  0.000000  0.000000  1.000000  0.000000  0.000000  
201.866774 -0.004845  0.086871  0.008687  0.999658  0.026139  0.000494  -0.026143  0.999234  0.029104  0.000268  -0.029107  0.999576  0.000974  -0.003089  0.003709  0.000000  0.000000  0.000000  2.000000  1.000000  0.000000  0.000000  0.000000  1.000000  0.000000  0.000000  0.000000  1.000000  0.999999  0.001646  0.000048  -0.001646  0.999996  0.002184  -0.000044  -0.002184  0.999998  1.000000  0.000000  0.000000  0.000000  1.000000  0.000000  0.000000  0.000000  1.000000  1.000000  0.000000  0.000000  0.000000  1.000000  0.000000  0.000000  0.000000  1.000000  0.000000  0.000000  
201.867775 -0.004843  0.086868  0.008690  0.999653  0.026349  0.000369  -0.026348  0.999225  0.029229  0.000401  -0.029228  0.999573  0.001052  -0.003101  0.003657  0.000000  0.000000  0.000000  2.000000  1.000000  0.000000  0.000000  0.000000  1.000000  0.000000  0.000000  0.000000  1.000000  0.999999  0.001650  -0.000086  -0.001650  0.999996  0.002184  0.000089  -0.002184  0.999998  1.000000  0.000000  0.000000  0.000000  1.000000  0.000000  0.000000  0.000000  1.000000  1.000000  0.000000  0.000000  0.000000  1.000000  0.000000  0.000000  0.000000  1.000000  0.000000  0.000000  
201.869021 -0.004841  0.086863  0.008694  0.999653  0.026349  0.000372  -0.026348  0.999222  0.029350  0.000401  -0.029350  0.999569  0.001189  -0.003199  0.003563  0.000000  0.000000  0.000000  2.000000  1.000000  0.000000  0.000000  0.000000  1.000000  0.000000  0.000000  0.000000  1.000000  0.999999  0.001646  0.000048  -0.001646  0.999996  0.002184  -0.000045  -0.002184  0.999998  1.000000  0.000000  0.000000  0.000000  1.000000  0.000000  0.000000  0.000000  1.000000  1.000000  0.000000  0.000000  0.000000  1.000000  0.000000  0.000000  0.000000  1.000000  0.000000  0.000000  
201.870023 -0.004839  0.086859  0.008697  0.999647  0.026555  0.000378  -0.026554  0.999216  0.029350  0.000401  -0.029350  0.999569  0.001287  -0.003239  0.003497  0.000000  0.000000  0.000000  2.000000  1.000000  0.000000  0.000000  0.000000  1.000000  0.000000  0.000000  0.000000  1.000000  0.999999  0.001646  0.000048  -0.001646  0.999997  0.002063  -0.000045  -0.002063  0.999998  1.000000  0.000000  0.000000  0.000000  1.000000  0.000000  0.000000  0.000000  1.000000  1.000000  0.000000  0.000000  0.000000  1.000000  0.000000  0.000000  0.000000  1.000000  0.000000  0.000000  
201.871026 -0.004837  0.086855  0.008699  0.999647  0.026555  0.000381  -0.026554  0.999213  0.029471  0.000401  -0.029471  0.999566  0.001430  -0.003261  0.003424  0.000000  0.000000  0.000000  2.000000  1.000000  0.000000  0.000000  0.000000  1.000000  0.000000  0.000000  0.000000  1.000000  0.999999  0.001646  0.000049  -0.001646  0.999997  0.002063  -0.000045  -0.002063  0.999998  1.000000  0.000000  0.000000  0.000000  1.000000  0.000000  0.000000  0.000000  1.000000  1.000000  0.000000  0.000000  0.000000  1.000000  0.000000  0.000000  0.000000  1.000000  0.000000  0.000000  
201.872267 -0.004834  0.086852  0.008703  0.999642  0.026756  0.000525  -0.026760  0.999204  0.029589  0.000268  -0.029592  0.999562  0.001592  -0.003273  0.003354  0.000000  0.000000  0.000000  2.000000  1.000000  0.000000  0.000000  0.000000  1.000000  0.000000  0.000000  0.000000  1.000000  0.999998  0.001844  0.000322  -0.001845  0.999996  0.001941  -0.000319  -0.001942  0.999998  1.000000  0.000000  0.000000  0.000000  1.000000  0.000000  0.000000  0.000000  1.000000  1.000000  0.000000  0.000000  0.000000  1.000000  0.000000  0.000000  0.000000  1.000000  0.000000  0.000000  
201.873270 -0.004831  0.086849  0.008704  0.999636  0.026962  0.000531  -0.026966  0.999198  0.029589  0.000268  -0.029592  0.999562  0.001744  -0.003296  0.003213  0.000000  0.000000  0.000000  2.000000  1.000000  0.000000  0.000000  0.000000  1.000000  0.000000  0.000000  0.000000  1.000000  0.999998  0.001844  0.000322  -0.001845  0.999997  0.001820  -0.000319  -0.001820  0.999998  1.000000  0.000000  0.000000  0.000000  1.000000  0.000000  0.000000  0.000000  1.000000  1.000000  0.000000  0.000000  0.000000  1.000000  0.000000  0.000000  0.000000  1.000000  0.000000  0.000000  
201.874525 -0.004827  0.086846  0.008707  0.999636  0.026962  0.000534  -0.026966  0.999195  0.029710  0.000268  -0.029713  0.999558  0.001915  -0.003214  0.003126  0.000000  0.000000  0.000000  2.000000  1.000000  0.000000  0.000000  0.000000  1.000000  0.000000  0.000000  0.000000  1.000000  0.999998  0.001844  0.000323  -0.001845  0.999997  0.001820  -0.000319  -0.001820  0.999998  1.000000  0.000000  0.000000  0.000000  1.000000  0.000000  0.000000  0.000000  1.000000  1.000000  0.000000  0.000000  0.000000  1.000000  0.000000  0.000000  0.000000  1.000000  0.000000  0.000000  
201.875528 -0.004825  0.086843  0.008709  0.999631  0.027168  0.000540  -0.027172  0.999189  0.029710  0.000268  -0.029713  0.999558  0.002039  -0.003205  0.003025  0.000000  0.000000  0.000000  2.000000  1.000000  0.000000  0.000000  0.000000  1.000000  0.000000  0.000000  0.000000  1.000000  0.999998  0.001848  0.000189  -0.001848  0.999997  0.001699  -0.000186  -0.001699  0.999999  1.000000  0.000000  0.000000  0.000000  1.000000  0.000000  0.000000  0.000000  1.000000  1.000000  0.000000  0.000000  0.000000  1.000000  0.000000  0.000000  0.000000  1.000000  0.000000  0.000000  
201.876776 -0.004821  0.086840  0.008711  0.999631  0.027168  0.000543  -0.027172  0.999186  0.029831  0.000268  -0.029835  0.999555  0.002224  -0.003124  0.002868  0.000000  0.000000  0.000000  2.000000  1.000000  0.000000  0.000000  0.000000  1.000000  0.000000  0.000000  0.000000  1.000000  0.999998  0.001848  0.000189  -0.001848  0.999997  0.001699  -0.000186  -0.001699  0.999999  1.000000  0.000000  0.000000  0.000000  1.000000  0.000000  0.000000  0.000000  1.000000  1.000000  0.000000  0.000000  0.000000  1.000000  0.000000  0.000000  0.000000  1.000000  0.000000  0.000000  
201.878025 -0.004816  0.086838  0.008714  0.999625  0.027373  0.000549  -0.027377  0.999180  0.029831  0.000268  -0.029835  0.999555  0.002411  -0.003008  0.002786  0.000000  0.000000  0.000000  2.000000  1.000000  0.000000  0.000000  0.000000  1.000000  0.000000  0.000000  0.000000  1.000000  0.999998  0.002058  0.000061  -0.002058  0.999997  0.001577  -0.000058  -0.001577  0.999999  1.000000  0.000000  0.000000  0.000000  1.000000  0.000000  0.000000  0.000000  1.000000  1.000000  0.000000  0.000000  0.000000  1.000000  0.000000  0.000000  0.000000  1.000000  0.000000  0.000000  
201.879276 -0.004812  0.086835  0.008717  0.999619  0.027579  0.000559  -0.027583  0.999171  0.029952  0.000268  -0.029956  0.999551  0.002567  -0.002917  0.002684  0.000000  0.000000  0.000000  2.000000  1.000000  0.000000  0.000000  0.000000  1.000000  0.000000  0.000000  0.000000  1.000000  0.999998  0.002058  0.000062  -0.002058  0.999996  0.001699  -0.000058  -0.001699  0.999999  1.000000  0.000000  0.000000  0.000000  1.000000  0.000000  0.000000  0.000000  1.000000  1.000000  0.000000  0.000000  0.000000  1.000000  0.000000  0.000000  0.000000  1.000000  0.000000  0.000000  
201.880278 -0.004809  0.086832  0.008720  0.999619  0.027579  0.000559  -0.027583  0.999171  0.029952  0.000268  -0.029956  0.999551  0.002647  -0.002869  0.002569  0.000000  0.000000  0.000000  2.000000  1.000000  0.000000  0.000000  0.000000  1.000000  0.000000  0.000000  0.000000  1.000000  0.999998  0.002058  0.000062  -0.002058  0.999997  0.001577  -0.000058  -0.001577  0.999999  1.000000  0.000000  0.000000  0.000000  1.000000  0.000000  0.000000  0.000000  1.000000  1.000000  0.000000  0.000000  0.000000  1.000000  0.000000  0.000000  0.000000  1.000000  0.000000  0.000000  
201.881525 -0.004806  0.086829  0.008724  0.999614  0.027784  0.000568  -0.027789  0.999161  0.030073  0.000268  -0.030077  0.999548  0.002676  -0.002875  0.002529  0.000000  0.000000  0.000000  2.000000  1.000000  0.000000  0.000000  0.000000  1.000000  0.000000  0.000000  0.000000  1.000000  0.999998  0.001852  0.000056  -0.001852  0.999997  0.001577  -0.000053  -0.001577  0.999999  1.000000  0.000000  0.000000  0.000000  1.000000  0.000000  0.000000  0.000000  1.000000  1.000000  0.000000  0.000000  0.000000  1.000000  0.000000  0.000000  0.000000  1.000000  0.000000  0.000000  
201.882530 -0.004803  0.086826  0.008727  0.999614  0.027784  0.000572  -0.027789  0.999158  0.030194  0.000268  -0.030198  0.999544  0.002734  -0.002843  0.002486  0.000000  0.000000  0.000000  2.000000  1.000000  0.000000  0.000000  0.000000  1.000000  0.000000  0.000000  0.000000  1.000000  0.999998  0.002058  0.000062  -0.002058  0.999997  0.001456  -0.000059  -0.001456  0.999999  1.000000  0.000000  0.000000  0.000000  1.000000  0.000000  0.000000  0.000000  1.000000  1.000000  0.000000  0.000000  0.000000  1.000000  0.000000  0.000000  0.000000  1.000000  0.000000  0.000000  
201.883775 -0.004799  0.086822  0.008731  0.999614  0.027788  0.000438  -0.027789  0.999158  0.030198  0.000401  -0.030198  0.999544  0.002834  -0.002754  0.002487  0.000000  0.000000  0.000000  2.000000  1.000000  0.000000  0.000000  0.000000  1.000000  0.000000  0.000000  0.000000  1.000000  0.999998  0.001856  -0.000078  -0.001856  0.999997  0.001456  0.000080  -0.001456  0.999999  1.000000  0.000000  0.000000  0.000000  1.000000  0.000000  0.000000  0.000000  1.000000  1.000000  0.000000  0.000000  0.000000  1.000000  0.000000  0.000000  0.000000  1.000000  0.000000  0.000000  
201.885020 -0.004796  0.086818  0.008735  0.999608  0.027994  0.000448  -0.027995  0.999148  0.030319  0.000401  -0.030320  0.999540  0.002846  -0.002722  0.002550  0.000000  0.000000  0.000000  2.000000  1.000000  0.000000  0.000000  0.000000  1.000000  0.000000  0.000000  0.000000  1.000000  0.999998  0.002062  -0.000071  -0.002062  0.999997  0.001456  0.000074  -0.001456  0.999999  1.000000  0.000000  0.000000  0.000000  1.000000  0.000000  0.000000  0.000000  1.000000  1.000000  0.000000  0.000000  0.000000  1.000000  0.000000  0.000000  0.000000  1.000000  0.000000  0.000000  
201.886020 -0.004794  0.086815  0.008739  0.999608  0.027994  0.000448  -0.027995  0.999148  0.030319  0.000401  -0.030320  0.999540  0.002892  -0.002670  0.002617  0.000000  0.000000  0.000000  2.000000  1.000000  0.000000  0.000000  0.000000  1.000000  0.000000  0.000000  0.000000  1.000000  0.999998  0.002062  -0.000071  -0.002062  0.999997  0.001335  0.000074  -0.001335  0.999999  1.000000  0.000000  0.000000  0.000000  1.000000  0.000000  0.000000  0.000000  1.000000  1.000000  0.000000  0.000000  0.000000  1.000000  0.000000  0.000000  0.000000  1.000000  0.000000  0.000000  
201.887021 -0.004790  0.086813  0.008742  0.999608  0.027994  0.000448  -0.027995  0.999148  0.030319  0.000401  -0.030320  0.999540  0.002936  -0.002616  0.002683  0.000000  0.000000  0.000000  2.000000  1.000000  0.000000  0.000000  0.000000  1.000000  0.000000  0.000000  0.000000  1.000000  0.999998  0.001856  -0.000078  -0.001856  0.999998  0.001214  0.000080  -0.001214  0.999999  1.000000  0.000000  0.000000  0.000000  1.000000  0.000000  0.000000  0.000000  1.000000  1.000000  0.000000  0.000000  0.000000  1.000000  0.000000  0.000000  0.000000  1.000000  0.000000  0.000000  
201.888271 -0.004787  0.086810  0.008746  0.999602  0.028200  0.000457  -0.028201  0.999139  0.030440  0.000401  -0.030441  0.999536  0.002962  -0.002575  0.002806  0.000000  0.000000  0.000000  2.000000  1.000000  0.000000  0.000000  0.000000  1.000000  0.000000  0.000000  0.000000  1.000000  0.999998  0.001852  0.000056  -0.001852  0.999998  0.001214  -0.000054  -0.001214  0.999999  1.000000  0.000000  0.000000  0.000000  1.000000  0.000000  0.000000  0.000000  1.000000  1.000000  0.000000  0.000000  0.000000  1.000000  0.000000  0.000000  0.000000  1.000000  0.000000  0.000000  
201.889271 -0.004784  0.086808  0.008749  0.999602  0.028200  0.000457  -0.028201  0.999139  0.030440  0.000401  -0.030441  0.999536  0.002934  -0.002565  0.002862  0.000000  0.000000  0.000000  2.000000  1.000000  0.000000  0.000000  0.000000  1.000000  0.000000  0.000000  0.000000  1.000000  0.999998  0.001852  0.000056  -0.001852  0.999998  0.001092  -0.000054  -0.001092  0.999999  1.000000  0.000000  0.000000  0.000000  1.000000  0.000000  0.000000  0.000000  1.000000  1.000000  0.000000  0.000000  0.000000  1.000000  0.000000  0.000000  0.000000  1.000000  0.000000  0.000000  
201.890272 -0.004781  0.086806  0.008752  0.999602  0.028196  0.000591  -0.028201  0.999139  0.030436  0.000268  -0.030441  0.999537  0.002965  -0.002506  0.002958  0.000000  0.000000  0.000000  2.000000  1.000000  0.000000  0.000000  0.000000  1.000000  0.000000  0.000000  0.000000  1.000000  0.999999  0.001642  0.000184  -0.001642  0.999998  0.001092  -0.000182  -0.001092  0.999999  1.000000  0.000000  0.000000  0.000000  1.000000  0.000000  0.000000  0.000000  1.000000  1.000000  0.000000  0.000000  0.000000  1.000000  0.000000  0.000000  0.000000  1.000000  0.000000  0.000000  
201.891526 -0.004777  0.086805  0.008756  0.999602  0.028196  0.000595  -0.028201  0.999135  0.030557  0.000268  -0.030562  0.999533  0.002976  -0.002418  0.003067  0.000000  0.000000  0.000000  2.000000  1.000000  0.000000  0.000000  0.000000  1.000000  0.000000  0.000000  0.000000  1.000000  0.999999  0.001642  0.000184  -0.001642  0.999998  0.001092  -0.000182  -0.001092  0.999999  1.000000  0.000000  0.000000  0.000000  1.000000  0.000000  0.000000  0.000000  1.000000  1.000000  0.000000  0.000000  0.000000  1.000000  0.000000  0.000000  0.000000  1.000000  0.000000  0.000000  
201.892775 -0.004772  0.086803  0.008760  0.999602  0.028196  0.000595  -0.028201  0.999135  0.030557  0.000268  -0.030562  0.999533  0.002980  -0.002369  0.003107  0.000000  0.000000  0.000000  2.000000  1.000000  0.000000  0.000000  0.000000  1.000000  0.000000  0.000000  0.000000  1.000000  0.999999  0.001440  0.000044  -0.001440  0.999998  0.000971  -0.000043  -0.000971  1.000000  1.000000  0.000000  0.000000  0.000000  1.000000  0.000000  0.000000  0.000000  1.000000  1.000000  0.000000  0.000000  0.000000  1.000000  0.000000  0.000000  0.000000  1.000000  0.000000  0.000000  
201.893775 -0.004769  0.086802  0.008763  0.999602  0.028196  0.000595  -0.028201  0.999135  0.030557  0.000268  -0.030562  0.999533  0.002972  -0.002290  0.003157  0.000000  0.000000  0.000000  2.000000  1.000000  0.000000  0.000000  0.000000  1.000000  0.000000  0.000000  0.000000  1.000000  0.999999  0.001235  0.000038  -0.001235  0.999999  0.000971  -0.000037  -0.000971  1.000000  1.000000  0.000000  0.000000  0.000000  1.000000  0.000000  0.000000  0.000000  1.000000  1.000000  0.000000  0.000000  0.000000  1.000000  0.000000  0.000000  0.000000  1.000000  0.000000  0.000000  
201.894778 -0.004767  0.086799  0.008766  0.999602  0.028196  0.000595  -0.028201  0.999135  0.030557  0.000268  -0.030562  0.999533  0.002914  -0.002278  0.003175  0.000000  0.000000  0.000000  2.000000  1.000000  0.000000  0.000000  0.000000  1.000000  0.000000  0.000000  0.000000  1.000000  0.999999  0.001235  0.000038  -0.001235  0.999999  0.000849  -0.000037  -0.000849  1.000000  1.000000  0.000000  0.000000  0.000000  1.000000  0.000000  0.000000  0.000000  1.000000  1.000000  0.000000  0.000000  0.000000  1.000000  0.000000  0.000000  0.000000  1.000000  0.000000  0.000000  
201.896026 -0.004763  0.086797  0.008770  0.999602  0.028196  0.000595  -0.028201  0.999135  0.030557  0.000268  -0.030562  0.999533  0.002902  -0.002177  0.003214  0.000000  0.000000  0.000000  2.000000  1.000000  0.000000  0.000000  0.000000  1.000000  0.000000  0.000000  0.000000  1.000000  0.999999  0.001029  0.000031  -0.001029  0.999999  0.000849  -0.000031  -0.000849  1.000000  1.000000  0.000000  0.000000  0.000000  1.000000  0.000000  0.000000  0.000000  1.000000  1.000000  0.000000  0.000000  0.000000  1.000000  0.000000  0.000000  0.000000  1.000000  0.000000  0.000000  
201.897274 -0.004760  0.086795  0.008775  0.999602  0.028196  0.000598  -0.028201  0.999131  0.030679  0.000268  -0.030683  0.999529  0.002865  -0.002124  0.003247  0.000000  0.000000  0.000000  2.000000  1.000000  0.000000  0.000000  0.000000  1.000000  0.000000  0.000000  0.000000  1.000000  1.000000  0.000823  0.000025  -0.000823  0.999999  0.000849  -0.000025  -0.000849  1.000000  1.000000  0.000000  0.000000  0.000000  1.000000  0.000000  0.000000  0.000000  1.000000  1.000000  0.000000  0.000000  0.000000  1.000000  0.000000  0.000000  0.000000  1.000000  0.000000  0.000000  
201.898532 -0.004758  0.086792  0.008780  0.999602  0.028196  0.000598  -0.028201  0.999131  0.030679  0.000268  -0.030683  0.999529  0.002809  -0.002062  0.003302  0.000000  0.000000  0.000000  2.000000  1.000000  0.000000  0.000000  0.000000  1.000000  0.000000  0.000000  0.000000  1.000000  1.000000  0.000823  0.000025  -0.000823  0.999999  0.000849  -0.000025  -0.000849  1.000000  1.000000  0.000000  0.000000  0.000000  1.000000  0.000000  0.000000  0.000000  1.000000  1.000000  0.000000  0.000000  0.000000  1.000000  0.000000  0.000000  0.000000  1.000000  0.000000  0.000000  
201.899774 -0.004754  0.086790  0.008785  0.999602  0.028196  0.000598  -0.028201  0.999131  0.030679  0.000268  -0.030683  0.999529  0.002862  -0.001934  0.003393  0.000000  0.000000  0.000000  2.000000  1.000000  0.000000  0.000000  0.000000  1.000000  0.000000  0.000000  0.000000  1.000000  1.000000  0.000617  0.000019  -0.000617  1.000000  0.000728  -0.000019  -0.000728  1.000000  1.000000  0.000000  0.000000  0.000000  1.000000  0.000000  0.000000  0.000000  1.000000  1.000000  0.000000  0.000000  0.000000  1.000000  0.000000  0.000000  0.000000  1.000000  0.000000  0.000000  
201.900775 -0.004751  0.086788  0.008789  0.999602  0.028196  0.000598  -0.028201  0.999131  0.030679  0.000268  -0.030683  0.999529  0.002869  -0.001859  0.003416  0.000000  0.000000  0.000000  2.000000  1.000000  0.000000  0.000000  0.000000  1.000000  0.000000  0.000000  0.000000  1.000000  1.000000  0.000617  0.000019  -0.000617  1.000000  0.000607  -0.000019  -0.000607  1.000000  1.000000  0.000000  0.000000  0.000000  1.000000  0.000000  0.000000  0.000000  1.000000  1.000000  0.000000  0.000000  0.000000  1.000000  0.000000  0.000000  0.000000  1.000000  0.000000  0.000000  
201.902021 -0.004748  0.086785  0.008794  0.999602  0.028195  0.000601  -0.028201  0.999128  0.030800  0.000268  -0.030805  0.999525  0.002840  -0.001849  0.003473  0.000000  0.000000  0.000000  2.000000  1.000000  0.000000  0.000000  0.000000  1.000000  0.000000  0.000000  0.000000  1.000000  1.000000  0.000412  0.000013  -0.000412  1.000000  0.000728  -0.000012  -0.000728  1.000000  1.000000  0.000000  0.000000  0.000000  1.000000  0.000000  0.000000  0.000000  1.000000  1.000000  0.000000  0.000000  0.000000  1.000000  0.000000  0.000000  0.000000  1.000000  0.000000  0.000000  
