1-Time 2-Px 3-Py 4-Pz 5-R11 6-R21 7-R31 8-R12 9-R22 10-R32 11-R13 12-R23 13-R33 14-Vx 15-Vy 16-Vz 17-Wx 18-Wy 19-Wz 20-state 21-PR11 22-PR21 23-PR31 24-PR12 25-PR22 26-PR32 27-PR13 28-PR23 29-PR33 
106.929585 -0.000192  0.088639  -0.003367  0.995231  -0.000980  -0.097544  0.002459  0.999884  0.015042  0.097518  -0.015210  0.995118  -0.000021  -0.000063  -0.000136  0.000000  0.000000  0.000000  2.000000  1.000000  0.000000  0.000000  -0.000000  1.000000  0.000000  0.000000  -0.000000  1.000000  1.000000  -0.000002  0.000134  0.000002  1.000000  0.000000  -0.000134  0.000000  1.000000  1.000000  0.000000  0.000000  0.000000  1.000000  0.000000  0.000000  0.000000  1.000000  0.633951  0.671586  -0.383508  -0.695088  0.712192  0.098164  0.339057  0.204341  0.918306  0.000000  0.000000  
106.930589 -0.000193  0.088638  -0.003367  0.995231  -0.000980  -0.097544  0.002459  0.999884  0.015042  0.097518  -0.015210  0.995118  -0.000059  -0.000107  -0.000112  0.000000  0.000000  0.000000  2.000000  1.000000  0.000000  0.000000  0.000000  1.000000  0.000000  0.000000  0.000000  1.000000  1.000000  -0.000002  0.000134  0.000002  1.000000  0.000000  -0.000134  0.000000  1.000000  1.000000  0.000000  0.000000  0.000000  1.000000  0.000000  0.000000  0.000000  1.000000  1.000000  0.000000  0.000000  0.000000  1.000000  0.000000  0.000000  0.000000  1.000000  0.000000  0.000000  
106.931839 -0.000194  0.088635  -0.003369  0.995205  -0.000976  -0.097810  0.002459  0.999884  0.015041  0.097784  -0.015210  0.995091  -0.000153  -0.000315  -0.000275  0.000000  0.000000  0.000000  2.000000  1.000000  0.000000  0.000000  0.000000  1.000000  0.000000  0.000000  0.000000  1.000000  1.000000  -0.000000  -0.000000  0.000000  1.000000  0.000000  -0.000000  0.000000  1.000000  1.000000  0.000000  0.000000  0.000000  1.000000  0.000000  0.000000  0.000000  1.000000  1.000000  0.000000  0.000000  0.000000  1.000000  0.000000  0.000000  0.000000  1.000000  0.000000  0.000000  
106.933089 -0.000196  0.088631  -0.003372  0.995165  -0.000958  -0.098210  0.002459  0.999882  0.015162  0.098184  -0.015330  0.995050  -0.000296  -0.000619  -0.000455  0.000000  0.000000  0.000000  2.000000  1.000000  0.000000  0.000000  0.000000  1.000000  0.000000  0.000000  0.000000  1.000000  1.000000  0.000006  -0.000401  -0.000006  1.000000  0.000000  0.000401  0.000000  1.000000  1.000000  0.000000  0.000000  0.000000  1.000000  0.000000  0.000000  0.000000  1.000000  1.000000  0.000000  0.000000  0.000000  1.000000  0.000000  0.000000  0.000000  1.000000  0.000000  0.000000  
106.934089 -0.000197  0.088628  -0.003374  0.995138  -0.001159  -0.098479  0.002663  0.999882  0.015141  0.098450  -0.015329  0.995024  -0.000353  -0.000824  -0.000588  0.000000  0.000000  0.000000  2.000000  1.000000  0.000000  0.000000  0.000000  1.000000  0.000000  0.000000  0.000000  1.000000  1.000000  0.000010  -0.000669  -0.000010  1.000000  0.000121  0.000669  -0.000121  1.000000  1.000000  0.000000  0.000000  0.000000  1.000000  0.000000  0.000000  0.000000  1.000000  1.000000  0.000000  0.000000  0.000000  1.000000  0.000000  0.000000  0.000000  1.000000  0.000000  0.000000  
106.935339 -0.000198  0.088623  -0.003376  0.995112  -0.001143  -0.098745  0.002663  0.999880  0.015261  0.098716  -0.015450  0.994996  -0.000434  -0.001120  -0.000676  0.000000  0.000000  0.000000  2.000000  1.000000  0.000000  0.000000  0.000000  1.000000  0.000000  0.000000  0.000000  1.000000  0.999999  -0.000188  -0.001073  0.000188  1.000000  0.000222  0.001073  -0.000222  0.999999  1.000000  0.000000  0.000000  0.000000  1.000000  0.000000  0.000000  0.000000  1.000000  1.000000  0.000000  0.000000  0.000000  1.000000  0.000000  0.000000  0.000000  1.000000  0.000000  0.000000  
106.936589 -0.000199  0.088618  -0.003377  0.995086  -0.000921  -0.099009  0.002458  0.999878  0.015402  0.098982  -0.015570  0.994967  -0.000495  -0.001444  -0.000786  0.000000  0.000000  0.000000  2.000000  1.000000  0.000000  0.000000  0.000000  1.000000  0.000000  0.000000  0.000000  1.000000  0.999999  0.000019  -0.001204  -0.000018  1.000000  0.000364  0.001204  -0.000364  0.999999  1.000000  0.000000  0.000000  0.000000  1.000000  0.000000  0.000000  0.000000  1.000000  1.000000  0.000000  0.000000  0.000000  1.000000  0.000000  0.000000  0.000000  1.000000  0.000000  0.000000  
106.937839 -0.000201  0.088613  -0.003379  0.995073  -0.000919  -0.099142  0.002458  0.999878  0.015402  0.099116  -0.015570  0.994954  -0.000600  -0.001789  -0.000883  0.000000  0.000000  0.000000  2.000000  1.000000  0.000000  0.000000  0.000000  1.000000  0.000000  0.000000  0.000000  1.000000  0.999999  0.000023  -0.001472  -0.000022  1.000000  0.000364  0.001472  -0.000364  0.999999  1.000000  0.000000  0.000000  0.000000  1.000000  0.000000  0.000000  0.000000  1.000000  1.000000  0.000000  0.000000  0.000000  1.000000  0.000000  0.000000  0.000000  1.000000  0.000000  0.000000  
106.938839 -0.000202  0.088609  -0.003381  0.995060  -0.000917  -0.099275  0.002458  0.999878  0.015401  0.099249  -0.015569  0.994941  -0.000674  -0.002065  -0.001014  0.000000  0.000000  0.000000  2.000000  1.000000  0.000000  0.000000  0.000000  1.000000  0.000000  0.000000  0.000000  1.000000  0.999999  0.000025  -0.001605  -0.000025  1.000000  0.000364  0.001605  -0.000364  0.999999  1.000000  0.000000  0.000000  0.000000  1.000000  0.000000  0.000000  0.000000  1.000000  1.000000  0.000000  0.000000  0.000000  1.000000  0.000000  0.000000  0.000000  1.000000  0.000000  0.000000  
106.940090 -0.000204  0.088604  -0.003383  0.995033  -0.000913  -0.099541  0.002458  0.999878  0.015401  0.099515  -0.015569  0.994914  -0.000817  -0.002412  -0.001141  0.000000  0.000000  0.000000  2.000000  1.000000  0.000000  0.000000  0.000000  1.000000  0.000000  0.000000  0.000000  1.000000  0.999998  0.000031  -0.002007  -0.000031  1.000000  0.000364  0.002007  -0.000364  0.999998  1.000000  0.000000  0.000000  0.000000  1.000000  0.000000  0.000000  0.000000  1.000000  1.000000  0.000000  0.000000  0.000000  1.000000  0.000000  0.000000  0.000000  1.000000  0.000000  0.000000  
106.941096 -0.000206  0.088600  -0.003386  0.994993  -0.000907  -0.099941  0.002458  0.999878  0.015400  0.099914  -0.015568  0.994874  -0.000936  -0.002668  -0.001312  0.000000  0.000000  0.000000  2.000000  1.000000  0.000000  0.000000  0.000000  1.000000  0.000000  0.000000  0.000000  1.000000  0.999997  0.000036  -0.002274  -0.000035  1.000000  0.000364  0.002274  -0.000364  0.999997  1.000000  0.000000  0.000000  0.000000  1.000000  0.000000  0.000000  0.000000  1.000000  1.000000  0.000000  0.000000  0.000000  1.000000  0.000000  0.000000  0.000000  1.000000  0.000000  0.000000  
106.942339 -0.000209  0.088596  -0.003389  0.994953  -0.000901  -0.100340  0.002458  0.999878  0.015399  0.100314  -0.015568  0.994834  -0.001124  -0.002954  -0.001534  0.000000  0.000000  0.000000  2.000000  1.000000  0.000000  0.000000  0.000000  1.000000  0.000000  0.000000  0.000000  1.000000  0.999996  0.000044  -0.002809  -0.000043  1.000000  0.000364  0.002809  -0.000364  0.999996  1.000000  0.000000  0.000000  0.000000  1.000000  0.000000  0.000000  0.000000  1.000000  1.000000  0.000000  0.000000  0.000000  1.000000  0.000000  0.000000  0.000000  1.000000  0.000000  0.000000  
106.943339 -0.000211  0.088591  -0.003393  0.994912  -0.000894  -0.100739  0.002458  0.999878  0.015398  0.100713  -0.015567  0.994794  -0.001296  -0.003238  -0.001786  0.000000  0.000000  0.000000  2.000000  1.000000  0.000000  0.000000  0.000000  1.000000  0.000000  0.000000  0.000000  1.000000  0.999995  0.000050  -0.003211  -0.000049  1.000000  0.000364  0.003211  -0.000364  0.999995  1.000000  0.000000  0.000000  0.000000  1.000000  0.000000  0.000000  0.000000  1.000000  1.000000  0.000000  0.000000  0.000000  1.000000  0.000000  0.000000  0.000000  1.000000  0.000000  0.000000  
106.944595 -0.000215  0.088586  -0.003397  0.994858  -0.000898  -0.101271  0.002458  0.999880  0.015275  0.101246  -0.015446  0.994742  -0.001505  -0.003626  -0.002089  0.000000  0.000000  0.000000  2.000000  1.000000  0.000000  0.000000  0.000000  1.000000  0.000000  0.000000  0.000000  1.000000  0.999993  0.000056  -0.003612  -0.000055  1.000000  0.000243  0.003612  -0.000242  0.999993  1.000000  0.000000  0.000000  0.000000  1.000000  0.000000  0.000000  0.000000  1.000000  1.000000  0.000000  0.000000  0.000000  1.000000  0.000000  0.000000  0.000000  1.000000  0.000000  0.000000  
106.945845 -0.000219  0.088578  -0.003403  0.994818  -0.000880  -0.101671  0.002458  0.999878  0.015396  0.101645  -0.015566  0.994699  -0.001744  -0.004040  -0.002412  0.000000  0.000000  0.000000  2.000000  1.000000  0.000000  0.000000  0.000000  1.000000  0.000000  0.000000  0.000000  1.000000  0.999992  0.000063  -0.004013  -0.000061  1.000000  0.000364  0.004013  -0.000364  0.999992  1.000000  0.000000  0.000000  0.000000  1.000000  0.000000  0.000000  0.000000  1.000000  1.000000  0.000000  0.000000  0.000000  1.000000  0.000000  0.000000  0.000000  1.000000  0.000000  0.000000  
106.947092 -0.000222  0.088571  -0.003407  0.994790  -0.000876  -0.101937  0.002458  0.999878  0.015395  0.101911  -0.015565  0.994672  -0.001859  -0.004263  -0.002499  0.000000  0.000000  0.000000  2.000000  1.000000  0.000000  0.000000  0.000000  1.000000  0.000000  0.000000  0.000000  1.000000  0.999990  0.000069  -0.004415  -0.000067  1.000000  0.000364  0.004415  -0.000364  0.999990  1.000000  0.000000  0.000000  0.000000  1.000000  0.000000  0.000000  0.000000  1.000000  1.000000  0.000000  0.000000  0.000000  1.000000  0.000000  0.000000  0.000000  1.000000  0.000000  0.000000  
106.948343 -0.000226  0.088563  -0.003410  0.994763  -0.000871  -0.102203  0.002458  0.999878  0.015394  0.102177  -0.015565  0.994644  -0.001981  -0.004505  -0.002543  0.000000  0.000000  0.000000  2.000000  1.000000  0.000000  0.000000  0.000000  1.000000  0.000000  0.000000  0.000000  1.000000  0.999989  0.000073  -0.004682  -0.000072  1.000000  0.000364  0.004682  -0.000364  0.999989  1.000000  0.000000  0.000000  0.000000  1.000000  0.000000  0.000000  0.000000  1.000000  1.000000  0.000000  0.000000  0.000000  1.000000  0.000000  0.000000  0.000000  1.000000  0.000000  0.000000  
106.949591 -0.000230  0.088555  -0.003412  0.994722  -0.000853  -0.102603  0.002457  0.999877  0.015515  0.102577  -0.015685  0.994601  -0.002136  -0.004758  -0.002479  0.016304  0.170828  0.002652  2.000000  1.000000  0.000000  0.000000  0.000000  1.000000  0.000000  0.000000  0.000000  1.000000  0.999988  0.000078  -0.004950  -0.000076  1.000000  0.000485  0.004950  -0.000485  0.999988  1.000000  0.000000  0.000000  0.000000  1.000000  0.000000  0.000000  0.000000  1.000000  1.000000  0.000000  0.000000  0.000000  1.000000  0.000000  0.000000  0.000000  1.000000  0.000000  0.000000  
106.950839 -0.000234  0.088546  -0.003413  0.994681  -0.000834  -0.103002  0.002457  0.999875  0.015635  0.102976  -0.015805  0.994558  -0.002345  -0.005002  -0.002432  0.020380  0.184320  0.002873  2.000000  1.000000  0.000005  -0.000328  -0.000005  1.000000  0.000033  0.000328  -0.000033  1.000000  0.999986  0.000085  -0.005351  -0.000082  1.000000  0.000607  0.005351  -0.000606  0.999985  1.000000  0.000001  -0.000067  -0.000001  1.000000  0.000008  0.000067  -0.000008  1.000000  1.000000  0.000005  -0.000328  -0.000005  1.000000  0.000033  0.000328  -0.000033  1.000000  0.000046  0.005386  
106.951846 -0.000237  0.088538  -0.003414  0.994639  -0.000828  -0.103401  0.002457  0.999875  0.015634  0.103375  -0.015804  0.994517  -0.002509  -0.005272  -0.002443  0.020380  0.197804  0.003083  2.000000  1.000000  0.000009  -0.000604  -0.000009  1.000000  0.000064  0.000604  -0.000064  1.000000  0.999984  0.000089  -0.005619  -0.000086  1.000000  0.000607  0.005619  -0.000606  0.999984  1.000000  0.000001  -0.000070  -0.000001  1.000000  0.000008  0.000070  -0.000008  1.000000  1.000000  0.000009  -0.000604  -0.000009  1.000000  0.000064  0.000604  -0.000064  1.000000  0.000049  0.005652  
106.953089 -0.000242  0.088528  -0.003416  0.994598  -0.000809  -0.103800  0.002457  0.999873  0.015754  0.103774  -0.015924  0.994473  -0.002704  -0.005588  -0.002460  0.024455  0.211283  0.003306  2.000000  1.000000  0.000015  -0.000962  -0.000015  1.000000  0.000106  0.000962  -0.000106  1.000000  0.999983  0.000092  -0.005753  -0.000088  1.000000  0.000728  0.005753  -0.000728  0.999983  1.000000  0.000001  -0.000072  -0.000001  1.000000  0.000009  0.000072  -0.000009  1.000000  1.000000  0.000015  -0.000962  -0.000015  1.000000  0.000106  0.000962  -0.000106  1.000000  0.000053  0.005799  
106.954094 -0.000245  0.088520  -0.003418  0.994570  -0.000804  -0.104066  0.002457  0.999873  0.015753  0.104041  -0.015924  0.994446  -0.002865  -0.005886  -0.002459  0.024459  0.220308  0.003448  2.000000  0.999999  0.000018  -0.001179  -0.000018  1.000000  0.000130  0.001179  -0.000130  0.999999  0.999983  0.000094  -0.005886  -0.000091  1.000000  0.000607  0.005886  -0.000606  0.999982  1.000000  0.000001  -0.000074  -0.000001  1.000000  0.000008  0.000074  -0.000008  1.000000  0.999999  0.000018  -0.001179  -0.000018  1.000000  0.000130  0.001179  -0.000130  0.999999  0.000056  0.005918  
106.955339 -0.000248  0.088511  -0.003420  0.994528  -0.000798  -0.104466  0.002457  0.999873  0.015752  0.104440  -0.015923  0.994404  -0.002931  -0.006198  -0.002442  0.024464  0.233843  0.003659  2.000000  0.999999  0.000032  -0.001545  -0.000032  1.000000  0.000168  0.001545  -0.000168  0.999999  0.999983  0.000299  -0.005883  -0.000296  1.000000  0.000507  0.005883  -0.000505  0.999983  1.000000  0.000004  -0.000074  -0.000004  1.000000  0.000006  0.000074  -0.000006  1.000000  0.999999  0.000032  -0.001545  -0.000032  1.000000  0.000168  0.001545  -0.000168  0.999999  0.000059  0.005912  
106.956343 -0.000251  0.088503  -0.003422  0.994514  -0.000783  -0.104599  0.002457  0.999871  0.015873  0.104573  -0.016043  0.994388  -0.002986  -0.006459  -0.002385  0.028539  0.238323  0.003744  2.000000  0.999998  0.000047  -0.001838  -0.000047  1.000000  0.000197  0.001838  -0.000197  0.999998  0.999983  0.000300  -0.005883  -0.000296  1.000000  0.000628  0.005883  -0.000627  0.999982  1.000000  0.000004  -0.000074  -0.000004  1.000000  0.000008  0.000074  -0.000008  1.000000  0.999998  0.000047  -0.001838  -0.000047  1.000000  0.000197  0.001838  -0.000197  0.999998  0.000061  0.005924  
106.957614 -0.000254  0.088494  -0.003425  0.994486  -0.000779  -0.104865  0.002457  0.999871  0.015873  0.104839  -0.016043  0.994360  -0.002981  -0.006744  -0.002270  0.028512  0.247079  0.003881  2.000000  0.999998  0.000055  -0.002202  -0.000055  1.000000  0.000231  0.002202  -0.000231  0.999998  0.999983  0.000095  -0.005886  -0.000092  1.000000  0.000485  0.005886  -0.000485  0.999983  1.000000  0.000001  -0.000074  -0.000001  1.000000  0.000006  0.000074  -0.000006  1.000000  0.999998  0.000055  -0.002202  -0.000055  1.000000  0.000231  0.002202  -0.000231  0.999998  0.000063  0.005907  
106.958843 -0.000257  0.088485  -0.003426  0.994472  -0.000789  -0.104998  0.002457  0.999873  0.015751  0.104972  -0.015922  0.994348  -0.002954  -0.006997  -0.002060  0.024454  0.251733  0.003939  2.000000  0.999997  0.000060  -0.002495  -0.000059  1.000000  0.000252  0.002495  -0.000252  0.999997  0.999983  0.000094  -0.005886  -0.000092  1.000000  0.000364  0.005886  -0.000364  0.999983  1.000000  0.000001  -0.000074  -0.000001  1.000000  0.000005  0.000074  -0.000005  1.000000  0.999997  0.000060  -0.002495  -0.000059  1.000000  0.000252  0.002495  -0.000252  0.999997  0.000064  0.005898  
106.960094 -0.000260  0.088476  -0.003427  0.994458  -0.000787  -0.105131  0.002457  0.999873  0.015751  0.105105  -0.015922  0.994334  -0.002925  -0.007121  -0.001815  0.024260  0.254197  0.003978  2.000000  0.999996  0.000066  -0.002859  -0.000065  1.000000  0.000275  0.002859  -0.000275  0.999996  0.999983  0.000092  -0.005753  -0.000090  1.000000  0.000364  0.005753  -0.000364  0.999983  1.000000  0.000001  -0.000072  -0.000001  1.000000  0.000005  0.000072  -0.000005  1.000000  0.999996  0.000066  -0.002859  -0.000065  1.000000  0.000275  0.002859  -0.000275  0.999996  0.000065  0.005765  
106.961345 -0.000262  0.088469  -0.003426  0.994444  -0.000785  -0.105264  0.002457  0.999873  0.015751  0.105238  -0.015922  0.994320  -0.002787  -0.007123  -0.001409  0.024457  0.256263  0.004010  2.000000  0.999995  0.000071  -0.003212  -0.000071  1.000000  0.000298  0.003212  -0.000298  0.999995  0.999985  0.000088  -0.005485  -0.000086  1.000000  0.000364  0.005485  -0.000364  0.999985  1.000000  0.000001  -0.000069  -0.000001  1.000000  0.000005  0.000069  -0.000005  1.000000  0.999995  0.000071  -0.003212  -0.000071  1.000000  0.000298  0.003212  -0.000298  0.999995  0.000065  0.005498  
106.962596 -0.000264  0.088461  -0.003425  0.994430  -0.000783  -0.105397  0.002457  0.999873  0.015750  0.105371  -0.015921  0.994305  -0.002698  -0.007117  -0.001116  0.024457  0.247265  0.003869  2.000000  0.999994  0.000076  -0.003483  -0.000075  1.000000  0.000316  0.003483  -0.000316  0.999994  0.999986  0.000086  -0.005351  -0.000084  1.000000  0.000364  0.005351  -0.000364  0.999986  1.000000  0.000001  -0.000067  -0.000001  1.000000  0.000005  0.000067  -0.000005  1.000000  0.999994  0.000076  -0.003483  -0.000075  1.000000  0.000316  0.003483  -0.000316  0.999994  0.000064  0.005364  
106.963842 -0.000267  0.088453  -0.003424  0.994416  -0.000781  -0.105530  0.002457  0.999873  0.015750  0.105504  -0.015921  0.994291  -0.002589  -0.007099  -0.000900  0.021090  0.238202  0.010626  2.000000  0.999993  0.000080  -0.003742  -0.000079  1.000000  0.000334  0.003742  -0.000334  0.999993  0.999988  0.000079  -0.004950  -0.000077  1.000000  0.000364  0.004950  -0.000364  0.999988  1.000000  0.000000  0.000000  0.000000  1.000000  0.000000  0.000000  0.000000  1.000000  0.999993  0.000080  -0.003742  -0.000079  1.000000  0.000334  0.003742  -0.000334  0.999993  0.000061  0.000000  
106.965100 -0.000269  0.088445  -0.003424  0.994402  -0.000779  -0.105663  0.002457  0.999873  0.015750  0.105637  -0.015921  0.994277  -0.002526  -0.007127  -0.000753  0.017010  0.233645  0.010567  2.000000  0.999993  0.000080  -0.003742  -0.000079  1.000000  0.000334  0.003742  -0.000334  0.999993  0.999989  0.000075  -0.004682  -0.000073  1.000000  0.000485  0.004682  -0.000485  0.999989  1.000000  0.000000  0.000000  0.000000  1.000000  0.000000  0.000000  0.000000  1.000000  0.999993  0.000080  -0.003742  -0.000079  1.000000  0.000334  0.003742  -0.000334  0.999993  0.000059  0.000000  
106.966340 -0.000272  0.088435  -0.003423  0.994402  -0.000766  -0.105663  0.002457  0.999871  0.015871  0.105637  -0.016042  0.994275  -0.002430  -0.007122  -0.000628  0.016308  0.224838  0.003573  2.000000  0.999993  0.000080  -0.003742  -0.000079  1.000000  0.000334  0.003742  -0.000334  0.999993  0.999991  0.000067  -0.004147  -0.000065  1.000000  0.000485  0.004147  -0.000485  0.999991  1.000000  0.000000  0.000000  0.000000  1.000000  0.000000  0.000000  0.000000  1.000000  0.999993  0.000080  -0.003742  -0.000079  1.000000  0.000334  0.003742  -0.000334  0.999993  0.000058  0.000000  
106.967589 -0.000275  0.088425  -0.003423  0.994402  -0.000766  -0.105663  0.002457  0.999871  0.015871  0.105637  -0.016042  0.994275  -0.002279  -0.007115  -0.000512  0.016309  0.220348  0.003502  2.000000  0.999993  0.000080  -0.003742  -0.000079  1.000000  0.000334  0.003742  -0.000334  0.999993  0.999993  0.000060  -0.003746  -0.000059  1.000000  0.000485  0.003746  -0.000485  0.999993  1.000000  0.000000  0.000000  0.000000  1.000000  0.000000  0.000000  0.000000  1.000000  0.999993  0.000080  -0.003742  -0.000079  1.000000  0.000334  0.003742  -0.000334  0.999993  0.000056  0.000000  
106.968590 -0.000277  0.088418  -0.003423  0.994416  -0.000768  -0.105530  0.002457  0.999871  0.015871  0.105504  -0.016042  0.994289  -0.002197  -0.007098  -0.000402  0.016308  0.211348  0.003359  2.000000  0.999993  0.000080  -0.003742  -0.000079  1.000000  0.000334  0.003742  -0.000334  0.999993  0.999994  0.000054  -0.003345  -0.000052  1.000000  0.000485  0.003345  -0.000485  0.999994  1.000000  0.000000  0.000000  0.000000  1.000000  0.000000  0.000000  0.000000  1.000000  0.999993  0.000080  -0.003742  -0.000079  1.000000  0.000334  0.003742  -0.000334  0.999993  0.000053  0.000000  
106.969838 -0.000278  0.088409  -0.003421  0.994416  -0.000768  -0.105530  0.002457  0.999871  0.015871  0.105504  -0.016042  0.994289  -0.002081  -0.007030  -0.000104  0.016310  0.202376  0.003216  2.000000  0.999993  0.000080  -0.003742  -0.000079  1.000000  0.000334  0.003742  -0.000334  0.999993  0.999995  0.000050  -0.003077  -0.000049  1.000000  0.000364  0.003077  -0.000364  0.999995  1.000000  0.000000  0.000000  0.000000  1.000000  0.000000  0.000000  0.000000  1.000000  0.999993  0.000080  -0.003742  -0.000079  1.000000  0.000334  0.003742  -0.000334  0.999993  0.000052  0.000000  
106.970838 -0.000279  0.088402  -0.003420  0.994416  -0.000768  -0.105530  0.002457  0.999871  0.015871  0.105504  -0.016042  0.994289  -0.001978  -0.007003  0.000151  0.016184  0.191882  0.003049  2.000000  0.999993  0.000080  -0.003742  -0.000079  1.000000  0.000334  0.003742  -0.000334  0.999993  0.999996  0.000045  -0.002809  -0.000044  1.000000  0.000364  0.002809  -0.000364  0.999996  1.000000  0.000000  0.000000  0.000000  1.000000  0.000000  0.000000  0.000000  1.000000  0.999993  0.000080  -0.003742  -0.000079  1.000000  0.000334  0.003742  -0.000334  0.999993  0.000049  0.000000  
106.971839 -0.000280  0.088395  -0.003417  0.994416  -0.000768  -0.105530  0.002457  0.999871  0.015871  0.105504  -0.016042  0.994289  -0.001857  -0.006932  0.000409  0.016177  0.178417  0.002835  2.000000  0.999993  0.000080  -0.003742  -0.000079  1.000000  0.000334  0.003742  -0.000334  0.999993  0.999997  0.000039  -0.002408  -0.000038  1.000000  0.000243  0.002408  -0.000243  0.999997  1.000000  0.000000  0.000000  0.000000  1.000000  0.000000  0.000000  0.000000  1.000000  0.999993  0.000080  -0.003742  -0.000079  1.000000  0.000334  0.003742  -0.000334  0.999993  0.000046  0.000000  
106.972846 -0.000281  0.088389  -0.003415  0.994430  -0.000770  -0.105397  0.002457  0.999871  0.015871  0.105371  -0.016042  0.994304  -0.001737  -0.006860  0.000668  0.000000  0.000000  0.000000  2.000000  0.999993  0.000080  -0.003742  -0.000079  1.000000  0.000334  0.003742  -0.000334  0.999993  0.999998  0.000035  -0.002140  -0.000034  1.000000  0.000243  0.002141  -0.000243  0.999998  1.000000  0.000000  0.000000  0.000000  1.000000  0.000000  0.000000  0.000000  1.000000  0.999993  0.000080  -0.003742  -0.000079  1.000000  0.000334  0.003742  -0.000334  0.999993  0.000043  0.000000  
106.974089 -0.000281  0.088381  -0.003413  0.994430  -0.000770  -0.105397  0.002457  0.999871  0.015871  0.105371  -0.016042  0.994304  -0.001584  -0.006805  0.000903  0.000000  0.000000  0.000000  2.000000  0.999993  0.000080  -0.003742  -0.000079  1.000000  0.000334  0.003742  -0.000334  0.999993  0.999999  0.000024  -0.001472  -0.000024  1.000000  0.000121  0.001472  -0.000121  0.999999  1.000000  0.000000  0.000000  0.000000  1.000000  0.000000  0.000000  0.000000  1.000000  0.999993  0.000080  -0.003742  -0.000079  1.000000  0.000334  0.003742  -0.000334  0.999993  0.000000  0.000000  
106.975092 -0.000281  0.088375  -0.003411  0.994430  -0.000770  -0.105397  0.002457  0.999871  0.015871  0.105371  -0.016042  0.994304  -0.001430  -0.006713  0.001049  0.000000  0.000000  0.000000  2.000000  0.999993  0.000080  -0.003742  -0.000079  1.000000  0.000334  0.003742  -0.000334  0.999993  0.999999  0.000017  -0.001070  -0.000017  1.000000  0.000121  0.001070  -0.000121  0.999999  1.000000  0.000000  0.000000  0.000000  1.000000  0.000000  0.000000  0.000000  1.000000  0.999993  0.000080  -0.003742  -0.000079  1.000000  0.000334  0.003742  -0.000334  0.999993  0.000000  0.000000  
106.976094 -0.000282  0.088369  -0.003410  0.994445  -0.000567  -0.105261  0.002252  0.999871  0.015893  0.105238  -0.016042  0.994318  -0.001348  -0.006756  0.001093  0.000000  0.000000  0.000000  2.000000  0.999993  0.000080  -0.003742  -0.000079  1.000000  0.000334  0.003742  -0.000334  0.999993  1.000000  0.000218  -0.000799  -0.000218  1.000000  0.000022  0.000799  -0.000021  1.000000  1.000000  0.000000  0.000000  0.000000  1.000000  0.000000  0.000000  0.000000  1.000000  0.999993  0.000080  -0.003742  -0.000079  1.000000  0.000334  0.003742  -0.000334  0.999993  0.000000  0.000000  
106.977094 -0.000282  0.088363  -0.003410  0.994459  -0.000582  -0.105128  0.002252  0.999873  0.015772  0.105105  -0.015922  0.994334  -0.001237  -0.006748  0.001082  0.000000  0.000000  0.000000  2.000000  0.999993  0.000080  -0.003742  -0.000079  1.000000  0.000334  0.003742  -0.000334  0.999993  1.000000  0.000211  -0.000398  -0.000211  1.000000  -0.000100  0.000398  0.000100  1.000000  1.000000  0.000000  0.000000  0.000000  1.000000  0.000000  0.000000  0.000000  1.000000  0.999993  0.000080  -0.003742  -0.000079  1.000000  0.000334  0.003742  -0.000334  0.999993  0.000000  0.000000  
106.978100 -0.000283  0.088356  -0.003410  0.994473  -0.000584  -0.104995  0.002252  0.999873  0.015773  0.104972  -0.015922  0.994348  -0.001161  -0.006791  0.001030  0.000000  0.000000  0.000000  2.000000  0.999993  0.000080  -0.003742  -0.000079  1.000000  0.000334  0.003742  -0.000334  0.999993  1.000000  0.000207  -0.000131  -0.000207  1.000000  -0.000100  0.000130  0.000100  1.000000  1.000000  0.000000  0.000000  0.000000  1.000000  0.000000  0.000000  0.000000  1.000000  0.999993  0.000080  -0.003742  -0.000079  1.000000  0.000334  0.003742  -0.000334  0.999993  0.000000  0.000000  
106.979344 -0.000284  0.088348  -0.003410  0.994487  -0.000380  -0.104858  0.002047  0.999873  0.015795  0.104839  -0.015922  0.994362  -0.001056  -0.006812  0.000897  0.000000  0.000000  0.000000  2.000000  0.999993  0.000080  -0.003742  -0.000079  1.000000  0.000334  0.003742  -0.000334  0.999993  1.000000  0.000407  0.000140  -0.000407  1.000000  0.000043  -0.000140  -0.000043  1.000000  1.000000  0.000000  0.000000  0.000000  1.000000  0.000000  0.000000  0.000000  1.000000  0.999993  0.000080  -0.003742  -0.000079  1.000000  0.000334  0.003742  -0.000334  0.999993  0.000000  0.000000  
106.980594 -0.000285  0.088339  -0.003411  0.994501  -0.000395  -0.104725  0.002047  0.999875  0.015674  0.104706  -0.015802  0.994378  -0.000941  -0.006779  0.000806  0.000000  0.000000  0.000000  2.000000  0.999993  0.000080  -0.003742  -0.000079  1.000000  0.000334  0.003742  -0.000334  0.999993  1.000000  0.000403  0.000408  -0.000403  1.000000  -0.000078  -0.000408  0.000078  1.000000  1.000000  0.000000  0.000000  0.000000  1.000000  0.000000  0.000000  0.000000  1.000000  0.999993  0.000080  -0.003742  -0.000079  1.000000  0.000334  0.003742  -0.000334  0.999993  0.000000  0.000000  
106.981840 -0.000286  0.088331  -0.003412  0.994502  -0.000189  -0.104722  0.001843  0.999875  0.015695  0.104706  -0.015802  0.994378  -0.000862  -0.006673  0.000758  0.000000  0.000000  0.000000  2.000000  0.999993  0.000080  -0.003742  -0.000079  1.000000  0.000334  0.003742  -0.000334  0.999993  1.000000  0.000603  0.000679  -0.000603  1.000000  -0.000057  -0.000679  0.000056  1.000000  1.000000  0.000000  0.000000  0.000000  1.000000  0.000000  0.000000  0.000000  1.000000  0.999993  0.000080  -0.003742  -0.000079  1.000000  0.000334  0.003742  -0.000334  0.999993  0.000000  0.000000  
106.983091 -0.000288  0.088323  -0.003412  0.994516  -0.000191  -0.104589  0.001843  0.999875  0.015695  0.104573  -0.015802  0.994392  -0.000793  -0.006545  0.000785  0.000000  0.000000  0.000000  2.000000  0.999993  0.000080  -0.003742  -0.000079  1.000000  0.000334  0.003742  -0.000334  0.999993  0.999999  0.000601  0.000812  -0.000601  1.000000  -0.000057  -0.000813  0.000056  1.000000  1.000000  0.000000  0.000000  0.000000  1.000000  0.000000  0.000000  0.000000  1.000000  0.999993  0.000080  -0.003742  -0.000079  1.000000  0.000334  0.003742  -0.000334  0.999993  0.000000  0.000000  
106.984341 -0.000290  0.088315  -0.003411  0.994516  -0.000178  -0.104589  0.001843  0.999873  0.015817  0.104573  -0.015923  0.994390  -0.000806  -0.006457  0.000711  0.000000  0.000000  0.000000  2.000000  0.999993  0.000080  -0.003742  -0.000079  1.000000  0.000334  0.003742  -0.000334  0.999993  0.999999  0.000599  0.000946  -0.000599  1.000000  -0.000057  -0.000946  0.000056  1.000000  1.000000  0.000000  0.000000  0.000000  1.000000  0.000000  0.000000  0.000000  1.000000  0.999993  0.000080  -0.003742  -0.000079  1.000000  0.000334  0.003742  -0.000334  0.999993  0.000000  0.000000  
106.985592 -0.000292  0.088308  -0.003411  0.994516  0.000028  -0.104586  0.001638  0.999873  0.015838  0.104573  -0.015923  0.994390  -0.000836  -0.006397  0.000584  0.000000  0.000000  0.000000  2.000000  0.999993  0.000080  -0.003742  -0.000079  1.000000  0.000334  0.003742  -0.000334  0.999993  0.999999  0.000802  0.001083  -0.000802  1.000000  -0.000035  -0.001083  0.000034  0.999999  1.000000  0.000000  0.000000  0.000000  1.000000  0.000000  0.000000  0.000000  1.000000  0.999993  0.000080  -0.003742  -0.000079  1.000000  0.000334  0.003742  -0.000334  0.999993  0.000000  0.000000  
106.986839 -0.000294  0.088299  -0.003411  0.994530  0.000025  -0.104453  0.001638  0.999873  0.015839  0.104440  -0.015923  0.994404  -0.000915  -0.006393  0.000387  0.000000  0.000000  0.000000  2.000000  0.999993  0.000080  -0.003742  -0.000079  1.000000  0.000334  0.003742  -0.000334  0.999993  0.999999  0.000802  0.001083  -0.000802  1.000000  -0.000035  -0.001083  0.000034  0.999999  1.000000  0.000000  0.000000  0.000000  1.000000  0.000000  0.000000  0.000000  1.000000  0.999993  0.000080  -0.003742  -0.000079  1.000000  0.000334  0.003742  -0.000334  0.999993  0.000000  0.000000  
106.987840 -0.000296  0.088293  -0.003412  0.994530  0.000231  -0.104449  0.001433  0.999873  0.015860  0.104440  -0.015923  0.994404  -0.000996  -0.006397  0.000241  0.000000  0.000000  0.000000  2.000000  0.999993  0.000080  -0.003742  -0.000079  1.000000  0.000334  0.003742  -0.000334  0.999993  0.999999  0.000799  0.001217  -0.000799  1.000000  -0.000035  -0.001217  0.000034  0.999999  1.000000  0.000000  0.000000  0.000000  1.000000  0.000000  0.000000  0.000000  1.000000  0.999993  0.000080  -0.003742  -0.000079  1.000000  0.000334  0.003742  -0.000334  0.999993  0.000000  0.000000  
106.989089 -0.000298  0.088285  -0.003413  0.994530  0.000219  -0.104449  0.001433  0.999875  0.015739  0.104440  -0.015802  0.994406  -0.001134  -0.006398  -0.000044  0.000000  0.000000  0.000000  2.000000  0.999993  0.000080  -0.003742  -0.000079  1.000000  0.000334  0.003742  -0.000334  0.999993  0.999999  0.001006  0.001087  -0.001006  0.999999  -0.000135  -0.001087  0.000134  0.999999  1.000000  0.000000  0.000000  0.000000  1.000000  0.000000  0.000000  0.000000  1.000000  0.999993  0.000080  -0.003742  -0.000079  1.000000  0.000334  0.003742  -0.000334  0.999993  0.000000  0.000000  
106.990094 -0.000300  0.088279  -0.003414  0.994530  0.000424  -0.104446  0.001228  0.999875  0.015760  0.104440  -0.015802  0.994406  -0.001259  -0.006449  -0.000231  0.000000  0.000000  0.000000  2.000000  0.999993  0.000080  -0.003742  -0.000079  1.000000  0.000334  0.003742  -0.000334  0.999993  0.999999  0.001006  0.001087  -0.001006  0.999999  -0.000135  -0.001087  0.000134  0.999999  1.000000  0.000000  0.000000  0.000000  1.000000  0.000000  0.000000  0.000000  1.000000  0.999993  0.000080  -0.003742  -0.000079  1.000000  0.000334  0.003742  -0.000334  0.999993  0.000000  0.000000  
106.991344 -0.000303  0.088271  -0.003416  0.994530  0.000424  -0.104446  0.001228  0.999875  0.015760  0.104440  -0.015802  0.994406  -0.001408  -0.006457  -0.000426  0.000000  0.000000  0.000000  2.000000  0.999993  0.000080  -0.003742  -0.000079  1.000000  0.000334  0.003742  -0.000334  0.999993  0.999999  0.001211  0.001090  -0.001211  0.999999  -0.000114  -0.001090  0.000112  0.999999  1.000000  0.000000  0.000000  0.000000  1.000000  0.000000  0.000000  0.000000  1.000000  0.999993  0.000080  -0.003742  -0.000079  1.000000  0.000334  0.003742  -0.000334  0.999993  0.000000  0.000000  
106.992589 -0.000307  0.088262  -0.003419  0.994530  0.000424  -0.104446  0.001228  0.999875  0.015760  0.104440  -0.015802  0.994406  -0.001641  -0.006519  -0.000642  0.000000  0.000000  0.000000  2.000000  0.999993  0.000080  -0.003742  -0.000079  1.000000  0.000334  0.003742  -0.000334  0.999993  0.999999  0.001211  0.001090  -0.001211  0.999999  -0.000114  -0.001090  0.000112  0.999999  1.000000  0.000000  0.000000  0.000000  1.000000  0.000000  0.000000  0.000000  1.000000  0.999993  0.000080  -0.003742  -0.000079  1.000000  0.000334  0.003742  -0.000334  0.999993  0.000000  0.000000  
106.993589 -0.000310  0.088255  -0.003420  0.994517  0.000620  -0.104576  0.001024  0.999877  0.015660  0.104573  -0.015682  0.994394  -0.001804  -0.006509  -0.000700  0.000000  0.000000  0.000000  2.000000  0.999993  0.000080  -0.003742  -0.000079  1.000000  0.000334  0.003742  -0.000334  0.999993  0.999999  0.001420  0.000825  -0.001420  0.999999  -0.000213  -0.000826  0.000212  1.000000  1.000000  0.000000  0.000000  0.000000  1.000000  0.000000  0.000000  0.000000  1.000000  0.999993  0.000080  -0.003742  -0.000079  1.000000  0.000334  0.003742  -0.000334  0.999993  0.000000  0.000000  
106.994590 -0.000312  0.088249  -0.003422  0.994517  0.000620  -0.104576  0.001024  0.999877  0.015660  0.104573  -0.015682  0.994394  -0.001902  -0.006475  -0.000774  0.000000  0.000000  0.000000  2.000000  0.999993  0.000080  -0.003742  -0.000079  1.000000  0.000334  0.003742  -0.000334  0.999993  0.999999  0.001420  0.000825  -0.001420  0.999999  -0.000213  -0.000826  0.000212  1.000000  1.000000  0.000000  0.000000  0.000000  1.000000  0.000000  0.000000  0.000000  1.000000  0.999993  0.000080  -0.003742  -0.000079  1.000000  0.000334  0.003742  -0.000334  0.999993  0.000000  0.000000  
106.995843 -0.000316  0.088241  -0.003424  0.994517  0.000620  -0.104576  0.001024  0.999877  0.015660  0.104573  -0.015682  0.994394  -0.002097  -0.006413  -0.000823  0.000000  0.000000  0.000000  2.000000  0.999993  0.000080  -0.003742  -0.000079  1.000000  0.000334  0.003742  -0.000334  0.999993  0.999999  0.001218  0.000688  -0.001218  0.999999  -0.000235  -0.000689  0.000234  1.000000  1.000000  0.000000  0.000000  0.000000  1.000000  0.000000  0.000000  0.000000  1.000000  0.999993  0.000080  -0.003742  -0.000079  1.000000  0.000334  0.003742  -0.000334  0.999993  0.000000  0.000000  
106.997090 -0.000320  0.088233  -0.003426  0.994517  0.000826  -0.104573  0.000819  0.999877  0.015682  0.104573  -0.015682  0.994394  -0.002246  -0.006457  -0.000923  0.000000  0.000000  0.000000  2.000000  0.999993  0.000080  -0.003742  -0.000079  1.000000  0.000334  0.003742  -0.000334  0.999993  0.999999  0.001424  0.000558  -0.001424  0.999999  -0.000092  -0.000558  0.000091  1.000000  1.000000  0.000000  0.000000  0.000000  1.000000  0.000000  0.000000  0.000000  1.000000  0.999993  0.000080  -0.003742  -0.000079  1.000000  0.000334  0.003742  -0.000334  0.999993  0.000000  0.000000  
106.998091 -0.000324  0.088226  -0.003428  0.994517  0.000826  -0.104573  0.000819  0.999877  0.015682  0.104573  -0.015682  0.994394  -0.002373  -0.006488  -0.001062  0.000000  0.000000  0.000000  2.000000  0.999993  0.000080  -0.003742  -0.000079  1.000000  0.000334  0.003742  -0.000334  0.999993  0.999999  0.001427  0.000424  -0.001427  0.999999  -0.000092  -0.000424  0.000091  1.000000  1.000000  0.000000  0.000000  0.000000  1.000000  0.000000  0.000000  0.000000  1.000000  0.999993  0.000080  -0.003742  -0.000079  1.000000  0.000334  0.003742  -0.000334  0.999993  0.000000  0.000000  
106.999344 -0.000329  0.088217  -0.003431  0.994517  0.000826  -0.104573  0.000819  0.999877  0.015682  0.104573  -0.015682  0.994394  -0.002618  -0.006593  -0.001334  0.000000  0.000000  0.000000  2.000000  0.999993  0.000080  -0.003742  -0.000079  1.000000  0.000334  0.003742  -0.000334  0.999993  0.999999  0.001224  0.000287  -0.001224  0.999999  -0.000113  -0.000287  0.000113  1.000000  1.000000  0.000000  0.000000  0.000000  1.000000  0.000000  0.000000  0.000000  1.000000  0.999993  0.000080  -0.003742  -0.000079  1.000000  0.000334  0.003742  -0.000334  0.999993  0.000000  0.000000  
107.000589 -0.000334  0.088207  -0.003435  0.994517  0.000826  -0.104573  0.000819  0.999877  0.015682  0.104573  -0.015682  0.994394  -0.002823  -0.006674  -0.001599  0.000000  0.000000  0.000000  2.000000  0.999993  0.000080  -0.003742  -0.000079  1.000000  0.000334  0.003742  -0.000334  0.999993  0.999999  0.001226  0.000153  -0.001226  0.999999  0.000008  -0.000153  -0.000008  1.000000  1.000000  0.000000  0.000000  0.000000  1.000000  0.000000  0.000000  0.000000  1.000000  0.999993  0.000080  -0.003742  -0.000079  1.000000  0.000334  0.003742  -0.000334  0.999993  0.000000  0.000000  
107.001591 -0.000339  0.088200  -0.003438  0.994503  0.001033  -0.104703  0.000614  0.999877  0.015703  0.104706  -0.015681  0.994380  -0.003044  -0.006756  -0.001861  0.000000  0.000000  0.000000  2.000000  0.999993  0.000080  -0.003742  -0.000079  1.000000  0.000334  0.003742  -0.000334  0.999993  0.999999  0.001226  0.000153  -0.001226  0.999999  0.000008  -0.000153  -0.000008  1.000000  1.000000  0.000000  0.000000  0.000000  1.000000  0.000000  0.000000  0.000000  1.000000  0.999993  0.000080  -0.003742  -0.000079  1.000000  0.000334  0.003742  -0.000334  0.999993  0.000000  0.000000  
107.002839 -0.000344  0.088191  -0.003443  0.994503  0.001033  -0.104703  0.000614  0.999877  0.015703  0.104706  -0.015681  0.994380  -0.003218  -0.006827  -0.002057  0.000000  0.000000  0.000000  2.000000  0.999993  0.000080  -0.003742  -0.000079  1.000000  0.000334  0.003742  -0.000334  0.999993  0.999999  0.001228  0.000019  -0.001228  0.999999  0.000008  -0.000019  -0.000008  1.000000  1.000000  0.000000  0.000000  0.000000  1.000000  0.000000  0.000000  0.000000  1.000000  0.999993  0.000080  -0.003742  -0.000079  1.000000  0.000334  0.003742  -0.000334  0.999993  0.000000  0.000000  
107.003839 -0.000348  0.088183  -0.003446  0.994503  0.001033  -0.104703  0.000614  0.999877  0.015703  0.104706  -0.015681  0.994380  -0.003398  -0.006901  -0.002202  0.000000  0.000000  0.000000  2.000000  0.999993  0.000080  -0.003742  -0.000079  1.000000  0.000334  0.003742  -0.000334  0.999993  0.999999  0.001230  -0.000114  -0.001230  0.999999  0.000008  0.000114  -0.000008  1.000000  1.000000  0.000000  0.000000  0.000000  1.000000  0.000000  0.000000  0.000000  1.000000  0.999993  0.000080  -0.003742  -0.000079  1.000000  0.000334  0.003742  -0.000334  0.999993  0.000000  0.000000  
107.004842 -0.000353  0.088176  -0.003448  0.994503  0.001033  -0.104703  0.000614  0.999877  0.015703  0.104706  -0.015681  0.994380  -0.003563  -0.006979  -0.002256  0.000000  0.000000  0.000000  2.000000  0.999993  0.000080  -0.003742  -0.000079  1.000000  0.000334  0.003742  -0.000334  0.999993  0.999999  0.001230  -0.000114  -0.001230  0.999999  -0.000113  0.000114  0.000113  1.000000  1.000000  0.000000  0.000000  0.000000  1.000000  0.000000  0.000000  0.000000  1.000000  0.999993  0.000080  -0.003742  -0.000079  1.000000  0.000334  0.003742  -0.000334  0.999993  0.000000  0.000000  
