1-Time 2-Px 3-Py 4-Pz 5-R11 6-R21 7-R31 8-R12 9-R22 10-R32 11-R13 12-R23 13-R33 14-Vx 15-Vy 16-Vz 17-Wx 18-Wy 19-Wz 20-state 21-PR11 22-PR21 23-PR31 24-PR12 25-PR22 26-PR32 27-PR13 28-PR23 29-PR33 
32.686574 -0.001845  0.088403  0.000803  0.998520  0.031771  -0.044132  -0.029816  0.998575  0.044263  0.045476  -0.042882  0.998045  -0.000098  0.000121  0.000366  0.000000  0.000000  0.000000  2.000000  1.000000  0.000000  0.000000  -0.000000  1.000000  0.000000  0.000000  -0.000000  1.000000  0.999998  -0.000964  -0.001515  0.000964  1.000000  -0.000047  0.001515  0.000045  0.999999  1.000000  0.000000  0.000000  0.000000  1.000000  0.000000  0.000000  0.000000  1.000000  0.780963  0.569314  -0.256862  -0.561156  0.820146  0.111647  0.274227  0.056947  0.959977  0.000000  0.000000  
32.687582 -0.001845  0.088403  0.000802  0.998514  0.031776  -0.044266  -0.029816  0.998575  0.044267  0.045610  -0.042881  0.998039  -0.000084  0.000117  0.000335  0.000000  0.000000  0.000000  2.000000  1.000000  0.000000  0.000000  0.000000  1.000000  0.000000  0.000000  0.000000  1.000000  0.999998  -0.000958  -0.001648  0.000958  1.000000  -0.000047  0.001648  0.000045  0.999999  1.000000  0.000000  0.000000  0.000000  1.000000  0.000000  0.000000  0.000000  1.000000  1.000000  0.000000  0.000000  0.000000  1.000000  0.000000  0.000000  0.000000  1.000000  0.000000  0.000000  
32.688582 -0.001846  0.088401  0.000801  0.998508  0.031787  -0.044396  -0.029816  0.998569  0.044392  0.045743  -0.043002  0.998027  -0.000131  -0.000035  0.000248  0.000000  0.000000  0.000000  2.000000  1.000000  0.000000  0.000000  0.000000  1.000000  0.000000  0.000000  0.000000  1.000000  0.999998  -0.000964  -0.001515  0.000964  1.000000  -0.000047  0.001515  0.000045  0.999999  1.000000  0.000000  0.000000  0.000000  1.000000  0.000000  0.000000  0.000000  1.000000  1.000000  0.000000  0.000000  0.000000  1.000000  0.000000  0.000000  0.000000  1.000000  0.000000  0.000000  
32.689832 -0.001848  0.088396  0.000800  0.998502  0.031793  -0.044529  -0.029815  0.998569  0.044396  0.045877  -0.043002  0.998021  -0.000200  -0.000331  0.000136  0.000000  0.000000  0.000000  2.000000  1.000000  0.000000  0.000000  0.000000  1.000000  0.000000  0.000000  0.000000  1.000000  0.999998  -0.000747  -0.001773  0.000747  1.000000  0.000084  0.001773  -0.000085  0.999998  1.000000  0.000000  0.000000  0.000000  1.000000  0.000000  0.000000  0.000000  1.000000  1.000000  0.000000  0.000000  0.000000  1.000000  0.000000  0.000000  0.000000  1.000000  0.000000  0.000000  
32.691082 -0.001850  0.088391  0.000800  0.998490  0.031810  -0.044792  -0.029815  0.998563  0.044525  0.046144  -0.043122  0.998004  -0.000309  -0.000671  0.000046  0.000000  0.000000  0.000000  2.000000  1.000000  0.000000  0.000000  0.000000  1.000000  0.000000  0.000000  0.000000  1.000000  0.999998  -0.000741  -0.001907  0.000741  1.000000  0.000205  0.001907  -0.000206  0.999998  1.000000  0.000000  0.000000  0.000000  1.000000  0.000000  0.000000  0.000000  1.000000  1.000000  0.000000  0.000000  0.000000  1.000000  0.000000  0.000000  0.000000  1.000000  0.000000  0.000000  
32.692083 -0.001851  0.088387  0.000800  0.998484  0.031821  -0.044922  -0.029815  0.998558  0.044650  0.046278  -0.043243  0.997992  -0.000362  -0.000938  -0.000015  0.000000  0.000000  0.000000  2.000000  1.000000  0.000000  0.000000  0.000000  1.000000  0.000000  0.000000  0.000000  1.000000  0.999998  -0.000741  -0.001907  0.000741  1.000000  0.000326  0.001907  -0.000327  0.999998  1.000000  0.000000  0.000000  0.000000  1.000000  0.000000  0.000000  0.000000  1.000000  1.000000  0.000000  0.000000  0.000000  1.000000  0.000000  0.000000  0.000000  1.000000  0.000000  0.000000  
32.693329 -0.001853  0.088382  0.000800  0.998471  0.031838  -0.045185  -0.029815  0.998552  0.044779  0.046545  -0.043364  0.997975  -0.000487  -0.001314  -0.000022  0.000000  0.000000  0.000000  2.000000  1.000000  0.000000  0.000000  0.000000  1.000000  0.000000  0.000000  0.000000  1.000000  0.999998  -0.000735  -0.002041  0.000736  1.000000  0.000447  0.002040  -0.000448  0.999998  1.000000  0.000000  0.000000  0.000000  1.000000  0.000000  0.000000  0.000000  1.000000  1.000000  0.000000  0.000000  0.000000  1.000000  0.000000  0.000000  0.000000  1.000000  0.000000  0.000000  
32.694329 -0.001855  0.088378  0.000801  0.998459  0.032055  -0.045305  -0.030020  0.998540  0.044914  0.046679  -0.043484  0.997963  -0.000605  -0.001575  -0.000053  0.000000  0.000000  0.000000  2.000000  1.000000  0.000000  0.000000  0.000000  1.000000  0.000000  0.000000  0.000000  1.000000  0.999998  -0.000523  -0.002166  0.000524  1.000000  0.000456  0.002165  -0.000458  0.999998  1.000000  0.000000  0.000000  0.000000  1.000000  0.000000  0.000000  0.000000  1.000000  1.000000  0.000000  0.000000  0.000000  1.000000  0.000000  0.000000  0.000000  1.000000  0.000000  0.000000  
32.695332 -0.001857  0.088375  0.000802  0.998453  0.032067  -0.045435  -0.030020  0.998534  0.045039  0.046812  -0.043605  0.997951  -0.000675  -0.001781  -0.000014  0.000000  0.000000  0.000000  2.000000  1.000000  0.000000  0.000000  0.000000  1.000000  0.000000  0.000000  0.000000  1.000000  0.999998  -0.000317  -0.002157  0.000319  1.000000  0.000587  0.002157  -0.000588  0.999998  1.000000  0.000000  0.000000  0.000000  1.000000  0.000000  0.000000  0.000000  1.000000  1.000000  0.000000  0.000000  0.000000  1.000000  0.000000  0.000000  0.000000  1.000000  0.000000  0.000000  
32.696579 -0.001859  0.088372  0.000802  0.998434  0.032284  -0.045692  -0.030225  0.998527  0.045056  0.047080  -0.043605  0.997939  -0.000801  -0.002060  -0.000003  0.000000  0.000000  0.000000  2.000000  1.000000  0.000000  0.000000  0.000000  1.000000  0.000000  0.000000  0.000000  1.000000  0.999997  -0.000106  -0.002281  0.000108  1.000000  0.000597  0.002281  -0.000597  0.999997  1.000000  0.000000  0.000000  0.000000  1.000000  0.000000  0.000000  0.000000  1.000000  1.000000  0.000000  0.000000  0.000000  1.000000  0.000000  0.000000  0.000000  1.000000  0.000000  0.000000  
32.697581 -0.001860  0.088369  0.000802  0.998427  0.032295  -0.045822  -0.030225  0.998521  0.045181  0.047213  -0.043725  0.997927  -0.000870  -0.002226  -0.000017  0.000000  0.000000  0.000000  2.000000  1.000000  0.000000  0.000000  0.000000  1.000000  0.000000  0.000000  0.000000  1.000000  0.999997  -0.000106  -0.002281  0.000108  1.000000  0.000718  0.002281  -0.000718  0.999997  1.000000  0.000000  0.000000  0.000000  1.000000  0.000000  0.000000  0.000000  1.000000  1.000000  0.000000  0.000000  0.000000  1.000000  0.000000  0.000000  0.000000  1.000000  0.000000  0.000000  
32.698828 -0.001862  0.088367  0.000802  0.998415  0.032307  -0.046089  -0.030224  0.998521  0.045189  0.047481  -0.043725  0.997915  -0.001058  -0.002457  -0.000028  0.000000  0.000000  0.000000  2.000000  1.000000  0.000000  0.000000  0.000000  1.000000  0.000000  0.000000  0.000000  1.000000  0.999997  0.000105  -0.002406  -0.000104  1.000000  0.000728  0.002406  -0.000728  0.999997  1.000000  0.000000  0.000000  0.000000  1.000000  0.000000  0.000000  0.000000  1.000000  1.000000  0.000000  0.000000  0.000000  1.000000  0.000000  0.000000  0.000000  1.000000  0.000000  0.000000  
32.699846 -0.001864  0.088365  0.000803  0.998402  0.032319  -0.046356  -0.030224  0.998521  0.045198  0.047748  -0.043724  0.997902  -0.001209  -0.002587  0.000008  0.000000  0.000000  0.000000  2.000000  1.000000  0.000000  0.000000  0.000000  1.000000  0.000000  0.000000  0.000000  1.000000  0.999997  0.000111  -0.002540  -0.000109  1.000000  0.000728  0.002540  -0.000728  0.999997  1.000000  0.000000  0.000000  0.000000  1.000000  0.000000  0.000000  0.000000  1.000000  1.000000  0.000000  0.000000  0.000000  1.000000  0.000000  0.000000  0.000000  1.000000  0.000000  0.000000  
32.701087 -0.001866  0.088362  0.000803  0.998383  0.032536  -0.046613  -0.030429  0.998514  0.045215  0.048015  -0.043724  0.997889  -0.001412  -0.002816  0.000028  0.000000  0.000000  0.000000  2.000000  1.000000  0.000000  0.000000  0.000000  1.000000  0.000000  0.000000  0.000000  1.000000  0.999996  0.000323  -0.002664  -0.000321  1.000000  0.000738  0.002665  -0.000737  0.999996  1.000000  0.000000  0.000000  0.000000  1.000000  0.000000  0.000000  0.000000  1.000000  1.000000  0.000000  0.000000  0.000000  1.000000  0.000000  0.000000  0.000000  1.000000  0.000000  0.000000  
32.702334 -0.001869  0.088358  0.000802  0.998370  0.032548  -0.046880  -0.030429  0.998513  0.045223  0.048283  -0.043723  0.997876  -0.001601  -0.003050  0.000017  0.000000  0.000000  0.000000  2.000000  1.000000  0.000000  0.000000  0.000000  1.000000  0.000000  0.000000  0.000000  1.000000  0.999996  0.000540  -0.002923  -0.000538  1.000000  0.000748  0.002923  -0.000746  0.999995  1.000000  0.000000  0.000000  0.000000  1.000000  0.000000  0.000000  0.000000  1.000000  1.000000  0.000000  0.000000  0.000000  1.000000  0.000000  0.000000  0.000000  1.000000  0.000000  0.000000  
32.703584 -0.001872  0.088353  0.000802  0.998364  0.032553  -0.047014  -0.030428  0.998513  0.045227  0.048416  -0.043723  0.997870  -0.001739  -0.003185  0.000023  0.000000  0.000000  0.000000  2.000000  1.000000  0.000000  0.000000  0.000000  1.000000  0.000000  0.000000  0.000000  1.000000  0.999995  0.000546  -0.003056  -0.000543  1.000000  0.000748  0.003057  -0.000746  0.999995  1.000000  0.000000  0.000000  0.000000  1.000000  0.000000  0.000000  0.000000  1.000000  1.000000  0.000000  0.000000  0.000000  1.000000  0.000000  0.000000  0.000000  1.000000  0.000000  0.000000  
32.704831 -0.001875  0.088347  0.000802  0.998357  0.032559  -0.047147  -0.030428  0.998513  0.045232  0.048550  -0.043723  0.997863  -0.001784  -0.003281  0.000129  0.000000  0.000000  0.000000  2.000000  1.000000  0.000000  0.000000  0.000000  1.000000  0.000000  0.000000  0.000000  1.000000  0.999995  0.000551  -0.003190  -0.000549  0.999999  0.000869  0.003191  -0.000868  0.999995  1.000000  0.000000  0.000000  0.000000  1.000000  0.000000  0.000000  0.000000  1.000000  1.000000  0.000000  0.000000  0.000000  1.000000  0.000000  0.000000  0.000000  1.000000  0.000000  0.000000  
32.705834 -0.001877  0.088342  0.000803  0.998344  0.032577  -0.047410  -0.030428  0.998507  0.045361  0.048817  -0.043843  0.997845  -0.001805  -0.003325  0.000223  0.000000  0.000000  0.000000  2.000000  1.000000  0.000000  0.000000  0.000000  1.000000  0.000000  0.000000  0.000000  1.000000  0.999995  0.000757  -0.003181  -0.000754  0.999999  0.001001  0.003182  -0.000998  0.999994  1.000000  0.000000  0.000000  0.000000  1.000000  0.000000  0.000000  0.000000  1.000000  1.000000  0.000000  0.000000  0.000000  1.000000  0.000000  0.000000  0.000000  1.000000  0.000000  0.000000  
32.707084 -0.001879  0.088335  0.000804  0.998338  0.032588  -0.047540  -0.030428  0.998501  0.045486  0.048951  -0.043964  0.997833  -0.001857  -0.003460  0.000259  0.000000  0.000000  0.000000  2.000000  1.000000  0.000000  0.000000  0.000000  1.000000  0.000000  0.000000  0.000000  1.000000  0.999994  0.000769  -0.003448  -0.000766  0.999999  0.001122  0.003449  -0.001120  0.999993  1.000000  0.000000  0.000000  0.000000  1.000000  0.000000  0.000000  0.000000  1.000000  1.000000  0.000000  0.000000  0.000000  1.000000  0.000000  0.000000  0.000000  1.000000  0.000000  0.000000  
32.708330 -0.001881  0.088328  0.000805  0.998324  0.032612  -0.047799  -0.030427  0.998490  0.045736  0.049218  -0.044205  0.997809  -0.001846  -0.003642  0.000289  0.000000  0.000000  0.000000  2.000000  1.000000  0.000000  0.000000  0.000000  1.000000  0.000000  0.000000  0.000000  1.000000  0.999994  0.000770  -0.003448  -0.000766  0.999999  0.001365  0.003449  -0.001362  0.999993  1.000000  0.000000  0.000000  0.000000  1.000000  0.000000  0.000000  0.000000  1.000000  1.000000  0.000000  0.000000  0.000000  1.000000  0.000000  0.000000  0.000000  1.000000  0.000000  0.000000  
32.709581 -0.001883  0.088320  0.000805  0.998311  0.032629  -0.048062  -0.030427  0.998484  0.045866  0.049485  -0.044326  0.997791  -0.001825  -0.003866  0.000264  0.000000  0.000000  0.000000  2.000000  1.000000  0.000000  0.000000  0.000000  1.000000  0.000000  0.000000  0.000000  1.000000  0.999993  0.000777  -0.003582  -0.000772  0.999999  0.001365  0.003583  -0.001362  0.999993  1.000000  0.000000  0.000000  0.000000  1.000000  0.000000  0.000000  0.000000  1.000000  1.000000  0.000000  0.000000  0.000000  1.000000  0.000000  0.000000  0.000000  1.000000  0.000000  0.000000  
32.710830 -0.001884  0.088312  0.000805  0.998305  0.032647  -0.048187  -0.030427  0.998473  0.046112  0.049619  -0.044568  0.997773  -0.001777  -0.004137  0.000201  0.000000  0.000000  0.000000  2.000000  1.000000  0.000000  0.000000  0.000000  1.000000  0.000000  0.000000  0.000000  1.000000  0.999993  0.000778  -0.003581  -0.000772  0.999998  0.001608  0.003583  -0.001605  0.999992  1.000000  0.000000  0.000000  0.000000  1.000000  0.000000  0.000000  0.000000  1.000000  1.000000  0.000000  0.000000  0.000000  1.000000  0.000000  0.000000  0.000000  1.000000  0.000000  0.000000  
32.711834 -0.001885  0.088306  0.000805  0.998298  0.032459  -0.048460  -0.030221  0.998474  0.046231  0.049886  -0.044688  0.997755  -0.001769  -0.004353  0.000178  0.000000  0.000000  0.000000  2.000000  1.000000  0.000000  0.000000  0.000000  1.000000  0.000000  0.000000  0.000000  1.000000  0.999993  0.000778  -0.003581  -0.000772  0.999998  0.001608  0.003583  -0.001605  0.999992  1.000000  0.000000  0.000000  0.000000  1.000000  0.000000  0.000000  0.000000  1.000000  1.000000  0.000000  0.000000  0.000000  1.000000  0.000000  0.000000  0.000000  1.000000  0.000000  0.000000  
32.713080 -0.001886  0.088299  0.000804  0.998291  0.032471  -0.048589  -0.030221  0.998468  0.046356  0.050020  -0.044809  0.997743  -0.001672  -0.004628  0.000116  0.000000  0.000000  0.000000  2.000000  1.000000  0.000000  0.000000  0.000000  1.000000  0.000000  0.000000  0.000000  1.000000  0.999993  0.000573  -0.003590  -0.000568  0.999999  0.001476  0.003591  -0.001474  0.999992  1.000000  0.000000  0.000000  0.000000  1.000000  0.000000  0.000000  0.000000  1.000000  1.000000  0.000000  0.000000  0.000000  1.000000  0.000000  0.000000  0.000000  1.000000  0.000000  0.000000  
32.714080 -0.001886  0.088294  0.000804  0.998291  0.032477  -0.048585  -0.030221  0.998462  0.046477  0.050020  -0.044930  0.997737  -0.001562  -0.004817  0.000082  0.000000  0.000000  0.000000  2.000000  1.000000  0.000000  0.000000  0.000000  1.000000  0.000000  0.000000  0.000000  1.000000  0.999994  0.000356  -0.003332  -0.000351  0.999999  0.001466  0.003333  -0.001465  0.999993  1.000000  0.000000  0.000000  0.000000  1.000000  0.000000  0.000000  0.000000  1.000000  1.000000  0.000000  0.000000  0.000000  1.000000  0.000000  0.000000  0.000000  1.000000  0.000000  0.000000  
32.715330 -0.001887  0.088288  0.000803  0.998284  0.032489  -0.048715  -0.030220  0.998456  0.046603  0.050153  -0.045050  0.997725  -0.001486  -0.005061  0.000040  0.000000  0.000000  0.000000  2.000000  1.000000  0.000000  0.000000  0.000000  1.000000  0.000000  0.000000  0.000000  1.000000  0.999994  0.000356  -0.003332  -0.000351  0.999999  0.001466  0.003333  -0.001465  0.999993  1.000000  0.000000  0.000000  0.000000  1.000000  0.000000  0.000000  0.000000  1.000000  1.000000  0.000000  0.000000  0.000000  1.000000  0.000000  0.000000  0.000000  1.000000  0.000000  0.000000  
32.716335 -0.001888  0.088283  0.000804  0.998284  0.032489  -0.048715  -0.030220  0.998456  0.046603  0.050153  -0.045050  0.997725  -0.001430  -0.005258  0.000096  0.000000  0.000000  0.000000  2.000000  1.000000  0.000000  0.000000  0.000000  1.000000  0.000000  0.000000  0.000000  1.000000  0.999995  0.000145  -0.003208  -0.000140  0.999999  0.001456  0.003208  -0.001455  0.999994  1.000000  0.000000  0.000000  0.000000  1.000000  0.000000  0.000000  0.000000  1.000000  1.000000  0.000000  0.000000  0.000000  1.000000  0.000000  0.000000  0.000000  1.000000  0.000000  0.000000  
32.717336 -0.001889  0.088280  0.000805  0.998284  0.032495  -0.048711  -0.030220  0.998451  0.046724  0.050153  -0.045171  0.997719  -0.001320  -0.005248  0.000187  0.000000  0.000000  0.000000  2.000000  1.000000  0.000000  0.000000  0.000000  1.000000  0.000000  0.000000  0.000000  1.000000  0.999995  0.000139  -0.003074  -0.000134  0.999999  0.001456  0.003074  -0.001455  0.999994  1.000000  0.000000  0.000000  0.000000  1.000000  0.000000  0.000000  0.000000  1.000000  1.000000  0.000000  0.000000  0.000000  1.000000  0.000000  0.000000  0.000000  1.000000  0.000000  0.000000  
32.718581 -0.001889  0.088276  0.000806  0.998290  0.032289  -0.048720  -0.030015  0.998457  0.046714  0.050153  -0.045171  0.997719  -0.001166  -0.005109  0.000282  0.000000  0.000000  0.000000  2.000000  1.000000  0.000000  0.000000  0.000000  1.000000  0.000000  0.000000  0.000000  1.000000  0.999996  -0.000078  -0.002816  0.000082  0.999999  0.001445  0.002816  -0.001446  0.999995  1.000000  0.000000  0.000000  0.000000  1.000000  0.000000  0.000000  0.000000  1.000000  1.000000  0.000000  0.000000  0.000000  1.000000  0.000000  0.000000  0.000000  1.000000  0.000000  0.000000  
32.719834 -0.001890  0.088272  0.000808  0.998290  0.032289  -0.048720  -0.030015  0.998457  0.046714  0.050153  -0.045171  0.997719  -0.001019  -0.004976  0.000370  0.000000  0.000000  0.000000  2.000000  1.000000  0.000000  0.000000  0.000000  1.000000  0.000000  0.000000  0.000000  1.000000  0.999997  -0.000090  -0.002549  0.000094  0.999999  0.001445  0.002549  -0.001446  0.999996  1.000000  0.000000  0.000000  0.000000  1.000000  0.000000  0.000000  0.000000  1.000000  1.000000  0.000000  0.000000  0.000000  1.000000  0.000000  0.000000  0.000000  1.000000  0.000000  0.000000  
32.721083 -0.001891  0.088269  0.000811  0.998290  0.032289  -0.048720  -0.030015  0.998457  0.046714  0.050153  -0.045171  0.997719  -0.000898  -0.004780  0.000465  0.000000  0.000000  0.000000  2.000000  1.000000  0.000000  0.000000  0.000000  1.000000  0.000000  0.000000  0.000000  1.000000  0.999997  -0.000103  -0.002282  0.000106  0.999999  0.001445  0.002281  -0.001446  0.999996  1.000000  0.000000  0.000000  0.000000  1.000000  0.000000  0.000000  0.000000  1.000000  1.000000  0.000000  0.000000  0.000000  1.000000  0.000000  0.000000  0.000000  1.000000  0.000000  0.000000  
32.722084 -0.001892  0.088266  0.000812  0.998297  0.032090  -0.048726  -0.029809  0.998458  0.046825  0.050153  -0.045292  0.997714  -0.000886  -0.004644  0.000526  0.000000  0.000000  0.000000  2.000000  1.000000  0.000000  0.000000  0.000000  1.000000  0.000000  0.000000  0.000000  1.000000  0.999998  -0.000519  -0.002167  0.000523  0.999999  0.001546  0.002166  -0.001547  0.999996  1.000000  0.000000  0.000000  0.000000  1.000000  0.000000  0.000000  0.000000  1.000000  1.000000  0.000000  0.000000  0.000000  1.000000  0.000000  0.000000  0.000000  1.000000  0.000000  0.000000  
32.723333 -0.001893  0.088261  0.000813  0.998297  0.032095  -0.048722  -0.029809  0.998453  0.046946  0.050153  -0.045413  0.997708  -0.000809  -0.004411  0.000574  0.000000  0.000000  0.000000  2.000000  1.000000  0.000000  0.000000  0.000000  1.000000  0.000000  0.000000  0.000000  1.000000  0.999998  -0.000531  -0.001899  0.000534  0.999999  0.001546  0.001898  -0.001547  0.999997  1.000000  0.000000  0.000000  0.000000  1.000000  0.000000  0.000000  0.000000  1.000000  1.000000  0.000000  0.000000  0.000000  1.000000  0.000000  0.000000  0.000000  1.000000  0.000000  0.000000  
32.724581 -0.001895  0.088256  0.000814  0.998297  0.032095  -0.048722  -0.029809  0.998453  0.046946  0.050153  -0.045413  0.997708  -0.000761  -0.004220  0.000609  0.000000  0.000000  0.000000  2.000000  1.000000  0.000000  0.000000  0.000000  1.000000  0.000000  0.000000  0.000000  1.000000  0.999999  -0.000543  -0.001632  0.000546  0.999998  0.001667  0.001631  -0.001668  0.999997  1.000000  0.000000  0.000000  0.000000  1.000000  0.000000  0.000000  0.000000  1.000000  1.000000  0.000000  0.000000  0.000000  1.000000  0.000000  0.000000  0.000000  1.000000  0.000000  0.000000  
32.725832 -0.001896  0.088251  0.000815  0.998303  0.031902  -0.048724  -0.029604  0.998448  0.047178  0.050153  -0.045656  0.997697  -0.000732  -0.004000  0.000662  0.000000  0.000000  0.000000  2.000000  1.000000  0.000000  0.000000  0.000000  1.000000  0.000000  0.000000  0.000000  1.000000  0.999999  -0.000755  -0.001508  0.000757  0.999998  0.001657  0.001506  -0.001658  0.999997  1.000000  0.000000  0.000000  0.000000  1.000000  0.000000  0.000000  0.000000  1.000000  1.000000  0.000000  0.000000  0.000000  1.000000  0.000000  0.000000  0.000000  1.000000  0.000000  0.000000  
32.726894 -0.001896  0.088248  0.000816  0.998303  0.031908  -0.048720  -0.029604  0.998442  0.047299  0.050153  -0.045777  0.997692  -0.000722  -0.003877  0.000768  0.000000  0.000000  0.000000  2.000000  1.000000  0.000000  0.000000  0.000000  1.000000  0.000000  0.000000  0.000000  1.000000  0.999999  -0.000760  -0.001374  0.000763  0.999998  0.001899  0.001373  -0.001901  0.999997  1.000000  0.000000  0.000000  0.000000  1.000000  0.000000  0.000000  0.000000  1.000000  1.000000  0.000000  0.000000  0.000000  1.000000  0.000000  0.000000  0.000000  1.000000  0.000000  0.000000  
32.728080 -0.001897  0.088242  0.000817  0.998303  0.031914  -0.048716  -0.029604  0.998436  0.047420  0.050153  -0.045898  0.997686  -0.000718  -0.003812  0.000879  0.000000  0.000000  0.000000  2.000000  1.000000  0.000000  0.000000  0.000000  1.000000  0.000000  0.000000  0.000000  1.000000  0.999999  -0.000766  -0.001241  0.000769  0.999998  0.001899  0.001239  -0.001900  0.999997  1.000000  0.000000  0.000000  0.000000  1.000000  0.000000  0.000000  0.000000  1.000000  1.000000  0.000000  0.000000  0.000000  1.000000  0.000000  0.000000  0.000000  1.000000  0.000000  0.000000  
32.729098 -0.001897  0.088238  0.000818  0.998303  0.031919  -0.048712  -0.029604  0.998430  0.047541  0.050153  -0.046019  0.997681  -0.000734  -0.003719  0.000980  0.000000  0.000000  0.000000  2.000000  1.000000  0.000000  0.000000  0.000000  1.000000  0.000000  0.000000  0.000000  1.000000  0.999999  -0.000772  -0.001107  0.000774  0.999998  0.001778  0.001106  -0.001779  0.999998  1.000000  0.000000  0.000000  0.000000  1.000000  0.000000  0.000000  0.000000  1.000000  1.000000  0.000000  0.000000  0.000000  1.000000  0.000000  0.000000  0.000000  1.000000  0.000000  0.000000  
32.730335 -0.001899  0.088233  0.000818  0.998309  0.031726  -0.048715  -0.029398  0.998425  0.047774  0.050153  -0.046261  0.997670  -0.000761  -0.003673  0.000990  0.000000  0.000000  0.000000  2.000000  1.000000  0.000000  0.000000  0.000000  1.000000  0.000000  0.000000  0.000000  1.000000  0.999999  -0.000990  -0.000849  0.000991  0.999998  0.001768  0.000848  -0.001769  0.999998  1.000000  0.000000  0.000000  0.000000  1.000000  0.000000  0.000000  0.000000  1.000000  1.000000  0.000000  0.000000  0.000000  1.000000  0.000000  0.000000  0.000000  1.000000  0.000000  0.000000  
32.731580 -0.001899  0.088227  0.000818  0.998315  0.031725  -0.048577  -0.029398  0.998420  0.047891  0.050020  -0.046382  0.997671  -0.000734  -0.003687  0.000929  0.000000  0.000000  0.000000  2.000000  1.000000  0.000000  0.000000  0.000000  1.000000  0.000000  0.000000  0.000000  1.000000  0.999999  -0.001008  -0.000449  0.001009  0.999998  0.001647  0.000447  -0.001647  0.999999  1.000000  0.000000  0.000000  0.000000  1.000000  0.000000  0.000000  0.000000  1.000000  1.000000  0.000000  0.000000  0.000000  1.000000  0.000000  0.000000  0.000000  1.000000  0.000000  0.000000  
32.732587 -0.001899  0.088224  0.000818  0.998315  0.031725  -0.048577  -0.029398  0.998420  0.047891  0.050020  -0.046382  0.997671  -0.000680  -0.003645  0.000875  0.000000  0.000000  0.000000  2.000000  1.000000  0.000000  0.000000  0.000000  1.000000  0.000000  0.000000  0.000000  1.000000  0.999999  -0.001015  -0.000315  0.001015  0.999998  0.001647  0.000313  -0.001647  0.999999  1.000000  0.000000  0.000000  0.000000  1.000000  0.000000  0.000000  0.000000  1.000000  1.000000  0.000000  0.000000  0.000000  1.000000  0.000000  0.000000  0.000000  1.000000  0.000000  0.000000  
32.733597 -0.001899  0.088221  0.000817  0.998315  0.031731  -0.048573  -0.029398  0.998414  0.048012  0.050020  -0.046503  0.997665  -0.000640  -0.003688  0.000702  0.000000  0.000000  0.000000  2.000000  1.000000  0.000000  0.000000  0.000000  1.000000  0.000000  0.000000  0.000000  1.000000  1.000000  -0.000815  -0.000172  0.000816  0.999998  0.001657  0.000171  -0.001657  0.999999  1.000000  0.000000  0.000000  0.000000  1.000000  0.000000  0.000000  0.000000  1.000000  1.000000  0.000000  0.000000  0.000000  1.000000  0.000000  0.000000  0.000000  1.000000  0.000000  0.000000  
32.734834 -0.001899  0.088217  0.000816  0.998321  0.031526  -0.048583  -0.029193  0.998421  0.048002  0.050020  -0.046503  0.997665  -0.000594  -0.003720  0.000488  0.000000  0.000000  0.000000  2.000000  1.000000  0.000000  0.000000  0.000000  1.000000  0.000000  0.000000  0.000000  1.000000  0.999999  -0.001027  -0.000048  0.001027  0.999998  0.001525  0.000046  -0.001525  0.999999  1.000000  0.000000  0.000000  0.000000  1.000000  0.000000  0.000000  0.000000  1.000000  1.000000  0.000000  0.000000  0.000000  1.000000  0.000000  0.000000  0.000000  1.000000  0.000000  0.000000  
32.736084 -0.001900  0.088213  0.000815  0.998321  0.031532  -0.048579  -0.029193  0.998415  0.048123  0.050020  -0.046624  0.997659  -0.000566  -0.003722  0.000292  0.000000  0.000000  0.000000  2.000000  1.000000  0.000000  0.000000  0.000000  1.000000  0.000000  0.000000  0.000000  1.000000  0.999999  -0.001033  0.000086  0.001033  0.999998  0.001525  -0.000087  -0.001525  0.999999  1.000000  0.000000  0.000000  0.000000  1.000000  0.000000  0.000000  0.000000  1.000000  1.000000  0.000000  0.000000  0.000000  1.000000  0.000000  0.000000  0.000000  1.000000  0.000000  0.000000  
32.737333 -0.001900  0.088210  0.000814  0.998328  0.031525  -0.048446  -0.029193  0.998415  0.048119  0.049886  -0.046624  0.997666  -0.000494  -0.003661  0.000126  0.000000  0.000000  0.000000  2.000000  1.000000  0.000000  0.000000  0.000000  1.000000  0.000000  0.000000  0.000000  1.000000  0.999999  -0.001039  0.000219  0.001039  0.999998  0.001525  -0.000221  -0.001525  0.999999  1.000000  0.000000  0.000000  0.000000  1.000000  0.000000  0.000000  0.000000  1.000000  1.000000  0.000000  0.000000  0.000000  1.000000  0.000000  0.000000  0.000000  1.000000  0.000000  0.000000  
32.738338 -0.001899  0.088207  0.000813  0.998327  0.031326  -0.048589  -0.028987  0.998421  0.048113  0.050020  -0.046624  0.997659  -0.000383  -0.003551  0.000008  0.000000  0.000000  0.000000  2.000000  1.000000  0.000000  0.000000  0.000000  1.000000  0.000000  0.000000  0.000000  1.000000  0.999999  -0.001239  0.000076  0.001238  0.999998  0.001394  -0.000078  -0.001394  0.999999  1.000000  0.000000  0.000000  0.000000  1.000000  0.000000  0.000000  0.000000  1.000000  1.000000  0.000000  0.000000  0.000000  1.000000  0.000000  0.000000  0.000000  1.000000  0.000000  0.000000  
32.739584 -0.001900  0.088205  0.000813  0.998327  0.031326  -0.048589  -0.028987  0.998421  0.048113  0.050020  -0.046624  0.997659  -0.000324  -0.003397  -0.000070  0.000000  0.000000  0.000000  2.000000  1.000000  0.000000  0.000000  0.000000  1.000000  0.000000  0.000000  0.000000  1.000000  0.999999  -0.001033  0.000086  0.001033  0.999998  0.001404  -0.000087  -0.001404  0.999999  1.000000  0.000000  0.000000  0.000000  1.000000  0.000000  0.000000  0.000000  1.000000  1.000000  0.000000  0.000000  0.000000  1.000000  0.000000  0.000000  0.000000  1.000000  0.000000  0.000000  
32.740832 -0.001901  0.088202  0.000813  0.998333  0.031127  -0.048595  -0.028782  0.998422  0.048224  0.050020  -0.046745  0.997654  -0.000336  -0.003274  -0.000101  0.000000  0.000000  0.000000  2.000000  1.000000  0.000000  0.000000  0.000000  1.000000  0.000000  0.000000  0.000000  1.000000  0.999999  -0.001033  0.000086  0.001033  0.999998  0.001525  -0.000087  -0.001525  0.999999  1.000000  0.000000  0.000000  0.000000  1.000000  0.000000  0.000000  0.000000  1.000000  1.000000  0.000000  0.000000  0.000000  1.000000  0.000000  0.000000  0.000000  1.000000  0.000000  0.000000  
32.742080 -0.001901  0.088200  0.000814  0.998333  0.031127  -0.048595  -0.028782  0.998422  0.048224  0.050020  -0.046745  0.997654  -0.000334  -0.003085  -0.000164  0.000000  0.000000  0.000000  2.000000  1.000000  0.000000  0.000000  0.000000  1.000000  0.000000  0.000000  0.000000  1.000000  0.999999  -0.001033  0.000086  0.001033  0.999998  0.001525  -0.000087  -0.001525  0.999999  1.000000  0.000000  0.000000  0.000000  1.000000  0.000000  0.000000  0.000000  1.000000  1.000000  0.000000  0.000000  0.000000  1.000000  0.000000  0.000000  0.000000  1.000000  0.000000  0.000000  
32.743081 -0.001902  0.088197  0.000814  0.998327  0.031133  -0.048729  -0.028782  0.998422  0.048228  0.050153  -0.046745  0.997647  -0.000379  -0.002993  -0.000269  0.000000  0.000000  0.000000  2.000000  1.000000  0.000000  0.000000  0.000000  1.000000  0.000000  0.000000  0.000000  1.000000  0.999999  -0.001027  -0.000048  0.001027  0.999998  0.001404  0.000047  -0.001404  0.999999  1.000000  0.000000  0.000000  0.000000  1.000000  0.000000  0.000000  0.000000  1.000000  1.000000  0.000000  0.000000  0.000000  1.000000  0.000000  0.000000  0.000000  1.000000  0.000000  0.000000  
32.744329 -0.001904  0.088195  0.000814  0.998333  0.030933  -0.048735  -0.028576  0.998422  0.048339  0.050153  -0.046866  0.997641  -0.000410  -0.002782  -0.000307  0.000000  0.000000  0.000000  2.000000  1.000000  0.000000  0.000000  0.000000  1.000000  0.000000  0.000000  0.000000  1.000000  0.999999  -0.001232  -0.000058  0.001232  0.999998  0.001394  0.000056  -0.001394  0.999999  1.000000  0.000000  0.000000  0.000000  1.000000  0.000000  0.000000  0.000000  1.000000  1.000000  0.000000  0.000000  0.000000  1.000000  0.000000  0.000000  0.000000  1.000000  0.000000  0.000000  
32.745331 -0.001905  0.088192  0.000813  0.998333  0.030933  -0.048735  -0.028576  0.998422  0.048339  0.050153  -0.046866  0.997641  -0.000431  -0.002721  -0.000373  0.000000  0.000000  0.000000  2.000000  1.000000  0.000000  0.000000  0.000000  1.000000  0.000000  0.000000  0.000000  1.000000  0.999999  -0.001232  -0.000058  0.001232  0.999998  0.001394  0.000056  -0.001394  0.999999  1.000000  0.000000  0.000000  0.000000  1.000000  0.000000  0.000000  0.000000  1.000000  1.000000  0.000000  0.000000  0.000000  1.000000  0.000000  0.000000  0.000000  1.000000  0.000000  0.000000  
32.746334 -0.001907  0.088189  0.000811  0.998333  0.030939  -0.048731  -0.028576  0.998416  0.048460  0.050153  -0.046987  0.997636  -0.000530  -0.002605  -0.000456  0.000000  0.000000  0.000000  2.000000  1.000000  0.000000  0.000000  0.000000  1.000000  0.000000  0.000000  0.000000  1.000000  0.999999  -0.001027  -0.000048  0.001027  0.999998  0.001404  0.000047  -0.001404  0.999999  1.000000  0.000000  0.000000  0.000000  1.000000  0.000000  0.000000  0.000000  1.000000  1.000000  0.000000  0.000000  0.000000  1.000000  0.000000  0.000000  0.000000  1.000000  0.000000  0.000000  
32.747580 -0.001909  0.088185  0.000809  0.998338  0.030733  -0.048741  -0.028371  0.998423  0.048450  0.050153  -0.046987  0.997636  -0.000632  -0.002604  -0.000618  0.000000  0.000000  0.000000  2.000000  1.000000  0.000000  0.000000  0.000000  1.000000  0.000000  0.000000  0.000000  1.000000  0.999999  -0.001232  -0.000058  0.001232  0.999999  0.001151  0.000057  -0.001151  0.999999  1.000000  0.000000  0.000000  0.000000  1.000000  0.000000  0.000000  0.000000  1.000000  1.000000  0.000000  0.000000  0.000000  1.000000  0.000000  0.000000  0.000000  1.000000  0.000000  0.000000  
32.748580 -0.001910  0.088182  0.000806  0.998332  0.030746  -0.048871  -0.028370  0.998417  0.048575  0.050287  -0.047107  0.997623  -0.000752  -0.002569  -0.000730  0.000000  0.000000  0.000000  2.000000  1.000000  0.000000  0.000000  0.000000  1.000000  0.000000  0.000000  0.000000  1.000000  0.999999  -0.001226  -0.000192  0.001226  0.999999  0.001030  0.000191  -0.001030  0.999999  1.000000  0.000000  0.000000  0.000000  1.000000  0.000000  0.000000  0.000000  1.000000  1.000000  0.000000  0.000000  0.000000  1.000000  0.000000  0.000000  0.000000  1.000000  0.000000  0.000000  
32.749584 -0.001912  0.088179  0.000804  0.998332  0.030746  -0.048871  -0.028370  0.998417  0.048575  0.050287  -0.047107  0.997623  -0.000835  -0.002526  -0.000811  0.000000  0.000000  0.000000  2.000000  1.000000  0.000000  0.000000  0.000000  1.000000  0.000000  0.000000  0.000000  1.000000  0.999999  -0.001226  -0.000192  0.001226  0.999999  0.000908  0.000191  -0.000908  1.000000  1.000000  0.000000  0.000000  0.000000  1.000000  0.000000  0.000000  0.000000  1.000000  1.000000  0.000000  0.000000  0.000000  1.000000  0.000000  0.000000  0.000000  1.000000  0.000000  0.000000  
32.750838 -0.001913  0.088177  0.000802  0.998332  0.030746  -0.048871  -0.028370  0.998417  0.048575  0.050287  -0.047107  0.997623  -0.000929  -0.002453  -0.000879  0.000000  0.000000  0.000000  2.000000  1.000000  0.000000  0.000000  0.000000  1.000000  0.000000  0.000000  0.000000  1.000000  0.999999  -0.001014  -0.000316  0.001015  0.999999  0.000797  0.000315  -0.000798  1.000000  1.000000  0.000000  0.000000  0.000000  1.000000  0.000000  0.000000  0.000000  1.000000  1.000000  0.000000  0.000000  0.000000  1.000000  0.000000  0.000000  0.000000  1.000000  0.000000  0.000000  
32.752083 -0.001914  0.088174  0.000800  0.998331  0.030552  -0.049011  -0.028165  0.998417  0.048690  0.050421  -0.047228  0.997611  -0.000983  -0.002388  -0.000943  0.000000  0.000000  0.000000  2.000000  1.000000  0.000000  0.000000  0.000000  1.000000  0.000000  0.000000  0.000000  1.000000  0.999999  -0.001213  -0.000459  0.001214  0.999999  0.000787  0.000458  -0.000787  1.000000  1.000000  0.000000  0.000000  0.000000  1.000000  0.000000  0.000000  0.000000  1.000000  1.000000  0.000000  0.000000  0.000000  1.000000  0.000000  0.000000  0.000000  1.000000  0.000000  0.000000  
32.753084 -0.001915  0.088172  0.000798  0.998331  0.030552  -0.049011  -0.028165  0.998417  0.048690  0.050421  -0.047228  0.997611  -0.001062  -0.002371  -0.001015  0.000000  0.000000  0.000000  2.000000  1.000000  0.000000  0.000000  0.000000  1.000000  0.000000  0.000000  0.000000  1.000000  0.999999  -0.001213  -0.000459  0.001214  0.999999  0.000665  0.000458  -0.000666  1.000000  1.000000  0.000000  0.000000  0.000000  1.000000  0.000000  0.000000  0.000000  1.000000  1.000000  0.000000  0.000000  0.000000  1.000000  0.000000  0.000000  0.000000  1.000000  0.000000  0.000000  
32.754330 -0.001916  0.088170  0.000797  0.998331  0.030552  -0.049011  -0.028165  0.998417  0.048690  0.050421  -0.047228  0.997611  -0.001103  -0.002339  -0.001088  0.000000  0.000000  0.000000  2.000000  1.000000  0.000000  0.000000  0.000000  1.000000  0.000000  0.000000  0.000000  1.000000  0.999999  -0.001008  -0.000450  0.001008  0.999999  0.000676  0.000449  -0.000676  1.000000  1.000000  0.000000  0.000000  0.000000  1.000000  0.000000  0.000000  0.000000  1.000000  1.000000  0.000000  0.000000  0.000000  1.000000  0.000000  0.000000  0.000000  1.000000  0.000000  0.000000  
32.755583 -0.001918  0.088168  0.000795  0.998331  0.030552  -0.049011  -0.028165  0.998417  0.048690  0.050421  -0.047228  0.997611  -0.001192  -0.002343  -0.001220  0.000000  0.000000  0.000000  2.000000  1.000000  0.000000  0.000000  0.000000  1.000000  0.000000  0.000000  0.000000  1.000000  0.999999  -0.001008  -0.000450  0.001008  0.999999  0.000555  0.000449  -0.000555  1.000000  1.000000  0.000000  0.000000  0.000000  1.000000  0.000000  0.000000  0.000000  1.000000  1.000000  0.000000  0.000000  0.000000  1.000000  0.000000  0.000000  0.000000  1.000000  0.000000  0.000000  
32.756829 -0.001920  0.088165  0.000793  0.998330  0.030347  -0.049158  -0.027959  0.998429  0.048562  0.050554  -0.047107  0.997610  -0.001291  -0.002362  -0.001328  0.000000  0.000000  0.000000  2.000000  1.000000  0.000000  0.000000  0.000000  1.000000  0.000000  0.000000  0.000000  1.000000  0.999999  -0.001201  -0.000726  0.001201  0.999999  0.000423  0.000726  -0.000424  1.000000  1.000000  0.000000  0.000000  0.000000  1.000000  0.000000  0.000000  0.000000  1.000000  1.000000  0.000000  0.000000  0.000000  1.000000  0.000000  0.000000  0.000000  1.000000  0.000000  0.000000  
32.757829 -0.001922  0.088163  0.000792  0.998330  0.030347  -0.049158  -0.027959  0.998429  0.048562  0.050554  -0.047107  0.997610  -0.001341  -0.002353  -0.001460  0.000000  0.000000  0.000000  2.000000  1.000000  0.000000  0.000000  0.000000  1.000000  0.000000  0.000000  0.000000  1.000000  0.999999  -0.000995  -0.000717  0.000996  0.999999  0.000433  0.000716  -0.000434  1.000000  1.000000  0.000000  0.000000  0.000000  1.000000  0.000000  0.000000  0.000000  1.000000  1.000000  0.000000  0.000000  0.000000  1.000000  0.000000  0.000000  0.000000  1.000000  0.000000  0.000000  
32.759089 -0.001924  0.088160  0.000790  0.998330  0.030347  -0.049158  -0.027959  0.998429  0.048562  0.050554  -0.047107  0.997610  -0.001383  -0.002357  -0.001597  0.000000  0.000000  0.000000  2.000000  1.000000  0.000000  0.000000  0.000000  1.000000  0.000000  0.000000  0.000000  1.000000  0.999999  -0.001002  -0.000583  0.001002  0.999999  0.000433  0.000583  -0.000434  1.000000  1.000000  0.000000  0.000000  0.000000  1.000000  0.000000  0.000000  0.000000  1.000000  1.000000  0.000000  0.000000  0.000000  1.000000  0.000000  0.000000  0.000000  1.000000  0.000000  0.000000  
32.760331 -0.001926  0.088158  0.000789  0.998329  0.030148  -0.049301  -0.027753  0.998435  0.048556  0.050688  -0.047106  0.997603  -0.001422  -0.002273  -0.001593  0.000000  0.000000  0.000000  2.000000  1.000000  0.000000  0.000000  0.000000  1.000000  0.000000  0.000000  0.000000  1.000000  0.999999  -0.001201  -0.000726  0.001201  0.999999  0.000301  0.000726  -0.000302  1.000000  1.000000  0.000000  0.000000  0.000000  1.000000  0.000000  0.000000  0.000000  1.000000  1.000000  0.000000  0.000000  0.000000  1.000000  0.000000  0.000000  0.000000  1.000000  0.000000  0.000000  
32.761580 -0.001929  0.088155  0.000788  0.998322  0.030154  -0.049435  -0.027753  0.998435  0.048560  0.050822  -0.047106  0.997596  -0.001481  -0.002183  -0.001553  0.000000  0.000000  0.000000  2.000000  1.000000  0.000000  0.000000  0.000000  1.000000  0.000000  0.000000  0.000000  1.000000  0.999999  -0.000995  -0.000717  0.000996  0.999999  0.000312  0.000716  -0.000312  1.000000  1.000000  0.000000  0.000000  0.000000  1.000000  0.000000  0.000000  0.000000  1.000000  1.000000  0.000000  0.000000  0.000000  1.000000  0.000000  0.000000  0.000000  1.000000  0.000000  0.000000  
32.762828 -0.001932  0.088153  0.000787  0.998328  0.029949  -0.049445  -0.027548  0.998441  0.048549  0.050822  -0.047106  0.997596  -0.001531  -0.002102  -0.001387  0.000000  0.000000  0.000000  2.000000  1.000000  0.000000  0.000000  0.000000  1.000000  0.000000  0.000000  0.000000  1.000000  0.999999  -0.001201  -0.000726  0.001201  0.999999  0.000301  0.000726  -0.000302  1.000000  1.000000  0.000000  0.000000  0.000000  1.000000  0.000000  0.000000  0.000000  1.000000  1.000000  0.000000  0.000000  0.000000  1.000000  0.000000  0.000000  0.000000  1.000000  0.000000  0.000000  
