1-Time 2-Px 3-Py 4-Pz 5-R11 6-R21 7-R31 8-R12 9-R22 10-R32 11-R13 12-R23 13-R33 14-Vx 15-Vy 16-Vz 17-Wx 18-Wy 19-Wz 20-state 21-PR11 22-PR21 23-PR31 24-PR12 25-PR22 26-PR32 27-PR13 28-PR23 29-PR33 
99.331194 0.006407  0.097496  -0.010014  0.987873  -0.019675  -0.154010  0.155213  0.100358  0.982770  -0.003880  -0.994757  0.102195  0.000108  0.000411  0.001474  0.000000  0.000000  0.000000  2.000000  1.000000  0.000000  0.000000  0.000000  -0.000000  1.000000  0.000000  -1.000000  -0.000000  0.999998  -0.000476  0.001912  0.000474  0.999999  0.001207  -0.001912  -0.001206  0.999997  1.000000  0.000000  0.000000  0.000000  1.000000  0.000000  0.000000  0.000000  1.000000  0.642384  0.642682  0.417497  -0.495910  -0.066760  0.865804  0.584308  -0.763219  0.275827  0.000000  0.000000  
99.332201 0.006407  0.097497  -0.010013  0.987905  -0.019655  -0.153808  0.155010  0.100362  0.982802  -0.003880  -0.994757  0.102195  0.000098  0.000434  0.001464  0.000000  0.000000  0.000000  2.000000  1.000000  0.000000  0.000000  0.000000  -0.000000  1.000000  0.000000  -1.000000  -0.000000  0.999998  -0.000588  0.002130  0.000586  0.999999  0.001206  -0.002131  -0.001205  0.999997  1.000000  0.000000  0.000000  0.000000  1.000000  0.000000  0.000000  0.000000  1.000000  1.000000  0.000000  0.000000  0.000000  -0.000000  1.000000  0.000000  -1.000000  -0.000000  0.000000  0.000000  
99.333450 0.006408  0.097497  -0.010014  0.987906  -0.019392  -0.153835  0.155010  0.100404  0.982798  -0.003613  -0.994758  0.102195  0.000169  0.000420  0.001252  0.000000  0.000000  0.000000  2.000000  1.000000  0.000000  0.000000  0.000000  -0.000000  1.000000  0.000000  -1.000000  -0.000000  0.999998  -0.000189  0.002089  0.000186  0.999999  0.001206  -0.002089  -0.001205  0.999997  1.000000  0.000000  0.000000  0.000000  1.000000  0.000000  0.000000  0.000000  1.000000  1.000000  0.000000  0.000000  0.000000  -0.000000  1.000000  0.000000  -1.000000  -0.000000  0.000000  0.000000  
99.334450 0.006409  0.097497  -0.010016  0.987908  -0.018997  -0.153875  0.155010  0.100466  0.982791  -0.003211  -0.994759  0.102195  0.000279  0.000413  0.001069  0.000000  0.000000  0.000000  2.000000  1.000000  0.000000  0.000000  0.000000  -0.000000  1.000000  0.000000  -1.000000  -0.000000  0.999998  0.000189  0.001843  -0.000191  0.999999  0.001085  -0.001843  -0.001086  0.999998  1.000000  0.000000  0.000000  0.000000  1.000000  0.000000  0.000000  0.000000  1.000000  1.000000  0.000000  0.000000  0.000000  -0.000000  1.000000  0.000000  -1.000000  -0.000000  0.000000  0.000000  
99.335450 0.006411  0.097498  -0.010017  0.987909  -0.018453  -0.153931  0.155010  0.100429  0.982795  -0.002676  -0.994773  0.102075  0.000379  0.000428  0.000877  0.000000  0.000000  0.000000  2.000000  1.000000  0.000000  0.000000  0.000000  -0.000000  1.000000  0.000000  -1.000000  -0.000000  0.999998  0.000722  0.001789  -0.000724  0.999999  0.001207  -0.001788  -0.001208  0.999998  1.000000  0.000000  0.000000  0.000000  1.000000  0.000000  0.000000  0.000000  1.000000  1.000000  0.000000  0.000000  0.000000  -0.000000  1.000000  0.000000  -1.000000  -0.000000  0.000000  0.000000  
99.336451 0.006413  0.097499  -0.010019  0.987910  -0.018190  -0.153958  0.155010  0.100470  0.982791  -0.002408  -0.994774  0.102075  0.000501  0.000494  0.000697  0.000000  0.000000  0.000000  2.000000  1.000000  0.000000  0.000000  0.000000  -0.000000  1.000000  0.000000  -1.000000  -0.000000  0.999998  0.001100  0.001543  -0.001101  0.999999  0.001086  -0.001542  -0.001088  0.999998  1.000000  0.000000  0.000000  0.000000  1.000000  0.000000  0.000000  0.000000  1.000000  1.000000  0.000000  0.000000  0.000000  -0.000000  1.000000  0.000000  -1.000000  -0.000000  0.000000  0.000000  
99.337700 0.006416  0.097501  -0.010020  0.987943  -0.017774  -0.153797  0.154807  0.100536  0.982816  -0.002007  -0.994775  0.102075  0.000705  0.000613  0.000486  0.000000  0.000000  0.000000  2.000000  1.000000  0.000000  0.000000  0.000000  -0.000000  1.000000  0.000000  -1.000000  -0.000000  0.999998  0.001632  0.001488  -0.001634  0.999998  0.000965  -0.001487  -0.000967  0.999998  1.000000  0.000000  0.000000  0.000000  1.000000  0.000000  0.000000  0.000000  1.000000  1.000000  0.000000  0.000000  0.000000  -0.000000  1.000000  0.000000  -1.000000  -0.000000  0.000000  0.000000  
99.338950 0.006421  0.097503  -0.010022  0.987975  -0.017359  -0.153635  0.154604  0.100601  0.982841  -0.001606  -0.994775  0.102075  0.001012  0.000740  0.000264  0.000000  0.000000  0.000000  2.000000  1.000000  0.000000  0.000000  0.000000  -0.000000  1.000000  0.000000  -1.000000  -0.000000  0.999997  0.001919  0.001666  -0.001921  0.999998  0.000964  -0.001664  -0.000967  0.999998  1.000000  0.000000  0.000000  0.000000  1.000000  0.000000  0.000000  0.000000  1.000000  1.000000  0.000000  0.000000  0.000000  -0.000000  1.000000  0.000000  -1.000000  -0.000000  0.000000  0.000000  
99.340200 0.006425  0.097505  -0.010023  0.988007  -0.017076  -0.153459  0.154401  0.100646  0.982869  -0.001338  -0.994776  0.102075  0.001336  0.000821  0.000059  0.000000  0.000000  0.000000  2.000000  1.000000  0.000000  0.000000  0.000000  -0.000000  1.000000  0.000000  -1.000000  -0.000000  0.999996  0.002340  0.001829  -0.002341  0.999997  0.000842  -0.001827  -0.000846  0.999998  1.000000  0.000000  0.000000  0.000000  1.000000  0.000000  0.000000  0.000000  1.000000  1.000000  0.000000  0.000000  0.000000  -0.000000  1.000000  0.000000  -1.000000  -0.000000  0.000000  0.000000  
99.341450 0.006430  0.097508  -0.010024  0.988040  -0.016547  -0.153309  0.154197  0.100851  0.982880  -0.000803  -0.994764  0.102196  0.001632  0.000951  -0.000128  0.000000  0.000000  0.000000  2.000000  1.000000  0.000000  0.000000  0.000000  -0.000000  1.000000  0.000000  -1.000000  -0.000000  0.999994  0.002872  0.001774  -0.002874  0.999996  0.000721  -0.001772  -0.000726  0.999998  1.000000  0.000000  0.000000  0.000000  1.000000  0.000000  0.000000  0.000000  1.000000  1.000000  0.000000  0.000000  0.000000  -0.000000  1.000000  0.000000  -1.000000  -0.000000  0.000000  0.000000  
99.342457 0.006434  0.097510  -0.010025  0.988040  -0.016040  -0.153361  0.154197  0.101052  0.982859  -0.000268  -0.994752  0.102317  0.001886  0.001073  -0.000344  0.000000  0.000000  0.000000  2.000000  1.000000  0.000000  0.000000  0.000000  -0.000000  1.000000  0.000000  -1.000000  -0.000000  0.999993  0.003405  0.001719  -0.003406  0.999994  0.000478  -0.001718  -0.000484  0.999998  1.000000  0.000000  0.000000  0.000000  1.000000  0.000000  0.000000  0.000000  1.000000  1.000000  0.000000  0.000000  0.000000  -0.000000  1.000000  0.000000  -1.000000  -0.000000  0.000000  0.000000  
99.343707 0.006439  0.097513  -0.010027  0.988040  -0.015288  -0.153439  0.154197  0.101413  0.982822  0.000535  -0.994727  0.102558  0.002224  0.001248  -0.000591  0.000000  0.000000  0.000000  2.000000  1.000000  0.000000  0.000000  0.000000  -0.000000  1.000000  0.000000  -1.000000  -0.000000  0.999990  0.004183  0.001432  -0.004183  0.999991  0.000237  -0.001431  -0.000243  0.999999  1.000000  0.000000  0.000000  0.000000  1.000000  0.000000  0.000000  0.000000  1.000000  1.000000  0.000000  0.000000  0.000000  -0.000000  1.000000  0.000000  -1.000000  -0.000000  0.000000  0.000000  
99.344715 0.006443  0.097515  -0.010031  0.988071  -0.014497  -0.153316  0.153994  0.101659  0.982828  0.001338  -0.994714  0.102678  0.002426  0.001374  -0.000980  0.000000  0.000000  0.000000  2.000000  1.000000  0.000063  0.000019  -0.000019  -0.000001  1.000000  0.000063  -1.000000  -0.000001  0.999986  0.005002  0.001554  -0.005003  0.999987  0.000115  -0.001553  -0.000123  0.999999  1.000000  0.000063  0.000019  -0.000063  1.000000  0.000001  -0.000019  -0.000001  1.000000  1.000000  0.000063  0.000019  -0.000019  -0.000001  1.000000  0.000063  -1.000000  -0.000001  0.000000  0.005240  
99.345959 0.006448  0.097519  -0.010036  0.988069  -0.013595  -0.153409  0.153994  0.101921  0.982801  0.002275  -0.994700  0.102799  0.002738  0.001549  -0.001472  0.012173  -0.076868  0.197749  2.000000  1.000000  0.000345  0.000083  -0.000083  0.000005  1.000000  0.000345  -1.000000  0.000005  0.999981  0.006046  0.001238  -0.006046  0.999982  -0.000248  -0.001239  0.000240  0.999999  1.000000  0.000076  0.000015  -0.000076  1.000000  -0.000003  -0.000015  0.000003  1.000000  1.000000  0.000345  0.000083  -0.000083  0.000005  1.000000  0.000345  -1.000000  0.000005  0.000052  0.006177  
99.347204 0.006452  0.097522  -0.010043  0.988098  -0.012672  -0.153300  0.153790  0.102187  0.982805  0.003211  -0.994685  0.102919  0.003066  0.001744  -0.002045  0.008138  -0.073163  0.233559  2.000000  1.000000  0.000674  0.000148  -0.000148  0.000021  1.000000  0.000674  -1.000000  0.000021  0.999976  0.006866  0.001359  -0.006866  0.999976  -0.000369  -0.001362  0.000360  0.999999  1.000000  0.000086  0.000017  -0.000086  1.000000  -0.000005  -0.000017  0.000005  1.000000  1.000000  0.000674  0.000148  -0.000148  0.000021  1.000000  0.000674  -1.000000  0.000021  0.000059  0.007009  
99.348454 0.006458  0.097526  -0.010049  0.988127  -0.011899  -0.153177  0.153586  0.102550  0.982799  0.004014  -0.994657  0.103160  0.003328  0.002003  -0.002356  -0.004050  -0.070368  0.260393  2.000000  0.999999  0.001136  0.000219  -0.000219  0.000056  1.000000  0.001136  -0.999999  0.000056  0.999970  0.007665  0.001275  -0.007664  0.999970  -0.000733  -0.001280  0.000723  0.999999  1.000000  0.000096  0.000016  -0.000096  1.000000  -0.000009  -0.000016  0.000009  1.000000  0.999999  0.001136  0.000219  -0.000219  0.000056  1.000000  0.001136  -0.999999  0.000056  0.000066  0.007804  
99.349705 0.006464  0.097530  -0.010054  0.988156  -0.011258  -0.153040  0.153382  0.102893  0.982795  0.004683  -0.994629  0.103401  0.003616  0.002251  -0.002559  -0.016239  -0.074911  0.283459  2.000000  0.999999  0.001652  0.000290  -0.000290  0.000106  1.000000  0.001652  -0.999999  0.000107  0.999962  0.008597  0.001177  -0.008596  0.999963  -0.000853  -0.001184  0.000843  0.999999  1.000000  0.000107  0.000015  -0.000107  1.000000  -0.000011  -0.000015  0.000011  1.000000  0.999999  0.001652  0.000290  -0.000290  0.000106  1.000000  0.001652  -0.999999  0.000107  0.000072  0.008718  
99.350954 0.006471  0.097536  -0.010058  0.988183  -0.010484  -0.152917  0.153178  0.103256  0.982789  0.005486  -0.994600  0.103642  0.003971  0.002513  -0.002668  -0.024356  -0.071630  0.314780  2.000000  0.999997  0.002219  0.000355  -0.000356  0.000177  1.000000  0.002219  -0.999998  0.000178  0.999956  0.009374  0.000887  -0.009373  0.999955  -0.001216  -0.000899  0.001207  0.999999  1.000000  0.000117  0.000011  -0.000117  1.000000  -0.000015  -0.000011  0.000015  1.000000  0.999997  0.002219  0.000355  -0.000356  0.000177  1.000000  0.002219  -0.999998  0.000178  0.000079  0.009494  
99.352201 0.006478  0.097540  -0.010060  0.988179  -0.009732  -0.152997  0.153177  0.103617  0.982751  0.006288  -0.994570  0.103883  0.004239  0.002703  -0.002703  -0.036553  -0.068847  0.341730  2.000000  0.999996  0.002835  0.000421  -0.000421  0.000266  1.000000  0.002835  -0.999996  0.000267  0.999948  0.010194  0.001006  -0.010193  0.999947  -0.001580  -0.001022  0.001569  0.999998  1.000000  0.000127  0.000013  -0.000127  1.000000  -0.000020  -0.000013  0.000020  1.000000  0.999996  0.002835  0.000421  -0.000421  0.000266  1.000000  0.002835  -0.999996  0.000267  0.000086  0.010364  
99.353450 0.006486  0.097545  -0.010062  0.988204  -0.008828  -0.152889  0.152973  0.104000  0.982743  0.007225  -0.994538  0.104124  0.004500  0.002850  -0.002737  -0.048725  -0.065557  0.372967  2.000000  0.999994  0.003505  0.000477  -0.000479  0.000378  1.000000  0.003505  -0.999994  0.000380  0.999939  0.010993  0.000919  -0.010991  0.999938  -0.001943  -0.000940  0.001932  0.999998  1.000000  0.000137  0.000012  -0.000137  1.000000  -0.000024  -0.000012  0.000024  1.000000  0.999994  0.003505  0.000477  -0.000479  0.000378  1.000000  0.003505  -0.999994  0.000380  0.000093  0.011200  
99.354454 0.006492  0.097547  -0.010064  0.988230  -0.008186  -0.152753  0.152769  0.104342  0.982738  0.007894  -0.994508  0.104364  0.004620  0.002897  -0.002785  -0.056849  -0.063192  0.395380  2.000000  0.999992  0.004070  0.000525  -0.000527  0.000480  1.000000  0.004070  -0.999992  0.000483  0.999934  0.011414  0.001079  -0.011411  0.999933  -0.002185  -0.001104  0.002172  0.999997  1.000000  0.000143  0.000014  -0.000143  1.000000  -0.000027  -0.000014  0.000027  1.000000  0.999992  0.004070  0.000525  -0.000527  0.000480  1.000000  0.004070  -0.999992  0.000483  0.000100  0.011670  
99.355700 0.006498  0.097549  -0.010067  0.988255  -0.007412  -0.152632  0.152564  0.104704  0.982732  0.008697  -0.994476  0.104605  0.004742  0.002854  -0.002897  -0.069037  -0.066800  0.427476  2.000000  0.999989  0.004658  0.000582  -0.000585  0.000595  1.000000  0.004657  -0.999989  0.000598  0.999929  0.011835  0.001239  -0.011832  0.999927  -0.002426  -0.001268  0.002412  0.999996  1.000000  0.000148  0.000016  -0.000148  1.000000  -0.000030  -0.000016  0.000030  1.000000  0.999989  0.004658  0.000582  -0.000585  0.000595  1.000000  0.004657  -0.999989  0.000598  0.000108  0.012143  
99.356700 0.006504  0.097550  -0.010070  0.988281  -0.006770  -0.152497  0.152360  0.105045  0.982727  0.009366  -0.994444  0.104846  0.004804  0.002752  -0.003069  -0.076527  -0.063892  0.446192  2.000000  0.999986  0.005252  0.000649  -0.000653  0.000726  1.000000  0.005251  -0.999986  0.000730  0.999927  0.011990  0.001427  -0.011986  0.999924  -0.002790  -0.001460  0.002772  0.999995  1.000000  0.000150  0.000018  -0.000150  1.000000  -0.000035  -0.000018  0.000035  1.000000  0.999986  0.005252  0.000649  -0.000653  0.000726  1.000000  0.005251  -0.999986  0.000730  0.000113  0.012391  
99.357952 0.006510  0.097551  -0.010076  0.988337  -0.006106  -0.152160  0.151952  0.105387  0.982753  0.010035  -0.994412  0.105086  0.004929  0.002662  -0.003352  -0.089286  -0.075805  0.473556  2.000000  0.999982  0.006016  0.000750  -0.000755  0.000905  0.999999  0.006015  -0.999981  0.000910  0.999923  0.012299  0.001805  -0.012294  0.999920  -0.003032  -0.001843  0.003009  0.999994  1.000000  0.000154  0.000023  -0.000154  1.000000  -0.000038  -0.000023  0.000038  1.000000  0.999982  0.006016  0.000750  -0.000755  0.000905  0.999999  0.006015  -0.999981  0.000910  0.000121  0.012793  
99.359204 0.006516  0.097552  -0.010082  0.988358  -0.005219  -0.152053  0.151747  0.105888  0.982731  0.010971  -0.994364  0.105447  0.005053  0.002532  -0.003551  -0.105532  -0.072005  0.509301  2.000000  0.999976  0.006806  0.000857  -0.000865  0.001103  0.999999  0.006805  -0.999976  0.001108  0.999916  0.012832  0.001746  -0.012826  0.999912  -0.003272  -0.001788  0.003249  0.999993  1.000000  0.000160  0.000022  -0.000160  1.000000  -0.000041  -0.000022  0.000041  1.000000  0.999976  0.006806  0.000857  -0.000865  0.001103  0.999999  0.006805  -0.999976  0.001108  0.000130  0.013355  
99.360206 0.006521  0.097553  -0.010087  0.988381  -0.004445  -0.151934  0.151542  0.106248  0.982724  0.011774  -0.994330  0.105687  0.005113  0.002443  -0.003586  -0.113645  -0.069144  0.536194  2.000000  0.999972  0.007460  0.000935  -0.000945  0.001274  0.999999  0.007459  -0.999971  0.001281  0.999912  0.013210  0.001496  -0.013204  0.999907  -0.003513  -0.001542  0.003493  0.999993  1.000000  0.000165  0.000019  -0.000165  1.000000  -0.000044  -0.000019  0.000044  1.000000  0.999972  0.007460  0.000935  -0.000945  0.001274  0.999999  0.007459  -0.999971  0.001281  0.000136  0.013748  
99.361209 0.006527  0.097555  -0.010090  0.988404  -0.003803  -0.151800  0.151337  0.106588  0.982719  0.012443  -0.994296  0.105928  0.005270  0.002360  -0.003493  -0.125992  -0.073763  0.560119  2.000000  0.999966  0.008140  0.001005  -0.001017  0.001456  0.999998  0.008139  -0.999966  0.001464  0.999905  0.013721  0.001231  -0.013716  0.999899  -0.003632  -0.001281  0.003615  0.999993  1.000000  0.000171  0.000016  -0.000171  1.000000  -0.000045  -0.000016  0.000045  1.000000  0.999966  0.008140  0.001005  -0.001017  0.001456  0.999998  0.008139  -0.999966  0.001464  0.000143  0.014245  
99.362458 0.006534  0.097557  -0.010094  0.988423  -0.002916  -0.151695  0.151132  0.107087  0.982696  0.013379  -0.994245  0.106288  0.005405  0.002268  -0.003286  -0.137957  -0.070263  0.590543  2.000000  0.999959  0.009011  0.001096  -0.001111  0.001694  0.999998  0.009009  -0.999958  0.001704  0.999900  0.014031  0.001607  -0.014024  0.999894  -0.003874  -0.001662  0.003851  0.999991  1.000000  0.000175  0.000020  -0.000175  1.000000  -0.000048  -0.000020  0.000048  1.000000  0.999959  0.009011  0.001096  -0.001111  0.001694  0.999998  0.009009  -0.999958  0.001704  0.000149  0.014642  
99.363707 0.006542  0.097561  -0.010096  0.988476  -0.002251  -0.151360  0.150724  0.107427  0.982722  0.014048  -0.994210  0.106528  0.005542  0.002234  -0.003000  -0.145973  -0.083018  0.600969  2.000000  0.999952  0.009723  0.001182  -0.001201  0.001897  0.999997  0.009721  -0.999951  0.001908  0.999898  0.014186  0.001793  -0.014179  0.999891  -0.004114  -0.001851  0.004088  0.999990  1.000000  0.000177  0.000023  -0.000177  1.000000  -0.000051  -0.000023  0.000051  1.000000  0.999952  0.009723  0.001182  -0.001201  0.001897  0.999997  0.009721  -0.999951  0.001908  0.000155  0.014876  
99.364953 0.006547  0.097563  -0.010098  0.988500  -0.001758  -0.151214  0.150519  0.107865  0.982705  0.014584  -0.994164  0.106889  0.005511  0.002103  -0.002834  -0.162167  -0.090304  0.597295  2.000000  0.999943  0.010610  0.001311  -0.001334  0.002161  0.999997  0.010607  -0.999941  0.002175  0.999898  0.014098  0.002211  -0.014088  0.999891  -0.004354  -0.002272  0.004322  0.999988  1.000000  0.000176  0.000028  -0.000176  1.000000  -0.000054  -0.000028  0.000054  1.000000  0.999943  0.010610  0.001311  -0.001334  0.002161  0.999997  0.010607  -0.999941  0.002175  0.000157  0.014916  
99.366200 0.006553  0.097566  -0.010099  0.988552  -0.001110  -0.150879  0.150110  0.108323  0.982717  0.015252  -0.994115  0.107250  0.005323  0.001927  -0.002742  -0.174253  -0.103032  0.607800  2.000000  0.999933  0.011470  0.001456  -0.001484  0.002435  0.999996  0.011467  -0.999931  0.002452  0.999905  0.013589  0.002468  -0.013578  0.999898  -0.004471  -0.002529  0.004438  0.999987  1.000000  0.000170  0.000031  -0.000170  1.000000  -0.000056  -0.000031  0.000056  1.000000  0.999933  0.011470  0.001456  -0.001484  0.002435  0.999996  0.011467  -0.999931  0.002452  0.000159  0.014512  
99.367455 0.006556  0.097567  -0.010102  0.988603  -0.000463  -0.150545  0.149702  0.108781  0.982729  0.015921  -0.994066  0.107611  0.005027  0.001652  -0.002810  -0.186315  -0.108841  0.617381  2.000000  0.999923  0.012302  0.001618  -0.001651  0.002718  0.999995  0.012298  -0.999921  0.002738  0.999909  0.013213  0.002711  -0.013200  0.999902  -0.004710  -0.002773  0.004674  0.999985  1.000000  0.000165  0.000034  -0.000165  1.000000  -0.000059  -0.000034  0.000059  1.000000  0.999923  0.012302  0.001618  -0.001651  0.002718  0.999995  0.012298  -0.999921  0.002738  0.000163  0.014281  
99.368702 0.006559  0.097567  -0.010106  0.988623  0.000144  -0.150414  0.149497  0.109357  0.982696  0.016590  -0.994002  0.108092  0.004738  0.001428  -0.002904  -0.202549  -0.107756  0.626415  2.000000  0.999912  0.013120  0.001791  -0.001831  0.003016  0.999994  0.013115  -0.999909  0.003039  0.999911  0.013081  0.002721  -0.013067  0.999903  -0.004828  -0.002784  0.004792  0.999985  1.000000  0.000163  0.000034  -0.000163  1.000000  -0.000060  -0.000034  0.000060  1.000000  0.999912  0.013120  0.001791  -0.001831  0.003016  0.999994  0.013115  -0.999909  0.003039  0.000166  0.014201  
99.369950 0.006560  0.097566  -0.010110  0.988640  0.000882  -0.150298  0.149291  0.109953  0.982661  0.017393  -0.993936  0.108572  0.004376  0.001223  -0.002996  -0.218774  -0.105714  0.644360  2.000000  0.999901  0.013934  0.001967  -0.002014  0.003330  0.999992  0.013927  -0.999897  0.003357  0.999911  0.013082  0.002714  -0.013068  0.999901  -0.005189  -0.002782  0.005153  0.999983  1.000000  0.000163  0.000034  -0.000163  1.000000  -0.000065  -0.000034  0.000065  1.000000  0.999901  0.013934  0.001967  -0.002014  0.003330  0.999992  0.013927  -0.999897  0.003357  0.000171  0.014327  
99.371200 0.006561  0.097566  -0.010113  0.988690  0.001513  -0.149966  0.148882  0.110529  0.982658  0.018062  -0.993872  0.109053  0.003984  0.001111  -0.002982  -0.230841  -0.111924  0.649595  2.000000  0.999891  0.014591  0.002108  -0.002161  0.003596  0.999991  0.014583  -0.999887  0.003627  0.999910  0.013106  0.002913  -0.013090  0.999900  -0.005427  -0.002984  0.005389  0.999981  1.000000  0.000164  0.000037  -0.000164  1.000000  -0.000068  -0.000037  0.000068  1.000000  0.999891  0.014591  0.002108  -0.002161  0.003596  0.999991  0.014583  -0.999887  0.003627  0.000174  0.014474  
99.372200 0.006562  0.097566  -0.010115  0.988713  0.001875  -0.149808  0.148678  0.110945  0.982642  0.018463  -0.993825  0.109414  0.003743  0.001082  -0.002808  -0.238900  -0.119149  0.646024  2.000000  0.999881  0.015246  0.002254  -0.002313  0.003872  0.999990  0.015238  -0.999876  0.003907  0.999910  0.013107  0.002908  -0.013090  0.999898  -0.005668  -0.002982  0.005629  0.999980  1.000000  0.000164  0.000037  -0.000164  1.000000  -0.000071  -0.000037  0.000071  1.000000  0.999881  0.015246  0.002254  -0.002313  0.003872  0.999990  0.015238  -0.999876  0.003907  0.000175  0.014566  
99.373450 0.006564  0.097568  -0.010117  0.988734  0.002351  -0.149665  0.148473  0.111501  0.982611  0.018998  -0.993762  0.109895  0.003455  0.001108  -0.002587  -0.246865  -0.126751  0.637861  2.000000  0.999868  0.016046  0.002447  -0.002515  0.004229  0.999988  0.016035  -0.999862  0.004269  0.999916  0.012599  0.003165  -0.012580  0.999904  -0.005784  -0.003237  0.005744  0.999978  1.000000  0.000157  0.000040  -0.000157  1.000000  -0.000072  -0.000040  0.000072  1.000000  0.999868  0.016046  0.002447  -0.002515  0.004229  0.999988  0.016035  -0.999862  0.004269  0.000173  0.014212  
99.374703 0.006566  0.097570  -0.010118  0.988820  0.002611  -0.149088  0.147861  0.112015  0.982644  0.019266  -0.993703  0.110377  0.003121  0.001159  -0.002233  -0.256760  -0.141087  0.616456  2.000000  0.999855  0.016818  0.002658  -0.002736  0.004598  0.999986  0.016806  -0.999848  0.004643  0.999920  0.012114  0.003627  -0.012092  0.999909  -0.006020  -0.003700  0.005976  0.999975  1.000000  0.000151  0.000046  -0.000151  1.000000  -0.000075  -0.000046  0.000075  1.000000  0.999855  0.016818  0.002658  -0.002736  0.004598  0.999986  0.016806  -0.999848  0.004643  0.000171  0.013996  
99.375958 0.006566  0.097572  -0.010118  0.988874  0.002979  -0.148729  0.147453  0.112550  0.982644  0.019667  -0.993642  0.110858  0.002700  0.001126  -0.001939  -0.268498  -0.156395  0.599978  2.000000  0.999842  0.017551  0.002883  -0.002971  0.004976  0.999983  0.017536  -0.999834  0.005028  0.999928  0.011451  0.003695  -0.011428  0.999916  -0.006138  -0.003765  0.006095  0.999974  1.000000  0.000143  0.000047  -0.000143  1.000000  -0.000076  -0.000047  0.000076  1.000000  0.999842  0.017551  0.002883  -0.002971  0.004976  0.999983  0.017536  -0.999834  0.005028  0.000168  0.013498  
99.377206 0.006566  0.097573  -0.010118  0.988896  0.003325  -0.148572  0.147248  0.113085  0.982614  0.020068  -0.993580  0.111339  0.002161  0.001079  -0.001610  -0.278709  -0.159876  0.582638  2.000000  0.999828  0.018258  0.003120  -0.003218  0.005367  0.999980  0.018241  -0.999819  0.005425  0.999931  0.011077  0.003939  -0.011051  0.999919  -0.006375  -0.004009  0.006331  0.999972  1.000000  0.000138  0.000050  -0.000138  1.000000  -0.000079  -0.000050  0.000079  1.000000  0.999828  0.018258  0.003120  -0.003218  0.005367  0.999980  0.018241  -0.999819  0.005425  0.000166  0.013363  
99.378210 0.006566  0.097574  -0.010118  0.988948  0.003712  -0.148213  0.146840  0.113499  0.982627  0.020470  -0.993531  0.111700  0.001824  0.001019  -0.001505  -0.286622  -0.167556  0.574402  2.000000  0.999818  0.018809  0.003308  -0.003415  0.005689  0.999978  0.018789  -0.999807  0.005752  0.999933  0.010922  0.003745  -0.010898  0.999920  -0.006496  -0.003816  0.006454  0.999972  1.000000  0.000136  0.000047  -0.000136  1.000000  -0.000081  -0.000047  0.000081  1.000000  0.999818  0.018809  0.003308  -0.003415  0.005689  0.999978  0.018789  -0.999807  0.005752  0.000166  0.013238  
99.379456 0.006565  0.097575  -0.010120  0.988968  0.004190  -0.148072  0.146634  0.114053  0.982594  0.021005  -0.993466  0.112181  0.001223  0.000786  -0.001543  -0.294688  -0.167859  0.570090  2.000000  0.999807  0.019353  0.003498  -0.003615  0.006019  0.999975  0.019331  -0.999795  0.006088  0.999935  0.010791  0.003755  -0.010765  0.999919  -0.006735  -0.003827  0.006694  0.999970  1.000000  0.000135  0.000047  -0.000135  1.000000  -0.000084  -0.000047  0.000084  1.000000  0.999807  0.019353  0.003498  -0.003615  0.006019  0.999975  0.019331  -0.999795  0.006088  0.000165  0.013253  
99.380704 0.006562  0.097574  -0.010122  0.988987  0.004667  -0.147931  0.146429  0.114607  0.982560  0.021540  -0.993400  0.112662  0.000727  0.000593  -0.001595  -0.302691  -0.168624  0.561213  2.000000  0.999793  0.020014  0.003739  -0.003868  0.006445  0.999972  0.019989  -0.999779  0.006522  0.999938  0.010417  0.003999  -0.010389  0.999922  -0.006971  -0.004072  0.006929  0.999968  1.000000  0.000130  0.000050  -0.000130  1.000000  -0.000087  -0.000050  0.000087  1.000000  0.999793  0.020014  0.003739  -0.003868  0.006445  0.999972  0.019989  -0.999779  0.006522  0.000165  0.013146  
99.381978 0.006559  0.097572  -0.010126  0.989041  0.004906  -0.147559  0.146021  0.115121  0.982560  0.021807  -0.993339  0.113143  0.000240  0.000377  -0.001634  -0.310252  -0.183963  0.544408  2.000000  0.999779  0.020643  0.003989  -0.004132  0.006882  0.999968  0.020615  -0.999763  0.006965  0.999943  0.009887  0.004055  -0.009858  0.999926  -0.007088  -0.004124  0.007048  0.999967  1.000000  0.000123  0.000051  -0.000123  1.000000  -0.000088  -0.000051  0.000088  1.000000  0.999779  0.020643  0.003989  -0.004132  0.006882  0.999968  0.020615  -0.999763  0.006965  0.000164  0.012813  
99.383203 0.006556  0.097570  -0.010129  0.989065  0.005121  -0.147389  0.145817  0.115635  0.982530  0.022075  -0.993279  0.113624  -0.000157  0.000172  -0.001655  -0.318508  -0.186357  0.522558  2.000000  0.999768  0.021124  0.004198  -0.004352  0.007242  0.999964  0.021093  -0.999751  0.007332  0.999945  0.009514  0.004300  -0.009482  0.999928  -0.007325  -0.004369  0.007284  0.999964  1.000000  0.000119  0.000054  -0.000119  1.000000  -0.000091  -0.000054  0.000091  1.000000  0.999768  0.021124  0.004198  -0.004352  0.007242  0.999964  0.021093  -0.999751  0.007332  0.000161  0.012742  
99.384450 0.006553  0.097568  -0.010131  0.989119  0.005360  -0.147017  0.145409  0.116149  0.982530  0.022343  -0.993217  0.114105  -0.000436  0.000102  -0.001575  -0.323805  -0.192945  0.505850  2.000000  0.999755  0.021686  0.004460  -0.004628  0.007697  0.999960  0.021651  -0.999735  0.007796  0.999952  0.008718  0.004387  -0.008685  0.999935  -0.007442  -0.004451  0.007404  0.999963  1.000000  0.000109  0.000055  -0.000109  1.000000  -0.000093  -0.000055  0.000093  1.000000  0.999755  0.021686  0.004460  -0.004628  0.007697  0.999960  0.021651  -0.999735  0.007796  0.000157  0.012262  
99.385450 0.006551  0.097567  -0.010132  0.989146  0.005462  -0.146832  0.145204  0.116524  0.982516  0.022476  -0.993173  0.114466  -0.000627  0.000057  -0.001367  -0.330439  -0.196844  0.487733  2.000000  0.999745  0.022113  0.004674  -0.004853  0.008066  0.999956  0.022074  -0.999723  0.008172  0.999956  0.008321  0.004429  -0.008288  0.999938  -0.007440  -0.004491  0.007403  0.999963  1.000000  0.000104  0.000056  -0.000104  1.000000  -0.000093  -0.000056  0.000093  1.000000  0.999745  0.022113  0.004674  -0.004853  0.008066  0.999956  0.022074  -0.999723  0.008172  0.000155  0.011998  
99.386455 0.006551  0.097567  -0.010132  0.989173  0.005547  -0.146648  0.145000  0.117019  0.982487  0.022610  -0.993114  0.114948  -0.000724  0.000062  -0.001221  -0.338439  -0.198610  0.469848  2.000000  0.999734  0.022526  0.004886  -0.005077  0.008444  0.999951  0.022484  -0.999711  0.008557  0.999959  0.008034  0.004252  -0.008001  0.999938  -0.007684  -0.004313  0.007649  0.999961  1.000000  0.000100  0.000054  -0.000100  1.000000  -0.000096  -0.000054  0.000096  1.000000  0.999734  0.022526  0.004886  -0.005077  0.008444  0.999951  0.022484  -0.999711  0.008557  0.000153  0.011891  
99.387700 0.006549  0.097567  -0.010131  0.989230  0.005655  -0.146261  0.144593  0.117513  0.982489  0.022744  -0.993055  0.115429  -0.000958  -0.000011  -0.001047  -0.346576  -0.200470  0.452153  2.000000  0.999724  0.022921  0.005095  -0.005298  0.008832  0.999947  0.022875  -0.999698  0.008951  0.999961  0.007770  0.004278  -0.007736  0.999939  -0.007924  -0.004340  0.007890  0.999959  1.000000  0.000097  0.000054  -0.000097  1.000000  -0.000099  -0.000054  0.000099  1.000000  0.999724  0.022921  0.005095  -0.005298  0.008832  0.999947  0.022875  -0.999698  0.008951  0.000150  0.011883  
99.388950 0.006549  0.097568  -0.010131  0.989254  0.005854  -0.146093  0.144388  0.118146  0.982443  0.023011  -0.992979  0.116031  -0.001118  -0.000083  -0.000895  -0.354598  -0.202748  0.429919  2.000000  0.999712  0.023392  0.005354  -0.005573  0.009328  0.999941  0.023340  -0.999683  0.009455  0.999965  0.007350  0.004116  -0.007317  0.999941  -0.008045  -0.004175  0.008015  0.999959  1.000000  0.000092  0.000052  -0.000092  1.000000  -0.000100  -0.000052  0.000100  1.000000  0.999712  0.023392  0.005354  -0.005573  0.009328  0.999941  0.023340  -0.999683  0.009455  0.000149  0.011638  
99.390200 0.006548  0.097568  -0.010131  0.989277  0.006070  -0.145924  0.144184  0.118660  0.982411  0.023279  -0.992916  0.116512  -0.001213  -0.000210  -0.000868  -0.359623  -0.202897  0.408705  2.000000  0.999700  0.023835  0.005611  -0.005846  0.009827  0.999935  0.023779  -0.999668  0.009963  0.999967  0.006953  0.004159  -0.006920  0.999944  -0.008042  -0.004215  0.008013  0.999959  1.000000  0.000087  0.000052  -0.000087  1.000000  -0.000100  -0.000052  0.000100  1.000000  0.999700  0.023835  0.005611  -0.005846  0.009827  0.999935  0.023779  -0.999668  0.009963  0.000146  0.011406  
99.391203 0.006547  0.097567  -0.010132  0.989274  0.006149  -0.145942  0.144183  0.119036  0.982365  0.023413  -0.992871  0.116873  -0.001272  -0.000313  -0.000905  -0.363699  -0.197944  0.390279  2.000000  0.999691  0.024164  0.005820  -0.006069  0.010228  0.999929  0.024102  -0.999656  0.010371  0.999971  0.006291  0.004234  -0.006257  0.999949  -0.007917  -0.004284  0.007891  0.999960  1.000000  0.000078  0.000053  -0.000078  1.000000  -0.000099  -0.000053  0.000099  1.000000  0.999691  0.024164  0.005820  -0.006069  0.010228  0.999929  0.024102  -0.999656  0.010371  0.000144  0.010953  
99.392457 0.006546  0.097566  -0.010134  0.989330  0.006259  -0.145556  0.143775  0.119529  0.982365  0.023546  -0.992811  0.117354  -0.001371  -0.000559  -0.001093  -0.367421  -0.207551  0.364466  2.000000  0.999680  0.024539  0.006079  -0.006344  0.010725  0.999922  0.024472  -0.999641  0.010877  0.999974  0.005761  0.004294  -0.005727  0.999951  -0.008036  -0.004340  0.008011  0.999958  1.000000  0.000072  0.000054  -0.000072  1.000000  -0.000100  -0.000054  0.000100  1.000000  0.999680  0.024539  0.006079  -0.006344  0.010725  0.999922  0.024472  -0.999641  0.010877  0.000140  0.010771  
99.393709 0.006545  0.097565  -0.010136  0.989357  0.006344  -0.145373  0.143571  0.120024  0.982335  0.023680  -0.992751  0.117836  -0.001397  -0.000684  -0.001188  -0.374523  -0.204743  0.344423  2.000000  0.999670  0.024890  0.006340  -0.006621  0.011226  0.999915  0.024817  -0.999627  0.011387  0.999976  0.005498  0.004322  -0.005463  0.999952  -0.008155  -0.004367  0.008131  0.999957  1.000000  0.000069  0.000054  -0.000069  1.000000  -0.000102  -0.000054  0.000102  1.000000  0.999670  0.024890  0.006340  -0.006621  0.011226  0.999915  0.024817  -0.999627  0.011387  0.000139  0.010734  
99.394955 0.006543  0.097564  -0.010138  0.989383  0.006412  -0.145190  0.143367  0.120637  0.982289  0.023814  -0.992676  0.118437  -0.001355  -0.000776  -0.001105  -0.382782  -0.199250  0.330385  2.000000  0.999660  0.025220  0.006593  -0.006890  0.011727  0.999908  0.025140  -0.999613  0.011896  0.999978  0.005210  0.004147  -0.005176  0.999953  -0.008157  -0.004189  0.008136  0.999958  1.000000  0.000065  0.000052  -0.000065  1.000000  -0.000102  -0.000052  0.000102  1.000000  0.999660  0.025220  0.006593  -0.006890  0.011727  0.999908  0.025140  -0.999613  0.011896  0.000137  0.010522  
99.395956 0.006543  0.097563  -0.010138  0.989383  0.006342  -0.145193  0.143367  0.121114  0.982231  0.023814  -0.992618  0.118919  -0.001259  -0.000733  -0.000991  -0.390949  -0.194259  0.311753  2.000000  0.999654  0.025409  0.006737  -0.007044  0.012034  0.999903  0.025326  -0.999605  0.012209  0.999980  0.004922  0.003972  -0.004889  0.999954  -0.008281  -0.004012  0.008262  0.999958  1.000000  0.000061  0.000050  -0.000061  1.000000  -0.000103  -0.000050  0.000103  1.000000  0.999654  0.025409  0.006737  -0.007044  0.012034  0.999903  0.025326  -0.999605  0.012209  0.000134  0.010412  
99.397200 0.006543  0.097563  -0.010137  0.989409  0.006410  -0.145010  0.143163  0.121727  0.982185  0.023948  -0.992543  0.119521  -0.001043  -0.000564  -0.000661  -0.399284  -0.189341  0.293292  2.000000  0.999645  0.025715  0.006966  -0.007290  0.012555  0.999895  0.025625  -0.999590  0.012738  0.999981  0.004767  0.003780  -0.004735  0.999953  -0.008405  -0.003820  0.008387  0.999958  1.000000  0.000059  0.000047  -0.000059  1.000000  -0.000105  -0.000048  0.000105  1.000000  0.999645  0.025715  0.006966  -0.007290  0.012555  0.999895  0.025625  -0.999590  0.012738  0.000133  0.010369  
99.398201 0.006543  0.097563  -0.010135  0.989406  0.006471  -0.145029  0.143162  0.122223  0.982123  0.024081  -0.992482  0.120002  -0.000863  -0.000422  -0.000405  -0.400032  -0.181816  0.281248  2.000000  0.999638  0.025943  0.007138  -0.007477  0.012978  0.999888  0.025848  -0.999579  0.013167  0.999983  0.004478  0.003606  -0.004448  0.999954  -0.008529  -0.003644  0.008513  0.999957  1.000000  0.000056  0.000045  -0.000056  1.000000  -0.000107  -0.000045  0.000107  1.000000  0.999638  0.025943  0.007138  -0.007477  0.012978  0.999888  0.025848  -0.999579  0.013167  0.000131  0.010279  
99.399203 0.006543  0.097564  -0.010134  0.989436  0.006426  -0.144830  0.142959  0.122698  0.982094  0.024081  -0.992423  0.120483  -0.000643  -0.000240  -0.000159  -0.407344  -0.186291  0.256855  2.000000  0.999631  0.026157  0.007304  -0.007657  0.013407  0.999881  0.026056  -0.999568  0.013602  0.999986  0.004057  0.003447  -0.004027  0.999954  -0.008653  -0.003482  0.008639  0.999957  1.000000  0.000051  0.000043  -0.000051  1.000000  -0.000108  -0.000043  0.000108  1.000000  0.999631  0.026157  0.007304  -0.007657  0.013407  0.999881  0.026056  -0.999568  0.013602  0.000130  0.010154  
99.400454 0.006545  0.097565  -0.010133  0.989465  0.006346  -0.144633  0.142755  0.123412  0.982034  0.024081  -0.992335  0.121205  -0.000413  -0.000064  -0.000043  -0.412358  -0.186807  0.237325  2.000000  0.999624  0.026387  0.007507  -0.007877  0.013950  0.999872  0.026279  -0.999554  0.014152  0.999988  0.003395  0.003526  -0.003364  0.999957  -0.008651  -0.003555  0.008639  0.999956  1.000000  0.000042  0.000044  -0.000042  1.000000  -0.000108  -0.000044  0.000108  1.000000  0.999624  0.026387  0.007507  -0.007877  0.013950  0.999872  0.026279  -0.999554  0.014152  0.000127  0.009934  
99.401702 0.006546  0.097567  -0.010133  0.989462  0.006390  -0.144653  0.142755  0.124026  0.981957  0.024215  -0.992258  0.121807  -0.000309  -0.000036  -0.000100  -0.419573  -0.183802  0.216071  2.000000  0.999617  0.026585  0.007708  -0.008095  0.014501  0.999862  0.026470  -0.999541  0.014710  0.999990  0.002974  0.003368  -0.002944  0.999956  -0.008896  -0.003394  0.008886  0.999955  1.000000  0.000037  0.000042  -0.000037  1.000000  -0.000111  -0.000042  0.000111  1.000000  0.999617  0.026585  0.007708  -0.008095  0.014501  0.999862  0.026470  -0.999541  0.014710  0.000126  0.009962  
99.402950 0.006546  0.097567  -0.010135  0.989491  0.006328  -0.144454  0.142551  0.124620  0.981911  0.024215  -0.992184  0.122409  -0.000205  -0.000021  -0.000287  -0.423782  -0.178389  0.201979  2.000000  0.999611  0.026767  0.007897  -0.008302  0.015063  0.999852  0.026644  -0.999528  0.015279  0.999991  0.002685  0.003194  -0.002656  0.999956  -0.009021  -0.003219  0.009012  0.999954  1.000000  0.000033  0.000040  -0.000033  1.000000  -0.000113  -0.000040  0.000113  1.000000  0.999611  0.026767  0.007897  -0.008302  0.015063  0.999852  0.026644  -0.999528  0.015279  0.000126  0.009935  
99.404200 0.006547  0.097567  -0.010138  0.989517  0.006397  -0.144272  0.142347  0.125233  0.981863  0.024349  -0.992107  0.123010  -0.000097  -0.000028  -0.000467  -0.427952  -0.172454  0.192334  2.000000  0.999606  0.026895  0.008041  -0.008460  0.015517  0.999844  0.026766  -0.999518  0.015738  0.999992  0.002422  0.003226  -0.002392  0.999955  -0.009141  -0.003248  0.009133  0.999953  1.000000  0.000030  0.000040  -0.000030  1.000000  -0.000114  -0.000040  0.000114  1.000000  0.999606  0.026895  0.008041  -0.008460  0.015517  0.999844  0.026766  -0.999518  0.015738  0.000125  0.009988  
99.405200 0.006548  0.097567  -0.010140  0.989517  0.006327  -0.144276  0.142347  0.125710  0.981802  0.024349  -0.992047  0.123491  0.000011  -0.000035  -0.000648  -0.432311  -0.159684  0.181855  2.000000  0.999601  0.027022  0.008174  -0.008608  0.015979  0.999835  0.026887  -0.999507  0.016205  0.999993  0.002373  0.002816  -0.002346  0.999954  -0.009271  -0.002838  0.009264  0.999953  1.000000  0.000029  0.000035  -0.000029  1.000000  -0.000116  -0.000035  0.000116  1.000000  0.999601  0.027022  0.008174  -0.008608  0.015979  0.999835  0.026887  -0.999507  0.016205  0.000124  0.009972  
99.406450 0.006550  0.097568  -0.010142  0.989514  0.006371  -0.144296  0.142346  0.126324  0.981723  0.024483  -0.991969  0.124093  0.000211  0.000055  -0.000635  -0.432977  -0.152004  0.175235  2.000000  0.999596  0.027175  0.008322  -0.008774  0.016563  0.999824  0.027032  -0.999493  0.016795  0.999994  0.002323  0.002406  -0.002300  0.999953  -0.009401  -0.002428  0.009395  0.999953  1.000000  0.000029  0.000030  -0.000029  1.000000  -0.000117  -0.000030  0.000117  1.000000  0.999596  0.027175  0.008322  -0.008774  0.016563  0.999824  0.027032  -0.999493  0.016795  0.000123  0.009976  
99.407450 0.006552  0.097568  -0.010142  0.989514  0.006301  -0.144299  0.142346  0.126800  0.981661  0.024483  -0.991908  0.124574  0.000417  0.000178  -0.000531  -0.437237  -0.139862  0.160368  2.000000  0.999592  0.027291  0.008428  -0.008895  0.017032  0.999815  0.027142  -0.999482  0.017268  0.999995  0.002166  0.002217  -0.002145  0.999953  -0.009405  -0.002238  0.009400  0.999953  1.000000  0.000027  0.000028  -0.000027  1.000000  -0.000118  -0.000028  0.000118  1.000000  0.999592  0.027291  0.008428  -0.008895  0.017032  0.999815  0.027142  -0.999482  0.017268  0.000122  0.009901  
