1-Time 2-Px 3-Py 4-Pz 5-R11 6-R21 7-R31 8-R12 9-R22 10-R32 11-R13 12-R23 13-R33 14-Vx 15-Vy 16-Vz 17-Wx 18-Wy 19-Wz 20-state 21-PR11 22-PR21 23-PR31 24-PR12 25-PR22 26-PR32 27-PR13 28-PR23 29-PR33 
77.589394 0.027641  0.097789  -0.020153  0.981575  0.190287  -0.017360  -0.189844  0.981512  0.024359  0.021674  -0.020614  0.999553  -0.015472  0.003959  -0.011148  0.000000  0.000000  0.000000  2.000000  1.000000  0.000000  0.000000  -0.000000  1.000000  0.000000  0.000000  -0.000000  1.000000  0.999997  -0.002475  0.000217  0.002475  0.999997  -0.000054  -0.000217  0.000054  1.000000  1.000000  0.000000  0.000000  0.000000  1.000000  0.000000  0.000000  0.000000  1.000000  0.637677  0.701833  -0.317488  -0.734713  0.677986  0.023067  0.231442  0.218554  0.947982  0.000000  0.000000  
77.590399 0.027626  0.097792  -0.020165  0.981575  0.190287  -0.017360  -0.189844  0.981512  0.024359  0.021674  -0.020614  0.999553  -0.015348  0.003922  -0.011101  0.000000  0.000000  0.000000  2.000000  1.000000  0.000000  0.000000  0.000000  1.000000  0.000000  0.000000  0.000000  1.000000  0.999996  -0.002681  0.000212  0.002681  0.999996  -0.000058  -0.000212  0.000059  1.000000  1.000000  0.000000  0.000000  0.000000  1.000000  0.000000  0.000000  0.000000  1.000000  1.000000  0.000000  0.000000  0.000000  1.000000  0.000000  0.000000  0.000000  1.000000  0.000000  0.000000  
77.591401 0.027614  0.097794  -0.020184  0.981497  0.190693  -0.017326  -0.190248  0.981431  0.024485  0.021674  -0.020735  0.999550  -0.015055  0.003858  -0.011660  0.000000  0.000000  0.000000  2.000000  1.000000  0.000000  0.000000  0.000000  1.000000  0.000000  0.000000  0.000000  1.000000  0.999998  -0.002063  0.000225  0.002063  0.999998  0.000077  -0.000225  -0.000076  1.000000  1.000000  0.000000  0.000000  0.000000  1.000000  0.000000  0.000000  0.000000  1.000000  1.000000  0.000000  0.000000  0.000000  1.000000  0.000000  0.000000  0.000000  1.000000  0.000000  0.000000  
77.592404 0.027604  0.097796  -0.020210  0.981343  0.191498  -0.017175  -0.191057  0.981274  0.024473  0.021540  -0.020735  0.999553  -0.014613  0.003754  -0.012578  0.000000  0.000000  0.000000  2.000000  1.000000  0.000000  0.000000  0.000000  1.000000  0.000000  0.000000  0.000000  1.000000  0.999999  -0.001240  0.000242  0.001240  0.999999  0.000095  -0.000242  -0.000094  1.000000  1.000000  0.000000  0.000000  0.000000  1.000000  0.000000  0.000000  0.000000  1.000000  1.000000  0.000000  0.000000  0.000000  1.000000  0.000000  0.000000  0.000000  1.000000  0.000000  0.000000  
77.593650 0.027592  0.097799  -0.020240  0.981185  0.192308  -0.017131  -0.191865  0.981113  0.024607  0.021540  -0.020857  0.999550  -0.014047  0.003636  -0.013608  0.000000  0.000000  0.000000  2.000000  1.000000  0.000000  0.000000  0.000000  1.000000  0.000000  0.000000  0.000000  1.000000  1.000000  -0.000420  0.000393  0.000420  1.000000  0.000234  -0.000393  -0.000234  1.000000  1.000000  0.000000  0.000000  0.000000  1.000000  0.000000  0.000000  0.000000  1.000000  1.000000  0.000000  0.000000  0.000000  1.000000  0.000000  0.000000  0.000000  1.000000  0.000000  0.000000  
77.594898 0.027583  0.097803  -0.020270  0.981109  0.192712  -0.016967  -0.192269  0.981031  0.024707  0.021406  -0.020978  0.999551  -0.013346  0.003504  -0.014743  0.000000  0.000000  0.000000  2.000000  1.000000  0.000000  0.000000  0.000000  1.000000  0.000000  0.000000  0.000000  1.000000  1.000000  0.000400  0.000544  -0.000401  1.000000  0.000373  -0.000544  -0.000373  1.000000  1.000000  0.000000  0.000000  0.000000  1.000000  0.000000  0.000000  0.000000  1.000000  1.000000  0.000000  0.000000  0.000000  1.000000  0.000000  0.000000  0.000000  1.000000  0.000000  0.000000  
77.596150 0.027578  0.097809  -0.020299  0.980987  0.193320  -0.017083  -0.192874  0.980911  0.024743  0.021540  -0.020978  0.999548  -0.012375  0.003557  -0.015813  0.000000  0.000000  0.000000  2.000000  1.000000  0.000000  0.000000  0.000000  1.000000  0.000000  0.000000  0.000000  1.000000  0.999999  0.001020  0.000423  -0.001021  0.999999  0.000265  -0.000423  -0.000265  1.000000  1.000000  0.000000  0.000000  0.000000  1.000000  0.000000  0.000000  0.000000  1.000000  1.000000  0.000000  0.000000  0.000000  1.000000  0.000000  0.000000  0.000000  1.000000  0.000000  0.000000  
77.597153 0.027577  0.097815  -0.020320  0.980825  0.194133  -0.017170  -0.193682  0.980748  0.024902  0.021674  -0.021099  0.999542  -0.011414  0.003709  -0.016518  0.000000  0.000000  0.000000  2.000000  1.000000  0.000000  0.000000  0.000000  1.000000  0.000000  0.000000  0.000000  1.000000  0.999998  0.001846  0.000307  -0.001846  0.999998  0.000404  -0.000306  -0.000405  1.000000  1.000000  0.000000  0.000000  0.000000  1.000000  0.000000  0.000000  0.000000  1.000000  1.000000  0.000000  0.000000  0.000000  1.000000  0.000000  0.000000  0.000000  1.000000  0.000000  0.000000  
77.598161 0.027577  0.097821  -0.020342  0.980659  0.194946  -0.017412  -0.194488  0.980587  0.024968  0.021941  -0.021099  0.999537  -0.010385  0.003854  -0.017212  0.000000  0.000000  0.000000  2.000000  1.000000  0.000000  0.000000  0.000000  1.000000  0.000000  0.000000  0.000000  1.000000  0.999996  0.002675  0.000057  -0.002675  0.999996  0.000422  -0.000055  -0.000422  1.000000  1.000000  0.000000  0.000000  0.000000  1.000000  0.000000  0.000000  0.000000  1.000000  1.000000  0.000000  0.000000  0.000000  1.000000  0.000000  0.000000  0.000000  1.000000  0.000000  0.000000  
77.599403 0.027577  0.097826  -0.020371  0.980375  0.196362  -0.017507  -0.195901  0.980305  0.025020  0.022075  -0.021099  0.999534  -0.009135  0.003771  -0.018281  0.000000  0.000000  0.000000  2.000000  1.000000  0.000000  0.000000  0.000000  1.000000  0.000000  0.000000  0.000000  1.000000  0.999991  0.004121  -0.000180  -0.004121  0.999991  0.000455  0.000182  -0.000454  1.000000  1.000000  0.000000  0.000000  0.000000  1.000000  0.000000  0.000000  0.000000  1.000000  1.000000  0.000000  0.000000  0.000000  1.000000  0.000000  0.000000  0.000000  1.000000  0.000000  0.000000  
77.600654 0.027578  0.097829  -0.020403  0.980130  0.197575  -0.017607  -0.197111  0.980061  0.025068  0.022209  -0.021099  0.999531  -0.007769  0.003660  -0.019567  0.000000  0.000000  0.000000  2.000000  1.000000  0.000112  0.000173  -0.000112  1.000000  0.000018  -0.000173  -0.000018  1.000000  0.999983  0.005770  -0.000279  -0.005770  0.999983  0.000492  0.000282  -0.000490  1.000000  1.000000  0.000039  0.000061  -0.000039  1.000000  0.000006  -0.000061  -0.000006  1.000000  1.000000  0.000112  0.000173  -0.000112  1.000000  0.000018  -0.000173  -0.000018  1.000000  0.000000  0.005798  
77.601903 0.027581  0.097832  -0.020439  0.979845  0.198985  -0.017595  -0.198523  0.979778  0.024974  0.022209  -0.020978  0.999533  -0.006302  0.003599  -0.020987  0.017113  0.004386  0.221439  2.000000  1.000000  0.000338  0.000531  -0.000338  1.000000  0.000053  -0.000531  -0.000053  1.000000  0.999972  0.007416  -0.000245  -0.007416  0.999972  0.000528  0.000249  -0.000526  1.000000  1.000000  0.000049  0.000079  -0.000049  1.000000  0.000007  -0.000079  -0.000007  1.000000  1.000000  0.000338  0.000531  -0.000338  1.000000  0.000053  -0.000531  -0.000053  1.000000  0.000054  0.007439  
77.603153 0.027587  0.097837  -0.020475  0.979557  0.200397  -0.017559  -0.199935  0.979490  0.024999  0.022209  -0.020978  0.999533  -0.004626  0.003585  -0.022501  0.018182  0.003379  0.269839  2.000000  0.999999  0.000611  0.000976  -0.000611  1.000000  0.000087  -0.000976  -0.000088  1.000000  0.999959  0.009062  -0.000210  -0.009062  0.999959  0.000564  0.000215  -0.000562  1.000000  1.000000  0.000059  0.000097  -0.000059  1.000000  0.000007  -0.000097  -0.000007  1.000000  0.999999  0.000611  0.000976  -0.000611  1.000000  0.000087  -0.000976  -0.000088  1.000000  0.000066  0.009083  
77.604153 0.027594  0.097842  -0.020504  0.979268  0.201806  -0.017548  -0.201346  0.979203  0.024906  0.022209  -0.020856  0.999536  -0.003187  0.003634  -0.023780  0.015176  0.002392  0.318260  2.000000  0.999999  0.000866  0.001397  -0.000866  1.000000  0.000113  -0.001397  -0.000114  0.999999  0.999945  0.010503  -0.000181  -0.010503  0.999945  0.000475  0.000186  -0.000473  1.000000  1.000000  0.000068  0.000113  -0.000068  1.000000  0.000006  -0.000113  -0.000006  1.000000  0.999999  0.000866  0.001397  -0.000866  1.000000  0.000113  -0.001397  -0.000114  0.999999  0.000076  0.010515  
77.605408 0.027604  0.097850  -0.020541  0.978929  0.203422  -0.017793  -0.202958  0.978872  0.024870  0.022476  -0.020735  0.999532  -0.001268  0.003843  -0.025197  0.012523  0.010111  0.380581  2.000000  0.999998  0.001168  0.001895  -0.001168  0.999999  0.000137  -0.001894  -0.000140  0.999998  0.999926  0.012152  -0.000280  -0.012152  0.999926  0.000512  0.000286  -0.000509  1.000000  1.000000  0.000079  0.000130  -0.000079  1.000000  0.000006  -0.000130  -0.000006  1.000000  0.999998  0.001168  0.001895  -0.001168  0.999999  0.000137  -0.001894  -0.000140  0.999998  0.000092  0.012166  
77.606654 0.027618  0.097859  -0.020579  0.978546  0.205241  -0.018009  -0.204770  0.978492  0.024958  0.022744  -0.020735  0.999526  0.000570  0.004279  -0.025936  0.010046  0.017646  0.450008  2.000000  0.999995  0.001621  0.002608  -0.001622  0.999999  0.000163  -0.002608  -0.000167  0.999997  0.999899  0.014218  -0.000640  -0.014217  0.999899  0.000440  0.000646  -0.000431  1.000000  1.000000  0.000096  0.000150  -0.000096  1.000000  0.000005  -0.000150  -0.000005  1.000000  0.999995  0.001621  0.002608  -0.001622  0.999999  0.000163  -0.002608  -0.000167  0.999997  0.000109  0.014239  
77.607901 0.027633  0.097866  -0.020619  0.978244  0.206654  -0.018260  -0.206179  0.978197  0.024920  0.023011  -0.020614  0.999523  0.002435  0.004601  -0.026499  0.007241  0.030013  0.505595  2.000000  0.999992  0.002148  0.003417  -0.002149  0.999998  0.000184  -0.003416  -0.000191  0.999994  0.999870  0.016075  -0.000870  -0.016075  0.999871  0.000365  0.000876  -0.000351  1.000000  1.000000  0.000110  0.000169  -0.000110  1.000000  0.000004  -0.000169  -0.000004  1.000000  0.999992  0.002148  0.003417  -0.002149  0.999998  0.000184  -0.003416  -0.000191  0.999994  0.000123  0.016103  
77.608903 0.027645  0.097872  -0.020650  0.977988  0.207862  -0.018229  -0.207387  0.977941  0.024943  0.023011  -0.020614  0.999523  0.003844  0.004849  -0.026998  0.008170  0.029153  0.547040  2.000000  0.999988  0.002613  0.004124  -0.002614  0.999997  0.000201  -0.004123  -0.000212  0.999991  0.999846  0.017518  -0.000973  -0.017517  0.999846  0.000400  0.000980  -0.000382  0.999999  1.000000  0.000120  0.000184  -0.000120  1.000000  0.000005  -0.000184  -0.000005  1.000000  0.999988  0.002613  0.004124  -0.002614  0.999997  0.000201  -0.004123  -0.000212  0.999991  0.000136  0.017550  
77.610150 0.027660  0.097876  -0.020691  0.977645  0.209470  -0.018213  -0.208997  0.977600  0.024854  0.023011  -0.020492  0.999525  0.005413  0.004879  -0.027770  0.005491  0.027909  0.609397  2.000000  0.999982  0.003242  0.005093  -0.003243  0.999995  0.000221  -0.005093  -0.000238  0.999987  0.999816  0.019164  -0.000941  -0.019163  0.999816  0.000316  0.000947  -0.000297  1.000000  1.000000  0.000130  0.000202  -0.000130  1.000000  0.000004  -0.000202  -0.000004  1.000000  0.999982  0.003242  0.005093  -0.003243  0.999995  0.000221  -0.005093  -0.000238  0.999987  0.000149  0.019190  
77.611401 0.027678  0.097880  -0.020735  0.977303  0.211077  -0.018041  -0.210608  0.977255  0.024856  0.022878  -0.020492  0.999528  0.006857  0.004626  -0.028845  0.010919  0.022172  0.671602  2.000000  0.999973  0.003920  0.006156  -0.003922  0.999992  0.000236  -0.006155  -0.000260  0.999981  0.999787  0.020601  -0.000777  -0.020601  0.999788  0.000224  0.000782  -0.000208  1.000000  1.000000  0.000137  0.000218  -0.000137  1.000000  0.000003  -0.000218  -0.000003  1.000000  0.999973  0.003920  0.006156  -0.003922  0.999992  0.000236  -0.006155  -0.000260  0.999981  0.000165  0.020618  
77.612403 0.027694  0.097881  -0.020772  0.976998  0.212485  -0.018006  -0.212016  0.976949  0.024882  0.022878  -0.020492  0.999528  0.007957  0.004295  -0.029880  0.012152  0.021028  0.726718  2.000000  0.999965  0.004484  0.007056  -0.004486  0.999990  0.000244  -0.007055  -0.000276  0.999975  0.999770  0.021424  -0.000760  -0.021424  0.999770  0.000243  0.000765  -0.000226  1.000000  1.000000  0.000142  0.000227  -0.000142  1.000000  0.000003  -0.000227  -0.000003  1.000000  0.999965  0.004484  0.007056  -0.004486  0.999990  0.000244  -0.007055  -0.000276  0.999975  0.000177  0.021440  
77.613655 0.027714  0.097880  -0.020822  0.976651  0.214091  -0.017834  -0.213625  0.976599  0.024883  0.022744  -0.020492  0.999531  0.009274  0.003819  -0.031407  0.013491  0.015254  0.788885  2.000000  0.999955  0.005069  0.007994  -0.005071  0.999987  0.000252  -0.007992  -0.000292  0.999968  0.999748  0.022453  -0.000738  -0.022453  0.999748  0.000263  0.000744  -0.000246  1.000000  1.000000  0.000148  0.000238  -0.000148  1.000000  0.000003  -0.000238  -0.000003  1.000000  0.999955  0.005069  0.007994  -0.005071  0.999987  0.000252  -0.007992  -0.000292  0.999968  0.000194  0.022468  
77.614697 0.027728  0.097877  -0.020865  0.976433  0.215092  -0.017704  -0.214631  0.976381  0.024754  0.022610  -0.020371  0.999537  0.010219  0.003368  -0.032550  0.010117  0.010085  0.822235  2.000000  0.999944  0.005669  0.008964  -0.005672  0.999984  0.000254  -0.008963  -0.000304  0.999960  0.999734  0.023067  -0.000592  -0.023067  0.999734  0.000152  0.000595  -0.000138  1.000000  1.000000  0.000151  0.000246  -0.000151  1.000000  0.000002  -0.000246  -0.000002  1.000000  0.999944  0.005669  0.008964  -0.005672  0.999984  0.000254  -0.008963  -0.000304  0.999960  0.000205  0.023077  
77.615901 0.027747  0.097872  -0.020919  0.976168  0.216297  -0.017673  -0.215837  0.976115  0.024776  0.022610  -0.020371  0.999537  0.011274  0.002860  -0.033959  0.011149  0.013601  0.871895  2.000000  0.999931  0.006290  0.009968  -0.006293  0.999980  0.000246  -0.009966  -0.000309  0.999950  0.999714  0.023893  -0.000711  -0.023893  0.999715  -0.000072  0.000709  0.000089  1.000000  1.000000  0.000157  0.000254  -0.000157  1.000000  -0.000001  -0.000254  0.000001  1.000000  0.999931  0.006290  0.009968  -0.006293  0.999980  0.000246  -0.009966  -0.000309  0.999950  0.000217  0.023906  
77.616906 0.027763  0.097868  -0.020963  0.975903  0.217500  -0.017512  -0.217044  0.975848  0.024769  0.022476  -0.020371  0.999540  0.012274  0.002317  -0.035023  0.012158  0.008113  0.920120  2.000000  0.999916  0.006918  0.010999  -0.006921  0.999976  0.000236  -0.010997  -0.000312  0.999939  0.999705  0.024299  -0.000435  -0.024299  0.999705  -0.000067  0.000433  0.000077  1.000000  1.000000  0.000157  0.000260  -0.000157  1.000000  -0.000001  -0.000260  0.000001  1.000000  0.999916  0.006918  0.010999  -0.006921  0.999976  0.000236  -0.010997  -0.000312  0.999939  0.000227  0.024305  
77.618151 0.027783  0.097864  -0.021017  0.975592  0.218904  -0.017346  -0.218450  0.975534  0.024765  0.022343  -0.020371  0.999543  0.013088  0.001774  -0.036102  0.013316  0.002485  0.975456  2.000000  0.999894  0.007706  0.012327  -0.007709  0.999970  0.000216  -0.012325  -0.000311  0.999924  0.999690  0.024907  -0.000021  -0.024907  0.999690  -0.000178  0.000016  0.000178  1.000000  1.000000  0.000156  0.000270  -0.000156  1.000000  -0.000002  -0.000270  0.000002  1.000000  0.999894  0.007706  0.012327  -0.007709  0.999970  0.000216  -0.012325  -0.000311  0.999924  0.000243  0.024911  
77.619406 0.027805  0.097859  -0.021070  0.975279  0.220307  -0.017180  -0.219857  0.975218  0.024761  0.022209  -0.020371  0.999546  0.014013  0.000949  -0.037365  0.014467  -0.003145  1.030788  2.000000  0.999870  0.008485  0.013684  -0.008488  0.999964  0.000194  -0.013682  -0.000310  0.999906  0.999685  0.025110  0.000117  -0.025110  0.999685  -0.000173  -0.000122  0.000170  1.000000  1.000000  0.000156  0.000273  -0.000156  1.000000  -0.000002  -0.000273  0.000002  1.000000  0.999870  0.008485  0.013684  -0.008488  0.999964  0.000194  -0.013682  -0.000310  0.999906  0.000257  0.025114  
77.620656 0.027825  0.097856  -0.021119  0.975010  0.221506  -0.017045  -0.221062  0.974949  0.024634  0.022075  -0.020250  0.999551  0.014594  0.000176  -0.038194  0.007002  -0.008349  1.065243  2.000000  0.999844  0.009245  0.015054  -0.009248  0.999957  0.000168  -0.015052  -0.000307  0.999887  0.999685  0.025099  0.000649  -0.025099  0.999685  -0.000301  -0.000657  0.000285  1.000000  1.000000  0.000150  0.000276  -0.000150  1.000000  -0.000004  -0.000276  0.000004  1.000000  0.999844  0.009245  0.015054  -0.009248  0.999957  0.000168  -0.015052  -0.000307  0.999887  0.000265  0.025112  
77.621905 0.027845  0.097853  -0.021167  0.974785  0.222505  -0.016917  -0.222066  0.974724  0.024504  0.021941  -0.020129  0.999557  0.014994  -0.000628  -0.038783  0.003006  -0.012921  1.072105  2.000000  0.999821  0.009837  0.016155  -0.009841  0.999952  0.000141  -0.016152  -0.000300  0.999869  0.999690  0.024891  0.000776  -0.024891  0.999690  -0.000430  -0.000786  0.000411  1.000000  1.000000  0.000147  0.000274  -0.000147  1.000000  -0.000005  -0.000274  0.000005  1.000000  0.999821  0.009837  0.016155  -0.009841  0.999952  0.000141  -0.016152  -0.000300  0.999869  0.000269  0.024909  
77.622907 0.027861  0.097851  -0.021204  0.974607  0.223301  -0.016663  -0.222870  0.974544  0.024340  0.021674  -0.020008  0.999565  0.015239  -0.001118  -0.039126  -0.005212  -0.017557  1.078857  2.000000  0.999797  0.010418  0.017247  -0.010421  0.999946  0.000112  -0.017245  -0.000292  0.999851  0.999695  0.024683  0.000902  -0.024682  0.999695  -0.000438  -0.000913  0.000415  0.999999  1.000000  0.000144  0.000273  -0.000144  1.000000  -0.000005  -0.000273  0.000005  1.000000  0.999797  0.010418  0.017247  -0.010421  0.999946  0.000112  -0.017245  -0.000292  0.999851  0.000269  0.024705  
77.624149 0.027879  0.097848  -0.021251  0.974383  0.224296  -0.016404  -0.223874  0.974318  0.024179  0.021406  -0.019887  0.999573  0.015392  -0.001648  -0.039522  -0.009133  -0.022088  1.083784  2.000000  0.999765  0.011119  0.018600  -0.011122  0.999938  0.000067  -0.018598  -0.000274  0.999827  0.999705  0.024266  0.001158  -0.024266  0.999705  -0.000574  -0.001172  0.000546  0.999999  1.000000  0.000139  0.000270  -0.000139  1.000000  -0.000007  -0.000270  0.000007  1.000000  0.999765  0.011119  0.018600  -0.011122  0.999938  0.000067  -0.018598  -0.000274  0.999827  0.000272  0.024303  
77.625152 0.027893  0.097844  -0.021290  0.974201  0.225092  -0.016309  -0.224677  0.974139  0.023926  0.021272  -0.019644  0.999581  0.015520  -0.002231  -0.040019  -0.021219  -0.026986  1.106693  2.000000  0.999739  0.011658  0.019668  -0.011661  0.999932  0.000025  -0.019666  -0.000254  0.999807  0.999719  0.023644  0.001407  -0.023643  0.999720  -0.000715  -0.001424  0.000681  0.999999  1.000000  0.000132  0.000265  -0.000132  1.000000  -0.000009  -0.000265  0.000009  1.000000  0.999739  0.011658  0.019668  -0.011661  0.999932  0.000025  -0.019666  -0.000254  0.999807  0.000276  0.023698  
77.626406 0.027907  0.097838  -0.021342  0.973977  0.226083  -0.015948  -0.225682  0.973915  0.023616  0.020871  -0.019402  0.999594  0.015219  -0.002872  -0.040522  -0.033444  -0.045034  1.112989  2.000000  0.999705  0.012281  0.020963  -0.012283  0.999925  -0.000038  -0.020962  -0.000219  0.999780  0.999743  0.022605  0.001916  -0.022604  0.999744  -0.000864  -0.001935  0.000820  0.999998  1.000000  0.000120  0.000257  -0.000120  1.000000  -0.000011  -0.000257  0.000011  1.000000  0.999705  0.012281  0.020963  -0.012283  0.999925  -0.000038  -0.020962  -0.000219  0.999780  0.000280  0.022704  
77.627649 0.027918  0.097829  -0.021397  0.973750  0.227077  -0.015718  -0.226686  0.973688  0.023335  0.020604  -0.019160  0.999604  0.014653  -0.003598  -0.041054  -0.041112  -0.062507  1.110439  2.000000  0.999670  0.012849  0.022236  -0.012850  0.999917  -0.000112  -0.022236  -0.000174  0.999753  0.999755  0.021976  0.002567  -0.021973  0.999758  -0.001006  -0.002589  0.000950  0.999996  1.000000  0.000109  0.000254  -0.000109  1.000000  -0.000012  -0.000254  0.000012  1.000000  0.999670  0.012849  0.022236  -0.012850  0.999917  -0.000112  -0.022236  -0.000174  0.999753  0.000279  0.022148  
77.628898 0.027929  0.097820  -0.021452  0.973618  0.227665  -0.015396  -0.227289  0.973558  0.022900  0.020202  -0.018796  0.999619  0.014130  -0.004048  -0.041294  -0.053766  -0.084212  1.089734  2.000000  0.999642  0.013264  0.023244  -0.013264  0.999912  -0.000182  -0.023244  -0.000126  0.999730  0.999763  0.021554  0.003089  -0.021551  0.999767  -0.001263  -0.003116  0.001196  0.999994  1.000000  0.000101  0.000253  -0.000101  1.000000  -0.000015  -0.000253  0.000015  1.000000  0.999642  0.013264  0.023244  -0.013264  0.999912  -0.000182  -0.023244  -0.000126  0.999730  0.000276  0.021811  
77.630148 0.027940  0.097811  -0.021505  0.973438  0.228456  -0.015042  -0.228092  0.973378  0.022585  0.019801  -0.018554  0.999632  0.013620  -0.004307  -0.041290  -0.062431  -0.101509  1.068780  2.000000  0.999606  0.013739  0.024480  -0.013736  0.999906  -0.000290  -0.024481  -0.000046  0.999700  0.999783  0.020519  0.003463  -0.020514  0.999788  -0.001655  -0.003496  0.001584  0.999993  1.000000  0.000091  0.000244  -0.000091  1.000000  -0.000020  -0.000244  0.000020  1.000000  0.999606  0.013739  0.024480  -0.013736  0.999906  -0.000290  -0.024481  -0.000046  0.999700  0.000271  0.020874  
77.631152 0.027948  0.097806  -0.021545  0.973302  0.229048  -0.014823  -0.228695  0.973243  0.022297  0.019533  -0.018311  0.999642  0.013132  -0.004320  -0.040983  -0.067745  -0.110598  1.049749  2.000000  0.999577  0.014087  0.025448  -0.014082  0.999901  -0.000384  -0.025451  0.000025  0.999676  0.999795  0.019895  0.003850  -0.019889  0.999801  -0.001676  -0.003883  0.001599  0.999991  1.000000  0.000082  0.000240  -0.000082  1.000000  -0.000020  -0.000240  0.000020  1.000000  0.999577  0.014087  0.025448  -0.014082  0.999901  -0.000384  -0.025451  0.000025  0.999676  0.000266  0.020332  
77.632157 0.027957  0.097802  -0.021585  0.973168  0.229640  -0.014447  -0.229298  0.973106  0.022096  0.019132  -0.018190  0.999651  0.012607  -0.004365  -0.040646  -0.071570  -0.122848  1.033817  2.000000  0.999548  0.014406  0.026394  -0.014398  0.999896  -0.000487  -0.026398  0.000107  0.999651  0.999806  0.019277  0.003968  -0.019269  0.999812  -0.001935  -0.004004  0.001858  0.999990  1.000000  0.000077  0.000234  -0.000077  1.000000  -0.000024  -0.000234  0.000024  1.000000  0.999548  0.014406  0.026394  -0.014398  0.999896  -0.000487  -0.026398  0.000107  0.999651  0.000263  0.019773  
77.633407 0.027967  0.097796  -0.021636  0.973036  0.230228  -0.013968  -0.229901  0.972971  0.021745  0.018597  -0.017948  0.999666  0.011948  -0.004479  -0.040544  -0.077227  -0.140992  1.007505  2.000000  0.999512  0.014758  0.027533  -0.014746  0.999891  -0.000628  -0.027539  0.000221  0.999621  0.999824  0.018239  0.004481  -0.018229  0.999832  -0.002086  -0.004519  0.002004  0.999988  1.000000  0.000065  0.000226  -0.000065  1.000000  -0.000026  -0.000226  0.000026  1.000000  0.999512  0.014758  0.027533  -0.014746  0.999891  -0.000628  -0.027539  0.000221  0.999621  0.000258  0.018893  
77.634656 0.027975  0.097786  -0.021691  0.972854  0.231021  -0.013588  -0.230704  0.972785  0.021546  0.018196  -0.017827  0.999676  0.010968  -0.004845  -0.040779  -0.081186  -0.157209  0.978299  2.000000  0.999477  0.015049  0.028609  -0.015033  0.999887  -0.000784  -0.028617  0.000353  0.999590  0.999844  0.016998  0.004856  -0.016987  0.999853  -0.002360  -0.004895  0.002277  0.999985  1.000000  0.000053  0.000214  -0.000053  1.000000  -0.000029  -0.000214  0.000029  1.000000  0.999477  0.015049  0.028609  -0.015033  0.999887  -0.000784  -0.028617  0.000353  0.999590  0.000249  0.017830  
77.635903 0.027980  0.097774  -0.021751  0.972723  0.231607  -0.012980  -0.231307  0.972650  0.021164  0.017527  -0.017584  0.999692  0.010025  -0.005459  -0.041660  -0.087113  -0.188892  0.937489  2.000000  0.999443  0.015295  0.029652  -0.015273  0.999883  -0.000948  -0.029663  0.000495  0.999560  0.999859  0.015964  0.005234  -0.015951  0.999870  -0.002508  -0.005274  0.002424  0.999983  1.000000  0.000043  0.000206  -0.000043  1.000000  -0.000031  -0.000206  0.000031  1.000000  0.999443  0.015295  0.029652  -0.015273  0.999883  -0.000948  -0.029663  0.000495  0.999560  0.000242  0.016981  
77.636904 0.027984  0.097763  -0.021802  0.972587  0.232199  -0.012605  -0.231910  0.972511  0.020961  0.017125  -0.017463  0.999701  0.009252  -0.006021  -0.042307  -0.087732  -0.210738  0.909434  2.000000  0.999423  0.015419  0.030271  -0.015394  0.999881  -0.001054  -0.030283  0.000587  0.999541  0.999858  0.015960  0.005500  -0.015945  0.999869  -0.002636  -0.005541  0.002548  0.999981  1.000000  0.000040  0.000207  -0.000040  1.000000  -0.000032  -0.000207  0.000032  1.000000  0.999423  0.015419  0.030271  -0.015394  0.999881  -0.001054  -0.030283  0.000587  0.999541  0.000236  0.017079  
77.638153 0.027986  0.097750  -0.021864  0.972450  0.232790  -0.012258  -0.232512  0.972375  0.020640  0.016724  -0.017221  0.999712  0.008115  -0.006757  -0.043408  -0.096564  -0.228104  0.881505  2.000000  0.999389  0.015590  0.031281  -0.015559  0.999878  -0.001240  -0.031296  0.000752  0.999510  0.999871  0.014923  0.006013  -0.014906  0.999885  -0.002904  -0.006056  0.002814  0.999978  1.000000  0.000028  0.000199  -0.000028  1.000000  -0.000036  -0.000199  0.000036  1.000000  0.999389  0.015590  0.031281  -0.015559  0.999878  -0.001240  -0.031296  0.000752  0.999510  0.000231  0.016342  
77.639406 0.027989  0.097737  -0.021925  0.972315  0.233379  -0.011782  -0.233115  0.972238  0.020287  0.016189  -0.016979  0.999725  0.006961  -0.007439  -0.044385  -0.101534  -0.245226  0.846425  2.000000  0.999356  0.015718  0.032256  -0.015680  0.999876  -0.001439  -0.032275  0.000932  0.999479  0.999878  0.014302  0.006268  -0.014283  0.999893  -0.003041  -0.006311  0.002951  0.999976  1.000000  0.000021  0.000194  -0.000021  1.000000  -0.000037  -0.000194  0.000037  1.000000  0.999356  0.015718  0.032256  -0.015680  0.999876  -0.001439  -0.032275  0.000932  0.999479  0.000225  0.015901  
77.640651 0.027992  0.097725  -0.021983  0.972179  0.233968  -0.011306  -0.233717  0.972100  0.019933  0.015654  -0.016736  0.999737  0.006141  -0.007822  -0.044814  -0.110587  -0.262473  0.811572  2.000000  0.999324  0.015803  0.033200  -0.015757  0.999874  -0.001654  -0.033222  0.001130  0.999447  0.999887  0.013473  0.006652  -0.013452  0.999904  -0.003304  -0.006696  0.003214  0.999972  1.000000  0.000012  0.000187  -0.000012  1.000000  -0.000041  -0.000187  0.000041  1.000000  0.999324  0.015803  0.033200  -0.015757  0.999874  -0.001654  -0.033222  0.001130  0.999447  0.000218  0.015376  
77.641666 0.027993  0.097716  -0.022026  0.972088  0.234359  -0.010964  -0.234119  0.972010  0.019608  0.015252  -0.016494  0.999748  0.005540  -0.008014  -0.044835  -0.119565  -0.270607  0.776511  2.000000  0.999299  0.015841  0.033928  -0.015788  0.999874  -0.001832  -0.033953  0.001295  0.999423  0.999897  0.012650  0.006768  -0.012627  0.999914  -0.003443  -0.006811  0.003358  0.999971  1.000000  0.000005  0.000179  -0.000005  1.000000  -0.000043  -0.000179  0.000043  1.000000  0.999299  0.015841  0.033928  -0.015788  0.999874  -0.001832  -0.033953  0.001295  0.999423  0.000211  0.014745  
77.642900 0.027994  0.097704  -0.022081  0.971953  0.234944  -0.010387  -0.234721  0.971875  0.019104  0.014584  -0.016130  0.999764  0.004831  -0.008223  -0.044951  -0.131477  -0.285858  0.749715  2.000000  0.999274  0.015849  0.034647  -0.015789  0.999873  -0.002023  -0.034675  0.001474  0.999398  0.999896  0.012438  0.007296  -0.012411  0.999916  -0.003697  -0.007341  0.003606  0.999967  1.000000  -0.000002  0.000180  0.000002  1.000000  -0.000046  -0.000180  0.000046  1.000000  0.999274  0.015849  0.034647  -0.015789  0.999873  -0.002023  -0.034675  0.001474  0.999398  0.000203  0.014875  
77.643901 0.027995  0.097695  -0.022126  0.971864  0.235334  -0.009916  -0.235123  0.971785  0.018747  0.014048  -0.015888  0.999775  0.004287  -0.008317  -0.044954  -0.141693  -0.305378  0.714156  2.000000  0.999249  0.015834  0.035365  -0.015765  0.999873  -0.002221  -0.035395  0.001662  0.999372  0.999896  0.012227  0.007690  -0.012198  0.999918  -0.003828  -0.007737  0.003734  0.999963  1.000000  -0.000007  0.000180  0.000007  1.000000  -0.000047  -0.000180  0.000047  1.000000  0.999249  0.015834  0.035365  -0.015765  0.999873  -0.002221  -0.035395  0.001662  0.999372  0.000200  0.014932  
77.645150 0.027996  0.097684  -0.022183  0.971681  0.236118  -0.009207  -0.235926  0.971600  0.018212  0.013246  -0.015524  0.999792  0.003693  -0.008541  -0.045298  -0.149175  -0.325094  0.701585  2.000000  0.999224  0.015797  0.036085  -0.015719  0.999873  -0.002431  -0.036119  0.001862  0.999346  0.999894  0.012016  0.008218  -0.011983  0.999920  -0.004083  -0.008266  0.003984  0.999958  1.000000  -0.000014  0.000181  0.000014  1.000000  -0.000050  -0.000181  0.000050  1.000000  0.999224  0.015797  0.036085  -0.015719  0.999873  -0.002431  -0.036119  0.001862  0.999346  0.000197  0.015107  
77.646401 0.027996  0.097674  -0.022240  0.971543  0.236705  -0.008632  -0.236528  0.971463  0.017706  0.012577  -0.015160  0.999806  0.002981  -0.008801  -0.045772  -0.161839  -0.342197  0.680226  2.000000  0.999192  0.015714  0.036982  -0.015624  0.999874  -0.002704  -0.037020  0.002124  0.999312  0.999896  0.011603  0.008607  -0.011566  0.999924  -0.004339  -0.008657  0.004239  0.999954  1.000000  -0.000021  0.000179  0.000021  1.000000  -0.000054  -0.000179  0.000054  1.000000  0.999192  0.015714  0.036982  -0.015624  0.999874  -0.002704  -0.037020  0.002124  0.999312  0.000196  0.015070  
77.647648 0.027996  0.097665  -0.022298  0.971454  0.237091  -0.008090  -0.236930  0.971377  0.017080  0.011908  -0.014675  0.999821  0.002366  -0.009015  -0.046258  -0.178874  -0.363815  0.645768  2.000000  0.999161  0.015597  0.037866  -0.015495  0.999875  -0.002986  -0.037908  0.002397  0.999278  0.999899  0.010982  0.008995  -0.010943  0.999930  -0.004476  -0.009043  0.004377  0.999950  1.000000  -0.000029  0.000175  0.000029  1.000000  -0.000055  -0.000175  0.000055  1.000000  0.999161  0.015597  0.037866  -0.015495  0.999875  -0.002986  -0.037908  0.002397  0.999278  0.000190  0.014870  
77.648653 0.027998  0.097657  -0.022345  0.971362  0.237482  -0.007621  -0.237332  0.971285  0.016720  0.011373  -0.014433  0.999831  0.001952  -0.009150  -0.046612  -0.189278  -0.379565  0.616210  2.000000  0.999137  0.015478  0.038556  -0.015365  0.999877  -0.003220  -0.038601  0.002625  0.999251  0.999901  0.010570  0.009252  -0.010528  0.999934  -0.004607  -0.009300  0.004510  0.999947  1.000000  -0.000034  0.000172  0.000034  1.000000  -0.000057  -0.000172  0.000057  1.000000  0.999137  0.015478  0.038556  -0.015365  0.999877  -0.003220  -0.038601  0.002625  0.999251  0.000187  0.014769  
77.649904 0.027999  0.097648  -0.022405  0.971223  0.238070  -0.007047  -0.237933  0.971146  0.016213  0.010704  -0.014069  0.999844  0.001565  -0.009078  -0.046805  -0.198151  -0.396955  0.588365  2.000000  0.999106  0.015307  0.039409  -0.015181  0.999879  -0.003514  -0.039458  0.002913  0.999217  0.999901  0.010364  0.009513  -0.010321  0.999936  -0.004617  -0.009560  0.004518  0.999944  1.000000  -0.000039  0.000172  0.000039  1.000000  -0.000057  -0.000172  0.000057  1.000000  0.999106  0.015307  0.039409  -0.015181  0.999879  -0.003514  -0.039458  0.002913  0.999217  0.000186  0.014792  
77.651154 0.028001  0.097638  -0.022467  0.971130  0.238460  -0.006608  -0.238335  0.971056  0.015735  0.010169  -0.013705  0.999854  0.001310  -0.008856  -0.046840  -0.209329  -0.402692  0.570321  2.000000  0.999075  0.015118  0.040257  -0.014977  0.999881  -0.003813  -0.040310  0.003206  0.999182  0.999902  0.010160  0.009640  -0.010115  0.999938  -0.004746  -0.009688  0.004648  0.999942  1.000000  -0.000041  0.000170  0.000041  1.000000  -0.000059  -0.000170  0.000059  1.000000  0.999075  0.015118  0.040257  -0.014977  0.999881  -0.003813  -0.040310  0.003206  0.999182  0.000184  0.014773  
77.652155 0.028003  0.097629  -0.022517  0.971038  0.238849  -0.006039  -0.238736  0.970965  0.015224  0.009500  -0.013342  0.999866  0.001218  -0.008712  -0.046790  -0.219566  -0.423127  0.553518  2.000000  0.999050  0.014956  0.040928  -0.014802  0.999882  -0.004056  -0.040984  0.003447  0.999154  0.999903  0.009955  0.009769  -0.009909  0.999940  -0.004753  -0.009815  0.004656  0.999941  1.000000  -0.000044  0.000169  0.000044  1.000000  -0.000059  -0.000169  0.000059  1.000000  0.999050  0.014956  0.040928  -0.014802  0.999882  -0.004056  -0.040984  0.003447  0.999154  0.000183  0.014720  
77.653407 0.028005  0.097617  -0.022579  0.970896  0.239438  -0.005438  -0.239337  0.970823  0.014832  0.008831  -0.013099  0.999875  0.001229  -0.008699  -0.046850  -0.219944  -0.436069  0.539332  2.000000  0.999025  0.014774  0.041603  -0.014607  0.999884  -0.004309  -0.041661  0.003697  0.999125  0.999901  0.009748  0.010164  -0.009697  0.999940  -0.005006  -0.010212  0.004907  0.999936  1.000000  -0.000050  0.000169  0.000050  1.000000  -0.000062  -0.000169  0.000062  1.000000  0.999025  0.014774  0.041603  -0.014607  0.999884  -0.004309  -0.041661  0.003697  0.999125  0.000182  0.014930  
77.654649 0.028009  0.097604  -0.022640  0.970804  0.239826  -0.004740  -0.239738  0.970732  0.014289  0.008028  -0.012735  0.999887  0.001293  -0.008737  -0.046932  -0.224704  -0.453728  0.518631  2.000000  0.998993  0.014530  0.042450  -0.014347  0.999886  -0.004633  -0.042512  0.004019  0.999088  0.999897  0.009746  0.010561  -0.009692  0.999940  -0.005135  -0.010611  0.005032  0.999931  1.000000  -0.000054  0.000171  0.000054  1.000000  -0.000064  -0.000171  0.000064  1.000000  0.998993  0.014530  0.042450  -0.014347  0.999886  -0.004633  -0.042512  0.004019  0.999088  0.000182  0.015244  
77.655903 0.028014  0.097591  -0.022703  0.970662  0.240414  -0.004039  -0.240339  0.970592  0.013746  0.007225  -0.012372  0.999897  0.001437  -0.008751  -0.047326  -0.229222  -0.471264  0.504568  2.000000  0.998960  0.014264  0.043296  -0.014063  0.999889  -0.004965  -0.043362  0.004351  0.999050  0.999896  0.009540  0.010824  -0.009484  0.999942  -0.005144  -0.010873  0.005041  0.999928  1.000000  -0.000058  0.000171  0.000058  1.000000  -0.000064  -0.000171  0.000064  1.000000  0.998960  0.014264  0.043296  -0.014063  0.999889  -0.004965  -0.043362  0.004351  0.999050  0.000182  0.015301  
77.657151 0.028018  0.097578  -0.022768  0.970569  0.240802  -0.003183  -0.240741  0.970499  0.013286  0.006288  -0.012129  0.999907  0.001668  -0.008887  -0.048121  -0.229859  -0.488836  0.483684  2.000000  0.998928  0.013980  0.044141  -0.013759  0.999891  -0.005303  -0.044210  0.004690  0.999011  0.999896  0.009336  0.010952  -0.009279  0.999943  -0.005274  -0.011000  0.005172  0.999926  1.000000  -0.000061  0.000169  0.000061  1.000000  -0.000065  -0.000169  0.000065  1.000000  0.998928  0.013980  0.044141  -0.013759  0.999891  -0.005303  -0.044210  0.004690  0.999011  0.000182  0.015310  
77.658408 0.028024  0.097565  -0.022835  0.970424  0.241392  -0.002613  -0.241341  0.970356  0.012774  0.005620  -0.011765  0.999915  0.001988  -0.008986  -0.048810  -0.234173  -0.501897  0.476542  2.000000  0.998895  0.013672  0.044975  -0.013432  0.999894  -0.005647  -0.045047  0.005037  0.998972  0.999897  0.008924  0.011212  -0.008864  0.999946  -0.005406  -0.011260  0.005306  0.999923  1.000000  -0.000066  0.000167  0.000066  1.000000  -0.000067  -0.000167  0.000067  1.000000  0.998895  0.013672  0.044975  -0.013432  0.999894  -0.005647  -0.045047  0.005037  0.998972  0.000183  0.015299  
77.659650 0.028031  0.097551  -0.022905  0.970328  0.241783  -0.002047  -0.241741  0.970263  0.012260  0.004951  -0.011402  0.999923  0.002412  -0.009146  -0.049734  -0.236901  -0.507017  0.466315  2.000000  0.998861  0.013350  0.045804  -0.013088  0.999896  -0.005999  -0.045879  0.005393  0.998932  0.999896  0.008720  0.011474  -0.008656  0.999947  -0.005534  -0.011522  0.005434  0.999919  1.000000  -0.000070  0.000166  0.000070  1.000000  -0.000069  -0.000166  0.000069  1.000000  0.998861  0.013350  0.045804  -0.013088  0.999896  -0.005999  -0.045879  0.005393  0.998932  0.000182  0.015420  
77.660650 0.028037  0.097540  -0.022961  0.970281  0.241975  -0.001454  -0.241942  0.970218  0.011863  0.004282  -0.011159  0.999929  0.002720  -0.009329  -0.050428  -0.239085  -0.519466  0.455944  2.000000  0.998834  0.013074  0.046465  -0.012795  0.999898  -0.006285  -0.046542  0.005683  0.998900  0.999893  0.008719  0.011739  -0.008655  0.999947  -0.005540  -0.011787  0.005438  0.999916  1.000000  -0.000073  0.000168  0.000073  1.000000  -0.000069  -0.000168  0.000069  1.000000  0.998834  0.013074  0.046465  -0.012795  0.999898  -0.006285  -0.046542  0.005683  0.998900  0.000184  0.015620  
77.661900 0.028045  0.097527  -0.023033  0.970135  0.242566  -0.000727  -0.242542  0.970074  0.011434  0.003479  -0.010916  0.999934  0.003293  -0.009576  -0.051377  -0.237377  -0.532950  0.452085  2.000000  0.998807  0.012785  0.047134  -0.012489  0.999900  -0.006577  -0.047213  0.005981  0.998867  0.999888  0.008719  0.012138  -0.008649  0.999946  -0.005789  -0.012187  0.005684  0.999910  1.000000  -0.000077  0.000170  0.000077  1.000000  -0.000072  -0.000170  0.000072  1.000000  0.998807  0.012785  0.047134  -0.012489  0.999900  -0.006577  -0.047213  0.005981  0.998867  0.000183  0.016009  
77.662900 0.028052  0.097516  -0.023089  0.970037  0.242958  -0.000162  -0.242942  0.969979  0.010919  0.002810  -0.010553  0.999940  0.003692  -0.009749  -0.052006  -0.245786  -0.541665  0.445231  2.000000  0.998778  0.012487  0.047808  -0.012172  0.999902  -0.006868  -0.047889  0.006278  0.998833  0.999890  0.008516  0.012133  -0.008448  0.999948  -0.005675  -0.012181  0.005572  0.999910  1.000000  -0.000079  0.000168  0.000079  1.000000  -0.000070  -0.000168  0.000070  1.000000  0.998778  0.012487  0.047808  -0.012172  0.999902  -0.006868  -0.047889  0.006278  0.998833  0.000185  0.015855  
77.664152 0.028063  0.097505  -0.023158  0.969939  0.243349  0.000562  -0.243342  0.969884  0.010489  0.002007  -0.010310  0.999945  0.004308  -0.009885  -0.052577  -0.246151  -0.550364  0.438365  2.000000  0.998743  0.012108  0.048646  -0.011770  0.999905  -0.007230  -0.048729  0.006648  0.998790  0.999888  0.008520  0.012264  -0.008450  0.999948  -0.005682  -0.012312  0.005577  0.999909  1.000000  -0.000080  0.000169  0.000080  1.000000  -0.000070  -0.000169  0.000070  1.000000  0.998743  0.012108  0.048646  -0.011770  0.999905  -0.007230  -0.048729  0.006648  0.998790  0.000187  0.015959  
77.665157 0.028072  0.097497  -0.023211  0.969840  0.243741  0.001256  -0.243741  0.969789  0.009940  0.001204  -0.009946  0.999950  0.004833  -0.009930  -0.052855  -0.256754  -0.563571  0.428135  2.000000  0.998714  0.011795  0.049306  -0.011438  0.999906  -0.007518  -0.049391  0.006944  0.998755  0.999892  0.008111  0.012258  -0.008043  0.999952  -0.005567  -0.012302  0.005467  0.999909  1.000000  -0.000082  0.000164  0.000082  1.000000  -0.000069  -0.000164  0.000069  1.000000  0.998714  0.011795  0.049306  -0.011438  0.999906  -0.007518  -0.049391  0.006944  0.998755  0.000189  0.015700  
