1-Time 2-Px 3-Py 4-Pz 5-R11 6-R21 7-R31 8-R12 9-R22 10-R32 11-R13 12-R23 13-R33 14-Vx 15-Vy 16-Vz 17-Wx 18-Wy 19-Wz 20-state 21-PR11 22-PR21 23-PR31 24-PR12 25-PR22 26-PR32 27-PR13 28-PR23 29-PR33 
141.637010 0.007217  0.099298  -0.005920  0.998228  0.013064  0.058050  -0.058843  0.071949  0.995671  0.008831  -0.997323  0.072590  -0.000011  0.000042  0.000609  0.000000  0.000000  0.000000  2.000000  1.000000  0.000000  0.000000  0.000000  -0.000000  1.000000  0.000000  -1.000000  -0.000000  1.000000  0.000163  0.000401  -0.000164  0.999999  0.001702  -0.000401  -0.001702  0.999998  1.000000  0.000000  0.000000  0.000000  1.000000  0.000000  0.000000  0.000000  1.000000  0.552308  0.652217  0.519200  -0.626007  -0.086806  0.774971  0.550519  -0.753045  0.360348  0.000000  0.000000  
141.638015 0.007218  0.099299  -0.005919  0.998228  0.013057  0.058052  -0.058843  0.071828  0.995680  0.008831  -0.997332  0.072469  0.000002  0.000039  0.000575  0.000000  0.000000  0.000000  2.000000  1.000000  0.000000  0.000000  0.000000  -0.000000  1.000000  0.000000  -1.000000  -0.000000  1.000000  0.000163  0.000401  -0.000164  0.999999  0.001702  -0.000401  -0.001702  0.999998  1.000000  0.000000  0.000000  0.000000  1.000000  0.000000  0.000000  0.000000  1.000000  1.000000  0.000000  0.000000  0.000000  -0.000000  1.000000  0.000000  -1.000000  -0.000000  0.000000  0.000000  
141.639015 0.007218  0.099299  -0.005919  0.998229  0.012924  0.058061  -0.058843  0.071836  0.995679  0.008697  -0.997333  0.072469  0.000065  0.000042  0.000537  0.000000  0.000000  0.000000  2.000000  1.000000  0.000000  0.000000  0.000000  -0.000000  1.000000  0.000000  -1.000000  -0.000000  1.000000  0.000030  0.000411  -0.000030  0.999999  0.001580  -0.000411  -0.001580  0.999999  1.000000  0.000000  0.000000  0.000000  1.000000  0.000000  0.000000  0.000000  1.000000  1.000000  0.000000  0.000000  0.000000  -0.000000  1.000000  0.000000  -1.000000  -0.000000  0.000000  0.000000  
141.640016 0.007219  0.099299  -0.005921  0.998218  0.012798  0.058277  -0.059048  0.071720  0.995675  0.008563  -0.997343  0.072348  0.000093  0.000057  0.000425  0.000000  0.000000  0.000000  2.000000  1.000000  0.000000  0.000000  0.000000  -0.000000  1.000000  0.000000  -1.000000  -0.000000  1.000000  -0.000104  0.000420  0.000103  0.999999  0.001459  -0.000420  -0.001459  0.999999  1.000000  0.000000  0.000000  0.000000  1.000000  0.000000  0.000000  0.000000  1.000000  1.000000  0.000000  0.000000  0.000000  -0.000000  1.000000  0.000000  -1.000000  -0.000000  0.000000  0.000000  
141.641016 0.007221  0.099300  -0.005922  0.998220  0.012665  0.058287  -0.059049  0.071728  0.995675  0.008429  -0.997344  0.072348  0.000219  0.000081  0.000301  0.000000  0.000000  0.000000  2.000000  1.000000  0.000000  0.000000  0.000000  -0.000000  1.000000  0.000000  -1.000000  -0.000000  1.000000  -0.000222  0.000635  0.000221  0.999999  0.001582  -0.000636  -0.001582  0.999999  1.000000  0.000000  0.000000  0.000000  1.000000  0.000000  0.000000  0.000000  1.000000  1.000000  0.000000  0.000000  0.000000  -0.000000  1.000000  0.000000  -1.000000  -0.000000  0.000000  0.000000  
141.642019 0.007222  0.099300  -0.005923  0.998221  0.012532  0.058297  -0.059049  0.071736  0.995674  0.008295  -0.997345  0.072349  0.000331  0.000131  0.000212  0.000000  0.000000  0.000000  2.000000  1.000000  0.000000  0.000000  0.000000  -0.000000  1.000000  0.000000  -1.000000  -0.000000  1.000000  -0.000356  0.000645  0.000355  0.999999  0.001461  -0.000646  -0.001461  0.999999  1.000000  0.000000  0.000000  0.000000  1.000000  0.000000  0.000000  0.000000  1.000000  1.000000  0.000000  0.000000  0.000000  -0.000000  1.000000  0.000000  -1.000000  -0.000000  0.000000  0.000000  
141.643031 0.007225  0.099301  -0.005924  0.998210  0.012420  0.058510  -0.059254  0.071862  0.995653  0.008162  -0.997337  0.072470  0.000452  0.000178  0.000083  0.000000  0.000000  0.000000  2.000000  1.000000  0.000000  0.000000  0.000000  -0.000000  1.000000  0.000000  -1.000000  -0.000000  1.000000  -0.000489  0.000655  0.000488  0.999999  0.001218  -0.000655  -0.001218  0.999999  1.000000  0.000000  0.000000  0.000000  1.000000  0.000000  0.000000  0.000000  1.000000  1.000000  0.000000  0.000000  0.000000  -0.000000  1.000000  0.000000  -1.000000  -0.000000  0.000000  0.000000  
141.644269 0.007228  0.099303  -0.005925  0.998211  0.012287  0.058520  -0.059254  0.071870  0.995652  0.008028  -0.997338  0.072470  0.000683  0.000290  -0.000007  0.000000  0.000000  0.000000  2.000000  1.000000  0.000000  0.000000  0.000000  -0.000000  1.000000  0.000000  -1.000000  -0.000000  1.000000  -0.000489  0.000655  0.000488  0.999999  0.001218  -0.000655  -0.001218  0.999999  1.000000  0.000000  0.000000  0.000000  1.000000  0.000000  0.000000  0.000000  1.000000  1.000000  0.000000  0.000000  0.000000  -0.000000  1.000000  0.000000  -1.000000  -0.000000  0.000000  0.000000  
141.645519 0.007231  0.099305  -0.005925  0.998211  0.012287  0.058520  -0.059254  0.071870  0.995652  0.008028  -0.997338  0.072470  0.000905  0.000424  -0.000107  0.000000  0.000000  0.000000  2.000000  1.000000  0.000000  0.000000  0.000000  -0.000000  1.000000  0.000000  -1.000000  -0.000000  1.000000  -0.000622  0.000664  0.000622  0.999999  0.001097  -0.000665  -0.001097  0.999999  1.000000  0.000000  0.000000  0.000000  1.000000  0.000000  0.000000  0.000000  1.000000  1.000000  0.000000  0.000000  0.000000  -0.000000  1.000000  0.000000  -1.000000  -0.000000  0.000000  0.000000  
141.646770 0.007234  0.099306  -0.005926  0.998212  0.012154  0.058529  -0.059254  0.071878  0.995652  0.007894  -0.997339  0.072470  0.001118  0.000503  -0.000253  0.000000  0.000000  0.000000  2.000000  1.000000  0.000000  0.000000  0.000000  -0.000000  1.000000  0.000000  -1.000000  -0.000000  0.999999  -0.000756  0.000674  0.000755  0.999999  0.000976  -0.000675  -0.000975  0.999999  1.000000  0.000000  0.000000  0.000000  1.000000  0.000000  0.000000  0.000000  1.000000  1.000000  0.000000  0.000000  0.000000  -0.000000  1.000000  0.000000  -1.000000  -0.000000  0.000000  0.000000  
141.648019 0.007237  0.099307  -0.005928  0.998213  0.012028  0.058537  -0.059254  0.072007  0.995642  0.007760  -0.997332  0.072591  0.001290  0.000555  -0.000385  0.000000  0.000000  0.000000  2.000000  1.000000  0.000000  0.000000  0.000000  -0.000000  1.000000  0.000000  -1.000000  -0.000000  0.999999  -0.000889  0.000684  0.000889  0.999999  0.000733  -0.000685  -0.000733  0.999999  1.000000  0.000000  0.000000  0.000000  1.000000  0.000000  0.000000  0.000000  1.000000  1.000000  0.000000  0.000000  0.000000  -0.000000  1.000000  0.000000  -1.000000  -0.000000  0.000000  0.000000  
141.649276 0.007240  0.099309  -0.005929  0.998215  0.011761  0.058557  -0.059254  0.072023  0.995641  0.007493  -0.997334  0.072591  0.001523  0.000686  -0.000519  0.000000  0.000000  0.000000  2.000000  1.000000  0.000000  0.000000  0.000000  -0.000000  1.000000  0.000000  -1.000000  -0.000000  0.999999  -0.001023  0.000694  0.001022  0.999999  0.000612  -0.000694  -0.000611  1.000000  1.000000  0.000000  0.000000  0.000000  1.000000  0.000000  0.000000  0.000000  1.000000  1.000000  0.000000  0.000000  0.000000  -0.000000  1.000000  0.000000  -1.000000  -0.000000  0.000000  0.000000  
141.650513 0.007243  0.099310  -0.005931  0.998204  0.011650  0.058770  -0.059460  0.072149  0.995620  0.007359  -0.997326  0.072712  0.001759  0.000741  -0.000689  0.000000  0.000000  0.000000  2.000000  1.000000  0.000000  0.000000  0.000000  -0.000000  1.000000  0.000000  -1.000000  -0.000000  0.999999  -0.001275  0.000919  0.001274  0.999999  0.000371  -0.000919  -0.000370  1.000000  1.000000  0.000000  0.000000  0.000000  1.000000  0.000000  0.000000  0.000000  1.000000  1.000000  0.000000  0.000000  0.000000  -0.000000  1.000000  0.000000  -1.000000  -0.000000  0.000000  0.000000  
141.651513 0.007246  0.099311  -0.005932  0.998205  0.011391  0.058788  -0.059460  0.072286  0.995610  0.007091  -0.997319  0.072833  0.001951  0.000845  -0.000810  0.000000  0.000000  0.000000  2.000000  1.000000  0.000000  0.000000  0.000000  -0.000000  1.000000  0.000000  -1.000000  -0.000000  0.999998  -0.001541  0.000938  0.001541  0.999999  0.000250  -0.000939  -0.000248  1.000000  1.000000  0.000000  0.000000  0.000000  1.000000  0.000000  0.000000  0.000000  1.000000  1.000000  0.000000  0.000000  0.000000  -0.000000  1.000000  0.000000  -1.000000  -0.000000  0.000000  0.000000  
141.652515 0.007249  0.099312  -0.005934  0.998206  0.011265  0.058796  -0.059460  0.072414  0.995601  0.006957  -0.997311  0.072954  0.002092  0.000902  -0.000970  0.000000  0.000000  0.000000  2.000000  1.000000  0.000000  0.000000  0.000000  -0.000000  1.000000  0.000000  -1.000000  -0.000000  0.999998  -0.001675  0.000948  0.001675  0.999999  0.000007  -0.000948  -0.000006  1.000000  1.000000  0.000000  0.000000  0.000000  1.000000  0.000000  0.000000  0.000000  1.000000  1.000000  0.000000  0.000000  0.000000  -0.000000  1.000000  0.000000  -1.000000  -0.000000  0.000000  0.000000  
141.653516 0.007252  0.099314  -0.005935  0.998195  0.011154  0.059010  -0.059666  0.072541  0.995579  0.006824  -0.997303  0.073075  0.002333  0.001034  -0.001009  0.000000  0.000000  0.000000  2.000000  1.000000  0.000000  0.000000  0.000000  -0.000000  1.000000  0.000000  -1.000000  -0.000000  0.999997  -0.001926  0.001173  0.001927  0.999998  -0.000112  -0.001173  0.000114  0.999999  1.000000  0.000000  0.000000  0.000000  1.000000  0.000000  0.000000  0.000000  1.000000  1.000000  0.000000  0.000000  0.000000  -0.000000  1.000000  0.000000  -1.000000  -0.000000  0.000000  0.000000  
141.654517 0.007255  0.099316  -0.005936  0.998196  0.011028  0.059018  -0.059666  0.072669  0.995570  0.006690  -0.997295  0.073196  0.002441  0.001168  -0.001063  0.000000  0.000000  0.000000  2.000000  1.000000  0.000000  0.000000  0.000000  -0.000000  1.000000  0.000000  -1.000000  -0.000000  0.999997  -0.002060  0.001183  0.002060  0.999998  -0.000355  -0.001183  0.000357  0.999999  1.000000  0.000000  0.000000  0.000000  1.000000  0.000000  0.000000  0.000000  1.000000  1.000000  0.000000  0.000000  0.000000  -0.000000  1.000000  0.000000  -1.000000  -0.000000  0.000000  0.000000  
141.655765 0.007259  0.099319  -0.005938  0.998197  0.010902  0.059027  -0.059666  0.072798  0.995560  0.006556  -0.997287  0.073317  0.002576  0.001321  -0.001100  0.000000  0.000000  0.000000  2.000000  1.000000  0.000000  0.000000  0.000000  -0.000000  1.000000  0.000000  -1.000000  -0.000000  0.999997  -0.002208  0.000988  0.002209  0.999997  -0.000599  -0.000987  0.000601  0.999999  1.000000  0.000000  0.000000  0.000000  1.000000  0.000000  0.000000  0.000000  1.000000  1.000000  0.000000  0.000000  0.000000  -0.000000  1.000000  0.000000  -1.000000  -0.000000  0.000000  0.000000  
141.656765 0.007262  0.099321  -0.005940  0.998185  0.010798  0.059239  -0.059871  0.073045  0.995530  0.006422  -0.997270  0.073559  0.002654  0.001416  -0.001178  0.000000  0.000000  0.000000  2.000000  1.000000  0.000000  0.000000  0.000000  -0.000000  1.000000  0.000000  -1.000000  -0.000000  0.999997  -0.002326  0.001203  0.002327  0.999997  -0.000840  -0.001201  0.000843  0.999999  1.000000  0.000000  0.000000  0.000000  1.000000  0.000000  0.000000  0.000000  1.000000  1.000000  0.000000  0.000000  0.000000  -0.000000  1.000000  0.000000  -1.000000  -0.000000  0.000000  0.000000  
141.657765 0.007264  0.099323  -0.005943  0.998186  0.010672  0.059247  -0.059871  0.073174  0.995520  0.006288  -0.997262  0.073680  0.002693  0.001504  -0.001287  0.000000  0.000000  0.000000  2.000000  1.000000  0.000000  0.000000  0.000000  -0.000000  1.000000  0.000000  -1.000000  -0.000000  0.999996  -0.002459  0.001214  0.002461  0.999996  -0.001082  -0.001211  0.001085  0.999999  1.000000  0.000000  0.000000  0.000000  1.000000  0.000000  0.000000  0.000000  1.000000  1.000000  0.000000  0.000000  0.000000  -0.000000  1.000000  0.000000  -1.000000  -0.000000  0.000000  0.000000  
141.658769 0.007267  0.099326  -0.005945  0.998175  0.010561  0.059461  -0.060077  0.073301  0.995499  0.006155  -0.997254  0.073801  0.002731  0.001590  -0.001394  0.000000  0.000000  0.000000  2.000000  1.000000  0.000000  0.000000  0.000000  -0.000000  1.000000  0.000000  -1.000000  -0.000000  0.999996  -0.002578  0.001429  0.002579  0.999996  -0.001323  -0.001426  0.001327  0.999998  1.000000  0.000000  0.000000  0.000000  1.000000  0.000000  0.000000  0.000000  1.000000  1.000000  0.000000  0.000000  0.000000  -0.000000  1.000000  0.000000  -1.000000  -0.000000  0.000000  0.000000  
141.659777 0.007270  0.099329  -0.005948  0.998176  0.010435  0.059469  -0.060077  0.073429  0.995489  0.006021  -0.997246  0.073922  0.002718  0.001639  -0.001600  0.000000  0.000000  0.000000  2.000000  1.000000  0.000000  0.000000  0.000000  -0.000000  1.000000  0.000000  -1.000000  -0.000000  0.999996  -0.002577  0.001430  0.002579  0.999996  -0.001445  -0.001426  0.001448  0.999998  1.000000  0.000000  0.000000  0.000000  1.000000  0.000000  0.000000  0.000000  1.000000  1.000000  0.000000  0.000000  0.000000  -0.000000  1.000000  0.000000  -1.000000  -0.000000  0.000000  0.000000  
141.661022 0.007274  0.099332  -0.005953  0.998164  0.010331  0.059682  -0.060283  0.073677  0.995459  0.005887  -0.997229  0.074164  0.002756  0.001790  -0.001807  0.000000  0.000000  0.000000  2.000000  1.000000  0.000000  0.000000  0.000000  -0.000000  1.000000  0.000000  -1.000000  -0.000000  0.999996  -0.002577  0.001430  0.002580  0.999995  -0.001809  -0.001426  0.001812  0.999997  1.000000  0.000000  0.000000  0.000000  1.000000  0.000000  0.000000  0.000000  1.000000  1.000000  0.000000  0.000000  0.000000  -0.000000  1.000000  0.000000  -1.000000  -0.000000  0.000000  0.000000  
141.662294 0.007276  0.099334  -0.005958  0.998165  0.010212  0.059689  -0.060283  0.073926  0.995440  0.005753  -0.997211  0.074406  0.002752  0.001854  -0.002078  0.000000  0.000000  0.000000  2.000000  1.000000  0.000000  0.000000  0.000000  -0.000000  1.000000  0.000000  -1.000000  -0.000000  0.999996  -0.002443  0.001421  0.002446  0.999995  -0.002052  -0.001416  0.002055  0.999997  1.000000  0.000000  0.000000  0.000000  1.000000  0.000000  0.000000  0.000000  1.000000  1.000000  0.000000  0.000000  0.000000  -0.000000  1.000000  0.000000  -1.000000  -0.000000  0.000000  0.000000  
141.663519 0.007279  0.099337  -0.005962  0.998153  0.010109  0.059902  -0.060488  0.074174  0.995409  0.005620  -0.997194  0.074648  0.002699  0.001956  -0.002229  0.000000  0.000000  0.000000  2.000000  1.000000  0.000000  0.000000  0.000000  -0.000000  1.000000  0.000000  -1.000000  -0.000000  0.999996  -0.002443  0.001421  0.002446  0.999995  -0.002052  -0.001416  0.002055  0.999997  1.000000  0.000000  0.000000  0.000000  1.000000  0.000000  0.000000  0.000000  1.000000  1.000000  0.000000  0.000000  0.000000  -0.000000  1.000000  0.000000  -1.000000  -0.000000  0.000000  0.000000  
141.664769 0.007282  0.099339  -0.005965  0.998141  0.009998  0.060115  -0.060694  0.074301  0.995387  0.005486  -0.997186  0.074769  0.002699  0.002037  -0.002369  0.000000  0.000000  0.000000  2.000000  1.000000  0.000000  0.000000  0.000000  -0.000000  1.000000  0.000000  -1.000000  -0.000000  0.999996  -0.002294  0.001617  0.002298  0.999995  -0.002293  -0.001612  0.002297  0.999996  1.000000  0.000000  0.000000  0.000000  1.000000  0.000000  0.000000  0.000000  1.000000  1.000000  0.000000  0.000000  0.000000  -0.000000  1.000000  0.000000  -1.000000  -0.000000  0.000000  0.000000  
141.666015 0.007284  0.099341  -0.005969  0.998129  0.010028  0.060318  -0.060899  0.074540  0.995357  0.005486  -0.997168  0.075011  0.002615  0.002057  -0.002455  0.000000  0.000000  0.000000  2.000000  1.000000  0.000000  0.000000  0.000000  -0.000000  1.000000  0.000000  -1.000000  -0.000000  0.999996  -0.002427  0.001627  0.002431  0.999994  -0.002414  -0.001622  0.002418  0.999996  1.000000  0.000000  0.000000  0.000000  1.000000  0.000000  0.000000  0.000000  1.000000  1.000000  0.000000  0.000000  0.000000  -0.000000  1.000000  0.000000  -1.000000  -0.000000  0.000000  0.000000  
141.667267 0.007286  0.099343  -0.005971  0.998130  0.009903  0.060327  -0.060899  0.074669  0.995347  0.005352  -0.997159  0.075132  0.002488  0.002044  -0.002540  0.000000  0.000000  0.000000  2.000000  1.000000  0.000000  0.000000  0.000000  -0.000000  1.000000  0.000000  -1.000000  -0.000000  0.999996  -0.002278  0.001823  0.002283  0.999994  -0.002655  -0.001817  0.002660  0.999995  1.000000  0.000000  0.000000  0.000000  1.000000  0.000000  0.000000  0.000000  1.000000  1.000000  0.000000  0.000000  0.000000  -0.000000  1.000000  0.000000  -1.000000  -0.000000  0.000000  0.000000  
141.668269 0.007287  0.099344  -0.005973  0.998117  0.009933  0.060529  -0.061105  0.074908  0.995317  0.005352  -0.997141  0.075374  0.002382  0.001999  -0.002622  0.000000  0.000000  0.000000  2.000000  1.000000  0.000000  0.000000  0.000000  -0.000000  1.000000  0.000000  -1.000000  -0.000000  0.999995  -0.002396  0.002039  0.002401  0.999994  -0.002654  -0.002032  0.002659  0.999994  1.000000  0.000000  0.000000  0.000000  1.000000  0.000000  0.000000  0.000000  1.000000  1.000000  0.000000  0.000000  0.000000  -0.000000  1.000000  0.000000  -1.000000  -0.000000  0.000000  0.000000  
141.669516 0.007290  0.099345  -0.005976  0.998117  0.009940  0.060528  -0.061105  0.075029  0.995307  0.005352  -0.997132  0.075495  0.002305  0.001883  -0.002645  0.000000  0.000000  0.000000  2.000000  1.000000  0.000000  0.000000  0.000000  -0.000000  1.000000  0.000000  -1.000000  -0.000000  0.999996  -0.002128  0.002019  0.002134  0.999994  -0.002897  -0.002013  0.002901  0.999994  1.000000  0.000000  0.000000  0.000000  1.000000  0.000000  0.000000  0.000000  1.000000  1.000000  0.000000  0.000000  0.000000  -0.000000  1.000000  0.000000  -1.000000  -0.000000  0.000000  0.000000  
141.670765 0.007293  0.099346  -0.005979  0.998104  0.009970  0.060730  -0.061310  0.075268  0.995277  0.005352  -0.997113  0.075737  0.002240  0.001809  -0.002674  0.000000  0.000000  0.000000  2.000000  1.000000  0.000000  0.000000  0.000000  -0.000000  1.000000  0.000000  -1.000000  -0.000000  0.999996  -0.001861  0.001999  0.001867  0.999994  -0.003019  -0.001994  0.003023  0.999993  1.000000  0.000000  0.000000  0.000000  1.000000  0.000000  0.000000  0.000000  1.000000  1.000000  0.000000  0.000000  0.000000  -0.000000  1.000000  0.000000  -1.000000  -0.000000  0.000000  0.000000  
141.671765 0.007295  0.099348  -0.005981  0.998104  0.009985  0.060728  -0.061310  0.075510  0.995258  0.005352  -0.997095  0.075979  0.002219  0.001757  -0.002686  0.000000  0.000000  0.000000  2.000000  1.000000  0.000000  0.000000  0.000000  -0.000000  1.000000  0.000000  -1.000000  -0.000000  0.999997  -0.001727  0.001990  0.001733  0.999993  -0.003262  -0.001984  0.003265  0.999993  1.000000  0.000000  0.000000  0.000000  1.000000  0.000000  0.000000  0.000000  1.000000  1.000000  0.000000  0.000000  0.000000  -0.000000  1.000000  0.000000  -1.000000  -0.000000  0.000000  0.000000  
141.672766 0.007298  0.099349  -0.005983  0.998092  0.010015  0.060930  -0.061516  0.075749  0.995228  0.005352  -0.997077  0.076221  0.002246  0.001691  -0.002657  0.000000  0.000000  0.000000  2.000000  1.000000  0.000000  0.000000  0.000000  -0.000000  1.000000  0.000000  -1.000000  -0.000000  0.999997  -0.001444  0.002175  0.001451  0.999994  -0.003139  -0.002170  0.003143  0.999993  1.000000  0.000000  0.000000  0.000000  1.000000  0.000000  0.000000  0.000000  1.000000  1.000000  0.000000  0.000000  0.000000  -0.000000  1.000000  0.000000  -1.000000  -0.000000  0.000000  0.000000  
141.673766 0.007300  0.099350  -0.005986  0.998092  0.010023  0.060929  -0.061516  0.075870  0.995218  0.005352  -0.997067  0.076342  0.002194  0.001556  -0.002703  0.000000  0.000000  0.000000  2.000000  1.000000  0.000000  0.000000  0.000000  -0.000000  1.000000  0.000000  -1.000000  -0.000000  0.999997  -0.001326  0.001960  0.001332  0.999994  -0.003262  -0.001955  0.003265  0.999993  1.000000  0.000000  0.000000  0.000000  1.000000  0.000000  0.000000  0.000000  1.000000  1.000000  0.000000  0.000000  0.000000  -0.000000  1.000000  0.000000  -1.000000  -0.000000  0.000000  0.000000  
141.675016 0.007304  0.099351  -0.005990  0.998080  0.009920  0.061142  -0.061721  0.076118  0.995187  0.005218  -0.997050  0.076584  0.002193  0.001418  -0.002676  0.000000  0.000000  0.000000  2.000000  1.000000  0.000000  0.000000  0.000000  -0.000000  1.000000  0.000000  -1.000000  -0.000000  0.999997  -0.001310  0.002165  0.001317  0.999993  -0.003383  -0.002161  0.003385  0.999992  1.000000  0.000000  0.000000  0.000000  1.000000  0.000000  0.000000  0.000000  1.000000  1.000000  0.000000  0.000000  0.000000  -0.000000  1.000000  0.000000  -1.000000  -0.000000  0.000000  0.000000  
141.676029 0.007306  0.099352  -0.005993  0.998067  0.009950  0.061344  -0.061927  0.076357  0.995156  0.005218  -0.997031  0.076825  0.002184  0.001300  -0.002621  0.000000  0.000000  0.000000  2.000000  1.000000  0.000000  0.000000  0.000000  -0.000000  1.000000  0.000000  -1.000000  -0.000000  0.999997  -0.001160  0.002361  0.001168  0.999993  -0.003503  -0.002357  0.003506  0.999991  1.000000  0.000000  0.000000  0.000000  1.000000  0.000000  0.000000  0.000000  1.000000  1.000000  0.000000  0.000000  0.000000  -0.000000  1.000000  0.000000  -1.000000  -0.000000  0.000000  0.000000  
141.677274 0.007308  0.099352  -0.005996  0.998067  0.009965  0.061342  -0.061927  0.076598  0.995137  0.005218  -0.997012  0.077067  0.002138  0.001189  -0.002542  0.000000  0.000000  0.000000  2.000000  1.000000  0.000000  0.000000  0.000000  -0.000000  1.000000  0.000000  -1.000000  -0.000000  0.999997  -0.001042  0.002145  0.001050  0.999993  -0.003626  -0.002142  0.003628  0.999991  1.000000  0.000000  0.000000  0.000000  1.000000  0.000000  0.000000  0.000000  1.000000  1.000000  0.000000  0.000000  0.000000  -0.000000  1.000000  0.000000  -1.000000  -0.000000  0.000000  0.000000  
141.678520 0.007311  0.099353  -0.005999  0.998054  0.009996  0.061544  -0.062132  0.076838  0.995106  0.005218  -0.996994  0.077309  0.002149  0.001074  -0.002453  0.000000  0.000000  0.000000  2.000000  1.000000  0.000000  0.000000  0.000000  -0.000000  1.000000  0.000000  -1.000000  -0.000000  0.999997  -0.000892  0.002340  0.000901  0.999993  -0.003504  -0.002337  0.003506  0.999991  1.000000  0.000000  0.000000  0.000000  1.000000  0.000000  0.000000  0.000000  1.000000  1.000000  0.000000  0.000000  0.000000  -0.000000  1.000000  0.000000  -1.000000  -0.000000  0.000000  0.000000  
141.679769 0.007313  0.099353  -0.006002  0.998054  0.010137  0.061533  -0.062132  0.076950  0.995097  0.005352  -0.996983  0.077430  0.002094  0.000930  -0.002459  0.000000  0.000000  0.000000  2.000000  1.000000  0.000000  0.000000  0.000000  -0.000000  1.000000  0.000000  -1.000000  -0.000000  0.999998  -0.000641  0.002115  0.000649  0.999993  -0.003626  -0.002112  0.003628  0.999991  1.000000  0.000000  0.000000  0.000000  1.000000  0.000000  0.000000  0.000000  1.000000  1.000000  0.000000  0.000000  0.000000  -0.000000  1.000000  0.000000  -1.000000  -0.000000  0.000000  0.000000  
141.681019 0.007315  0.099353  -0.006005  0.998041  0.010167  0.061735  -0.062338  0.077189  0.995066  0.005352  -0.996965  0.077672  0.002082  0.000803  -0.002436  -0.165171  -0.100496  -0.055040  2.000000  1.000000  0.000000  0.000000  0.000000  -0.000000  1.000000  0.000000  -1.000000  -0.000000  0.999998  -0.000374  0.002094  0.000381  0.999993  -0.003627  -0.002093  0.003628  0.999991  1.000000  0.000000  0.000000  0.000000  1.000000  0.000000  0.000000  0.000000  1.000000  1.000000  0.000000  0.000000  0.000000  -0.000000  1.000000  0.000000  -1.000000  -0.000000  0.000050  0.000000  
141.682020 0.007316  0.099352  -0.006008  0.998041  0.010175  0.061734  -0.062338  0.077310  0.995056  0.005352  -0.996955  0.077793  0.002033  0.000645  -0.002504  0.000000  0.000000  0.000000  2.000000  1.000000  0.000000  0.000000  0.000000  -0.000000  1.000000  0.000000  -1.000000  -0.000000  0.999998  -0.000373  0.002094  0.000381  0.999994  -0.003506  -0.002093  0.003506  0.999992  1.000000  0.000000  0.000000  0.000000  1.000000  0.000000  0.000000  0.000000  1.000000  1.000000  0.000000  0.000000  0.000000  -0.000000  1.000000  0.000000  -1.000000  -0.000000  0.000050  0.000000  
141.683271 0.007317  0.099350  -0.006013  0.998028  0.010206  0.061936  -0.062543  0.077549  0.995025  0.005352  -0.996936  0.078035  0.001937  0.000425  -0.002648  -0.166551  -0.100325  -0.042004  2.000000  1.000000  0.000000  0.000000  0.000000  -0.000000  1.000000  0.000000  -1.000000  -0.000000  0.999998  -0.000240  0.002084  0.000247  0.999993  -0.003627  -0.002083  0.003628  0.999991  1.000000  0.000000  0.000000  0.000000  1.000000  0.000000  0.000000  0.000000  1.000000  1.000000  0.000000  0.000000  0.000000  -0.000000  1.000000  0.000000  -1.000000  -0.000000  0.000050  0.000000  
141.684515 0.007318  0.099349  -0.006017  0.998015  0.010237  0.062139  -0.062749  0.077789  0.994993  0.005352  -0.996917  0.078277  0.001852  0.000304  -0.002725  -0.169203  -0.106020  -0.036677  2.000000  1.000000  0.000000  0.000000  0.000000  -0.000000  1.000000  0.000000  -1.000000  -0.000000  0.999997  -0.000090  0.002279  0.000098  0.999993  -0.003626  -0.002278  0.003627  0.999991  1.000000  0.000000  0.000000  0.000000  1.000000  0.000000  0.000000  0.000000  1.000000  1.000000  0.000000  0.000000  0.000000  -0.000000  1.000000  0.000000  -1.000000  -0.000000  0.000051  0.000000  
141.685517 0.007319  0.099348  -0.006020  0.998015  0.010244  0.062138  -0.062749  0.077909  0.994984  0.005352  -0.996908  0.078398  0.001780  0.000126  -0.002792  -0.170614  -0.106564  -0.032484  2.000000  1.000000  0.000000  0.000000  0.000000  -0.000000  1.000000  0.000000  -1.000000  -0.000000  0.999998  0.000028  0.002063  -0.000021  0.999993  -0.003628  -0.002063  0.003628  0.999991  1.000000  0.000000  0.000000  0.000000  1.000000  0.000000  0.000000  0.000000  1.000000  1.000000  0.000000  0.000000  0.000000  -0.000000  1.000000  0.000000  -1.000000  -0.000000  0.000051  0.000000  
141.686765 0.007321  0.099347  -0.006023  0.998002  0.010276  0.062340  -0.062954  0.078149  0.994952  0.005352  -0.996889  0.078639  0.001693  -0.000009  -0.002823  -0.170633  -0.105890  -0.023491  2.000000  1.000000  0.000000  0.000000  0.000000  -0.000000  1.000000  0.000000  -1.000000  -0.000000  0.999998  0.000028  0.002063  -0.000021  0.999993  -0.003628  -0.002063  0.003628  0.999991  1.000000  0.000000  0.000000  0.000000  1.000000  0.000000  0.000000  0.000000  1.000000  1.000000  0.000000  0.000000  0.000000  -0.000000  1.000000  0.000000  -1.000000  -0.000000  0.000051  0.000000  
141.687765 0.007322  0.099347  -0.006025  0.998002  0.010291  0.062337  -0.062954  0.078390  0.994933  0.005352  -0.996870  0.078881  0.001562  -0.000143  -0.002829  -0.174757  -0.098652  -0.019515  2.000000  1.000000  0.000000  0.000000  0.000000  -0.000000  1.000000  0.000000  -1.000000  -0.000000  0.999998  0.000029  0.002063  -0.000021  0.999993  -0.003628  -0.002063  0.003628  0.999991  1.000000  0.000000  0.000000  0.000000  1.000000  0.000000  0.000000  0.000000  1.000000  1.000000  0.000000  0.000000  0.000000  -0.000000  1.000000  0.000000  -1.000000  -0.000000  0.000050  0.000000  
141.688766 0.007323  0.099347  -0.006027  0.997988  0.010448  0.062530  -0.063159  0.078500  0.994911  0.005486  -0.996859  0.079002  0.001505  -0.000187  -0.002740  -0.173278  -0.104348  -0.014372  2.000000  1.000000  0.000000  0.000000  0.000000  -0.000000  1.000000  0.000000  -1.000000  -0.000000  0.999998  0.000163  0.002052  -0.000155  0.999993  -0.003628  -0.002053  0.003628  0.999991  1.000000  0.000000  0.000000  0.000000  1.000000  0.000000  0.000000  0.000000  1.000000  1.000000  0.000000  0.000000  0.000000  -0.000000  1.000000  0.000000  -1.000000  -0.000000  0.000051  0.000000  
141.690016 0.007324  0.099347  -0.006028  0.997988  0.010463  0.062528  -0.063159  0.078741  0.994892  0.005486  -0.996840  0.079244  0.001334  -0.000315  -0.002599  -0.174803  -0.097647  -0.006028  2.000000  1.000000  0.000000  0.000000  0.000000  -0.000000  1.000000  0.000000  -1.000000  -0.000000  0.999998  0.000297  0.002042  -0.000289  0.999993  -0.003749  -0.002043  0.003749  0.999991  1.000000  0.000000  0.000000  0.000000  1.000000  0.000000  0.000000  0.000000  1.000000  1.000000  0.000000  0.000000  0.000000  -0.000000  1.000000  0.000000  -1.000000  -0.000000  0.000051  0.000000  
141.691266 0.007325  0.099346  -0.006031  0.997975  0.010494  0.062730  -0.063365  0.078981  0.994860  0.005486  -0.996821  0.079486  0.001237  -0.000386  -0.002519  -0.173281  -0.103662  -0.005426  2.000000  1.000000  0.000000  0.000000  0.000000  -0.000000  1.000000  0.000000  -1.000000  -0.000000  0.999998  0.000297  0.002042  -0.000289  0.999993  -0.003749  -0.002043  0.003749  0.999991  1.000000  0.000000  0.000000  0.000000  1.000000  0.000000  0.000000  0.000000  1.000000  1.000000  0.000000  0.000000  0.000000  -0.000000  1.000000  0.000000  -1.000000  -0.000000  0.000051  0.000000  
141.692274 0.007326  0.099346  -0.006033  0.997962  0.010526  0.062932  -0.063570  0.079220  0.994828  0.005486  -0.996802  0.079728  0.001183  -0.000428  -0.002453  -0.177406  -0.110232  -0.000432  2.000000  1.000000  0.000000  0.000000  0.000000  -0.000000  1.000000  0.000000  -1.000000  -0.000000  0.999998  0.000297  0.002041  -0.000290  0.999993  -0.003628  -0.002043  0.003627  0.999991  1.000000  0.000000  0.000000  0.000000  1.000000  0.000000  0.000000  0.000000  1.000000  1.000000  0.000000  0.000000  0.000000  -0.000000  1.000000  0.000000  -1.000000  -0.000000  0.000050  0.000000  
141.693521 0.007326  0.099345  -0.006035  0.997962  0.010533  0.062931  -0.063570  0.079341  0.994819  0.005486  -0.996792  0.079848  0.001006  -0.000574  -0.002462  -0.174729  -0.103828  0.003534  2.000000  1.000000  0.000000  0.000000  0.000000  -0.000000  1.000000  0.000000  -1.000000  -0.000000  0.999998  0.000298  0.002041  -0.000290  0.999993  -0.003628  -0.002042  0.003627  0.999991  1.000000  0.000000  0.000000  0.000000  1.000000  0.000000  0.000000  0.000000  1.000000  1.000000  0.000000  0.000000  0.000000  -0.000000  1.000000  0.000000  -1.000000  -0.000000  0.000051  0.000000  
141.694772 0.007325  0.099343  -0.006038  0.997949  0.010565  0.063133  -0.063776  0.079580  0.994786  0.005486  -0.996773  0.080090  0.000829  -0.000661  -0.002419  -0.178801  -0.103472  0.008036  2.000000  1.000000  0.000000  0.000000  0.000000  -0.000000  1.000000  0.000000  -1.000000  -0.000000  0.999998  0.000432  0.002031  -0.000424  0.999993  -0.003628  -0.002032  0.003627  0.999991  1.000000  0.000000  0.000000  0.000000  1.000000  0.000000  0.000000  0.000000  1.000000  1.000000  0.000000  0.000000  0.000000  -0.000000  1.000000  0.000000  -1.000000  -0.000000  0.000052  0.000000  
141.696027 0.007324  0.099341  -0.006042  0.997949  0.010580  0.063131  -0.063776  0.079821  0.994767  0.005486  -0.996753  0.080332  0.000653  -0.000747  -0.002375  -0.178813  -0.096558  0.007523  2.000000  1.000000  0.000000  0.000000  0.000000  -0.000000  1.000000  0.000000  -1.000000  -0.000000  0.999998  0.000416  0.001825  -0.000409  0.999994  -0.003508  -0.001827  0.003507  0.999992  1.000000  0.000000  0.000000  0.000000  1.000000  0.000000  0.000000  0.000000  1.000000  1.000000  0.000000  0.000000  0.000000  -0.000000  1.000000  0.000000  -1.000000  -0.000000  0.000052  0.000000  
141.697269 0.007324  0.099340  -0.006045  0.997936  0.010612  0.063333  -0.063981  0.080060  0.994735  0.005486  -0.996734  0.080574  0.000513  -0.000774  -0.002350  -0.180341  -0.104002  0.012677  2.000000  1.000000  0.000000  0.000000  0.000000  -0.000000  1.000000  0.000000  -1.000000  -0.000000  0.999998  0.000432  0.002030  -0.000425  0.999994  -0.003386  -0.002032  0.003385  0.999992  1.000000  0.000000  0.000000  0.000000  1.000000  0.000000  0.000000  0.000000  1.000000  1.000000  0.000000  0.000000  0.000000  -0.000000  1.000000  0.000000  -1.000000  -0.000000  0.000052  0.000000  
141.698271 0.007323  0.099340  -0.006047  0.997936  0.010620  0.063332  -0.063981  0.080181  0.994725  0.005486  -0.996724  0.080695  0.000433  -0.000709  -0.002247  -0.178832  -0.096211  0.012041  2.000000  1.000000  0.000000  0.000000  0.000000  -0.000000  1.000000  0.000000  -1.000000  -0.000000  0.999998  0.000416  0.001825  -0.000410  0.999994  -0.003508  -0.001827  0.003507  0.999992  1.000000  0.000000  0.000000  0.000000  1.000000  0.000000  0.000000  0.000000  1.000000  1.000000  0.000000  0.000000  0.000000  -0.000000  1.000000  0.000000  -1.000000  -0.000000  0.000051  0.000000  
141.699515 0.007322  0.099339  -0.006050  0.997923  0.010644  0.063535  -0.064187  0.080299  0.994702  0.005486  -0.996714  0.080816  0.000285  -0.000689  -0.002148  -0.177345  -0.102271  0.012491  2.000000  1.000000  0.000000  0.000000  0.000000  -0.000000  1.000000  0.000000  -1.000000  -0.000000  0.999998  0.000300  0.002041  -0.000293  0.999994  -0.003385  -0.002042  0.003385  0.999992  1.000000  0.000000  0.000000  0.000000  1.000000  0.000000  0.000000  0.000000  1.000000  1.000000  0.000000  0.000000  0.000000  -0.000000  1.000000  0.000000  -1.000000  -0.000000  0.000052  0.000000  
141.700767 0.007322  0.099338  -0.006052  0.997910  0.010676  0.063737  -0.064392  0.080538  0.994669  0.005486  -0.996694  0.081057  0.000159  -0.000664  -0.002080  -0.174742  -0.103117  0.012626  2.000000  1.000000  0.000000  0.000000  0.000000  -0.000000  1.000000  0.000000  -1.000000  -0.000000  0.999998  0.000300  0.002041  -0.000293  0.999994  -0.003385  -0.002042  0.003385  0.999992  1.000000  0.000000  0.000000  0.000000  1.000000  0.000000  0.000000  0.000000  1.000000  1.000000  0.000000  0.000000  0.000000  -0.000000  1.000000  0.000000  -1.000000  -0.000000  0.000051  0.000000  
141.702017 0.007322  0.099338  -0.006054  0.997910  0.010684  0.063736  -0.064392  0.080659  0.994660  0.005486  -0.996684  0.081178  0.000055  -0.000628  -0.002028  -0.170673  -0.103120  0.012646  2.000000  1.000000  0.000000  0.000000  0.000000  -0.000000  1.000000  0.000000  -1.000000  -0.000000  0.999998  0.000300  0.002041  -0.000294  0.999994  -0.003385  -0.002042  0.003385  0.999992  1.000000  0.000000  0.000000  0.000000  1.000000  0.000000  0.000000  0.000000  1.000000  1.000000  0.000000  0.000000  0.000000  -0.000000  1.000000  0.000000  -1.000000  -0.000000  0.000050  0.000000  
141.703267 0.007322  0.099338  -0.006057  0.997896  0.010716  0.063938  -0.064598  0.080898  0.994627  0.005486  -0.996665  0.081420  -0.000043  -0.000619  -0.002065  -0.170678  -0.103120  0.012671  2.000000  1.000000  0.000000  0.000000  0.000000  -0.000000  1.000000  0.000000  -1.000000  -0.000000  0.999998  0.000301  0.002041  -0.000294  0.999994  -0.003385  -0.002042  0.003385  0.999992  1.000000  0.000000  0.000000  0.000000  1.000000  0.000000  0.000000  0.000000  1.000000  1.000000  0.000000  0.000000  0.000000  -0.000000  1.000000  0.000000  -1.000000  -0.000000  0.000050  0.000000  
141.704516 0.007323  0.099338  -0.006059  0.997896  0.010731  0.063936  -0.064598  0.081139  0.994607  0.005486  -0.996645  0.081662  -0.000061  -0.000574  -0.002084  -0.169324  -0.095078  0.016496  2.000000  1.000000  0.000000  0.000000  0.000000  -0.000000  1.000000  0.000000  -1.000000  -0.000000  0.999998  0.000284  0.001836  -0.000278  0.999995  -0.003265  -0.001837  0.003265  0.999993  1.000000  0.000000  0.000000  0.000000  1.000000  0.000000  0.000000  0.000000  1.000000  1.000000  0.000000  0.000000  0.000000  -0.000000  1.000000  0.000000  -1.000000  -0.000000  0.000049  0.000000  
141.705765 0.007323  0.099338  -0.006061  0.997883  0.010756  0.064139  -0.064803  0.081258  0.994584  0.005486  -0.996635  0.081783  -0.000112  -0.000579  -0.002080  0.000000  0.000000  0.000000  2.000000  1.000000  0.000000  0.000000  0.000000  -0.000000  1.000000  0.000000  -1.000000  -0.000000  0.999998  0.000302  0.002041  -0.000295  0.999995  -0.003264  -0.002042  0.003264  0.999993  1.000000  0.000000  0.000000  0.000000  1.000000  0.000000  0.000000  0.000000  1.000000  1.000000  0.000000  0.000000  0.000000  -0.000000  1.000000  0.000000  -1.000000  -0.000000  0.000050  0.000000  
141.707013 0.007324  0.099337  -0.006063  0.997883  0.010771  0.064137  -0.064803  0.081499  0.994564  0.005486  -0.996615  0.082025  -0.000102  -0.000592  -0.002037  0.000000  0.000000  0.000000  2.000000  1.000000  0.000000  0.000000  0.000000  -0.000000  1.000000  0.000000  -1.000000  -0.000000  0.999998  0.000285  0.001836  -0.000279  0.999995  -0.003265  -0.001837  0.003265  0.999993  1.000000  0.000000  0.000000  0.000000  1.000000  0.000000  0.000000  0.000000  1.000000  1.000000  0.000000  0.000000  0.000000  -0.000000  1.000000  0.000000  -1.000000  -0.000000  0.000049  0.000000  
141.708015 0.007325  0.099337  -0.006064  0.997870  0.010796  0.064340  -0.065008  0.081618  0.994541  0.005486  -0.996605  0.082145  -0.000094  -0.000539  -0.001994  0.000000  0.000000  0.000000  2.000000  1.000000  0.000000  0.000000  0.000000  -0.000000  1.000000  0.000000  -1.000000  -0.000000  0.999998  0.000286  0.001836  -0.000280  0.999995  -0.003265  -0.001836  0.003265  0.999993  1.000000  0.000000  0.000000  0.000000  1.000000  0.000000  0.000000  0.000000  1.000000  1.000000  0.000000  0.000000  0.000000  -0.000000  1.000000  0.000000  -1.000000  -0.000000  0.000000  0.000000  
141.709020 0.007325  0.099336  -0.006065  0.997870  0.010804  0.064339  -0.065008  0.081738  0.994531  0.005486  -0.996595  0.082266  -0.000068  -0.000529  -0.001928  0.000000  0.000000  0.000000  2.000000  1.000000  0.000000  0.000000  0.000000  -0.000000  1.000000  0.000000  -1.000000  -0.000000  0.999998  0.000152  0.001847  -0.000147  0.999995  -0.003144  -0.001847  0.003143  0.999993  1.000000  0.000000  0.000000  0.000000  1.000000  0.000000  0.000000  0.000000  1.000000  1.000000  0.000000  0.000000  0.000000  -0.000000  1.000000  0.000000  -1.000000  -0.000000  0.000000  0.000000  
141.710021 0.007325  0.099336  -0.006066  0.997870  0.010812  0.064337  -0.065008  0.081859  0.994522  0.005486  -0.996585  0.082387  0.000033  -0.000436  -0.001798  0.000000  0.000000  0.000000  2.000000  1.000000  0.000000  0.000000  0.000000  -0.000000  1.000000  0.000000  -1.000000  -0.000000  0.999998  0.000153  0.001847  -0.000147  0.999995  -0.003144  -0.001847  0.003143  0.999993  1.000000  0.000000  0.000000  0.000000  1.000000  0.000000  0.000000  0.000000  1.000000  1.000000  0.000000  0.000000  0.000000  -0.000000  1.000000  0.000000  -1.000000  -0.000000  0.000000  0.000000  
141.711023 0.007326  0.099336  -0.006066  0.997856  0.010836  0.064541  -0.065214  0.081977  0.994498  0.005486  -0.996575  0.082508  0.000075  -0.000388  -0.001651  0.000000  0.000000  0.000000  2.000000  1.000000  0.000000  0.000000  0.000000  -0.000000  1.000000  0.000000  -1.000000  -0.000000  0.999999  0.000136  0.001641  -0.000131  0.999995  -0.003023  -0.001642  0.003023  0.999994  1.000000  0.000000  0.000000  0.000000  1.000000  0.000000  0.000000  0.000000  1.000000  1.000000  0.000000  0.000000  0.000000  -0.000000  1.000000  0.000000  -1.000000  -0.000000  0.000000  0.000000  
