1-Time 2-Px 3-Py 4-Pz 5-R11 6-R21 7-R31 8-R12 9-R22 10-R32 11-R13 12-R23 13-R33 14-Vx 15-Vy 16-Vz 17-Wx 18-Wy 19-Wz 20-state 21-PR11 22-PR21 23-PR31 24-PR12 25-PR22 26-PR32 27-PR13 28-PR23 29-PR33 
148.343269 0.007189  0.091641  0.005102  0.996214  -0.011350  0.086189  0.010255  0.999861  0.013139  -0.086326  -0.012205  0.996192  -0.000824  0.001449  0.001083  0.000000  0.000000  0.000000  2.000000  1.000000  0.000000  0.000000  -0.000000  1.000000  0.000000  0.000000  -0.000000  1.000000  0.999996  0.002666  0.000032  -0.002666  0.999994  0.002316  -0.000026  -0.002316  0.999997  1.000000  0.000000  0.000000  0.000000  1.000000  0.000000  0.000000  0.000000  1.000000  0.762264  0.532532  -0.367917  -0.560294  0.827473  0.036865  0.324073  0.178041  0.929127  0.000000  0.000000  
148.344275 0.007188  0.091642  0.005103  0.996214  -0.011361  0.086188  0.010255  0.999859  0.013260  -0.086326  -0.012326  0.996191  -0.000786  0.001452  0.001117  0.000000  0.000000  0.000000  2.000000  1.000000  0.000000  0.000000  0.000000  1.000000  0.000000  0.000000  0.000000  1.000000  0.999997  0.002461  0.000030  -0.002461  0.999994  0.002334  -0.000024  -0.002334  0.999997  1.000000  0.000000  0.000000  0.000000  1.000000  0.000000  0.000000  0.000000  1.000000  1.000000  0.000000  0.000000  0.000000  1.000000  0.000000  0.000000  0.000000  1.000000  0.000000  0.000000  
148.345275 0.007188  0.091643  0.005106  0.996203  -0.011383  0.086318  0.010255  0.999856  0.013504  -0.086460  -0.012567  0.996176  -0.000764  0.001332  0.001213  0.000000  0.000000  0.000000  2.000000  1.000000  0.000000  0.000000  0.000000  1.000000  0.000000  0.000000  0.000000  1.000000  0.999997  0.002254  0.000162  -0.002255  0.999995  0.002351  -0.000156  -0.002352  0.999997  1.000000  0.000000  0.000000  0.000000  1.000000  0.000000  0.000000  0.000000  1.000000  1.000000  0.000000  0.000000  0.000000  1.000000  0.000000  0.000000  0.000000  1.000000  0.000000  0.000000  
148.346275 0.007188  0.091643  0.005109  0.996181  -0.011191  0.086586  0.010050  0.999857  0.013610  -0.086726  -0.012688  0.996151  -0.000689  0.001249  0.001398  0.000000  0.000000  0.000000  2.000000  1.000000  0.000000  0.000000  0.000000  1.000000  0.000000  0.000000  0.000000  1.000000  0.999997  0.002251  0.000430  -0.002252  0.999994  0.002472  -0.000424  -0.002473  0.999997  1.000000  0.000000  0.000000  0.000000  1.000000  0.000000  0.000000  0.000000  1.000000  1.000000  0.000000  0.000000  0.000000  1.000000  0.000000  0.000000  0.000000  1.000000  0.000000  0.000000  
148.347528 0.007189  0.091643  0.005113  0.996147  -0.011207  0.086985  0.010049  0.999855  0.013735  -0.087126  -0.012808  0.996115  -0.000545  0.001114  0.001610  0.000000  0.000000  0.000000  2.000000  1.000000  0.000000  0.000000  0.000000  1.000000  0.000000  0.000000  0.000000  1.000000  0.999998  0.002041  0.000829  -0.002043  0.999995  0.002489  -0.000824  -0.002491  0.999997  1.000000  0.000000  0.000000  0.000000  1.000000  0.000000  0.000000  0.000000  1.000000  1.000000  0.000000  0.000000  0.000000  1.000000  0.000000  0.000000  0.000000  1.000000  0.000000  0.000000  
148.348532 0.007189  0.091642  0.005117  0.996125  -0.011015  0.087253  0.009844  0.999856  0.013841  -0.087393  -0.012929  0.996090  -0.000471  0.000947  0.001765  0.000000  0.000000  0.000000  2.000000  1.000000  0.000000  0.000000  0.000000  1.000000  0.000000  0.000000  0.000000  1.000000  0.999997  0.002037  0.001097  -0.002040  0.999995  0.002489  -0.001092  -0.002491  0.999996  1.000000  0.000000  0.000000  0.000000  1.000000  0.000000  0.000000  0.000000  1.000000  1.000000  0.000000  0.000000  0.000000  1.000000  0.000000  0.000000  0.000000  1.000000  0.000000  0.000000  
148.349535 0.007190  0.091641  0.005120  0.996100  -0.011235  0.087515  0.010049  0.999852  0.013983  -0.087659  -0.013049  0.996065  -0.000357  0.000828  0.001898  0.000000  0.000000  0.000000  2.000000  1.000000  0.000000  0.000000  0.000000  1.000000  0.000000  0.000000  0.000000  1.000000  0.999997  0.001828  0.001362  -0.001832  0.999995  0.002506  -0.001357  -0.002509  0.999996  1.000000  0.000000  0.000000  0.000000  1.000000  0.000000  0.000000  0.000000  1.000000  1.000000  0.000000  0.000000  0.000000  1.000000  0.000000  0.000000  0.000000  1.000000  0.000000  0.000000  
148.350780 0.007192  0.091640  0.005124  0.996076  -0.011260  0.087779  0.010048  0.999848  0.014228  -0.087926  -0.013291  0.996038  -0.000161  0.000607  0.002085  0.000000  0.000000  0.000000  2.000000  1.000000  0.000000  0.000000  0.000000  1.000000  0.000000  0.000000  0.000000  1.000000  0.999997  0.001619  0.001627  -0.001624  0.999995  0.002645  -0.001623  -0.002648  0.999995  1.000000  0.000000  0.000000  0.000000  1.000000  0.000000  0.000000  0.000000  1.000000  1.000000  0.000000  0.000000  0.000000  1.000000  0.000000  0.000000  0.000000  1.000000  0.000000  0.000000  
148.352025 0.007194  0.091639  0.005127  0.996051  -0.011490  0.088040  0.010253  0.999842  0.014492  -0.088192  -0.013532  0.996012  0.000036  0.000432  0.002215  0.000000  0.000000  0.000000  2.000000  1.000000  0.000000  0.000000  0.000000  1.000000  0.000000  0.000000  0.000000  1.000000  0.999997  0.001205  0.001890  -0.001210  0.999996  0.002560  -0.001886  -0.002562  0.999995  1.000000  0.000000  0.000000  0.000000  1.000000  0.000000  0.000000  0.000000  1.000000  1.000000  0.000000  0.000000  0.000000  1.000000  0.000000  0.000000  0.000000  1.000000  0.000000  0.000000  
148.353028 0.007197  0.091639  0.005131  0.996025  -0.011711  0.088302  0.010458  0.999838  0.014634  -0.088459  -0.013652  0.995986  0.000280  0.000319  0.002420  0.000000  0.000000  0.000000  2.000000  1.000000  0.000000  0.000000  0.000000  1.000000  0.000000  0.000000  0.000000  1.000000  0.999998  0.000793  0.002018  -0.000798  0.999996  0.002717  -0.002016  -0.002719  0.999994  1.000000  0.000000  0.000000  0.000000  1.000000  0.000000  0.000000  0.000000  1.000000  1.000000  0.000000  0.000000  0.000000  1.000000  0.000000  0.000000  0.000000  1.000000  0.000000  0.000000  
148.354030 0.007199  0.091638  0.005135  0.996001  -0.011725  0.088567  0.010458  0.999836  0.014758  -0.088725  -0.013773  0.995961  0.000469  0.000168  0.002537  0.000000  0.000000  0.000000  2.000000  1.000000  0.000000  0.000000  0.000000  1.000000  0.000000  0.000000  0.000000  1.000000  0.999997  0.000584  0.002283  -0.000590  0.999996  0.002735  -0.002281  -0.002736  0.999994  1.000000  0.000000  0.000000  0.000000  1.000000  0.000000  0.000000  0.000000  1.000000  1.000000  0.000000  0.000000  0.000000  1.000000  0.000000  0.000000  0.000000  1.000000  0.000000  0.000000  
148.355275 0.007202  0.091638  0.005140  0.995963  -0.011947  0.088962  0.010662  0.999832  0.014902  -0.089125  -0.013893  0.995924  0.000774  0.000029  0.002759  0.000000  0.000000  0.000000  2.000000  1.000000  0.000000  0.000000  0.000000  1.000000  0.000000  0.000000  0.000000  1.000000  0.999996  0.000166  0.002812  -0.000173  0.999996  0.002650  -0.002812  -0.002651  0.999993  1.000000  0.000000  0.000000  0.000000  1.000000  0.000000  0.000000  0.000000  1.000000  1.000000  0.000000  0.000000  0.000000  1.000000  0.000000  0.000000  0.000000  1.000000  0.000000  0.000000  
148.356525 0.007206  0.091637  0.005145  0.995904  -0.011967  0.089627  0.010662  0.999830  0.015030  -0.089792  -0.014013  0.995862  0.001101  -0.000102  0.003048  0.000000  0.000000  0.000000  2.000000  1.000000  0.000000  0.000000  0.000000  1.000000  0.000000  0.000000  0.000000  1.000000  0.999994  0.000158  0.003348  -0.000167  0.999996  0.002650  -0.003347  -0.002651  0.999991  1.000000  0.000000  0.000000  0.000000  1.000000  0.000000  0.000000  0.000000  1.000000  1.000000  0.000000  0.000000  0.000000  1.000000  0.000000  0.000000  0.000000  1.000000  0.000000  0.000000  
148.357777 0.007210  0.091636  0.005152  0.995867  -0.011984  0.090025  0.010661  0.999828  0.015156  -0.090191  -0.014133  0.995824  0.001397  -0.000306  0.003371  0.000000  0.000000  0.000000  2.000000  1.000000  0.000000  0.000000  0.000000  1.000000  0.000000  0.000000  0.000000  1.000000  0.999992  -0.000055  0.003880  0.000045  0.999996  0.002669  -0.003880  -0.002668  0.999989  1.000000  0.000000  0.000000  0.000000  1.000000  0.000000  0.000000  0.000000  1.000000  1.000000  0.000000  0.000000  0.000000  1.000000  0.000000  0.000000  0.000000  1.000000  0.000000  0.000000  
148.359026 0.007213  0.091635  0.005159  0.995817  -0.012208  0.090554  0.010866  0.999824  0.015301  -0.090724  -0.014254  0.995774  0.001655  -0.000475  0.003748  0.000000  0.000000  0.000000  2.000000  1.000000  0.000000  0.000000  0.000000  1.000000  0.000000  0.000000  0.000000  1.000000  0.999991  -0.000266  0.004278  0.000255  0.999996  0.002687  -0.004279  -0.002686  0.999987  1.000000  0.000000  0.000000  0.000000  1.000000  0.000000  0.000000  0.000000  1.000000  1.000000  0.000000  0.000000  0.000000  1.000000  0.000000  0.000000  0.000000  1.000000  0.000000  0.000000  
148.360065 0.007214  0.091634  0.005164  0.995792  -0.012223  0.090818  0.010866  0.999822  0.015426  -0.090991  -0.014374  0.995748  0.001794  -0.000608  0.003951  0.000000  0.000000  0.000000  2.000000  1.000000  0.000000  0.000000  0.000000  1.000000  0.000000  0.000000  0.000000  1.000000  0.999989  -0.000477  0.004677  0.000465  0.999997  0.002585  -0.004678  -0.002583  0.999986  1.000000  0.000000  0.000000  0.000000  1.000000  0.000000  0.000000  0.000000  1.000000  1.000000  0.000000  0.000000  0.000000  1.000000  0.000000  0.000000  0.000000  1.000000  0.000000  0.000000  
148.361275 0.007216  0.091631  0.005170  0.995754  -0.012435  0.091215  0.011070  0.999819  0.015449  -0.091391  -0.014373  0.995711  0.001880  -0.000761  0.004083  0.121087  -0.171063  0.011628  2.000000  1.000000  0.000000  0.000000  0.000000  1.000000  0.000000  0.000000  0.000000  1.000000  0.999988  -0.000687  0.004941  0.000674  0.999997  0.002482  -0.004943  -0.002479  0.999985  1.000000  0.000000  0.000000  0.000000  1.000000  0.000000  0.000000  0.000000  1.000000  1.000000  0.000000  0.000000  0.000000  1.000000  0.000000  0.000000  0.000000  1.000000  0.000000  0.000000  
148.362275 0.007218  0.091629  0.005174  0.995727  -0.012655  0.091477  0.011275  0.999815  0.015592  -0.091657  -0.014494  0.995685  0.001995  -0.000916  0.004121  0.122306  -0.179868  -0.002291  2.000000  1.000000  -0.000249  0.000089  0.000249  1.000000  0.000124  -0.000089  -0.000124  1.000000  0.999985  -0.001103  0.005336  0.001090  0.999996  0.002520  -0.005339  -0.002515  0.999983  1.000000  -0.000065  0.000021  0.000065  1.000000  0.000031  -0.000021  -0.000031  1.000000  1.000000  -0.000249  0.000089  0.000249  1.000000  0.000124  -0.000089  -0.000124  1.000000  0.000055  0.006003  
148.363525 0.007220  0.091627  0.005178  0.995690  -0.012661  0.091876  0.011275  0.999815  0.015596  -0.092057  -0.014493  0.995648  0.002066  -0.001032  0.004087  0.118838  -0.193257  -0.009365  2.000000  1.000000  -0.000581  0.000202  0.000581  1.000000  0.000277  -0.000202  -0.000276  1.000000  0.999984  -0.001107  0.005604  0.001094  0.999997  0.002399  -0.005607  -0.002393  0.999981  1.000000  -0.000068  0.000023  0.000068  1.000000  0.000030  -0.000023  -0.000030  1.000000  1.000000  -0.000581  0.000202  0.000581  1.000000  0.000277  -0.000202  -0.000276  1.000000  0.000056  0.006195  
148.364533 0.007223  0.091624  0.005181  0.995653  -0.012678  0.092274  0.011274  0.999813  0.015722  -0.092456  -0.014614  0.995609  0.002178  -0.001143  0.004076  0.118806  -0.206686  -0.009560  2.000000  1.000000  -0.000863  0.000301  0.000863  1.000000  0.000396  -0.000301  -0.000396  1.000000  0.999981  -0.001114  0.006005  0.001099  0.999997  0.002400  -0.006008  -0.002393  0.999979  1.000000  -0.000072  0.000026  0.000072  1.000000  0.000030  -0.000026  -0.000030  1.000000  1.000000  -0.000863  0.000301  0.000863  1.000000  0.000396  -0.000301  -0.000396  1.000000  0.000059  0.006561  
148.365779 0.007225  0.091621  0.005183  0.995613  -0.012901  0.092669  0.011479  0.999808  0.015867  -0.092856  -0.014734  0.995571  0.002230  -0.001266  0.003966  0.115975  -0.219997  -0.023552  2.000000  0.999999  -0.001235  0.000429  0.001235  0.999999  0.000542  -0.000430  -0.000542  1.000000  0.999979  -0.001324  0.006270  0.001309  0.999997  0.002298  -0.006273  -0.002290  0.999978  1.000000  -0.000076  0.000025  0.000076  1.000000  0.000029  -0.000025  -0.000029  1.000000  0.999999  -0.001235  0.000429  0.001235  0.999999  0.000542  -0.000430  -0.000542  1.000000  0.000062  0.006806  
148.367025 0.007228  0.091618  0.005185  0.995576  -0.012918  0.093067  0.011478  0.999806  0.015993  -0.093256  -0.014854  0.995531  0.002281  -0.001390  0.003856  0.116620  -0.233428  -0.030651  2.000000  0.999999  -0.001549  0.000526  0.001549  0.999999  0.000656  -0.000527  -0.000655  1.000000  0.999978  -0.001531  0.006400  0.001517  0.999996  0.002318  -0.006404  -0.002308  0.999977  1.000000  -0.000079  0.000024  0.000079  1.000000  0.000029  -0.000024  -0.000029  1.000000  0.999999  -0.001549  0.000526  0.001549  0.999999  0.000656  -0.000527  -0.000655  1.000000  0.000065  0.006975  
148.368280 0.007231  0.091615  0.005186  0.995539  -0.012936  0.093465  0.011478  0.999804  0.016119  -0.093655  -0.014974  0.995492  0.002289  -0.001561  0.003641  0.116627  -0.246915  -0.030859  2.000000  0.999998  -0.001948  0.000645  0.001948  0.999998  0.000798  -0.000647  -0.000797  0.999999  0.999977  -0.001534  0.006534  0.001519  0.999996  0.002319  -0.006537  -0.002309  0.999976  1.000000  -0.000080  0.000024  0.000080  1.000000  0.000029  -0.000024  -0.000029  1.000000  0.999998  -0.001948  0.000645  0.001948  0.999998  0.000798  -0.000647  -0.000797  0.999999  0.000069  0.007099  
148.369530 0.007234  0.091613  0.005187  0.995501  -0.012953  0.093863  0.011477  0.999802  0.016245  -0.094055  -0.015094  0.995453  0.002265  -0.001702  0.003353  0.113155  -0.260248  -0.037967  2.000000  0.999997  -0.002352  0.000759  0.002351  0.999997  0.000938  -0.000761  -0.000936  0.999999  0.999977  -0.001740  0.006530  0.001725  0.999996  0.002217  -0.006534  -0.002206  0.999976  1.000000  -0.000082  0.000022  0.000082  1.000000  0.000028  -0.000022  -0.000028  1.000000  0.999997  -0.002352  0.000759  0.002351  0.999997  0.000938  -0.000761  -0.000936  0.999999  0.000072  0.007111  
148.370779 0.007237  0.091610  0.005187  0.995463  -0.012971  0.094261  0.011477  0.999800  0.016371  -0.094455  -0.015215  0.995413  0.002212  -0.001855  0.003010  0.113164  -0.273732  -0.038183  2.000000  0.999996  -0.002759  0.000877  0.002758  0.999996  0.001072  -0.000880  -0.001070  0.999999  0.999977  -0.001537  0.006667  0.001523  0.999997  0.002077  -0.006670  -0.002067  0.999976  1.000000  -0.000082  0.000025  0.000082  1.000000  0.000026  -0.000025  -0.000026  1.000000  0.999996  -0.002759  0.000877  0.002758  0.999996  0.001072  -0.000880  -0.001070  0.999999  0.000074  0.007149  
148.372028 0.007239  0.091606  0.005186  0.995423  -0.013183  0.094657  0.011681  0.999797  0.016395  -0.094854  -0.015214  0.995375  0.002088  -0.002034  0.002564  0.110354  -0.287041  -0.052162  2.000000  0.999994  -0.003161  0.001008  0.003160  0.999994  0.001199  -0.001011  -0.001195  0.999999  0.999977  -0.001333  0.006670  0.001320  0.999997  0.001937  -0.006673  -0.001928  0.999976  1.000000  -0.000081  0.000027  0.000081  1.000000  0.000024  -0.000027  -0.000024  1.000000  0.999994  -0.003161  0.001008  0.003160  0.999994  0.001199  -0.001011  -0.001195  0.999999  0.000077  0.007071  
148.373275 0.007241  0.091603  0.005186  0.995397  -0.013198  0.094922  0.011681  0.999795  0.016519  -0.095121  -0.015334  0.995348  0.002007  -0.002218  0.002108  0.106325  -0.296135  -0.052359  2.000000  0.999993  -0.003568  0.001137  0.003566  0.999993  0.001319  -0.001142  -0.001315  0.999998  0.999977  -0.001333  0.006670  0.001321  0.999997  0.001816  -0.006672  -0.001807  0.999976  1.000000  -0.000081  0.000027  0.000081  1.000000  0.000023  -0.000027  -0.000023  1.000000  0.999993  -0.003568  0.001137  0.003566  0.999993  0.001319  -0.001142  -0.001315  0.999998  0.000079  0.007039  
148.374275 0.007242  0.091600  0.005184  0.995372  -0.013214  0.095187  0.011681  0.999793  0.016643  -0.095387  -0.015455  0.995320  0.001965  -0.002370  0.001529  0.106323  -0.305098  -0.052516  2.000000  0.999992  -0.003890  0.001246  0.003888  0.999991  0.001410  -0.001252  -0.001405  0.999998  0.999977  -0.001334  0.006670  0.001322  0.999997  0.001816  -0.006672  -0.001807  0.999976  1.000000  -0.000081  0.000027  0.000081  1.000000  0.000023  -0.000027  -0.000023  1.000000  0.999992  -0.003890  0.001246  0.003888  0.999991  0.001410  -0.001252  -0.001405  0.999998  0.000080  0.007039  
148.375527 0.007244  0.091595  0.005182  0.995349  -0.013012  0.095457  0.011476  0.999796  0.016627  -0.095653  -0.015454  0.995295  0.001902  -0.002509  0.001002  0.102262  -0.305104  -0.052535  2.000000  0.999990  -0.004208  0.001356  0.004206  0.999990  0.001498  -0.001362  -0.001492  0.999998  0.999978  -0.001127  0.006539  0.001116  0.999998  0.001675  -0.006541  -0.001668  0.999977  1.000000  -0.000078  0.000029  0.000078  1.000000  0.000021  -0.000029  -0.000021  1.000000  0.999990  -0.004208  0.001356  0.004206  0.999990  0.001498  -0.001362  -0.001492  0.999998  0.000081  0.006843  
148.376775 0.007246  0.091591  0.005178  0.995323  -0.013016  0.095723  0.011475  0.999796  0.016630  -0.095920  -0.015454  0.995269  0.001888  -0.002649  0.000412  0.097385  -0.302576  -0.052117  2.000000  0.999988  -0.004586  0.001508  0.004584  0.999988  0.001597  -0.001515  -0.001590  0.999998  0.999980  -0.000918  0.006275  0.000908  0.999998  0.001535  -0.006276  -0.001529  0.999979  1.000000  -0.000074  0.000029  0.000074  1.000000  0.000019  -0.000029  -0.000019  1.000000  0.999988  -0.004586  0.001508  0.004584  0.999988  0.001597  -0.001515  -0.001590  0.999998  0.000080  0.006524  
148.377775 0.007248  0.091587  0.005175  0.995310  -0.013030  0.095854  0.011475  0.999794  0.016753  -0.096053  -0.015574  0.995254  0.001890  -0.002791  -0.000063  0.097407  -0.293676  -0.052030  2.000000  0.999987  -0.004877  0.001622  0.004874  0.999987  0.001673  -0.001630  -0.001665  0.999997  0.999981  -0.000916  0.006141  0.000907  0.999998  0.001535  -0.006142  -0.001529  0.999980  1.000000  -0.000072  0.000029  0.000072  1.000000  0.000019  -0.000029  -0.000019  1.000000  0.999987  -0.004877  0.001622  0.004874  0.999987  0.001673  -0.001630  -0.001665  0.999997  0.000079  0.006395  
148.379023 0.007251  0.091583  0.005171  0.995297  -0.013032  0.095988  0.011475  0.999794  0.016754  -0.096186  -0.015574  0.995242  0.001927  -0.002818  -0.000542  0.089968  -0.289138  -0.058840  2.000000  0.999985  -0.005221  0.001761  0.005217  0.999985  0.001766  -0.001770  -0.001757  0.999997  0.999983  -0.000705  0.005743  0.000697  0.999999  0.001394  -0.005744  -0.001390  0.999983  1.000000  -0.000067  0.000028  0.000067  1.000000  0.000017  -0.000028  -0.000017  1.000000  0.999985  -0.005221  0.001761  0.005217  0.999985  0.001766  -0.001770  -0.001757  0.999997  0.000077  0.005951  
148.380025 0.007253  0.091581  0.005169  0.995284  -0.013034  0.096121  0.011475  0.999794  0.016756  -0.096319  -0.015574  0.995229  0.001960  -0.002819  -0.000887  0.085305  -0.284780  -0.051959  2.000000  0.999983  -0.005480  0.001870  0.005476  0.999983  0.001836  -0.001880  -0.001826  0.999997  0.999985  -0.000701  0.005475  0.000693  0.999999  0.001394  -0.005476  -0.001390  0.999984  1.000000  -0.000064  0.000027  0.000064  1.000000  0.000017  -0.000027  -0.000017  1.000000  0.999983  -0.005480  0.001870  0.005476  0.999983  0.001836  -0.001880  -0.001826  0.999997  0.000076  0.005693  
148.381034 0.007256  0.091579  0.005166  0.995271  -0.013048  0.096252  0.011475  0.999792  0.016879  -0.096452  -0.015694  0.995214  0.001980  -0.002806  -0.001216  0.081287  -0.282670  -0.045475  2.000000  0.999982  -0.005723  0.001975  0.005719  0.999982  0.001906  -0.001986  -0.001894  0.999996  0.999986  -0.000492  0.005211  0.000485  0.999999  0.001374  -0.005212  -0.001372  0.999985  1.000000  -0.000059  0.000027  0.000059  1.000000  0.000017  -0.000027  -0.000017  1.000000  0.999982  -0.005723  0.001975  0.005719  0.999982  0.001906  -0.001986  -0.001894  0.999996  0.000074  0.005411  
148.382282 0.007259  0.091576  0.005163  0.995274  -0.012842  0.096256  0.011270  0.999794  0.016859  -0.096452  -0.015694  0.995214  0.002022  -0.002778  -0.001493  0.075941  -0.273888  -0.031583  2.000000  0.999980  -0.005900  0.002056  0.005896  0.999981  0.001958  -0.002068  -0.001945  0.999996  0.999988  -0.000283  0.004947  0.000276  0.999999  0.001354  -0.004947  -0.001353  0.999987  1.000000  0.000000  0.000000  0.000000  1.000000  0.000000  0.000000  0.000000  1.000000  0.999980  -0.005900  0.002056  0.005896  0.999981  0.001958  -0.002068  -0.001945  0.999996  0.000072  0.000000  
148.383284 0.007263  0.091574  0.005159  0.995274  -0.012854  0.096254  0.011270  0.999792  0.016980  -0.096452  -0.015815  0.995212  0.002065  -0.002794  -0.001850  0.075939  -0.264873  -0.031480  2.000000  0.999980  -0.005900  0.002056  0.005896  0.999981  0.001958  -0.002068  -0.001945  0.999996  0.999988  -0.000077  0.004816  0.000070  0.999999  0.001334  -0.004816  -0.001334  0.999988  1.000000  0.000000  0.000000  0.000000  1.000000  0.000000  0.000000  0.000000  1.000000  0.999980  -0.005900  0.002056  0.005896  0.999981  0.001958  -0.002068  -0.001945  0.999996  0.000070  0.000000  
148.384533 0.007267  0.091570  0.005154  0.995274  -0.012854  0.096254  0.011270  0.999792  0.016980  -0.096452  -0.015815  0.995212  0.002142  -0.002854  -0.002239  0.067239  -0.253798  -0.031123  2.000000  0.999980  -0.005900  0.002056  0.005896  0.999981  0.001958  -0.002068  -0.001945  0.999996  0.999990  -0.000070  0.004415  0.000064  0.999999  0.001334  -0.004415  -0.001334  0.999989  1.000000  0.000000  0.000000  0.000000  1.000000  0.000000  0.000000  0.000000  1.000000  0.999980  -0.005900  0.002056  0.005896  0.999981  0.001958  -0.002068  -0.001945  0.999996  0.000066  0.000000  
148.385780 0.007270  0.091566  0.005148  0.995261  -0.012868  0.096386  0.011270  0.999790  0.017103  -0.096586  -0.015936  0.995197  0.002220  -0.002915  -0.002630  0.066607  -0.240504  -0.024118  2.000000  0.999980  -0.005900  0.002056  0.005896  0.999981  0.001958  -0.002068  -0.001945  0.999996  0.999991  -0.000066  0.004147  0.000061  0.999999  0.001213  -0.004147  -0.001213  0.999991  1.000000  0.000000  0.000000  0.000000  1.000000  0.000000  0.000000  0.000000  1.000000  0.999980  -0.005900  0.002056  0.005896  0.999981  0.001958  -0.002068  -0.001945  0.999996  0.000063  0.000000  
148.387029 0.007274  0.091562  0.005142  0.995261  -0.012868  0.096386  0.011270  0.999790  0.017103  -0.096586  -0.015936  0.995197  0.002329  -0.002948  -0.002998  0.063087  -0.220007  -0.023992  2.000000  0.999980  -0.005900  0.002056  0.005896  0.999981  0.001958  -0.002068  -0.001945  0.999996  0.999993  0.000147  0.003615  -0.000151  0.999999  0.001193  -0.003615  -0.001194  0.999993  1.000000  0.000000  0.000000  0.000000  1.000000  0.000000  0.000000  0.000000  1.000000  0.999980  -0.005900  0.002056  0.005896  0.999981  0.001958  -0.002068  -0.001945  0.999996  0.000059  0.000000  
148.388029 0.007277  0.091559  0.005137  0.995263  -0.012662  0.096389  0.011065  0.999793  0.017083  -0.096586  -0.015936  0.995197  0.002412  -0.002992  -0.003287  0.057723  -0.206737  -0.010025  2.000000  0.999980  -0.005900  0.002056  0.005896  0.999981  0.001958  -0.002068  -0.001945  0.999996  0.999995  0.000358  0.003217  -0.000362  0.999999  0.001052  -0.003217  -0.001053  0.999994  1.000000  0.000000  0.000000  0.000000  1.000000  0.000000  0.000000  0.000000  1.000000  0.999980  -0.005900  0.002056  0.005896  0.999981  0.001958  -0.002068  -0.001945  0.999996  0.000056  0.000000  
148.389279 0.007281  0.091555  0.005131  0.995250  -0.012664  0.096522  0.011065  0.999793  0.017085  -0.096719  -0.015935  0.995184  0.002643  -0.002983  -0.003618  0.057721  -0.197731  -0.009888  2.000000  0.999980  -0.005900  0.002056  0.005896  0.999981  0.001958  -0.002068  -0.001945  0.999996  0.999996  0.000363  0.002950  -0.000365  1.000000  0.000931  -0.002949  -0.000932  0.999995  1.000000  0.000000  0.000000  0.000000  1.000000  0.000000  0.000000  0.000000  1.000000  0.999980  -0.005900  0.002056  0.005896  0.999981  0.001958  -0.002068  -0.001945  0.999996  0.000052  0.000000  
148.390525 0.007286  0.091552  0.005124  0.995250  -0.012676  0.096521  0.011065  0.999791  0.017206  -0.096719  -0.016056  0.995182  0.002806  -0.002915  -0.003820  0.056610  -0.187313  -0.002863  2.000000  0.999980  -0.005900  0.002056  0.005896  0.999981  0.001958  -0.002068  -0.001945  0.999996  0.999996  0.000367  0.002682  -0.000369  0.999999  0.000931  -0.002682  -0.000932  0.999996  1.000000  0.000000  0.000000  0.000000  1.000000  0.000000  0.000000  0.000000  1.000000  0.999980  -0.005900  0.002056  0.005896  0.999981  0.001958  -0.002068  -0.001945  0.999996  0.000049  0.000000  
148.391525 0.007290  0.091550  0.005120  0.995263  -0.012673  0.096388  0.011065  0.999791  0.017204  -0.096586  -0.016056  0.995195  0.003016  -0.002795  -0.003962  0.056430  -0.170988  0.004277  2.000000  0.999980  -0.005900  0.002056  0.005896  0.999981  0.001958  -0.002068  -0.001945  0.999996  0.999998  0.000375  0.002147  -0.000377  0.999999  0.000931  -0.002147  -0.000931  0.999997  1.000000  0.000000  0.000000  0.000000  1.000000  0.000000  0.000000  0.000000  1.000000  0.999980  -0.005900  0.002056  0.005896  0.999981  0.001958  -0.002068  -0.001945  0.999996  0.000045  0.000000  
148.392775 0.007297  0.091548  0.005114  0.995263  -0.012685  0.096386  0.011065  0.999789  0.017326  -0.096586  -0.016177  0.995193  0.003277  -0.002600  -0.004061  0.000000  0.000000  0.000000  2.000000  0.999980  -0.005900  0.002056  0.005896  0.999981  0.001958  -0.002068  -0.001945  0.999996  0.999998  0.000379  0.001880  -0.000381  0.999999  0.000931  -0.001879  -0.000931  0.999998  1.000000  0.000000  0.000000  0.000000  1.000000  0.000000  0.000000  0.000000  1.000000  0.999980  -0.005900  0.002056  0.005896  0.999981  0.001958  -0.002068  -0.001945  0.999996  0.000000  0.000000  
148.394025 0.007303  0.091546  0.005109  0.995265  -0.012479  0.096390  0.010860  0.999791  0.017306  -0.096586  -0.016177  0.995193  0.003488  -0.002494  -0.004163  0.000000  0.000000  0.000000  2.000000  0.999980  -0.005900  0.002056  0.005896  0.999981  0.001958  -0.002068  -0.001945  0.999996  0.999998  0.000794  0.001619  -0.000795  0.999999  0.000770  -0.001618  -0.000771  0.999998  1.000000  0.000000  0.000000  0.000000  1.000000  0.000000  0.000000  0.000000  1.000000  0.999980  -0.005900  0.002056  0.005896  0.999981  0.001958  -0.002068  -0.001945  0.999996  0.000000  0.000000  
148.395275 0.007309  0.091544  0.005104  0.995265  -0.012479  0.096390  0.010860  0.999791  0.017306  -0.096586  -0.016177  0.995193  0.003680  -0.002406  -0.004246  0.000000  0.000000  0.000000  2.000000  0.999980  -0.005900  0.002056  0.005896  0.999981  0.001958  -0.002068  -0.001945  0.999996  0.999999  0.000800  0.001217  -0.000801  0.999999  0.000648  -0.001217  -0.000649  0.999999  1.000000  0.000000  0.000000  0.000000  1.000000  0.000000  0.000000  0.000000  1.000000  0.999980  -0.005900  0.002056  0.005896  0.999981  0.001958  -0.002068  -0.001945  0.999996  0.000000  0.000000  
148.396275 0.007314  0.091543  0.005100  0.995265  -0.012491  0.096388  0.010860  0.999789  0.017427  -0.096586  -0.016298  0.995191  0.003855  -0.002373  -0.004327  0.000000  0.000000  0.000000  2.000000  0.999980  -0.005900  0.002056  0.005896  0.999981  0.001958  -0.002068  -0.001945  0.999996  0.999999  0.000599  0.000947  -0.000600  1.000000  0.000789  -0.000946  -0.000790  0.999999  1.000000  0.000000  0.000000  0.000000  1.000000  0.000000  0.000000  0.000000  1.000000  0.999980  -0.005900  0.002056  0.005896  0.999981  0.001958  -0.002068  -0.001945  0.999996  0.000000  0.000000  
148.397276 0.007320  0.091541  0.005097  0.995265  -0.012491  0.096388  0.010860  0.999789  0.017427  -0.096586  -0.016298  0.995191  0.004061  -0.002310  -0.004385  0.000000  0.000000  0.000000  2.000000  0.999980  -0.005900  0.002056  0.005896  0.999981  0.001958  -0.002068  -0.001945  0.999996  0.999999  0.000602  0.000813  -0.000602  1.000000  0.000789  -0.000812  -0.000790  0.999999  1.000000  0.000000  0.000000  0.000000  1.000000  0.000000  0.000000  0.000000  1.000000  0.999980  -0.005900  0.002056  0.005896  0.999981  0.001958  -0.002068  -0.001945  0.999996  0.000000  0.000000  
148.398278 0.007326  0.091540  0.005094  0.995268  -0.012285  0.096392  0.010655  0.999792  0.017407  -0.096586  -0.016298  0.995191  0.004197  -0.002286  -0.004358  0.000000  0.000000  0.000000  2.000000  0.999980  -0.005900  0.002056  0.005896  0.999981  0.001958  -0.002068  -0.001945  0.999996  1.000000  0.000606  0.000545  -0.000606  1.000000  0.000668  -0.000545  -0.000668  1.000000  1.000000  0.000000  0.000000  0.000000  1.000000  0.000000  0.000000  0.000000  1.000000  0.999980  -0.005900  0.002056  0.005896  0.999981  0.001958  -0.002068  -0.001945  0.999996  0.000000  0.000000  
148.399281 0.007331  0.091538  0.005091  0.995268  -0.012285  0.096392  0.010655  0.999792  0.017407  -0.096586  -0.016298  0.995191  0.004352  -0.002173  -0.004291  0.000000  0.000000  0.000000  2.000000  0.999980  -0.005900  0.002056  0.005896  0.999981  0.001958  -0.002068  -0.001945  0.999996  1.000000  0.000813  0.000415  -0.000813  0.999999  0.000648  -0.000414  -0.000649  1.000000  1.000000  0.000000  0.000000  0.000000  1.000000  0.000000  0.000000  0.000000  1.000000  0.999980  -0.005900  0.002056  0.005896  0.999981  0.001958  -0.002068  -0.001945  0.999996  0.000000  0.000000  
148.400584 0.007337  0.091536  0.005087  0.995268  -0.012285  0.096392  0.010655  0.999792  0.017407  -0.096586  -0.016298  0.995191  0.004543  -0.002067  -0.004104  0.000000  0.000000  0.000000  2.000000  0.999980  -0.005900  0.002056  0.005896  0.999981  0.001958  -0.002068  -0.001945  0.999996  1.000000  0.000815  0.000281  -0.000815  0.999999  0.000648  -0.000280  -0.000648  1.000000  1.000000  0.000000  0.000000  0.000000  1.000000  0.000000  0.000000  0.000000  1.000000  0.999980  -0.005900  0.002056  0.005896  0.999981  0.001958  -0.002068  -0.001945  0.999996  0.000000  0.000000  
148.401779 0.007344  0.091535  0.005085  0.995268  -0.012285  0.096392  0.010655  0.999792  0.017407  -0.096586  -0.016298  0.995191  0.004784  -0.001859  -0.003866  0.000000  0.000000  0.000000  2.000000  0.999980  -0.005900  0.002056  0.005896  0.999981  0.001958  -0.002068  -0.001945  0.999996  1.000000  0.000815  0.000281  -0.000815  1.000000  0.000527  -0.000281  -0.000527  1.000000  1.000000  0.000000  0.000000  0.000000  1.000000  0.000000  0.000000  0.000000  1.000000  0.999980  -0.005900  0.002056  0.005896  0.999981  0.001958  -0.002068  -0.001945  0.999996  0.000000  0.000000  
148.403025 0.007351  0.091533  0.005083  0.995268  -0.012297  0.096390  0.010655  0.999790  0.017529  -0.096586  -0.016419  0.995189  0.004986  -0.001681  -0.003622  0.000000  0.000000  0.000000  2.000000  0.999980  -0.005900  0.002056  0.005896  0.999981  0.001958  -0.002068  -0.001945  0.999996  1.000000  0.000817  0.000147  -0.000817  0.999999  0.000648  -0.000147  -0.000648  1.000000  1.000000  0.000000  0.000000  0.000000  1.000000  0.000000  0.000000  0.000000  1.000000  0.999980  -0.005900  0.002056  0.005896  0.999981  0.001958  -0.002068  -0.001945  0.999996  0.000000  0.000000  
148.404279 0.007359  0.091533  0.005082  0.995270  -0.012091  0.096394  0.010450  0.999792  0.017509  -0.096586  -0.016419  0.995189  0.005167  -0.001477  -0.003264  0.000000  0.000000  0.000000  2.000000  0.999980  -0.005900  0.002056  0.005896  0.999981  0.001958  -0.002068  -0.001945  0.999996  1.000000  0.000817  0.000147  -0.000817  1.000000  0.000527  -0.000147  -0.000527  1.000000  1.000000  0.000000  0.000000  0.000000  1.000000  0.000000  0.000000  0.000000  1.000000  0.999980  -0.005900  0.002056  0.005896  0.999981  0.001958  -0.002068  -0.001945  0.999996  0.000000  0.000000  
148.405529 0.007366  0.091531  0.005081  0.995257  -0.012093  0.096527  0.010450  0.999792  0.017510  -0.096719  -0.016418  0.995176  0.005322  -0.001357  -0.002859  0.000000  0.000000  0.000000  2.000000  0.999980  -0.005900  0.002056  0.005896  0.999981  0.001958  -0.002068  -0.001945  0.999996  1.000000  0.000815  0.000281  -0.000815  1.000000  0.000527  -0.000281  -0.000527  1.000000  1.000000  0.000000  0.000000  0.000000  1.000000  0.000000  0.000000  0.000000  1.000000  0.999980  -0.005900  0.002056  0.005896  0.999981  0.001958  -0.002068  -0.001945  0.999996  0.000000  0.000000  
148.406771 0.007373  0.091530  0.005080  0.995257  -0.012093  0.096527  0.010450  0.999792  0.017510  -0.096719  -0.016418  0.995176  0.005432  -0.001259  -0.002600  0.000000  0.000000  0.000000  2.000000  0.999980  -0.005900  0.002056  0.005896  0.999981  0.001958  -0.002068  -0.001945  0.999996  1.000000  0.000817  0.000147  -0.000817  1.000000  0.000406  -0.000147  -0.000406  1.000000  1.000000  0.000000  0.000000  0.000000  1.000000  0.000000  0.000000  0.000000  1.000000  0.999980  -0.005900  0.002056  0.005896  0.999981  0.001958  -0.002068  -0.001945  0.999996  0.000000  0.000000  
148.407777 0.007379  0.091530  0.005079  0.995246  -0.011901  0.096662  0.010245  0.999792  0.017613  -0.096852  -0.016539  0.995161  0.005555  -0.001178  -0.002306  0.000000  0.000000  0.000000  2.000000  0.999980  -0.005900  0.002056  0.005896  0.999981  0.001958  -0.002068  -0.001945  0.999996  0.999999  0.001022  0.000151  -0.001022  0.999999  0.000507  -0.000150  -0.000507  1.000000  1.000000  0.000000  0.000000  0.000000  1.000000  0.000000  0.000000  0.000000  1.000000  0.999980  -0.005900  0.002056  0.005896  0.999981  0.001958  -0.002068  -0.001945  0.999996  0.000000  0.000000  
148.409026 0.007387  0.091529  0.005078  0.995246  -0.011901  0.096662  0.010245  0.999792  0.017613  -0.096852  -0.016539  0.995161  0.005623  -0.001112  -0.002019  0.000000  0.000000  0.000000  2.000000  0.999980  -0.005900  0.002056  0.005896  0.999981  0.001958  -0.002068  -0.001945  0.999996  1.000000  0.000817  0.000147  -0.000817  1.000000  0.000527  -0.000147  -0.000527  1.000000  1.000000  0.000000  0.000000  0.000000  1.000000  0.000000  0.000000  0.000000  1.000000  0.999980  -0.005900  0.002056  0.005896  0.999981  0.001958  -0.002068  -0.001945  0.999996  0.000000  0.000000  
148.410276 0.007394  0.091528  0.005077  0.995233  -0.011915  0.096794  0.010245  0.999790  0.017735  -0.096985  -0.016659  0.995146  0.005654  -0.001050  -0.001767  0.000000  0.000000  0.000000  2.000000  0.999980  -0.005900  0.002056  0.005896  0.999981  0.001958  -0.002068  -0.001945  0.999996  1.000000  0.000817  0.000147  -0.000817  1.000000  0.000405  -0.000147  -0.000406  1.000000  1.000000  0.000000  0.000000  0.000000  1.000000  0.000000  0.000000  0.000000  1.000000  0.999980  -0.005900  0.002056  0.005896  0.999981  0.001958  -0.002068  -0.001945  0.999996  0.000000  0.000000  
148.411525 0.007401  0.091527  0.005077  0.995235  -0.011709  0.096798  0.010040  0.999793  0.017716  -0.096985  -0.016659  0.995146  0.005678  -0.001007  -0.001470  0.000000  0.000000  0.000000  2.000000  0.999980  -0.005900  0.002056  0.005896  0.999981  0.001958  -0.002068  -0.001945  0.999996  0.999999  0.001018  0.000418  -0.001018  0.999999  0.000507  -0.000418  -0.000507  1.000000  1.000000  0.000000  0.000000  0.000000  1.000000  0.000000  0.000000  0.000000  1.000000  0.999980  -0.005900  0.002056  0.005896  0.999981  0.001958  -0.002068  -0.001945  0.999996  0.000000  0.000000  
148.412525 0.007406  0.091526  0.005077  0.995222  -0.011712  0.096931  0.010040  0.999793  0.017717  -0.097118  -0.016659  0.995133  0.005622  -0.000993  -0.001270  0.000000  0.000000  0.000000  2.000000  0.999980  -0.005900  0.002056  0.005896  0.999981  0.001958  -0.002068  -0.001945  0.999996  0.999999  0.001015  0.000552  -0.001016  0.999999  0.000507  -0.000552  -0.000507  1.000000  1.000000  0.000000  0.000000  0.000000  1.000000  0.000000  0.000000  0.000000  1.000000  0.999980  -0.005900  0.002056  0.005896  0.999981  0.001958  -0.002068  -0.001945  0.999996  0.000000  0.000000  
148.413775 0.007413  0.091525  0.005078  0.995224  -0.011518  0.096933  0.009835  0.999793  0.017818  -0.097118  -0.016780  0.995131  0.005629  -0.000946  -0.000946  0.000000  0.000000  0.000000  2.000000  0.999980  -0.005900  0.002056  0.005896  0.999981  0.001958  -0.002068  -0.001945  0.999996  1.000000  0.000810  0.000549  -0.000811  1.000000  0.000527  -0.000548  -0.000527  1.000000  1.000000  0.000000  0.000000  0.000000  1.000000  0.000000  0.000000  0.000000  1.000000  0.999980  -0.005900  0.002056  0.005896  0.999981  0.001958  -0.002068  -0.001945  0.999996  0.000000  0.000000  
148.414778 0.007418  0.091524  0.005080  0.995211  -0.011520  0.097066  0.009835  0.999793  0.017820  -0.097251  -0.016780  0.995118  0.005628  -0.000874  -0.000635  0.000000  0.000000  0.000000  2.000000  0.999980  -0.005900  0.002056  0.005896  0.999981  0.001958  -0.002068  -0.001945  0.999996  0.999999  0.001013  0.000686  -0.001013  0.999999  0.000506  -0.000686  -0.000507  1.000000  1.000000  0.000000  0.000000  0.000000  1.000000  0.000000  0.000000  0.000000  1.000000  0.999980  -0.005900  0.002056  0.005896  0.999981  0.001958  -0.002068  -0.001945  0.999996  0.000000  0.000000  
148.416030 0.007424  0.091523  0.005082  0.995198  -0.011522  0.097199  0.009835  0.999793  0.017821  -0.097385  -0.016779  0.995105  0.005634  -0.000824  -0.000280  0.000000  0.000000  0.000000  2.000000  0.999980  -0.005900  0.002056  0.005896  0.999981  0.001958  -0.002068  -0.001945  0.999996  0.999999  0.001011  0.000820  -0.001011  0.999999  0.000506  -0.000819  -0.000507  1.000000  1.000000  0.000000  0.000000  0.000000  1.000000  0.000000  0.000000  0.000000  1.000000  0.999980  -0.005900  0.002056  0.005896  0.999981  0.001958  -0.002068  -0.001945  0.999996  0.000000  0.000000  
148.417276 0.007431  0.091522  0.005085  0.995187  -0.011330  0.097335  0.009630  0.999793  0.017923  -0.097518  -0.016900  0.995090  0.005613  -0.000770  0.000076  0.000000  0.000000  0.000000  2.000000  0.999980  -0.005900  0.002056  0.005896  0.999981  0.001958  -0.002068  -0.001945  0.999996  0.999999  0.001213  0.000957  -0.001214  0.999999  0.000365  -0.000957  -0.000366  0.999999  1.000000  0.000000  0.000000  0.000000  1.000000  0.000000  0.000000  0.000000  1.000000  0.999980  -0.005900  0.002056  0.005896  0.999981  0.001958  -0.002068  -0.001945  0.999996  0.000000  0.000000  
148.418280 0.007436  0.091522  0.005087  0.995174  -0.011333  0.097468  0.009630  0.999793  0.017925  -0.097651  -0.016900  0.995077  0.005567  -0.000760  0.000312  0.000000  0.000000  0.000000  2.000000  0.999980  -0.005900  0.002056  0.005896  0.999981  0.001958  -0.002068  -0.001945  0.999996  0.999999  0.001211  0.001091  -0.001212  0.999999  0.000486  -0.001090  -0.000487  0.999999  1.000000  0.000000  0.000000  0.000000  1.000000  0.000000  0.000000  0.000000  1.000000  0.999980  -0.005900  0.002056  0.005896  0.999981  0.001958  -0.002068  -0.001945  0.999996  0.000000  0.000000  
