1-Time 2-Px 3-Py 4-Pz 5-R11 6-R21 7-R31 8-R12 9-R22 10-R32 11-R13 12-R23 13-R33 14-Vx 15-Vy 16-Vz 17-Wx 18-Wy 19-Wz 20-state 21-PR11 22-PR21 23-PR31 24-PR12 25-PR22 26-PR32 27-PR13 28-PR23 29-PR33 
105.530806 0.003508  0.091511  -0.002221  0.999468  0.031188  0.009556  -0.031080  0.999454  -0.011219  -0.009901  0.010916  0.999891  0.000500  0.000460  0.000553  0.000000  0.000000  0.000000  2.000000  1.000000  0.000000  0.000000  -0.000000  1.000000  0.000000  0.000000  -0.000000  1.000000  0.999999  0.001029  -0.000011  -0.001029  0.999999  0.000960  0.000012  -0.000960  1.000000  1.000000  0.000000  0.000000  0.000000  1.000000  0.000000  0.000000  0.000000  1.000000  0.691951  0.437636  -0.574177  -0.505783  0.861379  0.047012  0.515158  0.257879  0.817380  0.000000  0.000000  
105.531811 0.003509  0.091511  -0.002220  0.999468  0.031188  0.009556  -0.031080  0.999454  -0.011219  -0.009901  0.010916  0.999891  0.000486  0.000464  0.000586  0.000000  0.000000  0.000000  2.000000  1.000000  0.000000  0.000000  0.000000  1.000000  0.000000  0.000000  0.000000  1.000000  0.999999  0.001029  -0.000011  -0.001029  0.999999  0.001081  0.000012  -0.001081  0.999999  1.000000  0.000000  0.000000  0.000000  1.000000  0.000000  0.000000  0.000000  1.000000  1.000000  0.000000  0.000000  0.000000  1.000000  0.000000  0.000000  0.000000  1.000000  0.000000  0.000000  
105.532837 0.003509  0.091511  -0.002220  0.999461  0.031393  0.009554  -0.031286  0.999447  -0.011221  -0.009901  0.010916  0.999891  0.000534  0.000428  0.000497  0.000000  0.000000  0.000000  2.000000  1.000000  0.000000  0.000000  0.000000  1.000000  0.000000  0.000000  0.000000  1.000000  0.999999  0.001235  -0.000013  -0.001235  0.999999  0.000958  0.000015  -0.000958  1.000000  1.000000  0.000000  0.000000  0.000000  1.000000  0.000000  0.000000  0.000000  1.000000  1.000000  0.000000  0.000000  0.000000  1.000000  0.000000  0.000000  0.000000  1.000000  0.000000  0.000000  
105.534063 0.003509  0.091509  -0.002222  0.999454  0.031600  0.009689  -0.031491  0.999442  -0.011106  -0.010035  0.010795  0.999891  0.000475  0.000237  0.000350  0.000000  0.000000  0.000000  2.000000  1.000000  0.000000  0.000000  0.000000  1.000000  0.000000  0.000000  0.000000  1.000000  0.999999  0.001441  -0.000016  -0.001441  0.999998  0.001077  0.000017  -0.001077  0.999999  1.000000  0.000000  0.000000  0.000000  1.000000  0.000000  0.000000  0.000000  1.000000  1.000000  0.000000  0.000000  0.000000  1.000000  0.000000  0.000000  0.000000  1.000000  0.000000  0.000000  
105.535067 0.003510  0.091507  -0.002222  0.999447  0.031805  0.009687  -0.031697  0.999436  -0.011108  -0.010035  0.010795  0.999891  0.000515  0.000104  0.000274  0.000000  0.000000  0.000000  2.000000  1.000000  0.000000  0.000000  0.000000  1.000000  0.000000  0.000000  0.000000  1.000000  0.999999  0.001648  0.000116  -0.001648  0.999998  0.001075  -0.000114  -0.001075  0.999999  1.000000  0.000000  0.000000  0.000000  1.000000  0.000000  0.000000  0.000000  1.000000  1.000000  0.000000  0.000000  0.000000  1.000000  0.000000  0.000000  0.000000  1.000000  0.000000  0.000000  
105.536313 0.003511  0.091505  -0.002223  0.999441  0.032010  0.009689  -0.031903  0.999431  -0.010989  -0.010035  0.010673  0.999893  0.000525  -0.000057  0.000178  0.000000  0.000000  0.000000  2.000000  1.000000  0.000000  0.000000  0.000000  1.000000  0.000000  0.000000  0.000000  1.000000  0.999999  0.001648  0.000116  -0.001648  0.999998  0.001075  -0.000114  -0.001075  0.999999  1.000000  0.000000  0.000000  0.000000  1.000000  0.000000  0.000000  0.000000  1.000000  1.000000  0.000000  0.000000  0.000000  1.000000  0.000000  0.000000  0.000000  1.000000  0.000000  0.000000  
105.537314 0.003512  0.091503  -0.002224  0.999434  0.032216  0.009686  -0.032109  0.999424  -0.010991  -0.010035  0.010673  0.999893  0.000579  -0.000194  0.000069  0.000000  0.000000  0.000000  2.000000  1.000000  0.000000  0.000000  0.000000  1.000000  0.000000  0.000000  0.000000  1.000000  0.999998  0.001854  0.000114  -0.001854  0.999998  0.001073  -0.000112  -0.001073  0.999999  1.000000  0.000000  0.000000  0.000000  1.000000  0.000000  0.000000  0.000000  1.000000  1.000000  0.000000  0.000000  0.000000  1.000000  0.000000  0.000000  0.000000  1.000000  0.000000  0.000000  
105.538323 0.003513  0.091502  -0.002225  0.999427  0.032421  0.009684  -0.032315  0.999417  -0.010993  -0.010035  0.010673  0.999893  0.000602  -0.000358  -0.000060  0.000000  0.000000  0.000000  2.000000  1.000000  0.000000  0.000000  0.000000  1.000000  0.000000  0.000000  0.000000  1.000000  0.999998  0.002060  0.000112  -0.002060  0.999997  0.000950  -0.000110  -0.000950  1.000000  1.000000  0.000000  0.000000  0.000000  1.000000  0.000000  0.000000  0.000000  1.000000  1.000000  0.000000  0.000000  0.000000  1.000000  0.000000  0.000000  0.000000  1.000000  0.000000  0.000000  
105.539568 0.003515  0.091500  -0.002227  0.999414  0.032832  0.009683  -0.032726  0.999405  -0.010875  -0.010035  0.010552  0.999894  0.000663  -0.000519  -0.000158  0.000000  0.000000  0.000000  2.000000  1.000000  0.000000  0.000000  0.000000  1.000000  0.000000  0.000000  0.000000  1.000000  0.999997  0.002472  0.000108  -0.002472  0.999996  0.001067  -0.000105  -0.001067  0.999999  1.000000  0.000000  0.000000  0.000000  1.000000  0.000000  0.000000  0.000000  1.000000  1.000000  0.000000  0.000000  0.000000  1.000000  0.000000  0.000000  0.000000  1.000000  0.000000  0.000000  
105.540818 0.003516  0.091498  -0.002229  0.999400  0.033243  0.009679  -0.033138  0.999392  -0.010879  -0.010035  0.010552  0.999894  0.000735  -0.000719  -0.000375  0.000000  0.000000  0.000000  2.000000  1.000000  0.000000  0.000000  0.000000  1.000000  0.000000  0.000000  0.000000  1.000000  0.999996  0.002677  0.000106  -0.002678  0.999996  0.000944  -0.000103  -0.000944  1.000000  1.000000  0.000000  0.000000  0.000000  1.000000  0.000000  0.000000  0.000000  1.000000  1.000000  0.000000  0.000000  0.000000  1.000000  0.000000  0.000000  0.000000  1.000000  0.000000  0.000000  
105.541860 0.003517  0.091495  -0.002231  0.999387  0.033655  0.009674  -0.033549  0.999378  -0.010883  -0.010035  0.010552  0.999894  0.000783  -0.000889  -0.000568  0.000000  0.000000  0.000000  2.000000  1.000000  0.000000  0.000000  0.000000  1.000000  0.000000  0.000000  0.000000  1.000000  0.999995  0.003089  0.000101  -0.003089  0.999995  0.000939  -0.000098  -0.000940  1.000000  1.000000  0.000000  0.000000  0.000000  1.000000  0.000000  0.000000  0.000000  1.000000  1.000000  0.000000  0.000000  0.000000  1.000000  0.000000  0.000000  0.000000  1.000000  0.000000  0.000000  
105.543062 0.003519  0.091493  -0.002234  0.999364  0.034273  0.009801  -0.034166  0.999357  -0.010894  -0.010169  0.010552  0.999893  0.000833  -0.001099  -0.000852  0.000000  0.000000  0.000000  2.000000  1.000000  0.000000  0.000000  0.000000  1.000000  0.000000  0.000000  0.000000  1.000000  0.999994  0.003502  0.000231  -0.003502  0.999994  0.000814  -0.000228  -0.000814  1.000000  1.000000  0.000000  0.000000  0.000000  1.000000  0.000000  0.000000  0.000000  1.000000  1.000000  0.000000  0.000000  0.000000  1.000000  0.000000  0.000000  0.000000  1.000000  0.000000  0.000000  
105.544062 0.003520  0.091491  -0.002236  0.999350  0.034684  0.009801  -0.034578  0.999344  -0.010777  -0.010169  0.010431  0.999894  0.000840  -0.001295  -0.001034  0.000000  0.000000  0.000000  2.000000  1.000000  0.000000  0.000000  0.000000  1.000000  0.000000  0.000000  0.000000  1.000000  0.999993  0.003708  0.000229  -0.003708  0.999993  0.000933  -0.000225  -0.000934  1.000000  1.000000  0.000000  0.000000  0.000000  1.000000  0.000000  0.000000  0.000000  1.000000  1.000000  0.000000  0.000000  0.000000  1.000000  0.000000  0.000000  0.000000  1.000000  0.000000  0.000000  
105.545312 0.003521  0.091488  -0.002239  0.999335  0.035096  0.009930  -0.034989  0.999329  -0.010785  -0.010302  0.010431  0.999893  0.000858  -0.001573  -0.001281  0.000000  0.000000  0.000000  2.000000  1.000000  0.000000  0.000000  0.000000  1.000000  0.000000  0.000000  0.000000  1.000000  0.999991  0.004327  0.000356  -0.004327  0.999990  0.000805  -0.000353  -0.000806  1.000000  1.000000  0.000000  0.000000  0.000000  1.000000  0.000000  0.000000  0.000000  1.000000  1.000000  0.000000  0.000000  0.000000  1.000000  0.000000  0.000000  0.000000  1.000000  0.000000  0.000000  
105.546320 0.003522  0.091484  -0.002243  0.999313  0.035714  0.009924  -0.035606  0.999308  -0.010792  -0.010302  0.010431  0.999893  0.000882  -0.001831  -0.001572  0.043018  -0.011491  0.179994  2.000000  1.000000  0.000000  0.000000  0.000000  1.000000  0.000000  0.000000  0.000000  1.000000  0.999989  0.004739  0.000352  -0.004739  0.999988  0.000800  -0.000348  -0.000802  1.000000  1.000000  0.000000  0.000000  0.000000  1.000000  0.000000  0.000000  0.000000  1.000000  1.000000  0.000000  0.000000  0.000000  1.000000  0.000000  0.000000  0.000000  1.000000  0.000045  0.000000  
105.547562 0.003522  0.091480  -0.002247  0.999291  0.036331  0.009917  -0.036223  0.999285  -0.010798  -0.010302  0.010431  0.999893  0.000886  -0.002076  -0.001792  0.038742  -0.011276  0.200795  2.000000  1.000000  0.000265  0.000017  -0.000265  1.000000  0.000038  -0.000017  -0.000038  1.000000  0.999984  0.005562  0.000343  -0.005562  0.999984  0.000671  -0.000339  -0.000673  1.000000  1.000000  0.000070  0.000004  -0.000070  1.000000  0.000008  -0.000004  -0.000008  1.000000  1.000000  0.000265  0.000017  -0.000265  1.000000  0.000038  -0.000017  -0.000038  1.000000  0.000051  0.005613  
105.548812 0.003523  0.091475  -0.002251  0.999260  0.037154  0.009908  -0.037046  0.999255  -0.010806  -0.010302  0.010431  0.999893  0.000891  -0.002268  -0.001971  0.038456  -0.010968  0.228433  2.000000  1.000000  0.000621  0.000038  -0.000621  1.000000  0.000080  -0.000038  -0.000080  1.000000  0.999982  0.005974  0.000339  -0.005974  0.999982  0.000666  -0.000335  -0.000668  1.000000  1.000000  0.000075  0.000004  -0.000075  1.000000  0.000008  -0.000004  -0.000008  1.000000  1.000000  0.000621  0.000038  -0.000621  1.000000  0.000080  -0.000038  -0.000080  1.000000  0.000056  0.006021  
105.549815 0.003524  0.091471  -0.002254  0.999237  0.037771  0.009902  -0.037663  0.999232  -0.010812  -0.010302  0.010431  0.999893  0.000914  -0.002423  -0.002154  0.034236  -0.010829  0.242236  2.000000  1.000000  0.000937  0.000055  -0.000937  1.000000  0.000110  -0.000055  -0.000110  1.000000  0.999978  0.006591  0.000332  -0.006592  0.999978  0.000539  -0.000329  -0.000541  1.000000  1.000000  0.000082  0.000004  -0.000082  1.000000  0.000007  -0.000004  -0.000007  1.000000  1.000000  0.000937  0.000055  -0.000937  1.000000  0.000110  -0.000055  -0.000110  1.000000  0.000060  0.006622  
105.551065 0.003525  0.091467  -0.002257  0.999205  0.038595  0.010026  -0.038486  0.999200  -0.010825  -0.010436  0.010431  0.999891  0.000943  -0.002572  -0.002267  0.033937  -0.015020  0.269945  2.000000  0.999999  0.001375  0.000082  -0.001375  0.999999  0.000144  -0.000082  -0.000144  1.000000  0.999974  0.007210  0.000460  -0.007211  0.999974  0.000532  -0.000456  -0.000535  1.000000  1.000000  0.000090  0.000006  -0.000090  1.000000  0.000007  -0.000006  -0.000007  1.000000  0.999999  0.001375  0.000082  -0.001375  0.999999  0.000144  -0.000082  -0.000144  1.000000  0.000066  0.007245  
105.552316 0.003527  0.091461  -0.002262  0.999171  0.039421  0.010146  -0.039309  0.999167  -0.010960  -0.010570  0.010552  0.999888  0.000974  -0.002835  -0.002542  0.025487  -0.019214  0.297684  2.000000  0.999998  0.001854  0.000112  -0.001854  0.999998  0.000171  -0.000112  -0.000171  1.000000  0.999968  0.008035  0.000584  -0.008035  0.999968  0.000279  -0.000582  -0.000284  1.000000  1.000000  0.000100  0.000007  -0.000100  1.000000  0.000004  -0.000007  -0.000004  1.000000  0.999998  0.001854  0.000112  -0.001854  0.999998  0.000171  -0.000112  -0.000171  1.000000  0.000073  0.008061  
105.553562 0.003529  0.091456  -0.002266  0.999138  0.040243  0.010137  -0.040132  0.999134  -0.010968  -0.010570  0.010552  0.999888  0.001068  -0.002996  -0.002748  0.025278  -0.018989  0.318486  2.000000  0.999997  0.002385  0.000148  -0.002385  0.999997  0.000188  -0.000148  -0.000188  1.000000  0.999962  0.008653  0.000577  -0.008653  0.999963  0.000273  -0.000575  -0.000278  1.000000  1.000000  0.000108  0.000007  -0.000108  1.000000  0.000003  -0.000007  -0.000003  1.000000  0.999997  0.002385  0.000148  -0.002385  0.999997  0.000188  -0.000148  -0.000188  1.000000  0.000078  0.008676  
105.554562 0.003531  0.091452  -0.002270  0.999104  0.041067  0.010262  -0.040955  0.999101  -0.010982  -0.010704  0.010552  0.999887  0.001074  -0.003190  -0.002928  0.020893  -0.023199  0.346161  2.000000  0.999996  0.002724  0.000170  -0.002725  0.999996  0.000195  -0.000169  -0.000195  1.000000  0.999957  0.009270  0.000571  -0.009270  0.999957  0.000145  -0.000569  -0.000150  1.000000  1.000000  0.000116  0.000007  -0.000116  1.000000  0.000002  -0.000007  -0.000002  1.000000  0.999996  0.002724  0.000170  -0.002725  0.999996  0.000195  -0.000169  -0.000195  1.000000  0.000085  0.009289  
105.555566 0.003533  0.091448  -0.002275  0.999070  0.041890  0.010253  -0.041777  0.999066  -0.010991  -0.010704  0.010552  0.999887  0.001121  -0.003388  -0.003151  0.020604  -0.022894  0.373770  2.000000  0.999995  0.003209  0.000200  -0.003209  0.999995  0.000202  -0.000199  -0.000203  1.000000  0.999951  0.009888  0.000564  -0.009888  0.999951  0.000137  -0.000563  -0.000143  1.000000  1.000000  0.000124  0.000007  -0.000124  1.000000  0.000002  -0.000007  -0.000002  1.000000  0.999995  0.003209  0.000200  -0.003209  0.999995  0.000202  -0.000199  -0.000203  1.000000  0.000092  0.009905  
105.556812 0.003535  0.091442  -0.002282  0.999035  0.042713  0.010244  -0.042600  0.999032  -0.010999  -0.010704  0.010552  0.999887  0.001168  -0.003594  -0.003364  0.016317  -0.022694  0.394574  2.000000  0.999993  0.003860  0.000235  -0.003860  0.999993  0.000210  -0.000234  -0.000211  1.000000  0.999942  0.010711  0.000555  -0.010711  0.999943  0.000129  -0.000554  -0.000135  1.000000  1.000000  0.000134  0.000007  -0.000134  1.000000  0.000002  -0.000007  -0.000002  1.000000  0.999993  0.003860  0.000235  -0.003860  0.999993  0.000210  -0.000234  -0.000211  1.000000  0.000099  0.010726  
105.557812 0.003537  0.091437  -0.002287  0.998999  0.043536  0.010235  -0.043423  0.998996  -0.011007  -0.010704  0.010552  0.999887  0.001228  -0.003757  -0.003579  0.016032  -0.022393  0.422237  2.000000  0.999990  0.004408  0.000262  -0.004408  0.999990  0.000211  -0.000262  -0.000212  1.000000  0.999938  0.011123  0.000551  -0.011123  0.999938  0.000003  -0.000551  -0.000009  1.000000  1.000000  0.000139  0.000007  -0.000139  1.000000  0.000000  -0.000007  -0.000000  1.000000  0.999990  0.004408  0.000262  -0.004408  0.999990  0.000211  -0.000262  -0.000212  1.000000  0.000104  0.011137  
105.559061 0.003539  0.091431  -0.002293  0.998953  0.044565  0.010357  -0.044451  0.998951  -0.011024  -0.010837  0.010552  0.999886  0.001305  -0.003977  -0.003782  0.011570  -0.026542  0.456887  2.000000  0.999987  0.005135  0.000300  -0.005135  0.999987  0.000210  -0.000299  -0.000212  1.000000  0.999928  0.011947  0.000676  -0.011947  0.999929  -0.000007  -0.000676  -0.000001  1.000000  1.000000  0.000149  0.000008  -0.000149  1.000000  -0.000000  -0.000008  0.000000  1.000000  0.999987  0.005135  0.000300  -0.005135  0.999987  0.000210  -0.000299  -0.000212  1.000000  0.000112  0.011967  
105.560062 0.003541  0.091426  -0.002298  0.998907  0.045594  0.010346  -0.045479  0.998904  -0.011035  -0.010837  0.010552  0.999886  0.001343  -0.004185  -0.003986  0.011285  -0.026250  0.484680  2.000000  0.999983  0.005745  0.000334  -0.005745  0.999983  0.000208  -0.000332  -0.000210  1.000000  0.999923  0.012359  0.000672  -0.012359  0.999924  -0.000133  -0.000673  0.000125  1.000000  1.000000  0.000154  0.000008  -0.000154  1.000000  -0.000002  -0.000008  0.000002  1.000000  0.999983  0.005745  0.000334  -0.005745  0.999983  0.000208  -0.000332  -0.000210  1.000000  0.000118  0.012378  
105.561312 0.003543  0.091420  -0.002304  0.998858  0.046624  0.010462  -0.046507  0.998855  -0.011173  -0.010971  0.010673  0.999883  0.001409  -0.004285  -0.004084  0.002715  -0.030123  0.515039  2.000000  0.999978  0.006556  0.000378  -0.006556  0.999978  0.000198  -0.000377  -0.000201  1.000000  0.999913  0.013184  0.000795  -0.013184  0.999913  -0.000265  -0.000798  0.000254  1.000000  1.000000  0.000165  0.000010  -0.000165  1.000000  -0.000003  -0.000010  0.000003  1.000000  0.999978  0.006556  0.000378  -0.006556  0.999978  0.000198  -0.000377  -0.000201  1.000000  0.000127  0.013211  
105.562565 0.003545  0.091414  -0.002311  0.998808  0.047654  0.010584  -0.047535  0.998807  -0.011190  -0.011105  0.010673  0.999881  0.001533  -0.004391  -0.004241  0.002393  -0.034296  0.542682  2.000000  0.999974  0.007238  0.000420  -0.007238  0.999974  0.000185  -0.000418  -0.000188  1.000000  0.999904  0.013803  0.000922  -0.013803  0.999905  -0.000273  -0.000926  0.000261  1.000000  1.000000  0.000173  0.000012  -0.000173  1.000000  -0.000003  -0.000012  0.000003  1.000000  0.999974  0.007238  0.000420  -0.007238  0.999974  0.000185  -0.000418  -0.000188  1.000000  0.000134  0.013837  
105.563812 0.003547  0.091408  -0.002317  0.998757  0.048684  0.010707  -0.048563  0.998757  -0.011207  -0.011239  0.010673  0.999880  0.001617  -0.004461  -0.004386  -0.001978  -0.038490  0.570109  2.000000  0.999967  0.008119  0.000472  -0.008119  0.999967  0.000167  -0.000471  -0.000171  1.000000  0.999899  0.014213  0.000784  -0.014213  0.999899  -0.000278  -0.000788  0.000267  1.000000  1.000000  0.000178  0.000010  -0.000178  1.000000  -0.000003  -0.000010  0.000003  1.000000  0.999967  0.008119  0.000472  -0.008119  0.999967  0.000167  -0.000471  -0.000171  1.000000  0.000141  0.014238  
105.565062 0.003548  0.091402  -0.002323  0.998706  0.049713  0.010689  -0.049591  0.998705  -0.011339  -0.011239  0.010795  0.999879  0.001652  -0.004518  -0.004592  -0.006352  -0.033697  0.597496  2.000000  0.999959  0.009030  0.000529  -0.009031  0.999959  0.000140  -0.000528  -0.000145  1.000000  0.999890  0.014832  0.000909  -0.014832  0.999890  -0.000529  -0.000917  0.000516  0.999999  1.000000  0.000185  0.000011  -0.000185  1.000000  -0.000007  -0.000011  0.000007  1.000000  0.999959  0.009030  0.000529  -0.009031  0.999959  0.000140  -0.000528  -0.000145  1.000000  0.000148  0.014870  
105.566066 0.003550  0.091398  -0.002328  0.998653  0.050742  0.010811  -0.050619  0.998653  -0.011357  -0.011373  0.010795  0.999877  0.001669  -0.004605  -0.004765  -0.010816  -0.038207  0.630072  2.000000  0.999952  0.009790  0.000569  -0.009790  0.999952  0.000114  -0.000568  -0.000119  1.000000  0.999880  0.015450  0.000902  -0.015449  0.999881  -0.000538  -0.000911  0.000524  0.999999  1.000000  0.000193  0.000011  -0.000193  1.000000  -0.000007  -0.000011  0.000007  1.000000  0.999952  0.009790  0.000569  -0.009790  0.999952  0.000114  -0.000568  -0.000119  1.000000  0.000156  0.015486  
105.567067 0.003552  0.091393  -0.002334  0.998611  0.051565  0.010802  -0.051442  0.998611  -0.011366  -0.011373  0.010795  0.999877  0.001693  -0.004648  -0.004918  -0.011038  -0.037983  0.650804  2.000000  0.999944  0.010560  0.000614  -0.010560  0.999944  0.000087  -0.000613  -0.000093  1.000000  0.999880  0.015450  0.000902  -0.015449  0.999881  -0.000538  -0.000911  0.000524  0.999999  1.000000  0.000193  0.000011  -0.000193  1.000000  -0.000007  -0.000011  0.000007  1.000000  0.999944  0.010560  0.000614  -0.010560  0.999944  0.000087  -0.000613  -0.000093  1.000000  0.000160  0.015486  
105.568316 0.003554  0.091387  -0.002342  0.998547  0.052799  0.010781  -0.052675  0.998545  -0.011500  -0.011373  0.010916  0.999876  0.001676  -0.004702  -0.005113  -0.015362  -0.037271  0.679938  2.000000  0.999933  0.011549  0.000670  -0.011549  0.999933  0.000050  -0.000670  -0.000057  1.000000  0.999871  0.016067  0.000894  -0.016067  0.999871  -0.000666  -0.000904  0.000652  0.999999  1.000000  0.000201  0.000011  -0.000201  1.000000  -0.000008  -0.000011  0.000008  1.000000  0.999933  0.011549  0.000670  -0.011549  0.999933  0.000050  -0.000670  -0.000057  1.000000  0.000169  0.016106  
105.569317 0.003555  0.091382  -0.002348  0.998503  0.053622  0.010772  -0.053497  0.998502  -0.011509  -0.011373  0.010916  0.999876  0.001664  -0.004740  -0.005285  -0.019548  -0.037156  0.693510  2.000000  0.999926  0.012161  0.000704  -0.012161  0.999926  0.000024  -0.000703  -0.000033  1.000000  0.999864  0.016479  0.000889  -0.016478  0.999864  -0.000671  -0.000900  0.000656  0.999999  1.000000  0.000206  0.000011  -0.000206  1.000000  -0.000008  -0.000011  0.000008  1.000000  0.999926  0.012161  0.000704  -0.012161  0.999926  0.000024  -0.000703  -0.000033  1.000000  0.000173  0.016517  
105.570565 0.003558  0.091376  -0.002356  0.998435  0.054858  0.010884  -0.054731  0.998433  -0.011651  -0.011506  0.011037  0.999873  0.001651  -0.004760  -0.005391  -0.024136  -0.041627  0.727115  2.000000  0.999912  0.013209  0.000765  -0.013209  0.999913  -0.000018  -0.000766  0.000008  1.000000  0.999857  0.016892  0.001018  -0.016891  0.999857  -0.000678  -0.001030  0.000661  0.999999  1.000000  0.000211  0.000013  -0.000211  1.000000  -0.000008  -0.000013  0.000008  1.000000  0.999912  0.013209  0.000765  -0.013209  0.999913  -0.000018  -0.000766  0.000008  1.000000  0.000181  0.016937  
105.571816 0.003560  0.091370  -0.002363  0.998366  0.056091  0.010870  -0.055964  0.998365  -0.011664  -0.011506  0.011037  0.999873  0.001667  -0.004758  -0.005417  -0.024264  -0.041041  0.749543  2.000000  0.999898  0.014286  0.000820  -0.014286  0.999898  -0.000069  -0.000821  0.000057  1.000000  0.999850  0.017302  0.000878  -0.017301  0.999850  -0.000804  -0.000892  0.000789  0.999999  1.000000  0.000216  0.000011  -0.000216  1.000000  -0.000010  -0.000011  0.000010  1.000000  0.999898  0.014286  0.000820  -0.014286  0.999898  -0.000069  -0.000821  0.000057  1.000000  0.000188  0.017344  
105.573065 0.003561  0.091364  -0.002371  0.998295  0.057327  0.010982  -0.057197  0.998293  -0.011807  -0.011640  0.011158  0.999870  0.001588  -0.004849  -0.005555  -0.028839  -0.041057  0.775565  2.000000  0.999881  0.015385  0.000874  -0.015385  0.999882  -0.000116  -0.000876  0.000103  1.000000  0.999843  0.017714  0.000873  -0.017713  0.999843  -0.000690  -0.000885  0.000674  0.999999  1.000000  0.000221  0.000011  -0.000221  1.000000  -0.000009  -0.000011  0.000009  1.000000  0.999881  0.015385  0.000874  -0.015385  0.999882  -0.000116  -0.000876  0.000103  1.000000  0.000193  0.017749  
105.574315 0.003562  0.091357  -0.002379  0.998224  0.058560  0.010968  -0.058430  0.998222  -0.011820  -0.011640  0.011158  0.999870  0.001516  -0.004909  -0.005651  -0.033190  -0.036375  0.796113  2.000000  0.999863  0.016505  0.000928  -0.016505  0.999864  -0.000168  -0.000931  0.000152  1.000000  0.999835  0.018125  0.000866  -0.018125  0.999835  -0.000816  -0.000881  0.000800  0.999999  1.000000  0.000227  0.000011  -0.000227  1.000000  -0.000010  -0.000011  0.000010  1.000000  0.999863  0.016505  0.000928  -0.016505  0.999864  -0.000168  -0.000931  0.000152  1.000000  0.000198  0.018165  
105.575562 0.003564  0.091349  -0.002388  0.998149  0.059796  0.011079  -0.059663  0.998147  -0.011963  -0.011774  0.011280  0.999867  0.001458  -0.004982  -0.005822  -0.037557  -0.040608  0.817108  2.000000  0.999844  0.017630  0.000984  -0.017630  0.999845  -0.000221  -0.000988  0.000203  0.999999  0.999835  0.018126  0.000864  -0.018125  0.999835  -0.000939  -0.000881  0.000923  0.999999  1.000000  0.000227  0.000011  -0.000227  1.000000  -0.000012  -0.000011  0.000012  1.000000  0.999844  0.017630  0.000984  -0.017630  0.999845  -0.000221  -0.000988  0.000203  0.999999  0.000205  0.018171  
105.576562 0.003565  0.091344  -0.002395  0.998100  0.060618  0.011069  -0.060485  0.998097  -0.011972  -0.011774  0.011280  0.999867  0.001444  -0.005027  -0.006007  -0.037706  -0.040453  0.830856  2.000000  0.999828  0.018536  0.001027  -0.018536  0.999828  -0.000268  -0.001031  0.000249  0.999999  0.999835  0.018126  0.000864  -0.018125  0.999835  -0.000939  -0.000881  0.000923  0.999999  1.000000  0.000227  0.000011  -0.000227  1.000000  -0.000012  -0.000011  0.000012  1.000000  0.999828  0.018536  0.001027  -0.018536  0.999828  -0.000268  -0.001031  0.000249  0.999999  0.000206  0.018171  
105.577564 0.003566  0.091338  -0.002403  0.998035  0.061647  0.011191  -0.061512  0.998034  -0.011991  -0.011908  0.011280  0.999865  0.001387  -0.005097  -0.006172  -0.037913  -0.044798  0.844709  2.000000  0.999815  0.019229  0.001062  -0.019228  0.999815  -0.000304  -0.001068  0.000283  0.999999  0.999824  0.018744  0.000991  -0.018744  0.999824  -0.000949  -0.001008  0.000930  0.999999  1.000000  0.000234  0.000012  -0.000234  1.000000  -0.000012  -0.000012  0.000012  1.000000  0.999815  0.019229  0.001062  -0.019228  0.999815  -0.000304  -0.001068  0.000283  0.999999  0.000212  0.018795  
105.578565 0.003566  0.091332  -0.002411  0.997971  0.062675  0.011171  -0.062540  0.997969  -0.012124  -0.011908  0.011401  0.999864  0.001301  -0.005173  -0.006414  -0.042141  -0.044592  0.858480  2.000000  0.999796  0.020171  0.001111  -0.020171  0.999796  -0.000355  -0.001118  0.000332  0.999999  0.999820  0.018950  0.000986  -0.018949  0.999820  -0.001073  -0.001006  0.001054  0.999999  1.000000  0.000237  0.000012  -0.000237  1.000000  -0.000013  -0.000012  0.000013  1.000000  0.999796  0.020171  0.001111  -0.020171  0.999796  -0.000355  -0.001118  0.000332  0.999999  0.000215  0.019007  
105.579812 0.003567  0.091325  -0.002422  0.997893  0.063908  0.011156  -0.063772  0.997891  -0.012138  -0.011908  0.011401  0.999864  0.001257  -0.005279  -0.006691  -0.042027  -0.044005  0.872101  2.000000  0.999771  0.021363  0.001167  -0.021362  0.999772  -0.000423  -0.001175  0.000398  0.999999  0.999816  0.019155  0.000850  -0.019154  0.999816  -0.001075  -0.000870  0.001058  0.999999  1.000000  0.000239  0.000011  -0.000239  1.000000  -0.000013  -0.000011  0.000013  1.000000  0.999771  0.021363  0.001167  -0.021362  0.999772  -0.000423  -0.001175  0.000398  0.999999  0.000219  0.019204  
105.581062 0.003567  0.091317  -0.002433  0.997812  0.065142  0.011274  -0.065005  0.997811  -0.012160  -0.012042  0.011401  0.999863  0.001151  -0.005364  -0.006988  -0.042297  -0.043854  0.885813  2.000000  0.999745  0.022555  0.001222  -0.022554  0.999746  -0.000490  -0.001233  0.000463  0.999999  0.999820  0.018950  0.000986  -0.018949  0.999820  -0.001075  -0.001006  0.001056  0.999999  1.000000  0.000237  0.000012  -0.000237  1.000000  -0.000013  -0.000012  0.000013  1.000000  0.999745  0.022555  0.001222  -0.022554  0.999746  -0.000490  -0.001233  0.000463  0.999999  0.000220  0.019007  
105.582314 0.003568  0.091311  -0.002445  0.997745  0.066171  0.011254  -0.066032  0.997742  -0.012293  -0.012042  0.011522  0.999861  0.001068  -0.005396  -0.007273  -0.042432  -0.039210  0.892592  2.000000  0.999717  0.023749  0.001276  -0.023748  0.999718  -0.000557  -0.001289  0.000527  0.999999  0.999820  0.018949  0.000850  -0.018948  0.999820  -0.001075  -0.000870  0.001059  0.999999  1.000000  0.000237  0.000011  -0.000237  1.000000  -0.000013  -0.000011  0.000013  1.000000  0.999717  0.023749  0.001276  -0.023748  0.999718  -0.000557  -0.001289  0.000527  0.999999  0.000224  0.018999  
105.583316 0.003568  0.091305  -0.002453  0.997675  0.067199  0.011374  -0.067059  0.997673  -0.012313  -0.012175  0.011522  0.999859  0.000979  -0.005473  -0.007465  -0.042919  -0.043951  0.906879  2.000000  0.999694  0.024699  0.001313  -0.024698  0.999695  -0.000611  -0.001327  0.000579  0.999999  0.999816  0.019153  0.000714  -0.019152  0.999816  -0.001078  -0.000734  0.001064  0.999999  1.000000  0.000239  0.000009  -0.000239  1.000000  -0.000013  -0.000009  0.000013  1.000000  0.999694  0.024699  0.001313  -0.024698  0.999695  -0.000611  -0.001327  0.000579  0.999999  0.000227  0.019198  
105.584569 0.003569  0.091299  -0.002464  0.997605  0.068226  0.011362  -0.068086  0.997603  -0.012325  -0.012175  0.011522  0.999859  0.000899  -0.005439  -0.007647  -0.042980  -0.039455  0.906841  2.000000  0.999664  0.025896  0.001361  -0.025895  0.999664  -0.000680  -0.001378  0.000644  0.999999  0.999816  0.019153  0.000714  -0.019152  0.999816  -0.001080  -0.000734  0.001066  0.999999  1.000000  0.000239  0.000009  -0.000239  1.000000  -0.000013  -0.000009  0.000013  1.000000  0.999664  0.025896  0.001361  -0.025895  0.999664  -0.000680  -0.001378  0.000644  0.999999  0.000227  0.019198  
105.585816 0.003570  0.091293  -0.002475  0.997520  0.069460  0.011338  -0.069318  0.997517  -0.012460  -0.012175  0.011643  0.999858  0.000820  -0.005490  -0.007865  -0.046831  -0.038927  0.913188  2.000000  0.999638  0.026869  0.001396  -0.026868  0.999639  -0.000730  -0.001415  0.000692  0.999999  0.999808  0.019565  0.000709  -0.019564  0.999808  -0.000964  -0.000728  0.000950  0.999999  1.000000  0.000245  0.000009  -0.000245  1.000000  -0.000012  -0.000009  0.000012  1.000000  0.999638  0.026869  0.001396  -0.026868  0.999639  -0.000730  -0.001415  0.000692  0.999999  0.000229  0.019602  
105.587067 0.003570  0.091286  -0.002486  0.997432  0.070693  0.011456  -0.070550  0.997430  -0.012484  -0.012309  0.011643  0.999856  0.000679  -0.005541  -0.008106  -0.047353  -0.043664  0.927591  2.000000  0.999605  0.028078  0.001439  -0.028077  0.999605  -0.000798  -0.001461  0.000758  0.999999  0.999812  0.019359  0.000709  -0.019358  0.999812  -0.001085  -0.000730  0.001071  0.999999  1.000000  0.000242  0.000009  -0.000242  1.000000  -0.000013  -0.000009  0.000013  1.000000  0.999605  0.028078  0.001439  -0.028077  0.999605  -0.000798  -0.001461  0.000758  0.999999  0.000231  0.019403  
105.588315 0.003571  0.091279  -0.002498  0.997359  0.071721  0.011435  -0.071576  0.997355  -0.012616  -0.012309  0.011765  0.999855  0.000626  -0.005548  -0.008373  -0.051492  -0.039112  0.927552  2.000000  0.999570  0.029301  0.001482  -0.029300  0.999570  -0.000867  -0.001507  0.000823  0.999999  0.999808  0.019565  0.000706  -0.019564  0.999808  -0.001088  -0.000728  0.001074  0.999999  1.000000  0.000245  0.000009  -0.000245  1.000000  -0.000014  -0.000009  0.000014  1.000000  0.999570  0.029301  0.001482  -0.029300  0.999570  -0.000867  -0.001507  0.000823  0.999999  0.000233  0.019609  
105.589315 0.003571  0.091274  -0.002507  0.997285  0.072748  0.011422  -0.072603  0.997281  -0.012628  -0.012309  0.011765  0.999855  0.000561  -0.005525  -0.008597  -0.051577  -0.039038  0.934564  2.000000  0.999541  0.030271  0.001516  -0.030270  0.999541  -0.000922  -0.001543  0.000876  0.999998  0.999812  0.019359  0.000707  -0.019358  0.999812  -0.001085  -0.000727  0.001071  0.999999  1.000000  0.000242  0.000009  -0.000242  1.000000  -0.000013  -0.000009  0.000013  1.000000  0.999541  0.030271  0.001516  -0.030270  0.999541  -0.000922  -0.001543  0.000876  0.999998  0.000234  0.019403  
105.590566 0.003571  0.091266  -0.002520  0.997195  0.073981  0.011397  -0.073835  0.997189  -0.012763  -0.012309  0.011886  0.999854  0.000454  -0.005530  -0.008866  -0.055713  -0.034483  0.934452  2.000000  0.999503  0.031475  0.001554  -0.031474  0.999504  -0.000991  -0.001584  0.000941  0.999998  0.999816  0.019152  0.000575  -0.019151  0.999816  -0.001083  -0.000596  0.001071  0.999999  1.000000  0.000239  0.000007  -0.000239  1.000000  -0.000013  -0.000007  0.000013  1.000000  0.999503  0.031475  0.001554  -0.031474  0.999504  -0.000991  -0.001584  0.000941  0.999998  0.000232  0.019192  
105.591812 0.003572  0.091259  -0.002533  0.997116  0.075009  0.011517  -0.074861  0.997112  -0.012785  -0.012443  0.011886  0.999852  0.000446  -0.005558  -0.009097  -0.051357  -0.038527  0.933744  2.000000  0.999465  0.032680  0.001593  -0.032678  0.999465  -0.001061  -0.001627  0.001008  0.999998  0.999816  0.019153  0.000707  -0.019153  0.999816  -0.001085  -0.000727  0.001071  0.999999  1.000000  0.000239  0.000009  -0.000239  1.000000  -0.000013  -0.000009  0.000013  1.000000  0.999465  0.032680  0.001593  -0.032678  0.999465  -0.001061  -0.001627  0.001008  0.999998  0.000234  0.019198  
105.593059 0.003572  0.091252  -0.002546  0.997023  0.076241  0.011501  -0.076093  0.997019  -0.012799  -0.012443  0.011886  0.999852  0.000397  -0.005554  -0.009276  -0.051850  -0.034353  0.941507  2.000000  0.999424  0.033884  0.001634  -0.033882  0.999425  -0.001130  -0.001671  0.001074  0.999998  0.999816  0.019152  0.000573  -0.019151  0.999816  -0.001085  -0.000594  0.001074  0.999999  1.000000  0.000239  0.000007  -0.000239  1.000000  -0.000013  -0.000007  0.000013  1.000000  0.999424  0.033884  0.001634  -0.033882  0.999425  -0.001130  -0.001671  0.001074  0.999998  0.000236  0.019192  
105.594063 0.003572  0.091246  -0.002557  0.996960  0.077063  0.011482  -0.076914  0.996954  -0.012930  -0.012443  0.012007  0.999850  0.000379  -0.005541  -0.009383  -0.055643  -0.029493  0.941117  2.000000  0.999400  0.034607  0.001654  -0.034605  0.999400  -0.001171  -0.001694  0.001113  0.999998  0.999812  0.019358  0.000568  -0.019357  0.999812  -0.001088  -0.000589  0.001076  0.999999  1.000000  0.000242  0.000007  -0.000242  1.000000  -0.000014  -0.000007  0.000014  1.000000  0.999400  0.034607  0.001654  -0.034605  0.999400  -0.001171  -0.001694  0.001113  0.999998  0.000236  0.019397  
105.595312 0.003572  0.091238  -0.002570  0.996880  0.078089  0.011468  -0.077940  0.996874  -0.012941  -0.012443  0.012007  0.999850  0.000319  -0.005567  -0.009607  -0.051487  -0.029498  0.933732  2.000000  0.999357  0.035806  0.001686  -0.035804  0.999358  -0.001240  -0.001730  0.001179  0.999998  0.999817  0.019150  0.000437  -0.019150  0.999816  -0.001085  -0.000457  0.001077  0.999999  1.000000  0.000239  0.000006  -0.000239  1.000000  -0.000014  -0.000006  0.000014  1.000000  0.999357  0.035806  0.001686  -0.035804  0.999358  -0.001240  -0.001730  0.001179  0.999998  0.000236  0.019187  
105.596560 0.003573  0.091232  -0.002584  0.996798  0.079117  0.011588  -0.078966  0.996793  -0.012964  -0.012577  0.012007  0.999849  0.000328  -0.005564  -0.009781  -0.051618  -0.029502  0.933846  2.000000  0.999314  0.036992  0.001719  -0.036990  0.999315  -0.001304  -0.001766  0.001240  0.999998  0.999820  0.018946  0.000573  -0.018945  0.999820  -0.000964  -0.000591  0.000953  0.999999  1.000000  0.000237  0.000007  -0.000237  1.000000  -0.000012  -0.000007  0.000012  1.000000  0.999314  0.036992  0.001719  -0.036990  0.999315  -0.001304  -0.001766  0.001240  0.999998  0.000234  0.018980  
105.597562 0.003573  0.091226  -0.002596  0.996733  0.079938  0.011578  -0.079787  0.996728  -0.012973  -0.012577  0.012007  0.999849  0.000336  -0.005558  -0.009952  -0.051606  -0.029494  0.933616  2.000000  0.999279  0.037934  0.001744  -0.037931  0.999279  -0.001353  -0.001795  0.001286  0.999998  0.999828  0.018533  0.000444  -0.018532  0.999828  -0.000959  -0.000462  0.000950  0.999999  1.000000  0.000232  0.000006  -0.000232  1.000000  -0.000012  -0.000006  0.000012  1.000000  0.999279  0.037934  0.001744  -0.037931  0.999279  -0.001353  -0.001795  0.001286  0.999998  0.000234  0.018564  
105.598562 0.003573  0.091221  -0.002608  0.996667  0.080759  0.011567  -0.080608  0.996661  -0.012983  -0.012577  0.012007  0.999849  0.000307  -0.005558  -0.010156  -0.047804  -0.029848  0.927765  2.000000  0.999243  0.038857  0.001765  -0.038855  0.999244  -0.001400  -0.001818  0.001330  0.999997  0.999832  0.018327  0.000447  -0.018327  0.999832  -0.000835  -0.000462  0.000827  1.000000  1.000000  0.000229  0.000006  -0.000229  1.000000  -0.000010  -0.000006  0.000010  1.000000  0.999243  0.038857  0.001765  -0.038855  0.999244  -0.001400  -0.001818  0.001330  0.999997  0.000232  0.018352  
105.599570 0.003574  0.091215  -0.002620  0.996600  0.081579  0.011556  -0.081428  0.996595  -0.012992  -0.012577  0.012007  0.999849  0.000277  -0.005624  -0.010450  -0.047760  -0.025418  0.920362  2.000000  0.999207  0.039770  0.001786  -0.039768  0.999208  -0.001442  -0.001842  0.001370  0.999997  0.999836  0.018121  0.000449  -0.018121  0.999835  -0.000832  -0.000464  0.000824  1.000000  1.000000  0.000227  0.000006  -0.000227  1.000000  -0.000010  -0.000006  0.000010  1.000000  0.999207  0.039770  0.001786  -0.039768  0.999208  -0.001442  -0.001842  0.001370  0.999997  0.000232  0.018147  
105.600585 0.003574  0.091209  -0.002632  0.996548  0.082196  0.011681  -0.082044  0.996544  -0.013010  -0.012711  0.012007  0.999847  0.000264  -0.005630  -0.010628  -0.043654  -0.029932  0.913329  2.000000  0.999171  0.040668  0.001811  -0.040665  0.999172  -0.001485  -0.001870  0.001410  0.999997  0.999839  0.017917  0.000586  -0.017916  0.999839  -0.000832  -0.000600  0.000822  0.999999  1.000000  0.000224  0.000007  -0.000224  1.000000  -0.000010  -0.000007  0.000010  1.000000  0.999171  0.040668  0.001811  -0.040665  0.999172  -0.001485  -0.001870  0.001410  0.999997  0.000229  0.017946  
105.601812 0.003574  0.091202  -0.002648  0.996463  0.083222  0.011668  -0.083069  0.996459  -0.013022  -0.012711  0.012007  0.999847  0.000244  -0.005676  -0.010972  -0.043318  -0.029701  0.906290  2.000000  0.999143  0.041347  0.001829  -0.041344  0.999144  -0.001517  -0.001890  0.001440  0.999997  0.999832  0.018327  0.000447  -0.018326  0.999832  -0.000837  -0.000462  0.000829  1.000000  1.000000  0.000229  0.000006  -0.000229  1.000000  -0.000010  -0.000006  0.000010  1.000000  0.999143  0.041347  0.001829  -0.041344  0.999144  -0.001517  -0.001890  0.001440  0.999997  0.000227  0.018352  
105.602813 0.003574  0.091197  -0.002660  0.996411  0.083838  0.011660  -0.083685  0.996407  -0.013030  -0.012711  0.012007  0.999847  0.000233  -0.005702  -0.011176  -0.039410  -0.025637  0.893041  2.000000  0.999105  0.042252  0.001850  -0.042250  0.999106  -0.001557  -0.001914  0.001478  0.999997  0.999836  0.018121  0.000449  -0.018121  0.999836  -0.000713  -0.000462  0.000705  1.000000  1.000000  0.000227  0.000006  -0.000227  1.000000  -0.000009  -0.000006  0.000009  1.000000  0.999105  0.042252  0.001850  -0.042250  0.999106  -0.001557  -0.001914  0.001478  0.999997  0.000225  0.018141  
105.604065 0.003574  0.091190  -0.002676  0.996323  0.084865  0.011780  -0.084710  0.996320  -0.013053  -0.012844  0.012007  0.999845  0.000233  -0.005708  -0.011471  -0.039383  -0.030212  0.886108  2.000000  0.999057  0.043369  0.001881  -0.043366  0.999058  -0.001603  -0.001949  0.001520  0.999997  0.999843  0.017711  0.000588  -0.017711  0.999843  -0.000711  -0.000601  0.000700  1.000000  1.000000  0.000221  0.000007  -0.000221  1.000000  -0.000009  -0.000007  0.000009  1.000000  0.999057  0.043369  0.001881  -0.043366  0.999058  -0.001603  -0.001949  0.001520  0.999997  0.000222  0.017736  
105.605315 0.003575  0.091182  -0.002693  0.996253  0.085685  0.011769  -0.085531  0.996250  -0.013063  -0.012844  0.012007  0.999845  0.000248  -0.005684  -0.011691  -0.035190  -0.025820  0.872107  2.000000  0.999009  0.044464  0.001908  -0.044461  0.999010  -0.001648  -0.001980  0.001562  0.999997  0.999847  0.017504  0.000457  -0.017503  0.999847  -0.000708  -0.000469  0.000700  1.000000  1.000000  0.000219  0.000006  -0.000219  1.000000  -0.000009  -0.000006  0.000009  1.000000  0.999009  0.044464  0.001908  -0.044461  0.999010  -0.001648  -0.001980  0.001562  0.999997  0.000218  0.017525  
