1-Time 2-Px 3-Py 4-Pz 5-R11 6-R21 7-R31 8-R12 9-R22 10-R32 11-R13 12-R23 13-R33 14-Vx 15-Vy 16-Vz 17-Wx 18-Wy 19-Wz 20-state 21-PR11 22-PR21 23-PR31 24-PR12 25-PR22 26-PR32 27-PR13 28-PR23 29-PR33 
182.571075 0.009006  0.088826  -0.014192  0.999101  0.038261  -0.018265  -0.038482  0.999188  -0.011920  0.017794  0.012613  0.999762  -0.000415  0.000341  0.001533  0.000000  0.000000  0.000000  2.000000  1.000000  0.000000  0.000000  -0.000000  1.000000  0.000000  0.000000  -0.000000  1.000000  1.000000  0.000008  0.000669  -0.000008  1.000000  -0.000000  -0.000669  -0.000000  1.000000  1.000000  0.000000  0.000000  0.000000  1.000000  0.000000  0.000000  0.000000  1.000000  0.708587  0.521596  -0.475228  -0.532148  0.837294  0.125531  0.463382  0.163943  0.870862  0.000000  0.000000  
182.572080 0.009005  0.088826  -0.014191  0.999101  0.038261  -0.018265  -0.038482  0.999188  -0.011920  0.017794  0.012613  0.999762  -0.000404  0.000339  0.001500  0.000000  0.000000  0.000000  2.000000  1.000000  0.000000  0.000000  0.000000  1.000000  0.000000  0.000000  0.000000  1.000000  1.000000  0.000008  0.000669  -0.000008  1.000000  -0.000000  -0.000669  -0.000000  1.000000  1.000000  0.000000  0.000000  0.000000  1.000000  0.000000  0.000000  0.000000  1.000000  1.000000  0.000000  0.000000  0.000000  1.000000  0.000000  0.000000  0.000000  1.000000  0.000000  0.000000  
182.573332 0.009006  0.088824  -0.014196  0.999095  0.038468  -0.018134  -0.038688  0.999180  -0.011922  0.017661  0.012613  0.999764  -0.000338  0.000133  0.001036  0.000000  0.000000  0.000000  2.000000  1.000000  0.000000  0.000000  0.000000  1.000000  0.000000  0.000000  0.000000  1.000000  1.000000  0.000216  0.000800  -0.000216  1.000000  0.000004  -0.000800  -0.000004  1.000000  1.000000  0.000000  0.000000  0.000000  1.000000  0.000000  0.000000  0.000000  1.000000  1.000000  0.000000  0.000000  0.000000  1.000000  0.000000  0.000000  0.000000  1.000000  0.000000  0.000000  
182.574333 0.009006  0.088820  -0.014202  0.999087  0.038674  -0.018136  -0.038894  0.999172  -0.011918  0.017661  0.012613  0.999764  -0.000274  -0.000157  0.000537  0.000000  0.000000  0.000000  2.000000  1.000000  0.000000  0.000000  0.000000  1.000000  0.000000  0.000000  0.000000  1.000000  1.000000  0.000420  0.000664  -0.000420  1.000000  0.000007  -0.000664  -0.000008  1.000000  1.000000  0.000000  0.000000  0.000000  1.000000  0.000000  0.000000  0.000000  1.000000  1.000000  0.000000  0.000000  0.000000  1.000000  0.000000  0.000000  0.000000  1.000000  0.000000  0.000000  
182.575587 0.009007  0.088816  -0.014210  0.999079  0.038880  -0.018139  -0.039099  0.999164  -0.011914  0.017661  0.012613  0.999764  -0.000171  -0.000435  -0.000125  0.000000  0.000000  0.000000  2.000000  1.000000  0.000000  0.000000  0.000000  1.000000  0.000000  0.000000  0.000000  1.000000  1.000000  0.000626  0.000661  -0.000626  1.000000  0.000011  -0.000661  -0.000011  1.000000  1.000000  0.000000  0.000000  0.000000  1.000000  0.000000  0.000000  0.000000  1.000000  1.000000  0.000000  0.000000  0.000000  1.000000  0.000000  0.000000  0.000000  1.000000  0.000000  0.000000  
182.576829 0.009009  0.088812  -0.014216  0.999071  0.039088  -0.018137  -0.039305  0.999158  -0.011789  0.017661  0.012491  0.999766  0.000015  -0.000714  -0.000726  0.000000  0.000000  0.000000  2.000000  1.000000  0.000000  0.000000  0.000000  1.000000  0.000000  0.000000  0.000000  1.000000  0.999999  0.000832  0.000659  -0.000832  1.000000  0.000136  -0.000659  -0.000136  1.000000  1.000000  0.000000  0.000000  0.000000  1.000000  0.000000  0.000000  0.000000  1.000000  1.000000  0.000000  0.000000  0.000000  1.000000  0.000000  0.000000  0.000000  1.000000  0.000000  0.000000  
182.577832 0.009012  0.088809  -0.014221  0.999071  0.039088  -0.018137  -0.039305  0.999158  -0.011789  0.017661  0.012491  0.999766  0.000218  -0.000924  -0.001130  0.000000  0.000000  0.000000  2.000000  1.000000  0.000000  0.000000  0.000000  1.000000  0.000000  0.000000  0.000000  1.000000  0.999999  0.000832  0.000659  -0.000832  1.000000  0.000136  -0.000659  -0.000136  1.000000  1.000000  0.000000  0.000000  0.000000  1.000000  0.000000  0.000000  0.000000  1.000000  1.000000  0.000000  0.000000  0.000000  1.000000  0.000000  0.000000  0.000000  1.000000  0.000000  0.000000  
182.579080 0.009017  0.088807  -0.014227  0.999055  0.039499  -0.018141  -0.039716  0.999142  -0.011782  0.017661  0.012491  0.999766  0.000577  -0.001157  -0.001705  0.000000  0.000000  0.000000  2.000000  1.000000  0.000000  0.000000  0.000000  1.000000  0.000000  0.000000  0.000000  1.000000  0.999999  0.001242  0.000520  -0.001242  0.999999  0.000143  -0.000520  -0.000144  1.000000  1.000000  0.000000  0.000000  0.000000  1.000000  0.000000  0.000000  0.000000  1.000000  1.000000  0.000000  0.000000  0.000000  1.000000  0.000000  0.000000  0.000000  1.000000  0.000000  0.000000  
182.580331 0.009021  0.088803  -0.014235  0.999036  0.039907  -0.018285  -0.040128  0.999124  -0.011890  0.017794  0.012613  0.999762  0.000928  -0.001426  -0.002379  0.000000  0.000000  0.000000  2.000000  1.000000  0.000000  0.000000  0.000000  1.000000  0.000000  0.000000  0.000000  1.000000  0.999999  0.001446  0.000383  -0.001446  0.999999  0.000026  -0.000383  -0.000026  1.000000  1.000000  0.000000  0.000000  0.000000  1.000000  0.000000  0.000000  0.000000  1.000000  1.000000  0.000000  0.000000  0.000000  1.000000  0.000000  0.000000  0.000000  1.000000  0.000000  0.000000  
182.581580 0.009026  0.088799  -0.014244  0.999019  0.040316  -0.018295  -0.040539  0.999106  -0.012004  0.017794  0.012734  0.999761  0.001227  -0.001752  -0.003133  0.000000  0.000000  0.000000  2.000000  1.000000  0.000000  0.000000  0.000000  1.000000  0.000000  0.000000  0.000000  1.000000  0.999998  0.001857  0.000378  -0.001857  0.999998  -0.000088  -0.000378  0.000088  1.000000  1.000000  0.000000  0.000000  0.000000  1.000000  0.000000  0.000000  0.000000  1.000000  1.000000  0.000000  0.000000  0.000000  1.000000  0.000000  0.000000  0.000000  1.000000  0.000000  0.000000  
182.582580 0.009029  0.088795  -0.014253  0.999011  0.040521  -0.018297  -0.040745  0.999098  -0.012000  0.017794  0.012734  0.999761  0.001491  -0.002043  -0.003819  0.000000  0.000000  0.000000  2.000000  1.000000  0.000000  0.000000  0.000000  1.000000  0.000000  0.000000  0.000000  1.000000  0.999997  0.002267  0.000239  -0.002267  0.999997  -0.000081  -0.000239  0.000080  1.000000  1.000000  0.000000  0.000000  0.000000  1.000000  0.000000  0.000000  0.000000  1.000000  1.000000  0.000000  0.000000  0.000000  1.000000  0.000000  0.000000  0.000000  1.000000  0.000000  0.000000  
182.583830 0.009033  0.088791  -0.014266  0.998994  0.040931  -0.018307  -0.041156  0.999079  -0.012114  0.017794  0.012855  0.999759  0.001799  -0.002361  -0.004808  0.000000  0.000000  0.000000  2.000000  1.000000  0.000000  0.000000  0.000000  1.000000  0.000000  0.000000  0.000000  1.000000  0.999996  0.002679  0.000233  -0.002679  0.999996  -0.000195  -0.000234  0.000194  1.000000  1.000000  0.000000  0.000000  0.000000  1.000000  0.000000  0.000000  0.000000  1.000000  1.000000  0.000000  0.000000  0.000000  1.000000  0.000000  0.000000  0.000000  1.000000  0.000000  0.000000  
182.584832 0.009038  0.088787  -0.014275  0.998975  0.041338  -0.018451  -0.041567  0.999061  -0.012222  0.017928  0.012976  0.999755  0.002154  -0.002607  -0.005532  0.000000  0.000000  0.000000  2.000000  1.000000  0.000000  0.000000  0.000000  1.000000  0.000000  0.000000  0.000000  1.000000  0.999995  0.003089  0.000094  -0.003089  0.999995  -0.000308  -0.000095  0.000308  1.000000  1.000000  0.000000  0.000000  0.000000  1.000000  0.000000  0.000000  0.000000  1.000000  1.000000  0.000000  0.000000  0.000000  1.000000  0.000000  0.000000  0.000000  1.000000  0.000000  0.000000  
182.586085 0.009043  0.088782  -0.014289  0.998958  0.041747  -0.018461  -0.041979  0.999042  -0.012336  0.017928  0.013098  0.999753  0.002560  -0.002992  -0.006588  0.000000  0.000000  0.000000  2.000000  1.000000  0.000000  0.000000  0.000000  1.000000  0.000000  0.000000  0.000000  1.000000  0.999994  0.003499  -0.000046  -0.003499  0.999994  -0.000422  0.000044  0.000423  1.000000  1.000000  0.000000  0.000000  0.000000  1.000000  0.000000  0.000000  0.000000  1.000000  1.000000  0.000000  0.000000  0.000000  1.000000  0.000000  0.000000  0.000000  1.000000  0.000000  0.000000  
182.587334 0.009048  0.088777  -0.014303  0.998929  0.042358  -0.018612  -0.042595  0.999013  -0.012561  0.018062  0.013340  0.999748  0.002908  -0.003309  -0.007545  0.000000  0.000000  0.000000  2.000000  1.000000  0.000000  0.000000  0.000000  1.000000  0.000000  0.000000  0.000000  1.000000  0.999992  0.004115  -0.000188  -0.004115  0.999991  -0.000532  0.000186  0.000533  1.000000  1.000000  0.000000  0.000000  0.000000  1.000000  0.000000  0.000000  0.000000  1.000000  1.000000  0.000000  0.000000  0.000000  1.000000  0.000000  0.000000  0.000000  1.000000  0.000000  0.000000  
182.588585 0.009054  0.088771  -0.014318  0.998900  0.042971  -0.018759  -0.043212  0.998986  -0.012665  0.018196  0.013461  0.999744  0.003270  -0.003460  -0.008084  0.000000  0.000000  0.000000  2.000000  1.000000  0.000000  0.000000  0.000000  1.000000  0.000000  0.000000  0.000000  1.000000  0.999990  0.004524  -0.000328  -0.004525  0.999989  -0.000767  0.000325  0.000768  1.000000  1.000000  0.000000  0.000000  0.000000  1.000000  0.000000  0.000000  0.000000  1.000000  1.000000  0.000000  0.000000  0.000000  1.000000  0.000000  0.000000  0.000000  1.000000  0.000000  0.000000  
182.589586 0.009059  0.088766  -0.014330  0.998882  0.043380  -0.018769  -0.043624  0.998966  -0.012778  0.018196  0.013583  0.999742  0.003536  -0.003514  -0.008411  -0.029455  0.002265  0.172873  2.000000  1.000000  0.000000  0.000000  0.000000  1.000000  0.000000  0.000000  0.000000  1.000000  0.999988  0.004934  -0.000468  -0.004935  0.999987  -0.000880  0.000464  0.000883  1.000000  1.000000  0.000000  0.000000  0.000000  1.000000  0.000000  0.000000  0.000000  1.000000  1.000000  0.000000  0.000000  0.000000  1.000000  0.000000  0.000000  0.000000  1.000000  0.000000  0.000000  
182.590834 0.009065  0.088761  -0.014343  0.998864  0.043789  -0.018780  -0.044035  0.998947  -0.012892  0.018196  0.013704  0.999741  0.003919  -0.003650  -0.008887  -0.033282  0.002458  0.186719  2.000000  1.000000  0.000189  0.000268  -0.000189  1.000000  -0.000058  -0.000268  0.000058  1.000000  0.999986  0.005346  -0.000474  -0.005346  0.999985  -0.000994  0.000469  0.000997  0.999999  1.000000  0.000039  0.000055  -0.000039  1.000000  -0.000012  -0.000055  0.000012  1.000000  1.000000  0.000189  0.000268  -0.000189  1.000000  -0.000058  -0.000268  0.000058  1.000000  0.000046  0.005458  
182.592085 0.009072  0.088754  -0.014357  0.998837  0.044404  -0.018793  -0.044652  0.998918  -0.013001  0.018196  0.013825  0.999739  0.004144  -0.003866  -0.009366  -0.036992  0.007238  0.207396  2.000000  1.000000  0.000393  0.000562  -0.000393  1.000000  -0.000121  -0.000563  0.000121  1.000000  0.999982  0.005963  -0.000484  -0.005964  0.999982  -0.001104  0.000477  0.001107  0.999999  1.000000  0.000042  0.000062  -0.000042  1.000000  -0.000014  -0.000062  0.000014  1.000000  1.000000  0.000393  0.000562  -0.000393  1.000000  -0.000121  -0.000563  0.000121  1.000000  0.000051  0.006084  
182.593339 0.009080  0.088747  -0.014372  0.998809  0.045018  -0.018807  -0.045269  0.998889  -0.013111  0.018196  0.013946  0.999737  0.004427  -0.004127  -0.009994  -0.040686  0.007525  0.228113  2.000000  0.999999  0.000618  0.000881  -0.000618  1.000000  -0.000192  -0.000881  0.000191  1.000000  0.999979  0.006373  -0.000624  -0.006374  0.999979  -0.001218  0.000616  0.001222  0.999999  1.000000  0.000047  0.000065  -0.000047  1.000000  -0.000015  -0.000065  0.000015  1.000000  0.999999  0.000618  0.000881  -0.000618  1.000000  -0.000192  -0.000881  0.000191  1.000000  0.000056  0.006519  
182.594578 0.009087  0.088739  -0.014390  0.998790  0.045427  -0.018818  -0.045680  0.998869  -0.013224  0.018196  0.014068  0.999735  0.004600  -0.004440  -0.010661  -0.044525  0.007726  0.242025  2.000000  0.999999  0.000812  0.001155  -0.000812  1.000000  -0.000254  -0.001155  0.000253  0.999999  0.999977  0.006784  -0.000630  -0.006785  0.999976  -0.001332  0.000621  0.001336  0.999999  1.000000  0.000049  0.000070  -0.000049  1.000000  -0.000017  -0.000070  0.000017  1.000000  0.999999  0.000812  0.001155  -0.000812  1.000000  -0.000254  -0.001155  0.000253  0.999999  0.000062  0.006943  
182.595583 0.009094  0.088732  -0.014406  0.998772  0.045838  -0.018823  -0.046091  0.998850  -0.013216  0.018196  0.014068  0.999735  0.004784  -0.004696  -0.011315  -0.044284  0.012405  0.255756  2.000000  0.999999  0.000962  0.001368  -0.000962  0.999999  -0.000304  -0.001368  0.000303  0.999999  0.999975  0.006990  -0.000633  -0.006991  0.999975  -0.001328  0.000624  0.001332  0.999999  1.000000  0.000050  0.000072  -0.000050  1.000000  -0.000017  -0.000072  0.000017  1.000000  0.999999  0.000962  0.001368  -0.000962  0.999999  -0.000304  -0.001368  0.000303  0.999999  0.000065  0.007144  
182.596828 0.009101  0.088723  -0.014426  0.998743  0.046453  -0.018837  -0.046708  0.998820  -0.013326  0.018196  0.014189  0.999734  0.004972  -0.005039  -0.012010  -0.047993  0.012700  0.276549  2.000000  0.999998  0.001223  0.001740  -0.001222  0.999999  -0.000395  -0.001740  0.000393  0.999998  0.999972  0.007402  -0.000640  -0.007403  0.999971  -0.001563  0.000628  0.001568  0.999999  1.000000  0.000053  0.000076  -0.000053  1.000000  -0.000020  -0.000076  0.000020  1.000000  0.999998  0.001223  0.001740  -0.001222  0.999999  -0.000395  -0.001740  0.000393  0.999998  0.000069  0.007593  
182.597831 0.009107  0.088715  -0.014442  0.998726  0.046864  -0.018714  -0.047119  0.998799  -0.013446  0.018062  0.014310  0.999734  0.005175  -0.005310  -0.012504  -0.051837  0.008407  0.290433  2.000000  0.999997  0.001441  0.002053  -0.001440  0.999999  -0.000475  -0.002054  0.000472  0.999998  0.999971  0.007608  -0.000644  -0.007609  0.999970  -0.001680  0.000631  0.001685  0.999998  1.000000  0.000054  0.000078  -0.000054  1.000000  -0.000021  -0.000078  0.000021  1.000000  0.999997  0.001441  0.002053  -0.001440  0.999999  -0.000475  -0.002054  0.000472  0.999998  0.000072  0.007818  
182.599080 0.009115  0.088706  -0.014463  0.998697  0.047481  -0.018723  -0.047736  0.998770  -0.013434  0.018062  0.014310  0.999734  0.005401  -0.005615  -0.013032  -0.051489  0.013184  0.311150  2.000000  0.999995  0.001719  0.002471  -0.001718  0.999998  -0.000581  -0.002472  0.000576  0.999997  0.999968  0.008021  -0.000516  -0.008022  0.999966  -0.001674  0.000502  0.001678  0.999998  1.000000  0.000056  0.000084  -0.000056  1.000000  -0.000021  -0.000084  0.000021  1.000000  0.999995  0.001719  0.002471  -0.001718  0.999998  -0.000581  -0.002472  0.000576  0.999997  0.000077  0.008211  
182.600081 0.009121  0.088699  -0.014478  0.998677  0.047890  -0.018734  -0.048147  0.998748  -0.013547  0.018062  0.014431  0.999733  0.005503  -0.005844  -0.013412  -0.055316  0.013389  0.324977  2.000000  0.999994  0.001946  0.002815  -0.001944  0.999998  -0.000666  -0.002816  0.000661  0.999996  0.999964  0.008435  -0.000389  -0.008435  0.999963  -0.001666  0.000375  0.001670  0.999999  1.000000  0.000057  0.000089  -0.000057  1.000000  -0.000021  -0.000089  0.000021  1.000000  0.999994  0.001946  0.002815  -0.001944  0.999998  -0.000666  -0.002816  0.000661  0.999996  0.000082  0.008607  
182.601330 0.009129  0.088690  -0.014497  0.998647  0.048504  -0.018748  -0.048764  0.998717  -0.013657  0.018062  0.014553  0.999731  0.005727  -0.006138  -0.013765  -0.058551  0.013582  0.342975  2.000000  0.999992  0.002229  0.003257  -0.002226  0.999997  -0.000773  -0.003259  0.000766  0.999994  0.999964  0.008434  -0.000390  -0.008435  0.999963  -0.001788  0.000375  0.001791  0.999998  1.000000  0.000057  0.000089  -0.000057  1.000000  -0.000022  -0.000089  0.000022  1.000000  0.999992  0.002229  0.003257  -0.002226  0.999997  -0.000773  -0.003259  0.000766  0.999994  0.000086  0.008631  
182.602330 0.009136  0.088683  -0.014511  0.998629  0.048915  -0.018626  -0.049175  0.998695  -0.013777  0.017928  0.014674  0.999732  0.005856  -0.006237  -0.013861  -0.062510  0.013695  0.349792  2.000000  0.999990  0.002456  0.003619  -0.002453  0.999997  -0.000860  -0.003621  0.000851  0.999993  0.999964  0.008436  -0.000256  -0.008437  0.999963  -0.001668  0.000242  0.001670  0.999999  1.000000  0.000055  0.000090  -0.000055  1.000000  -0.000021  -0.000090  0.000021  1.000000  0.999990  0.002456  0.003619  -0.002453  0.999997  -0.000860  -0.003621  0.000851  0.999993  0.000089  0.008604  
182.603336 0.009143  0.088677  -0.014525  0.998609  0.049326  -0.018632  -0.049587  0.998675  -0.013769  0.017928  0.014674  0.999732  0.005992  -0.006364  -0.014013  -0.062901  0.013902  0.359585  2.000000  0.999989  0.002627  0.003895  -0.002623  0.999996  -0.000928  -0.003897  0.000918  0.999992  0.999963  0.008642  -0.000260  -0.008643  0.999961  -0.001785  0.000245  0.001787  0.999998  1.000000  0.000057  0.000092  -0.000057  1.000000  -0.000022  -0.000092  0.000022  1.000000  0.999989  0.002627  0.003895  -0.002623  0.999996  -0.000928  -0.003897  0.000918  0.999992  0.000091  0.008829  
182.604584 0.009151  0.088669  -0.014541  0.998580  0.049943  -0.018513  -0.050203  0.998642  -0.013886  0.017794  0.014795  0.999732  0.006118  -0.006487  -0.014067  -0.066212  0.009538  0.370432  2.000000  0.999986  0.002912  0.004363  -0.002908  0.999995  -0.001042  -0.004366  0.001030  0.999990  0.999961  0.008850  -0.000130  -0.008850  0.999959  -0.001783  0.000114  0.001784  0.999998  1.000000  0.000057  0.000095  -0.000057  1.000000  -0.000022  -0.000095  0.000022  1.000000  0.999986  0.002912  0.004363  -0.002908  0.999995  -0.001042  -0.004366  0.001030  0.999990  0.000093  0.009029  
182.605833 0.009158  0.088660  -0.014556  0.998560  0.050352  -0.018525  -0.050615  0.998620  -0.013999  0.017794  0.014917  0.999730  0.006211  -0.006721  -0.014213  -0.074052  0.009726  0.384139  2.000000  0.999983  0.003197  0.004846  -0.003191  0.999994  -0.001157  -0.004850  0.001141  0.999988  0.999959  0.009058  -0.000001  -0.009058  0.999957  -0.001779  -0.000016  0.001779  0.999998  1.000000  0.000057  0.000098  -0.000057  1.000000  -0.000022  -0.000098  0.000022  1.000000  0.999983  0.003197  0.004846  -0.003191  0.999994  -0.001157  -0.004850  0.001141  0.999988  0.000098  0.009231  
182.606834 0.009165  0.088653  -0.014571  0.998541  0.050763  -0.018403  -0.051026  0.998598  -0.014119  0.017661  0.015038  0.999731  0.006285  -0.006839  -0.014526  -0.078654  0.005429  0.394341  2.000000  0.999980  0.003419  0.005237  -0.003413  0.999993  -0.001248  -0.005242  0.001230  0.999986  0.999959  0.009060  0.000132  -0.009060  0.999957  -0.001780  -0.000148  0.001779  0.999998  1.000000  0.000055  0.000099  -0.000055  1.000000  -0.000022  -0.000099  0.000022  1.000000  0.999980  0.003419  0.005237  -0.003413  0.999993  -0.001248  -0.005242  0.001230  0.999986  0.000101  0.009234  
182.608083 0.009172  0.088644  -0.014590  0.998509  0.051375  -0.018424  -0.051643  0.998563  -0.014350  0.017661  0.015280  0.999727  0.006227  -0.006997  -0.014803  -0.086568  0.005670  0.408196  2.000000  0.999977  0.003687  0.005728  -0.003680  0.999992  -0.001360  -0.005733  0.001339  0.999983  0.999961  0.008856  0.000268  -0.008856  0.999959  -0.001663  -0.000283  0.001660  0.999999  1.000000  0.000052  0.000098  -0.000052  1.000000  -0.000021  -0.000098  0.000021  1.000000  0.999977  0.003687  0.005728  -0.003680  0.999992  -0.001360  -0.005733  0.001339  0.999983  0.000103  0.009015  
182.609341 0.009179  0.088634  -0.014611  0.998488  0.051784  -0.018436  -0.052054  0.998540  -0.014464  0.017661  0.015402  0.999725  0.006210  -0.007084  -0.014971  -0.086508  0.001222  0.408107  2.000000  0.999973  0.003946  0.006215  -0.003937  0.999991  -0.001473  -0.006220  0.001449  0.999980  0.999962  0.008652  0.000403  -0.008652  0.999961  -0.001787  -0.000418  0.001784  0.999998  1.000000  0.000050  0.000096  -0.000050  1.000000  -0.000022  -0.000096  0.000022  1.000000  0.999973  0.003946  0.006215  -0.003937  0.999991  -0.001473  -0.006220  0.001449  0.999980  0.000104  0.008844  
182.610581 0.009187  0.088625  -0.014630  0.998467  0.052193  -0.018449  -0.052465  0.998516  -0.014577  0.017661  0.015523  0.999724  0.006203  -0.007137  -0.014993  -0.090494  0.001344  0.415170  2.000000  0.999970  0.004150  0.006608  -0.004140  0.999990  -0.001565  -0.006614  0.001538  0.999977  0.999961  0.008858  0.000398  -0.008857  0.999959  -0.001784  -0.000414  0.001780  0.999998  1.000000  0.000051  0.000098  -0.000051  1.000000  -0.000022  -0.000098  0.000022  1.000000  0.999970  0.004150  0.006608  -0.004140  0.999990  -0.001565  -0.006614  0.001538  0.999977  0.000106  0.009044  
182.611830 0.009195  0.088617  -0.014650  0.998447  0.052604  -0.018328  -0.052876  0.998493  -0.014698  0.017527  0.015644  0.999724  0.006268  -0.007038  -0.014916  -0.090640  -0.003201  0.408301  2.000000  0.999966  0.004354  0.007011  -0.004343  0.999989  -0.001658  -0.007018  0.001627  0.999974  0.999959  0.009066  0.000528  -0.009065  0.999957  -0.001781  -0.000544  0.001776  0.999998  1.000000  0.000051  0.000101  -0.000051  1.000000  -0.000022  -0.000101  0.000022  1.000000  0.999966  0.004354  0.007011  -0.004343  0.999989  -0.001658  -0.007018  0.001627  0.999974  0.000105  0.009254  
182.612831 0.009201  0.088610  -0.014664  0.998425  0.053013  -0.018340  -0.053287  0.998469  -0.014812  0.017527  0.015766  0.999722  0.006292  -0.007021  -0.014801  -0.090515  -0.003052  0.415204  2.000000  0.999962  0.004556  0.007412  -0.004543  0.999988  -0.001753  -0.007420  0.001719  0.999971  0.999959  0.009066  0.000527  -0.009065  0.999957  -0.001903  -0.000544  0.001898  0.999998  1.000000  0.000051  0.000101  -0.000051  1.000000  -0.000024  -0.000101  0.000024  1.000000  0.999962  0.004556  0.007412  -0.004543  0.999988  -0.001753  -0.007420  0.001719  0.999971  0.000106  0.009278  
182.613832 0.009207  0.088603  -0.014678  0.998406  0.053424  -0.018219  -0.053698  0.998446  -0.014932  0.017393  0.015887  0.999723  0.006267  -0.006989  -0.014635  -0.094613  -0.007523  0.415240  2.000000  0.999958  0.004753  0.007809  -0.004739  0.999987  -0.001844  -0.007818  0.001807  0.999968  0.999961  0.008862  0.000664  -0.008861  0.999959  -0.001786  -0.000680  0.001780  0.999998  1.000000  0.000048  0.000100  -0.000048  1.000000  -0.000022  -0.000100  0.000022  1.000000  0.999958  0.004753  0.007809  -0.004739  0.999987  -0.001844  -0.007818  0.001807  0.999968  0.000108  0.009065  
182.615080 0.009215  0.088593  -0.014698  0.998372  0.054040  -0.018228  -0.054315  0.998412  -0.014921  0.017393  0.015887  0.999723  0.006208  -0.007058  -0.014629  -0.090397  -0.011896  0.422275  2.000000  0.999953  0.004991  0.008303  -0.004975  0.999986  -0.001960  -0.008312  0.001918  0.999964  0.999962  0.008657  0.000666  -0.008656  0.999961  -0.001790  -0.000681  0.001784  0.999998  1.000000  0.000047  0.000098  -0.000047  1.000000  -0.000022  -0.000098  0.000022  1.000000  0.999953  0.004991  0.008303  -0.004975  0.999986  -0.001960  -0.008312  0.001918  0.999964  0.000107  0.008864  
182.616330 0.009221  0.088582  -0.014720  0.998352  0.054451  -0.018107  -0.054726  0.998388  -0.015042  0.017259  0.016008  0.999723  0.006118  -0.007154  -0.014878  -0.086386  -0.016323  0.422527  2.000000  0.999948  0.005220  0.008792  -0.005202  0.999984  -0.002071  -0.008803  0.002025  0.999959  0.999962  0.008659  0.000799  -0.008658  0.999961  -0.001791  -0.000814  0.001784  0.999998  1.000000  0.000045  0.000099  -0.000045  1.000000  -0.000022  -0.000099  0.000022  1.000000  0.999948  0.005220  0.008792  -0.005202  0.999984  -0.002071  -0.008803  0.002025  0.999959  0.000109  0.008878  
182.617330 0.009226  0.088573  -0.014739  0.998330  0.054862  -0.018114  -0.055137  0.998366  -0.015035  0.017259  0.016008  0.999723  0.006026  -0.007332  -0.015165  -0.081574  -0.020618  0.418971  2.000000  0.999943  0.005397  0.009178  -0.005378  0.999983  -0.002156  -0.009189  0.002107  0.999956  0.999964  0.008453  0.000802  -0.008452  0.999963  -0.001673  -0.000816  0.001666  0.999998  1.000000  0.000044  0.000097  -0.000044  1.000000  -0.000021  -0.000097  0.000021  1.000000  0.999943  0.005397  0.009178  -0.005378  0.999983  -0.002156  -0.009189  0.002107  0.999956  0.000106  0.008654  
182.618330 0.009231  0.088564  -0.014759  0.998309  0.055274  -0.017993  -0.055548  0.998341  -0.015156  0.017125  0.016129  0.999723  0.005888  -0.007548  -0.015587  -0.082377  -0.029836  0.415685  2.000000  0.999940  0.005528  0.009471  -0.005508  0.999982  -0.002223  -0.009483  0.002171  0.999953  0.999964  0.008455  0.000935  -0.008454  0.999963  -0.001796  -0.000950  0.001788  0.999998  1.000000  0.000043  0.000097  -0.000043  1.000000  -0.000022  -0.000097  0.000022  1.000000  0.999940  0.005528  0.009471  -0.005508  0.999982  -0.002223  -0.009483  0.002171  0.999953  0.000105  0.008694  
182.619334 0.009235  0.088554  -0.014779  0.998286  0.055685  -0.017999  -0.055959  0.998318  -0.015148  0.017125  0.016129  0.999723  0.005771  -0.007742  -0.016122  -0.078292  -0.029809  0.415651  2.000000  0.999935  0.005706  0.009860  -0.005683  0.999981  -0.002309  -0.009873  0.002253  0.999949  0.999964  0.008453  0.000801  -0.008452  0.999963  -0.001674  -0.000815  0.001668  0.999998  1.000000  0.000044  0.000097  -0.000044  1.000000  -0.000021  -0.000097  0.000021  1.000000  0.999935  0.005706  0.009860  -0.005683  0.999981  -0.002309  -0.009873  0.002253  0.999949  0.000105  0.008654  
182.620583 0.009240  0.088541  -0.014805  0.998263  0.056093  -0.018012  -0.056370  0.998293  -0.015262  0.017125  0.016251  0.999721  0.005556  -0.008025  -0.016853  -0.078290  -0.029757  0.415642  2.000000  0.999929  0.005924  0.010337  -0.005900  0.999980  -0.002415  -0.010351  0.002354  0.999944  0.999966  0.008247  0.000804  -0.008246  0.999965  -0.001557  -0.000817  0.001550  0.999998  1.000000  0.000043  0.000094  -0.000043  1.000000  -0.000019  -0.000094  0.000019  1.000000  0.999929  0.005924  0.010337  -0.005900  0.999980  -0.002415  -0.010351  0.002354  0.999944  0.000105  0.008431  
182.621834 0.009246  0.088530  -0.014830  0.998242  0.056507  -0.017885  -0.056782  0.998270  -0.015262  0.016992  0.016251  0.999724  0.005436  -0.008189  -0.017277  -0.074364  -0.034334  0.408801  2.000000  0.999923  0.006137  0.010804  -0.006110  0.999978  -0.002522  -0.010819  0.002456  0.999938  0.999967  0.008042  0.000807  -0.008040  0.999966  -0.001681  -0.000820  0.001675  0.999998  1.000000  0.000041  0.000092  -0.000041  1.000000  -0.000021  -0.000092  0.000021  1.000000  0.999923  0.006137  0.010804  -0.006110  0.999978  -0.002522  -0.010819  0.002456  0.999938  0.000105  0.008255  
182.623084 0.009251  0.088519  -0.014855  0.998219  0.056918  -0.017891  -0.057193  0.998247  -0.015255  0.016992  0.016251  0.999724  0.005241  -0.008378  -0.017737  -0.070418  -0.034418  0.401940  2.000000  0.999916  0.006342  0.011269  -0.006313  0.999977  -0.002623  -0.011285  0.002551  0.999933  0.999967  0.008042  0.000807  -0.008041  0.999966  -0.001561  -0.000819  0.001555  0.999998  1.000000  0.000041  0.000092  -0.000041  1.000000  -0.000019  -0.000092  0.000019  1.000000  0.999916  0.006342  0.011269  -0.006313  0.999977  -0.002623  -0.011285  0.002551  0.999933  0.000103  0.008231  
182.624347 0.009256  0.088508  -0.014881  0.998195  0.057326  -0.017904  -0.057604  0.998221  -0.015368  0.016992  0.016372  0.999722  0.005051  -0.008467  -0.018037  -0.070359  -0.034341  0.401612  2.000000  0.999910  0.006548  0.011724  -0.006516  0.999975  -0.002718  -0.011742  0.002642  0.999928  0.999967  0.008042  0.000806  -0.008041  0.999967  -0.001440  -0.000817  0.001433  0.999999  1.000000  0.000041  0.000092  -0.000041  1.000000  -0.000018  -0.000092  0.000018  1.000000  0.999910  0.006548  0.011724  -0.006516  0.999975  -0.002718  -0.011742  0.002642  0.999928  0.000103  0.008209  
182.625591 0.009260  0.088497  -0.014904  0.998171  0.057737  -0.017911  -0.058015  0.998198  -0.015361  0.016992  0.016372  0.999722  0.004883  -0.008613  -0.018361  -0.066435  -0.034437  0.394866  2.000000  0.999903  0.006754  0.012168  -0.006720  0.999973  -0.002810  -0.012186  0.002728  0.999922  0.999969  0.007834  0.000675  -0.007833  0.999968  -0.001322  -0.000685  0.001317  0.999999  1.000000  0.000042  0.000089  -0.000042  1.000000  -0.000016  -0.000089  0.000016  1.000000  0.999903  0.006754  0.012168  -0.006720  0.999973  -0.002810  -0.012186  0.002728  0.999922  0.000102  0.007973  
182.626834 0.009265  0.088488  -0.014928  0.998149  0.058149  -0.017791  -0.058426  0.998172  -0.015483  0.016858  0.016493  0.999722  0.004686  -0.008628  -0.018648  -0.070545  -0.038913  0.394979  2.000000  0.999898  0.006917  0.012523  -0.006881  0.999972  -0.002883  -0.012542  0.002797  0.999917  0.999969  0.007836  0.000808  -0.007835  0.999968  -0.001444  -0.000819  0.001438  0.999999  1.000000  0.000040  0.000090  -0.000040  1.000000  -0.000018  -0.000090  0.000018  1.000000  0.999898  0.006917  0.012523  -0.006881  0.999972  -0.002883  -0.012542  0.002797  0.999917  0.000101  0.008009  
182.628080 0.009269  0.088478  -0.014952  0.998125  0.058557  -0.017804  -0.058837  0.998146  -0.015596  0.016858  0.016615  0.999720  0.004380  -0.008708  -0.018966  -0.070111  -0.034193  0.384812  2.000000  0.999891  0.007121  0.012962  -0.007083  0.999971  -0.002969  -0.012982  0.002877  0.999912  0.999971  0.007628  0.000677  -0.007627  0.999970  -0.001327  -0.000687  0.001321  0.999999  1.000000  0.000040  0.000087  -0.000040  1.000000  -0.000017  -0.000087  0.000017  1.000000  0.999891  0.007121  0.012962  -0.007083  0.999971  -0.002969  -0.012982  0.002877  0.999912  0.000099  0.007772  
182.629080 0.009272  0.088469  -0.014974  0.998101  0.058968  -0.017811  -0.059248  0.998122  -0.015589  0.016858  0.016615  0.999720  0.004159  -0.008813  -0.019455  -0.070701  -0.034480  0.388045  2.000000  0.999885  0.007281  0.013306  -0.007242  0.999969  -0.003036  -0.013328  0.002939  0.999907  0.999972  0.007422  0.000680  -0.007422  0.999972  -0.001209  -0.000689  0.001204  0.999999  1.000000  0.000039  0.000085  -0.000039  1.000000  -0.000015  -0.000085  0.000015  1.000000  0.999885  0.007281  0.013306  -0.007242  0.999969  -0.003036  -0.013328  0.002939  0.999907  0.000098  0.007551  
182.630081 0.009275  0.088461  -0.014997  0.998076  0.059377  -0.017824  -0.059659  0.998095  -0.015703  0.016858  0.016736  0.999718  0.003979  -0.008849  -0.019981  -0.070820  -0.034540  0.381125  2.000000  0.999879  0.007442  0.013651  -0.007400  0.999968  -0.003099  -0.013674  0.002997  0.999902  0.999971  0.007628  0.000676  -0.007628  0.999970  -0.001205  -0.000685  0.001200  0.999999  1.000000  0.000040  0.000087  -0.000040  1.000000  -0.000015  -0.000087  0.000015  1.000000  0.999879  0.007442  0.013651  -0.007400  0.999968  -0.003099  -0.013674  0.002997  0.999902  0.000096  0.007752  
182.631332 0.009277  0.088449  -0.015026  0.998052  0.059786  -0.017838  -0.060070  0.998069  -0.015816  0.016858  0.016857  0.999716  0.003722  -0.008894  -0.020456  -0.070817  -0.034492  0.381111  2.000000  0.999872  0.007639  0.014076  -0.007595  0.999966  -0.003171  -0.014099  0.003064  0.999896  0.999972  0.007423  0.000679  -0.007422  0.999972  -0.001088  -0.000687  0.001083  0.999999  1.000000  0.000039  0.000085  -0.000039  1.000000  -0.000014  -0.000085  0.000014  1.000000  0.999872  0.007639  0.014076  -0.007595  0.999966  -0.003171  -0.014099  0.003064  0.999896  0.000095  0.007532  
182.632580 0.009280  0.088437  -0.015057  0.998027  0.060197  -0.017844  -0.060481  0.998044  -0.015809  0.016858  0.016857  0.999716  0.003495  -0.008933  -0.020929  -0.066953  -0.030112  0.374503  2.000000  0.999864  0.007838  0.014487  -0.007792  0.999964  -0.003241  -0.014512  0.003127  0.999890  0.999974  0.007215  0.000548  -0.007214  0.999974  -0.000970  -0.000555  0.000966  0.999999  1.000000  0.000039  0.000082  -0.000039  1.000000  -0.000012  -0.000082  0.000012  1.000000  0.999864  0.007838  0.014487  -0.007792  0.999964  -0.003241  -0.014512  0.003127  0.999890  0.000095  0.007300  
182.633830 0.009282  0.088425  -0.015087  0.998002  0.060606  -0.017858  -0.060891  0.998017  -0.015923  0.016858  0.016978  0.999714  0.003275  -0.008912  -0.021200  -0.066344  -0.029793  0.371096  2.000000  0.999857  0.008038  0.014899  -0.007989  0.999963  -0.003306  -0.014925  0.003186  0.999884  0.999974  0.007215  0.000547  -0.007214  0.999973  -0.001091  -0.000555  0.001087  0.999999  1.000000  0.000039  0.000082  -0.000039  1.000000  -0.000014  -0.000082  0.000014  1.000000  0.999857  0.008038  0.014899  -0.007989  0.999963  -0.003306  -0.014925  0.003186  0.999884  0.000095  0.007317  
182.635080 0.009285  0.088413  -0.015116  0.997977  0.061017  -0.017865  -0.061302  0.997992  -0.015915  0.016858  0.016978  0.999714  0.003081  -0.008892  -0.021450  -0.062979  -0.025638  0.367290  2.000000  0.999850  0.008202  0.015223  -0.008152  0.999961  -0.003358  -0.015250  0.003234  0.999878  0.999974  0.007212  0.000413  -0.007212  0.999974  -0.000970  -0.000420  0.000967  0.999999  1.000000  0.000041  0.000081  -0.000041  1.000000  -0.000012  -0.000081  0.000012  1.000000  0.999850  0.008202  0.015223  -0.008152  0.999961  -0.003358  -0.015250  0.003234  0.999878  0.000093  0.007289  
182.636087 0.009287  0.088403  -0.015141  0.997964  0.061222  -0.017868  -0.061508  0.997980  -0.015912  0.016858  0.016978  0.999714  0.002972  -0.008919  -0.021802  -0.058509  -0.025503  0.357245  2.000000  0.999844  0.008364  0.015543  -0.008312  0.999960  -0.003410  -0.015571  0.003280  0.999873  0.999974  0.007212  0.000413  -0.007212  0.999974  -0.000970  -0.000420  0.000967  0.999999  1.000000  0.000041  0.000081  -0.000041  1.000000  -0.000012  -0.000081  0.000012  1.000000  0.999844  0.008364  0.015543  -0.008312  0.999960  -0.003410  -0.015571  0.003280  0.999873  0.000091  0.007289  
182.637335 0.009290  0.088391  -0.015173  0.997941  0.061635  -0.017741  -0.061919  0.997954  -0.015913  0.016724  0.016978  0.999716  0.002798  -0.008964  -0.022213  -0.055088  -0.025806  0.353318  2.000000  0.999836  0.008569  0.015936  -0.008515  0.999958  -0.003466  -0.015965  0.003330  0.999867  0.999974  0.007212  0.000413  -0.007212  0.999974  -0.000849  -0.000419  0.000846  1.000000  1.000000  0.000041  0.000081  -0.000041  1.000000  -0.000011  -0.000081  0.000011  1.000000  0.999836  0.008569  0.015936  -0.008515  0.999958  -0.003466  -0.015965  0.003330  0.999867  0.000091  0.007274  
182.638585 0.009293  0.088378  -0.015205  0.997903  0.062252  -0.017751  -0.062535  0.997916  -0.015902  0.016724  0.016978  0.999716  0.002668  -0.009075  -0.022693  -0.046829  -0.025659  0.360347  2.000000  0.999828  0.008770  0.016329  -0.008714  0.999956  -0.003519  -0.016359  0.003377  0.999860  0.999975  0.007004  0.000283  -0.007004  0.999975  -0.000732  -0.000288  0.000730  1.000000  1.000000  0.000041  0.000078  -0.000041  1.000000  -0.000009  -0.000078  0.000009  1.000000  0.999828  0.008770  0.016329  -0.008714  0.999956  -0.003519  -0.016359  0.003377  0.999860  0.000090  0.007048  
182.639833 0.009295  0.088365  -0.015239  0.997877  0.062662  -0.017757  -0.062946  0.997890  -0.015894  0.016724  0.016978  0.999716  0.002516  -0.009232  -0.023265  -0.042385  -0.025418  0.357267  2.000000  0.999820  0.008972  0.016712  -0.008913  0.999954  -0.003569  -0.016743  0.003419  0.999854  0.999977  0.006799  0.000286  -0.006798  0.999977  -0.000735  -0.000291  0.000733  1.000000  1.000000  0.000039  0.000075  -0.000039  1.000000  -0.000009  -0.000075  0.000009  1.000000  0.999820  0.008972  0.016712  -0.008913  0.999954  -0.003569  -0.016743  0.003419  0.999854  0.000089  0.006844  
182.641085 0.009298  0.088352  -0.015274  0.997851  0.063075  -0.017756  -0.063357  0.997866  -0.015766  0.016724  0.016857  0.999718  0.002353  -0.009463  -0.024101  -0.034361  -0.020982  0.357601  2.000000  0.999812  0.009174  0.017097  -0.009114  0.999952  -0.003613  -0.017129  0.003457  0.999847  0.999977  0.006799  0.000287  -0.006798  0.999977  -0.000492  -0.000291  0.000491  1.000000  1.000000  0.000039  0.000075  -0.000039  1.000000  -0.000006  -0.000075  0.000006  1.000000  0.999812  0.009174  0.017097  -0.009114  0.999952  -0.003613  -0.017129  0.003457  0.999847  0.000089  0.006822  
182.642086 0.009300  0.088342  -0.015303  0.997838  0.063281  -0.017760  -0.063562  0.997853  -0.015762  0.016724  0.016857  0.999718  0.002301  -0.009617  -0.024626  -0.030646  -0.021221  0.353215  2.000000  0.999805  0.009336  0.017405  -0.009274  0.999950  -0.003640  -0.017438  0.003478  0.999842  0.999975  0.007004  0.000284  -0.007004  0.999975  -0.000489  -0.000287  0.000487  1.000000  1.000000  0.000041  0.000078  -0.000041  1.000000  -0.000006  -0.000078  0.000006  1.000000  0.999805  0.009336  0.017405  -0.009274  0.999950  -0.003640  -0.017438  0.003478  0.999842  0.000089  0.007027  
182.643334 0.009303  0.088328  -0.015339  0.997811  0.063692  -0.017766  -0.063973  0.997827  -0.015755  0.016724  0.016857  0.999718  0.002195  -0.009882  -0.025473  -0.030789  -0.016838  0.346230  2.000000  0.999798  0.009504  0.017709  -0.009440  0.999949  -0.003668  -0.017743  0.003500  0.999836  0.999975  0.007002  0.000150  -0.007002  0.999975  -0.000489  -0.000153  0.000488  1.000000  1.000000  0.000042  0.000077  -0.000042  1.000000  -0.000006  -0.000077  0.000006  1.000000  0.999798  0.009504  0.017709  -0.009440  0.999949  -0.003668  -0.017743  0.003500  0.999836  0.000088  0.007021  
182.644336 0.009305  0.088318  -0.015368  0.997787  0.064105  -0.017639  -0.064384  0.997801  -0.015756  0.016590  0.016857  0.999720  0.002118  -0.009995  -0.025953  -0.026733  -0.021311  0.346274  2.000000  0.999791  0.009667  0.018017  -0.009602  0.999947  -0.003694  -0.018051  0.003520  0.999831  0.999977  0.006799  0.000287  -0.006798  0.999977  -0.000372  -0.000290  0.000370  1.000000  1.000000  0.000039  0.000075  -0.000039  1.000000  -0.000005  -0.000075  0.000005  1.000000  0.999791  0.009667  0.018017  -0.009602  0.999947  -0.003694  -0.018051  0.003520  0.999831  0.000087  0.006815  
182.645341 0.009307  0.088307  -0.015397  0.997774  0.064308  -0.017650  -0.064590  0.997786  -0.015874  0.016590  0.016978  0.999718  0.002136  -0.010048  -0.026315  -0.026871  -0.016887  0.339268  2.000000  0.999784  0.009828  0.018322  -0.009761  0.999945  -0.003718  -0.018358  0.003539  0.999825  0.999975  0.007004  0.000283  -0.007004  0.999975  -0.000490  -0.000286  0.000488  1.000000  1.000000  0.000041  0.000078  -0.000041  1.000000  -0.000006  -0.000078  0.000006  1.000000  0.999784  0.009828  0.018322  -0.009761  0.999945  -0.003718  -0.018358  0.003539  0.999825  0.000087  0.007027  
182.646580 0.009310  0.088295  -0.015433  0.997747  0.064719  -0.017657  -0.065000  0.997759  -0.015866  0.016590  0.016978  0.999718  0.002160  -0.010113  -0.026687  -0.026539  -0.016638  0.343399  2.000000  0.999775  0.010025  0.018699  -0.009956  0.999943  -0.003751  -0.018735  0.003564  0.999818  0.999977  0.006799  0.000286  -0.006798  0.999977  -0.000372  -0.000289  0.000370  1.000000  1.000000  0.000039  0.000075  -0.000039  1.000000  -0.000005  -0.000075  0.000005  1.000000  0.999775  0.010025  0.018699  -0.009956  0.999943  -0.003751  -0.018735  0.003564  0.999818  0.000086  0.006815  
