1-Time 2-Px 3-Py 4-Pz 5-R11 6-R21 7-R31 8-R12 9-R22 10-R32 11-R13 12-R23 13-R33 14-Vx 15-Vy 16-Vz 17-Wx 18-Wy 19-Wz 20-state 21-PR11 22-PR21 23-PR31 24-PR12 25-PR22 26-PR32 27-PR13 28-PR23 29-PR33 
58.347189 0.009834  0.092116  0.001613  0.989216  0.146421  0.003557  -0.146463  0.989025  0.019459  -0.000669  -0.019770  0.999804  -0.000093  -0.000088  -0.000068  0.000000  0.000000  0.000000  2.000000  1.000000  0.000000  0.000000  -0.000000  1.000000  0.000000  0.000000  -0.000000  1.000000  1.000000  0.000206  0.000004  -0.000206  1.000000  -0.000000  -0.000004  0.000000  1.000000  1.000000  0.000000  0.000000  0.000000  1.000000  0.000000  0.000000  0.000000  1.000000  0.676897  0.284912  -0.678701  -0.337013  0.939690  0.058356  0.654395  0.189230  0.732092  0.000000  0.000000  
58.348201 0.009834  0.092116  0.001613  0.989216  0.146421  0.003557  -0.146463  0.989025  0.019459  -0.000669  -0.019770  0.999804  -0.000085  -0.000114  -0.000055  0.000000  0.000000  0.000000  2.000000  1.000000  0.000000  0.000000  0.000000  1.000000  0.000000  0.000000  0.000000  1.000000  1.000000  0.000206  0.000004  -0.000206  1.000000  -0.000000  -0.000004  0.000000  1.000000  1.000000  0.000000  0.000000  0.000000  1.000000  0.000000  0.000000  0.000000  1.000000  1.000000  0.000000  0.000000  0.000000  1.000000  0.000000  0.000000  0.000000  1.000000  0.000000  0.000000  
58.349449 0.009836  0.092115  0.001613  0.989095  0.147236  0.003573  -0.147278  0.988904  0.019456  -0.000669  -0.019770  0.999804  0.000040  -0.000170  -0.000028  0.000000  0.000000  0.000000  2.000000  1.000000  0.000000  0.000000  0.000000  1.000000  0.000000  0.000000  0.000000  1.000000  1.000000  0.000823  0.000016  -0.000823  1.000000  -0.000001  -0.000016  0.000001  1.000000  1.000000  0.000000  0.000000  0.000000  1.000000  0.000000  0.000000  0.000000  1.000000  1.000000  0.000000  0.000000  0.000000  1.000000  0.000000  0.000000  0.000000  1.000000  0.000000  0.000000  
58.350697 0.009838  0.092113  0.001613  0.988943  0.148251  0.003744  -0.148296  0.988750  0.019552  -0.000803  -0.019891  0.999802  0.000197  -0.000283  -0.000010  0.000000  0.000000  0.000000  2.000000  1.000000  0.000000  0.000000  0.000000  1.000000  0.000000  0.000000  0.000000  1.000000  0.999998  0.001850  0.000171  -0.001850  0.999998  0.000120  -0.000170  -0.000120  1.000000  1.000000  0.000000  0.000000  0.000000  1.000000  0.000000  0.000000  0.000000  1.000000  1.000000  0.000000  0.000000  0.000000  1.000000  0.000000  0.000000  0.000000  1.000000  0.000000  0.000000  
58.351947 0.009841  0.092110  0.001614  0.988820  0.149062  0.003910  -0.149110  0.988625  0.019649  -0.000937  -0.020013  0.999799  0.000379  -0.000474  0.000045  0.000000  0.000000  0.000000  2.000000  1.000000  0.000000  0.000000  0.000000  1.000000  0.000000  0.000000  0.000000  1.000000  0.999996  0.002670  0.000321  -0.002671  0.999996  0.000119  -0.000320  -0.000120  1.000000  1.000000  0.000000  0.000000  0.000000  1.000000  0.000000  0.000000  0.000000  1.000000  1.000000  0.000000  0.000000  0.000000  1.000000  0.000000  0.000000  0.000000  1.000000  0.000000  0.000000  
58.353194 0.009844  0.092108  0.001614  0.988728  0.149672  0.003922  -0.149721  0.988533  0.019647  -0.000937  -0.020013  0.999799  0.000614  -0.000620  0.000042  0.000000  0.000000  0.000000  2.000000  1.000000  0.000000  0.000000  0.000000  1.000000  0.000000  0.000000  0.000000  1.000000  0.999994  0.003285  0.000467  -0.003285  0.999995  0.000239  -0.000466  -0.000240  1.000000  1.000000  0.000000  0.000000  0.000000  1.000000  0.000000  0.000000  0.000000  1.000000  1.000000  0.000000  0.000000  0.000000  1.000000  0.000000  0.000000  0.000000  1.000000  0.000000  0.000000  
58.354447 0.009848  0.092107  0.001616  0.988604  0.150488  0.003824  -0.150535  0.988407  0.019784  -0.000803  -0.020134  0.999797  0.000912  -0.000668  0.000175  0.000000  0.000000  0.000000  2.000000  1.000000  0.000000  0.000000  0.000000  1.000000  0.000000  0.000000  0.000000  1.000000  0.999992  0.004114  0.000217  -0.004114  0.999991  0.000360  -0.000215  -0.000361  1.000000  1.000000  0.000000  0.000000  0.000000  1.000000  0.000000  0.000000  0.000000  1.000000  1.000000  0.000000  0.000000  0.000000  1.000000  0.000000  0.000000  0.000000  1.000000  0.000000  0.000000  
58.355448 0.009851  0.092107  0.001616  0.988480  0.151308  0.003576  -0.151349  0.988282  0.019821  -0.000535  -0.020134  0.999797  0.001123  -0.000696  0.000226  0.012124  0.001045  0.173005  2.000000  1.000000  0.000000  0.000000  0.000000  1.000000  0.000000  0.000000  0.000000  1.000000  0.999988  0.004943  -0.000034  -0.004943  0.999988  0.000361  0.000036  -0.000361  1.000000  1.000000  0.000000  0.000000  0.000000  1.000000  0.000000  0.000000  0.000000  1.000000  1.000000  0.000000  0.000000  0.000000  1.000000  0.000000  0.000000  0.000000  1.000000  0.000000  0.000000  
58.356694 0.009856  0.092105  0.001617  0.988261  0.152737  0.003359  -0.152773  0.988059  0.019977  -0.000268  -0.020255  0.999795  0.001421  -0.000784  0.000269  0.016203  0.009057  0.221641  2.000000  1.000000  0.000355  -0.000008  -0.000355  1.000000  0.000023  0.000008  -0.000023  1.000000  0.999981  0.006183  -0.000277  -0.006183  0.999981  0.000362  0.000279  -0.000360  1.000000  1.000000  0.000077  -0.000003  -0.000077  1.000000  0.000005  0.000003  -0.000005  1.000000  1.000000  0.000355  -0.000008  -0.000355  1.000000  0.000023  0.000008  -0.000023  1.000000  0.000054  0.006200  
58.357695 0.009859  0.092104  0.001617  0.988040  0.154160  0.003388  -0.154197  0.987838  0.019972  -0.000268  -0.020255  0.999795  0.001639  -0.000877  0.000242  0.016177  0.008086  0.270015  2.000000  1.000000  0.000703  -0.000021  -0.000703  1.000000  0.000047  0.000021  -0.000047  1.000000  0.999972  0.007418  -0.000251  -0.007418  0.999972  0.000483  0.000255  -0.000481  1.000000  1.000000  0.000093  -0.000003  -0.000093  1.000000  0.000006  0.000003  -0.000006  1.000000  1.000000  0.000703  -0.000021  -0.000703  1.000000  0.000047  0.000021  -0.000047  1.000000  0.000065  0.007438  
58.358942 0.009864  0.092103  0.001615  0.987817  0.155583  0.003435  -0.155621  0.987613  0.020087  -0.000268  -0.020376  0.999792  0.001941  -0.000939  0.000168  0.020235  0.007099  0.318497  2.000000  0.999999  0.001223  -0.000036  -0.001223  0.999999  0.000080  0.000036  -0.000080  1.000000  0.999961  0.008859  -0.000221  -0.008859  0.999961  0.000603  0.000226  -0.000601  1.000000  1.000000  0.000111  -0.000003  -0.000111  1.000000  0.000008  0.000003  -0.000008  1.000000  0.999999  0.001223  -0.000036  -0.001223  0.999999  0.000080  0.000036  -0.000080  1.000000  0.000077  0.008882  
58.359943 0.009868  0.092103  0.001615  0.987656  0.156600  0.003456  -0.156638  0.987452  0.020083  -0.000268  -0.020376  0.999792  0.002291  -0.000939  0.000165  0.020052  0.006352  0.350181  2.000000  0.999999  0.001705  -0.000046  -0.001705  0.999999  0.000110  0.000046  -0.000110  1.000000  0.999949  0.010094  -0.000196  -0.010093  0.999949  0.000603  0.000202  -0.000601  1.000000  1.000000  0.000126  -0.000002  -0.000126  1.000000  0.000008  0.000002  -0.000008  1.000000  0.999999  0.001705  -0.000046  -0.001705  0.999999  0.000110  0.000046  -0.000110  1.000000  0.000087  0.010114  
58.360949 0.009872  0.092103  0.001615  0.987462  0.157816  0.003632  -0.157858  0.987256  0.020177  -0.000401  -0.020498  0.999790  0.002594  -0.000919  0.000193  0.024243  0.001051  0.394399  2.000000  0.999997  0.002245  -0.000052  -0.002245  0.999997  0.000143  0.000052  -0.000143  1.000000  0.999936  0.011326  -0.000035  -0.011326  0.999936  0.000722  0.000044  -0.000721  1.000000  1.000000  0.000142  -0.000000  -0.000142  1.000000  0.000009  0.000000  -0.000009  1.000000  0.999997  0.002245  -0.000052  -0.002245  0.999997  0.000143  0.000052  -0.000143  1.000000  0.000098  0.011349  
58.361952 0.009877  0.092103  0.001617  0.987233  0.159239  0.003661  -0.159281  0.987027  0.020172  -0.000401  -0.020498  0.999790  0.002898  -0.000945  0.000280  0.024212  0.000076  0.442721  2.000000  0.999996  0.002850  -0.000053  -0.002850  0.999996  0.000179  0.000053  -0.000179  1.000000  0.999921  0.012561  -0.000010  -0.012561  0.999921  0.000721  0.000019  -0.000721  1.000000  1.000000  0.000157  -0.000000  -0.000157  1.000000  0.000009  0.000000  -0.000009  1.000000  0.999996  0.002850  -0.000053  -0.002850  0.999996  0.000179  0.000053  -0.000179  1.000000  0.000107  0.012582  
58.363199 0.009882  0.092101  0.001617  0.986937  0.161070  0.003586  -0.161109  0.986728  0.020307  -0.000268  -0.020619  0.999787  0.003205  -0.000998  0.000273  0.028292  0.003286  0.505135  2.000000  0.999994  0.003538  -0.000057  -0.003538  0.999994  0.000220  0.000058  -0.000219  1.000000  0.999896  0.014416  -0.000104  -0.014416  0.999896  0.000843  0.000116  -0.000841  1.000000  1.000000  0.000180  -0.000001  -0.000180  1.000000  0.000011  0.000001  -0.000011  1.000000  0.999994  0.003538  -0.000057  -0.003538  0.999994  0.000220  0.000058  -0.000219  1.000000  0.000124  0.014441  
58.364450 0.009889  0.092099  0.001617  0.986703  0.162497  0.003371  -0.162532  0.986491  0.020465  0.000000  -0.020740  0.999785  0.003555  -0.001055  0.000262  0.032417  0.011264  0.553697  2.000000  0.999990  0.004503  -0.000069  -0.004503  0.999990  0.000272  0.000071  -0.000272  1.000000  0.999871  0.016065  -0.000204  -0.016065  0.999871  0.000844  0.000218  -0.000841  1.000000  1.000000  0.000201  -0.000003  -0.000201  1.000000  0.000011  0.000003  -0.000011  1.000000  0.999990  0.004503  -0.000069  -0.004503  0.999990  0.000272  0.000071  -0.000272  1.000000  0.000138  0.016089  
58.365698 0.009895  0.092096  0.001616  0.986434  0.164124  0.003273  -0.164156  0.986222  0.020481  0.000134  -0.020740  0.999785  0.003803  -0.001160  0.000167  0.032442  0.014778  0.602219  2.000000  0.999985  0.005562  -0.000093  -0.005561  0.999984  0.000333  0.000095  -0.000332  1.000000  0.999847  0.017511  -0.000440  -0.017511  0.999846  0.000970  0.000457  -0.000962  0.999999  1.000000  0.000219  -0.000006  -0.000219  1.000000  0.000012  0.000006  -0.000012  1.000000  0.999985  0.005562  -0.000093  -0.005561  0.999984  0.000333  0.000095  -0.000332  1.000000  0.000150  0.017544  
58.366948 0.009901  0.092091  0.001616  0.986197  0.165547  0.003190  -0.165578  0.985981  0.020618  0.000268  -0.020862  0.999782  0.004083  -0.001282  0.000154  0.036547  0.018252  0.650709  2.000000  0.999977  0.006713  -0.000123  -0.006713  0.999977  0.000396  0.000125  -0.000396  1.000000  0.999820  0.018954  -0.000541  -0.018954  0.999820  0.001093  0.000562  -0.001083  0.999999  1.000000  0.000237  -0.000007  -0.000237  1.000000  0.000014  0.000007  -0.000014  1.000000  0.999977  0.006713  -0.000123  -0.006713  0.999977  0.000396  0.000125  -0.000396  1.000000  0.000160  0.018994  
58.368197 0.009908  0.092086  0.001617  0.985923  0.167170  0.003245  -0.167202  0.985705  0.020732  0.000268  -0.020983  0.999780  0.004304  -0.001510  0.000154  0.040616  0.017086  0.706113  2.000000  0.999968  0.007959  -0.000155  -0.007959  0.999968  0.000466  0.000159  -0.000465  1.000000  0.999788  0.020601  -0.000504  -0.020600  0.999787  0.001214  0.000529  -0.001203  0.999999  1.000000  0.000258  -0.000006  -0.000258  1.000000  0.000015  0.000006  -0.000015  1.000000  0.999968  0.007959  -0.000155  -0.007959  0.999968  0.000466  0.000159  -0.000465  1.000000  0.000174  0.020644  
58.369442 0.009917  0.092079  0.001616  0.985646  0.168794  0.003279  -0.168825  0.985428  0.020727  0.000268  -0.020983  0.999780  0.004566  -0.001864  0.000046  0.040608  0.015960  0.761503  2.000000  0.999957  0.009301  -0.000186  -0.009301  0.999957  0.000542  0.000191  -0.000540  1.000000  0.999761  0.021835  -0.000478  -0.021835  0.999761  0.001214  0.000505  -0.001203  0.999999  1.000000  0.000273  -0.000006  -0.000273  1.000000  0.000015  0.000006  -0.000015  1.000000  0.999957  0.009301  -0.000186  -0.009301  0.999957  0.000542  0.000191  -0.000540  1.000000  0.000188  0.021876  
58.370444 0.009924  0.092074  0.001616  0.985402  0.170216  0.003197  -0.170246  0.985181  0.020864  0.000401  -0.021104  0.999777  0.004852  -0.002181  -0.000017  0.044725  0.019417  0.809960  2.000000  0.999946  0.010413  -0.000213  -0.010413  0.999946  0.000603  0.000219  -0.000600  1.000000  0.999748  0.022458  -0.000730  -0.022458  0.999747  0.001217  0.000757  -0.001200  0.999999  1.000000  0.000281  -0.000009  -0.000281  1.000000  0.000015  0.000009  -0.000015  1.000000  0.999946  0.010413  -0.000213  -0.010413  0.999946  0.000603  0.000219  -0.000600  1.000000  0.000201  0.022505  
58.371694 0.009932  0.092065  0.001614  0.985155  0.171636  0.003227  -0.171665  0.984934  0.020860  0.000401  -0.021104  0.999777  0.005123  -0.002689  -0.000193  0.044722  0.018429  0.858444  2.000000  0.999933  0.011564  -0.000250  -0.011564  0.999933  0.000663  0.000258  -0.000661  1.000000  0.999729  0.023284  -0.000847  -0.023283  0.999728  0.001217  0.000875  -0.001197  0.999999  1.000000  0.000291  -0.000011  -0.000291  1.000000  0.000015  0.000011  -0.000015  1.000000  0.999933  0.011564  -0.000250  -0.011564  0.999933  0.000663  0.000258  -0.000661  1.000000  0.000214  0.023333  
58.372695 0.009938  0.092058  0.001613  0.984942  0.172852  0.003253  -0.172882  0.984722  0.020856  0.000401  -0.021104  0.999777  0.005287  -0.003096  -0.000261  0.044712  0.017579  0.899874  2.000000  0.999919  0.012742  -0.000292  -0.012741  0.999919  0.000723  0.000302  -0.000719  1.000000  0.999719  0.023696  -0.000838  -0.023695  0.999719  0.001095  0.000864  -0.001075  0.999999  1.000000  0.000296  -0.000011  -0.000296  1.000000  0.000014  0.000011  -0.000014  1.000000  0.999919  0.012742  -0.000292  -0.012741  0.999919  0.000723  0.000302  -0.000719  1.000000  0.000223  0.023738  
58.373944 0.009946  0.092048  0.001610  0.984728  0.174071  0.003147  -0.174099  0.984507  0.020875  0.000535  -0.021104  0.999777  0.005530  -0.003718  -0.000360  0.044410  0.021055  0.933908  2.000000  0.999898  0.014259  -0.000357  -0.014259  0.999898  0.000792  0.000369  -0.000786  1.000000  0.999699  0.024522  -0.000954  -0.024521  0.999699  0.001098  0.000981  -0.001075  0.999999  1.000000  0.000307  -0.000012  -0.000307  1.000000  0.000014  0.000012  -0.000014  1.000000  0.999898  0.014259  -0.000357  -0.014259  0.999898  0.000792  0.000369  -0.000786  1.000000  0.000233  0.024567  
58.375194 0.009955  0.092038  0.001608  0.984476  0.175490  0.003177  -0.175518  0.984255  0.020870  0.000535  -0.021104  0.999777  0.005745  -0.004283  -0.000486  0.044784  0.020244  0.990286  2.000000  0.999875  0.015812  -0.000413  -0.015812  0.999875  0.000857  0.000426  -0.000851  1.000000  0.999689  0.024931  -0.000812  -0.024930  0.999689  0.000977  0.000836  -0.000957  0.999999  1.000000  0.000312  -0.000010  -0.000312  1.000000  0.000012  0.000010  -0.000012  1.000000  0.999875  0.015812  -0.000413  -0.015812  0.999875  0.000857  0.000426  -0.000851  1.000000  0.000246  0.024965  
58.376444 0.009964  0.092028  0.001605  0.984259  0.176705  0.003225  -0.176734  0.984035  0.020986  0.000535  -0.021225  0.999775  0.005931  -0.005002  -0.000752  0.048846  0.019327  1.031536  2.000000  0.999849  0.017367  -0.000447  -0.017367  0.999849  0.000925  0.000463  -0.000917  0.999999  0.999689  0.024922  -0.000408  -0.024922  0.999689  0.001098  0.000435  -0.001088  0.999999  1.000000  0.000312  -0.000005  -0.000312  1.000000  0.000014  0.000005  -0.000014  1.000000  0.999849  0.017367  -0.000447  -0.017367  0.999849  0.000925  0.000463  -0.000917  0.999999  0.000258  0.024952  
58.377695 0.009972  0.092017  0.001602  0.984076  0.177718  0.003225  -0.177747  0.983855  0.020863  0.000535  -0.021104  0.999777  0.006095  -0.005673  -0.001011  0.044441  0.018546  1.058354  2.000000  0.999821  0.018904  -0.000465  -0.018903  0.999821  0.000989  0.000484  -0.000980  0.999999  0.999705  0.024302  -0.000287  -0.024302  0.999704  0.000977  0.000311  -0.000970  0.999999  1.000000  0.000304  -0.000004  -0.000304  1.000000  0.000012  0.000004  -0.000012  1.000000  0.999821  0.018904  -0.000465  -0.018903  0.999821  0.000989  0.000484  -0.000980  0.999999  0.000265  0.024326  
58.378695 0.009977  0.092008  0.001599  0.983966  0.178326  0.003238  -0.178354  0.983745  0.020861  0.000535  -0.021104  0.999777  0.006171  -0.006254  -0.001195  0.044408  0.018252  1.071309  2.000000  0.999798  0.020109  -0.000480  -0.020108  0.999797  0.001032  0.000501  -0.001022  0.999999  0.999715  0.023890  -0.000299  -0.023890  0.999714  0.000856  0.000319  -0.000848  1.000000  1.000000  0.000299  -0.000004  -0.000299  1.000000  0.000011  0.000004  -0.000011  1.000000  0.999798  0.020109  -0.000480  -0.020108  0.999797  0.001032  0.000501  -0.001022  0.999999  0.000268  0.023910  
58.379945 0.009984  0.091996  0.001596  0.983819  0.179136  0.003255  -0.179165  0.983598  0.020858  0.000535  -0.021104  0.999777  0.006195  -0.006803  -0.001366  0.040287  0.022784  1.064362  2.000000  0.999773  0.021293  -0.000495  -0.021292  0.999773  0.001069  0.000517  -0.001058  0.999999  0.999724  0.023479  -0.000307  -0.023479  0.999724  0.000735  0.000324  -0.000727  1.000000  1.000000  0.000294  -0.000004  -0.000294  1.000000  0.000009  0.000004  -0.000009  1.000000  0.999773  0.021293  -0.000495  -0.021292  0.999773  0.001069  0.000517  -0.001058  0.999999  0.000268  0.023494  
58.380948 0.009990  0.091986  0.001593  0.983708  0.179741  0.003377  -0.179772  0.983490  0.020713  0.000401  -0.020983  0.999780  0.006253  -0.007235  -0.001520  0.036404  0.023320  1.059335  2.000000  0.999748  0.022454  -0.000508  -0.022453  0.999747  0.001101  0.000533  -0.001089  0.999999  0.999739  0.022859  -0.000189  -0.022859  0.999739  0.000610  0.000203  -0.000606  1.000000  1.000000  0.000286  -0.000002  -0.000286  1.000000  0.000008  0.000002  -0.000008  1.000000  0.999748  0.022454  -0.000508  -0.022453  0.999747  0.001101  0.000533  -0.001089  0.999999  0.000266  0.022870  
58.381949 0.009995  0.091975  0.001589  0.983560  0.180551  0.003394  -0.180582  0.983342  0.020710  0.000401  -0.020983  0.999780  0.006243  -0.007803  -0.001809  0.032251  0.027467  1.073218  2.000000  0.999722  0.023586  -0.000524  -0.023586  0.999721  0.001125  0.000551  -0.001113  0.999999  0.999748  0.022450  -0.000332  -0.022450  0.999748  0.000489  0.000343  -0.000481  1.000000  1.000000  0.000281  -0.000004  -0.000281  1.000000  0.000006  0.000004  -0.000006  1.000000  0.999722  0.023586  -0.000524  -0.023586  0.999721  0.001125  0.000551  -0.001113  0.999999  0.000268  0.022460  
58.383193 0.010001  0.091961  0.001586  0.983448  0.181158  0.003385  -0.181190  0.983233  0.020589  0.000401  -0.020862  0.999782  0.006196  -0.008315  -0.002084  0.028016  0.022849  1.064374  2.000000  0.999689  0.024943  -0.000543  -0.024942  0.999688  0.001150  0.000571  -0.001136  0.999999  0.999779  0.021007  -0.000231  -0.021007  0.999779  0.000246  0.000236  -0.000242  1.000000  1.000000  0.000263  -0.000003  -0.000263  1.000000  0.000003  0.000003  -0.000003  1.000000  0.999689  0.024943  -0.000543  -0.024942  0.999688  0.001150  0.000571  -0.001136  0.999999  0.000268  0.021011  
58.384444 0.010006  0.091945  0.001582  0.983336  0.181766  0.003376  -0.181797  0.983123  0.020468  0.000401  -0.020740  0.999785  0.005929  -0.008990  -0.002304  0.020004  0.018531  1.057482  2.000000  0.999656  0.026214  -0.000553  -0.026213  0.999656  0.001166  0.000583  -0.001151  0.999999  0.999805  0.019769  -0.000123  -0.019769  0.999805  0.000246  0.000128  -0.000244  1.000000  1.000000  0.000247  -0.000002  -0.000247  1.000000  0.000003  0.000002  -0.000003  1.000000  0.999656  0.026214  -0.000553  -0.026213  0.999656  0.001166  0.000583  -0.001151  0.999999  0.000266  0.019772  
58.385447 0.010011  0.091933  0.001579  0.983299  0.181968  0.003380  -0.181999  0.983086  0.020467  0.000401  -0.020740  0.999785  0.005778  -0.009507  -0.002516  0.020146  0.010034  1.036691  2.000000  0.999630  0.027184  -0.000554  -0.027183  0.999630  0.001167  0.000586  -0.001152  0.999999  0.999817  0.019149  -0.000004  -0.019149  0.999817  0.000004  0.000004  -0.000004  1.000000  1.000000  0.000239  -0.000000  -0.000239  1.000000  0.000000  0.000000  -0.000000  1.000000  0.999630  0.027184  -0.000554  -0.027183  0.999630  0.001167  0.000586  -0.001152  0.999999  0.000263  0.019150  
58.386447 0.010016  0.091920  0.001576  0.983224  0.182374  0.003366  -0.182404  0.983013  0.020346  0.000401  -0.020619  0.999787  0.005678  -0.009818  -0.002569  0.012297  0.001832  1.010458  2.000000  0.999605  0.028108  -0.000549  -0.028107  0.999604  0.001165  0.000581  -0.001149  0.999999  0.999836  0.018117  0.000106  -0.018117  0.999836  -0.000117  -0.000108  0.000115  1.000000  1.000000  0.000226  0.000001  -0.000226  1.000000  -0.000001  -0.000001  0.000001  1.000000  0.999605  0.028108  -0.000549  -0.028107  0.999604  0.001165  0.000581  -0.001149  0.999999  0.000254  0.018119  
58.387694 0.010021  0.091905  0.001574  0.983186  0.182576  0.003348  -0.182607  0.982978  0.020226  0.000401  -0.020498  0.999790  0.005552  -0.010183  -0.002602  0.008150  0.002717  0.961019  2.000000  0.999579  0.028993  -0.000539  -0.028992  0.999579  0.001151  0.000572  -0.001135  0.999999  0.999850  0.017291  0.000221  -0.017291  0.999850  -0.000360  -0.000227  0.000356  1.000000  1.000000  0.000216  0.000003  -0.000216  1.000000  -0.000004  -0.000003  0.000004  1.000000  0.999579  0.028993  -0.000539  -0.028992  0.999579  0.001151  0.000572  -0.001135  0.999999  0.000245  0.017297  
58.388942 0.010026  0.091888  0.001570  0.983111  0.182981  0.003335  -0.183011  0.982905  0.020106  0.000401  -0.020376  0.999792  0.005335  -0.010673  -0.002659  0.000062  0.003586  0.927610  2.000000  0.999549  0.030029  -0.000527  -0.030028  0.999548  0.001122  0.000560  -0.001106  0.999999  0.999871  0.016057  0.000193  -0.016057  0.999871  -0.000603  -0.000203  0.000599  1.000000  1.000000  0.000201  0.000002  -0.000201  1.000000  -0.000008  -0.000002  0.000008  1.000000  0.999549  0.030029  -0.000527  -0.030028  0.999548  0.001122  0.000560  -0.001106  0.999999  0.000235  0.016070  
58.389943 0.010030  0.091875  0.001568  0.983073  0.183184  0.003317  -0.183214  0.982870  0.019986  0.000401  -0.020255  0.999795  0.005109  -0.011092  -0.002703  -0.003983  0.004030  0.899241  2.000000  0.999526  0.030796  -0.000519  -0.030795  0.999525  0.001089  0.000552  -0.001072  0.999999  0.999887  0.015028  0.000171  -0.015028  0.999887  -0.000724  -0.000182  0.000721  1.000000  1.000000  0.000188  0.000002  -0.000188  1.000000  -0.000009  -0.000002  0.000009  1.000000  0.999526  0.030796  -0.000519  -0.030795  0.999525  0.001089  0.000552  -0.001072  0.999999  0.000228  0.015047  
58.390943 0.010034  0.091860  0.001565  0.983035  0.183387  0.003298  -0.183416  0.982835  0.019866  0.000401  -0.020134  0.999797  0.004907  -0.011460  -0.002755  -0.012131  0.009188  0.865185  2.000000  0.999504  0.031500  -0.000510  -0.031500  0.999503  0.001046  0.000543  -0.001030  0.999999  0.999908  0.013584  0.000274  -0.013584  0.999907  -0.000967  -0.000287  0.000963  0.999999  1.000000  0.000170  0.000004  -0.000170  1.000000  -0.000012  -0.000004  0.000012  1.000000  0.999504  0.031500  -0.000510  -0.031500  0.999503  0.001046  0.000543  -0.001030  0.999999  0.000218  0.013622  
58.391944 0.010038  0.091846  0.001561  0.983035  0.183387  0.003276  -0.183416  0.982837  0.019747  0.000401  -0.020013  0.999800  0.004711  -0.011850  -0.002860  -0.016177  0.010215  0.817236  2.000000  0.999483  0.032135  -0.000499  -0.032135  0.999483  0.000995  0.000531  -0.000978  0.999999  0.999926  0.012144  0.000243  -0.012143  0.999926  -0.001088  -0.000256  0.001085  0.999999  1.000000  0.000152  0.000003  -0.000152  1.000000  -0.000014  -0.000003  0.000014  1.000000  0.999483  0.032135  -0.000499  -0.032135  0.999483  0.000995  0.000531  -0.000978  0.999999  0.000209  0.012195  
58.392944 0.010041  0.091832  0.001557  0.983035  0.183388  0.003254  -0.183416  0.982839  0.019628  0.000401  -0.019891  0.999802  0.004543  -0.012250  -0.002999  -0.024208  0.006727  0.768910  2.000000  0.999465  0.032709  -0.000489  -0.032708  0.999465  0.000937  0.000519  -0.000920  0.999999  0.999938  0.011115  0.000221  -0.011114  0.999938  -0.001210  -0.000235  0.001207  0.999999  1.000000  0.000139  0.000003  -0.000139  1.000000  -0.000015  -0.000003  0.000015  1.000000  0.999465  0.032709  -0.000489  -0.032708  0.999465  0.000937  0.000519  -0.000920  0.999999  0.000197  0.011183  
58.393948 0.010045  0.091818  0.001553  0.982997  0.183590  0.003236  -0.183619  0.982804  0.019508  0.000401  -0.019770  0.999804  0.004381  -0.012551  -0.003038  -0.028205  0.003146  0.727650  2.000000  0.999452  0.033102  -0.000479  -0.033102  0.999452  0.000888  0.000508  -0.000872  0.999999  0.999947  0.010289  0.000337  -0.010288  0.999946  -0.001331  -0.000351  0.001328  0.999999  1.000000  0.000129  0.000004  -0.000129  1.000000  -0.000017  -0.000004  0.000017  1.000000  0.999452  0.033102  -0.000479  -0.033102  0.999452  0.000888  0.000508  -0.000872  0.999999  0.000183  0.010380  
58.395199 0.010049  0.091801  0.001549  0.982997  0.183591  0.003213  -0.183619  0.982806  0.019388  0.000401  -0.019649  0.999807  0.004190  -0.012886  -0.003100  -0.036209  -0.004802  0.679477  2.000000  0.999432  0.033706  -0.000462  -0.033706  0.999431  0.000798  0.000488  -0.000782  1.000000  0.999959  0.009054  0.000312  -0.009053  0.999958  -0.001453  -0.000325  0.001450  0.999999  1.000000  0.000113  0.000004  -0.000113  1.000000  -0.000018  -0.000004  0.000018  1.000000  0.999432  0.033706  -0.000462  -0.033706  0.999431  0.000798  0.000488  -0.000782  1.000000  0.000175  0.009175  
58.396443 0.010054  0.091784  0.001545  0.982997  0.183592  0.003169  -0.183619  0.982811  0.019150  0.000401  -0.019406  0.999812  0.004066  -0.013089  -0.003073  -0.048314  -0.008254  0.631405  2.000000  0.999414  0.034225  -0.000446  -0.034225  0.999414  0.000698  0.000470  -0.000682  1.000000  0.999969  0.007819  0.000287  -0.007818  0.999968  -0.001696  -0.000300  0.001693  0.999999  1.000000  0.000098  0.000004  -0.000098  1.000000  -0.000021  -0.000004  0.000021  1.000000  0.999414  0.034225  -0.000446  -0.034225  0.999414  0.000698  0.000470  -0.000682  1.000000  0.000160  0.008006  
58.397444 0.010057  0.091771  0.001541  0.982997  0.183592  0.003147  -0.183619  0.982813  0.019031  0.000401  -0.019285  0.999814  0.003967  -0.013282  -0.003124  -0.052368  -0.007388  0.590186  2.000000  0.999402  0.034583  -0.000435  -0.034582  0.999402  0.000607  0.000456  -0.000591  1.000000  0.999977  0.006790  0.000266  -0.006789  0.999975  -0.001817  -0.000278  0.001815  0.999998  1.000000  0.000085  0.000003  -0.000085  1.000000  -0.000023  -0.000003  0.000023  1.000000  0.999402  0.034583  -0.000435  -0.034582  0.999402  0.000607  0.000456  -0.000591  1.000000  0.000152  0.007034  
58.398448 0.010060  0.091757  0.001537  0.983035  0.183390  0.003120  -0.183416  0.982853  0.018912  0.000401  -0.019164  0.999816  0.003882  -0.013396  -0.003197  -0.060471  -0.006424  0.542151  2.000000  0.999391  0.034894  -0.000425  -0.034893  0.999391  0.000511  0.000443  -0.000496  1.000000  0.999983  0.005761  0.000245  -0.005760  0.999982  -0.001817  -0.000255  0.001816  0.999998  1.000000  0.000072  0.000003  -0.000072  1.000000  -0.000023  -0.000003  0.000023  1.000000  0.999391  0.034894  -0.000425  -0.034893  0.999391  0.000511  0.000443  -0.000496  1.000000  0.000138  0.006045  
58.399692 0.010064  0.091740  0.001533  0.983035  0.183390  0.003098  -0.183416  0.982856  0.018793  0.000401  -0.019042  0.999819  0.003745  -0.013512  -0.003235  -0.064534  -0.005155  0.480389  2.000000  0.999382  0.035161  -0.000417  -0.035161  0.999382  0.000414  0.000431  -0.000399  1.000000  0.999989  0.004732  0.000224  -0.004731  0.999987  -0.002060  -0.000234  0.002059  0.999998  1.000000  0.000000  0.000000  0.000000  1.000000  0.000000  0.000000  0.000000  1.000000  0.999382  0.035161  -0.000417  -0.035161  0.999382  0.000414  0.000431  -0.000399  1.000000  0.000123  0.000000  
58.400693 0.010067  0.091726  0.001530  0.983035  0.183391  0.003076  -0.183416  0.982858  0.018674  0.000401  -0.018921  0.999821  0.003669  -0.013568  -0.003246  -0.073264  -0.008592  0.429233  2.000000  0.999382  0.035161  -0.000417  -0.035161  0.999382  0.000414  0.000431  -0.000399  1.000000  0.999992  0.004114  0.000212  -0.004114  0.999989  -0.002061  -0.000220  0.002060  0.999998  1.000000  0.000000  0.000000  0.000000  1.000000  0.000000  0.000000  0.000000  1.000000  0.999382  0.035161  -0.000417  -0.035161  0.999382  0.000414  0.000431  -0.000399  1.000000  0.000110  0.000000  
58.401694 0.010071  0.091713  0.001526  0.982997  0.183594  0.003058  -0.183619  0.982822  0.018554  0.000401  -0.018800  0.999823  0.003608  -0.013675  -0.003320  -0.076659  -0.008078  0.404805  2.000000  0.999382  0.035161  -0.000417  -0.035161  0.999382  0.000414  0.000431  -0.000399  1.000000  0.999993  0.003705  0.000070  -0.003705  0.999991  -0.002061  -0.000078  0.002060  0.999998  1.000000  0.000000  0.000000  0.000000  1.000000  0.000000  0.000000  0.000000  1.000000  0.999382  0.035161  -0.000417  -0.035161  0.999382  0.000414  0.000431  -0.000399  1.000000  0.000104  0.000000  
58.402694 0.010075  0.091701  0.001524  0.983035  0.183392  0.003031  -0.183416  0.982862  0.018435  0.000401  -0.018679  0.999825  0.003579  -0.013580  -0.003333  -0.080723  -0.007098  0.356781  2.000000  0.999382  0.035161  -0.000417  -0.035161  0.999382  0.000414  0.000431  -0.000399  1.000000  0.999996  0.002882  0.000054  -0.002882  0.999993  -0.002182  -0.000060  0.002182  0.999998  1.000000  0.000000  0.000000  0.000000  1.000000  0.000000  0.000000  0.000000  1.000000  0.999382  0.035161  -0.000417  -0.035161  0.999382  0.000414  0.000431  -0.000399  1.000000  0.000095  0.000000  
58.403699 0.010079  0.091688  0.001522  0.983035  0.183392  0.003031  -0.183416  0.982862  0.018435  0.000401  -0.018679  0.999825  0.003585  -0.013513  -0.003287  -0.081378  -0.010826  0.318106  2.000000  0.999382  0.035161  -0.000417  -0.035161  0.999382  0.000414  0.000431  -0.000399  1.000000  0.999997  0.002264  0.000042  -0.002264  0.999995  -0.002182  -0.000047  0.002182  0.999998  1.000000  0.000000  0.000000  0.000000  1.000000  0.000000  0.000000  0.000000  1.000000  0.999382  0.035161  -0.000417  -0.035161  0.999382  0.000414  0.000431  -0.000399  1.000000  0.000087  0.000000  
58.404943 0.010084  0.091672  0.001519  0.983073  0.183192  0.002852  -0.183214  0.982904  0.018222  0.000535  -0.018436  0.999830  0.003578  -0.013497  -0.003301  -0.089559  -0.005199  0.262914  2.000000  0.999382  0.035161  -0.000417  -0.035161  0.999382  0.000414  0.000431  -0.000399  1.000000  0.999999  0.001443  -0.000107  -0.001444  0.999997  -0.002183  0.000104  0.002183  0.999998  1.000000  0.000000  0.000000  0.000000  1.000000  0.000000  0.000000  0.000000  1.000000  0.999382  0.035161  -0.000417  -0.035161  0.999382  0.000414  0.000431  -0.000399  1.000000  0.000074  0.000000  
58.406194 0.010090  0.091657  0.001515  0.983073  0.183193  0.002829  -0.183214  0.982906  0.018103  0.000535  -0.018315  0.999832  0.003657  -0.013336  -0.003253  -0.097734  -0.004378  0.221398  2.000000  0.999382  0.035161  -0.000417  -0.035161  0.999382  0.000414  0.000431  -0.000399  1.000000  0.999999  0.001032  -0.000115  -0.001032  0.999997  -0.002425  0.000112  0.002426  0.999997  1.000000  0.000000  0.000000  0.000000  1.000000  0.000000  0.000000  0.000000  1.000000  0.999382  0.035161  -0.000417  -0.035161  0.999382  0.000414  0.000431  -0.000399  1.000000  0.000065  0.000000  
58.407444 0.010097  0.091642  0.001512  0.983035  0.183395  0.002811  -0.183416  0.982871  0.017983  0.000535  -0.018194  0.999834  0.003842  -0.013100  -0.003091  -0.097753  -0.003807  0.193731  2.000000  0.999382  0.035161  -0.000417  -0.035161  0.999382  0.000414  0.000431  -0.000399  1.000000  1.000000  0.000826  -0.000119  -0.000826  0.999997  -0.002304  0.000117  0.002304  0.999997  1.000000  0.000000  0.000000  0.000000  1.000000  0.000000  0.000000  0.000000  1.000000  0.999382  0.035161  -0.000417  -0.035161  0.999382  0.000414  0.000431  -0.000399  1.000000  0.000058  0.000000  
58.408445 0.010102  0.091630  0.001509  0.983035  0.183395  0.002811  -0.183416  0.982871  0.017983  0.000535  -0.018194  0.999834  0.003953  -0.013018  -0.003059  -0.097761  -0.003399  0.172968  2.000000  0.999382  0.035161  -0.000417  -0.035161  0.999382  0.000414  0.000431  -0.000399  1.000000  1.000000  0.000620  -0.000123  -0.000620  0.999997  -0.002304  0.000121  0.002304  0.999997  1.000000  0.000000  0.000000  0.000000  1.000000  0.000000  0.000000  0.000000  1.000000  0.999382  0.035161  -0.000417  -0.035161  0.999382  0.000414  0.000431  -0.000399  1.000000  0.000051  0.000000  
58.409694 0.010109  0.091615  0.001506  0.983035  0.183396  0.002789  -0.183416  0.982873  0.017864  0.000535  -0.018072  0.999837  0.004108  -0.012841  -0.002991  0.000000  0.000000  0.000000  2.000000  0.999382  0.035161  -0.000417  -0.035161  0.999382  0.000414  0.000431  -0.000399  1.000000  1.000000  0.000414  -0.000126  -0.000414  0.999998  -0.002183  0.000125  0.002183  0.999998  1.000000  0.000000  0.000000  0.000000  1.000000  0.000000  0.000000  0.000000  1.000000  0.999382  0.035161  -0.000417  -0.035161  0.999382  0.000414  0.000431  -0.000399  1.000000  0.000000  0.000000  
58.410699 0.010115  0.091604  0.001504  0.983035  0.183396  0.002766  -0.183416  0.982875  0.017745  0.000535  -0.017951  0.999839  0.004291  -0.012652  -0.002867  0.000000  0.000000  0.000000  2.000000  0.999382  0.035161  -0.000417  -0.035161  0.999382  0.000414  0.000431  -0.000399  1.000000  1.000000  0.000208  -0.000130  -0.000209  0.999998  -0.002183  0.000130  0.002183  0.999998  1.000000  0.000000  0.000000  0.000000  1.000000  0.000000  0.000000  0.000000  1.000000  0.999382  0.035161  -0.000417  -0.035161  0.999382  0.000414  0.000431  -0.000399  1.000000  0.000000  0.000000  
58.411943 0.010123  0.091591  0.001501  0.983035  0.183396  0.002744  -0.183416  0.982877  0.017625  0.000535  -0.017830  0.999841  0.004514  -0.012452  -0.002747  0.000000  0.000000  0.000000  2.000000  0.999382  0.035161  -0.000417  -0.035161  0.999382  0.000414  0.000431  -0.000399  1.000000  1.000000  0.000002  -0.000134  -0.000003  0.999998  -0.002062  0.000134  0.002062  0.999998  1.000000  0.000000  0.000000  0.000000  1.000000  0.000000  0.000000  0.000000  1.000000  0.999382  0.035161  -0.000417  -0.035161  0.999382  0.000414  0.000431  -0.000399  1.000000  0.000000  0.000000  
58.412944 0.010130  0.091579  0.001499  0.982997  0.183599  0.002748  -0.183619  0.982840  0.017625  0.000535  -0.017830  0.999841  0.004752  -0.012324  -0.002702  0.000000  0.000000  0.000000  2.000000  0.999382  0.035161  -0.000417  -0.035161  0.999382  0.000414  0.000431  -0.000399  1.000000  1.000000  0.000208  -0.000130  -0.000208  0.999998  -0.002062  0.000130  0.002062  0.999998  1.000000  0.000000  0.000000  0.000000  1.000000  0.000000  0.000000  0.000000  1.000000  0.999382  0.035161  -0.000417  -0.035161  0.999382  0.000414  0.000431  -0.000399  1.000000  0.000000  0.000000  
58.413945 0.010137  0.091569  0.001496  0.982997  0.183599  0.002748  -0.183619  0.982840  0.017625  0.000535  -0.017830  0.999841  0.005035  -0.012087  -0.002638  0.000000  0.000000  0.000000  2.000000  0.999382  0.035161  -0.000417  -0.035161  0.999382  0.000414  0.000431  -0.000399  1.000000  1.000000  0.000002  -0.000134  -0.000003  0.999998  -0.001941  0.000134  0.001941  0.999998  1.000000  0.000000  0.000000  0.000000  1.000000  0.000000  0.000000  0.000000  1.000000  0.999382  0.035161  -0.000417  -0.035161  0.999382  0.000414  0.000431  -0.000399  1.000000  0.000000  0.000000  
58.414950 0.010144  0.091558  0.001492  0.982997  0.183599  0.002748  -0.183619  0.982840  0.017625  0.000535  -0.017830  0.999841  0.005316  -0.011849  -0.002634  0.000000  0.000000  0.000000  2.000000  0.999382  0.035161  -0.000417  -0.035161  0.999382  0.000414  0.000431  -0.000399  1.000000  1.000000  0.000002  -0.000134  -0.000003  0.999998  -0.001819  0.000134  0.001819  0.999998  1.000000  0.000000  0.000000  0.000000  1.000000  0.000000  0.000000  0.000000  1.000000  0.999382  0.035161  -0.000417  -0.035161  0.999382  0.000414  0.000431  -0.000399  1.000000  0.000000  0.000000  
58.416195 0.010152  0.091545  0.001488  0.982960  0.183799  0.002883  -0.183821  0.982802  0.017600  0.000401  -0.017830  0.999841  0.005605  -0.011653  -0.002660  0.000000  0.000000  0.000000  2.000000  0.999382  0.035161  -0.000417  -0.035161  0.999382  0.000414  0.000431  -0.000399  1.000000  1.000000  0.000208  -0.000130  -0.000208  0.999999  -0.001698  0.000130  0.001698  0.999999  1.000000  0.000000  0.000000  0.000000  1.000000  0.000000  0.000000  0.000000  1.000000  0.999382  0.035161  -0.000417  -0.035161  0.999382  0.000414  0.000431  -0.000399  1.000000  0.000000  0.000000  
58.417447 0.010162  0.091531  0.001484  0.982960  0.183799  0.002883  -0.183821  0.982802  0.017600  0.000401  -0.017830  0.999841  0.005866  -0.011502  -0.002693  0.000000  0.000000  0.000000  2.000000  0.999382  0.035161  -0.000417  -0.035161  0.999382  0.000414  0.000431  -0.000399  1.000000  1.000000  0.000206  0.000004  -0.000206  0.999999  -0.001455  -0.000004  0.001455  0.999999  1.000000  0.000000  0.000000  0.000000  1.000000  0.000000  0.000000  0.000000  1.000000  0.999382  0.035161  -0.000417  -0.035161  0.999382  0.000414  0.000431  -0.000399  1.000000  0.000000  0.000000  
58.418698 0.010171  0.091519  0.001481  0.982922  0.184001  0.002887  -0.184023  0.982764  0.017599  0.000401  -0.017830  0.999841  0.006160  -0.011292  -0.002733  0.000000  0.000000  0.000000  2.000000  0.999382  0.035161  -0.000417  -0.035161  0.999382  0.000414  0.000431  -0.000399  1.000000  1.000000  0.000618  0.000011  -0.000617  0.999999  -0.001334  -0.000012  0.001334  0.999999  1.000000  0.000000  0.000000  0.000000  1.000000  0.000000  0.000000  0.000000  1.000000  0.999382  0.035161  -0.000417  -0.035161  0.999382  0.000414  0.000431  -0.000399  1.000000  0.000000  0.000000  
58.419944 0.010181  0.091507  0.001477  0.982884  0.184203  0.002890  -0.184226  0.982726  0.017598  0.000401  -0.017830  0.999841  0.006494  -0.011015  -0.002709  0.000000  0.000000  0.000000  2.000000  0.999382  0.035161  -0.000417  -0.035161  0.999382  0.000414  0.000431  -0.000399  1.000000  1.000000  0.000823  0.000015  -0.000823  0.999999  -0.001213  -0.000016  0.001213  0.999999  1.000000  0.000000  0.000000  0.000000  1.000000  0.000000  0.000000  0.000000  1.000000  0.999382  0.035161  -0.000417  -0.035161  0.999382  0.000414  0.000431  -0.000399  1.000000  0.000000  0.000000  
58.420944 0.010189  0.091498  0.001475  0.982846  0.184406  0.002894  -0.184428  0.982688  0.017598  0.000401  -0.017830  0.999841  0.006757  -0.010782  -0.002712  0.000000  0.000000  0.000000  2.000000  0.999382  0.035161  -0.000417  -0.035161  0.999382  0.000414  0.000431  -0.000399  1.000000  0.999999  0.001029  0.000018  -0.001029  0.999999  -0.001091  -0.000019  0.001091  0.999999  1.000000  0.000000  0.000000  0.000000  1.000000  0.000000  0.000000  0.000000  1.000000  0.999382  0.035161  -0.000417  -0.035161  0.999382  0.000414  0.000431  -0.000399  1.000000  0.000000  0.000000  
