1-Time 2-Px 3-Py 4-Pz 5-R11 6-R21 7-R31 8-R12 9-R22 10-R32 11-R13 12-R23 13-R33 14-Vx 15-Vy 16-Vz 17-Wx 18-Wy 19-Wz 20-state 21-PR11 22-PR21 23-PR31 24-PR12 25-PR22 26-PR32 27-PR13 28-PR23 29-PR33 
76.287077 0.004485  0.089076  -0.005261  0.993421  0.114207  -0.008471  -0.114210  0.993457  0.000119  0.008429  0.000849  0.999964  -0.000285  -0.000019  0.000423  0.000000  0.000000  0.000000  2.000000  1.000000  0.000000  0.000000  -0.000000  1.000000  0.000000  0.000000  -0.000000  1.000000  1.000000  -0.000411  0.000535  0.000411  1.000000  -0.000246  -0.000535  0.000246  1.000000  1.000000  0.000000  0.000000  0.000000  1.000000  0.000000  0.000000  0.000000  1.000000  0.590466  0.707971  -0.387463  -0.708431  0.684652  0.171394  0.386619  0.173288  0.905813  0.000000  0.000000  
76.288080 0.004485  0.089076  -0.005261  0.993421  0.114207  -0.008471  -0.114210  0.993457  0.000119  0.008429  0.000849  0.999964  -0.000289  -0.000054  0.000333  0.000000  0.000000  0.000000  2.000000  1.000000  0.000000  0.000000  0.000000  1.000000  0.000000  0.000000  0.000000  1.000000  1.000000  -0.000411  0.000536  0.000411  1.000000  -0.000367  -0.000535  0.000368  1.000000  1.000000  0.000000  0.000000  0.000000  1.000000  0.000000  0.000000  0.000000  1.000000  1.000000  0.000000  0.000000  0.000000  1.000000  0.000000  0.000000  0.000000  1.000000  0.000000  0.000000  
76.289333 0.004484  0.089073  -0.005264  0.993350  0.114821  -0.008471  -0.114824  0.993386  0.000124  0.008429  0.000849  0.999964  -0.000324  -0.000256  0.000111  0.000000  0.000000  0.000000  2.000000  1.000000  0.000000  0.000000  0.000000  1.000000  0.000000  0.000000  0.000000  1.000000  1.000000  0.000000  0.000535  -0.000000  1.000000  -0.000364  -0.000535  0.000364  1.000000  1.000000  0.000000  0.000000  0.000000  1.000000  0.000000  0.000000  0.000000  1.000000  1.000000  0.000000  0.000000  0.000000  1.000000  0.000000  0.000000  0.000000  1.000000  0.000000  0.000000  
76.290337 0.004484  0.089069  -0.005266  0.993279  0.115434  -0.008471  -0.115437  0.993315  0.000130  0.008429  0.000849  0.999964  -0.000337  -0.000488  -0.000134  0.000000  0.000000  0.000000  2.000000  1.000000  0.000000  0.000000  0.000000  1.000000  0.000000  0.000000  0.000000  1.000000  1.000000  0.000618  0.000401  -0.000618  1.000000  -0.000359  -0.000401  0.000358  1.000000  1.000000  0.000000  0.000000  0.000000  1.000000  0.000000  0.000000  0.000000  1.000000  1.000000  0.000000  0.000000  0.000000  1.000000  0.000000  0.000000  0.000000  1.000000  0.000000  0.000000  
76.291584 0.004483  0.089065  -0.005270  0.993209  0.116048  -0.008338  -0.116051  0.993243  0.000119  0.008295  0.000849  0.999965  -0.000353  -0.000800  -0.000413  0.000000  0.000000  0.000000  2.000000  1.000000  0.000000  0.000000  0.000000  1.000000  0.000000  0.000000  0.000000  1.000000  0.999999  0.001441  0.000534  -0.001441  0.999999  -0.000352  -0.000534  0.000351  1.000000  1.000000  0.000000  0.000000  0.000000  1.000000  0.000000  0.000000  0.000000  1.000000  1.000000  0.000000  0.000000  0.000000  1.000000  0.000000  0.000000  0.000000  1.000000  0.000000  0.000000  
76.292833 0.004484  0.089061  -0.005274  0.993162  0.116457  -0.008205  -0.116460  0.993195  0.000107  0.008162  0.000849  0.999966  -0.000265  -0.001072  -0.000755  0.000000  0.000000  0.000000  2.000000  1.000000  0.000000  0.000000  0.000000  1.000000  0.000000  0.000000  0.000000  1.000000  0.999998  0.002059  0.000667  -0.002059  0.999998  -0.000226  -0.000668  0.000224  1.000000  1.000000  0.000000  0.000000  0.000000  1.000000  0.000000  0.000000  0.000000  1.000000  1.000000  0.000000  0.000000  0.000000  1.000000  0.000000  0.000000  0.000000  1.000000  0.000000  0.000000  
76.293834 0.004485  0.089058  -0.005277  0.993113  0.116866  -0.008338  -0.116869  0.993147  0.000126  0.008295  0.000849  0.999965  -0.000215  -0.001251  -0.000959  0.000000  0.000000  0.000000  2.000000  1.000000  0.000000  0.000000  0.000000  1.000000  0.000000  0.000000  0.000000  1.000000  0.999997  0.002265  0.000533  -0.002265  0.999997  -0.000224  -0.000534  0.000223  1.000000  1.000000  0.000000  0.000000  0.000000  1.000000  0.000000  0.000000  0.000000  1.000000  1.000000  0.000000  0.000000  0.000000  1.000000  0.000000  0.000000  0.000000  1.000000  0.000000  0.000000  
76.295081 0.004486  0.089055  -0.005279  0.993015  0.117684  -0.008471  -0.117687  0.993051  0.000149  0.008429  0.000849  0.999964  -0.000113  -0.001433  -0.001168  0.000000  0.000000  0.000000  2.000000  1.000000  0.000000  0.000000  0.000000  1.000000  0.000000  0.000000  0.000000  1.000000  0.999995  0.003088  0.000265  -0.003088  0.999995  -0.000217  -0.000266  0.000216  1.000000  1.000000  0.000000  0.000000  0.000000  1.000000  0.000000  0.000000  0.000000  1.000000  1.000000  0.000000  0.000000  0.000000  1.000000  0.000000  0.000000  0.000000  1.000000  0.000000  0.000000  
76.296329 0.004487  0.089053  -0.005283  0.992891  0.118705  -0.008736  -0.118708  0.992929  0.000189  0.008697  0.000849  0.999962  0.000003  -0.001620  -0.001411  0.000000  0.000000  0.000000  2.000000  1.000000  0.000000  0.000000  0.000000  1.000000  0.000000  0.000000  0.000000  1.000000  0.999992  0.004117  0.000130  -0.004117  0.999992  -0.000207  -0.000131  0.000207  1.000000  1.000000  0.000000  0.000000  0.000000  1.000000  0.000000  0.000000  0.000000  1.000000  1.000000  0.000000  0.000000  0.000000  1.000000  0.000000  0.000000  0.000000  1.000000  0.000000  0.000000  
76.297330 0.004488  0.089050  -0.005287  0.992793  0.119522  -0.008750  -0.119526  0.992831  0.000076  0.008697  0.000970  0.999962  0.000062  -0.001838  -0.001740  0.000000  0.000000  0.000000  2.000000  1.000000  0.000000  0.000000  0.000000  1.000000  0.000000  0.000000  0.000000  1.000000  0.999988  0.004941  -0.000004  -0.004941  0.999988  -0.000200  0.000003  0.000200  1.000000  1.000000  0.000000  0.000000  0.000000  1.000000  0.000000  0.000000  0.000000  1.000000  1.000000  0.000000  0.000000  0.000000  1.000000  0.000000  0.000000  0.000000  1.000000  0.000000  0.000000  
76.298334 0.004488  0.089047  -0.005292  0.992669  0.120544  -0.008750  -0.120548  0.992708  0.000085  0.008697  0.000970  0.999962  0.000158  -0.002008  -0.002093  -0.014532  -0.008846  0.200622  2.000000  1.000000  0.000139  0.000241  -0.000139  1.000000  -0.000016  -0.000241  0.000016  1.000000  0.999982  0.005970  -0.000006  -0.005970  0.999982  -0.000312  0.000004  0.000312  1.000000  1.000000  0.000037  0.000065  -0.000037  1.000000  -0.000004  -0.000065  0.000004  1.000000  1.000000  0.000139  0.000241  -0.000139  1.000000  -0.000016  -0.000241  0.000016  1.000000  0.000049  0.005978  
76.299580 0.004490  0.089044  -0.005298  0.992546  0.121566  -0.008617  -0.121570  0.992583  0.000078  0.008563  0.000970  0.999963  0.000250  -0.002214  -0.002537  -0.014243  -0.013317  0.235216  2.000000  1.000000  0.000345  0.000597  -0.000345  1.000000  -0.000035  -0.000597  0.000035  1.000000  0.999976  0.006999  -0.000007  -0.006999  0.999975  -0.000303  0.000004  0.000303  1.000000  1.000000  0.000044  0.000076  -0.000044  1.000000  -0.000004  -0.000076  0.000004  1.000000  1.000000  0.000345  0.000597  -0.000345  1.000000  -0.000035  -0.000597  0.000035  1.000000  0.000057  0.007006  
76.300581 0.004491  0.089042  -0.005302  0.992420  0.122588  -0.008617  -0.122591  0.992457  0.000087  0.008563  0.000970  0.999963  0.000350  -0.002351  -0.002802  -0.013959  -0.008797  0.269831  2.000000  0.999999  0.000532  0.000926  -0.000532  1.000000  -0.000050  -0.000926  0.000050  1.000000  0.999968  0.008029  -0.000008  -0.008029  0.999968  -0.000295  0.000005  0.000295  1.000000  1.000000  0.000050  0.000087  -0.000050  1.000000  -0.000004  -0.000087  0.000004  1.000000  0.999999  0.000532  0.000926  -0.000532  1.000000  -0.000050  -0.000926  0.000050  1.000000  0.000066  0.008034  
76.301581 0.004492  0.089039  -0.005306  0.992294  0.123608  -0.008632  -0.123613  0.992331  -0.000025  0.008563  0.001092  0.999963  0.000451  -0.002487  -0.003066  -0.017732  -0.008752  0.304382  2.000000  0.999999  0.000746  0.001296  -0.000746  1.000000  -0.000063  -0.001296  0.000062  0.999999  0.999961  0.008852  -0.000008  -0.008852  0.999961  -0.000167  0.000007  0.000167  1.000000  1.000000  0.000055  0.000096  -0.000055  1.000000  -0.000002  -0.000096  0.000002  1.000000  0.999999  0.000746  0.001296  -0.000746  1.000000  -0.000063  -0.001296  0.000062  0.999999  0.000073  0.008854  
76.302597 0.004493  0.089036  -0.005311  0.992166  0.124629  -0.008632  -0.124634  0.992203  -0.000016  0.008563  0.001092  0.999963  0.000531  -0.002733  -0.003417  -0.013288  -0.008694  0.345701  2.000000  0.999998  0.000927  0.001610  -0.000927  1.000000  -0.000074  -0.001610  0.000073  0.999999  0.999949  0.010087  -0.000011  -0.010087  0.999949  -0.000277  0.000008  0.000278  1.000000  1.000000  0.000063  0.000109  -0.000063  1.000000  -0.000003  -0.000109  0.000003  1.000000  0.999998  0.000927  0.001610  -0.000927  1.000000  -0.000074  -0.001610  0.000073  0.999999  0.000085  0.010091  
76.303836 0.004494  0.089030  -0.005318  0.992010  0.125855  -0.008765  -0.125859  0.992048  0.000012  0.008697  0.001092  0.999962  0.000621  -0.002926  -0.003727  -0.012906  -0.004166  0.387309  2.000000  0.999997  0.001207  0.002087  -0.001207  0.999999  -0.000088  -0.002087  0.000086  0.999998  0.999934  0.011528  -0.000146  -0.011528  0.999934  -0.000264  0.000143  0.000265  1.000000  1.000000  0.000074  0.000124  -0.000074  1.000000  -0.000003  -0.000124  0.000003  1.000000  0.999997  0.001207  0.002087  -0.001207  0.999999  -0.000088  -0.002087  0.000086  0.999998  0.000095  0.011532  
76.304841 0.004495  0.089025  -0.005323  0.991880  0.126875  -0.008780  -0.126881  0.991918  -0.000100  0.008697  0.001213  0.999961  0.000733  -0.003051  -0.003890  -0.016745  0.000385  0.422882  2.000000  0.999995  0.001516  0.002607  -0.001516  0.999999  -0.000106  -0.002607  0.000102  0.999997  0.999921  0.012557  -0.000148  -0.012557  0.999921  -0.000376  0.000144  0.000378  1.000000  1.000000  0.000080  0.000135  -0.000080  1.000000  -0.000005  -0.000135  0.000005  1.000000  0.999995  0.001516  0.002607  -0.001516  0.999999  -0.000106  -0.002607  0.000102  0.999997  0.000104  0.012564  
76.306084 0.004496  0.089019  -0.005329  0.991722  0.128100  -0.008781  -0.128106  0.991761  -0.000089  0.008697  0.001213  0.999961  0.000833  -0.003175  -0.004023  -0.016347  0.000422  0.463428  2.000000  0.999993  0.001937  0.003318  -0.001937  0.999998  -0.000131  -0.003318  0.000124  0.999994  0.999905  0.013792  -0.000150  -0.013792  0.999905  -0.000365  0.000145  0.000367  1.000000  1.000000  0.000088  0.000148  -0.000088  1.000000  -0.000005  -0.000148  0.000005  1.000000  0.999993  0.001937  0.003318  -0.001937  0.999998  -0.000131  -0.003318  0.000124  0.999994  0.000114  0.013798  
76.307334 0.004497  0.089012  -0.005334  0.991563  0.129325  -0.008781  -0.129331  0.991602  -0.000078  0.008697  0.001213  0.999961  0.000902  -0.003368  -0.004116  -0.015985  0.000459  0.504921  2.000000  0.999989  0.002401  0.004093  -0.002401  0.999997  -0.000155  -0.004093  0.000145  0.999992  0.999887  0.015027  -0.000285  -0.015027  0.999887  -0.000354  0.000279  0.000359  1.000000  1.000000  0.000097  0.000161  -0.000097  1.000000  -0.000004  -0.000161  0.000004  1.000000  0.999989  0.002401  0.004093  -0.002401  0.999997  -0.000155  -0.004093  0.000145  0.999992  0.000125  0.015035  
76.308582 0.004500  0.089005  -0.005339  0.991404  0.130549  -0.008664  -0.130555  0.991441  -0.000205  0.008563  0.001334  0.999962  0.001062  -0.003646  -0.004217  -0.019738  -0.003965  0.546470  2.000000  0.999984  0.002904  0.004935  -0.002903  0.999996  -0.000173  -0.004935  0.000159  0.999988  0.999868  0.016262  -0.000152  -0.016262  0.999868  -0.000224  0.000149  0.000227  1.000000  1.000000  0.000103  0.000175  -0.000103  1.000000  -0.000003  -0.000175  0.000003  1.000000  0.999984  0.002904  0.004935  -0.002903  0.999996  -0.000173  -0.004935  0.000159  0.999988  0.000135  0.016265  
76.309834 0.004504  0.088996  -0.005346  0.991242  0.131773  -0.008664  -0.131780  0.991279  -0.000194  0.008563  0.001334  0.999962  0.001265  -0.003994  -0.004498  -0.019417  0.000571  0.587928  2.000000  0.999977  0.003435  0.005835  -0.003433  0.999994  -0.000197  -0.005835  0.000177  0.999983  0.999854  0.017086  -0.000155  -0.017086  0.999854  -0.000339  0.000150  0.000341  1.000000  1.000000  0.000108  0.000184  -0.000108  1.000000  -0.000004  -0.000184  0.000004  1.000000  0.999977  0.003435  0.005835  -0.003433  0.999994  -0.000197  -0.005835  0.000177  0.999983  0.000146  0.017091  
76.311079 0.004508  0.088987  -0.005354  0.991080  0.132998  -0.008532  -0.133004  0.991115  -0.000201  0.008429  0.001334  0.999964  0.001427  -0.004427  -0.004846  -0.015031  -0.003847  0.629527  2.000000  0.999971  0.003872  0.006583  -0.003871  0.999992  -0.000217  -0.006584  0.000192  0.999978  0.999843  0.017703  -0.000022  -0.017703  0.999843  -0.000336  0.000016  0.000336  1.000000  1.000000  0.000111  0.000192  -0.000111  1.000000  -0.000004  -0.000192  0.000004  1.000000  0.999971  0.003872  0.006583  -0.003871  0.999992  -0.000217  -0.006584  0.000192  0.999978  0.000156  0.017707  
76.312083 0.004511  0.088980  -0.005361  0.990970  0.133813  -0.008548  -0.133820  0.991006  -0.000314  0.008429  0.001456  0.999963  0.001573  -0.004713  -0.005045  -0.018815  -0.003771  0.664197  2.000000  0.999964  0.004321  0.007349  -0.004320  0.999991  -0.000239  -0.007350  0.000207  0.999973  0.999840  0.017909  -0.000159  -0.017909  0.999840  -0.000455  0.000150  0.000458  1.000000  1.000000  0.000114  0.000193  -0.000114  1.000000  -0.000006  -0.000193  0.000006  1.000000  0.999964  0.004321  0.007349  -0.004320  0.999991  -0.000239  -0.007350  0.000207  0.999973  0.000163  0.017916  
76.313333 0.004515  0.088970  -0.005371  0.990859  0.134629  -0.008548  -0.134636  0.990895  -0.000307  0.008429  0.001456  0.999963  0.001761  -0.005108  -0.005251  -0.018578  -0.003741  0.691786  2.000000  0.999953  0.004900  0.008328  -0.004898  0.999988  -0.000272  -0.008330  0.000231  0.999965  0.999832  0.018320  -0.000293  -0.018321  0.999832  -0.000452  0.000285  0.000457  1.000000  1.000000  0.000118  0.000197  -0.000118  1.000000  -0.000006  -0.000197  0.000006  1.000000  0.999953  0.004900  0.008328  -0.004898  0.999988  -0.000272  -0.008330  0.000231  0.999965  0.000171  0.018329  
76.314334 0.004519  0.088962  -0.005378  0.990749  0.135445  -0.008416  -0.135453  0.990784  -0.000318  0.008295  0.001456  0.999965  0.001964  -0.005520  -0.005416  -0.018388  -0.008205  0.719361  2.000000  0.999946  0.005258  0.008930  -0.005256  0.999986  -0.000292  -0.008931  0.000245  0.999960  0.999821  0.018938  -0.000160  -0.018938  0.999821  -0.000449  0.000151  0.000452  1.000000  1.000000  0.000120  0.000204  -0.000120  1.000000  -0.000006  -0.000204  0.000006  1.000000  0.999946  0.005258  0.008930  -0.005256  0.999986  -0.000292  -0.008931  0.000245  0.999960  0.000178  0.018945  
76.315582 0.004523  0.088951  -0.005387  0.990582  0.136668  -0.008301  -0.136676  0.990616  -0.000447  0.008162  0.001577  0.999965  0.002128  -0.006125  -0.005685  -0.022170  -0.012613  0.761075  2.000000  0.999933  0.005858  0.009968  -0.005855  0.999983  -0.000331  -0.009970  0.000273  0.999950  0.999813  0.019350  0.000105  -0.019350  0.999813  -0.000567  -0.000116  0.000565  1.000000  1.000000  0.000120  0.000210  -0.000120  1.000000  -0.000007  -0.000210  0.000007  1.000000  0.999933  0.005858  0.009968  -0.005855  0.999983  -0.000331  -0.009970  0.000273  0.999950  0.000189  0.019360  
76.316828 0.004527  0.088940  -0.005395  0.990441  0.137687  -0.008318  -0.137696  0.990474  -0.000558  0.008162  0.001698  0.999965  0.002335  -0.006654  -0.005893  -0.021937  -0.007981  0.795761  2.000000  0.999918  0.006445  0.011025  -0.006441  0.999979  -0.000375  -0.011028  0.000304  0.999939  0.999813  0.019351  0.000370  -0.019350  0.999813  -0.000691  -0.000383  0.000684  1.000000  1.000000  0.000117  0.000212  -0.000117  1.000000  -0.000009  -0.000212  0.000009  1.000000  0.999918  0.006445  0.011025  -0.006441  0.999979  -0.000375  -0.011028  0.000304  0.999939  0.000198  0.019368  
76.317828 0.004530  0.088931  -0.005401  0.990357  0.138298  -0.008202  -0.138308  0.990389  -0.000692  0.008028  0.001819  0.999966  0.002459  -0.006986  -0.005975  -0.025686  -0.012301  0.809917  2.000000  0.999906  0.006903  0.011875  -0.006899  0.999976  -0.000415  -0.011878  0.000333  0.999929  0.999817  0.019145  0.000638  -0.019145  0.999816  -0.000695  -0.000651  0.000683  1.000000  1.000000  0.000113  0.000211  -0.000113  1.000000  -0.000009  -0.000211  0.000009  1.000000  0.999906  0.006903  0.011875  -0.006899  0.999976  -0.000415  -0.011878  0.000333  0.999929  0.000201  0.019169  
76.318837 0.004532  0.088922  -0.005408  0.990272  0.138909  -0.008070  -0.138920  0.990303  -0.000705  0.007894  0.001819  0.999967  0.002608  -0.007270  -0.006017  -0.025888  -0.016885  0.823239  2.000000  0.999895  0.007241  0.012515  -0.007236  0.999974  -0.000447  -0.012518  0.000356  0.999922  0.999812  0.019351  0.000769  -0.019351  0.999813  -0.000696  -0.000782  0.000681  0.999999  1.000000  0.000113  0.000214  -0.000113  1.000000  -0.000009  -0.000214  0.000009  1.000000  0.999895  0.007241  0.012515  -0.007236  0.999974  -0.000447  -0.012518  0.000356  0.999922  0.000206  0.019380  
76.320080 0.004536  0.088911  -0.005415  0.990160  0.139724  -0.007840  -0.139735  0.990188  -0.000976  0.007626  0.002062  0.999969  0.002748  -0.007558  -0.006063  -0.034168  -0.025791  0.823696  2.000000  0.999878  0.007783  0.013563  -0.007777  0.999970  -0.000504  -0.013566  0.000398  0.999908  0.999824  0.018734  0.000902  -0.018734  0.999824  -0.000825  -0.000917  0.000808  0.999999  1.000000  0.000107  0.000208  -0.000107  1.000000  -0.000010  -0.000208  0.000010  1.000000  0.999878  0.007783  0.013563  -0.007777  0.999970  -0.000504  -0.013566  0.000398  0.999908  0.000206  0.018775  
76.321084 0.004539  0.088901  -0.005421  0.990074  0.140334  -0.007725  -0.140347  0.990102  -0.001110  0.007493  0.002183  0.999970  0.002912  -0.007907  -0.006220  -0.038343  -0.025733  0.823435  2.000000  0.999863  0.008205  0.014392  -0.008198  0.999966  -0.000558  -0.014396  0.000440  0.999896  0.999828  0.018529  0.001033  -0.018528  0.999828  -0.000953  -0.001051  0.000933  0.999999  1.000000  0.000105  0.000207  -0.000105  1.000000  -0.000012  -0.000207  0.000012  1.000000  0.999863  0.008205  0.014392  -0.008198  0.999966  -0.000558  -0.014396  0.000440  0.999896  0.000206  0.018583  
76.322085 0.004540  0.088891  -0.005428  0.990017  0.140741  -0.007610  -0.140755  0.990044  -0.001246  0.007359  0.002305  0.999970  0.002915  -0.008232  -0.006385  -0.042477  -0.025672  0.830373  2.000000  0.999847  0.008614  0.015207  -0.008606  0.999963  -0.000618  -0.015212  0.000487  0.999884  0.999835  0.018118  0.001166  -0.018116  0.999835  -0.001079  -0.001185  0.001058  0.999999  1.000000  0.000101  0.000203  -0.000101  1.000000  -0.000013  -0.000203  0.000013  1.000000  0.999847  0.008614  0.015207  -0.008606  0.999963  -0.000618  -0.015212  0.000487  0.999884  0.000208  0.018187  
76.323334 0.004542  0.088878  -0.005436  0.989902  0.141556  -0.007496  -0.141570  0.989927  -0.001379  0.007225  0.002426  0.999971  0.002855  -0.008613  -0.006594  -0.046443  -0.034591  0.844166  2.000000  0.999827  0.009098  0.016197  -0.009088  0.999958  -0.000698  -0.016202  0.000551  0.999869  0.999853  0.017089  0.001298  -0.017087  0.999853  -0.001210  -0.001318  0.001188  0.999998  1.000000  0.000093  0.000193  -0.000093  1.000000  -0.000015  -0.000193  0.000015  1.000000  0.999827  0.009098  0.016197  -0.009088  0.999958  -0.000698  -0.016202  0.000551  0.999869  0.000210  0.017181  
76.324335 0.004544  0.088866  -0.005444  0.989844  0.141963  -0.007381  -0.141978  0.989869  -0.001515  0.007091  0.002547  0.999972  0.002731  -0.008905  -0.006731  -0.050569  -0.043541  0.837197  2.000000  0.999812  0.009453  0.016952  -0.009441  0.999955  -0.000767  -0.016958  0.000607  0.999856  0.999866  0.016267  0.001565  -0.016264  0.999867  -0.001340  -0.001587  0.001314  0.999998  1.000000  0.000085  0.000186  -0.000085  1.000000  -0.000017  -0.000186  0.000017  1.000000  0.999812  0.009453  0.016952  -0.009441  0.999955  -0.000767  -0.016958  0.000607  0.999856  0.000210  0.016396  
76.325581 0.004546  0.088853  -0.005454  0.989816  0.142166  -0.007266  -0.142182  0.989839  -0.001652  0.006957  0.002668  0.999972  0.002599  -0.009260  -0.006917  -0.054864  -0.052534  0.809589  2.000000  0.999796  0.009783  0.017685  -0.009769  0.999952  -0.000839  -0.017693  0.000666  0.999843  0.999876  0.015650  0.001698  -0.015647  0.999877  -0.001346  -0.001719  0.001320  0.999998  1.000000  0.000079  0.000180  -0.000079  1.000000  -0.000017  -0.000180  0.000017  1.000000  0.999796  0.009783  0.017685  -0.009769  0.999952  -0.000839  -0.017693  0.000666  0.999843  0.000205  0.015798  
76.326586 0.004546  0.088843  -0.005462  0.989758  0.142573  -0.007152  -0.142589  0.989780  -0.001788  0.006824  0.002790  0.999973  0.002442  -0.009433  -0.006959  -0.059046  -0.061502  0.795749  2.000000  0.999780  0.010091  0.018390  -0.010076  0.999949  -0.000917  -0.018399  0.000732  0.999830  0.999885  0.015033  0.001832  -0.015030  0.999886  -0.001474  -0.001854  0.001446  0.999997  1.000000  0.000074  0.000174  -0.000074  1.000000  -0.000018  -0.000174  0.000018  1.000000  0.999780  0.010091  0.018390  -0.010076  0.999949  -0.000917  -0.018399  0.000732  0.999830  0.000200  0.015215  
76.327828 0.004548  0.088830  -0.005471  0.989730  0.142776  -0.007054  -0.142793  0.989750  -0.002046  0.006690  0.003032  0.999973  0.002320  -0.009636  -0.006932  -0.062877  -0.065377  0.761899  2.000000  0.999760  0.010444  0.019232  -0.010427  0.999945  -0.001025  -0.019242  0.000824  0.999815  0.999897  0.014210  0.001965  -0.014207  0.999898  -0.001724  -0.001989  0.001696  0.999997  1.000000  0.000067  0.000166  -0.000067  1.000000  -0.000021  -0.000166  0.000021  1.000000  0.999760  0.010444  0.019232  -0.010427  0.999945  -0.001025  -0.019242  0.000824  0.999815  0.000195  0.014447  
76.328832 0.004548  0.088819  -0.005477  0.989672  0.143183  -0.006940  -0.143201  0.989691  -0.002182  0.006556  0.003154  0.999974  0.002130  -0.009787  -0.006847  -0.067075  -0.069818  0.748170  2.000000  0.999745  0.010700  0.019872  -0.010680  0.999942  -0.001119  -0.019883  0.000906  0.999802  0.999908  0.013387  0.002099  -0.013384  0.999909  -0.001853  -0.002124  0.001824  0.999996  1.000000  0.000061  0.000158  -0.000061  1.000000  -0.000023  -0.000158  0.000023  1.000000  0.999745  0.010700  0.019872  -0.010680  0.999942  -0.001119  -0.019883  0.000906  0.999802  0.000189  0.013676  
76.330080 0.004548  0.088805  -0.005486  0.989643  0.143385  -0.006843  -0.143405  0.989661  -0.002440  0.006422  0.003396  0.999974  0.001781  -0.010091  -0.006819  -0.075464  -0.069784  0.720695  2.000000  0.999727  0.010995  0.020632  -0.010972  0.999939  -0.001242  -0.020644  0.001016  0.999786  0.999919  0.012564  0.002100  -0.012560  0.999919  -0.001860  -0.002123  0.001833  0.999996  1.000000  0.000056  0.000149  -0.000056  1.000000  -0.000023  -0.000149  0.000023  1.000000  0.999727  0.010995  0.020632  -0.010972  0.999939  -0.001242  -0.020644  0.001016  0.999786  0.000184  0.012872  
76.331327 0.004547  0.088789  -0.005496  0.989615  0.143589  -0.006596  -0.143609  0.989631  -0.002597  0.006155  0.003518  0.999975  0.001430  -0.010364  -0.006927  -0.079862  -0.078743  0.686457  2.000000  0.999709  0.011248  0.021339  -0.011222  0.999936  -0.001377  -0.021353  0.001137  0.999771  0.999934  0.011330  0.002101  -0.011325  0.999934  -0.002112  -0.002125  0.002088  0.999996  1.000000  0.000048  0.000136  -0.000048  1.000000  -0.000026  -0.000136  0.000026  1.000000  0.999709  0.011248  0.021339  -0.011222  0.999936  -0.001377  -0.021353  0.001137  0.999771  0.000176  0.011713  
76.332330 0.004545  0.088776  -0.005505  0.989587  0.143792  -0.006499  -0.143813  0.989601  -0.002855  0.006021  0.003760  0.999975  0.001145  -0.010622  -0.007066  -0.084204  -0.083164  0.652188  2.000000  0.999696  0.011420  0.021858  -0.011390  0.999934  -0.001494  -0.021874  0.001245  0.999760  0.999942  0.010508  0.002369  -0.010502  0.999942  -0.002363  -0.002394  0.002338  0.999994  1.000000  0.000040  0.000129  -0.000040  1.000000  -0.000029  -0.000129  0.000029  1.000000  0.999696  0.011420  0.021858  -0.011390  0.999934  -0.001494  -0.021874  0.001245  0.999760  0.000169  0.011025  
76.333331 0.004543  0.088763  -0.005514  0.989558  0.143994  -0.006402  -0.144016  0.989570  -0.003113  0.005887  0.004003  0.999975  0.000809  -0.010888  -0.007332  -0.092489  -0.092073  0.624748  2.000000  0.999686  0.011531  0.022231  -0.011498  0.999933  -0.001585  -0.022248  0.001329  0.999752  0.999948  0.009891  0.002504  -0.009885  0.999948  -0.002368  -0.002527  0.002343  0.999994  1.000000  0.000035  0.000123  -0.000035  1.000000  -0.000029  -0.000123  0.000029  1.000000  0.999686  0.011531  0.022231  -0.011498  0.999933  -0.001585  -0.022248  0.001329  0.999752  0.000161  0.010472  
76.334331 0.004541  0.088750  -0.005524  0.989559  0.143994  -0.006287  -0.144017  0.989570  -0.003253  0.005753  0.004124  0.999975  0.000446  -0.011147  -0.007530  -0.093621  -0.097392  0.588575  2.000000  0.999674  0.011662  0.022714  -0.011626  0.999931  -0.001716  -0.022733  0.001451  0.999741  0.999952  0.009481  0.002637  -0.009474  0.999952  -0.002614  -0.002662  0.002589  0.999993  1.000000  0.000031  0.000119  -0.000031  1.000000  -0.000033  -0.000119  0.000033  1.000000  0.999674  0.011662  0.022714  -0.011626  0.999931  -0.001716  -0.022733  0.001451  0.999741  0.000155  0.010179  
76.335333 0.004538  0.088737  -0.005533  0.989530  0.144197  -0.006190  -0.144220  0.989539  -0.003511  0.005620  0.004367  0.999975  0.000078  -0.011435  -0.007814  -0.101952  -0.101864  0.567763  2.000000  0.999662  0.011772  0.023162  -0.011732  0.999929  -0.001855  -0.023183  0.001582  0.999730  0.999959  0.008657  0.002639  -0.008651  0.999959  -0.002620  -0.002662  0.002597  0.999993  1.000000  0.000025  0.000110  -0.000025  1.000000  -0.000033  -0.000110  0.000033  1.000000  0.999662  0.011772  0.023162  -0.011732  0.999929  -0.001855  -0.023183  0.001582  0.999730  0.000149  0.009419  
76.336334 0.004535  0.088724  -0.005543  0.989530  0.144197  -0.006076  -0.144220  0.989539  -0.003650  0.005486  0.004488  0.999975  -0.000261  -0.011645  -0.008005  -0.105402  -0.105544  0.535723  2.000000  0.999652  0.011857  0.023574  -0.011813  0.999928  -0.001999  -0.023596  0.001720  0.999720  0.999967  0.007629  0.002642  -0.007621  0.999967  -0.002869  -0.002664  0.002849  0.999992  1.000000  0.000019  0.000099  -0.000019  1.000000  -0.000036  -0.000099  0.000036  1.000000  0.999652  0.011857  0.023574  -0.011813  0.999928  -0.001999  -0.023596  0.001720  0.999720  0.000140  0.008565  
76.337337 0.004532  0.088710  -0.005553  0.989531  0.144196  -0.005978  -0.144221  0.989538  -0.003909  0.005352  0.004730  0.999974  -0.000582  -0.011837  -0.008273  -0.114725  -0.110941  0.498509  2.000000  0.999642  0.011921  0.023948  -0.011872  0.999927  -0.002151  -0.023972  0.001866  0.999711  0.999973  0.006807  0.002778  -0.006798  0.999972  -0.002996  -0.002798  0.002977  0.999992  1.000000  0.000012  0.000091  -0.000012  1.000000  -0.000037  -0.000091  0.000037  1.000000  0.999642  0.011921  0.023948  -0.011872  0.999927  -0.002151  -0.023972  0.001866  0.999711  0.000133  0.007935  
76.338592 0.004527  0.088694  -0.005566  0.989532  0.144195  -0.005881  -0.144221  0.989537  -0.004169  0.005218  0.004973  0.999974  -0.001085  -0.012041  -0.008564  -0.119140  -0.110968  0.456961  2.000000  0.999631  0.011972  0.024371  -0.011918  0.999926  -0.002351  -0.024398  0.002060  0.999700  0.999978  0.005984  0.002780  -0.005975  0.999977  -0.003122  -0.002799  0.003106  0.999991  1.000000  0.000007  0.000082  -0.000007  1.000000  -0.000039  -0.000082  0.000039  1.000000  0.999631  0.011972  0.024371  -0.011918  0.999926  -0.002351  -0.024398  0.002060  0.999700  0.000124  0.007296  
76.339834 0.004522  0.088679  -0.005578  0.989533  0.144194  -0.005668  -0.144221  0.989535  -0.004567  0.004951  0.005337  0.999974  -0.001480  -0.012165  -0.008701  -0.133001  -0.121173  0.412440  2.000000  0.999624  0.011992  0.024670  -0.011933  0.999926  -0.002515  -0.024698  0.002220  0.999692  0.999984  0.004955  0.002650  -0.004946  0.999982  -0.003250  -0.002666  0.003237  0.999991  1.000000  0.000000  0.000000  0.000000  1.000000  0.000000  0.000000  0.000000  1.000000  0.999624  0.011992  0.024670  -0.011933  0.999926  -0.002515  -0.024698  0.002220  0.999692  0.000114  0.000000  
76.341080 0.004517  0.088663  -0.005590  0.989504  0.144398  -0.005572  -0.144425  0.989504  -0.004825  0.004817  0.005580  0.999973  -0.001920  -0.012329  -0.008794  -0.140187  -0.120119  0.381030  2.000000  0.999624  0.011992  0.024670  -0.011933  0.999926  -0.002515  -0.024698  0.002220  0.999692  0.999986  0.004544  0.002785  -0.004535  0.999984  -0.003374  -0.002800  0.003362  0.999990  1.000000  0.000000  0.000000  0.000000  1.000000  0.000000  0.000000  0.000000  1.000000  0.999624  0.011992  0.024670  -0.011933  0.999926  -0.002515  -0.024698  0.002220  0.999692  0.000106  0.000000  
76.342082 0.004514  0.088651  -0.005599  0.989505  0.144398  -0.005457  -0.144425  0.989503  -0.004965  0.004683  0.005701  0.999973  -0.002240  -0.012427  -0.008896  -0.139174  -0.123602  0.357287  2.000000  0.999624  0.011992  0.024670  -0.011933  0.999926  -0.002515  -0.024698  0.002220  0.999692  0.999988  0.004133  0.002786  -0.004123  0.999985  -0.003498  -0.002801  0.003487  0.999990  1.000000  0.000000  0.000000  0.000000  1.000000  0.000000  0.000000  0.000000  1.000000  0.999624  0.011992  0.024670  -0.011933  0.999926  -0.002515  -0.024698  0.002220  0.999692  0.000102  0.000000  
76.343085 0.004510  0.088639  -0.005607  0.989535  0.144193  -0.005359  -0.144221  0.989532  -0.005225  0.004549  0.005943  0.999972  -0.002589  -0.012592  -0.009067  -0.148738  -0.129214  0.325700  2.000000  0.999624  0.011992  0.024670  -0.011933  0.999926  -0.002515  -0.024698  0.002220  0.999692  0.999991  0.003310  0.002790  -0.003300  0.999988  -0.003624  -0.002802  0.003615  0.999990  1.000000  0.000000  0.000000  0.000000  1.000000  0.000000  0.000000  0.000000  1.000000  0.999624  0.011992  0.024670  -0.011933  0.999926  -0.002515  -0.024698  0.002220  0.999692  0.000097  0.000000  
76.344328 0.004505  0.088624  -0.005619  0.989536  0.144193  -0.005261  -0.144221  0.989530  -0.005485  0.004415  0.006186  0.999971  -0.002941  -0.012686  -0.009273  -0.155845  -0.128239  0.295635  2.000000  0.999624  0.011992  0.024670  -0.011933  0.999926  -0.002515  -0.024698  0.002220  0.999692  0.999992  0.002694  0.002793  -0.002683  0.999989  -0.003748  -0.002803  0.003741  0.999989  1.000000  0.000000  0.000000  0.000000  1.000000  0.000000  0.000000  0.000000  1.000000  0.999624  0.011992  0.024670  -0.011933  0.999926  -0.002515  -0.024698  0.002220  0.999692  0.000091  0.000000  
76.345335 0.004500  0.088611  -0.005630  0.989536  0.144192  -0.005164  -0.144221  0.989529  -0.005744  0.004282  0.006429  0.999970  -0.003192  -0.012722  -0.009511  -0.161478  -0.129386  0.256530  2.000000  0.999624  0.011992  0.024670  -0.011933  0.999926  -0.002515  -0.024698  0.002220  0.999692  0.999993  0.002283  0.002795  -0.002272  0.999990  -0.003872  -0.002804  0.003865  0.999989  1.000000  0.000000  0.000000  0.000000  1.000000  0.000000  0.000000  0.000000  1.000000  0.999624  0.011992  0.024670  -0.011933  0.999926  -0.002515  -0.024698  0.002220  0.999692  0.000085  0.000000  
76.346577 0.004494  0.088595  -0.005643  0.989537  0.144191  -0.005084  -0.144221  0.989526  -0.006123  0.004148  0.006793  0.999968  -0.003509  -0.012753  -0.009713  -0.168428  -0.132841  0.227030  2.000000  0.999624  0.011992  0.024670  -0.011933  0.999926  -0.002515  -0.024698  0.002220  0.999692  0.999994  0.001871  0.002797  -0.001861  0.999991  -0.003874  -0.002805  0.003869  0.999989  1.000000  0.000000  0.000000  0.000000  1.000000  0.000000  0.000000  0.000000  1.000000  0.999624  0.011992  0.024670  -0.011933  0.999926  -0.002515  -0.024698  0.002220  0.999692  0.000078  0.000000  
76.347580 0.004489  0.088581  -0.005655  0.989537  0.144191  -0.004987  -0.144221  0.989525  -0.006383  0.004014  0.007035  0.999967  -0.003749  -0.012803  -0.009867  -0.174098  -0.134023  0.201258  2.000000  0.999624  0.011992  0.024670  -0.011933  0.999926  -0.002515  -0.024698  0.002220  0.999692  0.999995  0.001666  0.002798  -0.001655  0.999991  -0.003996  -0.002805  0.003992  0.999988  1.000000  0.000000  0.000000  0.000000  1.000000  0.000000  0.000000  0.000000  1.000000  0.999624  0.011992  0.024670  -0.011933  0.999926  -0.002515  -0.024698  0.002220  0.999692  0.000075  0.000000  
76.348583 0.004485  0.088568  -0.005666  0.989567  0.143987  -0.004888  -0.144018  0.989553  -0.006643  0.003880  0.007278  0.999966  -0.003860  -0.012779  -0.010002  -0.182481  -0.134154  0.173635  2.000000  0.999624  0.011992  0.024670  -0.011933  0.999926  -0.002515  -0.024698  0.002220  0.999692  0.999995  0.001255  0.002801  -0.001244  0.999991  -0.004119  -0.002806  0.004116  0.999988  1.000000  0.000000  0.000000  0.000000  1.000000  0.000000  0.000000  0.000000  1.000000  0.999624  0.011992  0.024670  -0.011933  0.999926  -0.002515  -0.024698  0.002220  0.999692  0.000072  0.000000  
76.349828 0.004479  0.088551  -0.005680  0.989568  0.143987  -0.004790  -0.144018  0.989551  -0.006902  0.003746  0.007520  0.999965  -0.003994  -0.012794  -0.010136  -0.185171  -0.133120  0.151644  2.000000  0.999624  0.011992  0.024670  -0.011933  0.999926  -0.002515  -0.024698  0.002220  0.999692  0.999996  0.000844  0.002804  -0.000833  0.999991  -0.004121  -0.002807  0.004119  0.999988  1.000000  0.000000  0.000000  0.000000  1.000000  0.000000  0.000000  0.000000  1.000000  0.999624  0.011992  0.024670  -0.011933  0.999926  -0.002515  -0.024698  0.002220  0.999692  0.000069  0.000000  
76.350831 0.004475  0.088539  -0.005691  0.989568  0.143987  -0.004693  -0.144018  0.989549  -0.007162  0.003613  0.007763  0.999963  -0.004081  -0.012774  -0.010211  -0.186880  -0.129819  0.125220  2.000000  0.999624  0.011992  0.024670  -0.011933  0.999926  -0.002515  -0.024698  0.002220  0.999692  0.999996  0.000638  0.002671  -0.000627  0.999991  -0.004243  -0.002674  0.004241  0.999987  1.000000  0.000000  0.000000  0.000000  1.000000  0.000000  0.000000  0.000000  1.000000  0.999624  0.011992  0.024670  -0.011933  0.999926  -0.002515  -0.024698  0.002220  0.999692  0.000067  0.000000  
76.351833 0.004472  0.088526  -0.005701  0.989569  0.143987  -0.004578  -0.144018  0.989548  -0.007301  0.003479  0.007884  0.999963  -0.004123  -0.012709  -0.010223  -0.186962  -0.129867  0.111389  2.000000  0.999624  0.011992  0.024670  -0.011933  0.999926  -0.002515  -0.024698  0.002220  0.999692  0.999997  0.000432  0.002539  -0.000421  0.999990  -0.004365  -0.002541  0.004364  0.999987  1.000000  0.000000  0.000000  0.000000  1.000000  0.000000  0.000000  0.000000  1.000000  0.999624  0.011992  0.024670  -0.011933  0.999926  -0.002515  -0.024698  0.002220  0.999692  0.000064  0.000000  
76.353083 0.004468  0.088511  -0.005715  0.989569  0.143987  -0.004480  -0.144018  0.989546  -0.007560  0.003345  0.008127  0.999961  -0.004047  -0.012679  -0.010290  -0.191196  -0.129990  0.083729  2.000000  0.999624  0.011992  0.024670  -0.011933  0.999926  -0.002515  -0.024698  0.002220  0.999692  0.999997  0.000225  0.002407  -0.000215  0.999991  -0.004245  -0.002408  0.004244  0.999988  1.000000  0.000000  0.000000  0.000000  1.000000  0.000000  0.000000  0.000000  1.000000  0.999624  0.011992  0.024670  -0.011933  0.999926  -0.002515  -0.024698  0.002220  0.999692  0.000062  0.000000  
76.354338 0.004465  0.088495  -0.005730  0.989570  0.143987  -0.004383  -0.144018  0.989544  -0.007820  0.003211  0.008369  0.999960  -0.003996  -0.012629  -0.010412  -0.197002  -0.131146  0.070502  2.000000  0.999624  0.011992  0.024670  -0.011933  0.999926  -0.002515  -0.024698  0.002220  0.999692  0.999997  0.000020  0.002408  -0.000010  0.999991  -0.004124  -0.002408  0.004124  0.999989  1.000000  0.000000  0.000000  0.000000  1.000000  0.000000  0.000000  0.000000  1.000000  0.999624  0.011992  0.024670  -0.011933  0.999926  -0.002515  -0.024698  0.002220  0.999692  0.000060  0.000000  
76.355587 0.004461  0.088480  -0.005744  0.989570  0.143988  -0.004268  -0.144018  0.989543  -0.007959  0.003077  0.008491  0.999959  -0.003861  -0.012580  -0.010593  -0.191338  -0.130103  0.056091  2.000000  0.999624  0.011992  0.024670  -0.011933  0.999926  -0.002515  -0.024698  0.002220  0.999692  0.999997  -0.000185  0.002410  0.000195  0.999991  -0.004125  -0.002409  0.004125  0.999989  1.000000  0.000000  0.000000  0.000000  1.000000  0.000000  0.000000  0.000000  1.000000  0.999624  0.011992  0.024670  -0.011933  0.999926  -0.002515  -0.024698  0.002220  0.999692  0.000060  0.000000  
76.356834 0.004458  0.088465  -0.005759  0.989571  0.143989  -0.004153  -0.144018  0.989542  -0.008098  0.002944  0.008612  0.999959  -0.003799  -0.012638  -0.010859  -0.191396  -0.130147  0.049191  2.000000  0.999624  0.011992  0.024670  -0.011933  0.999926  -0.002515  -0.024698  0.002220  0.999692  0.999997  -0.000185  0.002410  0.000195  0.999992  -0.004003  -0.002409  0.004004  0.999989  1.000000  0.000000  0.000000  0.000000  1.000000  0.000000  0.000000  0.000000  1.000000  0.999624  0.011992  0.024670  -0.011933  0.999926  -0.002515  -0.024698  0.002220  0.999692  0.000059  0.000000  
76.357837 0.004456  0.088453  -0.005771  0.989571  0.143987  -0.004188  -0.144018  0.989540  -0.008338  0.002944  0.008855  0.999956  -0.003673  -0.012641  -0.011082  -0.195493  -0.125691  0.035339  2.000000  0.999624  0.011992  0.024670  -0.011933  0.999926  -0.002515  -0.024698  0.002220  0.999692  0.999997  -0.000185  0.002410  0.000194  0.999992  -0.003882  -0.002409  0.003883  0.999990  1.000000  0.000000  0.000000  0.000000  1.000000  0.000000  0.000000  0.000000  1.000000  0.999624  0.011992  0.024670  -0.011933  0.999926  -0.002515  -0.024698  0.002220  0.999692  0.000058  0.000000  
76.359082 0.004453  0.088437  -0.005786  0.989571  0.143988  -0.004073  -0.144018  0.989539  -0.008478  0.002810  0.008976  0.999956  -0.003481  -0.012651  -0.011343  -0.191500  -0.125757  0.028451  2.000000  0.999624  0.011992  0.024670  -0.011933  0.999926  -0.002515  -0.024698  0.002220  0.999692  0.999997  -0.000185  0.002276  0.000194  0.999992  -0.003882  -0.002276  0.003883  0.999990  1.000000  0.000000  0.000000  0.000000  1.000000  0.000000  0.000000  0.000000  1.000000  0.999624  0.011992  0.024670  -0.011933  0.999926  -0.002515  -0.024698  0.002220  0.999692  0.000059  0.000000  
76.360085 0.004452  0.088425  -0.005798  0.989571  0.143989  -0.003958  -0.144018  0.989537  -0.008617  0.002676  0.009097  0.999955  -0.003255  -0.012591  -0.011363  -0.191556  -0.121311  0.021520  2.000000  0.999624  0.011992  0.024670  -0.011933  0.999926  -0.002515  -0.024698  0.002220  0.999692  0.999997  -0.000185  0.002276  0.000194  0.999993  -0.003761  -0.002276  0.003761  0.999990  1.000000  0.000000  0.000000  0.000000  1.000000  0.000000  0.000000  0.000000  1.000000  0.999624  0.011992  0.024670  -0.011933  0.999926  -0.002515  -0.024698  0.002220  0.999692  0.000058  0.000000  
