1-Time 2-Px 3-Py 4-Pz 5-R11 6-R21 7-R31 8-R12 9-R22 10-R32 11-R13 12-R23 13-R33 14-Vx 15-Vy 16-Vz 17-Wx 18-Wy 19-Wz 20-state 21-PR11 22-PR21 23-PR31 24-PR12 25-PR22 26-PR32 27-PR13 28-PR23 29-PR33 
250.522602 0.009772  0.095876  -0.005231  0.989983  0.139808  0.019674  -0.027725  0.055872  0.998053  0.138437  -0.988601  0.059188  0.000678  0.000490  0.000225  0.052695  -0.202204  0.034522  2.000000  1.000000  0.000000  0.000000  0.000000  -0.000000  1.000000  0.000000  -1.000000  -0.000000  0.999992  0.000777  0.004039  -0.000781  0.999999  0.001053  -0.004038  -0.001056  0.999991  1.000000  0.000000  0.000000  0.000000  1.000000  0.000000  0.000000  0.000000  1.000000  0.590538  0.577301  0.563904  -0.568116  -0.198882  0.798555  0.573157  -0.791940  0.210527  0.000053  0.000000  
250.523603 0.009773  0.095877  -0.005231  0.989977  0.139820  0.019880  -0.027929  0.055843  0.998049  0.138437  -0.988601  0.059188  0.000695  0.000523  0.000282  0.052697  -0.202212  0.034523  2.000000  1.000000  0.000000  0.000000  0.000000  -0.000000  1.000000  0.000000  -1.000000  -0.000000  0.999993  0.000753  0.003632  -0.000756  0.999999  0.000996  -0.003631  -0.000999  0.999993  1.000000  0.000000  0.000000  0.000000  1.000000  0.000000  0.000000  0.000000  1.000000  1.000000  0.000000  0.000000  0.000000  -0.000000  1.000000  0.000000  -1.000000  -0.000000  0.000052  0.000000  
250.524603 0.009775  0.095877  -0.005231  0.989954  0.139866  0.020702  -0.028744  0.055728  0.998032  0.138437  -0.988601  0.059188  0.000757  0.000500  0.000290  0.055535  -0.222543  0.035745  2.000000  1.000000  0.000000  0.000000  0.000000  -0.000000  1.000000  0.000000  -1.000000  -0.000000  0.999991  0.000789  0.004242  -0.000793  0.999999  0.001081  -0.004242  -0.001084  0.999990  1.000000  0.000000  0.000000  0.000000  1.000000  0.000000  0.000000  0.000000  1.000000  1.000000  0.000000  0.000000  0.000000  -0.000000  1.000000  0.000000  -1.000000  -0.000000  0.000057  0.000000  
250.525604 0.009777  0.095877  -0.005232  0.989930  0.139811  0.022165  -0.030171  0.055409  0.998008  0.138304  -0.988627  0.059070  0.000856  0.000444  0.000238  0.061716  -0.265729  0.033996  2.000000  1.000000  0.000018  0.000129  -0.000129  -0.000033  1.000000  0.000018  -1.000000  -0.000033  0.999986  0.000715  0.005268  -0.000722  0.999999  0.001344  -0.005267  -0.001348  0.999985  1.000000  0.000009  0.000066  -0.000009  1.000000  0.000017  -0.000066  -0.000017  1.000000  1.000000  0.000018  0.000129  -0.000129  -0.000033  1.000000  0.000018  -1.000000  -0.000033  0.000065  0.005484  
250.526853 0.009781  0.095877  -0.005233  0.989923  0.139626  0.023619  -0.031599  0.055216  0.997974  0.138039  -0.988664  0.059072  0.001051  0.000416  0.000169  0.067429  -0.307601  0.022997  2.000000  1.000000  0.000057  0.000502  -0.000502  -0.000120  1.000000  0.000057  -1.000000  -0.000120  0.999979  0.000520  0.006505  -0.000529  0.999999  0.001392  -0.006505  -0.001396  0.999978  1.000000  0.000007  0.000081  -0.000007  1.000000  0.000017  -0.000081  -0.000017  1.000000  1.000000  0.000057  0.000502  -0.000502  -0.000120  1.000000  0.000057  -1.000000  -0.000120  0.000077  0.006673  
250.528106 0.009785  0.095877  -0.005234  0.989901  0.139562  0.024860  -0.032823  0.055048  0.997944  0.137907  -0.988682  0.059073  0.001259  0.000385  0.000066  0.071218  -0.335205  0.020151  2.000000  1.000000  0.000082  0.000942  -0.000942  -0.000212  1.000000  0.000082  -1.000000  -0.000212  0.999973  0.000300  0.007335  -0.000312  0.999999  0.001507  -0.007335  -0.001509  0.999972  1.000000  0.000004  0.000092  -0.000004  1.000000  0.000019  -0.000092  -0.000019  1.000000  1.000000  0.000082  0.000942  -0.000942  -0.000212  1.000000  0.000082  -1.000000  -0.000212  0.000085  0.007495  
250.529357 0.009790  0.095878  -0.005234  0.989848  0.139751  0.025879  -0.033841  0.054900  0.997918  0.138039  -0.988664  0.059072  0.001582  0.000414  0.000003  0.075060  -0.362301  0.026285  2.000000  0.999999  0.000102  0.001421  -0.001421  -0.000309  0.999999  0.000102  -1.000000  -0.000309  0.999968  0.000336  0.007946  -0.000349  0.999999  0.001592  -0.007946  -0.001594  0.999967  1.000000  0.000004  0.000099  -0.000004  1.000000  0.000020  -0.000099  -0.000020  1.000000  0.999999  0.000102  0.001421  -0.001421  -0.000309  0.999999  0.000102  -1.000000  -0.000309  0.000092  0.008111  
250.530608 0.009796  0.095879  -0.005234  0.989780  0.139962  0.027309  -0.035267  0.054694  0.997880  0.138172  -0.988645  0.059071  0.001917  0.000454  0.000044  0.080797  -0.402982  0.033233  2.000000  0.999998  0.000131  0.001856  -0.001856  -0.000394  0.999998  0.000132  -1.000000  -0.000394  0.999960  0.000663  0.008948  -0.000679  0.999998  0.001733  -0.008947  -0.001739  0.999958  1.000000  0.000008  0.000112  -0.000008  1.000000  0.000022  -0.000112  -0.000022  1.000000  0.999998  0.000131  0.001856  -0.001856  -0.000394  0.999998  0.000132  -1.000000  -0.000394  0.000100  0.009139  
250.531855 0.009802  0.095880  -0.005233  0.989665  0.140449  0.028929  -0.036895  0.054448  0.997835  0.138569  -0.988590  0.059067  0.002306  0.000496  0.000081  0.082551  -0.443259  0.049143  2.000000  0.999997  0.000185  0.002478  -0.002478  -0.000506  0.999997  0.000186  -1.000000  -0.000505  0.999944  0.000892  0.010568  -0.000911  0.999998  0.001840  -0.010566  -0.001849  0.999942  1.000000  0.000011  0.000132  -0.000011  1.000000  0.000023  -0.000132  -0.000023  1.000000  0.999997  0.000185  0.002478  -0.002478  -0.000506  0.999997  0.000186  -1.000000  -0.000505  0.000113  0.010765  
250.532859 0.009806  0.095881  -0.005232  0.989577  0.140685  0.030753  -0.038728  0.054304  0.997773  0.138702  -0.988564  0.059186  0.002519  0.000501  0.000070  0.086140  -0.497587  0.056934  2.000000  0.999995  0.000243  0.003052  -0.003052  -0.000605  0.999995  0.000244  -1.000000  -0.000604  0.999928  0.001242  0.011977  -0.001266  0.999997  0.002038  -0.011974  -0.002053  0.999926  1.000000  0.000016  0.000150  -0.000016  1.000000  0.000026  -0.000150  -0.000026  1.000000  0.999995  0.000243  0.003052  -0.003052  -0.000605  0.999995  0.000244  -1.000000  -0.000604  0.000124  0.012214  
250.533859 0.009810  0.095883  -0.005231  0.989503  0.140786  0.032601  -0.040561  0.054043  0.997714  0.138702  -0.988564  0.059186  0.002715  0.000592  0.000130  0.092839  -0.545470  0.059813  2.000000  0.999993  0.000308  0.003697  -0.003696  -0.000708  0.999993  0.000310  -1.000000  -0.000706  0.999909  0.001326  0.013401  -0.001354  0.999997  0.002115  -0.013399  -0.002133  0.999908  1.000000  0.000017  0.000168  -0.000017  1.000000  0.000027  -0.000168  -0.000027  1.000000  0.999993  0.000308  0.003697  -0.003696  -0.000708  0.999993  0.000310  -1.000000  -0.000706  0.000136  0.013634  
250.535110 0.009815  0.095886  -0.005231  0.989427  0.140776  0.034869  -0.042803  0.053730  0.997638  0.138569  -0.988583  0.059187  0.003005  0.000756  0.000118  0.102371  -0.614167  0.059440  2.000000  0.999989  0.000394  0.004618  -0.004618  -0.000852  0.999989  0.000398  -1.000000  -0.000851  0.999877  0.001322  0.015648  -0.001360  0.999996  0.002425  -0.015645  -0.002446  0.999875  1.000000  0.000017  0.000196  -0.000017  1.000000  0.000030  -0.000196  -0.000030  1.000000  0.999989  0.000394  0.004618  -0.004618  -0.000852  0.999989  0.000398  -1.000000  -0.000851  0.000153  0.015893  
250.536360 0.009820  0.095889  -0.005230  0.989337  0.140780  0.037324  -0.045248  0.053509  0.997542  0.138437  -0.988594  0.059308  0.003271  0.000949  0.000130  0.103751  -0.682930  0.059072  2.000000  0.999985  0.000461  0.005467  -0.005467  -0.000979  0.999985  0.000467  -0.999999  -0.000977  0.999843  0.001307  0.017691  -0.001351  0.999996  0.002465  -0.017688  -0.002489  0.999840  1.000000  0.000017  0.000221  -0.000017  1.000000  0.000031  -0.000221  -0.000031  1.000000  0.999985  0.000461  0.005467  -0.005467  -0.000979  0.999985  0.000467  -0.999999  -0.000977  0.000170  0.017913  
250.537606 0.009825  0.095892  -0.005229  0.989222  0.140917  0.039771  -0.047692  0.053282  0.997440  0.138437  -0.988587  0.059428  0.003590  0.001122  0.000185  0.109262  -0.751434  0.058729  2.000000  0.999978  0.000549  0.006667  -0.006666  -0.001145  0.999977  0.000557  -0.999999  -0.001141  0.999800  0.001438  0.019930  -0.001491  0.999995  0.002654  -0.019926  -0.002683  0.999798  1.000000  0.000018  0.000249  -0.000018  1.000000  0.000033  -0.000249  -0.000033  1.000000  0.999978  0.000549  0.006667  -0.006666  -0.001145  0.999977  0.000557  -0.999999  -0.001141  0.000187  0.020161  
250.538607 0.009830  0.095897  -0.005226  0.989122  0.141036  0.041790  -0.049728  0.053234  0.997343  0.138437  -0.988572  0.059668  0.003850  0.001376  0.000279  0.109717  -0.812970  0.062530  2.000000  0.999972  0.000606  0.007468  -0.007467  -0.001250  0.999971  0.000616  -0.999999  -0.001245  0.999758  0.001557  0.021965  -0.001619  0.999995  0.002815  -0.021961  -0.002850  0.999755  1.000000  0.000020  0.000275  -0.000020  1.000000  0.000035  -0.000275  -0.000035  1.000000  0.999972  0.000606  0.007468  -0.007467  -0.001250  0.999971  0.000616  -0.999999  -0.001245  0.000201  0.022203  
250.539859 0.009836  0.095903  -0.005223  0.988988  0.141294  0.044024  -0.051967  0.053028  0.997240  0.138569  -0.988546  0.059787  0.004059  0.001779  0.000539  0.115264  -0.881075  0.071194  2.000000  0.999960  0.000704  0.008927  -0.008926  -0.001429  0.999959  0.000717  -0.999999  -0.001423  0.999706  0.001691  0.024203  -0.001761  0.999994  0.002885  -0.024198  -0.002927  0.999703  1.000000  0.000022  0.000303  -0.000022  1.000000  0.000036  -0.000303  -0.000036  1.000000  0.999960  0.000704  0.008927  -0.008926  -0.001429  0.999959  0.000717  -0.999999  -0.001423  0.000219  0.024438  
250.541109 0.009842  0.095910  -0.005221  0.988864  0.141315  0.046666  -0.054614  0.052899  0.997105  0.138437  -0.988550  0.060028  0.004271  0.002304  0.000754  0.114509  -0.963596  0.067226  2.000000  0.999944  0.000816  0.010527  -0.010525  -0.001613  0.999943  0.000833  -0.999998  -0.001605  0.999649  0.001824  0.026441  -0.001900  0.999994  0.002831  -0.026436  -0.002880  0.999646  1.000000  0.000023  0.000331  -0.000023  1.000000  0.000036  -0.000331  -0.000036  1.000000  0.999944  0.000816  0.010527  -0.010525  -0.001613  0.999943  0.000833  -0.999998  -0.001605  0.000238  0.026660  
250.542353 0.009848  0.095917  -0.005220  0.988726  0.141457  0.049095  -0.057057  0.052792  0.996974  0.138437  -0.988536  0.060268  0.004426  0.002732  0.000919  0.115947  -1.032160  0.071495  2.000000  0.999924  0.000928  0.012279  -0.012277  -0.001798  0.999923  0.000950  -0.999998  -0.001786  0.999575  0.001848  0.029094  -0.001935  0.999994  0.002954  -0.029088  -0.003009  0.999572  1.000000  0.000024  0.000364  -0.000024  1.000000  0.000037  -0.000364  -0.000037  1.000000  0.999924  0.000928  0.012279  -0.012277  -0.001798  0.999923  0.000950  -0.999998  -0.001786  0.000259  0.029309  
250.543354 0.009854  0.095922  -0.005220  0.988613  0.141456  0.051326  -0.059297  0.052721  0.996847  0.138304  -0.988540  0.060508  0.004512  0.003047  0.000953  0.117286  -1.100780  0.071279  2.000000  0.999904  0.001014  0.013793  -0.013791  -0.001950  0.999903  0.001041  -0.999998  -0.001936  0.999520  0.001693  0.030940  -0.001785  0.999994  0.002968  -0.030935  -0.003022  0.999517  1.000000  0.000022  0.000387  -0.000022  1.000000  0.000037  -0.000387  -0.000037  1.000000  0.999904  0.001014  0.013793  -0.013791  -0.001950  0.999903  0.001041  -0.999998  -0.001936  0.000272  0.031136  
250.544603 0.009861  0.095927  -0.005222  0.988456  0.141495  0.054156  -0.062148  0.052684  0.996676  0.138172  -0.988536  0.060869  0.004615  0.003345  0.000823  0.117434  -1.190179  0.072416  2.000000  0.999874  0.001123  0.015829  -0.015826  -0.002144  0.999872  0.001157  -0.999997  -0.002126  0.999441  0.001706  0.033390  -0.001809  0.999994  0.003063  -0.033384  -0.003122  0.999438  1.000000  0.000022  0.000417  -0.000022  1.000000  0.000039  -0.000417  -0.000039  1.000000  0.999874  0.001123  0.015829  -0.015826  -0.002144  0.999872  0.001157  -0.999997  -0.002126  0.000294  0.033582  
250.545854 0.009868  0.095932  -0.005225  0.988287  0.141650  0.056789  -0.064793  0.052547  0.996514  0.138172  -0.988521  0.061109  0.004696  0.003612  0.000627  0.116705  -1.272542  0.077505  2.000000  0.999838  0.001235  0.017979  -0.017976  -0.002335  0.999836  0.001277  -0.999997  -0.002312  0.999392  0.001928  0.034806  -0.002030  0.999994  0.002891  -0.034800  -0.002960  0.999390  1.000000  0.000025  0.000435  -0.000025  1.000000  0.000037  -0.000435  -0.000037  1.000000  0.999838  0.001235  0.017979  -0.017976  -0.002335  0.999836  0.001277  -0.999997  -0.002312  0.000317  0.034989  
250.547103 0.009875  0.095937  -0.005229  0.988128  0.141672  0.059429  -0.067439  0.052418  0.996345  0.138039  -0.988525  0.061350  0.004806  0.003858  0.000223  0.119909  -1.354608  0.078164  2.000000  0.999804  0.001336  0.019763  -0.019759  -0.002478  0.999802  0.001385  -0.999996  -0.002451  0.999349  0.002007  0.036027  -0.002109  0.999994  0.002812  -0.036021  -0.002886  0.999347  1.000000  0.000026  0.000450  -0.000026  1.000000  0.000036  -0.000450  -0.000036  1.000000  0.999804  0.001336  0.019763  -0.019759  -0.002478  0.999802  0.001385  -0.999996  -0.002451  0.000334  0.036203  
250.548106 0.009881  0.095941  -0.005234  0.987987  0.141787  0.061463  -0.069473  0.052247  0.996215  0.138039  -0.988517  0.061470  0.004949  0.003915  -0.000164  0.125483  -1.423246  0.077935  2.000000  0.999766  0.001443  0.021594  -0.021590  -0.002618  0.999763  0.001499  -0.999996  -0.002586  0.999319  0.002195  0.036832  -0.002295  0.999994  0.002676  -0.036826  -0.002759  0.999318  1.000000  0.000028  0.000460  -0.000028  1.000000  0.000034  -0.000460  -0.000034  1.000000  0.999766  0.001443  0.021594  -0.021590  -0.002618  0.999763  0.001499  -0.999996  -0.002586  0.000353  0.037006  
250.549356 0.009889  0.095943  -0.005242  0.987779  0.142074  0.064086  -0.072115  0.052100  0.996035  0.138172  -0.988484  0.061709  0.005179  0.003944  -0.000738  0.128901  -1.504970  0.087615  2.000000  0.999712  0.001592  0.023959  -0.023955  -0.002791  0.999709  0.001658  -0.999995  -0.002752  0.999258  0.002564  0.038443  -0.002668  0.999993  0.002652  -0.038436  -0.002752  0.999257  1.000000  0.000033  0.000481  -0.000033  1.000000  0.000034  -0.000481  -0.000034  1.000000  0.999712  0.001592  0.023959  -0.023955  -0.002791  0.999709  0.001658  -0.999995  -0.002752  0.000373  0.038633  
250.550362 0.009896  0.095944  -0.005249  0.987613  0.142208  0.066307  -0.074352  0.052019  0.995874  0.138172  -0.988469  0.061948  0.005381  0.003874  -0.001223  0.126208  -1.572968  0.091874  2.000000  0.999662  0.001721  0.025932  -0.025927  -0.002932  0.999660  0.001796  -0.999994  -0.002886  0.999193  0.002528  0.040078  -0.002641  0.999993  0.002759  -0.040070  -0.002863  0.999193  1.000000  0.000032  0.000501  -0.000032  1.000000  0.000035  -0.000501  -0.000035  1.000000  0.999662  0.001721  0.025932  -0.025927  -0.002932  0.999660  0.001796  -0.999994  -0.002886  0.000392  0.040266  
250.551374 0.009902  0.095944  -0.005256  0.987445  0.142212  0.068758  -0.076793  0.051799  0.995701  0.138039  -0.988480  0.062070  0.005515  0.003645  -0.001817  0.133439  -1.654566  0.092475  2.000000  0.999608  0.001838  0.027954  -0.027949  -0.003069  0.999605  0.001923  -0.999994  -0.003016  0.999160  0.002317  0.040907  -0.002427  0.999994  0.002634  -0.040900  -0.002731  0.999160  1.000000  0.000030  0.000511  -0.000030  1.000000  0.000034  -0.000511  -0.000034  1.000000  0.999608  0.001838  0.027954  -0.027949  -0.003069  0.999605  0.001923  -0.999994  -0.003016  0.000411  0.041071  
250.552602 0.009909  0.095943  -0.005267  0.987236  0.142368  0.071388  -0.079436  0.051660  0.995501  0.138039  -0.988465  0.062309  0.005633  0.003379  -0.002562  0.137014  -1.738594  0.093326  2.000000  0.999547  0.001944  0.030049  -0.030042  -0.003209  0.999543  0.002039  -0.999993  -0.003149  0.999109  0.002125  0.042142  -0.002240  0.999994  0.002691  -0.042136  -0.002783  0.999108  1.000000  0.000027  0.000527  -0.000027  1.000000  0.000034  -0.000527  -0.000034  1.000000  0.999547  0.001944  0.030049  -0.030042  -0.003209  0.999543  0.002039  -0.999993  -0.003149  0.000428  0.042297  
250.553604 0.009915  0.095943  -0.005276  0.987070  0.142483  0.073420  -0.081468  0.051487  0.995345  0.138039  -0.988457  0.062429  0.005706  0.003092  -0.003294  0.140572  -1.793056  0.096784  2.000000  0.999497  0.002018  0.031655  -0.031648  -0.003311  0.999494  0.002121  -0.999992  -0.003246  0.999075  0.001914  0.042970  -0.002027  0.999995  0.002572  -0.042965  -0.002656  0.999073  1.000000  0.000025  0.000537  -0.000025  1.000000  0.000033  -0.000537  -0.000033  1.000000  0.999497  0.002018  0.031655  -0.031648  -0.003311  0.999494  0.002121  -0.999992  -0.003246  0.000446  0.043105  
250.554606 0.009921  0.095943  -0.005285  0.986901  0.142598  0.075452  -0.083500  0.051314  0.995186  0.138039  -0.988450  0.062549  0.005808  0.002737  -0.004185  0.137302  -1.828562  0.098959  2.000000  0.999426  0.002113  0.033823  -0.033816  -0.003451  0.999422  0.002228  -0.999992  -0.003378  0.999048  0.001954  0.043580  -0.002072  0.999994  0.002656  -0.043575  -0.002743  0.999046  1.000000  0.000025  0.000545  -0.000025  1.000000  0.000034  -0.000545  -0.000034  1.000000  0.999426  0.002113  0.033823  -0.033816  -0.003451  0.999422  0.002228  -0.999992  -0.003378  0.000459  0.043721  
250.555610 0.009927  0.095943  -0.005296  0.986727  0.142712  0.077483  -0.085531  0.051141  0.995022  0.138039  -0.988442  0.062669  0.005845  0.002295  -0.005078  0.136674  -1.853648  0.109635  2.000000  0.999349  0.002209  0.035999  -0.035991  -0.003586  0.999346  0.002337  -0.999991  -0.003504  0.999048  0.001960  0.043580  -0.002072  0.999995  0.002534  -0.043575  -0.002622  0.999047  1.000000  0.000025  0.000545  -0.000025  1.000000  0.000032  -0.000545  -0.000032  1.000000  0.999349  0.002209  0.035999  -0.035991  -0.003586  0.999346  0.002337  -0.999991  -0.003504  0.000462  0.043714  
250.556861 0.009935  0.095943  -0.005310  0.986494  0.142999  0.079881  -0.087967  0.051139  0.994810  0.138172  -0.988401  0.063028  0.005970  0.001787  -0.006128  0.128283  -1.880606  0.120646  2.000000  0.999248  0.002341  0.038714  -0.038705  -0.003742  0.999244  0.002484  -0.999990  -0.003649  0.999066  0.002348  0.043149  -0.002446  0.999995  0.002224  -0.043143  -0.002328  0.999066  1.000000  0.000030  0.000539  -0.000030  1.000000  0.000028  -0.000539  -0.000028  1.000000  0.999248  0.002341  0.038714  -0.038705  -0.003742  0.999244  0.002484  -0.999990  -0.003649  0.000471  0.043286  
250.558099 0.009942  0.095941  -0.005327  0.986292  0.143135  0.082099  -0.090201  0.051056  0.994614  0.138172  -0.988385  0.063267  0.006005  0.001354  -0.007196  0.125686  -1.912869  0.127304  2.000000  0.999139  0.002485  0.041407  -0.041397  -0.003886  0.999135  0.002644  -0.999989  -0.003779  0.999075  0.002351  0.042945  -0.002443  0.999995  0.002075  -0.042939  -0.002178  0.999075  1.000000  0.000030  0.000537  -0.000030  1.000000  0.000027  -0.000537  -0.000027  1.000000  0.999139  0.002485  0.041407  -0.041397  -0.003886  0.999135  0.002644  -0.999989  -0.003779  0.000479  0.043075  
250.559102 0.009948  0.095941  -0.005340  0.986142  0.143249  0.083685  -0.091825  0.051182  0.994459  0.138172  -0.988362  0.063627  0.006020  0.001058  -0.007939  0.117503  -1.949612  0.125503  2.000000  0.999048  0.002600  0.043540  -0.043529  -0.003992  0.999044  0.002771  -0.999989  -0.003875  0.999101  0.002326  0.042334  -0.002408  0.999995  0.001869  -0.042329  -0.001970  0.999102  1.000000  0.000030  0.000529  -0.000030  1.000000  0.000024  -0.000529  -0.000024  1.000000  0.999048  0.002600  0.043540  -0.043529  -0.003992  0.999044  0.002771  -0.999989  -0.003875  0.000485  0.042454  
250.560106 0.009953  0.095941  -0.005354  0.986008  0.143222  0.085296  -0.093451  0.051200  0.994307  0.138039  -0.988365  0.063868  0.005986  0.000718  -0.008888  0.112274  -1.961791  0.117522  2.000000  0.998954  0.002710  0.045643  -0.045632  -0.004090  0.998950  0.002894  -0.999988  -0.003962  0.999118  0.002179  0.041935  -0.002257  0.999996  0.001813  -0.041931  -0.001906  0.999119  1.000000  0.000028  0.000524  -0.000028  1.000000  0.000023  -0.000524  -0.000023  1.000000  0.998954  0.002710  0.045643  -0.045632  -0.004090  0.998950  0.002894  -0.999988  -0.003962  0.000490  0.042045  
250.561353 0.009960  0.095942  -0.005373  0.985812  0.143238  0.087504  -0.095685  0.051250  0.994091  0.137907  -0.988360  0.064229  0.005938  0.000487  -0.009815  0.103063  -1.981855  0.105733  2.000000  0.998855  0.002808  0.047751  -0.047739  -0.004179  0.998851  0.003005  -0.999987  -0.004040  0.999101  0.001952  0.042358  -0.002023  0.999997  0.001632  -0.042354  -0.001716  0.999101  1.000000  0.000025  0.000530  -0.000025  1.000000  0.000021  -0.000530  -0.000021  1.000000  0.998855  0.002808  0.047751  -0.047739  -0.004179  0.998851  0.003005  -0.999987  -0.004040  0.000497  0.042448  
250.562608 0.009965  0.095943  -0.005391  0.985652  0.143233  0.089302  -0.097514  0.051359  0.993908  0.137774  -0.988355  0.064590  0.005803  0.000188  -0.010754  0.090126  -1.975975  0.092323  2.000000  0.998727  0.002932  0.050366  -0.050353  -0.004279  0.998722  0.003143  -0.999987  -0.004126  0.999135  0.002052  0.041536  -0.002112  0.999997  0.001393  -0.041533  -0.001480  0.999136  1.000000  0.000026  0.000519  -0.000026  1.000000  0.000018  -0.000519  -0.000018  1.000000  0.998727  0.002932  0.050366  -0.050353  -0.004279  0.998722  0.003143  -0.999987  -0.004126  0.000496  0.041623  
250.563854 0.009971  0.095943  -0.005411  0.985469  0.143362  0.091091  -0.099340  0.051455  0.993722  0.137774  -0.988332  0.064949  0.005680  0.000085  -0.011463  0.080151  -1.962594  0.091960  2.000000  0.998593  0.003052  0.052936  -0.052923  -0.004364  0.998589  0.003278  -0.999986  -0.004196  0.999168  0.002024  0.040722  -0.002068  0.999997  0.001033  -0.040720  -0.001116  0.999170  1.000000  0.000026  0.000509  -0.000026  1.000000  0.000013  -0.000509  -0.000013  1.000000  0.998593  0.003052  0.052936  -0.052923  -0.004364  0.998589  0.003278  -0.999986  -0.004196  0.000493  0.040798  
250.564864 0.009975  0.095944  -0.005426  0.985346  0.143459  0.092267  -0.100557  0.051640  0.993590  0.137774  -0.988308  0.065309  0.005500  -0.000025  -0.012102  0.063655  -1.943877  0.095392  2.000000  0.998484  0.003150  0.054945  -0.054931  -0.004421  0.998480  0.003388  -0.999985  -0.004241  0.999210  0.001972  0.039705  -0.002009  0.999998  0.000893  -0.039703  -0.000972  0.999211  1.000000  0.000025  0.000496  -0.000025  1.000000  0.000012  -0.000496  -0.000012  1.000000  0.998484  0.003150  0.054945  -0.054931  -0.004421  0.998480  0.003388  -0.999985  -0.004241  0.000486  0.039775  
250.566104 0.009980  0.095944  -0.005447  0.985161  0.143709  0.093842  -0.102178  0.051751  0.993419  0.137907  -0.988266  0.065667  0.005323  0.000000  -0.012808  0.054105  -1.920711  0.103555  2.000000  0.998374  0.003258  0.056917  -0.056902  -0.004468  0.998370  0.003507  -0.999985  -0.004275  0.999234  0.002217  0.039077  -0.002245  0.999997  0.000683  -0.039075  -0.000770  0.999236  1.000000  0.000028  0.000489  -0.000028  1.000000  0.000009  -0.000489  -0.000009  1.000000  0.998374  0.003258  0.056917  -0.056902  -0.004468  0.998370  0.003507  -0.999985  -0.004275  0.000481  0.039156  
250.567358 0.009985  0.095943  -0.005468  0.985012  0.143818  0.095221  -0.103597  0.051906  0.993264  0.137907  -0.988242  0.066027  0.005129  0.000002  -0.013629  0.038753  -1.882019  0.101418  2.000000  0.998234  0.003394  0.059312  -0.059297  -0.004508  0.998230  0.003655  -0.999984  -0.004299  0.999289  0.002148  0.037652  -0.002163  0.999998  0.000365  -0.037651  -0.000447  0.999291  1.000000  0.000027  0.000471  -0.000027  1.000000  0.000005  -0.000471  -0.000005  1.000000  0.998234  0.003394  0.059312  -0.059297  -0.004508  0.998230  0.003655  -0.999984  -0.004299  0.000474  0.037725  
250.568608 0.009991  0.095942  -0.005491  0.984840  0.143950  0.096787  -0.105219  0.052151  0.993081  0.137907  -0.988210  0.066506  0.005023  -0.000094  -0.014466  0.026779  -1.854898  0.100371  2.000000  0.998094  0.003531  0.061616  -0.061599  -0.004529  0.998091  0.003804  -0.999984  -0.004303  0.999334  0.002220  0.036423  -0.002224  0.999998  0.000071  -0.036423  -0.000152  0.999336  1.000000  0.000028  0.000455  -0.000028  1.000000  0.000001  -0.000455  -0.000001  1.000000  0.998094  0.003531  0.061616  -0.061599  -0.004529  0.998091  0.003804  -0.999984  -0.004303  0.000466  0.036499  
250.569859 0.009997  0.095940  -0.005517  0.984684  0.143941  0.098379  -0.106843  0.052289  0.992900  0.137774  -0.988204  0.066867  0.004931  -0.000235  -0.015269  0.018875  -1.828082  0.090204  2.000000  0.997980  0.003638  0.063429  -0.063412  -0.004530  0.997977  0.003918  -0.999983  -0.004290  0.999349  0.002074  0.036024  -0.002067  0.999998  -0.000227  -0.036025  0.000153  0.999351  1.000000  0.000026  0.000450  -0.000026  1.000000  -0.000002  -0.000450  0.000002  1.000000  0.997980  0.003638  0.063429  -0.063412  -0.004530  0.997977  0.003918  -0.999983  -0.004290  0.000459  0.036092  
250.571109 0.010004  0.095938  -0.005543  0.984547  0.143921  0.099766  -0.108264  0.052457  0.992737  0.137642  -0.988198  0.067228  0.004869  -0.000287  -0.016154  0.009773  -1.793580  0.088541  2.000000  0.997837  0.003758  0.065633  -0.065616  -0.004512  0.997835  0.004046  -0.999983  -0.004256  0.999392  0.001748  0.034821  -0.001727  0.999998  -0.000633  -0.034822  0.000573  0.999393  1.000000  0.000022  0.000435  -0.000022  1.000000  -0.000008  -0.000435  0.000008  1.000000  0.997837  0.003758  0.065633  -0.065616  -0.004512  0.997835  0.004046  -0.999983  -0.004256  0.000452  0.034877  
250.572358 0.010012  0.095937  -0.005570  0.984390  0.144045  0.101127  -0.109683  0.052731  0.992567  0.137642  -0.988165  0.067708  0.004892  -0.000372  -0.016920  -0.004230  -1.752541  0.091038  2.000000  0.997695  0.003871  0.067746  -0.067729  -0.004470  0.997694  0.004165  -0.999983  -0.004198  0.999448  0.001790  0.033185  -0.001759  0.999998  -0.000983  -0.033186  0.000924  0.999449  1.000000  0.000022  0.000415  -0.000022  1.000000  -0.000012  -0.000415  0.000012  1.000000  0.997695  0.003871  0.067746  -0.067729  -0.004470  0.997694  0.004165  -0.999983  -0.004198  0.000440  0.033253  
250.573607 0.010021  0.095935  -0.005597  0.984254  0.144147  0.102300  -0.110899  0.052915  0.992422  0.137642  -0.988140  0.068067  0.005025  -0.000411  -0.017566  -0.015949  -1.697696  0.088001  2.000000  0.997557  0.003983  0.069740  -0.069722  -0.004397  0.997557  0.004280  -0.999982  -0.004109  0.999507  0.001689  0.031353  -0.001643  0.999998  -0.001478  -0.031356  0.001425  0.999507  1.000000  0.000021  0.000392  -0.000021  1.000000  -0.000018  -0.000392  0.000018  1.000000  0.997557  0.003983  0.069740  -0.069722  -0.004397  0.997557  0.004280  -0.999982  -0.004109  0.000430  0.031438  
250.574856 0.010031  0.095934  -0.005623  0.984121  0.144383  0.103243  -0.111910  0.053233  0.992292  0.137774  -0.988089  0.068545  0.005263  -0.000481  -0.018245  -0.032691  -1.635120  0.093540  2.000000  0.997425  0.004095  0.071605  -0.071587  -0.004294  0.997425  0.004392  -0.999982  -0.003990  0.999569  0.001701  0.029310  -0.001643  0.999997  -0.002000  -0.029313  0.001951  0.999568  1.000000  0.000021  0.000366  -0.000021  1.000000  -0.000025  -0.000366  0.000025  1.000000  0.997425  0.004095  0.071605  -0.071587  -0.004294  0.997425  0.004392  -0.999982  -0.003990  0.000413  0.029430  
250.575858 0.010040  0.095933  -0.005644  0.983987  0.144607  0.104202  -0.112921  0.053430  0.992166  0.137907  -0.988046  0.068904  0.005511  -0.000600  -0.018669  -0.039654  -1.602459  0.096403  2.000000  0.997321  0.004185  0.073036  -0.073018  -0.004190  0.997322  0.004480  -0.999982  -0.003873  0.999598  0.001649  0.028292  -0.001582  0.999996  -0.002383  -0.028296  0.002337  0.999597  1.000000  0.000020  0.000354  -0.000020  1.000000  -0.000030  -0.000354  0.000030  1.000000  0.997321  0.004185  0.073036  -0.073018  -0.004190  0.997322  0.004480  -0.999982  -0.003873  0.000405  0.028442  
250.577104 0.010051  0.095931  -0.005672  0.983847  0.144724  0.105358  -0.114136  0.053733  0.992011  0.137907  -0.988012  0.069383  0.005907  -0.000764  -0.019320  -0.055439  -1.559712  0.098656  2.000000  0.997193  0.004302  0.074750  -0.074733  -0.004035  0.997195  0.004591  -0.999983  -0.003702  0.999632  0.001581  0.027071  -0.001506  0.999995  -0.002791  -0.027075  0.002749  0.999630  1.000000  0.000019  0.000338  -0.000019  1.000000  -0.000035  -0.000338  0.000035  1.000000  0.997193  0.004302  0.074750  -0.074733  -0.004035  0.997195  0.004591  -0.999983  -0.003702  0.000393  0.027261  
250.578351 0.010063  0.095928  -0.005701  0.983705  0.144842  0.106513  -0.115351  0.054035  0.991854  0.137907  -0.987978  0.069862  0.006253  -0.000987  -0.019852  -0.066856  -1.519630  0.096598  2.000000  0.997092  0.004389  0.076077  -0.076060  -0.003892  0.997096  0.004672  -0.999983  -0.003546  0.999649  0.001554  0.026460  -0.001472  0.999994  -0.003118  -0.026464  0.003077  0.999645  1.000000  0.000019  0.000331  -0.000019  1.000000  -0.000039  -0.000331  0.000039  1.000000  0.997092  0.004389  0.076077  -0.076060  -0.003892  0.997096  0.004672  -0.999983  -0.003546  0.000383  0.026689  
250.579601 0.010074  0.095924  -0.005730  0.983586  0.144950  0.107463  -0.116364  0.054367  0.991718  0.137907  -0.987944  0.070342  0.006681  -0.001306  -0.020522  -0.083378  -1.458962  0.088625  2.000000  0.996968  0.004496  0.077679  -0.077663  -0.003696  0.996973  0.004769  -0.999983  -0.003336  0.999680  0.001481  0.025239  -0.001395  0.999993  -0.003407  -0.025244  0.003371  0.999676  1.000000  0.000018  0.000316  -0.000018  1.000000  -0.000042  -0.000316  0.000042  1.000000  0.996968  0.004496  0.077679  -0.077663  -0.003696  0.996973  0.004769  -0.999983  -0.003336  0.000369  0.025511  
250.580603 0.010084  0.095921  -0.005753  0.983471  0.145165  0.108218  -0.117171  0.054593  0.991610  0.138039  -0.987900  0.070700  0.007064  -0.001531  -0.021040  -0.098105  -1.410919  0.094697  2.000000  0.996871  0.004583  0.078911  -0.078896  -0.003529  0.996877  0.004847  -0.999983  -0.003157  0.999701  0.001702  0.024406  -0.001616  0.999992  -0.003523  -0.024412  0.003483  0.999696  1.000000  0.000021  0.000305  -0.000021  1.000000  -0.000044  -0.000305  0.000044  1.000000  0.996871  0.004583  0.078911  -0.078896  -0.003529  0.996877  0.004847  -0.999983  -0.003157  0.000358  0.024718  
250.581606 0.010094  0.095918  -0.005776  0.983375  0.145250  0.108981  -0.117981  0.054834  0.991501  0.138039  -0.987874  0.071059  0.007437  -0.001717  -0.021424  -0.112635  -1.355178  0.091368  2.000000  0.996777  0.004680  0.080092  -0.080076  -0.003353  0.996783  0.004933  -0.999983  -0.002968  0.999730  0.001761  0.023176  -0.001675  0.999992  -0.003695  -0.023183  0.003655  0.999725  1.000000  0.000021  0.000290  -0.000021  1.000000  -0.000046  -0.000290  0.000046  1.000000  0.996777  0.004680  0.080092  -0.080076  -0.003353  0.996783  0.004933  -0.999983  -0.002968  0.000345  0.023534  
250.582615 0.010104  0.095916  -0.005799  0.983234  0.145477  0.109940  -0.118991  0.055029  0.991369  0.138172  -0.987830  0.071417  0.007905  -0.001790  -0.021805  -0.129299  -1.309585  0.093158  2.000000  0.996685  0.004779  0.081216  -0.081201  -0.003170  0.996693  0.005020  -0.999984  -0.002771  0.999744  0.001727  0.022566  -0.001639  0.999991  -0.003901  -0.022572  0.003863  0.999738  1.000000  0.000021  0.000282  -0.000021  1.000000  -0.000049  -0.000282  0.000049  1.000000  0.996685  0.004779  0.081216  -0.081201  -0.003170  0.996693  0.005020  -0.999984  -0.002771  0.000336  0.022964  
250.583854 0.010117  0.095914  -0.005827  0.983111  0.145574  0.110907  -0.120003  0.055240  0.991235  0.138172  -0.987804  0.071777  0.008418  -0.001863  -0.022146  -0.138146  -1.268090  0.090586  2.000000  0.996594  0.004888  0.082321  -0.082307  -0.002977  0.996603  0.005117  -0.999984  -0.002564  0.999757  0.001962  0.021936  -0.001873  0.999990  -0.004109  -0.021944  0.004067  0.999751  1.000000  0.000024  0.000274  -0.000024  1.000000  -0.000051  -0.000274  0.000051  1.000000  0.996594  0.004888  0.082321  -0.082307  -0.002977  0.996603  0.005117  -0.999984  -0.002564  0.000321  0.022401  
250.584856 0.010127  0.095913  -0.005850  0.983019  0.145794  0.111439  -0.120608  0.055615  0.991141  0.138304  -0.987751  0.072255  0.008705  -0.001791  -0.022217  -0.155864  -1.226879  0.092631  2.000000  0.996504  0.005005  0.083395  -0.083382  -0.002778  0.996514  0.005219  -0.999984  -0.002351  0.999771  0.002061  0.021315  -0.001970  0.999989  -0.004315  -0.021324  0.004272  0.999763  1.000000  0.000025  0.000267  -0.000025  1.000000  -0.000054  -0.000267  0.000054  1.000000  0.996504  0.005005  0.083395  -0.083382  -0.002778  0.996514  0.005219  -0.999984  -0.002351  0.000312  0.021842  
250.586104 0.010141  0.095912  -0.005877  0.982876  0.146037  0.112379  -0.121618  0.055930  0.991000  0.138437  -0.987697  0.072733  0.009117  -0.001735  -0.022307  -0.171463  -1.172285  0.093806  2.000000  0.996415  0.005127  0.084443  -0.084431  -0.002568  0.996426  0.005325  -0.999984  -0.002126  0.999779  0.002176  0.020898  -0.002083  0.999988  -0.004492  -0.020907  0.004448  0.999772  1.000000  0.000027  0.000261  -0.000027  1.000000  -0.000056  -0.000261  0.000056  1.000000  0.996415  0.005127  0.084443  -0.084431  -0.002568  0.996426  0.005325  -0.999984  -0.002126  0.000300  0.021482  
250.587359 0.010154  0.095912  -0.005905  0.982750  0.146149  0.113328  -0.122629  0.056260  0.990857  0.138437  -0.987661  0.073212  0.009556  -0.001635  -0.022317  -0.184513  -1.127387  0.086811  2.000000  0.996307  0.005272  0.085704  -0.085692  -0.002296  0.996319  0.005450  -0.999983  -0.001835  0.999796  0.001995  0.020093  -0.001903  0.999988  -0.004602  -0.020102  0.004563  0.999788  1.000000  0.000024  0.000251  -0.000024  1.000000  -0.000057  -0.000251  0.000057  1.000000  0.996307  0.005272  0.085704  -0.085692  -0.002296  0.996319  0.005450  -0.999983  -0.001835  0.000289  0.020706  
250.588361 0.010165  0.095912  -0.005926  0.982630  0.146382  0.114063  -0.123436  0.056604  0.990737  0.138569  -0.987607  0.073690  0.009817  -0.001545  -0.022297  -0.197384  -1.092883  0.089337  2.000000  0.996221  0.005393  0.086688  -0.086678  -0.002066  0.996234  0.005551  -0.999983  -0.001591  0.999804  0.002109  0.019675  -0.002013  0.999986  -0.004901  -0.019685  0.004860  0.999794  1.000000  0.000026  0.000246  -0.000026  1.000000  -0.000061  -0.000246  0.000061  1.000000  0.996221  0.005393  0.086688  -0.086678  -0.002066  0.996234  0.005551  -0.999983  -0.001591  0.000280  0.020382  
250.589612 0.010180  0.095913  -0.005953  0.982503  0.146496  0.115012  -0.124448  0.056934  0.990591  0.138569  -0.987572  0.074169  0.010071  -0.001410  -0.022337  -0.206292  -1.058212  0.091889  2.000000  0.996115  0.005546  0.087889  -0.087880  -0.001772  0.996129  0.005681  -0.999983  -0.001277  0.999816  0.002075  0.019064  -0.001980  0.999986  -0.004985  -0.019074  0.004947  0.999806  1.000000  0.000025  0.000238  -0.000025  1.000000  -0.000062  -0.000238  0.000062  1.000000  0.996115  0.005546  0.087889  -0.087880  -0.001772  0.996129  0.005681  -0.999983  -0.001277  0.000272  0.019810  
250.590857 0.010194  0.095914  -0.005980  0.982374  0.146625  0.115942  -0.125459  0.057384  0.990438  0.138569  -0.987526  0.074768  0.010294  -0.001268  -0.022413  -0.220253  -1.016841  0.094005  2.000000  0.996012  0.005707  0.089033  -0.089026  -0.001464  0.996028  0.005815  -0.999983  -0.000950  0.999831  0.002160  0.018240  -0.002065  0.999984  -0.005222  -0.018251  0.005183  0.999820  1.000000  0.000026  0.000228  -0.000026  1.000000  -0.000065  -0.000228  0.000065  1.000000  0.996012  0.005707  0.089033  -0.089026  -0.001464  0.996028  0.005815  -0.999983  -0.000950  0.000266  0.019091  
250.592103 0.010208  0.095914  -0.006009  0.982226  0.146872  0.116881  -0.126468  0.057697  0.990291  0.138702  -0.987471  0.075246  0.010418  -0.001109  -0.022425  -0.228146  -0.989382  0.097011  2.000000  0.995911  0.005879  0.090146  -0.090141  -0.001140  0.995928  0.005958  -0.999982  -0.000605  0.999838  0.002408  0.017812  -0.002310  0.999982  -0.005523  -0.017825  0.005481  0.999826  1.000000  0.000029  0.000223  -0.000029  1.000000  -0.000069  -0.000223  0.000069  1.000000  0.995911  0.005879  0.090146  -0.090141  -0.001140  0.995928  0.005958  -0.999982  -0.000605  0.000258  0.018798  
250.593351 0.010221  0.095914  -0.006037  0.982069  0.147014  0.118015  -0.127681  0.058116  0.990111  0.138702  -0.987426  0.075844  0.010586  -0.000925  -0.022451  -0.235368  -0.974094  0.100655  2.000000  0.995810  0.006057  0.091240  -0.091237  -0.000810  0.995829  0.006105  -0.999981  -0.000254  0.999842  0.002402  0.017607  -0.002304  0.999982  -0.005551  -0.017620  0.005510  0.999830  1.000000  0.000029  0.000220  -0.000029  1.000000  -0.000069  -0.000220  0.000069  1.000000  0.995810  0.006057  0.091240  -0.091237  -0.000810  0.995829  0.006105  -0.999981  -0.000254  0.000252  0.018612  
250.594354 0.010232  0.095914  -0.006060  0.981945  0.147236  0.118766  -0.128487  0.058338  0.989994  0.138834  -0.987379  0.076202  0.010697  -0.000705  -0.022353  -0.241087  -0.954477  0.104377  2.000000  0.995749  0.006168  0.091899  -0.091897  -0.000605  0.995768  0.006197  -0.999981  -0.000035  0.999842  0.002544  0.017596  -0.002442  0.999980  -0.005794  -0.017610  0.005750  0.999828  1.000000  0.000031  0.000220  -0.000031  1.000000  -0.000072  -0.000220  0.000072  1.000000  0.995749  0.006168  0.091899  -0.091897  -0.000605  0.995768  0.006197  -0.999981  -0.000035  0.000249  0.018693  
250.595363 0.010243  0.095913  -0.006082  0.981820  0.147473  0.119500  -0.129293  0.058679  0.989869  0.138967  -0.987324  0.076680  0.010748  -0.000562  -0.022267  -0.247979  -0.934165  0.103333  2.000000  0.995667  0.006314  0.092774  -0.092774  -0.000329  0.995687  0.006317  -0.999980  0.000259  0.999842  0.002417  0.017605  -0.002315  0.999981  -0.005791  -0.017619  0.005750  0.999828  1.000000  0.000030  0.000220  -0.000030  1.000000  -0.000072  -0.000220  0.000072  1.000000  0.995667  0.006314  0.092774  -0.092774  -0.000329  0.995687  0.006317  -0.999980  0.000259  0.000245  0.018684  
250.596603 0.010256  0.095912  -0.006109  0.981642  0.147735  0.120641  -0.130504  0.058960  0.989693  0.139099  -0.987268  0.077157  0.010860  -0.000422  -0.022211  -0.253937  -0.926008  0.107257  2.000000  0.995563  0.006504  0.093869  -0.093871  0.000021  0.995584  0.006473  -0.999979  0.000632  0.999842  0.002559  0.017593  -0.002457  0.999980  -0.005791  -0.017608  0.005747  0.999828  1.000000  0.000031  0.000220  -0.000031  1.000000  -0.000072  -0.000220  0.000072  1.000000  0.995563  0.006504  0.093869  -0.093871  0.000021  0.995584  0.006473  -0.999979  0.000632  0.000243  0.018692  
250.597603 0.010267  0.095910  -0.006132  0.981507  0.147840  0.121606  -0.131514  0.059168  0.989547  0.139099  -0.987240  0.077517  0.010865  -0.000421  -0.022232  -0.254865  -0.919106  0.107091  2.000000  0.995480  0.006657  0.094741  -0.094745  0.000303  0.995502  0.006598  -0.999978  0.000932  0.999846  0.002552  0.017388  -0.002449  0.999979  -0.005938  -0.017403  0.005895  0.999831  1.000000  0.000031  0.000217  -0.000031  1.000000  -0.000074  -0.000217  0.000074  1.000000  0.995480  0.006657  0.094741  -0.094745  0.000303  0.995502  0.006598  -0.999978  0.000932  0.000240  0.018545  
