1-Time 2-Px 3-Py 4-Pz 5-R11 6-R21 7-R31 8-R12 9-R22 10-R32 11-R13 12-R23 13-R33 14-Vx 15-Vy 16-Vz 17-Wx 18-Wy 19-Wz 20-state 21-PR11 22-PR21 23-PR31 24-PR12 25-PR22 26-PR32 27-PR13 28-PR23 29-PR33 
191.770756 -0.000808  0.087617  -0.017773  0.978924  0.129522  -0.157900  -0.126248  0.991526  0.030637  0.160530  -0.010057  0.986980  -0.000038  -0.000065  0.000073  0.000000  0.000000  0.000000  2.000000  1.000000  0.000000  0.000000  -0.000000  1.000000  0.000000  0.000000  -0.000000  1.000000  1.000000  0.000408  -0.000130  -0.000408  1.000000  0.000066  0.000130  -0.000066  1.000000  1.000000  0.000000  0.000000  0.000000  1.000000  0.000000  0.000000  0.000000  1.000000  0.536739  0.828857  -0.157819  -0.760067  0.556186  0.336088  0.366346  -0.060438  0.928514  0.000000  0.000000  
191.771760 -0.000808  0.087616  -0.017774  0.978924  0.129522  -0.157900  -0.126248  0.991526  0.030637  0.160530  -0.010057  0.986980  -0.000040  -0.000117  -0.000010  0.000000  0.000000  0.000000  2.000000  1.000000  0.000000  0.000000  0.000000  1.000000  0.000000  0.000000  0.000000  1.000000  1.000000  0.000408  -0.000130  -0.000408  1.000000  0.000066  0.000130  -0.000066  1.000000  1.000000  0.000000  0.000000  0.000000  1.000000  0.000000  0.000000  0.000000  1.000000  1.000000  0.000000  0.000000  0.000000  1.000000  0.000000  0.000000  0.000000  1.000000  0.000000  0.000000  
191.773014 -0.000810  0.087612  -0.017781  0.978755  0.130362  -0.158252  -0.127045  0.991414  0.030938  0.160926  -0.010176  0.986914  -0.000196  -0.000402  -0.000522  0.000000  0.000000  0.000000  2.000000  1.000000  0.000000  0.000000  0.000000  1.000000  0.000000  0.000000  0.000000  1.000000  0.999999  0.001021  -0.000525  -0.001021  0.999999  0.000287  0.000525  -0.000286  1.000000  1.000000  0.000000  0.000000  0.000000  1.000000  0.000000  0.000000  0.000000  1.000000  1.000000  0.000000  0.000000  0.000000  1.000000  0.000000  0.000000  0.000000  1.000000  0.000000  0.000000  
191.774263 -0.000814  0.087606  -0.017792  0.978522  0.131205  -0.158996  -0.127834  0.991302  0.031291  0.161718  -0.010294  0.986783  -0.000426  -0.000814  -0.001244  0.000000  0.000000  0.000000  2.000000  1.000000  0.000000  0.000000  0.000000  1.000000  0.000000  0.000000  0.000000  1.000000  0.999998  0.001840  -0.001051  -0.001839  0.999998  0.000421  0.001052  -0.000419  0.999999  1.000000  0.000000  0.000000  0.000000  1.000000  0.000000  0.000000  0.000000  1.000000  1.000000  0.000000  0.000000  0.000000  1.000000  0.000000  0.000000  0.000000  1.000000  0.000000  0.000000  
191.775509 -0.000816  0.087600  -0.017803  0.978362  0.131640  -0.159621  -0.128223  0.991243  0.031563  0.162378  -0.010413  0.986674  -0.000565  -0.001208  -0.001997  0.000000  0.000000  0.000000  2.000000  1.000000  0.000000  0.000000  0.000000  1.000000  0.000000  0.000000  0.000000  1.000000  0.999996  0.002457  -0.001713  -0.002455  0.999997  0.000765  0.001715  -0.000760  0.999998  1.000000  0.000000  0.000000  0.000000  1.000000  0.000000  0.000000  0.000000  1.000000  1.000000  0.000000  0.000000  0.000000  1.000000  0.000000  0.000000  0.000000  1.000000  0.000000  0.000000  
191.776759 -0.000818  0.087594  -0.017814  0.978179  0.132075  -0.160378  -0.128609  0.991184  0.031852  0.163170  -0.010531  0.986542  -0.000657  -0.001625  -0.002716  0.000000  0.000000  0.000000  2.000000  1.000000  0.000000  0.000000  0.000000  1.000000  0.000000  0.000000  0.000000  1.000000  0.999993  0.002872  -0.002511  -0.002869  0.999995  0.000955  0.002514  -0.000948  0.999996  1.000000  0.000000  0.000000  0.000000  1.000000  0.000000  0.000000  0.000000  1.000000  1.000000  0.000000  0.000000  0.000000  1.000000  0.000000  0.000000  0.000000  1.000000  0.000000  0.000000  
191.777760 -0.000819  0.087589  -0.017823  0.978013  0.132713  -0.160865  -0.129202  0.991097  0.032140  0.163698  -0.010650  0.986453  -0.000727  -0.001964  -0.003296  0.000000  0.000000  0.000000  2.000000  1.000000  0.000000  0.000000  0.000000  1.000000  0.000000  0.000000  0.000000  1.000000  0.999990  0.003284  -0.003041  -0.003281  0.999994  0.001145  0.003045  -0.001135  0.999995  1.000000  0.000000  0.000000  0.000000  1.000000  0.000000  0.000000  0.000000  1.000000  1.000000  0.000000  0.000000  0.000000  1.000000  0.000000  0.000000  0.000000  1.000000  0.000000  0.000000  
191.779009 -0.000820  0.087584  -0.017834  0.977722  0.133945  -0.161610  -0.130392  0.990932  0.032444  0.164490  -0.010648  0.986321  -0.000800  -0.002290  -0.004061  0.000000  0.000000  0.000000  2.000000  1.000000  0.000000  0.000000  0.000000  1.000000  0.000000  0.000000  0.000000  1.000000  0.999982  0.004512  -0.003830  -0.004507  0.999989  0.001351  0.003836  -0.001334  0.999992  1.000000  0.000000  0.000000  0.000000  1.000000  0.000000  0.000000  0.000000  1.000000  1.000000  0.000000  0.000000  0.000000  1.000000  0.000000  0.000000  0.000000  1.000000  0.000000  0.000000  
191.780009 -0.000822  0.087578  -0.017844  0.977451  0.135176  -0.162224  -0.131585  0.990764  0.032731  0.165150  -0.010647  0.986211  -0.000914  -0.002636  -0.004803  0.053050  0.159815  0.199685  2.000000  1.000000  0.000240  0.000095  -0.000240  1.000000  0.000056  -0.000095  -0.000056  1.000000  0.999973  0.005738  -0.004485  -0.005731  0.999982  0.001558  0.004494  -0.001532  0.999989  1.000000  0.000084  0.000034  -0.000084  1.000000  0.000019  -0.000034  -0.000019  1.000000  1.000000  0.000240  0.000095  -0.000240  1.000000  0.000056  -0.000095  -0.000056  1.000000  0.000063  0.007445  
191.781009 -0.000824  0.087573  -0.017856  0.977178  0.136407  -0.162837  -0.132778  0.990596  0.033020  0.165810  -0.010646  0.986100  -0.001096  -0.002987  -0.005637  0.059927  0.181988  0.241027  2.000000  1.000000  0.000606  0.000244  -0.000606  1.000000  0.000137  -0.000244  -0.000137  1.000000  0.999964  0.006761  -0.005142  -0.006753  0.999976  0.001732  0.005153  -0.001697  0.999985  1.000000  0.000098  0.000041  -0.000098  1.000000  0.000021  -0.000041  -0.000021  1.000000  1.000000  0.000606  0.000244  -0.000606  1.000000  0.000137  -0.000244  -0.000137  1.000000  0.000074  0.008666  
191.782262 -0.000829  0.087567  -0.017876  0.976782  0.138050  -0.163828  -0.134362  0.990368  0.033432  0.166865  -0.010644  0.985922  -0.001430  -0.003431  -0.006959  0.069065  0.217244  0.295797  2.000000  0.999999  0.001153  0.000479  -0.001153  0.999999  0.000253  -0.000478  -0.000254  1.000000  0.999948  0.008194  -0.006061  -0.008182  0.999965  0.001978  0.006077  -0.001929  0.999980  1.000000  0.000117  0.000051  -0.000117  1.000000  0.000024  -0.000051  -0.000024  1.000000  0.999999  0.001153  0.000479  -0.001153  0.999999  0.000253  -0.000478  -0.000254  1.000000  0.000089  0.010378  
191.783525 -0.000833  0.087562  -0.017897  0.976415  0.139266  -0.164979  -0.135541  0.990199  0.033678  0.168053  -0.010522  0.985722  -0.001685  -0.003738  -0.008415  0.071939  0.257145  0.336919  2.000000  0.999998  0.001804  0.000759  -0.001804  0.999998  0.000381  -0.000758  -0.000383  1.000000  0.999927  0.009628  -0.007249  -0.009613  0.999952  0.002108  0.007269  -0.002039  0.999972  1.000000  0.000139  0.000059  -0.000139  1.000000  0.000026  -0.000059  -0.000026  1.000000  0.999998  0.001804  0.000759  -0.001804  0.999998  0.000381  -0.000758  -0.000383  1.000000  0.000105  0.012229  
191.784763 -0.000836  0.087557  -0.017919  0.975995  0.140686  -0.166254  -0.136917  0.990000  0.033979  0.169371  -0.010400  0.985497  -0.001894  -0.004057  -0.009902  0.076124  0.297225  0.385164  2.000000  0.999997  0.002417  0.001010  -0.002418  0.999997  0.000489  -0.001009  -0.000491  0.999999  0.999902  0.011064  -0.008570  -0.011045  0.999936  0.002244  0.008594  -0.002149  0.999961  1.000000  0.000162  0.000066  -0.000162  1.000000  0.000027  -0.000066  -0.000027  1.000000  0.999997  0.002417  0.001010  -0.002418  0.999997  0.000489  -0.001009  -0.000491  0.999999  0.000120  0.014167  
191.786018 -0.000840  0.087551  -0.017944  0.975521  0.142311  -0.167651  -0.138489  0.989769  0.034336  0.170822  -0.010278  0.985248  -0.002145  -0.004475  -0.011573  0.081483  0.346072  0.440101  2.000000  0.999994  0.003301  0.001363  -0.003302  0.999994  0.000632  -0.001361  -0.000636  0.999999  0.999869  0.012703  -0.010023  -0.012680  0.999917  0.002419  0.010053  -0.002292  0.999947  1.000000  0.000188  0.000075  -0.000188  1.000000  0.000029  -0.000075  -0.000029  1.000000  0.999994  0.003301  0.001363  -0.003302  0.999994  0.000632  -0.001361  -0.000636  0.999999  0.000139  0.016353  
191.787261 -0.000842  0.087543  -0.017970  0.975013  0.144139  -0.169039  -0.140260  0.989505  0.034733  0.172272  -0.010156  0.984997  -0.002216  -0.004798  -0.013058  0.088107  0.394994  0.502017  2.000000  0.999990  0.004121  0.001688  -0.004122  0.999991  0.000756  -0.001685  -0.000763  0.999998  0.999828  0.014546  -0.011473  -0.014517  0.999891  0.002635  0.011510  -0.002468  0.999931  1.000000  0.000215  0.000085  -0.000215  1.000000  0.000032  -0.000085  -0.000032  1.000000  0.999990  0.004121  0.001688  -0.004122  0.999991  0.000756  -0.001685  -0.000763  0.999998  0.000158  0.018702  
191.788263 -0.000843  0.087537  -0.017991  0.974603  0.145577  -0.170163  -0.141635  0.989295  0.035147  0.173458  -0.010154  0.984789  -0.002159  -0.004919  -0.013938  0.096496  0.434978  0.550140  2.000000  0.999985  0.005033  0.002045  -0.005034  0.999987  0.000889  -0.002041  -0.000899  0.999998  0.999795  0.015777  -0.012661  -0.015742  0.999872  0.002866  0.012704  -0.002666  0.999916  1.000000  0.000236  0.000091  -0.000236  1.000000  0.000035  -0.000091  -0.000035  1.000000  0.999985  0.005033  0.002045  -0.005034  0.999987  0.000889  -0.002041  -0.000899  0.999998  0.000173  0.020419  
191.789513 -0.000844  0.087529  -0.018016  0.974138  0.147220  -0.171408  -0.143206  0.989052  0.035619  0.174775  -0.010151  0.984556  -0.002031  -0.005042  -0.014764  0.106131  0.479333  0.605045  2.000000  0.999977  0.006285  0.002531  -0.006287  0.999980  0.001070  -0.002525  -0.001086  0.999996  0.999754  0.017213  -0.013980  -0.017171  0.999848  0.003139  0.014032  -0.002898  0.999897  1.000000  0.000259  0.000099  -0.000259  1.000000  0.000038  -0.000099  -0.000038  1.000000  0.999977  0.006285  0.002531  -0.006287  0.999980  0.001070  -0.002525  -0.001086  0.999996  0.000191  0.022381  
191.790763 -0.000845  0.087519  -0.018038  0.973699  0.148659  -0.172660  -0.144575  0.988837  0.036060  0.176093  -0.010149  0.984321  -0.001931  -0.005284  -0.015617  0.113519  0.523868  0.646352  2.000000  0.999966  0.007653  0.003054  -0.007657  0.999970  0.001266  -0.003044  -0.001289  0.999995  0.999705  0.018852  -0.015295  -0.018801  0.999817  0.003451  0.015358  -0.003162  0.999877  1.000000  0.000284  0.000108  -0.000284  1.000000  0.000041  -0.000108  -0.000041  1.000000  0.999966  0.007653  0.003054  -0.007657  0.999970  0.001266  -0.003044  -0.001289  0.999995  0.000207  0.024503  
191.792013 -0.000845  0.087509  -0.018060  0.973225  0.150321  -0.173884  -0.146144  0.988584  0.036659  0.177410  -0.010266  0.984084  -0.001835  -0.005588  -0.016360  0.127372  0.568208  0.701306  2.000000  0.999952  0.009141  0.003620  -0.009147  0.999957  0.001482  -0.003606  -0.001515  0.999992  0.999652  0.020493  -0.016608  -0.020431  0.999784  0.003889  0.016684  -0.003548  0.999855  1.000000  0.000308  0.000117  -0.000308  1.000000  0.000046  -0.000117  -0.000047  1.000000  0.999952  0.009141  0.003620  -0.009147  0.999957  0.001482  -0.003606  -0.001515  0.999992  0.000225  0.026642  
191.793259 -0.000843  0.087497  -0.018083  0.972701  0.151966  -0.175385  -0.147703  0.988332  0.037183  0.178989  -0.010263  0.983797  -0.001612  -0.005981  -0.017090  0.137360  0.621742  0.756490  2.000000  0.999933  0.010748  0.004227  -0.010756  0.999941  0.001713  -0.004208  -0.001758  0.999990  0.999606  0.021723  -0.017794  -0.021655  0.999757  0.004018  0.017877  -0.003631  0.999834  1.000000  0.000329  0.000123  -0.000329  1.000000  0.000048  -0.000123  -0.000048  1.000000  0.999933  0.010748  0.004227  -0.010756  0.999941  0.001713  -0.004208  -0.001758  0.999990  0.000244  0.028344  
191.794262 -0.000842  0.087487  -0.018105  0.972280  0.153200  -0.176640  -0.148868  0.988142  0.037599  0.180306  -0.010260  0.983557  -0.001477  -0.006382  -0.018028  0.144920  0.666204  0.797682  2.000000  0.999916  0.012095  0.004716  -0.012104  0.999925  0.001901  -0.004692  -0.001958  0.999987  0.999580  0.022138  -0.018724  -0.022065  0.999748  0.004120  0.018811  -0.003706  0.999816  1.000000  0.000341  0.000122  -0.000341  1.000000  0.000049  -0.000122  -0.000049  1.000000  0.999916  0.012095  0.004716  -0.012104  0.999925  0.001901  -0.004692  -0.001958  0.999987  0.000259  0.029262  
191.795507 -0.000841  0.087473  -0.018134  0.971746  0.154843  -0.178138  -0.150425  0.987886  0.038131  0.181885  -0.010257  0.983266  -0.001229  -0.006819  -0.018922  0.155045  0.719649  0.852730  2.000000  0.999895  0.013503  0.005213  -0.013514  0.999906  0.002093  -0.005184  -0.002163  0.999984  0.999541  0.022959  -0.019782  -0.022881  0.999729  0.004187  0.019873  -0.003732  0.999796  1.000000  0.000358  0.000124  -0.000358  1.000000  0.000049  -0.000124  -0.000050  1.000000  0.999895  0.013503  0.005213  -0.013514  0.999906  0.002093  -0.005184  -0.002163  0.999984  0.000278  0.030568  
191.796509 -0.000841  0.087462  -0.018158  0.971349  0.155874  -0.179399  -0.151388  0.987724  0.038517  0.183200  -0.010255  0.983022  -0.000973  -0.007235  -0.019572  0.161614  0.764526  0.887488  2.000000  0.999872  0.014969  0.005731  -0.014982  0.999885  0.002287  -0.005696  -0.002373  0.999981  0.999504  0.023979  -0.020436  -0.023897  0.999705  0.004281  0.020533  -0.003790  0.999782  1.000000  0.000371  0.000131  -0.000371  1.000000  0.000050  -0.000131  -0.000050  1.000000  0.999872  0.014969  0.005731  -0.014982  0.999885  0.002287  -0.005696  -0.002373  0.999981  0.000292  0.031769  
191.797509 -0.000839  0.087451  -0.018183  0.970974  0.156903  -0.180528  -0.152353  0.987561  0.038885  0.184384  -0.010253  0.982801  -0.000610  -0.007630  -0.020162  0.168055  0.804375  0.921585  2.000000  0.999845  0.016481  0.006263  -0.016496  0.999861  0.002481  -0.006221  -0.002584  0.999977  0.999475  0.024593  -0.021095  -0.024507  0.999690  0.004305  0.021195  -0.003786  0.999768  1.000000  0.000382  0.000134  -0.000382  1.000000  0.000051  -0.000134  -0.000051  1.000000  0.999845  0.016481  0.006263  -0.016496  0.999861  0.002481  -0.006221  -0.002584  0.999977  0.000306  0.032658  
191.798509 -0.000837  0.087440  -0.018208  0.970621  0.157930  -0.181527  -0.153322  0.987397  0.039235  0.185436  -0.010250  0.982603  -0.000259  -0.008146  -0.020718  0.173325  0.840029  0.949094  2.000000  0.999814  0.018029  0.006804  -0.018048  0.999834  0.002674  -0.006754  -0.002796  0.999973  0.999453  0.025002  -0.021624  -0.024915  0.999680  0.004286  0.021724  -0.003745  0.999757  1.000000  0.000391  0.000135  -0.000391  1.000000  0.000050  -0.000135  -0.000050  1.000000  0.999814  0.018029  0.006804  -0.018048  0.999834  0.002674  -0.006754  -0.002796  0.999973  0.000316  0.033305  
191.799512 -0.000833  0.087429  -0.018233  0.970242  0.158958  -0.182655  -0.154286  0.987232  0.039608  0.186619  -0.010248  0.982379  0.000175  -0.008656  -0.021247  0.179894  0.880125  0.983467  2.000000  0.999781  0.019605  0.007341  -0.019626  0.999803  0.002866  -0.007284  -0.003009  0.999969  0.999445  0.025003  -0.022025  -0.024914  0.999680  0.004316  0.022126  -0.003765  0.999748  1.000000  0.000395  0.000132  -0.000395  1.000000  0.000050  -0.000132  -0.000051  1.000000  0.999781  0.019605  0.007341  -0.019626  0.999803  0.002866  -0.007284  -0.003009  0.999969  0.000330  0.033571  
191.800518 -0.000830  0.087419  -0.018256  0.969853  0.160166  -0.183664  -0.155452  0.987038  0.039880  0.187670  -0.010127  0.982180  0.000530  -0.008979  -0.021520  0.183539  0.915583  1.024407  2.000000  0.999744  0.021195  0.007864  -0.021219  0.999770  0.003053  -0.007798  -0.003219  0.999964  0.999441  0.024799  -0.022432  -0.024711  0.999686  0.004182  0.022529  -0.003626  0.999740  1.000000  0.000398  0.000128  -0.000398  1.000000  0.000049  -0.000127  -0.000049  1.000000  0.999744  0.021195  0.007864  -0.021219  0.999770  0.003053  -0.007798  -0.003219  0.999964  0.000343  0.033673  
191.801760 -0.000825  0.087407  -0.018284  0.969443  0.161196  -0.184920  -0.156410  0.986871  0.040278  0.188984  -0.010124  0.981928  0.001079  -0.009283  -0.021605  0.188754  0.952560  1.050400  2.000000  0.999695  0.023201  0.008494  -0.023229  0.999725  0.003284  -0.008415  -0.003480  0.999959  0.999434  0.024598  -0.022970  -0.024509  0.999691  0.004176  0.023065  -0.003611  0.999727  1.000000  0.000403  0.000122  -0.000403  1.000000  0.000049  -0.000122  -0.000049  1.000000  0.999695  0.023201  0.008494  -0.023229  0.999725  0.003284  -0.008415  -0.003480  0.999959  0.000358  0.033886  
191.803016 -0.000819  0.087396  -0.018309  0.969032  0.162202  -0.186194  -0.157367  0.986707  0.040560  0.190298  -0.010003  0.981675  0.001635  -0.009573  -0.021547  0.183146  0.987418  1.059192  2.000000  0.999652  0.024822  0.008976  -0.024854  0.999685  0.003463  -0.008887  -0.003685  0.999954  0.999426  0.024395  -0.023510  -0.024306  0.999696  0.004049  0.023602  -0.003475  0.999715  1.000000  0.000407  0.000116  -0.000407  1.000000  0.000047  -0.000116  -0.000047  1.000000  0.999652  0.024822  0.008976  -0.024854  0.999685  0.003463  -0.008887  -0.003685  0.999954  0.000364  0.034094  
191.804269 -0.000813  0.087385  -0.018335  0.968617  0.163231  -0.187449  -0.158324  0.986537  0.040963  0.191612  -0.010000  0.981420  0.002103  -0.009782  -0.021613  0.181419  1.005290  1.066069  2.000000  0.999594  0.026851  0.009545  -0.026888  0.999632  0.003684  -0.009443  -0.003939  0.999948  0.999433  0.023985  -0.023650  -0.023894  0.999706  0.004124  0.023742  -0.003556  0.999712  1.000000  0.000406  0.000111  -0.000406  1.000000  0.000048  -0.000111  -0.000048  1.000000  0.999594  0.026851  0.009545  -0.026888  0.999632  0.003684  -0.009443  -0.003939  0.999948  0.000369  0.033909  
191.805514 -0.000808  0.087373  -0.018360  0.968174  0.164238  -0.188851  -0.159275  0.986371  0.041271  0.193056  -0.009878  0.981138  0.002531  -0.009930  -0.021814  0.179306  1.031912  1.093305  2.000000  0.999533  0.028857  0.010091  -0.028897  0.999575  0.003910  -0.009974  -0.004200  0.999941  0.999450  0.023369  -0.023525  -0.023277  0.999720  0.004161  0.023615  -0.003611  0.999715  1.000000  0.000401  0.000105  -0.000401  1.000000  0.000049  -0.000105  -0.000049  1.000000  0.999533  0.028857  0.010091  -0.028897  0.999575  0.003910  -0.009974  -0.004200  0.999941  0.000377  0.033392  
191.806764 -0.000804  0.087359  -0.018386  0.967787  0.165063  -0.190112  -0.160030  0.986234  0.041640  0.194369  -0.009875  0.980879  0.002819  -0.010123  -0.022095  0.177628  1.049767  1.100160  2.000000  0.999468  0.030836  0.010595  -0.030882  0.999515  0.004130  -0.010462  -0.004455  0.999935  0.999472  0.022548  -0.023405  -0.022459  0.999740  0.004032  0.023490  -0.003504  0.999718  1.000000  0.000395  0.000097  -0.000395  1.000000  0.000047  -0.000097  -0.000047  1.000000  0.999468  0.030836  0.010595  -0.030882  0.999515  0.004130  -0.010462  -0.004455  0.999935  0.000382  0.032723  
191.808016 -0.000800  0.087344  -0.018414  0.967397  0.165888  -0.191372  -0.160784  0.986095  0.042012  0.195681  -0.009873  0.980618  0.002935  -0.010330  -0.022388  0.174667  1.072312  1.100394  2.000000  0.999403  0.032753  0.011041  -0.032802  0.999452  0.004345  -0.010893  -0.004705  0.999930  0.999512  0.021118  -0.023024  -0.021034  0.999771  0.003901  0.023101  -0.003415  0.999727  1.000000  0.000381  0.000084  -0.000381  1.000000  0.000046  -0.000084  -0.000046  1.000000  0.999403  0.032753  0.011041  -0.032802  0.999452  0.004345  -0.010893  -0.004705  0.999930  0.000385  0.031461  
191.809256 -0.000797  0.087329  -0.018443  0.967091  0.166484  -0.192402  -0.161347  0.985996  0.042183  0.196730  -0.009752  0.980409  0.003048  -0.010531  -0.022589  0.166407  1.077157  1.071002  2.000000  0.999335  0.034624  0.011445  -0.034678  0.999388  0.004553  -0.011281  -0.004947  0.999924  0.999538  0.020295  -0.022637  -0.020218  0.999789  0.003641  0.022706  -0.003181  0.999737  1.000000  0.000372  0.000078  -0.000372  1.000000  0.000043  -0.000078  -0.000043  1.000000  0.999335  0.034624  0.011445  -0.034678  0.999388  0.004553  -0.011281  -0.004947  0.999924  0.000384  0.030598  
191.810257 -0.000794  0.087317  -0.018466  0.966809  0.167102  -0.193281  -0.161913  0.985891  0.042454  0.197649  -0.009750  0.980224  0.003209  -0.010613  -0.022504  0.163513  1.086234  1.050636  2.000000  0.999293  0.035732  0.011665  -0.035789  0.999348  0.004670  -0.011491  -0.005085  0.999921  0.999547  0.019686  -0.022779  -0.019610  0.999801  0.003538  0.022844  -0.003089  0.999734  1.000000  0.000370  0.000070  -0.000370  1.000000  0.000041  -0.000070  -0.000041  1.000000  0.999293  0.035732  0.011665  -0.035789  0.999348  0.004670  -0.011491  -0.005085  0.999921  0.000380  0.030293  
191.811259 -0.000791  0.087306  -0.018487  0.966585  0.167516  -0.194040  -0.162285  0.985821  0.042664  0.198435  -0.009748  0.980065  0.003361  -0.010596  -0.022329  0.159342  1.086517  1.023489  2.000000  0.999237  0.037194  0.011939  -0.037254  0.999294  0.004823  -0.011752  -0.005264  0.999917  0.999564  0.019072  -0.022519  -0.018999  0.999814  0.003431  0.022581  -0.003002  0.999741  1.000000  0.000363  0.000065  -0.000363  1.000000  0.000040  -0.000065  -0.000040  1.000000  0.999237  0.037194  0.011939  -0.037254  0.999294  0.004823  -0.011752  -0.005264  0.999917  0.000377  0.029689  
191.812509 -0.000786  0.087294  -0.018510  0.966241  0.168338  -0.195039  -0.163046  0.985681  0.042998  0.199484  -0.009746  0.979853  0.003532  -0.010460  -0.021844  0.156663  1.086812  1.003123  2.000000  0.999165  0.038984  0.012244  -0.039048  0.999225  0.005003  -0.012039  -0.005476  0.999913  0.999586  0.018053  -0.022399  -0.017987  0.999833  0.003127  0.022452  -0.002723  0.999744  1.000000  0.000355  0.000055  -0.000355  1.000000  0.000037  -0.000055  -0.000037  1.000000  0.999165  0.038984  0.012244  -0.039048  0.999225  0.005003  -0.012039  -0.005476  0.999913  0.000373  0.028921  
191.813757 -0.000782  0.087282  -0.018534  0.965929  0.168933  -0.196067  -0.163607  0.985580  0.043174  0.200533  -0.009625  0.979640  0.003613  -0.010343  -0.021332  0.153170  1.085114  0.979003  2.000000  0.999092  0.040726  0.012502  -0.040793  0.999154  0.005166  -0.012281  -0.005671  0.999908  0.999613  0.017029  -0.022014  -0.016971  0.999852  0.002819  0.022058  -0.002444  0.999754  1.000000  0.000345  0.000046  -0.000345  1.000000  0.000033  -0.000046  -0.000033  1.000000  0.999092  0.040726  0.012502  -0.040793  0.999154  0.005166  -0.012281  -0.005671  0.999908  0.000369  0.027959  
191.814759 -0.000779  0.087272  -0.018555  0.965703  0.169347  -0.196824  -0.163977  0.985510  0.043386  0.201320  -0.009624  0.979478  0.003583  -0.010348  -0.021209  0.153865  1.074172  0.955252  2.000000  0.999034  0.042075  0.012685  -0.042144  0.999098  0.005287  -0.012451  -0.005816  0.999906  0.999638  0.016210  -0.021489  -0.016156  0.999866  0.002667  0.021530  -0.002318  0.999766  1.000000  0.000334  0.000041  -0.000334  1.000000  0.000031  -0.000041  -0.000031  1.000000  0.999034  0.042075  0.012685  -0.042144  0.999098  0.005287  -0.012451  -0.005816  0.999906  0.000363  0.027036  
191.815761 -0.000777  0.087263  -0.018577  0.965476  0.169760  -0.197582  -0.164348  0.985438  0.043599  0.202106  -0.009622  0.979316  0.003493  -0.010260  -0.021051  0.152447  1.061110  0.921079  2.000000  0.998977  0.043364  0.012843  -0.043436  0.999042  0.005400  -0.012596  -0.005952  0.999903  0.999673  0.015183  -0.020566  -0.015136  0.999882  0.002471  0.020601  -0.002159  0.999785  1.000000  0.000318  0.000035  -0.000318  1.000000  0.000029  -0.000035  -0.000029  1.000000  0.998977  0.043364  0.012843  -0.043436  0.999042  0.005400  -0.012596  -0.005952  0.999903  0.000355  0.025671  
191.816772 -0.000775  0.087253  -0.018601  0.965248  0.170149  -0.198359  -0.164718  0.985372  0.043694  0.202892  -0.009502  0.979155  0.003306  -0.010364  -0.021166  0.145627  1.047688  0.880302  2.000000  0.998920  0.044606  0.012977  -0.044680  0.998986  0.005503  -0.012719  -0.006076  0.999901  0.999696  0.014363  -0.020043  -0.014322  0.999895  0.002193  0.020073  -0.001906  0.999797  1.000000  0.000307  0.000030  -0.000307  1.000000  0.000026  -0.000030  -0.000026  1.000000  0.998920  0.044606  0.012977  -0.044680  0.998986  0.005503  -0.012719  -0.006076  0.999901  0.000347  0.024746  
191.818013 -0.000774  0.087240  -0.018633  0.964985  0.170765  -0.199107  -0.165286  0.985266  0.043949  0.203678  -0.009500  0.978992  0.003020  -0.010409  -0.021601  0.140142  1.025924  0.846221  2.000000  0.998864  0.045819  0.013099  -0.045896  0.998931  0.005599  -0.012828  -0.006194  0.999899  0.999710  0.013951  -0.019647  -0.013912  0.999901  0.002123  0.019675  -0.001849  0.999805  1.000000  0.000300  0.000028  -0.000300  1.000000  0.000025  -0.000028  -0.000025  1.000000  0.998864  0.045819  0.013099  -0.045896  0.998931  0.005599  -0.012828  -0.006194  0.999899  0.000336  0.024180  
191.819273 -0.000774  0.087227  -0.018666  0.964694  0.171383  -0.199983  -0.165850  0.985159  0.044227  0.204595  -0.009498  0.978801  0.002605  -0.010569  -0.022126  0.134484  1.012442  0.811661  2.000000  0.998793  0.047292  0.013237  -0.047371  0.998861  0.005714  -0.012951  -0.006334  0.999896  0.999726  0.013337  -0.019253  -0.013300  0.999910  0.002009  0.019278  -0.001753  0.999813  1.000000  0.000292  0.000024  -0.000292  1.000000  0.000024  -0.000024  -0.000024  1.000000  0.998793  0.047292  0.013237  -0.047371  0.998861  0.005714  -0.012951  -0.006334  0.999896  0.000328  0.023499  
191.820548 -0.000773  0.087214  -0.018701  0.964464  0.171771  -0.200760  -0.166219  0.985092  0.044323  0.205381  -0.009378  0.978637  0.002286  -0.010601  -0.022746  0.124564  0.994022  0.776651  2.000000  0.998737  0.048435  0.013334  -0.048516  0.998806  0.005796  -0.013037  -0.006436  0.999894  0.999741  0.012922  -0.018725  -0.012890  0.999915  0.001812  0.018746  -0.001570  0.999823  1.000000  0.000284  0.000023  -0.000284  1.000000  0.000021  -0.000023  -0.000021  1.000000  0.998737  0.048435  0.013334  -0.048516  0.998806  0.005796  -0.013037  -0.006436  0.999894  0.000318  0.022815  
191.821768 -0.000774  0.087201  -0.018735  0.964225  0.172386  -0.201378  -0.166791  0.984985  0.044559  0.206035  -0.009377  0.978500  0.001931  -0.010542  -0.023310  0.114749  0.972834  0.743162  2.000000  0.998682  0.049549  0.013409  -0.049632  0.998750  0.005879  -0.013101  -0.006537  0.999893  0.999756  0.012108  -0.018467  -0.012077  0.999925  0.001774  0.018487  -0.001551  0.999828  1.000000  0.000276  0.000015  -0.000276  1.000000  0.000021  -0.000015  -0.000021  1.000000  0.998682  0.049549  0.013409  -0.049632  0.998750  0.005879  -0.013101  -0.006537  0.999893  0.000310  0.022146  
191.823022 -0.000777  0.087187  -0.018770  0.963993  0.172799  -0.202133  -0.167160  0.984912  0.044776  0.206821  -0.009375  0.978334  0.001511  -0.010451  -0.023770  0.107594  0.946022  0.701801  2.000000  0.998613  0.050897  0.013486  -0.050981  0.998682  0.005976  -0.013164  -0.006655  0.999891  0.999773  0.011493  -0.017939  -0.011465  0.999933  0.001656  0.017957  -0.001450  0.999838  1.000000  0.000266  0.000012  -0.000266  1.000000  0.000019  -0.000012  -0.000019  1.000000  0.998613  0.050897  0.013486  -0.050981  0.998682  0.005976  -0.013164  -0.006655  0.999891  0.000298  0.021363  
191.824264 -0.000781  0.087173  -0.018805  0.963753  0.173438  -0.202729  -0.167732  0.984799  0.045133  0.207475  -0.009492  0.978194  0.001046  -0.010312  -0.024143  0.105452  0.909374  0.666320  2.000000  0.998559  0.051928  0.013535  -0.052013  0.998628  0.006055  -0.013202  -0.006751  0.999890  0.999789  0.011082  -0.017274  -0.011052  0.999937  0.001821  0.017293  -0.001629  0.999849  1.000000  0.000256  0.000012  -0.000256  1.000000  0.000022  -0.000012  -0.000022  1.000000  0.998559  0.051928  0.013535  -0.052013  0.998628  0.006055  -0.013202  -0.006751  0.999890  0.000286  0.020597  
191.825510 -0.000784  0.087161  -0.018838  0.963520  0.173851  -0.203484  -0.168100  0.984726  0.045351  0.208261  -0.009491  0.978027  0.000605  -0.010240  -0.024437  0.099868  0.884110  0.633320  2.000000  0.998492  0.053182  0.013596  -0.053270  0.998561  0.006158  -0.013249  -0.006873  0.999889  0.999803  0.010670  -0.016743  -0.010642  0.999942  0.001744  0.016761  -0.001565  0.999858  1.000000  0.000248  0.000011  -0.000248  1.000000  0.000021  -0.000011  -0.000021  1.000000  0.998492  0.053182  0.013596  -0.053270  0.998561  0.006158  -0.013249  -0.006873  0.999889  0.000276  0.019924  
191.826514 -0.000787  0.087151  -0.018864  0.963340  0.174261  -0.203981  -0.168477  0.984654  0.045525  0.208784  -0.009490  0.977916  0.000127  -0.010175  -0.024915  0.096326  0.861717  0.612546  2.000000  0.998453  0.053915  0.013627  -0.054003  0.998521  0.006217  -0.013272  -0.006943  0.999888  0.999809  0.010463  -0.016478  -0.010437  0.999944  0.001706  0.016495  -0.001534  0.999863  1.000000  0.000244  0.000010  -0.000244  1.000000  0.000020  -0.000010  -0.000020  1.000000  0.998453  0.053915  0.013627  -0.054003  0.998521  0.006217  -0.013272  -0.006943  0.999888  0.000269  0.019588  
191.827761 -0.000791  0.087140  -0.018898  0.963126  0.174899  -0.204447  -0.169053  0.984539  0.045861  0.209307  -0.009607  0.977803  -0.000430  -0.010147  -0.025652  0.097399  0.832483  0.593809  2.000000  0.998387  0.055094  0.013687  -0.055184  0.998456  0.006321  -0.013317  -0.007066  0.999886  0.999827  0.010051  -0.015679  -0.010023  0.999948  0.001870  0.015697  -0.001712  0.999875  1.000000  0.000233  0.000011  -0.000233  1.000000  0.000022  -0.000011  -0.000022  1.000000  0.998387  0.055094  0.013687  -0.055184  0.998456  0.006321  -0.013317  -0.007066  0.999886  0.000258  0.018711  
191.829009 -0.000795  0.087128  -0.018935  0.962918  0.175311  -0.205073  -0.169425  0.984466  0.046058  0.209962  -0.009606  0.977662  -0.001004  -0.010123  -0.026491  0.091237  0.806134  0.559824  2.000000  0.998324  0.056219  0.013753  -0.056312  0.998393  0.006428  -0.013370  -0.007192  0.999885  0.999841  0.009838  -0.014879  -0.009812  0.999950  0.001832  0.014896  -0.001685  0.999888  1.000000  0.000223  0.000013  -0.000223  1.000000  0.000022  -0.000013  -0.000022  1.000000  0.998324  0.056219  0.013753  -0.056312  0.998393  0.006428  -0.013370  -0.007192  0.999885  0.000249  0.017925  
191.830011 -0.000799  0.087118  -0.018967  0.962765  0.175720  -0.205440  -0.169807  0.984393  0.046211  0.210354  -0.009605  0.977578  -0.001415  -0.010110  -0.027103  0.091594  0.784073  0.539290  2.000000  0.998286  0.056877  0.013796  -0.056970  0.998355  0.006491  -0.013404  -0.007265  0.999884  0.999845  0.009834  -0.014611  -0.009809  0.999950  0.001835  0.014629  -0.001692  0.999892  1.000000  0.000220  0.000015  -0.000220  1.000000  0.000022  -0.000015  -0.000022  1.000000  0.998286  0.056877  0.013796  -0.056970  0.998355  0.006491  -0.013404  -0.007265  0.999884  0.000242  0.017702  
191.831264 -0.000805  0.087106  -0.019009  0.962549  0.176308  -0.205948  -0.170382  0.984289  0.046310  0.210877  -0.009485  0.977467  -0.002029  -0.010088  -0.028059  0.083320  0.754919  0.516124  2.000000  0.998223  0.057944  0.013872  -0.058040  0.998293  0.006592  -0.013466  -0.007385  0.999882  0.999858  0.009420  -0.013948  -0.009396  0.999954  0.001755  0.013964  -0.001624  0.999901  1.000000  0.000210  0.000015  -0.000210  1.000000  0.000021  -0.000015  -0.000021  1.000000  0.998223  0.057944  0.013872  -0.058040  0.998293  0.006592  -0.013466  -0.007385  0.999882  0.000232  0.016917  
191.832505 -0.000811  0.087095  -0.019052  0.962340  0.176720  -0.206573  -0.170753  0.984216  0.046509  0.211531  -0.009484  0.977325  -0.002426  -0.010002  -0.028830  0.083061  0.736239  0.491892  2.000000  0.998163  0.058963  0.013957  -0.059061  0.998232  0.006691  -0.013538  -0.007503  0.999880  0.999868  0.009211  -0.013416  -0.009189  0.999956  0.001716  0.013431  -0.001593  0.999909  1.000000  0.000203  0.000016  -0.000203  1.000000  0.000021  -0.000016  -0.000021  1.000000  0.998163  0.058963  0.013957  -0.059061  0.998232  0.006691  -0.013538  -0.007503  0.999880  0.000224  0.016358  
191.833532 -0.000815  0.087086  -0.019086  0.962186  0.177129  -0.206940  -0.171135  0.984142  0.046662  0.211923  -0.009483  0.977240  -0.002785  -0.009854  -0.029372  0.081255  0.709850  0.481241  2.000000  0.998114  0.059755  0.014032  -0.059854  0.998184  0.006769  -0.013602  -0.007596  0.999879  0.999875  0.009204  -0.012880  -0.009183  0.999956  0.001720  0.012896  -0.001601  0.999916  1.000000  0.000197  0.000019  -0.000197  1.000000  0.000021  -0.000019  -0.000021  1.000000  0.998114  0.059755  0.014032  -0.059854  0.998184  0.006769  -0.013602  -0.007596  0.999879  0.000218  0.015919  
191.834758 -0.000820  0.087075  -0.019129  0.962003  0.177539  -0.207435  -0.171511  0.984068  0.046839  0.212446  -0.009482  0.977127  -0.003114  -0.009718  -0.029925  0.078235  0.686730  0.463872  2.000000  0.998067  0.060527  0.014111  -0.060628  0.998137  0.006846  -0.013670  -0.007689  0.999877  0.999882  0.008997  -0.012481  -0.008976  0.999958  0.001681  0.012496  -0.001569  0.999921  1.000000  0.000191  0.000019  -0.000191  1.000000  0.000020  -0.000019  -0.000020  1.000000  0.998067  0.060527  0.014111  -0.060628  0.998137  0.006846  -0.013670  -0.007689  0.999877  0.000210  0.015472  
191.835759 -0.000824  0.087067  -0.019163  0.961849  0.177948  -0.207802  -0.171892  0.983994  0.046994  0.212839  -0.009481  0.977041  -0.003438  -0.009605  -0.030383  0.081268  0.660198  0.456861  2.000000  0.998020  0.061280  0.014195  -0.061383  0.998090  0.006928  -0.013744  -0.007786  0.999875  0.999887  0.008991  -0.012080  -0.008970  0.999958  0.001806  0.012096  -0.001697  0.999925  1.000000  0.000187  0.000022  -0.000187  1.000000  0.000022  -0.000022  -0.000022  1.000000  0.998020  0.061280  0.014195  -0.061383  0.998090  0.006928  -0.013744  -0.007786  0.999875  0.000203  0.015161  
191.837014 -0.000829  0.087055  -0.019206  0.961694  0.178357  -0.208169  -0.172273  0.983920  0.047148  0.213231  -0.009480  0.976956  -0.003635  -0.009483  -0.030912  0.077444  0.629044  0.436222  2.000000  0.997962  0.062189  0.014308  -0.062295  0.998033  0.007029  -0.013843  -0.007906  0.999873  0.999895  0.008783  -0.011547  -0.008763  0.999960  0.001765  0.011562  -0.001664  0.999932  1.000000  0.000180  0.000023  -0.000180  1.000000  0.000021  -0.000023  -0.000021  1.000000  0.997962  0.062189  0.014308  -0.062295  0.998033  0.007029  -0.013843  -0.007906  0.999873  0.000194  0.014609  
191.838267 -0.000834  0.087043  -0.019251  0.961531  0.178967  -0.208397  -0.172857  0.983809  0.047323  0.213492  -0.009480  0.976899  -0.003771  -0.009341  -0.031666  0.077045  0.593853  0.432584  2.000000  0.997905  0.063065  0.014440  -0.063173  0.997977  0.007131  -0.013961  -0.008028  0.999870  0.999901  0.008776  -0.011012  -0.008756  0.999960  0.001890  0.011028  -0.001794  0.999938  1.000000  0.000174  0.000026  -0.000174  1.000000  0.000023  -0.000026  -0.000023  1.000000  0.997905  0.063065  0.014440  -0.063173  0.997977  0.007131  -0.013961  -0.008028  0.999870  0.000186  0.014202  
191.839513 -0.000838  0.087031  -0.019300  0.961403  0.179400  -0.208613  -0.173243  0.983729  0.047575  0.213754  -0.009598  0.976840  -0.003806  -0.009347  -0.032588  0.084123  0.567350  0.425793  2.000000  0.997850  0.063897  0.014588  -0.064007  0.997923  0.007235  -0.014096  -0.008154  0.999867  0.999911  0.008565  -0.010212  -0.008546  0.999962  0.001848  0.010227  -0.001761  0.999946  1.000000  0.000164  0.000029  -0.000164  1.000000  0.000023  -0.000029  -0.000023  1.000000  0.997850  0.063897  0.014588  -0.064007  0.997923  0.007235  -0.014096  -0.008154  0.999867  0.000180  0.013450  
191.840763 -0.000843  0.087017  -0.019350  0.961276  0.179807  -0.208851  -0.173628  0.983655  0.047707  0.214015  -0.009597  0.976783  -0.003879  -0.009392  -0.033830  0.081489  0.540085  0.411611  2.000000  0.997797  0.064685  0.014747  -0.064798  0.997871  0.007344  -0.014240  -0.008284  0.999864  0.999920  0.008356  -0.009544  -0.008338  0.999963  0.001928  0.009560  -0.001848  0.999953  1.000000  0.000156  0.000031  -0.000156  1.000000  0.000024  -0.000031  -0.000024  1.000000  0.997797  0.064685  0.014747  -0.064798  0.997871  0.007344  -0.014240  -0.008284  0.999864  0.000174  0.012825  
191.842014 -0.000847  0.087003  -0.019402  0.961148  0.180240  -0.209066  -0.174014  0.983575  0.047959  0.214276  -0.009715  0.976725  -0.003906  -0.009546  -0.035077  0.084427  0.508614  0.404467  2.000000  0.997746  0.065428  0.014914  -0.065545  0.997822  0.007462  -0.014393  -0.008423  0.999861  0.999929  0.008146  -0.008743  -0.008128  0.999965  0.002128  0.008760  -0.002057  0.999960  1.000000  0.000146  0.000033  -0.000146  1.000000  0.000026  -0.000033  -0.000026  1.000000  0.997746  0.065428  0.014914  -0.065545  0.997822  0.007462  -0.014393  -0.008423  0.999861  0.000167  0.012132  
191.843255 -0.000851  0.086988  -0.019456  0.961019  0.180673  -0.209282  -0.174399  0.983494  0.048211  0.214538  -0.009833  0.976666  -0.003914  -0.009777  -0.036328  0.092048  0.486687  0.400995  2.000000  0.997706  0.065999  0.015056  -0.066118  0.997783  0.007557  -0.014524  -0.008535  0.999858  0.999931  0.008143  -0.008475  -0.008125  0.999965  0.002131  0.008492  -0.002062  0.999962  1.000000  0.000143  0.000035  -0.000143  1.000000  0.000026  -0.000035  -0.000026  1.000000  0.997706  0.065999  0.015056  -0.066118  0.997783  0.007557  -0.014524  -0.008535  0.999858  0.000161  0.011939  
191.844263 -0.000854  0.086977  -0.019499  0.960891  0.181081  -0.209519  -0.174785  0.983419  0.048344  0.214799  -0.009832  0.976609  -0.003846  -0.009867  -0.037167  0.091632  0.463769  0.397193  2.000000  0.997667  0.066551  0.015206  -0.066673  0.997745  0.007657  -0.014662  -0.008653  0.999855  0.999936  0.007937  -0.008075  -0.007919  0.999966  0.002210  0.008093  -0.002146  0.999965  1.000000  0.000137  0.000035  -0.000137  1.000000  0.000027  -0.000035  -0.000027  1.000000  0.997667  0.066551  0.015206  -0.066673  0.997745  0.007657  -0.014662  -0.008653  0.999855  0.000155  0.011531  
191.845294 -0.000856  0.086966  -0.019542  0.960798  0.181286  -0.209766  -0.174972  0.983381  0.048434  0.215061  -0.009832  0.976551  -0.003750  -0.009977  -0.037779  0.090294  0.445333  0.389750  2.000000  0.997629  0.067078  0.015359  -0.067203  0.997709  0.007752  -0.014804  -0.008766  0.999852  0.999942  0.007729  -0.007543  -0.007714  0.999968  0.002045  0.007558  -0.001987  0.999969  1.000000  0.000130  0.000036  -0.000130  1.000000  0.000025  -0.000036  -0.000025  1.000000  0.997629  0.067078  0.015359  -0.067203  0.997709  0.007752  -0.014804  -0.008766  0.999852  0.000151  0.010986  
191.846506 -0.000858  0.086954  -0.019594  0.960698  0.181717  -0.209853  -0.175363  0.983300  0.048663  0.215191  -0.009950  0.976521  -0.003501  -0.010053  -0.038458  0.097902  0.424372  0.386809  2.000000  0.997593  0.067585  0.015520  -0.067713  0.997674  0.007847  -0.014953  -0.008879  0.999849  0.999945  0.007725  -0.007140  -0.007710  0.999968  0.002169  0.007157  -0.002113  0.999972  1.000000  0.000126  0.000039  -0.000126  1.000000  0.000027  -0.000039  -0.000027  1.000000  0.997593  0.067585  0.015520  -0.067713  0.997674  0.007847  -0.014953  -0.008879  0.999849  0.000147  0.010735  
