1-Time 2-Px 3-Py 4-Pz 5-R11 6-R21 7-R31 8-R12 9-R22 10-R32 11-R13 12-R23 13-R33 14-Vx 15-Vy 16-Vz 17-Wx 18-Wy 19-Wz 20-state 21-PR11 22-PR21 23-PR31 24-PR12 25-PR22 26-PR32 27-PR13 28-PR23 29-PR33 
97.723443 0.005195  0.091669  0.001041  0.999111  0.041191  0.009006  -0.041367  0.998939  0.020264  -0.008162  -0.020618  0.999754  0.000099  -0.000110  0.000156  0.000000  0.000000  0.000000  2.000000  1.000000  0.000000  0.000000  -0.000000  1.000000  0.000000  0.000000  -0.000000  1.000000  1.000000  -0.000206  -0.000004  0.000206  1.000000  0.000002  0.000004  -0.000002  1.000000  1.000000  0.000000  0.000000  0.000000  1.000000  0.000000  0.000000  0.000000  1.000000  0.741363  0.551449  -0.382472  -0.508789  0.833481  0.215506  0.437624  0.034830  0.898483  0.000000  0.000000  
97.724448 0.005195  0.091669  0.001041  0.999111  0.041191  0.009006  -0.041367  0.998939  0.020264  -0.008162  -0.020618  0.999754  0.000099  -0.000110  0.000156  0.000000  0.000000  0.000000  2.000000  1.000000  0.000000  0.000000  0.000000  1.000000  0.000000  0.000000  0.000000  1.000000  1.000000  -0.000206  -0.000004  0.000206  1.000000  0.000002  0.000004  -0.000002  1.000000  1.000000  0.000000  0.000000  0.000000  1.000000  0.000000  0.000000  0.000000  1.000000  1.000000  0.000000  0.000000  0.000000  1.000000  0.000000  0.000000  0.000000  1.000000  0.000000  0.000000  
97.725448 0.005196  0.091668  0.001042  0.999102  0.041397  0.009010  -0.041573  0.998930  0.020262  -0.008162  -0.020618  0.999754  0.000122  -0.000182  0.000191  0.000000  0.000000  0.000000  2.000000  1.000000  0.000000  0.000000  0.000000  1.000000  0.000000  0.000000  0.000000  1.000000  1.000000  0.000000  0.000000  -0.000000  1.000000  0.000000  0.000000  0.000000  1.000000  1.000000  0.000000  0.000000  0.000000  1.000000  0.000000  0.000000  0.000000  1.000000  1.000000  0.000000  0.000000  0.000000  1.000000  0.000000  0.000000  0.000000  1.000000  0.000000  0.000000  
97.726453 0.005196  0.091666  0.001041  0.999092  0.041600  0.009148  -0.041778  0.998922  0.020255  -0.008295  -0.020618  0.999753  0.000128  -0.000288  0.000173  0.000000  0.000000  0.000000  2.000000  1.000000  0.000000  0.000000  0.000000  1.000000  0.000000  0.000000  0.000000  1.000000  1.000000  0.000203  0.000138  -0.000203  1.000000  -0.000002  -0.000138  0.000002  1.000000  1.000000  0.000000  0.000000  0.000000  1.000000  0.000000  0.000000  0.000000  1.000000  1.000000  0.000000  0.000000  0.000000  1.000000  0.000000  0.000000  0.000000  1.000000  0.000000  0.000000  
97.727702 0.005197  0.091664  0.001042  0.999084  0.041804  0.009157  -0.041984  0.998911  0.020374  -0.008295  -0.020740  0.999750  0.000201  -0.000443  0.000178  0.000000  0.000000  0.000000  2.000000  1.000000  0.000000  0.000000  0.000000  1.000000  0.000000  0.000000  0.000000  1.000000  1.000000  0.000409  0.000142  -0.000409  1.000000  0.000118  -0.000142  -0.000118  1.000000  1.000000  0.000000  0.000000  0.000000  1.000000  0.000000  0.000000  0.000000  1.000000  1.000000  0.000000  0.000000  0.000000  1.000000  0.000000  0.000000  0.000000  1.000000  0.000000  0.000000  
97.728952 0.005198  0.091661  0.001042  0.999075  0.042010  0.009161  -0.042190  0.998902  0.020372  -0.008295  -0.020740  0.999750  0.000282  -0.000621  0.000194  0.000000  0.000000  0.000000  2.000000  1.000000  0.000000  0.000000  0.000000  1.000000  0.000000  0.000000  0.000000  1.000000  1.000000  0.000615  0.000147  -0.000615  1.000000  0.000116  -0.000147  -0.000116  1.000000  1.000000  0.000000  0.000000  0.000000  1.000000  0.000000  0.000000  0.000000  1.000000  1.000000  0.000000  0.000000  0.000000  1.000000  0.000000  0.000000  0.000000  1.000000  0.000000  0.000000  
97.730202 0.005200  0.091658  0.001042  0.999066  0.042215  0.009171  -0.042395  0.998891  0.020491  -0.008295  -0.020861  0.999748  0.000364  -0.000801  0.000211  0.000000  0.000000  0.000000  2.000000  1.000000  0.000000  0.000000  0.000000  1.000000  0.000000  0.000000  0.000000  1.000000  1.000000  0.000820  0.000151  -0.000821  1.000000  0.000236  -0.000151  -0.000236  1.000000  1.000000  0.000000  0.000000  0.000000  1.000000  0.000000  0.000000  0.000000  1.000000  1.000000  0.000000  0.000000  0.000000  1.000000  0.000000  0.000000  0.000000  1.000000  0.000000  0.000000  
97.731450 0.005202  0.091655  0.001043  0.999059  0.042422  0.009046  -0.042601  0.998879  0.020616  -0.008162  -0.020982  0.999747  0.000474  -0.001033  0.000218  0.000000  0.000000  0.000000  2.000000  1.000000  0.000000  0.000000  0.000000  1.000000  0.000000  0.000000  0.000000  1.000000  0.999999  0.001026  0.000155  -0.001026  0.999999  0.000234  -0.000155  -0.000234  1.000000  1.000000  0.000000  0.000000  0.000000  1.000000  0.000000  0.000000  0.000000  1.000000  1.000000  0.000000  0.000000  0.000000  1.000000  0.000000  0.000000  0.000000  1.000000  0.000000  0.000000  
97.732699 0.005204  0.091652  0.001045  0.999041  0.042833  0.009055  -0.043012  0.998862  0.020612  -0.008162  -0.020982  0.999747  0.000632  -0.001205  0.000300  0.000000  0.000000  0.000000  2.000000  1.000000  0.000000  0.000000  0.000000  1.000000  0.000000  0.000000  0.000000  1.000000  0.999999  0.001441  0.000030  -0.001441  0.999999  0.000352  -0.000030  -0.000352  1.000000  1.000000  0.000000  0.000000  0.000000  1.000000  0.000000  0.000000  0.000000  1.000000  1.000000  0.000000  0.000000  0.000000  1.000000  0.000000  0.000000  0.000000  1.000000  0.000000  0.000000  
97.733948 0.005206  0.091649  0.001046  0.999022  0.043241  0.009202  -0.043424  0.998842  0.020724  -0.008295  -0.021103  0.999743  0.000797  -0.001401  0.000394  0.000000  0.000000  0.000000  2.000000  1.000000  0.000000  0.000000  0.000000  1.000000  0.000000  0.000000  0.000000  1.000000  0.999998  0.001852  0.000039  -0.001852  0.999998  0.000349  -0.000038  -0.000349  1.000000  1.000000  0.000000  0.000000  0.000000  1.000000  0.000000  0.000000  0.000000  1.000000  1.000000  0.000000  0.000000  0.000000  1.000000  0.000000  0.000000  0.000000  1.000000  0.000000  0.000000  
97.734949 0.005208  0.091646  0.001047  0.999004  0.043652  0.009211  -0.043835  0.998824  0.020720  -0.008295  -0.021103  0.999743  0.000909  -0.001552  0.000432  0.000000  0.000000  0.000000  2.000000  1.000000  0.000000  0.000000  0.000000  1.000000  0.000000  0.000000  0.000000  1.000000  0.999997  0.002261  0.000182  -0.002261  0.999997  0.000466  -0.000180  -0.000467  1.000000  1.000000  0.000000  0.000000  0.000000  1.000000  0.000000  0.000000  0.000000  1.000000  1.000000  0.000000  0.000000  0.000000  1.000000  0.000000  0.000000  0.000000  1.000000  0.000000  0.000000  
97.735952 0.005210  0.091644  0.001048  0.998985  0.044060  0.009353  -0.044246  0.998806  0.020711  -0.008429  -0.021103  0.999742  0.001059  -0.001701  0.000503  0.000000  0.000000  0.000000  2.000000  1.000000  0.000000  0.000000  0.000000  1.000000  0.000000  0.000000  0.000000  1.000000  0.999997  0.002467  0.000186  -0.002467  0.999997  0.000465  -0.000185  -0.000465  1.000000  1.000000  0.000000  0.000000  0.000000  1.000000  0.000000  0.000000  0.000000  1.000000  1.000000  0.000000  0.000000  0.000000  1.000000  0.000000  0.000000  0.000000  1.000000  0.000000  0.000000  
97.737201 0.005213  0.091642  0.001050  0.998967  0.044470  0.009367  -0.044658  0.998785  0.020828  -0.008429  -0.021225  0.999739  0.001248  -0.001845  0.000606  0.000000  0.000000  0.000000  2.000000  1.000000  0.000000  0.000000  0.000000  1.000000  0.000000  0.000000  0.000000  1.000000  0.999995  0.003082  0.000333  -0.003082  0.999995  0.000459  -0.000331  -0.000460  1.000000  1.000000  0.000000  0.000000  0.000000  1.000000  0.000000  0.000000  0.000000  1.000000  1.000000  0.000000  0.000000  0.000000  1.000000  0.000000  0.000000  0.000000  1.000000  0.000000  0.000000  
97.738204 0.005216  0.091639  0.001051  0.998948  0.044882  0.009375  -0.045069  0.998767  0.020824  -0.008429  -0.021225  0.999739  0.001374  -0.002044  0.000667  0.000000  0.000000  0.000000  2.000000  1.000000  0.000000  0.000000  0.000000  1.000000  0.000000  0.000000  0.000000  1.000000  0.999993  0.003699  0.000346  -0.003699  0.999993  0.000575  -0.000344  -0.000576  1.000000  1.000000  0.000000  0.000000  0.000000  1.000000  0.000000  0.000000  0.000000  1.000000  1.000000  0.000000  0.000000  0.000000  1.000000  0.000000  0.000000  0.000000  1.000000  0.000000  0.000000  
97.739455 0.005218  0.091635  0.001052  0.998920  0.045498  0.009388  -0.045686  0.998739  0.020818  -0.008429  -0.021225  0.999739  0.001524  -0.002318  0.000764  0.000000  0.000000  0.000000  2.000000  1.000000  0.000000  0.000000  0.000000  1.000000  0.000000  0.000000  0.000000  1.000000  0.999991  0.004111  0.000355  -0.004111  0.999991  0.000572  -0.000353  -0.000573  1.000000  1.000000  0.000000  0.000000  0.000000  1.000000  0.000000  0.000000  0.000000  1.000000  1.000000  0.000000  0.000000  0.000000  1.000000  0.000000  0.000000  0.000000  1.000000  0.000000  0.000000  
97.740701 0.005220  0.091630  0.001054  0.998901  0.045909  0.009402  -0.046097  0.998718  0.020935  -0.008429  -0.021346  0.999737  0.001634  -0.002496  0.000848  0.000000  0.000000  0.000000  2.000000  1.000000  0.000000  0.000000  0.000000  1.000000  0.000000  0.000000  0.000000  1.000000  0.999989  0.004728  0.000369  -0.004728  0.999989  0.000688  -0.000365  -0.000689  1.000000  1.000000  0.000000  0.000000  0.000000  1.000000  0.000000  0.000000  0.000000  1.000000  1.000000  0.000000  0.000000  0.000000  1.000000  0.000000  0.000000  0.000000  1.000000  0.000000  0.000000  
97.741702 0.005222  0.091626  0.001055  0.998882  0.046320  0.009411  -0.046508  0.998699  0.020932  -0.008429  -0.021346  0.999737  0.001714  -0.002641  0.000924  0.000000  0.000000  0.000000  2.000000  1.000000  0.000028  0.000058  -0.000028  1.000000  0.000009  -0.000058  -0.000009  1.000000  0.999987  0.005140  0.000377  -0.005140  0.999987  0.000684  -0.000374  -0.000686  1.000000  1.000000  0.000028  0.000058  -0.000028  1.000000  0.000009  -0.000058  -0.000009  1.000000  1.000000  0.000028  0.000058  -0.000028  1.000000  0.000009  -0.000058  -0.000009  1.000000  0.000000  0.005199  
97.742707 0.005224  0.091622  0.001057  0.998863  0.046730  0.009425  -0.046920  0.998677  0.021049  -0.008429  -0.021467  0.999734  0.001779  -0.002807  0.000998  0.027036  -0.012773  0.179608  2.000000  1.000000  0.000145  0.000299  -0.000145  1.000000  0.000047  -0.000299  -0.000047  1.000000  0.999985  0.005551  0.000387  -0.005552  0.999984  0.000802  -0.000382  -0.000804  1.000000  1.000000  0.000031  0.000062  -0.000031  1.000000  0.000010  -0.000062  -0.000010  1.000000  1.000000  0.000145  0.000299  -0.000145  1.000000  0.000047  -0.000299  -0.000047  1.000000  0.000046  0.005622  
97.743949 0.005226  0.091616  0.001059  0.998833  0.047343  0.009578  -0.047537  0.998645  0.021158  -0.008563  -0.021588  0.999730  0.001847  -0.002993  0.001161  0.030931  -0.017719  0.200288  2.000000  1.000000  0.000307  0.000627  -0.000307  1.000000  0.000100  -0.000627  -0.000100  1.000000  0.999981  0.006169  0.000401  -0.006169  0.999981  0.000918  -0.000395  -0.000920  0.999999  1.000000  0.000034  0.000069  -0.000034  1.000000  0.000011  -0.000069  -0.000011  1.000000  1.000000  0.000307  0.000627  -0.000307  1.000000  0.000100  -0.000627  -0.000100  1.000000  0.000051  0.006250  
97.744975 0.005228  0.091610  0.001061  0.998813  0.047753  0.009592  -0.047948  0.998623  0.021275  -0.008563  -0.021710  0.999728  0.001927  -0.003208  0.001260  0.034860  -0.018008  0.213929  2.000000  0.999999  0.000443  0.000917  -0.000443  1.000000  0.000148  -0.000917  -0.000148  1.000000  0.999978  0.006577  0.000544  -0.006578  0.999978  0.001035  -0.000537  -0.001038  0.999999  1.000000  0.000035  0.000075  -0.000035  1.000000  0.000013  -0.000075  -0.000013  1.000000  0.999999  0.000443  0.000917  -0.000443  1.000000  0.000148  -0.000917  -0.000148  1.000000  0.000054  0.006681  
97.746204 0.005231  0.091603  0.001063  0.998783  0.048368  0.009611  -0.048565  0.998591  0.021390  -0.008563  -0.021831  0.999725  0.001988  -0.003489  0.001325  0.038790  -0.018476  0.234844  2.000000  0.999999  0.000587  0.001222  -0.000588  1.000000  0.000201  -0.001222  -0.000201  0.999999  0.999975  0.006989  0.000554  -0.006990  0.999975  0.001153  -0.000546  -0.001156  0.999999  1.000000  0.000038  0.000079  -0.000038  1.000000  0.000014  -0.000079  -0.000014  1.000000  0.999999  0.000587  0.001222  -0.000588  1.000000  0.000201  -0.001222  -0.000201  0.999999  0.000060  0.007105  
97.747453 0.005234  0.091596  0.001064  0.998753  0.048984  0.009630  -0.049182  0.998558  0.021505  -0.008563  -0.021952  0.999722  0.002022  -0.003773  0.001323  0.042632  -0.019078  0.262497  2.000000  0.999999  0.000746  0.001546  -0.000746  1.000000  0.000258  -0.001545  -0.000259  0.999999  0.999973  0.007403  0.000429  -0.007404  0.999972  0.001149  -0.000421  -0.001152  0.999999  1.000000  0.000042  0.000083  -0.000042  1.000000  0.000014  -0.000083  -0.000014  1.000000  0.999999  0.000746  0.001546  -0.000746  1.000000  0.000258  -0.001545  -0.000259  0.999999  0.000067  0.007505  
97.748700 0.005236  0.091589  0.001065  0.998723  0.049599  0.009650  -0.049798  0.998525  0.021621  -0.008563  -0.022073  0.999720  0.002026  -0.004086  0.001299  0.046538  -0.019539  0.283263  2.000000  0.999998  0.000955  0.001962  -0.000956  0.999999  0.000331  -0.001962  -0.000333  0.999998  0.999971  0.007609  0.000434  -0.007610  0.999970  0.001147  -0.000426  -0.001150  0.999999  1.000000  0.000043  0.000085  -0.000043  1.000000  0.000014  -0.000085  -0.000014  1.000000  0.999998  0.000955  0.001962  -0.000956  0.999999  0.000331  -0.001962  -0.000333  0.999998  0.000070  0.007708  
97.749949 0.005239  0.091581  0.001066  0.998692  0.050216  0.009663  -0.050415  0.998494  0.021615  -0.008563  -0.022073  0.999720  0.002049  -0.004369  0.001310  0.046367  -0.019983  0.304029  2.000000  0.999996  0.001176  0.002399  -0.001177  0.999999  0.000410  -0.002398  -0.000413  0.999997  0.999968  0.008021  0.000444  -0.008021  0.999967  0.001265  -0.000434  -0.001268  0.999999  1.000000  0.000045  0.000090  -0.000045  1.000000  0.000016  -0.000090  -0.000016  1.000000  0.999996  0.001176  0.002399  -0.001177  0.999999  0.000410  -0.002398  -0.000413  0.999997  0.000075  0.008132  
97.750950 0.005242  0.091575  0.001067  0.998671  0.050626  0.009678  -0.050826  0.998471  0.021732  -0.008563  -0.022195  0.999717  0.002076  -0.004626  0.001296  0.050336  -0.020301  0.317912  2.000000  0.999995  0.001363  0.002768  -0.001365  0.999999  0.000470  -0.002768  -0.000473  0.999996  0.999966  0.008227  0.000450  -0.008227  0.999965  0.001263  -0.000440  -0.001267  0.999999  1.000000  0.000047  0.000092  -0.000047  1.000000  0.000016  -0.000092  -0.000016  1.000000  0.999995  0.001363  0.002768  -0.001365  0.999999  0.000470  -0.002768  -0.000473  0.999996  0.000079  0.008335  
97.752199 0.005245  0.091567  0.001068  0.998639  0.051241  0.009698  -0.051443  0.998437  0.021847  -0.008563  -0.022316  0.999714  0.002101  -0.004963  0.001253  0.054244  -0.020768  0.338694  2.000000  0.999993  0.001603  0.003244  -0.001605  0.999999  0.000546  -0.003243  -0.000552  0.999995  0.999963  0.008635  0.000593  -0.008636  0.999962  0.001138  -0.000583  -0.001143  0.999999  1.000000  0.000048  0.000097  -0.000048  1.000000  0.000014  -0.000097  -0.000014  1.000000  0.999993  0.001603  0.003244  -0.001605  0.999999  0.000546  -0.003243  -0.000552  0.999995  0.000084  0.008730  
97.753449 0.005248  0.091560  0.001069  0.998618  0.051652  0.009707  -0.051854  0.998416  0.021843  -0.008563  -0.022316  0.999714  0.002169  -0.005276  0.001208  0.054135  -0.021068  0.352578  2.000000  0.999991  0.001844  0.003735  -0.001846  0.999998  0.000624  -0.003733  -0.000631  0.999993  0.999961  0.008841  0.000599  -0.008842  0.999960  0.001258  -0.000587  -0.001263  0.999999  1.000000  0.000049  0.000099  -0.000049  1.000000  0.000016  -0.000099  -0.000016  1.000000  0.999991  0.001844  0.003735  -0.001846  0.999998  0.000624  -0.003733  -0.000631  0.999993  0.000089  0.008950  
97.754455 0.005250  0.091554  0.001071  0.998597  0.052064  0.009716  -0.052266  0.998394  0.021839  -0.008563  -0.022316  0.999714  0.002169  -0.005398  0.001224  0.054065  -0.021211  0.359412  2.000000  0.999989  0.002036  0.004128  -0.002039  0.999998  0.000687  -0.004127  -0.000695  0.999991  0.999961  0.008841  0.000599  -0.008842  0.999960  0.001258  -0.000587  -0.001263  0.999999  1.000000  0.000049  0.000099  -0.000049  1.000000  0.000016  -0.000099  -0.000016  1.000000  0.999989  0.002036  0.004128  -0.002039  0.999998  0.000687  -0.004127  -0.000695  0.999991  0.000093  0.008950  
97.755704 0.005253  0.091547  0.001072  0.998563  0.052676  0.009869  -0.052882  0.998360  0.021947  -0.008697  -0.022437  0.999710  0.002211  -0.005594  0.001226  0.058070  -0.026058  0.373593  2.000000  0.999987  0.002235  0.004526  -0.002239  0.999997  0.000747  -0.004525  -0.000757  0.999989  0.999961  0.008841  0.000600  -0.008842  0.999960  0.001256  -0.000588  -0.001262  0.999999  1.000000  0.000049  0.000099  -0.000049  1.000000  0.000016  -0.000099  -0.000016  1.000000  0.999987  0.002235  0.004526  -0.002239  0.999997  0.000747  -0.004525  -0.000757  0.999989  0.000094  0.008950  
97.756952 0.005257  0.091539  0.001074  0.998541  0.053087  0.009878  -0.053293  0.998338  0.021943  -0.008697  -0.022437  0.999710  0.002284  -0.005733  0.001213  0.053849  -0.021707  0.380226  2.000000  0.999984  0.002484  0.005030  -0.002489  0.999997  0.000825  -0.005028  -0.000837  0.999987  0.999961  0.008844  0.000466  -0.008844  0.999960  0.001256  -0.000455  -0.001260  0.999999  1.000000  0.000050  0.000099  -0.000050  1.000000  0.000016  -0.000099  -0.000016  1.000000  0.999984  0.002484  0.005030  -0.002489  0.999997  0.000825  -0.005028  -0.000837  0.999987  0.000094  0.008945  
97.758203 0.005260  0.091531  0.001075  0.998519  0.053498  0.009887  -0.053704  0.998316  0.021939  -0.008697  -0.022437  0.999710  0.002365  -0.005886  0.001192  0.053788  -0.021855  0.387124  2.000000  0.999981  0.002739  0.005530  -0.002744  0.999996  0.000900  -0.005527  -0.000915  0.999984  0.999959  0.009050  0.000470  -0.009050  0.999958  0.001133  -0.000460  -0.001137  0.999999  1.000000  0.000052  0.000101  -0.000052  1.000000  0.000014  -0.000101  -0.000014  1.000000  0.999981  0.002739  0.005530  -0.002744  0.999996  0.000900  -0.005527  -0.000915  0.999984  0.000097  0.009133  
97.759454 0.005263  0.091523  0.001077  0.998486  0.054113  0.009907  -0.054321  0.998280  0.022054  -0.008697  -0.022558  0.999708  0.002383  -0.005975  0.001125  0.053729  -0.022402  0.408776  2.000000  0.999977  0.002993  0.006028  -0.002999  0.999995  0.000974  -0.006025  -0.000993  0.999981  0.999961  0.008844  0.000467  -0.008844  0.999960  0.001256  -0.000456  -0.001260  0.999999  1.000000  0.000050  0.000099  -0.000050  1.000000  0.000016  -0.000099  -0.000016  1.000000  0.999977  0.002993  0.006028  -0.002999  0.999995  0.000974  -0.006025  -0.000993  0.999981  0.000100  0.008945  
97.760698 0.005266  0.091515  0.001079  0.998463  0.054525  0.009916  -0.054732  0.998258  0.022050  -0.008697  -0.022558  0.999708  0.002398  -0.006108  0.001119  0.053117  -0.022320  0.411425  2.000000  0.999973  0.003244  0.006521  -0.003250  0.999994  0.001050  -0.006517  -0.001071  0.999978  0.999961  0.008844  0.000467  -0.008844  0.999960  0.001135  -0.000457  -0.001139  0.999999  1.000000  0.000050  0.000099  -0.000050  1.000000  0.000014  -0.000099  -0.000014  1.000000  0.999973  0.003244  0.006521  -0.003250  0.999994  0.001050  -0.006517  -0.001071  0.999978  0.000105  0.008929  
97.761698 0.005269  0.091508  0.001080  0.998452  0.054730  0.009921  -0.054938  0.998246  0.022048  -0.008697  -0.022558  0.999708  0.002429  -0.006166  0.001111  0.049183  -0.026669  0.404668  2.000000  0.999970  0.003442  0.006911  -0.003450  0.999993  0.001106  -0.006907  -0.001129  0.999976  0.999963  0.008638  0.000462  -0.008638  0.999962  0.001137  -0.000452  -0.001141  0.999999  1.000000  0.000049  0.000096  -0.000049  1.000000  0.000014  -0.000096  -0.000014  1.000000  0.999970  0.003442  0.006911  -0.003450  0.999993  0.001106  -0.006907  -0.001129  0.999976  0.000103  0.008725  
97.762948 0.005272  0.091500  0.001081  0.998429  0.055140  0.009937  -0.055349  0.998221  0.022165  -0.008697  -0.022680  0.999705  0.002500  -0.006190  0.001090  0.053192  -0.026674  0.404381  2.000000  0.999966  0.003686  0.007393  -0.003695  0.999992  0.001174  -0.007389  -0.001201  0.999972  0.999963  0.008638  0.000463  -0.008638  0.999962  0.001137  -0.000453  -0.001141  0.999999  1.000000  0.000049  0.000096  -0.000049  1.000000  0.000014  -0.000096  -0.000014  1.000000  0.999966  0.003686  0.007393  -0.003695  0.999992  0.001174  -0.007389  -0.001201  0.999972  0.000104  0.008725  
97.763948 0.005275  0.091494  0.001083  0.998406  0.055551  0.009946  -0.055760  0.998198  0.022160  -0.008697  -0.022680  0.999705  0.002538  -0.006231  0.001178  0.049063  -0.022390  0.411337  2.000000  0.999963  0.003832  0.007680  -0.003841  0.999992  0.001215  -0.007675  -0.001245  0.999970  0.999963  0.008638  0.000463  -0.008638  0.999962  0.001137  -0.000453  -0.001141  0.999999  1.000000  0.000049  0.000096  -0.000049  1.000000  0.000014  -0.000096  -0.000014  1.000000  0.999963  0.003832  0.007680  -0.003841  0.999992  0.001215  -0.007675  -0.001245  0.999970  0.000105  0.008725  
97.765199 0.005279  0.091485  0.001085  0.998383  0.055962  0.009955  -0.056171  0.998175  0.022156  -0.008697  -0.022680  0.999705  0.002596  -0.006259  0.001196  0.049532  -0.022426  0.407856  2.000000  0.999958  0.004073  0.008149  -0.004084  0.999991  0.001279  -0.008144  -0.001312  0.999966  0.999966  0.008229  0.000320  -0.008230  0.999966  0.001019  -0.000312  -0.001022  0.999999  1.000000  0.000048  0.000091  -0.000048  1.000000  0.000013  -0.000091  -0.000013  1.000000  0.999958  0.004073  0.008149  -0.004084  0.999991  0.001279  -0.008144  -0.001312  0.999966  0.000102  0.008299  
97.766448 0.005282  0.091477  0.001085  0.998372  0.056167  0.009959  -0.056377  0.998164  0.022154  -0.008697  -0.022680  0.999705  0.002626  -0.006309  0.001181  0.049154  -0.017631  0.397715  2.000000  0.999954  0.004312  0.008603  -0.004323  0.999990  0.001334  -0.008597  -0.001372  0.999962  0.999968  0.008023  0.000316  -0.008024  0.999967  0.000900  -0.000308  -0.000902  1.000000  1.000000  0.000047  0.000089  -0.000047  1.000000  0.000011  -0.000089  -0.000011  1.000000  0.999954  0.004312  0.008603  -0.004323  0.999990  0.001334  -0.008597  -0.001372  0.999962  0.000101  0.008080  
97.767699 0.005285  0.091468  0.001086  0.998348  0.056578  0.009969  -0.056788  0.998141  0.022150  -0.008697  -0.022680  0.999705  0.002625  -0.006392  0.001152  0.045120  -0.017659  0.397803  2.000000  0.999949  0.004535  0.009029  -0.004548  0.999989  0.001381  -0.009023  -0.001422  0.999958  0.999973  0.007406  0.000302  -0.007406  0.999972  0.000784  -0.000296  -0.000786  1.000000  1.000000  0.000043  0.000082  -0.000043  1.000000  0.000010  -0.000082  -0.000010  1.000000  0.999949  0.004535  0.009029  -0.004548  0.999989  0.001381  -0.009023  -0.001422  0.999958  0.000098  0.007454  
97.768949 0.005289  0.091460  0.001087  0.998337  0.056784  0.009973  -0.056993  0.998129  0.022148  -0.008697  -0.022680  0.999705  0.002660  -0.006426  0.001100  0.045233  -0.017356  0.384032  2.000000  0.999944  0.004751  0.009442  -0.004765  0.999988  0.001421  -0.009435  -0.001466  0.999954  0.999973  0.007406  0.000302  -0.007406  0.999972  0.000663  -0.000297  -0.000665  1.000000  1.000000  0.000043  0.000082  -0.000043  1.000000  0.000008  -0.000082  -0.000008  1.000000  0.999944  0.004751  0.009442  -0.004765  0.999988  0.001421  -0.009435  -0.001466  0.999954  0.000099  0.007442  
97.770199 0.005293  0.091453  0.001087  0.998325  0.056989  0.009978  -0.057199  0.998117  0.022146  -0.008697  -0.022680  0.999705  0.002714  -0.006473  0.001017  0.041248  -0.017228  0.377171  2.000000  0.999939  0.004957  0.009836  -0.004972  0.999987  0.001453  -0.009829  -0.001502  0.999951  0.999975  0.006994  0.000292  -0.006995  0.999975  0.000545  -0.000288  -0.000547  1.000000  1.000000  0.000041  0.000078  -0.000041  1.000000  0.000007  -0.000078  -0.000007  1.000000  0.999939  0.004957  0.009836  -0.004972  0.999987  0.001453  -0.009829  -0.001502  0.999951  0.000096  0.007022  
97.771201 0.005296  0.091447  0.001088  0.998313  0.057195  0.009982  -0.057404  0.998105  0.022144  -0.008697  -0.022680  0.999705  0.002764  -0.006429  0.000964  0.041302  -0.017075  0.370273  2.000000  0.999936  0.005116  0.010140  -0.005131  0.999986  0.001476  -0.010132  -0.001528  0.999948  0.999977  0.006789  0.000288  -0.006789  0.999977  0.000426  -0.000285  -0.000428  1.000000  1.000000  0.000039  0.000075  -0.000039  1.000000  0.000005  -0.000075  -0.000005  1.000000  0.999936  0.005116  0.010140  -0.005131  0.999986  0.001476  -0.010132  -0.001528  0.999948  0.000094  0.006808  
97.772203 0.005299  0.091441  0.001088  0.998301  0.057401  0.009980  -0.057610  0.998096  0.022021  -0.008697  -0.022558  0.999708  0.002777  -0.006429  0.000930  0.033276  -0.016925  0.363430  2.000000  0.999933  0.005231  0.010361  -0.005247  0.999985  0.001491  -0.010353  -0.001545  0.999945  0.999978  0.006583  0.000283  -0.006583  0.999978  0.000427  -0.000280  -0.000429  1.000000  1.000000  0.000038  0.000073  -0.000038  1.000000  0.000005  -0.000073  -0.000005  1.000000  0.999933  0.005231  0.010361  -0.005247  0.999985  0.001491  -0.010353  -0.001545  0.999945  0.000092  0.006603  
97.773448 0.005302  0.091434  0.001088  0.998289  0.057607  0.009984  -0.057815  0.998084  0.022019  -0.008697  -0.022558  0.999708  0.002805  -0.006396  0.000811  0.029662  -0.016634  0.345795  2.000000  0.999928  0.005415  0.010715  -0.005432  0.999984  0.001504  -0.010707  -0.001562  0.999941  0.999981  0.006171  0.000273  -0.006171  0.999981  0.000188  -0.000272  -0.000190  1.000000  1.000000  0.000036  0.000069  -0.000036  1.000000  0.000002  -0.000069  -0.000002  1.000000  0.999928  0.005415  0.010715  -0.005432  0.999984  0.001504  -0.010707  -0.001562  0.999941  0.000089  0.006180  
97.774449 0.005305  0.091428  0.001088  0.998277  0.057812  0.009989  -0.058021  0.998073  0.022017  -0.008697  -0.022558  0.999708  0.002819  -0.006359  0.000725  0.029390  -0.012035  0.342987  2.000000  0.999924  0.005556  0.010987  -0.005573  0.999983  0.001512  -0.010978  -0.001573  0.999939  0.999982  0.005965  0.000268  -0.005966  0.999982  0.000190  -0.000267  -0.000192  1.000000  1.000000  0.000034  0.000066  -0.000034  1.000000  0.000002  -0.000066  -0.000002  1.000000  0.999924  0.005556  0.010987  -0.005573  0.999983  0.001512  -0.010978  -0.001573  0.999939  0.000087  0.005975  
97.775449 0.005308  0.091422  0.001088  0.998266  0.058018  0.009993  -0.058226  0.998061  0.022015  -0.008697  -0.022558  0.999708  0.002856  -0.006269  0.000647  0.025494  -0.011766  0.329647  2.000000  0.999921  0.005691  0.011247  -0.005709  0.999983  0.001518  -0.011238  -0.001582  0.999936  0.999983  0.005760  0.000264  -0.005760  0.999983  0.000071  -0.000263  -0.000072  1.000000  1.000000  0.000033  0.000064  -0.000033  1.000000  0.000001  -0.000064  -0.000001  1.000000  0.999921  0.005691  0.011247  -0.005709  0.999983  0.001518  -0.011238  -0.001582  0.999936  0.000083  0.005766  
97.776451 0.005310  0.091416  0.001089  0.998254  0.058223  0.009998  -0.058432  0.998049  0.022013  -0.008697  -0.022558  0.999708  0.002841  -0.006221  0.000624  0.021729  -0.011568  0.318324  2.000000  0.999917  0.005824  0.011489  -0.005841  0.999982  0.001521  -0.011480  -0.001588  0.999933  0.999985  0.005557  0.000125  -0.005557  0.999985  0.000073  -0.000125  -0.000073  1.000000  1.000000  0.000033  0.000061  -0.000033  1.000000  0.000001  -0.000061  -0.000001  1.000000  0.999917  0.005824  0.011489  -0.005841  0.999982  0.001521  -0.011480  -0.001588  0.999933  0.000083  0.005559  
97.777702 0.005313  0.091410  0.001090  0.998241  0.058430  0.009995  -0.058637  0.998039  0.021890  -0.008697  -0.022437  0.999710  0.002814  -0.006125  0.000574  0.013621  -0.011407  0.311202  2.000000  0.999913  0.005983  0.011780  -0.006001  0.999981  0.001521  -0.011771  -0.001591  0.999929  0.999986  0.005351  0.000120  -0.005351  0.999986  -0.000047  -0.000120  0.000046  1.000000  1.000000  0.000032  0.000059  -0.000032  1.000000  -0.000001  -0.000059  0.000001  1.000000  0.999913  0.005983  0.011780  -0.006001  0.999981  0.001521  -0.011771  -0.001591  0.999929  0.000079  0.005353  
97.778702 0.005316  0.091405  0.001090  0.998241  0.058430  0.009995  -0.058637  0.998039  0.021890  -0.008697  -0.022437  0.999710  0.002830  -0.006015  0.000522  0.009663  -0.011118  0.297366  2.000000  0.999911  0.006045  0.011893  -0.006063  0.999980  0.001519  -0.011883  -0.001591  0.999928  0.999988  0.004939  0.000111  -0.004939  0.999988  -0.000043  -0.000111  0.000043  1.000000  1.000000  0.000000  0.000000  0.000000  1.000000  0.000000  0.000000  0.000000  1.000000  0.999911  0.006045  0.011893  -0.006063  0.999980  0.001519  -0.011883  -0.001591  0.999928  0.000074  0.000000  
97.779948 0.005319  0.091398  0.001091  0.998231  0.058638  0.009866  -0.058843  0.998027  0.021895  -0.008563  -0.022437  0.999712  0.002770  -0.005939  0.000448  0.009802  -0.006314  0.283642  2.000000  0.999911  0.006045  0.011893  -0.006063  0.999980  0.001519  -0.011883  -0.001591  0.999928  0.999989  0.004734  0.000106  -0.004734  0.999989  -0.000163  -0.000107  0.000162  1.000000  1.000000  0.000000  0.000000  0.000000  1.000000  0.000000  0.000000  0.000000  1.000000  0.999911  0.006045  0.011893  -0.006063  0.999980  0.001519  -0.011883  -0.001591  0.999928  0.000071  0.000000  
97.781198 0.005323  0.091392  0.001092  0.998231  0.058640  0.009859  -0.058843  0.998030  0.021774  -0.008563  -0.022316  0.999714  0.002747  -0.005789  0.000451  0.001751  -0.005956  0.267560  2.000000  0.999911  0.006045  0.011893  -0.006063  0.999980  0.001519  -0.011883  -0.001591  0.999928  0.999992  0.004119  -0.000042  -0.004119  0.999991  -0.000278  0.000041  0.000278  1.000000  1.000000  0.000000  0.000000  0.000000  1.000000  0.000000  0.000000  0.000000  1.000000  0.999911  0.006045  0.011893  -0.006063  0.999980  0.001519  -0.011883  -0.001591  0.999928  0.000067  0.000000  
97.782202 0.005325  0.091387  0.001092  0.998218  0.058845  0.009864  -0.059048  0.998018  0.021772  -0.008563  -0.022316  0.999714  0.002742  -0.005634  0.000407  -0.002192  -0.005713  0.255939  2.000000  0.999911  0.006045  0.011893  -0.006063  0.999980  0.001519  -0.011883  -0.001591  0.999928  0.999992  0.004119  -0.000042  -0.004119  0.999991  -0.000278  0.000041  0.000278  1.000000  1.000000  0.000000  0.000000  0.000000  1.000000  0.000000  0.000000  0.000000  1.000000  0.999911  0.006045  0.011893  -0.006063  0.999980  0.001519  -0.011883  -0.001591  0.999928  0.000064  0.000000  
97.783448 0.005328  0.091381  0.001092  0.998218  0.058846  0.009857  -0.059048  0.998020  0.021651  -0.008563  -0.022195  0.999717  0.002691  -0.005510  0.000381  -0.006100  -0.005345  0.240117  2.000000  0.999911  0.006045  0.011893  -0.006063  0.999980  0.001519  -0.011883  -0.001591  0.999928  0.999993  0.003708  -0.000051  -0.003708  0.999993  -0.000396  0.000050  0.000396  1.000000  1.000000  0.000000  0.000000  0.000000  1.000000  0.000000  0.000000  0.000000  1.000000  0.999911  0.006045  0.011893  -0.006063  0.999980  0.001519  -0.011883  -0.001591  0.999928  0.000061  0.000000  
97.784449 0.005331  0.091376  0.001092  0.998206  0.059052  0.009861  -0.059254  0.998008  0.021649  -0.008563  -0.022195  0.999717  0.002668  -0.005448  0.000354  -0.006042  -0.005194  0.233302  2.000000  0.999911  0.006045  0.011893  -0.006063  0.999980  0.001519  -0.011883  -0.001591  0.999928  0.999994  0.003502  -0.000056  -0.003502  0.999994  -0.000515  0.000054  0.000515  1.000000  1.000000  0.000000  0.000000  0.000000  1.000000  0.000000  0.000000  0.000000  1.000000  0.999911  0.006045  0.011893  -0.006063  0.999980  0.001519  -0.011883  -0.001591  0.999928  0.000058  0.000000  
97.785698 0.005334  0.091370  0.001092  0.998206  0.059052  0.009861  -0.059254  0.998008  0.021649  -0.008563  -0.022195  0.999717  0.002632  -0.005329  0.000297  -0.009924  -0.000289  0.212813  2.000000  0.999911  0.006045  0.011893  -0.006063  0.999980  0.001519  -0.011883  -0.001591  0.999928  0.999995  0.003090  -0.000065  -0.003090  0.999995  -0.000512  0.000064  0.000512  1.000000  1.000000  0.000000  0.000000  0.000000  1.000000  0.000000  0.000000  0.000000  1.000000  0.999911  0.006045  0.011893  -0.006063  0.999980  0.001519  -0.011883  -0.001591  0.999928  0.000054  0.000000  
97.786948 0.005337  0.091364  0.001092  0.998194  0.059258  0.009858  -0.059459  0.997999  0.021526  -0.008563  -0.022073  0.999720  0.002584  -0.005213  0.000272  -0.013908  -0.000123  0.205938  2.000000  0.999911  0.006045  0.011893  -0.006063  0.999980  0.001519  -0.011883  -0.001591  0.999928  0.999996  0.002884  -0.000070  -0.002884  0.999996  -0.000631  0.000068  0.000631  1.000000  1.000000  0.000000  0.000000  0.000000  1.000000  0.000000  0.000000  0.000000  1.000000  0.999911  0.006045  0.011893  -0.006063  0.999980  0.001519  -0.011883  -0.001591  0.999928  0.000052  0.000000  
97.787954 0.005340  0.091360  0.001092  0.998194  0.059258  0.009858  -0.059459  0.997999  0.021526  -0.008563  -0.022073  0.999720  0.002551  -0.005056  0.000301  -0.013903  0.000184  0.193799  2.000000  0.999911  0.006045  0.011893  -0.006063  0.999980  0.001519  -0.011883  -0.001591  0.999928  0.999996  0.002884  -0.000070  -0.002884  0.999996  -0.000631  0.000068  0.000631  1.000000  1.000000  0.000000  0.000000  0.000000  1.000000  0.000000  0.000000  0.000000  1.000000  0.999911  0.006045  0.011893  -0.006063  0.999980  0.001519  -0.011883  -0.001591  0.999928  0.000050  0.000000  
97.789207 0.005343  0.091355  0.001092  0.998194  0.059260  0.009851  -0.059459  0.998001  0.021405  -0.008563  -0.021952  0.999722  0.002566  -0.004933  0.000243  -0.021877  0.000646  0.173033  2.000000  0.999911  0.006045  0.011893  -0.006063  0.999980  0.001519  -0.011883  -0.001591  0.999928  0.999997  0.002473  -0.000080  -0.002473  0.999997  -0.000749  0.000078  0.000749  1.000000  1.000000  0.000000  0.000000  0.000000  1.000000  0.000000  0.000000  0.000000  1.000000  0.999911  0.006045  0.011893  -0.006063  0.999980  0.001519  -0.011883  -0.001591  0.999928  0.000045  0.000000  
97.790452 0.005346  0.091350  0.001091  0.998194  0.059260  0.009851  -0.059459  0.998001  0.021405  -0.008563  -0.021952  0.999722  0.002530  -0.004815  0.000185  0.000000  0.000000  0.000000  2.000000  0.999911  0.006045  0.011893  -0.006063  0.999980  0.001519  -0.011883  -0.001591  0.999928  0.999997  0.002267  -0.000084  -0.002267  0.999997  -0.000747  0.000082  0.000747  1.000000  1.000000  0.000000  0.000000  0.000000  1.000000  0.000000  0.000000  0.000000  1.000000  0.999911  0.006045  0.011893  -0.006063  0.999980  0.001519  -0.011883  -0.001591  0.999928  0.000000  0.000000  
97.791703 0.005349  0.091344  0.001091  0.998182  0.059465  0.009856  -0.059665  0.997989  0.021403  -0.008563  -0.021952  0.999722  0.002510  -0.004720  0.000106  0.000000  0.000000  0.000000  2.000000  0.999911  0.006045  0.011893  -0.006063  0.999980  0.001519  -0.011883  -0.001591  0.999928  0.999997  0.002267  -0.000084  -0.002267  0.999997  -0.000747  0.000082  0.000747  1.000000  1.000000  0.000000  0.000000  0.000000  1.000000  0.000000  0.000000  0.000000  1.000000  0.999911  0.006045  0.011893  -0.006063  0.999980  0.001519  -0.011883  -0.001591  0.999928  0.000000  0.000000  
97.792703 0.005351  0.091339  0.001090  0.998182  0.059466  0.009848  -0.059665  0.997992  0.021282  -0.008563  -0.021831  0.999725  0.002443  -0.004687  -0.000019  0.000000  0.000000  0.000000  2.000000  0.999911  0.006045  0.011893  -0.006063  0.999980  0.001519  -0.011883  -0.001591  0.999928  0.999998  0.001855  -0.000093  -0.001855  0.999998  -0.000744  0.000092  0.000744  1.000000  1.000000  0.000000  0.000000  0.000000  1.000000  0.000000  0.000000  0.000000  1.000000  0.999911  0.006045  0.011893  -0.006063  0.999980  0.001519  -0.011883  -0.001591  0.999928  0.000000  0.000000  
97.793704 0.005353  0.091335  0.001089  0.998182  0.059466  0.009848  -0.059665  0.997992  0.021282  -0.008563  -0.021831  0.999725  0.002430  -0.004617  -0.000084  0.000000  0.000000  0.000000  2.000000  0.999911  0.006045  0.011893  -0.006063  0.999980  0.001519  -0.011883  -0.001591  0.999928  0.999998  0.001855  -0.000093  -0.001855  0.999998  -0.000744  0.000092  0.000744  1.000000  1.000000  0.000000  0.000000  0.000000  1.000000  0.000000  0.000000  0.000000  1.000000  0.999911  0.006045  0.011893  -0.006063  0.999980  0.001519  -0.011883  -0.001591  0.999928  0.000000  0.000000  
97.794955 0.005355  0.091330  0.001089  0.998182  0.059466  0.009848  -0.059665  0.997992  0.021282  -0.008563  -0.021831  0.999725  0.002337  -0.004573  -0.000173  0.000000  0.000000  0.000000  2.000000  0.999911  0.006045  0.011893  -0.006063  0.999980  0.001519  -0.011883  -0.001591  0.999928  0.999999  0.001649  -0.000098  -0.001650  0.999998  -0.000742  0.000097  0.000742  1.000000  1.000000  0.000000  0.000000  0.000000  1.000000  0.000000  0.000000  0.000000  1.000000  0.999911  0.006045  0.011893  -0.006063  0.999980  0.001519  -0.011883  -0.001591  0.999928  0.000000  0.000000  
97.796199 0.005357  0.091325  0.001088  0.998182  0.059466  0.009848  -0.059665  0.997992  0.021282  -0.008563  -0.021831  0.999725  0.002316  -0.004458  -0.000264  0.000000  0.000000  0.000000  2.000000  0.999911  0.006045  0.011893  -0.006063  0.999980  0.001519  -0.011883  -0.001591  0.999928  0.999999  0.001444  -0.000102  -0.001444  0.999999  -0.000740  0.000101  0.000740  1.000000  1.000000  0.000000  0.000000  0.000000  1.000000  0.000000  0.000000  0.000000  1.000000  0.999911  0.006045  0.011893  -0.006063  0.999980  0.001519  -0.011883  -0.001591  0.999928  0.000000  0.000000  
97.797201 0.005359  0.091321  0.001088  0.998182  0.059468  0.009841  -0.059665  0.997994  0.021161  -0.008563  -0.021710  0.999728  0.002292  -0.004390  -0.000292  0.000000  0.000000  0.000000  2.000000  0.999911  0.006045  0.011893  -0.006063  0.999980  0.001519  -0.011883  -0.001591  0.999928  0.999999  0.001238  -0.000107  -0.001238  0.999999  -0.000738  0.000106  0.000739  1.000000  1.000000  0.000000  0.000000  0.000000  1.000000  0.000000  0.000000  0.000000  1.000000  0.999911  0.006045  0.011893  -0.006063  0.999980  0.001519  -0.011883  -0.001591  0.999928  0.000000  0.000000  
97.798450 0.005362  0.091316  0.001088  0.998182  0.059468  0.009841  -0.059665  0.997994  0.021161  -0.008563  -0.021710  0.999728  0.002242  -0.004259  -0.000325  0.000000  0.000000  0.000000  2.000000  0.999911  0.006045  0.011893  -0.006063  0.999980  0.001519  -0.011883  -0.001591  0.999928  0.999999  0.001032  -0.000111  -0.001032  0.999999  -0.000737  0.000111  0.000737  1.000000  1.000000  0.000000  0.000000  0.000000  1.000000  0.000000  0.000000  0.000000  1.000000  0.999911  0.006045  0.011893  -0.006063  0.999980  0.001519  -0.011883  -0.001591  0.999928  0.000000  0.000000  
