1-Time 2-Px 3-Py 4-Pz 5-R11 6-R21 7-R31 8-R12 9-R22 10-R32 11-R13 12-R23 13-R33 14-Vx 15-Vy 16-Vz 17-Wx 18-Wy 19-Wz 20-state 21-PR11 22-PR21 23-PR31 24-PR12 25-PR22 26-PR32 27-PR13 28-PR23 29-PR33 
171.079554 -0.001138  0.088876  -0.002372  0.995377  0.089691  0.034366  -0.090619  0.995534  0.026464  -0.031839  -0.029456  0.999059  0.001516  0.000855  0.000475  0.000000  0.000000  0.000000  2.000000  1.000000  0.000000  0.000000  -0.000000  1.000000  0.000000  0.000000  -0.000000  1.000000  0.999999  -0.001032  0.000103  0.001032  0.999999  -0.000331  -0.000103  0.000331  1.000000  1.000000  0.000000  0.000000  0.000000  1.000000  0.000000  0.000000  0.000000  1.000000  0.726021  0.634451  -0.265265  -0.600855  0.772881  0.204032  0.334467  0.011254  0.942340  0.000000  0.000000  
171.080574 -0.001136  0.088876  -0.002372  0.995377  0.089691  0.034366  -0.090619  0.995534  0.026464  -0.031839  -0.029456  0.999059  0.001529  0.000858  0.000389  0.000000  0.000000  0.000000  2.000000  1.000000  0.000000  0.000000  0.000000  1.000000  0.000000  0.000000  0.000000  1.000000  0.999999  -0.001032  0.000103  0.001032  0.999999  -0.000331  -0.000103  0.000331  1.000000  1.000000  0.000000  0.000000  0.000000  1.000000  0.000000  0.000000  0.000000  1.000000  1.000000  0.000000  0.000000  0.000000  1.000000  0.000000  0.000000  0.000000  1.000000  0.000000  0.000000  
171.081814 -0.001136  0.088874  -0.002374  0.995335  0.090097  0.034510  -0.091028  0.995497  0.026438  -0.031972  -0.029456  0.999055  0.001443  0.000672  0.000187  0.000000  0.000000  0.000000  2.000000  1.000000  0.000000  0.000000  0.000000  1.000000  0.000000  0.000000  0.000000  1.000000  1.000000  -0.000419  0.000255  0.000419  1.000000  -0.000351  -0.000255  0.000351  1.000000  1.000000  0.000000  0.000000  0.000000  1.000000  0.000000  0.000000  0.000000  1.000000  1.000000  0.000000  0.000000  0.000000  1.000000  0.000000  0.000000  0.000000  1.000000  0.000000  0.000000  
171.082827 -0.001136  0.088872  -0.002377  0.995293  0.090498  0.034665  -0.091437  0.995457  0.026532  -0.032106  -0.029577  0.999047  0.001325  0.000460  -0.000034  0.000000  0.000000  0.000000  2.000000  1.000000  0.000000  0.000000  0.000000  1.000000  0.000000  0.000000  0.000000  1.000000  1.000000  -0.000012  0.000401  0.000012  1.000000  -0.000121  -0.000401  0.000121  1.000000  1.000000  0.000000  0.000000  0.000000  1.000000  0.000000  0.000000  0.000000  1.000000  1.000000  0.000000  0.000000  0.000000  1.000000  0.000000  0.000000  0.000000  1.000000  0.000000  0.000000  
171.084062 -0.001135  0.088869  -0.002380  0.995247  0.090896  0.034953  -0.091846  0.995417  0.026614  -0.032374  -0.029698  0.999035  0.001224  0.000147  -0.000307  0.000000  0.000000  0.000000  2.000000  1.000000  0.000000  0.000000  0.000000  1.000000  0.000000  0.000000  0.000000  1.000000  1.000000  0.000392  0.000681  -0.000391  1.000000  -0.000135  -0.000681  0.000134  1.000000  1.000000  0.000000  0.000000  0.000000  1.000000  0.000000  0.000000  0.000000  1.000000  1.000000  0.000000  0.000000  0.000000  1.000000  0.000000  0.000000  0.000000  1.000000  0.000000  0.000000  
171.085063 -0.001134  0.088866  -0.002382  0.995224  0.091097  0.035091  -0.092051  0.995399  0.026595  -0.032507  -0.029698  0.999030  0.001181  -0.000060  -0.000470  0.000000  0.000000  0.000000  2.000000  1.000000  0.000000  0.000000  0.000000  1.000000  0.000000  0.000000  0.000000  1.000000  0.999999  0.000593  0.000821  -0.000593  1.000000  -0.000020  -0.000821  0.000020  1.000000  1.000000  0.000000  0.000000  0.000000  1.000000  0.000000  0.000000  0.000000  1.000000  1.000000  0.000000  0.000000  0.000000  1.000000  0.000000  0.000000  0.000000  1.000000  0.000000  0.000000  
171.086065 -0.001134  0.088863  -0.002384  0.995186  0.091503  0.035114  -0.092461  0.995358  0.026701  -0.032507  -0.029819  0.999027  0.001076  -0.000316  -0.000670  0.000000  0.000000  0.000000  2.000000  1.000000  0.000000  0.000000  0.000000  1.000000  0.000000  0.000000  0.000000  1.000000  0.999999  0.001004  0.000833  -0.001005  0.999999  0.000088  -0.000833  -0.000089  1.000000  1.000000  0.000000  0.000000  0.000000  1.000000  0.000000  0.000000  0.000000  1.000000  1.000000  0.000000  0.000000  0.000000  1.000000  0.000000  0.000000  0.000000  1.000000  0.000000  0.000000  
171.087317 -0.001133  0.088860  -0.002387  0.995147  0.091908  0.035136  -0.092870  0.995317  0.026807  -0.032507  -0.029940  0.999023  0.000991  -0.000600  -0.000891  0.000000  0.000000  0.000000  2.000000  1.000000  0.000000  0.000000  0.000000  1.000000  0.000000  0.000000  0.000000  1.000000  0.999999  0.001416  0.000846  -0.001416  0.999999  0.000196  -0.000845  -0.000197  1.000000  1.000000  0.000000  0.000000  0.000000  1.000000  0.000000  0.000000  0.000000  1.000000  1.000000  0.000000  0.000000  0.000000  1.000000  0.000000  0.000000  0.000000  1.000000  0.000000  0.000000  
171.088318 -0.001133  0.088858  -0.002389  0.995109  0.092314  0.035158  -0.093280  0.995276  0.026913  -0.032507  -0.030061  0.999019  0.000930  -0.000836  -0.001104  0.000000  0.000000  0.000000  2.000000  1.000000  0.000000  0.000000  0.000000  1.000000  0.000000  0.000000  0.000000  1.000000  0.999998  0.001827  0.000858  -0.001827  0.999998  0.000304  -0.000857  -0.000305  1.000000  1.000000  0.000000  0.000000  0.000000  1.000000  0.000000  0.000000  0.000000  1.000000  1.000000  0.000000  0.000000  0.000000  1.000000  0.000000  0.000000  0.000000  1.000000  0.000000  0.000000  
171.089558 -0.001132  0.088854  -0.002392  0.995047  0.092920  0.035319  -0.093894  0.995216  0.027000  -0.032641  -0.030182  0.999011  0.000902  -0.001129  -0.001329  0.000000  0.000000  0.000000  2.000000  1.000000  0.000000  0.000000  0.000000  1.000000  0.000000  0.000000  0.000000  1.000000  0.999996  0.002650  0.000883  -0.002650  0.999996  0.000398  -0.000882  -0.000400  1.000000  1.000000  0.000000  0.000000  0.000000  1.000000  0.000000  0.000000  0.000000  1.000000  1.000000  0.000000  0.000000  0.000000  1.000000  0.000000  0.000000  0.000000  1.000000  0.000000  0.000000  
171.090563 -0.001130  0.088851  -0.002396  0.995008  0.093330  0.035330  -0.094304  0.995178  0.026985  -0.032641  -0.030182  0.999011  0.000876  -0.001411  -0.001586  0.000000  0.000000  0.000000  2.000000  1.000000  0.000000  0.000000  0.000000  1.000000  0.000000  0.000000  0.000000  1.000000  0.999994  0.003262  0.001035  -0.003263  0.999995  0.000499  -0.001034  -0.000502  0.999999  1.000000  0.000000  0.000000  0.000000  1.000000  0.000000  0.000000  0.000000  1.000000  1.000000  0.000000  0.000000  0.000000  1.000000  0.000000  0.000000  0.000000  1.000000  0.000000  0.000000  
171.091563 -0.001129  0.088848  -0.002399  0.994941  0.093932  0.035624  -0.094918  0.995117  0.027059  -0.032909  -0.030303  0.998999  0.000886  -0.001675  -0.001822  0.000000  0.000000  0.000000  2.000000  1.000000  0.000000  0.000000  0.000000  1.000000  0.000000  0.000000  0.000000  1.000000  0.999993  0.003670  0.001182  -0.003670  0.999993  0.000606  -0.001180  -0.000610  0.999999  1.000000  0.000000  0.000000  0.000000  1.000000  0.000000  0.000000  0.000000  1.000000  1.000000  0.000000  0.000000  0.000000  1.000000  0.000000  0.000000  0.000000  1.000000  0.000000  0.000000  
171.092812 -0.001126  0.088845  -0.002401  0.994873  0.094539  0.035907  -0.095531  0.995060  0.027011  -0.033176  -0.030303  0.998990  0.000925  -0.001928  -0.001986  0.000000  0.000000  0.000000  2.000000  1.000000  0.000000  0.000000  0.000000  1.000000  0.000000  0.000000  0.000000  1.000000  0.999990  0.004279  0.001468  -0.004279  0.999991  0.000585  -0.001466  -0.000591  0.999999  1.000000  0.000000  0.000000  0.000000  1.000000  0.000000  0.000000  0.000000  1.000000  1.000000  0.000000  0.000000  0.000000  1.000000  0.000000  0.000000  0.000000  1.000000  0.000000  0.000000  
171.093852 -0.001124  0.088843  -0.002403  0.994830  0.094944  0.036051  -0.095940  0.995021  0.026984  -0.033310  -0.030303  0.998986  0.000944  -0.002203  -0.002125  0.000000  0.000000  0.000000  2.000000  1.000000  0.000000  0.000000  0.000000  1.000000  0.000000  0.000000  0.000000  1.000000  0.999988  0.004682  0.001748  -0.004683  0.999989  0.000570  -0.001745  -0.000578  0.999998  1.000000  0.000000  0.000000  0.000000  1.000000  0.000000  0.000000  0.000000  1.000000  1.000000  0.000000  0.000000  0.000000  1.000000  0.000000  0.000000  0.000000  1.000000  0.000000  0.000000  
171.095060 -0.001123  0.088837  -0.002406  0.994761  0.095551  0.036334  -0.096554  0.994963  0.026935  -0.033577  -0.030303  0.998977  0.000914  -0.002634  -0.002323  0.014512  -0.068327  0.177837  2.000000  1.000000  0.000056  0.000277  -0.000056  1.000000  0.000032  -0.000277  -0.000032  1.000000  0.999983  0.005500  0.001907  -0.005502  0.999985  0.000662  -0.001903  -0.000673  0.999998  1.000000  0.000014  0.000071  -0.000014  1.000000  0.000008  -0.000071  -0.000008  1.000000  1.000000  0.000056  0.000277  -0.000056  1.000000  0.000032  -0.000277  -0.000032  1.000000  0.000000  0.005860  
171.096063 -0.001123  0.088832  -0.002409  0.994717  0.095956  0.036478  -0.096963  0.994924  0.026908  -0.033711  -0.030302  0.998972  0.000896  -0.002891  -0.002438  0.014045  -0.073228  0.191505  2.000000  1.000000  0.000119  0.000581  -0.000119  1.000000  0.000065  -0.000581  -0.000065  1.000000  0.999979  0.006113  0.002059  -0.006115  0.999981  0.000640  -0.002055  -0.000653  0.999998  1.000000  0.000016  0.000079  -0.000016  1.000000  0.000008  -0.000079  -0.000008  1.000000  1.000000  0.000119  0.000581  -0.000119  1.000000  0.000065  -0.000581  -0.000065  1.000000  0.000051  0.006483  
171.097329 -0.001122  0.088826  -0.002413  0.994672  0.096362  0.036622  -0.097372  0.994885  0.026879  -0.033845  -0.030302  0.998968  0.000932  -0.003194  -0.002480  0.017645  -0.078079  0.205076  2.000000  0.999999  0.000201  0.000987  -0.000201  1.000000  0.000105  -0.000987  -0.000105  1.000000  0.999976  0.006521  0.002205  -0.006522  0.999979  0.000626  -0.002201  -0.000640  0.999997  1.000000  0.000017  0.000084  -0.000017  1.000000  0.000008  -0.000084  -0.000008  1.000000  0.999999  0.000201  0.000987  -0.000201  1.000000  0.000105  -0.000987  -0.000105  1.000000  0.000055  0.006912  
171.098567 -0.001121  0.088819  -0.002417  0.994628  0.096763  0.036778  -0.097781  0.994842  0.026972  -0.033978  -0.030423  0.998959  0.000969  -0.003464  -0.002523  0.021262  -0.083041  0.218863  2.000000  0.999999  0.000269  0.001333  -0.000269  1.000000  0.000136  -0.001333  -0.000136  0.999999  0.999975  0.006722  0.002345  -0.006724  0.999977  0.000618  -0.002341  -0.000633  0.999997  1.000000  0.000017  0.000087  -0.000017  1.000000  0.000008  -0.000087  -0.000008  1.000000  0.999999  0.000269  0.001333  -0.000269  1.000000  0.000136  -0.001333  -0.000136  0.999999  0.000057  0.007147  
171.099815 -0.001120  0.088811  -0.002421  0.994598  0.096960  0.037049  -0.097985  0.994823  0.026938  -0.034246  -0.030423  0.998950  0.001002  -0.003763  -0.002645  0.020777  -0.092448  0.232425  2.000000  0.999998  0.000362  0.001800  -0.000363  1.000000  0.000182  -0.001800  -0.000182  0.999998  0.999970  0.007335  0.002498  -0.007337  0.999973  0.000717  -0.002493  -0.000735  0.999997  1.000000  0.000019  0.000095  -0.000019  1.000000  0.000009  -0.000095  -0.000009  1.000000  0.999998  0.000362  0.001800  -0.000363  1.000000  0.000182  -0.001800  -0.000182  0.999998  0.000062  0.007783  
171.100819 -0.001118  0.088804  -0.002424  0.994553  0.097361  0.037205  -0.098394  0.994780  0.027030  -0.034379  -0.030544  0.998942  0.001127  -0.003986  -0.002710  0.024373  -0.097344  0.246036  2.000000  0.999998  0.000417  0.002095  -0.000417  1.000000  0.000208  -0.002095  -0.000209  0.999998  0.999966  0.007738  0.002778  -0.007740  0.999970  0.000701  -0.002772  -0.000722  0.999996  1.000000  0.000018  0.000101  -0.000018  1.000000  0.000009  -0.000101  -0.000009  1.000000  0.999998  0.000417  0.002095  -0.000417  1.000000  0.000208  -0.002095  -0.000209  0.999998  0.000066  0.008252  
171.102063 -0.001115  0.088796  -0.002430  0.994499  0.097758  0.037616  -0.098802  0.994741  0.026975  -0.034781  -0.030544  0.998928  0.001234  -0.004372  -0.002931  0.023866  -0.111254  0.259483  2.000000  0.999996  0.000503  0.002612  -0.000504  1.000000  0.000260  -0.002612  -0.000261  0.999997  0.999964  0.007935  0.003053  -0.007938  0.999968  0.000813  -0.003046  -0.000837  0.999995  1.000000  0.000017  0.000105  -0.000017  1.000000  0.000010  -0.000105  -0.000010  1.000000  0.999996  0.000503  0.002612  -0.000504  1.000000  0.000260  -0.002612  -0.000261  0.999997  0.000070  0.008542  
171.103313 -0.001112  0.088787  -0.002436  0.994449  0.098155  0.037905  -0.099211  0.994699  0.027054  -0.035048  -0.030664  0.998915  0.001387  -0.004705  -0.003121  0.027215  -0.120884  0.279940  2.000000  0.999995  0.000565  0.003031  -0.000566  1.000000  0.000305  -0.003031  -0.000307  0.999995  0.999965  0.007725  0.003181  -0.007728  0.999970  0.000939  -0.003174  -0.000964  0.999994  1.000000  0.000014  0.000104  -0.000014  1.000000  0.000012  -0.000104  -0.000012  1.000000  0.999995  0.000565  0.003031  -0.000566  1.000000  0.000305  -0.003031  -0.000307  0.999995  0.000073  0.008408  
171.104562 -0.001110  0.088778  -0.002443  0.994419  0.098347  0.038188  -0.099415  0.994676  0.027140  -0.035316  -0.030785  0.998902  0.001460  -0.005145  -0.003402  0.035085  -0.125616  0.286780  2.000000  0.999994  0.000632  0.003547  -0.000633  1.000000  0.000360  -0.003547  -0.000362  0.999994  0.999967  0.007519  0.003176  -0.007522  0.999971  0.000944  -0.003168  -0.000968  0.999995  1.000000  0.000013  0.000101  -0.000013  1.000000  0.000012  -0.000101  -0.000012  1.000000  0.999994  0.000632  0.003547  -0.000633  1.000000  0.000360  -0.003547  -0.000362  0.999994  0.000077  0.008218  
171.105813 -0.001107  0.088769  -0.002450  0.994410  0.098339  0.038454  -0.099414  0.994677  0.027114  -0.035583  -0.030785  0.998892  0.001545  -0.005501  -0.003599  0.035046  -0.134603  0.286504  2.000000  0.999992  0.000688  0.004051  -0.000690  1.000000  0.000415  -0.004051  -0.000418  0.999992  0.999968  0.007313  0.003169  -0.007316  0.999973  0.000828  -0.003163  -0.000851  0.999995  1.000000  0.000011  0.000099  -0.000011  1.000000  0.000010  -0.000099  -0.000010  1.000000  0.999992  0.000688  0.004051  -0.000690  1.000000  0.000415  -0.004051  -0.000418  0.999992  0.000079  0.008015  
171.107112 -0.001104  0.088759  -0.002458  0.994385  0.098535  0.038604  -0.099618  0.994654  0.027213  -0.035717  -0.030906  0.998884  0.001561  -0.005919  -0.003903  0.038802  -0.139085  0.292768  2.000000  0.999989  0.000736  0.004551  -0.000738  1.000000  0.000470  -0.004551  -0.000474  0.999990  0.999967  0.007305  0.003438  -0.007307  0.999973  0.000826  -0.003432  -0.000851  0.999994  1.000000  0.000008  0.000101  -0.000008  1.000000  0.000010  -0.000101  -0.000010  1.000000  0.999989  0.000736  0.004551  -0.000738  1.000000  0.000470  -0.004551  -0.000474  0.999990  0.000082  0.008117  
171.108310 -0.001102  0.088749  -0.002465  0.994359  0.098736  0.038743  -0.099822  0.994634  0.027192  -0.035850  -0.030906  0.998879  0.001537  -0.006380  -0.004234  0.038384  -0.144248  0.306984  2.000000  0.999987  0.000762  0.004949  -0.000764  1.000000  0.000511  -0.004948  -0.000514  0.999988  0.999968  0.007095  0.003565  -0.007097  0.999975  0.000711  -0.003560  -0.000737  0.999993  1.000000  0.000006  0.000099  -0.000006  1.000000  0.000009  -0.000099  -0.000009  1.000000  0.999987  0.000762  0.004949  -0.000764  1.000000  0.000511  -0.004948  -0.000514  0.999988  0.000085  0.007973  
171.109559 -0.001101  0.088740  -0.002472  0.994329  0.098932  0.039015  -0.100026  0.994614  0.027157  -0.036118  -0.030906  0.998870  0.001513  -0.006683  -0.004458  0.038119  -0.153496  0.313724  2.000000  0.999985  0.000774  0.005432  -0.000777  1.000000  0.000554  -0.005432  -0.000559  0.999985  0.999970  0.006675  0.003820  -0.006678  0.999978  0.000603  -0.003816  -0.000629  0.999993  1.000000  0.000000  0.000096  -0.000000  1.000000  0.000008  -0.000096  -0.000008  1.000000  0.999985  0.000774  0.005432  -0.000777  1.000000  0.000554  -0.005432  -0.000559  0.999985  0.000088  0.007716  
171.110565 -0.001100  0.088732  -0.002477  0.994324  0.098928  0.039148  -0.100026  0.994615  0.027144  -0.036251  -0.030905  0.998865  0.001509  -0.006874  -0.004623  0.037783  -0.156687  0.310995  2.000000  0.999983  0.000766  0.005805  -0.000769  1.000000  0.000586  -0.005804  -0.000590  0.999983  0.999973  0.006260  0.003941  -0.006262  0.999980  0.000617  -0.003937  -0.000642  0.999992  1.000000  -0.000004  0.000092  0.000004  1.000000  0.000008  -0.000092  -0.000008  1.000000  0.999983  0.000766  0.005805  -0.000769  1.000000  0.000586  -0.005804  -0.000590  0.999983  0.000088  0.007424  
171.111566 -0.001100  0.088725  -0.002481  0.994315  0.098925  0.039402  -0.100025  0.994619  0.026996  -0.036519  -0.030784  0.998859  0.001500  -0.007023  -0.004683  0.034420  -0.162005  0.299541  2.000000  0.999981  0.000751  0.006072  -0.000755  1.000000  0.000605  -0.006072  -0.000609  0.999981  0.999975  0.005848  0.003928  -0.005850  0.999983  0.000510  -0.003925  -0.000533  0.999992  1.000000  -0.000006  0.000088  0.000006  1.000000  0.000007  -0.000088  -0.000007  1.000000  0.999981  0.000751  0.006072  -0.000755  1.000000  0.000605  -0.006072  -0.000609  0.999981  0.000086  0.007065  
171.112816 -0.001099  0.088716  -0.002487  0.994305  0.098916  0.039667  -0.100024  0.994619  0.026970  -0.036786  -0.030784  0.998849  0.001497  -0.007121  -0.004802  0.030515  -0.164786  0.283309  2.000000  0.999979  0.000703  0.006495  -0.000707  1.000000  0.000627  -0.006495  -0.000632  0.999979  0.999978  0.005228  0.004043  -0.005229  0.999986  0.000289  -0.004041  -0.000310  0.999992  1.000000  -0.000011  0.000082  0.000011  1.000000  0.000004  -0.000082  -0.000004  1.000000  0.999979  0.000703  0.006495  -0.000707  1.000000  0.000627  -0.006495  -0.000632  0.999979  0.000083  0.006615  
171.113818 -0.001099  0.088709  -0.002491  0.994300  0.098917  0.039788  -0.100023  0.994623  0.026836  -0.036920  -0.030662  0.998848  0.001446  -0.007240  -0.004938  0.026880  -0.159844  0.269648  2.000000  0.999978  0.000679  0.006654  -0.000683  1.000000  0.000635  -0.006654  -0.000639  0.999978  0.999980  0.004817  0.004029  -0.004818  0.999988  0.000181  -0.004028  -0.000201  0.999992  1.000000  0.000000  0.000000  0.000000  1.000000  0.000000  0.000000  0.000000  1.000000  0.999978  0.000679  0.006654  -0.000683  1.000000  0.000635  -0.006654  -0.000639  0.999978  0.000079  0.000000  
171.115066 -0.001100  0.088700  -0.002496  0.994269  0.099114  0.040060  -0.100227  0.994604  0.026801  -0.037187  -0.030662  0.998838  0.001230  -0.007321  -0.005054  0.023210  -0.165461  0.264807  2.000000  0.999978  0.000679  0.006654  -0.000683  1.000000  0.000635  -0.006654  -0.000639  0.999978  0.999982  0.004405  0.004017  -0.004406  0.999990  0.000195  -0.004016  -0.000213  0.999992  1.000000  0.000000  0.000000  0.000000  1.000000  0.000000  0.000000  0.000000  1.000000  0.999978  0.000679  0.006654  -0.000683  1.000000  0.000635  -0.006654  -0.000639  0.999978  0.000079  0.000000  
171.116069 -0.001101  0.088693  -0.002501  0.994264  0.099110  0.040193  -0.100226  0.994604  0.026787  -0.037321  -0.030662  0.998833  0.001027  -0.007313  -0.005044  0.019525  -0.171238  0.259988  2.000000  0.999978  0.000679  0.006654  -0.000683  1.000000  0.000635  -0.006654  -0.000639  0.999978  0.999985  0.003793  0.003864  -0.003793  0.999993  0.000218  -0.003863  -0.000233  0.999993  1.000000  0.000000  0.000000  0.000000  1.000000  0.000000  0.000000  0.000000  1.000000  0.999978  0.000679  0.006654  -0.000683  1.000000  0.000635  -0.006654  -0.000639  0.999978  0.000078  0.000000  
171.117315 -0.001103  0.088685  -0.002507  0.994280  0.098906  0.040308  -0.100021  0.994628  0.026661  -0.037455  -0.030541  0.998832  0.000713  -0.007318  -0.005127  0.011815  -0.172220  0.234953  2.000000  0.999978  0.000679  0.006654  -0.000683  1.000000  0.000635  -0.006654  -0.000639  0.999978  0.999988  0.002970  0.003839  -0.002971  0.999996  0.000127  -0.003838  -0.000138  0.999993  1.000000  0.000000  0.000000  0.000000  1.000000  0.000000  0.000000  0.000000  1.000000  0.999978  0.000679  0.006654  -0.000683  1.000000  0.000635  -0.006654  -0.000639  0.999978  0.000074  0.000000  
171.118316 -0.001105  0.088678  -0.002512  0.994275  0.098902  0.040441  -0.100021  0.994628  0.026648  -0.037589  -0.030540  0.998827  0.000478  -0.007238  -0.005116  0.008236  -0.176269  0.221086  2.000000  0.999978  0.000679  0.006654  -0.000683  1.000000  0.000635  -0.006654  -0.000639  0.999978  0.999989  0.002769  0.003699  -0.002769  0.999996  0.000135  -0.003698  -0.000145  0.999993  1.000000  0.000000  0.000000  0.000000  1.000000  0.000000  0.000000  0.000000  1.000000  0.999978  0.000679  0.006654  -0.000683  1.000000  0.000635  -0.006654  -0.000639  0.999978  0.000072  0.000000  
171.119562 -0.001107  0.088671  -0.002518  0.994270  0.098897  0.040574  -0.100020  0.994629  0.026635  -0.037722  -0.030540  0.998821  0.000158  -0.007108  -0.004989  0.004929  -0.177173  0.202239  2.000000  0.999978  0.000679  0.006654  -0.000683  1.000000  0.000635  -0.006654  -0.000639  0.999978  0.999990  0.002357  0.003686  -0.002358  0.999997  0.000150  -0.003686  -0.000159  0.999993  1.000000  0.000000  0.000000  0.000000  1.000000  0.000000  0.000000  0.000000  1.000000  0.999978  0.000679  0.006654  -0.000683  1.000000  0.000635  -0.006654  -0.000639  0.999978  0.000067  0.000000  
171.120563 -0.001109  0.088666  -0.002522  0.994270  0.098897  0.040574  -0.100020  0.994629  0.026635  -0.037722  -0.030540  0.998821  -0.000140  -0.006958  -0.004855  0.005370  -0.175238  0.186795  2.000000  0.999978  0.000679  0.006654  -0.000683  1.000000  0.000635  -0.006654  -0.000639  0.999978  0.999991  0.001946  0.003674  -0.001946  0.999998  0.000044  -0.003674  -0.000051  0.999993  1.000000  0.000000  0.000000  0.000000  1.000000  0.000000  0.000000  0.000000  1.000000  0.999978  0.000679  0.006654  -0.000683  1.000000  0.000635  -0.006654  -0.000639  0.999978  0.000065  0.000000  
171.121565 -0.001112  0.088660  -0.002527  0.994265  0.098893  0.040707  -0.100020  0.994629  0.026621  -0.037856  -0.030540  0.998816  -0.000447  -0.006884  -0.004800  0.002033  -0.171581  0.167738  2.000000  0.999978  0.000679  0.006654  -0.000683  1.000000  0.000635  -0.006654  -0.000639  0.999978  0.999993  0.001539  0.003527  -0.001539  0.999999  0.000059  -0.003527  -0.000065  0.999994  1.000000  0.000000  0.000000  0.000000  1.000000  0.000000  0.000000  0.000000  1.000000  0.999978  0.000679  0.006654  -0.000683  1.000000  0.000635  -0.006654  -0.000639  0.999978  0.000060  0.000000  
171.122570 -0.001115  0.088653  -0.002532  0.994255  0.098885  0.040973  -0.100019  0.994630  0.026595  -0.038123  -0.030540  0.998806  -0.000854  -0.006779  -0.004729  0.000000  0.000000  0.000000  2.000000  0.999978  0.000679  0.006654  -0.000683  1.000000  0.000635  -0.006654  -0.000639  0.999978  0.999993  0.001337  0.003387  -0.001337  0.999999  -0.000055  -0.003387  0.000050  0.999994  1.000000  0.000000  0.000000  0.000000  1.000000  0.000000  0.000000  0.000000  1.000000  0.999978  0.000679  0.006654  -0.000683  1.000000  0.000635  -0.006654  -0.000639  0.999978  0.000000  0.000000  
171.123575 -0.001119  0.088647  -0.002538  0.994250  0.098881  0.041106  -0.100018  0.994630  0.026581  -0.038257  -0.030540  0.998801  -0.001176  -0.006699  -0.004745  0.000000  0.000000  0.000000  2.000000  0.999978  0.000679  0.006654  -0.000683  1.000000  0.000635  -0.006654  -0.000639  0.999978  0.999994  0.000926  0.003375  -0.000925  1.000000  -0.000161  -0.003375  0.000157  0.999994  1.000000  0.000000  0.000000  0.000000  1.000000  0.000000  0.000000  0.000000  1.000000  0.999978  0.000679  0.006654  -0.000683  1.000000  0.000635  -0.006654  -0.000639  0.999978  0.000056  0.000000  
171.124811 -0.001124  0.088638  -0.002546  0.994240  0.098873  0.041372  -0.100017  0.994631  0.026554  -0.038524  -0.030539  0.998791  -0.001573  -0.006636  -0.004835  0.000000  0.000000  0.000000  2.000000  0.999978  0.000679  0.006654  -0.000683  1.000000  0.000635  -0.006654  -0.000639  0.999978  0.999995  0.000724  0.003235  -0.000724  1.000000  -0.000153  -0.003235  0.000150  0.999995  1.000000  0.000000  0.000000  0.000000  1.000000  0.000000  0.000000  0.000000  1.000000  0.999978  0.000679  0.006654  -0.000683  1.000000  0.000635  -0.006654  -0.000639  0.999978  0.000000  0.000000  
171.125817 -0.001129  0.088632  -0.002551  0.994235  0.098869  0.041505  -0.100017  0.994632  0.026541  -0.038658  -0.030539  0.998786  -0.001941  -0.006531  -0.004882  0.000000  0.000000  0.000000  2.000000  0.999978  0.000679  0.006654  -0.000683  1.000000  0.000635  -0.006654  -0.000639  0.999978  0.999995  0.000519  0.003229  -0.000518  1.000000  -0.000266  -0.003229  0.000265  0.999995  1.000000  0.000000  0.000000  0.000000  1.000000  0.000000  0.000000  0.000000  1.000000  0.999978  0.000679  0.006654  -0.000683  1.000000  0.000635  -0.006654  -0.000639  0.999978  0.000000  0.000000  
171.127060 -0.001134  0.088625  -0.002559  0.994229  0.098865  0.041638  -0.100016  0.994632  0.026528  -0.038792  -0.030539  0.998781  -0.002272  -0.006416  -0.005014  0.000000  0.000000  0.000000  2.000000  0.999978  0.000679  0.006654  -0.000683  1.000000  0.000635  -0.006654  -0.000639  0.999978  0.999995  0.000313  0.003222  -0.000312  1.000000  -0.000380  -0.003222  0.000379  0.999995  1.000000  0.000000  0.000000  0.000000  1.000000  0.000000  0.000000  0.000000  1.000000  0.999978  0.000679  0.006654  -0.000683  1.000000  0.000635  -0.006654  -0.000639  0.999978  0.000000  0.000000  
171.128061 -0.001138  0.088620  -0.002565  0.994224  0.098861  0.041771  -0.100015  0.994633  0.026514  -0.038926  -0.030539  0.998775  -0.002563  -0.006306  -0.005147  0.000000  0.000000  0.000000  2.000000  0.999978  0.000679  0.006654  -0.000683  1.000000  0.000635  -0.006654  -0.000639  0.999978  0.999996  0.000116  0.002948  -0.000115  1.000000  -0.000372  -0.002949  0.000371  0.999996  1.000000  0.000000  0.000000  0.000000  1.000000  0.000000  0.000000  0.000000  1.000000  0.999978  0.000679  0.006654  -0.000683  1.000000  0.000635  -0.006654  -0.000639  0.999978  0.000000  0.000000  
171.129313 -0.001143  0.088613  -0.002573  0.994224  0.098861  0.041771  -0.100015  0.994633  0.026514  -0.038926  -0.030539  0.998775  -0.002865  -0.006150  -0.005298  0.000000  0.000000  0.000000  2.000000  0.999978  0.000679  0.006654  -0.000683  1.000000  0.000635  -0.006654  -0.000639  0.999978  0.999996  0.000116  0.002948  -0.000115  1.000000  -0.000372  -0.002949  0.000371  0.999996  1.000000  0.000000  0.000000  0.000000  1.000000  0.000000  0.000000  0.000000  1.000000  0.999978  0.000679  0.006654  -0.000683  1.000000  0.000635  -0.006654  -0.000639  0.999978  0.000000  0.000000  
171.130568 -0.001148  0.088607  -0.002580  0.994219  0.098857  0.041904  -0.100015  0.994633  0.026501  -0.039059  -0.030539  0.998770  -0.003175  -0.005942  -0.005450  0.000000  0.000000  0.000000  2.000000  0.999978  0.000679  0.006654  -0.000683  1.000000  0.000635  -0.006654  -0.000639  0.999978  0.999996  -0.000086  0.002808  0.000087  1.000000  -0.000364  -0.002808  0.000364  0.999996  1.000000  0.000000  0.000000  0.000000  1.000000  0.000000  0.000000  0.000000  1.000000  0.999978  0.000679  0.006654  -0.000683  1.000000  0.000635  -0.006654  -0.000639  0.999978  0.000000  0.000000  
171.131813 -0.001153  0.088601  -0.002587  0.994214  0.098853  0.042037  -0.100014  0.994633  0.026488  -0.039193  -0.030539  0.998765  -0.003345  -0.005765  -0.005519  0.000000  0.000000  0.000000  2.000000  0.999978  0.000679  0.006654  -0.000683  1.000000  0.000635  -0.006654  -0.000639  0.999978  0.999996  -0.000082  0.002675  0.000082  1.000000  -0.000242  -0.002675  0.000243  0.999996  1.000000  0.000000  0.000000  0.000000  1.000000  0.000000  0.000000  0.000000  1.000000  0.999978  0.000679  0.006654  -0.000683  1.000000  0.000635  -0.006654  -0.000639  0.999978  0.000000  0.000000  
171.132817 -0.001157  0.088597  -0.002593  0.994209  0.098849  0.042170  -0.100014  0.994634  0.026474  -0.039327  -0.030538  0.998760  -0.003582  -0.005609  -0.005551  0.000000  0.000000  0.000000  2.000000  0.999978  0.000679  0.006654  -0.000683  1.000000  0.000635  -0.006654  -0.000639  0.999978  0.999996  -0.000082  0.002675  0.000082  1.000000  -0.000242  -0.002675  0.000243  0.999996  1.000000  0.000000  0.000000  0.000000  1.000000  0.000000  0.000000  0.000000  1.000000  0.999978  0.000679  0.006654  -0.000683  1.000000  0.000635  -0.006654  -0.000639  0.999978  0.000000  0.000000  
171.134059 -0.001161  0.088593  -0.002599  0.994203  0.098850  0.042291  -0.100013  0.994637  0.026340  -0.039460  -0.030417  0.998758  -0.003661  -0.005380  -0.005519  0.000000  0.000000  0.000000  2.000000  0.999978  0.000679  0.006654  -0.000683  1.000000  0.000635  -0.006654  -0.000639  0.999978  0.999997  -0.000077  0.002541  0.000078  1.000000  -0.000242  -0.002541  0.000243  0.999997  1.000000  0.000000  0.000000  0.000000  1.000000  0.000000  0.000000  0.000000  1.000000  0.999978  0.000679  0.006654  -0.000683  1.000000  0.000635  -0.006654  -0.000639  0.999978  0.000000  0.000000  
171.135061 -0.001165  0.088590  -0.002603  0.994198  0.098846  0.042424  -0.100013  0.994638  0.026327  -0.039594  -0.030417  0.998753  -0.003775  -0.005236  -0.005515  0.000000  0.000000  0.000000  2.000000  0.999978  0.000679  0.006654  -0.000683  1.000000  0.000635  -0.006654  -0.000639  0.999978  0.999997  -0.000283  0.002535  0.000284  1.000000  -0.000234  -0.002535  0.000235  0.999997  1.000000  0.000000  0.000000  0.000000  1.000000  0.000000  0.000000  0.000000  1.000000  0.999978  0.000679  0.006654  -0.000683  1.000000  0.000635  -0.006654  -0.000639  0.999978  0.000000  0.000000  
171.136314 -0.001169  0.088587  -0.002608  0.994219  0.098641  0.042418  -0.099808  0.994658  0.026336  -0.039594  -0.030417  0.998753  -0.003898  -0.004975  -0.005475  0.000000  0.000000  0.000000  2.000000  0.999978  0.000679  0.006654  -0.000683  1.000000  0.000635  -0.006654  -0.000639  0.999978  0.999997  -0.000481  0.002261  0.000481  1.000000  -0.000226  -0.002261  0.000227  0.999997  1.000000  0.000000  0.000000  0.000000  1.000000  0.000000  0.000000  0.000000  1.000000  0.999978  0.000679  0.006654  -0.000683  1.000000  0.000635  -0.006654  -0.000639  0.999978  0.000000  0.000000  
171.137317 -0.001173  0.088584  -0.002612  0.994213  0.098637  0.042551  -0.099808  0.994659  0.026322  -0.039728  -0.030417  0.998747  -0.003898  -0.004706  -0.005406  0.000000  0.000000  0.000000  2.000000  0.999978  0.000679  0.006654  -0.000683  1.000000  0.000635  -0.006654  -0.000639  0.999978  0.999997  -0.000275  0.002267  0.000275  1.000000  -0.000113  -0.002267  0.000114  0.999997  1.000000  0.000000  0.000000  0.000000  1.000000  0.000000  0.000000  0.000000  1.000000  0.999978  0.000679  0.006654  -0.000683  1.000000  0.000635  -0.006654  -0.000639  0.999978  0.000000  0.000000  
171.138560 -0.001178  0.088580  -0.002618  0.994208  0.098633  0.042684  -0.099807  0.994659  0.026309  -0.039861  -0.030417  0.998742  -0.003957  -0.004464  -0.005327  0.000000  0.000000  0.000000  2.000000  0.999978  0.000679  0.006654  -0.000683  1.000000  0.000635  -0.006654  -0.000639  0.999978  0.999998  -0.000271  0.002134  0.000271  1.000000  -0.000113  -0.002133  0.000114  0.999998  1.000000  0.000000  0.000000  0.000000  1.000000  0.000000  0.000000  0.000000  1.000000  0.999978  0.000679  0.006654  -0.000683  1.000000  0.000635  -0.006654  -0.000639  0.999978  0.000000  0.000000  
171.139809 -0.001183  0.088576  -0.002624  0.994208  0.098633  0.042684  -0.099807  0.994659  0.026309  -0.039861  -0.030417  0.998742  -0.003893  -0.004146  -0.005216  0.000000  0.000000  0.000000  2.000000  0.999978  0.000679  0.006654  -0.000683  1.000000  0.000635  -0.006654  -0.000639  0.999978  0.999998  -0.000271  0.002134  0.000271  1.000000  -0.000113  -0.002133  0.000114  0.999998  1.000000  0.000000  0.000000  0.000000  1.000000  0.000000  0.000000  0.000000  1.000000  0.999978  0.000679  0.006654  -0.000683  1.000000  0.000635  -0.006654  -0.000639  0.999978  0.000000  0.000000  
171.140811 -0.001186  0.088573  -0.002628  0.994203  0.098634  0.042805  -0.099807  0.994663  0.026175  -0.039995  -0.030295  0.998740  -0.003837  -0.003906  -0.005140  0.000000  0.000000  0.000000  2.000000  0.999978  0.000679  0.006654  -0.000683  1.000000  0.000635  -0.006654  -0.000639  0.999978  0.999997  -0.000275  0.002267  0.000275  1.000000  -0.000234  -0.002267  0.000235  0.999997  1.000000  0.000000  0.000000  0.000000  1.000000  0.000000  0.000000  0.000000  1.000000  0.999978  0.000679  0.006654  -0.000683  1.000000  0.000635  -0.006654  -0.000639  0.999978  0.000000  0.000000  
171.141816 -0.001189  0.088571  -0.002633  0.994197  0.098630  0.042938  -0.099806  0.994663  0.026161  -0.040129  -0.030295  0.998735  -0.003756  -0.003668  -0.005046  0.000000  0.000000  0.000000  2.000000  0.999978  0.000679  0.006654  -0.000683  1.000000  0.000635  -0.006654  -0.000639  0.999978  0.999997  -0.000275  0.002267  0.000275  1.000000  -0.000234  -0.002267  0.000235  0.999997  1.000000  0.000000  0.000000  0.000000  1.000000  0.000000  0.000000  0.000000  1.000000  0.999978  0.000679  0.006654  -0.000683  1.000000  0.000635  -0.006654  -0.000639  0.999978  0.000000  0.000000  
171.143060 -0.001192  0.088568  -0.002638  0.994192  0.098626  0.043071  -0.099805  0.994663  0.026148  -0.040263  -0.030295  0.998730  -0.003613  -0.003417  -0.004899  0.000000  0.000000  0.000000  2.000000  0.999978  0.000679  0.006654  -0.000683  1.000000  0.000635  -0.006654  -0.000639  0.999978  0.999998  -0.000271  0.002134  0.000271  1.000000  -0.000234  -0.002133  0.000235  0.999998  1.000000  0.000000  0.000000  0.000000  1.000000  0.000000  0.000000  0.000000  1.000000  0.999978  0.000679  0.006654  -0.000683  1.000000  0.000635  -0.006654  -0.000639  0.999978  0.000000  0.000000  
171.144310 -0.001194  0.088566  -0.002644  0.994187  0.098622  0.043204  -0.099805  0.994664  0.026135  -0.040396  -0.030295  0.998724  -0.003403  -0.003149  -0.004748  0.000000  0.000000  0.000000  2.000000  0.999978  0.000679  0.006654  -0.000683  1.000000  0.000635  -0.006654  -0.000639  0.999978  0.999998  -0.000271  0.002134  0.000271  1.000000  -0.000234  -0.002133  0.000235  0.999998  1.000000  0.000000  0.000000  0.000000  1.000000  0.000000  0.000000  0.000000  1.000000  0.999978  0.000679  0.006654  -0.000683  1.000000  0.000635  -0.006654  -0.000639  0.999978  0.000000  0.000000  
171.145560 -0.001195  0.088564  -0.002649  0.994181  0.098613  0.043349  -0.099804  0.994661  0.026242  -0.040530  -0.030416  0.998715  -0.003145  -0.002883  -0.004600  0.000000  0.000000  0.000000  2.000000  0.999978  0.000679  0.006654  -0.000683  1.000000  0.000635  -0.006654  -0.000639  0.999978  0.999998  -0.000267  0.002000  0.000267  1.000000  -0.000113  -0.002000  0.000113  0.999998  1.000000  0.000000  0.000000  0.000000  1.000000  0.000000  0.000000  0.000000  1.000000  0.999978  0.000679  0.006654  -0.000683  1.000000  0.000635  -0.006654  -0.000639  0.999978  0.000000  0.000000  
171.146564 -0.001196  0.088562  -0.002653  0.994155  0.098813  0.043487  -0.100009  0.994641  0.026220  -0.040664  -0.030416  0.998710  -0.002938  -0.002687  -0.004477  0.000000  0.000000  0.000000  2.000000  0.999978  0.000679  0.006654  -0.000683  1.000000  0.000635  -0.006654  -0.000639  0.999978  0.999998  -0.000061  0.002006  0.000061  1.000000  -0.000121  -0.002006  0.000121  0.999998  1.000000  0.000000  0.000000  0.000000  1.000000  0.000000  0.000000  0.000000  1.000000  0.999978  0.000679  0.006654  -0.000683  1.000000  0.000635  -0.006654  -0.000639  0.999978  0.000000  0.000000  
171.147569 -0.001196  0.088560  -0.002657  0.994150  0.098809  0.043620  -0.100008  0.994641  0.026206  -0.040797  -0.030416  0.998704  -0.002673  -0.002504  -0.004350  0.000000  0.000000  0.000000  2.000000  0.999978  0.000679  0.006654  -0.000683  1.000000  0.000635  -0.006654  -0.000639  0.999978  0.999998  -0.000061  0.002006  0.000061  1.000000  -0.000121  -0.002006  0.000121  0.999998  1.000000  0.000000  0.000000  0.000000  1.000000  0.000000  0.000000  0.000000  1.000000  0.999978  0.000679  0.006654  -0.000683  1.000000  0.000635  -0.006654  -0.000639  0.999978  0.000000  0.000000  
171.148821 -0.001197  0.088558  -0.002662  0.994144  0.098805  0.043753  -0.100007  0.994642  0.026193  -0.040931  -0.030415  0.998699  -0.002434  -0.002410  -0.004307  0.000000  0.000000  0.000000  2.000000  0.999978  0.000679  0.006654  -0.000683  1.000000  0.000635  -0.006654  -0.000639  0.999978  0.999998  -0.000057  0.001872  0.000057  1.000000  -0.000121  -0.001872  0.000121  0.999998  1.000000  0.000000  0.000000  0.000000  1.000000  0.000000  0.000000  0.000000  1.000000  0.999978  0.000679  0.006654  -0.000683  1.000000  0.000635  -0.006654  -0.000639  0.999978  0.000000  0.000000  
171.150061 -0.001197  0.088555  -0.002667  0.994139  0.098801  0.043886  -0.100007  0.994642  0.026180  -0.041065  -0.030415  0.998693  -0.002148  -0.002322  -0.004275  0.000000  0.000000  0.000000  2.000000  0.999978  0.000679  0.006654  -0.000683  1.000000  0.000635  -0.006654  -0.000639  0.999978  0.999998  -0.000061  0.002006  0.000061  1.000000  -0.000121  -0.002006  0.000121  0.999998  1.000000  0.000000  0.000000  0.000000  1.000000  0.000000  0.000000  0.000000  1.000000  0.999978  0.000679  0.006654  -0.000683  1.000000  0.000635  -0.006654  -0.000639  0.999978  0.000000  0.000000  
171.151316 -0.001197  0.088552  -0.002671  0.994134  0.098792  0.044031  -0.100006  0.994639  0.026287  -0.041198  -0.030536  0.998684  -0.001838  -0.002257  -0.004256  0.000000  0.000000  0.000000  2.000000  0.999978  0.000679  0.006654  -0.000683  1.000000  0.000635  -0.006654  -0.000639  0.999978  0.999998  -0.000061  0.002006  0.000061  1.000000  0.000000  -0.002006  0.000000  0.999998  1.000000  0.000000  0.000000  0.000000  1.000000  0.000000  0.000000  0.000000  1.000000  0.999978  0.000679  0.006654  -0.000683  1.000000  0.000635  -0.006654  -0.000639  0.999978  0.000000  0.000000  
171.152560 -0.001197  0.088550  -0.002676  0.994107  0.098992  0.044170  -0.100210  0.994620  0.026264  -0.041332  -0.030536  0.998679  -0.001486  -0.002183  -0.004193  0.000000  0.000000  0.000000  2.000000  0.999978  0.000679  0.006654  -0.000683  1.000000  0.000635  -0.006654  -0.000639  0.999978  0.999998  0.000140  0.002146  -0.000140  1.000000  -0.000008  -0.002146  0.000008  0.999998  1.000000  0.000000  0.000000  0.000000  1.000000  0.000000  0.000000  0.000000  1.000000  0.999978  0.000679  0.006654  -0.000683  1.000000  0.000635  -0.006654  -0.000639  0.999978  0.000000  0.000000  
171.153561 -0.001196  0.088548  -0.002679  0.994102  0.098988  0.044303  -0.100210  0.994620  0.026251  -0.041466  -0.030536  0.998673  -0.001158  -0.002088  -0.004053  0.000000  0.000000  0.000000  2.000000  0.999978  0.000679  0.006654  -0.000683  1.000000  0.000635  -0.006654  -0.000639  0.999978  0.999998  0.000144  0.002012  -0.000144  1.000000  -0.000008  -0.002012  0.000008  0.999998  1.000000  0.000000  0.000000  0.000000  1.000000  0.000000  0.000000  0.000000  1.000000  0.999978  0.000679  0.006654  -0.000683  1.000000  0.000635  -0.006654  -0.000639  0.999978  0.000000  0.000000  
