1-Time 2-Px 3-Py 4-Pz 5-R11 6-R21 7-R31 8-R12 9-R22 10-R32 11-R13 12-R23 13-R33 14-Vx 15-Vy 16-Vz 17-Wx 18-Wy 19-Wz 20-state 21-PR11 22-PR21 23-PR31 24-PR12 25-PR22 26-PR32 27-PR13 28-PR23 29-PR33 
178.175565 0.011211  0.089861  -0.024102  0.996020  0.078465  -0.042289  -0.077666  0.996775  0.020208  0.043738  -0.016843  0.998901  -0.001051  0.000334  0.004467  0.000000  0.000000  0.000000  2.000000  1.000000  0.000000  0.000000  -0.000000  1.000000  0.000000  0.000000  -0.000000  1.000000  1.000000  -0.000000  -0.000000  -0.000000  1.000000  -0.000121  0.000000  0.000121  1.000000  1.000000  0.000000  0.000000  0.000000  1.000000  0.000000  0.000000  0.000000  1.000000  0.727971  0.548655  -0.411140  -0.558232  0.822474  0.109155  0.398040  0.150050  0.905013  0.000000  0.000000  
178.176570 0.011210  0.089861  -0.024099  0.996020  0.078465  -0.042289  -0.077666  0.996775  0.020208  0.043738  -0.016843  0.998901  -0.001053  0.000274  0.004368  0.000000  0.000000  0.000000  2.000000  1.000000  0.000000  0.000000  0.000000  1.000000  0.000000  0.000000  0.000000  1.000000  1.000000  -0.000000  -0.000000  -0.000000  1.000000  -0.000121  0.000000  0.000121  1.000000  1.000000  0.000000  0.000000  0.000000  1.000000  0.000000  0.000000  0.000000  1.000000  1.000000  0.000000  0.000000  0.000000  1.000000  0.000000  0.000000  0.000000  1.000000  0.000000  0.000000  
178.177571 0.011209  0.089858  -0.024104  0.995982  0.078883  -0.042404  -0.078076  0.996740  0.020357  0.043872  -0.016964  0.998893  -0.001018  0.000072  0.003694  0.000000  0.000000  0.000000  2.000000  1.000000  0.000000  0.000000  0.000000  1.000000  0.000000  0.000000  0.000000  1.000000  1.000000  0.000206  0.000003  -0.000206  1.000000  0.000009  -0.000003  -0.000009  1.000000  1.000000  0.000000  0.000000  0.000000  1.000000  0.000000  0.000000  0.000000  1.000000  1.000000  0.000000  0.000000  0.000000  1.000000  0.000000  0.000000  0.000000  1.000000  0.000000  0.000000  
178.178577 0.011208  0.089854  -0.024114  0.995949  0.079293  -0.042396  -0.078486  0.996707  0.020374  0.043872  -0.016964  0.998893  -0.001005  -0.000264  0.002662  0.000000  0.000000  0.000000  2.000000  1.000000  0.000000  0.000000  0.000000  1.000000  0.000000  0.000000  0.000000  1.000000  1.000000  0.000619  -0.000123  -0.000619  1.000000  0.000027  0.000123  -0.000027  1.000000  1.000000  0.000000  0.000000  0.000000  1.000000  0.000000  0.000000  0.000000  1.000000  1.000000  0.000000  0.000000  0.000000  1.000000  0.000000  0.000000  0.000000  1.000000  0.000000  0.000000  
178.179817 0.011208  0.089849  -0.024126  0.995927  0.079506  -0.042515  -0.078691  0.996688  0.020515  0.044006  -0.017085  0.998885  -0.000908  -0.000596  0.001535  0.000000  0.000000  0.000000  2.000000  1.000000  0.000000  0.000000  0.000000  1.000000  0.000000  0.000000  0.000000  1.000000  0.999999  0.001033  -0.000250  -0.001033  0.999999  0.000167  0.000250  -0.000166  1.000000  1.000000  0.000000  0.000000  0.000000  1.000000  0.000000  0.000000  0.000000  1.000000  1.000000  0.000000  0.000000  0.000000  1.000000  0.000000  0.000000  0.000000  1.000000  0.000000  0.000000  
178.180825 0.011210  0.089845  -0.024135  0.995905  0.079718  -0.042635  -0.078895  0.996669  0.020655  0.044139  -0.017207  0.998877  -0.000741  -0.000893  0.000570  0.000000  0.000000  0.000000  2.000000  1.000000  0.000000  0.000000  0.000000  1.000000  0.000000  0.000000  0.000000  1.000000  0.999999  0.001241  -0.000380  -0.001241  0.999999  0.000176  0.000380  -0.000175  1.000000  1.000000  0.000000  0.000000  0.000000  1.000000  0.000000  0.000000  0.000000  1.000000  1.000000  0.000000  0.000000  0.000000  1.000000  0.000000  0.000000  0.000000  1.000000  0.000000  0.000000  
178.182075 0.011213  0.089841  -0.024145  0.995867  0.080131  -0.042759  -0.079305  0.996636  0.020683  0.044273  -0.017206  0.998871  -0.000422  -0.001222  -0.000521  0.000000  0.000000  0.000000  2.000000  1.000000  0.000000  0.000000  0.000000  1.000000  0.000000  0.000000  0.000000  1.000000  0.999999  0.001449  -0.000510  -0.001449  0.999999  0.000306  0.000511  -0.000306  1.000000  1.000000  0.000000  0.000000  0.000000  1.000000  0.000000  0.000000  0.000000  1.000000  1.000000  0.000000  0.000000  0.000000  1.000000  0.000000  0.000000  0.000000  1.000000  0.000000  0.000000  
178.183077 0.011218  0.089838  -0.024154  0.995828  0.080549  -0.042874  -0.079714  0.996600  0.020832  0.044407  -0.017327  0.998863  -0.000013  -0.001407  -0.001410  0.000000  0.000000  0.000000  2.000000  1.000000  0.000000  0.000000  0.000000  1.000000  0.000000  0.000000  0.000000  1.000000  0.999998  0.001862  -0.000637  -0.001862  0.999998  0.000446  0.000638  -0.000445  1.000000  1.000000  0.000000  0.000000  0.000000  1.000000  0.000000  0.000000  0.000000  1.000000  1.000000  0.000000  0.000000  0.000000  1.000000  0.000000  0.000000  0.000000  1.000000  0.000000  0.000000  
178.184322 0.011224  0.089835  -0.024165  0.995767  0.081169  -0.043128  -0.080328  0.996550  0.020880  0.044674  -0.017327  0.998851  0.000466  -0.001638  -0.002545  0.000000  0.000000  0.000000  2.000000  1.000000  0.000000  0.000000  0.000000  1.000000  0.000000  0.000000  0.000000  1.000000  0.999997  0.002484  -0.000894  -0.002483  0.999997  0.000596  0.000895  -0.000593  0.999999  1.000000  0.000000  0.000000  0.000000  1.000000  0.000000  0.000000  0.000000  1.000000  1.000000  0.000000  0.000000  0.000000  1.000000  0.000000  0.000000  0.000000  1.000000  0.000000  0.000000  
178.185325 0.011229  0.089831  -0.024176  0.995728  0.081582  -0.043252  -0.080738  0.996516  0.020909  0.044808  -0.017327  0.998845  0.000851  -0.001914  -0.003595  0.000000  0.000000  0.000000  2.000000  1.000000  0.000000  0.000000  0.000000  1.000000  0.000000  0.000000  0.000000  1.000000  0.999995  0.003103  -0.001017  -0.003103  0.999995  0.000623  0.001018  -0.000620  0.999999  1.000000  0.000000  0.000000  0.000000  1.000000  0.000000  0.000000  0.000000  1.000000  1.000000  0.000000  0.000000  0.000000  1.000000  0.000000  0.000000  0.000000  1.000000  0.000000  0.000000  
178.186580 0.011233  0.089826  -0.024192  0.995649  0.082407  -0.043502  -0.081557  0.996448  0.020966  0.045075  -0.017327  0.998833  0.001279  -0.002323  -0.005044  0.000000  0.000000  0.000000  2.000000  1.000000  0.000000  0.000000  0.000000  1.000000  0.000000  0.000000  0.000000  1.000000  0.999992  0.003722  -0.001139  -0.003722  0.999993  0.000652  0.001142  -0.000647  0.999999  1.000000  0.000000  0.000000  0.000000  1.000000  0.000000  0.000000  0.000000  1.000000  1.000000  0.000000  0.000000  0.000000  1.000000  0.000000  0.000000  0.000000  1.000000  0.000000  0.000000  
178.187820 0.011239  0.089822  -0.024211  0.995592  0.083019  -0.043632  -0.082171  0.996399  0.020883  0.045209  -0.017206  0.998829  0.001705  -0.002660  -0.006654  0.000000  0.000000  0.000000  2.000000  1.000000  0.000000  0.000000  0.000000  1.000000  0.000000  0.000000  0.000000  1.000000  0.999990  0.004344  -0.001397  -0.004343  0.999990  0.000559  0.001399  -0.000553  0.999999  1.000000  0.000000  0.000000  0.000000  1.000000  0.000000  0.000000  0.000000  1.000000  1.000000  0.000000  0.000000  0.000000  1.000000  0.000000  0.000000  0.000000  1.000000  0.000000  0.000000  
178.188826 0.011244  0.089818  -0.024227  0.995546  0.083429  -0.043900  -0.082580  0.996367  0.020802  0.045476  -0.017084  0.998819  0.002145  -0.002902  -0.008056  0.000000  0.000000  0.000000  2.000000  1.000000  0.000000  0.000000  0.000000  1.000000  0.000000  0.000000  0.000000  1.000000  0.999986  0.004965  -0.001654  -0.004964  0.999988  0.000467  0.001656  -0.000459  0.999999  1.000000  0.000000  0.000000  0.000000  1.000000  0.000000  0.000000  0.000000  1.000000  1.000000  0.000000  0.000000  0.000000  1.000000  0.000000  0.000000  0.000000  1.000000  0.000000  0.000000  
178.190071 0.011252  0.089814  -0.024247  0.995483  0.084043  -0.044164  -0.083194  0.996318  0.020731  0.045743  -0.016963  0.998809  0.002772  -0.003203  -0.009776  0.008357  0.064263  0.187717  2.000000  1.000000  0.000213  0.000188  -0.000213  1.000000  0.000023  -0.000188  -0.000023  1.000000  0.999983  0.005586  -0.001912  -0.005586  0.999984  0.000375  0.001914  -0.000365  0.999998  1.000000  0.000056  0.000049  -0.000056  1.000000  0.000005  -0.000049  -0.000005  1.000000  1.000000  0.000213  0.000188  -0.000213  1.000000  0.000023  -0.000188  -0.000023  1.000000  0.000050  0.005916  
178.191321 0.011260  0.089810  -0.024270  0.995396  0.084865  -0.044556  -0.084012  0.996250  0.020680  0.046144  -0.016842  0.998793  0.003366  -0.003480  -0.011623  0.005562  0.077293  0.215580  2.000000  1.000000  0.000452  0.000393  -0.000452  1.000000  0.000040  -0.000393  -0.000040  1.000000  0.999978  0.006208  -0.002169  -0.006207  0.999981  0.000284  0.002171  -0.000270  0.999998  1.000000  0.000062  0.000054  -0.000062  1.000000  0.000003  -0.000054  -0.000003  1.000000  1.000000  0.000452  0.000393  -0.000452  1.000000  0.000040  -0.000393  -0.000040  1.000000  0.000055  0.006582  
178.192321 0.011267  0.089806  -0.024289  0.995331  0.085479  -0.044820  -0.084626  0.996200  0.020609  0.046411  -0.016720  0.998782  0.003904  -0.003509  -0.012534  0.002451  0.085979  0.236543  2.000000  1.000000  0.000722  0.000619  -0.000722  1.000000  0.000053  -0.000619  -0.000054  1.000000  0.999973  0.006831  -0.002561  -0.006831  0.999977  0.000194  0.002562  -0.000176  0.999997  1.000000  0.000070  0.000058  -0.000070  1.000000  0.000002  -0.000058  -0.000002  1.000000  1.000000  0.000722  0.000619  -0.000722  1.000000  0.000053  -0.000619  -0.000054  1.000000  0.000061  0.007298  
178.193572 0.011276  0.089802  -0.024314  0.995266  0.086094  -0.045084  -0.085240  0.996149  0.020539  0.046679  -0.016599  0.998772  0.004547  -0.003414  -0.013302  0.003420  0.094626  0.257341  2.000000  0.999999  0.001093  0.000925  -0.001093  0.999999  0.000063  -0.000925  -0.000064  1.000000  0.999968  0.007452  -0.002819  -0.007452  0.999972  0.000103  0.002820  -0.000082  0.999996  1.000000  0.000077  0.000063  -0.000077  1.000000  0.000001  -0.000063  -0.000001  1.000000  0.999999  0.001093  0.000925  -0.001093  0.999999  0.000063  -0.000925  -0.000064  1.000000  0.000067  0.007968  
178.194576 0.011284  0.089798  -0.024332  0.995219  0.086503  -0.045352  -0.085648  0.996115  0.020460  0.046946  -0.016477  0.998762  0.005124  -0.003415  -0.013962  0.000005  0.103407  0.271316  2.000000  0.999998  0.001413  0.001188  -0.001413  0.999999  0.000068  -0.001188  -0.000069  0.999999  0.999965  0.007866  -0.002946  -0.007865  0.999969  0.000123  0.002947  -0.000100  0.999996  1.000000  0.000081  0.000067  -0.000081  1.000000  0.000001  -0.000067  -0.000001  1.000000  0.999998  0.001413  0.001188  -0.001413  0.999999  0.000068  -0.001188  -0.000069  0.999999  0.000071  0.008400  
178.195821 0.011293  0.089792  -0.024355  0.995177  0.086915  -0.045477  -0.086058  0.996079  0.020490  0.047080  -0.016477  0.998755  0.005570  -0.003558  -0.014729  0.000652  0.107680  0.285231  2.000000  0.999997  0.001840  0.001537  -0.001840  0.999998  0.000068  -0.001536  -0.000071  0.999999  0.999959  0.008487  -0.003204  -0.008486  0.999964  0.000033  0.003204  -0.000006  0.999995  1.000000  0.000088  0.000072  -0.000088  1.000000  0.000000  -0.000072  -0.000000  1.000000  0.999997  0.001840  0.001537  -0.001840  0.999998  0.000068  -0.001536  -0.000071  0.999999  0.000076  0.009071  
178.196845 0.011301  0.089786  -0.024375  0.995118  0.087532  -0.045598  -0.086672  0.996025  0.020530  0.047213  -0.016477  0.998749  0.005962  -0.003694  -0.015577  0.001613  0.111725  0.305751  2.000000  0.999996  0.002200  0.001834  -0.002200  0.999998  0.000069  -0.001833  -0.000073  0.999998  0.999955  0.008900  -0.003331  -0.008900  0.999960  0.000054  0.003331  -0.000024  0.999994  1.000000  0.000092  0.000076  -0.000092  1.000000  0.000000  -0.000076  -0.000000  1.000000  0.999996  0.002200  0.001834  -0.002200  0.999998  0.000069  -0.001833  -0.000073  0.999998  0.000080  0.009503  
178.198077 0.011313  0.089778  -0.024404  0.995040  0.088355  -0.045714  -0.087490  0.995953  0.020579  0.047347  -0.016477  0.998743  0.006326  -0.004065  -0.016811  0.002895  0.115826  0.333643  2.000000  0.999994  0.002581  0.002151  -0.002581  0.999997  0.000069  -0.002151  -0.000075  0.999998  0.999949  0.009519  -0.003454  -0.009519  0.999955  -0.000037  0.003453  0.000070  0.999994  1.000000  0.000097  0.000081  -0.000097  1.000000  -0.000001  -0.000081  0.000001  1.000000  0.999994  0.002581  0.002151  -0.002581  0.999997  0.000069  -0.002151  -0.000075  0.999998  0.000087  0.010127  
178.199326 0.011324  0.089769  -0.024436  0.994979  0.088967  -0.045845  -0.088104  0.995900  0.020498  0.047481  -0.016356  0.998738  0.006679  -0.004443  -0.018226  -0.000212  0.120016  0.354494  2.000000  0.999993  0.002970  0.002482  -0.002970  0.999996  0.000061  -0.002482  -0.000069  0.999997  0.999947  0.009724  -0.003452  -0.009725  0.999953  -0.000148  0.003450  0.000181  0.999994  1.000000  0.000098  0.000084  -0.000098  1.000000  -0.000002  -0.000084  0.000002  1.000000  0.999993  0.002970  0.002482  -0.002970  0.999996  0.000061  -0.002482  -0.000069  0.999997  0.000092  0.010320  
178.200578 0.011333  0.089757  -0.024472  0.994936  0.089379  -0.045970  -0.088514  0.995863  0.020529  0.047614  -0.016356  0.998732  0.006963  -0.004872  -0.019677  0.000444  0.124264  0.368336  2.000000  0.999990  0.003461  0.002901  -0.003461  0.999994  0.000048  -0.002901  -0.000058  0.999996  0.999947  0.009724  -0.003452  -0.009725  0.999953  -0.000268  0.003449  0.000301  0.999994  1.000000  0.000098  0.000084  -0.000098  1.000000  -0.000004  -0.000084  0.000004  1.000000  0.999990  0.003461  0.002901  -0.003461  0.999994  0.000048  -0.002901  -0.000058  0.999996  0.000096  0.010323  
178.201825 0.011343  0.089745  -0.024510  0.994893  0.089791  -0.046094  -0.088923  0.995826  0.020560  0.047748  -0.016356  0.998725  0.007318  -0.005388  -0.021048  0.001101  0.128531  0.382231  2.000000  0.999987  0.003955  0.003329  -0.003955  0.999992  0.000028  -0.003329  -0.000041  0.999994  0.999945  0.009930  -0.003448  -0.009931  0.999951  -0.000378  0.003444  0.000412  0.999994  1.000000  0.000099  0.000086  -0.000099  1.000000  -0.000005  -0.000086  0.000005  1.000000  0.999987  0.003955  0.003329  -0.003955  0.999992  0.000028  -0.003329  -0.000041  0.999994  0.000099  0.010519  
178.203075 0.011354  0.089732  -0.024547  0.994857  0.090201  -0.046086  -0.089332  0.995789  0.020578  0.047748  -0.016356  0.998725  0.007685  -0.005919  -0.022202  0.001734  0.128303  0.396055  2.000000  0.999983  0.004454  0.003769  -0.004454  0.999990  0.000002  -0.003769  -0.000019  0.999993  0.999943  0.010133  -0.003311  -0.010134  0.999949  -0.000368  0.003307  0.000402  0.999994  1.000000  0.000099  0.000089  -0.000099  1.000000  -0.000005  -0.000089  0.000005  1.000000  0.999983  0.004454  0.003769  -0.004454  0.999990  0.000002  -0.003769  -0.000019  0.999993  0.000104  0.010668  
178.204077 0.011364  0.089722  -0.024576  0.994820  0.090611  -0.046077  -0.089742  0.995752  0.020597  0.047748  -0.016356  0.998725  0.007915  -0.006370  -0.023096  0.002366  0.128062  0.409837  2.000000  0.999980  0.004841  0.004125  -0.004841  0.999988  -0.000025  -0.004125  0.000005  0.999991  0.999944  0.010129  -0.003043  -0.010130  0.999949  -0.000489  0.003038  0.000520  0.999995  1.000000  0.000096  0.000091  -0.000096  1.000000  -0.000006  -0.000091  0.000006  1.000000  0.999980  0.004841  0.004125  -0.004841  0.999988  -0.000025  -0.004125  0.000005  0.999991  0.000107  0.010588  
178.205325 0.011376  0.089710  -0.024610  0.994783  0.091015  -0.046080  -0.090151  0.995717  0.020496  0.047748  -0.016235  0.998727  0.008228  -0.006913  -0.023956  -0.001076  0.127877  0.423711  2.000000  0.999975  0.005310  0.004567  -0.005310  0.999986  -0.000066  -0.004567  0.000042  0.999990  0.999949  0.009715  -0.002918  -0.009717  0.999953  -0.000630  0.002911  0.000659  0.999996  1.000000  0.000092  0.000087  -0.000092  1.000000  -0.000008  -0.000087  0.000008  1.000000  0.999975  0.005310  0.004567  -0.005310  0.999986  -0.000066  -0.004567  0.000042  0.999990  0.000111  0.010164  
178.206572 0.011388  0.089698  -0.024641  0.994746  0.091425  -0.046071  -0.090561  0.995680  0.020515  0.047748  -0.016235  0.998727  0.008460  -0.007362  -0.024400  -0.000760  0.127796  0.430731  2.000000  0.999971  0.005761  0.004999  -0.005760  0.999983  -0.000109  -0.004999  0.000080  0.999987  0.999953  0.009299  -0.002657  -0.009301  0.999957  -0.000650  0.002651  0.000675  0.999996  1.000000  0.000087  0.000084  -0.000087  1.000000  -0.000008  -0.000084  0.000008  1.000000  0.999971  0.005761  0.004999  -0.005760  0.999983  -0.000109  -0.004999  0.000080  0.999987  0.000112  0.009694  
178.207573 0.011398  0.089689  -0.024664  0.994746  0.091420  -0.046083  -0.090561  0.995682  0.020394  0.047748  -0.016113  0.998729  0.008674  -0.007794  -0.024748  -0.009201  0.123408  0.423724  2.000000  0.999968  0.006020  0.005252  -0.006019  0.999982  -0.000138  -0.005253  0.000107  0.999986  0.999955  0.009091  -0.002528  -0.009093  0.999958  -0.000781  0.002520  0.000804  0.999997  1.000000  0.000084  0.000083  -0.000084  1.000000  -0.000010  -0.000083  0.000010  1.000000  0.999968  0.006020  0.005252  -0.006019  0.999982  -0.000138  -0.005253  0.000107  0.999986  0.000110  0.009469  
178.208574 0.011408  0.089681  -0.024687  0.994708  0.091824  -0.046085  -0.090971  0.995647  0.020292  0.047748  -0.015992  0.998731  0.008786  -0.008177  -0.024958  -0.013171  0.122437  0.420297  2.000000  0.999964  0.006353  0.005581  -0.006352  0.999980  -0.000178  -0.005583  0.000143  0.999984  0.999958  0.008883  -0.002398  -0.008885  0.999960  -0.000791  0.002391  0.000812  0.999997  1.000000  0.000081  0.000081  -0.000081  1.000000  -0.000010  -0.000081  0.000010  1.000000  0.999964  0.006353  0.005581  -0.006352  0.999980  -0.000178  -0.005583  0.000143  0.999984  0.000109  0.009236  
178.209821 0.011420  0.089669  -0.024715  0.994696  0.092021  -0.045959  -0.091176  0.995631  0.020169  0.047614  -0.015871  0.998740  0.008969  -0.008632  -0.025367  -0.021433  0.114450  0.423599  2.000000  0.999959  0.006746  0.005983  -0.006745  0.999977  -0.000232  -0.005984  0.000191  0.999982  0.999960  0.008673  -0.002135  -0.008674  0.999962  -0.000801  0.002128  0.000819  0.999997  1.000000  0.000077  0.000081  -0.000077  1.000000  -0.000010  -0.000081  0.000010  1.000000  0.999959  0.006746  0.005983  -0.006745  0.999977  -0.000232  -0.005984  0.000191  0.999982  0.000109  0.008968  
178.211069 0.011431  0.089656  -0.024745  0.994677  0.092221  -0.045966  -0.091381  0.995614  0.020057  0.047614  -0.015750  0.998742  0.009054  -0.008951  -0.025590  -0.029318  0.109057  0.420073  2.000000  0.999954  0.007104  0.006375  -0.007103  0.999975  -0.000286  -0.006377  0.000241  0.999980  0.999964  0.008255  -0.001742  -0.008256  0.999966  -0.000821  0.001735  0.000836  0.999998  1.000000  0.000070  0.000079  -0.000070  1.000000  -0.000010  -0.000079  0.000010  1.000000  0.999954  0.007104  0.006375  -0.007103  0.999975  -0.000286  -0.006377  0.000241  0.999980  0.000109  0.008477  
178.212071 0.011438  0.089646  -0.024771  0.994683  0.092213  -0.045844  -0.091381  0.995617  0.019924  0.047481  -0.015629  0.998750  0.008938  -0.009353  -0.026104  -0.033992  0.100390  0.406216  2.000000  0.999951  0.007359  0.006671  -0.007357  0.999973  -0.000329  -0.006674  0.000280  0.999978  0.999972  0.007423  -0.001221  -0.007424  0.999972  -0.000861  0.001214  0.000871  0.999999  1.000000  0.000060  0.000073  -0.000060  1.000000  -0.000011  -0.000073  0.000011  1.000000  0.999951  0.007359  0.006671  -0.007357  0.999973  -0.000329  -0.006674  0.000280  0.999978  0.000107  0.007573  
178.213321 0.011445  0.089632  -0.024804  0.994665  0.092413  -0.045851  -0.091586  0.995600  0.019813  0.047481  -0.015508  0.998752  0.008702  -0.009707  -0.026366  -0.042341  0.091583  0.399212  2.000000  0.999946  0.007637  0.007028  -0.007634  0.999971  -0.000384  -0.007031  0.000330  0.999975  0.999975  0.007006  -0.000827  -0.007006  0.999975  -0.000881  0.000821  0.000887  0.999999  1.000000  0.000053  0.000071  -0.000053  1.000000  -0.000011  -0.000071  0.000011  1.000000  0.999946  0.007637  0.007028  -0.007634  0.999971  -0.000384  -0.007031  0.000330  0.999975  0.000103  0.007109  
178.214326 0.011451  0.089621  -0.024832  0.994671  0.092405  -0.045730  -0.091587  0.995603  0.019680  0.047347  -0.015387  0.998760  0.008488  -0.009909  -0.026334  -0.048039  0.083819  0.374692  2.000000  0.999944  0.007786  0.007234  -0.007783  0.999970  -0.000417  -0.007237  0.000361  0.999974  0.999978  0.006590  -0.000567  -0.006591  0.999978  -0.000901  0.000561  0.000905  0.999999  1.000000  0.000047  0.000068  -0.000047  1.000000  -0.000011  -0.000068  0.000011  1.000000  0.999944  0.007786  0.007234  -0.007783  0.999970  -0.000417  -0.007237  0.000361  0.999974  0.000098  0.006676  
178.215580 0.011458  0.089608  -0.024865  0.994658  0.092602  -0.045604  -0.091792  0.995586  0.019556  0.047213  -0.015266  0.998768  0.008304  -0.009939  -0.026110  -0.052717  0.070562  0.360559  2.000000  0.999940  0.007966  0.007501  -0.007962  0.999968  -0.000465  -0.007505  0.000405  0.999972  0.999980  0.006380  -0.000302  -0.006381  0.999979  -0.000912  0.000296  0.000914  1.000000  1.000000  0.000043  0.000067  -0.000043  1.000000  -0.000011  -0.000067  0.000011  1.000000  0.999940  0.007966  0.007501  -0.007962  0.999968  -0.000465  -0.007505  0.000405  0.999972  0.000095  0.006452  
178.216826 0.011465  0.089598  -0.024895  0.994665  0.092600  -0.045471  -0.091793  0.995586  0.019544  0.047080  -0.015266  0.998774  0.008135  -0.009797  -0.025619  -0.049611  0.061947  0.339772  2.000000  0.999936  0.008159  0.007823  -0.008155  0.999967  -0.000526  -0.007827  0.000462  0.999969  0.999983  0.005757  0.000089  -0.005757  0.999983  -0.000942  -0.000094  0.000941  1.000000  1.000000  0.000035  0.000063  -0.000035  1.000000  -0.000012  -0.000063  0.000012  1.000000  0.999936  0.008159  0.007823  -0.008155  0.999967  -0.000526  -0.007827  0.000462  0.999969  0.000088  0.005834  
178.218075 0.011473  0.089588  -0.024924  0.994652  0.092803  -0.045334  -0.091998  0.995567  0.019541  0.046946  -0.015266  0.998781  0.007831  -0.009581  -0.025095  -0.050227  0.048681  0.325730  2.000000  0.999932  0.008317  0.008126  -0.008312  0.999965  -0.000588  -0.008131  0.000520  0.999967  0.999986  0.005342  0.000350  -0.005342  0.999985  -0.000962  -0.000355  0.000960  0.999999  1.000000  0.000030  0.000060  -0.000030  1.000000  -0.000012  -0.000060  0.000012  1.000000  0.999932  0.008317  0.008126  -0.008312  0.999965  -0.000588  -0.008131  0.000520  0.999967  0.000085  0.005439  
178.219339 0.011479  0.089578  -0.024956  0.994664  0.092794  -0.045079  -0.091999  0.995570  0.019396  0.046679  -0.015145  0.998795  0.007526  -0.009481  -0.024911  -0.051156  0.031051  0.304527  2.000000  0.999932  0.008317  0.008126  -0.008312  0.999965  -0.000588  -0.008131  0.000520  0.999967  0.999990  0.004306  0.000869  -0.004305  0.999990  -0.001011  -0.000873  0.001008  0.999999  1.000000  0.000000  0.000000  0.000000  1.000000  0.000000  0.000000  0.000000  1.000000  0.999932  0.008317  0.008126  -0.008312  0.999965  -0.000588  -0.008131  0.000520  0.999967  0.000079  0.000000  
178.220572 0.011484  0.089566  -0.024991  0.994677  0.092790  -0.044813  -0.092000  0.995571  0.019371  0.046411  -0.015145  0.998808  0.007062  -0.009480  -0.025026  -0.047670  0.013322  0.281339  2.000000  0.999932  0.008317  0.008126  -0.008312  0.999965  -0.000588  -0.008131  0.000520  0.999967  0.999992  0.003888  0.001264  -0.003887  0.999992  -0.001032  -0.001268  0.001027  0.999999  1.000000  0.000000  0.000000  0.000000  1.000000  0.000000  0.000000  0.000000  1.000000  0.999932  0.008317  0.008126  -0.008312  0.999965  -0.000588  -0.008131  0.000520  0.999967  0.000072  0.000000  
178.221825 0.011487  0.089552  -0.025030  0.994670  0.092991  -0.044542  -0.092206  0.995552  0.019356  0.046144  -0.015145  0.998820  0.006372  -0.009630  -0.025637  -0.040829  -0.013182  0.262469  2.000000  0.999932  0.008317  0.008126  -0.008312  0.999965  -0.000588  -0.008131  0.000520  0.999967  0.999992  0.003679  0.001528  -0.003677  0.999993  -0.001042  -0.001532  0.001036  0.999998  1.000000  0.000000  0.000000  0.000000  1.000000  0.000000  0.000000  0.000000  1.000000  0.999932  0.008317  0.008126  -0.008312  0.999965  -0.000588  -0.008131  0.000520  0.999967  0.000068  0.000000  
178.223071 0.011489  0.089537  -0.025071  0.994663  0.093191  -0.044272  -0.092412  0.995533  0.019340  0.045877  -0.015146  0.998832  0.005716  -0.009870  -0.026410  -0.036786  -0.026327  0.253253  2.000000  0.999932  0.008317  0.008126  -0.008312  0.999965  -0.000588  -0.008131  0.000520  0.999967  0.999993  0.003263  0.001789  -0.003262  0.999994  -0.001061  -0.001793  0.001056  0.999998  1.000000  0.000000  0.000000  0.000000  1.000000  0.000000  0.000000  0.000000  1.000000  0.999932  0.008317  0.008126  -0.008312  0.999965  -0.000588  -0.008131  0.000520  0.999967  0.000063  0.000000  
178.224074 0.011490  0.089525  -0.025105  0.994670  0.093195  -0.044128  -0.092413  0.995531  0.019448  0.045743  -0.015267  0.998837  0.005066  -0.010083  -0.027201  -0.033957  -0.039719  0.234398  2.000000  0.999932  0.008317  0.008126  -0.008312  0.999965  -0.000588  -0.008131  0.000520  0.999967  0.999993  0.003056  0.001920  -0.003054  0.999995  -0.000950  -0.001923  0.000944  0.999998  1.000000  0.000000  0.000000  0.000000  1.000000  0.000000  0.000000  0.000000  1.000000  0.999932  0.008317  0.008126  -0.008312  0.999965  -0.000588  -0.008131  0.000520  0.999967  0.000061  0.000000  
178.225105 0.011491  0.089514  -0.025136  0.994657  0.093398  -0.043991  -0.092618  0.995512  0.019445  0.045610  -0.015267  0.998843  0.004523  -0.010165  -0.027704  -0.030151  -0.053024  0.227019  2.000000  0.999932  0.008317  0.008126  -0.008312  0.999965  -0.000588  -0.008131  0.000520  0.999967  0.999994  0.002848  0.002051  -0.002846  0.999995  -0.000960  -0.002054  0.000954  0.999997  1.000000  0.000000  0.000000  0.000000  1.000000  0.000000  0.000000  0.000000  1.000000  0.999932  0.008317  0.008126  -0.008312  0.999965  -0.000588  -0.008131  0.000520  0.999967  0.000060  0.000000  
178.226324 0.011492  0.089499  -0.025174  0.994663  0.093396  -0.043858  -0.092619  0.995512  0.019433  0.045476  -0.015267  0.998849  0.003944  -0.010310  -0.028257  -0.031151  -0.061755  0.206424  2.000000  0.999932  0.008317  0.008126  -0.008312  0.999965  -0.000588  -0.008131  0.000520  0.999967  0.999994  0.002433  0.002312  -0.002431  0.999997  -0.000858  -0.002314  0.000852  0.999997  1.000000  0.000000  0.000000  0.000000  1.000000  0.000000  0.000000  0.000000  1.000000  0.999932  0.008317  0.008126  -0.008312  0.999965  -0.000588  -0.008131  0.000520  0.999967  0.000055  0.000000  
178.227326 0.011493  0.089488  -0.025203  0.994650  0.093599  -0.043721  -0.092824  0.995493  0.019429  0.045342  -0.015267  0.998855  0.003529  -0.010317  -0.028398  -0.031550  -0.069990  0.190989  2.000000  0.999932  0.008317  0.008126  -0.008312  0.999965  -0.000588  -0.008131  0.000520  0.999967  0.999995  0.002225  0.002443  -0.002223  0.999997  -0.000868  -0.002445  0.000862  0.999997  1.000000  0.000000  0.000000  0.000000  1.000000  0.000000  0.000000  0.000000  1.000000  0.999932  0.008317  0.008126  -0.008312  0.999965  -0.000588  -0.008131  0.000520  0.999967  0.000050  0.000000  
178.228571 0.011493  0.089474  -0.025238  0.994636  0.093802  -0.043584  -0.093029  0.995474  0.019426  0.045209  -0.015267  0.998861  0.003085  -0.010302  -0.028498  -0.028129  -0.078656  0.177065  2.000000  0.999932  0.008317  0.008126  -0.008312  0.999965  -0.000588  -0.008131  0.000520  0.999967  0.999994  0.002223  0.002577  -0.002221  0.999997  -0.000747  -0.002578  0.000741  0.999996  1.000000  0.000000  0.000000  0.000000  1.000000  0.000000  0.000000  0.000000  1.000000  0.999932  0.008317  0.008126  -0.008312  0.999965  -0.000588  -0.008131  0.000520  0.999967  0.000048  0.000000  
178.229575 0.011493  0.089464  -0.025266  0.994643  0.093799  -0.043451  -0.093030  0.995474  0.019414  0.045075  -0.015267  0.998867  0.002696  -0.010315  -0.028555  0.000000  0.000000  0.000000  2.000000  0.999932  0.008317  0.008126  -0.008312  0.999965  -0.000588  -0.008131  0.000520  0.999967  0.999994  0.002221  0.002710  -0.002219  0.999997  -0.000626  -0.002712  0.000620  0.999996  1.000000  0.000000  0.000000  0.000000  1.000000  0.000000  0.000000  0.000000  1.000000  0.999932  0.008317  0.008126  -0.008312  0.999965  -0.000588  -0.008131  0.000520  0.999967  0.000000  0.000000  
178.230579 0.011493  0.089455  -0.025293  0.994629  0.094008  -0.043302  -0.093235  0.995453  0.019531  0.044941  -0.015389  0.998871  0.002319  -0.010232  -0.028564  0.000000  0.000000  0.000000  2.000000  0.999932  0.008317  0.008126  -0.008312  0.999965  -0.000588  -0.008131  0.000520  0.999967  0.999993  0.002218  0.002844  -0.002217  0.999997  -0.000383  -0.002845  0.000377  0.999996  1.000000  0.000000  0.000000  0.000000  1.000000  0.000000  0.000000  0.000000  1.000000  0.999932  0.008317  0.008126  -0.008312  0.999965  -0.000588  -0.008131  0.000520  0.999967  0.000000  0.000000  
178.231589 0.011491  0.089446  -0.025321  0.994616  0.094211  -0.043165  -0.093440  0.995433  0.019527  0.044808  -0.015389  0.998877  0.001754  -0.010316  -0.028891  0.000000  0.000000  0.000000  2.000000  0.999932  0.008317  0.008126  -0.008312  0.999965  -0.000588  -0.008131  0.000520  0.999967  0.999993  0.002218  0.002844  -0.002217  0.999997  -0.000384  -0.002845  0.000377  0.999996  1.000000  0.000000  0.000000  0.000000  1.000000  0.000000  0.000000  0.000000  1.000000  0.999932  0.008317  0.008126  -0.008312  0.999965  -0.000588  -0.008131  0.000520  0.999967  0.000000  0.000000  
178.232834 0.011489  0.089435  -0.025358  0.994603  0.094413  -0.043028  -0.093646  0.995414  0.019523  0.044674  -0.015389  0.998883  0.001145  -0.010408  -0.029357  0.000000  0.000000  0.000000  2.000000  0.999932  0.008317  0.008126  -0.008312  0.999965  -0.000588  -0.008131  0.000520  0.999967  0.999994  0.002013  0.002841  -0.002012  0.999998  -0.000272  -0.002842  0.000266  0.999996  1.000000  0.000000  0.000000  0.000000  1.000000  0.000000  0.000000  0.000000  1.000000  0.999932  0.008317  0.008126  -0.008312  0.999965  -0.000588  -0.008131  0.000520  0.999967  0.000000  0.000000  
178.233847 0.011487  0.089427  -0.025387  0.994603  0.094413  -0.043028  -0.093646  0.995414  0.019523  0.044674  -0.015389  0.998883  0.000605  -0.010373  -0.029642  0.000000  0.000000  0.000000  2.000000  0.999932  0.008317  0.008126  -0.008312  0.999965  -0.000588  -0.008131  0.000520  0.999967  0.999994  0.002013  0.002841  -0.002012  0.999998  -0.000151  -0.002842  0.000145  0.999996  1.000000  0.000000  0.000000  0.000000  1.000000  0.000000  0.000000  0.000000  1.000000  0.999932  0.008317  0.008126  -0.008312  0.999965  -0.000588  -0.008131  0.000520  0.999967  0.000000  0.000000  
178.235071 0.011484  0.089416  -0.025427  0.994583  0.094613  -0.043035  -0.093851  0.995397  0.019412  0.044674  -0.015268  0.998885  0.000070  -0.010305  -0.030042  0.000000  0.000000  0.000000  2.000000  0.999932  0.008317  0.008126  -0.008312  0.999965  -0.000588  -0.008131  0.000520  0.999967  0.999994  0.002221  0.002710  -0.002221  0.999998  -0.000141  -0.002711  0.000135  0.999996  1.000000  0.000000  0.000000  0.000000  1.000000  0.000000  0.000000  0.000000  1.000000  0.999932  0.008317  0.008126  -0.008312  0.999965  -0.000588  -0.008131  0.000520  0.999967  0.000000  0.000000  
178.236074 0.011480  0.089408  -0.025460  0.994570  0.094816  -0.042898  -0.094056  0.995378  0.019408  0.044540  -0.015268  0.998891  -0.000442  -0.010141  -0.030219  0.000000  0.000000  0.000000  2.000000  0.999932  0.008317  0.008126  -0.008312  0.999965  -0.000588  -0.008131  0.000520  0.999967  0.999993  0.002219  0.002844  -0.002219  0.999998  -0.000020  -0.002844  0.000014  0.999996  1.000000  0.000000  0.000000  0.000000  1.000000  0.000000  0.000000  0.000000  1.000000  0.999932  0.008317  0.008126  -0.008312  0.999965  -0.000588  -0.008131  0.000520  0.999967  0.000000  0.000000  
178.237076 0.011475  0.089399  -0.025493  0.994551  0.095026  -0.042883  -0.094261  0.995356  0.019537  0.044540  -0.015389  0.998889  -0.000881  -0.009941  -0.030361  0.000000  0.000000  0.000000  2.000000  0.999932  0.008317  0.008126  -0.008312  0.999965  -0.000588  -0.008131  0.000520  0.999967  0.999993  0.002426  0.002714  -0.002427  0.999997  0.000231  -0.002713  -0.000238  0.999996  1.000000  0.000000  0.000000  0.000000  1.000000  0.000000  0.000000  0.000000  1.000000  0.999932  0.008317  0.008126  -0.008312  0.999965  -0.000588  -0.008131  0.000520  0.999967  0.000000  0.000000  
178.238326 0.011469  0.089389  -0.025533  0.994537  0.095229  -0.042746  -0.094466  0.995336  0.019534  0.044407  -0.015389  0.998895  -0.001377  -0.009616  -0.030179  0.000000  0.000000  0.000000  2.000000  0.999932  0.008317  0.008126  -0.008312  0.999965  -0.000588  -0.008131  0.000520  0.999967  0.999993  0.002426  0.002714  -0.002427  0.999997  0.000231  -0.002713  -0.000238  0.999996  1.000000  0.000000  0.000000  0.000000  1.000000  0.000000  0.000000  0.000000  1.000000  0.999932  0.008317  0.008126  -0.008312  0.999965  -0.000588  -0.008131  0.000520  0.999967  0.000000  0.000000  
178.239578 0.011463  0.089378  -0.025573  0.994543  0.095227  -0.042613  -0.094466  0.995337  0.019521  0.044273  -0.015389  0.998901  -0.001886  -0.009372  -0.030123  0.000000  0.000000  0.000000  2.000000  0.999932  0.008317  0.008126  -0.008312  0.999965  -0.000588  -0.008131  0.000520  0.999967  0.999994  0.002428  0.002580  -0.002429  0.999997  0.000231  -0.002579  -0.000237  0.999997  1.000000  0.000000  0.000000  0.000000  1.000000  0.000000  0.000000  0.000000  1.000000  0.999932  0.008317  0.008126  -0.008312  0.999965  -0.000588  -0.008131  0.000520  0.999967  0.000000  0.000000  
178.240825 0.011457  0.089367  -0.025612  0.994530  0.095435  -0.042464  -0.094672  0.995315  0.019638  0.044139  -0.015510  0.998905  -0.002378  -0.009143  -0.030181  0.000000  0.000000  0.000000  2.000000  0.999932  0.008317  0.008126  -0.008312  0.999965  -0.000588  -0.008131  0.000520  0.999967  0.999994  0.002636  0.002450  -0.002637  0.999996  0.000482  -0.002448  -0.000488  0.999997  1.000000  0.000000  0.000000  0.000000  1.000000  0.000000  0.000000  0.000000  1.000000  0.999932  0.008317  0.008126  -0.008312  0.999965  -0.000588  -0.008131  0.000520  0.999967  0.000000  0.000000  
178.242071 0.011451  0.089355  -0.025652  0.994516  0.095643  -0.042315  -0.094877  0.995293  0.019755  0.044006  -0.015632  0.998909  -0.002800  -0.009049  -0.030434  0.000000  0.000000  0.000000  2.000000  0.999932  0.008317  0.008126  -0.008312  0.999965  -0.000588  -0.008131  0.000520  0.999967  0.999993  0.002843  0.002320  -0.002845  0.999996  0.000612  -0.002318  -0.000619  0.999997  1.000000  0.000000  0.000000  0.000000  1.000000  0.000000  0.000000  0.000000  1.000000  0.999932  0.008317  0.008126  -0.008312  0.999965  -0.000588  -0.008131  0.000520  0.999967  0.000000  0.000000  
178.243071 0.011446  0.089345  -0.025686  0.994496  0.095853  -0.042300  -0.095082  0.995271  0.019884  0.044006  -0.015753  0.998907  -0.003183  -0.008945  -0.030841  0.000000  0.000000  0.000000  2.000000  0.999932  0.008317  0.008126  -0.008312  0.999965  -0.000588  -0.008131  0.000520  0.999967  0.999994  0.002847  0.002052  -0.002849  0.999996  0.000612  -0.002050  -0.000618  0.999998  1.000000  0.000000  0.000000  0.000000  1.000000  0.000000  0.000000  0.000000  1.000000  0.999932  0.008317  0.008126  -0.008312  0.999965  -0.000588  -0.008131  0.000520  0.999967  0.000000  0.000000  
178.244071 0.011440  0.089335  -0.025720  0.994502  0.095851  -0.042167  -0.095082  0.995271  0.019871  0.043872  -0.015753  0.998913  -0.003557  -0.008910  -0.031295  0.000000  0.000000  0.000000  2.000000  0.999932  0.008317  0.008126  -0.008312  0.999965  -0.000588  -0.008131  0.000520  0.999967  0.999994  0.002642  0.002049  -0.002643  0.999996  0.000603  -0.002047  -0.000608  0.999998  1.000000  0.000000  0.000000  0.000000  1.000000  0.000000  0.000000  0.000000  1.000000  0.999932  0.008317  0.008126  -0.008312  0.999965  -0.000588  -0.008131  0.000520  0.999967  0.000000  0.000000  
178.245321 0.011434  0.089322  -0.025765  0.994483  0.096061  -0.042151  -0.095287  0.995249  0.020001  0.043872  -0.015874  0.998911  -0.003896  -0.009004  -0.031900  0.000000  0.000000  0.000000  2.000000  0.999932  0.008317  0.008126  -0.008312  0.999965  -0.000588  -0.008131  0.000520  0.999967  0.999995  0.002643  0.001916  -0.002645  0.999996  0.000724  -0.001914  -0.000729  0.999998  1.000000  0.000000  0.000000  0.000000  1.000000  0.000000  0.000000  0.000000  1.000000  0.999932  0.008317  0.008126  -0.008312  0.999965  -0.000588  -0.008131  0.000520  0.999967  0.000000  0.000000  
178.246572 0.011428  0.089308  -0.025811  0.994463  0.096271  -0.042135  -0.095492  0.995227  0.020130  0.043872  -0.015995  0.998909  -0.004215  -0.009189  -0.032674  0.000000  0.000000  0.000000  2.000000  0.999932  0.008317  0.008126  -0.008312  0.999965  -0.000588  -0.008131  0.000520  0.999967  0.999995  0.002648  0.001648  -0.002649  0.999996  0.000845  -0.001646  -0.000850  0.999998  1.000000  0.000000  0.000000  0.000000  1.000000  0.000000  0.000000  0.000000  1.000000  0.999932  0.008317  0.008126  -0.008312  0.999965  -0.000588  -0.008131  0.000520  0.999967  0.000000  0.000000  
178.247586 0.011424  0.089297  -0.025847  0.994463  0.096276  -0.042123  -0.095492  0.995224  0.020251  0.043872  -0.016116  0.998907  -0.004470  -0.009370  -0.033164  0.000000  0.000000  0.000000  2.000000  0.999932  0.008317  0.008126  -0.008312  0.999965  -0.000588  -0.008131  0.000520  0.999967  0.999995  0.002855  0.001518  -0.002857  0.999995  0.000975  -0.001515  -0.000980  0.999998  1.000000  0.000000  0.000000  0.000000  1.000000  0.000000  0.000000  0.000000  1.000000  0.999932  0.008317  0.008126  -0.008312  0.999965  -0.000588  -0.008131  0.000520  0.999967  0.000000  0.000000  
178.248827 0.011417  0.089282  -0.025891  0.994443  0.096481  -0.042119  -0.095697  0.995204  0.020260  0.043872  -0.016116  0.998907  -0.004660  -0.009638  -0.033639  0.000000  0.000000  0.000000  2.000000  0.999932  0.008317  0.008126  -0.008312  0.999965  -0.000588  -0.008131  0.000520  0.999967  0.999996  0.002652  0.001381  -0.002653  0.999996  0.000966  -0.001379  -0.000970  0.999999  1.000000  0.000000  0.000000  0.000000  1.000000  0.000000  0.000000  0.000000  1.000000  0.999932  0.008317  0.008126  -0.008312  0.999965  -0.000588  -0.008131  0.000520  0.999967  0.000000  0.000000  
178.250099 0.011412  0.089269  -0.025934  0.994443  0.096481  -0.042119  -0.095697  0.995204  0.020260  0.043872  -0.016116  0.998907  -0.004819  -0.009827  -0.033773  0.000000  0.000000  0.000000  2.000000  0.999932  0.008317  0.008126  -0.008312  0.999965  -0.000588  -0.008131  0.000520  0.999967  0.999996  0.002654  0.001247  -0.002655  0.999996  0.000966  -0.001245  -0.000970  0.999999  1.000000  0.000000  0.000000  0.000000  1.000000  0.000000  0.000000  0.000000  1.000000  0.999932  0.008317  0.008126  -0.008312  0.999965  -0.000588  -0.008131  0.000520  0.999967  0.000000  0.000000  
