1-Time 2-Px 3-Py 4-Pz 5-R11 6-R21 7-R31 8-R12 9-R22 10-R32 11-R13 12-R23 13-R33 14-Vx 15-Vy 16-Vz 17-Wx 18-Wy 19-Wz 20-state 21-PR11 22-PR21 23-PR31 24-PR12 25-PR22 26-PR32 27-PR13 28-PR23 29-PR33 
8.431478 -0.016224  0.073994  -0.001297  0.985002  0.152114  0.081445  -0.161210  0.979581  0.120131  -0.061509  -0.131459  0.989412  0.079905  0.048938  -0.041976  -0.747551  0.180414  -0.336680  2.000000  1.000000  0.000000  0.000000  -0.000000  1.000000  0.000000  0.000000  -0.000000  1.000000  0.999977  -0.006013  -0.003096  0.005967  0.999875  -0.014650  0.003183  0.014631  0.999888  1.000000  -0.000003  -0.000084  0.000003  1.000000  -0.000183  0.000084  0.000183  1.000000  1.000000  -0.000003  -0.000084  0.000003  1.000000  -0.000183  0.000084  0.000183  1.000000  0.003639  0.016128  
8.432485 -0.016144  0.074043  -0.001339  0.985043  0.151989  0.081179  -0.161009  0.979697  0.119456  -0.061375  -0.130740  0.989515  0.079841  0.048925  -0.042013  -0.748004  0.179178  -0.329965  2.000000  1.000000  -0.000014  -0.000338  0.000014  1.000000  -0.000728  0.000338  0.000728  1.000000  0.999977  -0.006016  -0.003091  0.005970  0.999877  -0.014529  0.003178  0.014511  0.999890  1.000000  -0.000004  -0.000084  0.000004  1.000000  -0.000182  0.000084  0.000182  1.000000  1.000000  -0.000014  -0.000338  0.000014  1.000000  -0.000728  0.000338  0.000728  1.000000  0.003623  0.016018  
8.433724 -0.016044  0.074103  -0.001395  0.984976  0.152471  0.081080  -0.161414  0.979750  0.118472  -0.061375  -0.129780  0.989641  0.079922  0.048861  -0.042367  -0.750453  0.165123  -0.297324  2.000000  1.000000  -0.000025  -0.000658  0.000024  0.999999  -0.001456  0.000658  0.001456  0.999999  0.999981  -0.005425  -0.002873  0.005382  0.999879  -0.014567  0.002952  0.014551  0.999890  1.000000  -0.000002  -0.000077  0.000002  1.000000  -0.000182  0.000077  0.000182  1.000000  1.000000  -0.000025  -0.000658  0.000024  0.999999  -0.001456  0.000658  0.001456  0.999999  0.003563  0.015801  
8.434735 -0.015965  0.074150  -0.001441  0.984902  0.152916  0.081149  -0.161818  0.979776  0.117704  -0.061509  -0.129059  0.989728  0.079807  0.048664  -0.042625  -0.747866  0.152047  -0.271275  2.000000  1.000000  -0.000033  -0.000935  0.000031  0.999998  -0.002187  0.000935  0.002187  0.999997  0.999987  -0.004443  -0.002470  0.004406  0.999883  -0.014629  0.002535  0.014618  0.999890  1.000000  -0.000001  -0.000064  0.000001  1.000000  -0.000183  0.000064  0.000183  1.000000  1.000000  -0.000033  -0.000935  0.000031  0.999998  -0.002187  0.000935  0.002187  0.999997  0.003506  0.015482  
8.435740 -0.015884  0.074196  -0.001488  0.984819  0.153335  0.081365  -0.162221  0.979789  0.117034  -0.061776  -0.128456  0.989789  0.079864  0.048508  -0.042977  -0.745372  0.134620  -0.245869  2.000000  0.999999  -0.000037  -0.001111  0.000034  0.999996  -0.002740  0.001111  0.002740  0.999996  0.999990  -0.003868  -0.002122  0.003836  0.999883  -0.014787  0.002179  0.014779  0.999888  1.000000  -0.000001  -0.000055  0.000001  1.000000  -0.000185  0.000055  0.000185  1.000000  0.999999  -0.000037  -0.001111  0.000034  0.999996  -0.002740  0.001111  0.002740  0.999996  0.003468  0.015428  
8.436742 -0.015804  0.074242  -0.001536  0.984744  0.153781  0.081432  -0.162625  0.979814  0.116266  -0.061909  -0.127735  0.989874  0.079833  0.048264  -0.043358  -0.747027  0.121679  -0.219850  2.000000  0.999999  -0.000044  -0.001258  0.000040  0.999995  -0.003295  0.001258  0.003295  0.999994  0.999993  -0.003310  -0.001642  0.003285  0.999885  -0.014824  0.001691  0.014819  0.999889  1.000000  -0.000003  -0.000046  0.000003  1.000000  -0.000185  0.000046  0.000185  1.000000  0.999999  -0.000044  -0.001258  0.000040  0.999995  -0.003295  0.001258  0.003295  0.999994  0.003397  0.015276  
8.437747 -0.015723  0.074288  -0.001584  0.984710  0.154032  0.081363  -0.162828  0.979853  0.115655  -0.061909  -0.127134  0.989952  0.079922  0.048075  -0.043761  -0.740260  0.114209  -0.200072  2.000000  0.999999  -0.000050  -0.001386  0.000045  0.999993  -0.003856  0.001387  0.003856  0.999992  0.999995  -0.002920  -0.001455  0.002898  0.999884  -0.014971  0.001498  0.014967  0.999887  1.000000  -0.000002  -0.000041  0.000002  1.000000  -0.000187  0.000041  0.000187  1.000000  0.999999  -0.000050  -0.001386  0.000045  0.999993  -0.003856  0.001387  0.003856  0.999992  0.003379  0.015321  
8.438988 -0.015622  0.074344  -0.001646  0.984677  0.154302  0.081256  -0.163031  0.979919  0.114806  -0.061909  -0.126294  0.990059  0.080062  0.047782  -0.044400  -0.738073  0.101340  -0.174096  2.000000  0.999999  -0.000056  -0.001534  0.000048  0.999989  -0.004604  0.001535  0.004604  0.999988  0.999996  -0.002531  -0.001268  0.002512  0.999884  -0.014996  0.001305  0.014993  0.999887  1.000000  -0.000002  -0.000035  0.000002  1.000000  -0.000187  0.000035  0.000187  1.000000  0.999999  -0.000056  -0.001534  0.000048  0.999989  -0.004604  0.001535  0.004604  0.999988  0.003324  0.015260  
8.440231 -0.015520  0.074400  -0.001708  0.984618  0.154782  0.081060  -0.163437  0.979936  0.114081  -0.061776  -0.125574  0.990159  0.080307  0.047571  -0.045064  -0.730066  0.096671  -0.145687  2.000000  0.999999  -0.000055  -0.001649  0.000046  0.999986  -0.005356  0.001649  0.005355  0.999984  0.999998  -0.001717  -0.001162  0.001699  0.999885  -0.015047  0.001188  0.015045  0.999886  1.000000  0.000002  -0.000026  -0.000002  1.000000  -0.000188  0.000026  0.000188  1.000000  0.999999  -0.000055  -0.001649  0.000046  0.999986  -0.005356  0.001649  0.005355  0.999984  0.003265  0.015189  
8.441240 -0.015439  0.074445  -0.001758  0.984517  0.155436  0.081036  -0.164046  0.979909  0.113437  -0.061776  -0.124974  0.990235  0.080197  0.047115  -0.045512  -0.721840  0.083722  -0.113964  2.000000  0.999999  -0.000044  -0.001707  0.000033  0.999982  -0.005920  0.001707  0.005919  0.999981  0.999999  -0.000919  -0.000925  0.000905  0.999886  -0.015098  0.000939  0.015097  0.999886  1.000000  0.000004  -0.000016  -0.000004  1.000000  -0.000189  0.000016  0.000189  1.000000  0.999999  -0.000044  -0.001707  0.000033  0.999982  -0.005920  0.001707  0.005919  0.999981  0.003205  0.015154  
8.442251 -0.015357  0.074488  -0.001809  0.984415  0.156090  0.081011  -0.164654  0.979881  0.112792  -0.061776  -0.124373  0.990311  0.080269  0.046734  -0.046059  -0.715339  0.074459  -0.080367  2.000000  0.999998  -0.000024  -0.001735  0.000012  0.999979  -0.006485  0.001735  0.006485  0.999977  1.000000  -0.000104  -0.000822  0.000091  0.999885  -0.015149  0.000824  0.015149  0.999885  1.000000  0.000008  -0.000006  -0.000008  1.000000  -0.000189  0.000006  0.000189  1.000000  0.999998  -0.000024  -0.001735  0.000012  0.999979  -0.006485  0.001735  0.006485  0.999977  0.003154  0.015172  
8.443486 -0.015254  0.074542  -0.001874  0.984237  0.157142  0.081144  -0.165665  0.979804  0.111974  -0.061909  -0.123651  0.990393  0.080530  0.046275  -0.046920  -0.710554  0.059021  -0.033792  2.000000  0.999999  0.000020  -0.001714  -0.000032  0.999974  -0.007244  0.001714  0.007244  0.999972  0.999999  0.001290  -0.000378  -0.001295  0.999885  -0.015117  0.000359  0.015117  0.999886  1.000000  0.000012  0.000012  -0.000012  1.000000  -0.000189  -0.000012  0.000189  1.000000  0.999999  0.000020  -0.001714  -0.000032  0.999974  -0.007244  0.001714  0.007244  0.999972  0.003090  0.015177  
8.444493 -0.015171  0.074585  -0.001926  0.984118  0.157773  0.081359  -0.166270  0.979794  0.111166  -0.062176  -0.122929  0.990466  0.080721  0.045793  -0.047598  -0.709062  0.041041  -0.001436  2.000000  0.999999  0.000057  -0.001658  -0.000070  0.999969  -0.007815  0.001657  0.007816  0.999968  0.999998  0.002056  0.000121  -0.002053  0.999881  -0.015290  -0.000152  0.015290  0.999883  1.000000  0.000011  0.000023  -0.000011  1.000000  -0.000191  -0.000023  0.000191  1.000000  0.999999  0.000057  -0.001658  -0.000070  0.999969  -0.007815  0.001657  0.007816  0.999968  0.003071  0.015428  
8.445745 -0.015068  0.074637  -0.001991  0.983930  0.158819  0.081600  -0.167281  0.979730  0.110206  -0.062443  -0.122085  0.990553  0.080970  0.045159  -0.048460  -0.707400  0.016775  0.044022  2.000000  0.999999  0.000111  -0.001525  -0.000124  0.999963  -0.008589  0.001524  0.008589  0.999962  0.999995  0.003246  0.000535  -0.003238  0.999875  -0.015489  -0.000586  0.015487  0.999880  1.000000  0.000014  0.000039  -0.000014  1.000000  -0.000194  -0.000039  0.000194  1.000000  0.999999  0.000111  -0.001525  -0.000124  0.999963  -0.008589  0.001524  0.008589  0.999962  0.003066  0.015834  
8.446750 -0.014985  0.074678  -0.002045  0.983741  0.159845  0.081878  -0.168291  0.979639  0.109483  -0.062710  -0.121483  0.990611  0.081225  0.044633  -0.049253  -0.702165  -0.002933  0.090097  2.000000  0.999999  0.000155  -0.001380  -0.000168  0.999958  -0.009177  0.001378  0.009178  0.999957  0.999991  0.004234  0.000924  -0.004219  0.999866  -0.015797  -0.000990  0.015793  0.999875  1.000000  0.000016  0.000052  -0.000016  1.000000  -0.000197  -0.000052  0.000197  1.000000  0.999999  0.000155  -0.001380  -0.000168  0.999958  -0.009177  0.001378  0.009178  0.999957  0.003073  0.016379  
8.447983 -0.014882  0.074729  -0.002112  0.983532  0.161124  0.081876  -0.169506  0.979533  0.108551  -0.062710  -0.120641  0.990713  0.081503  0.044013  -0.050141  -0.702240  -0.014557  0.144373  2.000000  0.999999  0.000232  -0.001115  -0.000243  0.999950  -0.009972  0.001112  0.009973  0.999950  0.999982  0.005834  0.001384  -0.005811  0.999855  -0.016023  -0.001477  0.016015  0.999871  1.000000  0.000021  0.000072  -0.000021  1.000000  -0.000200  -0.000072  0.000200  1.000000  0.999999  0.000232  -0.001115  -0.000243  0.999950  -0.009972  0.001112  0.009973  0.999950  0.003087  0.017105  
8.449226 -0.014778  0.074778  -0.002180  0.983349  0.162186  0.081981  -0.170516  0.979461  0.107612  -0.062844  -0.119799  0.990807  0.081820  0.043481  -0.050831  -0.701709  -0.034123  0.190705  2.000000  1.000000  0.000335  -0.000780  -0.000343  0.999942  -0.010778  0.000776  0.010778  0.999942  0.999972  0.007263  0.001551  -0.007237  0.999842  -0.016236  -0.001669  0.016224  0.999867  1.000000  0.000028  0.000089  -0.000028  1.000000  -0.000203  -0.000089  0.000203  1.000000  1.000000  0.000335  -0.000780  -0.000343  0.999942  -0.010778  0.000776  0.010778  0.999942  0.003138  0.017849  
8.450241 -0.014694  0.074817  -0.002235  0.983173  0.163254  0.081973  -0.171529  0.979372  0.106815  -0.062844  -0.119078  0.990894  0.081987  0.042836  -0.051445  -0.699698  -0.040178  0.238375  2.000000  1.000000  0.000420  -0.000484  -0.000425  0.999935  -0.011392  0.000480  0.011392  0.999935  0.999964  0.008252  0.001935  -0.008219  0.999831  -0.016424  -0.002070  0.016407  0.999863  1.000000  0.000030  0.000102  -0.000030  1.000000  -0.000205  -0.000102  0.000205  1.000000  1.000000  0.000420  -0.000484  -0.000425  0.999935  -0.011392  0.000480  0.011392  0.999935  0.003171  0.018475  
8.451482 -0.014590  0.074864  -0.002304  0.982987  0.164306  0.082094  -0.172539  0.979283  0.105995  -0.062977  -0.118356  0.990972  0.082349  0.042214  -0.052099  -0.694983  -0.055134  0.285331  2.000000  1.000000  0.000555  -0.000023  -0.000555  0.999925  -0.012218  0.000017  0.012218  0.999925  0.999949  0.009854  0.002389  -0.009813  0.999815  -0.016530  -0.002551  0.016506  0.999861  1.000000  0.000035  0.000122  -0.000035  1.000000  -0.000206  -0.000122  0.000206  1.000000  1.000000  0.000555  -0.000023  -0.000555  0.999925  -0.012218  0.000017  0.012218  0.999925  0.003235  0.019383  
8.452746 -0.014486  0.074911  -0.002373  0.982757  0.165544  0.082365  -0.173750  0.979162  0.105135  -0.063245  -0.117633  0.991041  0.082498  0.041372  -0.052667  -0.693433  -0.074411  0.331340  2.000000  1.000000  0.000706  0.000509  -0.000699  0.999915  -0.013048  -0.000518  0.013048  0.999915  0.999933  0.011253  0.002816  -0.011204  0.999799  -0.016626  -0.003003  0.016593  0.999858  1.000000  0.000039  0.000140  -0.000039  1.000000  -0.000208  -0.000140  0.000208  1.000000  1.000000  0.000706  0.000509  -0.000699  0.999915  -0.013048  -0.000518  0.013048  0.999915  0.003319  0.020260  
8.453839 -0.014402  0.074947  -0.002430  0.982561  0.166561  0.082654  -0.174759  0.979047  0.104528  -0.063512  -0.117150  0.991081  0.082153  0.040573  -0.052755  -0.686184  -0.093431  0.376394  2.000000  0.999999  0.000826  0.000962  -0.000813  0.999906  -0.013675  -0.000973  0.013674  0.999906  0.999917  0.012432  0.003352  -0.012374  0.999784  -0.016709  -0.003559  0.016666  0.999855  1.000000  0.000040  0.000156  -0.000040  1.000000  -0.000209  -0.000156  0.000209  1.000000  0.999999  0.000826  0.000962  -0.000813  0.999906  -0.013675  -0.000973  0.013674  0.999906  0.003407  0.021078  
8.455312 -0.014296  0.074990  -0.002503  0.982283  0.167976  0.083094  -0.176170  0.978877  0.103745  -0.063912  -0.116546  0.991127  0.081223  0.038953  -0.052827  -0.674949  -0.118893  0.436300  2.000000  0.999998  0.000954  0.001471  -0.000933  0.999897  -0.014307  -0.001485  0.014306  0.999897  0.999894  0.014004  0.004067  -0.013933  0.999759  -0.016942  -0.004303  0.016884  0.999848  1.000000  0.000042  0.000177  -0.000042  1.000000  -0.000211  -0.000177  0.000211  1.000000  0.999998  0.000954  0.001471  -0.000933  0.999897  -0.014307  -0.001485  0.014306  0.999897  0.003500  0.022333  
8.456493 -0.014170  0.075040  -0.002594  0.982031  0.169195  0.083600  -0.177377  0.978768  0.102717  -0.064446  -0.115700  0.991191  0.083182  0.038860  -0.054947  -0.679626  -0.147934  0.489052  2.000000  0.999997  0.001088  0.002044  -0.001058  0.999888  -0.014953  -0.002060  0.014951  0.999886  0.999868  0.015593  0.004643  -0.015510  0.999728  -0.017420  -0.004913  0.017346  0.999837  1.000000  0.000046  0.000198  -0.000045  1.000000  -0.000217  -0.000198  0.000217  1.000000  0.999997  0.001088  0.002044  -0.001058  0.999888  -0.014953  -0.002060  0.014951  0.999886  0.003654  0.023811  
8.457748 -0.014066  0.075079  -0.002672  0.981830  0.170223  0.083864  -0.178385  0.978661  0.101990  -0.064713  -0.115097  0.991244  0.083393  0.037906  -0.055869  -0.676044  -0.167346  0.536572  2.000000  0.999995  0.001277  0.002881  -0.001232  0.999874  -0.015819  -0.002901  0.015815  0.999871  0.999846  0.016774  0.005173  -0.016683  0.999712  -0.017266  -0.005461  0.017177  0.999838  1.000000  0.000047  0.000214  -0.000047  1.000000  -0.000215  -0.000214  0.000215  1.000000  0.999995  0.001277  0.002881  -0.001232  0.999874  -0.015819  -0.002901  0.015815  0.999871  0.003757  0.024593  
8.458838 -0.013983  0.075109  -0.002735  0.981666  0.171039  0.084126  -0.179190  0.978575  0.101399  -0.064980  -0.114614  0.991283  0.082856  0.036804  -0.056243  -0.666449  -0.183712  0.566196  2.000000  0.999993  0.001422  0.003553  -0.001364  0.999863  -0.016467  -0.003576  0.016462  0.999858  0.999826  0.017752  0.005680  -0.017651  0.999694  -0.017339  -0.005986  0.017236  0.999834  1.000000  0.000048  0.000228  -0.000047  1.000000  -0.000216  -0.000228  0.000216  1.000000  0.999993  0.001422  0.003553  -0.001364  0.999863  -0.016467  -0.003576  0.016462  0.999858  0.003861  0.025424  
8.459990 -0.013879  0.075147  -0.002813  0.981418  0.172254  0.084538  -0.180398  0.978433  0.100629  -0.065381  -0.114010  0.991326  0.083330  0.035937  -0.057429  -0.664425  -0.208664  0.621074  2.000000  0.999989  0.001619  0.004491  -0.001541  0.999849  -0.017321  -0.004519  0.017314  0.999840  0.999810  0.018541  0.006028  -0.018436  0.999685  -0.017036  -0.006342  0.016921  0.999837  1.000000  0.000049  0.000239  -0.000049  1.000000  -0.000212  -0.000239  0.000212  1.000000  0.999989  0.001619  0.004491  -0.001541  0.999849  -0.017321  -0.004519  0.017314  0.999840  0.004014  0.025855  
8.461237 -0.013775  0.075182  -0.002892  0.981206  0.173257  0.084949  -0.181403  0.978312  0.099995  -0.065781  -0.113526  0.991355  0.083457  0.035022  -0.058289  -0.651310  -0.227521  0.667505  2.000000  0.999983  0.001819  0.005467  -0.001720  0.999833  -0.018169  -0.005499  0.018159  0.999820  0.999797  0.019126  0.006355  -0.019016  0.999677  -0.016842  -0.006675  0.016718  0.999838  1.000000  0.000049  0.000247  -0.000049  1.000000  -0.000210  -0.000247  0.000210  1.000000  0.999983  0.001819  0.005467  -0.001720  0.999833  -0.018169  -0.005499  0.018159  0.999820  0.004107  0.026227  
8.462245 -0.013693  0.075210  -0.002954  0.981039  0.174074  0.085207  -0.182208  0.978223  0.099402  -0.066048  -0.113043  0.991392  0.083323  0.033972  -0.058892  -0.645380  -0.244709  0.700225  2.000000  0.999979  0.001971  0.006215  -0.001854  0.999822  -0.018795  -0.006251  0.018783  0.999804  0.999789  0.019537  0.006391  -0.019427  0.999671  -0.016754  -0.006716  0.016626  0.999839  1.000000  0.000051  0.000252  -0.000051  1.000000  -0.000209  -0.000252  0.000209  1.000000  0.999979  0.001971  0.006215  -0.001854  0.999822  -0.018795  -0.006251  0.018783  0.999804  0.004230  0.026481  
8.463493 -0.013589  0.075245  -0.003032  0.980863  0.174887  0.085574  -0.183011  0.978147  0.098666  -0.066449  -0.112439  0.991434  0.083341  0.032950  -0.059565  -0.634006  -0.259145  0.712277  2.000000  0.999971  0.002172  0.007232  -0.002030  0.999805  -0.019619  -0.007273  0.019603  0.999781  0.999779  0.019903  0.006824  -0.019790  0.999671  -0.016308  -0.007146  0.016169  0.999844  1.000000  0.000048  0.000259  -0.000048  1.000000  -0.000203  -0.000259  0.000203  1.000000  0.999971  0.002172  0.007232  -0.002030  0.999805  -0.019619  -0.007273  0.019603  0.999781  0.004290  0.026581  
8.464747 -0.013487  0.075277  -0.003110  0.980677  0.175685  0.086071  -0.183812  0.978074  0.097904  -0.066983  -0.111833  0.991467  0.083321  0.031900  -0.060254  -0.627899  -0.270654  0.724432  2.000000  0.999963  0.002371  0.008290  -0.002201  0.999789  -0.020433  -0.008337  0.020414  0.999757  0.999764  0.020475  0.007279  -0.020355  0.999661  -0.016237  -0.007609  0.016085  0.999842  1.000000  0.000047  0.000268  -0.000047  1.000000  -0.000202  -0.000268  0.000202  1.000000  0.999963  0.002371  0.008290  -0.002201  0.999789  -0.020433  -0.008337  0.020414  0.999757  0.004276  0.027084  
8.465978 -0.013384  0.075309  -0.003188  0.980489  0.176495  0.086544  -0.184613  0.978011  0.097023  -0.067517  -0.111108  0.991512  0.083191  0.030931  -0.060727  -0.624647  -0.283297  0.731646  2.000000  0.999953  0.002561  0.009386  -0.002361  0.999772  -0.021240  -0.009438  0.021217  0.999730  0.999748  0.021033  0.007864  -0.020904  0.999651  -0.016169  -0.008201  0.016001  0.999838  1.000000  0.000044  0.000277  -0.000044  1.000000  -0.000201  -0.000277  0.000201  1.000000  0.999953  0.002561  0.009386  -0.002361  0.999772  -0.021240  -0.009438  0.021217  0.999730  0.004361  0.027625  
8.466981 -0.013303  0.075334  -0.003250  0.980310  0.177299  0.086929  -0.185415  0.977920  0.096404  -0.067917  -0.110624  0.991539  0.083032  0.029986  -0.061318  -0.618528  -0.294497  0.751916  2.000000  0.999944  0.002686  0.010224  -0.002462  0.999758  -0.021844  -0.010281  0.021818  0.999709  0.999740  0.021182  0.008408  -0.021045  0.999649  -0.016070  -0.008745  0.015889  0.999836  1.000000  0.000039  0.000282  -0.000039  1.000000  -0.000200  -0.000282  0.000200  1.000000  0.999944  0.002686  0.010224  -0.002462  0.999758  -0.021844  -0.010281  0.021818  0.999709  0.004355  0.027837  
8.468223 -0.013203  0.075365  -0.003328  0.980122  0.178110  0.087400  -0.186215  0.977855  0.095521  -0.068451  -0.109898  0.991583  0.082856  0.029085  -0.061884  -0.618236  -0.311356  0.763235  2.000000  0.999931  0.002836  0.011357  -0.002579  0.999740  -0.022645  -0.011419  0.022614  0.999679  0.999737  0.021128  0.008927  -0.020984  0.999652  -0.015960  -0.009261  0.015769  0.999833  1.000000  0.000033  0.000285  -0.000033  1.000000  -0.000198  -0.000285  0.000198  1.000000  0.999931  0.002836  0.011357  -0.002579  0.999740  -0.022645  -0.011419  0.022614  0.999679  0.004448  0.027891  
8.469236 -0.013122  0.075388  -0.003392  0.980027  0.178526  0.087614  -0.186616  0.977833  0.094961  -0.068718  -0.109415  0.991618  0.082483  0.028159  -0.062299  -0.611465  -0.323057  0.775286  2.000000  0.999918  0.002964  0.012484  -0.002671  0.999722  -0.023437  -0.012550  0.023402  0.999647  0.999744  0.020695  0.009135  -0.020549  0.999664  -0.015818  -0.009459  0.015626  0.999833  1.000000  0.000028  0.000281  -0.000028  1.000000  -0.000197  -0.000281  0.000197  1.000000  0.999918  0.002964  0.012484  -0.002671  0.999722  -0.023437  -0.012550  0.023402  0.999647  0.004482  0.027552  
8.470371 -0.013043  0.075410  -0.003456  0.979923  0.178939  0.087935  -0.187014  0.977825  0.094258  -0.069119  -0.108810  0.991657  0.081398  0.026917  -0.062086  -0.609533  -0.340988  0.769671  2.000000  0.999907  0.003052  0.013320  -0.002731  0.999708  -0.024027  -0.013389  0.023988  0.999623  0.999749  0.020496  0.009100  -0.020351  0.999668  -0.015809  -0.009421  0.015620  0.999834  1.000000  0.000027  0.000279  -0.000027  1.000000  -0.000196  -0.000279  0.000196  1.000000  0.999907  0.003052  0.013320  -0.002731  0.999708  -0.024027  -0.013389  0.023988  0.999623  0.004518  0.027387  
8.471482 -0.012944  0.075438  -0.003536  0.979770  0.179539  0.088406  -0.187612  0.977782  0.093511  -0.069653  -0.108205  0.991686  0.081839  0.026546  -0.062804  -0.607314  -0.357030  0.764692  2.000000  0.999891  0.003157  0.014423  -0.002799  0.999688  -0.024804  -0.014497  0.024761  0.999588  0.999755  0.020064  0.009310  -0.019918  0.999681  -0.015548  -0.009619  0.015359  0.999836  1.000000  0.000023  0.000276  -0.000022  1.000000  -0.000193  -0.000276  0.000193  1.000000  0.999891  0.003157  0.014423  -0.002799  0.999688  -0.024804  -0.014497  0.024761  0.999588  0.004504  0.026985  
8.472728 -0.012846  0.075464  -0.003616  0.979618  0.180151  0.088854  -0.188210  0.977749  0.092644  -0.070187  -0.107479  0.991727  0.081459  0.025685  -0.063033  -0.606361  -0.370660  0.750047  2.000000  0.999870  0.003259  0.015764  -0.002853  0.999664  -0.025754  -0.015843  0.025706  0.999544  0.999778  0.018816  0.009430  -0.018674  0.999713  -0.014985  -0.009709  0.014805  0.999843  1.000000  0.000014  0.000263  -0.000014  1.000000  -0.000186  -0.000263  0.000186  1.000000  0.999870  0.003259  0.015764  -0.002853  0.999664  -0.025754  -0.015843  0.025706  0.999544  0.004471  0.025787  
8.473978 -0.012749  0.075489  -0.003697  0.979494  0.180537  0.089434  -0.188605  0.977745  0.091889  -0.070854  -0.106873  0.991745  0.080909  0.024735  -0.063178  -0.601734  -0.381852  0.735067  2.000000  0.999849  0.003309  0.017059  -0.002853  0.999640  -0.026675  -0.017141  0.026622  0.999499  0.999789  0.017933  0.009996  -0.017786  0.999736  -0.014573  -0.010255  0.014393  0.999844  1.000000  0.000002  0.000257  -0.000002  1.000000  -0.000181  -0.000257  0.000181  1.000000  0.999849  0.003309  0.017059  -0.002853  0.999640  -0.026675  -0.017141  0.026622  0.999499  0.004454  0.025127  
8.474995 -0.012671  0.075509  -0.003763  0.979379  0.180927  0.089905  -0.189001  0.977726  0.091277  -0.071388  -0.106387  0.991759  0.080385  0.023964  -0.063362  -0.592810  -0.390687  0.719047  2.000000  0.999831  0.003311  0.018069  -0.002815  0.999621  -0.027389  -0.018152  0.027333  0.999462  0.999797  0.017282  0.010322  -0.017135  0.999753  -0.014174  -0.010564  0.013994  0.999846  1.000000  -0.000005  0.000252  0.000006  1.000000  -0.000176  -0.000252  0.000176  1.000000  0.999831  0.003311  0.018069  -0.002815  0.999621  -0.027389  -0.018152  0.027333  0.999462  0.004395  0.024570  
8.476231 -0.012575  0.075531  -0.003847  0.979215  0.181516  0.090502  -0.189596  0.977682  0.090503  -0.072055  -0.105781  0.991775  0.080011  0.023234  -0.063723  -0.584310  -0.399862  0.705679  2.000000  0.999813  0.003273  0.019052  -0.002737  0.999602  -0.028087  -0.019136  0.028030  0.999424  0.999807  0.016414  0.010757  -0.016263  0.999770  -0.014004  -0.010984  0.013826  0.999844  1.000000  -0.000016  0.000245  0.000016  1.000000  -0.000174  -0.000245  0.000174  1.000000  0.999813  0.003273  0.019052  -0.002737  0.999602  -0.028087  -0.019136  0.028030  0.999424  0.004324  0.024059  
8.477237 -0.012500  0.075547  -0.003915  0.979128  0.181681  0.091106  -0.189789  0.977691  0.090002  -0.072722  -0.105415  0.991766  0.079560  0.022489  -0.064063  -0.574391  -0.413945  0.676286  2.000000  0.999799  0.003222  0.019780  -0.002655  0.999587  -0.028603  -0.019864  0.028545  0.999395  0.999813  0.015748  0.011219  -0.015594  0.999784  -0.013726  -0.011432  0.013549  0.999843  1.000000  -0.000025  0.000240  0.000025  1.000000  -0.000170  -0.000240  0.000170  1.000000  0.999799  0.003222  0.019780  -0.002655  0.999587  -0.028603  -0.019864  0.028545  0.999395  0.004259  0.023663  
8.478476 -0.012406  0.075567  -0.004000  0.979002  0.182059  0.091706  -0.190182  0.977673  0.089364  -0.073389  -0.104928  0.991768  0.078981  0.021489  -0.064574  -0.560660  -0.432577  0.646845  2.000000  0.999780  0.003119  0.020722  -0.002511  0.999568  -0.029283  -0.020804  0.029224  0.999356  0.999824  0.014909  0.011390  -0.014754  0.999799  -0.013554  -0.011589  0.013384  0.999843  1.000000  -0.000032  0.000232  0.000032  1.000000  -0.000168  -0.000232  0.000168  1.000000  0.999780  0.003119  0.020722  -0.002511  0.999568  -0.029283  -0.020804  0.029224  0.999356  0.004179  0.023098  
8.479477 -0.012331  0.075582  -0.004068  0.978885  0.182451  0.092176  -0.190578  0.977652  0.088750  -0.073923  -0.104443  0.991780  0.078428  0.020732  -0.064940  -0.552325  -0.447160  0.630884  2.000000  0.999762  0.002986  0.021611  -0.002338  0.999549  -0.029940  -0.021690  0.029883  0.999318  0.999845  0.013469  0.011368  -0.013320  0.999826  -0.013090  -0.011542  0.012937  0.999850  1.000000  -0.000040  0.000217  0.000040  1.000000  -0.000163  -0.000217  0.000163  1.000000  0.999762  0.002986  0.021611  -0.002338  0.999549  -0.029940  -0.021690  0.029883  0.999318  0.004106  0.021910  
8.480488 -0.012256  0.075596  -0.004137  0.978807  0.182631  0.092648  -0.190772  0.977657  0.088274  -0.074457  -0.104078  0.991778  0.077875  0.019853  -0.065445  -0.541903  -0.461193  0.601013  2.000000  0.999749  0.002867  0.022232  -0.002190  0.999535  -0.030409  -0.022309  0.030353  0.999290  0.999856  0.012655  0.011278  -0.012513  0.999843  -0.012551  -0.011435  0.012408  0.999858  1.000000  -0.000044  0.000207  0.000044  1.000000  -0.000156  -0.000207  0.000156  1.000000  0.999749  0.002867  0.022232  -0.002190  0.999535  -0.030409  -0.022309  0.030353  0.999290  0.004046  0.021051  
8.481728 -0.012164  0.075613  -0.004225  0.978669  0.182997  0.093377  -0.191163  0.977641  0.087609  -0.075257  -0.103590  0.991769  0.077310  0.018984  -0.066036  -0.532770  -0.476495  0.578810  2.000000  0.999731  0.002677  0.023034  -0.001961  0.999517  -0.031030  -0.023106  0.030976  0.999253  0.999862  0.011787  0.011719  -0.011642  0.999856  -0.012377  -0.011864  0.012239  0.999855  1.000000  -0.000054  0.000201  0.000054  1.000000  -0.000154  -0.000201  0.000154  1.000000  0.999731  0.002677  0.023034  -0.001961  0.999517  -0.031030  -0.023106  0.030976  0.999253  0.003981  0.020684  
8.482740 -0.012091  0.075625  -0.004296  0.978590  0.183189  0.093828  -0.191357  0.977656  0.087013  -0.075791  -0.103105  0.991779  0.076656  0.018044  -0.066585  -0.527275  -0.483422  0.552487  2.000000  0.999713  0.002459  0.023810  -0.001705  0.999498  -0.031637  -0.023876  0.031587  0.999216  0.999873  0.010757  0.011741  -0.010616  0.999871  -0.012062  -0.011869  0.011936  0.999858  1.000000  -0.000061  0.000189  0.000061  1.000000  -0.000150  -0.000189  0.000150  1.000000  0.999713  0.002459  0.023810  -0.001705  0.999498  -0.031637  -0.023876  0.031587  0.999216  0.003913  0.019940  
8.483973 -0.012000  0.075640  -0.004384  0.978490  0.183355  0.094538  -0.191547  0.977676  0.086367  -0.076592  -0.102618  0.991768  0.076179  0.017182  -0.067253  -0.520595  -0.494348  0.506006  2.000000  0.999696  0.002208  0.024554  -0.001416  0.999479  -0.032235  -0.024612  0.032190  0.999179  0.999878  0.009904  0.012051  -0.009761  0.999882  -0.011886  -0.012167  0.011767  0.999857  1.000000  -0.000070  0.000182  0.000070  1.000000  -0.000148  -0.000182  0.000148  1.000000  0.999696  0.002208  0.024554  -0.001416  0.999479  -0.032235  -0.024612  0.032190  0.999179  0.003862  0.019576  
8.485226 -0.011910  0.075654  -0.004472  0.978351  0.183723  0.095265  -0.191938  0.977658  0.085700  -0.077392  -0.102130  0.991756  0.076290  0.016418  -0.068407  -0.520938  -0.508484  0.489564  2.000000  0.999675  0.001857  0.025439  -0.001018  0.999456  -0.032976  -0.025486  0.032939  0.999132  0.999884  0.009065  0.012229  -0.008921  0.999892  -0.011707  -0.012334  0.011597  0.999857  1.000000  -0.000077  0.000174  0.000077  1.000000  -0.000146  -0.000174  0.000146  1.000000  0.999675  0.001857  0.025439  -0.001018  0.999456  -0.032976  -0.025486  0.032939  0.999132  0.003799  0.019171  
8.486237 -0.011837  0.075666  -0.004542  0.978271  0.183917  0.095715  -0.192131  0.977672  0.085104  -0.077926  -0.101645  0.991764  0.074998  0.015436  -0.068164  -0.509854  -0.508371  0.460921  2.000000  0.999662  0.001627  0.025954  -0.000759  0.999441  -0.033413  -0.025994  0.033382  0.999105  0.999885  0.008634  0.012449  -0.008489  0.999896  -0.011681  -0.012549  0.011574  0.999854  1.000000  -0.000082  0.000171  0.000082  1.000000  -0.000145  -0.000171  0.000145  1.000000  0.999662  0.001627  0.025954  -0.000759  0.999441  -0.033413  -0.025994  0.033382  0.999105  0.003712  0.019099  
8.487483 -0.011747  0.075679  -0.004629  0.978130  0.184286  0.096442  -0.192522  0.977653  0.084437  -0.078726  -0.101157  0.991751  0.074504  0.014594  -0.068627  -0.504613  -0.519166  0.439278  2.000000  0.999641  0.001214  0.026784  -0.000299  0.999417  -0.034130  -0.026809  0.034110  0.999058  0.999888  0.008000  0.012649  -0.007856  0.999904  -0.011397  -0.012739  0.011297  0.999855  1.000000  -0.000088  0.000165  0.000088  1.000000  -0.000142  -0.000165  0.000142  1.000000  0.999641  0.001214  0.026784  -0.000299  0.999417  -0.034130  -0.026809  0.034110  0.999058  0.003665  0.018782  
8.488725 -0.011657  0.075693  -0.004715  0.978028  0.184467  0.097128  -0.192711  0.977682  0.083670  -0.079526  -0.100549  0.991749  0.074006  0.013774  -0.069033  -0.504643  -0.535543  0.411849  2.000000  0.999619  0.000772  0.027576  0.000189  0.999393  -0.034825  -0.027586  0.034817  0.999013  0.999894  0.007176  0.012695  -0.007035  0.999914  -0.011096  -0.012773  0.011006  0.999858  1.000000  -0.000093  0.000157  0.000093  1.000000  -0.000138  -0.000157  0.000138  1.000000  0.999619  0.000772  0.027576  0.000189  0.999393  -0.034825  -0.027586  0.034817  0.999013  0.003644  0.018297  
8.489725 -0.011586  0.075702  -0.004786  0.977906  0.184864  0.097594  -0.193105  0.977657  0.083053  -0.080060  -0.100064  0.991755  0.073613  0.013247  -0.069272  -0.501741  -0.540321  0.389409  2.000000  0.999603  0.000404  0.028178  0.000594  0.999374  -0.035370  -0.028175  0.035372  0.998977  0.999900  0.006364  0.012609  -0.006228  0.999922  -0.010792  -0.012677  0.010712  0.999862  1.000000  -0.000098  0.000147  0.000098  1.000000  -0.000134  -0.000147  0.000134  1.000000  0.999603  0.000404  0.028178  0.000594  0.999374  -0.035370  -0.028175  0.035372  0.998977  0.003614  0.017752  
8.490981 -0.011499  0.075713  -0.004875  0.977814  0.185047  0.098172  -0.193296  0.977672  0.082430  -0.080726  -0.099577  0.991750  0.073076  0.012452  -0.069647  -0.499688  -0.545770  0.361258  2.000000  0.999582  -0.000075  0.028899  0.001117  0.999350  -0.036029  -0.028877  0.036046  0.998933  0.999902  0.005948  0.012698  -0.005815  0.999928  -0.010521  -0.012760  0.010446  0.999864  1.000000  -0.000101  0.000143  0.000101  1.000000  -0.000131  -0.000143  0.000131  1.000000  0.999582  -0.000075  0.028899  0.001117  0.999350  -0.036029  -0.028877  0.036046  0.998933  0.003581  0.017508  
8.492230 -0.011412  0.075724  -0.004966  0.977681  0.185432  0.098767  -0.193688  0.977648  0.081786  -0.081393  -0.099090  0.991744  0.072556  0.011778  -0.070111  -0.494551  -0.552482  0.340313  2.000000  0.999562  -0.000573  0.029601  0.001659  0.999326  -0.036672  -0.029560  0.036705  0.998889  0.999903  0.005532  0.012788  -0.005403  0.999934  -0.010128  -0.012843  0.010058  0.999867  1.000000  -0.000105  0.000139  0.000105  1.000000  -0.000126  -0.000139  0.000126  1.000000  0.999562  -0.000573  0.029601  0.001659  0.999326  -0.036672  -0.029560  0.036705  0.998889  0.003532  0.017205  
8.493479 -0.011325  0.075734  -0.005057  0.977577  0.185604  0.099474  -0.193877  0.977665  0.081136  -0.082193  -0.098603  0.991727  0.071962  0.011039  -0.070545  -0.489209  -0.563427  0.318751  2.000000  0.999541  -0.001088  0.030283  0.002218  0.999302  -0.037291  -0.030222  0.037341  0.998845  0.999904  0.005117  0.012877  -0.004991  0.999939  -0.009856  -0.012927  0.009791  0.999869  1.000000  -0.000108  0.000135  0.000108  1.000000  -0.000123  -0.000135  0.000123  1.000000  0.999541  -0.001088  0.030283  0.002218  0.999302  -0.037291  -0.030222  0.037341  0.998845  0.003526  0.016986  
8.494726 -0.011239  0.075742  -0.005150  0.977432  0.185977  0.100198  -0.194266  0.977643  0.080466  -0.082993  -0.098115  0.991708  0.071491  0.010376  -0.071000  -0.484516  -0.570837  0.304565  2.000000  0.999524  -0.001520  0.030829  0.002685  0.999283  -0.037778  -0.030749  0.037842  0.998811  0.999900  0.004878  0.013254  -0.004749  0.999941  -0.009723  -0.013301  0.009659  0.999865  1.000000  -0.000114  0.000135  0.000114  1.000000  -0.000121  -0.000135  0.000121  1.000000  0.999524  -0.001520  0.030829  0.002685  0.999283  -0.037778  -0.030749  0.037842  0.998811  0.003497  0.017129  
8.495727 -0.011170  0.075748  -0.005224  0.977326  0.186138  0.100928  -0.194455  0.977649  0.079934  -0.083793  -0.097748  0.991677  0.071163  0.009864  -0.071293  -0.474945  -0.581681  0.282908  2.000000  0.999506  -0.001963  0.031374  0.003163  0.999263  -0.038259  -0.031276  0.038339  0.998775  0.999899  0.004870  0.013386  -0.004741  0.999943  -0.009605  -0.013432  0.009541  0.999864  1.000000  -0.000115  0.000136  0.000115  1.000000  -0.000120  -0.000136  0.000120  1.000000  0.999506  -0.001963  0.031374  0.003163  0.999263  -0.038259  -0.031276  0.038339  0.998775  0.003475  0.017163  
8.496728 -0.011101  0.075754  -0.005300  0.977191  0.186514  0.101544  -0.194846  0.977614  0.079407  -0.084460  -0.097381  0.991657  0.070872  0.009399  -0.071656  -0.470353  -0.589461  0.275280  2.000000  0.999488  -0.002419  0.031918  0.003656  0.999243  -0.038734  -0.031800  0.038831  0.998740  0.999896  0.004644  0.013630  -0.004515  0.999945  -0.009471  -0.013673  0.009409  0.999862  1.000000  -0.000119  0.000135  0.000119  1.000000  -0.000118  -0.000135  0.000118  1.000000  0.999488  -0.002419  0.031918  0.003656  0.999243  -0.038734  -0.031800  0.038831  0.998740  0.003467  0.017219  
8.497976 -0.011016  0.075760  -0.005395  0.977084  0.186688  0.102250  -0.195034  0.977629  0.078756  -0.085260  -0.096893  0.991636  0.070464  0.008726  -0.072121  -0.464969  -0.596069  0.254250  2.000000  0.999464  -0.002995  0.032591  0.004276  0.999218  -0.039312  -0.032448  0.039430  0.998695  0.999898  0.004446  0.013608  -0.004320  0.999948  -0.009216  -0.013648  0.009156  0.999865  1.000000  -0.000120  0.000133  0.000120  1.000000  -0.000115  -0.000133  0.000115  1.000000  0.999464  -0.002995  0.032591  0.004276  0.999218  -0.039312  -0.032448  0.039430  0.998695  0.003457  0.017010  
8.499228 -0.010931  0.075765  -0.005491  0.976925  0.187039  0.103125  -0.195420  0.977599  0.078176  -0.086193  -0.096525  0.991592  0.070047  0.008071  -0.072676  -0.452600  -0.613080  0.245956  2.000000  0.999441  -0.003569  0.033244  0.004895  0.999193  -0.039871  -0.033075  0.040012  0.998652  0.999902  0.004272  0.013320  -0.004154  0.999952  -0.008839  -0.013357  0.008783  0.999872  1.000000  -0.000118  0.000129  0.000118  1.000000  -0.000110  -0.000129  0.000110  1.000000  0.999441  -0.003569  0.033244  0.004895  0.999193  -0.039871  -0.033075  0.040012  0.998652  0.003438  0.016533  
8.500256 -0.010864  0.075768  -0.005568  0.976787  0.187416  0.103740  -0.195811  0.977563  0.077647  -0.086860  -0.096158  0.991569  0.069638  0.007468  -0.073248  -0.446305  -0.624111  0.246222  2.000000  0.999422  -0.004032  0.033767  0.005393  0.999173  -0.040311  -0.033576  0.040469  0.998616  0.999900  0.004263  0.013452  -0.004145  0.999952  -0.008843  -0.013489  0.008786  0.999870  1.000000  -0.000120  0.000130  0.000120  1.000000  -0.000110  -0.000130  0.000110  1.000000  0.999422  -0.004032  0.033767  0.005393  0.999173  -0.040311  -0.033576  0.040469  0.998616  0.003450  0.016639  
8.501475 -0.010780  0.075772  -0.005666  0.976638  0.187781  0.104484  -0.196199  0.977529  0.077092  -0.087659  -0.095791  0.991534  0.069285  0.006883  -0.073793  -0.436250  -0.629882  0.237887  2.000000  0.999402  -0.004500  0.034298  0.005898  0.999152  -0.040746  -0.034086  0.040924  0.998581  0.999897  0.004242  0.013717  -0.004123  0.999953  -0.008726  -0.013753  0.008669  0.999868  1.000000  -0.000123  0.000131  0.000123  1.000000  -0.000109  -0.000131  0.000109  1.000000  0.999402  -0.004500  0.034298  0.005898  0.999152  -0.040746  -0.034086  0.040924  0.998581  0.003461  0.016787  
8.502726 -0.010696  0.075774  -0.005765  0.976488  0.188146  0.105227  -0.196588  0.977494  0.076536  -0.088459  -0.095423  0.991499  0.068862  0.006138  -0.074602  -0.423696  -0.637811  0.230457  2.000000  0.999381  -0.004970  0.034836  0.006404  0.999131  -0.041174  -0.034601  0.041371  0.998545  0.999895  0.004656  0.013754  -0.004537  0.999952  -0.008646  -0.013794  0.008583  0.999868  1.000000  -0.000120  0.000136  0.000120  1.000000  -0.000108  -0.000136  0.000108  1.000000  0.999381  -0.004970  0.034836  0.006404  0.999131  -0.041174  -0.034601  0.041371  0.998545  0.003475  0.016884  
8.503732 -0.010630  0.075775  -0.005845  0.976337  0.188512  0.105970  -0.196976  0.977460  0.075980  -0.089259  -0.095056  0.991462  0.068457  0.005418  -0.075376  -0.419242  -0.647411  0.232190  2.000000  0.999359  -0.005441  0.035384  0.006912  0.999111  -0.041597  -0.035126  0.041815  0.998508  0.999892  0.004852  0.013905  -0.004733  0.999952  -0.008547  -0.013946  0.008480  0.999867  1.000000  -0.000121  0.000139  0.000121  1.000000  -0.000106  -0.000139  0.000106  1.000000  0.999359  -0.005441  0.035384  0.006912  0.999111  -0.041597  -0.035126  0.041815  0.998508  0.003480  0.017012  
8.504978 -0.010547  0.075775  -0.005945  0.976144  0.189080  0.106728  -0.197564  0.977386  0.075401  -0.090058  -0.094688  0.991425  0.068168  0.004726  -0.076132  -0.412750  -0.651943  0.236585  2.000000  0.999331  -0.006027  0.036073  0.007546  0.999084  -0.042116  -0.035786  0.042360  0.998461  0.999892  0.004856  0.013903  -0.004741  0.999954  -0.008310  -0.013943  0.008243  0.999869  1.000000  -0.000121  0.000139  0.000121  1.000000  -0.000103  -0.000139  0.000103  1.000000  0.999331  -0.006027  0.036073  0.007546  0.999084  -0.042116  -0.035786  0.042360  0.998461  0.003480  0.016894  
8.506224 -0.010464  0.075775  -0.006047  0.975980  0.189434  0.107601  -0.197949  0.977353  0.074817  -0.090991  -0.094319  0.991375  0.067852  0.003961  -0.076957  -0.404198  -0.659786  0.229096  2.000000  0.999302  -0.006614  0.036778  0.008181  0.999058  -0.042623  -0.036461  0.042895  0.998414  0.999888  0.005053  0.014054  -0.004938  0.999954  -0.008213  -0.014095  0.008143  0.999868  1.000000  -0.000121  0.000142  0.000121  1.000000  -0.000102  -0.000142  0.000102  1.000000  0.999302  -0.006614  0.036778  0.008181  0.999058  -0.042623  -0.036461  0.042895  0.998414  0.003505  0.017028  
