1-Time 2-Px 3-Py 4-Pz 5-R11 6-R21 7-R31 8-R12 9-R22 10-R32 11-R13 12-R23 13-R33 14-Vx 15-Vy 16-Vz 17-Wx 18-Wy 19-Wz 20-state 21-PR11 22-PR21 23-PR31 24-PR12 25-PR22 26-PR32 27-PR13 28-PR23 29-PR33 
98.564307 0.007257  0.092425  -0.005421  0.990777  0.060767  -0.121112  0.113907  0.110584  0.987318  0.073389  -0.992007  0.102642  0.000006  -0.000009  -0.000319  0.074256  -0.248960  -0.258876  2.000000  1.000000  0.000000  0.000000  0.000000  -0.000000  1.000000  0.000000  -1.000000  -0.000000  0.999972  -0.005083  0.005478  0.005075  0.999986  0.001483  -0.005486  -0.001455  0.999984  1.000000  -0.000063  0.000069  0.000063  1.000000  0.000018  -0.000069  -0.000018  1.000000  0.674025  0.621433  0.399389  -0.559243  0.076024  0.825510  0.482636  -0.779770  0.398775  0.000091  0.007616  
98.565312 0.007257  0.092424  -0.005422  0.990843  0.060549  -0.120678  0.113501  0.110529  0.987371  0.073123  -0.992027  0.102644  -0.000026  -0.000119  -0.000375  0.070641  -0.255761  -0.258125  2.000000  1.000000  -0.000254  0.000274  -0.000274  -0.000073  1.000000  -0.000254  -1.000000  -0.000073  0.999972  -0.005084  0.005478  0.005076  0.999986  0.001481  -0.005485  -0.001454  0.999984  1.000000  -0.000063  0.000069  0.000063  1.000000  0.000018  -0.000069  -0.000018  1.000000  1.000000  -0.000254  0.000274  -0.000274  -0.000073  1.000000  -0.000254  -1.000000  -0.000073  0.000091  0.007616  
98.566567 0.007258  0.092421  -0.005424  0.990960  0.060663  -0.119662  0.112481  0.110466  0.987494  0.073123  -0.992027  0.102644  0.000000  -0.000290  -0.000514  0.072715  -0.281750  -0.241798  2.000000  1.000000  -0.000559  0.000639  -0.000639  -0.000167  1.000000  -0.000559  -1.000000  -0.000167  0.999970  -0.004754  0.006063  0.004745  0.999988  0.001527  -0.006070  -0.001499  0.999980  1.000000  -0.000059  0.000076  0.000059  1.000000  0.000019  -0.000076  -0.000019  1.000000  1.000000  -0.000559  0.000639  -0.000639  -0.000167  1.000000  -0.000559  -1.000000  -0.000167  0.000093  0.007852  
98.567813 0.007259  0.092418  -0.005428  0.991075  0.060776  -0.118645  0.111461  0.110404  0.987617  0.073123  -0.992027  0.102644  0.000075  -0.000498  -0.000748  0.070749  -0.308299  -0.230057  2.000000  0.999999  -0.000837  0.001052  -0.001052  -0.000256  0.999999  -0.000837  -1.000000  -0.000257  0.999967  -0.004271  0.006838  0.004261  0.999990  0.001467  -0.006845  -0.001438  0.999976  1.000000  -0.000053  0.000086  0.000053  1.000000  0.000018  -0.000086  -0.000018  1.000000  0.999999  -0.000837  0.001052  -0.001052  -0.000256  0.999999  -0.000837  -1.000000  -0.000257  0.000097  0.008192  
98.568817 0.007260  0.092417  -0.005430  0.991176  0.060735  -0.117818  0.110646  0.110339  0.987716  0.072989  -0.992037  0.102645  0.000137  -0.000620  -0.000911  0.072272  -0.328355  -0.223397  2.000000  0.999998  -0.001047  0.001417  -0.001417  -0.000330  0.999999  -0.001046  -0.999999  -0.000332  0.999963  -0.004208  0.007451  0.004197  0.999990  0.001514  -0.007457  -0.001483  0.999971  1.000000  -0.000053  0.000093  0.000053  1.000000  0.000019  -0.000093  -0.000019  1.000000  0.999998  -0.001047  0.001417  -0.001417  -0.000330  0.999999  -0.001046  -0.999999  -0.000332  0.000100  0.008687  
98.570066 0.007262  0.092415  -0.005433  0.991290  0.060849  -0.116801  0.109625  0.110277  0.987837  0.072989  -0.992037  0.102645  0.000300  -0.000764  -0.001036  0.070255  -0.354389  -0.207147  2.000000  0.999997  -0.001291  0.001914  -0.001915  -0.000418  0.999998  -0.001290  -0.999999  -0.000421  0.999959  -0.003724  0.008226  0.003713  0.999992  0.001453  -0.008232  -0.001422  0.999965  1.000000  -0.000046  0.000103  0.000046  1.000000  0.000018  -0.000103  -0.000018  1.000000  0.999997  -0.001291  0.001914  -0.001915  -0.000418  0.999998  -0.001290  -0.999999  -0.000421  0.000105  0.009144  
98.571313 0.007265  0.092413  -0.005436  0.991389  0.060808  -0.115974  0.108810  0.110212  0.987934  0.072856  -0.992046  0.102646  0.000485  -0.000856  -0.001150  0.071782  -0.374547  -0.200553  2.000000  0.999996  -0.001515  0.002448  -0.002449  -0.000508  0.999997  -0.001514  -0.999999  -0.000511  0.999955  -0.003395  0.008812  0.003383  0.999993  0.001376  -0.008816  -0.001346  0.999960  1.000000  -0.000042  0.000110  0.000042  1.000000  0.000017  -0.000110  -0.000017  1.000000  0.999996  -0.001515  0.002448  -0.002449  -0.000508  0.999997  -0.001514  -0.999999  -0.000511  0.000108  0.009541  
98.572566 0.007269  0.092411  -0.005438  0.991513  0.061062  -0.114775  0.107584  0.110271  0.988062  0.072989  -0.992024  0.102766  0.000772  -0.000971  -0.001225  0.066228  -0.407032  -0.179114  2.000000  0.999994  -0.001670  0.002915  -0.002916  -0.000574  0.999996  -0.001668  -0.999998  -0.000579  0.999948  -0.002890  0.009792  0.002877  0.999995  0.001330  -0.009796  -0.001302  0.999951  1.000000  -0.000036  0.000122  0.000036  1.000000  0.000016  -0.000122  -0.000016  1.000000  0.999994  -0.001670  0.002915  -0.002916  -0.000574  0.999996  -0.001668  -0.999998  -0.000579  0.000111  0.010294  
98.573815 0.007273  0.092409  -0.005440  0.991648  0.061471  -0.113386  0.106153  0.110331  0.988210  0.073256  -0.991992  0.102884  0.001072  -0.001090  -0.001335  0.065279  -0.445814  -0.152416  2.000000  0.999992  -0.001827  0.003559  -0.003560  -0.000653  0.999993  -0.001825  -0.999998  -0.000659  0.999940  -0.002118  0.010744  0.002106  0.999997  0.001161  -0.010747  -0.001138  0.999942  1.000000  -0.000026  0.000134  0.000026  1.000000  0.000014  -0.000134  -0.000014  1.000000  0.999992  -0.001827  0.003559  -0.003560  -0.000653  0.999993  -0.001825  -0.999998  -0.000659  0.000118  0.011012  
98.574818 0.007276  0.092408  -0.005442  0.991768  0.061725  -0.112186  0.104927  0.110389  0.988334  0.073389  -0.991970  0.103003  0.001257  -0.001181  -0.001449  0.059726  -0.478666  -0.135413  2.000000  0.999990  -0.001920  0.004120  -0.004122  -0.000710  0.999991  -0.001917  -0.999998  -0.000718  0.999932  -0.001633  0.011520  0.001621  0.999998  0.001099  -0.011522  -0.001080  0.999933  1.000000  -0.000020  0.000144  0.000020  1.000000  0.000014  -0.000144  -0.000014  1.000000  0.999990  -0.001920  0.004120  -0.004122  -0.000710  0.999991  -0.001917  -0.999998  -0.000718  0.000123  0.011686  
98.576060 0.007279  0.092406  -0.005446  0.991878  0.062112  -0.111000  0.103700  0.110460  0.988456  0.073656  -0.991938  0.103122  0.001438  -0.001237  -0.001618  0.058280  -0.510901  -0.109509  2.000000  0.999986  -0.002002  0.004877  -0.004878  -0.000775  0.999988  -0.001998  -0.999998  -0.000784  0.999921  -0.001127  0.012500  0.001116  0.999999  0.000930  -0.012501  -0.000916  0.999921  1.000000  -0.000014  0.000156  0.000014  1.000000  0.000012  -0.000156  -0.000012  1.000000  0.999986  -0.002002  0.004877  -0.004878  -0.000775  0.999988  -0.001998  -0.999998  -0.000784  0.000131  0.012585  
98.577061 0.007281  0.092405  -0.005450  0.991974  0.062345  -0.110004  0.102678  0.110529  0.988555  0.073790  -0.991916  0.103241  0.001584  -0.001346  -0.001898  0.052188  -0.536876  -0.093214  2.000000  0.999983  -0.002037  0.005525  -0.005527  -0.000821  0.999984  -0.002032  -0.999998  -0.000832  0.999912  -0.000509  0.013262  0.000498  1.000000  0.000867  -0.013262  -0.000860  0.999912  1.000000  -0.000006  0.000166  0.000006  1.000000  0.000011  -0.000166  -0.000011  1.000000  0.999983  -0.002037  0.005525  -0.005527  -0.000821  0.999984  -0.002032  -0.999998  -0.000832  0.000136  0.013300  
98.578311 0.007284  0.092403  -0.005456  0.992101  0.062742  -0.108622  0.101246  0.110706  0.988683  0.074057  -0.991871  0.103479  0.001817  -0.001518  -0.002340  0.047196  -0.576261  -0.070970  2.000000  0.999977  -0.002041  0.006392  -0.006394  -0.000869  0.999979  -0.002036  -0.999998  -0.000882  0.999899  0.000265  0.014214  -0.000273  1.000000  0.000573  -0.014213  -0.000577  0.999899  1.000000  0.000003  0.000178  -0.000003  1.000000  0.000007  -0.000178  -0.000007  1.000000  0.999977  -0.002041  0.006392  -0.006394  -0.000869  0.999979  -0.002036  -0.999998  -0.000882  0.000144  0.014228  
98.579313 0.007286  0.092400  -0.005461  0.992206  0.063116  -0.107443  0.100019  0.110895  0.988786  0.074323  -0.991826  0.103718  0.001960  -0.001664  -0.002715  0.037591  -0.608659  -0.049456  2.000000  0.999973  -0.002010  0.007132  -0.007134  -0.000897  0.999974  -0.002003  -0.999998  -0.000911  0.999884  0.000904  0.015179  -0.000912  0.999999  0.000524  -0.015179  -0.000538  0.999885  1.000000  0.000011  0.000190  -0.000011  1.000000  0.000007  -0.000190  -0.000007  1.000000  0.999973  -0.002010  0.007132  -0.007134  -0.000897  0.999974  -0.002003  -0.999998  -0.000911  0.000152  0.015216  
98.580566 0.007289  0.092397  -0.005468  0.992339  0.063669  -0.105872  0.098382  0.111070  0.988931  0.074724  -0.991771  0.103956  0.002133  -0.001785  -0.003075  0.032584  -0.646862  -0.018237  2.000000  0.999967  -0.001940  0.007927  -0.007929  -0.000913  0.999968  -0.001933  -0.999998  -0.000929  0.999865  0.001702  0.016334  -0.001704  0.999999  0.000125  -0.016334  -0.000153  0.999867  1.000000  0.000021  0.000204  -0.000021  1.000000  0.000002  -0.000204  -0.000002  1.000000  0.999967  -0.001940  0.007927  -0.007929  -0.000913  0.999968  -0.001933  -0.999998  -0.000929  0.000160  0.016424  
98.581818 0.007293  0.092394  -0.005474  0.992450  0.064187  -0.104511  0.096948  0.111377  0.989038  0.075124  -0.991703  0.104313  0.002342  -0.001755  -0.003274  0.019479  -0.685582  0.008505  2.000000  0.999958  -0.001800  0.008983  -0.008985  -0.000917  0.999959  -0.001792  -0.999998  -0.000933  0.999847  0.002610  0.017272  -0.002610  0.999997  -0.000049  -0.017272  0.000004  0.999851  1.000000  0.000033  0.000216  -0.000033  1.000000  -0.000000  -0.000216  0.000000  1.000000  0.999958  -0.001800  0.008983  -0.008985  -0.000917  0.999959  -0.001792  -0.999998  -0.000933  0.000168  0.017469  
98.583059 0.007296  0.092393  -0.005480  0.992539  0.064684  -0.103355  0.095720  0.111696  0.989122  0.075524  -0.991635  0.104671  0.002493  -0.001650  -0.003444  0.005286  -0.710534  0.038304  2.000000  0.999948  -0.001602  0.010100  -0.010102  -0.000902  0.999949  -0.001593  -0.999998  -0.000918  0.999828  0.003521  0.018208  -0.003513  0.999994  -0.000467  -0.018209  0.000403  0.999834  1.000000  0.000044  0.000228  -0.000044  1.000000  -0.000005  -0.000228  0.000005  1.000000  0.999948  -0.001602  0.010100  -0.010102  -0.000902  0.999949  -0.001593  -0.999998  -0.000918  0.000178  0.018551  
98.584061 0.007300  0.092393  -0.005484  0.992617  0.065038  -0.102380  0.094696  0.111894  0.989198  0.075791  -0.991589  0.104909  0.002690  -0.001584  -0.003523  -0.000762  -0.735944  0.059148  2.000000  0.999938  -0.001407  0.011032  -0.011033  -0.000875  0.999939  -0.001397  -0.999999  -0.000890  0.999812  0.004143  0.018968  -0.004131  0.999991  -0.000655  -0.018970  0.000577  0.999820  1.000000  0.000052  0.000237  -0.000052  1.000000  -0.000008  -0.000237  0.000008  1.000000  0.999938  -0.001407  0.011032  -0.011033  -0.000875  0.999939  -0.001397  -0.999999  -0.000890  0.000183  0.019426  
98.585066 0.007304  0.092391  -0.005488  0.992713  0.065416  -0.101202  0.093468  0.112079  0.989294  0.076058  -0.991544  0.105148  0.002807  -0.001604  -0.003698  -0.006281  -0.768207  0.080710  2.000000  0.999927  -0.001181  0.012002  -0.012003  -0.000835  0.999928  -0.001171  -0.999999  -0.000849  0.999794  0.004767  0.019727  -0.004747  0.999988  -0.001086  -0.019732  0.000993  0.999805  1.000000  0.000059  0.000247  -0.000059  1.000000  -0.000013  -0.000247  0.000013  1.000000  0.999927  -0.001181  0.012002  -0.012003  -0.000835  0.999928  -0.001171  -0.999999  -0.000849  0.000191  0.020323  
98.586314 0.007309  0.092387  -0.005495  0.992816  0.065925  -0.099850  0.092034  0.112501  0.989380  0.076458  -0.991462  0.105626  0.002958  -0.001758  -0.004003  -0.024028  -0.799742  0.111293  2.000000  0.999912  -0.000852  0.013265  -0.013266  -0.000764  0.999912  -0.000842  -0.999999  -0.000776  0.999775  0.005525  0.020471  -0.005498  0.999984  -0.001397  -0.020479  0.001284  0.999789  1.000000  0.000069  0.000256  -0.000069  1.000000  -0.000017  -0.000256  0.000017  1.000000  0.999912  -0.000852  0.013265  -0.013266  -0.000764  0.999912  -0.000842  -0.999999  -0.000776  0.000202  0.021248  
98.587315 0.007313  0.092383  -0.005500  0.992909  0.066304  -0.098672  0.090806  0.112684  0.989473  0.076725  -0.991416  0.105864  0.003028  -0.001913  -0.004184  -0.029547  -0.832099  0.132880  2.000000  0.999901  -0.000638  0.014051  -0.014051  -0.000709  0.999901  -0.000628  -1.000000  -0.000718  0.999761  0.005863  0.021053  -0.005828  0.999982  -0.001717  -0.021063  0.001594  0.999777  1.000000  0.000073  0.000263  -0.000073  1.000000  -0.000021  -0.000263  0.000021  1.000000  0.999901  -0.000638  0.014051  -0.014051  -0.000709  0.999901  -0.000628  -1.000000  -0.000718  0.000209  0.021919  
98.588560 0.007318  0.092377  -0.005507  0.993008  0.066827  -0.097313  0.089372  0.112984  0.989569  0.077125  -0.991347  0.106221  0.003042  -0.002157  -0.004524  -0.043242  -0.864045  0.163515  2.000000  0.999882  -0.000262  0.015373  -0.015374  -0.000600  0.999882  -0.000252  -1.000000  -0.000604  0.999756  0.006158  0.021227  -0.006116  0.999979  -0.002066  -0.021239  0.001936  0.999773  1.000000  0.000077  0.000265  -0.000077  1.000000  -0.000025  -0.000265  0.000025  1.000000  0.999882  -0.000262  0.015373  -0.015374  -0.000600  0.999882  -0.000252  -1.000000  -0.000604  0.000218  0.022194  
98.589814 0.007323  0.092371  -0.005518  0.993097  0.067185  -0.096151  0.088144  0.113405  0.989631  0.077392  -0.991275  0.106700  0.003126  -0.002497  -0.005049  -0.060973  -0.896087  0.185117  2.000000  0.999860  0.000146  0.016716  -0.016716  -0.000471  0.999860  0.000154  -1.000000  -0.000468  0.999744  0.006741  0.021576  -0.006691  0.999975  -0.002403  -0.021592  0.002258  0.999764  1.000000  0.000084  0.000270  -0.000084  1.000000  -0.000029  -0.000270  0.000029  1.000000  0.999860  0.000146  0.016716  -0.016716  -0.000471  0.999860  0.000154  -1.000000  -0.000468  0.000227  0.022726  
98.591060 0.007328  0.092362  -0.005530  0.993163  0.067818  -0.095010  0.086913  0.113728  0.989703  0.077926  -0.991194  0.107056  0.003268  -0.002941  -0.005598  -0.070466  -0.912834  0.217731  2.000000  0.999836  0.000585  0.018076  -0.018076  -0.000319  0.999837  0.000591  -1.000000  -0.000308  0.999733  0.007325  0.021925  -0.007266  0.999970  -0.002740  -0.021944  0.002580  0.999756  1.000000  0.000091  0.000274  -0.000091  1.000000  -0.000033  -0.000274  0.000033  1.000000  0.999836  0.000585  0.018076  -0.018076  -0.000319  0.999837  0.000591  -1.000000  -0.000308  0.000235  0.023270  
98.592061 0.007332  0.092355  -0.005540  0.993221  0.068298  -0.094059  0.085888  0.114053  0.989755  0.078326  -0.991124  0.107414  0.003393  -0.003323  -0.006035  -0.084535  -0.938221  0.243044  2.000000  0.999816  0.000967  0.019179  -0.019179  -0.000181  0.999816  0.000970  -1.000000  -0.000163  0.999726  0.007753  0.022083  -0.007687  0.999966  -0.003090  -0.022106  0.002919  0.999751  1.000000  0.000097  0.000276  -0.000097  1.000000  -0.000038  -0.000276  0.000038  1.000000  0.999816  0.000967  0.019179  -0.019179  -0.000181  0.999816  0.000970  -1.000000  -0.000163  0.000243  0.023599  
98.593310 0.007337  0.092345  -0.005554  0.993295  0.068790  -0.092913  0.084659  0.114482  0.989811  0.078726  -0.991041  0.107891  0.003569  -0.003866  -0.006543  -0.099377  -0.969917  0.274873  2.000000  0.999788  0.001462  0.020540  -0.020540  0.000010  0.999789  0.001461  -0.999999  0.000040  0.999734  0.007986  0.021641  -0.007913  0.999963  -0.003476  -0.021668  0.003304  0.999760  1.000000  0.000099  0.000271  -0.000099  1.000000  -0.000042  -0.000271  0.000042  1.000000  0.999788  0.001462  0.020540  -0.020540  0.000010  0.999789  0.001461  -0.999999  0.000040  0.000251  0.023318  
98.594313 0.007342  0.092336  -0.005565  0.993333  0.069247  -0.092166  0.083838  0.114819  0.989842  0.079126  -0.990970  0.108248  0.003742  -0.004269  -0.006939  -0.114577  -0.981361  0.298850  2.000000  0.999765  0.001867  0.021617  -0.021617  0.000177  0.999766  0.001863  -0.999998  0.000218  0.999738  0.008105  0.021420  -0.008027  0.999961  -0.003730  -0.021449  0.003557  0.999764  1.000000  0.000101  0.000268  -0.000101  1.000000  -0.000046  -0.000268  0.000046  1.000000  0.999765  0.001867  0.021617  -0.021617  0.000177  0.999766  0.001863  -0.999998  0.000218  0.000255  0.023192  
98.595564 0.007349  0.092326  -0.005579  0.993387  0.069728  -0.091216  0.082813  0.115141  0.989891  0.079526  -0.990899  0.108606  0.003989  -0.004702  -0.007363  -0.124114  -0.991185  0.320887  2.000000  0.999740  0.002285  0.022682  -0.022683  0.000363  0.999743  0.002276  -0.999997  0.000414  0.999741  0.008359  0.021182  -0.008274  0.999957  -0.004106  -0.021216  0.003929  0.999767  1.000000  0.000104  0.000265  -0.000104  1.000000  -0.000050  -0.000265  0.000050  1.000000  0.999740  0.002285  0.022682  -0.022683  0.000363  0.999743  0.002276  -0.999997  0.000414  0.000262  0.023126  
98.596815 0.007357  0.092316  -0.005593  0.993450  0.070067  -0.090260  0.081789  0.115572  0.989926  0.079793  -0.990825  0.109084  0.004267  -0.005203  -0.007934  -0.141856  -0.991593  0.332032  2.000000  0.999708  0.002815  0.023998  -0.023999  0.000611  0.999712  0.002799  -0.999996  0.000678  0.999744  0.008478  0.020960  -0.008388  0.999955  -0.004357  -0.020996  0.004180  0.999771  1.000000  0.000105  0.000262  -0.000105  1.000000  -0.000053  -0.000262  0.000053  1.000000  0.999708  0.002815  0.023998  -0.023999  0.000611  0.999712  0.002799  -0.999996  0.000678  0.000263  0.023011  
98.597817 0.007362  0.092308  -0.005606  0.993496  0.070394  -0.089499  0.080969  0.115896  0.989956  0.080060  -0.990764  0.109442  0.004471  -0.005782  -0.008532  -0.153913  -0.990326  0.341072  2.000000  0.999681  0.003244  0.025037  -0.025040  0.000823  0.999686  0.003223  -0.999994  0.000904  0.999748  0.008596  0.020738  -0.008502  0.999953  -0.004611  -0.020777  0.004434  0.999774  1.000000  0.000107  0.000259  -0.000107  1.000000  -0.000057  -0.000259  0.000057  1.000000  0.999681  0.003244  0.025037  -0.025040  0.000823  0.999686  0.003223  -0.999994  0.000904  0.000265  0.022902  
98.598817 0.007368  0.092300  -0.005618  0.993541  0.070721  -0.088739  0.080149  0.116219  0.989984  0.080326  -0.990703  0.109800  0.004599  -0.006196  -0.009029  -0.166080  -0.988862  0.354678  2.000000  0.999654  0.003676  0.026059  -0.026063  0.001046  0.999660  0.003648  -0.999993  0.001141  0.999757  0.008559  0.020327  -0.008464  0.999953  -0.004757  -0.020366  0.004583  0.999782  1.000000  0.000106  0.000254  -0.000106  1.000000  -0.000058  -0.000254  0.000058  1.000000  0.999654  0.003676  0.026059  -0.026063  0.001046  0.999660  0.003648  -0.999993  0.001141  0.000266  0.022546  
98.600064 0.007376  0.092288  -0.005636  0.993575  0.071171  -0.088002  0.079328  0.116673  0.989997  0.080726  -0.990617  0.110277  0.004763  -0.006847  -0.009809  -0.180702  -0.979306  0.365339  2.000000  0.999618  0.004216  0.027308  -0.027314  0.001337  0.999626  0.004178  -0.999990  0.001451  0.999770  0.008502  0.019710  -0.008404  0.999952  -0.005038  -0.019752  0.004871  0.999793  1.000000  0.000106  0.000247  -0.000106  1.000000  -0.000062  -0.000247  0.000062  1.000000  0.999618  0.004216  0.027308  -0.027314  0.001337  0.999626  0.004178  -0.999990  0.001451  0.000265  0.022031  
98.601314 0.007383  0.092276  -0.005653  0.993607  0.071610  -0.087275  0.078507  0.117246  0.989995  0.081127  -0.990518  0.110875  0.004929  -0.007509  -0.010817  -0.205158  -0.980317  0.383806  2.000000  0.999583  0.004743  0.028494  -0.028502  0.001644  0.999592  0.004695  -0.999987  0.001779  0.999791  0.008268  0.018699  -0.008170  0.999952  -0.005345  -0.018742  0.005191  0.999811  1.000000  0.000103  0.000234  -0.000103  1.000000  -0.000066  -0.000234  0.000066  1.000000  0.999583  0.004743  0.028494  -0.028502  0.001644  0.999592  0.004695  -0.999987  0.001779  0.000267  0.021114  
98.602318 0.007388  0.092266  -0.005668  0.993634  0.071905  -0.086728  0.077892  0.117703  0.989989  0.081393  -0.990442  0.111353  0.004969  -0.007834  -0.011278  -0.216067  -0.964146  0.389082  2.000000  0.999554  0.005162  0.029413  -0.029423  0.001906  0.999565  0.005104  -0.999985  0.002057  0.999803  0.008209  0.018082  -0.008109  0.999951  -0.005627  -0.018128  0.005480  0.999821  1.000000  0.000102  0.000226  -0.000102  1.000000  -0.000069  -0.000226  0.000069  1.000000  0.999554  0.005162  0.029413  -0.029423  0.001906  0.999565  0.005104  -0.999985  0.002057  0.000264  0.020622  
98.603564 0.007395  0.092254  -0.005686  0.993660  0.072200  -0.086181  0.077277  0.118159  0.989983  0.081660  -0.990366  0.111831  0.005124  -0.008247  -0.011934  -0.230201  -0.936680  0.386446  2.000000  0.999525  0.005580  0.030311  -0.030323  0.002182  0.999538  0.005511  -0.999982  0.002350  0.999807  0.008195  0.017874  -0.008092  0.999950  -0.005878  -0.017921  0.005732  0.999823  1.000000  0.000102  0.000224  -0.000102  1.000000  -0.000073  -0.000224  0.000073  1.000000  0.999525  0.005580  0.030311  -0.030323  0.002182  0.999538  0.005511  -0.999982  0.002350  0.000262  0.020503  
98.604812 0.007402  0.092244  -0.005703  0.993701  0.072510  -0.085440  0.076457  0.118721  0.989980  0.081927  -0.990277  0.112429  0.005267  -0.008466  -0.012375  -0.245364  -0.914771  0.386576  2.000000  0.999488  0.006095  0.031401  -0.031417  0.002540  0.999503  0.006012  -0.999978  0.002730  0.999818  0.008138  0.017256  -0.008032  0.999949  -0.006161  -0.017306  0.006021  0.999832  1.000000  0.000101  0.000216  -0.000101  1.000000  -0.000076  -0.000216  0.000076  1.000000  0.999488  0.006095  0.031401  -0.031417  0.002540  0.999503  0.006012  -0.999978  0.002730  0.000257  0.020029  
98.605814 0.007407  0.092235  -0.005717  0.993737  0.072674  -0.084878  0.075842  0.119166  0.989973  0.082060  -0.990211  0.112908  0.005407  -0.008624  -0.012723  -0.260996  -0.901928  0.383260  2.000000  0.999459  0.006500  0.032243  -0.032262  0.002841  0.999475  0.006405  -0.999975  0.003049  0.999830  0.007944  0.016655  -0.007838  0.999949  -0.006445  -0.016706  0.006313  0.999841  1.000000  0.000099  0.000209  -0.000099  1.000000  -0.000080  -0.000209  0.000080  1.000000  0.999459  0.006500  0.032243  -0.032262  0.002841  0.999475  0.006405  -0.999975  0.003049  0.000254  0.019526  
98.607061 0.007414  0.092225  -0.005734  0.993747  0.072936  -0.084545  0.075431  0.119757  0.989934  0.082327  -0.990121  0.113506  0.005502  -0.008685  -0.012934  -0.276458  -0.873518  0.382655  2.000000  0.999423  0.006993  0.033253  -0.033276  0.003230  0.999441  0.006882  -0.999970  0.003461  0.999845  0.007729  0.015850  -0.007625  0.999949  -0.006621  -0.015900  0.006499  0.999852  1.000000  0.000096  0.000198  -0.000096  1.000000  -0.000082  -0.000198  0.000082  1.000000  0.999423  0.006993  0.033253  -0.033276  0.003230  0.999441  0.006882  -0.999970  0.003461  0.000250  0.018815  
98.608061 0.007420  0.092217  -0.005749  0.993771  0.073233  -0.084000  0.074816  0.120212  0.989925  0.082593  -0.990043  0.113984  0.005582  -0.008680  -0.013188  -0.288842  -0.853219  0.383159  2.000000  0.999394  0.007375  0.034004  -0.034031  0.003552  0.999414  0.007250  -0.999966  0.003801  0.999862  0.007488  0.014841  -0.007387  0.999949  -0.006815  -0.014891  0.006704  0.999867  1.000000  0.000093  0.000186  -0.000093  1.000000  -0.000085  -0.000186  0.000084  1.000000  0.999394  0.007375  0.034004  -0.034031  0.003552  0.999414  0.007250  -0.999966  0.003801  0.000244  0.017946  
98.609310 0.007427  0.092207  -0.005765  0.993791  0.073354  -0.083661  0.074406  0.120912  0.989871  0.082727  -0.989949  0.114703  0.005644  -0.008607  -0.013344  -0.304623  -0.819299  0.372990  2.000000  0.999360  0.007843  0.034897  -0.034929  0.003972  0.999382  0.007700  -0.999961  0.004243  0.999875  0.007272  0.014035  -0.007171  0.999948  -0.007235  -0.014087  0.007133  0.999875  1.000000  0.000090  0.000176  -0.000090  1.000000  -0.000090  -0.000176  0.000090  1.000000  0.999360  0.007843  0.034897  -0.034929  0.003972  0.999382  0.007700  -0.999961  0.004243  0.000239  0.017364  
98.610560 0.007434  0.092197  -0.005784  0.993814  0.073633  -0.083133  0.073790  0.121607  0.989832  0.082993  -0.989843  0.115421  0.005658  -0.008642  -0.013653  -0.323250  -0.785664  0.365226  2.000000  0.999327  0.008297  0.035737  -0.035774  0.004415  0.999350  0.008134  -0.999956  0.004709  0.999891  0.006898  0.013042  -0.006800  0.999948  -0.007550  -0.013093  0.007461  0.999886  1.000000  0.000086  0.000163  -0.000086  1.000000  -0.000094  -0.000163  0.000094  1.000000  0.999327  0.008297  0.035737  -0.035774  0.004415  0.999350  0.008134  -0.999956  0.004709  0.000232  0.016553  
98.611561 0.007440  0.092189  -0.005799  0.993834  0.073775  -0.082777  0.073380  0.122066  0.989806  0.083127  -0.989776  0.115900  0.005640  -0.008615  -0.013960  -0.332574  -0.758823  0.355890  2.000000  0.999307  0.008562  0.036222  -0.036263  0.004696  0.999331  0.008386  -0.999952  0.005004  0.999895  0.006749  0.012849  -0.006647  0.999946  -0.007926  -0.012902  0.007840  0.999886  1.000000  0.000084  0.000161  -0.000084  1.000000  -0.000099  -0.000161  0.000099  1.000000  0.999307  0.008562  0.036222  -0.036263  0.004696  0.999331  0.008386  -0.999952  0.005004  0.000226  0.016517  
98.612564 0.007446  0.092182  -0.005816  0.993853  0.073907  -0.082430  0.072970  0.122646  0.989764  0.083260  -0.989695  0.116499  0.005656  -0.008578  -0.014221  -0.346181  -0.738944  0.344911  2.000000  0.999281  0.008903  0.036844  -0.036890  0.005087  0.999306  0.008710  -0.999947  0.005412  0.999904  0.006420  0.012264  -0.006319  0.999946  -0.008211  -0.012316  0.008133  0.999891  1.000000  0.000080  0.000154  -0.000080  1.000000  -0.000102  -0.000154  0.000102  1.000000  0.999281  0.008903  0.036844  -0.036890  0.005087  0.999306  0.008710  -0.999947  0.005412  0.000221  0.016075  
98.613565 0.007451  0.092173  -0.005833  0.993871  0.074050  -0.082074  0.072560  0.123105  0.989737  0.083393  -0.989627  0.116978  0.005606  -0.008576  -0.014558  -0.355855  -0.718784  0.338428  2.000000  0.999256  0.009230  0.037440  -0.037491  0.005488  0.999282  0.009018  -0.999942  0.005830  0.999913  0.006221  0.011665  -0.006124  0.999946  -0.008375  -0.011716  0.008303  0.999897  1.000000  0.000077  0.000146  -0.000077  1.000000  -0.000104  -0.000146  0.000104  1.000000  0.999256  0.009230  0.037440  -0.037491  0.005488  0.999282  0.009018  -0.999942  0.005830  0.000219  0.015631  
98.614819 0.007457  0.092163  -0.005855  0.993890  0.074183  -0.081727  0.072150  0.123685  0.989695  0.083527  -0.989545  0.117577  0.005529  -0.008506  -0.014904  -0.366545  -0.684690  0.330384  2.000000  0.999226  0.009621  0.038151  -0.038210  0.006001  0.999252  0.009385  -0.999936  0.006364  0.999919  0.005915  0.011284  -0.005818  0.999947  -0.008524  -0.011334  0.008457  0.999900  1.000000  0.000073  0.000141  -0.000073  1.000000  -0.000106  -0.000141  0.000106  1.000000  0.999226  0.009621  0.038151  -0.038210  0.006001  0.999252  0.009385  -0.999936  0.006364  0.000212  0.015311  
98.616066 0.007464  0.092152  -0.005878  0.993923  0.074332  -0.081185  0.071536  0.124369  0.989654  0.083660  -0.989448  0.118296  0.005536  -0.008437  -0.015198  -0.376742  -0.658101  0.318778  2.000000  0.999196  0.009988  0.038821  -0.038887  0.006528  0.999222  0.009727  -0.999929  0.006911  0.999930  0.005428  0.010512  -0.005335  0.999947  -0.008825  -0.010559  0.008768  0.999906  1.000000  0.000067  0.000132  -0.000067  1.000000  -0.000110  -0.000132  0.000110  1.000000  0.999196  0.009988  0.038821  -0.038887  0.006528  0.999222  0.009727  -0.999929  0.006911  0.000208  0.014743  
98.617312 0.007472  0.092142  -0.005899  0.993930  0.074589  -0.080864  0.071125  0.125077  0.989594  0.083927  -0.989339  0.119013  0.005600  -0.008303  -0.015427  -0.391859  -0.625365  0.313401  2.000000  0.999168  0.010341  0.039458  -0.039532  0.007073  0.999193  0.010054  -0.999922  0.007476  0.999935  0.005254  0.010116  -0.005162  0.999945  -0.009097  -0.010164  0.009044  0.999907  1.000000  0.000065  0.000127  -0.000065  1.000000  -0.000113  -0.000127  0.000113  1.000000  0.999168  0.010341  0.039458  -0.039532  0.007073  0.999193  0.010054  -0.999922  0.007476  0.000201  0.014568  
98.618314 0.007479  0.092134  -0.005916  0.993948  0.074723  -0.080518  0.070715  0.125656  0.989550  0.084060  -0.989256  0.119612  0.005685  -0.008171  -0.015592  -0.405831  -0.597070  0.303428  2.000000  0.999146  0.010615  0.039945  -0.040026  0.007526  0.999170  0.010305  -0.999915  0.007944  0.999940  0.005078  0.009722  -0.004987  0.999944  -0.009369  -0.009769  0.009320  0.999909  1.000000  0.000063  0.000122  -0.000063  1.000000  -0.000117  -0.000122  0.000117  1.000000  0.999146  0.010615  0.039945  -0.040026  0.007526  0.999170  0.010305  -0.999915  0.007944  0.000198  0.014409  
98.619565 0.007487  0.092124  -0.005938  0.993981  0.074865  -0.079986  0.070100  0.126459  0.989492  0.084193  -0.989143  0.120450  0.005743  -0.008099  -0.015884  -0.419646  -0.576862  0.297024  2.000000  0.999124  0.010881  0.040414  -0.040502  0.007998  0.999147  0.010548  -0.999909  0.008431  0.999944  0.004903  0.009326  -0.004812  0.999941  -0.009763  -0.009374  0.009717  0.999909  1.000000  0.000061  0.000117  -0.000061  1.000000  -0.000122  -0.000117  0.000122  1.000000  0.999124  0.010881  0.040414  -0.040502  0.007998  0.999147  0.010548  -0.999909  0.008431  0.000192  0.014349  
98.620569 0.007493  0.092116  -0.005955  0.994009  0.074869  -0.079624  0.069691  0.127029  0.989448  0.084193  -0.989069  0.121050  0.005791  -0.008069  -0.016084  -0.433346  -0.557595  0.281439  2.000000  0.999102  0.011140  0.040871  -0.040966  0.008487  0.999124  0.010784  -0.999902  0.008936  0.999947  0.004752  0.009135  -0.004660  0.999938  -0.010141  -0.009183  0.010097  0.999907  1.000000  0.000059  0.000114  -0.000059  1.000000  -0.000126  -0.000114  0.000126  1.000000  0.999102  0.011140  0.040871  -0.040966  0.008487  0.999124  0.010784  -0.999902  0.008936  0.000190  0.014438  
98.621813 0.007501  0.092106  -0.005976  0.994041  0.075022  -0.079084  0.069076  0.127712  0.989403  0.084327  -0.988970  0.121768  0.005868  -0.008049  -0.016358  -0.443065  -0.538501  0.266043  2.000000  0.999081  0.011390  0.041323  -0.041426  0.008990  0.999101  0.011008  -0.999895  0.009454  0.999948  0.004493  0.009164  -0.004398  0.999936  -0.010379  -0.009210  0.010339  0.999904  1.000000  0.000056  0.000115  -0.000056  1.000000  -0.000129  -0.000115  0.000129  1.000000  0.999081  0.011390  0.041323  -0.041426  0.008990  0.999101  0.011008  -0.999895  0.009454  0.000187  0.014543  
98.622816 0.007507  0.092098  -0.005993  0.994058  0.075149  -0.078747  0.068666  0.128410  0.989341  0.084460  -0.988870  0.122487  0.005916  -0.008019  -0.016557  -0.456796  -0.518783  0.254988  2.000000  0.999060  0.011631  0.041768  -0.041880  0.009504  0.999077  0.011224  -0.999887  0.009982  0.999950  0.004341  0.008974  -0.004247  0.999936  -0.010515  -0.009019  0.010476  0.999904  1.000000  0.000054  0.000112  -0.000054  1.000000  -0.000131  -0.000112  0.000131  1.000000  0.999060  0.011631  0.041768  -0.041880  0.009504  0.999077  0.011224  -0.999887  0.009982  0.000184  0.014476  
98.624063 0.007515  0.092088  -0.006014  0.994089  0.075294  -0.078216  0.068051  0.129213  0.989279  0.084593  -0.988754  0.123325  0.005983  -0.008056  -0.016878  -0.470092  -0.506033  0.244840  2.000000  0.999033  0.011915  0.042311  -0.042433  0.010160  0.999048  0.011473  -0.999877  0.010656  0.999955  0.004033  0.008596  -0.003940  0.999934  -0.010787  -0.008639  0.010753  0.999905  1.000000  0.000050  0.000108  -0.000050  1.000000  -0.000135  -0.000108  0.000135  1.000000  0.999033  0.011915  0.042311  -0.042433  0.010160  0.999048  0.011473  -0.999877  0.010656  0.000183  0.014358  
98.625311 0.007524  0.092079  -0.006036  0.994106  0.075423  -0.077880  0.067641  0.129911  0.989216  0.084727  -0.988653  0.124043  0.006078  -0.008005  -0.017098  -0.483950  -0.486453  0.233798  2.000000  0.999007  0.012188  0.042844  -0.042976  0.010832  0.999017  0.011712  -0.999867  0.011346  0.999955  0.003907  0.008609  -0.003812  0.999932  -0.011027  -0.008651  0.010994  0.999902  1.000000  0.000048  0.000108  -0.000048  1.000000  -0.000138  -0.000108  0.000138  1.000000  0.999007  0.012188  0.042844  -0.042976  0.010832  0.999017  0.011712  -0.999867  0.011346  0.000182  0.014513  
98.626563 0.007531  0.092069  -0.006057  0.994136  0.075569  -0.077350  0.067026  0.130713  0.989152  0.084860  -0.988536  0.124881  0.006116  -0.008017  -0.017205  -0.497202  -0.473100  0.228027  2.000000  0.998982  0.012454  0.043359  -0.043503  0.011520  0.998987  0.011942  -0.999856  0.012050  0.999959  0.003864  0.008198  -0.003771  0.999929  -0.011302  -0.008241  0.011271  0.999903  1.000000  0.000048  0.000103  -0.000048  1.000000  -0.000141  -0.000103  0.000141  1.000000  0.998982  0.012454  0.043359  -0.043503  0.011520  0.998987  0.011942  -0.999856  0.012050  0.000181  0.014475  
98.627565 0.007537  0.092061  -0.006074  0.994152  0.075699  -0.077015  0.066616  0.131410  0.989087  0.084993  -0.988434  0.125599  0.006097  -0.007993  -0.017195  -0.509711  -0.462783  0.221122  2.000000  0.998966  0.012612  0.043670  -0.043821  0.011942  0.998968  0.012078  -0.999849  0.012483  0.999958  0.003761  0.008416  -0.003664  0.999927  -0.011527  -0.008459  0.011495  0.999898  1.000000  0.000046  0.000105  -0.000046  1.000000  -0.000144  -0.000105  0.000144  1.000000  0.998966  0.012612  0.043670  -0.043821  0.011942  0.998968  0.012078  -0.999849  0.012483  0.000179  0.014748  
98.628814 0.007544  0.092053  -0.006094  0.994179  0.075688  -0.076672  0.066207  0.132219  0.989007  0.084993  -0.988327  0.126438  0.006148  -0.007834  -0.017115  -0.523484  -0.443317  0.210143  2.000000  0.998940  0.012873  0.044185  -0.044348  0.012662  0.998936  0.012299  -0.999837  0.013219  0.999958  0.003636  0.008430  -0.003536  0.999925  -0.011767  -0.008472  0.011737  0.999895  1.000000  0.000045  0.000106  -0.000045  1.000000  -0.000147  -0.000106  0.000147  1.000000  0.998940  0.012873  0.044185  -0.044348  0.012662  0.998936  0.012299  -0.999837  0.013219  0.000180  0.014913  
98.630065 0.007552  0.092046  -0.006113  0.994209  0.075828  -0.076151  0.065592  0.133141  0.988924  0.085127  -0.988192  0.127396  0.006245  -0.007665  -0.016903  -0.541116  -0.434224  0.201674  2.000000  0.998914  0.013121  0.044696  -0.044872  0.013400  0.998903  0.012508  -0.999824  0.013974  0.999960  0.003485  0.008239  -0.003386  0.999922  -0.012024  -0.008281  0.011996  0.999894  1.000000  0.000043  0.000103  -0.000043  1.000000  -0.000150  -0.000103  0.000150  1.000000  0.998914  0.013121  0.044696  -0.044872  0.013400  0.998903  0.012508  -0.999824  0.013974  0.000180  0.014976  
98.631081 0.007559  0.092040  -0.006129  0.994236  0.075827  -0.075799  0.065183  0.133829  0.988858  0.085127  -0.988099  0.128115  0.006283  -0.007417  -0.016733  -0.549402  -0.428591  0.187594  2.000000  0.998893  0.013317  0.045106  -0.045292  0.014004  0.998876  0.012671  -0.999813  0.014592  0.999960  0.003360  0.008254  -0.003257  0.999918  -0.012387  -0.008294  0.012360  0.999889  1.000000  0.000041  0.000103  -0.000041  1.000000  -0.000155  -0.000103  0.000155  1.000000  0.998893  0.013317  0.045106  -0.045292  0.014004  0.998876  0.012671  -0.999813  0.014592  0.000181  0.015249  
98.632319 0.007567  0.092033  -0.006148  0.994276  0.075837  -0.075262  0.064569  0.134742  0.988775  0.085127  -0.987974  0.129074  0.006326  -0.007199  -0.016575  -0.563378  -0.427260  0.175401  2.000000  0.998872  0.013507  0.045519  -0.045716  0.014618  0.998848  0.012826  -0.999802  0.015219  0.999959  0.003260  0.008471  -0.003154  0.999917  -0.012490  -0.008511  0.012463  0.999886  1.000000  0.000040  0.000106  -0.000040  1.000000  -0.000156  -0.000106  0.000156  1.000000  0.998872  0.013507  0.045519  -0.045716  0.014618  0.998848  0.012826  -0.999802  0.015219  0.000181  0.015430  
98.633562 0.007574  0.092026  -0.006168  0.994314  0.075697  -0.074902  0.064160  0.135542  0.988692  0.084993  -0.987876  0.129914  0.006274  -0.007020  -0.016542  -0.573961  -0.420941  0.163776  2.000000  0.998845  0.013732  0.046040  -0.046250  0.015396  0.998811  0.013007  -0.999787  0.016013  0.999960  0.002870  0.008520  -0.002762  0.999915  -0.012731  -0.008556  0.012707  0.999883  1.000000  0.000035  0.000107  -0.000035  1.000000  -0.000159  -0.000107  0.000159  1.000000  0.998845  0.013732  0.046040  -0.046250  0.015396  0.998811  0.013007  -0.999787  0.016013  0.000183  0.015576  
98.634819 0.007581  0.092019  -0.006189  0.994353  0.075708  -0.074365  0.063546  0.136454  0.988606  0.084993  -0.987749  0.130873  0.006199  -0.006816  -0.016450  -0.587830  -0.411599  0.154845  2.000000  0.998818  0.013941  0.046567  -0.046791  0.016191  0.998773  0.013170  -0.999772  0.016824  0.999958  0.002772  0.008739  -0.002658  0.999913  -0.012955  -0.008774  0.012931  0.999878  1.000000  0.000034  0.000109  -0.000034  1.000000  -0.000162  -0.000109  0.000162  1.000000  0.998818  0.013941  0.046567  -0.046791  0.016191  0.998773  0.013170  -0.999772  0.016824  0.000184  0.015862  
98.636063 0.007588  0.092012  -0.006210  0.994392  0.075730  -0.073819  0.062932  0.137247  0.988536  0.084993  -0.987638  0.131711  0.006139  -0.006704  -0.016500  -0.596076  -0.412690  0.146257  2.000000  0.998796  0.014102  0.046993  -0.047229  0.016848  0.998742  0.013293  -0.999759  0.017494  0.999958  0.002648  0.008754  -0.002530  0.999906  -0.013439  -0.008788  0.013416  0.999871  1.000000  0.000032  0.000110  -0.000032  1.000000  -0.000168  -0.000110  0.000168  1.000000  0.998796  0.014102  0.046993  -0.047229  0.016848  0.998742  0.013293  -0.999759  0.017494  0.000184  0.016247  
98.637065 0.007593  0.092006  -0.006227  0.994407  0.075865  -0.073485  0.062522  0.137943  0.988465  0.085127  -0.987530  0.132429  0.005998  -0.006527  -0.016438  -0.604103  -0.412550  0.146490  2.000000  0.998773  0.014262  0.047425  -0.047672  0.017512  0.998710  0.013413  -0.999745  0.018170  0.999956  0.002681  0.008955  -0.002560  0.999905  -0.013542  -0.008990  0.013519  0.999868  1.000000  0.000033  0.000112  -0.000033  1.000000  -0.000169  -0.000112  0.000169  1.000000  0.998773  0.014262  0.047425  -0.047672  0.017512  0.998710  0.013413  -0.999745  0.018170  0.000187  0.016446  
98.638312 0.007599  0.091998  -0.006248  0.994445  0.075888  -0.072939  0.061907  0.138736  0.988393  0.085127  -0.987418  0.133267  0.005921  -0.006397  -0.016433  -0.612251  -0.413590  0.137877  2.000000  0.998744  0.014459  0.047966  -0.048228  0.018351  0.998668  0.013559  -0.999727  0.019026  0.999958  0.002529  0.008767  -0.002409  0.999904  -0.013679  -0.008801  0.013658  0.999868  1.000000  0.000031  0.000110  -0.000031  1.000000  -0.000171  -0.000110  0.000171  1.000000  0.998744  0.014459  0.047966  -0.048228  0.018351  0.998668  0.013559  -0.999727  0.019026  0.000187  0.016435  
98.639314 0.007604  0.091992  -0.006264  0.994470  0.075893  -0.072587  0.061498  0.139424  0.988321  0.085127  -0.987320  0.133986  0.005820  -0.006228  -0.016352  -0.616270  -0.414038  0.133685  2.000000  0.998721  0.014610  0.048405  -0.048679  0.019027  0.998633  0.013669  -0.999712  0.019714  0.999957  0.002429  0.008987  -0.002306  0.999904  -0.013661  -0.009019  0.013640  0.999866  1.000000  0.000030  0.000113  -0.000030  1.000000  -0.000171  -0.000113  0.000171  1.000000  0.998721  0.014610  0.048405  -0.048679  0.019027  0.998633  0.013669  -0.999712  0.019714  0.000188  0.016523  
