1-Time 2-Px 3-Py 4-Pz 5-R11 6-R21 7-R31 8-R12 9-R22 10-R32 11-R13 12-R23 13-R33 14-Vx 15-Vy 16-Vz 17-Wx 18-Wy 19-Wz 20-state 21-PR11 22-PR21 23-PR31 24-PR12 25-PR22 26-PR32 27-PR13 28-PR23 29-PR33 
24.261078 -0.000225  0.086451  -0.009567  0.997940  0.049566  0.040730  -0.050995  0.998091  0.034833  -0.038926  -0.036838  0.998563  0.000000  0.000011  0.000131  0.000000  0.000000  0.000000  2.000000  1.000000  0.000000  0.000000  -0.000000  1.000000  0.000000  0.000000  -0.000000  1.000000  1.000000  -0.000000  0.000000  0.000000  1.000000  0.000000  0.000000  0.000000  1.000000  1.000000  0.000000  0.000000  0.000000  1.000000  0.000000  0.000000  0.000000  1.000000  0.712469  0.565331  -0.415680  -0.515843  0.823561  0.235908  0.475704  0.046349  0.878384  0.000000  0.000000  
24.262085 -0.000225  0.086450  -0.009567  0.997940  0.049566  0.040730  -0.050995  0.998091  0.034833  -0.038926  -0.036838  0.998563  -0.000011  -0.000040  0.000089  0.000000  0.000000  0.000000  2.000000  1.000000  0.000000  0.000000  0.000000  1.000000  0.000000  0.000000  0.000000  1.000000  1.000000  0.000005  -0.000134  -0.000005  1.000000  0.000000  0.000134  0.000000  1.000000  1.000000  0.000000  0.000000  0.000000  1.000000  0.000000  0.000000  0.000000  1.000000  1.000000  0.000000  0.000000  0.000000  1.000000  0.000000  0.000000  0.000000  1.000000  0.000000  0.000000  
24.263088 -0.000227  0.086447  -0.009570  0.997924  0.049762  0.040876  -0.051200  0.998077  0.034939  -0.039059  -0.036959  0.998553  -0.000104  -0.000224  -0.000124  0.000000  0.000000  0.000000  2.000000  1.000000  0.000000  0.000000  0.000000  1.000000  0.000000  0.000000  0.000000  1.000000  1.000000  0.000206  0.000008  -0.000206  1.000000  0.000113  -0.000008  -0.000113  1.000000  1.000000  0.000000  0.000000  0.000000  1.000000  0.000000  0.000000  0.000000  1.000000  1.000000  0.000000  0.000000  0.000000  1.000000  0.000000  0.000000  0.000000  1.000000  0.000000  0.000000  
24.264335 -0.000229  0.086442  -0.009577  0.997898  0.050168  0.041024  -0.051611  0.998057  0.034915  -0.039193  -0.036959  0.998548  -0.000282  -0.000617  -0.000539  0.000000  0.000000  0.000000  2.000000  1.000000  0.000000  0.000000  0.000000  1.000000  0.000000  0.000000  0.000000  1.000000  1.000000  0.000406  0.000149  -0.000406  1.000000  0.000105  -0.000149  -0.000105  1.000000  1.000000  0.000000  0.000000  0.000000  1.000000  0.000000  0.000000  0.000000  1.000000  1.000000  0.000000  0.000000  0.000000  1.000000  0.000000  0.000000  0.000000  1.000000  0.000000  0.000000  
24.265584 -0.000231  0.086436  -0.009582  0.997882  0.050363  0.041171  -0.051816  0.998042  0.035021  -0.039327  -0.037080  0.998538  -0.000391  -0.000985  -0.000908  0.000000  0.000000  0.000000  2.000000  1.000000  0.000000  0.000000  0.000000  1.000000  0.000000  0.000000  0.000000  1.000000  1.000000  0.000812  0.000298  -0.000812  1.000000  0.000210  -0.000298  -0.000210  1.000000  1.000000  0.000000  0.000000  0.000000  1.000000  0.000000  0.000000  0.000000  1.000000  1.000000  0.000000  0.000000  0.000000  1.000000  0.000000  0.000000  0.000000  1.000000  0.000000  0.000000  
24.266832 -0.000233  0.086431  -0.009587  0.997866  0.050559  0.041318  -0.052021  0.998028  0.035126  -0.039460  -0.037201  0.998528  -0.000486  -0.001357  -0.001312  0.000000  0.000000  0.000000  2.000000  1.000000  0.000000  0.000000  0.000000  1.000000  0.000000  0.000000  0.000000  1.000000  0.999999  0.001013  0.000439  -0.001013  0.999999  0.000323  -0.000439  -0.000324  1.000000  1.000000  0.000000  0.000000  0.000000  1.000000  0.000000  0.000000  0.000000  1.000000  1.000000  0.000000  0.000000  0.000000  1.000000  0.000000  0.000000  0.000000  1.000000  0.000000  0.000000  
24.267834 -0.000234  0.086426  -0.009591  0.997855  0.050759  0.041331  -0.052227  0.998013  0.035239  -0.039460  -0.037322  0.998524  -0.000564  -0.001645  -0.001584  0.000000  0.000000  0.000000  2.000000  1.000000  0.000000  0.000000  0.000000  1.000000  0.000000  0.000000  0.000000  1.000000  0.999999  0.001013  0.000440  -0.001013  0.999999  0.000445  -0.000439  -0.000445  1.000000  1.000000  0.000000  0.000000  0.000000  1.000000  0.000000  0.000000  0.000000  1.000000  1.000000  0.000000  0.000000  0.000000  1.000000  0.000000  0.000000  0.000000  1.000000  0.000000  0.000000  
24.268835 -0.000235  0.086422  -0.009595  0.997845  0.050960  0.041345  -0.052432  0.997999  0.035351  -0.039460  -0.037443  0.998519  -0.000642  -0.001933  -0.001855  0.000000  0.000000  0.000000  2.000000  1.000000  0.000000  0.000000  0.000000  1.000000  0.000000  0.000000  0.000000  1.000000  0.999999  0.001218  0.000447  -0.001219  0.999999  0.000558  -0.000447  -0.000558  1.000000  1.000000  0.000000  0.000000  0.000000  1.000000  0.000000  0.000000  0.000000  1.000000  1.000000  0.000000  0.000000  0.000000  1.000000  0.000000  0.000000  0.000000  1.000000  0.000000  0.000000  
24.270084 -0.000236  0.086417  -0.009601  0.997828  0.051370  0.041232  -0.052843  0.997973  0.035462  -0.039327  -0.037564  0.998520  -0.000695  -0.002246  -0.002207  0.000000  0.000000  0.000000  2.000000  1.000000  0.000000  0.000000  0.000000  1.000000  0.000000  0.000000  0.000000  1.000000  0.999999  0.001634  0.000329  -0.001635  0.999998  0.000663  -0.000328  -0.000664  1.000000  1.000000  0.000000  0.000000  0.000000  1.000000  0.000000  0.000000  0.000000  1.000000  1.000000  0.000000  0.000000  0.000000  1.000000  0.000000  0.000000  0.000000  1.000000  0.000000  0.000000  
24.271085 -0.000237  0.086412  -0.009606  0.997817  0.051576  0.041239  -0.053049  0.997962  0.035454  -0.039327  -0.037564  0.998520  -0.000771  -0.002573  -0.002548  0.000000  0.000000  0.000000  2.000000  1.000000  0.000000  0.000000  0.000000  1.000000  0.000000  0.000000  0.000000  1.000000  0.999998  0.002046  0.000345  -0.002046  0.999998  0.000647  -0.000343  -0.000647  1.000000  1.000000  0.000000  0.000000  0.000000  1.000000  0.000000  0.000000  0.000000  1.000000  1.000000  0.000000  0.000000  0.000000  1.000000  0.000000  0.000000  0.000000  1.000000  0.000000  0.000000  
24.272090 -0.000237  0.086408  -0.009611  0.997790  0.051977  0.041394  -0.053459  0.997937  0.035551  -0.039460  -0.037685  0.998510  -0.000842  -0.002896  -0.002941  0.000000  0.000000  0.000000  2.000000  1.000000  0.000000  0.000000  0.000000  1.000000  0.000000  0.000000  0.000000  1.000000  0.999997  0.002447  0.000628  -0.002447  0.999997  0.000751  -0.000626  -0.000753  1.000000  1.000000  0.000000  0.000000  0.000000  1.000000  0.000000  0.000000  0.000000  1.000000  1.000000  0.000000  0.000000  0.000000  1.000000  0.000000  0.000000  0.000000  1.000000  0.000000  0.000000  
24.273090 -0.000239  0.086403  -0.009616  0.997768  0.052388  0.041408  -0.053870  0.997916  0.035534  -0.039460  -0.037685  0.998510  -0.000919  -0.003240  -0.003292  0.000000  0.000000  0.000000  2.000000  1.000000  0.000000  0.000000  0.000000  1.000000  0.000000  0.000000  0.000000  1.000000  0.999996  0.002652  0.000636  -0.002653  0.999996  0.000743  -0.000634  -0.000745  1.000000  1.000000  0.000000  0.000000  0.000000  1.000000  0.000000  0.000000  0.000000  1.000000  1.000000  0.000000  0.000000  0.000000  1.000000  0.000000  0.000000  0.000000  1.000000  0.000000  0.000000  
24.274343 -0.000239  0.086398  -0.009622  0.997740  0.052794  0.041556  -0.054281  0.997894  0.035509  -0.039594  -0.037685  0.998505  -0.000932  -0.003590  -0.003683  0.000000  0.000000  0.000000  2.000000  1.000000  0.000000  0.000000  0.000000  1.000000  0.000000  0.000000  0.000000  1.000000  0.999994  0.003264  0.000792  -0.003264  0.999994  0.000718  -0.000790  -0.000721  0.999999  1.000000  0.000000  0.000000  0.000000  1.000000  0.000000  0.000000  0.000000  1.000000  1.000000  0.000000  0.000000  0.000000  1.000000  0.000000  0.000000  0.000000  1.000000  0.000000  0.000000  
24.275587 -0.000240  0.086391  -0.009628  0.997707  0.053410  0.041578  -0.054897  0.997861  0.035484  -0.039594  -0.037685  0.998505  -0.000994  -0.004038  -0.004092  0.000000  0.000000  0.000000  2.000000  1.000000  0.000000  0.000000  0.000000  1.000000  0.000000  0.000000  0.000000  1.000000  0.999993  0.003675  0.000808  -0.003676  0.999993  0.000702  -0.000805  -0.000705  0.999999  1.000000  0.000000  0.000000  0.000000  1.000000  0.000000  0.000000  0.000000  1.000000  1.000000  0.000000  0.000000  0.000000  1.000000  0.000000  0.000000  0.000000  1.000000  0.000000  0.000000  
24.276839 -0.000242  0.086384  -0.009634  0.997684  0.053826  0.041586  -0.055308  0.997844  0.035346  -0.039594  -0.037564  0.998510  -0.001126  -0.004512  -0.004550  0.000000  0.000000  0.000000  2.000000  1.000000  0.000000  0.000000  0.000000  1.000000  0.000000  0.000000  0.000000  1.000000  0.999990  0.004292  0.000831  -0.004292  0.999991  0.000556  -0.000828  -0.000560  1.000000  1.000000  0.000000  0.000000  0.000000  1.000000  0.000000  0.000000  0.000000  1.000000  1.000000  0.000000  0.000000  0.000000  1.000000  0.000000  0.000000  0.000000  1.000000  0.000000  0.000000  
24.277840 -0.000244  0.086377  -0.009640  0.997666  0.054242  0.041467  -0.055719  0.997821  0.035336  -0.039460  -0.037564  0.998515  -0.001191  -0.004793  -0.004724  0.000000  0.000000  0.000000  2.000000  1.000000  0.000000  0.000000  0.000000  1.000000  0.000000  0.000000  0.000000  1.000000  0.999989  0.004703  0.000846  -0.004703  0.999989  0.000540  -0.000843  -0.000544  0.999999  1.000000  0.000000  0.000000  0.000000  1.000000  0.000000  0.000000  0.000000  1.000000  1.000000  0.000000  0.000000  0.000000  1.000000  0.000000  0.000000  0.000000  1.000000  0.000000  0.000000  
24.279092 -0.000247  0.086368  -0.009648  0.997643  0.054652  0.041482  -0.056129  0.997799  0.035319  -0.039460  -0.037564  0.998515  -0.001161  -0.005000  -0.004841  0.017662  -0.019909  0.172159  2.000000  1.000000  0.000024  0.000060  -0.000024  1.000000  0.000007  -0.000060  -0.000007  1.000000  0.999987  0.005119  0.000728  -0.005120  0.999987  0.000524  -0.000725  -0.000528  1.000000  1.000000  0.000024  0.000060  -0.000024  1.000000  0.000007  -0.000060  -0.000007  1.000000  1.000000  0.000024  0.000060  -0.000024  1.000000  0.000007  -0.000060  -0.000007  1.000000  0.000044  0.005197  
24.280092 -0.000249  0.086360  -0.009653  0.997632  0.054858  0.041489  -0.056335  0.997787  0.035310  -0.039460  -0.037564  0.998515  -0.001188  -0.005224  -0.004907  0.017394  -0.020170  0.179099  2.000000  1.000000  0.000123  0.000304  -0.000123  1.000000  0.000033  -0.000304  -0.000033  1.000000  0.999986  0.005325  0.000735  -0.005325  0.999986  0.000516  -0.000733  -0.000520  1.000000  1.000000  0.000025  0.000062  -0.000025  1.000000  0.000006  -0.000062  -0.000006  1.000000  1.000000  0.000123  0.000304  -0.000123  1.000000  0.000033  -0.000304  -0.000033  1.000000  0.000045  0.005400  
24.281334 -0.000251  0.086351  -0.009661  0.997592  0.055464  0.041651  -0.056951  0.997749  0.035398  -0.039594  -0.037685  0.998505  -0.001238  -0.005492  -0.005034  0.020656  -0.029941  0.199493  2.000000  1.000000  0.000255  0.000630  -0.000255  1.000000  0.000070  -0.000630  -0.000071  1.000000  0.999983  0.005731  0.000885  -0.005731  0.999983  0.000620  -0.000882  -0.000625  0.999999  1.000000  0.000026  0.000068  -0.000026  1.000000  0.000008  -0.000068  -0.000008  1.000000  1.000000  0.000255  0.000630  -0.000255  1.000000  0.000070  -0.000630  -0.000071  1.000000  0.000049  0.005832  
24.282341 -0.000252  0.086343  -0.009667  0.997568  0.055870  0.041672  -0.057361  0.997722  0.035502  -0.039594  -0.037806  0.998500  -0.001204  -0.005740  -0.005225  0.024183  -0.030462  0.213259  2.000000  1.000000  0.000368  0.000914  -0.000368  1.000000  0.000104  -0.000914  -0.000104  1.000000  0.999981  0.006142  0.000901  -0.006142  0.999981  0.000725  -0.000897  -0.000731  0.999999  1.000000  0.000029  0.000072  -0.000029  1.000000  0.000009  -0.000072  -0.000009  1.000000  1.000000  0.000368  0.000914  -0.000368  1.000000  0.000104  -0.000914  -0.000104  1.000000  0.000053  0.006250  
24.283585 -0.000253  0.086332  -0.009678  0.997544  0.056275  0.041694  -0.057772  0.997695  0.035606  -0.039594  -0.037927  0.998496  -0.001240  -0.006119  -0.005540  0.027724  -0.031002  0.227138  2.000000  0.999999  0.000519  0.001282  -0.000519  1.000000  0.000147  -0.001282  -0.000148  0.999999  0.999980  0.006352  0.000776  -0.006353  0.999980  0.000717  -0.000771  -0.000722  0.999999  1.000000  0.000031  0.000074  -0.000031  1.000000  0.000009  -0.000074  -0.000009  1.000000  0.999999  0.000519  0.001282  -0.000519  1.000000  0.000147  -0.001282  -0.000148  0.999999  0.000056  0.006440  
24.284834 -0.000254  0.086320  -0.009690  0.997515  0.056676  0.041849  -0.058183  0.997667  0.035702  -0.039728  -0.038048  0.998486  -0.001232  -0.006540  -0.006021  0.031267  -0.036058  0.240989  2.000000  0.999999  0.000646  0.001584  -0.000646  1.000000  0.000187  -0.001584  -0.000188  0.999999  0.999978  0.006558  0.000785  -0.006558  0.999978  0.000829  -0.000779  -0.000834  0.999999  1.000000  0.000033  0.000076  -0.000033  1.000000  0.000010  -0.000076  -0.000010  1.000000  0.999999  0.000646  0.001584  -0.000646  1.000000  0.000187  -0.001584  -0.000188  0.999999  0.000060  0.006657  
24.285837 -0.000255  0.086311  -0.009701  0.997503  0.056871  0.041870  -0.058388  0.997647  0.035935  -0.039728  -0.038290  0.998477  -0.001230  -0.006902  -0.006462  0.039121  -0.036316  0.247685  2.000000  0.999998  0.000778  0.001884  -0.000778  1.000000  0.000230  -0.001884  -0.000232  0.999998  0.999980  0.006357  0.000644  -0.006358  0.999979  0.000837  -0.000639  -0.000841  0.999999  1.000000  0.000033  0.000073  -0.000033  1.000000  0.000010  -0.000073  -0.000010  1.000000  0.999998  0.000778  0.001884  -0.000778  1.000000  0.000230  -0.001884  -0.000232  0.999998  0.000062  0.006445  
24.287085 -0.000255  0.086298  -0.009716  0.997491  0.057072  0.041884  -0.058593  0.997631  0.036048  -0.039728  -0.038411  0.998472  -0.001201  -0.007328  -0.006999  0.042929  -0.036594  0.254612  2.000000  0.999997  0.000953  0.002262  -0.000954  1.000000  0.000288  -0.002262  -0.000290  0.999997  0.999977  0.006773  0.000527  -0.006774  0.999977  0.000942  -0.000521  -0.000946  0.999999  1.000000  0.000037  0.000077  -0.000037  1.000000  0.000012  -0.000077  -0.000012  1.000000  0.999997  0.000953  0.002262  -0.000954  1.000000  0.000288  -0.002262  -0.000290  0.999997  0.000065  0.006859  
24.288341 -0.000256  0.086285  -0.009731  0.997467  0.057472  0.041913  -0.059004  0.997599  0.036272  -0.039728  -0.038654  0.998463  -0.001176  -0.007838  -0.007634  0.050526  -0.037138  0.268363  2.000000  0.999996  0.001136  0.002645  -0.001137  0.999999  0.000349  -0.002645  -0.000352  0.999996  0.999976  0.006979  0.000536  -0.006979  0.999975  0.000934  -0.000530  -0.000938  0.999999  1.000000  0.000038  0.000079  -0.000038  1.000000  0.000012  -0.000079  -0.000012  1.000000  0.999996  0.001136  0.002645  -0.001137  0.999999  0.000349  -0.002645  -0.000352  0.999996  0.000069  0.007062  
24.289589 -0.000256  0.086272  -0.009744  0.997437  0.057873  0.042068  -0.059414  0.997571  0.036368  -0.039861  -0.038774  0.998453  -0.001181  -0.008327  -0.008175  0.054039  -0.042171  0.282007  2.000000  0.999995  0.001316  0.003033  -0.001317  0.999999  0.000411  -0.003033  -0.000415  0.999995  0.999977  0.006768  0.000663  -0.006768  0.999977  0.000941  -0.000656  -0.000946  0.999999  1.000000  0.000035  0.000077  -0.000035  1.000000  0.000012  -0.000077  -0.000012  1.000000  0.999995  0.001316  0.003033  -0.001317  0.999999  0.000411  -0.003033  -0.000415  0.999995  0.000071  0.006865  
24.290838 -0.000258  0.086259  -0.009759  0.997425  0.058073  0.042083  -0.059620  0.997554  0.036481  -0.039861  -0.038896  0.998448  -0.001156  -0.008795  -0.008701  0.057844  -0.042451  0.288919  2.000000  0.999993  0.001487  0.003426  -0.001488  0.999999  0.000472  -0.003425  -0.000477  0.999994  0.999977  0.006763  0.000797  -0.006763  0.999977  0.000941  -0.000791  -0.000947  0.999999  1.000000  0.000034  0.000078  -0.000034  1.000000  0.000012  -0.000078  -0.000012  1.000000  0.999993  0.001487  0.003426  -0.001488  0.999999  0.000472  -0.003425  -0.000477  0.999994  0.000074  0.006875  
24.291839 -0.000258  0.086249  -0.009769  0.997407  0.058273  0.042224  -0.059825  0.997543  0.036464  -0.039995  -0.038895  0.998443  -0.001043  -0.009047  -0.009015  0.057562  -0.047214  0.295711  2.000000  0.999992  0.001618  0.003737  -0.001620  0.999999  0.000525  -0.003736  -0.000531  0.999993  0.999978  0.006557  0.000790  -0.006558  0.999978  0.001070  -0.000783  -0.001075  0.999999  1.000000  0.000032  0.000076  -0.000032  1.000000  0.000013  -0.000076  -0.000013  1.000000  0.999992  0.001618  0.003737  -0.001620  0.999999  0.000525  -0.003736  -0.000531  0.999993  0.000076  0.006691  
24.293089 -0.000258  0.086236  -0.009781  0.997390  0.058473  0.042365  -0.060030  0.997531  0.036447  -0.040129  -0.038895  0.998437  -0.000885  -0.009327  -0.009295  0.053445  -0.047231  0.295702  2.000000  0.999990  0.001747  0.004038  -0.001749  0.999998  0.000572  -0.004037  -0.000579  0.999992  0.999980  0.006351  0.000782  -0.006352  0.999979  0.000957  -0.000776  -0.000962  0.999999  1.000000  0.000031  0.000074  -0.000031  1.000000  0.000012  -0.000074  -0.000012  1.000000  0.999990  0.001747  0.004038  -0.001749  0.999998  0.000572  -0.004037  -0.000579  0.999992  0.000076  0.006471  
24.294339 -0.000258  0.086223  -0.009793  0.997377  0.058674  0.042379  -0.060235  0.997514  0.036559  -0.040129  -0.039016  0.998432  -0.000733  -0.009534  -0.009550  0.057773  -0.042491  0.288944  2.000000  0.999989  0.001895  0.004405  -0.001897  0.999998  0.000632  -0.004404  -0.000640  0.999990  0.999981  0.006146  0.000774  -0.006147  0.999981  0.000964  -0.000768  -0.000969  0.999999  1.000000  0.000030  0.000071  -0.000030  1.000000  0.000012  -0.000071  -0.000012  1.000000  0.999989  0.001895  0.004405  -0.001897  0.999998  0.000632  -0.004404  -0.000640  0.999990  0.000074  0.006269  
24.295344 -0.000258  0.086212  -0.009803  0.997359  0.058874  0.042520  -0.060440  0.997503  0.036543  -0.040263  -0.039016  0.998427  -0.000635  -0.009787  -0.009919  0.053652  -0.042504  0.288912  2.000000  0.999987  0.002009  0.004688  -0.002013  0.999998  0.000686  -0.004686  -0.000695  0.999989  0.999982  0.005935  0.000901  -0.005936  0.999982  0.001093  -0.000894  -0.001099  0.999999  1.000000  0.000027  0.000070  -0.000027  1.000000  0.000014  -0.000070  -0.000014  1.000000  0.999987  0.002009  0.004688  -0.002013  0.999998  0.000686  -0.004686  -0.000695  0.999989  0.000074  0.006102  
24.296589 -0.000259  0.086200  -0.009816  0.997347  0.059079  0.042528  -0.060645  0.997491  0.036534  -0.040263  -0.039016  0.998427  -0.000488  -0.009957  -0.010321  0.049562  -0.038033  0.289109  2.000000  0.999985  0.002141  0.005028  -0.002145  0.999997  0.000754  -0.005026  -0.000765  0.999987  0.999984  0.005524  0.000885  -0.005525  0.999984  0.001110  -0.000879  -0.001115  0.999999  1.000000  0.000025  0.000065  -0.000025  1.000000  0.000014  -0.000065  -0.000014  1.000000  0.999985  0.002141  0.005028  -0.002145  0.999997  0.000754  -0.005026  -0.000765  0.999987  0.000075  0.005704  
24.297835 -0.000259  0.086186  -0.009831  0.997329  0.059279  0.042668  -0.060850  0.997479  0.036517  -0.040396  -0.039016  0.998422  -0.000450  -0.010132  -0.010686  0.045867  -0.042918  0.291481  2.000000  0.999983  0.002255  0.005349  -0.002259  0.999997  0.000829  -0.005347  -0.000841  0.999985  0.999985  0.005313  0.001010  -0.005314  0.999985  0.001239  -0.001004  -0.001244  0.999999  1.000000  0.000022  0.000064  -0.000022  1.000000  0.000016  -0.000064  -0.000016  1.000000  0.999983  0.002255  0.005349  -0.002259  0.999997  0.000829  -0.005347  -0.000841  0.999985  0.000074  0.005549  
24.298838 -0.000259  0.086176  -0.009843  0.997329  0.059279  0.042668  -0.060850  0.997479  0.036517  -0.040396  -0.039016  0.998422  -0.000409  -0.010275  -0.010941  0.041670  -0.042300  0.282048  2.000000  0.999982  0.002315  0.005535  -0.002320  0.999997  0.000876  -0.005533  -0.000888  0.999984  0.999987  0.004897  0.001128  -0.004898  0.999987  0.001256  -0.001122  -0.001261  0.999999  1.000000  0.000000  0.000000  0.000000  1.000000  0.000000  0.000000  0.000000  1.000000  0.999982  0.002315  0.005535  -0.002320  0.999997  0.000876  -0.005533  -0.000888  0.999984  0.000073  0.000000  
24.300085 -0.000259  0.086164  -0.009859  0.997317  0.059479  0.042683  -0.061056  0.997462  0.036629  -0.040396  -0.039137  0.998417  -0.000300  -0.010278  -0.011125  0.041968  -0.046567  0.274988  2.000000  0.999982  0.002315  0.005535  -0.002320  0.999997  0.000876  -0.005533  -0.000888  0.999984  0.999987  0.004897  0.001129  -0.004898  0.999987  0.001377  -0.001122  -0.001382  0.999998  1.000000  0.000000  0.000000  0.000000  1.000000  0.000000  0.000000  0.000000  1.000000  0.999982  0.002315  0.005535  -0.002320  0.999997  0.000876  -0.005533  -0.000888  0.999984  0.000071  0.000000  
24.301335 -0.000259  0.086152  -0.009875  0.997299  0.059680  0.042824  -0.061261  0.997450  0.036612  -0.040530  -0.039137  0.998412  -0.000219  -0.010300  -0.011191  0.038212  -0.046415  0.268640  2.000000  0.999982  0.002315  0.005535  -0.002320  0.999997  0.000876  -0.005533  -0.000888  0.999984  0.999988  0.004686  0.001254  -0.004687  0.999988  0.001263  -0.001249  -0.001269  0.999998  1.000000  0.000000  0.000000  0.000000  1.000000  0.000000  0.000000  0.000000  1.000000  0.999982  0.002315  0.005535  -0.002320  0.999997  0.000876  -0.005533  -0.000888  0.999984  0.000070  0.000000  
24.302585 -0.000258  0.086139  -0.009890  0.997293  0.059669  0.042965  -0.061260  0.997446  0.036725  -0.040664  -0.039258  0.998401  -0.000164  -0.010298  -0.011244  0.042398  -0.049887  0.252019  2.000000  0.999982  0.002315  0.005535  -0.002320  0.999997  0.000876  -0.005533  -0.000888  0.999984  0.999991  0.004069  0.001231  -0.004071  0.999991  0.001288  -0.001226  -0.001293  0.999998  1.000000  0.000000  0.000000  0.000000  1.000000  0.000000  0.000000  0.000000  1.000000  0.999982  0.002315  0.005535  -0.002320  0.999997  0.000876  -0.005533  -0.000888  0.999984  0.000065  0.000000  
24.303585 -0.000259  0.086128  -0.009903  0.997275  0.059864  0.043113  -0.061465  0.997430  0.036829  -0.040797  -0.039379  0.998391  -0.000183  -0.010331  -0.011304  0.047077  -0.050056  0.247226  2.000000  0.999982  0.002315  0.005535  -0.002320  0.999997  0.000876  -0.005533  -0.000888  0.999984  0.999991  0.004069  0.001231  -0.004071  0.999991  0.001409  -0.001226  -0.001414  0.999998  1.000000  0.000000  0.000000  0.000000  1.000000  0.000000  0.000000  0.000000  1.000000  0.999982  0.002315  0.005535  -0.002320  0.999997  0.000876  -0.005533  -0.000888  0.999984  0.000065  0.000000  
24.304835 -0.000260  0.086114  -0.009920  0.997270  0.059853  0.043253  -0.061465  0.997425  0.036942  -0.040931  -0.039499  0.998381  -0.000222  -0.010395  -0.011538  0.051255  -0.053571  0.231237  2.000000  0.999982  0.002315  0.005535  -0.002320  0.999997  0.000876  -0.005533  -0.000888  0.999984  0.999993  0.003447  0.001341  -0.003448  0.999993  0.001191  -0.001337  -0.001195  0.999998  1.000000  0.000000  0.000000  0.000000  1.000000  0.000000  0.000000  0.000000  1.000000  0.999982  0.002315  0.005535  -0.002320  0.999997  0.000876  -0.005533  -0.000888  0.999984  0.000061  0.000000  
24.305839 -0.000261  0.086103  -0.009936  0.997251  0.060054  0.043394  -0.061670  0.997413  0.036925  -0.041065  -0.039499  0.998375  -0.000263  -0.010406  -0.011840  0.052232  -0.057986  0.219207  2.000000  0.999982  0.002315  0.005535  -0.002320  0.999997  0.000876  -0.005533  -0.000888  0.999984  0.999993  0.003441  0.001475  -0.003443  0.999993  0.001190  -0.001471  -0.001195  0.999998  1.000000  0.000000  0.000000  0.000000  1.000000  0.000000  0.000000  0.000000  1.000000  0.999982  0.002315  0.005535  -0.002320  0.999997  0.000876  -0.005533  -0.000888  0.999984  0.000059  0.000000  
24.307088 -0.000263  0.086088  -0.009957  0.997228  0.060243  0.043676  -0.061875  0.997397  0.037020  -0.041332  -0.039620  0.998360  -0.000354  -0.010547  -0.012419  0.060635  -0.066705  0.211937  2.000000  0.999982  0.002315  0.005535  -0.002320  0.999997  0.000876  -0.005533  -0.000888  0.999984  0.999993  0.003225  0.001735  -0.003227  0.999994  0.001198  -0.001731  -0.001204  0.999998  1.000000  0.000000  0.000000  0.000000  1.000000  0.000000  0.000000  0.000000  1.000000  0.999982  0.002315  0.005535  -0.002320  0.999997  0.000876  -0.005533  -0.000888  0.999984  0.000059  0.000000  
24.308338 -0.000265  0.086072  -0.009978  0.997209  0.060438  0.043824  -0.062080  0.997381  0.037124  -0.041466  -0.039741  0.998349  -0.000453  -0.010693  -0.012937  0.064991  -0.075437  0.204672  2.000000  0.999982  0.002315  0.005535  -0.002320  0.999997  0.000876  -0.005533  -0.000888  0.999984  0.999994  0.003014  0.001860  -0.003016  0.999995  0.000964  -0.001857  -0.000969  0.999998  1.000000  0.000000  0.000000  0.000000  1.000000  0.000000  0.000000  0.000000  1.000000  0.999982  0.002315  0.005535  -0.002320  0.999997  0.000876  -0.005533  -0.000888  0.999984  0.000056  0.000000  
24.309589 -0.000267  0.086058  -0.009999  0.997204  0.060432  0.043957  -0.062079  0.997381  0.037115  -0.041599  -0.039740  0.998344  -0.000576  -0.010813  -0.013582  0.065533  -0.079390  0.190662  2.000000  0.999982  0.002315  0.005535  -0.002320  0.999997  0.000876  -0.005533  -0.000888  0.999984  0.999994  0.002808  0.001852  -0.002810  0.999996  0.000972  -0.001850  -0.000977  0.999998  1.000000  0.000000  0.000000  0.000000  1.000000  0.000000  0.000000  0.000000  1.000000  0.999982  0.002315  0.005535  -0.002320  0.999997  0.000876  -0.005533  -0.000888  0.999984  0.000055  0.000000  
24.310590 -0.000268  0.086046  -0.010017  0.997186  0.060627  0.044106  -0.062284  0.997364  0.037219  -0.041733  -0.039861  0.998333  -0.000693  -0.010923  -0.014178  0.065797  -0.083634  0.183559  2.000000  0.999982  0.002315  0.005535  -0.002320  0.999997  0.000876  -0.005533  -0.000888  0.999984  0.999994  0.002803  0.001986  -0.002805  0.999996  0.000850  -0.001984  -0.000856  0.999998  1.000000  0.000000  0.000000  0.000000  1.000000  0.000000  0.000000  0.000000  1.000000  0.999982  0.002315  0.005535  -0.002320  0.999997  0.000876  -0.005533  -0.000888  0.999984  0.000054  0.000000  
24.311834 -0.000270  0.086032  -0.010039  0.997180  0.060622  0.044239  -0.062284  0.997365  0.037211  -0.041867  -0.039861  0.998328  -0.000739  -0.010967  -0.014650  0.061748  -0.082425  0.168343  2.000000  0.999982  0.002315  0.005535  -0.002320  0.999997  0.000876  -0.005533  -0.000888  0.999984  0.999995  0.002392  0.001970  -0.002393  0.999997  0.000867  -0.001968  -0.000872  0.999998  1.000000  0.000000  0.000000  0.000000  1.000000  0.000000  0.000000  0.000000  1.000000  0.999982  0.002315  0.005535  -0.002320  0.999997  0.000876  -0.005533  -0.000888  0.999984  0.000050  0.000000  
24.313088 -0.000272  0.086019  -0.010061  0.997162  0.060822  0.044380  -0.062489  0.997352  0.037193  -0.042000  -0.039861  0.998322  -0.000873  -0.011018  -0.015149  0.000000  0.000000  0.000000  2.000000  0.999982  0.002315  0.005535  -0.002320  0.999997  0.000876  -0.005533  -0.000888  0.999984  0.999995  0.002386  0.002104  -0.002388  0.999997  0.000867  -0.002102  -0.000872  0.999997  1.000000  0.000000  0.000000  0.000000  1.000000  0.000000  0.000000  0.000000  1.000000  0.999982  0.002315  0.005535  -0.002320  0.999997  0.000876  -0.005533  -0.000888  0.999984  0.000050  0.000000  
24.314339 -0.000273  0.086006  -0.010081  0.997137  0.061011  0.044662  -0.062693  0.997336  0.037288  -0.042268  -0.039982  0.998306  -0.000948  -0.011031  -0.015434  0.000000  0.000000  0.000000  2.000000  0.999982  0.002315  0.005535  -0.002320  0.999997  0.000876  -0.005533  -0.000888  0.999984  0.999995  0.002381  0.002238  -0.002383  0.999997  0.000987  -0.002235  -0.000993  0.999997  1.000000  0.000000  0.000000  0.000000  1.000000  0.000000  0.000000  0.000000  1.000000  0.999982  0.002315  0.005535  -0.002320  0.999997  0.000876  -0.005533  -0.000888  0.999984  0.000000  0.000000  
24.315589 -0.000275  0.085993  -0.010101  0.997119  0.061211  0.044803  -0.062898  0.997324  0.037271  -0.042401  -0.039981  0.998300  -0.001135  -0.011051  -0.015783  0.000000  0.000000  0.000000  2.000000  0.999982  0.002315  0.005535  -0.002320  0.999997  0.000876  -0.005533  -0.000888  0.999984  0.999995  0.002381  0.002238  -0.002383  0.999997  0.000866  -0.002236  -0.000871  0.999997  1.000000  0.000000  0.000000  0.000000  1.000000  0.000000  0.000000  0.000000  1.000000  0.999982  0.002315  0.005535  -0.002320  0.999997  0.000876  -0.005533  -0.000888  0.999984  0.000000  0.000000  
24.316835 -0.000277  0.085981  -0.010120  0.997100  0.061411  0.044944  -0.063103  0.997311  0.037253  -0.042535  -0.039981  0.998295  -0.001249  -0.011021  -0.015954  0.000000  0.000000  0.000000  2.000000  0.999982  0.002315  0.005535  -0.002320  0.999997  0.000876  -0.005533  -0.000888  0.999984  0.999994  0.002375  0.002371  -0.002378  0.999997  0.000865  -0.002369  -0.000871  0.999997  1.000000  0.000000  0.000000  0.000000  1.000000  0.000000  0.000000  0.000000  1.000000  0.999982  0.002315  0.005535  -0.002320  0.999997  0.000876  -0.005533  -0.000888  0.999984  0.000000  0.000000  
24.318084 -0.000280  0.085969  -0.010141  0.997089  0.061400  0.045210  -0.063102  0.997312  0.037236  -0.042802  -0.039981  0.998283  -0.001437  -0.011033  -0.016374  0.000000  0.000000  0.000000  2.000000  0.999982  0.002315  0.005535  -0.002320  0.999997  0.000876  -0.005533  -0.000888  0.999984  0.999995  0.002170  0.002363  -0.002172  0.999997  0.000874  -0.002361  -0.000879  0.999997  1.000000  0.000000  0.000000  0.000000  1.000000  0.000000  0.000000  0.000000  1.000000  0.999982  0.002315  0.005535  -0.002320  0.999997  0.000876  -0.005533  -0.000888  0.999984  0.000000  0.000000  
24.319085 -0.000282  0.085959  -0.010158  0.997076  0.061606  0.045218  -0.063308  0.997299  0.037227  -0.042802  -0.039981  0.998283  -0.001512  -0.010924  -0.016589  0.000000  0.000000  0.000000  2.000000  0.999982  0.002315  0.005535  -0.002320  0.999997  0.000876  -0.005533  -0.000888  0.999984  0.999994  0.002370  0.002505  -0.002372  0.999997  0.000865  -0.002503  -0.000871  0.999996  1.000000  0.000000  0.000000  0.000000  1.000000  0.000000  0.000000  0.000000  1.000000  0.999982  0.002315  0.005535  -0.002320  0.999997  0.000876  -0.005533  -0.000888  0.999984  0.000000  0.000000  
24.320335 -0.000286  0.085945  -0.010181  0.997051  0.061806  0.045485  -0.063512  0.997292  0.037080  -0.043070  -0.039859  0.998277  -0.001685  -0.010896  -0.016834  0.000000  0.000000  0.000000  2.000000  0.999982  0.002315  0.005535  -0.002320  0.999997  0.000876  -0.005533  -0.000888  0.999984  0.999994  0.002365  0.002638  -0.002367  0.999997  0.000622  -0.002637  -0.000628  0.999996  1.000000  0.000000  0.000000  0.000000  1.000000  0.000000  0.000000  0.000000  1.000000  0.999982  0.002315  0.005535  -0.002320  0.999997  0.000876  -0.005533  -0.000888  0.999984  0.000000  0.000000  
24.321587 -0.000290  0.085931  -0.010204  0.997032  0.062006  0.045626  -0.063717  0.997280  0.037062  -0.043204  -0.039859  0.998271  -0.001823  -0.010823  -0.017111  0.000000  0.000000  0.000000  2.000000  0.999982  0.002315  0.005535  -0.002320  0.999997  0.000876  -0.005533  -0.000888  0.999984  0.999993  0.002360  0.002772  -0.002361  0.999997  0.000500  -0.002771  -0.000506  0.999996  1.000000  0.000000  0.000000  0.000000  1.000000  0.000000  0.000000  0.000000  1.000000  0.999982  0.002315  0.005535  -0.002320  0.999997  0.000876  -0.005533  -0.000888  0.999984  0.000000  0.000000  
24.322588 -0.000293  0.085920  -0.010224  0.997027  0.062000  0.045759  -0.063717  0.997280  0.037053  -0.043337  -0.039859  0.998265  -0.001943  -0.010732  -0.017306  0.000000  0.000000  0.000000  2.000000  0.999982  0.002315  0.005535  -0.002320  0.999997  0.000876  -0.005533  -0.000888  0.999984  0.999993  0.002360  0.002772  -0.002361  0.999997  0.000499  -0.002771  -0.000506  0.999996  1.000000  0.000000  0.000000  0.000000  1.000000  0.000000  0.000000  0.000000  1.000000  0.999982  0.002315  0.005535  -0.002320  0.999997  0.000876  -0.005533  -0.000888  0.999984  0.000000  0.000000  
24.323839 -0.000297  0.085907  -0.010248  0.997002  0.062190  0.046041  -0.063921  0.997263  0.037148  -0.043605  -0.039979  0.998249  -0.002059  -0.010654  -0.017466  0.000000  0.000000  0.000000  2.000000  0.999982  0.002315  0.005535  -0.002320  0.999997  0.000876  -0.005533  -0.000888  0.999984  0.999993  0.002354  0.002906  -0.002355  0.999997  0.000499  -0.002905  -0.000506  0.999996  1.000000  0.000000  0.000000  0.000000  1.000000  0.000000  0.000000  0.000000  1.000000  0.999982  0.002315  0.005535  -0.002320  0.999997  0.000876  -0.005533  -0.000888  0.999984  0.000000  0.000000  
24.325088 -0.000300  0.085894  -0.010272  0.996983  0.062390  0.046182  -0.064126  0.997251  0.037130  -0.043738  -0.039979  0.998243  -0.002209  -0.010540  -0.017627  0.000000  0.000000  0.000000  2.000000  0.999982  0.002315  0.005535  -0.002320  0.999997  0.000876  -0.005533  -0.000888  0.999984  0.999992  0.002560  0.002914  -0.002561  0.999997  0.000368  -0.002913  -0.000376  0.999996  1.000000  0.000000  0.000000  0.000000  1.000000  0.000000  0.000000  0.000000  1.000000  0.999982  0.002315  0.005535  -0.002320  0.999997  0.000876  -0.005533  -0.000888  0.999984  0.000000  0.000000  
24.326089 -0.000303  0.085883  -0.010292  0.996958  0.062584  0.046456  -0.064331  0.997239  0.037103  -0.044006  -0.039979  0.998231  -0.002289  -0.010493  -0.017739  0.000000  0.000000  0.000000  2.000000  0.999982  0.002315  0.005535  -0.002320  0.999997  0.000876  -0.005533  -0.000888  0.999984  0.999993  0.002354  0.002906  -0.002355  0.999997  0.000377  -0.002905  -0.000384  0.999996  1.000000  0.000000  0.000000  0.000000  1.000000  0.000000  0.000000  0.000000  1.000000  0.999982  0.002315  0.005535  -0.002320  0.999997  0.000876  -0.005533  -0.000888  0.999984  0.000000  0.000000  
24.327340 -0.000306  0.085871  -0.010317  0.996952  0.062573  0.046597  -0.064330  0.997234  0.037215  -0.044139  -0.040099  0.998220  -0.002366  -0.010384  -0.017956  0.000000  0.000000  0.000000  2.000000  0.999982  0.002315  0.005535  -0.002320  0.999997  0.000876  -0.005533  -0.000888  0.999984  0.999993  0.002354  0.002906  -0.002355  0.999997  0.000376  -0.002906  -0.000383  0.999996  1.000000  0.000000  0.000000  0.000000  1.000000  0.000000  0.000000  0.000000  1.000000  0.999982  0.002315  0.005535  -0.002320  0.999997  0.000876  -0.005533  -0.000888  0.999984  0.000000  0.000000  
24.328584 -0.000310  0.085858  -0.010343  0.996927  0.062768  0.046871  -0.064535  0.997222  0.037188  -0.044407  -0.040099  0.998208  -0.002488  -0.010375  -0.018282  0.000000  0.000000  0.000000  2.000000  0.999982  0.002315  0.005535  -0.002320  0.999997  0.000876  -0.005533  -0.000888  0.999984  0.999993  0.002354  0.002906  -0.002354  0.999997  0.000255  -0.002906  -0.000261  0.999996  1.000000  0.000000  0.000000  0.000000  1.000000  0.000000  0.000000  0.000000  1.000000  0.999982  0.002315  0.005535  -0.002320  0.999997  0.000876  -0.005533  -0.000888  0.999984  0.000000  0.000000  
24.329590 -0.000313  0.085847  -0.010365  0.996908  0.062968  0.047012  -0.064740  0.997210  0.037170  -0.044540  -0.040099  0.998203  -0.002604  -0.010422  -0.018663  0.000000  0.000000  0.000000  2.000000  0.999982  0.002315  0.005535  -0.002320  0.999997  0.000876  -0.005533  -0.000888  0.999984  0.999992  0.002554  0.003048  -0.002554  0.999997  0.000245  -0.003048  -0.000253  0.999995  1.000000  0.000000  0.000000  0.000000  1.000000  0.000000  0.000000  0.000000  1.000000  0.999982  0.002315  0.005535  -0.002320  0.999997  0.000876  -0.005533  -0.000888  0.999984  0.000000  0.000000  
24.330833 -0.000316  0.085834  -0.010391  0.996902  0.062957  0.047153  -0.064739  0.997206  0.037282  -0.044674  -0.040220  0.998192  -0.002740  -0.010496  -0.019109  0.000000  0.000000  0.000000  2.000000  0.999982  0.002315  0.005535  -0.002320  0.999997  0.000876  -0.005533  -0.000888  0.999984  0.999993  0.002348  0.003040  -0.002349  0.999997  0.000254  -0.003040  -0.000261  0.999995  1.000000  0.000000  0.000000  0.000000  1.000000  0.000000  0.000000  0.000000  1.000000  0.999982  0.002315  0.005535  -0.002320  0.999997  0.000876  -0.005533  -0.000888  0.999984  0.000000  0.000000  
24.331838 -0.000320  0.085823  -0.010413  0.996882  0.063157  0.047294  -0.064944  0.997193  0.037264  -0.044808  -0.040219  0.998186  -0.002881  -0.010577  -0.019563  0.000000  0.000000  0.000000  2.000000  0.999982  0.002315  0.005535  -0.002320  0.999997  0.000876  -0.005533  -0.000888  0.999984  0.999992  0.002553  0.003049  -0.002554  0.999997  0.000244  -0.003048  -0.000252  0.999995  1.000000  0.000000  0.000000  0.000000  1.000000  0.000000  0.000000  0.000000  1.000000  0.999982  0.002315  0.005535  -0.002320  0.999997  0.000876  -0.005533  -0.000888  0.999984  0.000000  0.000000  
24.333084 -0.000324  0.085808  -0.010441  0.996857  0.063351  0.047568  -0.065149  0.997181  0.037237  -0.045075  -0.040219  0.998174  -0.002955  -0.010673  -0.019987  0.000000  0.000000  0.000000  2.000000  0.999982  0.002315  0.005535  -0.002320  0.999997  0.000876  -0.005533  -0.000888  0.999984  0.999992  0.002553  0.003049  -0.002554  0.999997  0.000244  -0.003048  -0.000251  0.999995  1.000000  0.000000  0.000000  0.000000  1.000000  0.000000  0.000000  0.000000  1.000000  0.999982  0.002315  0.005535  -0.002320  0.999997  0.000876  -0.005533  -0.000888  0.999984  0.000000  0.000000  
24.334085 -0.000327  0.085798  -0.010463  0.996851  0.063346  0.047701  -0.065148  0.997181  0.037228  -0.045209  -0.040219  0.998168  -0.003010  -0.010706  -0.020358  0.000000  0.000000  0.000000  2.000000  0.999982  0.002315  0.005535  -0.002320  0.999997  0.000876  -0.005533  -0.000888  0.999984  0.999992  0.002342  0.003174  -0.002343  0.999997  0.000252  -0.003174  -0.000260  0.999995  1.000000  0.000000  0.000000  0.000000  1.000000  0.000000  0.000000  0.000000  1.000000  0.999982  0.002315  0.005535  -0.002320  0.999997  0.000876  -0.005533  -0.000888  0.999984  0.000000  0.000000  
24.335335 -0.000331  0.085784  -0.010490  0.996832  0.063546  0.047842  -0.065353  0.997168  0.037210  -0.045342  -0.040218  0.998162  -0.003038  -0.010713  -0.020573  0.000000  0.000000  0.000000  2.000000  0.999982  0.002315  0.005535  -0.002320  0.999997  0.000876  -0.005533  -0.000888  0.999984  0.999992  0.002342  0.003174  -0.002343  0.999997  0.000131  -0.003174  -0.000138  0.999995  1.000000  0.000000  0.000000  0.000000  1.000000  0.000000  0.000000  0.000000  1.000000  0.999982  0.002315  0.005535  -0.002320  0.999997  0.000876  -0.005533  -0.000888  0.999984  0.000000  0.000000  
24.336335 -0.000335  0.085773  -0.010511  0.996825  0.063540  0.047975  -0.065353  0.997169  0.037201  -0.045476  -0.040218  0.998156  -0.003076  -0.010709  -0.020770  0.000000  0.000000  0.000000  2.000000  0.999982  0.002315  0.005535  -0.002320  0.999997  0.000876  -0.005533  -0.000888  0.999984  0.999992  0.002342  0.003174  -0.002343  0.999997  0.000130  -0.003174  -0.000138  0.999995  1.000000  0.000000  0.000000  0.000000  1.000000  0.000000  0.000000  0.000000  1.000000  0.999982  0.002315  0.005535  -0.002320  0.999997  0.000876  -0.005533  -0.000888  0.999984  0.000000  0.000000  
