1-Time 2-Px 3-Py 4-Pz 5-R11 6-R21 7-R31 8-R12 9-R22 10-R32 11-R13 12-R23 13-R33 14-Vx 15-Vy 16-Vz 17-Wx 18-Wy 19-Wz 20-state 21-PR11 22-PR21 23-PR31 24-PR12 25-PR22 26-PR32 27-PR13 28-PR23 29-PR33 
164.526794 0.011244  0.090527  -0.018399  0.998429  0.054555  0.012810  -0.054318  0.998358  -0.018189  -0.013781  0.017464  0.999753  -0.000289  0.000051  0.000908  0.000000  0.000000  0.000000  2.000000  1.000000  0.000000  0.000000  -0.000000  1.000000  0.000000  0.000000  -0.000000  1.000000  1.000000  -0.000000  0.000000  -0.000000  1.000000  0.000000  0.000000  -0.000000  1.000000  1.000000  0.000000  0.000000  0.000000  1.000000  0.000000  0.000000  0.000000  1.000000  0.630079  0.620707  -0.466608  -0.627448  0.760972  0.165018  0.457503  0.188798  0.868934  0.000000  0.000000  
164.527801 0.011244  0.090527  -0.018399  0.998429  0.054555  0.012810  -0.054318  0.998358  -0.018189  -0.013781  0.017464  0.999753  -0.000245  0.000075  0.000889  0.000000  0.000000  0.000000  2.000000  1.000000  0.000000  0.000000  0.000000  1.000000  0.000000  0.000000  0.000000  1.000000  1.000000  -0.000000  0.000000  -0.000000  1.000000  0.000000  0.000000  -0.000000  1.000000  1.000000  0.000000  0.000000  0.000000  1.000000  0.000000  0.000000  0.000000  1.000000  1.000000  0.000000  0.000000  0.000000  1.000000  0.000000  0.000000  0.000000  1.000000  0.000000  0.000000  
164.529051 0.011244  0.090524  -0.018408  0.998406  0.054968  0.012795  -0.054729  0.998333  -0.018315  -0.013781  0.017585  0.999750  -0.000176  -0.000168  0.000226  0.000000  0.000000  0.000000  2.000000  1.000000  0.000000  0.000000  0.000000  1.000000  0.000000  0.000000  0.000000  1.000000  1.000000  0.000206  -0.000004  -0.000206  1.000000  -0.000124  0.000004  0.000124  1.000000  1.000000  0.000000  0.000000  0.000000  1.000000  0.000000  0.000000  0.000000  1.000000  1.000000  0.000000  0.000000  0.000000  1.000000  0.000000  0.000000  0.000000  1.000000  0.000000  0.000000  
164.530052 0.011245  0.090520  -0.018417  0.998393  0.055176  0.012925  -0.054935  0.998322  -0.018325  -0.013915  0.017585  0.999749  -0.000096  -0.000415  -0.000477  0.000000  0.000000  0.000000  2.000000  1.000000  0.000000  0.000000  0.000000  1.000000  0.000000  0.000000  0.000000  1.000000  1.000000  0.000617  -0.000011  -0.000617  1.000000  -0.000130  0.000011  0.000130  1.000000  1.000000  0.000000  0.000000  0.000000  1.000000  0.000000  0.000000  0.000000  1.000000  1.000000  0.000000  0.000000  0.000000  1.000000  0.000000  0.000000  0.000000  1.000000  0.000000  0.000000  
164.531058 0.011246  0.090517  -0.018426  0.998382  0.055381  0.012921  -0.055140  0.998310  -0.018328  -0.013915  0.017585  0.999749  -0.000016  -0.000662  -0.001181  0.000000  0.000000  0.000000  2.000000  1.000000  0.000000  0.000000  0.000000  1.000000  0.000000  0.000000  0.000000  1.000000  1.000000  0.000826  0.000119  -0.000826  1.000000  -0.000133  -0.000119  0.000133  1.000000  1.000000  0.000000  0.000000  0.000000  1.000000  0.000000  0.000000  0.000000  1.000000  1.000000  0.000000  0.000000  0.000000  1.000000  0.000000  0.000000  0.000000  1.000000  0.000000  0.000000  
164.532299 0.011249  0.090513  -0.018436  0.998368  0.055589  0.013051  -0.055346  0.998299  -0.018338  -0.014048  0.017585  0.999747  0.000201  -0.000875  -0.001853  0.000000  0.000000  0.000000  2.000000  1.000000  0.000000  0.000000  0.000000  1.000000  0.000000  0.000000  0.000000  1.000000  0.999999  0.001034  0.000249  -0.001034  0.999999  -0.000136  -0.000250  0.000135  1.000000  1.000000  0.000000  0.000000  0.000000  1.000000  0.000000  0.000000  0.000000  1.000000  1.000000  0.000000  0.000000  0.000000  1.000000  0.000000  0.000000  0.000000  1.000000  0.000000  0.000000  
164.533363 0.011253  0.090511  -0.018445  0.998357  0.055795  0.013047  -0.055551  0.998287  -0.018340  -0.014048  0.017585  0.999747  0.000487  -0.001055  -0.002530  0.000000  0.000000  0.000000  2.000000  1.000000  0.000000  0.000000  0.000000  1.000000  0.000000  0.000000  0.000000  1.000000  0.999999  0.001240  0.000246  -0.001240  0.999999  -0.000139  -0.000246  0.000138  1.000000  1.000000  0.000000  0.000000  0.000000  1.000000  0.000000  0.000000  0.000000  1.000000  1.000000  0.000000  0.000000  0.000000  1.000000  0.000000  0.000000  0.000000  1.000000  0.000000  0.000000  
164.534556 0.011259  0.090509  -0.018455  0.998336  0.056205  0.012900  -0.055962  0.998262  -0.018459  -0.013915  0.017707  0.999746  0.000904  -0.001221  -0.003348  0.000000  0.000000  0.000000  2.000000  1.000000  0.000000  0.000000  0.000000  1.000000  0.000000  0.000000  0.000000  1.000000  0.999999  0.001651  0.000238  -0.001651  0.999999  -0.000266  -0.000239  0.000265  1.000000  1.000000  0.000000  0.000000  0.000000  1.000000  0.000000  0.000000  0.000000  1.000000  1.000000  0.000000  0.000000  0.000000  1.000000  0.000000  0.000000  0.000000  1.000000  0.000000  0.000000  
164.535805 0.011265  0.090505  -0.018467  0.998313  0.056616  0.012892  -0.056373  0.998239  -0.018465  -0.013915  0.017707  0.999746  0.001363  -0.001444  -0.004219  0.000000  0.000000  0.000000  2.000000  1.000000  0.000000  0.000000  0.000000  1.000000  0.000000  0.000000  0.000000  1.000000  0.999998  0.002061  0.000097  -0.002061  0.999998  -0.000271  -0.000098  0.000271  1.000000  1.000000  0.000000  0.000000  0.000000  1.000000  0.000000  0.000000  0.000000  1.000000  1.000000  0.000000  0.000000  0.000000  1.000000  0.000000  0.000000  0.000000  1.000000  0.000000  0.000000  
164.537056 0.011271  0.090501  -0.018481  0.998278  0.057234  0.012874  -0.056990  0.998202  -0.018594  -0.013915  0.017828  0.999744  0.001779  -0.001729  -0.005213  0.000000  0.000000  0.000000  2.000000  1.000000  0.000000  0.000000  0.000000  1.000000  0.000000  0.000000  0.000000  1.000000  0.999997  0.002472  0.000090  -0.002472  0.999997  -0.000398  -0.000091  0.000398  1.000000  1.000000  0.000000  0.000000  0.000000  1.000000  0.000000  0.000000  0.000000  1.000000  1.000000  0.000000  0.000000  0.000000  1.000000  0.000000  0.000000  0.000000  1.000000  0.000000  0.000000  
164.538300 0.011276  0.090496  -0.018497  0.998241  0.057854  0.012989  -0.057606  0.998164  -0.018730  -0.014048  0.017949  0.999740  0.002165  -0.002080  -0.006374  0.000000  0.000000  0.000000  2.000000  1.000000  0.000000  0.000000  0.000000  1.000000  0.000000  0.000000  0.000000  1.000000  0.999995  0.003092  0.000212  -0.003092  0.999995  -0.000528  -0.000214  0.000528  1.000000  1.000000  0.000000  0.000000  0.000000  1.000000  0.000000  0.000000  0.000000  1.000000  1.000000  0.000000  0.000000  0.000000  1.000000  0.000000  0.000000  0.000000  1.000000  0.000000  0.000000  
164.539550 0.011283  0.090492  -0.018513  0.998205  0.058473  0.012970  -0.058223  0.998125  -0.018859  -0.014048  0.018070  0.999738  0.002636  -0.002382  -0.007571  0.000000  0.000000  0.000000  2.000000  1.000000  0.000000  0.000000  0.000000  1.000000  0.000000  0.000000  0.000000  1.000000  0.999993  0.003710  0.000200  -0.003709  0.999993  -0.000658  -0.000203  0.000658  1.000000  1.000000  0.000000  0.000000  0.000000  1.000000  0.000000  0.000000  0.000000  1.000000  1.000000  0.000000  0.000000  0.000000  1.000000  0.000000  0.000000  0.000000  1.000000  0.000000  0.000000  
164.540550 0.011289  0.090489  -0.018527  0.998179  0.058887  0.013089  -0.058634  0.998099  -0.018994  -0.014182  0.018192  0.999734  0.003074  -0.002612  -0.008555  0.000000  0.000000  0.000000  2.000000  1.000000  0.000000  0.000000  0.000000  1.000000  0.000000  0.000000  0.000000  1.000000  0.999991  0.004124  0.000326  -0.004123  0.999991  -0.000786  -0.000330  0.000785  1.000000  1.000000  0.000000  0.000000  0.000000  1.000000  0.000000  0.000000  0.000000  1.000000  1.000000  0.000000  0.000000  0.000000  1.000000  0.000000  0.000000  0.000000  1.000000  0.000000  0.000000  
164.541550 0.011295  0.090485  -0.018542  0.998155  0.059300  0.013074  -0.059045  0.998072  -0.019120  -0.014182  0.018313  0.999732  0.003460  -0.002876  -0.009672  0.000000  0.000000  0.000000  2.000000  1.000000  0.000000  0.000000  0.000000  1.000000  0.000000  0.000000  0.000000  1.000000  0.999989  0.004741  0.000314  -0.004741  0.999988  -0.000916  -0.000319  0.000915  1.000000  1.000000  0.000000  0.000000  0.000000  1.000000  0.000000  0.000000  0.000000  1.000000  1.000000  0.000000  0.000000  0.000000  1.000000  0.000000  0.000000  0.000000  1.000000  0.000000  0.000000  
164.542801 0.011302  0.090480  -0.018561  0.998120  0.059917  0.012914  -0.059661  0.998031  -0.019362  -0.014048  0.018556  0.999729  0.003922  -0.003152  -0.010883  -0.039186  -0.005751  0.179978  2.000000  1.000000  0.000062  0.000116  -0.000062  1.000000  -0.000029  -0.000116  0.000029  1.000000  0.999986  0.005356  0.000168  -0.005356  0.999985  -0.001167  -0.000174  0.001166  0.999999  1.000000  0.000032  0.000059  -0.000032  1.000000  -0.000015  -0.000059  0.000015  1.000000  1.000000  0.000062  0.000116  -0.000062  1.000000  -0.000029  -0.000116  0.000029  1.000000  0.000046  0.005484  
164.544051 0.011309  0.090475  -0.018582  0.998083  0.060537  0.012887  -0.060278  0.997989  -0.019612  -0.014048  0.018798  0.999725  0.004391  -0.003231  -0.011661  -0.047631  -0.005354  0.200749  2.000000  1.000000  0.000231  0.000429  -0.000231  1.000000  -0.000111  -0.000429  0.000111  1.000000  0.999982  0.005974  0.000155  -0.005973  0.999981  -0.001418  -0.000164  0.001417  0.999999  1.000000  0.000036  0.000066  -0.000036  1.000000  -0.000018  -0.000066  0.000018  1.000000  1.000000  0.000231  0.000429  -0.000231  1.000000  -0.000111  -0.000429  0.000111  1.000000  0.000052  0.006141  
164.545300 0.011317  0.090471  -0.018603  0.998045  0.061156  0.012860  -0.060894  0.997947  -0.019863  -0.014048  0.019041  0.999720  0.004831  -0.003217  -0.012285  -0.056117  -0.004954  0.221672  2.000000  1.000000  0.000419  0.000775  -0.000419  1.000000  -0.000210  -0.000775  0.000209  1.000000  0.999978  0.006591  0.000142  -0.006591  0.999977  -0.001669  -0.000153  0.001668  0.999999  1.000000  0.000040  0.000072  -0.000040  1.000000  -0.000021  -0.000072  0.000021  1.000000  1.000000  0.000419  0.000775  -0.000419  1.000000  -0.000210  -0.000775  0.000209  1.000000  0.000057  0.006801  
164.546554 0.011324  0.090465  -0.018623  0.998006  0.061778  0.012966  -0.061510  0.997904  -0.020121  -0.014182  0.019283  0.999713  0.005156  -0.003321  -0.012874  -0.064522  -0.009037  0.242302  2.000000  0.999999  0.000627  0.001151  -0.000626  1.000000  -0.000323  -0.001152  0.000323  0.999999  0.999974  0.007209  0.000128  -0.007208  0.999972  -0.001920  -0.000142  0.001919  0.999998  1.000000  0.000044  0.000079  -0.000044  1.000000  -0.000024  -0.000079  0.000024  1.000000  0.999999  0.000627  0.001151  -0.000626  1.000000  -0.000323  -0.001152  0.000323  0.999999  0.000062  0.007461  
164.547559 0.011331  0.090461  -0.018640  0.997967  0.062398  0.012939  -0.062127  0.997860  -0.020371  -0.014182  0.019526  0.999709  0.005417  -0.003442  -0.013497  -0.072961  -0.008623  0.263040  2.000000  0.999999  0.000802  0.001481  -0.000802  1.000000  -0.000426  -0.001482  0.000425  0.999999  0.999971  0.007623  0.000252  -0.007622  0.999969  -0.002170  -0.000269  0.002168  0.999998  1.000000  0.000045  0.000084  -0.000045  1.000000  -0.000027  -0.000084  0.000027  1.000000  0.999999  0.000802  0.001481  -0.000802  1.000000  -0.000426  -0.001482  0.000425  0.999999  0.000066  0.007929  
164.548800 0.011340  0.090455  -0.018663  0.997914  0.063225  0.013040  -0.062948  0.997803  -0.020632  -0.014316  0.019768  0.999702  0.005643  -0.003664  -0.014283  -0.081543  -0.012575  0.290873  2.000000  0.999998  0.001036  0.001930  -0.001034  0.999999  -0.000565  -0.001930  0.000563  0.999998  0.999966  0.008243  0.000372  -0.008242  0.999963  -0.002301  -0.000391  0.002297  0.999997  1.000000  0.000047  0.000092  -0.000047  1.000000  -0.000029  -0.000092  0.000029  1.000000  0.999998  0.001036  0.001930  -0.001034  0.999999  -0.000565  -0.001930  0.000563  0.999998  0.000074  0.008566  
164.549801 0.011348  0.090450  -0.018684  0.997873  0.063847  0.013145  -0.063565  0.997759  -0.020891  -0.014450  0.020011  0.999695  0.005859  -0.003839  -0.015073  -0.090021  -0.016649  0.311753  2.000000  0.999997  0.001229  0.002312  -0.001227  0.999999  -0.000684  -0.002313  0.000681  0.999997  0.999962  0.008657  0.000496  -0.008656  0.999960  -0.002429  -0.000517  0.002424  0.999997  1.000000  0.000049  0.000097  -0.000049  1.000000  -0.000030  -0.000097  0.000030  1.000000  0.999997  0.001229  0.002312  -0.001227  0.999999  -0.000684  -0.002313  0.000681  0.999997  0.000079  0.009005  
164.550802 0.011354  0.090444  -0.018706  0.997845  0.064262  0.013262  -0.063975  0.997730  -0.021026  -0.014584  0.020132  0.999691  0.005938  -0.004095  -0.015959  -0.094279  -0.020859  0.325548  2.000000  0.999996  0.001378  0.002610  -0.001376  0.999999  -0.000781  -0.002611  0.000778  0.999996  0.999959  0.009069  0.000486  -0.009068  0.999955  -0.002679  -0.000510  0.002674  0.999996  1.000000  0.000051  0.000101  -0.000051  1.000000  -0.000033  -0.000101  0.000033  1.000000  0.999996  0.001378  0.002610  -0.001376  0.999999  -0.000781  -0.002611  0.000778  0.999996  0.000085  0.009468  
164.551808 0.011361  0.090438  -0.018731  0.997803  0.064884  0.013367  -0.064592  0.997685  -0.021284  -0.014717  0.020374  0.999684  0.006083  -0.004327  -0.016960  -0.102725  -0.024916  0.346307  2.000000  0.999994  0.001582  0.003018  -0.001579  0.999998  -0.000920  -0.003020  0.000916  0.999995  0.999957  0.009278  0.000614  -0.009276  0.999953  -0.002804  -0.000640  0.002798  0.999996  1.000000  0.000051  0.000104  -0.000051  1.000000  -0.000035  -0.000104  0.000035  1.000000  0.999994  0.001582  0.003018  -0.001579  0.999998  -0.000920  -0.003020  0.000916  0.999995  0.000089  0.009711  
164.553055 0.011369  0.090428  -0.018762  0.997761  0.065507  0.013472  -0.065208  0.997639  -0.021543  -0.014851  0.020617  0.999677  0.006280  -0.004660  -0.018011  -0.111207  -0.028976  0.367177  2.000000  0.999992  0.001846  0.003547  -0.001843  0.999998  -0.001109  -0.003549  0.001102  0.999993  0.999953  0.009689  0.000604  -0.009687  0.999948  -0.003054  -0.000633  0.003048  0.999995  1.000000  0.000054  0.000109  -0.000054  1.000000  -0.000038  -0.000109  0.000038  1.000000  0.999992  0.001846  0.003547  -0.001843  0.999998  -0.001109  -0.003549  0.001102  0.999993  0.000094  0.010176  
164.554301 0.011378  0.090418  -0.018793  0.997719  0.066127  0.013584  -0.065824  0.997596  -0.021682  -0.014985  0.020738  0.999673  0.006458  -0.004987  -0.018991  -0.115619  -0.033056  0.388057  2.000000  0.999989  0.002116  0.004099  -0.002111  0.999997  -0.001311  -0.004102  0.001303  0.999991  0.999951  0.009898  0.000731  -0.009895  0.999946  -0.003301  -0.000763  0.003293  0.999994  1.000000  0.000054  0.000112  -0.000054  1.000000  -0.000041  -0.000112  0.000041  1.000000  0.999989  0.002116  0.004099  -0.002111  0.999997  -0.001311  -0.004102  0.001303  0.999991  0.000100  0.010458  
164.555305 0.011386  0.090411  -0.018817  0.997690  0.066544  0.013692  -0.066234  0.997563  -0.021938  -0.015119  0.020980  0.999666  0.006555  -0.005289  -0.019678  -0.123983  -0.037234  0.401934  2.000000  0.999987  0.002330  0.004556  -0.002324  0.999996  -0.001477  -0.004560  0.001467  0.999989  0.999948  0.010109  0.000993  -0.010106  0.999943  -0.003305  -0.001026  0.003295  0.999994  1.000000  0.000052  0.000116  -0.000052  1.000000  -0.000041  -0.000116  0.000041  1.000000  0.999987  0.002330  0.004556  -0.002324  0.999996  -0.001477  -0.004560  0.001467  0.999989  0.000105  0.010681  
164.556551 0.011396  0.090401  -0.018846  0.997646  0.067166  0.013796  -0.066850  0.997516  -0.022197  -0.015252  0.021223  0.999658  0.006791  -0.005646  -0.020473  -0.132486  -0.041286  0.422850  2.000000  0.999983  0.002595  0.005145  -0.002586  0.999995  -0.001696  -0.005149  0.001682  0.999985  0.999946  0.010318  0.001120  -0.010314  0.999940  -0.003552  -0.001156  0.003540  0.999993  1.000000  0.000052  0.000119  -0.000052  1.000000  -0.000044  -0.000119  0.000044  1.000000  0.999983  0.002595  0.005145  -0.002586  0.999995  -0.001696  -0.005149  0.001682  0.999985  0.000111  0.010968  
164.557552 0.011404  0.090393  -0.018868  0.997603  0.067787  0.013907  -0.067466  0.997471  -0.022336  -0.015386  0.021344  0.999654  0.006924  -0.005859  -0.020801  -0.136922  -0.045363  0.443780  2.000000  0.999980  0.002803  0.005624  -0.002793  0.999994  -0.001877  -0.005629  0.001862  0.999982  0.999946  0.010321  0.001251  -0.010317  0.999940  -0.003675  -0.001289  0.003662  0.999992  1.000000  0.000051  0.000120  -0.000051  1.000000  -0.000046  -0.000120  0.000046  1.000000  0.999980  0.002803  0.005624  -0.002793  0.999994  -0.001877  -0.005629  0.001862  0.999982  0.000115  0.011025  
164.558801 0.011413  0.090385  -0.018895  0.997571  0.068208  0.014140  -0.067877  0.997435  -0.022723  -0.015654  0.021708  0.999642  0.007041  -0.006143  -0.021190  -0.145138  -0.054249  0.443976  2.000000  0.999977  0.003010  0.006112  -0.002997  0.999993  -0.002069  -0.006118  0.002050  0.999979  0.999944  0.010530  0.001378  -0.010525  0.999937  -0.003802  -0.001418  0.003787  0.999992  1.000000  0.000051  0.000123  -0.000051  1.000000  -0.000047  -0.000123  0.000047  1.000000  0.999977  0.003010  0.006112  -0.002997  0.999993  -0.002069  -0.006118  0.002050  0.999979  0.000119  0.011278  
164.560050 0.011423  0.090376  -0.018921  0.997525  0.068835  0.014368  -0.068493  0.997384  -0.023113  -0.015921  0.022071  0.999630  0.007210  -0.006370  -0.021428  -0.156364  -0.057908  0.454134  2.000000  0.999972  0.003257  0.006721  -0.003241  0.999992  -0.002318  -0.006728  0.002296  0.999975  0.999946  0.010328  0.001512  -0.010322  0.999939  -0.004043  -0.001554  0.004027  0.999991  1.000000  0.000048  0.000121  -0.000048  1.000000  -0.000050  -0.000121  0.000050  1.000000  0.999972  0.003257  0.006721  -0.003241  0.999992  -0.002318  -0.006728  0.002296  0.999975  0.000119  0.011191  
164.561300 0.011434  0.090366  -0.018947  0.997478  0.069461  0.014604  -0.069108  0.997335  -0.023382  -0.016189  0.022314  0.999620  0.007429  -0.006719  -0.021962  -0.164614  -0.066635  0.461176  2.000000  0.999967  0.003492  0.007333  -0.003474  0.999991  -0.002582  -0.007342  0.002556  0.999970  0.999945  0.010332  0.001642  -0.010324  0.999938  -0.004288  -0.001686  0.004271  0.999989  1.000000  0.000047  0.000122  -0.000047  1.000000  -0.000053  -0.000122  0.000053  1.000000  0.999967  0.003492  0.007333  -0.003474  0.999991  -0.002582  -0.007342  0.002556  0.999970  0.000123  0.011303  
164.562554 0.011444  0.090357  -0.018975  0.997445  0.069883  0.014836  -0.069519  0.997297  -0.023770  -0.016456  0.022678  0.999607  0.007529  -0.006944  -0.022329  -0.178433  -0.071469  0.472084  2.000000  0.999961  0.003719  0.007951  -0.003696  0.999989  -0.002856  -0.007962  0.002826  0.999964  0.999945  0.010338  0.001906  -0.010330  0.999937  -0.004412  -0.001951  0.004392  0.999988  1.000000  0.000044  0.000124  -0.000044  1.000000  -0.000055  -0.000124  0.000055  1.000000  0.999961  0.003719  0.007951  -0.003696  0.999989  -0.002856  -0.007962  0.002826  0.999964  0.000127  0.011397  
164.563800 0.011453  0.090348  -0.019004  0.997400  0.070509  0.014920  -0.070135  0.997242  -0.024272  -0.016590  0.023162  0.999594  0.007580  -0.007178  -0.022816  -0.193382  -0.074948  0.482030  2.000000  0.999956  0.003914  0.008567  -0.003888  0.999988  -0.003135  -0.008579  0.003101  0.999958  0.999948  0.009937  0.002313  -0.009926  0.999940  -0.004530  -0.002358  0.004506  0.999987  1.000000  0.000037  0.000122  -0.000037  1.000000  -0.000056  -0.000122  0.000056  1.000000  0.999956  0.003914  0.008567  -0.003888  0.999988  -0.003135  -0.008579  0.003101  0.999958  0.000130  0.011158  
164.564860 0.011460  0.090341  -0.019029  0.997381  0.070726  0.015156  -0.070340  0.997218  -0.024657  -0.016858  0.023526  0.999581  0.007498  -0.007305  -0.022942  -0.202673  -0.088912  0.478478  2.000000  0.999951  0.004061  0.009062  -0.004030  0.999986  -0.003367  -0.009076  0.003331  0.999953  0.999947  0.009944  0.002577  -0.009932  0.999940  -0.004653  -0.002623  0.004628  0.999986  1.000000  0.000034  0.000124  -0.000034  1.000000  -0.000058  -0.000124  0.000058  1.000000  0.999951  0.004061  0.009062  -0.004030  0.999986  -0.003367  -0.009076  0.003331  0.999953  0.000132  0.011272  
164.566063 0.011469  0.090332  -0.019059  0.997332  0.071354  0.015382  -0.070955  0.997165  -0.025048  -0.017125  0.023890  0.999568  0.007533  -0.007408  -0.023054  -0.215395  -0.097813  0.486358  2.000000  0.999946  0.004193  0.009557  -0.004159  0.999985  -0.003610  -0.009572  0.003570  0.999948  0.999947  0.009948  0.002707  -0.009934  0.999939  -0.004897  -0.002756  0.004870  0.999984  1.000000  0.000033  0.000125  -0.000033  1.000000  -0.000061  -0.000125  0.000061  1.000000  0.999946  0.004193  0.009557  -0.004159  0.999985  -0.003610  -0.009572  0.003570  0.999948  0.000134  0.011408  
164.567300 0.011479  0.090323  -0.019088  0.997299  0.071776  0.015612  -0.071366  0.997126  -0.025436  -0.017393  0.024253  0.999555  0.007655  -0.007327  -0.022906  -0.222083  -0.105956  0.483243  2.000000  0.999940  0.004316  0.010058  -0.004277  0.999983  -0.003863  -0.010074  0.003820  0.999942  0.999948  0.009750  0.002975  -0.009734  0.999939  -0.005139  -0.003025  0.005110  0.999982  1.000000  0.000028  0.000124  -0.000028  1.000000  -0.000064  -0.000124  0.000064  1.000000  0.999940  0.004316  0.010058  -0.004277  0.999983  -0.003863  -0.010074  0.003820  0.999942  0.000134  0.011409  
164.568554 0.011489  0.090316  -0.019115  0.997264  0.072199  0.015842  -0.071776  0.997086  -0.025825  -0.017661  0.024617  0.999541  0.007727  -0.007177  -0.022675  -0.231712  -0.111390  0.473000  2.000000  0.999933  0.004454  0.010679  -0.004410  0.999982  -0.004187  -0.010697  0.004140  0.999934  0.999949  0.009552  0.003244  -0.009535  0.999941  -0.005261  -0.003294  0.005229  0.999981  1.000000  0.000024  0.000124  -0.000024  1.000000  -0.000066  -0.000124  0.000066  1.000000  0.999933  0.004454  0.010679  -0.004410  0.999982  -0.004187  -0.010697  0.004140  0.999934  0.000135  0.011370  
164.569804 0.011498  0.090307  -0.019144  0.997228  0.072625  0.016205  -0.072186  0.997046  -0.026223  -0.018062  0.024981  0.999525  0.007691  -0.007135  -0.022562  -0.235752  -0.124875  0.466365  2.000000  0.999926  0.004571  0.011286  -0.004521  0.999980  -0.004518  -0.011306  0.004466  0.999926  0.999952  0.009144  0.003386  -0.009126  0.999945  -0.005256  -0.003433  0.005225  0.999980  1.000000  0.000020  0.000120  -0.000020  1.000000  -0.000066  -0.000120  0.000066  1.000000  0.999926  0.004571  0.011286  -0.004521  0.999980  -0.004518  -0.011306  0.004466  0.999926  0.000134  0.011070  
164.571054 0.011506  0.090298  -0.019174  0.997191  0.073052  0.016568  -0.072596  0.997006  -0.026622  -0.018463  0.025344  0.999508  0.007620  -0.007109  -0.022607  -0.243899  -0.133895  0.459639  2.000000  0.999919  0.004665  0.011880  -0.004608  0.999978  -0.004856  -0.011902  0.004800  0.999918  0.999956  0.008737  0.003526  -0.008718  0.999948  -0.005373  -0.003573  0.005342  0.999979  1.000000  0.000016  0.000117  -0.000016  1.000000  -0.000067  -0.000117  0.000067  1.000000  0.999919  0.004665  0.011880  -0.004608  0.999978  -0.004856  -0.011902  0.004800  0.999918  0.000134  0.010839  
164.572304 0.011513  0.090286  -0.019208  0.997168  0.073274  0.016936  -0.072801  0.996980  -0.027017  -0.018864  0.025708  0.999491  0.007404  -0.007296  -0.023052  -0.247806  -0.152044  0.446239  2.000000  0.999911  0.004735  0.012462  -0.004670  0.999976  -0.005195  -0.012486  0.005136  0.999909  0.999956  0.008540  0.003796  -0.008519  0.999949  -0.005494  -0.003843  0.005462  0.999978  1.000000  0.000012  0.000116  -0.000012  1.000000  -0.000068  -0.000116  0.000068  1.000000  0.999911  0.004735  0.012462  -0.004670  0.999976  -0.005195  -0.012486  0.005136  0.999909  0.000134  0.010833  
164.573549 0.011519  0.090273  -0.019244  0.997130  0.073699  0.017307  -0.073211  0.996943  -0.027295  -0.019266  0.025950  0.999478  0.007188  -0.007540  -0.023682  -0.247820  -0.165604  0.439731  2.000000  0.999904  0.004783  0.013041  -0.004712  0.999974  -0.005541  -0.013068  0.005479  0.999900  0.999957  0.008342  0.004066  -0.008319  0.999950  -0.005615  -0.004112  0.005581  0.999976  1.000000  0.000008  0.000116  -0.000008  1.000000  -0.000070  -0.000116  0.000070  1.000000  0.999904  0.004783  0.013041  -0.004712  0.999974  -0.005541  -0.013068  0.005479  0.999900  0.000134  0.010838  
164.574552 0.011523  0.090263  -0.019274  0.997095  0.074120  0.017545  -0.073621  0.996905  -0.027564  -0.019533  0.026192  0.999466  0.006895  -0.007742  -0.024322  -0.247858  -0.174475  0.439937  2.000000  0.999899  0.004801  0.013387  -0.004725  0.999972  -0.005753  -0.013414  0.005689  0.999894  0.999958  0.008141  0.004203  -0.008117  0.999951  -0.005735  -0.004249  0.005700  0.999975  1.000000  0.000005  0.000114  -0.000005  1.000000  -0.000071  -0.000114  0.000071  1.000000  0.999899  0.004801  0.013387  -0.004725  0.999972  -0.005753  -0.013414  0.005689  0.999894  0.000132  0.010800  
164.575800 0.011528  0.090251  -0.019310  0.997057  0.074548  0.017906  -0.074031  0.996864  -0.027964  -0.019935  0.026556  0.999449  0.006549  -0.007964  -0.025002  -0.253979  -0.186302  0.436642  2.000000  0.999891  0.004819  0.013965  -0.004734  0.999970  -0.006111  -0.013994  0.006045  0.999884  0.999958  0.007943  0.004474  -0.007917  0.999952  -0.005734  -0.004519  0.005698  0.999974  1.000000  0.000001  0.000114  -0.000001  1.000000  -0.000071  -0.000114  0.000071  1.000000  0.999891  0.004819  0.013965  -0.004734  0.999970  -0.006111  -0.013994  0.006045  0.999884  0.000133  0.010760  
164.577050 0.011533  0.090239  -0.019346  0.997036  0.074764  0.018149  -0.074236  0.996841  -0.028229  -0.020202  0.026798  0.999437  0.006217  -0.008157  -0.025545  -0.251799  -0.192736  0.419773  2.000000  0.999883  0.004813  0.014533  -0.004719  0.999968  -0.006477  -0.014564  0.006408  0.999873  0.999959  0.007746  0.004744  -0.007718  0.999953  -0.005854  -0.004789  0.005817  0.999972  1.000000  -0.000003  0.000113  0.000003  1.000000  -0.000073  -0.000113  0.000073  1.000000  0.999883  0.004813  0.014533  -0.004719  0.999968  -0.006477  -0.014564  0.006408  0.999873  0.000132  0.010797  
164.578052 0.011537  0.090230  -0.019374  0.997015  0.074983  0.018383  -0.074441  0.996815  -0.028615  -0.020470  0.027161  0.999421  0.005939  -0.008266  -0.025908  -0.257642  -0.195817  0.402719  2.000000  0.999876  0.004793  0.014977  -0.004692  0.999966  -0.006773  -0.015009  0.006701  0.999865  0.999961  0.007339  0.004887  -0.007310  0.999955  -0.005969  -0.004931  0.005933  0.999970  1.000000  -0.000007  0.000110  0.000007  1.000000  -0.000074  -0.000110  0.000074  1.000000  0.999876  0.004793  0.014977  -0.004692  0.999966  -0.006773  -0.015009  0.006701  0.999865  0.000130  0.010638  
164.579055 0.011540  0.090221  -0.019402  0.996976  0.075409  0.018753  -0.074851  0.996776  -0.028895  -0.020871  0.027404  0.999407  0.005679  -0.008354  -0.026153  -0.261658  -0.204814  0.396083  2.000000  0.999870  0.004763  0.015413  -0.004654  0.999964  -0.007071  -0.015446  0.006998  0.999856  0.999962  0.007138  0.005025  -0.007109  0.999958  -0.005846  -0.005066  0.005810  0.999970  1.000000  -0.000010  0.000109  0.000010  1.000000  -0.000073  -0.000109  0.000073  1.000000  0.999870  0.004763  0.015413  -0.004654  0.999964  -0.007071  -0.015446  0.006998  0.999856  0.000129  0.010496  
164.580300 0.011545  0.090211  -0.019436  0.996937  0.075838  0.019113  -0.075261  0.996733  -0.029295  -0.021272  0.027767  0.999388  0.005424  -0.008413  -0.026356  -0.265697  -0.213787  0.389516  2.000000  0.999862  0.004713  0.015955  -0.004594  0.999962  -0.007443  -0.015989  0.007369  0.999845  0.999963  0.006938  0.005162  -0.006907  0.999958  -0.005965  -0.005203  0.005930  0.999969  1.000000  -0.000013  0.000107  0.000013  1.000000  -0.000074  -0.000107  0.000074  1.000000  0.999862  0.004713  0.015955  -0.004594  0.999962  -0.007443  -0.015989  0.007369  0.999845  0.000128  0.010496  
164.581307 0.011548  0.090203  -0.019464  0.996913  0.076059  0.019489  -0.075465  0.996710  -0.029571  -0.021674  0.028009  0.999373  0.005102  -0.008494  -0.026666  -0.267680  -0.224731  0.379076  2.000000  0.999855  0.004663  0.016391  -0.004537  0.999960  -0.007741  -0.016426  0.007666  0.999836  0.999961  0.006948  0.005427  -0.006915  0.999958  -0.005968  -0.005468  0.005930  0.999967  1.000000  -0.000016  0.000109  0.000016  1.000000  -0.000074  -0.000109  0.000074  1.000000  0.999855  0.004663  0.016391  -0.004537  0.999960  -0.007741  -0.016426  0.007666  0.999836  0.000129  0.010636  
164.582554 0.011551  0.090194  -0.019498  0.996873  0.076487  0.019849  -0.075875  0.996667  -0.029973  -0.022075  0.028373  0.999354  0.004696  -0.008550  -0.027015  -0.269650  -0.231711  0.376284  2.000000  0.999848  0.004599  0.016824  -0.004464  0.999958  -0.008045  -0.016860  0.007969  0.999826  0.999960  0.006953  0.005558  -0.006919  0.999958  -0.006092  -0.005600  0.006054  0.999966  1.000000  -0.000017  0.000110  0.000017  1.000000  -0.000076  -0.000110  0.000076  1.000000  0.999848  0.004599  0.016824  -0.004464  0.999958  -0.008045  -0.016860  0.007969  0.999826  0.000130  0.010776  
164.583556 0.011553  0.090187  -0.019526  0.996851  0.076708  0.020081  -0.076080  0.996639  -0.030360  -0.022343  0.028736  0.999337  0.004286  -0.008635  -0.027437  -0.275821  -0.238391  0.365808  2.000000  0.999841  0.004523  0.017255  -0.004380  0.999956  -0.008349  -0.017292  0.008272  0.999816  0.999961  0.006753  0.005696  -0.006718  0.999959  -0.006090  -0.005737  0.006052  0.999965  1.000000  -0.000020  0.000109  0.000020  1.000000  -0.000076  -0.000109  0.000076  1.000000  0.999841  0.004523  0.017255  -0.004380  0.999956  -0.008349  -0.017292  0.008272  0.999816  0.000130  0.010719  
164.584810 0.011555  0.090177  -0.019562  0.996811  0.077137  0.020441  -0.076489  0.996596  -0.030761  -0.022744  0.029100  0.999318  0.003742  -0.008718  -0.027958  -0.283701  -0.247546  0.352120  2.000000  0.999832  0.004418  0.017787  -0.004263  0.999953  -0.008731  -0.017824  0.008653  0.999804  0.999962  0.006352  0.005972  -0.006315  0.999962  -0.006084  -0.006010  0.006046  0.999964  1.000000  -0.000025  0.000106  0.000025  1.000000  -0.000076  -0.000106  0.000076  1.000000  0.999832  0.004418  0.017787  -0.004263  0.999953  -0.008731  -0.017824  0.008653  0.999804  0.000130  0.010620  
164.586055 0.011556  0.090167  -0.019601  0.996786  0.077364  0.020797  -0.076694  0.996564  -0.031280  -0.023145  0.029584  0.999294  0.003255  -0.008727  -0.028476  -0.291729  -0.256801  0.338665  2.000000  0.999823  0.004304  0.018314  -0.004137  0.999950  -0.009108  -0.018353  0.009030  0.999791  0.999963  0.006350  0.005836  -0.006315  0.999962  -0.005964  -0.005874  0.005927  0.999965  1.000000  -0.000024  0.000105  0.000024  1.000000  -0.000074  -0.000105  0.000074  1.000000  0.999823  0.004304  0.018314  -0.004137  0.999950  -0.009108  -0.018353  0.009030  0.999791  0.000129  0.010475  
164.587306 0.011556  0.090157  -0.019640  0.996748  0.077790  0.021022  -0.077104  0.996520  -0.031672  -0.023413  0.029948  0.999277  0.002873  -0.008611  -0.028802  -0.295756  -0.261386  0.331962  2.000000  0.999814  0.004177  0.018830  -0.003999  0.999947  -0.009480  -0.018868  0.009402  0.999778  0.999964  0.005945  0.005980  -0.005910  0.999966  -0.005836  -0.006014  0.005800  0.999965  1.000000  -0.000028  0.000102  0.000028  1.000000  -0.000073  -0.000102  0.000073  1.000000  0.999814  0.004177  0.018830  -0.003999  0.999947  -0.009480  -0.018868  0.009402  0.999778  0.000128  0.010244  
164.588554 0.011556  0.090146  -0.019680  0.996723  0.078015  0.021387  -0.077308  0.996491  -0.032070  -0.023814  0.030311  0.999257  0.002404  -0.008433  -0.029071  -0.295736  -0.265948  0.325265  2.000000  0.999805  0.004047  0.019341  -0.003857  0.999944  -0.009850  -0.019380  0.009773  0.999764  0.999964  0.005947  0.005977  -0.005912  0.999965  -0.005959  -0.006012  0.005923  0.999964  1.000000  -0.000028  0.000102  0.000028  1.000000  -0.000074  -0.000102  0.000074  1.000000  0.999805  0.004047  0.019341  -0.003857  0.999944  -0.009850  -0.019380  0.009773  0.999764  0.000129  0.010315  
164.589801 0.011555  0.090135  -0.019720  0.996684  0.078441  0.021612  -0.077718  0.996447  -0.032462  -0.024081  0.030674  0.999239  0.002057  -0.008409  -0.029267  -0.295691  -0.266020  0.318453  2.000000  0.999795  0.003915  0.019848  -0.003713  0.999941  -0.010219  -0.019886  0.010143  0.999751  0.999964  0.005949  0.005975  -0.005914  0.999965  -0.005840  -0.006010  0.005804  0.999965  1.000000  -0.000028  0.000102  0.000028  1.000000  -0.000073  -0.000102  0.000073  1.000000  0.999795  0.003915  0.019848  -0.003713  0.999941  -0.010219  -0.019886  0.010143  0.999751  0.000129  0.010246  
164.591053 0.011554  0.090124  -0.019759  0.996659  0.078664  0.021986  -0.077923  0.996422  -0.032739  -0.024483  0.030917  0.999222  0.001667  -0.008329  -0.029409  -0.295504  -0.270798  0.304793  2.000000  0.999788  0.003809  0.020254  -0.003596  0.999938  -0.010516  -0.020293  0.010441  0.999740  0.999964  0.005951  0.005973  -0.005915  0.999965  -0.005963  -0.006008  0.005927  0.999964  1.000000  -0.000028  0.000102  0.000028  1.000000  -0.000074  -0.000102  0.000074  1.000000  0.999788  0.003809  0.020254  -0.003596  0.999938  -0.010516  -0.020293  0.010441  0.999740  0.000126  0.010317  
164.592301 0.011554  0.090113  -0.019799  0.996617  0.079094  0.022344  -0.078332  0.996376  -0.033142  -0.024884  0.031280  0.999201  0.001291  -0.008235  -0.029724  -0.295658  -0.275233  0.305067  2.000000  0.999778  0.003671  0.020756  -0.003445  0.999935  -0.010886  -0.020795  0.010812  0.999725  0.999964  0.005952  0.005972  -0.005917  0.999965  -0.005844  -0.006006  0.005808  0.999965  1.000000  -0.000028  0.000102  0.000028  1.000000  -0.000073  -0.000102  0.000073  1.000000  0.999778  0.003671  0.020756  -0.003445  0.999935  -0.010886  -0.020795  0.010812  0.999725  0.000127  0.010249  
164.593587 0.011554  0.090102  -0.019840  0.996578  0.079518  0.022577  -0.078742  0.996335  -0.033414  -0.025151  0.031522  0.999187  0.000938  -0.008219  -0.030089  -0.287031  -0.279431  0.297971  2.000000  0.999768  0.003534  0.021254  -0.003296  0.999931  -0.011253  -0.021293  0.011180  0.999711  0.999966  0.005749  0.005976  -0.005714  0.999967  -0.005841  -0.006009  0.005806  0.999965  1.000000  -0.000029  0.000100  0.000029  1.000000  -0.000073  -0.000099  0.000073  1.000000  0.999768  0.003534  0.021254  -0.003296  0.999931  -0.011253  -0.021293  0.011180  0.999711  0.000126  0.010133  
164.594796 0.011553  0.090090  -0.019884  0.996551  0.079742  0.022951  -0.078946  0.996309  -0.033692  -0.025553  0.031764  0.999169  0.000666  -0.008320  -0.030709  -0.281659  -0.282429  0.296705  2.000000  0.999760  0.003429  0.021652  -0.003179  0.999928  -0.011546  -0.021690  0.011474  0.999699  0.999966  0.005746  0.005841  -0.005712  0.999967  -0.005842  -0.005874  0.005809  0.999966  1.000000  -0.000028  0.000099  0.000028  1.000000  -0.000073  -0.000099  0.000073  1.000000  0.999760  0.003429  0.021652  -0.003179  0.999928  -0.011546  -0.021690  0.011474  0.999699  0.000125  0.010053  
164.595800 0.011552  0.090080  -0.019919  0.996528  0.079961  0.023191  -0.079151  0.996284  -0.033960  -0.025820  0.032006  0.999154  0.000386  -0.008422  -0.031257  -0.280996  -0.286432  0.289434  2.000000  0.999751  0.003320  0.022045  -0.003060  0.999925  -0.011834  -0.022082  0.011763  0.999687  0.999968  0.005541  0.005847  -0.005507  0.999968  -0.005717  -0.005878  0.005685  0.999967  1.000000  -0.000029  0.000096  0.000029  1.000000  -0.000071  -0.000096  0.000071  1.000000  0.999751  0.003320  0.022045  -0.003060  0.999925  -0.011834  -0.022082  0.011763  0.999687  0.000122  0.009869  
164.596801 0.011551  0.090071  -0.019955  0.996489  0.080382  0.023434  -0.079561  0.996246  -0.034111  -0.026088  0.032127  0.999143  0.000126  -0.008561  -0.031857  -0.272960  -0.286337  0.289476  2.000000  0.999743  0.003212  0.022432  -0.002941  0.999922  -0.012120  -0.022469  0.012051  0.999675  0.999968  0.005542  0.005845  -0.005509  0.999968  -0.005719  -0.005877  0.005686  0.999967  1.000000  -0.000029  0.000096  0.000029  1.000000  -0.000071  -0.000096  0.000071  1.000000  0.999743  0.003212  0.022432  -0.002941  0.999922  -0.012120  -0.022469  0.012051  0.999675  0.000123  0.009869  
164.597808 0.011550  0.090061  -0.019992  0.996465  0.080602  0.023674  -0.079765  0.996221  -0.034379  -0.026355  0.032369  0.999128  -0.000115  -0.008740  -0.032511  -0.271072  -0.288822  0.285049  2.000000  0.999735  0.003105  0.022819  -0.002822  0.999919  -0.012403  -0.022855  0.012336  0.999663  0.999968  0.005544  0.005844  -0.005510  0.999968  -0.005720  -0.005876  0.005688  0.999967  1.000000  -0.000029  0.000096  0.000029  1.000000  -0.000071  -0.000096  0.000071  1.000000  0.999735  0.003105  0.022819  -0.002822  0.999919  -0.012403  -0.022855  0.012336  0.999663  0.000122  0.009870  
164.599060 0.011549  0.090049  -0.020037  0.996442  0.080824  0.023904  -0.079970  0.996191  -0.034768  -0.026623  0.032733  0.999110  -0.000370  -0.008959  -0.033167  -0.270979  -0.284389  0.278075  2.000000  0.999726  0.002998  0.023208  -0.002704  0.999916  -0.012687  -0.023244  0.012620  0.999650  0.999966  0.005751  0.005836  -0.005718  0.999968  -0.005606  -0.005868  0.005572  0.999967  1.000000  -0.000028  0.000099  0.000028  1.000000  -0.000070  -0.000099  0.000070  1.000000  0.999726  0.002998  0.023208  -0.002704  0.999916  -0.012687  -0.023244  0.012620  0.999650  0.000120  0.009918  
164.600305 0.011548  0.090037  -0.020081  0.996402  0.081249  0.024136  -0.080380  0.996148  -0.035041  -0.026890  0.032975  0.999094  -0.000518  -0.009090  -0.033621  -0.267076  -0.279896  0.278114  2.000000  0.999715  0.002865  0.023690  -0.002557  0.999912  -0.013042  -0.023726  0.012977  0.999634  0.999968  0.005547  0.005841  -0.005514  0.999968  -0.005724  -0.005872  0.005691  0.999967  1.000000  -0.000029  0.000096  0.000029  1.000000  -0.000071  -0.000096  0.000071  1.000000  0.999715  0.002865  0.023690  -0.002557  0.999912  -0.013042  -0.023726  0.012977  0.999634  0.000120  0.009872  
164.601307 0.011547  0.090028  -0.020116  0.996378  0.081469  0.024376  -0.080584  0.996122  -0.035309  -0.027158  0.033217  0.999079  -0.000588  -0.009149  -0.033846  -0.268934  -0.281959  0.275963  2.000000  0.999706  0.002762  0.024069  -0.002442  0.999908  -0.013322  -0.024103  0.013259  0.999622  0.999970  0.005334  0.005579  -0.005303  0.999970  -0.005597  -0.005608  0.005568  0.999969  1.000000  -0.000027  0.000093  0.000027  1.000000  -0.000070  -0.000093  0.000070  1.000000  0.999706  0.002762  0.024069  -0.002442  0.999908  -0.013322  -0.024103  0.013259  0.999622  0.000119  0.009526  
164.602314 0.011547  0.090019  -0.020150  0.996354  0.081692  0.024605  -0.080789  0.996092  -0.035698  -0.027425  0.033580  0.999060  -0.000659  -0.009151  -0.033994  -0.271035  -0.279843  0.271244  2.000000  0.999698  0.002661  0.024440  -0.002329  0.999905  -0.013602  -0.024474  0.013541  0.999609  0.999971  0.005331  0.005444  -0.005300  0.999970  -0.005599  -0.005473  0.005570  0.999970  1.000000  -0.000026  0.000092  0.000026  1.000000  -0.000070  -0.000092  0.000070  1.000000  0.999698  0.002661  0.024440  -0.002329  0.999905  -0.013602  -0.024474  0.013541  0.999609  0.000117  0.009447  
