1-Time 2-Px 3-Py 4-Pz 5-R11 6-R21 7-R31 8-R12 9-R22 10-R32 11-R13 12-R23 13-R33 14-Vx 15-Vy 16-Vz 17-Wx 18-Wy 19-Wz 20-state 21-PR11 22-PR21 23-PR31 24-PR12 25-PR22 26-PR32 27-PR13 28-PR23 29-PR33 
122.743998 0.005718  0.088605  -0.004320  0.998615  0.052161  -0.006902  -0.052060  0.998545  0.014085  0.007626  -0.013706  0.999877  -0.000214  0.000081  0.000373  0.000000  0.000000  0.000000  2.000000  1.000000  0.000000  0.000000  -0.000000  1.000000  0.000000  0.000000  -0.000000  1.000000  1.000000  -0.000618  -0.000008  0.000618  1.000000  -0.000005  0.000008  0.000005  1.000000  1.000000  0.000000  0.000000  0.000000  1.000000  0.000000  0.000000  0.000000  1.000000  0.680552  0.530548  -0.505339  -0.465715  0.845672  0.260669  0.565648  0.057945  0.822608  0.000000  0.000000  
122.745245 0.005717  0.088604  -0.004320  0.998615  0.052160  -0.006908  -0.052060  0.998546  0.013963  0.007626  -0.013584  0.999879  -0.000211  0.000019  0.000295  0.000000  0.000000  0.000000  2.000000  1.000000  0.000000  0.000000  0.000000  1.000000  0.000000  0.000000  0.000000  1.000000  1.000000  -0.000618  -0.000008  0.000618  1.000000  -0.000126  0.000008  0.000126  1.000000  1.000000  0.000000  0.000000  0.000000  1.000000  0.000000  0.000000  0.000000  1.000000  1.000000  0.000000  0.000000  0.000000  1.000000  0.000000  0.000000  0.000000  1.000000  0.000000  0.000000  
122.746495 0.005717  0.088601  -0.004323  0.998604  0.052367  -0.006899  -0.052266  0.998534  0.014086  0.007626  -0.013706  0.999877  -0.000236  -0.000214  0.000082  0.000000  0.000000  0.000000  2.000000  1.000000  0.000000  0.000000  0.000000  1.000000  0.000000  0.000000  0.000000  1.000000  1.000000  -0.000412  -0.000006  0.000412  1.000000  -0.000003  0.000006  0.000003  1.000000  1.000000  0.000000  0.000000  0.000000  1.000000  0.000000  0.000000  0.000000  1.000000  1.000000  0.000000  0.000000  0.000000  1.000000  0.000000  0.000000  0.000000  1.000000  0.000000  0.000000  
122.747496 0.005717  0.088598  -0.004325  0.998593  0.052572  -0.006896  -0.052471  0.998523  0.014087  0.007626  -0.013706  0.999877  -0.000222  -0.000446  -0.000097  0.000000  0.000000  0.000000  2.000000  1.000000  0.000000  0.000000  0.000000  1.000000  0.000000  0.000000  0.000000  1.000000  1.000000  0.000000  -0.000000  0.000000  1.000000  0.000000  0.000000  -0.000000  1.000000  1.000000  0.000000  0.000000  0.000000  1.000000  0.000000  0.000000  0.000000  1.000000  1.000000  0.000000  0.000000  0.000000  1.000000  0.000000  0.000000  0.000000  1.000000  0.000000  0.000000  
122.748738 0.005717  0.088593  -0.004328  0.998582  0.052778  -0.006893  -0.052677  0.998512  0.014089  0.007626  -0.013706  0.999877  -0.000189  -0.000792  -0.000334  0.000000  0.000000  0.000000  2.000000  1.000000  0.000000  0.000000  0.000000  1.000000  0.000000  0.000000  0.000000  1.000000  1.000000  0.000206  0.000003  -0.000206  1.000000  0.000002  -0.000003  -0.000002  1.000000  1.000000  0.000000  0.000000  0.000000  1.000000  0.000000  0.000000  0.000000  1.000000  1.000000  0.000000  0.000000  0.000000  1.000000  0.000000  0.000000  0.000000  1.000000  0.000000  0.000000  
122.749993 0.005718  0.088588  -0.004331  0.998572  0.052984  -0.006884  -0.052883  0.998500  0.014211  0.007626  -0.013827  0.999875  -0.000124  -0.001110  -0.000549  0.000000  0.000000  0.000000  2.000000  1.000000  0.000000  0.000000  0.000000  1.000000  0.000000  0.000000  0.000000  1.000000  1.000000  0.000412  0.000006  -0.000412  1.000000  0.000124  -0.000006  -0.000124  1.000000  1.000000  0.000000  0.000000  0.000000  1.000000  0.000000  0.000000  0.000000  1.000000  1.000000  0.000000  0.000000  0.000000  1.000000  0.000000  0.000000  0.000000  1.000000  0.000000  0.000000  
122.751239 0.005719  0.088585  -0.004333  0.998560  0.053192  -0.007014  -0.053088  0.998489  0.014220  0.007760  -0.013827  0.999874  -0.000003  -0.001350  -0.000735  0.000000  0.000000  0.000000  2.000000  1.000000  0.000000  0.000000  0.000000  1.000000  0.000000  0.000000  0.000000  1.000000  1.000000  0.000619  -0.000125  -0.000619  1.000000  0.000126  0.000125  -0.000126  1.000000  1.000000  0.000000  0.000000  0.000000  1.000000  0.000000  0.000000  0.000000  1.000000  1.000000  0.000000  0.000000  0.000000  1.000000  0.000000  0.000000  0.000000  1.000000  0.000000  0.000000  
122.752239 0.005721  0.088581  -0.004335  0.998537  0.053605  -0.007142  -0.053499  0.998466  0.014230  0.007894  -0.013827  0.999873  0.000102  -0.001559  -0.000871  0.000000  0.000000  0.000000  2.000000  1.000000  0.000000  0.000000  0.000000  1.000000  0.000000  0.000000  0.000000  1.000000  0.999999  0.001033  -0.000253  -0.001033  0.999999  0.000129  0.000253  -0.000129  1.000000  1.000000  0.000000  0.000000  0.000000  1.000000  0.000000  0.000000  0.000000  1.000000  1.000000  0.000000  0.000000  0.000000  1.000000  0.000000  0.000000  0.000000  1.000000  0.000000  0.000000  
122.753512 0.005723  0.088577  -0.004337  0.998515  0.054016  -0.007136  -0.053910  0.998444  0.014233  0.007894  -0.013827  0.999873  0.000246  -0.001852  -0.001092  0.000000  0.000000  0.000000  2.000000  1.000000  0.000000  0.000000  0.000000  1.000000  0.000000  0.000000  0.000000  1.000000  0.999999  0.001445  -0.000248  -0.001445  0.999999  0.000133  0.000248  -0.000132  1.000000  1.000000  0.000000  0.000000  0.000000  1.000000  0.000000  0.000000  0.000000  1.000000  1.000000  0.000000  0.000000  0.000000  1.000000  0.000000  0.000000  0.000000  1.000000  0.000000  0.000000  
122.754741 0.005724  0.088572  -0.004341  0.998481  0.054633  -0.007121  -0.054527  0.998409  0.014358  0.007894  -0.013948  0.999872  0.000347  -0.002208  -0.001368  0.000000  0.000000  0.000000  2.000000  1.000000  0.000000  0.000000  0.000000  1.000000  0.000000  0.000000  0.000000  1.000000  0.999998  0.002062  -0.000239  -0.002062  0.999998  0.000259  0.000239  -0.000258  1.000000  1.000000  0.000000  0.000000  0.000000  1.000000  0.000000  0.000000  0.000000  1.000000  1.000000  0.000000  0.000000  0.000000  1.000000  0.000000  0.000000  0.000000  1.000000  0.000000  0.000000  
122.755749 0.005726  0.088569  -0.004344  0.998459  0.055045  -0.007115  -0.054938  0.998386  0.014361  0.007894  -0.013948  0.999872  0.000474  -0.002425  -0.001598  0.000000  0.000000  0.000000  2.000000  1.000000  0.000000  0.000000  0.000000  1.000000  0.000000  0.000000  0.000000  1.000000  0.999996  0.002680  -0.000230  -0.002680  0.999996  0.000264  0.000231  -0.000263  1.000000  1.000000  0.000000  0.000000  0.000000  1.000000  0.000000  0.000000  0.000000  1.000000  1.000000  0.000000  0.000000  0.000000  1.000000  0.000000  0.000000  0.000000  1.000000  0.000000  0.000000  
122.756994 0.005727  0.088565  -0.004348  0.998423  0.055663  -0.007240  -0.055555  0.998352  0.014373  0.008028  -0.013948  0.999870  0.000615  -0.002744  -0.001906  0.000000  0.000000  0.000000  2.000000  1.000000  0.000000  0.000000  0.000000  1.000000  0.000000  0.000000  0.000000  1.000000  0.999995  0.003091  -0.000224  -0.003091  0.999995  0.000267  0.000225  -0.000266  1.000000  1.000000  0.000000  0.000000  0.000000  1.000000  0.000000  0.000000  0.000000  1.000000  1.000000  0.000000  0.000000  0.000000  1.000000  0.000000  0.000000  0.000000  1.000000  0.000000  0.000000  
122.758245 0.005729  0.088560  -0.004352  0.998389  0.056279  -0.007238  -0.056171  0.998319  0.014256  0.008028  -0.013827  0.999872  0.000791  -0.003039  -0.002166  0.000000  0.000000  0.000000  2.000000  1.000000  0.000000  0.000000  0.000000  1.000000  0.000000  0.000000  0.000000  1.000000  0.999993  0.003711  -0.000350  -0.003711  0.999993  0.000151  0.000351  -0.000150  1.000000  1.000000  0.000000  0.000000  0.000000  1.000000  0.000000  0.000000  0.000000  1.000000  1.000000  0.000000  0.000000  0.000000  1.000000  0.000000  0.000000  0.000000  1.000000  0.000000  0.000000  
122.759521 0.005731  0.088554  -0.004357  0.998354  0.056895  -0.007229  -0.056788  0.998284  0.014261  0.008028  -0.013827  0.999872  0.000895  -0.003448  -0.002515  0.000000  0.000000  0.000000  2.000000  1.000000  0.000000  0.000000  0.000000  1.000000  0.000000  0.000000  0.000000  1.000000  0.999990  0.004534  -0.000339  -0.004534  0.999990  0.000158  0.000339  -0.000156  1.000000  1.000000  0.000000  0.000000  0.000000  1.000000  0.000000  0.000000  0.000000  1.000000  1.000000  0.000000  0.000000  0.000000  1.000000  0.000000  0.000000  0.000000  1.000000  0.000000  0.000000  
122.760740 0.005732  0.088547  -0.004362  0.998306  0.057719  -0.007351  -0.057610  0.998237  0.014275  0.008162  -0.013827  0.999871  0.000981  -0.003746  -0.002748  0.005441  0.015601  0.173164  2.000000  1.000000  0.000076  0.000108  -0.000076  1.000000  0.000004  -0.000108  -0.000004  1.000000  0.999986  0.005359  -0.000461  -0.005359  0.999986  0.000165  0.000462  -0.000162  1.000000  1.000000  0.000038  0.000055  -0.000038  1.000000  0.000002  -0.000055  -0.000002  1.000000  1.000000  0.000076  0.000108  -0.000076  1.000000  0.000004  -0.000108  -0.000004  1.000000  0.000000  0.005382  
122.761994 0.005734  0.088540  -0.004367  0.998270  0.058336  -0.007342  -0.058227  0.998201  0.014279  0.008162  -0.013827  0.999871  0.001146  -0.003959  -0.002879  0.005604  0.015313  0.193888  2.000000  1.000000  0.000282  0.000408  -0.000282  1.000000  0.000014  -0.000408  -0.000015  1.000000  0.999981  0.006183  -0.000450  -0.006183  0.999981  0.000171  0.000451  -0.000169  1.000000  1.000000  0.000044  0.000064  -0.000044  1.000000  0.000002  -0.000064  -0.000002  1.000000  1.000000  0.000282  0.000408  -0.000282  1.000000  0.000014  -0.000408  -0.000015  1.000000  0.000049  0.006201  
122.762997 0.005735  0.088533  -0.004370  0.998233  0.058955  -0.007459  -0.058843  0.998163  0.014413  0.008295  -0.013948  0.999868  0.001256  -0.004158  -0.002939  0.009856  0.019507  0.214671  2.000000  1.000000  0.000462  0.000676  -0.000462  1.000000  0.000028  -0.000676  -0.000028  1.000000  0.999978  0.006594  -0.000443  -0.006594  0.999978  0.000296  0.000445  -0.000293  1.000000  1.000000  0.000046  0.000069  -0.000046  1.000000  0.000004  -0.000069  -0.000004  1.000000  1.000000  0.000462  0.000676  -0.000462  1.000000  0.000028  -0.000676  -0.000028  1.000000  0.000052  0.006616  
122.764238 0.005736  0.088525  -0.004374  0.998184  0.059777  -0.007448  -0.059665  0.998114  0.014419  0.008295  -0.013948  0.999868  0.001281  -0.004421  -0.003025  0.010135  0.019036  0.249338  2.000000  0.999999  0.000715  0.001042  -0.000715  1.000000  0.000046  -0.001042  -0.000047  0.999999  0.999972  0.007420  -0.000565  -0.007420  0.999972  0.000304  0.000568  -0.000299  1.000000  1.000000  0.000053  0.000077  -0.000053  1.000000  0.000004  -0.000077  -0.000004  1.000000  0.999999  0.000715  0.001042  -0.000715  1.000000  0.000046  -0.001042  -0.000047  0.999999  0.000061  0.007447  
122.765244 0.005738  0.088517  -0.004378  0.998147  0.060394  -0.007431  -0.060282  0.998075  0.014544  0.008295  -0.014070  0.999867  0.001354  -0.004720  -0.003162  0.014373  0.018727  0.270023  2.000000  0.999999  0.000934  0.001365  -0.000934  1.000000  0.000070  -0.001365  -0.000071  0.999999  0.999968  0.008037  -0.000556  -0.008037  0.999968  0.000551  0.000560  -0.000547  1.000000  1.000000  0.000056  0.000084  -0.000056  1.000000  0.000007  -0.000084  -0.000007  1.000000  0.999999  0.000934  0.001365  -0.000934  1.000000  0.000070  -0.001365  -0.000071  0.999999  0.000066  0.008075  
122.766245 0.005741  0.088510  -0.004382  0.998110  0.061011  -0.007422  -0.060898  0.998038  0.014549  0.008295  -0.014070  0.999867  0.001452  -0.005058  -0.003313  0.014539  0.018440  0.290784  2.000000  0.999998  0.001167  0.001715  -0.001168  0.999999  0.000097  -0.001715  -0.000099  0.999999  0.999962  0.008655  -0.000547  -0.008654  0.999962  0.000556  0.000552  -0.000552  1.000000  1.000000  0.000060  0.000090  -0.000060  1.000000  0.000007  -0.000090  -0.000007  1.000000  0.999998  0.001167  0.001715  -0.001168  0.999999  0.000097  -0.001715  -0.000099  0.999999  0.000071  0.008690  
122.767494 0.005744  0.088500  -0.004388  0.998059  0.061833  -0.007403  -0.061720  0.997986  0.014676  0.008295  -0.014191  0.999865  0.001521  -0.005431  -0.003519  0.018837  0.018039  0.318487  2.000000  0.999997  0.001476  0.002182  -0.001477  0.999999  0.000130  -0.002182  -0.000133  0.999998  0.999959  0.009067  -0.000540  -0.009066  0.999959  0.000560  0.000545  -0.000555  1.000000  1.000000  0.000063  0.000095  -0.000063  1.000000  0.000007  -0.000095  -0.000007  1.000000  0.999997  0.001476  0.002182  -0.001477  0.999999  0.000130  -0.002182  -0.000133  0.999998  0.000078  0.009100  
122.768741 0.005746  0.088489  -0.004396  0.998008  0.062655  -0.007391  -0.062542  0.997934  0.014682  0.008295  -0.014191  0.999865  0.001581  -0.005873  -0.003861  0.019062  0.017658  0.346252  2.000000  0.999996  0.001673  0.002482  -0.001673  0.999999  0.000150  -0.002482  -0.000155  0.999997  0.999953  0.009684  -0.000531  -0.009684  0.999953  0.000565  0.000537  -0.000560  1.000000  1.000000  0.000066  0.000101  -0.000066  1.000000  0.000007  -0.000101  -0.000007  1.000000  0.999996  0.001673  0.002482  -0.001673  0.999999  0.000150  -0.002482  -0.000155  0.999997  0.000085  0.009715  
122.769993 0.005750  0.088478  -0.004403  0.997956  0.063478  -0.007371  -0.063364  0.997881  0.014809  0.008295  -0.014312  0.999863  0.001666  -0.006306  -0.004134  0.023410  0.017148  0.380768  2.000000  0.999993  0.002020  0.003019  -0.002021  0.999998  0.000189  -0.003018  -0.000196  0.999995  0.999945  0.010507  -0.000518  -0.010507  0.999945  0.000693  0.000525  -0.000687  1.000000  1.000000  0.000071  0.000110  -0.000071  1.000000  0.000009  -0.000110  -0.000009  1.000000  0.999993  0.002020  0.003019  -0.002021  0.999998  0.000189  -0.003018  -0.000196  0.999995  0.000094  0.010543  
122.771240 0.005753  0.088467  -0.004412  0.997904  0.064300  -0.007359  -0.064185  0.997828  0.014815  0.008295  -0.014312  0.999863  0.001817  -0.006689  -0.004381  0.023633  0.016763  0.408485  2.000000  0.999991  0.002317  0.003481  -0.002318  0.999997  0.000219  -0.003480  -0.000227  0.999994  0.999938  0.011125  -0.000509  -0.011125  0.999938  0.000577  0.000516  -0.000571  1.000000  1.000000  0.000075  0.000117  -0.000075  1.000000  0.000007  -0.000117  -0.000007  1.000000  0.999991  0.002317  0.003481  -0.002318  0.999997  0.000219  -0.003480  -0.000227  0.999994  0.000101  0.011152  
122.772510 0.005757  0.088456  -0.004420  0.997851  0.065120  -0.007205  -0.065007  0.997773  0.014934  0.008162  -0.014433  0.999863  0.001917  -0.007229  -0.004720  0.027883  0.011845  0.435823  2.000000  0.999988  0.002699  0.004093  -0.002700  0.999996  0.000258  -0.004092  -0.000269  0.999992  0.999931  0.011741  -0.000365  -0.011740  0.999931  0.000703  0.000373  -0.000698  1.000000  1.000000  0.000077  0.000125  -0.000077  1.000000  0.000009  -0.000125  -0.000009  1.000000  0.999988  0.002699  0.004093  -0.002700  0.999996  0.000258  -0.004092  -0.000269  0.999992  0.000107  0.011767  
122.773742 0.005760  0.088445  -0.004426  0.997798  0.065942  -0.007193  -0.065829  0.997719  0.014940  0.008162  -0.014433  0.999863  0.002049  -0.007541  -0.004824  0.028128  0.011467  0.463919  2.000000  0.999985  0.003003  0.004607  -0.003004  0.999995  0.000291  -0.004606  -0.000305  0.999989  0.999926  0.012148  -0.000092  -0.012148  0.999926  0.000705  0.000100  -0.000703  1.000000  1.000000  0.000077  0.000131  -0.000077  1.000000  0.000009  -0.000131  -0.000009  1.000000  0.999985  0.003003  0.004607  -0.003004  0.999995  0.000291  -0.004606  -0.000305  0.999989  0.000114  0.012169  
122.774993 0.005764  0.088433  -0.004434  0.997743  0.066763  -0.007181  -0.066651  0.997664  0.014946  0.008162  -0.014433  0.999863  0.002168  -0.007913  -0.004971  0.032420  0.011105  0.491538  2.000000  0.999980  0.003393  0.005270  -0.003394  0.999994  0.000333  -0.005269  -0.000351  0.999986  0.999924  0.012354  -0.000089  -0.012354  0.999923  0.000706  0.000097  -0.000705  1.000000  1.000000  0.000078  0.000133  -0.000078  1.000000  0.000009  -0.000133  -0.000009  1.000000  0.999980  0.003393  0.005270  -0.003394  0.999994  0.000333  -0.005269  -0.000351  0.999986  0.000120  0.012375  
122.776007 0.005767  0.088425  -0.004438  0.997702  0.067380  -0.007171  -0.067267  0.997623  0.014950  0.008162  -0.014433  0.999863  0.002309  -0.008080  -0.005007  0.028436  0.010875  0.505090  2.000000  0.999976  0.003710  0.005812  -0.003712  0.999993  0.000361  -0.005811  -0.000382  0.999983  0.999921  0.012560  -0.000086  -0.012560  0.999921  0.000587  0.000093  -0.000585  1.000000  1.000000  0.000079  0.000135  -0.000079  1.000000  0.000007  -0.000135  -0.000007  1.000000  0.999976  0.003710  0.005812  -0.003712  0.999993  0.000361  -0.005811  -0.000382  0.999983  0.000125  0.012574  
122.777281 0.005771  0.088413  -0.004445  0.997647  0.068199  -0.007026  -0.068088  0.997567  0.014947  0.008028  -0.014433  0.999864  0.002474  -0.008333  -0.005142  0.028546  0.006084  0.525430  2.000000  0.999972  0.004030  0.006368  -0.004032  0.999992  0.000388  -0.006366  -0.000414  0.999980  0.999916  0.012970  0.000054  -0.012970  0.999916  0.000588  -0.000046  -0.000589  1.000000  1.000000  0.000081  0.000141  -0.000081  1.000000  0.000007  -0.000141  -0.000007  1.000000  0.999972  0.004030  0.006368  -0.004032  0.999992  0.000388  -0.006366  -0.000414  0.999980  0.000130  0.012983  
122.778491 0.005775  0.088401  -0.004451  0.997591  0.069021  -0.007013  -0.068910  0.997511  0.014953  0.008028  -0.014433  0.999864  0.002617  -0.008567  -0.005278  0.028503  0.005751  0.542267  2.000000  0.999966  0.004357  0.006940  -0.004360  0.999990  0.000415  -0.006938  -0.000445  0.999976  0.999910  0.013381  0.000060  -0.013381  0.999910  0.000591  -0.000052  -0.000592  1.000000  1.000000  0.000083  0.000145  -0.000083  1.000000  0.000007  -0.000145  -0.000007  1.000000  0.999966  0.004357  0.006940  -0.004360  0.999990  0.000415  -0.006938  -0.000445  0.999976  0.000135  0.013395  
122.779494 0.005778  0.088391  -0.004457  0.997548  0.069637  -0.007004  -0.069526  0.997468  0.014957  0.008028  -0.014433  0.999864  0.002728  -0.008780  -0.005473  0.024768  0.005569  0.560535  2.000000  0.999961  0.004681  0.007522  -0.004685  0.999989  0.000443  -0.007519  -0.000479  0.999972  0.999910  0.013379  0.000194  -0.013380  0.999910  0.000713  -0.000184  -0.000715  1.000000  1.000000  0.000082  0.000146  -0.000082  1.000000  0.000009  -0.000146  -0.000009  1.000000  0.999961  0.004681  0.007522  -0.004685  0.999989  0.000443  -0.007519  -0.000479  0.999972  0.000139  0.013400  
122.780501 0.005780  0.088381  -0.004464  0.997505  0.070253  -0.006995  -0.070142  0.997425  0.014961  0.008028  -0.014433  0.999864  0.002744  -0.009010  -0.005661  0.024909  0.000878  0.574162  2.000000  0.999955  0.005011  0.008113  -0.005015  0.999987  0.000476  -0.008110  -0.000517  0.999967  0.999908  0.013585  0.000197  -0.013585  0.999907  0.000714  -0.000187  -0.000717  1.000000  1.000000  0.000083  0.000148  -0.000083  1.000000  0.000009  -0.000148  -0.000009  1.000000  0.999955  0.005011  0.008113  -0.005015  0.999987  0.000476  -0.008110  -0.000517  0.999967  0.000143  0.013606  
122.781540 0.005783  0.088370  -0.004470  0.997461  0.070869  -0.006986  -0.070758  0.997381  0.014966  0.008028  -0.014433  0.999864  0.002813  -0.009163  -0.005783  0.024986  0.000681  0.587254  2.000000  0.999948  0.005341  0.008704  -0.005346  0.999986  0.000509  -0.008701  -0.000556  0.999962  0.999910  0.013379  0.000194  -0.013380  0.999910  0.000713  -0.000184  -0.000715  1.000000  1.000000  0.000082  0.000146  -0.000082  1.000000  0.000009  -0.000146  -0.000009  1.000000  0.999948  0.005341  0.008704  -0.005346  0.999986  0.000509  -0.008701  -0.000556  0.999962  0.000147  0.013400  
122.782737 0.005787  0.088357  -0.004479  0.997403  0.071690  -0.006973  -0.071580  0.997323  0.014971  0.008028  -0.014433  0.999864  0.002876  -0.009430  -0.005953  0.024970  -0.003977  0.597038  2.000000  0.999941  0.005667  0.009302  -0.005673  0.999984  0.000542  -0.009299  -0.000594  0.999957  0.999905  0.013789  0.000334  -0.013789  0.999905  0.000716  -0.000324  -0.000720  1.000000  1.000000  0.000083  0.000151  -0.000083  1.000000  0.000009  -0.000151  -0.000009  1.000000  0.999941  0.005667  0.009302  -0.005673  0.999984  0.000542  -0.009299  -0.000594  0.999957  0.000149  0.013812  
122.783738 0.005791  0.088346  -0.004486  0.997358  0.072307  -0.006955  -0.072196  0.997276  0.015097  0.008028  -0.014555  0.999862  0.002955  -0.009537  -0.006027  0.029069  -0.004111  0.603934  2.000000  0.999933  0.005995  0.009903  -0.006001  0.999982  0.000574  -0.009900  -0.000633  0.999951  0.999905  0.013789  0.000334  -0.013789  0.999905  0.000716  -0.000324  -0.000720  1.000000  1.000000  0.000083  0.000151  -0.000083  1.000000  0.000009  -0.000151  -0.000009  1.000000  0.999933  0.005995  0.009903  -0.006001  0.999982  0.000574  -0.009900  -0.000633  0.999951  0.000151  0.013812  
122.784738 0.005795  0.088335  -0.004492  0.997313  0.072923  -0.006946  -0.072812  0.997231  0.015101  0.008028  -0.014555  0.999862  0.003073  -0.009676  -0.006042  0.025080  -0.004245  0.610776  2.000000  0.999927  0.006244  0.010360  -0.006250  0.999980  0.000598  -0.010356  -0.000663  0.999946  0.999902  0.013995  0.000338  -0.013995  0.999902  0.000717  -0.000328  -0.000722  1.000000  1.000000  0.000084  0.000154  -0.000084  1.000000  0.000009  -0.000154  -0.000009  1.000000  0.999927  0.006244  0.010360  -0.006250  0.999980  0.000598  -0.010356  -0.000663  0.999946  0.000153  0.014018  
122.785741 0.005799  0.088325  -0.004499  0.997268  0.073539  -0.006937  -0.073427  0.997186  0.015105  0.008028  -0.014555  0.999862  0.003140  -0.009818  -0.006058  0.025140  -0.004344  0.617774  2.000000  0.999918  0.006573  0.010977  -0.006580  0.999978  0.000630  -0.010973  -0.000702  0.999940  0.999902  0.013993  0.000472  -0.013993  0.999902  0.000717  -0.000462  -0.000724  1.000000  1.000000  0.000082  0.000154  -0.000082  1.000000  0.000009  -0.000154  -0.000009  1.000000  0.999918  0.006573  0.010977  -0.006580  0.999978  0.000630  -0.010973  -0.000702  0.999940  0.000153  0.014020  
122.787003 0.005804  0.088310  -0.004508  0.997207  0.074360  -0.006924  -0.074249  0.997125  0.015111  0.008028  -0.014555  0.999862  0.003231  -0.010019  -0.006064  0.025376  -0.008872  0.622481  2.000000  0.999907  0.006986  0.011752  -0.006994  0.999975  0.000665  -0.011747  -0.000748  0.999931  0.999902  0.013993  0.000472  -0.013993  0.999902  0.000596  -0.000464  -0.000603  1.000000  1.000000  0.000082  0.000154  -0.000082  1.000000  0.000007  -0.000154  -0.000007  1.000000  0.999907  0.006986  0.011752  -0.006994  0.999975  0.000665  -0.011747  -0.000748  0.999931  0.000156  0.014014  
122.788237 0.005808  0.088296  -0.004518  0.997146  0.075181  -0.006912  -0.075070  0.997064  0.015117  0.008028  -0.014555  0.999862  0.003302  -0.010247  -0.006266  0.029334  -0.008961  0.631414  2.000000  0.999897  0.007319  0.012376  -0.007328  0.999973  0.000691  -0.012371  -0.000782  0.999923  0.999899  0.014199  0.000475  -0.014199  0.999899  0.000598  -0.000467  -0.000604  1.000000  1.000000  0.000084  0.000157  -0.000084  1.000000  0.000008  -0.000157  -0.000008  1.000000  0.999897  0.007319  0.012376  -0.007328  0.999973  0.000691  -0.012371  -0.000782  0.999923  0.000158  0.014220  
122.789238 0.005812  0.088283  -0.004527  0.997115  0.075591  -0.006905  -0.075480  0.997033  0.015120  0.008028  -0.014555  0.999862  0.003366  -0.010433  -0.006502  0.029275  -0.008863  0.624457  2.000000  0.999886  0.007650  0.012999  -0.007660  0.999970  0.000712  -0.012993  -0.000811  0.999915  0.999899  0.014199  0.000475  -0.014199  0.999899  0.000476  -0.000468  -0.000483  1.000000  1.000000  0.000084  0.000157  -0.000084  1.000000  0.000006  -0.000157  -0.000006  1.000000  0.999886  0.007650  0.012999  -0.007660  0.999970  0.000712  -0.012993  -0.000811  0.999915  0.000158  0.014215  
122.790240 0.005816  0.088272  -0.004536  0.997069  0.076205  -0.006763  -0.076096  0.996986  0.015114  0.007894  -0.014555  0.999863  0.003443  -0.010625  -0.006773  0.029525  -0.017935  0.629671  2.000000  0.999876  0.007973  0.013614  -0.007983  0.999968  0.000731  -0.013608  -0.000839  0.999907  0.999905  0.013785  0.000603  -0.013785  0.999905  0.000471  -0.000596  -0.000480  1.000000  1.000000  0.000080  0.000153  -0.000080  1.000000  0.000006  -0.000153  -0.000006  1.000000  0.999876  0.007973  0.013614  -0.007983  0.999968  0.000731  -0.013608  -0.000839  0.999907  0.000159  0.013807  
122.791243 0.005820  0.088259  -0.004545  0.997022  0.076821  -0.006753  -0.076712  0.996939  0.015118  0.007894  -0.014555  0.999863  0.003493  -0.010878  -0.007069  0.029520  -0.017932  0.629567  2.000000  0.999867  0.008210  0.014071  -0.008221  0.999966  0.000743  -0.014065  -0.000859  0.999901  0.999905  0.013785  0.000603  -0.013785  0.999905  0.000350  -0.000598  -0.000358  1.000000  1.000000  0.000080  0.000153  -0.000080  1.000000  0.000004  -0.000153  -0.000004  1.000000  0.999867  0.008210  0.014071  -0.008221  0.999966  0.000743  -0.014065  -0.000859  0.999901  0.000160  0.013803  
122.792252 0.005824  0.088247  -0.004555  0.996974  0.077437  -0.006744  -0.077328  0.996891  0.015122  0.007894  -0.014555  0.999863  0.003512  -0.011111  -0.007393  0.025432  -0.017962  0.629299  2.000000  0.999856  0.008526  0.014679  -0.008538  0.999963  0.000756  -0.014672  -0.000881  0.999892  0.999910  0.013373  0.000597  -0.013374  0.999911  0.000347  -0.000592  -0.000355  1.000000  1.000000  0.000077  0.000148  -0.000077  1.000000  0.000004  -0.000148  -0.000004  1.000000  0.999856  0.008526  0.014679  -0.008538  0.999963  0.000756  -0.014672  -0.000881  0.999892  0.000158  0.013392  
122.793490 0.005828  0.088232  -0.004567  0.996927  0.078052  -0.006735  -0.077944  0.996843  0.015126  0.007894  -0.014555  0.999863  0.003579  -0.011320  -0.007740  0.025331  -0.022380  0.631180  2.000000  0.999841  0.008914  0.015426  -0.008927  0.999960  0.000770  -0.015418  -0.000908  0.999881  0.999910  0.013373  0.000597  -0.013374  0.999911  0.000226  -0.000594  -0.000234  1.000000  1.000000  0.000077  0.000148  -0.000077  1.000000  0.000003  -0.000148  -0.000003  1.000000  0.999841  0.008914  0.015426  -0.008927  0.999960  0.000770  -0.015418  -0.000908  0.999881  0.000158  0.013389  
122.794743 0.005834  0.088216  -0.004580  0.996877  0.078670  -0.006859  -0.078559  0.996794  0.015141  0.008028  -0.014555  0.999862  0.003716  -0.011518  -0.008095  0.021391  -0.017907  0.622569  2.000000  0.999826  0.009300  0.016156  -0.009314  0.999956  0.000778  -0.016148  -0.000928  0.999869  0.999913  0.013172  0.000326  -0.013172  0.999913  0.000226  -0.000323  -0.000230  1.000000  1.000000  0.000079  0.000145  -0.000079  1.000000  0.000003  -0.000145  -0.000003  1.000000  0.999826  0.009300  0.016156  -0.009314  0.999956  0.000778  -0.016148  -0.000928  0.999869  0.000158  0.013178  
122.795986 0.005839  0.088201  -0.004592  0.996828  0.079285  -0.006859  -0.079175  0.996748  0.015024  0.008028  -0.014433  0.999864  0.003811  -0.011619  -0.008339  0.017171  -0.017722  0.617450  2.000000  0.999811  0.009686  0.016866  -0.009701  0.999953  0.000782  -0.016857  -0.000945  0.999857  0.999916  0.012966  0.000322  -0.012966  0.999916  0.000103  -0.000320  -0.000107  1.000000  1.000000  0.000078  0.000142  -0.000078  1.000000  0.000001  -0.000142  -0.000001  1.000000  0.999811  0.009686  0.016866  -0.009701  0.999953  0.000782  -0.016857  -0.000945  0.999857  0.000156  0.012971  
122.796988 0.005843  0.088189  -0.004601  0.996779  0.079900  -0.006850  -0.079790  0.996698  0.015028  0.008028  -0.014433  0.999864  0.003868  -0.011735  -0.008520  0.013129  -0.017761  0.617492  2.000000  0.999798  0.009992  0.017426  -0.010007  0.999950  0.000782  -0.017417  -0.000956  0.999848  0.999919  0.012760  0.000319  -0.012760  0.999919  0.000101  -0.000317  -0.000105  1.000000  1.000000  0.000076  0.000140  -0.000076  1.000000  0.000001  -0.000140  -0.000001  1.000000  0.999798  0.009992  0.017426  -0.010007  0.999950  0.000782  -0.017417  -0.000956  0.999848  0.000153  0.012765  
122.797991 0.005848  0.088177  -0.004610  0.996746  0.080311  -0.006843  -0.080201  0.996665  0.015031  0.008028  -0.014433  0.999864  0.003975  -0.011810  -0.008632  0.013153  -0.017726  0.605777  2.000000  0.999785  0.010296  0.017978  -0.010312  0.999947  0.000781  -0.017969  -0.000966  0.999838  0.999921  0.012556  0.000182  -0.012556  0.999921  0.000100  -0.000181  -0.000102  1.000000  1.000000  0.000077  0.000137  -0.000077  1.000000  0.000001  -0.000137  -0.000001  1.000000  0.999785  0.010296  0.017978  -0.010312  0.999947  0.000781  -0.017969  -0.000966  0.999838  0.000152  0.012558  
122.799237 0.005853  0.088162  -0.004621  0.996697  0.080926  -0.006834  -0.080816  0.996616  0.015035  0.008028  -0.014433  0.999864  0.004072  -0.011961  -0.008877  0.008916  -0.017501  0.596856  2.000000  0.999772  0.010597  0.018517  -0.010613  0.999943  0.000780  -0.018508  -0.000977  0.999828  0.999924  0.012350  0.000179  -0.012350  0.999924  0.000098  -0.000178  -0.000100  1.000000  1.000000  0.000075  0.000135  -0.000075  1.000000  0.000001  -0.000135  -0.000001  1.000000  0.999772  0.010597  0.018517  -0.010613  0.999943  0.000780  -0.018508  -0.000977  0.999828  0.000151  0.012352  
122.800237 0.005858  0.088150  -0.004631  0.996663  0.081337  -0.006828  -0.081227  0.996582  0.015038  0.008028  -0.014433  0.999864  0.004058  -0.011979  -0.009046  0.008886  -0.017465  0.588563  2.000000  0.999759  0.010893  0.019047  -0.010909  0.999940  0.000779  -0.019038  -0.000987  0.999818  0.999926  0.012144  0.000176  -0.012144  0.999926  0.000096  -0.000175  -0.000099  1.000000  1.000000  0.000074  0.000133  -0.000074  1.000000  0.000001  -0.000133  -0.000001  1.000000  0.999759  0.010893  0.019047  -0.010909  0.999940  0.000779  -0.019038  -0.000987  0.999818  0.000149  0.012146  
122.801240 0.005863  0.088138  -0.004641  0.996630  0.081747  -0.006822  -0.081637  0.996549  0.015041  0.008028  -0.014433  0.999864  0.004141  -0.012061  -0.009262  0.008823  -0.017352  0.581190  2.000000  0.999746  0.011182  0.019566  -0.011200  0.999937  0.000779  -0.019557  -0.000997  0.999808  0.999929  0.011939  0.000173  -0.011939  0.999929  0.000095  -0.000172  -0.000097  1.000000  1.000000  0.000073  0.000130  -0.000073  1.000000  0.000001  -0.000130  -0.000001  1.000000  0.999746  0.011182  0.019566  -0.011200  0.999937  0.000779  -0.019557  -0.000997  0.999808  0.000148  0.011941  
122.802493 0.005869  0.088123  -0.004655  0.996579  0.082362  -0.006813  -0.082253  0.996498  0.015045  0.008028  -0.014433  0.999864  0.004221  -0.012124  -0.009497  0.004669  -0.012787  0.576640  2.000000  0.999729  0.011537  0.020202  -0.011555  0.999933  0.000777  -0.020192  -0.001010  0.999796  0.999934  0.011527  0.000167  -0.011527  0.999934  0.000092  -0.000166  -0.000094  1.000000  1.000000  0.000070  0.000126  -0.000070  1.000000  0.000001  -0.000126  -0.000001  1.000000  0.999729  0.011537  0.020202  -0.011555  0.999933  0.000777  -0.020192  -0.001010  0.999796  0.000144  0.011529  
122.803501 0.005874  0.088110  -0.004666  0.996545  0.082772  -0.006816  -0.082663  0.996466  0.014927  0.008028  -0.014312  0.999865  0.004315  -0.012146  -0.009672  0.000516  -0.012649  0.567137  2.000000  0.999716  0.011814  0.020699  -0.011833  0.999930  0.000774  -0.020688  -0.001019  0.999785  0.999936  0.011321  0.000163  -0.011321  0.999936  -0.000031  -0.000163  0.000029  1.000000  1.000000  0.000069  0.000124  -0.000069  1.000000  -0.000000  -0.000124  0.000000  1.000000  0.999716  0.011814  0.020699  -0.011833  0.999930  0.000774  -0.020688  -0.001019  0.999785  0.000144  0.011323  
122.804519 0.005879  0.088097  -0.004678  0.996511  0.083182  -0.006810  -0.083073  0.996432  0.014930  0.008028  -0.014312  0.999865  0.004412  -0.012184  -0.009887  0.000460  -0.012539  0.559774  2.000000  0.999702  0.012086  0.021186  -0.012105  0.999926  0.000767  -0.021175  -0.001023  0.999775  0.999938  0.011115  0.000160  -0.011115  0.999938  -0.000033  -0.000160  0.000031  1.000000  1.000000  0.000068  0.000121  -0.000068  1.000000  -0.000000  -0.000121  0.000000  1.000000  0.999702  0.012086  0.021186  -0.012105  0.999926  0.000767  -0.021175  -0.001023  0.999775  0.000141  0.011117  
122.805743 0.005886  0.088081  -0.004693  0.996460  0.083797  -0.006801  -0.083689  0.996380  0.014934  0.008028  -0.014312  0.999865  0.004549  -0.012275  -0.010135  0.000456  -0.012451  0.555809  2.000000  0.999689  0.012351  0.021660  -0.012370  0.999923  0.000753  -0.021649  -0.001021  0.999765  0.999943  0.010704  0.000154  -0.010704  0.999943  -0.000157  -0.000155  0.000156  1.000000  1.000000  0.000065  0.000117  -0.000065  1.000000  -0.000002  -0.000117  0.000002  1.000000  0.999689  0.012351  0.021660  -0.012370  0.999923  0.000753  -0.021649  -0.001021  0.999765  0.000138  0.010706  
122.806993 0.005893  0.088065  -0.004708  0.996425  0.084208  -0.006795  -0.084099  0.996345  0.014937  0.008028  -0.014312  0.999865  0.004728  -0.012345  -0.010357  0.000309  -0.007793  0.542099  2.000000  0.999676  0.012613  0.022129  -0.012633  0.999920  0.000740  -0.022118  -0.001019  0.999755  0.999943  0.010704  0.000154  -0.010704  0.999943  -0.000157  -0.000155  0.000156  1.000000  1.000000  0.000065  0.000117  -0.000065  1.000000  -0.000002  -0.000117  0.000002  1.000000  0.999676  0.012613  0.022129  -0.012633  0.999920  0.000740  -0.022118  -0.001019  0.999755  0.000137  0.010706  
122.808247 0.005901  0.088048  -0.004723  0.996390  0.084618  -0.006789  -0.084509  0.996311  0.014940  0.008028  -0.014312  0.999865  0.004890  -0.012425  -0.010574  0.000145  -0.007558  0.525753  2.000000  0.999659  0.012929  0.022695  -0.012949  0.999916  0.000722  -0.022684  -0.001016  0.999742  0.999947  0.010292  0.000148  -0.010292  0.999947  -0.000161  -0.000149  0.000159  1.000000  1.000000  0.000063  0.000112  -0.000063  1.000000  -0.000002  -0.000112  0.000002  1.000000  0.999659  0.012929  0.022695  -0.012949  0.999916  0.000722  -0.022684  -0.001016  0.999742  0.000133  0.010294  
122.809496 0.005909  0.088032  -0.004738  0.996355  0.085028  -0.006783  -0.084920  0.996276  0.014943  0.008028  -0.014312  0.999865  0.005121  -0.012467  -0.010762  0.000034  -0.007358  0.511901  2.000000  0.999642  0.013232  0.023236  -0.013252  0.999912  0.000705  -0.023225  -0.001013  0.999730  0.999951  0.009880  0.000142  -0.009880  0.999951  -0.000164  -0.000143  0.000163  1.000000  1.000000  0.000060  0.000108  -0.000060  1.000000  -0.000002  -0.000108  0.000002  1.000000  0.999642  0.013232  0.023236  -0.013252  0.999912  0.000705  -0.023225  -0.001013  0.999730  0.000130  0.009883  
122.810741 0.005918  0.088015  -0.004755  0.996320  0.085438  -0.006776  -0.085330  0.996241  0.014945  0.008028  -0.014312  0.999865  0.005355  -0.012567  -0.011027  -0.000022  -0.007261  0.505137  2.000000  0.999626  0.013528  0.023760  -0.013549  0.999908  0.000688  -0.023749  -0.001010  0.999717  0.999955  0.009471  0.000002  -0.009471  0.999955  -0.000167  -0.000004  0.000167  1.000000  1.000000  0.000059  0.000103  -0.000059  1.000000  -0.000002  -0.000103  0.000002  1.000000  0.999626  0.013528  0.023760  -0.013549  0.999908  0.000688  -0.023749  -0.001010  0.999717  0.000127  0.009472  
122.811748 0.005925  0.088002  -0.004767  0.996285  0.085849  -0.006770  -0.085740  0.996205  0.014948  0.008028  -0.014312  0.999865  0.005566  -0.012634  -0.011265  -0.000077  -0.007164  0.498405  2.000000  0.999613  0.013759  0.024159  -0.013779  0.999905  0.000674  -0.024147  -0.001007  0.999708  0.999959  0.009059  -0.000004  -0.009059  0.999959  -0.000170  0.000002  0.000170  1.000000  1.000000  0.000057  0.000098  -0.000057  1.000000  -0.000002  -0.000098  0.000002  1.000000  0.999613  0.013759  0.024159  -0.013779  0.999905  0.000674  -0.024147  -0.001007  0.999708  0.000125  0.009061  
122.812988 0.005934  0.087985  -0.004784  0.996251  0.086258  -0.006620  -0.086150  0.996168  0.015060  0.007894  -0.014433  0.999865  0.005782  -0.012747  -0.011576  0.003879  -0.011493  0.487141  2.000000  0.999598  0.014033  0.024642  -0.014053  0.999901  0.000661  -0.024631  -0.001007  0.999696  0.999961  0.008851  0.000128  -0.008851  0.999961  -0.000052  -0.000129  0.000051  1.000000  1.000000  0.000054  0.000097  -0.000054  1.000000  -0.000001  -0.000097  0.000001  1.000000  0.999598  0.014033  0.024642  -0.014053  0.999901  0.000661  -0.024631  -0.001007  0.999696  0.000123  0.008852  
122.813988 0.005942  0.087971  -0.004798  0.996215  0.086668  -0.006614  -0.086561  0.996133  0.015063  0.007894  -0.014433  0.999865  0.005971  -0.012934  -0.011937  -0.000277  -0.011447  0.478581  2.000000  0.999586  0.014242  0.025017  -0.014263  0.999898  0.000653  -0.025005  -0.001010  0.999687  0.999964  0.008439  0.000122  -0.008439  0.999964  -0.000055  -0.000123  0.000054  1.000000  1.000000  0.000051  0.000092  -0.000051  1.000000  -0.000001  -0.000092  0.000001  1.000000  0.999586  0.014242  0.025017  -0.014263  0.999898  0.000653  -0.025005  -0.001010  0.999687  0.000119  0.008441  
122.814992 0.005949  0.087958  -0.004811  0.996197  0.086873  -0.006611  -0.086766  0.996115  0.015064  0.007894  -0.014433  0.999865  0.006205  -0.013033  -0.012200  -0.000386  -0.011215  0.463452  2.000000  0.999576  0.014399  0.025298  -0.014420  0.999896  0.000647  -0.025286  -0.001011  0.999680  0.999963  0.008645  0.000125  -0.008645  0.999963  -0.000054  -0.000126  0.000052  1.000000  1.000000  0.000053  0.000094  -0.000053  1.000000  -0.000001  -0.000094  0.000001  1.000000  0.999576  0.014399  0.025298  -0.014420  0.999896  0.000647  -0.025286  -0.001011  0.999680  0.000117  0.008646  
122.816237 0.005959  0.087941  -0.004829  0.996162  0.087283  -0.006605  -0.087176  0.996079  0.015067  0.007894  -0.014433  0.999865  0.006421  -0.013140  -0.012526  -0.000492  -0.010925  0.445954  2.000000  0.999561  0.014648  0.025757  -0.014669  0.999892  0.000637  -0.025745  -0.001014  0.999668  0.999966  0.008232  0.000253  -0.008232  0.999966  -0.000057  -0.000253  0.000055  1.000000  1.000000  0.000049  0.000091  -0.000049  1.000000  -0.000001  -0.000091  0.000001  1.000000  0.999561  0.014648  0.025757  -0.014669  0.999892  0.000637  -0.025745  -0.001014  0.999668  0.000112  0.008236  
122.817237 0.005967  0.087928  -0.004843  0.996126  0.087693  -0.006599  -0.087586  0.996043  0.015070  0.007894  -0.014433  0.999865  0.006660  -0.013182  -0.012742  -0.000552  -0.010919  0.442888  2.000000  0.999549  0.014840  0.026115  -0.014862  0.999889  0.000635  -0.026103  -0.001023  0.999659  0.999968  0.008026  0.000250  -0.008026  0.999968  0.000063  -0.000249  -0.000065  1.000000  1.000000  0.000047  0.000088  -0.000047  1.000000  0.000001  -0.000088  -0.000001  1.000000  0.999549  0.014840  0.026115  -0.014862  0.999889  0.000635  -0.026103  -0.001023  0.999659  0.000110  0.008030  
122.818497 0.005978  0.087912  -0.004860  0.996108  0.087898  -0.006596  -0.087791  0.996025  0.015071  0.007894  -0.014433  0.999865  0.006942  -0.013229  -0.012933  -0.000717  -0.010616  0.422039  2.000000  0.999534  0.015074  0.026553  -0.015097  0.999886  0.000632  -0.026540  -0.001033  0.999647  0.999969  0.007820  0.000247  -0.007820  0.999969  0.000061  -0.000246  -0.000063  1.000000  1.000000  0.000046  0.000086  -0.000046  1.000000  0.000001  -0.000086  -0.000001  1.000000  0.999534  0.015074  0.026553  -0.015097  0.999886  0.000632  -0.026540  -0.001033  0.999647  0.000106  0.007824  
