1-Time 2-Px 3-Py 4-Pz 5-R11 6-R21 7-R31 8-R12 9-R22 10-R32 11-R13 12-R23 13-R33 14-Vx 15-Vy 16-Vz 17-Wx 18-Wy 19-Wz 20-state 21-PR11 22-PR21 23-PR31 24-PR12 25-PR22 26-PR32 27-PR13 28-PR23 29-PR33 
30.115897 0.013161  0.092504  0.001574  0.990223  0.139487  -0.001514  -0.139328  0.989510  0.038177  0.006824  -0.037592  0.999270  0.000187  0.000005  -0.000526  0.000000  0.000000  0.000000  2.000000  1.000000  0.000000  0.000000  -0.000000  1.000000  0.000000  0.000000  -0.000000  1.000000  1.000000  0.000020  -0.000535  -0.000020  1.000000  0.000000  0.000535  0.000000  1.000000  1.000000  0.000000  0.000000  0.000000  1.000000  0.000000  0.000000  0.000000  1.000000  0.704944  0.270623  -0.655605  -0.407839  0.910910  -0.062524  0.580277  0.311457  0.752511  0.000000  0.000000  
30.116899 0.013161  0.092503  0.001574  0.990193  0.139696  -0.001639  -0.139532  0.989481  0.038196  0.006957  -0.037592  0.999269  0.000187  0.000005  -0.000525  0.000000  0.000000  0.000000  2.000000  1.000000  0.000000  0.000000  0.000000  1.000000  0.000000  0.000000  0.000000  1.000000  1.000000  0.000020  -0.000535  -0.000020  1.000000  0.000000  0.000535  0.000000  1.000000  1.000000  0.000000  0.000000  0.000000  1.000000  0.000000  0.000000  0.000000  1.000000  1.000000  0.000000  0.000000  0.000000  1.000000  0.000000  0.000000  0.000000  1.000000  0.000000  0.000000  
30.117900 0.013163  0.092503  0.001574  0.990107  0.140307  -0.001615  -0.140144  0.989394  0.038197  0.006957  -0.037592  0.999269  0.000275  -0.000057  -0.000533  0.000000  0.000000  0.000000  2.000000  1.000000  0.000000  0.000000  0.000000  1.000000  0.000000  0.000000  0.000000  1.000000  1.000000  0.000637  -0.000512  -0.000637  1.000000  0.000004  0.000512  -0.000004  1.000000  1.000000  0.000000  0.000000  0.000000  1.000000  0.000000  0.000000  0.000000  1.000000  1.000000  0.000000  0.000000  0.000000  1.000000  0.000000  0.000000  0.000000  1.000000  0.000000  0.000000  
30.119150 0.013166  0.092501  0.001573  0.989962  0.141326  -0.001559  -0.141163  0.989245  0.038318  0.006957  -0.037714  0.999264  0.000499  -0.000157  -0.000560  0.000000  0.000000  0.000000  2.000000  1.000000  0.000000  0.000000  0.000000  1.000000  0.000000  0.000000  0.000000  1.000000  0.999999  0.001666  -0.000473  -0.001666  0.999999  0.000133  0.000473  -0.000132  1.000000  1.000000  0.000000  0.000000  0.000000  1.000000  0.000000  0.000000  0.000000  1.000000  1.000000  0.000000  0.000000  0.000000  1.000000  0.000000  0.000000  0.000000  1.000000  0.000000  0.000000  
30.120151 0.013170  0.092500  0.001573  0.989875  0.141932  -0.001386  -0.141774  0.989153  0.038420  0.006824  -0.037835  0.999261  0.000701  -0.000273  -0.000505  0.000000  0.000000  0.000000  2.000000  1.000000  0.000000  0.000000  0.000000  1.000000  0.000000  0.000000  0.000000  1.000000  0.999997  0.002484  -0.000308  -0.002484  0.999997  0.000138  0.000308  -0.000137  1.000000  1.000000  0.000000  0.000000  0.000000  1.000000  0.000000  0.000000  0.000000  1.000000  1.000000  0.000000  0.000000  0.000000  1.000000  0.000000  0.000000  0.000000  1.000000  0.000000  0.000000  
30.121400 0.013174  0.092496  0.001572  0.989788  0.142543  -0.001345  -0.142386  0.989061  0.038541  0.006824  -0.037956  0.999256  0.000976  -0.000487  -0.000516  0.000000  0.000000  0.000000  2.000000  1.000000  0.000000  0.000000  0.000000  1.000000  0.000000  0.000000  0.000000  1.000000  0.999996  0.002895  -0.000292  -0.002895  0.999996  0.000383  0.000293  -0.000383  1.000000  1.000000  0.000000  0.000000  0.000000  1.000000  0.000000  0.000000  0.000000  1.000000  1.000000  0.000000  0.000000  0.000000  1.000000  0.000000  0.000000  0.000000  1.000000  0.000000  0.000000  
30.122650 0.013180  0.092495  0.001573  0.989668  0.143367  -0.001560  -0.143200  0.988937  0.038700  0.007091  -0.038077  0.999250  0.001400  -0.000613  -0.000456  0.000000  0.000000  0.000000  2.000000  1.000000  0.000000  0.000000  0.000000  1.000000  0.000000  0.000000  0.000000  1.000000  0.999993  0.003718  -0.000260  -0.003718  0.999993  0.000511  0.000262  -0.000510  1.000000  1.000000  0.000000  0.000000  0.000000  1.000000  0.000000  0.000000  0.000000  1.000000  1.000000  0.000000  0.000000  0.000000  1.000000  0.000000  0.000000  0.000000  1.000000  0.000000  0.000000  
30.123900 0.013187  0.092494  0.001573  0.989518  0.144396  -0.001767  -0.144219  0.988782  0.038860  0.007359  -0.038198  0.999243  0.001847  -0.000681  -0.000384  0.000000  0.000000  0.000000  2.000000  1.000000  0.000000  0.000000  0.000000  1.000000  0.000000  0.000000  0.000000  1.000000  0.999989  0.004757  -0.000488  -0.004757  0.999988  0.000640  0.000491  -0.000638  1.000000  1.000000  0.000000  0.000000  0.000000  1.000000  0.000000  0.000000  0.000000  1.000000  1.000000  0.000000  0.000000  0.000000  1.000000  0.000000  0.000000  0.000000  1.000000  0.000000  0.000000  
30.125149 0.013193  0.092492  0.001573  0.989338  0.145627  -0.001966  -0.145441  0.988597  0.039021  0.007626  -0.038319  0.999236  0.002293  -0.000748  -0.000313  0.025904  0.037057  0.209123  2.000000  1.000000  0.000279  -0.000036  -0.000279  1.000000  0.000034  0.000036  -0.000034  1.000000  0.999982  0.006007  -0.000841  -0.006006  0.999982  0.000773  0.000845  -0.000768  0.999999  1.000000  0.000075  -0.000011  -0.000075  1.000000  0.000010  0.000011  -0.000010  1.000000  1.000000  0.000279  -0.000036  -0.000279  1.000000  0.000034  0.000036  -0.000034  1.000000  0.000052  0.006114  
30.126152 0.013199  0.092490  0.001573  0.989156  0.146854  -0.002033  -0.146662  0.988411  0.039163  0.007760  -0.038441  0.999231  0.002656  -0.000935  -0.000299  0.030301  0.035464  0.250595  2.000000  1.000000  0.000613  -0.000080  -0.000613  1.000000  0.000073  0.000081  -0.000073  1.000000  0.999975  0.007040  -0.000935  -0.007040  0.999975  0.000781  0.000940  -0.000775  0.999999  1.000000  0.000088  -0.000012  -0.000088  1.000000  0.000010  0.000012  -0.000010  1.000000  1.000000  0.000613  -0.000080  -0.000613  1.000000  0.000073  0.000081  -0.000073  1.000000  0.000060  0.007145  
30.127402 0.013206  0.092488  0.001571  0.988943  0.148283  -0.002090  -0.148088  0.988193  0.039306  0.007894  -0.038562  0.999225  0.003133  -0.001056  -0.000390  0.034740  0.038097  0.299160  2.000000  0.999999  0.001115  -0.000138  -0.001115  0.999999  0.000129  0.000138  -0.000129  1.000000  0.999962  0.008686  -0.000871  -0.008685  0.999962  0.000916  0.000879  -0.000908  0.999999  1.000000  0.000109  -0.000011  -0.000109  1.000000  0.000011  0.000011  -0.000011  1.000000  0.999999  0.001115  -0.000138  -0.001115  0.999999  0.000129  0.000138  -0.000129  1.000000  0.000074  0.008777  
30.128662 0.013215  0.092487  0.001570  0.988728  0.149707  -0.002016  -0.149513  0.987973  0.039429  0.007894  -0.038683  0.999220  0.003703  -0.001133  -0.000351  0.039159  0.036228  0.347521  2.000000  0.999999  0.001709  -0.000191  -0.001709  0.999999  0.000194  0.000191  -0.000194  1.000000  0.999948  0.010126  -0.000814  -0.010125  0.999948  0.001048  0.000824  -0.001040  0.999999  1.000000  0.000127  -0.000010  -0.000127  1.000000  0.000013  0.000010  -0.000013  1.000000  0.999999  0.001709  -0.000191  -0.001709  0.999999  0.000194  0.000191  -0.000194  1.000000  0.000086  0.010213  
30.129911 0.013224  0.092487  0.001571  0.988481  0.151334  -0.001932  -0.151141  0.987721  0.039552  0.007894  -0.038804  0.999216  0.004327  -0.001122  -0.000277  0.043620  0.034085  0.402725  2.000000  0.999998  0.002120  -0.000220  -0.002120  0.999998  0.000238  0.000221  -0.000238  1.000000  0.999933  0.011566  -0.000757  -0.011565  0.999932  0.001180  0.000770  -0.001171  0.999999  1.000000  0.000145  -0.000010  -0.000145  1.000000  0.000015  0.000010  -0.000015  1.000000  0.999998  0.002120  -0.000220  -0.002120  0.999998  0.000238  0.000221  -0.000238  1.000000  0.000098  0.011651  
30.131150 0.013234  0.092486  0.001572  0.988198  0.153170  -0.001972  -0.152972  0.987433  0.039695  0.008028  -0.038925  0.999210  0.004960  -0.001163  -0.000143  0.048184  0.036179  0.465212  2.000000  0.999996  0.002758  -0.000258  -0.002758  0.999996  0.000304  0.000259  -0.000303  1.000000  0.999910  0.013423  -0.000817  -0.013422  0.999909  0.001317  0.000835  -0.001306  0.999999  1.000000  0.000168  -0.000010  -0.000168  1.000000  0.000016  0.000010  -0.000016  1.000000  0.999996  0.002758  -0.000258  -0.002758  0.999996  0.000304  0.000259  -0.000303  1.000000  0.000114  0.013512  
30.132153 0.013242  0.092485  0.001572  0.987975  0.154598  -0.002047  -0.154396  0.987210  0.039719  0.008162  -0.038925  0.999209  0.005374  -0.001213  -0.000069  0.048600  0.034325  0.513583  2.000000  0.999995  0.003297  -0.000289  -0.003297  0.999995  0.000358  0.000290  -0.000357  1.000000  0.999889  0.014868  -0.000893  -0.014867  0.999888  0.001451  0.000914  -0.001438  0.999999  1.000000  0.000186  -0.000011  -0.000186  1.000000  0.000018  0.000011  -0.000018  1.000000  0.999995  0.003297  -0.000289  -0.003297  0.999995  0.000358  0.000290  -0.000357  1.000000  0.000126  0.014965  
30.133405 0.013253  0.092483  0.001572  0.987750  0.156031  -0.002235  -0.155819  0.986980  0.039883  0.008429  -0.039046  0.999202  0.005953  -0.001317  -0.000103  0.053114  0.041428  0.562386  2.000000  0.999992  0.004095  -0.000335  -0.004094  0.999992  0.000435  0.000337  -0.000434  1.000000  0.999863  0.016519  -0.000960  -0.016517  0.999862  0.001589  0.000986  -0.001573  0.999998  1.000000  0.000206  -0.000012  -0.000206  1.000000  0.000020  0.000012  -0.000020  1.000000  0.999992  0.004095  -0.000335  -0.004094  0.999992  0.000435  0.000337  -0.000434  1.000000  0.000140  0.016623  
30.134653 0.013264  0.092479  0.001571  0.987489  0.157667  -0.002415  -0.157445  0.986715  0.040049  0.008697  -0.039167  0.999195  0.006385  -0.001466  -0.000131  0.057677  0.048247  0.617930  2.000000  0.999988  0.004967  -0.000388  -0.004967  0.999988  0.000519  0.000391  -0.000518  1.000000  0.999838  0.017969  -0.001169  -0.017967  0.999837  0.001726  0.001200  -0.001705  0.999998  1.000000  0.000225  -0.000015  -0.000225  1.000000  0.000021  0.000015  -0.000021  1.000000  0.999988  0.004967  -0.000388  -0.004967  0.999988  0.000519  0.000391  -0.000518  1.000000  0.000152  0.018089  
30.135656 0.013272  0.092475  0.001571  0.987325  0.158693  -0.002618  -0.158461  0.986546  0.040213  0.008964  -0.039289  0.999188  0.006800  -0.001562  -0.000135  0.062110  0.055872  0.652920  2.000000  0.999984  0.005674  -0.000434  -0.005674  0.999984  0.000587  0.000437  -0.000585  1.000000  0.999815  0.019208  -0.001252  -0.019206  0.999814  0.001860  0.001287  -0.001836  0.999997  1.000000  0.000240  -0.000016  -0.000240  1.000000  0.000023  0.000016  -0.000023  1.000000  0.999984  0.005674  -0.000434  -0.005674  0.999984  0.000587  0.000437  -0.000585  1.000000  0.000163  0.019339  
30.136657 0.013282  0.092469  0.001571  0.987094  0.160120  -0.002653  -0.159884  0.986306  0.040478  0.009098  -0.039531  0.999177  0.007142  -0.001808  -0.000132  0.070709  0.053907  0.701094  2.000000  0.999979  0.006423  -0.000485  -0.006423  0.999979  0.000660  0.000489  -0.000657  1.000000  0.999790  0.020448  -0.001334  -0.020445  0.999789  0.001994  0.001375  -0.001966  0.999997  1.000000  0.000256  -0.000017  -0.000256  1.000000  0.000025  0.000017  -0.000025  1.000000  0.999979  0.006423  -0.000485  -0.006423  0.999979  0.000660  0.000489  -0.000657  1.000000  0.000173  0.020588  
30.137905 0.013295  0.092462  0.001571  0.986828  0.161750  -0.002699  -0.161509  0.986035  0.040623  0.009232  -0.039652  0.999171  0.007602  -0.002175  -0.000146  0.075273  0.056221  0.756581  2.000000  0.999972  0.007505  -0.000557  -0.007505  0.999972  0.000768  0.000562  -0.000764  1.000000  0.999750  0.022304  -0.001389  -0.022301  0.999749  0.002255  0.001439  -0.002223  0.999996  1.000000  0.000279  -0.000018  -0.000279  1.000000  0.000028  0.000018  -0.000028  1.000000  0.999972  0.007505  -0.000557  -0.007505  0.999972  0.000768  0.000562  -0.000764  1.000000  0.000189  0.022461  
30.138907 0.013306  0.092455  0.001570  0.986594  0.163171  -0.002621  -0.162931  0.985796  0.040746  0.009232  -0.039773  0.999166  0.007944  -0.002602  -0.000208  0.079734  0.054303  0.804974  2.000000  0.999965  0.008373  -0.000613  -0.008372  0.999965  0.000854  0.000620  -0.000849  0.999999  0.999722  0.023544  -0.001471  -0.023540  0.999720  0.002389  0.001526  -0.002354  0.999996  1.000000  0.000294  -0.000019  -0.000294  1.000000  0.000030  0.000019  -0.000030  1.000000  0.999965  0.008373  -0.000613  -0.008372  0.999965  0.000854  0.000620  -0.000849  0.999999  0.000199  0.023711  
30.140153 0.013319  0.092445  0.001568  0.986357  0.164597  -0.002674  -0.164352  0.985554  0.040892  0.009366  -0.039894  0.999160  0.008430  -0.003159  -0.000322  0.084264  0.056878  0.853656  2.000000  0.999954  0.009596  -0.000683  -0.009595  0.999953  0.000975  0.000692  -0.000969  0.999999  0.999692  0.024778  -0.001418  -0.024774  0.999690  0.002524  0.001480  -0.002488  0.999996  1.000000  0.000310  -0.000018  -0.000310  1.000000  0.000031  0.000018  -0.000031  1.000000  0.999954  0.009596  -0.000683  -0.009595  0.999953  0.000975  0.000692  -0.000969  0.999999  0.000212  0.024947  
30.141154 0.013329  0.092435  0.001566  0.986186  0.165617  -0.002763  -0.165367  0.985383  0.040917  0.009500  -0.039894  0.999159  0.008744  -0.003707  -0.000441  0.084618  0.060042  0.888578  2.000000  0.999944  0.010541  -0.000739  -0.010540  0.999944  0.001070  0.000750  -0.001062  0.999999  0.999676  0.025400  -0.001527  -0.025396  0.999674  0.002532  0.001591  -0.002493  0.999996  1.000000  0.000318  -0.000019  -0.000318  1.000000  0.000031  0.000019  -0.000031  1.000000  0.999944  0.010541  -0.000739  -0.010540  0.999944  0.001070  0.000750  -0.001062  0.999999  0.000222  0.025572  
30.142154 0.013339  0.092425  0.001564  0.986014  0.166637  -0.002833  -0.166382  0.985206  0.041061  0.009633  -0.040015  0.999153  0.009029  -0.004244  -0.000490  0.089080  0.058634  0.922974  2.000000  0.999934  0.011501  -0.000796  -0.011500  0.999933  0.001167  0.000810  -0.001157  0.999999  0.999666  0.025811  -0.001507  -0.025807  0.999663  0.002657  0.001575  -0.002617  0.999995  1.000000  0.000323  -0.000019  -0.000323  1.000000  0.000033  0.000019  -0.000033  1.000000  0.999934  0.011501  -0.000796  -0.011500  0.999933  0.001167  0.000810  -0.001157  0.999999  0.000230  0.025992  
30.143407 0.013353  0.092414  0.001561  0.985807  0.167859  -0.002914  -0.167600  0.984999  0.041087  0.009767  -0.040015  0.999151  0.009393  -0.004974  -0.000638  0.089473  0.061506  0.964481  2.000000  0.999918  0.012805  -0.000878  -0.012804  0.999917  0.001294  0.000894  -0.001282  0.999999  0.999655  0.026228  -0.001624  -0.026224  0.999653  0.002543  0.001691  -0.002499  0.999995  1.000000  0.000328  -0.000021  -0.000328  1.000000  0.000032  0.000021  -0.000032  1.000000  0.999918  0.012805  -0.000878  -0.012804  0.999917  0.001294  0.000894  -0.001282  0.999999  0.000241  0.026402  
30.144409 0.013365  0.092404  0.001558  0.985599  0.169076  -0.002843  -0.168817  0.984785  0.041210  0.009767  -0.040137  0.999146  0.009706  -0.005586  -0.000836  0.093887  0.059832  1.005904  2.000000  0.999904  0.013804  -0.000948  -0.013803  0.999904  0.001389  0.000967  -0.001376  0.999999  0.999638  0.026856  -0.001864  -0.026851  0.999636  0.002552  0.001931  -0.002501  0.999995  1.000000  0.000336  -0.000024  -0.000336  1.000000  0.000032  0.000024  -0.000032  1.000000  0.999904  0.013804  -0.000948  -0.013803  0.999904  0.001389  0.000967  -0.001376  0.999999  0.000250  0.027042  
30.145652 0.013379  0.092391  0.001554  0.985388  0.170297  -0.002924  -0.170034  0.984575  0.041236  0.009901  -0.040137  0.999145  0.010019  -0.006491  -0.001206  0.094329  0.062729  1.047863  2.000000  0.999884  0.015181  -0.001045  -0.015179  0.999884  0.001514  0.001068  -0.001498  0.999998  0.999615  0.027684  -0.001964  -0.027679  0.999614  0.002441  0.002031  -0.002386  0.999995  1.000000  0.000346  -0.000025  -0.000346  1.000000  0.000030  0.000025  -0.000030  1.000000  0.999884  0.015181  -0.001045  -0.015179  0.999884  0.001514  0.001068  -0.001498  0.999998  0.000260  0.027862  
30.146653 0.013390  0.092380  0.001551  0.985247  0.171114  -0.003001  -0.170846  0.984428  0.041381  0.010035  -0.040258  0.999139  0.010196  -0.007025  -0.001403  0.098732  0.061864  1.068723  2.000000  0.999868  0.016237  -0.001114  -0.016235  0.999867  0.001609  0.001140  -0.001591  0.999998  0.999598  0.028295  -0.001802  -0.028291  0.999596  0.002568  0.001874  -0.002516  0.999995  1.000000  0.000354  -0.000023  -0.000354  1.000000  0.000032  0.000023  -0.000032  1.000000  0.999868  0.016237  -0.001114  -0.016235  0.999867  0.001609  0.001140  -0.001591  0.999998  0.000269  0.028470  
30.147654 0.013401  0.092369  0.001548  0.985106  0.171924  -0.002967  -0.171657  0.984287  0.041383  0.010035  -0.040258  0.999139  0.010378  -0.007778  -0.001656  0.098790  0.061594  1.075633  2.000000  0.999850  0.017303  -0.001183  -0.017301  0.999849  0.001701  0.001212  -0.001681  0.999998  0.999592  0.028501  -0.001794  -0.028497  0.999591  0.002452  0.001863  -0.002400  0.999995  1.000000  0.000356  -0.000023  -0.000356  1.000000  0.000030  0.000023  -0.000030  1.000000  0.999850  0.017303  -0.001183  -0.017301  0.999849  0.001701  0.001212  -0.001681  0.999998  0.000271  0.028664  
30.148667 0.013413  0.092357  0.001544  0.984964  0.172734  -0.002953  -0.172468  0.984150  0.041266  0.010035  -0.040137  0.999144  0.010498  -0.008416  -0.001882  0.090597  0.061566  1.075149  2.000000  0.999831  0.018369  -0.001243  -0.018367  0.999830  0.001787  0.001276  -0.001764  0.999998  0.999593  0.028490  -0.001530  -0.028487  0.999592  0.002210  0.001592  -0.002165  0.999996  1.000000  0.000356  -0.000020  -0.000356  1.000000  0.000027  0.000020  -0.000027  1.000000  0.999831  0.018369  -0.001243  -0.018367  0.999830  0.001787  0.001276  -0.001764  0.999998  0.000270  0.028619  
30.149905 0.013427  0.092342  0.001539  0.984822  0.173545  -0.002919  -0.173279  0.984008  0.041269  0.010035  -0.040137  0.999144  0.010774  -0.009172  -0.002210  0.086489  0.066022  1.075809  2.000000  0.999803  0.019796  -0.001313  -0.019793  0.999802  0.001897  0.001350  -0.001870  0.999997  0.999594  0.028479  -0.001262  -0.028477  0.999592  0.002088  0.001321  -0.002052  0.999997  1.000000  0.000356  -0.000016  -0.000356  1.000000  0.000026  0.000016  -0.000026  1.000000  0.999803  0.019796  -0.001313  -0.019793  0.999802  0.001897  0.001350  -0.001870  0.999997  0.000270  0.028586  
30.150907 0.013437  0.092328  0.001535  0.984679  0.174355  -0.002885  -0.174090  0.983865  0.041271  0.010035  -0.040137  0.999144  0.010869  -0.009757  -0.002428  0.082515  0.065404  1.089449  2.000000  0.999782  0.020856  -0.001358  -0.020853  0.999781  0.001975  0.001399  -0.001946  0.999997  0.999600  0.028268  -0.001137  -0.028266  0.999598  0.002086  0.001195  -0.002054  0.999997  1.000000  0.000353  -0.000015  -0.000353  1.000000  0.000026  0.000015  -0.000026  1.000000  0.999782  0.020856  -0.001358  -0.020853  0.999781  0.001975  0.001399  -0.001946  0.999997  0.000272  0.028370  
30.152155 0.013450  0.092310  0.001531  0.984535  0.175165  -0.002873  -0.174901  0.983726  0.041154  0.010035  -0.040015  0.999149  0.010884  -0.010450  -0.002632  0.074443  0.060918  1.089372  2.000000  0.999751  0.022261  -0.001411  -0.022258  0.999750  0.002072  0.001457  -0.002040  0.999997  0.999612  0.027851  -0.001023  -0.027849  0.999610  0.001840  0.001074  -0.001811  0.999998  1.000000  0.000348  -0.000013  -0.000348  1.000000  0.000023  0.000013  -0.000023  1.000000  0.999751  0.022261  -0.001411  -0.022258  0.999750  0.002072  0.001457  -0.002040  0.999997  0.000274  0.027934  
30.153404 0.013462  0.092289  0.001527  0.984427  0.175772  -0.002847  -0.175509  0.983617  0.041156  0.010035  -0.040015  0.999149  0.010814  -0.011313  -0.002901  0.073969  0.051811  1.073975  2.000000  0.999719  0.023641  -0.001462  -0.023638  0.999718  0.002162  0.001513  -0.002126  0.999997  0.999629  0.027235  -0.001048  -0.027233  0.999628  0.001713  0.001094  -0.001684  0.999998  1.000000  0.000340  -0.000013  -0.000340  1.000000  0.000021  0.000013  -0.000021  1.000000  0.999719  0.023641  -0.001462  -0.023638  0.999718  0.002162  0.001513  -0.002126  0.999997  0.000270  0.027311  
30.154408 0.013472  0.092273  0.001524  0.984353  0.176182  -0.002983  -0.175914  0.983549  0.041061  0.010169  -0.039894  0.999152  0.010696  -0.011873  -0.003032  0.066336  0.048781  1.054065  2.000000  0.999695  0.024657  -0.001503  -0.024654  0.999694  0.002223  0.001557  -0.002186  0.999996  0.999639  0.026829  -0.001202  -0.026827  0.999639  0.001592  0.001244  -0.001559  0.999998  1.000000  0.000335  -0.000015  -0.000335  1.000000  0.000020  0.000015  -0.000020  1.000000  0.999695  0.024657  -0.001503  -0.024654  0.999694  0.002223  0.001557  -0.002186  0.999996  0.000266  0.026905  
30.155658 0.013484  0.092252  0.001519  0.984281  0.176587  -0.002988  -0.176319  0.983481  0.040943  0.010169  -0.039773  0.999157  0.010686  -0.012571  -0.003238  0.058087  0.040884  1.026208  2.000000  0.999662  0.025965  -0.001563  -0.025961  0.999660  0.002293  0.001622  -0.002251  0.999996  0.999672  0.025595  -0.001254  -0.025593  0.999672  0.001217  0.001285  -0.001184  0.999998  1.000000  0.000320  -0.000016  -0.000320  1.000000  0.000015  0.000016  -0.000015  1.000000  0.999662  0.025965  -0.001563  -0.025961  0.999660  0.002293  0.001622  -0.002251  0.999996  0.000259  0.025656  
30.156903 0.013496  0.092230  0.001514  0.984208  0.176991  -0.002992  -0.176724  0.983413  0.040825  0.010169  -0.039652  0.999162  0.010646  -0.013174  -0.003359  0.049638  0.038020  0.984735  2.000000  0.999629  0.027195  -0.001624  -0.027192  0.999627  0.002351  0.001687  -0.002306  0.999996  0.999708  0.024150  -0.001181  -0.024149  0.999708  0.000961  0.001204  -0.000932  0.999999  1.000000  0.000302  -0.000015  -0.000302  1.000000  0.000012  0.000015  -0.000012  1.000000  0.999629  0.027195  -0.001624  -0.027192  0.999627  0.002351  0.001687  -0.002306  0.999996  0.000250  0.024199  
30.158151 0.013508  0.092207  0.001510  0.984135  0.177396  -0.002997  -0.177130  0.983345  0.040707  0.010169  -0.039530  0.999167  0.010501  -0.013897  -0.003470  0.040966  0.038519  0.956245  2.000000  0.999597  0.028351  -0.001678  -0.028347  0.999595  0.002398  0.001745  -0.002349  0.999996  0.999747  0.022494  -0.000979  -0.022493  0.999747  0.000825  0.000998  -0.000802  0.999999  1.000000  0.000281  -0.000012  -0.000281  1.000000  0.000010  0.000012  -0.000010  1.000000  0.999597  0.028351  -0.001678  -0.028347  0.999595  0.002398  0.001745  -0.002349  0.999996  0.000242  0.022532  
30.159159 0.013517  0.092189  0.001505  0.984062  0.177801  -0.002980  -0.177535  0.983272  0.040708  0.010169  -0.039530  0.999167  0.010315  -0.014531  -0.003585  0.036828  0.039700  0.932702  2.000000  0.999573  0.029179  -0.001711  -0.029174  0.999571  0.002425  0.001781  -0.002374  0.999996  0.999760  0.021871  -0.000873  -0.021871  0.999761  0.000698  0.000888  -0.000678  0.999999  1.000000  0.000273  -0.000011  -0.000273  1.000000  0.000009  0.000011  -0.000009  1.000000  0.999573  0.029179  -0.001711  -0.029174  0.999571  0.002425  0.001781  -0.002374  0.999996  0.000234  0.021901  
30.160405 0.013528  0.092165  0.001498  0.984025  0.178002  -0.003015  -0.177737  0.983245  0.040470  0.010169  -0.039288  0.999176  0.010091  -0.015259  -0.003768  0.024134  0.041509  0.881696  2.000000  0.999542  0.030225  -0.001746  -0.030221  0.999540  0.002449  0.001820  -0.002395  0.999995  0.999791  0.020421  -0.000665  -0.020421  0.999791  0.000442  0.000674  -0.000428  1.000000  1.000000  0.000255  -0.000008  -0.000255  1.000000  0.000005  0.000008  -0.000005  1.000000  0.999542  0.030225  -0.001746  -0.030221  0.999540  0.002449  0.001820  -0.002395  0.999995  0.000221  0.020438  
30.161411 0.013537  0.092145  0.001492  0.984027  0.177997  -0.002905  -0.177738  0.983251  0.040327  0.010035  -0.039167  0.999182  0.009933  -0.015954  -0.004002  0.015590  0.035251  0.825415  2.000000  0.999519  0.030967  -0.001766  -0.030963  0.999518  0.002457  0.001841  -0.002401  0.999995  0.999808  0.019588  -0.000433  -0.019588  0.999808  0.000191  0.000437  -0.000183  1.000000  1.000000  0.000245  -0.000005  -0.000245  1.000000  0.000002  0.000005  -0.000002  1.000000  0.999519  0.030967  -0.001766  -0.030963  0.999518  0.002457  0.001841  -0.002401  0.999995  0.000209  0.019595  
30.162653 0.013548  0.092121  0.001485  0.983990  0.178199  -0.002919  -0.177940  0.983219  0.040209  0.010035  -0.039046  0.999187  0.009794  -0.016559  -0.004170  0.007103  0.028157  0.776693  2.000000  0.999490  0.031889  -0.001780  -0.031885  0.999489  0.002451  0.001857  -0.002393  0.999995  0.999843  0.017726  -0.000241  -0.017726  0.999843  -0.000192  0.000237  0.000197  1.000000  1.000000  0.000222  -0.000003  -0.000222  1.000000  -0.000002  0.000003  0.000002  1.000000  0.999490  0.031889  -0.001780  -0.031885  0.999489  0.002451  0.001857  -0.002393  0.999995  0.000196  0.017730  
30.163655 0.013557  0.092102  0.001481  0.983953  0.178401  -0.002932  -0.178143  0.983188  0.040090  0.010035  -0.038925  0.999192  0.009618  -0.017052  -0.004210  -0.001269  0.020521  0.741784  2.000000  0.999469  0.032531  -0.001788  -0.032526  0.999468  0.002436  0.001867  -0.002377  0.999995  0.999857  0.016898  -0.000142  -0.016898  0.999857  -0.000443  0.000134  0.000445  1.000000  1.000000  0.000211  -0.000002  -0.000211  1.000000  -0.000006  0.000002  0.000006  1.000000  0.999469  0.032531  -0.001788  -0.032526  0.999468  0.002436  0.001867  -0.002377  0.999995  0.000187  0.016906  
30.164659 0.013566  0.092083  0.001476  0.983917  0.178603  -0.002945  -0.178345  0.983156  0.039971  0.010035  -0.038803  0.999196  0.009422  -0.017515  -0.004269  -0.009862  0.013537  0.698811  2.000000  0.999450  0.033125  -0.001796  -0.033121  0.999448  0.002412  0.001875  -0.002351  0.999995  0.999877  0.015664  -0.000192  -0.015664  0.999877  -0.000697  0.000181  0.000700  1.000000  1.000000  0.000196  -0.000002  -0.000196  1.000000  -0.000009  0.000002  0.000009  1.000000  0.999450  0.033125  -0.001796  -0.033121  0.999448  0.002412  0.001875  -0.002351  0.999995  0.000179  0.015682  
30.165910 0.013577  0.092059  0.001470  0.983917  0.178603  -0.002967  -0.178345  0.983161  0.039852  0.010035  -0.038682  0.999201  0.009277  -0.018059  -0.004414  -0.018217  0.010282  0.658275  2.000000  0.999425  0.033859  -0.001802  -0.033855  0.999424  0.002368  0.001881  -0.002305  0.999996  0.999899  0.014219  -0.000116  -0.014219  0.999898  -0.000953  0.000103  0.000955  1.000000  1.000000  0.000178  -0.000001  -0.000178  1.000000  -0.000012  0.000001  0.000012  1.000000  0.999425  0.033859  -0.001802  -0.033855  0.999424  0.002368  0.001881  -0.002305  0.999996  0.000166  0.014252  
30.167153 0.013586  0.092035  0.001463  0.983917  0.178602  -0.002989  -0.178345  0.983165  0.039733  0.010035  -0.038561  0.999206  0.009082  -0.018458  -0.004576  -0.026594  0.007623  0.605206  2.000000  0.999402  0.034523  -0.001804  -0.034519  0.999401  0.002312  0.001883  -0.002248  0.999996  0.999918  0.012774  -0.000042  -0.012774  0.999918  -0.001209  0.000026  0.001210  0.999999  1.000000  0.000160  -0.000000  -0.000160  1.000000  -0.000015  0.000000  0.000015  1.000000  0.999402  0.034523  -0.001804  -0.034519  0.999401  0.002312  0.001883  -0.002248  0.999996  0.000153  0.012832  
30.168156 0.013594  0.092014  0.001459  0.983917  0.178602  -0.003010  -0.178345  0.983170  0.039614  0.010035  -0.038440  0.999211  0.008950  -0.018660  -0.004618  -0.035542  0.005624  0.547874  2.000000  0.999387  0.034976  -0.001805  -0.034972  0.999386  0.002259  0.001883  -0.002194  0.999996  0.999931  0.011741  0.000051  -0.011740  0.999930  -0.001462  -0.000068  0.001461  0.999999  1.000000  0.000147  0.000001  -0.000147  1.000000  -0.000018  -0.000001  0.000018  1.000000  0.999387  0.034976  -0.001805  -0.034972  0.999386  0.002259  0.001883  -0.002194  0.999996  0.000143  0.011832  
30.169405 0.013605  0.091989  0.001453  0.983881  0.178799  -0.002892  -0.178548  0.983139  0.039471  0.009901  -0.038319  0.999217  0.008865  -0.018925  -0.004688  -0.043635  -0.002003  0.508210  2.000000  0.999367  0.035529  -0.001798  -0.035525  0.999366  0.002179  0.001874  -0.002114  0.999996  0.999945  0.010496  0.000269  -0.010496  0.999943  -0.001718  -0.000287  0.001715  0.999998  1.000000  0.000131  0.000003  -0.000131  1.000000  -0.000021  -0.000003  0.000021  1.000000  0.999367  0.035529  -0.001798  -0.035525  0.999366  0.002179  0.001874  -0.002114  0.999996  0.000129  0.010639  
30.170653 0.013616  0.091964  0.001449  0.983881  0.178799  -0.002914  -0.178548  0.983144  0.039352  0.009901  -0.038197  0.999221  0.008757  -0.019180  -0.004649  -0.052118  -0.004855  0.467142  2.000000  0.999350  0.036014  -0.001786  -0.036010  0.999349  0.002088  0.001860  -0.002022  0.999996  0.999957  0.009257  0.000354  -0.009256  0.999955  -0.001851  -0.000371  0.001847  0.999998  1.000000  0.000116  0.000005  -0.000116  1.000000  -0.000023  -0.000005  0.000023  1.000000  0.999350  0.036014  -0.001786  -0.036010  0.999349  0.002088  0.001860  -0.002022  0.999996  0.000119  0.009446  
30.171654 0.013625  0.091945  0.001446  0.983845  0.179001  -0.002928  -0.178751  0.983112  0.039233  0.009901  -0.038076  0.999226  0.008759  -0.019321  -0.004621  -0.056429  -0.003755  0.439683  2.000000  0.999338  0.036343  -0.001775  -0.036339  0.999337  0.002013  0.001847  -0.001947  0.999996  0.999964  0.008434  0.000322  -0.008433  0.999962  -0.002101  -0.000339  0.002098  0.999998  1.000000  0.000105  0.000004  -0.000105  1.000000  -0.000026  -0.000004  0.000026  1.000000  0.999338  0.036343  -0.001775  -0.036339  0.999337  0.002013  0.001847  -0.001947  0.999996  0.000112  0.008698  
30.172657 0.013635  0.091925  0.001443  0.983845  0.179000  -0.002949  -0.178751  0.983117  0.039114  0.009901  -0.037955  0.999230  0.008759  -0.019451  -0.004565  -0.064825  -0.006876  0.405183  2.000000  0.999327  0.036641  -0.001763  -0.036637  0.999327  0.001931  0.001833  -0.001865  0.999997  0.999971  0.007606  0.000423  -0.007605  0.999969  -0.002230  -0.000440  0.002227  0.999997  1.000000  0.000095  0.000005  -0.000095  1.000000  -0.000028  -0.000005  0.000028  1.000000  0.999327  0.036641  -0.001763  -0.036637  0.999327  0.001931  0.001833  -0.001865  0.999997  0.000103  0.007937  
30.173904 0.013647  0.091900  0.001439  0.983845  0.179000  -0.002971  -0.178751  0.983121  0.038995  0.009901  -0.037834  0.999235  0.008819  -0.019554  -0.004487  -0.073318  -0.009456  0.356760  2.000000  0.999314  0.036982  -0.001747  -0.036979  0.999314  0.001820  0.001814  -0.001754  0.999997  0.999980  0.006372  0.000375  -0.006371  0.999977  -0.002242  -0.000390  0.002240  0.999997  1.000000  0.000080  0.000005  -0.000080  1.000000  -0.000028  -0.000005  0.000028  1.000000  0.999314  0.036982  -0.001747  -0.036979  0.999314  0.001820  0.001814  -0.001754  0.999997  0.000090  0.006765  
30.174905 0.013658  0.091882  0.001437  0.983843  0.179005  -0.003103  -0.178750  0.983120  0.039019  0.010035  -0.037834  0.999234  0.008946  -0.019536  -0.004275  -0.073621  -0.008119  0.322511  2.000000  0.999306  0.037208  -0.001740  -0.037205  0.999306  0.001735  0.001803  -0.001669  0.999997  0.999983  0.005760  0.000218  -0.005759  0.999981  -0.002247  -0.000231  0.002246  0.999997  1.000000  0.000072  0.000003  -0.000072  1.000000  -0.000028  -0.000003  0.000028  1.000000  0.999306  0.037208  -0.001740  -0.037205  0.999306  0.001735  0.001803  -0.001669  0.999997  0.000083  0.006187  
30.176157 0.013672  0.091857  0.001433  0.983806  0.179207  -0.003116  -0.178953  0.983088  0.038900  0.010035  -0.037713  0.999238  0.009168  -0.019491  -0.004002  -0.082093  -0.006785  0.288365  2.000000  0.999298  0.037411  -0.001735  -0.037408  0.999299  0.001648  0.001796  -0.001582  0.999997  0.999988  0.004937  0.000186  -0.004937  0.999985  -0.002377  -0.000198  0.002376  0.999997  1.000000  0.000000  0.000000  0.000000  1.000000  0.000000  0.000000  0.000000  1.000000  0.999298  0.037411  -0.001735  -0.037408  0.999299  0.001648  0.001796  -0.001582  0.999997  0.000074  0.000000  
30.177405 0.013687  0.091833  0.001429  0.983806  0.179207  -0.003138  -0.178953  0.983093  0.038781  0.010035  -0.037591  0.999243  0.009407  -0.019475  -0.003783  -0.086406  -0.009884  0.253713  2.000000  0.999298  0.037411  -0.001735  -0.037408  0.999299  0.001648  0.001796  -0.001582  0.999997  0.999991  0.004320  0.000163  -0.004320  0.999988  -0.002383  -0.000173  0.002382  0.999997  1.000000  0.000000  0.000000  0.000000  1.000000  0.000000  0.000000  0.000000  1.000000  0.999298  0.037411  -0.001735  -0.037408  0.999299  0.001648  0.001796  -0.001582  0.999997  0.000069  0.000000  
30.178652 0.013702  0.091809  0.001426  0.983771  0.179404  -0.002998  -0.179156  0.983057  0.038758  0.009901  -0.037591  0.999244  0.009696  -0.019489  -0.003608  -0.082688  -0.013264  0.226207  2.000000  0.999298  0.037411  -0.001735  -0.037408  0.999299  0.001648  0.001796  -0.001582  0.999997  0.999992  0.003904  0.000281  -0.003903  0.999990  -0.002387  -0.000290  0.002386  0.999997  1.000000  0.000000  0.000000  0.000000  1.000000  0.000000  0.000000  0.000000  1.000000  0.999298  0.037411  -0.001735  -0.037408  0.999299  0.001648  0.001796  -0.001582  0.999997  0.000062  0.000000  
30.179654 0.013715  0.091791  0.001425  0.983771  0.179404  -0.002998  -0.179156  0.983057  0.038758  0.009901  -0.037591  0.999244  0.009960  -0.019515  -0.003416  -0.082928  -0.012191  0.198686  2.000000  0.999298  0.037411  -0.001735  -0.037408  0.999299  0.001648  0.001796  -0.001582  0.999997  0.999995  0.003281  0.000391  -0.003280  0.999992  -0.002272  -0.000399  0.002271  0.999997  1.000000  0.000000  0.000000  0.000000  1.000000  0.000000  0.000000  0.000000  1.000000  0.999298  0.037411  -0.001735  -0.037408  0.999299  0.001648  0.001796  -0.001582  0.999997  0.000056  0.000000  
30.180903 0.013732  0.091767  0.001422  0.983734  0.179606  -0.002990  -0.179358  0.983020  0.038758  0.009901  -0.037591  0.999244  0.010357  -0.019493  -0.003210  -0.083144  -0.011393  0.178137  2.000000  0.999298  0.037411  -0.001735  -0.037408  0.999299  0.001648  0.001796  -0.001582  0.999997  0.999995  0.003076  0.000384  -0.003075  0.999993  -0.002153  -0.000390  0.002152  0.999998  1.000000  0.000000  0.000000  0.000000  1.000000  0.000000  0.000000  0.000000  1.000000  0.999298  0.037411  -0.001735  -0.037408  0.999299  0.001648  0.001796  -0.001582  0.999997  0.000051  0.000000  
30.181907 0.013745  0.091748  0.001418  0.983697  0.179809  -0.002983  -0.179561  0.982983  0.038759  0.009901  -0.037591  0.999244  0.010769  -0.019460  -0.003054  0.000000  0.000000  0.000000  2.000000  0.999298  0.037411  -0.001735  -0.037408  0.999299  0.001648  0.001796  -0.001582  0.999997  0.999996  0.002664  0.000368  -0.002663  0.999994  -0.002036  -0.000373  0.002035  0.999998  1.000000  0.000000  0.000000  0.000000  1.000000  0.000000  0.000000  0.000000  1.000000  0.999298  0.037411  -0.001735  -0.037408  0.999299  0.001648  0.001796  -0.001582  0.999997  0.000000  0.000000  
30.182907 0.013759  0.091728  0.001415  0.983697  0.179809  -0.002983  -0.179561  0.982983  0.038759  0.009901  -0.037591  0.999244  0.011106  -0.019406  -0.003031  0.000000  0.000000  0.000000  2.000000  0.999298  0.037411  -0.001735  -0.037408  0.999299  0.001648  0.001796  -0.001582  0.999997  0.999997  0.002459  0.000360  -0.002458  0.999995  -0.001916  -0.000365  0.001916  0.999998  1.000000  0.000000  0.000000  0.000000  1.000000  0.000000  0.000000  0.000000  1.000000  0.999298  0.037411  -0.001735  -0.037408  0.999299  0.001648  0.001796  -0.001582  0.999997  0.000000  0.000000  
30.184154 0.013776  0.091704  0.001411  0.983660  0.180011  -0.002975  -0.179763  0.982946  0.038759  0.009901  -0.037591  0.999244  0.011563  -0.019320  -0.002931  0.000000  0.000000  0.000000  2.000000  0.999298  0.037411  -0.001735  -0.037408  0.999299  0.001648  0.001796  -0.001582  0.999997  0.999997  0.002253  0.000353  -0.002252  0.999996  -0.001797  -0.000357  0.001796  0.999998  1.000000  0.000000  0.000000  0.000000  1.000000  0.000000  0.000000  0.000000  1.000000  0.999298  0.037411  -0.001735  -0.037408  0.999299  0.001648  0.001796  -0.001582  0.999997  0.000000  0.000000  
30.185405 0.013793  0.091680  0.001407  0.983623  0.180214  -0.002967  -0.179966  0.982909  0.038760  0.009901  -0.037591  0.999244  0.011984  -0.019254  -0.002853  0.000000  0.000000  0.000000  2.000000  0.999298  0.037411  -0.001735  -0.037408  0.999299  0.001648  0.001796  -0.001582  0.999997  0.999997  0.002258  0.000219  -0.002257  0.999996  -0.001555  -0.000222  0.001554  0.999999  1.000000  0.000000  0.000000  0.000000  1.000000  0.000000  0.000000  0.000000  1.000000  0.999298  0.037411  -0.001735  -0.037408  0.999299  0.001648  0.001796  -0.001582  0.999997  0.000000  0.000000  
30.186653 0.013811  0.091657  0.001404  0.983549  0.180619  -0.002929  -0.180371  0.982830  0.038880  0.009901  -0.037713  0.999240  0.012362  -0.019218  -0.002764  0.000000  0.000000  0.000000  2.000000  0.999298  0.037411  -0.001735  -0.037408  0.999299  0.001648  0.001796  -0.001582  0.999997  0.999998  0.002052  0.000211  -0.002052  0.999997  -0.001314  -0.000214  0.001314  0.999999  1.000000  0.000000  0.000000  0.000000  1.000000  0.000000  0.000000  0.000000  1.000000  0.999298  0.037411  -0.001735  -0.037408  0.999299  0.001648  0.001796  -0.001582  0.999997  0.000000  0.000000  
30.187903 0.013829  0.091633  0.001402  0.983512  0.180821  -0.002899  -0.180573  0.982788  0.039000  0.009901  -0.037834  0.999235  0.012853  -0.019188  -0.002704  0.000000  0.000000  0.000000  2.000000  0.999298  0.037411  -0.001735  -0.037408  0.999299  0.001648  0.001796  -0.001582  0.999997  0.999997  0.002258  0.000219  -0.002258  0.999997  -0.000948  -0.000222  0.000948  1.000000  1.000000  0.000000  0.000000  0.000000  1.000000  0.000000  0.000000  0.000000  1.000000  0.999298  0.037411  -0.001735  -0.037408  0.999299  0.001648  0.001796  -0.001582  0.999997  0.000000  0.000000  
30.188903 0.013844  0.091615  0.001400  0.983475  0.181024  -0.002891  -0.180776  0.982751  0.039001  0.009901  -0.037834  0.999235  0.013131  -0.019059  -0.002588  0.000000  0.000000  0.000000  2.000000  0.999298  0.037411  -0.001735  -0.037408  0.999299  0.001648  0.001796  -0.001582  0.999997  0.999997  0.002463  0.000227  -0.002463  0.999997  -0.000825  -0.000229  0.000824  1.000000  1.000000  0.000000  0.000000  0.000000  1.000000  0.000000  0.000000  0.000000  1.000000  0.999298  0.037411  -0.001735  -0.037408  0.999299  0.001648  0.001796  -0.001582  0.999997  0.000000  0.000000  
30.190150 0.013863  0.091592  0.001399  0.983400  0.181429  -0.002853  -0.181181  0.982671  0.039121  0.009901  -0.037955  0.999230  0.013551  -0.019014  -0.002455  0.000000  0.000000  0.000000  2.000000  0.999298  0.037411  -0.001735  -0.037408  0.999299  0.001648  0.001796  -0.001582  0.999997  0.999996  0.002669  0.000235  -0.002669  0.999996  -0.000459  -0.000237  0.000458  1.000000  1.000000  0.000000  0.000000  0.000000  1.000000  0.000000  0.000000  0.000000  1.000000  0.999298  0.037411  -0.001735  -0.037408  0.999299  0.001648  0.001796  -0.001582  0.999997  0.000000  0.000000  
