1-Time 2-Px 3-Py 4-Pz 5-R11 6-R21 7-R31 8-R12 9-R22 10-R32 11-R13 12-R23 13-R33 14-Vx 15-Vy 16-Vz 17-Wx 18-Wy 19-Wz 20-state 21-PR11 22-PR21 23-PR31 24-PR12 25-PR22 26-PR32 27-PR13 28-PR23 29-PR33 
78.241718 0.007314  0.094292  -0.000916  0.990580  0.135965  0.016267  -0.136053  0.990692  0.004377  -0.015520  -0.006549  0.999858  -0.000336  -0.000413  -0.000221  0.000000  0.000000  0.000000  2.000000  1.000000  0.000000  0.000000  -0.000000  1.000000  0.000000  0.000000  -0.000000  1.000000  1.000000  -0.000620  0.000397  0.000620  1.000000  -0.000112  -0.000397  0.000112  1.000000  1.000000  0.000000  0.000000  0.000000  1.000000  0.000000  0.000000  0.000000  1.000000  0.775363  0.263285  -0.574015  -0.390176  0.914430  -0.107614  0.496563  0.307406  0.811743  0.000000  0.000000  
78.242726 0.007314  0.094291  -0.000916  0.990580  0.135965  0.016267  -0.136053  0.990692  0.004377  -0.015520  -0.006549  0.999858  -0.000319  -0.000447  -0.000247  0.000000  0.000000  0.000000  2.000000  1.000000  0.000000  0.000000  0.000000  1.000000  0.000000  0.000000  0.000000  1.000000  1.000000  -0.000826  0.000396  0.000826  1.000000  -0.000109  -0.000396  0.000109  1.000000  1.000000  0.000000  0.000000  0.000000  1.000000  0.000000  0.000000  0.000000  1.000000  1.000000  0.000000  0.000000  0.000000  1.000000  0.000000  0.000000  0.000000  1.000000  0.000000  0.000000  
78.243737 0.007314  0.094291  -0.000917  0.990522  0.136373  0.016401  -0.136460  0.990636  0.004352  -0.015654  -0.006549  0.999856  -0.000288  -0.000499  -0.000257  0.000000  0.000000  0.000000  2.000000  1.000000  0.000000  0.000000  0.000000  1.000000  0.000000  0.000000  0.000000  1.000000  1.000000  -0.000415  0.000532  0.000415  1.000000  -0.000115  -0.000532  0.000115  1.000000  1.000000  0.000000  0.000000  0.000000  1.000000  0.000000  0.000000  0.000000  1.000000  1.000000  0.000000  0.000000  0.000000  1.000000  0.000000  0.000000  0.000000  1.000000  0.000000  0.000000  
78.244977 0.007316  0.094289  -0.000917  0.990377  0.137390  0.016670  -0.137479  0.990495  0.004299  -0.015921  -0.006549  0.999852  -0.000183  -0.000580  -0.000291  0.000000  0.000000  0.000000  2.000000  1.000000  0.000000  0.000000  0.000000  1.000000  0.000000  0.000000  0.000000  1.000000  1.000000  0.000613  0.000673  -0.000613  1.000000  -0.000131  -0.000673  0.000131  1.000000  1.000000  0.000000  0.000000  0.000000  1.000000  0.000000  0.000000  0.000000  1.000000  1.000000  0.000000  0.000000  0.000000  1.000000  0.000000  0.000000  0.000000  1.000000  0.000000  0.000000  
78.245992 0.007317  0.094287  -0.000918  0.990287  0.138000  0.016938  -0.138090  0.990411  0.004251  -0.016189  -0.006549  0.999848  -0.000077  -0.000659  -0.000325  0.000000  0.000000  0.000000  2.000000  1.000000  0.000000  0.000000  0.000000  1.000000  0.000000  0.000000  0.000000  1.000000  0.999999  0.001229  0.000945  -0.001229  0.999999  -0.000141  -0.000945  0.000140  1.000000  1.000000  0.000000  0.000000  0.000000  1.000000  0.000000  0.000000  0.000000  1.000000  1.000000  0.000000  0.000000  0.000000  1.000000  0.000000  0.000000  0.000000  1.000000  0.000000  0.000000  
78.247236 0.007319  0.094285  -0.000919  0.990198  0.138608  0.017222  -0.138701  0.990325  0.004324  -0.016456  -0.006670  0.999842  0.000103  -0.000766  -0.000381  0.000000  0.000000  0.000000  2.000000  1.000000  0.000000  0.000000  0.000000  1.000000  0.000000  0.000000  0.000000  1.000000  0.999997  0.002050  0.001218  -0.002050  0.999998  -0.000034  -0.001218  0.000031  0.999999  1.000000  0.000000  0.000000  0.000000  1.000000  0.000000  0.000000  0.000000  1.000000  1.000000  0.000000  0.000000  0.000000  1.000000  0.000000  0.000000  0.000000  1.000000  0.000000  0.000000  
78.248492 0.007321  0.094283  -0.000919  0.990112  0.139220  0.017225  -0.139313  0.990239  0.004313  -0.016456  -0.006670  0.999842  0.000300  -0.000841  -0.000383  0.000000  0.000000  0.000000  2.000000  1.000000  0.000000  0.000000  0.000000  1.000000  0.000000  0.000000  0.000000  1.000000  0.999996  0.002667  0.001356  -0.002667  0.999996  -0.000044  -0.001356  0.000040  0.999999  1.000000  0.000000  0.000000  0.000000  1.000000  0.000000  0.000000  0.000000  1.000000  1.000000  0.000000  0.000000  0.000000  1.000000  0.000000  0.000000  0.000000  1.000000  0.000000  0.000000  
78.249730 0.007325  0.094283  -0.000919  0.989997  0.140035  0.017229  -0.140128  0.990124  0.004299  -0.016456  -0.006670  0.999842  0.000559  -0.000858  -0.000342  0.000000  0.000000  0.000000  2.000000  1.000000  0.000000  0.000000  0.000000  1.000000  0.000000  0.000000  0.000000  1.000000  0.999993  0.003490  0.001361  -0.003490  0.999994  -0.000058  -0.001361  0.000053  0.999999  1.000000  0.000000  0.000000  0.000000  1.000000  0.000000  0.000000  0.000000  1.000000  1.000000  0.000000  0.000000  0.000000  1.000000  0.000000  0.000000  0.000000  1.000000  0.000000  0.000000  
78.250977 0.007328  0.094282  -0.000919  0.989825  0.141259  0.017102  -0.141351  0.989950  0.004297  -0.016323  -0.006670  0.999845  0.000809  -0.000851  -0.000312  0.000000  0.000000  0.000000  2.000000  1.000000  0.000000  0.000000  0.000000  1.000000  0.000000  0.000000  0.000000  1.000000  0.999988  0.004727  0.001102  -0.004727  0.999989  0.000044  -0.001102  -0.000049  0.999999  1.000000  0.000000  0.000000  0.000000  1.000000  0.000000  0.000000  0.000000  1.000000  1.000000  0.000000  0.000000  0.000000  1.000000  0.000000  0.000000  0.000000  1.000000  0.000000  0.000000  
78.252236 0.007331  0.094279  -0.000920  0.989647  0.142479  0.017257  -0.142573  0.989775  0.004377  -0.016456  -0.006792  0.999842  0.001050  -0.000981  -0.000357  0.000908  -0.046292  0.200209  2.000000  1.000000  0.000280  0.000057  -0.000280  1.000000  0.000008  -0.000057  -0.000008  1.000000  0.999981  0.005961  0.001244  -0.005961  0.999982  0.000144  -0.001244  -0.000152  0.999999  1.000000  0.000075  0.000016  -0.000075  1.000000  0.000002  -0.000016  -0.000002  1.000000  1.000000  0.000280  0.000057  -0.000280  1.000000  0.000008  -0.000057  -0.000008  1.000000  0.000050  0.006092  
78.253512 0.007335  0.094278  -0.000922  0.989466  0.143697  0.017544  -0.143795  0.989598  0.004437  -0.016724  -0.006913  0.999836  0.001339  -0.001065  -0.000459  0.004292  -0.055528  0.241428  2.000000  1.000000  0.000619  0.000123  -0.000619  1.000000  0.000016  -0.000123  -0.000016  1.000000  0.999973  0.007195  0.001387  -0.007196  0.999974  0.000244  -0.001386  -0.000254  0.999999  1.000000  0.000090  0.000017  -0.000090  1.000000  0.000003  -0.000017  -0.000003  1.000000  1.000000  0.000619  0.000123  -0.000619  1.000000  0.000016  -0.000123  -0.000016  1.000000  0.000060  0.007332  
78.254760 0.007340  0.094276  -0.000922  0.989253  0.145121  0.017815  -0.145220  0.989390  0.004373  -0.016992  -0.006913  0.999832  0.001686  -0.001113  -0.000474  0.003483  -0.064842  0.289749  2.000000  0.999999  0.001023  0.000203  -0.001023  0.999999  0.000028  -0.000203  -0.000028  1.000000  0.999961  0.008634  0.001665  -0.008635  0.999963  0.000218  -0.001663  -0.000232  0.999999  1.000000  0.000108  0.000021  -0.000108  1.000000  0.000003  -0.000021  -0.000003  1.000000  0.999999  0.001023  0.000203  -0.001023  0.999999  0.000028  -0.000203  -0.000028  1.000000  0.000071  0.008796  
78.255983 0.007345  0.094276  -0.000921  0.989069  0.146339  0.018103  -0.146441  0.989209  0.004432  -0.017259  -0.007034  0.999826  0.002078  -0.001122  -0.000368  0.006851  -0.074197  0.331456  2.000000  0.999999  0.001503  0.000299  -0.001503  0.999999  0.000042  -0.000299  -0.000043  1.000000  0.999947  0.010072  0.002077  -0.010073  0.999949  0.000311  -0.002074  -0.000332  0.999998  1.000000  0.000126  0.000026  -0.000126  1.000000  0.000004  -0.000026  -0.000004  1.000000  0.999999  0.001503  0.000299  -0.001503  0.999999  0.000042  -0.000299  -0.000043  1.000000  0.000083  0.010289  
78.257231 0.007350  0.094273  -0.000921  0.988822  0.147964  0.018393  -0.148069  0.988967  0.004482  -0.017527  -0.007155  0.999821  0.002437  -0.001240  -0.000316  0.009865  -0.083634  0.393617  2.000000  0.999998  0.002187  0.000435  -0.002187  0.999998  0.000064  -0.000435  -0.000065  1.000000  0.999931  0.011512  0.002222  -0.011512  0.999934  0.000404  -0.002217  -0.000430  0.999997  1.000000  0.000144  0.000028  -0.000144  1.000000  0.000005  -0.000028  -0.000005  1.000000  0.999998  0.002187  0.000435  -0.002187  0.999998  0.000064  -0.000435  -0.000065  1.000000  0.000097  0.011732  
78.258480 0.007355  0.094271  -0.000921  0.988605  0.149388  0.018532  -0.149494  0.988753  0.004436  -0.017661  -0.007155  0.999818  0.002714  -0.001340  -0.000292  0.009047  -0.088482  0.442083  2.000000  0.999996  0.002814  0.000549  -0.002814  0.999996  0.000084  -0.000549  -0.000086  1.000000  0.999913  0.012951  0.002366  -0.012952  0.999916  0.000377  -0.002361  -0.000407  0.999997  1.000000  0.000162  0.000030  -0.000162  1.000000  0.000005  -0.000030  -0.000005  1.000000  0.999996  0.002814  0.000549  -0.002814  0.999996  0.000084  -0.000549  -0.000086  1.000000  0.000109  0.013172  
78.259730 0.007361  0.094268  -0.000922  0.988417  0.150606  0.018688  -0.150715  0.988567  0.004512  -0.017794  -0.007277  0.999815  0.003061  -0.001436  -0.000300  0.016454  -0.088768  0.483578  2.000000  0.999993  0.003677  0.000698  -0.003677  0.999993  0.000113  -0.000697  -0.000116  1.000000  0.999894  0.014392  0.002378  -0.014393  0.999896  0.000473  -0.002370  -0.000507  0.999997  1.000000  0.000180  0.000030  -0.000180  1.000000  0.000006  -0.000030  -0.000006  1.000000  0.999993  0.003677  0.000698  -0.003677  0.999993  0.000113  -0.000697  -0.000116  1.000000  0.000121  0.014596  
78.260731 0.007365  0.094264  -0.000922  0.988261  0.151624  0.018692  -0.151732  0.988411  0.004493  -0.017794  -0.007277  0.999815  0.003243  -0.001561  -0.000296  0.015879  -0.088993  0.518080  2.000000  0.999990  0.004433  0.000823  -0.004433  0.999990  0.000137  -0.000823  -0.000140  1.000000  0.999878  0.015420  0.002519  -0.015421  0.999881  0.000452  -0.002511  -0.000491  0.999997  1.000000  0.000193  0.000031  -0.000193  1.000000  0.000006  -0.000031  -0.000006  1.000000  0.999990  0.004433  0.000823  -0.004433  0.999990  0.000137  -0.000823  -0.000140  1.000000  0.000128  0.015632  
78.262003 0.007371  0.094260  -0.000922  0.988071  0.152842  0.018848  -0.152952  0.988223  0.004569  -0.017928  -0.007398  0.999812  0.003488  -0.001725  -0.000202  0.019218  -0.093743  0.559149  2.000000  0.999985  0.005451  0.000978  -0.005451  0.999985  0.000170  -0.000977  -0.000176  1.000000  0.999855  0.016860  0.002531  -0.016862  0.999858  0.000545  -0.002521  -0.000588  0.999997  1.000000  0.000211  0.000032  -0.000211  1.000000  0.000007  -0.000032  -0.000007  1.000000  0.999985  0.005451  0.000978  -0.005451  0.999985  0.000170  -0.000977  -0.000176  1.000000  0.000140  0.017059  
78.263228 0.007378  0.094254  -0.000923  0.987845  0.154261  0.019138  -0.154375  0.988001  0.004621  -0.018196  -0.007519  0.999806  0.003774  -0.001970  -0.000179  0.022423  -0.103181  0.607924  2.000000  0.999979  0.006335  0.001111  -0.006335  0.999980  0.000200  -0.001110  -0.000207  0.999999  0.999832  0.018093  0.002809  -0.018095  0.999836  0.000640  -0.002797  -0.000690  0.999996  1.000000  0.000226  0.000035  -0.000226  1.000000  0.000008  -0.000035  -0.000008  1.000000  0.999979  0.006335  0.001111  -0.006335  0.999980  0.000200  -0.001110  -0.000207  0.999999  0.000151  0.018323  
78.264240 0.007383  0.094249  -0.000923  0.987680  0.155276  0.019407  -0.155391  0.987842  0.004560  -0.018463  -0.007519  0.999801  0.004033  -0.002321  -0.000281  0.021635  -0.112427  0.649147  2.000000  0.999973  0.007283  0.001257  -0.007284  0.999973  0.000232  -0.001255  -0.000241  0.999999  0.999805  0.019532  0.002953  -0.019534  0.999809  0.000611  -0.002941  -0.000668  0.999995  1.000000  0.000244  0.000037  -0.000244  1.000000  0.000008  -0.000037  -0.000008  1.000000  0.999973  0.007283  0.001257  -0.007284  0.999973  0.000232  -0.001255  -0.000241  0.999999  0.000163  0.019766  
78.265477 0.007391  0.094242  -0.000925  0.987483  0.156492  0.019696  -0.156610  0.987650  0.004613  -0.018731  -0.007640  0.999795  0.004369  -0.002693  -0.000392  0.024882  -0.117308  0.690905  2.000000  0.999963  0.008525  0.001450  -0.008525  0.999964  0.000276  -0.001448  -0.000288  0.999999  0.999792  0.020147  0.003228  -0.020150  0.999797  0.000712  -0.003213  -0.000777  0.999995  1.000000  0.000252  0.000040  -0.000252  1.000000  0.000009  -0.000040  -0.000009  1.000000  0.999963  0.008525  0.001450  -0.008525  0.999964  0.000276  -0.001448  -0.000288  0.999999  0.000174  0.020419  
78.266480 0.007397  0.094235  -0.000926  0.987349  0.157303  0.019964  -0.157423  0.987521  0.004555  -0.018998  -0.007640  0.999790  0.004613  -0.003031  -0.000447  0.024310  -0.126477  0.718403  2.000000  0.999956  0.009278  0.001569  -0.009278  0.999957  0.000302  -0.001567  -0.000317  0.999999  0.999792  0.020147  0.003228  -0.020150  0.999797  0.000710  -0.003213  -0.000774  0.999995  1.000000  0.000252  0.000040  -0.000252  1.000000  0.000009  -0.000040  -0.000009  1.000000  0.999956  0.009278  0.001569  -0.009278  0.999957  0.000302  -0.001567  -0.000317  0.999999  0.000181  0.020419  
78.267730 0.007405  0.094226  -0.000929  0.987183  0.158319  0.020101  -0.158438  0.987359  0.004513  -0.019132  -0.007640  0.999788  0.004825  -0.003495  -0.000515  0.023666  -0.131220  0.752966  2.000000  0.999943  0.010542  0.001768  -0.010543  0.999944  0.000346  -0.001764  -0.000365  0.999998  0.999788  0.020354  0.003095  -0.020356  0.999793  0.000700  -0.003080  -0.000763  0.999995  1.000000  0.000254  0.000039  -0.000254  1.000000  0.000009  -0.000039  -0.000009  1.000000  0.999943  0.010542  0.001768  -0.010543  0.999944  0.000346  -0.001764  -0.000365  0.999998  0.000190  0.020603  
78.268738 0.007411  0.094219  -0.000931  0.987083  0.158925  0.020255  -0.159048  0.987260  0.004599  -0.019266  -0.007761  0.999784  0.005021  -0.003946  -0.000587  0.027202  -0.135911  0.780317  2.000000  0.999931  0.011567  0.001921  -0.011568  0.999933  0.000381  -0.001916  -0.000403  0.999998  0.999784  0.020559  0.003099  -0.020562  0.999788  0.000693  -0.003084  -0.000757  0.999995  1.000000  0.000257  0.000039  -0.000257  1.000000  0.000009  -0.000039  -0.000009  1.000000  0.999931  0.011567  0.001921  -0.011568  0.999933  0.000381  -0.001916  -0.000403  0.999998  0.000197  0.020806  
78.269981 0.007419  0.094209  -0.000933  0.986916  0.159940  0.020392  -0.160063  0.987096  0.004557  -0.019400  -0.007761  0.999782  0.005246  -0.004584  -0.000750  0.026500  -0.136190  0.815078  2.000000  0.999918  0.012613  0.002075  -0.012614  0.999920  0.000415  -0.002069  -0.000441  0.999998  0.999771  0.021177  0.003104  -0.021179  0.999775  0.000679  -0.003089  -0.000744  0.999995  1.000000  0.000265  0.000039  -0.000265  1.000000  0.000009  -0.000039  -0.000009  1.000000  0.999918  0.012613  0.002075  -0.012614  0.999920  0.000415  -0.002069  -0.000441  0.999998  0.000205  0.021416  
78.271225 0.007428  0.094198  -0.000935  0.986781  0.160749  0.020547  -0.160876  0.986964  0.004639  -0.019533  -0.007883  0.999778  0.005458  -0.005143  -0.000964  0.030043  -0.140974  0.842935  2.000000  0.999900  0.013934  0.002275  -0.013935  0.999903  0.000461  -0.002269  -0.000493  0.999997  0.999775  0.020970  0.003238  -0.020972  0.999780  0.000801  -0.003221  -0.000869  0.999994  1.000000  0.000262  0.000040  -0.000262  1.000000  0.000010  -0.000040  -0.000010  1.000000  0.999900  0.013934  0.002275  -0.013935  0.999903  0.000461  -0.002269  -0.000493  0.999997  0.000212  0.021236  
78.272474 0.007434  0.094187  -0.000938  0.986643  0.161560  0.020815  -0.161687  0.986831  0.004578  -0.019801  -0.007883  0.999773  0.005608  -0.005847  -0.001153  0.029083  -0.149002  0.870371  2.000000  0.999881  0.015234  0.002488  -0.015236  0.999884  0.000511  -0.002480  -0.000548  0.999997  0.999783  0.020556  0.003503  -0.020559  0.999788  0.000806  -0.003486  -0.000878  0.999994  1.000000  0.000257  0.000044  -0.000257  1.000000  0.000011  -0.000044  -0.000011  1.000000  0.999881  0.015234  0.002488  -0.015236  0.999884  0.000511  -0.002480  -0.000548  0.999997  0.000219  0.020871  
78.273475 0.007440  0.094177  -0.000940  0.986574  0.161965  0.020949  -0.162093  0.986765  0.004548  -0.019935  -0.007883  0.999770  0.005667  -0.006250  -0.001284  0.028981  -0.149081  0.870827  2.000000  0.999864  0.016249  0.002672  -0.016251  0.999868  0.000545  -0.002662  -0.000589  0.999996  0.999790  0.020142  0.003767  -0.020145  0.999797  0.000688  -0.003753  -0.000764  0.999993  1.000000  0.000252  0.000047  -0.000252  1.000000  0.000009  -0.000047  -0.000009  1.000000  0.999864  0.016249  0.002672  -0.016251  0.999868  0.000545  -0.002662  -0.000589  0.999996  0.000221  0.020506  
78.274725 0.007447  0.094165  -0.000943  0.986502  0.162369  0.021214  -0.162498  0.986699  0.004496  -0.020202  -0.007883  0.999765  0.005782  -0.006879  -0.001443  0.029164  -0.153323  0.849800  2.000000  0.999847  0.017231  0.002857  -0.017232  0.999851  0.000579  -0.002846  -0.000628  0.999996  0.999807  0.019320  0.003627  -0.019323  0.999813  0.000702  -0.003613  -0.000772  0.999993  1.000000  0.000242  0.000045  -0.000242  1.000000  0.000009  -0.000045  -0.000009  1.000000  0.999847  0.017231  0.002857  -0.017232  0.999851  0.000579  -0.002846  -0.000628  0.999996  0.000218  0.019673  
78.275725 0.007453  0.094154  -0.000946  0.986432  0.162775  0.021348  -0.162904  0.986632  0.004465  -0.020336  -0.007883  0.999762  0.005851  -0.007329  -0.001581  0.029125  -0.148851  0.843181  2.000000  0.999830  0.018171  0.003041  -0.018173  0.999835  0.000607  -0.003030  -0.000662  0.999995  0.999822  0.018497  0.003621  -0.018499  0.999829  0.000592  -0.003610  -0.000659  0.999993  1.000000  0.000231  0.000045  -0.000231  1.000000  0.000008  -0.000045  -0.000008  1.000000  0.999830  0.018171  0.003041  -0.018173  0.999835  0.000607  -0.003030  -0.000662  0.999995  0.000214  0.018859  
78.276731 0.007458  0.094143  -0.000949  0.986360  0.163179  0.021614  -0.163309  0.986565  0.004413  -0.020604  -0.007883  0.999757  0.005933  -0.007881  -0.001839  0.024978  -0.148833  0.836199  2.000000  0.999813  0.019064  0.003219  -0.019067  0.999818  0.000632  -0.003207  -0.000693  0.999995  0.999841  0.017469  0.003480  -0.017470  0.999847  0.000490  -0.003471  -0.000550  0.999994  1.000000  0.000218  0.000043  -0.000218  1.000000  0.000006  -0.000043  -0.000007  1.000000  0.999813  0.019064  0.003219  -0.019067  0.999818  0.000632  -0.003207  -0.000693  0.999995  0.000214  0.017820  
78.277977 0.007463  0.094129  -0.000953  0.986290  0.163586  0.021728  -0.163715  0.986498  0.004263  -0.020737  -0.007761  0.999755  0.005843  -0.008430  -0.002040  0.020821  -0.148770  0.836136  2.000000  0.999792  0.020120  0.003435  -0.020122  0.999797  0.000653  -0.003421  -0.000722  0.999994  0.999859  0.016440  0.003470  -0.016441  0.999865  0.000264  -0.003465  -0.000321  0.999994  1.000000  0.000206  0.000043  -0.000206  1.000000  0.000004  -0.000043  -0.000004  1.000000  0.999792  0.020120  0.003435  -0.020122  0.999797  0.000653  -0.003421  -0.000722  0.999994  0.000212  0.016806  
78.279226 0.007469  0.094114  -0.000957  0.986250  0.163788  0.021993  -0.163917  0.986465  0.004214  -0.021005  -0.007761  0.999749  0.005710  -0.008971  -0.002209  0.021101  -0.157588  0.815720  2.000000  0.999771  0.021091  0.003646  -0.021093  0.999777  0.000668  -0.003632  -0.000745  0.999993  0.999882  0.015000  0.003325  -0.015001  0.999887  0.000292  -0.003321  -0.000342  0.999994  1.000000  0.000188  0.000042  -0.000188  1.000000  0.000004  -0.000042  -0.000004  1.000000  0.999771  0.021091  0.003646  -0.021093  0.999777  0.000668  -0.003632  -0.000745  0.999993  0.000209  0.015368  
78.280479 0.007475  0.094101  -0.000961  0.986217  0.163993  0.021974  -0.164120  0.986432  0.004090  -0.021005  -0.007640  0.999750  0.005503  -0.009542  -0.002447  0.018022  -0.162994  0.780682  2.000000  0.999751  0.021982  0.003862  -0.021985  0.999758  0.000674  -0.003847  -0.000758  0.999992  0.999899  0.013765  0.003448  -0.013765  0.999905  0.000073  -0.003447  -0.000121  0.999994  1.000000  0.000172  0.000043  -0.000172  1.000000  0.000001  -0.000043  -0.000001  1.000000  0.999751  0.021982  0.003862  -0.021985  0.999758  0.000674  -0.003847  -0.000758  0.999992  0.000203  0.014191  
78.281479 0.007479  0.094089  -0.000964  0.986214  0.163992  0.022106  -0.164120  0.986432  0.004068  -0.021139  -0.007640  0.999747  0.005408  -0.009777  -0.002557  0.014540  -0.167279  0.746000  2.000000  0.999739  0.022482  0.003990  -0.022485  0.999747  0.000675  -0.003974  -0.000764  0.999992  0.999908  0.013147  0.003444  -0.013148  0.999914  0.000085  -0.003442  -0.000130  0.999994  1.000000  0.000164  0.000043  -0.000164  1.000000  0.000001  -0.000043  -0.000001  1.000000  0.999739  0.022482  0.003990  -0.022485  0.999747  0.000675  -0.003974  -0.000764  0.999992  0.000195  0.013592  
78.282725 0.007484  0.094075  -0.000968  0.986177  0.164197  0.022219  -0.164322  0.986399  0.003922  -0.021272  -0.007519  0.999745  0.005271  -0.010073  -0.002629  0.010798  -0.165707  0.712616  2.000000  0.999720  0.023265  0.004203  -0.023268  0.999729  0.000668  -0.004186  -0.000766  0.999991  0.999921  0.012119  0.003435  -0.012118  0.999927  -0.000138  -0.003436  0.000096  0.999994  1.000000  0.000151  0.000043  -0.000151  1.000000  -0.000001  -0.000043  0.000001  1.000000  0.999720  0.023265  0.004203  -0.023268  0.999729  0.000668  -0.004186  -0.000766  0.999991  0.000185  0.012597  
78.283979 0.007488  0.094060  -0.000972  0.986141  0.164402  0.022331  -0.164525  0.986366  0.003776  -0.021406  -0.007397  0.999743  0.005028  -0.010490  -0.002734  0.003220  -0.160967  0.678190  2.000000  0.999703  0.023961  0.004412  -0.023964  0.999713  0.000654  -0.004395  -0.000760  0.999990  0.999938  0.010679  0.003290  -0.010678  0.999943  -0.000230  -0.003293  0.000194  0.999995  1.000000  0.000133  0.000041  -0.000133  1.000000  -0.000003  -0.000041  0.000003  1.000000  0.999703  0.023961  0.004412  -0.023964  0.999713  0.000654  -0.004395  -0.000760  0.999990  0.000176  0.011177  
78.285221 0.007492  0.094044  -0.000976  0.986138  0.164401  0.022463  -0.164524  0.986366  0.003754  -0.021540  -0.007397  0.999741  0.004733  -0.010824  -0.002835  -0.000209  -0.151821  0.637196  2.000000  0.999687  0.024572  0.004612  -0.024575  0.999698  0.000629  -0.004595  -0.000743  0.999989  0.999952  0.009239  0.003145  -0.009239  0.999957  -0.000321  -0.003148  0.000292  0.999995  1.000000  0.000115  0.000039  -0.000115  1.000000  -0.000004  -0.000039  0.000004  1.000000  0.999687  0.024572  0.004612  -0.024575  0.999698  0.000629  -0.004595  -0.000743  0.999989  0.000165  0.009765  
78.286224 0.007495  0.094031  -0.000980  0.986132  0.164402  0.022707  -0.164523  0.986367  0.003590  -0.021807  -0.007276  0.999736  0.004485  -0.011150  -0.002991  -0.003616  -0.151455  0.595893  2.000000  0.999676  0.025003  0.004766  -0.025006  0.999687  0.000600  -0.004750  -0.000719  0.999988  0.999962  0.008212  0.003003  -0.008210  0.999966  -0.000543  -0.003007  0.000518  0.999995  1.000000  0.000103  0.000038  -0.000103  1.000000  -0.000007  -0.000038  0.000007  1.000000  0.999676  0.025003  0.004766  -0.025006  0.999687  0.000600  -0.004750  -0.000719  0.999988  0.000157  0.008760  
78.287226 0.007497  0.094018  -0.000986  0.986129  0.164403  0.022819  -0.164523  0.986367  0.003448  -0.021941  -0.007155  0.999734  0.004261  -0.011446  -0.003237  -0.010971  -0.151177  0.554780  2.000000  0.999666  0.025380  0.004917  -0.025383  0.999678  0.000567  -0.004901  -0.000692  0.999988  0.999970  0.007183  0.002994  -0.007181  0.999974  -0.000643  -0.002999  0.000622  0.999995  1.000000  0.000090  0.000037  -0.000090  1.000000  -0.000008  -0.000037  0.000008  1.000000  0.999666  0.025380  0.004917  -0.025383  0.999678  0.000567  -0.004901  -0.000692  0.999988  0.000147  0.007808  
78.288474 0.007500  0.094001  -0.000991  0.986126  0.164405  0.022931  -0.164522  0.986368  0.003307  -0.022075  -0.007033  0.999732  0.004013  -0.011715  -0.003352  -0.014135  -0.150804  0.506758  2.000000  0.999654  0.025790  0.005102  -0.025793  0.999667  0.000522  -0.005086  -0.000654  0.999987  0.999977  0.006154  0.002987  -0.006152  0.999981  -0.000743  -0.002991  0.000725  0.999995  1.000000  0.000077  0.000037  -0.000077  1.000000  -0.000009  -0.000037  0.000009  1.000000  0.999654  0.025790  0.005102  -0.025793  0.999667  0.000522  -0.005086  -0.000654  0.999987  0.000136  0.006880  
78.289475 0.007502  0.093988  -0.000994  0.986126  0.164405  0.022931  -0.164522  0.986368  0.003307  -0.022075  -0.007033  0.999732  0.003694  -0.011953  -0.003459  -0.017494  -0.150562  0.472351  2.000000  0.999648  0.026008  0.005209  -0.026011  0.999662  0.000489  -0.005195  -0.000625  0.999986  0.999979  0.005743  0.002850  -0.005741  0.999983  -0.000855  -0.002855  0.000839  0.999996  1.000000  0.000072  0.000036  -0.000072  1.000000  -0.000011  -0.000036  0.000011  1.000000  0.999648  0.026008  0.005209  -0.026011  0.999662  0.000489  -0.005195  -0.000625  0.999986  0.000127  0.006467  
78.290476 0.007505  0.093976  -0.000998  0.986123  0.164407  0.023043  -0.164522  0.986368  0.003165  -0.022209  -0.006912  0.999729  0.003520  -0.012055  -0.003540  -0.021052  -0.150344  0.444930  2.000000  0.999644  0.026142  0.005280  -0.026144  0.999658  0.000467  -0.005266  -0.000604  0.999986  0.999985  0.004715  0.002842  -0.004712  0.999988  -0.000954  -0.002847  0.000941  0.999996  1.000000  0.000000  0.000000  0.000000  1.000000  0.000000  0.000000  0.000000  1.000000  0.999644  0.026142  0.005280  -0.026144  0.999658  0.000467  -0.005266  -0.000604  0.999986  0.000119  0.000000  
78.291725 0.007507  0.093961  -0.001003  0.986157  0.164207  0.023023  -0.164319  0.986403  0.003050  -0.022209  -0.006791  0.999730  0.003275  -0.012149  -0.003603  -0.028071  -0.145516  0.390128  2.000000  0.999644  0.026142  0.005280  -0.026144  0.999658  0.000467  -0.005266  -0.000604  0.999986  0.999989  0.003892  0.002703  -0.003889  0.999992  -0.001057  -0.002707  0.001047  0.999996  1.000000  0.000000  0.000000  0.000000  1.000000  0.000000  0.000000  0.000000  1.000000  0.999644  0.026142  0.005280  -0.026144  0.999658  0.000467  -0.005266  -0.000604  0.999986  0.000109  0.000000  
78.292975 0.007509  0.093946  -0.001009  0.986154  0.164206  0.023155  -0.164318  0.986403  0.003028  -0.022343  -0.006791  0.999727  0.003025  -0.012191  -0.003719  -0.031357  -0.140775  0.348953  2.000000  0.999644  0.026142  0.005280  -0.026144  0.999658  0.000467  -0.005266  -0.000604  0.999986  0.999993  0.002864  0.002562  -0.002861  0.999995  -0.001156  -0.002565  0.001148  0.999996  1.000000  0.000000  0.000000  0.000000  1.000000  0.000000  0.000000  0.000000  1.000000  0.999644  0.026142  0.005280  -0.026144  0.999658  0.000467  -0.005266  -0.000604  0.999986  0.000096  0.000000  
78.293982 0.007510  0.093934  -0.001013  0.986154  0.164209  0.023135  -0.164318  0.986403  0.002908  -0.022343  -0.006670  0.999728  0.002777  -0.012217  -0.003790  -0.034761  -0.132615  0.303563  2.000000  0.999644  0.026142  0.005280  -0.026144  0.999658  0.000467  -0.005266  -0.000604  0.999986  0.999995  0.002248  0.002423  -0.002245  0.999997  -0.001264  -0.002426  0.001258  0.999996  1.000000  0.000000  0.000000  0.000000  1.000000  0.000000  0.000000  0.000000  1.000000  0.999644  0.026142  0.005280  -0.026144  0.999658  0.000467  -0.005266  -0.000604  0.999986  0.000085  0.000000  
78.295230 0.007512  0.093920  -0.001018  0.986148  0.164207  0.023399  -0.164317  0.986403  0.002864  -0.022610  -0.006670  0.999722  0.002541  -0.012234  -0.003855  -0.037881  -0.131261  0.266665  2.000000  0.999644  0.026142  0.005280  -0.026144  0.999658  0.000467  -0.005266  -0.000604  0.999986  0.999996  0.001837  0.002287  -0.001834  0.999998  -0.001255  -0.002289  0.001250  0.999997  1.000000  0.000000  0.000000  0.000000  1.000000  0.000000  0.000000  0.000000  1.000000  0.999644  0.026142  0.005280  -0.026144  0.999658  0.000467  -0.005266  -0.000604  0.999986  0.000075  0.000000  
78.296479 0.007514  0.093907  -0.001023  0.986145  0.164209  0.023511  -0.164317  0.986404  0.002723  -0.022744  -0.006548  0.999720  0.002379  -0.012147  -0.003876  -0.041261  -0.126537  0.232390  2.000000  0.999644  0.026142  0.005280  -0.026144  0.999658  0.000467  -0.005266  -0.000604  0.999986  0.999997  0.001221  0.002149  -0.001218  0.999998  -0.001362  -0.002150  0.001360  0.999997  1.000000  0.000000  0.000000  0.000000  1.000000  0.000000  0.000000  0.000000  1.000000  0.999644  0.026142  0.005280  -0.026144  0.999658  0.000467  -0.005266  -0.000604  0.999986  0.000068  0.000000  
78.297729 0.007517  0.093894  -0.001026  0.986142  0.164211  0.023623  -0.164316  0.986404  0.002581  -0.022878  -0.006427  0.999718  0.002197  -0.012047  -0.003910  -0.044613  -0.126277  0.198085  2.000000  0.999644  0.026142  0.005280  -0.026144  0.999658  0.000467  -0.005266  -0.000604  0.999986  0.999997  0.000809  0.002146  -0.000807  0.999999  -0.001232  -0.002147  0.001230  0.999997  1.000000  0.000000  0.000000  0.000000  1.000000  0.000000  0.000000  0.000000  1.000000  0.999644  0.026142  0.005280  -0.026144  0.999658  0.000467  -0.005266  -0.000604  0.999986  0.000061  0.000000  
78.298979 0.007519  0.093882  -0.001030  0.986142  0.164211  0.023623  -0.164316  0.986404  0.002581  -0.022878  -0.006427  0.999718  0.002057  -0.011866  -0.003920  0.000000  0.000000  0.000000  2.000000  0.999644  0.026142  0.005280  -0.026144  0.999658  0.000467  -0.005266  -0.000604  0.999986  0.999998  0.000605  0.002011  -0.000602  0.999999  -0.001348  -0.002012  0.001347  0.999997  1.000000  0.000000  0.000000  0.000000  1.000000  0.000000  0.000000  0.000000  1.000000  0.999644  0.026142  0.005280  -0.026144  0.999658  0.000467  -0.005266  -0.000604  0.999986  0.000055  0.000000  
78.300225 0.007522  0.093871  -0.001034  0.986176  0.164011  0.023602  -0.164113  0.986438  0.002466  -0.022878  -0.006306  0.999718  0.001970  -0.011527  -0.003867  0.000000  0.000000  0.000000  2.000000  0.999644  0.026142  0.005280  -0.026144  0.999658  0.000467  -0.005266  -0.000604  0.999986  0.999998  0.000194  0.001874  -0.000191  0.999999  -0.001339  -0.001875  0.001339  0.999997  1.000000  0.000000  0.000000  0.000000  1.000000  0.000000  0.000000  0.000000  1.000000  0.999644  0.026142  0.005280  -0.026144  0.999658  0.000467  -0.005266  -0.000604  0.999986  0.000000  0.000000  
78.301478 0.007524  0.093860  -0.001038  0.986142  0.164214  0.023603  -0.164316  0.986405  0.002462  -0.022878  -0.006306  0.999718  0.001900  -0.011149  -0.003758  0.000000  0.000000  0.000000  2.000000  0.999644  0.026142  0.005280  -0.026144  0.999658  0.000467  -0.005266  -0.000604  0.999986  0.999998  -0.000011  0.001739  0.000013  0.999999  -0.001334  -0.001739  0.001334  0.999998  1.000000  0.000000  0.000000  0.000000  1.000000  0.000000  0.000000  0.000000  1.000000  0.999644  0.026142  0.005280  -0.026144  0.999658  0.000467  -0.005266  -0.000604  0.999986  0.000000  0.000000  
78.302725 0.007527  0.093848  -0.001042  0.986142  0.164214  0.023603  -0.164316  0.986405  0.002462  -0.022878  -0.006306  0.999718  0.001913  -0.010865  -0.003677  0.000000  0.000000  0.000000  2.000000  0.999644  0.026142  0.005280  -0.026144  0.999658  0.000467  -0.005266  -0.000604  0.999986  0.999998  -0.000011  0.001739  0.000013  0.999999  -0.001213  -0.001739  0.001213  0.999998  1.000000  0.000000  0.000000  0.000000  1.000000  0.000000  0.000000  0.000000  1.000000  0.999644  0.026142  0.005280  -0.026144  0.999658  0.000467  -0.005266  -0.000604  0.999986  0.000000  0.000000  
78.303725 0.007529  0.093840  -0.001045  0.986139  0.164213  0.023735  -0.164316  0.986405  0.002440  -0.023011  -0.006306  0.999715  0.001903  -0.010574  -0.003599  0.000000  0.000000  0.000000  2.000000  0.999644  0.026142  0.005280  -0.026144  0.999658  0.000467  -0.005266  -0.000604  0.999986  0.999998  -0.000011  0.001739  0.000013  0.999999  -0.001213  -0.001739  0.001213  0.999998  1.000000  0.000000  0.000000  0.000000  1.000000  0.000000  0.000000  0.000000  1.000000  0.999644  0.026142  0.005280  -0.026144  0.999658  0.000467  -0.005266  -0.000604  0.999986  0.000000  0.000000  
78.304725 0.007531  0.093832  -0.001047  0.986136  0.164215  0.023847  -0.164315  0.986405  0.002298  -0.023145  -0.006184  0.999713  0.001898  -0.010217  -0.003459  0.000000  0.000000  0.000000  2.000000  0.999644  0.026142  0.005280  -0.026144  0.999658  0.000467  -0.005266  -0.000604  0.999986  0.999999  -0.000216  0.001604  0.000218  0.999999  -0.001208  -0.001604  0.001209  0.999998  1.000000  0.000000  0.000000  0.000000  1.000000  0.000000  0.000000  0.000000  1.000000  0.999644  0.026142  0.005280  -0.026144  0.999658  0.000467  -0.005266  -0.000604  0.999986  0.000000  0.000000  
78.305727 0.007534  0.093825  -0.001049  0.986136  0.164215  0.023847  -0.164315  0.986405  0.002298  -0.023145  -0.006184  0.999713  0.001927  -0.009858  -0.003306  0.000000  0.000000  0.000000  2.000000  0.999644  0.026142  0.005280  -0.026144  0.999658  0.000467  -0.005266  -0.000604  0.999986  0.999999  -0.000216  0.001604  0.000218  0.999999  -0.001208  -0.001604  0.001209  0.999998  1.000000  0.000000  0.000000  0.000000  1.000000  0.000000  0.000000  0.000000  1.000000  0.999644  0.026142  0.005280  -0.026144  0.999658  0.000467  -0.005266  -0.000604  0.999986  0.000000  0.000000  
78.306974 0.007538  0.093816  -0.001051  0.986099  0.164417  0.023979  -0.164518  0.986371  0.002271  -0.023279  -0.006184  0.999710  0.002072  -0.009448  -0.003112  0.000000  0.000000  0.000000  2.000000  0.999644  0.026142  0.005280  -0.026144  0.999658  0.000467  -0.005266  -0.000604  0.999986  0.999999  -0.000215  0.001470  0.000217  0.999999  -0.001087  -0.001470  0.001087  0.999998  1.000000  0.000000  0.000000  0.000000  1.000000  0.000000  0.000000  0.000000  1.000000  0.999644  0.026142  0.005280  -0.026144  0.999658  0.000467  -0.005266  -0.000604  0.999986  0.000000  0.000000  
78.307975 0.007541  0.093809  -0.001054  0.986099  0.164417  0.023979  -0.164518  0.986371  0.002271  -0.023279  -0.006184  0.999710  0.002171  -0.009101  -0.002996  0.000000  0.000000  0.000000  2.000000  0.999644  0.026142  0.005280  -0.026144  0.999658  0.000467  -0.005266  -0.000604  0.999986  0.999999  -0.000008  0.001338  0.000010  1.000000  -0.000970  -0.001338  0.000970  0.999999  1.000000  0.000000  0.000000  0.000000  1.000000  0.000000  0.000000  0.000000  1.000000  0.999644  0.026142  0.005280  -0.026144  0.999658  0.000467  -0.005266  -0.000604  0.999986  0.000000  0.000000  
78.309221 0.007545  0.093801  -0.001056  0.986099  0.164414  0.023999  -0.164518  0.986371  0.002391  -0.023279  -0.006306  0.999709  0.002321  -0.008680  -0.002831  0.000000  0.000000  0.000000  2.000000  0.999644  0.026142  0.005280  -0.026144  0.999658  0.000467  -0.005266  -0.000604  0.999986  0.999999  -0.000008  0.001204  0.000008  1.000000  -0.000728  -0.001204  0.000728  0.999999  1.000000  0.000000  0.000000  0.000000  1.000000  0.000000  0.000000  0.000000  1.000000  0.999644  0.026142  0.005280  -0.026144  0.999658  0.000467  -0.005266  -0.000604  0.999986  0.000000  0.000000  
78.310230 0.007549  0.093796  -0.001058  0.986096  0.164414  0.024131  -0.164517  0.986371  0.002369  -0.023413  -0.006306  0.999706  0.002456  -0.008224  -0.002662  0.000000  0.000000  0.000000  2.000000  0.999644  0.026142  0.005280  -0.026144  0.999658  0.000467  -0.005266  -0.000604  0.999986  0.999999  -0.000007  0.001070  0.000008  1.000000  -0.000728  -0.001070  0.000728  0.999999  1.000000  0.000000  0.000000  0.000000  1.000000  0.000000  0.000000  0.000000  1.000000  0.999644  0.026142  0.005280  -0.026144  0.999658  0.000467  -0.005266  -0.000604  0.999986  0.000000  0.000000  
78.311479 0.007553  0.093789  -0.001061  0.986062  0.164617  0.024131  -0.164720  0.986337  0.002364  -0.023413  -0.006306  0.999706  0.002573  -0.007769  -0.002576  0.000000  0.000000  0.000000  2.000000  0.999644  0.026142  0.005280  -0.026144  0.999658  0.000467  -0.005266  -0.000604  0.999986  0.999999  -0.000008  0.001204  0.000008  1.000000  -0.000606  -0.001204  0.000606  0.999999  1.000000  0.000000  0.000000  0.000000  1.000000  0.000000  0.000000  0.000000  1.000000  0.999644  0.026142  0.005280  -0.026144  0.999658  0.000467  -0.005266  -0.000604  0.999986  0.000000  0.000000  
78.312481 0.007557  0.093784  -0.001063  0.986062  0.164614  0.024151  -0.164720  0.986337  0.002483  -0.023413  -0.006427  0.999705  0.002680  -0.007449  -0.002461  0.000000  0.000000  0.000000  2.000000  0.999644  0.026142  0.005280  -0.026144  0.999658  0.000467  -0.005266  -0.000604  0.999986  0.999999  0.000404  0.001207  -0.000403  1.000000  -0.000374  -0.001207  0.000373  0.999999  1.000000  0.000000  0.000000  0.000000  1.000000  0.000000  0.000000  0.000000  1.000000  0.999644  0.026142  0.005280  -0.026144  0.999658  0.000467  -0.005266  -0.000604  0.999986  0.000000  0.000000  
78.313725 0.007562  0.093779  -0.001065  0.986059  0.164613  0.024283  -0.164720  0.986337  0.002461  -0.023546  -0.006427  0.999702  0.002877  -0.006994  -0.002325  0.000000  0.000000  0.000000  2.000000  0.999644  0.026142  0.005280  -0.026144  0.999658  0.000467  -0.005266  -0.000604  0.999986  0.999999  0.000404  0.001207  -0.000403  1.000000  -0.000374  -0.001207  0.000373  0.999999  1.000000  0.000000  0.000000  0.000000  1.000000  0.000000  0.000000  0.000000  1.000000  0.999644  0.026142  0.005280  -0.026144  0.999658  0.000467  -0.005266  -0.000604  0.999986  0.000000  0.000000  
78.314727 0.007566  0.093775  -0.001065  0.986025  0.164813  0.024304  -0.164923  0.986303  0.002576  -0.023546  -0.006548  0.999701  0.003032  -0.006656  -0.002149  0.000000  0.000000  0.000000  2.000000  0.999644  0.026142  0.005280  -0.026144  0.999658  0.000467  -0.005266  -0.000604  0.999986  0.999999  0.000404  0.001207  -0.000404  1.000000  -0.000131  -0.001207  0.000131  0.999999  1.000000  0.000000  0.000000  0.000000  1.000000  0.000000  0.000000  0.000000  1.000000  0.999644  0.026142  0.005280  -0.026144  0.999658  0.000467  -0.005266  -0.000604  0.999986  0.000000  0.000000  
78.315980 0.007571  0.093771  -0.001066  0.986022  0.164812  0.024436  -0.164922  0.986303  0.002554  -0.023680  -0.006548  0.999698  0.003240  -0.006110  -0.001925  0.000000  0.000000  0.000000  2.000000  0.999644  0.026142  0.005280  -0.026144  0.999658  0.000467  -0.005266  -0.000604  0.999986  0.999999  0.000610  0.001074  -0.000610  1.000000  -0.000136  -0.001074  0.000135  0.999999  1.000000  0.000000  0.000000  0.000000  1.000000  0.000000  0.000000  0.000000  1.000000  0.999644  0.026142  0.005280  -0.026144  0.999658  0.000467  -0.005266  -0.000604  0.999986  0.000000  0.000000  
78.317225 0.007577  0.093768  -0.001067  0.986019  0.164811  0.024568  -0.164922  0.986303  0.002532  -0.023814  -0.006548  0.999695  0.003431  -0.005592  -0.001711  0.000000  0.000000  0.000000  2.000000  0.999644  0.026142  0.005280  -0.026144  0.999658  0.000467  -0.005266  -0.000604  0.999986  0.999999  0.000611  0.000941  -0.000611  1.000000  -0.000015  -0.000941  0.000014  1.000000  1.000000  0.000000  0.000000  0.000000  1.000000  0.000000  0.000000  0.000000  1.000000  0.999644  0.026142  0.005280  -0.026144  0.999658  0.000467  -0.005266  -0.000604  0.999986  0.000000  0.000000  
