1-Time 2-Px 3-Py 4-Pz 5-R11 6-R21 7-R31 8-R12 9-R22 10-R32 11-R13 12-R23 13-R33 14-Vx 15-Vy 16-Vz 17-Wx 18-Wy 19-Wz 20-state 21-PR11 22-PR21 23-PR31 24-PR12 25-PR22 26-PR32 27-PR13 28-PR23 29-PR33 
100.307360 -0.000964  0.085935  -0.010517  0.995816  0.076426  -0.050088  -0.076207  0.997072  0.006266  0.050421  -0.002423  0.998725  0.002151  -0.000888  -0.006592  0.000000  0.000000  0.000000  2.000000  1.000000  0.000000  0.000000  -0.000000  1.000000  0.000000  0.000000  -0.000000  1.000000  1.000000  -0.000000  0.000134  0.000000  1.000000  0.000121  -0.000134  -0.000121  1.000000  1.000000  0.000000  0.000000  0.000000  1.000000  0.000000  0.000000  0.000000  1.000000  0.575354  0.731614  -0.365661  -0.785184  0.619252  0.003543  0.229028  0.285073  0.930741  0.000000  0.000000  
100.308428 -0.000962  0.085934  -0.010523  0.995810  0.076426  -0.050222  -0.076206  0.997072  0.006276  0.050554  -0.002423  0.998718  0.002136  -0.000904  -0.006518  0.000000  0.000000  0.000000  2.000000  1.000000  0.000000  0.000000  0.000000  1.000000  0.000000  0.000000  0.000000  1.000000  1.000000  -0.000000  0.000134  0.000000  1.000000  0.000121  -0.000134  -0.000121  1.000000  1.000000  0.000000  0.000000  0.000000  1.000000  0.000000  0.000000  0.000000  1.000000  1.000000  0.000000  0.000000  0.000000  1.000000  0.000000  0.000000  0.000000  1.000000  0.000000  0.000000  
100.309617 -0.000961  0.085929  -0.010537  0.995778  0.076837  -0.050219  -0.076616  0.997041  0.006297  0.050554  -0.002423  0.998718  0.002001  -0.001196  -0.006909  0.000000  0.000000  0.000000  2.000000  1.000000  0.000000  0.000000  0.000000  1.000000  0.000000  0.000000  0.000000  1.000000  1.000000  0.000411  0.000001  -0.000411  1.000000  0.000142  -0.000001  -0.000142  1.000000  1.000000  0.000000  0.000000  0.000000  1.000000  0.000000  0.000000  0.000000  1.000000  1.000000  0.000000  0.000000  0.000000  1.000000  0.000000  0.000000  0.000000  1.000000  0.000000  0.000000  
100.310618 -0.000961  0.085923  -0.010550  0.995740  0.077247  -0.050350  -0.077026  0.997009  0.006328  0.050688  -0.002423  0.998712  0.001850  -0.001515  -0.007360  0.000000  0.000000  0.000000  2.000000  1.000000  0.000000  0.000000  0.000000  1.000000  0.000000  0.000000  0.000000  1.000000  1.000000  0.000823  -0.000132  -0.000823  1.000000  0.000163  0.000132  -0.000163  1.000000  1.000000  0.000000  0.000000  0.000000  1.000000  0.000000  0.000000  0.000000  1.000000  1.000000  0.000000  0.000000  0.000000  1.000000  0.000000  0.000000  0.000000  1.000000  0.000000  0.000000  
100.311618 -0.000961  0.085917  -0.010563  0.995701  0.077658  -0.050480  -0.077435  0.996977  0.006359  0.050822  -0.002423  0.998705  0.001738  -0.001834  -0.007783  0.000000  0.000000  0.000000  2.000000  1.000000  0.000000  0.000000  0.000000  1.000000  0.000000  0.000000  0.000000  1.000000  0.999999  0.001234  -0.000265  -0.001234  0.999999  0.000184  0.000265  -0.000184  1.000000  1.000000  0.000000  0.000000  0.000000  1.000000  0.000000  0.000000  0.000000  1.000000  1.000000  0.000000  0.000000  0.000000  1.000000  0.000000  0.000000  0.000000  1.000000  0.000000  0.000000  
100.312619 -0.000960  0.085912  -0.010576  0.995678  0.077870  -0.050603  -0.077640  0.996960  0.006501  0.050955  -0.002544  0.998698  0.001652  -0.002150  -0.008143  0.000000  0.000000  0.000000  2.000000  1.000000  0.000000  0.000000  0.000000  1.000000  0.000000  0.000000  0.000000  1.000000  0.999999  0.001440  -0.000398  -0.001440  0.999999  0.000316  0.000398  -0.000315  1.000000  1.000000  0.000000  0.000000  0.000000  1.000000  0.000000  0.000000  0.000000  1.000000  1.000000  0.000000  0.000000  0.000000  1.000000  0.000000  0.000000  0.000000  1.000000  0.000000  0.000000  
100.313867 -0.000960  0.085904  -0.010592  0.995640  0.078281  -0.050733  -0.078049  0.996928  0.006532  0.051089  -0.002544  0.998691  0.001490  -0.002576  -0.008719  0.000000  0.000000  0.000000  2.000000  1.000000  0.000000  0.000000  0.000000  1.000000  0.000000  0.000000  0.000000  1.000000  0.999999  0.001646  -0.000531  -0.001646  0.999999  0.000205  0.000531  -0.000205  1.000000  1.000000  0.000000  0.000000  0.000000  1.000000  0.000000  0.000000  0.000000  1.000000  1.000000  0.000000  0.000000  0.000000  1.000000  0.000000  0.000000  0.000000  1.000000  0.000000  0.000000  
100.314868 -0.000958  0.085899  -0.010605  0.995601  0.078692  -0.050864  -0.078459  0.996896  0.006563  0.051222  -0.002544  0.998684  0.001460  -0.002875  -0.009130  0.000000  0.000000  0.000000  2.000000  1.000000  0.000000  0.000000  0.000000  1.000000  0.000000  0.000000  0.000000  1.000000  0.999997  0.002263  -0.000663  -0.002263  0.999997  0.000237  0.000664  -0.000236  1.000000  1.000000  0.000000  0.000000  0.000000  1.000000  0.000000  0.000000  0.000000  1.000000  1.000000  0.000000  0.000000  0.000000  1.000000  0.000000  0.000000  0.000000  1.000000  0.000000  0.000000  
100.315870 -0.000957  0.085893  -0.010619  0.995538  0.079308  -0.051126  -0.079072  0.996847  0.006616  0.051490  -0.002544  0.998670  0.001360  -0.003197  -0.009588  0.000000  0.000000  0.000000  2.000000  1.000000  0.000000  0.000000  0.000000  1.000000  0.000000  0.000000  0.000000  1.000000  0.999996  0.002675  -0.000796  -0.002675  0.999996  0.000259  0.000796  -0.000257  1.000000  1.000000  0.000000  0.000000  0.000000  1.000000  0.000000  0.000000  0.000000  1.000000  1.000000  0.000000  0.000000  0.000000  1.000000  0.000000  0.000000  0.000000  1.000000  0.000000  0.000000  
100.317120 -0.000956  0.085886  -0.010637  0.995459  0.080129  -0.051387  -0.079891  0.996781  0.006680  0.051757  -0.002544  0.998656  0.001292  -0.003618  -0.010320  0.000000  0.000000  0.000000  2.000000  1.000000  0.000000  0.000000  0.000000  1.000000  0.000000  0.000000  0.000000  1.000000  0.999993  0.003498  -0.001195  -0.003498  0.999994  0.000302  0.001196  -0.000298  0.999999  1.000000  0.000000  0.000000  0.000000  1.000000  0.000000  0.000000  0.000000  1.000000  1.000000  0.000000  0.000000  0.000000  1.000000  0.000000  0.000000  0.000000  1.000000  0.000000  0.000000  
100.318122 -0.000955  0.085880  -0.010654  0.995379  0.080951  -0.051648  -0.080710  0.996715  0.006743  0.052024  -0.002544  0.998643  0.001165  -0.003955  -0.010974  0.000000  0.000000  0.000000  2.000000  1.000000  0.000000  0.000000  0.000000  1.000000  0.000000  0.000000  0.000000  1.000000  0.999990  0.004321  -0.001326  -0.004321  0.999991  0.000346  0.001328  -0.000340  0.999999  1.000000  0.000000  0.000000  0.000000  1.000000  0.000000  0.000000  0.000000  1.000000  1.000000  0.000000  0.000000  0.000000  1.000000  0.000000  0.000000  0.000000  1.000000  0.000000  0.000000  
100.319372 -0.000955  0.085872  -0.010675  0.995298  0.081766  -0.051919  -0.081528  0.996649  0.006687  0.052291  -0.002423  0.998629  0.000987  -0.004409  -0.011911  0.013324  0.058019  0.179753  2.000000  1.000000  0.000052  0.000044  -0.000052  1.000000  0.000005  -0.000044  -0.000005  1.000000  0.999985  0.005145  -0.001859  -0.005144  0.999987  0.000390  0.001861  -0.000381  0.999998  1.000000  0.000052  0.000044  -0.000052  1.000000  0.000005  -0.000044  -0.000005  1.000000  1.000000  0.000052  0.000044  -0.000052  1.000000  0.000005  -0.000044  -0.000005  1.000000  0.000046  0.005484  
100.320622 -0.000954  0.085865  -0.010698  0.995210  0.082588  -0.052313  -0.082346  0.996581  0.006763  0.052692  -0.002423  0.998608  0.000878  -0.004851  -0.012936  0.014788  0.071439  0.207410  2.000000  1.000000  0.000337  0.000284  -0.000337  1.000000  0.000023  -0.000284  -0.000023  1.000000  0.999980  0.005968  -0.002125  -0.005967  0.999982  0.000314  0.002127  -0.000301  0.999998  1.000000  0.000060  0.000051  -0.000060  1.000000  0.000004  -0.000051  -0.000004  1.000000  1.000000  0.000337  0.000284  -0.000337  1.000000  0.000023  -0.000284  -0.000023  1.000000  0.000053  0.006342  
100.321876 -0.000953  0.085857  -0.010721  0.995121  0.083403  -0.052717  -0.083164  0.996513  0.006718  0.053093  -0.002301  0.998587  0.000788  -0.005318  -0.013981  0.012186  0.084859  0.235022  2.000000  1.000000  0.000669  0.000564  -0.000669  1.000000  0.000038  -0.000564  -0.000038  1.000000  0.999974  0.006791  -0.002525  -0.006790  0.999977  0.000238  0.002527  -0.000221  0.999997  1.000000  0.000070  0.000058  -0.000070  1.000000  0.000003  -0.000058  -0.000003  1.000000  1.000000  0.000669  0.000564  -0.000669  1.000000  0.000038  -0.000564  -0.000038  1.000000  0.000061  0.007249  
100.323122 -0.000953  0.085846  -0.010747  0.994996  0.084622  -0.053128  -0.084391  0.996411  0.006576  0.053494  -0.002059  0.998566  0.000614  -0.005968  -0.015233  0.006243  0.098296  0.276519  2.000000  0.999999  0.000976  0.000817  -0.000977  1.000000  0.000046  -0.000817  -0.000047  1.000000  0.999965  0.007819  -0.002925  -0.007819  0.999969  0.000175  0.002926  -0.000152  0.999996  1.000000  0.000081  0.000066  -0.000081  1.000000  0.000002  -0.000066  -0.000002  1.000000  0.999999  0.000976  0.000817  -0.000977  1.000000  0.000046  -0.000817  -0.000047  1.000000  0.000070  0.008350  
100.324372 -0.000953  0.085835  -0.010774  0.994887  0.085642  -0.053531  -0.085413  0.996324  0.006544  0.053895  -0.001938  0.998545  0.000578  -0.006330  -0.016063  -0.000046  0.111705  0.311079  2.000000  0.999998  0.001417  0.001181  -0.001417  0.999999  0.000049  -0.001181  -0.000051  0.999999  0.999953  0.009053  -0.003325  -0.009053  0.999959  0.000002  0.003325  0.000028  0.999994  1.000000  0.000093  0.000077  -0.000093  1.000000  -0.000000  -0.000077  0.000000  1.000000  0.999998  0.001417  0.001181  -0.001417  0.999999  0.000049  -0.001181  -0.000051  0.999999  0.000081  0.009645  
100.325621 -0.000953  0.085824  -0.010800  0.994795  0.086456  -0.053935  -0.086231  0.996254  0.006502  0.054296  -0.001817  0.998523  0.000583  -0.006652  -0.016717  -0.002608  0.125159  0.338749  2.000000  0.999997  0.001916  0.001590  -0.001916  0.999998  0.000048  -0.001590  -0.000051  0.999999  0.999942  0.010082  -0.003859  -0.010082  0.999949  -0.000059  0.003858  0.000098  0.999993  1.000000  0.000105  0.000085  -0.000105  1.000000  -0.000001  -0.000085  0.000001  1.000000  0.999997  0.001916  0.001590  -0.001916  0.999998  0.000048  -0.001590  -0.000051  0.999999  0.000090  0.010796  
100.326864 -0.000952  0.085812  -0.010825  0.994683  0.087476  -0.054339  -0.087253  0.996165  0.006471  0.054696  -0.001696  0.998502  0.000623  -0.006949  -0.017260  -0.004797  0.138628  0.373395  2.000000  0.999995  0.002462  0.002033  -0.002462  0.999997  0.000044  -0.002033  -0.000049  0.999998  0.999932  0.010905  -0.004125  -0.010905  0.999941  -0.000011  0.004124  0.000056  0.999991  1.000000  0.000113  0.000092  -0.000113  1.000000  -0.000000  -0.000092  0.000000  1.000000  0.999995  0.002462  0.002033  -0.002462  0.999997  0.000044  -0.002033  -0.000049  0.999998  0.000098  0.011659  
100.327867 -0.000951  0.085802  -0.010845  0.994597  0.088297  -0.054599  -0.088071  0.996093  0.006540  0.054964  -0.001696  0.998487  0.000621  -0.007283  -0.017834  -0.003286  0.147544  0.400993  2.000000  0.999993  0.002937  0.002417  -0.002937  0.999996  0.000037  -0.002417  -0.000044  0.999997  0.999921  0.011727  -0.004525  -0.011728  0.999931  -0.000083  0.004524  0.000136  0.999990  1.000000  0.000122  0.000099  -0.000122  1.000000  -0.000001  -0.000099  0.000001  1.000000  0.999993  0.002937  0.002417  -0.002937  0.999996  0.000037  -0.002417  -0.000044  0.999997  0.000105  0.012571  
100.328868 -0.000949  0.085790  -0.010866  0.994509  0.089117  -0.054860  -0.088888  0.996020  0.006608  0.055231  -0.001696  0.998472  0.000679  -0.007662  -0.018439  -0.001798  0.160985  0.428679  2.000000  0.999990  0.003445  0.002831  -0.003445  0.999994  0.000031  -0.002831  -0.000041  0.999996  0.999910  0.012550  -0.004791  -0.012550  0.999921  -0.000034  0.004790  0.000094  0.999989  1.000000  0.000130  0.000106  -0.000130  1.000000  -0.000001  -0.000106  0.000001  1.000000  0.999990  0.003445  0.002831  -0.003445  0.999994  0.000031  -0.002831  -0.000041  0.999996  0.000113  0.013434  
100.329869 -0.000947  0.085780  -0.010887  0.994413  0.089932  -0.055265  -0.089705  0.995947  0.006569  0.055632  -0.001574  0.998450  0.000762  -0.007963  -0.018903  -0.004320  0.174429  0.456286  2.000000  0.999987  0.003974  0.003268  -0.003974  0.999992  0.000023  -0.003268  -0.000036  0.999995  0.999904  0.012961  -0.004925  -0.012962  0.999916  -0.000129  0.004923  0.000193  0.999988  1.000000  0.000134  0.000110  -0.000134  1.000000  -0.000002  -0.000110  0.000002  1.000000  0.999987  0.003974  0.003268  -0.003974  0.999992  0.000023  -0.003268  -0.000036  0.999995  0.000120  0.013866  
100.331117 -0.000943  0.085765  -0.010917  0.994287  0.091162  -0.055523  -0.090932  0.995835  0.006661  0.055899  -0.001574  0.998435  0.000920  -0.008447  -0.019707  -0.002053  0.183347  0.497775  2.000000  0.999983  0.004534  0.003729  -0.004534  0.999990  0.000014  -0.003729  -0.000031  0.999993  0.999892  0.013783  -0.005191  -0.013784  0.999905  -0.000078  0.005190  0.000150  0.999987  1.000000  0.000142  0.000117  -0.000142  1.000000  -0.000001  -0.000117  0.000001  1.000000  0.999983  0.004534  0.003729  -0.004534  0.999990  0.000014  -0.003729  -0.000031  0.999993  0.000131  0.014729  
100.332118 -0.000941  0.085753  -0.010944  0.994216  0.091771  -0.055796  -0.091545  0.995779  0.006599  0.056166  -0.001453  0.998420  0.001000  -0.008862  -0.020426  -0.004956  0.192336  0.518522  2.000000  0.999978  0.005112  0.004208  -0.005113  0.999987  0.000003  -0.004208  -0.000024  0.999991  0.999885  0.014194  -0.005326  -0.014195  0.999899  -0.000173  0.005323  0.000248  0.999986  1.000000  0.000146  0.000120  -0.000146  1.000000  -0.000003  -0.000120  0.000003  1.000000  0.999978  0.005112  0.004208  -0.005113  0.999987  0.000003  -0.004208  -0.000024  0.999991  0.000138  0.015162  
100.333122 -0.000938  0.085741  -0.010970  0.994125  0.092591  -0.056056  -0.092362  0.995703  0.006670  0.056433  -0.001453  0.998405  0.001188  -0.009263  -0.021095  -0.003408  0.201252  0.546109  2.000000  0.999973  0.005709  0.004695  -0.005709  0.999984  -0.000013  -0.004695  -0.000014  0.999989  0.999878  0.014605  -0.005458  -0.014607  0.999893  -0.000267  0.005454  0.000347  0.999985  1.000000  0.000150  0.000124  -0.000150  1.000000  -0.000004  -0.000124  0.000004  1.000000  0.999973  0.005709  0.004695  -0.005709  0.999984  -0.000013  -0.004695  -0.000014  0.999989  0.000144  0.015596  
100.334368 -0.000933  0.085725  -0.011005  0.994026  0.093405  -0.056461  -0.093179  0.995627  0.006633  0.056834  -0.001332  0.998383  0.001452  -0.009833  -0.021954  -0.005891  0.214733  0.573782  2.000000  0.999965  0.006481  0.005333  -0.006481  0.999979  -0.000040  -0.005334  0.000006  0.999986  0.999869  0.015221  -0.005593  -0.015224  0.999884  -0.000349  0.005587  0.000434  0.999984  1.000000  0.000156  0.000130  -0.000156  1.000000  -0.000005  -0.000130  0.000005  1.000000  0.999965  0.006481  0.005333  -0.006481  0.999979  -0.000040  -0.005334  0.000006  0.999986  0.000151  0.016222  
100.335375 -0.000930  0.085712  -0.011031  0.993941  0.094218  -0.056600  -0.093996  0.995551  0.006571  0.056967  -0.001211  0.998375  0.001657  -0.010368  -0.022564  -0.008440  0.219153  0.601244  2.000000  0.999958  0.007108  0.005853  -0.007107  0.999975  -0.000065  -0.005854  0.000023  0.999983  0.999865  0.015426  -0.005728  -0.015429  0.999881  -0.000455  0.005720  0.000543  0.999983  1.000000  0.000158  0.000131  -0.000158  1.000000  -0.000006  -0.000131  0.000006  1.000000  0.999958  0.007108  0.005853  -0.007107  0.999975  -0.000065  -0.005854  0.000023  0.999983  0.000158  0.016464  
100.336617 -0.000925  0.085696  -0.011065  0.993848  0.095031  -0.056872  -0.094813  0.995474  0.006522  0.057235  -0.001090  0.998360  0.001856  -0.010873  -0.023231  -0.010949  0.228211  0.629089  2.000000  0.999948  0.007896  0.006509  -0.007895  0.999969  -0.000101  -0.006509  0.000050  0.999979  0.999865  0.015426  -0.005728  -0.015429  0.999881  -0.000451  0.005720  0.000539  0.999983  1.000000  0.000158  0.000131  -0.000158  1.000000  -0.000006  -0.000131  0.000006  1.000000  0.999948  0.007896  0.006509  -0.007895  0.999969  -0.000101  -0.006509  0.000050  0.999979  0.000166  0.016463  
100.337618 -0.000921  0.085683  -0.011091  0.993762  0.095851  -0.057000  -0.095631  0.995395  0.006582  0.057368  -0.001090  0.998352  0.002130  -0.011254  -0.023669  -0.009417  0.232714  0.656888  2.000000  0.999939  0.008527  0.007043  -0.008527  0.999964  -0.000136  -0.007044  0.000076  0.999975  0.999862  0.015631  -0.005595  -0.015634  0.999878  -0.000558  0.005586  0.000646  0.999984  1.000000  0.000158  0.000134  -0.000158  1.000000  -0.000008  -0.000134  0.000008  1.000000  0.999939  0.008527  0.007043  -0.008527  0.999964  -0.000136  -0.007044  0.000076  0.999975  0.000173  0.016614  
100.338619 -0.000917  0.085670  -0.011115  0.993688  0.096459  -0.057273  -0.096243  0.995336  0.006522  0.057635  -0.000969  0.998337  0.002438  -0.011514  -0.023925  -0.012614  0.237216  0.670661  2.000000  0.999932  0.009002  0.007446  -0.009001  0.999959  -0.000165  -0.007447  0.000098  0.999972  0.999862  0.015630  -0.005597  -0.015634  0.999878  -0.000677  0.005586  0.000765  0.999984  1.000000  0.000158  0.000134  -0.000158  1.000000  -0.000009  -0.000134  0.000009  1.000000  0.999932  0.009002  0.007446  -0.009001  0.999959  -0.000165  -0.007447  0.000098  0.999972  0.000176  0.016618  
100.339619 -0.000913  0.085658  -0.011139  0.993620  0.097067  -0.057414  -0.096856  0.995277  0.006450  0.057769  -0.000848  0.998330  0.002666  -0.011691  -0.024048  -0.016224  0.237224  0.677490  2.000000  0.999922  0.009634  0.007986  -0.009633  0.999954  -0.000210  -0.007988  0.000133  0.999968  0.999863  0.015629  -0.005465  -0.015633  0.999877  -0.000796  0.005452  0.000882  0.999985  1.000000  0.000157  0.000135  -0.000157  1.000000  -0.000011  -0.000135  0.000010  1.000000  0.999922  0.009634  0.007986  -0.009633  0.999954  -0.000210  -0.007988  0.000133  0.999968  0.000180  0.016579  
100.340873 -0.000907  0.085642  -0.011169  0.993553  0.097668  -0.057567  -0.097469  0.995219  0.006257  0.057902  -0.000605  0.998322  0.003062  -0.011971  -0.024277  -0.023909  0.237275  0.684308  2.000000  0.999911  0.010260  0.008530  -0.010258  0.999947  -0.000257  -0.008532  0.000170  0.999964  0.999864  0.015628  -0.005333  -0.015632  0.999877  -0.000794  0.005320  0.000878  0.999985  1.000000  0.000155  0.000136  -0.000155  1.000000  -0.000010  -0.000136  0.000010  1.000000  0.999911  0.010260  0.008530  -0.010258  0.999947  -0.000257  -0.008532  0.000170  0.999964  0.000180  0.016535  
100.342121 -0.000902  0.085626  -0.011198  0.993492  0.098276  -0.057575  -0.098083  0.995159  0.006172  0.057902  -0.000484  0.998322  0.003343  -0.012211  -0.024533  -0.031641  0.232785  0.691259  2.000000  0.999897  0.011028  0.009206  -0.011025  0.999939  -0.000324  -0.009209  0.000223  0.999958  0.999868  0.015421  -0.005070  -0.015426  0.999881  -0.000925  0.005055  0.001004  0.999987  1.000000  0.000151  0.000135  -0.000151  1.000000  -0.000012  -0.000135  0.000012  1.000000  0.999897  0.011028  0.009206  -0.011025  0.999939  -0.000324  -0.009209  0.000223  0.999958  0.000183  0.016262  
100.343122 -0.000898  0.085612  -0.011223  0.993424  0.098883  -0.057716  -0.098696  0.995099  0.006100  0.058036  -0.000363  0.998314  0.003544  -0.012446  -0.024922  -0.034915  0.237290  0.705026  2.000000  0.999885  0.011625  0.009742  -0.011621  0.999932  -0.000381  -0.009746  0.000267  0.999952  0.999876  0.015008  -0.004805  -0.015013  0.999887  -0.000947  0.004790  0.001019  0.999988  1.000000  0.000146  0.000133  -0.000146  1.000000  -0.000012  -0.000133  0.000012  1.000000  0.999885  0.011625  0.009742  -0.011621  0.999932  -0.000381  -0.009746  0.000267  0.999952  0.000185  0.015790  
100.344365 -0.000893  0.085595  -0.011255  0.993355  0.099484  -0.057869  -0.099308  0.995039  0.005907  0.058170  -0.000121  0.998307  0.003654  -0.012676  -0.025247  -0.042217  0.231057  0.706352  2.000000  0.999870  0.012340  0.010397  -0.012336  0.999924  -0.000450  -0.010402  0.000322  0.999946  0.999880  0.014802  -0.004539  -0.014806  0.999890  -0.000957  0.004524  0.001024  0.999989  1.000000  0.000142  0.000132  -0.000142  1.000000  -0.000012  -0.000132  0.000012  1.000000  0.999870  0.012340  0.010397  -0.012336  0.999924  -0.000450  -0.010402  0.000322  0.999946  0.000188  0.015515  
100.345618 -0.000889  0.085577  -0.011288  0.993286  0.100091  -0.058010  -0.099921  0.994978  0.005836  0.058303  0.000000  0.998299  0.003727  -0.012927  -0.025528  -0.046872  0.228478  0.705117  2.000000  0.999857  0.012891  0.010909  -0.012886  0.999917  -0.000510  -0.010915  0.000370  0.999940  0.999890  0.014184  -0.004276  -0.014189  0.999899  -0.001113  0.004259  0.001173  0.999990  1.000000  0.000135  0.000127  -0.000135  1.000000  -0.000014  -0.000127  0.000014  1.000000  0.999857  0.012891  0.010909  -0.012886  0.999917  -0.000510  -0.010915  0.000370  0.999940  0.000185  0.014859  
100.346865 -0.000884  0.085561  -0.011321  0.993237  0.100494  -0.058153  -0.100329  0.994938  0.005752  0.058437  0.000121  0.998291  0.003808  -0.013030  -0.025615  -0.050763  0.222166  0.692366  2.000000  0.999842  0.013554  0.011538  -0.013548  0.999908  -0.000591  -0.011545  0.000434  0.999933  0.999894  0.013978  -0.004010  -0.013982  0.999902  -0.001123  0.003994  0.001179  0.999991  1.000000  0.000131  0.000126  -0.000131  1.000000  -0.000014  -0.000126  0.000014  1.000000  0.999842  0.013554  0.011538  -0.013548  0.999908  -0.000591  -0.011545  0.000434  0.999933  0.000184  0.014587  
100.347869 -0.000880  0.085548  -0.011346  0.993167  0.101101  -0.058295  -0.100942  0.994876  0.005681  0.058570  0.000242  0.998283  0.003882  -0.013074  -0.025511  -0.055895  0.219603  0.684366  2.000000  0.999829  0.014067  0.012031  -0.014060  0.999901  -0.000659  -0.012039  0.000490  0.999927  0.999900  0.013566  -0.003878  -0.013570  0.999907  -0.001145  0.003862  0.001197  0.999992  1.000000  0.000127  0.000123  -0.000127  1.000000  -0.000015  -0.000123  0.000015  1.000000  0.999829  0.014067  0.012031  -0.014060  0.999901  -0.000659  -0.012039  0.000490  0.999927  0.000181  0.014158  
100.348890 -0.000876  0.085535  -0.011371  0.993146  0.101299  -0.058306  -0.101146  0.994856  0.005572  0.058570  0.000363  0.998283  0.003955  -0.013082  -0.025309  -0.060596  0.210481  0.669936  2.000000  0.999816  0.014559  0.012514  -0.014551  0.999894  -0.000730  -0.012524  0.000547  0.999921  0.999907  0.013154  -0.003612  -0.013159  0.999913  -0.001290  0.003595  0.001338  0.999993  1.000000  0.000121  0.000120  -0.000121  1.000000  -0.000016  -0.000120  0.000016  1.000000  0.999816  0.014559  0.012514  -0.014551  0.999894  -0.000730  -0.012524  0.000547  0.999921  0.000179  0.013705  
100.350117 -0.000871  0.085518  -0.011402  0.993083  0.101899  -0.058327  -0.101760  0.994795  0.005367  0.058570  0.000605  0.998283  0.003947  -0.013159  -0.025216  -0.064105  0.200131  0.664951  2.000000  0.999803  0.015032  0.012991  -0.015023  0.999887  -0.000807  -0.013002  0.000612  0.999915  0.999911  0.012948  -0.003346  -0.012953  0.999915  -0.001424  0.003328  0.001467  0.999993  1.000000  0.000117  0.000119  -0.000117  1.000000  -0.000018  -0.000119  0.000018  1.000000  0.999803  0.015032  0.012991  -0.015023  0.999887  -0.000807  -0.013002  0.000612  0.999915  0.000176  0.013452  
100.351118 -0.000868  0.085504  -0.011428  0.993041  0.102302  -0.058337  -0.102169  0.994753  0.005270  0.058570  0.000727  0.998283  0.003912  -0.013227  -0.025069  -0.064767  0.191262  0.651076  2.000000  0.999790  0.015484  0.013460  -0.015473  0.999880  -0.000887  -0.013472  0.000679  0.999909  0.999917  0.012537  -0.002947  -0.012541  0.999920  -0.001448  0.002928  0.001485  0.999995  1.000000  0.000110  0.000117  -0.000110  1.000000  -0.000018  -0.000117  0.000018  1.000000  0.999790  0.015484  0.013460  -0.015473  0.999880  -0.000887  -0.013472  0.000679  0.999909  0.000172  0.012962  
100.352122 -0.000865  0.085490  -0.011456  0.992999  0.102704  -0.058347  -0.102577  0.994712  0.005174  0.058570  0.000848  0.998283  0.003838  -0.013303  -0.025196  -0.065972  0.179516  0.642866  2.000000  0.999777  0.015899  0.013902  -0.015887  0.999873  -0.000977  -0.013915  0.000756  0.999903  0.999928  0.011714  -0.002682  -0.011718  0.999930  -0.001739  0.002661  0.001770  0.999995  1.000000  0.000102  0.000110  -0.000102  1.000000  -0.000022  -0.000110  0.000022  1.000000  0.999777  0.015899  0.013902  -0.015887  0.999873  -0.000977  -0.013915  0.000756  0.999903  0.000170  0.012145  
100.353403 -0.000862  0.085471  -0.011491  0.992965  0.103107  -0.058225  -0.102987  0.994670  0.005063  0.058437  0.000969  0.998291  0.003674  -0.013482  -0.025442  -0.066951  0.161374  0.621183  2.000000  0.999765  0.016292  0.014335  -0.016278  0.999867  -0.001070  -0.014351  0.000836  0.999897  0.999931  0.011508  -0.002282  -0.011512  0.999932  -0.001752  0.002262  0.001778  0.999996  1.000000  0.000097  0.000110  -0.000097  1.000000  -0.000022  -0.000110  0.000022  1.000000  0.999765  0.016292  0.014335  -0.016278  0.999867  -0.001070  -0.014351  0.000836  0.999897  0.000162  0.011864  
100.354619 -0.000861  0.085451  -0.011528  0.992901  0.103714  -0.058234  -0.103600  0.994607  0.004979  0.058437  0.001090  0.998291  0.003390  -0.013869  -0.026135  -0.067123  0.146927  0.603030  2.000000  0.999752  0.016663  0.014770  -0.016647  0.999861  -0.001170  -0.014787  0.000924  0.999890  0.999936  0.011097  -0.002015  -0.011101  0.999937  -0.001898  0.001994  0.001920  0.999996  1.000000  0.000091  0.000108  -0.000091  1.000000  -0.000024  -0.000108  0.000024  1.000000  0.999752  0.016663  0.014770  -0.016647  0.999861  -0.001170  -0.014787  0.000924  0.999890  0.000156  0.011439  
100.355621 -0.000860  0.085435  -0.011559  0.992858  0.104117  -0.058245  -0.104009  0.994564  0.004882  0.058437  0.001211  0.998290  0.003205  -0.014048  -0.026480  -0.068339  0.134732  0.594184  2.000000  0.999740  0.017017  0.015199  -0.017000  0.999855  -0.001272  -0.015219  0.001013  0.999884  0.999939  0.010891  -0.001749  -0.010895  0.999939  -0.001910  0.001728  0.001929  0.999997  1.000000  0.000087  0.000107  -0.000087  1.000000  -0.000024  -0.000107  0.000024  1.000000  0.999740  0.017017  0.015199  -0.017000  0.999855  -0.001272  -0.015219  0.001013  0.999884  0.000154  0.011197  
100.356622 -0.000859  0.085419  -0.011590  0.992837  0.104314  -0.058257  -0.104214  0.994543  0.004773  0.058437  0.001332  0.998290  0.002963  -0.014237  -0.026972  -0.069419  0.125786  0.573309  2.000000  0.999727  0.017353  0.015619  -0.017333  0.999849  -0.001379  -0.015640  0.001108  0.999877  0.999944  0.010480  -0.001483  -0.010483  0.999943  -0.001934  0.001462  0.001949  0.999997  1.000000  0.000081  0.000104  -0.000081  1.000000  -0.000024  -0.000104  0.000024  1.000000  0.999727  0.017353  0.015619  -0.017333  0.999849  -0.001379  -0.015640  0.001108  0.999877  0.000150  0.010761  
100.357872 -0.000858  0.085399  -0.011630  0.992794  0.104717  -0.058267  -0.104622  0.994501  0.004677  0.058437  0.001453  0.998290  0.002708  -0.014441  -0.027583  -0.074567  0.112349  0.552639  2.000000  0.999712  0.017747  0.016129  -0.017725  0.999842  -0.001514  -0.016153  0.001228  0.999869  0.999949  0.010069  -0.001216  -0.010072  0.999947  -0.002079  0.001195  0.002091  0.999997  1.000000  0.000076  0.000101  -0.000076  1.000000  -0.000026  -0.000101  0.000026  1.000000  0.999712  0.017747  0.016129  -0.017725  0.999842  -0.001514  -0.016153  0.001228  0.999869  0.000144  0.010355  
100.359121 -0.000858  0.085380  -0.011669  0.992758  0.105119  -0.058145  -0.105032  0.994458  0.004566  0.058303  0.001574  0.998298  0.002407  -0.014602  -0.028080  -0.075713  0.098930  0.531917  2.000000  0.999698  0.018107  0.016616  -0.018082  0.999835  -0.001652  -0.016643  0.001351  0.999861  0.999955  0.009453  -0.000949  -0.009455  0.999953  -0.002116  0.000929  0.002125  0.999997  1.000000  0.000069  0.000096  -0.000069  1.000000  -0.000027  -0.000096  0.000027  1.000000  0.999698  0.018107  0.016616  -0.018082  0.999835  -0.001652  -0.016643  0.001351  0.999861  0.000139  0.009734  
100.360371 -0.000858  0.085360  -0.011708  0.992715  0.105522  -0.058156  -0.105441  0.994416  0.004469  0.058303  0.001695  0.998297  0.002095  -0.014710  -0.028478  -0.080263  0.084832  0.507368  2.000000  0.999684  0.018430  0.017078  -0.018402  0.999829  -0.001788  -0.017108  0.001474  0.999853  0.999961  0.008836  -0.000682  -0.008838  0.999959  -0.002031  0.000664  0.002037  0.999998  1.000000  0.000063  0.000091  -0.000063  1.000000  -0.000025  -0.000091  0.000025  1.000000  0.999684  0.018430  0.017078  -0.018402  0.999829  -0.001788  -0.017108  0.001474  0.999853  0.000130  0.009093  
100.361618 -0.000859  0.085341  -0.011746  0.992671  0.105924  -0.058167  -0.105849  0.994373  0.004373  0.058303  0.001816  0.998297  0.001708  -0.014904  -0.028817  -0.082358  0.072045  0.483592  2.000000  0.999674  0.018674  0.017438  -0.018643  0.999824  -0.001896  -0.017470  0.001570  0.999846  0.999964  0.008426  -0.000548  -0.008427  0.999962  -0.002055  0.000531  0.002060  0.999998  1.000000  0.000059  0.000088  -0.000059  1.000000  -0.000026  -0.000088  0.000026  1.000000  0.999674  0.018674  0.017438  -0.018643  0.999824  -0.001896  -0.017470  0.001570  0.999846  0.000125  0.008691  
100.362870 -0.000859  0.085323  -0.011783  0.992636  0.106327  -0.058046  -0.106259  0.994329  0.004262  0.058170  0.001937  0.998305  0.001344  -0.015008  -0.029208  -0.087203  0.058584  0.469813  2.000000  0.999660  0.018961  0.017879  -0.018928  0.999819  -0.002025  -0.017914  0.001686  0.999838  0.999966  0.008220  -0.000281  -0.008221  0.999965  -0.001826  0.000266  0.001828  0.999998  1.000000  0.000054  0.000087  -0.000054  1.000000  -0.000023  -0.000087  0.000023  1.000000  0.999660  0.018961  0.017879  -0.018928  0.999819  -0.002025  -0.017914  0.001686  0.999838  0.000121  0.008426  
100.363871 -0.000860  0.085309  -0.011814  0.992614  0.106531  -0.058045  -0.106463  0.994307  0.004274  0.058170  0.001937  0.998305  0.001084  -0.015084  -0.029539  -0.083840  0.049602  0.455891  2.000000  0.999650  0.019173  0.018221  -0.019138  0.999815  -0.002128  -0.018259  0.001778  0.999832  0.999969  0.007810  -0.000147  -0.007810  0.999968  -0.001850  0.000133  0.001851  0.999998  1.000000  0.000050  0.000084  -0.000050  1.000000  -0.000023  -0.000084  0.000023  1.000000  0.999650  0.019173  0.018221  -0.019138  0.999815  -0.002128  -0.018259  0.001778  0.999832  0.000116  0.008027  
100.365117 -0.000861  0.085291  -0.011853  0.992592  0.106729  -0.058057  -0.106668  0.994286  0.004165  0.058170  0.002059  0.998305  0.000685  -0.015174  -0.030039  -0.084303  0.040335  0.431729  2.000000  0.999638  0.019423  0.018636  -0.019384  0.999810  -0.002255  -0.018677  0.001893  0.999824  0.999971  0.007604  -0.000014  -0.007604  0.999969  -0.001861  -0.000000  0.001862  0.999998  1.000000  0.000048  0.000082  -0.000048  1.000000  -0.000023  -0.000082  0.000023  1.000000  0.999638  0.019423  0.018636  -0.019384  0.999810  -0.002255  -0.018677  0.001893  0.999824  0.000112  0.007829  
100.366122 -0.000863  0.085275  -0.011887  0.992570  0.106927  -0.058069  -0.106872  0.994265  0.004056  0.058170  0.002180  0.998304  0.000286  -0.015281  -0.030645  -0.090201  0.031682  0.414490  2.000000  0.999628  0.019606  0.018954  -0.019564  0.999806  -0.002355  -0.018997  0.001983  0.999818  0.999974  0.007193  0.000120  -0.007193  0.999972  -0.001885  -0.000133  0.001885  0.999998  1.000000  0.000044  0.000079  -0.000044  1.000000  -0.000024  -0.000079  0.000024  1.000000  0.999628  0.019606  0.018954  -0.019564  0.999806  -0.002355  -0.018997  0.001983  0.999818  0.000109  0.007437  
100.367367 -0.000865  0.085255  -0.011931  0.992526  0.107329  -0.058080  -0.107281  0.994221  0.003960  0.058170  0.002301  0.998304  -0.000083  -0.015366  -0.031260  -0.090231  0.027005  0.397400  2.000000  0.999616  0.019820  0.019342  -0.019776  0.999801  -0.002476  -0.019388  0.002092  0.999810  0.999976  0.006988  0.000253  -0.006988  0.999974  -0.001776  -0.000265  0.001774  0.999998  1.000000  0.000041  0.000077  -0.000041  1.000000  -0.000022  -0.000077  0.000022  1.000000  0.999616  0.019820  0.019342  -0.019776  0.999801  -0.002476  -0.019388  0.002092  0.999810  0.000101  0.007215  
100.368375 -0.000868  0.085239  -0.011967  0.992504  0.107527  -0.058092  -0.107485  0.994199  0.003851  0.058170  0.002422  0.998304  -0.000350  -0.015442  -0.031740  -0.091030  0.022590  0.383830  2.000000  0.999607  0.019983  0.019648  -0.019936  0.999798  -0.002572  -0.019695  0.002180  0.999804  0.999976  0.006988  0.000386  -0.006988  0.999974  -0.001776  -0.000398  0.001773  0.999998  1.000000  0.000039  0.000078  -0.000039  1.000000  -0.000022  -0.000078  0.000022  1.000000  0.999607  0.019983  0.019648  -0.019936  0.999798  -0.002572  -0.019695  0.002180  0.999804  0.000100  0.007221  
100.369617 -0.000871  0.085220  -0.012012  0.992481  0.107724  -0.058105  -0.107689  0.994178  0.003742  0.058170  0.002543  0.998303  -0.000650  -0.015432  -0.032215  -0.092130  0.013689  0.363101  2.000000  0.999598  0.020137  0.019950  -0.020088  0.999795  -0.002669  -0.019999  0.002267  0.999797  0.999977  0.006783  0.000385  -0.006782  0.999975  -0.001788  -0.000398  0.001785  0.999998  1.000000  0.000038  0.000076  -0.000038  1.000000  -0.000022  -0.000076  0.000022  1.000000  0.999598  0.020137  0.019950  -0.020088  0.999795  -0.002669  -0.019999  0.002267  0.999797  0.000095  0.007025  
100.370618 -0.000873  0.085204  -0.012048  0.992459  0.107922  -0.058117  -0.107894  0.994156  0.003634  0.058170  0.002664  0.998303  -0.000918  -0.015416  -0.032596  -0.089616  0.009360  0.352374  2.000000  0.999589  0.020285  0.020240  -0.020233  0.999791  -0.002765  -0.020292  0.002355  0.999791  0.999980  0.006372  0.000386  -0.006371  0.999978  -0.001812  -0.000397  0.001810  0.999998  1.000000  0.000036  0.000071  -0.000036  1.000000  -0.000023  -0.000071  0.000023  1.000000  0.999589  0.020285  0.020240  -0.020233  0.999791  -0.002765  -0.020292  0.002355  0.999791  0.000093  0.006636  
100.371619 -0.000875  0.085188  -0.012084  0.992437  0.108120  -0.058129  -0.108098  0.994134  0.003525  0.058170  0.002785  0.998303  -0.001102  -0.015424  -0.032907  -0.089261  0.009315  0.342558  2.000000  0.999581  0.020425  0.020517  -0.020371  0.999788  -0.002859  -0.020571  0.002440  0.999785  0.999981  0.006167  0.000385  -0.006166  0.999979  -0.001824  -0.000397  0.001822  0.999998  1.000000  0.000034  0.000069  -0.000034  1.000000  -0.000023  -0.000069  0.000023  1.000000  0.999581  0.020425  0.020517  -0.020371  0.999788  -0.002859  -0.020571  0.002440  0.999785  0.000089  0.006442  
100.372622 -0.000877  0.085172  -0.012120  0.992422  0.108325  -0.057996  -0.108303  0.994112  0.003523  0.058036  0.002785  0.998311  -0.001295  -0.015407  -0.033280  -0.086724  0.000402  0.331581  2.000000  0.999575  0.020524  0.020721  -0.020468  0.999786  -0.002929  -0.020776  0.002503  0.999781  0.999982  0.005961  0.000520  -0.005961  0.999981  -0.001716  -0.000530  0.001712  0.999998  1.000000  0.000032  0.000068  -0.000032  1.000000  -0.000021  -0.000068  0.000021  1.000000  0.999575  0.020524  0.020721  -0.020468  0.999786  -0.002929  -0.020776  0.002503  0.999781  0.000087  0.006225  
100.373875 -0.000879  0.085153  -0.012167  0.992400  0.108522  -0.058008  -0.108507  0.994090  0.003414  0.058036  0.002906  0.998310  -0.001461  -0.015372  -0.033717  -0.087879  -0.004081  0.310759  2.000000  0.999565  0.020679  0.021048  -0.020619  0.999783  -0.003039  -0.021107  0.002603  0.999774  0.999983  0.005756  0.000519  -0.005755  0.999982  -0.001606  -0.000529  0.001603  0.999999  1.000000  0.000030  0.000066  -0.000030  1.000000  -0.000020  -0.000066  0.000020  1.000000  0.999565  0.020679  0.021048  -0.020619  0.999783  -0.003039  -0.021107  0.002603  0.999774  0.000082  0.005998  
100.375119 -0.000882  0.085132  -0.012215  0.992378  0.108727  -0.058008  -0.108712  0.994067  0.003426  0.058036  0.002906  0.998310  -0.001615  -0.015463  -0.034373  -0.080130  -0.008551  0.303937  2.000000  0.999555  0.020831  0.021354  -0.020768  0.999779  -0.003142  -0.021415  0.002697  0.999767  0.999986  0.005345  0.000387  -0.005344  0.999985  -0.001509  -0.000395  0.001507  0.999999  1.000000  0.000029  0.000060  -0.000029  1.000000  -0.000019  -0.000060  0.000019  1.000000  0.999555  0.020831  0.021354  -0.020768  0.999779  -0.003142  -0.021415  0.002697  0.999767  0.000080  0.005567  
100.376371 -0.000885  0.085112  -0.012263  0.992355  0.108932  -0.058007  -0.108916  0.994045  0.003438  0.058036  0.002906  0.998310  -0.001745  -0.015549  -0.035075  -0.075812  -0.012934  0.294613  2.000000  0.999548  0.020944  0.021585  -0.020879  0.999777  -0.003218  -0.021648  0.002766  0.999762  0.999988  0.004934  0.000388  -0.004933  0.999987  -0.001411  -0.000395  0.001409  0.999999  1.000000  0.000000  0.000000  0.000000  1.000000  0.000000  0.000000  0.000000  1.000000  0.999548  0.020944  0.021585  -0.020879  0.999777  -0.003218  -0.021648  0.002766  0.999762  0.000076  0.000000  
100.377618 -0.000887  0.085091  -0.012314  0.992333  0.109136  -0.058006  -0.109120  0.994023  0.003450  0.058036  0.002906  0.998310  -0.001914  -0.015753  -0.035986  -0.073561  -0.017554  0.276362  2.000000  0.999546  0.020972  0.021643  -0.020907  0.999776  -0.003235  -0.021706  0.002781  0.999761  0.999988  0.004934  0.000388  -0.004933  0.999987  -0.001290  -0.000394  0.001288  0.999999  1.000000  0.000000  0.000000  0.000000  1.000000  0.000000  0.000000  0.000000  1.000000  0.999546  0.020972  0.021643  -0.020907  0.999776  -0.003235  -0.021706  0.002781  0.999761  0.000073  0.000000  
100.378866 -0.000890  0.085069  -0.012366  0.992310  0.109341  -0.058006  -0.109325  0.994000  0.003462  0.058036  0.002906  0.998310  -0.002046  -0.015954  -0.036852  -0.068960  -0.017405  0.274281  2.000000  0.999546  0.020972  0.021643  -0.020907  0.999776  -0.003235  -0.021706  0.002781  0.999761  0.999989  0.004728  0.000388  -0.004728  0.999988  -0.001181  -0.000394  0.001179  0.999999  1.000000  0.000000  0.000000  0.000000  1.000000  0.000000  0.000000  0.000000  1.000000  0.999546  0.020972  0.021643  -0.020907  0.999776  -0.003235  -0.021706  0.002781  0.999761  0.000071  0.000000  
100.379867 -0.000893  0.085052  -0.012408  0.992310  0.109341  -0.058006  -0.109325  0.994000  0.003462  0.058036  0.002906  0.998310  -0.002161  -0.016147  -0.037628  -0.062538  -0.017540  0.255634  2.000000  0.999546  0.020972  0.021643  -0.020907  0.999776  -0.003235  -0.021706  0.002781  0.999761  0.999991  0.004317  0.000256  -0.004316  0.999990  -0.001083  -0.000260  0.001082  0.999999  1.000000  0.000000  0.000000  0.000000  1.000000  0.000000  0.000000  0.000000  1.000000  0.999546  0.020972  0.021643  -0.020907  0.999776  -0.003235  -0.021706  0.002781  0.999761  0.000066  0.000000  
100.380869 -0.000895  0.085036  -0.012450  0.992288  0.109538  -0.058018  -0.109529  0.993978  0.003353  0.058036  0.003027  0.998310  -0.002209  -0.016220  -0.038114  -0.062939  -0.017521  0.248719  2.000000  0.999546  0.020972  0.021643  -0.020907  0.999776  -0.003235  -0.021706  0.002781  0.999761  0.999991  0.004317  0.000255  -0.004316  0.999990  -0.001083  -0.000260  0.001082  0.999999  1.000000  0.000000  0.000000  0.000000  1.000000  0.000000  0.000000  0.000000  1.000000  0.999546  0.020972  0.021643  -0.020907  0.999776  -0.003235  -0.021706  0.002781  0.999761  0.000065  0.000000  
