1-Time 2-Px 3-Py 4-Pz 5-R11 6-R21 7-R31 8-R12 9-R22 10-R32 11-R13 12-R23 13-R33 14-Vx 15-Vy 16-Vz 17-Wx 18-Wy 19-Wz 20-state 21-PR11 22-PR21 23-PR31 24-PR12 25-PR22 26-PR32 27-PR13 28-PR23 29-PR33 
153.080193 -0.001208  0.087213  -0.000979  0.990317  0.098845  -0.097474  -0.102713  0.994078  -0.035483  0.093389  0.045151  0.994605  -0.014990  -0.011162  -0.008006  0.040394  0.216770  0.210897  2.000000  1.000000  0.000000  0.000000  -0.000000  1.000000  0.000000  0.000000  -0.000000  1.000000  0.999983  0.004553  -0.003688  -0.004550  0.999989  0.000806  0.003692  -0.000789  0.999993  1.000000  0.000000  0.000000  0.000000  1.000000  0.000000  0.000000  0.000000  1.000000  0.646065  0.740637  -0.184543  -0.759631  0.647520  -0.060658  0.074570  0.179374  0.980951  0.000078  0.000000  
153.081199 -0.001220  0.087202  -0.000989  0.990250  0.099254  -0.097741  -0.103118  0.994043  -0.035295  0.093655  0.045030  0.994586  -0.014625  -0.011051  -0.008236  0.044809  0.215395  0.216109  2.000000  1.000000  0.000000  0.000000  0.000000  1.000000  0.000000  0.000000  0.000000  1.000000  0.999983  0.004554  -0.003687  -0.004550  0.999989  0.000928  0.003692  -0.000911  0.999993  1.000000  0.000000  0.000000  0.000000  1.000000  0.000000  0.000000  0.000000  1.000000  1.000000  0.000000  0.000000  0.000000  1.000000  0.000000  0.000000  0.000000  1.000000  0.000076  0.000000  
153.082200 -0.001234  0.087189  -0.001001  0.990140  0.100049  -0.098047  -0.103931  0.993958  -0.035307  0.093922  0.045149  0.994555  -0.014273  -0.011105  -0.008663  0.043033  0.213478  0.238569  2.000000  1.000000  0.000073  0.000033  -0.000073  1.000000  0.000009  -0.000033  -0.000009  1.000000  0.999980  0.005168  -0.003716  -0.005165  0.999986  0.000745  0.003719  -0.000726  0.999993  1.000000  0.000073  0.000033  -0.000073  1.000000  0.000009  -0.000033  -0.000009  1.000000  1.000000  0.000073  0.000033  -0.000073  1.000000  0.000009  -0.000033  -0.000009  1.000000  0.000081  0.006407  
153.083447 -0.001253  0.087170  -0.001017  0.989926  0.101451  -0.098759  -0.105351  0.993816  -0.035095  0.094588  0.045146  0.994492  -0.014098  -0.011368  -0.009202  0.042896  0.224383  0.279522  2.000000  1.000000  0.000471  0.000222  -0.000471  1.000000  0.000059  -0.000222  -0.000059  1.000000  0.999972  0.006173  -0.004162  -0.006170  0.999981  0.000846  0.004168  -0.000820  0.999991  1.000000  0.000084  0.000041  -0.000084  1.000000  0.000010  -0.000041  -0.000010  1.000000  1.000000  0.000471  0.000222  -0.000471  1.000000  0.000059  -0.000222  -0.000059  1.000000  0.000088  0.007492  
153.084454 -0.001267  0.087156  -0.001030  0.989802  0.102251  -0.099185  -0.106162  0.993734  -0.034972  0.094987  0.045144  0.994454  -0.013941  -0.011584  -0.009590  0.044881  0.229730  0.299846  2.000000  1.000000  0.000830  0.000403  -0.000830  1.000000  0.000103  -0.000403  -0.000104  1.000000  0.999966  0.006980  -0.004466  -0.006976  0.999975  0.000927  0.004473  -0.000896  0.999990  1.000000  0.000092  0.000048  -0.000092  1.000000  0.000011  -0.000048  -0.000011  1.000000  1.000000  0.000830  0.000403  -0.000830  1.000000  0.000103  -0.000403  -0.000104  1.000000  0.000095  0.008337  
153.085700 -0.001284  0.087137  -0.001046  0.989628  0.103244  -0.099882  -0.107174  0.993631  -0.034798  0.095653  0.045142  0.994391  -0.013718  -0.011821  -0.010052  0.047576  0.244442  0.326721  2.000000  0.999999  0.001316  0.000658  -0.001316  0.999999  0.000163  -0.000658  -0.000164  1.000000  0.999958  0.007781  -0.004904  -0.007776  0.999969  0.001010  0.004912  -0.000972  0.999987  1.000000  0.000102  0.000054  -0.000102  1.000000  0.000012  -0.000054  -0.000012  1.000000  0.999999  0.001316  0.000658  -0.001316  0.999999  0.000163  -0.000658  -0.000164  1.000000  0.000101  0.009251  
153.086700 -0.001299  0.087122  -0.001059  0.989489  0.104038  -0.100440  -0.107983  0.993548  -0.034658  0.096186  0.045139  0.994339  -0.013653  -0.012078  -0.010417  0.049636  0.254375  0.346953  2.000000  0.999998  0.001738  0.000880  -0.001739  0.999998  0.000213  -0.000880  -0.000215  1.000000  0.999951  0.008383  -0.005199  -0.008378  0.999964  0.001074  0.005208  -0.001031  0.999986  1.000000  0.000109  0.000058  -0.000109  1.000000  0.000013  -0.000058  -0.000013  1.000000  0.999998  0.001738  0.000880  -0.001739  0.999998  0.000213  -0.000880  -0.000215  1.000000  0.000106  0.009920  
153.087705 -0.001314  0.087108  -0.001071  0.989303  0.105229  -0.101024  -0.109199  0.993418  -0.034596  0.096719  0.045258  0.994282  -0.013643  -0.012275  -0.010708  0.044839  0.264880  0.380868  2.000000  0.999997  0.002084  0.001064  -0.002084  0.999998  0.000251  -0.001063  -0.000253  0.999999  0.999942  0.009183  -0.005637  -0.009178  0.999957  0.000916  0.005645  -0.000864  0.999984  1.000000  0.000118  0.000064  -0.000118  1.000000  0.000011  -0.000064  -0.000011  1.000000  0.999997  0.002084  0.001064  -0.002084  0.999998  0.000251  -0.001063  -0.000253  0.999999  0.000115  0.010813  
153.088952 -0.001333  0.087090  -0.001088  0.989045  0.106829  -0.101874  -0.110820  0.993247  -0.034340  0.097518  0.045254  0.994204  -0.013693  -0.012608  -0.011105  0.049584  0.285063  0.428219  2.000000  0.999995  0.002719  0.001415  -0.002720  0.999996  0.000311  -0.001414  -0.000315  0.999999  0.999927  0.010388  -0.006227  -0.010381  0.999946  0.001044  0.006237  -0.000979  0.999980  1.000000  0.000132  0.000073  -0.000132  1.000000  0.000013  -0.000073  -0.000013  1.000000  0.999995  0.002719  0.001415  -0.002720  0.999996  0.000311  -0.001414  -0.000315  0.999999  0.000126  0.012153  
153.090203 -0.001352  0.087071  -0.001107  0.988759  0.108621  -0.102744  -0.112643  0.993047  -0.034182  0.098317  0.045371  0.994120  -0.013823  -0.012910  -0.011708  0.050952  0.305559  0.482384  2.000000  0.999992  0.003435  0.001824  -0.003436  0.999994  0.000373  -0.001822  -0.000379  0.999998  0.999904  0.011995  -0.006969  -0.011987  0.999928  0.001094  0.006982  -0.001010  0.999975  1.000000  0.000150  0.000086  -0.000150  1.000000  0.000013  -0.000086  -0.000013  1.000000  0.999992  0.003435  0.001824  -0.003436  0.999994  0.000373  -0.001822  -0.000379  0.999998  0.000140  0.013912  
153.091453 -0.001372  0.087053  -0.001130  0.988457  0.110405  -0.103745  -0.114465  0.992845  -0.034005  0.099249  0.045487  0.994022  -0.014029  -0.013247  -0.012453  0.052416  0.330553  0.536334  2.000000  0.999988  0.004236  0.002291  -0.004237  0.999991  0.000438  -0.002289  -0.000448  0.999997  0.999881  0.013396  -0.007702  -0.013388  0.999910  0.001127  0.007717  -0.001024  0.999970  1.000000  0.000167  0.000097  -0.000167  1.000000  0.000013  -0.000097  -0.000013  1.000000  0.999988  0.004236  0.002291  -0.004237  0.999991  0.000438  -0.002289  -0.000448  0.999997  0.000155  0.015491  
153.092699 -0.001394  0.087035  -0.001154  0.988175  0.111986  -0.104739  -0.116082  0.992663  -0.033846  0.100181  0.045604  0.993924  -0.014422  -0.013620  -0.013345  0.048561  0.354951  0.576641  2.000000  0.999983  0.005125  0.002814  -0.005126  0.999987  0.000509  -0.002812  -0.000524  0.999996  0.999855  0.014799  -0.008434  -0.014788  0.999890  0.001285  0.008452  -0.001160  0.999964  1.000000  0.000184  0.000107  -0.000184  1.000000  0.000015  -0.000107  -0.000015  1.000000  0.999983  0.005125  0.002814  -0.005126  0.999987  0.000509  -0.002812  -0.000524  0.999996  0.000168  0.017078  
153.093699 -0.001411  0.087021  -0.001174  0.987950  0.113175  -0.105573  -0.117293  0.992528  -0.033622  0.100979  0.045600  0.993843  -0.014702  -0.013870  -0.013996  0.052200  0.374533  0.610257  2.000000  0.999977  0.005896  0.003266  -0.005898  0.999982  0.000563  -0.003263  -0.000582  0.999995  0.999831  0.016002  -0.009025  -0.015992  0.999871  0.001178  0.009042  -0.001033  0.999959  1.000000  0.000198  0.000117  -0.000198  1.000000  0.000014  -0.000117  -0.000014  1.000000  0.999977  0.005896  0.003266  -0.005898  0.999982  0.000563  -0.003263  -0.000582  0.999995  0.000179  0.018405  
153.094700 -0.001428  0.087005  -0.001194  0.987699  0.114556  -0.106428  -0.118706  0.992364  -0.033495  0.101778  0.045717  0.993756  -0.015043  -0.014267  -0.014704  0.052407  0.398851  0.650346  2.000000  0.999970  0.006725  0.003746  -0.006727  0.999977  0.000614  -0.003742  -0.000639  0.999993  0.999808  0.016993  -0.009740  -0.016983  0.999855  0.001175  0.009759  -0.001009  0.999952  1.000000  0.000212  0.000123  -0.000212  1.000000  0.000014  -0.000123  -0.000014  1.000000  0.999970  0.006725  0.003746  -0.006727  0.999977  0.000614  -0.003742  -0.000639  0.999993  0.000189  0.019618  
153.095965 -0.001450  0.086982  -0.001221  0.987344  0.116524  -0.107581  -0.120726  0.992124  -0.033388  0.102843  0.045953  0.993636  -0.015550  -0.014900  -0.015707  0.050733  0.428648  0.710805  2.000000  0.999962  0.007627  0.004266  -0.007630  0.999971  0.000664  -0.004261  -0.000696  0.999991  0.999769  0.018585  -0.010752  -0.018574  0.999827  0.001120  0.010771  -0.000921  0.999942  1.000000  0.000233  0.000134  -0.000233  1.000000  0.000013  -0.000134  -0.000013  1.000000  0.999962  0.007627  0.004266  -0.007630  0.999971  0.000664  -0.004261  -0.000696  0.999991  0.000204  0.021498  
153.097205 -0.001472  0.086957  -0.001249  0.987023  0.118293  -0.108594  -0.122544  0.991904  -0.033314  0.103774  0.046189  0.993528  -0.015897  -0.015485  -0.016657  0.044360  0.453805  0.764945  2.000000  0.999951  0.008610  0.004835  -0.008614  0.999963  0.000713  -0.004829  -0.000755  0.999988  0.999729  0.020185  -0.011629  -0.020172  0.999796  0.001189  0.011650  -0.000954  0.999932  1.000000  0.000252  0.000146  -0.000252  1.000000  0.000013  -0.000146  -0.000013  1.000000  0.999951  0.008610  0.004835  -0.008614  0.999963  0.000713  -0.004829  -0.000755  0.999988  0.000219  0.023322  
153.098458 -0.001494  0.086932  -0.001276  0.986697  0.120075  -0.109594  -0.124360  0.991684  -0.033117  0.104706  0.046305  0.993425  -0.016097  -0.015875  -0.017319  0.045501  0.478410  0.811794  2.000000  0.999935  0.009930  0.005602  -0.009935  0.999950  0.000769  -0.005594  -0.000825  0.999984  0.999685  0.021782  -0.012508  -0.021769  0.999762  0.001141  0.012530  -0.000869  0.999921  1.000000  0.000272  0.000158  -0.000272  1.000000  0.000013  -0.000157  -0.000013  1.000000  0.999935  0.009930  0.005602  -0.009935  0.999950  0.000769  -0.005594  -0.000825  0.999984  0.000236  0.025140  
153.099703 -0.001515  0.086907  -0.001301  0.986367  0.121842  -0.110607  -0.126175  0.991458  -0.033036  0.105637  0.046542  0.993315  -0.016252  -0.016283  -0.017863  0.043267  0.508073  0.865603  2.000000  0.999919  0.011063  0.006257  -0.011068  0.999938  0.000813  -0.006248  -0.000882  0.999980  0.999642  0.023176  -0.013376  -0.023162  0.999731  0.001194  0.013400  -0.000884  0.999910  1.000000  0.000290  0.000167  -0.000290  1.000000  0.000013  -0.000167  -0.000013  1.000000  0.999919  0.011063  0.006257  -0.011068  0.999938  0.000813  -0.006248  -0.000882  0.999980  0.000248  0.026782  
153.100726 -0.001530  0.086888  -0.001320  0.986112  0.123010  -0.111586  -0.127381  0.991308  -0.032901  0.106569  0.046657  0.993210  -0.016393  -0.016662  -0.018324  0.043129  0.531769  0.898193  2.000000  0.999901  0.012259  0.006945  -0.012265  0.999924  0.000853  -0.006934  -0.000939  0.999976  0.999604  0.024369  -0.014104  -0.024356  0.999703  0.001103  0.014126  -0.000759  0.999900  1.000000  0.000305  0.000176  -0.000305  1.000000  0.000012  -0.000176  -0.000012  1.000000  0.999901  0.012259  0.006945  -0.012265  0.999924  0.000853  -0.006934  -0.000939  0.999976  0.000259  0.028175  
153.101965 -0.001548  0.086862  -0.001343  0.985787  0.124566  -0.112724  -0.128990  0.991103  -0.032819  0.107633  0.046893  0.993084  -0.016377  -0.017156  -0.018845  0.039693  0.565327  0.938056  2.000000  0.999879  0.013525  0.007661  -0.013532  0.999908  0.000890  -0.007648  -0.000994  0.999970  0.999560  0.025551  -0.015096  -0.025537  0.999673  0.001142  0.015121  -0.000756  0.999885  1.000000  0.000323  0.000182  -0.000323  1.000000  0.000012  -0.000182  -0.000012  1.000000  0.999879  0.013525  0.007661  -0.013532  0.999908  0.000890  -0.007648  -0.000994  0.999970  0.000273  0.029697  
153.103204 -0.001565  0.086835  -0.001367  0.985432  0.126324  -0.113869  -0.130801  0.990869  -0.032711  0.108697  0.047128  0.992957  -0.016228  -0.017763  -0.019365  0.033694  0.595094  0.992074  2.000000  0.999854  0.014862  0.008403  -0.014870  0.999889  0.000916  -0.008389  -0.001041  0.999964  0.999521  0.026530  -0.015953  -0.026519  0.999648  0.000918  0.015971  -0.000495  0.999872  1.000000  0.000339  0.000187  -0.000339  1.000000  0.000009  -0.000187  -0.000009  1.000000  0.999854  0.014862  0.008403  -0.014870  0.999889  0.000916  -0.008389  -0.001041  0.999964  0.000286  0.030970  
153.104452 -0.001580  0.086808  -0.001392  0.985085  0.127858  -0.115154  -0.132406  0.990655  -0.032724  0.109894  0.047483  0.992808  -0.016018  -0.018391  -0.019870  0.026354  0.633159  1.031543  2.000000  0.999826  0.016253  0.009157  -0.016262  0.999867  0.000935  -0.009141  -0.001084  0.999958  0.999492  0.027101  -0.016788  -0.027092  0.999633  0.000776  0.016803  -0.000321  0.999859  1.000000  0.000351  0.000188  -0.000351  1.000000  0.000007  -0.000188  -0.000007  1.000000  0.999826  0.016253  0.009157  -0.016262  0.999867  0.000935  -0.009141  -0.001084  0.999958  0.000300  0.031890  
153.105465 -0.001592  0.086787  -0.001412  0.984860  0.128812  -0.116009  -0.133408  0.990520  -0.032739  0.110692  0.047720  0.992708  -0.015692  -0.018771  -0.020062  0.021503  0.656663  1.057295  2.000000  0.999795  0.017671  0.009914  -0.017681  0.999843  0.000942  -0.009896  -0.001118  0.999950  0.999482  0.027288  -0.017070  -0.027282  0.999628  0.000579  0.017080  -0.000113  0.999854  1.000000  0.000355  0.000189  -0.000355  1.000000  0.000004  -0.000189  -0.000004  1.000000  0.999795  0.017671  0.009914  -0.017681  0.999843  0.000942  -0.009896  -0.001118  0.999950  0.000309  0.032194  
153.106703 -0.001606  0.086761  -0.001439  0.984564  0.130152  -0.117024  -0.134813  0.990328  -0.032806  0.111623  0.048076  0.992587  -0.015288  -0.019258  -0.020284  0.013481  0.681204  1.090892  2.000000  0.999760  0.019122  0.010674  -0.019133  0.999817  0.000935  -0.010654  -0.001139  0.999943  0.999456  0.027868  -0.017642  -0.027867  0.999612  0.000311  0.017644  0.000181  0.999844  1.000000  0.000365  0.000191  -0.000365  1.000000  0.000001  -0.000191  -0.000001  1.000000  0.999760  0.019122  0.010674  -0.019133  0.999817  0.000935  -0.010654  -0.001139  0.999943  0.000321  0.032989  
153.107703 -0.001617  0.086739  -0.001460  0.984337  0.131307  -0.117639  -0.136021  0.990158  -0.032949  0.112154  0.048435  0.992510  -0.014851  -0.019812  -0.020391  0.005182  0.696512  1.124504  2.000000  0.999722  0.020592  0.011442  -0.020604  0.999787  0.000912  -0.011421  -0.001148  0.999934  0.999448  0.028059  -0.017795  -0.028063  0.999606  -0.000011  0.017787  0.000510  0.999842  1.000000  0.000368  0.000193  -0.000368  1.000000  -0.000003  -0.000193  0.000003  1.000000  0.999722  0.020592  0.011442  -0.020604  0.999787  0.000912  -0.011421  -0.001148  0.999934  0.000327  0.033233  
153.108704 -0.001627  0.086717  -0.001482  0.984122  0.132265  -0.118362  -0.137024  0.990019  -0.032977  0.112819  0.048672  0.992423  -0.014375  -0.020304  -0.020526  0.000348  0.715850  1.150932  2.000000  0.999682  0.022077  0.012222  -0.022089  0.999756  0.000874  -0.012199  -0.001144  0.999925  0.999434  0.028453  -0.017957  -0.028463  0.999595  -0.000308  0.017941  0.000819  0.999839  1.000000  0.000372  0.000196  -0.000372  1.000000  -0.000007  -0.000196  0.000007  1.000000  0.999682  0.022077  0.012222  -0.022089  0.999756  0.000874  -0.012199  -0.001144  0.999925  0.000337  0.033657  
153.109957 -0.001640  0.086689  -0.001508  0.983820  0.133806  -0.119139  -0.138634  0.989788  -0.033169  0.113484  0.049149  0.992323  -0.013743  -0.020801  -0.020581  -0.011182  0.736024  1.191068  2.000000  0.999627  0.023920  0.013187  -0.023933  0.999713  0.000808  -0.013164  -0.001123  0.999913  0.999448  0.028042  -0.017814  -0.028057  0.999606  -0.000578  0.017791  0.001078  0.999841  1.000000  0.000368  0.000192  -0.000368  1.000000  -0.000010  -0.000192  0.000010  1.000000  0.999627  0.023920  0.013187  -0.023933  0.999713  0.000808  -0.013164  -0.001123  0.999913  0.000347  0.033239  
153.110998 -0.001649  0.086668  -0.001528  0.983588  0.134959  -0.119755  -0.139841  0.989614  -0.033308  0.114016  0.049507  0.992245  -0.013055  -0.020936  -0.020360  -0.024085  0.745510  1.216456  2.000000  0.999592  0.025027  0.013770  -0.025040  0.999686  0.000751  -0.013747  -0.001096  0.999905  0.999442  0.028236  -0.017837  -0.028259  0.999600  -0.001024  0.017801  0.001528  0.999840  1.000000  0.000370  0.000194  -0.000370  1.000000  -0.000016  -0.000194  0.000016  1.000000  0.999592  0.025027  0.013770  -0.025040  0.999686  0.000751  -0.013747  -0.001096  0.999905  0.000356  0.033429  
153.112213 -0.001659  0.086641  -0.001554  0.983339  0.136075  -0.120535  -0.141045  0.989431  -0.033665  0.114680  0.050105  0.992138  -0.012353  -0.021075  -0.020282  -0.039782  0.756588  1.218375  2.000000  0.999543  0.026510  0.014549  -0.026522  0.999648  0.000661  -0.014526  -0.001047  0.999894  0.999442  0.028226  -0.017851  -0.028255  0.999600  -0.001368  0.017805  0.001872  0.999840  1.000000  0.000370  0.000194  -0.000370  1.000000  -0.000020  -0.000194  0.000020  1.000000  0.999543  0.026510  0.014549  -0.026522  0.999648  0.000661  -0.014526  -0.001047  0.999894  0.000360  0.033442  
153.113453 -0.001669  0.086615  -0.001580  0.983117  0.137001  -0.121293  -0.142046  0.989279  -0.033926  0.115345  0.050583  0.992037  -0.011683  -0.021163  -0.020249  -0.055950  0.756076  1.210469  2.000000  0.999491  0.027982  0.015312  -0.027994  0.999608  0.000546  -0.015291  -0.000975  0.999883  0.999454  0.027806  -0.017845  -0.027842  0.999611  -0.001761  0.017789  0.002257  0.999839  1.000000  0.000367  0.000190  -0.000367  1.000000  -0.000025  -0.000190  0.000025  1.000000  0.999491  0.027982  0.015312  -0.027994  0.999608  0.000546  -0.015291  -0.000975  0.999883  0.000357  0.033107  
153.114458 -0.001677  0.086594  -0.001600  0.982954  0.137752  -0.121765  -0.142849  0.989156  -0.034129  0.115743  0.050941  0.991972  -0.011028  -0.021249  -0.020255  -0.067676  0.756258  1.210222  2.000000  0.999451  0.029074  0.015873  -0.029084  0.999577  0.000445  -0.015853  -0.000906  0.999874  0.999468  0.027396  -0.017701  -0.027438  0.999621  -0.002161  0.017635  0.002646  0.999841  1.000000  0.000363  0.000186  -0.000363  1.000000  -0.000030  -0.000186  0.000030  1.000000  0.999451  0.029074  0.015873  -0.029084  0.999577  0.000445  -0.015853  -0.000906  0.999874  0.000356  0.032711  
153.115704 -0.001687  0.086567  -0.001626  0.982715  0.138887  -0.122400  -0.144054  0.988972  -0.034382  0.116275  0.051420  0.991885  -0.010466  -0.021419  -0.020460  -0.082535  0.752750  1.217629  2.000000  0.999382  0.030868  0.016800  -0.030876  0.999523  0.000250  -0.016784  -0.000769  0.999859  0.999486  0.026996  -0.017294  -0.027045  0.999631  -0.002558  0.017218  0.003024  0.999847  1.000000  0.000356  0.000185  -0.000356  1.000000  -0.000035  -0.000185  0.000035  1.000000  0.999382  0.030868  0.016800  -0.030876  0.999523  0.000250  -0.016784  -0.000769  0.999859  0.000357  0.032187  
153.116946 -0.001696  0.086539  -0.001653  0.982520  0.139825  -0.122897  -0.145058  0.988815  -0.034677  0.116674  0.051898  0.991813  -0.009852  -0.021544  -0.020659  -0.098914  0.743721  1.210939  2.000000  0.999311  0.032618  0.017715  -0.032624  0.999468  0.000027  -0.017705  -0.000605  0.999843  0.999513  0.026406  -0.016608  -0.026459  0.999645  -0.002983  0.016524  0.003421  0.999858  1.000000  0.000345  0.000183  -0.000345  1.000000  -0.000040  -0.000183  0.000040  1.000000  0.999311  0.032618  0.017715  -0.032624  0.999468  0.000027  -0.017705  -0.000605  0.999843  0.000357  0.031364  
153.117952 -0.001703  0.086516  -0.001675  0.982354  0.140559  -0.123388  -0.145861  0.988686  -0.034997  0.117072  0.052377  0.991741  -0.009402  -0.021646  -0.020895  -0.109695  0.737681  1.200240  2.000000  0.999253  0.033971  0.018426  -0.033973  0.999423  -0.000171  -0.018422  -0.000455  0.999830  0.999551  0.025408  -0.015902  -0.025466  0.999670  -0.003457  0.015809  0.003860  0.999868  1.000000  0.000331  0.000176  -0.000331  1.000000  -0.000046  -0.000176  0.000046  1.000000  0.999253  0.033971  0.018426  -0.033973  0.999423  -0.000171  -0.018422  -0.000455  0.999830  0.000353  0.030201  
153.118955 -0.001709  0.086493  -0.001697  0.982202  0.141314  -0.123730  -0.146665  0.988559  -0.035216  0.117338  0.052736  0.991691  -0.008894  -0.021681  -0.021043  -0.121827  0.724516  1.176609  2.000000  0.999209  0.034952  0.018940  -0.034952  0.999389  -0.000334  -0.018940  -0.000329  0.999821  0.999576  0.024597  -0.015603  -0.024659  0.999689  -0.003786  0.015505  0.004169  0.999871  1.000000  0.000322  0.000169  -0.000322  1.000000  -0.000050  -0.000169  0.000050  1.000000  0.999209  0.034952  0.018940  -0.034952  0.999389  -0.000334  -0.018940  -0.000329  0.999821  0.000349  0.029403  
153.120198 -0.001716  0.086467  -0.001723  0.982004  0.142235  -0.124246  -0.147669  0.988395  -0.035629  0.117737  0.053335  0.991612  -0.008448  -0.021712  -0.021106  -0.141884  0.709334  1.153477  2.000000  0.999151  0.036225  0.019612  -0.036221  0.999344  -0.000568  -0.019620  -0.000143  0.999807  0.999594  0.024205  -0.015063  -0.024271  0.999697  -0.004192  0.014957  0.004556  0.999878  1.000000  0.000314  0.000169  -0.000314  1.000000  -0.000055  -0.000169  0.000055  1.000000  0.999151  0.036225  0.019612  -0.036221  0.999344  -0.000568  -0.019620  -0.000143  0.999807  0.000341  0.028847  
153.121452 -0.001722  0.086441  -0.001748  0.981820  0.143163  -0.124632  -0.148675  0.988228  -0.036061  0.118002  0.053935  0.991548  -0.007926  -0.021672  -0.020982  -0.160310  0.686042  1.126877  2.000000  0.999078  0.037757  0.020426  -0.037746  0.999287  -0.000890  -0.020445  0.000118  0.999791  0.999634  0.023010  -0.014213  -0.023079  0.999723  -0.004692  0.014101  0.005018  0.999888  1.000000  0.000297  0.000161  -0.000297  1.000000  -0.000061  -0.000161  0.000061  1.000000  0.999078  0.037757  0.020426  -0.037746  0.999287  -0.000890  -0.020445  0.000118  0.999791  0.000334  0.027481  
153.122702 -0.001729  0.086414  -0.001771  0.981636  0.144090  -0.125019  -0.149681  0.988061  -0.036492  0.118268  0.054534  0.991483  -0.007472  -0.021672  -0.020780  -0.180976  0.663572  1.103072  2.000000  0.999006  0.039215  0.021214  -0.039198  0.999231  -0.001244  -0.021247  0.000411  0.999774  0.999659  0.022430  -0.013393  -0.022502  0.999733  -0.005244  0.013272  0.005544  0.999897  1.000000  0.000285  0.000160  -0.000285  1.000000  -0.000067  -0.000160  0.000067  1.000000  0.999006  0.039215  0.021214  -0.039198  0.999231  -0.001244  -0.021247  0.000411  0.999774  0.000327  0.026678  
153.123703 -0.001734  0.086392  -0.001791  0.981481  0.144828  -0.125381  -0.150484  0.987926  -0.036828  0.118534  0.055014  0.991425  -0.007161  -0.021647  -0.020617  -0.194003  0.640601  1.089945  2.000000  0.998948  0.040327  0.021832  -0.040303  0.999186  -0.001547  -0.021877  0.000666  0.999760  0.999685  0.021640  -0.012693  -0.021713  0.999749  -0.005579  0.012569  0.005852  0.999904  1.000000  0.000272  0.000156  -0.000272  1.000000  -0.000071  -0.000156  0.000071  1.000000  0.998948  0.040327  0.021832  -0.040303  0.999186  -0.001547  -0.021877  0.000666  0.999760  0.000322  0.025734  
153.124954 -0.001742  0.086365  -0.001816  0.981310  0.145746  -0.125656  -0.151492  0.987751  -0.037397  0.118667  0.055734  0.991369  -0.006800  -0.021587  -0.020513  -0.216845  0.612722  1.063526  2.000000  0.998878  0.041633  0.022589  -0.041599  0.999132  -0.001955  -0.022651  0.001013  0.999743  0.999721  0.020674  -0.011451  -0.020744  0.999766  -0.006062  0.011323  0.006298  0.999916  1.000000  0.000253  0.000153  -0.000253  1.000000  -0.000077  -0.000153  0.000077  1.000000  0.998878  0.041633  0.022589  -0.041599  0.999132  -0.001955  -0.022651  0.001013  0.999743  0.000315  0.024430  
153.126197 -0.001748  0.086339  -0.001842  0.981137  0.146664  -0.125933  -0.152499  0.987574  -0.037966  0.118800  0.056455  0.991312  -0.006446  -0.021550  -0.020552  -0.240522  0.584553  1.030419  2.000000  0.998810  0.042836  0.023332  -0.042792  0.999081  -0.002392  -0.023413  0.001391  0.999725  0.999755  0.019717  -0.010075  -0.019783  0.999783  -0.006546  0.009943  0.006743  0.999928  1.000000  0.000232  0.000151  -0.000232  1.000000  -0.000083  -0.000151  0.000083  1.000000  0.998810  0.042836  0.023332  -0.042792  0.999081  -0.002392  -0.023413  0.001391  0.999725  0.000305  0.023119  
153.127200 -0.001754  0.086319  -0.001863  0.981011  0.147401  -0.126053  -0.153307  0.987430  -0.038462  0.118800  0.057056  0.991278  -0.006294  -0.021499  -0.020615  -0.251085  0.557546  1.015995  2.000000  0.998769  0.043525  0.023781  -0.043474  0.999051  -0.002673  -0.023875  0.001636  0.999714  0.999760  0.019740  -0.009552  -0.019807  0.999779  -0.007030  0.009411  0.007218  0.999930  1.000000  0.000226  0.000155  -0.000226  1.000000  -0.000089  -0.000155  0.000089  1.000000  0.998769  0.043525  0.023781  -0.043474  0.999051  -0.002673  -0.023875  0.001636  0.999714  0.000299  0.023060  
153.128201 -0.001759  0.086298  -0.001885  0.980885  0.148137  -0.126175  -0.154115  0.987285  -0.038957  0.118800  0.057657  0.991243  -0.006112  -0.021458  -0.020721  -0.272916  0.529428  0.991698  2.000000  0.998716  0.044399  0.024384  -0.044337  0.999012  -0.003063  -0.024496  0.001978  0.999698  0.999779  0.019174  -0.008595  -0.019237  0.999788  -0.007347  0.008452  0.007510  0.999936  1.000000  0.000212  0.000155  -0.000212  1.000000  -0.000093  -0.000155  0.000093  1.000000  0.998716  0.044399  0.024384  -0.044337  0.999012  -0.003063  -0.024496  0.001978  0.999698  0.000291  0.022288  
153.129202 -0.001765  0.086277  -0.001909  0.980741  0.149085  -0.126174  -0.155127  0.987107  -0.039446  0.118667  0.058259  0.991224  -0.005940  -0.021466  -0.020946  -0.286541  0.502968  0.984137  2.000000  0.998664  0.045236  0.024998  -0.045163  0.998974  -0.003468  -0.025129  0.002334  0.999681  0.999785  0.019214  -0.007805  -0.019273  0.999785  -0.007591  0.007658  0.007740  0.999941  1.000000  0.000204  0.000160  -0.000204  1.000000  -0.000096  -0.000160  0.000096  1.000000  0.998664  0.045236  0.024998  -0.045163  0.998974  -0.003468  -0.025129  0.002334  0.999681  0.000286  0.022112  
153.130207 -0.001770  0.086257  -0.001933  0.980613  0.149821  -0.126298  -0.155935  0.986960  -0.039941  0.118667  0.058861  0.991188  -0.005791  -0.021382  -0.021137  -0.304477  0.469781  0.959539  2.000000  0.998611  0.046034  0.025618  -0.045949  0.998936  -0.003889  -0.025770  0.002706  0.999664  0.999797  0.018839  -0.007126  -0.018895  0.999790  -0.007883  0.006976  0.008016  0.999944  1.000000  0.000194  0.000160  -0.000194  1.000000  -0.000099  -0.000160  0.000099  1.000000  0.998611  0.046034  0.025618  -0.045949  0.998936  -0.003889  -0.025770  0.002706  0.999664  0.000281  0.021655  
153.131455 -0.001777  0.086231  -0.001964  0.980452  0.150745  -0.126448  -0.156944  0.986776  -0.040529  0.118667  0.059582  0.991145  -0.005599  -0.021214  -0.021470  -0.323118  0.439982  0.947635  2.000000  0.998547  0.046988  0.026395  -0.046887  0.998890  -0.004436  -0.026574  0.003192  0.999642  0.999809  0.018464  -0.006448  -0.018517  0.999794  -0.008296  0.006294  0.008414  0.999945  1.000000  0.000185  0.000160  -0.000185  1.000000  -0.000104  -0.000160  0.000104  1.000000  0.998547  0.046988  0.026395  -0.046887  0.998890  -0.004436  -0.026574  0.003192  0.999642  0.000273  0.021269  
153.132703 -0.001785  0.086206  -0.001997  0.980306  0.151676  -0.126470  -0.157956  0.986589  -0.041138  0.118534  0.060304  0.991117  -0.005555  -0.021021  -0.021845  -0.340746  0.394274  0.928247  2.000000  0.998484  0.047868  0.027158  -0.047749  0.998847  -0.004997  -0.027366  0.003692  0.999619  0.999833  0.017501  -0.005333  -0.017546  0.999811  -0.008421  0.005185  0.008513  0.999950  1.000000  0.000166  0.000157  -0.000166  1.000000  -0.000106  -0.000157  0.000106  1.000000  0.998484  0.047868  0.027158  -0.047749  0.998847  -0.004997  -0.027366  0.003692  0.999619  0.000267  0.020161  
153.133964 -0.001792  0.086180  -0.002030  0.980158  0.152623  -0.126474  -0.158967  0.986406  -0.041627  0.118401  0.060906  0.991096  -0.005543  -0.020850  -0.022165  -0.354825  0.346436  0.903336  2.000000  0.998424  0.048679  0.027917  -0.048542  0.998806  -0.005565  -0.028154  0.004201  0.999595  0.999843  0.017146  -0.004385  -0.017182  0.999816  -0.008472  0.004239  0.008546  0.999954  1.000000  0.000154  0.000159  -0.000154  1.000000  -0.000106  -0.000159  0.000106  1.000000  0.998424  0.048679  0.027917  -0.048542  0.998806  -0.005565  -0.028154  0.004201  0.999595  0.000260  0.019638  
153.134967 -0.001797  0.086160  -0.002055  0.980043  0.153367  -0.126470  -0.159777  0.986253  -0.042142  0.118268  0.061508  0.991075  -0.005544  -0.020777  -0.022493  -0.368358  0.314671  0.891237  2.000000  0.998388  0.049142  0.028384  -0.048994  0.998782  -0.005913  -0.028640  0.004513  0.999580  0.999845  0.017167  -0.003994  -0.017201  0.999814  -0.008715  0.003844  0.008782  0.999954  1.000000  0.000150  0.000162  -0.000150  1.000000  -0.000109  -0.000162  0.000109  1.000000  0.998388  0.049142  0.028384  -0.048994  0.998782  -0.005913  -0.028640  0.004513  0.999580  0.000254  0.019678  
153.136203 -0.001805  0.086135  -0.002088  0.979860  0.154516  -0.126485  -0.160990  0.986036  -0.042606  0.118135  0.062110  0.991053  -0.005613  -0.020762  -0.023070  -0.373207  0.281418  0.885673  2.000000  0.998340  0.049740  0.029031  -0.049574  0.998750  -0.006386  -0.029313  0.004936  0.999558  0.999843  0.017410  -0.003350  -0.017439  0.999809  -0.008816  0.003195  0.008873  0.999956  1.000000  0.000144  0.000168  -0.000144  1.000000  -0.000111  -0.000168  0.000111  1.000000  0.998340  0.049740  0.029031  -0.049574  0.998750  -0.006386  -0.029313  0.004936  0.999558  0.000252  0.019814  
153.137206 -0.001811  0.086114  -0.002115  0.979743  0.155260  -0.126483  -0.161799  0.985881  -0.043121  0.118002  0.062712  0.991031  -0.005652  -0.020741  -0.023632  -0.385782  0.252010  0.880963  2.000000  0.998292  0.050314  0.029690  -0.050131  0.998719  -0.006872  -0.029998  0.005372  0.999536  0.999844  0.017440  -0.002826  -0.017465  0.999806  -0.009061  0.002667  0.009108  0.999955  1.000000  0.000139  0.000172  -0.000139  1.000000  -0.000114  -0.000172  0.000114  1.000000  0.998292  0.050314  0.029690  -0.050131  0.998719  -0.006872  -0.029998  0.005372  0.999536  0.000249  0.019868  
153.138461 -0.001818  0.086087  -0.002151  0.979607  0.156199  -0.126380  -0.162813  0.985686  -0.043752  0.117737  0.063436  0.991017  -0.005687  -0.020699  -0.024382  -0.399270  0.215738  0.868883  2.000000  0.998232  0.051000  0.030535  -0.050794  0.998681  -0.007492  -0.030877  0.005928  0.999506  0.999845  0.017488  -0.002037  -0.017507  0.999803  -0.009308  0.001874  0.009342  0.999955  1.000000  0.000131  0.000177  -0.000131  1.000000  -0.000117  -0.000177  0.000117  1.000000  0.998232  0.051000  0.030535  -0.050794  0.998681  -0.007492  -0.030877  0.005928  0.999506  0.000245  0.019925  
153.139702 -0.001827  0.086060  -0.002189  0.979470  0.157123  -0.126296  -0.163826  0.985485  -0.044502  0.117471  0.064279  0.990994  -0.005786  -0.020735  -0.025315  -0.412881  0.187407  0.856414  2.000000  0.998172  0.051646  0.031398  -0.051415  0.998644  -0.008125  -0.031775  0.006496  0.999474  0.999849  0.017334  -0.001236  -0.017345  0.999805  -0.009458  0.001072  0.009478  0.999955  1.000000  0.000121  0.000180  -0.000121  1.000000  -0.000118  -0.000181  0.000118  1.000000  0.998172  0.051646  0.031398  -0.051415  0.998644  -0.008125  -0.031775  0.006496  0.999474  0.000242  0.019791  
153.140708 -0.001833  0.086038  -0.002221  0.979366  0.157875  -0.126167  -0.164638  0.985325  -0.045040  0.117205  0.064882  0.990986  -0.005806  -0.020731  -0.026033  -0.424041  0.156658  0.839012  2.000000  0.998136  0.052013  0.031924  -0.051766  0.998623  -0.008514  -0.032323  0.006846  0.999454  0.999849  0.017358  -0.000848  -0.017366  0.999802  -0.009703  0.000680  0.009716  0.999953  1.000000  0.000117  0.000183  -0.000117  1.000000  -0.000121  -0.000183  0.000121  1.000000  0.998136  0.052013  0.031924  -0.051766  0.998623  -0.008514  -0.032323  0.006846  0.999454  0.000239  0.019908  
153.141725 -0.001838  0.086016  -0.002254  0.979211  0.158806  -0.126199  -0.165649  0.985128  -0.045649  0.117072  0.065604  0.990954  -0.005830  -0.020815  -0.026835  -0.431207  0.138196  0.838727  2.000000  0.998100  0.052372  0.032468  -0.052108  0.998602  -0.008912  -0.032889  0.007203  0.999433  0.999842  0.017792  -0.000484  -0.017796  0.999793  -0.009901  0.000308  0.009908  0.999951  1.000000  0.000116  0.000190  -0.000115  1.000000  -0.000124  -0.000190  0.000124  1.000000  0.998100  0.052372  0.032468  -0.052108  0.998602  -0.008912  -0.032889  0.007203  0.999433  0.000238  0.020370  
153.142951 -0.001845  0.085990  -0.002296  0.979071  0.159730  -0.126120  -0.166662  0.984922  -0.046400  0.116807  0.066448  0.990929  -0.005786  -0.020866  -0.027742  -0.443143  0.107579  0.840403  2.000000  0.998050  0.052840  0.033215  -0.052553  0.998573  -0.009460  -0.033668  0.007696  0.999403  0.999837  0.018031  0.000021  -0.018029  0.999785  -0.010245  -0.000206  0.010243  0.999948  1.000000  0.000111  0.000196  -0.000111  1.000000  -0.000128  -0.000196  0.000128  1.000000  0.998050  0.052840  0.033215  -0.052553  0.998573  -0.009460  -0.033668  0.007696  0.999403  0.000239  0.020739  
153.143969 -0.001849  0.085970  -0.002329  0.978930  0.160685  -0.126003  -0.167675  0.984726  -0.046912  0.116541  0.067051  0.990920  -0.005686  -0.020821  -0.028469  -0.450524  0.086158  0.848748  2.000000  0.998001  0.053293  0.033979  -0.052981  0.998545  -0.010022  -0.034464  0.008201  0.999372  0.999833  0.018261  0.000395  -0.018256  0.999779  -0.010466  -0.000586  0.010457  0.999945  1.000000  0.000109  0.000201  -0.000109  1.000000  -0.000131  -0.000201  0.000131  1.000000  0.998001  0.053293  0.033979  -0.052981  0.998545  -0.010022  -0.034464  0.008201  0.999372  0.000242  0.021050  
153.145222 -0.001853  0.085946  -0.002371  0.978787  0.161594  -0.125947  -0.168688  0.984511  -0.047783  0.116275  0.068015  0.990886  -0.005499  -0.020718  -0.029228  -0.467421  0.055226  0.842942  2.000000  0.997950  0.053735  0.034768  -0.053397  0.998517  -0.010599  -0.035286  0.008721  0.999339  0.999828  0.018501  0.000900  -0.018490  0.999771  -0.010810  -0.001100  0.010792  0.999941  1.000000  0.000105  0.000206  -0.000105  1.000000  -0.000135  -0.000206  0.000135  1.000000  0.997950  0.053735  0.034768  -0.053397  0.998517  -0.010599  -0.035286  0.008721  0.999339  0.000241  0.021444  
153.146464 -0.001855  0.085923  -0.002413  0.978659  0.162528  -0.125743  -0.169703  0.984298  -0.048557  0.115876  0.068859  0.990874  -0.005200  -0.020553  -0.029890  -0.479777  0.028884  0.844781  2.000000  0.997898  0.054165  0.035577  -0.053798  0.998489  -0.011193  -0.036130  0.009256  0.999304  0.999823  0.018743  0.001405  -0.018726  0.999764  -0.011036  -0.001611  0.011008  0.999938  1.000000  0.000101  0.000212  -0.000101  1.000000  -0.000138  -0.000212  0.000138  1.000000  0.997898  0.054165  0.035577  -0.053798  0.998489  -0.011193  -0.036130  0.009256  0.999304  0.000243  0.021790  
153.147465 -0.001857  0.085904  -0.002447  0.978514  0.163483  -0.125630  -0.170716  0.984098  -0.049070  0.115611  0.069462  0.990863  -0.004886  -0.020465  -0.030459  -0.482911  0.012104  0.853559  2.000000  0.997858  0.054481  0.036203  -0.054091  0.998468  -0.011649  -0.036782  0.009666  0.999277  0.999815  0.019170  0.001630  -0.019150  0.999752  -0.011357  -0.001848  0.011323  0.999934  1.000000  0.000101  0.000218  -0.000101  1.000000  -0.000142  -0.000218  0.000142  1.000000  0.997858  0.054481  0.036203  -0.054091  0.998468  -0.011649  -0.036782  0.009666  0.999277  0.000245  0.022334  
153.148703 -0.001859  0.085880  -0.002490  0.978333  0.164610  -0.125570  -0.171930  0.983850  -0.049796  0.115345  0.070306  0.990834  -0.004523  -0.020386  -0.031261  -0.494646  -0.014112  0.861739  2.000000  0.997804  0.054898  0.037063  -0.054477  0.998440  -0.012267  -0.037678  0.010221  0.999238  0.999805  0.019617  0.002120  -0.019591  0.999741  -0.011559  -0.002346  0.011515  0.999931  1.000000  0.000098  0.000226  -0.000098  1.000000  -0.000144  -0.000226  0.000144  1.000000  0.997804  0.054898  0.037063  -0.054477  0.998440  -0.012267  -0.037678  0.010221  0.999238  0.000248  0.022858  
153.149710 -0.001859  0.085860  -0.002526  0.978222  0.165348  -0.125470  -0.172741  0.983674  -0.050454  0.115079  0.071029  0.990814  -0.004206  -0.020337  -0.031807  -0.502635  -0.031535  0.862589  2.000000  0.997763  0.055203  0.037717  -0.054758  0.998418  -0.012733  -0.038360  0.010639  0.999207  0.999804  0.019637  0.002375  -0.019608  0.999741  -0.011564  -0.002601  0.011515  0.999930  1.000000  0.000096  0.000228  -0.000096  1.000000  -0.000144  -0.000228  0.000144  1.000000  0.997763  0.055203  0.037717  -0.054758  0.998418  -0.012733  -0.038360  0.010639  0.999207  0.000249  0.022902  
153.150726 -0.001860  0.085840  -0.002563  0.978109  0.166100  -0.125351  -0.173552  0.983504  -0.050994  0.114813  0.071632  0.990801  -0.003826  -0.020299  -0.032604  -0.506416  -0.048984  0.863239  2.000000  0.997707  0.055602  0.038598  -0.055123  0.998390  -0.013364  -0.039279  0.011206  0.999165  0.999803  0.019658  0.002627  -0.019626  0.999739  -0.011690  -0.002857  0.011636  0.999928  1.000000  0.000093  0.000230  -0.000093  1.000000  -0.000146  -0.000230  0.000146  1.000000  0.997707  0.055602  0.038598  -0.055123  0.998390  -0.013364  -0.039279  0.011206  0.999165  0.000251  0.023010  
153.151951 -0.001861  0.085814  -0.002611  0.977975  0.167020  -0.125174  -0.174566  0.983277  -0.051889  0.114414  0.072597  0.990777  -0.003427  -0.020370  -0.033546  -0.518067  -0.069814  0.865064  2.000000  0.997650  0.055992  0.039482  -0.055477  0.998362  -0.014005  -0.040202  0.011782  0.999122  0.999803  0.019670  0.002744  -0.019636  0.999736  -0.011938  -0.002978  0.011882  0.999925  1.000000  0.000092  0.000231  -0.000092  1.000000  -0.000149  -0.000231  0.000149  1.000000  0.997650  0.055992  0.039482  -0.055477  0.998362  -0.014005  -0.040202  0.011782  0.999122  0.000252  0.023160  
153.152953 -0.001860  0.085793  -0.002650  0.977861  0.167772  -0.125058  -0.175377  0.983104  -0.052429  0.114149  0.073200  0.990763  -0.003000  -0.020307  -0.034262  -0.523172  -0.088257  0.866586  2.000000  0.997593  0.056374  0.040375  -0.055823  0.998333  -0.014654  -0.041133  0.012365  0.999077  0.999802  0.019692  0.002997  -0.019655  0.999734  -0.012064  -0.003233  0.012003  0.999923  1.000000  0.000089  0.000232  -0.000089  1.000000  -0.000150  -0.000232  0.000150  1.000000  0.997593  0.056374  0.040375  -0.055823  0.998333  -0.014654  -0.041133  0.012365  0.999077  0.000254  0.023273  
153.153957 -0.001860  0.085772  -0.002690  0.977732  0.168501  -0.125093  -0.176185  0.982926  -0.053065  0.114016  0.073922  0.990725  -0.002518  -0.020275  -0.034979  -0.527188  -0.096643  0.867132  2.000000  0.997535  0.056749  0.041272  -0.056159  0.998304  -0.015311  -0.042071  0.012955  0.999031  0.999800  0.019714  0.003249  -0.019673  0.999732  -0.012191  -0.003489  0.012124  0.999920  1.000000  0.000087  0.000234  -0.000087  1.000000  -0.000152  -0.000234  0.000152  1.000000  0.997535  0.056749  0.041272  -0.056159  0.998304  -0.015311  -0.042071  0.012955  0.999031  0.000255  0.023390  
