1-Time 2-Px 3-Py 4-Pz 5-R11 6-R21 7-R31 8-R12 9-R22 10-R32 11-R13 12-R23 13-R33 14-Vx 15-Vy 16-Vz 17-Wx 18-Wy 19-Wz 20-state 21-PR11 22-PR21 23-PR31 24-PR12 25-PR22 26-PR32 27-PR13 28-PR23 29-PR33 
164.715076 0.007590  0.098856  -0.001340  0.985469  0.168967  0.017354  -0.028817  0.065625  0.997428  0.167393  -0.983435  0.069541  -0.000268  -0.000446  -0.000217  0.000000  0.000000  0.000000  2.000000  1.000000  0.000000  0.000000  0.000000  -0.000000  1.000000  0.000000  -1.000000  -0.000000  0.999993  0.003213  0.001809  -0.003214  0.999994  0.000824  -0.001806  -0.000829  0.999998  1.000000  0.000000  0.000000  0.000000  1.000000  0.000000  0.000000  0.000000  1.000000  0.663798  0.448526  0.598496  -0.613893  -0.130340  0.778554  0.427210  -0.884215  0.188827  0.000000  0.000000  
164.716080 0.007589  0.098855  -0.001341  0.985447  0.169098  0.017345  -0.028816  0.065622  0.997428  0.167525  -0.983412  0.069539  -0.000272  -0.000404  -0.000271  0.000000  0.000000  0.000000  2.000000  1.000000  0.000000  0.000000  0.000000  -0.000000  1.000000  0.000000  -1.000000  -0.000000  0.999993  0.003332  0.001597  -0.003333  0.999994  0.000790  -0.001594  -0.000795  0.999998  1.000000  0.000000  0.000000  0.000000  1.000000  0.000000  0.000000  0.000000  1.000000  1.000000  0.000000  0.000000  0.000000  -0.000000  1.000000  0.000000  -1.000000  -0.000000  0.000000  0.000000  
164.717082 0.007590  0.098856  -0.001341  0.985400  0.169284  0.018157  -0.029627  0.065478  0.997414  0.167657  -0.983390  0.069538  -0.000211  -0.000361  -0.000358  0.000000  0.000000  0.000000  2.000000  1.000000  0.000000  0.000000  0.000000  -0.000000  1.000000  0.000000  -1.000000  -0.000000  0.999992  0.003360  0.002002  -0.003362  0.999994  0.000858  -0.001999  -0.000865  0.999998  1.000000  0.000000  0.000000  0.000000  1.000000  0.000000  0.000000  0.000000  1.000000  1.000000  0.000000  0.000000  0.000000  -0.000000  1.000000  0.000000  -1.000000  -0.000000  0.000000  0.000000  
164.718083 0.007592  0.098856  -0.001342  0.985363  0.169364  0.019389  -0.030844  0.065269  0.997391  0.167657  -0.983390  0.069538  -0.000112  -0.000310  -0.000414  0.000000  0.000000  0.000000  2.000000  1.000000  0.000000  0.000000  0.000000  -0.000000  1.000000  0.000000  -1.000000  -0.000000  0.999990  0.003298  0.003024  -0.003301  0.999994  0.001027  -0.003020  -0.001037  0.999995  1.000000  0.000000  0.000000  0.000000  1.000000  0.000000  0.000000  0.000000  1.000000  1.000000  0.000000  0.000000  0.000000  -0.000000  1.000000  0.000000  -1.000000  -0.000000  0.000000  0.000000  
164.719333 0.007593  0.098857  -0.001342  0.985340  0.169327  0.020836  -0.032265  0.065029  0.997362  0.167525  -0.983412  0.069539  -0.000014  -0.000181  -0.000436  0.053571  -0.187188  0.157545  2.000000  1.000000  0.000000  0.000000  0.000000  -0.000000  1.000000  0.000000  -1.000000  -0.000000  0.999986  0.002983  0.004267  -0.002988  0.999995  0.001232  -0.004264  -0.001244  0.999990  1.000000  0.000000  0.000000  0.000000  1.000000  0.000000  0.000000  0.000000  1.000000  1.000000  0.000000  0.000000  0.000000  -0.000000  1.000000  0.000000  -1.000000  -0.000000  0.000060  0.000000  
164.720582 0.007596  0.098858  -0.001343  0.985328  0.169262  0.021872  -0.033280  0.064860  0.997339  0.167393  -0.983435  0.069541  0.000182  -0.000062  -0.000417  0.058819  -0.220082  0.149784  2.000000  1.000000  0.000105  0.000199  -0.000199  -0.000050  1.000000  0.000105  -1.000000  -0.000050  0.999981  0.002801  0.005501  -0.002808  0.999995  0.001314  -0.005498  -0.001330  0.999984  1.000000  0.000035  0.000069  -0.000035  1.000000  0.000017  -0.000069  -0.000017  1.000000  1.000000  0.000105  0.000199  -0.000199  -0.000050  1.000000  0.000105  -1.000000  -0.000050  0.000067  0.006313  
164.721834 0.007599  0.098859  -0.001343  0.985271  0.169463  0.022869  -0.034294  0.064802  0.997309  0.167525  -0.983404  0.069659  0.000387  0.000034  -0.000388  0.055317  -0.247366  0.147234  2.000000  1.000000  0.000272  0.000579  -0.000578  -0.000139  1.000000  0.000272  -1.000000  -0.000138  0.999976  0.002724  0.006321  -0.002733  0.999995  0.001452  -0.006317  -0.001469  0.999979  1.000000  0.000034  0.000079  -0.000034  1.000000  0.000018  -0.000079  -0.000018  1.000000  1.000000  0.000272  0.000579  -0.000578  -0.000139  1.000000  0.000272  -1.000000  -0.000138  0.000073  0.007036  
164.723081 0.007602  0.098860  -0.001342  0.985191  0.169796  0.023856  -0.035306  0.064739  0.997277  0.167789  -0.983351  0.069775  0.000621  0.000160  -0.000337  0.056376  -0.276922  0.145909  2.000000  0.999999  0.000413  0.000927  -0.000927  -0.000211  1.000000  0.000413  -1.000000  -0.000211  0.999969  0.002928  0.007324  -0.002939  0.999995  0.001501  -0.007319  -0.001522  0.999972  1.000000  0.000037  0.000092  -0.000037  1.000000  0.000019  -0.000092  -0.000019  1.000000  0.999999  0.000413  0.000927  -0.000927  -0.000211  1.000000  0.000413  -1.000000  -0.000211  0.000079  0.008031  
164.724095 0.007604  0.098861  -0.001342  0.985079  0.170270  0.025060  -0.036521  0.064514  0.997248  0.168185  -0.983283  0.069770  0.000760  0.000254  -0.000273  0.063325  -0.316971  0.157715  2.000000  0.999999  0.000564  0.001316  -0.001316  -0.000285  0.999999  0.000565  -1.000000  -0.000284  0.999962  0.003253  0.008114  -0.003265  0.999994  0.001517  -0.008109  -0.001543  0.999966  1.000000  0.000041  0.000101  -0.000041  1.000000  0.000019  -0.000101  -0.000019  1.000000  0.999999  0.000564  0.001316  -0.001316  -0.000285  0.999999  0.000565  -1.000000  -0.000284  0.000087  0.008875  
164.725341 0.007606  0.098862  -0.001341  0.984942  0.170787  0.026859  -0.038343  0.064304  0.997193  0.168580  -0.983207  0.069885  0.000930  0.000379  -0.000188  0.068554  -0.370755  0.170583  2.000000  0.999998  0.000733  0.001780  -0.001779  -0.000362  0.999998  0.000734  -1.000000  -0.000361  0.999947  0.003500  0.009724  -0.003515  0.999993  0.001548  -0.009719  -0.001582  0.999952  1.000000  0.000044  0.000122  -0.000044  1.000000  0.000020  -0.000122  -0.000020  1.000000  0.999998  0.000733  0.001780  -0.001779  -0.000362  0.999998  0.000734  -1.000000  -0.000361  0.000102  0.010453  
164.726584 0.007608  0.098864  -0.001341  0.984838  0.171050  0.028902  -0.040370  0.063947  0.997136  0.168712  -0.983185  0.069883  0.001091  0.000526  -0.000114  0.080144  -0.438864  0.175458  2.000000  0.999997  0.000959  0.002463  -0.002463  -0.000474  0.999997  0.000960  -0.999999  -0.000471  0.999924  0.003640  0.011749  -0.003662  0.999992  0.001890  -0.011742  -0.001933  0.999929  1.000000  0.000046  0.000147  -0.000046  1.000000  0.000024  -0.000147  -0.000024  1.000000  0.999997  0.000959  0.002463  -0.002463  -0.000474  0.999997  0.000960  -0.999999  -0.000471  0.000117  0.012448  
164.727587 0.007609  0.098866  -0.001341  0.984779  0.171146  0.030318  -0.041789  0.063822  0.997086  0.168712  -0.983176  0.070002  0.001214  0.000666  -0.000071  0.083006  -0.479932  0.173884  2.000000  0.999995  0.001141  0.003096  -0.003096  -0.000573  0.999995  0.001143  -0.999999  -0.000569  0.999907  0.003605  0.013176  -0.003632  0.999991  0.002008  -0.013168  -0.002056  0.999911  1.000000  0.000045  0.000165  -0.000045  1.000000  0.000025  -0.000165  -0.000025  1.000000  0.999995  0.001141  0.003096  -0.003096  -0.000573  0.999995  0.001143  -0.999999  -0.000569  0.000126  0.013811  
164.728836 0.007611  0.098867  -0.001341  0.984682  0.171294  0.032556  -0.044019  0.063555  0.997007  0.168712  -0.983168  0.070121  0.001389  0.000731  -0.000063  0.090537  -0.548596  0.169796  2.000000  0.999991  0.001367  0.003993  -0.003993  -0.000710  0.999992  0.001370  -0.999999  -0.000705  0.999878  0.003613  0.015209  -0.003647  0.999991  0.002229  -0.015201  -0.002284  0.999882  1.000000  0.000045  0.000190  -0.000045  1.000000  0.000028  -0.000190  -0.000028  1.000000  0.999991  0.001367  0.003993  -0.003993  -0.000710  0.999992  0.001370  -0.999999  -0.000705  0.000142  0.015795  
164.730088 0.007613  0.098869  -0.001340  0.984602  0.171314  0.034781  -0.046250  0.063415  0.996915  0.168580  -0.983173  0.070362  0.001566  0.000912  0.000066  0.090994  -0.624000  0.166181  2.000000  0.999986  0.001580  0.005014  -0.005012  -0.000853  0.999987  0.001584  -0.999998  -0.000845  0.999849  0.003340  0.017059  -0.003379  0.999992  0.002296  -0.017052  -0.002354  0.999852  1.000000  0.000042  0.000213  -0.000042  1.000000  0.000029  -0.000213  -0.000029  1.000000  0.999986  0.001580  0.005014  -0.005012  -0.000853  0.999987  0.001584  -0.999998  -0.000845  0.000158  0.017539  
164.731339 0.007616  0.098873  -0.001337  0.984482  0.171585  0.036782  -0.048276  0.063297  0.996826  0.168712  -0.983134  0.070598  0.001796  0.001211  0.000315  0.094521  -0.692294  0.166629  2.000000  0.999981  0.001751  0.005943  -0.005941  -0.000973  0.999982  0.001757  -0.999998  -0.000962  0.999808  0.003496  0.019286  -0.003544  0.999991  0.002430  -0.019277  -0.002498  0.999811  1.000000  0.000044  0.000241  -0.000044  1.000000  0.000031  -0.000241  -0.000031  1.000000  0.999981  0.001751  0.005943  -0.005941  -0.000973  0.999982  0.001757  -0.999998  -0.000962  0.000177  0.019755  
164.732583 0.007619  0.098878  -0.001334  0.984381  0.171724  0.038793  -0.050302  0.063186  0.996733  0.168712  -0.983117  0.070837  0.001894  0.001472  0.000544  0.096838  -0.753961  0.166644  2.000000  0.999972  0.001969  0.007224  -0.007222  -0.001128  0.999973  0.001977  -0.999997  -0.001113  0.999767  0.003509  0.021318  -0.003561  0.999991  0.002409  -0.021309  -0.002485  0.999770  1.000000  0.000044  0.000266  -0.000044  1.000000  0.000031  -0.000266  -0.000031  1.000000  0.999972  0.001969  0.007224  -0.007222  -0.001128  0.999973  0.001977  -0.999997  -0.001113  0.000191  0.021745  
164.733585 0.007621  0.098882  -0.001332  0.984274  0.171969  0.040383  -0.051922  0.063138  0.996653  0.168844  -0.983077  0.071074  0.001967  0.001721  0.000708  0.096876  -0.801474  0.170132  2.000000  0.999963  0.002143  0.008336  -0.008334  -0.001250  0.999964  0.002153  -0.999997  -0.001232  0.999735  0.003474  0.022744  -0.003530  0.999991  0.002411  -0.022735  -0.002491  0.999738  1.000000  0.000044  0.000284  -0.000044  1.000000  0.000031  -0.000284  -0.000031  1.000000  0.999963  0.002143  0.008336  -0.008334  -0.001250  0.999964  0.002153  -0.999997  -0.001232  0.000203  0.023140  
164.734833 0.007624  0.098886  -0.001331  0.984165  0.172109  0.042393  -0.053949  0.063025  0.996553  0.168844  -0.983060  0.071312  0.002015  0.001960  0.000808  0.095184  -0.863380  0.165616  2.000000  0.999949  0.002361  0.009834  -0.009831  -0.001405  0.999951  0.002375  -0.999996  -0.001382  0.999687  0.003488  0.024776  -0.003548  0.999991  0.002391  -0.024767  -0.002478  0.999690  1.000000  0.000044  0.000310  -0.000044  1.000000  0.000030  -0.000310  -0.000030  1.000000  0.999949  0.002361  0.009834  -0.009831  -0.001405  0.999951  0.002375  -0.999996  -0.001382  0.000218  0.025141  
164.736082 0.007627  0.098890  -0.001331  0.984041  0.172268  0.044587  -0.056177  0.062998  0.996431  0.168844  -0.983034  0.071670  0.002034  0.002105  0.000817  0.095751  -0.938468  0.166666  2.000000  0.999931  0.002573  0.011457  -0.011453  -0.001563  0.999933  0.002591  -0.999995  -0.001533  0.999635  0.003365  0.026818  -0.003433  0.999991  0.002495  -0.026809  -0.002587  0.999637  1.000000  0.000042  0.000335  -0.000042  1.000000  0.000032  -0.000335  -0.000032  1.000000  0.999931  0.002573  0.011457  -0.011453  -0.001563  0.999933  0.002591  -0.999995  -0.001533  0.000236  0.027150  
164.737083 0.007630  0.098891  -0.001332  0.983957  0.172264  0.046401  -0.058002  0.062928  0.996331  0.168712  -0.983039  0.071910  0.002027  0.002176  0.000745  0.098029  -1.000387  0.162233  2.000000  0.999914  0.002735  0.012854  -0.012850  -0.001692  0.999916  0.002757  -0.999995  -0.001657  0.999590  0.003215  0.028455  -0.003288  0.999991  0.002529  -0.028447  -0.002622  0.999592  1.000000  0.000041  0.000356  -0.000041  1.000000  0.000032  -0.000356  -0.000032  1.000000  0.999914  0.002735  0.012854  -0.012850  -0.001692  0.999916  0.002757  -0.999995  -0.001657  0.000251  0.028756  
164.738332 0.007633  0.098893  -0.001334  0.983836  0.172405  0.048410  -0.060027  0.062815  0.996218  0.168712  -0.983021  0.072149  0.002021  0.002195  0.000573  0.100443  -1.062203  0.157801  2.000000  0.999893  0.002895  0.014321  -0.014316  -0.001819  0.999896  0.002920  -0.999994  -0.001777  0.999554  0.003175  0.029677  -0.003247  0.999992  0.002373  -0.029670  -0.002469  0.999557  1.000000  0.000040  0.000371  -0.000040  1.000000  0.000030  -0.000371  -0.000030  1.000000  0.999893  0.002895  0.014321  -0.014316  -0.001819  0.999896  0.002920  -0.999994  -0.001777  0.000266  0.029949  
164.739582 0.007635  0.098894  -0.001338  0.983710  0.172552  0.050398  -0.062052  0.062822  0.996094  0.168712  -0.982995  0.072506  0.002035  0.002201  0.000230  0.094648  -1.123723  0.157870  2.000000  0.999870  0.003057  0.015830  -0.015824  -0.001939  0.999873  0.003087  -0.999993  -0.001890  0.999530  0.003371  0.030477  -0.003442  0.999992  0.002263  -0.030469  -0.002367  0.999533  1.000000  0.000043  0.000381  -0.000043  1.000000  0.000029  -0.000381  -0.000029  1.000000  0.999870  0.003057  0.015830  -0.015824  -0.001939  0.999873  0.003087  -0.999993  -0.001890  0.000281  0.030755  
164.740584 0.007638  0.098896  -0.001341  0.983607  0.172662  0.052018  -0.063673  0.062659  0.996002  0.168712  -0.982986  0.072626  0.002130  0.002197  -0.000039  0.099929  -1.178465  0.157393  2.000000  0.999844  0.003227  0.017367  -0.017360  -0.002050  0.999847  0.003262  -0.999993  -0.001994  0.999517  0.003406  0.030881  -0.003472  0.999992  0.002089  -0.030874  -0.002195  0.999521  1.000000  0.000043  0.000386  -0.000043  1.000000  0.000027  -0.000386  -0.000027  1.000000  0.999844  0.003227  0.017367  -0.017360  -0.002050  0.999847  0.003262  -0.999993  -0.001994  0.000295  0.031147  
164.741586 0.007641  0.098896  -0.001345  0.983514  0.172765  0.053411  -0.065090  0.062652  0.995911  0.168712  -0.982968  0.072864  0.002261  0.002135  -0.000304  0.099976  -1.226321  0.156495  2.000000  0.999815  0.003403  0.018928  -0.018921  -0.002158  0.999819  0.003443  -0.999992  -0.002093  0.999498  0.003589  0.031478  -0.003652  0.999991  0.001944  -0.031471  -0.002058  0.999503  1.000000  0.000045  0.000393  -0.000045  1.000000  0.000025  -0.000393  -0.000025  1.000000  0.999815  0.003403  0.018928  -0.018921  -0.002158  0.999819  0.003443  -0.999992  -0.002093  0.000307  0.031750  
164.742587 0.007644  0.098895  -0.001350  0.983419  0.172868  0.054804  -0.066507  0.062644  0.995818  0.168712  -0.982951  0.073102  0.002369  0.002033  -0.000601  0.094895  -1.267903  0.150578  2.000000  0.999783  0.003584  0.020520  -0.020512  -0.002258  0.999787  0.003629  -0.999991  -0.002184  0.999479  0.003638  0.032084  -0.003698  0.999992  0.001803  -0.032078  -0.001921  0.999484  1.000000  0.000046  0.000401  -0.000046  1.000000  0.000023  -0.000401  -0.000023  1.000000  0.999783  0.003584  0.020520  -0.020512  -0.002258  0.999787  0.003629  -0.999991  -0.002184  0.000317  0.032349  
164.743836 0.007648  0.098894  -0.001356  0.983308  0.172985  0.056403  -0.068127  0.062601  0.995711  0.168712  -0.982933  0.073341  0.002511  0.001787  -0.001075  0.096110  -1.322422  0.150179  2.000000  0.999739  0.003797  0.022546  -0.022538  -0.002380  0.999743  0.003850  -0.999990  -0.002294  0.999459  0.003288  0.032718  -0.003348  0.999993  0.001797  -0.032712  -0.001905  0.999463  1.000000  0.000041  0.000409  -0.000041  1.000000  0.000023  -0.000409  -0.000023  1.000000  0.999739  0.003797  0.022546  -0.022538  -0.002380  0.999743  0.003850  -0.999990  -0.002294  0.000332  0.032941  
164.745087 0.007652  0.098892  -0.001364  0.983203  0.172984  0.058215  -0.069950  0.062531  0.995589  0.168580  -0.982938  0.073581  0.002605  0.001479  -0.001608  0.097373  -1.378164  0.140886  2.000000  0.999689  0.003986  0.024603  -0.024593  -0.002501  0.999694  0.004046  -0.999989  -0.002402  0.999453  0.002776  0.032958  -0.002834  0.999994  0.001723  -0.032953  -0.001815  0.999455  1.000000  0.000035  0.000412  -0.000035  1.000000  0.000022  -0.000412  -0.000022  1.000000  0.999689  0.003986  0.024603  -0.024593  -0.002501  0.999694  0.004046  -0.999989  -0.002402  0.000344  0.033128  
164.746343 0.007655  0.098889  -0.001372  0.983086  0.173101  0.059813  -0.071569  0.062488  0.995476  0.168580  -0.982920  0.073820  0.002636  0.001035  -0.002390  0.096260  -1.418806  0.139497  2.000000  0.999647  0.004109  0.026247  -0.026236  -0.002590  0.999652  0.004175  -0.999988  -0.002481  0.999453  0.002383  0.032985  -0.002438  0.999996  0.001615  -0.032981  -0.001694  0.999455  1.000000  0.000030  0.000412  -0.000030  1.000000  0.000021  -0.000412  -0.000021  1.000000  0.999647  0.004109  0.026247  -0.026236  -0.002590  0.999652  0.004175  -0.999988  -0.002481  0.000357  0.033118  
164.747587 0.007658  0.098886  -0.001382  0.982967  0.173218  0.061410  -0.073188  0.062444  0.995361  0.168580  -0.982902  0.074058  0.002606  0.000498  -0.003288  0.090552  -1.433030  0.136209  2.000000  0.999591  0.004249  0.028286  -0.028274  -0.002689  0.999597  0.004323  -0.999987  -0.002568  0.999473  0.002212  0.032387  -0.002258  0.999996  0.001395  -0.032383  -0.001467  0.999474  1.000000  0.000028  0.000405  -0.000028  1.000000  0.000018  -0.000405  -0.000018  1.000000  0.999591  0.004249  0.028286  -0.028274  -0.002689  0.999597  0.004323  -0.999987  -0.002568  0.000359  0.032499  
164.748833 0.007662  0.098884  -0.001394  0.982838  0.173455  0.062793  -0.074603  0.062426  0.995257  0.168712  -0.982861  0.074295  0.002660  0.000040  -0.004151  0.082410  -1.432540  0.145370  2.000000  0.999531  0.004391  0.030307  -0.030295  -0.002776  0.999537  0.004473  -0.999987  -0.002642  0.999480  0.002343  0.032173  -0.002380  0.999997  0.001118  -0.032171  -0.001194  0.999482  1.000000  0.000030  0.000402  -0.000030  1.000000  0.000014  -0.000402  -0.000014  1.000000  0.999531  0.004391  0.030307  -0.030295  -0.002776  0.999537  0.004473  -0.999987  -0.002642  0.000359  0.032285  
164.750087 0.007666  0.098881  -0.001407  0.982723  0.173686  0.063949  -0.075815  0.062564  0.995157  0.168844  -0.982812  0.074651  0.002730  -0.000473  -0.005162  0.070172  -1.431668  0.154579  2.000000  0.999469  0.004539  0.032274  -0.032261  -0.002843  0.999475  0.004628  -0.999986  -0.002695  0.999512  0.002546  0.031142  -0.002573  0.999996  0.000821  -0.031140  -0.000901  0.999515  1.000000  0.000032  0.000389  -0.000032  1.000000  0.000011  -0.000389  -0.000011  1.000000  0.999469  0.004539  0.032274  -0.032261  -0.002843  0.999475  0.004628  -0.999986  -0.002695  0.000359  0.031263  
164.751333 0.007669  0.098879  -0.001420  0.982644  0.173766  0.064931  -0.076827  0.062626  0.995076  0.168844  -0.982794  0.074889  0.002793  -0.000764  -0.005960  0.062122  -1.432102  0.150282  2.000000  0.999405  0.004694  0.034171  -0.034158  -0.002892  0.999412  0.004790  -0.999985  -0.002730  0.999561  0.002443  0.029522  -0.002460  0.999997  0.000547  -0.029521  -0.000619  0.999564  1.000000  0.000031  0.000369  -0.000031  1.000000  0.000007  -0.000369  -0.000007  1.000000  0.999405  0.004694  0.034171  -0.034158  -0.002892  0.999412  0.004790  -0.999985  -0.002730  0.000359  0.029633  
164.752580 0.007674  0.098877  -0.001433  0.982564  0.173854  0.065892  -0.077838  0.062809  0.994986  0.168844  -0.982766  0.075247  0.002878  -0.001021  -0.006696  0.054813  -1.428308  0.145538  2.000000  0.999341  0.004835  0.035978  -0.035964  -0.002921  0.999349  0.004937  -0.999984  -0.002745  0.999591  0.002247  0.028519  -0.002256  0.999997  0.000258  -0.028519  -0.000322  0.999593  1.000000  0.000028  0.000357  -0.000028  1.000000  0.000004  -0.000357  -0.000004  1.000000  0.999341  0.004835  0.035978  -0.035964  -0.002921  0.999349  0.004937  -0.999984  -0.002745  0.000359  0.028613  
164.753582 0.007678  0.098876  -0.001444  0.982523  0.173799  0.066658  -0.078649  0.063039  0.994907  0.168712  -0.982761  0.075606  0.002987  -0.001179  -0.007371  0.045734  -1.422098  0.127518  2.000000  0.999289  0.004942  0.037378  -0.037364  -0.002934  0.999297  0.005049  -0.999983  -0.002747  0.999614  0.002063  0.027720  -0.002064  0.999998  -0.000000  -0.027720  -0.000057  0.999616  1.000000  0.000026  0.000347  -0.000026  1.000000  0.000000  -0.000347  -0.000000  1.000000  0.999289  0.004942  0.037378  -0.037364  -0.002934  0.999297  0.005049  -0.999983  -0.002747  0.000359  0.027800  
164.754833 0.007682  0.098876  -0.001458  0.982457  0.173867  0.067435  -0.079458  0.063137  0.994837  0.168712  -0.982743  0.075844  0.003044  -0.001268  -0.007976  0.037342  -1.395831  0.112412  2.000000  0.999237  0.005037  0.038739  -0.038724  -0.002931  0.999246  0.005147  -0.999983  -0.002734  0.999636  0.001881  0.026919  -0.001875  0.999998  -0.000256  -0.026920  0.000205  0.999638  1.000000  0.000023  0.000337  -0.000023  1.000000  -0.000003  -0.000337  0.000003  1.000000  0.999237  0.005037  0.038739  -0.038724  -0.002931  0.999246  0.005147  -0.999983  -0.002734  0.000350  0.026989  
164.756083 0.007686  0.098875  -0.001473  0.982431  0.173800  0.067996  -0.080067  0.063402  0.994771  0.168580  -0.982738  0.076204  0.003061  -0.001372  -0.008609  0.017201  -1.349433  0.095804  2.000000  0.999172  0.005145  0.040367  -0.040353  -0.002916  0.999181  0.005259  -0.999983  -0.002706  0.999678  0.001636  0.025311  -0.001626  0.999999  -0.000409  -0.025311  0.000368  0.999680  1.000000  0.000020  0.000316  -0.000020  1.000000  -0.000005  -0.000316  0.000005  1.000000  0.999172  0.005145  0.040367  -0.040353  -0.002916  0.999181  0.005259  -0.999983  -0.002706  0.000340  0.025369  
164.757088 0.007688  0.098875  -0.001484  0.982375  0.173974  0.068354  -0.080470  0.063561  0.994728  0.168712  -0.982697  0.076440  0.003046  -0.001412  -0.009102  0.005184  -1.312544  0.097775  2.000000  0.999121  0.005229  0.041601  -0.041587  -0.002889  0.999131  0.005345  -0.999982  -0.002669  0.999704  0.001704  0.024288  -0.001688  0.999998  -0.000703  -0.024290  0.000661  0.999705  1.000000  0.000021  0.000304  -0.000021  1.000000  -0.000009  -0.000304  0.000009  1.000000  0.999121  0.005229  0.041601  -0.041587  -0.002889  0.999131  0.005345  -0.999982  -0.002669  0.000333  0.024360  
164.758338 0.007692  0.098874  -0.001498  0.982319  0.174156  0.068690  -0.080872  0.063841  0.994678  0.168844  -0.982646  0.076796  0.003028  -0.001325  -0.009687  -0.013392  -1.250949  0.098000  2.000000  0.999059  0.005341  0.043031  -0.043016  -0.002838  0.999070  0.005458  -0.999982  -0.002605  0.999760  0.001797  0.021840  -0.001776  0.999998  -0.000997  -0.021842  0.000958  0.999761  1.000000  0.000022  0.000273  -0.000022  1.000000  -0.000012  -0.000273  0.000012  1.000000  0.999059  0.005341  0.043031  -0.043016  -0.002838  0.999070  0.005458  -0.999982  -0.002605  0.000317  0.021937  
164.759582 0.007697  0.098874  -0.001513  0.982280  0.174325  0.068821  -0.081073  0.064156  0.994641  0.168976  -0.982596  0.077152  0.003095  -0.001245  -0.010101  -0.029485  -1.193159  0.102883  2.000000  0.999002  0.005451  0.044326  -0.044312  -0.002764  0.999014  0.005568  -0.999981  -0.002519  0.999802  0.001654  0.019816  -0.001627  0.999998  -0.001341  -0.019818  0.001309  0.999803  1.000000  0.000021  0.000248  -0.000021  1.000000  -0.000017  -0.000248  0.000017  1.000000  0.999002  0.005451  0.044326  -0.044312  -0.002764  0.999014  0.005568  -0.999981  -0.002519  0.000302  0.019930  
164.760836 0.007701  0.098873  -0.001528  0.982263  0.174364  0.068962  -0.081275  0.064482  0.994604  0.168976  -0.982568  0.077510  0.003194  -0.001149  -0.010738  -0.045061  -1.126466  0.093757  2.000000  0.998949  0.005562  0.045494  -0.045480  -0.002668  0.998962  0.005677  -0.999981  -0.002412  0.999837  0.001657  0.017984  -0.001625  0.999997  -0.001773  -0.017987  0.001743  0.999837  1.000000  0.000021  0.000225  -0.000021  1.000000  -0.000022  -0.000225  0.000022  1.000000  0.998949  0.005562  0.045494  -0.045480  -0.002668  0.998962  0.005677  -0.999981  -0.002412  0.000286  0.018147  
164.762088 0.007707  0.098871  -0.001545  0.982247  0.174402  0.069103  -0.081477  0.064808  0.994566  0.168976  -0.982539  0.077867  0.003372  -0.001066  -0.011166  -0.058254  -1.060137  0.089219  2.000000  0.998900  0.005666  0.046558  -0.046545  -0.002545  0.998913  0.005778  -0.999981  -0.002279  0.999865  0.001540  0.016365  -0.001505  0.999997  -0.002170  -0.016369  0.002145  0.999864  1.000000  0.000019  0.000205  -0.000019  1.000000  -0.000027  -0.000205  0.000027  1.000000  0.998900  0.005666  0.046558  -0.046545  -0.002545  0.998913  0.005778  -0.999981  -0.002279  0.000271  0.016579  
164.763092 0.007712  0.098871  -0.001559  0.982252  0.174301  0.069276  -0.081681  0.065024  0.994535  0.168844  -0.982543  0.078107  0.003526  -0.000971  -0.011505  -0.070498  -1.013041  0.076823  2.000000  0.998871  0.005726  0.047153  -0.047140  -0.002461  0.998885  0.005835  -0.999981  -0.002188  0.999878  0.001484  0.015556  -0.001446  0.999996  -0.002429  -0.015559  0.002406  0.999876  1.000000  0.000018  0.000194  -0.000018  1.000000  -0.000030  -0.000194  0.000030  1.000000  0.998871  0.005726  0.047153  -0.047140  -0.002461  0.998885  0.005835  -0.999981  -0.002188  0.000258  0.015813  
164.764332 0.007720  0.098870  -0.001576  0.982252  0.174335  0.069192  -0.081681  0.065507  0.994503  0.168844  -0.982505  0.078584  0.003753  -0.000851  -0.011839  -0.087296  -0.951005  0.072467  2.000000  0.998828  0.005812  0.048059  -0.048046  -0.002299  0.998842  0.005916  -0.999980  -0.002017  0.999905  0.001216  0.013745  -0.001176  0.999995  -0.002861  -0.013748  0.002845  0.999901  1.000000  0.000015  0.000172  -0.000015  1.000000  -0.000036  -0.000172  0.000036  1.000000  0.998828  0.005812  0.048059  -0.048046  -0.002299  0.998842  0.005916  -0.999980  -0.002017  0.000241  0.014091  
164.765638 0.007729  0.098870  -0.001593  0.982236  0.174373  0.069333  -0.081883  0.065833  0.994465  0.168844  -0.982476  0.078942  0.004065  -0.000645  -0.012022  -0.101860  -0.875681  0.067048  2.000000  0.998788  0.005893  0.048860  -0.048848  -0.002111  0.998804  0.005989  -0.999980  -0.001820  0.999923  0.001244  0.012318  -0.001204  0.999994  -0.003226  -0.012322  0.003211  0.999919  1.000000  0.000015  0.000154  -0.000015  1.000000  -0.000040  -0.000154  0.000040  1.000000  0.998788  0.005893  0.048860  -0.048848  -0.002111  0.998804  0.005989  -0.999980  -0.001820  0.000226  0.012792  
164.766835 0.007739  0.098871  -0.001608  0.982230  0.174516  0.069054  -0.081679  0.066220  0.994456  0.168976  -0.982425  0.079297  0.004551  -0.000428  -0.012227  -0.116063  -0.794917  0.070175  2.000000  0.998761  0.005963  0.049410  -0.049400  -0.001936  0.998777  0.006052  -0.999980  -0.001639  0.999946  0.001222  0.010284  -0.001184  0.999992  -0.003692  -0.010288  0.003680  0.999940  1.000000  0.000015  0.000129  -0.000015  1.000000  -0.000046  -0.000129  0.000046  1.000000  0.998761  0.005963  0.049410  -0.049400  -0.001936  0.998777  0.006052  -0.999980  -0.001639  0.000206  0.010993  
164.768084 0.007750  0.098872  -0.001623  0.982207  0.174664  0.069001  -0.081677  0.066450  0.994441  0.169108  -0.982383  0.079534  0.004980  -0.000298  -0.012283  -0.127703  -0.726569  0.069605  2.000000  0.998731  0.006050  0.049998  -0.049988  -0.001692  0.998748  0.006127  -0.999980  -0.001387  0.999960  0.001247  0.008857  -0.001210  0.999991  -0.004177  -0.008862  0.004166  0.999952  1.000000  0.000015  0.000111  -0.000015  1.000000  -0.000052  -0.000111  0.000052  1.000000  0.998731  0.006050  0.049998  -0.049988  -0.001692  0.998748  0.006127  -0.999980  -0.001387  0.000188  0.009869  
164.769085 0.007760  0.098873  -0.001635  0.982185  0.174812  0.068948  -0.081675  0.066680  0.994426  0.169240  -0.982341  0.079770  0.005373  -0.000191  -0.012389  -0.133639  -0.680146  0.070561  2.000000  0.998711  0.006117  0.050396  -0.050388  -0.001482  0.998729  0.006184  -0.999980  -0.001172  0.999970  0.001152  0.007643  -0.001119  0.999990  -0.004383  -0.007648  0.004375  0.999961  1.000000  0.000014  0.000096  -0.000014  1.000000  -0.000055  -0.000096  0.000055  1.000000  0.998711  0.006117  0.050396  -0.050388  -0.001482  0.998729  0.006184  -0.999980  -0.001172  0.000178  0.008883  
164.770333 0.007771  0.098873  -0.001651  0.982202  0.174823  0.068680  -0.081473  0.067078  0.994416  0.169240  -0.982312  0.080128  0.005865  -0.000200  -0.012524  -0.150389  -0.605659  0.064972  2.000000  0.998689  0.006196  0.050806  -0.050800  -0.001202  0.998708  0.006249  -0.999980  -0.000886  0.999981  0.000892  0.006035  -0.000864  0.999989  -0.004660  -0.006039  0.004654  0.999971  1.000000  0.000011  0.000075  -0.000011  1.000000  -0.000058  -0.000075  0.000058  1.000000  0.998689  0.006196  0.050806  -0.050800  -0.001202  0.998708  0.006249  -0.999980  -0.000886  0.000160  0.007675  
164.771334 0.007780  0.098872  -0.001664  0.982179  0.174970  0.068627  -0.081471  0.067309  0.994400  0.169371  -0.982270  0.080364  0.006227  -0.000190  -0.012585  -0.158460  -0.558036  0.065880  2.000000  0.998678  0.006238  0.051016  -0.051010  -0.001025  0.998698  0.006282  -0.999980  -0.000706  0.999985  0.000978  0.005417  -0.000951  0.999988  -0.004885  -0.005422  0.004880  0.999973  1.000000  0.000012  0.000068  -0.000012  1.000000  -0.000061  -0.000068  0.000061  1.000000  0.998678  0.006238  0.051016  -0.051010  -0.001025  0.998698  0.006282  -0.999980  -0.000706  0.000149  0.007358  
164.772583 0.007791  0.098871  -0.001680  0.982179  0.174995  0.068563  -0.081471  0.067670  0.994376  0.169371  -0.982241  0.080722  0.006732  -0.000259  -0.012719  -0.172942  -0.497304  0.061297  2.000000  0.998669  0.006282  0.051200  -0.051196  -0.000842  0.998688  0.006317  -0.999980  -0.000520  0.999990  0.000897  0.004406  -0.000875  0.999987  -0.004937  -0.004410  0.004933  0.999978  1.000000  0.000000  0.000000  0.000000  1.000000  0.000000  0.000000  0.000000  1.000000  0.998669  0.006282  0.051200  -0.051196  -0.000842  0.998688  0.006317  -0.999980  -0.000520  0.000135  0.000000  
164.773590 0.007800  0.098870  -0.001693  0.982196  0.174998  0.068316  -0.081269  0.067948  0.994373  0.169371  -0.982221  0.080960  0.007130  -0.000279  -0.012774  -0.184878  -0.440151  0.057113  2.000000  0.998662  0.006323  0.051333  -0.051330  -0.000651  0.998682  0.006348  -0.999980  -0.000326  0.999994  0.000816  0.003394  -0.000798  0.999986  -0.005232  -0.003398  0.005229  0.999981  1.000000  0.000010  0.000042  -0.000010  1.000000  -0.000065  -0.000042  0.000065  1.000000  0.998662  0.006323  0.051333  -0.051330  -0.000651  0.998682  0.006348  -0.999980  -0.000326  0.000124  0.006288  
164.774591 0.007809  0.098870  -0.001704  0.982173  0.175146  0.068263  -0.081267  0.068178  0.994358  0.169503  -0.982179  0.081196  0.007567  -0.000227  -0.012766  -0.193029  -0.391766  0.062425  2.000000  0.998654  0.006383  0.051475  -0.051474  -0.000392  0.998674  0.006395  -0.999980  -0.000063  0.999996  0.001017  0.002563  -0.001003  0.999986  -0.005250  -0.002568  0.005247  0.999983  1.000000  0.000013  0.000032  -0.000013  1.000000  -0.000066  -0.000032  0.000066  1.000000  0.998654  0.006383  0.051475  -0.051474  -0.000392  0.998674  0.006395  -0.999980  -0.000063  0.000113  0.005929  
164.775836 0.007821  0.098870  -0.001717  0.982167  0.175287  0.067983  -0.081063  0.068565  0.994348  0.169635  -0.982127  0.081552  0.008035  -0.000134  -0.012567  -0.208830  -0.323500  0.061667  2.000000  0.998647  0.006462  0.051595  -0.051596  -0.000065  0.998668  0.006457  -0.999979  0.000269  0.999998  0.001067  0.001540  -0.001059  0.999985  -0.005423  -0.001546  0.005422  0.999984  1.000000  0.000013  0.000019  -0.000013  1.000000  -0.000068  -0.000019  0.000068  1.000000  0.998647  0.006462  0.051595  -0.051596  -0.000065  0.998668  0.006457  -0.999979  0.000269  0.000102  0.005737  
164.777090 0.007833  0.098871  -0.001730  0.982167  0.175312  0.067920  -0.081063  0.068927  0.994323  0.169635  -0.982097  0.081909  0.008516  0.000035  -0.012292  -0.225136  -0.275847  0.057961  2.000000  0.998643  0.006552  0.051658  -0.051661  0.000274  0.998665  0.006529  -0.999978  0.000612  0.999999  0.001134  0.000720  -0.001130  0.999985  -0.005441  -0.000726  0.005440  0.999985  1.000000  0.000014  0.000009  -0.000014  1.000000  -0.000068  -0.000009  0.000068  1.000000  0.998643  0.006552  0.051658  -0.051661  0.000274  0.998665  0.006529  -0.999978  0.000612  0.000091  0.005604  
164.778336 0.007844  0.098874  -0.001741  0.982145  0.175459  0.067866  -0.081061  0.069157  0.994307  0.169767  -0.982055  0.082146  0.008705  0.000218  -0.011897  -0.230252  -0.233149  0.054342  2.000000  0.998641  0.006638  0.051689  -0.051694  0.000617  0.998663  0.006597  -0.999978  0.000959  0.999999  0.001100  0.000315  -0.001099  0.999984  -0.005631  -0.000321  0.005631  0.999984  1.000000  0.000014  0.000004  -0.000014  1.000000  -0.000070  -0.000004  0.000070  1.000000  0.998641  0.006638  0.051689  -0.051694  0.000617  0.998663  0.006597  -0.999978  0.000959  0.000084  0.005746  
164.779336 0.007854  0.098875  -0.001749  0.982122  0.175615  0.067791  -0.081060  0.069508  0.994283  0.169899  -0.982002  0.082501  0.008991  0.000360  -0.011498  -0.240331  -0.187470  0.051074  2.000000  0.998641  0.006690  0.051694  -0.051701  0.000826  0.998662  0.006638  -0.999977  0.001171  0.999999  0.001084  0.000113  -0.001083  0.999983  -0.005666  -0.000119  0.005666  0.999984  1.000000  0.000014  0.000001  -0.000014  1.000000  -0.000071  -0.000001  0.000071  1.000000  0.998641  0.006690  0.051694  -0.051701  0.000826  0.998662  0.006638  -0.999977  0.001171  0.000078  0.005770  
164.780336 0.007863  0.098877  -0.001757  0.982122  0.175631  0.067749  -0.081060  0.069750  0.994266  0.169899  -0.981982  0.082739  0.009166  0.000467  -0.011201  -0.245013  -0.160263  0.048938  2.000000  0.998640  0.006758  0.051693  -0.051702  0.001107  0.998662  0.006692  -0.999977  0.001455  0.999999  0.001067  -0.000090  -0.001067  0.999983  -0.005701  0.000084  0.005701  0.999984  1.000000  0.000013  -0.000001  -0.000013  1.000000  -0.000071  0.000001  0.000071  1.000000  0.998640  0.006758  0.051693  -0.051702  0.001107  0.998662  0.006692  -0.999977  0.001455  0.000075  0.005801  
164.781338 0.007873  0.098880  -0.001765  0.982099  0.175779  0.067695  -0.081058  0.069980  0.994250  0.170031  -0.981939  0.082976  0.009237  0.000642  -0.010822  -0.249681  -0.132695  0.051271  2.000000  0.998640  0.006822  0.051682  -0.051693  0.001392  0.998662  0.006741  -0.999976  0.001743  0.999999  0.001049  -0.000292  -0.001051  0.999983  -0.005736  0.000286  0.005736  0.999984  1.000000  0.000013  -0.000004  -0.000013  1.000000  -0.000072  0.000004  0.000072  1.000000  0.998640  0.006822  0.051682  -0.051693  0.001392  0.998662  0.006741  -0.999976  0.001743  0.000073  0.005838  
164.782582 0.007885  0.098882  -0.001774  0.982099  0.175812  0.067610  -0.081058  0.070462  0.994216  0.170031  -0.981899  0.083452  0.009240  0.000711  -0.010480  -0.259670  -0.098709  0.048590  2.000000  0.998641  0.006906  0.051656  -0.051670  0.001747  0.998663  0.006807  -0.999975  0.002102  0.999999  0.001032  -0.000495  -0.001035  0.999983  -0.005770  0.000489  0.005771  0.999983  1.000000  0.000013  -0.000006  -0.000013  1.000000  -0.000072  0.000006  0.000072  1.000000  0.998641  0.006906  0.051656  -0.051670  0.001747  0.998663  0.006807  -0.999975  0.002102  0.000071  0.005883  
164.783584 0.007893  0.098884  -0.001782  0.982077  0.175959  0.067556  -0.081056  0.070693  0.994199  0.170163  -0.981856  0.083688  0.009242  0.000800  -0.010173  -0.262825  -0.071466  0.055920  2.000000  0.998642  0.006972  0.051625  -0.051640  0.002034  0.998664  0.006858  -0.999974  0.002391  0.999999  0.001015  -0.000697  -0.001019  0.999983  -0.005684  0.000692  0.005685  0.999984  1.000000  0.000013  -0.000009  -0.000013  1.000000  -0.000071  0.000009  0.000071  1.000000  0.998642  0.006972  0.051625  -0.051640  0.002034  0.998664  0.006858  -0.999974  0.002391  0.000069  0.005816  
164.784585 0.007902  0.098887  -0.001790  0.982077  0.175975  0.067513  -0.081056  0.070934  0.994182  0.170163  -0.981836  0.083926  0.009206  0.000960  -0.009866  -0.267848  -0.050366  0.053727  2.000000  0.998644  0.007051  0.051587  -0.051604  0.002319  0.998665  0.006922  -0.999972  0.002679  0.999999  0.001281  -0.000720  -0.001285  0.999982  -0.005805  0.000713  0.005806  0.999983  1.000000  0.000016  -0.000009  -0.000016  1.000000  -0.000073  0.000009  0.000073  1.000000  0.998644  0.007051  0.051587  -0.051604  0.002319  0.998665  0.006922  -0.999972  0.002679  0.000070  0.005989  
164.785833 0.007912  0.098888  -0.001800  0.982060  0.176015  0.067654  -0.081258  0.071259  0.994142  0.170163  -0.981805  0.084284  0.009165  0.001087  -0.009450  -0.270227  -0.036392  0.057124  2.000000  0.998645  0.007150  0.051550  -0.051570  0.002671  0.998666  0.007003  -0.999971  0.003036  0.999999  0.001298  -0.000519  -0.001301  0.999983  -0.005770  0.000511  0.005771  0.999983  1.000000  0.000016  -0.000006  -0.000016  1.000000  -0.000072  0.000006  0.000072  1.000000  0.998645  0.007150  0.051550  -0.051570  0.002671  0.998666  0.007003  -0.999971  0.003036  0.000070  0.005938  
164.787084 0.007922  0.098890  -0.001808  0.982021  0.176185  0.067783  -0.081458  0.071574  0.994103  0.170294  -0.981752  0.084639  0.009029  0.001260  -0.008930  -0.273199  -0.029332  0.056111  2.000000  0.998646  0.007228  0.051517  -0.051540  0.002950  0.998667  0.007066  -0.999970  0.003319  0.999999  0.001316  -0.000317  -0.001317  0.999983  -0.005614  0.000310  0.005615  0.999984  1.000000  0.000016  -0.000004  -0.000016  1.000000  -0.000070  0.000004  0.000070  1.000000  0.998646  0.007228  0.051517  -0.051540  0.002950  0.998667  0.007066  -0.999970  0.003319  0.000069  0.005775  
164.788333 0.007932  0.098892  -0.001816  0.982004  0.176216  0.067945  -0.081660  0.071779  0.994072  0.170294  -0.981731  0.084877  0.008937  0.001487  -0.008423  -0.270332  -0.022941  0.051122  2.000000  0.998646  0.007326  0.051498  -0.051523  0.003293  0.998666  0.007147  -0.999968  0.003666  0.999999  0.001200  -0.000104  -0.001200  0.999984  -0.005580  0.000097  0.005580  0.999984  1.000000  0.000015  -0.000001  -0.000015  1.000000  -0.000070  0.000001  0.000070  1.000000  0.998646  0.007326  0.051498  -0.051523  0.003293  0.998666  0.007147  -0.999968  0.003666  0.000070  0.005708  
164.789582 0.007940  0.098894  -0.001823  0.981964  0.176387  0.068074  -0.081861  0.072094  0.994033  0.170426  -0.981677  0.085232  0.008757  0.001607  -0.007940  -0.270282  -0.022917  0.051122  2.000000  0.998646  0.007419  0.051491  -0.051519  0.003633  0.998665  0.007222  -0.999966  0.004010  0.999999  0.001217  0.000098  -0.001217  0.999985  -0.005423  -0.000105  0.005423  0.999985  1.000000  0.000015  0.000001  -0.000015  1.000000  -0.000068  -0.000001  0.000068  1.000000  0.998646  0.007419  0.051491  -0.051519  0.003633  0.998665  0.007222  -0.999966  0.004010  0.000069  0.005559  
164.790586 0.007947  0.098894  -0.001829  0.981947  0.176410  0.068257  -0.082063  0.072178  0.994010  0.170426  -0.981667  0.085351  0.008526  0.001613  -0.007582  -0.264393  -0.023097  0.051556  2.000000  0.998645  0.007495  0.051502  -0.051532  0.003899  0.998664  0.007284  -0.999964  0.004280  0.999999  0.001235  0.000300  -0.001233  0.999985  -0.005389  -0.000307  0.005388  0.999985  1.000000  0.000015  0.000004  -0.000015  1.000000  -0.000067  -0.000004  0.000067  1.000000  0.998645  0.007495  0.051502  -0.051532  0.003899  0.998664  0.007284  -0.999964  0.004280  0.000069  0.005536  
