1-Time 2-Px 3-Py 4-Pz 5-R11 6-R21 7-R31 8-R12 9-R22 10-R32 11-R13 12-R23 13-R33 14-Vx 15-Vy 16-Vz 17-Wx 18-Wy 19-Wz 20-state 21-PR11 22-PR21 23-PR31 24-PR12 25-PR22 26-PR32 27-PR13 28-PR23 29-PR33 
83.343173 0.004016  0.088822  0.002157  0.998464  0.040996  -0.037256  -0.039281  0.998185  0.045638  0.039059  -0.044104  0.998263  0.000242  0.000256  -0.000127  0.000000  0.000000  0.000000  2.000000  1.000000  0.000000  0.000000  -0.000000  1.000000  0.000000  0.000000  -0.000000  1.000000  1.000000  -0.000006  0.000134  0.000006  1.000000  0.000000  -0.000134  0.000000  1.000000  1.000000  0.000000  0.000000  0.000000  1.000000  0.000000  0.000000  0.000000  1.000000  0.668460  0.540931  -0.510446  -0.485876  0.837228  0.250946  0.563104  0.080266  0.822479  0.000000  0.000000  
83.344176 0.004016  0.088823  0.002157  0.998464  0.040996  -0.037256  -0.039281  0.998185  0.045638  0.039059  -0.044104  0.998263  0.000295  0.000252  -0.000126  0.000000  0.000000  0.000000  2.000000  1.000000  0.000000  0.000000  0.000000  1.000000  0.000000  0.000000  0.000000  1.000000  1.000000  -0.000006  0.000134  0.000006  1.000000  0.000000  -0.000134  0.000000  1.000000  1.000000  0.000000  0.000000  0.000000  1.000000  0.000000  0.000000  0.000000  1.000000  1.000000  0.000000  0.000000  0.000000  1.000000  0.000000  0.000000  0.000000  1.000000  0.000000  0.000000  
83.345185 0.004016  0.088821  0.002156  0.998456  0.041206  -0.037242  -0.039487  0.998171  0.045766  0.039059  -0.044225  0.998258  0.000253  0.000124  -0.000132  0.000000  0.000000  0.000000  2.000000  1.000000  0.000000  0.000000  0.000000  1.000000  0.000000  0.000000  0.000000  1.000000  1.000000  -0.000006  0.000134  0.000006  1.000000  0.000121  -0.000134  -0.000121  1.000000  1.000000  0.000000  0.000000  0.000000  1.000000  0.000000  0.000000  0.000000  1.000000  1.000000  0.000000  0.000000  0.000000  1.000000  0.000000  0.000000  0.000000  1.000000  0.000000  0.000000  
83.346431 0.004016  0.088818  0.002156  0.998443  0.041422  -0.037361  -0.039692  0.998157  0.045900  0.039193  -0.044346  0.998247  0.000262  -0.000090  -0.000166  0.000000  0.000000  0.000000  2.000000  1.000000  0.000000  0.000000  0.000000  1.000000  0.000000  0.000000  0.000000  1.000000  1.000000  0.000206  0.000009  -0.000206  1.000000  0.000251  -0.000009  -0.000251  1.000000  1.000000  0.000000  0.000000  0.000000  1.000000  0.000000  0.000000  0.000000  1.000000  1.000000  0.000000  0.000000  0.000000  1.000000  0.000000  0.000000  0.000000  1.000000  0.000000  0.000000  
83.347679 0.004017  0.088814  0.002157  0.998438  0.041437  -0.037484  -0.039692  0.998146  0.046148  0.039327  -0.044588  0.998231  0.000299  -0.000366  -0.000066  0.000000  0.000000  0.000000  2.000000  1.000000  0.000000  0.000000  0.000000  1.000000  0.000000  0.000000  0.000000  1.000000  1.000000  0.000417  -0.000115  -0.000417  1.000000  0.000380  0.000116  -0.000380  1.000000  1.000000  0.000000  0.000000  0.000000  1.000000  0.000000  0.000000  0.000000  1.000000  1.000000  0.000000  0.000000  0.000000  1.000000  0.000000  0.000000  0.000000  1.000000  0.000000  0.000000  
83.348926 0.004018  0.088810  0.002157  0.998432  0.041447  -0.037612  -0.039692  0.998140  0.046274  0.039460  -0.044709  0.998220  0.000350  -0.000685  -0.000083  0.000000  0.000000  0.000000  2.000000  1.000000  0.000000  0.000000  0.000000  1.000000  0.000000  0.000000  0.000000  1.000000  1.000000  0.000417  -0.000115  -0.000417  1.000000  0.000623  0.000116  -0.000623  1.000000  1.000000  0.000000  0.000000  0.000000  1.000000  0.000000  0.000000  0.000000  1.000000  1.000000  0.000000  0.000000  0.000000  1.000000  0.000000  0.000000  0.000000  1.000000  0.000000  0.000000  
83.349927 0.004019  0.088806  0.002158  0.998416  0.041867  -0.037583  -0.040103  0.998111  0.046532  0.039460  -0.044951  0.998210  0.000381  -0.000937  0.000005  0.000000  0.000000  0.000000  2.000000  1.000000  0.000000  0.000000  0.000000  1.000000  0.000000  0.000000  0.000000  1.000000  1.000000  0.000629  -0.000240  -0.000628  1.000000  0.000752  0.000240  -0.000752  1.000000  1.000000  0.000000  0.000000  0.000000  1.000000  0.000000  0.000000  0.000000  1.000000  1.000000  0.000000  0.000000  0.000000  1.000000  0.000000  0.000000  0.000000  1.000000  0.000000  0.000000  
83.351176 0.004020  0.088802  0.002159  0.998403  0.042088  -0.037697  -0.040308  0.998091  0.046787  0.039594  -0.045193  0.998193  0.000432  -0.001263  0.000130  0.000000  0.000000  0.000000  2.000000  1.000000  0.000000  0.000000  0.000000  1.000000  0.000000  0.000000  0.000000  1.000000  0.999999  0.001046  -0.000355  -0.001045  0.999999  0.001011  0.000356  -0.001011  0.999999  1.000000  0.000000  0.000000  0.000000  1.000000  0.000000  0.000000  0.000000  1.000000  1.000000  0.000000  0.000000  0.000000  1.000000  0.000000  0.000000  0.000000  1.000000  0.000000  0.000000  
83.352176 0.004021  0.088799  0.002160  0.998381  0.042509  -0.037806  -0.040719  0.998068  0.046929  0.039728  -0.045314  0.998183  0.000509  -0.001493  0.000207  0.000000  0.000000  0.000000  2.000000  1.000000  0.000000  0.000000  0.000000  1.000000  0.000000  0.000000  0.000000  1.000000  0.999999  0.001257  -0.000479  -0.001257  0.999998  0.001262  0.000480  -0.001261  0.999999  1.000000  0.000000  0.000000  0.000000  1.000000  0.000000  0.000000  0.000000  1.000000  1.000000  0.000000  0.000000  0.000000  1.000000  0.000000  0.000000  0.000000  1.000000  0.000000  0.000000  
83.353176 0.004023  0.088795  0.002161  0.998372  0.042719  -0.037791  -0.040925  0.998053  0.047058  0.039728  -0.045435  0.998177  0.000577  -0.001780  0.000243  0.000000  0.000000  0.000000  2.000000  1.000000  0.000000  0.000000  0.000000  1.000000  0.000000  0.000000  0.000000  1.000000  0.999999  0.001668  -0.000460  -0.001668  0.999998  0.001400  0.000462  -0.001399  0.999999  1.000000  0.000000  0.000000  0.000000  1.000000  0.000000  0.000000  0.000000  1.000000  1.000000  0.000000  0.000000  0.000000  1.000000  0.000000  0.000000  0.000000  1.000000  0.000000  0.000000  
83.354179 0.004024  0.088792  0.002161  0.998350  0.043141  -0.037900  -0.041335  0.998030  0.047200  0.039861  -0.045556  0.998166  0.000646  -0.001984  0.000308  0.000000  0.000000  0.000000  2.000000  1.000000  0.000000  0.000000  0.000000  1.000000  0.000000  0.000000  0.000000  1.000000  0.999998  0.001880  -0.000584  -0.001879  0.999997  0.001529  0.000587  -0.001528  0.999999  1.000000  0.000000  0.000000  0.000000  1.000000  0.000000  0.000000  0.000000  1.000000  1.000000  0.000000  0.000000  0.000000  1.000000  0.000000  0.000000  0.000000  1.000000  0.000000  0.000000  
83.355430 0.004026  0.088789  0.002163  0.998327  0.043567  -0.038003  -0.041746  0.998000  0.047463  0.039995  -0.045798  0.998150  0.000730  -0.002238  0.000397  0.000000  0.000000  0.000000  2.000000  1.000000  0.000000  0.000000  0.000000  1.000000  0.000000  0.000000  0.000000  1.000000  0.999997  0.002303  -0.000832  -0.002302  0.999996  0.001789  0.000836  -0.001787  0.999998  1.000000  0.000000  0.000000  0.000000  1.000000  0.000000  0.000000  0.000000  1.000000  1.000000  0.000000  0.000000  0.000000  1.000000  0.000000  0.000000  0.000000  1.000000  0.000000  0.000000  
83.356431 0.004027  0.088787  0.002165  0.998305  0.043989  -0.038112  -0.042157  0.997976  0.047606  0.040129  -0.045918  0.998139  0.000763  -0.002407  0.000514  0.000000  0.000000  0.000000  2.000000  1.000000  0.000000  0.000000  0.000000  1.000000  0.000000  0.000000  0.000000  1.000000  0.999996  0.002721  -0.000946  -0.002719  0.999994  0.001927  0.000951  -0.001924  0.999998  1.000000  0.000000  0.000000  0.000000  1.000000  0.000000  0.000000  0.000000  1.000000  1.000000  0.000000  0.000000  0.000000  1.000000  0.000000  0.000000  0.000000  1.000000  0.000000  0.000000  
83.357675 0.004029  0.088783  0.002167  0.998282  0.044411  -0.038220  -0.042568  0.997952  0.047748  0.040263  -0.046039  0.998128  0.000923  -0.002658  0.000670  0.000000  0.000000  0.000000  2.000000  1.000000  0.000000  0.000000  0.000000  1.000000  0.000000  0.000000  0.000000  1.000000  0.999995  0.003138  -0.001061  -0.003136  0.999993  0.002065  0.001067  -0.002062  0.999997  1.000000  0.000000  0.000000  0.000000  1.000000  0.000000  0.000000  0.000000  1.000000  1.000000  0.000000  0.000000  0.000000  1.000000  0.000000  0.000000  0.000000  1.000000  0.000000  0.000000  
83.358688 0.004031  0.088780  0.002168  0.998259  0.044837  -0.038323  -0.042979  0.997922  0.048012  0.040396  -0.046281  0.998111  0.000992  -0.002906  0.000791  0.000000  0.000000  0.000000  2.000000  1.000000  0.000000  0.000000  0.000000  1.000000  0.000000  0.000000  0.000000  1.000000  0.999993  0.003549  -0.001041  -0.003547  0.999991  0.002203  0.001049  -0.002199  0.999997  1.000000  0.000000  0.000000  0.000000  1.000000  0.000000  0.000000  0.000000  1.000000  1.000000  0.000000  0.000000  0.000000  1.000000  0.000000  0.000000  0.000000  1.000000  0.000000  0.000000  
83.359931 0.004033  0.088774  0.002171  0.998227  0.045464  -0.038421  -0.043595  0.997888  0.048162  0.040530  -0.046402  0.998100  0.001107  -0.003183  0.000959  0.000000  0.000000  0.000000  2.000000  1.000000  0.000000  0.000000  0.000000  1.000000  0.000000  0.000000  0.000000  1.000000  0.999991  0.004172  -0.001145  -0.004169  0.999988  0.002471  0.001155  -0.002466  0.999996  1.000000  0.000000  0.000000  0.000000  1.000000  0.000000  0.000000  0.000000  1.000000  1.000000  0.000000  0.000000  0.000000  1.000000  0.000000  0.000000  0.000000  1.000000  0.000000  0.000000  
83.361181 0.004035  0.088769  0.002174  0.998203  0.045891  -0.038524  -0.044006  0.997857  0.048426  0.040664  -0.046644  0.998084  0.001239  -0.003340  0.001208  0.000000  0.000000  0.000000  2.000000  1.000000  0.000000  0.000000  0.000000  1.000000  0.000000  0.000000  0.000000  1.000000  0.999989  0.004589  -0.001258  -0.004586  0.999986  0.002730  0.001271  -0.002725  0.999995  1.000000  0.000000  0.000000  0.000000  1.000000  0.000000  0.000000  0.000000  1.000000  1.000000  0.000000  0.000000  0.000000  1.000000  0.000000  0.000000  0.000000  1.000000  0.000000  0.000000  
83.362437 0.004037  0.088762  0.002178  0.998180  0.046322  -0.038620  -0.044416  0.997820  0.048811  0.040797  -0.047007  0.998061  0.001340  -0.003524  0.001436  0.104703  0.046002  0.175029  2.000000  1.000000  0.000142  0.000140  -0.000142  1.000000  0.000111  -0.000140  -0.000111  1.000000  0.999985  0.005219  -0.001496  -0.005214  0.999982  0.002999  0.001511  -0.002991  0.999994  1.000000  0.000049  0.000047  -0.000049  1.000000  0.000037  -0.000047  -0.000037  1.000000  1.000000  0.000142  0.000140  -0.000142  1.000000  0.000111  -0.000140  -0.000111  1.000000  0.000052  0.006200  
83.363677 0.004039  0.088755  0.002182  0.998147  0.046958  -0.038707  -0.045033  0.997773  0.049204  0.040931  -0.047370  0.998038  0.001382  -0.003728  0.001708  0.117811  0.049528  0.196020  2.000000  1.000000  0.000399  0.000393  -0.000399  1.000000  0.000312  -0.000393  -0.000312  1.000000  0.999982  0.005842  -0.001598  -0.005837  0.999977  0.003389  0.001618  -0.003380  0.999993  1.000000  0.000054  0.000053  -0.000054  1.000000  0.000042  -0.000053  -0.000042  1.000000  1.000000  0.000399  0.000393  -0.000399  1.000000  0.000312  -0.000393  -0.000312  1.000000  0.000058  0.006938  
83.364926 0.004041  0.088746  0.002186  0.998108  0.047601  -0.038926  -0.045649  0.997725  0.049603  0.041198  -0.047732  0.998010  0.001484  -0.003984  0.001868  0.130895  0.062018  0.217380  2.000000  1.000000  0.000680  0.000670  -0.000680  1.000000  0.000536  -0.000670  -0.000537  1.000000  0.999979  0.006260  -0.001710  -0.006254  0.999974  0.003649  0.001733  -0.003638  0.999992  1.000000  0.000058  0.000057  -0.000058  1.000000  0.000046  -0.000057  -0.000046  1.000000  1.000000  0.000680  0.000670  -0.000680  1.000000  0.000536  -0.000670  -0.000537  1.000000  0.000063  0.007442  
83.366172 0.004044  0.088737  0.002189  0.998074  0.048238  -0.039011  -0.046265  0.997677  0.049996  0.041332  -0.048095  0.997987  0.001548  -0.004356  0.002016  0.143987  0.065520  0.238339  2.000000  0.999999  0.000985  0.000970  -0.000986  0.999999  0.000778  -0.000969  -0.000779  0.999999  0.999976  0.006678  -0.001821  -0.006671  0.999970  0.004032  0.001848  -0.004019  0.999990  1.000000  0.000062  0.000061  -0.000062  1.000000  0.000050  -0.000061  -0.000050  1.000000  0.999999  0.000985  0.000970  -0.000986  0.999999  0.000778  -0.000969  -0.000779  0.999999  0.000070  0.008007  
83.367180 0.004046  0.088729  0.002193  0.998049  0.048665  -0.039112  -0.046676  0.997645  0.050261  0.041466  -0.048337  0.997970  0.001621  -0.004647  0.002191  0.152706  0.069340  0.252355  2.000000  0.999999  0.001178  0.001160  -0.001179  0.999999  0.000934  -0.001159  -0.000936  0.999999  0.999974  0.006890  -0.001943  -0.006882  0.999968  0.004162  0.001972  -0.004149  0.999989  1.000000  0.000064  0.000062  -0.000064  1.000000  0.000052  -0.000062  -0.000052  1.000000  0.999999  0.001178  0.001160  -0.001179  0.999999  0.000934  -0.001159  -0.000936  0.999999  0.000074  0.008278  
83.368438 0.004049  0.088720  0.002196  0.998019  0.049103  -0.039340  -0.047086  0.997606  0.050652  0.041733  -0.048700  0.997941  0.001716  -0.004995  0.002360  0.165468  0.077608  0.266499  2.000000  0.999998  0.001511  0.001491  -0.001512  0.999998  0.001207  -0.001490  -0.001209  0.999998  0.999970  0.007508  -0.001910  -0.007499  0.999962  0.004431  0.001943  -0.004417  0.999988  1.000000  0.000068  0.000069  -0.000068  1.000000  0.000055  -0.000069  -0.000055  1.000000  0.999998  0.001511  0.001491  -0.001512  0.999998  0.001207  -0.001490  -0.001209  0.999998  0.000081  0.008921  
83.369679 0.004052  0.088710  0.002199  0.997984  0.049745  -0.039418  -0.047702  0.997550  0.051167  0.041867  -0.049184  0.997912  0.001851  -0.005386  0.002481  0.182683  0.081092  0.287529  2.000000  0.999997  0.001863  0.001848  -0.001866  0.999997  0.001491  -0.001845  -0.001494  0.999997  0.999967  0.007926  -0.002020  -0.007916  0.999958  0.004693  0.002057  -0.004677  0.999987  1.000000  0.000072  0.000073  -0.000072  1.000000  0.000059  -0.000073  -0.000059  1.000000  0.999997  0.001863  0.001848  -0.001866  0.999997  0.001491  -0.001845  -0.001494  0.999997  0.000086  0.009426  
83.370932 0.004056  0.088701  0.002202  0.997954  0.050375  -0.039368  -0.048318  0.997501  0.051554  0.041867  -0.049547  0.997894  0.001988  -0.005832  0.002525  0.195714  0.080052  0.308200  2.000000  0.999995  0.002221  0.002219  -0.002225  0.999996  0.001784  -0.002215  -0.001789  0.999996  0.999965  0.008125  -0.001874  -0.008116  0.999956  0.004701  0.001912  -0.004686  0.999987  1.000000  0.000071  0.000076  -0.000071  1.000000  0.000059  -0.000076  -0.000059  1.000000  0.999995  0.002221  0.002219  -0.002225  0.999996  0.001784  -0.002215  -0.001789  0.999996  0.000092  0.009569  
83.372180 0.004060  0.088692  0.002205  0.997919  0.051012  -0.039451  -0.048934  0.997450  0.051948  0.042000  -0.049909  0.997870  0.002105  -0.006251  0.002590  0.207799  0.083110  0.327556  2.000000  0.999993  0.002585  0.002602  -0.002591  0.999994  0.002086  -0.002596  -0.002093  0.999994  0.999963  0.008338  -0.001994  -0.008328  0.999953  0.004954  0.002035  -0.004937  0.999986  1.000000  0.000074  0.000078  -0.000074  1.000000  0.000062  -0.000078  -0.000062  1.000000  0.999993  0.002585  0.002602  -0.002591  0.999994  0.002086  -0.002596  -0.002093  0.999994  0.000098  0.009897  
83.373430 0.004064  0.088683  0.002207  0.997893  0.051439  -0.039551  -0.049345  0.997416  0.052213  0.042134  -0.050151  0.997852  0.002210  -0.006511  0.002621  0.215821  0.086621  0.340460  2.000000  0.999991  0.002953  0.003000  -0.002960  0.999993  0.002398  -0.002993  -0.002406  0.999993  0.999962  0.008544  -0.001980  -0.008534  0.999951  0.005085  0.002024  -0.005067  0.999985  1.000000  0.000075  0.000080  -0.000075  1.000000  0.000063  -0.000080  -0.000063  1.000000  0.999991  0.002953  0.003000  -0.002960  0.999993  0.002398  -0.002993  -0.002406  0.999993  0.000104  0.010134  
83.374430 0.004067  0.088676  0.002211  0.997872  0.051859  -0.039516  -0.049756  0.997382  0.052471  0.042134  -0.050393  0.997840  0.002346  -0.006681  0.002738  0.222244  0.086620  0.357103  2.000000  0.999989  0.003249  0.003325  -0.003258  0.999991  0.002652  -0.003316  -0.002663  0.999991  0.999960  0.008743  -0.001834  -0.008734  0.999948  0.005214  0.001880  -0.005198  0.999985  1.000000  0.000075  0.000083  -0.000075  1.000000  0.000065  -0.000083  -0.000065  1.000000  0.999989  0.003249  0.003325  -0.003258  0.999991  0.002652  -0.003316  -0.002663  0.999991  0.000107  0.010340  
83.375677 0.004072  0.088668  0.002215  0.997836  0.052496  -0.039598  -0.050372  0.997330  0.052865  0.042268  -0.050756  0.997816  0.002550  -0.006865  0.002826  0.233149  0.085191  0.367874  2.000000  0.999987  0.003548  0.003654  -0.003559  0.999989  0.002916  -0.003644  -0.002929  0.999989  0.999960  0.008744  -0.001831  -0.008734  0.999947  0.005458  0.001879  -0.005442  0.999983  1.000000  0.000075  0.000083  -0.000075  1.000000  0.000068  -0.000083  -0.000068  1.000000  0.999987  0.003548  0.003654  -0.003559  0.999989  0.002916  -0.003644  -0.002929  0.999989  0.000110  0.010465  
83.376930 0.004077  0.088660  0.002219  0.997809  0.052928  -0.039691  -0.050783  0.997289  0.053251  0.042401  -0.051119  0.997792  0.002735  -0.007022  0.002823  0.239480  0.085450  0.377837  2.000000  0.999984  0.003924  0.004077  -0.003937  0.999987  0.003255  -0.004064  -0.003271  0.999986  0.999958  0.008950  -0.001818  -0.008940  0.999945  0.005468  0.001867  -0.005451  0.999983  1.000000  0.000076  0.000085  -0.000076  1.000000  0.000068  -0.000085  -0.000068  1.000000  0.999984  0.003924  0.004077  -0.003937  0.999987  0.003255  -0.004064  -0.003271  0.999986  0.000114  0.010640  
83.378181 0.004080  0.088651  0.002223  0.997778  0.053559  -0.039638  -0.051399  0.997237  0.053639  0.042401  -0.051482  0.997773  0.002852  -0.007162  0.002822  0.244397  0.084334  0.398566  2.000000  0.999981  0.004299  0.004504  -0.004315  0.999984  0.003604  -0.004488  -0.003623  0.999983  0.999959  0.008943  -0.001682  -0.008934  0.999944  0.005710  0.001733  -0.005695  0.999982  1.000000  0.000074  0.000086  -0.000074  1.000000  0.000071  -0.000086  -0.000071  1.000000  0.999981  0.004299  0.004504  -0.004315  0.999984  0.003604  -0.004488  -0.003623  0.999983  0.000117  0.010740  
83.379426 0.004084  0.088640  0.002227  0.997751  0.053986  -0.039736  -0.051809  0.997201  0.053904  0.042535  -0.051724  0.997755  0.002955  -0.007307  0.002834  0.248852  0.083942  0.405554  2.000000  0.999977  0.004667  0.004928  -0.004687  0.999981  0.003962  -0.004910  -0.003985  0.999980  0.999960  0.008739  -0.001689  -0.008729  0.999945  0.005824  0.001740  -0.005809  0.999982  1.000000  0.000073  0.000084  -0.000073  1.000000  0.000073  -0.000084  -0.000073  1.000000  0.999977  0.004667  0.004928  -0.004687  0.999981  0.003962  -0.004910  -0.003985  0.999980  0.000119  0.010633  
83.380426 0.004088  0.088632  0.002231  0.997740  0.054206  -0.039705  -0.052015  0.997170  0.054275  0.042535  -0.052087  0.997736  0.003028  -0.007387  0.002872  0.250889  0.078679  0.402047  2.000000  0.999974  0.004954  0.005261  -0.004977  0.999979  0.004254  -0.005240  -0.004280  0.999977  0.999962  0.008527  -0.001564  -0.008517  0.999946  0.005937  0.001615  -0.005923  0.999981  1.000000  0.000070  0.000082  -0.000070  1.000000  0.000074  -0.000082  -0.000074  1.000000  0.999974  0.004954  0.005261  -0.004977  0.999979  0.004254  -0.005240  -0.004280  0.999977  0.000121  0.010503  
83.381427 0.004091  0.088623  0.002233  0.997713  0.054633  -0.039803  -0.052425  0.997134  0.054540  0.042669  -0.052329  0.997718  0.003140  -0.007487  0.002872  0.257052  0.083743  0.405580  2.000000  0.999971  0.005239  0.005593  -0.005264  0.999976  0.004551  -0.005569  -0.004580  0.999974  0.999960  0.008740  -0.001684  -0.008729  0.999943  0.006068  0.001737  -0.006053  0.999980  1.000000  0.000073  0.000084  -0.000073  1.000000  0.000076  -0.000084  -0.000076  1.000000  0.999971  0.005239  0.005593  -0.005264  0.999976  0.004551  -0.005569  -0.004580  0.999974  0.000122  0.010768  
83.382676 0.004095  0.088612  0.002238  0.997691  0.055063  -0.039754  -0.052836  0.997085  0.055040  0.042669  -0.052813  0.997692  0.003219  -0.007598  0.002927  0.263034  0.078448  0.402028  2.000000  0.999966  0.005587  0.006007  -0.005617  0.999972  0.004930  -0.005980  -0.004963  0.999970  0.999963  0.008521  -0.001424  -0.008512  0.999945  0.006181  0.001477  -0.006168  0.999980  1.000000  0.000069  0.000083  -0.000069  1.000000  0.000077  -0.000083  -0.000077  1.000000  0.999966  0.005587  0.006007  -0.005617  0.999972  0.004930  -0.005980  -0.004963  0.999970  0.000122  0.010619  
83.383676 0.004098  0.088602  0.002241  0.997664  0.055495  -0.039844  -0.053247  0.997042  0.055427  0.042802  -0.053175  0.997667  0.003265  -0.007695  0.003021  0.271459  0.078012  0.408894  2.000000  0.999964  0.005794  0.006254  -0.005826  0.999970  0.005163  -0.006224  -0.005199  0.999967  0.999964  0.008323  -0.001566  -0.008313  0.999946  0.006294  0.001618  -0.006281  0.999979  1.000000  0.000069  0.000080  -0.000069  1.000000  0.000079  -0.000080  -0.000079  1.000000  0.999964  0.005794  0.006254  -0.005826  0.999970  0.005163  -0.006224  -0.005199  0.999967  0.000123  0.010548  
83.384679 0.004102  0.088593  0.002245  0.997653  0.055710  -0.039820  -0.053452  0.997017  0.055677  0.042802  -0.053417  0.997655  0.003305  -0.007842  0.003093  0.277599  0.074454  0.405275  2.000000  0.999960  0.006065  0.006584  -0.006101  0.999966  0.005479  -0.006551  -0.005519  0.999963  0.999964  0.008316  -0.001429  -0.008307  0.999945  0.006416  0.001482  -0.006403  0.999978  1.000000  0.000068  0.000081  -0.000068  1.000000  0.000080  -0.000081  -0.000080  1.000000  0.999960  0.006065  0.006584  -0.006101  0.999966  0.005479  -0.006551  -0.005519  0.999963  0.000125  0.010596  
83.385926 0.004106  0.088581  0.002249  0.997625  0.056147  -0.039903  -0.053862  0.996967  0.056184  0.042936  -0.053901  0.997623  0.003322  -0.008046  0.003158  0.287423  0.078162  0.402113  2.000000  0.999955  0.006395  0.006991  -0.006436  0.999962  0.005874  -0.006953  -0.005918  0.999958  0.999966  0.008104  -0.001304  -0.008095  0.999947  0.006408  0.001356  -0.006397  0.999979  1.000000  0.000065  0.000079  -0.000065  1.000000  0.000080  -0.000079  -0.000080  1.000000  0.999955  0.006395  0.006991  -0.006436  0.999962  0.005874  -0.006953  -0.005918  0.999958  0.000126  0.010410  
83.386927 0.004109  0.088570  0.002251  0.997597  0.056574  -0.039999  -0.054273  0.996929  0.056449  0.043070  -0.054143  0.997604  0.003315  -0.008237  0.003170  0.287765  0.077721  0.408982  2.000000  0.999951  0.006650  0.007312  -0.006695  0.999958  0.006193  -0.007271  -0.006242  0.999954  0.999967  0.008097  -0.001167  -0.008090  0.999947  0.006408  0.001219  -0.006398  0.999979  1.000000  0.000063  0.000080  -0.000064  1.000000  0.000080  -0.000080  -0.000080  1.000000  0.999951  0.006650  0.007312  -0.006695  0.999958  0.006193  -0.007271  -0.006242  0.999954  0.000127  0.010389  
83.387930 0.004113  0.088561  0.002253  0.997586  0.056794  -0.039967  -0.054478  0.996897  0.056820  0.043070  -0.054506  0.997584  0.003378  -0.008388  0.003154  0.297784  0.074478  0.398392  2.000000  0.999947  0.006895  0.007627  -0.006945  0.999955  0.006508  -0.007581  -0.006560  0.999950  0.999968  0.007885  -0.001043  -0.007878  0.999949  0.006279  0.001092  -0.006270  0.999980  1.000000  0.000061  0.000079  -0.000061  1.000000  0.000078  -0.000079  -0.000078  1.000000  0.999947  0.006895  0.007627  -0.006945  0.999955  0.006508  -0.007581  -0.006560  0.999950  0.000126  0.010131  
83.389181 0.004117  0.088548  0.002256  0.997563  0.057219  -0.039923  -0.054889  0.996853  0.057200  0.043070  -0.054869  0.997564  0.003362  -0.008651  0.003113  0.301562  0.070207  0.391231  2.000000  0.999942  0.007189  0.008015  -0.007244  0.999950  0.006900  -0.007965  -0.006957  0.999944  0.999970  0.007672  -0.000918  -0.007666  0.999951  0.006270  0.000966  -0.006263  0.999980  1.000000  0.000058  0.000077  -0.000058  1.000000  0.000078  -0.000077  -0.000078  1.000000  0.999942  0.007189  0.008015  -0.007244  0.999950  0.006900  -0.007965  -0.006957  0.999944  0.000127  0.009949  
83.390189 0.004120  0.088538  0.002258  0.997552  0.057434  -0.039897  -0.055094  0.996827  0.057450  0.043070  -0.055111  0.997551  0.003321  -0.008912  0.003015  0.305243  0.065967  0.383943  2.000000  0.999938  0.007413  0.008323  -0.007473  0.999946  0.007209  -0.008269  -0.007271  0.999939  0.999972  0.007460  -0.000794  -0.007455  0.999953  0.006140  0.000839  -0.006134  0.999981  1.000000  0.000055  0.000076  -0.000055  1.000000  0.000077  -0.000076  -0.000077  1.000000  0.999938  0.007413  0.008323  -0.007473  0.999946  0.007209  -0.008269  -0.007271  0.999939  0.000125  0.009692  
83.391431 0.004125  0.088527  0.002260  0.997529  0.057854  -0.039859  -0.055505  0.996789  0.057708  0.043070  -0.055353  0.997537  0.003322  -0.009144  0.002886  0.305374  0.061406  0.383861  2.000000  0.999934  0.007634  0.008630  -0.007698  0.999942  0.007520  -0.008572  -0.007586  0.999934  0.999972  0.007460  -0.000791  -0.007455  0.999953  0.006261  0.000838  -0.006255  0.999980  1.000000  0.000055  0.000076  -0.000055  1.000000  0.000078  -0.000076  -0.000078  1.000000  0.999934  0.007634  0.008630  -0.007698  0.999942  0.007520  -0.008572  -0.007586  0.999934  0.000125  0.009770  
83.392432 0.004128  0.088517  0.002261  0.997518  0.058069  -0.039833  -0.055710  0.996763  0.057958  0.043070  -0.055595  0.997524  0.003331  -0.009355  0.002711  0.302952  0.056367  0.380569  2.000000  0.999929  0.007844  0.008930  -0.007914  0.999938  0.007824  -0.008868  -0.007894  0.999930  0.999974  0.007247  -0.000668  -0.007243  0.999955  0.006131  0.000712  -0.006126  0.999981  1.000000  0.000053  0.000074  -0.000053  1.000000  0.000077  -0.000074  -0.000077  1.000000  0.999929  0.007844  0.008930  -0.007914  0.999938  0.007824  -0.008868  -0.007894  0.999930  0.000123  0.009515  
83.393684 0.004132  0.088504  0.002262  0.997495  0.058489  -0.039795  -0.056121  0.996725  0.058216  0.043070  -0.055837  0.997511  0.003324  -0.009513  0.002511  0.300725  0.052922  0.369568  2.000000  0.999924  0.008095  0.009289  -0.008171  0.999933  0.008200  -0.009222  -0.008276  0.999923  0.999977  0.006829  -0.000555  -0.006826  0.999958  0.006114  0.000597  -0.006110  0.999981  1.000000  0.000049  0.000070  -0.000049  1.000000  0.000076  -0.000070  -0.000076  1.000000  0.999924  0.008095  0.009289  -0.008171  0.999933  0.008200  -0.009222  -0.008276  0.999923  0.000120  0.009182  
83.394950 0.004136  0.088492  0.002264  0.997483  0.058704  -0.039769  -0.056326  0.996699  0.058466  0.043070  -0.056079  0.997497  0.003332  -0.009583  0.002305  0.295959  0.044524  0.355122  2.000000  0.999919  0.008332  0.009637  -0.008415  0.999928  0.008572  -0.009564  -0.008652  0.999917  0.999978  0.006624  -0.000565  -0.006621  0.999960  0.005983  0.000604  -0.005980  0.999982  1.000000  0.000048  0.000068  -0.000048  1.000000  0.000075  -0.000068  -0.000075  1.000000  0.999919  0.008332  0.009637  -0.008415  0.999928  0.008572  -0.009564  -0.008652  0.999917  0.000118  0.008943  
83.396200 0.004140  0.088480  0.002265  0.997471  0.058923  -0.039735  -0.056532  0.996666  0.058837  0.043070  -0.056442  0.997476  0.003314  -0.009656  0.002168  0.294193  0.036475  0.344198  2.000000  0.999915  0.008512  0.009907  -0.008600  0.999924  0.008867  -0.009830  -0.008951  0.999912  0.999979  0.006411  -0.000441  -0.006409  0.999962  0.005853  0.000479  -0.005850  0.999983  1.000000  0.000045  0.000067  -0.000045  1.000000  0.000073  -0.000067  -0.000073  1.000000  0.999915  0.008512  0.009907  -0.008600  0.999924  0.008867  -0.009830  -0.008951  0.999912  0.000115  0.008692  
83.397428 0.004144  0.088468  0.002268  0.997460  0.059143  -0.039702  -0.056737  0.996632  0.059208  0.043070  -0.056805  0.997456  0.003294  -0.009717  0.002020  0.295335  0.031915  0.333951  2.000000  0.999911  0.008686  0.010168  -0.008779  0.999919  0.009164  -0.010088  -0.009253  0.999906  0.999981  0.006206  -0.000451  -0.006203  0.999963  0.005966  0.000488  -0.005963  0.999982  1.000000  0.000044  0.000064  -0.000044  1.000000  0.000075  -0.000064  -0.000075  1.000000  0.999911  0.008686  0.010168  -0.008779  0.999919  0.009164  -0.010088  -0.009253  0.999906  0.000112  0.008619  
83.398677 0.004148  0.088456  0.002270  0.997448  0.059362  -0.039668  -0.056942  0.996598  0.059579  0.043070  -0.057168  0.997435  0.003308  -0.009764  0.001904  0.292677  0.027446  0.324177  2.000000  0.999907  0.008849  0.010424  -0.008948  0.999915  0.009466  -0.010339  -0.009558  0.999901  0.999982  0.005993  -0.000327  -0.005991  0.999964  0.006078  0.000363  -0.006076  0.999981  1.000000  0.000041  0.000063  -0.000041  1.000000  0.000076  -0.000063  -0.000076  1.000000  0.999907  0.008849  0.010424  -0.008948  0.999915  0.009466  -0.010339  -0.009558  0.999901  0.000111  0.008542  
83.399926 0.004151  0.088442  0.002273  0.997436  0.059582  -0.039634  -0.057148  0.996564  0.059949  0.043070  -0.057531  0.997414  0.003266  -0.009879  0.001768  0.292435  0.023243  0.317131  2.000000  0.999902  0.009042  0.010728  -0.009148  0.999910  0.009845  -0.010638  -0.009942  0.999894  0.999984  0.005575  -0.000215  -0.005574  0.999966  0.006061  0.000248  -0.006059  0.999982  1.000000  0.000037  0.000059  -0.000037  1.000000  0.000076  -0.000059  -0.000076  1.000000  0.999902  0.009042  0.010728  -0.009148  0.999910  0.009845  -0.010638  -0.009942  0.999894  0.000107  0.008237  
83.400927 0.004155  0.088432  0.002274  0.997424  0.059797  -0.039607  -0.057353  0.996537  0.060199  0.043070  -0.057773  0.997400  0.003288  -0.009877  0.001681  0.287808  0.023883  0.303443  2.000000  0.999898  0.009187  0.010964  -0.009298  0.999905  0.010151  -0.010870  -0.010251  0.999888  0.999984  0.005575  -0.000212  -0.005574  0.999965  0.006182  0.000247  -0.006181  0.999981  1.000000  0.000037  0.000059  -0.000037  1.000000  0.000077  -0.000059  -0.000077  1.000000  0.999898  0.009187  0.010964  -0.009298  0.999905  0.010151  -0.010870  -0.010251  0.999888  0.000106  0.008327  
83.402179 0.004160  0.088419  0.002276  0.997413  0.060016  -0.039573  -0.057559  0.996503  0.060570  0.043070  -0.058136  0.997379  0.003349  -0.009943  0.001624  0.287211  0.020058  0.289481  2.000000  0.999893  0.009360  0.011247  -0.009478  0.999900  0.010530  -0.011147  -0.010636  0.999881  0.999987  0.005157  -0.000101  -0.005156  0.999968  0.006164  0.000133  -0.006164  0.999981  1.000000  0.000033  0.000055  -0.000033  1.000000  0.000077  -0.000055  -0.000077  1.000000  0.999893  0.009360  0.011247  -0.009478  0.999900  0.010530  -0.011147  -0.010636  0.999881  0.000102  0.008037  
83.403426 0.004165  0.088406  0.002278  0.997413  0.060031  -0.039551  -0.057559  0.996481  0.060933  0.043070  -0.058499  0.997358  0.003351  -0.009996  0.001551  0.290711  0.016263  0.275572  2.000000  0.999888  0.009519  0.011519  -0.009645  0.999894  0.010907  -0.011414  -0.011017  0.999874  0.999988  0.004951  -0.000112  -0.004951  0.999970  0.006034  0.000142  -0.006034  0.999982  1.000000  0.000032  0.000053  -0.000032  1.000000  0.000075  -0.000053  -0.000075  1.000000  0.999888  0.009519  0.011519  -0.009645  0.999894  0.010907  -0.011414  -0.011017  0.999874  0.000100  0.007806  
83.404435 0.004169  0.088395  0.002279  0.997395  0.060253  -0.039657  -0.057764  0.996453  0.061190  0.043204  -0.058740  0.997338  0.003409  -0.010066  0.001481  0.290920  0.017214  0.266277  2.000000  0.999885  0.009643  0.011726  -0.009774  0.999889  0.011203  -0.011616  -0.011316  0.999868  0.999989  0.004746  -0.000122  -0.004745  0.999971  0.005905  0.000150  -0.005904  0.999983  1.000000  0.000031  0.000051  -0.000031  1.000000  0.000074  -0.000051  -0.000074  1.000000  0.999885  0.009643  0.011726  -0.009774  0.999889  0.011203  -0.011616  -0.011316  0.999868  0.000099  0.007577  
83.405676 0.004174  0.088381  0.002280  0.997395  0.060268  -0.039635  -0.057764  0.996431  0.061553  0.043204  -0.059103  0.997317  0.003496  -0.010191  0.001403  0.289555  0.017603  0.248177  2.000000  0.999881  0.009785  0.011963  -0.009923  0.999884  0.011563  -0.011849  -0.011680  0.999862  0.999991  0.004335  -0.000145  -0.004335  0.999974  0.005766  0.000170  -0.005765  0.999983  1.000000  0.000029  0.000046  -0.000029  1.000000  0.000072  -0.000046  -0.000072  1.000000  0.999881  0.009785  0.011963  -0.009923  0.999884  0.011563  -0.011849  -0.011680  0.999862  0.000095  0.007215  
83.406676 0.004179  0.088370  0.002280  0.997383  0.060483  -0.039608  -0.057969  0.996404  0.061803  0.043204  -0.059345  0.997302  0.003552  -0.010255  0.001332  0.289265  0.013468  0.241078  2.000000  0.999878  0.009862  0.012101  -0.010005  0.999881  0.011777  -0.011983  -0.011897  0.999857  0.999992  0.004122  -0.000023  -0.004122  0.999975  0.005757  0.000047  -0.005757  0.999983  1.000000  0.000026  0.000044  -0.000026  1.000000  0.000072  -0.000044  -0.000072  1.000000  0.999878  0.009862  0.012101  -0.010005  0.999881  0.011777  -0.011983  -0.011897  0.999857  0.000094  0.007081  
83.407677 0.004184  0.088360  0.002281  0.997389  0.060479  -0.039467  -0.057969  0.996397  0.061916  0.043070  -0.059466  0.997301  0.003680  -0.010299  0.001316  0.284649  0.009731  0.227166  2.000000  0.999875  0.009961  0.012277  -0.010109  0.999876  0.012057  -0.012155  -0.012180  0.999852  0.999992  0.003917  -0.000034  -0.003917  0.999976  0.005627  0.000056  -0.005627  0.999984  1.000000  0.000025  0.000042  -0.000025  1.000000  0.000070  -0.000042  -0.000070  1.000000  0.999875  0.009961  0.012277  -0.010109  0.999876  0.012057  -0.012155  -0.012180  0.999852  0.000092  0.006856  
83.408932 0.004190  0.088347  0.002281  0.997377  0.060699  -0.039433  -0.058175  0.996361  0.062287  0.043070  -0.059829  0.997279  0.003804  -0.010375  0.001215  0.282594  0.005609  0.221854  2.000000  0.999871  0.010063  0.012488  -0.010218  0.999871  0.012400  -0.012362  -0.012526  0.999845  0.999993  0.003696  0.000222  -0.003697  0.999978  0.005496  -0.000201  -0.005497  0.999985  1.000000  0.000021  0.000041  -0.000021  1.000000  0.000069  -0.000041  -0.000069  1.000000  0.999871  0.010063  0.012488  -0.010218  0.999871  0.012400  -0.012362  -0.012526  0.999845  0.000089  0.006627  
83.409932 0.004195  0.088336  0.002281  0.997377  0.060704  -0.039425  -0.058175  0.996354  0.062408  0.043070  -0.059950  0.997272  0.004000  -0.010430  0.001168  0.277925  0.006343  0.208051  2.000000  0.999869  0.010140  0.012650  -0.010300  0.999867  0.012670  -0.012520  -0.012799  0.999840  0.999994  0.003490  0.000210  -0.003491  0.999980  0.005366  -0.000191  -0.005367  0.999986  1.000000  0.000020  0.000039  -0.000020  1.000000  0.000067  -0.000039  -0.000067  1.000000  0.999869  0.010140  0.012650  -0.010300  0.999867  0.012670  -0.012520  -0.012799  0.999840  0.000087  0.006405  
83.411176 0.004202  0.088323  0.002281  0.997377  0.060718  -0.039403  -0.058175  0.996331  0.062770  0.043070  -0.060313  0.997250  0.004187  -0.010495  0.001024  0.277407  0.002558  0.194040  2.000000  0.999865  0.010225  0.012832  -0.010392  0.999861  0.013003  -0.012697  -0.013134  0.999833  0.999995  0.003080  0.000186  -0.003081  0.999981  0.005348  -0.000170  -0.005349  0.999986  1.000000  0.000017  0.000034  -0.000017  1.000000  0.000067  -0.000034  -0.000067  1.000000  0.999865  0.010225  0.012832  -0.010392  0.999861  0.013003  -0.012697  -0.013134  0.999833  0.000084  0.006175  
83.412432 0.004209  0.088309  0.002280  0.997365  0.060933  -0.039375  -0.058380  0.996303  0.063020  0.043070  -0.060555  0.997235  0.004422  -0.010602  0.000793  0.268892  0.002879  0.187094  2.000000  0.999862  0.010303  0.012999  -0.010476  0.999856  0.013330  -0.012859  -0.013465  0.999827  0.999996  0.002874  0.000174  -0.002875  0.999982  0.005218  -0.000159  -0.005219  0.999986  1.000000  0.000016  0.000032  -0.000016  1.000000  0.000065  -0.000032  -0.000065  1.000000  0.999862  0.010303  0.012999  -0.010476  0.999856  0.013330  -0.012859  -0.013465  0.999827  0.000082  0.005960  
83.413678 0.004215  0.088296  0.002280  0.997365  0.060942  -0.039361  -0.058380  0.996288  0.063262  0.043070  -0.060797  0.997220  0.004538  -0.010686  0.000599  0.264297  -0.000879  0.173077  2.000000  0.999860  0.010373  0.013149  -0.010552  0.999851  0.013659  -0.013005  -0.013796  0.999820  0.999997  0.002464  0.000150  -0.002464  0.999983  0.005322  -0.000137  -0.005322  0.999986  1.000000  0.000014  0.000028  -0.000014  1.000000  0.000067  -0.000028  -0.000067  1.000000  0.999860  0.010373  0.013149  -0.010552  0.999851  0.013659  -0.013005  -0.013796  0.999820  0.000080  0.005867  
83.414929 0.004222  0.088282  0.002279  0.997365  0.060957  -0.039338  -0.058380  0.996265  0.063624  0.043070  -0.061160  0.997198  0.004728  -0.010704  0.000396  0.261521  -0.004599  0.157691  2.000000  0.999858  0.010423  0.013260  -0.010608  0.999847  0.013922  -0.013113  -0.014061  0.999815  0.999997  0.002258  0.000138  -0.002259  0.999983  0.005313  -0.000126  -0.005313  0.999986  1.000000  0.000013  0.000025  -0.000013  1.000000  0.000066  -0.000025  -0.000066  1.000000  0.999858  0.010423  0.013260  -0.010608  0.999847  0.013922  -0.013113  -0.014061  0.999815  0.000077  0.005775  
83.416176 0.004229  0.088268  0.002278  0.997365  0.060966  -0.039324  -0.058380  0.996249  0.063866  0.043070  -0.061402  0.997183  0.004889  -0.010781  0.000202  0.252858  -0.003865  0.144007  2.000000  0.999855  0.010480  0.013385  -0.010671  0.999841  0.014257  -0.013234  -0.014398  0.999809  0.999998  0.002053  0.000126  -0.002054  0.999983  0.005426  -0.000115  -0.005426  0.999985  1.000000  0.000012  0.000023  -0.000012  1.000000  0.000068  -0.000023  -0.000068  1.000000  0.999855  0.010480  0.013385  -0.010671  0.999841  0.014257  -0.013234  -0.014398  0.999809  0.000075  0.005803  
83.417426 0.004236  0.088254  0.002277  0.997365  0.060980  -0.039301  -0.058380  0.996226  0.064228  0.043070  -0.061765  0.997161  0.005063  -0.010796  0.000034  0.252275  -0.007573  0.130056  2.000000  0.999854  0.010527  0.013492  -0.010724  0.999836  0.014588  -0.013336  -0.014731  0.999803  0.999999  0.001642  0.000102  -0.001643  0.999985  0.005287  -0.000093  -0.005287  0.999986  1.000000  0.000009  0.000018  -0.000009  1.000000  0.000066  -0.000018  -0.000066  1.000000  0.999854  0.010527  0.013492  -0.010724  0.999836  0.014588  -0.013336  -0.014731  0.999803  0.000073  0.005537  
83.418431 0.004242  0.088243  0.002276  0.997365  0.060990  -0.039287  -0.058380  0.996211  0.064470  0.043070  -0.062007  0.997146  0.005148  -0.010839  -0.000136  0.250004  -0.007272  0.124236  2.000000  0.999852  0.010559  0.013566  -0.010761  0.999832  0.014847  -0.013407  -0.014991  0.999798  0.999999  0.001437  0.000089  -0.001437  0.999986  0.005156  -0.000082  -0.005157  0.999987  1.000000  0.000008  0.000016  -0.000008  1.000000  0.000064  -0.000016  -0.000064  1.000000  0.999852  0.010559  0.013566  -0.010761  0.999832  0.014847  -0.013407  -0.014991  0.999798  0.000071  0.005354  
