1-Time 2-Px 3-Py 4-Pz 5-R11 6-R21 7-R31 8-R12 9-R22 10-R32 11-R13 12-R23 13-R33 14-Vx 15-Vy 16-Vz 17-Wx 18-Wy 19-Wz 20-state 21-PR11 22-PR21 23-PR31 24-PR12 25-PR22 26-PR32 27-PR13 28-PR23 29-PR33 
113.460881 0.002536  0.085547  -0.003976  0.996155  0.040579  0.077644  -0.038163  0.998748  -0.032346  -0.078859  0.029258  0.996456  0.003155  0.001067  -0.002076  0.000000  0.000000  0.000000  2.000000  1.000000  0.000000  0.000000  -0.000000  1.000000  0.000000  0.000000  -0.000000  1.000000  0.999998  0.001282  0.001702  -0.001282  0.999999  0.000024  -0.001702  -0.000026  0.999999  1.000000  0.000000  0.000000  0.000000  1.000000  0.000000  0.000000  0.000000  1.000000  0.559675  0.696835  -0.448537  -0.717322  0.678388  0.158867  0.414986  0.232832  0.879531  0.000000  0.000000  
113.461894 0.002539  0.085548  -0.003979  0.996137  0.040788  0.077770  -0.038368  0.998739  -0.032367  -0.078993  0.029258  0.996446  0.003120  0.001041  -0.002094  0.000000  0.000000  0.000000  2.000000  1.000000  0.000000  0.000000  0.000000  1.000000  0.000000  0.000000  0.000000  1.000000  0.999998  0.001483  0.001563  -0.001483  0.999999  0.000008  -0.001563  -0.000010  0.999999  1.000000  0.000000  0.000000  0.000000  1.000000  0.000000  0.000000  0.000000  1.000000  1.000000  0.000000  0.000000  0.000000  1.000000  0.000000  0.000000  0.000000  1.000000  0.000000  0.000000  
113.463138 0.002542  0.085545  -0.003983  0.996107  0.041002  0.078030  -0.038572  0.998731  -0.032393  -0.079259  0.029257  0.996425  0.003006  0.000747  -0.002261  0.000000  0.000000  0.000000  2.000000  1.000000  0.000000  0.000000  0.000000  1.000000  0.000000  0.000000  0.000000  1.000000  0.999997  0.001700  0.001958  -0.001700  0.999999  -0.000009  -0.001958  0.000006  0.999998  1.000000  0.000000  0.000000  0.000000  1.000000  0.000000  0.000000  0.000000  1.000000  1.000000  0.000000  0.000000  0.000000  1.000000  0.000000  0.000000  0.000000  1.000000  0.000000  0.000000  
113.464138 0.002543  0.085542  -0.003989  0.996060  0.041434  0.078412  -0.038981  0.998709  -0.032562  -0.079660  0.029377  0.996389  0.002912  0.000469  -0.002507  0.000000  0.000000  0.000000  2.000000  1.000000  0.000000  0.000000  0.000000  1.000000  0.000000  0.000000  0.000000  1.000000  0.999996  0.002115  0.002079  -0.002114  0.999998  -0.000285  -0.002080  0.000281  0.999998  1.000000  0.000000  0.000000  0.000000  1.000000  0.000000  0.000000  0.000000  1.000000  1.000000  0.000000  0.000000  0.000000  1.000000  0.000000  0.000000  0.000000  1.000000  0.000000  0.000000  
113.465391 0.002546  0.085539  -0.003995  0.996001  0.041861  0.078931  -0.039390  0.998691  -0.032615  -0.080193  0.029376  0.996346  0.002846  0.000134  -0.002764  0.000000  0.000000  0.000000  2.000000  1.000000  0.000000  0.000000  0.000000  1.000000  0.000000  0.000000  0.000000  1.000000  0.999994  0.002336  0.002608  -0.002335  0.999997  -0.000303  -0.002609  0.000297  0.999997  1.000000  0.000000  0.000000  0.000000  1.000000  0.000000  0.000000  0.000000  1.000000  1.000000  0.000000  0.000000  0.000000  1.000000  0.000000  0.000000  0.000000  1.000000  0.000000  0.000000  
113.466394 0.002549  0.085536  -0.004000  0.995960  0.042088  0.079319  -0.039593  0.998678  -0.032769  -0.080593  0.029496  0.996311  0.002837  -0.000125  -0.002993  0.000000  0.000000  0.000000  2.000000  1.000000  0.000000  0.000000  0.000000  1.000000  0.000000  0.000000  0.000000  1.000000  0.999992  0.002553  0.003003  -0.002552  0.999997  -0.000442  -0.003004  0.000434  0.999995  1.000000  0.000000  0.000000  0.000000  1.000000  0.000000  0.000000  0.000000  1.000000  1.000000  0.000000  0.000000  0.000000  1.000000  0.000000  0.000000  0.000000  1.000000  0.000000  0.000000  
113.467638 0.002553  0.085532  -0.004008  0.995912  0.042511  0.079705  -0.040002  0.998661  -0.032817  -0.080993  0.029495  0.996278  0.002850  -0.000450  -0.003338  0.000000  0.000000  0.000000  2.000000  1.000000  0.000000  0.000000  0.000000  1.000000  0.000000  0.000000  0.000000  1.000000  0.999990  0.002971  0.003258  -0.002970  0.999995  -0.000476  -0.003260  0.000466  0.999995  1.000000  0.000000  0.000000  0.000000  1.000000  0.000000  0.000000  0.000000  1.000000  1.000000  0.000000  0.000000  0.000000  1.000000  0.000000  0.000000  0.000000  1.000000  0.000000  0.000000  
113.468645 0.002557  0.085529  -0.004014  0.995882  0.042725  0.079964  -0.040206  0.998651  -0.032845  -0.081260  0.029494  0.996256  0.002850  -0.000713  -0.003594  0.000000  0.000000  0.000000  2.000000  1.000000  0.000000  0.000000  0.000000  1.000000  0.000000  0.000000  0.000000  1.000000  0.999989  0.002979  0.003526  -0.002977  0.999995  -0.000477  -0.003527  0.000466  0.999994  1.000000  0.000000  0.000000  0.000000  1.000000  0.000000  0.000000  0.000000  1.000000  1.000000  0.000000  0.000000  0.000000  1.000000  0.000000  0.000000  0.000000  1.000000  0.000000  0.000000  
113.469892 0.002562  0.085526  -0.004022  0.995843  0.043154  0.080212  -0.040616  0.998629  -0.033010  -0.081527  0.029614  0.996231  0.002939  -0.001054  -0.004006  0.000000  0.000000  0.000000  2.000000  1.000000  0.000000  0.000000  0.000000  1.000000  0.000000  0.000000  0.000000  1.000000  0.999988  0.003189  0.003653  -0.003186  0.999995  -0.000616  -0.003655  0.000604  0.999993  1.000000  0.000000  0.000000  0.000000  1.000000  0.000000  0.000000  0.000000  1.000000  1.000000  0.000000  0.000000  0.000000  1.000000  0.000000  0.000000  0.000000  1.000000  0.000000  0.000000  
113.471138 0.002568  0.085521  -0.004031  0.995783  0.043581  0.080731  -0.041024  0.998611  -0.033065  -0.082060  0.029613  0.996187  0.003080  -0.001482  -0.004455  0.000000  0.000000  0.000000  2.000000  1.000000  0.000000  0.000000  0.000000  1.000000  0.000000  0.000000  0.000000  1.000000  0.999986  0.003607  0.003908  -0.003604  0.999993  -0.000651  -0.003910  0.000637  0.999992  1.000000  0.000000  0.000000  0.000000  1.000000  0.000000  0.000000  0.000000  1.000000  1.000000  0.000000  0.000000  0.000000  1.000000  0.000000  0.000000  0.000000  1.000000  0.000000  0.000000  
113.472169 0.002572  0.085517  -0.004039  0.995733  0.044004  0.081117  -0.041432  0.998592  -0.033114  -0.082460  0.029612  0.996154  0.003166  -0.001783  -0.004766  -0.020290  -0.170643  0.156705  2.000000  1.000000  0.000000  0.000000  0.000000  1.000000  0.000000  0.000000  0.000000  1.000000  0.999984  0.003820  0.004169  -0.003817  0.999992  -0.000669  -0.004172  0.000653  0.999991  1.000000  0.000000  0.000000  0.000000  1.000000  0.000000  0.000000  0.000000  1.000000  1.000000  0.000000  0.000000  0.000000  1.000000  0.000000  0.000000  0.000000  1.000000  0.000056  0.000000  
113.473388 0.002578  0.085512  -0.004048  0.995641  0.044654  0.081890  -0.042045  0.998560  -0.033319  -0.083260  0.029731  0.996084  0.003324  -0.002264  -0.005197  -0.030198  -0.192650  0.178179  2.000000  1.000000  0.000000  0.000000  0.000000  1.000000  0.000000  0.000000  0.000000  1.000000  0.999978  0.004456  0.004819  -0.004452  0.999990  -0.000845  -0.004823  0.000823  0.999988  1.000000  0.000000  0.000000  0.000000  1.000000  0.000000  0.000000  0.000000  1.000000  1.000000  0.000000  0.000000  0.000000  1.000000  0.000000  0.000000  0.000000  1.000000  0.000065  0.000000  
113.474400 0.002584  0.085507  -0.004055  0.995567  0.045085  0.082542  -0.042452  0.998541  -0.033381  -0.083927  0.029729  0.996028  0.003494  -0.002629  -0.005529  -0.030800  -0.214824  0.185651  2.000000  1.000000  -0.000085  0.000251  0.000085  1.000000  -0.000032  -0.000251  0.000032  1.000000  0.999974  0.004681  0.005481  -0.004676  0.999989  -0.000865  -0.005485  0.000839  0.999985  1.000000  -0.000030  0.000085  0.000030  1.000000  -0.000011  -0.000085  0.000011  1.000000  1.000000  -0.000085  0.000251  0.000085  1.000000  -0.000032  -0.000251  0.000032  1.000000  0.000071  0.007258  
113.475645 0.002589  0.085499  -0.004064  0.995462  0.045740  0.083448  -0.043064  0.998507  -0.033594  -0.084860  0.029848  0.995946  0.003587  -0.003312  -0.005957  -0.036660  -0.241188  0.207154  2.000000  1.000000  -0.000242  0.000710  0.000242  1.000000  -0.000092  -0.000710  0.000092  1.000000  0.999967  0.005317  0.006131  -0.005311  0.999985  -0.001042  -0.006136  0.001009  0.999981  1.000000  -0.000033  0.000096  0.000033  1.000000  -0.000013  -0.000096  0.000013  1.000000  1.000000  -0.000242  0.000710  0.000242  1.000000  -0.000092  -0.000710  0.000092  1.000000  0.000077  0.008180  
113.476889 0.002593  0.085489  -0.004073  0.995378  0.046387  0.084087  -0.043676  0.998474  -0.033796  -0.085527  0.029967  0.995885  0.003590  -0.003958  -0.006305  -0.042519  -0.258601  0.228427  2.000000  0.999999  -0.000382  0.001125  0.000382  1.000000  -0.000150  -0.001125  0.000150  0.999999  0.999959  0.005953  0.006780  -0.005945  0.999982  -0.001220  -0.006787  0.001180  0.999976  1.000000  -0.000036  0.000107  0.000036  1.000000  -0.000015  -0.000107  0.000015  1.000000  0.999999  -0.000382  0.001125  0.000382  1.000000  -0.000150  -0.001125  0.000150  0.999999  0.000086  0.009102  
113.478139 0.002596  0.085478  -0.004083  0.995303  0.046838  0.084727  -0.044083  0.998446  -0.034102  -0.086193  0.030207  0.995820  0.003678  -0.004472  -0.006660  -0.051313  -0.280844  0.236019  2.000000  0.999998  -0.000578  0.001680  0.000578  1.000000  -0.000233  -0.001680  0.000234  0.999999  0.999953  0.006381  0.007301  -0.006370  0.999979  -0.001502  -0.007310  0.001456  0.999972  1.000000  -0.000039  0.000115  0.000039  1.000000  -0.000018  -0.000115  0.000018  1.000000  0.999998  -0.000578  0.001680  0.000578  1.000000  -0.000233  -0.001680  0.000234  0.999999  0.000093  0.009809  
113.479390 0.002600  0.085468  -0.004094  0.995217  0.047485  0.085366  -0.044695  0.998411  -0.034305  -0.086860  0.030326  0.995759  0.003719  -0.004915  -0.006916  -0.057184  -0.298164  0.257221  2.000000  0.999997  -0.000787  0.002280  0.000788  1.000000  -0.000331  -0.002280  0.000332  0.999997  0.999945  0.006813  0.007956  -0.006800  0.999975  -0.001663  -0.007967  0.001609  0.999967  1.000000  -0.000044  0.000123  0.000044  1.000000  -0.000020  -0.000123  0.000020  1.000000  0.999997  -0.000787  0.002280  0.000788  1.000000  -0.000331  -0.002280  0.000332  0.999997  0.000098  0.010602  
113.480637 0.002604  0.085458  -0.004104  0.995129  0.047942  0.086139  -0.045102  0.998382  -0.034619  -0.087659  0.030565  0.995681  0.003809  -0.005345  -0.007213  -0.066603  -0.320216  0.271728  2.000000  0.999995  -0.001019  0.002916  0.001021  0.999999  -0.000441  -0.002915  0.000444  0.999996  0.999938  0.007040  0.008617  -0.007024  0.999973  -0.001929  -0.008630  0.001869  0.999961  1.000000  -0.000049  0.000130  0.000049  1.000000  -0.000024  -0.000130  0.000024  1.000000  0.999995  -0.001019  0.002916  0.001021  0.999999  -0.000441  -0.002915  0.000444  0.999996  0.000104  0.011288  
113.481638 0.002609  0.085450  -0.004113  0.995052  0.048384  0.086784  -0.045509  0.998357  -0.034806  -0.088326  0.030684  0.995619  0.003892  -0.005710  -0.007428  -0.071372  -0.338023  0.279215  2.000000  0.999993  -0.001216  0.003459  0.001218  0.999999  -0.000538  -0.003459  0.000543  0.999994  0.999929  0.007673  0.009131  -0.007654  0.999968  -0.002110  -0.009147  0.002040  0.999956  1.000000  -0.000051  0.000140  0.000051  1.000000  -0.000026  -0.000140  0.000026  1.000000  0.999993  -0.001216  0.003459  0.001218  0.999999  -0.000538  -0.003459  0.000543  0.999994  0.000110  0.012107  
113.482638 0.002614  0.085441  -0.004123  0.994952  0.049036  0.087555  -0.046120  0.998322  -0.035018  -0.089125  0.030803  0.995544  0.004048  -0.006150  -0.007740  -0.077359  -0.360084  0.300768  2.000000  0.999991  -0.001431  0.004033  0.001434  0.999999  -0.000645  -0.004032  0.000651  0.999992  0.999922  0.007896  0.009659  -0.007874  0.999966  -0.002254  -0.009676  0.002178  0.999951  1.000000  -0.000055  0.000146  0.000055  1.000000  -0.000028  -0.000146  0.000028  1.000000  0.999991  -0.001431  0.004033  0.001434  0.999999  -0.000645  -0.004032  0.000651  0.999992  0.000117  0.012671  
113.483888 0.002622  0.085431  -0.004136  0.994840  0.049692  0.088459  -0.046731  0.998286  -0.035236  -0.090058  0.030921  0.995456  0.004271  -0.006534  -0.008074  -0.082677  -0.390839  0.315284  2.000000  0.999987  -0.001719  0.004791  0.001723  0.999998  -0.000788  -0.004789  0.000797  0.999988  0.999912  0.008328  0.010313  -0.008303  0.999963  -0.002421  -0.010333  0.002335  0.999944  1.000000  -0.000060  0.000155  0.000060  1.000000  -0.000030  -0.000155  0.000030  1.000000  0.999987  -0.001719  0.004791  0.001723  0.999998  -0.000788  -0.004789  0.000797  0.999988  0.000126  0.013468  
113.484894 0.002628  0.085423  -0.004149  0.994738  0.050344  0.089229  -0.047342  0.998249  -0.035450  -0.090858  0.031039  0.995380  0.004386  -0.006908  -0.008441  -0.088632  -0.412575  0.336575  2.000000  0.999984  -0.001904  0.005264  0.001909  0.999998  -0.000877  -0.005262  0.000887  0.999986  0.999906  0.008546  0.010707  -0.008521  0.999961  -0.002445  -0.010728  0.002353  0.999940  1.000000  -0.000063  0.000159  0.000063  1.000000  -0.000030  -0.000159  0.000030  1.000000  0.999984  -0.001904  0.005264  0.001909  0.999998  -0.000877  -0.005262  0.000887  0.999986  0.000132  0.013909  
113.486142 0.002637  0.085412  -0.004164  0.994623  0.051000  0.090132  -0.047952  0.998212  -0.035671  -0.091790  0.031157  0.995291  0.004578  -0.007343  -0.008892  -0.094681  -0.439049  0.358201  2.000000  0.999979  -0.002229  0.006075  0.002236  0.999997  -0.001032  -0.006073  0.001046  0.999981  0.999898  0.008769  0.011234  -0.008741  0.999958  -0.002594  -0.011257  0.002495  0.999934  1.000000  -0.000067  0.000165  0.000067  1.000000  -0.000032  -0.000165  0.000032  1.000000  0.999979  -0.002229  0.006075  0.002236  0.999997  -0.001032  -0.006073  0.001046  0.999981  0.000142  0.014478  
113.487387 0.002644  0.085400  -0.004181  0.994517  0.051452  0.091042  -0.048357  0.998186  -0.035875  -0.092723  0.031275  0.995201  0.004728  -0.007745  -0.009322  -0.099542  -0.465818  0.365946  2.000000  0.999973  -0.002569  0.006914  0.002578  0.999996  -0.001192  -0.006910  0.001210  0.999975  0.999892  0.008988  0.011628  -0.008958  0.999956  -0.002621  -0.011651  0.002516  0.999929  1.000000  -0.000070  0.000170  0.000070  1.000000  -0.000032  -0.000170  0.000032  1.000000  0.999973  -0.002569  0.006914  0.002578  0.999996  -0.001192  -0.006910  0.001210  0.999975  0.000150  0.014920  
113.488387 0.002650  0.085390  -0.004194  0.994425  0.052100  0.091679  -0.048968  0.998148  -0.036085  -0.093389  0.031394  0.995135  0.004791  -0.008131  -0.009736  -0.105501  -0.487549  0.387248  2.000000  0.999967  -0.002852  0.007605  0.002863  0.999995  -0.001322  -0.007601  0.001344  0.999970  0.999885  0.009207  0.012021  -0.009174  0.999954  -0.002767  -0.012046  0.002657  0.999924  1.000000  -0.000073  0.000175  0.000073  1.000000  -0.000034  -0.000175  0.000034  1.000000  0.999967  -0.002852  0.007605  0.002863  0.999995  -0.001322  -0.007601  0.001344  0.999970  0.000156  0.015383  
113.489393 0.002656  0.085379  -0.004206  0.994342  0.052543  0.092322  -0.049375  0.998121  -0.036277  -0.094055  0.031513  0.995068  0.004849  -0.008541  -0.010110  -0.110294  -0.505154  0.394595  2.000000  0.999960  -0.003144  0.008315  0.003157  0.999994  -0.001455  -0.008310  0.001481  0.999964  0.999880  0.009420  0.012282  -0.009388  0.999952  -0.002671  -0.012307  0.002556  0.999921  1.000000  -0.000074  0.000179  0.000074  1.000000  -0.000033  -0.000179  0.000033  1.000000  0.999960  -0.003144  0.008315  0.003157  0.999994  -0.001455  -0.008310  0.001481  0.999964  0.000161  0.015698  
113.490396 0.002661  0.085367  -0.004220  0.994248  0.053181  0.092965  -0.049986  0.998088  -0.036367  -0.094721  0.031511  0.995005  0.004927  -0.008922  -0.010554  -0.112239  -0.522457  0.415762  2.000000  0.999953  -0.003450  0.009045  0.003465  0.999993  -0.001590  -0.009039  0.001621  0.999958  0.999871  0.009644  0.012809  -0.009608  0.999950  -0.002818  -0.012836  0.002695  0.999914  1.000000  -0.000079  0.000184  0.000079  1.000000  -0.000034  -0.000184  0.000034  1.000000  0.999953  -0.003450  0.009045  0.003465  0.999993  -0.001590  -0.009039  0.001621  0.999958  0.000167  0.016269  
113.491642 0.002668  0.085352  -0.004235  0.994138  0.053633  0.093874  -0.050391  0.998060  -0.036574  -0.095653  0.031629  0.994912  0.005121  -0.009275  -0.010972  -0.117208  -0.549537  0.423763  2.000000  0.999943  -0.003847  0.009985  0.003864  0.999991  -0.001765  -0.009978  0.001803  0.999949  0.999864  0.009862  0.013202  -0.009824  0.999947  -0.002968  -0.013231  0.002838  0.999908  1.000000  -0.000082  0.000189  0.000082  1.000000  -0.000036  -0.000189  0.000036  1.000000  0.999943  -0.003847  0.009985  0.003864  0.999991  -0.001765  -0.009978  0.001803  0.999949  0.000176  0.016734  
113.492893 0.002675  0.085337  -0.004251  0.994017  0.054301  0.094769  -0.051000  0.998016  -0.036921  -0.096586  0.031867  0.994814  0.005348  -0.009604  -0.011371  -0.126789  -0.571384  0.438159  2.000000  0.999933  -0.004181  0.010758  0.004202  0.999989  -0.001912  -0.010750  0.001957  0.999940  0.999857  0.010082  0.013595  -0.010040  0.999945  -0.003117  -0.013626  0.002980  0.999903  1.000000  -0.000084  0.000194  0.000084  1.000000  -0.000038  -0.000194  0.000038  1.000000  0.999933  -0.004181  0.010758  0.004202  0.999989  -0.001912  -0.010750  0.001957  0.999940  0.000181  0.017199  
113.494134 0.002683  0.085322  -0.004266  0.993895  0.054959  0.095670  -0.051609  0.997976  -0.037149  -0.097518  0.031985  0.994720  0.005599  -0.009869  -0.011652  -0.126657  -0.584362  0.442064  2.000000  0.999921  -0.004610  0.011734  0.004635  0.999987  -0.002105  -0.011724  0.002159  0.999929  0.999855  0.010089  0.013727  -0.010045  0.999944  -0.003247  -0.013759  0.003109  0.999901  1.000000  -0.000086  0.000195  0.000086  1.000000  -0.000040  -0.000195  0.000040  1.000000  0.999921  -0.004610  0.011734  0.004635  0.999987  -0.002105  -0.011724  0.002159  0.999929  0.000186  0.017330  
113.495139 0.002689  0.085310  -0.004279  0.993797  0.055609  0.096305  -0.052219  0.997936  -0.037364  -0.098184  0.032104  0.994650  0.005843  -0.010169  -0.011976  -0.132664  -0.593485  0.452788  2.000000  0.999909  -0.004956  0.012517  0.004984  0.999985  -0.002263  -0.012505  0.002325  0.999919  0.999853  0.010094  0.013859  -0.010048  0.999944  -0.003376  -0.013892  0.003236  0.999898  1.000000  -0.000087  0.000196  0.000087  1.000000  -0.000041  -0.000196  0.000041  1.000000  0.999909  -0.004956  0.012517  0.004984  0.999985  -0.002263  -0.012505  0.002325  0.999919  0.000188  0.017462  
113.496139 0.002696  0.085298  -0.004292  0.993697  0.056057  0.097080  -0.052624  0.997907  -0.037567  -0.098982  0.032222  0.994567  0.006000  -0.010426  -0.012262  -0.133562  -0.606773  0.460197  2.000000  0.999897  -0.005300  0.013305  0.005333  0.999983  -0.002424  -0.013292  0.002494  0.999909  0.999849  0.010304  0.013985  -0.010258  0.999942  -0.003404  -0.014019  0.003260  0.999896  1.000000  -0.000087  0.000199  0.000087  1.000000  -0.000042  -0.000199  0.000042  1.000000  0.999897  -0.005300  0.013305  0.005333  0.999983  -0.002424  -0.013292  0.002494  0.999909  0.000192  0.017689  
113.497389 0.002705  0.085284  -0.004309  0.993571  0.056727  0.097973  -0.053233  0.997862  -0.037919  -0.099914  0.032460  0.994466  0.006144  -0.010647  -0.012567  -0.142613  -0.624374  0.467608  2.000000  0.999882  -0.005736  0.014283  0.005774  0.999980  -0.002625  -0.014268  0.002708  0.999895  0.999851  0.010100  0.013990  -0.010054  0.999944  -0.003393  -0.014024  0.003252  0.999896  1.000000  -0.000089  0.000197  0.000089  1.000000  -0.000042  -0.000197  0.000042  1.000000  0.999882  -0.005736  0.014283  0.005774  0.999980  -0.002625  -0.014268  0.002708  0.999895  0.000197  0.017573  
113.498394 0.002712  0.085273  -0.004323  0.993495  0.057167  0.098482  -0.053639  0.997833  -0.038109  -0.100447  0.032579  0.994409  0.006250  -0.010801  -0.012820  -0.147504  -0.633147  0.474818  2.000000  0.999868  -0.006088  0.015071  0.006131  0.999977  -0.002787  -0.015054  0.002879  0.999883  0.999851  0.010103  0.013988  -0.010057  0.999944  -0.003398  -0.014022  0.003257  0.999896  1.000000  -0.000089  0.000197  0.000089  1.000000  -0.000042  -0.000197  0.000042  1.000000  0.999868  -0.006088  0.015071  0.006131  0.999977  -0.002787  -0.015054  0.002879  0.999883  0.000201  0.017574  
113.499636 0.002722  0.085261  -0.004340  0.993395  0.057817  0.099115  -0.054249  0.997792  -0.038327  -0.101113  0.032697  0.994338  0.006355  -0.010927  -0.012992  -0.147756  -0.640832  0.485053  2.000000  0.999853  -0.006443  0.015863  0.006490  0.999975  -0.002950  -0.015844  0.003053  0.999870  0.999849  0.010109  0.014120  -0.010062  0.999944  -0.003405  -0.014154  0.003262  0.999895  1.000000  -0.000090  0.000198  0.000090  1.000000  -0.000042  -0.000198  0.000042  1.000000  0.999853  -0.006443  0.015863  0.006490  0.999975  -0.002950  -0.015844  0.003053  0.999870  0.000203  0.017684  
113.500888 0.002732  0.085248  -0.004358  0.993305  0.058274  0.099750  -0.054655  0.997757  -0.038647  -0.101778  0.032936  0.994262  0.006464  -0.011075  -0.013123  -0.156089  -0.649677  0.485378  2.000000  0.999834  -0.006881  0.016859  0.006935  0.999971  -0.003156  -0.016837  0.003273  0.999853  0.999849  0.010312  0.013977  -0.010264  0.999941  -0.003553  -0.014013  0.003409  0.999896  1.000000  -0.000087  0.000199  0.000087  1.000000  -0.000044  -0.000199  0.000044  1.000000  0.999834  -0.006881  0.016859  0.006935  0.999971  -0.003156  -0.016837  0.003273  0.999853  0.000206  0.017716  
113.501891 0.002740  0.085238  -0.004371  0.993202  0.058925  0.100383  -0.055264  0.997715  -0.038866  -0.102444  0.033054  0.994189  0.006583  -0.011138  -0.013106  -0.161888  -0.660128  0.490002  2.000000  0.999818  -0.007231  0.017655  0.007290  0.999968  -0.003322  -0.017631  0.003450  0.999839  0.999847  0.010318  0.014110  -0.010269  0.999941  -0.003560  -0.014146  0.003414  0.999894  1.000000  -0.000089  0.000200  0.000089  1.000000  -0.000044  -0.000200  0.000044  1.000000  0.999818  -0.007231  0.017655  0.007290  0.999968  -0.003322  -0.017631  0.003450  0.999839  0.000209  0.017825  
113.502892 0.002747  0.085227  -0.004386  0.993111  0.059382  0.101016  -0.055669  0.997680  -0.039187  -0.103109  0.033293  0.994113  0.006653  -0.011212  -0.013224  -0.166135  -0.659452  0.489656  2.000000  0.999801  -0.007578  0.018450  0.007643  0.999965  -0.003487  -0.018423  0.003627  0.999824  0.999851  0.010110  0.013982  -0.010063  0.999944  -0.003424  -0.014016  0.003283  0.999896  1.000000  -0.000089  0.000197  0.000089  1.000000  -0.000042  -0.000197  0.000042  1.000000  0.999801  -0.007578  0.018450  0.007643  0.999965  -0.003487  -0.018423  0.003627  0.999824  0.000210  0.017577  
113.504145 0.002755  0.085211  -0.004405  0.992991  0.059836  0.101923  -0.056073  0.997649  -0.039402  -0.104041  0.033411  0.994012  0.006661  -0.011397  -0.013459  -0.169991  -0.664222  0.482976  2.000000  0.999779  -0.008009  0.019433  0.008082  0.999961  -0.003697  -0.019403  0.003853  0.999804  0.999853  0.010108  0.013846  -0.010059  0.999943  -0.003553  -0.013881  0.003413  0.999898  1.000000  -0.000087  0.000196  0.000087  1.000000  -0.000044  -0.000196  0.000044  1.000000  0.999779  -0.008009  0.019433  0.008082  0.999961  -0.003697  -0.019403  0.003853  0.999804  0.000209  0.017494  
113.505393 0.002761  0.085194  -0.004425  0.992859  0.060509  0.102813  -0.056680  0.997600  -0.039760  -0.104972  0.033648  0.993906  0.006667  -0.011560  -0.013717  -0.174490  -0.664096  0.483027  2.000000  0.999756  -0.008438  0.020401  0.008519  0.999956  -0.003908  -0.020367  0.004080  0.999784  0.999859  0.009894  0.013584  -0.009847  0.999945  -0.003540  -0.013618  0.003406  0.999901  1.000000  -0.000086  0.000192  0.000086  1.000000  -0.000043  -0.000192  0.000043  1.000000  0.999756  -0.008438  0.020401  0.008519  0.999956  -0.003908  -0.020367  0.004080  0.999784  0.000210  0.017161  
113.506641 0.002769  0.085176  -0.004446  0.992739  0.061164  0.103577  -0.057289  0.997556  -0.039990  -0.105770  0.033766  0.993817  0.006723  -0.011737  -0.014094  -0.174803  -0.668430  0.483144  2.000000  0.999733  -0.008861  0.021359  0.008951  0.999951  -0.004119  -0.021321  0.004309  0.999763  0.999859  0.009897  0.013582  -0.009848  0.999945  -0.003670  -0.013617  0.003536  0.999901  1.000000  -0.000086  0.000192  0.000086  1.000000  -0.000045  -0.000192  0.000045  1.000000  0.999733  -0.008861  0.021359  0.008951  0.999951  -0.004119  -0.021321  0.004309  0.999763  0.000211  0.017188  
113.507893 0.002776  0.085158  -0.004468  0.992618  0.061820  0.104342  -0.057897  0.997512  -0.040222  -0.106569  0.033884  0.993728  0.006741  -0.011914  -0.014505  -0.171723  -0.672577  0.490234  2.000000  0.999713  -0.009197  0.022130  0.009294  0.999948  -0.004291  -0.022089  0.004496  0.999746  0.999859  0.009898  0.013580  -0.009849  0.999945  -0.003678  -0.013616  0.003544  0.999901  1.000000  -0.000085  0.000192  0.000086  1.000000  -0.000045  -0.000192  0.000045  1.000000  0.999713  -0.009197  0.022130  0.009294  0.999948  -0.004291  -0.022089  0.004496  0.999746  0.000211  0.017189  
113.509142 0.002783  0.085140  -0.004491  0.992523  0.062266  0.104981  -0.058301  0.997480  -0.040425  -0.107234  0.034002  0.993652  0.006701  -0.012131  -0.015016  -0.171370  -0.672764  0.483418  2.000000  0.999687  -0.009614  0.023091  0.009720  0.999943  -0.004510  -0.023046  0.004733  0.999723  0.999861  0.009894  0.013446  -0.009845  0.999945  -0.003684  -0.013481  0.003551  0.999903  1.000000  -0.000084  0.000191  0.000084  1.000000  -0.000045  -0.000191  0.000045  1.000000  0.999687  -0.009614  0.023091  0.009720  0.999943  -0.004510  -0.023046  0.004733  0.999723  0.000212  0.017082  
113.510385 0.002791  0.085122  -0.004514  0.992427  0.062713  0.105620  -0.058706  0.997448  -0.040628  -0.107899  0.034120  0.993576  0.006638  -0.012320  -0.015431  -0.166908  -0.666979  0.486401  2.000000  0.999661  -0.010027  0.024038  0.010143  0.999937  -0.004729  -0.023989  0.004972  0.999700  0.999864  0.009686  0.013318  -0.009638  0.999947  -0.003668  -0.013353  0.003539  0.999905  1.000000  -0.000084  0.000188  0.000084  1.000000  -0.000045  -0.000188  0.000045  1.000000  0.999661  -0.010027  0.024038  0.010143  0.999937  -0.004729  -0.023989  0.004972  0.999700  0.000211  0.016858  
113.511392 0.002797  0.085109  -0.004533  0.992345  0.063154  0.106127  -0.059111  0.997416  -0.040824  -0.108431  0.034238  0.993514  0.006621  -0.012449  -0.015850  -0.167902  -0.663595  0.483242  2.000000  0.999639  -0.010354  0.024782  0.010479  0.999933  -0.004905  -0.024730  0.005162  0.999681  0.999870  0.009473  0.013057  -0.009424  0.999948  -0.003772  -0.013092  0.003649  0.999908  1.000000  -0.000082  0.000184  0.000082  1.000000  -0.000046  -0.000184  0.000046  1.000000  0.999639  -0.010354  0.024782  0.010479  0.999933  -0.004905  -0.024730  0.005162  0.999681  0.000209  0.016553  
113.512639 0.002805  0.085092  -0.004556  0.992263  0.063596  0.106633  -0.059516  0.997384  -0.041021  -0.108963  0.034357  0.993452  0.006551  -0.012676  -0.016249  -0.166893  -0.650596  0.469149  2.000000  0.999612  -0.010752  0.025696  0.010887  0.999928  -0.005119  -0.025639  0.005397  0.999657  0.999879  0.009250  0.012528  -0.009205  0.999951  -0.003633  -0.012561  0.003517  0.999915  1.000000  -0.000078  0.000178  0.000078  1.000000  -0.000045  -0.000178  0.000045  1.000000  0.999612  -0.010752  0.025696  0.010887  0.999928  -0.005119  -0.025639  0.005397  0.999657  0.000207  0.015978  
113.513888 0.002813  0.085074  -0.004579  0.992165  0.064043  0.107272  -0.059920  0.997351  -0.041226  -0.109628  0.034475  0.993375  0.006472  -0.012930  -0.016641  -0.165831  -0.640668  0.465143  2.000000  0.999585  -0.011132  0.026584  0.011278  0.999922  -0.005330  -0.026522  0.005627  0.999632  0.999882  0.009241  0.012259  -0.009197  0.999951  -0.003639  -0.012292  0.003526  0.999918  1.000000  -0.000075  0.000177  0.000075  1.000000  -0.000045  -0.000177  0.000045  1.000000  0.999585  -0.011132  0.026584  0.011278  0.999922  -0.005330  -0.026522  0.005627  0.999632  0.000202  0.015765  
113.515137 0.002821  0.085058  -0.004602  0.992054  0.064695  0.107902  -0.060529  0.997305  -0.041453  -0.110293  0.034593  0.993297  0.006362  -0.013195  -0.017004  -0.162194  -0.627291  0.464837  2.000000  0.999557  -0.011504  0.027454  0.011660  0.999917  -0.005538  -0.027388  0.005856  0.999608  0.999887  0.009028  0.011998  -0.008987  0.999953  -0.003501  -0.012029  0.003393  0.999922  1.000000  -0.000074  0.000173  0.000074  1.000000  -0.000043  -0.000173  0.000043  1.000000  0.999557  -0.011504  0.027454  0.011660  0.999917  -0.005538  -0.027388  0.005856  0.999608  0.000200  0.015406  
113.516386 0.002829  0.085041  -0.004624  0.991955  0.065142  0.108540  -0.060933  0.997272  -0.041660  -0.110958  0.034711  0.993219  0.006211  -0.013499  -0.017334  -0.161869  -0.618604  0.457799  2.000000  0.999534  -0.011795  0.028147  0.011960  0.999912  -0.005705  -0.028077  0.006039  0.999588  0.999887  0.009029  0.011997  -0.008987  0.999953  -0.003507  -0.012028  0.003398  0.999922  1.000000  -0.000074  0.000173  0.000074  1.000000  -0.000043  -0.000173  0.000043  1.000000  0.999534  -0.011795  0.028147  0.011960  0.999912  -0.005705  -0.028077  0.006039  0.999588  0.000198  0.015407  
113.517388 0.002835  0.085027  -0.004643  0.991886  0.065593  0.108905  -0.061338  0.997234  -0.041971  -0.111357  0.034950  0.993166  0.006078  -0.013675  -0.017599  -0.170931  -0.610442  0.454328  2.000000  0.999511  -0.012075  0.028827  0.012249  0.999908  -0.005871  -0.028753  0.006221  0.999567  0.999892  0.009016  0.011595  -0.008975  0.999954  -0.003510  -0.011626  0.003405  0.999927  1.000000  -0.000069  0.000170  0.000069  1.000000  -0.000043  -0.000170  0.000043  1.000000  0.999511  -0.012075  0.028827  0.012249  0.999908  -0.005871  -0.028753  0.006221  0.999567  0.000195  0.015089  
113.518393 0.002840  0.085014  -0.004661  0.991816  0.066031  0.109277  -0.061744  0.997201  -0.042161  -0.111756  0.035069  0.993117  0.006019  -0.013799  -0.017849  -0.171307  -0.601904  0.454461  2.000000  0.999489  -0.012348  0.029491  0.012532  0.999903  -0.006039  -0.029414  0.006405  0.999547  0.999899  0.008599  0.011340  -0.008559  0.999957  -0.003589  -0.011370  0.003491  0.999929  1.000000  -0.000069  0.000164  0.000069  1.000000  -0.000044  -0.000164  0.000044  1.000000  0.999489  -0.012348  0.029491  0.012532  0.999903  -0.006039  -0.029414  0.006405  0.999547  0.000192  0.014666  
113.519642 0.002846  0.084995  -0.004686  0.991745  0.066468  0.109650  -0.062149  0.997168  -0.042352  -0.112154  0.035188  0.993068  0.005929  -0.013905  -0.018180  -0.170716  -0.583515  0.446578  2.000000  0.999460  -0.012677  0.030309  0.012872  0.999898  -0.006245  -0.030226  0.006632  0.999521  0.999905  0.008381  0.010945  -0.008344  0.999959  -0.003447  -0.010974  0.003356  0.999934  1.000000  -0.000066  0.000159  0.000066  1.000000  -0.000043  -0.000159  0.000043  1.000000  0.999460  -0.012677  0.030309  0.012872  0.999898  -0.006245  -0.030226  0.006632  0.999521  0.000189  0.014199  
113.520892 0.002852  0.084976  -0.004711  0.991675  0.066920  0.110014  -0.062555  0.997129  -0.042664  -0.112553  0.035427  0.993014  0.005818  -0.013989  -0.018505  -0.172857  -0.569910  0.435833  2.000000  0.999432  -0.012995  0.031108  0.013202  0.999892  -0.006451  -0.031021  0.006858  0.999495  0.999906  0.008378  0.010810  -0.008340  0.999959  -0.003573  -0.010839  0.003483  0.999935  1.000000  -0.000065  0.000158  0.000065  1.000000  -0.000044  -0.000158  0.000044  1.000000  0.999432  -0.012995  0.031108  0.013202  0.999892  -0.006451  -0.031021  0.006858  0.999495  0.000186  0.014124  
113.522139 0.002857  0.084957  -0.004736  0.991604  0.067358  0.110386  -0.062960  0.997095  -0.042856  -0.112952  0.035546  0.992964  0.005709  -0.014137  -0.018761  -0.172426  -0.552281  0.428464  2.000000  0.999403  -0.013300  0.031890  0.013518  0.999886  -0.006654  -0.031798  0.007081  0.999469  0.999912  0.008160  0.010415  -0.008124  0.999961  -0.003432  -0.010443  0.003347  0.999940  1.000000  -0.000062  0.000153  0.000062  1.000000  -0.000042  -0.000153  0.000042  1.000000  0.999403  -0.013300  0.031890  0.013518  0.999886  -0.006654  -0.031798  0.007081  0.999469  0.000180  0.013658  
113.523392 0.002864  0.084938  -0.004761  0.991517  0.067801  0.110890  -0.063365  0.997061  -0.043056  -0.113484  0.035664  0.992900  0.005634  -0.014223  -0.018961  -0.173447  -0.539031  0.424534  2.000000  0.999374  -0.013590  0.032651  0.013821  0.999881  -0.006852  -0.032554  0.007299  0.999443  0.999917  0.008146  0.010013  -0.008113  0.999962  -0.003313  -0.010040  0.003232  0.999944  1.000000  -0.000058  0.000151  0.000058  1.000000  -0.000041  -0.000151  0.000041  1.000000  0.999374  -0.013590  0.032651  0.013821  0.999881  -0.006852  -0.032554  0.007299  0.999443  0.000178  0.013317  
113.524638 0.002870  0.084919  -0.004787  0.991445  0.068239  0.111262  -0.063770  0.997027  -0.043248  -0.113883  0.035783  0.992850  0.005585  -0.014294  -0.019174  -0.168924  -0.521257  0.417149  2.000000  0.999352  -0.013812  0.033251  0.014053  0.999877  -0.007007  -0.033150  0.007470  0.999422  0.999921  0.007932  0.009752  -0.007901  0.999963  -0.003293  -0.009778  0.003216  0.999947  1.000000  -0.000056  0.000147  0.000056  1.000000  -0.000041  -0.000147  0.000041  1.000000  0.999352  -0.013812  0.033251  0.014053  0.999877  -0.007007  -0.033150  0.007470  0.999422  0.000173  0.012986  
113.525644 0.002876  0.084903  -0.004808  0.991402  0.068454  0.111518  -0.063972  0.997012  -0.043288  -0.114149  0.035782  0.992819  0.005543  -0.014368  -0.019312  -0.163547  -0.503604  0.402692  2.000000  0.999329  -0.014021  0.033835  0.014271  0.999873  -0.007158  -0.033731  0.007636  0.999402  0.999925  0.007917  0.009351  -0.007888  0.999964  -0.003175  -0.009376  0.003101  0.999951  1.000000  -0.000052  0.000144  0.000052  1.000000  -0.000039  -0.000144  0.000039  1.000000  0.999329  -0.014021  0.033835  0.014271  0.999873  -0.007158  -0.033731  0.007636  0.999402  0.000169  0.012648  
113.526888 0.002883  0.084884  -0.004834  0.991330  0.068892  0.111890  -0.064377  0.996978  -0.043481  -0.114547  0.035901  0.992769  0.005518  -0.014525  -0.019504  -0.163099  -0.485922  0.395319  2.000000  0.999302  -0.014263  0.034540  0.014525  0.999868  -0.007340  -0.034430  0.007836  0.999376  0.999930  0.007699  0.008956  -0.007672  0.999966  -0.003033  -0.008980  0.002964  0.999955  1.000000  -0.000049  0.000139  0.000049  1.000000  -0.000037  -0.000139  0.000037  1.000000  0.999302  -0.014263  0.034540  0.014525  0.999868  -0.007340  -0.034430  0.007836  0.999376  0.000165  0.012185  
113.527888 0.002889  0.084869  -0.004855  0.991272  0.069313  0.112137  -0.064784  0.996949  -0.043544  -0.114813  0.035900  0.992738  0.005488  -0.014628  -0.019658  -0.158566  -0.477175  0.398720  2.000000  0.999280  -0.014441  0.035078  0.014712  0.999864  -0.007478  -0.034965  0.007988  0.999357  0.999939  0.007265  0.008303  -0.007241  0.999970  -0.002866  -0.008324  0.002806  0.999961  1.000000  -0.000045  0.000130  0.000045  1.000000  -0.000035  -0.000130  0.000035  1.000000  0.999280  -0.014441  0.035078  0.014712  0.999864  -0.007478  -0.034965  0.007988  0.999357  0.000160  0.011391  
113.528888 0.002894  0.084852  -0.004878  0.991228  0.069527  0.112393  -0.064986  0.996934  -0.043585  -0.115079  0.035899  0.992707  0.005385  -0.014825  -0.019931  -0.149892  -0.468447  0.391633  2.000000  0.999259  -0.014605  0.035598  0.014885  0.999860  -0.007609  -0.035482  0.008133  0.999337  0.999941  0.007255  0.008036  -0.007233  0.999970  -0.002746  -0.008055  0.002688  0.999964  1.000000  -0.000042  0.000129  0.000042  1.000000  -0.000034  -0.000129  0.000034  1.000000  0.999259  -0.014605  0.035598  0.014885  0.999860  -0.007609  -0.035482  0.008133  0.999337  0.000159  0.011162  
113.530139 0.002901  0.084833  -0.004905  0.991171  0.069947  0.112640  -0.065392  0.996905  -0.043649  -0.115345  0.035897  0.992677  0.005267  -0.015089  -0.020263  -0.145296  -0.455335  0.384402  2.000000  0.999234  -0.014797  0.036231  0.015088  0.999856  -0.007766  -0.036111  0.008307  0.999313  0.999946  0.007035  0.007642  -0.007015  0.999972  -0.002603  -0.007660  0.002549  0.999967  1.000000  -0.000039  0.000124  0.000039  1.000000  -0.000032  -0.000124  0.000032  1.000000  0.999234  -0.014797  0.036231  0.015088  0.999856  -0.007766  -0.036111  0.008307  0.999313  0.000154  0.010702  
113.531390 0.002907  0.084812  -0.004932  0.991126  0.070176  0.112888  -0.065594  0.996884  -0.043810  -0.115611  0.036017  0.992641  0.005151  -0.015293  -0.020584  -0.141166  -0.437129  0.373189  2.000000  0.999209  -0.014970  0.036845  0.015271  0.999852  -0.007918  -0.036721  0.008475  0.999290  0.999949  0.007021  0.007240  -0.007002  0.999972  -0.002605  -0.007258  0.002554  0.999970  1.000000  -0.000035  0.000121  0.000035  1.000000  -0.000032  -0.000121  0.000032  1.000000  0.999209  -0.014970  0.036845  0.015271  0.999852  -0.007918  -0.036721  0.008475  0.999290  0.000151  0.010410  
113.532640 0.002913  0.084791  -0.004961  0.991053  0.070601  0.113267  -0.065999  0.996854  -0.043883  -0.116009  0.036015  0.992595  0.005123  -0.015545  -0.020941  -0.132447  -0.423773  0.365815  2.000000  0.999189  -0.015096  0.037327  0.015407  0.999849  -0.008040  -0.037200  0.008608  0.999271  0.999951  0.007011  0.006973  -0.006993  0.999972  -0.002607  -0.006991  0.002558  0.999972  1.000000  -0.000032  0.000119  0.000032  1.000000  -0.000032  -0.000119  0.000032  1.000000  0.999189  -0.015096  0.037327  0.015407  0.999849  -0.008040  -0.037200  0.008608  0.999271  0.000146  0.010220  
113.533888 0.002919  0.084770  -0.004988  0.990995  0.071035  0.113506  -0.066405  0.996819  -0.044068  -0.116275  0.036134  0.992560  0.005109  -0.015720  -0.021143  -0.131501  -0.406809  0.362317  2.000000  0.999164  -0.015248  0.037919  0.015569  0.999845  -0.008187  -0.037789  0.008771  0.999247  0.999953  0.007002  0.006705  -0.006984  0.999972  -0.002608  -0.006723  0.002561  0.999974  1.000000  -0.000029  0.000118  0.000029  1.000000  -0.000032  -0.000118  0.000032  1.000000  0.999164  -0.015248  0.037919  0.015569  0.999845  -0.008187  -0.037789  0.008771  0.999247  0.000141  0.010033  
113.534892 0.002925  0.084754  -0.005010  0.990950  0.071250  0.113762  -0.066607  0.996804  -0.044110  -0.116541  0.036133  0.992528  0.005166  -0.015849  -0.021306  -0.127193  -0.388164  0.350782  2.000000  0.999145  -0.015356  0.038384  0.015686  0.999842  -0.008304  -0.038250  0.008899  0.999229  0.999956  0.006787  0.006445  -0.006771  0.999974  -0.002465  -0.006461  0.002421  0.999976  1.000000  -0.000027  0.000114  0.000027  1.000000  -0.000031  -0.000114  0.000031  1.000000  0.999145  -0.015356  0.038384  0.015686  0.999842  -0.008304  -0.038250  0.008899  0.999229  0.000136  0.009673  
113.535893 0.002930  0.084737  -0.005031  0.990891  0.071683  0.114000  -0.067013  0.996768  -0.044295  -0.116807  0.036252  0.992493  0.005235  -0.015955  -0.021390  -0.123283  -0.374647  0.350385  2.000000  0.999126  -0.015456  0.038836  0.015794  0.999840  -0.008416  -0.038700  0.009022  0.999210  0.999958  0.006778  0.006176  -0.006762  0.999974  -0.002467  -0.006193  0.002425  0.999978  1.000000  -0.000025  0.000112  0.000025  1.000000  -0.000031  -0.000112  0.000031  1.000000  0.999126  -0.015456  0.038836  0.015794  0.999840  -0.008416  -0.038700  0.009022  0.999210  0.000133  0.009490  
