1-Time 2-Px 3-Py 4-Pz 5-R11 6-R21 7-R31 8-R12 9-R22 10-R32 11-R13 12-R23 13-R33 14-Vx 15-Vy 16-Vz 17-Wx 18-Wy 19-Wz 20-state 21-PR11 22-PR21 23-PR31 24-PR12 25-PR22 26-PR32 27-PR13 28-PR23 29-PR33 
247.558711 0.010552  0.095652  -0.016628  0.996873  0.074343  -0.026795  0.012314  0.188791  0.981940  0.078059  -0.979199  0.187285  -0.002291  -0.000429  0.003574  0.000000  0.000000  0.000000  2.000000  1.000000  0.000000  0.000000  0.000000  -0.000000  1.000000  0.000000  -1.000000  -0.000000  1.000000  0.000417  0.000756  -0.000417  1.000000  0.000549  -0.000756  -0.000550  1.000000  1.000000  0.000000  0.000000  0.000000  1.000000  0.000000  0.000000  0.000000  1.000000  0.554768  0.311180  0.771621  -0.705433  -0.315798  0.634536  0.441132  -0.896347  0.044321  0.000000  0.000000  
247.559718 0.010550  0.095651  -0.016625  0.996862  0.074474  -0.026820  0.012314  0.188792  0.981940  0.078192  -0.979189  0.187283  -0.002290  -0.000429  0.003572  0.000000  0.000000  0.000000  2.000000  1.000000  0.000000  0.000000  0.000000  -0.000000  1.000000  0.000000  -1.000000  -0.000000  1.000000  0.000417  0.000756  -0.000417  1.000000  0.000549  -0.000756  -0.000550  1.000000  1.000000  0.000000  0.000000  0.000000  1.000000  0.000000  0.000000  0.000000  1.000000  1.000000  0.000000  0.000000  0.000000  -0.000000  1.000000  0.000000  -1.000000  -0.000000  0.000000  0.000000  
247.560964 0.010548  0.095649  -0.016628  0.996870  0.074587  -0.026223  0.011698  0.188865  0.981933  0.078192  -0.979166  0.187401  -0.002221  -0.000516  0.003063  0.000000  0.000000  0.000000  2.000000  1.000000  0.000000  0.000000  0.000000  -0.000000  1.000000  0.000000  -1.000000  -0.000000  0.999999  0.000626  0.001134  -0.000626  1.000000  0.000460  -0.001134  -0.000461  0.999999  1.000000  0.000000  0.000000  0.000000  1.000000  0.000000  0.000000  0.000000  1.000000  1.000000  0.000000  0.000000  0.000000  -0.000000  1.000000  0.000000  -1.000000  -0.000000  0.000000  0.000000  
247.562214 0.010547  0.095647  -0.016632  0.996877  0.074698  -0.025634  0.011083  0.189057  0.981903  0.078192  -0.979121  0.187639  -0.002078  -0.000609  0.002466  0.000000  0.000000  0.000000  2.000000  1.000000  0.000000  0.000000  0.000000  -0.000000  1.000000  0.000000  -1.000000  -0.000000  0.999999  0.000703  0.001537  -0.000703  1.000000  0.000249  -0.001537  -0.000250  0.999999  1.000000  0.000000  0.000000  0.000000  1.000000  0.000000  0.000000  0.000000  1.000000  1.000000  0.000000  0.000000  0.000000  -0.000000  1.000000  0.000000  -1.000000  -0.000000  0.000000  0.000000  
247.563216 0.010547  0.095647  -0.016635  0.996879  0.074734  -0.025441  0.010878  0.189161  0.981886  0.078192  -0.979098  0.187758  -0.001967  -0.000589  0.001981  0.000000  0.000000  0.000000  2.000000  1.000000  0.000000  0.000000  0.000000  -0.000000  1.000000  0.000000  -1.000000  -0.000000  0.999998  0.000781  0.001940  -0.000781  1.000000  0.000039  -0.001940  -0.000040  0.999998  1.000000  0.000000  0.000000  0.000000  1.000000  0.000000  0.000000  0.000000  1.000000  1.000000  0.000000  0.000000  0.000000  -0.000000  1.000000  0.000000  -1.000000  -0.000000  0.000000  0.000000  
247.564462 0.010548  0.095648  -0.016638  0.996883  0.074805  -0.025055  0.010467  0.189368  0.981850  0.078192  -0.979052  0.187995  -0.001701  -0.000485  0.001512  0.000000  0.000000  0.000000  2.000000  1.000000  0.000000  0.000000  0.000000  -0.000000  1.000000  0.000000  -1.000000  -0.000000  0.999997  0.000858  0.002343  -0.000858  1.000000  -0.000172  -0.002343  0.000170  0.999997  1.000000  0.000000  0.000000  0.000000  1.000000  0.000000  0.000000  0.000000  1.000000  1.000000  0.000000  0.000000  0.000000  -0.000000  1.000000  0.000000  -1.000000  -0.000000  0.000000  0.000000  
247.565712 0.010550  0.095650  -0.016640  0.996877  0.075008  -0.024694  0.010057  0.189577  0.981814  0.078326  -0.978997  0.188231  -0.001330  -0.000298  0.001067  0.000000  0.000000  0.000000  2.000000  1.000000  0.000000  0.000000  0.000000  -0.000000  1.000000  0.000000  -1.000000  -0.000000  0.999996  0.001068  0.002721  -0.001067  0.999999  -0.000383  -0.002721  0.000380  0.999996  1.000000  0.000000  0.000000  0.000000  1.000000  0.000000  0.000000  0.000000  1.000000  1.000000  0.000000  0.000000  0.000000  -0.000000  1.000000  0.000000  -1.000000  -0.000000  0.000000  0.000000  
247.566715 0.010553  0.095653  -0.016642  0.996873  0.075248  -0.024140  0.009441  0.189889  0.981760  0.078459  -0.978918  0.188585  -0.001003  -0.000078  0.000731  0.000000  0.000000  0.000000  2.000000  1.000000  0.000000  0.000000  0.000000  -0.000000  1.000000  0.000000  -1.000000  -0.000000  0.999995  0.001239  0.002897  -0.001236  0.999999  -0.000731  -0.002898  0.000727  0.999996  1.000000  0.000000  0.000000  0.000000  1.000000  0.000000  0.000000  0.000000  1.000000  1.000000  0.000000  0.000000  0.000000  -0.000000  1.000000  0.000000  -1.000000  -0.000000  0.000000  0.000000  
247.567962 0.010557  0.095655  -0.016644  0.996859  0.075657  -0.023410  0.008620  0.190187  0.981710  0.078726  -0.978828  0.188937  -0.000528  0.000111  0.000269  0.000000  0.000000  0.000000  2.000000  1.000000  0.000000  0.000000  0.000000  -0.000000  1.000000  0.000000  -1.000000  -0.000000  0.999992  0.001526  0.003677  -0.001523  0.999998  -0.001031  -0.003679  0.001025  0.999993  1.000000  0.000000  0.000000  0.000000  1.000000  0.000000  0.000000  0.000000  1.000000  1.000000  0.000000  0.000000  0.000000  -0.000000  1.000000  0.000000  -1.000000  -0.000000  0.000000  0.000000  
247.569211 0.010559  0.095656  -0.016649  0.996843  0.076028  -0.022882  0.008004  0.190499  0.981655  0.078993  -0.978739  0.189289  -0.000217  0.000204  -0.000356  -0.039120  -0.160383  0.071772  2.000000  1.000000  0.000000  0.000000  0.000000  -0.000000  1.000000  0.000000  -1.000000  -0.000000  0.999988  0.001946  0.004432  -0.001940  0.999997  -0.001331  -0.004434  0.001322  0.999989  1.000000  0.000000  0.000000  0.000000  1.000000  0.000000  0.000000  0.000000  1.000000  1.000000  0.000000  0.000000  0.000000  -0.000000  1.000000  0.000000  -1.000000  -0.000000  0.000045  0.000000  
247.570212 0.010560  0.095658  -0.016654  0.996837  0.076269  -0.022328  0.007388  0.190811  0.981599  0.079126  -0.978659  0.189644  0.000061  0.000351  -0.000961  -0.050020  -0.181111  0.080703  2.000000  1.000000  0.000026  0.000063  -0.000063  0.000021  1.000000  0.000026  -1.000000  0.000021  0.999985  0.002064  0.005036  -0.002056  0.999997  -0.001647  -0.005039  0.001637  0.999986  1.000000  0.000026  0.000063  -0.000026  1.000000  -0.000021  -0.000063  0.000021  1.000000  1.000000  0.000026  0.000063  -0.000063  0.000021  1.000000  0.000026  -1.000000  0.000021  0.000051  0.005685  
247.571461 0.010562  0.095658  -0.016661  0.996834  0.076586  -0.021381  0.006362  0.191209  0.981529  0.079259  -0.978557  0.190116  0.000332  0.000406  -0.001755  -0.064153  -0.207373  0.090411  2.000000  1.000000  0.000168  0.000394  -0.000394  0.000144  1.000000  0.000168  -1.000000  0.000144  0.999981  0.002447  0.005588  -0.002434  0.999995  -0.002206  -0.005594  0.002192  0.999982  1.000000  0.000031  0.000070  -0.000031  1.000000  -0.000027  -0.000070  0.000027  1.000000  1.000000  0.000168  0.000394  -0.000394  0.000144  1.000000  0.000168  -1.000000  0.000144  0.000057  0.006485  
247.572470 0.010564  0.095659  -0.016669  0.996827  0.076825  -0.020837  0.005746  0.191639  0.981449  0.079393  -0.978454  0.190589  0.000654  0.000438  -0.002508  -0.082854  -0.226718  0.098745  2.000000  1.000000  0.000297  0.000690  -0.000690  0.000268  1.000000  0.000296  -1.000000  0.000268  0.999977  0.002698  0.006166  -0.002682  0.999993  -0.002644  -0.006173  0.002627  0.999977  1.000000  0.000034  0.000077  -0.000034  1.000000  -0.000033  -0.000077  0.000033  1.000000  1.000000  0.000297  0.000690  -0.000690  0.000268  1.000000  0.000296  -1.000000  0.000268  0.000063  0.007228  
247.573710 0.010567  0.095659  -0.016679  0.996811  0.077272  -0.019925  0.004720  0.192156  0.981353  0.079660  -0.978318  0.191178  0.000984  0.000502  -0.003381  -0.100499  -0.258888  0.114218  2.000000  0.999999  0.000481  0.001112  -0.001112  0.000452  0.999999  0.000480  -1.000000  0.000453  0.999970  0.003160  0.007120  -0.003138  0.999990  -0.003171  -0.007130  0.003149  0.999970  1.000000  0.000039  0.000089  -0.000039  1.000000  -0.000040  -0.000089  0.000039  1.000000  0.999999  0.000481  0.001112  -0.001112  0.000452  0.999999  0.000480  -1.000000  0.000453  0.000073  0.008407  
247.574717 0.010570  0.095659  -0.016688  0.996793  0.077680  -0.019215  0.003899  0.192688  0.981252  0.079926  -0.978180  0.191768  0.001333  0.000526  -0.004238  -0.118639  -0.284170  0.128350  2.000000  0.999999  0.000603  0.001399  -0.001399  0.000583  0.999999  0.000602  -1.000000  0.000583  0.999963  0.003322  0.007924  -0.003293  0.999988  -0.003714  -0.007936  0.003687  0.999962  1.000000  0.000041  0.000099  -0.000041  1.000000  -0.000046  -0.000099  0.000046  1.000000  0.999999  0.000603  0.001399  -0.001399  0.000583  0.999999  0.000602  -1.000000  0.000583  0.000081  0.009355  
247.575964 0.010574  0.095661  -0.016700  0.996775  0.078087  -0.018515  0.003078  0.193339  0.981127  0.080193  -0.978020  0.192475  0.001710  0.000775  -0.004855  -0.141416  -0.302724  0.141228  2.000000  0.999998  0.000830  0.001930  -0.001930  0.000836  0.999998  0.000829  -0.999999  0.000838  0.999953  0.003788  0.008877  -0.003749  0.999983  -0.004362  -0.008893  0.004329  0.999951  1.000000  0.000047  0.000111  -0.000047  1.000000  -0.000054  -0.000111  0.000054  1.000000  0.999998  0.000830  0.001930  -0.001930  0.000836  0.999998  0.000829  -0.999999  0.000838  0.000090  0.010585  
247.577214 0.010579  0.095664  -0.016711  0.996767  0.078404  -0.017588  0.002052  0.193973  0.981005  0.080326  -0.977869  0.193185  0.002093  0.001093  -0.005240  -0.167163  -0.336517  0.147901  2.000000  0.999996  0.001082  0.002500  -0.002501  0.001141  0.999996  0.001079  -0.999999  0.001143  0.999947  0.004175  0.009427  -0.004127  0.999978  -0.005164  -0.009448  0.005125  0.999942  1.000000  0.000052  0.000118  -0.000052  1.000000  -0.000064  -0.000118  0.000064  1.000000  0.999996  0.001082  0.002500  -0.002501  0.001141  0.999996  0.001079  -0.999999  0.001143  0.000099  0.011522  
247.578463 0.010584  0.095666  -0.016721  0.996747  0.078851  -0.016697  0.001026  0.194725  0.980857  0.080593  -0.977683  0.194011  0.002447  0.001279  -0.005639  -0.192922  -0.368608  0.163483  2.000000  0.999994  0.001358  0.003125  -0.003128  0.001489  0.999994  0.001353  -0.999998  0.001493  0.999935  0.004645  0.010378  -0.004583  0.999972  -0.005934  -0.010405  0.005887  0.999929  1.000000  0.000058  0.000130  -0.000058  1.000000  -0.000074  -0.000130  0.000074  1.000000  0.999994  0.001358  0.003125  -0.003128  0.001489  0.999994  0.001353  -0.999998  0.001493  0.000110  0.012814  
247.579718 0.010589  0.095668  -0.016732  0.996736  0.079167  -0.015790  0.000000  0.195596  0.980685  0.080726  -0.977484  0.194958  0.002704  0.001263  -0.006327  -0.222710  -0.401417  0.174651  2.000000  0.999991  0.001658  0.003811  -0.003815  0.001886  0.999991  0.001651  -0.999997  0.001892  0.999923  0.004984  0.011354  -0.004908  0.999965  -0.006705  -0.011387  0.006649  0.999913  1.000000  0.000062  0.000142  -0.000062  1.000000  -0.000083  -0.000142  0.000083  1.000000  0.999991  0.001658  0.003811  -0.003815  0.001886  0.999991  0.001651  -0.999997  0.001892  0.000120  0.014084  
247.580960 0.010595  0.095669  -0.016746  0.996725  0.079485  -0.014884  -0.001026  0.196466  0.980510  0.080860  -0.977284  0.195904  0.002946  0.001186  -0.007144  -0.257227  -0.427654  0.184583  2.000000  0.999988  0.001973  0.004549  -0.004554  0.002336  0.999987  0.001963  -0.999995  0.002345  0.999915  0.005115  0.011953  -0.005026  0.999959  -0.007506  -0.011991  0.007445  0.999900  1.000000  0.000063  0.000150  -0.000063  1.000000  -0.000093  -0.000150  0.000093  1.000000  0.999988  0.001973  0.004549  -0.004554  0.002336  0.999987  0.001963  -0.999995  0.002345  0.000131  0.014998  
247.581961 0.010600  0.095670  -0.016758  0.996713  0.079765  -0.014170  -0.001847  0.197232  0.980355  0.080993  -0.977106  0.196731  0.003099  0.001136  -0.007872  -0.283523  -0.453765  0.194486  2.000000  0.999984  0.002237  0.005161  -0.005167  0.002731  0.999983  0.002223  -0.999994  0.002743  0.999910  0.005337  0.012325  -0.005236  0.999953  -0.008202  -0.012368  0.008137  0.999890  1.000000  0.000066  0.000154  -0.000066  1.000000  -0.000102  -0.000154  0.000102  1.000000  0.999984  0.002237  0.005161  -0.005167  0.002731  0.999983  0.002223  -0.999994  0.002743  0.000140  0.015721  
247.583209 0.010604  0.095670  -0.016777  0.996700  0.080045  -0.013467  -0.002667  0.198118  0.980175  0.081127  -0.976904  0.197677  0.003162  0.000994  -0.008763  -0.313919  -0.479898  0.204459  2.000000  0.999980  0.002511  0.005786  -0.005794  0.003169  0.999978  0.002492  -0.999992  0.003184  0.999904  0.005563  0.012695  -0.005447  0.999943  -0.009141  -0.012745  0.009071  0.999878  1.000000  0.000069  0.000159  -0.000069  1.000000  -0.000114  -0.000159  0.000114  1.000000  0.999980  0.002511  0.005786  -0.005794  0.003169  0.999978  0.002492  -0.999992  0.003184  0.000150  0.016584  
247.584210 0.010608  0.095670  -0.016792  0.996687  0.080327  -0.012764  -0.003488  0.199002  0.979993  0.081260  -0.976701  0.198623  0.003264  0.000887  -0.009564  -0.344246  -0.506844  0.210027  2.000000  0.999975  0.002797  0.006433  -0.006443  0.003640  0.999973  0.002773  -0.999989  0.003658  0.999898  0.005786  0.013066  -0.005659  0.999937  -0.009716  -0.013121  0.009641  0.999867  1.000000  0.000072  0.000164  -0.000072  1.000000  -0.000121  -0.000164  0.000121  1.000000  0.999975  0.002797  0.006433  -0.006443  0.003640  0.999973  0.002773  -0.999989  0.003658  0.000160  0.017259  
247.585457 0.010612  0.095668  -0.016813  0.996660  0.080821  -0.011695  -0.004719  0.199971  0.979790  0.081527  -0.976463  0.199685  0.003441  0.000696  -0.010498  -0.381682  -0.545669  0.227161  2.000000  0.999968  0.003177  0.007287  -0.007301  0.004275  0.999964  0.003145  -0.999986  0.004298  0.999882  0.006266  0.014011  -0.006118  0.999925  -0.010608  -0.014077  0.010521  0.999846  1.000000  0.000077  0.000176  -0.000077  1.000000  -0.000132  -0.000176  0.000132  1.000000  0.999968  0.003177  0.007287  -0.007301  0.004275  0.999964  0.003145  -0.999986  0.004298  0.000173  0.018634  
247.586460 0.010616  0.095666  -0.016829  0.996634  0.081238  -0.011010  -0.005540  0.200735  0.979630  0.081793  -0.976271  0.200509  0.003592  0.000545  -0.011208  -0.408495  -0.564133  0.240247  2.000000  0.999962  0.003494  0.007997  -0.008014  0.004820  0.999956  0.003456  -0.999982  0.004848  0.999876  0.006360  0.014408  -0.006199  0.999918  -0.011182  -0.014478  0.011091  0.999834  1.000000  0.000079  0.000181  -0.000078  1.000000  -0.000139  -0.000181  0.000139  1.000000  0.999962  0.003494  0.007997  -0.008014  0.004820  0.999956  0.003456  -0.999982  0.004848  0.000182  0.019290  
247.587462 0.010619  0.095665  -0.016846  0.996618  0.081525  -0.010300  -0.006361  0.201499  0.979468  0.081927  -0.976090  0.201336  0.003673  0.000398  -0.011844  -0.434779  -0.590215  0.250276  2.000000  0.999955  0.003815  0.008714  -0.008735  0.005389  0.999947  0.003767  -0.999978  0.005423  0.999876  0.006372  0.014402  -0.006205  0.999913  -0.011663  -0.014475  0.011572  0.999828  1.000000  0.000079  0.000180  -0.000079  1.000000  -0.000145  -0.000181  0.000145  1.000000  0.999955  0.003815  0.008714  -0.008735  0.005389  0.999947  0.003767  -0.999978  0.005423  0.000191  0.019571  
247.588715 0.010623  0.095661  -0.016866  0.996589  0.081983  -0.009435  -0.007386  0.202482  0.979258  0.082193  -0.975848  0.202397  0.003765  0.000146  -0.012618  -0.469102  -0.622785  0.266436  2.000000  0.999945  0.004219  0.009623  -0.009649  0.006137  0.999935  0.004159  -0.999972  0.006177  0.999873  0.006429  0.014596  -0.006249  0.999904  -0.012371  -0.014674  0.012278  0.999817  1.000000  0.000079  0.000183  -0.000079  1.000000  -0.000154  -0.000183  0.000154  1.000000  0.999945  0.004219  0.009623  -0.009649  0.006137  0.999935  0.004159  -0.999972  0.006177  0.000203  0.020157  
247.589720 0.010626  0.095658  -0.016881  0.996561  0.082403  -0.008763  -0.008207  0.203363  0.979069  0.082460  -0.975630  0.203339  0.003752  -0.000103  -0.012931  -0.499341  -0.641297  0.274876  2.000000  0.999936  0.004546  0.010364  -0.010395  0.006767  0.999923  0.004476  -0.999967  0.006814  0.999866  0.006527  0.014992  -0.006333  0.999896  -0.012944  -0.015075  0.012847  0.999804  1.000000  0.000080  0.000188  -0.000080  1.000000  -0.000161  -0.000188  0.000161  1.000000  0.999936  0.004546  0.010364  -0.010395  0.006767  0.999923  0.004476  -0.999967  0.006814  0.000213  0.020825  
247.590967 0.010631  0.095655  -0.016900  0.996541  0.082732  -0.007892  -0.009232  0.204583  0.978806  0.082593  -0.975347  0.204639  0.003781  -0.000451  -0.013376  -0.534419  -0.660611  0.283916  2.000000  0.999926  0.004886  0.011121  -0.011157  0.007439  0.999910  0.004803  -0.999960  0.007493  0.999859  0.006761  0.015357  -0.006548  0.999882  -0.013880  -0.015449  0.013778  0.999786  1.000000  0.000083  0.000193  -0.000083  1.000000  -0.000173  -0.000193  0.000173  1.000000  0.999926  0.004886  0.011121  -0.011157  0.007439  0.999910  0.004803  -0.999960  0.007493  0.000222  0.021745  
247.591992 0.010635  0.095652  -0.016914  0.996510  0.083155  -0.007222  -0.010053  0.205462  0.978614  0.082860  -0.975126  0.205581  0.003780  -0.000768  -0.013759  -0.561798  -0.664836  0.294188  2.000000  0.999916  0.005230  0.011887  -0.011929  0.008145  0.999896  0.005133  -0.999953  0.008206  0.999859  0.006776  0.015350  -0.006554  0.999874  -0.014484  -0.015447  0.014382  0.999777  1.000000  0.000083  0.000192  -0.000083  1.000000  -0.000180  -0.000193  0.000180  1.000000  0.999916  0.005230  0.011887  -0.011929  0.008145  0.999896  0.005133  -0.999953  0.008206  0.000229  0.022134  
247.593214 0.010639  0.095649  -0.016934  0.996489  0.083488  -0.006353  -0.011078  0.206680  0.978346  0.082993  -0.974840  0.206879  0.003785  -0.001134  -0.014475  -0.595827  -0.685655  0.302287  2.000000  0.999904  0.005581  0.012667  -0.012716  0.008886  0.999880  0.005468  -0.999945  0.008957  0.999852  0.007012  0.015715  -0.006771  0.999860  -0.015300  -0.015820  0.015191  0.999759  1.000000  0.000086  0.000197  -0.000086  1.000000  -0.000191  -0.000197  0.000191  1.000000  0.999904  0.005581  0.012667  -0.012716  0.008886  0.999880  0.005468  -0.999945  0.008957  0.000237  0.022992  
247.594464 0.010645  0.095646  -0.016956  0.996465  0.083825  -0.005476  -0.012104  0.207779  0.978101  0.083127  -0.974578  0.208059  0.003804  -0.001445  -0.015160  -0.631616  -0.710456  0.313794  2.000000  0.999889  0.006020  0.013647  -0.013706  0.009856  0.999857  0.005885  -0.999933  0.009938  0.999852  0.006900  0.015734  -0.006650  0.999851  -0.015902  -0.015841  0.015795  0.999750  1.000000  0.000085  0.000197  -0.000085  1.000000  -0.000198  -0.000197  0.000198  1.000000  0.999889  0.006020  0.013647  -0.013706  0.009856  0.999857  0.005885  -0.999933  0.009938  0.000248  0.023376  
247.595714 0.010649  0.095642  -0.016980  0.996441  0.084163  -0.004609  -0.013130  0.208996  0.977828  0.083260  -0.974288  0.209357  0.003689  -0.001794  -0.015763  -0.669385  -0.724184  0.314119  2.000000  0.999872  0.006452  0.014618  -0.014688  0.010860  0.999833  0.006292  -0.999920  0.010953  0.999856  0.006747  0.015552  -0.006492  0.999844  -0.016398  -0.015660  0.016295  0.999745  1.000000  0.000083  0.000195  -0.000083  1.000000  -0.000204  -0.000195  0.000204  1.000000  0.999872  0.006452  0.014618  -0.014688  0.010860  0.999833  0.006292  -0.999920  0.010953  0.000257  0.023552  
247.596965 0.010653  0.095638  -0.017005  0.996408  0.084590  -0.003983  -0.013950  0.210346  0.977528  0.083527  -0.973961  0.210770  0.003539  -0.002225  -0.016529  -0.699484  -0.723390  0.317801  2.000000  0.999855  0.006876  0.015582  -0.015663  0.011897  0.999807  0.006689  -0.999906  0.012003  0.999857  0.006637  0.015571  -0.006372  0.999835  -0.017001  -0.015681  0.016899  0.999734  1.000000  0.000081  0.000195  -0.000081  1.000000  -0.000212  -0.000195  0.000212  1.000000  0.999855  0.006876  0.015582  -0.015663  0.011897  0.999807  0.006689  -0.999906  0.012003  0.000262  0.023956  
247.597965 0.010656  0.095636  -0.017026  0.996385  0.084890  -0.003299  -0.014770  0.211341  0.977301  0.083660  -0.973719  0.211831  0.003516  -0.002362  -0.016873  -0.727272  -0.730796  0.315251  2.000000  0.999844  0.007135  0.016168  -0.016256  0.012544  0.999789  0.006930  -0.999896  0.012658  0.999853  0.006830  0.015735  -0.006551  0.999822  -0.017710  -0.015853  0.017604  0.999719  1.000000  0.000084  0.000197  -0.000084  1.000000  -0.000221  -0.000197  0.000221  1.000000  0.999844  0.007135  0.016168  -0.016256  0.012544  0.999789  0.006930  -0.999896  0.012658  0.000268  0.024619  
247.599208 0.010660  0.095633  -0.017050  0.996361  0.085191  -0.002636  -0.015591  0.212573  0.977021  0.083793  -0.973425  0.213127  0.003495  -0.002415  -0.017175  -0.752548  -0.738044  0.316091  2.000000  0.999824  0.007567  0.017147  -0.017250  0.013656  0.999758  0.007331  -0.999878  0.013784  0.999853  0.006718  0.015755  -0.006433  0.999816  -0.018070  -0.015873  0.017966  0.999713  1.000000  0.000082  0.000198  -0.000082  1.000000  -0.000225  -0.000198  0.000225  1.000000  0.999824  0.007567  0.017147  -0.017250  0.013656  0.999758  0.007331  -0.999878  0.013784  0.000275  0.024861  
247.600211 0.010663  0.095632  -0.017069  0.996326  0.085624  -0.001982  -0.016411  0.213565  0.976791  0.084060  -0.973169  0.214185  0.003477  -0.002450  -0.017375  -0.776029  -0.743538  0.322354  2.000000  0.999808  0.007914  0.017920  -0.018034  0.014568  0.999731  0.007650  -0.999863  0.014708  0.999857  0.006693  0.015546  -0.006404  0.999807  -0.018569  -0.015667  0.018466  0.999707  1.000000  0.000082  0.000195  -0.000082  1.000000  -0.000232  -0.000195  0.000231  1.000000  0.999808  0.007914  0.017920  -0.018034  0.014568  0.999731  0.007650  -0.999863  0.014708  0.000279  0.025089  
247.601211 0.010667  0.095631  -0.017087  0.996304  0.085884  -0.001511  -0.017026  0.214694  0.976533  0.084193  -0.972898  0.215363  0.003466  -0.002379  -0.017486  -0.807990  -0.735952  0.322872  2.000000  0.999791  0.008265  0.018691  -0.018818  0.015498  0.999703  0.007973  -0.999846  0.015651  0.999856  0.006841  0.015509  -0.006547  0.999799  -0.018930  -0.015636  0.018826  0.999701  1.000000  0.000084  0.000195  -0.000084  1.000000  -0.000236  -0.000195  0.000236  1.000000  0.999791  0.008265  0.018691  -0.018818  0.015498  0.999703  0.007973  -0.999846  0.015651  0.000284  0.025374  
247.602212 0.010669  0.095629  -0.017106  0.996278  0.086190  -0.000841  -0.017846  0.215805  0.976273  0.084327  -0.972625  0.216540  0.003411  -0.002365  -0.017565  -0.828383  -0.742999  0.323570  2.000000  0.999774  0.008618  0.019451  -0.019591  0.016450  0.999673  0.008295  -0.999828  0.016615  0.999860  0.006816  0.015301  -0.006520  0.999792  -0.019308  -0.015429  0.019205  0.999697  1.000000  0.000083  0.000192  -0.000083  1.000000  -0.000241  -0.000192  0.000241  1.000000  0.999774  0.008618  0.019451  -0.019591  0.016450  0.999673  0.008295  -0.999828  0.016615  0.000288  0.025524  
247.603459 0.010672  0.095626  -0.017130  0.996241  0.086628  -0.000221  -0.018666  0.217150  0.975960  0.084593  -0.972287  0.217951  0.003340  -0.002387  -0.017851  -0.857192  -0.736088  0.322988  2.000000  0.999751  0.009063  0.020397  -0.020555  0.017663  0.999633  0.008699  -0.999803  0.017845  0.999863  0.006795  0.015089  -0.006497  0.999785  -0.019686  -0.015220  0.019585  0.999692  1.000000  0.000083  0.000189  -0.000083  1.000000  -0.000245  -0.000189  0.000245  1.000000  0.999751  0.009063  0.020397  -0.020555  0.017663  0.999633  0.008699  -0.999803  0.017845  0.000293  0.025681  
247.604462 0.010674  0.095623  -0.017151  0.996225  0.086807  0.000478  -0.019486  0.218263  0.975696  0.084593  -0.972022  0.219130  0.003228  -0.002389  -0.018213  -0.877242  -0.736612  0.319249  2.000000  0.999732  0.009419  0.021144  -0.021317  0.018648  0.999599  0.009021  -0.999782  0.018844  0.999863  0.006813  0.015081  -0.006510  0.999778  -0.020047  -0.015214  0.019946  0.999685  1.000000  0.000083  0.000189  -0.000083  1.000000  -0.000250  -0.000189  0.000250  1.000000  0.999732  0.009419  0.021144  -0.021317  0.018648  0.999599  0.009021  -0.999782  0.018844  0.000298  0.025959  
247.605465 0.010675  0.095620  -0.017173  0.996197  0.087119  0.001146  -0.020307  0.219372  0.975430  0.084727  -0.971744  0.220307  0.003093  -0.002426  -0.018795  -0.901106  -0.736473  0.316741  2.000000  0.999717  0.009688  0.021707  -0.021892  0.019403  0.999572  0.009263  -0.999765  0.019609  0.999863  0.006831  0.015073  -0.006521  0.999768  -0.020530  -0.015209  0.020429  0.999676  1.000000  0.000083  0.000189  -0.000083  1.000000  -0.000256  -0.000189  0.000256  1.000000  0.999717  0.009688  0.021707  -0.021892  0.019403  0.999572  0.009263  -0.999765  0.019609  0.000301  0.026333  
247.606465 0.010677  0.095617  -0.017195  0.996173  0.087386  0.001613  -0.020922  0.220498  0.975163  0.084860  -0.971465  0.221483  0.002941  -0.002469  -0.019340  -0.921509  -0.737251  0.313071  2.000000  0.999698  0.010040  0.022447  -0.022648  0.020432  0.999535  0.009577  -0.999741  0.020653  0.999866  0.006804  0.014864  -0.006493  0.999760  -0.020908  -0.015003  0.020809  0.999671  1.000000  0.000083  0.000187  -0.000083  1.000000  -0.000261  -0.000187  0.000261  1.000000  0.999698  0.010040  0.022447  -0.022648  0.020432  0.999535  0.009577  -0.999741  0.020653  0.000305  0.026504  
247.607717 0.010679  0.095612  -0.017225  0.996140  0.087747  0.002460  -0.021947  0.221824  0.974840  0.084993  -0.971131  0.222894  0.002744  -0.002571  -0.019984  -0.945746  -0.736807  0.313835  2.000000  0.999672  0.010477  0.023368  -0.023592  0.021738  0.999485  0.009963  -0.999709  0.021978  0.999867  0.006696  0.014884  -0.006378  0.999753  -0.021268  -0.015022  0.021170  0.999663  1.000000  0.000082  0.000187  -0.000082  1.000000  -0.000265  -0.000187  0.000265  1.000000  0.999672  0.010477  0.023368  -0.023592  0.021738  0.999485  0.009963  -0.999709  0.021978  0.000308  0.026772  
247.608966 0.010683  0.095608  -0.017252  0.996094  0.088240  0.003254  -0.022972  0.223383  0.974460  0.085260  -0.970728  0.224538  0.002672  -0.002628  -0.020413  -0.970263  -0.736575  0.314901  2.000000  0.999645  0.010910  0.024290  -0.024536  0.023073  0.999433  0.010343  -0.999674  0.023333  0.999867  0.006589  0.014903  -0.006262  0.999741  -0.021870  -0.015043  0.021774  0.999650  1.000000  0.000080  0.000187  -0.000080  1.000000  -0.000273  -0.000187  0.000273  1.000000  0.999645  0.010910  0.024290  -0.024536  0.023073  0.999433  0.010343  -0.999674  0.023333  0.000313  0.027237  
247.610215 0.010686  0.095605  -0.017280  0.996052  0.088690  0.003856  -0.023791  0.224840  0.974105  0.085527  -0.970351  0.226063  0.002590  -0.002627  -0.020667  -0.990767  -0.728246  0.318676  2.000000  0.999618  0.011346  0.025199  -0.025470  0.024445  0.999377  0.010723  -0.999637  0.024725  0.999871  0.006568  0.014691  -0.006238  0.999730  -0.022368  -0.014834  0.022273  0.999642  1.000000  0.000080  0.000185  -0.000080  1.000000  -0.000279  -0.000185  0.000279  1.000000  0.999618  0.011346  0.025199  -0.025470  0.024445  0.999377  0.010723  -0.999637  0.024725  0.000317  0.027519  
247.611465 0.010691  0.095602  -0.017306  0.996009  0.089142  0.004457  -0.024611  0.226297  0.973747  0.085793  -0.969971  0.227587  0.002587  -0.002501  -0.020723  -1.011493  -0.720078  0.322503  2.000000  0.999590  0.011782  0.026097  -0.026394  0.025828  0.999318  0.011100  -0.999597  0.026128  0.999874  0.006544  0.014481  -0.006219  0.999730  -0.022380  -0.014623  0.022287  0.999645  1.000000  0.000080  0.000182  -0.000080  1.000000  -0.000279  -0.000182  0.000279  1.000000  0.999590  0.011782  0.026097  -0.026394  0.025828  0.999318  0.011100  -0.999597  0.026128  0.000321  0.027413  
247.612715 0.010695  0.095600  -0.017332  0.995972  0.089514  0.005277  -0.025636  0.227855  0.973358  0.085926  -0.969572  0.229232  0.002652  -0.002404  -0.020828  -1.031230  -0.726381  0.324994  2.000000  0.999567  0.012136  0.026807  -0.027126  0.026955  0.999269  0.011405  -0.999563  0.027273  0.999873  0.006697  0.014440  -0.006364  0.999716  -0.022984  -0.014589  0.022889  0.999632  1.000000  0.000082  0.000181  -0.000082  1.000000  -0.000287  -0.000181  0.000287  1.000000  0.999567  0.012136  0.026807  -0.027126  0.026955  0.999269  0.011405  -0.999563  0.027273  0.000325  0.027921  
247.613965 0.010700  0.095598  -0.017359  0.995922  0.090017  0.006076  -0.026660  0.229290  0.972993  0.086193  -0.969187  0.230755  0.002674  -0.002398  -0.020948  -1.047375  -0.724964  0.330351  2.000000  0.999543  0.012493  0.027518  -0.027861  0.028106  0.999217  0.011710  -0.999527  0.028441  0.999873  0.006721  0.014428  -0.006383  0.999707  -0.023344  -0.014581  0.023249  0.999623  1.000000  0.000082  0.000181  -0.000082  1.000000  -0.000291  -0.000181  0.000291  1.000000  0.999543  0.012493  0.027518  -0.027861  0.028106  0.999217  0.011710  -0.999527  0.028441  0.000329  0.028218  
247.615212 0.010704  0.095594  -0.017387  0.995882  0.090396  0.006871  -0.027685  0.231082  0.972540  0.086326  -0.968726  0.232633  0.002722  -0.002553  -0.021286  -1.076346  -0.718703  0.325565  2.000000  0.999513  0.012945  0.028405  -0.028778  0.029566  0.999148  0.012094  -0.999479  0.029924  0.999873  0.006748  0.014415  -0.006401  0.999693  -0.023948  -0.014573  0.023853  0.999609  1.000000  0.000082  0.000181  -0.000082  1.000000  -0.000299  -0.000181  0.000299  1.000000  0.999513  0.012945  0.028405  -0.028778  0.029566  0.999148  0.012094  -0.999479  0.029924  0.000333  0.028718  
247.616212 0.010707  0.095591  -0.017410  0.995847  0.090726  0.007520  -0.028505  0.232301  0.972226  0.086460  -0.968403  0.233922  0.002678  -0.002706  -0.021609  -1.092607  -0.719389  0.321991  2.000000  0.999488  0.013308  0.029114  -0.029512  0.030756  0.999091  0.012401  -0.999438  0.031133  0.999873  0.006767  0.014406  -0.006417  0.999687  -0.024188  -0.014565  0.024093  0.999604  1.000000  0.000082  0.000181  -0.000082  1.000000  -0.000302  -0.000181  0.000302  1.000000  0.999488  0.013308  0.029114  -0.029512  0.030756  0.999091  0.012401  -0.999438  0.031133  0.000336  0.028919  
247.617461 0.010711  0.095586  -0.017440  0.995806  0.091109  0.008334  -0.029530  0.233854  0.971823  0.086593  -0.967993  0.235564  0.002711  -0.002843  -0.022030  -1.111224  -0.719719  0.321745  2.000000  0.999455  0.013767  0.030000  -0.030432  0.032269  0.999016  0.012785  -0.999384  0.032671  0.999870  0.006839  0.014594  -0.006480  0.999678  -0.024534  -0.014757  0.024436  0.999592  1.000000  0.000083  0.000183  -0.000083  1.000000  -0.000306  -0.000183  0.000306  1.000000  0.999455  0.013767  0.030000  -0.030432  0.032269  0.999016  0.012785  -0.999384  0.032671  0.000340  0.029317  
247.618461 0.010713  0.095582  -0.017465  0.995764  0.091525  0.008738  -0.030144  0.235204  0.971478  0.086860  -0.967627  0.236967  0.002733  -0.002966  -0.022365  -1.133860  -0.711949  0.322357  2.000000  0.999429  0.014135  0.030704  -0.031163  0.033486  0.998953  0.013092  -0.999339  0.033908  0.999877  0.006764  0.014185  -0.006414  0.999678  -0.024563  -0.014347  0.024469  0.999598  1.000000  0.000082  0.000178  -0.000082  1.000000  -0.000306  -0.000178  0.000306  1.000000  0.999429  0.014135  0.030704  -0.031163  0.033486  0.998953  0.013092  -0.999339  0.033908  0.000343  0.029124  
247.619717 0.010715  0.095576  -0.017496  0.995710  0.092044  0.009508  -0.031168  0.236869  0.971042  0.087126  -0.967172  0.238721  0.002748  -0.003069  -0.022684  -1.151886  -0.712196  0.322157  2.000000  0.999395  0.014599  0.031572  -0.032067  0.035027  0.998872  0.013476  -0.999280  0.035474  0.999876  0.006919  0.014141  -0.006562  0.999662  -0.025167  -0.014310  0.025071  0.999583  1.000000  0.000084  0.000178  -0.000084  1.000000  -0.000314  -0.000178  0.000314  1.000000  0.999395  0.014599  0.031572  -0.032067  0.035027  0.998872  0.013476  -0.999280  0.035474  0.000347  0.029648  
247.620963 0.010718  0.095570  -0.017527  0.995642  0.092693  0.010254  -0.032192  0.238410  0.970631  0.087526  -0.966731  0.240355  0.002772  -0.003179  -0.022855  -1.163846  -0.709719  0.331939  2.000000  0.999360  0.015076  0.032448  -0.032982  0.036587  0.998786  0.013870  -0.999217  0.037061  0.999873  0.006992  0.014328  -0.006627  0.999656  -0.025389  -0.014500  0.025291  0.999575  1.000000  0.000085  0.000180  -0.000085  1.000000  -0.000317  -0.000180  0.000317  1.000000  0.999360  0.015076  0.032448  -0.032982  0.036587  0.998786  0.013870  -0.999217  0.037061  0.000350  0.029942  
247.622214 0.010721  0.095566  -0.017557  0.995592  0.093166  0.010831  -0.033011  0.239973  0.970218  0.087793  -0.966299  0.241991  0.002820  -0.003235  -0.022952  -1.184200  -0.702555  0.333157  2.000000  0.999331  0.015470  0.033152  -0.033717  0.037862  0.998714  0.014195  -0.999163  0.038358  0.999869  0.007326  0.014450  -0.006950  0.999642  -0.025855  -0.014634  0.025751  0.999561  1.000000  0.000089  0.000182  -0.000089  1.000000  -0.000323  -0.000182  0.000323  1.000000  0.999331  0.015470  0.033152  -0.033717  0.037862  0.998714  0.014195  -0.999163  0.038358  0.000353  0.030471  
247.623465 0.010724  0.095561  -0.017587  0.995522  0.093822  0.011562  -0.034035  0.241629  0.969772  0.088192  -0.965822  0.243740  0.002841  -0.003270  -0.023082  -1.196233  -0.699916  0.341185  2.000000  0.999293  0.015973  0.034033  -0.034641  0.039471  0.998620  0.014607  -0.999093  0.039996  0.999869  0.007352  0.014436  -0.006971  0.999632  -0.026214  -0.014623  0.026110  0.999552  1.000000  0.000090  0.000182  -0.000090  1.000000  -0.000327  -0.000182  0.000327  1.000000  0.999293  0.015973  0.034033  -0.034641  0.039471  0.998620  0.014607  -0.999093  0.039996  0.000356  0.030776  
247.624728 0.010728  0.095556  -0.017616  0.995474  0.094223  0.012356  -0.035059  0.243291  0.969319  0.088326  -0.965366  0.245494  0.002836  -0.003324  -0.023151  -1.214106  -0.699065  0.339080  2.000000  0.999254  0.016488  0.034919  -0.035572  0.041096  0.998522  0.015028  -0.999019  0.041652  0.999865  0.007558  0.014588  -0.007170  0.999625  -0.026438  -0.014783  0.026330  0.999544  1.000000  0.000092  0.000184  -0.000092  1.000000  -0.000330  -0.000184  0.000330  1.000000  0.999254  0.016488  0.034919  -0.035572  0.041096  0.998522  0.015028  -0.999019  0.041652  0.000360  0.031086  
247.625738 0.010731  0.095553  -0.017640  0.995422  0.094700  0.012951  -0.035878  0.244615  0.968956  0.088592  -0.964985  0.246893  0.002885  -0.003380  -0.023245  -1.229535  -0.704250  0.345845  2.000000  0.999230  0.016804  0.035457  -0.036138  0.042089  0.998460  0.015286  -0.998973  0.042664  0.999861  0.007759  0.014743  -0.007359  0.999608  -0.027027  -0.014947  0.026915  0.999526  1.000000  0.000095  0.000186  -0.000094  1.000000  -0.000337  -0.000186  0.000337  1.000000  0.999230  0.016804  0.035457  -0.036138  0.042089  0.998460  0.015286  -0.998973  0.042664  0.000363  0.031706  
247.626961 0.010735  0.095549  -0.017670  0.995372  0.095106  0.013742  -0.036902  0.246275  0.968497  0.088725  -0.964522  0.248645  0.002884  -0.003488  -0.023636  -1.239870  -0.705112  0.345895  2.000000  0.999197  0.017234  0.036175  -0.036894  0.043426  0.998375  0.015635  -0.998908  0.044027  0.999857  0.007966  0.014894  -0.007558  0.999600  -0.027251  -0.015105  0.027134  0.999518  1.000000  0.000097  0.000188  -0.000097  1.000000  -0.000340  -0.000188  0.000340  1.000000  0.999197  0.017234  0.036175  -0.036894  0.043426  0.998375  0.015635  -0.998908  0.044027  0.000367  0.032016  
247.627961 0.010739  0.095546  -0.017694  0.995318  0.095586  0.014346  -0.037721  0.247479  0.968159  0.088992  -0.964167  0.249926  0.002869  -0.003606  -0.023822  -1.247836  -0.703664  0.351096  2.000000  0.999163  0.017673  0.036900  -0.037660  0.044778  0.998287  0.015990  -0.998841  0.045406  0.999857  0.007988  0.014882  -0.007577  0.999593  -0.027491  -0.015096  0.027374  0.999511  1.000000  0.000097  0.000187  -0.000097  1.000000  -0.000343  -0.000187  0.000343  1.000000  0.999163  0.017673  0.036900  -0.037660  0.044778  0.998287  0.015990  -0.998841  0.045406  0.000369  0.032220  
247.629218 0.010743  0.095541  -0.017726  0.995247  0.096177  0.015300  -0.038949  0.249112  0.967691  0.089259  -0.963687  0.251674  0.002833  -0.003746  -0.024098  -1.265111  -0.715347  0.356698  2.000000  0.999118  0.018233  0.037813  -0.038625  0.046479  0.998172  0.016442  -0.998753  0.047142  0.999853  0.008194  0.015033  -0.007775  0.999586  -0.027714  -0.015254  0.027593  0.999503  1.000000  0.000100  0.000189  -0.000100  1.000000  -0.000346  -0.000189  0.000346  1.000000  0.999118  0.018233  0.037813  -0.038625  0.046479  0.998172  0.016442  -0.998753  0.047142  0.000373  0.032530  
247.630465 0.010747  0.095536  -0.017757  0.995182  0.096723  0.016041  -0.039973  0.250880  0.967193  0.089525  -0.963174  0.253537  0.002792  -0.003869  -0.024236  -1.283340  -0.715119  0.361085  2.000000  0.999082  0.018691  0.038550  -0.039407  0.047865  0.998076  0.016810  -0.998679  0.048558  0.999850  0.008275  0.015215  -0.007842  0.999569  -0.028299  -0.015443  0.028176  0.999484  1.000000  0.000101  0.000192  -0.000101  1.000000  -0.000353  -0.000192  0.000353  1.000000  0.999082  0.018691  0.038550  -0.039407  0.047865  0.998076  0.016810  -0.998679  0.048558  0.000377  0.033131  
247.631718 0.010750  0.095529  -0.017787  0.995116  0.097269  0.016792  -0.040996  0.252529  0.966720  0.089792  -0.962688  0.255283  0.002767  -0.003979  -0.024337  -1.289785  -0.720666  0.363676  2.000000  0.999034  0.019276  0.039484  -0.040398  0.049613  0.997951  0.017277  -0.998583  0.050343  0.999846  0.008484  0.015364  -0.008043  0.999561  -0.028520  -0.015599  0.028392  0.999475  1.000000  0.000103  0.000194  -0.000103  1.000000  -0.000356  -0.000194  0.000356  1.000000  0.999034  0.019276  0.039484  -0.040398  0.049613  0.997951  0.017277  -0.998583  0.050343  0.000381  0.033439  
247.632961 0.010753  0.095523  -0.017819  0.995029  0.097999  0.017705  -0.042224  0.254151  0.966243  0.090191  -0.962187  0.257025  0.002788  -0.004090  -0.024431  -1.301177  -0.724609  0.375165  2.000000  0.998985  0.019869  0.040419  -0.041394  0.051372  0.997821  0.017749  -0.998482  0.052142  0.999839  0.008617  0.015745  -0.008162  0.999554  -0.028725  -0.015985  0.028591  0.999463  1.000000  0.000105  0.000198  -0.000105  1.000000  -0.000358  -0.000198  0.000358  1.000000  0.998985  0.019869  0.040419  -0.041394  0.051372  0.997821  0.017749  -0.998482  0.052142  0.000384  0.033820  
247.633973 0.010756  0.095517  -0.017843  0.994970  0.098493  0.018289  -0.043042  0.255465  0.965860  0.090458  -0.961788  0.258419  0.002845  -0.004133  -0.024366  -1.307329  -0.728729  0.383628  2.000000  0.998945  0.020349  0.041172  -0.042196  0.052771  0.997715  0.018130  -0.998399  0.053574  0.999842  0.008716  0.015499  -0.008272  0.999560  -0.028497  -0.015741  0.028364  0.999474  1.000000  0.000106  0.000195  -0.000106  1.000000  -0.000355  -0.000195  0.000355  1.000000  0.998945  0.020349  0.041172  -0.042196  0.052771  0.997715  0.018130  -0.998399  0.053574  0.000386  0.033538  
