1-Time 2-Px 3-Py 4-Pz 5-R11 6-R21 7-R31 8-R12 9-R22 10-R32 11-R13 12-R23 13-R33 14-Vx 15-Vy 16-Vz 17-Wx 18-Wy 19-Wz 20-state 21-PR11 22-PR21 23-PR31 24-PR12 25-PR22 26-PR32 27-PR13 28-PR23 29-PR33 
151.045028 0.002246  0.092927  0.008176  0.991338  0.125057  0.040113  -0.128264  0.987552  0.091042  -0.028228  -0.095399  0.995039  -0.003106  -0.002813  -0.001999  0.000000  0.000000  0.000000  2.000000  1.000000  0.000000  0.000000  -0.000000  1.000000  0.000000  0.000000  -0.000000  1.000000  1.000000  -0.000410  -0.000039  0.000410  1.000000  0.000254  0.000039  -0.000254  1.000000  1.000000  0.000000  0.000000  0.000000  1.000000  0.000000  0.000000  0.000000  1.000000  0.671947  0.527890  -0.519441  -0.581811  0.810237  0.070787  0.458238  0.254652  0.851569  0.000000  0.000000  
151.046031 0.002243  0.092924  0.008175  0.991338  0.125057  0.040113  -0.128264  0.987552  0.091042  -0.028228  -0.095399  0.995039  -0.003090  -0.002779  -0.001949  0.000000  0.000000  0.000000  2.000000  1.000000  0.000000  0.000000  0.000000  1.000000  0.000000  0.000000  0.000000  1.000000  1.000000  -0.000410  -0.000039  0.000410  1.000000  0.000254  0.000039  -0.000254  1.000000  1.000000  0.000000  0.000000  0.000000  1.000000  0.000000  0.000000  0.000000  1.000000  1.000000  0.000000  0.000000  0.000000  1.000000  0.000000  0.000000  0.000000  1.000000  0.000000  0.000000  
151.047034 0.002240  0.092921  0.008174  0.991259  0.125662  0.040184  -0.128876  0.987464  0.091137  -0.028228  -0.095519  0.995027  -0.003071  -0.002809  -0.001832  0.000000  0.000000  0.000000  2.000000  1.000000  0.000000  0.000000  0.000000  1.000000  0.000000  0.000000  0.000000  1.000000  1.000000  -0.000000  0.000000  0.000000  1.000000  0.000364  -0.000000  -0.000364  1.000000  1.000000  0.000000  0.000000  0.000000  1.000000  0.000000  0.000000  0.000000  1.000000  1.000000  0.000000  0.000000  0.000000  1.000000  0.000000  0.000000  0.000000  1.000000  0.000000  0.000000  
151.048281 0.002236  0.092916  0.008174  0.991145  0.126445  0.040538  -0.129691  0.987352  0.091189  -0.028495  -0.095639  0.995008  -0.003093  -0.002944  -0.001678  0.000000  0.000000  0.000000  2.000000  1.000000  0.000000  0.000000  0.000000  1.000000  0.000000  0.000000  0.000000  1.000000  1.000000  0.000807  0.000212  -0.000807  1.000000  0.000462  -0.000212  -0.000462  1.000000  1.000000  0.000000  0.000000  0.000000  1.000000  0.000000  0.000000  0.000000  1.000000  1.000000  0.000000  0.000000  0.000000  1.000000  0.000000  0.000000  0.000000  1.000000  0.000000  0.000000  
151.049530 0.002232  0.092910  0.008175  0.991061  0.127027  0.040773  -0.130303  0.987243  0.091506  -0.028629  -0.096001  0.994969  -0.003034  -0.003066  -0.001421  0.000000  0.000000  0.000000  2.000000  1.000000  0.000000  0.000000  0.000000  1.000000  0.000000  0.000000  0.000000  1.000000  0.999999  0.001600  0.000557  -0.001601  0.999998  0.000681  -0.000556  -0.000681  1.000000  1.000000  0.000000  0.000000  0.000000  1.000000  0.000000  0.000000  0.000000  1.000000  1.000000  0.000000  0.000000  0.000000  1.000000  0.000000  0.000000  0.000000  1.000000  0.000000  0.000000  
151.050537 0.002229  0.092904  0.008176  0.991030  0.127208  0.040955  -0.130506  0.987196  0.091720  -0.028763  -0.096242  0.994942  -0.003062  -0.003224  -0.001181  0.000000  0.000000  0.000000  2.000000  1.000000  0.000000  0.000000  0.000000  1.000000  0.000000  0.000000  0.000000  1.000000  0.999998  0.001997  0.000731  -0.001997  0.999998  0.000790  -0.000729  -0.000791  0.999999  1.000000  0.000000  0.000000  0.000000  1.000000  0.000000  0.000000  0.000000  1.000000  1.000000  0.000000  0.000000  0.000000  1.000000  0.000000  0.000000  0.000000  1.000000  0.000000  0.000000  
151.051778 0.002225  0.092898  0.008179  0.990953  0.127821  0.040910  -0.131119  0.987093  0.091951  -0.028629  -0.096484  0.994923  -0.003102  -0.003412  -0.000859  0.000000  0.000000  0.000000  2.000000  1.000000  0.000000  0.000000  0.000000  1.000000  0.000000  0.000000  0.000000  1.000000  0.999997  0.002419  0.000638  -0.002420  0.999996  0.001142  -0.000635  -0.001144  0.999999  1.000000  0.000000  0.000000  0.000000  1.000000  0.000000  0.000000  0.000000  1.000000  1.000000  0.000000  0.000000  0.000000  1.000000  0.000000  0.000000  0.000000  1.000000  0.000000  0.000000  
151.052780 0.002221  0.092894  0.008181  0.990876  0.128433  0.040866  -0.131731  0.986990  0.092183  -0.028495  -0.096725  0.994903  -0.003110  -0.003514  -0.000548  0.000000  0.000000  0.000000  2.000000  1.000000  0.000000  0.000000  0.000000  1.000000  0.000000  0.000000  0.000000  1.000000  0.999995  0.003034  0.000698  -0.003034  0.999994  0.001367  -0.000694  -0.001369  0.999999  1.000000  0.000000  0.000000  0.000000  1.000000  0.000000  0.000000  0.000000  1.000000  1.000000  0.000000  0.000000  0.000000  1.000000  0.000000  0.000000  0.000000  1.000000  0.000000  0.000000  
151.053783 0.002217  0.092890  0.008185  0.990794  0.129028  0.040970  -0.132343  0.986877  0.092517  -0.028495  -0.097087  0.994868  -0.003141  -0.003573  -0.000158  0.000000  0.000000  0.000000  2.000000  1.000000  0.000000  0.000000  0.000000  1.000000  0.000000  0.000000  0.000000  1.000000  0.999993  0.003661  0.000625  -0.003662  0.999992  0.001592  -0.000620  -0.001594  0.999999  1.000000  0.000000  0.000000  0.000000  1.000000  0.000000  0.000000  0.000000  1.000000  1.000000  0.000000  0.000000  0.000000  1.000000  0.000000  0.000000  0.000000  1.000000  0.000000  0.000000  
151.054799 0.002214  0.092887  0.008188  0.990712  0.129627  0.041059  -0.132955  0.986774  0.092731  -0.028495  -0.097329  0.994844  -0.003176  -0.003607  0.000220  0.000000  0.000000  0.000000  2.000000  1.000000  0.000000  0.000000  0.000000  1.000000  0.000000  0.000000  0.000000  1.000000  0.999991  0.004288  0.000553  -0.004289  0.999989  0.001817  -0.000545  -0.001820  0.999998  1.000000  0.000000  0.000000  0.000000  1.000000  0.000000  0.000000  0.000000  1.000000  1.000000  0.000000  0.000000  0.000000  1.000000  0.000000  0.000000  0.000000  1.000000  0.000000  0.000000  
151.056034 0.002210  0.092882  0.008192  0.990603  0.130425  0.041183  -0.133771  0.986634  0.093056  -0.028495  -0.097691  0.994809  -0.003168  -0.003687  0.000657  0.080684  -0.025625  0.171192  2.000000  1.000000  0.000048  0.000122  -0.000048  1.000000  0.000054  -0.000122  -0.000054  1.000000  0.999986  0.005299  0.000788  -0.005301  0.999984  0.002151  -0.000777  -0.002155  0.999997  1.000000  0.000025  0.000062  -0.000025  1.000000  0.000027  -0.000062  -0.000027  1.000000  1.000000  0.000048  0.000122  -0.000048  1.000000  0.000054  -0.000122  -0.000054  1.000000  0.000047  0.005774  
151.057035 0.002207  0.092880  0.008197  0.990512  0.131003  0.041520  -0.134382  0.986545  0.093115  -0.028763  -0.097811  0.994789  -0.003176  -0.003697  0.001057  0.084141  -0.036585  0.190961  2.000000  1.000000  0.000149  0.000387  -0.000149  1.000000  0.000169  -0.000387  -0.000169  1.000000  0.999982  0.005900  0.000983  -0.005902  0.999980  0.002375  -0.000969  -0.002380  0.999997  1.000000  0.000026  0.000070  -0.000026  1.000000  0.000030  -0.000070  -0.000030  1.000000  1.000000  0.000149  0.000387  -0.000149  1.000000  0.000169  -0.000387  -0.000169  1.000000  0.000053  0.006437  
151.058284 0.002205  0.092878  0.008205  0.990397  0.131792  0.041760  -0.135197  0.986416  0.093302  -0.028896  -0.098052  0.994762  -0.003090  -0.003610  0.001744  0.091492  -0.043757  0.218057  2.000000  1.000000  0.000282  0.000765  -0.000282  1.000000  0.000324  -0.000765  -0.000324  1.000000  0.999977  0.006693  0.001331  -0.006696  0.999974  0.002591  -0.001314  -0.002600  0.999996  1.000000  0.000028  0.000081  -0.000028  1.000000  0.000032  -0.000081  -0.000032  1.000000  1.000000  0.000282  0.000765  -0.000282  1.000000  0.000324  -0.000765  -0.000324  1.000000  0.000060  0.007301  
151.059286 0.002203  0.092876  0.008212  0.990286  0.132600  0.041853  -0.136012  0.986296  0.093387  -0.028896  -0.098172  0.994750  -0.002996  -0.003505  0.002391  0.094574  -0.047111  0.252450  2.000000  0.999999  0.000398  0.001102  -0.000398  1.000000  0.000456  -0.001102  -0.000457  0.999999  0.999972  0.007307  0.001393  -0.007311  0.999970  0.002694  -0.001373  -0.002704  0.999995  1.000000  0.000031  0.000088  -0.000031  1.000000  0.000034  -0.000088  -0.000034  1.000000  0.999999  0.000398  0.001102  -0.000398  1.000000  0.000456  -0.001102  -0.000457  0.999999  0.000067  0.007913  
151.060538 0.002200  0.092875  0.008222  0.990169  0.133389  0.042094  -0.136827  0.986165  0.093573  -0.029030  -0.098413  0.994722  -0.002936  -0.003396  0.003230  0.097835  -0.054307  0.279515  2.000000  0.999999  0.000529  0.001483  -0.000530  1.000000  0.000596  -0.001483  -0.000597  0.999999  0.999964  0.008317  0.001629  -0.008322  0.999961  0.002905  -0.001604  -0.002919  0.999994  1.000000  0.000034  0.000100  -0.000035  1.000000  0.000036  -0.000100  -0.000036  1.000000  0.999999  0.000529  0.001483  -0.000530  1.000000  0.000596  -0.001483  -0.000597  0.999999  0.000074  0.008962  
151.061781 0.002198  0.092872  0.008232  0.990085  0.133987  0.042185  -0.137439  0.986060  0.093787  -0.029030  -0.098655  0.994698  -0.002872  -0.003329  0.003853  0.105414  -0.056366  0.300218  2.000000  0.999998  0.000713  0.002010  -0.000714  0.999999  0.000783  -0.002009  -0.000785  0.999998  0.999957  0.009136  0.001712  -0.009141  0.999953  0.003123  -0.001683  -0.003139  0.999994  1.000000  0.000039  0.000110  -0.000039  1.000000  0.000039  -0.000110  -0.000039  1.000000  0.999998  0.000713  0.002010  -0.000714  0.999999  0.000783  -0.002009  -0.000785  0.999998  0.000081  0.009808  
151.062781 0.002195  0.092869  0.008239  0.990028  0.134388  0.042239  -0.137846  0.985994  0.093889  -0.029030  -0.098775  0.994686  -0.002815  -0.003260  0.004391  0.109094  -0.057726  0.313980  2.000000  0.999997  0.000872  0.002458  -0.000874  0.999999  0.000942  -0.002457  -0.000944  0.999997  0.999953  0.009545  0.001753  -0.009551  0.999949  0.003232  -0.001722  -0.003249  0.999993  1.000000  0.000041  0.000114  -0.000041  1.000000  0.000041  -0.000114  -0.000041  1.000000  0.999997  0.000872  0.002458  -0.000874  0.999999  0.000942  -0.002457  -0.000944  0.999997  0.000084  0.010232  
151.063782 0.002194  0.092865  0.008247  0.989971  0.134784  0.042311  -0.138254  0.985915  0.094111  -0.029030  -0.099016  0.994662  -0.002712  -0.003175  0.004917  0.116847  -0.059107  0.327731  2.000000  0.999995  0.001039  0.002924  -0.001042  0.999999  0.001109  -0.002923  -0.001112  0.999995  0.999949  0.009955  0.001796  -0.009961  0.999944  0.003462  -0.001762  -0.003480  0.999992  1.000000  0.000043  0.000119  -0.000043  1.000000  0.000043  -0.000119  -0.000043  1.000000  0.999995  0.001039  0.002924  -0.001042  0.999999  0.001109  -0.002923  -0.001112  0.999995  0.000088  0.010695  
151.065029 0.002191  0.092859  0.008257  0.989886  0.135377  0.042418  -0.138865  0.985798  0.094443  -0.029030  -0.099378  0.994626  -0.002627  -0.003163  0.005446  0.128502  -0.061197  0.348423  2.000000  0.999993  0.001259  0.003533  -0.001264  0.999998  0.001330  -0.003531  -0.001334  0.999993  0.999945  0.010364  0.001839  -0.010370  0.999940  0.003571  -0.001802  -0.003590  0.999992  1.000000  0.000045  0.000124  -0.000045  1.000000  0.000045  -0.000124  -0.000045  1.000000  0.999993  0.001259  0.003533  -0.001264  0.999998  0.001330  -0.003531  -0.001334  0.999993  0.000092  0.011118  
151.066036 0.002189  0.092853  0.008264  0.989828  0.135773  0.042490  -0.139273  0.985719  0.094665  -0.029030  -0.099620  0.994602  -0.002506  -0.003222  0.005851  0.136218  -0.062569  0.362074  2.000000  0.999991  0.001445  0.004042  -0.001451  0.999998  0.001517  -0.004040  -0.001523  0.999991  0.999940  0.010773  0.001883  -0.010780  0.999935  0.003802  -0.001842  -0.003822  0.999991  1.000000  0.000047  0.000128  -0.000047  1.000000  0.000048  -0.000128  -0.000048  1.000000  0.999991  0.001445  0.004042  -0.001451  0.999998  0.001517  -0.004040  -0.001523  0.999991  0.000096  0.011581  
151.067281 0.002188  0.092845  0.008273  0.989767  0.136150  0.042710  -0.139680  0.985630  0.094987  -0.029164  -0.099981  0.994562  -0.002344  -0.003364  0.006191  0.148078  -0.068485  0.375528  2.000000  0.999988  0.001682  0.004697  -0.001691  0.999997  0.001767  -0.004694  -0.001775  0.999987  0.999938  0.010963  0.002040  -0.010972  0.999932  0.004036  -0.001996  -0.004059  0.999990  1.000000  0.000047  0.000131  -0.000047  1.000000  0.000051  -0.000131  -0.000051  1.000000  0.999988  0.001682  0.004697  -0.001691  0.999997  0.001767  -0.004694  -0.001775  0.999987  0.000101  0.011864  
151.068281 0.002187  0.092839  0.008280  0.989710  0.136546  0.042783  -0.140087  0.985551  0.095209  -0.029164  -0.100223  0.994538  -0.002206  -0.003562  0.006468  0.155835  -0.069884  0.389288  2.000000  0.999985  0.001821  0.005083  -0.001831  0.999996  0.001928  -0.005079  -0.001937  0.999985  0.999940  0.010771  0.001891  -0.010780  0.999932  0.004407  -0.001843  -0.004427  0.999989  1.000000  0.000047  0.000128  -0.000047  1.000000  0.000055  -0.000128  -0.000055  1.000000  0.999985  0.001821  0.005083  -0.001831  0.999996  0.001928  -0.005079  -0.001937  0.999985  0.000105  0.011794  
151.069531 0.002184  0.092829  0.008288  0.989710  0.136530  0.042832  -0.140087  0.985516  0.095568  -0.029164  -0.100584  0.994501  -0.002044  -0.003886  0.006716  0.168041  -0.069944  0.389218  2.000000  0.999982  0.002050  0.005702  -0.002063  0.999995  0.002205  -0.005697  -0.002216  0.999981  0.999947  0.010170  0.001699  -0.010177  0.999938  0.004546  -0.001653  -0.004564  0.999988  1.000000  0.000045  0.000121  -0.000045  1.000000  0.000057  -0.000121  -0.000057  1.000000  0.999982  0.002050  0.005702  -0.002063  0.999995  0.002205  -0.005697  -0.002216  0.999981  0.000107  0.011272  
151.070536 0.002182  0.092822  0.008295  0.989681  0.136717  0.042902  -0.140291  0.985453  0.095917  -0.029164  -0.100946  0.994464  -0.001945  -0.004165  0.006934  0.179833  -0.071356  0.402879  2.000000  0.999978  0.002231  0.006173  -0.002246  0.999995  0.002430  -0.006168  -0.002444  0.999978  0.999949  0.009978  0.001548  -0.009985  0.999940  0.004553  -0.001503  -0.004568  0.999988  1.000000  0.000046  0.000118  -0.000046  1.000000  0.000057  -0.000118  -0.000057  1.000000  0.999978  0.002231  0.006173  -0.002246  0.999995  0.002430  -0.006168  -0.002444  0.999978  0.000111  0.011080  
151.071790 0.002181  0.092811  0.008302  0.989677  0.136688  0.043083  -0.140291  0.985420  0.096257  -0.029298  -0.101308  0.994424  -0.001812  -0.004638  0.007141  0.192015  -0.075897  0.402390  2.000000  0.999974  0.002457  0.006743  -0.002476  0.999993  0.002719  -0.006736  -0.002735  0.999974  0.999953  0.009581  0.001378  -0.009588  0.999943  0.004686  -0.001333  -0.004699  0.999988  1.000000  0.000045  0.000112  -0.000045  1.000000  0.000059  -0.000112  -0.000059  1.000000  0.999974  0.002457  0.006743  -0.002476  0.999993  0.002719  -0.006736  -0.002735  0.999974  0.000113  0.010758  
151.073030 0.002179  0.092801  0.008310  0.989677  0.136673  0.043133  -0.140291  0.985385  0.096616  -0.029298  -0.101670  0.994387  -0.001780  -0.005156  0.007105  0.204297  -0.075991  0.402488  2.000000  0.999970  0.002656  0.007285  -0.002678  0.999992  0.003012  -0.007277  -0.003031  0.999969  0.999961  0.008735  0.001564  -0.008742  0.999951  0.004710  -0.001523  -0.004723  0.999988  1.000000  0.000038  0.000104  -0.000038  1.000000  0.000059  -0.000104  -0.000059  1.000000  0.999970  0.002656  0.007285  -0.002678  0.999992  0.003012  -0.007277  -0.003031  0.999969  0.000114  0.010050  
151.074031 0.002177  0.092793  0.008315  0.989644  0.136851  0.043318  -0.140494  0.985335  0.096827  -0.029431  -0.101910  0.994358  -0.001758  -0.005677  0.006995  0.208141  -0.081219  0.408900  2.000000  0.999967  0.002790  0.007693  -0.002815  0.999991  0.003245  -0.007684  -0.003267  0.999965  0.999964  0.008298  0.001791  -0.008306  0.999954  0.004721  -0.001752  -0.004736  0.999987  1.000000  0.000033  0.000101  -0.000033  1.000000  0.000059  -0.000101  -0.000059  1.000000  0.999967  0.002790  0.007693  -0.002815  0.999991  0.003245  -0.007684  -0.003267  0.999965  0.000116  0.009717  
151.075284 0.002174  0.092782  0.008322  0.989640  0.136822  0.043499  -0.140493  0.985302  0.097167  -0.029565  -0.102272  0.994317  -0.001780  -0.006301  0.006788  0.218682  -0.085122  0.405365  2.000000  0.999962  0.002931  0.008171  -0.002960  0.999989  0.003536  -0.008160  -0.003560  0.999960  0.999970  0.007465  0.001842  -0.007473  0.999961  0.004624  -0.001807  -0.004637  0.999988  1.000000  0.000027  0.000092  -0.000027  1.000000  0.000058  -0.000092  -0.000058  1.000000  0.999962  0.002931  0.008171  -0.002960  0.999989  0.003536  -0.008160  -0.003560  0.999960  0.000118  0.008976  
151.076286 0.002171  0.092774  0.008329  0.989669  0.136614  0.043496  -0.140290  0.985318  0.097296  -0.029565  -0.102392  0.994305  -0.001814  -0.006661  0.006672  0.224841  -0.084433  0.394714  2.000000  0.999960  0.003002  0.008429  -0.003034  0.999989  0.003712  -0.008418  -0.003738  0.999958  0.999976  0.006646  0.001760  -0.006654  0.999967  0.004649  -0.001729  -0.004660  0.999988  1.000000  0.000023  0.000083  -0.000023  1.000000  0.000058  -0.000083  -0.000058  1.000000  0.999960  0.003002  0.008429  -0.003034  0.999989  0.003712  -0.008418  -0.003738  0.999958  0.000116  0.008302  
151.077531 0.002168  0.092763  0.008335  0.989694  0.136387  0.043641  -0.140085  0.985325  0.097525  -0.029699  -0.102633  0.994276  -0.001883  -0.007133  0.006516  0.227799  -0.081097  0.364181  2.000000  0.999956  0.003098  0.008815  -0.003133  0.999987  0.004003  -0.008802  -0.004030  0.999953  0.999983  0.005622  0.001656  -0.005629  0.999973  0.004679  -0.001630  -0.004688  0.999988  1.000000  0.000017  0.000071  -0.000017  1.000000  0.000059  -0.000071  -0.000059  1.000000  0.999956  0.003098  0.008815  -0.003133  0.999987  0.004003  -0.008802  -0.004030  0.999953  0.000110  0.007502  
151.078779 0.002164  0.092754  0.008341  0.989719  0.136165  0.043769  -0.139881  0.985343  0.097635  -0.029833  -0.102753  0.994259  -0.001996  -0.007428  0.006253  0.224715  -0.077761  0.330048  2.000000  0.999954  0.003162  0.009085  -0.003200  0.999986  0.004234  -0.009071  -0.004263  0.999950  0.999988  0.004612  0.001418  -0.004618  0.999979  0.004588  -0.001397  -0.004595  0.999988  1.000000  0.000000  0.000000  0.000000  1.000000  0.000000  0.000000  0.000000  1.000000  0.999954  0.003162  0.009085  -0.003200  0.999986  0.004234  -0.009071  -0.004263  0.999950  0.000103  0.000000  
151.079786 0.002160  0.092746  0.008346  0.989715  0.136146  0.043917  -0.139880  0.985333  0.097736  -0.029966  -0.102874  0.994243  -0.002110  -0.007690  0.006091  0.218932  -0.076401  0.312037  2.000000  0.999954  0.003162  0.009085  -0.003200  0.999986  0.004234  -0.009071  -0.004263  0.999950  0.999991  0.003984  0.001488  -0.003991  0.999981  0.004606  -0.001470  -0.004612  0.999988  1.000000  0.000000  0.000000  0.000000  1.000000  0.000000  0.000000  0.000000  1.000000  0.999954  0.003162  0.009085  -0.003200  0.999986  0.004234  -0.009071  -0.004263  0.999950  0.000099  0.000000  
151.081052 0.002154  0.092735  0.008353  0.989740  0.135919  0.044061  -0.139676  0.985339  0.097965  -0.030100  -0.103114  0.994214  -0.002389  -0.007925  0.005892  0.219461  -0.074393  0.291323  2.000000  0.999954  0.003162  0.009085  -0.003200  0.999986  0.004234  -0.009071  -0.004263  0.999950  0.999995  0.002974  0.001250  -0.002979  0.999985  0.004516  -0.001236  -0.004520  0.999989  1.000000  0.000000  0.000000  0.000000  1.000000  0.000000  0.000000  0.000000  1.000000  0.999954  0.003162  0.009085  -0.003200  0.999986  0.004234  -0.009071  -0.004263  0.999950  0.000095  0.000000  
151.082282 0.002147  0.092724  0.008359  0.989768  0.135711  0.044058  -0.139472  0.985355  0.098094  -0.030100  -0.103235  0.994201  -0.002824  -0.008210  0.005669  0.214328  -0.076246  0.268114  2.000000  0.999954  0.003162  0.009085  -0.003200  0.999986  0.004234  -0.009071  -0.004263  0.999950  0.999997  0.002141  0.001298  -0.002147  0.999987  0.004541  -0.001289  -0.004544  0.999989  1.000000  0.000000  0.000000  0.000000  1.000000  0.000000  0.000000  0.000000  1.000000  0.999954  0.003162  0.009085  -0.003200  0.999986  0.004234  -0.009071  -0.004263  0.999950  0.000090  0.000000  
151.083531 0.002140  0.092713  0.008365  0.989793  0.135484  0.044202  -0.139268  0.985361  0.098323  -0.030234  -0.103476  0.994172  -0.003094  -0.008273  0.005520  0.211341  -0.081782  0.233123  2.000000  0.999954  0.003162  0.009085  -0.003200  0.999986  0.004234  -0.009071  -0.004263  0.999950  0.999998  0.001322  0.001214  -0.001327  0.999989  0.004445  -0.001208  -0.004446  0.999989  1.000000  0.000000  0.000000  0.000000  1.000000  0.000000  0.000000  0.000000  1.000000  0.999954  0.003162  0.009085  -0.003200  0.999986  0.004234  -0.009071  -0.004263  0.999950  0.000083  0.000000  
151.084531 0.002134  0.092703  0.008369  0.989793  0.135478  0.044219  -0.139268  0.985349  0.098443  -0.030234  -0.103596  0.994160  -0.003363  -0.008420  0.005344  0.207889  -0.084185  0.212153  2.000000  0.999954  0.003162  0.009085  -0.003200  0.999986  0.004234  -0.009071  -0.004263  0.999950  0.999999  0.000694  0.001283  -0.000700  0.999990  0.004463  -0.001280  -0.004464  0.999989  1.000000  0.000000  0.000000  0.000000  1.000000  0.000000  0.000000  0.000000  1.000000  0.999954  0.003162  0.009085  -0.003200  0.999986  0.004234  -0.009071  -0.004263  0.999950  0.000077  0.000000  
151.085534 0.002128  0.092693  0.008372  0.989822  0.135270  0.044215  -0.139064  0.985365  0.098572  -0.030234  -0.103717  0.994147  -0.003634  -0.008570  0.005170  0.200782  -0.076339  0.178441  2.000000  0.999954  0.003162  0.009085  -0.003200  0.999986  0.004234  -0.009071  -0.004263  0.999950  0.999999  0.000080  0.001219  -0.000085  0.999990  0.004361  -0.001219  -0.004361  0.999990  1.000000  0.000000  0.000000  0.000000  1.000000  0.000000  0.000000  0.000000  1.000000  0.999954  0.003162  0.009085  -0.003200  0.999986  0.004234  -0.009071  -0.004263  0.999950  0.000070  0.000000  
151.086538 0.002121  0.092683  0.008375  0.989822  0.135259  0.044248  -0.139064  0.985341  0.098811  -0.030234  -0.103958  0.994122  -0.004065  -0.008709  0.004989  0.203207  -0.069735  0.152798  2.000000  0.999954  0.003162  0.009085  -0.003200  0.999986  0.004234  -0.009071  -0.004263  0.999950  0.999999  -0.000330  0.001176  0.000325  0.999991  0.004252  -0.001178  -0.004251  0.999990  1.000000  0.000000  0.000000  0.000000  1.000000  0.000000  0.000000  0.000000  1.000000  0.999954  0.003162  0.009085  -0.003200  0.999986  0.004234  -0.009071  -0.004263  0.999950  0.000067  0.000000  
151.087784 0.002111  0.092668  0.008379  0.989850  0.135046  0.044260  -0.138860  0.985345  0.099059  -0.030234  -0.104199  0.994097  -0.004544  -0.008980  0.004715  0.206407  -0.061987  0.124703  2.000000  0.999954  0.003162  0.009085  -0.003200  0.999986  0.004234  -0.009071  -0.004263  0.999950  0.999999  -0.000930  0.000979  0.000926  0.999991  0.004149  -0.000983  -0.004148  0.999991  1.000000  0.000000  0.000000  0.000000  1.000000  0.000000  0.000000  0.000000  1.000000  0.999954  0.003162  0.009085  -0.003200  0.999986  0.004234  -0.009071  -0.004263  0.999950  0.000062  0.000000  
151.088787 0.002103  0.092656  0.008380  0.989850  0.135040  0.044276  -0.138860  0.985333  0.099178  -0.030234  -0.104320  0.994084  -0.005012  -0.009247  0.004357  0.204830  -0.055242  0.098648  2.000000  0.999954  0.003162  0.009085  -0.003200  0.999986  0.004234  -0.009071  -0.004263  0.999950  0.999999  -0.001340  0.000936  0.001336  0.999991  0.004040  -0.000941  -0.004039  0.999991  1.000000  0.000000  0.000000  0.000000  1.000000  0.000000  0.000000  0.000000  1.000000  0.999954  0.003162  0.009085  -0.003200  0.999986  0.004234  -0.009071  -0.004263  0.999950  0.000060  0.000000  
151.090031 0.002093  0.092640  0.008381  0.989879  0.134827  0.044289  -0.138657  0.985337  0.099426  -0.030234  -0.104561  0.994059  -0.005528  -0.009587  0.003958  0.208169  -0.047625  0.071044  2.000000  0.999954  0.003162  0.009085  -0.003200  0.999986  0.004234  -0.009071  -0.004263  0.999950  0.999998  -0.001545  0.000914  0.001541  0.999991  0.003925  -0.000920  -0.003924  0.999992  1.000000  0.000000  0.000000  0.000000  1.000000  0.000000  0.000000  0.000000  1.000000  0.999954  0.003162  0.009085  -0.003200  0.999986  0.004234  -0.009071  -0.004263  0.999950  0.000057  0.000000  
151.091284 0.002082  0.092624  0.008381  0.989879  0.134816  0.044321  -0.138657  0.985313  0.099665  -0.030234  -0.104802  0.994033  -0.005941  -0.009971  0.003512  0.208839  -0.044818  0.043687  2.000000  0.999954  0.003162  0.009085  -0.003200  0.999986  0.004234  -0.009071  -0.004263  0.999950  0.999998  -0.001749  0.000892  0.001746  0.999991  0.003810  -0.000898  -0.003808  0.999992  1.000000  0.000000  0.000000  0.000000  1.000000  0.000000  0.000000  0.000000  1.000000  0.999954  0.003162  0.009085  -0.003200  0.999986  0.004234  -0.009071  -0.004263  0.999950  0.000055  0.000000  
151.092542 0.002073  0.092609  0.008383  0.989879  0.134805  0.044354  -0.138657  0.985288  0.099905  -0.030234  -0.105043  0.994008  -0.006368  -0.010297  0.003163  0.211117  -0.043071  0.023388  2.000000  0.999954  0.003162  0.009085  -0.003200  0.999986  0.004234  -0.009071  -0.004263  0.999950  0.999998  -0.001735  0.000759  0.001733  0.999992  0.003567  -0.000765  -0.003566  0.999993  1.000000  0.000000  0.000000  0.000000  1.000000  0.000000  0.000000  0.000000  1.000000  0.999954  0.003162  0.009085  -0.003200  0.999986  0.004234  -0.009071  -0.004263  0.999950  0.000053  0.000000  
151.093783 0.002063  0.092595  0.008383  0.989879  0.134800  0.044370  -0.138657  0.985276  0.100024  -0.030234  -0.105164  0.993995  -0.006749  -0.010603  0.002792  0.203645  -0.040970  0.002744  2.000000  0.999954  0.003162  0.009085  -0.003200  0.999986  0.004234  -0.009071  -0.004263  0.999950  0.999998  -0.001926  0.000603  0.001924  0.999992  0.003452  -0.000610  -0.003451  0.999994  1.000000  0.000000  0.000000  0.000000  1.000000  0.000000  0.000000  0.000000  1.000000  0.999954  0.003162  0.009085  -0.003200  0.999986  0.004234  -0.009071  -0.004263  0.999950  0.000053  0.000000  
151.094790 0.002055  0.092584  0.008384  0.989911  0.134606  0.044234  -0.138453  0.985290  0.100171  -0.030100  -0.105285  0.993986  -0.007028  -0.010840  0.002496  0.200118  -0.034361  -0.017438  2.000000  0.999954  0.003162  0.009085  -0.003200  0.999986  0.004234  -0.009071  -0.004263  0.999950  0.999998  -0.002117  0.000448  0.002115  0.999992  0.003337  -0.000456  -0.003336  0.999994  1.000000  0.000000  0.000000  0.000000  1.000000  0.000000  0.000000  0.000000  1.000000  0.999954  0.003162  0.009085  -0.003200  0.999986  0.004234  -0.009071  -0.004263  0.999950  0.000051  0.000000  
151.096031 0.002046  0.092569  0.008385  0.989911  0.134600  0.044251  -0.138453  0.985278  0.100291  -0.030100  -0.105405  0.993974  -0.007211  -0.011077  0.002119  0.194914  -0.032682  -0.030956  2.000000  0.999954  0.003162  0.009085  -0.003200  0.999986  0.004234  -0.009071  -0.004263  0.999950  0.999998  -0.001898  0.000337  0.001897  0.999993  0.003088  -0.000343  -0.003087  0.999995  1.000000  0.000000  0.000000  0.000000  1.000000  0.000000  0.000000  0.000000  1.000000  0.999954  0.003162  0.009085  -0.003200  0.999986  0.004234  -0.009071  -0.004263  0.999950  0.000051  0.000000  
151.097033 0.002038  0.092558  0.008385  0.989940  0.134392  0.044246  -0.138250  0.985293  0.100419  -0.030100  -0.105526  0.993961  -0.007397  -0.011229  0.001806  0.188975  -0.026336  -0.051396  2.000000  0.999954  0.003162  0.009085  -0.003200  0.999986  0.004234  -0.009071  -0.004263  0.999950  0.999998  -0.001884  0.000204  0.001883  0.999993  0.003088  -0.000209  -0.003088  0.999995  1.000000  0.000000  0.000000  0.000000  1.000000  0.000000  0.000000  0.000000  1.000000  0.999954  0.003162  0.009085  -0.003200  0.999986  0.004234  -0.009071  -0.004263  0.999950  0.000050  0.000000  
151.098281 0.002028  0.092544  0.008386  0.989940  0.134392  0.044246  -0.138250  0.985293  0.100419  -0.030100  -0.105526  0.993961  -0.007574  -0.011394  0.001542  0.179735  -0.024701  -0.064621  2.000000  0.999954  0.003162  0.009085  -0.003200  0.999986  0.004234  -0.009071  -0.004263  0.999950  0.999998  -0.001870  0.000071  0.001870  0.999994  0.002845  -0.000076  -0.002845  0.999996  1.000000  0.000000  0.000000  0.000000  1.000000  0.000000  0.000000  0.000000  1.000000  0.999954  0.003162  0.009085  -0.003200  0.999986  0.004234  -0.009071  -0.004263  0.999950  0.000049  0.000000  
151.099281 0.002021  0.092533  0.008388  0.989940  0.134387  0.044263  -0.138250  0.985281  0.100539  -0.030100  -0.105647  0.993948  -0.007660  -0.011472  0.001349  0.000000  0.000000  0.000000  2.000000  0.999954  0.003162  0.009085  -0.003200  0.999986  0.004234  -0.009071  -0.004263  0.999950  0.999999  -0.001665  0.000092  0.001665  0.999995  0.002839  -0.000097  -0.002839  0.999996  1.000000  0.000000  0.000000  0.000000  1.000000  0.000000  0.000000  0.000000  1.000000  0.999954  0.003162  0.009085  -0.003200  0.999986  0.004234  -0.009071  -0.004263  0.999950  0.000000  0.000000  
151.100284 0.002014  0.092523  0.008389  0.989940  0.134387  0.044263  -0.138250  0.985281  0.100539  -0.030100  -0.105647  0.993948  -0.007729  -0.011503  0.001162  0.000000  0.000000  0.000000  2.000000  0.999954  0.003162  0.009085  -0.003200  0.999986  0.004234  -0.009071  -0.004263  0.999950  0.999999  -0.001651  -0.000041  0.001651  0.999995  0.002718  0.000037  -0.002718  0.999996  1.000000  0.000000  0.000000  0.000000  1.000000  0.000000  0.000000  0.000000  1.000000  0.999954  0.003162  0.009085  -0.003200  0.999986  0.004234  -0.009071  -0.004263  0.999950  0.000000  0.000000  
151.101531 0.002005  0.092510  0.008392  0.989940  0.134381  0.044279  -0.138250  0.985269  0.100658  -0.030100  -0.105767  0.993935  -0.007705  -0.011491  0.001096  0.000000  0.000000  0.000000  2.000000  0.999954  0.003162  0.009085  -0.003200  0.999986  0.004234  -0.009071  -0.004263  0.999950  0.999999  -0.001432  -0.000152  0.001433  0.999996  0.002591  0.000149  -0.002591  0.999997  1.000000  0.000000  0.000000  0.000000  1.000000  0.000000  0.000000  0.000000  1.000000  0.999954  0.003162  0.009085  -0.003200  0.999986  0.004234  -0.009071  -0.004263  0.999950  0.000000  0.000000  
151.102781 0.001997  0.092498  0.008395  0.989972  0.134193  0.044127  -0.138046  0.985295  0.100686  -0.029966  -0.105768  0.993939  -0.007619  -0.011343  0.001094  0.000000  0.000000  0.000000  2.000000  0.999954  0.003162  0.009085  -0.003200  0.999986  0.004234  -0.009071  -0.004263  0.999950  0.999999  -0.001418  -0.000285  0.001419  0.999996  0.002469  0.000282  -0.002469  0.999997  1.000000  0.000000  0.000000  0.000000  1.000000  0.000000  0.000000  0.000000  1.000000  0.999954  0.003162  0.009085  -0.003200  0.999986  0.004234  -0.009071  -0.004263  0.999950  0.000000  0.000000  
151.103785 0.001990  0.092488  0.008397  0.989972  0.134193  0.044127  -0.138046  0.985295  0.100686  -0.029966  -0.105768  0.993939  -0.007563  -0.011186  0.001149  0.000000  0.000000  0.000000  2.000000  0.999954  0.003162  0.009085  -0.003200  0.999986  0.004234  -0.009071  -0.004263  0.999950  0.999999  -0.001199  -0.000397  0.001200  0.999997  0.002342  0.000394  -0.002342  0.999997  1.000000  0.000000  0.000000  0.000000  1.000000  0.000000  0.000000  0.000000  1.000000  0.999954  0.003162  0.009085  -0.003200  0.999986  0.004234  -0.009071  -0.004263  0.999950  0.000000  0.000000  
151.105035 0.001982  0.092476  0.008400  0.989972  0.134187  0.044143  -0.138046  0.985282  0.100805  -0.029966  -0.105888  0.993926  -0.007388  -0.010910  0.001287  0.000000  0.000000  0.000000  2.000000  0.999954  0.003162  0.009085  -0.003200  0.999986  0.004234  -0.009071  -0.004263  0.999950  0.999999  -0.001199  -0.000397  0.001200  0.999997  0.002220  0.000394  -0.002221  0.999997  1.000000  0.000000  0.000000  0.000000  1.000000  0.000000  0.000000  0.000000  1.000000  0.999954  0.003162  0.009085  -0.003200  0.999986  0.004234  -0.009071  -0.004263  0.999950  0.000000  0.000000  
151.106285 0.001975  0.092464  0.008403  0.989944  0.134390  0.044164  -0.138250  0.985255  0.100796  -0.029966  -0.105888  0.993926  -0.007154  -0.010663  0.001444  0.000000  0.000000  0.000000  2.000000  0.999954  0.003162  0.009085  -0.003200  0.999986  0.004234  -0.009071  -0.004263  0.999950  1.000000  -0.000790  -0.000353  0.000791  0.999998  0.002087  0.000352  -0.002087  0.999998  1.000000  0.000000  0.000000  0.000000  1.000000  0.000000  0.000000  0.000000  1.000000  0.999954  0.003162  0.009085  -0.003200  0.999986  0.004234  -0.009071  -0.004263  0.999950  0.000000  0.000000  
151.107531 0.001969  0.092452  0.008406  0.989940  0.134371  0.044312  -0.138250  0.985245  0.100897  -0.030100  -0.106008  0.993910  -0.006944  -0.010496  0.001562  0.000000  0.000000  0.000000  2.000000  0.999954  0.003162  0.009085  -0.003200  0.999986  0.004234  -0.009071  -0.004263  0.999950  1.000000  -0.000804  -0.000220  0.000805  0.999998  0.001966  0.000219  -0.001966  0.999998  1.000000  0.000000  0.000000  0.000000  1.000000  0.000000  0.000000  0.000000  1.000000  0.999954  0.003162  0.009085  -0.003200  0.999986  0.004234  -0.009071  -0.004263  0.999950  0.000000  0.000000  
151.108542 0.001963  0.092443  0.008408  0.989940  0.134371  0.044312  -0.138250  0.985245  0.100897  -0.030100  -0.106008  0.993910  -0.006747  -0.010297  0.001691  0.000000  0.000000  0.000000  2.000000  0.999954  0.003162  0.009085  -0.003200  0.999986  0.004234  -0.009071  -0.004263  0.999950  1.000000  -0.000600  -0.000199  0.000600  0.999998  0.001838  0.000197  -0.001838  0.999998  1.000000  0.000000  0.000000  0.000000  1.000000  0.000000  0.000000  0.000000  1.000000  0.999954  0.003162  0.009085  -0.003200  0.999986  0.004234  -0.009071  -0.004263  0.999950  0.000000  0.000000  
151.109781 0.001958  0.092432  0.008412  0.989936  0.134351  0.044460  -0.138249  0.985234  0.100998  -0.030234  -0.106128  0.993893  -0.006460  -0.010135  0.001843  0.000000  0.000000  0.000000  2.000000  0.999954  0.003162  0.009085  -0.003200  0.999986  0.004234  -0.009071  -0.004263  0.999950  1.000000  -0.000395  -0.000177  0.000395  0.999998  0.001711  0.000176  -0.001711  0.999999  1.000000  0.000000  0.000000  0.000000  1.000000  0.000000  0.000000  0.000000  1.000000  0.999954  0.003162  0.009085  -0.003200  0.999986  0.004234  -0.009071  -0.004263  0.999950  0.000000  0.000000  
151.110781 0.001955  0.092423  0.008414  0.989907  0.134549  0.044497  -0.138453  0.985194  0.101109  -0.030234  -0.106249  0.993880  -0.006178  -0.009910  0.002004  0.000000  0.000000  0.000000  2.000000  0.999954  0.003162  0.009085  -0.003200  0.999986  0.004234  -0.009071  -0.004263  0.999950  1.000000  -0.000205  -0.000022  0.000205  0.999999  0.001583  0.000022  -0.001583  0.999999  1.000000  0.000000  0.000000  0.000000  1.000000  0.000000  0.000000  0.000000  1.000000  0.999954  0.003162  0.009085  -0.003200  0.999986  0.004234  -0.009071  -0.004263  0.999950  0.000000  0.000000  
151.112030 0.001950  0.092412  0.008417  0.989879  0.134746  0.044534  -0.138657  0.985154  0.101219  -0.030234  -0.106370  0.993867  -0.005834  -0.009725  0.002112  0.000000  0.000000  0.000000  2.000000  0.999954  0.003162  0.009085  -0.003200  0.999986  0.004234  -0.009071  -0.004263  0.999950  1.000000  -0.000205  -0.000022  0.000205  0.999999  0.001462  0.000022  -0.001462  0.999999  1.000000  0.000000  0.000000  0.000000  1.000000  0.000000  0.000000  0.000000  1.000000  0.999954  0.003162  0.009085  -0.003200  0.999986  0.004234  -0.009071  -0.004263  0.999950  0.000000  0.000000  
151.113283 0.001946  0.092401  0.008420  0.989879  0.134746  0.044534  -0.138657  0.985154  0.101219  -0.030234  -0.106370  0.993867  -0.005427  -0.009502  0.002258  0.000000  0.000000  0.000000  2.000000  0.999954  0.003162  0.009085  -0.003200  0.999986  0.004234  -0.009071  -0.004263  0.999950  1.000000  0.000000  0.000000  -0.000000  0.999999  0.001334  0.000000  -0.001334  0.999999  1.000000  0.000000  0.000000  0.000000  1.000000  0.000000  0.000000  0.000000  1.000000  0.999954  0.003162  0.009085  -0.003200  0.999986  0.004234  -0.009071  -0.004263  0.999950  0.000000  0.000000  
151.114536 0.001942  0.092391  0.008424  0.989850  0.134943  0.044571  -0.138860  0.985114  0.101329  -0.030234  -0.106490  0.993854  -0.005078  -0.009335  0.002370  0.000000  0.000000  0.000000  2.000000  0.999954  0.003162  0.009085  -0.003200  0.999986  0.004234  -0.009071  -0.004263  0.999950  1.000000  0.000190  0.000155  -0.000191  0.999999  0.001207  -0.000155  -0.001207  0.999999  1.000000  0.000000  0.000000  0.000000  1.000000  0.000000  0.000000  0.000000  1.000000  0.999954  0.003162  0.009085  -0.003200  0.999986  0.004234  -0.009071  -0.004263  0.999950  0.000000  0.000000  
151.115783 0.001939  0.092381  0.008428  0.989818  0.135127  0.044740  -0.139064  0.985076  0.101421  -0.030368  -0.106610  0.993837  -0.004715  -0.009140  0.002533  0.000000  0.000000  0.000000  2.000000  0.999954  0.003162  0.009085  -0.003200  0.999986  0.004234  -0.009071  -0.004263  0.999950  1.000000  0.000585  0.000332  -0.000586  0.999999  0.001194  -0.000331  -0.001194  0.999999  1.000000  0.000000  0.000000  0.000000  1.000000  0.000000  0.000000  0.000000  1.000000  0.999954  0.003162  0.009085  -0.003200  0.999986  0.004234  -0.009071  -0.004263  0.999950  0.000000  0.000000  
151.116783 0.001937  0.092373  0.008433  0.989789  0.135329  0.044761  -0.139267  0.985048  0.101412  -0.030368  -0.106610  0.993837  -0.004382  -0.008972  0.002674  0.000000  0.000000  0.000000  2.000000  0.999954  0.003162  0.009085  -0.003200  0.999986  0.004234  -0.009071  -0.004263  0.999950  1.000000  0.000790  0.000354  -0.000790  0.999999  0.001188  -0.000353  -0.001188  0.999999  1.000000  0.000000  0.000000  0.000000  1.000000  0.000000  0.000000  0.000000  1.000000  0.999954  0.003162  0.009085  -0.003200  0.999986  0.004234  -0.009071  -0.004263  0.999950  0.000000  0.000000  
151.118031 0.001935  0.092365  0.008439  0.989756  0.135513  0.044930  -0.139471  0.985010  0.101504  -0.030501  -0.106730  0.993820  -0.004003  -0.008734  0.002903  0.000000  0.000000  0.000000  2.000000  0.999954  0.003162  0.009085  -0.003200  0.999986  0.004234  -0.009071  -0.004263  0.999950  0.999999  0.000980  0.000509  -0.000981  0.999999  0.001182  -0.000508  -0.001182  0.999999  1.000000  0.000000  0.000000  0.000000  1.000000  0.000000  0.000000  0.000000  1.000000  0.999954  0.003162  0.009085  -0.003200  0.999986  0.004234  -0.009071  -0.004263  0.999950  0.000000  0.000000  
151.119281 0.001933  0.092356  0.008446  0.989756  0.135513  0.044930  -0.139471  0.985010  0.101504  -0.030501  -0.106730  0.993820  -0.003560  -0.008483  0.003155  0.000000  0.000000  0.000000  2.000000  0.999954  0.003162  0.009085  -0.003200  0.999986  0.004234  -0.009071  -0.004263  0.999950  0.999999  0.001185  0.000531  -0.001185  0.999999  0.001054  -0.000530  -0.001055  0.999999  1.000000  0.000000  0.000000  0.000000  1.000000  0.000000  0.000000  0.000000  1.000000  0.999954  0.003162  0.009085  -0.003200  0.999986  0.004234  -0.009071  -0.004263  0.999950  0.000000  0.000000  
