1-Time 2-Px 3-Py 4-Pz 5-R11 6-R21 7-R31 8-R12 9-R22 10-R32 11-R13 12-R23 13-R33 14-Vx 15-Vy 16-Vz 17-Wx 18-Wy 19-Wz 20-state 21-PR11 22-PR21 23-PR31 24-PR12 25-PR22 26-PR32 27-PR13 28-PR23 29-PR33 
273.342379 0.000272  0.084465  -0.025280  0.989488  0.009846  -0.144277  -0.004889  0.999387  0.034670  0.144530  -0.033600  0.988930  -0.000366  0.000099  0.001713  0.000000  0.000000  0.000000  2.000000  1.000000  0.000000  0.000000  -0.000000  1.000000  0.000000  0.000000  -0.000000  1.000000  1.000000  -0.000009  0.000267  0.000009  1.000000  0.000000  -0.000267  0.000000  1.000000  1.000000  0.000000  0.000000  0.000000  1.000000  0.000000  0.000000  0.000000  1.000000  0.759637  0.588450  -0.276909  -0.553578  0.808532  0.199567  0.341325  0.001692  0.939944  0.000000  0.000000  
273.343385 0.000271  0.084465  -0.025280  0.989488  0.009846  -0.144277  -0.004889  0.999387  0.034670  0.144530  -0.033600  0.988930  -0.000379  0.000071  0.001615  0.000000  0.000000  0.000000  2.000000  1.000000  0.000000  0.000000  0.000000  1.000000  0.000000  0.000000  0.000000  1.000000  1.000000  -0.000009  0.000267  0.000009  1.000000  0.000000  -0.000267  0.000000  1.000000  1.000000  0.000000  0.000000  0.000000  1.000000  0.000000  0.000000  0.000000  1.000000  1.000000  0.000000  0.000000  0.000000  1.000000  0.000000  0.000000  0.000000  1.000000  0.000000  0.000000  
273.344385 0.000269  0.084461  -0.025287  0.989450  0.009872  -0.144540  -0.004889  0.999383  0.034792  0.144795  -0.033719  0.988887  -0.000505  -0.000189  0.001010  0.000000  0.000000  0.000000  2.000000  1.000000  0.000000  0.000000  0.000000  1.000000  0.000000  0.000000  0.000000  1.000000  1.000000  0.000000  0.000000  0.000000  1.000000  0.000000  0.000000  0.000000  1.000000  1.000000  0.000000  0.000000  0.000000  1.000000  0.000000  0.000000  0.000000  1.000000  1.000000  0.000000  0.000000  0.000000  1.000000  0.000000  0.000000  0.000000  1.000000  0.000000  0.000000  
273.345386 0.000266  0.084456  -0.025299  0.989372  0.009890  -0.145070  -0.004888  0.999383  0.034795  0.145324  -0.033716  0.988809  -0.000703  -0.000577  0.000144  0.000000  0.000000  0.000000  2.000000  1.000000  0.000000  0.000000  0.000000  1.000000  0.000000  0.000000  0.000000  1.000000  1.000000  0.000018  -0.000535  -0.000018  1.000000  0.000121  0.000535  -0.000121  1.000000  1.000000  0.000000  0.000000  0.000000  1.000000  0.000000  0.000000  0.000000  1.000000  1.000000  0.000000  0.000000  0.000000  1.000000  0.000000  0.000000  0.000000  1.000000  0.000000  0.000000  
273.346640 0.000262  0.084448  -0.025313  0.989276  0.009742  -0.145736  -0.004684  0.999376  0.035011  0.145986  -0.033953  0.988704  -0.000891  -0.001076  -0.000983  0.000000  0.000000  0.000000  2.000000  1.000000  0.000000  0.000000  0.000000  1.000000  0.000000  0.000000  0.000000  1.000000  0.999999  -0.000162  -0.001210  0.000163  1.000000  0.000213  0.001210  -0.000213  0.999999  1.000000  0.000000  0.000000  0.000000  1.000000  0.000000  0.000000  0.000000  1.000000  1.000000  0.000000  0.000000  0.000000  1.000000  0.000000  0.000000  0.000000  1.000000  0.000000  0.000000  
273.347645 0.000260  0.084442  -0.025324  0.989197  0.009778  -0.146264  -0.004684  0.999372  0.035134  0.146515  -0.034070  0.988622  -0.001055  -0.001544  -0.001869  0.000000  0.000000  0.000000  2.000000  1.000000  0.000000  0.000000  0.000000  1.000000  0.000000  0.000000  0.000000  1.000000  0.999998  -0.000144  -0.001745  0.000144  1.000000  0.000455  0.001745  -0.000455  0.999998  1.000000  0.000000  0.000000  0.000000  1.000000  0.000000  0.000000  0.000000  1.000000  1.000000  0.000000  0.000000  0.000000  1.000000  0.000000  0.000000  0.000000  1.000000  0.000000  0.000000  
273.348906 0.000258  0.084433  -0.025337  0.989119  0.009832  -0.146790  -0.004684  0.999363  0.035379  0.147045  -0.034307  0.988535  -0.001146  -0.002121  -0.002879  0.000000  0.000000  0.000000  2.000000  1.000000  0.000000  0.000000  0.000000  1.000000  0.000000  0.000000  0.000000  1.000000  0.999997  -0.000125  -0.002280  0.000126  1.000000  0.000698  0.002280  -0.000698  0.999997  1.000000  0.000000  0.000000  0.000000  1.000000  0.000000  0.000000  0.000000  1.000000  1.000000  0.000000  0.000000  0.000000  1.000000  0.000000  0.000000  0.000000  1.000000  0.000000  0.000000  
273.350140 0.000258  0.084425  -0.025351  0.989059  0.010087  -0.147177  -0.004887  0.999352  0.035654  0.147442  -0.034545  0.988467  -0.001120  -0.002718  -0.004006  0.000000  0.000000  0.000000  2.000000  1.000000  0.000000  0.000000  0.000000  1.000000  0.000000  0.000000  0.000000  1.000000  0.999996  0.000098  -0.002808  -0.000095  1.000000  0.000971  0.002808  -0.000970  0.999996  1.000000  0.000000  0.000000  0.000000  1.000000  0.000000  0.000000  0.000000  1.000000  1.000000  0.000000  0.000000  0.000000  1.000000  0.000000  0.000000  0.000000  1.000000  0.000000  0.000000  
273.351140 0.000257  0.084418  -0.025363  0.988998  0.010325  -0.147566  -0.005090  0.999346  0.035808  0.147839  -0.034663  0.988404  -0.001143  -0.003198  -0.004893  0.000000  0.000000  0.000000  2.000000  1.000000  0.000000  0.000000  0.000000  1.000000  0.000000  0.000000  0.000000  1.000000  0.999995  0.000311  -0.003068  -0.000308  0.999999  0.001122  0.003069  -0.001121  0.999995  1.000000  0.000000  0.000000  0.000000  1.000000  0.000000  0.000000  0.000000  1.000000  1.000000  0.000000  0.000000  0.000000  1.000000  0.000000  0.000000  0.000000  1.000000  0.000000  0.000000  
273.352386 0.000255  0.084409  -0.025380  0.988918  0.010549  -0.148087  -0.005293  0.999343  0.035841  0.148368  -0.034660  0.988325  -0.001242  -0.003837  -0.006184  0.000000  0.000000  0.000000  2.000000  1.000000  0.000000  0.000000  0.000000  1.000000  0.000000  0.000000  0.000000  1.000000  0.999993  0.000534  -0.003596  -0.000530  0.999999  0.001153  0.003597  -0.001151  0.999993  1.000000  0.000000  0.000000  0.000000  1.000000  0.000000  0.000000  0.000000  1.000000  1.000000  0.000000  0.000000  0.000000  1.000000  0.000000  0.000000  0.000000  1.000000  0.000000  0.000000  
273.353387 0.000252  0.084400  -0.025395  0.988817  0.010778  -0.148741  -0.005496  0.999341  0.035875  0.149030  -0.034656  0.988225  -0.001438  -0.004414  -0.007356  0.000000  0.000000  0.000000  2.000000  1.000000  0.000000  0.000000  0.000000  1.000000  0.000000  0.000000  0.000000  1.000000  0.999990  0.000562  -0.004398  -0.000557  0.999999  0.001153  0.004399  -0.001151  0.999990  1.000000  0.000000  0.000000  0.000000  1.000000  0.000000  0.000000  0.000000  1.000000  1.000000  0.000000  0.000000  0.000000  1.000000  0.000000  0.000000  0.000000  1.000000  0.000000  0.000000  
273.354389 0.000249  0.084393  -0.025413  0.988697  0.010788  -0.149536  -0.005496  0.999345  0.035758  0.149823  -0.034532  0.988110  -0.001604  -0.004891  -0.008607  0.035660  0.174517  0.026552  2.000000  1.000000  0.000061  -0.000024  -0.000061  1.000000  0.000013  0.000024  -0.000013  1.000000  0.999986  0.000793  -0.005194  -0.000787  0.999999  0.001063  0.005194  -0.001059  0.999986  1.000000  0.000061  -0.000024  -0.000061  1.000000  0.000013  0.000024  -0.000013  1.000000  1.000000  0.000061  -0.000024  -0.000061  1.000000  0.000013  0.000024  -0.000013  1.000000  0.000044  0.005360  
273.355640 0.000247  0.084385  -0.025437  0.988517  0.010605  -0.150734  -0.005291  0.999352  0.035613  0.151014  -0.034406  0.987933  -0.001761  -0.005441  -0.010404  0.030573  0.215182  0.021093  2.000000  1.000000  0.000401  -0.000162  -0.000401  1.000000  0.000078  0.000162  -0.000078  1.000000  0.999980  0.000830  -0.006263  -0.000824  0.999999  0.000943  0.006264  -0.000938  0.999980  1.000000  0.000073  -0.000030  -0.000073  1.000000  0.000012  0.000030  -0.000012  1.000000  1.000000  0.000401  -0.000162  -0.000401  1.000000  0.000078  0.000162  -0.000078  1.000000  0.000053  0.006388  
273.356889 0.000244  0.084376  -0.025463  0.988335  0.010628  -0.151925  -0.005290  0.999356  0.035498  0.152204  -0.034280  0.987754  -0.001904  -0.006051  -0.012373  0.026507  0.255633  0.022468  2.000000  1.000000  0.000803  -0.000347  -0.000803  1.000000  0.000132  0.000347  -0.000132  1.000000  0.999972  0.000667  -0.007474  -0.000661  0.999999  0.000791  0.007475  -0.000786  0.999972  1.000000  0.000085  -0.000040  -0.000085  1.000000  0.000010  0.000040  -0.000010  1.000000  1.000000  0.000803  -0.000347  -0.000803  1.000000  0.000132  0.000347  -0.000132  1.000000  0.000062  0.007545  
273.358136 0.000241  0.084366  -0.025491  0.988150  0.010857  -0.153108  -0.005493  0.999358  0.035414  0.153394  -0.034154  0.987575  -0.002040  -0.006689  -0.014344  0.023472  0.295860  0.030676  2.000000  0.999999  0.001178  -0.000523  -0.001178  0.999999  0.000167  0.000524  -0.000167  1.000000  0.999962  0.000708  -0.008678  -0.000702  1.000000  0.000671  0.008678  -0.000665  0.999962  1.000000  0.000098  -0.000047  -0.000098  1.000000  0.000008  0.000047  -0.000008  1.000000  0.999999  0.001178  -0.000523  -0.001178  0.999999  0.000167  0.000524  -0.000167  1.000000  0.000072  0.008732  
273.359138 0.000239  0.084358  -0.025514  0.988026  0.010866  -0.153902  -0.005492  0.999362  0.035298  0.154187  -0.034030  0.987455  -0.002010  -0.006981  -0.015407  0.019404  0.322807  0.031578  2.000000  0.999998  0.001600  -0.000713  -0.001600  0.999999  0.000199  0.000714  -0.000198  1.000000  0.999955  0.000938  -0.009473  -0.000932  0.999999  0.000582  0.009473  -0.000573  0.999955  1.000000  0.000108  -0.000049  -0.000108  1.000000  0.000007  0.000049  -0.000007  1.000000  0.999998  0.001600  -0.000713  -0.001600  0.999999  0.000199  0.000714  -0.000198  1.000000  0.000079  0.009537  
273.360388 0.000238  0.084348  -0.025543  0.987880  0.011103  -0.154820  -0.005695  0.999359  0.035335  0.155113  -0.034025  0.987311  -0.001821  -0.007182  -0.016337  0.020456  0.354127  0.039499  2.000000  0.999997  0.002180  -0.000970  -0.002179  0.999998  0.000237  0.000971  -0.000235  1.000000  0.999945  0.001174  -0.010402  -0.001167  0.999999  0.000615  0.010403  -0.000602  0.999946  1.000000  0.000120  -0.000052  -0.000120  1.000000  0.000008  0.000052  -0.000008  1.000000  0.999997  0.002180  -0.000970  -0.002179  0.999998  0.000237  0.000971  -0.000235  1.000000  0.000087  0.010486  
273.361635 0.000237  0.084337  -0.025568  0.987756  0.011130  -0.155612  -0.005694  0.999359  0.035339  0.155906  -0.034020  0.987186  -0.001701  -0.007455  -0.017027  0.020464  0.381037  0.040414  2.000000  0.999995  0.002812  -0.001249  -0.002812  0.999996  0.000276  0.001250  -0.000272  0.999999  0.999935  0.001206  -0.011338  -0.001199  0.999999  0.000616  0.011339  -0.000602  0.999936  1.000000  0.000130  -0.000058  -0.000130  1.000000  0.000008  0.000058  -0.000008  1.000000  0.999995  0.002812  -0.001249  -0.002812  0.999996  0.000276  0.001250  -0.000272  0.999999  0.000095  0.011418  
273.362642 0.000235  0.084326  -0.025588  0.987629  0.011364  -0.156397  -0.005896  0.999357  0.035376  0.156699  -0.034016  0.987060  -0.001656  -0.007701  -0.017611  0.021527  0.407951  0.048193  2.000000  0.999993  0.003357  -0.001485  -0.003357  0.999994  0.000308  0.001486  -0.000303  0.999999  0.999925  0.001437  -0.012133  -0.001430  0.999999  0.000649  0.012134  -0.000631  0.999926  1.000000  0.000140  -0.000060  -0.000140  1.000000  0.000008  0.000060  -0.000008  1.000000  0.999993  0.003357  -0.001485  -0.003357  0.999994  0.000308  0.001486  -0.000303  0.999999  0.000102  0.012235  
273.363642 0.000234  0.084315  -0.025608  0.987482  0.011414  -0.157320  -0.005896  0.999352  0.035503  0.157624  -0.034131  0.986909  -0.001663  -0.008006  -0.018357  0.025603  0.443640  0.049418  2.000000  0.999991  0.003942  -0.001738  -0.003942  0.999992  0.000344  0.001740  -0.000337  0.999998  0.999914  0.001471  -0.013069  -0.001461  0.999999  0.000771  0.013070  -0.000752  0.999914  1.000000  0.000151  -0.000066  -0.000151  1.000000  0.000010  0.000066  -0.000010  1.000000  0.999991  0.003942  -0.001738  -0.003942  0.999992  0.000344  0.001740  -0.000337  0.999998  0.000111  0.013174  
273.364884 0.000233  0.084301  -0.025635  0.987290  0.011681  -0.158500  -0.006098  0.999345  0.035664  0.158813  -0.034244  0.986715  -0.001683  -0.008370  -0.019155  0.030505  0.480001  0.057206  2.000000  0.999987  0.004730  -0.002074  -0.004729  0.999989  0.000396  0.002076  -0.000386  0.999998  0.999902  0.001704  -0.013864  -0.001693  0.999998  0.000806  0.013865  -0.000782  0.999904  1.000000  0.000161  -0.000068  -0.000161  1.000000  0.000010  0.000068  -0.000010  1.000000  0.999987  0.004730  -0.002074  -0.004729  0.999989  0.000396  0.002076  -0.000386  0.999998  0.000119  0.013991  
273.365894 0.000232  0.084288  -0.025661  0.987119  0.011737  -0.159555  -0.006097  0.999341  0.035791  0.159869  -0.034358  0.986540  -0.001752  -0.008806  -0.020208  0.034841  0.519707  0.058918  2.000000  0.999985  0.005059  -0.002214  -0.005058  0.999987  0.000418  0.002216  -0.000407  0.999997  0.999895  0.001724  -0.014398  -0.001711  0.999998  0.000928  0.014400  -0.000903  0.999896  1.000000  0.000167  -0.000071  -0.000167  1.000000  0.000011  0.000071  -0.000011  1.000000  0.999985  0.005059  -0.002214  -0.005058  0.999987  0.000418  0.002216  -0.000407  0.999997  0.000126  0.014531  
273.367137 0.000229  0.084271  -0.025697  0.986927  0.011592  -0.160748  -0.005892  0.999338  0.035887  0.161058  -0.034470  0.986343  -0.001769  -0.009328  -0.021344  0.037891  0.560481  0.053519  2.000000  0.999979  0.005924  -0.002596  -0.005922  0.999982  0.000477  0.002599  -0.000461  0.999997  0.999883  0.001550  -0.015207  -0.001537  0.999998  0.000897  0.015209  -0.000874  0.999884  1.000000  0.000174  -0.000078  -0.000174  1.000000  0.000011  0.000078  -0.000011  1.000000  0.999979  0.005924  -0.002596  -0.005922  0.999982  0.000477  0.002599  -0.000461  0.999997  0.000139  0.015313  
273.368392 0.000227  0.084252  -0.025734  0.986731  0.011859  -0.161927  -0.006094  0.999331  0.036048  0.162246  -0.034583  0.986144  -0.001650  -0.009907  -0.022676  0.043054  0.600750  0.061784  2.000000  0.999972  0.006824  -0.002980  -0.006822  0.999977  0.000533  0.002984  -0.000513  0.999995  0.999874  0.001978  -0.015728  -0.001965  0.999998  0.000844  0.015729  -0.000813  0.999876  1.000000  0.000183  -0.000077  -0.000183  1.000000  0.000010  0.000077  -0.000010  1.000000  0.999972  0.006824  -0.002980  -0.006822  0.999977  0.000533  0.002984  -0.000513  0.999995  0.000149  0.015874  
273.369637 0.000228  0.084235  -0.025772  0.986579  0.011911  -0.162849  -0.006093  0.999327  0.036175  0.163170  -0.034698  0.985988  -0.001390  -0.010415  -0.023664  0.047144  0.632144  0.062900  2.000000  0.999964  0.007750  -0.003371  -0.007749  0.999970  0.000583  0.003376  -0.000557  0.999994  0.999868  0.001994  -0.016129  -0.001982  0.999998  0.000724  0.016130  -0.000692  0.999870  1.000000  0.000187  -0.000079  -0.000187  1.000000  0.000009  0.000079  -0.000009  1.000000  0.999964  0.007750  -0.003371  -0.007749  0.999970  0.000583  0.003376  -0.000557  0.999994  0.000157  0.016268  
273.370892 0.000228  0.084217  -0.025809  0.986446  0.012164  -0.163632  -0.006296  0.999320  0.036335  0.163962  -0.034813  0.985852  -0.001157  -0.011098  -0.024524  0.052294  0.658737  0.070687  2.000000  0.999955  0.008698  -0.003774  -0.008695  0.999962  0.000625  0.003779  -0.000592  0.999993  0.999861  0.002010  -0.016529  -0.002000  0.999998  0.000605  0.016531  -0.000572  0.999863  1.000000  0.000191  -0.000082  -0.000191  1.000000  0.000007  0.000082  -0.000007  1.000000  0.999955  0.008698  -0.003774  -0.008695  0.999962  0.000625  0.003779  -0.000592  0.999993  0.000165  0.016662  
273.372141 0.000231  0.084201  -0.025844  0.986313  0.012398  -0.164416  -0.006498  0.999317  0.036374  0.164754  -0.034808  0.985720  -0.000819  -0.011605  -0.025021  0.053388  0.685525  0.078455  2.000000  0.999945  0.009662  -0.004191  -0.009659  0.999953  0.000660  0.004197  -0.000619  0.999991  0.999857  0.002019  -0.016797  -0.002011  0.999998  0.000485  0.016798  -0.000451  0.999859  1.000000  0.000194  -0.000083  -0.000194  1.000000  0.000006  0.000083  -0.000006  1.000000  0.999945  0.009662  -0.004191  -0.009659  0.999953  0.000660  0.004197  -0.000619  0.999991  0.000172  0.016925  
273.373391 0.000235  0.084186  -0.025875  0.986181  0.012426  -0.165207  -0.006497  0.999317  0.036379  0.165546  -0.034803  0.985588  -0.000385  -0.011950  -0.025176  0.053421  0.712638  0.079403  2.000000  0.999933  0.010641  -0.004621  -0.010638  0.999943  0.000692  0.004629  -0.000643  0.999989  0.999853  0.001825  -0.017071  -0.001818  0.999998  0.000452  0.017072  -0.000421  0.999854  1.000000  0.000196  -0.000087  -0.000196  1.000000  0.000005  0.000087  -0.000005  1.000000  0.999933  0.010641  -0.004621  -0.010638  0.999943  0.000692  0.004629  -0.000643  0.999989  0.000179  0.017175  
273.374636 0.000239  0.084172  -0.025902  0.986047  0.012454  -0.165998  -0.006496  0.999317  0.036384  0.166338  -0.034798  0.985455  -0.000026  -0.012151  -0.025111  0.049391  0.721757  0.079768  2.000000  0.999922  0.011426  -0.004975  -0.011423  0.999934  0.000717  0.004983  -0.000660  0.999987  0.999853  0.001622  -0.017079  -0.001615  0.999999  0.000419  0.017079  -0.000391  0.999854  1.000000  0.000195  -0.000089  -0.000195  1.000000  0.000005  0.000089  -0.000005  1.000000  0.999922  0.011426  -0.004975  -0.011423  0.999934  0.000717  0.004983  -0.000660  0.999987  0.000182  0.017161  
273.375637 0.000242  0.084161  -0.025923  0.985936  0.012477  -0.166657  -0.006495  0.999317  0.036389  0.166997  -0.034795  0.985343  0.000278  -0.012329  -0.025009  0.045344  0.726205  0.079958  2.000000  0.999911  0.012203  -0.005330  -0.012200  0.999925  0.000746  0.005339  -0.000681  0.999986  0.999855  0.001617  -0.016945  -0.001608  0.999999  0.000541  0.016946  -0.000513  0.999856  1.000000  0.000194  -0.000088  -0.000194  1.000000  0.000007  0.000088  -0.000007  1.000000  0.999911  0.012203  -0.005330  -0.012200  0.999925  0.000746  0.005339  -0.000681  0.999986  0.000183  0.017031  
273.376886 0.000247  0.084147  -0.025947  0.985802  0.012525  -0.167447  -0.006494  0.999312  0.036515  0.167789  -0.034909  0.985205  0.000713  -0.012468  -0.024956  0.042395  0.730466  0.087073  2.000000  0.999897  0.013163  -0.005762  -0.013159  0.999913  0.000790  0.005772  -0.000714  0.999983  0.999862  0.001806  -0.016537  -0.001794  0.999998  0.000697  0.016538  -0.000667  0.999863  1.000000  0.000190  -0.000084  -0.000190  1.000000  0.000009  0.000084  -0.000009  1.000000  0.999897  0.013163  -0.005762  -0.013159  0.999913  0.000790  0.005772  -0.000714  0.999983  0.000184  0.016650  
273.378136 0.000250  0.084132  -0.025975  0.985667  0.012553  -0.168238  -0.006494  0.999312  0.036520  0.168580  -0.034905  0.985070  0.001090  -0.012639  -0.025304  0.034285  0.734919  0.087308  2.000000  0.999882  0.014100  -0.006173  -0.014095  0.999900  0.000853  0.006184  -0.000766  0.999981  0.999873  0.001784  -0.015868  -0.001767  0.999998  0.001061  0.015870  -0.001033  0.999874  1.000000  0.000183  -0.000080  -0.000183  1.000000  0.000013  0.000080  -0.000013  1.000000  0.999882  0.014100  -0.006173  -0.014095  0.999900  0.000853  0.006184  -0.000766  0.999981  0.000185  0.016003  
273.379386 0.000253  0.084115  -0.026005  0.985531  0.012581  -0.169028  -0.006493  0.999312  0.036526  0.169371  -0.034900  0.984934  0.001326  -0.012775  -0.025477  0.028914  0.747131  0.080504  2.000000  0.999866  0.015001  -0.006573  -0.014995  0.999887  0.000925  0.006586  -0.000826  0.999978  0.999877  0.001571  -0.015608  -0.001553  0.999998  0.001149  0.015610  -0.001124  0.999878  1.000000  0.000179  -0.000081  -0.000179  1.000000  0.000014  0.000081  -0.000014  1.000000  0.999866  0.015001  -0.006573  -0.014995  0.999887  0.000925  0.006586  -0.000826  0.999978  0.000189  0.015728  
273.380637 0.000255  0.084097  -0.026036  0.985439  0.012806  -0.169548  -0.006695  0.999309  0.036564  0.169899  -0.034896  0.984843  0.001576  -0.012951  -0.025416  0.024889  0.751392  0.080682  2.000000  0.999850  0.015887  -0.006968  -0.015881  0.999873  0.001002  0.006983  -0.000892  0.999975  0.999881  0.001561  -0.015340  -0.001544  0.999998  0.001149  0.015342  -0.001125  0.999882  1.000000  0.000176  -0.000079  -0.000176  1.000000  0.000014  0.000079  -0.000014  1.000000  0.999850  0.015887  -0.006968  -0.015881  0.999873  0.001002  0.006983  -0.000892  0.999975  0.000189  0.015462  
273.381886 0.000257  0.084080  -0.026066  0.985325  0.012850  -0.170205  -0.006694  0.999304  0.036690  0.170558  -0.035012  0.984725  0.001846  -0.012968  -0.025154  0.023827  0.756062  0.074153  2.000000  0.999836  0.016585  -0.007280  -0.016578  0.999862  0.001067  0.007297  -0.000947  0.999973  0.999883  0.001558  -0.015207  -0.001539  0.999998  0.001271  0.015209  -0.001248  0.999884  1.000000  0.000174  -0.000078  -0.000174  1.000000  0.000016  0.000078  -0.000016  1.000000  0.999836  0.016585  -0.007280  -0.016578  0.999862  0.001067  0.007297  -0.000947  0.999973  0.000190  0.015339  
273.382888 0.000260  0.084066  -0.026089  0.985256  0.012884  -0.170599  -0.006694  0.999300  0.036814  0.170954  -0.035129  0.984653  0.002133  -0.012878  -0.024622  0.028135  0.748962  0.074344  2.000000  0.999822  0.017271  -0.007589  -0.017263  0.999850  0.001135  0.007607  -0.001004  0.999971  0.999889  0.001341  -0.014813  -0.001322  0.999998  0.001236  0.014814  -0.001216  0.999890  1.000000  0.000169  -0.000078  -0.000169  1.000000  0.000015  0.000078  -0.000015  1.000000  0.999822  0.017271  -0.007589  -0.017263  0.999850  0.001135  0.007607  -0.001004  0.999971  0.000189  0.014924  
273.384143 0.000264  0.084052  -0.026113  0.985188  0.012919  -0.170992  -0.006693  0.999295  0.036938  0.171349  -0.035246  0.984580  0.002506  -0.012656  -0.023674  0.035204  0.731099  0.066864  2.000000  0.999804  0.018100  -0.007970  -0.018091  0.999836  0.001226  0.007991  -0.001082  0.999967  0.999897  0.001325  -0.014278  -0.001306  0.999998  0.001358  0.014279  -0.001339  0.999897  1.000000  0.000163  -0.000075  -0.000163  1.000000  0.000017  0.000075  -0.000017  1.000000  0.999804  0.018100  -0.007970  -0.018091  0.999836  0.001226  0.007991  -0.001082  0.999967  0.000186  0.014403  
273.385390 0.000269  0.084038  -0.026137  0.985096  0.012959  -0.171518  -0.006693  0.999291  0.037062  0.171876  -0.035362  0.984484  0.002744  -0.012421  -0.022721  0.044516  0.708484  0.072898  2.000000  0.999787  0.018886  -0.008337  -0.018876  0.999821  0.001318  0.008361  -0.001160  0.999964  0.999909  0.001094  -0.013483  -0.001077  0.999999  0.001322  0.013484  -0.001308  0.999908  1.000000  0.000153  -0.000073  -0.000153  1.000000  0.000016  0.000073  -0.000016  1.000000  0.999787  0.018886  -0.008337  -0.018876  0.999821  0.001318  0.008361  -0.001160  0.999964  0.000180  0.013591  
273.386664 0.000273  0.084023  -0.026162  0.985027  0.012994  -0.171911  -0.006692  0.999286  0.037186  0.172272  -0.035479  0.984410  0.002862  -0.012291  -0.022022  0.052663  0.680916  0.071875  2.000000  0.999770  0.019616  -0.008680  -0.019605  0.999807  0.001406  0.008706  -0.001236  0.999961  0.999924  0.001053  -0.012279  -0.001036  0.999999  0.001322  0.012281  -0.001309  0.999924  1.000000  0.000139  -0.000065  -0.000139  1.000000  0.000016  0.000065  -0.000016  1.000000  0.999770  0.019616  -0.008680  -0.019605  0.999807  0.001406  0.008706  -0.001236  0.999961  0.000174  0.012395  
273.387889 0.000276  0.084007  -0.026192  0.984957  0.013050  -0.172303  -0.006692  0.999277  0.037431  0.172667  -0.035715  0.984333  0.002828  -0.012322  -0.021996  0.063844  0.654712  0.064187  2.000000  0.999757  0.020160  -0.008921  -0.020148  0.999796  0.001479  0.008949  -0.001299  0.999959  0.999932  0.001233  -0.011603  -0.001217  0.999998  0.001357  0.011605  -0.001343  0.999932  1.000000  0.000133  -0.000059  -0.000133  1.000000  0.000017  0.000059  -0.000017  1.000000  0.999757  0.020160  -0.008921  -0.020148  0.999796  0.001479  0.008949  -0.001299  0.999959  0.000167  0.011747  
273.388892 0.000277  0.083994  -0.026220  0.984911  0.013080  -0.172565  -0.006691  0.999272  0.037554  0.172931  -0.035833  0.984282  0.002750  -0.012474  -0.022271  0.072015  0.636699  0.063542  2.000000  0.999744  0.020673  -0.009154  -0.020659  0.999785  0.001551  0.009184  -0.001362  0.999957  0.999940  0.001007  -0.010942  -0.000992  0.999999  0.001322  0.010943  -0.001311  0.999939  1.000000  0.000125  -0.000058  -0.000125  1.000000  0.000016  0.000058  -0.000016  1.000000  0.999744  0.020673  -0.009154  -0.020659  0.999785  0.001551  0.009184  -0.001362  0.999957  0.000162  0.011067  
273.390139 0.000279  0.083977  -0.026255  0.984888  0.013106  -0.172695  -0.006691  0.999268  0.037676  0.173063  -0.035952  0.984254  0.002546  -0.012688  -0.022875  0.074984  0.610017  0.055803  2.000000  0.999732  0.021157  -0.009375  -0.021143  0.999775  0.001626  0.009407  -0.001428  0.999955  0.999945  0.000990  -0.010407  -0.000975  0.999998  0.001443  0.010408  -0.001433  0.999945  1.000000  0.000119  -0.000054  -0.000119  1.000000  0.000018  0.000054  -0.000018  1.000000  0.999732  0.021157  -0.009375  -0.021143  0.999775  0.001626  0.009407  -0.001428  0.999955  0.000157  0.010552  
273.391153 0.000280  0.083963  -0.026284  0.984864  0.013338  -0.172818  -0.006894  0.999260  0.037834  0.173194  -0.036070  0.984227  0.002347  -0.012879  -0.023466  0.080167  0.591455  0.061984  2.000000  0.999720  0.021615  -0.009582  -0.021600  0.999765  0.001703  0.009616  -0.001495  0.999953  0.999951  0.000970  -0.009872  -0.000956  0.999999  0.001443  0.009873  -0.001433  0.999950  1.000000  0.000113  -0.000051  -0.000113  1.000000  0.000018  0.000051  -0.000018  1.000000  0.999720  0.021615  -0.009582  -0.021600  0.999765  0.001703  0.009616  -0.001495  0.999953  0.000151  0.010024  
273.392155 0.000281  0.083948  -0.026313  0.984864  0.013338  -0.172818  -0.006894  0.999260  0.037834  0.173194  -0.036070  0.984227  0.002222  -0.013063  -0.024038  0.079040  0.564723  0.054204  2.000000  0.999712  0.021941  -0.009727  -0.021925  0.999758  0.001760  0.009763  -0.001546  0.999951  0.999956  0.000952  -0.009337  -0.000938  0.999999  0.001443  0.009339  -0.001434  0.999955  1.000000  0.000107  -0.000048  -0.000107  1.000000  0.000018  0.000048  -0.000018  1.000000  0.999712  0.021941  -0.009727  -0.021925  0.999758  0.001760  0.009763  -0.001546  0.999951  0.000145  0.009495  
273.393384 0.000282  0.083930  -0.026349  0.984840  0.013384  -0.172946  -0.006894  0.999251  0.038077  0.173326  -0.036308  0.984195  0.002067  -0.013231  -0.024536  0.082501  0.533682  0.052936  2.000000  0.999701  0.022354  -0.009915  -0.022337  0.999749  0.001839  0.009954  -0.001617  0.999949  0.999961  0.000730  -0.008810  -0.000717  0.999999  0.001528  0.008811  -0.001522  0.999960  1.000000  0.000100  -0.000047  -0.000100  1.000000  0.000019  0.000047  -0.000019  1.000000  0.999701  0.022354  -0.009915  -0.022337  0.999749  0.001839  0.009954  -0.001617  0.999949  0.000137  0.008971  
273.394389 0.000282  0.083916  -0.026376  0.984816  0.013595  -0.173070  -0.007096  0.999248  0.038114  0.173458  -0.036307  0.984172  0.001984  -0.013259  -0.024765  0.079111  0.506526  0.052266  2.000000  0.999693  0.022648  -0.010046  -0.022630  0.999742  0.001905  0.010087  -0.001677  0.999948  0.999964  0.000919  -0.008401  -0.000905  0.999998  0.001685  0.008403  -0.001678  0.999963  1.000000  0.000097  -0.000043  -0.000097  1.000000  0.000021  0.000043  -0.000021  1.000000  0.999693  0.022648  -0.010046  -0.022630  0.999742  0.001905  0.010087  -0.001677  0.999948  0.000131  0.008617  
273.395634 0.000282  0.083898  -0.026409  0.984793  0.013642  -0.173198  -0.007096  0.999239  0.038357  0.173590  -0.036545  0.984140  0.001802  -0.013293  -0.024884  0.083263  0.466364  0.050930  2.000000  0.999681  0.023105  -0.010243  -0.023086  0.999731  0.002021  0.010287  -0.001784  0.999945  0.999971  0.000891  -0.007599  -0.000877  0.999998  0.001806  0.007600  -0.001800  0.999969  1.000000  0.000088  -0.000038  -0.000088  1.000000  0.000023  0.000038  -0.000023  1.000000  0.999681  0.023105  -0.010243  -0.023086  0.999731  0.002021  0.010287  -0.001784  0.999945  0.000123  0.007860  
273.396634 0.000281  0.083883  -0.026435  0.984769  0.013668  -0.173328  -0.007096  0.999234  0.038479  0.173721  -0.036663  0.984112  0.001636  -0.013309  -0.024983  0.083711  0.439816  0.056502  2.000000  0.999671  0.023443  -0.010384  -0.023422  0.999723  0.002120  0.010431  -0.001876  0.999944  0.999975  0.000872  -0.007064  -0.000858  0.999998  0.001928  0.007065  -0.001922  0.999973  1.000000  0.000082  -0.000035  -0.000082  1.000000  0.000024  0.000035  -0.000024  1.000000  0.999671  0.023443  -0.010384  -0.023422  0.999723  0.002120  0.010431  -0.001876  0.999944  0.000115  0.007373  
273.397637 0.000280  0.083869  -0.026459  0.984768  0.013895  -0.173319  -0.007299  0.999227  0.038636  0.173721  -0.036783  0.984108  0.001403  -0.013338  -0.025050  0.083724  0.408579  0.055418  2.000000  0.999665  0.023679  -0.010481  -0.023657  0.999718  0.002199  0.010530  -0.001951  0.999943  0.999978  0.000853  -0.006529  -0.000839  0.999998  0.002049  0.006531  -0.002043  0.999977  1.000000  0.000076  -0.000032  -0.000076  1.000000  0.000026  0.000032  -0.000026  1.000000  0.999665  0.023679  -0.010481  -0.023657  0.999718  0.002199  0.010530  -0.001951  0.999943  0.000107  0.006895  
273.398900 0.000278  0.083852  -0.026491  0.984745  0.013921  -0.173449  -0.007298  0.999222  0.038759  0.173853  -0.036901  0.984080  0.000912  -0.013550  -0.025573  0.084421  0.375897  0.054600  2.000000  0.999654  0.024048  -0.010616  -0.024025  0.999709  0.002339  0.010669  -0.002083  0.999941  0.999982  0.001032  -0.005852  -0.001019  0.999997  0.002206  0.005855  -0.002200  0.999980  1.000000  0.000070  -0.000025  -0.000070  1.000000  0.000028  0.000025  -0.000028  1.000000  0.999654  0.024048  -0.010616  -0.024025  0.999709  0.002339  0.010669  -0.002083  0.999941  0.000100  0.006338  
273.400142 0.000275  0.083834  -0.026526  0.984745  0.013942  -0.173447  -0.007298  0.999217  0.038880  0.173853  -0.037021  0.984075  0.000463  -0.013812  -0.026389  0.083299  0.344800  0.046697  2.000000  0.999647  0.024314  -0.010707  -0.024289  0.999702  0.002454  0.010764  -0.002193  0.999940  0.999985  0.001012  -0.005318  -0.001000  0.999997  0.002327  0.005320  -0.002322  0.999983  1.000000  0.000064  -0.000022  -0.000064  1.000000  0.000029  0.000022  -0.000029  1.000000  0.999647  0.024314  -0.010707  -0.024289  0.999702  0.002454  0.010764  -0.002193  0.999940  0.000092  0.005891  
273.401160 0.000273  0.083820  -0.026556  0.984743  0.014168  -0.173437  -0.007501  0.999210  0.039037  0.173853  -0.037140  0.984071  0.000082  -0.013974  -0.026980  0.088492  0.326340  0.052838  2.000000  0.999644  0.024437  -0.010748  -0.024412  0.999699  0.002513  0.010806  -0.002250  0.999939  0.999987  0.001201  -0.004909  -0.001188  0.999996  0.002484  0.004912  -0.002478  0.999985  1.000000  0.000000  0.000000  0.000000  1.000000  0.000000  0.000000  0.000000  1.000000  0.999644  0.024437  -0.010748  -0.024412  0.999699  0.002513  0.010806  -0.002250  0.999939  0.000086  0.000000  
273.402407 0.000269  0.083802  -0.026597  0.984743  0.014189  -0.173435  -0.007501  0.999205  0.039158  0.173853  -0.037259  0.984066  -0.000402  -0.014140  -0.027844  0.091410  0.295141  0.044893  2.000000  0.999644  0.024437  -0.010748  -0.024412  0.999699  0.002513  0.010806  -0.002250  0.999939  0.999990  0.001181  -0.004374  -0.001169  0.999996  0.002605  0.004377  -0.002600  0.999987  1.000000  0.000000  0.000000  0.000000  1.000000  0.000000  0.000000  0.000000  1.000000  0.999644  0.024437  -0.010748  -0.024412  0.999699  0.002513  0.010806  -0.002250  0.999939  0.000080  0.000000  
273.403413 0.000265  0.083787  -0.026632  0.984743  0.014189  -0.173435  -0.007501  0.999205  0.039158  0.173853  -0.037259  0.984066  -0.000819  -0.014268  -0.028418  0.092313  0.270807  0.044332  2.000000  0.999644  0.024437  -0.010748  -0.024412  0.999699  0.002513  0.010806  -0.002250  0.999939  0.999992  0.000963  -0.003980  -0.000953  0.999996  0.002569  0.003983  -0.002566  0.999989  1.000000  0.000000  0.000000  0.000000  1.000000  0.000000  0.000000  0.000000  1.000000  0.999644  0.024437  -0.010748  -0.024412  0.999699  0.002513  0.010806  -0.002250  0.999939  0.000075  0.000000  
273.404637 0.000259  0.083769  -0.026674  0.984741  0.014416  -0.173426  -0.007704  0.999197  0.039315  0.173853  -0.037379  0.984062  -0.001294  -0.014324  -0.028935  0.096770  0.250207  0.050115  2.000000  0.999644  0.024437  -0.010748  -0.024412  0.999699  0.002513  0.010806  -0.002250  0.999939  0.999993  0.001146  -0.003438  -0.001137  0.999996  0.002605  0.003441  -0.002601  0.999991  1.000000  0.000000  0.000000  0.000000  1.000000  0.000000  0.000000  0.000000  1.000000  0.999644  0.024437  -0.010748  -0.024412  0.999699  0.002513  0.010806  -0.002250  0.999939  0.000069  0.000000  
273.405886 0.000253  0.083751  -0.026717  0.984741  0.014437  -0.173424  -0.007704  0.999192  0.039436  0.173853  -0.037498  0.984057  -0.001793  -0.014301  -0.029322  0.100023  0.221374  0.048727  2.000000  0.999644  0.024437  -0.010748  -0.024412  0.999699  0.002513  0.010806  -0.002250  0.999939  0.999995  0.001131  -0.003036  -0.001122  0.999996  0.002726  0.003039  -0.002723  0.999992  1.000000  0.000000  0.000000  0.000000  1.000000  0.000000  0.000000  0.000000  1.000000  0.999644  0.024437  -0.010748  -0.024412  0.999699  0.002513  0.010806  -0.002250  0.999939  0.000064  0.000000  
273.406890 0.000248  0.083737  -0.026751  0.984765  0.014453  -0.173290  -0.007704  0.999188  0.039556  0.173721  -0.037618  0.984076  -0.002204  -0.014324  -0.029679  0.100858  0.191729  0.047994  2.000000  0.999644  0.024437  -0.010748  -0.024412  0.999699  0.002513  0.010806  -0.002250  0.999939  0.999996  0.001111  -0.002501  -0.001104  0.999996  0.002726  0.002505  -0.002723  0.999993  1.000000  0.000000  0.000000  0.000000  1.000000  0.000000  0.000000  0.000000  1.000000  0.999644  0.024437  -0.010748  -0.024412  0.999699  0.002513  0.010806  -0.002250  0.999939  0.000058  0.000000  
273.407891 0.000243  0.083722  -0.026784  0.984765  0.014453  -0.173290  -0.007704  0.999188  0.039556  0.173721  -0.037618  0.984076  -0.002616  -0.014346  -0.030033  0.100866  0.173747  0.047328  2.000000  0.999644  0.024437  -0.010748  -0.024412  0.999699  0.002513  0.010806  -0.002250  0.999939  0.999997  0.001095  -0.002100  -0.001090  0.999996  0.002605  0.002103  -0.002603  0.999994  1.000000  0.000000  0.000000  0.000000  1.000000  0.000000  0.000000  0.000000  1.000000  0.999644  0.024437  -0.010748  -0.024412  0.999699  0.002513  0.010806  -0.002250  0.999939  0.000053  0.000000  
273.409137 0.000235  0.083704  -0.026828  0.984788  0.014469  -0.173157  -0.007704  0.999183  0.039676  0.173590  -0.037739  0.984095  -0.003210  -0.014389  -0.030588  0.000000  0.000000  0.000000  2.000000  0.999644  0.024437  -0.010748  -0.024412  0.999699  0.002513  0.010806  -0.002250  0.999939  0.999998  0.001075  -0.001565  -0.001071  0.999996  0.002483  0.001568  -0.002482  0.999996  1.000000  0.000000  0.000000  0.000000  1.000000  0.000000  0.000000  0.000000  1.000000  0.999644  0.024437  -0.010748  -0.024412  0.999699  0.002513  0.010806  -0.002250  0.999939  0.000000  0.000000  
273.410137 0.000229  0.083687  -0.026864  0.984834  0.014459  -0.172894  -0.007705  0.999183  0.039674  0.173326  -0.037740  0.984141  -0.003583  -0.014508  -0.031167  0.000000  0.000000  0.000000  2.000000  0.999644  0.024437  -0.010748  -0.024412  0.999699  0.002513  0.010806  -0.002250  0.999939  0.999999  0.001054  -0.001031  -0.001052  0.999997  0.002362  0.001033  -0.002361  0.999997  1.000000  0.000000  0.000000  0.000000  1.000000  0.000000  0.000000  0.000000  1.000000  0.999644  0.024437  -0.010748  -0.024412  0.999699  0.002513  0.010806  -0.002250  0.999939  0.000000  0.000000  
273.411387 0.000221  0.083667  -0.026912  0.984856  0.014681  -0.172752  -0.007908  0.999175  0.039830  0.173194  -0.037861  0.984160  -0.004121  -0.014692  -0.032313  0.000000  0.000000  0.000000  2.000000  0.999644  0.024437  -0.010748  -0.024412  0.999699  0.002513  0.010806  -0.002250  0.999939  0.999999  0.001231  -0.000354  -0.001230  0.999996  0.002397  0.000357  -0.002397  0.999997  1.000000  0.000000  0.000000  0.000000  1.000000  0.000000  0.000000  0.000000  1.000000  0.999644  0.024437  -0.010748  -0.024412  0.999699  0.002513  0.010806  -0.002250  0.999939  0.000000  0.000000  
273.412636 0.000212  0.083645  -0.026962  0.984879  0.014696  -0.172619  -0.007908  0.999170  0.039950  0.173063  -0.037981  0.984178  -0.004544  -0.014974  -0.033539  0.000000  0.000000  0.000000  2.000000  0.999644  0.024437  -0.010748  -0.024412  0.999699  0.002513  0.010806  -0.002250  0.999939  0.999999  0.001216  0.000047  -0.001216  0.999997  0.002276  -0.000044  -0.002276  0.999997  1.000000  0.000000  0.000000  0.000000  1.000000  0.000000  0.000000  0.000000  1.000000  0.999644  0.024437  -0.010748  -0.024412  0.999699  0.002513  0.010806  -0.002250  0.999939  0.000000  0.000000  
273.413636 0.000204  0.083626  -0.027005  0.984879  0.014717  -0.172617  -0.007908  0.999166  0.040071  0.173063  -0.038100  0.984174  -0.004992  -0.015297  -0.034868  0.000000  0.000000  0.000000  2.000000  0.999644  0.024437  -0.010748  -0.024412  0.999699  0.002513  0.010806  -0.002250  0.999939  0.999999  0.001013  0.000039  -0.001013  0.999997  0.002240  -0.000037  -0.002240  0.999997  1.000000  0.000000  0.000000  0.000000  1.000000  0.000000  0.000000  0.000000  1.000000  0.999644  0.024437  -0.010748  -0.024412  0.999699  0.002513  0.010806  -0.002250  0.999939  0.000000  0.000000  
273.414885 0.000193  0.083603  -0.027058  0.984879  0.014717  -0.172617  -0.007908  0.999166  0.040071  0.173063  -0.038100  0.984174  -0.005497  -0.015668  -0.035981  0.000000  0.000000  0.000000  2.000000  0.999644  0.024437  -0.010748  -0.024412  0.999699  0.002513  0.010806  -0.002250  0.999939  0.999999  0.001008  0.000173  -0.001008  0.999997  0.002240  -0.000171  -0.002240  0.999997  1.000000  0.000000  0.000000  0.000000  1.000000  0.000000  0.000000  0.000000  1.000000  0.999644  0.024437  -0.010748  -0.024412  0.999699  0.002513  0.010806  -0.002250  0.999939  0.000000  0.000000  
273.415892 0.000185  0.083584  -0.027101  0.984879  0.014738  -0.172615  -0.007908  0.999161  0.040193  0.173063  -0.038220  0.984169  -0.005942  -0.016059  -0.037047  0.000000  0.000000  0.000000  2.000000  0.999644  0.024437  -0.010748  -0.024412  0.999699  0.002513  0.010806  -0.002250  0.999939  0.999999  0.001003  0.000307  -0.001003  0.999997  0.002119  -0.000305  -0.002119  0.999998  1.000000  0.000000  0.000000  0.000000  1.000000  0.000000  0.000000  0.000000  1.000000  0.999644  0.024437  -0.010748  -0.024412  0.999699  0.002513  0.010806  -0.002250  0.999939  0.000000  0.000000  
273.417140 0.000175  0.083561  -0.027154  0.984856  0.014743  -0.172747  -0.007908  0.999161  0.040194  0.173194  -0.038219  0.984146  -0.006357  -0.016313  -0.037669  0.000000  0.000000  0.000000  2.000000  0.999644  0.024437  -0.010748  -0.024412  0.999699  0.002513  0.010806  -0.002250  0.999939  1.000000  0.000800  0.000299  -0.000801  0.999998  0.001962  -0.000297  -0.001962  0.999998  1.000000  0.000000  0.000000  0.000000  1.000000  0.000000  0.000000  0.000000  1.000000  0.999644  0.024437  -0.010748  -0.024412  0.999699  0.002513  0.010806  -0.002250  0.999939  0.000000  0.000000  
