1-Time 2-Px 3-Py 4-Pz 5-R11 6-R21 7-R31 8-R12 9-R22 10-R32 11-R13 12-R23 13-R33 14-Vx 15-Vy 16-Vz 17-Wx 18-Wy 19-Wz 20-state 21-PR11 22-PR21 23-PR31 24-PR12 25-PR22 26-PR32 27-PR13 28-PR23 29-PR33 
102.381475 0.010860  0.099107  0.001387  0.996700  0.063430  -0.050647  0.048463  0.035503  0.998194  0.065114  -0.997355  0.032312  -0.001107  -0.001168  -0.000849  0.000000  0.000000  0.000000  2.000000  1.000000  0.000000  0.000000  0.000000  -0.000000  1.000000  0.000000  -1.000000  -0.000000  1.000000  0.000027  0.000821  -0.000027  1.000000  0.000054  -0.000821  -0.000054  1.000000  1.000000  0.000000  0.000000  0.000000  1.000000  0.000000  0.000000  0.000000  1.000000  0.746619  0.484288  0.456099  -0.502180  -0.039380  0.863866  0.436321  -0.874022  0.213798  0.000000  0.000000  
102.382478 0.010859  0.099106  0.001386  0.996710  0.063438  -0.050441  0.048258  0.035490  0.998204  0.065114  -0.997355  0.032312  -0.001095  -0.001156  -0.000840  0.000000  0.000000  0.000000  2.000000  1.000000  0.000000  0.000000  0.000000  -0.000000  1.000000  0.000000  -1.000000  -0.000000  1.000000  0.000027  0.000821  -0.000027  1.000000  0.000054  -0.000821  -0.000054  1.000000  1.000000  0.000000  0.000000  0.000000  1.000000  0.000000  0.000000  0.000000  1.000000  1.000000  0.000000  0.000000  0.000000  -0.000000  1.000000  0.000000  -1.000000  -0.000000  0.000000  0.000000  
102.383481 0.010860  0.099106  0.001386  0.996720  0.063445  -0.050236  0.048053  0.035477  0.998215  0.065114  -0.997355  0.032312  -0.000945  -0.001082  -0.000759  0.000000  0.000000  0.000000  2.000000  1.000000  0.000000  0.000000  0.000000  -0.000000  1.000000  0.000000  -1.000000  -0.000000  0.999999  0.000033  0.001027  -0.000033  1.000000  0.000067  -0.001027  -0.000067  0.999999  1.000000  0.000000  0.000000  0.000000  1.000000  0.000000  0.000000  0.000000  1.000000  1.000000  0.000000  0.000000  0.000000  -0.000000  1.000000  0.000000  -1.000000  -0.000000  0.000000  0.000000  
102.384481 0.010862  0.099106  0.001386  0.996731  0.063593  -0.049829  0.047642  0.035457  0.998235  0.065247  -0.997346  0.032312  -0.000780  -0.001013  -0.000712  0.000000  0.000000  0.000000  2.000000  1.000000  0.000000  0.000000  0.000000  -0.000000  1.000000  0.000000  -1.000000  -0.000000  0.999999  0.000180  0.001433  -0.000180  1.000000  0.000094  -0.001433  -0.000094  0.999999  1.000000  0.000000  0.000000  0.000000  1.000000  0.000000  0.000000  0.000000  1.000000  1.000000  0.000000  0.000000  0.000000  -0.000000  1.000000  0.000000  -1.000000  -0.000000  0.000000  0.000000  
102.385732 0.010864  0.099106  0.001387  0.996742  0.063741  -0.049423  0.047231  0.035437  0.998255  0.065381  -0.997337  0.032311  -0.000517  -0.000874  -0.000585  0.000000  0.000000  0.000000  2.000000  1.000000  0.000000  0.000000  0.000000  -0.000000  1.000000  0.000000  -1.000000  -0.000000  0.999999  0.000321  0.001634  -0.000321  1.000000  0.000107  -0.001634  -0.000108  0.999999  1.000000  0.000000  0.000000  0.000000  1.000000  0.000000  0.000000  0.000000  1.000000  1.000000  0.000000  0.000000  0.000000  -0.000000  1.000000  0.000000  -1.000000  -0.000000  0.000000  0.000000  
102.386979 0.010866  0.099106  0.001387  0.996761  0.063755  -0.049012  0.046821  0.035411  0.998275  0.065381  -0.997337  0.032311  -0.000260  -0.000794  -0.000503  0.000000  0.000000  0.000000  2.000000  1.000000  0.000000  0.000000  0.000000  -0.000000  1.000000  0.000000  -1.000000  -0.000000  0.999998  0.000334  0.002045  -0.000334  1.000000  0.000134  -0.002045  -0.000135  0.999998  1.000000  0.000000  0.000000  0.000000  1.000000  0.000000  0.000000  0.000000  1.000000  1.000000  0.000000  0.000000  0.000000  -0.000000  1.000000  0.000000  -1.000000  -0.000000  0.000000  0.000000  
102.387981 0.010869  0.099105  0.001387  0.996762  0.063890  -0.048818  0.046615  0.035525  0.998281  0.065514  -0.997324  0.032432  0.000010  -0.000717  -0.000454  0.000000  0.000000  0.000000  2.000000  1.000000  0.000000  0.000000  0.000000  -0.000000  1.000000  0.000000  -1.000000  -0.000000  0.999997  0.000347  0.002455  -0.000347  1.000000  0.000039  -0.002455  -0.000040  0.999997  1.000000  0.000000  0.000000  0.000000  1.000000  0.000000  0.000000  0.000000  1.000000  1.000000  0.000000  0.000000  0.000000  -0.000000  1.000000  0.000000  -1.000000  -0.000000  0.000000  0.000000  
102.388983 0.010872  0.099106  0.001387  0.996772  0.063897  -0.048613  0.046410  0.035512  0.998291  0.065514  -0.997324  0.032432  0.000311  -0.000609  -0.000381  0.000000  0.000000  0.000000  2.000000  1.000000  0.000000  0.000000  0.000000  -0.000000  1.000000  0.000000  -1.000000  -0.000000  0.999996  0.000488  0.002656  -0.000488  1.000000  0.000053  -0.002656  -0.000054  0.999996  1.000000  0.000000  0.000000  0.000000  1.000000  0.000000  0.000000  0.000000  1.000000  1.000000  0.000000  0.000000  0.000000  -0.000000  1.000000  0.000000  -1.000000  -0.000000  0.000000  0.000000  
102.390005 0.010876  0.099106  0.001388  0.996782  0.064045  -0.048206  0.045999  0.035492  0.998311  0.065648  -0.997316  0.032432  0.000605  -0.000521  -0.000264  0.000000  0.000000  0.000000  2.000000  1.000000  0.000000  0.000000  0.000000  -0.000000  1.000000  0.000000  -1.000000  -0.000000  0.999995  0.000635  0.003062  -0.000635  1.000000  0.000080  -0.003062  -0.000082  0.999995  1.000000  0.000000  0.000000  0.000000  1.000000  0.000000  0.000000  0.000000  1.000000  1.000000  0.000000  0.000000  0.000000  -0.000000  1.000000  0.000000  -1.000000  -0.000000  0.000000  0.000000  
102.391232 0.010879  0.099106  0.001389  0.996793  0.064328  -0.047606  0.045383  0.035586  0.998336  0.065915  -0.997294  0.032552  0.000954  -0.000431  -0.000147  0.000000  0.000000  0.000000  2.000000  1.000000  0.000000  0.000000  0.000000  -0.000000  1.000000  0.000000  -1.000000  -0.000000  0.999994  0.000909  0.003259  -0.000909  1.000000  -0.000028  -0.003259  0.000025  0.999995  1.000000  0.000000  0.000000  0.000000  1.000000  0.000000  0.000000  0.000000  1.000000  1.000000  0.000000  0.000000  0.000000  -0.000000  1.000000  0.000000  -1.000000  -0.000000  0.000000  0.000000  
102.392237 0.010882  0.099106  0.001390  0.996794  0.064609  -0.047203  0.044972  0.035571  0.998355  0.066182  -0.997276  0.032552  0.001196  -0.000347  -0.000031  0.000000  0.000000  0.000000  2.000000  1.000000  0.000000  0.000000  0.000000  -0.000000  1.000000  0.000000  -1.000000  -0.000000  0.999993  0.001056  0.003665  -0.001056  0.999999  -0.000002  -0.003665  -0.000002  0.999993  1.000000  0.000000  0.000000  0.000000  1.000000  0.000000  0.000000  0.000000  1.000000  1.000000  0.000000  0.000000  0.000000  -0.000000  1.000000  0.000000  -1.000000  -0.000000  0.000000  0.000000  
102.393482 0.010885  0.099107  0.001390  0.996812  0.064759  -0.046599  0.044356  0.035658  0.998379  0.066315  -0.997264  0.032672  0.001478  -0.000177  0.000084  0.000000  0.000000  0.000000  2.000000  1.000000  0.000000  0.000000  0.000000  -0.000000  1.000000  0.000000  -1.000000  -0.000000  0.999990  0.001344  0.004272  -0.001344  0.999999  -0.000083  -0.004272  0.000077  0.999991  1.000000  0.000000  0.000000  0.000000  1.000000  0.000000  0.000000  0.000000  1.000000  1.000000  0.000000  0.000000  0.000000  -0.000000  1.000000  0.000000  -1.000000  -0.000000  0.000000  0.000000  
102.394491 0.010888  0.099108  0.001391  0.996822  0.064907  -0.046192  0.043945  0.035638  0.998398  0.066449  -0.997255  0.032672  0.001769  -0.000021  0.000167  -0.000396  -0.177864  0.050766  2.000000  1.000000  0.000000  0.000000  0.000000  -0.000000  1.000000  0.000000  -1.000000  -0.000000  0.999988  0.001491  0.004679  -0.001491  0.999999  -0.000056  -0.004679  0.000049  0.999989  1.000000  0.000000  0.000000  0.000000  1.000000  0.000000  0.000000  0.000000  1.000000  1.000000  0.000000  0.000000  0.000000  -0.000000  1.000000  0.000000  -1.000000  -0.000000  0.000045  0.000000  
102.395732 0.010891  0.099110  0.001391  0.996831  0.065190  -0.045592  0.043328  0.035730  0.998422  0.066716  -0.997233  0.032792  0.002059  0.000193  0.000261  -0.003536  -0.191415  0.060228  2.000000  1.000000  0.000043  0.000127  -0.000127  0.000004  1.000000  0.000043  -1.000000  0.000004  0.999986  0.001773  0.005080  -0.001772  0.999998  -0.000150  -0.005081  0.000141  0.999987  1.000000  0.000022  0.000064  -0.000022  1.000000  -0.000002  -0.000064  0.000002  1.000000  1.000000  0.000043  0.000127  -0.000127  0.000004  1.000000  0.000043  -1.000000  0.000004  0.000049  0.005383  
102.396989 0.010894  0.099113  0.001392  0.996848  0.065480  -0.044787  0.042507  0.035809  0.998454  0.066983  -0.997211  0.032913  0.002354  0.000467  0.000399  -0.005757  -0.218665  0.070114  2.000000  1.000000  0.000137  0.000407  -0.000407  0.000014  1.000000  0.000137  -1.000000  0.000014  0.999981  0.001934  0.005897  -0.001933  0.999998  -0.000218  -0.005897  0.000207  0.999983  1.000000  0.000024  0.000074  -0.000024  1.000000  -0.000003  -0.000074  0.000003  1.000000  1.000000  0.000137  0.000407  -0.000407  0.000014  1.000000  0.000137  -1.000000  0.000014  0.000055  0.006210  
102.398228 0.010898  0.099116  0.001393  0.996865  0.065630  -0.044182  0.041891  0.035895  0.998477  0.067116  -0.997198  0.033033  0.002539  0.000691  0.000473  -0.008448  -0.239291  0.075325  2.000000  1.000000  0.000270  0.000798  -0.000798  0.000031  1.000000  0.000270  -1.000000  0.000032  0.999976  0.002222  0.006504  -0.002220  0.999997  -0.000299  -0.006504  0.000285  0.999979  1.000000  0.000028  0.000081  -0.000028  1.000000  -0.000004  -0.000081  0.000004  1.000000  1.000000  0.000270  0.000798  -0.000798  0.000031  1.000000  0.000270  -1.000000  0.000032  0.000061  0.006879  
102.399232 0.010900  0.099119  0.001394  0.996874  0.065773  -0.043784  0.041480  0.035995  0.998491  0.067250  -0.997185  0.033154  0.002634  0.000892  0.000503  -0.011501  -0.250928  0.079649  2.000000  0.999999  0.000387  0.001141  -0.001141  0.000049  0.999999  0.000387  -1.000000  0.000050  0.999972  0.002377  0.007115  -0.002374  0.999997  -0.000381  -0.007116  0.000364  0.999975  1.000000  0.000030  0.000089  -0.000030  1.000000  -0.000005  -0.000089  0.000005  1.000000  0.999999  0.000387  0.001141  -0.001141  0.000049  0.999999  0.000387  -1.000000  0.000050  0.000066  0.007511  
102.400236 0.010903  0.099122  0.001395  0.996873  0.066044  -0.043398  0.041069  0.036221  0.998500  0.067517  -0.997159  0.033395  0.002680  0.001071  0.000550  -0.019253  -0.259535  0.089535  2.000000  0.999999  0.000513  0.001496  -0.001496  0.000072  0.999999  0.000513  -1.000000  0.000073  0.999970  0.002652  0.007311  -0.002648  0.999996  -0.000489  -0.007312  0.000469  0.999973  1.000000  0.000033  0.000091  -0.000033  1.000000  -0.000006  -0.000091  0.000006  1.000000  0.999999  0.000513  0.001496  -0.001496  0.000072  0.999999  0.000513  -1.000000  0.000073  0.000069  0.007792  
102.401481 0.010907  0.099125  0.001396  0.996880  0.066328  -0.042798  0.040452  0.036312  0.998521  0.067784  -0.997137  0.033516  0.002777  0.001323  0.000650  -0.021915  -0.279926  0.099221  2.000000  0.999998  0.000684  0.001969  -0.001969  0.000110  0.999998  0.000684  -1.000000  0.000111  0.999966  0.002801  0.007717  -0.002796  0.999996  -0.000704  -0.007719  0.000683  0.999970  1.000000  0.000035  0.000096  -0.000035  1.000000  -0.000009  -0.000096  0.000009  1.000000  0.999998  0.000684  0.001969  -0.001969  0.000110  0.999998  0.000684  -1.000000  0.000111  0.000072  0.008239  
102.402489 0.010909  0.099128  0.001397  0.996887  0.066471  -0.042399  0.040041  0.036411  0.998534  0.067917  -0.997124  0.033636  0.002798  0.001558  0.000703  -0.025044  -0.293476  0.104155  2.000000  0.999997  0.000833  0.002375  -0.002375  0.000146  0.999997  0.000833  -1.000000  0.000148  0.999961  0.003090  0.008323  -0.003083  0.999995  -0.000786  -0.008326  0.000760  0.999965  1.000000  0.000039  0.000104  -0.000039  1.000000  -0.000010  -0.000104  0.000010  1.000000  0.999997  0.000833  0.002375  -0.002375  0.000146  0.999997  0.000833  -1.000000  0.000148  0.000078  0.008912  
102.403731 0.010913  0.099131  0.001398  0.996893  0.066750  -0.041808  0.039425  0.036623  0.998551  0.068184  -0.997097  0.033878  0.002727  0.001642  0.000746  -0.031784  -0.313971  0.113905  2.000000  0.999995  0.001035  0.002902  -0.002903  0.000201  0.999996  0.001034  -0.999999  0.000204  0.999958  0.003366  0.008519  -0.003358  0.999994  -0.001015  -0.008522  0.000986  0.999963  1.000000  0.000042  0.000107  -0.000042  1.000000  -0.000013  -0.000107  0.000013  1.000000  0.999995  0.001035  0.002902  -0.002903  0.000201  0.999996  0.001034  -0.999999  0.000204  0.000082  0.009214  
102.404732 0.010915  0.099132  0.001399  0.996900  0.066893  -0.041409  0.039014  0.036722  0.998564  0.068318  -0.997084  0.033998  0.002664  0.001744  0.000767  -0.035377  -0.320709  0.118646  2.000000  0.999994  0.001164  0.003232  -0.003232  0.000239  0.999995  0.001164  -0.999999  0.000242  0.999954  0.003515  0.008924  -0.003505  0.999993  -0.001109  -0.008928  0.001078  0.999960  1.000000  0.000044  0.000112  -0.000044  1.000000  -0.000014  -0.000112  0.000014  1.000000  0.999994  0.001164  0.003232  -0.003232  0.000239  0.999995  0.001164  -0.999999  0.000242  0.000086  0.009654  
102.405981 0.010917  0.099133  0.001400  0.996906  0.067178  -0.040810  0.038398  0.036812  0.998584  0.068585  -0.997062  0.034119  0.002534  0.001808  0.000731  -0.038023  -0.341099  0.128343  2.000000  0.999992  0.001386  0.003782  -0.003782  0.000311  0.999993  0.001384  -0.999999  0.000316  0.999955  0.003642  0.008714  -0.003632  0.999993  -0.001243  -0.008718  0.001211  0.999961  1.000000  0.000045  0.000109  -0.000045  1.000000  -0.000015  -0.000109  0.000015  1.000000  0.999992  0.001386  0.003782  -0.003782  0.000311  0.999993  0.001384  -0.999999  0.000316  0.000090  0.009524  
102.406987 0.010917  0.099133  0.001400  0.996903  0.067450  -0.040424  0.037987  0.037037  0.998592  0.068852  -0.997035  0.034360  0.002399  0.001770  0.000706  -0.045191  -0.354487  0.137798  2.000000  0.999990  0.001568  0.004228  -0.004229  0.000376  0.999991  0.001566  -0.999999  0.000382  0.999954  0.003650  0.008919  -0.003638  0.999992  -0.001350  -0.008924  0.001317  0.999959  1.000000  0.000046  0.000112  -0.000046  1.000000  -0.000017  -0.000112  0.000017  1.000000  0.999990  0.001568  0.004228  -0.004229  0.000376  0.999991  0.001566  -0.999999  0.000382  0.000094  0.009729  
102.408240 0.010919  0.099133  0.001400  0.996901  0.067727  -0.040030  0.037575  0.037140  0.998603  0.069119  -0.997012  0.034480  0.002279  0.001750  0.000626  -0.048296  -0.368018  0.147287  2.000000  0.999987  0.001810  0.004790  -0.004791  0.000465  0.999988  0.001808  -0.999998  0.000474  0.999951  0.003927  0.009114  -0.003914  0.999991  -0.001457  -0.009120  0.001422  0.999957  1.000000  0.000049  0.000114  -0.000049  1.000000  -0.000018  -0.000114  0.000018  1.000000  0.999987  0.001810  0.004790  -0.004791  0.000465  0.999988  0.001808  -0.999998  0.000474  0.000099  0.010028  
102.409481 0.010921  0.099133  0.001398  0.996897  0.068004  -0.039637  0.037164  0.037243  0.998615  0.069386  -0.996990  0.034600  0.002184  0.001623  0.000484  -0.051857  -0.374606  0.156529  2.000000  0.999984  0.002062  0.005357  -0.005358  0.000557  0.999985  0.002059  -0.999998  0.000568  0.999950  0.004062  0.009109  -0.004048  0.999991  -0.001578  -0.009115  0.001541  0.999957  1.000000  0.000051  0.000114  -0.000051  1.000000  -0.000019  -0.000114  0.000019  1.000000  0.999984  0.002062  0.005357  -0.005358  0.000557  0.999985  0.002059  -0.999998  0.000568  0.000102  0.010095  
102.410483 0.010921  0.099132  0.001397  0.996903  0.068148  -0.039238  0.036753  0.037341  0.998626  0.069519  -0.996976  0.034721  0.002081  0.001495  0.000362  -0.054972  -0.388211  0.161497  2.000000  0.999981  0.002268  0.005810  -0.005811  0.000637  0.999983  0.002265  -0.999997  0.000650  0.999952  0.004190  0.008898  -0.004174  0.999990  -0.001711  -0.008905  0.001674  0.999959  1.000000  0.000052  0.000111  -0.000052  1.000000  -0.000021  -0.000111  0.000021  1.000000  0.999981  0.002268  0.005810  -0.005811  0.000637  0.999983  0.002265  -0.999997  0.000650  0.000104  0.009980  
102.411736 0.010922  0.099131  0.001394  0.996902  0.068284  -0.039046  0.036548  0.037453  0.998630  0.069653  -0.996963  0.034842  0.001916  0.001239  0.000131  -0.058558  -0.394961  0.166252  2.000000  0.999977  0.002524  0.006363  -0.006365  0.000740  0.999979  0.002519  -0.999997  0.000756  0.999954  0.004050  0.008697  -0.004035  0.999990  -0.001722  -0.008704  0.001687  0.999961  1.000000  0.000051  0.000109  -0.000051  1.000000  -0.000021  -0.000109  0.000021  1.000000  0.999977  0.002524  0.006363  -0.006365  0.000740  0.999979  0.002519  -0.999997  0.000756  0.000108  0.009744  
102.412737 0.010923  0.099131  0.001392  0.996907  0.068428  -0.038647  0.036137  0.037551  0.998641  0.069786  -0.996949  0.034962  0.001805  0.001051  -0.000037  -0.062146  -0.401731  0.171017  2.000000  0.999974  0.002674  0.006689  -0.006692  0.000806  0.999977  0.002669  -0.999996  0.000824  0.999952  0.004058  0.008902  -0.004042  0.999990  -0.001829  -0.008909  0.001793  0.999959  1.000000  0.000051  0.000111  -0.000051  1.000000  -0.000023  -0.000111  0.000023  1.000000  0.999974  0.002674  0.006689  -0.006692  0.000806  0.999977  0.002669  -0.999996  0.000824  0.000110  0.009949  
102.413987 0.010924  0.099130  0.001389  0.996903  0.068701  -0.038262  0.035726  0.037775  0.998647  0.070053  -0.996922  0.035203  0.001576  0.000738  -0.000297  -0.070217  -0.401555  0.175560  2.000000  0.999970  0.002922  0.007230  -0.007233  0.000918  0.999973  0.002916  -0.999995  0.000939  0.999956  0.003911  0.008495  -0.003896  0.999991  -0.001853  -0.008502  0.001820  0.999962  1.000000  0.000049  0.000106  -0.000049  1.000000  -0.000023  -0.000106  0.000023  1.000000  0.999970  0.002922  0.007230  -0.007233  0.000918  0.999973  0.002916  -0.999995  0.000939  0.000109  0.009531  
102.415232 0.010924  0.099129  0.001385  0.996901  0.068837  -0.038070  0.035520  0.037887  0.998651  0.070187  -0.996908  0.035324  0.001401  0.000457  -0.000666  -0.074143  -0.391367  0.178421  2.000000  0.999965  0.003169  0.007756  -0.007759  0.001042  0.999969  0.003161  -0.999994  0.001066  0.999958  0.003906  0.008289  -0.003889  0.999990  -0.002109  -0.008297  0.002076  0.999963  1.000000  0.000049  0.000104  -0.000049  1.000000  -0.000026  -0.000104  0.000026  1.000000  0.999965  0.003169  0.007756  -0.007759  0.001042  0.999969  0.003161  -0.999994  0.001066  0.000109  0.009399  
102.416235 0.010925  0.099128  0.001383  0.996899  0.068974  -0.037877  0.035315  0.037998  0.998654  0.070320  -0.996895  0.035445  0.001224  0.000183  -0.000914  -0.079243  -0.387656  0.179670  2.000000  0.999961  0.003363  0.008165  -0.008169  0.001142  0.999966  0.003353  -0.999994  0.001170  0.999960  0.003766  0.008088  -0.003749  0.999991  -0.002120  -0.008096  0.002090  0.999965  1.000000  0.000047  0.000101  -0.000047  1.000000  -0.000026  -0.000101  0.000026  1.000000  0.999961  0.003363  0.008165  -0.008169  0.001142  0.999966  0.003353  -0.999994  0.001170  0.000109  0.009167  
102.417482 0.010925  0.099127  0.001379  0.996904  0.069113  -0.037487  0.034904  0.038217  0.998660  0.070453  -0.996877  0.035686  0.001028  -0.000081  -0.001209  -0.083291  -0.387455  0.184229  2.000000  0.999956  0.003598  0.008642  -0.008647  0.001275  0.999962  0.003587  -0.999993  0.001306  0.999967  0.003605  0.007270  -0.003589  0.999991  -0.002294  -0.007279  0.002268  0.999971  1.000000  0.000045  0.000091  -0.000045  1.000000  -0.000029  -0.000091  0.000029  1.000000  0.999956  0.003598  0.008642  -0.008647  0.001275  0.999962  0.003587  -0.999993  0.001306  0.000108  0.008430  
102.418486 0.010925  0.099127  0.001377  0.996895  0.069242  -0.037501  0.034904  0.038343  0.998655  0.070587  -0.996863  0.035807  0.000842  -0.000281  -0.001432  -0.087775  -0.380491  0.183993  2.000000  0.999952  0.003782  0.009005  -0.009011  0.001385  0.999958  0.003769  -0.999992  0.001419  0.999969  0.003599  0.007065  -0.003583  0.999991  -0.002307  -0.007073  0.002281  0.999972  1.000000  0.000045  0.000088  -0.000045  1.000000  -0.000029  -0.000088  0.000029  1.000000  0.999952  0.003782  0.009005  -0.009011  0.001385  0.999958  0.003769  -0.999992  0.001419  0.000108  0.008254  
102.419732 0.010925  0.099125  0.001375  0.996902  0.069241  -0.037312  0.034698  0.038571  0.998653  0.070587  -0.996854  0.036048  0.000673  -0.000444  -0.001619  -0.095605  -0.370744  0.177879  2.000000  0.999947  0.004009  0.009431  -0.009437  0.001530  0.999954  0.003994  -0.999991  0.001568  0.999971  0.003586  0.006653  -0.003570  0.999991  -0.002455  -0.006662  0.002431  0.999975  1.000000  0.000045  0.000083  -0.000045  1.000000  -0.000031  -0.000083  0.000031  1.000000  0.999947  0.004009  0.009431  -0.009437  0.001530  0.999954  0.003994  -0.999991  0.001568  0.000107  0.007943  
102.421004 0.010925  0.099124  0.001373  0.996900  0.069373  -0.037128  0.034493  0.038803  0.998651  0.070720  -0.996836  0.036290  0.000531  -0.000563  -0.001813  -0.101262  -0.359841  0.174308  2.000000  0.999944  0.004184  0.009756  -0.009763  0.001649  0.999951  0.004168  -0.999990  0.001690  0.999973  0.003447  0.006452  -0.003431  0.999991  -0.002467  -0.006460  0.002445  0.999976  1.000000  0.000043  0.000081  -0.000043  1.000000  -0.000031  -0.000081  0.000031  1.000000  0.999944  0.004184  0.009756  -0.009763  0.001649  0.999951  0.004168  -0.999990  0.001690  0.000104  0.007716  
102.422236 0.010923  0.099122  0.001370  0.996907  0.069372  -0.036939  0.034288  0.039031  0.998650  0.070720  -0.996827  0.036532  0.000359  -0.000731  -0.001996  -0.109003  -0.350556  0.163878  2.000000  0.999940  0.004352  0.010068  -0.010076  0.001776  0.999948  0.004334  -0.999989  0.001819  0.999975  0.003307  0.006250  -0.003291  0.999991  -0.002601  -0.006259  0.002581  0.999977  1.000000  0.000041  0.000078  -0.000041  1.000000  -0.000032  -0.000078  0.000032  1.000000  0.999940  0.004352  0.010068  -0.010076  0.001776  0.999948  0.004334  -0.999989  0.001819  0.000102  0.007531  
102.423238 0.010923  0.099122  0.001369  0.996897  0.069497  -0.036961  0.034287  0.039278  0.998640  0.070854  -0.996809  0.036773  0.000248  -0.000764  -0.002054  -0.115345  -0.332691  0.164560  2.000000  0.999936  0.004514  0.010360  -0.010368  0.001907  0.999944  0.004494  -0.999988  0.001953  0.999979  0.003152  0.005639  -0.003137  0.999992  -0.002641  -0.005647  0.002624  0.999981  1.000000  0.000039  0.000071  -0.000039  1.000000  -0.000033  -0.000071  0.000033  1.000000  0.999936  0.004514  0.010360  -0.010368  0.001907  0.999944  0.004494  -0.999988  0.001953  0.000098  0.006976  
102.424485 0.010922  0.099120  0.001367  0.996904  0.069496  -0.036772  0.034082  0.039506  0.998638  0.070854  -0.996800  0.037015  0.000073  -0.000843  -0.002102  -0.122965  -0.323338  0.158595  2.000000  0.999932  0.004704  0.010704  -0.010714  0.002076  0.999940  0.004681  -0.999987  0.002126  0.999981  0.002879  0.005442  -0.002864  0.999992  -0.002775  -0.005450  0.002759  0.999981  1.000000  0.000036  0.000068  -0.000036  1.000000  -0.000035  -0.000068  0.000035  1.000000  0.999932  0.004704  0.010704  -0.010714  0.002076  0.999940  0.004681  -0.999987  0.002126  0.000097  0.006750  
102.425486 0.010921  0.099120  0.001366  0.996895  0.069620  -0.036794  0.034082  0.039753  0.998628  0.070987  -0.996781  0.037257  -0.000018  -0.000815  -0.002048  -0.127868  -0.309726  0.153691  2.000000  0.999930  0.004776  0.010832  -0.010843  0.002145  0.999939  0.004752  -0.999986  0.002196  0.999984  0.002857  0.004826  -0.002843  0.999992  -0.002816  -0.004834  0.002803  0.999984  1.000000  0.000000  0.000000  0.000000  1.000000  0.000000  0.000000  0.000000  1.000000  0.999930  0.004776  0.010832  -0.010843  0.002145  0.999939  0.004752  -0.999986  0.002196  0.000093  0.000000  
102.426491 0.010921  0.099120  0.001365  0.996892  0.069757  -0.036602  0.033876  0.039864  0.998631  0.071121  -0.996767  0.037377  -0.000078  -0.000755  -0.001971  -0.130289  -0.291511  0.154240  2.000000  0.999930  0.004776  0.010832  -0.010843  0.002145  0.999939  0.004752  -0.999986  0.002196  0.999986  0.002583  0.004630  -0.002569  0.999992  -0.002951  -0.004638  0.002939  0.999985  1.000000  0.000000  0.000000  0.000000  1.000000  0.000000  0.000000  0.000000  1.000000  0.999930  0.004776  0.010832  -0.010843  0.002145  0.999939  0.004752  -0.999986  0.002196  0.000090  0.000000  
102.427733 0.010920  0.099119  0.001364  0.996892  0.069748  -0.036619  0.033876  0.040106  0.998621  0.071121  -0.996758  0.037619  -0.000195  -0.000746  -0.001909  -0.135824  -0.271236  0.144641  2.000000  0.999930  0.004776  0.010832  -0.010843  0.002145  0.999939  0.004752  -0.999986  0.002196  0.999988  0.002569  0.004219  -0.002556  0.999992  -0.003099  -0.004227  0.003089  0.999986  1.000000  0.000000  0.000000  0.000000  1.000000  0.000000  0.000000  0.000000  1.000000  0.999930  0.004776  0.010832  -0.010843  0.002145  0.999939  0.004752  -0.999986  0.002196  0.000085  0.000000  
102.428986 0.010920  0.099120  0.001362  0.996890  0.069877  -0.036444  0.033671  0.040460  0.998614  0.071254  -0.996735  0.037981  -0.000217  -0.000681  -0.001800  -0.144856  -0.257317  0.144169  2.000000  0.999930  0.004776  0.010832  -0.010843  0.002145  0.999939  0.004752  -0.999986  0.002196  0.999990  0.002421  0.003813  -0.002409  0.999992  -0.003127  -0.003821  0.003117  0.999988  1.000000  0.000000  0.000000  0.000000  1.000000  0.000000  0.000000  0.000000  1.000000  0.999930  0.004776  0.010832  -0.010843  0.002145  0.999939  0.004752  -0.999986  0.002196  0.000082  0.000000  
102.430236 0.010921  0.099119  0.001360  0.996890  0.069868  -0.036461  0.033671  0.040702  0.998604  0.071254  -0.996726  0.038223  -0.000262  -0.000642  -0.001641  -0.146282  -0.236942  0.134520  2.000000  0.999930  0.004776  0.010832  -0.010843  0.002145  0.999939  0.004752  -0.999986  0.002196  0.999992  0.002138  0.003412  -0.002127  0.999992  -0.003275  -0.003419  0.003268  0.999989  1.000000  0.000000  0.000000  0.000000  1.000000  0.000000  0.000000  0.000000  1.000000  0.999930  0.004776  0.010832  -0.010843  0.002145  0.999939  0.004752  -0.999986  0.002196  0.000078  0.000000  
102.431237 0.010921  0.099119  0.001359  0.996887  0.070001  -0.036277  0.033465  0.040935  0.998601  0.071388  -0.996707  0.038464  -0.000236  -0.000592  -0.001485  -0.150762  -0.230130  0.129793  2.000000  0.999930  0.004776  0.010832  -0.010843  0.002145  0.999939  0.004752  -0.999986  0.002196  0.999992  0.001872  0.003422  -0.001860  0.999993  -0.003396  -0.003428  0.003389  0.999988  1.000000  0.000000  0.000000  0.000000  1.000000  0.000000  0.000000  0.000000  1.000000  0.999930  0.004776  0.010832  -0.010843  0.002145  0.999939  0.004752  -0.999986  0.002196  0.000077  0.000000  
102.432477 0.010921  0.099119  0.001358  0.996894  0.070000  -0.036088  0.033260  0.041162  0.998599  0.071388  -0.996697  0.038706  -0.000226  -0.000524  -0.001417  -0.154101  -0.221640  0.124121  2.000000  0.999930  0.004776  0.010832  -0.010843  0.002145  0.999939  0.004752  -0.999986  0.002196  0.999993  0.001865  0.003216  -0.001853  0.999992  -0.003531  -0.003223  0.003525  0.999989  1.000000  0.000000  0.000000  0.000000  1.000000  0.000000  0.000000  0.000000  1.000000  0.999930  0.004776  0.010832  -0.010843  0.002145  0.999939  0.004752  -0.999986  0.002196  0.000074  0.000000  
102.433479 0.010922  0.099120  0.001357  0.996901  0.070004  -0.035891  0.033055  0.041269  0.998601  0.071388  -0.996693  0.038827  -0.000181  -0.000459  -0.001340  -0.150459  -0.215032  0.114960  2.000000  0.999930  0.004776  0.010832  -0.010843  0.002145  0.999939  0.004752  -0.999986  0.002196  0.999994  0.001724  0.003016  -0.001713  0.999992  -0.003666  -0.003022  0.003661  0.999989  1.000000  0.000000  0.000000  0.000000  1.000000  0.000000  0.000000  0.000000  1.000000  0.999930  0.004776  0.010832  -0.010843  0.002145  0.999939  0.004752  -0.999986  0.002196  0.000073  0.000000  
102.434486 0.010924  0.099120  0.001357  0.996908  0.070004  -0.035703  0.032849  0.041497  0.998598  0.071388  -0.996683  0.039069  -0.000071  -0.000361  -0.001226  -0.156722  -0.203142  0.110942  2.000000  0.999930  0.004776  0.010832  -0.010843  0.002145  0.999939  0.004752  -0.999986  0.002196  0.999995  0.001583  0.002815  -0.001572  0.999992  -0.003801  -0.002821  0.003797  0.999989  1.000000  0.000000  0.000000  0.000000  1.000000  0.000000  0.000000  0.000000  1.000000  0.999930  0.004776  0.010832  -0.010843  0.002145  0.999939  0.004752  -0.999986  0.002196  0.000069  0.000000  
102.435732 0.010925  0.099121  0.001357  0.996908  0.069996  -0.035720  0.032849  0.041739  0.998588  0.071388  -0.996674  0.039311  0.000033  -0.000233  -0.001104  -0.162241  -0.182778  0.101241  2.000000  0.999930  0.004776  0.010832  -0.010843  0.002145  0.999939  0.004752  -0.999986  0.002196  0.999996  0.001442  0.002615  -0.001432  0.999992  -0.003815  -0.002620  0.003812  0.999989  1.000000  0.000000  0.000000  0.000000  1.000000  0.000000  0.000000  0.000000  1.000000  0.999930  0.004776  0.010832  -0.010843  0.002145  0.999939  0.004752  -0.999986  0.002196  0.000067  0.000000  
102.436981 0.010927  0.099122  0.001357  0.996905  0.070125  -0.035545  0.032644  0.042092  0.998580  0.071521  -0.996650  0.039673  0.000202  -0.000064  -0.000906  -0.165411  -0.174584  0.095761  2.000000  0.999930  0.004776  0.010832  -0.010843  0.002145  0.999939  0.004752  -0.999986  0.002196  0.999996  0.001309  0.002620  -0.001299  0.999991  -0.003936  -0.002625  0.003933  0.999989  1.000000  0.000000  0.000000  0.000000  1.000000  0.000000  0.000000  0.000000  1.000000  0.999930  0.004776  0.010832  -0.010843  0.002145  0.999939  0.004752  -0.999986  0.002196  0.000066  0.000000  
102.437981 0.010928  0.099122  0.001358  0.996911  0.070129  -0.035348  0.032439  0.042199  0.998582  0.071521  -0.996645  0.039794  0.000343  0.000070  -0.000751  -0.165851  -0.167864  0.091053  2.000000  0.999930  0.004776  0.010832  -0.010843  0.002145  0.999939  0.004752  -0.999986  0.002196  0.999996  0.001309  0.002620  -0.001299  0.999991  -0.003936  -0.002625  0.003933  0.999989  1.000000  0.000000  0.000000  0.000000  1.000000  0.000000  0.000000  0.000000  1.000000  0.999930  0.004776  0.010832  -0.010843  0.002145  0.999939  0.004752  -0.999986  0.002196  0.000065  0.000000  
102.439231 0.010929  0.099123  0.001358  0.996915  0.070267  -0.034968  0.032028  0.042538  0.998581  0.071655  -0.996621  0.040156  0.000441  0.000177  -0.000585  -0.173927  -0.168030  0.086648  2.000000  0.999930  0.004776  0.010832  -0.010843  0.002145  0.999939  0.004752  -0.999986  0.002196  0.999996  0.001176  0.002625  -0.001166  0.999991  -0.004057  -0.002629  0.004053  0.999988  1.000000  0.000000  0.000000  0.000000  1.000000  0.000000  0.000000  0.000000  1.000000  0.999930  0.004776  0.010832  -0.010843  0.002145  0.999939  0.004752  -0.999986  0.002196  0.000064  0.000000  
102.440235 0.010930  0.099124  0.001360  0.996915  0.070258  -0.034985  0.032028  0.042780  0.998571  0.071655  -0.996611  0.040398  0.000576  0.000291  -0.000385  -0.178414  -0.161490  0.077498  2.000000  0.999930  0.004776  0.010832  -0.010843  0.002145  0.999939  0.004752  -0.999986  0.002196  0.999996  0.001177  0.002624  -0.001166  0.999991  -0.004057  -0.002629  0.004053  0.999988  1.000000  0.000000  0.000000  0.000000  1.000000  0.000000  0.000000  0.000000  1.000000  0.999930  0.004776  0.010832  -0.010843  0.002145  0.999939  0.004752  -0.999986  0.002196  0.000063  0.000000  
102.441236 0.010931  0.099126  0.001362  0.996912  0.070396  -0.034793  0.031822  0.042891  0.998573  0.071788  -0.996597  0.040519  0.000695  0.000380  -0.000212  -0.178872  -0.154634  0.077257  2.000000  0.999930  0.004776  0.010832  -0.010843  0.002145  0.999939  0.004752  -0.999986  0.002196  0.999996  0.001178  0.002624  -0.001167  0.999991  -0.004056  -0.002629  0.004053  0.999988  1.000000  0.000000  0.000000  0.000000  1.000000  0.000000  0.000000  0.000000  1.000000  0.999930  0.004776  0.010832  -0.010843  0.002145  0.999939  0.004752  -0.999986  0.002196  0.000063  0.000000  
102.442236 0.010932  0.099127  0.001363  0.996925  0.070406  -0.034399  0.031412  0.043104  0.998577  0.071788  -0.996587  0.040760  0.000803  0.000465  -0.000032  -0.182417  -0.161627  0.073087  2.000000  0.999930  0.004776  0.010832  -0.010843  0.002145  0.999939  0.004752  -0.999986  0.002196  0.999996  0.001178  0.002624  -0.001168  0.999991  -0.004056  -0.002628  0.004053  0.999988  1.000000  0.000000  0.000000  0.000000  1.000000  0.000000  0.000000  0.000000  1.000000  0.999930  0.004776  0.010832  -0.010843  0.002145  0.999939  0.004752  -0.999986  0.002196  0.000063  0.000000  
102.443484 0.010934  0.099129  0.001366  0.996922  0.070535  -0.034225  0.031206  0.043457  0.998568  0.071922  -0.996562  0.041123  0.000879  0.000626  0.000211  -0.190990  -0.154785  0.072873  2.000000  0.999930  0.004776  0.010832  -0.010843  0.002145  0.999939  0.004752  -0.999986  0.002196  0.999995  0.001062  0.003039  -0.001049  0.999991  -0.004148  -0.003044  0.004145  0.999987  1.000000  0.000000  0.000000  0.000000  1.000000  0.000000  0.000000  0.000000  1.000000  0.999930  0.004776  0.010832  -0.010843  0.002145  0.999939  0.004752  -0.999986  0.002196  0.000063  0.000000  
102.444737 0.010935  0.099131  0.001369  0.996928  0.070536  -0.034036  0.031001  0.043685  0.998564  0.071922  -0.996552  0.041364  0.000966  0.000792  0.000539  -0.193019  -0.149298  0.068743  2.000000  0.999930  0.004776  0.010832  -0.010843  0.002145  0.999939  0.004752  -0.999986  0.002196  0.999995  0.001197  0.003033  -0.001184  0.999991  -0.004148  -0.003038  0.004144  0.999987  1.000000  0.000000  0.000000  0.000000  1.000000  0.000000  0.000000  0.000000  1.000000  0.999930  0.004776  0.010832  -0.010843  0.002145  0.999939  0.004752  -0.999986  0.002196  0.000065  0.000000  
102.445986 0.010936  0.099133  0.001372  0.996941  0.070542  -0.033651  0.030591  0.044019  0.998562  0.071922  -0.996537  0.041727  0.001029  0.000971  0.000852  -0.200690  -0.156548  0.060069  2.000000  0.999930  0.004776  0.010832  -0.010843  0.002145  0.999939  0.004752  -0.999986  0.002196  0.999994  0.001072  0.003244  -0.001059  0.999991  -0.004133  -0.003248  0.004130  0.999986  1.000000  0.000000  0.000000  0.000000  1.000000  0.000000  0.000000  0.000000  1.000000  0.999930  0.004776  0.010832  -0.010843  0.002145  0.999939  0.004752  -0.999986  0.002196  0.000064  0.000000  
102.447233 0.010937  0.099135  0.001374  0.996938  0.070676  -0.033468  0.030385  0.044251  0.998558  0.072055  -0.996517  0.041968  0.001082  0.001069  0.001069  -0.201163  -0.149636  0.059838  2.000000  0.999930  0.004776  0.010832  -0.010843  0.002145  0.999939  0.004752  -0.999986  0.002196  0.999993  0.001082  0.003448  -0.001068  0.999990  -0.004239  -0.003453  0.004236  0.999985  1.000000  0.000000  0.000000  0.000000  1.000000  0.000000  0.000000  0.000000  1.000000  0.999930  0.004776  0.010832  -0.010843  0.002145  0.999939  0.004752  -0.999986  0.002196  0.000066  0.000000  
102.448236 0.010939  0.099138  0.001376  0.996944  0.070673  -0.033288  0.030180  0.044600  0.998549  0.072055  -0.996502  0.042331  0.001108  0.001223  0.001309  -0.208821  -0.156699  0.055653  2.000000  0.999930  0.004776  0.010832  -0.010843  0.002145  0.999939  0.004752  -0.999986  0.002196  0.999993  0.001092  0.003653  -0.001076  0.999990  -0.004225  -0.003658  0.004221  0.999984  1.000000  0.000000  0.000000  0.000000  1.000000  0.000000  0.000000  0.000000  1.000000  0.999930  0.004776  0.010832  -0.010843  0.002145  0.999939  0.004752  -0.999986  0.002196  0.000066  0.000000  
102.449481 0.010940  0.099141  0.001379  0.996956  0.070683  -0.032894  0.029769  0.044813  0.998552  0.072055  -0.996492  0.042573  0.001105  0.001358  0.001463  -0.206591  -0.162219  0.055497  2.000000  0.999930  0.004776  0.010832  -0.010843  0.002145  0.999939  0.004752  -0.999986  0.002196  0.999992  0.000968  0.003864  -0.000951  0.999990  -0.004331  -0.003868  0.004327  0.999983  1.000000  0.000000  0.000000  0.000000  1.000000  0.000000  0.000000  0.000000  1.000000  0.999930  0.004776  0.010832  -0.010843  0.002145  0.999939  0.004752  -0.999986  0.002196  0.000068  0.000000  
102.450755 0.010942  0.099143  0.001382  0.996962  0.070681  -0.032714  0.029564  0.045162  0.998542  0.072055  -0.996476  0.042935  0.001114  0.001480  0.001651  -0.212379  -0.163732  0.051515  2.000000  0.999930  0.004776  0.010832  -0.010843  0.002145  0.999939  0.004752  -0.999986  0.002196  0.999992  0.000969  0.003864  -0.000952  0.999990  -0.004331  -0.003868  0.004327  0.999983  1.000000  0.000000  0.000000  0.000000  1.000000  0.000000  0.000000  0.000000  1.000000  0.999930  0.004776  0.010832  -0.010843  0.002145  0.999939  0.004752  -0.999986  0.002196  0.000068  0.000000  
102.451981 0.010943  0.099145  0.001383  0.996965  0.070825  -0.032326  0.029153  0.045379  0.998544  0.072188  -0.996456  0.043177  0.001119  0.001551  0.001725  -0.210121  -0.169026  0.055858  2.000000  0.999930  0.004776  0.010832  -0.010843  0.002145  0.999939  0.004752  -0.999986  0.002196  0.999991  0.000979  0.004068  -0.000961  0.999990  -0.004437  -0.004073  0.004433  0.999982  1.000000  0.000000  0.000000  0.000000  1.000000  0.000000  0.000000  0.000000  1.000000  0.999930  0.004776  0.010832  -0.010843  0.002145  0.999939  0.004752  -0.999986  0.002196  0.000068  0.000000  
102.452981 0.010944  0.099146  0.001384  0.996971  0.070826  -0.032137  0.028948  0.045607  0.998540  0.072188  -0.996446  0.043418  0.001115  0.001605  0.001776  -0.213721  -0.176082  0.051722  2.000000  0.999930  0.004776  0.010832  -0.010843  0.002145  0.999939  0.004752  -0.999986  0.002196  0.999990  0.000989  0.004273  -0.000970  0.999990  -0.004301  -0.004278  0.004297  0.999982  1.000000  0.000000  0.000000  0.000000  1.000000  0.000000  0.000000  0.000000  1.000000  0.999930  0.004776  0.010832  -0.010843  0.002145  0.999939  0.004752  -0.999986  0.002196  0.000070  0.000000  
102.453982 0.010946  0.099148  0.001385  0.996977  0.070828  -0.031949  0.028743  0.045834  0.998535  0.072188  -0.996435  0.043660  0.001144  0.001636  0.001799  -0.213670  -0.176028  0.051752  2.000000  0.999930  0.004776  0.010832  -0.010843  0.002145  0.999939  0.004752  -0.999986  0.002196  0.999990  0.000990  0.004273  -0.000971  0.999990  -0.004422  -0.004277  0.004418  0.999981  1.000000  0.000000  0.000000  0.000000  1.000000  0.000000  0.000000  0.000000  1.000000  0.999930  0.004776  0.010832  -0.010843  0.002145  0.999939  0.004752  -0.999986  0.002196  0.000070  0.000000  
102.454985 0.010947  0.099149  0.001386  0.996983  0.070833  -0.031752  0.028538  0.045941  0.998536  0.072188  -0.996430  0.043781  0.001145  0.001663  0.001780  -0.210881  -0.184576  0.048005  2.000000  0.999930  0.004776  0.010832  -0.010843  0.002145  0.999939  0.004752  -0.999986  0.002196  0.999990  0.000991  0.004273  -0.000972  0.999990  -0.004422  -0.004277  0.004418  0.999981  1.000000  0.000000  0.000000  0.000000  1.000000  0.000000  0.000000  0.000000  1.000000  0.999930  0.004776  0.010832  -0.010843  0.002145  0.999939  0.004752  -0.999986  0.002196  0.000071  0.000000  
