1-Time 2-Px 3-Py 4-Pz 5-R11 6-R21 7-R31 8-R12 9-R22 10-R32 11-R13 12-R23 13-R33 14-Vx 15-Vy 16-Vz 17-Wx 18-Wy 19-Wz 20-state 21-PR11 22-PR21 23-PR31 24-PR12 25-PR22 26-PR32 27-PR13 28-PR23 29-PR33 
131.472532 0.011596  0.098249  -0.001921  0.999975  -0.007067  0.000617  -0.000206  0.058070  0.998312  -0.007091  -0.998287  0.058067  -0.000029  0.000074  -0.000033  0.000000  0.000000  0.000000  2.000000  1.000000  0.000000  0.000000  0.000000  -0.000000  1.000000  0.000000  -1.000000  -0.000000  1.000000  0.000024  0.000411  -0.000024  1.000000  -0.000003  -0.000411  0.000003  1.000000  1.000000  0.000000  0.000000  0.000000  1.000000  0.000000  0.000000  0.000000  1.000000  0.721174  0.476105  0.503221  -0.561209  -0.024351  0.827316  0.406144  -0.879051  0.249633  0.000000  0.000000  
131.473547 0.011596  0.098249  -0.001922  0.999975  -0.007067  0.000617  -0.000206  0.058070  0.998312  -0.007091  -0.998287  0.058067  -0.000029  0.000074  -0.000033  0.000000  0.000000  0.000000  2.000000  1.000000  0.000000  0.000000  0.000000  -0.000000  1.000000  0.000000  -1.000000  -0.000000  1.000000  0.000024  0.000411  -0.000024  1.000000  -0.000003  -0.000411  0.000003  1.000000  1.000000  0.000000  0.000000  0.000000  1.000000  0.000000  0.000000  0.000000  1.000000  1.000000  0.000000  0.000000  0.000000  -0.000000  1.000000  0.000000  -1.000000  -0.000000  0.000000  0.000000  
131.474548 0.011597  0.098250  -0.001921  0.999975  -0.007067  0.000617  -0.000206  0.058070  0.998312  -0.007091  -0.998287  0.058067  0.000055  0.000107  -0.000011  0.000000  0.000000  0.000000  2.000000  1.000000  0.000000  0.000000  0.000000  -0.000000  1.000000  0.000000  -1.000000  -0.000000  1.000000  0.000024  0.000411  -0.000024  1.000000  -0.000003  -0.000411  0.000003  1.000000  1.000000  0.000000  0.000000  0.000000  1.000000  0.000000  0.000000  0.000000  1.000000  1.000000  0.000000  0.000000  0.000000  -0.000000  1.000000  0.000000  -1.000000  -0.000000  0.000000  0.000000  
131.475784 0.011600  0.098251  -0.001921  0.999975  -0.007067  0.000617  -0.000206  0.058070  0.998312  -0.007091  -0.998287  0.058067  0.000278  0.000197  -0.000014  0.000000  0.000000  0.000000  2.000000  1.000000  0.000000  0.000000  0.000000  -0.000000  1.000000  0.000000  -1.000000  -0.000000  1.000000  0.000012  0.000206  -0.000012  1.000000  -0.000001  -0.000206  0.000001  1.000000  1.000000  0.000000  0.000000  0.000000  1.000000  0.000000  0.000000  0.000000  1.000000  1.000000  0.000000  0.000000  0.000000  -0.000000  1.000000  0.000000  -1.000000  -0.000000  0.000000  0.000000  
131.477027 0.011604  0.098252  -0.001922  0.999975  -0.007067  0.000618  -0.000206  0.058191  0.998305  -0.007091  -0.998280  0.058188  0.000517  0.000255  -0.000039  0.000000  0.000000  0.000000  2.000000  1.000000  0.000000  0.000000  0.000000  -0.000000  1.000000  0.000000  -1.000000  -0.000000  1.000000  0.000012  0.000206  -0.000012  1.000000  -0.000123  -0.000206  0.000123  1.000000  1.000000  0.000000  0.000000  0.000000  1.000000  0.000000  0.000000  0.000000  1.000000  1.000000  0.000000  0.000000  0.000000  -0.000000  1.000000  0.000000  -1.000000  -0.000000  0.000000  0.000000  
131.478033 0.011607  0.098253  -0.001922  0.999975  -0.007067  0.000618  -0.000206  0.058191  0.998305  -0.007091  -0.998280  0.058188  0.000720  0.000319  -0.000065  0.000000  0.000000  0.000000  2.000000  1.000000  0.000000  0.000000  0.000000  -0.000000  1.000000  0.000000  -1.000000  -0.000000  1.000000  0.000012  0.000206  -0.000012  1.000000  -0.000123  -0.000206  0.000123  1.000000  1.000000  0.000000  0.000000  0.000000  1.000000  0.000000  0.000000  0.000000  1.000000  1.000000  0.000000  0.000000  0.000000  -0.000000  1.000000  0.000000  -1.000000  -0.000000  0.000000  0.000000  
131.479034 0.011610  0.098254  -0.001922  0.999975  -0.007067  0.000619  -0.000206  0.058312  0.998298  -0.007091  -0.998273  0.058309  0.000967  0.000381  -0.000091  0.000000  0.000000  0.000000  2.000000  1.000000  0.000000  0.000000  0.000000  -0.000000  1.000000  0.000000  -1.000000  -0.000000  1.000000  0.000012  0.000206  -0.000012  1.000000  -0.000244  -0.000206  0.000244  1.000000  1.000000  0.000000  0.000000  0.000000  1.000000  0.000000  0.000000  0.000000  1.000000  1.000000  0.000000  0.000000  0.000000  -0.000000  1.000000  0.000000  -1.000000  -0.000000  0.000000  0.000000  
131.480041 0.011615  0.098255  -0.001923  0.999975  -0.007067  0.000619  -0.000206  0.058312  0.998298  -0.007091  -0.998273  0.058309  0.001262  0.000435  -0.000149  0.000000  0.000000  0.000000  2.000000  1.000000  0.000000  0.000000  0.000000  -0.000000  1.000000  0.000000  -1.000000  -0.000000  1.000000  0.000012  0.000206  -0.000012  1.000000  -0.000244  -0.000206  0.000244  1.000000  1.000000  0.000000  0.000000  0.000000  1.000000  0.000000  0.000000  0.000000  1.000000  1.000000  0.000000  0.000000  0.000000  -0.000000  1.000000  0.000000  -1.000000  -0.000000  0.000000  0.000000  
131.481278 0.011620  0.098256  -0.001925  0.999975  -0.007067  0.000620  -0.000206  0.058433  0.998291  -0.007091  -0.998266  0.058430  0.001655  0.000527  -0.000259  0.000000  0.000000  0.000000  2.000000  1.000000  0.000000  0.000000  0.000000  -0.000000  1.000000  0.000000  -1.000000  -0.000000  1.000000  0.000012  0.000206  -0.000012  1.000000  -0.000365  -0.000206  0.000365  1.000000  1.000000  0.000000  0.000000  0.000000  1.000000  0.000000  0.000000  0.000000  1.000000  1.000000  0.000000  0.000000  0.000000  -0.000000  1.000000  0.000000  -1.000000  -0.000000  0.000000  0.000000  
131.482282 0.011625  0.098257  -0.001927  0.999976  -0.006946  0.000407  0.000000  0.058432  0.998291  -0.006957  -0.998267  0.058430  0.001951  0.000553  -0.000377  0.000000  0.000000  0.000000  2.000000  1.000000  0.000000  0.000000  0.000000  -0.000000  1.000000  0.000000  -1.000000  -0.000000  1.000000  0.000012  0.000206  -0.000012  1.000000  -0.000365  -0.000206  0.000365  1.000000  1.000000  0.000000  0.000000  0.000000  1.000000  0.000000  0.000000  0.000000  1.000000  1.000000  0.000000  0.000000  0.000000  -0.000000  1.000000  0.000000  -1.000000  -0.000000  0.000000  0.000000  
131.483524 0.011630  0.098257  -0.001928  0.999976  -0.006946  0.000407  0.000000  0.058553  0.998284  -0.006957  -0.998260  0.058552  0.002333  0.000613  -0.000474  0.000000  0.000000  0.000000  2.000000  1.000000  0.000000  0.000000  0.000000  -0.000000  1.000000  0.000000  -1.000000  -0.000000  1.000000  0.000134  -0.000008  -0.000134  1.000000  -0.000485  0.000008  0.000485  1.000000  1.000000  0.000000  0.000000  0.000000  1.000000  0.000000  0.000000  0.000000  1.000000  1.000000  0.000000  0.000000  0.000000  -0.000000  1.000000  0.000000  -1.000000  -0.000000  0.000000  0.000000  
131.484559 0.011635  0.098258  -0.001930  0.999976  -0.006946  0.000407  0.000000  0.058553  0.998284  -0.006957  -0.998260  0.058552  0.002664  0.000644  -0.000557  0.000000  0.000000  0.000000  2.000000  1.000000  0.000000  0.000000  0.000000  -0.000000  1.000000  0.000000  -1.000000  -0.000000  1.000000  0.000134  -0.000008  -0.000134  1.000000  -0.000485  0.000008  0.000485  1.000000  1.000000  0.000000  0.000000  0.000000  1.000000  0.000000  0.000000  0.000000  1.000000  1.000000  0.000000  0.000000  0.000000  -0.000000  1.000000  0.000000  -1.000000  -0.000000  0.000000  0.000000  
131.485570 0.011640  0.098260  -0.001932  0.999976  -0.006945  0.000408  0.000000  0.058674  0.998277  -0.006957  -0.998253  0.058673  0.002986  0.000746  -0.000709  0.000000  0.000000  0.000000  2.000000  1.000000  0.000000  0.000000  0.000000  -0.000000  1.000000  0.000000  -1.000000  -0.000000  1.000000  0.000134  -0.000008  -0.000134  1.000000  -0.000606  0.000008  0.000606  1.000000  1.000000  0.000000  0.000000  0.000000  1.000000  0.000000  0.000000  0.000000  1.000000  1.000000  0.000000  0.000000  0.000000  -0.000000  1.000000  0.000000  -1.000000  -0.000000  0.000000  0.000000  
131.486782 0.011646  0.098261  -0.001935  0.999976  -0.006945  0.000409  0.000000  0.058795  0.998270  -0.006957  -0.998246  0.058794  0.003396  0.000845  -0.000932  0.000000  0.000000  0.000000  2.000000  1.000000  0.000000  0.000000  0.000000  -0.000000  1.000000  0.000000  -1.000000  -0.000000  1.000000  0.000134  -0.000008  -0.000134  1.000000  -0.000728  0.000008  0.000728  1.000000  1.000000  0.000000  0.000000  0.000000  1.000000  0.000000  0.000000  0.000000  1.000000  1.000000  0.000000  0.000000  0.000000  -0.000000  1.000000  0.000000  -1.000000  -0.000000  0.000000  0.000000  
131.487786 0.011651  0.098263  -0.001938  0.999976  -0.006945  0.000410  0.000000  0.058916  0.998263  -0.006957  -0.998239  0.058915  0.003726  0.000970  -0.001131  0.000000  0.000000  0.000000  2.000000  1.000000  0.000000  0.000000  0.000000  -0.000000  1.000000  0.000000  -1.000000  -0.000000  1.000000  0.000134  -0.000008  -0.000134  1.000000  -0.000849  0.000008  0.000849  1.000000  1.000000  0.000000  0.000000  0.000000  1.000000  0.000000  0.000000  0.000000  1.000000  1.000000  0.000000  0.000000  0.000000  -0.000000  1.000000  0.000000  -1.000000  -0.000000  0.000000  0.000000  
131.489066 0.011658  0.098266  -0.001942  0.999976  -0.006945  0.000411  0.000000  0.059037  0.998256  -0.006957  -0.998232  0.059036  0.004119  0.001111  -0.001408  0.000000  0.000000  0.000000  2.000000  1.000000  0.000000  0.000000  0.000000  -0.000000  1.000000  0.000000  -1.000000  -0.000000  1.000000  0.000134  -0.000008  -0.000134  1.000000  -0.000970  0.000008  0.000970  1.000000  1.000000  0.000000  0.000000  0.000000  1.000000  0.000000  0.000000  0.000000  1.000000  1.000000  0.000000  0.000000  0.000000  -0.000000  1.000000  0.000000  -1.000000  -0.000000  0.000000  0.000000  
131.490284 0.011665  0.098269  -0.001946  0.999976  -0.006945  0.000412  0.000000  0.059158  0.998249  -0.006957  -0.998224  0.059157  0.004383  0.001237  -0.001627  0.000000  0.000000  0.000000  2.000000  1.000000  0.000000  0.000000  0.000000  -0.000000  1.000000  0.000000  -1.000000  -0.000000  1.000000  0.000134  -0.000008  -0.000134  0.999999  -0.001092  0.000008  0.001092  0.999999  1.000000  0.000000  0.000000  0.000000  1.000000  0.000000  0.000000  0.000000  1.000000  1.000000  0.000000  0.000000  0.000000  -0.000000  1.000000  0.000000  -1.000000  -0.000000  0.000000  0.000000  
131.491289 0.011670  0.098272  -0.001949  0.999976  -0.006945  0.000412  0.000000  0.059279  0.998241  -0.006957  -0.998217  0.059278  0.004612  0.001397  -0.001860  0.000000  0.000000  0.000000  2.000000  1.000000  0.000000  0.000000  0.000000  -0.000000  1.000000  0.000000  -1.000000  -0.000000  1.000000  0.000134  -0.000008  -0.000134  0.999999  -0.001213  0.000008  0.001213  0.999999  1.000000  0.000000  0.000000  0.000000  1.000000  0.000000  0.000000  0.000000  1.000000  1.000000  0.000000  0.000000  0.000000  -0.000000  1.000000  0.000000  -1.000000  -0.000000  0.000000  0.000000  
131.492535 0.011677  0.098276  -0.001954  0.999976  -0.006945  0.000414  0.000000  0.059522  0.998227  -0.006957  -0.998203  0.059520  0.004805  0.001559  -0.002124  0.000000  0.000000  0.000000  2.000000  1.000000  0.000000  0.000000  0.000000  -0.000000  1.000000  0.000000  -1.000000  -0.000000  1.000000  0.000134  -0.000008  -0.000134  0.999999  -0.001334  0.000008  0.001334  0.999999  1.000000  0.000000  0.000000  0.000000  1.000000  0.000000  0.000000  0.000000  1.000000  1.000000  0.000000  0.000000  0.000000  -0.000000  1.000000  0.000000  -1.000000  -0.000000  0.000000  0.000000  
131.493542 0.011683  0.098279  -0.001957  0.999977  -0.006812  0.000407  0.000000  0.059643  0.998220  -0.006824  -0.998197  0.059641  0.004995  0.001697  -0.002353  0.000000  0.000000  0.000000  2.000000  1.000000  0.000000  0.000000  0.000000  -0.000000  1.000000  0.000000  -1.000000  -0.000000  1.000000  0.000255  -0.000221  -0.000255  0.999999  -0.001575  0.000221  0.001575  0.999999  1.000000  0.000000  0.000000  0.000000  1.000000  0.000000  0.000000  0.000000  1.000000  1.000000  0.000000  0.000000  0.000000  -0.000000  1.000000  0.000000  -1.000000  -0.000000  0.000000  0.000000  
131.494790 0.011690  0.098282  -0.001962  0.999977  -0.006811  0.000409  0.000000  0.059885  0.998205  -0.006824  -0.998182  0.059883  0.005108  0.001857  -0.002606  0.000000  0.000000  0.000000  2.000000  1.000000  0.000000  0.000000  0.000000  -0.000000  1.000000  0.000000  -1.000000  -0.000000  1.000000  0.000255  -0.000221  -0.000255  0.999999  -0.001697  0.000221  0.001697  0.999999  1.000000  0.000000  0.000000  0.000000  1.000000  0.000000  0.000000  0.000000  1.000000  1.000000  0.000000  0.000000  0.000000  -0.000000  1.000000  0.000000  -1.000000  -0.000000  0.000000  0.000000  
131.495791 0.011696  0.098285  -0.001966  0.999977  -0.006811  0.000409  0.000000  0.060006  0.998198  -0.006824  -0.998175  0.060005  0.005164  0.001966  -0.002799  0.000000  0.000000  0.000000  2.000000  1.000000  0.000000  0.000000  0.000000  -0.000000  1.000000  0.000000  -1.000000  -0.000000  1.000000  0.000255  -0.000222  -0.000255  0.999998  -0.001939  0.000221  0.001939  0.999998  1.000000  0.000000  0.000000  0.000000  1.000000  0.000000  0.000000  0.000000  1.000000  1.000000  0.000000  0.000000  0.000000  -0.000000  1.000000  0.000000  -1.000000  -0.000000  0.000000  0.000000  
131.497046 0.011702  0.098288  -0.001971  0.999977  -0.006799  0.000617  -0.000206  0.060250  0.998183  -0.006824  -0.998160  0.060247  0.005244  0.002132  -0.002981  0.000000  0.000000  0.000000  2.000000  1.000000  0.000000  0.000000  0.000000  -0.000000  1.000000  0.000000  -1.000000  -0.000000  1.000000  0.000267  -0.000016  -0.000267  0.999998  -0.002183  0.000016  0.002183  0.999998  1.000000  0.000000  0.000000  0.000000  1.000000  0.000000  0.000000  0.000000  1.000000  1.000000  0.000000  0.000000  0.000000  -0.000000  1.000000  0.000000  -1.000000  -0.000000  0.000000  0.000000  
131.498297 0.011708  0.098290  -0.001976  0.999977  -0.006799  0.000618  -0.000206  0.060492  0.998169  -0.006824  -0.998146  0.060489  0.005262  0.002235  -0.003208  0.000000  0.000000  0.000000  2.000000  1.000000  0.000000  0.000000  0.000000  -0.000000  1.000000  0.000000  -1.000000  -0.000000  1.000000  0.000267  -0.000016  -0.000267  0.999997  -0.002426  0.000016  0.002426  0.999997  1.000000  0.000000  0.000000  0.000000  1.000000  0.000000  0.000000  0.000000  1.000000  1.000000  0.000000  0.000000  0.000000  -0.000000  1.000000  0.000000  -1.000000  -0.000000  0.000000  0.000000  
131.499543 0.011714  0.098292  -0.001981  0.999977  -0.006799  0.000620  -0.000206  0.060734  0.998154  -0.006824  -0.998131  0.060731  0.005246  0.002275  -0.003444  0.000000  0.000000  0.000000  2.000000  1.000000  0.000000  0.000000  0.000000  -0.000000  1.000000  0.000000  -1.000000  -0.000000  1.000000  0.000267  -0.000016  -0.000267  0.999997  -0.002547  0.000016  0.002547  0.999997  1.000000  0.000000  0.000000  0.000000  1.000000  0.000000  0.000000  0.000000  1.000000  1.000000  0.000000  0.000000  0.000000  -0.000000  1.000000  0.000000  -1.000000  -0.000000  0.000000  0.000000  
131.500784 0.011720  0.098295  -0.001987  0.999977  -0.006798  0.000622  -0.000206  0.060976  0.998139  -0.006824  -0.998116  0.060973  0.005280  0.002396  -0.003648  0.000000  0.000000  0.000000  2.000000  1.000000  0.000000  0.000000  0.000000  -0.000000  1.000000  0.000000  -1.000000  -0.000000  1.000000  0.000267  -0.000016  -0.000267  0.999996  -0.002669  0.000016  0.002669  0.999996  1.000000  0.000000  0.000000  0.000000  1.000000  0.000000  0.000000  0.000000  1.000000  1.000000  0.000000  0.000000  0.000000  -0.000000  1.000000  0.000000  -1.000000  -0.000000  0.000000  0.000000  
131.502027 0.011727  0.098298  -0.001993  0.999978  -0.006665  0.000615  -0.000206  0.061218  0.998124  -0.006690  -0.998102  0.061215  0.005320  0.002452  -0.003854  0.000000  0.000000  0.000000  2.000000  1.000000  0.000000  0.000000  0.000000  -0.000000  1.000000  0.000000  -1.000000  -0.000000  1.000000  0.000401  -0.000025  -0.000401  0.999996  -0.002790  0.000023  0.002790  0.999996  1.000000  0.000000  0.000000  0.000000  1.000000  0.000000  0.000000  0.000000  1.000000  1.000000  0.000000  0.000000  0.000000  -0.000000  1.000000  0.000000  -1.000000  -0.000000  0.000000  0.000000  
131.503037 0.011732  0.098300  -0.001999  0.999978  -0.006665  0.000617  -0.000206  0.061460  0.998110  -0.006690  -0.998087  0.061457  0.005308  0.002457  -0.004000  0.000000  0.000000  0.000000  2.000000  1.000000  0.000000  0.000000  0.000000  -0.000000  1.000000  0.000000  -1.000000  -0.000000  1.000000  0.000401  -0.000025  -0.000401  0.999996  -0.002911  0.000023  0.002911  0.999996  1.000000  0.000000  0.000000  0.000000  1.000000  0.000000  0.000000  0.000000  1.000000  1.000000  0.000000  0.000000  0.000000  -0.000000  1.000000  0.000000  -1.000000  -0.000000  0.000000  0.000000  
131.504283 0.011738  0.098303  -0.002006  0.999978  -0.006664  0.000618  -0.000206  0.061702  0.998095  -0.006690  -0.998072  0.061700  0.005268  0.002376  -0.004221  0.000000  0.000000  0.000000  2.000000  1.000000  0.000000  0.000000  0.000000  -0.000000  1.000000  0.000000  -1.000000  -0.000000  1.000000  0.000280  0.000189  -0.000279  0.999995  -0.003155  -0.000190  0.003155  0.999995  1.000000  0.000000  0.000000  0.000000  1.000000  0.000000  0.000000  0.000000  1.000000  1.000000  0.000000  0.000000  0.000000  -0.000000  1.000000  0.000000  -1.000000  -0.000000  0.000000  0.000000  
131.505288 0.011744  0.098305  -0.002012  0.999978  -0.006664  0.000619  -0.000206  0.061823  0.998087  -0.006690  -0.998065  0.061821  0.005271  0.002378  -0.004402  0.000000  0.000000  0.000000  2.000000  1.000000  0.000000  0.000000  0.000000  -0.000000  1.000000  0.000000  -1.000000  -0.000000  1.000000  0.000280  0.000189  -0.000279  0.999995  -0.003276  -0.000190  0.003276  0.999995  1.000000  0.000000  0.000000  0.000000  1.000000  0.000000  0.000000  0.000000  1.000000  1.000000  0.000000  0.000000  0.000000  -0.000000  1.000000  0.000000  -1.000000  -0.000000  0.000000  0.000000  
131.506295 0.011750  0.098307  -0.002017  0.999978  -0.006664  0.000621  -0.000206  0.062066  0.998072  -0.006690  -0.998050  0.062063  0.005266  0.002302  -0.004586  0.000000  0.000000  0.000000  2.000000  1.000000  0.000000  0.000000  0.000000  -0.000000  1.000000  0.000000  -1.000000  -0.000000  1.000000  0.000280  0.000189  -0.000279  0.999994  -0.003519  -0.000190  0.003519  0.999994  1.000000  0.000000  0.000000  0.000000  1.000000  0.000000  0.000000  0.000000  1.000000  1.000000  0.000000  0.000000  0.000000  -0.000000  1.000000  0.000000  -1.000000  -0.000000  0.000000  0.000000  
131.507542 0.011757  0.098310  -0.002024  0.999978  -0.006651  0.000828  -0.000412  0.062309  0.998057  -0.006690  -0.998035  0.062305  0.005328  0.002261  -0.004711  0.000000  0.000000  0.000000  2.000000  1.000000  0.000000  0.000000  0.000000  -0.000000  1.000000  0.000000  -1.000000  -0.000000  1.000000  0.000293  0.000394  -0.000291  0.999993  -0.003642  -0.000395  0.003642  0.999993  1.000000  0.000000  0.000000  0.000000  1.000000  0.000000  0.000000  0.000000  1.000000  1.000000  0.000000  0.000000  0.000000  -0.000000  1.000000  0.000000  -1.000000  -0.000000  0.000000  0.000000  
131.508785 0.011765  0.098312  -0.002031  0.999978  -0.006651  0.000830  -0.000412  0.062672  0.998034  -0.006690  -0.998012  0.062668  0.005367  0.002193  -0.004867  0.000000  0.000000  0.000000  2.000000  1.000000  0.000000  0.000000  0.000000  -0.000000  1.000000  0.000000  -1.000000  -0.000000  1.000000  0.000293  0.000394  -0.000291  0.999993  -0.003763  -0.000395  0.003763  0.999993  1.000000  0.000000  0.000000  0.000000  1.000000  0.000000  0.000000  0.000000  1.000000  1.000000  0.000000  0.000000  0.000000  -0.000000  1.000000  0.000000  -1.000000  -0.000000  0.000000  0.000000  
131.509794 0.011770  0.098314  -0.002036  0.999978  -0.006651  0.000832  -0.000412  0.062914  0.998019  -0.006690  -0.997997  0.062910  0.005318  0.002087  -0.004960  0.000000  0.000000  0.000000  2.000000  1.000000  0.000000  0.000000  0.000000  -0.000000  1.000000  0.000000  -1.000000  -0.000000  1.000000  0.000293  0.000394  -0.000291  0.999992  -0.003884  -0.000395  0.003884  0.999992  1.000000  0.000000  0.000000  0.000000  1.000000  0.000000  0.000000  0.000000  1.000000  1.000000  0.000000  0.000000  0.000000  -0.000000  1.000000  0.000000  -1.000000  -0.000000  0.000000  0.000000  
131.511038 0.011778  0.098317  -0.002041  0.999978  -0.006651  0.000833  -0.000412  0.063156  0.998004  -0.006690  -0.997981  0.063152  0.005393  0.002101  -0.004968  0.000000  0.000000  0.000000  2.000000  1.000000  0.000000  0.000000  0.000000  -0.000000  1.000000  0.000000  -1.000000  -0.000000  1.000000  0.000293  0.000394  -0.000291  0.999992  -0.004006  -0.000395  0.004006  0.999992  1.000000  0.000000  0.000000  0.000000  1.000000  0.000000  0.000000  0.000000  1.000000  1.000000  0.000000  0.000000  0.000000  -0.000000  1.000000  0.000000  -1.000000  -0.000000  0.000000  0.000000  
131.512041 0.011783  0.098319  -0.002046  0.999978  -0.006650  0.000835  -0.000412  0.063399  0.997988  -0.006690  -0.997966  0.063394  0.005399  0.002058  -0.004991  0.000000  0.000000  0.000000  2.000000  1.000000  0.000000  0.000000  0.000000  -0.000000  1.000000  0.000000  -1.000000  -0.000000  1.000000  0.000293  0.000394  -0.000292  0.999991  -0.004127  -0.000395  0.004127  0.999991  1.000000  0.000000  0.000000  0.000000  1.000000  0.000000  0.000000  0.000000  1.000000  1.000000  0.000000  0.000000  0.000000  -0.000000  1.000000  0.000000  -1.000000  -0.000000  0.000000  0.000000  
131.513046 0.011788  0.098320  -0.002050  0.999978  -0.006650  0.000837  -0.000412  0.063641  0.997973  -0.006690  -0.997951  0.063636  0.005435  0.001986  -0.005064  -0.171227  -0.013256  0.009817  2.000000  1.000000  0.000000  0.000000  0.000000  -0.000000  1.000000  0.000000  -1.000000  -0.000000  1.000000  0.000293  0.000394  -0.000292  0.999991  -0.004248  -0.000395  0.004248  0.999991  1.000000  0.000000  0.000000  0.000000  1.000000  0.000000  0.000000  0.000000  1.000000  1.000000  0.000000  0.000000  0.000000  -0.000000  1.000000  0.000000  -1.000000  -0.000000  0.000043  0.000000  
131.514291 0.011795  0.098322  -0.002055  0.999977  -0.006637  0.001045  -0.000618  0.064005  0.997949  -0.006690  -0.997927  0.064000  0.005475  0.001992  -0.005031  -0.183738  -0.020183  0.010257  2.000000  1.000000  0.000000  0.000000  0.000000  -0.000000  1.000000  0.000000  -1.000000  -0.000000  1.000000  0.000307  0.000599  -0.000304  0.999990  -0.004492  -0.000601  0.004492  0.999990  1.000000  0.000000  0.000000  0.000000  1.000000  0.000000  0.000000  0.000000  1.000000  1.000000  0.000000  0.000000  0.000000  -0.000000  1.000000  0.000000  -1.000000  -0.000000  0.000046  0.000000  
131.515547 0.011800  0.098323  -0.002061  0.999977  -0.006636  0.001047  -0.000618  0.064368  0.997926  -0.006690  -0.997904  0.064363  0.005415  0.001883  -0.005015  -0.190319  -0.020014  0.010177  2.000000  1.000000  0.000000  0.000000  0.000000  -0.000000  1.000000  0.000000  -1.000000  -0.000000  1.000000  0.000173  0.000608  -0.000170  0.999990  -0.004492  -0.000608  0.004492  0.999990  1.000000  0.000000  0.000000  0.000000  1.000000  0.000000  0.000000  0.000000  1.000000  1.000000  0.000000  0.000000  0.000000  -0.000000  1.000000  0.000000  -1.000000  -0.000000  0.000047  0.000000  
131.516783 0.011806  0.098325  -0.002066  0.999977  -0.006636  0.001049  -0.000618  0.064610  0.997910  -0.006690  -0.997889  0.064605  0.005378  0.001811  -0.004949  -0.197503  -0.020336  0.010345  2.000000  1.000000  0.000000  0.000000  0.000000  -0.000000  1.000000  0.000000  -1.000000  -0.000000  1.000000  0.000173  0.000608  -0.000171  0.999989  -0.004613  -0.000608  0.004613  0.999989  1.000000  0.000000  0.000000  0.000000  1.000000  0.000000  0.000000  0.000000  1.000000  1.000000  0.000000  0.000000  0.000000  -0.000000  1.000000  0.000000  -1.000000  -0.000000  0.000049  0.000000  
131.518047 0.011811  0.098327  -0.002071  0.999977  -0.006622  0.001256  -0.000823  0.064975  0.997887  -0.006690  -0.997865  0.064968  0.005314  0.001759  -0.004774  -0.203948  -0.027056  0.010687  2.000000  1.000000  0.000000  0.000000  0.000000  -0.000000  1.000000  0.000000  -1.000000  -0.000000  1.000000  0.000174  0.000608  -0.000171  0.999989  -0.004735  -0.000608  0.004735  0.999989  1.000000  0.000000  0.000000  0.000000  1.000000  0.000000  0.000000  0.000000  1.000000  1.000000  0.000000  0.000000  0.000000  -0.000000  1.000000  0.000000  -1.000000  -0.000000  0.000051  0.000000  
131.519277 0.011816  0.098329  -0.002077  0.999977  -0.006622  0.001259  -0.000823  0.065338  0.997863  -0.006690  -0.997841  0.065331  0.005205  0.001747  -0.004713  -0.212305  -0.027080  0.010704  2.000000  1.000000  0.000000  0.000000  0.000000  -0.000000  1.000000  0.000000  -1.000000  -0.000000  1.000000  0.000174  0.000608  -0.000171  0.999988  -0.004856  -0.000608  0.004856  0.999988  1.000000  0.000000  0.000000  0.000000  1.000000  0.000000  0.000000  0.000000  1.000000  1.000000  0.000000  0.000000  0.000000  -0.000000  1.000000  0.000000  -1.000000  -0.000000  0.000052  0.000000  
131.520530 0.011822  0.098331  -0.002082  0.999977  -0.006608  0.001467  -0.001029  0.065702  0.997839  -0.006690  -0.997817  0.065694  0.005101  0.001688  -0.004572  -0.218623  -0.033696  0.011047  2.000000  1.000000  0.000000  0.000000  0.000000  -0.000000  1.000000  0.000000  -1.000000  -0.000000  1.000000  0.000174  0.000607  -0.000171  0.999988  -0.004977  -0.000608  0.004977  0.999987  1.000000  0.000000  0.000000  0.000000  1.000000  0.000000  0.000000  0.000000  1.000000  1.000000  0.000000  0.000000  0.000000  -0.000000  1.000000  0.000000  -1.000000  -0.000000  0.000054  0.000000  
131.521781 0.011827  0.098333  -0.002087  0.999977  -0.006607  0.001469  -0.001029  0.066066  0.997815  -0.006690  -0.997793  0.066057  0.004955  0.001682  -0.004508  -0.222634  -0.033687  0.011056  2.000000  1.000000  0.000005  0.000020  -0.000020  0.000128  1.000000  0.000005  -1.000000  0.000128  1.000000  0.000188  0.000813  -0.000184  0.999987  -0.005100  -0.000814  0.005100  0.999987  1.000000  0.000002  0.000010  -0.000002  1.000000  -0.000064  -0.000010  0.000064  1.000000  1.000000  0.000005  0.000020  -0.000020  0.000128  1.000000  0.000005  -1.000000  0.000128  0.000056  0.005168  
131.522795 0.011831  0.098335  -0.002092  0.999977  -0.006593  0.001676  -0.001235  0.066309  0.997798  -0.006690  -0.997777  0.066299  0.004800  0.001642  -0.004410  -0.228540  -0.041143  0.007099  2.000000  1.000000  0.000010  0.000051  -0.000051  0.000322  1.000000  0.000010  -1.000000  0.000322  1.000000  0.000054  0.000822  -0.000050  0.999986  -0.005221  -0.000822  0.005221  0.999986  1.000000  0.000001  0.000010  -0.000001  1.000000  -0.000065  -0.000010  0.000065  1.000000  1.000000  0.000010  0.000051  -0.000051  0.000322  1.000000  0.000010  -1.000000  0.000322  0.000056  0.005286  
131.524044 0.011835  0.098337  -0.002097  0.999977  -0.006593  0.001678  -0.001235  0.066551  0.997782  -0.006690  -0.997761  0.066541  0.004589  0.001585  -0.004348  -0.228587  -0.041149  0.007110  2.000000  1.000000  0.000013  0.000102  -0.000102  0.000587  1.000000  0.000013  -1.000000  0.000587  0.999999  0.000068  0.001027  -0.000063  0.999986  -0.005344  -0.001027  0.005344  0.999985  1.000000  0.000001  0.000013  -0.000001  1.000000  -0.000067  -0.000013  0.000067  1.000000  1.000000  0.000013  0.000102  -0.000102  0.000587  1.000000  0.000013  -1.000000  0.000587  0.000058  0.005442  
131.525300 0.011839  0.098339  -0.002103  0.999977  -0.006578  0.001885  -0.001441  0.066915  0.997758  -0.006690  -0.997737  0.066904  0.004379  0.001529  -0.004287  -0.232696  -0.048050  0.007561  2.000000  1.000000  0.000017  0.000161  -0.000161  0.000858  1.000000  0.000017  -1.000000  0.000858  0.999999  0.000083  0.001232  -0.000076  0.999985  -0.005467  -0.001233  0.005467  0.999984  1.000000  0.000001  0.000015  -0.000001  1.000000  -0.000068  -0.000015  0.000068  1.000000  1.000000  0.000017  0.000161  -0.000161  0.000858  1.000000  0.000017  -1.000000  0.000858  0.000059  0.005604  
131.526541 0.011843  0.098340  -0.002108  0.999976  -0.006564  0.002093  -0.001647  0.067280  0.997733  -0.006690  -0.997713  0.067268  0.004141  0.001484  -0.004319  -0.236770  -0.048047  0.007576  2.000000  1.000000  0.000021  0.000228  -0.000228  0.001133  0.999999  0.000021  -0.999999  0.001133  0.999999  0.000097  0.001438  -0.000089  0.999985  -0.005468  -0.001438  0.005468  0.999984  1.000000  0.000001  0.000018  -0.000001  1.000000  -0.000068  -0.000018  0.000068  1.000000  1.000000  0.000021  0.000228  -0.000228  0.001133  0.999999  0.000021  -0.999999  0.001133  0.000059  0.005655  
131.527784 0.011847  0.098341  -0.002114  0.999976  -0.006549  0.002301  -0.001853  0.067644  0.997708  -0.006690  -0.997688  0.067631  0.003976  0.001398  -0.004321  -0.242980  -0.054503  0.007965  2.000000  1.000000  0.000026  0.000300  -0.000300  0.001411  0.999999  0.000026  -0.999999  0.001411  0.999999  0.000097  0.001438  -0.000089  0.999984  -0.005589  -0.001438  0.005589  0.999983  1.000000  0.000001  0.000018  -0.000001  1.000000  -0.000070  -0.000018  0.000070  1.000000  1.000000  0.000026  0.000300  -0.000300  0.001411  0.999999  0.000026  -0.999999  0.001411  0.000061  0.005772  
131.529032 0.011850  0.098341  -0.002120  0.999976  -0.006534  0.002509  -0.002059  0.068009  0.997683  -0.006690  -0.997663  0.067994  0.003756  0.001328  -0.004360  -0.247114  -0.061360  0.008424  2.000000  1.000000  0.000032  0.000382  -0.000382  0.001696  0.999998  0.000031  -0.999999  0.001696  0.999999  0.000112  0.001643  -0.000102  0.999984  -0.005712  -0.001644  0.005712  0.999982  1.000000  0.000001  0.000021  -0.000001  1.000000  -0.000071  -0.000021  0.000071  1.000000  1.000000  0.000032  0.000382  -0.000382  0.001696  0.999998  0.000031  -0.999999  0.001696  0.000062  0.005945  
131.530287 0.011852  0.098341  -0.002125  0.999976  -0.006533  0.002511  -0.002059  0.068372  0.997658  -0.006690  -0.997639  0.068357  0.003535  0.001217  -0.004341  -0.251252  -0.061381  0.008446  2.000000  1.000000  0.000037  0.000467  -0.000467  0.001989  0.999998  0.000036  -0.999998  0.001989  0.999999  0.000112  0.001643  -0.000103  0.999982  -0.005955  -0.001644  0.005954  0.999981  1.000000  0.000001  0.000021  -0.000001  1.000000  -0.000074  -0.000021  0.000074  1.000000  1.000000  0.000037  0.000467  -0.000467  0.001989  0.999998  0.000036  -0.999998  0.001989  0.000064  0.006178  
131.531290 0.011854  0.098342  -0.002129  0.999975  -0.006519  0.002718  -0.002265  0.068615  0.997641  -0.006690  -0.997622  0.068599  0.003336  0.001155  -0.004310  -0.253252  -0.069054  0.004487  2.000000  1.000000  0.000042  0.000534  -0.000534  0.002211  0.999997  0.000041  -0.999998  0.002211  0.999998  0.000127  0.001848  -0.000116  0.999982  -0.005956  -0.001849  0.005956  0.999981  1.000000  0.000002  0.000023  -0.000002  1.000000  -0.000074  -0.000023  0.000074  1.000000  1.000000  0.000042  0.000534  -0.000534  0.002211  0.999997  0.000041  -0.999998  0.002211  0.000065  0.006237  
131.532532 0.011857  0.098341  -0.002134  0.999975  -0.006370  0.002917  -0.002470  0.068979  0.997615  -0.006556  -0.997598  0.068962  0.003136  0.000985  -0.004354  -0.257319  -0.075650  0.009445  2.000000  1.000000  0.000052  0.000631  -0.000631  0.002515  0.999997  0.000050  -0.999997  0.002515  0.999998  0.000275  0.002045  -0.000263  0.999981  -0.006200  -0.002046  0.006199  0.999979  1.000000  0.000003  0.000026  -0.000003  1.000000  -0.000077  -0.000026  0.000077  1.000000  1.000000  0.000052  0.000631  -0.000631  0.002515  0.999997  0.000050  -0.999997  0.002515  0.000067  0.006534  
131.533535 0.011859  0.098341  -0.002137  0.999975  -0.006355  0.003124  -0.002676  0.069343  0.997589  -0.006556  -0.997573  0.069325  0.003004  0.000884  -0.004276  -0.261636  -0.082612  0.009928  2.000000  1.000000  0.000062  0.000710  -0.000710  0.002745  0.999996  0.000060  -0.999996  0.002745  0.999997  0.000290  0.002250  -0.000276  0.999981  -0.006201  -0.002252  0.006201  0.999978  1.000000  0.000004  0.000028  -0.000004  1.000000  -0.000078  -0.000028  0.000078  1.000000  1.000000  0.000062  0.000710  -0.000710  0.002745  0.999996  0.000060  -0.999996  0.002745  0.000069  0.006603  
131.534545 0.011860  0.098340  -0.002142  0.999975  -0.006354  0.003126  -0.002676  0.069586  0.997572  -0.006556  -0.997556  0.069567  0.002841  0.000737  -0.004271  -0.261439  -0.082548  0.009941  2.000000  1.000000  0.000073  0.000795  -0.000795  0.002980  0.999995  0.000071  -0.999996  0.002980  0.999997  0.000291  0.002250  -0.000277  0.999980  -0.006323  -0.002252  0.006322  0.999977  1.000000  0.000004  0.000028  -0.000004  1.000000  -0.000079  -0.000028  0.000079  1.000000  1.000000  0.000073  0.000795  -0.000795  0.002980  0.999995  0.000071  -0.999996  0.002980  0.000069  0.006717  
131.535796 0.011863  0.098340  -0.002146  0.999974  -0.006338  0.003334  -0.002882  0.069950  0.997546  -0.006556  -0.997530  0.069930  0.002645  0.000573  -0.004234  -0.265580  -0.089454  0.010423  2.000000  1.000000  0.000088  0.000915  -0.000915  0.003299  0.999994  0.000085  -0.999995  0.003299  0.999997  0.000306  0.002455  -0.000290  0.999979  -0.006445  -0.002457  0.006445  0.999976  1.000000  0.000004  0.000031  -0.000004  1.000000  -0.000081  -0.000031  0.000081  1.000000  1.000000  0.000088  0.000915  -0.000915  0.003299  0.999994  0.000085  -0.999995  0.003299  0.000071  0.006904  
131.537037 0.011865  0.098340  -0.002151  0.999974  -0.006323  0.003541  -0.003088  0.070314  0.997520  -0.006556  -0.997505  0.070293  0.002433  0.000354  -0.004217  -0.267493  -0.088733  0.010367  2.000000  0.999999  0.000104  0.001045  -0.001046  0.003622  0.999993  0.000100  -0.999993  0.003622  0.999996  0.000321  0.002660  -0.000304  0.999980  -0.006326  -0.002662  0.006325  0.999976  1.000000  0.000004  0.000033  -0.000004  1.000000  -0.000079  -0.000033  0.000079  1.000000  0.999999  0.000104  0.001045  -0.001046  0.003622  0.999993  0.000100  -0.999993  0.003622  0.000071  0.006869  
131.538282 0.011866  0.098339  -0.002157  0.999973  -0.006307  0.003749  -0.003294  0.070678  0.997494  -0.006556  -0.997479  0.070656  0.002245  0.000175  -0.004221  -0.271631  -0.095596  0.010853  2.000000  0.999999  0.000120  0.001176  -0.001176  0.003945  0.999992  0.000115  -0.999992  0.003946  0.999996  0.000322  0.002660  -0.000305  0.999979  -0.006447  -0.002662  0.006446  0.999976  1.000000  0.000004  0.000033  -0.000004  1.000000  -0.000081  -0.000033  0.000081  1.000000  0.999999  0.000120  0.001176  -0.001176  0.003945  0.999992  0.000115  -0.999992  0.003946  0.000071  0.006981  
131.539556 0.011868  0.098338  -0.002163  0.999972  -0.006291  0.003957  -0.003500  0.071043  0.997467  -0.006556  -0.997453  0.071019  0.002067  0.000017  -0.004209  -0.273735  -0.103217  0.011433  2.000000  0.999999  0.000136  0.001314  -0.001314  0.004274  0.999990  0.000130  -0.999991  0.004274  0.999996  0.000338  0.002865  -0.000319  0.999978  -0.006570  -0.002868  0.006569  0.999974  1.000000  0.000004  0.000036  -0.000004  1.000000  -0.000082  -0.000036  0.000082  1.000000  0.999999  0.000136  0.001314  -0.001314  0.004274  0.999990  0.000130  -0.999991  0.004274  0.000073  0.007175  
131.540780 0.011870  0.098337  -0.002169  0.999972  -0.006275  0.004164  -0.003706  0.071407  0.997440  -0.006556  -0.997428  0.071382  0.001950  -0.000157  -0.004247  -0.275764  -0.109286  0.011840  2.000000  0.999999  0.000153  0.001462  -0.001463  0.004608  0.999988  0.000147  -0.999989  0.004609  0.999995  0.000354  0.003071  -0.000333  0.999978  -0.006692  -0.003073  0.006691  0.999973  1.000000  0.000004  0.000038  -0.000004  1.000000  -0.000084  -0.000038  0.000084  1.000000  0.999999  0.000153  0.001462  -0.001463  0.004608  0.999988  0.000147  -0.999989  0.004609  0.000074  0.007371  
131.541789 0.011871  0.098336  -0.002173  0.999971  -0.006259  0.004371  -0.003911  0.071650  0.997422  -0.006556  -0.997410  0.071624  0.001773  -0.000321  -0.004248  -0.278019  -0.117062  0.012429  2.000000  0.999999  0.000167  0.001580  -0.001581  0.004864  0.999987  0.000159  -0.999988  0.004864  0.999995  0.000369  0.003276  -0.000347  0.999977  -0.006815  -0.003278  0.006814  0.999971  1.000000  0.000004  0.000041  -0.000004  1.000000  -0.000085  -0.000041  0.000085  1.000000  0.999999  0.000167  0.001580  -0.001581  0.004864  0.999987  0.000159  -0.999988  0.004864  0.000075  0.007570  
131.543037 0.011872  0.098334  -0.002180  0.999971  -0.006257  0.004373  -0.003911  0.072013  0.997396  -0.006556  -0.997384  0.071987  0.001658  -0.000490  -0.004280  -0.279821  -0.116114  0.012364  2.000000  0.999998  0.000185  0.001734  -0.001735  0.005206  0.999985  0.000176  -0.999986  0.005206  0.999995  0.000355  0.003070  -0.000334  0.999977  -0.006814  -0.003073  0.006812  0.999972  1.000000  0.000004  0.000038  -0.000004  1.000000  -0.000085  -0.000038  0.000085  1.000000  0.999998  0.000185  0.001734  -0.001735  0.005206  0.999985  0.000176  -0.999986  0.005206  0.000075  0.007481  
131.544279 0.011874  0.098333  -0.002185  0.999970  -0.006241  0.004581  -0.004117  0.072377  0.997369  -0.006556  -0.997358  0.072349  0.001525  -0.000610  -0.004340  -0.279873  -0.116131  0.012408  2.000000  0.999998  0.000203  0.001895  -0.001896  0.005550  0.999983  0.000192  -0.999985  0.005550  0.999995  0.000371  0.003276  -0.000349  0.999976  -0.006936  -0.003278  0.006935  0.999971  1.000000  0.000005  0.000041  -0.000004  1.000000  -0.000087  -0.000041  0.000087  1.000000  0.999998  0.000203  0.001895  -0.001896  0.005550  0.999983  0.000192  -0.999985  0.005550  0.000075  0.007679  
131.545280 0.011874  0.098331  -0.002189  0.999969  -0.006225  0.004788  -0.004323  0.072621  0.997350  -0.006556  -0.997340  0.072591  0.001450  -0.000686  -0.004302  -0.279833  -0.122940  0.012902  2.000000  0.999998  0.000222  0.002061  -0.002062  0.005893  0.999981  0.000210  -0.999983  0.005894  0.999995  0.000372  0.003275  -0.000350  0.999977  -0.006815  -0.003278  0.006814  0.999971  1.000000  0.000005  0.000041  -0.000005  1.000000  -0.000085  -0.000041  0.000085  1.000000  0.999998  0.000222  0.002061  -0.002062  0.005893  0.999981  0.000210  -0.999983  0.005894  0.000076  0.007570  
131.546280 0.011875  0.098329  -0.002194  0.999969  -0.006224  0.004789  -0.004323  0.072863  0.997333  -0.006556  -0.997323  0.072833  0.001381  -0.000826  -0.004349  -0.278069  -0.123952  0.013046  2.000000  0.999997  0.000241  0.002225  -0.002226  0.006237  0.999978  0.000227  -0.999981  0.006238  0.999995  0.000373  0.003275  -0.000351  0.999977  -0.006815  -0.003278  0.006814  0.999971  1.000000  0.000005  0.000041  -0.000005  1.000000  -0.000085  -0.000041  0.000085  1.000000  0.999997  0.000241  0.002225  -0.002226  0.006237  0.999978  0.000227  -0.999981  0.006238  0.000076  0.007570  
131.547283 0.011876  0.098327  -0.002199  0.999968  -0.006208  0.004996  -0.004529  0.073106  0.997314  -0.006556  -0.997305  0.073075  0.001301  -0.000941  -0.004404  -0.278078  -0.123953  0.013077  2.000000  0.999997  0.000260  0.002394  -0.002395  0.006575  0.999976  0.000244  -0.999978  0.006575  0.999995  0.000374  0.003275  -0.000352  0.999978  -0.006694  -0.003278  0.006692  0.999972  1.000000  0.000005  0.000041  -0.000005  1.000000  -0.000084  -0.000041  0.000084  1.000000  0.999997  0.000260  0.002394  -0.002395  0.006575  0.999976  0.000244  -0.999978  0.006575  0.000076  0.007461  
