1-Time 2-Px 3-Py 4-Pz 5-R11 6-R21 7-R31 8-R12 9-R22 10-R32 11-R13 12-R23 13-R33 14-Vx 15-Vy 16-Vz 17-Wx 18-Wy 19-Wz 20-state 21-PR11 22-PR21 23-PR31 24-PR12 25-PR22 26-PR32 27-PR13 28-PR23 29-PR33 
13.815846 0.005324  0.095421  -0.007863  0.990139  0.136009  0.033549  -0.138070  0.987974  0.069594  -0.023680  -0.073540  0.997011  0.002981  0.002889  0.002377  0.000000  0.000000  0.000000  2.000000  1.000000  0.000000  0.000000  -0.000000  1.000000  0.000000  0.000000  -0.000000  1.000000  1.000000  -0.000411  -0.000030  0.000411  1.000000  0.000131  0.000030  -0.000131  1.000000  1.000000  0.000000  0.000000  0.000000  1.000000  0.000000  0.000000  0.000000  1.000000  0.769354  0.028982  0.638165  -0.176835  0.969596  0.169154  -0.613860  -0.242990  0.751087  0.000000  0.000000  
13.816851 0.005327  0.095424  -0.007861  0.990139  0.136009  0.033549  -0.138070  0.987974  0.069594  -0.023680  -0.073540  0.997011  0.002993  0.002886  0.002342  0.000000  0.000000  0.000000  2.000000  1.000000  0.000000  0.000000  0.000000  1.000000  0.000000  0.000000  0.000000  1.000000  1.000000  -0.000411  -0.000030  0.000411  1.000000  0.000131  0.000030  -0.000131  1.000000  1.000000  0.000000  0.000000  0.000000  1.000000  0.000000  0.000000  0.000000  1.000000  1.000000  0.000000  0.000000  0.000000  1.000000  0.000000  0.000000  0.000000  1.000000  0.000000  0.000000  
13.817854 0.005331  0.095426  -0.007861  0.990082  0.136416  0.033578  -0.138477  0.987918  0.069580  -0.023680  -0.073540  0.997011  0.003009  0.002815  0.002191  0.000000  0.000000  0.000000  2.000000  1.000000  0.000000  0.000000  0.000000  1.000000  0.000000  0.000000  0.000000  1.000000  1.000000  -0.000000  0.000000  0.000000  1.000000  0.000121  0.000000  -0.000121  1.000000  1.000000  0.000000  0.000000  0.000000  1.000000  0.000000  0.000000  0.000000  1.000000  1.000000  0.000000  0.000000  0.000000  1.000000  0.000000  0.000000  0.000000  1.000000  0.000000  0.000000  
13.818862 0.005334  0.095428  -0.007861  0.989965  0.137215  0.033784  -0.139292  0.987799  0.069654  -0.023814  -0.073661  0.996999  0.003060  0.002747  0.001971  0.000000  0.000000  0.000000  2.000000  1.000000  0.000000  0.000000  0.000000  1.000000  0.000000  0.000000  0.000000  1.000000  1.000000  0.000606  0.000179  -0.000606  1.000000  0.000228  -0.000179  -0.000228  1.000000  1.000000  0.000000  0.000000  0.000000  1.000000  0.000000  0.000000  0.000000  1.000000  1.000000  0.000000  0.000000  0.000000  1.000000  0.000000  0.000000  0.000000  1.000000  0.000000  0.000000  
13.820102 0.005339  0.095430  -0.007863  0.989847  0.138011  0.034007  -0.140107  0.987670  0.069847  -0.023948  -0.073902  0.996978  0.003130  0.002622  0.001639  0.000000  0.000000  0.000000  2.000000  1.000000  0.000000  0.000000  0.000000  1.000000  0.000000  0.000000  0.000000  1.000000  0.999999  0.001417  0.000373  -0.001417  0.999999  0.000451  -0.000373  -0.000451  1.000000  1.000000  0.000000  0.000000  0.000000  1.000000  0.000000  0.000000  0.000000  1.000000  1.000000  0.000000  0.000000  0.000000  1.000000  0.000000  0.000000  0.000000  1.000000  0.000000  0.000000  
13.821105 0.005343  0.095431  -0.007864  0.989786  0.138404  0.034184  -0.140514  0.987606  0.069934  -0.024081  -0.074023  0.996966  0.003208  0.002486  0.001449  0.000000  0.000000  0.000000  2.000000  1.000000  0.000000  0.000000  0.000000  1.000000  0.000000  0.000000  0.000000  1.000000  0.999998  0.001818  0.000537  -0.001818  0.999998  0.000562  -0.000536  -0.000563  1.000000  1.000000  0.000000  0.000000  0.000000  1.000000  0.000000  0.000000  0.000000  1.000000  1.000000  0.000000  0.000000  0.000000  1.000000  0.000000  0.000000  0.000000  1.000000  0.000000  0.000000  
13.822354 0.005349  0.095432  -0.007865  0.989728  0.138802  0.034247  -0.140921  0.987532  0.070160  -0.024081  -0.074265  0.996948  0.003335  0.002339  0.001120  0.000000  0.000000  0.000000  2.000000  1.000000  0.000000  0.000000  0.000000  1.000000  0.000000  0.000000  0.000000  1.000000  0.999996  0.002638  0.000599  -0.002639  0.999996  0.000784  -0.000597  -0.000786  1.000000  1.000000  0.000000  0.000000  0.000000  1.000000  0.000000  0.000000  0.000000  1.000000  1.000000  0.000000  0.000000  0.000000  1.000000  0.000000  0.000000  0.000000  1.000000  0.000000  0.000000  
13.823605 0.005355  0.095435  -0.007865  0.989615  0.139617  0.034206  -0.141737  0.987399  0.070390  -0.023948  -0.074507  0.996933  0.003520  0.002305  0.000912  0.000000  0.000000  0.000000  2.000000  1.000000  0.000000  0.000000  0.000000  1.000000  0.000000  0.000000  0.000000  1.000000  0.999995  0.003264  0.000512  -0.003264  0.999994  0.000891  -0.000509  -0.000893  0.999999  1.000000  0.000000  0.000000  0.000000  1.000000  0.000000  0.000000  0.000000  1.000000  1.000000  0.000000  0.000000  0.000000  1.000000  0.000000  0.000000  0.000000  1.000000  0.000000  0.000000  
13.824854 0.005361  0.095438  -0.007866  0.989501  0.140431  0.034166  -0.142552  0.987265  0.070620  -0.023814  -0.074749  0.996918  0.003691  0.002261  0.000679  0.000000  0.000000  0.000000  2.000000  1.000000  0.000000  0.000000  0.000000  1.000000  0.000000  0.000000  0.000000  1.000000  0.999991  0.004300  0.000456  -0.004301  0.999990  0.001109  -0.000451  -0.001111  0.999999  1.000000  0.000000  0.000000  0.000000  1.000000  0.000000  0.000000  0.000000  1.000000  1.000000  0.000000  0.000000  0.000000  1.000000  0.000000  0.000000  0.000000  1.000000  0.000000  0.000000  
13.825856 0.005366  0.095441  -0.007866  0.989353  0.141443  0.034256  -0.143571  0.987111  0.070705  -0.023814  -0.074870  0.996909  0.003797  0.002208  0.000515  0.044798  -0.017304  0.172065  2.000000  1.000000  0.000026  0.000059  -0.000026  1.000000  0.000017  -0.000059  -0.000017  1.000000  0.999987  0.005121  0.000518  -0.005122  0.999986  0.001332  -0.000512  -0.001335  0.999999  1.000000  0.000026  0.000059  -0.000026  1.000000  0.000017  -0.000059  -0.000017  1.000000  1.000000  0.000026  0.000059  -0.000026  1.000000  0.000017  -0.000059  -0.000017  1.000000  0.000000  0.005317  
13.827101 0.005372  0.095443  -0.007868  0.989205  0.142451  0.034363  -0.144589  0.986948  0.070909  -0.023814  -0.075112  0.996891  0.003948  0.002113  0.000198  0.051851  -0.019788  0.205449  2.000000  1.000000  0.000175  0.000387  -0.000175  1.000000  0.000104  -0.000387  -0.000104  1.000000  0.999981  0.006147  0.000596  -0.006148  0.999980  0.001428  -0.000587  -0.001432  0.999999  1.000000  0.000032  0.000070  -0.000032  1.000000  0.000018  -0.000070  -0.000018  1.000000  1.000000  0.000175  0.000387  -0.000175  1.000000  0.000104  -0.000387  -0.000104  1.000000  0.000052  0.006339  
13.828349 0.005379  0.095446  -0.007868  0.989023  0.143656  0.034600  -0.145810  0.986764  0.070967  -0.023948  -0.075233  0.996878  0.004188  0.002102  -0.000060  0.055214  -0.027481  0.247643  2.000000  1.000000  0.000348  0.000780  -0.000348  1.000000  0.000201  -0.000780  -0.000201  1.000000  0.999973  0.007368  0.000824  -0.007369  0.999972  0.001640  -0.000812  -0.001646  0.999998  1.000000  0.000037  0.000085  -0.000037  1.000000  0.000021  -0.000085  -0.000021  1.000000  1.000000  0.000348  0.000780  -0.000348  1.000000  0.000201  -0.000780  -0.000201  1.000000  0.000062  0.007594  
13.829352 0.005385  0.095450  -0.007868  0.988899  0.144454  0.034808  -0.146624  0.986638  0.071038  -0.024081  -0.075353  0.996866  0.004400  0.002151  -0.000168  0.058603  -0.034032  0.274849  2.000000  0.999999  0.000504  0.001145  -0.000504  1.000000  0.000284  -0.001145  -0.000284  0.999999  0.999966  0.008179  0.001020  -0.008181  0.999965  0.001740  -0.001006  -0.001748  0.999998  1.000000  0.000040  0.000095  -0.000040  1.000000  0.000022  -0.000095  -0.000022  1.000000  0.999999  0.000504  0.001145  -0.000504  1.000000  0.000284  -0.001145  -0.000284  0.999999  0.000069  0.008425  
13.830353 0.005392  0.095454  -0.007867  0.988744  0.145455  0.035031  -0.147642  0.986482  0.071102  -0.024215  -0.075474  0.996854  0.004642  0.002229  -0.000255  0.061834  -0.041109  0.309007  2.000000  0.999999  0.000675  0.001551  -0.000676  1.000000  0.000372  -0.001551  -0.000373  0.999999  0.999957  0.009195  0.001232  -0.009197  0.999956  0.001835  -0.001215  -0.001846  0.999998  1.000000  0.000044  0.000107  -0.000044  1.000000  0.000023  -0.000107  -0.000023  1.000000  0.999999  0.000675  0.001551  -0.000676  1.000000  0.000372  -0.001551  -0.000373  0.999999  0.000078  0.009458  
13.831353 0.005399  0.095458  -0.007866  0.988623  0.146263  0.035107  -0.148456  0.986353  0.071193  -0.024215  -0.075595  0.996845  0.004930  0.002334  -0.000357  0.064729  -0.042846  0.333916  2.000000  0.999998  0.000819  0.001896  -0.000820  1.000000  0.000441  -0.001895  -0.000443  0.999998  0.999947  0.010221  0.001311  -0.010223  0.999946  0.001930  -0.001291  -0.001943  0.999997  1.000000  0.000050  0.000119  -0.000050  1.000000  0.000024  -0.000119  -0.000024  1.000000  0.999998  0.000819  0.001896  -0.000820  1.000000  0.000441  -0.001895  -0.000443  0.999998  0.000085  0.010485  
13.832604 0.005408  0.095463  -0.007866  0.988438  0.147477  0.035213  -0.149677  0.986163  0.071269  -0.024215  -0.075716  0.996835  0.005255  0.002519  -0.000394  0.068170  -0.046825  0.384901  2.000000  0.999996  0.001089  0.002534  -0.001090  0.999999  0.000561  -0.002533  -0.000563  0.999997  0.999933  0.011452  0.001405  -0.011454  0.999933  0.001899  -0.001383  -0.001915  0.999997  1.000000  0.000056  0.000133  -0.000056  1.000000  0.000024  -0.000133  -0.000024  1.000000  0.999996  0.001089  0.002534  -0.001090  0.999999  0.000561  -0.002533  -0.000563  0.999997  0.000096  0.011694  
13.833851 0.005416  0.095467  -0.007866  0.988256  0.148697  0.035205  -0.150898  0.985961  0.071485  -0.024081  -0.075958  0.996820  0.005484  0.002622  -0.000336  0.075362  -0.045492  0.426646  2.000000  0.999994  0.001398  0.003239  -0.001400  0.999999  0.000685  -0.003238  -0.000690  0.999995  0.999919  0.012693  0.001368  -0.012696  0.999917  0.002112  -0.001341  -0.002130  0.999997  1.000000  0.000065  0.000146  -0.000065  1.000000  0.000027  -0.000146  -0.000027  1.000000  0.999994  0.001398  0.003239  -0.001400  0.999999  0.000685  -0.003238  -0.000690  0.999995  0.000107  0.012942  
13.834861 0.005423  0.095471  -0.007867  0.988131  0.149500  0.035300  -0.151712  0.985821  0.071695  -0.024081  -0.076200  0.996802  0.005698  0.002752  -0.000251  0.082823  -0.047596  0.454060  2.000000  0.999991  0.001667  0.003846  -0.001670  0.999998  0.000794  -0.003844  -0.000801  0.999992  0.999908  0.013513  0.001432  -0.013517  0.999906  0.002213  -0.001402  -0.002232  0.999997  1.000000  0.000069  0.000155  -0.000069  1.000000  0.000028  -0.000155  -0.000028  1.000000  0.999991  0.001667  0.003846  -0.001670  0.999998  0.000794  -0.003844  -0.000801  0.999992  0.000114  0.013770  
13.836105 0.005432  0.095473  -0.007867  0.987971  0.150496  0.035542  -0.152729  0.985651  0.071878  -0.024215  -0.076441  0.996780  0.005889  0.002823  -0.000216  0.090135  -0.054737  0.488304  2.000000  0.999987  0.002029  0.004657  -0.002034  0.999997  0.000944  -0.004655  -0.000954  0.999989  0.999893  0.014539  0.001515  -0.014543  0.999891  0.002551  -0.001478  -0.002573  0.999996  1.000000  0.000075  0.000167  -0.000075  1.000000  0.000032  -0.000167  -0.000032  1.000000  0.999987  0.002029  0.004657  -0.002034  0.999997  0.000944  -0.004655  -0.000954  0.999989  0.000123  0.014841  
13.837355 0.005440  0.095475  -0.007868  0.987779  0.151690  0.035818  -0.153948  0.985440  0.072172  -0.024349  -0.076804  0.996749  0.006120  0.002851  -0.000194  0.101321  -0.062420  0.529272  2.000000  0.999982  0.002415  0.005538  -0.002421  0.999996  0.001111  -0.005536  -0.001124  0.999984  0.999874  0.015759  0.001746  -0.015764  0.999872  0.002760  -0.001702  -0.002788  0.999995  1.000000  0.000080  0.000181  -0.000080  1.000000  0.000035  -0.000181  -0.000035  1.000000  0.999982  0.002415  0.005538  -0.002421  0.999996  0.001111  -0.005536  -0.001124  0.999984  0.000134  0.016097  
13.838604 0.005449  0.095476  -0.007870  0.987585  0.152884  0.036095  -0.155168  0.985227  0.072465  -0.024483  -0.077166  0.996718  0.006283  0.002715  -0.000334  0.112518  -0.070128  0.570328  2.000000  0.999975  0.002818  0.006475  -0.002826  0.999995  0.001294  -0.006471  -0.001313  0.999978  0.999864  0.016364  0.001933  -0.016370  0.999862  0.002985  -0.001883  -0.003016  0.999994  1.000000  0.000082  0.000189  -0.000082  1.000000  0.000038  -0.000189  -0.000038  1.000000  0.999975  0.002818  0.006475  -0.002826  0.999995  0.001294  -0.006471  -0.001313  0.999978  0.000145  0.016750  
13.839855 0.005458  0.095476  -0.007875  0.987392  0.154088  0.036240  -0.156388  0.985011  0.072779  -0.024483  -0.077529  0.996689  0.006478  0.002545  -0.000601  0.122789  -0.072797  0.606965  2.000000  0.999969  0.003150  0.007249  -0.003160  0.999994  0.001455  -0.007244  -0.001478  0.999973  0.999854  0.016979  0.001988  -0.016985  0.999850  0.003331  -0.001931  -0.003364  0.999992  1.000000  0.000085  0.000196  -0.000085  1.000000  0.000042  -0.000196  -0.000042  1.000000  0.999969  0.003150  0.007249  -0.003160  0.999994  0.001455  -0.007244  -0.001478  0.999973  0.000156  0.017420  
13.840905 0.005464  0.095476  -0.007879  0.987292  0.154673  0.036473  -0.156997  0.984890  0.073094  -0.024616  -0.077891  0.996658  0.006570  0.002373  -0.000848  0.135029  -0.079913  0.637817  2.000000  0.999962  0.003487  0.008032  -0.003500  0.999993  0.001623  -0.008026  -0.001651  0.999966  0.999857  0.016773  0.001976  -0.016780  0.999853  0.003455  -0.001918  -0.003488  0.999992  1.000000  0.000084  0.000194  -0.000084  1.000000  0.000043  -0.000194  -0.000043  1.000000  0.999962  0.003487  0.008032  -0.003500  0.999993  0.001623  -0.008026  -0.001651  0.999966  0.000163  0.017243  
13.842101 0.005472  0.095474  -0.007885  0.987127  0.155663  0.036737  -0.158013  0.984706  0.073394  -0.024750  -0.078254  0.996626  0.006692  0.002067  -0.001139  0.142546  -0.087322  0.673096  2.000000  0.999954  0.003830  0.008828  -0.003846  0.999991  0.001802  -0.008821  -0.001836  0.999959  0.999847  0.017388  0.002030  -0.017395  0.999842  0.003679  -0.001966  -0.003714  0.999991  1.000000  0.000087  0.000201  -0.000087  1.000000  0.000046  -0.000201  -0.000046  1.000000  0.999954  0.003830  0.008828  -0.003846  0.999991  0.001802  -0.008821  -0.001836  0.999959  0.000172  0.017893  
13.843350 0.005480  0.095472  -0.007891  0.986993  0.156450  0.036986  -0.158825  0.984552  0.073700  -0.024884  -0.078616  0.996594  0.006763  0.001693  -0.001538  0.154059  -0.094034  0.700336  2.000000  0.999942  0.004268  0.009842  -0.004288  0.999989  0.002036  -0.009834  -0.002078  0.999949  0.999839  0.017797  0.002071  -0.017805  0.999834  0.003911  -0.002001  -0.003947  0.999990  1.000000  0.000089  0.000205  -0.000089  1.000000  0.000049  -0.000205  -0.000049  1.000000  0.999942  0.004268  0.009842  -0.004288  0.999989  0.002036  -0.009834  -0.002078  0.999949  0.000178  0.018344  
13.844352 0.005488  0.095471  -0.007895  0.986895  0.157045  0.037088  -0.159434  0.984428  0.074036  -0.024884  -0.078979  0.996566  0.006814  0.001370  -0.001854  0.165771  -0.095738  0.720958  2.000000  0.999933  0.004608  0.010663  -0.004632  0.999987  0.002229  -0.010653  -0.002279  0.999941  0.999843  0.017570  0.002326  -0.017579  0.999838  0.003914  -0.002257  -0.003954  0.999990  1.000000  0.000085  0.000205  -0.000085  1.000000  0.000049  -0.000205  -0.000049  1.000000  0.999933  0.004608  0.010663  -0.004632  0.999987  0.002229  -0.010653  -0.002279  0.999941  0.000185  0.018156  
13.845601 0.005497  0.095470  -0.007900  0.986760  0.157831  0.037338  -0.160246  0.984273  0.074342  -0.025018  -0.079341  0.996534  0.006877  0.000994  -0.002251  0.177303  -0.102483  0.748294  2.000000  0.999919  0.005023  0.011694  -0.005052  0.999984  0.002478  -0.011681  -0.002537  0.999929  0.999843  0.017548  0.002599  -0.017559  0.999838  0.004033  -0.002528  -0.004078  0.999988  1.000000  0.000082  0.000206  -0.000082  1.000000  0.000051  -0.000206  -0.000051  1.000000  0.999919  0.005023  0.011694  -0.005052  0.999984  0.002478  -0.011681  -0.002537  0.999929  0.000192  0.018198  
13.846601 0.005503  0.095470  -0.007903  0.986657  0.158419  0.037554  -0.160855  0.984159  0.074536  -0.025151  -0.079583  0.996511  0.006827  0.000696  -0.002438  0.183391  -0.107760  0.762361  2.000000  0.999908  0.005341  0.012508  -0.005375  0.999982  0.002686  -0.012494  -0.002753  0.999918  0.999850  0.017126  0.002706  -0.017138  0.999844  0.004284  -0.002632  -0.004330  0.999987  1.000000  0.000078  0.000202  -0.000078  1.000000  0.000054  -0.000202  -0.000054  1.000000  0.999908  0.005341  0.012508  -0.005375  0.999982  0.002686  -0.012494  -0.002753  0.999918  0.000198  0.017867  
13.847604 0.005510  0.095470  -0.007905  0.986555  0.159008  0.037771  -0.161464  0.984045  0.074730  -0.025285  -0.079824  0.996488  0.006806  0.000439  -0.002598  0.192860  -0.113771  0.775286  2.000000  0.999898  0.005573  0.013116  -0.005611  0.999980  0.002845  -0.013100  -0.002919  0.999910  0.999850  0.017126  0.002710  -0.017138  0.999843  0.004405  -0.002634  -0.004451  0.999987  1.000000  0.000078  0.000202  -0.000078  1.000000  0.000055  -0.000202  -0.000055  1.000000  0.999898  0.005573  0.013116  -0.005611  0.999980  0.002845  -0.013100  -0.002919  0.999910  0.000200  0.017896  
13.848852 0.005518  0.095469  -0.007908  0.986485  0.159388  0.037991  -0.161870  0.983954  0.075051  -0.025419  -0.080186  0.996456  0.006757  0.000079  -0.002817  0.199653  -0.111998  0.755417  2.000000  0.999883  0.005949  0.014113  -0.005994  0.999977  0.003120  -0.014094  -0.003204  0.999896  0.999860  0.016510  0.002665  -0.016522  0.999853  0.004541  -0.002590  -0.004584  0.999986  1.000000  0.000075  0.000195  -0.000075  1.000000  0.000057  -0.000195  -0.000057  1.000000  0.999883  0.005949  0.014113  -0.005994  0.999977  0.003120  -0.014094  -0.003204  0.999896  0.000199  0.017335  
13.849873 0.005524  0.095469  -0.007910  0.986381  0.159981  0.038188  -0.162478  0.983848  0.075125  -0.025553  -0.080307  0.996443  0.006699  -0.000133  -0.002960  0.197106  -0.112421  0.754021  2.000000  0.999870  0.006236  0.014885  -0.006287  0.999975  0.003346  -0.014864  -0.003439  0.999884  0.999867  0.016099  0.002636  -0.016111  0.999859  0.004671  -0.002561  -0.004713  0.999986  1.000000  0.000073  0.000191  -0.000073  1.000000  0.000059  -0.000191  -0.000059  1.000000  0.999870  0.006236  0.014885  -0.006287  0.999975  0.003346  -0.014864  -0.003439  0.999884  0.000197  0.016975  
13.851104 0.005530  0.095467  -0.007913  0.986277  0.160564  0.038425  -0.163087  0.983723  0.075438  -0.025687  -0.080669  0.996410  0.006577  -0.000387  -0.003075  0.203422  -0.112279  0.755098  2.000000  0.999856  0.006514  0.015647  -0.006571  0.999972  0.003578  -0.015624  -0.003680  0.999871  0.999870  0.015882  0.002757  -0.015895  0.999862  0.004795  -0.002681  -0.004839  0.999985  1.000000  0.000070  0.000189  -0.000070  1.000000  0.000060  -0.000189  -0.000060  1.000000  0.999856  0.006514  0.015647  -0.006571  0.999972  0.003578  -0.015624  -0.003680  0.999871  0.000197  0.016825  
13.852112 0.005534  0.095466  -0.007916  0.986207  0.160954  0.038607  -0.163493  0.983650  0.075520  -0.025820  -0.080790  0.996397  0.006368  -0.000615  -0.003213  0.200941  -0.117808  0.760837  2.000000  0.999843  0.006778  0.016382  -0.006842  0.999969  0.003816  -0.016355  -0.003927  0.999859  0.999883  0.015061  0.002695  -0.015074  0.999875  0.004815  -0.002622  -0.004855  0.999985  1.000000  0.000065  0.000180  -0.000065  1.000000  0.000060  -0.000180  -0.000060  1.000000  0.999843  0.006778  0.016382  -0.006842  0.999969  0.003816  -0.016355  -0.003927  0.999859  0.000197  0.016047  
13.853352 0.005539  0.095464  -0.007919  0.986170  0.161131  0.038812  -0.163695  0.983591  0.075848  -0.025954  -0.081152  0.996364  0.006065  -0.000821  -0.003292  0.205613  -0.125436  0.739695  2.000000  0.999829  0.007022  0.017089  -0.007092  0.999967  0.004059  -0.017060  -0.004179  0.999846  0.999892  0.014434  0.002782  -0.014448  0.999883  0.004951  -0.002710  -0.004991  0.999984  1.000000  0.000061  0.000173  -0.000061  1.000000  0.000062  -0.000173  -0.000062  1.000000  0.999829  0.007022  0.017089  -0.007092  0.999967  0.004059  -0.017060  -0.004179  0.999846  0.000196  0.015518  
13.854603 0.005542  0.095461  -0.007924  0.986102  0.161527  0.038883  -0.164101  0.983506  0.076070  -0.025954  -0.081394  0.996344  0.005652  -0.001033  -0.003327  0.205991  -0.129008  0.725461  2.000000  0.999813  0.007291  0.017932  -0.007371  0.999963  0.004372  -0.017899  -0.004503  0.999830  0.999906  0.013386  0.002969  -0.013401  0.999897  0.005099  -0.002900  -0.005138  0.999983  1.000000  0.000052  0.000163  -0.000052  1.000000  0.000064  -0.000163  -0.000064  1.000000  0.999813  0.007291  0.017932  -0.007371  0.999963  0.004372  -0.017899  -0.004503  0.999830  0.000191  0.014636  
13.855857 0.005545  0.095458  -0.007929  0.986065  0.161709  0.039069  -0.164304  0.983456  0.076279  -0.026088  -0.081635  0.996321  0.005359  -0.001178  -0.003299  0.210868  -0.130907  0.690551  2.000000  0.999799  0.007484  0.018578  -0.007571  0.999961  0.004626  -0.018542  -0.004766  0.999817  0.999911  0.012964  0.003074  -0.012980  0.999902  0.005229  -0.003006  -0.005269  0.999982  1.000000  0.000048  0.000159  -0.000048  1.000000  0.000066  -0.000159  -0.000066  1.000000  0.999799  0.007484  0.018578  -0.007571  0.999961  0.004626  -0.018542  -0.004766  0.999817  0.000185  0.014320  
13.856890 0.005547  0.095456  -0.007933  0.986027  0.161891  0.039256  -0.164506  0.983406  0.076488  -0.026222  -0.081877  0.996297  0.005028  -0.001180  -0.003242  0.211072  -0.133758  0.668622  2.000000  0.999786  0.007657  0.019198  -0.007752  0.999958  0.004885  -0.019160  -0.005032  0.999804  0.999919  0.012337  0.003160  -0.012353  0.999910  0.005244  -0.003095  -0.005283  0.999981  1.000000  0.000043  0.000153  -0.000043  1.000000  0.000066  -0.000153  -0.000066  1.000000  0.999786  0.007657  0.019198  -0.007752  0.999958  0.004885  -0.019160  -0.005032  0.999804  0.000181  0.013780  
13.858101 0.005548  0.095453  -0.007938  0.985990  0.162069  0.039462  -0.164708  0.983347  0.076815  -0.026355  -0.082239  0.996264  0.004609  -0.001253  -0.003223  0.220269  -0.131363  0.634942  2.000000  0.999774  0.007814  0.019793  -0.007917  0.999955  0.005145  -0.019752  -0.005301  0.999791  0.999929  0.011516  0.003095  -0.011532  0.999920  0.005265  -0.003035  -0.005300  0.999981  1.000000  0.000039  0.000144  -0.000039  1.000000  0.000066  -0.000144  -0.000066  1.000000  0.999774  0.007814  0.019793  -0.007917  0.999955  0.005145  -0.019752  -0.005301  0.999791  0.000173  0.013042  
13.859102 0.005550  0.095451  -0.007943  0.985949  0.162240  0.039780  -0.164910  0.983298  0.077002  -0.026623  -0.082480  0.996237  0.004237  -0.001358  -0.003298  0.224759  -0.134332  0.613916  2.000000  0.999761  0.007949  0.020349  -0.008061  0.999953  0.005412  -0.020305  -0.005574  0.999778  0.999938  0.010694  0.003032  -0.010710  0.999928  0.005407  -0.002974  -0.005439  0.999981  1.000000  0.000034  0.000135  -0.000034  1.000000  0.000068  -0.000135  -0.000068  1.000000  0.999761  0.007949  0.020349  -0.008061  0.999953  0.005412  -0.020305  -0.005574  0.999778  0.000167  0.012368  
13.860351 0.005550  0.095447  -0.007951  0.985946  0.162214  0.039970  -0.164910  0.983272  0.077338  -0.026757  -0.082842  0.996203  0.003597  -0.001605  -0.003482  0.231777  -0.130652  0.574603  2.000000  0.999747  0.008090  0.020993  -0.008212  0.999950  0.005745  -0.020946  -0.005916  0.999763  0.999949  0.009656  0.003084  -0.009673  0.999938  0.005433  -0.003031  -0.005462  0.999980  1.000000  0.000027  0.000124  -0.000027  1.000000  0.000068  -0.000124  -0.000068  1.000000  0.999747  0.008090  0.020993  -0.008212  0.999950  0.005745  -0.020946  -0.005916  0.999763  0.000160  0.011508  
13.861352 0.005549  0.095442  -0.007959  0.985942  0.162189  0.040161  -0.164909  0.983246  0.077674  -0.026890  -0.083205  0.996170  0.003109  -0.001858  -0.003789  0.240521  -0.133054  0.546848  2.000000  0.999737  0.008171  0.021450  -0.008301  0.999947  0.006009  -0.021400  -0.006185  0.999752  0.999960  0.008414  0.003117  -0.008430  0.999950  0.005344  -0.003072  -0.005370  0.999981  1.000000  0.000019  0.000111  -0.000019  1.000000  0.000067  -0.000111  -0.000067  1.000000  0.999737  0.008171  0.021450  -0.008301  0.999947  0.006009  -0.021400  -0.006185  0.999752  0.000154  0.010451  
13.862601 0.005549  0.095438  -0.007968  0.985901  0.162354  0.040499  -0.165111  0.983188  0.077979  -0.027158  -0.083566  0.996132  0.002568  -0.002142  -0.004206  0.249435  -0.139357  0.511950  2.000000  0.999727  0.008236  0.021882  -0.008375  0.999945  0.006276  -0.021830  -0.006458  0.999741  0.999963  0.007991  0.003220  -0.008009  0.999954  0.005354  -0.003177  -0.005379  0.999980  1.000000  0.000015  0.000107  -0.000015  1.000000  0.000067  -0.000107  -0.000067  1.000000  0.999727  0.008236  0.021882  -0.008375  0.999945  0.006276  -0.021830  -0.006458  0.999741  0.000147  0.010150  
13.863851 0.005548  0.095433  -0.007978  0.985897  0.162329  0.040689  -0.165110  0.983161  0.078315  -0.027292  -0.083929  0.996098  0.001986  -0.002409  -0.004629  0.254511  -0.145098  0.470114  2.000000  0.999715  0.008287  0.022372  -0.008437  0.999943  0.006606  -0.022316  -0.006792  0.999728  0.999971  0.006965  0.003136  -0.006981  0.999962  0.005260  -0.003100  -0.005282  0.999981  1.000000  0.000010  0.000095  -0.000010  1.000000  0.000066  -0.000095  -0.000066  1.000000  0.999715  0.008287  0.022372  -0.008437  0.999943  0.006606  -0.022316  -0.006792  0.999728  0.000140  0.009281  
13.865101 0.005547  0.095429  -0.007987  0.985860  0.162505  0.040896  -0.165313  0.983101  0.078642  -0.027425  -0.084291  0.996064  0.001364  -0.002686  -0.005169  0.259278  -0.147511  0.442442  2.000000  0.999705  0.008314  0.022823  -0.008474  0.999940  0.006933  -0.022764  -0.007125  0.999715  0.999976  0.006143  0.003070  -0.006159  0.999967  0.005282  -0.003037  -0.005301  0.999981  1.000000  0.000005  0.000086  -0.000005  1.000000  0.000066  -0.000086  -0.000066  1.000000  0.999705  0.008314  0.022823  -0.008474  0.999940  0.006933  -0.022764  -0.007125  0.999715  0.000134  0.008670  
13.866101 0.005546  0.095425  -0.007994  0.985856  0.162484  0.041067  -0.165312  0.983084  0.078859  -0.027559  -0.084532  0.996040  0.001034  -0.002805  -0.005418  0.259913  -0.145400  0.415023  2.000000  0.999697  0.008318  0.023156  -0.008487  0.999938  0.007196  -0.023095  -0.007390  0.999706  0.999980  0.005516  0.003153  -0.005533  0.999971  0.005298  -0.003123  -0.005316  0.999981  1.000000  0.000001  0.000079  -0.000001  1.000000  0.000066  -0.000079  -0.000066  1.000000  0.999697  0.008318  0.023156  -0.008487  0.999938  0.007196  -0.023095  -0.007390  0.999706  0.000129  0.008278  
13.867351 0.005544  0.095421  -0.008003  0.985883  0.162249  0.041353  -0.165108  0.983102  0.079062  -0.027827  -0.084773  0.996012  0.000499  -0.003043  -0.005877  0.257041  -0.146092  0.366750  2.000000  0.999689  0.008297  0.023518  -0.008476  0.999936  0.007521  -0.023454  -0.007718  0.999695  0.999985  0.004490  0.003067  -0.004505  0.999976  0.005205  -0.003044  -0.005219  0.999982  1.000000  -0.000005  0.000068  0.000005  1.000000  0.000065  -0.000068  -0.000065  1.000000  0.999689  0.008297  0.023518  -0.008476  0.999936  0.007521  -0.023454  -0.007718  0.999695  0.000120  0.007532  
13.868355 0.005542  0.095417  -0.008010  0.985879  0.162228  0.041524  -0.165107  0.983084  0.079278  -0.027960  -0.085014  0.995987  0.000166  -0.003134  -0.006125  0.256115  -0.144039  0.328351  2.000000  0.999683  0.008260  0.023776  -0.008447  0.999934  0.007780  -0.023710  -0.007978  0.999687  0.999988  0.003862  0.003149  -0.003879  0.999979  0.005222  -0.003129  -0.005234  0.999981  1.000000  -0.000010  0.000062  0.000010  1.000000  0.000065  -0.000062  -0.000065  1.000000  0.999683  0.008260  0.023776  -0.008447  0.999934  0.007780  -0.023710  -0.007978  0.999687  0.000112  0.007223  
13.869359 0.005540  0.095413  -0.008017  0.985876  0.162207  0.041695  -0.165106  0.983067  0.079494  -0.028094  -0.085256  0.995963  -0.000140  -0.003217  -0.006307  0.252868  -0.145771  0.293402  2.000000  0.999678  0.008208  0.024005  -0.008403  0.999932  0.008034  -0.023937  -0.008233  0.999680  0.999990  0.003247  0.003097  -0.003263  0.999982  0.005117  -0.003081  -0.005127  0.999982  1.000000  -0.000013  0.000055  0.000013  1.000000  0.000064  -0.000055  -0.000064  1.000000  0.999678  0.008208  0.024005  -0.008403  0.999932  0.008034  -0.023937  -0.008233  0.999680  0.000106  0.006810  
13.870648 0.005538  0.095410  -0.008024  0.985868  0.162174  0.041997  -0.165105  0.983051  0.079689  -0.028362  -0.085497  0.995935  -0.000454  -0.003270  -0.006486  0.249592  -0.148157  0.265554  2.000000  0.999674  0.008142  0.024217  -0.008345  0.999931  0.008291  -0.024148  -0.008491  0.999672  0.999991  0.002824  0.003197  -0.002841  0.999982  0.005249  -0.003182  -0.005258  0.999981  1.000000  -0.000017  0.000051  0.000017  1.000000  0.000066  -0.000051  -0.000066  1.000000  0.999674  0.008142  0.024217  -0.008345  0.999931  0.008291  -0.024148  -0.008491  0.999672  0.000100  0.006767  
13.871856 0.005536  0.095408  -0.008031  0.985861  0.162141  0.042299  -0.165104  0.983036  0.079883  -0.028629  -0.085738  0.995906  -0.000691  -0.003260  -0.006552  0.246275  -0.149817  0.230558  2.000000  0.999670  0.008059  0.024406  -0.008270  0.999929  0.008551  -0.024335  -0.008750  0.999666  0.999993  0.002208  0.003144  -0.002225  0.999984  0.005267  -0.003133  -0.005274  0.999981  1.000000  -0.000020  0.000044  0.000020  1.000000  0.000066  -0.000044  -0.000066  1.000000  0.999670  0.008059  0.024406  -0.008270  0.999929  0.008551  -0.024335  -0.008750  0.999666  0.000094  0.006522  
13.873106 0.005535  0.095406  -0.008037  0.985891  0.161917  0.042453  -0.164900  0.983052  0.080109  -0.028763  -0.085979  0.995882  -0.000950  -0.003204  -0.006680  0.243092  -0.147039  0.196046  2.000000  0.999666  0.007937  0.024610  -0.008158  0.999927  0.008873  -0.024538  -0.009071  0.999658  0.999994  0.001581  0.003225  -0.001597  0.999985  0.005163  -0.003217  -0.005168  0.999981  1.000000  -0.000025  0.000037  0.000025  1.000000  0.000065  -0.000037  -0.000065  1.000000  0.999666  0.007937  0.024610  -0.008158  0.999927  0.008873  -0.024538  -0.009071  0.999658  0.000090  0.006291  
13.874360 0.005534  0.095404  -0.008044  0.985887  0.161890  0.042644  -0.164900  0.983024  0.080444  -0.028896  -0.086341  0.995846  -0.001089  -0.003056  -0.006618  0.243800  -0.149290  0.168035  2.000000  0.999663  0.007795  0.024772  -0.008025  0.999926  0.009197  -0.024699  -0.009393  0.999651  0.999995  0.000965  0.003172  -0.000981  0.999986  0.005180  -0.003167  -0.005183  0.999982  1.000000  -0.000028  0.000030  0.000028  1.000000  0.000065  -0.000030  -0.000065  1.000000  0.999663  0.007795  0.024772  -0.008025  0.999926  0.009197  -0.024699  -0.009393  0.999651  0.000084  0.006152  
13.875606 0.005533  0.095402  -0.008053  0.985883  0.161869  0.042814  -0.164899  0.983007  0.080661  -0.029030  -0.086582  0.995822  -0.001175  -0.002892  -0.006621  0.236408  -0.147076  0.140435  2.000000  0.999660  0.007646  0.024915  -0.007885  0.999924  0.009519  -0.024840  -0.009712  0.999644  0.999995  0.000759  0.003155  -0.000775  0.999986  0.005186  -0.003151  -0.005189  0.999982  1.000000  -0.000029  0.000028  0.000029  1.000000  0.000065  -0.000028  -0.000065  1.000000  0.999660  0.007646  0.024915  -0.007885  0.999924  0.009519  -0.024840  -0.009712  0.999644  0.000079  0.006119  
13.876616 0.005532  0.095400  -0.008060  0.985913  0.161644  0.042968  -0.164696  0.983022  0.080886  -0.029164  -0.086823  0.995797  -0.001169  -0.002716  -0.006588  0.239169  -0.146045  0.113794  2.000000  0.999659  0.007516  0.025012  -0.007763  0.999922  0.009775  -0.024936  -0.009966  0.999639  0.999995  0.000143  0.003101  -0.000159  0.999987  0.005083  -0.003101  -0.005083  0.999982  1.000000  -0.000033  0.000021  0.000033  1.000000  0.000064  -0.000021  -0.000064  1.000000  0.999659  0.007516  0.025012  -0.007763  0.999922  0.009775  -0.024936  -0.009966  0.999639  0.000076  0.005956  
13.877851 0.005532  0.095399  -0.008069  0.985905  0.161611  0.043270  -0.164694  0.983006  0.081081  -0.029431  -0.087064  0.995768  -0.001110  -0.002512  -0.006563  0.235556  -0.146950  0.097828  2.000000  0.999658  0.007345  0.025114  -0.007600  0.999920  0.010096  -0.025038  -0.010284  0.999634  0.999995  -0.000063  0.003084  0.000047  0.999986  0.005210  -0.003084  -0.005210  0.999982  1.000000  -0.000034  0.000019  0.000034  1.000000  0.000065  -0.000019  -0.000065  1.000000  0.999658  0.007345  0.025114  -0.007600  0.999920  0.010096  -0.025038  -0.010284  0.999634  0.000074  0.006055  
13.878855 0.005532  0.095397  -0.008076  0.985902  0.161589  0.043441  -0.164694  0.982989  0.081297  -0.029565  -0.087306  0.995743  -0.001058  -0.002366  -0.006548  0.238054  -0.146447  0.077921  2.000000  0.999657  0.007235  0.025167  -0.007496  0.999919  0.010288  -0.025091  -0.010474  0.999630  0.999995  -0.000280  0.003199  0.000264  0.999986  0.005216  -0.003200  -0.005215  0.999981  1.000000  -0.000036  0.000017  0.000036  1.000000  0.000065  -0.000017  -0.000065  1.000000  0.999657  0.007235  0.025167  -0.007496  0.999919  0.010288  -0.025091  -0.010474  0.999630  0.000074  0.006125  
13.879858 0.005533  0.095396  -0.008083  0.985932  0.161364  0.043595  -0.164490  0.983004  0.081523  -0.029699  -0.087547  0.995718  -0.000942  -0.002210  -0.006519  0.240820  -0.143603  0.056776  2.000000  0.999656  0.007085  0.025233  -0.007353  0.999917  0.010543  -0.025157  -0.010725  0.999626  0.999995  -0.000486  0.003181  0.000470  0.999987  0.005101  -0.003183  -0.005099  0.999982  1.000000  -0.000037  0.000015  0.000037  1.000000  0.000064  -0.000015  -0.000064  1.000000  0.999656  0.007085  0.025233  -0.007353  0.999917  0.010543  -0.025157  -0.010725  0.999626  0.000072  0.006030  
13.881101 0.005535  0.095395  -0.008092  0.985928  0.161337  0.043785  -0.164489  0.982976  0.081859  -0.029833  -0.087909  0.995682  -0.000703  -0.002002  -0.006499  0.241281  -0.141828  0.036192  2.000000  0.999656  0.006889  0.025295  -0.007166  0.999915  0.010861  -0.025218  -0.011039  0.999621  0.999995  -0.000681  0.003029  0.000665  0.999987  0.005107  -0.003033  -0.005105  0.999982  1.000000  -0.000037  0.000012  0.000037  1.000000  0.000064  -0.000012  -0.000064  1.000000  0.999656  0.006889  0.025295  -0.007166  0.999915  0.010861  -0.025218  -0.011039  0.999621  0.000072  0.005976  
13.882101 0.005537  0.095394  -0.008099  0.985924  0.161315  0.043955  -0.164489  0.982958  0.082075  -0.029966  -0.088150  0.995656  -0.000433  -0.001838  -0.006483  0.245772  -0.140716  0.022501  2.000000  0.999656  0.006772  0.025332  -0.007053  0.999914  0.011053  -0.025255  -0.011228  0.999618  0.999995  -0.000681  0.003029  0.000666  0.999987  0.005107  -0.003033  -0.005105  0.999982  1.000000  -0.000037  0.000012  0.000037  1.000000  0.000064  -0.000012  -0.000064  1.000000  0.999656  0.006772  0.025332  -0.007053  0.999914  0.011053  -0.025255  -0.011228  0.999618  0.000072  0.005976  
13.883103 0.005539  0.095392  -0.008107  0.985954  0.161085  0.044129  -0.164285  0.982964  0.082420  -0.030100  -0.088512  0.995620  -0.000201  -0.001741  -0.006561  0.248121  -0.140675  0.008845  2.000000  0.999656  0.006772  0.025332  -0.007053  0.999914  0.011053  -0.025255  -0.011228  0.999618  0.999995  -0.001080  0.002859  0.001066  0.999987  0.004998  -0.002865  -0.004995  0.999983  1.000000  0.000000  0.000000  0.000000  1.000000  0.000000  0.000000  0.000000  1.000000  0.999656  0.006772  0.025332  -0.007053  0.999914  0.011053  -0.025255  -0.011228  0.999618  0.000071  0.000000  
13.884104 0.005542  0.095390  -0.008115  0.985950  0.161062  0.044299  -0.164284  0.982946  0.082636  -0.030234  -0.088753  0.995595  0.000138  -0.001555  -0.006655  0.250319  -0.143382  0.001532  2.000000  0.999656  0.006772  0.025332  -0.007053  0.999914  0.011053  -0.025255  -0.011228  0.999618  0.999995  -0.001081  0.002859  0.001067  0.999987  0.004998  -0.002864  -0.004995  0.999983  1.000000  0.000000  0.000000  0.000000  1.000000  0.000000  0.000000  0.000000  1.000000  0.999656  0.006772  0.025332  -0.007053  0.999914  0.011053  -0.025255  -0.011228  0.999618  0.000072  0.000000  
13.885109 0.005545  0.095389  -0.008123  0.985946  0.161034  0.044489  -0.164284  0.982917  0.082972  -0.030368  -0.089115  0.995558  0.000435  -0.001454  -0.006789  0.254835  -0.142955  -0.005353  2.000000  0.999656  0.006731  0.025337  -0.007015  0.999914  0.011115  -0.025260  -0.011289  0.999617  0.999995  -0.001287  0.002840  0.001273  0.999987  0.005005  -0.002847  -0.005001  0.999983  1.000000  -0.000039  0.000004  0.000039  1.000000  0.000063  -0.000004  -0.000063  1.000000  0.999656  0.006731  0.025337  -0.007015  0.999914  0.011115  -0.025260  -0.011289  0.999617  0.000073  0.005895  
13.886353 0.005549  0.095387  -0.008133  0.985938  0.160994  0.044810  -0.164282  0.982891  0.083286  -0.030635  -0.089476  0.995518  0.000811  -0.001393  -0.007001  0.258785  -0.146648  -0.012607  2.000000  0.999657  0.006567  0.025355  -0.006857  0.999912  0.011370  -0.025279  -0.011540  0.999614  0.999995  -0.001288  0.002840  0.001273  0.999986  0.005126  -0.002846  -0.005123  0.999983  1.000000  -0.000039  0.000004  0.000039  1.000000  0.000064  -0.000004  -0.000064  1.000000  0.999657  0.006567  0.025355  -0.006857  0.999912  0.011370  -0.025279  -0.011540  0.999614  0.000073  0.005999  
13.887604 0.005554  0.095386  -0.008142  0.985933  0.160966  0.045000  -0.164282  0.982863  0.083622  -0.030769  -0.089838  0.995481  0.001224  -0.001391  -0.007208  0.261346  -0.146681  -0.026550  2.000000  0.999658  0.006362  0.025384  -0.006661  0.999909  0.011691  -0.025307  -0.011856  0.999609  0.999995  -0.001084  0.002858  0.001069  0.999986  0.005120  -0.002863  -0.005117  0.999983  1.000000  -0.000038  0.000006  0.000038  1.000000  0.000064  -0.000006  -0.000064  1.000000  0.999658  0.006362  0.025384  -0.006661  0.999909  0.011691  -0.025307  -0.011856  0.999609  0.000074  0.005962  
13.888855 0.005560  0.095386  -0.008151  0.985933  0.160950  0.045059  -0.164282  0.982832  0.083980  -0.030769  -0.090201  0.995448  0.001694  -0.001277  -0.007295  0.259172  -0.141008  -0.025997  2.000000  0.999658  0.006162  0.025418  -0.006470  0.999907  0.012018  -0.025342  -0.012179  0.999605  0.999995  -0.001085  0.002857  0.001070  0.999986  0.005241  -0.002863  -0.005238  0.999982  1.000000  -0.000038  0.000006  0.000038  1.000000  0.000065  -0.000006  -0.000065  1.000000  0.999658  0.006162  0.025418  -0.006470  0.999907  0.012018  -0.025342  -0.012179  0.999605  0.000074  0.006066  
13.890106 0.005566  0.095386  -0.008158  0.985929  0.160922  0.045249  -0.164281  0.982803  0.084315  -0.030903  -0.090562  0.995411  0.002220  -0.001139  -0.007315  0.261495  -0.137072  -0.032761  2.000000  0.999658  0.005970  0.025449  -0.006286  0.999904  0.012350  -0.025373  -0.012506  0.999600  0.999996  -0.001074  0.002724  0.001059  0.999985  0.005363  -0.002729  -0.005360  0.999982  1.000000  -0.000036  0.000005  0.000036  1.000000  0.000067  -0.000005  -0.000067  1.000000  0.999658  0.005970  0.025449  -0.006286  0.999904  0.012350  -0.025373  -0.012506  0.999600  0.000074  0.006109  
