1-Time 2-Px 3-Py 4-Pz 5-R11 6-R21 7-R31 8-R12 9-R22 10-R32 11-R13 12-R23 13-R33 14-Vx 15-Vy 16-Vz 17-Wx 18-Wy 19-Wz 20-state 21-PR11 22-PR21 23-PR31 24-PR12 25-PR22 26-PR32 27-PR13 28-PR23 29-PR33 
149.853129 0.006743  0.099060  0.006654  0.983036  0.177808  0.044999  -0.180486  0.981440  0.064806  -0.032641  -0.071829  0.996883  0.000014  -0.000004  -0.000030  0.000000  0.000000  0.000000  2.000000  1.000000  0.000000  0.000000  -0.000000  1.000000  0.000000  0.000000  -0.000000  1.000000  1.000000  -0.000000  0.000000  0.000000  1.000000  -0.000121  0.000000  0.000121  1.000000  1.000000  0.000000  0.000000  0.000000  1.000000  0.000000  0.000000  0.000000  1.000000  0.753230  0.141901  0.642269  -0.251633  0.964339  0.082048  -0.607722  -0.223417  0.762076  0.000000  0.000000  
149.854135 0.006743  0.099060  0.006654  0.983036  0.177802  0.045021  -0.180486  0.981432  0.064926  -0.032641  -0.071950  0.996874  0.000015  -0.000004  -0.000030  0.000000  0.000000  0.000000  2.000000  1.000000  0.000000  0.000000  0.000000  1.000000  0.000000  0.000000  0.000000  1.000000  1.000000  -0.000000  0.000000  0.000000  1.000000  -0.000121  0.000000  0.000121  1.000000  1.000000  0.000000  0.000000  0.000000  1.000000  0.000000  0.000000  0.000000  1.000000  1.000000  0.000000  0.000000  0.000000  1.000000  0.000000  0.000000  0.000000  1.000000  0.000000  0.000000  
149.855389 0.006745  0.099061  0.006657  0.982850  0.178813  0.045088  -0.181498  0.981249  0.064879  -0.032641  -0.071950  0.996874  0.000146  0.000113  0.000164  0.000000  0.000000  0.000000  2.000000  1.000000  0.000000  0.000000  0.000000  1.000000  0.000000  0.000000  0.000000  1.000000  1.000000  0.000821  0.000059  -0.000821  1.000000  -0.000027  -0.000059  0.000027  1.000000  1.000000  0.000000  0.000000  0.000000  1.000000  0.000000  0.000000  0.000000  1.000000  1.000000  0.000000  0.000000  0.000000  1.000000  0.000000  0.000000  0.000000  1.000000  0.000000  0.000000  
149.856389 0.006747  0.099063  0.006659  0.982658  0.179808  0.045307  -0.182509  0.981058  0.064927  -0.032775  -0.072070  0.996861  0.000300  0.000203  0.000339  0.000000  0.000000  0.000000  2.000000  1.000000  0.000000  0.000000  0.000000  1.000000  0.000000  0.000000  0.000000  1.000000  0.999998  0.001837  0.000267  -0.001837  0.999998  0.000060  -0.000267  -0.000061  1.000000  1.000000  0.000000  0.000000  0.000000  1.000000  0.000000  0.000000  0.000000  1.000000  1.000000  0.000000  0.000000  0.000000  1.000000  0.000000  0.000000  0.000000  1.000000  0.000000  0.000000  
149.857389 0.006749  0.099063  0.006661  0.982461  0.180793  0.045658  -0.183518  0.980868  0.064951  -0.033042  -0.072191  0.996843  0.000389  0.000214  0.000512  0.000000  0.000000  0.000000  2.000000  1.000000  0.000000  0.000000  0.000000  1.000000  0.000000  0.000000  0.000000  1.000000  0.999996  0.002854  0.000475  -0.002854  0.999996  0.000147  -0.000474  -0.000149  1.000000  1.000000  0.000000  0.000000  0.000000  1.000000  0.000000  0.000000  0.000000  1.000000  1.000000  0.000000  0.000000  0.000000  1.000000  0.000000  0.000000  0.000000  1.000000  0.000000  0.000000  
149.858645 0.006751  0.099063  0.006664  0.982267  0.181787  0.045878  -0.184529  0.980675  0.064998  -0.033176  -0.072311  0.996830  0.000522  0.000211  0.000731  0.000000  0.000000  0.000000  2.000000  1.000000  0.000000  0.000000  0.000000  1.000000  0.000000  0.000000  0.000000  1.000000  0.999992  0.003861  0.000816  -0.003861  0.999993  0.000234  -0.000815  -0.000237  1.000000  1.000000  0.000000  0.000000  0.000000  1.000000  0.000000  0.000000  0.000000  1.000000  1.000000  0.000000  0.000000  0.000000  1.000000  0.000000  0.000000  0.000000  1.000000  0.000000  0.000000  
149.859893 0.006754  0.099064  0.006668  0.982153  0.182382  0.045963  -0.185135  0.980547  0.065207  -0.033176  -0.072553  0.996813  0.000757  0.000296  0.000986  0.000000  0.000000  0.000000  2.000000  1.000000  0.000000  0.000000  0.000000  1.000000  0.000000  0.000000  0.000000  1.000000  0.999990  0.004476  0.000862  -0.004476  0.999990  0.000334  -0.000860  -0.000338  1.000000  1.000000  0.000000  0.000000  0.000000  1.000000  0.000000  0.000000  0.000000  1.000000  1.000000  0.000000  0.000000  0.000000  1.000000  0.000000  0.000000  0.000000  1.000000  0.000000  0.000000  
149.861151 0.006758  0.099066  0.006673  0.982004  0.183193  0.045908  -0.185945  0.980387  0.065313  -0.033042  -0.072674  0.996808  0.000998  0.000437  0.001280  0.018314  -0.026949  0.185145  2.000000  1.000000  0.000047  0.000123  -0.000047  1.000000  0.000012  -0.000123  -0.000012  1.000000  0.999986  0.005306  0.000789  -0.005307  0.999986  0.000550  -0.000786  -0.000554  1.000000  1.000000  0.000025  0.000062  -0.000025  1.000000  0.000007  -0.000062  -0.000007  1.000000  1.000000  0.000047  0.000123  -0.000047  1.000000  0.000012  -0.000123  -0.000012  1.000000  0.000045  0.005393  
149.862389 0.006761  0.099069  0.006678  0.981783  0.184412  0.045771  -0.187159  0.980140  0.065544  -0.032775  -0.072917  0.996799  0.001248  0.000636  0.001616  0.025144  -0.021023  0.227272  2.000000  1.000000  0.000167  0.000405  -0.000167  1.000000  0.000043  -0.000405  -0.000043  1.000000  0.999978  0.006547  0.000746  -0.006548  0.999978  0.000631  -0.000742  -0.000636  1.000000  1.000000  0.000033  0.000076  -0.000033  1.000000  0.000008  -0.000076  -0.000008  1.000000  1.000000  0.000167  0.000405  -0.000167  1.000000  0.000043  -0.000405  -0.000043  1.000000  0.000056  0.006620  
149.863394 0.006764  0.099071  0.006682  0.981551  0.185617  0.045874  -0.188372  0.979904  0.065607  -0.032775  -0.073038  0.996791  0.001438  0.000773  0.001907  0.027850  -0.024035  0.268535  2.000000  1.000000  0.000281  0.000653  -0.000281  1.000000  0.000071  -0.000653  -0.000071  1.000000  0.999971  0.007583  0.000688  -0.007584  0.999971  0.000719  -0.000682  -0.000724  1.000000  1.000000  0.000040  0.000086  -0.000040  1.000000  0.000009  -0.000086  -0.000009  1.000000  1.000000  0.000281  0.000653  -0.000281  1.000000  0.000071  -0.000653  -0.000071  1.000000  0.000064  0.007648  
149.864652 0.006769  0.099074  0.006687  0.981274  0.187014  0.046123  -0.189785  0.979629  0.065634  -0.032909  -0.073158  0.996777  0.001781  0.001002  0.002237  0.030315  -0.032041  0.316407  2.000000  0.999999  0.000462  0.001042  -0.000462  1.000000  0.000116  -0.001042  -0.000116  0.999999  0.999959  0.009019  0.000795  -0.009020  0.999959  0.000913  -0.000787  -0.000920  0.999999  1.000000  0.000048  0.000103  -0.000048  1.000000  0.000011  -0.000103  -0.000011  1.000000  0.999999  0.000462  0.001042  -0.000462  1.000000  0.000116  -0.001042  -0.000116  0.999999  0.000077  0.009101  
149.865889 0.006775  0.099079  0.006692  0.981030  0.188193  0.046511  -0.190996  0.979385  0.065764  -0.033176  -0.073399  0.996751  0.002184  0.001294  0.002613  0.037069  -0.044075  0.357240  2.000000  0.999999  0.000664  0.001502  -0.000664  1.000000  0.000166  -0.001502  -0.000167  0.999999  0.999945  0.010436  0.001169  -0.010437  0.999945  0.001105  -0.001158  -0.001117  0.999999  1.000000  0.000053  0.000120  -0.000053  1.000000  0.000014  -0.000120  -0.000014  1.000000  0.999999  0.000664  0.001502  -0.000664  1.000000  0.000166  -0.001502  -0.000167  0.999999  0.000089  0.010560  
149.867137 0.006782  0.099084  0.006699  0.980745  0.189574  0.046913  -0.192408  0.979101  0.065883  -0.033443  -0.073641  0.996724  0.002667  0.001660  0.003097  0.043576  -0.056616  0.404888  2.000000  0.999997  0.000937  0.002155  -0.000938  1.000000  0.000237  -0.002155  -0.000239  0.999998  0.999929  0.011853  0.001543  -0.011854  0.999929  0.001174  -0.001529  -0.001192  0.999998  1.000000  0.000057  0.000138  -0.000057  1.000000  0.000015  -0.000138  -0.000015  1.000000  0.999997  0.000937  0.002155  -0.000938  1.000000  0.000237  -0.002155  -0.000239  0.999998  0.000101  0.012011  
149.868139 0.006788  0.099089  0.006706  0.980502  0.190768  0.047149  -0.193618  0.978860  0.065917  -0.033577  -0.073761  0.996711  0.003070  0.001990  0.003556  0.046253  -0.064152  0.445948  2.000000  0.999996  0.001173  0.002738  -0.001174  0.999999  0.000302  -0.002738  -0.000305  0.999996  0.999916  0.012858  0.001888  -0.012861  0.999916  0.001378  -0.001870  -0.001402  0.999997  1.000000  0.000060  0.000151  -0.000060  1.000000  0.000017  -0.000151  -0.000017  1.000000  0.999996  0.001173  0.002738  -0.001174  0.999999  0.000302  -0.002738  -0.000305  0.999996  0.000110  0.013071  
149.869391 0.006797  0.099096  0.006716  0.980218  0.192157  0.047421  -0.195030  0.978570  0.066061  -0.033711  -0.074003  0.996688  0.003604  0.002398  0.004126  0.052759  -0.072212  0.493800  2.000000  0.999993  0.001434  0.003389  -0.001435  0.999999  0.000375  -0.003389  -0.000380  0.999994  0.999896  0.014284  0.002130  -0.014288  0.999897  0.001569  -0.002108  -0.001599  0.999997  1.000000  0.000066  0.000168  -0.000066  1.000000  0.000020  -0.000168  -0.000020  1.000000  0.999993  0.001434  0.003389  -0.001435  0.999999  0.000375  -0.003389  -0.000380  0.999994  0.000122  0.014529  
149.870638 0.006805  0.099101  0.006723  0.979976  0.193354  0.047550  -0.196241  0.978316  0.066240  -0.033711  -0.074244  0.996670  0.004000  0.002634  0.004462  0.059537  -0.075311  0.535199  2.000000  0.999989  0.001791  0.004282  -0.001793  0.999998  0.000477  -0.004281  -0.000485  0.999991  0.999874  0.015720  0.002240  -0.015724  0.999875  0.001761  -0.002212  -0.001796  0.999996  1.000000  0.000074  0.000184  -0.000074  1.000000  0.000022  -0.000184  -0.000022  1.000000  0.999989  0.001791  0.004282  -0.001793  0.999998  0.000477  -0.004281  -0.000485  0.999991  0.000134  0.015979  
149.871886 0.006814  0.099105  0.006731  0.979733  0.194551  0.047679  -0.197451  0.978060  0.066418  -0.033711  -0.074486  0.996652  0.004402  0.002857  0.004743  0.066314  -0.078418  0.576590  2.000000  0.999984  0.002182  0.005247  -0.002185  0.999997  0.000589  -0.005246  -0.000601  0.999986  0.999854  0.016951  0.002333  -0.016955  0.999855  0.001839  -0.002302  -0.001879  0.999996  1.000000  0.000081  0.000198  -0.000081  1.000000  0.000023  -0.000198  -0.000023  1.000000  0.999984  0.002182  0.005247  -0.002185  0.999997  0.000589  -0.005246  -0.000601  0.999986  0.000145  0.017212  
149.872887 0.006820  0.099107  0.006737  0.979529  0.195552  0.047771  -0.198459  0.977851  0.066488  -0.033711  -0.074607  0.996643  0.004741  0.002968  0.004959  0.069247  -0.080993  0.611104  2.000000  0.999978  0.002516  0.006063  -0.002520  0.999997  0.000688  -0.006061  -0.000704  0.999981  0.999839  0.017771  0.002398  -0.017776  0.999840  0.002053  -0.002361  -0.002095  0.999995  1.000000  0.000085  0.000207  -0.000085  1.000000  0.000026  -0.000207  -0.000026  1.000000  0.999978  0.002516  0.006063  -0.002520  0.999997  0.000688  -0.006061  -0.000704  0.999981  0.000152  0.018052  
149.874131 0.006829  0.099109  0.006744  0.979320  0.196537  0.048017  -0.199467  0.977635  0.066649  -0.033845  -0.074848  0.996620  0.005146  0.003119  0.005233  0.076220  -0.088105  0.645348  2.000000  0.999970  0.002964  0.007146  -0.002970  0.999995  0.000825  -0.007143  -0.000847  0.999974  0.999816  0.019001  0.002494  -0.019007  0.999817  0.002374  -0.002449  -0.002420  0.999994  1.000000  0.000092  0.000221  -0.000092  1.000000  0.000030  -0.000221  -0.000030  1.000000  0.999970  0.002964  0.007146  -0.002970  0.999995  0.000825  -0.007143  -0.000847  0.999974  0.000162  0.019315  
149.875135 0.006837  0.099111  0.006751  0.979110  0.197521  0.048265  -0.200474  0.977418  0.066810  -0.033978  -0.075090  0.996598  0.005520  0.003144  0.005468  0.082491  -0.094426  0.673884  2.000000  0.999962  0.003340  0.008064  -0.003348  0.999994  0.000947  -0.008061  -0.000974  0.999967  0.999796  0.020016  0.002709  -0.020023  0.999796  0.002577  -0.002657  -0.002631  0.999993  1.000000  0.000096  0.000234  -0.000096  1.000000  0.000033  -0.000234  -0.000033  1.000000  0.999962  0.003340  0.008064  -0.003348  0.999994  0.000947  -0.008061  -0.000974  0.999967  0.000171  0.020367  
149.876137 0.006845  0.099113  0.006757  0.978898  0.198506  0.048512  -0.201480  0.977200  0.066970  -0.034112  -0.075331  0.996575  0.005816  0.003115  0.005614  0.090122  -0.102316  0.713563  2.000000  0.999952  0.003726  0.009023  -0.003735  0.999992  0.001075  -0.009019  -0.001108  0.999959  0.999783  0.020611  0.003027  -0.020619  0.999784  0.002671  -0.002971  -0.002733  0.999992  1.000000  0.000096  0.000242  -0.000096  1.000000  0.000034  -0.000242  -0.000034  1.000000  0.999952  0.003726  0.009023  -0.003735  0.999992  0.001075  -0.009019  -0.001108  0.999959  0.000179  0.021008  
149.877385 0.006854  0.099114  0.006764  0.978644  0.199691  0.048774  -0.202688  0.976940  0.067120  -0.034246  -0.075573  0.996552  0.006189  0.003000  0.005776  0.096841  -0.109952  0.754619  2.000000  0.999942  0.004114  0.010003  -0.004126  0.999991  0.001210  -0.009998  -0.001251  0.999949  0.999774  0.021021  0.003060  -0.021029  0.999775  0.002775  -0.003001  -0.002839  0.999991  1.000000  0.000099  0.000247  -0.000099  1.000000  0.000035  -0.000247  -0.000035  1.000000  0.999942  0.004114  0.010003  -0.004126  0.999991  0.001210  -0.009998  -0.001251  0.999949  0.000190  0.021428  
149.878392 0.006861  0.099114  0.006770  0.978473  0.200480  0.048984  -0.203493  0.976769  0.067171  -0.034379  -0.075693  0.996538  0.006486  0.002892  0.005862  0.099914  -0.116496  0.781670  2.000000  0.999930  0.004500  0.010985  -0.004515  0.999989  0.001348  -0.010978  -0.001397  0.999939  0.999779  0.020815  0.003049  -0.020824  0.999779  0.002901  -0.002988  -0.002963  0.999991  1.000000  0.000097  0.000244  -0.000097  1.000000  0.000037  -0.000244  -0.000037  1.000000  0.999930  0.004500  0.010985  -0.004515  0.999989  0.001348  -0.010978  -0.001397  0.999939  0.000198  0.021242  
149.879400 0.006868  0.099114  0.006775  0.978342  0.201067  0.049180  -0.204097  0.976639  0.067232  -0.034513  -0.075814  0.996525  0.006716  0.002707  0.005989  0.103191  -0.122503  0.801641  2.000000  0.999917  0.004880  0.011946  -0.004899  0.999987  0.001488  -0.011939  -0.001546  0.999928  0.999787  0.020404  0.003021  -0.020413  0.999787  0.002913  -0.002961  -0.002974  0.999991  1.000000  0.000095  0.000240  -0.000095  1.000000  0.000037  -0.000240  -0.000037  1.000000  0.999917  0.004880  0.011946  -0.004899  0.999987  0.001488  -0.011939  -0.001546  0.999928  0.000203  0.020837  
149.880637 0.006877  0.099115  0.006782  0.978169  0.201849  0.049415  -0.204901  0.976459  0.067401  -0.034647  -0.076055  0.996501  0.006906  0.002476  0.006085  0.110417  -0.129202  0.829333  2.000000  0.999906  0.005166  0.012668  -0.005186  0.999985  0.001594  -0.012659  -0.001660  0.999918  0.999783  0.020608  0.003041  -0.020618  0.999783  0.003024  -0.002978  -0.003086  0.999991  1.000000  0.000096  0.000242  -0.000096  1.000000  0.000038  -0.000242  -0.000038  1.000000  0.999906  0.005166  0.012668  -0.005186  0.999985  0.001594  -0.012659  -0.001660  0.999918  0.000210  0.021056  
149.881888 0.006887  0.099115  0.006789  0.977996  0.202631  0.049650  -0.205706  0.976278  0.067570  -0.034781  -0.076297  0.996478  0.007087  0.002168  0.006054  0.117576  -0.135833  0.856537  2.000000  0.999888  0.005645  0.013881  -0.005671  0.999982  0.001777  -0.013871  -0.001855  0.999902  0.999779  0.020813  0.003059  -0.020822  0.999779  0.003016  -0.002996  -0.003079  0.999991  1.000000  0.000097  0.000244  -0.000097  1.000000  0.000038  -0.000244  -0.000038  1.000000  0.999888  0.005645  0.013881  -0.005671  0.999982  0.001777  -0.013871  -0.001855  0.999902  0.000217  0.021258  
149.883138 0.006895  0.099115  0.006795  0.977864  0.203218  0.049847  -0.206309  0.976147  0.067630  -0.034914  -0.076417  0.996464  0.007112  0.001755  0.005895  0.124993  -0.141882  0.877060  2.000000  0.999867  0.006113  0.015097  -0.006143  0.999979  0.001961  -0.015085  -0.002053  0.999884  0.999787  0.020382  0.003300  -0.020392  0.999787  0.003028  -0.003238  -0.003095  0.999990  1.000000  0.000092  0.000241  -0.000092  1.000000  0.000038  -0.000241  -0.000038  1.000000  0.999867  0.006113  0.015097  -0.006143  0.999979  0.001961  -0.015085  -0.002053  0.999884  0.000223  0.020874  
149.884390 0.006902  0.099115  0.006801  0.977732  0.203799  0.050069  -0.206912  0.976007  0.067809  -0.035048  -0.076658  0.996441  0.006994  0.001268  0.005656  0.128779  -0.147044  0.883615  2.000000  0.999846  0.006536  0.016280  -0.006572  0.999976  0.002143  -0.016266  -0.002249  0.999865  0.999807  0.019325  0.003627  -0.019336  0.999808  0.003063  -0.003567  -0.003133  0.999989  1.000000  0.000082  0.000232  -0.000082  1.000000  0.000039  -0.000232  -0.000039  1.000000  0.999846  0.006536  0.016280  -0.006572  0.999976  0.002143  -0.016266  -0.002249  0.999865  0.000228  0.019906  
149.885639 0.006908  0.099113  0.006805  0.977642  0.204185  0.050252  -0.207313  0.975917  0.067879  -0.035182  -0.076779  0.996427  0.006817  0.000768  0.005434  0.129374  -0.145616  0.862962  2.000000  0.999829  0.006840  0.017184  -0.006880  0.999974  0.002288  -0.017168  -0.002406  0.999850  0.999826  0.018278  0.003818  -0.018289  0.999828  0.002974  -0.003763  -0.003044  0.999988  1.000000  0.000073  0.000222  -0.000073  1.000000  0.000038  -0.000222  -0.000038  1.000000  0.999829  0.006840  0.017184  -0.006880  0.999974  0.002288  -0.017168  -0.002406  0.999850  0.000223  0.018915  
149.886887 0.006913  0.099112  0.006810  0.977552  0.204570  0.050435  -0.207715  0.975827  0.067949  -0.035316  -0.076899  0.996413  0.006628  0.000429  0.005274  0.129122  -0.142465  0.828426  2.000000  0.999808  0.007189  0.018245  -0.007235  0.999971  0.002465  -0.018227  -0.002597  0.999830  0.999848  0.017057  0.003592  -0.017067  0.999850  0.002896  -0.003543  -0.002957  0.999989  1.000000  0.000068  0.000207  -0.000068  1.000000  0.000037  -0.000207  -0.000037  1.000000  0.999808  0.007189  0.018245  -0.007235  0.999971  0.002465  -0.018227  -0.002597  0.999830  0.000216  0.017676  
149.888138 0.006917  0.099109  0.006815  0.977457  0.204946  0.050749  -0.208115  0.975738  0.067991  -0.035583  -0.077020  0.996394  0.006352  0.000116  0.005160  0.130927  -0.141690  0.807735  2.000000  0.999787  0.007514  0.019239  -0.007567  0.999968  0.002639  -0.019218  -0.002784  0.999811  0.999869  0.015836  0.003367  -0.015846  0.999870  0.002939  -0.003320  -0.002992  0.999990  1.000000  0.000063  0.000192  -0.000063  1.000000  0.000037  -0.000192  -0.000037  1.000000  0.999787  0.007514  0.019239  -0.007567  0.999968  0.002639  -0.019218  -0.002784  0.999811  0.000208  0.016460  
149.889388 0.006920  0.099107  0.006821  0.977409  0.205130  0.050918  -0.208316  0.975690  0.068071  -0.035717  -0.077140  0.996380  0.005925  -0.000212  0.005037  0.130268  -0.144041  0.787049  2.000000  0.999766  0.007812  0.020174  -0.007870  0.999965  0.002808  -0.020151  -0.002966  0.999793  0.999885  0.014810  0.003288  -0.014819  0.999886  0.002730  -0.003247  -0.002778  0.999991  1.000000  0.000057  0.000181  -0.000057  1.000000  0.000034  -0.000181  -0.000034  1.000000  0.999766  0.007812  0.020174  -0.007870  0.999965  0.002808  -0.020151  -0.002966  0.999793  0.000204  0.015419  
149.890639 0.006922  0.099104  0.006828  0.977362  0.205321  0.051062  -0.208516  0.975650  0.068033  -0.035850  -0.077140  0.996376  0.005381  -0.000568  0.004944  0.123911  -0.152747  0.772203  2.000000  0.999746  0.008068  0.021020  -0.008132  0.999963  0.002971  -0.020996  -0.003141  0.999775  0.999906  0.013374  0.003179  -0.013382  0.999907  0.002660  -0.003143  -0.002702  0.999991  1.000000  0.000049  0.000165  -0.000049  1.000000  0.000034  -0.000165  -0.000034  1.000000  0.999746  0.008068  0.021020  -0.008132  0.999963  0.002971  -0.020996  -0.003141  0.999775  0.000201  0.014006  
149.891885 0.006923  0.099100  0.006833  0.977357  0.205305  0.051218  -0.208515  0.975644  0.068123  -0.035984  -0.077260  0.996361  0.004778  -0.000963  0.004800  0.124112  -0.157953  0.731189  2.000000  0.999728  0.008283  0.021798  -0.008353  0.999960  0.003126  -0.021771  -0.003307  0.999758  0.999924  0.011927  0.003204  -0.011936  0.999925  0.002590  -0.003172  -0.002628  0.999992  1.000000  0.000040  0.000149  -0.000040  1.000000  0.000033  -0.000149  -0.000033  1.000000  0.999728  0.008283  0.021798  -0.008353  0.999960  0.003126  -0.021771  -0.003307  0.999758  0.000193  0.012623  
149.892885 0.006923  0.099096  0.006837  0.977357  0.205305  0.051218  -0.208515  0.975644  0.068123  -0.035984  -0.077260  0.996361  0.004333  -0.001209  0.004641  0.121309  -0.159884  0.696705  2.000000  0.999714  0.008429  0.022372  -0.008504  0.999959  0.003245  -0.022344  -0.003434  0.999744  0.999933  0.011107  0.003140  -0.011114  0.999935  0.002378  -0.003114  -0.002413  0.999992  1.000000  0.000036  0.000140  -0.000036  1.000000  0.000030  -0.000140  -0.000030  1.000000  0.999714  0.008429  0.022372  -0.008504  0.999959  0.003245  -0.022344  -0.003434  0.999744  0.000183  0.011788  
149.893888 0.006923  0.099092  0.006840  0.977352  0.205288  0.051373  -0.208514  0.975638  0.068214  -0.036118  -0.077381  0.996347  0.003830  -0.001488  0.004520  0.118358  -0.161819  0.661891  2.000000  0.999704  0.008524  0.022780  -0.008602  0.999957  0.003332  -0.022750  -0.003527  0.999735  0.999940  0.010481  0.003228  -0.010488  0.999942  0.002399  -0.003202  -0.002433  0.999992  1.000000  0.000031  0.000134  -0.000031  1.000000  0.000030  -0.000134  -0.000030  1.000000  0.999704  0.008524  0.022780  -0.008602  0.999957  0.003332  -0.022750  -0.003527  0.999735  0.000174  0.011229  
149.894888 0.006921  0.099088  0.006843  0.977348  0.205278  0.051503  -0.208513  0.975640  0.068186  -0.036251  -0.077380  0.996342  0.003301  -0.001786  0.004429  0.116823  -0.155091  0.619524  2.000000  0.999692  0.008629  0.023282  -0.008711  0.999956  0.003444  -0.023252  -0.003645  0.999723  0.999950  0.009455  0.003148  -0.009462  0.999953  0.002195  -0.003127  -0.002224  0.999993  1.000000  0.000025  0.000122  -0.000025  1.000000  0.000028  -0.000122  -0.000028  1.000000  0.999692  0.008629  0.023282  -0.008711  0.999956  0.003444  -0.023252  -0.003645  0.999723  0.000165  0.010207  
149.895902 0.006920  0.099084  0.006846  0.977348  0.205272  0.051528  -0.208513  0.975632  0.068304  -0.036251  -0.077501  0.996333  0.002626  -0.002104  0.004163  0.118154  -0.147463  0.578123  2.000000  0.999680  0.008712  0.023744  -0.008799  0.999955  0.003551  -0.023712  -0.003759  0.999712  0.999960  0.008429  0.003070  -0.008436  0.999962  0.002231  -0.003051  -0.002257  0.999993  1.000000  0.000020  0.000110  -0.000020  1.000000  0.000028  -0.000110  -0.000028  1.000000  0.999680  0.008712  0.023744  -0.008799  0.999955  0.003551  -0.023712  -0.003759  0.999712  0.000156  0.009247  
149.897136 0.006919  0.099078  0.006849  0.977343  0.205262  0.051658  -0.208512  0.975634  0.068276  -0.036385  -0.077501  0.996328  0.002019  -0.002431  0.003977  0.110215  -0.139327  0.539678  2.000000  0.999670  0.008777  0.024160  -0.008868  0.999954  0.003651  -0.024127  -0.003864  0.999701  0.999968  0.007403  0.002990  -0.007409  0.999970  0.002026  -0.002975  -0.002048  0.999993  1.000000  0.000014  0.000099  -0.000014  1.000000  0.000025  -0.000099  -0.000025  1.000000  0.999670  0.008777  0.024160  -0.008868  0.999954  0.003651  -0.024127  -0.003864  0.999701  0.000144  0.008240  
149.898390 0.006915  0.099072  0.006851  0.977338  0.205252  0.051789  -0.208511  0.975636  0.068249  -0.036519  -0.077500  0.996323  0.001188  -0.002924  0.003659  0.105090  -0.135841  0.482096  2.000000  0.999658  0.008828  0.024606  -0.008923  0.999953  0.003764  -0.024572  -0.003983  0.999690  0.999978  0.005978  0.002746  -0.005983  0.999980  0.001835  -0.002735  -0.001852  0.999995  1.000000  0.000008  0.000082  -0.000008  1.000000  0.000023  -0.000082  -0.000023  1.000000  0.999658  0.008828  0.024606  -0.008923  0.999953  0.003764  -0.024572  -0.003983  0.999690  0.000132  0.006831  
149.899393 0.006913  0.099067  0.006853  0.977333  0.205235  0.051944  -0.208510  0.975630  0.068339  -0.036653  -0.077621  0.996309  0.000592  -0.003298  0.003468  0.106230  -0.133262  0.447551  2.000000  0.999651  0.008847  0.024910  -0.008945  0.999953  0.003852  -0.024875  -0.004073  0.999682  0.999983  0.005157  0.002683  -0.005161  0.999985  0.001744  -0.002674  -0.001758  0.999995  1.000000  0.000003  0.000073  -0.000003  1.000000  0.000022  -0.000073  -0.000022  1.000000  0.999651  0.008847  0.024910  -0.008945  0.999953  0.003852  -0.024875  -0.004073  0.999682  0.000124  0.006071  
149.900639 0.006909  0.099061  0.006855  0.977371  0.205024  0.052060  -0.208308  0.975674  0.068322  -0.036786  -0.077620  0.996304  0.000026  -0.003550  0.003292  0.100018  -0.133624  0.392113  2.000000  0.999651  0.008847  0.024910  -0.008945  0.999953  0.003852  -0.024875  -0.004073  0.999682  0.999987  0.004347  0.002486  -0.004351  0.999989  0.001653  -0.002478  -0.001664  0.999996  1.000000  0.000000  0.000000  0.000000  1.000000  0.000000  0.000000  0.000000  1.000000  0.999651  0.008847  0.024910  -0.008945  0.999953  0.003852  -0.024875  -0.004073  0.999682  0.000110  0.000000  
149.901892 0.006906  0.099057  0.006859  0.977371  0.205024  0.052060  -0.208308  0.975674  0.068322  -0.036786  -0.077620  0.996304  -0.000531  -0.003701  0.003233  0.093061  -0.131009  0.357533  2.000000  0.999651  0.008847  0.024910  -0.008945  0.999953  0.003852  -0.024875  -0.004073  0.999682  0.999992  0.003321  0.002406  -0.003324  0.999993  0.001448  -0.002401  -0.001456  0.999996  1.000000  0.000000  0.000000  0.000000  1.000000  0.000000  0.000000  0.000000  1.000000  0.999651  0.008847  0.024910  -0.008945  0.999953  0.003852  -0.024875  -0.004073  0.999682  0.000100  0.000000  
149.903134 0.006903  0.099054  0.006863  0.977371  0.205024  0.052060  -0.208308  0.975674  0.068322  -0.036786  -0.077620  0.996304  -0.000962  -0.003727  0.003172  0.085431  -0.127379  0.320432  2.000000  0.999651  0.008847  0.024910  -0.008945  0.999953  0.003852  -0.024875  -0.004073  0.999682  0.999994  0.002511  0.002209  -0.002513  0.999996  0.001236  -0.002205  -0.001241  0.999997  1.000000  0.000000  0.000000  0.000000  1.000000  0.000000  0.000000  0.000000  1.000000  0.999651  0.008847  0.024910  -0.008945  0.999953  0.003852  -0.024875  -0.004073  0.999682  0.000090  0.000000  
149.904135 0.006900  0.099051  0.006866  0.977414  0.204823  0.052046  -0.208106  0.975716  0.068333  -0.036786  -0.077620  0.996304  -0.001323  -0.003774  0.003054  0.079672  -0.120292  0.275143  2.000000  0.999651  0.008847  0.024910  -0.008945  0.999953  0.003852  -0.024875  -0.004073  0.999682  0.999997  0.001701  0.002011  -0.001703  0.999998  0.001145  -0.002009  -0.001148  0.999997  1.000000  0.000000  0.000000  0.000000  1.000000  0.000000  0.000000  0.000000  1.000000  0.999651  0.008847  0.024910  -0.008945  0.999953  0.003852  -0.024875  -0.004073  0.999682  0.000082  0.000000  
149.905386 0.006896  0.099047  0.006869  0.977452  0.204619  0.052138  -0.207904  0.975769  0.068197  -0.036920  -0.077499  0.996309  -0.001766  -0.003849  0.002793  0.069123  -0.116613  0.226875  2.000000  0.999651  0.008847  0.024910  -0.008945  0.999953  0.003852  -0.024875  -0.004073  0.999682  0.999997  0.001085  0.001963  -0.001087  0.999999  0.000804  -0.001962  -0.000806  0.999998  1.000000  0.000000  0.000000  0.000000  1.000000  0.000000  0.000000  0.000000  1.000000  0.999651  0.008847  0.024910  -0.008945  0.999953  0.003852  -0.024875  -0.004073  0.999682  0.000071  0.000000  
149.906640 0.006892  0.099043  0.006871  0.977447  0.204609  0.052268  -0.207903  0.975771  0.068170  -0.037054  -0.077499  0.996304  -0.002083  -0.003809  0.002568  0.062392  -0.108964  0.185803  2.000000  0.999651  0.008847  0.024910  -0.008945  0.999953  0.003852  -0.024875  -0.004073  0.999682  0.999998  0.000265  0.001899  -0.000266  1.000000  0.000713  -0.001899  -0.000713  0.999998  1.000000  0.000000  0.000000  0.000000  1.000000  0.000000  0.000000  0.000000  1.000000  0.999651  0.008847  0.024910  -0.008945  0.999953  0.003852  -0.024875  -0.004073  0.999682  0.000060  0.000000  
149.907885 0.006889  0.099040  0.006874  0.977400  0.204799  0.052413  -0.208103  0.975731  0.068131  -0.037187  -0.077498  0.996299  -0.002238  -0.003691  0.002510  0.058557  -0.106523  0.163787  2.000000  0.999651  0.008847  0.024910  -0.008945  0.999953  0.003852  -0.024875  -0.004073  0.999682  0.999998  0.000275  0.001766  -0.000276  1.000000  0.000591  -0.001766  -0.000592  0.999998  1.000000  0.000000  0.000000  0.000000  1.000000  0.000000  0.000000  0.000000  1.000000  0.999651  0.008847  0.024910  -0.008945  0.999953  0.003852  -0.024875  -0.004073  0.999682  0.000051  0.000000  
149.908885 0.006887  0.099039  0.006877  0.977400  0.204799  0.052413  -0.208103  0.975731  0.068131  -0.037187  -0.077498  0.996299  -0.002341  -0.003543  0.002426  0.000000  0.000000  0.000000  2.000000  0.999651  0.008847  0.024910  -0.008945  0.999953  0.003852  -0.024875  -0.004073  0.999682  0.999999  -0.000125  0.001601  0.000124  1.000000  0.000485  -0.001601  -0.000485  0.999999  1.000000  0.000000  0.000000  0.000000  1.000000  0.000000  0.000000  0.000000  1.000000  0.999651  0.008847  0.024910  -0.008945  0.999953  0.003852  -0.024875  -0.004073  0.999682  0.000000  0.000000  
149.909887 0.006886  0.099038  0.006880  0.977442  0.204605  0.052374  -0.207902  0.975782  0.068023  -0.037187  -0.077378  0.996308  -0.002365  -0.003321  0.002447  0.000000  0.000000  0.000000  2.000000  0.999651  0.008847  0.024910  -0.008945  0.999953  0.003852  -0.024875  -0.004073  0.999682  0.999999  -0.000319  0.001451  0.000319  1.000000  0.000372  -0.001452  -0.000371  0.999999  1.000000  0.000000  0.000000  0.000000  1.000000  0.000000  0.000000  0.000000  1.000000  0.999651  0.008847  0.024910  -0.008945  0.999953  0.003852  -0.024875  -0.004073  0.999682  0.000000  0.000000  
149.911142 0.006884  0.099038  0.006885  0.977438  0.204595  0.052504  -0.207901  0.975784  0.067996  -0.037321  -0.077377  0.996303  -0.002388  -0.002968  0.002561  0.000000  0.000000  0.000000  2.000000  0.999651  0.008847  0.024910  -0.008945  0.999953  0.003852  -0.024875  -0.004073  0.999682  0.999999  -0.000729  0.001420  0.000729  1.000000  0.000266  -0.001420  -0.000265  0.999999  1.000000  0.000000  0.000000  0.000000  1.000000  0.000000  0.000000  0.000000  1.000000  0.999651  0.008847  0.024910  -0.008945  0.999953  0.003852  -0.024875  -0.004073  0.999682  0.000000  0.000000  
149.912143 0.006884  0.099038  0.006889  0.977442  0.204605  0.052374  -0.207902  0.975782  0.068023  -0.037187  -0.077378  0.996308  -0.002267  -0.002589  0.002693  0.000000  0.000000  0.000000  2.000000  0.999651  0.008847  0.024910  -0.008945  0.999953  0.003852  -0.024875  -0.004073  0.999682  0.999999  -0.000709  0.001153  0.000708  1.000000  0.000144  -0.001153  -0.000143  0.999999  1.000000  0.000000  0.000000  0.000000  1.000000  0.000000  0.000000  0.000000  1.000000  0.999651  0.008847  0.024910  -0.008945  0.999953  0.003852  -0.024875  -0.004073  0.999682  0.000000  0.000000  
149.913147 0.006884  0.099039  0.006894  0.977442  0.204605  0.052374  -0.207902  0.975782  0.068023  -0.037187  -0.077378  0.996308  -0.002100  -0.002223  0.002870  0.000000  0.000000  0.000000  2.000000  0.999651  0.008847  0.024910  -0.008945  0.999953  0.003852  -0.024875  -0.004073  0.999682  0.999999  -0.000709  0.001153  0.000708  1.000000  0.000144  -0.001153  -0.000143  0.999999  1.000000  0.000000  0.000000  0.000000  1.000000  0.000000  0.000000  0.000000  1.000000  0.999651  0.008847  0.024910  -0.008945  0.999953  0.003852  -0.024875  -0.004073  0.999682  0.000000  0.000000  
149.914385 0.006886  0.099041  0.006899  0.977438  0.204595  0.052504  -0.207901  0.975784  0.067996  -0.037321  -0.077377  0.996303  -0.001818  -0.001738  0.003065  0.000000  0.000000  0.000000  2.000000  0.999651  0.008847  0.024910  -0.008945  0.999953  0.003852  -0.024875  -0.004073  0.999682  0.999999  -0.000709  0.001153  0.000709  1.000000  0.000023  -0.001153  -0.000022  0.999999  1.000000  0.000000  0.000000  0.000000  1.000000  0.000000  0.000000  0.000000  1.000000  0.999651  0.008847  0.024910  -0.008945  0.999953  0.003852  -0.024875  -0.004073  0.999682  0.000000  0.000000  
149.915392 0.006887  0.099041  0.006903  0.977395  0.204796  0.052518  -0.208102  0.975742  0.067985  -0.037321  -0.077377  0.996303  -0.001537  -0.001325  0.003239  0.000000  0.000000  0.000000  2.000000  0.999651  0.008847  0.024910  -0.008945  0.999953  0.003852  -0.024875  -0.004073  0.999682  0.999999  -0.000493  0.001035  0.000493  1.000000  0.000015  -0.001035  -0.000015  0.999999  1.000000  0.000000  0.000000  0.000000  1.000000  0.000000  0.000000  0.000000  1.000000  0.999651  0.008847  0.024910  -0.008945  0.999953  0.003852  -0.024875  -0.004073  0.999682  0.000000  0.000000  
149.916636 0.006889  0.099043  0.006908  0.977390  0.204785  0.052649  -0.208101  0.975744  0.067957  -0.037455  -0.077377  0.996298  -0.001152  -0.000905  0.003350  0.000000  0.000000  0.000000  2.000000  0.999651  0.008847  0.024910  -0.008945  0.999953  0.003852  -0.024875  -0.004073  0.999682  0.999999  -0.000493  0.001035  0.000493  1.000000  -0.000106  -0.001035  0.000106  0.999999  1.000000  0.000000  0.000000  0.000000  1.000000  0.000000  0.000000  0.000000  1.000000  0.999651  0.008847  0.024910  -0.008945  0.999953  0.003852  -0.024875  -0.004073  0.999682  0.000000  0.000000  
149.917889 0.006892  0.099046  0.006913  0.977347  0.204986  0.052663  -0.208302  0.975701  0.067946  -0.037455  -0.077377  0.996298  -0.000768  -0.000551  0.003402  0.000000  0.000000  0.000000  2.000000  0.999651  0.008847  0.024910  -0.008945  0.999953  0.003852  -0.024875  -0.004073  0.999682  0.999999  -0.000493  0.001035  0.000493  1.000000  -0.000106  -0.001035  0.000106  0.999999  1.000000  0.000000  0.000000  0.000000  1.000000  0.000000  0.000000  0.000000  1.000000  0.999651  0.008847  0.024910  -0.008945  0.999953  0.003852  -0.024875  -0.004073  0.999682  0.000000  0.000000  
149.919139 0.006896  0.099049  0.006918  0.977347  0.204986  0.052663  -0.208302  0.975701  0.067946  -0.037455  -0.077377  0.996298  -0.000191  -0.000080  0.003527  0.000000  0.000000  0.000000  2.000000  0.999651  0.008847  0.024910  -0.008945  0.999953  0.003852  -0.024875  -0.004073  0.999682  1.000000  -0.000278  0.000918  0.000278  1.000000  -0.000235  -0.000918  0.000235  1.000000  1.000000  0.000000  0.000000  0.000000  1.000000  0.000000  0.000000  0.000000  1.000000  0.999651  0.008847  0.024910  -0.008945  0.999953  0.003852  -0.024875  -0.004073  0.999682  0.000000  0.000000  
149.920385 0.006900  0.099051  0.006923  0.977304  0.205187  0.052677  -0.208504  0.975659  0.067935  -0.037455  -0.077377  0.996298  0.000279  0.000269  0.003586  0.000000  0.000000  0.000000  2.000000  0.999651  0.008847  0.024910  -0.008945  0.999953  0.003852  -0.024875  -0.004073  0.999682  1.000000  0.000143  0.000816  -0.000143  1.000000  -0.000250  -0.000816  0.000250  1.000000  1.000000  0.000000  0.000000  0.000000  1.000000  0.000000  0.000000  0.000000  1.000000  0.999651  0.008847  0.024910  -0.008945  0.999953  0.003852  -0.024875  -0.004073  0.999682  0.000000  0.000000  
149.921387 0.006904  0.099055  0.006927  0.977304  0.205187  0.052677  -0.208504  0.975659  0.067935  -0.037455  -0.077377  0.996298  0.000793  0.000757  0.003774  0.000000  0.000000  0.000000  2.000000  0.999651  0.008847  0.024910  -0.008945  0.999953  0.003852  -0.024875  -0.004073  0.999682  1.000000  0.000153  0.000683  -0.000153  1.000000  -0.000250  -0.000683  0.000250  1.000000  1.000000  0.000000  0.000000  0.000000  1.000000  0.000000  0.000000  0.000000  1.000000  0.999651  0.008847  0.024910  -0.008945  0.999953  0.003852  -0.024875  -0.004073  0.999682  0.000000  0.000000  
149.922640 0.006909  0.099059  0.006932  0.977261  0.205388  0.052691  -0.208705  0.975617  0.067925  -0.037455  -0.077377  0.996298  0.001345  0.001265  0.003890  0.000000  0.000000  0.000000  2.000000  0.999651  0.008847  0.024910  -0.008945  0.999953  0.003852  -0.024875  -0.004073  0.999682  1.000000  0.000358  0.000699  -0.000358  1.000000  -0.000258  -0.000699  0.000258  1.000000  1.000000  0.000000  0.000000  0.000000  1.000000  0.000000  0.000000  0.000000  1.000000  0.999651  0.008847  0.024910  -0.008945  0.999953  0.003852  -0.024875  -0.004073  0.999682  0.000000  0.000000  
149.923885 0.006915  0.099065  0.006938  0.977256  0.205378  0.052821  -0.208704  0.975619  0.067897  -0.037589  -0.077376  0.996293  0.001825  0.001717  0.004086  0.000000  0.000000  0.000000  2.000000  0.999651  0.008847  0.024910  -0.008945  0.999953  0.003852  -0.024875  -0.004073  0.999682  0.999999  0.000553  0.000848  -0.000553  1.000000  -0.000266  -0.000848  0.000265  1.000000  1.000000  0.000000  0.000000  0.000000  1.000000  0.000000  0.000000  0.000000  1.000000  0.999651  0.008847  0.024910  -0.008945  0.999953  0.003852  -0.024875  -0.004073  0.999682  0.000000  0.000000  
149.924885 0.006920  0.099070  0.006944  0.977213  0.205579  0.052835  -0.208905  0.975577  0.067886  -0.037589  -0.077376  0.996293  0.002291  0.002144  0.004230  0.000000  0.000000  0.000000  2.000000  0.999651  0.008847  0.024910  -0.008945  0.999953  0.003852  -0.024875  -0.004073  0.999682  0.999999  0.000769  0.000731  -0.000768  1.000000  -0.000274  -0.000731  0.000273  1.000000  1.000000  0.000000  0.000000  0.000000  1.000000  0.000000  0.000000  0.000000  1.000000  0.999651  0.008847  0.024910  -0.008945  0.999953  0.003852  -0.024875  -0.004073  0.999682  0.000000  0.000000  
149.926135 0.006927  0.099077  0.006950  0.977170  0.205780  0.052849  -0.209106  0.975535  0.067875  -0.037589  -0.077376  0.996293  0.002858  0.002620  0.004330  0.000000  0.000000  0.000000  2.000000  0.999651  0.008847  0.024910  -0.008945  0.999953  0.003852  -0.024875  -0.004073  0.999682  0.999999  0.000974  0.000747  -0.000974  1.000000  -0.000160  -0.000747  0.000159  1.000000  1.000000  0.000000  0.000000  0.000000  1.000000  0.000000  0.000000  0.000000  1.000000  0.999651  0.008847  0.024910  -0.008945  0.999953  0.003852  -0.024875  -0.004073  0.999682  0.000000  0.000000  
149.927390 0.006935  0.099085  0.006958  0.977170  0.205780  0.052849  -0.209106  0.975535  0.067875  -0.037589  -0.077376  0.996293  0.003395  0.003104  0.004489  0.000000  0.000000  0.000000  2.000000  0.999651  0.008847  0.024910  -0.008945  0.999953  0.003852  -0.024875  -0.004073  0.999682  0.999999  0.001189  0.000629  -0.001189  0.999999  -0.000168  -0.000629  0.000167  1.000000  1.000000  0.000000  0.000000  0.000000  1.000000  0.000000  0.000000  0.000000  1.000000  0.999651  0.008847  0.024910  -0.008945  0.999953  0.003852  -0.024875  -0.004073  0.999682  0.000000  0.000000  
149.928638 0.006943  0.099093  0.006964  0.977127  0.205987  0.052838  -0.209307  0.975500  0.067746  -0.037589  -0.077256  0.996302  0.003858  0.003569  0.004579  0.000000  0.000000  0.000000  2.000000  0.999651  0.008847  0.024910  -0.008945  0.999953  0.003852  -0.024875  -0.004073  0.999682  0.999999  0.001200  0.000496  -0.001200  0.999999  -0.000289  -0.000496  0.000288  1.000000  1.000000  0.000000  0.000000  0.000000  1.000000  0.000000  0.000000  0.000000  1.000000  0.999651  0.008847  0.024910  -0.008945  0.999953  0.003852  -0.024875  -0.004073  0.999682  0.000000  0.000000  
