1-Time 2-Px 3-Py 4-Pz 5-R11 6-R21 7-R31 8-R12 9-R22 10-R32 11-R13 12-R23 13-R33 14-Vx 15-Vy 16-Vz 17-Wx 18-Wy 19-Wz 20-state 21-PR11 22-PR21 23-PR31 24-PR12 25-PR22 26-PR32 27-PR13 28-PR23 29-PR33 
120.923335 0.007507  0.100515  0.000618  0.987980  0.152629  0.024485  -0.153146  0.987983  0.020874  -0.021005  -0.024373  0.999482  0.000008  -0.000022  0.000011  0.000000  0.000000  0.000000  2.000000  1.000000  0.000000  0.000000  -0.000000  1.000000  0.000000  0.000000  -0.000000  1.000000  1.000000  -0.000000  -0.000000  0.000000  1.000000  0.000000  -0.000000  0.000000  1.000000  1.000000  0.000000  0.000000  0.000000  1.000000  0.000000  0.000000  0.000000  1.000000  0.661238  0.070385  0.746867  -0.099303  0.995040  -0.005855  -0.743574  -0.070295  0.664948  0.000000  0.000000  
120.924340 0.007508  0.100516  0.000619  0.987980  0.152629  0.024485  -0.153146  0.987983  0.020874  -0.021005  -0.024373  0.999482  0.000038  0.000009  0.000032  0.000000  0.000000  0.000000  2.000000  1.000000  0.000000  0.000000  0.000000  1.000000  0.000000  0.000000  0.000000  1.000000  1.000000  -0.000000  -0.000000  0.000000  1.000000  0.000000  -0.000000  0.000000  1.000000  1.000000  0.000000  0.000000  0.000000  1.000000  0.000000  0.000000  0.000000  1.000000  1.000000  0.000000  0.000000  0.000000  1.000000  0.000000  0.000000  0.000000  1.000000  0.000000  0.000000  
120.925590 0.007509  0.100517  0.000619  0.987851  0.153436  0.024653  -0.153960  0.987855  0.020953  -0.021139  -0.024494  0.999476  0.000160  0.000073  0.000043  0.000000  0.000000  0.000000  2.000000  1.000000  0.000000  0.000000  0.000000  1.000000  0.000000  0.000000  0.000000  1.000000  1.000000  0.000614  0.000149  -0.000614  1.000000  0.000108  -0.000149  -0.000108  1.000000  1.000000  0.000000  0.000000  0.000000  1.000000  0.000000  0.000000  0.000000  1.000000  1.000000  0.000000  0.000000  0.000000  1.000000  0.000000  0.000000  0.000000  1.000000  0.000000  0.000000  
120.926840 0.007512  0.100518  0.000620  0.987689  0.154450  0.024807  -0.154976  0.987697  0.020907  -0.021272  -0.024494  0.999474  0.000349  0.000177  0.000108  0.000000  0.000000  0.000000  2.000000  1.000000  0.000000  0.000000  0.000000  1.000000  0.000000  0.000000  0.000000  1.000000  0.999999  0.001640  0.000308  -0.001640  0.999999  0.000086  -0.000308  -0.000087  1.000000  1.000000  0.000000  0.000000  0.000000  1.000000  0.000000  0.000000  0.000000  1.000000  1.000000  0.000000  0.000000  0.000000  1.000000  0.000000  0.000000  0.000000  1.000000  0.000000  0.000000  
120.927840 0.007514  0.100519  0.000620  0.987558  0.155257  0.024975  -0.155789  0.987567  0.020985  -0.021406  -0.024615  0.999468  0.000458  0.000244  0.000152  0.000000  0.000000  0.000000  2.000000  1.000000  0.000000  0.000000  0.000000  1.000000  0.000000  0.000000  0.000000  1.000000  0.999997  0.002459  0.000462  -0.002459  0.999997  0.000068  -0.000462  -0.000069  1.000000  1.000000  0.000000  0.000000  0.000000  1.000000  0.000000  0.000000  0.000000  1.000000  1.000000  0.000000  0.000000  0.000000  1.000000  0.000000  0.000000  0.000000  1.000000  0.000000  0.000000  
120.928844 0.007517  0.100520  0.000621  0.987459  0.155863  0.025120  -0.156398  0.987472  0.020949  -0.021540  -0.024615  0.999465  0.000640  0.000292  0.000173  0.000000  0.000000  0.000000  2.000000  1.000000  0.000000  0.000000  0.000000  1.000000  0.000000  0.000000  0.000000  1.000000  0.999995  0.003073  0.000611  -0.003073  0.999995  0.000176  -0.000610  -0.000178  1.000000  1.000000  0.000000  0.000000  0.000000  1.000000  0.000000  0.000000  0.000000  1.000000  1.000000  0.000000  0.000000  0.000000  1.000000  0.000000  0.000000  0.000000  1.000000  0.000000  0.000000  
120.929848 0.007520  0.100522  0.000622  0.987395  0.156270  0.025128  -0.156805  0.987408  0.020939  -0.021540  -0.024615  0.999465  0.000857  0.000426  0.000260  0.000000  0.000000  0.000000  2.000000  1.000000  0.000000  0.000000  0.000000  1.000000  0.000000  0.000000  0.000000  1.000000  0.999993  0.003691  0.000626  -0.003691  0.999993  0.000163  -0.000625  -0.000165  1.000000  1.000000  0.000000  0.000000  0.000000  1.000000  0.000000  0.000000  0.000000  1.000000  1.000000  0.000000  0.000000  0.000000  1.000000  0.000000  0.000000  0.000000  1.000000  0.000000  0.000000  
120.931094 0.007524  0.100525  0.000623  0.987268  0.157083  0.025033  -0.157618  0.987276  0.021059  -0.021406  -0.024736  0.999465  0.001130  0.000662  0.000337  0.000000  0.000000  0.000000  2.000000  1.000000  0.000000  0.000000  0.000000  1.000000  0.000000  0.000000  0.000000  1.000000  0.999991  0.004311  0.000508  -0.004311  0.999991  0.000271  -0.000507  -0.000273  1.000000  1.000000  0.000000  0.000000  0.000000  1.000000  0.000000  0.000000  0.000000  1.000000  1.000000  0.000000  0.000000  0.000000  1.000000  0.000000  0.000000  0.000000  1.000000  0.000000  0.000000  
120.932341 0.007528  0.100528  0.000625  0.987141  0.157899  0.024918  -0.158432  0.987145  0.021059  -0.021272  -0.024736  0.999468  0.001420  0.000855  0.000434  0.008426  -0.013407  0.179565  2.000000  1.000000  0.000028  0.000058  -0.000028  1.000000  0.000003  -0.000058  -0.000003  1.000000  0.999987  0.005137  0.000395  -0.005138  0.999987  0.000254  -0.000393  -0.000256  1.000000  1.000000  0.000028  0.000058  -0.000028  1.000000  0.000003  -0.000058  -0.000003  1.000000  1.000000  0.000028  0.000058  -0.000028  1.000000  0.000003  -0.000058  -0.000003  1.000000  0.000043  0.005159  
120.933341 0.007531  0.100530  0.000626  0.987013  0.158712  0.024823  -0.159245  0.987012  0.021180  -0.021139  -0.024858  0.999467  0.001629  0.001011  0.000511  0.011931  -0.009603  0.207316  2.000000  1.000000  0.000152  0.000313  -0.000152  1.000000  0.000017  -0.000313  -0.000017  1.000000  0.999982  0.005960  0.000416  -0.005961  0.999982  0.000358  -0.000413  -0.000360  1.000000  1.000000  0.000033  0.000067  -0.000033  1.000000  0.000004  -0.000067  -0.000004  1.000000  1.000000  0.000152  0.000313  -0.000152  1.000000  0.000017  -0.000313  -0.000017  1.000000  0.000050  0.005986  
120.934595 0.007536  0.100534  0.000628  0.986813  0.159925  0.025000  -0.160464  0.986813  0.021248  -0.021272  -0.024979  0.999462  0.001947  0.001234  0.000630  0.015114  -0.015133  0.248666  2.000000  1.000000  0.000345  0.000688  -0.000345  1.000000  0.000038  -0.000688  -0.000038  1.000000  0.999974  0.007195  0.000446  -0.007195  0.999974  0.000331  -0.000444  -0.000334  1.000000  1.000000  0.000040  0.000081  -0.000040  1.000000  0.000004  -0.000081  -0.000004  1.000000  1.000000  0.000345  0.000688  -0.000345  1.000000  0.000038  -0.000688  -0.000038  1.000000  0.000061  0.007217  
120.935845 0.007541  0.100537  0.000629  0.986611  0.161141  0.025158  -0.161682  0.986615  0.021195  -0.021406  -0.024979  0.999459  0.002308  0.001484  0.000739  0.014217  -0.020651  0.290032  2.000000  0.999999  0.000563  0.001132  -0.000563  1.000000  0.000065  -0.001132  -0.000066  0.999999  0.999964  0.008426  0.000611  -0.008426  0.999964  0.000425  -0.000608  -0.000430  1.000000  1.000000  0.000046  0.000095  -0.000046  1.000000  0.000005  -0.000095  -0.000005  1.000000  0.999999  0.000563  0.001132  -0.000563  1.000000  0.000065  -0.001132  -0.000066  0.999999  0.000071  0.008459  
120.937092 0.007547  0.100542  0.000632  0.986405  0.162350  0.025468  -0.162900  0.986414  0.021240  -0.021674  -0.025100  0.999450  0.002700  0.001803  0.000955  0.017369  -0.030687  0.331323  2.000000  0.999998  0.000805  0.001645  -0.000805  1.000000  0.000097  -0.001645  -0.000098  0.999999  0.999955  0.009448  0.000906  -0.009449  0.999955  0.000521  -0.000901  -0.000530  0.999999  1.000000  0.000049  0.000108  -0.000049  1.000000  0.000007  -0.000108  -0.000007  1.000000  0.999998  0.000805  0.001645  -0.000805  1.000000  0.000097  -0.001645  -0.000098  0.999999  0.000080  0.009506  
120.938340 0.007554  0.100548  0.000636  0.986234  0.163358  0.025642  -0.163914  0.986244  0.021311  -0.021807  -0.025221  0.999444  0.003144  0.002206  0.001205  0.020684  -0.036061  0.365795  2.000000  0.999997  0.001073  0.002231  -0.001073  0.999999  0.000133  -0.002231  -0.000135  0.999998  0.999942  0.010679  0.001071  -0.010680  0.999943  0.000614  -0.001065  -0.000626  0.999999  1.000000  0.000055  0.000122  -0.000055  1.000000  0.000008  -0.000122  -0.000008  1.000000  0.999997  0.001073  0.002231  -0.001073  0.999999  0.000133  -0.002231  -0.000135  0.999998  0.000090  0.010751  
120.939342 0.007559  0.100553  0.000639  0.986064  0.164370  0.025683  -0.164929  0.986073  0.021405  -0.021807  -0.025342  0.999441  0.003442  0.002490  0.001431  0.024018  -0.036941  0.400342  2.000000  0.999996  0.001250  0.002621  -0.001251  0.999999  0.000157  -0.002620  -0.000160  0.999997  0.999931  0.011708  0.001098  -0.011708  0.999931  0.000713  -0.001090  -0.000726  0.999999  1.000000  0.000061  0.000134  -0.000061  1.000000  0.000009  -0.000134  -0.000009  1.000000  0.999996  0.001250  0.002621  -0.001251  0.999999  0.000157  -0.002620  -0.000160  0.999997  0.000099  0.011781  
120.940589 0.007566  0.100559  0.000643  0.985894  0.165382  0.025726  -0.165944  0.985901  0.021498  -0.021807  -0.025464  0.999438  0.003755  0.002805  0.001600  0.027356  -0.037831  0.434964  2.000000  0.999993  0.001575  0.003323  -0.001576  0.999999  0.000200  -0.003322  -0.000205  0.999994  0.999918  0.012736  0.001124  -0.012737  0.999919  0.000690  -0.001115  -0.000704  0.999999  1.000000  0.000067  0.000145  -0.000067  1.000000  0.000009  -0.000145  -0.000009  1.000000  0.999993  0.001575  0.003323  -0.001576  0.999999  0.000200  -0.003322  -0.000205  0.999994  0.000108  0.012805  
120.941591 0.007572  0.100564  0.000645  0.985757  0.166194  0.025743  -0.166756  0.985764  0.021477  -0.021807  -0.025464  0.999438  0.004026  0.003086  0.001736  0.026767  -0.038526  0.462684  2.000000  0.999991  0.001858  0.003925  -0.001858  0.999998  0.000239  -0.003924  -0.000246  0.999992  0.999907  0.013559  0.001147  -0.013560  0.999908  0.000793  -0.001136  -0.000809  0.999999  1.000000  0.000072  0.000154  -0.000072  1.000000  0.000010  -0.000154  -0.000010  1.000000  0.999991  0.001858  0.003925  -0.001858  0.999998  0.000239  -0.003924  -0.000246  0.999992  0.000115  0.013632  
120.942840 0.007578  0.100569  0.000648  0.985585  0.167206  0.025786  -0.167771  0.985590  0.021570  -0.021807  -0.025585  0.999435  0.004250  0.003279  0.001846  0.030104  -0.039418  0.497262  2.000000  0.999986  0.002238  0.004728  -0.002239  0.999997  0.000291  -0.004728  -0.000302  0.999989  0.999893  0.014588  0.001174  -0.014589  0.999893  0.000892  -0.001161  -0.000909  0.999999  1.000000  0.000079  0.000165  -0.000079  1.000000  0.000011  -0.000165  -0.000011  1.000000  0.999986  0.002238  0.004728  -0.002239  0.999997  0.000291  -0.004728  -0.000302  0.999989  0.000122  0.014663  
120.943842 0.007583  0.100572  0.000650  0.985478  0.167808  0.025951  -0.168379  0.985485  0.021651  -0.021941  -0.025706  0.999429  0.004422  0.003460  0.001974  0.033701  -0.044463  0.517881  2.000000  0.999982  0.002561  0.005411  -0.002563  0.999997  0.000334  -0.005410  -0.000348  0.999985  0.999884  0.015202  0.001324  -0.015203  0.999884  0.000876  -0.001310  -0.000896  0.999999  1.000000  0.000081  0.000173  -0.000081  1.000000  0.000011  -0.000173  -0.000011  1.000000  0.999982  0.002561  0.005411  -0.002563  0.999997  0.000334  -0.005410  -0.000348  0.999985  0.000128  0.015285  
120.945098 0.007590  0.100577  0.000654  0.985266  0.169021  0.026110  -0.169596  0.985277  0.021596  -0.022075  -0.025706  0.999426  0.004662  0.003631  0.002138  0.032758  -0.049978  0.559038  2.000000  0.999976  0.002982  0.006309  -0.002984  0.999995  0.000394  -0.006308  -0.000412  0.999980  0.999867  0.016227  0.001485  -0.016228  0.999868  0.000972  -0.001469  -0.000996  0.999998  1.000000  0.000085  0.000185  -0.000085  1.000000  0.000012  -0.000185  -0.000012  1.000000  0.999976  0.002982  0.006309  -0.002984  0.999995  0.000394  -0.006308  -0.000412  0.999980  0.000139  0.016325  
120.946106 0.007596  0.100581  0.000656  0.985124  0.169826  0.026280  -0.170406  0.985136  0.021671  -0.022209  -0.025827  0.999420  0.004813  0.003776  0.002211  0.036193  -0.055191  0.586486  2.000000  0.999971  0.003247  0.006874  -0.003250  0.999995  0.000424  -0.006873  -0.000446  0.999976  0.999860  0.016638  0.001496  -0.016639  0.999861  0.000839  -0.001481  -0.000864  0.999999  1.000000  0.000088  0.000189  -0.000088  1.000000  0.000011  -0.000189  -0.000011  1.000000  0.999971  0.003247  0.006874  -0.003250  0.999995  0.000424  -0.006873  -0.000446  0.999976  0.000146  0.016728  
120.947341 0.007602  0.100585  0.000659  0.984945  0.170837  0.026434  -0.171420  0.984961  0.021621  -0.022343  -0.025827  0.999417  0.004987  0.003831  0.002268  0.035419  -0.060578  0.621196  2.000000  0.999964  0.003597  0.007641  -0.003601  0.999993  0.000470  -0.007639  -0.000497  0.999971  0.999857  0.016840  0.001637  -0.016842  0.999858  0.000953  -0.001620  -0.000981  0.999998  1.000000  0.000088  0.000192  -0.000088  1.000000  0.000012  -0.000192  -0.000012  1.000000  0.999964  0.003597  0.007641  -0.003601  0.999993  0.000470  -0.007639  -0.000497  0.999971  0.000155  0.016948  
120.948598 0.007607  0.100588  0.000661  0.984797  0.171641  0.026715  -0.172230  0.984821  0.021553  -0.022610  -0.025827  0.999411  0.005049  0.003868  0.002320  0.034721  -0.070241  0.648427  2.000000  0.999955  0.004033  0.008593  -0.004038  0.999992  0.000527  -0.008591  -0.000561  0.999963  0.999860  0.016638  0.001498  -0.016639  0.999861  0.000956  -0.001481  -0.000981  0.999998  1.000000  0.000088  0.000189  -0.000088  1.000000  0.000012  -0.000189  -0.000012  1.000000  0.999955  0.004033  0.008593  -0.004038  0.999992  0.000527  -0.008591  -0.000561  0.999963  0.000162  0.016734  
120.949845 0.007612  0.100591  0.000663  0.984688  0.172246  0.026860  -0.172837  0.984715  0.021514  -0.022744  -0.025827  0.999408  0.005017  0.003820  0.002342  0.034230  -0.075269  0.669174  2.000000  0.999945  0.004464  0.009536  -0.004469  0.999990  0.000576  -0.009533  -0.000618  0.999954  0.999864  0.016432  0.001492  -0.016433  0.999865  0.000837  -0.001478  -0.000862  0.999999  1.000000  0.000087  0.000187  -0.000087  1.000000  0.000011  -0.000187  -0.000011  1.000000  0.999945  0.004464  0.009536  -0.004469  0.999990  0.000576  -0.009533  -0.000618  0.999954  0.000167  0.016522  
120.951094 0.007617  0.100595  0.000664  0.984581  0.172851  0.026894  -0.173446  0.984606  0.021617  -0.022744  -0.025948  0.999405  0.004987  0.003764  0.002305  0.037849  -0.075826  0.689860  2.000000  0.999933  0.004892  0.010483  -0.004899  0.999988  0.000627  -0.010480  -0.000678  0.999945  0.999860  0.016634  0.001633  -0.016636  0.999861  0.000951  -0.001617  -0.000978  0.999998  1.000000  0.000086  0.000190  -0.000086  1.000000  0.000012  -0.000190  -0.000012  1.000000  0.999933  0.004892  0.010483  -0.004899  0.999988  0.000627  -0.010480  -0.000678  0.999945  0.000174  0.016743  
120.952097 0.007620  0.100597  0.000666  0.984470  0.173455  0.027039  -0.174053  0.984500  0.021577  -0.022878  -0.025948  0.999401  0.004873  0.003668  0.002235  0.037344  -0.080835  0.710431  2.000000  0.999923  0.005222  0.011238  -0.005230  0.999986  0.000667  -0.011234  -0.000726  0.999937  0.999863  0.016422  0.001896  -0.016423  0.999865  0.000833  -0.001882  -0.000864  0.999998  1.000000  0.000082  0.000190  -0.000082  1.000000  0.000011  -0.000190  -0.000011  1.000000  0.999923  0.005222  0.011238  -0.005230  0.999986  0.000667  -0.011234  -0.000726  0.999937  0.000177  0.016553  
120.953345 0.007624  0.100601  0.000668  0.984360  0.174060  0.027184  -0.174661  0.984393  0.021537  -0.023011  -0.025948  0.999398  0.004687  0.003492  0.002021  0.036854  -0.085884  0.731340  2.000000  0.999910  0.005618  0.012179  -0.005627  0.999984  0.000715  -0.012175  -0.000784  0.999926  0.999870  0.016003  0.002152  -0.016005  0.999872  0.000840  -0.002139  -0.000875  0.999997  1.000000  0.000077  0.000187  -0.000077  1.000000  0.000011  -0.000187  -0.000011  1.000000  0.999910  0.005618  0.012179  -0.005627  0.999984  0.000715  -0.012175  -0.000784  0.999926  0.000183  0.016171  
120.954594 0.007627  0.100604  0.000669  0.984285  0.174458  0.027346  -0.175065  0.984319  0.021621  -0.023145  -0.026069  0.999392  0.004431  0.003325  0.001889  0.036602  -0.086145  0.738221  2.000000  0.999896  0.005985  0.013098  -0.005996  0.999982  0.000758  -0.013093  -0.000837  0.999914  0.999879  0.015379  0.002404  -0.015381  0.999881  0.000731  -0.002393  -0.000768  0.999997  1.000000  0.000070  0.000181  -0.000070  1.000000  0.000009  -0.000181  -0.000009  1.000000  0.999896  0.005985  0.013098  -0.005996  0.999982  0.000758  -0.013093  -0.000837  0.999914  0.000186  0.015585  
120.955838 0.007628  0.100606  0.000670  0.984210  0.174860  0.027486  -0.175470  0.984248  0.021587  -0.023279  -0.026069  0.999389  0.004067  0.003104  0.001752  0.036558  -0.089553  0.718356  2.000000  0.999885  0.006258  0.013807  -0.006270  0.999980  0.000795  -0.013802  -0.000881  0.999904  0.999888  0.014762  0.002390  -0.014763  0.999891  0.000744  -0.002379  -0.000779  0.999997  1.000000  0.000066  0.000175  -0.000066  1.000000  0.000010  -0.000175  -0.000010  1.000000  0.999885  0.006258  0.013807  -0.006270  0.999980  0.000795  -0.013802  -0.000881  0.999904  0.000181  0.014974  
120.956840 0.007629  0.100608  0.000670  0.984170  0.175063  0.027601  -0.175672  0.984215  0.021438  -0.023413  -0.025948  0.999389  0.003773  0.002936  0.001646  0.033310  -0.089564  0.696735  2.000000  0.999874  0.006515  0.014488  -0.006528  0.999978  0.000824  -0.014482  -0.000919  0.999895  0.999897  0.014145  0.002373  -0.014146  0.999900  0.000635  -0.002363  -0.000669  0.999997  1.000000  0.000063  0.000168  -0.000063  1.000000  0.000008  -0.000168  -0.000008  1.000000  0.999874  0.006515  0.014488  -0.006528  0.999978  0.000824  -0.014482  -0.000919  0.999895  0.000178  0.014357  
120.957842 0.007630  0.100610  0.000671  0.984131  0.175262  0.027737  -0.175874  0.984180  0.021409  -0.023546  -0.025947  0.999386  0.003421  0.002769  0.001511  0.029602  -0.089070  0.675892  2.000000  0.999863  0.006759  0.015137  -0.006773  0.999977  0.000847  -0.015131  -0.000949  0.999885  0.999906  0.013531  0.002223  -0.013532  0.999908  0.000527  -0.002216  -0.000557  0.999997  1.000000  0.000061  0.000160  -0.000061  1.000000  0.000007  -0.000160  -0.000007  1.000000  0.999863  0.006759  0.015137  -0.006773  0.999977  0.000847  -0.015131  -0.000949  0.999885  0.000172  0.013723  
120.959111 0.007629  0.100612  0.000672  0.984089  0.175458  0.028005  -0.176076  0.984145  0.021356  -0.023814  -0.025947  0.999380  0.002941  0.002565  0.001336  0.029780  -0.093214  0.661934  2.000000  0.999849  0.007036  0.015899  -0.007051  0.999975  0.000872  -0.015893  -0.000984  0.999873  0.999919  0.012502  0.002197  -0.012503  0.999922  0.000428  -0.002191  -0.000456  0.999997  1.000000  0.000054  0.000149  -0.000054  1.000000  0.000006  -0.000149  -0.000006  1.000000  0.999849  0.007036  0.015899  -0.007051  0.999975  0.000872  -0.015893  -0.000984  0.999873  0.000168  0.012702  
120.960349 0.007628  0.100613  0.000673  0.984049  0.175660  0.028120  -0.176278  0.984112  0.021207  -0.023948  -0.025826  0.999380  0.002364  0.002338  0.001208  0.025612  -0.096723  0.649723  2.000000  0.999838  0.007231  0.016467  -0.007246  0.999973  0.000883  -0.016460  -0.001002  0.999864  0.999932  0.011470  0.002302  -0.011471  0.999934  0.000209  -0.002300  -0.000235  0.999997  1.000000  0.000047  0.000139  -0.000047  1.000000  0.000003  -0.000139  -0.000003  1.000000  0.999838  0.007231  0.016467  -0.007246  0.999973  0.000883  -0.016460  -0.001002  0.999864  0.000166  0.011701  
120.961608 0.007625  0.100614  0.000673  0.984049  0.175664  0.028098  -0.176278  0.984115  0.021088  -0.023948  -0.025705  0.999383  0.001742  0.002096  0.001044  0.018527  -0.105580  0.619910  2.000000  0.999828  0.007399  0.017002  -0.007416  0.999972  0.000891  -0.016995  -0.001017  0.999855  0.999940  0.010644  0.002415  -0.010644  0.999943  0.000227  -0.002413  -0.000253  0.999997  1.000000  0.000040  0.000130  -0.000040  1.000000  0.000003  -0.000130  -0.000003  1.000000  0.999828  0.007399  0.017002  -0.007416  0.999972  0.000891  -0.016995  -0.001017  0.999855  0.000159  0.010917  
120.962855 0.007623  0.100614  0.000673  0.984046  0.175660  0.028230  -0.176277  0.984115  0.021064  -0.024081  -0.025705  0.999379  0.001132  0.001834  0.000891  0.015195  -0.109241  0.585247  2.000000  0.999818  0.007544  0.017503  -0.007561  0.999971  0.000887  -0.017496  -0.001020  0.999846  0.999949  0.009818  0.002527  -0.009818  0.999952  0.000003  -0.002527  -0.000028  0.999997  1.000000  0.000034  0.000122  -0.000034  1.000000  0.000000  -0.000122  -0.000000  1.000000  0.999818  0.007544  0.017503  -0.007561  0.999971  0.000887  -0.017496  -0.001020  0.999846  0.000151  0.010138  
120.964107 0.007620  0.100614  0.000673  0.984043  0.175661  0.028340  -0.176277  0.984118  0.020921  -0.024215  -0.025583  0.999379  0.000606  0.001628  0.000718  0.012022  -0.112636  0.543574  2.000000  0.999809  0.007665  0.017970  -0.007682  0.999970  0.000878  -0.017963  -0.001016  0.999838  0.999956  0.008991  0.002638  -0.008991  0.999960  -0.000220  -0.002640  0.000197  0.999996  1.000000  0.000028  0.000114  -0.000028  1.000000  -0.000003  -0.000114  0.000003  1.000000  0.999809  0.007665  0.017970  -0.007682  0.999970  0.000878  -0.017963  -0.001016  0.999838  0.000141  0.009373  
120.965345 0.007616  0.100614  0.000672  0.984040  0.175661  0.028451  -0.176276  0.984121  0.020779  -0.024349  -0.025462  0.999379  0.000089  0.001401  0.000556  0.004555  -0.110899  0.505073  2.000000  0.999801  0.007762  0.018404  -0.007779  0.999969  0.000863  -0.018396  -0.001006  0.999830  0.999963  0.008165  0.002750  -0.008165  0.999967  -0.000323  -0.002753  0.000300  0.999996  1.000000  0.000021  0.000106  -0.000021  1.000000  -0.000004  -0.000106  0.000004  1.000000  0.999801  0.007762  0.018404  -0.007779  0.999969  0.000863  -0.018396  -0.001006  0.999830  0.000130  0.008622  
120.966346 0.007613  0.100614  0.000671  0.984036  0.175657  0.028582  -0.176275  0.984122  0.020755  -0.024483  -0.025462  0.999376  -0.000378  0.001179  0.000394  0.001244  -0.110976  0.474676  2.000000  0.999792  0.007846  0.018809  -0.007863  0.999969  0.000840  -0.018802  -0.000988  0.999823  0.999968  0.007552  0.002601  -0.007550  0.999971  -0.000429  -0.002604  0.000409  0.999997  1.000000  0.000019  0.000098  -0.000019  1.000000  -0.000005  -0.000098  0.000005  1.000000  0.999792  0.007846  0.018809  -0.007863  0.999969  0.000840  -0.018802  -0.000988  0.999823  0.000124  0.007998  
120.967590 0.007610  0.100613  0.000670  0.984033  0.175657  0.028693  -0.176275  0.984125  0.020612  -0.024616  -0.025341  0.999376  -0.000780  0.000946  0.000227  -0.006042  -0.105429  0.433288  2.000000  0.999783  0.007914  0.019252  -0.007931  0.999968  0.000807  -0.019245  -0.000960  0.999814  0.999978  0.006112  0.002564  -0.006110  0.999981  -0.000516  -0.002567  0.000501  0.999997  1.000000  0.000010  0.000082  -0.000010  1.000000  -0.000006  -0.000082  0.000006  1.000000  0.999783  0.007914  0.019252  -0.007931  0.999968  0.000807  -0.019245  -0.000960  0.999814  0.000114  0.006647  
120.968592 0.007608  0.100612  0.000668  0.984030  0.175658  0.028803  -0.176274  0.984128  0.020469  -0.024750  -0.025219  0.999376  -0.001194  0.000665  0.000004  -0.009344  -0.109042  0.398662  2.000000  0.999777  0.007943  0.019549  -0.007960  0.999968  0.000774  -0.019543  -0.000929  0.999809  0.999984  0.005083  0.002538  -0.005081  0.999987  -0.000613  -0.002541  0.000600  0.999997  1.000000  0.000004  0.000071  -0.000004  1.000000  -0.000008  -0.000071  0.000008  1.000000  0.999777  0.007943  0.019549  -0.007960  0.999968  0.000774  -0.019543  -0.000929  0.999809  0.000107  0.005713  
120.969593 0.007605  0.100611  0.000666  0.984027  0.175654  0.028935  -0.176274  0.984129  0.020445  -0.024884  -0.025219  0.999372  -0.001483  0.000453  -0.000156  -0.012855  -0.112088  0.374617  2.000000  0.999777  0.007943  0.019549  -0.007960  0.999968  0.000774  -0.019543  -0.000929  0.999809  0.999987  0.004469  0.002388  -0.004467  0.999990  -0.000719  -0.002391  0.000708  0.999997  1.000000  0.000000  0.000000  0.000000  1.000000  0.000000  0.000000  0.000000  1.000000  0.999777  0.007943  0.019549  -0.007960  0.999968  0.000774  -0.019543  -0.000929  0.999809  0.000099  0.000000  
120.970842 0.007601  0.100609  0.000664  0.984023  0.175654  0.029045  -0.176273  0.984132  0.020303  -0.025018  -0.025098  0.999372  -0.001849  0.000148  -0.000375  -0.020169  -0.116467  0.336127  2.000000  0.999777  0.007943  0.019549  -0.007960  0.999968  0.000774  -0.019543  -0.000929  0.999809  0.999990  0.003852  0.002372  -0.003850  0.999992  -0.000825  -0.002375  0.000816  0.999997  1.000000  0.000000  0.000000  0.000000  1.000000  0.000000  0.000000  0.000000  1.000000  0.999777  0.007943  0.019549  -0.007960  0.999968  0.000774  -0.019543  -0.000929  0.999809  0.000091  0.000000  
120.972087 0.007598  0.100609  0.000663  0.984060  0.175452  0.029041  -0.176070  0.984168  0.020309  -0.025018  -0.025098  0.999372  -0.002090  -0.000047  -0.000497  -0.023248  -0.114683  0.299122  2.000000  0.999777  0.007943  0.019549  -0.007960  0.999968  0.000774  -0.019543  -0.000929  0.999809  0.999993  0.003029  0.002351  -0.003027  0.999995  -0.000805  -0.002354  0.000798  0.999997  1.000000  0.000000  0.000000  0.000000  1.000000  0.000000  0.000000  0.000000  1.000000  0.999777  0.007943  0.019549  -0.007960  0.999968  0.000774  -0.019543  -0.000929  0.999809  0.000082  0.000000  
120.973089 0.007596  0.100608  0.000663  0.984060  0.175455  0.029019  -0.176070  0.984171  0.020189  -0.025018  -0.024977  0.999375  -0.002217  -0.000165  -0.000550  -0.026645  -0.113955  0.271653  2.000000  0.999777  0.007943  0.019549  -0.007960  0.999968  0.000774  -0.019543  -0.000929  0.999809  0.999995  0.002416  0.002202  -0.002413  0.999997  -0.001032  -0.002204  0.001027  0.999997  1.000000  0.000000  0.000000  0.000000  1.000000  0.000000  0.000000  0.000000  1.000000  0.999777  0.007943  0.019549  -0.007960  0.999968  0.000774  -0.019543  -0.000929  0.999809  0.000075  0.000000  
120.974089 0.007594  0.100607  0.000662  0.984056  0.175456  0.029130  -0.176070  0.984174  0.020046  -0.025151  -0.024855  0.999375  -0.002363  -0.000316  -0.000658  -0.034284  -0.113432  0.251069  2.000000  0.999777  0.007943  0.019549  -0.007960  0.999968  0.000774  -0.019543  -0.000929  0.999809  0.999995  0.002001  0.002325  -0.001998  0.999997  -0.001022  -0.002327  0.001017  0.999997  1.000000  0.000000  0.000000  0.000000  1.000000  0.000000  0.000000  0.000000  1.000000  0.999777  0.007943  0.019549  -0.007960  0.999968  0.000774  -0.019543  -0.000929  0.999809  0.000071  0.000000  
120.975339 0.007591  0.100606  0.000660  0.984053  0.175452  0.029261  -0.176069  0.984174  0.020023  -0.025285  -0.024855  0.999371  -0.002427  -0.000467  -0.000827  -0.033471  -0.113202  0.204838  2.000000  0.999777  0.007943  0.019549  -0.007960  0.999968  0.000774  -0.019543  -0.000929  0.999809  0.999996  0.001384  0.002310  -0.001381  0.999998  -0.001128  -0.002311  0.001125  0.999997  1.000000  0.000000  0.000000  0.000000  1.000000  0.000000  0.000000  0.000000  1.000000  0.999777  0.007943  0.019549  -0.007960  0.999968  0.000774  -0.019543  -0.000929  0.999809  0.000062  0.000000  
120.976587 0.007589  0.100605  0.000659  0.984050  0.175453  0.029372  -0.176069  0.984177  0.019880  -0.025419  -0.024734  0.999371  -0.002408  -0.000604  -0.000965  -0.040679  -0.107132  0.175844  2.000000  0.999777  0.007943  0.019549  -0.007960  0.999968  0.000774  -0.019543  -0.000929  0.999809  0.999997  0.000767  0.002294  -0.000764  0.999999  -0.001355  -0.002295  0.001353  0.999996  1.000000  0.000000  0.000000  0.000000  1.000000  0.000000  0.000000  0.000000  1.000000  0.999777  0.007943  0.019549  -0.007960  0.999968  0.000774  -0.019543  -0.000929  0.999809  0.000053  0.000000  
120.977590 0.007588  0.100605  0.000657  0.984046  0.175453  0.029482  -0.176068  0.984180  0.019737  -0.025553  -0.024613  0.999370  -0.002338  -0.000658  -0.001070  0.000000  0.000000  0.000000  2.000000  0.999777  0.007943  0.019549  -0.007960  0.999968  0.000774  -0.019543  -0.000929  0.999809  0.999997  0.000561  0.002289  -0.000558  0.999999  -0.001229  -0.002290  0.001227  0.999997  1.000000  0.000000  0.000000  0.000000  1.000000  0.000000  0.000000  0.000000  1.000000  0.999777  0.007943  0.019549  -0.007960  0.999968  0.000774  -0.019543  -0.000929  0.999809  0.000000  0.000000  
120.978591 0.007588  0.100605  0.000657  0.984043  0.175450  0.029614  -0.176067  0.984181  0.019713  -0.025687  -0.024613  0.999367  -0.002187  -0.000641  -0.001070  0.000000  0.000000  0.000000  2.000000  0.999777  0.007943  0.019549  -0.007960  0.999968  0.000774  -0.019543  -0.000929  0.999809  0.999998  0.000359  0.002150  -0.000356  0.999999  -0.001345  -0.002151  0.001344  0.999997  1.000000  0.000000  0.000000  0.000000  1.000000  0.000000  0.000000  0.000000  1.000000  0.999777  0.007943  0.019549  -0.007960  0.999968  0.000774  -0.019543  -0.000929  0.999809  0.000000  0.000000  
120.979603 0.007588  0.100605  0.000656  0.984043  0.175453  0.029592  -0.176067  0.984183  0.019594  -0.025687  -0.024491  0.999370  -0.002008  -0.000649  -0.001075  0.000000  0.000000  0.000000  2.000000  0.999777  0.007943  0.019549  -0.007960  0.999968  0.000774  -0.019543  -0.000929  0.999809  0.999998  0.000157  0.002011  -0.000154  0.999999  -0.001461  -0.002012  0.001460  0.999997  1.000000  0.000000  0.000000  0.000000  1.000000  0.000000  0.000000  0.000000  1.000000  0.999777  0.007943  0.019549  -0.007960  0.999968  0.000774  -0.019543  -0.000929  0.999809  0.000000  0.000000  
120.980852 0.007589  0.100606  0.000656  0.984040  0.175450  0.029724  -0.176067  0.984184  0.019570  -0.025820  -0.024491  0.999367  -0.001703  -0.000536  -0.001042  0.000000  0.000000  0.000000  2.000000  0.999777  0.007943  0.019549  -0.007960  0.999968  0.000774  -0.019543  -0.000929  0.999809  0.999998  -0.000049  0.002006  0.000052  0.999999  -0.001456  -0.002006  0.001456  0.999997  1.000000  0.000000  0.000000  0.000000  1.000000  0.000000  0.000000  0.000000  1.000000  0.999777  0.007943  0.019549  -0.007960  0.999968  0.000774  -0.019543  -0.000929  0.999809  0.000000  0.000000  
120.982094 0.007591  0.100607  0.000656  0.984040  0.175454  0.029703  -0.176067  0.984186  0.019451  -0.025820  -0.024370  0.999370  -0.001368  -0.000434  -0.000935  0.000000  0.000000  0.000000  2.000000  0.999777  0.007943  0.019549  -0.007960  0.999968  0.000774  -0.019543  -0.000929  0.999809  0.999998  -0.000251  0.001868  0.000254  0.999999  -0.001450  -0.001867  0.001451  0.999997  1.000000  0.000000  0.000000  0.000000  1.000000  0.000000  0.000000  0.000000  1.000000  0.999777  0.007943  0.019549  -0.007960  0.999968  0.000774  -0.019543  -0.000929  0.999809  0.000000  0.000000  
120.983096 0.007593  0.100608  0.000656  0.984003  0.175656  0.029707  -0.176269  0.984150  0.019445  -0.025820  -0.024370  0.999370  -0.001047  -0.000287  -0.000847  0.000000  0.000000  0.000000  2.000000  0.999777  0.007943  0.019549  -0.007960  0.999968  0.000774  -0.019543  -0.000929  0.999809  0.999998  -0.000042  0.001739  0.000045  0.999999  -0.001334  -0.001739  0.001334  0.999998  1.000000  0.000000  0.000000  0.000000  1.000000  0.000000  0.000000  0.000000  1.000000  0.999777  0.007943  0.019549  -0.007960  0.999968  0.000774  -0.019543  -0.000929  0.999809  0.000000  0.000000  
120.984343 0.007595  0.100609  0.000656  0.984000  0.175653  0.029838  -0.176269  0.984150  0.019421  -0.025954  -0.024370  0.999366  -0.000644  -0.000146  -0.000686  0.000000  0.000000  0.000000  2.000000  0.999777  0.007943  0.019549  -0.007960  0.999968  0.000774  -0.019543  -0.000929  0.999809  0.999998  -0.000042  0.001739  0.000045  0.999999  -0.001213  -0.001739  0.001213  0.999998  1.000000  0.000000  0.000000  0.000000  1.000000  0.000000  0.000000  0.000000  1.000000  0.999777  0.007943  0.019549  -0.007960  0.999968  0.000774  -0.019543  -0.000929  0.999809  0.000000  0.000000  
120.985592 0.007598  0.100609  0.000657  0.983964  0.175856  0.029842  -0.176471  0.984114  0.019415  -0.025954  -0.024370  0.999366  -0.000240  -0.000003  -0.000524  0.000000  0.000000  0.000000  2.000000  0.999777  0.007943  0.019549  -0.007960  0.999968  0.000774  -0.019543  -0.000929  0.999809  0.999999  0.000167  0.001610  -0.000165  0.999999  -0.001097  -0.001610  0.001097  0.999998  1.000000  0.000000  0.000000  0.000000  1.000000  0.000000  0.000000  0.000000  1.000000  0.999777  0.007943  0.019549  -0.007960  0.999968  0.000774  -0.019543  -0.000929  0.999809  0.000000  0.000000  
120.986623 0.007601  0.100611  0.000657  0.983960  0.175856  0.029953  -0.176471  0.984117  0.019272  -0.026088  -0.024249  0.999366  0.000139  0.000127  -0.000425  0.000000  0.000000  0.000000  2.000000  0.999777  0.007943  0.019549  -0.007960  0.999968  0.000774  -0.019543  -0.000929  0.999809  0.999998  0.000164  0.001744  -0.000161  0.999999  -0.001218  -0.001744  0.001218  0.999998  1.000000  0.000000  0.000000  0.000000  1.000000  0.000000  0.000000  0.000000  1.000000  0.999777  0.007943  0.019549  -0.007960  0.999968  0.000774  -0.019543  -0.000929  0.999809  0.000000  0.000000  
120.987837 0.007605  0.100612  0.000658  0.983920  0.176055  0.030088  -0.176673  0.984082  0.019242  -0.026222  -0.024249  0.999362  0.000560  0.000259  -0.000323  0.000000  0.000000  0.000000  2.000000  0.999777  0.007943  0.019549  -0.007960  0.999968  0.000774  -0.019543  -0.000929  0.999809  0.999998  0.000369  0.001749  -0.000367  0.999999  -0.001102  -0.001749  0.001102  0.999998  1.000000  0.000000  0.000000  0.000000  1.000000  0.000000  0.000000  0.000000  1.000000  0.999777  0.007943  0.019549  -0.007960  0.999968  0.000774  -0.019543  -0.000929  0.999809  0.000000  0.000000  
120.988840 0.007608  0.100613  0.000658  0.983880  0.176255  0.030224  -0.176875  0.984046  0.019212  -0.026355  -0.024249  0.999358  0.000949  0.000394  -0.000231  0.000000  0.000000  0.000000  2.000000  0.999777  0.007943  0.019549  -0.007960  0.999968  0.000774  -0.019543  -0.000929  0.999809  0.999999  0.000373  0.001615  -0.000371  0.999999  -0.001102  -0.001616  0.001102  0.999998  1.000000  0.000000  0.000000  0.000000  1.000000  0.000000  0.000000  0.000000  1.000000  0.999777  0.007943  0.019549  -0.007960  0.999968  0.000774  -0.019543  -0.000929  0.999809  0.000000  0.000000  
120.989842 0.007611  0.100614  0.000660  0.983880  0.176251  0.030245  -0.176875  0.984044  0.019332  -0.026355  -0.024370  0.999356  0.001293  0.000552  -0.000080  0.000000  0.000000  0.000000  2.000000  0.999777  0.007943  0.019549  -0.007960  0.999968  0.000774  -0.019543  -0.000929  0.999809  0.999999  0.000578  0.001620  -0.000577  0.999999  -0.000987  -0.001621  0.000986  0.999998  1.000000  0.000000  0.000000  0.000000  1.000000  0.000000  0.000000  0.000000  1.000000  0.999777  0.007943  0.019549  -0.007960  0.999968  0.000774  -0.019543  -0.000929  0.999809  0.000000  0.000000  
120.991092 0.007614  0.100616  0.000661  0.983844  0.176454  0.030249  -0.177077  0.984007  0.019326  -0.026355  -0.024370  0.999356  0.001674  0.000718  0.000104  0.000000  0.000000  0.000000  2.000000  0.999777  0.007943  0.019549  -0.007960  0.999968  0.000774  -0.019543  -0.000929  0.999809  0.999999  0.000787  0.001491  -0.000786  0.999999  -0.000749  -0.001492  0.000748  0.999999  1.000000  0.000000  0.000000  0.000000  1.000000  0.000000  0.000000  0.000000  1.000000  0.999777  0.007943  0.019549  -0.007960  0.999968  0.000774  -0.019543  -0.000929  0.999809  0.000000  0.000000  
120.992342 0.007618  0.100619  0.000662  0.983808  0.176656  0.030253  -0.177280  0.983971  0.019319  -0.026355  -0.024370  0.999356  0.002004  0.000957  0.000319  0.000000  0.000000  0.000000  2.000000  0.999777  0.007943  0.019549  -0.007960  0.999968  0.000774  -0.019543  -0.000929  0.999809  0.999999  0.000996  0.001363  -0.000995  0.999999  -0.000755  -0.001363  0.000754  0.999999  1.000000  0.000000  0.000000  0.000000  1.000000  0.000000  0.000000  0.000000  1.000000  0.999777  0.007943  0.019549  -0.007960  0.999968  0.000774  -0.019543  -0.000929  0.999809  0.000000  0.000000  
120.993588 0.007622  0.100622  0.000664  0.983804  0.176653  0.030385  -0.177279  0.983971  0.019296  -0.026489  -0.024370  0.999352  0.002263  0.001186  0.000453  0.000000  0.000000  0.000000  2.000000  0.999777  0.007943  0.019549  -0.007960  0.999968  0.000774  -0.019543  -0.000929  0.999809  0.999998  0.001199  0.001501  -0.001198  0.999999  -0.000639  -0.001502  0.000637  0.999999  1.000000  0.000000  0.000000  0.000000  1.000000  0.000000  0.000000  0.000000  1.000000  0.999777  0.007943  0.019549  -0.007960  0.999968  0.000774  -0.019543  -0.000929  0.999809  0.000000  0.000000  
120.994849 0.007625  0.100626  0.000666  0.983768  0.176852  0.030410  -0.177482  0.983933  0.019409  -0.026489  -0.024491  0.999349  0.002507  0.001457  0.000698  0.000000  0.000000  0.000000  2.000000  0.999777  0.007943  0.019549  -0.007960  0.999968  0.000774  -0.019543  -0.000929  0.999809  0.999998  0.001407  0.001373  -0.001407  0.999999  -0.000402  -0.001373  0.000400  0.999999  1.000000  0.000000  0.000000  0.000000  1.000000  0.000000  0.000000  0.000000  1.000000  0.999777  0.007943  0.019549  -0.007960  0.999968  0.000774  -0.019543  -0.000929  0.999809  0.000000  0.000000  
120.995853 0.007629  0.100630  0.000669  0.983727  0.177051  0.030546  -0.177684  0.983897  0.019379  -0.026623  -0.024491  0.999345  0.002702  0.001651  0.000892  0.000000  0.000000  0.000000  2.000000  0.999777  0.007943  0.019549  -0.007960  0.999968  0.000774  -0.019543  -0.000929  0.999809  0.999998  0.001610  0.001512  -0.001609  0.999999  -0.000408  -0.001512  0.000405  0.999999  1.000000  0.000000  0.000000  0.000000  1.000000  0.000000  0.000000  0.000000  1.000000  0.999777  0.007943  0.019549  -0.007960  0.999968  0.000774  -0.019543  -0.000929  0.999809  0.000000  0.000000  
120.997102 0.007633  0.100635  0.000673  0.983691  0.177254  0.030550  -0.177886  0.983860  0.019372  -0.026623  -0.024491  0.999345  0.002814  0.001869  0.001139  0.000000  0.000000  0.000000  2.000000  0.999777  0.007943  0.019549  -0.007960  0.999968  0.000774  -0.019543  -0.000929  0.999809  0.999997  0.001819  0.001383  -0.001819  0.999998  -0.000292  -0.001383  0.000289  0.999999  1.000000  0.000000  0.000000  0.000000  1.000000  0.000000  0.000000  0.000000  1.000000  0.999777  0.007943  0.019549  -0.007960  0.999968  0.000774  -0.019543  -0.000929  0.999809  0.000000  0.000000  
120.998344 0.007637  0.100640  0.000676  0.983651  0.177453  0.030685  -0.178088  0.983824  0.019342  -0.026757  -0.024491  0.999342  0.002902  0.002154  0.001356  0.000000  0.000000  0.000000  2.000000  0.999777  0.007943  0.019549  -0.007960  0.999968  0.000774  -0.019543  -0.000929  0.999809  0.999998  0.001822  0.001249  -0.001822  0.999998  -0.000292  -0.001250  0.000290  0.999999  1.000000  0.000000  0.000000  0.000000  1.000000  0.000000  0.000000  0.000000  1.000000  0.999777  0.007943  0.019549  -0.007960  0.999968  0.000774  -0.019543  -0.000929  0.999809  0.000000  0.000000  
