1-Time 2-Px 3-Py 4-Pz 5-R11 6-R21 7-R31 8-R12 9-R22 10-R32 11-R13 12-R23 13-R33 14-Vx 15-Vy 16-Vz 17-Wx 18-Wy 19-Wz 20-state 21-PR11 22-PR21 23-PR31 24-PR12 25-PR22 26-PR32 27-PR13 28-PR23 29-PR33 
64.570669 0.011548  0.097511  -0.001612  0.996416  0.070016  -0.047467  0.044955  0.037029  0.998303  0.071655  -0.996858  0.033748  0.000002  -0.000018  -0.000137  0.000000  0.000000  0.000000  2.000000  1.000000  0.000000  0.000000  0.000000  -0.000000  1.000000  0.000000  -1.000000  -0.000000  0.999996  0.000090  0.002668  -0.000090  1.000000  0.000070  -0.002668  -0.000071  0.999996  1.000000  0.000000  0.000000  0.000000  1.000000  0.000000  0.000000  0.000000  1.000000  0.696639  0.478599  0.534450  -0.593844  -0.033314  0.803890  0.402546  -0.877401  0.261005  0.000000  0.000000  
64.571672 0.011548  0.097511  -0.001612  0.996416  0.070157  -0.047266  0.044749  0.037020  0.998312  0.071788  -0.996849  0.033748  0.000016  -0.000022  -0.000172  0.000000  0.000000  0.000000  2.000000  1.000000  0.000000  0.000000  0.000000  -0.000000  1.000000  0.000000  -1.000000  -0.000000  0.999996  0.000097  0.002873  -0.000097  1.000000  0.000085  -0.002873  -0.000085  0.999996  1.000000  0.000000  0.000000  0.000000  1.000000  0.000000  0.000000  0.000000  1.000000  1.000000  0.000000  0.000000  0.000000  -0.000000  1.000000  0.000000  -1.000000  -0.000000  0.000000  0.000000  
64.572672 0.011550  0.097511  -0.001613  0.996434  0.070172  -0.046855  0.044339  0.036991  0.998331  0.071788  -0.996849  0.033748  0.000090  0.000036  -0.000161  0.000000  0.000000  0.000000  2.000000  1.000000  0.000000  0.000000  0.000000  -0.000000  1.000000  0.000000  -1.000000  -0.000000  0.999995  0.000238  0.003074  -0.000238  1.000000  0.000100  -0.003074  -0.000101  0.999995  1.000000  0.000000  0.000000  0.000000  1.000000  0.000000  0.000000  0.000000  1.000000  1.000000  0.000000  0.000000  0.000000  -0.000000  1.000000  0.000000  -1.000000  -0.000000  0.000000  0.000000  
64.573683 0.011553  0.097512  -0.001613  0.996442  0.070320  -0.046448  0.043928  0.036968  0.998350  0.071922  -0.996839  0.033748  0.000295  0.000069  -0.000174  0.000000  0.000000  0.000000  2.000000  1.000000  0.000000  0.000000  0.000000  -0.000000  1.000000  0.000000  -1.000000  -0.000000  0.999994  0.000385  0.003480  -0.000386  1.000000  0.000129  -0.003480  -0.000131  0.999994  1.000000  0.000000  0.000000  0.000000  1.000000  0.000000  0.000000  0.000000  1.000000  1.000000  0.000000  0.000000  0.000000  -0.000000  1.000000  0.000000  -1.000000  -0.000000  0.000000  0.000000  
64.574927 0.011556  0.097512  -0.001614  0.996469  0.070484  -0.045630  0.043107  0.036916  0.998388  0.072055  -0.996830  0.033747  0.000527  0.000094  -0.000257  0.009344  -0.185713  0.019770  2.000000  1.000000  0.000000  0.000000  0.000000  -0.000000  1.000000  0.000000  -1.000000  -0.000000  0.999992  0.000399  0.003890  -0.000400  1.000000  0.000280  -0.003890  -0.000282  0.999992  1.000000  0.000000  0.000000  0.000000  1.000000  0.000000  0.000000  0.000000  1.000000  1.000000  0.000000  0.000000  0.000000  -0.000000  1.000000  0.000000  -1.000000  -0.000000  0.000045  0.000000  
64.575928 0.011560  0.097512  -0.001615  0.996486  0.070499  -0.045219  0.042697  0.036887  0.998407  0.072055  -0.996830  0.033747  0.000745  0.000123  -0.000305  0.009842  -0.192622  0.020004  2.000000  1.000000  0.000000  0.000000  0.000000  -0.000000  1.000000  0.000000  -1.000000  -0.000000  0.999990  0.000553  0.004501  -0.000555  1.000000  0.000324  -0.004501  -0.000327  0.999990  1.000000  0.000000  0.000000  0.000000  1.000000  0.000000  0.000000  0.000000  1.000000  1.000000  0.000000  0.000000  0.000000  -0.000000  1.000000  0.000000  -1.000000  -0.000000  0.000048  0.000000  
64.576929 0.011564  0.097513  -0.001616  0.996513  0.070522  -0.044603  0.042081  0.036844  0.998435  0.072055  -0.996830  0.033747  0.001061  0.000181  -0.000365  0.010835  -0.206403  0.020469  2.000000  1.000000  0.000000  0.000000  0.000000  -0.000000  1.000000  0.000000  -1.000000  -0.000000  0.999989  0.000560  0.004707  -0.000562  1.000000  0.000339  -0.004706  -0.000342  0.999989  1.000000  0.000000  0.000000  0.000000  1.000000  0.000000  0.000000  0.000000  1.000000  1.000000  0.000000  0.000000  0.000000  -0.000000  1.000000  0.000000  -1.000000  -0.000000  0.000052  0.000000  
64.578178 0.011570  0.097513  -0.001617  0.996529  0.070678  -0.043991  0.041466  0.036806  0.998462  0.072188  -0.996820  0.033747  0.001449  0.000191  -0.000404  0.012341  -0.226926  0.025660  2.000000  1.000000  0.000027  0.000192  -0.000192  -0.000014  1.000000  0.000027  -1.000000  -0.000014  0.999987  0.000708  0.005113  -0.000710  1.000000  0.000368  -0.005112  -0.000372  0.999987  1.000000  0.000009  0.000064  -0.000009  1.000000  0.000005  -0.000064  -0.000005  1.000000  1.000000  0.000027  0.000192  -0.000192  -0.000014  1.000000  0.000027  -1.000000  -0.000014  0.000055  0.005175  
64.579179 0.011575  0.097514  -0.001618  0.996526  0.070960  -0.043588  0.041054  0.036787  0.998479  0.072455  -0.996801  0.033746  0.001788  0.000220  -0.000487  0.012869  -0.233489  0.034875  2.000000  1.000000  0.000068  0.000465  -0.000465  -0.000034  1.000000  0.000068  -1.000000  -0.000034  0.999983  0.000862  0.005724  -0.000864  1.000000  0.000412  -0.005723  -0.000417  0.999984  1.000000  0.000011  0.000072  -0.000011  1.000000  0.000005  -0.000072  -0.000005  1.000000  1.000000  0.000068  0.000465  -0.000465  -0.000034  1.000000  0.000068  -1.000000  -0.000034  0.000059  0.005803  
64.580428 0.011580  0.097513  -0.001620  0.996540  0.071251  -0.042784  0.040233  0.036861  0.998510  0.072722  -0.996777  0.033867  0.002174  0.000191  -0.000617  0.010324  -0.253889  0.044578  2.000000  1.000000  0.000134  0.000833  -0.000833  -0.000057  1.000000  0.000134  -1.000000  -0.000057  0.999981  0.001144  0.006125  -0.001146  0.999999  0.000321  -0.006125  -0.000328  0.999981  1.000000  0.000014  0.000077  -0.000014  1.000000  0.000004  -0.000077  -0.000004  1.000000  1.000000  0.000134  0.000833  -0.000833  -0.000057  1.000000  0.000134  -1.000000  -0.000057  0.000063  0.006239  
64.581679 0.011586  0.097514  -0.001622  0.996563  0.071415  -0.041966  0.039412  0.036807  0.998545  0.072856  -0.996767  0.033866  0.002557  0.000247  -0.000713  0.011840  -0.274410  0.049769  2.000000  0.999999  0.000218  0.001238  -0.001238  -0.000079  0.999999  0.000218  -1.000000  -0.000079  0.999976  0.001432  0.006731  -0.001434  0.999999  0.000365  -0.006731  -0.000374  0.999977  1.000000  0.000018  0.000084  -0.000018  1.000000  0.000005  -0.000084  -0.000005  1.000000  0.999999  0.000218  0.001238  -0.001238  -0.000079  0.999999  0.000218  -1.000000  -0.000079  0.000070  0.006892  
64.582924 0.011592  0.097515  -0.001624  0.996568  0.071704  -0.041358  0.038796  0.036774  0.998570  0.073123  -0.996748  0.033866  0.002932  0.000328  -0.000819  0.013382  -0.294848  0.059467  2.000000  0.999999  0.000316  0.001682  -0.001682  -0.000104  0.999999  0.000316  -1.000000  -0.000104  0.999972  0.001720  0.007338  -0.001723  0.999998  0.000409  -0.007337  -0.000422  0.999973  1.000000  0.000022  0.000092  -0.000022  1.000000  0.000005  -0.000092  -0.000005  1.000000  0.999999  0.000316  0.001682  -0.001682  -0.000104  0.999999  0.000316  -1.000000  -0.000104  0.000075  0.007548  
64.584176 0.011597  0.097517  -0.001627  0.996580  0.071996  -0.040554  0.037974  0.036846  0.998599  0.073389  -0.996724  0.033986  0.003324  0.000426  -0.001006  0.014928  -0.315259  0.069201  2.000000  0.999998  0.000429  0.002158  -0.002158  -0.000129  0.999998  0.000430  -1.000000  -0.000128  0.999968  0.001868  0.007744  -0.001871  0.999998  0.000317  -0.007743  -0.000331  0.999970  1.000000  0.000023  0.000097  -0.000023  1.000000  0.000004  -0.000097  -0.000004  1.000000  0.999998  0.000429  0.002158  -0.002158  -0.000129  0.999998  0.000430  -1.000000  -0.000128  0.000079  0.007973  
64.585422 0.011603  0.097519  -0.001630  0.996601  0.072160  -0.039736  0.037153  0.036792  0.998632  0.073523  -0.996714  0.033986  0.003722  0.000545  -0.001240  0.016457  -0.335816  0.074402  2.000000  0.999996  0.000559  0.002672  -0.002672  -0.000152  0.999996  0.000559  -1.000000  -0.000150  0.999963  0.002156  0.008350  -0.002159  0.999998  0.000361  -0.008349  -0.000379  0.999965  1.000000  0.000027  0.000104  -0.000027  1.000000  0.000005  -0.000104  -0.000005  1.000000  0.999996  0.000559  0.002672  -0.002672  -0.000152  0.999996  0.000559  -1.000000  -0.000150  0.000084  0.008632  
64.586432 0.011608  0.097521  -0.001633  0.996604  0.072444  -0.039137  0.036537  0.036878  0.998652  0.073790  -0.996690  0.034106  0.004043  0.000728  -0.001356  0.013428  -0.349183  0.083854  2.000000  0.999995  0.000646  0.003006  -0.003006  -0.000164  0.999995  0.000646  -1.000000  -0.000162  0.999955  0.002452  0.009162  -0.002455  0.999997  0.000299  -0.009161  -0.000321  0.999958  1.000000  0.000031  0.000115  -0.000031  1.000000  0.000004  -0.000115  -0.000004  1.000000  0.999995  0.000646  0.003006  -0.003006  -0.000164  0.999995  0.000646  -1.000000  -0.000162  0.000090  0.009489  
64.587672 0.011615  0.097525  -0.001636  0.996614  0.072736  -0.038333  0.035716  0.036949  0.998679  0.074057  -0.996667  0.034226  0.004327  0.000911  -0.001563  0.010915  -0.369668  0.093595  2.000000  0.999993  0.000805  0.003596  -0.003596  -0.000181  0.999994  0.000805  -1.000000  -0.000178  0.999949  0.002608  0.009773  -0.002610  0.999997  0.000221  -0.009772  -0.000247  0.999952  1.000000  0.000033  0.000122  -0.000033  1.000000  0.000003  -0.000122  -0.000003  1.000000  0.999993  0.000805  0.003596  -0.003596  -0.000181  0.999994  0.000805  -1.000000  -0.000178  0.000097  0.010117  
64.588673 0.011620  0.097528  -0.001639  0.996626  0.072888  -0.037729  0.035100  0.037030  0.998698  0.074190  -0.996652  0.034347  0.004494  0.001107  -0.001723  0.008378  -0.390232  0.098827  2.000000  0.999991  0.000945  0.004095  -0.004095  -0.000190  0.999992  0.000946  -1.000000  -0.000186  0.999944  0.002890  0.010173  -0.002892  0.999996  0.000129  -0.010173  -0.000159  0.999948  1.000000  0.000036  0.000127  -0.000036  1.000000  0.000002  -0.000127  -0.000002  1.000000  0.999991  0.000945  0.004095  -0.004095  -0.000190  0.999992  0.000946  -1.000000  -0.000186  0.000101  0.010577  
64.589673 0.011626  0.097532  -0.001641  0.996628  0.073173  -0.037131  0.034483  0.037115  0.998716  0.074457  -0.996628  0.034467  0.004694  0.001308  -0.001847  0.005363  -0.403649  0.108295  2.000000  0.999989  0.001097  0.004616  -0.004616  -0.000194  0.999989  0.001098  -0.999999  -0.000189  0.999939  0.003173  0.010574  -0.003173  0.999995  0.000038  -0.010574  -0.000071  0.999944  1.000000  0.000040  0.000132  -0.000040  1.000000  0.000001  -0.000132  -0.000001  1.000000  0.999989  0.001097  0.004616  -0.004616  -0.000194  0.999989  0.001098  -0.999999  -0.000189  0.000105  0.011040  
64.590678 0.011631  0.097535  -0.001644  0.996629  0.073453  -0.036541  0.033867  0.037321  0.998729  0.074724  -0.996600  0.034708  0.004804  0.001502  -0.002005  -0.001722  -0.417056  0.117789  2.000000  0.999986  0.001260  0.005160  -0.005160  -0.000194  0.999987  0.001261  -0.999999  -0.000187  0.999932  0.003329  0.011185  -0.003328  0.999994  -0.000040  -0.011185  0.000002  0.999937  1.000000  0.000042  0.000140  -0.000042  1.000000  -0.000000  -0.000140  0.000000  1.000000  0.999986  0.001260  0.005160  -0.005160  -0.000194  0.999987  0.001261  -0.999999  -0.000187  0.000110  0.011670  
64.591684 0.011636  0.097537  -0.001648  0.996640  0.073605  -0.035938  0.033251  0.037402  0.998747  0.074857  -0.996586  0.034828  0.004894  0.001674  -0.002141  -0.004248  -0.437435  0.122979  2.000000  0.999983  0.001436  0.005727  -0.005726  -0.000188  0.999984  0.001438  -0.999999  -0.000180  0.999926  0.003611  0.011586  -0.003610  0.999993  -0.000132  -0.011586  0.000090  0.999933  1.000000  0.000045  0.000145  -0.000045  1.000000  -0.000001  -0.000145  0.000001  1.000000  0.999983  0.001436  0.005727  -0.005726  -0.000188  0.999984  0.001438  -0.999999  -0.000180  0.000114  0.012136  
64.592925 0.011643  0.097541  -0.001652  0.996647  0.073898  -0.035133  0.032430  0.037471  0.998771  0.075124  -0.996562  0.034949  0.004984  0.001862  -0.002371  -0.006743  -0.457954  0.132748  2.000000  0.999978  0.001664  0.006461  -0.006461  -0.000173  0.999979  0.001665  -0.999999  -0.000162  0.999924  0.003755  0.011785  -0.003751  0.999993  -0.000358  -0.011786  0.000314  0.999930  1.000000  0.000047  0.000147  -0.000047  1.000000  -0.000004  -0.000147  0.000004  1.000000  0.999978  0.001664  0.006461  -0.006461  -0.000173  0.999979  0.001665  -0.999999  -0.000162  0.000118  0.012374  
64.594178 0.011649  0.097543  -0.001657  0.996653  0.074187  -0.034338  0.031609  0.037661  0.998791  0.075391  -0.996533  0.035190  0.004988  0.001932  -0.002591  -0.013305  -0.478224  0.142480  2.000000  0.999973  0.001858  0.007060  -0.007060  -0.000152  0.999975  0.001859  -0.999998  -0.000139  0.999921  0.003899  0.011985  -0.003892  0.999992  -0.000584  -0.011987  0.000538  0.999928  1.000000  0.000049  0.000150  -0.000049  1.000000  -0.000007  -0.000150  0.000007  1.000000  0.999973  0.001858  0.007060  -0.007060  -0.000152  0.999975  0.001859  -0.999998  -0.000139  0.000123  0.012615  
64.595427 0.011655  0.097544  -0.001664  0.996652  0.074473  -0.033740  0.030992  0.037744  0.998807  0.075658  -0.996508  0.035310  0.004985  0.002025  -0.002884  -0.016297  -0.491710  0.151979  2.000000  0.999967  0.002107  0.007817  -0.007817  -0.000117  0.999969  0.002107  -0.999998  -0.000100  0.999918  0.004041  0.012185  -0.004033  0.999992  -0.000691  -0.012187  0.000642  0.999926  1.000000  0.000050  0.000152  -0.000050  1.000000  -0.000008  -0.000152  0.000008  1.000000  0.999967  0.002107  0.007817  -0.007817  -0.000117  0.999969  0.002107  -0.999998  -0.000100  0.000128  0.012855  
64.596427 0.011660  0.097544  -0.001669  0.996661  0.074626  -0.033137  0.030377  0.037824  0.998823  0.075791  -0.996494  0.035430  0.004997  0.002051  -0.003185  -0.019319  -0.505338  0.156982  2.000000  0.999962  0.002312  0.008421  -0.008421  -0.000082  0.999965  0.002312  -0.999997  -0.000062  0.999917  0.004176  0.012179  -0.004166  0.999991  -0.000810  -0.012182  0.000760  0.999926  1.000000  0.000052  0.000152  -0.000052  1.000000  -0.000010  -0.000152  0.000010  1.000000  0.999962  0.002312  0.008421  -0.008421  -0.000082  0.999965  0.002312  -0.999997  -0.000062  0.000134  0.012899  
64.597678 0.011665  0.097545  -0.001677  0.996655  0.075049  -0.032347  0.029555  0.038016  0.998840  0.076191  -0.996455  0.035671  0.005001  0.001997  -0.003596  -0.025833  -0.525501  0.171234  2.000000  0.999954  0.002583  0.009184  -0.009184  -0.000029  0.999958  0.002583  -0.999997  -0.000006  0.999916  0.004445  0.012169  -0.004434  0.999990  -0.000932  -0.012173  0.000878  0.999926  1.000000  0.000055  0.000152  -0.000055  1.000000  -0.000011  -0.000152  0.000011  1.000000  0.999954  0.002583  0.009184  -0.009184  -0.000029  0.999958  0.002583  -0.999997  -0.000006  0.000138  0.012987  
64.598923 0.011672  0.097545  -0.001686  0.996653  0.075335  -0.031748  0.028939  0.038099  0.998855  0.076458  -0.996430  0.035791  0.005042  0.001891  -0.004023  -0.028818  -0.539061  0.180765  2.000000  0.999946  0.002867  0.009949  -0.009950  0.000033  0.999951  0.002866  -0.999996  0.000062  0.999913  0.004589  0.012368  -0.004575  0.999989  -0.001156  -0.012373  0.001099  0.999923  1.000000  0.000057  0.000155  -0.000057  1.000000  -0.000014  -0.000155  0.000014  1.000000  0.999946  0.002867  0.009949  -0.009950  0.000033  0.999951  0.002866  -0.999996  0.000062  0.000144  0.013240  
64.600175 0.011678  0.097545  -0.001696  0.996656  0.075629  -0.030945  0.028117  0.038165  0.998876  0.076725  -0.996405  0.035911  0.005049  0.001753  -0.004469  -0.030771  -0.566381  0.190772  2.000000  0.999938  0.003158  0.010712  -0.010712  0.000106  0.999943  0.003157  -0.999995  0.000140  0.999915  0.004717  0.012157  -0.004701  0.999988  -0.001291  -0.012163  0.001233  0.999925  1.000000  0.000059  0.000152  -0.000059  1.000000  -0.000016  -0.000152  0.000016  1.000000  0.999938  0.003158  0.010712  -0.010712  0.000106  0.999943  0.003157  -0.999995  0.000140  0.000148  0.013102  
64.601424 0.011683  0.097544  -0.001707  0.996652  0.075915  -0.030347  0.027501  0.038247  0.998890  0.076992  -0.996380  0.036031  0.005021  0.001496  -0.004974  -0.034221  -0.573147  0.195557  2.000000  0.999928  0.003450  0.011472  -0.011472  0.000180  0.999934  0.003448  -0.999994  0.000219  0.999915  0.004718  0.012157  -0.004703  0.999988  -0.001287  -0.012163  0.001230  0.999925  1.000000  0.000059  0.000152  -0.000059  1.000000  -0.000016  -0.000152  0.000016  1.000000  0.999928  0.003450  0.011472  -0.011472  0.000180  0.999934  0.003448  -0.999994  0.000219  0.000152  0.013101  
64.602430 0.011688  0.097544  -0.001716  0.996643  0.076190  -0.029963  0.027090  0.038465  0.998893  0.077259  -0.996351  0.036272  0.004959  0.001285  -0.005385  -0.042289  -0.572692  0.204576  2.000000  0.999922  0.003627  0.011928  -0.011928  0.000228  0.999929  0.003624  -0.999993  0.000271  0.999914  0.004853  0.012151  -0.004837  0.999987  -0.001407  -0.012158  0.001348  0.999925  1.000000  0.000061  0.000152  -0.000061  1.000000  -0.000017  -0.000152  0.000017  1.000000  0.999922  0.003627  0.011928  -0.011928  0.000228  0.999929  0.003624  -0.999993  0.000271  0.000154  0.013157  
64.603672 0.011694  0.097543  -0.001728  0.996639  0.076477  -0.029365  0.026474  0.038547  0.998906  0.077525  -0.996326  0.036392  0.004915  0.001001  -0.005931  -0.045379  -0.574939  0.207732  2.000000  0.999912  0.003925  0.012682  -0.012683  0.000320  0.999920  0.003920  -0.999992  0.000369  0.999915  0.004722  0.012155  -0.004703  0.999988  -0.001646  -0.012162  0.001589  0.999925  1.000000  0.000059  0.000152  -0.000059  1.000000  -0.000020  -0.000152  0.000020  1.000000  0.999912  0.003925  0.012682  -0.012683  0.000320  0.999920  0.003920  -0.999992  0.000369  0.000153  0.013140  
64.604673 0.011698  0.097543  -0.001737  0.996645  0.076631  -0.028763  0.025859  0.038624  0.998919  0.077659  -0.996311  0.036513  0.004810  0.000717  -0.006444  -0.049374  -0.574643  0.212180  2.000000  0.999903  0.004164  0.013282  -0.013283  0.000396  0.999912  0.004159  -0.999991  0.000452  0.999917  0.004850  0.011944  -0.004831  0.999987  -0.001660  -0.011952  0.001602  0.999927  1.000000  0.000061  0.000149  -0.000061  1.000000  -0.000020  -0.000149  0.000020  1.000000  0.999903  0.004164  0.013282  -0.013283  0.000396  0.999912  0.004159  -0.999991  0.000452  0.000152  0.012994  
64.605675 0.011703  0.097542  -0.001747  0.996645  0.076776  -0.028366  0.025448  0.038717  0.998926  0.077792  -0.996296  0.036633  0.004809  0.000485  -0.006848  -0.053856  -0.567798  0.211978  2.000000  0.999894  0.004402  0.013874  -0.013876  0.000478  0.999904  0.004395  -0.999990  0.000539  0.999917  0.004718  0.011948  -0.004697  0.999987  -0.001778  -0.011956  0.001721  0.999927  1.000000  0.000059  0.000149  -0.000059  1.000000  -0.000022  -0.000149  0.000022  1.000000  0.999894  0.004402  0.013874  -0.013876  0.000478  0.999904  0.004395  -0.999990  0.000539  0.000154  0.012965  
64.606929 0.011708  0.097542  -0.001759  0.996639  0.077060  -0.027777  0.024832  0.038919  0.998934  0.078059  -0.996267  0.036874  0.004674  0.000183  -0.007442  -0.061857  -0.567362  0.220928  2.000000  0.999883  0.004696  0.014592  -0.014595  0.000588  0.999893  0.004687  -0.999989  0.000657  0.999925  0.004565  0.011336  -0.004543  0.999988  -0.001941  -0.011345  0.001889  0.999934  1.000000  0.000057  0.000142  -0.000057  1.000000  -0.000024  -0.000142  0.000024  1.000000  0.999883  0.004696  0.014592  -0.014595  0.000588  0.999893  0.004687  -0.999989  0.000657  0.000152  0.012370  
64.607933 0.011711  0.097540  -0.001769  0.996639  0.077203  -0.027389  0.024421  0.039132  0.998936  0.078192  -0.996247  0.037116  0.004536  -0.000086  -0.007951  -0.070959  -0.565083  0.222562  2.000000  0.999873  0.004928  0.015148  -0.015152  0.000681  0.999885  0.004917  -0.999988  0.000756  0.999929  0.004685  0.010920  -0.004664  0.999987  -0.001970  -0.010929  0.001919  0.999938  1.000000  0.000058  0.000137  -0.000058  1.000000  -0.000024  -0.000137  0.000024  1.000000  0.999873  0.004928  0.015148  -0.015152  0.000681  0.999885  0.004917  -0.999988  0.000756  0.000153  0.012041  
64.609178 0.011716  0.097539  -0.001781  0.996644  0.077354  -0.026796  0.023805  0.039330  0.998943  0.078326  -0.996228  0.037357  0.004431  -0.000231  -0.008313  -0.077838  -0.567456  0.216609  2.000000  0.999863  0.005155  0.015702  -0.015706  0.000781  0.999876  0.005142  -0.999986  0.000861  0.999930  0.004554  0.010924  -0.004532  0.999988  -0.002088  -0.010933  0.002038  0.999938  1.000000  0.000057  0.000137  -0.000057  1.000000  -0.000026  -0.000137  0.000026  1.000000  0.999863  0.005155  0.015702  -0.015706  0.000781  0.999876  0.005142  -0.999986  0.000861  0.000153  0.012014  
64.610431 0.011720  0.097538  -0.001793  0.996643  0.077497  -0.026409  0.023395  0.039544  0.998944  0.078459  -0.996208  0.037598  0.004327  -0.000394  -0.008713  -0.083999  -0.551496  0.213238  2.000000  0.999851  0.005433  0.016384  -0.016389  0.000913  0.999865  0.005417  -0.999985  0.001001  0.999931  0.004424  0.010927  -0.004399  0.999988  -0.002328  -0.010937  0.002280  0.999938  1.000000  0.000055  0.000137  -0.000055  1.000000  -0.000029  -0.000137  0.000029  1.000000  0.999851  0.005433  0.016384  -0.016389  0.000913  0.999865  0.005417  -0.999985  0.001001  0.000152  0.012012  
64.611678 0.011723  0.097537  -0.001806  0.996657  0.077515  -0.025811  0.022779  0.039738  0.998950  0.078459  -0.996199  0.037840  0.004160  -0.000526  -0.009012  -0.091372  -0.547184  0.207129  2.000000  0.999838  0.005700  0.017049  -0.017055  0.001050  0.999854  0.005682  -0.999983  0.001147  0.999936  0.004144  0.010525  -0.004120  0.999989  -0.002355  -0.010535  0.002312  0.999942  1.000000  0.000052  0.000132  -0.000052  1.000000  -0.000029  -0.000132  0.000029  1.000000  0.999838  0.005700  0.017049  -0.017055  0.001050  0.999854  0.005682  -0.999983  0.001147  0.000148  0.011550  
64.612679 0.011726  0.097535  -0.001816  0.996656  0.077658  -0.025423  0.022369  0.039952  0.998951  0.078592  -0.996179  0.038081  0.004007  -0.000641  -0.009301  -0.100686  -0.544903  0.204151  2.000000  0.999828  0.005906  0.017570  -0.017577  0.001167  0.999845  0.005884  -0.999982  0.001271  0.999939  0.004006  0.010324  -0.003980  0.999989  -0.002489  -0.010334  0.002448  0.999944  1.000000  0.000050  0.000129  -0.000050  1.000000  -0.000031  -0.000129  0.000031  1.000000  0.999828  0.005906  0.017570  -0.017577  0.001167  0.999845  0.005884  -0.999982  0.001271  0.000147  0.011346  
64.613928 0.011729  0.097534  -0.001828  0.996659  0.077810  -0.024830  0.021753  0.040149  0.998957  0.078726  -0.996159  0.038322  0.003806  -0.000731  -0.009529  -0.105188  -0.538177  0.199525  2.000000  0.999815  0.006153  0.018209  -0.018217  0.001317  0.999833  0.006128  -0.999980  0.001429  0.999943  0.003859  0.009918  -0.003834  0.999989  -0.002517  -0.009928  0.002479  0.999948  1.000000  0.000048  0.000124  -0.000048  1.000000  -0.000031  -0.000124  0.000031  1.000000  0.999815  0.006153  0.018209  -0.018217  0.001317  0.999833  0.006128  -0.999980  0.001429  0.000147  0.010932  
64.615177 0.011732  0.097534  -0.001840  0.996668  0.077821  -0.024438  0.021343  0.040359  0.998957  0.078726  -0.996150  0.038564  0.003574  -0.000752  -0.009619  -0.114349  -0.524476  0.194577  2.000000  0.999802  0.006388  0.018823  -0.018833  0.001472  0.999822  0.006359  -0.999979  0.001592  0.999946  0.003586  0.009722  -0.003560  0.999990  -0.002651  -0.009731  0.002617  0.999949  1.000000  0.000045  0.000122  -0.000045  1.000000  -0.000033  -0.000122  0.000033  1.000000  0.999802  0.006388  0.018823  -0.018833  0.001472  0.999822  0.006359  -0.999979  0.001592  0.000143  0.010692  
64.616425 0.011735  0.097533  -0.001853  0.996666  0.077962  -0.024060  0.020932  0.040694  0.998952  0.078859  -0.996125  0.038926  0.003402  -0.000768  -0.009746  -0.121947  -0.513579  0.188448  2.000000  0.999789  0.006614  0.019422  -0.019433  0.001633  0.999810  0.006581  -0.999977  0.001761  0.999949  0.003447  0.009521  -0.003422  0.999991  -0.002664  -0.009530  0.002632  0.999951  1.000000  0.000043  0.000119  -0.000043  1.000000  -0.000033  -0.000119  0.000033  1.000000  0.999789  0.006614  0.019422  -0.019433  0.001633  0.999810  0.006581  -0.999977  0.001761  0.000140  0.010466  
64.617674 0.011738  0.097532  -0.001866  0.996664  0.078106  -0.023673  0.020521  0.040907  0.998952  0.078993  -0.996105  0.039167  0.003242  -0.000794  -0.009857  -0.124417  -0.497163  0.184842  2.000000  0.999779  0.006790  0.019892  -0.019905  0.001770  0.999800  0.006753  -0.999975  0.001905  0.999951  0.003441  0.009315  -0.003415  0.999990  -0.002800  -0.009324  0.002768  0.999953  1.000000  0.000043  0.000116  -0.000043  1.000000  -0.000035  -0.000116  0.000035  1.000000  0.999779  0.006790  0.019892  -0.019905  0.001770  0.999800  0.006753  -0.999975  0.001905  0.000138  0.010313  
64.618921 0.011742  0.097530  -0.001879  0.996676  0.078126  -0.023075  0.019906  0.041101  0.998957  0.078993  -0.996096  0.039409  0.003121  -0.000835  -0.009888  -0.127392  -0.493452  0.174528  2.000000  0.999766  0.006992  0.020464  -0.020478  0.001950  0.999788  0.006951  -0.999974  0.002093  0.999954  0.003036  0.009124  -0.003008  0.999991  -0.003054  -0.009133  0.003027  0.999954  1.000000  0.000038  0.000114  -0.000038  1.000000  -0.000038  -0.000114  0.000038  1.000000  0.999766  0.006992  0.020464  -0.020478  0.001950  0.999788  0.006951  -0.999974  0.002093  0.000135  0.010085  
64.619922 0.011745  0.097529  -0.001890  0.996685  0.078137  -0.022682  0.019495  0.041311  0.998956  0.078993  -0.996086  0.039651  0.002978  -0.000906  -0.010032  -0.133537  -0.484104  0.166581  2.000000  0.999756  0.007140  0.020914  -0.020930  0.002101  0.999779  0.007094  -0.999972  0.002250  0.999956  0.002762  0.008929  -0.002734  0.999991  -0.003189  -0.008938  0.003164  0.999955  1.000000  0.000034  0.000112  -0.000034  1.000000  -0.000040  -0.000112  0.000040  1.000000  0.999756  0.007140  0.020914  -0.020930  0.002101  0.999779  0.007094  -0.999972  0.002250  0.000133  0.009872  
64.620923 0.011748  0.097528  -0.001901  0.996692  0.078149  -0.022290  0.019085  0.041521  0.998955  0.078993  -0.996077  0.039892  0.002962  -0.000941  -0.010091  -0.136443  -0.480230  0.160831  2.000000  0.999745  0.007276  0.021360  -0.021377  0.002257  0.999769  0.007226  -0.999971  0.002412  0.999957  0.002631  0.008933  -0.002601  0.999991  -0.003309  -0.008942  0.003286  0.999955  1.000000  0.000033  0.000112  -0.000033  1.000000  -0.000041  -0.000112  0.000041  1.000000  0.999745  0.007276  0.021360  -0.021377  0.002257  0.999769  0.007226  -0.999971  0.002412  0.000133  0.009879  
64.621923 0.011751  0.097526  -0.001912  0.996700  0.078161  -0.021898  0.018675  0.041731  0.998954  0.078993  -0.996067  0.040134  0.002896  -0.001015  -0.010209  -0.140936  -0.473645  0.151730  2.000000  0.999735  0.007400  0.021806  -0.021824  0.002419  0.999759  0.007345  -0.999970  0.002580  0.999957  0.002366  0.008943  -0.002335  0.999991  -0.003428  -0.008951  0.003407  0.999954  1.000000  0.000029  0.000112  -0.000029  1.000000  -0.000043  -0.000112  0.000043  1.000000  0.999735  0.007400  0.021806  -0.021824  0.002419  0.999759  0.007345  -0.999970  0.002580  0.000131  0.009862  
64.623174 0.011755  0.097524  -0.001926  0.996712  0.078179  -0.021309  0.018059  0.042046  0.998952  0.078993  -0.996052  0.040496  0.002874  -0.001051  -0.010308  -0.147388  -0.464710  0.143819  2.000000  0.999722  0.007539  0.022345  -0.022366  0.002631  0.999746  0.007479  -0.999968  0.002799  0.999961  0.002084  0.008543  -0.002055  0.999992  -0.003457  -0.008550  0.003440  0.999958  1.000000  0.000026  0.000107  -0.000026  1.000000  -0.000043  -0.000107  0.000043  1.000000  0.999722  0.007539  0.022345  -0.022366  0.002631  0.999746  0.007479  -0.999968  0.002799  0.000128  0.009446  
64.624175 0.011759  0.097523  -0.001937  0.996719  0.078191  -0.020917  0.017649  0.042257  0.998951  0.078993  -0.996042  0.040738  0.002899  -0.001115  -0.010380  -0.149982  -0.460379  0.138061  2.000000  0.999711  0.007639  0.022779  -0.022801  0.002807  0.999736  0.007573  -0.999967  0.002980  0.999960  0.001827  0.008759  -0.001796  0.999992  -0.003560  -0.008765  0.003545  0.999955  1.000000  0.000023  0.000110  -0.000023  1.000000  -0.000044  -0.000110  0.000044  1.000000  0.999711  0.007639  0.022779  -0.022801  0.002807  0.999736  0.007573  -0.999967  0.002980  0.000127  0.009627  
64.625175 0.011764  0.097521  -0.001947  0.996716  0.078339  -0.020520  0.017238  0.042348  0.998954  0.079126  -0.996027  0.040858  0.002970  -0.001145  -0.010445  -0.151671  -0.457464  0.134508  2.000000  0.999703  0.007711  0.023102  -0.023125  0.002943  0.999728  0.007641  -0.999966  0.003121  0.999960  0.001829  0.008758  -0.001797  0.999992  -0.003681  -0.008765  0.003665  0.999955  1.000000  0.000023  0.000110  -0.000023  1.000000  -0.000046  -0.000110  0.000046  1.000000  0.999703  0.007711  0.023102  -0.023125  0.002943  0.999728  0.007641  -0.999966  0.003121  0.000125  0.009672  
64.626431 0.011769  0.097519  -0.001961  0.996726  0.078358  -0.019932  0.016623  0.042663  0.998951  0.079126  -0.996012  0.041221  0.003112  -0.001173  -0.010499  -0.156207  -0.450822  0.125379  2.000000  0.999690  0.007825  0.023642  -0.023668  0.003175  0.999715  0.007748  -0.999964  0.003359  0.999960  0.001698  0.008763  -0.001664  0.999991  -0.003801  -0.008769  0.003786  0.999954  1.000000  0.000021  0.000110  -0.000021  1.000000  -0.000047  -0.000110  0.000047  1.000000  0.999690  0.007825  0.023642  -0.023668  0.003175  0.999715  0.007748  -0.999964  0.003359  0.000125  0.009699  
64.627676 0.011774  0.097517  -0.001973  0.996736  0.078379  -0.019334  0.016007  0.042857  0.998953  0.079126  -0.996002  0.041462  0.003240  -0.001214  -0.010445  -0.158908  -0.447439  0.115518  2.000000  0.999676  0.007926  0.024186  -0.024214  0.003413  0.999701  0.007841  -0.999963  0.003604  0.999960  0.001433  0.008773  -0.001399  0.999991  -0.003920  -0.008779  0.003907  0.999954  1.000000  0.000018  0.000110  -0.000018  1.000000  -0.000049  -0.000110  0.000049  1.000000  0.999676  0.007926  0.024186  -0.024214  0.003413  0.999701  0.007841  -0.999963  0.003604  0.000123  0.009713  
64.628934 0.011780  0.097515  -0.001985  0.996746  0.078399  -0.018746  0.015391  0.043172  0.998949  0.079126  -0.995987  0.041825  0.003387  -0.001293  -0.010484  -0.168900  -0.444940  0.102880  2.000000  0.999662  0.008015  0.024735  -0.024765  0.003652  0.999687  0.007922  -0.999961  0.003849  0.999961  0.001302  0.008778  -0.001269  0.999992  -0.003797  -0.008783  0.003786  0.999954  1.000000  0.000016  0.000110  -0.000016  1.000000  -0.000047  -0.000110  0.000047  1.000000  0.999662  0.008015  0.024735  -0.024765  0.003652  0.999687  0.007922  -0.999961  0.003849  0.000123  0.009651  
64.630174 0.011785  0.097513  -0.001997  0.996748  0.078564  -0.017948  0.014570  0.043352  0.998954  0.079259  -0.995966  0.042066  0.003533  -0.001361  -0.010453  -0.170885  -0.447897  0.102336  2.000000  0.999650  0.008081  0.025175  -0.025207  0.003849  0.999675  0.007982  -0.999960  0.004051  0.999959  0.001314  0.008983  -0.001277  0.999991  -0.004023  -0.008988  0.004011  0.999952  1.000000  0.000016  0.000112  -0.000016  1.000000  -0.000050  -0.000112  0.000050  1.000000  0.999650  0.008081  0.025175  -0.025207  0.003849  0.999675  0.007982  -0.999960  0.004051  0.000122  0.009928  
64.631174 0.011789  0.097511  -0.002007  0.996753  0.078577  -0.017555  0.014160  0.043562  0.998950  0.079259  -0.995956  0.042308  0.003672  -0.001439  -0.010459  -0.176869  -0.445075  0.094014  2.000000  0.999638  0.008148  0.025625  -0.025659  0.004045  0.999663  0.008041  -0.999959  0.004253  0.999957  0.001191  0.009193  -0.001154  0.999991  -0.004005  -0.009198  0.003995  0.999950  1.000000  0.000015  0.000115  -0.000015  1.000000  -0.000050  -0.000115  0.000050  1.000000  0.999638  0.008148  0.025625  -0.025659  0.004045  0.999663  0.008041  -0.999959  0.004253  0.000124  0.010096  
64.632427 0.011795  0.097510  -0.002018  0.996765  0.078607  -0.016761  0.013339  0.043861  0.998949  0.079259  -0.995940  0.042670  0.003818  -0.001495  -0.010322  -0.178322  -0.455401  0.085002  2.000000  0.999623  0.008228  0.026195  -0.026231  0.004293  0.999647  0.008112  -0.999957  0.004507  0.999957  0.001194  0.009193  -0.001156  0.999991  -0.004127  -0.009198  0.004116  0.999949  1.000000  0.000015  0.000115  -0.000015  1.000000  -0.000052  -0.000115  0.000052  1.000000  0.999623  0.008228  0.026195  -0.026231  0.004293  0.999647  0.008112  -0.999957  0.004507  0.000123  0.010145  
64.633675 0.011800  0.097509  -0.002029  0.996773  0.078628  -0.016173  0.012724  0.044175  0.998943  0.079259  -0.995925  0.043033  0.003966  -0.001447  -0.010198  -0.188409  -0.452554  0.076545  2.000000  0.999610  0.008286  0.026666  -0.026704  0.004495  0.999633  0.008163  -0.999956  0.004715  0.999955  0.001071  0.009403  -0.001033  0.999991  -0.004109  -0.009408  0.004099  0.999947  1.000000  0.000013  0.000118  -0.000013  1.000000  -0.000051  -0.000118  0.000051  1.000000  0.999610  0.008286  0.026666  -0.026704  0.004495  0.999633  0.008163  -0.999956  0.004715  0.000123  0.010316  
64.634921 0.011805  0.097508  -0.002040  0.996780  0.078650  -0.015585  0.012108  0.044490  0.998936  0.079259  -0.995909  0.043395  0.004059  -0.001417  -0.010036  -0.192473  -0.453001  0.067713  2.000000  0.999594  0.008355  0.027257  -0.027297  0.004756  0.999616  0.008223  -0.999954  0.004982  0.999955  0.000941  0.009409  -0.000901  0.999991  -0.004229  -0.009412  0.004221  0.999947  1.000000  0.000012  0.000118  -0.000012  1.000000  -0.000053  -0.000118  0.000053  1.000000  0.999594  0.008355  0.027257  -0.027297  0.004756  0.999616  0.008223  -0.999954  0.004982  0.000123  0.010357  
64.635922 0.011810  0.097508  -0.002049  0.996788  0.078673  -0.014987  0.011492  0.044684  0.998935  0.079259  -0.995898  0.043637  0.004086  -0.001369  -0.009878  -0.195968  -0.460041  0.063577  2.000000  0.999580  0.008408  0.027741  -0.027783  0.004967  0.999602  0.008267  -0.999952  0.005199  0.999951  0.000962  0.009818  -0.000920  0.999990  -0.004318  -0.009822  0.004309  0.999942  1.000000  0.000012  0.000123  -0.000012  1.000000  -0.000054  -0.000123  0.000054  1.000000  0.999580  0.008408  0.027741  -0.027783  0.004967  0.999602  0.008267  -0.999952  0.005199  0.000126  0.010767  
64.636922 0.011814  0.097507  -0.002058  0.996795  0.078696  -0.014398  0.010877  0.044999  0.998928  0.079259  -0.995883  0.043999  0.004157  -0.001295  -0.009733  -0.201882  -0.463278  0.058987  2.000000  0.999566  0.008456  0.028232  -0.028277  0.005183  0.999587  0.008306  -0.999951  0.005420  0.999949  0.000840  0.010029  -0.000797  0.999990  -0.004301  -0.010032  0.004293  0.999940  1.000000  0.000010  0.000125  -0.000010  1.000000  -0.000054  -0.000125  0.000054  1.000000  0.999566  0.008456  0.028232  -0.028277  0.005183  0.999587  0.008306  -0.999951  0.005420  0.000127  0.010943  
64.637923 0.011818  0.097507  -0.002066  0.996799  0.078711  -0.014006  0.010466  0.045209  0.998923  0.079259  -0.995872  0.044241  0.004238  -0.001163  -0.009532  -0.201881  -0.463512  0.054651  2.000000  0.999551  0.008500  0.028732  -0.028779  0.005400  0.999571  0.008341  -0.999949  0.005642  0.999949  0.000710  0.010034  -0.000665  0.999990  -0.004421  -0.010037  0.004414  0.999940  1.000000  0.000009  0.000125  -0.000009  1.000000  -0.000055  -0.000125  0.000055  1.000000  0.999551  0.008500  0.028732  -0.028779  0.005400  0.999571  0.008341  -0.999949  0.005642  0.000129  0.010987  
64.638924 0.011822  0.097507  -0.002076  0.996805  0.078734  -0.013418  0.009851  0.045524  0.998915  0.079259  -0.995856  0.044603  0.004271  -0.001096  -0.009441  -0.209341  -0.470389  0.050573  2.000000  0.999536  0.008541  0.029242  -0.029291  0.005620  0.999555  0.008373  -0.999948  0.005868  0.999945  0.000730  0.010444  -0.000684  0.999990  -0.004389  -0.010447  0.004381  0.999936  1.000000  0.000009  0.000131  -0.000009  1.000000  -0.000055  -0.000131  0.000055  1.000000  0.999536  0.008541  0.029242  -0.029291  0.005620  0.999555  0.008373  -0.999948  0.005868  0.000129  0.011351  
64.640178 0.011827  0.097506  -0.002087  0.996813  0.078767  -0.012624  0.009030  0.045823  0.998909  0.079259  -0.995839  0.044965  0.004239  -0.001001  -0.009316  -0.210530  -0.481418  0.046964  2.000000  0.999516  0.008594  0.029890  -0.029941  0.005899  0.999534  0.008414  -0.999946  0.006153  0.999945  0.000734  0.010444  -0.000687  0.999990  -0.004510  -0.010447  0.004502  0.999935  1.000000  0.000009  0.000131  -0.000009  1.000000  -0.000056  -0.000131  0.000056  1.000000  0.999516  0.008594  0.029890  -0.029941  0.005899  0.999534  0.008414  -0.999946  0.006153  0.000131  0.011398  
64.641185 0.011831  0.097505  -0.002097  0.996819  0.078792  -0.012026  0.008414  0.046016  0.998905  0.079259  -0.995828  0.045207  0.004190  -0.000943  -0.009267  -0.209878  -0.488054  0.047344  2.000000  0.999504  0.008626  0.030290  -0.030343  0.006069  0.999521  0.008438  -0.999944  0.006328  0.999941  0.000756  0.010854  -0.000706  0.999989  -0.004599  -0.010857  0.004591  0.999931  1.000000  0.000009  0.000136  -0.000009  1.000000  -0.000057  -0.000136  0.000057  1.000000  0.999504  0.008626  0.030290  -0.030343  0.006069  0.999521  0.008438  -0.999944  0.006328  0.000132  0.011811  
64.642428 0.011836  0.097504  -0.002109  0.996824  0.078816  -0.011438  0.007798  0.046331  0.998896  0.079259  -0.995812  0.045569  0.004148  -0.000865  -0.009269  -0.214016  -0.488442  0.043019  2.000000  0.999487  0.008670  0.030833  -0.030888  0.006302  0.999503  0.008471  -0.999943  0.006567  0.999941  0.000760  0.010853  -0.000709  0.999989  -0.004720  -0.010857  0.004712  0.999930  1.000000  0.000009  0.000136  -0.000009  1.000000  -0.000059  -0.000136  0.000059  1.000000  0.999487  0.008670  0.030833  -0.030888  0.006302  0.999503  0.008471  -0.999943  0.006567  0.000133  0.011858  
64.643677 0.011840  0.097503  -0.002122  0.996828  0.078841  -0.010850  0.007183  0.046646  0.998886  0.079259  -0.995795  0.045932  0.004096  -0.000867  -0.009275  -0.218057  -0.488608  0.038673  2.000000  0.999465  0.008726  0.031524  -0.031582  0.006594  0.999479  0.008513  -0.999940  0.006866  0.999936  0.000781  0.011263  -0.000728  0.999989  -0.004688  -0.011267  0.004679  0.999926  1.000000  0.000009  0.000141  -0.000009  1.000000  -0.000059  -0.000141  0.000059  1.000000  0.999465  0.008726  0.031524  -0.031582  0.006594  0.999479  0.008513  -0.999940  0.006866  0.000135  0.012224  
64.644927 0.011844  0.097501  -0.002134  0.996834  0.078876  -0.010056  0.006362  0.046944  0.998877  0.079259  -0.995778  0.046294  0.004032  -0.000849  -0.009299  -0.221030  -0.502358  0.039407  2.000000  0.999442  0.008782  0.032220  -0.032281  0.006889  0.999455  0.008556  -0.999938  0.007168  0.999936  0.000785  0.011263  -0.000732  0.999989  -0.004688  -0.011267  0.004679  0.999926  1.000000  0.000009  0.000141  -0.000009  1.000000  -0.000059  -0.000141  0.000059  1.000000  0.999442  0.008782  0.032220  -0.032281  0.006889  0.999455  0.008556  -0.999938  0.007168  0.000136  0.012224  
