1-Time 2-Px 3-Py 4-Pz 5-R11 6-R21 7-R31 8-R12 9-R22 10-R32 11-R13 12-R23 13-R33 14-Vx 15-Vy 16-Vz 17-Wx 18-Wy 19-Wz 20-state 21-PR11 22-PR21 23-PR31 24-PR12 25-PR22 26-PR32 27-PR13 28-PR23 29-PR33 
51.593099 0.004140  0.086080  0.010342  0.968173  0.242612  0.061488  -0.072488  0.036666  0.996695  0.239555  -0.969430  0.053086  0.000122  0.000029  -0.000427  0.000000  0.000000  0.000000  2.000000  1.000000  0.000000  0.000000  0.000000  -0.000000  1.000000  0.000000  -1.000000  -0.000000  1.000000  0.000000  -0.000000  -0.000000  1.000000  0.000243  -0.000000  -0.000243  1.000000  1.000000  0.000000  0.000000  0.000000  1.000000  0.000000  0.000000  0.000000  1.000000  0.569605  0.591250  0.570941  -0.708855  0.001781  0.705352  0.416022  -0.806486  0.420125  0.000000  0.000000  
51.594103 0.004141  0.086080  0.010341  0.968173  0.242612  0.061488  -0.072488  0.036666  0.996695  0.239555  -0.969430  0.053086  0.000127  0.000003  -0.000412  0.000000  0.000000  0.000000  2.000000  1.000000  0.000000  0.000000  0.000000  -0.000000  1.000000  0.000000  -1.000000  -0.000000  1.000000  0.000000  -0.000000  -0.000000  1.000000  0.000243  -0.000000  -0.000243  1.000000  1.000000  0.000000  0.000000  0.000000  1.000000  0.000000  0.000000  0.000000  1.000000  1.000000  0.000000  0.000000  0.000000  -0.000000  1.000000  0.000000  -1.000000  -0.000000  0.000000  0.000000  
51.595105 0.004141  0.086078  0.010343  0.968130  0.242520  0.062521  -0.073487  0.036426  0.996631  0.239426  -0.969462  0.053087  0.000128  -0.000140  -0.000267  0.000000  0.000000  0.000000  2.000000  1.000000  0.000000  0.000000  0.000000  -0.000000  1.000000  0.000000  -1.000000  -0.000000  1.000000  -0.000090  0.000806  0.000090  1.000000  0.000440  -0.000806  -0.000440  1.000000  1.000000  0.000000  0.000000  0.000000  1.000000  0.000000  0.000000  0.000000  1.000000  1.000000  0.000000  0.000000  0.000000  -0.000000  1.000000  0.000000  -1.000000  -0.000000  0.000000  0.000000  
51.596107 0.004141  0.086075  0.010345  0.968071  0.242321  0.064177  -0.075086  0.036047  0.996525  0.239166  -0.969526  0.053091  0.000109  -0.000364  -0.000115  0.000000  0.000000  0.000000  2.000000  1.000000  0.000000  0.000000  0.000000  -0.000000  1.000000  0.000000  -1.000000  -0.000000  0.999998  -0.000281  0.002217  0.000279  1.000000  0.000785  -0.002218  -0.000784  0.999997  1.000000  0.000000  0.000000  0.000000  1.000000  0.000000  0.000000  0.000000  1.000000  1.000000  0.000000  0.000000  0.000000  -0.000000  1.000000  0.000000  -1.000000  -0.000000  0.000000  0.000000  
51.597111 0.004141  0.086071  0.010348  0.968026  0.242000  0.066044  -0.076887  0.035629  0.996403  0.238776  -0.969622  0.053096  0.000115  -0.000605  0.000117  0.000000  0.000000  0.000000  2.000000  1.000000  0.000000  0.000000  0.000000  -0.000000  1.000000  0.000000  -1.000000  -0.000000  0.999992  -0.000451  0.004028  0.000446  0.999999  0.001229  -0.004029  -0.001227  0.999991  1.000000  0.000000  0.000000  0.000000  1.000000  0.000000  0.000000  0.000000  1.000000  1.000000  0.000000  0.000000  0.000000  -0.000000  1.000000  0.000000  -1.000000  -0.000000  0.000000  0.000000  
51.598363 0.004141  0.086066  0.010351  0.967977  0.241669  0.067941  -0.078688  0.035091  0.996281  0.238386  -0.969724  0.052984  0.000113  -0.000979  0.000384  0.067543  -0.210118  -0.028988  2.000000  1.000000  -0.000029  0.000212  -0.000212  -0.000059  1.000000  -0.000029  -1.000000  -0.000059  0.999981  -0.000880  0.006053  0.000869  0.999998  0.001721  -0.006055  -0.001716  0.999980  1.000000  -0.000011  0.000076  0.000011  1.000000  0.000021  -0.000076  -0.000021  1.000000  1.000000  -0.000029  0.000212  -0.000212  -0.000059  1.000000  -0.000029  -1.000000  -0.000059  0.000054  0.006354  
51.599620 0.004141  0.086060  0.010355  0.967975  0.241324  0.069193  -0.079892  0.034824  0.996195  0.237996  -0.969820  0.052989  0.000111  -0.001351  0.000650  0.073313  -0.251029  -0.040248  2.000000  1.000000  -0.000091  0.000638  -0.000638  -0.000178  1.000000  -0.000091  -1.000000  -0.000178  0.999973  -0.001083  0.007265  0.001069  0.999997  0.002017  -0.007268  -0.002009  0.999972  1.000000  -0.000013  0.000091  0.000013  1.000000  0.000025  -0.000091  -0.000025  1.000000  1.000000  -0.000091  0.000638  -0.000638  -0.000178  1.000000  -0.000091  -1.000000  -0.000178  0.000064  0.007617  
51.600856 0.004142  0.086054  0.010359  0.967875  0.241367  0.070423  -0.081087  0.034526  0.996109  0.237996  -0.969820  0.052989  0.000141  -0.001771  0.001013  0.083257  -0.291388  -0.038060  2.000000  0.999999  -0.000150  0.001034  -0.001034  -0.000287  0.999999  -0.000149  -1.000000  -0.000287  0.999965  -0.001164  0.008271  0.001146  0.999997  0.002263  -0.008273  -0.002253  0.999963  1.000000  -0.000014  0.000103  0.000014  1.000000  0.000028  -0.000103  -0.000028  1.000000  0.999999  -0.000150  0.001034  -0.001034  -0.000287  0.999999  -0.000149  -1.000000  -0.000287  0.000073  0.008652  
51.601858 0.004142  0.086049  0.010364  0.967791  0.241402  0.071448  -0.082084  0.034278  0.996036  0.237996  -0.969820  0.052989  0.000154  -0.002110  0.001331  0.091507  -0.324892  -0.036217  2.000000  0.999999  -0.000205  0.001485  -0.001485  -0.000409  0.999999  -0.000205  -1.000000  -0.000409  0.999955  -0.001101  0.009468  0.001077  0.999996  0.002558  -0.009471  -0.002548  0.999952  1.000000  -0.000014  0.000118  0.000014  1.000000  0.000032  -0.000118  -0.000032  1.000000  0.999999  -0.000205  0.001485  -0.001485  -0.000409  0.999999  -0.000205  -1.000000  -0.000409  0.000083  0.009868  
51.603110 0.004143  0.086044  0.010370  0.967606  0.241595  0.073287  -0.083874  0.033819  0.995902  0.238126  -0.969788  0.052987  0.000182  -0.002487  0.001776  0.106406  -0.385036  -0.028422  2.000000  0.999998  -0.000266  0.002132  -0.002132  -0.000582  0.999998  -0.000265  -1.000000  -0.000582  0.999938  -0.000885  0.011058  0.000852  0.999995  0.002952  -0.011060  -0.002942  0.999935  1.000000  -0.000011  0.000138  0.000011  1.000000  0.000037  -0.000138  -0.000037  1.000000  0.999998  -0.000266  0.002132  -0.002132  -0.000582  0.999998  -0.000265  -1.000000  -0.000582  0.000097  0.011478  
51.604355 0.004143  0.086038  0.010375  0.967463  0.241535  0.075344  -0.085869  0.033333  0.995749  0.237996  -0.969820  0.052989  0.000190  -0.002880  0.002159  0.122902  -0.452378  -0.029234  2.000000  0.999996  -0.000316  0.002898  -0.002898  -0.000784  0.999995  -0.000314  -1.000000  -0.000785  0.999914  -0.000781  0.013054  0.000737  0.999994  0.003444  -0.013056  -0.003434  0.999909  1.000000  -0.000009  0.000163  0.000009  1.000000  0.000043  -0.000163  -0.000043  1.000000  0.999996  -0.000316  0.002898  -0.002898  -0.000784  0.999995  -0.000314  -1.000000  -0.000785  0.000114  0.013522  
51.605609 0.004142  0.086033  0.010380  0.967361  0.241222  0.077620  -0.088068  0.032821  0.995574  0.237606  -0.969915  0.052994  0.000127  -0.003245  0.002556  0.140949  -0.526860  -0.038650  2.000000  0.999993  -0.000377  0.003797  -0.003797  -0.001019  0.999992  -0.000373  -0.999999  -0.001021  0.999883  -0.001070  0.015271  0.001009  0.999992  0.003984  -0.015275  -0.003968  0.999875  1.000000  -0.000013  0.000191  0.000013  1.000000  0.000050  -0.000191  -0.000050  1.000000  0.999993  -0.000377  0.003797  -0.003797  -0.001019  0.999992  -0.000373  -0.999999  -0.001021  0.000133  0.015817  
51.606856 0.004141  0.086026  0.010386  0.967367  0.240523  0.079682  -0.090077  0.032518  0.995404  0.236827  -0.970099  0.053122  0.000044  -0.003698  0.002965  0.153153  -0.595525  -0.061871  2.000000  0.999988  -0.000464  0.004828  -0.004828  -0.001284  0.999988  -0.000458  -0.999999  -0.001286  0.999849  -0.001635  0.017304  0.001559  0.999989  0.004354  -0.017311  -0.004327  0.999841  1.000000  -0.000020  0.000216  0.000020  1.000000  0.000054  -0.000216  -0.000054  1.000000  0.999988  -0.000464  0.004828  -0.004828  -0.001284  0.999988  -0.000458  -0.999999  -0.001286  0.000151  0.017915  
51.608106 0.004141  0.086019  0.010394  0.967318  0.239950  0.081972  -0.092282  0.032035  0.995217  0.236177  -0.970257  0.053131  -0.000003  -0.004193  0.003576  0.167018  -0.670751  -0.080321  2.000000  0.999982  -0.000594  0.005993  -0.005994  -0.001575  0.999981  -0.000585  -0.999999  -0.001578  0.999806  -0.002326  0.019543  0.002230  0.999986  0.004895  -0.019554  -0.004850  0.999797  1.000000  -0.000028  0.000244  0.000028  1.000000  0.000061  -0.000244  -0.000061  1.000000  0.999982  -0.000594  0.005993  -0.005994  -0.001575  0.999981  -0.000585  -0.999999  -0.001578  0.000170  0.020277  
51.609356 0.004140  0.086010  0.010404  0.967232  0.239526  0.084196  -0.094485  0.031783  0.995019  0.235656  -0.970370  0.053373  -0.000065  -0.004654  0.004202  0.176735  -0.745462  -0.094122  2.000000  0.999975  -0.000723  0.007039  -0.007040  -0.001829  0.999974  -0.000710  -0.999998  -0.001834  0.999759  -0.002748  0.021768  0.002633  0.999982  0.005313  -0.021782  -0.005255  0.999749  1.000000  -0.000034  0.000272  0.000034  1.000000  0.000066  -0.000272  -0.000066  1.000000  0.999975  -0.000723  0.007039  -0.007040  -0.001829  0.999974  -0.000710  -0.999998  -0.001834  0.000190  0.022570  
51.610359 0.004139  0.086003  0.010414  0.967170  0.239200  0.085827  -0.096087  0.031548  0.994873  0.235266  -0.970458  0.053496  -0.000099  -0.004963  0.004705  0.185652  -0.799933  -0.104589  2.000000  0.999966  -0.000870  0.008178  -0.008180  -0.002092  0.999964  -0.000853  -0.999997  -0.002099  0.999722  -0.003067  0.023387  0.002940  0.999981  0.005463  -0.023404  -0.005393  0.999712  1.000000  -0.000038  0.000292  0.000038  1.000000  0.000068  -0.000292  -0.000068  1.000000  0.999966  -0.000870  0.008178  -0.008180  -0.002092  0.999964  -0.000853  -0.999997  -0.002099  0.000204  0.024206  
51.611607 0.004139  0.085994  0.010425  0.967115  0.238752  0.087669  -0.097892  0.031277  0.994705  0.234746  -0.970577  0.053621  -0.000159  -0.005282  0.005289  0.194565  -0.854502  -0.118217  2.000000  0.999952  -0.001075  0.009716  -0.009719  -0.002437  0.999950  -0.001051  -0.999996  -0.002448  0.999671  -0.003497  0.025413  0.003353  0.999978  0.005711  -0.025433  -0.005624  0.999661  1.000000  -0.000043  0.000318  0.000043  1.000000  0.000071  -0.000318  -0.000071  1.000000  0.999952  -0.001075  0.009716  -0.009719  -0.002437  0.999950  -0.001051  -0.999996  -0.002448  0.000219  0.026274  
51.612607 0.004138  0.085987  0.010434  0.967077  0.238298  0.089307  -0.099497  0.031058  0.994553  0.234226  -0.970695  0.053745  -0.000220  -0.005452  0.005609  0.204980  -0.916307  -0.134136  2.000000  0.999938  -0.001263  0.011028  -0.011032  -0.002724  0.999935  -0.001233  -0.999995  -0.002737  0.999632  -0.003959  0.026840  0.003802  0.999975  0.005933  -0.026863  -0.005829  0.999622  1.000000  -0.000049  0.000336  0.000048  1.000000  0.000074  -0.000336  -0.000074  1.000000  0.999938  -0.001263  0.011028  -0.011032  -0.002724  0.999935  -0.001233  -0.999995  -0.002737  0.000234  0.027764  
51.613859 0.004137  0.085977  0.010442  0.967026  0.237737  0.091332  -0.101504  0.030876  0.994356  0.233575  -0.970839  0.053990  -0.000314  -0.005777  0.005913  0.212837  -0.984511  -0.152720  2.000000  0.999917  -0.001531  0.012782  -0.012787  -0.003100  0.999913  -0.001492  -0.999994  -0.003119  0.999573  -0.004526  0.028873  0.004346  0.999971  0.006302  -0.028901  -0.006174  0.999563  1.000000  -0.000055  0.000361  0.000055  1.000000  0.000078  -0.000361  -0.000078  1.000000  0.999917  -0.001531  0.012782  -0.012787  -0.003100  0.999913  -0.001492  -0.999994  -0.003119  0.000251  0.029889  
51.614861 0.004136  0.085968  0.010448  0.966960  0.237289  0.093175  -0.103309  0.030612  0.994178  0.233055  -0.970957  0.054114  -0.000393  -0.006090  0.006156  0.223184  -1.045839  -0.167246  2.000000  0.999897  -0.001770  0.014275  -0.014281  -0.003414  0.999892  -0.001721  -0.999993  -0.003439  0.999529  -0.004856  0.030294  0.004660  0.999968  0.006519  -0.030325  -0.006375  0.999520  1.000000  -0.000059  0.000379  0.000059  1.000000  0.000081  -0.000379  -0.000081  1.000000  0.999897  -0.001770  0.014275  -0.014281  -0.003414  0.999892  -0.001721  -0.999993  -0.003439  0.000266  0.031356  
51.616110 0.004137  0.085955  0.010453  0.966848  0.236852  0.095426  -0.105512  0.030251  0.993958  0.232535  -0.971075  0.054239  -0.000360  -0.006560  0.006197  0.236832  -1.120924  -0.181071  2.000000  0.999866  -0.002088  0.016207  -0.016215  -0.003813  0.999861  -0.002026  -0.999991  -0.003847  0.999502  -0.005214  0.031116  0.005011  0.999966  0.006590  -0.031150  -0.006431  0.999494  1.000000  -0.000064  0.000389  0.000064  1.000000  0.000081  -0.000389  -0.000081  1.000000  0.999866  -0.002088  0.016207  -0.016215  -0.003813  0.999861  -0.002026  -0.999991  -0.003847  0.000287  0.032220  
51.617361 0.004139  0.085943  0.010459  0.966761  0.236286  0.097684  -0.107719  0.029907  0.993731  0.231884  -0.971223  0.054365  -0.000243  -0.006935  0.006193  0.250285  -1.195923  -0.199315  2.000000  0.999839  -0.002358  0.017781  -0.017790  -0.004132  0.999833  -0.002284  -0.999989  -0.004173  0.999488  -0.005457  0.031534  0.005253  0.999965  0.006554  -0.031569  -0.006385  0.999481  1.000000  -0.000067  0.000394  0.000067  1.000000  0.000081  -0.000394  -0.000081  1.000000  0.999839  -0.002358  0.017781  -0.017790  -0.004132  0.999833  -0.002284  -0.999989  -0.004173  0.000306  0.032656  
51.618609 0.004142  0.085932  0.010462  0.966660  0.235843  0.099730  -0.109723  0.029600  0.993521  0.231363  -0.971340  0.054490  -0.000096  -0.007342  0.006034  0.262203  -1.264235  -0.213480  2.000000  0.999801  -0.002705  0.019752  -0.019764  -0.004520  0.999794  -0.002615  -0.999986  -0.004573  0.999487  -0.005587  0.031545  0.005391  0.999966  0.006299  -0.031579  -0.006126  0.999482  1.000000  -0.000069  0.000395  0.000069  1.000000  0.000078  -0.000395  -0.000078  1.000000  0.999801  -0.002705  0.019752  -0.019764  -0.004520  0.999794  -0.002615  -0.999986  -0.004573  0.000324  0.032638  
51.619860 0.004146  0.085920  0.010464  0.966601  0.235387  0.101366  -0.111329  0.029391  0.993349  0.230842  -0.971457  0.054615  0.000213  -0.007805  0.005808  0.266717  -1.318928  -0.228430  2.000000  0.999759  -0.003062  0.021729  -0.021744  -0.004894  0.999752  -0.002955  -0.999983  -0.004960  0.999479  -0.005706  0.031756  0.005512  0.999966  0.006214  -0.031790  -0.006035  0.999476  1.000000  -0.000070  0.000397  0.000070  1.000000  0.000077  -0.000397  -0.000077  1.000000  0.999759  -0.003062  0.021729  -0.021744  -0.004894  0.999752  -0.002955  -0.999983  -0.004960  0.000336  0.032847  
51.621110 0.004149  0.085906  0.010465  0.966546  0.234796  0.103243  -0.113137  0.029031  0.993155  0.230192  -0.971611  0.054624  0.000452  -0.008257  0.005519  0.280901  -1.380687  -0.247505  2.000000  0.999712  -0.003438  0.023737  -0.023755  -0.005266  0.999704  -0.003312  -0.999980  -0.005346  0.999456  -0.006207  0.032387  0.006008  0.999963  0.006234  -0.032424  -0.006036  0.999456  1.000000  -0.000076  0.000405  0.000076  1.000000  0.000077  -0.000405  -0.000077  1.000000  0.999712  -0.003438  0.023737  -0.023755  -0.005266  0.999704  -0.003312  -0.999980  -0.005346  0.000354  0.033548  
51.622360 0.004152  0.085891  0.010465  0.966488  0.234216  0.105091  -0.114946  0.028793  0.992954  0.229540  -0.971758  0.054750  0.000750  -0.008876  0.005079  0.290970  -1.442472  -0.266491  2.000000  0.999660  -0.003854  0.025777  -0.025799  -0.005637  0.999651  -0.003707  -0.999977  -0.005734  0.999438  -0.006851  0.032824  0.006651  0.999959  0.006210  -0.032865  -0.005989  0.999442  1.000000  -0.000084  0.000411  0.000084  1.000000  0.000076  -0.000411  -0.000076  1.000000  0.999660  -0.003854  0.025777  -0.025799  -0.005637  0.999651  -0.003707  -0.999977  -0.005734  0.000370  0.034088  
51.623605 0.004154  0.085873  0.010465  0.966456  0.233508  0.106946  -0.116759  0.028573  0.992749  0.228759  -0.971935  0.054878  0.000880  -0.009462  0.004465  0.300990  -1.504997  -0.290042  2.000000  0.999603  -0.004324  0.027836  -0.027861  -0.006003  0.999594  -0.004155  -0.999973  -0.006121  0.999429  -0.007782  0.032877  0.007586  0.999953  0.006094  -0.032923  -0.005841  0.999441  1.000000  -0.000096  0.000411  0.000096  1.000000  0.000075  -0.000411  -0.000075  1.000000  0.999603  -0.004324  0.027836  -0.027861  -0.006003  0.999594  -0.004155  -0.999973  -0.006121  0.000384  0.034315  
51.624606 0.004155  0.085859  0.010465  0.966438  0.232903  0.108413  -0.118170  0.028315  0.992590  0.228108  -0.972088  0.054887  0.001005  -0.010063  0.003768  0.305269  -1.526403  -0.306891  2.000000  0.999567  -0.004635  0.029074  -0.029103  -0.006219  0.999557  -0.004452  -0.999970  -0.006351  0.999416  -0.008440  0.033114  0.008241  0.999947  0.006143  -0.033164  -0.005866  0.999433  1.000000  -0.000104  0.000414  0.000104  1.000000  0.000075  -0.000414  -0.000075  1.000000  0.999567  -0.004635  0.029074  -0.029103  -0.006219  0.999557  -0.004452  -0.999970  -0.006351  0.000395  0.034703  
51.625855 0.004155  0.085840  0.010462  0.966448  0.232183  0.109859  -0.119585  0.028196  0.992424  0.227326  -0.972263  0.055015  0.001120  -0.010700  0.002820  0.297937  -1.515159  -0.322096  2.000000  0.999502  -0.005185  0.031124  -0.031158  -0.006571  0.999493  -0.004977  -0.999965  -0.006729  0.999431  -0.008865  0.032542  0.008679  0.999945  0.005863  -0.032592  -0.005577  0.999453  1.000000  -0.000110  0.000407  0.000110  1.000000  0.000072  -0.000407  -0.000071  1.000000  0.999502  -0.005185  0.031124  -0.031158  -0.006571  0.999493  -0.004977  -0.999965  -0.006729  0.000396  0.034216  
51.626855 0.004156  0.085825  0.010459  0.966390  0.231830  0.111106  -0.120790  0.027957  0.992284  0.226935  -0.972354  0.055020  0.001165  -0.011164  0.002085  0.291815  -1.494628  -0.326711  2.000000  0.999448  -0.005636  0.032733  -0.032771  -0.006838  0.999439  -0.005409  -0.999961  -0.007019  0.999450  -0.008895  0.031946  0.008717  0.999946  0.005705  -0.031995  -0.005423  0.999473  1.000000  -0.000110  0.000400  0.000110  1.000000  0.000070  -0.000400  -0.000070  1.000000  0.999448  -0.005636  0.032733  -0.032771  -0.006838  0.999439  -0.005409  -0.999961  -0.007019  0.000390  0.033631  
51.628105 0.004156  0.085807  0.010452  0.966361  0.231362  0.112333  -0.121999  0.027856  0.992139  0.226414  -0.972469  0.055145  0.001288  -0.011828  0.000914  0.277392  -1.469099  -0.329141  2.000000  0.999378  -0.006193  0.034703  -0.034747  -0.007162  0.999370  -0.005940  -0.999955  -0.007373  0.999478  -0.008662  0.031140  0.008496  0.999949  0.005486  -0.031185  -0.005218  0.999500  1.000000  -0.000107  0.000390  0.000107  1.000000  0.000067  -0.000390  -0.000067  1.000000  0.999378  -0.006193  0.034703  -0.034747  -0.007162  0.999370  -0.005940  -0.999955  -0.007373  0.000384  0.032768  
51.629106 0.004156  0.085793  0.010446  0.966350  0.231011  0.113144  -0.122806  0.027835  0.992040  0.226023  -0.972553  0.055268  0.001339  -0.012140  0.000175  0.271270  -1.462812  -0.333869  2.000000  0.999322  -0.006630  0.036229  -0.036278  -0.007405  0.999314  -0.006358  -0.999951  -0.007641  0.999515  -0.008584  0.029939  0.008433  0.999951  0.005180  -0.029982  -0.004925  0.999538  1.000000  -0.000106  0.000375  0.000106  1.000000  0.000063  -0.000375  -0.000063  1.000000  0.999322  -0.006630  0.036229  -0.036278  -0.007405  0.999314  -0.006358  -0.999951  -0.007641  0.000381  0.031557  
51.630106 0.004157  0.085779  0.010440  0.966368  0.230531  0.113962  -0.123617  0.027832  0.991940  0.225501  -0.972667  0.055393  0.001383  -0.012413  -0.000609  0.266743  -1.463678  -0.347129  2.000000  0.999264  -0.007066  0.037692  -0.037746  -0.007634  0.999258  -0.006773  -0.999946  -0.007895  0.999544  -0.008630  0.028945  0.008491  0.999952  0.004923  -0.028986  -0.004675  0.999569  1.000000  -0.000107  0.000362  0.000107  1.000000  0.000060  -0.000362  -0.000060  1.000000  0.999264  -0.007066  0.037692  -0.037746  -0.007634  0.999258  -0.006773  -0.999946  -0.007895  0.000383  0.030588  
51.631110 0.004158  0.085767  0.010434  0.966386  0.230052  0.114781  -0.124428  0.027828  0.991838  0.224980  -0.972780  0.055518  0.001444  -0.012551  -0.001317  0.261282  -1.463475  -0.368620  2.000000  0.999207  -0.007513  0.039114  -0.039172  -0.007851  0.999202  -0.007200  -0.999941  -0.008139  0.999563  -0.008934  0.028164  0.008805  0.999950  0.004724  -0.028205  -0.004474  0.999592  1.000000  -0.000111  0.000352  0.000111  1.000000  0.000058  -0.000352  -0.000057  1.000000  0.999207  -0.007513  0.039114  -0.039172  -0.007851  0.999202  -0.007200  -0.999941  -0.008139  0.000383  0.029907  
51.632118 0.004160  0.085755  0.010428  0.966402  0.229572  0.115599  -0.125240  0.027826  0.991736  0.224459  -0.972894  0.055643  0.001447  -0.012730  -0.002052  0.253640  -1.450945  -0.391611  2.000000  0.999162  -0.007856  0.040159  -0.040222  -0.008007  0.999159  -0.007527  -0.999937  -0.008316  0.999573  -0.009084  0.027776  0.008959  0.999949  0.004616  -0.027816  -0.004366  0.999604  1.000000  -0.000113  0.000347  0.000113  1.000000  0.000056  -0.000348  -0.000056  1.000000  0.999162  -0.007856  0.040159  -0.040222  -0.008007  0.999159  -0.007527  -0.999937  -0.008316  0.000380  0.029571  
51.633377 0.004163  0.085742  0.010421  0.966451  0.228855  0.116608  -0.126258  0.027932  0.991604  0.223676  -0.973060  0.055889  0.001439  -0.012861  -0.002747  0.236828  -1.418427  -0.420063  2.000000  0.999102  -0.008321  0.041539  -0.041607  -0.008209  0.999100  -0.007972  -0.999932  -0.008548  0.999582  -0.009231  0.027389  0.009114  0.999949  0.004385  -0.027429  -0.004133  0.999615  1.000000  -0.000115  0.000343  0.000115  1.000000  0.000053  -0.000343  -0.000053  1.000000  0.999102  -0.008321  0.041539  -0.041607  -0.008209  0.999100  -0.007972  -0.999932  -0.008548  0.000376  0.029219  
51.634610 0.004165  0.085728  0.010414  0.966495  0.228246  0.117434  -0.127073  0.027948  0.991500  0.223024  -0.973202  0.056016  0.001330  -0.012986  -0.003361  0.221075  -1.373133  -0.436324  2.000000  0.999041  -0.008801  0.042882  -0.042956  -0.008397  0.999042  -0.008432  -0.999926  -0.008767  0.999600  -0.009536  0.026610  0.009428  0.999947  0.004179  -0.026649  -0.003927  0.999637  1.000000  -0.000119  0.000333  0.000119  1.000000  0.000051  -0.000333  -0.000051  1.000000  0.999041  -0.008801  0.042882  -0.042956  -0.008397  0.999042  -0.008432  -0.999926  -0.008767  0.000368  0.028560  
51.635859 0.004166  0.085714  0.010407  0.966538  0.227652  0.118233  -0.127888  0.028086  0.991391  0.222372  -0.973337  0.056260  0.001181  -0.013059  -0.003927  0.202628  -1.333677  -0.443036  2.000000  0.998965  -0.009406  0.044501  -0.044582  -0.008613  0.998969  -0.009013  -0.999919  -0.009023  0.999631  -0.009594  0.025416  0.009499  0.999947  0.003876  -0.025452  -0.003633  0.999669  1.000000  -0.000119  0.000318  0.000119  1.000000  0.000047  -0.000318  -0.000047  1.000000  0.998965  -0.009406  0.044501  -0.044582  -0.008613  0.998969  -0.009013  -0.999919  -0.009023  0.000357  0.027428  
51.637109 0.004167  0.085700  0.010400  0.966603  0.227162  0.118643  -0.128302  0.028181  0.991335  0.221850  -0.973449  0.056385  0.001023  -0.012950  -0.004414  0.187436  -1.272632  -0.437207  2.000000  0.998891  -0.010017  0.046014  -0.046103  -0.008800  0.998898  -0.009601  -0.999911  -0.009252  0.999679  -0.009692  0.023423  0.009619  0.999948  0.003265  -0.023453  -0.003038  0.999720  1.000000  -0.000121  0.000293  0.000121  1.000000  0.000039  -0.000293  -0.000039  1.000000  0.998891  -0.010017  0.046014  -0.046103  -0.008800  0.998898  -0.009601  -0.999911  -0.009252  0.000344  0.025547  
51.638359 0.004168  0.085684  0.010392  0.966665  0.226809  0.118815  -0.128513  0.028427  0.991300  0.221459  -0.973524  0.056627  0.000961  -0.012796  -0.004915  0.168535  -1.212116  -0.435923  2.000000  0.998820  -0.010621  0.047388  -0.047484  -0.008949  0.998832  -0.010185  -0.999904  -0.009443  0.999729  -0.009536  0.021215  0.009481  0.999951  0.002724  -0.021240  -0.002522  0.999771  1.000000  -0.000119  0.000265  0.000119  1.000000  0.000033  -0.000265  -0.000033  1.000000  0.998820  -0.010621  0.047388  -0.047484  -0.008949  0.998832  -0.010185  -0.999904  -0.009443  0.000329  0.023409  
51.639607 0.004168  0.085668  0.010382  0.966700  0.226463  0.119191  -0.128922  0.028625  0.991241  0.221067  -0.973599  0.056868  0.000927  -0.012742  -0.005476  0.149702  -1.151679  -0.434698  2.000000  0.998753  -0.011220  0.048649  -0.048752  -0.009066  0.998770  -0.010765  -0.999896  -0.009602  0.999763  -0.009486  0.019611  0.009442  0.999953  0.002334  -0.019632  -0.002148  0.999805  1.000000  -0.000118  0.000245  0.000118  1.000000  0.000028  -0.000245  -0.000028  1.000000  0.998753  -0.011220  0.048649  -0.048752  -0.009066  0.998770  -0.010765  -0.999896  -0.009602  0.000314  0.021902  
51.640608 0.004170  0.085654  0.010374  0.966761  0.226096  0.119390  -0.129133  0.028751  0.991210  0.220676  -0.973681  0.056991  0.000979  -0.012636  -0.005980  0.140251  -1.109061  -0.437261  2.000000  0.998714  -0.011579  0.049366  -0.049472  -0.009123  0.998734  -0.011114  -0.999891  -0.009684  0.999776  -0.009658  0.018823  0.009624  0.999952  0.001897  -0.018840  -0.001715  0.999821  1.000000  -0.000121  0.000235  0.000121  1.000000  0.000023  -0.000235  -0.000023  1.000000  0.998714  -0.011579  0.049366  -0.049472  -0.009123  0.998734  -0.011114  -0.999891  -0.009684  0.000303  0.021234  
51.641856 0.004172  0.085636  0.010362  0.966854  0.225476  0.119808  -0.129551  0.028864  0.991153  0.220023  -0.973821  0.057118  0.001101  -0.012539  -0.006482  0.132682  -1.062871  -0.439826  2.000000  0.998650  -0.012181  0.050497  -0.050611  -0.009198  0.998676  -0.011700  -0.999884  -0.009802  0.999799  -0.009588  0.017619  0.009561  0.999953  0.001601  -0.017633  -0.001432  0.999843  1.000000  -0.000120  0.000220  0.000120  1.000000  0.000019  -0.000220  -0.000019  1.000000  0.998650  -0.012181  0.050497  -0.050611  -0.009198  0.998676  -0.011700  -0.999884  -0.009802  0.000292  0.020117  
51.643105 0.004175  0.085621  0.010349  0.966917  0.225001  0.120192  -0.129964  0.029081  0.991092  0.219501  -0.973925  0.057361  0.001268  -0.012402  -0.006844  0.113299  -1.003967  -0.438079  2.000000  0.998589  -0.012779  0.051536  -0.051656  -0.009247  0.998622  -0.012285  -0.999876  -0.009894  0.999823  -0.009529  0.016215  0.009510  0.999954  0.001260  -0.016226  -0.001105  0.999868  1.000000  -0.000119  0.000203  0.000119  1.000000  0.000015  -0.000203  -0.000015  1.000000  0.998589  -0.012779  0.051536  -0.051656  -0.009247  0.998622  -0.012285  -0.999876  -0.009894  0.000280  0.018845  
51.644105 0.004178  0.085610  0.010340  0.966978  0.224619  0.120419  -0.130175  0.029087  0.991064  0.219109  -0.974012  0.057366  0.001489  -0.012195  -0.007081  0.108255  -0.962451  -0.436322  2.000000  0.998543  -0.013252  0.052303  -0.052427  -0.009265  0.998582  -0.012749  -0.999869  -0.009946  0.999847  -0.009337  0.014802  0.009326  0.999956  0.000799  -0.014809  -0.000661  0.999890  1.000000  -0.000117  0.000185  0.000117  1.000000  0.000009  -0.000185  -0.000009  1.000000  0.998543  -0.013252  0.052303  -0.052427  -0.009265  0.998582  -0.012749  -0.999869  -0.009946  0.000269  0.017517  
51.645357 0.004184  0.085598  0.010329  0.967011  0.224273  0.120795  -0.130585  0.029287  0.991004  0.218718  -0.974086  0.057608  0.001804  -0.011911  -0.007254  0.089832  -0.902386  -0.435183  2.000000  0.998490  -0.013826  0.053168  -0.053299  -0.009268  0.998536  -0.013313  -0.999861  -0.009991  0.999876  -0.008902  0.012974  0.008898  0.999960  0.000364  -0.012976  -0.000248  0.999916  1.000000  -0.000111  0.000162  0.000111  1.000000  0.000004  -0.000162  -0.000004  1.000000  0.998490  -0.013826  0.053168  -0.053299  -0.009268  0.998536  -0.013313  -0.999861  -0.009991  0.000253  0.015738  
51.646358 0.004191  0.085589  0.010321  0.967069  0.224029  0.120784  -0.130593  0.029442  0.990999  0.218457  -0.974138  0.057730  0.002104  -0.011686  -0.007450  0.071457  -0.828606  -0.429934  2.000000  0.998451  -0.014264  0.053785  -0.053920  -0.009247  0.998502  -0.013745  -0.999856  -0.010002  0.999892  -0.008556  0.011952  0.008557  0.999963  0.000001  -0.011952  0.000102  0.999929  1.000000  -0.000107  0.000149  0.000107  1.000000  -0.000001  -0.000149  0.000001  1.000000  0.998451  -0.014264  0.053785  -0.053920  -0.009247  0.998502  -0.013745  -0.999856  -0.010002  0.000240  0.014700  
51.647358 0.004197  0.085580  0.010314  0.967098  0.223915  0.120764  -0.130597  0.029580  0.990994  0.218326  -0.974160  0.057849  0.002415  -0.011526  -0.007589  0.061364  -0.781075  -0.419574  2.000000  0.998414  -0.014686  0.054342  -0.054480  -0.009212  0.998472  -0.014163  -0.999850  -0.009998  0.999906  -0.008489  0.010746  0.008493  0.999964  -0.000284  -0.010743  0.000375  0.999942  1.000000  -0.000106  0.000134  0.000106  1.000000  -0.000004  -0.000134  0.000004  1.000000  0.998414  -0.014686  0.054342  -0.054480  -0.009212  0.998472  -0.014163  -0.999850  -0.009998  0.000224  0.013699  
51.648359 0.004204  0.085571  0.010306  0.967156  0.223671  0.120752  -0.130605  0.029735  0.990989  0.218065  -0.974211  0.057971  0.002744  -0.011370  -0.007678  0.046019  -0.719886  -0.417897  2.000000  0.998389  -0.014997  0.054724  -0.054865  -0.009172  0.998452  -0.014472  -0.999845  -0.009980  0.999917  -0.008265  0.009932  0.008273  0.999966  -0.000717  -0.009926  0.000799  0.999950  1.000000  -0.000103  0.000124  0.000103  1.000000  -0.000009  -0.000124  0.000009  1.000000  0.998389  -0.014997  0.054724  -0.054865  -0.009172  0.998452  -0.014472  -0.999845  -0.009980  0.000213  0.012944  
51.649613 0.004213  0.085560  0.010297  0.967213  0.223442  0.120713  -0.130612  0.030010  0.990979  0.217804  -0.974255  0.058211  0.003192  -0.011195  -0.007863  0.029238  -0.665532  -0.411839  2.000000  0.998349  -0.015504  0.055299  -0.055444  -0.009091  0.998420  -0.014977  -0.999838  -0.009935  0.999929  -0.008066  0.008717  0.008075  0.999967  -0.001001  -0.008709  0.001071  0.999962  1.000000  -0.000101  0.000109  0.000101  1.000000  -0.000013  -0.000109  0.000013  1.000000  0.998349  -0.015504  0.055299  -0.055444  -0.009091  0.998420  -0.014977  -0.999838  -0.009935  0.000199  0.011922  
51.650857 0.004221  0.085548  0.010287  0.967273  0.223090  0.120886  -0.130823  0.030257  0.990944  0.217412  -0.974328  0.058452  0.003671  -0.011009  -0.007981  0.011396  -0.619865  -0.406251  2.000000  0.998313  -0.016002  0.055809  -0.055957  -0.008988  0.998393  -0.015475  -0.999832  -0.009869  0.999937  -0.007977  0.007911  0.007986  0.999967  -0.001191  -0.007902  0.001254  0.999968  1.000000  -0.000100  0.000099  0.000100  1.000000  -0.000015  -0.000099  0.000015  1.000000  0.998313  -0.016002  0.055809  -0.055957  -0.008988  0.998393  -0.015475  -0.999832  -0.009869  0.000188  0.011301  
51.651860 0.004229  0.085539  0.010280  0.967331  0.222846  0.120875  -0.130831  0.030412  0.990938  0.217151  -0.974379  0.058574  0.004179  -0.010864  -0.008127  -0.002704  -0.563686  -0.399567  2.000000  0.998286  -0.016392  0.056179  -0.056330  -0.008893  0.998373  -0.015865  -0.999826  -0.009801  0.999945  -0.007755  0.007097  0.007765  0.999969  -0.001502  -0.007085  0.001557  0.999974  1.000000  -0.000097  0.000089  0.000097  1.000000  -0.000019  -0.000089  0.000019  1.000000  0.998286  -0.016392  0.056179  -0.056330  -0.008893  0.998373  -0.015865  -0.999826  -0.009801  0.000175  0.010623  
51.653108 0.004239  0.085529  0.010272  0.967417  0.222503  0.120817  -0.130843  0.030825  0.990924  0.216759  -0.974445  0.058934  0.004800  -0.010535  -0.008168  -0.025060  -0.502517  -0.389542  2.000000  0.998256  -0.016862  0.056578  -0.056731  -0.008756  0.998351  -0.016339  -0.999819  -0.009697  0.999954  -0.007557  0.005883  0.007568  0.999970  -0.001905  -0.005868  0.001950  0.999981  1.000000  -0.000095  0.000073  0.000095  1.000000  -0.000024  -0.000073  0.000024  1.000000  0.998256  -0.016862  0.056578  -0.056731  -0.008756  0.998351  -0.016339  -0.999819  -0.009697  0.000162  0.009769  
51.654115 0.004246  0.085521  0.010265  0.967474  0.222274  0.120779  -0.130851  0.031101  0.990914  0.216498  -0.974488  0.059174  0.005279  -0.010156  -0.008054  -0.044196  -0.454555  -0.378666  2.000000  0.998235  -0.017217  0.056837  -0.056992  -0.008630  0.998337  -0.016698  -0.999815  -0.009596  0.999963  -0.007080  0.004852  0.007091  0.999972  -0.002261  -0.004836  0.002295  0.999986  1.000000  -0.000089  0.000061  0.000089  1.000000  -0.000028  -0.000061  0.000028  1.000000  0.998235  -0.017217  0.056837  -0.056992  -0.008630  0.998337  -0.016698  -0.999815  -0.009596  0.000152  0.008881  
51.655361 0.004258  0.085512  0.010260  0.967532  0.222059  0.120714  -0.130858  0.031496  0.990901  0.216236  -0.974524  0.059532  0.005954  -0.009586  -0.007734  -0.064871  -0.399869  -0.363856  2.000000  0.998217  -0.017549  0.057055  -0.057211  -0.008488  0.998326  -0.017035  -0.999810  -0.009477  0.999969  -0.006726  0.004029  0.006737  0.999974  -0.002569  -0.004012  0.002596  0.999989  1.000000  -0.000084  0.000050  0.000084  1.000000  -0.000032  -0.000050  0.000032  1.000000  0.998217  -0.017549  0.057055  -0.057211  -0.008488  0.998326  -0.017035  -0.999810  -0.009477  0.000139  0.008255  
51.656608 0.004269  0.085505  0.010255  0.967616  0.221838  0.120445  -0.130667  0.031938  0.990912  0.215975  -0.974560  0.059890  0.006619  -0.008904  -0.007259  -0.089517  -0.345579  -0.358009  2.000000  0.998197  -0.017941  0.057273  -0.057429  -0.008288  0.998315  -0.017436  -0.999805  -0.009304  0.999976  -0.006251  0.002998  0.006260  0.999976  -0.002921  -0.002979  0.002940  0.999991  1.000000  -0.000078  0.000037  0.000078  1.000000  -0.000037  -0.000037  0.000037  1.000000  0.998197  -0.017941  0.057273  -0.057429  -0.008288  0.998315  -0.017436  -0.999805  -0.009304  0.000129  0.007527  
51.657855 0.004282  0.085500  0.010251  0.967645  0.221753  0.120372  -0.130671  0.032316  0.990899  0.215844  -0.974567  0.060247  0.007254  -0.008192  -0.006625  -0.106969  -0.304500  -0.346881  2.000000  0.998180  -0.018310  0.057450  -0.057605  -0.008068  0.998307  -0.017816  -0.999800  -0.009108  0.999979  -0.006008  0.002583  0.006016  0.999977  -0.003257  -0.002563  0.003272  0.999991  1.000000  -0.000075  0.000032  0.000075  1.000000  -0.000041  -0.000032  0.000041  1.000000  0.998180  -0.018310  0.057450  -0.057605  -0.008068  0.998307  -0.017816  -0.999800  -0.009108  0.000121  0.007309  
51.658855 0.004292  0.085497  0.010249  0.967700  0.221646  0.120122  -0.130475  0.032619  0.990915  0.215714  -0.974582  0.060485  0.007684  -0.007678  -0.006177  -0.116248  -0.275065  -0.341091  2.000000  0.998168  -0.018591  0.057576  -0.057730  -0.007883  0.998301  -0.018105  -0.999796  -0.008942  0.999981  -0.005752  0.002368  0.005760  0.999978  -0.003425  -0.002349  0.003438  0.999991  1.000000  -0.000072  0.000029  0.000072  1.000000  -0.000043  -0.000029  0.000043  1.000000  0.998168  -0.018591  0.057576  -0.057730  -0.007883  0.998301  -0.018105  -0.999796  -0.008942  0.000115  0.007104  
51.660106 0.004305  0.085492  0.010246  0.967757  0.221431  0.120058  -0.130483  0.033014  0.990901  0.215453  -0.974617  0.060843  0.008153  -0.007163  -0.005693  -0.132014  -0.240957  -0.329647  2.000000  0.998154  -0.018932  0.057702  -0.057855  -0.007638  0.998296  -0.018459  -0.999792  -0.008719  0.999983  -0.005521  0.001752  0.005528  0.999978  -0.003683  -0.001732  0.003693  0.999992  1.000000  -0.000069  0.000022  0.000069  1.000000  -0.000046  -0.000022  0.000046  1.000000  0.998154  -0.018932  0.057702  -0.057855  -0.007638  0.998296  -0.018459  -0.999792  -0.008719  0.000108  0.006867  
51.661355 0.004318  0.085488  0.010242  0.967786  0.221345  0.119985  -0.130487  0.033392  0.990888  0.215322  -0.974624  0.061199  0.008488  -0.006756  -0.005282  -0.146479  -0.201381  -0.312402  2.000000  0.998142  -0.019255  0.057802  -0.057953  -0.007381  0.998292  -0.018796  -0.999787  -0.008483  0.999985  -0.005279  0.001337  0.005284  0.999978  -0.003896  -0.001316  0.003903  0.999992  1.000000  -0.000066  0.000017  0.000066  1.000000  -0.000049  -0.000017  0.000049  1.000000  0.998142  -0.019255  0.057802  -0.057953  -0.007381  0.998292  -0.018796  -0.999787  -0.008483  0.000102  0.006698  
51.662355 0.004328  0.085483  0.010238  0.967788  0.221252  0.120144  -0.130690  0.033605  0.990854  0.215191  -0.974637  0.061438  0.008709  -0.006444  -0.005024  -0.155178  -0.180416  -0.300104  2.000000  0.998136  -0.019437  0.057852  -0.058001  -0.007219  0.998290  -0.018987  -0.999785  -0.008333  0.999987  -0.004878  0.001314  0.004883  0.999980  -0.004139  -0.001293  0.004146  0.999991  1.000000  0.000000  0.000000  0.000000  1.000000  0.000000  0.000000  0.000000  1.000000  0.998136  -0.019437  0.057852  -0.058001  -0.007219  0.998290  -0.018987  -0.999785  -0.008333  0.000098  0.000000  
51.663607 0.004341  0.085478  0.010234  0.967816  0.221167  0.120072  -0.130694  0.033983  0.990840  0.215061  -0.974644  0.061794  0.009022  -0.006054  -0.004678  -0.169454  -0.152161  -0.279193  2.000000  0.998136  -0.019437  0.057852  -0.058001  -0.007219  0.998290  -0.018987  -0.999785  -0.008333  0.999989  -0.004502  0.000889  0.004506  0.999980  -0.004352  -0.000870  0.004356  0.999990  1.000000  0.000000  0.000000  0.000000  1.000000  0.000000  0.000000  0.000000  1.000000  0.998136  -0.019437  0.057852  -0.058001  -0.007219  0.998290  -0.018987  -0.999785  -0.008333  0.000092  0.000000  
51.664615 0.004351  0.085474  0.010230  0.967816  0.221210  0.119991  -0.130694  0.034343  0.990828  0.215061  -0.974621  0.062149  0.009222  -0.005681  -0.004396  -0.179609  -0.124188  -0.262796  2.000000  0.998136  -0.019437  0.057852  -0.058001  -0.007219  0.998290  -0.018987  -0.999785  -0.008333  0.999991  -0.004114  0.000664  0.004117  0.999981  -0.004640  -0.000645  0.004643  0.999989  1.000000  0.000000  0.000000  0.000000  1.000000  0.000000  0.000000  0.000000  1.000000  0.998136  -0.019437  0.057852  -0.058001  -0.007219  0.998290  -0.018987  -0.999785  -0.008333  0.000087  0.000000  
51.665863 0.004364  0.085468  0.010226  0.967845  0.221125  0.119919  -0.130698  0.034721  0.990814  0.214930  -0.974627  0.062505  0.009530  -0.005278  -0.004038  -0.192349  -0.102949  -0.246047  2.000000  0.998136  -0.019437  0.057852  -0.058001  -0.007219  0.998290  -0.018987  -0.999785  -0.008333  0.999992  -0.003872  0.000248  0.003873  0.999980  -0.004973  -0.000229  0.004974  0.999988  1.000000  0.000000  0.000000  0.000000  1.000000  0.000000  0.000000  0.000000  1.000000  0.998136  -0.019437  0.057852  -0.058001  -0.007219  0.998290  -0.018987  -0.999785  -0.008333  0.000083  0.000000  
51.667110 0.004377  0.085463  0.010222  0.967845  0.221168  0.119838  -0.130698  0.035082  0.990801  0.214930  -0.974604  0.062860  0.009809  -0.004944  -0.003772  -0.199489  -0.088455  -0.228905  2.000000  0.998132  -0.019606  0.057868  -0.058014  -0.006951  0.998292  -0.019170  -0.999784  -0.008075  0.999993  -0.003605  0.000233  0.003606  0.999980  -0.005215  -0.000214  0.005216  0.999986  1.000000  -0.000045  0.000003  0.000045  1.000000  -0.000065  -0.000003  0.000065  1.000000  0.998132  -0.019606  0.057868  -0.058014  -0.006951  0.998292  -0.019170  -0.999784  -0.008075  0.000081  0.006345  
