1-Time 2-Px 3-Py 4-Pz 5-R11 6-R21 7-R31 8-R12 9-R22 10-R32 11-R13 12-R23 13-R33 14-Vx 15-Vy 16-Vz 17-Wx 18-Wy 19-Wz 20-state 21-PR11 22-PR21 23-PR31 24-PR12 25-PR22 26-PR32 27-PR13 28-PR23 29-PR33 
88.631984 0.009291  0.100054  -0.001105  0.986835  0.143387  0.074817  -0.148395  0.986702  0.066317  -0.064313  -0.076547  0.994990  0.000054  0.000104  -0.000010  0.000000  0.000000  0.000000  2.000000  1.000000  0.000000  0.000000  -0.000000  1.000000  0.000000  0.000000  -0.000000  1.000000  1.000000  -0.000205  -0.000016  0.000205  1.000000  -0.000108  0.000016  0.000108  1.000000  1.000000  0.000000  0.000000  0.000000  1.000000  0.000000  0.000000  0.000000  1.000000  0.769546  0.309158  0.558766  -0.255124  0.950977  -0.174800  -0.585415  -0.008038  0.810694  0.000000  0.000000  
88.632987 0.009291  0.100054  -0.001105  0.986835  0.143387  0.074817  -0.148395  0.986702  0.066317  -0.064313  -0.076547  0.994990  0.000054  0.000104  -0.000010  0.000000  0.000000  0.000000  2.000000  1.000000  0.000000  0.000000  0.000000  1.000000  0.000000  0.000000  0.000000  1.000000  1.000000  -0.000205  -0.000016  0.000205  1.000000  -0.000108  0.000016  0.000108  1.000000  1.000000  0.000000  0.000000  0.000000  1.000000  0.000000  0.000000  0.000000  1.000000  1.000000  0.000000  0.000000  0.000000  1.000000  0.000000  0.000000  0.000000  1.000000  0.000000  0.000000  
88.634241 0.009294  0.100056  -0.001104  0.986704  0.144180  0.075020  -0.149206  0.986577  0.066356  -0.064446  -0.076667  0.994972  0.000207  0.000198  0.000022  0.000000  0.000000  0.000000  2.000000  1.000000  0.000000  0.000000  0.000000  1.000000  0.000000  0.000000  0.000000  1.000000  1.000000  0.000399  0.000165  -0.000399  1.000000  -0.000027  -0.000165  0.000026  1.000000  1.000000  0.000000  0.000000  0.000000  1.000000  0.000000  0.000000  0.000000  1.000000  1.000000  0.000000  0.000000  0.000000  1.000000  0.000000  0.000000  0.000000  1.000000  0.000000  0.000000  
88.635486 0.009297  0.100057  -0.001104  0.986532  0.145166  0.075369  -0.150219  0.986423  0.066358  -0.064713  -0.076786  0.994945  0.000435  0.000271  0.000031  0.000000  0.000000  0.000000  2.000000  1.000000  0.000000  0.000000  0.000000  1.000000  0.000000  0.000000  0.000000  1.000000  0.999999  0.001403  0.000511  -0.001403  0.999999  0.000028  -0.000511  -0.000029  1.000000  1.000000  0.000000  0.000000  0.000000  1.000000  0.000000  0.000000  0.000000  1.000000  1.000000  0.000000  0.000000  0.000000  1.000000  0.000000  0.000000  0.000000  1.000000  0.000000  0.000000  
88.636737 0.009299  0.100057  -0.001105  0.986391  0.145949  0.075705  -0.151029  0.986298  0.066375  -0.064980  -0.076906  0.994919  0.000604  0.000283  -0.000004  0.000000  0.000000  0.000000  2.000000  1.000000  0.000000  0.000000  0.000000  1.000000  0.000000  0.000000  0.000000  1.000000  0.999997  0.002202  0.000841  -0.002202  0.999998  0.000217  -0.000841  -0.000218  1.000000  1.000000  0.000000  0.000000  0.000000  1.000000  0.000000  0.000000  0.000000  1.000000  1.000000  0.000000  0.000000  0.000000  1.000000  0.000000  0.000000  0.000000  1.000000  0.000000  0.000000  
88.637737 0.009302  0.100058  -0.001105  0.986312  0.146325  0.076013  -0.151433  0.986233  0.066423  -0.065247  -0.077025  0.994892  0.000769  0.000267  -0.000029  0.000000  0.000000  0.000000  2.000000  1.000000  0.000000  0.000000  0.000000  1.000000  0.000000  0.000000  0.000000  1.000000  0.999996  0.002806  0.001022  -0.002806  0.999996  0.000297  -0.001021  -0.000300  0.999999  1.000000  0.000000  0.000000  0.000000  1.000000  0.000000  0.000000  0.000000  1.000000  1.000000  0.000000  0.000000  0.000000  1.000000  0.000000  0.000000  0.000000  1.000000  0.000000  0.000000  
88.638744 0.009306  0.100059  -0.001105  0.986249  0.146722  0.076058  -0.151839  0.986165  0.066512  -0.065247  -0.077146  0.994883  0.001022  0.000341  -0.000053  0.000000  0.000000  0.000000  2.000000  1.000000  0.000000  0.000000  0.000000  1.000000  0.000000  0.000000  0.000000  1.000000  0.999994  0.003205  0.001188  -0.003205  0.999995  0.000391  -0.001186  -0.000395  0.999999  1.000000  0.000000  0.000000  0.000000  1.000000  0.000000  0.000000  0.000000  1.000000  1.000000  0.000000  0.000000  0.000000  1.000000  0.000000  0.000000  0.000000  1.000000  0.000000  0.000000  
88.640002 0.009310  0.100061  -0.001105  0.986124  0.147516  0.076149  -0.152651  0.986028  0.066688  -0.065247  -0.077387  0.994864  0.001321  0.000472  -0.000034  0.000000  0.000000  0.000000  2.000000  1.000000  0.000000  0.000000  0.000000  1.000000  0.000000  0.000000  0.000000  1.000000  0.999992  0.003819  0.001236  -0.003820  0.999993  0.000472  -0.001234  -0.000477  0.999999  1.000000  0.000000  0.000000  0.000000  1.000000  0.000000  0.000000  0.000000  1.000000  1.000000  0.000000  0.000000  0.000000  1.000000  0.000000  0.000000  0.000000  1.000000  0.000000  0.000000  
88.641243 0.009315  0.100063  -0.001103  0.985966  0.148521  0.076235  -0.153666  0.985867  0.066729  -0.065247  -0.077508  0.994854  0.001614  0.000664  0.000064  0.017325  -0.044703  0.169608  2.000000  1.000000  0.000000  0.000000  0.000000  1.000000  0.000000  0.000000  0.000000  1.000000  0.999987  0.004843  0.001316  -0.004844  0.999988  0.000647  -0.001313  -0.000653  0.999999  1.000000  0.000000  0.000000  0.000000  1.000000  0.000000  0.000000  0.000000  1.000000  1.000000  0.000000  0.000000  0.000000  1.000000  0.000000  0.000000  0.000000  1.000000  0.000000  0.000000  
88.642248 0.009318  0.100065  -0.001102  0.985839  0.149324  0.076309  -0.154478  0.985736  0.066786  -0.065247  -0.077628  0.994845  0.001853  0.000751  0.000172  0.019606  -0.046842  0.197107  2.000000  1.000000  0.000075  0.000266  -0.000075  1.000000  0.000034  -0.000266  -0.000034  1.000000  0.999983  0.005662  0.001380  -0.005663  0.999984  0.000714  -0.001376  -0.000722  0.999999  1.000000  0.000020  0.000070  -0.000020  1.000000  0.000009  -0.000070  -0.000009  1.000000  1.000000  0.000075  0.000266  -0.000075  1.000000  0.000034  -0.000266  -0.000034  1.000000  0.000049  0.005872  
88.643488 0.009324  0.100068  -0.001100  0.985639  0.150512  0.076559  -0.155694  0.985537  0.066910  -0.065381  -0.077869  0.994817  0.002237  0.000955  0.000301  0.025058  -0.054568  0.238102  2.000000  1.000000  0.000196  0.000661  -0.000196  1.000000  0.000082  -0.000661  -0.000082  1.000000  0.999974  0.007085  0.001626  -0.007087  0.999975  0.000740  -0.001620  -0.000751  0.999998  1.000000  0.000027  0.000087  -0.000027  1.000000  0.000009  -0.000087  -0.000009  1.000000  1.000000  0.000196  0.000661  -0.000196  1.000000  0.000082  -0.000661  -0.000082  1.000000  0.000060  0.007308  
88.644489 0.009329  0.100072  -0.001098  0.985493  0.151294  0.076895  -0.156503  0.985408  0.066925  -0.065648  -0.077988  0.994791  0.002556  0.001158  0.000465  0.027303  -0.065686  0.264927  2.000000  0.999999  0.000307  0.001034  -0.000308  1.000000  0.000123  -0.001034  -0.000123  0.999999  0.999967  0.007884  0.001957  -0.007885  0.999969  0.000805  -0.001951  -0.000820  0.999998  1.000000  0.000028  0.000098  -0.000028  1.000000  0.000010  -0.000098  -0.000010  1.000000  0.999999  0.000307  0.001034  -0.000308  1.000000  0.000123  -0.001034  -0.000123  0.999999  0.000067  0.008163  
88.645743 0.009336  0.100076  -0.001094  0.985273  0.152471  0.077391  -0.157716  0.985217  0.066886  -0.066048  -0.078107  0.994755  0.003055  0.001484  0.000682  0.032690  -0.082329  0.305124  2.000000  0.999999  0.000460  0.001570  -0.000460  1.000000  0.000181  -0.001570  -0.000182  0.999999  0.999956  0.009091  0.002322  -0.009093  0.999958  0.000963  -0.002313  -0.000984  0.999997  1.000000  0.000032  0.000113  -0.000032  1.000000  0.000012  -0.000113  -0.000012  1.000000  0.999999  0.000460  0.001570  -0.000460  1.000000  0.000181  -0.001570  -0.000182  0.999999  0.000078  0.009433  
88.646990 0.009344  0.100082  -0.001089  0.985027  0.153860  0.077768  -0.159133  0.984991  0.066851  -0.066315  -0.078226  0.994728  0.003547  0.001853  0.001022  0.033565  -0.095068  0.352623  2.000000  0.999997  0.000626  0.002186  -0.000627  1.000000  0.000243  -0.002185  -0.000244  0.999998  0.999943  0.010288  0.002819  -0.010291  0.999947  0.000998  -0.002808  -0.001027  0.999996  1.000000  0.000034  0.000129  -0.000034  1.000000  0.000013  -0.000129  -0.000013  1.000000  0.999997  0.000626  0.002186  -0.000627  1.000000  0.000243  -0.002185  -0.000244  0.999998  0.000088  0.010715  
88.648233 0.009352  0.100089  -0.001085  0.984821  0.155048  0.078020  -0.160348  0.984786  0.066973  -0.066449  -0.078467  0.994700  0.003995  0.002257  0.001308  0.038671  -0.101999  0.390452  2.000000  0.999996  0.000776  0.002743  -0.000776  1.000000  0.000295  -0.002743  -0.000297  0.999996  0.999929  0.011506  0.003049  -0.011509  0.999933  0.001035  -0.003037  -0.001070  0.999995  1.000000  0.000039  0.000144  -0.000039  1.000000  0.000013  -0.000144  -0.000013  1.000000  0.999996  0.000776  0.002743  -0.000776  1.000000  0.000295  -0.002743  -0.000297  0.999996  0.000099  0.011950  
88.649234 0.009359  0.100094  -0.001081  0.984680  0.155839  0.078225  -0.161157  0.984651  0.067007  -0.066582  -0.078587  0.994681  0.004345  0.002544  0.001535  0.041223  -0.109481  0.420798  2.000000  0.999994  0.000945  0.003351  -0.000946  0.999999  0.000352  -0.003350  -0.000355  0.999994  0.999916  0.012519  0.003265  -0.012523  0.999921  0.001206  -0.003250  -0.001247  0.999994  1.000000  0.000043  0.000156  -0.000043  1.000000  0.000015  -0.000156  -0.000015  1.000000  0.999994  0.000945  0.003351  -0.000946  0.999999  0.000352  -0.003350  -0.000355  0.999994  0.000108  0.012996  
88.650243 0.009365  0.100099  -0.001079  0.984514  0.156843  0.078313  -0.162171  0.984482  0.067045  -0.066582  -0.078707  0.994672  0.004620  0.002800  0.001714  0.043023  -0.112158  0.455069  2.000000  0.999991  0.001131  0.004004  -0.001133  0.999999  0.000412  -0.004004  -0.000417  0.999992  0.999903  0.013543  0.003347  -0.013547  0.999907  0.001258  -0.003330  -0.001303  0.999994  1.000000  0.000049  0.000167  -0.000049  1.000000  0.000016  -0.000167  -0.000016  1.000000  0.999991  0.001131  0.004004  -0.001133  0.999999  0.000412  -0.004004  -0.000417  0.999992  0.000116  0.014009  
88.651486 0.009373  0.100103  -0.001076  0.984346  0.157837  0.078421  -0.163184  0.984304  0.067204  -0.066582  -0.078949  0.994653  0.004990  0.003089  0.001912  0.048923  -0.114934  0.489594  2.000000  0.999987  0.001390  0.004877  -0.001393  0.999999  0.000493  -0.004876  -0.000500  0.999988  0.999888  0.014566  0.003429  -0.014571  0.999893  0.001310  -0.003409  -0.001359  0.999993  1.000000  0.000054  0.000179  -0.000054  1.000000  0.000017  -0.000179  -0.000017  1.000000  0.999987  0.001390  0.004877  -0.001393  0.999999  0.000493  -0.004876  -0.000500  0.999988  0.000125  0.015024  
88.652487 0.009379  0.100106  -0.001075  0.984203  0.158628  0.078626  -0.163993  0.984167  0.067236  -0.066716  -0.079069  0.994634  0.005145  0.003221  0.001977  0.051171  -0.121643  0.516954  2.000000  0.999983  0.001614  0.005618  -0.001617  0.999999  0.000565  -0.005617  -0.000574  0.999984  0.999875  0.015374  0.003630  -0.015379  0.999881  0.001494  -0.003607  -0.001550  0.999992  1.000000  0.000057  0.000189  -0.000057  1.000000  0.000019  -0.000189  -0.000019  1.000000  0.999983  0.001614  0.005618  -0.001617  0.999999  0.000565  -0.005617  -0.000574  0.999984  0.000132  0.015870  
88.653738 0.009387  0.100109  -0.001074  0.983982  0.159803  0.079011  -0.165206  0.983958  0.067334  -0.066983  -0.079308  0.994597  0.005402  0.003361  0.002095  0.056066  -0.134426  0.564330  2.000000  0.999976  0.001913  0.006607  -0.001918  0.999998  0.000659  -0.006606  -0.000672  0.999978  0.999855  0.016592  0.003862  -0.016598  0.999861  0.001529  -0.003836  -0.001593  0.999991  1.000000  0.000062  0.000204  -0.000062  1.000000  0.000020  -0.000204  -0.000020  1.000000  0.999976  0.001913  0.006607  -0.001918  0.999998  0.000659  -0.006606  -0.000672  0.999978  0.000144  0.017107  
88.654987 0.009396  0.100113  -0.001072  0.983794  0.160776  0.079381  -0.166216  0.983780  0.067447  -0.067250  -0.079548  0.994560  0.005696  0.003474  0.002160  0.061854  -0.146130  0.597897  2.000000  0.999968  0.002218  0.007640  -0.002224  0.999997  0.000763  -0.007638  -0.000780  0.999971  0.999851  0.016773  0.004151  -0.016781  0.999858  0.001751  -0.004121  -0.001820  0.999990  1.000000  0.000060  0.000207  -0.000060  1.000000  0.000022  -0.000207  -0.000022  1.000000  0.999968  0.002218  0.007640  -0.002224  0.999997  0.000763  -0.007638  -0.000780  0.999971  0.000153  0.017372  
88.655997 0.009402  0.100114  -0.001073  0.983604  0.161748  0.079752  -0.167225  0.983601  0.067559  -0.067517  -0.079788  0.994523  0.005931  0.003449  0.002058  0.067644  -0.157871  0.631580  2.000000  0.999963  0.002404  0.008271  -0.002411  0.999997  0.000831  -0.008269  -0.000851  0.999965  0.999844  0.017182  0.004185  -0.017190  0.999851  0.001842  -0.004153  -0.001913  0.999990  1.000000  0.000062  0.000212  -0.000062  1.000000  0.000023  -0.000212  -0.000023  1.000000  0.999963  0.002404  0.008271  -0.002411  0.999997  0.000831  -0.008269  -0.000851  0.999965  0.000162  0.017785  
88.657008 0.009408  0.100116  -0.001073  0.983492  0.162335  0.079945  -0.167831  0.983495  0.067607  -0.067650  -0.079908  0.994504  0.006095  0.003422  0.001934  0.070259  -0.163901  0.651410  2.000000  0.999955  0.002652  0.009119  -0.002661  0.999996  0.000925  -0.009117  -0.000950  0.999958  0.999844  0.017181  0.004189  -0.017189  0.999850  0.001958  -0.004155  -0.002030  0.999989  1.000000  0.000062  0.000212  -0.000062  1.000000  0.000025  -0.000212  -0.000025  1.000000  0.999955  0.002652  0.009119  -0.002661  0.999996  0.000925  -0.009117  -0.000950  0.999958  0.000169  0.017797  
88.658239 0.009415  0.100116  -0.001075  0.983301  0.163307  0.080316  -0.168840  0.983314  0.067718  -0.067917  -0.080148  0.994466  0.006192  0.003258  0.001683  0.076077  -0.175752  0.685477  2.000000  0.999946  0.002905  0.009974  -0.002915  0.999995  0.001022  -0.009971  -0.001051  0.999950  0.999840  0.017384  0.004209  -0.017393  0.999847  0.002061  -0.004173  -0.002134  0.999989  1.000000  0.000063  0.000214  -0.000063  1.000000  0.000026  -0.000214  -0.000026  1.000000  0.999946  0.002905  0.009974  -0.002915  0.999995  0.001022  -0.009971  -0.001051  0.999950  0.000176  0.018010  
88.659243 0.009422  0.100117  -0.001076  0.983187  0.163884  0.080529  -0.169446  0.983199  0.067884  -0.068051  -0.080388  0.994438  0.006270  0.003104  0.001489  0.082793  -0.181913  0.705619  2.000000  0.999936  0.003162  0.010844  -0.003175  0.999994  0.001122  -0.010840  -0.001156  0.999941  0.999836  0.017589  0.004228  -0.017597  0.999843  0.002044  -0.004191  -0.002118  0.999989  1.000000  0.000064  0.000217  -0.000064  1.000000  0.000026  -0.000217  -0.000026  1.000000  0.999936  0.003162  0.010844  -0.003175  0.999994  0.001122  -0.010840  -0.001156  0.999941  0.000182  0.018210  
88.660489 0.009429  0.100119  -0.001077  0.983038  0.164663  0.080756  -0.170254  0.983049  0.068034  -0.068184  -0.080629  0.994409  0.006300  0.002867  0.001178  0.089076  -0.188683  0.732878  2.000000  0.999923  0.003487  0.011946  -0.003503  0.999993  0.001250  -0.011942  -0.001292  0.999928  0.999829  0.017986  0.004398  -0.017995  0.999836  0.002013  -0.004361  -0.002092  0.999988  1.000000  0.000065  0.000222  -0.000065  1.000000  0.000026  -0.000222  -0.000026  1.000000  0.999923  0.003487  0.011946  -0.003503  0.999993  0.001250  -0.011942  -0.001292  0.999928  0.000191  0.018631  
88.661742 0.009437  0.100120  -0.001079  0.982854  0.165645  0.080997  -0.171264  0.982864  0.068166  -0.068318  -0.080869  0.994381  0.006297  0.002578  0.000712  0.094889  -0.195988  0.766950  2.000000  0.999908  0.003800  0.013039  -0.003819  0.999992  0.001382  -0.013034  -0.001432  0.999914  0.999836  0.017564  0.004505  -0.017574  0.999843  0.002161  -0.004466  -0.002239  0.999988  1.000000  0.000061  0.000218  -0.000061  1.000000  0.000027  -0.000218  -0.000028  1.000000  0.999908  0.003800  0.013039  -0.003819  0.999992  0.001382  -0.013034  -0.001432  0.999914  0.000198  0.018267  
88.662993 0.009443  0.100121  -0.001081  0.982748  0.166232  0.081080  -0.171871  0.982745  0.068355  -0.068318  -0.081111  0.994361  0.006178  0.002203  0.000246  0.102125  -0.197175  0.780705  2.000000  0.999892  0.004099  0.014119  -0.004121  0.999990  0.001516  -0.014113  -0.001574  0.999899  0.999843  0.017154  0.004474  -0.017164  0.999850  0.002189  -0.004436  -0.002266  0.999988  1.000000  0.000059  0.000214  -0.000059  1.000000  0.000028  -0.000214  -0.000028  1.000000  0.999892  0.004099  0.014119  -0.004121  0.999990  0.001516  -0.014113  -0.001574  0.999899  0.000201  0.017868  
88.664237 0.009449  0.100122  -0.001083  0.982623  0.166808  0.081404  -0.172475  0.982638  0.068378  -0.068585  -0.081230  0.994333  0.006039  0.001836  -0.000153  0.101157  -0.200150  0.774123  2.000000  0.999879  0.004327  0.014966  -0.004352  0.999989  0.001627  -0.014958  -0.001692  0.999887  0.999850  0.016744  0.004445  -0.016754  0.999857  0.002337  -0.004406  -0.002411  0.999987  1.000000  0.000057  0.000209  -0.000057  1.000000  0.000030  -0.000209  -0.000030  1.000000  0.999879  0.004327  0.014966  -0.004352  0.999989  0.001627  -0.014958  -0.001692  0.999887  0.000201  0.017486  
88.665487 0.009455  0.100123  -0.001085  0.982507  0.167394  0.081598  -0.173080  0.982528  0.068423  -0.068718  -0.081349  0.994314  0.005865  0.001517  -0.000541  0.103165  -0.191287  0.760530  2.000000  0.999861  0.004604  0.016002  -0.004633  0.999988  0.001769  -0.015993  -0.001842  0.999870  0.999857  0.016333  0.004414  -0.016343  0.999864  0.002240  -0.004377  -0.002312  0.999988  1.000000  0.000055  0.000204  -0.000055  1.000000  0.000028  -0.000204  -0.000028  1.000000  0.999861  0.004604  0.016002  -0.004633  0.999988  0.001769  -0.015993  -0.001842  0.999870  0.000198  0.017072  
88.666763 0.009460  0.100124  -0.001088  0.982391  0.167980  0.081791  -0.173686  0.982418  0.068469  -0.068852  -0.081469  0.994295  0.005695  0.001309  -0.000837  0.103376  -0.186172  0.753261  2.000000  0.999844  0.004874  0.016996  -0.004907  0.999986  0.001909  -0.016986  -0.001992  0.999854  0.999868  0.015740  0.004100  -0.015749  0.999873  0.002281  -0.004064  -0.002345  0.999989  1.000000  0.000054  0.000196  -0.000054  1.000000  0.000029  -0.000196  -0.000029  1.000000  0.999844  0.004874  0.016996  -0.004907  0.999986  0.001909  -0.016986  -0.001992  0.999854  0.000196  0.016430  
88.667987 0.009464  0.100123  -0.001091  0.982275  0.168566  0.081985  -0.174291  0.982308  0.068514  -0.068985  -0.081589  0.994276  0.005438  0.001090  -0.001085  0.102908  -0.186989  0.760833  2.000000  0.999829  0.005085  0.017768  -0.005122  0.999985  0.002022  -0.017757  -0.002112  0.999840  0.999875  0.015341  0.003935  -0.015350  0.999880  0.002308  -0.003899  -0.002368  0.999990  1.000000  0.000054  0.000191  -0.000054  1.000000  0.000029  -0.000191  -0.000029  1.000000  0.999829  0.005085  0.017768  -0.005122  0.999985  0.002022  -0.017757  -0.002112  0.999840  0.000196  0.016010  
88.669237 0.009466  0.100123  -0.001094  0.982194  0.168950  0.082165  -0.174693  0.982232  0.068576  -0.069119  -0.081709  0.994257  0.005056  0.000816  -0.001387  0.098452  -0.189536  0.747542  2.000000  0.999811  0.005330  0.018680  -0.005371  0.999983  0.002162  -0.018668  -0.002261  0.999823  0.999893  0.014112  0.003838  -0.014121  0.999898  0.002271  -0.003805  -0.002325  0.999990  1.000000  0.000047  0.000177  -0.000047  1.000000  0.000029  -0.000177  -0.000029  1.000000  0.999811  0.005330  0.018680  -0.005371  0.999983  0.002162  -0.018668  -0.002261  0.999823  0.000194  0.014804  
88.670237 0.009468  0.100123  -0.001096  0.982149  0.169132  0.082330  -0.174894  0.982191  0.068655  -0.069252  -0.081829  0.994237  0.004644  0.000602  -0.001639  0.100609  -0.194020  0.732668  2.000000  0.999797  0.005509  0.019376  -0.005555  0.999982  0.002270  -0.019363  -0.002378  0.999810  0.999899  0.013702  0.003804  -0.013711  0.999904  0.002177  -0.003774  -0.002229  0.999990  1.000000  0.000045  0.000172  -0.000045  1.000000  0.000028  -0.000172  -0.000028  1.000000  0.999797  0.005509  0.019376  -0.005555  0.999982  0.002270  -0.019363  -0.002378  0.999810  0.000193  0.014391  
88.671485 0.009468  0.100121  -0.001101  0.982113  0.169334  0.082344  -0.175096  0.982156  0.068638  -0.069252  -0.081829  0.994237  0.004205  0.000394  -0.001917  0.097114  -0.190811  0.706085  2.000000  0.999780  0.005710  0.020195  -0.005760  0.999981  0.002410  -0.020181  -0.002525  0.999793  0.999913  0.012678  0.003723  -0.012687  0.999917  0.002249  -0.003694  -0.002296  0.999991  1.000000  0.000039  0.000160  -0.000039  1.000000  0.000028  -0.000160  -0.000028  1.000000  0.999780  0.005710  0.020195  -0.005760  0.999981  0.002410  -0.020181  -0.002525  0.999793  0.000186  0.013408  
88.672496 0.009469  0.100120  -0.001106  0.982077  0.169526  0.082379  -0.175298  0.982113  0.068741  -0.069252  -0.081949  0.994228  0.003861  0.000261  -0.002109  0.096137  -0.189696  0.677261  2.000000  0.999769  0.005821  0.020667  -0.005874  0.999980  0.002491  -0.020652  -0.002612  0.999783  0.999918  0.012268  0.003691  -0.012277  0.999922  0.002278  -0.003663  -0.002323  0.999991  1.000000  0.000037  0.000156  -0.000037  1.000000  0.000029  -0.000156  -0.000029  1.000000  0.999769  0.005821  0.020667  -0.005874  0.999980  0.002491  -0.020652  -0.002612  0.999783  0.000181  0.013017  
88.673750 0.009469  0.100119  -0.001112  0.982004  0.169920  0.082428  -0.175703  0.982034  0.068826  -0.069252  -0.082070  0.994218  0.003318  0.000109  -0.002508  0.097425  -0.179122  0.657190  2.000000  0.999753  0.005995  0.021419  -0.006053  0.999978  0.002625  -0.021403  -0.002754  0.999767  0.999928  0.011460  0.003492  -0.011468  0.999932  0.002215  -0.003466  -0.002255  0.999991  1.000000  0.000034  0.000146  -0.000034  1.000000  0.000028  -0.000146  -0.000028  1.000000  0.999753  0.005995  0.021419  -0.006053  0.999978  0.002625  -0.021403  -0.002754  0.999767  0.000172  0.012187  
88.674989 0.009468  0.100117  -0.001119  0.981959  0.170102  0.082594  -0.175903  0.981993  0.068904  -0.069386  -0.082190  0.994198  0.002801  -0.000062  -0.002855  0.098378  -0.171142  0.625029  2.000000  0.999740  0.006123  0.021983  -0.006184  0.999977  0.002733  -0.021966  -0.002868  0.999755  0.999935  0.010845  0.003443  -0.010853  0.999939  0.002256  -0.003418  -0.002294  0.999992  1.000000  0.000031  0.000139  -0.000031  1.000000  0.000028  -0.000139  -0.000028  1.000000  0.999740  0.006123  0.021983  -0.006184  0.999977  0.002733  -0.021966  -0.002868  0.999755  0.000166  0.011604  
88.676243 0.009467  0.100114  -0.001128  0.981914  0.170283  0.082760  -0.176104  0.981952  0.068983  -0.069519  -0.082310  0.994179  0.002170  -0.000334  -0.003327  0.096496  -0.159615  0.591599  2.000000  0.999724  0.006272  0.022642  -0.006339  0.999976  0.002863  -0.022623  -0.003005  0.999740  0.999945  0.010059  0.002977  -0.010065  0.999947  0.002072  -0.002956  -0.002101  0.999993  1.000000  0.000031  0.000127  -0.000031  1.000000  0.000026  -0.000127  -0.000026  1.000000  0.999724  0.006272  0.022642  -0.006339  0.999976  0.002863  -0.022623  -0.003005  0.999740  0.000157  0.010696  
88.677492 0.009466  0.100112  -0.001137  0.981868  0.170464  0.082925  -0.176304  0.981910  0.069062  -0.069653  -0.082430  0.994160  0.001616  -0.000658  -0.003864  0.100019  -0.153220  0.555659  2.000000  0.999710  0.006400  0.023228  -0.006471  0.999975  0.002989  -0.023208  -0.003138  0.999726  0.999957  0.008841  0.002744  -0.008847  0.999959  0.002036  -0.002726  -0.002060  0.999994  1.000000  0.000026  0.000113  -0.000026  1.000000  0.000026  -0.000113  -0.000026  1.000000  0.999710  0.006400  0.023228  -0.006471  0.999975  0.002989  -0.023208  -0.003138  0.999726  0.000148  0.009481  
88.678742 0.009464  0.100108  -0.001147  0.981868  0.170454  0.082946  -0.176304  0.981902  0.069181  -0.069653  -0.082550  0.994150  0.001126  -0.000933  -0.004314  0.098733  -0.145492  0.514698  2.000000  0.999696  0.006513  0.023759  -0.006589  0.999973  0.003109  -0.023738  -0.003265  0.999713  0.999966  0.007828  0.002527  -0.007833  0.999967  0.001986  -0.002512  -0.002005  0.999995  1.000000  0.000022  0.000101  -0.000022  1.000000  0.000025  -0.000101  -0.000025  1.000000  0.999696  0.006513  0.023759  -0.006589  0.999973  0.003109  -0.023738  -0.003265  0.999713  0.000138  0.008465  
88.679991 0.009462  0.100106  -0.001155  0.981832  0.170646  0.082981  -0.176506  0.981858  0.069283  -0.069653  -0.082671  0.994140  0.000641  -0.001156  -0.004716  0.101086  -0.142756  0.480249  2.000000  0.999687  0.006597  0.024142  -0.006677  0.999973  0.003203  -0.024120  -0.003364  0.999703  0.999971  0.007236  0.002211  -0.007240  0.999972  0.001908  -0.002197  -0.001924  0.999996  1.000000  0.000021  0.000092  -0.000021  1.000000  0.000024  -0.000092  -0.000024  1.000000  0.999687  0.006597  0.024142  -0.006677  0.999973  0.003203  -0.024120  -0.003364  0.999703  0.000130  0.007805  
88.681237 0.009461  0.100104  -0.001163  0.981796  0.170838  0.083016  -0.176709  0.981815  0.069385  -0.069653  -0.082791  0.994130  0.000175  -0.001325  -0.005100  0.098882  -0.140588  0.452641  2.000000  0.999675  0.006695  0.024586  -0.006779  0.999972  0.003312  -0.024563  -0.003478  0.999692  0.999976  0.006633  0.002027  -0.006636  0.999977  0.001708  -0.002015  -0.001722  0.999996  1.000000  0.000020  0.000084  -0.000020  1.000000  0.000021  -0.000084  -0.000021  1.000000  0.999675  0.006695  0.024586  -0.006779  0.999972  0.003312  -0.024563  -0.003478  0.999692  0.000123  0.007144  
88.682243 0.009459  0.100102  -0.001170  0.981796  0.170838  0.083016  -0.176709  0.981815  0.069385  -0.069653  -0.082791  0.994130  -0.000148  -0.001441  -0.005372  0.096645  -0.133870  0.425398  2.000000  0.999667  0.006764  0.024908  -0.006851  0.999971  0.003397  -0.024884  -0.003567  0.999684  0.999980  0.006018  0.001977  -0.006022  0.999981  0.001630  -0.001967  -0.001642  0.999997  1.000000  0.000016  0.000077  -0.000016  1.000000  0.000020  -0.000077  -0.000020  1.000000  0.999667  0.006764  0.024908  -0.006851  0.999971  0.003397  -0.024884  -0.003567  0.999684  0.000117  0.006543  
88.683488 0.009457  0.100100  -0.001177  0.981796  0.170838  0.083016  -0.176709  0.981815  0.069385  -0.069653  -0.082791  0.994130  -0.000521  -0.001607  -0.005713  0.091289  -0.121618  0.384907  2.000000  0.999657  0.006835  0.025263  -0.006925  0.999970  0.003492  -0.025238  -0.003665  0.999675  0.999985  0.005211  0.001776  -0.005213  0.999985  0.001446  -0.001768  -0.001455  0.999997  1.000000  0.000013  0.000067  -0.000013  1.000000  0.000018  -0.000067  -0.000018  1.000000  0.999657  0.006835  0.025263  -0.006925  0.999970  0.003492  -0.025238  -0.003665  0.999675  0.000106  0.005693  
88.684737 0.009456  0.100097  -0.001185  0.981750  0.171030  0.083161  -0.176909  0.981781  0.069344  -0.069786  -0.082791  0.994121  -0.000726  -0.001746  -0.005966  0.084954  -0.114937  0.357736  2.000000  0.999656  0.006846  0.025328  -0.006937  0.999970  0.003509  -0.025304  -0.003684  0.999673  0.999988  0.004597  0.001725  -0.004599  0.999989  0.001246  -0.001719  -0.001254  0.999998  1.000000  0.000000  0.000000  0.000000  1.000000  0.000000  0.000000  0.000000  1.000000  0.999656  0.006846  0.025328  -0.006937  0.999970  0.003509  -0.025304  -0.003684  0.999673  0.000098  0.000000  
88.685737 0.009455  0.100095  -0.001191  0.981741  0.171019  0.083292  -0.176907  0.981783  0.069321  -0.069920  -0.082790  0.994111  -0.000894  -0.001811  -0.006152  0.082060  -0.111800  0.327535  2.000000  0.999656  0.006846  0.025328  -0.006937  0.999970  0.003509  -0.025304  -0.003684  0.999673  0.999990  0.004187  0.001691  -0.004189  0.999991  0.001153  -0.001686  -0.001160  0.999998  1.000000  0.000000  0.000000  0.000000  1.000000  0.000000  0.000000  0.000000  1.000000  0.999656  0.006846  0.025328  -0.006937  0.999970  0.003509  -0.025304  -0.003684  0.999673  0.000091  0.000000  
88.686987 0.009455  0.100094  -0.001197  0.981695  0.171210  0.083437  -0.177108  0.981750  0.069280  -0.070053  -0.082789  0.994102  -0.000937  -0.001778  -0.006241  0.075355  -0.105765  0.307541  2.000000  0.999656  0.006846  0.025328  -0.006937  0.999970  0.003509  -0.025304  -0.003684  0.999673  0.999991  0.003778  0.001657  -0.003780  0.999992  0.001060  -0.001653  -0.001066  0.999998  1.000000  0.000000  0.000000  0.000000  1.000000  0.000000  0.000000  0.000000  1.000000  0.999656  0.006846  0.025328  -0.006937  0.999970  0.003509  -0.025304  -0.003684  0.999673  0.000084  0.000000  
88.688237 0.009455  0.100093  -0.001204  0.981686  0.171199  0.083568  -0.177106  0.981752  0.069256  -0.070187  -0.082788  0.994093  -0.000933  -0.001757  -0.006282  0.069529  -0.098496  0.273581  2.000000  0.999656  0.006846  0.025328  -0.006937  0.999970  0.003509  -0.025304  -0.003684  0.999673  0.999994  0.003186  0.001339  -0.003187  0.999994  0.000982  -0.001336  -0.000986  0.999999  1.000000  0.000000  0.000000  0.000000  1.000000  0.000000  0.000000  0.000000  1.000000  0.999656  0.006846  0.025328  -0.006937  0.999970  0.003509  -0.025304  -0.003684  0.999673  0.000076  0.000000  
88.689243 0.009456  0.100093  -0.001208  0.981686  0.171199  0.083568  -0.177106  0.981752  0.069256  -0.070187  -0.082788  0.994093  -0.000856  -0.001645  -0.006232  0.062841  -0.092396  0.253441  2.000000  0.999656  0.006846  0.025328  -0.006937  0.999970  0.003509  -0.025304  -0.003684  0.999673  0.999995  0.002777  0.001305  -0.002778  0.999996  0.001010  -0.001302  -0.001014  0.999999  1.000000  0.000000  0.000000  0.000000  1.000000  0.000000  0.000000  0.000000  1.000000  0.999656  0.006846  0.025328  -0.006937  0.999970  0.003509  -0.025304  -0.003684  0.999673  0.000070  0.000000  
88.690496 0.009457  0.100094  -0.001214  0.981686  0.171199  0.083568  -0.177106  0.981752  0.069256  -0.070187  -0.082788  0.994093  -0.000695  -0.001467  -0.006061  0.057590  -0.085893  0.221521  2.000000  0.999656  0.006846  0.025328  -0.006937  0.999970  0.003509  -0.025304  -0.003684  0.999673  0.999996  0.002367  0.001271  -0.002368  0.999997  0.000918  -0.001269  -0.000921  0.999999  1.000000  0.000000  0.000000  0.000000  1.000000  0.000000  0.000000  0.000000  1.000000  0.999656  0.006846  0.025328  -0.006937  0.999970  0.003509  -0.025304  -0.003684  0.999673  0.000063  0.000000  
88.691740 0.009460  0.100095  -0.001219  0.981677  0.171188  0.083699  -0.177104  0.981754  0.069233  -0.070320  -0.082787  0.994083  -0.000459  -0.001256  -0.005834  0.050900  -0.082964  0.192387  2.000000  0.999656  0.006846  0.025328  -0.006937  0.999970  0.003509  -0.025304  -0.003684  0.999673  0.999997  0.002174  0.001121  -0.002175  0.999997  0.000811  -0.001119  -0.000814  0.999999  1.000000  0.000000  0.000000  0.000000  1.000000  0.000000  0.000000  0.000000  1.000000  0.999656  0.006846  0.025328  -0.006937  0.999970  0.003509  -0.025304  -0.003684  0.999673  0.000054  0.000000  
88.692742 0.009462  0.100095  -0.001223  0.981677  0.171188  0.083699  -0.177104  0.981754  0.069233  -0.070320  -0.082787  0.994083  -0.000233  -0.001033  -0.005618  0.044611  -0.081982  0.173348  2.000000  0.999656  0.006846  0.025328  -0.006937  0.999970  0.003509  -0.025304  -0.003684  0.999673  0.999998  0.001753  0.001220  -0.001754  0.999998  0.000719  -0.001219  -0.000721  0.999999  1.000000  0.000000  0.000000  0.000000  1.000000  0.000000  0.000000  0.000000  1.000000  0.999656  0.006846  0.025328  -0.006937  0.999970  0.003509  -0.025304  -0.003684  0.999673  0.000051  0.000000  
88.693995 0.009465  0.100095  -0.001229  0.981631  0.171379  0.083844  -0.177305  0.981721  0.069192  -0.070453  -0.082787  0.994074  0.000139  -0.000769  -0.005372  0.000000  0.000000  0.000000  2.000000  0.999656  0.006846  0.025328  -0.006937  0.999970  0.003509  -0.025304  -0.003684  0.999673  0.999998  0.001742  0.001353  -0.001743  0.999998  0.000597  -0.001352  -0.000600  0.999999  1.000000  0.000000  0.000000  0.000000  1.000000  0.000000  0.000000  0.000000  1.000000  0.999656  0.006846  0.025328  -0.006937  0.999970  0.003509  -0.025304  -0.003684  0.999673  0.000047  0.000000  
88.695241 0.009469  0.100096  -0.001235  0.981612  0.171347  0.084127  -0.177302  0.981716  0.069263  -0.070720  -0.082906  0.994045  0.000485  -0.000585  -0.005179  0.000000  0.000000  0.000000  2.000000  0.999656  0.006846  0.025328  -0.006937  0.999970  0.003509  -0.025304  -0.003684  0.999673  0.999998  0.001333  0.001319  -0.001333  0.999999  0.000626  -0.001319  -0.000628  0.999999  1.000000  0.000000  0.000000  0.000000  1.000000  0.000000  0.000000  0.000000  1.000000  0.999656  0.006846  0.025328  -0.006937  0.999970  0.003509  -0.025304  -0.003684  0.999673  0.000000  0.000000  
88.696487 0.009474  0.100097  -0.001240  0.981603  0.171336  0.084258  -0.177300  0.981718  0.069240  -0.070854  -0.082905  0.994035  0.000931  -0.000424  -0.005030  0.000000  0.000000  0.000000  2.000000  0.999656  0.006846  0.025328  -0.006937  0.999970  0.003509  -0.025304  -0.003684  0.999673  0.999998  0.001106  0.001569  -0.001106  0.999999  0.000519  -0.001568  -0.000521  0.999999  1.000000  0.000000  0.000000  0.000000  1.000000  0.000000  0.000000  0.000000  1.000000  0.999656  0.006846  0.025328  -0.006937  0.999970  0.003509  -0.025304  -0.003684  0.999673  0.000000  0.000000  
88.697740 0.009479  0.100096  -0.001246  0.981584  0.171315  0.084519  -0.177296  0.981722  0.069193  -0.071121  -0.082903  0.994017  0.001391  -0.000308  -0.004876  0.000000  0.000000  0.000000  2.000000  0.999656  0.006846  0.025328  -0.006937  0.999970  0.003509  -0.025304  -0.003684  0.999673  0.999998  0.000901  0.001552  -0.000902  1.000000  0.000412  -0.001552  -0.000414  0.999999  1.000000  0.000000  0.000000  0.000000  1.000000  0.000000  0.000000  0.000000  1.000000  0.999656  0.006846  0.025328  -0.006937  0.999970  0.003509  -0.025304  -0.003684  0.999673  0.000000  0.000000  
88.698988 0.009484  0.100096  -0.001252  0.981575  0.171304  0.084650  -0.177295  0.981724  0.069169  -0.071254  -0.082903  0.994007  0.001910  -0.000143  -0.004761  0.000000  0.000000  0.000000  2.000000  0.999656  0.006846  0.025328  -0.006937  0.999970  0.003509  -0.025304  -0.003684  0.999673  0.999998  0.000890  0.001685  -0.000890  1.000000  0.000291  -0.001685  -0.000292  0.999999  1.000000  0.000000  0.000000  0.000000  1.000000  0.000000  0.000000  0.000000  1.000000  0.999656  0.006846  0.025328  -0.006937  0.999970  0.003509  -0.025304  -0.003684  0.999673  0.000000  0.000000  
88.699990 0.009489  0.100096  -0.001257  0.981529  0.171495  0.084795  -0.177495  0.981691  0.069128  -0.071388  -0.082902  0.993998  0.002309  -0.000021  -0.004698  0.000000  0.000000  0.000000  2.000000  0.999656  0.006846  0.025328  -0.006937  0.999970  0.003509  -0.025304  -0.003684  0.999673  0.999998  0.000879  0.001819  -0.000879  1.000000  0.000169  -0.001819  -0.000171  0.999998  1.000000  0.000000  0.000000  0.000000  1.000000  0.000000  0.000000  0.000000  1.000000  0.999656  0.006846  0.025328  -0.006937  0.999970  0.003509  -0.025304  -0.003684  0.999673  0.000000  0.000000  
88.701237 0.009495  0.100096  -0.001263  0.981520  0.171484  0.084926  -0.177493  0.981693  0.069104  -0.071521  -0.082901  0.993988  0.002682  0.000115  -0.004637  0.000000  0.000000  0.000000  2.000000  0.999656  0.006846  0.025328  -0.006937  0.999970  0.003509  -0.025304  -0.003684  0.999673  0.999998  0.000663  0.001935  -0.000663  1.000000  0.000184  -0.001935  -0.000185  0.999998  1.000000  0.000000  0.000000  0.000000  1.000000  0.000000  0.000000  0.000000  1.000000  0.999656  0.006846  0.025328  -0.006937  0.999970  0.003509  -0.025304  -0.003684  0.999673  0.000000  0.000000  
88.702487 0.009501  0.100097  -0.001269  0.981510  0.171473  0.085057  -0.177492  0.981695  0.069080  -0.071655  -0.082900  0.993978  0.003130  0.000239  -0.004584  0.000000  0.000000  0.000000  2.000000  0.999656  0.006846  0.025328  -0.006937  0.999970  0.003509  -0.025304  -0.003684  0.999673  0.999998  0.000652  0.002068  -0.000652  1.000000  0.000062  -0.002068  -0.000064  0.999998  1.000000  0.000000  0.000000  0.000000  1.000000  0.000000  0.000000  0.000000  1.000000  0.999656  0.006846  0.025328  -0.006937  0.999970  0.003509  -0.025304  -0.003684  0.999673  0.000000  0.000000  
88.703737 0.009509  0.100099  -0.001273  0.981491  0.171441  0.085340  -0.177488  0.981690  0.069152  -0.071922  -0.083019  0.993949  0.003553  0.000389  -0.004502  0.000000  0.000000  0.000000  2.000000  0.999656  0.006846  0.025328  -0.006937  0.999970  0.003509  -0.025304  -0.003684  0.999673  0.999997  0.000629  0.002335  -0.000630  1.000000  0.000184  -0.002335  -0.000185  0.999997  1.000000  0.000000  0.000000  0.000000  1.000000  0.000000  0.000000  0.000000  1.000000  0.999656  0.006846  0.025328  -0.006937  0.999970  0.003509  -0.025304  -0.003684  0.999673  0.000000  0.000000  
88.704737 0.009514  0.100100  -0.001277  0.981482  0.171430  0.085470  -0.177487  0.981692  0.069129  -0.072055  -0.083018  0.993940  0.003827  0.000423  -0.004434  0.000000  0.000000  0.000000  2.000000  0.999656  0.006846  0.025328  -0.006937  0.999970  0.003509  -0.025304  -0.003684  0.999673  0.999997  0.000425  0.002318  -0.000425  1.000000  0.000198  -0.002318  -0.000199  0.999997  1.000000  0.000000  0.000000  0.000000  1.000000  0.000000  0.000000  0.000000  1.000000  0.999656  0.006846  0.025328  -0.006937  0.999970  0.003509  -0.025304  -0.003684  0.999673  0.000000  0.000000  
88.705747 0.009520  0.100102  -0.001280  0.981463  0.171408  0.085732  -0.177483  0.981696  0.069081  -0.072322  -0.083017  0.993920  0.004176  0.000502  -0.004354  0.000000  0.000000  0.000000  2.000000  0.999656  0.006846  0.025328  -0.006937  0.999970  0.003509  -0.025304  -0.003684  0.999673  0.999997  0.000425  0.002318  -0.000425  1.000000  0.000198  -0.002318  -0.000199  0.999997  1.000000  0.000000  0.000000  0.000000  1.000000  0.000000  0.000000  0.000000  1.000000  0.999656  0.006846  0.025328  -0.006937  0.999970  0.003509  -0.025304  -0.003684  0.999673  0.000000  0.000000  
88.706998 0.009526  0.100104  -0.001284  0.981453  0.171397  0.085863  -0.177481  0.981698  0.069058  -0.072455  -0.083016  0.993911  0.004420  0.000609  -0.004291  0.000000  0.000000  0.000000  2.000000  0.999656  0.006846  0.025328  -0.006937  0.999970  0.003509  -0.025304  -0.003684  0.999673  0.999997  0.000198  0.002568  -0.000198  1.000000  0.000213  -0.002567  -0.000214  0.999997  1.000000  0.000000  0.000000  0.000000  1.000000  0.000000  0.000000  0.000000  1.000000  0.999656  0.006846  0.025328  -0.006937  0.999970  0.003509  -0.025304  -0.003684  0.999673  0.000000  0.000000  
88.708242 0.009532  0.100106  -0.001289  0.981434  0.171386  0.086104  -0.177478  0.981711  0.068891  -0.072722  -0.082894  0.993901  0.004592  0.000738  -0.004207  0.000000  0.000000  0.000000  2.000000  0.999656  0.006846  0.025328  -0.006937  0.999970  0.003509  -0.025304  -0.003684  0.999673  0.999997  0.000198  0.002568  -0.000198  1.000000  0.000092  -0.002567  -0.000092  0.999997  1.000000  0.000000  0.000000  0.000000  1.000000  0.000000  0.000000  0.000000  1.000000  0.999656  0.006846  0.025328  -0.006937  0.999970  0.003509  -0.025304  -0.003684  0.999673  0.000000  0.000000  
