1-Time 2-Px 3-Py 4-Pz 5-R11 6-R21 7-R31 8-R12 9-R22 10-R32 11-R13 12-R23 13-R33 14-Vx 15-Vy 16-Vz 17-Wx 18-Wy 19-Wz 20-state 21-PR11 22-PR21 23-PR31 24-PR12 25-PR22 26-PR32 27-PR13 28-PR23 29-PR33 
101.325509 0.009571  0.101341  -0.000671  0.978389  0.186448  0.089398  -0.195713  0.974535  0.109443  -0.066716  -0.124574  0.989965  0.000249  -0.000075  -0.000584  0.000000  0.000000  0.000000  2.000000  1.000000  0.000000  0.000000  -0.000000  1.000000  0.000000  0.000000  -0.000000  1.000000  1.000000  0.000000  0.000000  0.000000  1.000000  0.000000  0.000000  0.000000  1.000000  1.000000  0.000000  0.000000  0.000000  1.000000  0.000000  0.000000  0.000000  1.000000  0.768774  0.267783  0.580757  -0.244409  0.962202  -0.120129  -0.590974  -0.049591  0.805165  0.000000  0.000000  
101.326523 0.009572  0.101341  -0.000671  0.978389  0.186448  0.089398  -0.195713  0.974535  0.109443  -0.066716  -0.124574  0.989965  0.000305  -0.000050  -0.000627  0.000000  0.000000  0.000000  2.000000  1.000000  0.000000  0.000000  0.000000  1.000000  0.000000  0.000000  0.000000  1.000000  1.000000  0.000000  0.000000  0.000000  1.000000  0.000000  0.000000  0.000000  1.000000  1.000000  0.000000  0.000000  0.000000  1.000000  0.000000  0.000000  0.000000  1.000000  1.000000  0.000000  0.000000  0.000000  1.000000  0.000000  0.000000  0.000000  1.000000  0.000000  0.000000  
101.327774 0.009575  0.101342  -0.000672  0.978210  0.187207  0.089770  -0.196515  0.974375  0.109435  -0.066983  -0.124692  0.989932  0.000470  0.000044  -0.000627  0.000000  0.000000  0.000000  2.000000  1.000000  0.000000  0.000000  0.000000  1.000000  0.000000  0.000000  0.000000  1.000000  1.000000  0.000595  0.000210  -0.000595  1.000000  0.000080  -0.000210  -0.000080  1.000000  1.000000  0.000000  0.000000  0.000000  1.000000  0.000000  0.000000  0.000000  1.000000  1.000000  0.000000  0.000000  0.000000  1.000000  0.000000  0.000000  0.000000  1.000000  0.000000  0.000000  
101.328774 0.009578  0.101344  -0.000673  0.977999  0.188182  0.090036  -0.197520  0.974171  0.109434  -0.067116  -0.124810  0.989908  0.000664  0.000168  -0.000605  0.000000  0.000000  0.000000  2.000000  1.000000  0.000000  0.000000  0.000000  1.000000  0.000000  0.000000  0.000000  1.000000  0.999999  0.001580  0.000604  -0.001580  0.999999  0.000132  -0.000604  -0.000133  1.000000  1.000000  0.000000  0.000000  0.000000  1.000000  0.000000  0.000000  0.000000  1.000000  1.000000  0.000000  0.000000  0.000000  1.000000  0.000000  0.000000  0.000000  1.000000  0.000000  0.000000  
101.330031 0.009582  0.101345  -0.000675  0.977727  0.189314  0.090606  -0.198723  0.973922  0.109480  -0.067517  -0.125047  0.989851  0.000930  0.000237  -0.000694  0.000000  0.000000  0.000000  2.000000  1.000000  0.000000  0.000000  0.000000  1.000000  0.000000  0.000000  0.000000  1.000000  0.999996  0.002769  0.001024  -0.002770  0.999996  0.000291  -0.001023  -0.000293  0.999999  1.000000  0.000000  0.000000  0.000000  1.000000  0.000000  0.000000  0.000000  1.000000  1.000000  0.000000  0.000000  0.000000  1.000000  0.000000  0.000000  0.000000  1.000000  0.000000  0.000000  
101.331276 0.009586  0.101344  -0.000677  0.977504  0.190262  0.091024  -0.199726  0.973706  0.109570  -0.067784  -0.125285  0.989802  0.001184  0.000228  -0.000784  0.000000  0.000000  0.000000  2.000000  1.000000  0.000000  0.000000  0.000000  1.000000  0.000000  0.000000  0.000000  1.000000  0.999992  0.003738  0.001551  -0.003738  0.999993  0.000462  -0.001550  -0.000468  0.999999  1.000000  0.000000  0.000000  0.000000  1.000000  0.000000  0.000000  0.000000  1.000000  1.000000  0.000000  0.000000  0.000000  1.000000  0.000000  0.000000  0.000000  1.000000  0.000000  0.000000  
101.332538 0.009591  0.101346  -0.000678  0.977372  0.190814  0.091291  -0.200327  0.973552  0.109841  -0.067917  -0.125644  0.989748  0.001532  0.000334  -0.000851  0.000000  0.000000  0.000000  2.000000  1.000000  0.000000  0.000000  0.000000  1.000000  0.000000  0.000000  0.000000  1.000000  0.999989  0.004332  0.001762  -0.004333  0.999990  0.000662  -0.001760  -0.000669  0.999998  1.000000  0.000000  0.000000  0.000000  1.000000  0.000000  0.000000  0.000000  1.000000  1.000000  0.000000  0.000000  0.000000  1.000000  0.000000  0.000000  0.000000  1.000000  0.000000  0.000000  
101.333755 0.009597  0.101348  -0.000680  0.977174  0.191810  0.091321  -0.201335  0.973325  0.110010  -0.067784  -0.125885  0.989726  0.001868  0.000485  -0.000893  0.031821  -0.059964  0.187292  2.000000  1.000000  0.000028  0.000136  -0.000028  1.000000  0.000023  -0.000136  -0.000023  1.000000  0.999984  0.005367  0.001761  -0.005369  0.999985  0.000956  -0.001755  -0.000965  0.999998  1.000000  0.000015  0.000069  -0.000015  1.000000  0.000012  -0.000069  -0.000012  1.000000  1.000000  0.000028  0.000136  -0.000028  1.000000  0.000023  -0.000136  -0.000023  1.000000  0.000048  0.005729  
101.335009 0.009602  0.101351  -0.000680  0.976892  0.193196  0.091420  -0.202745  0.973004  0.110260  -0.067650  -0.126247  0.989689  0.002248  0.000715  -0.000853  0.040803  -0.061598  0.235746  2.000000  1.000000  0.000108  0.000451  -0.000108  1.000000  0.000075  -0.000451  -0.000075  1.000000  0.999975  0.006810  0.001810  -0.006812  0.999976  0.001100  -0.001803  -0.001113  0.999998  1.000000  0.000023  0.000085  -0.000023  1.000000  0.000014  -0.000085  -0.000014  1.000000  1.000000  0.000108  0.000451  -0.000108  1.000000  0.000075  -0.000451  -0.000075  1.000000  0.000059  0.007133  
101.336262 0.009608  0.101354  -0.000680  0.976557  0.194776  0.091649  -0.204354  0.972658  0.110345  -0.067650  -0.126487  0.989659  0.002594  0.000856  -0.000831  0.044876  -0.068027  0.288206  2.000000  1.000000  0.000217  0.000833  -0.000218  1.000000  0.000140  -0.000833  -0.000140  1.000000  0.999964  0.008235  0.001994  -0.008238  0.999965  0.001365  -0.001983  -0.001382  0.999997  1.000000  0.000030  0.000102  -0.000030  1.000000  0.000017  -0.000102  -0.000017  1.000000  1.000000  0.000217  0.000833  -0.000218  1.000000  0.000140  -0.000833  -0.000140  1.000000  0.000072  0.008584  
101.337512 0.009617  0.101357  -0.000680  0.976201  0.196311  0.092161  -0.205958  0.972303  0.110493  -0.067917  -0.126845  0.989595  0.003124  0.001126  -0.000755  0.053698  -0.084503  0.344147  2.000000  0.999999  0.000353  0.001294  -0.000353  1.000000  0.000212  -0.001294  -0.000212  0.999999  0.999949  0.009831  0.002469  -0.009835  0.999951  0.001492  -0.002455  -0.001516  0.999996  1.000000  0.000035  0.000122  -0.000035  1.000000  0.000019  -0.000122  -0.000019  1.000000  0.999999  0.000353  0.001294  -0.000353  1.000000  0.000212  -0.001294  -0.000212  0.999999  0.000086  0.010248  
101.338514 0.009624  0.101361  -0.000679  0.975919  0.197450  0.092710  -0.207158  0.972057  0.110414  -0.068318  -0.126961  0.989552  0.003601  0.001372  -0.000636  0.054894  -0.103113  0.383476  2.000000  0.999998  0.000466  0.001695  -0.000467  1.000000  0.000273  -0.001695  -0.000274  0.999999  0.999933  0.011223  0.002919  -0.011227  0.999936  0.001632  -0.002901  -0.001665  0.999994  1.000000  0.000039  0.000140  -0.000039  1.000000  0.000021  -0.000140  -0.000021  1.000000  0.999998  0.000466  0.001695  -0.000467  1.000000  0.000273  -0.001695  -0.000274  0.999999  0.000098  0.011713  
101.339524 0.009632  0.101366  -0.000676  0.975602  0.198795  0.093176  -0.208560  0.971751  0.110461  -0.068585  -0.127199  0.989503  0.004131  0.001714  -0.000383  0.059694  -0.118130  0.430091  2.000000  0.999998  0.000586  0.002146  -0.000587  1.000000  0.000337  -0.002146  -0.000339  0.999998  0.999917  0.012410  0.003343  -0.012416  0.999921  0.001785  -0.003321  -0.001826  0.999993  1.000000  0.000042  0.000155  -0.000042  1.000000  0.000023  -0.000155  -0.000023  1.000000  0.999998  0.000586  0.002146  -0.000587  1.000000  0.000337  -0.002146  -0.000339  0.999998  0.000109  0.012979  
101.340766 0.009643  0.101373  -0.000672  0.975205  0.200545  0.093583  -0.210366  0.971345  0.110614  -0.068718  -0.127558  0.989448  0.004791  0.002188  -0.000020  0.067695  -0.130554  0.491255  2.000000  0.999996  0.000766  0.002825  -0.000767  1.000000  0.000431  -0.002825  -0.000433  0.999996  0.999892  0.014209  0.003846  -0.014216  0.999897  0.001894  -0.003819  -0.001948  0.999991  1.000000  0.000047  0.000178  -0.000047  1.000000  0.000024  -0.000178  -0.000024  1.000000  0.999996  0.000766  0.002825  -0.000767  1.000000  0.000431  -0.002825  -0.000433  0.999996  0.000125  0.014846  
101.342016 0.009655  0.101381  -0.000667  0.974848  0.202105  0.093943  -0.211970  0.970990  0.110667  -0.068852  -0.127797  0.989408  0.005524  0.002695  0.000321  0.072048  -0.142032  0.545343  2.000000  0.999993  0.000971  0.003588  -0.000973  0.999999  0.000534  -0.003587  -0.000538  0.999993  0.999866  0.015820  0.004193  -0.015829  0.999872  0.002139  -0.004158  -0.002205  0.999989  1.000000  0.000054  0.000197  -0.000054  1.000000  0.000027  -0.000197  -0.000027  1.000000  0.999993  0.000971  0.003588  -0.000973  0.999999  0.000534  -0.003587  -0.000538  0.999993  0.000139  0.016511  
101.343270 0.009668  0.101389  -0.000664  0.974541  0.203470  0.094177  -0.213374  0.970658  0.110885  -0.068852  -0.128157  0.989361  0.006145  0.003070  0.000563  0.080987  -0.148241  0.593203  2.000000  0.999989  0.001206  0.004428  -0.001209  0.999999  0.000646  -0.004427  -0.000651  0.999990  0.999838  0.017449  0.004406  -0.017459  0.999845  0.002265  -0.004365  -0.002342  0.999988  1.000000  0.000062  0.000216  -0.000062  1.000000  0.000029  -0.000216  -0.000029  1.000000  0.999989  0.001206  0.004428  -0.001209  0.999999  0.000646  -0.004427  -0.000651  0.999990  0.000152  0.018144  
101.344516 0.009681  0.101395  -0.000663  0.974233  0.204834  0.094411  -0.214778  0.970323  0.111102  -0.068852  -0.128517  0.989314  0.006771  0.003394  0.000760  0.089987  -0.154575  0.641502  2.000000  0.999985  0.001470  0.005336  -0.001474  0.999999  0.000771  -0.005335  -0.000778  0.999985  0.999811  0.018873  0.004595  -0.018885  0.999818  0.002526  -0.004547  -0.002613  0.999986  1.000000  0.000069  0.000233  -0.000069  1.000000  0.000032  -0.000233  -0.000032  1.000000  0.999985  0.001470  0.005336  -0.001474  0.999999  0.000771  -0.005335  -0.000778  0.999985  0.000163  0.019595  
101.345757 0.009693  0.101398  -0.000662  0.973878  0.206386  0.094694  -0.216383  0.969930  0.111417  -0.068852  -0.128997  0.989252  0.007255  0.003603  0.000930  0.101683  -0.160394  0.690416  2.000000  0.999979  0.001761  0.006310  -0.001766  0.999998  0.000909  -0.006309  -0.000921  0.999980  0.999783  0.020297  0.004788  -0.020311  0.999789  0.002909  -0.004728  -0.003005  0.999984  1.000000  0.000075  0.000250  -0.000075  1.000000  0.000037  -0.000250  -0.000037  1.000000  0.999979  0.001761  0.006310  -0.001766  0.999998  0.000909  -0.006309  -0.000921  0.999980  0.000177  0.021064  
101.346759 0.009703  0.101401  -0.000662  0.973601  0.207532  0.095036  -0.217583  0.969638  0.111624  -0.068985  -0.129355  0.989196  0.007708  0.003768  0.001047  0.111899  -0.171594  0.736676  2.000000  0.999973  0.001996  0.007091  -0.002003  0.999997  0.001026  -0.007089  -0.001040  0.999974  0.999756  0.021500  0.005086  -0.021516  0.999763  0.003181  -0.005016  -0.003290  0.999982  1.000000  0.000080  0.000264  -0.000080  1.000000  0.000040  -0.000264  -0.000040  1.000000  0.999973  0.001996  0.007091  -0.002003  0.999997  0.001026  -0.007089  -0.001040  0.999974  0.000188  0.022331  
101.348016 0.009716  0.101404  -0.000663  0.973223  0.209049  0.095580  -0.219183  0.969248  0.111879  -0.069252  -0.129833  0.989115  0.008219  0.003809  0.001087  0.124296  -0.187665  0.789969  2.000000  0.999961  0.002414  0.008478  -0.002424  0.999996  0.001237  -0.008475  -0.001257  0.999963  0.999713  0.023313  0.005466  -0.023332  0.999722  0.003530  -0.005383  -0.003656  0.999979  1.000000  0.000087  0.000286  -0.000087  1.000000  0.000045  -0.000286  -0.000045  1.000000  0.999961  0.002414  0.008478  -0.002424  0.999996  0.001237  -0.008475  -0.001257  0.999963  0.000202  0.024215  
101.349255 0.009730  0.101406  -0.000664  0.972852  0.210581  0.095995  -0.220783  0.968852  0.112163  -0.069386  -0.130312  0.989042  0.008735  0.003782  0.001017  0.135784  -0.197921  0.837982  2.000000  0.999949  0.002770  0.009675  -0.002784  0.999995  0.001425  -0.009671  -0.001452  0.999952  0.999672  0.024904  0.005954  -0.024928  0.999682  0.003889  -0.005856  -0.004037  0.999975  1.000000  0.000092  0.000307  -0.000092  1.000000  0.000050  -0.000307  -0.000050  1.000000  0.999949  0.002770  0.009675  -0.002784  0.999995  0.001425  -0.009671  -0.001452  0.999952  0.000216  0.025914  
101.350287 0.009741  0.101406  -0.000667  0.972560  0.211709  0.096469  -0.221980  0.968558  0.112337  -0.069653  -0.130669  0.988976  0.009187  0.003655  0.000884  0.145918  -0.213531  0.883142  2.000000  0.999939  0.003051  0.010620  -0.003068  0.999994  0.001578  -0.010615  -0.001611  0.999942  0.999645  0.025903  0.006229  -0.025929  0.999655  0.004175  -0.006118  -0.004335  0.999972  1.000000  0.000095  0.000319  -0.000095  1.000000  0.000053  -0.000319  -0.000053  1.000000  0.999939  0.003051  0.010620  -0.003068  0.999994  0.001578  -0.010615  -0.001611  0.999942  0.000227  0.026982  
101.351506 0.009753  0.101406  -0.000670  0.972276  0.212841  0.096840  -0.223180  0.968245  0.112658  -0.069786  -0.131148  0.988904  0.009615  0.003456  0.000682  0.159533  -0.223809  0.924817  2.000000  0.999923  0.003439  0.011927  -0.003461  0.999992  0.001796  -0.011921  -0.001838  0.999927  0.999623  0.026696  0.006480  -0.026726  0.999633  0.004471  -0.006358  -0.004643  0.999969  1.000000  0.000097  0.000329  -0.000097  1.000000  0.000057  -0.000329  -0.000057  1.000000  0.999923  0.003439  0.011927  -0.003461  0.999992  0.001796  -0.011921  -0.001838  0.999927  0.000239  0.027850  
101.352511 0.009763  0.101405  -0.000674  0.972046  0.213802  0.097033  -0.224180  0.967985  0.112911  -0.069786  -0.131507  0.988856  0.009788  0.003155  0.000416  0.167989  -0.226503  0.951016  2.000000  0.999905  0.003831  0.013237  -0.003859  0.999990  0.002030  -0.013229  -0.002081  0.999910  0.999629  0.026525  0.006198  -0.026555  0.999636  0.004729  -0.006070  -0.004892  0.999970  1.000000  0.000099  0.000326  -0.000099  1.000000  0.000060  -0.000326  -0.000060  1.000000  0.999905  0.003831  0.013237  -0.003859  0.999990  0.002030  -0.013229  -0.002081  0.999910  0.000245  0.027664  
101.353757 0.009776  0.101403  -0.000678  0.971759  0.214922  0.097432  -0.225379  0.967655  0.113348  -0.069920  -0.132106  0.988767  0.010073  0.002733  -0.000057  0.185395  -0.236587  0.991481  2.000000  0.999885  0.004233  0.014554  -0.004267  0.999988  0.002280  -0.014544  -0.002341  0.999891  0.999618  0.026946  0.006135  -0.026978  0.999623  0.005180  -0.005993  -0.005343  0.999968  1.000000  0.000103  0.000330  -0.000103  1.000000  0.000066  -0.000330  -0.000066  1.000000  0.999885  0.004233  0.014554  -0.004267  0.999988  0.002280  -0.014544  -0.002341  0.999891  0.000257  0.028135  
101.354760 0.009787  0.101403  -0.000682  0.971527  0.215882  0.097627  -0.226379  0.967392  0.113600  -0.069920  -0.132466  0.988718  0.010227  0.002363  -0.000514  0.196720  -0.243079  1.033481  2.000000  0.999863  0.004647  0.015869  -0.004688  0.999986  0.002538  -0.015857  -0.002612  0.999871  0.999619  0.026979  0.005879  -0.027009  0.999622  0.005179  -0.005737  -0.005336  0.999969  1.000000  0.000106  0.000329  -0.000106  1.000000  0.000066  -0.000329  -0.000066  1.000000  0.999863  0.004647  0.015869  -0.004688  0.999986  0.002538  -0.015857  -0.002612  0.999871  0.000266  0.028111  
101.355786 0.009798  0.101403  -0.000685  0.971293  0.216830  0.097849  -0.227379  0.967114  0.113968  -0.069920  -0.132945  0.988654  0.010331  0.001838  -0.001053  0.210632  -0.247750  1.067502  2.000000  0.999839  0.005075  0.017189  -0.005124  0.999983  0.002806  -0.017174  -0.002894  0.999848  0.999608  0.027400  0.005814  -0.027432  0.999608  0.005513  -0.005660  -0.005670  0.999968  1.000000  0.000109  0.000333  -0.000109  1.000000  0.000070  -0.000333  -0.000070  1.000000  0.999839  0.005075  0.017189  -0.005124  0.999983  0.002806  -0.017174  -0.002894  0.999848  0.000275  0.028567  
101.356788 0.009807  0.101402  -0.000690  0.971096  0.217574  0.098151  -0.228176  0.966898  0.114209  -0.070053  -0.133304  0.988596  0.010283  0.001407  -0.001514  0.217099  -0.250549  1.087377  2.000000  0.999820  0.005407  0.018196  -0.005463  0.999981  0.003013  -0.018179  -0.003112  0.999830  0.999596  0.027823  0.005745  -0.027855  0.999596  0.005604  -0.005587  -0.005761  0.999968  1.000000  0.000113  0.000337  -0.000113  1.000000  0.000071  -0.000337  -0.000071  1.000000  0.999820  0.005407  0.018196  -0.005463  0.999981  0.003013  -0.018179  -0.003112  0.999830  0.000284  0.028976  
101.358022 0.009819  0.101401  -0.000695  0.970908  0.218334  0.098324  -0.228976  0.966677  0.114480  -0.070053  -0.133664  0.988548  0.010235  0.000823  -0.002095  0.226280  -0.244742  1.074971  2.000000  0.999792  0.005836  0.019542  -0.005902  0.999977  0.003296  -0.019523  -0.003411  0.999804  0.999602  0.027581  0.005997  -0.027616  0.999601  0.005858  -0.005833  -0.006021  0.999965  1.000000  0.000108  0.000336  -0.000108  1.000000  0.000074  -0.000336  -0.000074  1.000000  0.999792  0.005836  0.019542  -0.005902  0.999977  0.003296  -0.019523  -0.003411  0.999804  0.000283  0.028847  
101.359267 0.009830  0.101399  -0.000700  0.970672  0.219281  0.098549  -0.229975  0.966396  0.114848  -0.070053  -0.134143  0.988483  0.010115  0.000328  -0.002507  0.238749  -0.230779  1.069716  2.000000  0.999763  0.006251  0.020873  -0.006327  0.999974  0.003585  -0.020850  -0.003716  0.999776  0.999613  0.027154  0.006085  -0.027190  0.999613  0.005888  -0.005923  -0.006051  0.999964  1.000000  0.000105  0.000332  -0.000105  1.000000  0.000075  -0.000332  -0.000075  1.000000  0.999763  0.006251  0.020873  -0.006327  0.999974  0.003585  -0.020850  -0.003716  0.999776  0.000281  0.028464  
101.360511 0.009840  0.101397  -0.000705  0.970473  0.220035  0.098825  -0.230772  0.966191  0.114970  -0.070187  -0.134382  0.988441  0.009984  -0.000066  -0.002896  0.236605  -0.224749  1.061592  2.000000  0.999732  0.006650  0.022174  -0.006738  0.999970  0.003880  -0.022147  -0.004028  0.999747  0.999635  0.026320  0.006118  -0.026357  0.999634  0.006066  -0.005956  -0.006225  0.999963  1.000000  0.000099  0.000323  -0.000099  1.000000  0.000077  -0.000323  -0.000077  1.000000  0.999732  0.006650  0.022174  -0.006738  0.999970  0.003880  -0.022147  -0.004028  0.999747  0.000278  0.027715  
101.361514 0.009847  0.101395  -0.000708  0.970283  0.220795  0.099000  -0.231571  0.965968  0.115241  -0.070187  -0.134742  0.988392  0.009751  -0.000373  -0.003059  0.240147  -0.221582  1.069089  2.000000  0.999708  0.006943  0.023127  -0.007039  0.999967  0.004103  -0.023098  -0.004265  0.999724  0.999646  0.025947  0.005805  -0.025982  0.999644  0.006096  -0.005644  -0.006245  0.999965  1.000000  0.000100  0.000317  -0.000100  1.000000  0.000077  -0.000317  -0.000077  1.000000  0.999708  0.006943  0.023127  -0.007039  0.999967  0.004103  -0.023098  -0.004265  0.999724  0.000278  0.027298  
101.362767 0.009853  0.101392  -0.000713  0.970092  0.221554  0.099176  -0.232370  0.965744  0.115510  -0.070187  -0.135101  0.988343  0.009300  -0.000841  -0.003420  0.242725  -0.223010  1.071508  2.000000  0.999676  0.007335  0.024367  -0.007444  0.999963  0.004406  -0.024333  -0.004586  0.999693  0.999669  0.025184  0.005307  -0.025218  0.999662  0.006278  -0.005147  -0.006409  0.999966  1.000000  0.000101  0.000306  -0.000101  1.000000  0.000079  -0.000306  -0.000079  1.000000  0.999676  0.007335  0.024367  -0.007444  0.999963  0.004406  -0.024333  -0.004586  0.999693  0.000280  0.026511  
101.364015 0.009859  0.101387  -0.000718  0.969948  0.222115  0.099328  -0.232970  0.965565  0.115800  -0.070187  -0.135461  0.988294  0.008735  -0.001260  -0.003639  0.248116  -0.224904  1.049488  2.000000  0.999644  0.007723  0.025549  -0.007846  0.999958  0.004719  -0.025511  -0.004917  0.999662  0.999700  0.023998  0.004886  -0.024028  0.999691  0.006368  -0.004731  -0.006484  0.999968  1.000000  0.000098  0.000290  -0.000098  1.000000  0.000080  -0.000290  -0.000080  1.000000  0.999644  0.007723  0.025549  -0.007846  0.999958  0.004719  -0.025511  -0.004917  0.999662  0.000278  0.025321  
101.365020 0.009863  0.101383  -0.000724  0.969804  0.222687  0.099453  -0.233569  0.965399  0.115973  -0.070187  -0.135701  0.988261  0.008315  -0.001529  -0.003843  0.248014  -0.223458  1.030635  2.000000  0.999619  0.008007  0.026397  -0.008140  0.999955  0.004957  -0.026357  -0.005170  0.999639  0.999720  0.023200  0.004651  -0.023230  0.999709  0.006550  -0.004498  -0.006656  0.999968  1.000000  0.000096  0.000280  -0.000096  1.000000  0.000083  -0.000280  -0.000083  1.000000  0.999619  0.008007  0.026397  -0.008140  0.999955  0.004957  -0.026357  -0.005170  0.999639  0.000272  0.024568  
101.366262 0.009866  0.101378  -0.000732  0.969669  0.223264  0.099478  -0.234170  0.965215  0.116294  -0.070053  -0.136061  0.988221  0.007650  -0.001906  -0.004169  0.254590  -0.210248  0.997491  2.000000  0.999587  0.008379  0.027487  -0.008527  0.999950  0.005281  -0.027441  -0.005513  0.999608  0.999744  0.022217  0.004256  -0.022246  0.999730  0.006749  -0.004105  -0.006842  0.999968  1.000000  0.000094  0.000267  -0.000094  1.000000  0.000085  -0.000267  -0.000085  1.000000  0.999587  0.008379  0.027487  -0.008527  0.999950  0.005281  -0.027441  -0.005513  0.999608  0.000264  0.023622  
101.367507 0.009869  0.101372  -0.000741  0.969475  0.224011  0.099682  -0.234968  0.964974  0.116680  -0.070053  -0.136541  0.988154  0.007024  -0.002180  -0.004471  0.258883  -0.201810  0.974754  2.000000  0.999555  0.008735  0.028535  -0.008898  0.999945  0.005611  -0.028484  -0.005863  0.999577  0.999758  0.021605  0.004181  -0.021633  0.999743  0.006794  -0.004033  -0.006883  0.999968  1.000000  0.000091  0.000260  -0.000091  1.000000  0.000085  -0.000260  -0.000086  1.000000  0.999555  0.008735  0.028535  -0.008898  0.999945  0.005611  -0.028484  -0.005863  0.999577  0.000257  0.023046  
101.368768 0.009870  0.101366  -0.000751  0.969330  0.224571  0.099836  -0.235567  0.964793  0.116970  -0.070053  -0.136900  0.988105  0.006178  -0.002522  -0.004901  0.268164  -0.179532  0.937118  2.000000  0.999514  0.009155  0.029787  -0.009338  0.999938  0.006028  -0.029730  -0.006303  0.999538  0.999788  0.020180  0.003994  -0.020207  0.999773  0.006778  -0.003856  -0.006857  0.999969  1.000000  0.000084  0.000243  -0.000084  1.000000  0.000085  -0.000243  -0.000085  1.000000  0.999514  0.009155  0.029787  -0.009338  0.999938  0.006028  -0.029730  -0.006303  0.999538  0.000251  0.021673  
101.370010 0.009871  0.101360  -0.000763  0.969184  0.225130  0.099990  -0.236165  0.964612  0.117259  -0.070053  -0.137260  0.988055  0.005370  -0.002929  -0.005359  0.271429  -0.171232  0.909796  2.000000  0.999483  0.009472  0.030741  -0.009671  0.999933  0.006360  -0.030678  -0.006654  0.999507  0.999809  0.019179  0.003729  -0.019204  0.999793  0.006731  -0.003599  -0.006802  0.999970  1.000000  0.000080  0.000231  -0.000080  1.000000  0.000085  -0.000231  -0.000085  1.000000  0.999483  0.009472  0.030741  -0.009671  0.999933  0.006360  -0.030678  -0.006654  0.999507  0.000241  0.020678  
101.371017 0.009871  0.101354  -0.000774  0.969078  0.225473  0.100249  -0.236562  0.964481  0.117538  -0.070187  -0.137618  0.987995  0.004675  -0.003344  -0.005829  0.276771  -0.162046  0.869672  2.000000  0.999459  0.009698  0.031429  -0.009911  0.999929  0.006611  -0.031363  -0.006919  0.999484  0.999817  0.018753  0.003813  -0.018779  0.999800  0.006880  -0.003683  -0.006950  0.999969  1.000000  0.000077  0.000227  -0.000077  1.000000  0.000086  -0.000227  -0.000086  1.000000  0.999459  0.009698  0.031429  -0.009911  0.999929  0.006611  -0.031363  -0.006919  0.999484  0.000233  0.020349  
101.372029 0.009871  0.101348  -0.000784  0.968981  0.225833  0.100379  -0.236961  0.964345  0.117847  -0.070187  -0.137978  0.987945  0.004005  -0.003645  -0.006237  0.286019  -0.158052  0.835245  2.000000  0.999436  0.009919  0.032095  -0.010144  0.999925  0.006864  -0.032024  -0.007186  0.999461  0.999829  0.018159  0.003603  -0.018184  0.999811  0.006925  -0.003476  -0.006989  0.999970  1.000000  0.000075  0.000219  -0.000075  1.000000  0.000087  -0.000219  -0.000087  1.000000  0.999436  0.009919  0.032095  -0.010144  0.999925  0.006864  -0.032024  -0.007186  0.999461  0.000229  0.019778  
101.373272 0.009870  0.101341  -0.000798  0.968834  0.226392  0.100535  -0.237560  0.964162  0.118136  -0.070187  -0.138337  0.987895  0.003164  -0.004022  -0.006815  0.287996  -0.154657  0.807710  2.000000  0.999405  0.010203  0.032936  -0.010446  0.999919  0.007205  -0.032860  -0.007544  0.999431  0.999847  0.017178  0.003203  -0.017200  0.999828  0.006878  -0.003084  -0.006932  0.999971  1.000000  0.000073  0.000206  -0.000073  1.000000  0.000086  -0.000206  -0.000086  1.000000  0.999405  0.010203  0.032936  -0.010446  0.999919  0.007205  -0.032860  -0.007544  0.999431  0.000221  0.018790  
101.374548 0.009869  0.101335  -0.000810  0.968696  0.226957  0.100589  -0.238160  0.963961  0.118573  -0.070053  -0.138818  0.987837  0.002356  -0.004319  -0.007291  0.293974  -0.146714  0.780339  2.000000  0.999376  0.010481  0.033731  -0.010741  0.999914  0.007545  -0.033649  -0.007903  0.999402  0.999865  0.016215  0.002672  -0.016233  0.999844  0.006955  -0.002559  -0.006997  0.999972  1.000000  0.000073  0.000192  -0.000073  1.000000  0.000087  -0.000192  -0.000087  1.000000  0.999376  0.010481  0.033731  -0.010741  0.999914  0.007545  -0.033649  -0.007903  0.999402  0.000213  0.017854  
101.375755 0.009868  0.101329  -0.000821  0.968598  0.227317  0.100721  -0.238559  0.963824  0.118883  -0.070053  -0.139177  0.987787  0.001652  -0.004524  -0.007783  0.290767  -0.141918  0.747623  2.000000  0.999347  0.010757  0.034482  -0.011035  0.999908  0.007883  -0.034394  -0.008258  0.999374  0.999875  0.015622  0.002461  -0.015639  0.999854  0.006878  -0.002353  -0.006916  0.999973  1.000000  0.000072  0.000184  -0.000072  1.000000  0.000086  -0.000184  -0.000086  1.000000  0.999347  0.010757  0.034482  -0.011035  0.999908  0.007883  -0.034394  -0.008258  0.999374  0.000205  0.017254  
101.376770 0.009866  0.101324  -0.000831  0.968500  0.227690  0.100825  -0.238958  0.963701  0.119075  -0.070053  -0.139417  0.987753  0.001091  -0.004717  -0.008206  0.291532  -0.134252  0.720368  2.000000  0.999326  0.010959  0.035030  -0.011251  0.999904  0.008136  -0.034937  -0.008524  0.999353  0.999878  0.015418  0.002436  -0.015435  0.999857  0.006893  -0.002329  -0.006930  0.999973  1.000000  0.000071  0.000182  -0.000071  1.000000  0.000086  -0.000182  -0.000086  1.000000  0.999326  0.010959  0.035030  -0.011251  0.999904  0.008136  -0.034937  -0.008524  0.999353  0.000200  0.017072  
101.378011 0.009863  0.101317  -0.000843  0.968392  0.228032  0.101085  -0.239354  0.963569  0.119352  -0.070187  -0.139775  0.987693  0.000479  -0.004920  -0.008637  0.287306  -0.124389  0.680977  2.000000  0.999299  0.011219  0.035726  -0.011528  0.999898  0.008470  -0.035628  -0.008876  0.999326  0.999894  0.014401  0.002299  -0.014416  0.999873  0.006722  -0.002202  -0.006755  0.999975  1.000000  0.000066  0.000170  -0.000066  1.000000  0.000084  -0.000170  -0.000084  1.000000  0.999299  0.011219  0.035726  -0.011528  0.999898  0.008470  -0.035628  -0.008876  0.999326  0.000189  0.016065  
101.379016 0.009861  0.101312  -0.000852  0.968294  0.228404  0.101190  -0.239753  0.963446  0.119544  -0.070187  -0.140015  0.987659  -0.000044  -0.005072  -0.009056  0.284263  -0.115551  0.645864  2.000000  0.999272  0.011462  0.036393  -0.011790  0.999892  0.008797  -0.036288  -0.009220  0.999299  0.999902  0.013790  0.002217  -0.013804  0.999883  0.006646  -0.002125  -0.006676  0.999975  1.000000  0.000063  0.000163  -0.000063  1.000000  0.000083  -0.000163  -0.000083  1.000000  0.999272  0.011462  0.036393  -0.011790  0.999892  0.008797  -0.036288  -0.009220  0.999299  0.000182  0.015474  
101.380269 0.009859  0.101306  -0.000863  0.968136  0.228956  0.101447  -0.240349  0.963280  0.119684  -0.070320  -0.140253  0.987615  -0.000388  -0.005065  -0.009200  0.279440  -0.107683  0.621321  2.000000  0.999246  0.011690  0.037036  -0.012036  0.999886  0.009120  -0.036925  -0.009559  0.999272  0.999911  0.013160  0.002268  -0.013175  0.999892  0.006567  -0.002181  -0.006596  0.999976  1.000000  0.000058  0.000156  -0.000058  1.000000  0.000082  -0.000156  -0.000082  1.000000  0.999246  0.011690  0.037036  -0.012036  0.999886  0.009120  -0.036925  -0.009559  0.999272  0.000174  0.014889  
101.381517 0.009856  0.101301  -0.000873  0.968037  0.229328  0.101552  -0.240747  0.963157  0.119876  -0.070320  -0.140493  0.987581  -0.000733  -0.005025  -0.009372  0.271763  -0.099629  0.592519  2.000000  0.999220  0.011907  0.037650  -0.012270  0.999880  0.009434  -0.037533  -0.009889  0.999246  0.999919  0.012569  0.002053  -0.012581  0.999901  0.006369  -0.001972  -0.006394  0.999978  1.000000  0.000057  0.000149  -0.000057  1.000000  0.000080  -0.000149  -0.000080  1.000000  0.999220  0.011907  0.037650  -0.012270  0.999880  0.009434  -0.037533  -0.009889  0.999246  0.000165  0.014245  
101.382768 0.009855  0.101298  -0.000882  0.967988  0.229489  0.101661  -0.240947  0.963066  0.120205  -0.070320  -0.140852  0.987530  -0.000964  -0.004840  -0.009317  0.269985  -0.090680  0.558717  2.000000  0.999195  0.012117  0.038237  -0.012498  0.999874  0.009741  -0.038114  -0.010211  0.999221  0.999924  0.012161  0.001998  -0.012174  0.999906  0.006277  -0.001921  -0.006301  0.999978  1.000000  0.000055  0.000144  -0.000055  1.000000  0.000079  -0.000144  -0.000079  1.000000  0.999195  0.012117  0.038237  -0.012498  0.999874  0.009741  -0.038114  -0.010211  0.999221  0.000159  0.013837  
101.383773 0.009854  0.101296  -0.000889  0.967938  0.229663  0.101741  -0.241146  0.962989  0.120418  -0.070320  -0.141091  0.987496  -0.001119  -0.004648  -0.009215  0.263703  -0.087078  0.531196  2.000000  0.999177  0.012265  0.038654  -0.012660  0.999870  0.009970  -0.038527  -0.010451  0.999203  0.999931  0.011551  0.001914  -0.011563  0.999914  0.006200  -0.001843  -0.006222  0.999979  1.000000  0.000052  0.000137  -0.000052  1.000000  0.000078  -0.000137  -0.000078  1.000000  0.999177  0.012265  0.038654  -0.012660  0.999870  0.009970  -0.038527  -0.010451  0.999203  0.000152  0.013254  
101.385016 0.009855  0.101295  -0.000898  0.967839  0.230035  0.101846  -0.241544  0.962865  0.120610  -0.070320  -0.141331  0.987462  -0.001149  -0.004314  -0.009017  0.257678  -0.083540  0.504189  2.000000  0.999154  0.012455  0.039188  -0.012867  0.999864  0.010275  -0.039055  -0.010770  0.999179  0.999939  0.010959  0.001699  -0.010970  0.999920  0.006245  -0.001631  -0.006263  0.999979  1.000000  0.000050  0.000129  -0.000051  1.000000  0.000078  -0.000129  -0.000078  1.000000  0.999154  0.012455  0.039188  -0.012867  0.999864  0.010275  -0.039055  -0.010770  0.999179  0.000144  0.012732  
101.386277 0.009856  0.101293  -0.000907  0.967780  0.230177  0.102083  -0.241741  0.962779  0.120907  -0.070453  -0.141689  0.987401  -0.001009  -0.003913  -0.008700  0.255996  -0.083453  0.469343  2.000000  0.999132  0.012633  0.039693  -0.013063  0.999859  0.010579  -0.039554  -0.011088  0.999156  0.999945  0.010330  0.001747  -0.010340  0.999928  0.006167  -0.001684  -0.006184  0.999979  1.000000  0.000046  0.000123  -0.000046  1.000000  0.000077  -0.000123  -0.000077  1.000000  0.999132  0.012633  0.039693  -0.013063  0.999859  0.010579  -0.039554  -0.011088  0.999156  0.000137  0.012162  
101.387506 0.009858  0.101291  -0.000916  0.967671  0.230531  0.102317  -0.242138  0.962659  0.121066  -0.070587  -0.141927  0.987357  -0.000861  -0.003591  -0.008508  0.250284  -0.081968  0.458706  2.000000  0.999111  0.012797  0.040171  -0.013244  0.999853  0.010884  -0.040026  -0.011407  0.999134  0.999949  0.009904  0.001825  -0.009915  0.999932  0.006195  -0.001764  -0.006213  0.999979  1.000000  0.000043  0.000118  -0.000043  1.000000  0.000078  -0.000118  -0.000078  1.000000  0.999111  0.012797  0.040171  -0.013244  0.999853  0.010884  -0.040026  -0.011407  0.999134  0.000133  0.011828  
101.388527 0.009860  0.101290  -0.000924  0.967612  0.230673  0.102554  -0.242334  0.962572  0.121363  -0.070720  -0.142285  0.987296  -0.000678  -0.003254  -0.008201  0.254038  -0.083368  0.434094  2.000000  0.999090  0.012946  0.040633  -0.013410  0.999848  0.011183  -0.040482  -0.011718  0.999112  0.999953  0.009478  0.001902  -0.009489  0.999936  0.006102  -0.001844  -0.006120  0.999980  1.000000  0.000039  0.000114  -0.000039  1.000000  0.000076  -0.000114  -0.000076  1.000000  0.999090  0.012946  0.040633  -0.013410  0.999848  0.011183  -0.040482  -0.011718  0.999112  0.000129  0.011436  
101.389767 0.009863  0.101289  -0.000933  0.967544  0.230809  0.102891  -0.242529  0.962504  0.121512  -0.070987  -0.142522  0.987243  -0.000361  -0.002948  -0.008048  0.251574  -0.089603  0.412663  2.000000  0.999075  0.013046  0.040970  -0.013524  0.999843  0.011410  -0.040815  -0.011954  0.999095  0.999957  0.009051  0.001980  -0.009063  0.999939  0.006252  -0.001923  -0.006269  0.999978  1.000000  0.000035  0.000110  -0.000035  1.000000  0.000078  -0.000110  -0.000078  1.000000  0.999075  0.013046  0.040970  -0.013524  0.999843  0.011410  -0.040815  -0.011954  0.999095  0.000124  0.011182  
101.391036 0.009868  0.101288  -0.000943  0.967484  0.230951  0.103129  -0.242726  0.962417  0.121809  -0.071121  -0.142880  0.987181  0.000072  -0.002628  -0.007914  0.253272  -0.085843  0.384975  2.000000  0.999051  0.013181  0.041509  -0.013681  0.999837  0.011787  -0.041347  -0.012344  0.999069  0.999964  0.008180  0.002263  -0.008194  0.999948  0.006066  -0.002213  -0.006085  0.999979  1.000000  0.000027  0.000103  -0.000027  1.000000  0.000076  -0.000103  -0.000076  1.000000  0.999051  0.013181  0.041509  -0.013681  0.999837  0.011787  -0.041347  -0.012344  0.999069  0.000119  0.010438  
101.392265 0.009873  0.101286  -0.000954  0.967425  0.231093  0.103366  -0.242923  0.962330  0.122105  -0.071254  -0.143238  0.987120  0.000529  -0.002380  -0.007908  0.256370  -0.087826  0.367892  2.000000  0.999033  0.013271  0.041920  -0.013788  0.999832  0.012088  -0.041752  -0.012655  0.999048  0.999966  0.007957  0.002369  -0.007971  0.999949  0.006201  -0.002319  -0.006220  0.999978  1.000000  0.000024  0.000101  -0.000024  1.000000  0.000078  -0.000101  -0.000078  1.000000  0.999033  0.013271  0.041920  -0.013788  0.999832  0.012088  -0.041752  -0.012655  0.999048  0.000114  0.010368  
101.393518 0.009878  0.101284  -0.000964  0.967366  0.231235  0.103603  -0.243120  0.962242  0.122402  -0.071388  -0.143595  0.987058  0.001121  -0.001990  -0.007751  0.256291  -0.089283  0.342851  2.000000  0.999015  0.013345  0.042317  -0.013881  0.999827  0.012393  -0.042144  -0.012968  0.999027  0.999969  0.007530  0.002445  -0.007545  0.999952  0.006230  -0.002398  -0.006248  0.999978  1.000000  0.000021  0.000097  -0.000021  1.000000  0.000078  -0.000097  -0.000078  1.000000  0.999015  0.013345  0.042317  -0.013881  0.999827  0.012393  -0.042144  -0.012968  0.999027  0.000112  0.010080  
101.394758 0.009884  0.101284  -0.000975  0.967297  0.231358  0.103969  -0.243314  0.962160  0.122666  -0.071655  -0.143952  0.986987  0.001665  -0.001642  -0.007755  0.254720  -0.096580  0.332095  2.000000  0.998998  0.013406  0.042698  -0.013960  0.999822  0.012699  -0.042520  -0.013282  0.999007  0.999972  0.007104  0.002521  -0.007119  0.999955  0.006259  -0.002477  -0.006277  0.999977  1.000000  0.000017  0.000093  -0.000017  1.000000  0.000078  -0.000093  -0.000078  1.000000  0.998998  0.013406  0.042698  -0.013960  0.999822  0.012699  -0.042520  -0.013282  0.999007  0.000109  0.009803  
101.395762 0.009890  0.101284  -0.000982  0.967238  0.231500  0.104206  -0.243511  0.962072  0.122963  -0.071788  -0.144310  0.986925  0.002232  -0.001305  -0.007671  0.257801  -0.104464  0.319862  2.000000  0.998982  0.013456  0.043060  -0.014028  0.999817  0.012999  -0.042878  -0.013590  0.998988  0.999974  0.006677  0.002596  -0.006693  0.999959  0.006044  -0.002556  -0.006062  0.999978  1.000000  0.000014  0.000088  -0.000014  1.000000  0.000076  -0.000088  -0.000076  1.000000  0.998982  0.013456  0.043060  -0.014028  0.999817  0.012999  -0.042878  -0.013590  0.998988  0.000106  0.009379  
101.396768 0.009897  0.101285  -0.000989  0.967178  0.231654  0.104416  -0.243708  0.961999  0.123142  -0.071922  -0.144548  0.986881  0.002763  -0.001035  -0.007595  0.258752  -0.107047  0.305521  2.000000  0.998970  0.013481  0.043320  -0.014066  0.999814  0.013223  -0.043134  -0.013819  0.998974  0.999977  0.006250  0.002672  -0.006266  0.999962  0.006074  -0.002634  -0.006090  0.999978  1.000000  0.000010  0.000084  -0.000010  1.000000  0.000076  -0.000084  -0.000076  1.000000  0.998970  0.013481  0.043320  -0.014066  0.999814  0.013223  -0.043134  -0.013819  0.998974  0.000102  0.009121  
101.398008 0.009905  0.101286  -0.000997  0.967109  0.231776  0.104782  -0.243902  0.961916  0.123406  -0.072188  -0.144904  0.986809  0.003428  -0.000723  -0.007505  0.256122  -0.113163  0.283714  2.000000  0.998955  0.013499  0.043657  -0.014101  0.999809  0.013520  -0.043467  -0.014121  0.998955  0.999978  0.006007  0.002909  -0.006025  0.999964  0.005966  -0.002873  -0.005983  0.999978  1.000000  0.000006  0.000083  -0.000006  1.000000  0.000075  -0.000083  -0.000075  1.000000  0.998955  0.013499  0.043657  -0.014101  0.999809  0.013520  -0.043467  -0.014121  0.998955  0.000102  0.008958  
101.399017 0.009912  0.101288  -0.001002  0.967040  0.231911  0.105119  -0.244096  0.961848  0.123554  -0.072455  -0.145141  0.986755  0.003900  -0.000479  -0.007378  0.256481  -0.121117  0.275477  2.000000  0.998941  0.013493  0.043981  -0.014113  0.999805  0.013812  -0.043787  -0.014418  0.998937  0.999981  0.005339  0.003218  -0.005358  0.999968  0.005888  -0.003187  -0.005905  0.999977  1.000000  -0.000001  0.000078  0.000001  1.000000  0.000074  -0.000078  -0.000074  1.000000  0.998941  0.013493  0.043981  -0.014113  0.999805  0.013812  -0.043787  -0.014418  0.998937  0.000099  0.008581  
101.400272 0.009921  0.101290  -0.001009  0.966971  0.232033  0.105485  -0.244291  0.961765  0.123817  -0.072722  -0.145497  0.986682  0.004441  -0.000232  -0.007294  0.254117  -0.124108  0.261927  2.000000  0.998928  0.013469  0.044299  -0.014106  0.999801  0.014101  -0.044100  -0.014711  0.998919  0.999981  0.005096  0.003455  -0.005116  0.999970  0.005780  -0.003425  -0.005798  0.999977  1.000000  -0.000005  0.000077  0.000005  1.000000  0.000072  -0.000077  -0.000072  1.000000  0.998928  0.013469  0.044299  -0.014106  0.999801  0.014101  -0.044100  -0.014711  0.998919  0.000096  0.008451  
101.401530 0.009929  0.101294  -0.001015  0.966962  0.231976  0.105698  -0.244288  0.961724  0.124135  -0.072856  -0.145854  0.986620  0.004903  0.000072  -0.007089  0.256336  -0.125293  0.244826  2.000000  0.998914  0.013428  0.044607  -0.014083  0.999797  0.014391  -0.044405  -0.015004  0.998901  0.999982  0.004872  0.003559  -0.004892  0.999971  0.005795  -0.003530  -0.005812  0.999977  1.000000  -0.000008  0.000075  0.000008  1.000000  0.000073  -0.000075  -0.000073  1.000000  0.998914  0.013428  0.044607  -0.014083  0.999797  0.014391  -0.044405  -0.015004  0.998901  0.000094  0.008371  
