1-Time 2-Px 3-Py 4-Pz 5-R11 6-R21 7-R31 8-R12 9-R22 10-R32 11-R13 12-R23 13-R33 14-Vx 15-Vy 16-Vz 17-Wx 18-Wy 19-Wz 20-state 21-PR11 22-PR21 23-PR31 24-PR12 25-PR22 26-PR32 27-PR13 28-PR23 29-PR33 
10.163920 -0.000031  0.089235  -0.009570  0.986543  0.162802  -0.015116  -0.160211  0.981000  0.109412  0.032641  -0.105518  0.993882  0.000491  0.000599  0.001232  0.000000  0.000000  0.000000  2.000000  1.000000  0.000000  0.000000  -0.000000  1.000000  0.000000  0.000000  -0.000000  1.000000  0.999999  0.001037  -0.000025  -0.001037  0.999994  0.003187  0.000028  -0.003187  0.999995  1.000000  0.000000  0.000000  0.000000  1.000000  0.000000  0.000000  0.000000  1.000000  1.000000  0.000000  0.000000  0.000000  1.000000  0.000000  0.000000  0.000000  1.000000  0.000000  0.000000  
10.164924 -0.000031  0.089236  -0.009568  0.986510  0.163006  -0.015073  -0.160414  0.980953  0.109534  0.032641  -0.105638  0.993869  0.000506  0.000553  0.001250  0.000000  0.000000  0.000000  2.000000  1.000000  0.000000  0.000000  0.000000  1.000000  0.000000  0.000000  0.000000  1.000000  0.999999  0.001037  -0.000024  -0.001037  0.999994  0.003309  0.000028  -0.003309  0.999995  1.000000  0.000000  0.000000  0.000000  1.000000  0.000000  0.000000  0.000000  1.000000  1.000000  0.000000  0.000000  0.000000  1.000000  0.000000  0.000000  0.000000  1.000000  0.000000  0.000000  
10.166168 -0.000032  0.089232  -0.009571  0.986373  0.163833  -0.015055  -0.161226  0.980777  0.109925  0.032775  -0.105999  0.993826  0.000411  0.000296  0.001004  0.000000  0.000000  0.000000  2.000000  1.000000  0.000000  0.000000  0.000000  1.000000  0.000000  0.000000  0.000000  1.000000  0.999999  0.001665  -0.000092  -0.001665  0.999993  0.003329  0.000097  -0.003329  0.999994  1.000000  0.000000  0.000000  0.000000  1.000000  0.000000  0.000000  0.000000  1.000000  1.000000  0.000000  0.000000  0.000000  1.000000  0.000000  0.000000  0.000000  1.000000  0.000000  0.000000  
10.167423 -0.000033  0.089228  -0.009575  0.986207  0.164848  -0.014882  -0.162241  0.980567  0.110297  0.032775  -0.106361  0.993787  0.000299  -0.000043  0.000627  0.174559  -0.001831  0.104076  2.000000  1.000000  0.000000  0.000000  0.000000  1.000000  0.000000  0.000000  0.000000  1.000000  0.999996  0.002688  0.000018  -0.002688  0.999990  0.003605  -0.000009  -0.003605  0.999994  1.000000  0.000000  0.000000  0.000000  1.000000  0.000000  0.000000  0.000000  1.000000  1.000000  0.000000  0.000000  0.000000  1.000000  0.000000  0.000000  0.000000  1.000000  0.000000  0.000000  
10.168671 -0.000035  0.089222  -0.009579  0.986073  0.165665  -0.014690  -0.163053  0.980364  0.110904  0.032775  -0.106964  0.993723  0.000190  -0.000480  0.000225  0.187714  -0.004760  0.131596  2.000000  1.000000  0.000000  0.000000  0.000000  1.000000  0.000000  0.000000  0.000000  1.000000  0.999994  0.003506  0.000108  -0.003507  0.999986  0.003996  -0.000094  -0.003996  0.999992  1.000000  0.000000  0.000000  0.000000  1.000000  0.000000  0.000000  0.000000  1.000000  1.000000  0.000000  0.000000  0.000000  1.000000  0.000000  0.000000  0.000000  1.000000  0.000055  0.000000  
10.169924 -0.000035  0.089216  -0.009583  0.985968  0.166291  -0.014672  -0.163662  0.980205  0.111410  0.032909  -0.107445  0.993666  0.000158  -0.000911  -0.000122  0.196517  -0.002507  0.152665  2.000000  1.000000  0.000000  0.000000  0.000000  1.000000  0.000000  0.000000  0.000000  1.000000  0.999992  0.003930  0.000021  -0.003930  0.999983  0.004252  -0.000004  -0.004252  0.999991  1.000000  0.000000  0.000000  0.000000  1.000000  0.000000  0.000000  0.000000  1.000000  1.000000  0.000000  0.000000  0.000000  1.000000  0.000000  0.000000  0.000000  1.000000  0.000061  0.000000  
10.171169 -0.000035  0.089210  -0.009585  0.985858  0.166934  -0.014765  -0.164269  0.980030  0.112057  0.033176  -0.108047  0.993592  0.000108  -0.001361  -0.000390  0.213559  0.004201  0.174264  2.000000  1.000000  0.000000  0.000000  0.000000  1.000000  0.000000  0.000000  0.000000  1.000000  0.999990  0.004558  -0.000043  -0.004558  0.999978  0.004758  0.000065  -0.004758  0.999989  1.000000  0.000000  0.000000  0.000000  1.000000  0.000000  0.000000  0.000000  1.000000  1.000000  0.000000  0.000000  0.000000  1.000000  0.000000  0.000000  0.000000  1.000000  0.000067  0.000000  
10.172420 -0.000036  0.089205  -0.009587  0.985679  0.167980  -0.014810  -0.165282  0.979785  0.112711  0.033443  -0.108649  0.993517  0.000024  -0.001737  -0.000652  0.226943  0.009423  0.209585  2.000000  1.000000  0.000105  0.000170  -0.000105  1.000000  0.000192  -0.000170  -0.000192  1.000000  0.999985  0.005405  -0.000217  -0.005404  0.999972  0.005151  0.000244  -0.005149  0.999987  1.000000  0.000036  0.000057  -0.000036  1.000000  0.000064  -0.000057  -0.000064  1.000000  1.000000  0.000105  0.000170  -0.000105  1.000000  0.000192  -0.000170  -0.000192  1.000000  0.000075  0.007469  
10.173668 -0.000036  0.089201  -0.009590  0.985495  0.169039  -0.015005  -0.166294  0.979549  0.113267  0.033845  -0.109129  0.993451  -0.000079  -0.002143  -0.000967  0.240372  0.019117  0.245403  2.000000  1.000000  0.000315  0.000496  -0.000315  1.000000  0.000529  -0.000496  -0.000529  1.000000  0.999979  0.006457  -0.000368  -0.006455  0.999964  0.005550  0.000403  -0.005547  0.999985  1.000000  0.000045  0.000067  -0.000045  1.000000  0.000069  -0.000067  -0.000069  1.000000  1.000000  0.000315  0.000496  -0.000315  1.000000  0.000529  -0.000496  -0.000529  1.000000  0.000084  0.008522  
10.174670 -0.000037  0.089196  -0.009593  0.985314  0.170083  -0.015068  -0.167307  0.979315  0.113802  0.034112  -0.109610  0.993389  -0.000170  -0.002496  -0.001238  0.253764  0.024316  0.280715  2.000000  1.000000  0.000466  0.000719  -0.000467  1.000000  0.000745  -0.000719  -0.000745  0.999999  0.999972  0.007509  -0.000518  -0.007506  0.999954  0.005950  0.000562  -0.005946  0.999982  1.000000  0.000053  0.000078  -0.000053  1.000000  0.000074  -0.000078  -0.000074  1.000000  1.000000  0.000466  0.000719  -0.000467  1.000000  0.000745  -0.000719  -0.000745  0.999999  0.000093  0.009593  
10.175915 -0.000037  0.089192  -0.009597  0.985103  0.171315  -0.014975  -0.168524  0.979046  0.114318  0.034246  -0.110092  0.993331  -0.000275  -0.002860  -0.001607  0.265187  0.024839  0.313238  2.000000  0.999999  0.000758  0.001144  -0.000759  0.999999  0.001129  -0.001143  -0.001130  0.999999  0.999961  0.008766  -0.000644  -0.008762  0.999942  0.006236  0.000698  -0.006230  0.999980  1.000000  0.000062  0.000091  -0.000062  1.000000  0.000078  -0.000091  -0.000078  1.000000  0.999999  0.000758  0.001144  -0.000759  0.999999  0.001129  -0.001143  -0.001130  0.999999  0.000102  0.010775  
10.176920 -0.000036  0.089188  -0.009599  0.984959  0.172141  -0.014949  -0.169334  0.978860  0.114709  0.034379  -0.110453  0.993287  -0.000269  -0.003119  -0.001866  0.272277  0.026458  0.343673  2.000000  0.999998  0.001021  0.001529  -0.001023  0.999998  0.001451  -0.001527  -0.001453  0.999998  0.999954  0.009599  -0.000681  -0.009594  0.999932  0.006628  0.000745  -0.006621  0.999978  1.000000  0.000068  0.000099  -0.000068  1.000000  0.000083  -0.000099  -0.000083  1.000000  0.999998  0.001021  0.001529  -0.001023  0.999998  0.001451  -0.001527  -0.001453  0.999998  0.000108  0.011683  
10.178168 -0.000035  0.089185  -0.009600  0.984705  0.173588  -0.014962  -0.170752  0.978551  0.115251  0.034647  -0.110934  0.993224  -0.000218  -0.003346  -0.002010  0.282048  0.030089  0.392702  2.000000  0.999997  0.001382  0.002058  -0.001385  0.999997  0.001869  -0.002056  -0.001872  0.999996  0.999943  0.010651  -0.000829  -0.010645  0.999920  0.006786  0.000901  -0.006777  0.999977  1.000000  0.000076  0.000110  -0.000076  1.000000  0.000085  -0.000110  -0.000085  1.000000  0.999997  0.001382  0.002058  -0.001385  0.999997  0.001869  -0.002056  -0.001872  0.999996  0.000117  0.012654  
10.179169 -0.000034  0.089182  -0.009601  0.984519  0.174629  -0.015041  -0.171763  0.978324  0.115668  0.034914  -0.111294  0.993174  -0.000195  -0.003542  -0.002139  0.291425  0.035227  0.428057  2.000000  0.999995  0.001705  0.002532  -0.001710  0.999996  0.002216  -0.002528  -0.002221  0.999994  0.999929  0.011893  -0.000820  -0.011887  0.999904  0.007072  0.000904  -0.007061  0.999975  1.000000  0.000084  0.000123  -0.000084  1.000000  0.000088  -0.000123  -0.000088  1.000000  0.999995  0.001705  0.002532  -0.001710  0.999996  0.002216  -0.002528  -0.002221  0.999994  0.000128  0.013859  
10.180424 -0.000032  0.089178  -0.009603  0.984262  0.176076  -0.015051  -0.173180  0.978010  0.116210  0.035182  -0.111775  0.993111  -0.000126  -0.003787  -0.002303  0.300977  0.039539  0.470187  2.000000  0.999993  0.002067  0.003058  -0.002075  0.999995  0.002578  -0.003052  -0.002584  0.999992  0.999913  0.013165  -0.001075  -0.013157  0.999886  0.007361  0.001172  -0.007346  0.999972  1.000000  0.000094  0.000135  -0.000094  1.000000  0.000092  -0.000135  -0.000092  1.000000  0.999993  0.002067  0.003058  -0.002075  0.999995  0.002578  -0.003052  -0.002584  0.999992  0.000137  0.015118  
10.181443 -0.000032  0.089173  -0.009605  0.984073  0.177117  -0.015129  -0.174192  0.977781  0.116628  0.035449  -0.112135  0.993060  0.000020  -0.003911  -0.002261  0.310208  0.040142  0.504736  2.000000  0.999990  0.002464  0.003631  -0.002475  0.999993  0.002953  -0.003624  -0.002962  0.999989  0.999898  0.014218  -0.001220  -0.014208  0.999870  0.007642  0.001329  -0.007624  0.999970  1.000000  0.000103  0.000146  -0.000103  1.000000  0.000095  -0.000146  -0.000095  1.000000  0.999990  0.002464  0.003631  -0.002475  0.999993  0.002953  -0.003624  -0.002962  0.999989  0.000146  0.016184  
10.182669 -0.000031  0.089167  -0.009607  0.983880  0.178176  -0.015314  -0.175202  0.977533  0.117187  0.035850  -0.112615  0.992992  0.000195  -0.004009  -0.002114  0.319860  0.049653  0.540926  2.000000  0.999987  0.002894  0.004243  -0.002908  0.999990  0.003346  -0.004233  -0.003359  0.999985  0.999882  0.015271  -0.001363  -0.015259  0.999851  0.008044  0.001486  -0.008023  0.999967  1.000000  0.000111  0.000156  -0.000111  1.000000  0.000100  -0.000156  -0.000100  1.000000  0.999987  0.002894  0.004243  -0.002908  0.999990  0.003346  -0.004233  -0.003359  0.999985  0.000156  0.017309  
10.183922 -0.000029  0.089159  -0.009609  0.983684  0.179238  -0.015456  -0.176212  0.977256  0.117985  0.036251  -0.113336  0.992895  0.000345  -0.004158  -0.001933  0.338639  0.059361  0.565461  2.000000  0.999981  0.003478  0.005054  -0.003497  0.999986  0.003861  -0.005041  -0.003879  0.999980  0.999865  0.016339  -0.001634  -0.016324  0.999830  0.008571  0.001773  -0.008543  0.999962  1.000000  0.000121  0.000166  -0.000121  1.000000  0.000107  -0.000166  -0.000107  1.000000  0.999981  0.003478  0.005054  -0.003497  0.999986  0.003861  -0.005041  -0.003879  0.999980  0.000165  0.018517  
10.185172 -0.000028  0.089149  -0.009611  0.983456  0.180484  -0.015462  -0.177426  0.976956  0.118643  0.036519  -0.113937  0.992817  0.000473  -0.004408  -0.001838  0.355003  0.063993  0.612085  2.000000  0.999974  0.004110  0.005924  -0.004136  0.999982  0.004406  -0.005905  -0.004431  0.999973  0.999843  0.017612  -0.001881  -0.017594  0.999805  0.008984  0.002039  -0.008949  0.999958  1.000000  0.000131  0.000178  -0.000131  1.000000  0.000112  -0.000178  -0.000112  1.000000  0.999974  0.004110  0.005924  -0.004136  0.999982  0.004406  -0.005905  -0.004431  0.999973  0.000176  0.019854  
10.186426 -0.000025  0.089138  -0.009614  0.983264  0.181531  -0.015469  -0.178436  0.976678  0.119418  0.036786  -0.114659  0.992724  0.000675  -0.004796  -0.001892  0.372527  0.068836  0.647355  2.000000  0.999965  0.004779  0.006841  -0.004813  0.999976  0.004984  -0.006817  -0.005016  0.999964  0.999831  0.018257  -0.002063  -0.018237  0.999789  0.009495  0.002236  -0.009456  0.999953  1.000000  0.000137  0.000184  -0.000137  1.000000  0.000118  -0.000184  -0.000118  1.000000  0.999965  0.004779  0.006841  -0.004813  0.999976  0.004984  -0.006817  -0.005016  0.999964  0.000186  0.020674  
10.187672 -0.000023  0.089125  -0.009620  0.983070  0.182579  -0.015453  -0.179446  0.976383  0.120310  0.037054  -0.115500  0.992616  0.000831  -0.005304  -0.002156  0.398195  0.074446  0.676146  2.000000  0.999955  0.005460  0.007766  -0.005503  0.999969  0.005585  -0.007735  -0.005627  0.999954  0.999831  0.018258  -0.002050  -0.018237  0.999785  0.009861  0.002229  -0.009822  0.999949  1.000000  0.000137  0.000184  -0.000137  1.000000  0.000123  -0.000184  -0.000123  1.000000  0.999955  0.005460  0.007766  -0.005503  0.999969  0.005585  -0.007735  -0.005627  0.999954  0.000194  0.020844  
10.188673 -0.000022  0.089113  -0.009626  0.982954  0.183207  -0.015398  -0.180053  0.976194  0.120936  0.037187  -0.116102  0.992541  0.001022  -0.005878  -0.002368  0.411065  0.076313  0.697073  2.000000  0.999948  0.005874  0.008318  -0.005924  0.999965  0.005963  -0.008282  -0.006012  0.999948  0.999830  0.018291  -0.002302  -0.018266  0.999780  0.010351  0.002491  -0.010307  0.999944  1.000000  0.000140  0.000183  -0.000140  1.000000  0.000129  -0.000183  -0.000129  1.000000  0.999948  0.005874  0.008318  -0.005924  0.999965  0.005963  -0.008282  -0.006012  0.999948  0.000202  0.021133  
10.189920 -0.000021  0.089098  -0.009633  0.982833  0.183853  -0.015428  -0.180658  0.975972  0.121822  0.037455  -0.116943  0.992432  0.001158  -0.006530  -0.002647  0.436380  0.082618  0.718791  2.000000  0.999936  0.006577  0.009233  -0.006638  0.999956  0.006610  -0.009189  -0.006671  0.999936  0.999829  0.018324  -0.002552  -0.018296  0.999776  0.010598  0.002746  -0.010550  0.999941  1.000000  0.000143  0.000182  -0.000143  1.000000  0.000132  -0.000182  -0.000132  1.000000  0.999936  0.006577  0.009233  -0.006638  0.999956  0.006610  -0.009189  -0.006671  0.999936  0.000211  0.021311  
10.191168 -0.000019  0.089081  -0.009642  0.982679  0.184685  -0.015302  -0.181466  0.975714  0.122687  0.037589  -0.117785  0.992327  0.001216  -0.007294  -0.002960  0.457549  0.084384  0.739972  2.000000  0.999922  0.007285  0.010146  -0.007359  0.999946  0.007277  -0.010093  -0.007351  0.999922  0.999829  0.018326  -0.002539  -0.018297  0.999774  0.010843  0.002737  -0.010795  0.999938  1.000000  0.000143  0.000182  -0.000143  1.000000  0.000135  -0.000182  -0.000135  1.000000  0.999922  0.007285  0.010146  -0.007359  0.999946  0.007277  -0.010093  -0.007351  0.999922  0.000216  0.021434  
10.192170 -0.000017  0.089068  -0.009649  0.982599  0.185112  -0.015269  -0.181870  0.975560  0.123309  0.037722  -0.118387  0.992251  0.001250  -0.008086  -0.003325  0.474476  0.087052  0.754387  2.000000  0.999910  0.007853  0.010883  -0.007939  0.999938  0.007820  -0.010820  -0.007906  0.999910  0.999825  0.018532  -0.002501  -0.018503  0.999767  0.011095  0.002706  -0.011047  0.999935  1.000000  0.000144  0.000184  -0.000144  1.000000  0.000138  -0.000184  -0.000138  1.000000  0.999910  0.007853  0.010883  -0.007939  0.999938  0.007820  -0.010820  -0.007906  0.999910  0.000223  0.021733  
10.193419 -0.000016  0.089052  -0.009656  0.982439  0.185958  -0.015294  -0.182677  0.975312  0.124080  0.037990  -0.119107  0.992154  0.001208  -0.008880  -0.003693  0.491843  0.092513  0.782898  2.000000  0.999894  0.008545  0.011790  -0.008646  0.999926  0.008501  -0.011716  -0.008602  0.999894  0.999837  0.017905  -0.002429  -0.017877  0.999779  0.011078  0.002626  -0.011033  0.999936  1.000000  0.000139  0.000178  -0.000139  1.000000  0.000138  -0.000178  -0.000138  1.000000  0.999894  0.008545  0.011790  -0.008646  0.999926  0.008501  -0.011716  -0.008602  0.999894  0.000230  0.021184  
10.194422 -0.000016  0.089039  -0.009661  0.982358  0.186384  -0.015260  -0.183081  0.975157  0.124702  0.038123  -0.119709  0.992077  0.001204  -0.009604  -0.003947  0.504526  0.094359  0.790655  2.000000  0.999881  0.009083  0.012500  -0.009197  0.999917  0.009057  -0.012417  -0.009170  0.999881  0.999844  0.017482  -0.002334  -0.017454  0.999784  0.011308  0.002532  -0.011266  0.999933  1.000000  0.000136  0.000174  -0.000136  1.000000  0.000141  -0.000174  -0.000141  1.000000  0.999881  0.009083  0.012500  -0.009197  0.999917  0.009057  -0.012417  -0.009170  0.999881  0.000234  0.020941  
10.195669 -0.000015  0.089024  -0.009665  0.982278  0.186812  -0.015203  -0.183484  0.974986  0.125443  0.038257  -0.120430  0.991984  0.001126  -0.010167  -0.004007  0.520634  0.096288  0.783640  2.000000  0.999864  0.009721  0.013350  -0.009852  0.999904  0.009753  -0.013254  -0.009883  0.999863  0.999859  0.016634  -0.002156  -0.016609  0.999798  0.011280  0.002343  -0.011243  0.999934  1.000000  0.000128  0.000166  -0.000128  1.000000  0.000141  -0.000166  -0.000141  1.000000  0.999864  0.009721  0.013350  -0.009852  0.999904  0.009753  -0.013254  -0.009883  0.999863  0.000238  0.020204  
10.196672 -0.000016  0.089013  -0.009668  0.982240  0.187022  -0.015064  -0.183686  0.974871  0.126037  0.038257  -0.121032  0.991911  0.001056  -0.010727  -0.004163  0.528015  0.098261  0.763019  2.000000  0.999853  0.010091  0.013839  -0.010232  0.999896  0.010177  -0.013735  -0.010317  0.999852  0.999870  0.016007  -0.002088  -0.015981  0.999805  0.011622  0.002273  -0.011587  0.999930  1.000000  0.000124  0.000160  -0.000124  1.000000  0.000145  -0.000160  -0.000145  1.000000  0.999853  0.010091  0.013839  -0.010232  0.999896  0.010177  -0.013735  -0.010317  0.999852  0.000234  0.019881  
10.197678 -0.000017  0.089001  -0.009671  0.982202  0.187232  -0.014924  -0.183889  0.974756  0.126631  0.038257  -0.121633  0.991838  0.000905  -0.011158  -0.004284  0.535553  0.100283  0.742622  2.000000  0.999840  0.010565  0.014469  -0.010721  0.999885  0.010753  -0.014354  -0.010907  0.999837  0.999880  0.015379  -0.002021  -0.015354  0.999813  0.011720  0.002201  -0.011688  0.999929  1.000000  0.000119  0.000153  -0.000119  1.000000  0.000146  -0.000153  -0.000146  1.000000  0.999840  0.010565  0.014469  -0.010721  0.999885  0.010753  -0.014354  -0.010907  0.999837  0.000232  0.019433  
10.198919 -0.000020  0.088986  -0.009674  0.982127  0.187644  -0.014736  -0.184293  0.974587  0.127347  0.038257  -0.122355  0.991749  0.000623  -0.011545  -0.004357  0.543183  0.099038  0.736435  2.000000  0.999826  0.011017  0.015067  -0.011188  0.999873  0.011342  -0.014940  -0.011508  0.999822  0.999892  0.014547  -0.001980  -0.014522  0.999823  0.011933  0.002153  -0.011903  0.999927  1.000000  0.000113  0.000144  -0.000113  1.000000  0.000149  -0.000144  -0.000149  1.000000  0.999826  0.011017  0.015067  -0.011188  0.999873  0.011342  -0.014940  -0.011508  0.999822  0.000229  0.018911  
10.200174 -0.000025  0.088970  -0.009678  0.982089  0.187856  -0.014573  -0.184495  0.974455  0.128059  0.038257  -0.123077  0.991659  0.000154  -0.012003  -0.004519  0.546945  0.092763  0.720830  2.000000  0.999809  0.011545  0.015772  -0.011737  0.999858  0.012096  -0.015630  -0.012278  0.999802  0.999907  0.013495  -0.001830  -0.013471  0.999834  0.012259  0.001996  -0.012233  0.999923  1.000000  0.000105  0.000134  -0.000105  1.000000  0.000153  -0.000134  -0.000153  1.000000  0.999809  0.011545  0.015772  -0.011737  0.999858  0.012096  -0.015630  -0.012278  0.999802  0.000227  0.018315  
10.201419 -0.000033  0.088953  -0.009682  0.982046  0.188083  -0.014540  -0.184696  0.974320  0.128796  0.038391  -0.123798  0.991565  -0.000486  -0.012299  -0.004571  0.550670  0.090267  0.700079  2.000000  0.999793  0.012024  0.016407  -0.012235  0.999842  0.012861  -0.016250  -0.013059  0.999783  0.999926  0.012034  -0.001732  -0.012012  0.999850  0.012450  0.001882  -0.012428  0.999921  1.000000  0.000095  0.000119  -0.000095  1.000000  0.000155  -0.000119  -0.000156  1.000000  0.999793  0.012024  0.016407  -0.012235  0.999842  0.012861  -0.016250  -0.013059  0.999783  0.000225  0.017395  
10.202419 -0.000040  0.088939  -0.009687  0.982007  0.188292  -0.014399  -0.184899  0.974203  0.129389  0.038391  -0.124399  0.991489  -0.001124  -0.012578  -0.004524  0.553574  0.086324  0.679957  2.000000  0.999781  0.012371  0.016866  -0.012599  0.999830  0.013485  -0.016696  -0.013695  0.999767  0.999938  0.010981  -0.001588  -0.010960  0.999860  0.012655  0.001727  -0.012636  0.999919  1.000000  0.000087  0.000108  -0.000087  1.000000  0.000158  -0.000108  -0.000158  1.000000  0.999781  0.012371  0.016866  -0.012599  0.999830  0.013485  -0.016696  -0.013695  0.999767  0.000220  0.016824  
10.203420 -0.000048  0.088926  -0.009690  0.982007  0.188303  -0.014262  -0.184899  0.974108  0.130098  0.038391  -0.125121  0.991399  -0.001716  -0.012684  -0.004454  0.565208  0.077280  0.649729  2.000000  0.999773  0.012608  0.017186  -0.012849  0.999820  0.013959  -0.017007  -0.014177  0.999755  0.999946  0.010336  -0.001393  -0.010317  0.999864  0.012874  0.001526  -0.012859  0.999916  1.000000  0.000080  0.000103  -0.000080  1.000000  0.000161  -0.000103  -0.000161  1.000000  0.999773  0.012608  0.017186  -0.012849  0.999820  0.013959  -0.017007  -0.014177  0.999755  0.000217  0.016564  
10.204424 -0.000056  0.088913  -0.009694  0.982007  0.188311  -0.014148  -0.184899  0.974029  0.130689  0.038391  -0.125722  0.991322  -0.002386  -0.012738  -0.004233  0.568091  0.072063  0.614345  2.000000  0.999762  0.012895  0.017587  -0.013153  0.999807  0.014604  -0.017395  -0.014832  0.999739  0.999955  0.009470  -0.001091  -0.009455  0.999870  0.013086  0.001215  -0.013075  0.999914  1.000000  0.000072  0.000095  -0.000072  1.000000  0.000164  -0.000095  -0.000164  1.000000  0.999762  0.012895  0.017587  -0.013153  0.999807  0.014604  -0.017395  -0.014832  0.999739  0.000212  0.016186  
10.205666 -0.000068  0.088896  -0.009698  0.981969  0.188524  -0.013961  -0.185101  0.973879  0.131519  0.038391  -0.126563  0.991215  -0.003301  -0.012771  -0.003889  0.578679  0.069924  0.581611  2.000000  0.999750  0.013214  0.018042  -0.013493  0.999790  0.015413  -0.017834  -0.015652  0.999718  0.999964  0.008417  -0.000948  -0.008404  0.999878  0.013169  0.001059  -0.013161  0.999913  1.000000  0.000063  0.000085  -0.000063  1.000000  0.000165  -0.000085  -0.000165  1.000000  0.999750  0.013214  0.018042  -0.013493  0.999790  0.015413  -0.017834  -0.015652  0.999718  0.000206  0.015655  
10.206669 -0.000079  0.088882  -0.009703  0.981969  0.188534  -0.013824  -0.185101  0.973783  0.132228  0.038391  -0.127285  0.991123  -0.004169  -0.012834  -0.003766  0.590444  0.069800  0.551640  2.000000  0.999741  0.013438  0.018369  -0.013734  0.999777  0.016068  -0.018149  -0.016317  0.999702  0.999971  0.007567  -0.000782  -0.007556  0.999884  0.013259  0.000882  -0.013253  0.999912  1.000000  0.000056  0.000077  -0.000056  1.000000  0.000166  -0.000077  -0.000166  1.000000  0.999741  0.013438  0.018369  -0.013734  0.999777  0.016068  -0.018149  -0.016317  0.999702  0.000203  0.015285  
10.207914 -0.000094  0.088863  -0.009709  0.981931  0.188748  -0.013613  -0.185303  0.973615  0.133175  0.038391  -0.128247  0.990999  -0.005190  -0.013006  -0.003748  0.604822  0.063281  0.518795  2.000000  0.999731  0.013684  0.018739  -0.014001  0.999759  0.016898  -0.018503  -0.017156  0.999682  0.999977  0.006718  -0.000615  -0.006709  0.999887  0.013471  0.000705  -0.013467  0.999909  1.000000  0.000049  0.000069  -0.000049  1.000000  0.000168  -0.000069  -0.000168  1.000000  0.999731  0.013684  0.018739  -0.014001  0.999759  0.016898  -0.018503  -0.017156  0.999682  0.000201  0.015064  
10.208915 -0.000108  0.088847  -0.009717  0.981936  0.188742  -0.013323  -0.185304  0.973505  0.133978  0.038257  -0.129089  0.990895  -0.006120  -0.013240  -0.003915  0.619609  0.059069  0.477000  2.000000  0.999724  0.013850  0.019002  -0.014184  0.999745  0.017569  -0.018754  -0.017833  0.999665  0.999983  0.005868  -0.000451  -0.005861  0.999893  0.013439  0.000530  -0.013436  0.999910  1.000000  0.000042  0.000060  -0.000042  1.000000  0.000168  -0.000060  -0.000168  1.000000  0.999724  0.013850  0.019002  -0.014184  0.999745  0.017569  -0.018754  -0.017833  0.999665  0.000196  0.014670  
10.209915 -0.000122  0.088831  -0.009725  0.981903  0.188935  -0.013027  -0.185507  0.973372  0.134664  0.038123  -0.129810  0.990806  -0.007052  -0.013497  -0.004167  0.630744  0.048835  0.448160  2.000000  0.999717  0.013987  0.019241  -0.014338  0.999731  0.018238  -0.018981  -0.018509  0.999649  0.999985  0.005408  -0.000101  -0.005406  0.999894  0.013544  0.000174  -0.013544  0.999908  1.000000  0.000035  0.000058  -0.000035  1.000000  0.000169  -0.000058  -0.000169  1.000000  0.999717  0.013987  0.019241  -0.014338  0.999731  0.018238  -0.018981  -0.018509  0.999649  0.000195  0.014585  
10.210919 -0.000137  0.088814  -0.009734  0.981865  0.189147  -0.012839  -0.185709  0.973218  0.135493  0.038123  -0.130652  0.990695  -0.008202  -0.013912  -0.004614  0.646094  0.043046  0.419952  2.000000  0.999713  0.014075  0.019411  -0.014439  0.999720  0.018747  -0.019141  -0.019022  0.999636  0.999988  0.004982  -0.000018  -0.004982  0.999893  0.013772  0.000087  -0.013771  0.999905  1.000000  0.000032  0.000054  -0.000032  1.000000  0.000172  -0.000054  -0.000172  1.000000  0.999713  0.014075  0.019411  -0.014439  0.999720  0.018747  -0.019141  -0.019022  0.999636  0.000192  0.014646  
10.212169 -0.000156  0.088793  -0.009745  0.981870  0.189142  -0.012525  -0.185710  0.973090  0.136413  0.037990  -0.131614  0.990573  -0.009307  -0.014239  -0.005093  0.660613  0.030044  0.376835  2.000000  0.999706  0.014203  0.019677  -0.014589  0.999701  0.019610  -0.019393  -0.019891  0.999614  0.999991  0.004353  0.000038  -0.004353  0.999894  0.013870  0.000023  -0.013870  0.999904  1.000000  0.000027  0.000047  -0.000027  1.000000  0.000173  -0.000047  -0.000173  1.000000  0.999706  0.014203  0.019677  -0.014589  0.999701  0.019610  -0.019393  -0.019891  0.999614  0.000190  0.014537  
10.213173 -0.000171  0.088777  -0.009755  0.981832  0.189351  -0.012360  -0.185912  0.972951  0.137124  0.037990  -0.132334  0.990477  -0.010178  -0.014512  -0.005514  0.669248  0.020047  0.350885  2.000000  0.999700  0.014283  0.019876  -0.014687  0.999686  0.020306  -0.019580  -0.020592  0.999596  0.999991  0.004114  0.000279  -0.004117  0.999894  0.013983  -0.000221  -0.013984  0.999902  1.000000  0.000023  0.000046  -0.000023  1.000000  0.000175  -0.000046  -0.000175  1.000000  0.999700  0.014283  0.019876  -0.014687  0.999686  0.020306  -0.019580  -0.020592  0.999596  0.000189  0.014579  
10.214176 -0.000187  0.088760  -0.009764  0.981832  0.189360  -0.012222  -0.185912  0.972851  0.137832  0.037990  -0.133055  0.990380  -0.011237  -0.014832  -0.005982  0.671023  0.017781  0.327009  2.000000  0.999696  0.014345  0.020055  -0.014766  0.999670  0.021011  -0.019747  -0.021301  0.999578  0.999994  0.003466  0.000465  -0.003472  0.999893  0.014202  -0.000416  -0.014204  0.999899  1.000000  0.000017  0.000040  -0.000017  1.000000  0.000178  -0.000040  -0.000178  1.000000  0.999696  0.014345  0.020055  -0.014766  0.999670  0.021011  -0.019747  -0.021301  0.999578  0.000187  0.014628  
10.215205 -0.000204  0.088744  -0.009773  0.981793  0.189569  -0.012055  -0.186114  0.972711  0.138542  0.037990  -0.133776  0.990283  -0.012033  -0.015043  -0.006399  0.674751  0.013042  0.294052  2.000000  0.999692  0.014392  0.020215  -0.014831  0.999654  0.021720  -0.019896  -0.022013  0.999560  0.999995  0.003244  0.000573  -0.003252  0.999892  0.014316  -0.000527  -0.014317  0.999897  1.000000  0.000014  0.000039  -0.000014  1.000000  0.000179  -0.000039  -0.000179  1.000000  0.999692  0.014392  0.020215  -0.014831  0.999654  0.021720  -0.019896  -0.022013  0.999560  0.000186  0.014691  
10.216421 -0.000226  0.088724  -0.009784  0.981793  0.189581  -0.011871  -0.186114  0.972577  0.139486  0.037990  -0.134737  0.990153  -0.013004  -0.015326  -0.006842  0.685094  0.007308  0.263614  2.000000  0.999688  0.014429  0.020366  -0.014885  0.999637  0.022440  -0.020035  -0.022736  0.999541  0.999996  0.002836  0.000520  -0.002843  0.999890  0.014543  -0.000479  -0.014544  0.999894  1.000000  0.000012  0.000034  -0.000012  1.000000  0.000182  -0.000034  -0.000182  1.000000  0.999688  0.014429  0.020366  -0.014885  0.999637  0.022440  -0.020035  -0.022736  0.999541  0.000183  0.014827  
10.217673 -0.000249  0.088704  -0.009794  0.981755  0.189791  -0.011682  -0.186316  0.972419  0.140314  0.037990  -0.135578  0.990038  -0.013908  -0.015549  -0.007159  0.687525  0.002558  0.232454  2.000000  0.999684  0.014459  0.020540  -0.014938  0.999616  0.023350  -0.020194  -0.023650  0.999516  0.999996  0.002613  0.000628  -0.002622  0.999889  0.014656  -0.000589  -0.014658  0.999892  1.000000  0.000010  0.000032  -0.000010  1.000000  0.000183  -0.000032  -0.000183  1.000000  0.999684  0.014459  0.020540  -0.014938  0.999616  0.023350  -0.020194  -0.023650  0.999516  0.000181  0.014902  
10.218920 -0.000271  0.088684  -0.009803  0.981722  0.189984  -0.011338  -0.186519  0.972246  0.141235  0.037856  -0.136539  0.989911  -0.014624  -0.015667  -0.007365  0.688939  -0.009293  0.214921  2.000000  0.999681  0.014479  0.020675  -0.014976  0.999598  0.024089  -0.020318  -0.024390  0.999496  0.999996  0.002595  0.000763  -0.002606  0.999886  0.014899  -0.000724  -0.014900  0.999889  1.000000  0.000008  0.000033  -0.000008  1.000000  0.000186  -0.000033  -0.000186  1.000000  0.999681  0.014479  0.020675  -0.014976  0.999598  0.024089  -0.020318  -0.024390  0.999496  0.000181  0.015144  
10.220173 -0.000293  0.088666  -0.009812  0.981722  0.189994  -0.011177  -0.186519  0.972126  0.142061  0.037856  -0.137379  0.989795  -0.015312  -0.015790  -0.007675  0.687756  -0.014869  0.186285  2.000000  0.999678  0.014494  0.020836  -0.015014  0.999574  0.025020  -0.020464  -0.025324  0.999470  0.999997  0.002186  0.000709  -0.002197  0.999885  0.015004  -0.000676  -0.015006  0.999887  1.000000  0.000006  0.000028  -0.000006  1.000000  0.000188  -0.000028  -0.000188  1.000000  0.999678  0.014494  0.020836  -0.015014  0.999574  0.025020  -0.020464  -0.025324  0.999470  0.000180  0.015181  
10.221418 -0.000315  0.088649  -0.009821  0.981722  0.190005  -0.010992  -0.186519  0.971988  0.143004  0.037856  -0.138340  0.989661  -0.015885  -0.015777  -0.007965  0.693871  -0.017560  0.170606  2.000000  0.999675  0.014501  0.020980  -0.015044  0.999550  0.025961  -0.020594  -0.026268  0.999443  0.999998  0.001982  0.000682  -0.001992  0.999884  0.015118  -0.000652  -0.015119  0.999885  1.000000  0.000005  0.000026  -0.000005  1.000000  0.000189  -0.000026  -0.000189  1.000000  0.999675  0.014501  0.020980  -0.015044  0.999550  0.025961  -0.020594  -0.026268  0.999443  0.000178  0.015264  
10.222421 -0.000332  0.088634  -0.009829  0.981717  0.190031  -0.010984  -0.186519  0.971880  0.143736  0.037990  -0.139059  0.989555  -0.016364  -0.015760  -0.008257  0.698570  -0.014264  0.144573  2.000000  0.999673  0.014497  0.021086  -0.015059  0.999530  0.026721  -0.020689  -0.027029  0.999421  0.999998  0.001778  0.000655  -0.001788  0.999882  0.015232  -0.000628  -0.015233  0.999884  1.000000  0.000004  0.000023  -0.000004  1.000000  0.000190  -0.000023  -0.000190  1.000000  0.999673  0.014497  0.021086  -0.015059  0.999530  0.026721  -0.020689  -0.027029  0.999421  0.000178  0.015350  
10.223670 -0.000355  0.088616  -0.009842  0.981717  0.190040  -0.010823  -0.186519  0.971758  0.144561  0.037990  -0.139899  0.989437  -0.016759  -0.015667  -0.008472  0.697857  -0.016155  0.123420  2.000000  0.999670  0.014496  0.021212  -0.015081  0.999503  0.027675  -0.020800  -0.027986  0.999392  0.999999  0.001573  0.000628  -0.001583  0.999883  0.015224  -0.000604  -0.015225  0.999884  1.000000  0.000003  0.000021  -0.000003  1.000000  0.000190  -0.000021  -0.000190  1.000000  0.999670  0.014496  0.021212  -0.015081  0.999503  0.027675  -0.020800  -0.027986  0.999392  0.000178  0.015319  
10.224920 -0.000376  0.088598  -0.009855  0.981717  0.190052  -0.010615  -0.186519  0.971599  0.145622  0.037990  -0.140980  0.989283  -0.017064  -0.015495  -0.008653  0.709496  -0.018916  0.109094  2.000000  0.999667  0.014492  0.021330  -0.015100  0.999476  0.028629  -0.020904  -0.028941  0.999363  0.999999  0.001573  0.000629  -0.001582  0.999881  0.015345  -0.000605  -0.015346  0.999882  1.000000  0.000003  0.000021  -0.000003  1.000000  0.000192  -0.000021  -0.000192  1.000000  0.999667  0.014492  0.021330  -0.015100  0.999476  0.028629  -0.020904  -0.028941  0.999363  0.000178  0.015440  
10.226167 -0.000397  0.088580  -0.009869  0.981717  0.190062  -0.010431  -0.186519  0.971457  0.146565  0.037990  -0.141939  0.989146  -0.017085  -0.015295  -0.008830  0.716143  -0.021490  0.094114  2.000000  0.999665  0.014485  0.021444  -0.015116  0.999448  0.029595  -0.021004  -0.029909  0.999332  0.999999  0.001369  0.000602  -0.001378  0.999880  0.015459  -0.000580  -0.015460  0.999880  1.000000  0.000002  0.000019  -0.000002  1.000000  0.000193  -0.000019  -0.000193  1.000000  0.999665  0.014485  0.021444  -0.015116  0.999448  0.029595  -0.021004  -0.029909  0.999332  0.000180  0.015532  
10.227417 -0.000416  0.088563  -0.009883  0.981722  0.190053  -0.010117  -0.186519  0.971318  0.147483  0.037856  -0.142900  0.989013  -0.017093  -0.015065  -0.008959  0.723223  -0.025062  0.086610  2.000000  0.999663  0.014472  0.021532  -0.015123  0.999424  0.030378  -0.021080  -0.030694  0.999307  0.999999  0.001349  0.000735  -0.001360  0.999876  0.015701  -0.000714  -0.015702  0.999876  1.000000  0.000001  0.000019  -0.000001  1.000000  0.000196  -0.000019  -0.000196  1.000000  0.999663  0.014472  0.021532  -0.015123  0.999424  0.030378  -0.021080  -0.030694  0.999307  0.000181  0.015777  
10.228419 -0.000430  0.088549  -0.009893  0.981722  0.190062  -0.009955  -0.186519  0.971193  0.148307  0.037856  -0.143740  0.988891  -0.016988  -0.014886  -0.009083  0.735140  -0.024210  0.079800  2.000000  0.999662  0.014455  0.021615  -0.015125  0.999400  0.031168  -0.021152  -0.031484  0.999280  0.999999  0.001145  0.000707  -0.001156  0.999874  0.015815  -0.000689  -0.015815  0.999875  1.000000  -0.000000  0.000017  0.000000  1.000000  0.000198  -0.000017  -0.000198  1.000000  0.999662  0.014455  0.021615  -0.015125  0.999400  0.031168  -0.021152  -0.031484  0.999280  0.000184  0.015873  
10.229669 -0.000447  0.088532  -0.009907  0.981722  0.190071  -0.009771  -0.186519  0.971048  0.149250  0.037856  -0.144699  0.988751  -0.016751  -0.014697  -0.009240  0.742615  -0.022439  0.066176  2.000000  0.999660  0.014437  0.021712  -0.015131  0.999368  0.032159  -0.021234  -0.032477  0.999247  0.999999  0.001163  0.000576  -0.001172  0.999872  0.015936  -0.000557  -0.015937  0.999873  1.000000  0.000001  0.000016  -0.000001  1.000000  0.000199  -0.000016  -0.000199  1.000000  0.999660  0.014437  0.021712  -0.015131  0.999368  0.032159  -0.021234  -0.032477  0.999247  0.000187  0.015990  
10.230692 -0.000460  0.088517  -0.009920  0.981683  0.190279  -0.009578  -0.186722  0.970882  0.150076  0.037856  -0.145539  0.988628  -0.016435  -0.014597  -0.009456  0.752316  -0.027115  0.066055  2.000000  0.999659  0.014426  0.021787  -0.015139  0.999342  0.032950  -0.021297  -0.033268  0.999220  0.999999  0.001182  0.000444  -0.001189  0.999874  0.015815  -0.000426  -0.015815  0.999875  1.000000  0.000003  0.000016  -0.000003  1.000000  0.000198  -0.000016  -0.000198  1.000000  0.999659  0.014426  0.021787  -0.015139  0.999342  0.032950  -0.021297  -0.033268  0.999220  0.000187  0.015866  
10.231929 -0.000475  0.088498  -0.009935  0.981688  0.190269  -0.009264  -0.186723  0.970740  0.150993  0.037722  -0.146499  0.988491  -0.015898  -0.014439  -0.009832  0.756744  -0.031643  0.065452  2.000000  0.999657  0.014413  0.021860  -0.015146  0.999316  0.033745  -0.021359  -0.034065  0.999191  0.999999  0.000959  0.000548  -0.000967  0.999873  0.015928  -0.000532  -0.015929  0.999873  1.000000  0.000000  0.000014  -0.000000  1.000000  0.000199  -0.000014  -0.000199  1.000000  0.999657  0.014413  0.021860  -0.015146  0.999316  0.033745  -0.021359  -0.034065  0.999191  0.000190  0.015967  
10.233171 -0.000489  0.088480  -0.009952  0.981688  0.190279  -0.009056  -0.186723  0.970574  0.152053  0.037722  -0.147578  0.988331  -0.015458  -0.014433  -0.010280  0.767079  -0.030529  0.058144  2.000000  0.999656  0.014396  0.021927  -0.015149  0.999288  0.034551  -0.021414  -0.034871  0.999162  0.999999  0.000958  0.000549  -0.000967  0.999869  0.016171  -0.000533  -0.016171  0.999869  1.000000  0.000000  0.000014  -0.000000  1.000000  0.000202  -0.000014  -0.000202  1.000000  0.999656  0.014396  0.021927  -0.015149  0.999288  0.034551  -0.021414  -0.034871  0.999162  0.000191  0.016209  
10.234172 -0.000500  0.088464  -0.009965  0.981650  0.190488  -0.008840  -0.186925  0.970387  0.152997  0.037722  -0.148537  0.988187  -0.014935  -0.014437  -0.010670  0.777348  -0.031767  0.065415  2.000000  0.999655  0.014383  0.021987  -0.015155  0.999260  0.035364  -0.021462  -0.035685  0.999133  0.999999  0.000978  0.000417  -0.000984  0.999865  0.016413  -0.000401  -0.016414  0.999865  1.000000  0.000002  0.000013  -0.000002  1.000000  0.000205  -0.000013  -0.000205  1.000000  0.999655  0.014383  0.021987  -0.015155  0.999260  0.035364  -0.021462  -0.035685  0.999133  0.000195  0.016448  
10.235423 -0.000512  0.088445  -0.009982  0.981650  0.190497  -0.008632  -0.186925  0.970220  0.154056  0.037722  -0.149615  0.988024  -0.014344  -0.014541  -0.011212  0.785007  -0.030866  0.058518  2.000000  0.999654  0.014372  0.022051  -0.015164  0.999230  0.036191  -0.021514  -0.036513  0.999102  0.999999  0.000977  0.000418  -0.000984  0.999861  0.016656  -0.000402  -0.016656  0.999861  1.000000  0.000002  0.000013  -0.000002  1.000000  0.000208  -0.000013  -0.000208  1.000000  0.999654  0.014372  0.022051  -0.015164  0.999230  0.036191  -0.021514  -0.036513  0.999102  0.000196  0.016691  
10.236685 -0.000524  0.088426  -0.009998  0.981611  0.190706  -0.008392  -0.187127  0.970012  0.155117  0.037722  -0.150694  0.987861  -0.013569  -0.014626  -0.011730  0.789156  -0.031881  0.065316  2.000000  0.999652  0.014356  0.022130  -0.015174  0.999191  0.037239  -0.021577  -0.037562  0.999061  0.999999  0.000977  0.000419  -0.000984  0.999857  0.016898  -0.000403  -0.016899  0.999857  1.000000  0.000002  0.000013  -0.000002  1.000000  0.000211  -0.000013  -0.000211  1.000000  0.999652  0.014356  0.022130  -0.015174  0.999191  0.037239  -0.021577  -0.037562  0.999061  0.000198  0.016933  
10.237918 -0.000535  0.088407  -0.010014  0.981611  0.190714  -0.008207  -0.187127  0.969861  0.156058  0.037722  -0.151652  0.987714  -0.012824  -0.014657  -0.012017  0.789233  -0.026536  0.059098  2.000000  0.999650  0.014341  0.022211  -0.015185  0.999151  0.038286  -0.021643  -0.038610  0.999020  0.999999  0.000976  0.000421  -0.000983  0.999857  0.016898  -0.000404  -0.016899  0.999857  1.000000  0.000002  0.000013  -0.000002  1.000000  0.000211  -0.000013  -0.000211  1.000000  0.999650  0.014341  0.022211  -0.015185  0.999151  0.038286  -0.021643  -0.038610  0.999020  0.000199  0.016933  
10.239167 -0.000545  0.088390  -0.010028  0.981573  0.190923  -0.007967  -0.187329  0.969650  0.157118  0.037722  -0.152731  0.987548  -0.012038  -0.014611  -0.012150  0.795091  -0.027337  0.065374  2.000000  0.999649  0.014324  0.022287  -0.015193  0.999110  0.039337  -0.021704  -0.039662  0.998977  0.999999  0.000976  0.000421  -0.000983  0.999859  0.016777  -0.000405  -0.016777  0.999859  1.000000  0.000002  0.000013  -0.000002  1.000000  0.000210  -0.000013  -0.000210  1.000000  0.999649  0.014324  0.022287  -0.015193  0.999110  0.039337  -0.021704  -0.039662  0.998977  0.000199  0.016812  
