1-Time 2-Px 3-Py 4-Pz 5-R11 6-R21 7-R31 8-R12 9-R22 10-R32 11-R13 12-R23 13-R33 14-Vx 15-Vy 16-Vz 17-Wx 18-Wy 19-Wz 20-state 21-PR11 22-PR21 23-PR31 24-PR12 25-PR22 26-PR32 27-PR13 28-PR23 29-PR33 
58.296109 0.002166  0.087337  0.008131  0.977424  0.193452  0.084961  -0.098325  0.060549  0.993311  0.187013  -0.979240  0.078203  -0.000145  -0.000007  -0.000136  0.000000  0.000000  0.000000  2.000000  1.000000  0.000000  0.000000  0.000000  -0.000000  1.000000  0.000000  -1.000000  -0.000000  0.999999  -0.000081  -0.001008  0.000082  0.999998  0.001870  0.001008  -0.001870  0.999998  1.000000  0.000000  0.000000  0.000000  1.000000  0.000000  0.000000  0.000000  1.000000  0.583397  0.569262  0.579301  -0.665991  -0.072948  0.742384  0.464870  -0.818914  0.336566  0.000000  0.000000  
58.297120 0.002166  0.087337  0.008131  0.977424  0.193441  0.084984  -0.098325  0.060429  0.993318  0.187013  -0.979249  0.078085  -0.000145  -0.000007  -0.000137  0.000000  0.000000  0.000000  2.000000  1.000000  0.000000  0.000000  0.000000  -0.000000  1.000000  0.000000  -1.000000  -0.000000  1.000000  -0.000064  -0.000806  0.000066  0.999998  0.001908  0.000806  -0.001908  0.999998  1.000000  0.000000  0.000000  0.000000  1.000000  0.000000  0.000000  0.000000  1.000000  1.000000  0.000000  0.000000  0.000000  -0.000000  1.000000  0.000000  -1.000000  -0.000000  0.000000  0.000000  
58.298121 0.002166  0.087335  0.008132  0.977413  0.193208  0.085642  -0.098934  0.060215  0.993270  0.186750  -0.979308  0.077970  -0.000160  -0.000177  -0.000051  0.000000  0.000000  0.000000  2.000000  1.000000  0.000000  0.000000  0.000000  -0.000000  1.000000  0.000000  -1.000000  -0.000000  1.000000  -0.000165  -0.000393  0.000166  0.999998  0.001985  0.000392  -0.001985  0.999998  1.000000  0.000000  0.000000  0.000000  1.000000  0.000000  0.000000  0.000000  1.000000  1.000000  0.000000  0.000000  0.000000  -0.000000  1.000000  0.000000  -1.000000  -0.000000  0.000000  0.000000  
58.299368 0.002165  0.087331  0.008134  0.977344  0.192892  0.087128  -0.100350  0.059856  0.993150  0.186356  -0.979393  0.077857  -0.000187  -0.000410  0.000137  0.000000  0.000000  0.000000  2.000000  1.000000  0.000000  0.000000  0.000000  -0.000000  1.000000  0.000000  -1.000000  -0.000000  1.000000  -0.000469  0.000849  0.000468  0.999998  0.002095  -0.000850  -0.002094  0.999997  1.000000  0.000000  0.000000  0.000000  1.000000  0.000000  0.000000  0.000000  1.000000  1.000000  0.000000  0.000000  0.000000  -0.000000  1.000000  0.000000  -1.000000  -0.000000  0.000000  0.000000  
58.300620 0.002164  0.087327  0.008138  0.977297  0.192457  0.088600  -0.101769  0.059632  0.993019  0.185830  -0.979492  0.077865  -0.000218  -0.000686  0.000381  0.000000  0.000000  0.000000  2.000000  1.000000  0.000000  0.000000  0.000000  -0.000000  1.000000  0.000000  -1.000000  -0.000000  0.999996  -0.000859  0.002706  0.000853  0.999997  0.002441  -0.002708  -0.002439  0.999993  1.000000  0.000000  0.000000  0.000000  1.000000  0.000000  0.000000  0.000000  1.000000  1.000000  0.000000  0.000000  0.000000  -0.000000  1.000000  0.000000  -1.000000  -0.000000  0.000000  0.000000  
58.301869 0.002164  0.087323  0.008142  0.977270  0.191998  0.089892  -0.102986  0.059329  0.992912  0.185304  -0.979600  0.077754  -0.000244  -0.000988  0.000639  0.000000  0.000000  0.000000  2.000000  1.000000  0.000000  0.000000  0.000000  -0.000000  1.000000  0.000000  -1.000000  -0.000000  0.999991  -0.001298  0.003958  0.001287  0.999996  0.002672  -0.003961  -0.002667  0.999989  1.000000  0.000000  0.000000  0.000000  1.000000  0.000000  0.000000  0.000000  1.000000  1.000000  0.000000  0.000000  0.000000  -0.000000  1.000000  0.000000  -1.000000  -0.000000  0.000000  0.000000  
58.303119 0.002164  0.087319  0.008145  0.977234  0.191776  0.090753  -0.103796  0.059078  0.992842  0.185041  -0.979659  0.077639  -0.000244  -0.001237  0.000905  0.126124  -0.154465  -0.055186  2.000000  1.000000  0.000000  0.000000  0.000000  -0.000000  1.000000  0.000000  -1.000000  -0.000000  0.999987  -0.001635  0.004796  0.001622  0.999995  0.002704  -0.004800  -0.002696  0.999985  1.000000  0.000000  0.000000  0.000000  1.000000  0.000000  0.000000  0.000000  1.000000  1.000000  0.000000  0.000000  0.000000  -0.000000  1.000000  0.000000  -1.000000  -0.000000  0.000000  0.000000  
58.304367 0.002162  0.087314  0.008149  0.977148  0.191824  0.091571  -0.104601  0.058920  0.992767  0.185041  -0.979659  0.077639  -0.000316  -0.001560  0.001171  0.127212  -0.181584  -0.053017  2.000000  1.000000  -0.000059  0.000203  -0.000203  -0.000107  1.000000  -0.000059  -1.000000  -0.000107  0.999983  -0.001572  0.005602  0.001556  0.999995  0.002858  -0.005607  -0.002849  0.999980  1.000000  -0.000020  0.000070  0.000020  1.000000  0.000036  -0.000070  -0.000036  1.000000  1.000000  -0.000059  0.000203  -0.000203  -0.000107  1.000000  -0.000059  -1.000000  -0.000107  0.000056  0.006481  
58.305621 0.002162  0.087309  0.008154  0.977040  0.191885  0.092593  -0.105607  0.058723  0.992673  0.185041  -0.979659  0.077639  -0.000315  -0.001877  0.001506  0.129541  -0.215408  -0.050286  2.000000  1.000000  -0.000153  0.000603  -0.000603  -0.000290  1.000000  -0.000153  -1.000000  -0.000291  0.999976  -0.001478  0.006812  0.001457  0.999995  0.002967  -0.006816  -0.002957  0.999972  1.000000  -0.000018  0.000085  0.000018  1.000000  0.000037  -0.000085  -0.000037  1.000000  1.000000  -0.000153  0.000603  -0.000603  -0.000290  1.000000  -0.000153  -1.000000  -0.000291  0.000063  0.007574  
58.306863 0.002161  0.087305  0.008158  0.976889  0.191839  0.094261  -0.107219  0.058301  0.992525  0.184910  -0.979693  0.077522  -0.000356  -0.002174  0.001795  0.141150  -0.276824  -0.049903  2.000000  0.999999  -0.000246  0.001082  -0.001083  -0.000487  0.999999  -0.000245  -1.000000  -0.000487  0.999965  -0.001502  0.008234  0.001476  0.999994  0.003236  -0.008238  -0.003223  0.999961  1.000000  -0.000019  0.000103  0.000019  1.000000  0.000040  -0.000103  -0.000040  1.000000  0.999999  -0.000246  0.001082  -0.001083  -0.000487  0.999999  -0.000245  -1.000000  -0.000487  0.000075  0.008971  
58.308114 0.002161  0.087301  0.008162  0.976810  0.191414  0.095937  -0.108838  0.058043  0.992363  0.184384  -0.979792  0.077530  -0.000403  -0.002444  0.002069  0.147277  -0.332486  -0.063487  2.000000  0.999999  -0.000346  0.001659  -0.001659  -0.000696  0.999998  -0.000345  -1.000000  -0.000696  0.999950  -0.001777  0.009878  0.001744  0.999993  0.003421  -0.009884  -0.003404  0.999945  1.000000  -0.000022  0.000124  0.000022  1.000000  0.000043  -0.000124  -0.000043  1.000000  0.999999  -0.000346  0.001659  -0.001659  -0.000696  0.999998  -0.000345  -1.000000  -0.000696  0.000089  0.010601  
58.309366 0.002159  0.087296  0.008166  0.976774  0.190834  0.097441  -0.110260  0.057720  0.992225  0.183726  -0.979924  0.077421  -0.000485  -0.002785  0.002378  0.156572  -0.382780  -0.082352  2.000000  0.999997  -0.000473  0.002346  -0.002346  -0.000923  0.999997  -0.000471  -0.999999  -0.000924  0.999928  -0.002306  0.011745  0.002262  0.999990  0.003766  -0.011754  -0.003739  0.999924  1.000000  -0.000029  0.000147  0.000029  1.000000  0.000047  -0.000147  -0.000047  1.000000  0.999997  -0.000473  0.002346  -0.002346  -0.000923  0.999997  -0.000471  -0.999999  -0.000924  0.000103  0.012544  
58.310615 0.002158  0.087290  0.008172  0.976737  0.190147  0.099137  -0.111885  0.057495  0.992056  0.182937  -0.980071  0.077432  -0.000567  -0.003195  0.002758  0.163467  -0.445000  -0.104167  2.000000  0.999995  -0.000639  0.003135  -0.003136  -0.001161  0.999994  -0.000635  -0.999999  -0.001163  0.999908  -0.002998  0.013220  0.002946  0.999988  0.003913  -0.013232  -0.003874  0.999905  1.000000  -0.000037  0.000165  0.000037  1.000000  0.000049  -0.000165  -0.000049  1.000000  0.999995  -0.000639  0.003135  -0.003136  -0.001161  0.999994  -0.000635  -0.999999  -0.001163  0.000117  0.014104  
58.311625 0.002156  0.087284  0.008178  0.976695  0.189709  0.100381  -0.113103  0.057441  0.991922  0.182411  -0.980159  0.077559  -0.000663  -0.003597  0.003166  0.162787  -0.486900  -0.118776  2.000000  0.999992  -0.000801  0.003838  -0.003839  -0.001356  0.999992  -0.000796  -0.999999  -0.001359  0.999889  -0.003437  0.014472  0.003381  0.999987  0.003900  -0.014486  -0.003851  0.999888  1.000000  -0.000043  0.000181  0.000043  1.000000  0.000048  -0.000181  -0.000048  1.000000  0.999992  -0.000801  0.003838  -0.003839  -0.001356  0.999992  -0.000796  -0.999999  -0.001359  0.000128  0.015372  
58.312865 0.002155  0.087277  0.008186  0.976652  0.189153  0.101839  -0.114524  0.057364  0.991763  0.181753  -0.980271  0.077687  -0.000707  -0.003925  0.003649  0.163497  -0.536467  -0.137449  2.000000  0.999989  -0.000990  0.004617  -0.004618  -0.001555  0.999988  -0.000983  -0.999998  -0.001559  0.999862  -0.003979  0.016139  0.003915  0.999984  0.003964  -0.016154  -0.003900  0.999862  1.000000  -0.000049  0.000202  0.000049  1.000000  0.000049  -0.000202  -0.000049  1.000000  0.999989  -0.000990  0.004617  -0.004618  -0.001555  0.999988  -0.000983  -0.999998  -0.001559  0.000142  0.017081  
58.313870 0.002154  0.087271  0.008194  0.976607  0.188715  0.103082  -0.115742  0.057312  0.991624  0.181227  -0.980358  0.077814  -0.000769  -0.004145  0.004027  0.162783  -0.578386  -0.152056  2.000000  0.999984  -0.001202  0.005463  -0.005465  -0.001753  0.999984  -0.001193  -0.999998  -0.001759  0.999836  -0.004402  0.017593  0.004333  0.999983  0.003989  -0.017610  -0.003912  0.999837  1.000000  -0.000055  0.000220  0.000055  1.000000  0.000049  -0.000220  -0.000049  1.000000  0.999984  -0.001202  0.005463  -0.005465  -0.001753  0.999984  -0.001193  -0.999998  -0.001759  0.000153  0.018562  
58.314870 0.002152  0.087264  0.008201  0.976535  0.188408  0.104315  -0.116957  0.057246  0.991486  0.180832  -0.980421  0.077939  -0.000847  -0.004371  0.004411  0.163414  -0.626895  -0.161681  2.000000  0.999979  -0.001431  0.006376  -0.006379  -0.001952  0.999978  -0.001418  -0.999997  -0.001961  0.999815  -0.004723  0.018633  0.004651  0.999981  0.003938  -0.018652  -0.003850  0.999819  1.000000  -0.000059  0.000233  0.000059  1.000000  0.000049  -0.000233  -0.000049  1.000000  0.999979  -0.001431  0.006376  -0.006379  -0.001952  0.999978  -0.001418  -0.999997  -0.001961  0.000163  0.019614  
58.315872 0.002150  0.087257  0.008208  0.976510  0.187959  0.105354  -0.117974  0.057236  0.991366  0.180306  -0.980508  0.078065  -0.000968  -0.004645  0.004615  0.161441  -0.662210  -0.176872  2.000000  0.999972  -0.001680  0.007345  -0.007349  -0.002150  0.999971  -0.001665  -0.999996  -0.002162  0.999793  -0.005180  0.019684  0.005102  0.999979  0.004008  -0.019704  -0.003906  0.999798  1.000000  -0.000064  0.000246  0.000064  1.000000  0.000049  -0.000246  -0.000049  1.000000  0.999972  -0.001680  0.007345  -0.007349  -0.002150  0.999971  -0.001665  -0.999996  -0.002162  0.000173  0.020737  
58.317124 0.002148  0.087248  0.008214  0.976483  0.187272  0.106822  -0.119398  0.057180  0.991199  0.179516  -0.980642  0.078196  -0.001098  -0.004976  0.004782  0.161881  -0.711760  -0.199918  2.000000  0.999961  -0.002029  0.008633  -0.008638  -0.002394  0.999960  -0.002008  -0.999995  -0.002411  0.999759  -0.005868  0.021160  0.005787  0.999976  0.003911  -0.021183  -0.003788  0.999768  1.000000  -0.000073  0.000265  0.000073  1.000000  0.000048  -0.000265  -0.000048  1.000000  0.999961  -0.002029  0.008633  -0.008638  -0.002394  0.999960  -0.002008  -0.999995  -0.002411  0.000186  0.022296  
58.318369 0.002146  0.087238  0.008219  0.976404  0.186728  0.108484  -0.121021  0.057073  0.991008  0.178858  -0.980752  0.078324  -0.001130  -0.005334  0.004866  0.164920  -0.774757  -0.217465  2.000000  0.999947  -0.002411  0.010011  -0.010017  -0.002637  0.999946  -0.002385  -0.999994  -0.002661  0.999729  -0.006307  0.022414  0.006221  0.999973  0.003895  -0.022438  -0.003754  0.999741  1.000000  -0.000078  0.000280  0.000078  1.000000  0.000048  -0.000280  -0.000048  1.000000  0.999947  -0.002411  0.010011  -0.010017  -0.002637  0.999946  -0.002385  -0.999994  -0.002661  0.000200  0.023598  
58.319620 0.002146  0.087228  0.008222  0.976370  0.186042  0.109952  -0.122446  0.057022  0.990836  0.178068  -0.980886  0.078455  -0.001119  -0.005718  0.004761  0.165304  -0.824421  -0.240536  2.000000  0.999931  -0.002819  0.011428  -0.011436  -0.002871  0.999930  -0.002786  -0.999992  -0.002903  0.999717  -0.006673  0.022851  0.006587  0.999971  0.003841  -0.022876  -0.003689  0.999731  1.000000  -0.000083  0.000286  0.000083  1.000000  0.000047  -0.000286  -0.000047  1.000000  0.999931  -0.002819  0.011428  -0.011436  -0.002871  0.999930  -0.002786  -0.999992  -0.002903  0.000217  0.024104  
58.320874 0.002146  0.087219  0.008225  0.976311  0.185487  0.111409  -0.123868  0.056956  0.990663  0.177410  -0.980995  0.078583  -0.001067  -0.006019  0.004717  0.165675  -0.873558  -0.259078  2.000000  0.999916  -0.003160  0.012571  -0.012581  -0.003046  0.999916  -0.003121  -0.999990  -0.003086  0.999714  -0.006937  0.022875  0.006857  0.999970  0.003590  -0.022900  -0.003432  0.999732  1.000000  -0.000086  0.000286  0.000086  1.000000  0.000044  -0.000286  -0.000044  1.000000  0.999916  -0.003160  0.012571  -0.012581  -0.003046  0.999916  -0.003121  -0.999990  -0.003086  0.000228  0.024163  
58.322117 0.002147  0.087210  0.008228  0.976300  0.184908  0.112458  -0.124888  0.056969  0.990534  0.176751  -0.981103  0.078711  -0.000938  -0.006315  0.004607  0.163569  -0.909510  -0.278818  2.000000  0.999896  -0.003597  0.013994  -0.014006  -0.003253  0.999897  -0.003552  -0.999988  -0.003303  0.999718  -0.007083  0.022687  0.007010  0.999970  0.003297  -0.022710  -0.003137  0.999737  1.000000  -0.000088  0.000284  0.000088  1.000000  0.000040  -0.000284  -0.000040  1.000000  0.999896  -0.003597  0.013994  -0.014006  -0.003253  0.999897  -0.003552  -0.999988  -0.003303  0.000239  0.023986  
58.323366 0.002148  0.087200  0.008229  0.976286  0.184211  0.113722  -0.126112  0.056961  0.990379  0.175961  -0.981235  0.078842  -0.000797  -0.006648  0.004464  0.163864  -0.959271  -0.301911  2.000000  0.999873  -0.004048  0.015423  -0.015437  -0.003446  0.999875  -0.003995  -0.999986  -0.003508  0.999709  -0.007464  0.022924  0.007393  0.999968  0.003205  -0.022947  -0.003035  0.999732  1.000000  -0.000093  0.000287  0.000093  1.000000  0.000039  -0.000287  -0.000039  1.000000  0.999873  -0.004048  0.015423  -0.015437  -0.003446  0.999875  -0.003995  -0.999986  -0.003508  0.000253  0.024312  
58.324616 0.002149  0.087189  0.008231  0.976269  0.183514  0.114986  -0.127336  0.056956  0.990223  0.175171  -0.981366  0.078972  -0.000642  -0.007029  0.004270  0.163135  -1.003910  -0.326087  2.000000  0.999847  -0.004532  0.016874  -0.016891  -0.003626  0.999851  -0.004471  -0.999983  -0.003702  0.999694  -0.008097  0.023382  0.008028  0.999963  0.003036  -0.023406  -0.002847  0.999722  1.000000  -0.000101  0.000292  0.000101  1.000000  0.000037  -0.000292  -0.000037  1.000000  0.999847  -0.004532  0.016874  -0.016891  -0.003626  0.999851  -0.004471  -0.999983  -0.003702  0.000265  0.024921  
58.325618 0.002148  0.087179  0.008232  0.976253  0.182936  0.116035  -0.128356  0.056973  0.990090  0.174512  -0.981473  0.079101  -0.000598  -0.007414  0.004009  0.160626  -1.037925  -0.345196  2.000000  0.999825  -0.004958  0.018050  -0.018069  -0.003761  0.999830  -0.004889  -0.999981  -0.003850  0.999682  -0.008746  0.023639  0.008678  0.999958  0.002952  -0.023663  -0.002746  0.999716  1.000000  -0.000109  0.000296  0.000109  1.000000  0.000036  -0.000296  -0.000036  1.000000  0.999825  -0.004958  0.018050  -0.018069  -0.003761  0.999830  -0.004889  -0.999981  -0.003850  0.000274  0.025368  
58.326865 0.002147  0.087165  0.008232  0.976279  0.181979  0.117320  -0.129586  0.057005  0.989928  0.173458  -0.981649  0.079235  -0.000588  -0.007888  0.003510  0.159494  -1.082118  -0.377952  2.000000  0.999794  -0.005537  0.019527  -0.019549  -0.003919  0.999801  -0.005459  -0.999977  -0.004026  0.999678  -0.009558  0.023503  0.009498  0.999951  0.002670  -0.023527  -0.002446  0.999720  1.000000  -0.000119  0.000294  0.000119  1.000000  0.000032  -0.000294  -0.000032  1.000000  0.999794  -0.005537  0.019527  -0.019549  -0.003919  0.999801  -0.005459  -0.999977  -0.004026  0.000284  0.025504  
58.328115 0.002145  0.087150  0.008232  0.976282  0.181270  0.118380  -0.130609  0.057042  0.989792  0.172667  -0.981778  0.079365  -0.000618  -0.008327  0.002945  0.151994  -1.088124  -0.391510  2.000000  0.999767  -0.006044  0.020702  -0.020727  -0.004031  0.999777  -0.005960  -0.999974  -0.004155  0.999673  -0.010371  0.023368  0.010315  0.999944  0.002508  -0.023393  -0.002266  0.999724  1.000000  -0.000129  0.000292  0.000129  1.000000  0.000030  -0.000292  -0.000030  1.000000  0.999767  -0.006044  0.020702  -0.020727  -0.004031  0.999777  -0.005960  -0.999974  -0.004155  0.000292  0.025680  
58.329119 0.002143  0.087138  0.008232  0.976289  0.180681  0.119226  -0.131429  0.057101  0.989680  0.172008  -0.981883  0.079493  -0.000664  -0.008783  0.002309  0.146203  -1.082405  -0.405252  2.000000  0.999739  -0.006571  0.021858  -0.021886  -0.004132  0.999752  -0.006480  -0.999970  -0.004274  0.999679  -0.010665  0.022989  0.010618  0.999941  0.002182  -0.023011  -0.001937  0.999733  1.000000  -0.000133  0.000288  0.000133  1.000000  0.000026  -0.000288  -0.000026  1.000000  0.999739  -0.006571  0.021858  -0.021886  -0.004132  0.999752  -0.006480  -0.999970  -0.004274  0.000291  0.025429  
58.330393 0.002141  0.087122  0.008228  0.976317  0.179961  0.120082  -0.132251  0.057178  0.989566  0.171217  -0.982011  0.079623  -0.000674  -0.009254  0.001508  0.132212  -1.057173  -0.415506  2.000000  0.999703  -0.007242  0.023265  -0.023296  -0.004235  0.999720  -0.007141  -0.999965  -0.004402  0.999696  -0.010724  0.022187  0.010685  0.999941  0.001893  -0.022206  -0.001655  0.999752  1.000000  -0.000134  0.000277  0.000134  1.000000  0.000022  -0.000277  -0.000022  1.000000  0.999703  -0.007242  0.023265  -0.023296  -0.004235  0.999720  -0.007141  -0.999965  -0.004402  0.000287  0.024709  
58.331633 0.002138  0.087108  0.008224  0.976321  0.179386  0.120906  -0.133070  0.057358  0.989445  0.170558  -0.982105  0.079871  -0.000698  -0.009659  0.000767  0.116953  -1.044434  -0.421136  2.000000  0.999673  -0.007781  0.024364  -0.024398  -0.004302  0.999693  -0.007674  -0.999960  -0.004491  0.999705  -0.010750  0.021788  0.010718  0.999941  0.001562  -0.021804  -0.001328  0.999761  1.000000  -0.000134  0.000272  0.000134  1.000000  0.000018  -0.000272  -0.000018  1.000000  0.999673  -0.007781  0.024364  -0.024398  -0.004302  0.999693  -0.007674  -0.999960  -0.004491  0.000283  0.024341  
58.332869 0.002137  0.087094  0.008219  0.976374  0.178670  0.121538  -0.133692  0.057594  0.989348  0.169767  -0.982222  0.080120  -0.000685  -0.009897  0.000183  0.103009  -1.039692  -0.439735  2.000000  0.999642  -0.008325  0.025441  -0.025478  -0.004355  0.999666  -0.008212  -0.999956  -0.004566  0.999716  -0.010925  0.021199  0.010899  0.999940  0.001318  -0.021212  -0.001086  0.999774  1.000000  -0.000136  0.000265  0.000136  1.000000  0.000015  -0.000265  -0.000015  1.000000  0.999642  -0.008325  0.025441  -0.025478  -0.004355  0.999666  -0.008212  -0.999956  -0.004566  0.000282  0.023881  
58.334118 0.002136  0.087081  0.008215  0.976426  0.177954  0.122169  -0.134313  0.057831  0.989250  0.168976  -0.982338  0.080370  -0.000674  -0.010026  -0.000410  0.093226  -1.035157  -0.467028  2.000000  0.999602  -0.009012  0.026717  -0.026758  -0.004402  0.999632  -0.008891  -0.999950  -0.004641  0.999739  -0.011014  0.019994  0.010997  0.999939  0.000958  -0.020003  -0.000738  0.999800  1.000000  -0.000138  0.000250  0.000138  1.000000  0.000011  -0.000250  -0.000011  1.000000  0.999602  -0.009012  0.026717  -0.026758  -0.004402  0.999632  -0.008891  -0.999950  -0.004641  0.000283  0.022844  
58.335123 0.002136  0.087072  0.008212  0.976454  0.177354  0.122812  -0.134932  0.057931  0.989160  0.168316  -0.982441  0.080498  -0.000685  -0.010144  -0.000758  0.087576  -1.030042  -0.489814  2.000000  0.999570  -0.009575  0.027702  -0.027746  -0.004427  0.999605  -0.009448  -0.999944  -0.004691  0.999746  -0.011459  0.019424  0.011445  0.999934  0.000840  -0.019432  -0.000617  0.999811  1.000000  -0.000143  0.000243  0.000143  1.000000  0.000009  -0.000243  -0.000009  1.000000  0.999570  -0.009575  0.027702  -0.027746  -0.004427  0.999605  -0.009448  -0.999944  -0.004691  0.000286  0.022566  
58.336370 0.002135  0.087061  0.008208  0.976526  0.176508  0.123455  -0.135557  0.058188  0.989059  0.167393  -0.982578  0.080749  -0.000803  -0.010314  -0.001245  0.070596  -1.003892  -0.514138  2.000000  0.999537  -0.010160  0.028669  -0.028715  -0.004443  0.999578  -0.010028  -0.999939  -0.004732  0.999744  -0.011870  0.019259  0.011859  0.999929  0.000672  -0.019266  -0.000443  0.999814  1.000000  -0.000148  0.000241  0.000148  1.000000  0.000007  -0.000241  -0.000007  1.000000  0.999537  -0.010160  0.028669  -0.028715  -0.004443  0.999578  -0.010028  -0.999939  -0.004732  0.000284  0.022632  
58.337371 0.002135  0.087053  0.008206  0.976575  0.175793  0.124087  -0.136178  0.058428  0.988960  0.166602  -0.982692  0.080999  -0.000871  -0.010360  -0.001424  0.057641  -0.986527  -0.538325  2.000000  0.999503  -0.010760  0.029614  -0.029664  -0.004448  0.999550  -0.010623  -0.999932  -0.004765  0.999753  -0.012049  0.018668  0.012041  0.999927  0.000552  -0.018673  -0.000327  0.999826  1.000000  -0.000151  0.000233  0.000151  1.000000  0.000006  -0.000233  -0.000005  1.000000  0.999503  -0.010760  0.029614  -0.029664  -0.004448  0.999550  -0.010623  -0.999932  -0.004765  0.000281  0.022225  
58.338377 0.002133  0.087044  0.008203  0.976607  0.175311  0.124516  -0.136593  0.058549  0.988896  0.166074  -0.982771  0.081125  -0.001029  -0.010445  -0.001792  0.042984  -0.952942  -0.545502  2.000000  0.999469  -0.011364  0.030527  -0.030579  -0.004443  0.999522  -0.011223  -0.999926  -0.004788  0.999767  -0.012108  0.017866  0.012105  0.999927  0.000272  -0.017868  -0.000056  0.999840  1.000000  -0.000151  0.000223  0.000151  1.000000  0.000002  -0.000223  -0.000002  1.000000  0.999469  -0.011364  0.030527  -0.030579  -0.004443  0.999522  -0.011223  -0.999926  -0.004788  0.000276  0.021585  
58.339391 0.002131  0.087035  0.008200  0.976689  0.174702  0.124731  -0.136809  0.058844  0.988848  0.165414  -0.982861  0.081373  -0.001218  -0.010459  -0.002058  0.028173  -0.918646  -0.547818  2.000000  0.999435  -0.011976  0.031395  -0.031450  -0.004425  0.999496  -0.011831  -0.999918  -0.004799  0.999779  -0.012304  0.017072  0.012304  0.999924  0.000117  -0.017072  0.000093  0.999854  1.000000  -0.000154  0.000213  0.000154  1.000000  0.000000  -0.000213  -0.000000  1.000000  0.999435  -0.011976  0.031395  -0.031450  -0.004425  0.999496  -0.011831  -0.999918  -0.004799  0.000271  0.021045  
58.340618 0.002128  0.087022  0.008196  0.976748  0.174223  0.124935  -0.137022  0.059121  0.988802  0.164886  -0.982930  0.081618  -0.001348  -0.010414  -0.002438  0.012238  -0.877996  -0.542431  2.000000  0.999402  -0.012590  0.032216  -0.032273  -0.004389  0.999469  -0.012441  -0.999911  -0.004793  0.999796  -0.012245  0.016058  0.012252  0.999925  -0.000319  -0.016053  0.000515  0.999871  1.000000  -0.000153  0.000201  0.000153  1.000000  -0.000005  -0.000201  0.000005  1.000000  0.999402  -0.012590  0.032216  -0.032273  -0.004389  0.999469  -0.012441  -0.999911  -0.004793  0.000259  0.020200  
58.341865 0.002125  0.087009  0.008190  0.976829  0.173630  0.125130  -0.137239  0.059536  0.988747  0.164226  -0.983010  0.081985  -0.001459  -0.010338  -0.002933  -0.004861  -0.830736  -0.546116  2.000000  0.999361  -0.013353  0.033163  -0.033224  -0.004322  0.999439  -0.013202  -0.999902  -0.004763  0.999818  -0.012222  0.014639  0.012234  0.999925  -0.000706  -0.014629  0.000885  0.999893  1.000000  -0.000153  0.000183  0.000153  1.000000  -0.000010  -0.000183  0.000010  1.000000  0.999361  -0.013353  0.033163  -0.033224  -0.004322  0.999439  -0.013202  -0.999902  -0.004763  0.000251  0.019088  
58.342866 0.002122  0.086998  0.008185  0.976888  0.173152  0.125335  -0.137452  0.059813  0.988701  0.163698  -0.983077  0.082231  -0.001538  -0.010306  -0.003218  -0.015335  -0.797059  -0.548809  2.000000  0.999329  -0.013964  0.033868  -0.033930  -0.004249  0.999415  -0.013812  -0.999893  -0.004720  0.999829  -0.012284  0.013835  0.012299  0.999924  -0.000979  -0.013822  0.001149  0.999904  1.000000  -0.000154  0.000173  0.000154  1.000000  -0.000013  -0.000173  0.000013  1.000000  0.999329  -0.013964  0.033868  -0.033930  -0.004249  0.999415  -0.013812  -0.999893  -0.004720  0.000245  0.018533  
58.344115 0.002120  0.086984  0.008177  0.976961  0.172425  0.125765  -0.137873  0.060092  0.988625  0.162906  -0.983188  0.082481  -0.001529  -0.010255  -0.003606  -0.024421  -0.764698  -0.559601  2.000000  0.999297  -0.014583  0.034540  -0.034604  -0.004158  0.999392  -0.014430  -0.999885  -0.004660  0.999835  -0.012462  0.013246  0.012482  0.999921  -0.001458  -0.013227  0.001623  0.999911  1.000000  -0.000156  0.000165  0.000156  1.000000  -0.000019  -0.000165  0.000019  1.000000  0.999297  -0.014583  0.034540  -0.034604  -0.004158  0.999392  -0.014430  -0.999885  -0.004660  0.000238  0.018253  
58.345115 0.002118  0.086973  0.008172  0.977040  0.171817  0.125982  -0.138089  0.060389  0.988577  0.162246  -0.983276  0.082728  -0.001511  -0.010136  -0.003867  -0.033604  -0.738278  -0.566105  2.000000  0.999265  -0.015206  0.035180  -0.035246  -0.004055  0.999370  -0.015054  -0.999876  -0.004588  0.999842  -0.012508  0.012645  0.012531  0.999920  -0.001696  -0.012623  0.001854  0.999919  1.000000  -0.000156  0.000158  0.000157  1.000000  -0.000022  -0.000158  0.000022  1.000000  0.999265  -0.015206  0.035180  -0.035246  -0.004055  0.999370  -0.015054  -0.999876  -0.004588  0.000233  0.017875  
58.346370 0.002117  0.086962  0.008164  0.977119  0.171224  0.126178  -0.138305  0.060805  0.988521  0.161586  -0.983354  0.083095  -0.001443  -0.009913  -0.004047  -0.050863  -0.696322  -0.565545  2.000000  0.999226  -0.015991  0.035929  -0.035995  -0.003909  0.999344  -0.015840  -0.999864  -0.004481  0.999853  -0.012588  0.011639  0.012611  0.999919  -0.001884  -0.011615  0.002031  0.999930  1.000000  -0.000158  0.000145  0.000158  1.000000  -0.000024  -0.000145  0.000024  1.000000  0.999226  -0.015991  0.035929  -0.035995  -0.003909  0.999344  -0.015840  -0.999864  -0.004481  0.000228  0.017257  
58.347625 0.002118  0.086952  0.008159  0.977197  0.170616  0.126395  -0.138522  0.061102  0.988473  0.160926  -0.983441  0.083343  -0.001280  -0.009589  -0.004089  -0.063652  -0.649357  -0.569705  2.000000  0.999189  -0.016770  0.036611  -0.036679  -0.003741  0.999320  -0.016621  -0.999852  -0.004353  0.999869  -0.012419  0.010410  0.012443  0.999920  -0.002230  -0.010381  0.002359  0.999943  1.000000  -0.000155  0.000130  0.000155  1.000000  -0.000029  -0.000130  0.000029  1.000000  0.999189  -0.016770  0.036611  -0.036679  -0.003741  0.999320  -0.016621  -0.999852  -0.004353  0.000220  0.016367  
58.348871 0.002120  0.086944  0.008154  0.977282  0.170125  0.126398  -0.138534  0.061416  0.988452  0.160398  -0.983507  0.083589  -0.001090  -0.009318  -0.004088  -0.072216  -0.600817  -0.564128  2.000000  0.999153  -0.017524  0.037219  -0.037286  -0.003553  0.999298  -0.017379  -0.999840  -0.004203  0.999888  -0.011851  0.009146  0.011875  0.999926  -0.002575  -0.009114  0.002684  0.999955  1.000000  -0.000148  0.000114  0.000148  1.000000  -0.000033  -0.000114  0.000033  1.000000  0.999153  -0.017524  0.037219  -0.037286  -0.003553  0.999298  -0.017379  -0.999840  -0.004203  0.000210  0.015199  
58.350117 0.002122  0.086936  0.008150  0.977346  0.169765  0.126390  -0.138543  0.061711  0.988432  0.160002  -0.983551  0.083833  -0.000903  -0.009121  -0.004107  -0.086994  -0.555634  -0.558775  2.000000  0.999127  -0.018108  0.037652  -0.037719  -0.003384  0.999283  -0.017967  -0.999830  -0.004064  0.999898  -0.011649  0.008320  0.011674  0.999927  -0.002965  -0.008285  0.003062  0.999961  1.000000  -0.000146  0.000104  0.000146  1.000000  -0.000038  -0.000104  0.000038  1.000000  0.999127  -0.018108  0.037652  -0.037719  -0.003384  0.999283  -0.017967  -0.999830  -0.004064  0.000199  0.014629  
58.351374 0.002125  0.086928  0.008147  0.977410  0.169405  0.126382  -0.138552  0.062006  0.988412  0.159605  -0.983594  0.084077  -0.000670  -0.008918  -0.004142  -0.096106  -0.511275  -0.553309  2.000000  0.999095  -0.018818  0.038140  -0.038206  -0.003160  0.999265  -0.018684  -0.999818  -0.003876  0.999908  -0.011315  0.007481  0.011340  0.999930  -0.003233  -0.007444  0.003318  0.999967  1.000000  -0.000142  0.000093  0.000142  1.000000  -0.000041  -0.000093  0.000041  1.000000  0.999095  -0.018818  0.038140  -0.038206  -0.003160  0.999265  -0.018684  -0.999818  -0.003876  0.000191  0.013955  
58.352621 0.002128  0.086919  0.008143  0.977473  0.169060  0.126354  -0.138561  0.062421  0.988385  0.159209  -0.983627  0.084440  -0.000394  -0.008733  -0.004126  -0.111458  -0.469845  -0.547527  2.000000  0.999071  -0.019374  0.038491  -0.038555  -0.002964  0.999252  -0.019246  -0.999808  -0.003708  0.999916  -0.011114  0.006655  0.011139  0.999931  -0.003621  -0.006614  0.003694  0.999971  1.000000  -0.000139  0.000083  0.000139  1.000000  -0.000046  -0.000083  0.000046  1.000000  0.999071  -0.019374  0.038491  -0.038555  -0.002964  0.999252  -0.019246  -0.999808  -0.003708  0.000184  0.013461  
58.353870 0.002131  0.086910  0.008140  0.977557  0.168585  0.126337  -0.138573  0.062855  0.988356  0.158681  -0.983681  0.084805  -0.000076  -0.008606  -0.004142  -0.126822  -0.428455  -0.541802  2.000000  0.999043  -0.020058  0.038874  -0.038936  -0.002707  0.999238  -0.019937  -0.999795  -0.003486  0.999922  -0.011048  0.005838  0.011070  0.999932  -0.003644  -0.005797  0.003708  0.999976  1.000000  -0.000138  0.000073  0.000138  1.000000  -0.000046  -0.000073  0.000046  1.000000  0.999043  -0.020058  0.038874  -0.038936  -0.002707  0.999238  -0.019937  -0.999795  -0.003486  0.000178  0.013026  
58.355119 0.002134  0.086901  0.008136  0.977634  0.167992  0.126536  -0.138789  0.063272  0.988299  0.158020  -0.983756  0.085172  0.000368  -0.008377  -0.004075  -0.141047  -0.393932  -0.535622  2.000000  0.999016  -0.020724  0.039220  -0.039279  -0.002439  0.999225  -0.020612  -0.999782  -0.003250  0.999927  -0.010814  0.005415  0.010835  0.999934  -0.003839  -0.005374  0.003897  0.999978  1.000000  -0.000135  0.000067  0.000135  1.000000  -0.000048  -0.000067  0.000048  1.000000  0.999016  -0.020724  0.039220  -0.039279  -0.002439  0.999225  -0.020612  -0.999782  -0.003250  0.000173  0.012698  
58.356366 0.002138  0.086893  0.008134  0.977717  0.167517  0.126520  -0.138801  0.063706  0.988269  0.157492  -0.983809  0.085538  0.000838  -0.008057  -0.003918  -0.156353  -0.352230  -0.525573  2.000000  0.998990  -0.021376  0.039531  -0.039586  -0.002155  0.999214  -0.021274  -0.999769  -0.002999  0.999935  -0.010482  0.004577  0.010501  0.999936  -0.004224  -0.004532  0.004272  0.999981  1.000000  -0.000131  0.000057  0.000131  1.000000  -0.000053  -0.000057  0.000053  1.000000  0.998990  -0.021376  0.039531  -0.039586  -0.002155  0.999214  -0.021274  -0.999769  -0.002999  0.000163  0.012201  
58.357367 0.002141  0.086887  0.008132  0.977787  0.167274  0.126299  -0.138605  0.064017  0.988276  0.157227  -0.983830  0.085780  0.001213  -0.007738  -0.003661  -0.163771  -0.321726  -0.514571  2.000000  0.998971  -0.021871  0.039739  -0.039790  -0.001918  0.999206  -0.021778  -0.999759  -0.002786  0.999942  -0.010000  0.003928  0.010017  0.999940  -0.004452  -0.003883  0.004491  0.999982  1.000000  -0.000125  0.000049  0.000125  1.000000  -0.000056  -0.000049  0.000056  1.000000  0.998971  -0.021871  0.039739  -0.039790  -0.001918  0.999206  -0.021778  -0.999759  -0.002786  0.000159  0.011637  
58.358619 0.002146  0.086881  0.008132  0.977850  0.166944  0.126252  -0.138614  0.064552  0.988240  0.156831  -0.983851  0.086263  0.001753  -0.007186  -0.003174  -0.184386  -0.281871  -0.499743  2.000000  0.998949  -0.022461  0.039946  -0.039993  -0.001606  0.999199  -0.022379  -0.999746  -0.002503  0.999951  -0.009402  0.003065  0.009417  0.999945  -0.004714  -0.003020  0.004742  0.999984  1.000000  -0.000118  0.000038  0.000118  1.000000  -0.000059  -0.000038  0.000059  1.000000  0.998949  -0.022461  0.039946  -0.039993  -0.001606  0.999199  -0.022379  -0.999746  -0.002503  0.000151  0.010962  
58.359863 0.002152  0.086876  0.008133  0.977920  0.166716  0.126011  -0.138419  0.064983  0.988240  0.156567  -0.983861  0.086625  0.002233  -0.006686  -0.002666  -0.195576  -0.251589  -0.484528  2.000000  0.998933  -0.022918  0.040086  -0.040127  -0.001341  0.999194  -0.022846  -0.999736  -0.002259  0.999955  -0.009188  0.002438  0.009200  0.999945  -0.004939  -0.002393  0.004961  0.999985  1.000000  -0.000115  0.000030  0.000115  1.000000  -0.000062  -0.000030  0.000062  1.000000  0.998933  -0.022918  0.040086  -0.040127  -0.001341  0.999194  -0.022846  -0.999736  -0.002259  0.000146  0.010718  
58.360866 0.002157  0.086873  0.008134  0.977961  0.166501  0.125973  -0.138425  0.065379  0.988213  0.156302  -0.983871  0.086986  0.002658  -0.006220  -0.002223  -0.207159  -0.230776  -0.477393  2.000000  0.998919  -0.023358  0.040202  -0.040238  -0.001066  0.999190  -0.023296  -0.999727  -0.002005  0.999958  -0.008956  0.002014  0.008966  0.999947  -0.005129  -0.001968  0.005147  0.999985  1.000000  -0.000112  0.000025  0.000112  1.000000  -0.000064  -0.000025  0.000064  1.000000  0.998919  -0.023358  0.040202  -0.040238  -0.001066  0.999190  -0.023296  -0.999727  -0.002005  0.000143  0.010520  
58.361866 0.002163  0.086870  0.008135  0.978003  0.166271  0.125956  -0.138430  0.065656  0.988193  0.156038  -0.983892  0.087229  0.003082  -0.005807  -0.001733  -0.213513  -0.204490  -0.470227  2.000000  0.998904  -0.023785  0.040304  -0.040334  -0.000787  0.999186  -0.023734  -0.999717  -0.001745  0.999960  -0.008707  0.001791  0.008716  0.999948  -0.005285  -0.001745  0.005301  0.999984  1.000000  -0.000109  0.000022  0.000109  1.000000  -0.000066  -0.000022  0.000066  1.000000  0.998904  -0.023785  0.040304  -0.040334  -0.000787  0.999186  -0.023734  -0.999717  -0.001745  0.000141  0.010346  
58.363116 0.002169  0.086867  0.008136  0.978065  0.165926  0.125930  -0.138439  0.066071  0.988165  0.155642  -0.983922  0.087592  0.003397  -0.005443  -0.001396  -0.222097  -0.188619  -0.458425  2.000000  0.998887  -0.024301  0.040419  -0.040441  -0.000431  0.999182  -0.024263  -0.999705  -0.001413  0.999964  -0.008324  0.001557  0.008332  0.999950  -0.005441  -0.001511  0.005454  0.999984  1.000000  -0.000104  0.000019  0.000104  1.000000  -0.000068  -0.000019  0.000068  1.000000  0.998887  -0.024301  0.040419  -0.040441  -0.000431  0.999182  -0.024263  -0.999705  -0.001413  0.000136  0.010069  
58.364119 0.002175  0.086864  0.008136  0.978106  0.165711  0.125893  -0.138445  0.066467  0.988137  0.155377  -0.983932  0.087954  0.003703  -0.005209  -0.001114  -0.232621  -0.161614  -0.446644  2.000000  0.998874  -0.024697  0.040499  -0.040515  -0.000145  0.999179  -0.024671  -0.999695  -0.001146  0.999968  -0.007942  0.001321  0.007949  0.999954  -0.005355  -0.001278  0.005365  0.999985  1.000000  -0.000099  0.000016  0.000099  1.000000  -0.000067  -0.000016  0.000067  1.000000  0.998874  -0.024697  0.040499  -0.040515  -0.000145  0.999179  -0.024671  -0.999695  -0.001146  0.000132  0.009672  
58.365370 0.002181  0.086859  0.008136  0.978147  0.165496  0.125856  -0.138451  0.066864  0.988110  0.155113  -0.983941  0.088316  0.003878  -0.005003  -0.000934  -0.240113  -0.139413  -0.425916  2.000000  0.998859  -0.025164  0.040577  -0.040584  0.000220  0.999176  -0.025152  -0.999683  -0.000802  0.999972  -0.007426  0.001074  0.007432  0.999957  -0.005631  -0.001033  0.005639  0.999984  1.000000  -0.000093  0.000013  0.000093  1.000000  -0.000070  -0.000013  0.000070  1.000000  0.998859  -0.025164  0.040577  -0.040584  0.000220  0.999176  -0.025152  -0.999683  -0.000802  0.000129  0.009384  
58.366374 0.002186  0.086856  0.008135  0.978196  0.165397  0.125604  -0.138252  0.067276  0.988109  0.154981  -0.983930  0.088676  0.004128  -0.004743  -0.000703  -0.248635  -0.110370  -0.405712  2.000000  0.998849  -0.025513  0.040623  -0.040623  0.000518  0.999174  -0.025513  -0.999674  -0.000519  0.999975  -0.007063  0.000637  0.007066  0.999958  -0.005820  -0.000595  0.005824  0.999983  1.000000  -0.000088  0.000008  0.000088  1.000000  -0.000073  -0.000008  0.000073  1.000000  0.998849  -0.025513  0.040623  -0.040623  0.000518  0.999174  -0.025513  -0.999674  -0.000519  0.000125  0.009175  
58.367620 0.002192  0.086851  0.008135  0.978237  0.165198  0.125548  -0.138258  0.067792  0.988073  0.154716  -0.983928  0.089157  0.004287  -0.004569  -0.000542  -0.260976  -0.094948  -0.390206  2.000000  0.998839  -0.025843  0.040651  -0.040643  0.000826  0.999173  -0.025855  -0.999666  -0.000225  0.999978  -0.006681  0.000401  0.006683  0.999960  -0.005975  -0.000361  0.005977  0.999982  1.000000  -0.000084  0.000005  0.000084  1.000000  -0.000075  -0.000005  0.000075  1.000000  0.998839  -0.025843  0.040651  -0.040643  0.000826  0.999173  -0.025855  -0.999666  -0.000225  0.000120  0.008973  
58.368620 0.002197  0.086847  0.008136  0.978257  0.165113  0.125499  -0.138261  0.068170  0.988047  0.154584  -0.983916  0.089517  0.004540  -0.004276  -0.000260  -0.269487  -0.080313  -0.372229  2.000000  0.998830  -0.026155  0.040667  -0.040651  0.001145  0.999173  -0.026180  -0.999657  0.000081  0.999979  -0.006433  0.000176  0.006434  0.999961  -0.006129  -0.000137  0.006130  0.999981  1.000000  -0.000080  0.000002  0.000080  1.000000  -0.000077  -0.000002  0.000077  1.000000  0.998830  -0.026155  0.040667  -0.040651  0.001145  0.999173  -0.026180  -0.999657  0.000081  0.000118  0.008887  
58.369870 0.002204  0.086842  0.008137  0.978298  0.164898  0.125463  -0.138267  0.068567  0.988019  0.154320  -0.983924  0.089878  0.004742  -0.004006  0.000084  -0.275762  -0.066030  -0.364387  2.000000  0.998820  -0.026526  0.040685  -0.040659  0.001552  0.999172  -0.026567  -0.999647  0.000471  0.999982  -0.006033  0.000142  0.006034  0.999962  -0.006250  -0.000105  0.006251  0.999980  1.000000  -0.000075  0.000002  0.000075  1.000000  -0.000078  -0.000002  0.000078  1.000000  0.998820  -0.026526  0.040685  -0.040659  0.001552  0.999172  -0.026567  -0.999647  0.000471  0.000115  0.008689  
58.371115 0.002210  0.086837  0.008139  0.978290  0.164843  0.125598  -0.138471  0.069030  0.987958  0.154187  -0.983901  0.090358  0.004866  -0.003820  0.000329  -0.279877  -0.064623  -0.346469  2.000000  0.998810  -0.026879  0.040706  -0.040668  0.001964  0.999171  -0.026937  -0.999637  0.000869  0.999983  -0.005881  0.000335  0.005883  0.999962  -0.006460  -0.000297  0.006462  0.999979  1.000000  -0.000074  0.000004  0.000074  1.000000  -0.000081  -0.000004  0.000081  1.000000  0.998810  -0.026879  0.040706  -0.040668  0.001964  0.999171  -0.026937  -0.999637  0.000869  0.000113  0.008743  
