1-Time 2-Px 3-Py 4-Pz 5-R11 6-R21 7-R31 8-R12 9-R22 10-R32 11-R13 12-R23 13-R33 14-Vx 15-Vy 16-Vz 17-Wx 18-Wy 19-Wz 20-state 21-PR11 22-PR21 23-PR31 24-PR12 25-PR22 26-PR32 27-PR13 28-PR23 29-PR33 
146.057410 0.007822  0.095723  0.001984  0.992590  0.112355  0.046278  -0.115979  0.989611  0.084963  -0.036251  -0.089701  0.995309  0.001191  0.001190  0.000909  0.000000  0.000000  0.000000  2.000000  1.000000  0.000000  0.000000  -0.000000  1.000000  0.000000  0.000000  -0.000000  1.000000  1.000000  0.000012  -0.000133  -0.000012  1.000000  0.000000  0.000133  0.000000  1.000000  1.000000  0.000000  0.000000  0.000000  1.000000  0.000000  0.000000  0.000000  1.000000  0.745097  0.596833  0.297694  -0.596267  0.796072  -0.103613  -0.298825  -0.100303  0.949022  0.000000  0.000000  
146.058415 0.007823  0.095724  0.001985  0.992590  0.112355  0.046278  -0.115979  0.989611  0.084963  -0.036251  -0.089701  0.995309  0.001190  0.001190  0.000909  0.000000  0.000000  0.000000  2.000000  1.000000  0.000000  0.000000  0.000000  1.000000  0.000000  0.000000  0.000000  1.000000  1.000000  0.000012  -0.000133  -0.000012  1.000000  0.000000  0.000133  0.000000  1.000000  1.000000  0.000000  0.000000  0.000000  1.000000  0.000000  0.000000  0.000000  1.000000  1.000000  0.000000  0.000000  0.000000  1.000000  0.000000  0.000000  0.000000  1.000000  0.000000  0.000000  
146.059422 0.007825  0.095725  0.001986  0.992542  0.112756  0.046327  -0.116387  0.989554  0.085064  -0.036251  -0.089822  0.995298  0.001282  0.001198  0.000944  0.000000  0.000000  0.000000  2.000000  1.000000  0.000000  0.000000  0.000000  1.000000  0.000000  0.000000  0.000000  1.000000  1.000000  0.000422  -0.000096  -0.000422  1.000000  -0.000015  0.000096  0.000015  1.000000  1.000000  0.000000  0.000000  0.000000  1.000000  0.000000  0.000000  0.000000  1.000000  1.000000  0.000000  0.000000  0.000000  1.000000  0.000000  0.000000  0.000000  1.000000  0.000000  0.000000  
146.060664 0.007829  0.095727  0.001988  0.992441  0.113554  0.046543  -0.117204  0.989452  0.085131  -0.036385  -0.089942  0.995282  0.001419  0.001187  0.001023  0.000000  0.000000  0.000000  2.000000  1.000000  0.000000  0.000000  0.000000  1.000000  0.000000  0.000000  0.000000  1.000000  0.999999  0.001025  0.000092  -0.001025  0.999999  0.000084  -0.000092  -0.000084  1.000000  1.000000  0.000000  0.000000  0.000000  1.000000  0.000000  0.000000  0.000000  1.000000  1.000000  0.000000  0.000000  0.000000  1.000000  0.000000  0.000000  0.000000  1.000000  0.000000  0.000000  
146.061912 0.007833  0.095727  0.001991  0.992364  0.114142  0.046756  -0.117817  0.989363  0.085326  -0.036519  -0.090183  0.995255  0.001595  0.001101  0.001105  0.000000  0.000000  0.000000  2.000000  1.000000  0.000000  0.000000  0.000000  1.000000  0.000000  0.000000  0.000000  1.000000  0.999998  0.001832  0.000300  -0.001832  0.999998  0.000296  -0.000300  -0.000297  1.000000  1.000000  0.000000  0.000000  0.000000  1.000000  0.000000  0.000000  0.000000  1.000000  1.000000  0.000000  0.000000  0.000000  1.000000  0.000000  0.000000  0.000000  1.000000  0.000000  0.000000  
146.062913 0.007836  0.095727  0.001992  0.992310  0.114531  0.046937  -0.118225  0.989307  0.085411  -0.036653  -0.090303  0.995240  0.001763  0.001038  0.001175  0.000000  0.000000  0.000000  2.000000  1.000000  0.000000  0.000000  0.000000  1.000000  0.000000  0.000000  0.000000  1.000000  0.999998  0.002025  0.000452  -0.002025  0.999998  0.000531  -0.000451  -0.000532  1.000000  1.000000  0.000000  0.000000  0.000000  1.000000  0.000000  0.000000  0.000000  1.000000  1.000000  0.000000  0.000000  0.000000  1.000000  0.000000  0.000000  0.000000  1.000000  0.000000  0.000000  
146.064160 0.007842  0.095728  0.001995  0.992266  0.114939  0.046868  -0.118634  0.989237  0.085648  -0.036519  -0.090545  0.995223  0.002015  0.001008  0.001269  0.000000  0.000000  0.000000  2.000000  1.000000  0.000000  0.000000  0.000000  1.000000  0.000000  0.000000  0.000000  1.000000  0.999997  0.002434  0.000490  -0.002435  0.999997  0.000758  -0.000488  -0.000759  1.000000  1.000000  0.000000  0.000000  0.000000  1.000000  0.000000  0.000000  0.000000  1.000000  1.000000  0.000000  0.000000  0.000000  1.000000  0.000000  0.000000  0.000000  1.000000  0.000000  0.000000  
146.065411 0.007847  0.095729  0.001998  0.992198  0.115551  0.046816  -0.119247  0.989144  0.085874  -0.036385  -0.090787  0.995205  0.002304  0.000982  0.001396  0.000000  0.000000  0.000000  2.000000  1.000000  0.000000  0.000000  0.000000  1.000000  0.000000  0.000000  0.000000  1.000000  0.999995  0.003049  0.000547  -0.003050  0.999995  0.000978  -0.000544  -0.000980  0.999999  1.000000  0.000000  0.000000  0.000000  1.000000  0.000000  0.000000  0.000000  1.000000  1.000000  0.000000  0.000000  0.000000  1.000000  0.000000  0.000000  0.000000  1.000000  0.000000  0.000000  
146.066660 0.007853  0.095731  0.002001  0.992124  0.116150  0.046898  -0.119860  0.989052  0.086085  -0.036385  -0.091029  0.995183  0.002571  0.000985  0.001544  0.000000  0.000000  0.000000  2.000000  1.000000  0.000000  0.000000  0.000000  1.000000  0.000000  0.000000  0.000000  1.000000  0.999992  0.003881  0.000489  -0.003881  0.999992  0.001191  -0.000484  -0.001193  0.999999  1.000000  0.000000  0.000000  0.000000  1.000000  0.000000  0.000000  0.000000  1.000000  1.000000  0.000000  0.000000  0.000000  1.000000  0.000000  0.000000  0.000000  1.000000  0.000000  0.000000  
146.067909 0.007859  0.095733  0.002005  0.992000  0.117157  0.047015  -0.120881  0.988911  0.086277  -0.036385  -0.091270  0.995161  0.002898  0.001047  0.001736  0.000000  0.000000  0.000000  2.000000  1.000000  0.000000  0.000000  0.000000  1.000000  0.000000  0.000000  0.000000  1.000000  0.999989  0.004700  0.000565  -0.004701  0.999988  0.001404  -0.000558  -0.001406  0.999999  1.000000  0.000000  0.000000  0.000000  1.000000  0.000000  0.000000  0.000000  1.000000  1.000000  0.000000  0.000000  0.000000  1.000000  0.000000  0.000000  0.000000  1.000000  0.000000  0.000000  
146.069158 0.007866  0.095735  0.002009  0.991895  0.117948  0.047246  -0.121697  0.988794  0.086462  -0.036519  -0.091511  0.995134  0.003278  0.001111  0.001929  0.054096  -0.022035  0.192430  2.000000  1.000000  0.000271  0.000035  -0.000271  1.000000  0.000078  -0.000035  -0.000078  1.000000  0.999983  0.005712  0.000793  -0.005713  0.999982  0.001607  -0.000784  -0.001612  0.999998  1.000000  0.000071  0.000010  -0.000071  1.000000  0.000020  -0.000010  -0.000020  1.000000  1.000000  0.000271  0.000035  -0.000271  1.000000  0.000078  -0.000035  -0.000078  1.000000  0.000050  0.005987  
146.070410 0.007874  0.095739  0.002014  0.991760  0.118930  0.047628  -0.122717  0.988654  0.086620  -0.036786  -0.091752  0.995102  0.003719  0.001235  0.002166  0.060986  -0.034171  0.226145  2.000000  1.000000  0.000653  0.000093  -0.000653  1.000000  0.000185  -0.000093  -0.000185  1.000000  0.999978  0.006519  0.001003  -0.006521  0.999977  0.001819  -0.000991  -0.001825  0.999998  1.000000  0.000081  0.000012  -0.000081  1.000000  0.000023  -0.000012  -0.000023  1.000000  1.000000  0.000653  0.000093  -0.000653  1.000000  0.000185  -0.000093  -0.000185  1.000000  0.000057  0.006843  
146.071413 0.007881  0.095742  0.002020  0.991653  0.119720  0.047861  -0.123533  0.988537  0.086805  -0.036920  -0.091992  0.995075  0.004106  0.001394  0.002487  0.068058  -0.041161  0.253086  2.000000  0.999999  0.001004  0.000152  -0.001004  0.999999  0.000278  -0.000152  -0.000278  1.000000  0.999972  0.007326  0.001213  -0.007328  0.999971  0.001908  -0.001199  -0.001917  0.999997  1.000000  0.000092  0.000015  -0.000092  1.000000  0.000024  -0.000015  -0.000024  1.000000  0.999999  0.001004  0.000152  -0.001004  0.999999  0.000278  -0.000152  -0.000278  1.000000  0.000064  0.007668  
146.072417 0.007889  0.095746  0.002025  0.991577  0.120325  0.047929  -0.124146  0.988452  0.086895  -0.036920  -0.092113  0.995064  0.004541  0.001580  0.002801  0.071362  -0.043056  0.273693  2.000000  0.999999  0.001387  0.000221  -0.001387  0.999999  0.000381  -0.000220  -0.000381  1.000000  0.999968  0.007928  0.001405  -0.007931  0.999966  0.002127  -0.001388  -0.002138  0.999997  1.000000  0.000099  0.000017  -0.000099  1.000000  0.000027  -0.000017  -0.000027  1.000000  0.999999  0.001387  0.000221  -0.001387  0.999999  0.000381  -0.000220  -0.000381  1.000000  0.000070  0.008329  
146.073664 0.007898  0.095751  0.002033  0.991449  0.121330  0.048048  -0.125166  0.988306  0.087085  -0.036920  -0.092355  0.995041  0.004968  0.001828  0.003159  0.078251  -0.046241  0.308128  2.000000  0.999998  0.001817  0.000294  -0.001817  0.999998  0.000492  -0.000293  -0.000493  1.000000  0.999959  0.008952  0.001501  -0.008955  0.999957  0.002330  -0.001480  -0.002344  0.999996  1.000000  0.000112  0.000019  -0.000112  1.000000  0.000029  -0.000019  -0.000029  1.000000  0.999998  0.001817  0.000294  -0.001817  0.999998  0.000492  -0.000293  -0.000493  1.000000  0.000079  0.009373  
146.074773 0.007906  0.095756  0.002038  0.991371  0.121929  0.048131  -0.125778  0.988210  0.087295  -0.036920  -0.092596  0.995019  0.005368  0.002017  0.003431  0.085354  -0.052457  0.327178  2.000000  0.999997  0.002283  0.000370  -0.002283  0.999997  0.000614  -0.000369  -0.000615  1.000000  0.999953  0.009566  0.001560  -0.009570  0.999951  0.002550  -0.001536  -0.002564  0.999996  1.000000  0.000120  0.000019  -0.000120  1.000000  0.000032  -0.000019  -0.000032  1.000000  0.999997  0.002283  0.000370  -0.002283  0.999997  0.000614  -0.000369  -0.000615  1.000000  0.000084  0.010024  
146.075909 0.007917  0.095759  0.002045  0.991293  0.122522  0.048230  -0.126391  0.988103  0.087625  -0.036920  -0.092958  0.994985  0.005762  0.002134  0.003731  0.097151  -0.054613  0.349078  2.000000  0.999996  0.002786  0.000450  -0.002787  0.999996  0.000749  -0.000448  -0.000750  1.000000  0.999945  0.010385  0.001639  -0.010389  0.999942  0.002761  -0.001610  -0.002778  0.999995  1.000000  0.000130  0.000020  -0.000130  1.000000  0.000035  -0.000020  -0.000035  1.000000  0.999996  0.002786  0.000450  -0.002787  0.999996  0.000749  -0.000448  -0.000750  1.000000  0.000091  0.010872  
146.076913 0.007924  0.095761  0.002049  0.991215  0.123120  0.048314  -0.127003  0.988006  0.087835  -0.036920  -0.093199  0.994963  0.006130  0.002273  0.003928  0.104523  -0.056543  0.369654  2.000000  0.999994  0.003319  0.000533  -0.003319  0.999994  0.000895  -0.000530  -0.000897  0.999999  0.999940  0.010794  0.001680  -0.010799  0.999937  0.002988  -0.001647  -0.003006  0.999994  1.000000  0.000135  0.000021  -0.000135  1.000000  0.000037  -0.000021  -0.000037  1.000000  0.999994  0.003319  0.000533  -0.003319  0.999994  0.000895  -0.000530  -0.000897  0.999999  0.000095  0.011328  
146.078178 0.007934  0.095762  0.002055  0.991105  0.123904  0.048563  -0.127818  0.987874  0.088138  -0.037054  -0.093561  0.994924  0.006498  0.002397  0.004193  0.115651  -0.063589  0.396561  2.000000  0.999992  0.004024  0.000643  -0.004025  0.999991  0.001099  -0.000638  -0.001102  0.999999  0.999931  0.011600  0.001895  -0.011607  0.999927  0.003440  -0.001855  -0.003462  0.999992  1.000000  0.000145  0.000023  -0.000145  1.000000  0.000043  -0.000023  -0.000043  1.000000  0.999992  0.004024  0.000643  -0.004025  0.999991  0.001099  -0.000638  -0.001102  0.999999  0.000103  0.012250  
146.079412 0.007945  0.095763  0.002061  0.990995  0.124681  0.048828  -0.128634  0.987730  0.088560  -0.037187  -0.094043  0.994873  0.006871  0.002386  0.004392  0.130971  -0.070737  0.423872  2.000000  0.999989  0.004629  0.000740  -0.004630  0.999988  0.001280  -0.000734  -0.001283  0.999999  0.999921  0.012419  0.001976  -0.012426  0.999916  0.003773  -0.001929  -0.003797  0.999991  1.000000  0.000155  0.000024  -0.000155  1.000000  0.000047  -0.000024  -0.000047  1.000000  0.999989  0.004629  0.000740  -0.004630  0.999988  0.001280  -0.000734  -0.001283  0.999999  0.000110  0.013133  
146.080664 0.007956  0.095764  0.002066  0.990915  0.125273  0.048929  -0.129246  0.987620  0.088889  -0.037187  -0.094405  0.994839  0.007219  0.002338  0.004531  0.142461  -0.072738  0.444590  2.000000  0.999985  0.005407  0.000871  -0.005409  0.999984  0.001528  -0.000863  -0.001532  0.999998  0.999921  0.012405  0.002114  -0.012414  0.999915  0.004014  -0.002064  -0.004040  0.999990  1.000000  0.000155  0.000026  -0.000155  1.000000  0.000050  -0.000026  -0.000050  1.000000  0.999985  0.005407  0.000871  -0.005409  0.999984  0.001528  -0.000863  -0.001532  0.999998  0.000116  0.013213  
146.081909 0.007966  0.095764  0.002071  0.990830  0.125853  0.049161  -0.129857  0.987512  0.089201  -0.037321  -0.094767  0.994800  0.007476  0.002202  0.004586  0.153889  -0.079207  0.464795  2.000000  0.999981  0.006030  0.000977  -0.006032  0.999980  0.001742  -0.000967  -0.001748  0.999998  0.999921  0.012404  0.002120  -0.012414  0.999913  0.004376  -0.002065  -0.004402  0.999988  1.000000  0.000155  0.000026  -0.000155  1.000000  0.000055  -0.000026  -0.000055  1.000000  0.999981  0.006030  0.000977  -0.006032  0.999980  0.001742  -0.000967  -0.001748  0.999998  0.000122  0.013328  
146.082913 0.007974  0.095763  0.002074  0.990777  0.126242  0.049244  -0.130265  0.987428  0.089540  -0.037321  -0.095129  0.994765  0.007685  0.002024  0.004592  0.165581  -0.080557  0.478469  2.000000  0.999977  0.006648  0.001078  -0.006651  0.999976  0.001965  -0.001065  -0.001972  0.999997  0.999923  0.012212  0.001970  -0.012221  0.999915  0.004505  -0.001915  -0.004529  0.999988  1.000000  0.000153  0.000024  -0.000153  1.000000  0.000056  -0.000024  -0.000056  1.000000  0.999977  0.006648  0.001078  -0.006651  0.999976  0.001965  -0.001065  -0.001972  0.999997  0.000126  0.013169  
146.084159 0.007983  0.095762  0.002077  0.990718  0.126618  0.049459  -0.130673  0.987345  0.089861  -0.037455  -0.095490  0.994725  0.007844  0.001766  0.004549  0.177316  -0.086425  0.491943  2.000000  0.999972  0.007422  0.001201  -0.007425  0.999970  0.002252  -0.001184  -0.002261  0.999997  0.999921  0.012416  0.001994  -0.012425  0.999912  0.004617  -0.001936  -0.004641  0.999987  1.000000  0.000155  0.000025  -0.000155  1.000000  0.000058  -0.000025  -0.000058  1.000000  0.999972  0.007422  0.001201  -0.007425  0.999970  0.002252  -0.001184  -0.002261  0.999997  0.000132  0.013400  
146.085159 0.007992  0.095761  0.002080  0.990664  0.127006  0.049542  -0.131080  0.987260  0.090200  -0.037455  -0.095852  0.994691  0.007973  0.001496  0.004437  0.189045  -0.087803  0.505722  2.000000  0.999967  0.008040  0.001301  -0.008043  0.999965  0.002489  -0.001281  -0.002500  0.999996  0.999921  0.012415  0.001998  -0.012424  0.999912  0.004738  -0.001939  -0.004762  0.999987  1.000000  0.000155  0.000025  -0.000155  1.000000  0.000059  -0.000025  -0.000059  1.000000  0.999967  0.008040  0.001301  -0.008043  0.999965  0.002489  -0.001281  -0.002500  0.999996  0.000135  0.013443  
146.086409 0.008002  0.095761  0.002084  0.990632  0.127179  0.049739  -0.131284  0.987202  0.090532  -0.037589  -0.096214  0.994651  0.008066  0.001233  0.004245  0.200962  -0.093005  0.512112  2.000000  0.999960  0.008802  0.001441  -0.008806  0.999957  0.002791  -0.001416  -0.002804  0.999995  0.999926  0.011966  0.002363  -0.011978  0.999916  0.004874  -0.002305  -0.004902  0.999985  1.000000  0.000150  0.000029  -0.000150  1.000000  0.000061  -0.000029  -0.000061  1.000000  0.999960  0.008802  0.001441  -0.008806  0.999957  0.002791  -0.001416  -0.002804  0.999995  0.000139  0.013141  
146.087412 0.008010  0.095761  0.002086  0.990578  0.127573  0.049807  -0.131692  0.987128  0.090751  -0.037589  -0.096455  0.994627  0.008082  0.000950  0.004036  0.208679  -0.094389  0.526058  2.000000  0.999955  0.009392  0.001559  -0.009397  0.999951  0.003037  -0.001530  -0.003051  0.999994  0.999931  0.011556  0.002328  -0.011567  0.999921  0.005011  -0.002270  -0.005037  0.999985  1.000000  0.000145  0.000029  -0.000145  1.000000  0.000063  -0.000029  -0.000063  1.000000  0.999955  0.009392  0.001559  -0.009397  0.999951  0.003037  -0.001530  -0.003051  0.999994  0.000142  0.012814  
146.088413 0.008017  0.095761  0.002088  0.990546  0.127745  0.050004  -0.131895  0.987070  0.091082  -0.037722  -0.096816  0.994587  0.008086  0.000631  0.003768  0.218766  -0.098771  0.528031  2.000000  0.999949  0.009964  0.001681  -0.009970  0.999945  0.003287  -0.001648  -0.003303  0.999993  0.999935  0.011133  0.002424  -0.011145  0.999925  0.005025  -0.002368  -0.005052  0.999984  1.000000  0.000139  0.000030  -0.000139  1.000000  0.000063  -0.000030  -0.000063  1.000000  0.999949  0.009964  0.001681  -0.009970  0.999945  0.003287  -0.001648  -0.003303  0.999993  0.000143  0.012458  
146.089426 0.008024  0.095761  0.002091  0.990546  0.127733  0.050035  -0.131895  0.987048  0.091322  -0.037722  -0.097058  0.994564  0.008034  0.000347  0.003609  0.225325  -0.097704  0.511508  2.000000  0.999945  0.010374  0.001772  -0.010380  0.999940  0.003481  -0.001736  -0.003499  0.999992  0.999940  0.010723  0.002387  -0.010735  0.999929  0.005163  -0.002332  -0.005188  0.999984  1.000000  0.000134  0.000029  -0.000134  1.000000  0.000065  -0.000029  -0.000065  1.000000  0.999945  0.010374  0.001772  -0.010380  0.999940  0.003481  -0.001736  -0.003499  0.999992  0.000143  0.012143  
146.090668 0.008033  0.095761  0.002095  0.990514  0.127911  0.050217  -0.132098  0.987001  0.091533  -0.037856  -0.097298  0.994535  0.007895  0.000112  0.003412  0.230161  -0.095879  0.490972  2.000000  0.999939  0.010892  0.001891  -0.010899  0.999934  0.003747  -0.001850  -0.003767  0.999991  0.999944  0.010312  0.002351  -0.010325  0.999932  0.005420  -0.002295  -0.005444  0.999983  1.000000  0.000129  0.000029  -0.000129  1.000000  0.000068  -0.000029  -0.000068  1.000000  0.999939  0.010892  0.001891  -0.010899  0.999934  0.003747  -0.001850  -0.003767  0.999991  0.000139  0.011890  
146.091915 0.008041  0.095760  0.002098  0.990508  0.127880  0.050395  -0.132097  0.986970  0.091875  -0.037990  -0.097660  0.994495  0.007778  -0.000046  0.003240  0.234962  -0.094085  0.470325  2.000000  0.999932  0.011498  0.002030  -0.011507  0.999925  0.004085  -0.001983  -0.004108  0.999990  0.999954  0.009301  0.002120  -0.009312  0.999942  0.005458  -0.002070  -0.005478  0.999983  1.000000  0.000116  0.000026  -0.000116  1.000000  0.000068  -0.000026  -0.000068  1.000000  0.999932  0.011498  0.002030  -0.011507  0.999925  0.004085  -0.001983  -0.004108  0.999990  0.000135  0.010996  
146.093160 0.008047  0.095759  0.002102  0.990481  0.128065  0.050461  -0.132301  0.986910  0.092224  -0.037990  -0.098022  0.994459  0.007541  -0.000205  0.003159  0.241104  -0.088992  0.466892  2.000000  0.999925  0.012046  0.002159  -0.012056  0.999918  0.004431  -0.002105  -0.004456  0.999988  0.999960  0.008699  0.001930  -0.008710  0.999946  0.005604  -0.001882  -0.005620  0.999982  1.000000  0.000109  0.000024  -0.000109  1.000000  0.000070  -0.000024  -0.000070  1.000000  0.999925  0.012046  0.002159  -0.012056  0.999918  0.004431  -0.002105  -0.004456  0.999988  0.000134  0.010531  
146.094164 0.008051  0.095758  0.002106  0.990476  0.128039  0.050624  -0.132301  0.986889  0.092445  -0.038123  -0.098263  0.994430  0.007206  -0.000372  0.003060  0.241846  -0.097692  0.453065  2.000000  0.999920  0.012452  0.002258  -0.012463  0.999911  0.004714  -0.002199  -0.004742  0.999986  0.999969  0.007662  0.001965  -0.007673  0.999955  0.005642  -0.001922  -0.005657  0.999982  1.000000  0.000096  0.000024  -0.000096  1.000000  0.000071  -0.000024  -0.000071  1.000000  0.999920  0.012452  0.002258  -0.012463  0.999911  0.004714  -0.002199  -0.004742  0.999986  0.000131  0.009720  
146.095415 0.008055  0.095756  0.002110  0.990503  0.127824  0.050636  -0.132097  0.986893  0.092695  -0.038123  -0.098504  0.994406  0.006733  -0.000551  0.002988  0.240572  -0.099472  0.428075  2.000000  0.999914  0.012892  0.002381  -0.012904  0.999904  0.005072  -0.002315  -0.005102  0.999984  0.999976  0.006637  0.001867  -0.006648  0.999961  0.005804  -0.001828  -0.005816  0.999981  1.000000  0.000083  0.000023  -0.000083  1.000000  0.000073  -0.000023  -0.000073  1.000000  0.999914  0.012892  0.002381  -0.012904  0.999904  0.005072  -0.002315  -0.005102  0.999984  0.000126  0.009016  
146.096660 0.008060  0.095753  0.002114  0.990503  0.127806  0.050682  -0.132097  0.986859  0.093054  -0.038123  -0.098866  0.994370  0.006351  -0.000722  0.002950  0.247469  -0.096811  0.404090  2.000000  0.999909  0.013268  0.002497  -0.013282  0.999897  0.005429  -0.002425  -0.005461  0.999982  0.999983  0.005613  0.001767  -0.005623  0.999968  0.005722  -0.001735  -0.005732  0.999982  1.000000  0.000070  0.000022  -0.000070  1.000000  0.000072  -0.000022  -0.000072  1.000000  0.999909  0.013268  0.002497  -0.013282  0.999897  0.005429  -0.002425  -0.005461  0.999982  0.000121  0.008212  
146.097952 0.008063  0.095751  0.002117  0.990531  0.127590  0.050694  -0.131893  0.986863  0.093304  -0.038123  -0.099107  0.994346  0.005907  -0.000792  0.002892  0.246909  -0.092996  0.358734  2.000000  0.999905  0.013535  0.002587  -0.013550  0.999892  0.005717  -0.002510  -0.005752  0.999980  0.999985  0.005203  0.001728  -0.005213  0.999969  0.005859  -0.001698  -0.005868  0.999981  1.000000  0.000065  0.000021  -0.000065  1.000000  0.000073  -0.000021  -0.000073  1.000000  0.999905  0.013535  0.002587  -0.013550  0.999892  0.005717  -0.002510  -0.005752  0.999980  0.000115  0.008028  
146.099157 0.008065  0.095747  0.002119  0.990526  0.127558  0.050872  -0.131892  0.986831  0.093646  -0.038257  -0.099468  0.994305  0.005426  -0.001002  0.002804  0.254031  -0.090481  0.335781  2.000000  0.999902  0.013764  0.002679  -0.013780  0.999887  0.006009  -0.002596  -0.006045  0.999978  0.999989  0.004370  0.001781  -0.004381  0.999973  0.005891  -0.001756  -0.005898  0.999981  1.000000  0.000055  0.000022  -0.000055  1.000000  0.000074  -0.000022  -0.000074  1.000000  0.999902  0.013764  0.002679  -0.013780  0.999887  0.006009  -0.002596  -0.006045  0.999978  0.000109  0.007551  
146.100158 0.008066  0.095744  0.002121  0.990526  0.127540  0.050919  -0.131892  0.986797  0.094005  -0.038257  -0.099830  0.994269  0.004960  -0.001097  0.002763  0.261504  -0.079079  0.305028  2.000000  0.999899  0.013957  0.002763  -0.013974  0.999883  0.006301  -0.002674  -0.006339  0.999976  0.999992  0.003565  0.001567  -0.003574  0.999977  0.005801  -0.001547  -0.005807  0.999982  1.000000  0.000045  0.000019  -0.000045  1.000000  0.000073  -0.000019  -0.000073  1.000000  0.999899  0.013957  0.002763  -0.013974  0.999883  0.006301  -0.002674  -0.006339  0.999976  0.000104  0.006989  
146.101159 0.008068  0.095741  0.002121  0.990548  0.127311  0.051062  -0.131688  0.986802  0.094237  -0.038391  -0.100071  0.994239  0.004431  -0.001322  0.002571  0.262781  -0.075834  0.270605  2.000000  0.999896  0.014109  0.002839  -0.014128  0.999878  0.006589  -0.002745  -0.006629  0.999974  0.999995  0.002745  0.001486  -0.002754  0.999979  0.005833  -0.001470  -0.005837  0.999982  1.000000  0.000034  0.000018  -0.000034  1.000000  0.000073  -0.000018  -0.000073  1.000000  0.999896  0.014109  0.002839  -0.014128  0.999878  0.006589  -0.002745  -0.006629  0.999974  0.000099  0.006617  
146.102409 0.008068  0.095737  0.002122  0.990548  0.127293  0.051108  -0.131688  0.986767  0.094596  -0.038391  -0.100432  0.994203  0.003877  -0.001590  0.002373  0.269494  -0.073296  0.247889  2.000000  0.999894  0.014252  0.002930  -0.014272  0.999874  0.006948  -0.002831  -0.006989  0.999972  0.999997  0.001939  0.001272  -0.001947  0.999982  0.005743  -0.001260  -0.005746  0.999983  1.000000  0.000024  0.000016  -0.000024  1.000000  0.000072  -0.000016  -0.000072  1.000000  0.999894  0.014252  0.002930  -0.014272  0.999874  0.006948  -0.002831  -0.006989  0.999972  0.000094  0.006195  
146.103659 0.008069  0.095733  0.002122  0.990570  0.127057  0.051267  -0.131483  0.986761  0.094948  -0.038524  -0.100794  0.994161  0.003257  -0.001879  0.002163  0.275042  -0.073825  0.206446  2.000000  0.999893  0.014347  0.003014  -0.014368  0.999870  0.007303  -0.002908  -0.007346  0.999969  0.999998  0.001311  0.001343  -0.001319  0.999983  0.005767  -0.001336  -0.005768  0.999982  1.000000  0.000016  0.000017  -0.000016  1.000000  0.000072  -0.000017  -0.000072  1.000000  0.999893  0.014347  0.003014  -0.014368  0.999870  0.007303  -0.002908  -0.007346  0.999969  0.000089  0.006065  
146.104660 0.008069  0.095730  0.002122  0.990597  0.126836  0.051294  -0.131279  0.986752  0.095318  -0.038524  -0.101155  0.994124  0.002787  -0.002075  0.001958  0.281140  -0.071487  0.179770  2.000000  0.999892  0.014385  0.003066  -0.014408  0.999868  0.007518  -0.002957  -0.007561  0.999967  0.999999  0.000902  0.001302  -0.000909  0.999983  0.005783  -0.001297  -0.005784  0.999982  1.000000  0.000011  0.000016  -0.000011  1.000000  0.000072  -0.000016  -0.000072  1.000000  0.999892  0.014385  0.003066  -0.014408  0.999868  0.007518  -0.002957  -0.007561  0.999967  0.000086  0.005996  
146.105664 0.008069  0.095728  0.002122  0.990597  0.126823  0.051324  -0.131279  0.986729  0.095557  -0.038524  -0.101397  0.994100  0.002385  -0.002194  0.001813  0.279092  -0.069841  0.159901  2.000000  0.999891  0.014412  0.003127  -0.014436  0.999865  0.007808  -0.003014  -0.007853  0.999965  0.999999  0.000505  0.001127  -0.000512  0.999983  0.005798  -0.001125  -0.005799  0.999983  1.000000  0.000006  0.000014  -0.000006  1.000000  0.000072  -0.000014  -0.000072  1.000000  0.999891  0.014412  0.003127  -0.014436  0.999865  0.007808  -0.003014  -0.007853  0.999965  0.000083  0.005929  
146.106667 0.008069  0.095726  0.002123  0.990624  0.126601  0.051351  -0.131075  0.986720  0.095927  -0.038524  -0.101758  0.994063  0.001879  -0.002319  0.001690  0.285916  -0.067360  0.138220  2.000000  0.999891  0.014421  0.003186  -0.014447  0.999863  0.008098  -0.003068  -0.008143  0.999962  0.999999  0.000096  0.001086  -0.000102  0.999983  0.005814  -0.001085  -0.005814  0.999983  1.000000  0.000001  0.000014  -0.000001  1.000000  0.000073  -0.000014  -0.000073  1.000000  0.999891  0.014421  0.003186  -0.014447  0.999863  0.008098  -0.003068  -0.008143  0.999962  0.000081  0.005916  
146.107912 0.008068  0.095724  0.002125  0.990624  0.126583  0.051397  -0.131075  0.986686  0.096286  -0.038524  -0.102120  0.994026  0.001506  -0.002357  0.001548  0.285447  -0.060099  0.105322  2.000000  0.999891  0.014402  0.003248  -0.014429  0.999860  0.008461  -0.003125  -0.008507  0.999959  0.999999  -0.000505  0.000890  0.000500  0.999983  0.005838  -0.000893  -0.005838  0.999983  1.000000  -0.000006  0.000011  0.000006  1.000000  0.000073  -0.000011  -0.000073  1.000000  0.999891  0.014402  0.003248  -0.014429  0.999860  0.008461  -0.003125  -0.008507  0.999959  0.000077  0.005927  
146.109166 0.008067  0.095721  0.002126  0.990645  0.126347  0.051555  -0.130871  0.986678  0.096638  -0.038658  -0.102481  0.993983  0.001044  -0.002420  0.001323  0.282480  -0.056704  0.070823  2.000000  0.999892  0.014351  0.003307  -0.014380  0.999858  0.008826  -0.003180  -0.008873  0.999956  0.999999  -0.000915  0.000847  0.000910  0.999982  0.005854  -0.000853  -0.005853  0.999983  1.000000  -0.000011  0.000011  0.000011  1.000000  0.000073  -0.000011  -0.000073  1.000000  0.999892  0.014351  0.003307  -0.014380  0.999858  0.008826  -0.003180  -0.008873  0.999956  0.000076  0.005985  
146.110417 0.008066  0.095719  0.002128  0.990672  0.126125  0.051581  -0.130667  0.986669  0.097008  -0.038658  -0.102843  0.993946  0.000663  -0.002484  0.001129  0.283543  -0.054003  0.043283  2.000000  0.999892  0.014272  0.003363  -0.014303  0.999855  0.009188  -0.003232  -0.009235  0.999952  0.999999  -0.001324  0.000805  0.001319  0.999983  0.005749  -0.000812  -0.005748  0.999983  1.000000  -0.000017  0.000010  0.000017  1.000000  0.000072  -0.000010  -0.000072  1.000000  0.999892  0.014272  0.003363  -0.014303  0.999855  0.009188  -0.003232  -0.009235  0.999952  0.000073  0.005953  
146.111663 0.008066  0.095717  0.002130  0.990667  0.126099  0.051743  -0.130666  0.986647  0.097230  -0.038792  -0.103084  0.993916  0.000340  -0.002424  0.001016  0.280235  -0.051960  0.022624  2.000000  0.999894  0.014179  0.003414  -0.014211  0.999853  0.009546  -0.003279  -0.009594  0.999949  0.999999  -0.001529  0.000783  0.001524  0.999982  0.005757  -0.000792  -0.005756  0.999983  1.000000  -0.000019  0.000010  0.000019  1.000000  0.000072  -0.000010  -0.000072  1.000000  0.999894  0.014179  0.003414  -0.014211  0.999853  0.009546  -0.003279  -0.009594  0.999949  0.000072  0.006007  
146.112668 0.008066  0.095716  0.002131  0.990694  0.125884  0.051754  -0.130462  0.986650  0.097480  -0.038792  -0.103325  0.993891  0.000221  -0.002367  0.000987  0.276945  -0.049907  0.001968  2.000000  0.999894  0.014116  0.003443  -0.014149  0.999852  0.009764  -0.003305  -0.009811  0.999946  0.999998  -0.001720  0.000628  0.001716  0.999981  0.005886  -0.000638  -0.005885  0.999982  1.000000  -0.000021  0.000008  0.000021  1.000000  0.000074  -0.000008  -0.000074  1.000000  0.999894  0.014116  0.003443  -0.014149  0.999852  0.009764  -0.003305  -0.009811  0.999946  0.000071  0.006164  
146.113917 0.008067  0.095715  0.002135  0.990721  0.125662  0.051780  -0.130258  0.986640  0.097850  -0.038792  -0.103686  0.993853  0.000135  -0.002146  0.001055  0.277703  -0.043361  -0.018239  2.000000  0.999896  0.014002  0.003487  -0.014037  0.999850  0.010130  -0.003345  -0.010177  0.999943  0.999998  -0.002129  0.000585  0.002126  0.999980  0.005902  -0.000597  -0.005901  0.999982  1.000000  -0.000027  0.000007  0.000027  1.000000  0.000074  -0.000007  -0.000074  1.000000  0.999896  0.014002  0.003487  -0.014037  0.999850  0.010130  -0.003345  -0.010177  0.999943  0.000071  0.006301  
146.115156 0.008067  0.095715  0.002138  0.990748  0.125440  0.051805  -0.130054  0.986630  0.098219  -0.038792  -0.104048  0.993815  0.000073  -0.001972  0.001142  0.276275  -0.040950  -0.038580  2.000000  0.999898  0.013866  0.003524  -0.013902  0.999848  0.010493  -0.003378  -0.010541  0.999939  0.999997  -0.002320  0.000430  0.002318  0.999981  0.005789  -0.000443  -0.005788  0.999983  1.000000  -0.000029  0.000005  0.000029  1.000000  0.000072  -0.000005  -0.000072  1.000000  0.999898  0.013866  0.003524  -0.013902  0.999848  0.010493  -0.003378  -0.010541  0.999939  0.000070  0.006251  
146.116162 0.008068  0.095715  0.002141  0.990748  0.125427  0.051836  -0.130054  0.986606  0.098459  -0.038792  -0.104289  0.993790  0.000074  -0.001721  0.001342  0.274729  -0.036106  -0.045337  2.000000  0.999899  0.013754  0.003551  -0.013792  0.999847  0.010788  -0.003402  -0.010836  0.999936  0.999998  -0.002116  0.000451  0.002113  0.999980  0.005902  -0.000463  -0.005901  0.999982  1.000000  -0.000026  0.000006  0.000026  1.000000  0.000074  -0.000006  -0.000074  1.000000  0.999899  0.013754  0.003551  -0.013792  0.999847  0.010788  -0.003402  -0.010836  0.999936  0.000071  0.006285  
146.117409 0.008071  0.095716  0.002144  0.990775  0.125205  0.051861  -0.129850  0.986596  0.098828  -0.038792  -0.104651  0.993752  0.000170  -0.001410  0.001514  0.277319  -0.033728  -0.065447  2.000000  0.999901  0.013613  0.003583  -0.013652  0.999845  0.011160  -0.003431  -0.011208  0.999931  0.999997  -0.002321  0.000428  0.002318  0.999979  0.006031  -0.000442  -0.006030  0.999982  1.000000  -0.000029  0.000005  0.000029  1.000000  0.000075  -0.000005  -0.000075  1.000000  0.999901  0.013613  0.003583  -0.013652  0.999845  0.011160  -0.003431  -0.011208  0.999931  0.000072  0.006476  
146.118413 0.008073  0.095716  0.002146  0.990775  0.125186  0.051906  -0.129850  0.986560  0.099187  -0.038792  -0.105012  0.993714  0.000298  -0.001151  0.001675  0.278202  -0.029057  -0.073057  2.000000  0.999902  0.013496  0.003609  -0.013536  0.999843  0.011457  -0.003454  -0.011504  0.999928  0.999997  -0.002321  0.000428  0.002318  0.999980  0.005910  -0.000441  -0.005909  0.999982  1.000000  -0.000029  0.000005  0.000029  1.000000  0.000074  -0.000005  -0.000074  1.000000  0.999902  0.013496  0.003609  -0.013536  0.999843  0.011457  -0.003454  -0.011504  0.999928  0.000072  0.006363  
146.119425 0.008075  0.095716  0.002148  0.990769  0.125160  0.052069  -0.129849  0.986538  0.099409  -0.038926  -0.105253  0.993683  0.000427  -0.000982  0.001788  0.277582  -0.032993  -0.072288  2.000000  0.999904  0.013389  0.003634  -0.013431  0.999841  0.011751  -0.003476  -0.011799  0.999924  0.999998  -0.002116  0.000448  0.002114  0.999980  0.005902  -0.000461  -0.005901  0.999982  1.000000  -0.000026  0.000006  0.000026  1.000000  0.000074  -0.000006  -0.000074  1.000000  0.999904  0.013389  0.003634  -0.013431  0.999841  0.011751  -0.003476  -0.011799  0.999924  0.000073  0.006286  
146.120658 0.008079  0.095718  0.002151  0.990796  0.124938  0.052094  -0.129645  0.986527  0.099779  -0.038926  -0.105614  0.993645  0.000706  -0.000680  0.001897  0.282245  -0.027150  -0.085516  2.000000  0.999905  0.013275  0.003660  -0.013318  0.999839  0.012048  -0.003500  -0.012096  0.999921  0.999997  -0.002321  0.000426  0.002318  0.999979  0.006031  -0.000440  -0.006030  0.999982  1.000000  -0.000029  0.000005  0.000029  1.000000  0.000075  -0.000005  -0.000075  1.000000  0.999905  0.013275  0.003660  -0.013318  0.999839  0.012048  -0.003500  -0.012096  0.999921  0.000074  0.006476  
146.121659 0.008083  0.095719  0.002153  0.990791  0.124905  0.052271  -0.129645  0.986493  0.100121  -0.039059  -0.105975  0.993601  0.000972  -0.000454  0.002007  0.284585  -0.027343  -0.086231  2.000000  0.999907  0.013163  0.003686  -0.013207  0.999837  0.012345  -0.003523  -0.012392  0.999917  0.999998  -0.002116  0.000447  0.002114  0.999980  0.005902  -0.000460  -0.005901  0.999982  1.000000  -0.000026  0.000006  0.000026  1.000000  0.000074  -0.000006  -0.000074  1.000000  0.999907  0.013163  0.003686  -0.013207  0.999837  0.012345  -0.003523  -0.012392  0.999917  0.000074  0.006286  
146.122667 0.008087  0.095721  0.002155  0.990791  0.124892  0.052301  -0.129645  0.986468  0.100360  -0.039059  -0.106216  0.993576  0.001293  -0.000220  0.002041  0.286367  -0.027110  -0.085550  2.000000  0.999908  0.013056  0.003713  -0.013102  0.999834  0.012642  -0.003547  -0.012690  0.999913  0.999998  -0.002117  0.000447  0.002114  0.999980  0.005902  -0.000459  -0.005901  0.999982  1.000000  -0.000026  0.000006  0.000026  1.000000  0.000074  -0.000006  -0.000074  1.000000  0.999908  0.013056  0.003713  -0.013102  0.999834  0.012642  -0.003547  -0.012690  0.999913  0.000075  0.006286  
146.123919 0.008093  0.095723  0.002157  0.990791  0.124873  0.052347  -0.129645  0.986432  0.100719  -0.039059  -0.106578  0.993537  0.001726  0.000078  0.002056  0.284746  -0.022098  -0.092630  2.000000  0.999909  0.012930  0.003747  -0.012978  0.999831  0.013012  -0.003578  -0.013059  0.999908  0.999998  -0.001912  0.000468  0.001909  0.999981  0.005894  -0.000479  -0.005894  0.999983  1.000000  -0.000024  0.000006  0.000024  1.000000  0.000074  -0.000006  -0.000074  1.000000  0.999909  0.012930  0.003747  -0.012978  0.999831  0.013012  -0.003578  -0.013059  0.999908  0.000074  0.006214  
146.125160 0.008098  0.095725  0.002158  0.990786  0.124840  0.052524  -0.129644  0.986397  0.101061  -0.039193  -0.106939  0.993493  0.002124  0.000370  0.002037  0.288662  -0.027263  -0.086252  2.000000  0.999911  0.012812  0.003776  -0.012862  0.999828  0.013377  -0.003604  -0.013424  0.999903  0.999998  -0.001708  0.000489  0.001705  0.999982  0.005765  -0.000499  -0.005765  0.999983  1.000000  -0.000021  0.000006  0.000021  1.000000  0.000072  -0.000006  -0.000072  1.000000  0.999911  0.012812  0.003776  -0.012862  0.999828  0.013377  -0.003604  -0.013424  0.999903  0.000075  0.006032  
146.126412 0.008105  0.095728  0.002160  0.990786  0.124827  0.052554  -0.129644  0.986373  0.101300  -0.039193  -0.107180  0.993467  0.002571  0.000716  0.002062  0.286224  -0.027012  -0.085530  2.000000  0.999912  0.012704  0.003812  -0.012756  0.999824  0.013737  -0.003636  -0.013784  0.999898  0.999998  -0.001708  0.000489  0.001705  0.999982  0.005765  -0.000498  -0.005765  0.999983  1.000000  -0.000021  0.000006  0.000021  1.000000  0.000072  -0.000006  -0.000072  1.000000  0.999912  0.012704  0.003812  -0.012756  0.999824  0.013737  -0.003636  -0.013784  0.999898  0.000075  0.006032  
146.127414 0.008110  0.095731  0.002162  0.990786  0.124808  0.052600  -0.129644  0.986336  0.101659  -0.039193  -0.107541  0.993428  0.002987  0.001049  0.002099  0.290436  -0.027002  -0.085588  2.000000  0.999913  0.012623  0.003840  -0.012676  0.999821  0.014021  -0.003663  -0.014069  0.999894  0.999999  -0.001504  0.000510  0.001501  0.999983  0.005636  -0.000519  -0.005635  0.999984  1.000000  -0.000019  0.000006  0.000019  1.000000  0.000070  -0.000006  -0.000070  1.000000  0.999913  0.012623  0.003840  -0.012676  0.999821  0.014021  -0.003663  -0.014069  0.999894  0.000075  0.005855  
146.128663 0.008117  0.095735  0.002166  0.990781  0.124774  0.052777  -0.129643  0.986300  0.102001  -0.039327  -0.107902  0.993383  0.003412  0.001371  0.002103  0.288363  -0.027893  -0.079388  2.000000  0.999914  0.012546  0.003875  -0.012600  0.999818  0.014309  -0.003694  -0.014356  0.999890  0.999999  -0.001518  0.000643  0.001514  0.999982  0.005758  -0.000651  -0.005757  0.999983  1.000000  -0.000019  0.000008  0.000019  1.000000  0.000072  -0.000008  -0.000072  1.000000  0.999914  0.012546  0.003875  -0.012600  0.999818  0.014309  -0.003694  -0.014356  0.999890  0.000075  0.005988  
146.129913 0.008124  0.095740  0.002171  0.990754  0.124964  0.052828  -0.129847  0.986250  0.102229  -0.039327  -0.108143  0.993357  0.003874  0.001736  0.002225  0.283969  -0.028584  -0.072506  2.000000  0.999915  0.012463  0.003916  -0.012520  0.999814  0.014668  -0.003732  -0.014715  0.999885  0.999999  -0.001299  0.000531  0.001296  0.999983  0.005749  -0.000539  -0.005749  0.999983  1.000000  -0.000016  0.000007  0.000016  1.000000  0.000072  -0.000007  -0.000072  1.000000  0.999915  0.012463  0.003916  -0.012520  0.999814  0.014668  -0.003732  -0.014715  0.999885  0.000074  0.005918  
146.130920 0.008131  0.095745  0.002175  0.990749  0.124937  0.052990  -0.129847  0.986227  0.102451  -0.039460  -0.108384  0.993326  0.004216  0.002065  0.002292  0.283640  -0.029280  -0.065621  2.000000  0.999915  0.012418  0.003950  -0.012475  0.999810  0.014952  -0.003764  -0.015000  0.999880  0.999999  -0.000905  0.000709  0.000901  0.999983  0.005733  -0.000714  -0.005733  0.999983  1.000000  -0.000011  0.000009  0.000011  1.000000  0.000072  -0.000009  -0.000072  1.000000  0.999915  0.012418  0.003950  -0.012475  0.999810  0.014952  -0.003764  -0.015000  0.999880  0.000073  0.005847  
146.132159 0.008139  0.095752  0.002180  0.990749  0.124918  0.053036  -0.129847  0.986190  0.102810  -0.039460  -0.108745  0.993286  0.004554  0.002428  0.002462  0.283754  -0.029268  -0.065658  2.000000  0.999916  0.012372  0.003986  -0.012431  0.999807  0.015237  -0.003797  -0.015285  0.999876  0.999999  -0.000891  0.000576  0.000887  0.999983  0.005733  -0.000581  -0.005733  0.999983  1.000000  -0.000011  0.000007  0.000011  1.000000  0.000072  -0.000007  -0.000072  1.000000  0.999916  0.012372  0.003986  -0.012431  0.999807  0.015237  -0.003797  -0.015285  0.999876  0.000073  0.005830  
