1-Time 2-Px 3-Py 4-Pz 5-R11 6-R21 7-R31 8-R12 9-R22 10-R32 11-R13 12-R23 13-R33 14-Vx 15-Vy 16-Vz 17-Wx 18-Wy 19-Wz 20-state 21-PR11 22-PR21 23-PR31 24-PR12 25-PR22 26-PR32 27-PR13 28-PR23 29-PR33 
187.926434 0.010778  0.096633  0.003925  0.995519  0.093092  -0.016624  0.012093  0.049028  0.998724  0.093789  -0.994450  0.047683  -0.001274  0.000296  -0.001432  0.000000  0.000000  0.000000  2.000000  1.000000  0.000000  0.000000  0.000000  -0.000000  1.000000  0.000000  -1.000000  -0.000000  0.999996  0.000137  0.002866  -0.000138  1.000000  0.000270  -0.002866  -0.000271  0.999996  1.000000  0.000000  0.000000  0.000000  1.000000  0.000000  0.000000  0.000000  1.000000  0.654956  0.650605  0.384377  -0.585313  0.115049  0.802604  0.477956  -0.750651  0.456159  0.000000  0.000000  
187.927448 0.010777  0.096633  0.003924  0.995521  0.093102  -0.016418  0.011888  0.049009  0.998728  0.093789  -0.994450  0.047683  -0.001281  0.000321  -0.001442  0.000000  0.000000  0.000000  2.000000  1.000000  0.000000  0.000000  0.000000  -0.000000  1.000000  0.000000  -1.000000  -0.000000  0.999996  0.000137  0.002866  -0.000138  1.000000  0.000270  -0.002866  -0.000271  0.999996  1.000000  0.000000  0.000000  0.000000  1.000000  0.000000  0.000000  0.000000  1.000000  1.000000  0.000000  0.000000  0.000000  -0.000000  1.000000  0.000000  -1.000000  -0.000000  0.000000  0.000000  
187.928694 0.010777  0.096634  0.003923  0.995528  0.093133  -0.015801  0.011273  0.048952  0.998738  0.093789  -0.994450  0.047683  -0.001150  0.000334  -0.001370  0.000000  0.000000  0.000000  2.000000  1.000000  0.000000  0.000000  0.000000  -0.000000  1.000000  0.000000  -1.000000  -0.000000  0.999995  0.000157  0.003276  -0.000158  1.000000  0.000309  -0.003276  -0.000309  0.999995  1.000000  0.000000  0.000000  0.000000  1.000000  0.000000  0.000000  0.000000  1.000000  1.000000  0.000000  0.000000  0.000000  -0.000000  1.000000  0.000000  -1.000000  -0.000000  0.000000  0.000000  
187.929967 0.010779  0.096636  0.003924  0.995539  0.093181  -0.014785  0.010248  0.048977  0.998747  0.093789  -0.994444  0.047804  -0.000964  0.000389  -0.001204  0.014079  -0.192464  0.009240  2.000000  1.000000  0.000000  0.000000  0.000000  -0.000000  1.000000  0.000000  -1.000000  -0.000000  0.999992  0.000196  0.004095  -0.000197  1.000000  0.000264  -0.004095  -0.000265  0.999992  1.000000  0.000000  0.000000  0.000000  1.000000  0.000000  0.000000  0.000000  1.000000  1.000000  0.000000  0.000000  0.000000  -0.000000  1.000000  0.000000  -1.000000  -0.000000  0.000047  0.000000  
187.931194 0.010781  0.096636  0.003925  0.995547  0.093222  -0.013962  0.009428  0.048900  0.998759  0.093789  -0.994444  0.047804  -0.000710  0.000397  -0.001016  0.016037  -0.213252  0.010238  2.000000  1.000000  0.000000  0.000000  0.000000  -0.000000  1.000000  0.000000  -1.000000  -0.000000  0.999989  0.000225  0.004709  -0.000227  1.000000  0.000322  -0.004709  -0.000323  0.999989  1.000000  0.000000  0.000000  0.000000  1.000000  0.000000  0.000000  0.000000  1.000000  1.000000  0.000000  0.000000  0.000000  -0.000000  1.000000  0.000000  -1.000000  -0.000000  0.000052  0.000000  
187.932446 0.010783  0.096637  0.003925  0.995553  0.093252  -0.013345  0.008813  0.048843  0.998768  0.093789  -0.994444  0.047804  -0.000493  0.000397  -0.000860  0.017332  -0.226983  0.010897  2.000000  1.000000  0.000009  0.000194  -0.000194  -0.000014  1.000000  0.000009  -1.000000  -0.000014  0.999986  0.000255  0.005323  -0.000257  1.000000  0.000380  -0.005323  -0.000381  0.999986  1.000000  0.000003  0.000067  -0.000003  1.000000  0.000005  -0.000067  -0.000005  1.000000  1.000000  0.000009  0.000194  -0.000194  -0.000014  1.000000  0.000009  -1.000000  -0.000014  0.000057  0.005343  
187.933690 0.010786  0.096637  0.003926  0.995558  0.093280  -0.012740  0.008198  0.048906  0.998770  0.093789  -0.994438  0.047924  -0.000139  0.000433  -0.000677  0.014569  -0.240985  0.011584  2.000000  1.000000  0.000026  0.000537  -0.000537  -0.000036  1.000000  0.000026  -1.000000  -0.000036  0.999984  0.000275  0.005732  -0.000276  1.000000  0.000297  -0.005732  -0.000299  0.999984  1.000000  0.000003  0.000072  -0.000003  1.000000  0.000004  -0.000072  -0.000004  1.000000  1.000000  0.000026  0.000537  -0.000537  -0.000036  1.000000  0.000026  -1.000000  -0.000036  0.000060  0.005747  
187.934691 0.010789  0.096638  0.003927  0.995551  0.093444  -0.012129  0.007583  0.048849  0.998777  0.093922  -0.994425  0.047924  0.000177  0.000461  -0.000529  0.016521  -0.261199  0.017057  2.000000  1.000000  0.000040  0.000755  -0.000755  -0.000047  1.000000  0.000040  -1.000000  -0.000047  0.999982  0.000418  0.005931  -0.000420  1.000000  0.000317  -0.005931  -0.000319  0.999982  1.000000  0.000005  0.000074  -0.000005  1.000000  0.000004  -0.000074  -0.000004  1.000000  1.000000  0.000040  0.000755  -0.000755  -0.000047  1.000000  0.000040  -1.000000  -0.000047  0.000064  0.005954  
187.935943 0.010793  0.096638  0.003928  0.995544  0.093615  -0.011325  0.006764  0.048895  0.998781  0.094055  -0.994407  0.048044  0.000533  0.000451  -0.000289  0.014414  -0.281669  0.022561  2.000000  0.999999  0.000070  0.001153  -0.001153  -0.000065  0.999999  0.000071  -1.000000  -0.000065  0.999978  0.000582  0.006538  -0.000583  1.000000  0.000253  -0.006538  -0.000257  0.999979  1.000000  0.000007  0.000082  -0.000007  1.000000  0.000003  -0.000082  -0.000003  1.000000  0.999999  0.000070  0.001153  -0.001153  -0.000065  0.999999  0.000071  -1.000000  -0.000065  0.000069  0.006569  
187.937190 0.010796  0.096638  0.003929  0.995537  0.093787  -0.010520  0.005944  0.048939  0.998784  0.094188  -0.994389  0.048164  0.000828  0.000424  -0.000152  0.012308  -0.302111  0.028066  2.000000  0.999999  0.000115  0.001598  -0.001598  -0.000083  0.999999  0.000115  -1.000000  -0.000083  0.999973  0.000755  0.007351  -0.000757  1.000000  0.000209  -0.007351  -0.000214  0.999973  1.000000  0.000009  0.000092  -0.000009  1.000000  0.000003  -0.000092  -0.000003  1.000000  0.999999  0.000115  0.001598  -0.001598  -0.000083  0.999999  0.000115  -1.000000  -0.000083  0.000076  0.007392  
187.938195 0.010799  0.096639  0.003930  0.995529  0.093961  -0.009704  0.005124  0.048863  0.998792  0.094321  -0.994376  0.048163  0.001098  0.000427  0.000006  0.014276  -0.322422  0.033541  2.000000  0.999998  0.000159  0.001980  -0.001980  -0.000095  0.999998  0.000159  -1.000000  -0.000095  0.999968  0.000918  0.007958  -0.000920  1.000000  0.000266  -0.007958  -0.000274  0.999968  1.000000  0.000011  0.000099  -0.000011  1.000000  0.000003  -0.000099  -0.000003  1.000000  0.999998  0.000159  0.001980  -0.001980  -0.000095  0.999998  0.000159  -1.000000  -0.000095  0.000079  0.008016  
187.939441 0.010802  0.096640  0.003930  0.995533  0.094010  -0.008687  0.004099  0.048887  0.998796  0.094321  -0.994370  0.048284  0.001435  0.000511  0.000165  0.012804  -0.349980  0.034893  2.000000  0.999997  0.000206  0.002404  -0.002404  -0.000106  0.999997  0.000206  -1.000000  -0.000106  0.999961  0.000958  0.008777  -0.000960  1.000000  0.000222  -0.008777  -0.000230  0.999961  1.000000  0.000012  0.000110  -0.000012  1.000000  0.000003  -0.000110  -0.000003  1.000000  0.999997  0.000206  0.002404  -0.002404  -0.000106  0.999997  0.000206  -1.000000  -0.000106  0.000086  0.008832  
187.940690 0.010805  0.096642  0.003931  0.995549  0.093916  -0.007870  0.003279  0.048931  0.998797  0.094188  -0.994377  0.048405  0.001772  0.000596  0.000323  0.010657  -0.370868  0.031423  2.000000  0.999996  0.000266  0.002978  -0.002978  -0.000120  0.999996  0.000266  -1.000000  -0.000119  0.999955  0.000855  0.009398  -0.000857  1.000000  0.000158  -0.009398  -0.000166  0.999956  1.000000  0.000011  0.000117  -0.000011  1.000000  0.000002  -0.000117  -0.000002  1.000000  0.999996  0.000266  0.002978  -0.002978  -0.000120  0.999996  0.000266  -1.000000  -0.000119  0.000091  0.009438  
187.941940 0.010808  0.096643  0.003932  0.995539  0.094099  -0.006859  0.002254  0.048955  0.998798  0.094321  -0.994358  0.048525  0.002095  0.000686  0.000515  0.009209  -0.398199  0.037271  2.000000  0.999993  0.000321  0.003599  -0.003599  -0.000129  0.999994  0.000321  -1.000000  -0.000128  0.999947  0.000895  0.010216  -0.000897  1.000000  0.000114  -0.010216  -0.000123  0.999948  1.000000  0.000011  0.000128  -0.000011  1.000000  0.000001  -0.000128  -0.000001  1.000000  0.999993  0.000321  0.003599  -0.003599  -0.000129  0.999994  0.000321  -1.000000  -0.000128  0.000098  0.010257  
187.942941 0.010811  0.096645  0.003933  0.995541  0.094138  -0.006060  0.001435  0.049120  0.998792  0.094321  -0.994347  0.048766  0.002332  0.000788  0.000624  0.003007  -0.418768  0.038314  2.000000  0.999992  0.000360  0.004002  -0.004002  -0.000133  0.999992  0.000361  -1.000000  -0.000131  0.999939  0.001070  0.011029  -0.001070  0.999999  0.000069  -0.011029  -0.000081  0.999939  1.000000  0.000013  0.000138  -0.000013  1.000000  0.000001  -0.000138  -0.000001  1.000000  0.999992  0.000360  0.004002  -0.004002  -0.000133  0.999992  0.000361  -1.000000  -0.000131  0.000103  0.011081  
187.944190 0.010815  0.096649  0.003935  0.995542  0.094187  -0.005054  0.000410  0.049265  0.998786  0.094321  -0.994335  0.049007  0.002465  0.000898  0.000706  -0.002542  -0.446400  0.039713  2.000000  0.999989  0.000429  0.004719  -0.004719  -0.000130  0.999989  0.000429  -1.000000  -0.000128  0.999929  0.001112  0.011847  -0.001111  0.999999  -0.000096  -0.011847  0.000083  0.999930  1.000000  0.000014  0.000148  -0.000014  1.000000  -0.000001  -0.000148  0.000001  1.000000  0.999989  0.000429  0.004719  -0.004719  -0.000130  0.999989  0.000429  -1.000000  -0.000128  0.000110  0.011900  
187.945193 0.010818  0.096651  0.003936  0.995542  0.094217  -0.004449  -0.000205  0.049328  0.998783  0.094321  -0.994329  0.049128  0.002553  0.000989  0.000774  -0.004665  -0.466881  0.040731  2.000000  0.999986  0.000485  0.005325  -0.005324  -0.000119  0.999986  0.000485  -1.000000  -0.000116  0.999924  0.001134  0.012256  -0.001131  0.999999  -0.000301  -0.012257  0.000287  0.999925  1.000000  0.000014  0.000153  -0.000014  1.000000  -0.000004  -0.000153  0.000004  1.000000  0.999986  0.000485  0.005325  -0.005324  -0.000119  0.999986  0.000485  -1.000000  -0.000116  0.000115  0.012313  
187.946194 0.010820  0.096653  0.003937  0.995541  0.094246  -0.003855  -0.000820  0.049513  0.998773  0.094321  -0.994317  0.049369  0.002654  0.001113  0.000776  -0.011515  -0.480639  0.041460  2.000000  0.999982  0.000543  0.005958  -0.005958  -0.000104  0.999982  0.000543  -1.000000  -0.000100  0.999916  0.001165  0.012870  -0.001161  0.999999  -0.000364  -0.012871  0.000349  0.999917  1.000000  0.000015  0.000161  -0.000015  1.000000  -0.000004  -0.000161  0.000004  1.000000  0.999982  0.000543  0.005958  -0.005958  -0.000104  0.999982  0.000543  -1.000000  -0.000100  0.000119  0.012928  
187.947446 0.010823  0.096655  0.003937  0.995540  0.094286  -0.003055  -0.001640  0.049677  0.998764  0.094321  -0.994305  0.049610  0.002705  0.001205  0.000786  -0.017713  -0.501213  0.042523  2.000000  0.999977  0.000617  0.006785  -0.006785  -0.000070  0.999977  0.000617  -1.000000  -0.000066  0.999908  0.001200  0.013484  -0.001191  0.999999  -0.000671  -0.013485  0.000655  0.999909  1.000000  0.000015  0.000169  -0.000015  1.000000  -0.000008  -0.000169  0.000008  1.000000  0.999977  0.000617  0.006785  -0.006785  -0.000070  0.999977  0.000617  -1.000000  -0.000066  0.000124  0.013554  
187.948695 0.010826  0.096656  0.003937  0.995539  0.094327  -0.002256  -0.002459  0.049842  0.998754  0.094321  -0.994293  0.049851  0.002641  0.001263  0.000760  -0.023912  -0.521855  0.043597  2.000000  0.999970  0.000693  0.007656  -0.007656  -0.000024  0.999971  0.000693  -1.000000  -0.000019  0.999900  0.001233  0.014098  -0.001221  0.999999  -0.000856  -0.014099  0.000839  0.999900  1.000000  0.000015  0.000176  -0.000015  1.000000  -0.000011  -0.000176  0.000011  1.000000  0.999970  0.000693  0.007656  -0.007656  -0.000024  0.999971  0.000693  -1.000000  -0.000019  0.000131  0.014178  
187.949944 0.010829  0.096656  0.003937  0.995536  0.094367  -0.001468  -0.003279  0.050128  0.998737  0.094321  -0.994275  0.050213  0.002582  0.001212  0.000670  -0.034187  -0.542492  0.044708  2.000000  0.999963  0.000770  0.008537  -0.008537  0.000035  0.999964  0.000770  -1.000000  0.000042  0.999900  0.001237  0.014098  -0.001223  0.999999  -0.000977  -0.014099  0.000960  0.999900  1.000000  0.000015  0.000176  -0.000015  1.000000  -0.000012  -0.000176  0.000012  1.000000  0.999963  0.000770  0.008537  -0.008537  0.000035  0.999964  0.000770  -1.000000  0.000042  0.000136  0.014185  
187.951195 0.010831  0.096656  0.003937  0.995533  0.094408  -0.000668  -0.004099  0.050292  0.998726  0.094321  -0.994262  0.050454  0.002527  0.001255  0.000612  -0.040389  -0.563167  0.045796  2.000000  0.999957  0.000832  0.009237  -0.009237  0.000093  0.999957  0.000831  -1.000000  0.000101  0.999903  0.001230  0.013893  -0.001213  0.999998  -0.001239  -0.013894  0.001222  0.999903  1.000000  0.000015  0.000174  -0.000015  1.000000  -0.000015  -0.000174  0.000015  1.000000  0.999957  0.000832  0.009237  -0.009237  0.000093  0.999957  0.000831  -1.000000  0.000101  0.000140  0.014002  
187.952440 0.010833  0.096656  0.003936  0.995517  0.094583  0.000125  -0.004919  0.050456  0.998714  0.094455  -0.994238  0.050695  0.002407  0.001178  0.000465  -0.046556  -0.583654  0.051382  2.000000  0.999948  0.000916  0.010107  -0.010108  0.000181  0.999949  0.000914  -1.000000  0.000190  0.999903  0.001367  0.013886  -0.001347  0.999998  -0.001482  -0.013888  0.001463  0.999902  1.000000  0.000017  0.000174  -0.000017  1.000000  -0.000018  -0.000174  0.000018  1.000000  0.999948  0.000916  0.010107  -0.010108  0.000181  0.999949  0.000914  -1.000000  0.000190  0.000147  0.014031  
187.953440 0.010835  0.096655  0.003935  0.995514  0.094614  0.000719  -0.005534  0.050640  0.998702  0.094455  -0.994225  0.050936  0.002349  0.001090  0.000304  -0.052750  -0.604231  0.052472  2.000000  0.999941  0.000985  0.010804  -0.010805  0.000263  0.999942  0.000982  -0.999999  0.000273  0.999900  0.001381  0.014090  -0.001357  0.999998  -0.001705  -0.014092  0.001686  0.999899  1.000000  0.000017  0.000176  -0.000017  1.000000  -0.000021  -0.000176  0.000021  1.000000  0.999941  0.000985  0.010804  -0.010805  0.000263  0.999942  0.000982  -0.999999  0.000273  0.000150  0.014259  
187.954691 0.010836  0.096654  0.003931  0.995510  0.094645  0.001312  -0.006148  0.050824  0.998689  0.094455  -0.994213  0.051177  0.002228  0.000877  0.000069  -0.059599  -0.617981  0.053229  2.000000  0.999931  0.001072  0.011685  -0.011685  0.000374  0.999932  0.001068  -0.999999  0.000386  0.999897  0.001394  0.014294  -0.001368  0.999997  -0.001807  -0.014297  0.001787  0.999896  1.000000  0.000017  0.000179  -0.000017  1.000000  -0.000022  -0.000179  0.000022  1.000000  0.999931  0.001072  0.011685  -0.011685  0.000374  0.999932  0.001068  -0.999999  0.000386  0.000156  0.014475  
187.955692 0.010837  0.096652  0.003928  0.995506  0.094677  0.001906  -0.006763  0.051008  0.998675  0.094455  -0.994200  0.051419  0.002154  0.000663  -0.000186  -0.066447  -0.631713  0.053988  2.000000  0.999923  0.001135  0.012387  -0.012388  0.000473  0.999923  0.001129  -0.999999  0.000487  0.999903  0.001243  0.013891  -0.001215  0.999997  -0.002086  -0.013894  0.002069  0.999901  1.000000  0.000015  0.000174  -0.000015  1.000000  -0.000026  -0.000174  0.000026  1.000000  0.999923  0.001135  0.012387  -0.012388  0.000473  0.999923  0.001129  -0.999999  0.000487  0.000159  0.014101  
187.956941 0.010838  0.096649  0.003923  0.995502  0.094709  0.002500  -0.007378  0.051191  0.998662  0.094455  -0.994188  0.051660  0.001977  0.000332  -0.000623  -0.072668  -0.652550  0.055113  2.000000  0.999911  0.001206  0.013261  -0.013261  0.000604  0.999912  0.001198  -0.999999  0.000620  0.999903  0.000980  0.013904  -0.000949  0.999997  -0.002204  -0.013907  0.002190  0.999901  1.000000  0.000012  0.000174  -0.000012  1.000000  -0.000027  -0.000174  0.000027  1.000000  0.999911  0.001206  0.013261  -0.013261  0.000604  0.999912  0.001198  -0.999999  0.000620  0.000163  0.014111  
187.957942 0.010839  0.096648  0.003919  0.995497  0.094742  0.003094  -0.007993  0.051375  0.998647  0.094455  -0.994175  0.051901  0.001813  0.000107  -0.000982  -0.080171  -0.659427  0.055537  2.000000  0.999902  0.001255  0.013945  -0.013946  0.000721  0.999902  0.001245  -0.999999  0.000738  0.999906  0.000973  0.013700  -0.000940  0.999997  -0.002344  -0.013702  0.002331  0.999903  1.000000  0.000012  0.000171  -0.000012  1.000000  -0.000029  -0.000171  0.000029  1.000000  0.999902  0.001255  0.013945  -0.013946  0.000721  0.999902  0.001245  -0.999999  0.000738  0.000165  0.013932  
187.958942 0.010839  0.096646  0.003914  0.995494  0.094763  0.003494  -0.008403  0.051457  0.998640  0.094455  -0.994169  0.052022  0.001639  -0.000179  -0.001430  -0.084199  -0.647158  0.054776  2.000000  0.999895  0.001287  0.014459  -0.014460  0.000814  0.999895  0.001275  -0.999999  0.000832  0.999906  0.000842  0.013706  -0.000807  0.999996  -0.002585  -0.013708  0.002574  0.999903  1.000000  0.000010  0.000171  -0.000010  1.000000  -0.000032  -0.000171  0.000032  1.000000  0.999895  0.001287  0.014459  -0.014460  0.000814  0.999895  0.001275  -0.999999  0.000832  0.000165  0.013973  
187.960191 0.010841  0.096644  0.003906  0.995488  0.094797  0.004076  -0.009018  0.051762  0.998619  0.094455  -0.994150  0.052383  0.001551  -0.000473  -0.001974  -0.093583  -0.633529  0.054248  2.000000  0.999882  0.001340  0.015285  -0.015286  0.000980  0.999883  0.001325  -0.999999  0.001001  0.999914  0.000814  0.013092  -0.000778  0.999996  -0.002764  -0.013094  0.002754  0.999910  1.000000  0.000010  0.000164  -0.000010  1.000000  -0.000034  -0.000164  0.000034  1.000000  0.999882  0.001340  0.015285  -0.015286  0.000980  0.999883  0.001325  -0.999999  0.001001  0.000162  0.013405  
187.961437 0.010842  0.096641  0.003898  0.995483  0.094830  0.004670  -0.009633  0.051946  0.998603  0.094455  -0.994137  0.052625  0.001395  -0.000798  -0.002534  -0.102331  -0.626786  0.053988  2.000000  0.999870  0.001395  0.016090  -0.016092  0.001162  0.999870  0.001376  -0.999998  0.001185  0.999919  0.000931  0.012675  -0.000893  0.999995  -0.003047  -0.012678  0.003036  0.999915  1.000000  0.000011  0.000158  -0.000011  1.000000  -0.000038  -0.000158  0.000038  1.000000  0.999870  0.001395  0.016090  -0.016092  0.001162  0.999870  0.001376  -0.999998  0.001185  0.000159  0.013069  
187.962444 0.010843  0.096640  0.003892  0.995479  0.094852  0.005058  -0.010042  0.052149  0.998589  0.094455  -0.994125  0.052866  0.001332  -0.000972  -0.002983  -0.110396  -0.626650  0.054053  2.000000  0.999859  0.001443  0.016713  -0.016715  0.001316  0.999859  0.001421  -0.999998  0.001340  0.999924  0.000913  0.012266  -0.000874  0.999994  -0.003207  -0.012269  0.003196  0.999920  1.000000  0.000011  0.000153  -0.000011  1.000000  -0.000040  -0.000153  0.000040  1.000000  0.999859  0.001443  0.016713  -0.016715  0.001316  0.999859  0.001421  -0.999998  0.001340  0.000159  0.012710  
187.963698 0.010845  0.096638  0.003885  0.995474  0.094876  0.005434  -0.010452  0.052473  0.998568  0.094455  -0.994105  0.053227  0.001207  -0.001198  -0.003515  -0.121762  -0.623598  0.049887  2.000000  0.999847  0.001492  0.017449  -0.017452  0.001518  0.999847  0.001466  -0.999998  0.001544  0.999934  0.000740  0.011454  -0.000702  0.999994  -0.003283  -0.011456  0.003274  0.999929  1.000000  0.000009  0.000143  -0.000009  1.000000  -0.000041  -0.000143  0.000041  1.000000  0.999847  0.001492  0.017449  -0.017452  0.001518  0.999847  0.001466  -0.999998  0.001544  0.000157  0.011937  
187.964944 0.010846  0.096637  0.003879  0.995483  0.094766  0.005818  -0.010862  0.052799  0.998546  0.094321  -0.994098  0.053590  0.001131  -0.001293  -0.003864  -0.132551  -0.606609  0.044365  2.000000  0.999834  0.001536  0.018152  -0.018155  0.001731  0.999834  0.001504  -0.999997  0.001759  0.999936  0.000599  0.011256  -0.000561  0.999994  -0.003423  -0.011258  0.003417  0.999931  1.000000  0.000007  0.000141  -0.000007  1.000000  -0.000043  -0.000141  0.000043  1.000000  0.999834  0.001536  0.018152  -0.018155  0.001731  0.999834  0.001504  -0.999997  0.001759  0.000157  0.011780  
187.966194 0.010847  0.096635  0.003873  0.995478  0.094790  0.006195  -0.011272  0.053123  0.998524  0.094321  -0.994079  0.053952  0.001076  -0.001408  -0.004271  -0.141857  -0.593429  0.034905  2.000000  0.999824  0.001567  0.018699  -0.018702  0.001911  0.999823  0.001531  -0.999997  0.001940  0.999941  0.000582  0.010847  -0.000542  0.999993  -0.003704  -0.010849  0.003698  0.999934  1.000000  0.000007  0.000136  -0.000007  1.000000  -0.000046  -0.000136  0.000046  1.000000  0.999824  0.001567  0.018699  -0.018702  0.001911  0.999823  0.001531  -0.999997  0.001940  0.000154  0.011476  
187.967444 0.010849  0.096634  0.003867  0.995486  0.094681  0.006590  -0.011682  0.053328  0.998509  0.094188  -0.994078  0.054193  0.001067  -0.001478  -0.004647  -0.149050  -0.578098  0.025255  2.000000  0.999811  0.001601  0.019364  -0.019368  0.002143  0.999810  0.001560  -0.999996  0.002173  0.999945  0.000430  0.010444  -0.000391  0.999993  -0.003743  -0.010446  0.003739  0.999938  1.000000  0.000005  0.000131  -0.000005  1.000000  -0.000047  -0.000131  0.000047  1.000000  0.999811  0.001601  0.019364  -0.019368  0.002143  0.999810  0.001560  -0.999996  0.002173  0.000151  0.011103  
187.968693 0.010850  0.096632  0.003861  0.995481  0.094705  0.006967  -0.012092  0.053652  0.998486  0.094188  -0.994059  0.054555  0.000991  -0.001572  -0.004902  -0.157218  -0.559741  0.024483  2.000000  0.999799  0.001631  0.019999  -0.020003  0.002379  0.999797  0.001583  -0.999996  0.002411  0.999952  0.000401  0.009830  -0.000362  0.999992  -0.003922  -0.009832  0.003918  0.999944  1.000000  0.000005  0.000123  -0.000005  1.000000  -0.000049  -0.000123  0.000049  1.000000  0.999799  0.001631  0.019999  -0.020003  0.002379  0.999797  0.001583  -0.999996  0.002411  0.000145  0.010591  
187.969695 0.010851  0.096631  0.003857  0.995466  0.094851  0.007142  -0.012297  0.053874  0.998472  0.094321  -0.994033  0.054796  0.001002  -0.001529  -0.004982  -0.168575  -0.543434  0.028172  2.000000  0.999789  0.001655  0.020482  -0.020486  0.002575  0.999787  0.001602  -0.999995  0.002609  0.999954  0.000526  0.009618  -0.000488  0.999992  -0.003942  -0.009620  0.003937  0.999946  1.000000  0.000006  0.000120  -0.000006  1.000000  -0.000049  -0.000120  0.000049  1.000000  0.999789  0.001655  0.020482  -0.020486  0.002575  0.999787  0.001602  -0.999995  0.002609  0.000142  0.010407  
187.970941 0.010853  0.096630  0.003851  0.995463  0.094865  0.007313  -0.012502  0.054217  0.998451  0.094321  -0.994013  0.055157  0.001051  -0.001437  -0.005097  -0.175321  -0.515749  0.031397  2.000000  0.999777  0.001691  0.021055  -0.021060  0.002827  0.999774  0.001631  -0.999995  0.002862  0.999961  0.000485  0.008800  -0.000448  0.999991  -0.004140  -0.008801  0.004136  0.999953  1.000000  0.000006  0.000110  -0.000006  1.000000  -0.000052  -0.000110  0.000052  1.000000  0.999777  0.001691  0.021055  -0.021060  0.002827  0.999774  0.001631  -0.999995  0.002862  0.000138  0.009736  
187.971943 0.010855  0.096629  0.003847  0.995458  0.094890  0.007690  -0.012912  0.054542  0.998428  0.094321  -0.993993  0.055519  0.001102  -0.001350  -0.005062  -0.186991  -0.499588  0.026172  2.000000  0.999768  0.001716  0.021484  -0.021489  0.003033  0.999764  0.001651  -0.999994  0.003069  0.999965  0.000331  0.008397  -0.000296  0.999991  -0.004178  -0.008399  0.004175  0.999956  1.000000  0.000004  0.000105  -0.000004  1.000000  -0.000052  -0.000105  0.000052  1.000000  0.999768  0.001716  0.021484  -0.021489  0.003033  0.999764  0.001651  -0.999994  0.003069  0.000134  0.009385  
187.973190 0.010858  0.096628  0.003841  0.995455  0.094904  0.007861  -0.013117  0.054885  0.998407  0.094321  -0.993972  0.055881  0.001268  -0.001241  -0.005071  -0.195517  -0.474702  0.024984  2.000000  0.999756  0.001741  0.022001  -0.022007  0.003298  0.999752  0.001668  -0.999993  0.003336  0.999966  0.000322  0.008193  -0.000287  0.999991  -0.004318  -0.008194  0.004316  0.999957  1.000000  0.000004  0.000102  -0.000004  1.000000  -0.000054  -0.000102  0.000054  1.000000  0.999756  0.001741  0.022001  -0.022007  0.003298  0.999752  0.001668  -0.999993  0.003336  0.000130  0.009266  
187.974191 0.010860  0.096628  0.003836  0.995450  0.094930  0.008237  -0.013526  0.055210  0.998383  0.094321  -0.993952  0.056242  0.001343  -0.001183  -0.005057  -0.200280  -0.467892  0.024768  2.000000  0.999750  0.001756  0.022300  -0.022306  0.003464  0.999745  0.001678  -0.999992  0.003502  0.999968  0.000314  0.007988  -0.000278  0.999990  -0.004459  -0.007989  0.004457  0.999958  1.000000  0.000004  0.000100  -0.000004  1.000000  -0.000056  -0.000100  0.000056  1.000000  0.999750  0.001756  0.022300  -0.022306  0.003464  0.999745  0.001678  -0.999992  0.003502  0.000128  0.009153  
187.975441 0.010864  0.096628  0.003830  0.995444  0.094956  0.008614  -0.013936  0.055534  0.998360  0.094321  -0.993931  0.056604  0.001513  -0.001025  -0.004959  -0.208003  -0.450361  0.023949  2.000000  0.999739  0.001780  0.022783  -0.022790  0.003752  0.999733  0.001694  -0.999991  0.003792  0.999971  0.000294  0.007579  -0.000259  0.999989  -0.004619  -0.007580  0.004617  0.999961  1.000000  0.000003  0.000095  -0.000003  1.000000  -0.000058  -0.000095  0.000058  1.000000  0.999739  0.001780  0.022783  -0.022790  0.003752  0.999733  0.001694  -0.999991  0.003792  0.000124  0.008880  
187.976691 0.010868  0.096628  0.003823  0.995438  0.094983  0.008979  -0.014346  0.055979  0.998329  0.094321  -0.993904  0.057086  0.001698  -0.000906  -0.004898  -0.213298  -0.436615  0.023404  2.000000  0.999728  0.001804  0.023246  -0.023253  0.004052  0.999721  0.001709  -0.999990  0.004093  0.999974  0.000274  0.007169  -0.000239  0.999988  -0.004900  -0.007171  0.004899  0.999962  1.000000  0.000003  0.000090  -0.000003  1.000000  -0.000061  -0.000090  0.000061  1.000000  0.999728  0.001804  0.023246  -0.023253  0.004052  0.999721  0.001709  -0.999990  0.004093  0.000122  0.008688  
187.977941 0.010873  0.096629  0.003818  0.995432  0.095009  0.009355  -0.014756  0.056303  0.998305  0.094321  -0.993883  0.057448  0.001964  -0.000672  -0.004782  -0.221152  -0.419687  0.022624  2.000000  0.999718  0.001828  0.023694  -0.023701  0.004364  0.999710  0.001724  -0.999989  0.004406  0.999976  0.000265  0.006965  -0.000230  0.999987  -0.005041  -0.006966  0.005039  0.999963  1.000000  0.000003  0.000087  -0.000003  1.000000  -0.000063  -0.000087  0.000063  1.000000  0.999718  0.001828  0.023694  -0.023701  0.004364  0.999710  0.001724  -0.999989  0.004406  0.000119  0.008601  
187.978945 0.010877  0.096630  0.003813  0.995429  0.095023  0.009538  -0.014961  0.056526  0.998289  0.094321  -0.993869  0.057689  0.002141  -0.000529  -0.004733  -0.222397  -0.405811  0.021975  2.000000  0.999709  0.001846  0.024039  -0.024047  0.004619  0.999700  0.001734  -0.999988  0.004662  0.999977  0.000256  0.006760  -0.000221  0.999987  -0.005182  -0.006761  0.005180  0.999964  1.000000  0.000003  0.000085  -0.000003  1.000000  -0.000065  -0.000085  0.000065  1.000000  0.999709  0.001846  0.024039  -0.024047  0.004619  0.999700  0.001734  -0.999988  0.004662  0.000118  0.008521  
187.980194 0.010882  0.096631  0.003808  0.995423  0.095050  0.009914  -0.015371  0.056850  0.998264  0.094321  -0.993848  0.058051  0.002411  -0.000372  -0.004640  -0.228115  -0.392626  0.021381  2.000000  0.999699  0.001868  0.024453  -0.024462  0.004941  0.999689  0.001747  -0.999986  0.004986  0.999978  0.000247  0.006555  -0.000213  0.999986  -0.005201  -0.006556  0.005200  0.999965  1.000000  0.000003  0.000082  -0.000003  1.000000  -0.000065  -0.000082  0.000065  1.000000  0.999699  0.001868  0.024453  -0.024462  0.004941  0.999689  0.001747  -0.999986  0.004986  0.000115  0.008371  
187.981452 0.010887  0.096631  0.003803  0.995413  0.095089  0.010496  -0.015986  0.057155  0.998237  0.094321  -0.993827  0.058412  0.002676  -0.000258  -0.004627  -0.228364  -0.385335  0.016622  2.000000  0.999689  0.001890  0.024854  -0.024864  0.005268  0.999677  0.001759  -0.999984  0.005314  0.999980  0.000237  0.006350  -0.000203  0.999986  -0.005342  -0.006352  0.005340  0.999966  1.000000  0.000003  0.000079  -0.000003  1.000000  -0.000067  -0.000079  0.000067  1.000000  0.999689  0.001890  0.024854  -0.024864  0.005268  0.999677  0.001759  -0.999984  0.005314  0.000113  0.008301  
187.982691 0.010893  0.096631  0.003797  0.995394  0.095249  0.010865  -0.016395  0.057476  0.998212  0.094455  -0.993793  0.058773  0.002902  -0.000142  -0.004556  -0.234635  -0.382062  0.021038  2.000000  0.999681  0.001910  0.025181  -0.025192  0.005532  0.999667  0.001770  -0.999983  0.005579  0.999978  0.000384  0.006547  -0.000350  0.999986  -0.005322  -0.006549  0.005320  0.999964  1.000000  0.000005  0.000082  -0.000005  1.000000  -0.000067  -0.000082  0.000067  1.000000  0.999681  0.001910  0.025181  -0.025192  0.005532  0.999667  0.001770  -0.999983  0.005579  0.000113  0.008446  
187.983944 0.010897  0.096631  0.003793  0.995384  0.095289  0.011446  -0.017010  0.057781  0.998184  0.094455  -0.993771  0.059135  0.003096  -0.000048  -0.004485  -0.239480  -0.375472  0.020789  2.000000  0.999671  0.001942  0.025592  -0.025603  0.005867  0.999655  0.001791  -0.999981  0.005915  0.999978  0.000387  0.006547  -0.000352  0.999986  -0.005322  -0.006549  0.005320  0.999964  1.000000  0.000005  0.000082  -0.000005  1.000000  -0.000067  -0.000082  0.000067  1.000000  0.999671  0.001942  0.025592  -0.025603  0.005867  0.999655  0.001791  -0.999981  0.005915  0.000111  0.008446  
187.985196 0.010902  0.096632  0.003790  0.995373  0.095329  0.012028  -0.017625  0.058085  0.998156  0.094455  -0.993750  0.059497  0.003340  0.000067  -0.004353  -0.241893  -0.371346  0.020696  2.000000  0.999660  0.001978  0.026011  -0.026023  0.006204  0.999642  0.001816  -0.999979  0.006253  0.999977  0.000536  0.006743  -0.000499  0.999985  -0.005425  -0.006746  0.005422  0.999963  1.000000  0.000006  0.000084  -0.000006  1.000000  -0.000068  -0.000084  0.000068  1.000000  0.999660  0.001978  0.026011  -0.026023  0.006204  0.999642  0.001816  -0.999979  0.006253  0.000111  0.008670  
187.986450 0.010907  0.096632  0.003787  0.995366  0.095359  0.012393  -0.018035  0.058530  0.998123  0.094455  -0.993721  0.059979  0.003535  0.000202  -0.004188  -0.251314  -0.357530  0.020057  2.000000  0.999649  0.002019  0.026432  -0.026444  0.006542  0.999629  0.001846  -0.999977  0.006593  0.999977  0.000538  0.006743  -0.000501  0.999985  -0.005425  -0.006746  0.005422  0.999963  1.000000  0.000006  0.000084  -0.000006  1.000000  -0.000068  -0.000084  0.000068  1.000000  0.999649  0.002019  0.026432  -0.026444  0.006542  0.999629  0.001846  -0.999977  0.006593  0.000111  0.008670  
187.987691 0.010911  0.096634  0.003785  0.995342  0.095533  0.012967  -0.018649  0.058832  0.998094  0.094588  -0.993686  0.060340  0.003675  0.000357  -0.003898  -0.251399  -0.357422  0.024686  2.000000  0.999637  0.002066  0.026857  -0.026871  0.006882  0.999615  0.001881  -0.999974  0.006935  0.999976  0.000687  0.006940  -0.000649  0.999985  -0.005528  -0.006943  0.005524  0.999961  1.000000  0.000008  0.000087  -0.000008  1.000000  -0.000069  -0.000087  0.000069  1.000000  0.999637  0.002066  0.026857  -0.026871  0.006882  0.999615  0.001881  -0.999974  0.006935  0.000111  0.008898  
187.988941 0.010916  0.096635  0.003784  0.995330  0.095576  0.013537  -0.019264  0.059257  0.998057  0.094588  -0.993657  0.060822  0.003798  0.000515  -0.003572  -0.260779  -0.361248  0.024974  2.000000  0.999625  0.002126  0.027297  -0.027312  0.007228  0.999601  0.001928  -0.999972  0.007284  0.999974  0.000836  0.007136  -0.000796  0.999985  -0.005509  -0.007140  0.005503  0.999959  1.000000  0.000010  0.000089  -0.000010  1.000000  -0.000069  -0.000089  0.000069  1.000000  0.999625  0.002126  0.027297  -0.027312  0.007228  0.999601  0.001928  -0.999972  0.007284  0.000110  0.009052  
187.990192 0.010920  0.096637  0.003782  0.995318  0.095619  0.014107  -0.019879  0.059682  0.998019  0.094588  -0.993627  0.061304  0.003823  0.000646  -0.003238  -0.267766  -0.357481  0.024951  2.000000  0.999613  0.002184  0.027748  -0.027764  0.007581  0.999586  0.001973  -0.999969  0.007639  0.999973  0.000718  0.007348  -0.000676  0.999983  -0.005731  -0.007352  0.005726  0.999957  1.000000  0.000009  0.000092  -0.000009  1.000000  -0.000072  -0.000092  0.000072  1.000000  0.999613  0.002184  0.027748  -0.027764  0.007581  0.999586  0.001973  -0.999969  0.007639  0.000111  0.009345  
187.991440 0.010925  0.096639  0.003781  0.995310  0.095651  0.014471  -0.020288  0.060127  0.997985  0.094588  -0.993597  0.061786  0.003856  0.000752  -0.002893  -0.271825  -0.357445  0.025101  2.000000  0.999602  0.002228  0.028127  -0.028144  0.007870  0.999573  0.002005  -0.999967  0.007929  0.999970  0.000747  0.007757  -0.000702  0.999983  -0.005814  -0.007761  0.005808  0.999953  1.000000  0.000009  0.000097  -0.000009  1.000000  -0.000073  -0.000097  0.000073  1.000000  0.999602  0.002228  0.028127  -0.028144  0.007870  0.999573  0.002005  -0.999967  0.007929  0.000113  0.009721  
187.992442 0.010928  0.096640  0.003779  0.995301  0.095681  0.014847  -0.020698  0.060451  0.997957  0.094588  -0.993575  0.062147  0.003811  0.000806  -0.002705  -0.277622  -0.354428  0.024976  2.000000  0.999591  0.002273  0.028517  -0.028535  0.008164  0.999559  0.002039  -0.999964  0.008225  0.999968  0.000762  0.007961  -0.000715  0.999982  -0.005916  -0.007965  0.005910  0.999951  1.000000  0.000009  0.000100  -0.000009  1.000000  -0.000074  -0.000100  0.000074  1.000000  0.999591  0.002273  0.028517  -0.028535  0.008164  0.999559  0.002039  -0.999964  0.008225  0.000113  0.009946  
187.993690 0.010932  0.096642  0.003777  0.995288  0.095726  0.015417  -0.021313  0.060876  0.997918  0.094588  -0.993545  0.062630  0.003766  0.000823  -0.002463  -0.281065  -0.361300  0.025528  2.000000  0.999576  0.002330  0.029016  -0.029035  0.008536  0.999542  0.002081  -0.999961  0.008600  0.999966  0.000779  0.008165  -0.000730  0.999982  -0.006018  -0.008170  0.006012  0.999949  1.000000  0.000009  0.000102  -0.000009  1.000000  -0.000075  -0.000102  0.000075  1.000000  0.999576  0.002330  0.029016  -0.029035  0.008536  0.999542  0.002081  -0.999961  0.008600  0.000116  0.010171  
187.994696 0.010935  0.096643  0.003776  0.995279  0.095757  0.015793  -0.021723  0.061200  0.997889  0.094588  -0.993522  0.062991  0.003669  0.000867  -0.002276  -0.283358  -0.363946  0.030356  2.000000  0.999564  0.002376  0.029421  -0.029441  0.008834  0.999527  0.002115  -0.999958  0.008900  0.999966  0.000782  0.008165  -0.000733  0.999982  -0.005896  -0.008169  0.005890  0.999949  1.000000  0.000009  0.000102  -0.000009  1.000000  -0.000074  -0.000102  0.000074  1.000000  0.999564  0.002376  0.029421  -0.029441  0.008834  0.999527  0.002115  -0.999958  0.008900  0.000116  0.010100  
187.995940 0.010939  0.096645  0.003773  0.995266  0.095802  0.016363  -0.022337  0.061625  0.997849  0.094588  -0.993491  0.063473  0.003543  0.000895  -0.002123  -0.288468  -0.367764  0.030641  2.000000  0.999549  0.002435  0.029938  -0.029959  0.009209  0.999509  0.002158  -0.999955  0.009278  0.999965  0.000798  0.008369  -0.000748  0.999982  -0.005998  -0.008374  0.005992  0.999947  1.000000  0.000010  0.000105  -0.000010  1.000000  -0.000075  -0.000105  0.000075  1.000000  0.999549  0.002435  0.029938  -0.029959  0.009209  0.999509  0.002158  -0.999955  0.009278  0.000118  0.010326  
187.996940 0.010941  0.096645  0.003771  0.995252  0.095846  0.016945  -0.022952  0.061929  0.997817  0.094588  -0.993468  0.063835  0.003432  0.000912  -0.001996  -0.291256  -0.381154  0.036016  2.000000  0.999539  0.002471  0.030254  -0.030276  0.009437  0.999497  0.002185  -0.999952  0.009508  0.999963  0.000815  0.008573  -0.000762  0.999980  -0.006222  -0.008578  0.006215  0.999944  1.000000  0.000010  0.000107  -0.000010  1.000000  -0.000078  -0.000107  0.000078  1.000000  0.999539  0.002471  0.030254  -0.030276  0.009437  0.999497  0.002185  -0.999952  0.009508  0.000120  0.010623  
187.998199 0.010944  0.096646  0.003769  0.995250  0.095760  0.017523  -0.023567  0.062357  0.997776  0.094455  -0.993449  0.064317  0.003306  0.000987  -0.001781  -0.292954  -0.391325  0.032413  2.000000  0.999522  0.002526  0.030797  -0.030820  0.009821  0.999477  0.002223  -0.999949  0.009894  0.999961  0.000699  0.008786  -0.000645  0.999981  -0.006202  -0.008790  0.006197  0.999942  1.000000  0.000008  0.000110  -0.000008  1.000000  -0.000077  -0.000110  0.000077  1.000000  0.999522  0.002526  0.030797  -0.030820  0.009821  0.999477  0.002223  -0.999949  0.009894  0.000122  0.010776  
187.999444 0.010946  0.096646  0.003766  0.995235  0.095808  0.018093  -0.024182  0.062782  0.997734  0.094455  -0.993418  0.064799  0.003164  0.000973  -0.001676  -0.300534  -0.398597  0.028491  2.000000  0.999508  0.002570  0.031245  -0.031270  0.010133  0.999460  0.002252  -0.999945  0.010209  0.999959  0.000716  0.008990  -0.000659  0.999980  -0.006304  -0.008995  0.006298  0.999940  1.000000  0.000009  0.000112  -0.000009  1.000000  -0.000079  -0.000112  0.000079  1.000000  0.999508  0.002570  0.031245  -0.031270  0.010133  0.999460  0.002252  -0.999945  0.010209  0.000123  0.011002  
188.000445 0.010948  0.096646  0.003764  0.995225  0.095840  0.018469  -0.024592  0.063105  0.997704  0.094455  -0.993394  0.065161  0.003010  0.000943  -0.001671  -0.301434  -0.402099  0.028787  2.000000  0.999494  0.002615  0.031704  -0.031730  0.010447  0.999442  0.002283  -0.999942  0.010525  0.999957  0.000732  0.009195  -0.000674  0.999980  -0.006285  -0.009199  0.006279  0.999938  1.000000  0.000009  0.000115  -0.000009  1.000000  -0.000079  -0.000115  0.000079  1.000000  0.999494  0.002615  0.031704  -0.031730  0.010447  0.999442  0.002283  -0.999942  0.010525  0.000124  0.011160  
188.001445 0.010950  0.096645  0.003762  0.995215  0.095873  0.018844  -0.025001  0.063429  0.997673  0.094455  -0.993371  0.065522  0.002888  0.000872  -0.001657  -0.303243  -0.412249  0.029588  2.000000  0.999479  0.002661  0.032165  -0.032192  0.010766  0.999424  0.002313  -0.999939  0.010846  0.999957  0.000735  0.009194  -0.000676  0.999979  -0.006406  -0.009199  0.006400  0.999937  1.000000  0.000009  0.000115  -0.000009  1.000000  -0.000080  -0.000115  0.000080  1.000000  0.999479  0.002661  0.032165  -0.032192  0.010766  0.999424  0.002313  -0.999939  0.010846  0.000126  0.011229  
188.002692 0.010952  0.096644  0.003759  0.995200  0.095919  0.019426  -0.025616  0.063733  0.997638  0.094455  -0.993347  0.065884  0.002672  0.000708  -0.001759  -0.302628  -0.419165  0.030163  2.000000  0.999460  0.002719  0.032746  -0.032775  0.011168  0.999400  0.002351  -0.999934  0.011252  0.999957  0.000740  0.009194  -0.000680  0.999978  -0.006528  -0.009199  0.006521  0.999936  1.000000  0.000009  0.000115  -0.000009  1.000000  -0.000082  -0.000115  0.000082  1.000000  0.999460  0.002719  0.032746  -0.032775  0.011168  0.999400  0.002351  -0.999934  0.011252  0.000128  0.011298  
