1-Time 2-Px 3-Py 4-Pz 5-R11 6-R21 7-R31 8-R12 9-R22 10-R32 11-R13 12-R23 13-R33 14-Vx 15-Vy 16-Vz 17-Wx 18-Wy 19-Wz 20-state 21-PR11 22-PR21 23-PR31 24-PR12 25-PR22 26-PR32 27-PR13 28-PR23 29-PR33 
200.542904 0.009837  0.101902  -0.004846  0.978834  0.185604  0.086223  -0.188060  0.981928  0.021221  -0.080726  -0.036987  0.996050  0.000022  -0.000025  -0.000025  0.000000  0.000000  0.000000  2.000000  1.000000  0.000000  0.000000  -0.000000  1.000000  0.000000  0.000000  -0.000000  1.000000  0.999999  -0.001420  -0.000455  0.001421  0.999999  0.000116  0.000454  -0.000117  1.000000  1.000000  0.000000  0.000000  0.000000  1.000000  0.000000  0.000000  0.000000  1.000000  0.719981  0.267817  0.640235  -0.199282  0.963469  -0.178924  -0.664766  0.001234  0.747051  0.000000  0.000000  
200.543910 0.009837  0.101902  -0.004846  0.978834  0.185604  0.086223  -0.188060  0.981928  0.021221  -0.080726  -0.036987  0.996050  0.000064  0.000004  -0.000037  0.000000  0.000000  0.000000  2.000000  1.000000  0.000000  0.000000  0.000000  1.000000  0.000000  0.000000  0.000000  1.000000  0.999999  -0.001420  -0.000455  0.001421  0.999999  0.000116  0.000454  -0.000117  1.000000  1.000000  0.000000  0.000000  0.000000  1.000000  0.000000  0.000000  0.000000  1.000000  1.000000  0.000000  0.000000  0.000000  1.000000  0.000000  0.000000  0.000000  1.000000  0.000000  0.000000  
200.544914 0.009839  0.101903  -0.004847  0.978669  0.186397  0.086394  -0.188864  0.981774  0.021244  -0.080860  -0.037108  0.996034  0.000159  0.000059  -0.000096  0.000000  0.000000  0.000000  2.000000  1.000000  0.000000  0.000000  0.000000  1.000000  0.000000  0.000000  0.000000  1.000000  1.000000  -0.000605  -0.000290  0.000605  1.000000  0.000050  0.000290  -0.000050  1.000000  1.000000  0.000000  0.000000  0.000000  1.000000  0.000000  0.000000  0.000000  1.000000  1.000000  0.000000  0.000000  0.000000  1.000000  0.000000  0.000000  0.000000  1.000000  0.000000  0.000000  
200.546160 0.009842  0.101905  -0.004848  0.978413  0.187600  0.086682  -0.190068  0.981544  0.021087  -0.081127  -0.037107  0.996013  0.000367  0.000202  -0.000158  0.000000  0.000000  0.000000  2.000000  1.000000  0.000000  0.000000  0.000000  1.000000  0.000000  0.000000  0.000000  1.000000  1.000000  0.000410  0.000015  -0.000410  1.000000  0.000088  -0.000015  -0.000088  1.000000  1.000000  0.000000  0.000000  0.000000  1.000000  0.000000  0.000000  0.000000  1.000000  1.000000  0.000000  0.000000  0.000000  1.000000  0.000000  0.000000  0.000000  1.000000  0.000000  0.000000  
200.547162 0.009844  0.101906  -0.004850  0.978224  0.188393  0.087092  -0.190868  0.981392  0.020939  -0.081527  -0.037106  0.995980  0.000539  0.000258  -0.000288  0.000000  0.000000  0.000000  2.000000  1.000000  0.000000  0.000000  0.000000  1.000000  0.000000  0.000000  0.000000  1.000000  0.999999  0.001425  0.000321  -0.001425  0.999999  0.000004  -0.000321  -0.000004  1.000000  1.000000  0.000000  0.000000  0.000000  1.000000  0.000000  0.000000  0.000000  1.000000  1.000000  0.000000  0.000000  0.000000  1.000000  0.000000  0.000000  0.000000  1.000000  0.000000  0.000000  
200.548410 0.009848  0.101907  -0.004852  0.978006  0.189383  0.087398  -0.191870  0.981197  0.020917  -0.081793  -0.037226  0.995954  0.000740  0.000345  -0.000397  0.000000  0.000000  0.000000  2.000000  1.000000  0.000000  0.000000  0.000000  1.000000  0.000000  0.000000  0.000000  1.000000  0.999996  0.002636  0.000902  -0.002636  0.999997  0.000024  -0.000902  -0.000026  1.000000  1.000000  0.000000  0.000000  0.000000  1.000000  0.000000  0.000000  0.000000  1.000000  1.000000  0.000000  0.000000  0.000000  1.000000  0.000000  0.000000  0.000000  1.000000  0.000000  0.000000  
200.549660 0.009852  0.101910  -0.004854  0.977877  0.189984  0.087542  -0.192472  0.981081  0.020837  -0.081927  -0.037225  0.995943  0.001065  0.000518  -0.000542  0.000000  0.000000  0.000000  2.000000  1.000000  0.000000  0.000000  0.000000  1.000000  0.000000  0.000000  0.000000  1.000000  0.999994  0.003246  0.001058  -0.003246  0.999995  -0.000027  -0.001058  0.000024  0.999999  1.000000  0.000000  0.000000  0.000000  1.000000  0.000000  0.000000  0.000000  1.000000  1.000000  0.000000  0.000000  0.000000  1.000000  0.000000  0.000000  0.000000  1.000000  0.000000  0.000000  
200.550910 0.009858  0.101913  -0.004856  0.977718  0.190781  0.087582  -0.193277  0.980922  0.020884  -0.081927  -0.037346  0.995938  0.001427  0.000778  -0.000620  0.000000  0.000000  0.000000  2.000000  1.000000  0.000000  0.000000  0.000000  1.000000  0.000000  0.000000  0.000000  1.000000  0.999991  0.004066  0.001089  -0.004066  0.999992  0.000026  -0.001089  -0.000031  0.999999  1.000000  0.000000  0.000000  0.000000  1.000000  0.000000  0.000000  0.000000  1.000000  1.000000  0.000000  0.000000  0.000000  1.000000  0.000000  0.000000  0.000000  1.000000  0.000000  0.000000  
200.551911 0.009862  0.101916  -0.004857  0.977569  0.191594  0.087468  -0.194084  0.980763  0.020838  -0.081793  -0.037346  0.995949  0.001698  0.000925  -0.000719  0.000000  0.000000  0.000000  2.000000  1.000000  0.000021  0.000061  -0.000021  1.000000  -0.000001  -0.000061  0.000001  1.000000  0.999987  0.005096  0.000993  -0.005096  0.999987  -0.000058  -0.000994  0.000052  1.000000  1.000000  0.000021  0.000061  -0.000021  1.000000  -0.000001  -0.000061  0.000001  1.000000  1.000000  0.000021  0.000061  -0.000021  1.000000  -0.000001  -0.000061  0.000001  1.000000  0.000000  0.005192  
200.553161 0.009867  0.101919  -0.004858  0.977288  0.192996  0.087522  -0.195493  0.980484  0.020830  -0.081793  -0.037467  0.995945  0.002041  0.001131  -0.000809  -0.000602  -0.030198  0.205916  2.000000  1.000000  0.000148  0.000412  -0.000148  1.000000  -0.000004  -0.000412  0.000004  1.000000  0.999978  0.006526  0.001181  -0.006526  0.999979  -0.000054  -0.001181  0.000047  0.999999  1.000000  0.000028  0.000078  -0.000028  1.000000  -0.000001  -0.000078  0.000001  1.000000  1.000000  0.000148  0.000412  -0.000148  1.000000  -0.000004  -0.000412  0.000004  1.000000  0.000050  0.006633  
200.554164 0.009872  0.101921  -0.004860  0.977025  0.194187  0.087832  -0.196696  0.980244  0.020789  -0.082060  -0.037587  0.995918  0.002373  0.001262  -0.000900  0.000059  -0.040732  0.246838  2.000000  1.000000  0.000274  0.000758  -0.000274  1.000000  -0.000008  -0.000758  0.000007  1.000000  0.999969  0.007752  0.001361  -0.007752  0.999970  -0.000036  -0.001361  0.000025  0.999999  1.000000  0.000034  0.000092  -0.000034  1.000000  -0.000000  -0.000092  0.000000  1.000000  1.000000  0.000274  0.000758  -0.000274  1.000000  -0.000008  -0.000758  0.000007  1.000000  0.000059  0.007870  
200.555415 0.009879  0.101924  -0.004861  0.976748  0.195372  0.088273  -0.197896  0.980004  0.020720  -0.082460  -0.037707  0.995881  0.002887  0.001540  -0.000985  0.000124  -0.056030  0.294539  2.000000  0.999999  0.000455  0.001277  -0.000455  1.000000  -0.000014  -0.001277  0.000014  0.999999  0.999956  0.009172  0.001815  -0.009172  0.999958  -0.000158  -0.001817  0.000141  0.999998  1.000000  0.000038  0.000111  -0.000038  1.000000  -0.000002  -0.000111  0.000002  1.000000  0.999999  0.000455  0.001277  -0.000455  1.000000  -0.000014  -0.001277  0.000014  0.999999  0.000073  0.009351  
200.556418 0.009886  0.101928  -0.004861  0.976471  0.196568  0.088690  -0.199096  0.979765  0.020531  -0.082860  -0.037706  0.995848  0.003347  0.001792  -0.001024  -0.003338  -0.071049  0.335326  2.000000  0.999998  0.000612  0.001756  -0.000612  1.000000  -0.000019  -0.001756  0.000018  0.999998  0.999943  0.010387  0.002263  -0.010386  0.999946  -0.000143  -0.002265  0.000119  0.999997  1.000000  0.000040  0.000127  -0.000040  1.000000  -0.000002  -0.000127  0.000002  1.000000  0.999998  0.000612  0.001756  -0.000612  1.000000  -0.000019  -0.001756  0.000018  0.999998  0.000084  0.010631  
200.557668 0.009895  0.101933  -0.004861  0.976109  0.198155  0.089140  -0.200697  0.979440  0.020423  -0.083260  -0.037825  0.995810  0.003956  0.002121  -0.000990  -0.004420  -0.091367  0.396646  2.000000  0.999997  0.000831  0.002456  -0.000831  1.000000  -0.000029  -0.002456  0.000027  0.999997  0.999922  0.012217  0.002734  -0.012216  0.999925  -0.000180  -0.002736  0.000147  0.999996  1.000000  0.000047  0.000149  -0.000047  1.000000  -0.000002  -0.000149  0.000002  1.000000  0.999997  0.000831  0.002456  -0.000831  1.000000  -0.000029  -0.002456  0.000027  0.999997  0.000100  0.012520  
200.558915 0.009905  0.101939  -0.004861  0.975713  0.199949  0.089463  -0.202501  0.979071  0.020322  -0.083527  -0.037945  0.995783  0.004557  0.002474  -0.000966  -0.005520  -0.102716  0.458335  2.000000  0.999995  0.001030  0.003105  -0.001030  0.999999  -0.000039  -0.003105  0.000036  0.999995  0.999899  0.013841  0.003197  -0.013841  0.999904  -0.000202  -0.003200  0.000158  0.999995  1.000000  0.000052  0.000170  -0.000052  1.000000  -0.000002  -0.000170  0.000002  1.000000  0.999995  0.001030  0.003105  -0.001030  0.999999  -0.000039  -0.003105  0.000036  0.999995  0.000114  0.014207  
200.560166 0.009914  0.101944  -0.004862  0.975368  0.201545  0.089651  -0.204105  0.978739  0.020266  -0.083660  -0.038065  0.995767  0.005045  0.002738  -0.000938  -0.006032  -0.109333  0.513363  2.000000  0.999991  0.001316  0.004015  -0.001316  0.999999  -0.000057  -0.004016  0.000051  0.999992  0.999871  0.015677  0.003533  -0.015675  0.999877  -0.000360  -0.003538  0.000305  0.999994  1.000000  0.000060  0.000192  -0.000060  1.000000  -0.000004  -0.000192  0.000004  1.000000  0.999991  0.001316  0.004015  -0.001316  0.999999  -0.000057  -0.004016  0.000051  0.999992  0.000128  0.016074  
200.561414 0.009924  0.101949  -0.004864  0.975019  0.203152  0.089814  -0.205709  0.978407  0.020091  -0.083793  -0.038065  0.995756  0.005516  0.002968  -0.000967  -0.011196  -0.116154  0.575164  2.000000  0.999986  0.001642  0.005033  -0.001641  0.999999  -0.000077  -0.005033  0.000068  0.999987  0.999843  0.017311  0.003729  -0.017310  0.999850  -0.000380  -0.003735  0.000316  0.999993  1.000000  0.000068  0.000211  -0.000068  1.000000  -0.000004  -0.000211  0.000004  1.000000  0.999986  0.001642  0.005033  -0.001641  0.999999  -0.000077  -0.005033  0.000068  0.999987  0.000143  0.017713  
200.562416 0.009932  0.101952  -0.004866  0.974753  0.204345  0.089994  -0.206911  0.978154  0.020071  -0.083927  -0.038185  0.995740  0.005874  0.003110  -0.000993  -0.010581  -0.122221  0.616219  2.000000  0.999981  0.001931  0.005913  -0.001930  0.999998  -0.000095  -0.005913  0.000083  0.999983  0.999821  0.018536  0.003910  -0.018535  0.999828  -0.000366  -0.003916  0.000293  0.999992  1.000000  0.000073  0.000225  -0.000073  1.000000  -0.000004  -0.000225  0.000004  1.000000  0.999981  0.001931  0.005913  -0.001930  0.999998  -0.000095  -0.005913  0.000083  0.999983  0.000154  0.018948  
200.563661 0.009942  0.101955  -0.004870  0.974432  0.205733  0.090309  -0.208310  0.977858  0.020004  -0.084193  -0.038305  0.995713  0.006291  0.003200  -0.001103  -0.011115  -0.137838  0.670907  2.000000  0.999972  0.002325  0.007103  -0.002324  0.999997  -0.000120  -0.007103  0.000104  0.999975  0.999783  0.020370  0.004247  -0.020369  0.999792  -0.000407  -0.004255  0.000320  0.999991  1.000000  0.000081  0.000247  -0.000081  1.000000  -0.000005  -0.000247  0.000005  1.000000  0.999972  0.002325  0.007103  -0.002324  0.999997  -0.000120  -0.007103  0.000104  0.999975  0.000170  0.020813  
200.564911 0.009953  0.101958  -0.004873  0.974000  0.207514  0.090892  -0.210106  0.977477  0.019843  -0.084727  -0.038424  0.995663  0.006711  0.003212  -0.001249  -0.012375  -0.158194  0.732200  2.000000  0.999961  0.002743  0.008389  -0.002742  0.999996  -0.000148  -0.008390  0.000125  0.999965  0.999756  0.021584  0.004696  -0.021583  0.999767  -0.000399  -0.004703  0.000298  0.999989  1.000000  0.000084  0.000263  -0.000084  1.000000  -0.000004  -0.000263  0.000004  1.000000  0.999961  0.002743  0.008389  -0.002742  0.999996  -0.000148  -0.008390  0.000125  0.999965  0.000184  0.022094  
200.566160 0.009965  0.101961  -0.004878  0.973609  0.209092  0.091470  -0.211700  0.977136  0.019699  -0.085260  -0.038543  0.995613  0.007144  0.003143  -0.001466  -0.013095  -0.178305  0.786636  2.000000  0.999948  0.003168  0.009731  -0.003167  0.999995  -0.000180  -0.009732  0.000150  0.999953  0.999741  0.022188  0.004988  -0.022186  0.999754  -0.000464  -0.004998  0.000353  0.999987  1.000000  0.000085  0.000271  -0.000085  1.000000  -0.000005  -0.000271  0.000005  1.000000  0.999948  0.003168  0.009731  -0.003167  0.999995  -0.000180  -0.009732  0.000150  0.999953  0.000198  0.022747  
200.567410 0.009977  0.101962  -0.004885  0.973214  0.210681  0.092023  -0.213294  0.976795  0.019434  -0.085793  -0.038541  0.995567  0.007543  0.003041  -0.001803  -0.018494  -0.198614  0.847893  2.000000  0.999935  0.003513  0.010839  -0.003511  0.999994  -0.000207  -0.010840  0.000169  0.999941  0.999727  0.022797  0.005145  -0.022795  0.999740  -0.000529  -0.005155  0.000412  0.999987  1.000000  0.000087  0.000279  -0.000087  1.000000  -0.000006  -0.000279  0.000006  1.000000  0.999935  0.003513  0.010839  -0.003511  0.999994  -0.000207  -0.010840  0.000169  0.999941  0.000214  0.023377  
200.568661 0.009987  0.101963  -0.004892  0.972872  0.212062  0.092467  -0.214688  0.976491  0.019334  -0.086193  -0.038661  0.995528  0.007880  0.002845  -0.002170  -0.018638  -0.214002  0.895695  2.000000  0.999917  0.003953  0.012257  -0.003951  0.999992  -0.000239  -0.012258  0.000191  0.999925  0.999712  0.023405  0.005304  -0.023403  0.999726  -0.000595  -0.005316  0.000471  0.999986  1.000000  0.000089  0.000287  -0.000089  1.000000  -0.000007  -0.000287  0.000007  1.000000  0.999917  0.003953  0.012257  -0.003951  0.999992  -0.000239  -0.012258  0.000191  0.999925  0.000229  0.024007  
200.569910 0.009998  0.101962  -0.004898  0.972572  0.213242  0.092907  -0.215882  0.976230  0.019251  -0.086593  -0.038780  0.995489  0.008136  0.002593  -0.002513  -0.018734  -0.233847  0.943157  2.000000  0.999896  0.004399  0.013706  -0.004396  0.999990  -0.000279  -0.013707  0.000218  0.999906  0.999696  0.024009  0.005596  -0.024006  0.999712  -0.000537  -0.005608  0.000403  0.999984  1.000000  0.000089  0.000295  -0.000089  1.000000  -0.000006  -0.000295  0.000006  1.000000  0.999896  0.004399  0.013706  -0.004396  0.999990  -0.000279  -0.013707  0.000218  0.999906  0.000241  0.024660  
200.570915 0.010007  0.101961  -0.004904  0.972327  0.214225  0.093212  -0.216878  0.976009  0.019216  -0.086860  -0.038900  0.995461  0.008309  0.002303  -0.002906  -0.017681  -0.244164  0.977090  2.000000  0.999878  0.004753  0.014893  -0.004749  0.999989  -0.000308  -0.014895  0.000237  0.999889  0.999690  0.024204  0.005871  -0.024201  0.999707  -0.000562  -0.005883  0.000420  0.999983  1.000000  0.000088  0.000299  -0.000088  1.000000  -0.000006  -0.000299  0.000006  1.000000  0.999878  0.004753  0.014893  -0.004749  0.999989  -0.000308  -0.014895  0.000237  0.999889  0.000250  0.024913  
200.572169 0.010018  0.101961  -0.004911  0.971990  0.215610  0.093526  -0.218274  0.975700  0.019142  -0.087126  -0.039020  0.995433  0.008477  0.001971  -0.003362  -0.017800  -0.255017  1.024822  2.000000  0.999852  0.005185  0.016399  -0.005180  0.999987  -0.000347  -0.016401  0.000262  0.999865  0.999683  0.024393  0.006283  -0.024389  0.999702  -0.000586  -0.006295  0.000433  0.999980  1.000000  0.000084  0.000303  -0.000084  1.000000  -0.000006  -0.000303  0.000006  1.000000  0.999852  0.005185  0.016399  -0.005180  0.999987  -0.000347  -0.016401  0.000262  0.999865  0.000261  0.025196  
200.573420 0.010028  0.101959  -0.004918  0.971686  0.216799  0.093939  -0.219467  0.975436  0.018938  -0.087526  -0.039019  0.995398  0.008523  0.001539  -0.003799  -0.022085  -0.270379  1.072697  2.000000  0.999824  0.005601  0.017925  -0.005595  0.999984  -0.000385  -0.017927  0.000284  0.999839  0.999681  0.024381  0.006553  -0.024378  0.999703  -0.000593  -0.006565  0.000433  0.999978  1.000000  0.000081  0.000305  -0.000081  1.000000  -0.000006  -0.000305  0.000006  1.000000  0.999824  0.005601  0.017925  -0.005595  0.999984  -0.000385  -0.017927  0.000284  0.999839  0.000275  0.025254  
200.574664 0.010037  0.101957  -0.004925  0.971437  0.217782  0.094245  -0.220462  0.975212  0.018901  -0.087793  -0.039138  0.995370  0.008461  0.000985  -0.004287  -0.022893  -0.275351  1.079703  2.000000  0.999793  0.005996  0.019444  -0.005989  0.999982  -0.000422  -0.019446  0.000305  0.999811  0.999691  0.023965  0.006674  -0.023962  0.999713  -0.000566  -0.006686  0.000406  0.999978  1.000000  0.000077  0.000301  -0.000077  1.000000  -0.000006  -0.000301  0.000006  1.000000  0.999793  0.005996  0.019444  -0.005989  0.999982  -0.000422  -0.019446  0.000305  0.999811  0.000279  0.024884  
200.575915 0.010047  0.101954  -0.004932  0.971175  0.218770  0.094654  -0.221454  0.974991  0.018715  -0.088192  -0.039137  0.995334  0.008432  0.000444  -0.004683  -0.022669  -0.279545  1.072477  2.000000  0.999767  0.006304  0.020652  -0.006296  0.999980  -0.000454  -0.020654  0.000324  0.999787  0.999690  0.023959  0.006808  -0.023956  0.999713  -0.000576  -0.006820  0.000413  0.999977  1.000000  0.000076  0.000302  -0.000076  1.000000  -0.000006  -0.000302  0.000006  1.000000  0.999767  0.006304  0.020652  -0.006296  0.999980  -0.000454  -0.020654  0.000324  0.999787  0.000279  0.024915  
200.577165 0.010055  0.101951  -0.004940  0.970854  0.219954  0.095196  -0.222643  0.974725  0.018479  -0.088725  -0.039135  0.995287  0.008336  -0.000053  -0.005001  -0.023836  -0.279791  1.079255  2.000000  0.999732  0.006683  0.022151  -0.006674  0.999978  -0.000502  -0.022153  0.000354  0.999755  0.999696  0.023758  0.006666  -0.023754  0.999718  -0.000689  -0.006681  0.000530  0.999978  1.000000  0.000076  0.000299  -0.000076  1.000000  -0.000008  -0.000299  0.000008  1.000000  0.999732  0.006683  0.022151  -0.006674  0.999978  -0.000502  -0.022153  0.000354  0.999755  0.000279  0.024686  
200.578419 0.010062  0.101947  -0.004948  0.970578  0.220937  0.095734  -0.223631  0.974503  0.018261  -0.089259  -0.039133  0.995239  0.008149  -0.000509  -0.005297  -0.028937  -0.289056  1.085562  2.000000  0.999696  0.007047  0.023625  -0.007036  0.999975  -0.000554  -0.023628  0.000388  0.999721  0.999709  0.023137  0.006777  -0.023133  0.999732  -0.000767  -0.006793  0.000610  0.999977  1.000000  0.000071  0.000293  -0.000071  1.000000  -0.000009  -0.000293  0.000009  1.000000  0.999696  0.007047  0.023625  -0.007036  0.999975  -0.000554  -0.023628  0.000388  0.999721  0.000280  0.024122  
200.579660 0.010069  0.101944  -0.004956  0.970359  0.221736  0.096111  -0.224422  0.974326  0.017974  -0.089658  -0.039011  0.995208  0.007844  -0.000910  -0.005592  -0.033530  -0.305175  1.094763  2.000000  0.999659  0.007374  0.025038  -0.007361  0.999973  -0.000613  -0.025042  0.000429  0.999686  0.999737  0.021903  0.006862  -0.021897  0.999760  -0.000907  -0.006880  0.000757  0.999976  1.000000  0.000062  0.000280  -0.000062  1.000000  -0.000010  -0.000280  0.000010  1.000000  0.999659  0.007374  0.025038  -0.007361  0.999973  -0.000613  -0.025042  0.000429  0.999686  0.000282  0.022969  
200.580661 0.010073  0.101940  -0.004963  0.970150  0.222528  0.096386  -0.225216  0.974146  0.017835  -0.089925  -0.039010  0.995184  0.007456  -0.001355  -0.005820  -0.038062  -0.311888  1.091938  2.000000  0.999629  0.007608  0.026143  -0.007593  0.999971  -0.000663  -0.026147  0.000464  0.999658  0.999748  0.021277  0.007106  -0.021271  0.999773  -0.000981  -0.007126  0.000830  0.999974  1.000000  0.000056  0.000275  -0.000056  1.000000  -0.000011  -0.000275  0.000011  1.000000  0.999629  0.007608  0.026143  -0.007593  0.999971  -0.000663  -0.026147  0.000464  0.999658  0.000284  0.022453  
200.581910 0.010077  0.101936  -0.004973  0.969976  0.223126  0.096759  -0.225807  0.974014  0.017567  -0.090325  -0.038888  0.995153  0.006981  -0.001735  -0.006046  -0.041345  -0.326801  1.075381  2.000000  0.999591  0.007870  0.027491  -0.007853  0.999969  -0.000731  -0.027496  0.000514  0.999622  0.999765  0.020453  0.007207  -0.020446  0.999790  -0.001034  -0.007227  0.000886  0.999973  1.000000  0.000050  0.000266  -0.000050  1.000000  -0.000012  -0.000266  0.000012  1.000000  0.999591  0.007870  0.027491  -0.007853  0.999969  -0.000731  -0.027496  0.000514  0.999622  0.000283  0.021708  
200.583158 0.010080  0.101931  -0.004983  0.969766  0.223918  0.097032  -0.226600  0.973832  0.017426  -0.090591  -0.038887  0.995129  0.006457  -0.002095  -0.006267  -0.043763  -0.335020  1.054592  2.000000  0.999560  0.008054  0.028544  -0.008035  0.999967  -0.000792  -0.028550  0.000562  0.999592  0.999777  0.019832  0.007318  -0.019825  0.999803  -0.001104  -0.007338  0.000959  0.999973  1.000000  0.000045  0.000260  -0.000045  1.000000  -0.000013  -0.000260  0.000013  1.000000  0.999560  0.008054  0.028544  -0.008035  0.999967  -0.000792  -0.028550  0.000562  0.999592  0.000277  0.021166  
200.584161 0.010082  0.101927  -0.004992  0.969602  0.224521  0.097275  -0.227193  0.973698  0.017188  -0.090858  -0.038765  0.995109  0.005955  -0.002378  -0.006550  -0.050355  -0.334236  1.034077  2.000000  0.999529  0.008224  0.029573  -0.008202  0.999966  -0.000858  -0.029579  0.000615  0.999562  0.999789  0.019218  0.007292  -0.019209  0.999815  -0.001295  -0.007316  0.001155  0.999973  1.000000  0.000041  0.000254  -0.000041  1.000000  -0.000015  -0.000254  0.000015  1.000000  0.999529  0.008224  0.029573  -0.008202  0.999966  -0.000858  -0.029579  0.000615  0.999562  0.000274  0.020593  
200.585410 0.010083  0.101922  -0.005004  0.969426  0.225119  0.097647  -0.227784  0.973565  0.016918  -0.091257  -0.038643  0.995077  0.005378  -0.002647  -0.006873  -0.057076  -0.333471  1.013608  2.000000  0.999490  0.008414  0.030811  -0.008389  0.999964  -0.000947  -0.030818  0.000688  0.999525  0.999808  0.018193  0.007252  -0.018183  0.999834  -0.001451  -0.007277  0.001319  0.999973  1.000000  0.000035  0.000242  -0.000035  1.000000  -0.000017  -0.000242  0.000017  1.000000  0.999490  0.008414  0.030811  -0.008389  0.999964  -0.000947  -0.030818  0.000688  0.999525  0.000267  0.019635  
200.586415 0.010084  0.101918  -0.005015  0.969249  0.225705  0.098046  -0.228374  0.973429  0.016766  -0.091657  -0.038642  0.995041  0.004766  -0.002932  -0.007234  -0.055688  -0.332664  0.993016  2.000000  0.999459  0.008549  0.031761  -0.008520  0.999963  -0.001022  -0.031768  0.000751  0.999495  0.999823  0.017373  0.007221  -0.017363  0.999848  -0.001383  -0.007244  0.001257  0.999973  1.000000  0.000030  0.000233  -0.000030  1.000000  -0.000017  -0.000233  0.000016  1.000000  0.999459  0.008549  0.031761  -0.008520  0.999963  -0.001022  -0.031768  0.000751  0.999495  0.000262  0.018861  
200.587415 0.010084  0.101913  -0.005026  0.969119  0.226102  0.098415  -0.228765  0.973342  0.016516  -0.092057  -0.038520  0.995008  0.004188  -0.003222  -0.007603  -0.061076  -0.333871  0.959978  2.000000  0.999429  0.008663  0.032665  -0.008632  0.999962  -0.001101  -0.032673  0.000819  0.999466  0.999841  0.016353  0.007047  -0.016343  0.999865  -0.001537  -0.007072  0.001422  0.999974  1.000000  0.000026  0.000221  -0.000026  1.000000  -0.000018  -0.000221  0.000018  1.000000  0.999429  0.008663  0.032665  -0.008632  0.999962  -0.001101  -0.032673  0.000819  0.999466  0.000256  0.017870  
200.588663 0.010083  0.101906  -0.005040  0.968930  0.226684  0.098943  -0.229352  0.973207  0.016333  -0.092590  -0.038518  0.994959  0.003527  -0.003558  -0.008078  -0.061884  -0.341312  0.918196  2.000000  0.999392  0.008779  0.033740  -0.008744  0.999961  -0.001205  -0.033749  0.000909  0.999430  0.999855  0.015533  0.007017  -0.015522  0.999878  -0.001591  -0.007041  0.001482  0.999974  1.000000  0.000021  0.000212  -0.000021  1.000000  -0.000019  -0.000212  0.000019  1.000000  0.999392  0.008779  0.033740  -0.008744  0.999961  -0.001205  -0.033749  0.000909  0.999430  0.000250  0.017114  
200.589665 0.010082  0.101900  -0.005052  0.968764  0.227287  0.099185  -0.229945  0.973071  0.016092  -0.092856  -0.038396  0.994939  0.002789  -0.003888  -0.008556  -0.064305  -0.344904  0.897221  2.000000  0.999363  0.008854  0.034567  -0.008814  0.999960  -0.001292  -0.034577  0.000986  0.999402  0.999863  0.014913  0.007126  -0.014902  0.999888  -0.001661  -0.007150  0.001554  0.999973  1.000000  0.000016  0.000206  -0.000016  1.000000  -0.000020  -0.000206  0.000020  1.000000  0.999363  0.008854  0.034567  -0.008814  0.999960  -0.001292  -0.034577  0.000986  0.999402  0.000241  0.016607  
200.590914 0.010079  0.101893  -0.005066  0.968633  0.227684  0.099552  -0.230335  0.972983  0.015841  -0.093256  -0.038274  0.994906  0.002156  -0.004122  -0.008916  -0.069066  -0.349673  0.855334  2.000000  0.999334  0.008914  0.035375  -0.008871  0.999960  -0.001384  -0.035386  0.001070  0.999373  0.999870  0.014504  0.007109  -0.014491  0.999893  -0.001871  -0.007135  0.001767  0.999973  1.000000  0.000014  0.000201  -0.000014  1.000000  -0.000023  -0.000201  0.000023  1.000000  0.999334  0.008914  0.035375  -0.008871  0.999960  -0.001384  -0.035386  0.001070  0.999373  0.000235  0.016255  
200.592166 0.010076  0.101886  -0.005079  0.968466  0.228275  0.099821  -0.230927  0.972844  0.015717  -0.093522  -0.038273  0.994881  0.001311  -0.004385  -0.009341  -0.070215  -0.355571  0.820983  2.000000  0.999299  0.008971  0.036345  -0.008922  0.999959  -0.001508  -0.036357  0.001182  0.999338  0.999884  0.013479  0.007071  -0.013466  0.999908  -0.001899  -0.007096  0.001804  0.999973  1.000000  0.000008  0.000190  -0.000008  1.000000  -0.000023  -0.000190  0.000023  1.000000  0.999299  0.008971  0.036345  -0.008922  0.999959  -0.001508  -0.036357  0.001182  0.999338  0.000226  0.015334  
200.593413 0.010073  0.101880  -0.005092  0.968346  0.228678  0.100058  -0.231320  0.972754  0.015497  -0.093789  -0.038152  0.994861  0.000686  -0.004489  -0.009634  -0.075510  -0.354231  0.786486  2.000000  0.999265  0.009005  0.037272  -0.008951  0.999959  -0.001639  -0.037285  0.001304  0.999304  0.999892  0.012865  0.007046  -0.012850  0.999915  -0.002087  -0.007072  0.001996  0.999973  1.000000  0.000004  0.000183  -0.000004  1.000000  -0.000026  -0.000183  0.000026  1.000000  0.999265  0.009005  0.037272  -0.008951  0.999959  -0.001639  -0.037285  0.001304  0.999304  0.000220  0.014810  
200.594664 0.010068  0.101873  -0.005106  0.968227  0.229081  0.100296  -0.231713  0.972664  0.015275  -0.094055  -0.038030  0.994840  -0.000097  -0.004760  -0.009989  -0.079651  -0.343379  0.738564  2.000000  0.999231  0.009020  0.038149  -0.008958  0.999958  -0.001779  -0.038163  0.001436  0.999270  0.999904  0.012050  0.006880  -0.012035  0.999925  -0.002255  -0.006907  0.002172  0.999974  1.000000  0.000001  0.000173  -0.000001  1.000000  -0.000028  -0.000173  0.000028  1.000000  0.999231  0.009020  0.038149  -0.008958  0.999958  -0.001779  -0.038163  0.001436  0.999270  0.000208  0.014052  
200.595909 0.010063  0.101865  -0.005119  0.968094  0.229478  0.100663  -0.232103  0.972575  0.015023  -0.094455  -0.037908  0.994807  -0.000671  -0.004925  -0.010245  -0.084916  -0.339505  0.705144  2.000000  0.999199  0.009013  0.038985  -0.008944  0.999958  -0.001926  -0.039001  0.001576  0.999238  0.999913  0.011231  0.006849  -0.011216  0.999934  -0.002303  -0.006874  0.002226  0.999974  1.000000  -0.000004  0.000164  0.000004  1.000000  -0.000028  -0.000164  0.000028  1.000000  0.999199  0.009013  0.038985  -0.008944  0.999958  -0.001926  -0.039001  0.001576  0.999238  0.000199  0.013348  
200.597162 0.010059  0.101858  -0.005133  0.967914  0.230089  0.101004  -0.232692  0.972440  0.014632  -0.094854  -0.037665  0.994778  -0.001278  -0.005115  -0.010616  -0.089790  -0.331414  0.663163  2.000000  0.999168  0.008992  0.039779  -0.008916  0.999958  -0.002079  -0.039796  0.001722  0.999206  0.999923  0.010417  0.006683  -0.010401  0.999943  -0.002351  -0.006707  0.002281  0.999975  1.000000  -0.000007  0.000155  0.000007  1.000000  -0.000029  -0.000155  0.000029  1.000000  0.999168  0.008992  0.039779  -0.008916  0.999958  -0.002079  -0.039796  0.001722  0.999206  0.000189  0.012592  
200.598410 0.010055  0.101853  -0.005147  0.967781  0.230487  0.101371  -0.233081  0.972351  0.014379  -0.095254  -0.037543  0.994745  -0.001694  -0.005162  -0.010770  -0.095083  -0.330122  0.628759  2.000000  0.999138  0.008951  0.040531  -0.008868  0.999958  -0.002239  -0.040550  0.001878  0.999176  0.999930  0.009803  0.006658  -0.009787  0.999949  -0.002539  -0.006683  0.002473  0.999975  1.000000  -0.000011  0.000148  0.000011  1.000000  -0.000031  -0.000148  0.000031  1.000000  0.999138  0.008951  0.040531  -0.008868  0.999958  -0.002239  -0.040550  0.001878  0.999176  0.000179  0.012113  
200.599660 0.010051  0.101847  -0.005160  0.967648  0.230897  0.101709  -0.233471  0.972263  0.014007  -0.095653  -0.037300  0.994716  -0.002082  -0.005191  -0.010825  -0.105046  -0.329019  0.601187  2.000000  0.999115  0.008912  0.041115  -0.008822  0.999958  -0.002372  -0.041135  0.002007  0.999152  0.999932  0.009599  0.006649  -0.009582  0.999951  -0.002523  -0.006673  0.002459  0.999975  1.000000  -0.000012  0.000145  0.000012  1.000000  -0.000031  -0.000145  0.000031  1.000000  0.999115  0.008912  0.041115  -0.008822  0.999958  -0.002372  -0.041135  0.002007  0.999152  0.000174  0.011940  
200.600910 0.010048  0.101844  -0.005173  0.967562  0.231095  0.102072  -0.233661  0.972221  0.013775  -0.096053  -0.037178  0.994682  -0.002409  -0.005121  -0.010925  -0.109969  -0.329748  0.568775  2.000000  0.999086  0.008853  0.041817  -0.008754  0.999958  -0.002541  -0.041838  0.002173  0.999122  0.999939  0.008990  0.006491  -0.008973  0.999956  -0.002709  -0.006515  0.002650  0.999975  1.000000  -0.000014  0.000138  0.000014  1.000000  -0.000033  -0.000138  0.000033  1.000000  0.999086  0.008853  0.041817  -0.008754  0.999958  -0.002541  -0.041838  0.002173  0.999122  0.000168  0.011408  
200.601910 0.010045  0.101840  -0.005183  0.967501  0.231303  0.102176  -0.233857  0.972176  0.013605  -0.096186  -0.037057  0.994673  -0.002661  -0.005060  -0.010896  -0.111596  -0.324163  0.541551  2.000000  0.999064  0.008792  0.042349  -0.008686  0.999959  -0.002679  -0.042371  0.002309  0.999099  0.999944  0.008376  0.006467  -0.008359  0.999961  -0.002773  -0.006490  0.002719  0.999975  1.000000  -0.000018  0.000131  0.000018  1.000000  -0.000034  -0.000131  0.000034  1.000000  0.999064  0.008792  0.042349  -0.008686  0.999959  -0.002679  -0.042371  0.002309  0.999099  0.000161  0.010933  
200.603160 0.010043  0.101836  -0.005197  0.967416  0.231501  0.102539  -0.234047  0.972133  0.013372  -0.096586  -0.036935  0.994639  -0.002738  -0.004861  -0.010867  -0.116093  -0.327092  0.500448  2.000000  0.999038  0.008708  0.042983  -0.008593  0.999959  -0.002850  -0.043006  0.002478  0.999072  0.999948  0.007972  0.006318  -0.007955  0.999965  -0.002735  -0.006339  0.002685  0.999976  1.000000  -0.000019  0.000126  0.000019  1.000000  -0.000034  -0.000126  0.000034  1.000000  0.999038  0.008708  0.042983  -0.008593  0.999959  -0.002850  -0.043006  0.002478  0.999072  0.000155  0.010527  
200.604163 0.010041  0.101832  -0.005208  0.967342  0.231704  0.102772  -0.234240  0.972090  0.013170  -0.096852  -0.036813  0.994618  -0.002762  -0.004660  -0.010811  -0.122408  -0.326286  0.479913  2.000000  0.999018  0.008626  0.043468  -0.008504  0.999959  -0.002987  -0.043492  0.002614  0.999050  0.999952  0.007563  0.006302  -0.007546  0.999968  -0.002698  -0.006322  0.002650  0.999977  1.000000  -0.000021  0.000121  0.000021  1.000000  -0.000033  -0.000121  0.000033  1.000000  0.999018  0.008626  0.043468  -0.008504  0.999959  -0.002987  -0.043492  0.002614  0.999050  0.000149  0.010201  
200.605424 0.010039  0.101827  -0.005223  0.967256  0.231902  0.103135  -0.234430  0.972047  0.012937  -0.097251  -0.036691  0.994583  -0.002738  -0.004480  -0.010810  -0.124470  -0.323014  0.449439  2.000000  0.998993  0.008510  0.044053  -0.008379  0.999960  -0.003157  -0.044078  0.002784  0.999024  0.999955  0.006943  0.006413  -0.006926  0.999973  -0.002641  -0.006432  0.002596  0.999976  1.000000  -0.000026  0.000115  0.000026  1.000000  -0.000033  -0.000115  0.000033  1.000000  0.998993  0.008510  0.044053  -0.008379  0.999960  -0.003157  -0.044078  0.002784  0.999024  0.000144  0.009808  
200.606664 0.010037  0.101823  -0.005237  0.967157  0.232083  0.103654  -0.234617  0.972004  0.012790  -0.097784  -0.036689  0.994531  -0.002677  -0.004381  -0.010863  -0.121509  -0.326317  0.414996  2.000000  0.998974  0.008402  0.044505  -0.008263  0.999960  -0.003290  -0.044531  0.002919  0.999004  0.999957  0.006529  0.006531  -0.006512  0.999975  -0.002604  -0.006548  0.002562  0.999975  1.000000  -0.000030  0.000111  0.000030  1.000000  -0.000032  -0.000111  0.000032  1.000000  0.998974  0.008402  0.044505  -0.008263  0.999960  -0.003290  -0.044531  0.002919  0.999004  0.000136  0.009590  
200.607915 0.010037  0.101818  -0.005251  0.967058  0.232277  0.104146  -0.234804  0.971962  0.012525  -0.098317  -0.036567  0.994483  -0.002447  -0.004262  -0.010950  -0.123221  -0.325247  0.387464  2.000000  0.998955  0.008282  0.044946  -0.008136  0.999961  -0.003426  -0.044973  0.003057  0.998984  0.999958  0.006320  0.006657  -0.006302  0.999976  -0.002709  -0.006674  0.002667  0.999974  1.000000  -0.000033  0.000110  0.000033  1.000000  -0.000034  -0.000110  0.000034  1.000000  0.998955  0.008282  0.044946  -0.008136  0.999961  -0.003426  -0.044973  0.003057  0.998984  0.000133  0.009564  
200.609182 0.010038  0.101813  -0.005266  0.966971  0.232463  0.104537  -0.234993  0.971918  0.012410  -0.098716  -0.036565  0.994444  -0.002113  -0.004127  -0.011032  -0.117311  -0.324326  0.366690  2.000000  0.998933  0.008119  0.045470  -0.007964  0.999962  -0.003588  -0.045497  0.003222  0.998959  0.999963  0.005710  0.006501  -0.005693  0.999981  -0.002529  -0.006515  0.002492  0.999976  1.000000  -0.000035  0.000102  0.000035  1.000000  -0.000031  -0.000102  0.000031  1.000000  0.998933  0.008119  0.045470  -0.007964  0.999962  -0.003588  -0.045497  0.003222  0.998959  0.000125  0.009009  
200.610422 0.010039  0.101808  -0.005281  0.966933  0.232461  0.104896  -0.234984  0.971923  0.012198  -0.099116  -0.036443  0.994408  -0.001702  -0.003960  -0.011110  -0.118283  -0.323036  0.332328  2.000000  0.998915  0.007982  0.045871  -0.007819  0.999963  -0.003718  -0.045899  0.003355  0.998940  0.999965  0.005301  0.006485  -0.005285  0.999983  -0.002491  -0.006499  0.002456  0.999976  1.000000  -0.000037  0.000098  0.000037  1.000000  -0.000031  -0.000098  0.000031  1.000000  0.998915  0.007982  0.045871  -0.007819  0.999963  -0.003718  -0.045899  0.003355  0.998940  0.000120  0.008734  
200.611704 0.010040  0.101803  -0.005295  0.966858  0.232652  0.105157  -0.235177  0.971877  0.012113  -0.099382  -0.036442  0.994382  -0.001329  -0.003813  -0.011149  -0.112881  -0.317640  0.318381  2.000000  0.998895  0.007803  0.046341  -0.007632  0.999963  -0.003873  -0.046370  0.003515  0.998918  0.999969  0.004900  0.006203  -0.004886  0.999985  -0.002330  -0.006215  0.002300  0.999978  1.000000  -0.000037  0.000092  0.000037  1.000000  -0.000029  -0.000092  0.000029  1.000000  0.998895  0.007803  0.046341  -0.007632  0.999963  -0.003873  -0.046370  0.003515  0.998918  0.000116  0.008237  
200.612910 0.010043  0.101800  -0.005310  0.966832  0.232642  0.105416  -0.235171  0.971879  0.012050  -0.099648  -0.036441  0.994355  -0.000913  -0.003667  -0.011250  -0.110498  -0.317050  0.291294  2.000000  0.998880  0.007648  0.046702  -0.007470  0.999964  -0.003991  -0.046731  0.003637  0.998901  0.999969  0.004481  0.006456  -0.004466  0.999987  -0.002291  -0.006466  0.002262  0.999977  1.000000  -0.000042  0.000089  0.000042  1.000000  -0.000028  -0.000089  0.000028  1.000000  0.998880  0.007648  0.046702  -0.007470  0.999964  -0.003991  -0.046731  0.003637  0.998901  0.000114  0.008182  
200.614158 0.010047  0.101797  -0.005323  0.966794  0.232628  0.105804  -0.235161  0.971883  0.011956  -0.100048  -0.036440  0.994315  -0.000393  -0.003478  -0.011233  -0.103686  -0.318124  0.268273  2.000000  0.998861  0.007438  0.047131  -0.007251  0.999965  -0.004131  -0.047160  0.003785  0.998880  0.999970  0.004066  0.006575  -0.004052  0.999990  -0.002130  -0.006583  0.002103  0.999976  1.000000  -0.000046  0.000085  0.000046  1.000000  -0.000026  -0.000085  0.000026  1.000000  0.998861  0.007438  0.047131  -0.007251  0.999965  -0.004131  -0.047160  0.003785  0.998880  0.000109  0.008015  
200.615408 0.010051  0.101795  -0.005335  0.966706  0.232814  0.106194  -0.235351  0.971838  0.011840  -0.100447  -0.036438  0.994275  0.000134  -0.003330  -0.011159  -0.098437  -0.317584  0.254622  2.000000  0.998843  0.007211  0.047543  -0.007016  0.999966  -0.004262  -0.047572  0.003924  0.998860  0.999971  0.003861  0.006567  -0.003848  0.999991  -0.001989  -0.006575  0.001964  0.999976  1.000000  -0.000047  0.000083  0.000047  1.000000  -0.000025  -0.000083  0.000025  1.000000  0.998843  0.007211  0.047543  -0.007016  0.999966  -0.004262  -0.047572  0.003924  0.998860  0.000106  0.007871  
200.616411 0.010056  0.101794  -0.005345  0.966667  0.232813  0.106553  -0.235341  0.971843  0.011627  -0.100846  -0.036316  0.994239  0.000613  -0.003168  -0.011126  -0.100612  -0.316817  0.234167  2.000000  0.998833  0.007067  0.047786  -0.006867  0.999967  -0.004339  -0.047815  0.004006  0.998848  0.999971  0.003652  0.006693  -0.003638  0.999991  -0.002092  -0.006701  0.002067  0.999975  1.000000  -0.000050  0.000081  0.000050  1.000000  -0.000026  -0.000081  0.000026  1.000000  0.998833  0.007067  0.047786  -0.006867  0.999967  -0.004339  -0.047815  0.004006  0.998848  0.000102  0.007903  
200.617660 0.010061  0.101793  -0.005357  0.966579  0.232999  0.106944  -0.235530  0.971799  0.011511  -0.101246  -0.036315  0.994198  0.001236  -0.002959  -0.011004  -0.095369  -0.311875  0.220721  2.000000  0.998816  0.006814  0.048176  -0.006607  0.999968  -0.004461  -0.048205  0.004137  0.998829  0.999972  0.003242  0.006678  -0.003230  0.999993  -0.001809  -0.006684  0.001787  0.999976  1.000000  -0.000052  0.000077  0.000052  1.000000  -0.000022  -0.000077  0.000022  1.000000  0.998816  0.006814  0.048176  -0.006607  0.999968  -0.004461  -0.048205  0.004137  0.998829  0.000100  0.007639  
200.618909 0.010067  0.101792  -0.005369  0.966539  0.232984  0.107331  -0.235521  0.971802  0.011416  -0.101645  -0.036313  0.994158  0.001723  -0.002736  -0.010910  -0.089429  -0.311128  0.200273  2.000000  0.998799  0.006551  0.048546  -0.006336  0.999969  -0.004571  -0.048574  0.004258  0.998810  0.999974  0.002833  0.006663  -0.002822  0.999995  -0.001647  -0.006668  0.001628  0.999976  1.000000  -0.000054  0.000072  0.000054  1.000000  -0.000020  -0.000072  0.000020  1.000000  0.998799  0.006551  0.048546  -0.006336  0.999969  -0.004571  -0.048574  0.004258  0.998810  0.000096  0.007424  
200.619910 0.010072  0.101792  -0.005379  0.966513  0.232975  0.107590  -0.235514  0.971805  0.011353  -0.101911  -0.036312  0.994131  0.002165  -0.002469  -0.010778  -0.088225  -0.303920  0.181598  2.000000  0.998787  0.006332  0.048825  -0.006112  0.999971  -0.004649  -0.048853  0.004345  0.998797  0.999975  0.002423  0.006649  -0.002413  0.999996  -0.001485  -0.006652  0.001469  0.999977  1.000000  -0.000057  0.000068  0.000057  1.000000  -0.000018  -0.000068  0.000018  1.000000  0.998787  0.006332  0.048825  -0.006112  0.999971  -0.004649  -0.048853  0.004345  0.998797  0.000092  0.007229  
