1-Time 2-Px 3-Py 4-Pz 5-R11 6-R21 7-R31 8-R12 9-R22 10-R32 11-R13 12-R23 13-R33 14-Vx 15-Vy 16-Vz 17-Wx 18-Wy 19-Wz 20-state 21-PR11 22-PR21 23-PR31 24-PR12 25-PR22 26-PR32 27-PR13 28-PR23 29-PR33 
148.475874 0.007253  0.093515  0.006829  0.997004  0.072318  -0.027444  0.023198  0.058919  0.997993  0.073790  -0.995640  0.057065  -0.000968  -0.000676  -0.001196  0.000000  0.000000  0.000000  2.000000  1.000000  0.000000  0.000000  0.000000  -0.000000  1.000000  0.000000  -1.000000  -0.000000  0.999999  0.000216  0.001427  -0.000216  1.000000  0.000106  -0.001427  -0.000106  0.999999  1.000000  0.000000  0.000000  0.000000  1.000000  0.000000  0.000000  0.000000  1.000000  0.614120  0.565726  0.550282  -0.662623  -0.009147  0.748897  0.428704  -0.824542  0.369246  0.000000  0.000000  
148.476879 0.007252  0.093514  0.006828  0.997009  0.072330  -0.027239  0.022993  0.058904  0.997999  0.073790  -0.995640  0.057065  -0.000937  -0.000647  -0.001173  0.000000  0.000000  0.000000  2.000000  1.000000  0.000000  0.000000  0.000000  -0.000000  1.000000  0.000000  -1.000000  -0.000000  0.999999  0.000227  0.001632  -0.000228  1.000000  0.000121  -0.001632  -0.000122  0.999999  1.000000  0.000000  0.000000  0.000000  1.000000  0.000000  0.000000  0.000000  1.000000  1.000000  0.000000  0.000000  0.000000  -0.000000  1.000000  0.000000  -1.000000  -0.000000  0.000000  0.000000  
148.477882 0.007252  0.093513  0.006829  0.997018  0.072354  -0.026828  0.022582  0.058874  0.998010  0.073790  -0.995640  0.057065  -0.000871  -0.000680  -0.001096  0.000000  0.000000  0.000000  2.000000  1.000000  0.000000  0.000000  0.000000  -0.000000  1.000000  0.000000  -1.000000  -0.000000  0.999998  0.000239  0.001837  -0.000239  1.000000  0.000136  -0.001837  -0.000137  0.999998  1.000000  0.000000  0.000000  0.000000  1.000000  0.000000  0.000000  0.000000  1.000000  1.000000  0.000000  0.000000  0.000000  -0.000000  1.000000  0.000000  -1.000000  -0.000000  0.000000  0.000000  
148.478894 0.007253  0.093512  0.006829  0.997027  0.072378  -0.026417  0.022172  0.058845  0.998021  0.073790  -0.995640  0.057065  -0.000772  -0.000719  -0.000951  0.000000  0.000000  0.000000  2.000000  1.000000  0.000000  0.000000  0.000000  -0.000000  1.000000  0.000000  -1.000000  -0.000000  0.999997  0.000263  0.002247  -0.000263  1.000000  0.000167  -0.002247  -0.000167  0.999997  1.000000  0.000000  0.000000  0.000000  1.000000  0.000000  0.000000  0.000000  1.000000  1.000000  0.000000  0.000000  0.000000  -0.000000  1.000000  0.000000  -1.000000  -0.000000  0.000000  0.000000  
148.480141 0.007254  0.093510  0.006831  0.997045  0.072427  -0.025595  0.021351  0.058785  0.998042  0.073790  -0.995640  0.057065  -0.000630  -0.000763  -0.000710  0.000000  0.000000  0.000000  2.000000  1.000000  0.000000  0.000000  0.000000  -0.000000  1.000000  0.000000  -1.000000  -0.000000  0.999996  0.000298  0.002862  -0.000298  1.000000  0.000212  -0.002862  -0.000213  0.999996  1.000000  0.000000  0.000000  0.000000  1.000000  0.000000  0.000000  0.000000  1.000000  1.000000  0.000000  0.000000  0.000000  -0.000000  1.000000  0.000000  -1.000000  -0.000000  0.000000  0.000000  
148.481381 0.007255  0.093509  0.006834  0.997048  0.072593  -0.024995  0.020735  0.058864  0.998051  0.073923  -0.995623  0.057185  -0.000442  -0.000782  -0.000478  0.000000  0.000000  0.000000  2.000000  1.000000  0.000000  0.000000  0.000000  -0.000000  1.000000  0.000000  -1.000000  -0.000000  0.999994  0.000467  0.003469  -0.000467  1.000000  0.000136  -0.003469  -0.000138  0.999994  1.000000  0.000000  0.000000  0.000000  1.000000  0.000000  0.000000  0.000000  1.000000  1.000000  0.000000  0.000000  0.000000  -0.000000  1.000000  0.000000  -1.000000  -0.000000  0.000000  0.000000  
148.482636 0.007257  0.093507  0.006836  0.997057  0.072618  -0.024584  0.020324  0.058834  0.998061  0.073923  -0.995623  0.057185  -0.000239  -0.000850  -0.000221  0.000000  0.000000  0.000000  2.000000  1.000000  0.000000  0.000000  0.000000  -0.000000  1.000000  0.000000  -1.000000  -0.000000  0.999992  0.000490  0.003879  -0.000491  1.000000  0.000166  -0.003879  -0.000168  0.999992  1.000000  0.000000  0.000000  0.000000  1.000000  0.000000  0.000000  0.000000  1.000000  1.000000  0.000000  0.000000  0.000000  -0.000000  1.000000  0.000000  -1.000000  -0.000000  0.000000  0.000000  
148.483883 0.007259  0.093506  0.006838  0.997059  0.072784  -0.023984  0.019708  0.058913  0.998069  0.074057  -0.995606  0.057305  -0.000013  -0.000864  0.000046  0.004621  -0.171415  0.023356  2.000000  1.000000  0.000000  0.000000  0.000000  -0.000000  1.000000  0.000000  -1.000000  -0.000000  0.999991  0.000514  0.004289  -0.000515  1.000000  0.000075  -0.004289  -0.000078  0.999991  1.000000  0.000000  0.000000  0.000000  1.000000  0.000000  0.000000  0.000000  1.000000  1.000000  0.000000  0.000000  0.000000  -0.000000  1.000000  0.000000  -1.000000  -0.000000  0.000000  0.000000  
148.485133 0.007261  0.093504  0.006840  0.997061  0.072954  -0.023376  0.019092  0.058871  0.998083  0.074190  -0.995596  0.057305  0.000205  -0.000937  0.000272  0.005655  -0.184914  0.028633  2.000000  1.000000  0.000000  0.000000  0.000000  -0.000000  1.000000  0.000000  -1.000000  -0.000000  0.999989  0.000805  0.004684  -0.000805  1.000000  0.000106  -0.004684  -0.000109  0.999989  1.000000  0.000000  0.000000  0.000000  1.000000  0.000000  0.000000  0.000000  1.000000  1.000000  0.000000  0.000000  0.000000  -0.000000  1.000000  0.000000  -1.000000  -0.000000  0.000045  0.000000  
148.486383 0.007264  0.093503  0.006842  0.997053  0.073254  -0.022783  0.018476  0.058952  0.998090  0.074457  -0.995569  0.057424  0.000453  -0.000981  0.000520  0.003142  -0.205067  0.038810  2.000000  1.000000  0.000037  0.000198  -0.000198  -0.000001  1.000000  0.000037  -1.000000  -0.000001  0.999984  0.000986  0.005496  -0.000986  1.000000  0.000045  -0.005496  -0.000050  0.999985  1.000000  0.000012  0.000069  -0.000012  1.000000  0.000001  -0.000069  -0.000001  1.000000  1.000000  0.000037  0.000198  -0.000198  -0.000001  1.000000  0.000037  -1.000000  -0.000001  0.000052  0.005584  
148.487632 0.007265  0.093502  0.006844  0.997054  0.073421  -0.022184  0.017860  0.059030  0.998096  0.074590  -0.995553  0.057545  0.000664  -0.000947  0.000762  0.000618  -0.225486  0.044504  2.000000  1.000000  0.000109  0.000557  -0.000557  -0.000001  1.000000  0.000109  -1.000000  -0.000001  0.999982  0.001277  0.005890  -0.001277  0.999999  -0.000046  -0.005890  0.000039  0.999983  1.000000  0.000016  0.000074  -0.000016  1.000000  -0.000001  -0.000074  0.000001  1.000000  1.000000  0.000109  0.000557  -0.000557  -0.000001  1.000000  0.000109  -1.000000  -0.000001  0.000057  0.006027  
148.488882 0.007267  0.093501  0.006846  0.997069  0.073467  -0.021371  0.017039  0.059090  0.998107  0.074590  -0.995546  0.057665  0.000829  -0.001020  0.000985  -0.001920  -0.246118  0.045703  2.000000  1.000000  0.000190  0.000945  -0.000945  0.000000  1.000000  0.000190  -1.000000  0.000000  0.999978  0.001313  0.006505  -0.001313  0.999999  -0.000001  -0.006505  -0.000007  0.999979  1.000000  0.000016  0.000081  -0.000016  1.000000  0.000000  -0.000081  -0.000000  1.000000  1.000000  0.000190  0.000945  -0.000945  0.000000  1.000000  0.000190  -1.000000  0.000000  0.000061  0.006636  
148.490134 0.007268  0.093500  0.006848  0.997069  0.073634  -0.020771  0.016423  0.059168  0.998113  0.074724  -0.995529  0.057785  0.000994  -0.001009  0.001234  -0.004439  -0.266505  0.051396  2.000000  0.999999  0.000280  0.001375  -0.001375  0.000006  0.999999  0.000280  -1.000000  0.000006  0.999974  0.001482  0.007112  -0.001482  0.999999  -0.000077  -0.007112  0.000067  0.999975  1.000000  0.000019  0.000089  -0.000019  1.000000  -0.000001  -0.000089  0.000001  1.000000  0.999999  0.000280  0.001375  -0.001375  0.000006  0.999999  0.000280  -1.000000  0.000006  0.000068  0.007265  
148.491379 0.007269  0.093499  0.006851  0.997072  0.073813  -0.019965  0.015602  0.059231  0.998122  0.074857  -0.995512  0.057906  0.001152  -0.001019  0.001530  -0.006957  -0.286965  0.057105  2.000000  0.999998  0.000374  0.001842  -0.001842  0.000016  0.999998  0.000374  -1.000000  0.000017  0.999969  0.001518  0.007727  -0.001517  0.999999  -0.000153  -0.007727  0.000142  0.999970  1.000000  0.000019  0.000097  -0.000019  1.000000  -0.000002  -0.000097  0.000002  1.000000  0.999998  0.000374  0.001842  -0.001842  0.000016  0.999998  0.000374  -1.000000  0.000017  0.000071  0.007876  
148.492630 0.007270  0.093497  0.006854  0.997085  0.073860  -0.019152  0.014781  0.059291  0.998131  0.074857  -0.995505  0.058026  0.001199  -0.001055  0.001673  -0.008986  -0.314784  0.058766  2.000000  0.999997  0.000458  0.002254  -0.002254  0.000030  0.999997  0.000458  -1.000000  0.000031  0.999964  0.001689  0.008334  -0.001686  0.999999  -0.000351  -0.008334  0.000337  0.999965  1.000000  0.000021  0.000104  -0.000021  1.000000  -0.000004  -0.000104  0.000004  1.000000  0.999997  0.000458  0.002254  -0.002254  0.000030  0.999997  0.000458  -1.000000  0.000031  0.000078  0.008510  
148.493879 0.007272  0.093496  0.006857  0.997084  0.074025  -0.018562  0.014165  0.059489  0.998128  0.074991  -0.995480  0.058267  0.001288  -0.001055  0.001852  -0.016085  -0.328101  0.064056  2.000000  0.999996  0.000571  0.002805  -0.002805  0.000054  0.999996  0.000570  -1.000000  0.000055  0.999956  0.001871  0.009145  -0.001868  0.999998  -0.000412  -0.009146  0.000395  0.999958  1.000000  0.000023  0.000114  -0.000023  1.000000  -0.000005  -0.000114  0.000005  1.000000  0.999996  0.000571  0.002805  -0.002805  0.000054  0.999996  0.000570  -1.000000  0.000055  0.000085  0.009344  
148.495133 0.007273  0.093494  0.006860  0.997085  0.074205  -0.017757  0.013343  0.059551  0.998136  0.075124  -0.995463  0.058387  0.001264  -0.001069  0.001925  -0.018078  -0.355345  0.070154  2.000000  0.999994  0.000682  0.003392  -0.003392  0.000087  0.999994  0.000682  -1.000000  0.000089  0.999953  0.001897  0.009555  -0.001891  0.999998  -0.000623  -0.009556  0.000605  0.999954  1.000000  0.000024  0.000119  -0.000024  1.000000  -0.000008  -0.000119  0.000008  1.000000  0.999994  0.000682  0.003392  -0.003392  0.000087  0.999994  0.000682  -1.000000  0.000089  0.000089  0.009761  
148.496381 0.007274  0.093492  0.006863  0.997083  0.074371  -0.017166  0.012727  0.059749  0.998132  0.075257  -0.995439  0.058628  0.001278  -0.001117  0.001949  -0.024659  -0.375682  0.075876  2.000000  0.999992  0.000802  0.004015  -0.004015  0.000127  0.999992  0.000801  -1.000000  0.000130  0.999946  0.001934  0.010169  -0.001927  0.999998  -0.000699  -0.010171  0.000679  0.999948  1.000000  0.000024  0.000127  -0.000024  1.000000  -0.000009  -0.000127  0.000009  1.000000  0.999992  0.000802  0.004015  -0.004015  0.000127  0.999992  0.000801  -1.000000  0.000130  0.000094  0.010375  
148.497382 0.007275  0.093490  0.006865  0.997091  0.074406  -0.016559  0.012112  0.059824  0.998135  0.075257  -0.995432  0.058749  0.001254  -0.001160  0.001991  -0.027704  -0.389448  0.076699  2.000000  0.999990  0.000880  0.004409  -0.004409  0.000159  0.999990  0.000879  -1.000000  0.000163  0.999942  0.002094  0.010571  -0.002084  0.999997  -0.000911  -0.010573  0.000889  0.999944  1.000000  0.000026  0.000132  -0.000026  1.000000  -0.000011  -0.000132  0.000011  1.000000  0.999990  0.000880  0.004409  -0.004409  0.000159  0.999990  0.000879  -1.000000  0.000163  0.000098  0.010814  
148.498385 0.007276  0.093488  0.006867  0.997085  0.074561  -0.016164  0.011701  0.059916  0.998135  0.075391  -0.995415  0.058869  0.001211  -0.001239  0.002006  -0.030716  -0.402869  0.081995  2.000000  0.999987  0.000991  0.004953  -0.004953  0.000206  0.999988  0.000990  -0.999999  0.000210  0.999937  0.002253  0.010973  -0.002242  0.999997  -0.001003  -0.010975  0.000978  0.999939  1.000000  0.000028  0.000137  -0.000028  1.000000  -0.000012  -0.000137  0.000012  1.000000  0.999987  0.000991  0.004953  -0.004953  0.000206  0.999988  0.000990  -0.999999  0.000210  0.000103  0.011245  
148.499634 0.007277  0.093485  0.006869  0.997082  0.074728  -0.015574  0.011085  0.060114  0.998130  0.075524  -0.995390  0.059110  0.001123  -0.001342  0.002002  -0.037810  -0.416392  0.087340  2.000000  0.999983  0.001137  0.005638  -0.005638  0.000274  0.999984  0.001135  -0.999999  0.000281  0.999937  0.002389  0.010964  -0.002375  0.999996  -0.001245  -0.010967  0.001219  0.999939  1.000000  0.000030  0.000137  -0.000030  1.000000  -0.000015  -0.000137  0.000015  1.000000  0.999983  0.001137  0.005638  -0.005638  0.000274  0.999984  0.001135  -0.999999  0.000281  0.000107  0.011289  
148.500883 0.007278  0.093481  0.006871  0.997079  0.074894  -0.014984  0.010469  0.060311  0.998125  0.075658  -0.995366  0.059351  0.001039  -0.001499  0.002004  -0.044384  -0.436779  0.093087  2.000000  0.999980  0.001261  0.006189  -0.006189  0.000339  0.999981  0.001259  -0.999999  0.000347  0.999937  0.002524  0.010956  -0.002509  0.999996  -0.001366  -0.010959  0.001339  0.999939  1.000000  0.000031  0.000137  -0.000031  1.000000  -0.000017  -0.000137  0.000017  1.000000  0.999980  0.001261  0.006189  -0.006189  0.000339  0.999981  0.001259  -0.999999  0.000347  0.000112  0.011324  
148.502134 0.007279  0.093477  0.006873  0.997065  0.075195  -0.014401  0.009853  0.060510  0.998119  0.075925  -0.995331  0.059591  0.000992  -0.001691  0.001957  -0.051439  -0.449992  0.102919  2.000000  0.999975  0.001421  0.006871  -0.006871  0.000429  0.999976  0.001418  -0.999999  0.000439  0.999937  0.002526  0.010955  -0.002510  0.999996  -0.001486  -0.010959  0.001459  0.999939  1.000000  0.000031  0.000137  -0.000031  1.000000  -0.000018  -0.000137  0.000018  1.000000  0.999975  0.001421  0.006871  -0.006871  0.000429  0.999976  0.001418  -0.999999  0.000439  0.000116  0.011339  
148.503383 0.007280  0.093473  0.006873  0.997061  0.075362  -0.013811  0.009237  0.060707  0.998113  0.076058  -0.995307  0.059832  0.000885  -0.001942  0.001865  -0.057977  -0.470657  0.104191  2.000000  0.999970  0.001589  0.007550  -0.007550  0.000531  0.999971  0.001585  -0.999999  0.000543  0.999936  0.002796  0.010939  -0.002777  0.999995  -0.001729  -0.010943  0.001698  0.999939  1.000000  0.000035  0.000137  -0.000035  1.000000  -0.000021  -0.000137  0.000021  1.000000  0.999970  0.001589  0.007550  -0.007550  0.000531  0.999971  0.001585  -0.999999  0.000543  0.000121  0.011420  
148.504634 0.007280  0.093467  0.006873  0.997056  0.075529  -0.013221  0.008621  0.060903  0.998106  0.076191  -0.995282  0.060073  0.000869  -0.002228  0.001728  -0.065055  -0.484127  0.109541  2.000000  0.999965  0.001765  0.008230  -0.008232  0.000643  0.999966  0.001760  -0.999998  0.000657  0.999939  0.002787  0.010733  -0.002767  0.999994  -0.001864  -0.010738  0.001834  0.999941  1.000000  0.000035  0.000134  -0.000035  1.000000  -0.000023  -0.000134  0.000023  1.000000  0.999965  0.001765  0.008230  -0.008232  0.000643  0.999966  0.001760  -0.999998  0.000657  0.000123  0.011242  
148.505881 0.007280  0.093461  0.006872  0.997049  0.075684  -0.012836  0.008211  0.061116  0.998097  0.076325  -0.995257  0.060314  0.000763  -0.002558  0.001466  -0.072173  -0.497884  0.114961  2.000000  0.999958  0.001939  0.008906  -0.008908  0.000767  0.999960  0.001932  -0.999998  0.000784  0.999939  0.002789  0.010732  -0.002767  0.999994  -0.002105  -0.010738  0.002075  0.999940  1.000000  0.000035  0.000134  -0.000035  1.000000  -0.000026  -0.000134  0.000026  1.000000  0.999958  0.001939  0.008906  -0.008908  0.000767  0.999960  0.001932  -0.999998  0.000784  0.000129  0.011284  
148.506881 0.007279  0.093456  0.006870  0.997053  0.075708  -0.012435  0.007800  0.061205  0.998095  0.076325  -0.995250  0.060435  0.000650  -0.002869  0.001194  -0.075716  -0.504666  0.115374  2.000000  0.999953  0.002072  0.009438  -0.009440  0.000872  0.999955  0.002063  -0.999997  0.000892  0.999941  0.002646  0.010534  -0.002623  0.999994  -0.002240  -0.010540  0.002212  0.999942  1.000000  0.000033  0.000132  -0.000033  1.000000  -0.000028  -0.000132  0.000028  1.000000  0.999953  0.002072  0.009438  -0.009440  0.000872  0.999955  0.002063  -0.999997  0.000892  0.000130  0.011088  
148.508130 0.007279  0.093449  0.006868  0.997047  0.075875  -0.011854  0.007184  0.061523  0.998080  0.076458  -0.995218  0.060796  0.000498  -0.003215  0.000798  -0.087191  -0.500238  0.118971  2.000000  0.999947  0.002234  0.010091  -0.010094  0.001015  0.999949  0.002224  -0.999997  0.001037  0.999943  0.002503  0.010337  -0.002478  0.999994  -0.002374  -0.010343  0.002348  0.999944  1.000000  0.000031  0.000129  -0.000031  1.000000  -0.000030  -0.000129  0.000030  1.000000  0.999947  0.002234  0.010091  -0.010094  0.001015  0.999949  0.002224  -0.999997  0.001037  0.000130  0.010895  
148.509377 0.007279  0.093443  0.006865  0.997040  0.076030  -0.011470  0.006774  0.061735  0.998070  0.076592  -0.995193  0.061037  0.000438  -0.003444  0.000476  -0.095781  -0.493236  0.123106  2.000000  0.999941  0.002365  0.010610  -0.010613  0.001142  0.999943  0.002353  -0.999997  0.001167  0.999943  0.002639  0.010328  -0.002612  0.999993  -0.002616  -0.010335  0.002589  0.999943  1.000000  0.000033  0.000129  -0.000033  1.000000  -0.000033  -0.000129  0.000033  1.000000  0.999941  0.002365  0.010610  -0.010613  0.001142  0.999943  0.002353  -0.999997  0.001167  0.000129  0.010973  
148.510379 0.007279  0.093438  0.006863  0.997031  0.076173  -0.011291  0.006568  0.061962  0.998057  0.076725  -0.995167  0.061278  0.000343  -0.003711  0.000120  -0.101627  -0.483515  0.123396  2.000000  0.999935  0.002496  0.011122  -0.011125  0.001275  0.999937  0.002482  -0.999996  0.001303  0.999945  0.002629  0.010122  -0.002601  0.999993  -0.002751  -0.010130  0.002725  0.999945  1.000000  0.000033  0.000127  -0.000033  1.000000  -0.000034  -0.000127  0.000034  1.000000  0.999935  0.002496  0.011122  -0.011125  0.001275  0.999937  0.002482  -0.999996  0.001303  0.000128  0.010811  
148.511379 0.007279  0.093434  0.006860  0.997023  0.076329  -0.010906  0.006158  0.062174  0.998046  0.076858  -0.995142  0.061518  0.000284  -0.003882  -0.000174  -0.108828  -0.479171  0.126869  2.000000  0.999929  0.002628  0.011617  -0.011621  0.001418  0.999931  0.002611  -0.999996  0.001448  0.999947  0.002619  0.009917  -0.002590  0.999992  -0.002888  -0.009924  0.002862  0.999947  1.000000  0.000033  0.000124  -0.000033  1.000000  -0.000036  -0.000124  0.000036  1.000000  0.999929  0.002628  0.011617  -0.011621  0.001418  0.999931  0.002611  -0.999996  0.001448  0.000128  0.010652  
148.512390 0.007279  0.093431  0.006858  0.997024  0.076340  -0.010720  0.005953  0.062400  0.998033  0.076858  -0.995127  0.061760  0.000222  -0.004015  -0.000460  -0.118391  -0.476182  0.127553  2.000000  0.999923  0.002764  0.012097  -0.012101  0.001568  0.999926  0.002745  -0.999995  0.001602  0.999951  0.002596  0.009506  -0.002567  0.999992  -0.003038  -0.009514  0.003014  0.999950  1.000000  0.000032  0.000119  -0.000032  1.000000  -0.000038  -0.000119  0.000038  1.000000  0.999923  0.002764  0.012097  -0.012101  0.001568  0.999926  0.002745  -0.999995  0.001602  0.000127  0.010309  
148.513636 0.007279  0.093426  0.006856  0.997016  0.076495  -0.010345  0.005542  0.062732  0.998015  0.076992  -0.995095  0.062121  0.000147  -0.004144  -0.000784  -0.127004  -0.469267  0.127257  2.000000  0.999917  0.002899  0.012554  -0.012559  0.001729  0.999920  0.002877  -0.999994  0.001765  0.999955  0.002708  0.009087  -0.002678  0.999991  -0.003312  -0.009096  0.003287  0.999953  1.000000  0.000034  0.000114  -0.000034  1.000000  -0.000041  -0.000114  0.000041  1.000000  0.999917  0.002899  0.012554  -0.012559  0.001729  0.999920  0.002877  -0.999994  0.001765  0.000128  0.010040  
148.514881 0.007279  0.093421  0.006854  0.997008  0.076650  -0.009970  0.005131  0.063065  0.997996  0.077125  -0.995062  0.062483  0.000081  -0.004219  -0.001069  -0.139729  -0.462467  0.126959  2.000000  0.999911  0.003034  0.013000  -0.013006  0.001901  0.999914  0.003009  -0.999994  0.001941  0.999957  0.002698  0.008881  -0.002667  0.999990  -0.003568  -0.008891  0.003544  0.999954  1.000000  0.000034  0.000111  -0.000034  1.000000  -0.000044  -0.000111  0.000044  1.000000  0.999911  0.003034  0.013000  -0.013006  0.001901  0.999914  0.003009  -0.999994  0.001941  0.000127  0.009940  
148.515884 0.007279  0.093418  0.006853  0.997009  0.076661  -0.009783  0.004926  0.063291  0.997983  0.077125  -0.995046  0.062724  0.000014  -0.004246  -0.001267  -0.144789  -0.448832  0.121694  2.000000  0.999906  0.003136  0.013331  -0.013337  0.002037  0.999909  0.003109  -0.999993  0.002078  0.999959  0.002688  0.008676  -0.002656  0.999990  -0.003705  -0.008686  0.003682  0.999956  1.000000  0.000033  0.000109  -0.000033  1.000000  -0.000046  -0.000109  0.000046  1.000000  0.999906  0.003136  0.013331  -0.013337  0.002037  0.999909  0.003109  -0.999993  0.002078  0.000123  0.009805  
148.516885 0.007279  0.093414  0.006852  0.997001  0.076816  -0.009409  0.004516  0.063623  0.997964  0.077259  -0.995013  0.063086  -0.000061  -0.004296  -0.001422  -0.152889  -0.448819  0.121808  2.000000  0.999900  0.003269  0.013759  -0.013766  0.002228  0.999903  0.003238  -0.999992  0.002272  0.999961  0.002678  0.008470  -0.002645  0.999989  -0.003962  -0.008480  0.003939  0.999956  1.000000  0.000033  0.000106  -0.000033  1.000000  -0.000049  -0.000106  0.000049  1.000000  0.999900  0.003269  0.013759  -0.013766  0.002228  0.999903  0.003238  -0.999992  0.002272  0.000121  0.009722  
148.518133 0.007278  0.093409  0.006851  0.997002  0.076826  -0.009231  0.004310  0.063971  0.997942  0.077259  -0.994990  0.063448  -0.000114  -0.004336  -0.001511  -0.166143  -0.435303  0.116567  2.000000  0.999892  0.003435  0.014275  -0.014284  0.002475  0.999895  0.003399  -0.999991  0.002523  0.999964  0.002522  0.008068  -0.002490  0.999989  -0.003991  -0.008077  0.003971  0.999959  1.000000  0.000031  0.000101  -0.000031  1.000000  -0.000050  -0.000101  0.000050  1.000000  0.999892  0.003435  0.014275  -0.014284  0.002475  0.999895  0.003399  -0.999991  0.002523  0.000120  0.009343  
148.519383 0.007278  0.093404  0.006850  0.996993  0.076982  -0.008857  0.003900  0.064303  0.997923  0.077392  -0.994957  0.063809  -0.000189  -0.004263  -0.001553  -0.175284  -0.421481  0.115827  2.000000  0.999885  0.003594  0.014756  -0.014765  0.002735  0.999887  0.003553  -0.999990  0.002788  0.999969  0.002486  0.007452  -0.002454  0.999988  -0.004279  -0.007462  0.004261  0.999963  1.000000  0.000031  0.000093  -0.000031  1.000000  -0.000053  -0.000093  0.000053  1.000000  0.999885  0.003594  0.014756  -0.014765  0.002735  0.999887  0.003553  -0.999990  0.002788  0.000118  0.008941  
148.520383 0.007278  0.093401  0.006850  0.996984  0.077126  -0.008688  0.003695  0.064650  0.997901  0.077525  -0.994923  0.064170  -0.000167  -0.004168  -0.001458  -0.184457  -0.407391  0.119570  2.000000  0.999879  0.003719  0.015128  -0.015139  0.002954  0.999881  0.003674  -0.999989  0.003010  0.999969  0.002489  0.007451  -0.002455  0.999987  -0.004521  -0.007462  0.004502  0.999962  1.000000  0.000031  0.000093  -0.000031  1.000000  -0.000056  -0.000093  0.000056  1.000000  0.999879  0.003719  0.015128  -0.015139  0.002954  0.999881  0.003674  -0.999989  0.003010  0.000117  0.009059  
148.521629 0.007278  0.093397  0.006850  0.996974  0.077269  -0.008519  0.003489  0.064998  0.997879  0.077659  -0.994889  0.064532  -0.000128  -0.003997  -0.001367  -0.194170  -0.386764  0.118418  2.000000  0.999871  0.003871  0.015567  -0.015580  0.003239  0.999873  0.003820  -0.999987  0.003299  0.999974  0.002318  0.006844  -0.002286  0.999986  -0.004687  -0.006855  0.004672  0.999966  1.000000  0.000029  0.000086  -0.000029  1.000000  -0.000058  -0.000086  0.000058  1.000000  0.999871  0.003871  0.015567  -0.015580  0.003239  0.999873  0.003820  -0.999987  0.003299  0.000114  0.008609  
148.522633 0.007278  0.093393  0.006850  0.996975  0.077293  -0.008136  0.003079  0.065329  0.997859  0.077659  -0.994866  0.064894  -0.000106  -0.003902  -0.001273  -0.202822  -0.379792  0.118069  2.000000  0.999866  0.003992  0.015904  -0.015917  0.003477  0.999867  0.003936  -0.999986  0.003540  0.999975  0.002308  0.006638  -0.002276  0.999986  -0.004823  -0.006649  0.004808  0.999966  1.000000  0.000029  0.000083  -0.000029  1.000000  -0.000060  -0.000083  0.000060  1.000000  0.999866  0.003992  0.015904  -0.015917  0.003477  0.999867  0.003936  -0.999986  0.003540  0.000111  0.008520  
148.523879 0.007279  0.093389  0.006849  0.996966  0.077450  -0.007762  0.002668  0.065661  0.997838  0.077792  -0.994832  0.065255  -0.000014  -0.003752  -0.001186  -0.205149  -0.376634  0.117213  2.000000  0.999860  0.004110  0.016235  -0.016250  0.003727  0.999861  0.004049  -0.999985  0.003793  0.999975  0.002311  0.006637  -0.002276  0.999984  -0.005186  -0.006649  0.005171  0.999965  1.000000  0.000029  0.000083  -0.000029  1.000000  -0.000065  -0.000083  0.000065  1.000000  0.999860  0.004110  0.016235  -0.016250  0.003727  0.999861  0.004049  -0.999985  0.003793  0.000111  0.008730  
148.524879 0.007280  0.093387  0.006847  0.996967  0.077461  -0.007585  0.002463  0.066008  0.997816  0.077792  -0.994808  0.065617  0.000091  -0.003587  -0.001123  -0.216616  -0.359434  0.112529  2.000000  0.999854  0.004224  0.016558  -0.016575  0.003983  0.999855  0.004157  -0.999983  0.004052  0.999977  0.002165  0.006440  -0.002132  0.999984  -0.005201  -0.006452  0.005187  0.999966  1.000000  0.000027  0.000081  -0.000027  1.000000  -0.000065  -0.000081  0.000065  1.000000  0.999854  0.004224  0.016558  -0.016575  0.003983  0.999855  0.004157  -0.999983  0.004052  0.000111  0.008553  
148.526129 0.007281  0.093383  0.006846  0.996957  0.077618  -0.007211  0.002052  0.066340  0.997795  0.077926  -0.994774  0.065979  0.000180  -0.003461  -0.000974  -0.222862  -0.356112  0.116123  2.000000  0.999847  0.004362  0.016957  -0.016976  0.004315  0.999847  0.004288  -0.999981  0.004388  0.999977  0.002169  0.006439  -0.002134  0.999983  -0.005443  -0.006451  0.005429  0.999964  1.000000  0.000027  0.000081  -0.000027  1.000000  -0.000068  -0.000081  0.000068  1.000000  0.999847  0.004362  0.016957  -0.016976  0.004315  0.999847  0.004288  -0.999981  0.004388  0.000109  0.008702  
148.527130 0.007283  0.093382  0.006846  0.996958  0.077643  -0.006829  0.001642  0.066671  0.997774  0.077926  -0.994749  0.066341  0.000283  -0.003290  -0.000855  -0.227420  -0.349545  0.111356  2.000000  0.999841  0.004469  0.017273  -0.017294  0.004585  0.999840  0.004389  -0.999980  0.004662  0.999977  0.002037  0.006448  -0.002002  0.999983  -0.005442  -0.006459  0.005429  0.999964  1.000000  0.000025  0.000081  -0.000025  1.000000  -0.000068  -0.000081  0.000068  1.000000  0.999841  0.004469  0.017273  -0.017294  0.004585  0.999840  0.004389  -0.999980  0.004662  0.000109  0.008675  
148.528134 0.007285  0.093380  0.006845  0.996948  0.077802  -0.006446  0.001231  0.066881  0.997760  0.078059  -0.994723  0.066581  0.000420  -0.003147  -0.000770  -0.233867  -0.345535  0.111910  2.000000  0.999835  0.004577  0.017587  -0.017609  0.004863  0.999833  0.004491  -0.999978  0.004943  0.999978  0.002159  0.006233  -0.002123  0.999981  -0.005700  -0.006245  0.005687  0.999964  1.000000  0.000027  0.000078  -0.000027  1.000000  -0.000071  -0.000078  0.000071  1.000000  0.999835  0.004577  0.017587  -0.017609  0.004863  0.999833  0.004491  -0.999978  0.004943  0.000107  0.008714  
148.529392 0.007287  0.093379  0.006845  0.996938  0.077961  -0.006072  0.000821  0.067212  0.997738  0.078192  -0.994688  0.066942  0.000595  -0.002972  -0.000674  -0.238355  -0.338506  0.111544  2.000000  0.999827  0.004711  0.017975  -0.018000  0.005214  0.999824  0.004616  -0.999975  0.005297  0.999978  0.002161  0.006232  -0.002126  0.999981  -0.005699  -0.006244  0.005686  0.999964  1.000000  0.000027  0.000078  -0.000027  1.000000  -0.000071  -0.000078  0.000071  1.000000  0.999827  0.004711  0.017975  -0.018000  0.005214  0.999824  0.004616  -0.999975  0.005297  0.000108  0.008713  
148.530397 0.007290  0.093377  0.006844  0.996928  0.078119  -0.005699  0.000410  0.067543  0.997716  0.078326  -0.994653  0.067304  0.000720  -0.002814  -0.000606  -0.246903  -0.331471  0.111147  2.000000  0.999823  0.004790  0.018209  -0.018235  0.005427  0.999819  0.004690  -0.999974  0.005514  0.999978  0.002029  0.006241  -0.001993  0.999981  -0.005820  -0.006252  0.005807  0.999964  1.000000  0.000025  0.000078  -0.000025  1.000000  -0.000073  -0.000078  0.000073  1.000000  0.999823  0.004790  0.018209  -0.018235  0.005427  0.999819  0.004690  -0.999974  0.005514  0.000106  0.008767  
148.531636 0.007293  0.093376  0.006845  0.996917  0.078278  -0.005335  0.000000  0.067995  0.997686  0.078459  -0.994610  0.067786  0.000946  -0.002570  -0.000432  -0.255637  -0.324668  0.110870  2.000000  0.999816  0.004902  0.018524  -0.018552  0.005723  0.999812  0.004795  -0.999972  0.005813  0.999977  0.002046  0.006444  -0.002007  0.999980  -0.006046  -0.006457  0.006033  0.999961  1.000000  0.000025  0.000081  -0.000025  1.000000  -0.000075  -0.000081  0.000075  1.000000  0.999816  0.004902  0.018524  -0.018552  0.005723  0.999812  0.004795  -0.999972  0.005813  0.000107  0.009066  
148.532887 0.007295  0.093374  0.006846  0.996917  0.078303  -0.004962  -0.000410  0.068447  0.997655  0.078459  -0.994577  0.068268  0.001151  -0.002379  -0.000373  -0.264275  -0.318314  0.101570  2.000000  0.999808  0.005042  0.018920  -0.018950  0.006103  0.999802  0.004925  -0.999969  0.006197  0.999977  0.002049  0.006443  -0.002009  0.999979  -0.006166  -0.006456  0.006153  0.999960  1.000000  0.000025  0.000081  -0.000025  1.000000  -0.000077  -0.000081  0.000077  1.000000  0.999808  0.005042  0.018920  -0.018950  0.006103  0.999802  0.004925  -0.999969  0.006197  0.000108  0.009146  
148.534133 0.007297  0.093372  0.006847  0.996906  0.078476  -0.004393  -0.001026  0.068882  0.997624  0.078592  -0.994533  0.068750  0.001334  -0.002203  -0.000239  -0.269669  -0.322550  0.101312  2.000000  0.999800  0.005181  0.019323  -0.019357  0.006494  0.999792  0.005055  -0.999965  0.006593  0.999977  0.002052  0.006442  -0.002012  0.999978  -0.006287  -0.006455  0.006273  0.999959  1.000000  0.000025  0.000081  -0.000025  1.000000  -0.000079  -0.000081  0.000079  1.000000  0.999800  0.005181  0.019323  -0.019357  0.006494  0.999792  0.005055  -0.999965  0.006593  0.000107  0.009228  
148.535383 0.007300  0.093370  0.006849  0.996895  0.078636  -0.004030  -0.001437  0.069334  0.997592  0.078726  -0.994489  0.069232  0.001469  -0.002045  -0.000112  -0.280555  -0.318304  0.101823  2.000000  0.999791  0.005318  0.019726  -0.019763  0.006890  0.999781  0.005181  -0.999962  0.006993  0.999977  0.002056  0.006441  -0.002015  0.999977  -0.006407  -0.006454  0.006394  0.999959  1.000000  0.000025  0.000081  -0.000025  1.000000  -0.000080  -0.000081  0.000080  1.000000  0.999791  0.005318  0.019726  -0.019763  0.006890  0.999781  0.005181  -0.999962  0.006993  0.000109  0.009310  
148.536638 0.007302  0.093369  0.006852  0.996884  0.078796  -0.003666  -0.001847  0.069785  0.997560  0.078859  -0.994445  0.069713  0.001683  -0.001803  0.000146  -0.288637  -0.317916  0.106408  2.000000  0.999783  0.005454  0.020130  -0.020169  0.007290  0.999770  0.005306  -0.999959  0.007398  0.999976  0.002074  0.006645  -0.002030  0.999977  -0.006513  -0.006658  0.006499  0.999957  1.000000  0.000026  0.000083  -0.000026  1.000000  -0.000081  -0.000083  0.000081  1.000000  0.999783  0.005454  0.020130  -0.020169  0.007290  0.999770  0.005306  -0.999959  0.007398  0.000110  0.009528  
148.537876 0.007305  0.093368  0.006854  0.996872  0.078970  -0.003098  -0.002463  0.070220  0.997528  0.078993  -0.994401  0.070195  0.001821  -0.001612  0.000374  -0.293855  -0.322178  0.106127  2.000000  0.999773  0.005593  0.020540  -0.020583  0.007692  0.999759  0.005434  -0.999955  0.007806  0.999976  0.002076  0.006644  -0.002033  0.999977  -0.006512  -0.006657  0.006498  0.999957  1.000000  0.000026  0.000083  -0.000026  1.000000  -0.000081  -0.000083  0.000081  1.000000  0.999773  0.005593  0.020540  -0.020583  0.007692  0.999759  0.005434  -0.999955  0.007806  0.000111  0.009527  
148.539130 0.007308  0.093367  0.006857  0.996860  0.079131  -0.002735  -0.002873  0.070671  0.997496  0.079126  -0.994356  0.070677  0.001931  -0.001420  0.000604  -0.300828  -0.317878  0.106676  2.000000  0.999764  0.005739  0.020963  -0.021009  0.008100  0.999746  0.005568  -0.999951  0.008218  0.999974  0.002227  0.006838  -0.002182  0.999976  -0.006617  -0.006853  0.006602  0.999955  1.000000  0.000028  0.000086  -0.000028  1.000000  -0.000083  -0.000086  0.000083  1.000000  0.999764  0.005739  0.020963  -0.021009  0.008100  0.999746  0.005568  -0.999951  0.008218  0.000112  0.009768  
148.540381 0.007311  0.093367  0.006860  0.996849  0.079292  -0.002372  -0.003284  0.071122  0.997462  0.079259  -0.994311  0.071159  0.002055  -0.001193  0.000879  -0.308995  -0.317895  0.106811  2.000000  0.999756  0.005857  0.021311  -0.021360  0.008430  0.999736  0.005676  -0.999947  0.008553  0.999973  0.002245  0.007042  -0.002198  0.999975  -0.006722  -0.007057  0.006706  0.999953  1.000000  0.000028  0.000088  -0.000028  1.000000  -0.000084  -0.000088  0.000084  1.000000  0.999756  0.005857  0.021311  -0.021360  0.008430  0.999736  0.005676  -0.999947  0.008553  0.000114  0.009985  
148.541630 0.007313  0.093367  0.006862  0.996836  0.079468  -0.001804  -0.003899  0.071557  0.997429  0.079393  -0.994266  0.071640  0.002062  -0.001054  0.001089  -0.313364  -0.328827  0.106940  2.000000  0.999745  0.006009  0.021756  -0.021809  0.008849  0.999723  0.005815  -0.999943  0.008978  0.999971  0.002263  0.007245  -0.002213  0.999974  -0.006826  -0.007261  0.006810  0.999950  1.000000  0.000028  0.000091  -0.000028  1.000000  -0.000085  -0.000091  0.000085  1.000000  0.999745  0.006009  0.021756  -0.021809  0.008849  0.999723  0.005815  -0.999943  0.008978  0.000116  0.010203  
148.542630 0.007315  0.093366  0.006864  0.996834  0.079497  -0.001423  -0.004310  0.071887  0.997403  0.079393  -0.994240  0.072002  0.002072  -0.001017  0.001202  -0.316060  -0.331942  0.103500  2.000000  0.999736  0.006134  0.022124  -0.022180  0.009187  0.999712  0.005929  -0.999939  0.009320  0.999970  0.002280  0.007449  -0.002229  0.999974  -0.006809  -0.007464  0.006792  0.999949  1.000000  0.000028  0.000093  -0.000028  1.000000  -0.000085  -0.000093  0.000085  1.000000  0.999736  0.006134  0.022124  -0.022180  0.009187  0.999712  0.005929  -0.999939  0.009320  0.000117  0.010341  
148.543631 0.007317  0.093367  0.006865  0.996822  0.079659  -0.001050  -0.004720  0.072217  0.997378  0.079526  -0.994203  0.072363  0.002039  -0.000906  0.001363  -0.316892  -0.335650  0.107643  2.000000  0.999727  0.006258  0.022500  -0.022559  0.009524  0.999700  0.006042  -0.999935  0.009662  0.999968  0.002431  0.007643  -0.002379  0.999974  -0.006793  -0.007660  0.006775  0.999948  1.000000  0.000030  0.000096  -0.000030  1.000000  -0.000085  -0.000096  0.000085  1.000000  0.999727  0.006258  0.022500  -0.022559  0.009524  0.999700  0.006042  -0.999935  0.009662  0.000119  0.010505  
148.544632 0.007318  0.093366  0.006866  0.996809  0.079822  -0.000679  -0.005130  0.072546  0.997352  0.079660  -0.994166  0.072724  0.002016  -0.000837  0.001467  -0.320819  -0.335539  0.107721  2.000000  0.999718  0.006379  0.022880  -0.022943  0.009860  0.999688  0.006152  -0.999931  0.010004  0.999968  0.002300  0.007652  -0.002248  0.999974  -0.006792  -0.007668  0.006775  0.999948  1.000000  0.000028  0.000096  -0.000028  1.000000  -0.000085  -0.000096  0.000085  1.000000  0.999718  0.006379  0.022880  -0.022943  0.009860  0.999688  0.006152  -0.999931  0.010004  0.000119  0.010482  
148.545635 0.007320  0.093365  0.006867  0.996807  0.079851  -0.000297  -0.005541  0.072876  0.997326  0.079660  -0.994139  0.073086  0.001953  -0.000771  0.001534  -0.322955  -0.345183  0.109213  2.000000  0.999708  0.006508  0.023266  -0.023331  0.010199  0.999676  0.006269  -0.999927  0.010348  0.999966  0.002452  0.007846  -0.002398  0.999973  -0.006898  -0.007863  0.006879  0.999945  1.000000  0.000030  0.000098  -0.000030  1.000000  -0.000086  -0.000098  0.000086  1.000000  0.999708  0.006508  0.023266  -0.023331  0.010199  0.999676  0.006269  -0.999927  0.010348  0.000121  0.010725  
148.546883 0.007321  0.093364  0.006868  0.996792  0.080030  0.000270  -0.006156  0.073310  0.997290  0.079793  -0.994093  0.073567  0.001853  -0.000754  0.001535  -0.323755  -0.349118  0.108928  2.000000  0.999696  0.006668  0.023756  -0.023826  0.010624  0.999660  0.006414  -0.999921  0.010780  0.999965  0.002470  0.008050  -0.002415  0.999973  -0.006881  -0.008066  0.006861  0.999944  1.000000  0.000031  0.000101  -0.000031  1.000000  -0.000086  -0.000101  0.000086  1.000000  0.999696  0.006668  0.023756  -0.023826  0.010624  0.999660  0.006414  -0.999921  0.010780  0.000122  0.010868  
148.547886 0.007322  0.093363  0.006869  0.996779  0.080193  0.000642  -0.006567  0.073639  0.997263  0.079926  -0.994056  0.073928  0.001763  -0.000719  0.001580  -0.325854  -0.358524  0.114915  2.000000  0.999688  0.006768  0.024054  -0.024127  0.010886  0.999650  0.006504  -0.999918  0.011045  0.999964  0.002608  0.008038  -0.002550  0.999971  -0.007123  -0.008057  0.007102  0.999942  1.000000  0.000032  0.000101  -0.000032  1.000000  -0.000089  -0.000101  0.000089  1.000000  0.999688  0.006768  0.024054  -0.024127  0.010886  0.999650  0.006504  -0.999918  0.011045  0.000125  0.011046  
148.549130 0.007322  0.093361  0.006870  0.996764  0.080372  0.001209  -0.007182  0.074072  0.997227  0.080060  -0.994009  0.074410  0.001674  -0.000724  0.001542  -0.329405  -0.365429  0.115569  2.000000  0.999674  0.006935  0.024559  -0.024637  0.011324  0.999632  0.006655  -0.999912  0.011491  0.999963  0.002492  0.008252  -0.002434  0.999972  -0.007106  -0.008270  0.007086  0.999941  1.000000  0.000031  0.000103  -0.000031  1.000000  -0.000089  -0.000103  0.000089  1.000000  0.999674  0.006935  0.024559  -0.024637  0.011324  0.999632  0.006655  -0.999912  0.011491  0.000127  0.011165  
148.550384 0.007323  0.093359  0.006871  0.996760  0.080419  0.001786  -0.007798  0.074506  0.997190  0.080060  -0.993973  0.074892  0.001536  -0.000751  0.001459  -0.332397  -0.379491  0.112210  2.000000  0.999660  0.007105  0.025072  -0.025154  0.011767  0.999614  0.006808  -0.999906  0.011941  0.999963  0.002496  0.008251  -0.002437  0.999971  -0.007226  -0.008269  0.007206  0.999940  1.000000  0.000031  0.000103  -0.000031  1.000000  -0.000090  -0.000103  0.000090  1.000000  0.999660  0.007105  0.025072  -0.025154  0.011767  0.999614  0.006808  -0.999906  0.011941  0.000127  0.011242  
148.551635 0.007323  0.093356  0.006871  0.996744  0.080599  0.002362  -0.008413  0.074819  0.997162  0.080193  -0.993935  0.075253  0.001399  -0.000835  0.001304  -0.327607  -0.386187  0.112815  2.000000  0.999646  0.007272  0.025584  -0.025672  0.012203  0.999596  0.006957  -0.999899  0.012385  0.999963  0.002499  0.008250  -0.002442  0.999973  -0.006983  -0.008267  0.006962  0.999942  1.000000  0.000031  0.000103  -0.000031  1.000000  -0.000087  -0.000103  0.000087  1.000000  0.999646  0.007272  0.025584  -0.025672  0.012203  0.999596  0.006957  -0.999899  0.012385  0.000130  0.011087  
