1-Time 2-Px 3-Py 4-Pz 5-R11 6-R21 7-R31 8-R12 9-R22 10-R32 11-R13 12-R23 13-R33 14-Vx 15-Vy 16-Vz 17-Wx 18-Wy 19-Wz 20-state 21-PR11 22-PR21 23-PR31 24-PR12 25-PR22 26-PR32 27-PR13 28-PR23 29-PR33 
47.837404 0.012270  0.100650  -0.004184  0.989046  0.133814  0.062297  -0.138332  0.987545  0.074966  -0.051490  -0.082762  0.995238  0.000072  0.000060  0.000010  0.000000  0.000000  0.000000  2.000000  1.000000  0.000000  0.000000  -0.000000  1.000000  0.000000  0.000000  -0.000000  1.000000  1.000000  -0.000205  -0.000017  0.000205  1.000000  0.000011  0.000017  -0.000011  1.000000  1.000000  0.000000  0.000000  0.000000  1.000000  0.000000  0.000000  0.000000  1.000000  0.734559  0.009381  0.678480  -0.055159  0.997421  0.045927  -0.676300  -0.071160  0.733182  0.000000  0.000000  
47.838406 0.012270  0.100650  -0.004184  0.989046  0.133814  0.062297  -0.138332  0.987545  0.074966  -0.051490  -0.082762  0.995238  0.000072  0.000060  0.000010  0.000000  0.000000  0.000000  2.000000  1.000000  0.000000  0.000000  0.000000  1.000000  0.000000  0.000000  0.000000  1.000000  1.000000  0.000000  0.000000  0.000000  1.000000  0.000000  0.000000  0.000000  1.000000  1.000000  0.000000  0.000000  0.000000  1.000000  0.000000  0.000000  0.000000  1.000000  1.000000  0.000000  0.000000  0.000000  1.000000  0.000000  0.000000  0.000000  1.000000  0.000000  0.000000  
47.839411 0.012272  0.100652  -0.004185  0.988961  0.134416  0.062360  -0.138943  0.987453  0.075047  -0.051490  -0.082883  0.995228  0.000183  0.000110  -0.000084  0.000000  0.000000  0.000000  2.000000  1.000000  0.000000  0.000000  0.000000  1.000000  0.000000  0.000000  0.000000  1.000000  1.000000  0.000410  0.000034  -0.000410  1.000000  0.000100  -0.000034  -0.000100  1.000000  1.000000  0.000000  0.000000  0.000000  1.000000  0.000000  0.000000  0.000000  1.000000  1.000000  0.000000  0.000000  0.000000  1.000000  0.000000  0.000000  0.000000  1.000000  0.000000  0.000000  
47.840656 0.012275  0.100653  -0.004186  0.988832  0.135200  0.062702  -0.139756  0.987336  0.075078  -0.051757  -0.083002  0.995204  0.000430  0.000200  -0.000160  0.000000  0.000000  0.000000  2.000000  1.000000  0.000000  0.000000  0.000000  1.000000  0.000000  0.000000  0.000000  1.000000  0.999999  0.001207  0.000369  -0.001207  0.999999  0.000057  -0.000369  -0.000058  1.000000  1.000000  0.000000  0.000000  0.000000  1.000000  0.000000  0.000000  0.000000  1.000000  1.000000  0.000000  0.000000  0.000000  1.000000  0.000000  0.000000  0.000000  1.000000  0.000000  0.000000  
47.841660 0.012279  0.100654  -0.004187  0.988710  0.135994  0.062912  -0.140569  0.987216  0.075127  -0.051891  -0.083123  0.995187  0.000646  0.000259  -0.000259  0.000000  0.000000  0.000000  2.000000  1.000000  0.000000  0.000000  0.000000  1.000000  0.000000  0.000000  0.000000  1.000000  0.999998  0.002015  0.000571  -0.002016  0.999998  0.000257  -0.000571  -0.000258  1.000000  1.000000  0.000000  0.000000  0.000000  1.000000  0.000000  0.000000  0.000000  1.000000  1.000000  0.000000  0.000000  0.000000  1.000000  0.000000  0.000000  0.000000  1.000000  0.000000  0.000000  
47.842907 0.012283  0.100654  -0.004190  0.988609  0.136574  0.063238  -0.141178  0.987126  0.075170  -0.052158  -0.083242  0.995163  0.000962  0.000268  -0.000408  0.000000  0.000000  0.000000  2.000000  1.000000  0.000000  0.000000  0.000000  1.000000  0.000000  0.000000  0.000000  1.000000  0.999996  0.002813  0.000906  -0.002813  0.999996  0.000335  -0.000905  -0.000337  1.000000  1.000000  0.000000  0.000000  0.000000  1.000000  0.000000  0.000000  0.000000  1.000000  1.000000  0.000000  0.000000  0.000000  1.000000  0.000000  0.000000  0.000000  1.000000  0.000000  0.000000  
47.843910 0.012288  0.100655  -0.004191  0.988551  0.136965  0.063302  -0.141585  0.987052  0.075384  -0.052158  -0.083483  0.995143  0.001231  0.000331  -0.000508  0.000000  0.000000  0.000000  2.000000  1.000000  0.000000  0.000000  0.000000  1.000000  0.000000  0.000000  0.000000  1.000000  0.999994  0.003222  0.000941  -0.003223  0.999995  0.000434  -0.000940  -0.000437  0.999999  1.000000  0.000000  0.000000  0.000000  1.000000  0.000000  0.000000  0.000000  1.000000  1.000000  0.000000  0.000000  0.000000  1.000000  0.000000  0.000000  0.000000  1.000000  0.000000  0.000000  
47.845150 0.012295  0.100658  -0.004192  0.988434  0.137770  0.063381  -0.142399  0.986929  0.075451  -0.052158  -0.083604  0.995133  0.001690  0.000462  -0.000560  0.000000  0.000000  0.000000  2.000000  1.000000  0.000000  0.000000  0.000000  1.000000  0.000000  0.000000  0.000000  1.000000  0.999992  0.003837  0.000993  -0.003837  0.999992  0.000644  -0.000991  -0.000648  0.999999  1.000000  0.000000  0.000000  0.000000  1.000000  0.000000  0.000000  0.000000  1.000000  1.000000  0.000000  0.000000  0.000000  1.000000  0.000000  0.000000  0.000000  1.000000  0.000000  0.000000  
47.846182 0.012300  0.100660  -0.004193  0.988353  0.138383  0.063313  -0.143010  0.986833  0.075551  -0.052024  -0.083725  0.995130  0.002055  0.000591  -0.000658  0.000000  0.000000  0.000000  2.000000  1.000000  0.000000  0.000000  0.000000  1.000000  0.000000  0.000000  0.000000  1.000000  0.999990  0.004462  0.000912  -0.004463  0.999990  0.000734  -0.000909  -0.000738  0.999999  1.000000  0.000000  0.000000  0.000000  1.000000  0.000000  0.000000  0.000000  1.000000  1.000000  0.000000  0.000000  0.000000  1.000000  0.000000  0.000000  0.000000  1.000000  0.000000  0.000000  
47.847407 0.012306  0.100662  -0.004194  0.988205  0.139383  0.063424  -0.144027  0.986672  0.075725  -0.052024  -0.083967  0.995110  0.002492  0.000726  -0.000718  0.030847  -0.033228  0.182927  2.000000  1.000000  0.000067  0.000190  -0.000067  1.000000  0.000032  -0.000190  -0.000032  1.000000  0.999984  0.005487  0.000999  -0.005487  0.999985  0.000923  -0.000994  -0.000928  0.999999  1.000000  0.000024  0.000066  -0.000024  1.000000  0.000012  -0.000066  -0.000012  1.000000  1.000000  0.000067  0.000190  -0.000067  1.000000  0.000032  -0.000190  -0.000032  1.000000  0.000045  0.005653  
47.848430 0.012312  0.100663  -0.004194  0.988050  0.140380  0.063651  -0.145043  0.986521  0.075760  -0.052158  -0.084087  0.995092  0.002869  0.000835  -0.000729  0.032991  -0.041430  0.225217  2.000000  1.000000  0.000172  0.000479  -0.000172  1.000000  0.000080  -0.000479  -0.000080  1.000000  0.999978  0.006499  0.001219  -0.006501  0.999978  0.000989  -0.001213  -0.000997  0.999999  1.000000  0.000027  0.000078  -0.000027  1.000000  0.000012  -0.000078  -0.000012  1.000000  1.000000  0.000172  0.000479  -0.000172  1.000000  0.000080  -0.000479  -0.000080  1.000000  0.000056  0.006687  
47.849683 0.012320  0.100667  -0.004194  0.987856  0.141561  0.064042  -0.146262  0.986331  0.075882  -0.052425  -0.084327  0.995058  0.003453  0.001063  -0.000756  0.038936  -0.053857  0.265634  2.000000  1.000000  0.000291  0.000823  -0.000291  1.000000  0.000134  -0.000823  -0.000134  1.000000  0.999971  0.007512  0.001441  -0.007514  0.999971  0.001176  -0.001432  -0.001187  0.999998  1.000000  0.000031  0.000090  -0.000031  1.000000  0.000015  -0.000090  -0.000015  1.000000  1.000000  0.000291  0.000823  -0.000291  1.000000  0.000134  -0.000823  -0.000134  1.000000  0.000065  0.007740  
47.850914 0.012330  0.100671  -0.004194  0.987691  0.142546  0.064401  -0.147276  0.986179  0.075896  -0.052692  -0.084447  0.995034  0.004136  0.001390  -0.000717  0.041203  -0.065764  0.299489  2.000000  0.999999  0.000425  0.001229  -0.000425  1.000000  0.000193  -0.001229  -0.000194  0.999999  0.999960  0.008719  0.001812  -0.008721  0.999961  0.001230  -0.001801  -0.001245  0.999998  1.000000  0.000035  0.000106  -0.000035  1.000000  0.000015  -0.000106  -0.000015  1.000000  0.999999  0.000425  0.001229  -0.000425  1.000000  0.000193  -0.001229  -0.000194  0.999999  0.000076  0.008991  
47.851916 0.012339  0.100676  -0.004192  0.987532  0.143534  0.064646  -0.148292  0.986015  0.076049  -0.052826  -0.084688  0.995006  0.004696  0.001745  -0.000544  0.047523  -0.073166  0.333477  2.000000  0.999999  0.000533  0.001573  -0.000533  1.000000  0.000241  -0.001573  -0.000242  0.999999  0.999950  0.009720  0.002166  -0.009723  0.999952  0.001294  -0.002154  -0.001315  0.999997  1.000000  0.000037  0.000119  -0.000037  1.000000  0.000016  -0.000119  -0.000016  1.000000  0.999999  0.000533  0.001573  -0.000533  1.000000  0.000241  -0.001573  -0.000242  0.999999  0.000084  0.010044  
47.853164 0.012350  0.100683  -0.004190  0.987341  0.144733  0.064889  -0.149511  0.985830  0.076069  -0.052959  -0.084808  0.994989  0.005440  0.002191  -0.000411  0.049413  -0.081150  0.374428  2.000000  0.999998  0.000695  0.002087  -0.000696  1.000000  0.000313  -0.002087  -0.000315  0.999998  0.999937  0.010937  0.002406  -0.010941  0.999939  0.001468  -0.002390  -0.001495  0.999996  1.000000  0.000042  0.000133  -0.000042  1.000000  0.000019  -0.000133  -0.000019  1.000000  0.999998  0.000695  0.002087  -0.000696  1.000000  0.000313  -0.002087  -0.000315  0.999998  0.000095  0.011297  
47.854411 0.012362  0.100690  -0.004188  0.987148  0.145916  0.065167  -0.150729  0.985624  0.076327  -0.053093  -0.085169  0.994951  0.006033  0.002580  -0.000216  0.059438  -0.089174  0.415294  2.000000  0.999996  0.000881  0.002659  -0.000882  1.000000  0.000392  -0.002658  -0.000394  0.999996  0.999923  0.012154  0.002646  -0.012159  0.999925  0.001643  -0.002626  -0.001675  0.999995  1.000000  0.000047  0.000148  -0.000047  1.000000  0.000021  -0.000148  -0.000021  1.000000  0.999996  0.000881  0.002659  -0.000882  1.000000  0.000392  -0.002658  -0.000394  0.999996  0.000105  0.012550  
47.855415 0.012371  0.100695  -0.004187  0.986993  0.146922  0.065264  -0.151745  0.985464  0.076380  -0.053093  -0.085290  0.994941  0.006481  0.002869  -0.000088  0.061695  -0.092091  0.449632  2.000000  0.999994  0.001084  0.003281  -0.001086  0.999999  0.000480  -0.003281  -0.000484  0.999995  0.999909  0.013178  0.002736  -0.013183  0.999911  0.001829  -0.002712  -0.001865  0.999995  1.000000  0.000053  0.000160  -0.000053  1.000000  0.000023  -0.000160  -0.000023  1.000000  0.999994  0.001084  0.003281  -0.001086  0.999999  0.000480  -0.003281  -0.000484  0.999995  0.000114  0.013586  
47.856663 0.012383  0.100701  -0.004187  0.986836  0.147913  0.065396  -0.152761  0.985285  0.076671  -0.053093  -0.085652  0.994909  0.006999  0.003160  0.000004  0.072116  -0.095092  0.484064  2.000000  0.999991  0.001310  0.003950  -0.001312  0.999999  0.000578  -0.003950  -0.000583  0.999992  0.999895  0.014201  0.002827  -0.014207  0.999897  0.002016  -0.002798  -0.002056  0.999994  1.000000  0.000058  0.000171  -0.000058  1.000000  0.000025  -0.000171  -0.000025  1.000000  0.999991  0.001310  0.003950  -0.001312  0.999999  0.000578  -0.003950  -0.000583  0.999992  0.000123  0.014623  
47.857917 0.012394  0.100705  -0.004188  0.986639  0.149094  0.065676  -0.153979  0.985075  0.076928  -0.053227  -0.086013  0.994871  0.007468  0.003458  0.000133  0.082120  -0.103142  0.524861  2.000000  0.999987  0.001619  0.004847  -0.001623  0.999998  0.000718  -0.004846  -0.000726  0.999988  0.999877  0.015429  0.002937  -0.015436  0.999878  0.002313  -0.002901  -0.002358  0.999993  1.000000  0.000065  0.000185  -0.000065  1.000000  0.000029  -0.000185  -0.000029  1.000000  0.999987  0.001619  0.004847  -0.001623  0.999998  0.000718  -0.004846  -0.000726  0.999988  0.000133  0.015880  
47.859168 0.012406  0.100709  -0.004189  0.986441  0.150276  0.065958  -0.155196  0.984864  0.077185  -0.053360  -0.086375  0.994833  0.007804  0.003586  0.000146  0.092183  -0.111287  0.566065  2.000000  0.999982  0.001886  0.005630  -0.001891  0.999998  0.000845  -0.005628  -0.000855  0.999984  0.999856  0.016634  0.003315  -0.016643  0.999858  0.002605  -0.003271  -0.002660  0.999991  1.000000  0.000068  0.000201  -0.000068  1.000000  0.000033  -0.000201  -0.000033  1.000000  0.999982  0.001886  0.005630  -0.001891  0.999998  0.000845  -0.005628  -0.000855  0.999984  0.000144  0.017165  
47.860180 0.012415  0.100712  -0.004191  0.986267  0.151251  0.066337  -0.156209  0.984693  0.077314  -0.053628  -0.086615  0.994797  0.008073  0.003649  0.000046  0.098345  -0.123125  0.599124  2.000000  0.999978  0.002098  0.006257  -0.002104  0.999997  0.000950  -0.006255  -0.000963  0.999980  0.999838  0.017645  0.003542  -0.017656  0.999840  0.002910  -0.003490  -0.002972  0.999989  1.000000  0.000072  0.000213  -0.000072  1.000000  0.000037  -0.000213  -0.000037  1.000000  0.999978  0.002098  0.006257  -0.002104  0.999997  0.000950  -0.006255  -0.000963  0.999980  0.000153  0.018237  
47.861414 0.012427  0.100716  -0.004194  0.986059  0.152420  0.066750  -0.157425  0.984481  0.077548  -0.053895  -0.086975  0.994752  0.008452  0.003732  -0.000023  0.108357  -0.135782  0.639963  2.000000  0.999972  0.002392  0.007150  -0.002400  0.999997  0.001101  -0.007147  -0.001118  0.999974  0.999819  0.018645  0.003902  -0.018657  0.999821  0.003091  -0.003843  -0.003163  0.999988  1.000000  0.000075  0.000226  -0.000075  1.000000  0.000039  -0.000226  -0.000039  1.000000  0.999972  0.002392  0.007150  -0.002400  0.999997  0.001101  -0.007147  -0.001118  0.999974  0.000164  0.019305  
47.862663 0.012438  0.100717  -0.004198  0.985882  0.153385  0.067149  -0.158438  0.984299  0.077796  -0.054162  -0.087336  0.994705  0.008658  0.003640  -0.000263  0.118668  -0.147797  0.673583  2.000000  0.999964  0.002688  0.008075  -0.002698  0.999996  0.001263  -0.008072  -0.001284  0.999967  0.999810  0.019042  0.004077  -0.019055  0.999813  0.003306  -0.004013  -0.003383  0.999986  1.000000  0.000075  0.000232  -0.000075  1.000000  0.000042  -0.000231  -0.000042  1.000000  0.999964  0.002688  0.008075  -0.002698  0.999996  0.001263  -0.008072  -0.001284  0.999967  0.000173  0.019759  
47.863900 0.012448  0.100718  -0.004202  0.985712  0.154362  0.067417  -0.159451  0.984115  0.078063  -0.054296  -0.087697  0.994666  0.008846  0.003549  -0.000510  0.128025  -0.154150  0.702134  2.000000  0.999953  0.003062  0.009245  -0.003076  0.999994  0.001481  -0.009240  -0.001509  0.999956  0.999806  0.019233  0.004235  -0.019248  0.999809  0.003531  -0.004166  -0.003612  0.999985  1.000000  0.000075  0.000235  -0.000075  1.000000  0.000045  -0.000235  -0.000045  1.000000  0.999953  0.003062  0.009245  -0.003076  0.999994  0.001481  -0.009240  -0.001509  0.999956  0.000181  0.020016  
47.865151 0.012458  0.100719  -0.004207  0.985573  0.155137  0.067669  -0.160262  0.983961  0.078344  -0.054429  -0.088059  0.994627  0.008922  0.003364  -0.000858  0.138676  -0.161093  0.729158  2.000000  0.999940  0.003439  0.010410  -0.003457  0.999993  0.001710  -0.010404  -0.001746  0.999944  0.999806  0.019243  0.004109  -0.019258  0.999807  0.003771  -0.004035  -0.003850  0.999984  1.000000  0.000076  0.000234  -0.000076  1.000000  0.000048  -0.000234  -0.000048  1.000000  0.999940  0.003439  0.010410  -0.003457  0.999993  0.001710  -0.010404  -0.001746  0.999944  0.000190  0.020044  
47.866153 0.012467  0.100720  -0.004210  0.985433  0.155911  0.067921  -0.161072  0.983806  0.078625  -0.054563  -0.088420  0.994588  0.009016  0.003194  -0.001176  0.149291  -0.168007  0.756002  2.000000  0.999929  0.003746  0.011349  -0.003768  0.999991  0.001901  -0.011342  -0.001944  0.999934  0.999802  0.019446  0.004134  -0.019462  0.999803  0.003878  -0.004057  -0.003958  0.999984  1.000000  0.000077  0.000236  -0.000077  1.000000  0.000049  -0.000236  -0.000049  1.000000  0.999929  0.003746  0.011349  -0.003768  0.999991  0.001901  -0.011342  -0.001944  0.999934  0.000197  0.020264  
47.867169 0.012476  0.100723  -0.004213  0.985293  0.156692  0.068155  -0.161883  0.983660  0.078786  -0.054696  -0.088661  0.994559  0.008979  0.002995  -0.001454  0.157071  -0.176245  0.788952  2.000000  0.999916  0.004060  0.012309  -0.004086  0.999989  0.002100  -0.012300  -0.002150  0.999922  0.999794  0.019854  0.004177  -0.019871  0.999794  0.004098  -0.004094  -0.004180  0.999983  1.000000  0.000079  0.000241  -0.000079  1.000000  0.000052  -0.000241  -0.000052  1.000000  0.999916  0.004060  0.012309  -0.004086  0.999989  0.002100  -0.012300  -0.002150  0.999922  0.000204  0.020708  
47.868180 0.012484  0.100725  -0.004216  0.985193  0.157275  0.068261  -0.162491  0.983534  0.079102  -0.054696  -0.089023  0.994527  0.008884  0.002714  -0.001852  0.168145  -0.178119  0.809329  2.000000  0.999906  0.004291  0.013034  -0.004321  0.999988  0.002255  -0.013024  -0.002311  0.999913  0.999794  0.019841  0.004315  -0.019859  0.999794  0.004216  -0.004230  -0.004301  0.999982  1.000000  0.000078  0.000242  -0.000078  1.000000  0.000053  -0.000242  -0.000053  1.000000  0.999906  0.004291  0.013034  -0.004321  0.999988  0.002255  -0.013024  -0.002311  0.999913  0.000210  0.020748  
47.869410 0.012493  0.100728  -0.004219  0.985078  0.157834  0.068630  -0.163097  0.983412  0.079374  -0.054964  -0.089383  0.994480  0.008780  0.002534  -0.002039  0.174858  -0.185861  0.802427  2.000000  0.999891  0.004594  0.014015  -0.004629  0.999986  0.002472  -0.014004  -0.002537  0.999899  0.999789  0.020021  0.004607  -0.020041  0.999789  0.004445  -0.004517  -0.004536  0.999980  1.000000  0.000076  0.000245  -0.000076  1.000000  0.000056  -0.000245  -0.000056  1.000000  0.999891  0.004594  0.014015  -0.004629  0.999986  0.002472  -0.014004  -0.002537  0.999899  0.000212  0.021030  
47.870410 0.012501  0.100730  -0.004221  0.984970  0.158413  0.068849  -0.163704  0.983297  0.079549  -0.055097  -0.089624  0.994451  0.008627  0.002285  -0.002289  0.180580  -0.182461  0.802500  2.000000  0.999876  0.004878  0.014980  -0.004919  0.999984  0.002695  -0.014966  -0.002768  0.999884  0.999801  0.019393  0.004692  -0.019414  0.999801  0.004598  -0.004602  -0.004688  0.999978  1.000000  0.000071  0.000239  -0.000071  1.000000  0.000058  -0.000239  -0.000058  1.000000  0.999876  0.004878  0.014980  -0.004919  0.999984  0.002695  -0.014966  -0.002768  0.999884  0.000211  0.020487  
47.871653 0.012509  0.100732  -0.004224  0.984861  0.158983  0.069087  -0.164311  0.983172  0.079842  -0.055231  -0.089985  0.994411  0.008427  0.002069  -0.002447  0.187490  -0.180608  0.789238  2.000000  0.999856  0.005215  0.016157  -0.005264  0.999982  0.002982  -0.016141  -0.003066  0.999865  0.999817  0.018572  0.004624  -0.018594  0.999816  0.004640  -0.004537  -0.004725  0.999979  1.000000  0.000067  0.000230  -0.000067  1.000000  0.000059  -0.000230  -0.000059  1.000000  0.999856  0.005215  0.016157  -0.005264  0.999982  0.002982  -0.016141  -0.003066  0.999865  0.000208  0.019705  
47.872655 0.012515  0.100733  -0.004227  0.984786  0.159368  0.069270  -0.164716  0.983099  0.079911  -0.055364  -0.090105  0.994392  0.008227  0.001910  -0.002556  0.189248  -0.177115  0.789229  2.000000  0.999839  0.005473  0.017063  -0.005528  0.999980  0.003215  -0.017045  -0.003309  0.999849  0.999829  0.017969  0.004440  -0.017990  0.999827  0.004794  -0.004353  -0.004873  0.999979  1.000000  0.000065  0.000222  -0.000065  1.000000  0.000060  -0.000222  -0.000060  1.000000  0.999839  0.005473  0.017063  -0.005528  0.999980  0.003215  -0.017045  -0.003309  0.999849  0.000208  0.019131  
47.873908 0.012520  0.100733  -0.004229  0.984677  0.159938  0.069509  -0.165323  0.982973  0.080204  -0.055498  -0.090466  0.994352  0.007791  0.001682  -0.002637  0.191292  -0.180916  0.789034  2.000000  0.999819  0.005780  0.018143  -0.005845  0.999977  0.003511  -0.018122  -0.003616  0.999829  0.999847  0.016956  0.004219  -0.016976  0.999844  0.004850  -0.004136  -0.004921  0.999979  1.000000  0.000061  0.000210  -0.000061  1.000000  0.000061  -0.000210  -0.000061  1.000000  0.999819  0.005780  0.018143  -0.005845  0.999977  0.003511  -0.018122  -0.003616  0.999829  0.000208  0.018144  
47.874908 0.012524  0.100733  -0.004232  0.984635  0.160111  0.069696  -0.165524  0.982923  0.080406  -0.055632  -0.090707  0.994323  0.007412  0.001480  -0.002765  0.197970  -0.185184  0.774300  2.000000  0.999802  0.006008  0.018960  -0.006080  0.999974  0.003752  -0.018937  -0.003866  0.999813  0.999861  0.016136  0.004150  -0.016156  0.999858  0.004894  -0.004070  -0.004961  0.999979  1.000000  0.000056  0.000200  -0.000056  1.000000  0.000062  -0.000200  -0.000062  1.000000  0.999802  0.006008  0.018960  -0.006080  0.999974  0.003752  -0.018937  -0.003866  0.999813  0.000207  0.017375  
47.876176 0.012528  0.100734  -0.004235  0.984560  0.160487  0.069899  -0.165928  0.982839  0.080593  -0.055765  -0.090947  0.994293  0.006842  0.001240  -0.002766  0.200831  -0.192160  0.760587  2.000000  0.999782  0.006264  0.019923  -0.006346  0.999972  0.004058  -0.019897  -0.004183  0.999793  0.999878  0.015111  0.004063  -0.015131  0.999873  0.004951  -0.003987  -0.005012  0.999979  1.000000  0.000051  0.000189  -0.000051  1.000000  0.000062  -0.000189  -0.000062  1.000000  0.999782  0.006264  0.019923  -0.006346  0.999972  0.004058  -0.019897  -0.004183  0.999793  0.000204  0.016422  
47.877425 0.012531  0.100734  -0.004239  0.984526  0.160664  0.069974  -0.166131  0.982777  0.080937  -0.055765  -0.091309  0.994260  0.006349  0.001147  -0.002762  0.208336  -0.190858  0.732050  2.000000  0.999766  0.006450  0.020654  -0.006541  0.999969  0.004308  -0.020625  -0.004442  0.999777  0.999890  0.014291  0.003992  -0.014311  0.999884  0.005119  -0.003918  -0.005176  0.999979  1.000000  0.000047  0.000180  -0.000047  1.000000  0.000064  -0.000180  -0.000064  1.000000  0.999766  0.006450  0.020654  -0.006541  0.999969  0.004308  -0.020625  -0.004442  0.999777  0.000198  0.015706  
47.878655 0.012533  0.100733  -0.004244  0.984450  0.161039  0.070177  -0.166535  0.982693  0.081124  -0.055899  -0.091549  0.994230  0.005789  0.001014  -0.002815  0.209775  -0.184206  0.705178  2.000000  0.999750  0.006616  0.021352  -0.006714  0.999967  0.004562  -0.021321  -0.004704  0.999762  0.999898  0.013663  0.004074  -0.013684  0.999893  0.005153  -0.004003  -0.005208  0.999978  1.000000  0.000042  0.000173  -0.000042  1.000000  0.000065  -0.000173  -0.000065  1.000000  0.999750  0.006616  0.021352  -0.006714  0.999967  0.004562  -0.021321  -0.004704  0.999762  0.000192  0.015170  
47.879667 0.012535  0.100732  -0.004248  0.984408  0.161213  0.070364  -0.166736  0.982642  0.081326  -0.056032  -0.091790  0.994201  0.005316  0.000913  -0.002878  0.213210  -0.181085  0.679161  2.000000  0.999735  0.006765  0.022024  -0.006872  0.999965  0.004815  -0.021991  -0.004965  0.999746  0.999909  0.012831  0.004136  -0.012852  0.999904  0.005198  -0.004069  -0.005251  0.999978  1.000000  0.000036  0.000165  -0.000036  1.000000  0.000065  -0.000165  -0.000065  1.000000  0.999735  0.006765  0.022024  -0.006872  0.999965  0.004815  -0.021991  -0.004965  0.999746  0.000187  0.014458  
47.880910 0.012536  0.100732  -0.004255  0.984366  0.161377  0.070571  -0.166938  0.982581  0.081647  -0.056166  -0.092151  0.994160  0.004651  0.000756  -0.003067  0.222562  -0.174305  0.651909  2.000000  0.999720  0.006894  0.022651  -0.007011  0.999963  0.005068  -0.022616  -0.005225  0.999731  0.999923  0.011819  0.003912  -0.011839  0.999917  0.005134  -0.003851  -0.005180  0.999979  1.000000  0.000032  0.000152  -0.000032  1.000000  0.000064  -0.000152  -0.000064  1.000000  0.999720  0.006894  0.022651  -0.007011  0.999963  0.005068  -0.022616  -0.005225  0.999731  0.000179  0.013475  
47.882152 0.012537  0.100730  -0.004263  0.984317  0.161529  0.070909  -0.167138  0.982522  0.081945  -0.056433  -0.092511  0.994111  0.004078  0.000483  -0.003338  0.231024  -0.171708  0.609251  2.000000  0.999702  0.007028  0.023361  -0.007156  0.999960  0.005385  -0.023322  -0.005550  0.999713  0.999942  0.010204  0.003498  -0.010222  0.999935  0.005105  -0.003446  -0.005141  0.999981  1.000000  0.000026  0.000132  -0.000026  1.000000  0.000064  -0.000132  -0.000064  1.000000  0.999702  0.007028  0.023361  -0.007156  0.999960  0.005385  -0.023322  -0.005550  0.999713  0.000171  0.011942  
47.883155 0.012536  0.100728  -0.004269  0.984275  0.161702  0.071096  -0.167339  0.982471  0.082146  -0.056567  -0.092752  0.994081  0.003509  0.000200  -0.003576  0.233848  -0.173607  0.590074  2.000000  0.999690  0.007114  0.023867  -0.007250  0.999958  0.005637  -0.023826  -0.005809  0.999699  0.999952  0.009192  0.003273  -0.009209  0.999945  0.005042  -0.003226  -0.005071  0.999982  1.000000  0.000022  0.000120  -0.000022  1.000000  0.000063  -0.000120  -0.000063  1.000000  0.999690  0.007114  0.023867  -0.007250  0.999958  0.005637  -0.023826  -0.005809  0.999699  0.000164  0.010990  
47.884161 0.012535  0.100726  -0.004276  0.984275  0.161685  0.071135  -0.167339  0.982451  0.082385  -0.056567  -0.092993  0.994059  0.002848  -0.000125  -0.003889  0.235641  -0.166217  0.556176  2.000000  0.999681  0.007170  0.024222  -0.007313  0.999956  0.005828  -0.024179  -0.006003  0.999690  0.999956  0.008781  0.003238  -0.008798  0.999948  0.005185  -0.003192  -0.005213  0.999981  1.000000  0.000020  0.000115  -0.000020  1.000000  0.000065  -0.000115  -0.000065  1.000000  0.999681  0.007170  0.024222  -0.007313  0.999956  0.005828  -0.024179  -0.006003  0.999690  0.000158  0.010707  
47.885172 0.012535  0.100724  -0.004282  0.984233  0.161858  0.071323  -0.167541  0.982400  0.082586  -0.056700  -0.093234  0.994028  0.002325  -0.000350  -0.004080  0.239401  -0.169083  0.525811  2.000000  0.999670  0.007230  0.024663  -0.007382  0.999954  0.006083  -0.024618  -0.006263  0.999677  0.999963  0.007962  0.003164  -0.007978  0.999954  0.005231  -0.003122  -0.005256  0.999981  1.000000  0.000016  0.000106  -0.000016  1.000000  0.000066  -0.000106  -0.000066  1.000000  0.999670  0.007230  0.024663  -0.007382  0.999954  0.006083  -0.024618  -0.006263  0.999677  0.000151  0.010045  
47.886410 0.012534  0.100723  -0.004288  0.984233  0.161832  0.071382  -0.167541  0.982370  0.082944  -0.056700  -0.093595  0.993994  0.001782  -0.000524  -0.004295  0.241385  -0.166232  0.491520  2.000000  0.999659  0.007284  0.025078  -0.007445  0.999952  0.006343  -0.025031  -0.006527  0.999665  0.999967  0.007564  0.002995  -0.007580  0.999957  0.005255  -0.002955  -0.005277  0.999982  1.000000  0.000015  0.000101  -0.000015  1.000000  0.000066  -0.000101  -0.000066  1.000000  0.999659  0.007284  0.025078  -0.007445  0.999952  0.006343  -0.025031  -0.006527  0.999665  0.000145  0.009691  
47.887656 0.012533  0.100722  -0.004294  0.984226  0.161793  0.071572  -0.167539  0.982342  0.083279  -0.056834  -0.093956  0.993953  0.001140  -0.000712  -0.004509  0.245269  -0.166350  0.452844  2.000000  0.999647  0.007330  0.025551  -0.007503  0.999950  0.006667  -0.025500  -0.006857  0.999651  0.999974  0.006540  0.002901  -0.006555  0.999965  0.005192  -0.002867  -0.005211  0.999982  1.000000  0.000010  0.000089  -0.000010  1.000000  0.000065  -0.000089  -0.000065  1.000000  0.999647  0.007330  0.025551  -0.007503  0.999950  0.006667  -0.025500  -0.006857  0.999651  0.000136  0.008845  
47.888911 0.012530  0.100720  -0.004300  0.984218  0.161763  0.071742  -0.167538  0.982324  0.083495  -0.056967  -0.094197  0.993922  0.000619  -0.000937  -0.004703  0.243407  -0.158332  0.412249  2.000000  0.999636  0.007354  0.025962  -0.007538  0.999947  0.006990  -0.025910  -0.007183  0.999638  0.999981  0.005516  0.002807  -0.005530  0.999971  0.005250  -0.002778  -0.005265  0.999982  1.000000  0.000004  0.000077  -0.000004  1.000000  0.000066  -0.000077  -0.000066  1.000000  0.999636  0.007354  0.025962  -0.007538  0.999947  0.006990  -0.025910  -0.007183  0.999638  0.000127  0.008121  
47.890160 0.012529  0.100718  -0.004304  0.984245  0.161531  0.071895  -0.167334  0.982339  0.083726  -0.057101  -0.094437  0.993892  0.000262  -0.001052  -0.004821  0.242095  -0.149762  0.365064  2.000000  0.999630  0.007353  0.026177  -0.007544  0.999946  0.007177  -0.026123  -0.007372  0.999632  0.999987  0.004287  0.002692  -0.004300  0.999978  0.004956  -0.002670  -0.004968  0.999984  1.000000  0.000000  0.000000  0.000000  1.000000  0.000000  0.000000  0.000000  1.000000  0.999630  0.007353  0.026177  -0.007544  0.999946  0.007177  -0.026123  -0.007372  0.999632  0.000117  0.000000  
47.891410 0.012527  0.100716  -0.004309  0.984203  0.161704  0.072083  -0.167536  0.982287  0.083927  -0.057235  -0.094677  0.993861  -0.000182  -0.001218  -0.004948  0.239738  -0.142224  0.331080  2.000000  0.999630  0.007353  0.026177  -0.007544  0.999946  0.007177  -0.026123  -0.007372  0.999632  0.999989  0.003877  0.002654  -0.003890  0.999981  0.004858  -0.002635  -0.004869  0.999985  1.000000  0.000000  0.000000  0.000000  1.000000  0.000000  0.000000  0.000000  1.000000  0.999630  0.007353  0.026177  -0.007544  0.999946  0.007177  -0.026123  -0.007372  0.999632  0.000110  0.000000  
47.892659 0.012526  0.100714  -0.004313  0.984196  0.161674  0.072253  -0.167534  0.982269  0.084143  -0.057368  -0.094918  0.993831  -0.000436  -0.001263  -0.004927  0.237534  -0.134751  0.297311  2.000000  0.999630  0.007353  0.026177  -0.007544  0.999946  0.007177  -0.026123  -0.007372  0.999632  0.999991  0.003263  0.002596  -0.003275  0.999983  0.004772  -0.002580  -0.004781  0.999985  1.000000  0.000000  0.000000  0.000000  1.000000  0.000000  0.000000  0.000000  1.000000  0.999630  0.007353  0.026177  -0.007544  0.999946  0.007177  -0.026123  -0.007372  0.999632  0.000102  0.000000  
47.893667 0.012525  0.100714  -0.004316  0.984223  0.161450  0.072386  -0.167330  0.982294  0.084254  -0.057502  -0.095038  0.993812  -0.000580  -0.001261  -0.004814  0.233483  -0.132065  0.258297  2.000000  0.999630  0.007353  0.026177  -0.007544  0.999946  0.007177  -0.026123  -0.007372  0.999632  0.999994  0.002661  0.002405  -0.002673  0.999984  0.004929  -0.002392  -0.004935  0.999985  1.000000  0.000000  0.000000  0.000000  1.000000  0.000000  0.000000  0.000000  1.000000  0.999630  0.007353  0.026177  -0.007544  0.999946  0.007177  -0.026123  -0.007372  0.999632  0.000095  0.000000  
47.894910 0.012525  0.100715  -0.004319  0.984215  0.161420  0.072556  -0.167329  0.982276  0.084470  -0.057635  -0.095278  0.993781  -0.000702  -0.001167  -0.004600  0.230989  -0.129645  0.230818  2.000000  0.999630  0.007353  0.026177  -0.007544  0.999946  0.007177  -0.026123  -0.007372  0.999632  0.999995  0.002251  0.002366  -0.002263  0.999985  0.004952  -0.002355  -0.004957  0.999985  1.000000  0.000000  0.000000  0.000000  1.000000  0.000000  0.000000  0.000000  1.000000  0.999630  0.007353  0.026177  -0.007544  0.999946  0.007177  -0.026123  -0.007372  0.999632  0.000090  0.000000  
47.896149 0.012525  0.100716  -0.004322  0.984249  0.161200  0.072578  -0.167126  0.982288  0.084724  -0.057635  -0.095519  0.993758  -0.000743  -0.001033  -0.004397  0.227029  -0.121092  0.195248  2.000000  0.999630  0.007353  0.026177  -0.007544  0.999946  0.007177  -0.026123  -0.007372  0.999632  0.999997  0.001445  0.002155  -0.001455  0.999988  0.004757  -0.002148  -0.004760  0.999986  1.000000  0.000000  0.000000  0.000000  1.000000  0.000000  0.000000  0.000000  1.000000  0.999630  0.007353  0.026177  -0.007544  0.999946  0.007177  -0.026123  -0.007372  0.999632  0.000081  0.000000  
47.897150 0.012526  0.100717  -0.004324  0.984242  0.161170  0.072748  -0.167125  0.982270  0.084940  -0.057769  -0.095759  0.993727  -0.000714  -0.000867  -0.004109  0.228668  -0.118671  0.168015  2.000000  0.999630  0.007353  0.026177  -0.007544  0.999946  0.007177  -0.026123  -0.007372  0.999632  0.999997  0.001227  0.002269  -0.001238  0.999988  0.004769  -0.002263  -0.004772  0.999986  1.000000  0.000000  0.000000  0.000000  1.000000  0.000000  0.000000  0.000000  1.000000  0.999630  0.007353  0.026177  -0.007544  0.999946  0.007177  -0.026123  -0.007372  0.999632  0.000077  0.000000  
47.898157 0.012527  0.100718  -0.004327  0.984276  0.160959  0.072750  -0.166923  0.982293  0.085074  -0.057769  -0.095880  0.993715  -0.000608  -0.000637  -0.003738  0.222147  -0.116187  0.140697  2.000000  0.999630  0.007353  0.026177  -0.007544  0.999946  0.007177  -0.026123  -0.007372  0.999632  0.999998  0.000626  0.002077  -0.000636  0.999988  0.004804  -0.002074  -0.004806  0.999986  1.000000  0.000000  0.000000  0.000000  1.000000  0.000000  0.000000  0.000000  1.000000  0.999630  0.007353  0.026177  -0.007544  0.999946  0.007177  -0.026123  -0.007372  0.999632  0.000073  0.000000  
47.899403 0.012529  0.100719  -0.004330  0.984269  0.160920  0.072940  -0.166921  0.982264  0.085409  -0.057902  -0.096241  0.993672  -0.000439  -0.000440  -0.003543  0.223159  -0.109822  0.120521  2.000000  0.999630  0.007353  0.026177  -0.007544  0.999946  0.007177  -0.026123  -0.007372  0.999632  0.999998  0.000421  0.002057  -0.000430  0.999989  0.004695  -0.002055  -0.004696  0.999987  1.000000  0.000000  0.000000  0.000000  1.000000  0.000000  0.000000  0.000000  1.000000  0.999630  0.007353  0.026177  -0.007544  0.999946  0.007177  -0.026123  -0.007372  0.999632  0.000069  0.000000  
47.900410 0.012531  0.100720  -0.004333  0.984261  0.160898  0.073091  -0.166920  0.982256  0.085506  -0.058036  -0.096361  0.993653  -0.000272  -0.000262  -0.003283  0.220215  -0.107906  0.100009  2.000000  0.999630  0.007353  0.026177  -0.007544  0.999946  0.007177  -0.026123  -0.007372  0.999632  0.999998  0.000203  0.002170  -0.000213  0.999989  0.004707  -0.002169  -0.004707  0.999987  1.000000  0.000000  0.000000  0.000000  1.000000  0.000000  0.000000  0.000000  1.000000  0.999630  0.007353  0.026177  -0.007544  0.999946  0.007177  -0.026123  -0.007372  0.999632  0.000067  0.000000  
47.901410 0.012533  0.100721  -0.004336  0.984288  0.160665  0.073243  -0.166716  0.982270  0.085737  -0.058170  -0.096601  0.993622  -0.000090  -0.000156  -0.003181  0.221364  -0.106009  0.079516  2.000000  0.999630  0.007353  0.026177  -0.007544  0.999946  0.007177  -0.026123  -0.007372  0.999632  0.999998  -0.000207  0.002131  0.000197  0.999989  0.004731  -0.002132  -0.004730  0.999987  1.000000  0.000000  0.000000  0.000000  1.000000  0.000000  0.000000  0.000000  1.000000  0.999630  0.007353  0.026177  -0.007544  0.999946  0.007177  -0.026123  -0.007372  0.999632  0.000066  0.000000  
47.902423 0.012536  0.100721  -0.004339  0.984272  0.160622  0.073544  -0.166713  0.982254  0.085931  -0.058437  -0.096840  0.993583  0.000196  -0.000041  -0.003082  0.224236  -0.109382  0.059061  2.000000  0.999630  0.007353  0.026177  -0.007544  0.999946  0.007177  -0.026123  -0.007372  0.999632  0.999998  -0.000412  0.002111  0.000402  0.999989  0.004621  -0.002113  -0.004621  0.999987  1.000000  0.000000  0.000000  0.000000  1.000000  0.000000  0.000000  0.000000  1.000000  0.999630  0.007353  0.026177  -0.007544  0.999946  0.007177  -0.026123  -0.007372  0.999632  0.000064  0.000000  
47.903658 0.012539  0.100722  -0.004343  0.984264  0.160582  0.073734  -0.166712  0.982225  0.086266  -0.058570  -0.097201  0.993540  0.000585  0.000164  -0.002957  0.225560  -0.107528  0.038425  2.000000  0.999630  0.007353  0.026177  -0.007544  0.999946  0.007177  -0.026123  -0.007372  0.999632  0.999998  -0.000605  0.001957  0.000595  0.999989  0.004755  -0.001960  -0.004754  0.999987  1.000000  0.000000  0.000000  0.000000  1.000000  0.000000  0.000000  0.000000  1.000000  0.999630  0.007353  0.026177  -0.007544  0.999946  0.007177  -0.026123  -0.007372  0.999632  0.000063  0.000000  
47.904660 0.012542  0.100722  -0.004347  0.984264  0.160565  0.073773  -0.166712  0.982204  0.086505  -0.058570  -0.097442  0.993516  0.000868  0.000241  -0.002953  0.225941  -0.102404  0.031943  2.000000  0.999630  0.007353  0.026177  -0.007544  0.999946  0.007177  -0.026123  -0.007372  0.999632  0.999998  -0.000810  0.001937  0.000800  0.999988  0.004767  -0.001941  -0.004765  0.999987  1.000000  0.000000  0.000000  0.000000  1.000000  0.000000  0.000000  0.000000  1.000000  0.999630  0.007353  0.026177  -0.007544  0.999946  0.007177  -0.026123  -0.007372  0.999632  0.000063  0.000000  
47.905906 0.012546  0.100722  -0.004351  0.984257  0.160525  0.073962  -0.166711  0.982174  0.086840  -0.058704  -0.097803  0.993473  0.001245  0.000399  -0.002905  0.228903  -0.100275  0.018007  2.000000  0.999630  0.007353  0.026177  -0.007544  0.999946  0.007177  -0.026123  -0.007372  0.999632  0.999998  -0.000810  0.001937  0.000801  0.999989  0.004646  -0.001941  -0.004644  0.999987  1.000000  0.000000  0.000000  0.000000  1.000000  0.000000  0.000000  0.000000  1.000000  0.999630  0.007353  0.026177  -0.007544  0.999946  0.007177  -0.026123  -0.007372  0.999632  0.000063  0.000000  
47.906907 0.012549  0.100723  -0.004354  0.984257  0.160507  0.074001  -0.166711  0.982153  0.087078  -0.058704  -0.098044  0.993449  0.001506  0.000523  -0.002926  0.229293  -0.099628  0.011162  2.000000  0.999630  0.007353  0.026177  -0.007544  0.999946  0.007177  -0.026123  -0.007372  0.999632  0.999998  -0.001015  0.001917  0.001006  0.999989  0.004536  -0.001921  -0.004535  0.999988  1.000000  0.000000  0.000000  0.000000  1.000000  0.000000  0.000000  0.000000  1.000000  0.999630  0.007353  0.026177  -0.007544  0.999946  0.007177  -0.026123  -0.007372  0.999632  0.000063  0.000000  
47.908162 0.012554  0.100724  -0.004358  0.984249  0.160467  0.074191  -0.166709  0.982124  0.087413  -0.058837  -0.098405  0.993406  0.001962  0.000662  -0.002848  0.231980  -0.099142  -0.002535  2.000000  0.999630  0.007353  0.026177  -0.007544  0.999946  0.007177  -0.026123  -0.007372  0.999632  0.999998  -0.001016  0.001916  0.001007  0.999989  0.004658  -0.001921  -0.004656  0.999987  1.000000  0.000000  0.000000  0.000000  1.000000  0.000000  0.000000  0.000000  1.000000  0.999630  0.007353  0.026177  -0.007544  0.999946  0.007177  -0.026123  -0.007372  0.999632  0.000063  0.000000  
47.909418 0.012560  0.100726  -0.004360  0.984241  0.160436  0.074361  -0.166708  0.982105  0.087629  -0.058971  -0.098645  0.993374  0.002368  0.000802  -0.002834  0.232398  -0.098492  -0.009437  2.000000  0.999630  0.007353  0.026177  -0.007544  0.999946  0.007177  -0.026123  -0.007372  0.999632  0.999997  -0.001030  0.002049  0.001020  0.999989  0.004658  -0.002054  -0.004656  0.999987  1.000000  0.000000  0.000000  0.000000  1.000000  0.000000  0.000000  0.000000  1.000000  0.999630  0.007353  0.026177  -0.007544  0.999946  0.007177  -0.026123  -0.007372  0.999632  0.000064  0.000000  
47.910655 0.012565  0.100729  -0.004362  0.984241  0.160409  0.074419  -0.166708  0.982073  0.087987  -0.058971  -0.099006  0.993338  0.002729  0.000873  -0.002722  0.234910  -0.092577  -0.015781  2.000000  0.999630  0.007353  0.026177  -0.007544  0.999946  0.007177  -0.026123  -0.007372  0.999632  0.999998  -0.000812  0.001936  0.000803  0.999989  0.004646  -0.001940  -0.004644  0.999987  1.000000  0.000000  0.000000  0.000000  1.000000  0.000000  0.000000  0.000000  1.000000  0.999630  0.007353  0.026177  -0.007544  0.999946  0.007177  -0.026123  -0.007372  0.999632  0.000063  0.000000  
47.911903 0.012571  0.100732  -0.004363  0.984199  0.160580  0.074607  -0.166909  0.982020  0.088187  -0.059105  -0.099247  0.993306  0.003045  0.001019  -0.002602  0.228715  -0.088866  -0.015515  2.000000  0.999630  0.007353  0.026177  -0.007544  0.999946  0.007177  -0.026123  -0.007372  0.999632  0.999998  -0.000813  0.001936  0.000804  0.999988  0.004767  -0.001940  -0.004766  0.999987  1.000000  0.000000  0.000000  0.000000  1.000000  0.000000  0.000000  0.000000  1.000000  0.999630  0.007353  0.026177  -0.007544  0.999946  0.007177  -0.026123  -0.007372  0.999632  0.000062  0.000000  
