1-Time 2-Px 3-Py 4-Pz 5-R11 6-R21 7-R31 8-R12 9-R22 10-R32 11-R13 12-R23 13-R33 14-Vx 15-Vy 16-Vz 17-Wx 18-Wy 19-Wz 20-state 21-PR11 22-PR21 23-PR31 24-PR12 25-PR22 26-PR32 27-PR13 28-PR23 29-PR33 
51.427480 0.008724  0.099904  0.004998  0.990533  0.130056  0.043924  -0.132723  0.989049  0.064549  -0.035048  -0.069767  0.996947  0.000058  0.000063  0.000045  0.000000  0.000000  0.000000  2.000000  1.000000  0.000000  0.000000  -0.000000  1.000000  0.000000  0.000000  -0.000000  1.000000  1.000000  -0.000205  -0.000014  0.000205  1.000000  0.000007  0.000014  -0.000007  1.000000  1.000000  0.000000  0.000000  0.000000  1.000000  0.000000  0.000000  0.000000  1.000000  0.652071  0.112546  0.749758  -0.332830  0.931027  0.149708  -0.681196  -0.347162  0.644555  0.000000  0.000000  
51.428484 0.008724  0.099904  0.004998  0.990533  0.130056  0.043924  -0.132723  0.989049  0.064549  -0.035048  -0.069767  0.996947  0.000057  0.000061  0.000044  0.000000  0.000000  0.000000  2.000000  1.000000  0.000000  0.000000  0.000000  1.000000  0.000000  0.000000  0.000000  1.000000  1.000000  -0.000205  -0.000014  0.000205  1.000000  0.000007  0.000014  -0.000007  1.000000  1.000000  0.000000  0.000000  0.000000  1.000000  0.000000  0.000000  0.000000  1.000000  1.000000  0.000000  0.000000  0.000000  1.000000  0.000000  0.000000  0.000000  1.000000  0.000000  0.000000  
51.429496 0.008726  0.099905  0.005000  0.990479  0.130463  0.043951  -0.133131  0.988995  0.064531  -0.035048  -0.069767  0.996947  0.000183  0.000164  0.000146  0.000000  0.000000  0.000000  2.000000  1.000000  0.000000  0.000000  0.000000  1.000000  0.000000  0.000000  0.000000  1.000000  1.000000  0.000205  0.000014  -0.000205  1.000000  -0.000007  -0.000014  0.000007  1.000000  1.000000  0.000000  0.000000  0.000000  1.000000  0.000000  0.000000  0.000000  1.000000  1.000000  0.000000  0.000000  0.000000  1.000000  0.000000  0.000000  0.000000  1.000000  0.000000  0.000000  
51.430751 0.008729  0.099907  0.005002  0.990364  0.131263  0.044152  -0.133946  0.988881  0.064596  -0.035182  -0.069888  0.996934  0.000411  0.000315  0.000337  0.000000  0.000000  0.000000  2.000000  1.000000  0.000000  0.000000  0.000000  1.000000  0.000000  0.000000  0.000000  1.000000  0.999999  0.001017  0.000205  -0.001017  0.999999  0.000085  -0.000205  -0.000085  1.000000  1.000000  0.000000  0.000000  0.000000  1.000000  0.000000  0.000000  0.000000  1.000000  1.000000  0.000000  0.000000  0.000000  1.000000  0.000000  0.000000  0.000000  1.000000  0.000000  0.000000  
51.431991 0.008732  0.099908  0.005005  0.990276  0.131854  0.044356  -0.134557  0.988785  0.064791  -0.035316  -0.070129  0.996913  0.000599  0.000357  0.000507  0.000000  0.000000  0.000000  2.000000  1.000000  0.000000  0.000000  0.000000  1.000000  0.000000  0.000000  0.000000  1.000000  0.999998  0.001828  0.000397  -0.001828  0.999998  0.000177  -0.000396  -0.000178  1.000000  1.000000  0.000000  0.000000  0.000000  1.000000  0.000000  0.000000  0.000000  1.000000  1.000000  0.000000  0.000000  0.000000  1.000000  0.000000  0.000000  0.000000  1.000000  0.000000  0.000000  
51.433243 0.008734  0.099908  0.005007  0.990188  0.132450  0.044544  -0.135168  0.988697  0.064866  -0.035449  -0.070250  0.996899  0.000750  0.000311  0.000613  0.000000  0.000000  0.000000  2.000000  1.000000  0.000000  0.000000  0.000000  1.000000  0.000000  0.000000  0.000000  1.000000  0.999997  0.002435  0.000574  -0.002435  0.999997  0.000397  -0.000573  -0.000399  1.000000  1.000000  0.000000  0.000000  0.000000  1.000000  0.000000  0.000000  0.000000  1.000000  1.000000  0.000000  0.000000  0.000000  1.000000  0.000000  0.000000  0.000000  1.000000  0.000000  0.000000  
51.434488 0.008738  0.099909  0.005010  0.990133  0.132851  0.044587  -0.135576  0.988635  0.064967  -0.035449  -0.070371  0.996891  0.000996  0.000406  0.000785  0.000000  0.000000  0.000000  2.000000  1.000000  0.000000  0.000000  0.000000  1.000000  0.000000  0.000000  0.000000  1.000000  0.999996  0.002845  0.000603  -0.002845  0.999996  0.000504  -0.000602  -0.000506  1.000000  1.000000  0.000000  0.000000  0.000000  1.000000  0.000000  0.000000  0.000000  1.000000  1.000000  0.000000  0.000000  0.000000  1.000000  0.000000  0.000000  0.000000  1.000000  0.000000  0.000000  
51.435488 0.008742  0.099911  0.005013  0.990053  0.133460  0.044527  -0.136188  0.988535  0.065198  -0.035316  -0.070613  0.996878  0.001256  0.000517  0.001011  0.000000  0.000000  0.000000  2.000000  1.000000  0.000000  0.000000  0.000000  1.000000  0.000000  0.000000  0.000000  1.000000  0.999995  0.003265  0.000499  -0.003265  0.999994  0.000611  -0.000497  -0.000613  1.000000  1.000000  0.000000  0.000000  0.000000  1.000000  0.000000  0.000000  0.000000  1.000000  1.000000  0.000000  0.000000  0.000000  1.000000  0.000000  0.000000  0.000000  1.000000  0.000000  0.000000  
51.436739 0.008746  0.099913  0.005016  0.989946  0.134273  0.044481  -0.137004  0.988408  0.065419  -0.035182  -0.070855  0.996866  0.001522  0.000676  0.001237  0.000000  0.000000  0.000000  2.000000  1.000000  0.000000  0.000000  0.000000  1.000000  0.000000  0.000000  0.000000  1.000000  0.999992  0.004095  0.000424  -0.004095  0.999991  0.000825  -0.000421  -0.000827  1.000000  1.000000  0.000000  0.000000  0.000000  1.000000  0.000000  0.000000  0.000000  1.000000  1.000000  0.000000  0.000000  0.000000  1.000000  0.000000  0.000000  0.000000  1.000000  0.000000  0.000000  
51.437985 0.008750  0.099916  0.005020  0.989799  0.135276  0.044697  -0.138022  0.988263  0.065475  -0.035316  -0.070976  0.996853  0.001811  0.000847  0.001528  0.034673  -0.021139  0.171768  2.000000  1.000000  0.000027  0.000059  -0.000027  1.000000  0.000013  -0.000059  -0.000013  1.000000  0.999987  0.005121  0.000498  -0.005122  0.999986  0.001031  -0.000493  -0.001034  0.999999  1.000000  0.000027  0.000059  -0.000027  1.000000  0.000013  -0.000059  -0.000013  1.000000  1.000000  0.000027  0.000059  -0.000027  1.000000  0.000013  -0.000059  -0.000013  1.000000  0.000000  0.005248  
51.438985 0.008754  0.099918  0.005024  0.989685  0.136078  0.044784  -0.138837  0.988135  0.065677  -0.035316  -0.071218  0.996835  0.002078  0.001006  0.001754  0.041850  -0.023110  0.199348  2.000000  1.000000  0.000138  0.000319  -0.000138  1.000000  0.000070  -0.000319  -0.000070  1.000000  0.999982  0.005932  0.000691  -0.005933  0.999982  0.001243  -0.000684  -0.001248  0.999999  1.000000  0.000030  0.000069  -0.000030  1.000000  0.000016  -0.000069  -0.000016  1.000000  1.000000  0.000138  0.000319  -0.000138  1.000000  0.000070  -0.000319  -0.000070  1.000000  0.000050  0.006101  
51.439989 0.008759  0.099921  0.005028  0.989532  0.137071  0.045132  -0.139855  0.987989  0.065714  -0.035583  -0.071338  0.996817  0.002410  0.001204  0.002035  0.044428  -0.035015  0.240057  2.000000  1.000000  0.000266  0.000623  -0.000266  1.000000  0.000134  -0.000623  -0.000134  1.000000  0.999977  0.006744  0.000884  -0.006745  0.999976  0.001334  -0.000875  -0.001340  0.999999  1.000000  0.000033  0.000079  -0.000033  1.000000  0.000017  -0.000079  -0.000017  1.000000  1.000000  0.000266  0.000623  -0.000266  1.000000  0.000134  -0.000623  -0.000134  1.000000  0.000058  0.006932  
51.441239 0.008765  0.099926  0.005034  0.989383  0.138068  0.045366  -0.140872  0.987833  0.065888  -0.035717  -0.071579  0.996795  0.002845  0.001532  0.002439  0.051340  -0.041974  0.274219  2.000000  0.999999  0.000441  0.001067  -0.000441  1.000000  0.000223  -0.001067  -0.000223  0.999999  0.999968  0.007956  0.001241  -0.007957  0.999967  0.001530  -0.001229  -0.001540  0.999998  1.000000  0.000036  0.000094  -0.000036  1.000000  0.000019  -0.000094  -0.000019  1.000000  0.999999  0.000441  0.001067  -0.000441  1.000000  0.000223  -0.001067  -0.000223  0.999999  0.000069  0.008197  
51.442495 0.008772  0.099931  0.005041  0.989233  0.139064  0.045599  -0.141890  0.987676  0.066062  -0.035850  -0.071821  0.996773  0.003302  0.001871  0.002906  0.058268  -0.048958  0.308485  2.000000  0.999999  0.000633  0.001574  -0.000634  1.000000  0.000325  -0.001573  -0.000326  0.999999  0.999959  0.008972  0.001450  -0.008974  0.999958  0.001734  -0.001434  -0.001747  0.999997  1.000000  0.000040  0.000106  -0.000040  1.000000  0.000022  -0.000106  -0.000022  1.000000  0.999999  0.000633  0.001574  -0.000634  1.000000  0.000325  -0.001573  -0.000326  0.999999  0.000078  0.009253  
51.443734 0.008780  0.099938  0.005049  0.989052  0.140263  0.045847  -0.143111  0.987488  0.066226  -0.035984  -0.072062  0.996751  0.003751  0.002260  0.003355  0.064397  -0.055965  0.346695  2.000000  0.999998  0.000809  0.002038  -0.000809  1.000000  0.000416  -0.002037  -0.000418  0.999998  0.999947  0.010193  0.001674  -0.010196  0.999946  0.001931  -0.001654  -0.001947  0.999997  1.000000  0.000046  0.000121  -0.000046  1.000000  0.000024  -0.000121  -0.000024  1.000000  0.999998  0.000809  0.002038  -0.000809  1.000000  0.000416  -0.002037  -0.000418  0.999998  0.000088  0.010510  
51.444734 0.008787  0.099943  0.005055  0.988934  0.141065  0.045936  -0.143926  0.987356  0.066428  -0.035984  -0.072304  0.996733  0.004020  0.002474  0.003620  0.072095  -0.058432  0.377118  2.000000  0.999996  0.001002  0.002544  -0.001004  0.999999  0.000518  -0.002543  -0.000520  0.999997  0.999938  0.011013  0.001736  -0.011017  0.999937  0.002143  -0.001712  -0.002162  0.999996  1.000000  0.000050  0.000130  -0.000050  1.000000  0.000027  -0.000130  -0.000027  1.000000  0.999996  0.001002  0.002544  -0.001004  0.999999  0.000518  -0.002543  -0.000520  0.999997  0.000095  0.011355  
51.445735 0.008793  0.099946  0.005060  0.988845  0.141664  0.046011  -0.144536  0.987253  0.066639  -0.035984  -0.072546  0.996716  0.004305  0.002605  0.003823  0.079511  -0.059955  0.397805  2.000000  0.999995  0.001213  0.003085  -0.001215  0.999999  0.000630  -0.003084  -0.000634  0.999995  0.999931  0.011628  0.001783  -0.011633  0.999930  0.002363  -0.001755  -0.002383  0.999996  1.000000  0.000054  0.000137  -0.000054  1.000000  0.000030  -0.000137  -0.000030  1.000000  0.999995  0.001213  0.003085  -0.001215  0.999999  0.000630  -0.003084  -0.000634  0.999995  0.000101  0.012002  
51.446739 0.008800  0.099949  0.005064  0.988726  0.142466  0.046100  -0.145351  0.987120  0.066841  -0.035984  -0.072788  0.996698  0.004609  0.002817  0.004034  0.086666  -0.061964  0.425310  2.000000  0.999992  0.001438  0.003656  -0.001441  0.999999  0.000753  -0.003655  -0.000758  0.999993  0.999921  0.012449  0.001845  -0.012453  0.999919  0.002575  -0.001813  -0.002598  0.999995  1.000000  0.000058  0.000146  -0.000058  1.000000  0.000032  -0.000146  -0.000032  1.000000  0.999992  0.001438  0.003656  -0.001441  0.999999  0.000753  -0.003655  -0.000758  0.999993  0.000108  0.012848  
51.447984 0.008807  0.099951  0.005070  0.988601  0.143252  0.046339  -0.146164  0.986979  0.067142  -0.036118  -0.073150  0.996667  0.004892  0.002918  0.004238  0.097899  -0.068517  0.452647  2.000000  0.999989  0.001684  0.004271  -0.001688  0.999998  0.000889  -0.004270  -0.000897  0.999990  0.999907  0.013474  0.001925  -0.013480  0.999905  0.002901  -0.001885  -0.002926  0.999994  1.000000  0.000064  0.000158  -0.000064  1.000000  0.000036  -0.000158  -0.000036  1.000000  0.999989  0.001684  0.004271  -0.001688  0.999998  0.000889  -0.004270  -0.000897  0.999990  0.000117  0.013920  
51.448990 0.008814  0.099953  0.005075  0.988480  0.144053  0.046430  -0.146978  0.986845  0.067344  -0.036118  -0.073392  0.996649  0.005159  0.003008  0.004477  0.105045  -0.070538  0.480127  2.000000  0.999986  0.001938  0.004920  -0.001943  0.999998  0.001039  -0.004917  -0.001049  0.999987  0.999899  0.014079  0.002106  -0.014086  0.999896  0.003119  -0.002062  -0.003148  0.999993  1.000000  0.000065  0.000165  -0.000065  1.000000  0.000039  -0.000165  -0.000039  1.000000  0.999986  0.001938  0.004920  -0.001943  0.999998  0.001039  -0.004917  -0.001049  0.999987  0.000123  0.014577  
51.450234 0.008823  0.099956  0.005082  0.988319  0.145033  0.046815  -0.147994  0.986674  0.067615  -0.036385  -0.073754  0.996613  0.005426  0.003049  0.004633  0.115998  -0.082094  0.514059  2.000000  0.999981  0.002273  0.005780  -0.002280  0.999997  0.001244  -0.005778  -0.001257  0.999983  0.999886  0.014889  0.002305  -0.014897  0.999883  0.003450  -0.002254  -0.003484  0.999991  1.000000  0.000068  0.000175  -0.000068  1.000000  0.000043  -0.000175  -0.000043  1.000000  0.999981  0.002273  0.005780  -0.002280  0.999997  0.001244  -0.005778  -0.001257  0.999983  0.000132  0.015461  
51.451236 0.008830  0.099958  0.005087  0.988222  0.145615  0.047042  -0.148604  0.986561  0.067926  -0.036519  -0.074116  0.996581  0.005720  0.003059  0.004819  0.127443  -0.088161  0.534378  2.000000  0.999977  0.002474  0.006312  -0.002483  0.999996  0.001377  -0.006308  -0.001393  0.999979  0.999883  0.015084  0.002457  -0.015093  0.999880  0.003561  -0.002403  -0.003598  0.999991  1.000000  0.000068  0.000179  -0.000068  1.000000  0.000045  -0.000179  -0.000045  1.000000  0.999977  0.002474  0.006312  -0.002483  0.999996  0.001377  -0.006308  -0.001393  0.999979  0.000138  0.015697  
51.452248 0.008836  0.099959  0.005091  0.988130  0.146213  0.047119  -0.149214  0.986455  0.068136  -0.036519  -0.074358  0.996563  0.005944  0.002990  0.004907  0.134796  -0.089684  0.554824  2.000000  0.999972  0.002744  0.007021  -0.002755  0.999995  0.001562  -0.007017  -0.001581  0.999974  0.999886  0.014888  0.002312  -0.014896  0.999882  0.003688  -0.002257  -0.003722  0.999991  1.000000  0.000068  0.000176  -0.000068  1.000000  0.000046  -0.000175  -0.000046  1.000000  0.999972  0.002744  0.007021  -0.002755  0.999995  0.001562  -0.007017  -0.001581  0.999974  0.000143  0.015516  
51.453485 0.008843  0.099958  0.005096  0.988033  0.146795  0.047347  -0.149824  0.986341  0.068446  -0.036653  -0.074720  0.996531  0.006082  0.002811  0.004981  0.146304  -0.095809  0.575417  2.000000  0.999966  0.003012  0.007728  -0.003026  0.999994  0.001756  -0.007723  -0.001779  0.999969  0.999886  0.014877  0.002451  -0.014887  0.999881  0.003929  -0.002393  -0.003965  0.999989  1.000000  0.000067  0.000176  -0.000067  1.000000  0.000049  -0.000176  -0.000049  1.000000  0.999966  0.003012  0.007728  -0.003026  0.999994  0.001756  -0.007723  -0.001779  0.999969  0.000149  0.015586  
51.454489 0.008849  0.099959  0.005101  0.987967  0.147180  0.047543  -0.150230  0.986265  0.068645  -0.036786  -0.074962  0.996508  0.006212  0.002629  0.005038  0.153898  -0.101350  0.588785  2.000000  0.999959  0.003285  0.008436  -0.003301  0.999993  0.001957  -0.008430  -0.001985  0.999963  0.999883  0.015082  0.002470  -0.015092  0.999878  0.004040  -0.002409  -0.004077  0.999989  1.000000  0.000068  0.000179  -0.000068  1.000000  0.000051  -0.000179  -0.000051  1.000000  0.999959  0.003285  0.008436  -0.003301  0.999993  0.001957  -0.008430  -0.001985  0.999963  0.000155  0.015813  
51.455740 0.008857  0.099960  0.005106  0.987874  0.147772  0.047639  -0.150840  0.986149  0.068975  -0.036786  -0.075324  0.996480  0.006314  0.002378  0.004995  0.165376  -0.102960  0.609434  2.000000  0.999950  0.003623  0.009332  -0.003643  0.999991  0.002216  -0.009324  -0.002250  0.999954  0.999880  0.015286  0.002491  -0.015296  0.999874  0.004275  -0.002425  -0.004313  0.999988  1.000000  0.000069  0.000181  -0.000069  1.000000  0.000054  -0.000181  -0.000054  1.000000  0.999950  0.003623  0.009332  -0.003643  0.999991  0.002216  -0.009324  -0.002250  0.999954  0.000160  0.016072  
51.456985 0.008865  0.099961  0.005111  0.987775  0.148359  0.047849  -0.151449  0.986042  0.069164  -0.036920  -0.075566  0.996457  0.006401  0.002148  0.004857  0.172856  -0.109100  0.630207  2.000000  0.999940  0.003942  0.010226  -0.003968  0.999989  0.002482  -0.010216  -0.002523  0.999945  0.999886  0.014855  0.002732  -0.014866  0.999880  0.004289  -0.002668  -0.004329  0.999987  1.000000  0.000064  0.000178  -0.000064  1.000000  0.000054  -0.000178  -0.000054  1.000000  0.999940  0.003942  0.010226  -0.003968  0.999989  0.002482  -0.010216  -0.002523  0.999945  0.000165  0.015707  
51.458238 0.008872  0.099962  0.005115  0.987708  0.148738  0.048063  -0.151855  0.985957  0.069483  -0.037054  -0.075928  0.996425  0.006367  0.001708  0.004564  0.184451  -0.114648  0.643311  2.000000  0.999929  0.004236  0.011106  -0.004267  0.999987  0.002756  -0.011094  -0.002803  0.999935  0.999895  0.014218  0.002958  -0.014231  0.999888  0.004553  -0.002893  -0.004595  0.999985  1.000000  0.000057  0.000172  -0.000057  1.000000  0.000057  -0.000172  -0.000057  1.000000  0.999929  0.004236  0.011106  -0.004267  0.999987  0.002756  -0.011094  -0.002803  0.999935  0.000168  0.015226  
51.459239 0.008877  0.099962  0.005117  0.987672  0.148919  0.048246  -0.152058  0.985911  0.069692  -0.037187  -0.076169  0.996401  0.006254  0.001383  0.004329  0.191003  -0.118246  0.637767  2.000000  0.999923  0.004402  0.011620  -0.004436  0.999986  0.002925  -0.011607  -0.002977  0.999928  0.999897  0.014012  0.002946  -0.014026  0.999891  0.004680  -0.002880  -0.004721  0.999985  1.000000  0.000056  0.000170  -0.000056  1.000000  0.000059  -0.000170  -0.000059  1.000000  0.999923  0.004402  0.011620  -0.004436  0.999986  0.002925  -0.011607  -0.002977  0.999928  0.000170  0.015071  
51.460485 0.008883  0.099962  0.005121  0.987636  0.149094  0.048446  -0.152260  0.985857  0.070021  -0.037321  -0.076531  0.996368  0.006088  0.001066  0.004157  0.199771  -0.116906  0.617279  2.000000  0.999912  0.004661  0.012439  -0.004702  0.999984  0.003214  -0.012424  -0.003272  0.999917  0.999912  0.012986  0.002871  -0.012999  0.999904  0.004718  -0.002810  -0.004755  0.999985  1.000000  0.000050  0.000158  -0.000050  1.000000  0.000059  -0.000158  -0.000059  1.000000  0.999912  0.004661  0.012439  -0.004702  0.999984  0.003214  -0.012424  -0.003272  0.999917  0.000167  0.014118  
51.461488 0.008888  0.099961  0.005123  0.987599  0.149281  0.048610  -0.152463  0.985819  0.070110  -0.037455  -0.076652  0.996354  0.005967  0.000806  0.003996  0.200227  -0.115997  0.603699  2.000000  0.999903  0.004854  0.013057  -0.004899  0.999982  0.003448  -0.013040  -0.003512  0.999909  0.999919  0.012369  0.002827  -0.012383  0.999912  0.004740  -0.002768  -0.004774  0.999985  1.000000  0.000047  0.000151  -0.000047  1.000000  0.000059  -0.000151  -0.000059  1.000000  0.999903  0.004854  0.013057  -0.004899  0.999982  0.003448  -0.013040  -0.003512  0.999909  0.000164  0.013551  
51.462751 0.008892  0.099960  0.005127  0.987563  0.149456  0.048811  -0.152665  0.985765  0.070438  -0.037589  -0.077014  0.996321  0.005723  0.000559  0.003874  0.206499  -0.115534  0.587566  2.000000  0.999892  0.005076  0.013786  -0.005128  0.999980  0.003746  -0.013766  -0.003816  0.999898  0.999930  0.011558  0.002634  -0.011571  0.999922  0.004770  -0.002579  -0.004800  0.999985  1.000000  0.000044  0.000141  -0.000044  1.000000  0.000060  -0.000141  -0.000060  1.000000  0.999892  0.005076  0.013786  -0.005128  0.999980  0.003746  -0.013766  -0.003816  0.999898  0.000159  0.012784  
51.463985 0.008895  0.099958  0.005131  0.987526  0.149637  0.048993  -0.152868  0.985718  0.070647  -0.037722  -0.077255  0.996297  0.005415  0.000320  0.003734  0.208872  -0.119176  0.582574  2.000000  0.999884  0.005237  0.014336  -0.005294  0.999978  0.003992  -0.014315  -0.004068  0.999889  0.999937  0.010932  0.002724  -0.010945  0.999927  0.005034  -0.002669  -0.005064  0.999984  1.000000  0.000039  0.000135  -0.000039  1.000000  0.000063  -0.000135  -0.000063  1.000000  0.999884  0.005237  0.014336  -0.005294  0.999978  0.003992  -0.014315  -0.004068  0.999889  0.000159  0.012346  
51.464985 0.008897  0.099957  0.005135  0.987521  0.149615  0.049161  -0.152867  0.985703  0.070866  -0.037856  -0.077497  0.996274  0.005055  0.000071  0.003613  0.213427  -0.127167  0.568238  2.000000  0.999876  0.005376  0.014834  -0.005439  0.999976  0.004241  -0.014810  -0.004321  0.999881  0.999950  0.009711  0.002498  -0.009723  0.999940  0.005082  -0.002449  -0.005106  0.999984  1.000000  0.000034  0.000121  -0.000034  1.000000  0.000064  -0.000121  -0.000064  1.000000  0.999876  0.005376  0.014834  -0.005439  0.999976  0.004241  -0.014810  -0.004321  0.999881  0.000157  0.011247  
51.465991 0.008898  0.099955  0.005138  0.987521  0.149603  0.049198  -0.152867  0.985685  0.071105  -0.037856  -0.077738  0.996255  0.004654  -0.000225  0.003491  0.216212  -0.130770  0.544914  2.000000  0.999868  0.005490  0.015297  -0.005560  0.999974  0.004489  -0.015272  -0.004574  0.999873  0.999957  0.008879  0.002570  -0.008892  0.999947  0.005112  -0.002525  -0.005135  0.999984  1.000000  0.000028  0.000112  -0.000028  1.000000  0.000064  -0.000112  -0.000064  1.000000  0.999868  0.005490  0.015297  -0.005560  0.999974  0.004489  -0.015272  -0.004574  0.999873  0.000151  0.010569  
51.467238 0.008899  0.099951  0.005141  0.987516  0.149581  0.049366  -0.152866  0.985670  0.071324  -0.037990  -0.077980  0.996231  0.004229  -0.000492  0.003327  0.217504  -0.132848  0.510220  2.000000  0.999861  0.005586  0.015730  -0.005661  0.999973  0.004741  -0.015703  -0.004829  0.999865  0.999962  0.008253  0.002658  -0.008266  0.999953  0.005135  -0.002615  -0.005157  0.999983  1.000000  0.000023  0.000106  -0.000023  1.000000  0.000064  -0.000106  -0.000064  1.000000  0.999861  0.005586  0.015730  -0.005661  0.999973  0.004741  -0.015703  -0.004829  0.999865  0.000145  0.010083  
51.468487 0.008900  0.099947  0.005143  0.987516  0.149563  0.049420  -0.152866  0.985644  0.071682  -0.037990  -0.078342  0.996202  0.003745  -0.000795  0.003088  0.224733  -0.125355  0.478873  2.000000  0.999852  0.005679  0.016224  -0.005761  0.999971  0.005056  -0.016195  -0.005149  0.999856  0.999972  0.007022  0.002563  -0.007035  0.999962  0.005062  -0.002528  -0.005079  0.999984  1.000000  0.000016  0.000092  -0.000016  1.000000  0.000063  -0.000092  -0.000063  1.000000  0.999852  0.005679  0.016224  -0.005761  0.999971  0.005056  -0.016195  -0.005149  0.999856  0.000137  0.009033  
51.469499 0.008899  0.099944  0.005144  0.987511  0.149540  0.049588  -0.152866  0.985628  0.071901  -0.038123  -0.078583  0.996178  0.003285  -0.001019  0.002872  0.227740  -0.123883  0.448209  2.000000  0.999846  0.005731  0.016575  -0.005820  0.999969  0.005306  -0.016544  -0.005401  0.999849  0.999976  0.006406  0.002517  -0.006418  0.999967  0.004963  -0.002485  -0.004979  0.999985  1.000000  0.000013  0.000085  -0.000013  1.000000  0.000062  -0.000085  -0.000062  1.000000  0.999846  0.005731  0.016575  -0.005820  0.999969  0.005306  -0.016544  -0.005401  0.999849  0.000130  0.008490  
51.470740 0.008899  0.099940  0.005145  0.987543  0.149325  0.049610  -0.152662  0.985641  0.072150  -0.038123  -0.078825  0.996159  0.002779  -0.001321  0.002628  0.229513  -0.111407  0.400680  2.000000  0.999841  0.005768  0.016890  -0.005863  0.999967  0.005559  -0.016858  -0.005658  0.999842  0.999983  0.005390  0.002305  -0.005402  0.999972  0.005124  -0.002277  -0.005136  0.999984  1.000000  0.000009  0.000073  -0.000009  1.000000  0.000064  -0.000073  -0.000064  1.000000  0.999841  0.005768  0.016890  -0.005863  0.999967  0.005559  -0.016858  -0.005658  0.999842  0.000121  0.007790  
51.471985 0.008898  0.099936  0.005146  0.987538  0.149297  0.049796  -0.152662  0.985616  0.072489  -0.038257  -0.079187  0.996125  0.002164  -0.001706  0.002333  0.236741  -0.108547  0.370110  2.000000  0.999836  0.005785  0.017161  -0.005886  0.999966  0.005812  -0.017127  -0.005912  0.999836  0.999988  0.004364  0.002225  -0.004375  0.999978  0.004921  -0.002204  -0.004930  0.999985  1.000000  0.000000  0.000000  0.000000  1.000000  0.000000  0.000000  0.000000  1.000000  0.999836  0.005785  0.017161  -0.005886  0.999966  0.005812  -0.017127  -0.005912  0.999836  0.000114  0.000000  
51.473239 0.008897  0.099932  0.005146  0.987564  0.149071  0.049949  -0.152457  0.985631  0.072718  -0.038391  -0.079428  0.996101  0.001570  -0.002037  0.002104  0.236608  -0.105354  0.317940  2.000000  0.999835  0.005786  0.017220  -0.005888  0.999965  0.005875  -0.017185  -0.005976  0.999834  0.999991  0.003543  0.002161  -0.003554  0.999981  0.004952  -0.002143  -0.004959  0.999985  1.000000  0.000000  0.000000  0.000000  1.000000  0.000000  0.000000  0.000000  1.000000  0.999835  0.005786  0.017220  -0.005888  0.999965  0.005875  -0.017185  -0.005976  0.999834  0.000106  0.000000  
51.474244 0.008896  0.099928  0.005146  0.987564  0.149059  0.049985  -0.152457  0.985614  0.072957  -0.038391  -0.079670  0.996082  0.001191  -0.002257  0.001912  0.237595  -0.103309  0.290281  2.000000  0.999835  0.005786  0.017220  -0.005888  0.999965  0.005875  -0.017185  -0.005976  0.999834  0.999994  0.002733  0.001963  -0.002742  0.999984  0.004862  -0.001950  -0.004868  0.999986  1.000000  0.000000  0.000000  0.000000  1.000000  0.000000  0.000000  0.000000  1.000000  0.999835  0.005786  0.017220  -0.005888  0.999965  0.005875  -0.017185  -0.005976  0.999834  0.000099  0.000000  
51.475489 0.008894  0.099925  0.005147  0.987590  0.148834  0.050138  -0.152253  0.985628  0.073186  -0.038524  -0.079911  0.996057  0.000697  -0.002452  0.001750  0.236703  -0.104910  0.260246  2.000000  0.999834  0.005769  0.017294  -0.005873  0.999965  0.006000  -0.017258  -0.006100  0.999832  0.999996  0.002117  0.001915  -0.002126  0.999985  0.005007  -0.001904  -0.005011  0.999986  1.000000  -0.000007  0.000035  0.000007  1.000000  0.000063  -0.000035  -0.000063  1.000000  0.999834  0.005769  0.017294  -0.005873  0.999965  0.006000  -0.017258  -0.006100  0.999832  0.000094  0.005765  
51.476737 0.008893  0.099923  0.005148  0.987590  0.148821  0.050174  -0.152253  0.985610  0.073425  -0.038524  -0.080153  0.996038  0.000344  -0.002527  0.001641  0.237957  -0.102338  0.226003  2.000000  0.999834  0.005769  0.017294  -0.005873  0.999965  0.006000  -0.017258  -0.006100  0.999832  0.999997  0.001296  0.001849  -0.001305  0.999987  0.004918  -0.001843  -0.004920  0.999986  1.000000  0.000000  0.000000  0.000000  1.000000  0.000000  0.000000  0.000000  1.000000  0.999834  0.005769  0.017294  -0.005873  0.999965  0.006000  -0.017258  -0.006100  0.999832  0.000087  0.000000  
51.477988 0.008891  0.099920  0.005149  0.987622  0.148606  0.050195  -0.152050  0.985623  0.073674  -0.038524  -0.080394  0.996018  -0.000105  -0.002653  0.001388  0.233297  -0.095591  0.186808  2.000000  0.999834  0.005769  0.017294  -0.005873  0.999965  0.006000  -0.017258  -0.006100  0.999832  0.999998  0.000691  0.001667  -0.000699  0.999988  0.004820  -0.001663  -0.004821  0.999987  1.000000  0.000000  0.000000  0.000000  1.000000  0.000000  0.000000  0.000000  1.000000  0.999834  0.005769  0.017294  -0.005873  0.999965  0.006000  -0.017258  -0.006100  0.999832  0.000080  0.000000  
51.479239 0.008889  0.099917  0.005149  0.987648  0.148381  0.050347  -0.151846  0.985637  0.073904  -0.038658  -0.080636  0.995994  -0.000404  -0.002694  0.001138  0.230768  -0.092452  0.145427  2.000000  0.999834  0.005769  0.017294  -0.005873  0.999965  0.006000  -0.017258  -0.006100  0.999832  0.999999  0.000281  0.001634  -0.000288  0.999989  0.004715  -0.001632  -0.004715  0.999988  1.000000  0.000000  0.000000  0.000000  1.000000  0.000000  0.000000  0.000000  1.000000  0.999834  0.005769  0.017294  -0.005873  0.999965  0.006000  -0.017258  -0.006100  0.999832  0.000076  0.000000  
51.480486 0.008888  0.099914  0.005149  0.987648  0.148368  0.050383  -0.151846  0.985619  0.074143  -0.038658  -0.080877  0.995974  -0.000719  -0.002822  0.000788  0.227767  -0.085887  0.118195  2.000000  0.999834  0.005769  0.017294  -0.005873  0.999965  0.006000  -0.017258  -0.006100  0.999832  0.999999  -0.000324  0.001450  0.000317  0.999989  0.004617  -0.001452  -0.004617  0.999988  1.000000  0.000000  0.000000  0.000000  1.000000  0.000000  0.000000  0.000000  1.000000  0.999834  0.005769  0.017294  -0.005873  0.999965  0.006000  -0.017258  -0.006100  0.999832  0.000069  0.000000  
51.481491 0.008886  0.099912  0.005149  0.987643  0.148345  0.050551  -0.151845  0.985603  0.074361  -0.038792  -0.081118  0.995949  -0.000850  -0.002795  0.000599  0.230635  -0.083581  0.096664  2.000000  0.999834  0.005769  0.017294  -0.005873  0.999965  0.006000  -0.017258  -0.006100  0.999832  0.999999  -0.000530  0.001434  0.000523  0.999989  0.004625  -0.001436  -0.004625  0.999988  1.000000  0.000000  0.000000  0.000000  1.000000  0.000000  0.000000  0.000000  1.000000  0.999834  0.005769  0.017294  -0.005873  0.999965  0.006000  -0.017258  -0.006100  0.999832  0.000067  0.000000  
51.482502 0.008886  0.099910  0.005149  0.987643  0.148333  0.050587  -0.151845  0.985585  0.074601  -0.038792  -0.081360  0.995930  -0.000928  -0.002691  0.000430  0.229144  -0.078168  0.077076  2.000000  0.999834  0.005769  0.017294  -0.005873  0.999965  0.006000  -0.017258  -0.006100  0.999832  0.999999  -0.000724  0.001283  0.000718  0.999989  0.004633  -0.001287  -0.004632  0.999988  1.000000  0.000000  0.000000  0.000000  1.000000  0.000000  0.000000  0.000000  1.000000  0.999834  0.005769  0.017294  -0.005873  0.999965  0.006000  -0.017258  -0.006100  0.999832  0.000064  0.000000  
51.483738 0.008886  0.099909  0.005150  0.987669  0.148107  0.050739  -0.151641  0.985599  0.074830  -0.038926  -0.081601  0.995905  -0.000898  -0.002476  0.000410  0.226218  -0.080547  0.049163  2.000000  0.999834  0.005769  0.017294  -0.005873  0.999965  0.006000  -0.017258  -0.006100  0.999832  0.999999  -0.001134  0.001250  0.001128  0.999989  0.004649  -0.001255  -0.004648  0.999988  1.000000  0.000000  0.000000  0.000000  1.000000  0.000000  0.000000  0.000000  1.000000  0.999834  0.005769  0.017294  -0.005873  0.999965  0.006000  -0.017258  -0.006100  0.999832  0.000062  0.000000  
51.484998 0.008886  0.099909  0.005151  0.987669  0.148095  0.050775  -0.151641  0.985581  0.075069  -0.038926  -0.081843  0.995885  -0.000848  -0.002213  0.000382  0.226915  -0.074419  0.028806  2.000000  0.999834  0.005769  0.017294  -0.005873  0.999965  0.006000  -0.017258  -0.006100  0.999832  0.999999  -0.001329  0.001099  0.001324  0.999988  0.004657  -0.001105  -0.004656  0.999989  1.000000  0.000000  0.000000  0.000000  1.000000  0.000000  0.000000  0.000000  1.000000  0.999834  0.005769  0.017294  -0.005873  0.999965  0.006000  -0.017258  -0.006100  0.999832  0.000060  0.000000  
51.486235 0.008888  0.099909  0.005153  0.987700  0.147880  0.050795  -0.151438  0.985593  0.075319  -0.038926  -0.082084  0.995865  -0.000738  -0.001930  0.000472  0.221885  -0.067781  0.008400  2.000000  0.999834  0.005769  0.017294  -0.005873  0.999965  0.006000  -0.017258  -0.006100  0.999832  0.999998  -0.001534  0.001082  0.001529  0.999988  0.004665  -0.001089  -0.004664  0.999989  1.000000  0.000000  0.000000  0.000000  1.000000  0.000000  0.000000  0.000000  1.000000  0.999834  0.005769  0.017294  -0.005873  0.999965  0.006000  -0.017258  -0.006100  0.999832  0.000058  0.000000  
51.487236 0.008889  0.099910  0.005154  0.987700  0.147873  0.050813  -0.151438  0.985584  0.075438  -0.038926  -0.082205  0.995855  -0.000574  -0.001633  0.000547  0.218359  -0.062251  -0.004933  2.000000  0.999834  0.005769  0.017294  -0.005873  0.999965  0.006000  -0.017258  -0.006100  0.999832  0.999998  -0.001523  0.000948  0.001519  0.999988  0.004665  -0.000955  -0.004664  0.999989  1.000000  0.000000  0.000000  0.000000  1.000000  0.000000  0.000000  0.000000  1.000000  0.999834  0.005769  0.017294  -0.005873  0.999965  0.006000  -0.017258  -0.006100  0.999832  0.000058  0.000000  
51.488240 0.008892  0.099911  0.005155  0.987700  0.147861  0.050849  -0.151438  0.985566  0.075677  -0.038926  -0.082447  0.995835  -0.000351  -0.001323  0.000629  0.218473  -0.057675  -0.018581  2.000000  0.999834  0.005769  0.017294  -0.005873  0.999965  0.006000  -0.017258  -0.006100  0.999832  0.999999  -0.001512  0.000815  0.001509  0.999988  0.004665  -0.000822  -0.004664  0.999989  1.000000  0.000000  0.000000  0.000000  1.000000  0.000000  0.000000  0.000000  1.000000  0.999834  0.005769  0.017294  -0.005873  0.999965  0.006000  -0.017258  -0.006100  0.999832  0.000058  0.000000  
51.489491 0.008894  0.099912  0.005157  0.987700  0.147843  0.050903  -0.151438  0.985538  0.076036  -0.038926  -0.082809  0.995805  -0.000047  -0.001006  0.000714  0.220937  -0.056624  -0.025331  2.000000  0.999834  0.005769  0.017294  -0.005873  0.999965  0.006000  -0.017258  -0.006100  0.999832  0.999999  -0.001513  0.000814  0.001509  0.999989  0.004544  -0.000821  -0.004543  0.999989  1.000000  0.000000  0.000000  0.000000  1.000000  0.000000  0.000000  0.000000  1.000000  0.999834  0.005769  0.017294  -0.005873  0.999965  0.006000  -0.017258  -0.006100  0.999832  0.000057  0.000000  
51.490518 0.008897  0.099913  0.005158  0.987700  0.147836  0.050921  -0.151438  0.985529  0.076155  -0.038926  -0.082930  0.995795  0.000177  -0.000809  0.000711  0.216899  -0.051531  -0.031842  2.000000  0.999834  0.005769  0.017294  -0.005873  0.999965  0.006000  -0.017258  -0.006100  0.999832  0.999999  -0.001513  0.000814  0.001509  0.999988  0.004665  -0.000821  -0.004664  0.999989  1.000000  0.000000  0.000000  0.000000  1.000000  0.000000  0.000000  0.000000  1.000000  0.999834  0.005769  0.017294  -0.005873  0.999965  0.006000  -0.017258  -0.006100  0.999832  0.000057  0.000000  
51.491734 0.008901  0.099915  0.005159  0.987695  0.147807  0.051106  -0.151437  0.985503  0.076494  -0.039059  -0.083292  0.995759  0.000518  -0.000542  0.000715  0.219679  -0.050609  -0.038469  2.000000  0.999834  0.005769  0.017294  -0.005873  0.999965  0.006000  -0.017258  -0.006100  0.999832  0.999999  -0.001513  0.000813  0.001509  0.999989  0.004544  -0.000820  -0.004543  0.999989  1.000000  0.000000  0.000000  0.000000  1.000000  0.000000  0.000000  0.000000  1.000000  0.999834  0.005769  0.017294  -0.005873  0.999965  0.006000  -0.017258  -0.006100  0.999832  0.000057  0.000000  
51.492738 0.008904  0.099916  0.005160  0.987695  0.147794  0.051142  -0.151437  0.985484  0.076733  -0.039059  -0.083533  0.995739  0.000876  -0.000292  0.000742  0.220014  -0.045617  -0.044973  2.000000  0.999834  0.005769  0.017294  -0.005873  0.999965  0.006000  -0.017258  -0.006100  0.999832  0.999999  -0.001297  0.000697  0.001294  0.999989  0.004536  -0.000703  -0.004535  0.999989  1.000000  0.000000  0.000000  0.000000  1.000000  0.000000  0.000000  0.000000  1.000000  0.999834  0.005769  0.017294  -0.005873  0.999965  0.006000  -0.017258  -0.006100  0.999832  0.000058  0.000000  
51.493738 0.008908  0.099917  0.005161  0.987695  0.147788  0.051160  -0.151437  0.985475  0.076852  -0.039059  -0.083654  0.995729  0.001170  -0.000082  0.000764  0.217928  -0.040927  -0.051863  2.000000  0.999834  0.005769  0.017294  -0.005873  0.999965  0.006000  -0.017258  -0.006100  0.999832  0.999999  -0.001297  0.000697  0.001294  0.999989  0.004536  -0.000702  -0.004535  0.999989  1.000000  0.000000  0.000000  0.000000  1.000000  0.000000  0.000000  0.000000  1.000000  0.999834  0.005769  0.017294  -0.005873  0.999965  0.006000  -0.017258  -0.006100  0.999832  0.000058  0.000000  
51.494988 0.008912  0.099919  0.005161  0.987690  0.147765  0.051328  -0.151436  0.985458  0.077071  -0.039193  -0.083895  0.995704  0.001662  0.000320  0.000838  0.217947  -0.040916  -0.051876  2.000000  0.999834  0.005769  0.017294  -0.005873  0.999965  0.006000  -0.017258  -0.006100  0.999832  0.999999  -0.001081  0.000580  0.001078  0.999989  0.004528  -0.000585  -0.004528  0.999990  1.000000  0.000000  0.000000  0.000000  1.000000  0.000000  0.000000  0.000000  1.000000  0.999834  0.005769  0.017294  -0.005873  0.999965  0.006000  -0.017258  -0.006100  0.999832  0.000057  0.000000  
51.495996 0.008916  0.099922  0.005163  0.987690  0.147752  0.051364  -0.151436  0.985439  0.077310  -0.039193  -0.084137  0.995683  0.002001  0.000640  0.000926  0.215797  -0.041269  -0.052355  2.000000  0.999834  0.005769  0.017294  -0.005873  0.999965  0.006000  -0.017258  -0.006100  0.999832  0.999999  -0.001093  0.000713  0.001089  0.999989  0.004528  -0.000718  -0.004528  0.999989  1.000000  0.000000  0.000000  0.000000  1.000000  0.000000  0.000000  0.000000  1.000000  0.999834  0.005769  0.017294  -0.005873  0.999965  0.006000  -0.017258  -0.006100  0.999832  0.000057  0.000000  
51.497001 0.008921  0.099925  0.005164  0.987690  0.147740  0.051399  -0.151436  0.985420  0.077549  -0.039193  -0.084378  0.995663  0.002291  0.000950  0.001029  0.217863  -0.036394  -0.051509  2.000000  0.999834  0.005769  0.017294  -0.005873  0.999965  0.006000  -0.017258  -0.006100  0.999832  0.999999  -0.001081  0.000580  0.001079  0.999990  0.004407  -0.000585  -0.004406  0.999990  1.000000  0.000000  0.000000  0.000000  1.000000  0.000000  0.000000  0.000000  1.000000  0.999834  0.005769  0.017294  -0.005873  0.999965  0.006000  -0.017258  -0.006100  0.999832  0.000057  0.000000  
51.498239 0.008926  0.099929  0.005167  0.987659  0.147930  0.051451  -0.151639  0.985371  0.077778  -0.039193  -0.084620  0.995642  0.002700  0.001356  0.001241  0.213600  -0.036956  -0.044648  2.000000  0.999834  0.005769  0.017294  -0.005873  0.999965  0.006000  -0.017258  -0.006100  0.999832  1.000000  -0.000672  0.000614  0.000669  0.999990  0.004512  -0.000617  -0.004512  0.999990  1.000000  0.000000  0.000000  0.000000  1.000000  0.000000  0.000000  0.000000  1.000000  0.999834  0.005769  0.017294  -0.005873  0.999965  0.006000  -0.017258  -0.006100  0.999832  0.000055  0.000000  
51.499486 0.008932  0.099935  0.005171  0.987653  0.147907  0.051619  -0.151639  0.985354  0.077997  -0.039327  -0.084861  0.995616  0.003065  0.001747  0.001405  0.211932  -0.036656  -0.044307  2.000000  0.999834  0.005769  0.017294  -0.005873  0.999965  0.006000  -0.017258  -0.006100  0.999832  1.000000  -0.000672  0.000614  0.000669  0.999989  0.004633  -0.000617  -0.004633  0.999989  1.000000  0.000000  0.000000  0.000000  1.000000  0.000000  0.000000  0.000000  1.000000  0.999834  0.005769  0.017294  -0.005873  0.999965  0.006000  -0.017258  -0.006100  0.999832  0.000055  0.000000  
51.500488 0.008937  0.099940  0.005175  0.987653  0.147894  0.051655  -0.151639  0.985335  0.078236  -0.039327  -0.085103  0.995596  0.003347  0.002095  0.001572  0.213363  -0.037506  -0.037779  2.000000  0.999834  0.005769  0.017294  -0.005873  0.999965  0.006000  -0.017258  -0.006100  0.999832  1.000000  -0.000478  0.000765  0.000475  0.999990  0.004504  -0.000767  -0.004504  0.999990  1.000000  0.000000  0.000000  0.000000  1.000000  0.000000  0.000000  0.000000  1.000000  0.999834  0.005769  0.017294  -0.005873  0.999965  0.006000  -0.017258  -0.006100  0.999832  0.000055  0.000000  
51.501739 0.008944  0.099946  0.005179  0.987653  0.147881  0.051691  -0.151639  0.985316  0.078475  -0.039327  -0.085344  0.995575  0.003720  0.002477  0.001705  0.209250  -0.033006  -0.037414  2.000000  0.999834  0.005769  0.017294  -0.005873  0.999965  0.006000  -0.017258  -0.006100  0.999832  1.000000  -0.000262  0.000649  0.000259  0.999989  0.004617  -0.000650  -0.004617  0.999989  1.000000  0.000000  0.000000  0.000000  1.000000  0.000000  0.000000  0.000000  1.000000  0.999834  0.005769  0.017294  -0.005873  0.999965  0.006000  -0.017258  -0.006100  0.999832  0.000054  0.000000  
