1-Time 2-Px 3-Py 4-Pz 5-R11 6-R21 7-R31 8-R12 9-R22 10-R32 11-R13 12-R23 13-R33 14-Vx 15-Vy 16-Vz 17-Wx 18-Wy 19-Wz 20-state 21-PR11 22-PR21 23-PR31 24-PR12 25-PR22 26-PR32 27-PR13 28-PR23 29-PR33 
105.038556 0.000365  0.090092  -0.004708  0.998883  0.046706  0.007146  -0.046715  0.998908  0.001002  -0.007091  -0.001334  0.999974  0.000061  0.000009  0.000090  0.000000  0.000000  0.000000  2.000000  1.000000  0.000000  0.000000  -0.000000  1.000000  0.000000  0.000000  -0.000000  1.000000  1.000000  -0.000206  -0.000134  0.000206  1.000000  0.000001  0.000134  -0.000001  1.000000  1.000000  0.000000  0.000000  0.000000  1.000000  0.000000  0.000000  0.000000  1.000000  0.743614  0.347544  0.571184  -0.286441  0.937515  -0.197530  -0.604144  -0.016724  0.796700  0.000000  0.000000  
105.039561 0.000365  0.090092  -0.004708  0.998883  0.046706  0.007146  -0.046715  0.998908  0.001002  -0.007091  -0.001334  0.999974  0.000069  -0.000013  0.000102  0.000000  0.000000  0.000000  2.000000  1.000000  0.000000  0.000000  0.000000  1.000000  0.000000  0.000000  0.000000  1.000000  1.000000  -0.000206  -0.000134  0.000206  1.000000  0.000001  0.000134  -0.000001  1.000000  1.000000  0.000000  0.000000  0.000000  1.000000  0.000000  0.000000  0.000000  1.000000  1.000000  0.000000  0.000000  0.000000  1.000000  0.000000  0.000000  0.000000  1.000000  0.000000  0.000000  
105.040816 0.000363  0.090089  -0.004710  0.998864  0.047118  0.007146  -0.047126  0.998888  0.000999  -0.007091  -0.001334  0.999974  -0.000044  -0.000194  -0.000040  0.000000  0.000000  0.000000  2.000000  1.000000  0.000000  0.000000  0.000000  1.000000  0.000000  0.000000  0.000000  1.000000  1.000000  0.000000  -0.000134  -0.000000  1.000000  0.000000  0.000134  0.000000  1.000000  1.000000  0.000000  0.000000  0.000000  1.000000  0.000000  0.000000  0.000000  1.000000  1.000000  0.000000  0.000000  0.000000  1.000000  0.000000  0.000000  0.000000  1.000000  0.000000  0.000000  
105.042071 0.000362  0.090085  -0.004713  0.998854  0.047323  0.007146  -0.047331  0.998879  0.000997  -0.007091  -0.001334  0.999974  -0.000148  -0.000453  -0.000247  0.000000  0.000000  0.000000  2.000000  1.000000  0.000000  0.000000  0.000000  1.000000  0.000000  0.000000  0.000000  1.000000  1.000000  0.000412  0.000001  -0.000412  1.000000  -0.000003  -0.000001  0.000003  1.000000  1.000000  0.000000  0.000000  0.000000  1.000000  0.000000  0.000000  0.000000  1.000000  1.000000  0.000000  0.000000  0.000000  1.000000  0.000000  0.000000  0.000000  1.000000  0.000000  0.000000  
105.043324 0.000361  0.090081  -0.004716  0.998843  0.047529  0.007280  -0.047537  0.998869  0.000989  -0.007225  -0.001334  0.999973  -0.000214  -0.000709  -0.000424  0.000000  0.000000  0.000000  2.000000  1.000000  0.000000  0.000000  0.000000  1.000000  0.000000  0.000000  0.000000  1.000000  1.000000  0.000823  0.000135  -0.000823  1.000000  -0.000006  -0.000135  0.000006  1.000000  1.000000  0.000000  0.000000  0.000000  1.000000  0.000000  0.000000  0.000000  1.000000  1.000000  0.000000  0.000000  0.000000  1.000000  0.000000  0.000000  0.000000  1.000000  0.000000  0.000000  
105.044560 0.000360  0.090078  -0.004718  0.998834  0.047734  0.007281  -0.047743  0.998859  0.000988  -0.007225  -0.001334  0.999973  -0.000280  -0.000966  -0.000601  0.000000  0.000000  0.000000  2.000000  1.000000  0.000000  0.000000  0.000000  1.000000  0.000000  0.000000  0.000000  1.000000  0.999999  0.001029  0.000135  -0.001029  0.999999  -0.000007  -0.000135  0.000007  1.000000  1.000000  0.000000  0.000000  0.000000  1.000000  0.000000  0.000000  0.000000  1.000000  1.000000  0.000000  0.000000  0.000000  1.000000  0.000000  0.000000  0.000000  1.000000  0.000000  0.000000  
105.045562 0.000359  0.090075  -0.004720  0.998824  0.047940  0.007281  -0.047948  0.998849  0.000986  -0.007225  -0.001334  0.999973  -0.000349  -0.001124  -0.000756  0.000000  0.000000  0.000000  2.000000  1.000000  0.000000  0.000000  0.000000  1.000000  0.000000  0.000000  0.000000  1.000000  0.999999  0.001235  0.000135  -0.001235  0.999999  -0.000009  -0.000135  0.000009  1.000000  1.000000  0.000000  0.000000  0.000000  1.000000  0.000000  0.000000  0.000000  1.000000  1.000000  0.000000  0.000000  0.000000  1.000000  0.000000  0.000000  0.000000  1.000000  0.000000  0.000000  
105.046565 0.000359  0.090073  -0.004721  0.998805  0.048351  0.007147  -0.048360  0.998829  0.000990  -0.007091  -0.001334  0.999974  -0.000374  -0.001303  -0.000872  0.000000  0.000000  0.000000  2.000000  1.000000  0.000000  0.000000  0.000000  1.000000  0.000000  0.000000  0.000000  1.000000  0.999999  0.001441  0.000002  -0.001441  0.999999  -0.000010  -0.000002  0.000010  1.000000  1.000000  0.000000  0.000000  0.000000  1.000000  0.000000  0.000000  0.000000  1.000000  1.000000  0.000000  0.000000  0.000000  1.000000  0.000000  0.000000  0.000000  1.000000  0.000000  0.000000  
105.047810 0.000358  0.090070  -0.004724  0.998786  0.048763  0.007014  -0.048771  0.998809  0.000993  -0.006957  -0.001334  0.999975  -0.000417  -0.001511  -0.001041  0.000000  0.000000  0.000000  2.000000  1.000000  0.000000  0.000000  0.000000  1.000000  0.000000  0.000000  0.000000  1.000000  0.999998  0.002059  -0.000131  -0.002059  0.999998  -0.000014  0.000131  0.000015  1.000000  1.000000  0.000000  0.000000  0.000000  1.000000  0.000000  0.000000  0.000000  1.000000  1.000000  0.000000  0.000000  0.000000  1.000000  0.000000  0.000000  0.000000  1.000000  0.000000  0.000000  
105.048817 0.000357  0.090067  -0.004727  0.998766  0.049174  0.007015  -0.049182  0.998789  0.000990  -0.006957  -0.001334  0.999975  -0.000466  -0.001696  -0.001219  0.000000  0.000000  0.000000  2.000000  1.000000  0.000000  0.000000  0.000000  1.000000  0.000000  0.000000  0.000000  1.000000  0.999997  0.002471  -0.000131  -0.002471  0.999997  -0.000017  0.000130  0.000018  1.000000  1.000000  0.000000  0.000000  0.000000  1.000000  0.000000  0.000000  0.000000  1.000000  1.000000  0.000000  0.000000  0.000000  1.000000  0.000000  0.000000  0.000000  1.000000  0.000000  0.000000  
105.050065 0.000356  0.090063  -0.004730  0.998744  0.049585  0.007149  -0.049593  0.998769  0.000981  -0.007091  -0.001334  0.999974  -0.000563  -0.001936  -0.001468  0.000000  0.000000  0.000000  2.000000  1.000000  0.000000  0.000000  0.000000  1.000000  0.000000  0.000000  0.000000  1.000000  0.999996  0.002882  0.000004  -0.002882  0.999996  -0.000020  -0.000004  0.000020  1.000000  1.000000  0.000000  0.000000  0.000000  1.000000  0.000000  0.000000  0.000000  1.000000  1.000000  0.000000  0.000000  0.000000  1.000000  0.000000  0.000000  0.000000  1.000000  0.000000  0.000000  
105.051309 0.000356  0.090061  -0.004733  0.998713  0.050202  0.007149  -0.050210  0.998738  0.000977  -0.007091  -0.001334  0.999974  -0.000600  -0.002125  -0.001680  0.000000  0.000000  0.000000  2.000000  1.000000  0.000000  0.000000  0.000000  1.000000  0.000000  0.000000  0.000000  1.000000  0.999995  0.003294  0.000004  -0.003294  0.999995  -0.000023  -0.000004  0.000023  1.000000  1.000000  0.000000  0.000000  0.000000  1.000000  0.000000  0.000000  0.000000  1.000000  1.000000  0.000000  0.000000  0.000000  1.000000  0.000000  0.000000  0.000000  1.000000  0.000000  0.000000  
105.052561 0.000355  0.090057  -0.004736  0.998693  0.050613  0.007150  -0.050621  0.998717  0.000974  -0.007091  -0.001334  0.999974  -0.000673  -0.002359  -0.001867  0.000000  0.000000  0.000000  2.000000  1.000000  0.000000  0.000000  0.000000  1.000000  0.000000  0.000000  0.000000  1.000000  0.999992  0.003911  0.000005  -0.003911  0.999992  -0.000028  -0.000005  0.000028  1.000000  1.000000  0.000000  0.000000  0.000000  1.000000  0.000000  0.000000  0.000000  1.000000  1.000000  0.000000  0.000000  0.000000  1.000000  0.000000  0.000000  0.000000  1.000000  0.000000  0.000000  
105.053561 0.000354  0.090054  -0.004739  0.998672  0.051025  0.007144  -0.051033  0.998697  0.000849  -0.007091  -0.001213  0.999974  -0.000754  -0.002572  -0.002067  0.000000  0.000000  0.000000  2.000000  1.000000  0.000000  0.000000  0.000000  1.000000  0.000000  0.000000  0.000000  1.000000  0.999991  0.004323  0.000005  -0.004323  0.999991  -0.000152  -0.000006  0.000152  1.000000  1.000000  0.000000  0.000000  0.000000  1.000000  0.000000  0.000000  0.000000  1.000000  1.000000  0.000000  0.000000  0.000000  1.000000  0.000000  0.000000  0.000000  1.000000  0.000000  0.000000  
105.054565 0.000352  0.090050  -0.004742  0.998651  0.051436  0.007144  -0.051444  0.998676  0.000847  -0.007091  -0.001213  0.999974  -0.000844  -0.002834  -0.002305  0.000000  0.000000  0.000000  2.000000  1.000000  0.000000  0.000000  0.000000  1.000000  0.000000  0.000000  0.000000  1.000000  0.999990  0.004529  0.000005  -0.004529  0.999990  -0.000153  -0.000006  0.000153  1.000000  1.000000  0.000000  0.000000  0.000000  1.000000  0.000000  0.000000  0.000000  1.000000  1.000000  0.000000  0.000000  0.000000  1.000000  0.000000  0.000000  0.000000  1.000000  0.000000  0.000000  
105.055810 0.000350  0.090044  -0.004746  0.998629  0.051848  0.007145  -0.051855  0.998654  0.000844  -0.007091  -0.001213  0.999974  -0.000915  -0.003014  -0.002420  -0.005304  -0.000220  0.172998  2.000000  1.000000  0.000000  0.000000  0.000000  1.000000  0.000000  0.000000  0.000000  1.000000  0.999988  0.004941  0.000006  -0.004941  0.999988  -0.000156  -0.000007  0.000156  1.000000  1.000000  0.000000  0.000000  0.000000  1.000000  0.000000  0.000000  0.000000  1.000000  1.000000  0.000000  0.000000  0.000000  1.000000  0.000000  0.000000  0.000000  1.000000  0.000000  0.000000  
105.056813 0.000348  0.090039  -0.004749  0.998608  0.052259  0.007145  -0.052266  0.998633  0.000841  -0.007091  -0.001213  0.999974  -0.000947  -0.003137  -0.002460  -0.005400  -0.000238  0.186768  2.000000  1.000000  0.000131  0.000227  -0.000131  1.000000  -0.000008  -0.000227  0.000008  1.000000  0.999986  0.005352  0.000006  -0.005352  0.999986  -0.000159  -0.000007  0.000159  1.000000  1.000000  0.000033  0.000058  -0.000033  1.000000  -0.000002  -0.000058  0.000002  1.000000  1.000000  0.000131  0.000227  -0.000131  1.000000  -0.000008  -0.000227  0.000008  1.000000  0.000045  0.005355  
105.058071 0.000346  0.090033  -0.004752  0.998586  0.052670  0.007145  -0.052677  0.998611  0.000838  -0.007091  -0.001213  0.999974  -0.001018  -0.003281  -0.002487  -0.005497  -0.000255  0.200544  2.000000  1.000000  0.000307  0.000533  -0.000307  1.000000  -0.000018  -0.000533  0.000018  1.000000  0.999983  0.005764  0.000007  -0.005764  0.999983  -0.000162  -0.000008  0.000162  1.000000  1.000000  0.000036  0.000062  -0.000036  1.000000  -0.000002  -0.000062  0.000002  1.000000  1.000000  0.000307  0.000533  -0.000307  1.000000  -0.000018  -0.000533  0.000018  1.000000  0.000048  0.005767  
105.059309 0.000344  0.090026  -0.004756  0.998565  0.053081  0.007146  -0.053088  0.998589  0.000835  -0.007091  -0.001213  0.999974  -0.001086  -0.003494  -0.002545  -0.005597  -0.000273  0.214455  2.000000  1.000000  0.000497  0.000863  -0.000497  1.000000  -0.000029  -0.000863  0.000028  1.000000  0.999981  0.006176  0.000007  -0.006176  0.999981  -0.000165  -0.000008  0.000165  1.000000  1.000000  0.000039  0.000067  -0.000039  1.000000  -0.000002  -0.000067  0.000002  1.000000  1.000000  0.000497  0.000863  -0.000497  1.000000  -0.000029  -0.000863  0.000028  1.000000  0.000052  0.006178  
105.060565 0.000342  0.090019  -0.004759  0.998542  0.053492  0.007280  -0.053500  0.998568  0.000825  -0.007225  -0.001213  0.999973  -0.001151  -0.003783  -0.002621  -0.005709  -0.004786  0.228244  2.000000  0.999999  0.000694  0.001219  -0.000694  1.000000  -0.000039  -0.001219  0.000038  0.999999  0.999978  0.006587  0.000142  -0.006587  0.999978  -0.000169  -0.000143  0.000168  1.000000  1.000000  0.000040  0.000072  -0.000040  1.000000  -0.000002  -0.000072  0.000002  1.000000  0.999999  0.000694  0.001219  -0.000694  1.000000  -0.000039  -0.001219  0.000038  0.999999  0.000057  0.006591  
105.061813 0.000341  0.090012  -0.004763  0.998520  0.053903  0.007280  -0.053911  0.998545  0.000822  -0.007225  -0.001213  0.999973  -0.001170  -0.004022  -0.002766  -0.005809  -0.004804  0.242114  2.000000  0.999998  0.000896  0.001586  -0.000896  1.000000  -0.000050  -0.001587  0.000049  0.999999  0.999977  0.006793  0.000142  -0.006793  0.999977  -0.000170  -0.000143  0.000169  1.000000  1.000000  0.000041  0.000074  -0.000041  1.000000  -0.000002  -0.000074  0.000002  1.000000  0.999998  0.000896  0.001586  -0.000896  1.000000  -0.000050  -0.001587  0.000049  0.999999  0.000061  0.006797  
105.063065 0.000340  0.090005  -0.004768  0.998497  0.054314  0.007280  -0.054322  0.998523  0.000819  -0.007225  -0.001213  0.999973  -0.001205  -0.004252  -0.002923  -0.005907  -0.004821  0.255912  2.000000  0.999998  0.001061  0.001883  -0.001061  0.999999  -0.000059  -0.001883  0.000057  0.999998  0.999977  0.006794  0.000008  -0.006794  0.999977  -0.000170  -0.000009  0.000170  1.000000  1.000000  0.000042  0.000074  -0.000042  1.000000  -0.000002  -0.000074  0.000002  1.000000  0.999998  0.001061  0.001883  -0.001061  0.999999  -0.000059  -0.001883  0.000057  0.999998  0.000064  0.006796  
105.064310 0.000338  0.089998  -0.004773  0.998475  0.054726  0.007281  -0.054733  0.998501  0.000816  -0.007225  -0.001213  0.999973  -0.001267  -0.004506  -0.003049  -0.006007  -0.004840  0.269781  2.000000  0.999997  0.001277  0.002258  -0.001277  0.999999  -0.000070  -0.002258  0.000067  0.999997  0.999977  0.006794  0.000008  -0.006794  0.999977  -0.000170  -0.000009  0.000170  1.000000  1.000000  0.000042  0.000074  -0.000042  1.000000  -0.000002  -0.000074  0.000002  1.000000  0.999997  0.001277  0.002258  -0.001277  0.999999  -0.000070  -0.002258  0.000067  0.999997  0.000066  0.006796  
105.065311 0.000337  0.089992  -0.004778  0.998464  0.054931  0.007281  -0.054938  0.998489  0.000814  -0.007225  -0.001213  0.999973  -0.001276  -0.004756  -0.003187  -0.006056  -0.004848  0.276692  2.000000  0.999996  0.001453  0.002564  -0.001452  0.999999  -0.000079  -0.002564  0.000075  0.999997  0.999974  0.007205  0.000009  -0.007205  0.999974  -0.000173  -0.000010  0.000173  1.000000  1.000000  0.000045  0.000078  -0.000045  1.000000  -0.000002  -0.000078  0.000002  1.000000  0.999996  0.001453  0.002564  -0.001452  0.999999  -0.000079  -0.002564  0.000075  0.999997  0.000069  0.007207  
105.066557 0.000336  0.089985  -0.004783  0.998452  0.055137  0.007281  -0.055144  0.998478  0.000813  -0.007225  -0.001213  0.999973  -0.001336  -0.005000  -0.003308  -0.006107  -0.004858  0.283664  2.000000  0.999994  0.001672  0.002948  -0.001672  0.999999  -0.000090  -0.002948  0.000085  0.999996  0.999975  0.006999  0.000142  -0.006999  0.999975  -0.000172  -0.000143  0.000171  1.000000  1.000000  0.000042  0.000077  -0.000042  1.000000  -0.000002  -0.000077  0.000002  1.000000  0.999994  0.001672  0.002948  -0.001672  0.999999  -0.000090  -0.002948  0.000085  0.999996  0.000071  0.007003  
105.067560 0.000334  0.089979  -0.004787  0.998429  0.055548  0.007415  -0.055555  0.998455  0.000802  -0.007359  -0.001213  0.999972  -0.001397  -0.005220  -0.003399  -0.006225  -0.009371  0.297453  2.000000  0.999993  0.001838  0.003253  -0.001838  0.999998  -0.000100  -0.003253  0.000094  0.999995  0.999977  0.006793  0.000276  -0.006793  0.999977  -0.000171  -0.000277  0.000169  1.000000  1.000000  0.000039  0.000075  -0.000039  1.000000  -0.000002  -0.000075  0.000002  1.000000  0.999993  0.001838  0.003253  -0.001838  0.999998  -0.000100  -0.003253  0.000094  0.999995  0.000073  0.006801  
105.068810 0.000331  0.089972  -0.004791  0.998417  0.055754  0.007408  -0.055761  0.998444  0.000680  -0.007359  -0.001092  0.999972  -0.001477  -0.005432  -0.003436  -0.010271  -0.009289  0.302020  2.000000  0.999991  0.002028  0.003634  -0.002028  0.999998  -0.000112  -0.003634  0.000105  0.999993  0.999977  0.006793  0.000409  -0.006793  0.999977  -0.000293  -0.000411  0.000290  1.000000  1.000000  0.000038  0.000076  -0.000038  1.000000  -0.000004  -0.000076  0.000004  1.000000  0.999991  0.002028  0.003634  -0.002028  0.999998  -0.000112  -0.003634  0.000105  0.999993  0.000076  0.006812  
105.070062 0.000328  0.089965  -0.004794  0.998406  0.055960  0.007408  -0.055966  0.998432  0.000678  -0.007359  -0.001092  0.999972  -0.001520  -0.005520  -0.003350  -0.010355  -0.009365  0.304483  2.000000  0.999990  0.002208  0.003996  -0.002208  0.999998  -0.000131  -0.003997  0.000122  0.999992  0.999980  0.006381  0.000408  -0.006381  0.999980  -0.000290  -0.000410  0.000287  1.000000  1.000000  0.000035  0.000072  -0.000035  1.000000  -0.000004  -0.000072  0.000004  1.000000  0.999990  0.002208  0.003996  -0.002208  0.999998  -0.000131  -0.003997  0.000122  0.999992  0.000077  0.006401  
105.071314 0.000324  0.089958  -0.004797  0.998393  0.056166  0.007535  -0.056172  0.998421  0.000548  -0.007493  -0.000970  0.999971  -0.001598  -0.005596  -0.003274  -0.014401  -0.013834  0.297521  2.000000  0.999988  0.002350  0.004277  -0.002350  0.999997  -0.000148  -0.004277  0.000138  0.999991  0.999981  0.006176  0.000407  -0.006175  0.999981  -0.000410  -0.000410  0.000408  1.000000  1.000000  0.000034  0.000069  -0.000034  1.000000  -0.000005  -0.000069  0.000005  1.000000  0.999988  0.002350  0.004277  -0.002350  0.999997  -0.000148  -0.004277  0.000138  0.999991  0.000074  0.006202  
105.072323 0.000321  0.089951  -0.004800  0.998393  0.056166  0.007535  -0.056172  0.998421  0.000548  -0.007493  -0.000970  0.999971  -0.001733  -0.005692  -0.003316  -0.014365  -0.009327  0.290524  2.000000  0.999987  0.002485  0.004550  -0.002484  0.999997  -0.000169  -0.004550  0.000158  0.999990  0.999982  0.005970  0.000407  -0.005970  0.999982  -0.000409  -0.000409  0.000406  1.000000  1.000000  0.000033  0.000067  -0.000033  1.000000  -0.000005  -0.000067  0.000005  1.000000  0.999987  0.002485  0.004550  -0.002484  0.999997  -0.000169  -0.004550  0.000158  0.999990  0.000074  0.005997  
105.073563 0.000316  0.089944  -0.004803  0.998381  0.056371  0.007535  -0.056377  0.998409  0.000546  -0.007493  -0.000970  0.999971  -0.001948  -0.005785  -0.003292  -0.014251  -0.009252  0.288216  2.000000  0.999985  0.002612  0.004812  -0.002612  0.999997  -0.000190  -0.004812  0.000177  0.999988  0.999983  0.005764  0.000407  -0.005764  0.999983  -0.000407  -0.000409  0.000405  1.000000  1.000000  0.000032  0.000065  -0.000032  1.000000  -0.000005  -0.000065  0.000005  1.000000  0.999985  0.002612  0.004812  -0.002612  0.999997  -0.000190  -0.004812  0.000177  0.999988  0.000074  0.005792  
105.074817 0.000311  0.089936  -0.004807  0.998370  0.056577  0.007536  -0.056583  0.998398  0.000545  -0.007493  -0.000970  0.999971  -0.002161  -0.005833  -0.003319  -0.014368  -0.009328  0.290572  2.000000  0.999983  0.002760  0.005119  -0.002759  0.999996  -0.000211  -0.005119  0.000197  0.999987  0.999986  0.005352  0.000406  -0.005352  0.999986  -0.000283  -0.000408  0.000281  1.000000  1.000000  0.000029  0.000060  -0.000029  1.000000  -0.000004  -0.000060  0.000004  1.000000  0.999983  0.002760  0.005119  -0.002759  0.999996  -0.000211  -0.005119  0.000197  0.999987  0.000074  0.005375  
105.076065 0.000305  0.089929  -0.004810  0.998370  0.056577  0.007536  -0.056583  0.998398  0.000545  -0.007493  -0.000970  0.999971  -0.002447  -0.005855  -0.003321  -0.014184  -0.013707  0.281392  2.000000  0.999982  0.002845  0.005295  -0.002844  0.999996  -0.000222  -0.005296  0.000207  0.999986  0.999988  0.004940  0.000406  -0.004940  0.999988  -0.000280  -0.000407  0.000278  1.000000  1.000000  0.000000  0.000000  0.000000  1.000000  0.000000  0.000000  0.000000  1.000000  0.999982  0.002845  0.005295  -0.002844  0.999996  -0.000222  -0.005296  0.000207  0.999986  0.000071  0.000000  
105.077310 0.000299  0.089921  -0.004816  0.998358  0.056783  0.007536  -0.056788  0.998386  0.000543  -0.007493  -0.000970  0.999971  -0.002802  -0.005899  -0.003385  -0.014114  -0.018157  0.274485  2.000000  0.999982  0.002845  0.005295  -0.002844  0.999996  -0.000222  -0.005296  0.000207  0.999986  0.999989  0.004735  0.000406  -0.004734  0.999989  -0.000278  -0.000407  0.000276  1.000000  1.000000  0.000000  0.000000  0.000000  1.000000  0.000000  0.000000  0.000000  1.000000  0.999982  0.002845  0.005295  -0.002844  0.999996  -0.000222  -0.005296  0.000207  0.999986  0.000069  0.000000  
105.078310 0.000294  0.089915  -0.004819  0.998358  0.056783  0.007536  -0.056788  0.998386  0.000543  -0.007493  -0.000970  0.999971  -0.003038  -0.005902  -0.003348  -0.014014  -0.018140  0.260745  2.000000  0.999982  0.002845  0.005295  -0.002844  0.999996  -0.000222  -0.005296  0.000207  0.999986  0.999991  0.004323  0.000406  -0.004323  0.999991  -0.000275  -0.000407  0.000273  1.000000  1.000000  0.000000  0.000000  0.000000  1.000000  0.000000  0.000000  0.000000  1.000000  0.999982  0.002845  0.005295  -0.002844  0.999996  -0.000222  -0.005296  0.000207  0.999986  0.000066  0.000000  
105.079315 0.000289  0.089910  -0.004823  0.998357  0.056783  0.007662  -0.056788  0.998386  0.000415  -0.007626  -0.000849  0.999971  -0.003303  -0.005861  -0.003248  -0.018070  -0.022745  0.242106  2.000000  0.999982  0.002845  0.005295  -0.002844  0.999996  -0.000222  -0.005296  0.000207  0.999986  0.999992  0.003911  0.000538  -0.003911  0.999992  -0.000394  -0.000540  0.000392  1.000000  1.000000  0.000000  0.000000  0.000000  1.000000  0.000000  0.000000  0.000000  1.000000  0.999982  0.002845  0.005295  -0.002844  0.999996  -0.000222  -0.005296  0.000207  0.999986  0.000063  0.000000  
105.080559 0.000283  0.089903  -0.004826  0.998345  0.056989  0.007662  -0.056994  0.998374  0.000413  -0.007626  -0.000849  0.999971  -0.003616  -0.005829  -0.003169  -0.017940  -0.018102  0.240158  2.000000  0.999982  0.002845  0.005295  -0.002844  0.999996  -0.000222  -0.005296  0.000207  0.999986  0.999993  0.003705  0.000404  -0.003705  0.999993  -0.000392  -0.000406  0.000391  1.000000  1.000000  0.000000  0.000000  0.000000  1.000000  0.000000  0.000000  0.000000  1.000000  0.999982  0.002845  0.005295  -0.002844  0.999996  -0.000222  -0.005296  0.000207  0.999986  0.000060  0.000000  
105.081560 0.000277  0.089897  -0.004830  0.998345  0.056989  0.007662  -0.056994  0.998374  0.000413  -0.007626  -0.000849  0.999971  -0.003954  -0.005841  -0.003107  -0.017938  -0.018231  0.221415  2.000000  0.999982  0.002845  0.005295  -0.002844  0.999996  -0.000222  -0.005296  0.000207  0.999986  0.999994  0.003294  0.000404  -0.003293  0.999995  -0.000389  -0.000405  0.000388  1.000000  1.000000  0.000000  0.000000  0.000000  1.000000  0.000000  0.000000  0.000000  1.000000  0.999982  0.002845  0.005295  -0.002844  0.999996  -0.000222  -0.005296  0.000207  0.999986  0.000057  0.000000  
105.082810 0.000269  0.089889  -0.004835  0.998334  0.057194  0.007663  -0.057199  0.998363  0.000411  -0.007626  -0.000849  0.999971  -0.004403  -0.005911  -0.003139  -0.017887  -0.018223  0.214491  2.000000  0.999982  0.002845  0.005295  -0.002844  0.999996  -0.000222  -0.005296  0.000207  0.999986  0.999995  0.003088  0.000404  -0.003087  0.999995  -0.000387  -0.000405  0.000386  1.000000  1.000000  0.000000  0.000000  0.000000  1.000000  0.000000  0.000000  0.000000  1.000000  0.999982  0.002845  0.005295  -0.002844  0.999996  -0.000222  -0.005296  0.000207  0.999986  0.000055  0.000000  
105.084061 0.000260  0.089881  -0.004840  0.998333  0.057194  0.007796  -0.057199  0.998363  0.000404  -0.007760  -0.000849  0.999970  -0.004722  -0.005969  -0.003279  -0.013617  -0.022521  0.199120  2.000000  0.999982  0.002845  0.005295  -0.002844  0.999996  -0.000222  -0.005296  0.000207  0.999986  0.999996  0.002676  0.000537  -0.002676  0.999996  -0.000385  -0.000538  0.000383  1.000000  1.000000  0.000000  0.000000  0.000000  1.000000  0.000000  0.000000  0.000000  1.000000  0.999982  0.002845  0.005295  -0.002844  0.999996  -0.000222  -0.005296  0.000207  0.999986  0.000051  0.000000  
105.085309 0.000251  0.089873  -0.004846  0.998321  0.057401  0.007789  -0.057405  0.998351  0.000281  -0.007760  -0.000728  0.999970  -0.005126  -0.006052  -0.003419  -0.017610  -0.022499  0.192230  2.000000  0.999982  0.002845  0.005295  -0.002844  0.999996  -0.000222  -0.005296  0.000207  0.999986  0.999996  0.002676  0.000537  -0.002676  0.999996  -0.000385  -0.000538  0.000383  1.000000  1.000000  0.000000  0.000000  0.000000  1.000000  0.000000  0.000000  0.000000  1.000000  0.999982  0.002845  0.005295  -0.002844  0.999996  -0.000222  -0.005296  0.000207  0.999986  0.000048  0.000000  
105.086558 0.000242  0.089864  -0.004852  0.998321  0.057401  0.007789  -0.057405  0.998351  0.000281  -0.007760  -0.000728  0.999970  -0.005428  -0.006091  -0.003598  -0.017501  -0.022477  0.178429  2.000000  0.999982  0.002845  0.005295  -0.002844  0.999996  -0.000222  -0.005296  0.000207  0.999986  0.999997  0.002264  0.000537  -0.002264  0.999997  -0.000503  -0.000538  0.000502  1.000000  1.000000  0.000000  0.000000  0.000000  1.000000  0.000000  0.000000  0.000000  1.000000  0.999982  0.002845  0.005295  -0.002844  0.999996  -0.000222  -0.005296  0.000207  0.999986  0.000045  0.000000  
105.087559 0.000234  0.089858  -0.004857  0.998309  0.057606  0.007789  -0.057610  0.998339  0.000279  -0.007760  -0.000728  0.999970  -0.005764  -0.006170  -0.003768  -0.017450  -0.022470  0.171562  2.000000  0.999982  0.002845  0.005295  -0.002844  0.999996  -0.000222  -0.005296  0.000207  0.999986  0.999998  0.002058  0.000537  -0.002058  0.999998  -0.000501  -0.000538  0.000500  1.000000  1.000000  0.000000  0.000000  0.000000  1.000000  0.000000  0.000000  0.000000  1.000000  0.999982  0.002845  0.005295  -0.002844  0.999996  -0.000222  -0.005296  0.000207  0.999986  0.000000  0.000000  
105.088563 0.000227  0.089852  -0.004861  0.998309  0.057606  0.007789  -0.057610  0.998339  0.000279  -0.007760  -0.000728  0.999970  -0.005986  -0.006164  -0.003900  0.000000  0.000000  0.000000  2.000000  0.999982  0.002845  0.005295  -0.002844  0.999996  -0.000222  -0.005296  0.000207  0.999986  0.999998  0.002058  0.000403  -0.002058  0.999998  -0.000501  -0.000404  0.000500  1.000000  1.000000  0.000000  0.000000  0.000000  1.000000  0.000000  0.000000  0.000000  1.000000  0.999982  0.002845  0.005295  -0.002844  0.999996  -0.000222  -0.005296  0.000207  0.999986  0.000000  0.000000  
105.089817 0.000218  0.089843  -0.004867  0.998309  0.057606  0.007789  -0.057610  0.998339  0.000279  -0.007760  -0.000728  0.999970  -0.006255  -0.006200  -0.004061  0.000000  0.000000  0.000000  2.000000  0.999982  0.002845  0.005295  -0.002844  0.999996  -0.000222  -0.005296  0.000207  0.999986  0.999998  0.001852  0.000403  -0.001852  0.999998  -0.000378  -0.000403  0.000378  1.000000  1.000000  0.000000  0.000000  0.000000  1.000000  0.000000  0.000000  0.000000  1.000000  0.999982  0.002845  0.005295  -0.002844  0.999996  -0.000222  -0.005296  0.000207  0.999986  0.000000  0.000000  
105.091068 0.000208  0.089836  -0.004873  0.998309  0.057606  0.007789  -0.057610  0.998339  0.000279  -0.007760  -0.000728  0.999970  -0.006513  -0.006185  -0.004180  0.000000  0.000000  0.000000  2.000000  0.999982  0.002845  0.005295  -0.002844  0.999996  -0.000222  -0.005296  0.000207  0.999986  0.999999  0.001647  0.000269  -0.001647  0.999999  -0.000377  -0.000269  0.000376  1.000000  1.000000  0.000000  0.000000  0.000000  1.000000  0.000000  0.000000  0.000000  1.000000  0.999982  0.002845  0.005295  -0.002844  0.999996  -0.000222  -0.005296  0.000207  0.999986  0.000000  0.000000  
105.092315 0.000198  0.089828  -0.004879  0.998297  0.057812  0.007789  -0.057816  0.998327  0.000278  -0.007760  -0.000728  0.999970  -0.006730  -0.006192  -0.004261  0.000000  0.000000  0.000000  2.000000  0.999982  0.002845  0.005295  -0.002844  0.999996  -0.000222  -0.005296  0.000207  0.999986  0.999999  0.001647  0.000269  -0.001647  0.999999  -0.000255  -0.000269  0.000255  1.000000  1.000000  0.000000  0.000000  0.000000  1.000000  0.000000  0.000000  0.000000  1.000000  0.999982  0.002845  0.005295  -0.002844  0.999996  -0.000222  -0.005296  0.000207  0.999986  0.000000  0.000000  
105.093560 0.000189  0.089821  -0.004885  0.998297  0.057812  0.007789  -0.057816  0.998327  0.000278  -0.007760  -0.000728  0.999970  -0.006927  -0.006190  -0.004284  0.000000  0.000000  0.000000  2.000000  0.999982  0.002845  0.005295  -0.002844  0.999996  -0.000222  -0.005296  0.000207  0.999986  0.999999  0.001441  0.000269  -0.001441  0.999999  -0.000254  -0.000269  0.000253  1.000000  1.000000  0.000000  0.000000  0.000000  1.000000  0.000000  0.000000  0.000000  1.000000  0.999982  0.002845  0.005295  -0.002844  0.999996  -0.000222  -0.005296  0.000207  0.999986  0.000000  0.000000  
105.094815 0.000180  0.089814  -0.004890  0.998297  0.057812  0.007789  -0.057816  0.998327  0.000278  -0.007760  -0.000728  0.999970  -0.007121  -0.006199  -0.004391  0.000000  0.000000  0.000000  2.000000  0.999982  0.002845  0.005295  -0.002844  0.999996  -0.000222  -0.005296  0.000207  0.999986  0.999999  0.001235  0.000268  -0.001235  0.999999  -0.000252  -0.000269  0.000252  1.000000  1.000000  0.000000  0.000000  0.000000  1.000000  0.000000  0.000000  0.000000  1.000000  0.999982  0.002845  0.005295  -0.002844  0.999996  -0.000222  -0.005296  0.000207  0.999986  0.000000  0.000000  
105.096064 0.000171  0.089807  -0.004895  0.998297  0.057812  0.007789  -0.057816  0.998327  0.000278  -0.007760  -0.000728  0.999970  -0.007247  -0.006203  -0.004445  0.000000  0.000000  0.000000  2.000000  0.999982  0.002845  0.005295  -0.002844  0.999996  -0.000222  -0.005296  0.000207  0.999986  0.999999  0.001235  0.000268  -0.001235  0.999999  -0.000252  -0.000269  0.000252  1.000000  1.000000  0.000000  0.000000  0.000000  1.000000  0.000000  0.000000  0.000000  1.000000  0.999982  0.002845  0.005295  -0.002844  0.999996  -0.000222  -0.005296  0.000207  0.999986  0.000000  0.000000  
105.097310 0.000162  0.089800  -0.004901  0.998297  0.057812  0.007789  -0.057816  0.998327  0.000278  -0.007760  -0.000728  0.999970  -0.007368  -0.006188  -0.004543  0.000000  0.000000  0.000000  2.000000  0.999982  0.002845  0.005295  -0.002844  0.999996  -0.000222  -0.005296  0.000207  0.999986  0.999999  0.001029  0.000268  -0.001029  0.999999  -0.000251  -0.000269  0.000250  1.000000  1.000000  0.000000  0.000000  0.000000  1.000000  0.000000  0.000000  0.000000  1.000000  0.999982  0.002845  0.005295  -0.002844  0.999996  -0.000222  -0.005296  0.000207  0.999986  0.000000  0.000000  
105.098561 0.000153  0.089792  -0.004908  0.998284  0.058017  0.007923  -0.058021  0.998315  0.000269  -0.007894  -0.000728  0.999969  -0.007393  -0.006151  -0.004658  0.000000  0.000000  0.000000  2.000000  0.999982  0.002845  0.005295  -0.002844  0.999996  -0.000222  -0.005296  0.000207  0.999986  0.999999  0.001235  0.000402  -0.001235  0.999999  -0.000131  -0.000402  0.000131  1.000000  1.000000  0.000000  0.000000  0.000000  1.000000  0.000000  0.000000  0.000000  1.000000  0.999982  0.002845  0.005295  -0.002844  0.999996  -0.000222  -0.005296  0.000207  0.999986  0.000000  0.000000  
105.099810 0.000144  0.089784  -0.004915  0.998284  0.058017  0.007923  -0.058021  0.998315  0.000269  -0.007894  -0.000728  0.999969  -0.007391  -0.006163  -0.004782  0.000000  0.000000  0.000000  2.000000  0.999982  0.002845  0.005295  -0.002844  0.999996  -0.000222  -0.005296  0.000207  0.999986  0.999999  0.001029  0.000268  -0.001029  0.999999  -0.000129  -0.000268  0.000129  1.000000  1.000000  0.000000  0.000000  0.000000  1.000000  0.000000  0.000000  0.000000  1.000000  0.999982  0.002845  0.005295  -0.002844  0.999996  -0.000222  -0.005296  0.000207  0.999986  0.000000  0.000000  
105.101060 0.000136  0.089776  -0.004923  0.998284  0.058017  0.007923  -0.058021  0.998315  0.000269  -0.007894  -0.000728  0.999969  -0.007287  -0.006104  -0.004884  0.000000  0.000000  0.000000  2.000000  0.999982  0.002845  0.005295  -0.002844  0.999996  -0.000222  -0.005296  0.000207  0.999986  0.999999  0.001029  0.000268  -0.001029  0.999999  -0.000129  -0.000268  0.000129  1.000000  1.000000  0.000000  0.000000  0.000000  1.000000  0.000000  0.000000  0.000000  1.000000  0.999982  0.002845  0.005295  -0.002844  0.999996  -0.000222  -0.005296  0.000207  0.999986  0.000000  0.000000  
105.102060 0.000130  0.089770  -0.004928  0.998284  0.058017  0.007923  -0.058021  0.998315  0.000269  -0.007894  -0.000728  0.999969  -0.007242  -0.006081  -0.004902  0.000000  0.000000  0.000000  2.000000  0.999982  0.002845  0.005295  -0.002844  0.999996  -0.000222  -0.005296  0.000207  0.999986  0.999999  0.001029  0.000268  -0.001029  0.999999  -0.000129  -0.000268  0.000129  1.000000  1.000000  0.000000  0.000000  0.000000  1.000000  0.000000  0.000000  0.000000  1.000000  0.999982  0.002845  0.005295  -0.002844  0.999996  -0.000222  -0.005296  0.000207  0.999986  0.000000  0.000000  
105.103061 0.000124  0.089763  -0.004933  0.998284  0.058017  0.007923  -0.058021  0.998315  0.000269  -0.007894  -0.000728  0.999969  -0.007136  -0.006090  -0.004939  0.000000  0.000000  0.000000  2.000000  0.999982  0.002845  0.005295  -0.002844  0.999996  -0.000222  -0.005296  0.000207  0.999986  1.000000  0.000823  0.000268  -0.000823  1.000000  -0.000128  -0.000268  0.000128  1.000000  1.000000  0.000000  0.000000  0.000000  1.000000  0.000000  0.000000  0.000000  1.000000  0.999982  0.002845  0.005295  -0.002844  0.999996  -0.000222  -0.005296  0.000207  0.999986  0.000000  0.000000  
105.104062 0.000118  0.089757  -0.004938  0.998284  0.058017  0.007923  -0.058021  0.998315  0.000269  -0.007894  -0.000728  0.999969  -0.007021  -0.006069  -0.004993  0.000000  0.000000  0.000000  2.000000  0.999982  0.002845  0.005295  -0.002844  0.999996  -0.000222  -0.005296  0.000207  0.999986  1.000000  0.000823  0.000134  -0.000823  1.000000  -0.000128  -0.000135  0.000128  1.000000  1.000000  0.000000  0.000000  0.000000  1.000000  0.000000  0.000000  0.000000  1.000000  0.999982  0.002845  0.005295  -0.002844  0.999996  -0.000222  -0.005296  0.000207  0.999986  0.000000  0.000000  
105.105064 0.000113  0.089751  -0.004944  0.998272  0.058223  0.007923  -0.058227  0.998303  0.000267  -0.007894  -0.000728  0.999969  -0.006868  -0.006050  -0.005037  0.000000  0.000000  0.000000  2.000000  0.999982  0.002845  0.005295  -0.002844  0.999996  -0.000222  -0.005296  0.000207  0.999986  1.000000  0.000823  0.000134  -0.000823  1.000000  -0.000128  -0.000135  0.000128  1.000000  1.000000  0.000000  0.000000  0.000000  1.000000  0.000000  0.000000  0.000000  1.000000  0.999982  0.002845  0.005295  -0.002844  0.999996  -0.000222  -0.005296  0.000207  0.999986  0.000000  0.000000  
105.106064 0.000107  0.089745  -0.004949  0.998272  0.058222  0.007930  -0.058227  0.998303  0.000388  -0.007894  -0.000849  0.999968  -0.006700  -0.006079  -0.005071  0.000000  0.000000  0.000000  2.000000  0.999982  0.002845  0.005295  -0.002844  0.999996  -0.000222  -0.005296  0.000207  0.999986  1.000000  0.000823  0.000134  -0.000823  1.000000  -0.000007  -0.000134  0.000006  1.000000  1.000000  0.000000  0.000000  0.000000  1.000000  0.000000  0.000000  0.000000  1.000000  0.999982  0.002845  0.005295  -0.002844  0.999996  -0.000222  -0.005296  0.000207  0.999986  0.000000  0.000000  
105.107065 0.000102  0.089738  -0.004955  0.998272  0.058222  0.007930  -0.058227  0.998303  0.000388  -0.007894  -0.000849  0.999968  -0.006510  -0.006088  -0.005155  0.000000  0.000000  0.000000  2.000000  0.999982  0.002845  0.005295  -0.002844  0.999996  -0.000222  -0.005296  0.000207  0.999986  1.000000  0.000823  0.000134  -0.000823  1.000000  0.000115  -0.000134  -0.000115  1.000000  1.000000  0.000000  0.000000  0.000000  1.000000  0.000000  0.000000  0.000000  1.000000  0.999982  0.002845  0.005295  -0.002844  0.999996  -0.000222  -0.005296  0.000207  0.999986  0.000000  0.000000  
105.108067 0.000097  0.089732  -0.004961  0.998272  0.058222  0.007930  -0.058227  0.998303  0.000388  -0.007894  -0.000849  0.999968  -0.006361  -0.006122  -0.005250  0.000000  0.000000  0.000000  2.000000  0.999982  0.002845  0.005295  -0.002844  0.999996  -0.000222  -0.005296  0.000207  0.999986  1.000000  0.000617  0.000134  -0.000617  1.000000  0.000116  -0.000134  -0.000117  1.000000  1.000000  0.000000  0.000000  0.000000  1.000000  0.000000  0.000000  0.000000  1.000000  0.999982  0.002845  0.005295  -0.002844  0.999996  -0.000222  -0.005296  0.000207  0.999986  0.000000  0.000000  
105.109314 0.000091  0.089724  -0.004968  0.998259  0.058427  0.008064  -0.058432  0.998291  0.000379  -0.008028  -0.000849  0.999967  -0.006163  -0.006182  -0.005359  0.000000  0.000000  0.000000  2.000000  0.999982  0.002845  0.005295  -0.002844  0.999996  -0.000222  -0.005296  0.000207  0.999986  1.000000  0.000823  0.000268  -0.000823  1.000000  0.000115  -0.000268  -0.000115  1.000000  1.000000  0.000000  0.000000  0.000000  1.000000  0.000000  0.000000  0.000000  1.000000  0.999982  0.002845  0.005295  -0.002844  0.999996  -0.000222  -0.005296  0.000207  0.999986  0.000000  0.000000  
105.110564 0.000085  0.089716  -0.004974  0.998259  0.058427  0.008064  -0.058432  0.998291  0.000379  -0.008028  -0.000849  0.999967  -0.005962  -0.006291  -0.005471  0.000000  0.000000  0.000000  2.000000  0.999982  0.002845  0.005295  -0.002844  0.999996  -0.000222  -0.005296  0.000207  0.999986  1.000000  0.000823  0.000268  -0.000823  1.000000  0.000115  -0.000268  -0.000115  1.000000  1.000000  0.000000  0.000000  0.000000  1.000000  0.000000  0.000000  0.000000  1.000000  0.999982  0.002845  0.005295  -0.002844  0.999996  -0.000222  -0.005296  0.000207  0.999986  0.000000  0.000000  
105.111813 0.000079  0.089708  -0.004981  0.998259  0.058427  0.008064  -0.058432  0.998291  0.000379  -0.008028  -0.000849  0.999967  -0.005694  -0.006298  -0.005521  0.000000  0.000000  0.000000  2.000000  0.999982  0.002845  0.005295  -0.002844  0.999996  -0.000222  -0.005296  0.000207  0.999986  1.000000  0.000617  0.000268  -0.000617  1.000000  0.000116  -0.000268  -0.000117  1.000000  1.000000  0.000000  0.000000  0.000000  1.000000  0.000000  0.000000  0.000000  1.000000  0.999982  0.002845  0.005295  -0.002844  0.999996  -0.000222  -0.005296  0.000207  0.999986  0.000000  0.000000  
105.112815 0.000075  0.089702  -0.004986  0.998247  0.058633  0.008064  -0.058638  0.998279  0.000377  -0.008028  -0.000849  0.999967  -0.005475  -0.006273  -0.005484  0.000000  0.000000  0.000000  2.000000  0.999982  0.002845  0.005295  -0.002844  0.999996  -0.000222  -0.005296  0.000207  0.999986  1.000000  0.000823  0.000268  -0.000823  1.000000  0.000115  -0.000268  -0.000115  1.000000  1.000000  0.000000  0.000000  0.000000  1.000000  0.000000  0.000000  0.000000  1.000000  0.999982  0.002845  0.005295  -0.002844  0.999996  -0.000222  -0.005296  0.000207  0.999986  0.000000  0.000000  
105.114058 0.000070  0.089695  -0.004993  0.998247  0.058633  0.008064  -0.058638  0.998279  0.000377  -0.008028  -0.000849  0.999967  -0.005308  -0.006274  -0.005485  0.000000  0.000000  0.000000  2.000000  0.999982  0.002845  0.005295  -0.002844  0.999996  -0.000222  -0.005296  0.000207  0.999986  1.000000  0.000823  0.000268  -0.000823  1.000000  0.000115  -0.000268  -0.000115  1.000000  1.000000  0.000000  0.000000  0.000000  1.000000  0.000000  0.000000  0.000000  1.000000  0.999982  0.002845  0.005295  -0.002844  0.999996  -0.000222  -0.005296  0.000207  0.999986  0.000000  0.000000  
