1-Time 2-Px 3-Py 4-Pz 5-R11 6-R21 7-R31 8-R12 9-R22 10-R32 11-R13 12-R23 13-R33 14-Vx 15-Vy 16-Vz 17-Wx 18-Wy 19-Wz 20-state 21-PR11 22-PR21 23-PR31 24-PR12 25-PR22 26-PR32 27-PR13 28-PR23 29-PR33 
264.727264 0.009888  0.098726  0.001529  0.999906  0.005716  -0.012496  0.012352  0.024572  0.999622  0.006021  -0.999682  0.024499  -0.000080  -0.000116  -0.000056  0.000000  0.000000  0.000000  2.000000  1.000000  0.000000  0.000000  0.000000  -0.000000  1.000000  0.000000  -1.000000  -0.000000  1.000000  0.000005  0.000206  -0.000005  1.000000  0.000123  -0.000206  -0.000123  1.000000  1.000000  0.000000  0.000000  0.000000  1.000000  0.000000  0.000000  0.000000  1.000000  0.641917  0.584010  0.496865  -0.536356  -0.121085  0.835261  0.547964  -0.802665  0.235511  0.000000  0.000000  
264.728271 0.009888  0.098726  0.001529  0.999906  0.005716  -0.012496  0.012352  0.024572  0.999622  0.006021  -0.999682  0.024499  -0.000080  -0.000116  -0.000056  0.000000  0.000000  0.000000  2.000000  1.000000  0.000000  0.000000  0.000000  -0.000000  1.000000  0.000000  -1.000000  -0.000000  1.000000  0.000005  0.000206  -0.000005  1.000000  0.000123  -0.000206  -0.000123  1.000000  1.000000  0.000000  0.000000  0.000000  1.000000  0.000000  0.000000  0.000000  1.000000  1.000000  0.000000  0.000000  0.000000  -0.000000  1.000000  0.000000  -1.000000  -0.000000  0.000000  0.000000  
264.729273 0.009890  0.098727  0.001529  0.999906  0.005716  -0.012496  0.012352  0.024572  0.999622  0.006021  -0.999682  0.024499  0.000032  -0.000051  -0.000010  0.000000  0.000000  0.000000  2.000000  1.000000  0.000000  0.000000  0.000000  -0.000000  1.000000  0.000000  -1.000000  -0.000000  1.000000  0.000005  0.000206  -0.000005  1.000000  0.000123  -0.000206  -0.000123  1.000000  1.000000  0.000000  0.000000  0.000000  1.000000  0.000000  0.000000  0.000000  1.000000  1.000000  0.000000  0.000000  0.000000  -0.000000  1.000000  0.000000  -1.000000  -0.000000  0.000000  0.000000  
264.730527 0.009893  0.098728  0.001531  0.999905  0.005850  -0.012499  0.012352  0.024574  0.999622  0.006155  -0.999681  0.024499  0.000221  0.000029  0.000103  0.000000  0.000000  0.000000  2.000000  1.000000  0.000000  0.000000  0.000000  -0.000000  1.000000  0.000000  -1.000000  -0.000000  1.000000  0.000139  0.000203  -0.000139  1.000000  0.000123  -0.000203  -0.000123  1.000000  1.000000  0.000000  0.000000  0.000000  1.000000  0.000000  0.000000  0.000000  1.000000  1.000000  0.000000  0.000000  0.000000  -0.000000  1.000000  0.000000  -1.000000  -0.000000  0.000000  0.000000  
264.731786 0.009895  0.098729  0.001532  0.999905  0.005850  -0.012499  0.012352  0.024574  0.999622  0.006155  -0.999681  0.024499  0.000423  0.000105  0.000184  0.000000  0.000000  0.000000  2.000000  1.000000  0.000000  0.000000  0.000000  -0.000000  1.000000  0.000000  -1.000000  -0.000000  1.000000  0.000139  0.000203  -0.000139  1.000000  0.000123  -0.000203  -0.000123  1.000000  1.000000  0.000000  0.000000  0.000000  1.000000  0.000000  0.000000  0.000000  1.000000  1.000000  0.000000  0.000000  0.000000  -0.000000  1.000000  0.000000  -1.000000  -0.000000  0.000000  0.000000  
264.733020 0.009899  0.098730  0.001533  0.999905  0.005848  -0.012500  0.012352  0.024695  0.999619  0.006155  -0.999678  0.024620  0.000679  0.000184  0.000265  0.000000  0.000000  0.000000  2.000000  1.000000  0.000000  0.000000  0.000000  -0.000000  1.000000  0.000000  -1.000000  -0.000000  1.000000  0.000139  0.000203  -0.000139  1.000000  0.000001  -0.000203  -0.000001  1.000000  1.000000  0.000000  0.000000  0.000000  1.000000  0.000000  0.000000  0.000000  1.000000  1.000000  0.000000  0.000000  0.000000  -0.000000  1.000000  0.000000  -1.000000  -0.000000  0.000000  0.000000  
264.734021 0.009902  0.098731  0.001534  0.999905  0.005848  -0.012500  0.012352  0.024695  0.999619  0.006155  -0.999678  0.024620  0.000905  0.000233  0.000324  0.000000  0.000000  0.000000  2.000000  1.000000  0.000000  0.000000  0.000000  -0.000000  1.000000  0.000000  -1.000000  -0.000000  1.000000  0.000139  0.000203  -0.000139  1.000000  -0.000120  -0.000203  0.000120  1.000000  1.000000  0.000000  0.000000  0.000000  1.000000  0.000000  0.000000  0.000000  1.000000  1.000000  0.000000  0.000000  0.000000  -0.000000  1.000000  0.000000  -1.000000  -0.000000  0.000000  0.000000  
264.735277 0.009907  0.098732  0.001535  0.999907  0.005852  -0.012295  0.012146  0.024815  0.999618  0.006155  -0.999675  0.024742  0.001242  0.000347  0.000429  0.000000  0.000000  0.000000  2.000000  1.000000  0.000000  0.000000  0.000000  -0.000000  1.000000  0.000000  -1.000000  -0.000000  1.000000  0.000139  0.000202  -0.000139  1.000000  -0.000241  -0.000203  0.000241  1.000000  1.000000  0.000000  0.000000  0.000000  1.000000  0.000000  0.000000  0.000000  1.000000  1.000000  0.000000  0.000000  0.000000  -0.000000  1.000000  0.000000  -1.000000  -0.000000  0.000000  0.000000  
264.736524 0.009911  0.098733  0.001536  0.999906  0.005986  -0.012298  0.012146  0.024817  0.999618  0.006288  -0.999674  0.024742  0.001507  0.000403  0.000522  0.000000  0.000000  0.000000  2.000000  1.000000  0.000000  0.000000  0.000000  -0.000000  1.000000  0.000000  -1.000000  -0.000000  1.000000  0.000278  0.000405  -0.000278  1.000000  -0.000240  -0.000405  0.000240  1.000000  1.000000  0.000000  0.000000  0.000000  1.000000  0.000000  0.000000  0.000000  1.000000  1.000000  0.000000  0.000000  0.000000  -0.000000  1.000000  0.000000  -1.000000  -0.000000  0.000000  0.000000  
264.737525 0.009914  0.098733  0.001537  0.999906  0.005984  -0.012299  0.012146  0.024938  0.999615  0.006288  -0.999671  0.024863  0.001742  0.000428  0.000593  0.000000  0.000000  0.000000  2.000000  1.000000  0.000000  0.000000  0.000000  -0.000000  1.000000  0.000000  -1.000000  -0.000000  1.000000  0.000278  0.000405  -0.000278  1.000000  -0.000240  -0.000405  0.000240  1.000000  1.000000  0.000000  0.000000  0.000000  1.000000  0.000000  0.000000  0.000000  1.000000  1.000000  0.000000  0.000000  0.000000  -0.000000  1.000000  0.000000  -1.000000  -0.000000  0.000000  0.000000  
264.738780 0.009918  0.098735  0.001540  0.999906  0.006118  -0.012302  0.012146  0.024939  0.999615  0.006422  -0.999670  0.024863  0.002041  0.000572  0.000751  0.000000  0.000000  0.000000  2.000000  1.000000  0.000000  0.000000  0.000000  -0.000000  1.000000  0.000000  -1.000000  -0.000000  1.000000  0.000406  0.000196  -0.000406  1.000000  -0.000363  -0.000196  0.000363  1.000000  1.000000  0.000000  0.000000  0.000000  1.000000  0.000000  0.000000  0.000000  1.000000  1.000000  0.000000  0.000000  0.000000  -0.000000  1.000000  0.000000  -1.000000  -0.000000  0.000000  0.000000  
264.740025 0.009922  0.098737  0.001541  0.999906  0.006116  -0.012303  0.012146  0.025061  0.999612  0.006422  -0.999667  0.024984  0.002318  0.000707  0.000844  0.000000  0.000000  0.000000  2.000000  1.000000  0.000000  0.000000  0.000000  -0.000000  1.000000  0.000000  -1.000000  -0.000000  1.000000  0.000406  0.000196  -0.000406  1.000000  -0.000484  -0.000196  0.000484  1.000000  1.000000  0.000000  0.000000  0.000000  1.000000  0.000000  0.000000  0.000000  1.000000  1.000000  0.000000  0.000000  0.000000  -0.000000  1.000000  0.000000  -1.000000  -0.000000  0.000000  0.000000  
264.741270 0.009926  0.098739  0.001542  0.999905  0.006249  -0.012307  0.012146  0.025184  0.999609  0.006556  -0.999663  0.025105  0.002586  0.000865  0.000926  0.000000  0.000000  0.000000  2.000000  1.000000  0.000000  0.000000  0.000000  -0.000000  1.000000  0.000000  -1.000000  -0.000000  1.000000  0.000540  0.000192  -0.000540  1.000000  -0.000484  -0.000193  0.000484  1.000000  1.000000  0.000000  0.000000  0.000000  1.000000  0.000000  0.000000  0.000000  1.000000  1.000000  0.000000  0.000000  0.000000  -0.000000  1.000000  0.000000  -1.000000  -0.000000  0.000000  0.000000  
264.742272 0.009930  0.098741  0.001544  0.999907  0.006254  -0.012101  0.011940  0.025182  0.999612  0.006556  -0.999663  0.025105  0.002816  0.000998  0.001020  0.000000  0.000000  0.000000  2.000000  1.000000  0.000000  0.000000  0.000000  -0.000000  1.000000  0.000000  -1.000000  -0.000000  1.000000  0.000545  0.000398  -0.000545  1.000000  -0.000604  -0.000398  0.000604  1.000000  1.000000  0.000000  0.000000  0.000000  1.000000  0.000000  0.000000  0.000000  1.000000  1.000000  0.000000  0.000000  0.000000  -0.000000  1.000000  0.000000  -1.000000  -0.000000  0.000000  0.000000  
264.743272 0.009933  0.098743  0.001545  0.999906  0.006386  -0.012105  0.011940  0.025305  0.999608  0.006690  -0.999659  0.025227  0.003026  0.001150  0.001098  0.000000  0.000000  0.000000  2.000000  1.000000  0.000000  0.000000  0.000000  -0.000000  1.000000  0.000000  -1.000000  -0.000000  1.000000  0.000679  0.000395  -0.000679  1.000000  -0.000725  -0.000395  0.000725  1.000000  1.000000  0.000000  0.000000  0.000000  1.000000  0.000000  0.000000  0.000000  1.000000  1.000000  0.000000  0.000000  0.000000  -0.000000  1.000000  0.000000  -1.000000  -0.000000  0.000000  0.000000  
264.744519 0.009937  0.098747  0.001547  0.999906  0.006385  -0.012106  0.011940  0.025426  0.999605  0.006690  -0.999656  0.025348  0.003118  0.001326  0.001136  0.000000  0.000000  0.000000  2.000000  1.000000  0.000000  0.000000  0.000000  -0.000000  1.000000  0.000000  -1.000000  -0.000000  1.000000  0.000679  0.000395  -0.000679  0.999999  -0.000847  -0.000395  0.000846  1.000000  1.000000  0.000000  0.000000  0.000000  1.000000  0.000000  0.000000  0.000000  1.000000  1.000000  0.000000  0.000000  0.000000  -0.000000  1.000000  0.000000  -1.000000  -0.000000  0.000000  0.000000  
264.745520 0.009941  0.098750  0.001549  0.999905  0.006517  -0.012110  0.011940  0.025549  0.999602  0.006824  -0.999652  0.025469  0.003198  0.001441  0.001191  0.000000  0.000000  0.000000  2.000000  1.000000  0.000000  0.000000  0.000000  -0.000000  1.000000  0.000000  -1.000000  -0.000000  1.000000  0.000679  0.000395  -0.000679  0.999999  -0.000968  -0.000395  0.000968  0.999999  1.000000  0.000000  0.000000  0.000000  1.000000  0.000000  0.000000  0.000000  1.000000  1.000000  0.000000  0.000000  0.000000  -0.000000  1.000000  0.000000  -1.000000  -0.000000  0.000000  0.000000  
264.746525 0.009943  0.098753  0.001550  0.999908  0.006521  -0.011905  0.011734  0.025669  0.999602  0.006824  -0.999649  0.025590  0.003272  0.001603  0.001256  0.000000  0.000000  0.000000  2.000000  1.000000  0.000000  0.000000  0.000000  -0.000000  1.000000  0.000000  -1.000000  -0.000000  0.999999  0.000818  0.000597  -0.000818  0.999999  -0.001088  -0.000598  0.001087  0.999999  1.000000  0.000000  0.000000  0.000000  1.000000  0.000000  0.000000  0.000000  1.000000  1.000000  0.000000  0.000000  0.000000  -0.000000  1.000000  0.000000  -1.000000  -0.000000  0.000000  0.000000  
264.747770 0.009947  0.098756  0.001552  0.999907  0.006653  -0.011909  0.011734  0.025792  0.999598  0.006957  -0.999645  0.025712  0.003292  0.001771  0.001322  0.000000  0.000000  0.000000  2.000000  1.000000  0.000000  0.000000  0.000000  -0.000000  1.000000  0.000000  -1.000000  -0.000000  0.999999  0.000952  0.000593  -0.000951  0.999999  -0.001209  -0.000594  0.001209  0.999999  1.000000  0.000000  0.000000  0.000000  1.000000  0.000000  0.000000  0.000000  1.000000  1.000000  0.000000  0.000000  0.000000  -0.000000  1.000000  0.000000  -1.000000  -0.000000  0.000000  0.000000  
264.748789 0.009950  0.098759  0.001554  0.999907  0.006652  -0.011910  0.011734  0.025913  0.999595  0.006957  -0.999642  0.025833  0.003212  0.001900  0.001394  0.000000  0.000000  0.000000  2.000000  1.000000  0.000000  0.000000  0.000000  -0.000000  1.000000  0.000000  -1.000000  -0.000000  0.999999  0.000952  0.000593  -0.000951  0.999999  -0.001331  -0.000594  0.001330  0.999999  1.000000  0.000000  0.000000  0.000000  1.000000  0.000000  0.000000  0.000000  1.000000  1.000000  0.000000  0.000000  0.000000  -0.000000  1.000000  0.000000  -1.000000  -0.000000  0.000000  0.000000  
264.750022 0.009953  0.098763  0.001557  0.999908  0.006788  -0.011710  0.011528  0.026156  0.999591  0.007091  -0.999635  0.026075  0.003160  0.002064  0.001461  0.000000  0.000000  0.000000  2.000000  1.000000  0.000000  0.000000  0.000000  -0.000000  1.000000  0.000000  -1.000000  -0.000000  0.999999  0.001091  0.000795  -0.001090  0.999998  -0.001451  -0.000797  0.001450  0.999999  1.000000  0.000000  0.000000  0.000000  1.000000  0.000000  0.000000  0.000000  1.000000  1.000000  0.000000  0.000000  0.000000  -0.000000  1.000000  0.000000  -1.000000  -0.000000  0.000000  0.000000  
264.751026 0.009955  0.098765  0.001559  0.999907  0.006920  -0.011714  0.011528  0.026279  0.999588  0.007225  -0.999631  0.026196  0.003066  0.002172  0.001545  0.000000  0.000000  0.000000  2.000000  1.000000  0.000000  0.000000  0.000000  -0.000000  1.000000  0.000000  -1.000000  -0.000000  0.999999  0.000958  0.000799  -0.000956  0.999998  -0.001572  -0.000800  0.001571  0.999998  1.000000  0.000000  0.000000  0.000000  1.000000  0.000000  0.000000  0.000000  1.000000  1.000000  0.000000  0.000000  0.000000  -0.000000  1.000000  0.000000  -1.000000  -0.000000  0.000000  0.000000  
264.752275 0.009958  0.098767  0.001562  0.999907  0.006919  -0.011715  0.011528  0.026400  0.999585  0.007225  -0.999628  0.026318  0.002952  0.002310  0.001654  0.000000  0.000000  0.000000  2.000000  1.000000  0.000000  0.000000  0.000000  -0.000000  1.000000  0.000000  -1.000000  -0.000000  0.999999  0.001092  0.000795  -0.001090  0.999998  -0.001814  -0.000797  0.001814  0.999998  1.000000  0.000000  0.000000  0.000000  1.000000  0.000000  0.000000  0.000000  1.000000  1.000000  0.000000  0.000000  0.000000  -0.000000  1.000000  0.000000  -1.000000  -0.000000  0.000000  0.000000  
264.753275 0.009959  0.098769  0.001564  0.999909  0.007056  -0.011513  0.011322  0.026521  0.999584  0.007359  -0.999623  0.026439  0.002853  0.002361  0.001695  0.000000  0.000000  0.000000  2.000000  1.000000  0.000000  0.000000  0.000000  -0.000000  1.000000  0.000000  -1.000000  -0.000000  0.999999  0.001226  0.000791  -0.001224  0.999998  -0.001814  -0.000794  0.001813  0.999998  1.000000  0.000000  0.000000  0.000000  1.000000  0.000000  0.000000  0.000000  1.000000  1.000000  0.000000  0.000000  0.000000  -0.000000  1.000000  0.000000  -1.000000  -0.000000  0.000000  0.000000  
264.754529 0.009961  0.098771  0.001566  0.999908  0.007189  -0.011518  0.011322  0.026644  0.999581  0.007493  -0.999619  0.026560  0.002710  0.002385  0.001747  0.000000  0.000000  0.000000  2.000000  1.000000  0.000000  0.000000  0.000000  -0.000000  1.000000  0.000000  -1.000000  -0.000000  0.999999  0.001365  0.000993  -0.001363  0.999997  -0.001934  -0.000996  0.001933  0.999998  1.000000  0.000000  0.000000  0.000000  1.000000  0.000000  0.000000  0.000000  1.000000  1.000000  0.000000  0.000000  0.000000  -0.000000  1.000000  0.000000  -1.000000  -0.000000  0.000000  0.000000  
264.755779 0.009963  0.098774  0.001568  0.999908  0.007187  -0.011519  0.011322  0.026765  0.999578  0.007493  -0.999616  0.026681  0.002567  0.002409  0.001800  0.000000  0.000000  0.000000  2.000000  1.000000  0.000000  0.000000  0.000000  -0.000000  1.000000  0.000000  -1.000000  -0.000000  0.999999  0.001359  0.000787  -0.001358  0.999997  -0.001936  -0.000790  0.001935  0.999998  1.000000  0.000000  0.000000  0.000000  1.000000  0.000000  0.000000  0.000000  1.000000  1.000000  0.000000  0.000000  0.000000  -0.000000  1.000000  0.000000  -1.000000  -0.000000  0.000000  0.000000  
264.757025 0.009965  0.098776  0.001570  0.999907  0.007320  -0.011523  0.011322  0.026888  0.999574  0.007626  -0.999612  0.026803  0.002419  0.002376  0.001809  0.000000  0.000000  0.000000  2.000000  1.000000  0.000000  0.000000  0.000000  -0.000000  1.000000  0.000000  -1.000000  -0.000000  0.999999  0.001360  0.000787  -0.001358  0.999997  -0.002057  -0.000790  0.002056  0.999998  1.000000  0.000000  0.000000  0.000000  1.000000  0.000000  0.000000  0.000000  1.000000  1.000000  0.000000  0.000000  0.000000  -0.000000  1.000000  0.000000  -1.000000  -0.000000  0.000000  0.000000  
264.758270 0.009967  0.098778  0.001571  0.999906  0.007452  -0.011527  0.011322  0.027011  0.999571  0.007760  -0.999607  0.026924  0.002276  0.002330  0.001777  0.000000  0.000000  0.000000  2.000000  1.000000  0.000000  0.000000  0.000000  -0.000000  1.000000  0.000000  -1.000000  -0.000000  0.999999  0.001360  0.000787  -0.001358  0.999997  -0.002057  -0.000790  0.002056  0.999998  1.000000  0.000000  0.000000  0.000000  1.000000  0.000000  0.000000  0.000000  1.000000  1.000000  0.000000  0.000000  0.000000  -0.000000  1.000000  0.000000  -1.000000  -0.000000  0.000000  0.000000  
264.759278 0.009969  0.098780  0.001573  0.999907  0.007590  -0.011326  0.011116  0.027132  0.999570  0.007894  -0.999603  0.027045  0.002137  0.002221  0.001760  0.000000  0.000000  0.000000  2.000000  1.000000  0.000000  0.000000  0.000000  -0.000000  1.000000  0.000000  -1.000000  -0.000000  0.999999  0.001365  0.000993  -0.001363  0.999997  -0.002177  -0.000996  0.002175  0.999997  1.000000  0.000000  0.000000  0.000000  1.000000  0.000000  0.000000  0.000000  1.000000  1.000000  0.000000  0.000000  0.000000  -0.000000  1.000000  0.000000  -1.000000  -0.000000  0.000000  0.000000  
264.760519 0.009971  0.098782  0.001574  0.999907  0.007589  -0.011327  0.011116  0.027253  0.999567  0.007894  -0.999600  0.027166  0.002027  0.002171  0.001665  0.000000  0.000000  0.000000  2.000000  1.000000  0.000000  0.000000  0.000000  -0.000000  1.000000  0.000000  -1.000000  -0.000000  0.999998  0.001499  0.000989  -0.001497  0.999997  -0.002177  -0.000992  0.002175  0.999997  1.000000  0.000000  0.000000  0.000000  1.000000  0.000000  0.000000  0.000000  1.000000  1.000000  0.000000  0.000000  0.000000  -0.000000  1.000000  0.000000  -1.000000  -0.000000  0.000000  0.000000  
264.761769 0.009974  0.098785  0.001576  0.999906  0.007720  -0.011333  0.011116  0.027497  0.999560  0.008028  -0.999592  0.027409  0.001955  0.002114  0.001653  0.000000  0.000000  0.000000  2.000000  1.000000  0.000000  0.000000  0.000000  -0.000000  1.000000  0.000000  -1.000000  -0.000000  0.999999  0.001366  0.000992  -0.001363  0.999997  -0.002177  -0.000995  0.002175  0.999997  1.000000  0.000000  0.000000  0.000000  1.000000  0.000000  0.000000  0.000000  1.000000  1.000000  0.000000  0.000000  0.000000  -0.000000  1.000000  0.000000  -1.000000  -0.000000  0.000000  0.000000  
264.763017 0.009975  0.098788  0.001578  0.999906  0.007718  -0.011334  0.011116  0.027618  0.999557  0.008028  -0.999589  0.027530  0.001860  0.002084  0.001663  0.000000  0.000000  0.000000  2.000000  1.000000  0.000000  0.000000  0.000000  -0.000000  1.000000  0.000000  -1.000000  -0.000000  0.999999  0.001360  0.000786  -0.001358  0.999996  -0.002299  -0.000789  0.002298  0.999997  1.000000  0.000000  0.000000  0.000000  1.000000  0.000000  0.000000  0.000000  1.000000  1.000000  0.000000  0.000000  0.000000  -0.000000  1.000000  0.000000  -1.000000  -0.000000  0.000000  0.000000  
264.764021 0.009977  0.098790  0.001580  0.999906  0.007717  -0.011335  0.011116  0.027740  0.999553  0.008028  -0.999585  0.027651  0.001789  0.002029  0.001652  0.000000  0.000000  0.000000  2.000000  1.000000  0.000000  0.000000  0.000000  -0.000000  1.000000  0.000000  -1.000000  -0.000000  0.999999  0.001360  0.000786  -0.001358  0.999996  -0.002420  -0.000789  0.002419  0.999997  1.000000  0.000000  0.000000  0.000000  1.000000  0.000000  0.000000  0.000000  1.000000  1.000000  0.000000  0.000000  0.000000  -0.000000  1.000000  0.000000  -1.000000  -0.000000  0.000000  0.000000  
264.765284 0.009980  0.098793  0.001582  0.999905  0.007849  -0.011339  0.011116  0.027862  0.999550  0.008162  -0.999581  0.027773  0.001744  0.002002  0.001666  0.000000  0.000000  0.000000  2.000000  1.000000  0.000000  0.000000  0.000000  -0.000000  1.000000  0.000000  -1.000000  -0.000000  0.999999  0.001494  0.000782  -0.001492  0.999996  -0.002299  -0.000786  0.002298  0.999997  1.000000  0.000000  0.000000  0.000000  1.000000  0.000000  0.000000  0.000000  1.000000  1.000000  0.000000  0.000000  0.000000  -0.000000  1.000000  0.000000  -1.000000  -0.000000  0.000000  0.000000  
264.766523 0.009982  0.098796  0.001585  0.999905  0.007846  -0.011341  0.011116  0.028105  0.999543  0.008162  -0.999574  0.028015  0.001709  0.001953  0.001689  0.000000  0.000000  0.000000  2.000000  1.000000  0.000000  0.000000  0.000000  -0.000000  1.000000  0.000000  -1.000000  -0.000000  0.999999  0.001355  0.000580  -0.001353  0.999996  -0.002422  -0.000583  0.002421  0.999997  1.000000  0.000000  0.000000  0.000000  1.000000  0.000000  0.000000  0.000000  1.000000  1.000000  0.000000  0.000000  0.000000  -0.000000  1.000000  0.000000  -1.000000  -0.000000  0.000000  0.000000  
264.767780 0.009984  0.098798  0.001589  0.999904  0.007979  -0.011346  0.011116  0.028228  0.999540  0.008295  -0.999570  0.028136  0.001680  0.001959  0.001753  0.000000  0.000000  0.000000  2.000000  1.000000  0.000000  0.000000  0.000000  -0.000000  1.000000  0.000000  -1.000000  -0.000000  0.999999  0.001355  0.000580  -0.001353  0.999996  -0.002422  -0.000583  0.002421  0.999997  1.000000  0.000000  0.000000  0.000000  1.000000  0.000000  0.000000  0.000000  1.000000  1.000000  0.000000  0.000000  0.000000  -0.000000  1.000000  0.000000  -1.000000  -0.000000  0.000000  0.000000  
264.769024 0.009985  0.098799  0.001592  0.999904  0.007976  -0.011348  0.011116  0.028470  0.999533  0.008295  -0.999563  0.028379  0.001625  0.001935  0.001790  0.000000  0.000000  0.000000  2.000000  1.000000  0.000000  0.000000  0.000000  -0.000000  1.000000  0.000000  -1.000000  -0.000000  0.999999  0.001355  0.000580  -0.001353  0.999996  -0.002422  -0.000583  0.002421  0.999997  1.000000  0.000000  0.000000  0.000000  1.000000  0.000000  0.000000  0.000000  1.000000  1.000000  0.000000  0.000000  0.000000  -0.000000  1.000000  0.000000  -1.000000  -0.000000  0.000000  0.000000  
264.770273 0.009986  0.098802  0.001595  0.999903  0.008108  -0.011353  0.011116  0.028593  0.999529  0.008429  -0.999558  0.028500  0.001597  0.001942  0.001854  0.000000  0.000000  0.000000  2.000000  1.000000  0.000000  0.000000  0.000000  -0.000000  1.000000  0.000000  -1.000000  -0.000000  0.999999  0.001349  0.000373  -0.001348  0.999996  -0.002423  -0.000377  0.002422  0.999997  1.000000  0.000000  0.000000  0.000000  1.000000  0.000000  0.000000  0.000000  1.000000  1.000000  0.000000  0.000000  0.000000  -0.000000  1.000000  0.000000  -1.000000  -0.000000  0.000000  0.000000  
264.771274 0.009988  0.098804  0.001597  0.999903  0.008107  -0.011354  0.011116  0.028714  0.999526  0.008429  -0.999555  0.028621  0.001594  0.001944  0.001863  0.000000  0.000000  0.000000  2.000000  1.000000  0.000000  0.000000  0.000000  -0.000000  1.000000  0.000000  -1.000000  -0.000000  0.999999  0.001215  0.000377  -0.001215  0.999996  -0.002423  -0.000380  0.002422  0.999997  1.000000  0.000000  0.000000  0.000000  1.000000  0.000000  0.000000  0.000000  1.000000  1.000000  0.000000  0.000000  0.000000  -0.000000  1.000000  0.000000  -1.000000  -0.000000  0.000000  0.000000  
264.772525 0.009990  0.098806  0.001600  0.999902  0.008239  -0.011358  0.011116  0.028837  0.999522  0.008563  -0.999550  0.028742  0.001590  0.001962  0.001995  0.000000  0.000000  0.000000  2.000000  1.000000  0.000000  0.000000  0.000000  -0.000000  1.000000  0.000000  -1.000000  -0.000000  0.999999  0.001349  0.000373  -0.001348  0.999996  -0.002423  -0.000376  0.002422  0.999997  1.000000  0.000000  0.000000  0.000000  1.000000  0.000000  0.000000  0.000000  1.000000  1.000000  0.000000  0.000000  0.000000  -0.000000  1.000000  0.000000  -1.000000  -0.000000  0.000000  0.000000  
264.773795 0.009992  0.098809  0.001603  0.999904  0.008243  -0.011155  0.010911  0.029078  0.999518  0.008563  -0.999543  0.028985  0.001596  0.002001  0.002073  0.000000  0.000000  0.000000  2.000000  1.000000  0.000000  0.000000  0.000000  -0.000000  1.000000  0.000000  -1.000000  -0.000000  0.999999  0.001216  0.000377  -0.001215  0.999996  -0.002423  -0.000380  0.002422  0.999997  1.000000  0.000000  0.000000  0.000000  1.000000  0.000000  0.000000  0.000000  1.000000  1.000000  0.000000  0.000000  0.000000  -0.000000  1.000000  0.000000  -1.000000  -0.000000  0.000000  0.000000  
264.775025 0.009994  0.098812  0.001606  0.999903  0.008375  -0.011159  0.010911  0.029200  0.999514  0.008697  -0.999538  0.029106  0.001578  0.002043  0.002204  0.000000  0.000000  0.000000  2.000000  1.000000  0.000000  0.000000  0.000000  -0.000000  1.000000  0.000000  -1.000000  -0.000000  0.999999  0.001216  0.000377  -0.001215  0.999996  -0.002544  -0.000380  0.002544  0.999997  1.000000  0.000000  0.000000  0.000000  1.000000  0.000000  0.000000  0.000000  1.000000  1.000000  0.000000  0.000000  0.000000  -0.000000  1.000000  0.000000  -1.000000  -0.000000  0.000000  0.000000  
264.776271 0.009996  0.098815  0.001608  0.999903  0.008372  -0.011161  0.010911  0.029443  0.999507  0.008697  -0.999531  0.029349  0.001564  0.002047  0.002237  0.000000  0.000000  0.000000  2.000000  1.000000  0.000000  0.000000  0.000000  -0.000000  1.000000  0.000000  -1.000000  -0.000000  0.999999  0.001216  0.000376  -0.001215  0.999996  -0.002544  -0.000379  0.002544  0.999997  1.000000  0.000000  0.000000  0.000000  1.000000  0.000000  0.000000  0.000000  1.000000  1.000000  0.000000  0.000000  0.000000  -0.000000  1.000000  0.000000  -1.000000  -0.000000  0.000000  0.000000  
264.777520 0.009999  0.098818  0.001610  0.999901  0.008505  -0.011166  0.010911  0.029565  0.999503  0.008831  -0.999527  0.029470  0.001597  0.002075  0.002245  0.000000  0.000000  0.000000  2.000000  1.000000  0.000000  0.000000  0.000000  -0.000000  1.000000  0.000000  -1.000000  -0.000000  0.999999  0.001216  0.000376  -0.001215  0.999996  -0.002665  -0.000379  0.002665  0.999996  1.000000  0.000000  0.000000  0.000000  1.000000  0.000000  0.000000  0.000000  1.000000  1.000000  0.000000  0.000000  0.000000  -0.000000  1.000000  0.000000  -1.000000  -0.000000  0.000000  0.000000  
264.778525 0.010001  0.098820  0.001612  0.999901  0.008503  -0.011167  0.010911  0.029687  0.999500  0.008831  -0.999523  0.029591  0.001608  0.002074  0.002226  0.000000  0.000000  0.000000  2.000000  1.000000  0.000000  0.000000  0.000000  -0.000000  1.000000  0.000000  -1.000000  -0.000000  0.999999  0.001082  0.000380  -0.001081  0.999996  -0.002665  -0.000383  0.002665  0.999996  1.000000  0.000000  0.000000  0.000000  1.000000  0.000000  0.000000  0.000000  1.000000  1.000000  0.000000  0.000000  0.000000  -0.000000  1.000000  0.000000  -1.000000  -0.000000  0.000000  0.000000  
264.779771 0.010003  0.098823  0.001614  0.999903  0.008641  -0.010968  0.010705  0.029929  0.999495  0.008964  -0.999515  0.029833  0.001614  0.002095  0.002183  0.000000  0.000000  0.000000  2.000000  1.000000  0.000000  0.000000  0.000000  -0.000000  1.000000  0.000000  -1.000000  -0.000000  0.999999  0.001076  0.000174  -0.001076  0.999996  -0.002788  -0.000177  0.002788  0.999996  1.000000  0.000000  0.000000  0.000000  1.000000  0.000000  0.000000  0.000000  1.000000  1.000000  0.000000  0.000000  0.000000  -0.000000  1.000000  0.000000  -1.000000  -0.000000  0.000000  0.000000  
264.781021 0.010006  0.098827  0.001616  0.999903  0.008639  -0.010969  0.010705  0.030050  0.999491  0.008964  -0.999511  0.029955  0.001622  0.002111  0.002126  0.000000  0.000000  0.000000  2.000000  1.000000  0.000000  0.000000  0.000000  -0.000000  1.000000  0.000000  -1.000000  -0.000000  0.999999  0.001082  0.000379  -0.001081  0.999996  -0.002787  -0.000382  0.002786  0.999996  1.000000  0.000000  0.000000  0.000000  1.000000  0.000000  0.000000  0.000000  1.000000  1.000000  0.000000  0.000000  0.000000  -0.000000  1.000000  0.000000  -1.000000  -0.000000  0.000000  0.000000  
264.782035 0.010008  0.098829  0.001618  0.999901  0.008770  -0.010975  0.010705  0.030294  0.999484  0.009098  -0.999503  0.030197  0.001658  0.002185  0.002072  0.000000  0.000000  0.000000  2.000000  1.000000  0.000000  0.000000  0.000000  -0.000000  1.000000  0.000000  -1.000000  -0.000000  0.999999  0.001216  0.000375  -0.001215  0.999995  -0.002787  -0.000379  0.002786  0.999996  1.000000  0.000000  0.000000  0.000000  1.000000  0.000000  0.000000  0.000000  1.000000  1.000000  0.000000  0.000000  0.000000  -0.000000  1.000000  0.000000  -1.000000  -0.000000  0.000000  0.000000  
264.783276 0.010010  0.098832  0.001620  0.999901  0.008769  -0.010976  0.010705  0.030415  0.999480  0.009098  -0.999499  0.030318  0.001752  0.002260  0.002008  0.000000  0.000000  0.000000  2.000000  1.000000  0.000000  0.000000  0.000000  -0.000000  1.000000  0.000000  -1.000000  -0.000000  0.999999  0.001082  0.000379  -0.001081  0.999995  -0.002908  -0.000382  0.002907  0.999996  1.000000  0.000000  0.000000  0.000000  1.000000  0.000000  0.000000  0.000000  1.000000  1.000000  0.000000  0.000000  0.000000  -0.000000  1.000000  0.000000  -1.000000  -0.000000  0.000000  0.000000  
264.784522 0.010012  0.098835  0.001623  0.999900  0.008900  -0.010982  0.010705  0.030659  0.999473  0.009232  -0.999490  0.030561  0.001802  0.002309  0.001955  0.000000  0.000000  0.000000  2.000000  1.000000  0.000000  0.000000  0.000000  -0.000000  1.000000  0.000000  -1.000000  -0.000000  0.999999  0.001216  0.000375  -0.001215  0.999995  -0.002787  -0.000378  0.002786  0.999996  1.000000  0.000000  0.000000  0.000000  1.000000  0.000000  0.000000  0.000000  1.000000  1.000000  0.000000  0.000000  0.000000  -0.000000  1.000000  0.000000  -1.000000  -0.000000  0.000000  0.000000  
264.785775 0.010015  0.098838  0.001625  0.999901  0.009039  -0.010782  0.010499  0.030780  0.999471  0.009366  -0.999485  0.030682  0.001835  0.002358  0.001931  0.000000  0.000000  0.000000  2.000000  1.000000  0.000000  0.000000  0.000000  -0.000000  1.000000  0.000000  -1.000000  -0.000000  0.999999  0.001223  0.000580  -0.001221  0.999995  -0.002906  -0.000584  0.002905  0.999996  1.000000  0.000000  0.000000  0.000000  1.000000  0.000000  0.000000  0.000000  1.000000  1.000000  0.000000  0.000000  0.000000  -0.000000  1.000000  0.000000  -1.000000  -0.000000  0.000000  0.000000  
264.787028 0.010017  0.098841  0.001628  0.999900  0.009170  -0.010788  0.010499  0.031024  0.999464  0.009500  -0.999477  0.030924  0.001870  0.002408  0.001909  0.000000  0.000000  0.000000  2.000000  1.000000  0.000000  0.000000  0.000000  -0.000000  1.000000  0.000000  -1.000000  -0.000000  0.999999  0.001356  0.000576  -0.001355  0.999995  -0.002785  -0.000580  0.002784  0.999996  1.000000  0.000000  0.000000  0.000000  1.000000  0.000000  0.000000  0.000000  1.000000  1.000000  0.000000  0.000000  0.000000  -0.000000  1.000000  0.000000  -1.000000  -0.000000  0.000000  0.000000  
264.788275 0.010020  0.098844  0.001630  0.999900  0.009168  -0.010789  0.010499  0.031145  0.999460  0.009500  -0.999473  0.031046  0.001958  0.002463  0.001889  0.000000  0.000000  0.000000  2.000000  1.000000  0.000000  0.000000  0.000000  -0.000000  1.000000  0.000000  -1.000000  -0.000000  0.999999  0.001223  0.000580  -0.001221  0.999995  -0.002906  -0.000583  0.002905  0.999996  1.000000  0.000000  0.000000  0.000000  1.000000  0.000000  0.000000  0.000000  1.000000  1.000000  0.000000  0.000000  0.000000  -0.000000  1.000000  0.000000  -1.000000  -0.000000  0.000000  0.000000  
264.789279 0.010022  0.098847  0.001632  0.999898  0.009300  -0.010795  0.010499  0.031389  0.999452  0.009633  -0.999464  0.031288  0.001960  0.002495  0.001883  0.000000  0.000000  0.000000  2.000000  1.000000  0.000000  0.000000  0.000000  -0.000000  1.000000  0.000000  -1.000000  -0.000000  0.999999  0.001357  0.000576  -0.001355  0.999995  -0.002906  -0.000580  0.002905  0.999996  1.000000  0.000000  0.000000  0.000000  1.000000  0.000000  0.000000  0.000000  1.000000  1.000000  0.000000  0.000000  0.000000  -0.000000  1.000000  0.000000  -1.000000  -0.000000  0.000000  0.000000  
264.790523 0.010025  0.098851  0.001635  0.999901  0.009305  -0.010591  0.010293  0.031508  0.999450  0.009633  -0.999460  0.031409  0.002018  0.002534  0.001881  0.000000  0.000000  0.000000  2.000000  1.000000  0.000000  0.000000  0.000000  -0.000000  1.000000  0.000000  -1.000000  -0.000000  0.999999  0.001229  0.000785  -0.001227  0.999995  -0.003025  -0.000789  0.003024  0.999995  1.000000  0.000000  0.000000  0.000000  1.000000  0.000000  0.000000  0.000000  1.000000  1.000000  0.000000  0.000000  0.000000  -0.000000  1.000000  0.000000  -1.000000  -0.000000  0.000000  0.000000  
264.791769 0.010028  0.098854  0.001637  0.999899  0.009436  -0.010597  0.010293  0.031752  0.999443  0.009767  -0.999451  0.031652  0.002061  0.002561  0.001871  0.000000  0.000000  0.000000  2.000000  1.000000  0.000000  0.000000  0.000000  -0.000000  1.000000  0.000000  -1.000000  -0.000000  0.999999  0.001363  0.000781  -0.001361  0.999994  -0.003147  -0.000785  0.003146  0.999995  1.000000  0.000000  0.000000  0.000000  1.000000  0.000000  0.000000  0.000000  1.000000  1.000000  0.000000  0.000000  0.000000  -0.000000  1.000000  0.000000  -1.000000  -0.000000  0.000000  0.000000  
264.792772 0.010031  0.098857  0.001639  0.999899  0.009435  -0.010599  0.010293  0.031873  0.999439  0.009767  -0.999447  0.031773  0.002110  0.002601  0.001870  0.000000  0.000000  0.000000  2.000000  1.000000  0.000000  0.000000  0.000000  -0.000000  1.000000  0.000000  -1.000000  -0.000000  0.999999  0.001363  0.000781  -0.001361  0.999994  -0.003025  -0.000785  0.003024  0.999995  1.000000  0.000000  0.000000  0.000000  1.000000  0.000000  0.000000  0.000000  1.000000  1.000000  0.000000  0.000000  0.000000  -0.000000  1.000000  0.000000  -1.000000  -0.000000  0.000000  0.000000  
264.793772 0.010033  0.098860  0.001640  0.999900  0.009574  -0.010398  0.010087  0.031994  0.999437  0.009901  -0.999442  0.031894  0.002168  0.002624  0.001827  0.000000  0.000000  0.000000  2.000000  1.000000  0.000000  0.000000  0.000000  -0.000000  1.000000  0.000000  -1.000000  -0.000000  0.999999  0.001364  0.000780  -0.001361  0.999994  -0.003025  -0.000784  0.003024  0.999995  1.000000  0.000000  0.000000  0.000000  1.000000  0.000000  0.000000  0.000000  1.000000  1.000000  0.000000  0.000000  0.000000  -0.000000  1.000000  0.000000  -1.000000  -0.000000  0.000000  0.000000  
264.795019 0.010037  0.098864  0.001641  0.999900  0.009571  -0.010400  0.010087  0.032236  0.999429  0.009901  -0.999434  0.032137  0.002218  0.002635  0.001776  0.000000  0.000000  0.000000  2.000000  1.000000  0.000000  0.000000  0.000000  -0.000000  1.000000  0.000000  -1.000000  -0.000000  0.999999  0.001230  0.000784  -0.001228  0.999994  -0.003147  -0.000788  0.003146  0.999995  1.000000  0.000000  0.000000  0.000000  1.000000  0.000000  0.000000  0.000000  1.000000  1.000000  0.000000  0.000000  0.000000  -0.000000  1.000000  0.000000  -1.000000  -0.000000  0.000000  0.000000  
264.796019 0.010040  0.098866  0.001642  0.999899  0.009704  -0.010406  0.010087  0.032359  0.999425  0.010035  -0.999429  0.032258  0.002275  0.002658  0.001734  0.000000  0.000000  0.000000  2.000000  1.000000  0.000000  0.000000  0.000000  -0.000000  1.000000  0.000000  -1.000000  -0.000000  0.999999  0.001364  0.000780  -0.001361  0.999994  -0.003025  -0.000784  0.003024  0.999995  1.000000  0.000000  0.000000  0.000000  1.000000  0.000000  0.000000  0.000000  1.000000  1.000000  0.000000  0.000000  0.000000  -0.000000  1.000000  0.000000  -1.000000  -0.000000  0.000000  0.000000  
264.797021 0.010043  0.098869  0.001643  0.999899  0.009701  -0.010408  0.010087  0.032601  0.999418  0.010035  -0.999421  0.032500  0.002357  0.002656  0.001672  0.000000  0.000000  0.000000  2.000000  1.000000  0.000000  0.000000  0.000000  -0.000000  1.000000  0.000000  -1.000000  -0.000000  0.999999  0.001230  0.000784  -0.001228  0.999995  -0.003025  -0.000788  0.003024  0.999995  1.000000  0.000000  0.000000  0.000000  1.000000  0.000000  0.000000  0.000000  1.000000  1.000000  0.000000  0.000000  0.000000  -0.000000  1.000000  0.000000  -1.000000  -0.000000  0.000000  0.000000  
264.798021 0.010046  0.098872  0.001645  0.999901  0.009707  -0.010204  0.009881  0.032721  0.999416  0.010035  -0.999417  0.032621  0.002397  0.002681  0.001660  0.000000  0.000000  0.000000  2.000000  1.000000  0.000000  0.000000  0.000000  -0.000000  1.000000  0.000000  -1.000000  -0.000000  0.999999  0.001237  0.000990  -0.001234  0.999995  -0.003023  -0.000993  0.003022  0.999995  1.000000  0.000000  0.000000  0.000000  1.000000  0.000000  0.000000  0.000000  1.000000  1.000000  0.000000  0.000000  0.000000  -0.000000  1.000000  0.000000  -1.000000  -0.000000  0.000000  0.000000  
264.799042 0.010048  0.098874  0.001645  0.999899  0.009839  -0.010209  0.009881  0.032843  0.999412  0.010169  -0.999412  0.032743  0.002492  0.002708  0.001555  0.000000  0.000000  0.000000  2.000000  1.000000  0.000000  0.000000  0.000000  -0.000000  1.000000  0.000000  -1.000000  -0.000000  0.999999  0.001371  0.000985  -0.001368  0.999994  -0.003145  -0.000989  0.003143  0.999995  1.000000  0.000000  0.000000  0.000000  1.000000  0.000000  0.000000  0.000000  1.000000  1.000000  0.000000  0.000000  0.000000  -0.000000  1.000000  0.000000  -1.000000  -0.000000  0.000000  0.000000  
264.800271 0.010052  0.098877  0.001647  0.999899  0.009838  -0.010210  0.009881  0.032964  0.999408  0.010169  -0.999408  0.032864  0.002528  0.002643  0.001511  0.000000  0.000000  0.000000  2.000000  1.000000  0.000000  0.000000  0.000000  -0.000000  1.000000  0.000000  -1.000000  -0.000000  0.999999  0.001371  0.000985  -0.001368  0.999994  -0.003145  -0.000989  0.003143  0.999995  1.000000  0.000000  0.000000  0.000000  1.000000  0.000000  0.000000  0.000000  1.000000  1.000000  0.000000  0.000000  0.000000  -0.000000  1.000000  0.000000  -1.000000  -0.000000  0.000000  0.000000  
264.801272 0.010054  0.098879  0.001648  0.999898  0.009970  -0.010216  0.009881  0.033087  0.999404  0.010302  -0.999403  0.032985  0.002593  0.002623  0.001428  0.000000  0.000000  0.000000  2.000000  1.000000  0.000000  0.000000  0.000000  -0.000000  1.000000  0.000000  -1.000000  -0.000000  0.999999  0.001364  0.000779  -0.001362  0.999994  -0.003146  -0.000783  0.003145  0.999995  1.000000  0.000000  0.000000  0.000000  1.000000  0.000000  0.000000  0.000000  1.000000  1.000000  0.000000  0.000000  0.000000  -0.000000  1.000000  0.000000  -1.000000  -0.000000  0.000000  0.000000  
264.802530 0.010058  0.098881  0.001649  0.999900  0.009975  -0.010013  0.009675  0.033327  0.999398  0.010302  -0.999395  0.033228  0.002660  0.002539  0.001362  0.000000  0.000000  0.000000  2.000000  1.000000  0.000000  0.000000  0.000000  -0.000000  1.000000  0.000000  -1.000000  -0.000000  0.999999  0.001371  0.000984  -0.001368  0.999994  -0.003023  -0.000989  0.003022  0.999995  1.000000  0.000000  0.000000  0.000000  1.000000  0.000000  0.000000  0.000000  1.000000  1.000000  0.000000  0.000000  0.000000  -0.000000  1.000000  0.000000  -1.000000  -0.000000  0.000000  0.000000  
264.803787 0.010061  0.098883  0.001651  0.999899  0.010107  -0.010018  0.009675  0.033450  0.999394  0.010436  -0.999389  0.033349  0.002705  0.002483  0.001319  0.000000  0.000000  0.000000  2.000000  1.000000  0.000000  0.000000  0.000000  -0.000000  1.000000  0.000000  -1.000000  -0.000000  0.999999  0.001372  0.000984  -0.001369  0.999994  -0.003023  -0.000988  0.003022  0.999995  1.000000  0.000000  0.000000  0.000000  1.000000  0.000000  0.000000  0.000000  1.000000  1.000000  0.000000  0.000000  0.000000  -0.000000  1.000000  0.000000  -1.000000  -0.000000  0.000000  0.000000  
