1-Time 2-Px 3-Py 4-Pz 5-R11 6-R21 7-R31 8-R12 9-R22 10-R32 11-R13 12-R23 13-R33 14-Vx 15-Vy 16-Vz 17-Wx 18-Wy 19-Wz 20-state 21-PR11 22-PR21 23-PR31 24-PR12 25-PR22 26-PR32 27-PR13 28-PR23 29-PR33 
214.341377 0.001365  0.091410  -0.003643  0.998602  0.050890  -0.014316  -0.050411  0.998214  0.032052  0.015921  -0.031286  0.999384  0.000134  0.000206  0.000333  0.000000  0.000000  0.000000  2.000000  1.000000  0.000000  0.000000  -0.000000  1.000000  0.000000  0.000000  -0.000000  1.000000  1.000000  -0.000206  -0.000006  0.000206  1.000000  -0.000003  0.000006  0.000003  1.000000  1.000000  0.000000  0.000000  0.000000  1.000000  0.000000  0.000000  0.000000  1.000000  0.680753  0.373283  0.630266  -0.363127  0.919223  -0.152207  -0.636172  -0.125252  0.761313  0.000000  0.000000  
214.342382 0.001365  0.091410  -0.003642  0.998602  0.050890  -0.014316  -0.050411  0.998214  0.032052  0.015921  -0.031286  0.999384  0.000151  0.000236  0.000385  0.000000  0.000000  0.000000  2.000000  1.000000  0.000000  0.000000  0.000000  1.000000  0.000000  0.000000  0.000000  1.000000  1.000000  -0.000206  -0.000006  0.000206  1.000000  -0.000003  0.000006  0.000003  1.000000  1.000000  0.000000  0.000000  0.000000  1.000000  0.000000  0.000000  0.000000  1.000000  1.000000  0.000000  0.000000  0.000000  1.000000  0.000000  0.000000  0.000000  1.000000  0.000000  0.000000  
214.343633 0.001364  0.091408  -0.003643  0.998591  0.051095  -0.014309  -0.050616  0.998204  0.032055  0.015921  -0.031286  0.999384  0.000090  0.000052  0.000240  0.000000  0.000000  0.000000  2.000000  1.000000  0.000000  0.000000  0.000000  1.000000  0.000000  0.000000  0.000000  1.000000  1.000000  -0.000000  0.000000  -0.000000  1.000000  0.000000  0.000000  0.000000  1.000000  1.000000  0.000000  0.000000  0.000000  1.000000  0.000000  0.000000  0.000000  1.000000  1.000000  0.000000  0.000000  0.000000  1.000000  0.000000  0.000000  0.000000  1.000000  0.000000  0.000000  
214.344882 0.001363  0.091405  -0.003646  0.998570  0.051508  -0.014290  -0.051027  0.998179  0.032182  0.015921  -0.031407  0.999380  0.000043  -0.000136  0.000061  0.000000  0.000000  0.000000  2.000000  1.000000  0.000000  0.000000  0.000000  1.000000  0.000000  0.000000  0.000000  1.000000  1.000000  0.000411  0.000013  -0.000411  1.000000  0.000128  -0.000013  -0.000128  1.000000  1.000000  0.000000  0.000000  0.000000  1.000000  0.000000  0.000000  0.000000  1.000000  1.000000  0.000000  0.000000  0.000000  1.000000  0.000000  0.000000  0.000000  1.000000  0.000000  0.000000  
214.345885 0.001363  0.091402  -0.003647  0.998560  0.051715  -0.014277  -0.051233  0.998164  0.032306  0.015921  -0.031528  0.999376  -0.000011  -0.000342  -0.000074  0.000000  0.000000  0.000000  2.000000  1.000000  0.000000  0.000000  0.000000  1.000000  0.000000  0.000000  0.000000  1.000000  1.000000  0.000617  0.000019  -0.000617  1.000000  0.000252  -0.000019  -0.000252  1.000000  1.000000  0.000000  0.000000  0.000000  1.000000  0.000000  0.000000  0.000000  1.000000  1.000000  0.000000  0.000000  0.000000  1.000000  0.000000  0.000000  0.000000  1.000000  0.000000  0.000000  
214.347149 0.001363  0.091399  -0.003648  0.998547  0.051927  -0.014397  -0.051438  0.998149  0.032437  0.016055  -0.031649  0.999370  0.000024  -0.000544  -0.000183  0.000000  0.000000  0.000000  2.000000  1.000000  0.000000  0.000000  0.000000  1.000000  0.000000  0.000000  0.000000  1.000000  1.000000  0.000827  -0.000108  -0.000827  1.000000  0.000377  0.000108  -0.000377  1.000000  1.000000  0.000000  0.000000  0.000000  1.000000  0.000000  0.000000  0.000000  1.000000  1.000000  0.000000  0.000000  0.000000  1.000000  0.000000  0.000000  0.000000  1.000000  0.000000  0.000000  
214.348382 0.001363  0.091396  -0.003650  0.998534  0.052138  -0.014518  -0.051644  0.998134  0.032568  0.016189  -0.031770  0.999364  -0.000015  -0.000797  -0.000298  0.000000  0.000000  0.000000  2.000000  1.000000  0.000000  0.000000  0.000000  1.000000  0.000000  0.000000  0.000000  1.000000  0.999999  0.001239  -0.000094  -0.001239  0.999999  0.000505  0.000095  -0.000505  1.000000  1.000000  0.000000  0.000000  0.000000  1.000000  0.000000  0.000000  0.000000  1.000000  1.000000  0.000000  0.000000  0.000000  1.000000  0.000000  0.000000  0.000000  1.000000  0.000000  0.000000  
214.349383 0.001363  0.091394  -0.003651  0.998513  0.052551  -0.014498  -0.052055  0.998109  0.032695  0.016189  -0.031892  0.999360  -0.000008  -0.000951  -0.000394  0.000000  0.000000  0.000000  2.000000  1.000000  0.000000  0.000000  0.000000  1.000000  0.000000  0.000000  0.000000  1.000000  0.999999  0.001654  -0.000215  -0.001654  0.999998  0.000633  0.000216  -0.000633  1.000000  1.000000  0.000000  0.000000  0.000000  1.000000  0.000000  0.000000  0.000000  1.000000  1.000000  0.000000  0.000000  0.000000  1.000000  0.000000  0.000000  0.000000  1.000000  0.000000  0.000000  
214.350384 0.001363  0.091392  -0.003651  0.998489  0.052968  -0.014612  -0.052466  0.998083  0.032829  0.016323  -0.032013  0.999354  -0.000065  -0.001101  -0.000455  0.000000  0.000000  0.000000  2.000000  1.000000  0.000000  0.000000  0.000000  1.000000  0.000000  0.000000  0.000000  1.000000  0.999998  0.001865  -0.000342  -0.001864  0.999998  0.000758  0.000343  -0.000757  1.000000  1.000000  0.000000  0.000000  0.000000  1.000000  0.000000  0.000000  0.000000  1.000000  1.000000  0.000000  0.000000  0.000000  1.000000  0.000000  0.000000  0.000000  1.000000  0.000000  0.000000  
214.351388 0.001362  0.091390  -0.003653  0.998465  0.053385  -0.014725  -0.052877  0.998057  0.032963  0.016456  -0.032134  0.999348  -0.000095  -0.001259  -0.000581  0.000000  0.000000  0.000000  2.000000  1.000000  0.000000  0.000000  0.000000  1.000000  0.000000  0.000000  0.000000  1.000000  0.999997  0.002276  -0.000328  -0.002276  0.999997  0.000886  0.000330  -0.000885  1.000000  1.000000  0.000000  0.000000  0.000000  1.000000  0.000000  0.000000  0.000000  1.000000  1.000000  0.000000  0.000000  0.000000  1.000000  0.000000  0.000000  0.000000  1.000000  0.000000  0.000000  
214.352636 0.001362  0.091388  -0.003655  0.998444  0.053798  -0.014705  -0.053288  0.998031  0.033090  0.016456  -0.032255  0.999344  -0.000163  -0.001420  -0.000737  0.000000  0.000000  0.000000  2.000000  1.000000  0.000000  0.000000  0.000000  1.000000  0.000000  0.000000  0.000000  1.000000  0.999996  0.002898  -0.000442  -0.002897  0.999995  0.001018  0.000445  -0.001016  0.999999  1.000000  0.000000  0.000000  0.000000  1.000000  0.000000  0.000000  0.000000  1.000000  1.000000  0.000000  0.000000  0.000000  1.000000  0.000000  0.000000  0.000000  1.000000  0.000000  0.000000  
214.353888 0.001361  0.091387  -0.003657  0.998408  0.054418  -0.014818  -0.053905  0.997997  0.033106  0.016590  -0.032255  0.999342  -0.000208  -0.001532  -0.000884  0.000000  0.000000  0.000000  2.000000  1.000000  0.000000  0.000000  0.000000  1.000000  0.000000  0.000000  0.000000  1.000000  0.999994  0.003313  -0.000562  -0.003313  0.999994  0.001025  0.000566  -0.001023  0.999999  1.000000  0.000000  0.000000  0.000000  1.000000  0.000000  0.000000  0.000000  1.000000  1.000000  0.000000  0.000000  0.000000  1.000000  0.000000  0.000000  0.000000  1.000000  0.000000  0.000000  
214.355132 0.001362  0.091386  -0.003657  0.998386  0.054831  -0.014798  -0.054316  0.997971  0.033234  0.016590  -0.032376  0.999338  -0.000198  -0.001611  -0.000948  0.000000  0.000000  0.000000  2.000000  1.000000  0.000000  0.000000  0.000000  1.000000  0.000000  0.000000  0.000000  1.000000  0.999992  0.003931  -0.000542  -0.003930  0.999992  0.001156  0.000546  -0.001154  0.999999  1.000000  0.000000  0.000000  0.000000  1.000000  0.000000  0.000000  0.000000  1.000000  1.000000  0.000000  0.000000  0.000000  1.000000  0.000000  0.000000  0.000000  1.000000  0.000000  0.000000  
214.356185 0.001362  0.091385  -0.003657  0.998350  0.055452  -0.014911  -0.054932  0.997936  0.033250  0.016724  -0.032376  0.999336  -0.000207  -0.001658  -0.000987  0.000000  0.000000  0.000000  2.000000  1.000000  0.000000  0.000000  0.000000  1.000000  0.000000  0.000000  0.000000  1.000000  0.999990  0.004342  -0.000529  -0.004342  0.999990  0.001163  0.000534  -0.001161  0.999999  1.000000  0.000000  0.000000  0.000000  1.000000  0.000000  0.000000  0.000000  1.000000  1.000000  0.000000  0.000000  0.000000  1.000000  0.000000  0.000000  0.000000  1.000000  0.000000  0.000000  
214.357384 0.001361  0.091383  -0.003659  0.998327  0.055865  -0.014891  -0.055343  0.997909  0.033377  0.016724  -0.032497  0.999332  -0.000296  -0.001799  -0.001124  0.000000  0.000000  0.000000  2.000000  1.000000  0.000000  0.000000  0.000000  1.000000  0.000000  0.000000  0.000000  1.000000  0.999987  0.004964  -0.000642  -0.004963  0.999987  0.001295  0.000648  -0.001292  0.999999  1.000000  0.000000  0.000000  0.000000  1.000000  0.000000  0.000000  0.000000  1.000000  1.000000  0.000000  0.000000  0.000000  1.000000  0.000000  0.000000  0.000000  1.000000  0.000000  0.000000  
214.358385 0.001360  0.091381  -0.003660  0.998302  0.056280  -0.015010  -0.055754  0.997886  0.033391  0.016858  -0.032497  0.999330  -0.000296  -0.001799  -0.001124  0.043705  0.025719  0.180745  2.000000  1.000000  0.000122  0.000157  -0.000122  1.000000  0.000049  -0.000157  -0.000049  1.000000  0.999985  0.005380  -0.000762  -0.005379  0.999985  0.001303  0.000769  -0.001299  0.999999  1.000000  0.000042  0.000053  -0.000042  1.000000  0.000016  -0.000053  -0.000016  1.000000  1.000000  0.000122  0.000157  -0.000122  1.000000  0.000049  -0.000157  -0.000049  1.000000  0.000047  0.005587  
214.359632 0.001359  0.091379  -0.003661  0.998277  0.056697  -0.015123  -0.056165  0.997858  0.033526  0.016992  -0.032618  0.999323  -0.000292  -0.001766  -0.001039  0.048031  0.029766  0.194757  2.000000  1.000000  0.000337  0.000435  -0.000337  1.000000  0.000136  -0.000435  -0.000136  1.000000  0.999983  0.005791  -0.000748  -0.005790  0.999982  0.001431  0.000756  -0.001427  0.999999  1.000000  0.000044  0.000058  -0.000044  1.000000  0.000018  -0.000058  -0.000018  1.000000  1.000000  0.000337  0.000435  -0.000337  1.000000  0.000136  -0.000435  -0.000136  1.000000  0.000051  0.006011  
214.360882 0.001358  0.091376  -0.003661  0.998254  0.057111  -0.015096  -0.056576  0.997827  0.033774  0.016992  -0.032861  0.999315  -0.000320  -0.001749  -0.000916  0.056408  0.029296  0.208577  2.000000  1.000000  0.000572  0.000733  -0.000573  1.000000  0.000232  -0.000732  -0.000232  1.000000  0.999980  0.006207  -0.000867  -0.006206  0.999980  0.001560  0.000877  -0.001554  0.999998  1.000000  0.000048  0.000062  -0.000048  1.000000  0.000019  -0.000062  -0.000019  1.000000  1.000000  0.000572  0.000733  -0.000573  1.000000  0.000232  -0.000732  -0.000232  1.000000  0.000054  0.006458  
214.362132 0.001358  0.091373  -0.003661  0.998228  0.057528  -0.015208  -0.056987  0.997799  0.033909  0.017125  -0.032982  0.999309  -0.000389  -0.001766  -0.000839  0.060727  0.033333  0.222550  2.000000  0.999999  0.000822  0.001051  -0.000823  1.000000  0.000338  -0.001051  -0.000339  0.999999  0.999978  0.006623  -0.000986  -0.006621  0.999976  0.001810  0.000998  -0.001804  0.999998  1.000000  0.000052  0.000065  -0.000052  1.000000  0.000023  -0.000065  -0.000023  1.000000  0.999999  0.000822  0.001051  -0.000823  1.000000  0.000338  -0.001051  -0.000339  0.999999  0.000058  0.006936  
214.363138 0.001357  0.091370  -0.003661  0.998204  0.057941  -0.015187  -0.057398  0.997771  0.034036  0.017125  -0.033103  0.999305  -0.000422  -0.001786  -0.000787  0.065016  0.032866  0.236324  2.000000  0.999999  0.001036  0.001322  -0.001036  0.999999  0.000431  -0.001322  -0.000433  0.999999  0.999975  0.007035  -0.000971  -0.007033  0.999973  0.001939  0.000985  -0.001932  0.999998  1.000000  0.000055  0.000070  -0.000055  1.000000  0.000024  -0.000070  -0.000024  1.000000  0.999999  0.001036  0.001322  -0.001036  0.999999  0.000431  -0.001322  -0.000433  0.999999  0.000062  0.007360  
214.364148 0.001357  0.091366  -0.003662  0.998181  0.058356  -0.015159  -0.057809  0.997739  0.034284  0.017125  -0.033346  0.999297  -0.000404  -0.001876  -0.000786  0.073385  0.032386  0.250118  2.000000  0.999998  0.001253  0.001600  -0.001253  0.999999  0.000532  -0.001600  -0.000534  0.999999  0.999975  0.007035  -0.000971  -0.007033  0.999973  0.002060  0.000985  -0.002053  0.999997  1.000000  0.000055  0.000070  -0.000055  1.000000  0.000026  -0.000070  -0.000026  1.000000  0.999998  0.001253  0.001600  -0.001253  0.999999  0.000532  -0.001600  -0.000534  0.999999  0.000064  0.007393  
214.365386 0.001356  0.091361  -0.003664  0.998167  0.058569  -0.015271  -0.058014  0.997718  0.034537  0.017259  -0.033588  0.999287  -0.000450  -0.002027  -0.000807  0.081681  0.036631  0.257227  2.000000  0.999997  0.001472  0.001883  -0.001473  0.999999  0.000642  -0.001882  -0.000645  0.999998  0.999975  0.007035  -0.000969  -0.007033  0.999973  0.002181  0.000984  -0.002174  0.999997  1.000000  0.000055  0.000070  -0.000055  1.000000  0.000027  -0.000070  -0.000027  1.000000  0.999997  0.001472  0.001883  -0.001473  0.999999  0.000642  -0.001882  -0.000645  0.999998  0.000068  0.007428  
214.366637 0.001355  0.091357  -0.003666  0.998155  0.058776  -0.015257  -0.058220  0.997702  0.034661  0.017259  -0.033709  0.999283  -0.000456  -0.002177  -0.000870  0.085873  0.036391  0.264147  2.000000  0.999996  0.001751  0.002229  -0.001753  0.999998  0.000786  -0.002228  -0.000789  0.999997  0.999975  0.007040  -0.001101  -0.007037  0.999973  0.002303  0.001117  -0.002296  0.999997  1.000000  0.000056  0.000069  -0.000056  1.000000  0.000029  -0.000069  -0.000029  1.000000  0.999996  0.001751  0.002229  -0.001753  0.999998  0.000786  -0.002228  -0.000789  0.999997  0.000070  0.007487  
214.367882 0.001355  0.091352  -0.003669  0.998143  0.058985  -0.015236  -0.058425  0.997681  0.034907  0.017259  -0.033952  0.999274  -0.000464  -0.002383  -0.000908  0.094149  0.036137  0.271090  2.000000  0.999995  0.002028  0.002584  -0.002030  0.999998  0.000932  -0.002582  -0.000937  0.999996  0.999975  0.007035  -0.000965  -0.007033  0.999972  0.002425  0.000982  -0.002418  0.999997  1.000000  0.000055  0.000070  -0.000055  1.000000  0.000030  -0.000070  -0.000030  1.000000  0.999995  0.002028  0.002584  -0.002030  0.999998  0.000932  -0.002582  -0.000937  0.999996  0.000072  0.007503  
214.369138 0.001354  0.091347  -0.003672  0.998131  0.059193  -0.015221  -0.058631  0.997665  0.035031  0.017259  -0.034073  0.999270  -0.000488  -0.002627  -0.001029  0.098330  0.035891  0.277980  2.000000  0.999993  0.002298  0.002935  -0.002301  0.999997  0.001079  -0.002933  -0.001086  0.999995  0.999975  0.007031  -0.000831  -0.007029  0.999972  0.002425  0.000848  -0.002419  0.999997  1.000000  0.000053  0.000071  -0.000053  1.000000  0.000030  -0.000071  -0.000030  1.000000  0.999993  0.002298  0.002935  -0.002301  0.999997  0.001079  -0.002933  -0.001086  0.999995  0.000074  0.007483  
214.370391 0.001354  0.091344  -0.003673  0.998121  0.059395  -0.015073  -0.058836  0.997649  0.035147  0.017125  -0.034194  0.999268  -0.000466  -0.002824  -0.001105  0.102482  0.031148  0.284694  2.000000  0.999991  0.002547  0.003281  -0.002551  0.999996  0.001225  -0.003278  -0.001233  0.999994  0.999978  0.006611  -0.000577  -0.006609  0.999976  0.002295  0.000592  -0.002292  0.999997  1.000000  0.000048  0.000068  -0.000048  1.000000  0.000029  -0.000068  -0.000029  1.000000  0.999991  0.002547  0.003281  -0.002551  0.999996  0.001225  -0.003278  -0.001233  0.999994  0.000076  0.007021  
214.371635 0.001354  0.091340  -0.003675  0.998109  0.059603  -0.015059  -0.059042  0.997632  0.035271  0.017125  -0.034315  0.999264  -0.000501  -0.002971  -0.001127  0.105911  0.030684  0.289530  2.000000  0.999990  0.002782  0.003616  -0.002787  0.999995  0.001370  -0.003612  -0.001380  0.999993  0.999979  0.006405  -0.000583  -0.006404  0.999977  0.002292  0.000598  -0.002288  0.999997  1.000000  0.000046  0.000066  -0.000046  1.000000  0.000029  -0.000066  -0.000029  1.000000  0.999990  0.002782  0.003616  -0.002787  0.999995  0.001370  -0.003612  -0.001380  0.999993  0.000078  0.006827  
214.372880 0.001353  0.091337  -0.003676  0.998109  0.059604  -0.015052  -0.059042  0.997628  0.035392  0.017125  -0.034436  0.999260  -0.000507  -0.002990  -0.001084  0.109893  0.030648  0.289362  2.000000  0.999988  0.002995  0.003928  -0.003001  0.999994  0.001515  -0.003924  -0.001527  0.999991  0.999983  0.005783  -0.000470  -0.005782  0.999981  0.002281  0.000483  -0.002279  0.999997  1.000000  0.000041  0.000060  -0.000041  1.000000  0.000029  -0.000060  -0.000029  1.000000  0.999988  0.002995  0.003928  -0.003001  0.999994  0.001515  -0.003924  -0.001527  0.999991  0.000078  0.006234  
214.373881 0.001352  0.091335  -0.003677  0.998111  0.059602  -0.014911  -0.059042  0.997624  0.035505  0.016992  -0.034558  0.999258  -0.000493  -0.003035  -0.001064  0.114643  0.026848  0.277808  2.000000  0.999987  0.003113  0.004105  -0.003120  0.999994  0.001602  -0.004100  -0.001614  0.999990  0.999984  0.005573  -0.000343  -0.005572  0.999982  0.002399  0.000356  -0.002397  0.999997  1.000000  0.000039  0.000058  -0.000039  1.000000  0.000030  -0.000058  -0.000030  1.000000  0.999987  0.003113  0.004105  -0.003120  0.999994  0.001602  -0.004100  -0.001614  0.999990  0.000075  0.006076  
214.374882 0.001352  0.091333  -0.003676  0.998111  0.059602  -0.014911  -0.059042  0.997624  0.035505  0.016992  -0.034558  0.999258  -0.000506  -0.003036  -0.001034  0.109529  0.026833  0.268630  2.000000  0.999985  0.003256  0.004326  -0.003263  0.999993  0.001719  -0.004321  -0.001733  0.999989  0.999987  0.005157  -0.000223  -0.005156  0.999984  0.002270  0.000235  -0.002269  0.999997  1.000000  0.000035  0.000054  -0.000035  1.000000  0.000028  -0.000054  -0.000028  1.000000  0.999985  0.003256  0.004326  -0.003263  0.999993  0.001719  -0.004321  -0.001733  0.999989  0.000073  0.005639  
214.375882 0.001350  0.091331  -0.003676  0.998111  0.059603  -0.014904  -0.059042  0.997620  0.035626  0.016992  -0.034679  0.999254  -0.000542  -0.003033  -0.001037  0.109424  0.027030  0.261796  2.000000  0.999985  0.003256  0.004326  -0.003263  0.999993  0.001719  -0.004321  -0.001733  0.999989  0.999989  0.004745  -0.000237  -0.004745  0.999986  0.002385  0.000248  -0.002384  0.999997  1.000000  0.000000  0.000000  0.000000  1.000000  0.000000  0.000000  0.000000  1.000000  0.999985  0.003256  0.004326  -0.003263  0.999993  0.001719  -0.004321  -0.001733  0.999989  0.000072  0.000000  
214.376882 0.001349  0.091329  -0.003675  0.998113  0.059599  -0.014770  -0.059042  0.997620  0.035618  0.016858  -0.034679  0.999256  -0.000575  -0.003003  -0.000982  0.105260  0.018324  0.254624  2.000000  0.999985  0.003256  0.004326  -0.003263  0.999993  0.001719  -0.004321  -0.001733  0.999989  0.999992  0.004119  0.000009  -0.004119  0.999989  0.002374  0.000001  -0.002374  0.999997  1.000000  0.000000  0.000000  0.000000  1.000000  0.000000  0.000000  0.000000  1.000000  0.999985  0.003256  0.004326  -0.003263  0.999993  0.001719  -0.004321  -0.001733  0.999989  0.000070  0.000000  
214.378132 0.001346  0.091325  -0.003676  0.998113  0.059601  -0.014763  -0.059042  0.997616  0.035739  0.016858  -0.034800  0.999252  -0.000717  -0.002955  -0.000957  0.105159  0.018524  0.247796  2.000000  0.999985  0.003256  0.004326  -0.003263  0.999993  0.001719  -0.004321  -0.001733  0.999989  0.999994  0.003502  -0.000012  -0.003502  0.999991  0.002363  0.000020  -0.002363  0.999997  1.000000  0.000000  0.000000  0.000000  1.000000  0.000000  0.000000  0.000000  1.000000  0.999985  0.003256  0.004326  -0.003263  0.999993  0.001719  -0.004321  -0.001733  0.999989  0.000067  0.000000  
214.379142 0.001344  0.091323  -0.003676  0.998113  0.059602  -0.014756  -0.059042  0.997611  0.035860  0.016858  -0.034921  0.999248  -0.000844  -0.002907  -0.000940  0.104984  0.014500  0.234012  2.000000  0.999985  0.003256  0.004326  -0.003263  0.999993  0.001719  -0.004321  -0.001733  0.999989  0.999995  0.003086  0.000108  -0.003086  0.999992  0.002357  -0.000101  -0.002357  0.999997  1.000000  0.000000  0.000000  0.000000  1.000000  0.000000  0.000000  0.000000  1.000000  0.999985  0.003256  0.004326  -0.003263  0.999993  0.001719  -0.004321  -0.001733  0.999989  0.000066  0.000000  
214.380406 0.001341  0.091318  -0.003678  0.998125  0.059399  -0.014756  -0.058837  0.997619  0.035978  0.016858  -0.035043  0.999244  -0.001014  -0.002854  -0.000924  0.105412  0.010779  0.214817  2.000000  0.999985  0.003256  0.004326  -0.003263  0.999993  0.001719  -0.004321  -0.001733  0.999989  0.999997  0.002464  0.000220  -0.002464  0.999994  0.002346  -0.000215  -0.002347  0.999997  1.000000  0.000000  0.000000  0.000000  1.000000  0.000000  0.000000  0.000000  1.000000  0.999985  0.003256  0.004326  -0.003263  0.999993  0.001719  -0.004321  -0.001733  0.999989  0.000061  0.000000  
214.381636 0.001337  0.091315  -0.003679  0.998125  0.059401  -0.014749  -0.058837  0.997615  0.036099  0.016858  -0.035164  0.999239  -0.001212  -0.002806  -0.000866  0.105144  0.006964  0.194053  2.000000  0.999985  0.003256  0.004326  -0.003263  0.999993  0.001719  -0.004321  -0.001733  0.999989  0.999997  0.002258  0.000213  -0.002259  0.999995  0.002343  -0.000208  -0.002343  0.999997  1.000000  0.000000  0.000000  0.000000  1.000000  0.000000  0.000000  0.000000  1.000000  0.999985  0.003256  0.004326  -0.003263  0.999993  0.001719  -0.004321  -0.001733  0.999989  0.000056  0.000000  
214.382641 0.001334  0.091312  -0.003681  0.998137  0.059197  -0.014749  -0.058631  0.997623  0.036217  0.016858  -0.035285  0.999235  -0.001378  -0.002702  -0.000808  0.104789  0.007641  0.173297  2.000000  0.999985  0.003256  0.004326  -0.003263  0.999993  0.001719  -0.004321  -0.001733  0.999989  0.999998  0.001842  0.000333  -0.001843  0.999996  0.002336  -0.000329  -0.002336  0.999997  1.000000  0.000000  0.000000  0.000000  1.000000  0.000000  0.000000  0.000000  1.000000  0.999985  0.003256  0.004326  -0.003263  0.999993  0.001719  -0.004321  -0.001733  0.999989  0.000054  0.000000  
214.383885 0.001330  0.091308  -0.003683  0.998137  0.059199  -0.014742  -0.058631  0.997618  0.036338  0.016858  -0.035406  0.999231  -0.001617  -0.002674  -0.000742  0.000000  0.000000  0.000000  2.000000  0.999985  0.003256  0.004326  -0.003263  0.999993  0.001719  -0.004321  -0.001733  0.999989  0.999999  0.001225  0.000311  -0.001226  0.999997  0.002325  -0.000308  -0.002326  0.999997  1.000000  0.000000  0.000000  0.000000  1.000000  0.000000  0.000000  0.000000  1.000000  0.999985  0.003256  0.004326  -0.003263  0.999993  0.001719  -0.004321  -0.001733  0.999989  0.000000  0.000000  
214.384890 0.001327  0.091305  -0.003685  0.998140  0.059196  -0.014601  -0.058631  0.997614  0.036451  0.016724  -0.035528  0.999229  -0.001851  -0.002657  -0.000803  0.000000  0.000000  0.000000  2.000000  0.999985  0.003256  0.004326  -0.003263  0.999993  0.001719  -0.004321  -0.001733  0.999989  1.000000  0.000809  0.000430  -0.000810  0.999997  0.002197  -0.000429  -0.002197  0.999997  1.000000  0.000000  0.000000  0.000000  1.000000  0.000000  0.000000  0.000000  1.000000  0.999985  0.003256  0.004326  -0.003263  0.999993  0.001719  -0.004321  -0.001733  0.999989  0.000000  0.000000  
214.386135 0.001322  0.091300  -0.003688  0.998152  0.058992  -0.014601  -0.058426  0.997622  0.036569  0.016724  -0.035649  0.999224  -0.002109  -0.002747  -0.000910  0.000000  0.000000  0.000000  2.000000  0.999985  0.003256  0.004326  -0.003263  0.999993  0.001719  -0.004321  -0.001733  0.999989  1.000000  0.000392  0.000550  -0.000393  0.999998  0.002069  -0.000549  -0.002069  0.999998  1.000000  0.000000  0.000000  0.000000  1.000000  0.000000  0.000000  0.000000  1.000000  0.999985  0.003256  0.004326  -0.003263  0.999993  0.001719  -0.004321  -0.001733  0.999989  0.000000  0.000000  
214.387388 0.001317  0.091296  -0.003693  0.998152  0.058994  -0.014594  -0.058426  0.997617  0.036690  0.016724  -0.035770  0.999220  -0.002407  -0.002817  -0.001133  0.000000  0.000000  0.000000  2.000000  0.999985  0.003256  0.004326  -0.003263  0.999993  0.001719  -0.004321  -0.001733  0.999989  1.000000  -0.000019  0.000535  0.000018  0.999998  0.001941  -0.000535  -0.001941  0.999998  1.000000  0.000000  0.000000  0.000000  1.000000  0.000000  0.000000  0.000000  1.000000  0.999985  0.003256  0.004326  -0.003263  0.999993  0.001719  -0.004321  -0.001733  0.999989  0.000000  0.000000  
214.388636 0.001313  0.091292  -0.003698  0.998152  0.058996  -0.014587  -0.058426  0.997613  0.036811  0.016724  -0.035891  0.999216  -0.002681  -0.002929  -0.001424  0.000000  0.000000  0.000000  2.000000  0.999985  0.003256  0.004326  -0.003263  0.999993  0.001719  -0.004321  -0.001733  0.999989  1.000000  -0.000019  0.000535  0.000018  0.999998  0.001941  -0.000535  -0.001941  0.999998  1.000000  0.000000  0.000000  0.000000  1.000000  0.000000  0.000000  0.000000  1.000000  0.999985  0.003256  0.004326  -0.003263  0.999993  0.001719  -0.004321  -0.001733  0.999989  0.000000  0.000000  
214.389878 0.001307  0.091287  -0.003702  0.998152  0.058997  -0.014580  -0.058426  0.997608  0.036932  0.016724  -0.036012  0.999211  -0.002944  -0.003058  -0.001743  0.000000  0.000000  0.000000  2.000000  0.999985  0.003256  0.004326  -0.003263  0.999993  0.001719  -0.004321  -0.001733  0.999989  1.000000  -0.000426  0.000386  0.000425  0.999998  0.001813  -0.000387  -0.001812  0.999998  1.000000  0.000000  0.000000  0.000000  1.000000  0.000000  0.000000  0.000000  1.000000  0.999985  0.003256  0.004326  -0.003263  0.999993  0.001719  -0.004321  -0.001733  0.999989  0.000000  0.000000  
214.390878 0.001304  0.091284  -0.003706  0.998152  0.058997  -0.014580  -0.058426  0.997608  0.036932  0.016724  -0.036012  0.999211  -0.003121  -0.003112  -0.002005  0.000000  0.000000  0.000000  2.000000  0.999985  0.003256  0.004326  -0.003263  0.999993  0.001719  -0.004321  -0.001733  0.999989  1.000000  -0.000426  0.000386  0.000425  0.999998  0.001813  -0.000387  -0.001812  0.999998  1.000000  0.000000  0.000000  0.000000  1.000000  0.000000  0.000000  0.000000  1.000000  0.999985  0.003256  0.004326  -0.003263  0.999993  0.001719  -0.004321  -0.001733  0.999989  0.000000  0.000000  
214.391882 0.001300  0.091281  -0.003709  0.998164  0.058794  -0.014580  -0.058220  0.997616  0.037051  0.016724  -0.036134  0.999207  -0.003296  -0.003165  -0.002267  0.000000  0.000000  0.000000  2.000000  0.999985  0.003256  0.004326  -0.003263  0.999993  0.001719  -0.004321  -0.001733  0.999989  1.000000  -0.000632  0.000379  0.000631  0.999998  0.001809  -0.000380  -0.001809  0.999998  1.000000  0.000000  0.000000  0.000000  1.000000  0.000000  0.000000  0.000000  1.000000  0.999985  0.003256  0.004326  -0.003263  0.999993  0.001719  -0.004321  -0.001733  0.999989  0.000000  0.000000  
214.392882 0.001295  0.091278  -0.003713  0.998164  0.058796  -0.014573  -0.058220  0.997611  0.037172  0.016724  -0.036255  0.999203  -0.003483  -0.003217  -0.002500  0.000000  0.000000  0.000000  2.000000  0.999985  0.003256  0.004326  -0.003263  0.999993  0.001719  -0.004321  -0.001733  0.999989  1.000000  -0.000837  0.000371  0.000837  0.999998  0.001684  -0.000373  -0.001684  0.999999  1.000000  0.000000  0.000000  0.000000  1.000000  0.000000  0.000000  0.000000  1.000000  0.999985  0.003256  0.004326  -0.003263  0.999993  0.001719  -0.004321  -0.001733  0.999989  0.000000  0.000000  
214.394132 0.001289  0.091274  -0.003717  0.998164  0.058796  -0.014573  -0.058220  0.997611  0.037172  0.016724  -0.036255  0.999203  -0.003677  -0.003268  -0.002729  0.000000  0.000000  0.000000  2.000000  0.999985  0.003256  0.004326  -0.003263  0.999993  0.001719  -0.004321  -0.001733  0.999989  1.000000  -0.000833  0.000238  0.000832  0.999998  0.001684  -0.000239  -0.001684  0.999999  1.000000  0.000000  0.000000  0.000000  1.000000  0.000000  0.000000  0.000000  1.000000  0.999985  0.003256  0.004326  -0.003263  0.999993  0.001719  -0.004321  -0.001733  0.999989  0.000000  0.000000  
214.395132 0.001284  0.091270  -0.003720  0.998164  0.058797  -0.014566  -0.058220  0.997607  0.037293  0.016724  -0.036376  0.999198  -0.003833  -0.003288  -0.002858  0.000000  0.000000  0.000000  2.000000  0.999985  0.003256  0.004326  -0.003263  0.999993  0.001719  -0.004321  -0.001733  0.999989  1.000000  -0.000833  0.000237  0.000832  0.999998  0.001806  -0.000239  -0.001805  0.999998  1.000000  0.000000  0.000000  0.000000  1.000000  0.000000  0.000000  0.000000  1.000000  0.999985  0.003256  0.004326  -0.003263  0.999993  0.001719  -0.004321  -0.001733  0.999989  0.000000  0.000000  
214.396384 0.001279  0.091266  -0.003722  0.998164  0.058799  -0.014559  -0.058220  0.997602  0.037414  0.016724  -0.036497  0.999194  -0.003924  -0.003280  -0.002839  0.000000  0.000000  0.000000  2.000000  0.999985  0.003256  0.004326  -0.003263  0.999993  0.001719  -0.004321  -0.001733  0.999989  1.000000  -0.000828  0.000104  0.000828  0.999998  0.001806  -0.000105  -0.001806  0.999998  1.000000  0.000000  0.000000  0.000000  1.000000  0.000000  0.000000  0.000000  1.000000  0.999985  0.003256  0.004326  -0.003263  0.999993  0.001719  -0.004321  -0.001733  0.999989  0.000000  0.000000  
214.397636 0.001273  0.091262  -0.003724  0.998161  0.058804  -0.014693  -0.058220  0.997602  0.037421  0.016858  -0.036497  0.999192  -0.004079  -0.003313  -0.002914  0.000000  0.000000  0.000000  2.000000  0.999985  0.003256  0.004326  -0.003263  0.999993  0.001719  -0.004321  -0.001733  0.999989  1.000000  -0.000823  -0.000030  0.000823  0.999998  0.001684  0.000029  -0.001684  0.999999  1.000000  0.000000  0.000000  0.000000  1.000000  0.000000  0.000000  0.000000  1.000000  0.999985  0.003256  0.004326  -0.003263  0.999993  0.001719  -0.004321  -0.001733  0.999989  0.000000  0.000000  
214.398881 0.001268  0.091259  -0.003726  0.998161  0.058806  -0.014685  -0.058220  0.997598  0.037542  0.016858  -0.036618  0.999187  -0.004186  -0.003291  -0.002918  0.000000  0.000000  0.000000  2.000000  0.999985  0.003256  0.004326  -0.003263  0.999993  0.001719  -0.004321  -0.001733  0.999989  1.000000  -0.000823  -0.000030  0.000823  0.999998  0.001806  0.000029  -0.001806  0.999998  1.000000  0.000000  0.000000  0.000000  1.000000  0.000000  0.000000  0.000000  1.000000  0.999985  0.003256  0.004326  -0.003263  0.999993  0.001719  -0.004321  -0.001733  0.999989  0.000000  0.000000  
214.399882 0.001263  0.091256  -0.003729  0.998173  0.058602  -0.014686  -0.058015  0.997605  0.037660  0.016858  -0.036739  0.999183  -0.004224  -0.003295  -0.002948  0.000000  0.000000  0.000000  2.000000  0.999985  0.003256  0.004326  -0.003263  0.999993  0.001719  -0.004321  -0.001733  0.999989  1.000000  -0.000823  -0.000030  0.000823  0.999998  0.001684  0.000029  -0.001684  0.999999  1.000000  0.000000  0.000000  0.000000  1.000000  0.000000  0.000000  0.000000  1.000000  0.999985  0.003256  0.004326  -0.003263  0.999993  0.001719  -0.004321  -0.001733  0.999989  0.000000  0.000000  
214.400884 0.001260  0.091252  -0.003731  0.998173  0.058602  -0.014686  -0.058015  0.997605  0.037660  0.016858  -0.036739  0.999183  -0.004242  -0.003267  -0.002925  0.000000  0.000000  0.000000  2.000000  0.999985  0.003256  0.004326  -0.003263  0.999993  0.001719  -0.004321  -0.001733  0.999989  1.000000  -0.000823  -0.000030  0.000823  0.999998  0.001684  0.000029  -0.001684  0.999999  1.000000  0.000000  0.000000  0.000000  1.000000  0.000000  0.000000  0.000000  1.000000  0.999985  0.003256  0.004326  -0.003263  0.999993  0.001719  -0.004321  -0.001733  0.999989  0.000000  0.000000  
214.401886 0.001256  0.091249  -0.003735  0.998173  0.058604  -0.014679  -0.058015  0.997601  0.037781  0.016858  -0.036861  0.999178  -0.004220  -0.003219  -0.002916  0.000000  0.000000  0.000000  2.000000  0.999985  0.003256  0.004326  -0.003263  0.999993  0.001719  -0.004321  -0.001733  0.999989  1.000000  -0.000823  -0.000030  0.000823  0.999998  0.001684  0.000029  -0.001684  0.999999  1.000000  0.000000  0.000000  0.000000  1.000000  0.000000  0.000000  0.000000  1.000000  0.999985  0.003256  0.004326  -0.003263  0.999993  0.001719  -0.004321  -0.001733  0.999989  0.000000  0.000000  
214.403131 0.001252  0.091245  -0.003739  0.998173  0.058606  -0.014672  -0.058015  0.997596  0.037902  0.016858  -0.036982  0.999174  -0.004215  -0.003243  -0.002907  0.000000  0.000000  0.000000  2.000000  0.999985  0.003256  0.004326  -0.003263  0.999993  0.001719  -0.004321  -0.001733  0.999989  1.000000  -0.000617  -0.000023  0.000617  0.999999  0.001566  0.000022  -0.001566  0.999999  1.000000  0.000000  0.000000  0.000000  1.000000  0.000000  0.000000  0.000000  1.000000  0.999985  0.003256  0.004326  -0.003263  0.999993  0.001719  -0.004321  -0.001733  0.999989  0.000000  0.000000  
214.404132 0.001249  0.091242  -0.003742  0.998173  0.058606  -0.014672  -0.058015  0.997596  0.037902  0.016858  -0.036982  0.999174  -0.004131  -0.003207  -0.002804  0.000000  0.000000  0.000000  2.000000  0.999985  0.003256  0.004326  -0.003263  0.999993  0.001719  -0.004321  -0.001733  0.999989  1.000000  -0.000617  -0.000023  0.000617  0.999999  0.001566  0.000022  -0.001566  0.999999  1.000000  0.000000  0.000000  0.000000  1.000000  0.000000  0.000000  0.000000  1.000000  0.999985  0.003256  0.004326  -0.003263  0.999993  0.001719  -0.004321  -0.001733  0.999989  0.000000  0.000000  
214.405133 0.001246  0.091238  -0.003745  0.998173  0.058608  -0.014665  -0.058015  0.997591  0.038023  0.016858  -0.037103  0.999169  -0.004071  -0.003228  -0.002795  0.000000  0.000000  0.000000  2.000000  0.999985  0.003256  0.004326  -0.003263  0.999993  0.001719  -0.004321  -0.001733  0.999989  1.000000  -0.000612  -0.000157  0.000612  0.999999  0.001566  0.000156  -0.001567  0.999999  1.000000  0.000000  0.000000  0.000000  1.000000  0.000000  0.000000  0.000000  1.000000  0.999985  0.003256  0.004326  -0.003263  0.999993  0.001719  -0.004321  -0.001733  0.999989  0.000000  0.000000  
214.406382 0.001243  0.091235  -0.003749  0.998176  0.058603  -0.014531  -0.058015  0.997592  0.038016  0.016724  -0.037103  0.999171  -0.003907  -0.003216  -0.002708  0.000000  0.000000  0.000000  2.000000  0.999985  0.003256  0.004326  -0.003263  0.999993  0.001719  -0.004321  -0.001733  0.999989  1.000000  -0.000411  -0.000015  0.000411  0.999999  0.001449  0.000015  -0.001449  0.999999  1.000000  0.000000  0.000000  0.000000  1.000000  0.000000  0.000000  0.000000  1.000000  0.999985  0.003256  0.004326  -0.003263  0.999993  0.001719  -0.004321  -0.001733  0.999989  0.000000  0.000000  
214.407384 0.001241  0.091231  -0.003752  0.998176  0.058604  -0.014524  -0.058015  0.997587  0.038137  0.016724  -0.037224  0.999167  -0.003755  -0.003216  -0.002717  0.000000  0.000000  0.000000  2.000000  0.999985  0.003256  0.004326  -0.003263  0.999993  0.001719  -0.004321  -0.001733  0.999989  1.000000  -0.000411  -0.000015  0.000411  0.999999  0.001449  0.000015  -0.001449  0.999999  1.000000  0.000000  0.000000  0.000000  1.000000  0.000000  0.000000  0.000000  1.000000  0.999985  0.003256  0.004326  -0.003263  0.999993  0.001719  -0.004321  -0.001733  0.999989  0.000000  0.000000  
214.408632 0.001238  0.091227  -0.003755  0.998176  0.058604  -0.014524  -0.058015  0.997587  0.038137  0.016724  -0.037224  0.999167  -0.003564  -0.003252  -0.002637  0.000000  0.000000  0.000000  2.000000  0.999985  0.003256  0.004326  -0.003263  0.999993  0.001719  -0.004321  -0.001733  0.999989  1.000000  -0.000411  -0.000015  0.000411  0.999999  0.001327  0.000015  -0.001327  0.999999  1.000000  0.000000  0.000000  0.000000  1.000000  0.000000  0.000000  0.000000  1.000000  0.999985  0.003256  0.004326  -0.003263  0.999993  0.001719  -0.004321  -0.001733  0.999989  0.000000  0.000000  
214.409632 0.001237  0.091223  -0.003758  0.998176  0.058606  -0.014517  -0.058015  0.997582  0.038258  0.016724  -0.037346  0.999162  -0.003321  -0.003250  -0.002624  0.000000  0.000000  0.000000  2.000000  0.999985  0.003256  0.004326  -0.003263  0.999993  0.001719  -0.004321  -0.001733  0.999989  1.000000  -0.000411  -0.000015  0.000411  0.999999  0.001449  0.000015  -0.001449  0.999999  1.000000  0.000000  0.000000  0.000000  1.000000  0.000000  0.000000  0.000000  1.000000  0.999985  0.003256  0.004326  -0.003263  0.999993  0.001719  -0.004321  -0.001733  0.999989  0.000000  0.000000  
214.410880 0.001234  0.091219  -0.003760  0.998178  0.058603  -0.014376  -0.058015  0.997578  0.038371  0.016590  -0.037467  0.999160  -0.003090  -0.003245  -0.002602  0.000000  0.000000  0.000000  2.000000  0.999985  0.003256  0.004326  -0.003263  0.999993  0.001719  -0.004321  -0.001733  0.999989  1.000000  -0.000416  0.000118  0.000416  0.999999  0.001327  -0.000119  -0.001327  0.999999  1.000000  0.000000  0.000000  0.000000  1.000000  0.000000  0.000000  0.000000  1.000000  0.999985  0.003256  0.004326  -0.003263  0.999993  0.001719  -0.004321  -0.001733  0.999989  0.000000  0.000000  
214.411883 0.001233  0.091216  -0.003762  0.998178  0.058603  -0.014376  -0.058015  0.997578  0.038371  0.016590  -0.037467  0.999160  -0.002872  -0.003271  -0.002609  0.000000  0.000000  0.000000  2.000000  0.999985  0.003256  0.004326  -0.003263  0.999993  0.001719  -0.004321  -0.001733  0.999989  1.000000  -0.000416  0.000118  0.000416  0.999999  0.001327  -0.000119  -0.001327  0.999999  1.000000  0.000000  0.000000  0.000000  1.000000  0.000000  0.000000  0.000000  1.000000  0.999985  0.003256  0.004326  -0.003263  0.999993  0.001719  -0.004321  -0.001733  0.999989  0.000000  0.000000  
214.412883 0.001231  0.091213  -0.003764  0.998178  0.058605  -0.014369  -0.058015  0.997573  0.038492  0.016590  -0.037588  0.999156  -0.002712  -0.003292  -0.002633  0.000000  0.000000  0.000000  2.000000  0.999985  0.003256  0.004326  -0.003263  0.999993  0.001719  -0.004321  -0.001733  0.999989  1.000000  -0.000211  0.000126  0.000211  0.999999  0.001331  -0.000126  -0.001331  0.999999  1.000000  0.000000  0.000000  0.000000  1.000000  0.000000  0.000000  0.000000  1.000000  0.999985  0.003256  0.004326  -0.003263  0.999993  0.001719  -0.004321  -0.001733  0.999989  0.000000  0.000000  
214.413885 0.001230  0.091209  -0.003766  0.998166  0.058810  -0.014361  -0.058221  0.997561  0.038495  0.016590  -0.037588  0.999156  -0.002506  -0.003292  -0.002618  0.000000  0.000000  0.000000  2.000000  0.999985  0.003256  0.004326  -0.003263  0.999993  0.001719  -0.004321  -0.001733  0.999989  1.000000  -0.000005  0.000134  0.000005  0.999999  0.001334  -0.000134  -0.001334  0.999999  1.000000  0.000000  0.000000  0.000000  1.000000  0.000000  0.000000  0.000000  1.000000  0.999985  0.003256  0.004326  -0.003263  0.999993  0.001719  -0.004321  -0.001733  0.999989  0.000000  0.000000  
214.414886 0.001228  0.091207  -0.003767  0.998166  0.058810  -0.014361  -0.058221  0.997561  0.038495  0.016590  -0.037588  0.999156  -0.002312  -0.003254  -0.002511  0.000000  0.000000  0.000000  2.000000  0.999985  0.003256  0.004326  -0.003263  0.999993  0.001719  -0.004321  -0.001733  0.999989  1.000000  -0.000005  0.000134  0.000005  0.999999  0.001334  -0.000134  -0.001334  0.999999  1.000000  0.000000  0.000000  0.000000  1.000000  0.000000  0.000000  0.000000  1.000000  0.999985  0.003256  0.004326  -0.003263  0.999993  0.001719  -0.004321  -0.001733  0.999989  0.000000  0.000000  
