1-Time 2-Px 3-Py 4-Pz 5-R11 6-R21 7-R31 8-R12 9-R22 10-R32 11-R13 12-R23 13-R33 14-Vx 15-Vy 16-Vz 17-Wx 18-Wy 19-Wz 20-state 21-PR11 22-PR21 23-PR31 24-PR12 25-PR22 26-PR32 27-PR13 28-PR23 29-PR33 
156.081445 -0.000472  0.089413  -0.002710  0.998712  0.049936  0.008952  -0.050004  0.998720  0.007567  -0.008563  -0.008005  0.999931  0.000087  0.000002  0.000027  0.000000  0.000000  0.000000  2.000000  1.000000  0.000000  0.000000  -0.000000  1.000000  0.000000  0.000000  -0.000000  1.000000  1.000000  0.000206  0.000002  -0.000206  1.000000  -0.000002  -0.000002  0.000002  1.000000  1.000000  0.000000  0.000000  0.000000  1.000000  0.000000  0.000000  0.000000  1.000000  0.666288  0.601040  0.441374  -0.609567  0.779934  -0.141886  -0.429522  -0.174510  0.886035  0.000000  0.000000  
156.082699 -0.000472  0.089412  -0.002710  0.998712  0.049936  0.008952  -0.050004  0.998720  0.007567  -0.008563  -0.008005  0.999931  0.000063  -0.000046  0.000018  0.000000  0.000000  0.000000  2.000000  1.000000  0.000000  0.000000  0.000000  1.000000  0.000000  0.000000  0.000000  1.000000  1.000000  0.000206  0.000002  -0.000206  1.000000  -0.000002  -0.000002  0.000002  1.000000  1.000000  0.000000  0.000000  0.000000  1.000000  0.000000  0.000000  0.000000  1.000000  1.000000  0.000000  0.000000  0.000000  1.000000  0.000000  0.000000  0.000000  1.000000  0.000000  0.000000  
156.083699 -0.000473  0.089410  -0.002711  0.998692  0.050347  0.008955  -0.050415  0.998700  0.007564  -0.008563  -0.008005  0.999931  -0.000039  -0.000175  -0.000080  0.000000  0.000000  0.000000  2.000000  1.000000  0.000000  0.000000  0.000000  1.000000  0.000000  0.000000  0.000000  1.000000  1.000000  0.000412  0.000003  -0.000412  1.000000  -0.000004  -0.000003  0.000004  1.000000  1.000000  0.000000  0.000000  0.000000  1.000000  0.000000  0.000000  0.000000  1.000000  1.000000  0.000000  0.000000  0.000000  1.000000  0.000000  0.000000  0.000000  1.000000  0.000000  0.000000  
156.084700 -0.000475  0.089406  -0.002713  0.998681  0.050553  0.008957  -0.050621  0.998689  0.007562  -0.008563  -0.008005  0.999931  -0.000139  -0.000400  -0.000199  0.000000  0.000000  0.000000  2.000000  1.000000  0.000000  0.000000  0.000000  1.000000  0.000000  0.000000  0.000000  1.000000  1.000000  0.000823  0.000007  -0.000823  1.000000  -0.000007  -0.000007  0.000007  1.000000  1.000000  0.000000  0.000000  0.000000  1.000000  0.000000  0.000000  0.000000  1.000000  1.000000  0.000000  0.000000  0.000000  1.000000  0.000000  0.000000  0.000000  1.000000  0.000000  0.000000  
156.085701 -0.000476  0.089403  -0.002715  0.998659  0.050962  0.009100  -0.051032  0.998668  0.007672  -0.008697  -0.008127  0.999929  -0.000209  -0.000600  -0.000299  0.000000  0.000000  0.000000  2.000000  1.000000  0.000000  0.000000  0.000000  1.000000  0.000000  0.000000  0.000000  1.000000  0.999999  0.001234  0.000144  -0.001234  0.999999  -0.000011  -0.000144  0.000011  1.000000  1.000000  0.000000  0.000000  0.000000  1.000000  0.000000  0.000000  0.000000  1.000000  1.000000  0.000000  0.000000  0.000000  1.000000  0.000000  0.000000  0.000000  1.000000  0.000000  0.000000  
156.086949 -0.000477  0.089400  -0.002716  0.998649  0.051167  0.009102  -0.051238  0.998657  0.007671  -0.008697  -0.008127  0.999929  -0.000261  -0.000833  -0.000372  0.000000  0.000000  0.000000  2.000000  1.000000  0.000000  0.000000  0.000000  1.000000  0.000000  0.000000  0.000000  1.000000  0.999999  0.001440  0.000145  -0.001440  0.999999  0.000109  -0.000145  -0.000109  1.000000  1.000000  0.000000  0.000000  0.000000  1.000000  0.000000  0.000000  0.000000  1.000000  1.000000  0.000000  0.000000  0.000000  1.000000  0.000000  0.000000  0.000000  1.000000  0.000000  0.000000  
156.087949 -0.000478  0.089397  -0.002717  0.998638  0.051373  0.009103  -0.051443  0.998646  0.007669  -0.008697  -0.008127  0.999929  -0.000335  -0.001047  -0.000477  0.000000  0.000000  0.000000  2.000000  1.000000  0.000000  0.000000  0.000000  1.000000  0.000000  0.000000  0.000000  1.000000  0.999999  0.001646  0.000147  -0.001646  0.999999  0.000107  -0.000147  -0.000107  1.000000  1.000000  0.000000  0.000000  0.000000  1.000000  0.000000  0.000000  0.000000  1.000000  1.000000  0.000000  0.000000  0.000000  1.000000  0.000000  0.000000  0.000000  1.000000  0.000000  0.000000  
156.088953 -0.000478  0.089394  -0.002718  0.998629  0.051579  0.008971  -0.051649  0.998636  0.007674  -0.008563  -0.008127  0.999930  -0.000387  -0.001217  -0.000525  0.000000  0.000000  0.000000  2.000000  1.000000  0.000000  0.000000  0.000000  1.000000  0.000000  0.000000  0.000000  1.000000  0.999999  0.001647  0.000013  -0.001647  0.999999  0.000107  -0.000013  -0.000107  1.000000  1.000000  0.000000  0.000000  0.000000  1.000000  0.000000  0.000000  0.000000  1.000000  1.000000  0.000000  0.000000  0.000000  1.000000  0.000000  0.000000  0.000000  1.000000  0.000000  0.000000  
156.090204 -0.000479  0.089391  -0.002719  0.998597  0.052195  0.008982  -0.052266  0.998603  0.007789  -0.008563  -0.008248  0.999929  -0.000450  -0.001439  -0.000614  0.000000  0.000000  0.000000  2.000000  1.000000  0.000000  0.000000  0.000000  1.000000  0.000000  0.000000  0.000000  1.000000  0.999998  0.002059  0.000017  -0.002059  0.999998  0.000225  -0.000016  -0.000225  1.000000  1.000000  0.000000  0.000000  0.000000  1.000000  0.000000  0.000000  0.000000  1.000000  1.000000  0.000000  0.000000  0.000000  1.000000  0.000000  0.000000  0.000000  1.000000  0.000000  0.000000  
156.091236 -0.000480  0.089389  -0.002720  0.998576  0.052607  0.008852  -0.052677  0.998581  0.007793  -0.008429  -0.008248  0.999930  -0.000539  -0.001611  -0.000691  0.000000  0.000000  0.000000  2.000000  1.000000  0.000000  0.000000  0.000000  1.000000  0.000000  0.000000  0.000000  1.000000  0.999997  0.002471  -0.000113  -0.002471  0.999997  0.000222  0.000114  -0.000221  1.000000  1.000000  0.000000  0.000000  0.000000  1.000000  0.000000  0.000000  0.000000  1.000000  1.000000  0.000000  0.000000  0.000000  1.000000  0.000000  0.000000  0.000000  1.000000  0.000000  0.000000  
156.092459 -0.000481  0.089386  -0.002723  0.998542  0.053223  0.008990  -0.053293  0.998549  0.007780  -0.008563  -0.008248  0.999929  -0.000632  -0.001819  -0.000853  0.000000  0.000000  0.000000  2.000000  1.000000  0.000000  0.000000  0.000000  1.000000  0.000000  0.000000  0.000000  1.000000  0.999995  0.003088  0.000025  -0.003088  0.999995  0.000216  -0.000025  -0.000216  1.000000  1.000000  0.000000  0.000000  0.000000  1.000000  0.000000  0.000000  0.000000  1.000000  1.000000  0.000000  0.000000  0.000000  1.000000  0.000000  0.000000  0.000000  1.000000  0.000000  0.000000  
156.093699 -0.000483  0.089382  -0.002725  0.998509  0.053840  0.008995  -0.053910  0.998516  0.007774  -0.008563  -0.008248  0.999929  -0.000726  -0.002027  -0.001015  0.000000  0.000000  0.000000  2.000000  1.000000  0.000000  0.000000  0.000000  1.000000  0.000000  0.000000  0.000000  1.000000  0.999993  0.003705  0.000031  -0.003705  0.999993  0.000211  -0.000030  -0.000211  1.000000  1.000000  0.000000  0.000000  0.000000  1.000000  0.000000  0.000000  0.000000  1.000000  1.000000  0.000000  0.000000  0.000000  1.000000  0.000000  0.000000  0.000000  1.000000  0.000000  0.000000  
156.094706 -0.000484  0.089381  -0.002726  0.998486  0.054250  0.009132  -0.054321  0.998493  0.007764  -0.008697  -0.008248  0.999928  -0.000791  -0.002151  -0.001084  0.000000  0.000000  0.000000  2.000000  1.000000  0.000000  0.000000  0.000000  1.000000  0.000000  0.000000  0.000000  1.000000  0.999992  0.004116  0.000168  -0.004116  0.999992  0.000207  -0.000167  -0.000207  1.000000  1.000000  0.000000  0.000000  0.000000  1.000000  0.000000  0.000000  0.000000  1.000000  1.000000  0.000000  0.000000  0.000000  1.000000  0.000000  0.000000  0.000000  1.000000  0.000000  0.000000  
156.095957 -0.000485  0.089377  -0.002727  0.998452  0.054866  0.009137  -0.054938  0.998460  0.007758  -0.008697  -0.008248  0.999928  -0.000935  -0.002397  -0.001189  0.006660  -0.005902  0.172908  2.000000  1.000000  0.000000  0.000000  0.000000  1.000000  0.000000  0.000000  0.000000  1.000000  0.999989  0.004734  0.000173  -0.004734  0.999989  0.000201  -0.000172  -0.000202  1.000000  1.000000  0.000000  0.000000  0.000000  1.000000  0.000000  0.000000  0.000000  1.000000  1.000000  0.000000  0.000000  0.000000  1.000000  0.000000  0.000000  0.000000  1.000000  0.000000  0.000000  
156.097199 -0.000488  0.089372  -0.002730  0.998429  0.055279  0.009133  -0.055349  0.998438  0.007633  -0.008697  -0.008127  0.999929  -0.001104  -0.002680  -0.001335  0.002464  -0.006003  0.186753  2.000000  1.000000  0.000196  0.000007  -0.000196  1.000000  0.000004  -0.000007  -0.000004  1.000000  0.999986  0.005351  0.000177  -0.005351  0.999986  0.000075  -0.000177  -0.000076  1.000000  1.000000  0.000067  0.000002  -0.000067  1.000000  0.000001  -0.000002  -0.000001  1.000000  1.000000  0.000196  0.000007  -0.000196  1.000000  0.000004  -0.000007  -0.000004  1.000000  0.000047  0.005355  
156.098209 -0.000491  0.089368  -0.002732  0.998407  0.055691  0.009003  -0.055760  0.998415  0.007637  -0.008563  -0.008127  0.999930  -0.001238  -0.002847  -0.001423  0.002418  -0.001563  0.193716  2.000000  1.000000  0.000473  0.000014  -0.000473  1.000000  0.000008  -0.000014  -0.000008  1.000000  0.999983  0.005764  0.000047  -0.005764  0.999983  0.000072  -0.000046  -0.000072  1.000000  1.000000  0.000072  0.000001  -0.000072  1.000000  0.000001  -0.000001  -0.000001  1.000000  1.000000  0.000473  0.000014  -0.000473  1.000000  0.000008  -0.000014  -0.000008  1.000000  0.000050  0.005765  
156.099453 -0.000494  0.089362  -0.002734  0.998373  0.056307  0.009007  -0.056377  0.998380  0.007631  -0.008563  -0.008127  0.999930  -0.001337  -0.002984  -0.001386  0.002239  -0.001730  0.214423  2.000000  1.000000  0.000849  0.000017  -0.000849  1.000000  0.000012  -0.000017  -0.000012  1.000000  0.999981  0.006176  0.000050  -0.006176  0.999981  0.000068  -0.000050  -0.000069  1.000000  1.000000  0.000077  0.000001  -0.000077  1.000000  0.000001  -0.000001  -0.000001  1.000000  1.000000  0.000849  0.000017  -0.000849  1.000000  0.000012  -0.000017  -0.000012  1.000000  0.000052  0.006176  
156.100704 -0.000498  0.089356  -0.002735  0.998350  0.056718  0.009010  -0.056788  0.998357  0.007627  -0.008563  -0.008127  0.999930  -0.001498  -0.003171  -0.001386  0.002121  -0.001841  0.228272  2.000000  0.999999  0.001256  0.000020  -0.001256  0.999999  0.000017  -0.000020  -0.000017  1.000000  0.999978  0.006587  0.000053  -0.006587  0.999978  0.000065  -0.000053  -0.000065  1.000000  1.000000  0.000082  0.000001  -0.000082  1.000000  0.000001  -0.000001  -0.000001  1.000000  0.999999  0.001256  0.000020  -0.001256  0.999999  0.000017  -0.000020  -0.000017  1.000000  0.000055  0.006588  
156.101950 -0.000500  0.089350  -0.002736  0.998325  0.057128  0.009147  -0.057199  0.998334  0.007616  -0.008697  -0.008127  0.999929  -0.001591  -0.003330  -0.001338  0.001972  -0.006401  0.240264  2.000000  0.999999  0.001690  0.000030  -0.001690  0.999999  0.000020  -0.000030  -0.000020  1.000000  0.999974  0.007204  0.000192  -0.007204  0.999974  0.000058  -0.000192  -0.000060  1.000000  1.000000  0.000090  0.000002  -0.000090  1.000000  0.000001  -0.000002  -0.000001  1.000000  0.999999  0.001690  0.000030  -0.001690  0.999999  0.000020  -0.000030  -0.000020  1.000000  0.000061  0.007207  
156.103201 -0.000503  0.089342  -0.002738  0.998288  0.057744  0.009285  -0.057815  0.998298  0.007603  -0.008831  -0.008126  0.999928  -0.001737  -0.003621  -0.001392  0.001776  -0.011025  0.260721  2.000000  0.999998  0.002156  0.000043  -0.002156  0.999998  0.000024  -0.000042  -0.000024  1.000000  0.999971  0.007616  0.000195  -0.007616  0.999971  0.000055  -0.000195  -0.000056  1.000000  1.000000  0.000095  0.000002  -0.000095  1.000000  0.000001  -0.000002  -0.000001  1.000000  0.999998  0.002156  0.000043  -0.002156  0.999998  0.000024  -0.000042  -0.000024  1.000000  0.000064  0.007618  
156.104453 -0.000505  0.089335  -0.002740  0.998264  0.058155  0.009289  -0.058226  0.998274  0.007599  -0.008831  -0.008126  0.999928  -0.001769  -0.003857  -0.001408  0.001669  -0.011222  0.276582  2.000000  0.999997  0.002637  0.000063  -0.002637  0.999997  0.000027  -0.000063  -0.000027  1.000000  0.999969  0.007820  0.000331  -0.007820  0.999969  0.000052  -0.000330  -0.000055  1.000000  1.000000  0.000098  0.000004  -0.000098  1.000000  0.000001  -0.000004  -0.000001  1.000000  0.999997  0.002637  0.000063  -0.002637  0.999997  0.000027  -0.000063  -0.000027  1.000000  0.000069  0.007828  
156.105699 -0.000508  0.089328  -0.002742  0.998240  0.058566  0.009292  -0.058637  0.998250  0.007595  -0.008831  -0.008126  0.999928  -0.001873  -0.004155  -0.001499  0.001550  -0.011342  0.290636  2.000000  0.999995  0.003023  0.000078  -0.003023  0.999995  0.000030  -0.000078  -0.000030  1.000000  0.999971  0.007616  0.000195  -0.007616  0.999971  0.000054  -0.000195  -0.000055  1.000000  1.000000  0.000095  0.000002  -0.000095  1.000000  0.000001  -0.000002  -0.000001  1.000000  0.999995  0.003023  0.000078  -0.003023  0.999995  0.000030  -0.000078  -0.000030  1.000000  0.000070  0.007618  
156.106700 -0.000510  0.089322  -0.002744  0.998228  0.058772  0.009293  -0.058843  0.998238  0.007593  -0.008831  -0.008126  0.999928  -0.001970  -0.004392  -0.001540  0.001477  -0.011300  0.294992  2.000000  0.999994  0.003409  0.000088  -0.003409  0.999994  0.000029  -0.000088  -0.000030  1.000000  0.999969  0.007821  0.000197  -0.007821  0.999969  -0.000069  -0.000198  0.000068  1.000000  1.000000  0.000098  0.000002  -0.000098  1.000000  -0.000001  -0.000002  0.000001  1.000000  0.999994  0.003409  0.000088  -0.003409  0.999994  0.000029  -0.000088  -0.000030  1.000000  0.000074  0.007824  
156.107701 -0.000512  0.089316  -0.002748  0.998216  0.058977  0.009295  -0.059048  0.998226  0.007591  -0.008831  -0.008126  0.999928  -0.002055  -0.004612  -0.001630  0.001429  -0.011449  0.304341  2.000000  0.999993  0.003795  0.000098  -0.003795  0.999993  0.000026  -0.000097  -0.000026  1.000000  0.999969  0.007821  0.000197  -0.007821  0.999969  -0.000069  -0.000198  0.000068  1.000000  1.000000  0.000098  0.000002  -0.000098  1.000000  -0.000001  -0.000002  0.000001  1.000000  0.999993  0.003795  0.000098  -0.003795  0.999993  0.000026  -0.000097  -0.000026  1.000000  0.000076  0.007824  
156.108702 -0.000515  0.089310  -0.002750  0.998204  0.059183  0.009296  -0.059254  0.998214  0.007589  -0.008831  -0.008126  0.999928  -0.002134  -0.004882  -0.001695  0.001369  -0.011503  0.311229  2.000000  0.999991  0.004186  0.000107  -0.004186  0.999991  0.000023  -0.000107  -0.000023  1.000000  0.999969  0.007821  0.000197  -0.007821  0.999969  -0.000069  -0.000198  0.000068  1.000000  1.000000  0.000098  0.000002  -0.000098  1.000000  -0.000001  -0.000002  0.000001  1.000000  0.999991  0.004186  0.000107  -0.004186  0.999991  0.000023  -0.000107  -0.000023  1.000000  0.000078  0.007824  
156.109955 -0.000518  0.089302  -0.002752  0.998190  0.059387  0.009431  -0.059459  0.998202  0.007579  -0.008964  -0.008126  0.999927  -0.002265  -0.005214  -0.001727  0.001287  -0.016051  0.318033  2.000000  0.999989  0.004664  0.000126  -0.004664  0.999989  0.000015  -0.000126  -0.000016  1.000000  0.999971  0.007614  0.000329  -0.007614  0.999971  -0.000189  -0.000331  0.000186  1.000000  1.000000  0.000095  0.000004  -0.000095  1.000000  -0.000002  -0.000004  0.000002  1.000000  0.999989  0.004664  0.000126  -0.004664  0.999989  0.000015  -0.000126  -0.000016  1.000000  0.000080  0.007624  
156.111200 -0.000522  0.089295  -0.002754  0.998166  0.059799  0.009427  -0.059870  0.998178  0.007454  -0.008964  -0.008005  0.999928  -0.002394  -0.005435  -0.001782  -0.002911  -0.016148  0.331980  2.000000  0.999987  0.005127  0.000158  -0.005127  0.999987  0.000000  -0.000158  -0.000001  1.000000  0.999974  0.007201  0.000593  -0.007200  0.999974  -0.000307  -0.000595  0.000303  1.000000  1.000000  0.000090  0.000007  -0.000090  1.000000  -0.000004  -0.000007  0.000004  1.000000  0.999987  0.005127  0.000158  -0.005127  0.999987  0.000000  -0.000158  -0.000001  1.000000  0.000081  0.007232  
156.112203 -0.000526  0.089289  -0.002756  0.998165  0.059798  0.009561  -0.059870  0.998178  0.007446  -0.009098  -0.008005  0.999927  -0.002483  -0.005581  -0.001778  -0.002909  -0.020478  0.329255  2.000000  0.999985  0.005487  0.000190  -0.005487  0.999985  -0.000015  -0.000190  0.000014  1.000000  0.999975  0.006994  0.000725  -0.006994  0.999975  -0.000306  -0.000727  0.000301  1.000000  1.000000  0.000087  0.000009  -0.000087  1.000000  -0.000004  -0.000009  0.000004  1.000000  0.999985  0.005487  0.000190  -0.005487  0.999985  -0.000015  -0.000190  0.000014  1.000000  0.000083  0.007038  
156.113453 -0.000530  0.089282  -0.002758  0.998152  0.060005  0.009555  -0.060076  0.998167  0.007323  -0.009098  -0.007884  0.999928  -0.002562  -0.005679  -0.001686  -0.006948  -0.020570  0.325035  2.000000  0.999983  0.005827  0.000221  -0.005827  0.999983  -0.000035  -0.000221  0.000034  1.000000  0.999977  0.006789  0.000589  -0.006789  0.999977  -0.000426  -0.000591  0.000422  1.000000  1.000000  0.000085  0.000007  -0.000085  1.000000  -0.000005  -0.000007  0.000005  1.000000  0.999983  0.005827  0.000221  -0.005827  0.999983  -0.000035  -0.000221  0.000034  1.000000  0.000083  0.006828  
156.114703 -0.000536  0.089274  -0.002759  0.998151  0.060005  0.009681  -0.060076  0.998168  0.007194  -0.009232  -0.007763  0.999927  -0.002708  -0.005795  -0.001679  -0.010944  -0.020440  0.311182  2.000000  0.999981  0.006225  0.000264  -0.006225  0.999981  -0.000063  -0.000264  0.000061  1.000000  0.999981  0.006170  0.000717  -0.006170  0.999981  -0.000542  -0.000720  0.000538  1.000000  1.000000  0.000077  0.000009  -0.000077  1.000000  -0.000007  -0.000009  0.000007  1.000000  0.999981  0.006225  0.000264  -0.006225  0.999981  -0.000063  -0.000264  0.000061  1.000000  0.000080  0.006235  
156.115953 -0.000542  0.089267  -0.002760  0.998138  0.060209  0.009816  -0.060281  0.998156  0.007184  -0.009366  -0.007763  0.999926  -0.002905  -0.005886  -0.001698  -0.015044  -0.024960  0.311194  2.000000  0.999978  0.006596  0.000307  -0.006596  0.999978  -0.000097  -0.000308  0.000095  1.000000  0.999983  0.005759  0.000714  -0.005758  0.999983  -0.000539  -0.000717  0.000535  1.000000  1.000000  0.000072  0.000009  -0.000072  1.000000  -0.000007  -0.000009  0.000007  1.000000  0.999978  0.006596  0.000307  -0.006596  0.999978  -0.000097  -0.000308  0.000095  1.000000  0.000078  0.005828  
156.117203 -0.000548  0.089259  -0.002762  0.998138  0.060210  0.009809  -0.060281  0.998156  0.007063  -0.009366  -0.007641  0.999927  -0.003133  -0.005930  -0.001698  -0.019056  -0.024884  0.304247  2.000000  0.999976  0.006932  0.000351  -0.006932  0.999976  -0.000130  -0.000352  0.000128  1.000000  0.999987  0.005141  0.000708  -0.005141  0.999987  -0.000533  -0.000711  0.000530  1.000000  1.000000  0.000064  0.000009  -0.000064  1.000000  -0.000007  -0.000009  0.000007  1.000000  0.999976  0.006932  0.000351  -0.006932  0.999976  -0.000130  -0.000352  0.000128  1.000000  0.000077  0.005217  
156.118450 -0.000554  0.089251  -0.002763  0.998124  0.060415  0.009944  -0.060486  0.998144  0.007053  -0.009500  -0.007641  0.999926  -0.003396  -0.005991  -0.001674  -0.018863  -0.029093  0.294930  2.000000  0.999976  0.006932  0.000351  -0.006932  0.999976  -0.000130  -0.000352  0.000128  1.000000  0.999988  0.004728  0.000973  -0.004727  0.999989  -0.000530  -0.000975  0.000526  0.999999  1.000000  0.000000  0.000000  0.000000  1.000000  0.000000  0.000000  0.000000  1.000000  0.999976  0.006932  0.000351  -0.006932  0.999976  -0.000130  -0.000352  0.000128  1.000000  0.000075  0.000000  
156.119453 -0.000560  0.089245  -0.002765  0.998124  0.060415  0.009944  -0.060486  0.998144  0.007053  -0.009500  -0.007641  0.999926  -0.003656  -0.006035  -0.001702  -0.022945  -0.033731  0.283415  2.000000  0.999976  0.006932  0.000351  -0.006932  0.999976  -0.000130  -0.000352  0.000128  1.000000  0.999990  0.004316  0.000970  -0.004315  0.999991  -0.000526  -0.000972  0.000522  0.999999  1.000000  0.000000  0.000000  0.000000  1.000000  0.000000  0.000000  0.000000  1.000000  0.999976  0.006932  0.000351  -0.006932  0.999976  -0.000130  -0.000352  0.000128  1.000000  0.000073  0.000000  
156.120700 -0.000567  0.089237  -0.002768  0.998124  0.060415  0.009944  -0.060486  0.998144  0.007053  -0.009500  -0.007641  0.999926  -0.003931  -0.006011  -0.001711  -0.022807  -0.038126  0.269602  2.000000  0.999976  0.006932  0.000351  -0.006932  0.999976  -0.000130  -0.000352  0.000128  1.000000  0.999992  0.003904  0.000966  -0.003904  0.999992  -0.000522  -0.000968  0.000519  0.999999  1.000000  0.000000  0.000000  0.000000  1.000000  0.000000  0.000000  0.000000  1.000000  0.999976  0.006932  0.000351  -0.006932  0.999976  -0.000130  -0.000352  0.000128  1.000000  0.000068  0.000000  
156.121949 -0.000573  0.089230  -0.002771  0.998123  0.060415  0.010070  -0.060486  0.998145  0.006924  -0.009633  -0.007520  0.999925  -0.004156  -0.006021  -0.001678  -0.026491  -0.042087  0.246715  2.000000  0.999976  0.006932  0.000351  -0.006932  0.999976  -0.000130  -0.000352  0.000128  1.000000  0.999994  0.003494  0.000829  -0.003493  0.999994  -0.000640  -0.000831  0.000637  0.999999  1.000000  0.000000  0.000000  0.000000  1.000000  0.000000  0.000000  0.000000  1.000000  0.999976  0.006932  0.000351  -0.006932  0.999976  -0.000130  -0.000352  0.000128  1.000000  0.000064  0.000000  
156.122950 -0.000579  0.089224  -0.002772  0.998123  0.060415  0.010070  -0.060486  0.998145  0.006924  -0.009633  -0.007520  0.999925  -0.004369  -0.006012  -0.001636  -0.026388  -0.037526  0.233071  2.000000  0.999976  0.006932  0.000351  -0.006932  0.999976  -0.000130  -0.000352  0.000128  1.000000  0.999995  0.003081  0.000960  -0.003080  0.999995  -0.000636  -0.000962  0.000633  0.999999  1.000000  0.000000  0.000000  0.000000  1.000000  0.000000  0.000000  0.000000  1.000000  0.999976  0.006932  0.000351  -0.006932  0.999976  -0.000130  -0.000352  0.000128  1.000000  0.000061  0.000000  
156.123950 -0.000584  0.089218  -0.002775  0.998110  0.060621  0.010072  -0.060692  0.998133  0.006922  -0.009633  -0.007520  0.999925  -0.004564  -0.006031  -0.001617  -0.026322  -0.037467  0.226179  2.000000  0.999976  0.006932  0.000351  -0.006932  0.999976  -0.000130  -0.000352  0.000128  1.000000  0.999996  0.002876  0.000824  -0.002875  0.999996  -0.000634  -0.000826  0.000632  0.999999  1.000000  0.000000  0.000000  0.000000  1.000000  0.000000  0.000000  0.000000  1.000000  0.999976  0.006932  0.000351  -0.006932  0.999976  -0.000130  -0.000352  0.000128  1.000000  0.000058  0.000000  
156.125200 -0.000592  0.089209  -0.002778  0.998109  0.060621  0.010198  -0.060692  0.998133  0.006793  -0.009767  -0.007399  0.999925  -0.004893  -0.006105  -0.001694  -0.030203  -0.037289  0.205578  2.000000  0.999976  0.006932  0.000351  -0.006932  0.999976  -0.000130  -0.000352  0.000128  1.000000  0.999997  0.002463  0.000955  -0.002463  0.999997  -0.000752  -0.000957  0.000750  0.999999  1.000000  0.000000  0.000000  0.000000  1.000000  0.000000  0.000000  0.000000  1.000000  0.999976  0.006932  0.000351  -0.006932  0.999976  -0.000130  -0.000352  0.000128  1.000000  0.000054  0.000000  
156.126202 -0.000598  0.089203  -0.002781  0.998107  0.060620  0.010331  -0.060692  0.998134  0.006784  -0.009901  -0.007399  0.999924  -0.005111  -0.006162  -0.001799  -0.030279  -0.041939  0.186517  2.000000  0.999976  0.006932  0.000351  -0.006932  0.999976  -0.000130  -0.000352  0.000128  1.000000  0.999997  0.002052  0.000952  -0.002051  0.999998  -0.000748  -0.000953  0.000746  0.999999  1.000000  0.000000  0.000000  0.000000  1.000000  0.000000  0.000000  0.000000  1.000000  0.999976  0.006932  0.000351  -0.006932  0.999976  -0.000130  -0.000352  0.000128  1.000000  0.000049  0.000000  
156.127456 -0.000606  0.089194  -0.002786  0.998095  0.060827  0.010326  -0.060897  0.998122  0.006661  -0.009901  -0.007277  0.999925  -0.005352  -0.006247  -0.001975  -0.029978  -0.041535  0.178197  2.000000  0.999976  0.006932  0.000351  -0.006932  0.999976  -0.000130  -0.000352  0.000128  1.000000  0.999998  0.001845  0.001084  -0.001844  0.999998  -0.000867  -0.001085  0.000865  0.999999  1.000000  0.000000  0.000000  0.000000  1.000000  0.000000  0.000000  0.000000  1.000000  0.999976  0.006932  0.000351  -0.006932  0.999976  -0.000130  -0.000352  0.000128  1.000000  0.000045  0.000000  
156.128457 -0.000613  0.089187  -0.002790  0.998095  0.060827  0.010326  -0.060897  0.998122  0.006661  -0.009901  -0.007277  0.999925  -0.005511  -0.006308  -0.002134  0.000000  0.000000  0.000000  2.000000  0.999976  0.006932  0.000351  -0.006932  0.999976  -0.000130  -0.000352  0.000128  1.000000  0.999998  0.001845  0.001084  -0.001844  0.999998  -0.000867  -0.001085  0.000865  0.999999  1.000000  0.000000  0.000000  0.000000  1.000000  0.000000  0.000000  0.000000  1.000000  0.999976  0.006932  0.000351  -0.006932  0.999976  -0.000130  -0.000352  0.000128  1.000000  0.000045  0.000000  
156.129699 -0.000621  0.089178  -0.002795  0.998094  0.060827  0.010452  -0.060897  0.998123  0.006532  -0.010035  -0.007156  0.999924  -0.005667  -0.006396  -0.002385  0.000000  0.000000  0.000000  2.000000  0.999976  0.006932  0.000351  -0.006932  0.999976  -0.000130  -0.000352  0.000128  1.000000  0.999998  0.001638  0.001216  -0.001637  0.999998  -0.000987  -0.001218  0.000985  0.999999  1.000000  0.000000  0.000000  0.000000  1.000000  0.000000  0.000000  0.000000  1.000000  0.999976  0.006932  0.000351  -0.006932  0.999976  -0.000130  -0.000352  0.000128  1.000000  0.000000  0.000000  
156.130701 -0.000627  0.089171  -0.002799  0.998094  0.060827  0.010452  -0.060897  0.998123  0.006532  -0.010035  -0.007156  0.999924  -0.005796  -0.006478  -0.002633  0.000000  0.000000  0.000000  2.000000  0.999976  0.006932  0.000351  -0.006932  0.999976  -0.000130  -0.000352  0.000128  1.000000  0.999998  0.001433  0.001081  -0.001432  0.999998  -0.000985  -0.001082  0.000983  0.999999  1.000000  0.000000  0.000000  0.000000  1.000000  0.000000  0.000000  0.000000  1.000000  0.999976  0.006932  0.000351  -0.006932  0.999976  -0.000130  -0.000352  0.000128  1.000000  0.000000  0.000000  
156.131956 -0.000635  0.089163  -0.002805  0.998094  0.060828  0.010444  -0.060897  0.998123  0.006411  -0.010035  -0.007035  0.999925  -0.005927  -0.006504  -0.002909  0.000000  0.000000  0.000000  2.000000  0.999976  0.006932  0.000351  -0.006932  0.999976  -0.000130  -0.000352  0.000128  1.000000  0.999999  0.001022  0.001078  -0.001021  0.999999  -0.000981  -0.001079  0.000980  0.999999  1.000000  0.000000  0.000000  0.000000  1.000000  0.000000  0.000000  0.000000  1.000000  0.999976  0.006932  0.000351  -0.006932  0.999976  -0.000130  -0.000352  0.000128  1.000000  0.000000  0.000000  
156.132957 -0.000641  0.089157  -0.002809  0.998081  0.061034  0.010446  -0.061103  0.998111  0.006409  -0.010035  -0.007035  0.999925  -0.005983  -0.006524  -0.003125  0.000000  0.000000  0.000000  2.000000  0.999976  0.006932  0.000351  -0.006932  0.999976  -0.000130  -0.000352  0.000128  1.000000  0.999999  0.001229  0.000945  -0.001228  0.999999  -0.000983  -0.000946  0.000982  0.999999  1.000000  0.000000  0.000000  0.000000  1.000000  0.000000  0.000000  0.000000  1.000000  0.999976  0.006932  0.000351  -0.006932  0.999976  -0.000130  -0.000352  0.000128  1.000000  0.000000  0.000000  
156.134208 -0.000649  0.089149  -0.002814  0.998080  0.061033  0.010579  -0.061102  0.998111  0.006401  -0.010169  -0.007035  0.999924  -0.006038  -0.006474  -0.003312  0.000000  0.000000  0.000000  2.000000  0.999976  0.006932  0.000351  -0.006932  0.999976  -0.000130  -0.000352  0.000128  1.000000  0.999999  0.001023  0.000944  -0.001022  0.999999  -0.000860  -0.000945  0.000859  0.999999  1.000000  0.000000  0.000000  0.000000  1.000000  0.000000  0.000000  0.000000  1.000000  0.999976  0.006932  0.000351  -0.006932  0.999976  -0.000130  -0.000352  0.000128  1.000000  0.000000  0.000000  
156.135444 -0.000657  0.089141  -0.002819  0.998080  0.061033  0.010579  -0.061102  0.998111  0.006401  -0.010169  -0.007035  0.999924  -0.006103  -0.006505  -0.003446  0.000000  0.000000  0.000000  2.000000  0.999976  0.006932  0.000351  -0.006932  0.999976  -0.000130  -0.000352  0.000128  1.000000  0.999999  0.001023  0.000944  -0.001022  0.999999  -0.000738  -0.000945  0.000737  0.999999  1.000000  0.000000  0.000000  0.000000  1.000000  0.000000  0.000000  0.000000  1.000000  0.999976  0.006932  0.000351  -0.006932  0.999976  -0.000130  -0.000352  0.000128  1.000000  0.000000  0.000000  
156.136453 -0.000663  0.089135  -0.002823  0.998080  0.061034  0.010572  -0.061102  0.998112  0.006280  -0.010169  -0.006914  0.999924  -0.006165  -0.006524  -0.003578  0.000000  0.000000  0.000000  2.000000  0.999976  0.006932  0.000351  -0.006932  0.999976  -0.000130  -0.000352  0.000128  1.000000  0.999999  0.000818  0.000808  -0.000817  0.999999  -0.000857  -0.000809  0.000857  0.999999  1.000000  0.000000  0.000000  0.000000  1.000000  0.000000  0.000000  0.000000  1.000000  0.999976  0.006932  0.000351  -0.006932  0.999976  -0.000130  -0.000352  0.000128  1.000000  0.000000  0.000000  
156.137454 -0.000669  0.089130  -0.002827  0.998067  0.061239  0.010573  -0.061308  0.998099  0.006277  -0.010169  -0.006914  0.999924  -0.006219  -0.006514  -0.003712  0.000000  0.000000  0.000000  2.000000  0.999976  0.006932  0.000351  -0.006932  0.999976  -0.000130  -0.000352  0.000128  1.000000  0.999999  0.001024  0.000810  -0.001023  0.999999  -0.000738  -0.000811  0.000737  0.999999  1.000000  0.000000  0.000000  0.000000  1.000000  0.000000  0.000000  0.000000  1.000000  0.999976  0.006932  0.000351  -0.006932  0.999976  -0.000130  -0.000352  0.000128  1.000000  0.000000  0.000000  
156.138699 -0.000677  0.089123  -0.002831  0.998067  0.061239  0.010573  -0.061308  0.998099  0.006277  -0.010169  -0.006914  0.999924  -0.006261  -0.006472  -0.003839  0.000000  0.000000  0.000000  2.000000  0.999976  0.006932  0.000351  -0.006932  0.999976  -0.000130  -0.000352  0.000128  1.000000  0.999999  0.000819  0.000675  -0.000818  0.999999  -0.000736  -0.000675  0.000736  1.000000  1.000000  0.000000  0.000000  0.000000  1.000000  0.000000  0.000000  0.000000  1.000000  0.999976  0.006932  0.000351  -0.006932  0.999976  -0.000130  -0.000352  0.000128  1.000000  0.000000  0.000000  
156.139702 -0.000682  0.089117  -0.002836  0.998067  0.061241  0.010566  -0.061308  0.998100  0.006156  -0.010169  -0.006792  0.999925  -0.006273  -0.006420  -0.003951  0.000000  0.000000  0.000000  2.000000  0.999976  0.006932  0.000351  -0.006932  0.999976  -0.000130  -0.000352  0.000128  1.000000  0.999999  0.000819  0.000675  -0.000818  0.999999  -0.000857  -0.000675  0.000857  0.999999  1.000000  0.000000  0.000000  0.000000  1.000000  0.000000  0.000000  0.000000  1.000000  0.999976  0.006932  0.000351  -0.006932  0.999976  -0.000130  -0.000352  0.000128  1.000000  0.000000  0.000000  
156.140703 -0.000689  0.089110  -0.002840  0.998067  0.061241  0.010566  -0.061308  0.998100  0.006156  -0.010169  -0.006792  0.999925  -0.006284  -0.006395  -0.004003  0.000000  0.000000  0.000000  2.000000  0.999976  0.006932  0.000351  -0.006932  0.999976  -0.000130  -0.000352  0.000128  1.000000  0.999999  0.000819  0.000675  -0.000818  0.999999  -0.000857  -0.000675  0.000857  0.999999  1.000000  0.000000  0.000000  0.000000  1.000000  0.000000  0.000000  0.000000  1.000000  0.999976  0.006932  0.000351  -0.006932  0.999976  -0.000130  -0.000352  0.000128  1.000000  0.000000  0.000000  
156.141703 -0.000695  0.089104  -0.002845  0.998067  0.061241  0.010566  -0.061308  0.998100  0.006156  -0.010169  -0.006792  0.999925  -0.006234  -0.006349  -0.004154  0.000000  0.000000  0.000000  2.000000  0.999976  0.006932  0.000351  -0.006932  0.999976  -0.000130  -0.000352  0.000128  1.000000  0.999999  0.000819  0.000675  -0.000818  0.999999  -0.000736  -0.000675  0.000736  1.000000  1.000000  0.000000  0.000000  0.000000  1.000000  0.000000  0.000000  0.000000  1.000000  0.999976  0.006932  0.000351  -0.006932  0.999976  -0.000130  -0.000352  0.000128  1.000000  0.000000  0.000000  
156.142955 -0.000702  0.089096  -0.002852  0.998054  0.061448  0.010559  -0.061513  0.998088  0.006033  -0.010169  -0.006671  0.999926  -0.006131  -0.006267  -0.004263  0.000000  0.000000  0.000000  2.000000  0.999976  0.006932  0.000351  -0.006932  0.999976  -0.000130  -0.000352  0.000128  1.000000  0.999999  0.001026  0.000542  -0.001025  0.999999  -0.000860  -0.000543  0.000859  0.999999  1.000000  0.000000  0.000000  0.000000  1.000000  0.000000  0.000000  0.000000  1.000000  0.999976  0.006932  0.000351  -0.006932  0.999976  -0.000130  -0.000352  0.000128  1.000000  0.000000  0.000000  
156.144200 -0.000709  0.089088  -0.002858  0.998053  0.061447  0.010693  -0.061513  0.998088  0.006025  -0.010302  -0.006671  0.999925  -0.006058  -0.006180  -0.004312  0.000000  0.000000  0.000000  2.000000  0.999976  0.006932  0.000351  -0.006932  0.999976  -0.000130  -0.000352  0.000128  1.000000  0.999999  0.000819  0.000674  -0.000818  0.999999  -0.000858  -0.000675  0.000857  0.999999  1.000000  0.000000  0.000000  0.000000  1.000000  0.000000  0.000000  0.000000  1.000000  0.999976  0.006932  0.000351  -0.006932  0.999976  -0.000130  -0.000352  0.000128  1.000000  0.000000  0.000000  
156.145205 -0.000714  0.089082  -0.002862  0.998040  0.061652  0.010694  -0.061719  0.998075  0.006023  -0.010302  -0.006671  0.999925  -0.005972  -0.006160  -0.004362  0.000000  0.000000  0.000000  2.000000  0.999976  0.006932  0.000351  -0.006932  0.999976  -0.000130  -0.000352  0.000128  1.000000  1.000000  0.000820  0.000541  -0.000819  0.999999  -0.000736  -0.000541  0.000736  1.000000  1.000000  0.000000  0.000000  0.000000  1.000000  0.000000  0.000000  0.000000  1.000000  0.999976  0.006932  0.000351  -0.006932  0.999976  -0.000130  -0.000352  0.000128  1.000000  0.000000  0.000000  
156.146455 -0.000720  0.089075  -0.002867  0.998040  0.061653  0.010687  -0.061719  0.998076  0.005902  -0.010302  -0.006550  0.999925  -0.005847  -0.006064  -0.004341  0.000000  0.000000  0.000000  2.000000  0.999976  0.006932  0.000351  -0.006932  0.999976  -0.000130  -0.000352  0.000128  1.000000  0.999999  0.001026  0.000542  -0.001025  0.999999  -0.000860  -0.000543  0.000859  0.999999  1.000000  0.000000  0.000000  0.000000  1.000000  0.000000  0.000000  0.000000  1.000000  0.999976  0.006932  0.000351  -0.006932  0.999976  -0.000130  -0.000352  0.000128  1.000000  0.000000  0.000000  
156.147699 -0.000726  0.089068  -0.002873  0.998040  0.061653  0.010687  -0.061719  0.998076  0.005902  -0.010302  -0.006550  0.999925  -0.005717  -0.006050  -0.004394  0.000000  0.000000  0.000000  2.000000  0.999976  0.006932  0.000351  -0.006932  0.999976  -0.000130  -0.000352  0.000128  1.000000  0.999999  0.001027  0.000408  -0.001026  0.999999  -0.000738  -0.000409  0.000738  1.000000  1.000000  0.000000  0.000000  0.000000  1.000000  0.000000  0.000000  0.000000  1.000000  0.999976  0.006932  0.000351  -0.006932  0.999976  -0.000130  -0.000352  0.000128  1.000000  0.000000  0.000000  
156.148703 -0.000730  0.089062  -0.002878  0.998028  0.061859  0.010688  -0.061924  0.998063  0.005899  -0.010302  -0.006550  0.999925  -0.005593  -0.006005  -0.004390  0.000000  0.000000  0.000000  2.000000  0.999976  0.006932  0.000351  -0.006932  0.999976  -0.000130  -0.000352  0.000128  1.000000  0.999999  0.001027  0.000408  -0.001026  0.999999  -0.000738  -0.000409  0.000738  1.000000  1.000000  0.000000  0.000000  0.000000  1.000000  0.000000  0.000000  0.000000  1.000000  0.999976  0.006932  0.000351  -0.006932  0.999976  -0.000130  -0.000352  0.000128  1.000000  0.000000  0.000000  
156.149704 -0.000735  0.089057  -0.002881  0.998028  0.061859  0.010688  -0.061924  0.998063  0.005899  -0.010302  -0.006550  0.999925  -0.005486  -0.005959  -0.004357  0.000000  0.000000  0.000000  2.000000  0.999976  0.006932  0.000351  -0.006932  0.999976  -0.000130  -0.000352  0.000128  1.000000  0.999999  0.001028  0.000274  -0.001027  0.999999  -0.000617  -0.000275  0.000617  1.000000  1.000000  0.000000  0.000000  0.000000  1.000000  0.000000  0.000000  0.000000  1.000000  0.999976  0.006932  0.000351  -0.006932  0.999976  -0.000130  -0.000352  0.000128  1.000000  0.000000  0.000000  
156.150950 -0.000741  0.089049  -0.002886  0.998015  0.062063  0.010697  -0.062130  0.998050  0.006018  -0.010302  -0.006671  0.999925  -0.005387  -0.005962  -0.004362  0.000000  0.000000  0.000000  2.000000  0.999976  0.006932  0.000351  -0.006932  0.999976  -0.000130  -0.000352  0.000128  1.000000  0.999999  0.001233  0.000276  -0.001233  0.999999  -0.000619  -0.000276  0.000619  1.000000  1.000000  0.000000  0.000000  0.000000  1.000000  0.000000  0.000000  0.000000  1.000000  0.999976  0.006932  0.000351  -0.006932  0.999976  -0.000130  -0.000352  0.000128  1.000000  0.000000  0.000000  
156.151950 -0.000745  0.089043  -0.002890  0.998015  0.062063  0.010697  -0.062130  0.998050  0.006018  -0.010302  -0.006671  0.999925  -0.005298  -0.005957  -0.004333  0.000000  0.000000  0.000000  2.000000  0.999976  0.006932  0.000351  -0.006932  0.999976  -0.000130  -0.000352  0.000128  1.000000  0.999999  0.001233  0.000276  -0.001233  0.999999  -0.000377  -0.000276  0.000376  1.000000  1.000000  0.000000  0.000000  0.000000  1.000000  0.000000  0.000000  0.000000  1.000000  0.999976  0.006932  0.000351  -0.006932  0.999976  -0.000130  -0.000352  0.000128  1.000000  0.000000  0.000000  
156.153198 -0.000751  0.089036  -0.002895  0.998015  0.062063  0.010697  -0.062130  0.998050  0.006018  -0.010302  -0.006671  0.999925  -0.005201  -0.005962  -0.004339  0.000000  0.000000  0.000000  2.000000  0.999976  0.006932  0.000351  -0.006932  0.999976  -0.000130  -0.000352  0.000128  1.000000  0.999999  0.001027  0.000274  -0.001027  0.999999  -0.000374  -0.000275  0.000374  1.000000  1.000000  0.000000  0.000000  0.000000  1.000000  0.000000  0.000000  0.000000  1.000000  0.999976  0.006932  0.000351  -0.006932  0.999976  -0.000130  -0.000352  0.000128  1.000000  0.000000  0.000000  
156.154204 -0.000756  0.089030  -0.002898  0.998002  0.062269  0.010698  -0.062335  0.998037  0.006016  -0.010302  -0.006671  0.999925  -0.005067  -0.005935  -0.004347  0.000000  0.000000  0.000000  2.000000  0.999976  0.006932  0.000351  -0.006932  0.999976  -0.000130  -0.000352  0.000128  1.000000  0.999999  0.001234  0.000142  -0.001234  0.999999  -0.000377  -0.000142  0.000376  1.000000  1.000000  0.000000  0.000000  0.000000  1.000000  0.000000  0.000000  0.000000  1.000000  0.999976  0.006932  0.000351  -0.006932  0.999976  -0.000130  -0.000352  0.000128  1.000000  0.000000  0.000000  
156.155450 -0.000762  0.089023  -0.002903  0.998002  0.062269  0.010698  -0.062335  0.998037  0.006016  -0.010302  -0.006671  0.999925  -0.004927  -0.005905  -0.004240  0.000000  0.000000  0.000000  2.000000  0.999976  0.006932  0.000351  -0.006932  0.999976  -0.000130  -0.000352  0.000128  1.000000  0.999999  0.001234  0.000142  -0.001234  0.999999  -0.000377  -0.000142  0.000376  1.000000  1.000000  0.000000  0.000000  0.000000  1.000000  0.000000  0.000000  0.000000  1.000000  0.999976  0.006932  0.000351  -0.006932  0.999976  -0.000130  -0.000352  0.000128  1.000000  0.000000  0.000000  
