1-Time 2-Px 3-Py 4-Pz 5-R11 6-R21 7-R31 8-R12 9-R22 10-R32 11-R13 12-R23 13-R33 14-Vx 15-Vy 16-Vz 17-Wx 18-Wy 19-Wz 20-state 21-PR11 22-PR21 23-PR31 24-PR12 25-PR22 26-PR32 27-PR13 28-PR23 29-PR33 
44.349362 0.000161  0.089629  -0.006119  0.998216  0.058685  -0.011025  -0.058223  0.997569  0.038300  0.013246  -0.037590  0.999205  0.000054  0.000072  0.000028  0.000000  0.000000  0.000000  2.000000  1.000000  0.000000  0.000000  -0.000000  1.000000  0.000000  0.000000  -0.000000  1.000000  1.000000  -0.000000  0.000000  0.000000  1.000000  0.000000  0.000000  0.000000  1.000000  1.000000  0.000000  0.000000  0.000000  1.000000  0.000000  0.000000  0.000000  1.000000  0.646891  0.375135  0.663932  -0.371948  0.915265  -0.154741  -0.665722  -0.146848  0.731607  0.000000  0.000000  
44.350373 0.000161  0.089629  -0.006120  0.998216  0.058685  -0.011025  -0.058223  0.997569  0.038300  0.013246  -0.037590  0.999205  0.000067  0.000070  -0.000005  0.000000  0.000000  0.000000  2.000000  1.000000  0.000000  0.000000  0.000000  1.000000  0.000000  0.000000  0.000000  1.000000  1.000000  -0.000000  0.000000  0.000000  1.000000  0.000000  0.000000  0.000000  1.000000  1.000000  0.000000  0.000000  0.000000  1.000000  0.000000  0.000000  0.000000  1.000000  1.000000  0.000000  0.000000  0.000000  1.000000  0.000000  0.000000  0.000000  1.000000  0.000000  0.000000  
44.351630 0.000159  0.089626  -0.006122  0.998190  0.059102  -0.011135  -0.058634  0.997539  0.038434  0.013379  -0.037711  0.999199  -0.000027  -0.000136  -0.000171  0.000000  0.000000  0.000000  2.000000  1.000000  0.000000  0.000000  0.000000  1.000000  0.000000  0.000000  0.000000  1.000000  1.000000  0.000211  -0.000126  -0.000211  1.000000  0.000124  0.000126  -0.000124  1.000000  1.000000  0.000000  0.000000  0.000000  1.000000  0.000000  0.000000  0.000000  1.000000  1.000000  0.000000  0.000000  0.000000  1.000000  0.000000  0.000000  0.000000  1.000000  0.000000  0.000000  
44.352870 0.000158  0.089622  -0.006127  0.998166  0.059514  -0.011112  -0.059045  0.997510  0.038559  0.013379  -0.037832  0.999195  -0.000143  -0.000403  -0.000474  0.000000  0.000000  0.000000  2.000000  1.000000  0.000000  0.000000  0.000000  1.000000  0.000000  0.000000  0.000000  1.000000  1.000000  0.000828  -0.000103  -0.000828  1.000000  0.000254  0.000103  -0.000254  1.000000  1.000000  0.000000  0.000000  0.000000  1.000000  0.000000  0.000000  0.000000  1.000000  1.000000  0.000000  0.000000  0.000000  1.000000  0.000000  0.000000  0.000000  1.000000  0.000000  0.000000  
44.353870 0.000157  0.089618  -0.006129  0.998153  0.059720  -0.011097  -0.059251  0.997493  0.038682  0.013379  -0.037953  0.999190  -0.000210  -0.000658  -0.000653  0.000000  0.000000  0.000000  2.000000  1.000000  0.000000  0.000000  0.000000  1.000000  0.000000  0.000000  0.000000  1.000000  0.999999  0.001034  -0.000095  -0.001034  0.999999  0.000378  0.000095  -0.000378  1.000000  1.000000  0.000000  0.000000  0.000000  1.000000  0.000000  0.000000  0.000000  1.000000  1.000000  0.000000  0.000000  0.000000  1.000000  0.000000  0.000000  0.000000  1.000000  0.000000  0.000000  
44.355123 0.000156  0.089614  -0.006133  0.998141  0.059927  -0.011082  -0.059456  0.997476  0.038806  0.013379  -0.038075  0.999185  -0.000245  -0.000942  -0.000889  0.000000  0.000000  0.000000  2.000000  1.000000  0.000000  0.000000  0.000000  1.000000  0.000000  0.000000  0.000000  1.000000  0.999999  0.001239  -0.000087  -0.001239  0.999999  0.000502  0.000087  -0.000502  1.000000  1.000000  0.000000  0.000000  0.000000  1.000000  0.000000  0.000000  0.000000  1.000000  1.000000  0.000000  0.000000  0.000000  1.000000  0.000000  0.000000  0.000000  1.000000  0.000000  0.000000  
44.356367 0.000155  0.089610  -0.006136  0.998115  0.060346  -0.011185  -0.059867  0.997442  0.039060  0.013513  -0.038317  0.999174  -0.000373  -0.001249  -0.001106  0.000000  0.000000  0.000000  2.000000  1.000000  0.000000  0.000000  0.000000  1.000000  0.000000  0.000000  0.000000  1.000000  0.999999  0.001450  -0.000212  -0.001450  0.999999  0.000747  0.000213  -0.000747  1.000000  1.000000  0.000000  0.000000  0.000000  1.000000  0.000000  0.000000  0.000000  1.000000  1.000000  0.000000  0.000000  0.000000  1.000000  0.000000  0.000000  0.000000  1.000000  0.000000  0.000000  
44.357370 0.000154  0.089607  -0.006138  0.998088  0.060763  -0.011295  -0.060278  0.997412  0.039194  0.013647  -0.038438  0.999168  -0.000430  -0.001452  -0.001243  0.000000  0.000000  0.000000  2.000000  1.000000  0.000000  0.000000  0.000000  1.000000  0.000000  0.000000  0.000000  1.000000  0.999998  0.001867  -0.000330  -0.001866  0.999998  0.000874  0.000331  -0.000874  1.000000  1.000000  0.000000  0.000000  0.000000  1.000000  0.000000  0.000000  0.000000  1.000000  1.000000  0.000000  0.000000  0.000000  1.000000  0.000000  0.000000  0.000000  1.000000  0.000000  0.000000  
44.358621 0.000153  0.089604  -0.006140  0.998049  0.061385  -0.011397  -0.060894  0.997369  0.039330  0.013781  -0.038559  0.999161  -0.000497  -0.001706  -0.001421  0.000000  0.000000  0.000000  2.000000  1.000000  0.000000  0.000000  0.000000  1.000000  0.000000  0.000000  0.000000  1.000000  0.999997  0.002489  -0.000439  -0.002489  0.999996  0.001004  0.000442  -0.001003  0.999999  1.000000  0.000000  0.000000  0.000000  1.000000  0.000000  0.000000  0.000000  1.000000  1.000000  0.000000  0.000000  0.000000  1.000000  0.000000  0.000000  0.000000  1.000000  0.000000  0.000000  
44.359623 0.000152  0.089601  -0.006143  0.998024  0.061797  -0.011373  -0.061305  0.997339  0.039456  0.013781  -0.038680  0.999157  -0.000547  -0.001890  -0.001601  0.000000  0.000000  0.000000  2.000000  1.000000  0.000000  0.000000  0.000000  1.000000  0.000000  0.000000  0.000000  1.000000  0.999995  0.003106  -0.000415  -0.003106  0.999995  0.001134  0.000419  -0.001133  0.999999  1.000000  0.000000  0.000000  0.000000  1.000000  0.000000  0.000000  0.000000  1.000000  1.000000  0.000000  0.000000  0.000000  1.000000  0.000000  0.000000  0.000000  1.000000  0.000000  0.000000  
44.360624 0.000151  0.089598  -0.006146  0.997984  0.062420  -0.011474  -0.061922  0.997295  0.039592  0.013915  -0.038802  0.999150  -0.000635  -0.002077  -0.001810  0.000000  0.000000  0.000000  2.000000  1.000000  0.000000  0.000000  0.000000  1.000000  0.000000  0.000000  0.000000  1.000000  0.999994  0.003518  -0.000399  -0.003517  0.999993  0.001140  0.000403  -0.001138  0.999999  1.000000  0.000000  0.000000  0.000000  1.000000  0.000000  0.000000  0.000000  1.000000  1.000000  0.000000  0.000000  0.000000  1.000000  0.000000  0.000000  0.000000  1.000000  0.000000  0.000000  
44.361870 0.000149  0.089596  -0.006150  0.997958  0.062830  -0.011458  -0.062332  0.997270  0.039597  0.013915  -0.038802  0.999150  -0.000706  -0.002208  -0.002029  0.000000  0.000000  0.000000  2.000000  1.000000  0.000000  0.000000  0.000000  1.000000  0.000000  0.000000  0.000000  1.000000  0.999991  0.004140  -0.000509  -0.004139  0.999991  0.001270  0.000514  -0.001268  0.999999  1.000000  0.000000  0.000000  0.000000  1.000000  0.000000  0.000000  0.000000  1.000000  1.000000  0.000000  0.000000  0.000000  1.000000  0.000000  0.000000  0.000000  1.000000  0.000000  0.000000  
44.363118 0.000148  0.089593  -0.006152  0.997920  0.063448  -0.011426  -0.062949  0.997226  0.039725  0.013915  -0.038923  0.999145  -0.000819  -0.002428  -0.002238  0.000000  0.000000  0.000000  2.000000  1.000000  0.000000  0.000000  0.000000  1.000000  0.000000  0.000000  0.000000  1.000000  0.999989  0.004757  -0.000484  -0.004756  0.999988  0.001400  0.000491  -0.001397  0.999999  1.000000  0.000000  0.000000  0.000000  1.000000  0.000000  0.000000  0.000000  1.000000  1.000000  0.000000  0.000000  0.000000  1.000000  0.000000  0.000000  0.000000  1.000000  0.000000  0.000000  
44.364368 0.000148  0.089591  -0.006154  0.997879  0.064069  -0.011535  -0.063565  0.997186  0.039740  0.014048  -0.038923  0.999143  -0.000883  -0.002612  -0.002388  0.047304  0.020082  0.180804  2.000000  1.000000  0.000118  0.000159  -0.000118  1.000000  0.000053  -0.000159  -0.000053  1.000000  0.999985  0.005379  -0.000594  -0.005378  0.999985  0.001409  0.000601  -0.001406  0.999999  1.000000  0.000040  0.000054  -0.000040  1.000000  0.000018  -0.000054  -0.000018  1.000000  1.000000  0.000118  0.000159  -0.000118  1.000000  0.000053  -0.000159  -0.000053  1.000000  0.000047  0.005592  
44.365372 0.000146  0.089587  -0.006157  0.997837  0.064690  -0.011644  -0.064181  0.997146  0.039756  0.014182  -0.038923  0.999142  -0.001003  -0.002789  -0.002494  0.047594  0.023778  0.201691  2.000000  1.000000  0.000243  0.000332  -0.000243  1.000000  0.000106  -0.000332  -0.000106  1.000000  0.999983  0.005791  -0.000578  -0.005790  0.999982  0.001415  0.000586  -0.001411  0.999999  1.000000  0.000042  0.000059  -0.000042  1.000000  0.000018  -0.000059  -0.000018  1.000000  1.000000  0.000243  0.000332  -0.000243  1.000000  0.000106  -0.000332  -0.000106  1.000000  0.000050  0.005989  
44.366626 0.000143  0.089583  -0.006161  0.997811  0.065102  -0.011619  -0.064592  0.997115  0.039882  0.014182  -0.039044  0.999137  -0.001075  -0.002891  -0.002574  0.051848  0.023230  0.215464  2.000000  1.000000  0.000473  0.000643  -0.000474  1.000000  0.000200  -0.000643  -0.000200  1.000000  0.999979  0.006413  -0.000686  -0.006412  0.999978  0.001545  0.000696  -0.001541  0.999999  1.000000  0.000048  0.000065  -0.000048  1.000000  0.000019  -0.000065  -0.000019  1.000000  1.000000  0.000473  0.000643  -0.000474  1.000000  0.000200  -0.000643  -0.000200  1.000000  0.000056  0.006632  
44.367868 0.000141  0.089578  -0.006163  0.997769  0.065724  -0.011720  -0.065208  0.997069  0.040018  0.014316  -0.039165  0.999130  -0.001092  -0.002947  -0.002446  0.056243  0.026922  0.236455  2.000000  0.999999  0.000723  0.000980  -0.000723  1.000000  0.000300  -0.000980  -0.000300  0.999999  0.999976  0.006830  -0.000803  -0.006828  0.999975  0.001673  0.000815  -0.001668  0.999998  1.000000  0.000051  0.000069  -0.000051  1.000000  0.000021  -0.000069  -0.000021  1.000000  0.999999  0.000723  0.000980  -0.000723  1.000000  0.000300  -0.000980  -0.000300  0.999999  0.000059  0.007077  
44.369121 0.000139  0.089572  -0.006165  0.997740  0.066143  -0.011821  -0.065619  0.997032  0.040274  0.014450  -0.039407  0.999119  -0.001160  -0.003003  -0.002314  0.064586  0.030846  0.250388  2.000000  0.999999  0.000991  0.001342  -0.000992  0.999999  0.000409  -0.001342  -0.000410  0.999999  0.999973  0.007247  -0.000920  -0.007245  0.999972  0.001801  0.000933  -0.001795  0.999998  1.000000  0.000055  0.000073  -0.000055  1.000000  0.000022  -0.000073  -0.000022  1.000000  0.999999  0.000991  0.001342  -0.000992  0.999999  0.000409  -0.001342  -0.000410  0.999999  0.000063  0.007523  
44.370127 0.000138  0.089567  -0.006166  0.997713  0.066555  -0.011796  -0.066030  0.996999  0.040400  0.014450  -0.039528  0.999114  -0.001216  -0.003084  -0.002199  0.068836  0.030289  0.264147  2.000000  0.999998  0.001219  0.001647  -0.001220  0.999999  0.000506  -0.001646  -0.000508  0.999999  0.999970  0.007658  -0.000902  -0.007656  0.999969  0.002050  0.000917  -0.002043  0.999997  1.000000  0.000058  0.000077  -0.000058  1.000000  0.000026  -0.000077  -0.000026  1.000000  0.999998  0.001219  0.001647  -0.001220  0.999999  0.000506  -0.001646  -0.000508  0.999999  0.000067  0.007978  
44.371368 0.000136  0.089560  -0.006169  0.997686  0.066968  -0.011763  -0.066440  0.996962  0.040646  0.014450  -0.039771  0.999104  -0.001266  -0.003308  -0.002227  0.077209  0.029734  0.278085  2.000000  0.999997  0.001515  0.002055  -0.001517  0.999999  0.000637  -0.002054  -0.000640  0.999998  0.999966  0.008270  -0.000743  -0.008268  0.999964  0.002058  0.000760  -0.002052  0.999998  1.000000  0.000060  0.000085  -0.000060  1.000000  0.000026  -0.000085  -0.000026  1.000000  0.999997  0.001515  0.002055  -0.001517  0.999999  0.000637  -0.002054  -0.000640  0.999998  0.000072  0.008554  
44.372368 0.000134  0.089555  -0.006172  0.997658  0.067380  -0.011739  -0.066851  0.996930  0.040772  0.014450  -0.039892  0.999100  -0.001295  -0.003466  -0.002286  0.081476  0.029181  0.291909  2.000000  0.999996  0.001751  0.002387  -0.001753  0.999998  0.000746  -0.002386  -0.000751  0.999997  0.999967  0.008064  -0.000749  -0.008063  0.999965  0.002298  0.000767  -0.002292  0.999997  1.000000  0.000059  0.000083  -0.000059  1.000000  0.000029  -0.000083  -0.000029  1.000000  0.999996  0.001751  0.002387  -0.001753  0.999998  0.000746  -0.002386  -0.000751  0.999997  0.000074  0.008418  
44.373624 0.000133  0.089548  -0.006176  0.997645  0.067588  -0.011714  -0.067057  0.996906  0.041016  0.014450  -0.040134  0.999090  -0.001341  -0.003745  -0.002389  0.089699  0.028869  0.298742  2.000000  0.999994  0.001985  0.002718  -0.001987  0.999998  0.000864  -0.002716  -0.000869  0.999996  0.999967  0.008065  -0.000747  -0.008063  0.999965  0.002419  0.000766  -0.002413  0.999997  1.000000  0.000059  0.000083  -0.000059  1.000000  0.000030  -0.000083  -0.000030  1.000000  0.999994  0.001985  0.002718  -0.001987  0.999998  0.000864  -0.002716  -0.000869  0.999996  0.000078  0.008452  
44.374872 0.000130  0.089539  -0.006182  0.997617  0.068002  -0.011680  -0.067467  0.996868  0.041263  0.014450  -0.040377  0.999080  -0.001419  -0.004094  -0.002557  0.098048  0.028295  0.312589  2.000000  0.999992  0.002278  0.003133  -0.002282  0.999997  0.001015  -0.003131  -0.001022  0.999995  0.999966  0.008271  -0.000737  -0.008269  0.999963  0.002544  0.000758  -0.002537  0.999996  1.000000  0.000060  0.000085  -0.000060  1.000000  0.000032  -0.000085  -0.000032  1.000000  0.999992  0.002278  0.003133  -0.002282  0.999997  0.001015  -0.003131  -0.001022  0.999995  0.000082  0.008683  
44.376116 0.000128  0.089531  -0.006189  0.997603  0.068210  -0.011655  -0.067673  0.996844  0.041507  0.014450  -0.040619  0.999070  -0.001438  -0.004399  -0.002737  0.105453  0.027765  0.316971  2.000000  0.999990  0.002573  0.003551  -0.002577  0.999996  0.001168  -0.003548  -0.001177  0.999993  0.999966  0.008271  -0.000736  -0.008269  0.999963  0.002422  0.000756  -0.002416  0.999997  1.000000  0.000060  0.000085  -0.000060  1.000000  0.000030  -0.000085  -0.000030  1.000000  0.999990  0.002573  0.003551  -0.002577  0.999996  0.001168  -0.003548  -0.001177  0.999993  0.000084  0.008649  
44.377120 0.000127  0.089525  -0.006193  0.997589  0.068416  -0.011638  -0.067878  0.996825  0.041631  0.014450  -0.040740  0.999065  -0.001467  -0.004719  -0.002870  0.110473  0.027698  0.326436  2.000000  0.999989  0.002801  0.003882  -0.002806  0.999995  0.001293  -0.003878  -0.001304  0.999992  0.999969  0.007854  -0.000617  -0.007852  0.999966  0.002538  0.000637  -0.002533  0.999997  1.000000  0.000056  0.000081  -0.000056  1.000000  0.000032  -0.000081  -0.000032  1.000000  0.999989  0.002801  0.003882  -0.002806  0.999995  0.001293  -0.003878  -0.001304  0.999992  0.000084  0.008276  
44.378367 0.000125  0.089518  -0.006199  0.997575  0.068623  -0.011622  -0.068083  0.996806  0.041754  0.014450  -0.040861  0.999060  -0.001570  -0.005076  -0.003102  0.114673  0.027414  0.333433  2.000000  0.999986  0.003070  0.004284  -0.003077  0.999994  0.001447  -0.004280  -0.001460  0.999990  0.999971  0.007643  -0.000490  -0.007642  0.999968  0.002535  0.000510  -0.002531  0.999997  1.000000  0.000053  0.000080  -0.000053  1.000000  0.000032  -0.000080  -0.000032  1.000000  0.999986  0.003070  0.004284  -0.003077  0.999994  0.001447  -0.004280  -0.001460  0.999990  0.000088  0.008067  
44.379370 0.000123  0.089512  -0.006202  0.997577  0.068619  -0.011480  -0.068084  0.996801  0.041866  0.014316  -0.040983  0.999057  -0.001604  -0.005314  -0.003221  0.118798  0.022913  0.333455  2.000000  0.999984  0.003269  0.004592  -0.003277  0.999993  0.001569  -0.004587  -0.001584  0.999988  0.999974  0.007221  -0.000239  -0.007220  0.999971  0.002528  0.000257  -0.002526  0.999997  1.000000  0.000048  0.000077  -0.000048  1.000000  0.000032  -0.000077  -0.000032  1.000000  0.999984  0.003269  0.004592  -0.003277  0.999993  0.001569  -0.004587  -0.001584  0.999988  0.000089  0.007654  
44.380619 0.000120  0.089505  -0.006206  0.997563  0.068825  -0.011463  -0.068289  0.996782  0.041989  0.014316  -0.041104  0.999052  -0.001649  -0.005403  -0.003183  0.122030  0.017982  0.337526  2.000000  0.999982  0.003499  0.004960  -0.003508  0.999992  0.001721  -0.004954  -0.001739  0.999986  0.999977  0.006809  -0.000255  -0.006809  0.999974  0.002522  0.000272  -0.002520  0.999997  1.000000  0.000045  0.000072  -0.000045  1.000000  0.000032  -0.000072  -0.000032  1.000000  0.999982  0.003499  0.004960  -0.003508  0.999992  0.001721  -0.004954  -0.001739  0.999986  0.000090  0.007266  
44.381625 0.000118  0.089500  -0.006208  0.997565  0.068820  -0.011330  -0.068289  0.996782  0.041980  0.014182  -0.041104  0.999054  -0.001701  -0.005513  -0.003157  0.117671  0.014031  0.323350  2.000000  0.999980  0.003625  0.005168  -0.003634  0.999992  0.001812  -0.005161  -0.001831  0.999985  0.999980  0.006387  -0.000005  -0.006387  0.999977  0.002394  0.000020  -0.002394  0.999997  1.000000  0.000040  0.000069  -0.000040  1.000000  0.000030  -0.000069  -0.000030  1.000000  0.999980  0.003625  0.005168  -0.003634  0.999992  0.001812  -0.005161  -0.001831  0.999985  0.000087  0.006821  
44.382873 0.000115  0.089494  -0.006210  0.997565  0.068821  -0.011321  -0.068289  0.996777  0.042101  0.014182  -0.041225  0.999049  -0.001787  -0.005626  -0.003163  0.118444  0.014653  0.312173  2.000000  0.999978  0.003813  0.005493  -0.003824  0.999991  0.001966  -0.005485  -0.001987  0.999983  0.999983  0.005770  -0.000029  -0.005770  0.999980  0.002507  0.000044  -0.002507  0.999997  1.000000  0.000036  0.000062  -0.000036  1.000000  0.000031  -0.000062  -0.000031  1.000000  0.999978  0.003813  0.005493  -0.003824  0.999991  0.001966  -0.005485  -0.001987  0.999983  0.000083  0.006291  
44.383907 0.000111  0.089490  -0.006212  0.997567  0.068817  -0.011180  -0.068289  0.996772  0.042213  0.014048  -0.041346  0.999046  -0.001871  -0.005612  -0.003179  0.118202  0.010385  0.304757  2.000000  0.999976  0.003950  0.005729  -0.003962  0.999990  0.002087  -0.005721  -0.002110  0.999981  0.999986  0.005353  0.000087  -0.005353  0.999983  0.002379  -0.000074  -0.002380  0.999997  1.000000  0.000033  0.000058  -0.000033  1.000000  0.000030  -0.000058  -0.000030  1.000000  0.999976  0.003950  0.005729  -0.003962  0.999990  0.002087  -0.005721  -0.002110  0.999981  0.000081  0.005859  
44.385123 0.000107  0.089483  -0.006214  0.997567  0.068817  -0.011180  -0.068289  0.996772  0.042213  0.014048  -0.041346  0.999046  -0.002059  -0.005653  -0.003191  0.110085  0.010635  0.298185  2.000000  0.999975  0.003981  0.005786  -0.003993  0.999990  0.002118  -0.005777  -0.002141  0.999981  0.999989  0.004730  0.000196  -0.004731  0.999986  0.002492  -0.000184  -0.002493  0.999997  1.000000  0.000000  0.000000  0.000000  1.000000  0.000000  0.000000  0.000000  1.000000  0.999975  0.003981  0.005786  -0.003993  0.999990  0.002118  -0.005777  -0.002141  0.999981  0.000080  0.000000  
44.386127 0.000102  0.089477  -0.006215  0.997569  0.068813  -0.011038  -0.068289  0.996767  0.042324  0.013915  -0.041468  0.999043  -0.002273  -0.005635  -0.003139  0.109860  0.002162  0.283911  2.000000  0.999975  0.003981  0.005786  -0.003993  0.999990  0.002118  -0.005777  -0.002141  0.999981  0.999992  0.004108  0.000305  -0.004109  0.999988  0.002605  -0.000294  -0.002606  0.999997  1.000000  0.000000  0.000000  0.000000  1.000000  0.000000  0.000000  0.000000  1.000000  0.999975  0.003981  0.005786  -0.003993  0.999990  0.002118  -0.005777  -0.002141  0.999981  0.000078  0.000000  
44.387374 0.000096  0.089470  -0.006219  0.997583  0.068609  -0.011038  -0.068084  0.996776  0.042443  0.013915  -0.041589  0.999038  -0.002604  -0.005690  -0.003164  0.109634  -0.001534  0.263095  2.000000  0.999975  0.003981  0.005786  -0.003993  0.999990  0.002118  -0.005777  -0.002141  0.999981  0.999994  0.003485  0.000413  -0.003486  0.999991  0.002596  -0.000404  -0.002597  0.999997  1.000000  0.000000  0.000000  0.000000  1.000000  0.000000  0.000000  0.000000  1.000000  0.999975  0.003981  0.005786  -0.003993  0.999990  0.002118  -0.005777  -0.002141  0.999981  0.000072  0.000000  
44.388619 0.000090  0.089463  -0.006224  0.997583  0.068610  -0.011030  -0.068084  0.996771  0.042564  0.013915  -0.041710  0.999033  -0.002876  -0.005663  -0.003172  0.108455  -0.005184  0.240158  2.000000  0.999975  0.003981  0.005786  -0.003993  0.999990  0.002118  -0.005777  -0.002141  0.999981  0.999996  0.002863  0.000521  -0.002864  0.999993  0.002587  -0.000514  -0.002589  0.999997  1.000000  0.000000  0.000000  0.000000  1.000000  0.000000  0.000000  0.000000  1.000000  0.999975  0.003981  0.005786  -0.003993  0.999990  0.002118  -0.005777  -0.002141  0.999981  0.000066  0.000000  
44.389873 0.000083  0.089455  -0.006228  0.997583  0.068612  -0.011022  -0.068084  0.996766  0.042685  0.013915  -0.041831  0.999028  -0.003191  -0.005562  -0.002985  0.109082  -0.004421  0.221438  2.000000  0.999975  0.003981  0.005786  -0.003993  0.999990  0.002118  -0.005777  -0.002141  0.999981  0.999997  0.002446  0.000638  -0.002447  0.999994  0.002460  -0.000632  -0.002462  0.999997  1.000000  0.000000  0.000000  0.000000  1.000000  0.000000  0.000000  0.000000  1.000000  0.999975  0.003981  0.005786  -0.003993  0.999990  0.002118  -0.005777  -0.002141  0.999981  0.000063  0.000000  
44.391124 0.000076  0.089449  -0.006232  0.997597  0.068409  -0.011014  -0.067879  0.996770  0.042924  0.013915  -0.042074  0.999018  -0.003499  -0.005443  -0.002805  0.112759  -0.007834  0.193547  2.000000  0.999975  0.003981  0.005786  -0.003993  0.999990  0.002118  -0.005777  -0.002141  0.999981  0.999998  0.001829  0.000612  -0.001830  0.999995  0.002452  -0.000608  -0.002453  0.999997  1.000000  0.000000  0.000000  0.000000  1.000000  0.000000  0.000000  0.000000  1.000000  0.999975  0.003981  0.005786  -0.003993  0.999990  0.002118  -0.005777  -0.002141  0.999981  0.000056  0.000000  
44.392369 0.000069  0.089442  -0.006236  0.997598  0.068405  -0.010872  -0.067879  0.996765  0.043036  0.013781  -0.042195  0.999014  -0.003876  -0.005442  -0.002775  0.116564  -0.011501  0.172670  2.000000  0.999975  0.003981  0.005786  -0.003993  0.999990  0.002118  -0.005777  -0.002141  0.999981  0.999999  0.001206  0.000721  -0.001208  0.999996  0.002443  -0.000718  -0.002444  0.999997  1.000000  0.000000  0.000000  0.000000  1.000000  0.000000  0.000000  0.000000  1.000000  0.999975  0.003981  0.005786  -0.003993  0.999990  0.002118  -0.005777  -0.002141  0.999981  0.000053  0.000000  
44.393371 0.000062  0.089435  -0.006240  0.997598  0.068406  -0.010864  -0.067879  0.996760  0.043157  0.013781  -0.042316  0.999009  -0.004222  -0.005478  -0.002785  0.000000  0.000000  0.000000  2.000000  0.999975  0.003981  0.005786  -0.003993  0.999990  0.002118  -0.005777  -0.002141  0.999981  0.999999  0.001000  0.000712  -0.001002  0.999997  0.002319  -0.000710  -0.002320  0.999997  1.000000  0.000000  0.000000  0.000000  1.000000  0.000000  0.000000  0.000000  1.000000  0.999975  0.003981  0.005786  -0.003993  0.999990  0.002118  -0.005777  -0.002141  0.999981  0.000000  0.000000  
44.394617 0.000054  0.089427  -0.006247  0.997600  0.068402  -0.010722  -0.067879  0.996755  0.043269  0.013647  -0.042437  0.999006  -0.004596  -0.005541  -0.002924  0.000000  0.000000  0.000000  2.000000  0.999975  0.003981  0.005786  -0.003993  0.999990  0.002118  -0.005777  -0.002141  0.999981  0.999999  0.000583  0.000828  -0.000585  0.999997  0.002192  -0.000827  -0.002192  0.999997  1.000000  0.000000  0.000000  0.000000  1.000000  0.000000  0.000000  0.000000  1.000000  0.999975  0.003981  0.005786  -0.003993  0.999990  0.002118  -0.005777  -0.002141  0.999981  0.000000  0.000000  
44.395621 0.000046  0.089421  -0.006253  0.997602  0.068398  -0.010581  -0.067879  0.996750  0.043381  0.013513  -0.042559  0.999003  -0.005008  -0.005618  -0.003153  0.000000  0.000000  0.000000  2.000000  0.999975  0.003981  0.005786  -0.003993  0.999990  0.002118  -0.005777  -0.002141  0.999981  1.000000  0.000377  0.000820  -0.000379  0.999998  0.002189  -0.000819  -0.002189  0.999997  1.000000  0.000000  0.000000  0.000000  1.000000  0.000000  0.000000  0.000000  1.000000  0.999975  0.003981  0.005786  -0.003993  0.999990  0.002118  -0.005777  -0.002141  0.999981  0.000000  0.000000  
44.396976 0.000037  0.089413  -0.006260  0.997602  0.068399  -0.010572  -0.067879  0.996745  0.043502  0.013513  -0.042680  0.998997  -0.005338  -0.005724  -0.003424  0.000000  0.000000  0.000000  2.000000  0.999975  0.003981  0.005786  -0.003993  0.999990  0.002118  -0.005777  -0.002141  0.999981  1.000000  0.000166  0.000945  -0.000168  0.999998  0.002065  -0.000944  -0.002065  0.999997  1.000000  0.000000  0.000000  0.000000  1.000000  0.000000  0.000000  0.000000  1.000000  0.999975  0.003981  0.005786  -0.003993  0.999990  0.002118  -0.005777  -0.002141  0.999981  0.000000  0.000000  
44.398118 0.000029  0.089406  -0.006268  0.997602  0.068401  -0.010556  -0.067879  0.996734  0.043743  0.013513  -0.042922  0.998987  -0.005650  -0.005825  -0.003816  0.000000  0.000000  0.000000  2.000000  0.999975  0.003981  0.005786  -0.003993  0.999990  0.002118  -0.005777  -0.002141  0.999981  1.000000  -0.000040  0.000936  0.000038  0.999998  0.002062  -0.000936  -0.002062  0.999997  1.000000  0.000000  0.000000  0.000000  1.000000  0.000000  0.000000  0.000000  1.000000  0.999975  0.003981  0.005786  -0.003993  0.999990  0.002118  -0.005777  -0.002141  0.999981  0.000000  0.000000  
44.399119 0.000022  0.089400  -0.006273  0.997616  0.068196  -0.010565  -0.067674  0.996748  0.043741  0.013513  -0.042922  0.998987  -0.005931  -0.005874  -0.004121  0.000000  0.000000  0.000000  2.000000  0.999975  0.003981  0.005786  -0.003993  0.999990  0.002118  -0.005777  -0.002141  0.999981  1.000000  -0.000246  0.000927  0.000244  0.999998  0.002059  -0.000927  -0.002059  0.999997  1.000000  0.000000  0.000000  0.000000  1.000000  0.000000  0.000000  0.000000  1.000000  0.999975  0.003981  0.005786  -0.003993  0.999990  0.002118  -0.005777  -0.002141  0.999981  0.000000  0.000000  
44.400123 0.000015  0.089394  -0.006279  0.997616  0.068197  -0.010556  -0.067674  0.996743  0.043862  0.013513  -0.043043  0.998982  -0.006156  -0.005929  -0.004418  0.000000  0.000000  0.000000  2.000000  0.999975  0.003981  0.005786  -0.003993  0.999990  0.002118  -0.005777  -0.002141  0.999981  1.000000  -0.000446  0.000784  0.000444  0.999998  0.002056  -0.000785  -0.002056  0.999998  1.000000  0.000000  0.000000  0.000000  1.000000  0.000000  0.000000  0.000000  1.000000  0.999975  0.003981  0.005786  -0.003993  0.999990  0.002118  -0.005777  -0.002141  0.999981  0.000000  0.000000  
44.401369 0.000006  0.089387  -0.006285  0.997616  0.068199  -0.010548  -0.067674  0.996738  0.043983  0.013513  -0.043164  0.998977  -0.006350  -0.005916  -0.004600  0.000000  0.000000  0.000000  2.000000  0.999975  0.003981  0.005786  -0.003993  0.999990  0.002118  -0.005777  -0.002141  0.999981  0.999999  -0.000652  0.000775  0.000650  0.999998  0.002054  -0.000777  -0.002053  0.999998  1.000000  0.000000  0.000000  0.000000  1.000000  0.000000  0.000000  0.000000  1.000000  0.999975  0.003981  0.005786  -0.003993  0.999990  0.002118  -0.005777  -0.002141  0.999981  0.000000  0.000000  
44.402372 -0.000001  0.089381  -0.006290  0.997616  0.068200  -0.010540  -0.067674  0.996732  0.044104  0.013513  -0.043286  0.998971  -0.006504  -0.005900  -0.004721  0.000000  0.000000  0.000000  2.000000  0.999975  0.003981  0.005786  -0.003993  0.999990  0.002118  -0.005777  -0.002141  0.999981  1.000000  -0.000646  0.000642  0.000645  0.999998  0.002054  -0.000643  -0.002053  0.999998  1.000000  0.000000  0.000000  0.000000  1.000000  0.000000  0.000000  0.000000  1.000000  0.999975  0.003981  0.005786  -0.003993  0.999990  0.002118  -0.005777  -0.002141  0.999981  0.000000  0.000000  
44.403641 -0.000010  0.089374  -0.006296  0.997616  0.068203  -0.010523  -0.067674  0.996721  0.044346  0.013513  -0.043528  0.998961  -0.006684  -0.005899  -0.004829  0.000000  0.000000  0.000000  2.000000  0.999975  0.003981  0.005786  -0.003993  0.999990  0.002118  -0.005777  -0.002141  0.999981  1.000000  -0.000646  0.000642  0.000645  0.999997  0.002175  -0.000643  -0.002175  0.999997  1.000000  0.000000  0.000000  0.000000  1.000000  0.000000  0.000000  0.000000  1.000000  0.999975  0.003981  0.005786  -0.003993  0.999990  0.002118  -0.005777  -0.002141  0.999981  0.000000  0.000000  
44.404873 -0.000019  0.089367  -0.006300  0.997616  0.068204  -0.010515  -0.067674  0.996716  0.044467  0.013513  -0.043649  0.998956  -0.006788  -0.005884  -0.004869  0.000000  0.000000  0.000000  2.000000  0.999975  0.003981  0.005786  -0.003993  0.999990  0.002118  -0.005777  -0.002141  0.999981  1.000000  -0.000640  0.000508  0.000639  0.999997  0.002175  -0.000509  -0.002175  0.999998  1.000000  0.000000  0.000000  0.000000  1.000000  0.000000  0.000000  0.000000  1.000000  0.999975  0.003981  0.005786  -0.003993  0.999990  0.002118  -0.005777  -0.002141  0.999981  0.000000  0.000000  
44.406123 -0.000027  0.089361  -0.006304  0.997616  0.068205  -0.010507  -0.067674  0.996711  0.044588  0.013513  -0.043770  0.998950  -0.006872  -0.005834  -0.004845  0.000000  0.000000  0.000000  2.000000  0.999975  0.003981  0.005786  -0.003993  0.999990  0.002118  -0.005777  -0.002141  0.999981  1.000000  -0.000640  0.000508  0.000639  0.999997  0.002175  -0.000509  -0.002175  0.999998  1.000000  0.000000  0.000000  0.000000  1.000000  0.000000  0.000000  0.000000  1.000000  0.999975  0.003981  0.005786  -0.003993  0.999990  0.002118  -0.005777  -0.002141  0.999981  0.000000  0.000000  
44.407374 -0.000035  0.089355  -0.006308  0.997616  0.068205  -0.010507  -0.067674  0.996711  0.044588  0.013513  -0.043770  0.998950  -0.006920  -0.005804  -0.004853  0.000000  0.000000  0.000000  2.000000  0.999975  0.003981  0.005786  -0.003993  0.999990  0.002118  -0.005777  -0.002141  0.999981  1.000000  -0.000635  0.000374  0.000634  0.999997  0.002296  -0.000375  -0.002296  0.999997  1.000000  0.000000  0.000000  0.000000  1.000000  0.000000  0.000000  0.000000  1.000000  0.999975  0.003981  0.005786  -0.003993  0.999990  0.002118  -0.005777  -0.002141  0.999981  0.000000  0.000000  
44.408619 -0.000042  0.089348  -0.006314  0.997616  0.068206  -0.010498  -0.067674  0.996705  0.044708  0.013513  -0.043891  0.998945  -0.006825  -0.005711  -0.004841  0.000000  0.000000  0.000000  2.000000  0.999975  0.003981  0.005786  -0.003993  0.999990  0.002118  -0.005777  -0.002141  0.999981  1.000000  -0.000429  0.000383  0.000428  0.999998  0.002178  -0.000384  -0.002178  0.999998  1.000000  0.000000  0.000000  0.000000  1.000000  0.000000  0.000000  0.000000  1.000000  0.999975  0.003981  0.005786  -0.003993  0.999990  0.002118  -0.005777  -0.002141  0.999981  0.000000  0.000000  
44.409622 -0.000047  0.089343  -0.006319  0.997616  0.068208  -0.010490  -0.067674  0.996700  0.044829  0.013513  -0.044013  0.998940  -0.006738  -0.005610  -0.004792  0.000000  0.000000  0.000000  2.000000  0.999975  0.003981  0.005786  -0.003993  0.999990  0.002118  -0.005777  -0.002141  0.999981  1.000000  -0.000429  0.000383  0.000428  0.999997  0.002299  -0.000384  -0.002299  0.999997  1.000000  0.000000  0.000000  0.000000  1.000000  0.000000  0.000000  0.000000  1.000000  0.999975  0.003981  0.005786  -0.003993  0.999990  0.002118  -0.005777  -0.002141  0.999981  0.000000  0.000000  
44.410869 -0.000054  0.089337  -0.006326  0.997616  0.068209  -0.010482  -0.067674  0.996694  0.044950  0.013513  -0.044134  0.998934  -0.006577  -0.005520  -0.004817  0.000000  0.000000  0.000000  2.000000  0.999975  0.003981  0.005786  -0.003993  0.999990  0.002118  -0.005777  -0.002141  0.999981  1.000000  -0.000429  0.000383  0.000428  0.999998  0.002178  -0.000384  -0.002178  0.999998  1.000000  0.000000  0.000000  0.000000  1.000000  0.000000  0.000000  0.000000  1.000000  0.999975  0.003981  0.005786  -0.003993  0.999990  0.002118  -0.005777  -0.002141  0.999981  0.000000  0.000000  
44.412119 -0.000060  0.089330  -0.006333  0.997616  0.068210  -0.010474  -0.067674  0.996689  0.045071  0.013513  -0.044255  0.998929  -0.006367  -0.005418  -0.004717  0.000000  0.000000  0.000000  2.000000  0.999975  0.003981  0.005786  -0.003993  0.999990  0.002118  -0.005777  -0.002141  0.999981  1.000000  -0.000217  0.000258  0.000217  0.999998  0.002181  -0.000259  -0.002181  0.999998  1.000000  0.000000  0.000000  0.000000  1.000000  0.000000  0.000000  0.000000  1.000000  0.999975  0.003981  0.005786  -0.003993  0.999990  0.002118  -0.005777  -0.002141  0.999981  0.000000  0.000000  
44.413369 -0.000065  0.089325  -0.006340  0.997630  0.068006  -0.010475  -0.067468  0.996698  0.045190  0.013513  -0.044376  0.998923  -0.006138  -0.005325  -0.004762  0.000000  0.000000  0.000000  2.000000  0.999975  0.003981  0.005786  -0.003993  0.999990  0.002118  -0.005777  -0.002141  0.999981  1.000000  -0.000423  0.000249  0.000423  0.999998  0.002178  -0.000250  -0.002178  0.999998  1.000000  0.000000  0.000000  0.000000  1.000000  0.000000  0.000000  0.000000  1.000000  0.999975  0.003981  0.005786  -0.003993  0.999990  0.002118  -0.005777  -0.002141  0.999981  0.000000  0.000000  
44.414373 -0.000068  0.089320  -0.006345  0.997630  0.068008  -0.010466  -0.067468  0.996692  0.045311  0.013513  -0.044497  0.998918  -0.005894  -0.005250  -0.004716  0.000000  0.000000  0.000000  2.000000  0.999975  0.003981  0.005786  -0.003993  0.999990  0.002118  -0.005777  -0.002141  0.999981  1.000000  -0.000423  0.000249  0.000423  0.999998  0.002178  -0.000250  -0.002178  0.999998  1.000000  0.000000  0.000000  0.000000  1.000000  0.000000  0.000000  0.000000  1.000000  0.999975  0.003981  0.005786  -0.003993  0.999990  0.002118  -0.005777  -0.002141  0.999981  0.000000  0.000000  
44.415616 -0.000072  0.089313  -0.006352  0.997630  0.068009  -0.010458  -0.067468  0.996687  0.045432  0.013513  -0.044618  0.998913  -0.005569  -0.005207  -0.004731  0.000000  0.000000  0.000000  2.000000  0.999975  0.003981  0.005786  -0.003993  0.999990  0.002118  -0.005777  -0.002141  0.999981  1.000000  -0.000417  0.000115  0.000417  0.999998  0.002178  -0.000116  -0.002178  0.999998  1.000000  0.000000  0.000000  0.000000  1.000000  0.000000  0.000000  0.000000  1.000000  0.999975  0.003981  0.005786  -0.003993  0.999990  0.002118  -0.005777  -0.002141  0.999981  0.000000  0.000000  
44.416629 -0.000075  0.089309  -0.006358  0.997616  0.068215  -0.010441  -0.067674  0.996667  0.045555  0.013513  -0.044740  0.998907  -0.005226  -0.005122  -0.004725  0.000000  0.000000  0.000000  2.000000  0.999975  0.003981  0.005786  -0.003993  0.999990  0.002118  -0.005777  -0.002141  0.999981  1.000000  -0.000206  -0.000009  0.000206  0.999998  0.002059  0.000009  -0.002059  0.999998  1.000000  0.000000  0.000000  0.000000  1.000000  0.000000  0.000000  0.000000  1.000000  0.999975  0.003981  0.005786  -0.003993  0.999990  0.002118  -0.005777  -0.002141  0.999981  0.000000  0.000000  
44.417872 -0.000078  0.089302  -0.006364  0.997618  0.068211  -0.010299  -0.067674  0.996662  0.045667  0.013379  -0.044861  0.998904  -0.004838  -0.005089  -0.004784  0.000000  0.000000  0.000000  2.000000  0.999975  0.003981  0.005786  -0.003993  0.999990  0.002118  -0.005777  -0.002141  0.999981  1.000000  -0.000212  0.000124  0.000211  0.999998  0.002059  -0.000125  -0.002059  0.999998  1.000000  0.000000  0.000000  0.000000  1.000000  0.000000  0.000000  0.000000  1.000000  0.999975  0.003981  0.005786  -0.003993  0.999990  0.002118  -0.005777  -0.002141  0.999981  0.000000  0.000000  
44.418873 -0.000080  0.089297  -0.006370  0.997618  0.068212  -0.010291  -0.067674  0.996656  0.045787  0.013379  -0.044982  0.998898  -0.004540  -0.005060  -0.004870  0.000000  0.000000  0.000000  2.000000  0.999975  0.003981  0.005786  -0.003993  0.999990  0.002118  -0.005777  -0.002141  0.999981  1.000000  -0.000212  0.000124  0.000211  0.999998  0.002059  -0.000125  -0.002059  0.999998  1.000000  0.000000  0.000000  0.000000  1.000000  0.000000  0.000000  0.000000  1.000000  0.999975  0.003981  0.005786  -0.003993  0.999990  0.002118  -0.005777  -0.002141  0.999981  0.000000  0.000000  
44.419876 -0.000082  0.089291  -0.006375  0.997618  0.068213  -0.010282  -0.067674  0.996651  0.045908  0.013379  -0.045103  0.998893  -0.004220  -0.005094  -0.005008  0.000000  0.000000  0.000000  2.000000  0.999975  0.003981  0.005786  -0.003993  0.999990  0.002118  -0.005777  -0.002141  0.999981  1.000000  -0.000006  0.000134  0.000006  0.999998  0.002062  -0.000134  -0.002062  0.999998  1.000000  0.000000  0.000000  0.000000  1.000000  0.000000  0.000000  0.000000  1.000000  0.999975  0.003981  0.005786  -0.003993  0.999990  0.002118  -0.005777  -0.002141  0.999981  0.000000  0.000000  
44.421119 -0.000085  0.089284  -0.006381  0.997618  0.068216  -0.010266  -0.067674  0.996640  0.046150  0.013379  -0.045345  0.998882  -0.003899  -0.005126  -0.005099  0.000000  0.000000  0.000000  2.000000  0.999975  0.003981  0.005786  -0.003993  0.999990  0.002118  -0.005777  -0.002141  0.999981  1.000000  -0.000006  0.000134  0.000006  0.999998  0.002062  -0.000134  -0.002062  0.999998  1.000000  0.000000  0.000000  0.000000  1.000000  0.000000  0.000000  0.000000  1.000000  0.999975  0.003981  0.005786  -0.003993  0.999990  0.002118  -0.005777  -0.002141  0.999981  0.000000  0.000000  
44.422119 -0.000087  0.089279  -0.006385  0.997616  0.068223  -0.010391  -0.067674  0.996634  0.046280  0.013513  -0.045467  0.998874  -0.003549  -0.005129  -0.005232  0.000000  0.000000  0.000000  2.000000  0.999975  0.003981  0.005786  -0.003993  0.999990  0.002118  -0.005777  -0.002141  0.999981  1.000000  -0.000000  0.000000  -0.000000  0.999998  0.002062  0.000000  -0.002062  0.999998  1.000000  0.000000  0.000000  0.000000  1.000000  0.000000  0.000000  0.000000  1.000000  0.999975  0.003981  0.005786  -0.003993  0.999990  0.002118  -0.005777  -0.002141  0.999981  0.000000  0.000000  
44.423373 -0.000089  0.089272  -0.006391  0.997602  0.068429  -0.010373  -0.067879  0.996614  0.046403  0.013513  -0.045588  0.998869  -0.003205  -0.005131  -0.005227  0.000000  0.000000  0.000000  2.000000  0.999975  0.003981  0.005786  -0.003993  0.999990  0.002118  -0.005777  -0.002141  0.999981  1.000000  0.000206  0.000009  -0.000206  0.999998  0.002186  -0.000009  -0.002186  0.999998  1.000000  0.000000  0.000000  0.000000  1.000000  0.000000  0.000000  0.000000  1.000000  0.999975  0.003981  0.005786  -0.003993  0.999990  0.002118  -0.005777  -0.002141  0.999981  0.000000  0.000000  
44.424624 -0.000091  0.089267  -0.006397  0.997602  0.068431  -0.010365  -0.067879  0.996608  0.046524  0.013513  -0.045709  0.998863  -0.002852  -0.005084  -0.005183  0.000000  0.000000  0.000000  2.000000  0.999975  0.003981  0.005786  -0.003993  0.999990  0.002118  -0.005777  -0.002141  0.999981  1.000000  0.000206  0.000009  -0.000206  0.999998  0.002186  -0.000009  -0.002186  0.999998  1.000000  0.000000  0.000000  0.000000  1.000000  0.000000  0.000000  0.000000  1.000000  0.999975  0.003981  0.005786  -0.003993  0.999990  0.002118  -0.005777  -0.002141  0.999981  0.000000  0.000000  
