1-Time 2-Px 3-Py 4-Pz 5-R11 6-R21 7-R31 8-R12 9-R22 10-R32 11-R13 12-R23 13-R33 14-Vx 15-Vy 16-Vz 17-Wx 18-Wy 19-Wz 20-state 21-PR11 22-PR21 23-PR31 24-PR12 25-PR22 26-PR32 27-PR13 28-PR23 29-PR33 
126.831006 0.003462  0.094012  -0.004932  0.996146  0.085639  0.018939  -0.086348  0.995443  0.040472  -0.015386  -0.041951  0.999001  0.000003  -0.000056  -0.000077  0.000000  0.000000  0.000000  2.000000  1.000000  0.000000  0.000000  -0.000000  1.000000  0.000000  0.000000  -0.000000  1.000000  1.000000  0.000400  0.000285  -0.000400  1.000000  0.000115  -0.000285  -0.000115  1.000000  1.000000  0.000000  0.000000  0.000000  1.000000  0.000000  0.000000  0.000000  1.000000  0.705840  0.346788  0.617679  -0.350980  0.928624  -0.120289  -0.615307  -0.131888  0.777176  0.000000  0.000000  
126.832012 0.003461  0.094011  -0.004933  0.996128  0.085844  0.018947  -0.086553  0.995425  0.040468  -0.015386  -0.041951  0.999001  -0.000019  -0.000106  -0.000087  0.000000  0.000000  0.000000  2.000000  1.000000  0.000000  0.000000  0.000000  1.000000  0.000000  0.000000  0.000000  1.000000  1.000000  0.000400  0.000285  -0.000400  1.000000  0.000115  -0.000285  -0.000115  1.000000  1.000000  0.000000  0.000000  0.000000  1.000000  0.000000  0.000000  0.000000  1.000000  1.000000  0.000000  0.000000  0.000000  1.000000  0.000000  0.000000  0.000000  1.000000  0.000000  0.000000  
126.833013 0.003461  0.094010  -0.004934  0.996093  0.086254  0.018964  -0.086963  0.995390  0.040460  -0.015386  -0.041951  0.999001  -0.000059  -0.000187  -0.000150  0.000000  0.000000  0.000000  2.000000  1.000000  0.000000  0.000000  0.000000  1.000000  0.000000  0.000000  0.000000  1.000000  1.000000  0.000811  0.000302  -0.000811  1.000000  0.000109  -0.000302  -0.000109  1.000000  1.000000  0.000000  0.000000  0.000000  1.000000  0.000000  0.000000  0.000000  1.000000  1.000000  0.000000  0.000000  0.000000  1.000000  0.000000  0.000000  0.000000  1.000000  0.000000  0.000000  
126.834014 0.003461  0.094009  -0.004936  0.996037  0.086861  0.019132  -0.087578  0.995332  0.040558  -0.015520  -0.042073  0.998994  -0.000052  -0.000299  -0.000304  0.000000  0.000000  0.000000  2.000000  1.000000  0.000000  0.000000  0.000000  1.000000  0.000000  0.000000  0.000000  1.000000  0.999999  0.001423  0.000462  -0.001423  0.999999  0.000220  -0.000461  -0.000221  1.000000  1.000000  0.000000  0.000000  0.000000  1.000000  0.000000  0.000000  0.000000  1.000000  1.000000  0.000000  0.000000  0.000000  1.000000  0.000000  0.000000  0.000000  1.000000  0.000000  0.000000  
126.835015 0.003461  0.094006  -0.004939  0.995980  0.087467  0.019301  -0.088193  0.995273  0.040655  -0.015654  -0.042194  0.998987  -0.000074  -0.000432  -0.000470  0.000000  0.000000  0.000000  2.000000  1.000000  0.000000  0.000000  0.000000  1.000000  0.000000  0.000000  0.000000  1.000000  0.999998  0.001828  0.000613  -0.001829  0.999998  0.000335  -0.000612  -0.000336  1.000000  1.000000  0.000000  0.000000  0.000000  1.000000  0.000000  0.000000  0.000000  1.000000  1.000000  0.000000  0.000000  0.000000  1.000000  0.000000  0.000000  0.000000  1.000000  0.000000  0.000000  
126.836270 0.003462  0.094004  -0.004942  0.995924  0.088074  0.019470  -0.088808  0.995215  0.040752  -0.015788  -0.042315  0.998980  -0.000019  -0.000624  -0.000668  0.000000  0.000000  0.000000  2.000000  1.000000  0.000000  0.000000  0.000000  1.000000  0.000000  0.000000  0.000000  1.000000  0.999997  0.002440  0.000773  -0.002440  0.999997  0.000446  -0.000772  -0.000448  1.000000  1.000000  0.000000  0.000000  0.000000  1.000000  0.000000  0.000000  0.000000  1.000000  1.000000  0.000000  0.000000  0.000000  1.000000  0.000000  0.000000  0.000000  1.000000  0.000000  0.000000  
126.837285 0.003462  0.094001  -0.004944  0.995885  0.088476  0.019631  -0.089218  0.995174  0.040853  -0.015921  -0.042436  0.998972  0.000004  -0.000781  -0.000801  0.000000  0.000000  0.000000  2.000000  1.000000  0.000000  0.000000  0.000000  1.000000  0.000000  0.000000  0.000000  1.000000  0.999996  0.002845  0.000924  -0.002846  0.999996  0.000439  -0.000923  -0.000442  0.999999  1.000000  0.000000  0.000000  0.000000  1.000000  0.000000  0.000000  0.000000  1.000000  1.000000  0.000000  0.000000  0.000000  1.000000  0.000000  0.000000  0.000000  1.000000  0.000000  0.000000  
126.838513 0.003463  0.094000  -0.004946  0.995832  0.089091  0.019544  -0.089833  0.995109  0.041094  -0.015788  -0.042678  0.998964  0.000062  -0.000893  -0.000959  0.000000  0.000000  0.000000  2.000000  1.000000  0.000000  0.000000  0.000000  1.000000  0.000000  0.000000  0.000000  1.000000  0.999994  0.003473  0.000684  -0.003474  0.999994  0.000551  -0.000682  -0.000553  1.000000  1.000000  0.000000  0.000000  0.000000  1.000000  0.000000  0.000000  0.000000  1.000000  1.000000  0.000000  0.000000  0.000000  1.000000  0.000000  0.000000  0.000000  1.000000  0.000000  0.000000  
126.839514 0.003464  0.093999  -0.004947  0.995778  0.089709  0.019447  -0.090448  0.995048  0.041215  -0.015654  -0.042800  0.998961  0.000116  -0.000947  -0.001039  0.000000  0.000000  0.000000  2.000000  1.000000  0.000000  0.000000  0.000000  1.000000  0.000000  0.000000  0.000000  1.000000  0.999991  0.004096  0.000577  -0.004096  0.999991  0.000784  -0.000574  -0.000787  1.000000  1.000000  0.000000  0.000000  0.000000  1.000000  0.000000  0.000000  0.000000  1.000000  1.000000  0.000000  0.000000  0.000000  1.000000  0.000000  0.000000  0.000000  1.000000  0.000000  0.000000  
126.840517 0.003464  0.093997  -0.004948  0.995703  0.090526  0.019492  -0.091268  0.994969  0.041319  -0.015654  -0.042921  0.998956  0.000170  -0.001001  -0.001119  0.033912  -0.025587  0.178897  2.000000  1.000000  0.000000  0.000000  0.000000  1.000000  0.000000  0.000000  0.000000  1.000000  0.999988  0.004919  0.000613  -0.004919  0.999988  0.000893  -0.000609  -0.000896  0.999999  1.000000  0.000000  0.000000  0.000000  1.000000  0.000000  0.000000  0.000000  1.000000  1.000000  0.000000  0.000000  0.000000  1.000000  0.000000  0.000000  0.000000  1.000000  0.000044  0.000000  
126.841766 0.003465  0.093996  -0.004951  0.995609  0.091548  0.019546  -0.092293  0.994870  0.041420  -0.015654  -0.043042  0.998951  0.000228  -0.001112  -0.001276  0.037464  -0.027072  0.213498  2.000000  1.000000  0.000138  0.000320  -0.000139  1.000000  0.000060  -0.000320  -0.000060  1.000000  0.999982  0.005947  0.000658  -0.005947  0.999982  0.000997  -0.000652  -0.001001  0.999999  1.000000  0.000030  0.000068  -0.000030  1.000000  0.000012  -0.000068  -0.000012  1.000000  1.000000  0.000138  0.000320  -0.000139  1.000000  0.000060  -0.000320  -0.000060  1.000000  0.000053  0.006066  
126.842767 0.003466  0.093994  -0.004953  0.995530  0.092359  0.019724  -0.093113  0.994790  0.041512  -0.015788  -0.043163  0.998943  0.000260  -0.001216  -0.001366  0.041089  -0.032745  0.240894  2.000000  1.000000  0.000266  0.000619  -0.000266  1.000000  0.000114  -0.000619  -0.000114  1.000000  0.999977  0.006763  0.000828  -0.006764  0.999977  0.001105  -0.000820  -0.001110  0.999999  1.000000  0.000033  0.000078  -0.000033  1.000000  0.000014  -0.000078  -0.000014  1.000000  1.000000  0.000266  0.000619  -0.000266  1.000000  0.000114  -0.000619  -0.000114  1.000000  0.000060  0.006903  
126.844019 0.003468  0.093994  -0.004954  0.995430  0.093369  0.020045  -0.094137  0.994690  0.041587  -0.016055  -0.043284  0.998934  0.000396  -0.001241  -0.001430  0.044629  -0.043250  0.275284  2.000000  0.999999  0.000445  0.001048  -0.000445  1.000000  0.000188  -0.001048  -0.000189  0.999999  0.999969  0.007786  0.001006  -0.007787  0.999969  0.001208  -0.000997  -0.001216  0.999999  1.000000  0.000038  0.000091  -0.000038  1.000000  0.000015  -0.000091  -0.000015  1.000000  0.999999  0.000445  0.001048  -0.000445  1.000000  0.000188  -0.001048  -0.000189  0.999999  0.000069  0.007944  
126.845260 0.003470  0.093994  -0.004954  0.995311  0.094589  0.020240  -0.095366  0.994570  0.041670  -0.016189  -0.043405  0.998926  0.000557  -0.001259  -0.001431  0.048118  -0.049207  0.309480  2.000000  0.999999  0.000644  0.001542  -0.000644  1.000000  0.000269  -0.001542  -0.000270  0.999999  0.999960  0.008802  0.001319  -0.008804  0.999960  0.001311  -0.001308  -0.001322  0.999998  1.000000  0.000041  0.000104  -0.000041  1.000000  0.000016  -0.000104  -0.000016  1.000000  0.999999  0.000644  0.001542  -0.000644  1.000000  0.000269  -0.001542  -0.000270  0.999999  0.000078  0.008998  
126.846515 0.003472  0.093993  -0.004954  0.995212  0.095611  0.020295  -0.096391  0.994467  0.041770  -0.016189  -0.043526  0.998921  0.000718  -0.001276  -0.001432  0.051645  -0.050694  0.343980  2.000000  0.999998  0.000823  0.001985  -0.000823  1.000000  0.000339  -0.001985  -0.000340  0.999998  0.999951  0.009830  0.001365  -0.009832  0.999951  0.001415  -0.001351  -0.001428  0.999998  1.000000  0.000047  0.000115  -0.000047  1.000000  0.000018  -0.000115  -0.000018  1.000000  0.999998  0.000823  0.001985  -0.000823  1.000000  0.000339  -0.001985  -0.000340  0.999998  0.000086  0.010026  
126.847764 0.003473  0.093991  -0.004955  0.995112  0.096632  0.020350  -0.097415  0.994363  0.041870  -0.016189  -0.043647  0.998916  0.000828  -0.001295  -0.001429  0.051106  -0.052219  0.378544  2.000000  0.999996  0.001074  0.002594  -0.001075  0.999999  0.000431  -0.002594  -0.000434  0.999997  0.999940  0.010858  0.001411  -0.010861  0.999940  0.001519  -0.001394  -0.001534  0.999998  1.000000  0.000053  0.000126  -0.000053  1.000000  0.000019  -0.000126  -0.000019  1.000000  0.999996  0.001074  0.002594  -0.001075  0.999999  0.000431  -0.002594  -0.000434  0.999997  0.000095  0.011056  
126.849012 0.003475  0.093989  -0.004956  0.995011  0.097650  0.020416  -0.098440  0.994253  0.042090  -0.016189  -0.043890  0.998905  0.000904  -0.001309  -0.001327  0.058690  -0.049259  0.413296  2.000000  0.999994  0.001355  0.003260  -0.001357  0.999999  0.000533  -0.003260  -0.000537  0.999995  0.999928  0.011886  0.001459  -0.011889  0.999928  0.001744  -0.001438  -0.001762  0.999997  1.000000  0.000059  0.000138  -0.000059  1.000000  0.000022  -0.000138  -0.000022  1.000000  0.999994  0.001355  0.003260  -0.001357  0.999999  0.000533  -0.003260  -0.000537  0.999995  0.000103  0.012103  
126.850015 0.003476  0.093987  -0.004957  0.994950  0.098262  0.020454  -0.099054  0.994187  0.042198  -0.016189  -0.044011  0.998900  0.001021  -0.001313  -0.001226  0.061939  -0.049774  0.430547  2.000000  0.999991  0.001601  0.003834  -0.001603  0.999999  0.000620  -0.003833  -0.000627  0.999992  0.999918  0.012709  0.001496  -0.012711  0.999917  0.001852  -0.001472  -0.001871  0.999997  1.000000  0.000063  0.000147  -0.000063  1.000000  0.000023  -0.000147  -0.000023  1.000000  0.999991  0.001601  0.003834  -0.001603  0.999999  0.000620  -0.003833  -0.000627  0.999992  0.000110  0.012931  
126.851056 0.003477  0.093984  -0.004958  0.994866  0.099070  0.020646  -0.099873  0.994096  0.042409  -0.016323  -0.044253  0.998887  0.001046  -0.001344  -0.001107  0.070037  -0.055843  0.460886  2.000000  0.999988  0.001866  0.004433  -0.001869  0.999998  0.000715  -0.004432  -0.000724  0.999990  0.999910  0.013331  0.001391  -0.013334  0.999909  0.001963  -0.001365  -0.001981  0.999997  1.000000  0.000068  0.000153  -0.000068  1.000000  0.000025  -0.000153  -0.000025  1.000000  0.999988  0.001866  0.004433  -0.001869  0.999998  0.000715  -0.004432  -0.000724  0.999990  0.000116  0.013548  
126.852263 0.003479  0.093980  -0.004959  0.994763  0.100088  0.020714  -0.100897  0.993983  0.042629  -0.016323  -0.044495  0.998876  0.001122  -0.001436  -0.001048  0.077743  -0.057473  0.496091  2.000000  0.999985  0.002148  0.005078  -0.002152  0.999997  0.000821  -0.005076  -0.000832  0.999987  0.999896  0.014353  0.001573  -0.014357  0.999895  0.002186  -0.001542  -0.002209  0.999996  1.000000  0.000073  0.000165  -0.000073  1.000000  0.000027  -0.000165  -0.000027  1.000000  0.999985  0.002148  0.005078  -0.002152  0.999997  0.000821  -0.005076  -0.000832  0.999987  0.000125  0.014606  
126.853270 0.003480  0.093976  -0.004962  0.994675  0.100890  0.021039  -0.101716  0.993891  0.042825  -0.016590  -0.044737  0.998861  0.001168  -0.001623  -0.001057  0.085358  -0.067693  0.523152  2.000000  0.999980  0.002442  0.005755  -0.002447  0.999997  0.000938  -0.005753  -0.000952  0.999983  0.999890  0.014758  0.001729  -0.014762  0.999888  0.002420  -0.001693  -0.002445  0.999996  1.000000  0.000074  0.000170  -0.000074  1.000000  0.000030  -0.000170  -0.000030  1.000000  0.999980  0.002442  0.005755  -0.002447  0.999997  0.000938  -0.005753  -0.000952  0.999983  0.000132  0.015057  
126.854513 0.003482  0.093971  -0.004965  0.994568  0.101901  0.021241  -0.102739  0.993777  0.043031  -0.016724  -0.044980  0.998848  0.001243  -0.001891  -0.001179  0.092940  -0.073767  0.557616  2.000000  0.999975  0.002738  0.006459  -0.002745  0.999996  0.001070  -0.006456  -0.001087  0.999979  0.999880  0.015362  0.002029  -0.015368  0.999878  0.002769  -0.001986  -0.002800  0.999994  1.000000  0.000074  0.000179  -0.000074  1.000000  0.000035  -0.000179  -0.000035  1.000000  0.999975  0.002738  0.006459  -0.002745  0.999996  0.001070  -0.006456  -0.001087  0.999979  0.000141  0.015744  
126.855518 0.003483  0.093966  -0.004969  0.994481  0.102709  0.021434  -0.103558  0.993683  0.043241  -0.016858  -0.045222  0.998835  0.001272  -0.002152  -0.001333  0.100702  -0.079215  0.578029  2.000000  0.999970  0.003040  0.007172  -0.003048  0.999995  0.001207  -0.007169  -0.001229  0.999974  0.999880  0.015368  0.001899  -0.015373  0.999878  0.002890  -0.001855  -0.002919  0.999994  1.000000  0.000076  0.000178  -0.000076  1.000000  0.000036  -0.000178  -0.000036  1.000000  0.999970  0.003040  0.007172  -0.003048  0.999995  0.001207  -0.007169  -0.001229  0.999974  0.000146  0.015755  
126.856767 0.003484  0.093958  -0.004974  0.994416  0.103314  0.021499  -0.104172  0.993604  0.043589  -0.016858  -0.045585  0.998818  0.001299  -0.002484  -0.001524  0.112598  -0.080232  0.598767  2.000000  0.999962  0.003424  0.008069  -0.003435  0.999993  0.001385  -0.008064  -0.001413  0.999966  0.999877  0.015579  0.001779  -0.015584  0.999874  0.002884  -0.001733  -0.002912  0.999994  1.000000  0.000078  0.000180  -0.000078  1.000000  0.000036  -0.000180  -0.000036  1.000000  0.999962  0.003424  0.008069  -0.003435  0.999993  0.001385  -0.008064  -0.001413  0.999966  0.000153  0.015946  
126.858016 0.003485  0.093951  -0.004979  0.994328  0.104121  0.021693  -0.104991  0.993508  0.043798  -0.016992  -0.045828  0.998805  0.001316  -0.002847  -0.001753  0.120266  -0.086012  0.626216  2.000000  0.999952  0.003812  0.008975  -0.003826  0.999991  0.001574  -0.008969  -0.001608  0.999958  0.999874  0.015784  0.001794  -0.015789  0.999870  0.003121  -0.001744  -0.003149  0.999994  1.000000  0.000080  0.000182  -0.000080  1.000000  0.000039  -0.000182  -0.000039  1.000000  0.999952  0.003812  0.008975  -0.003826  0.999991  0.001574  -0.008969  -0.001608  0.999958  0.000159  0.016192  
126.859263 0.003487  0.093945  -0.004985  0.994261  0.104721  0.021891  -0.105605  0.993428  0.044132  -0.017125  -0.046191  0.998786  0.001279  -0.003260  -0.002066  0.132129  -0.091542  0.646802  2.000000  0.999942  0.004196  0.009885  -0.004214  0.999990  0.001767  -0.009878  -0.001809  0.999950  0.999877  0.015565  0.002055  -0.015572  0.999874  0.003123  -0.002006  -0.003154  0.999993  1.000000  0.000075  0.000181  -0.000075  1.000000  0.000039  -0.000181  -0.000039  1.000000  0.999942  0.004196  0.009885  -0.004214  0.999990  0.001767  -0.009878  -0.001809  0.999950  0.000165  0.016012  
126.860264 0.003488  0.093939  -0.004989  0.994193  0.105323  0.022077  -0.106219  0.993353  0.044346  -0.017259  -0.046433  0.998772  0.001182  -0.003726  -0.002419  0.139850  -0.092534  0.667498  2.000000  0.999934  0.004496  0.010619  -0.004517  0.999988  0.001930  -0.010611  -0.001978  0.999942  0.999877  0.015559  0.002195  -0.015566  0.999873  0.003365  -0.002142  -0.003399  0.999992  1.000000  0.000074  0.000182  -0.000074  1.000000  0.000042  -0.000182  -0.000042  1.000000  0.999934  0.004496  0.010619  -0.004517  0.999988  0.001930  -0.010611  -0.001978  0.999942  0.000170  0.016073  
126.861516 0.003489  0.093933  -0.004993  0.994125  0.105925  0.022262  -0.106832  0.993278  0.044559  -0.017393  -0.046675  0.998759  0.001128  -0.004048  -0.002608  0.147646  -0.098046  0.688158  2.000000  0.999922  0.004851  0.011527  -0.004876  0.999986  0.002139  -0.011517  -0.002195  0.999931  0.999880  0.015346  0.002322  -0.015354  0.999876  0.003488  -0.002269  -0.003524  0.999991  1.000000  0.000071  0.000181  -0.000071  1.000000  0.000044  -0.000181  -0.000044  1.000000  0.999922  0.004851  0.011527  -0.004876  0.999986  0.002139  -0.011517  -0.002195  0.999931  0.000178  0.015913  
126.862516 0.003489  0.093927  -0.004996  0.994081  0.106331  0.022294  -0.107242  0.993229  0.044670  -0.017393  -0.046796  0.998753  0.001063  -0.004330  -0.002749  0.151722  -0.098087  0.688148  2.000000  0.999914  0.005055  0.012065  -0.005083  0.999985  0.002266  -0.012053  -0.002327  0.999925  0.999882  0.015134  0.002448  -0.015142  0.999879  0.003490  -0.002395  -0.003527  0.999991  1.000000  0.000068  0.000179  -0.000068  1.000000  0.000044  -0.000179  -0.000044  1.000000  0.999914  0.005055  0.012065  -0.005083  0.999985  0.002266  -0.012053  -0.002327  0.999925  0.000178  0.015728  
126.863763 0.003489  0.093920  -0.004999  0.994032  0.106722  0.022604  -0.107651  0.993176  0.044873  -0.017661  -0.047039  0.998737  0.000967  -0.004640  -0.002910  0.155915  -0.102105  0.674216  2.000000  0.999902  0.005381  0.012936  -0.005414  0.999982  0.002483  -0.012923  -0.002553  0.999913  0.999892  0.014517  0.002423  -0.014525  0.999888  0.003620  -0.002370  -0.003655  0.999991  1.000000  0.000065  0.000172  -0.000065  1.000000  0.000045  -0.000172  -0.000045  1.000000  0.999902  0.005381  0.012936  -0.005414  0.999982  0.002483  -0.012923  -0.002553  0.999913  0.000177  0.015161  
126.865012 0.003488  0.093913  -0.005002  0.993985  0.107122  0.022768  -0.108060  0.993127  0.044970  -0.017794  -0.047160  0.998729  0.000802  -0.004889  -0.002975  0.154646  -0.101032  0.661753  2.000000  0.999889  0.005689  0.013776  -0.005727  0.999980  0.002701  -0.013761  -0.002780  0.999901  0.999901  0.013899  0.002396  -0.013908  0.999897  0.003628  -0.002345  -0.003661  0.999991  1.000000  0.000061  0.000165  -0.000061  1.000000  0.000046  -0.000165  -0.000046  1.000000  0.999889  0.005689  0.013776  -0.005727  0.999980  0.002701  -0.013761  -0.002780  0.999901  0.000173  0.014568  
126.866267 0.003487  0.093906  -0.005005  0.993938  0.107522  0.022932  -0.108469  0.993078  0.045066  -0.017928  -0.047281  0.998721  0.000636  -0.005150  -0.003153  0.154681  -0.100810  0.654919  2.000000  0.999876  0.005975  0.014575  -0.006018  0.999978  0.002922  -0.014557  -0.003009  0.999890  0.999912  0.013077  0.002359  -0.013085  0.999908  0.003641  -0.002311  -0.003672  0.999991  1.000000  0.000056  0.000156  -0.000056  1.000000  0.000046  -0.000156  -0.000046  1.000000  0.999876  0.005975  0.014575  -0.006018  0.999978  0.002922  -0.014557  -0.003009  0.999890  0.000172  0.013782  
126.867288 0.003485  0.093900  -0.005008  0.993913  0.107717  0.023088  -0.108673  0.993051  0.045168  -0.018062  -0.047402  0.998713  0.000401  -0.005294  -0.003255  0.153254  -0.106455  0.651307  2.000000  0.999866  0.006181  0.015175  -0.006229  0.999976  0.003100  -0.015156  -0.003194  0.999880  0.999922  0.012248  0.002455  -0.012257  0.999918  0.003655  -0.002410  -0.003685  0.999990  1.000000  0.000050  0.000148  -0.000050  1.000000  0.000046  -0.000148  -0.000046  1.000000  0.999866  0.006181  0.015175  -0.006229  0.999976  0.003100  -0.015156  -0.003194  0.999880  0.000170  0.013020  
126.868515 0.003481  0.093892  -0.005012  0.993889  0.107910  0.023256  -0.108877  0.993018  0.045389  -0.018196  -0.047644  0.998699  0.000001  -0.005549  -0.003369  0.156247  -0.109948  0.639248  2.000000  0.999856  0.006368  0.015753  -0.006420  0.999974  0.003280  -0.015732  -0.003381  0.999871  0.999929  0.011624  0.002561  -0.011634  0.999926  0.003665  -0.002518  -0.003694  0.999990  1.000000  0.000045  0.000142  -0.000045  1.000000  0.000046  -0.000142  -0.000046  1.000000  0.999856  0.006368  0.015753  -0.006420  0.999974  0.003280  -0.015732  -0.003381  0.999871  0.000167  0.012459  
126.869771 0.003477  0.093884  -0.005018  0.993864  0.108105  0.023411  -0.109082  0.992991  0.045490  -0.018329  -0.047765  0.998690  -0.000380  -0.005698  -0.003449  0.156681  -0.117731  0.611030  2.000000  0.999846  0.006534  0.016304  -0.006592  0.999972  0.003465  -0.016281  -0.003572  0.999861  0.999936  0.011000  0.002668  -0.011011  0.999932  0.003796  -0.002626  -0.003825  0.999989  1.000000  0.000040  0.000136  -0.000040  1.000000  0.000048  -0.000136  -0.000048  1.000000  0.999846  0.006534  0.016304  -0.006592  0.999972  0.003465  -0.016281  -0.003572  0.999861  0.000163  0.011944  
126.871018 0.003472  0.093876  -0.005023  0.993864  0.108099  0.023437  -0.109082  0.992980  0.045731  -0.018329  -0.048007  0.998679  -0.000803  -0.005785  -0.003489  0.157281  -0.116314  0.576490  2.000000  0.999834  0.006713  0.016949  -0.006777  0.999970  0.003695  -0.016924  -0.003810  0.999850  0.999947  0.009972  0.002620  -0.009982  0.999943  0.003694  -0.002583  -0.003720  0.999990  1.000000  0.000034  0.000124  -0.000034  1.000000  0.000046  -0.000124  -0.000046  1.000000  0.999834  0.006713  0.016949  -0.006777  0.999970  0.003695  -0.016924  -0.003810  0.999850  0.000154  0.010957  
126.872270 0.003467  0.093868  -0.005029  0.993839  0.108294  0.023593  -0.109286  0.992953  0.045832  -0.018463  -0.048128  0.998671  -0.001208  -0.005854  -0.003537  0.156258  -0.114483  0.551149  2.000000  0.999822  0.006868  0.017561  -0.006938  0.999968  0.003926  -0.017533  -0.004047  0.999838  0.999953  0.009355  0.002593  -0.009364  0.999949  0.003705  -0.002558  -0.003729  0.999990  1.000000  0.000031  0.000117  -0.000031  1.000000  0.000046  -0.000117  -0.000046  1.000000  0.999822  0.006868  0.017561  -0.006938  0.999968  0.003926  -0.017533  -0.004047  0.999838  0.000148  0.010395  
126.873516 0.003461  0.093861  -0.005035  0.993811  0.108480  0.023894  -0.109490  0.992921  0.046039  -0.018731  -0.048370  0.998654  -0.001701  -0.005857  -0.003581  0.162099  -0.118426  0.520874  2.000000  0.999812  0.006992  0.018111  -0.007068  0.999966  0.004151  -0.018081  -0.004278  0.999827  0.999962  0.008326  0.002545  -0.008336  0.999959  0.003602  -0.002515  -0.003623  0.999990  1.000000  0.000025  0.000106  -0.000025  1.000000  0.000045  -0.000106  -0.000045  1.000000  0.999812  0.006992  0.018111  -0.007068  0.999966  0.004151  -0.018081  -0.004278  0.999827  0.000141  0.009426  
126.874518 0.003456  0.093854  -0.005041  0.993809  0.108471  0.024040  -0.109490  0.992916  0.046145  -0.018864  -0.048491  0.998645  -0.002131  -0.005932  -0.003692  0.162652  -0.116914  0.486361  2.000000  0.999804  0.007069  0.018513  -0.007151  0.999965  0.004326  -0.018482  -0.004458  0.999819  0.999970  0.007291  0.002631  -0.007300  0.999967  0.003498  -0.002605  -0.003517  0.999990  1.000000  0.000017  0.000095  -0.000017  1.000000  0.000044  -0.000095  -0.000044  1.000000  0.999804  0.007069  0.018513  -0.007151  0.999965  0.004326  -0.018482  -0.004458  0.999819  0.000135  0.008508  
126.875766 0.003448  0.093845  -0.005050  0.993804  0.108452  0.024332  -0.109489  0.992906  0.046356  -0.019132  -0.048733  0.998629  -0.002724  -0.006084  -0.003968  0.167367  -0.119988  0.451912  2.000000  0.999795  0.007135  0.018956  -0.007223  0.999964  0.004538  -0.018923  -0.004674  0.999810  0.999977  0.006263  0.002582  -0.006272  0.999975  0.003396  -0.002560  -0.003412  0.999991  1.000000  0.000011  0.000084  -0.000011  1.000000  0.000043  -0.000084  -0.000043  1.000000  0.999795  0.007135  0.018956  -0.007223  0.999964  0.004538  -0.018923  -0.004674  0.999810  0.000125  0.007581  
126.876767 0.003442  0.093838  -0.005058  0.993801  0.108443  0.024478  -0.109489  0.992902  0.046462  -0.019266  -0.048854  0.998620  -0.003192  -0.006244  -0.004322  0.167692  -0.123158  0.423681  2.000000  0.999789  0.007164  0.019277  -0.007256  0.999963  0.004703  -0.019243  -0.004842  0.999803  0.999980  0.005639  0.002686  -0.005648  0.999979  0.003285  -0.002668  -0.003300  0.999991  1.000000  0.000006  0.000078  -0.000006  1.000000  0.000041  -0.000078  -0.000041  1.000000  0.999789  0.007164  0.019277  -0.007256  0.999963  0.004703  -0.019243  -0.004842  0.999803  0.000120  0.007061  
126.878017 0.003433  0.093829  -0.005067  0.993774  0.108631  0.024766  -0.109693  0.992875  0.046548  -0.019533  -0.048975  0.998609  -0.003809  -0.006426  -0.004741  0.168252  -0.131006  0.395894  2.000000  0.999783  0.007175  0.019580  -0.007272  0.999962  0.004866  -0.019545  -0.005007  0.999796  0.999982  0.005221  0.002801  -0.005230  0.999981  0.003291  -0.002784  -0.003306  0.999991  1.000000  0.000002  0.000074  -0.000002  1.000000  0.000041  -0.000074  -0.000041  1.000000  0.999783  0.007175  0.019580  -0.007272  0.999962  0.004866  -0.019545  -0.005007  0.999796  0.000115  0.006781  
126.879263 0.003424  0.093820  -0.005078  0.993771  0.108619  0.024926  -0.109693  0.992864  0.046774  -0.019667  -0.049217  0.998594  -0.004320  -0.006519  -0.005181  0.171275  -0.133098  0.364747  2.000000  0.999780  0.007176  0.019724  -0.007275  0.999961  0.004946  -0.019688  -0.005088  0.999793  0.999985  0.004597  0.002906  -0.004606  0.999984  0.003182  -0.002891  -0.003195  0.999991  1.000000  0.000000  0.000000  0.000000  1.000000  0.000000  0.000000  0.000000  1.000000  0.999780  0.007176  0.019724  -0.007275  0.999961  0.004946  -0.019688  -0.005088  0.999793  0.000108  0.000000  
126.880264 0.003417  0.093814  -0.005085  0.993768  0.108609  0.025072  -0.109692  0.992859  0.046880  -0.019801  -0.049338  0.998586  -0.004818  -0.006582  -0.005573  0.171633  -0.136646  0.343984  2.000000  0.999780  0.007176  0.019724  -0.007275  0.999961  0.004946  -0.019688  -0.005088  0.999793  0.999988  0.003980  0.002876  -0.003989  0.999987  0.003072  -0.002863  -0.003083  0.999991  1.000000  0.000000  0.000000  0.000000  1.000000  0.000000  0.000000  0.000000  1.000000  0.999780  0.007176  0.019724  -0.007275  0.999961  0.004946  -0.019688  -0.005088  0.999793  0.000103  0.000000  
126.881513 0.003407  0.093806  -0.005095  0.993766  0.108599  0.025218  -0.109692  0.992854  0.046986  -0.019935  -0.049459  0.998577  -0.005254  -0.006617  -0.005959  0.168375  -0.135269  0.310069  2.000000  0.999780  0.007176  0.019724  -0.007275  0.999961  0.004946  -0.019688  -0.005088  0.999793  0.999991  0.003157  0.002836  -0.003165  0.999991  0.002967  -0.002826  -0.002976  0.999992  1.000000  0.000000  0.000000  0.000000  1.000000  0.000000  0.000000  0.000000  1.000000  0.999780  0.007176  0.019724  -0.007275  0.999961  0.004946  -0.019688  -0.005088  0.999793  0.000095  0.000000  
126.882760 0.003397  0.093797  -0.005104  0.993763  0.108590  0.025363  -0.109692  0.992849  0.047092  -0.020068  -0.049580  0.998569  -0.005746  -0.006642  -0.006314  0.160644  -0.133545  0.275344  2.000000  0.999780  0.007176  0.019724  -0.007275  0.999961  0.004946  -0.019688  -0.005088  0.999793  0.999993  0.002540  0.002805  -0.002548  0.999993  0.002736  -0.002798  -0.002743  0.999992  1.000000  0.000000  0.000000  0.000000  1.000000  0.000000  0.000000  0.000000  1.000000  0.999780  0.007176  0.019724  -0.007275  0.999961  0.004946  -0.019688  -0.005088  0.999793  0.000088  0.000000  
126.883763 0.003390  0.093791  -0.005111  0.993738  0.108784  0.025519  -0.109896  0.992822  0.047192  -0.020202  -0.049701  0.998560  -0.006086  -0.006630  -0.006587  0.156979  -0.132654  0.254818  2.000000  0.999780  0.007176  0.019724  -0.007275  0.999961  0.004946  -0.019688  -0.005088  0.999793  0.999993  0.002334  0.002795  -0.002342  0.999994  0.002740  -0.002789  -0.002746  0.999992  1.000000  0.000000  0.000000  0.000000  1.000000  0.000000  0.000000  0.000000  1.000000  0.999780  0.007176  0.019724  -0.007275  0.999961  0.004946  -0.019688  -0.005088  0.999793  0.000083  0.000000  
126.885015 0.003379  0.093783  -0.005120  0.993732  0.108765  0.025811  -0.109895  0.992812  0.047404  -0.020470  -0.049943  0.998542  -0.006411  -0.006654  -0.006751  0.157534  -0.135514  0.220252  2.000000  0.999780  0.007176  0.019724  -0.007275  0.999961  0.004946  -0.019688  -0.005088  0.999793  0.999994  0.001916  0.002909  -0.001924  0.999994  0.002748  -0.002904  -0.002753  0.999992  1.000000  0.000000  0.000000  0.000000  1.000000  0.000000  0.000000  0.000000  1.000000  0.999780  0.007176  0.019724  -0.007275  0.999961  0.004946  -0.019688  -0.005088  0.999793  0.000077  0.000000  
126.886269 0.003369  0.093775  -0.005127  0.993730  0.108755  0.025957  -0.109895  0.992807  0.047509  -0.020604  -0.050064  0.998533  -0.006770  -0.006656  -0.006864  0.151267  -0.135006  0.187445  2.000000  0.999780  0.007176  0.019724  -0.007275  0.999961  0.004946  -0.019688  -0.005088  0.999793  0.999995  0.001511  0.002755  -0.001518  0.999995  0.002756  -0.002751  -0.002760  0.999992  1.000000  0.000000  0.000000  0.000000  1.000000  0.000000  0.000000  0.000000  1.000000  0.999780  0.007176  0.019724  -0.007275  0.999961  0.004946  -0.019688  -0.005088  0.999793  0.000072  0.000000  
126.887518 0.003360  0.093768  -0.005134  0.993727  0.108745  0.026103  -0.109895  0.992802  0.047615  -0.020737  -0.050185  0.998525  -0.007068  -0.006622  -0.006927  0.143487  -0.134061  0.166691  2.000000  0.999780  0.007176  0.019724  -0.007275  0.999961  0.004946  -0.019688  -0.005088  0.999793  0.999996  0.001099  0.002735  -0.001107  0.999996  0.002764  -0.002732  -0.002767  0.999992  1.000000  0.000000  0.000000  0.000000  1.000000  0.000000  0.000000  0.000000  1.000000  0.999780  0.007176  0.019724  -0.007275  0.999961  0.004946  -0.019688  -0.005088  0.999793  0.000066  0.000000  
126.888520 0.003354  0.093762  -0.005139  0.993724  0.108735  0.026249  -0.109895  0.992797  0.047721  -0.020871  -0.050306  0.998516  -0.007226  -0.006586  -0.006972  0.000000  0.000000  0.000000  2.000000  0.999780  0.007176  0.019724  -0.007275  0.999961  0.004946  -0.019688  -0.005088  0.999793  0.999996  0.000893  0.002724  -0.000901  0.999996  0.002768  -0.002722  -0.002771  0.999992  1.000000  0.000000  0.000000  0.000000  1.000000  0.000000  0.000000  0.000000  1.000000  0.999780  0.007176  0.019724  -0.007275  0.999961  0.004946  -0.019688  -0.005088  0.999793  0.000000  0.000000  
126.889768 0.003345  0.093755  -0.005147  0.993721  0.108726  0.026395  -0.109894  0.992792  0.047827  -0.021005  -0.050427  0.998507  -0.007270  -0.006492  -0.006941  0.000000  0.000000  0.000000  2.000000  0.999780  0.007176  0.019724  -0.007275  0.999961  0.004946  -0.019688  -0.005088  0.999793  0.999996  0.000687  0.002714  -0.000695  0.999996  0.002651  -0.002712  -0.002653  0.999993  1.000000  0.000000  0.000000  0.000000  1.000000  0.000000  0.000000  0.000000  1.000000  0.999780  0.007176  0.019724  -0.007275  0.999961  0.004946  -0.019688  -0.005088  0.999793  0.000000  0.000000  
126.891011 0.003337  0.093748  -0.005155  0.993719  0.108716  0.026541  -0.109894  0.992787  0.047932  -0.021139  -0.050548  0.998498  -0.007300  -0.006372  -0.006897  0.000000  0.000000  0.000000  2.000000  0.999780  0.007176  0.019724  -0.007275  0.999961  0.004946  -0.019688  -0.005088  0.999793  0.999996  0.000680  0.002848  -0.000688  0.999996  0.002651  -0.002846  -0.002653  0.999992  1.000000  0.000000  0.000000  0.000000  1.000000  0.000000  0.000000  0.000000  1.000000  0.999780  0.007176  0.019724  -0.007275  0.999961  0.004946  -0.019688  -0.005088  0.999793  0.000000  0.000000  
126.892016 0.003331  0.093742  -0.005162  0.993693  0.108907  0.026710  -0.110098  0.992754  0.048153  -0.021272  -0.050790  0.998483  -0.007277  -0.006287  -0.006838  0.000000  0.000000  0.000000  2.000000  0.999780  0.007176  0.019724  -0.007275  0.999961  0.004946  -0.019688  -0.005088  0.999793  0.999996  0.000680  0.002848  -0.000687  0.999996  0.002651  -0.002846  -0.002653  0.999992  1.000000  0.000000  0.000000  0.000000  1.000000  0.000000  0.000000  0.000000  1.000000  0.999780  0.007176  0.019724  -0.007275  0.999961  0.004946  -0.019688  -0.005088  0.999793  0.000000  0.000000  
126.893017 0.003326  0.093736  -0.005169  0.993690  0.108897  0.026856  -0.110098  0.992748  0.048259  -0.021406  -0.050911  0.998474  -0.007133  -0.006161  -0.006794  0.000000  0.000000  0.000000  2.000000  0.999780  0.007176  0.019724  -0.007275  0.999961  0.004946  -0.019688  -0.005088  0.999793  0.999996  0.000680  0.002848  -0.000687  0.999997  0.002530  -0.002846  -0.002532  0.999993  1.000000  0.000000  0.000000  0.000000  1.000000  0.000000  0.000000  0.000000  1.000000  0.999780  0.007176  0.019724  -0.007275  0.999961  0.004946  -0.019688  -0.005088  0.999793  0.000000  0.000000  
126.894267 0.003320  0.093729  -0.005178  0.993684  0.108880  0.027135  -0.110097  0.992744  0.048350  -0.021674  -0.051032  0.998462  -0.006963  -0.006060  -0.006706  0.000000  0.000000  0.000000  2.000000  0.999780  0.007176  0.019724  -0.007275  0.999961  0.004946  -0.019688  -0.005088  0.999793  0.999995  0.000466  0.002971  -0.000474  0.999996  0.002655  -0.002970  -0.002657  0.999992  1.000000  0.000000  0.000000  0.000000  1.000000  0.000000  0.000000  0.000000  1.000000  0.999780  0.007176  0.019724  -0.007275  0.999961  0.004946  -0.019688  -0.005088  0.999793  0.000000  0.000000  
126.895512 0.003315  0.093722  -0.005186  0.993679  0.108863  0.027414  -0.110097  0.992740  0.048441  -0.021941  -0.051153  0.998450  -0.006679  -0.005982  -0.006630  0.000000  0.000000  0.000000  2.000000  0.999780  0.007176  0.019724  -0.007275  0.999961  0.004946  -0.019688  -0.005088  0.999793  0.999995  0.000466  0.002971  -0.000474  0.999997  0.002534  -0.002970  -0.002535  0.999992  1.000000  0.000000  0.000000  0.000000  1.000000  0.000000  0.000000  0.000000  1.000000  0.999780  0.007176  0.019724  -0.007275  0.999961  0.004946  -0.019688  -0.005088  0.999793  0.000000  0.000000  
126.896516 0.003312  0.093717  -0.005193  0.993673  0.108846  0.027692  -0.110096  0.992735  0.048532  -0.022209  -0.051273  0.998438  -0.006311  -0.005869  -0.006521  0.000000  0.000000  0.000000  2.000000  0.999780  0.007176  0.019724  -0.007275  0.999961  0.004946  -0.019688  -0.005088  0.999793  0.999995  0.000466  0.002971  -0.000473  0.999997  0.002534  -0.002970  -0.002535  0.999992  1.000000  0.000000  0.000000  0.000000  1.000000  0.000000  0.000000  0.000000  1.000000  0.999780  0.007176  0.019724  -0.007275  0.999961  0.004946  -0.019688  -0.005088  0.999793  0.000000  0.000000  
126.897764 0.003309  0.093711  -0.005201  0.993647  0.109037  0.027862  -0.110300  0.992702  0.048752  -0.022343  -0.051516  0.998422  -0.005877  -0.005773  -0.006453  0.000000  0.000000  0.000000  2.000000  0.999780  0.007176  0.019724  -0.007275  0.999961  0.004946  -0.019688  -0.005088  0.999793  0.999995  0.000465  0.002971  -0.000473  0.999997  0.002534  -0.002970  -0.002535  0.999992  1.000000  0.000000  0.000000  0.000000  1.000000  0.000000  0.000000  0.000000  1.000000  0.999780  0.007176  0.019724  -0.007275  0.999961  0.004946  -0.019688  -0.005088  0.999793  0.000000  0.000000  
126.899012 0.003306  0.093705  -0.005209  0.993641  0.109016  0.028154  -0.110300  0.992692  0.048963  -0.022610  -0.051757  0.998404  -0.005432  -0.005625  -0.006424  0.000000  0.000000  0.000000  2.000000  0.999780  0.007176  0.019724  -0.007275  0.999961  0.004946  -0.019688  -0.005088  0.999793  0.999996  0.000472  0.002838  -0.000479  0.999997  0.002534  -0.002837  -0.002535  0.999993  1.000000  0.000000  0.000000  0.000000  1.000000  0.000000  0.000000  0.000000  1.000000  0.999780  0.007176  0.019724  -0.007275  0.999961  0.004946  -0.019688  -0.005088  0.999793  0.000000  0.000000  
126.900015 0.003304  0.093700  -0.005215  0.993638  0.109006  0.028300  -0.110299  0.992686  0.049069  -0.022744  -0.051878  0.998394  -0.004949  -0.005482  -0.006329  0.000000  0.000000  0.000000  2.000000  0.999780  0.007176  0.019724  -0.007275  0.999961  0.004946  -0.019688  -0.005088  0.999793  0.999995  0.000457  0.003105  -0.000465  0.999996  0.002655  -0.003104  -0.002656  0.999992  1.000000  0.000000  0.000000  0.000000  1.000000  0.000000  0.000000  0.000000  1.000000  0.999780  0.007176  0.019724  -0.007275  0.999961  0.004946  -0.019688  -0.005088  0.999793  0.000000  0.000000  
126.901263 0.003302  0.093694  -0.005222  0.993612  0.109200  0.028456  -0.110503  0.992659  0.049169  -0.022878  -0.051999  0.998385  -0.004473  -0.005413  -0.006341  0.000000  0.000000  0.000000  2.000000  0.999780  0.007176  0.019724  -0.007275  0.999961  0.004946  -0.019688  -0.005088  0.999793  0.999995  0.000662  0.003116  -0.000670  0.999997  0.002529  -0.003114  -0.002531  0.999992  1.000000  0.000000  0.000000  0.000000  1.000000  0.000000  0.000000  0.000000  1.000000  0.999780  0.007176  0.019724  -0.007275  0.999961  0.004946  -0.019688  -0.005088  0.999793  0.000000  0.000000  
126.902513 0.003302  0.093687  -0.005229  0.993584  0.109384  0.028758  -0.110707  0.992626  0.049374  -0.023145  -0.052241  0.998366  -0.003912  -0.005343  -0.006337  0.000000  0.000000  0.000000  2.000000  0.999780  0.007176  0.019724  -0.007275  0.999961  0.004946  -0.019688  -0.005088  0.999793  0.999995  0.000654  0.003250  -0.000663  0.999996  0.002650  -0.003248  -0.002652  0.999991  1.000000  0.000000  0.000000  0.000000  1.000000  0.000000  0.000000  0.000000  1.000000  0.999780  0.007176  0.019724  -0.007275  0.999961  0.004946  -0.019688  -0.005088  0.999793  0.000053  0.000000  
126.903515 0.003301  0.093683  -0.005234  0.993580  0.109373  0.028904  -0.110707  0.992621  0.049480  -0.023279  -0.052362  0.998357  -0.003501  -0.005278  -0.006323  0.000000  0.000000  0.000000  2.000000  0.999780  0.007176  0.019724  -0.007275  0.999961  0.004946  -0.019688  -0.005088  0.999793  0.999995  0.000867  0.003127  -0.000875  0.999996  0.002645  -0.003125  -0.002648  0.999992  1.000000  0.000000  0.000000  0.000000  1.000000  0.000000  0.000000  0.000000  1.000000  0.999780  0.007176  0.019724  -0.007275  0.999961  0.004946  -0.019688  -0.005088  0.999793  0.000000  0.000000  
126.904768 0.003301  0.093678  -0.005239  0.993555  0.109564  0.029073  -0.110911  0.992587  0.049700  -0.023413  -0.052604  0.998341  -0.002930  -0.005140  -0.006146  0.000000  0.000000  0.000000  2.000000  0.999780  0.007176  0.019724  -0.007275  0.999961  0.004946  -0.019688  -0.005088  0.999793  0.999995  0.000866  0.003127  -0.000874  0.999996  0.002645  -0.003125  -0.002647  0.999992  1.000000  0.000000  0.000000  0.000000  1.000000  0.000000  0.000000  0.000000  1.000000  0.999780  0.007176  0.019724  -0.007275  0.999961  0.004946  -0.019688  -0.005088  0.999793  0.000000  0.000000  
126.906017 0.003302  0.093674  -0.005244  0.993529  0.109757  0.029230  -0.111115  0.992559  0.049800  -0.023546  -0.052725  0.998331  -0.002320  -0.004929  -0.005946  0.000000  0.000000  0.000000  2.000000  0.999780  0.007176  0.019724  -0.007275  0.999961  0.004946  -0.019688  -0.005088  0.999793  0.999995  0.001078  0.003005  -0.001086  0.999996  0.002761  -0.003002  -0.002764  0.999992  1.000000  0.000000  0.000000  0.000000  1.000000  0.000000  0.000000  0.000000  1.000000  0.999780  0.007176  0.019724  -0.007275  0.999961  0.004946  -0.019688  -0.005088  0.999793  0.000000  0.000000  
