1-Time 2-Px 3-Py 4-Pz 5-R11 6-R21 7-R31 8-R12 9-R22 10-R32 11-R13 12-R23 13-R33 14-Vx 15-Vy 16-Vz 17-Wx 18-Wy 19-Wz 20-state 21-PR11 22-PR21 23-PR31 24-PR12 25-PR22 26-PR32 27-PR13 28-PR23 29-PR33 
155.828130 0.001245  0.090690  -0.003863  0.999284  0.031588  0.020815  -0.031898  0.999382  0.014748  -0.020336  -0.015401  0.999675  -0.000014  0.000392  0.000930  0.000000  0.000000  0.000000  2.000000  1.000000  0.000000  0.000000  -0.000000  1.000000  0.000000  0.000000  -0.000000  1.000000  1.000000  0.000002  -0.000134  -0.000002  1.000000  -0.000121  0.000134  0.000121  1.000000  1.000000  0.000000  0.000000  0.000000  1.000000  0.000000  0.000000  0.000000  1.000000  0.747685  0.324170  0.579552  -0.305909  0.942770  -0.132679  -0.589395  -0.078088  0.804062  0.000000  0.000000  
155.829138 0.001245  0.090690  -0.003862  0.999284  0.031588  0.020815  -0.031898  0.999382  0.014748  -0.020336  -0.015401  0.999675  -0.000024  0.000339  0.000888  0.000000  0.000000  0.000000  2.000000  1.000000  0.000000  0.000000  0.000000  1.000000  0.000000  0.000000  0.000000  1.000000  1.000000  0.000002  -0.000134  -0.000002  1.000000  -0.000121  0.000134  0.000121  1.000000  1.000000  0.000000  0.000000  0.000000  1.000000  0.000000  0.000000  0.000000  1.000000  1.000000  0.000000  0.000000  0.000000  1.000000  0.000000  0.000000  0.000000  1.000000  0.000000  0.000000  
155.830388 0.001244  0.090688  -0.003863  0.999275  0.031789  0.020955  -0.032104  0.999374  0.014860  -0.020470  -0.015522  0.999670  -0.000068  0.000185  0.000794  0.000000  0.000000  0.000000  2.000000  1.000000  0.000000  0.000000  0.000000  1.000000  0.000000  0.000000  0.000000  1.000000  1.000000  0.000206  0.000003  -0.000206  1.000000  -0.000004  -0.000003  0.000004  1.000000  1.000000  0.000000  0.000000  0.000000  1.000000  0.000000  0.000000  0.000000  1.000000  1.000000  0.000000  0.000000  0.000000  1.000000  0.000000  0.000000  0.000000  1.000000  0.000000  0.000000  
155.831388 0.001244  0.090685  -0.003864  0.999268  0.031995  0.020958  -0.032309  0.999368  0.014856  -0.020470  -0.015522  0.999670  -0.000085  0.000023  0.000635  0.000000  0.000000  0.000000  2.000000  1.000000  0.000000  0.000000  0.000000  1.000000  0.000000  0.000000  0.000000  1.000000  1.000000  0.000412  0.000006  -0.000412  1.000000  -0.000008  -0.000006  0.000008  1.000000  1.000000  0.000000  0.000000  0.000000  1.000000  0.000000  0.000000  0.000000  1.000000  1.000000  0.000000  0.000000  0.000000  1.000000  0.000000  0.000000  0.000000  1.000000  0.000000  0.000000  
155.832638 0.001243  0.090683  -0.003865  0.999259  0.032198  0.021095  -0.032515  0.999361  0.014847  -0.020604  -0.015522  0.999667  -0.000127  -0.000188  0.000468  0.000000  0.000000  0.000000  2.000000  1.000000  0.000000  0.000000  0.000000  1.000000  0.000000  0.000000  0.000000  1.000000  1.000000  0.000615  0.000143  -0.000615  1.000000  -0.000013  -0.000143  0.000013  1.000000  1.000000  0.000000  0.000000  0.000000  1.000000  0.000000  0.000000  0.000000  1.000000  1.000000  0.000000  0.000000  0.000000  1.000000  0.000000  0.000000  0.000000  1.000000  0.000000  0.000000  
155.833639 0.001243  0.090680  -0.003866  0.999256  0.032194  0.021233  -0.032515  0.999359  0.014964  -0.020737  -0.015643  0.999663  -0.000099  -0.000369  0.000348  0.000000  0.000000  0.000000  2.000000  1.000000  0.000000  0.000000  0.000000  1.000000  0.000000  0.000000  0.000000  1.000000  1.000000  0.000613  0.000277  -0.000613  1.000000  0.000108  -0.000277  -0.000109  1.000000  1.000000  0.000000  0.000000  0.000000  1.000000  0.000000  0.000000  0.000000  1.000000  1.000000  0.000000  0.000000  0.000000  1.000000  0.000000  0.000000  0.000000  1.000000  0.000000  0.000000  
155.834888 0.001243  0.090677  -0.003868  0.999252  0.032401  0.021102  -0.032721  0.999353  0.014964  -0.020604  -0.015643  0.999665  -0.000120  -0.000606  0.000157  0.000000  0.000000  0.000000  2.000000  1.000000  0.000000  0.000000  0.000000  1.000000  0.000000  0.000000  0.000000  1.000000  1.000000  0.000819  0.000280  -0.000819  1.000000  0.000104  -0.000280  -0.000104  1.000000  1.000000  0.000000  0.000000  0.000000  1.000000  0.000000  0.000000  0.000000  1.000000  1.000000  0.000000  0.000000  0.000000  1.000000  0.000000  0.000000  0.000000  1.000000  0.000000  0.000000  
155.835889 0.001242  0.090675  -0.003868  0.999245  0.032605  0.021109  -0.032926  0.999344  0.015081  -0.020604  -0.015765  0.999663  -0.000157  -0.000784  0.000074  0.000000  0.000000  0.000000  2.000000  1.000000  0.000000  0.000000  0.000000  1.000000  0.000000  0.000000  0.000000  1.000000  0.999999  0.001027  0.000150  -0.001027  0.999999  0.000221  -0.000150  -0.000222  1.000000  1.000000  0.000000  0.000000  0.000000  1.000000  0.000000  0.000000  0.000000  1.000000  1.000000  0.000000  0.000000  0.000000  1.000000  0.000000  0.000000  0.000000  1.000000  0.000000  0.000000  
155.837142 0.001243  0.090673  -0.003869  0.999239  0.032810  0.021112  -0.033132  0.999337  0.015077  -0.020604  -0.015765  0.999663  -0.000147  -0.000994  -0.000097  0.000000  0.000000  0.000000  2.000000  1.000000  0.000000  0.000000  0.000000  1.000000  0.000000  0.000000  0.000000  1.000000  0.999999  0.001231  0.000287  -0.001231  0.999999  0.000217  -0.000287  -0.000217  1.000000  1.000000  0.000000  0.000000  0.000000  1.000000  0.000000  0.000000  0.000000  1.000000  1.000000  0.000000  0.000000  0.000000  1.000000  0.000000  0.000000  0.000000  1.000000  0.000000  0.000000  
155.838167 0.001243  0.090671  -0.003871  0.999232  0.033016  0.021115  -0.033338  0.999330  0.015072  -0.020604  -0.015765  0.999663  -0.000164  -0.001154  -0.000256  0.000000  0.000000  0.000000  2.000000  1.000000  0.000000  0.000000  0.000000  1.000000  0.000000  0.000000  0.000000  1.000000  0.999999  0.001436  0.000290  -0.001436  0.999999  0.000213  -0.000290  -0.000213  1.000000  1.000000  0.000000  0.000000  0.000000  1.000000  0.000000  0.000000  0.000000  1.000000  1.000000  0.000000  0.000000  0.000000  1.000000  0.000000  0.000000  0.000000  1.000000  0.000000  0.000000  
155.839397 0.001243  0.090668  -0.003872  0.999215  0.033423  0.021259  -0.033749  0.999315  0.015180  -0.020737  -0.015886  0.999659  -0.000161  -0.001344  -0.000438  0.000000  0.000000  0.000000  2.000000  1.000000  0.000000  0.000000  0.000000  1.000000  0.000000  0.000000  0.000000  1.000000  0.999999  0.001640  0.000427  -0.001640  0.999999  0.000330  -0.000427  -0.000330  1.000000  1.000000  0.000000  0.000000  0.000000  1.000000  0.000000  0.000000  0.000000  1.000000  1.000000  0.000000  0.000000  0.000000  1.000000  0.000000  0.000000  0.000000  1.000000  0.000000  0.000000  
155.840646 0.001243  0.090666  -0.003874  0.999205  0.033626  0.021396  -0.033955  0.999308  0.015171  -0.020871  -0.015886  0.999656  -0.000158  -0.001532  -0.000620  0.000000  0.000000  0.000000  2.000000  1.000000  0.000000  0.000000  0.000000  1.000000  0.000000  0.000000  0.000000  1.000000  0.999998  0.002050  0.000568  -0.002050  0.999998  0.000321  -0.000567  -0.000322  1.000000  1.000000  0.000000  0.000000  0.000000  1.000000  0.000000  0.000000  0.000000  1.000000  1.000000  0.000000  0.000000  0.000000  1.000000  0.000000  0.000000  0.000000  1.000000  0.000000  0.000000  
155.841892 0.001243  0.090664  -0.003875  0.999189  0.034036  0.021536  -0.034366  0.999294  0.015158  -0.021005  -0.015886  0.999653  -0.000169  -0.001717  -0.000768  0.000000  0.000000  0.000000  2.000000  1.000000  0.000000  0.000000  0.000000  1.000000  0.000000  0.000000  0.000000  1.000000  0.999997  0.002253  0.000705  -0.002253  0.999997  0.000316  -0.000704  -0.000318  1.000000  1.000000  0.000000  0.000000  0.000000  1.000000  0.000000  0.000000  0.000000  1.000000  1.000000  0.000000  0.000000  0.000000  1.000000  0.000000  0.000000  0.000000  1.000000  0.000000  0.000000  
155.843143 0.001243  0.090662  -0.003876  0.999181  0.034242  0.021539  -0.034572  0.999287  0.015153  -0.021005  -0.015886  0.999653  -0.000179  -0.001903  -0.000918  0.000000  0.000000  0.000000  2.000000  1.000000  0.000000  0.000000  0.000000  1.000000  0.000000  0.000000  0.000000  1.000000  0.999996  0.002665  0.000711  -0.002665  0.999996  0.000308  -0.000711  -0.000310  1.000000  1.000000  0.000000  0.000000  0.000000  1.000000  0.000000  0.000000  0.000000  1.000000  1.000000  0.000000  0.000000  0.000000  1.000000  0.000000  0.000000  0.000000  1.000000  0.000000  0.000000  
155.844392 0.001241  0.090658  -0.003878  0.999167  0.034656  0.021541  -0.034983  0.999275  0.015023  -0.021005  -0.015764  0.999655  -0.000308  -0.002158  -0.001060  0.000000  0.000000  0.000000  2.000000  1.000000  0.000000  0.000000  0.000000  1.000000  0.000000  0.000000  0.000000  1.000000  0.999996  0.002871  0.000714  -0.002871  0.999996  0.000182  -0.000714  -0.000184  1.000000  1.000000  0.000000  0.000000  0.000000  1.000000  0.000000  0.000000  0.000000  1.000000  1.000000  0.000000  0.000000  0.000000  1.000000  0.000000  0.000000  0.000000  1.000000  0.000000  0.000000  
155.845642 0.001239  0.090653  -0.003879  0.999160  0.034861  0.021544  -0.035189  0.999268  0.015019  -0.021005  -0.015764  0.999655  -0.000349  -0.002279  -0.001068  0.000000  0.000000  0.000000  2.000000  1.000000  0.000000  0.000000  0.000000  1.000000  0.000000  0.000000  0.000000  1.000000  0.999994  0.003282  0.000721  -0.003282  0.999995  0.000173  -0.000720  -0.000176  1.000000  1.000000  0.000000  0.000000  0.000000  1.000000  0.000000  0.000000  0.000000  1.000000  1.000000  0.000000  0.000000  0.000000  1.000000  0.000000  0.000000  0.000000  1.000000  0.000000  0.000000  
155.846888 0.001238  0.090649  -0.003880  0.999153  0.035064  0.021552  -0.035395  0.999259  0.015136  -0.021005  -0.015886  0.999653  -0.000365  -0.002352  -0.001067  0.000000  0.000000  0.000000  2.000000  1.000000  0.000000  0.000000  0.000000  1.000000  0.000000  0.000000  0.000000  1.000000  0.999994  0.003488  0.000724  -0.003488  0.999994  0.000412  -0.000723  -0.000414  1.000000  1.000000  0.000000  0.000000  0.000000  1.000000  0.000000  0.000000  0.000000  1.000000  1.000000  0.000000  0.000000  0.000000  1.000000  0.000000  0.000000  0.000000  1.000000  0.000000  0.000000  
155.847890 0.001237  0.090646  -0.003881  0.999143  0.035268  0.021688  -0.035600  0.999252  0.015127  -0.021139  -0.015886  0.999650  -0.000426  -0.002446  -0.001053  0.000000  0.000000  0.000000  2.000000  1.000000  0.000000  0.000000  0.000000  1.000000  0.000000  0.000000  0.000000  1.000000  0.999993  0.003692  0.000861  -0.003692  0.999993  0.000407  -0.000860  -0.000410  1.000000  1.000000  0.000000  0.000000  0.000000  1.000000  0.000000  0.000000  0.000000  1.000000  1.000000  0.000000  0.000000  0.000000  1.000000  0.000000  0.000000  0.000000  1.000000  0.000000  0.000000  
155.849137 0.001236  0.090641  -0.003882  0.999125  0.035675  0.021833  -0.036011  0.999235  0.015234  -0.021272  -0.016007  0.999646  -0.000481  -0.002573  -0.001053  0.000000  0.000000  0.000000  2.000000  1.000000  0.000000  0.000000  0.000000  1.000000  0.000000  0.000000  0.000000  1.000000  0.999992  0.003897  0.000865  -0.003898  0.999992  0.000402  -0.000863  -0.000406  1.000000  1.000000  0.000000  0.000000  0.000000  1.000000  0.000000  0.000000  0.000000  1.000000  1.000000  0.000000  0.000000  0.000000  1.000000  0.000000  0.000000  0.000000  1.000000  0.000000  0.000000  
155.850142 0.001235  0.090637  -0.003884  0.999118  0.035880  0.021836  -0.036217  0.999228  0.015230  -0.021272  -0.016007  0.999646  -0.000493  -0.002692  -0.001102  0.000000  0.000000  0.000000  2.000000  1.000000  0.000000  0.000000  0.000000  1.000000  0.000000  0.000000  0.000000  1.000000  0.999991  0.004101  0.001002  -0.004101  0.999992  0.000397  -0.001001  -0.000402  0.999999  1.000000  0.000000  0.000000  0.000000  1.000000  0.000000  0.000000  0.000000  1.000000  1.000000  0.000000  0.000000  0.000000  1.000000  0.000000  0.000000  0.000000  1.000000  0.000000  0.000000  
155.851388 0.001234  0.090631  -0.003886  0.999107  0.036081  0.021977  -0.036423  0.999219  0.015341  -0.021406  -0.016128  0.999641  -0.000551  -0.002847  -0.001185  0.000000  0.000000  0.000000  2.000000  1.000000  0.000000  0.000000  0.000000  1.000000  0.000000  0.000000  0.000000  1.000000  0.999991  0.004101  0.001003  -0.004101  0.999991  0.000518  -0.001001  -0.000522  0.999999  1.000000  0.000000  0.000000  0.000000  1.000000  0.000000  0.000000  0.000000  1.000000  1.000000  0.000000  0.000000  0.000000  1.000000  0.000000  0.000000  0.000000  1.000000  0.000000  0.000000  
155.852641 0.001233  0.090626  -0.003890  0.999100  0.036287  0.021980  -0.036628  0.999211  0.015337  -0.021406  -0.016128  0.999641  -0.000619  -0.003008  -0.001340  0.000000  0.000000  0.000000  2.000000  1.000000  0.000000  0.000000  0.000000  1.000000  0.000000  0.000000  0.000000  1.000000  0.999991  0.004103  0.000869  -0.004104  0.999991  0.000518  -0.000867  -0.000522  0.999999  1.000000  0.000000  0.000000  0.000000  1.000000  0.000000  0.000000  0.000000  1.000000  1.000000  0.000000  0.000000  0.000000  1.000000  0.000000  0.000000  0.000000  1.000000  0.000000  0.000000  
155.853892 0.001233  0.090621  -0.003894  0.999089  0.036488  0.022121  -0.036834  0.999202  0.015449  -0.021540  -0.016249  0.999636  -0.000672  -0.003210  -0.001472  0.000000  0.000000  0.000000  2.000000  1.000000  0.000000  0.000000  0.000000  1.000000  0.000000  0.000000  0.000000  1.000000  0.999990  0.004309  0.000873  -0.004309  0.999991  0.000513  -0.000871  -0.000517  0.999999  1.000000  0.000000  0.000000  0.000000  1.000000  0.000000  0.000000  0.000000  1.000000  1.000000  0.000000  0.000000  0.000000  1.000000  0.000000  0.000000  0.000000  1.000000  0.000000  0.000000  
155.854895 0.001232  0.090617  -0.003897  0.999082  0.036694  0.022124  -0.037040  0.999194  0.015444  -0.021540  -0.016249  0.999636  -0.000728  -0.003418  -0.001590  0.020831  -0.043199  0.172216  2.000000  1.000000  0.000000  0.000000  0.000000  1.000000  0.000000  0.000000  0.000000  1.000000  0.999990  0.004309  0.000873  -0.004309  0.999991  0.000513  -0.000871  -0.000517  0.999999  1.000000  0.000000  0.000000  0.000000  1.000000  0.000000  0.000000  0.000000  1.000000  1.000000  0.000000  0.000000  0.000000  1.000000  0.000000  0.000000  0.000000  1.000000  0.000045  0.000000  
155.855914 0.001232  0.090613  -0.003899  0.999082  0.036691  0.022129  -0.037040  0.999193  0.015565  -0.021540  -0.016371  0.999634  -0.000740  -0.003540  -0.001661  0.028970  -0.043182  0.172145  2.000000  1.000000  0.000000  0.000000  0.000000  1.000000  0.000000  0.000000  0.000000  1.000000  0.999991  0.004101  0.001004  -0.004101  0.999991  0.000518  -0.001002  -0.000522  0.999999  1.000000  0.000000  0.000000  0.000000  1.000000  0.000000  0.000000  0.000000  1.000000  1.000000  0.000000  0.000000  0.000000  1.000000  0.000000  0.000000  0.000000  1.000000  0.000045  0.000000  
155.857139 0.001231  0.090608  -0.003903  0.999074  0.036897  0.022132  -0.037245  0.999185  0.015561  -0.021540  -0.016371  0.999634  -0.000794  -0.003702  -0.001864  0.028841  -0.043316  0.179160  2.000000  1.000000  0.000000  0.000000  0.000000  1.000000  0.000000  0.000000  0.000000  1.000000  0.999991  0.004101  0.001004  -0.004101  0.999991  0.000518  -0.001002  -0.000522  0.999999  1.000000  0.000000  0.000000  0.000000  1.000000  0.000000  0.000000  0.000000  1.000000  1.000000  0.000000  0.000000  0.000000  1.000000  0.000000  0.000000  0.000000  1.000000  0.000047  0.000000  
155.858155 0.001230  0.090604  -0.003905  0.999063  0.037100  0.022269  -0.037451  0.999177  0.015551  -0.021674  -0.016371  0.999631  -0.000833  -0.003890  -0.001975  0.028680  -0.047914  0.185975  2.000000  1.000000  0.000000  0.000000  0.000000  1.000000  0.000000  0.000000  0.000000  1.000000  0.999991  0.004098  0.001137  -0.004099  0.999991  0.000517  -0.001135  -0.000522  0.999999  1.000000  0.000000  0.000000  0.000000  1.000000  0.000000  0.000000  0.000000  1.000000  1.000000  0.000000  0.000000  0.000000  1.000000  0.000000  0.000000  0.000000  1.000000  0.000048  0.000000  
155.859391 0.001229  0.090599  -0.003907  0.999060  0.037098  0.022403  -0.037451  0.999178  0.015546  -0.021807  -0.016370  0.999628  -0.000823  -0.003899  -0.001936  0.024747  -0.052330  0.179054  2.000000  1.000000  0.000000  0.000000  0.000000  1.000000  0.000000  0.000000  0.000000  1.000000  0.999992  0.003895  0.001000  -0.003895  0.999992  0.000400  -0.000999  -0.000404  0.999999  1.000000  0.000000  0.000000  0.000000  1.000000  0.000000  0.000000  0.000000  1.000000  1.000000  0.000000  0.000000  0.000000  1.000000  0.000000  0.000000  0.000000  1.000000  0.000048  0.000000  
155.860644 0.001227  0.090594  -0.003908  0.999058  0.037096  0.022536  -0.037451  0.999178  0.015541  -0.021941  -0.016370  0.999625  -0.000806  -0.003938  -0.001949  0.024867  -0.052214  0.172119  2.000000  1.000000  0.000000  0.000000  0.000000  1.000000  0.000000  0.000000  0.000000  1.000000  0.999993  0.003687  0.001131  -0.003687  0.999993  0.000404  -0.001129  -0.000408  0.999999  1.000000  0.000000  0.000000  0.000000  1.000000  0.000000  0.000000  0.000000  1.000000  1.000000  0.000000  0.000000  0.000000  1.000000  0.000000  0.000000  0.000000  1.000000  0.000047  0.000000  
155.861888 0.001225  0.090590  -0.003909  0.999050  0.037301  0.022539  -0.037656  0.999170  0.015536  -0.021941  -0.016370  0.999625  -0.000859  -0.003943  -0.001913  0.024507  -0.047440  0.177650  2.000000  1.000000  0.000000  0.000000  0.000000  1.000000  0.000000  0.000000  0.000000  1.000000  0.999993  0.003481  0.001127  -0.003482  0.999994  0.000408  -0.001126  -0.000412  0.999999  1.000000  0.000000  0.000000  0.000000  1.000000  0.000000  0.000000  0.000000  1.000000  1.000000  0.000000  0.000000  0.000000  1.000000  0.000000  0.000000  0.000000  1.000000  0.000047  0.000000  
155.862891 0.001223  0.090586  -0.003910  0.999047  0.037299  0.022673  -0.037656  0.999170  0.015531  -0.022075  -0.016370  0.999622  -0.000881  -0.003986  -0.001955  0.020758  -0.047733  0.172203  2.000000  1.000000  0.000000  0.000000  0.000000  1.000000  0.000000  0.000000  0.000000  1.000000  0.999994  0.003275  0.001124  -0.003276  0.999995  0.000412  -0.001123  -0.000416  0.999999  1.000000  0.000000  0.000000  0.000000  1.000000  0.000000  0.000000  0.000000  1.000000  1.000000  0.000000  0.000000  0.000000  1.000000  0.000000  0.000000  0.000000  1.000000  0.000045  0.000000  
155.864138 0.001221  0.090581  -0.003911  0.999047  0.037299  0.022673  -0.037656  0.999170  0.015531  -0.022075  -0.016370  0.999622  -0.000997  -0.003982  -0.001916  0.000000  0.000000  0.000000  2.000000  1.000000  0.000000  0.000000  0.000000  1.000000  0.000000  0.000000  0.000000  1.000000  0.999995  0.002864  0.001117  -0.002864  0.999996  0.000422  -0.001116  -0.000425  0.999999  1.000000  0.000000  0.000000  0.000000  1.000000  0.000000  0.000000  0.000000  1.000000  1.000000  0.000000  0.000000  0.000000  1.000000  0.000000  0.000000  0.000000  1.000000  0.000045  0.000000  
155.865139 0.001219  0.090577  -0.003912  0.999047  0.037296  0.022678  -0.037656  0.999168  0.015653  -0.022075  -0.016492  0.999620  -0.001104  -0.003964  -0.001888  0.000000  0.000000  0.000000  2.000000  1.000000  0.000000  0.000000  0.000000  1.000000  0.000000  0.000000  0.000000  1.000000  0.999996  0.002658  0.001114  -0.002658  0.999996  0.000669  -0.001113  -0.000672  0.999999  1.000000  0.000000  0.000000  0.000000  1.000000  0.000000  0.000000  0.000000  1.000000  1.000000  0.000000  0.000000  0.000000  1.000000  0.000000  0.000000  0.000000  1.000000  0.000000  0.000000  
155.866143 0.001217  0.090574  -0.003914  0.999047  0.037296  0.022678  -0.037656  0.999168  0.015653  -0.022075  -0.016492  0.999620  -0.001191  -0.003926  -0.001862  0.000000  0.000000  0.000000  2.000000  1.000000  0.000000  0.000000  0.000000  1.000000  0.000000  0.000000  0.000000  1.000000  0.999996  0.002452  0.001111  -0.002453  0.999997  0.000673  -0.001109  -0.000676  0.999999  1.000000  0.000000  0.000000  0.000000  1.000000  0.000000  0.000000  0.000000  1.000000  1.000000  0.000000  0.000000  0.000000  1.000000  0.000000  0.000000  0.000000  1.000000  0.000000  0.000000  
155.867388 0.001214  0.090569  -0.003916  0.999044  0.037294  0.022811  -0.037656  0.999168  0.015648  -0.022209  -0.016492  0.999617  -0.001310  -0.003867  -0.001749  0.000000  0.000000  0.000000  2.000000  1.000000  0.000000  0.000000  0.000000  1.000000  0.000000  0.000000  0.000000  1.000000  0.999997  0.002244  0.001241  -0.002245  0.999997  0.000556  -0.001240  -0.000559  0.999999  1.000000  0.000000  0.000000  0.000000  1.000000  0.000000  0.000000  0.000000  1.000000  1.000000  0.000000  0.000000  0.000000  1.000000  0.000000  0.000000  0.000000  1.000000  0.000000  0.000000  
155.868390 0.001212  0.090566  -0.003917  0.999044  0.037294  0.022811  -0.037656  0.999168  0.015648  -0.022209  -0.016492  0.999617  -0.001402  -0.003796  -0.001681  0.000000  0.000000  0.000000  2.000000  1.000000  0.000000  0.000000  0.000000  1.000000  0.000000  0.000000  0.000000  1.000000  0.999997  0.002040  0.001104  -0.002041  0.999998  0.000561  -0.001103  -0.000563  0.999999  1.000000  0.000000  0.000000  0.000000  1.000000  0.000000  0.000000  0.000000  1.000000  1.000000  0.000000  0.000000  0.000000  1.000000  0.000000  0.000000  0.000000  1.000000  0.000000  0.000000  
155.869391 0.001210  0.090563  -0.003919  0.999044  0.037292  0.022816  -0.037656  0.999166  0.015769  -0.022209  -0.016613  0.999615  -0.001507  -0.003744  -0.001603  0.000000  0.000000  0.000000  2.000000  1.000000  0.000000  0.000000  0.000000  1.000000  0.000000  0.000000  0.000000  1.000000  0.999998  0.001834  0.001101  -0.001835  0.999998  0.000687  -0.001100  -0.000689  0.999999  1.000000  0.000000  0.000000  0.000000  1.000000  0.000000  0.000000  0.000000  1.000000  1.000000  0.000000  0.000000  0.000000  1.000000  0.000000  0.000000  0.000000  1.000000  0.000000  0.000000  
155.870646 0.001207  0.090559  -0.003921  0.999041  0.037289  0.022949  -0.037656  0.999166  0.015764  -0.022343  -0.016613  0.999612  -0.001686  -0.003674  -0.001515  0.000000  0.000000  0.000000  2.000000  1.000000  0.000000  0.000000  0.000000  1.000000  0.000000  0.000000  0.000000  1.000000  0.999998  0.001423  0.001094  -0.001423  0.999999  0.000574  -0.001093  -0.000576  0.999999  1.000000  0.000000  0.000000  0.000000  1.000000  0.000000  0.000000  0.000000  1.000000  1.000000  0.000000  0.000000  0.000000  1.000000  0.000000  0.000000  0.000000  1.000000  0.000000  0.000000  
155.871646 0.001204  0.090555  -0.003923  0.999041  0.037289  0.022949  -0.037656  0.999166  0.015764  -0.022343  -0.016613  0.999612  -0.001795  -0.003655  -0.001460  0.000000  0.000000  0.000000  2.000000  1.000000  0.000000  0.000000  0.000000  1.000000  0.000000  0.000000  0.000000  1.000000  0.999999  0.001219  0.000957  -0.001220  0.999999  0.000458  -0.000956  -0.000459  0.999999  1.000000  0.000000  0.000000  0.000000  1.000000  0.000000  0.000000  0.000000  1.000000  1.000000  0.000000  0.000000  0.000000  1.000000  0.000000  0.000000  0.000000  1.000000  0.000000  0.000000  
155.872890 0.001200  0.090550  -0.003927  0.999038  0.037287  0.023083  -0.037656  0.999166  0.015759  -0.022476  -0.016613  0.999609  -0.002044  -0.003669  -0.001493  0.000000  0.000000  0.000000  2.000000  1.000000  0.000000  0.000000  0.000000  1.000000  0.000000  0.000000  0.000000  1.000000  0.999999  0.001011  0.001087  -0.001012  0.999999  0.000462  -0.001087  -0.000463  0.999999  1.000000  0.000000  0.000000  0.000000  1.000000  0.000000  0.000000  0.000000  1.000000  1.000000  0.000000  0.000000  0.000000  1.000000  0.000000  0.000000  0.000000  1.000000  0.000000  0.000000  
155.873891 0.001197  0.090546  -0.003930  0.999035  0.037282  0.023221  -0.037656  0.999165  0.015875  -0.022610  -0.016734  0.999604  -0.002173  -0.003688  -0.001584  0.000000  0.000000  0.000000  2.000000  1.000000  0.000000  0.000000  0.000000  1.000000  0.000000  0.000000  0.000000  1.000000  0.999999  0.000805  0.001084  -0.000806  1.000000  0.000467  -0.001084  -0.000468  0.999999  1.000000  0.000000  0.000000  0.000000  1.000000  0.000000  0.000000  0.000000  1.000000  1.000000  0.000000  0.000000  0.000000  1.000000  0.000000  0.000000  0.000000  1.000000  0.000000  0.000000  
155.875142 0.001192  0.090541  -0.003934  0.999035  0.037282  0.023221  -0.037656  0.999165  0.015875  -0.022610  -0.016734  0.999604  -0.002359  -0.003702  -0.001730  0.000000  0.000000  0.000000  2.000000  1.000000  0.000000  0.000000  0.000000  1.000000  0.000000  0.000000  0.000000  1.000000  0.999999  0.000599  0.001081  -0.000600  1.000000  0.000471  -0.001080  -0.000472  0.999999  1.000000  0.000000  0.000000  0.000000  1.000000  0.000000  0.000000  0.000000  1.000000  1.000000  0.000000  0.000000  0.000000  1.000000  0.000000  0.000000  0.000000  1.000000  0.000000  0.000000  
155.876393 0.001187  0.090536  -0.003937  0.999035  0.037282  0.023221  -0.037656  0.999165  0.015875  -0.022610  -0.016734  0.999604  -0.002564  -0.003731  -0.001899  0.000000  0.000000  0.000000  2.000000  1.000000  0.000000  0.000000  0.000000  1.000000  0.000000  0.000000  0.000000  1.000000  0.999999  0.000599  0.001081  -0.000600  1.000000  0.000350  -0.001080  -0.000351  0.999999  1.000000  0.000000  0.000000  0.000000  1.000000  0.000000  0.000000  0.000000  1.000000  1.000000  0.000000  0.000000  0.000000  1.000000  0.000000  0.000000  0.000000  1.000000  0.000000  0.000000  
155.877643 0.001183  0.090531  -0.003940  0.999032  0.037280  0.023355  -0.037656  0.999165  0.015870  -0.022744  -0.016734  0.999601  -0.002722  -0.003720  -0.002029  0.000000  0.000000  0.000000  2.000000  1.000000  0.000000  0.000000  0.000000  1.000000  0.000000  0.000000  0.000000  1.000000  0.999999  0.000394  0.001077  -0.000394  1.000000  0.000355  -0.001077  -0.000355  0.999999  1.000000  0.000000  0.000000  0.000000  1.000000  0.000000  0.000000  0.000000  1.000000  1.000000  0.000000  0.000000  0.000000  1.000000  0.000000  0.000000  0.000000  1.000000  0.000000  0.000000  
155.878888 0.001178  0.090527  -0.003944  0.999032  0.037280  0.023355  -0.037656  0.999165  0.015870  -0.022744  -0.016734  0.999601  -0.002875  -0.003690  -0.002202  0.000000  0.000000  0.000000  2.000000  1.000000  0.000000  0.000000  0.000000  1.000000  0.000000  0.000000  0.000000  1.000000  0.999999  0.000188  0.001074  -0.000188  1.000000  0.000359  -0.001074  -0.000359  0.999999  1.000000  0.000000  0.000000  0.000000  1.000000  0.000000  0.000000  0.000000  1.000000  1.000000  0.000000  0.000000  0.000000  1.000000  0.000000  0.000000  0.000000  1.000000  0.000000  0.000000  
155.880138 0.001174  0.090523  -0.003946  0.999032  0.037277  0.023359  -0.037656  0.999163  0.015991  -0.022744  -0.016855  0.999599  -0.002975  -0.003641  -0.002283  0.000000  0.000000  0.000000  2.000000  1.000000  0.000000  0.000000  0.000000  1.000000  0.000000  0.000000  0.000000  1.000000  1.000000  0.000190  0.000940  -0.000190  1.000000  0.000481  -0.000940  -0.000481  0.999999  1.000000  0.000000  0.000000  0.000000  1.000000  0.000000  0.000000  0.000000  1.000000  1.000000  0.000000  0.000000  0.000000  1.000000  0.000000  0.000000  0.000000  1.000000  0.000000  0.000000  
155.881140 0.001171  0.090520  -0.003949  0.999032  0.037277  0.023359  -0.037656  0.999163  0.015991  -0.022744  -0.016855  0.999599  -0.003064  -0.003602  -0.002362  0.000000  0.000000  0.000000  2.000000  1.000000  0.000000  0.000000  0.000000  1.000000  0.000000  0.000000  0.000000  1.000000  1.000000  0.000192  0.000806  -0.000193  1.000000  0.000481  -0.000806  -0.000481  1.000000  1.000000  0.000000  0.000000  0.000000  1.000000  0.000000  0.000000  0.000000  1.000000  1.000000  0.000000  0.000000  0.000000  1.000000  0.000000  0.000000  0.000000  1.000000  0.000000  0.000000  
155.882389 0.001166  0.090516  -0.003952  0.999029  0.037275  0.023493  -0.037656  0.999163  0.015986  -0.022878  -0.016855  0.999596  -0.003214  -0.003585  -0.002363  0.000000  0.000000  0.000000  2.000000  1.000000  0.000000  0.000000  0.000000  1.000000  0.000000  0.000000  0.000000  1.000000  1.000000  -0.000014  0.000803  0.000013  1.000000  0.000485  -0.000803  -0.000485  1.000000  1.000000  0.000000  0.000000  0.000000  1.000000  0.000000  0.000000  0.000000  1.000000  1.000000  0.000000  0.000000  0.000000  1.000000  0.000000  0.000000  0.000000  1.000000  0.000000  0.000000  
155.883389 0.001162  0.090513  -0.003953  0.999029  0.037275  0.023493  -0.037656  0.999163  0.015986  -0.022878  -0.016855  0.999596  -0.003286  -0.003531  -0.002380  0.000000  0.000000  0.000000  2.000000  1.000000  0.000000  0.000000  0.000000  1.000000  0.000000  0.000000  0.000000  1.000000  1.000000  -0.000014  0.000803  0.000013  1.000000  0.000485  -0.000803  -0.000485  1.000000  1.000000  0.000000  0.000000  0.000000  1.000000  0.000000  0.000000  0.000000  1.000000  1.000000  0.000000  0.000000  0.000000  1.000000  0.000000  0.000000  0.000000  1.000000  0.000000  0.000000  
155.884638 0.001158  0.090510  -0.003955  0.999032  0.037277  0.023359  -0.037656  0.999163  0.015991  -0.022744  -0.016855  0.999599  -0.003448  -0.003491  -0.002392  0.000000  0.000000  0.000000  2.000000  1.000000  0.000000  0.000000  0.000000  1.000000  0.000000  0.000000  0.000000  1.000000  1.000000  -0.000014  0.000803  0.000013  1.000000  0.000364  -0.000803  -0.000364  1.000000  1.000000  0.000000  0.000000  0.000000  1.000000  0.000000  0.000000  0.000000  1.000000  1.000000  0.000000  0.000000  0.000000  1.000000  0.000000  0.000000  0.000000  1.000000  0.000000  0.000000  
155.885888 0.001153  0.090507  -0.003957  0.999032  0.037277  0.023359  -0.037656  0.999163  0.015991  -0.022744  -0.016855  0.999599  -0.003549  -0.003410  -0.002355  0.000000  0.000000  0.000000  2.000000  1.000000  0.000000  0.000000  0.000000  1.000000  0.000000  0.000000  0.000000  1.000000  1.000000  -0.000011  0.000669  0.000011  1.000000  0.000364  -0.000669  -0.000364  1.000000  1.000000  0.000000  0.000000  0.000000  1.000000  0.000000  0.000000  0.000000  1.000000  1.000000  0.000000  0.000000  0.000000  1.000000  0.000000  0.000000  0.000000  1.000000  0.000000  0.000000  
155.887142 0.001149  0.090504  -0.003960  0.999032  0.037277  0.023359  -0.037656  0.999163  0.015991  -0.022744  -0.016855  0.999599  -0.003609  -0.003291  -0.002340  0.000000  0.000000  0.000000  2.000000  1.000000  0.000000  0.000000  0.000000  1.000000  0.000000  0.000000  0.000000  1.000000  1.000000  -0.000009  0.000535  0.000009  1.000000  0.000364  -0.000535  -0.000364  1.000000  1.000000  0.000000  0.000000  0.000000  1.000000  0.000000  0.000000  0.000000  1.000000  1.000000  0.000000  0.000000  0.000000  1.000000  0.000000  0.000000  0.000000  1.000000  0.000000  0.000000  
155.888396 0.001144  0.090500  -0.003963  0.999029  0.037275  0.023493  -0.037656  0.999163  0.015986  -0.022878  -0.016855  0.999596  -0.003612  -0.003192  -0.002318  0.000000  0.000000  0.000000  2.000000  1.000000  0.000000  0.000000  0.000000  1.000000  0.000000  0.000000  0.000000  1.000000  1.000000  -0.000011  0.000669  0.000011  1.000000  0.000364  -0.000669  -0.000364  1.000000  1.000000  0.000000  0.000000  0.000000  1.000000  0.000000  0.000000  0.000000  1.000000  1.000000  0.000000  0.000000  0.000000  1.000000  0.000000  0.000000  0.000000  1.000000  0.000000  0.000000  
155.889413 0.001141  0.090497  -0.003966  0.999029  0.037275  0.023493  -0.037656  0.999163  0.015986  -0.022878  -0.016855  0.999596  -0.003611  -0.003089  -0.002293  0.000000  0.000000  0.000000  2.000000  1.000000  0.000000  0.000000  0.000000  1.000000  0.000000  0.000000  0.000000  1.000000  1.000000  -0.000011  0.000669  0.000011  1.000000  0.000243  -0.000669  -0.000243  1.000000  1.000000  0.000000  0.000000  0.000000  1.000000  0.000000  0.000000  0.000000  1.000000  1.000000  0.000000  0.000000  0.000000  1.000000  0.000000  0.000000  0.000000  1.000000  0.000000  0.000000  
155.890647 0.001137  0.090493  -0.003969  0.999029  0.037275  0.023493  -0.037656  0.999163  0.015986  -0.022878  -0.016855  0.999596  -0.003581  -0.002991  -0.002244  0.000000  0.000000  0.000000  2.000000  1.000000  0.000000  0.000000  0.000000  1.000000  0.000000  0.000000  0.000000  1.000000  1.000000  -0.000009  0.000535  0.000009  1.000000  0.000243  -0.000535  -0.000243  1.000000  1.000000  0.000000  0.000000  0.000000  1.000000  0.000000  0.000000  0.000000  1.000000  1.000000  0.000000  0.000000  0.000000  1.000000  0.000000  0.000000  0.000000  1.000000  0.000000  0.000000  
155.891891 0.001133  0.090491  -0.003972  0.999029  0.037275  0.023493  -0.037656  0.999163  0.015986  -0.022878  -0.016855  0.999596  -0.003505  -0.002868  -0.002207  0.000000  0.000000  0.000000  2.000000  1.000000  0.000000  0.000000  0.000000  1.000000  0.000000  0.000000  0.000000  1.000000  1.000000  -0.000007  0.000401  0.000007  1.000000  0.000243  -0.000401  -0.000243  1.000000  1.000000  0.000000  0.000000  0.000000  1.000000  0.000000  0.000000  0.000000  1.000000  1.000000  0.000000  0.000000  0.000000  1.000000  0.000000  0.000000  0.000000  1.000000  0.000000  0.000000  
155.892895 0.001131  0.090488  -0.003974  0.999029  0.037275  0.023493  -0.037656  0.999163  0.015986  -0.022878  -0.016855  0.999596  -0.003450  -0.002792  -0.002178  0.000000  0.000000  0.000000  2.000000  1.000000  0.000000  0.000000  0.000000  1.000000  0.000000  0.000000  0.000000  1.000000  1.000000  -0.000007  0.000401  0.000007  1.000000  0.000243  -0.000401  -0.000243  1.000000  1.000000  0.000000  0.000000  0.000000  1.000000  0.000000  0.000000  0.000000  1.000000  1.000000  0.000000  0.000000  0.000000  1.000000  0.000000  0.000000  0.000000  1.000000  0.000000  0.000000  
155.894144 0.001128  0.090485  -0.003977  0.999029  0.037272  0.023498  -0.037656  0.999161  0.016107  -0.022878  -0.016976  0.999594  -0.003299  -0.002694  -0.002164  0.000000  0.000000  0.000000  2.000000  1.000000  0.000000  0.000000  0.000000  1.000000  0.000000  0.000000  0.000000  1.000000  1.000000  -0.000005  0.000268  0.000004  1.000000  0.000243  -0.000268  -0.000243  1.000000  1.000000  0.000000  0.000000  0.000000  1.000000  0.000000  0.000000  0.000000  1.000000  1.000000  0.000000  0.000000  0.000000  1.000000  0.000000  0.000000  0.000000  1.000000  0.000000  0.000000  
155.895145 0.001126  0.090483  -0.003979  0.999029  0.037272  0.023498  -0.037656  0.999161  0.016107  -0.022878  -0.016976  0.999594  -0.003224  -0.002646  -0.002158  0.000000  0.000000  0.000000  2.000000  1.000000  0.000000  0.000000  0.000000  1.000000  0.000000  0.000000  0.000000  1.000000  1.000000  -0.000005  0.000268  0.000004  1.000000  0.000243  -0.000268  -0.000243  1.000000  1.000000  0.000000  0.000000  0.000000  1.000000  0.000000  0.000000  0.000000  1.000000  1.000000  0.000000  0.000000  0.000000  1.000000  0.000000  0.000000  0.000000  1.000000  0.000000  0.000000  
155.896388 0.001123  0.090480  -0.003982  0.999029  0.037272  0.023498  -0.037656  0.999161  0.016107  -0.022878  -0.016976  0.999594  -0.003101  -0.002600  -0.002156  0.000000  0.000000  0.000000  2.000000  1.000000  0.000000  0.000000  0.000000  1.000000  0.000000  0.000000  0.000000  1.000000  1.000000  -0.000005  0.000268  0.000004  1.000000  0.000243  -0.000268  -0.000243  1.000000  1.000000  0.000000  0.000000  0.000000  1.000000  0.000000  0.000000  0.000000  1.000000  1.000000  0.000000  0.000000  0.000000  1.000000  0.000000  0.000000  0.000000  1.000000  0.000000  0.000000  
155.897388 0.001121  0.090477  -0.003984  0.999029  0.037272  0.023498  -0.037656  0.999161  0.016107  -0.022878  -0.016976  0.999594  -0.002972  -0.002564  -0.002187  0.000000  0.000000  0.000000  2.000000  1.000000  0.000000  0.000000  0.000000  1.000000  0.000000  0.000000  0.000000  1.000000  1.000000  -0.000002  0.000134  0.000002  1.000000  0.000243  -0.000134  -0.000243  1.000000  1.000000  0.000000  0.000000  0.000000  1.000000  0.000000  0.000000  0.000000  1.000000  1.000000  0.000000  0.000000  0.000000  1.000000  0.000000  0.000000  0.000000  1.000000  0.000000  0.000000  
155.898392 0.001119  0.090475  -0.003986  0.999029  0.037272  0.023498  -0.037656  0.999161  0.016107  -0.022878  -0.016976  0.999594  -0.002838  -0.002582  -0.002213  0.000000  0.000000  0.000000  2.000000  1.000000  0.000000  0.000000  0.000000  1.000000  0.000000  0.000000  0.000000  1.000000  1.000000  -0.000002  0.000134  0.000002  1.000000  0.000243  -0.000134  -0.000243  1.000000  1.000000  0.000000  0.000000  0.000000  1.000000  0.000000  0.000000  0.000000  1.000000  1.000000  0.000000  0.000000  0.000000  1.000000  0.000000  0.000000  0.000000  1.000000  0.000000  0.000000  
155.899639 0.001117  0.090472  -0.003988  0.999021  0.037478  0.023501  -0.037861  0.999153  0.016102  -0.022878  -0.016976  0.999594  -0.002743  -0.002561  -0.002230  0.000000  0.000000  0.000000  2.000000  1.000000  0.000000  0.000000  0.000000  1.000000  0.000000  0.000000  0.000000  1.000000  1.000000  0.000204  0.000137  -0.000204  1.000000  0.000117  -0.000137  -0.000117  1.000000  1.000000  0.000000  0.000000  0.000000  1.000000  0.000000  0.000000  0.000000  1.000000  1.000000  0.000000  0.000000  0.000000  1.000000  0.000000  0.000000  0.000000  1.000000  0.000000  0.000000  
155.900889 0.001115  0.090469  -0.003990  0.999021  0.037478  0.023501  -0.037861  0.999153  0.016102  -0.022878  -0.016976  0.999594  -0.002560  -0.002537  -0.002219  0.000000  0.000000  0.000000  2.000000  1.000000  0.000000  0.000000  0.000000  1.000000  0.000000  0.000000  0.000000  1.000000  1.000000  0.000204  0.000137  -0.000204  1.000000  0.000117  -0.000137  -0.000117  1.000000  1.000000  0.000000  0.000000  0.000000  1.000000  0.000000  0.000000  0.000000  1.000000  1.000000  0.000000  0.000000  0.000000  1.000000  0.000000  0.000000  0.000000  1.000000  0.000000  0.000000  
155.902139 0.001112  0.090466  -0.003992  0.999021  0.037478  0.023501  -0.037861  0.999153  0.016102  -0.022878  -0.016976  0.999594  -0.002430  -0.002492  -0.002157  0.000000  0.000000  0.000000  2.000000  1.000000  0.000000  0.000000  0.000000  1.000000  0.000000  0.000000  0.000000  1.000000  1.000000  0.000206  0.000003  -0.000206  1.000000  0.000117  -0.000003  -0.000117  1.000000  1.000000  0.000000  0.000000  0.000000  1.000000  0.000000  0.000000  0.000000  1.000000  1.000000  0.000000  0.000000  0.000000  1.000000  0.000000  0.000000  0.000000  1.000000  0.000000  0.000000  
155.903390 0.001110  0.090464  -0.003994  0.999024  0.037480  0.023367  -0.037861  0.999153  0.016107  -0.022744  -0.016976  0.999597  -0.002280  -0.002365  -0.002061  0.000000  0.000000  0.000000  2.000000  1.000000  0.000000  0.000000  0.000000  1.000000  0.000000  0.000000  0.000000  1.000000  1.000000  0.000208  -0.000130  -0.000208  1.000000  0.000117  0.000130  -0.000117  1.000000  1.000000  0.000000  0.000000  0.000000  1.000000  0.000000  0.000000  0.000000  1.000000  1.000000  0.000000  0.000000  0.000000  1.000000  0.000000  0.000000  0.000000  1.000000  0.000000  0.000000  
155.904392 0.001108  0.090463  -0.003995  0.999021  0.037478  0.023501  -0.037861  0.999153  0.016102  -0.022878  -0.016976  0.999594  -0.002167  -0.002284  -0.001943  0.000000  0.000000  0.000000  2.000000  1.000000  0.000000  0.000000  0.000000  1.000000  0.000000  0.000000  0.000000  1.000000  1.000000  0.000206  0.000003  -0.000206  1.000000  0.000117  -0.000003  -0.000117  1.000000  1.000000  0.000000  0.000000  0.000000  1.000000  0.000000  0.000000  0.000000  1.000000  1.000000  0.000000  0.000000  0.000000  1.000000  0.000000  0.000000  0.000000  1.000000  0.000000  0.000000  
