1-Time 2-Px 3-Py 4-Pz 5-R11 6-R21 7-R31 8-R12 9-R22 10-R32 11-R13 12-R23 13-R33 14-Vx 15-Vy 16-Vz 17-Wx 18-Wy 19-Wz 20-state 21-PR11 22-PR21 23-PR31 24-PR12 25-PR22 26-PR32 27-PR13 28-PR23 29-PR33 
93.833767 0.003316  0.091858  -0.002539  0.996765  0.074665  0.029740  -0.074628  0.997209  -0.002348  -0.029833  0.000121  0.999555  -0.000078  -0.000042  -0.000146  0.000000  0.000000  0.000000  2.000000  1.000000  0.000000  0.000000  -0.000000  1.000000  0.000000  0.000000  -0.000000  1.000000  1.000000  -0.000000  -0.000134  0.000000  1.000000  -0.000000  0.000134  -0.000000  1.000000  1.000000  0.000000  0.000000  0.000000  1.000000  0.000000  0.000000  0.000000  1.000000  0.595845  0.669490  0.443567  -0.682542  0.713206  -0.159602  -0.423207  -0.207655  0.881916  0.000000  0.000000  
93.834770 0.003316  0.091858  -0.002540  0.996765  0.074665  0.029740  -0.074628  0.997209  -0.002348  -0.029833  0.000121  0.999555  -0.000059  -0.000069  -0.000170  0.000000  0.000000  0.000000  2.000000  1.000000  0.000000  0.000000  0.000000  1.000000  0.000000  0.000000  0.000000  1.000000  1.000000  -0.000000  -0.000134  0.000000  1.000000  -0.000000  0.000134  -0.000000  1.000000  1.000000  0.000000  0.000000  0.000000  1.000000  0.000000  0.000000  0.000000  1.000000  1.000000  0.000000  0.000000  0.000000  1.000000  0.000000  0.000000  0.000000  1.000000  0.000000  0.000000  
93.835778 0.003316  0.091856  -0.002541  0.996730  0.075076  0.029873  -0.075039  0.997178  -0.002371  -0.029966  0.000121  0.999551  -0.000078  -0.000178  -0.000255  0.000000  0.000000  0.000000  2.000000  1.000000  0.000000  0.000000  0.000000  1.000000  0.000000  0.000000  0.000000  1.000000  1.000000  0.000412  -0.000000  -0.000412  1.000000  -0.000012  0.000000  0.000012  1.000000  1.000000  0.000000  0.000000  0.000000  1.000000  0.000000  0.000000  0.000000  1.000000  1.000000  0.000000  0.000000  0.000000  1.000000  0.000000  0.000000  0.000000  1.000000  0.000000  0.000000  
93.837025 0.003316  0.091854  -0.002542  0.996664  0.075897  0.030004  -0.075859  0.997116  -0.002405  -0.030100  0.000121  0.999547  -0.000068  -0.000337  -0.000352  0.000000  0.000000  0.000000  2.000000  1.000000  0.000000  0.000000  0.000000  1.000000  0.000000  0.000000  0.000000  1.000000  0.999999  0.001029  0.000134  -0.001029  0.999999  -0.000031  -0.000134  0.000031  1.000000  1.000000  0.000000  0.000000  0.000000  1.000000  0.000000  0.000000  0.000000  1.000000  1.000000  0.000000  0.000000  0.000000  1.000000  0.000000  0.000000  0.000000  1.000000  0.000000  0.000000  
93.838028 0.003315  0.091851  -0.002544  0.996609  0.076513  0.030269  -0.076474  0.997069  -0.002444  -0.030368  0.000121  0.999539  -0.000097  -0.000500  -0.000479  0.000000  0.000000  0.000000  2.000000  1.000000  0.000000  0.000000  0.000000  1.000000  0.000000  0.000000  0.000000  1.000000  0.999999  0.001646  0.000535  -0.001646  0.999999  -0.000050  -0.000535  0.000049  1.000000  1.000000  0.000000  0.000000  0.000000  1.000000  0.000000  0.000000  0.000000  1.000000  1.000000  0.000000  0.000000  0.000000  1.000000  0.000000  0.000000  0.000000  1.000000  0.000000  0.000000  
93.839276 0.003316  0.091849  -0.002546  0.996558  0.077125  0.030411  -0.077089  0.997021  -0.002352  -0.030501  0.000000  0.999535  -0.000042  -0.000678  -0.000534  0.000000  0.000000  0.000000  2.000000  1.000000  0.000000  0.000000  0.000000  1.000000  0.000000  0.000000  0.000000  1.000000  0.999997  0.002264  0.000669  -0.002264  0.999997  0.000052  -0.000669  -0.000054  1.000000  1.000000  0.000000  0.000000  0.000000  1.000000  0.000000  0.000000  0.000000  1.000000  1.000000  0.000000  0.000000  0.000000  1.000000  0.000000  0.000000  0.000000  1.000000  0.000000  0.000000  
93.840276 0.003317  0.091847  -0.002547  0.996538  0.077330  0.030543  -0.077294  0.997006  -0.002369  -0.030635  0.000000  0.999531  0.000011  -0.000815  -0.000644  0.000000  0.000000  0.000000  2.000000  1.000000  0.000000  0.000000  0.000000  1.000000  0.000000  0.000000  0.000000  1.000000  0.999996  0.002675  0.000803  -0.002675  0.999996  0.000039  -0.000803  -0.000041  1.000000  1.000000  0.000000  0.000000  0.000000  1.000000  0.000000  0.000000  0.000000  1.000000  1.000000  0.000000  0.000000  0.000000  1.000000  0.000000  0.000000  0.000000  1.000000  0.000000  0.000000  
93.841530 0.003318  0.091845  -0.002549  0.996494  0.077946  0.030409  -0.077910  0.996958  -0.002377  -0.030501  0.000000  0.999535  0.000096  -0.000923  -0.000732  0.000000  0.000000  0.000000  2.000000  1.000000  0.000000  0.000000  0.000000  1.000000  0.000000  0.000000  0.000000  1.000000  0.999995  0.003087  0.000803  -0.003087  0.999995  0.000027  -0.000803  -0.000029  1.000000  1.000000  0.000000  0.000000  0.000000  1.000000  0.000000  0.000000  0.000000  1.000000  1.000000  0.000000  0.000000  0.000000  1.000000  0.000000  0.000000  0.000000  1.000000  0.000000  0.000000  
93.842774 0.003319  0.091843  -0.002552  0.996445  0.078562  0.030407  -0.078525  0.996909  -0.002396  -0.030501  0.000000  0.999535  0.000177  -0.001067  -0.000907  0.000000  0.000000  0.000000  2.000000  1.000000  0.000000  0.000000  0.000000  1.000000  0.000000  0.000000  0.000000  1.000000  0.999993  0.003704  0.000669  -0.003704  0.999993  0.000008  -0.000669  -0.000011  1.000000  1.000000  0.000000  0.000000  0.000000  1.000000  0.000000  0.000000  0.000000  1.000000  1.000000  0.000000  0.000000  0.000000  1.000000  0.000000  0.000000  0.000000  1.000000  0.000000  0.000000  
93.843776 0.003320  0.091842  -0.002554  0.996397  0.079177  0.030406  -0.079141  0.996861  -0.002415  -0.030501  0.000000  0.999535  0.000267  -0.001156  -0.001040  0.000000  0.000000  0.000000  2.000000  1.000000  0.000000  0.000000  0.000000  1.000000  0.000000  0.000000  0.000000  1.000000  0.999990  0.004527  0.000669  -0.004527  0.999990  -0.000017  -0.000669  0.000014  1.000000  1.000000  0.000000  0.000000  0.000000  1.000000  0.000000  0.000000  0.000000  1.000000  1.000000  0.000000  0.000000  0.000000  1.000000  0.000000  0.000000  0.000000  1.000000  0.000000  0.000000  
93.845023 0.003322  0.091839  -0.002557  0.996315  0.080203  0.030403  -0.080166  0.996779  -0.002446  -0.030501  0.000000  0.999535  0.000400  -0.001300  -0.001217  -0.001571  -0.017974  0.186708  2.000000  1.000000  0.000131  0.000017  -0.000131  1.000000  -0.000001  -0.000017  0.000001  1.000000  0.999985  0.005350  0.000669  -0.005350  0.999986  -0.000042  -0.000669  0.000038  1.000000  1.000000  0.000067  0.000008  -0.000067  1.000000  -0.000001  -0.000008  0.000001  1.000000  1.000000  0.000131  0.000017  -0.000131  1.000000  -0.000001  -0.000017  0.000001  1.000000  0.000045  0.005392  
93.846023 0.003323  0.091838  -0.002559  0.996257  0.080819  0.030668  -0.080781  0.996729  -0.002487  -0.030769  0.000000  0.999527  0.000504  -0.001393  -0.001383  -0.002227  -0.026964  0.207448  2.000000  1.000000  0.000417  0.000057  -0.000417  1.000000  -0.000004  -0.000057  0.000003  1.000000  0.999982  0.005968  0.000936  -0.005968  0.999982  -0.000062  -0.000936  0.000057  1.000000  1.000000  0.000075  0.000012  -0.000075  1.000000  -0.000001  -0.000012  0.000001  1.000000  1.000000  0.000417  0.000057  -0.000417  1.000000  -0.000004  -0.000057  0.000003  1.000000  0.000051  0.006041  
93.847027 0.003325  0.091836  -0.002561  0.996203  0.081435  0.030800  -0.081396  0.996679  -0.002517  -0.030903  0.000000  0.999522  0.000646  -0.001483  -0.001518  -0.002872  -0.031456  0.228171  2.000000  1.000000  0.000741  0.000107  -0.000741  1.000000  -0.000007  -0.000107  0.000007  1.000000  0.999976  0.006791  0.001070  -0.006791  0.999977  -0.000089  -0.001070  0.000081  0.999999  1.000000  0.000085  0.000013  -0.000085  1.000000  -0.000001  -0.000013  0.000001  1.000000  1.000000  0.000741  0.000107  -0.000741  1.000000  -0.000007  -0.000107  0.000007  1.000000  0.000058  0.006875  
93.848284 0.003328  0.091834  -0.002564  0.996110  0.082461  0.031064  -0.082420  0.996594  -0.002570  -0.031170  0.000000  0.999514  0.000829  -0.001625  -0.001695  -0.003943  -0.044958  0.262841  2.000000  0.999999  0.001103  0.000167  -0.001103  0.999999  -0.000012  -0.000167  0.000012  1.000000  0.999970  0.007614  0.001337  -0.007614  0.999971  -0.000116  -0.001338  0.000106  0.999999  1.000000  0.000095  0.000017  -0.000095  1.000000  -0.000001  -0.000017  0.000001  1.000000  0.999999  0.001103  0.000167  -0.001103  0.999999  -0.000012  -0.000167  0.000012  1.000000  0.000065  0.007731  
93.849521 0.003330  0.091831  -0.002567  0.996038  0.083285  0.031185  -0.083240  0.996526  -0.002728  -0.031304  0.000121  0.999510  0.000932  -0.001815  -0.001843  -0.008811  -0.049029  0.288119  2.000000  0.999999  0.001518  0.000239  -0.001518  0.999999  -0.000022  -0.000239  0.000022  1.000000  0.999962  0.008643  0.001470  -0.008642  0.999963  -0.000271  -0.001472  0.000258  0.999999  1.000000  0.000108  0.000018  -0.000108  1.000000  -0.000003  -0.000018  0.000003  1.000000  0.999999  0.001518  0.000239  -0.001518  0.999999  -0.000022  -0.000239  0.000022  1.000000  0.000073  0.008771  
93.850528 0.003331  0.091828  -0.002570  0.995969  0.084106  0.031183  -0.084061  0.996457  -0.002754  -0.031304  0.000121  0.999510  0.001035  -0.001949  -0.001952  -0.009729  -0.049423  0.318113  2.000000  0.999998  0.001965  0.000313  -0.001965  0.999998  -0.000036  -0.000313  0.000035  1.000000  0.999956  0.009260  0.001469  -0.009260  0.999957  -0.000290  -0.001472  0.000276  0.999999  1.000000  0.000116  0.000018  -0.000116  1.000000  -0.000004  -0.000018  0.000004  1.000000  0.999998  0.001965  0.000313  -0.001965  0.999998  -0.000036  -0.000313  0.000035  1.000000  0.000079  0.009380  
93.851774 0.003333  0.091823  -0.002574  0.995917  0.084725  0.031171  -0.084676  0.996404  -0.002894  -0.031304  0.000242  0.999510  0.001166  -0.002090  -0.002126  -0.014441  -0.049405  0.338903  2.000000  0.999997  0.002572  0.000404  -0.002572  0.999997  -0.000056  -0.000405  0.000055  1.000000  0.999948  0.010083  0.001468  -0.010083  0.999949  -0.000437  -0.001472  0.000422  0.999999  1.000000  0.000126  0.000018  -0.000126  1.000000  -0.000005  -0.000018  0.000005  1.000000  0.999997  0.002572  0.000404  -0.002572  0.999997  -0.000056  -0.000405  0.000055  1.000000  0.000086  0.010199  
93.852778 0.003334  0.091819  -0.002577  0.995860  0.085340  0.031302  -0.085290  0.996352  -0.002924  -0.031438  0.000242  0.999506  0.001293  -0.002184  -0.002241  -0.015094  -0.053880  0.359527  2.000000  0.999995  0.003089  0.000483  -0.003089  0.999995  -0.000078  -0.000483  0.000077  1.000000  0.999944  0.010495  0.001601  -0.010494  0.999945  -0.000451  -0.001606  0.000435  0.999999  1.000000  0.000131  0.000020  -0.000131  1.000000  -0.000006  -0.000020  0.000006  1.000000  0.999995  0.003089  0.000483  -0.003089  0.999995  -0.000078  -0.000483  0.000077  1.000000  0.000089  0.010626  
93.854035 0.003337  0.091814  -0.002581  0.995789  0.086161  0.031300  -0.086110  0.996281  -0.002950  -0.031438  0.000242  0.999506  0.001419  -0.002346  -0.002374  -0.015937  -0.053859  0.387072  2.000000  0.999993  0.003779  0.000583  -0.003779  0.999993  -0.000107  -0.000583  0.000105  1.000000  0.999935  0.011318  0.001601  -0.011317  0.999936  -0.000477  -0.001606  0.000459  0.999999  1.000000  0.000141  0.000020  -0.000141  1.000000  -0.000006  -0.000020  0.000006  1.000000  0.999993  0.003779  0.000583  -0.003779  0.999993  -0.000107  -0.000583  0.000105  1.000000  0.000096  0.011440  
93.855278 0.003340  0.091809  -0.002584  0.995714  0.086985  0.031420  -0.086930  0.996210  -0.003108  -0.031571  0.000364  0.999501  0.001598  -0.002547  -0.002487  -0.020908  -0.058382  0.415139  2.000000  0.999990  0.004370  0.000668  -0.004370  0.999990  -0.000136  -0.000669  0.000134  1.000000  0.999925  0.012141  0.001733  -0.012140  0.999926  -0.000626  -0.001740  0.000605  0.999998  1.000000  0.000152  0.000022  -0.000152  1.000000  -0.000008  -0.000022  0.000008  1.000000  0.999990  0.004370  0.000668  -0.004370  0.999990  -0.000136  -0.000669  0.000134  1.000000  0.000103  0.012280  
93.856527 0.003345  0.091803  -0.002589  0.995634  0.087805  0.031684  -0.087749  0.996138  -0.003158  -0.031839  0.000364  0.999493  0.001815  -0.002811  -0.002690  -0.021804  -0.067332  0.442550  2.000000  0.999986  0.005150  0.000783  -0.005150  0.999987  -0.000176  -0.000784  0.000172  1.000000  0.999919  0.012553  0.001866  -0.012552  0.999921  -0.000642  -0.001874  0.000619  0.999998  1.000000  0.000157  0.000023  -0.000157  1.000000  -0.000008  -0.000023  0.000008  1.000000  0.999986  0.005150  0.000783  -0.005150  0.999987  -0.000176  -0.000784  0.000172  1.000000  0.000111  0.012707  
93.857779 0.003349  0.091797  -0.002595  0.995575  0.088424  0.031804  -0.088364  0.996083  -0.003310  -0.031972  0.000485  0.999489  0.002034  -0.003103  -0.002935  -0.026546  -0.071783  0.463220  2.000000  0.999983  0.005788  0.000878  -0.005787  0.999983  -0.000213  -0.000879  0.000208  1.000000  0.999917  0.012759  0.001864  -0.012757  0.999918  -0.000772  -0.001874  0.000748  0.999998  1.000000  0.000159  0.000023  -0.000159  1.000000  -0.000010  -0.000023  0.000009  1.000000  0.999983  0.005788  0.000878  -0.005787  0.999983  -0.000213  -0.000879  0.000208  1.000000  0.000116  0.012917  
93.858779 0.003353  0.091791  -0.002600  0.995534  0.088838  0.031925  -0.088773  0.996046  -0.003456  -0.032106  0.000606  0.999484  0.002193  -0.003375  -0.003155  -0.031082  -0.076246  0.477060  2.000000  0.999979  0.006420  0.000970  -0.006420  0.999979  -0.000253  -0.000971  0.000247  0.999999  0.999919  0.012553  0.001863  -0.012552  0.999921  -0.000888  -0.001874  0.000865  0.999998  1.000000  0.000157  0.000023  -0.000157  1.000000  -0.000011  -0.000023  0.000011  1.000000  0.999979  0.006420  0.000970  -0.006420  0.999979  -0.000253  -0.000971  0.000247  0.999999  0.000121  0.012721  
93.860028 0.003357  0.091784  -0.002607  0.995479  0.089454  0.031923  -0.089388  0.995991  -0.003475  -0.032106  0.000606  0.999484  0.002374  -0.003676  -0.003400  -0.031725  -0.076241  0.497821  2.000000  0.999974  0.007200  0.001074  -0.007200  0.999974  -0.000310  -0.001076  0.000302  0.999999  0.999922  0.012347  0.001596  -0.012346  0.999923  -0.001003  -0.001608  0.000983  0.999998  1.000000  0.000154  0.000020  -0.000154  1.000000  -0.000012  -0.000020  0.000012  1.000000  0.999974  0.007200  0.001074  -0.007200  0.999974  -0.000310  -0.001076  0.000302  0.999999  0.000125  0.012490  
93.861269 0.003361  0.091777  -0.002614  0.995438  0.089868  0.032044  -0.089798  0.995953  -0.003621  -0.032240  0.000727  0.999480  0.002505  -0.004007  -0.003572  -0.036274  -0.080724  0.511798  2.000000  0.999968  0.007974  0.001175  -0.007974  0.999968  -0.000379  -0.001178  0.000370  0.999999  0.999922  0.012347  0.001594  -0.012346  0.999923  -0.001126  -0.001608  0.001106  0.999998  1.000000  0.000154  0.000020  -0.000154  1.000000  -0.000014  -0.000020  0.000014  1.000000  0.999968  0.007974  0.001175  -0.007974  0.999968  -0.000379  -0.001178  0.000370  0.999999  0.000128  0.012500  
93.862274 0.003365  0.091771  -0.002619  0.995420  0.090077  0.032032  -0.090003  0.995934  -0.003749  -0.032240  0.000849  0.999480  0.002629  -0.004342  -0.003788  -0.040560  -0.080679  0.518651  2.000000  0.999962  0.008594  0.001255  -0.008594  0.999963  -0.000439  -0.001259  0.000428  0.999999  0.999922  0.012348  0.001593  -0.012346  0.999923  -0.001247  -0.001608  0.001227  0.999998  1.000000  0.000154  0.000020  -0.000154  1.000000  -0.000015  -0.000020  0.000015  1.000000  0.999962  0.008594  0.001255  -0.008594  0.999963  -0.000439  -0.001259  0.000428  0.999999  0.000132  0.012511  
93.863275 0.003368  0.091764  -0.002624  0.995378  0.090491  0.032153  -0.090412  0.995897  -0.003895  -0.032374  0.000970  0.999475  0.002678  -0.004667  -0.004012  -0.045097  -0.085128  0.532440  2.000000  0.999957  0.009204  0.001343  -0.009203  0.999958  -0.000501  -0.001347  0.000489  0.999999  0.999925  0.012142  0.001860  -0.012140  0.999926  -0.001242  -0.001875  0.001220  0.999997  1.000000  0.000152  0.000023  -0.000152  1.000000  -0.000015  -0.000023  0.000015  1.000000  0.999957  0.009204  0.001343  -0.009203  0.999958  -0.000501  -0.001347  0.000489  0.999999  0.000135  0.012346  
93.864279 0.003372  0.091758  -0.002629  0.995359  0.090696  0.032152  -0.090617  0.995878  -0.003902  -0.032374  0.000970  0.999475  0.002824  -0.004955  -0.004219  -0.045327  -0.085152  0.539528  2.000000  0.999951  0.009801  0.001436  -0.009800  0.999952  -0.000569  -0.001441  0.000555  0.999999  0.999929  0.011731  0.001860  -0.011728  0.999930  -0.001350  -0.001875  0.001328  0.999997  1.000000  0.000147  0.000023  -0.000147  1.000000  -0.000017  -0.000023  0.000017  1.000000  0.999951  0.009801  0.001436  -0.009800  0.999952  -0.000569  -0.001441  0.000555  0.999999  0.000136  0.011953  
93.865524 0.003374  0.091749  -0.002635  0.995318  0.091114  0.032262  -0.091026  0.995840  -0.004169  -0.032507  0.001212  0.999471  0.002877  -0.005241  -0.004357  -0.053119  -0.084397  0.535167  2.000000  0.999945  0.010377  0.001533  -0.010376  0.999946  -0.000641  -0.001540  0.000625  0.999999  0.999934  0.011320  0.001993  -0.011317  0.999935  -0.001460  -0.002009  0.001437  0.999997  1.000000  0.000141  0.000025  -0.000141  1.000000  -0.000018  -0.000025  0.000018  1.000000  0.999945  0.010377  0.001533  -0.010376  0.999946  -0.000641  -0.001540  0.000625  0.999999  0.000136  0.011585  
93.866528 0.003376  0.091742  -0.002640  0.995309  0.091118  0.032517  -0.091026  0.995839  -0.004314  -0.032775  0.001334  0.999462  0.002958  -0.005479  -0.004461  -0.056830  -0.088821  0.521368  2.000000  0.999939  0.010930  0.001636  -0.010929  0.999940  -0.000722  -0.001643  0.000704  0.999998  0.999939  0.010908  0.001990  -0.010905  0.999939  -0.001690  -0.002009  0.001669  0.999997  1.000000  0.000136  0.000025  -0.000136  1.000000  -0.000021  -0.000025  0.000021  1.000000  0.999939  0.010930  0.001636  -0.010929  0.999940  -0.000722  -0.001643  0.000704  0.999998  0.000133  0.011215  
93.867819 0.003379  0.091733  -0.002646  0.995286  0.091327  0.032638  -0.091230  0.995820  -0.004453  -0.032909  0.001455  0.999457  0.003000  -0.005757  -0.004623  -0.060528  -0.084939  0.497368  2.000000  0.999931  0.011584  0.001761  -0.011582  0.999933  -0.000831  -0.001771  0.000810  0.999998  0.999947  0.010086  0.001991  -0.010082  0.999948  -0.001787  -0.002009  0.001767  0.999996  1.000000  0.000126  0.000025  -0.000126  1.000000  -0.000022  -0.000025  0.000022  1.000000  0.999931  0.011584  0.001761  -0.011582  0.999933  -0.000831  -0.001771  0.000810  0.999998  0.000128  0.010433  
93.869027 0.003381  0.091724  -0.002653  0.995263  0.091536  0.032759  -0.091435  0.995800  -0.004593  -0.033042  0.001576  0.999453  0.002962  -0.006026  -0.004805  -0.068386  -0.085060  0.484178  2.000000  0.999925  0.012073  0.001860  -0.012071  0.999927  -0.000925  -0.001871  0.000902  0.999998  0.999953  0.009469  0.001991  -0.009465  0.999953  -0.001890  -0.002008  0.001871  0.999996  1.000000  0.000118  0.000025  -0.000118  1.000000  -0.000024  -0.000025  0.000024  1.000000  0.999925  0.012073  0.001860  -0.012071  0.999927  -0.000925  -0.001871  0.000902  0.999998  0.000125  0.009857  
93.870028 0.003382  0.091717  -0.002658  0.995239  0.091746  0.032880  -0.091639  0.995781  -0.004733  -0.033176  0.001697  0.999448  0.002857  -0.006260  -0.004985  -0.072528  -0.085030  0.484180  2.000000  0.999921  0.012412  0.001931  -0.012410  0.999922  -0.000999  -0.001943  0.000975  0.999998  0.999959  0.008851  0.001857  -0.008847  0.999959  -0.001992  -0.001874  0.001975  0.999996  1.000000  0.000111  0.000023  -0.000111  1.000000  -0.000025  -0.000023  0.000025  1.000000  0.999921  0.012412  0.001931  -0.012410  0.999922  -0.000999  -0.001943  0.000975  0.999998  0.000123  0.009259  
93.871277 0.003383  0.091707  -0.002665  0.995239  0.091749  0.032869  -0.091639  0.995780  -0.004854  -0.033176  0.001818  0.999448  0.002619  -0.006501  -0.005137  -0.075926  -0.089534  0.463534  2.000000  0.999914  0.012935  0.002046  -0.012932  0.999916  -0.001120  -0.002060  0.001094  0.999997  0.999966  0.008028  0.001858  -0.008025  0.999966  -0.001964  -0.001873  0.001949  0.999996  1.000000  0.000100  0.000023  -0.000100  1.000000  -0.000024  -0.000023  0.000024  1.000000  0.999914  0.012935  0.002046  -0.012932  0.999916  -0.001120  -0.002060  0.001094  0.999997  0.000120  0.008470  
93.872524 0.003384  0.091698  -0.002672  0.995235  0.091758  0.032980  -0.091639  0.995779  -0.005108  -0.033310  0.002061  0.999443  0.002407  -0.006677  -0.005184  -0.082977  -0.093210  0.445983  2.000000  0.999909  0.013316  0.002143  -0.013313  0.999911  -0.001223  -0.002159  0.001195  0.999997  0.999971  0.007412  0.001992  -0.007407  0.999970  -0.002066  -0.002007  0.002051  0.999996  1.000000  0.000093  0.000025  -0.000093  1.000000  -0.000026  -0.000025  0.000026  1.000000  0.999909  0.013316  0.002143  -0.013313  0.999911  -0.001223  -0.002159  0.001195  0.999997  0.000116  0.007946  
93.873530 0.003385  0.091691  -0.002678  0.995235  0.091758  0.032980  -0.091639  0.995779  -0.005108  -0.033310  0.002061  0.999443  0.002196  -0.006811  -0.005250  -0.082766  -0.093994  0.421935  2.000000  0.999904  0.013666  0.002240  -0.013663  0.999906  -0.001328  -0.002258  0.001298  0.999997  0.999975  0.006794  0.001858  -0.006790  0.999975  -0.002046  -0.001872  0.002033  0.999996  1.000000  0.000085  0.000023  -0.000085  1.000000  -0.000025  -0.000023  0.000025  1.000000  0.999904  0.013666  0.002240  -0.013663  0.999906  -0.001328  -0.002258  0.001298  0.999997  0.000111  0.007333  
93.874778 0.003385  0.091682  -0.002685  0.995231  0.091766  0.033091  -0.091638  0.995778  -0.005361  -0.033443  0.002303  0.999438  0.001919  -0.006963  -0.005272  -0.089841  -0.098480  0.387374  2.000000  0.999898  0.014062  0.002359  -0.014059  0.999900  -0.001463  -0.002380  0.001429  0.999996  0.999980  0.005972  0.001993  -0.005967  0.999980  -0.002140  -0.002006  0.002128  0.999996  1.000000  0.000075  0.000025  -0.000075  1.000000  -0.000027  -0.000025  0.000027  1.000000  0.999898  0.014062  0.002359  -0.014059  0.999900  -0.001463  -0.002380  0.001429  0.999996  0.000104  0.006648  
93.876028 0.003385  0.091672  -0.002692  0.995207  0.091975  0.033212  -0.091843  0.995758  -0.005501  -0.033577  0.002425  0.999433  0.001603  -0.007114  -0.005321  -0.093329  -0.093987  0.366632  2.000000  0.999893  0.014415  0.002482  -0.014411  0.999895  -0.001603  -0.002505  0.001567  0.999996  0.999984  0.005355  0.001994  -0.005350  0.999983  -0.002242  -0.002005  0.002231  0.999996  1.000000  0.000067  0.000025  -0.000067  1.000000  -0.000028  -0.000025  0.000028  1.000000  0.999893  0.014415  0.002482  -0.014411  0.999895  -0.001603  -0.002505  0.001567  0.999996  0.000100  0.006136  
93.877278 0.003384  0.091661  -0.002700  0.995203  0.091980  0.033334  -0.091842  0.995758  -0.005634  -0.033711  0.002546  0.999428  0.001214  -0.007323  -0.005384  -0.096623  -0.089540  0.339107  2.000000  0.999892  0.014479  0.002507  -0.014475  0.999894  -0.001632  -0.002530  0.001595  0.999996  0.999988  0.004532  0.001995  -0.004527  0.999987  -0.002336  -0.002006  0.002327  0.999995  1.000000  0.000000  0.000000  0.000000  1.000000  0.000000  0.000000  0.000000  1.000000  0.999892  0.014479  0.002507  -0.014475  0.999894  -0.001632  -0.002530  0.001595  0.999996  0.000094  0.000000  
93.878523 0.003381  0.091650  -0.002709  0.995194  0.091985  0.033589  -0.091841  0.995757  -0.005780  -0.033978  0.002667  0.999419  0.000801  -0.007548  -0.005554  -0.099640  -0.089545  0.304449  2.000000  0.999892  0.014479  0.002507  -0.014475  0.999894  -0.001632  -0.002530  0.001595  0.999996  0.999991  0.003709  0.001863  -0.003704  0.999990  -0.002309  -0.001872  0.002302  0.999996  1.000000  0.000000  0.000000  0.000000  1.000000  0.000000  0.000000  0.000000  1.000000  0.999892  0.014479  0.002507  -0.014475  0.999894  -0.001632  -0.002530  0.001595  0.999996  0.000086  0.000000  
93.879524 0.003379  0.091640  -0.002715  0.995189  0.091989  0.033711  -0.091841  0.995756  -0.005913  -0.034112  0.002788  0.999414  0.000449  -0.007753  -0.005667  -0.098986  -0.094040  0.283729  2.000000  0.999892  0.014479  0.002507  -0.014475  0.999894  -0.001632  -0.002530  0.001595  0.999996  0.999993  0.003092  0.001864  -0.003087  0.999993  -0.002288  -0.001871  0.002282  0.999996  1.000000  0.000000  0.000000  0.000000  1.000000  0.000000  0.000000  0.000000  1.000000  0.999892  0.014479  0.002507  -0.014475  0.999894  -0.001632  -0.002530  0.001595  0.999996  0.000080  0.000000  
93.880528 0.003376  0.091631  -0.002722  0.995189  0.091993  0.033700  -0.091841  0.995755  -0.006034  -0.034112  0.002909  0.999414  0.000123  -0.007915  -0.005814  -0.101524  -0.093265  0.260776  2.000000  0.999892  0.014479  0.002507  -0.014475  0.999894  -0.001632  -0.002530  0.001595  0.999996  0.999994  0.002681  0.001999  -0.002676  0.999994  -0.002396  -0.002005  0.002391  0.999995  1.000000  0.000000  0.000000  0.000000  1.000000  0.000000  0.000000  0.000000  1.000000  0.999892  0.014479  0.002507  -0.014475  0.999894  -0.001632  -0.002530  0.001595  0.999996  0.000075  0.000000  
93.881777 0.003373  0.091619  -0.002731  0.995166  0.092207  0.033810  -0.092046  0.995735  -0.006294  -0.034246  0.003152  0.999408  -0.000279  -0.008109  -0.005989  -0.105803  -0.094031  0.242223  2.000000  0.999892  0.014479  0.002507  -0.014475  0.999894  -0.001632  -0.002530  0.001595  0.999996  0.999995  0.002475  0.001999  -0.002470  0.999994  -0.002389  -0.002005  0.002384  0.999995  1.000000  0.000000  0.000000  0.000000  1.000000  0.000000  0.000000  0.000000  1.000000  0.999892  0.014479  0.002507  -0.014475  0.999894  -0.001632  -0.002530  0.001595  0.999996  0.000072  0.000000  
93.883022 0.003369  0.091607  -0.002740  0.995166  0.092211  0.033798  -0.092046  0.995734  -0.006415  -0.034246  0.003273  0.999408  -0.000755  -0.008282  -0.006161  -0.108313  -0.093291  0.219684  2.000000  0.999892  0.014479  0.002507  -0.014475  0.999894  -0.001632  -0.002530  0.001595  0.999996  0.999996  0.002064  0.002000  -0.002059  0.999995  -0.002496  -0.002005  0.002492  0.999995  1.000000  0.000000  0.000000  0.000000  1.000000  0.000000  0.000000  0.000000  1.000000  0.999892  0.014479  0.002507  -0.014475  0.999894  -0.001632  -0.002530  0.001595  0.999996  0.000067  0.000000  
93.884028 0.003366  0.091599  -0.002746  0.995161  0.092215  0.033920  -0.092045  0.995733  -0.006548  -0.034379  0.003394  0.999403  -0.001068  -0.008346  -0.006256  -0.111714  -0.097793  0.199154  2.000000  0.999892  0.014479  0.002507  -0.014475  0.999894  -0.001632  -0.002530  0.001595  0.999996  0.999997  0.001652  0.001868  -0.001648  0.999996  -0.002482  -0.001872  0.002479  0.999995  1.000000  0.000000  0.000000  0.000000  1.000000  0.000000  0.000000  0.000000  1.000000  0.999892  0.014479  0.002507  -0.014475  0.999894  -0.001632  -0.002530  0.001595  0.999996  0.000062  0.000000  
93.885277 0.003362  0.091588  -0.002754  0.995161  0.092219  0.033909  -0.092045  0.995733  -0.006669  -0.034379  0.003516  0.999403  -0.001386  -0.008422  -0.006339  -0.110784  -0.093328  0.171652  2.000000  0.999892  0.014479  0.002507  -0.014475  0.999894  -0.001632  -0.002530  0.001595  0.999996  0.999997  0.001447  0.002002  -0.001442  0.999996  -0.002597  -0.002006  0.002594  0.999995  1.000000  0.000000  0.000000  0.000000  1.000000  0.000000  0.000000  0.000000  1.000000  0.999892  0.014479  0.002507  -0.014475  0.999894  -0.001632  -0.002530  0.001595  0.999996  0.000057  0.000000  
93.886279 0.003359  0.091580  -0.002761  0.995157  0.092224  0.034031  -0.092045  0.995732  -0.006802  -0.034513  0.003637  0.999398  -0.001704  -0.008519  -0.006430  0.000000  0.000000  0.000000  2.000000  0.999892  0.014479  0.002507  -0.014475  0.999894  -0.001632  -0.002530  0.001595  0.999996  0.999997  0.001036  0.002003  -0.001031  0.999996  -0.002461  -0.002006  0.002459  0.999995  1.000000  0.000000  0.000000  0.000000  1.000000  0.000000  0.000000  0.000000  1.000000  0.999892  0.014479  0.002507  -0.014475  0.999894  -0.001632  -0.002530  0.001595  0.999996  0.000000  0.000000  
93.887524 0.003355  0.091569  -0.002769  0.995152  0.092229  0.034153  -0.092044  0.995731  -0.006935  -0.034647  0.003758  0.999393  -0.002019  -0.008619  -0.006473  0.000000  0.000000  0.000000  2.000000  0.999892  0.014479  0.002507  -0.014475  0.999894  -0.001632  -0.002530  0.001595  0.999996  0.999998  0.000830  0.001736  -0.000825  0.999997  -0.002454  -0.001738  0.002453  0.999995  1.000000  0.000000  0.000000  0.000000  1.000000  0.000000  0.000000  0.000000  1.000000  0.999892  0.014479  0.002507  -0.014475  0.999894  -0.001632  -0.002530  0.001595  0.999996  0.000000  0.000000  
93.888782 0.003351  0.091560  -0.002776  0.995152  0.092233  0.034142  -0.092044  0.995730  -0.007056  -0.034647  0.003879  0.999392  -0.002326  -0.008646  -0.006396  0.000000  0.000000  0.000000  2.000000  0.999892  0.014479  0.002507  -0.014475  0.999894  -0.001632  -0.002530  0.001595  0.999996  0.999998  0.000624  0.001737  -0.000620  0.999997  -0.002326  -0.001738  0.002325  0.999996  1.000000  0.000000  0.000000  0.000000  1.000000  0.000000  0.000000  0.000000  1.000000  0.999892  0.014479  0.002507  -0.014475  0.999894  -0.001632  -0.002530  0.001595  0.999996  0.000000  0.000000  
93.890029 0.003347  0.091550  -0.002783  0.995147  0.092237  0.034264  -0.092044  0.995729  -0.007189  -0.034781  0.004000  0.999387  -0.002592  -0.008638  -0.006387  0.000000  0.000000  0.000000  2.000000  0.999892  0.014479  0.002507  -0.014475  0.999894  -0.001632  -0.002530  0.001595  0.999996  0.999999  0.000418  0.001604  -0.000414  0.999997  -0.002319  -0.001605  0.002318  0.999996  1.000000  0.000000  0.000000  0.000000  1.000000  0.000000  0.000000  0.000000  1.000000  0.999892  0.014479  0.002507  -0.014475  0.999894  -0.001632  -0.002530  0.001595  0.999996  0.000000  0.000000  
93.891029 0.003344  0.091543  -0.002788  0.995147  0.092242  0.034253  -0.092044  0.995728  -0.007310  -0.034781  0.004122  0.999386  -0.002801  -0.008622  -0.006391  0.000000  0.000000  0.000000  2.000000  0.999892  0.014479  0.002507  -0.014475  0.999894  -0.001632  -0.002530  0.001595  0.999996  0.999999  0.000418  0.001604  -0.000414  0.999997  -0.002319  -0.001605  0.002318  0.999996  1.000000  0.000000  0.000000  0.000000  1.000000  0.000000  0.000000  0.000000  1.000000  0.999892  0.014479  0.002507  -0.014475  0.999894  -0.001632  -0.002530  0.001595  0.999996  0.000000  0.000000  
93.892029 0.003340  0.091535  -0.002793  0.995147  0.092246  0.034242  -0.092044  0.995727  -0.007431  -0.034781  0.004243  0.999386  -0.002982  -0.008535  -0.006287  0.000000  0.000000  0.000000  2.000000  0.999892  0.014479  0.002507  -0.014475  0.999894  -0.001632  -0.002530  0.001595  0.999996  0.999999  0.000418  0.001470  -0.000414  0.999997  -0.002319  -0.001471  0.002318  0.999996  1.000000  0.000000  0.000000  0.000000  1.000000  0.000000  0.000000  0.000000  1.000000  0.999892  0.014479  0.002507  -0.014475  0.999894  -0.001632  -0.002530  0.001595  0.999996  0.000000  0.000000  
93.893273 0.003336  0.091526  -0.002799  0.995128  0.092459  0.034218  -0.092249  0.995706  -0.007679  -0.034781  0.004485  0.999385  -0.003102  -0.008395  -0.006143  0.000000  0.000000  0.000000  2.000000  0.999892  0.014479  0.002507  -0.014475  0.999894  -0.001632  -0.002530  0.001595  0.999996  0.999999  0.000624  0.001469  -0.000620  0.999997  -0.002447  -0.001471  0.002447  0.999996  1.000000  0.000000  0.000000  0.000000  1.000000  0.000000  0.000000  0.000000  1.000000  0.999892  0.014479  0.002507  -0.014475  0.999894  -0.001632  -0.002530  0.001595  0.999996  0.000000  0.000000  
93.894525 0.003331  0.091516  -0.002806  0.995128  0.092463  0.034206  -0.092249  0.995705  -0.007800  -0.034781  0.004606  0.999384  -0.003177  -0.008230  -0.006010  0.000000  0.000000  0.000000  2.000000  0.999892  0.014479  0.002507  -0.014475  0.999894  -0.001632  -0.002530  0.001595  0.999996  0.999999  0.000623  0.001335  -0.000620  0.999997  -0.002447  -0.001337  0.002447  0.999996  1.000000  0.000000  0.000000  0.000000  1.000000  0.000000  0.000000  0.000000  1.000000  0.999892  0.014479  0.002507  -0.014475  0.999894  -0.001632  -0.002530  0.001595  0.999996  0.000000  0.000000  
93.895775 0.003328  0.091507  -0.002813  0.995128  0.092467  0.034195  -0.092249  0.995704  -0.007921  -0.034781  0.004728  0.999384  -0.003200  -0.008066  -0.005880  0.000000  0.000000  0.000000  2.000000  0.999892  0.014479  0.002507  -0.014475  0.999894  -0.001632  -0.002530  0.001595  0.999996  0.999999  0.000417  0.001202  -0.000414  0.999997  -0.002319  -0.001203  0.002318  0.999997  1.000000  0.000000  0.000000  0.000000  1.000000  0.000000  0.000000  0.000000  1.000000  0.999892  0.014479  0.002507  -0.014475  0.999894  -0.001632  -0.002530  0.001595  0.999996  0.000000  0.000000  
93.897024 0.003324  0.091498  -0.002819  0.995105  0.092677  0.034315  -0.092453  0.995684  -0.008061  -0.034914  0.004849  0.999379  -0.003179  -0.007937  -0.005727  0.000000  0.000000  0.000000  2.000000  0.999892  0.014479  0.002507  -0.014475  0.999894  -0.001632  -0.002530  0.001595  0.999996  0.999999  0.000417  0.001202  -0.000415  0.999997  -0.002319  -0.001203  0.002319  0.999997  1.000000  0.000000  0.000000  0.000000  1.000000  0.000000  0.000000  0.000000  1.000000  0.999892  0.014479  0.002507  -0.014475  0.999894  -0.001632  -0.002530  0.001595  0.999996  0.000000  0.000000  
93.898024 0.003323  0.091491  -0.002823  0.995105  0.092681  0.034304  -0.092453  0.995683  -0.008182  -0.034914  0.004970  0.999378  -0.003103  -0.007777  -0.005538  0.000000  0.000000  0.000000  2.000000  0.999892  0.014479  0.002507  -0.014475  0.999894  -0.001632  -0.002530  0.001595  0.999996  0.999999  0.000623  0.001067  -0.000620  0.999997  -0.002326  -0.001069  0.002326  0.999997  1.000000  0.000000  0.000000  0.000000  1.000000  0.000000  0.000000  0.000000  1.000000  0.999892  0.014479  0.002507  -0.014475  0.999894  -0.001632  -0.002530  0.001595  0.999996  0.000000  0.000000  
93.899274 0.003321  0.091482  -0.002828  0.995105  0.092685  0.034293  -0.092453  0.995682  -0.008302  -0.034914  0.005091  0.999377  -0.002961  -0.007612  -0.005334  0.000000  0.000000  0.000000  2.000000  0.999892  0.014479  0.002507  -0.014475  0.999894  -0.001632  -0.002530  0.001595  0.999996  0.999999  0.000622  0.000933  -0.000620  0.999997  -0.002326  -0.000935  0.002326  0.999997  1.000000  0.000000  0.000000  0.000000  1.000000  0.000000  0.000000  0.000000  1.000000  0.999892  0.014479  0.002507  -0.014475  0.999894  -0.001632  -0.002530  0.001595  0.999996  0.000000  0.000000  
93.900524 0.003320  0.091475  -0.002833  0.995086  0.092895  0.034280  -0.092658  0.995662  -0.008430  -0.034914  0.005213  0.999377  -0.002763  -0.007423  -0.005162  0.000000  0.000000  0.000000  2.000000  0.999892  0.014479  0.002507  -0.014475  0.999894  -0.001632  -0.002530  0.001595  0.999996  0.999999  0.000621  0.000800  -0.000620  0.999997  -0.002205  -0.000801  0.002204  0.999997  1.000000  0.000000  0.000000  0.000000  1.000000  0.000000  0.000000  0.000000  1.000000  0.999892  0.014479  0.002507  -0.014475  0.999894  -0.001632  -0.002530  0.001595  0.999996  0.000000  0.000000  
93.901773 0.003319  0.091467  -0.002839  0.995086  0.092895  0.034280  -0.092658  0.995662  -0.008430  -0.034914  0.005213  0.999377  -0.002558  -0.007258  -0.004980  0.000000  0.000000  0.000000  2.000000  0.999892  0.014479  0.002507  -0.014475  0.999894  -0.001632  -0.002530  0.001595  0.999996  1.000000  0.000621  0.000666  -0.000619  0.999997  -0.002205  -0.000667  0.002204  0.999997  1.000000  0.000000  0.000000  0.000000  1.000000  0.000000  0.000000  0.000000  1.000000  0.999892  0.014479  0.002507  -0.014475  0.999894  -0.001632  -0.002530  0.001595  0.999996  0.000000  0.000000  
93.902777 0.003318  0.091461  -0.002843  0.995086  0.092899  0.034269  -0.092658  0.995661  -0.008551  -0.034914  0.005334  0.999376  -0.002359  -0.007103  -0.004825  0.000000  0.000000  0.000000  2.000000  0.999892  0.014479  0.002507  -0.014475  0.999894  -0.001632  -0.002530  0.001595  0.999996  1.000000  0.000621  0.000666  -0.000619  0.999998  -0.002084  -0.000667  0.002083  0.999998  1.000000  0.000000  0.000000  0.000000  1.000000  0.000000  0.000000  0.000000  1.000000  0.999892  0.014479  0.002507  -0.014475  0.999894  -0.001632  -0.002530  0.001595  0.999996  0.000000  0.000000  
93.904034 0.003318  0.091453  -0.002848  0.995071  0.093103  0.034134  -0.092863  0.995642  -0.008546  -0.034781  0.005334  0.999381  -0.002135  -0.006935  -0.004670  0.000000  0.000000  0.000000  2.000000  0.999892  0.014479  0.002507  -0.014475  0.999894  -0.001632  -0.002530  0.001595  0.999996  1.000000  0.000826  0.000531  -0.000825  0.999997  -0.002091  -0.000533  0.002090  0.999998  1.000000  0.000000  0.000000  0.000000  1.000000  0.000000  0.000000  0.000000  1.000000  0.999892  0.014479  0.002507  -0.014475  0.999894  -0.001632  -0.002530  0.001595  0.999996  0.000000  0.000000  
93.905274 0.003318  0.091445  -0.002852  0.995067  0.093104  0.034267  -0.092863  0.995642  -0.008558  -0.034914  0.005334  0.999376  -0.001866  -0.006843  -0.004531  0.000000  0.000000  0.000000  2.000000  0.999892  0.014479  0.002507  -0.014475  0.999894  -0.001632  -0.002530  0.001595  0.999996  1.000000  0.000825  0.000397  -0.000824  0.999998  -0.001969  -0.000399  0.001969  0.999998  1.000000  0.000000  0.000000  0.000000  1.000000  0.000000  0.000000  0.000000  1.000000  0.999892  0.014479  0.002507  -0.014475  0.999894  -0.001632  -0.002530  0.001595  0.999996  0.000000  0.000000  
93.906274 0.003318  0.091440  -0.002855  0.995047  0.093313  0.034254  -0.093068  0.995622  -0.008686  -0.034914  0.005455  0.999375  -0.001649  -0.006756  -0.004412  0.000000  0.000000  0.000000  2.000000  0.999892  0.014479  0.002507  -0.014475  0.999894  -0.001632  -0.002530  0.001595  0.999996  0.999999  0.001032  0.000530  -0.001031  0.999998  -0.001977  -0.000532  0.001976  0.999998  1.000000  0.000000  0.000000  0.000000  1.000000  0.000000  0.000000  0.000000  1.000000  0.999892  0.014479  0.002507  -0.014475  0.999894  -0.001632  -0.002530  0.001595  0.999996  0.000000  0.000000  
93.907527 0.003319  0.091433  -0.002858  0.995028  0.093522  0.034241  -0.093273  0.995602  -0.008814  -0.034914  0.005576  0.999375  -0.001311  -0.006564  -0.004214  0.000000  0.000000  0.000000  2.000000  0.999892  0.014479  0.002507  -0.014475  0.999894  -0.001632  -0.002530  0.001595  0.999996  0.999999  0.001237  0.000395  -0.001236  0.999998  -0.001863  -0.000397  0.001862  0.999998  1.000000  0.000000  0.000000  0.000000  1.000000  0.000000  0.000000  0.000000  1.000000  0.999892  0.014479  0.002507  -0.014475  0.999894  -0.001632  -0.002530  0.001595  0.999996  0.000000  0.000000  
93.908772 0.003319  0.091426  -0.002862  0.995028  0.093522  0.034241  -0.093273  0.995602  -0.008814  -0.034914  0.005576  0.999375  -0.000974  -0.006372  -0.004016  0.000000  0.000000  0.000000  2.000000  0.999892  0.014479  0.002507  -0.014475  0.999894  -0.001632  -0.002530  0.001595  0.999996  0.999999  0.001236  0.000261  -0.001236  0.999998  -0.001741  -0.000263  0.001741  0.999998  1.000000  0.000000  0.000000  0.000000  1.000000  0.000000  0.000000  0.000000  1.000000  0.999892  0.014479  0.002507  -0.014475  0.999894  -0.001632  -0.002530  0.001595  0.999996  0.000000  0.000000  
