1-Time 2-Px 3-Py 4-Pz 5-R11 6-R21 7-R31 8-R12 9-R22 10-R32 11-R13 12-R23 13-R33 14-Vx 15-Vy 16-Vz 17-Wx 18-Wy 19-Wz 20-state 21-PR11 22-PR21 23-PR31 24-PR12 25-PR22 26-PR32 27-PR13 28-PR23 29-PR33 
55.524234 0.004651  0.092892  -0.004935  0.998106  0.061501  0.001556  -0.061517  0.998003  0.014365  -0.000669  -0.014434  0.999896  -0.000033  0.000016  -0.000075  0.000000  0.000000  0.000000  2.000000  1.000000  0.000000  0.000000  -0.000000  1.000000  0.000000  0.000000  -0.000000  1.000000  1.000000  0.000000  0.000000  -0.000000  1.000000  0.000000  -0.000000  -0.000000  1.000000  1.000000  0.000000  0.000000  0.000000  1.000000  0.000000  0.000000  0.000000  1.000000  0.695664  0.479652  0.534776  -0.381507  0.877457  -0.290726  -0.608690  -0.001773  0.793406  0.000000  0.000000  
55.525486 0.004651  0.092892  -0.004935  0.998093  0.061706  0.001559  -0.061722  0.997990  0.014365  -0.000669  -0.014434  0.999896  -0.000043  -0.000038  -0.000119  0.000000  0.000000  0.000000  2.000000  1.000000  0.000000  0.000000  0.000000  1.000000  0.000000  0.000000  0.000000  1.000000  1.000000  0.000206  0.000003  -0.000206  1.000000  -0.000000  -0.000003  0.000000  1.000000  1.000000  0.000000  0.000000  0.000000  1.000000  0.000000  0.000000  0.000000  1.000000  1.000000  0.000000  0.000000  0.000000  1.000000  0.000000  0.000000  0.000000  1.000000  0.000000  0.000000  
55.526738 0.004650  0.092890  -0.004938  0.998068  0.062117  0.001564  -0.062133  0.997965  0.014364  -0.000669  -0.014434  0.999896  -0.000066  -0.000182  -0.000295  0.000000  0.000000  0.000000  2.000000  1.000000  0.000000  0.000000  0.000000  1.000000  0.000000  0.000000  0.000000  1.000000  1.000000  0.000618  0.000009  -0.000618  1.000000  -0.000000  -0.000009  0.000000  1.000000  1.000000  0.000000  0.000000  0.000000  1.000000  0.000000  0.000000  0.000000  1.000000  1.000000  0.000000  0.000000  0.000000  1.000000  0.000000  0.000000  0.000000  1.000000  0.000000  0.000000  
55.527988 0.004650  0.092887  -0.004941  0.998029  0.062733  0.001581  -0.062749  0.997924  0.014484  -0.000669  -0.014555  0.999894  -0.000068  -0.000352  -0.000495  0.000000  0.000000  0.000000  2.000000  1.000000  0.000000  0.000000  0.000000  1.000000  0.000000  0.000000  0.000000  1.000000  0.999999  0.001029  0.000015  -0.001029  0.999999  -0.000001  -0.000015  0.000001  1.000000  1.000000  0.000000  0.000000  0.000000  1.000000  0.000000  0.000000  0.000000  1.000000  1.000000  0.000000  0.000000  0.000000  1.000000  0.000000  0.000000  0.000000  1.000000  0.000000  0.000000  
55.529239 0.004651  0.092885  -0.004944  0.998016  0.062937  0.001717  -0.062955  0.997911  0.014476  -0.000803  -0.014555  0.999894  -0.000018  -0.000523  -0.000698  0.000000  0.000000  0.000000  2.000000  1.000000  0.000000  0.000000  0.000000  1.000000  0.000000  0.000000  0.000000  1.000000  0.999999  0.001439  0.000155  -0.001439  0.999999  0.000120  -0.000155  -0.000120  1.000000  1.000000  0.000000  0.000000  0.000000  1.000000  0.000000  0.000000  0.000000  1.000000  1.000000  0.000000  0.000000  0.000000  1.000000  0.000000  0.000000  0.000000  1.000000  0.000000  0.000000  
55.530486 0.004652  0.092882  -0.004946  0.997990  0.063347  0.001731  -0.063366  0.997884  0.014596  -0.000803  -0.014676  0.999892  0.000071  -0.000689  -0.000870  0.000000  0.000000  0.000000  2.000000  1.000000  0.000000  0.000000  0.000000  1.000000  0.000000  0.000000  0.000000  1.000000  0.999999  0.001645  0.000158  -0.001645  0.999999  0.000241  -0.000158  -0.000242  1.000000  1.000000  0.000000  0.000000  0.000000  1.000000  0.000000  0.000000  0.000000  1.000000  1.000000  0.000000  0.000000  0.000000  1.000000  0.000000  0.000000  0.000000  1.000000  0.000000  0.000000  
55.531731 0.004654  0.092881  -0.004949  0.997964  0.063760  0.001604  -0.063777  0.997857  0.014604  -0.000669  -0.014676  0.999892  0.000190  -0.000828  -0.001022  0.000000  0.000000  0.000000  2.000000  1.000000  0.000000  0.000000  0.000000  1.000000  0.000000  0.000000  0.000000  1.000000  0.999998  0.002058  0.000030  -0.002058  0.999998  0.000241  -0.000030  -0.000241  1.000000  1.000000  0.000000  0.000000  0.000000  1.000000  0.000000  0.000000  0.000000  1.000000  1.000000  0.000000  0.000000  0.000000  1.000000  0.000000  0.000000  0.000000  1.000000  0.000000  0.000000  
55.532732 0.004655  0.092879  -0.004951  0.997938  0.064173  0.001484  -0.064188  0.997829  0.014733  -0.000535  -0.014798  0.999890  0.000236  -0.000940  -0.001148  0.000000  0.000000  0.000000  2.000000  1.000000  0.000000  0.000000  0.000000  1.000000  0.000000  0.000000  0.000000  1.000000  0.999996  0.002678  -0.000094  -0.002678  0.999996  0.000362  0.000095  -0.000362  1.000000  1.000000  0.000000  0.000000  0.000000  1.000000  0.000000  0.000000  0.000000  1.000000  1.000000  0.000000  0.000000  0.000000  1.000000  0.000000  0.000000  0.000000  1.000000  0.000000  0.000000  
55.533733 0.004656  0.092878  -0.004953  0.997898  0.064791  0.001359  -0.064804  0.997789  0.014741  -0.000401  -0.014798  0.999890  0.000326  -0.001028  -0.001286  0.000000  0.000000  0.000000  2.000000  1.000000  0.000000  0.000000  0.000000  1.000000  0.000000  0.000000  0.000000  1.000000  0.999995  0.003092  -0.000222  -0.003092  0.999995  0.000363  0.000223  -0.000362  1.000000  1.000000  0.000000  0.000000  0.000000  1.000000  0.000000  0.000000  0.000000  1.000000  1.000000  0.000000  0.000000  0.000000  1.000000  0.000000  0.000000  0.000000  1.000000  0.000000  0.000000  
55.534733 0.004657  0.092876  -0.004955  0.997871  0.065202  0.001366  -0.065215  0.997762  0.014740  -0.000401  -0.014798  0.999890  0.000438  -0.001143  -0.001448  0.000000  0.000000  0.000000  2.000000  1.000000  0.000000  0.000000  0.000000  1.000000  0.000000  0.000000  0.000000  1.000000  0.999993  0.003709  -0.000213  -0.003709  0.999993  0.000362  0.000214  -0.000362  1.000000  1.000000  0.000000  0.000000  0.000000  1.000000  0.000000  0.000000  0.000000  1.000000  1.000000  0.000000  0.000000  0.000000  1.000000  0.000000  0.000000  0.000000  1.000000  0.000000  0.000000  
55.535733 0.004658  0.092874  -0.004958  0.997831  0.065818  0.001383  -0.065831  0.997720  0.014860  -0.000401  -0.014919  0.999889  0.000502  -0.001239  -0.001652  0.000000  0.000000  0.000000  2.000000  1.000000  0.000000  0.000000  0.000000  1.000000  0.000000  0.000000  0.000000  1.000000  0.999991  0.004121  -0.000206  -0.004121  0.999991  0.000483  0.000208  -0.000483  1.000000  1.000000  0.000000  0.000000  0.000000  1.000000  0.000000  0.000000  0.000000  1.000000  1.000000  0.000000  0.000000  0.000000  1.000000  0.000000  0.000000  0.000000  1.000000  0.000000  0.000000  
55.536983 0.004660  0.092873  -0.004961  0.997790  0.066434  0.001392  -0.066447  0.997679  0.014859  -0.000401  -0.014919  0.999889  0.000596  -0.001311  -0.001797  0.000000  0.000000  0.000000  2.000000  1.000000  0.000000  0.000000  0.000000  1.000000  0.000000  0.000000  0.000000  1.000000  0.999989  0.004738  -0.000197  -0.004738  0.999989  0.000483  0.000199  -0.000482  1.000000  1.000000  0.000000  0.000000  0.000000  1.000000  0.000000  0.000000  0.000000  1.000000  1.000000  0.000000  0.000000  0.000000  1.000000  0.000000  0.000000  0.000000  1.000000  0.000000  0.000000  
55.537987 0.004661  0.092872  -0.004964  0.997749  0.067050  0.001401  -0.067064  0.997638  0.014858  -0.000401  -0.014919  0.999889  0.000693  -0.001376  -0.002018  0.016203  0.006249  0.186881  2.000000  1.000000  0.000104  0.000166  -0.000104  1.000000  0.000018  -0.000166  -0.000018  1.000000  0.999986  0.005356  -0.000188  -0.005356  0.999986  0.000483  0.000190  -0.000482  1.000000  1.000000  0.000036  0.000057  -0.000036  1.000000  0.000006  -0.000057  -0.000006  1.000000  1.000000  0.000104  0.000166  -0.000104  1.000000  0.000018  -0.000166  -0.000018  1.000000  0.000045  0.005381  
55.538994 0.004663  0.092871  -0.004966  0.997707  0.067666  0.001410  -0.067680  0.997596  0.014858  -0.000401  -0.014919  0.999889  0.000813  -0.001436  -0.002136  0.016188  0.005944  0.207592  2.000000  1.000000  0.000256  0.000411  -0.000256  1.000000  0.000042  -0.000411  -0.000042  1.000000  0.999982  0.005974  -0.000179  -0.005973  0.999982  0.000483  0.000181  -0.000481  1.000000  1.000000  0.000039  0.000064  -0.000039  1.000000  0.000006  -0.000064  -0.000006  1.000000  1.000000  0.000256  0.000411  -0.000256  1.000000  0.000042  -0.000411  -0.000042  1.000000  0.000050  0.005996  
55.540241 0.004664  0.092869  -0.004970  0.997665  0.068282  0.001419  -0.068296  0.997554  0.014857  -0.000401  -0.014919  0.999889  0.000899  -0.001560  -0.002364  0.016178  0.005639  0.228353  2.000000  1.000000  0.000425  0.000685  -0.000425  1.000000  0.000066  -0.000685  -0.000066  1.000000  0.999978  0.006591  -0.000169  -0.006591  0.999978  0.000482  0.000172  -0.000481  1.000000  1.000000  0.000043  0.000070  -0.000043  1.000000  0.000006  -0.000070  -0.000006  1.000000  1.000000  0.000425  0.000685  -0.000425  1.000000  0.000066  -0.000685  -0.000066  1.000000  0.000056  0.006611  
55.541242 0.004665  0.092867  -0.004974  0.997623  0.068900  0.001295  -0.068912  0.997512  0.014865  -0.000268  -0.014919  0.999889  0.000991  -0.001570  -0.002468  0.016183  0.009829  0.249157  2.000000  0.999999  0.000611  0.000982  -0.000611  1.000000  0.000090  -0.000982  -0.000091  1.000000  0.999974  0.007211  -0.000294  -0.007210  0.999974  0.000483  0.000297  -0.000481  1.000000  1.000000  0.000048  0.000076  -0.000048  1.000000  0.000006  -0.000076  -0.000006  1.000000  0.999999  0.000611  0.000982  -0.000611  1.000000  0.000090  -0.000982  -0.000091  1.000000  0.000061  0.007233  
55.542488 0.004667  0.092865  -0.004978  0.997580  0.069518  0.001179  -0.069528  0.997467  0.014995  -0.000134  -0.015040  0.999887  0.001113  -0.001553  -0.002554  0.020268  0.014004  0.269995  2.000000  0.999999  0.000865  0.001386  -0.000865  1.000000  0.000121  -0.001386  -0.000123  0.999999  0.999969  0.007828  -0.000284  -0.007828  0.999969  0.000604  0.000288  -0.000602  1.000000  1.000000  0.000052  0.000083  -0.000052  1.000000  0.000008  -0.000083  -0.000008  1.000000  0.999999  0.000865  0.001386  -0.000865  1.000000  0.000121  -0.001386  -0.000123  0.999999  0.000066  0.007857  
55.543737 0.004668  0.092862  -0.004981  0.997537  0.070134  0.001188  -0.070144  0.997424  0.014994  -0.000134  -0.015040  0.999887  0.001137  -0.001581  -0.002559  0.020266  0.013702  0.290825  2.000000  0.999998  0.001145  0.001819  -0.001145  0.999999  0.000159  -0.001819  -0.000161  0.999998  0.999964  0.008448  -0.000408  -0.008447  0.999964  0.000605  0.000413  -0.000601  1.000000  1.000000  0.000057  0.000089  -0.000057  1.000000  0.000008  -0.000089  -0.000008  1.000000  0.999998  0.001145  0.001819  -0.001145  0.999999  0.000159  -0.001819  -0.000161  0.999998  0.000071  0.008479  
55.544987 0.004670  0.092858  -0.004984  0.997493  0.070750  0.001206  -0.070760  0.997379  0.015114  -0.000134  -0.015162  0.999885  0.001224  -0.001654  -0.002566  0.024328  0.013374  0.311499  2.000000  0.999996  0.001444  0.002286  -0.001444  0.999999  0.000196  -0.002286  -0.000199  0.999997  0.999959  0.009065  -0.000399  -0.009065  0.999959  0.000605  0.000404  -0.000601  1.000000  1.000000  0.000061  0.000096  -0.000061  1.000000  0.000008  -0.000096  -0.000008  1.000000  0.999996  0.001444  0.002286  -0.001444  0.999999  0.000196  -0.002286  -0.000199  0.999997  0.000076  0.009094  
55.546238 0.004672  0.092855  -0.004988  0.997449  0.071364  0.001349  -0.071377  0.997335  0.015104  -0.000268  -0.015162  0.999885  0.001264  -0.001786  -0.002664  0.024296  0.008571  0.332165  2.000000  0.999995  0.001760  0.002784  -0.001760  0.999998  0.000240  -0.002784  -0.000245  0.999996  0.999953  0.009683  -0.000388  -0.009683  0.999953  0.000726  0.000395  -0.000722  1.000000  1.000000  0.000065  0.000102  -0.000065  1.000000  0.000009  -0.000102  -0.000009  1.000000  0.999995  0.001760  0.002784  -0.001760  0.999998  0.000240  -0.002784  -0.000245  0.999996  0.000083  0.009718  
55.547483 0.004675  0.092851  -0.004992  0.997405  0.071980  0.001367  -0.071993  0.997289  0.015224  -0.000268  -0.015283  0.999883  0.001382  -0.001921  -0.002795  0.028367  0.008245  0.352987  2.000000  0.999992  0.002075  0.003298  -0.002076  0.999998  0.000284  -0.003297  -0.000291  0.999995  0.999953  0.009681  -0.000255  -0.009681  0.999953  0.000724  0.000262  -0.000722  1.000000  1.000000  0.000063  0.000103  -0.000063  1.000000  0.000009  -0.000103  -0.000009  1.000000  0.999992  0.002075  0.003298  -0.002076  0.999998  0.000284  -0.003297  -0.000291  0.999995  0.000089  0.009711  
55.548739 0.004677  0.092845  -0.004997  0.997360  0.072596  0.001377  -0.072609  0.997244  0.015223  -0.000268  -0.015283  0.999883  0.001406  -0.002166  -0.002986  0.028351  0.007934  0.373655  2.000000  0.999990  0.002329  0.003713  -0.002330  0.999997  0.000324  -0.003712  -0.000333  0.999993  0.999953  0.009681  -0.000253  -0.009681  0.999953  0.000724  0.000260  -0.000722  1.000000  1.000000  0.000063  0.000103  -0.000063  1.000000  0.000009  -0.000103  -0.000009  1.000000  0.999990  0.002329  0.003713  -0.002330  0.999997  0.000324  -0.003712  -0.000333  0.999993  0.000092  0.009711  
55.549984 0.004679  0.092840  -0.005003  0.997331  0.073009  0.001249  -0.073019  0.997214  0.015232  -0.000134  -0.015283  0.999883  0.001451  -0.002358  -0.003147  0.028376  0.012226  0.387625  2.000000  0.999988  0.002597  0.004132  -0.002599  0.999997  0.000359  -0.004131  -0.000370  0.999991  0.999951  0.009891  -0.000518  -0.009890  0.999951  0.000726  0.000525  -0.000721  1.000000  1.000000  0.000067  0.000104  -0.000067  1.000000  0.000009  -0.000104  -0.000009  1.000000  0.999988  0.002597  0.004132  -0.002599  0.999997  0.000359  -0.004131  -0.000370  0.999991  0.000096  0.009931  
55.551233 0.004681  0.092834  -0.005009  0.997300  0.073419  0.001265  -0.073430  0.997182  0.015353  -0.000134  -0.015404  0.999881  0.001491  -0.002610  -0.003308  0.032454  0.011999  0.401556  2.000000  0.999985  0.002939  0.004661  -0.002941  0.999996  0.000403  -0.004659  -0.000417  0.999989  0.999949  0.010097  -0.000514  -0.010096  0.999949  0.000726  0.000521  -0.000720  1.000000  1.000000  0.000069  0.000106  -0.000069  1.000000  0.000009  -0.000106  -0.000009  1.000000  0.999985  0.002939  0.004661  -0.002941  0.999996  0.000403  -0.004659  -0.000417  0.999989  0.000099  0.010136  
55.552483 0.004684  0.092830  -0.005015  0.997270  0.073828  0.001404  -0.073840  0.997152  0.015342  -0.000268  -0.015404  0.999881  0.001572  -0.002871  -0.003469  0.032418  0.007295  0.415300  2.000000  0.999981  0.003276  0.005200  -0.003279  0.999995  0.000447  -0.005199  -0.000464  0.999986  0.999947  0.010298  -0.000243  -0.010298  0.999947  0.000724  0.000250  -0.000722  1.000000  1.000000  0.000067  0.000110  -0.000067  1.000000  0.000009  -0.000110  -0.000009  1.000000  0.999981  0.003276  0.005200  -0.003279  0.999995  0.000447  -0.005199  -0.000464  0.999986  0.000104  0.010327  
55.553733 0.004686  0.092825  -0.005021  0.997240  0.074238  0.001411  -0.074251  0.997122  0.015342  -0.000268  -0.015404  0.999881  0.001564  -0.003136  -0.003655  0.032412  0.007089  0.429144  2.000000  0.999977  0.003593  0.005734  -0.003595  0.999993  0.000484  -0.005732  -0.000504  0.999983  0.999951  0.009883  0.000018  -0.009883  0.999951  0.000603  -0.000012  -0.000603  1.000000  1.000000  0.000062  0.000107  -0.000062  1.000000  0.000008  -0.000107  -0.000008  1.000000  0.999977  0.003593  0.005734  -0.003595  0.999993  0.000484  -0.005732  -0.000504  0.999983  0.000108  0.009901  
55.554737 0.004687  0.092821  -0.005024  0.997224  0.074443  0.001414  -0.074456  0.997106  0.015341  -0.000268  -0.015404  0.999881  0.001599  -0.003285  -0.003690  0.032414  0.006987  0.436130  2.000000  0.999974  0.003835  0.006156  -0.003838  0.999993  0.000512  -0.006154  -0.000536  0.999981  0.999953  0.009677  0.000015  -0.009677  0.999953  0.000603  -0.000009  -0.000603  1.000000  1.000000  0.000060  0.000105  -0.000060  1.000000  0.000008  -0.000105  -0.000008  1.000000  0.999974  0.003835  0.006156  -0.003838  0.999993  0.000512  -0.006154  -0.000536  0.999981  0.000108  0.009696  
55.555988 0.004689  0.092816  -0.005028  0.997209  0.074647  0.001550  -0.074662  0.997091  0.015331  -0.000401  -0.015404  0.999881  0.001606  -0.003436  -0.003709  0.032388  0.002593  0.429130  2.000000  0.999969  0.004124  0.006658  -0.004128  0.999991  0.000545  -0.006655  -0.000573  0.999978  0.999959  0.009059  0.000006  -0.009059  0.999959  0.000482  -0.000001  -0.000482  1.000000  1.000000  0.000057  0.000098  -0.000057  1.000000  0.000006  -0.000098  -0.000006  1.000000  0.999969  0.004124  0.006658  -0.004128  0.999991  0.000545  -0.006655  -0.000573  0.999978  0.000108  0.009072  
55.557237 0.004690  0.092812  -0.005032  0.997193  0.074852  0.001544  -0.074867  0.997078  0.015210  -0.000401  -0.015283  0.999883  0.001577  -0.003585  -0.003709  0.028318  0.002825  0.415291  2.000000  0.999966  0.004339  0.007044  -0.004343  0.999990  0.000566  -0.007042  -0.000597  0.999975  0.999961  0.008851  0.000135  -0.008851  0.999961  0.000360  -0.000132  -0.000361  1.000000  1.000000  0.000054  0.000097  -0.000054  1.000000  0.000005  -0.000097  -0.000005  1.000000  0.999966  0.004339  0.007044  -0.004343  0.999990  0.000566  -0.007042  -0.000597  0.999975  0.000105  0.008860  
55.558237 0.004691  0.092808  -0.005035  0.997178  0.075057  0.001548  -0.075072  0.997062  0.015210  -0.000401  -0.015283  0.999883  0.001531  -0.003685  -0.003727  0.024210  0.007295  0.415299  2.000000  0.999962  0.004546  0.007415  -0.004550  0.999989  0.000582  -0.007412  -0.000616  0.999972  0.999966  0.008234  0.000126  -0.008234  0.999966  0.000360  -0.000123  -0.000361  1.000000  1.000000  0.000050  0.000090  -0.000050  1.000000  0.000005  -0.000090  -0.000005  1.000000  0.999962  0.004546  0.007415  -0.004550  0.999989  0.000582  -0.007412  -0.000616  0.999972  0.000101  0.008243  
55.559487 0.004691  0.092804  -0.005039  0.997178  0.075055  0.001681  -0.075072  0.997062  0.015200  -0.000535  -0.015283  0.999883  0.001457  -0.003760  -0.003773  0.023993  0.002981  0.398106  2.000000  0.999958  0.004785  0.007859  -0.004790  0.999988  0.000603  -0.007856  -0.000641  0.999969  0.999969  0.007820  0.000253  -0.007820  0.999969  0.000359  -0.000251  -0.000361  1.000000  1.000000  0.000046  0.000086  -0.000046  1.000000  0.000005  -0.000086  -0.000005  1.000000  0.999958  0.004785  0.007859  -0.004790  0.999988  0.000603  -0.007856  -0.000641  0.999969  0.000101  0.007833  
55.560737 0.004690  0.092799  -0.005044  0.997162  0.075261  0.001684  -0.075278  0.997047  0.015199  -0.000535  -0.015283  0.999883  0.001257  -0.003818  -0.003837  0.020142  -0.001515  0.401341  2.000000  0.999953  0.005003  0.008268  -0.005009  0.999987  0.000623  -0.008265  -0.000665  0.999966  0.999974  0.007203  0.000244  -0.007203  0.999974  0.000360  -0.000241  -0.000361  1.000000  1.000000  0.000042  0.000079  -0.000042  1.000000  0.000005  -0.000079  -0.000005  1.000000  0.999953  0.005003  0.008268  -0.005009  0.999987  0.000623  -0.008265  -0.000665  0.999966  0.000100  0.007216  
55.561992 0.004690  0.092794  -0.005048  0.997162  0.075261  0.001675  -0.075278  0.997049  0.015078  -0.000535  -0.015162  0.999885  0.001048  -0.003855  -0.003863  0.012031  -0.005703  0.380646  2.000000  0.999949  0.005194  0.008642  -0.005200  0.999986  0.000643  -0.008638  -0.000687  0.999962  0.999980  0.006377  0.000364  -0.006377  0.999980  0.000239  -0.000363  -0.000241  1.000000  1.000000  0.000036  0.000071  -0.000036  1.000000  0.000003  -0.000071  -0.000003  1.000000  0.999949  0.005194  0.008642  -0.005200  0.999986  0.000643  -0.008638  -0.000687  0.999962  0.000096  0.006392  
55.563239 0.004688  0.092789  -0.005054  0.997162  0.075261  0.001675  -0.075278  0.997049  0.015078  -0.000535  -0.015162  0.999885  0.000793  -0.003915  -0.003926  0.012061  -0.009885  0.359670  2.000000  0.999945  0.005362  0.008981  -0.005368  0.999985  0.000653  -0.008977  -0.000701  0.999959  0.999983  0.005758  0.000489  -0.005758  0.999983  0.000118  -0.000488  -0.000121  1.000000  1.000000  0.000031  0.000065  -0.000031  1.000000  0.000001  -0.000065  -0.000001  1.000000  0.999945  0.005362  0.008981  -0.005368  0.999985  0.000653  -0.008977  -0.000701  0.999959  0.000092  0.005780  
55.564484 0.004687  0.092784  -0.005059  0.997147  0.075464  0.001811  -0.075483  0.997033  0.015068  -0.000669  -0.015162  0.999885  0.000553  -0.003904  -0.003860  0.012046  -0.014176  0.345815  2.000000  0.999942  0.005507  0.009298  -0.005513  0.999985  0.000658  -0.009295  -0.000710  0.999957  0.999986  0.005344  0.000616  -0.005344  0.999986  0.000118  -0.000616  -0.000121  1.000000  1.000000  0.000027  0.000062  -0.000027  1.000000  0.000001  -0.000062  -0.000001  1.000000  0.999942  0.005507  0.009298  -0.005513  0.999985  0.000658  -0.009295  -0.000710  0.999957  0.000088  0.005381  
55.565732 0.004684  0.092779  -0.005064  0.997147  0.075464  0.001811  -0.075483  0.997033  0.015068  -0.000669  -0.015162  0.999885  0.000286  -0.003825  -0.003777  0.007914  -0.013770  0.322366  2.000000  0.999940  0.005559  0.009420  -0.005565  0.999984  0.000661  -0.009416  -0.000713  0.999955  0.999988  0.004932  0.000610  -0.004932  0.999988  0.000118  -0.000609  -0.000121  1.000000  1.000000  0.000000  0.000000  0.000000  1.000000  0.000000  0.000000  0.000000  1.000000  0.999940  0.005559  0.009420  -0.005565  0.999984  0.000661  -0.009416  -0.000713  0.999955  0.000082  0.000000  
55.566735 0.004683  0.092775  -0.005068  0.997147  0.075464  0.001811  -0.075483  0.997033  0.015068  -0.000669  -0.015162  0.999885  0.000015  -0.003830  -0.003712  0.007991  -0.013573  0.304299  2.000000  0.999940  0.005559  0.009420  -0.005565  0.999984  0.000661  -0.009416  -0.000713  0.999955  0.999991  0.004315  0.000601  -0.004315  0.999991  -0.000003  -0.000601  0.000000  1.000000  1.000000  0.000000  0.000000  0.000000  1.000000  0.000000  0.000000  0.000000  1.000000  0.999940  0.005559  0.009420  -0.005565  0.999984  0.000661  -0.009416  -0.000713  0.999955  0.000077  0.000000  
55.567983 0.004680  0.092770  -0.005073  0.997147  0.075464  0.001811  -0.075483  0.997033  0.015068  -0.000669  -0.015162  0.999885  -0.000331  -0.003849  -0.003695  0.007937  -0.013152  0.281231  2.000000  0.999940  0.005559  0.009420  -0.005565  0.999984  0.000661  -0.009416  -0.000713  0.999955  0.999993  0.003699  0.000458  -0.003699  0.999993  -0.000003  -0.000458  0.000001  1.000000  1.000000  0.000000  0.000000  0.000000  1.000000  0.000000  0.000000  0.000000  1.000000  0.999940  0.005559  0.009420  -0.005565  0.999984  0.000661  -0.009416  -0.000713  0.999955  0.000071  0.000000  
55.568983 0.004677  0.092765  -0.005077  0.997147  0.075464  0.001811  -0.075483  0.997033  0.015068  -0.000669  -0.015162  0.999885  -0.000627  -0.003933  -0.003744  0.007950  -0.012846  0.260705  2.000000  0.999940  0.005559  0.009420  -0.005565  0.999984  0.000661  -0.009416  -0.000713  0.999955  0.999995  0.003082  0.000448  -0.003082  0.999995  -0.000123  -0.000449  0.000122  1.000000  1.000000  0.000000  0.000000  0.000000  1.000000  0.000000  0.000000  0.000000  1.000000  0.999940  0.005559  0.009420  -0.005565  0.999984  0.000661  -0.009416  -0.000713  0.999955  0.000067  0.000000  
55.569988 0.004674  0.092760  -0.005083  0.997147  0.075462  0.001945  -0.075483  0.997033  0.015058  -0.000803  -0.015162  0.999885  -0.000917  -0.003998  -0.003837  0.008010  -0.017136  0.242000  2.000000  0.999940  0.005559  0.009420  -0.005565  0.999984  0.000661  -0.009416  -0.000713  0.999955  0.999996  0.002666  0.000709  -0.002666  0.999996  -0.000123  -0.000710  0.000122  1.000000  1.000000  0.000000  0.000000  0.000000  1.000000  0.000000  0.000000  0.000000  1.000000  0.999940  0.005559  0.009420  -0.005565  0.999984  0.000661  -0.009416  -0.000713  0.999955  0.000062  0.000000  
55.571245 0.004670  0.092753  -0.005090  0.997147  0.075462  0.001936  -0.075483  0.997035  0.014937  -0.000803  -0.015040  0.999887  -0.001355  -0.004130  -0.004046  0.003958  -0.021299  0.221083  2.000000  0.999940  0.005559  0.009420  -0.005565  0.999984  0.000661  -0.009416  -0.000713  0.999955  0.999997  0.002254  0.000703  -0.002254  0.999997  -0.000366  -0.000704  0.000364  1.000000  1.000000  0.000000  0.000000  0.000000  1.000000  0.000000  0.000000  0.000000  1.000000  0.999940  0.005559  0.009420  -0.005565  0.999984  0.000661  -0.009416  -0.000713  0.999955  0.000056  0.000000  
55.572493 0.004665  0.092748  -0.005096  0.997147  0.075462  0.001936  -0.075483  0.997035  0.014937  -0.000803  -0.015040  0.999887  -0.001706  -0.004228  -0.004223  -0.000094  -0.025497  0.200276  2.000000  0.999940  0.005559  0.009420  -0.005565  0.999984  0.000661  -0.009416  -0.000713  0.999955  0.999998  0.001845  0.000563  -0.001844  0.999998  -0.000365  -0.000564  0.000364  1.000000  1.000000  0.000000  0.000000  0.000000  1.000000  0.000000  0.000000  0.000000  1.000000  0.999940  0.005559  0.009420  -0.005565  0.999984  0.000661  -0.009416  -0.000713  0.999955  0.000050  0.000000  
55.573733 0.004661  0.092743  -0.005103  0.997147  0.075462  0.001936  -0.075483  0.997035  0.014937  -0.000803  -0.015040  0.999887  -0.001998  -0.004264  -0.004396  -0.000084  -0.024984  0.178089  2.000000  0.999940  0.005559  0.009420  -0.005565  0.999984  0.000661  -0.009416  -0.000713  0.999955  0.999999  0.001433  0.000557  -0.001433  0.999999  -0.000365  -0.000557  0.000364  1.000000  1.000000  0.000000  0.000000  0.000000  1.000000  0.000000  0.000000  0.000000  1.000000  0.999940  0.005559  0.009420  -0.005565  0.999984  0.000661  -0.009416  -0.000713  0.999955  0.000045  0.000000  
55.574738 0.004658  0.092738  -0.005108  0.997147  0.075462  0.001936  -0.075483  0.997035  0.014937  -0.000803  -0.015040  0.999887  -0.002236  -0.004272  -0.004555  0.000000  0.000000  0.000000  2.000000  0.999940  0.005559  0.009420  -0.005565  0.999984  0.000661  -0.009416  -0.000713  0.999955  0.999999  0.001227  0.000554  -0.001227  0.999999  -0.000365  -0.000554  0.000364  1.000000  1.000000  0.000000  0.000000  0.000000  1.000000  0.000000  0.000000  0.000000  1.000000  0.999940  0.005559  0.009420  -0.005565  0.999984  0.000661  -0.009416  -0.000713  0.999955  0.000000  0.000000  
55.575986 0.004653  0.092733  -0.005115  0.997147  0.075462  0.001936  -0.075483  0.997035  0.014937  -0.000803  -0.015040  0.999887  -0.002504  -0.004353  -0.004703  0.000000  0.000000  0.000000  2.000000  0.999940  0.005559  0.009420  -0.005565  0.999984  0.000661  -0.009416  -0.000713  0.999955  0.999999  0.001021  0.000551  -0.001021  0.999999  -0.000365  -0.000551  0.000364  1.000000  1.000000  0.000000  0.000000  0.000000  1.000000  0.000000  0.000000  0.000000  1.000000  0.999940  0.005559  0.009420  -0.005565  0.999984  0.000661  -0.009416  -0.000713  0.999955  0.000000  0.000000  
55.577235 0.004648  0.092728  -0.005121  0.997147  0.075462  0.001936  -0.075483  0.997035  0.014937  -0.000803  -0.015040  0.999887  -0.002779  -0.004341  -0.004793  0.000000  0.000000  0.000000  2.000000  0.999940  0.005559  0.009420  -0.005565  0.999984  0.000661  -0.009416  -0.000713  0.999955  1.000000  0.000817  0.000414  -0.000817  1.000000  -0.000365  -0.000414  0.000364  1.000000  1.000000  0.000000  0.000000  0.000000  1.000000  0.000000  0.000000  0.000000  1.000000  0.999940  0.005559  0.009420  -0.005565  0.999984  0.000661  -0.009416  -0.000713  0.999955  0.000000  0.000000  
55.578487 0.004642  0.092723  -0.005127  0.997147  0.075462  0.001936  -0.075483  0.997035  0.014937  -0.000803  -0.015040  0.999887  -0.003076  -0.004361  -0.004813  0.000000  0.000000  0.000000  2.000000  0.999940  0.005559  0.009420  -0.005565  0.999984  0.000661  -0.009416  -0.000713  0.999955  1.000000  0.000612  0.000411  -0.000611  1.000000  -0.000243  -0.000411  0.000243  1.000000  1.000000  0.000000  0.000000  0.000000  1.000000  0.000000  0.000000  0.000000  1.000000  0.999940  0.005559  0.009420  -0.005565  0.999984  0.000661  -0.009416  -0.000713  0.999955  0.000000  0.000000  
55.579738 0.004637  0.092718  -0.005133  0.997147  0.075464  0.001802  -0.075483  0.997035  0.014947  -0.000669  -0.015040  0.999887  -0.003285  -0.004316  -0.004852  0.000000  0.000000  0.000000  2.000000  0.999940  0.005559  0.009420  -0.005565  0.999984  0.000661  -0.009416  -0.000713  0.999955  1.000000  0.000408  0.000274  -0.000408  1.000000  -0.000243  -0.000274  0.000243  1.000000  1.000000  0.000000  0.000000  0.000000  1.000000  0.000000  0.000000  0.000000  1.000000  0.999940  0.005559  0.009420  -0.005565  0.999984  0.000661  -0.009416  -0.000713  0.999955  0.000000  0.000000  
55.580738 0.004633  0.092715  -0.005136  0.997162  0.075259  0.001799  -0.075278  0.997051  0.014947  -0.000669  -0.015040  0.999887  -0.003419  -0.004266  -0.004832  0.000000  0.000000  0.000000  2.000000  0.999940  0.005559  0.009420  -0.005565  0.999984  0.000661  -0.009416  -0.000713  0.999955  1.000000  -0.000002  0.000134  0.000002  1.000000  -0.000243  -0.000134  0.000243  1.000000  1.000000  0.000000  0.000000  0.000000  1.000000  0.000000  0.000000  0.000000  1.000000  0.999940  0.005559  0.009420  -0.005565  0.999984  0.000661  -0.009416  -0.000713  0.999955  0.000000  0.000000  
55.581983 0.004629  0.092711  -0.005141  0.997162  0.075259  0.001799  -0.075278  0.997051  0.014947  -0.000669  -0.015040  0.999887  -0.003584  -0.004213  -0.004843  0.000000  0.000000  0.000000  2.000000  0.999940  0.005559  0.009420  -0.005565  0.999984  0.000661  -0.009416  -0.000713  0.999955  1.000000  -0.000002  0.000134  0.000002  1.000000  -0.000243  -0.000134  0.000243  1.000000  1.000000  0.000000  0.000000  0.000000  1.000000  0.000000  0.000000  0.000000  1.000000  0.999940  0.005559  0.009420  -0.005565  0.999984  0.000661  -0.009416  -0.000713  0.999955  0.000000  0.000000  
55.583233 0.004624  0.092707  -0.005146  0.997162  0.075259  0.001799  -0.075278  0.997051  0.014947  -0.000669  -0.015040  0.999887  -0.003675  -0.004048  -0.004848  0.000000  0.000000  0.000000  2.000000  0.999940  0.005559  0.009420  -0.005565  0.999984  0.000661  -0.009416  -0.000713  0.999955  1.000000  -0.000002  0.000134  0.000002  1.000000  -0.000121  -0.000134  0.000121  1.000000  1.000000  0.000000  0.000000  0.000000  1.000000  0.000000  0.000000  0.000000  1.000000  0.999940  0.005559  0.009420  -0.005565  0.999984  0.000661  -0.009416  -0.000713  0.999955  0.000000  0.000000  
55.584483 0.004620  0.092702  -0.005153  0.997162  0.075259  0.001799  -0.075278  0.997051  0.014947  -0.000669  -0.015040  0.999887  -0.003725  -0.003970  -0.004811  0.000000  0.000000  0.000000  2.000000  0.999940  0.005559  0.009420  -0.005565  0.999984  0.000661  -0.009416  -0.000713  0.999955  1.000000  -0.000206  -0.000003  0.000206  1.000000  -0.000121  0.000003  0.000121  1.000000  1.000000  0.000000  0.000000  0.000000  1.000000  0.000000  0.000000  0.000000  1.000000  0.999940  0.005559  0.009420  -0.005565  0.999984  0.000661  -0.009416  -0.000713  0.999955  0.000000  0.000000  
55.585733 0.004616  0.092698  -0.005159  0.997162  0.075259  0.001799  -0.075278  0.997051  0.014947  -0.000669  -0.015040  0.999887  -0.003735  -0.003891  -0.004834  0.000000  0.000000  0.000000  2.000000  0.999940  0.005559  0.009420  -0.005565  0.999984  0.000661  -0.009416  -0.000713  0.999955  1.000000  -0.000206  -0.000003  0.000206  1.000000  -0.000121  0.000003  0.000121  1.000000  1.000000  0.000000  0.000000  0.000000  1.000000  0.000000  0.000000  0.000000  1.000000  0.999940  0.005559  0.009420  -0.005565  0.999984  0.000661  -0.009416  -0.000713  0.999955  0.000000  0.000000  
55.586983 0.004613  0.092694  -0.005165  0.997162  0.075259  0.001808  -0.075278  0.997049  0.015068  -0.000669  -0.015162  0.999885  -0.003632  -0.003738  -0.004777  0.000000  0.000000  0.000000  2.000000  0.999940  0.005559  0.009420  -0.005565  0.999984  0.000661  -0.009416  -0.000713  0.999955  1.000000  -0.000206  -0.000003  0.000206  1.000000  0.000000  0.000003  -0.000000  1.000000  1.000000  0.000000  0.000000  0.000000  1.000000  0.000000  0.000000  0.000000  1.000000  0.999940  0.005559  0.009420  -0.005565  0.999984  0.000661  -0.009416  -0.000713  0.999955  0.000000  0.000000  
55.587983 0.004610  0.092691  -0.005169  0.997178  0.075054  0.001805  -0.075072  0.997064  0.015069  -0.000669  -0.015162  0.999885  -0.003553  -0.003653  -0.004682  0.000000  0.000000  0.000000  2.000000  0.999940  0.005559  0.009420  -0.005565  0.999984  0.000661  -0.009416  -0.000713  0.999955  1.000000  -0.000412  -0.000006  0.000412  1.000000  0.000000  0.000006  -0.000000  1.000000  1.000000  0.000000  0.000000  0.000000  1.000000  0.000000  0.000000  0.000000  1.000000  0.999940  0.005559  0.009420  -0.005565  0.999984  0.000661  -0.009416  -0.000713  0.999955  0.000000  0.000000  
55.588993 0.004609  0.092688  -0.005173  0.997178  0.075054  0.001805  -0.075072  0.997064  0.015069  -0.000669  -0.015162  0.999885  -0.003455  -0.003542  -0.004569  0.000000  0.000000  0.000000  2.000000  0.999940  0.005559  0.009420  -0.005565  0.999984  0.000661  -0.009416  -0.000713  0.999955  1.000000  -0.000412  -0.000006  0.000412  1.000000  0.000000  0.000006  -0.000000  1.000000  1.000000  0.000000  0.000000  0.000000  1.000000  0.000000  0.000000  0.000000  1.000000  0.999940  0.005559  0.009420  -0.005565  0.999984  0.000661  -0.009416  -0.000713  0.999955  0.000000  0.000000  
55.590236 0.004607  0.092684  -0.005178  0.997178  0.075054  0.001805  -0.075072  0.997064  0.015069  -0.000669  -0.015162  0.999885  -0.003229  -0.003432  -0.004496  0.000000  0.000000  0.000000  2.000000  0.999940  0.005559  0.009420  -0.005565  0.999984  0.000661  -0.009416  -0.000713  0.999955  1.000000  -0.000410  -0.000140  0.000410  1.000000  0.000000  0.000140  -0.000000  1.000000  1.000000  0.000000  0.000000  0.000000  1.000000  0.000000  0.000000  0.000000  1.000000  0.999940  0.005559  0.009420  -0.005565  0.999984  0.000661  -0.009416  -0.000713  0.999955  0.000000  0.000000  
55.591237 0.004606  0.092682  -0.005182  0.997178  0.075054  0.001805  -0.075072  0.997064  0.015069  -0.000669  -0.015162  0.999885  -0.003046  -0.003345  -0.004406  0.000000  0.000000  0.000000  2.000000  0.999940  0.005559  0.009420  -0.005565  0.999984  0.000661  -0.009416  -0.000713  0.999955  1.000000  -0.000410  -0.000140  0.000410  1.000000  0.000122  0.000140  -0.000122  1.000000  1.000000  0.000000  0.000000  0.000000  1.000000  0.000000  0.000000  0.000000  1.000000  0.999940  0.005559  0.009420  -0.005565  0.999984  0.000661  -0.009416  -0.000713  0.999955  0.000000  0.000000  
55.592241 0.004605  0.092679  -0.005187  0.997162  0.075259  0.001817  -0.075278  0.997047  0.015189  -0.000669  -0.015283  0.999883  -0.002819  -0.003234  -0.004331  0.000000  0.000000  0.000000  2.000000  0.999940  0.005559  0.009420  -0.005565  0.999984  0.000661  -0.009416  -0.000713  0.999955  1.000000  -0.000204  -0.000137  0.000204  1.000000  0.000243  0.000137  -0.000243  1.000000  1.000000  0.000000  0.000000  0.000000  1.000000  0.000000  0.000000  0.000000  1.000000  0.999940  0.005559  0.009420  -0.005565  0.999984  0.000661  -0.009416  -0.000713  0.999955  0.000000  0.000000  
55.593483 0.004604  0.092675  -0.005191  0.997162  0.075259  0.001817  -0.075278  0.997047  0.015189  -0.000669  -0.015283  0.999883  -0.002569  -0.003181  -0.004274  0.000000  0.000000  0.000000  2.000000  0.999940  0.005559  0.009420  -0.005565  0.999984  0.000661  -0.009416  -0.000713  0.999955  1.000000  -0.000204  -0.000137  0.000204  1.000000  0.000243  0.000137  -0.000243  1.000000  1.000000  0.000000  0.000000  0.000000  1.000000  0.000000  0.000000  0.000000  1.000000  0.999940  0.005559  0.009420  -0.005565  0.999984  0.000661  -0.009416  -0.000713  0.999955  0.000000  0.000000  
55.594488 0.004604  0.092672  -0.005195  0.997162  0.075257  0.001951  -0.075278  0.997047  0.015179  -0.000803  -0.015283  0.999883  -0.002294  -0.003119  -0.004243  0.000000  0.000000  0.000000  2.000000  0.999940  0.005559  0.009420  -0.005565  0.999984  0.000661  -0.009416  -0.000713  0.999955  1.000000  -0.000206  -0.000003  0.000206  1.000000  0.000243  0.000003  -0.000243  1.000000  1.000000  0.000000  0.000000  0.000000  1.000000  0.000000  0.000000  0.000000  1.000000  0.999940  0.005559  0.009420  -0.005565  0.999984  0.000661  -0.009416  -0.000713  0.999955  0.000000  0.000000  
55.595736 0.004603  0.092669  -0.005201  0.997162  0.075257  0.001951  -0.075278  0.997047  0.015179  -0.000803  -0.015283  0.999883  -0.002021  -0.003054  -0.004297  0.000000  0.000000  0.000000  2.000000  0.999940  0.005559  0.009420  -0.005565  0.999984  0.000661  -0.009416  -0.000713  0.999955  1.000000  -0.000206  -0.000003  0.000206  1.000000  0.000243  0.000003  -0.000243  1.000000  1.000000  0.000000  0.000000  0.000000  1.000000  0.000000  0.000000  0.000000  1.000000  0.999940  0.005559  0.009420  -0.005565  0.999984  0.000661  -0.009416  -0.000713  0.999955  0.000000  0.000000  
55.596738 0.004603  0.092667  -0.005204  0.997162  0.075256  0.001960  -0.075278  0.997045  0.015300  -0.000803  -0.015404  0.999881  -0.001737  -0.002990  -0.004265  0.000000  0.000000  0.000000  2.000000  0.999940  0.005559  0.009420  -0.005565  0.999984  0.000661  -0.009416  -0.000713  0.999955  1.000000  -0.000206  -0.000003  0.000206  1.000000  0.000364  0.000003  -0.000364  1.000000  1.000000  0.000000  0.000000  0.000000  1.000000  0.000000  0.000000  0.000000  1.000000  0.999940  0.005559  0.009420  -0.005565  0.999984  0.000661  -0.009416  -0.000713  0.999955  0.000000  0.000000  
55.597983 0.004603  0.092665  -0.005208  0.997162  0.075258  0.001827  -0.075278  0.997045  0.015310  -0.000669  -0.015404  0.999881  -0.001408  -0.002880  -0.004199  0.000000  0.000000  0.000000  2.000000  0.999940  0.005559  0.009420  -0.005565  0.999984  0.000661  -0.009416  -0.000713  0.999955  1.000000  -0.000204  -0.000137  0.000204  1.000000  0.000364  0.000137  -0.000364  1.000000  1.000000  0.000000  0.000000  0.000000  1.000000  0.000000  0.000000  0.000000  1.000000  0.999940  0.005559  0.009420  -0.005565  0.999984  0.000661  -0.009416  -0.000713  0.999955  0.000000  0.000000  
55.598986 0.004604  0.092663  -0.005212  0.997147  0.075464  0.001830  -0.075483  0.997030  0.015310  -0.000669  -0.015404  0.999881  -0.001128  -0.002691  -0.004093  0.000000  0.000000  0.000000  2.000000  0.999940  0.005559  0.009420  -0.005565  0.999984  0.000661  -0.009416  -0.000713  0.999955  1.000000  -0.000204  -0.000137  0.000204  1.000000  0.000364  0.000137  -0.000364  1.000000  1.000000  0.000000  0.000000  0.000000  1.000000  0.000000  0.000000  0.000000  1.000000  0.999940  0.005559  0.009420  -0.005565  0.999984  0.000661  -0.009416  -0.000713  0.999955  0.000000  0.000000  
55.600233 0.004604  0.092661  -0.005215  0.997147  0.075464  0.001830  -0.075483  0.997030  0.015310  -0.000669  -0.015404  0.999881  -0.000909  -0.002589  -0.003963  0.000000  0.000000  0.000000  2.000000  0.999940  0.005559  0.009420  -0.005565  0.999984  0.000661  -0.009416  -0.000713  0.999955  1.000000  0.000206  0.000003  -0.000206  1.000000  0.000364  -0.000003  -0.000364  1.000000  1.000000  0.000000  0.000000  0.000000  1.000000  0.000000  0.000000  0.000000  1.000000  0.999940  0.005559  0.009420  -0.005565  0.999984  0.000661  -0.009416  -0.000713  0.999955  0.000000  0.000000  
