1-Time 2-Px 3-Py 4-Pz 5-R11 6-R21 7-R31 8-R12 9-R22 10-R32 11-R13 12-R23 13-R33 14-Vx 15-Vy 16-Vz 17-Wx 18-Wy 19-Wz 20-state 21-PR11 22-PR21 23-PR31 24-PR12 25-PR22 26-PR32 27-PR13 28-PR23 29-PR33 
92.787345 0.001984  0.091353  -0.002962  0.998267  0.057213  0.013784  -0.057402  0.998258  0.013665  -0.012978  -0.014433  0.999812  0.000133  0.000117  0.000175  0.000000  0.000000  0.000000  2.000000  1.000000  0.000000  0.000000  -0.000000  1.000000  0.000000  0.000000  -0.000000  1.000000  1.000000  0.000000  0.000000  -0.000000  1.000000  0.000000  -0.000000  0.000000  1.000000  1.000000  0.000000  0.000000  0.000000  1.000000  0.000000  0.000000  0.000000  1.000000  0.488967  0.715814  0.498519  -0.700345  0.662851  -0.264848  -0.520026  -0.219633  0.825429  0.000000  0.000000  
92.788349 0.001984  0.091354  -0.002961  0.998267  0.057213  0.013784  -0.057402  0.998258  0.013665  -0.012978  -0.014433  0.999812  0.000157  0.000167  0.000185  0.000000  0.000000  0.000000  2.000000  1.000000  0.000000  0.000000  0.000000  1.000000  0.000000  0.000000  0.000000  1.000000  1.000000  0.000000  0.000000  -0.000000  1.000000  0.000000  -0.000000  0.000000  1.000000  1.000000  0.000000  0.000000  0.000000  1.000000  0.000000  0.000000  0.000000  1.000000  1.000000  0.000000  0.000000  0.000000  1.000000  0.000000  0.000000  0.000000  1.000000  0.000000  0.000000  
92.789349 0.001984  0.091352  -0.002963  0.998255  0.057419  0.013787  -0.057607  0.998246  0.013662  -0.012978  -0.014433  0.999812  0.000106  0.000034  0.000080  0.000000  0.000000  0.000000  2.000000  1.000000  0.000000  0.000000  0.000000  1.000000  0.000000  0.000000  0.000000  1.000000  1.000000  0.000206  0.000003  -0.000206  1.000000  -0.000003  -0.000003  0.000003  1.000000  1.000000  0.000000  0.000000  0.000000  1.000000  0.000000  0.000000  0.000000  1.000000  1.000000  0.000000  0.000000  0.000000  1.000000  0.000000  0.000000  0.000000  1.000000  0.000000  0.000000  
92.790351 0.001984  0.091350  -0.002964  0.998229  0.057828  0.013926  -0.058018  0.998222  0.013649  -0.013112  -0.014433  0.999810  0.000090  -0.000130  -0.000078  0.000000  0.000000  0.000000  2.000000  1.000000  0.000000  0.000000  0.000000  1.000000  0.000000  0.000000  0.000000  1.000000  1.000000  0.000616  0.000143  -0.000616  1.000000  -0.000008  -0.000143  0.000008  1.000000  1.000000  0.000000  0.000000  0.000000  1.000000  0.000000  0.000000  0.000000  1.000000  1.000000  0.000000  0.000000  0.000000  1.000000  0.000000  0.000000  0.000000  1.000000  0.000000  0.000000  
92.791351 0.001983  0.091348  -0.002966  0.998204  0.058235  0.014072  -0.058429  0.998197  0.013756  -0.013246  -0.014554  0.999806  0.000060  -0.000290  -0.000205  0.000000  0.000000  0.000000  2.000000  1.000000  0.000000  0.000000  0.000000  1.000000  0.000000  0.000000  0.000000  1.000000  0.999999  0.001025  0.000282  -0.001025  0.999999  -0.000014  -0.000282  0.000013  1.000000  1.000000  0.000000  0.000000  0.000000  1.000000  0.000000  0.000000  0.000000  1.000000  1.000000  0.000000  0.000000  0.000000  1.000000  0.000000  0.000000  0.000000  1.000000  0.000000  0.000000  
92.792355 0.001983  0.091345  -0.002968  0.998192  0.058441  0.014075  -0.058634  0.998185  0.013753  -0.013246  -0.014554  0.999806  0.000075  -0.000468  -0.000290  0.000000  0.000000  0.000000  2.000000  1.000000  0.000000  0.000000  0.000000  1.000000  0.000000  0.000000  0.000000  1.000000  0.999999  0.001231  0.000286  -0.001231  0.999999  0.000105  -0.000285  -0.000105  1.000000  1.000000  0.000000  0.000000  0.000000  1.000000  0.000000  0.000000  0.000000  1.000000  1.000000  0.000000  0.000000  0.000000  1.000000  0.000000  0.000000  0.000000  1.000000  0.000000  0.000000  
92.793357 0.001984  0.091343  -0.002969  0.998178  0.058644  0.014211  -0.058840  0.998173  0.013743  -0.013379  -0.014554  0.999805  0.000083  -0.000624  -0.000386  0.000000  0.000000  0.000000  2.000000  1.000000  0.000000  0.000000  0.000000  1.000000  0.000000  0.000000  0.000000  1.000000  0.999999  0.001435  0.000422  -0.001435  0.999999  0.000102  -0.000422  -0.000103  1.000000  1.000000  0.000000  0.000000  0.000000  1.000000  0.000000  0.000000  0.000000  1.000000  1.000000  0.000000  0.000000  0.000000  1.000000  0.000000  0.000000  0.000000  1.000000  0.000000  0.000000  
92.794374 0.001984  0.091341  -0.002970  0.998155  0.059056  0.014091  -0.059251  0.998147  0.013866  -0.013246  -0.014675  0.999805  0.000077  -0.000776  -0.000449  0.000000  0.000000  0.000000  2.000000  1.000000  0.000000  0.000000  0.000000  1.000000  0.000000  0.000000  0.000000  1.000000  0.999999  0.001643  0.000292  -0.001643  0.999999  0.000221  -0.000291  -0.000221  1.000000  1.000000  0.000000  0.000000  0.000000  1.000000  0.000000  0.000000  0.000000  1.000000  1.000000  0.000000  0.000000  0.000000  1.000000  0.000000  0.000000  0.000000  1.000000  0.000000  0.000000  
92.795601 0.001985  0.091339  -0.002971  0.998133  0.059469  0.013963  -0.059662  0.998122  0.013868  -0.013112  -0.014675  0.999806  0.000130  -0.000911  -0.000558  0.000000  0.000000  0.000000  2.000000  1.000000  0.000000  0.000000  0.000000  1.000000  0.000000  0.000000  0.000000  1.000000  0.999997  0.002262  0.000167  -0.002262  0.999997  0.000213  -0.000167  -0.000213  1.000000  1.000000  0.000000  0.000000  0.000000  1.000000  0.000000  0.000000  0.000000  1.000000  1.000000  0.000000  0.000000  0.000000  1.000000  0.000000  0.000000  0.000000  1.000000  0.000000  0.000000  
92.796605 0.001985  0.091337  -0.002972  0.998108  0.059878  0.013976  -0.060073  0.998096  0.013983  -0.013112  -0.014796  0.999805  0.000138  -0.001066  -0.000654  0.000000  0.000000  0.000000  2.000000  1.000000  0.000000  0.000000  0.000000  1.000000  0.000000  0.000000  0.000000  1.000000  0.999996  0.002674  0.000173  -0.002674  0.999996  0.000329  -0.000172  -0.000329  1.000000  1.000000  0.000000  0.000000  0.000000  1.000000  0.000000  0.000000  0.000000  1.000000  1.000000  0.000000  0.000000  0.000000  1.000000  0.000000  0.000000  0.000000  1.000000  0.000000  0.000000  
92.797857 0.001985  0.091335  -0.002973  0.998058  0.060700  0.013987  -0.060895  0.998046  0.013972  -0.013112  -0.014796  0.999805  0.000145  -0.001222  -0.000750  0.000000  0.000000  0.000000  2.000000  1.000000  0.000000  0.000000  0.000000  1.000000  0.000000  0.000000  0.000000  1.000000  0.999995  0.003291  0.000182  -0.003291  0.999995  0.000321  -0.000181  -0.000321  1.000000  1.000000  0.000000  0.000000  0.000000  1.000000  0.000000  0.000000  0.000000  1.000000  1.000000  0.000000  0.000000  0.000000  1.000000  0.000000  0.000000  0.000000  1.000000  0.000000  0.000000  
92.799105 0.001985  0.091333  -0.002975  0.998018  0.061313  0.014137  -0.061511  0.998007  0.014076  -0.013246  -0.014918  0.999801  0.000129  -0.001386  -0.000909  0.000000  0.000000  0.000000  2.000000  1.000000  0.000000  0.000000  0.000000  1.000000  0.000000  0.000000  0.000000  1.000000  0.999992  0.003907  0.000326  -0.003907  0.999992  0.000433  -0.000324  -0.000435  1.000000  1.000000  0.000000  0.000000  0.000000  1.000000  0.000000  0.000000  0.000000  1.000000  1.000000  0.000000  0.000000  0.000000  1.000000  0.000000  0.000000  0.000000  1.000000  0.000000  0.000000  
92.800355 0.001986  0.091331  -0.002976  0.997979  0.061927  0.014279  -0.062127  0.997969  0.014059  -0.013379  -0.014918  0.999799  0.000191  -0.001466  -0.000975  0.000000  0.000000  0.000000  2.000000  1.000000  0.000000  0.000000  0.000000  1.000000  0.000000  0.000000  0.000000  1.000000  0.999990  0.004522  0.000469  -0.004522  0.999990  0.000424  -0.000467  -0.000427  1.000000  1.000000  0.000000  0.000000  0.000000  1.000000  0.000000  0.000000  0.000000  1.000000  1.000000  0.000000  0.000000  0.000000  1.000000  0.000000  0.000000  0.000000  1.000000  0.000000  0.000000  
92.801356 0.001987  0.091330  -0.002977  0.997940  0.062543  0.014288  -0.062744  0.997931  0.014050  -0.013379  -0.014918  0.999799  0.000178  -0.001595  -0.001049  0.013932  -0.016124  0.179612  2.000000  1.000000  0.000064  0.000006  -0.000064  1.000000  0.000005  -0.000006  -0.000005  1.000000  0.999987  0.005140  0.000478  -0.005140  0.999987  0.000416  -0.000476  -0.000419  1.000000  1.000000  0.000064  0.000006  -0.000064  1.000000  0.000005  -0.000006  -0.000005  1.000000  1.000000  0.000064  0.000006  -0.000064  1.000000  0.000005  -0.000006  -0.000005  1.000000  0.000044  0.005179  
92.802598 0.001987  0.091328  -0.002978  0.997901  0.063160  0.014296  -0.063360  0.997892  0.014041  -0.013379  -0.014918  0.999799  0.000214  -0.001698  -0.001107  0.013666  -0.016438  0.200476  2.000000  1.000000  0.000344  0.000030  -0.000344  1.000000  0.000026  -0.000030  -0.000026  1.000000  0.999983  0.005757  0.000487  -0.005757  0.999983  0.000408  -0.000485  -0.000411  1.000000  1.000000  0.000072  0.000006  -0.000072  1.000000  0.000005  -0.000006  -0.000005  1.000000  1.000000  0.000344  0.000030  -0.000344  1.000000  0.000026  -0.000030  -0.000026  1.000000  0.000049  0.005792  
92.803601 0.001987  0.091325  -0.002980  0.997875  0.063570  0.014302  -0.063771  0.997866  0.014035  -0.013379  -0.014918  0.999799  0.000174  -0.001883  -0.001220  0.013478  -0.016634  0.214222  2.000000  1.000000  0.000653  0.000055  -0.000653  1.000000  0.000046  -0.000055  -0.000046  1.000000  0.999980  0.006375  0.000496  -0.006375  0.999980  0.000399  -0.000494  -0.000403  1.000000  1.000000  0.000080  0.000006  -0.000080  1.000000  0.000005  -0.000006  -0.000005  1.000000  1.000000  0.000653  0.000055  -0.000653  1.000000  0.000046  -0.000055  -0.000046  1.000000  0.000054  0.006407  
92.804602 0.001986  0.091322  -0.002982  0.997849  0.063981  0.014308  -0.064182  0.997840  0.014030  -0.013379  -0.014918  0.999799  0.000138  -0.001954  -0.001251  0.013295  -0.016837  0.228048  2.000000  1.000000  0.000982  0.000080  -0.000982  1.000000  0.000066  -0.000080  -0.000066  1.000000  0.999977  0.006786  0.000502  -0.006787  0.999977  0.000394  -0.000500  -0.000397  1.000000  1.000000  0.000085  0.000006  -0.000085  1.000000  0.000005  -0.000006  -0.000005  1.000000  1.000000  0.000982  0.000080  -0.000982  1.000000  0.000066  -0.000080  -0.000066  1.000000  0.000057  0.006816  
92.805852 0.001986  0.091319  -0.002983  0.997809  0.064598  0.014317  -0.064798  0.997800  0.014021  -0.013379  -0.014918  0.999799  0.000166  -0.002020  -0.001154  0.013022  -0.017142  0.248802  2.000000  0.999999  0.001421  0.000111  -0.001421  0.999999  0.000090  -0.000111  -0.000090  1.000000  0.999974  0.007198  0.000508  -0.007198  0.999974  0.000388  -0.000506  -0.000392  1.000000  1.000000  0.000090  0.000006  -0.000090  1.000000  0.000005  -0.000006  -0.000005  1.000000  0.999999  0.001421  0.000111  -0.001421  0.999999  0.000090  -0.000111  -0.000090  1.000000  0.000061  0.007227  
92.807102 0.001986  0.091315  -0.002983  0.997768  0.065214  0.014325  -0.065414  0.997760  0.014012  -0.013379  -0.014918  0.999799  0.000128  -0.002073  -0.001060  0.012646  -0.017307  0.267394  2.000000  0.999998  0.001897  0.000143  -0.001897  0.999998  0.000114  -0.000143  -0.000115  1.000000  0.999969  0.007816  0.000518  -0.007816  0.999969  0.000380  -0.000515  -0.000384  1.000000  1.000000  0.000098  0.000006  -0.000098  1.000000  0.000005  -0.000006  -0.000005  1.000000  0.999998  0.001897  0.000143  -0.001897  0.999998  0.000114  -0.000143  -0.000115  1.000000  0.000066  0.007842  
92.808351 0.001986  0.091310  -0.002985  0.997740  0.065621  0.014473  -0.065825  0.997731  0.014118  -0.013513  -0.015039  0.999796  0.000139  -0.002194  -0.001070  0.016624  -0.022163  0.283332  2.000000  0.999997  0.002409  0.000179  -0.002409  0.999997  0.000138  -0.000179  -0.000138  1.000000  0.999964  0.008431  0.000661  -0.008431  0.999964  0.000371  -0.000657  -0.000376  1.000000  1.000000  0.000105  0.000008  -0.000105  1.000000  0.000005  -0.000008  -0.000005  1.000000  0.999997  0.002409  0.000179  -0.002409  0.999997  0.000138  -0.000179  -0.000138  1.000000  0.000071  0.008465  
92.809354 0.001987  0.091306  -0.002986  0.997712  0.066032  0.014478  -0.066236  0.997704  0.014112  -0.013513  -0.015039  0.999796  0.000201  -0.002316  -0.001084  0.016439  -0.022365  0.297142  2.000000  0.999996  0.002838  0.000213  -0.002838  0.999996  0.000162  -0.000212  -0.000163  1.000000  0.999962  0.008637  0.000665  -0.008637  0.999963  0.000489  -0.000660  -0.000495  1.000000  1.000000  0.000108  0.000008  -0.000108  1.000000  0.000006  -0.000008  -0.000006  1.000000  0.999996  0.002838  0.000213  -0.002838  0.999996  0.000162  -0.000212  -0.000163  1.000000  0.000075  0.008676  
92.810602 0.001988  0.091301  -0.002988  0.997670  0.066646  0.014621  -0.066852  0.997663  0.014094  -0.013647  -0.015039  0.999794  0.000244  -0.002525  -0.001124  0.016146  -0.027171  0.317879  2.000000  0.999995  0.003277  0.000247  -0.003278  0.999995  0.000187  -0.000247  -0.000188  1.000000  0.999961  0.008843  0.000668  -0.008843  0.999961  0.000485  -0.000663  -0.000491  1.000000  1.000000  0.000111  0.000008  -0.000111  1.000000  0.000006  -0.000008  -0.000006  1.000000  0.999995  0.003277  0.000247  -0.003278  0.999995  0.000187  -0.000247  -0.000188  1.000000  0.000078  0.008881  
92.811606 0.001988  0.091297  -0.002990  0.997656  0.066851  0.014623  -0.067057  0.997650  0.014091  -0.013647  -0.015039  0.999794  0.000259  -0.002704  -0.001209  0.016051  -0.027269  0.324746  2.000000  0.999993  0.003720  0.000281  -0.003720  0.999993  0.000211  -0.000280  -0.000212  1.000000  0.999961  0.008843  0.000668  -0.008843  0.999961  0.000485  -0.000663  -0.000491  1.000000  1.000000  0.000111  0.000008  -0.000111  1.000000  0.000006  -0.000008  -0.000006  1.000000  0.999993  0.003720  0.000281  -0.003720  0.999993  0.000211  -0.000280  -0.000212  1.000000  0.000082  0.008881  
92.812855 0.001989  0.091291  -0.002994  0.997628  0.067260  0.014637  -0.067468  0.997620  0.014206  -0.013647  -0.015160  0.999792  0.000243  -0.002918  -0.001366  0.019941  -0.027491  0.338549  2.000000  0.999991  0.004267  0.000314  -0.004267  0.999991  0.000237  -0.000313  -0.000238  1.000000  0.999961  0.008844  0.000535  -0.008845  0.999961  0.000485  -0.000531  -0.000490  1.000000  1.000000  0.000111  0.000007  -0.000111  1.000000  0.000006  -0.000007  -0.000006  1.000000  0.999991  0.004267  0.000314  -0.004267  0.999991  0.000237  -0.000313  -0.000238  1.000000  0.000085  0.008874  
92.814109 0.001990  0.091285  -0.002997  0.997614  0.067466  0.014640  -0.067674  0.997606  0.014203  -0.013647  -0.015160  0.999792  0.000276  -0.003191  -0.001454  0.019846  -0.027590  0.345419  2.000000  0.999988  0.004818  0.000341  -0.004818  0.999988  0.000267  -0.000340  -0.000269  1.000000  0.999961  0.008846  0.000401  -0.008847  0.999961  0.000485  -0.000397  -0.000489  1.000000  1.000000  0.000111  0.000005  -0.000111  1.000000  0.000006  -0.000005  -0.000006  1.000000  0.999988  0.004818  0.000341  -0.004818  0.999988  0.000267  -0.000340  -0.000269  1.000000  0.000087  0.008869  
92.815355 0.001991  0.091279  -0.003000  0.997584  0.067874  0.014780  -0.068084  0.997579  0.014188  -0.013781  -0.015160  0.999790  0.000279  -0.003501  -0.001613  0.019641  -0.032293  0.359227  2.000000  0.999986  0.005360  0.000381  -0.005360  0.999986  0.000290  -0.000379  -0.000292  1.000000  0.999962  0.008637  0.000666  -0.008637  0.999963  0.000365  -0.000663  -0.000371  1.000000  1.000000  0.000108  0.000008  -0.000108  1.000000  0.000005  -0.000008  -0.000005  1.000000  0.999986  0.005360  0.000381  -0.005360  0.999986  0.000290  -0.000379  -0.000292  1.000000  0.000090  0.008670  
92.816605 0.001991  0.091274  -0.003003  0.997570  0.068080  0.014783  -0.068290  0.997565  0.014185  -0.013781  -0.015160  0.999790  0.000284  -0.003734  -0.001741  0.019548  -0.032395  0.366142  2.000000  0.999983  0.005892  0.000429  -0.005892  0.999983  0.000311  -0.000427  -0.000314  1.000000  0.999964  0.008429  0.000796  -0.008429  0.999964  0.000247  -0.000794  -0.000254  1.000000  1.000000  0.000105  0.000010  -0.000105  1.000000  0.000003  -0.000010  -0.000003  1.000000  0.999983  0.005892  0.000429  -0.005892  0.999983  0.000311  -0.000427  -0.000314  1.000000  0.000092  0.008470  
92.817861 0.001991  0.091268  -0.003006  0.997540  0.068488  0.014922  -0.068700  0.997537  0.014170  -0.013915  -0.015160  0.999788  0.000306  -0.003934  -0.001815  0.019337  -0.037093  0.379889  2.000000  0.999979  0.006403  0.000485  -0.006403  0.999979  0.000327  -0.000483  -0.000330  1.000000  0.999967  0.008015  0.000924  -0.008015  0.999968  0.000252  -0.000922  -0.000259  1.000000  1.000000  0.000100  0.000012  -0.000100  1.000000  0.000003  -0.000012  -0.000003  1.000000  0.999979  0.006403  0.000485  -0.006403  0.999979  0.000327  -0.000483  -0.000330  1.000000  0.000094  0.008072  
92.819106 0.001991  0.091263  -0.003008  0.997538  0.068488  0.015047  -0.068700  0.997539  0.014040  -0.014048  -0.015039  0.999788  0.000312  -0.004076  -0.001783  0.015332  -0.041472  0.372987  2.000000  0.999977  0.006794  0.000536  -0.006794  0.999977  0.000336  -0.000534  -0.000340  1.000000  0.999971  0.007602  0.001051  -0.007602  0.999971  0.000135  -0.001050  -0.000143  0.999999  1.000000  0.000095  0.000013  -0.000095  1.000000  0.000002  -0.000013  -0.000002  1.000000  0.999977  0.006794  0.000536  -0.006794  0.999977  0.000336  -0.000534  -0.000340  1.000000  0.000093  0.007675  
92.820354 0.001990  0.091258  -0.003009  0.997522  0.068692  0.015183  -0.068905  0.997525  0.014027  -0.014182  -0.015039  0.999786  0.000286  -0.004203  -0.001824  0.015473  -0.041271  0.359184  2.000000  0.999974  0.007246  0.000597  -0.007246  0.999974  0.000339  -0.000594  -0.000343  1.000000  0.999974  0.007190  0.001044  -0.007190  0.999974  0.000019  -0.001044  -0.000026  0.999999  1.000000  0.000090  0.000013  -0.000090  1.000000  0.000000  -0.000013  -0.000000  1.000000  0.999974  0.007246  0.000597  -0.007246  0.999974  0.000339  -0.000594  -0.000343  1.000000  0.000092  0.007265  
92.821602 0.001989  0.091253  -0.003011  0.997520  0.068691  0.015308  -0.068905  0.997526  0.013897  -0.014316  -0.014917  0.999786  0.000180  -0.004280  -0.001852  0.007464  -0.041077  0.345429  2.000000  0.999970  0.007669  0.000657  -0.007669  0.999971  0.000340  -0.000654  -0.000345  1.000000  0.999978  0.006572  0.001035  -0.006572  0.999978  0.000027  -0.001035  -0.000033  0.999999  1.000000  0.000082  0.000013  -0.000082  1.000000  0.000000  -0.000013  -0.000000  1.000000  0.999970  0.007669  0.000657  -0.007669  0.999971  0.000340  -0.000654  -0.000345  1.000000  0.000088  0.006654  
92.822602 0.001987  0.091248  -0.003011  0.997506  0.068897  0.015311  -0.069110  0.997512  0.013894  -0.014316  -0.014917  0.999786  0.000113  -0.004352  -0.001848  0.007440  -0.036578  0.345479  2.000000  0.999968  0.007972  0.000708  -0.007972  0.999968  0.000336  -0.000705  -0.000341  1.000000  0.999983  0.005749  0.001022  -0.005749  0.999983  -0.000083  -0.001023  0.000077  0.999999  1.000000  0.000072  0.000013  -0.000072  1.000000  -0.000001  -0.000013  0.000001  1.000000  0.999968  0.007972  0.000708  -0.007972  0.999968  0.000336  -0.000705  -0.000341  1.000000  0.000086  0.005840  
92.823854 0.001985  0.091242  -0.003013  0.997504  0.068895  0.015445  -0.069110  0.997512  0.013885  -0.014450  -0.014917  0.999784  -0.000086  -0.004374  -0.001828  0.003430  -0.045113  0.335617  2.000000  0.999965  0.008324  0.000775  -0.008324  0.999965  0.000330  -0.000772  -0.000337  1.000000  0.999985  0.005336  0.001150  -0.005335  0.999986  -0.000078  -0.001150  0.000071  0.999999  1.000000  0.000067  0.000014  -0.000067  1.000000  -0.000001  -0.000014  0.000001  1.000000  0.999965  0.008324  0.000775  -0.008324  0.999965  0.000330  -0.000772  -0.000337  1.000000  0.000085  0.005459  
92.824854 0.001983  0.091237  -0.003014  0.997504  0.068895  0.015445  -0.069110  0.997512  0.013885  -0.014450  -0.014917  0.999784  -0.000294  -0.004453  -0.001851  0.003651  -0.045288  0.324599  2.000000  0.999963  0.008519  0.000818  -0.008519  0.999964  0.000327  -0.000815  -0.000334  1.000000  0.999987  0.004924  0.001144  -0.004924  0.999988  -0.000072  -0.001144  0.000066  0.999999  1.000000  0.000000  0.000000  0.000000  1.000000  0.000000  0.000000  0.000000  1.000000  0.999963  0.008519  0.000818  -0.008519  0.999964  0.000327  -0.000815  -0.000334  1.000000  0.000083  0.000000  
92.825857 0.001981  0.091233  -0.003016  0.997519  0.068689  0.015442  -0.068905  0.997527  0.013888  -0.014450  -0.014917  0.999784  -0.000461  -0.004444  -0.001810  -0.000119  -0.049491  0.303743  2.000000  0.999963  0.008519  0.000818  -0.008519  0.999964  0.000327  -0.000815  -0.000334  1.000000  0.999990  0.004306  0.001135  -0.004306  0.999991  -0.000063  -0.001135  0.000058  0.999999  1.000000  0.000000  0.000000  0.000000  1.000000  0.000000  0.000000  0.000000  1.000000  0.999963  0.008519  0.000818  -0.008519  0.999964  0.000327  -0.000815  -0.000334  1.000000  0.000077  0.000000  
92.826858 0.001979  0.091228  -0.003018  0.997517  0.068687  0.015575  -0.068905  0.997527  0.013879  -0.014584  -0.014917  0.999782  -0.000660  -0.004473  -0.001793  0.000148  -0.053669  0.282862  2.000000  0.999963  0.008519  0.000818  -0.008519  0.999964  0.000327  -0.000815  -0.000334  1.000000  0.999991  0.004099  0.001265  -0.004099  0.999992  -0.000060  -0.001266  0.000055  0.999999  1.000000  0.000000  0.000000  0.000000  1.000000  0.000000  0.000000  0.000000  1.000000  0.999963  0.008519  0.000818  -0.008519  0.999964  0.000327  -0.000815  -0.000334  1.000000  0.000074  0.000000  
92.828106 0.001976  0.091223  -0.003020  0.997517  0.068687  0.015575  -0.068905  0.997527  0.013879  -0.014584  -0.014917  0.999782  -0.000867  -0.004450  -0.001652  0.000337  -0.053033  0.266862  2.000000  0.999963  0.008519  0.000818  -0.008519  0.999964  0.000327  -0.000815  -0.000334  1.000000  0.999993  0.003481  0.001256  -0.003481  0.999994  -0.000051  -0.001256  0.000047  0.999999  1.000000  0.000000  0.000000  0.000000  1.000000  0.000000  0.000000  0.000000  1.000000  0.999963  0.008519  0.000818  -0.008519  0.999964  0.000327  -0.000815  -0.000334  1.000000  0.000068  0.000000  
92.829108 0.001974  0.091218  -0.003021  0.997515  0.068687  0.015700  -0.068905  0.997529  0.013748  -0.014717  -0.014796  0.999782  -0.001084  -0.004444  -0.001582  -0.007462  -0.053056  0.241375  2.000000  0.999963  0.008519  0.000818  -0.008519  0.999964  0.000327  -0.000815  -0.000334  1.000000  0.999995  0.003072  0.001116  -0.003071  0.999995  -0.000288  -0.001117  0.000284  0.999999  1.000000  0.000000  0.000000  0.000000  1.000000  0.000000  0.000000  0.000000  1.000000  0.999963  0.008519  0.000818  -0.008519  0.999964  0.000327  -0.000815  -0.000334  1.000000  0.000064  0.000000  
92.830355 0.001970  0.091213  -0.003022  0.997515  0.068687  0.015700  -0.068905  0.997529  0.013748  -0.014717  -0.014796  0.999782  -0.001369  -0.004455  -0.001464  -0.007225  -0.047959  0.225748  2.000000  0.999963  0.008519  0.000818  -0.008519  0.999964  0.000327  -0.000815  -0.000334  1.000000  0.999996  0.002454  0.001107  -0.002454  0.999997  -0.000279  -0.001107  0.000276  0.999999  1.000000  0.000000  0.000000  0.000000  1.000000  0.000000  0.000000  0.000000  1.000000  0.999963  0.008519  0.000818  -0.008519  0.999964  0.000327  -0.000815  -0.000334  1.000000  0.000058  0.000000  
92.831614 0.001966  0.091206  -0.003025  0.997513  0.068685  0.015834  -0.068905  0.997529  0.013739  -0.014851  -0.014796  0.999780  -0.001713  -0.004523  -0.001441  -0.006908  -0.052436  0.199861  2.000000  0.999963  0.008519  0.000818  -0.008519  0.999964  0.000327  -0.000815  -0.000334  1.000000  0.999998  0.001835  0.001231  -0.001834  0.999998  -0.000270  -0.001232  0.000268  0.999999  1.000000  0.000000  0.000000  0.000000  1.000000  0.000000  0.000000  0.000000  1.000000  0.999963  0.008519  0.000818  -0.008519  0.999964  0.000327  -0.000815  -0.000334  1.000000  0.000053  0.000000  
92.832857 0.001961  0.091199  -0.003029  0.997513  0.068685  0.015834  -0.068905  0.997529  0.013739  -0.014851  -0.014796  0.999780  -0.002011  -0.004629  -0.001518  -0.006616  -0.052131  0.179119  2.000000  0.999963  0.008519  0.000818  -0.008519  0.999964  0.000327  -0.000815  -0.000334  1.000000  0.999998  0.001629  0.001228  -0.001628  0.999999  -0.000267  -0.001229  0.000265  0.999999  1.000000  0.000000  0.000000  0.000000  1.000000  0.000000  0.000000  0.000000  1.000000  0.999963  0.008519  0.000818  -0.008519  0.999964  0.000327  -0.000815  -0.000334  1.000000  0.000047  0.000000  
92.834111 0.001956  0.091192  -0.003032  0.997511  0.068683  0.015967  -0.068904  0.997529  0.013730  -0.014985  -0.014796  0.999778  -0.002348  -0.004716  -0.001656  0.000000  0.000000  0.000000  2.000000  0.999963  0.008519  0.000818  -0.008519  0.999964  0.000327  -0.000815  -0.000334  1.000000  0.999998  0.001215  0.001356  -0.001215  0.999999  -0.000382  -0.001357  0.000381  0.999999  1.000000  0.000000  0.000000  0.000000  1.000000  0.000000  0.000000  0.000000  1.000000  0.999963  0.008519  0.000818  -0.008519  0.999964  0.000327  -0.000815  -0.000334  1.000000  0.000000  0.000000  
92.835350 0.001951  0.091186  -0.003035  0.997511  0.068683  0.015967  -0.068904  0.997529  0.013730  -0.014985  -0.014796  0.999778  -0.002593  -0.004797  -0.001742  0.000000  0.000000  0.000000  2.000000  0.999963  0.008519  0.000818  -0.008519  0.999964  0.000327  -0.000815  -0.000334  1.000000  0.999999  0.001011  0.001219  -0.001011  0.999999  -0.000379  -0.001220  0.000378  0.999999  1.000000  0.000000  0.000000  0.000000  1.000000  0.000000  0.000000  0.000000  1.000000  0.999963  0.008519  0.000818  -0.008519  0.999964  0.000327  -0.000815  -0.000334  1.000000  0.000000  0.000000  
92.836351 0.001947  0.091181  -0.003038  0.997511  0.068683  0.015967  -0.068904  0.997529  0.013730  -0.014985  -0.014796  0.999778  -0.002822  -0.004861  -0.001838  0.000000  0.000000  0.000000  2.000000  0.999963  0.008519  0.000818  -0.008519  0.999964  0.000327  -0.000815  -0.000334  1.000000  0.999999  0.000600  0.001213  -0.000599  1.000000  -0.000373  -0.001213  0.000372  0.999999  1.000000  0.000000  0.000000  0.000000  1.000000  0.000000  0.000000  0.000000  1.000000  0.999963  0.008519  0.000818  -0.008519  0.999964  0.000327  -0.000815  -0.000334  1.000000  0.000000  0.000000  
92.837602 0.001942  0.091175  -0.003041  0.997525  0.068478  0.015965  -0.068699  0.997543  0.013733  -0.014985  -0.014796  0.999778  -0.003028  -0.004868  -0.001953  0.000000  0.000000  0.000000  2.000000  0.999963  0.008519  0.000818  -0.008519  0.999964  0.000327  -0.000815  -0.000334  1.000000  0.999999  0.000190  0.001073  -0.000190  1.000000  -0.000367  -0.001073  0.000367  0.999999  1.000000  0.000000  0.000000  0.000000  1.000000  0.000000  0.000000  0.000000  1.000000  0.999963  0.008519  0.000818  -0.008519  0.999964  0.000327  -0.000815  -0.000334  1.000000  0.000000  0.000000  
92.838602 0.001938  0.091170  -0.003043  0.997525  0.068478  0.015965  -0.068699  0.997543  0.013733  -0.014985  -0.014796  0.999778  -0.003221  -0.004911  -0.002065  0.000000  0.000000  0.000000  2.000000  0.999963  0.008519  0.000818  -0.008519  0.999964  0.000327  -0.000815  -0.000334  1.000000  1.000000  -0.000014  0.000936  0.000014  1.000000  -0.000364  -0.000936  0.000364  0.999999  1.000000  0.000000  0.000000  0.000000  1.000000  0.000000  0.000000  0.000000  1.000000  0.999963  0.008519  0.000818  -0.008519  0.999964  0.000327  -0.000815  -0.000334  1.000000  0.000000  0.000000  
92.839852 0.001933  0.091164  -0.003046  0.997525  0.068478  0.015965  -0.068699  0.997543  0.013733  -0.014985  -0.014796  0.999778  -0.003353  -0.004888  -0.002127  0.000000  0.000000  0.000000  2.000000  0.999963  0.008519  0.000818  -0.008519  0.999964  0.000327  -0.000815  -0.000334  1.000000  1.000000  -0.000014  0.000936  0.000014  1.000000  -0.000243  -0.000936  0.000243  1.000000  1.000000  0.000000  0.000000  0.000000  1.000000  0.000000  0.000000  0.000000  1.000000  0.999963  0.008519  0.000818  -0.008519  0.999964  0.000327  -0.000815  -0.000334  1.000000  0.000000  0.000000  
92.841101 0.001927  0.091159  -0.003049  0.997523  0.068474  0.016106  -0.068699  0.997541  0.013845  -0.015119  -0.014917  0.999774  -0.003545  -0.004883  -0.002203  0.000000  0.000000  0.000000  2.000000  0.999963  0.008519  0.000818  -0.008519  0.999964  0.000327  -0.000815  -0.000334  1.000000  1.000000  -0.000220  0.000933  0.000220  1.000000  -0.000118  -0.000933  0.000118  1.000000  1.000000  0.000000  0.000000  0.000000  1.000000  0.000000  0.000000  0.000000  1.000000  0.999963  0.008519  0.000818  -0.008519  0.999964  0.000327  -0.000815  -0.000334  1.000000  0.000000  0.000000  
92.842111 0.001923  0.091155  -0.003051  0.997525  0.068476  0.015973  -0.068699  0.997541  0.013854  -0.014985  -0.014917  0.999776  -0.003687  -0.004855  -0.002235  0.000000  0.000000  0.000000  2.000000  0.999963  0.008519  0.000818  -0.008519  0.999964  0.000327  -0.000815  -0.000334  1.000000  1.000000  -0.000218  0.000800  0.000218  1.000000  0.000003  -0.000800  -0.000003  1.000000  1.000000  0.000000  0.000000  0.000000  1.000000  0.000000  0.000000  0.000000  1.000000  0.999963  0.008519  0.000818  -0.008519  0.999964  0.000327  -0.000815  -0.000334  1.000000  0.000000  0.000000  
92.843355 0.001919  0.091150  -0.003053  0.997525  0.068476  0.015973  -0.068699  0.997541  0.013854  -0.014985  -0.014917  0.999776  -0.003783  -0.004781  -0.002194  0.000000  0.000000  0.000000  2.000000  0.999963  0.008519  0.000818  -0.008519  0.999964  0.000327  -0.000815  -0.000334  1.000000  1.000000  -0.000422  0.000663  0.000422  1.000000  0.000006  -0.000663  -0.000006  1.000000  1.000000  0.000000  0.000000  0.000000  1.000000  0.000000  0.000000  0.000000  1.000000  0.999963  0.008519  0.000818  -0.008519  0.999964  0.000327  -0.000815  -0.000334  1.000000  0.000000  0.000000  
92.844600 0.001914  0.091146  -0.003055  0.997525  0.068476  0.015973  -0.068699  0.997541  0.013854  -0.014985  -0.014917  0.999776  -0.003901  -0.004706  -0.002217  0.000000  0.000000  0.000000  2.000000  0.999963  0.008519  0.000818  -0.008519  0.999964  0.000327  -0.000815  -0.000334  1.000000  1.000000  -0.000420  0.000529  0.000420  1.000000  0.000006  -0.000529  -0.000006  1.000000  1.000000  0.000000  0.000000  0.000000  1.000000  0.000000  0.000000  0.000000  1.000000  0.999963  0.008519  0.000818  -0.008519  0.999964  0.000327  -0.000815  -0.000334  1.000000  0.000000  0.000000  
92.845601 0.001910  0.091142  -0.003057  0.997525  0.068476  0.015973  -0.068699  0.997541  0.013854  -0.014985  -0.014917  0.999776  -0.003973  -0.004638  -0.002246  0.000000  0.000000  0.000000  2.000000  0.999963  0.008519  0.000818  -0.008519  0.999964  0.000327  -0.000815  -0.000334  1.000000  1.000000  -0.000420  0.000529  0.000420  1.000000  0.000006  -0.000529  -0.000006  1.000000  1.000000  0.000000  0.000000  0.000000  1.000000  0.000000  0.000000  0.000000  1.000000  0.999963  0.008519  0.000818  -0.008519  0.999964  0.000327  -0.000815  -0.000334  1.000000  0.000000  0.000000  
92.846602 0.001906  0.091138  -0.003059  0.997525  0.068476  0.015973  -0.068699  0.997541  0.013854  -0.014985  -0.014917  0.999776  -0.003980  -0.004542  -0.002226  0.000000  0.000000  0.000000  2.000000  0.999963  0.008519  0.000818  -0.008519  0.999964  0.000327  -0.000815  -0.000334  1.000000  1.000000  -0.000212  0.000398  0.000212  1.000000  0.000003  -0.000398  -0.000003  1.000000  1.000000  0.000000  0.000000  0.000000  1.000000  0.000000  0.000000  0.000000  1.000000  0.999963  0.008519  0.000818  -0.008519  0.999964  0.000327  -0.000815  -0.000334  1.000000  0.000000  0.000000  
92.847605 0.001903  0.091134  -0.003061  0.997525  0.068476  0.015973  -0.068699  0.997541  0.013854  -0.014985  -0.014917  0.999776  -0.003934  -0.004388  -0.002172  0.000000  0.000000  0.000000  2.000000  0.999963  0.008519  0.000818  -0.008519  0.999964  0.000327  -0.000815  -0.000334  1.000000  1.000000  -0.000212  0.000398  0.000212  1.000000  0.000003  -0.000398  -0.000003  1.000000  1.000000  0.000000  0.000000  0.000000  1.000000  0.000000  0.000000  0.000000  1.000000  0.999963  0.008519  0.000818  -0.008519  0.999964  0.000327  -0.000815  -0.000334  1.000000  0.000000  0.000000  
92.848855 0.001900  0.091130  -0.003064  0.997525  0.068476  0.015973  -0.068699  0.997541  0.013854  -0.014985  -0.014917  0.999776  -0.003820  -0.004218  -0.002157  0.000000  0.000000  0.000000  2.000000  0.999963  0.008519  0.000818  -0.008519  0.999964  0.000327  -0.000815  -0.000334  1.000000  1.000000  -0.000212  0.000398  0.000212  1.000000  0.000124  -0.000398  -0.000124  1.000000  1.000000  0.000000  0.000000  0.000000  1.000000  0.000000  0.000000  0.000000  1.000000  0.999963  0.008519  0.000818  -0.008519  0.999964  0.000327  -0.000815  -0.000334  1.000000  0.000000  0.000000  
92.850111 0.001896  0.091126  -0.003067  0.997525  0.068476  0.015973  -0.068699  0.997541  0.013854  -0.014985  -0.014917  0.999776  -0.003732  -0.004068  -0.002159  0.000000  0.000000  0.000000  2.000000  0.999963  0.008519  0.000818  -0.008519  0.999964  0.000327  -0.000815  -0.000334  1.000000  1.000000  -0.000210  0.000264  0.000210  1.000000  0.000124  -0.000265  -0.000124  1.000000  1.000000  0.000000  0.000000  0.000000  1.000000  0.000000  0.000000  0.000000  1.000000  0.999963  0.008519  0.000818  -0.008519  0.999964  0.000327  -0.000815  -0.000334  1.000000  0.000000  0.000000  
92.851355 0.001894  0.091122  -0.003070  0.997525  0.068476  0.015973  -0.068699  0.997541  0.013854  -0.014985  -0.014917  0.999776  -0.003562  -0.003922  -0.002137  0.000000  0.000000  0.000000  2.000000  0.999963  0.008519  0.000818  -0.008519  0.999964  0.000327  -0.000815  -0.000334  1.000000  1.000000  -0.000208  0.000131  0.000208  1.000000  0.000124  -0.000131  -0.000124  1.000000  1.000000  0.000000  0.000000  0.000000  1.000000  0.000000  0.000000  0.000000  1.000000  0.999963  0.008519  0.000818  -0.008519  0.999964  0.000327  -0.000815  -0.000334  1.000000  0.000000  0.000000  
92.852601 0.001892  0.091119  -0.003072  0.997527  0.068478  0.015839  -0.068699  0.997541  0.013863  -0.014851  -0.014917  0.999778  -0.003312  -0.003738  -0.002101  0.000000  0.000000  0.000000  2.000000  0.999963  0.008519  0.000818  -0.008519  0.999964  0.000327  -0.000815  -0.000334  1.000000  1.000000  -0.000206  -0.000003  0.000206  1.000000  0.000124  0.000003  -0.000124  1.000000  1.000000  0.000000  0.000000  0.000000  1.000000  0.000000  0.000000  0.000000  1.000000  0.999963  0.008519  0.000818  -0.008519  0.999964  0.000327  -0.000815  -0.000334  1.000000  0.000000  0.000000  
92.853603 0.001890  0.091116  -0.003074  0.997527  0.068478  0.015839  -0.068699  0.997541  0.013863  -0.014851  -0.014917  0.999778  -0.003148  -0.003597  -0.002041  0.000000  0.000000  0.000000  2.000000  0.999963  0.008519  0.000818  -0.008519  0.999964  0.000327  -0.000815  -0.000334  1.000000  1.000000  -0.000204  -0.000137  0.000204  1.000000  0.000124  0.000137  -0.000124  1.000000  1.000000  0.000000  0.000000  0.000000  1.000000  0.000000  0.000000  0.000000  1.000000  0.999963  0.008519  0.000818  -0.008519  0.999964  0.000327  -0.000815  -0.000334  1.000000  0.000000  0.000000  
92.854852 0.001889  0.091113  -0.003076  0.997527  0.068476  0.015848  -0.068699  0.997539  0.013984  -0.014851  -0.015039  0.999777  -0.002855  -0.003419  -0.001969  0.000000  0.000000  0.000000  2.000000  0.999963  0.008519  0.000818  -0.008519  0.999964  0.000327  -0.000815  -0.000334  1.000000  1.000000  -0.000204  -0.000137  0.000204  1.000000  0.000246  0.000137  -0.000246  1.000000  1.000000  0.000000  0.000000  0.000000  1.000000  0.000000  0.000000  0.000000  1.000000  0.999963  0.008519  0.000818  -0.008519  0.999964  0.000327  -0.000815  -0.000334  1.000000  0.000000  0.000000  
92.856101 0.001888  0.091109  -0.003078  0.997527  0.068476  0.015848  -0.068699  0.997539  0.013984  -0.014851  -0.015039  0.999777  -0.002633  -0.003314  -0.001934  0.000000  0.000000  0.000000  2.000000  0.999963  0.008519  0.000818  -0.008519  0.999964  0.000327  -0.000815  -0.000334  1.000000  1.000000  -0.000204  -0.000137  0.000204  1.000000  0.000246  0.000137  -0.000246  1.000000  1.000000  0.000000  0.000000  0.000000  1.000000  0.000000  0.000000  0.000000  1.000000  0.999963  0.008519  0.000818  -0.008519  0.999964  0.000327  -0.000815  -0.000334  1.000000  0.000000  0.000000  
92.857102 0.001888  0.091107  -0.003080  0.997527  0.068476  0.015848  -0.068699  0.997539  0.013984  -0.014851  -0.015039  0.999777  -0.002394  -0.003198  -0.001937  0.000000  0.000000  0.000000  2.000000  0.999963  0.008519  0.000818  -0.008519  0.999964  0.000327  -0.000815  -0.000334  1.000000  1.000000  -0.000204  -0.000137  0.000204  1.000000  0.000246  0.000137  -0.000246  1.000000  1.000000  0.000000  0.000000  0.000000  1.000000  0.000000  0.000000  0.000000  1.000000  0.999963  0.008519  0.000818  -0.008519  0.999964  0.000327  -0.000815  -0.000334  1.000000  0.000000  0.000000  
92.858351 0.001887  0.091104  -0.003082  0.997527  0.068476  0.015848  -0.068699  0.997539  0.013984  -0.014851  -0.015039  0.999777  -0.002132  -0.003104  -0.001959  0.000000  0.000000  0.000000  2.000000  0.999963  0.008519  0.000818  -0.008519  0.999964  0.000327  -0.000815  -0.000334  1.000000  1.000000  0.000002  -0.000134  -0.000002  1.000000  0.000243  0.000134  -0.000243  1.000000  1.000000  0.000000  0.000000  0.000000  1.000000  0.000000  0.000000  0.000000  1.000000  0.999963  0.008519  0.000818  -0.008519  0.999964  0.000327  -0.000815  -0.000334  1.000000  0.000000  0.000000  
92.859599 0.001887  0.091101  -0.003084  0.997527  0.068474  0.015856  -0.068699  0.997538  0.014105  -0.014851  -0.015160  0.999775  -0.001833  -0.003008  -0.001953  0.000000  0.000000  0.000000  2.000000  0.999963  0.008519  0.000818  -0.008519  0.999964  0.000327  -0.000815  -0.000334  1.000000  1.000000  0.000002  -0.000134  -0.000002  1.000000  0.000364  0.000134  -0.000364  1.000000  1.000000  0.000000  0.000000  0.000000  1.000000  0.000000  0.000000  0.000000  1.000000  0.999963  0.008519  0.000818  -0.008519  0.999964  0.000327  -0.000815  -0.000334  1.000000  0.000000  0.000000  
92.860607 0.001887  0.091099  -0.003085  0.997513  0.068680  0.015859  -0.068905  0.997524  0.014102  -0.014851  -0.015160  0.999775  -0.001496  -0.002832  -0.001907  0.000000  0.000000  0.000000  2.000000  0.999963  0.008519  0.000818  -0.008519  0.999964  0.000327  -0.000815  -0.000334  1.000000  1.000000  0.000210  -0.000264  -0.000210  1.000000  0.000361  0.000265  -0.000361  1.000000  1.000000  0.000000  0.000000  0.000000  1.000000  0.000000  0.000000  0.000000  1.000000  0.999963  0.008519  0.000818  -0.008519  0.999964  0.000327  -0.000815  -0.000334  1.000000  0.000000  0.000000  
92.861851 0.001888  0.091097  -0.003086  0.997513  0.068680  0.015859  -0.068905  0.997524  0.014102  -0.014851  -0.015160  0.999775  -0.001207  -0.002660  -0.001815  0.000000  0.000000  0.000000  2.000000  0.999963  0.008519  0.000818  -0.008519  0.999964  0.000327  -0.000815  -0.000334  1.000000  1.000000  0.000210  -0.000264  -0.000210  1.000000  0.000240  0.000264  -0.000239  1.000000  1.000000  0.000000  0.000000  0.000000  1.000000  0.000000  0.000000  0.000000  1.000000  0.999963  0.008519  0.000818  -0.008519  0.999964  0.000327  -0.000815  -0.000334  1.000000  0.000000  0.000000  
