1-Time 2-Px 3-Py 4-Pz 5-R11 6-R21 7-R31 8-R12 9-R22 10-R32 11-R13 12-R23 13-R33 14-Vx 15-Vy 16-Vz 17-Wx 18-Wy 19-Wz 20-state 21-PR11 22-PR21 23-PR31 24-PR12 25-PR22 26-PR32 27-PR13 28-PR23 29-PR33 
236.169474 0.008571  0.098891  -0.000426  0.998637  0.048385  -0.019556  0.018094  0.030474  0.999372  0.048951  -0.998364  0.029557  -0.000016  -0.000034  -0.000055  0.000000  0.000000  0.000000  2.000000  1.000000  0.000000  0.000000  0.000000  -0.000000  1.000000  0.000000  -1.000000  -0.000000  1.000000  0.000267  -0.000008  -0.000267  1.000000  0.000121  0.000008  -0.000121  1.000000  1.000000  0.000000  0.000000  0.000000  1.000000  0.000000  0.000000  0.000000  1.000000  0.638043  0.530412  0.558180  -0.571956  -0.158866  0.804753  0.515527  -0.832721  0.202009  0.000000  0.000000  
236.170485 0.008571  0.098891  -0.000426  0.998631  0.048519  -0.019560  0.018094  0.030476  0.999372  0.049084  -0.998357  0.029556  -0.000016  -0.000034  -0.000055  0.000000  0.000000  0.000000  2.000000  1.000000  0.000000  0.000000  0.000000  -0.000000  1.000000  0.000000  -1.000000  -0.000000  1.000000  0.000401  -0.000012  -0.000401  1.000000  0.000121  0.000012  -0.000121  1.000000  1.000000  0.000000  0.000000  0.000000  1.000000  0.000000  0.000000  0.000000  1.000000  1.000000  0.000000  0.000000  0.000000  -0.000000  1.000000  0.000000  -1.000000  -0.000000  0.000000  0.000000  
236.171730 0.008573  0.098892  -0.000425  0.998634  0.048525  -0.019354  0.017888  0.030466  0.999376  0.049084  -0.998357  0.029556  0.000117  0.000005  -0.000034  0.000000  0.000000  0.000000  2.000000  1.000000  0.000000  0.000000  0.000000  -0.000000  1.000000  0.000000  -1.000000  -0.000000  1.000000  0.000407  0.000194  -0.000407  1.000000  0.000131  -0.000194  -0.000131  1.000000  1.000000  0.000000  0.000000  0.000000  1.000000  0.000000  0.000000  0.000000  1.000000  1.000000  0.000000  0.000000  0.000000  -0.000000  1.000000  0.000000  -1.000000  -0.000000  0.000000  0.000000  
236.172979 0.008576  0.098893  -0.000425  0.998639  0.048677  -0.018741  0.017271  0.030438  0.999387  0.049218  -0.998351  0.029556  0.000280  0.000074  0.000009  0.000000  0.000000  0.000000  2.000000  1.000000  0.000000  0.000000  0.000000  -0.000000  1.000000  0.000000  -1.000000  -0.000000  1.000000  0.000419  0.000605  -0.000420  1.000000  0.000151  -0.000605  -0.000152  1.000000  1.000000  0.000000  0.000000  0.000000  1.000000  0.000000  0.000000  0.000000  1.000000  1.000000  0.000000  0.000000  0.000000  -0.000000  1.000000  0.000000  -1.000000  -0.000000  0.000000  0.000000  
236.174230 0.008578  0.098894  -0.000425  0.998646  0.048688  -0.018335  0.016860  0.030540  0.999391  0.049218  -0.998347  0.029677  0.000457  0.000140  0.000020  0.000000  0.000000  0.000000  2.000000  1.000000  0.000000  0.000000  0.000000  -0.000000  1.000000  0.000000  -1.000000  -0.000000  0.999999  0.000432  0.001016  -0.000432  1.000000  0.000050  -0.001016  -0.000051  0.999999  1.000000  0.000000  0.000000  0.000000  1.000000  0.000000  0.000000  0.000000  1.000000  1.000000  0.000000  0.000000  0.000000  -0.000000  1.000000  0.000000  -1.000000  -0.000000  0.000000  0.000000  
236.175477 0.008581  0.098894  -0.000425  0.998649  0.048694  -0.018130  0.016655  0.030530  0.999395  0.049218  -0.998347  0.029677  0.000642  0.000182  0.000041  0.000000  0.000000  0.000000  2.000000  1.000000  0.000000  0.000000  0.000000  -0.000000  1.000000  0.000000  -1.000000  -0.000000  0.999999  0.000444  0.001427  -0.000444  1.000000  -0.000051  -0.001427  0.000050  0.999999  1.000000  0.000000  0.000000  0.000000  1.000000  0.000000  0.000000  0.000000  1.000000  1.000000  0.000000  0.000000  0.000000  -0.000000  1.000000  0.000000  -1.000000  -0.000000  0.000000  0.000000  
236.176479 0.008584  0.098895  -0.000424  0.998646  0.048834  -0.017928  0.016449  0.030522  0.999399  0.049352  -0.998340  0.029677  0.000843  0.000259  0.000116  0.000000  0.000000  0.000000  2.000000  1.000000  0.000000  0.000000  0.000000  -0.000000  1.000000  0.000000  -1.000000  -0.000000  0.999999  0.000584  0.001628  -0.000584  1.000000  -0.000041  -0.001628  0.000040  0.999999  1.000000  0.000000  0.000000  0.000000  1.000000  0.000000  0.000000  0.000000  1.000000  1.000000  0.000000  0.000000  0.000000  -0.000000  1.000000  0.000000  -1.000000  -0.000000  0.000000  0.000000  
236.177498 0.008587  0.098896  -0.000423  0.998646  0.048978  -0.017526  0.016038  0.030625  0.999402  0.049485  -0.998330  0.029798  0.001086  0.000362  0.000181  0.000000  0.000000  0.000000  2.000000  1.000000  0.000000  0.000000  0.000000  -0.000000  1.000000  0.000000  -1.000000  -0.000000  0.999998  0.000724  0.001830  -0.000724  1.000000  -0.000031  -0.001830  0.000030  0.999998  1.000000  0.000000  0.000000  0.000000  1.000000  0.000000  0.000000  0.000000  1.000000  1.000000  0.000000  0.000000  0.000000  -0.000000  1.000000  0.000000  -1.000000  -0.000000  0.000000  0.000000  
236.178723 0.008591  0.098898  -0.000422  0.998639  0.049258  -0.017123  0.015626  0.030609  0.999409  0.049753  -0.998317  0.029798  0.001341  0.000443  0.000256  0.000000  0.000000  0.000000  2.000000  1.000000  0.000000  0.000000  0.000000  -0.000000  1.000000  0.000000  -1.000000  -0.000000  0.999997  0.000876  0.002442  -0.000876  1.000000  -0.000122  -0.002443  0.000120  0.999997  1.000000  0.000000  0.000000  0.000000  1.000000  0.000000  0.000000  0.000000  1.000000  1.000000  0.000000  0.000000  0.000000  -0.000000  1.000000  0.000000  -1.000000  -0.000000  0.000000  0.000000  
236.179727 0.008594  0.098898  -0.000421  0.998639  0.049402  -0.016721  0.015215  0.030712  0.999412  0.049886  -0.998307  0.029919  0.001521  0.000466  0.000321  0.000000  0.000000  0.000000  2.000000  1.000000  0.000000  0.000000  0.000000  -0.000000  1.000000  0.000000  -1.000000  -0.000000  0.999995  0.001156  0.002845  -0.001155  0.999999  -0.000223  -0.002846  0.000220  0.999996  1.000000  0.000000  0.000000  0.000000  1.000000  0.000000  0.000000  0.000000  1.000000  1.000000  0.000000  0.000000  0.000000  -0.000000  1.000000  0.000000  -1.000000  -0.000000  0.000000  0.000000  
236.180731 0.008597  0.098899  -0.000420  0.998639  0.049548  -0.016314  0.014804  0.030694  0.999419  0.050020  -0.998300  0.029918  0.001714  0.000566  0.000386  0.000000  0.000000  0.000000  2.000000  1.000000  0.000000  0.000000  0.000000  -0.000000  1.000000  0.000000  -1.000000  -0.000000  0.999994  0.001302  0.003252  -0.001301  0.999999  -0.000203  -0.003253  0.000199  0.999995  1.000000  0.000000  0.000000  0.000000  1.000000  0.000000  0.000000  0.000000  1.000000  1.000000  0.000000  0.000000  0.000000  -0.000000  1.000000  0.000000  -1.000000  -0.000000  0.000000  0.000000  
236.181983 0.008599  0.098901  -0.000419  0.998641  0.049698  -0.015707  0.014187  0.030786  0.999425  0.050153  -0.998290  0.030039  0.001906  0.000665  0.000451  0.000000  0.000000  0.000000  2.000000  1.000000  0.000000  0.000000  0.000000  -0.000000  1.000000  0.000000  -1.000000  -0.000000  0.999992  0.001315  0.003663  -0.001314  0.999999  -0.000304  -0.003664  0.000299  0.999993  1.000000  0.000000  0.000000  0.000000  1.000000  0.000000  0.000000  0.000000  1.000000  1.000000  0.000000  0.000000  0.000000  -0.000000  1.000000  0.000000  -1.000000  -0.000000  0.000000  0.000000  
236.183229 0.008603  0.098903  -0.000418  0.998643  0.049849  -0.015099  0.013570  0.030879  0.999431  0.050287  -0.998279  0.030160  0.002133  0.000814  0.000494  0.000000  0.000000  0.000000  2.000000  1.000000  0.000000  0.000000  0.000000  -0.000000  1.000000  0.000000  -1.000000  -0.000000  0.999990  0.001467  0.004276  -0.001466  0.999999  -0.000395  -0.004276  0.000389  0.999991  1.000000  0.000000  0.000000  0.000000  1.000000  0.000000  0.000000  0.000000  1.000000  1.000000  0.000000  0.000000  0.000000  -0.000000  1.000000  0.000000  -1.000000  -0.000000  0.000000  0.000000  
236.184231 0.008605  0.098905  -0.000418  0.998641  0.049994  -0.014698  0.013159  0.030981  0.999433  0.050421  -0.998269  0.030281  0.002308  0.000960  0.000537  0.000000  0.000000  0.000000  2.000000  1.000000  0.000000  0.000000  0.000000  -0.000000  1.000000  0.000000  -1.000000  -0.000000  0.999987  0.001620  0.004888  -0.001618  0.999999  -0.000486  -0.004889  0.000478  0.999988  1.000000  0.000000  0.000000  0.000000  1.000000  0.000000  0.000000  0.000000  1.000000  1.000000  0.000000  0.000000  0.000000  -0.000000  1.000000  0.000000  -1.000000  -0.000000  0.000000  0.000000  
236.185234 0.008608  0.098908  -0.000417  0.998643  0.050145  -0.014091  0.012542  0.031073  0.999438  0.050554  -0.998258  0.030402  0.002514  0.001136  0.000603  -0.019247  -0.184674  0.064008  2.000000  1.000000  0.000044  0.000135  -0.000135  0.000014  1.000000  0.000044  -1.000000  0.000014  0.999983  0.001773  0.005500  -0.001770  0.999998  -0.000577  -0.005501  0.000568  0.999985  1.000000  0.000022  0.000069  -0.000022  1.000000  -0.000007  -0.000069  0.000007  1.000000  1.000000  0.000044  0.000135  -0.000135  0.000014  1.000000  0.000044  -1.000000  0.000014  0.000049  0.005807  
236.186479 0.008612  0.098911  -0.000416  0.998637  0.050428  -0.013494  0.011925  0.031288  0.999439  0.050822  -0.998238  0.030644  0.002600  0.001312  0.000679  -0.026344  -0.205153  0.073657  2.000000  1.000000  0.000162  0.000499  -0.000499  0.000054  1.000000  0.000162  -1.000000  0.000054  0.999979  0.001926  0.006113  -0.001922  0.999998  -0.000669  -0.006114  0.000657  0.999981  1.000000  0.000024  0.000076  -0.000024  1.000000  -0.000008  -0.000076  0.000008  1.000000  1.000000  0.000162  0.000499  -0.000499  0.000054  1.000000  0.000162  -1.000000  0.000054  0.000054  0.006443  
236.187734 0.008615  0.098915  -0.000414  0.998637  0.050579  -0.012887  0.011308  0.031379  0.999444  0.050955  -0.998227  0.030765  0.002697  0.001517  0.000713  -0.029364  -0.225680  0.078772  2.000000  1.000000  0.000293  0.000901  -0.000901  0.000105  1.000000  0.000293  -1.000000  0.000105  0.999975  0.002214  0.006721  -0.002208  0.999997  -0.000881  -0.006722  0.000866  0.999977  1.000000  0.000028  0.000084  -0.000028  1.000000  -0.000011  -0.000084  0.000011  1.000000  1.000000  0.000293  0.000901  -0.000901  0.000105  1.000000  0.000293  -1.000000  0.000105  0.000060  0.007130  
236.188979 0.008619  0.098920  -0.000413  0.998639  0.050735  -0.012080  0.010486  0.031581  0.999446  0.051089  -0.998213  0.031007  0.002758  0.001758  0.000780  -0.036126  -0.253213  0.084150  2.000000  0.999999  0.000435  0.001342  -0.001342  0.000167  0.999999  0.000435  -1.000000  0.000168  0.999970  0.002368  0.007332  -0.002360  0.999997  -0.001094  -0.007335  0.001076  0.999973  1.000000  0.000030  0.000092  -0.000030  1.000000  -0.000014  -0.000092  0.000014  1.000000  0.999999  0.000435  0.001342  -0.001342  0.000167  0.999999  0.000435  -1.000000  0.000168  0.000066  0.007781  
236.189980 0.008622  0.098923  -0.000412  0.998639  0.050886  -0.011479  0.009869  0.031794  0.999446  0.051222  -0.998198  0.031248  0.002836  0.001951  0.000868  -0.043250  -0.273957  0.089362  2.000000  0.999998  0.000559  0.001726  -0.001727  0.000226  0.999998  0.000559  -1.000000  0.000227  0.999965  0.002523  0.007944  -0.002512  0.999996  -0.001306  -0.007947  0.001286  0.999968  1.000000  0.000031  0.000099  -0.000031  1.000000  -0.000016  -0.000099  0.000016  1.000000  0.999998  0.000559  0.001726  -0.001727  0.000226  0.999998  0.000559  -1.000000  0.000227  0.000071  0.008435  
236.190980 0.008625  0.098925  -0.000412  0.998636  0.051030  -0.011085  0.009457  0.032017  0.999443  0.051356  -0.998184  0.031490  0.002787  0.002046  0.000858  -0.050637  -0.287547  0.089750  2.000000  0.999997  0.000686  0.002142  -0.002142  0.000293  0.999998  0.000685  -1.000000  0.000294  0.999960  0.002543  0.008560  -0.002531  0.999996  -0.001396  -0.008564  0.001374  0.999962  1.000000  0.000032  0.000107  -0.000032  1.000000  -0.000017  -0.000107  0.000017  1.000000  0.999997  0.000686  0.002142  -0.002142  0.000293  0.999998  0.000685  -1.000000  0.000294  0.000076  0.009037  
236.192223 0.008628  0.098929  -0.000411  0.998636  0.051187  -0.010278  0.008635  0.032218  0.999444  0.051490  -0.998169  0.031732  0.002779  0.002160  0.000812  -0.057408  -0.315175  0.095173  2.000000  0.999996  0.000852  0.002689  -0.002690  0.000389  0.999996  0.000851  -1.000000  0.000391  0.999956  0.002691  0.008967  -0.002677  0.999995  -0.001619  -0.008971  0.001594  0.999958  1.000000  0.000034  0.000112  -0.000034  1.000000  -0.000020  -0.000112  0.000020  1.000000  0.999996  0.000852  0.002689  -0.002690  0.000389  0.999996  0.000851  -1.000000  0.000391  0.000082  0.009499  
236.193230 0.008630  0.098930  -0.000411  0.998633  0.051333  -0.009877  0.008224  0.032320  0.999444  0.051623  -0.998159  0.031853  0.002725  0.002288  0.000816  -0.060740  -0.328694  0.100066  2.000000  0.999995  0.000954  0.003028  -0.003029  0.000455  0.999995  0.000953  -0.999999  0.000458  0.999956  0.002694  0.008966  -0.002677  0.999995  -0.001860  -0.008971  0.001836  0.999958  1.000000  0.000034  0.000112  -0.000034  1.000000  -0.000023  -0.000112  0.000023  1.000000  0.999995  0.000954  0.003028  -0.003029  0.000455  0.999995  0.000953  -0.999999  0.000458  0.000086  0.009543  
236.194481 0.008633  0.098933  -0.000410  0.998631  0.051484  -0.009277  0.007607  0.032531  0.999442  0.051757  -0.998144  0.032095  0.002673  0.002345  0.000718  -0.067820  -0.349238  0.105233  2.000000  0.999993  0.001128  0.003604  -0.003604  0.000577  0.999993  0.001126  -0.999999  0.000581  0.999952  0.002843  0.009372  -0.002823  0.999994  -0.002082  -0.009378  0.002056  0.999954  1.000000  0.000035  0.000117  -0.000035  1.000000  -0.000026  -0.000117  0.000026  1.000000  0.999993  0.001128  0.003604  -0.003604  0.000577  0.999993  0.001126  -0.999999  0.000581  0.000093  0.010010  
236.195727 0.008636  0.098935  -0.000410  0.998623  0.051776  -0.008475  0.006784  0.032733  0.999441  0.052024  -0.998122  0.032337  0.002626  0.002349  0.000653  -0.074566  -0.376763  0.115179  2.000000  0.999990  0.001313  0.004200  -0.004201  0.000703  0.999991  0.001310  -0.999999  0.000709  0.999948  0.002992  0.009778  -0.002970  0.999993  -0.002183  -0.009784  0.002154  0.999950  1.000000  0.000037  0.000122  -0.000037  1.000000  -0.000027  -0.000122  0.000027  1.000000  0.999990  0.001313  0.004200  -0.004201  0.000703  0.999991  0.001310  -0.999999  0.000709  0.000098  0.010453  
236.196979 0.008638  0.098935  -0.000412  0.998620  0.051928  -0.007874  0.006168  0.032944  0.999438  0.052158  -0.998107  0.032579  0.002599  0.002302  0.000502  -0.081620  -0.397207  0.120327  2.000000  0.999987  0.001509  0.004821  -0.004822  0.000845  0.999988  0.001504  -0.999999  0.000852  0.999945  0.003134  0.009978  -0.003110  0.999992  -0.002415  -0.009986  0.002383  0.999947  1.000000  0.000039  0.000125  -0.000039  1.000000  -0.000030  -0.000125  0.000030  1.000000  0.999987  0.001509  0.004821  -0.004822  0.000845  0.999988  0.001504  -0.999999  0.000852  0.000104  0.010731  
236.198224 0.008641  0.098936  -0.000413  0.998616  0.052080  -0.007274  0.005551  0.033156  0.999435  0.052291  -0.998092  0.032821  0.002561  0.002180  0.000351  -0.088701  -0.417801  0.125526  2.000000  0.999984  0.001705  0.005452  -0.005454  0.000998  0.999985  0.001699  -0.999998  0.001007  0.999943  0.003143  0.010183  -0.003118  0.999992  -0.002524  -0.010191  0.002493  0.999945  1.000000  0.000039  0.000127  -0.000039  1.000000  -0.000031  -0.000127  0.000031  1.000000  0.999984  0.001705  0.005452  -0.005454  0.000998  0.999985  0.001699  -0.999998  0.001007  0.000110  0.010949  
236.199235 0.008643  0.098936  -0.000415  0.998612  0.052225  -0.006880  0.005140  0.033377  0.999430  0.052425  -0.998077  0.033063  0.002505  0.002040  0.000173  -0.096106  -0.431372  0.130479  2.000000  0.999981  0.001857  0.005961  -0.005963  0.001128  0.999982  0.001850  -0.999998  0.001139  0.999944  0.003012  0.010186  -0.002984  0.999992  -0.002764  -0.010195  0.002734  0.999944  1.000000  0.000037  0.000127  -0.000037  1.000000  -0.000034  -0.000127  0.000034  1.000000  0.999981  0.001857  0.005961  -0.005963  0.001128  0.999982  0.001850  -0.999998  0.001139  0.000114  0.010973  
236.200474 0.008646  0.098937  -0.000417  0.998608  0.052378  -0.006279  0.004523  0.033588  0.999426  0.052559  -0.998062  0.033304  0.002460  0.001926  -0.000016  -0.102356  -0.448617  0.130181  2.000000  0.999977  0.002006  0.006478  -0.006481  0.001266  0.999978  0.001998  -0.999997  0.001279  0.999941  0.003021  0.010391  -0.002992  0.999991  -0.002874  -0.010400  0.002843  0.999942  1.000000  0.000038  0.000130  -0.000038  1.000000  -0.000036  -0.000130  0.000036  1.000000  0.999977  0.002006  0.006478  -0.006481  0.001266  0.999978  0.001998  -0.999997  0.001279  0.000119  0.011193  
236.201479 0.008648  0.098937  -0.000418  0.998609  0.052390  -0.005881  0.004112  0.033809  0.999420  0.052559  -0.998054  0.033547  0.002401  0.001751  -0.000178  -0.110064  -0.455320  0.130414  2.000000  0.999974  0.002117  0.006873  -0.006876  0.001377  0.999975  0.002107  -0.999997  0.001391  0.999940  0.002897  0.010600  -0.002864  0.999991  -0.003105  -0.010609  0.003074  0.999939  1.000000  0.000036  0.000133  -0.000036  1.000000  -0.000039  -0.000133  0.000039  1.000000  0.999974  0.002117  0.006873  -0.006876  0.001377  0.999975  0.002107  -0.999997  0.001391  0.000123  0.011415  
236.202487 0.008650  0.098938  -0.000421  0.998605  0.052543  -0.005281  0.003495  0.034020  0.999415  0.052692  -0.998039  0.033788  0.002370  0.001588  -0.000445  -0.118680  -0.465842  0.131730  2.000000  0.999970  0.002265  0.007405  -0.007409  0.001530  0.999971  0.002254  -0.999996  0.001547  0.999940  0.002898  0.010600  -0.002865  0.999991  -0.003104  -0.010609  0.003073  0.999939  1.000000  0.000036  0.000133  -0.000036  1.000000  -0.000039  -0.000133  0.000039  1.000000  0.999970  0.002265  0.007405  -0.007409  0.001530  0.999971  0.002254  -0.999996  0.001547  0.000124  0.011415  
236.203729 0.008653  0.098939  -0.000424  0.998599  0.052690  -0.004886  0.003084  0.034241  0.999409  0.052826  -0.998024  0.034030  0.002321  0.001355  -0.000686  -0.125792  -0.461980  0.135197  2.000000  0.999964  0.002447  0.008075  -0.008080  0.001733  0.999966  0.002433  -0.999996  0.001753  0.999937  0.002909  0.010804  -0.002873  0.999990  -0.003334  -0.010814  0.003303  0.999936  1.000000  0.000036  0.000135  -0.000036  1.000000  -0.000041  -0.000135  0.000041  1.000000  0.999964  0.002447  0.008075  -0.008080  0.001733  0.999966  0.002433  -0.999996  0.001753  0.000124  0.011671  
236.204976 0.008656  0.098940  -0.000427  0.998601  0.052709  -0.004288  0.002467  0.034572  0.999399  0.052826  -0.998011  0.034393  0.002258  0.001108  -0.001022  -0.134649  -0.472730  0.136666  2.000000  0.999958  0.002626  0.008735  -0.008740  0.001946  0.999960  0.002609  -0.999995  0.001969  0.999942  0.002764  0.010397  -0.002728  0.999990  -0.003475  -0.010407  0.003446  0.999940  1.000000  0.000034  0.000130  -0.000034  1.000000  -0.000043  -0.000130  0.000043  1.000000  0.999958  0.002626  0.008735  -0.008740  0.001946  0.999960  0.002609  -0.999995  0.001969  0.000127  0.011301  
236.206229 0.008659  0.098940  -0.000430  0.998595  0.052856  -0.003894  0.002056  0.034793  0.999392  0.052959  -0.997996  0.034635  0.002229  0.000928  -0.001250  -0.142384  -0.479611  0.136943  2.000000  0.999952  0.002793  0.009375  -0.009381  0.002169  0.999954  0.002772  -0.999994  0.002195  0.999947  0.002620  0.009990  -0.002583  0.999990  -0.003736  -0.009999  0.003710  0.999943  1.000000  0.000033  0.000125  -0.000033  1.000000  -0.000047  -0.000125  0.000047  1.000000  0.999952  0.002793  0.009375  -0.009381  0.002169  0.999954  0.002772  -0.999994  0.002195  0.000129  0.010978  
236.207229 0.008661  0.098941  -0.000433  0.998595  0.052862  -0.003708  0.001850  0.035146  0.999380  0.052959  -0.997983  0.034998  0.002163  0.000763  -0.001526  -0.150960  -0.473128  0.132428  2.000000  0.999947  0.002923  0.009874  -0.009881  0.002354  0.999948  0.002900  -0.999993  0.002383  0.999947  0.002489  0.009994  -0.002451  0.999990  -0.003734  -0.010003  0.003709  0.999943  1.000000  0.000031  0.000125  -0.000031  1.000000  -0.000047  -0.000125  0.000047  1.000000  0.999947  0.002923  0.009874  -0.009881  0.002354  0.999948  0.002900  -0.999993  0.002383  0.000129  0.010951  
236.208478 0.008663  0.098941  -0.000436  0.998596  0.052876  -0.003309  0.001439  0.035366  0.999373  0.052959  -0.997975  0.035241  0.002143  0.000688  -0.001691  -0.157671  -0.469042  0.126848  2.000000  0.999940  0.003076  0.010485  -0.010493  0.002595  0.999942  0.003049  -0.999992  0.002627  0.999949  0.002351  0.009792  -0.002312  0.999989  -0.003986  -0.009801  0.003963  0.999944  1.000000  0.000029  0.000122  -0.000029  1.000000  -0.000050  -0.000122  0.000050  1.000000  0.999940  0.003076  0.010485  -0.010493  0.002595  0.999942  0.003049  -0.999992  0.002627  0.000129  0.010826  
236.209479 0.008665  0.098941  -0.000439  0.998596  0.052889  -0.002917  0.001028  0.035708  0.999362  0.052959  -0.997962  0.035604  0.002110  0.000585  -0.001886  -0.167060  -0.473168  0.119018  2.000000  0.999936  0.003163  0.010844  -0.010853  0.002743  0.999937  0.003133  -0.999991  0.002777  0.999952  0.002213  0.009591  -0.002175  0.999990  -0.003995  -0.009599  0.003974  0.999946  1.000000  0.000027  0.000120  -0.000027  1.000000  -0.000050  -0.000120  0.000050  1.000000  0.999936  0.003163  0.010844  -0.010853  0.002743  0.999937  0.003133  -0.999991  0.002777  0.000128  0.010619  
236.210727 0.008666  0.098941  -0.000442  0.998596  0.052896  -0.002724  0.000822  0.035940  0.999354  0.052959  -0.997953  0.035846  0.002028  0.000437  -0.002097  -0.174112  -0.462604  0.113425  2.000000  0.999929  0.003298  0.011430  -0.011440  0.002999  0.999930  0.003264  -0.999990  0.003036  0.999956  0.002068  0.009184  -0.002030  0.999989  -0.004136  -0.009192  0.004117  0.999949  1.000000  0.000026  0.000115  -0.000026  1.000000  -0.000052  -0.000115  0.000052  1.000000  0.999929  0.003298  0.011430  -0.011440  0.002999  0.999930  0.003264  -0.999990  0.003036  0.000128  0.010278  
236.211727 0.008667  0.098941  -0.000444  0.998597  0.052910  -0.002332  0.000411  0.036282  0.999342  0.052959  -0.997940  0.036209  0.001932  0.000388  -0.002214  -0.184071  -0.459740  0.109775  2.000000  0.999924  0.003398  0.011879  -0.011890  0.003209  0.999924  0.003359  -0.999989  0.003249  0.999960  0.001922  0.008777  -0.001884  0.999989  -0.004277  -0.008785  0.004260  0.999952  1.000000  0.000024  0.000110  -0.000024  1.000000  -0.000053  -0.000110  0.000053  1.000000  0.999924  0.003398  0.011879  -0.011890  0.003209  0.999924  0.003359  -0.999989  0.003249  0.000125  0.009948  
236.212977 0.008668  0.098941  -0.000448  0.998590  0.053050  -0.002150  0.000206  0.036634  0.999329  0.053093  -0.997920  0.036572  0.001830  0.000362  -0.002344  -0.190888  -0.448957  0.108724  2.000000  0.999917  0.003513  0.012425  -0.012437  0.003479  0.999917  0.003470  -0.999988  0.003523  0.999962  0.001784  0.008576  -0.001746  0.999989  -0.004408  -0.008583  0.004393  0.999954  1.000000  0.000022  0.000107  -0.000022  1.000000  -0.000055  -0.000107  0.000055  1.000000  0.999917  0.003513  0.012425  -0.012437  0.003479  0.999917  0.003470  -0.999988  0.003523  0.000126  0.009802  
236.213981 0.008669  0.098941  -0.000450  0.998590  0.053057  -0.001957  0.000000  0.036866  0.999320  0.053093  -0.997911  0.036814  0.001749  0.000316  -0.002395  -0.195698  -0.435578  0.103934  2.000000  0.999911  0.003606  0.012837  -0.012851  0.003699  0.999911  0.003558  -0.999987  0.003745  0.999965  0.001771  0.008164  -0.001735  0.999989  -0.004428  -0.008172  0.004413  0.999957  1.000000  0.000022  0.000102  -0.000022  1.000000  -0.000055  -0.000102  0.000055  1.000000  0.999911  0.003606  0.012837  -0.012851  0.003699  0.999911  0.003558  -0.999987  0.003745  0.000123  0.009452  
236.215227 0.008671  0.098942  -0.000453  0.998590  0.053064  -0.001771  -0.000206  0.037219  0.999307  0.053093  -0.997897  0.037177  0.001701  0.000331  -0.002435  -0.204418  -0.421888  0.099090  2.000000  0.999904  0.003712  0.013329  -0.013344  0.003981  0.999903  0.003658  -0.999985  0.004030  0.999969  0.001625  0.007758  -0.001590  0.999988  -0.004569  -0.007765  0.004557  0.999959  1.000000  0.000020  0.000097  -0.000020  1.000000  -0.000057  -0.000097  0.000057  1.000000  0.999904  0.003712  0.013329  -0.013344  0.003981  0.999903  0.003658  -0.999985  0.004030  0.000119  0.009146  
236.216242 0.008672  0.098942  -0.000455  0.998589  0.053079  -0.001379  -0.000617  0.037560  0.999294  0.053093  -0.997884  0.037540  0.001637  0.000324  -0.002506  -0.210363  -0.418493  0.090758  2.000000  0.999900  0.003769  0.013612  -0.013627  0.004158  0.999899  0.003712  -0.999984  0.004209  0.999970  0.001487  0.007556  -0.001450  0.999987  -0.004821  -0.007564  0.004810  0.999960  1.000000  0.000018  0.000095  -0.000018  1.000000  -0.000060  -0.000095  0.000060  1.000000  0.999900  0.003769  0.013612  -0.013627  0.004158  0.999899  0.003712  -0.999984  0.004209  0.000118  0.009083  
236.217481 0.008674  0.098943  -0.000459  0.998589  0.053086  -0.001192  -0.000822  0.037913  0.999281  0.053093  -0.997870  0.037903  0.001545  0.000282  -0.002521  -0.219335  -0.405057  0.085943  2.000000  0.999895  0.003841  0.013981  -0.013998  0.004402  0.999892  0.003779  -0.999983  0.004456  0.999972  0.001348  0.007356  -0.001312  0.999987  -0.004952  -0.007362  0.004943  0.999961  1.000000  0.000017  0.000092  -0.000017  1.000000  -0.000062  -0.000092  0.000062  1.000000  0.999895  0.003841  0.013981  -0.013998  0.004402  0.999892  0.003779  -0.999983  0.004456  0.000117  0.008967  
236.218731 0.008676  0.098943  -0.000463  0.998589  0.053094  -0.001006  -0.001028  0.038266  0.999267  0.053093  -0.997856  0.038266  0.001480  0.000275  -0.002594  -0.224428  -0.384397  0.080837  2.000000  0.999888  0.003918  0.014422  -0.014441  0.004721  0.999885  0.003849  -0.999981  0.004777  0.999975  0.001069  0.006954  -0.001033  0.999986  -0.005214  -0.006960  0.005207  0.999962  1.000000  0.000013  0.000087  -0.000013  1.000000  -0.000065  -0.000087  0.000065  1.000000  0.999888  0.003918  0.014422  -0.014441  0.004721  0.999885  0.003849  -0.999981  0.004777  0.000115  0.008755  
236.219979 0.008678  0.098944  -0.000466  0.998589  0.053109  -0.000620  -0.001439  0.038729  0.999249  0.053093  -0.997837  0.038751  0.001433  0.000291  -0.002638  -0.230998  -0.374507  0.075613  2.000000  0.999882  0.003986  0.014848  -0.014868  0.005049  0.999877  0.003911  -0.999979  0.005107  0.999977  0.000930  0.006753  -0.000894  0.999985  -0.005346  -0.006758  0.005339  0.999963  1.000000  0.000011  0.000084  -0.000011  1.000000  -0.000067  -0.000084  0.000067  1.000000  0.999882  0.003986  0.014848  -0.014868  0.005049  0.999877  0.003911  -0.999979  0.005107  0.000113  0.008661  
236.221232 0.008680  0.098945  -0.000470  0.998581  0.053250  -0.000439  -0.001645  0.039081  0.999235  0.053227  -0.997816  0.039113  0.001424  0.000314  -0.002649  -0.235828  -0.361160  0.070827  2.000000  0.999876  0.004048  0.015251  -0.015273  0.005386  0.999869  0.003965  -0.999977  0.005447  0.999979  0.000916  0.006342  -0.000882  0.999985  -0.005366  -0.006347  0.005360  0.999965  1.000000  0.000011  0.000079  -0.000011  1.000000  -0.000067  -0.000079  0.000067  1.000000  0.999876  0.004048  0.015251  -0.015273  0.005386  0.999869  0.003965  -0.999977  0.005447  0.000110  0.008356  
236.222478 0.008682  0.098946  -0.000473  0.998580  0.053266  -0.000047  -0.002056  0.039423  0.999220  0.053227  -0.997802  0.039476  0.001392  0.000331  -0.002616  -0.242433  -0.350283  0.066499  2.000000  0.999870  0.004107  0.015620  -0.015644  0.005729  0.999861  0.004017  -0.999975  0.005792  0.999983  0.000761  0.005731  -0.000729  0.999984  -0.005640  -0.005735  0.005636  0.999968  1.000000  0.000009  0.000072  -0.000009  1.000000  -0.000070  -0.000072  0.000070  1.000000  0.999870  0.004107  0.015620  -0.015644  0.005729  0.999861  0.004017  -0.999975  0.005792  0.000107  0.008075  
236.223726 0.008685  0.098947  -0.000476  0.998580  0.053275  0.000133  -0.002261  0.039897  0.999201  0.053227  -0.997783  0.039961  0.001409  0.000397  -0.002584  -0.251298  -0.336618  0.061636  2.000000  0.999864  0.004159  0.015969  -0.015994  0.006079  0.999854  0.004061  -0.999973  0.006145  0.999984  0.000755  0.005525  -0.000724  0.999984  -0.005651  -0.005529  0.005647  0.999969  1.000000  0.000009  0.000069  -0.000009  1.000000  -0.000071  -0.000069  0.000071  1.000000  0.999864  0.004159  0.015969  -0.015994  0.006079  0.999854  0.004061  -0.999973  0.006145  0.000106  0.007938  
236.224727 0.008687  0.098947  -0.000478  0.998572  0.053416  0.000320  -0.002467  0.040128  0.999192  0.053360  -0.997766  0.040202  0.001442  0.000414  -0.002584  -0.252004  -0.322818  0.061222  2.000000  0.999860  0.004190  0.016173  -0.016199  0.006297  0.999849  0.004087  -0.999971  0.006364  0.999984  0.000757  0.005525  -0.000725  0.999982  -0.005893  -0.005529  0.005889  0.999967  1.000000  0.000009  0.000069  -0.000009  1.000000  -0.000074  -0.000069  0.000074  1.000000  0.999860  0.004190  0.016173  -0.016199  0.006297  0.999849  0.004087  -0.999971  0.006364  0.000106  0.008112  
236.225983 0.008689  0.098948  -0.000480  0.998572  0.053425  0.000500  -0.002673  0.040602  0.999172  0.053360  -0.997746  0.040686  0.001506  0.000465  -0.002506  -0.258476  -0.313594  0.056152  2.000000  0.999855  0.004242  0.016502  -0.016530  0.006664  0.999841  0.004131  -0.999969  0.006733  0.999987  0.000743  0.005114  -0.000713  0.999982  -0.005915  -0.005118  0.005911  0.999969  1.000000  0.000009  0.000064  -0.000009  1.000000  -0.000074  -0.000064  0.000074  1.000000  0.999855  0.004242  0.016502  -0.016530  0.006664  0.999841  0.004131  -0.999969  0.006733  0.000102  0.007853  
236.227227 0.008691  0.098949  -0.000483  0.998563  0.053575  0.000886  -0.003084  0.040943  0.999157  0.053494  -0.997724  0.041049  0.001565  0.000526  -0.002463  -0.265216  -0.302349  0.051676  2.000000  0.999849  0.004295  0.016820  -0.016850  0.007041  0.999833  0.004176  -0.999966  0.007113  0.999987  0.000745  0.005113  -0.000714  0.999981  -0.006157  -0.005118  0.006153  0.999968  1.000000  0.000009  0.000064  -0.000009  1.000000  -0.000077  -0.000064  0.000077  1.000000  0.999849  0.004295  0.016820  -0.016850  0.007041  0.999833  0.004176  -0.999966  0.007113  0.000103  0.008036  
236.228477 0.008693  0.098949  -0.000484  0.998563  0.053584  0.001066  -0.003289  0.041417  0.999137  0.053494  -0.997704  0.041533  0.001644  0.000562  -0.002337  -0.271480  -0.292989  0.051104  2.000000  0.999844  0.004347  0.017132  -0.017164  0.007423  0.999825  0.004219  -0.999963  0.007496  0.999988  0.000739  0.004908  -0.000708  0.999981  -0.006167  -0.004912  0.006164  0.999969  1.000000  0.000009  0.000061  -0.000009  1.000000  -0.000077  -0.000061  0.000077  1.000000  0.999844  0.004347  0.017132  -0.017164  0.007423  0.999825  0.004219  -0.999963  0.007496  0.000101  0.007915  
236.229478 0.008695  0.098950  -0.000485  0.998554  0.053735  0.001452  -0.003700  0.041758  0.999121  0.053628  -0.997682  0.041896  0.001655  0.000576  -0.002240  -0.278309  -0.288676  0.051389  2.000000  0.999839  0.004394  0.017376  -0.017410  0.007733  0.999819  0.004259  -0.999960  0.007808  0.999988  0.000874  0.004902  -0.000843  0.999980  -0.006289  -0.004907  0.006285  0.999968  1.000000  0.000011  0.000061  -0.000011  1.000000  -0.000079  -0.000061  0.000079  1.000000  0.999839  0.004394  0.017376  -0.017410  0.007733  0.999819  0.004259  -0.999960  0.007808  0.000100  0.008020  
236.230480 0.008696  0.098951  -0.000485  0.998546  0.053878  0.001633  -0.003906  0.042110  0.999105  0.053761  -0.997659  0.042259  0.001683  0.000640  -0.002059  -0.285342  -0.277030  0.051359  2.000000  0.999835  0.004444  0.017617  -0.017653  0.008044  0.999812  0.004301  -0.999958  0.008121  0.999988  0.001010  0.004896  -0.000979  0.999980  -0.006289  -0.004902  0.006284  0.999968  1.000000  0.000012  0.000061  -0.000012  1.000000  -0.000079  -0.000061  0.000079  1.000000  0.999835  0.004444  0.017617  -0.017653  0.008044  0.999812  0.004301  -0.999958  0.008121  0.000101  0.008032  
236.231728 0.008699  0.098953  -0.000485  0.998538  0.054021  0.001807  -0.004111  0.042583  0.999084  0.053895  -0.997631  0.042743  0.001737  0.000700  -0.001917  -0.291784  -0.260856  0.050495  2.000000  0.999829  0.004513  0.017914  -0.017952  0.008440  0.999803  0.004361  -0.999954  0.008520  0.999988  0.001003  0.004690  -0.000973  0.999979  -0.006421  -0.004696  0.006416  0.999968  1.000000  0.000012  0.000059  -0.000012  1.000000  -0.000080  -0.000059  0.000080  1.000000  0.999829  0.004513  0.017914  -0.017952  0.008440  0.999803  0.004361  -0.999954  0.008520  0.000100  0.008013  
236.232731 0.008701  0.098955  -0.000485  0.998537  0.054031  0.001993  -0.004317  0.042935  0.999069  0.053895  -0.997616  0.043106  0.001809  0.000793  -0.001740  -0.296146  -0.253863  0.050294  2.000000  0.999826  0.004559  0.018091  -0.018130  0.008683  0.999798  0.004401  -0.999952  0.008764  0.999988  0.001139  0.004684  -0.001108  0.999978  -0.006542  -0.004691  0.006537  0.999968  1.000000  0.000014  0.000059  -0.000014  1.000000  -0.000082  -0.000059  0.000082  1.000000  0.999826  0.004559  0.018091  -0.018130  0.008683  0.999798  0.004401  -0.999952  0.008764  0.000099  0.008124  
236.233736 0.008703  0.098956  -0.000485  0.998528  0.054183  0.002379  -0.004728  0.043276  0.999052  0.054028  -0.997593  0.043468  0.001847  0.000855  -0.001488  -0.300148  -0.253812  0.050364  2.000000  0.999821  0.004627  0.018326  -0.018368  0.009013  0.999791  0.004461  -0.999949  0.009097  0.999988  0.001274  0.004677  -0.001243  0.999977  -0.006663  -0.004686  0.006658  0.999967  1.000000  0.000016  0.000059  -0.000016  1.000000  -0.000083  -0.000059  0.000083  1.000000  0.999821  0.004627  0.018326  -0.018368  0.009013  0.999791  0.004461  -0.999949  0.009097  0.000099  0.008238  
236.234979 0.008707  0.098959  -0.000484  0.998520  0.054326  0.002552  -0.004934  0.043749  0.999030  0.054162  -0.997564  0.043952  0.001904  0.000984  -0.001183  -0.308755  -0.246796  0.054696  2.000000  0.999815  0.004709  0.018625  -0.018669  0.009435  0.999781  0.004532  -0.999944  0.009521  0.999987  0.001285  0.004882  -0.001252  0.999976  -0.006773  -0.004891  0.006767  0.999965  1.000000  0.000016  0.000061  -0.000016  1.000000  -0.000085  -0.000061  0.000085  1.000000  0.999815  0.004709  0.018625  -0.018669  0.009435  0.999781  0.004532  -0.999944  0.009521  0.000100  0.008445  
236.235979 0.008708  0.098961  -0.000483  0.998512  0.054470  0.002725  -0.005139  0.044222  0.999009  0.054296  -0.997536  0.044436  0.001909  0.001062  -0.000917  -0.317262  -0.239882  0.054514  2.000000  0.999811  0.004778  0.018865  -0.018911  0.009779  0.999773  0.004593  -0.999941  0.009867  0.999987  0.001288  0.004882  -0.001253  0.999975  -0.007016  -0.004890  0.007010  0.999963  1.000000  0.000016  0.000061  -0.000016  1.000000  -0.000088  -0.000061  0.000088  1.000000  0.999811  0.004778  0.018865  -0.018911  0.009779  0.999773  0.004593  -0.999941  0.009867  0.000100  0.008641  
236.236980 0.008711  0.098963  -0.000482  0.998509  0.054489  0.003117  -0.005550  0.044563  0.998991  0.054296  -0.997519  0.044799  0.001967  0.001178  -0.000654  -0.316874  -0.246753  0.054875  2.000000  0.999806  0.004855  0.019105  -0.019153  0.010124  0.999765  0.004661  -0.999937  0.010215  0.999988  0.001414  0.004670  -0.001382  0.999975  -0.006905  -0.004679  0.006899  0.999965  1.000000  0.000017  0.000058  -0.000017  1.000000  -0.000086  -0.000058  0.000086  1.000000  0.999806  0.004855  0.019105  -0.019153  0.010124  0.999765  0.004661  -0.999937  0.010215  0.000100  0.008453  
236.238230 0.008714  0.098966  -0.000481  0.998501  0.054634  0.003290  -0.005756  0.045035  0.998969  0.054429  -0.997490  0.045282  0.001988  0.001285  -0.000423  -0.325385  -0.239649  0.059180  2.000000  0.999799  0.004955  0.019405  -0.019456  0.010557  0.999755  0.004749  -0.999932  0.010651  0.999987  0.001560  0.004868  -0.001526  0.999974  -0.007016  -0.004879  0.007008  0.999964  1.000000  0.000019  0.000061  -0.000019  1.000000  -0.000088  -0.000061  0.000088  1.000000  0.999799  0.004955  0.019405  -0.019456  0.010557  0.999755  0.004749  -0.999932  0.010651  0.000102  0.008678  
236.239480 0.008717  0.098968  -0.000480  0.998491  0.054788  0.003662  -0.006167  0.045618  0.998940  0.054563  -0.997455  0.045887  0.002042  0.001381  -0.000116  -0.333543  -0.239450  0.063793  2.000000  0.999793  0.005063  0.019702  -0.019757  0.010997  0.999744  0.004845  -0.999927  0.011094  0.999988  0.001686  0.004656  -0.001653  0.999973  -0.007148  -0.004668  0.007140  0.999964  1.000000  0.000021  0.000058  -0.000021  1.000000  -0.000089  -0.000058  0.000089  1.000000  0.999793  0.005063  0.019702  -0.019757  0.010997  0.999744  0.004845  -0.999927  0.011094  0.000102  0.008693  
236.240732 0.008719  0.098970  -0.000479  0.998483  0.054933  0.003835  -0.006372  0.046090  0.998917  0.054696  -0.997426  0.046371  0.002063  0.001489  0.000115  -0.337891  -0.232274  0.068087  2.000000  0.999788  0.005157  0.019943  -0.020001  0.011356  0.999735  0.004930  -0.999922  0.011457  0.999987  0.001832  0.004854  -0.001796  0.999972  -0.007258  -0.004867  0.007250  0.999962  1.000000  0.000023  0.000061  -0.000023  1.000000  -0.000091  -0.000061  0.000091  1.000000  0.999788  0.005157  0.019943  -0.020001  0.011356  0.999735  0.004930  -0.999922  0.011457  0.000105  0.008919  
236.241978 0.008722  0.098972  -0.000477  0.998473  0.055087  0.004213  -0.006783  0.046552  0.998893  0.054830  -0.997396  0.046854  0.002092  0.001574  0.000356  -0.342893  -0.237054  0.072368  2.000000  0.999781  0.005280  0.020250  -0.020311  0.011810  0.999724  0.005040  -0.999916  0.011914  0.999986  0.001844  0.005059  -0.001806  0.999971  -0.007368  -0.005072  0.007359  0.999960  1.000000  0.000023  0.000063  -0.000023  1.000000  -0.000092  -0.000063  0.000092  1.000000  0.999781  0.005280  0.020250  -0.020311  0.011810  0.999724  0.005040  -0.999916  0.011914  0.000105  0.009122  
236.243228 0.008724  0.098973  -0.000476  0.998462  0.055241  0.004598  -0.007195  0.046891  0.998874  0.054964  -0.997371  0.047217  0.002053  0.001621  0.000543  -0.341620  -0.238982  0.073068  2.000000  0.999774  0.005409  0.020558  -0.020623  0.012269  0.999712  0.005155  -0.999910  0.012378  0.999986  0.001970  0.004846  -0.001934  0.999970  -0.007500  -0.004861  0.007491  0.999960  1.000000  0.000024  0.000061  -0.000024  1.000000  -0.000094  -0.000061  0.000094  1.000000  0.999774  0.005409  0.020558  -0.020623  0.012269  0.999712  0.005155  -0.999910  0.012378  0.000106  0.009141  
236.244476 0.008726  0.098975  -0.000475  0.998446  0.055520  0.004764  -0.007400  0.047363  0.998850  0.055231  -0.997334  0.047700  0.002059  0.001638  0.000653  -0.346866  -0.236611  0.081466  2.000000  0.999767  0.005547  0.020872  -0.020941  0.012729  0.999700  0.005280  -0.999904  0.012843  0.999985  0.002115  0.005044  -0.002078  0.999971  -0.007368  -0.005060  0.007358  0.999960  1.000000  0.000026  0.000063  -0.000026  1.000000  -0.000092  -0.000063  0.000092  1.000000  0.999767  0.005547  0.020872  -0.020941  0.012729  0.999700  0.005280  -0.999904  0.012843  0.000107  0.009172  
