1-Time 2-Px 3-Py 4-Pz 5-R11 6-R21 7-R31 8-R12 9-R22 10-R32 11-R13 12-R23 13-R33 14-Vx 15-Vy 16-Vz 17-Wx 18-Wy 19-Wz 20-state 21-PR11 22-PR21 23-PR31 24-PR12 25-PR22 26-PR32 27-PR13 28-PR23 29-PR33 
183.287348 0.003890  0.094407  -0.005667  0.997190  0.074810  -0.003944  -0.074660  0.996766  0.029727  0.006155  -0.029349  0.999550  0.000103  0.000153  0.000060  0.000000  0.000000  0.000000  2.000000  1.000000  0.000000  0.000000  -0.000000  1.000000  0.000000  0.000000  -0.000000  1.000000  1.000000  -0.000629  0.000383  0.000629  1.000000  -0.000004  -0.000383  0.000004  1.000000  1.000000  0.000000  0.000000  0.000000  1.000000  0.000000  0.000000  0.000000  1.000000  0.776993  0.278985  0.564312  -0.285702  0.955074  -0.078792  -0.560942  -0.100004  0.821793  0.000000  0.000000  
183.288350 0.003891  0.094408  -0.005667  0.997190  0.074810  -0.003944  -0.074660  0.996766  0.029727  0.006155  -0.029349  0.999550  0.000148  0.000180  0.000047  0.000000  0.000000  0.000000  2.000000  1.000000  0.000000  0.000000  0.000000  1.000000  0.000000  0.000000  0.000000  1.000000  1.000000  -0.000633  0.000517  0.000633  1.000000  -0.000004  -0.000517  0.000004  1.000000  1.000000  0.000000  0.000000  0.000000  1.000000  0.000000  0.000000  0.000000  1.000000  1.000000  0.000000  0.000000  0.000000  1.000000  0.000000  0.000000  0.000000  1.000000  0.000000  0.000000  
183.289355 0.003891  0.094407  -0.005669  0.997159  0.075220  -0.003931  -0.075071  0.996735  0.029729  0.006155  -0.029349  0.999550  0.000164  0.000121  -0.000064  0.000000  0.000000  0.000000  2.000000  1.000000  0.000000  0.000000  0.000000  1.000000  0.000000  0.000000  0.000000  1.000000  1.000000  -0.000221  0.000529  0.000221  1.000000  -0.000001  -0.000529  0.000001  1.000000  1.000000  0.000000  0.000000  0.000000  1.000000  0.000000  0.000000  0.000000  1.000000  1.000000  0.000000  0.000000  0.000000  1.000000  0.000000  0.000000  0.000000  1.000000  0.000000  0.000000  
183.290605 0.003891  0.094405  -0.005672  0.997113  0.075836  -0.003904  -0.075687  0.996685  0.029852  0.006155  -0.029470  0.999547  0.000153  -0.000022  -0.000273  0.000000  0.000000  0.000000  2.000000  1.000000  0.000000  0.000000  0.000000  1.000000  0.000000  0.000000  0.000000  1.000000  1.000000  0.000396  0.000547  -0.000396  1.000000  0.000124  -0.000547  -0.000124  1.000000  1.000000  0.000000  0.000000  0.000000  1.000000  0.000000  0.000000  0.000000  1.000000  1.000000  0.000000  0.000000  0.000000  1.000000  0.000000  0.000000  0.000000  1.000000  0.000000  0.000000  
183.291853 0.003892  0.094403  -0.005675  0.997082  0.076243  -0.003749  -0.076097  0.996650  0.029964  0.006021  -0.029592  0.999544  0.000194  -0.000163  -0.000486  0.000000  0.000000  0.000000  2.000000  1.000000  0.000000  0.000000  0.000000  1.000000  0.000000  0.000000  0.000000  1.000000  0.999999  0.000803  0.000693  -0.000803  1.000000  0.000248  -0.000693  -0.000248  1.000000  1.000000  0.000000  0.000000  0.000000  1.000000  0.000000  0.000000  0.000000  1.000000  1.000000  0.000000  0.000000  0.000000  1.000000  0.000000  0.000000  0.000000  1.000000  0.000000  0.000000  
183.292854 0.003893  0.094402  -0.005677  0.997067  0.076449  -0.003733  -0.076303  0.996631  0.030086  0.006021  -0.029713  0.999540  0.000251  -0.000273  -0.000645  0.000000  0.000000  0.000000  2.000000  1.000000  0.000000  0.000000  0.000000  1.000000  0.000000  0.000000  0.000000  1.000000  0.999999  0.001009  0.000699  -0.001009  0.999999  0.000370  -0.000699  -0.000371  1.000000  1.000000  0.000000  0.000000  0.000000  1.000000  0.000000  0.000000  0.000000  1.000000  1.000000  0.000000  0.000000  0.000000  1.000000  0.000000  0.000000  0.000000  1.000000  0.000000  0.000000  
183.294100 0.003895  0.094400  -0.005680  0.997051  0.076654  -0.003718  -0.076508  0.996611  0.030208  0.006021  -0.029834  0.999537  0.000335  -0.000389  -0.000871  0.000000  0.000000  0.000000  2.000000  1.000000  0.000000  0.000000  0.000000  1.000000  0.000000  0.000000  0.000000  1.000000  0.999999  0.001424  0.000578  -0.001425  0.999999  0.000494  -0.000577  -0.000495  1.000000  1.000000  0.000000  0.000000  0.000000  1.000000  0.000000  0.000000  0.000000  1.000000  1.000000  0.000000  0.000000  0.000000  1.000000  0.000000  0.000000  0.000000  1.000000  0.000000  0.000000  
183.295101 0.003896  0.094399  -0.005682  0.997018  0.077069  -0.003830  -0.076918  0.996576  0.030340  0.006155  -0.029955  0.999532  0.000402  -0.000447  -0.000986  0.000000  0.000000  0.000000  2.000000  1.000000  0.000000  0.000000  0.000000  1.000000  0.000000  0.000000  0.000000  1.000000  0.999998  0.001836  0.000590  -0.001836  0.999998  0.000496  -0.000589  -0.000497  1.000000  1.000000  0.000000  0.000000  0.000000  1.000000  0.000000  0.000000  0.000000  1.000000  1.000000  0.000000  0.000000  0.000000  1.000000  0.000000  0.000000  0.000000  1.000000  0.000000  0.000000  
183.296351 0.003897  0.094399  -0.005684  0.996971  0.077685  -0.003801  -0.077534  0.996524  0.030464  0.006155  -0.030077  0.999529  0.000512  -0.000479  -0.001115  0.000000  0.000000  0.000000  2.000000  1.000000  0.000000  0.000000  0.000000  1.000000  0.000000  0.000000  0.000000  1.000000  0.999997  0.002457  0.000475  -0.002458  0.999997  0.000622  -0.000474  -0.000623  1.000000  1.000000  0.000000  0.000000  0.000000  1.000000  0.000000  0.000000  0.000000  1.000000  1.000000  0.000000  0.000000  0.000000  1.000000  0.000000  0.000000  0.000000  1.000000  0.000000  0.000000  
183.297600 0.003898  0.094398  -0.005687  0.996907  0.078506  -0.003776  -0.078355  0.996460  0.030467  0.006155  -0.030077  0.999529  0.000552  -0.000620  -0.001328  0.000000  0.000000  0.000000  2.000000  1.000000  0.000000  0.000000  0.000000  1.000000  0.000000  0.000000  0.000000  1.000000  0.999995  0.003075  0.000494  -0.003075  0.999995  0.000747  -0.000492  -0.000748  1.000000  1.000000  0.000000  0.000000  0.000000  1.000000  0.000000  0.000000  0.000000  1.000000  1.000000  0.000000  0.000000  0.000000  1.000000  0.000000  0.000000  0.000000  1.000000  0.000000  0.000000  
183.298850 0.003899  0.094397  -0.005690  0.996858  0.079121  -0.003748  -0.078971  0.996407  0.030590  0.006155  -0.030198  0.999525  0.000650  -0.000664  -0.001554  0.000000  0.000000  0.000000  2.000000  1.000000  0.000000  0.000000  0.000000  1.000000  0.000000  0.000000  0.000000  1.000000  0.999992  0.003902  0.000386  -0.003902  0.999992  0.000873  -0.000382  -0.000874  1.000000  1.000000  0.000000  0.000000  0.000000  1.000000  0.000000  0.000000  0.000000  1.000000  1.000000  0.000000  0.000000  0.000000  1.000000  0.000000  0.000000  0.000000  1.000000  0.000000  0.000000  
183.299854 0.003901  0.094397  -0.005693  0.996809  0.079737  -0.003719  -0.079586  0.996355  0.030713  0.006155  -0.030319  0.999521  0.000726  -0.000682  -0.001755  0.000000  0.000000  0.000000  2.000000  1.000000  0.000000  0.000000  0.000000  1.000000  0.000000  0.000000  0.000000  1.000000  0.999990  0.004519  0.000404  -0.004519  0.999989  0.000877  -0.000400  -0.000878  1.000000  1.000000  0.000000  0.000000  0.000000  1.000000  0.000000  0.000000  0.000000  1.000000  1.000000  0.000000  0.000000  0.000000  1.000000  0.000000  0.000000  0.000000  1.000000  0.000000  0.000000  
183.300855 0.003903  0.094397  -0.005695  0.996760  0.080349  -0.003567  -0.080202  0.996306  0.030705  0.006021  -0.030319  0.999522  0.000829  -0.000692  -0.001895  0.033437  -0.027409  0.170819  2.000000  1.000000  0.000028  0.000058  -0.000028  1.000000  0.000013  -0.000058  -0.000013  1.000000  0.999987  0.005136  0.000424  -0.005137  0.999986  0.001002  -0.000418  -0.001004  0.999999  1.000000  0.000028  0.000058  -0.000028  1.000000  0.000013  -0.000058  -0.000013  1.000000  1.000000  0.000028  0.000058  -0.000028  1.000000  0.000013  -0.000058  -0.000013  1.000000  0.000000  0.005250  
183.301858 0.003904  0.094397  -0.005697  0.996727  0.080759  -0.003554  -0.080612  0.996272  0.030706  0.006021  -0.030319  0.999522  0.000960  -0.000674  -0.002012  0.033795  -0.028043  0.186027  2.000000  1.000000  0.000140  0.000310  -0.000140  1.000000  0.000063  -0.000310  -0.000063  1.000000  0.999983  0.005749  0.000576  -0.005750  0.999983  0.001005  -0.000570  -0.001008  0.999999  1.000000  0.000030  0.000066  -0.000030  1.000000  0.000013  -0.000066  -0.000013  1.000000  1.000000  0.000140  0.000310  -0.000140  1.000000  0.000063  -0.000310  -0.000063  1.000000  0.000047  0.005865  
183.303101 0.003906  0.094398  -0.005700  0.996660  0.081584  -0.003652  -0.081433  0.996202  0.030841  0.006155  -0.030440  0.999518  0.001033  -0.000684  -0.002213  0.038046  -0.019893  0.213951  2.000000  1.000000  0.000272  0.000587  -0.000272  1.000000  0.000113  -0.000587  -0.000113  1.000000  0.999980  0.006371  0.000461  -0.006371  0.999979  0.001009  -0.000455  -0.001012  0.999999  1.000000  0.000035  0.000072  -0.000035  1.000000  0.000013  -0.000072  -0.000013  1.000000  1.000000  0.000272  0.000587  -0.000272  1.000000  0.000113  -0.000587  -0.000113  1.000000  0.000053  0.006467  
183.304103 0.003907  0.094397  -0.005703  0.996609  0.082199  -0.003633  -0.082049  0.996151  0.030843  0.006155  -0.030440  0.999518  0.001107  -0.000674  -0.002297  0.038183  -0.020516  0.234725  2.000000  1.000000  0.000424  0.000891  -0.000424  1.000000  0.000170  -0.000891  -0.000170  1.000000  0.999975  0.006992  0.000347  -0.006992  0.999975  0.001134  -0.000339  -0.001136  0.999999  1.000000  0.000040  0.000078  -0.000040  1.000000  0.000014  -0.000078  -0.000014  1.000000  1.000000  0.000424  0.000891  -0.000424  1.000000  0.000170  -0.000891  -0.000170  1.000000  0.000058  0.007092  
183.305354 0.003909  0.094397  -0.005706  0.996558  0.082819  -0.003738  -0.082664  0.996096  0.030977  0.006288  -0.030561  0.999513  0.001228  -0.000578  -0.002348  0.042401  -0.016655  0.255560  2.000000  0.999999  0.000638  0.001302  -0.000638  1.000000  0.000241  -0.001302  -0.000241  0.999999  0.999969  0.007819  0.000238  -0.007820  0.999969  0.001140  -0.000229  -0.001142  0.999999  1.000000  0.000046  0.000086  -0.000046  1.000000  0.000014  -0.000086  -0.000014  1.000000  0.999999  0.000638  0.001302  -0.000638  1.000000  0.000241  -0.001302  -0.000241  0.999999  0.000063  0.007906  
183.306604 0.003911  0.094395  -0.005709  0.996524  0.083229  -0.003725  -0.083074  0.996062  0.030979  0.006288  -0.030561  0.999513  0.001301  -0.000526  -0.002341  0.042486  -0.017068  0.269365  2.000000  0.999998  0.000880  0.001753  -0.000881  1.000000  0.000319  -0.001753  -0.000321  0.999998  0.999964  0.008436  0.000258  -0.008437  0.999964  0.001265  -0.000248  -0.001267  0.999999  1.000000  0.000050  0.000093  -0.000050  1.000000  0.000016  -0.000093  -0.000016  1.000000  0.999998  0.000880  0.001753  -0.000881  1.000000  0.000319  -0.001753  -0.000321  0.999998  0.000068  0.008535  
183.307854 0.003913  0.094393  -0.005712  0.996473  0.083840  -0.003562  -0.083690  0.996007  0.031091  0.006155  -0.030683  0.999510  0.001317  -0.000571  -0.002322  0.046675  -0.022200  0.289971  2.000000  0.999997  0.001136  0.002232  -0.001137  0.999999  0.000404  -0.002232  -0.000407  0.999997  0.999961  0.008848  0.000272  -0.008848  0.999960  0.001388  -0.000260  -0.001390  0.999999  1.000000  0.000052  0.000097  -0.000052  1.000000  0.000017  -0.000097  -0.000017  1.000000  0.999997  0.001136  0.002232  -0.001137  0.999999  0.000404  -0.002232  -0.000407  0.999997  0.000072  0.008961  
183.309104 0.003915  0.094391  -0.005716  0.996421  0.084456  -0.003533  -0.084305  0.995951  0.031214  0.006155  -0.030804  0.999506  0.001363  -0.000608  -0.002391  0.050906  -0.018557  0.317766  2.000000  0.999995  0.001411  0.002744  -0.001413  0.999999  0.000496  -0.002744  -0.000500  0.999996  0.999955  0.009465  0.000292  -0.009466  0.999954  0.001512  -0.000278  -0.001515  0.999999  1.000000  0.000056  0.000104  -0.000056  1.000000  0.000019  -0.000104  -0.000019  1.000000  0.999995  0.001411  0.002744  -0.001413  0.999999  0.000496  -0.002744  -0.000500  0.999996  0.000079  0.009590  
183.310355 0.003917  0.094388  -0.005720  0.996387  0.084863  -0.003366  -0.084716  0.995909  0.031445  0.006021  -0.031046  0.999500  0.001386  -0.000760  -0.002549  0.059121  -0.023506  0.331450  2.000000  0.999993  0.001690  0.003267  -0.001692  0.999998  0.000595  -0.003266  -0.000600  0.999994  0.999955  0.009461  0.000427  -0.009462  0.999954  0.001511  -0.000413  -0.001515  0.999999  1.000000  0.000055  0.000105  -0.000055  1.000000  0.000019  -0.000105  -0.000019  1.000000  0.999993  0.001690  0.003267  -0.001692  0.999998  0.000595  -0.003266  -0.000600  0.999994  0.000084  0.009591  
183.311601 0.003918  0.094384  -0.005726  0.996352  0.085273  -0.003343  -0.085126  0.995870  0.031567  0.006021  -0.031168  0.999496  0.001366  -0.000957  -0.002803  0.063291  -0.023948  0.345321  2.000000  0.999991  0.001908  0.003684  -0.001911  0.999998  0.000676  -0.003683  -0.000683  0.999993  0.999955  0.009465  0.000294  -0.009466  0.999954  0.001632  -0.000279  -0.001635  0.999999  1.000000  0.000056  0.000104  -0.000056  1.000000  0.000020  -0.000104  -0.000020  1.000000  0.999991  0.001908  0.003684  -0.001911  0.999998  0.000676  -0.003683  -0.000683  0.999993  0.000088  0.009610  
183.312853 0.003919  0.094381  -0.005732  0.996334  0.085479  -0.003326  -0.085331  0.995849  0.031689  0.006021  -0.031289  0.999492  0.001371  -0.001144  -0.002992  0.067404  -0.024177  0.352204  2.000000  0.999989  0.002184  0.004199  -0.002188  0.999997  0.000778  -0.004197  -0.000787  0.999991  0.999957  0.009259  0.000289  -0.009260  0.999956  0.001631  -0.000274  -0.001634  0.999999  1.000000  0.000055  0.000102  -0.000055  1.000000  0.000020  -0.000102  -0.000020  1.000000  0.999989  0.002184  0.004199  -0.002188  0.999997  0.000778  -0.004197  -0.000787  0.999991  0.000090  0.009407  
183.314100 0.003920  0.094376  -0.005739  0.996299  0.085889  -0.003313  -0.085741  0.995813  0.031690  0.006021  -0.031289  0.999492  0.001337  -0.001413  -0.003246  0.067486  -0.020109  0.366279  2.000000  0.999986  0.002459  0.004711  -0.002463  0.999997  0.000881  -0.004709  -0.000892  0.999989  0.999957  0.009259  0.000290  -0.009260  0.999956  0.001631  -0.000275  -0.001634  0.999999  1.000000  0.000055  0.000102  -0.000055  1.000000  0.000020  -0.000102  -0.000020  1.000000  0.999986  0.002459  0.004711  -0.002463  0.999997  0.000881  -0.004709  -0.000892  0.999989  0.000092  0.009407  
183.315350 0.003921  0.094372  -0.005745  0.996282  0.086090  -0.003163  -0.085946  0.995792  0.031800  0.005887  -0.031410  0.999489  0.001289  -0.001679  -0.003465  0.071079  -0.024856  0.377094  2.000000  0.999983  0.002728  0.005215  -0.002733  0.999996  0.000981  -0.005213  -0.000996  0.999986  0.999961  0.008844  0.000412  -0.008844  0.999960  0.001628  -0.000398  -0.001631  0.999999  1.000000  0.000051  0.000098  -0.000051  1.000000  0.000020  -0.000098  -0.000020  1.000000  0.999983  0.002728  0.005215  -0.002733  0.999996  0.000981  -0.005213  -0.000996  0.999986  0.000095  0.009002  
183.316598 0.003923  0.094368  -0.005751  0.996265  0.086295  -0.003146  -0.086152  0.995771  0.031922  0.005887  -0.031531  0.999485  0.001285  -0.001914  -0.003662  0.075745  -0.025281  0.386908  2.000000  0.999979  0.002973  0.005709  -0.002979  0.999995  0.001077  -0.005705  -0.001094  0.999983  0.999963  0.008634  0.000540  -0.008634  0.999961  0.001627  -0.000526  -0.001631  0.999999  1.000000  0.000048  0.000097  -0.000048  1.000000  0.000020  -0.000097  -0.000020  1.000000  0.999979  0.002973  0.005709  -0.002979  0.999995  0.001077  -0.005705  -0.001094  0.999983  0.000098  0.008803  
183.317649 0.003924  0.094366  -0.005755  0.996248  0.086496  -0.003006  -0.086357  0.995753  0.031911  0.005753  -0.031531  0.999486  0.001239  -0.002147  -0.003821  0.075615  -0.025452  0.393203  2.000000  0.999977  0.003156  0.006083  -0.003163  0.999994  0.001151  -0.006080  -0.001171  0.999981  0.999968  0.008012  0.000655  -0.008013  0.999967  0.001501  -0.000642  -0.001506  0.999999  1.000000  0.000043  0.000091  -0.000043  1.000000  0.000019  -0.000091  -0.000019  1.000000  0.999977  0.003156  0.006083  -0.003163  0.999994  0.001151  -0.006080  -0.001171  0.999981  0.000099  0.008178  
183.318852 0.003925  0.094363  -0.005759  0.996248  0.086496  -0.003006  -0.086357  0.995753  0.031911  0.005753  -0.031531  0.999486  0.001199  -0.002241  -0.003813  0.075076  -0.025075  0.383754  2.000000  0.999974  0.003327  0.006444  -0.003335  0.999994  0.001222  -0.006440  -0.001244  0.999978  0.999969  0.007806  0.000648  -0.007807  0.999969  0.001378  -0.000637  -0.001383  0.999999  1.000000  0.000042  0.000089  -0.000042  1.000000  0.000017  -0.000089  -0.000017  1.000000  0.999974  0.003327  0.006444  -0.003335  0.999994  0.001222  -0.006440  -0.001244  0.999978  0.000099  0.007954  
183.319853 0.003926  0.094361  -0.005763  0.996248  0.086492  -0.002873  -0.086357  0.995753  0.031899  0.005620  -0.031531  0.999487  0.001126  -0.002367  -0.003853  0.071514  -0.029380  0.372964  2.000000  0.999972  0.003443  0.006700  -0.003452  0.999993  0.001273  -0.006696  -0.001296  0.999977  0.999972  0.007391  0.000769  -0.007392  0.999972  0.001375  -0.000759  -0.001381  0.999999  1.000000  0.000038  0.000085  -0.000038  1.000000  0.000017  -0.000085  -0.000017  1.000000  0.999972  0.003443  0.006700  -0.003452  0.999993  0.001273  -0.006696  -0.001296  0.999977  0.000095  0.007557  
183.320853 0.003926  0.094359  -0.005766  0.996249  0.086488  -0.002739  -0.086357  0.995754  0.031888  0.005486  -0.031532  0.999488  0.001079  -0.002481  -0.003914  0.070798  -0.028720  0.356183  2.000000  0.999969  0.003583  0.007022  -0.003593  0.999993  0.001339  -0.007018  -0.001364  0.999974  0.999977  0.006769  0.000883  -0.006770  0.999976  0.001250  -0.000875  -0.001255  0.999999  1.000000  0.000033  0.000079  -0.000033  1.000000  0.000016  -0.000079  -0.000016  1.000000  0.999969  0.003583  0.007022  -0.003593  0.999993  0.001339  -0.007018  -0.001364  0.999974  0.000091  0.006940  
183.322105 0.003926  0.094357  -0.005770  0.996268  0.086278  -0.002613  -0.086152  0.995772  0.031876  0.005352  -0.031532  0.999488  0.000973  -0.002519  -0.003994  0.067163  -0.032840  0.338233  2.000000  0.999966  0.003737  0.007392  -0.003748  0.999992  0.001416  -0.007387  -0.001444  0.999972  0.999981  0.006156  0.000730  -0.006157  0.999980  0.001246  -0.000722  -0.001251  0.999999  1.000000  0.000031  0.000071  -0.000031  1.000000  0.000016  -0.000071  -0.000016  1.000000  0.999966  0.003737  0.007392  -0.003748  0.999992  0.001416  -0.007387  -0.001444  0.999972  0.000088  0.006324  
183.323351 0.003925  0.094354  -0.005774  0.996268  0.086278  -0.002613  -0.086152  0.995772  0.031876  0.005352  -0.031532  0.999488  0.000772  -0.002584  -0.004058  0.063014  -0.032440  0.324430  2.000000  0.999963  0.003858  0.007713  -0.003869  0.999991  0.001493  -0.007707  -0.001522  0.999969  0.999986  0.005119  0.000965  -0.005120  0.999986  0.001240  -0.000958  -0.001245  0.999999  1.000000  0.000022  0.000061  -0.000022  1.000000  0.000016  -0.000061  -0.000016  1.000000  0.999963  0.003858  0.007713  -0.003869  0.999991  0.001493  -0.007707  -0.001522  0.999969  0.000085  0.005355  
183.324603 0.003925  0.094351  -0.005779  0.996268  0.086274  -0.002480  -0.086152  0.995772  0.031864  0.005218  -0.031532  0.999489  0.000601  -0.002620  -0.004099  0.058429  -0.036464  0.314963  2.000000  0.999963  0.003858  0.007713  -0.003869  0.999991  0.001493  -0.007707  -0.001522  0.999969  0.999990  0.004292  0.001072  -0.004293  0.999990  0.001114  -0.001068  -0.001119  0.999999  1.000000  0.000000  0.000000  0.000000  1.000000  0.000000  0.000000  0.000000  1.000000  0.999963  0.003858  0.007713  -0.003869  0.999991  0.001493  -0.007707  -0.001522  0.999969  0.000081  0.000000  
183.325850 0.003923  0.094348  -0.005785  0.996287  0.086065  -0.002353  -0.085947  0.995790  0.031852  0.005084  -0.031532  0.999490  0.000391  -0.002599  -0.004147  0.054185  -0.044527  0.287003  2.000000  0.999963  0.003858  0.007713  -0.003869  0.999991  0.001493  -0.007707  -0.001522  0.999969  0.999993  0.003460  0.001314  -0.003461  0.999993  0.001109  -0.001310  -0.001114  0.999999  1.000000  0.000000  0.000000  0.000000  1.000000  0.000000  0.000000  0.000000  1.000000  0.999963  0.003858  0.007713  -0.003869  0.999991  0.001493  -0.007707  -0.001522  0.999969  0.000074  0.000000  
183.327104 0.003921  0.094345  -0.005790  0.996305  0.085856  -0.002226  -0.085742  0.995808  0.031840  0.004951  -0.031532  0.999490  0.000161  -0.002545  -0.004107  0.050337  -0.048335  0.254616  2.000000  0.999963  0.003858  0.007713  -0.003869  0.999991  0.001493  -0.007707  -0.001522  0.999969  0.999996  0.002633  0.001422  -0.002634  0.999996  0.000984  -0.001419  -0.000987  0.999999  1.000000  0.000000  0.000000  0.000000  1.000000  0.000000  0.000000  0.000000  1.000000  0.999963  0.003858  0.007713  -0.003869  0.999991  0.001493  -0.007707  -0.001522  0.999969  0.000067  0.000000  
183.328350 0.003919  0.094342  -0.005796  0.996306  0.085852  -0.002083  -0.085742  0.995805  0.031949  0.004817  -0.031653  0.999487  -0.000029  -0.002440  -0.004024  0.049806  -0.051802  0.231862  2.000000  0.999963  0.003858  0.007713  -0.003869  0.999991  0.001493  -0.007707  -0.001522  0.999969  0.999997  0.002221  0.001409  -0.002222  0.999997  0.000981  -0.001407  -0.000984  0.999999  1.000000  0.000000  0.000000  0.000000  1.000000  0.000000  0.000000  0.000000  1.000000  0.999963  0.003858  0.007713  -0.003869  0.999991  0.001493  -0.007707  -0.001522  0.999969  0.000062  0.000000  
183.329351 0.003917  0.094340  -0.005800  0.996324  0.085643  -0.001956  -0.085537  0.995823  0.031938  0.004683  -0.031653  0.999488  -0.000199  -0.002346  -0.003957  0.050048  -0.055865  0.205957  2.000000  0.999963  0.003858  0.007713  -0.003869  0.999991  0.001493  -0.007707  -0.001522  0.999969  0.999998  0.001394  0.001517  -0.001395  0.999999  0.000856  -0.001515  -0.000858  0.999998  1.000000  0.000000  0.000000  0.000000  1.000000  0.000000  0.000000  0.000000  1.000000  0.999963  0.003858  0.007713  -0.003869  0.999991  0.001493  -0.007707  -0.001522  0.999969  0.000055  0.000000  
183.330355 0.003915  0.094338  -0.005804  0.996325  0.085638  -0.001823  -0.085537  0.995823  0.031926  0.004549  -0.031653  0.999489  -0.000473  -0.002263  -0.003862  0.045838  -0.059718  0.185032  2.000000  0.999963  0.003858  0.007713  -0.003869  0.999991  0.001493  -0.007707  -0.001522  0.999969  0.999998  0.000978  0.001637  -0.000979  0.999999  0.000732  -0.001637  -0.000734  0.999998  1.000000  0.000000  0.000000  0.000000  1.000000  0.000000  0.000000  0.000000  1.000000  0.999963  0.003858  0.007713  -0.003869  0.999991  0.001493  -0.007707  -0.001522  0.999969  0.000051  0.000000  
183.331600 0.003912  0.094336  -0.005809  0.996343  0.085429  -0.001686  -0.085332  0.995837  0.032035  0.004415  -0.031774  0.999485  -0.000752  -0.002202  -0.003867  0.000000  0.000000  0.000000  2.000000  0.999963  0.003858  0.007713  -0.003869  0.999991  0.001493  -0.007707  -0.001522  0.999969  0.999999  0.000361  0.001618  -0.000362  1.000000  0.000730  -0.001618  -0.000730  0.999998  1.000000  0.000000  0.000000  0.000000  1.000000  0.000000  0.000000  0.000000  1.000000  0.999963  0.003858  0.007713  -0.003869  0.999991  0.001493  -0.007707  -0.001522  0.999969  0.000000  0.000000  
183.332600 0.003910  0.094333  -0.005814  0.996343  0.085425  -0.001552  -0.085332  0.995838  0.032024  0.004282  -0.031774  0.999486  -0.000943  -0.002194  -0.003929  0.000000  0.000000  0.000000  2.000000  0.999963  0.003858  0.007713  -0.003869  0.999991  0.001493  -0.007707  -0.001522  0.999969  0.999998  -0.000055  0.001739  0.000054  1.000000  0.000607  -0.001739  -0.000606  0.999998  1.000000  0.000000  0.000000  0.000000  1.000000  0.000000  0.000000  0.000000  1.000000  0.999963  0.003858  0.007713  -0.003869  0.999991  0.001493  -0.007707  -0.001522  0.999969  0.000000  0.000000  
183.333601 0.003907  0.094330  -0.005820  0.996361  0.085216  -0.001426  -0.085127  0.995856  0.032012  0.004148  -0.031774  0.999486  -0.001171  -0.002236  -0.004050  0.000000  0.000000  0.000000  2.000000  0.999963  0.003858  0.007713  -0.003869  0.999991  0.001493  -0.007707  -0.001522  0.999969  0.999998  -0.000471  0.001859  0.000470  1.000000  0.000484  -0.001859  -0.000483  0.999998  1.000000  0.000000  0.000000  0.000000  1.000000  0.000000  0.000000  0.000000  1.000000  0.999963  0.003858  0.007713  -0.003869  0.999991  0.001493  -0.007707  -0.001522  0.999969  0.000000  0.000000  
183.334850 0.003904  0.094327  -0.005827  0.996362  0.085212  -0.001292  -0.085127  0.995856  0.032001  0.004014  -0.031774  0.999487  -0.001464  -0.002297  -0.004275  0.000000  0.000000  0.000000  2.000000  0.999963  0.003858  0.007713  -0.003869  0.999991  0.001493  -0.007707  -0.001522  0.999969  0.999998  -0.000681  0.001986  0.000680  1.000000  0.000361  -0.001987  -0.000360  0.999998  1.000000  0.000000  0.000000  0.000000  1.000000  0.000000  0.000000  0.000000  1.000000  0.999963  0.003858  0.007713  -0.003869  0.999991  0.001493  -0.007707  -0.001522  0.999969  0.000000  0.000000  
183.335854 0.003900  0.094324  -0.005832  0.996363  0.085207  -0.001159  -0.085127  0.995856  0.031989  0.003880  -0.031774  0.999488  -0.001757  -0.002356  -0.004426  0.000000  0.000000  0.000000  2.000000  0.999963  0.003858  0.007713  -0.003869  0.999991  0.001493  -0.007707  -0.001522  0.999969  0.999998  -0.000887  0.001980  0.000886  1.000000  0.000361  -0.001980  -0.000359  0.999998  1.000000  0.000000  0.000000  0.000000  1.000000  0.000000  0.000000  0.000000  1.000000  0.999963  0.003858  0.007713  -0.003869  0.999991  0.001493  -0.007707  -0.001522  0.999969  0.000000  0.000000  
183.337143 0.003897  0.094321  -0.005839  0.996381  0.084998  -0.001022  -0.084922  0.995870  0.032098  0.003746  -0.031895  0.999484  -0.001959  -0.002330  -0.004582  0.000000  0.000000  0.000000  2.000000  0.999963  0.003858  0.007713  -0.003869  0.999991  0.001493  -0.007707  -0.001522  0.999969  0.999997  -0.001299  0.001967  0.001298  0.999999  0.000359  -0.001967  -0.000357  0.999998  1.000000  0.000000  0.000000  0.000000  1.000000  0.000000  0.000000  0.000000  1.000000  0.999963  0.003858  0.007713  -0.003869  0.999991  0.001493  -0.007707  -0.001522  0.999969  0.000000  0.000000  
183.338350 0.003893  0.094318  -0.005844  0.996381  0.084994  -0.000889  -0.084922  0.995871  0.032087  0.003613  -0.031895  0.999485  -0.002141  -0.002370  -0.004674  0.000000  0.000000  0.000000  2.000000  0.999963  0.003858  0.007713  -0.003869  0.999991  0.001493  -0.007707  -0.001522  0.999969  0.999997  -0.001504  0.001960  0.001504  0.999999  0.000359  -0.001961  -0.000356  0.999998  1.000000  0.000000  0.000000  0.000000  1.000000  0.000000  0.000000  0.000000  1.000000  0.999963  0.003858  0.007713  -0.003869  0.999991  0.001493  -0.007707  -0.001522  0.999969  0.000000  0.000000  
183.339353 0.003890  0.094316  -0.005849  0.996399  0.084789  -0.000896  -0.084717  0.995888  0.032087  0.003613  -0.031895  0.999485  -0.002347  -0.002371  -0.004761  0.000000  0.000000  0.000000  2.000000  0.999963  0.003858  0.007713  -0.003869  0.999991  0.001493  -0.007707  -0.001522  0.999969  0.999996  -0.001714  0.002087  0.001714  0.999998  0.000358  -0.002088  -0.000354  0.999998  1.000000  0.000000  0.000000  0.000000  1.000000  0.000000  0.000000  0.000000  1.000000  0.999963  0.003858  0.007713  -0.003869  0.999991  0.001493  -0.007707  -0.001522  0.999969  0.000000  0.000000  
183.340354 0.003887  0.094313  -0.005854  0.996399  0.084785  -0.000762  -0.084717  0.995889  0.032076  0.003479  -0.031896  0.999485  -0.002436  -0.002378  -0.004786  0.000000  0.000000  0.000000  2.000000  0.999963  0.003858  0.007713  -0.003869  0.999991  0.001493  -0.007707  -0.001522  0.999969  0.999996  -0.001714  0.002087  0.001714  0.999998  0.000358  -0.002088  -0.000355  0.999998  1.000000  0.000000  0.000000  0.000000  1.000000  0.000000  0.000000  0.000000  1.000000  0.999963  0.003858  0.007713  -0.003869  0.999991  0.001493  -0.007707  -0.001522  0.999969  0.000000  0.000000  
183.341356 0.003884  0.094311  -0.005858  0.996399  0.084785  -0.000762  -0.084717  0.995889  0.032076  0.003479  -0.031896  0.999485  -0.002581  -0.002406  -0.004765  0.000000  0.000000  0.000000  2.000000  0.999963  0.003858  0.007713  -0.003869  0.999991  0.001493  -0.007707  -0.001522  0.999969  0.999997  -0.001710  0.001953  0.001709  0.999998  0.000358  -0.001954  -0.000355  0.999998  1.000000  0.000000  0.000000  0.000000  1.000000  0.000000  0.000000  0.000000  1.000000  0.999963  0.003858  0.007713  -0.003869  0.999991  0.001493  -0.007707  -0.001522  0.999969  0.000000  0.000000  
183.342605 0.003880  0.094308  -0.005862  0.996399  0.084780  -0.000629  -0.084717  0.995889  0.032064  0.003345  -0.031896  0.999486  -0.002660  -0.002344  -0.004613  0.000000  0.000000  0.000000  2.000000  0.999963  0.003858  0.007713  -0.003869  0.999991  0.001493  -0.007707  -0.001522  0.999969  0.999997  -0.001504  0.001960  0.001504  0.999999  0.000359  -0.001961  -0.000356  0.999998  1.000000  0.000000  0.000000  0.000000  1.000000  0.000000  0.000000  0.000000  1.000000  0.999963  0.003858  0.007713  -0.003869  0.999991  0.001493  -0.007707  -0.001522  0.999969  0.000000  0.000000  
183.343850 0.003877  0.094307  -0.005866  0.996417  0.084571  -0.000502  -0.084512  0.995907  0.032053  0.003211  -0.031896  0.999486  -0.002738  -0.002285  -0.004508  0.000000  0.000000  0.000000  2.000000  0.999963  0.003858  0.007713  -0.003869  0.999991  0.001493  -0.007707  -0.001522  0.999969  0.999997  -0.001500  0.001826  0.001499  0.999999  0.000359  -0.001827  -0.000356  0.999998  1.000000  0.000000  0.000000  0.000000  1.000000  0.000000  0.000000  0.000000  1.000000  0.999963  0.003858  0.007713  -0.003869  0.999991  0.001493  -0.007707  -0.001522  0.999969  0.000000  0.000000  
183.344852 0.003874  0.094305  -0.005869  0.996417  0.084571  -0.000502  -0.084512  0.995907  0.032053  0.003211  -0.031896  0.999486  -0.002823  -0.002314  -0.004483  0.000000  0.000000  0.000000  2.000000  0.999963  0.003858  0.007713  -0.003869  0.999991  0.001493  -0.007707  -0.001522  0.999969  0.999997  -0.001710  0.001953  0.001709  0.999998  0.000359  -0.001954  -0.000355  0.999998  1.000000  0.000000  0.000000  0.000000  1.000000  0.000000  0.000000  0.000000  1.000000  0.999963  0.003858  0.007713  -0.003869  0.999991  0.001493  -0.007707  -0.001522  0.999969  0.000000  0.000000  
183.345853 0.003872  0.094304  -0.005872  0.996417  0.084571  -0.000502  -0.084512  0.995907  0.032053  0.003211  -0.031896  0.999486  -0.002825  -0.002257  -0.004403  0.000000  0.000000  0.000000  2.000000  0.999963  0.003858  0.007713  -0.003869  0.999991  0.001493  -0.007707  -0.001522  0.999969  0.999997  -0.001500  0.001826  0.001499  0.999999  0.000359  -0.001827  -0.000357  0.999998  1.000000  0.000000  0.000000  0.000000  1.000000  0.000000  0.000000  0.000000  1.000000  0.999963  0.003858  0.007713  -0.003869  0.999991  0.001493  -0.007707  -0.001522  0.999969  0.000000  0.000000  
183.347100 0.003870  0.094302  -0.005877  0.996418  0.084567  -0.000369  -0.084512  0.995907  0.032042  0.003077  -0.031896  0.999486  -0.002745  -0.002174  -0.004354  0.000000  0.000000  0.000000  2.000000  0.999963  0.003858  0.007713  -0.003869  0.999991  0.001493  -0.007707  -0.001522  0.999969  0.999998  -0.001290  0.001699  0.001289  0.999999  0.000360  -0.001700  -0.000358  0.999998  1.000000  0.000000  0.000000  0.000000  1.000000  0.000000  0.000000  0.000000  1.000000  0.999963  0.003858  0.007713  -0.003869  0.999991  0.001493  -0.007707  -0.001522  0.999969  0.000000  0.000000  
183.348101 0.003867  0.094299  -0.005881  0.996435  0.084362  -0.000376  -0.084307  0.995925  0.032041  0.003077  -0.031896  0.999486  -0.002769  -0.002146  -0.004286  0.000000  0.000000  0.000000  2.000000  0.999963  0.003858  0.007713  -0.003869  0.999991  0.001493  -0.007707  -0.001522  0.999969  0.999997  -0.001496  0.001693  0.001495  0.999999  0.000238  -0.001693  -0.000236  0.999999  1.000000  0.000000  0.000000  0.000000  1.000000  0.000000  0.000000  0.000000  1.000000  0.999963  0.003858  0.007713  -0.003869  0.999991  0.001493  -0.007707  -0.001522  0.999969  0.000000  0.000000  
183.349350 0.003865  0.094297  -0.005887  0.996435  0.084362  -0.000376  -0.084307  0.995925  0.032041  0.003077  -0.031896  0.999486  -0.002674  -0.002109  -0.004220  0.000000  0.000000  0.000000  2.000000  0.999963  0.003858  0.007713  -0.003869  0.999991  0.001493  -0.007707  -0.001522  0.999969  0.999998  -0.001286  0.001565  0.001285  0.999999  0.000239  -0.001566  -0.000237  0.999999  1.000000  0.000000  0.000000  0.000000  1.000000  0.000000  0.000000  0.000000  1.000000  0.999963  0.003858  0.007713  -0.003869  0.999991  0.001493  -0.007707  -0.001522  0.999969  0.000000  0.000000  
183.350600 0.003863  0.094294  -0.005893  0.996436  0.084358  -0.000243  -0.084307  0.995925  0.032030  0.002944  -0.031896  0.999487  -0.002547  -0.002023  -0.004132  0.000000  0.000000  0.000000  2.000000  0.999963  0.003858  0.007713  -0.003869  0.999991  0.001493  -0.007707  -0.001522  0.999969  0.999998  -0.001286  0.001565  0.001285  0.999999  0.000239  -0.001566  -0.000237  0.999999  1.000000  0.000000  0.000000  0.000000  1.000000  0.000000  0.000000  0.000000  1.000000  0.999963  0.003858  0.007713  -0.003869  0.999991  0.001493  -0.007707  -0.001522  0.999969  0.000000  0.000000  
183.351601 0.003862  0.094292  -0.005897  0.996436  0.084358  -0.000243  -0.084307  0.995925  0.032030  0.002944  -0.031896  0.999487  -0.002419  -0.002006  -0.004028  0.000000  0.000000  0.000000  2.000000  0.999963  0.003858  0.007713  -0.003869  0.999991  0.001493  -0.007707  -0.001522  0.999969  0.999998  -0.001076  0.001438  0.001075  0.999999  0.000240  -0.001438  -0.000238  0.999999  1.000000  0.000000  0.000000  0.000000  1.000000  0.000000  0.000000  0.000000  1.000000  0.999963  0.003858  0.007713  -0.003869  0.999991  0.001493  -0.007707  -0.001522  0.999969  0.000000  0.000000  
183.352607 0.003862  0.094291  -0.005900  0.996436  0.084358  -0.000243  -0.084307  0.995925  0.032030  0.002944  -0.031896  0.999487  -0.002222  -0.001961  -0.003920  0.000000  0.000000  0.000000  2.000000  0.999963  0.003858  0.007713  -0.003869  0.999991  0.001493  -0.007707  -0.001522  0.999969  0.999999  -0.001071  0.001304  0.001071  0.999999  0.000118  -0.001305  -0.000117  0.999999  1.000000  0.000000  0.000000  0.000000  1.000000  0.000000  0.000000  0.000000  1.000000  0.999963  0.003858  0.007713  -0.003869  0.999991  0.001493  -0.007707  -0.001522  0.999969  0.000000  0.000000  
183.353608 0.003861  0.094288  -0.005903  0.996436  0.084358  -0.000243  -0.084307  0.995925  0.032030  0.002944  -0.031896  0.999487  -0.002056  -0.001944  -0.003835  0.000000  0.000000  0.000000  2.000000  0.999963  0.003858  0.007713  -0.003869  0.999991  0.001493  -0.007707  -0.001522  0.999969  0.999999  -0.000861  0.001177  0.000861  1.000000  0.000119  -0.001177  -0.000118  0.999999  1.000000  0.000000  0.000000  0.000000  1.000000  0.000000  0.000000  0.000000  1.000000  0.999963  0.003858  0.007713  -0.003869  0.999991  0.001493  -0.007707  -0.001522  0.999969  0.000000  0.000000  
183.354853 0.003861  0.094285  -0.005908  0.996436  0.084358  -0.000232  -0.084307  0.995921  0.032151  0.002944  -0.032017  0.999483  -0.001827  -0.001924  -0.003746  0.000000  0.000000  0.000000  2.000000  0.999963  0.003858  0.007713  -0.003869  0.999991  0.001493  -0.007707  -0.001522  0.999969  0.999999  -0.000857  0.001044  0.000857  1.000000  0.000119  -0.001044  -0.000118  0.999999  1.000000  0.000000  0.000000  0.000000  1.000000  0.000000  0.000000  0.000000  1.000000  0.999963  0.003858  0.007713  -0.003869  0.999991  0.001493  -0.007707  -0.001522  0.999969  0.000000  0.000000  
183.355853 0.003861  0.094283  -0.005911  0.996436  0.084358  -0.000232  -0.084307  0.995921  0.032151  0.002944  -0.032017  0.999483  -0.001606  -0.001928  -0.003657  0.000000  0.000000  0.000000  2.000000  0.999963  0.003858  0.007713  -0.003869  0.999991  0.001493  -0.007707  -0.001522  0.999969  0.999999  -0.000857  0.001043  0.000857  1.000000  0.000240  -0.001044  -0.000239  0.999999  1.000000  0.000000  0.000000  0.000000  1.000000  0.000000  0.000000  0.000000  1.000000  0.999963  0.003858  0.007713  -0.003869  0.999991  0.001493  -0.007707  -0.001522  0.999969  0.000000  0.000000  
183.356855 0.003862  0.094281  -0.005914  0.996436  0.084358  -0.000232  -0.084307  0.995921  0.032151  0.002944  -0.032017  0.999483  -0.001322  -0.001915  -0.003654  0.000000  0.000000  0.000000  2.000000  0.999963  0.003858  0.007713  -0.003869  0.999991  0.001493  -0.007707  -0.001522  0.999969  0.999999  -0.000647  0.000916  0.000647  1.000000  0.000119  -0.000916  -0.000119  1.000000  1.000000  0.000000  0.000000  0.000000  1.000000  0.000000  0.000000  0.000000  1.000000  0.999963  0.003858  0.007713  -0.003869  0.999991  0.001493  -0.007707  -0.001522  0.999969  0.000000  0.000000  
183.358105 0.003862  0.094278  -0.005919  0.996436  0.084358  -0.000232  -0.084307  0.995921  0.032151  0.002944  -0.032017  0.999483  -0.001080  -0.001975  -0.003666  0.000000  0.000000  0.000000  2.000000  0.999963  0.003858  0.007713  -0.003869  0.999991  0.001493  -0.007707  -0.001522  0.999969  0.999999  -0.000643  0.000783  0.000643  1.000000  0.000119  -0.000783  -0.000119  1.000000  1.000000  0.000000  0.000000  0.000000  1.000000  0.000000  0.000000  0.000000  1.000000  0.999963  0.003858  0.007713  -0.003869  0.999991  0.001493  -0.007707  -0.001522  0.999969  0.000000  0.000000  
183.359353 0.003863  0.094275  -0.005922  0.996436  0.084358  -0.000232  -0.084307  0.995921  0.032151  0.002944  -0.032017  0.999483  -0.000794  -0.002058  -0.003654  0.000000  0.000000  0.000000  2.000000  0.999963  0.003858  0.007713  -0.003869  0.999991  0.001493  -0.007707  -0.001522  0.999969  1.000000  -0.000639  0.000649  0.000639  1.000000  0.000119  -0.000649  -0.000119  1.000000  1.000000  0.000000  0.000000  0.000000  1.000000  0.000000  0.000000  0.000000  1.000000  0.999963  0.003858  0.007713  -0.003869  0.999991  0.001493  -0.007707  -0.001522  0.999969  0.000000  0.000000  
183.360606 0.003865  0.094273  -0.005926  0.996436  0.084358  -0.000232  -0.084307  0.995921  0.032151  0.002944  -0.032017  0.999483  -0.000523  -0.002093  -0.003654  0.000000  0.000000  0.000000  2.000000  0.999963  0.003858  0.007713  -0.003869  0.999991  0.001493  -0.007707  -0.001522  0.999969  1.000000  -0.000429  0.000522  0.000429  1.000000  0.000120  -0.000522  -0.000120  1.000000  1.000000  0.000000  0.000000  0.000000  1.000000  0.000000  0.000000  0.000000  1.000000  0.999963  0.003858  0.007713  -0.003869  0.999991  0.001493  -0.007707  -0.001522  0.999969  0.000000  0.000000  
183.361851 0.003866  0.094271  -0.005930  0.996435  0.084362  -0.000366  -0.084307  0.995921  0.032162  0.003077  -0.032017  0.999483  -0.000276  -0.002046  -0.003581  0.000000  0.000000  0.000000  2.000000  0.999963  0.003858  0.007713  -0.003869  0.999991  0.001493  -0.007707  -0.001522  0.999969  1.000000  -0.000429  0.000522  0.000429  1.000000  0.000120  -0.000522  -0.000120  1.000000  1.000000  0.000000  0.000000  0.000000  1.000000  0.000000  0.000000  0.000000  1.000000  0.999963  0.003858  0.007713  -0.003869  0.999991  0.001493  -0.007707  -0.001522  0.999969  0.000000  0.000000  
