1-Time 2-Px 3-Py 4-Pz 5-R11 6-R21 7-R31 8-R12 9-R22 10-R32 11-R13 12-R23 13-R33 14-Vx 15-Vy 16-Vz 17-Wx 18-Wy 19-Wz 20-state 21-PR11 22-PR21 23-PR31 24-PR12 25-PR22 26-PR32 27-PR13 28-PR23 29-PR33 
147.169297 0.003233  0.093528  -0.005499  0.998028  0.050218  0.037659  -0.051618  0.997976  0.037152  -0.035717  -0.039023  0.998600  0.000150  0.000357  -0.000070  0.000000  0.000000  0.000000  2.000000  1.000000  0.000000  0.000000  -0.000000  1.000000  0.000000  0.000000  -0.000000  1.000000  1.000000  -0.000000  -0.000000  0.000000  1.000000  0.000121  0.000000  -0.000121  1.000000  1.000000  0.000000  0.000000  0.000000  1.000000  0.000000  0.000000  0.000000  1.000000  0.742858  0.155621  0.651110  -0.184153  0.982586  -0.024745  -0.643623  -0.101522  0.758580  0.000000  0.000000  
147.170545 0.003233  0.093528  -0.005500  0.998028  0.050218  0.037659  -0.051618  0.997976  0.037152  -0.035717  -0.039023  0.998600  0.000120  0.000330  -0.000090  0.000000  0.000000  0.000000  2.000000  1.000000  0.000000  0.000000  0.000000  1.000000  0.000000  0.000000  0.000000  1.000000  1.000000  -0.000000  -0.000000  0.000000  1.000000  0.000121  0.000000  -0.000121  1.000000  1.000000  0.000000  0.000000  0.000000  1.000000  0.000000  0.000000  0.000000  1.000000  1.000000  0.000000  0.000000  0.000000  1.000000  0.000000  0.000000  0.000000  1.000000  0.000000  0.000000  
147.171798 0.003232  0.093526  -0.005502  0.998002  0.050624  0.037807  -0.052028  0.997955  0.037130  -0.035850  -0.039023  0.998595  0.000096  0.000191  -0.000264  0.000000  0.000000  0.000000  2.000000  1.000000  0.000000  0.000000  0.000000  1.000000  0.000000  0.000000  0.000000  1.000000  1.000000  0.000406  0.000150  -0.000406  1.000000  0.000107  -0.000150  -0.000107  1.000000  1.000000  0.000000  0.000000  0.000000  1.000000  0.000000  0.000000  0.000000  1.000000  1.000000  0.000000  0.000000  0.000000  1.000000  0.000000  0.000000  0.000000  1.000000  0.000000  0.000000  
147.172801 0.003232  0.093525  -0.005505  0.997976  0.051025  0.037962  -0.052439  0.997930  0.037228  -0.035984  -0.039144  0.998585  0.000080  0.000029  -0.000428  0.000000  0.000000  0.000000  2.000000  1.000000  0.000000  0.000000  0.000000  1.000000  0.000000  0.000000  0.000000  1.000000  1.000000  0.000606  0.000292  -0.000606  1.000000  0.000220  -0.000291  -0.000221  1.000000  1.000000  0.000000  0.000000  0.000000  1.000000  0.000000  0.000000  0.000000  1.000000  1.000000  0.000000  0.000000  0.000000  1.000000  0.000000  0.000000  0.000000  1.000000  0.000000  0.000000  
147.174046 0.003232  0.093522  -0.005507  0.997944  0.051421  0.038251  -0.052849  0.997905  0.037319  -0.036251  -0.039264  0.998571  0.000084  -0.000159  -0.000616  0.000000  0.000000  0.000000  2.000000  1.000000  0.000000  0.000000  0.000000  1.000000  0.000000  0.000000  0.000000  1.000000  0.999999  0.001007  0.000575  -0.001007  0.999999  0.000327  -0.000575  -0.000327  1.000000  1.000000  0.000000  0.000000  0.000000  1.000000  0.000000  0.000000  0.000000  1.000000  1.000000  0.000000  0.000000  0.000000  1.000000  0.000000  0.000000  0.000000  1.000000  0.000000  0.000000  
147.175046 0.003233  0.093521  -0.005510  0.997929  0.051617  0.038398  -0.053055  0.997890  0.037426  -0.036385  -0.039385  0.998561  0.000119  -0.000319  -0.000784  0.000000  0.000000  0.000000  2.000000  1.000000  0.000000  0.000000  0.000000  1.000000  0.000000  0.000000  0.000000  1.000000  0.999999  0.001413  0.000725  -0.001413  0.999999  0.000311  -0.000725  -0.000312  1.000000  1.000000  0.000000  0.000000  0.000000  1.000000  0.000000  0.000000  0.000000  1.000000  1.000000  0.000000  0.000000  0.000000  1.000000  0.000000  0.000000  0.000000  1.000000  0.000000  0.000000  
147.176295 0.003234  0.093518  -0.005512  0.997918  0.051817  0.038412  -0.053260  0.997875  0.037539  -0.036385  -0.039506  0.998557  0.000141  -0.000477  -0.000918  0.000000  0.000000  0.000000  2.000000  1.000000  0.000000  0.000000  0.000000  1.000000  0.000000  0.000000  0.000000  1.000000  0.999998  0.001618  0.000733  -0.001618  0.999999  0.000425  -0.000733  -0.000426  1.000000  1.000000  0.000000  0.000000  0.000000  1.000000  0.000000  0.000000  0.000000  1.000000  1.000000  0.000000  0.000000  0.000000  1.000000  0.000000  0.000000  0.000000  1.000000  0.000000  0.000000  
147.177544 0.003235  0.093517  -0.005515  0.997896  0.052219  0.038440  -0.053671  0.997844  0.037765  -0.036385  -0.039749  0.998547  0.000189  -0.000640  -0.001120  0.000000  0.000000  0.000000  2.000000  1.000000  0.000000  0.000000  0.000000  1.000000  0.000000  0.000000  0.000000  1.000000  0.999998  0.001824  0.000742  -0.001824  0.999998  0.000660  -0.000741  -0.000662  1.000000  1.000000  0.000000  0.000000  0.000000  1.000000  0.000000  0.000000  0.000000  1.000000  1.000000  0.000000  0.000000  0.000000  1.000000  0.000000  0.000000  0.000000  1.000000  0.000000  0.000000  
147.178792 0.003236  0.093515  -0.005517  0.997873  0.052625  0.038462  -0.054082  0.997818  0.037870  -0.036385  -0.039870  0.998542  0.000285  -0.000746  -0.001248  0.000000  0.000000  0.000000  2.000000  1.000000  0.000000  0.000000  0.000000  1.000000  0.000000  0.000000  0.000000  1.000000  0.999997  0.002440  0.000767  -0.002441  0.999997  0.000759  -0.000765  -0.000761  0.999999  1.000000  0.000000  0.000000  0.000000  1.000000  0.000000  0.000000  0.000000  1.000000  1.000000  0.000000  0.000000  0.000000  1.000000  0.000000  0.000000  0.000000  1.000000  0.000000  0.000000  
147.179794 0.003237  0.093514  -0.005519  0.997846  0.053026  0.038617  -0.054492  0.997792  0.037968  -0.036519  -0.039991  0.998532  0.000329  -0.000854  -0.001373  0.000000  0.000000  0.000000  2.000000  1.000000  0.000000  0.000000  0.000000  1.000000  0.000000  0.000000  0.000000  1.000000  0.999996  0.002846  0.000917  -0.002847  0.999996  0.000865  -0.000915  -0.000868  0.999999  1.000000  0.000000  0.000000  0.000000  1.000000  0.000000  0.000000  0.000000  1.000000  1.000000  0.000000  0.000000  0.000000  1.000000  0.000000  0.000000  0.000000  1.000000  0.000000  0.000000  
147.181044 0.003238  0.093513  -0.005521  0.997807  0.053632  0.038781  -0.055108  0.997755  0.038058  -0.036653  -0.040112  0.998523  0.000387  -0.000965  -0.001531  0.000000  0.000000  0.000000  2.000000  1.000000  0.000000  0.000000  0.000000  1.000000  0.000000  0.000000  0.000000  1.000000  0.999993  0.003457  0.001076  -0.003458  0.999994  0.000963  -0.001073  -0.000967  0.999999  1.000000  0.000000  0.000000  0.000000  1.000000  0.000000  0.000000  0.000000  1.000000  1.000000  0.000000  0.000000  0.000000  1.000000  0.000000  0.000000  0.000000  1.000000  0.000000  0.000000  
147.182295 0.003240  0.093512  -0.005523  0.997763  0.054233  0.039078  -0.055724  0.997717  0.038140  -0.036920  -0.040232  0.998508  0.000521  -0.001067  -0.001630  0.000000  0.000000  0.000000  2.000000  1.000000  0.000000  0.000000  0.000000  1.000000  0.000000  0.000000  0.000000  1.000000  0.999991  0.004063  0.001368  -0.004064  0.999991  0.000939  -0.001364  -0.000945  0.999999  1.000000  0.000000  0.000000  0.000000  1.000000  0.000000  0.000000  0.000000  1.000000  1.000000  0.000000  0.000000  0.000000  1.000000  0.000000  0.000000  0.000000  1.000000  0.000000  0.000000  
147.183295 0.003241  0.093512  -0.005523  0.997730  0.054633  0.039360  -0.056134  0.997696  0.038109  -0.037187  -0.040232  0.998498  0.000600  -0.001113  -0.001647  0.000000  0.000000  0.000000  2.000000  1.000000  0.000000  0.000000  0.000000  1.000000  0.000000  0.000000  0.000000  1.000000  0.999989  0.004469  0.001519  -0.004470  0.999989  0.001045  -0.001514  -0.001052  0.999998  1.000000  0.000000  0.000000  0.000000  1.000000  0.000000  0.000000  0.000000  1.000000  1.000000  0.000000  0.000000  0.000000  1.000000  0.000000  0.000000  0.000000  1.000000  0.000000  0.000000  
147.184551 0.003243  0.093511  -0.005525  0.997691  0.055239  0.039524  -0.056750  0.997657  0.038198  -0.037321  -0.040353  0.998488  0.000705  -0.001167  -0.001733  0.038512  -0.060762  0.170520  2.000000  1.000000  0.000012  0.000066  -0.000012  1.000000  0.000013  -0.000066  -0.000013  1.000000  0.999985  0.005075  0.001811  -0.005077  0.999987  0.001020  -0.001806  -0.001030  0.999998  1.000000  0.000012  0.000066  -0.000012  1.000000  0.000013  -0.000066  -0.000013  1.000000  1.000000  0.000012  0.000066  -0.000012  1.000000  0.000013  -0.000066  -0.000013  1.000000  0.000046  0.005485  
147.185794 0.003243  0.093510  -0.005527  0.997650  0.055850  0.039681  -0.057366  0.997623  0.038166  -0.037455  -0.040353  0.998483  0.000717  -0.001228  -0.001803  0.037752  -0.066096  0.191115  2.000000  1.000000  0.000064  0.000344  -0.000064  1.000000  0.000070  -0.000344  -0.000070  1.000000  0.999983  0.005480  0.001962  -0.005482  0.999984  0.001126  -0.001956  -0.001136  0.999997  1.000000  0.000013  0.000072  -0.000013  1.000000  0.000014  -0.000072  -0.000014  1.000000  1.000000  0.000064  0.000344  -0.000064  1.000000  0.000070  -0.000344  -0.000070  1.000000  0.000050  0.005930  
147.186803 0.003244  0.093508  -0.005528  0.997627  0.056256  0.039703  -0.057777  0.997596  0.038271  -0.037455  -0.040474  0.998478  0.000772  -0.001210  -0.001716  0.041308  -0.066634  0.204857  2.000000  1.000000  0.000124  0.000646  -0.000124  1.000000  0.000129  -0.000646  -0.000129  1.000000  0.999981  0.005891  0.001979  -0.005894  0.999982  0.001231  -0.001972  -0.001243  0.999997  1.000000  0.000015  0.000076  -0.000015  1.000000  0.000015  -0.000076  -0.000015  1.000000  1.000000  0.000124  0.000646  -0.000124  1.000000  0.000129  -0.000646  -0.000129  1.000000  0.000053  0.006337  
147.188047 0.003244  0.093506  -0.005531  0.997598  0.056656  0.039859  -0.058187  0.997568  0.038367  -0.037589  -0.040595  0.998468  0.000809  -0.001189  -0.001692  0.044872  -0.071705  0.218535  2.000000  0.999999  0.000209  0.001049  -0.000209  1.000000  0.000208  -0.001049  -0.000208  0.999999  0.999977  0.006502  0.002138  -0.006505  0.999978  0.001328  -0.002130  -0.001342  0.999997  1.000000  0.000018  0.000084  -0.000018  1.000000  0.000017  -0.000084  -0.000017  1.000000  0.999999  0.000209  0.001049  -0.000209  1.000000  0.000208  -0.001049  -0.000208  0.999999  0.000059  0.006974  
147.189300 0.003245  0.093504  -0.005533  0.997569  0.057052  0.040022  -0.058598  0.997536  0.038585  -0.037722  -0.040837  0.998454  0.000807  -0.001149  -0.001609  0.052494  -0.076766  0.232130  2.000000  0.999999  0.000302  0.001477  -0.000302  1.000000  0.000295  -0.001477  -0.000296  0.999999  0.999974  0.006913  0.002156  -0.006916  0.999975  0.001434  -0.002146  -0.001449  0.999997  1.000000  0.000020  0.000088  -0.000020  1.000000  0.000018  -0.000088  -0.000018  1.000000  0.999999  0.000302  0.001477  -0.000302  1.000000  0.000295  -0.001477  -0.000296  0.999999  0.000062  0.007383  
147.190301 0.003245  0.093502  -0.005535  0.997539  0.057452  0.040178  -0.059008  0.997508  0.038682  -0.037856  -0.040958  0.998443  0.000789  -0.001180  -0.001663  0.056042  -0.081821  0.245746  2.000000  0.999998  0.000380  0.001842  -0.000381  1.000000  0.000375  -0.001842  -0.000375  0.999998  0.999971  0.007318  0.002308  -0.007322  0.999972  0.001660  -0.002296  -0.001677  0.999996  1.000000  0.000021  0.000094  -0.000021  1.000000  0.000021  -0.000094  -0.000021  1.000000  0.999998  0.000380  0.001842  -0.000381  1.000000  0.000375  -0.001842  -0.000375  0.999998  0.000066  0.007853  
147.191544 0.003246  0.093499  -0.005539  0.997493  0.058047  0.040483  -0.059624  0.997463  0.038883  -0.038123  -0.041199  0.998423  0.000783  -0.001290  -0.001785  0.063408  -0.091688  0.266157  2.000000  0.999997  0.000480  0.002327  -0.000481  1.000000  0.000484  -0.002327  -0.000485  0.999997  0.999968  0.007512  0.002585  -0.007517  0.999970  0.001893  -0.002571  -0.001912  0.999995  1.000000  0.000019  0.000097  -0.000019  1.000000  0.000024  -0.000097  -0.000024  1.000000  0.999997  0.000480  0.002327  -0.000481  1.000000  0.000484  -0.002327  -0.000485  0.999997  0.000070  0.008169  
147.192798 0.003247  0.093496  -0.005544  0.997463  0.058443  0.040647  -0.060034  0.997430  0.039100  -0.038257  -0.041441  0.998408  0.000769  -0.001376  -0.001915  0.071021  -0.096757  0.279744  2.000000  0.999996  0.000578  0.002825  -0.000580  1.000000  0.000605  -0.002824  -0.000607  0.999996  0.999967  0.007717  0.002596  -0.007722  0.999968  0.002004  -0.002580  -0.002024  0.999995  1.000000  0.000020  0.000100  -0.000020  1.000000  0.000025  -0.000100  -0.000025  1.000000  0.999996  0.000578  0.002825  -0.000580  1.000000  0.000605  -0.002824  -0.000607  0.999996  0.000076  0.008387  
147.194048 0.003247  0.093492  -0.005551  0.997428  0.058832  0.040944  -0.060444  0.997397  0.039309  -0.038524  -0.041683  0.998388  0.000776  -0.001502  -0.002200  0.078619  -0.106331  0.293177  2.000000  0.999995  0.000654  0.003226  -0.000656  1.000000  0.000710  -0.003226  -0.000713  0.999995  0.999967  0.007711  0.002731  -0.007717  0.999968  0.002123  -0.002715  -0.002144  0.999994  1.000000  0.000019  0.000101  -0.000019  1.000000  0.000027  -0.000101  -0.000027  1.000000  0.999995  0.000654  0.003226  -0.000656  1.000000  0.000710  -0.003226  -0.000713  0.999995  0.000080  0.008454  
147.195295 0.003248  0.093488  -0.005558  0.997398  0.059228  0.041108  -0.060855  0.997364  0.039526  -0.038658  -0.041925  0.998373  0.000700  -0.001707  -0.002525  0.086253  -0.111441  0.306858  2.000000  0.999993  0.000749  0.003728  -0.000752  0.999999  0.000846  -0.003727  -0.000849  0.999993  0.999967  0.007710  0.002733  -0.007716  0.999968  0.002244  -0.002716  -0.002265  0.999994  1.000000  0.000019  0.000101  -0.000019  1.000000  0.000028  -0.000101  -0.000028  1.000000  0.999993  0.000749  0.003728  -0.000752  0.999999  0.000846  -0.003727  -0.000849  0.999993  0.000083  0.008485  
147.196303 0.003248  0.093485  -0.005564  0.997380  0.059417  0.041263  -0.061060  0.997342  0.039752  -0.038792  -0.042167  0.998357  0.000655  -0.001859  -0.002814  0.094089  -0.116205  0.313441  2.000000  0.999991  0.000824  0.004129  -0.000828  0.999999  0.000962  -0.004129  -0.000965  0.999991  0.999967  0.007710  0.002734  -0.007716  0.999968  0.002243  -0.002717  -0.002264  0.999994  1.000000  0.000019  0.000101  -0.000019  1.000000  0.000028  -0.000101  -0.000028  1.000000  0.999991  0.000824  0.004129  -0.000828  0.999999  0.000962  -0.004129  -0.000965  0.999991  0.000085  0.008485  
147.197540 0.003249  0.093482  -0.005570  0.997362  0.059607  0.041419  -0.061265  0.997321  0.039977  -0.038926  -0.042409  0.998342  0.000634  -0.001984  -0.003102  0.101194  -0.120107  0.317745  2.000000  0.999989  0.000895  0.004536  -0.000900  0.999999  0.001082  -0.004535  -0.001086  0.999989  0.999966  0.007703  0.002870  -0.007710  0.999967  0.002363  -0.002851  -0.002385  0.999993  1.000000  0.000017  0.000101  -0.000017  1.000000  0.000030  -0.000101  -0.000030  1.000000  0.999989  0.000895  0.004536  -0.000900  0.999999  0.001082  -0.004535  -0.001086  0.999989  0.000089  0.008556  
147.198544 0.003250  0.093479  -0.005575  0.997344  0.059802  0.041568  -0.061470  0.997304  0.040081  -0.039059  -0.042530  0.998331  0.000519  -0.002173  -0.003451  0.105789  -0.125850  0.326972  2.000000  0.999987  0.000963  0.004945  -0.000969  0.999999  0.001203  -0.004943  -0.001208  0.999987  0.999966  0.007697  0.003005  -0.007704  0.999967  0.002483  -0.002986  -0.002506  0.999992  1.000000  0.000016  0.000102  -0.000016  1.000000  0.000031  -0.000102  -0.000031  1.000000  0.999987  0.000963  0.004945  -0.000969  0.999999  0.001203  -0.004943  -0.001208  0.999987  0.000091  0.008631  
147.199544 0.003251  0.093477  -0.005579  0.997327  0.059996  0.041717  -0.061675  0.997287  0.040185  -0.039193  -0.042651  0.998321  0.000512  -0.002281  -0.003633  0.108719  -0.129613  0.331054  2.000000  0.999985  0.001020  0.005347  -0.001028  0.999999  0.001326  -0.005346  -0.001331  0.999985  0.999967  0.007485  0.003131  -0.007493  0.999969  0.002490  -0.003112  -0.002514  0.999992  1.000000  0.000013  0.000101  -0.000013  1.000000  0.000031  -0.000101  -0.000031  1.000000  0.999985  0.001020  0.005347  -0.001028  0.999999  0.001326  -0.005346  -0.001331  0.999985  0.000093  0.008491  
147.200555 0.003251  0.093474  -0.005583  0.997309  0.060191  0.041866  -0.061880  0.997270  0.040289  -0.039327  -0.042772  0.998311  0.000519  -0.002407  -0.003854  0.113380  -0.135443  0.340409  2.000000  0.999983  0.001071  0.005741  -0.001079  0.999998  0.001452  -0.005740  -0.001459  0.999982  0.999969  0.007279  0.003123  -0.007287  0.999970  0.002497  -0.003105  -0.002520  0.999992  1.000000  0.000012  0.000098  -0.000012  1.000000  0.000031  -0.000098  -0.000031  1.000000  0.999983  0.001071  0.005741  -0.001079  0.999998  0.001452  -0.005740  -0.001459  0.999982  0.000095  0.008309  
147.201790 0.003252  0.093472  -0.005588  0.997285  0.060379  0.042148  -0.062084  0.997254  0.040385  -0.039594  -0.042892  0.998295  0.000535  -0.002465  -0.004024  0.116730  -0.138583  0.330708  2.000000  0.999981  0.001112  0.006123  -0.001121  0.999998  0.001579  -0.006121  -0.001586  0.999980  0.999972  0.006868  0.003106  -0.006876  0.999973  0.002513  -0.003089  -0.002534  0.999992  1.000000  0.000009  0.000094  -0.000009  1.000000  0.000032  -0.000094  -0.000032  1.000000  0.999981  0.001112  0.006123  -0.001121  0.999998  0.001579  -0.006121  -0.001586  0.999980  0.000095  0.007949  
147.202797 0.003252  0.093469  -0.005592  0.997267  0.060574  0.042297  -0.062289  0.997237  0.040489  -0.039728  -0.043013  0.998284  0.000520  -0.002548  -0.004149  0.116929  -0.138322  0.323791  2.000000  0.999978  0.001146  0.006494  -0.001157  0.999998  0.001710  -0.006492  -0.001717  0.999977  0.999973  0.006668  0.002965  -0.006675  0.999974  0.002641  -0.002947  -0.002661  0.999992  1.000000  0.000010  0.000091  -0.000010  1.000000  0.000033  -0.000091  -0.000033  1.000000  0.999978  0.001146  0.006494  -0.001157  0.999998  0.001710  -0.006492  -0.001717  0.999977  0.000093  0.007764  
147.204047 0.003253  0.093467  -0.005597  0.997249  0.060768  0.042446  -0.062494  0.997219  0.040593  -0.039861  -0.043134  0.998274  0.000544  -0.002533  -0.004351  0.113993  -0.134720  0.319654  2.000000  0.999975  0.001178  0.006932  -0.001191  0.999998  0.001874  -0.006930  -0.001882  0.999974  0.999976  0.006250  0.003082  -0.006259  0.999977  0.002656  -0.003065  -0.002675  0.999992  1.000000  0.000006  0.000087  -0.000006  1.000000  0.000033  -0.000087  -0.000033  1.000000  0.999975  0.001178  0.006932  -0.001191  0.999998  0.001874  -0.006930  -0.001882  0.999974  0.000092  0.007461  
147.205300 0.003253  0.093464  -0.005602  0.997238  0.060752  0.042720  -0.062494  0.997215  0.040697  -0.040129  -0.043255  0.998258  0.000506  -0.002531  -0.004426  0.114190  -0.138962  0.312535  2.000000  0.999972  0.001202  0.007349  -0.001217  0.999997  0.002046  -0.007346  -0.002054  0.999971  0.999980  0.005639  0.002922  -0.005647  0.999980  0.002801  -0.002906  -0.002818  0.999992  1.000000  0.000004  0.000079  -0.000004  1.000000  0.000035  -0.000079  -0.000035  1.000000  0.999972  0.001202  0.007349  -0.001217  0.999997  0.002046  -0.007346  -0.002054  0.999971  0.000089  0.006945  
147.206544 0.003252  0.093461  -0.005607  0.997238  0.060741  0.042735  -0.062494  0.997205  0.040939  -0.040129  -0.043497  0.998247  0.000409  -0.002535  -0.004548  0.118830  -0.138484  0.298781  2.000000  0.999969  0.001207  0.007729  -0.001224  0.999997  0.002220  -0.007726  -0.002229  0.999968  0.999983  0.005022  0.002896  -0.005030  0.999983  0.002825  -0.002882  -0.002840  0.999992  1.000000  0.000000  0.000072  -0.000000  1.000000  0.000035  -0.000072  -0.000035  1.000000  0.999969  0.001207  0.007729  -0.001224  0.999997  0.002220  -0.007726  -0.002229  0.999968  0.000088  0.006453  
147.207544 0.003251  0.093459  -0.005612  0.997233  0.060730  0.042876  -0.062493  0.997201  0.041052  -0.040263  -0.043618  0.998237  0.000317  -0.002499  -0.004627  0.119059  -0.142707  0.291627  2.000000  0.999969  0.001207  0.007729  -0.001224  0.999997  0.002220  -0.007726  -0.002229  0.999968  0.999985  0.004605  0.003013  -0.004613  0.999985  0.002841  -0.003000  -0.002855  0.999991  1.000000  0.000000  0.000000  0.000000  1.000000  0.000000  0.000000  0.000000  1.000000  0.999969  0.001207  0.007729  -0.001224  0.999997  0.002220  -0.007726  -0.002229  0.999968  0.000086  0.000000  
147.208545 0.003250  0.093457  -0.005618  0.997233  0.060725  0.042883  -0.062493  0.997196  0.041173  -0.040263  -0.043739  0.998231  0.000212  -0.002473  -0.004670  0.119581  -0.142153  0.277773  2.000000  0.999969  0.001207  0.007729  -0.001224  0.999997  0.002220  -0.007726  -0.002229  0.999968  0.999986  0.004404  0.002871  -0.004413  0.999986  0.002971  -0.002858  -0.002984  0.999991  1.000000  0.000000  0.000000  0.000000  1.000000  0.000000  0.000000  0.000000  1.000000  0.999969  0.001207  0.007729  -0.001224  0.999997  0.002220  -0.007726  -0.002229  0.999968  0.000083  0.000000  
147.209798 0.003249  0.093454  -0.005625  0.997215  0.060919  0.043032  -0.062698  0.997179  0.041277  -0.040396  -0.043860  0.998221  0.000148  -0.002363  -0.004667  0.120066  -0.141596  0.263918  2.000000  0.999969  0.001207  0.007729  -0.001224  0.999997  0.002220  -0.007726  -0.002229  0.999968  0.999987  0.004193  0.002996  -0.004202  0.999987  0.002979  -0.002984  -0.002991  0.999991  1.000000  0.000000  0.000000  0.000000  1.000000  0.000000  0.000000  0.000000  1.000000  0.999969  0.001207  0.007729  -0.001224  0.999997  0.002220  -0.007726  -0.002229  0.999968  0.000081  0.000000  
147.211047 0.003249  0.093453  -0.005632  0.997209  0.060903  0.043180  -0.062698  0.997169  0.041510  -0.040530  -0.044102  0.998205  0.000062  -0.002195  -0.004615  0.124902  -0.136290  0.243380  2.000000  0.999969  0.001207  0.007729  -0.001224  0.999997  0.002220  -0.007726  -0.002229  0.999968  0.999989  0.003575  0.002970  -0.003584  0.999989  0.003003  -0.002959  -0.003014  0.999991  1.000000  0.000000  0.000000  0.000000  1.000000  0.000000  0.000000  0.000000  1.000000  0.999969  0.001207  0.007729  -0.001224  0.999997  0.002220  -0.007726  -0.002229  0.999968  0.000078  0.000000  
147.212301 0.003247  0.093450  -0.005640  0.997198  0.060881  0.043462  -0.062697  0.997160  0.041735  -0.040797  -0.044343  0.998183  -0.000150  -0.002189  -0.004734  0.129696  -0.135430  0.222587  2.000000  0.999969  0.001207  0.007729  -0.001224  0.999997  0.002220  -0.007726  -0.002229  0.999968  0.999991  0.003170  0.002819  -0.003178  0.999991  0.002898  -0.002810  -0.002907  0.999992  1.000000  0.000000  0.000000  0.000000  1.000000  0.000000  0.000000  0.000000  1.000000  0.999969  0.001207  0.007729  -0.001224  0.999997  0.002220  -0.007726  -0.002229  0.999968  0.000074  0.000000  
147.213545 0.003245  0.093446  -0.005648  0.997193  0.060869  0.043602  -0.062697  0.997155  0.041848  -0.040931  -0.044464  0.998172  -0.000349  -0.002191  -0.004897  0.134314  -0.134891  0.208815  2.000000  0.999969  0.001207  0.007729  -0.001224  0.999997  0.002220  -0.007726  -0.002229  0.999968  0.999993  0.002553  0.002792  -0.002561  0.999992  0.002923  -0.002785  -0.002930  0.999992  1.000000  0.000000  0.000000  0.000000  1.000000  0.000000  0.000000  0.000000  1.000000  0.999969  0.001207  0.007729  -0.001224  0.999997  0.002220  -0.007726  -0.002229  0.999968  0.000071  0.000000  
147.214794 0.003242  0.093442  -0.005658  0.997182  0.060847  0.043884  -0.062696  0.997145  0.042073  -0.041198  -0.044706  0.998150  -0.000557  -0.002272  -0.005186  0.139273  -0.138648  0.188021  2.000000  0.999969  0.001207  0.007729  -0.001224  0.999997  0.002220  -0.007726  -0.002229  0.999968  0.999994  0.002141  0.002774  -0.002149  0.999993  0.002939  -0.002768  -0.002945  0.999992  1.000000  0.000000  0.000000  0.000000  1.000000  0.000000  0.000000  0.000000  1.000000  0.999969  0.001207  0.007729  -0.001224  0.999997  0.002220  -0.007726  -0.002229  0.999968  0.000069  0.000000  
147.215794 0.003240  0.093438  -0.005666  0.997176  0.060836  0.044024  -0.062696  0.997141  0.042185  -0.041332  -0.044826  0.998139  -0.000737  -0.002359  -0.005447  0.142573  -0.136822  0.172611  2.000000  0.999969  0.001207  0.007729  -0.001224  0.999997  0.002220  -0.007726  -0.002229  0.999968  0.999994  0.001935  0.002765  -0.001943  0.999994  0.002826  -0.002760  -0.002831  0.999992  1.000000  0.000000  0.000000  0.000000  1.000000  0.000000  0.000000  0.000000  1.000000  0.999969  0.001207  0.007729  -0.001224  0.999997  0.002220  -0.007726  -0.002229  0.999968  0.000067  0.000000  
147.216794 0.003238  0.093435  -0.005675  0.997176  0.060825  0.044039  -0.062696  0.997130  0.042427  -0.041332  -0.045069  0.998128  -0.000946  -0.002426  -0.005780  0.000000  0.000000  0.000000  2.000000  0.999969  0.001207  0.007729  -0.001224  0.999997  0.002220  -0.007726  -0.002229  0.999968  0.999995  0.001735  0.002623  -0.001743  0.999994  0.002835  -0.002618  -0.002839  0.999993  1.000000  0.000000  0.000000  0.000000  1.000000  0.000000  0.000000  0.000000  1.000000  0.999969  0.001207  0.007729  -0.001224  0.999997  0.002220  -0.007726  -0.002229  0.999968  0.000000  0.000000  
147.217794 0.003236  0.093432  -0.005682  0.997171  0.060813  0.044180  -0.062695  0.997126  0.042540  -0.041466  -0.045189  0.998117  -0.001077  -0.002473  -0.006005  0.000000  0.000000  0.000000  2.000000  0.999969  0.001207  0.007729  -0.001224  0.999997  0.002220  -0.007726  -0.002229  0.999968  0.999996  0.001324  0.002605  -0.001331  0.999995  0.002851  -0.002601  -0.002855  0.999993  1.000000  0.000000  0.000000  0.000000  1.000000  0.000000  0.000000  0.000000  1.000000  0.999969  0.001207  0.007729  -0.001224  0.999997  0.002220  -0.007726  -0.002229  0.999968  0.000000  0.000000  
147.219044 0.003234  0.093428  -0.005692  0.997171  0.060803  0.044194  -0.062695  0.997115  0.042782  -0.041466  -0.045432  0.998106  -0.001261  -0.002563  -0.006356  0.000000  0.000000  0.000000  2.000000  0.999969  0.001207  0.007729  -0.001224  0.999997  0.002220  -0.007726  -0.002229  0.999968  0.999996  0.001124  0.002462  -0.001131  0.999996  0.002739  -0.002459  -0.002741  0.999993  1.000000  0.000000  0.000000  0.000000  1.000000  0.000000  0.000000  0.000000  1.000000  0.999969  0.001207  0.007729  -0.001224  0.999997  0.002220  -0.007726  -0.002229  0.999968  0.000000  0.000000  
147.220048 0.003232  0.093426  -0.005699  0.997165  0.060791  0.044335  -0.062695  0.997111  0.042894  -0.041599  -0.045552  0.998095  -0.001392  -0.002601  -0.006596  0.000000  0.000000  0.000000  2.000000  0.999969  0.001207  0.007729  -0.001224  0.999997  0.002220  -0.007726  -0.002229  0.999968  0.999997  0.000918  0.002453  -0.000925  0.999995  0.002868  -0.002450  -0.002871  0.999993  1.000000  0.000000  0.000000  0.000000  1.000000  0.000000  0.000000  0.000000  1.000000  0.999969  0.001207  0.007729  -0.001224  0.999997  0.002220  -0.007726  -0.002229  0.999968  0.000000  0.000000  
147.221049 0.003230  0.093423  -0.005706  0.997165  0.060786  0.044342  -0.062695  0.997105  0.043015  -0.041599  -0.045673  0.998090  -0.001511  -0.002647  -0.006771  0.000000  0.000000  0.000000  2.000000  0.999969  0.001207  0.007729  -0.001224  0.999997  0.002220  -0.007726  -0.002229  0.999968  0.999997  0.000718  0.002310  -0.000725  0.999996  0.002877  -0.002308  -0.002879  0.999993  1.000000  0.000000  0.000000  0.000000  1.000000  0.000000  0.000000  0.000000  1.000000  0.999969  0.001207  0.007729  -0.001224  0.999997  0.002220  -0.007726  -0.002229  0.999968  0.000000  0.000000  
147.222299 0.003227  0.093419  -0.005715  0.997160  0.060769  0.044490  -0.062695  0.997095  0.043249  -0.041733  -0.045915  0.998073  -0.001622  -0.002716  -0.006936  0.000000  0.000000  0.000000  2.000000  0.999969  0.001207  0.007729  -0.001224  0.999997  0.002220  -0.007726  -0.002229  0.999968  0.999998  0.000518  0.002167  -0.000525  0.999996  0.002885  -0.002165  -0.002887  0.999993  1.000000  0.000000  0.000000  0.000000  1.000000  0.000000  0.000000  0.000000  1.000000  0.999969  0.001207  0.007729  -0.001224  0.999997  0.002220  -0.007726  -0.002229  0.999968  0.000000  0.000000  
147.223300 0.003225  0.093416  -0.005721  0.997160  0.060764  0.044498  -0.062695  0.997090  0.043370  -0.041733  -0.046036  0.998068  -0.001695  -0.002746  -0.007027  0.000000  0.000000  0.000000  2.000000  0.999969  0.001207  0.007729  -0.001224  0.999997  0.002220  -0.007726  -0.002229  0.999968  0.999998  0.000319  0.002024  -0.000325  0.999996  0.002894  -0.002023  -0.002895  0.999994  1.000000  0.000000  0.000000  0.000000  1.000000  0.000000  0.000000  0.000000  1.000000  0.999969  0.001207  0.007729  -0.001224  0.999997  0.002220  -0.007726  -0.002229  0.999968  0.000000  0.000000  
147.224550 0.003223  0.093413  -0.005729  0.997154  0.060752  0.044639  -0.062694  0.997085  0.043482  -0.041867  -0.046157  0.998056  -0.001790  -0.002806  -0.007057  0.000000  0.000000  0.000000  2.000000  0.999969  0.001207  0.007729  -0.001224  0.999997  0.002220  -0.007726  -0.002229  0.999968  0.999998  0.000113  0.002014  -0.000119  0.999995  0.003024  -0.002014  -0.003024  0.999993  1.000000  0.000000  0.000000  0.000000  1.000000  0.000000  0.000000  0.000000  1.000000  0.999969  0.001207  0.007729  -0.001224  0.999997  0.002220  -0.007726  -0.002229  0.999968  0.000000  0.000000  
147.225793 0.003221  0.093411  -0.005735  0.997154  0.060747  0.044646  -0.062694  0.997080  0.043603  -0.041867  -0.046278  0.998051  -0.001851  -0.002841  -0.007001  0.000000  0.000000  0.000000  2.000000  0.999969  0.001207  0.007729  -0.001224  0.999997  0.002220  -0.007726  -0.002229  0.999968  0.999998  0.000125  0.001747  -0.000130  0.999995  0.003024  -0.001747  -0.003024  0.999994  1.000000  0.000000  0.000000  0.000000  1.000000  0.000000  0.000000  0.000000  1.000000  0.999969  0.001207  0.007729  -0.001224  0.999997  0.002220  -0.007726  -0.002229  0.999968  0.000000  0.000000  
147.226799 0.003220  0.093409  -0.005741  0.997154  0.060741  0.044653  -0.062694  0.997075  0.043724  -0.041867  -0.046399  0.998045  -0.001890  -0.002850  -0.006994  0.000000  0.000000  0.000000  2.000000  0.999969  0.001207  0.007729  -0.001224  0.999997  0.002220  -0.007726  -0.002229  0.999968  0.999998  0.000125  0.001747  -0.000130  0.999995  0.003024  -0.001747  -0.003024  0.999994  1.000000  0.000000  0.000000  0.000000  1.000000  0.000000  0.000000  0.000000  1.000000  0.999969  0.001207  0.007729  -0.001224  0.999997  0.002220  -0.007726  -0.002229  0.999968  0.000000  0.000000  
147.227799 0.003218  0.093406  -0.005746  0.997154  0.060736  0.044661  -0.062694  0.997069  0.043845  -0.041867  -0.046520  0.998040  -0.001929  -0.002841  -0.006895  0.000000  0.000000  0.000000  2.000000  0.999969  0.001207  0.007729  -0.001224  0.999997  0.002220  -0.007726  -0.002229  0.999968  0.999999  0.000131  0.001613  -0.000136  0.999995  0.003024  -0.001613  -0.003024  0.999994  1.000000  0.000000  0.000000  0.000000  1.000000  0.000000  0.000000  0.000000  1.000000  0.999969  0.001207  0.007729  -0.001224  0.999997  0.002220  -0.007726  -0.002229  0.999968  0.000000  0.000000  
147.229043 0.003216  0.093403  -0.005755  0.997154  0.060725  0.044675  -0.062694  0.997059  0.044087  -0.041867  -0.046763  0.998028  -0.001892  -0.002775  -0.006825  0.000000  0.000000  0.000000  2.000000  0.999969  0.001207  0.007729  -0.001224  0.999997  0.002220  -0.007726  -0.002229  0.999968  0.999999  -0.000069  0.001470  0.000064  0.999996  0.002911  -0.001470  -0.002911  0.999995  1.000000  0.000000  0.000000  0.000000  1.000000  0.000000  0.000000  0.000000  1.000000  0.999969  0.001207  0.007729  -0.001224  0.999997  0.002220  -0.007726  -0.002229  0.999968  0.000000  0.000000  
147.230044 0.003214  0.093399  -0.005761  0.997154  0.060720  0.044683  -0.062694  0.997053  0.044208  -0.041867  -0.046884  0.998023  -0.001877  -0.002750  -0.006736  0.000000  0.000000  0.000000  2.000000  0.999969  0.001207  0.007729  -0.001224  0.999997  0.002220  -0.007726  -0.002229  0.999968  0.999999  -0.000069  0.001470  0.000065  0.999995  0.003032  -0.001470  -0.003032  0.999994  1.000000  0.000000  0.000000  0.000000  1.000000  0.000000  0.000000  0.000000  1.000000  0.999969  0.001207  0.007729  -0.001224  0.999997  0.002220  -0.007726  -0.002229  0.999968  0.000000  0.000000  
147.231044 0.003213  0.093396  -0.005769  0.997149  0.060708  0.044823  -0.062694  0.997048  0.044321  -0.042000  -0.047004  0.998011  -0.001814  -0.002738  -0.006643  0.000000  0.000000  0.000000  2.000000  0.999969  0.001207  0.007729  -0.001224  0.999997  0.002220  -0.007726  -0.002229  0.999968  0.999999  -0.000069  0.001470  0.000065  0.999996  0.002911  -0.001470  -0.002911  0.999995  1.000000  0.000000  0.000000  0.000000  1.000000  0.000000  0.000000  0.000000  1.000000  0.999969  0.001207  0.007729  -0.001224  0.999997  0.002220  -0.007726  -0.002229  0.999968  0.000000  0.000000  
147.232044 0.003211  0.093393  -0.005776  0.997149  0.060702  0.044831  -0.062694  0.997043  0.044442  -0.042000  -0.047125  0.998006  -0.001751  -0.002720  -0.006589  0.000000  0.000000  0.000000  2.000000  0.999969  0.001207  0.007729  -0.001224  0.999997  0.002220  -0.007726  -0.002229  0.999968  0.999999  -0.000063  0.001336  0.000059  0.999996  0.002911  -0.001337  -0.002911  0.999995  1.000000  0.000000  0.000000  0.000000  1.000000  0.000000  0.000000  0.000000  1.000000  0.999969  0.001207  0.007729  -0.001224  0.999997  0.002220  -0.007726  -0.002229  0.999968  0.000000  0.000000  
147.233300 0.003211  0.093390  -0.005784  0.997143  0.060691  0.044971  -0.062694  0.997038  0.044554  -0.042134  -0.047246  0.997994  -0.001631  -0.002730  -0.006494  0.000000  0.000000  0.000000  2.000000  0.999969  0.001207  0.007729  -0.001224  0.999997  0.002220  -0.007726  -0.002229  0.999968  0.999999  -0.000057  0.001203  0.000054  0.999996  0.002790  -0.001203  -0.002790  0.999995  1.000000  0.000000  0.000000  0.000000  1.000000  0.000000  0.000000  0.000000  1.000000  0.999969  0.001207  0.007729  -0.001224  0.999997  0.002220  -0.007726  -0.002229  0.999968  0.000000  0.000000  
147.234303 0.003210  0.093387  -0.005790  0.997143  0.060685  0.044979  -0.062694  0.997032  0.044675  -0.042134  -0.047367  0.997989  -0.001511  -0.002738  -0.006395  0.000000  0.000000  0.000000  2.000000  0.999969  0.001207  0.007729  -0.001224  0.999997  0.002220  -0.007726  -0.002229  0.999968  0.999999  -0.000051  0.001069  0.000048  0.999996  0.002790  -0.001069  -0.002790  0.999996  1.000000  0.000000  0.000000  0.000000  1.000000  0.000000  0.000000  0.000000  1.000000  0.999969  0.001207  0.007729  -0.001224  0.999997  0.002220  -0.007726  -0.002229  0.999968  0.000000  0.000000  
147.235547 0.003211  0.093383  -0.005798  0.997130  0.060880  0.045003  -0.062899  0.997009  0.044908  -0.042134  -0.047609  0.997977  -0.001353  -0.002756  -0.006397  0.000000  0.000000  0.000000  2.000000  0.999969  0.001207  0.007729  -0.001224  0.999997  0.002220  -0.007726  -0.002229  0.999968  1.000000  0.000161  0.000945  -0.000163  0.999996  0.002660  -0.000945  -0.002660  0.999996  1.000000  0.000000  0.000000  0.000000  1.000000  0.000000  0.000000  0.000000  1.000000  0.999969  0.001207  0.007729  -0.001224  0.999997  0.002220  -0.007726  -0.002229  0.999968  0.000000  0.000000  
147.236550 0.003210  0.093380  -0.005804  0.997130  0.060874  0.045010  -0.062899  0.997004  0.045029  -0.042134  -0.047730  0.997971  -0.001201  -0.002785  -0.006342  0.000000  0.000000  0.000000  2.000000  0.999969  0.001207  0.007729  -0.001224  0.999997  0.002220  -0.007726  -0.002229  0.999968  1.000000  0.000167  0.000812  -0.000169  0.999996  0.002660  -0.000811  -0.002660  0.999996  1.000000  0.000000  0.000000  0.000000  1.000000  0.000000  0.000000  0.000000  1.000000  0.999969  0.001207  0.007729  -0.001224  0.999997  0.002220  -0.007726  -0.002229  0.999968  0.000000  0.000000  
147.237798 0.003211  0.093376  -0.005813  0.997130  0.060869  0.045017  -0.062899  0.996998  0.045149  -0.042134  -0.047851  0.997965  -0.001024  -0.002782  -0.006308  0.000000  0.000000  0.000000  2.000000  0.999969  0.001207  0.007729  -0.001224  0.999997  0.002220  -0.007726  -0.002229  0.999968  1.000000  0.000173  0.000678  -0.000175  0.999996  0.002660  -0.000678  -0.002660  0.999996  1.000000  0.000000  0.000000  0.000000  1.000000  0.000000  0.000000  0.000000  1.000000  0.999969  0.001207  0.007729  -0.001224  0.999997  0.002220  -0.007726  -0.002229  0.999968  0.000000  0.000000  
147.239047 0.003211  0.093372  -0.005820  0.997130  0.060858  0.045032  -0.062899  0.996987  0.045391  -0.042134  -0.048094  0.997954  -0.000821  -0.002817  -0.006269  0.000000  0.000000  0.000000  2.000000  0.999969  0.001207  0.007729  -0.001224  0.999997  0.002220  -0.007726  -0.002229  0.999968  1.000000  0.000173  0.000678  -0.000175  0.999996  0.002660  -0.000678  -0.002660  0.999996  1.000000  0.000000  0.000000  0.000000  1.000000  0.000000  0.000000  0.000000  1.000000  0.999969  0.001207  0.007729  -0.001224  0.999997  0.002220  -0.007726  -0.002229  0.999968  0.000000  0.000000  
147.240302 0.003212  0.093368  -0.005827  0.997111  0.061051  0.045182  -0.063104  0.996969  0.045495  -0.042268  -0.048214  0.997942  -0.000628  -0.002900  -0.006335  0.000000  0.000000  0.000000  2.000000  0.999969  0.001207  0.007729  -0.001224  0.999997  0.002220  -0.007726  -0.002229  0.999968  1.000000  0.000379  0.000688  -0.000380  0.999996  0.002651  -0.000687  -0.002651  0.999996  1.000000  0.000000  0.000000  0.000000  1.000000  0.000000  0.000000  0.000000  1.000000  0.999969  0.001207  0.007729  -0.001224  0.999997  0.002220  -0.007726  -0.002229  0.999968  0.000000  0.000000  
147.241308 0.003213  0.093365  -0.005833  0.997111  0.061046  0.045190  -0.063104  0.996964  0.045616  -0.042268  -0.048335  0.997936  -0.000489  -0.002967  -0.006345  0.000000  0.000000  0.000000  2.000000  0.999969  0.001207  0.007729  -0.001224  0.999997  0.002220  -0.007726  -0.002229  0.999968  1.000000  0.000379  0.000688  -0.000380  0.999997  0.002530  -0.000687  -0.002530  0.999997  1.000000  0.000000  0.000000  0.000000  1.000000  0.000000  0.000000  0.000000  1.000000  0.999969  0.001207  0.007729  -0.001224  0.999997  0.002220  -0.007726  -0.002229  0.999968  0.000000  0.000000  
147.242310 0.003213  0.093362  -0.005838  0.997111  0.061046  0.045190  -0.063104  0.996964  0.045616  -0.042268  -0.048335  0.997936  -0.000356  -0.003054  -0.006313  0.000000  0.000000  0.000000  2.000000  0.999969  0.001207  0.007729  -0.001224  0.999997  0.002220  -0.007726  -0.002229  0.999968  1.000000  0.000385  0.000554  -0.000386  0.999997  0.002409  -0.000554  -0.002409  0.999997  1.000000  0.000000  0.000000  0.000000  1.000000  0.000000  0.000000  0.000000  1.000000  0.999969  0.001207  0.007729  -0.001224  0.999997  0.002220  -0.007726  -0.002229  0.999968  0.000000  0.000000  
147.243549 0.003214  0.093358  -0.005844  0.997098  0.061245  0.045206  -0.063309  0.996946  0.045727  -0.042268  -0.048456  0.997931  -0.000114  -0.003033  -0.006173  0.000000  0.000000  0.000000  2.000000  0.999969  0.001207  0.007729  -0.001224  0.999997  0.002220  -0.007726  -0.002229  0.999968  1.000000  0.000391  0.000421  -0.000392  0.999997  0.002409  -0.000420  -0.002409  0.999997  1.000000  0.000000  0.000000  0.000000  1.000000  0.000000  0.000000  0.000000  1.000000  0.999969  0.001207  0.007729  -0.001224  0.999997  0.002220  -0.007726  -0.002229  0.999968  0.000000  0.000000  
