1-Time 2-Px 3-Py 4-Pz 5-R11 6-R21 7-R31 8-R12 9-R22 10-R32 11-R13 12-R23 13-R33 14-Vx 15-Vy 16-Vz 17-Wx 18-Wy 19-Wz 20-state 21-PR11 22-PR21 23-PR31 24-PR12 25-PR22 26-PR32 27-PR13 28-PR23 29-PR33 
87.904201 0.002905  0.092848  -0.006961  0.998920  0.045988  -0.006585  -0.045686  0.998140  0.040360  0.008429  -0.040016  0.999163  -0.000101  0.000025  0.000272  0.000000  0.000000  0.000000  2.000000  1.000000  0.000000  0.000000  -0.000000  1.000000  0.000000  0.000000  -0.000000  1.000000  1.000000  -0.000000  0.000000  0.000000  1.000000  0.000121  0.000000  -0.000121  1.000000  1.000000  0.000000  0.000000  0.000000  1.000000  0.000000  0.000000  0.000000  1.000000  0.721097  0.336449  0.605658  -0.343772  0.932724  -0.108842  -0.601532  -0.129723  0.788246  0.000000  0.000000  
87.905209 0.002905  0.092848  -0.006961  0.998920  0.045988  -0.006585  -0.045686  0.998140  0.040360  0.008429  -0.040016  0.999163  -0.000081  -0.000001  0.000247  0.000000  0.000000  0.000000  2.000000  1.000000  0.000000  0.000000  0.000000  1.000000  0.000000  0.000000  0.000000  1.000000  1.000000  -0.000000  0.000000  0.000000  1.000000  0.000121  0.000000  -0.000121  1.000000  1.000000  0.000000  0.000000  0.000000  1.000000  0.000000  0.000000  0.000000  1.000000  1.000000  0.000000  0.000000  0.000000  1.000000  0.000000  0.000000  0.000000  1.000000  0.000000  0.000000  
87.906211 0.002905  0.092846  -0.006963  0.998911  0.046193  -0.006577  -0.045891  0.998131  0.040362  0.008429  -0.040016  0.999163  -0.000083  -0.000090  0.000082  0.000000  0.000000  0.000000  2.000000  1.000000  0.000000  0.000000  0.000000  1.000000  0.000000  0.000000  0.000000  1.000000  1.000000  -0.000000  0.000000  -0.000000  1.000000  0.000000  0.000000  -0.000000  1.000000  1.000000  0.000000  0.000000  0.000000  1.000000  0.000000  0.000000  0.000000  1.000000  1.000000  0.000000  0.000000  0.000000  1.000000  0.000000  0.000000  0.000000  1.000000  0.000000  0.000000  
87.907456 0.002904  0.092843  -0.006966  0.998901  0.046400  -0.006563  -0.046097  0.998116  0.040484  0.008429  -0.040137  0.999159  -0.000144  -0.000288  -0.000201  0.000000  0.000000  0.000000  2.000000  1.000000  0.000000  0.000000  0.000000  1.000000  0.000000  0.000000  0.000000  1.000000  1.000000  0.000411  0.000017  -0.000411  1.000000  0.000125  -0.000016  -0.000125  1.000000  1.000000  0.000000  0.000000  0.000000  1.000000  0.000000  0.000000  0.000000  1.000000  1.000000  0.000000  0.000000  0.000000  1.000000  0.000000  0.000000  0.000000  1.000000  0.000000  0.000000  
87.908457 0.002904  0.092841  -0.006969  0.998892  0.046606  -0.006549  -0.046303  0.998102  0.040607  0.008429  -0.040258  0.999154  -0.000148  -0.000452  -0.000400  0.000000  0.000000  0.000000  2.000000  1.000000  0.000000  0.000000  0.000000  1.000000  0.000000  0.000000  0.000000  1.000000  1.000000  0.000617  0.000025  -0.000617  1.000000  0.000248  -0.000025  -0.000248  1.000000  1.000000  0.000000  0.000000  0.000000  1.000000  0.000000  0.000000  0.000000  1.000000  1.000000  0.000000  0.000000  0.000000  1.000000  0.000000  0.000000  0.000000  1.000000  0.000000  0.000000  
87.909707 0.002904  0.092838  -0.006973  0.998882  0.046813  -0.006529  -0.046508  0.998082  0.040850  0.008429  -0.040501  0.999144  -0.000099  -0.000670  -0.000683  0.000000  0.000000  0.000000  2.000000  1.000000  0.000000  0.000000  0.000000  1.000000  0.000000  0.000000  0.000000  1.000000  1.000000  0.000823  0.000033  -0.000823  1.000000  0.000371  -0.000033  -0.000371  1.000000  1.000000  0.000000  0.000000  0.000000  1.000000  0.000000  0.000000  0.000000  1.000000  1.000000  0.000000  0.000000  0.000000  1.000000  0.000000  0.000000  0.000000  1.000000  0.000000  0.000000  
87.910707 0.002904  0.092835  -0.006976  0.998873  0.047019  -0.006515  -0.046714  0.998068  0.040972  0.008429  -0.040622  0.999139  -0.000084  -0.000860  -0.000907  0.000000  0.000000  0.000000  2.000000  1.000000  0.000000  0.000000  0.000000  1.000000  0.000000  0.000000  0.000000  1.000000  0.999999  0.001028  0.000042  -0.001028  0.999999  0.000494  -0.000041  -0.000494  1.000000  1.000000  0.000000  0.000000  0.000000  1.000000  0.000000  0.000000  0.000000  1.000000  1.000000  0.000000  0.000000  0.000000  1.000000  0.000000  0.000000  0.000000  1.000000  0.000000  0.000000  
87.911957 0.002905  0.092832  -0.006978  0.998852  0.047436  -0.006626  -0.047125  0.998043  0.041102  0.008563  -0.040743  0.999133  -0.000042  -0.001042  -0.001068  0.000000  0.000000  0.000000  2.000000  1.000000  0.000000  0.000000  0.000000  1.000000  0.000000  0.000000  0.000000  1.000000  0.999999  0.001240  -0.000083  -0.001240  0.999999  0.000738  0.000084  -0.000738  1.000000  1.000000  0.000000  0.000000  0.000000  1.000000  0.000000  0.000000  0.000000  1.000000  1.000000  0.000000  0.000000  0.000000  1.000000  0.000000  0.000000  0.000000  1.000000  0.000000  0.000000  
87.913202 0.002906  0.092830  -0.006981  0.998832  0.047854  -0.006737  -0.047536  0.998018  0.041233  0.008697  -0.040864  0.999127  0.000017  -0.001209  -0.001307  0.000000  0.000000  0.000000  2.000000  1.000000  0.000000  0.000000  0.000000  1.000000  0.000000  0.000000  0.000000  1.000000  0.999999  0.001651  -0.000066  -0.001651  0.999998  0.000863  0.000068  -0.000863  1.000000  1.000000  0.000000  0.000000  0.000000  1.000000  0.000000  0.000000  0.000000  1.000000  1.000000  0.000000  0.000000  0.000000  1.000000  0.000000  0.000000  0.000000  1.000000  0.000000  0.000000  
87.914209 0.002906  0.092828  -0.006984  0.998812  0.048265  -0.006714  -0.047948  0.997993  0.041356  0.008697  -0.040985  0.999122  0.000022  -0.001320  -0.001462  0.000000  0.000000  0.000000  2.000000  1.000000  0.000000  0.000000  0.000000  1.000000  0.000000  0.000000  0.000000  1.000000  0.999998  0.002068  -0.000183  -0.002068  0.999997  0.000988  0.000185  -0.000988  0.999999  1.000000  0.000000  0.000000  0.000000  1.000000  0.000000  0.000000  0.000000  1.000000  1.000000  0.000000  0.000000  0.000000  1.000000  0.000000  0.000000  0.000000  1.000000  0.000000  0.000000  
87.915452 0.002907  0.092826  -0.006987  0.998792  0.048677  -0.006691  -0.048359  0.997968  0.041480  0.008697  -0.041107  0.999117  0.000085  -0.001448  -0.001722  0.000000  0.000000  0.000000  2.000000  1.000000  0.000000  0.000000  0.000000  1.000000  0.000000  0.000000  0.000000  1.000000  0.999996  0.002685  -0.000157  -0.002685  0.999996  0.001115  0.000160  -0.001114  0.999999  1.000000  0.000000  0.000000  0.000000  1.000000  0.000000  0.000000  0.000000  1.000000  1.000000  0.000000  0.000000  0.000000  1.000000  0.000000  0.000000  0.000000  1.000000  0.000000  0.000000  
87.916702 0.002907  0.092825  -0.006990  0.998762  0.049293  -0.006666  -0.048976  0.997938  0.041484  0.008697  -0.041107  0.999117  0.000147  -0.001558  -0.001949  0.000000  0.000000  0.000000  2.000000  1.000000  0.000000  0.000000  0.000000  1.000000  0.000000  0.000000  0.000000  1.000000  0.999995  0.003096  -0.000140  -0.003096  0.999995  0.001118  0.000144  -0.001118  0.999999  1.000000  0.000000  0.000000  0.000000  1.000000  0.000000  0.000000  0.000000  1.000000  1.000000  0.000000  0.000000  0.000000  1.000000  0.000000  0.000000  0.000000  1.000000  0.000000  0.000000  
87.917953 0.002909  0.092824  -0.006993  0.998742  0.049705  -0.006643  -0.049387  0.997913  0.041608  0.008697  -0.041228  0.999112  0.000264  -0.001627  -0.002201  0.000000  0.000000  0.000000  2.000000  1.000000  0.000000  0.000000  0.000000  1.000000  0.000000  0.000000  0.000000  1.000000  0.999994  0.003508  -0.000123  -0.003508  0.999993  0.001243  0.000127  -0.001243  0.999999  1.000000  0.000000  0.000000  0.000000  1.000000  0.000000  0.000000  0.000000  1.000000  1.000000  0.000000  0.000000  0.000000  1.000000  0.000000  0.000000  0.000000  1.000000  0.000000  0.000000  
87.918956 0.002910  0.092823  -0.006996  0.998721  0.050116  -0.006625  -0.049798  0.997892  0.041611  0.008697  -0.041228  0.999112  0.000343  -0.001689  -0.002353  0.000000  0.000000  0.000000  2.000000  1.000000  0.000000  0.000000  0.000000  1.000000  0.000000  0.000000  0.000000  1.000000  0.999992  0.003919  -0.000106  -0.003919  0.999992  0.001247  0.000111  -0.001246  0.999999  1.000000  0.000000  0.000000  0.000000  1.000000  0.000000  0.000000  0.000000  1.000000  1.000000  0.000000  0.000000  0.000000  1.000000  0.000000  0.000000  0.000000  1.000000  0.000000  0.000000  
87.920207 0.002911  0.092822  -0.006999  0.998700  0.050533  -0.006736  -0.050209  0.997866  0.041741  0.008831  -0.041349  0.999106  0.000390  -0.001728  -0.002525  0.000000  0.000000  0.000000  2.000000  1.000000  0.000000  0.000000  0.000000  1.000000  0.000000  0.000000  0.000000  1.000000  0.999990  0.004542  -0.000214  -0.004541  0.999989  0.001374  0.000220  -0.001373  0.999999  1.000000  0.000000  0.000000  0.000000  1.000000  0.000000  0.000000  0.000000  1.000000  1.000000  0.000000  0.000000  0.000000  1.000000  0.000000  0.000000  0.000000  1.000000  0.000000  0.000000  
87.921458 0.002912  0.092820  -0.007003  0.998668  0.051150  -0.006704  -0.050826  0.997830  0.041867  0.008831  -0.041470  0.999101  0.000534  -0.001708  -0.002600  0.050395  0.006429  0.173318  2.000000  1.000000  0.000000  0.000000  0.000000  1.000000  0.000000  0.000000  0.000000  1.000000  0.999988  0.004953  -0.000197  -0.004953  0.999987  0.001377  0.000203  -0.001376  0.999999  1.000000  0.000000  0.000000  0.000000  1.000000  0.000000  0.000000  0.000000  1.000000  1.000000  0.000000  0.000000  0.000000  1.000000  0.000000  0.000000  0.000000  1.000000  0.000000  0.000000  
87.922708 0.002913  0.092818  -0.007006  0.998647  0.051562  -0.006680  -0.051237  0.997803  0.041990  0.008831  -0.041591  0.999096  0.000638  -0.001632  -0.002576  0.054592  0.005855  0.187146  2.000000  1.000000  0.000174  0.000278  -0.000174  1.000000  0.000094  -0.000278  -0.000094  1.000000  0.999986  0.005364  -0.000179  -0.005364  0.999984  0.001502  0.000187  -0.001501  0.999999  1.000000  0.000036  0.000057  -0.000036  1.000000  0.000019  -0.000057  -0.000019  1.000000  1.000000  0.000174  0.000278  -0.000174  1.000000  0.000094  -0.000278  -0.000094  1.000000  0.000047  0.005574  
87.923957 0.002915  0.092815  -0.007009  0.998637  0.051768  -0.006665  -0.051443  0.997788  0.042113  0.008831  -0.041712  0.999091  0.000715  -0.001624  -0.002518  0.058737  0.005562  0.194089  2.000000  1.000000  0.000360  0.000578  -0.000360  1.000000  0.000197  -0.000578  -0.000197  1.000000  0.999983  0.005776  -0.000160  -0.005776  0.999982  0.001748  0.000171  -0.001747  0.999998  1.000000  0.000038  0.000061  -0.000038  1.000000  0.000022  -0.000061  -0.000022  1.000000  1.000000  0.000360  0.000578  -0.000360  1.000000  0.000197  -0.000578  -0.000197  1.000000  0.000051  0.006037  
87.925207 0.002916  0.092812  -0.007012  0.998616  0.052181  -0.006635  -0.051854  0.997756  0.042358  0.008831  -0.041955  0.999080  0.000773  -0.001645  -0.002512  0.067002  0.004970  0.207894  2.000000  0.999999  0.000556  0.000900  -0.000557  1.000000  0.000314  -0.000899  -0.000314  1.000000  0.999981  0.006187  -0.000142  -0.006187  0.999979  0.001994  0.000154  -0.001994  0.999998  1.000000  0.000040  0.000066  -0.000040  1.000000  0.000025  -0.000066  -0.000025  1.000000  0.999999  0.000556  0.000900  -0.000557  1.000000  0.000314  -0.000899  -0.000314  1.000000  0.000055  0.006502  
87.926452 0.002917  0.092808  -0.007015  0.998594  0.052593  -0.006605  -0.052265  0.997724  0.042602  0.008831  -0.042197  0.999070  0.000829  -0.001717  -0.002534  0.075286  0.004377  0.221758  2.000000  0.999999  0.000765  0.001244  -0.000765  1.000000  0.000444  -0.001243  -0.000445  0.999999  0.999978  0.006599  -0.000123  -0.006598  0.999976  0.002241  0.000138  -0.002240  0.999997  1.000000  0.000043  0.000071  -0.000043  1.000000  0.000028  -0.000071  -0.000028  1.000000  0.999999  0.000765  0.001244  -0.000765  1.000000  0.000444  -0.001243  -0.000445  0.999999  0.000059  0.006970  
87.927708 0.002919  0.092803  -0.007020  0.998573  0.053005  -0.006575  -0.052677  0.997692  0.042847  0.008831  -0.042440  0.999060  0.000894  -0.001875  -0.002692  0.083532  0.003779  0.235509  2.000000  0.999998  0.000975  0.001592  -0.000976  0.999999  0.000584  -0.001592  -0.000585  0.999999  0.999978  0.006599  -0.000121  -0.006598  0.999975  0.002362  0.000137  -0.002361  0.999997  1.000000  0.000043  0.000071  -0.000043  1.000000  0.000030  -0.000071  -0.000030  1.000000  0.999998  0.000975  0.001592  -0.000976  0.999999  0.000584  -0.001592  -0.000585  0.999999  0.000062  0.007010  
87.928952 0.002920  0.092798  -0.007027  0.998552  0.053412  -0.006411  -0.053088  0.997660  0.043085  0.008697  -0.042682  0.999051  0.000928  -0.002060  -0.002927  0.091806  -0.001313  0.249202  2.000000  0.999998  0.001146  0.001875  -0.001147  0.999999  0.000705  -0.001874  -0.000707  0.999998  0.999978  0.006599  -0.000120  -0.006598  0.999975  0.002483  0.000136  -0.002482  0.999997  1.000000  0.000043  0.000071  -0.000043  1.000000  0.000031  -0.000071  -0.000031  1.000000  0.999998  0.001146  0.001875  -0.001147  0.999999  0.000705  -0.001874  -0.000707  0.999998  0.000065  0.007051  
87.929953 0.002921  0.092794  -0.007032  0.998541  0.053618  -0.006395  -0.053293  0.997644  0.043207  0.008697  -0.042803  0.999046  0.000987  -0.002202  -0.003103  0.095941  -0.001615  0.256113  2.000000  0.999997  0.001312  0.002165  -0.001314  0.999999  0.000827  -0.002164  -0.000830  0.999997  0.999978  0.006593  0.000015  -0.006593  0.999975  0.002482  0.000002  -0.002482  0.999997  1.000000  0.000041  0.000071  -0.000041  1.000000  0.000031  -0.000071  -0.000031  1.000000  0.999997  0.001312  0.002165  -0.001314  0.999999  0.000827  -0.002164  -0.000830  0.999997  0.000067  0.007045  
87.930954 0.002922  0.092790  -0.007038  0.998530  0.053825  -0.006373  -0.053499  0.997622  0.043450  0.008697  -0.043046  0.999035  0.001049  -0.002411  -0.003289  0.104148  -0.001933  0.263014  2.000000  0.999996  0.001480  0.002458  -0.001482  0.999998  0.000952  -0.002457  -0.000956  0.999997  0.999978  0.006593  0.000016  -0.006593  0.999975  0.002604  0.000001  -0.002604  0.999997  1.000000  0.000041  0.000071  -0.000041  1.000000  0.000033  -0.000071  -0.000033  1.000000  0.999996  0.001480  0.002458  -0.001482  0.999998  0.000952  -0.002457  -0.000956  0.999997  0.000069  0.007089  
87.932205 0.002924  0.092785  -0.007045  0.998519  0.054031  -0.006358  -0.053704  0.997606  0.043573  0.008697  -0.043167  0.999030  0.001088  -0.002715  -0.003589  0.108285  -0.002237  0.269931  2.000000  0.999995  0.001684  0.002825  -0.001688  0.999998  0.001110  -0.002823  -0.001115  0.999995  0.999977  0.006793  0.000160  -0.006793  0.999974  0.002484  -0.000143  -0.002485  0.999997  1.000000  0.000041  0.000074  -0.000041  1.000000  0.000031  -0.000074  -0.000031  1.000000  0.999995  0.001684  0.002825  -0.001688  0.999998  0.001110  -0.002823  -0.001115  0.999995  0.000073  0.007235  
87.933452 0.002927  0.092781  -0.007051  0.998509  0.054232  -0.006202  -0.053910  0.997584  0.043809  0.008563  -0.043409  0.999021  0.001150  -0.002892  -0.003802  0.115580  -0.006996  0.274522  2.000000  0.999993  0.001878  0.003188  -0.001882  0.999997  0.001267  -0.003186  -0.001273  0.999994  0.999978  0.006581  0.000286  -0.006582  0.999975  0.002603  -0.000269  -0.002605  0.999997  1.000000  0.000038  0.000073  -0.000038  1.000000  0.000033  -0.000073  -0.000033  1.000000  0.999993  0.001878  0.003188  -0.001882  0.999997  0.001267  -0.003186  -0.001273  0.999994  0.000075  0.007083  
87.934495 0.002928  0.092778  -0.007055  0.998498  0.054439  -0.006187  -0.054116  0.997568  0.043931  0.008563  -0.043530  0.999015  0.001155  -0.003037  -0.003893  0.120489  -0.007349  0.283275  2.000000  0.999992  0.002019  0.003474  -0.002024  0.999997  0.001396  -0.003472  -0.001403  0.999993  0.999980  0.006370  0.000412  -0.006371  0.999976  0.002601  -0.000395  -0.002604  0.999997  1.000000  0.000035  0.000071  -0.000035  1.000000  0.000033  -0.000071  -0.000033  1.000000  0.999992  0.002019  0.003474  -0.002024  0.999997  0.001396  -0.003472  -0.001403  0.999993  0.000077  0.006893  
87.935706 0.002930  0.092774  -0.007059  0.998488  0.054639  -0.006037  -0.054321  0.997552  0.044046  0.008429  -0.043651  0.999011  0.001208  -0.003095  -0.003904  0.123726  -0.012057  0.287957  2.000000  0.999991  0.002150  0.003748  -0.002156  0.999997  0.001526  -0.003745  -0.001535  0.999992  0.999982  0.005953  0.000528  -0.005954  0.999979  0.002597  -0.000513  -0.002600  0.999996  1.000000  0.000032  0.000068  -0.000032  1.000000  0.000032  -0.000068  -0.000032  1.000000  0.999991  0.002150  0.003748  -0.002156  0.999997  0.001526  -0.003745  -0.001535  0.999992  0.000077  0.006516  
87.936954 0.002931  0.092772  -0.007063  0.998488  0.054640  -0.006031  -0.054321  0.997546  0.044167  0.008429  -0.043773  0.999006  0.001256  -0.003168  -0.003942  0.123617  -0.011517  0.274259  2.000000  0.999989  0.002274  0.004015  -0.002280  0.999996  0.001657  -0.004011  -0.001666  0.999991  0.999983  0.005747  0.000520  -0.005748  0.999980  0.002716  -0.000504  -0.002719  0.999996  1.000000  0.000030  0.000065  -0.000030  1.000000  0.000034  -0.000065  -0.000034  1.000000  0.999989  0.002274  0.004015  -0.002280  0.999996  0.001657  -0.004011  -0.001666  0.999991  0.000076  0.006378  
87.937955 0.002932  0.092769  -0.007066  0.998489  0.054634  -0.005897  -0.054321  0.997547  0.044160  0.008295  -0.043773  0.999007  0.001253  -0.003242  -0.003975  0.119498  -0.015702  0.267215  2.000000  0.999988  0.002387  0.004263  -0.002395  0.999996  0.001792  -0.004259  -0.001803  0.999989  0.999986  0.005336  0.000502  -0.005337  0.999982  0.002713  -0.000487  -0.002716  0.999996  1.000000  0.000028  0.000061  -0.000028  1.000000  0.000034  -0.000061  -0.000034  1.000000  0.999988  0.002387  0.004263  -0.002395  0.999996  0.001792  -0.004259  -0.001803  0.999989  0.000074  0.006007  
87.938958 0.002933  0.092766  -0.007069  0.998478  0.054840  -0.005882  -0.054527  0.997530  0.044282  0.008295  -0.043894  0.999002  0.001216  -0.003276  -0.004048  0.120492  -0.015865  0.269435  2.000000  0.999987  0.002490  0.004506  -0.002499  0.999995  0.001926  -0.004501  -0.001937  0.999988  0.999987  0.005124  0.000627  -0.005126  0.999983  0.002711  -0.000613  -0.002714  0.999996  1.000000  0.000025  0.000059  -0.000025  1.000000  0.000034  -0.000059  -0.000034  1.000000  0.999987  0.002490  0.004506  -0.002499  0.999995  0.001926  -0.004501  -0.001937  0.999988  0.000075  0.005831  
87.940204 0.002933  0.092762  -0.007073  0.998478  0.054841  -0.005875  -0.054527  0.997525  0.044403  0.008295  -0.044015  0.998996  0.001118  -0.003303  -0.004072  0.119441  -0.015476  0.260355  2.000000  0.999986  0.002516  0.004565  -0.002525  0.999995  0.001960  -0.004560  -0.001971  0.999988  0.999990  0.004507  0.000600  -0.004509  0.999986  0.002827  -0.000588  -0.002830  0.999996  1.000000  0.000000  0.000000  0.000000  1.000000  0.000000  0.000000  0.000000  1.000000  0.999986  0.002516  0.004565  -0.002525  0.999995  0.001960  -0.004560  -0.001971  0.999988  0.000073  0.000000  
87.941206 0.002932  0.092759  -0.007076  0.998478  0.054841  -0.005868  -0.054527  0.997519  0.044524  0.008295  -0.044136  0.998991  0.001005  -0.003315  -0.004158  0.119402  -0.019674  0.253310  2.000000  0.999986  0.002516  0.004565  -0.002525  0.999995  0.001960  -0.004560  -0.001971  0.999988  0.999991  0.004090  0.000716  -0.004092  0.999988  0.002702  -0.000705  -0.002705  0.999996  1.000000  0.000000  0.000000  0.000000  1.000000  0.000000  0.000000  0.000000  1.000000  0.999986  0.002516  0.004565  -0.002525  0.999995  0.001960  -0.004560  -0.001971  0.999988  0.000070  0.000000  
87.942449 0.002931  0.092754  -0.007082  0.998479  0.054836  -0.005728  -0.054527  0.997514  0.044638  0.008162  -0.044257  0.998987  0.000816  -0.003322  -0.004174  0.116192  -0.023789  0.241411  2.000000  0.999986  0.002516  0.004565  -0.002525  0.999995  0.001960  -0.004560  -0.001971  0.999988  0.999993  0.003672  0.000832  -0.003675  0.999990  0.002698  -0.000822  -0.002702  0.999996  1.000000  0.000000  0.000000  0.000000  1.000000  0.000000  0.000000  0.000000  1.000000  0.999986  0.002516  0.004565  -0.002525  0.999995  0.001960  -0.004560  -0.001971  0.999988  0.000068  0.000000  
87.943704 0.002929  0.092750  -0.007088  0.998479  0.054837  -0.005721  -0.054527  0.997509  0.044759  0.008162  -0.044379  0.998981  0.000608  -0.003280  -0.004166  0.116085  -0.027720  0.227375  2.000000  0.999986  0.002516  0.004565  -0.002525  0.999995  0.001960  -0.004560  -0.001971  0.999988  0.999994  0.003261  0.000815  -0.003263  0.999991  0.002816  -0.000805  -0.002819  0.999996  1.000000  0.000000  0.000000  0.000000  1.000000  0.000000  0.000000  0.000000  1.000000  0.999986  0.002516  0.004565  -0.002525  0.999995  0.001960  -0.004560  -0.001971  0.999988  0.000066  0.000000  
87.944954 0.002927  0.092745  -0.007095  0.998479  0.054837  -0.005715  -0.054527  0.997503  0.044880  0.008162  -0.044500  0.998976  0.000406  -0.003211  -0.004116  0.115905  -0.026858  0.206622  2.000000  0.999986  0.002516  0.004565  -0.002525  0.999995  0.001960  -0.004560  -0.001971  0.999988  0.999996  0.002849  0.000797  -0.002852  0.999992  0.002692  -0.000789  -0.002694  0.999996  1.000000  0.000000  0.000000  0.000000  1.000000  0.000000  0.000000  0.000000  1.000000  0.999986  0.002516  0.004565  -0.002525  0.999995  0.001960  -0.004560  -0.001971  0.999988  0.000061  0.000000  
87.946201 0.002925  0.092741  -0.007100  0.998479  0.054839  -0.005702  -0.054527  0.997492  0.045122  0.008162  -0.044742  0.998965  0.000161  -0.003164  -0.004057  0.122925  -0.026073  0.191211  2.000000  0.999986  0.002516  0.004565  -0.002525  0.999995  0.001960  -0.004560  -0.001971  0.999988  0.999997  0.002438  0.000779  -0.002440  0.999993  0.002689  -0.000772  -0.002690  0.999996  1.000000  0.000000  0.000000  0.000000  1.000000  0.000000  0.000000  0.000000  1.000000  0.999986  0.002516  0.004565  -0.002525  0.999995  0.001960  -0.004560  -0.001971  0.999988  0.000057  0.000000  
87.947202 0.002923  0.092737  -0.007105  0.998479  0.054839  -0.005695  -0.054527  0.997487  0.045243  0.008162  -0.044863  0.998960  -0.000060  -0.003141  -0.004014  0.126850  -0.025494  0.177492  2.000000  0.999986  0.002516  0.004565  -0.002525  0.999995  0.001960  -0.004560  -0.001971  0.999988  0.999997  0.002232  0.000770  -0.002234  0.999994  0.002687  -0.000764  -0.002689  0.999996  1.000000  0.000000  0.000000  0.000000  1.000000  0.000000  0.000000  0.000000  1.000000  0.999986  0.002516  0.004565  -0.002525  0.999995  0.001960  -0.004560  -0.001971  0.999988  0.000055  0.000000  
87.948452 0.002920  0.092733  -0.007112  0.998480  0.054835  -0.005548  -0.054527  0.997476  0.045477  0.008028  -0.045106  0.998950  -0.000409  -0.003202  -0.004058  0.000000  0.000000  0.000000  2.000000  0.999986  0.002516  0.004565  -0.002525  0.999995  0.001960  -0.004560  -0.001971  0.999988  0.999998  0.001815  0.000885  -0.001817  0.999995  0.002562  -0.000881  -0.002564  0.999996  1.000000  0.000000  0.000000  0.000000  1.000000  0.000000  0.000000  0.000000  1.000000  0.999986  0.002516  0.004565  -0.002525  0.999995  0.001960  -0.004560  -0.001971  0.999988  0.000054  0.000000  
87.949455 0.002918  0.092728  -0.007119  0.998480  0.054836  -0.005541  -0.054527  0.997471  0.045598  0.008028  -0.045227  0.998944  -0.000702  -0.003307  -0.004238  0.000000  0.000000  0.000000  2.000000  0.999986  0.002516  0.004565  -0.002525  0.999995  0.001960  -0.004560  -0.001971  0.999988  0.999999  0.001409  0.000733  -0.001411  0.999996  0.002437  -0.000730  -0.002439  0.999997  1.000000  0.000000  0.000000  0.000000  1.000000  0.000000  0.000000  0.000000  1.000000  0.999986  0.002516  0.004565  -0.002525  0.999995  0.001960  -0.004560  -0.001971  0.999988  0.000000  0.000000  
87.950500 0.002915  0.092724  -0.007125  0.998480  0.054836  -0.005535  -0.054527  0.997465  0.045719  0.008028  -0.045348  0.998939  -0.000982  -0.003391  -0.004447  0.000000  0.000000  0.000000  2.000000  0.999986  0.002516  0.004565  -0.002525  0.999995  0.001960  -0.004560  -0.001971  0.999988  0.999999  0.001204  0.000724  -0.001205  0.999996  0.002557  -0.000721  -0.002558  0.999996  1.000000  0.000000  0.000000  0.000000  1.000000  0.000000  0.000000  0.000000  1.000000  0.999986  0.002516  0.004565  -0.002525  0.999995  0.001960  -0.004560  -0.001971  0.999988  0.000000  0.000000  
87.951700 0.002911  0.092719  -0.007134  0.998481  0.054831  -0.005395  -0.054527  0.997460  0.045833  0.007894  -0.045469  0.998935  -0.001318  -0.003561  -0.004800  0.000000  0.000000  0.000000  2.000000  0.999986  0.002516  0.004565  -0.002525  0.999995  0.001960  -0.004560  -0.001971  0.999988  0.999999  0.000992  0.000849  -0.000994  0.999997  0.002434  -0.000846  -0.002435  0.999997  1.000000  0.000000  0.000000  0.000000  1.000000  0.000000  0.000000  0.000000  1.000000  0.999986  0.002516  0.004565  -0.002525  0.999995  0.001960  -0.004560  -0.001971  0.999988  0.000000  0.000000  
87.952702 0.002908  0.092715  -0.007141  0.998481  0.054831  -0.005388  -0.054527  0.997454  0.045954  0.007894  -0.045590  0.998929  -0.001579  -0.003643  -0.005078  0.000000  0.000000  0.000000  2.000000  0.999986  0.002516  0.004565  -0.002525  0.999995  0.001960  -0.004560  -0.001971  0.999988  0.999999  0.000786  0.000840  -0.000788  0.999997  0.002432  -0.000838  -0.002433  0.999997  1.000000  0.000000  0.000000  0.000000  1.000000  0.000000  0.000000  0.000000  1.000000  0.999986  0.002516  0.004565  -0.002525  0.999995  0.001960  -0.004560  -0.001971  0.999988  0.000000  0.000000  
87.953710 0.002905  0.092711  -0.007149  0.998481  0.054832  -0.005381  -0.054527  0.997449  0.046075  0.007894  -0.045712  0.998923  -0.001892  -0.003762  -0.005422  0.000000  0.000000  0.000000  2.000000  0.999986  0.002516  0.004565  -0.002525  0.999995  0.001960  -0.004560  -0.001971  0.999988  1.000000  0.000586  0.000697  -0.000588  0.999997  0.002431  -0.000695  -0.002431  0.999997  1.000000  0.000000  0.000000  0.000000  1.000000  0.000000  0.000000  0.000000  1.000000  0.999986  0.002516  0.004565  -0.002525  0.999995  0.001960  -0.004560  -0.001971  0.999988  0.000000  0.000000  
87.954952 0.002900  0.092705  -0.007156  0.998481  0.054833  -0.005368  -0.054527  0.997437  0.046317  0.007894  -0.045954  0.998912  -0.002171  -0.003843  -0.005673  0.000000  0.000000  0.000000  2.000000  0.999986  0.002516  0.004565  -0.002525  0.999995  0.001960  -0.004560  -0.001971  0.999988  1.000000  0.000381  0.000687  -0.000382  0.999997  0.002308  -0.000686  -0.002308  0.999997  1.000000  0.000000  0.000000  0.000000  1.000000  0.000000  0.000000  0.000000  1.000000  0.999986  0.002516  0.004565  -0.002525  0.999995  0.001960  -0.004560  -0.001971  0.999988  0.000000  0.000000  
87.955952 0.002897  0.092701  -0.007163  0.998481  0.054833  -0.005368  -0.054527  0.997437  0.046317  0.007894  -0.045954  0.998912  -0.002412  -0.003920  -0.005893  0.000000  0.000000  0.000000  2.000000  0.999986  0.002516  0.004565  -0.002525  0.999995  0.001960  -0.004560  -0.001971  0.999988  1.000000  0.000387  0.000554  -0.000388  0.999997  0.002308  -0.000553  -0.002308  0.999997  1.000000  0.000000  0.000000  0.000000  1.000000  0.000000  0.000000  0.000000  1.000000  0.999986  0.002516  0.004565  -0.002525  0.999995  0.001960  -0.004560  -0.001971  0.999988  0.000000  0.000000  
87.957207 0.002892  0.092696  -0.007171  0.998481  0.054835  -0.005355  -0.054527  0.997426  0.046559  0.007894  -0.046196  0.998901  -0.002676  -0.003987  -0.006041  0.000000  0.000000  0.000000  2.000000  0.999986  0.002516  0.004565  -0.002525  0.999995  0.001960  -0.004560  -0.001971  0.999988  1.000000  0.000181  0.000544  -0.000182  0.999997  0.002306  -0.000544  -0.002306  0.999997  1.000000  0.000000  0.000000  0.000000  1.000000  0.000000  0.000000  0.000000  1.000000  0.999986  0.002516  0.004565  -0.002525  0.999995  0.001960  -0.004560  -0.001971  0.999988  0.000000  0.000000  
87.958212 0.002887  0.092691  -0.007177  0.998481  0.054835  -0.005348  -0.054527  0.997421  0.046680  0.007894  -0.046317  0.998896  -0.002846  -0.004018  -0.006078  0.000000  0.000000  0.000000  2.000000  0.999986  0.002516  0.004565  -0.002525  0.999995  0.001960  -0.004560  -0.001971  0.999988  1.000000  0.000187  0.000410  -0.000188  0.999997  0.002428  -0.000410  -0.002428  0.999997  1.000000  0.000000  0.000000  0.000000  1.000000  0.000000  0.000000  0.000000  1.000000  0.999986  0.002516  0.004565  -0.002525  0.999995  0.001960  -0.004560  -0.001971  0.999988  0.000000  0.000000  
87.959457 0.002883  0.092687  -0.007183  0.998481  0.054836  -0.005341  -0.054527  0.997415  0.046801  0.007894  -0.046439  0.998890  -0.003059  -0.004001  -0.006072  0.000000  0.000000  0.000000  2.000000  0.999986  0.002516  0.004565  -0.002525  0.999995  0.001960  -0.004560  -0.001971  0.999988  1.000000  -0.000019  0.000401  0.000018  0.999997  0.002426  -0.000401  -0.002426  0.999997  1.000000  0.000000  0.000000  0.000000  1.000000  0.000000  0.000000  0.000000  1.000000  0.999986  0.002516  0.004565  -0.002525  0.999995  0.001960  -0.004560  -0.001971  0.999988  0.000000  0.000000  
87.960701 0.002878  0.092683  -0.007188  0.998481  0.054837  -0.005335  -0.054527  0.997409  0.046922  0.007894  -0.046560  0.998884  -0.003216  -0.003971  -0.006041  0.000000  0.000000  0.000000  2.000000  0.999986  0.002516  0.004565  -0.002525  0.999995  0.001960  -0.004560  -0.001971  0.999988  1.000000  -0.000019  0.000401  0.000018  0.999997  0.002547  -0.000401  -0.002547  0.999997  1.000000  0.000000  0.000000  0.000000  1.000000  0.000000  0.000000  0.000000  1.000000  0.999986  0.002516  0.004565  -0.002525  0.999995  0.001960  -0.004560  -0.001971  0.999988  0.000000  0.000000  
87.961703 0.002874  0.092680  -0.007193  0.998481  0.054837  -0.005328  -0.054527  0.997404  0.047043  0.007894  -0.046681  0.998879  -0.003417  -0.004006  -0.006039  0.000000  0.000000  0.000000  2.000000  0.999986  0.002516  0.004565  -0.002525  0.999995  0.001960  -0.004560  -0.001971  0.999988  1.000000  -0.000019  0.000401  0.000018  0.999997  0.002426  -0.000401  -0.002426  0.999997  1.000000  0.000000  0.000000  0.000000  1.000000  0.000000  0.000000  0.000000  1.000000  0.999986  0.002516  0.004565  -0.002525  0.999995  0.001960  -0.004560  -0.001971  0.999988  0.000000  0.000000  
87.962704 0.002870  0.092676  -0.007198  0.998481  0.054837  -0.005328  -0.054527  0.997404  0.047043  0.007894  -0.046681  0.998879  -0.003506  -0.003938  -0.006033  0.000000  0.000000  0.000000  2.000000  0.999986  0.002516  0.004565  -0.002525  0.999995  0.001960  -0.004560  -0.001971  0.999988  1.000000  -0.000012  0.000267  0.000012  0.999997  0.002547  -0.000267  -0.002547  0.999997  1.000000  0.000000  0.000000  0.000000  1.000000  0.000000  0.000000  0.000000  1.000000  0.999986  0.002516  0.004565  -0.002525  0.999995  0.001960  -0.004560  -0.001971  0.999988  0.000000  0.000000  
87.963705 0.002866  0.092673  -0.007204  0.998481  0.054838  -0.005322  -0.054527  0.997398  0.047164  0.007894  -0.046802  0.998873  -0.003576  -0.003910  -0.006000  0.000000  0.000000  0.000000  2.000000  0.999986  0.002516  0.004565  -0.002525  0.999995  0.001960  -0.004560  -0.001971  0.999988  1.000000  -0.000013  0.000267  0.000012  0.999997  0.002547  -0.000267  -0.002547  0.999997  1.000000  0.000000  0.000000  0.000000  1.000000  0.000000  0.000000  0.000000  1.000000  0.999986  0.002516  0.004565  -0.002525  0.999995  0.001960  -0.004560  -0.001971  0.999988  0.000000  0.000000  
87.964953 0.002861  0.092668  -0.007211  0.998481  0.054839  -0.005315  -0.054527  0.997392  0.047285  0.007894  -0.046923  0.998867  -0.003669  -0.003860  -0.005947  0.000000  0.000000  0.000000  2.000000  0.999986  0.002516  0.004565  -0.002525  0.999995  0.001960  -0.004560  -0.001971  0.999988  1.000000  -0.000013  0.000267  0.000012  0.999997  0.002426  -0.000267  -0.002426  0.999997  1.000000  0.000000  0.000000  0.000000  1.000000  0.000000  0.000000  0.000000  1.000000  0.999986  0.002516  0.004565  -0.002525  0.999995  0.001960  -0.004560  -0.001971  0.999988  0.000000  0.000000  
87.966205 0.002857  0.092664  -0.007220  0.998481  0.054839  -0.005308  -0.054527  0.997386  0.047406  0.007894  -0.047044  0.998862  -0.003714  -0.003815  -0.005976  0.000000  0.000000  0.000000  2.000000  0.999986  0.002516  0.004565  -0.002525  0.999995  0.001960  -0.004560  -0.001971  0.999988  1.000000  -0.000013  0.000267  0.000012  0.999997  0.002426  -0.000267  -0.002426  0.999997  1.000000  0.000000  0.000000  0.000000  1.000000  0.000000  0.000000  0.000000  1.000000  0.999986  0.002516  0.004565  -0.002525  0.999995  0.001960  -0.004560  -0.001971  0.999988  0.000000  0.000000  
87.967206 0.002854  0.092660  -0.007227  0.998481  0.054840  -0.005302  -0.054527  0.997381  0.047527  0.007894  -0.047166  0.998856  -0.003734  -0.003803  -0.005901  0.000000  0.000000  0.000000  2.000000  0.999986  0.002516  0.004565  -0.002525  0.999995  0.001960  -0.004560  -0.001971  0.999988  1.000000  -0.000013  0.000267  0.000012  0.999997  0.002426  -0.000267  -0.002426  0.999997  1.000000  0.000000  0.000000  0.000000  1.000000  0.000000  0.000000  0.000000  1.000000  0.999986  0.002516  0.004565  -0.002525  0.999995  0.001960  -0.004560  -0.001971  0.999988  0.000000  0.000000  
87.968453 0.002850  0.092655  -0.007235  0.998481  0.054841  -0.005295  -0.054527  0.997375  0.047648  0.007894  -0.047287  0.998850  -0.003734  -0.003803  -0.005901  0.000000  0.000000  0.000000  2.000000  0.999986  0.002516  0.004565  -0.002525  0.999995  0.001960  -0.004560  -0.001971  0.999988  1.000000  -0.000013  0.000267  0.000012  0.999997  0.002305  -0.000267  -0.002305  0.999997  1.000000  0.000000  0.000000  0.000000  1.000000  0.000000  0.000000  0.000000  1.000000  0.999986  0.002516  0.004565  -0.002525  0.999995  0.001960  -0.004560  -0.001971  0.999988  0.000000  0.000000  
87.969702 0.002847  0.092651  -0.007242  0.998482  0.054835  -0.005155  -0.054527  0.997369  0.047761  0.007760  -0.047408  0.998845  -0.003650  -0.003743  -0.005801  0.000000  0.000000  0.000000  2.000000  0.999986  0.002516  0.004565  -0.002525  0.999995  0.001960  -0.004560  -0.001971  0.999988  1.000000  -0.000006  0.000134  0.000006  0.999997  0.002305  -0.000134  -0.002305  0.999997  1.000000  0.000000  0.000000  0.000000  1.000000  0.000000  0.000000  0.000000  1.000000  0.999986  0.002516  0.004565  -0.002525  0.999995  0.001960  -0.004560  -0.001971  0.999988  0.000000  0.000000  
87.970706 0.002844  0.092646  -0.007249  0.998482  0.054835  -0.005148  -0.054527  0.997364  0.047882  0.007760  -0.047529  0.998840  -0.003562  -0.003738  -0.005776  0.000000  0.000000  0.000000  2.000000  0.999986  0.002516  0.004565  -0.002525  0.999995  0.001960  -0.004560  -0.001971  0.999988  1.000000  -0.000013  0.000267  0.000012  0.999997  0.002305  -0.000267  -0.002305  0.999997  1.000000  0.000000  0.000000  0.000000  1.000000  0.000000  0.000000  0.000000  1.000000  0.999986  0.002516  0.004565  -0.002525  0.999995  0.001960  -0.004560  -0.001971  0.999988  0.000000  0.000000  
87.971953 0.002842  0.092641  -0.007256  0.998482  0.054836  -0.005142  -0.054527  0.997358  0.048003  0.007760  -0.047650  0.998834  -0.003373  -0.003685  -0.005743  0.000000  0.000000  0.000000  2.000000  0.999986  0.002516  0.004565  -0.002525  0.999995  0.001960  -0.004560  -0.001971  0.999988  1.000000  -0.000006  0.000134  0.000006  0.999998  0.002062  -0.000134  -0.002062  0.999998  1.000000  0.000000  0.000000  0.000000  1.000000  0.000000  0.000000  0.000000  1.000000  0.999986  0.002516  0.004565  -0.002525  0.999995  0.001960  -0.004560  -0.001971  0.999988  0.000000  0.000000  
87.972955 0.002841  0.092637  -0.007261  0.998482  0.054836  -0.005142  -0.054527  0.997358  0.048003  0.007760  -0.047650  0.998834  -0.003182  -0.003679  -0.005729  0.000000  0.000000  0.000000  2.000000  0.999986  0.002516  0.004565  -0.002525  0.999995  0.001960  -0.004560  -0.001971  0.999988  1.000000  -0.000006  0.000134  0.000006  0.999998  0.002062  -0.000134  -0.002062  0.999998  1.000000  0.000000  0.000000  0.000000  1.000000  0.000000  0.000000  0.000000  1.000000  0.999986  0.002516  0.004565  -0.002525  0.999995  0.001960  -0.004560  -0.001971  0.999988  0.000000  0.000000  
87.974210 0.002838  0.092631  -0.007269  0.998483  0.054830  -0.005001  -0.054527  0.997352  0.048117  0.007626  -0.047771  0.998829  -0.002996  -0.003778  -0.005832  0.000000  0.000000  0.000000  2.000000  0.999986  0.002516  0.004565  -0.002525  0.999995  0.001960  -0.004560  -0.001971  0.999988  1.000000  -0.000006  0.000134  0.000006  0.999998  0.002062  -0.000134  -0.002062  0.999998  1.000000  0.000000  0.000000  0.000000  1.000000  0.000000  0.000000  0.000000  1.000000  0.999986  0.002516  0.004565  -0.002525  0.999995  0.001960  -0.004560  -0.001971  0.999988  0.000000  0.000000  
87.975457 0.002837  0.092627  -0.007276  0.998472  0.055036  -0.004985  -0.054733  0.997335  0.048239  0.007626  -0.047893  0.998823  -0.002759  -0.003803  -0.005908  0.000000  0.000000  0.000000  2.000000  0.999986  0.002516  0.004565  -0.002525  0.999995  0.001960  -0.004560  -0.001971  0.999988  1.000000  0.000193  0.000277  -0.000193  0.999998  0.002064  -0.000277  -0.002064  0.999998  1.000000  0.000000  0.000000  0.000000  1.000000  0.000000  0.000000  0.000000  1.000000  0.999986  0.002516  0.004565  -0.002525  0.999995  0.001960  -0.004560  -0.001971  0.999988  0.000000  0.000000  
87.976707 0.002835  0.092621  -0.007283  0.998472  0.055037  -0.004978  -0.054733  0.997329  0.048360  0.007626  -0.048014  0.998818  -0.002546  -0.003879  -0.006000  0.000000  0.000000  0.000000  2.000000  0.999986  0.002516  0.004565  -0.002525  0.999995  0.001960  -0.004560  -0.001971  0.999988  1.000000  0.000193  0.000277  -0.000193  0.999998  0.002064  -0.000277  -0.002064  0.999998  1.000000  0.000000  0.000000  0.000000  1.000000  0.000000  0.000000  0.000000  1.000000  0.999986  0.002516  0.004565  -0.002525  0.999995  0.001960  -0.004560  -0.001971  0.999988  0.000000  0.000000  
87.977953 0.002834  0.092617  -0.007289  0.998471  0.055044  -0.005105  -0.054733  0.997323  0.048488  0.007760  -0.048135  0.998811  -0.002300  -0.003866  -0.005995  0.000000  0.000000  0.000000  2.000000  0.999986  0.002516  0.004565  -0.002525  0.999995  0.001960  -0.004560  -0.001971  0.999988  1.000000  0.000199  0.000144  -0.000199  0.999998  0.001942  -0.000143  -0.001942  0.999998  1.000000  0.000000  0.000000  0.000000  1.000000  0.000000  0.000000  0.000000  1.000000  0.999986  0.002516  0.004565  -0.002525  0.999995  0.001960  -0.004560  -0.001971  0.999988  0.000000  0.000000  
87.979289 0.002833  0.092613  -0.007296  0.998471  0.055044  -0.005105  -0.054733  0.997323  0.048488  0.007760  -0.048135  0.998811  -0.002041  -0.003864  -0.005934  0.000000  0.000000  0.000000  2.000000  0.999986  0.002516  0.004565  -0.002525  0.999995  0.001960  -0.004560  -0.001971  0.999988  1.000000  0.000199  0.000144  -0.000199  0.999998  0.001821  -0.000143  -0.001821  0.999998  1.000000  0.000000  0.000000  0.000000  1.000000  0.000000  0.000000  0.000000  1.000000  0.999986  0.002516  0.004565  -0.002525  0.999995  0.001960  -0.004560  -0.001971  0.999988  0.000000  0.000000  
