1-Time 2-Px 3-Py 4-Pz 5-R11 6-R21 7-R31 8-R12 9-R22 10-R32 11-R13 12-R23 13-R33 14-Vx 15-Vy 16-Vz 17-Wx 18-Wy 19-Wz 20-state 21-PR11 22-PR21 23-PR31 24-PR12 25-PR22 26-PR32 27-PR13 28-PR23 29-PR33 
214.927644 0.002177  0.092054  -0.007209  0.998800  0.047196  -0.013080  -0.046917  0.998680  0.020892  0.014048  -0.020253  0.999696  0.001039  0.001041  0.000903  0.000000  0.000000  0.000000  2.000000  1.000000  0.000000  0.000000  -0.000000  1.000000  0.000000  0.000000  -0.000000  1.000000  1.000000  -0.000206  -0.000004  0.000206  1.000000  0.000118  0.000004  -0.000118  1.000000  1.000000  0.000000  0.000000  0.000000  1.000000  0.000000  0.000000  0.000000  1.000000  0.731448  0.342148  0.589846  -0.333572  0.933979  -0.128116  -0.594738  -0.103046  0.797288  0.000000  0.000000  
214.928667 0.002178  0.092055  -0.007208  0.998800  0.047196  -0.013080  -0.046917  0.998680  0.020892  0.014048  -0.020253  0.999696  0.001027  0.000987  0.000858  0.000000  0.000000  0.000000  2.000000  1.000000  0.000000  0.000000  0.000000  1.000000  0.000000  0.000000  0.000000  1.000000  1.000000  -0.000206  -0.000004  0.000206  1.000000  0.000118  0.000004  -0.000118  1.000000  1.000000  0.000000  0.000000  0.000000  1.000000  0.000000  0.000000  0.000000  1.000000  1.000000  0.000000  0.000000  0.000000  1.000000  0.000000  0.000000  0.000000  1.000000  0.000000  0.000000  
214.929899 0.002178  0.092054  -0.007210  0.998790  0.047402  -0.013075  -0.047122  0.998671  0.020895  0.014048  -0.020253  0.999696  0.000972  0.000825  0.000665  0.000000  0.000000  0.000000  2.000000  1.000000  0.000000  0.000000  0.000000  1.000000  0.000000  0.000000  0.000000  1.000000  1.000000  0.000000  0.000000  -0.000000  1.000000  0.000000  -0.000000  0.000000  1.000000  1.000000  0.000000  0.000000  0.000000  1.000000  0.000000  0.000000  0.000000  1.000000  1.000000  0.000000  0.000000  0.000000  1.000000  0.000000  0.000000  0.000000  1.000000  0.000000  0.000000  
214.930902 0.002179  0.092053  -0.007212  0.998781  0.047607  -0.013071  -0.047328  0.998661  0.020897  0.014048  -0.020253  0.999696  0.000959  0.000684  0.000456  0.000000  0.000000  0.000000  2.000000  1.000000  0.000000  0.000000  0.000000  1.000000  0.000000  0.000000  0.000000  1.000000  1.000000  0.000206  0.000004  -0.000206  1.000000  0.000003  -0.000004  -0.000003  1.000000  1.000000  0.000000  0.000000  0.000000  1.000000  0.000000  0.000000  0.000000  1.000000  1.000000  0.000000  0.000000  0.000000  1.000000  0.000000  0.000000  0.000000  1.000000  0.000000  0.000000  
214.932149 0.002179  0.092050  -0.007215  0.998761  0.048020  -0.013057  -0.047739  0.998639  0.021024  0.014048  -0.020374  0.999694  0.000888  0.000440  0.000225  0.000000  0.000000  0.000000  2.000000  1.000000  0.000000  0.000000  0.000000  1.000000  0.000000  0.000000  0.000000  1.000000  1.000000  0.000617  0.000013  -0.000617  1.000000  0.000130  -0.000013  -0.000130  1.000000  1.000000  0.000000  0.000000  0.000000  1.000000  0.000000  0.000000  0.000000  1.000000  1.000000  0.000000  0.000000  0.000000  1.000000  0.000000  0.000000  0.000000  1.000000  0.000000  0.000000  
214.933399 0.002181  0.092048  -0.007218  0.998749  0.048230  -0.013180  -0.047945  0.998626  0.021154  0.014182  -0.020496  0.999689  0.000888  0.000176  -0.000093  0.000000  0.000000  0.000000  2.000000  1.000000  0.000000  0.000000  0.000000  1.000000  0.000000  0.000000  0.000000  1.000000  1.000000  0.000826  -0.000117  -0.000826  1.000000  0.000254  0.000117  -0.000254  1.000000  1.000000  0.000000  0.000000  0.000000  1.000000  0.000000  0.000000  0.000000  1.000000  1.000000  0.000000  0.000000  0.000000  1.000000  0.000000  0.000000  0.000000  1.000000  0.000000  0.000000  
214.934650 0.002182  0.092046  -0.007221  0.998739  0.048437  -0.013170  -0.048150  0.998613  0.021278  0.014182  -0.020617  0.999687  0.000871  -0.000040  -0.000335  0.000000  0.000000  0.000000  2.000000  1.000000  0.000000  0.000000  0.000000  1.000000  0.000000  0.000000  0.000000  1.000000  0.999999  0.001032  -0.000113  -0.001032  0.999999  0.000257  0.000113  -0.000257  1.000000  1.000000  0.000000  0.000000  0.000000  1.000000  0.000000  0.000000  0.000000  1.000000  1.000000  0.000000  0.000000  0.000000  1.000000  0.000000  0.000000  0.000000  1.000000  0.000000  0.000000  
214.935661 0.002183  0.092045  -0.007222  0.998728  0.048645  -0.013299  -0.048356  0.998603  0.021287  0.014316  -0.020617  0.999685  0.000896  -0.000176  -0.000515  0.000000  0.000000  0.000000  2.000000  1.000000  0.000000  0.000000  0.000000  1.000000  0.000000  0.000000  0.000000  1.000000  0.999999  0.001240  -0.000242  -0.001240  0.999999  0.000382  0.000243  -0.000381  1.000000  1.000000  0.000000  0.000000  0.000000  1.000000  0.000000  0.000000  0.000000  1.000000  1.000000  0.000000  0.000000  0.000000  1.000000  0.000000  0.000000  0.000000  1.000000  0.000000  0.000000  
214.936910 0.002183  0.092043  -0.007225  0.998696  0.049267  -0.013413  -0.048973  0.998570  0.021423  0.014450  -0.020738  0.999681  0.000822  -0.000369  -0.000762  0.000000  0.000000  0.000000  2.000000  1.000000  0.000000  0.000000  0.000000  1.000000  0.000000  0.000000  0.000000  1.000000  0.999999  0.001655  -0.000367  -0.001655  0.999999  0.000509  0.000368  -0.000508  1.000000  1.000000  0.000000  0.000000  0.000000  1.000000  0.000000  0.000000  0.000000  1.000000  1.000000  0.000000  0.000000  0.000000  1.000000  0.000000  0.000000  0.000000  1.000000  0.000000  0.000000  
214.938154 0.002184  0.092041  -0.007228  0.998675  0.049678  -0.013405  -0.049384  0.998550  0.021428  0.014450  -0.020738  0.999681  0.000781  -0.000591  -0.001068  0.000000  0.000000  0.000000  2.000000  1.000000  0.000000  0.000000  0.000000  1.000000  0.000000  0.000000  0.000000  1.000000  0.999998  0.002066  -0.000359  -0.002066  0.999998  0.000515  0.000360  -0.000514  1.000000  1.000000  0.000000  0.000000  0.000000  1.000000  0.000000  0.000000  0.000000  1.000000  1.000000  0.000000  0.000000  0.000000  1.000000  0.000000  0.000000  0.000000  1.000000  0.000000  0.000000  
214.939404 0.002184  0.092040  -0.007232  0.998653  0.050092  -0.013529  -0.049795  0.998529  0.021441  0.014584  -0.020738  0.999679  0.000681  -0.000791  -0.001379  0.000000  0.000000  0.000000  2.000000  1.000000  0.000000  0.000000  0.000000  1.000000  0.000000  0.000000  0.000000  1.000000  0.999996  0.002892  -0.000475  -0.002892  0.999996  0.000527  0.000477  -0.000526  1.000000  1.000000  0.000000  0.000000  0.000000  1.000000  0.000000  0.000000  0.000000  1.000000  1.000000  0.000000  0.000000  0.000000  1.000000  0.000000  0.000000  0.000000  1.000000  0.000000  0.000000  
214.940648 0.002184  0.092039  -0.007236  0.998632  0.050503  -0.013521  -0.050206  0.998509  0.021446  0.014584  -0.020738  0.999679  0.000630  -0.000948  -0.001748  0.000000  0.000000  0.000000  2.000000  1.000000  0.000000  0.000000  0.000000  1.000000  0.000000  0.000000  0.000000  1.000000  0.999994  0.003304  -0.000467  -0.003304  0.999994  0.000533  0.000468  -0.000532  1.000000  1.000000  0.000000  0.000000  0.000000  1.000000  0.000000  0.000000  0.000000  1.000000  1.000000  0.000000  0.000000  0.000000  1.000000  0.000000  0.000000  0.000000  1.000000  0.000000  0.000000  
214.941651 0.002185  0.092038  -0.007239  0.998610  0.050917  -0.013645  -0.050617  0.998488  0.021459  0.014717  -0.020738  0.999677  0.000609  -0.001066  -0.001966  0.000000  0.000000  0.000000  2.000000  1.000000  0.000000  0.000000  0.000000  1.000000  0.000000  0.000000  0.000000  1.000000  0.999994  0.003513  -0.000596  -0.003512  0.999994  0.000537  0.000598  -0.000534  1.000000  1.000000  0.000000  0.000000  0.000000  1.000000  0.000000  0.000000  0.000000  1.000000  1.000000  0.000000  0.000000  0.000000  1.000000  0.000000  0.000000  0.000000  1.000000  0.000000  0.000000  
214.942905 0.002185  0.092037  -0.007243  0.998589  0.051328  -0.013637  -0.051028  0.998467  0.021464  0.014717  -0.020738  0.999677  0.000545  -0.001219  -0.002301  0.000000  0.000000  0.000000  2.000000  1.000000  0.000000  0.000000  0.000000  1.000000  0.000000  0.000000  0.000000  1.000000  0.999992  0.003924  -0.000588  -0.003924  0.999992  0.000543  0.000590  -0.000540  1.000000  1.000000  0.000000  0.000000  0.000000  1.000000  0.000000  0.000000  0.000000  1.000000  1.000000  0.000000  0.000000  0.000000  1.000000  0.000000  0.000000  0.000000  1.000000  0.000000  0.000000  
214.944153 0.002185  0.092035  -0.007247  0.998566  0.051742  -0.013761  -0.051439  0.998445  0.021477  0.014851  -0.020738  0.999675  0.000486  -0.001341  -0.002549  0.000000  0.000000  0.000000  2.000000  1.000000  0.000000  0.000000  0.000000  1.000000  0.000000  0.000000  0.000000  1.000000  0.999990  0.004339  -0.000713  -0.004338  0.999990  0.000549  0.000715  -0.000546  1.000000  1.000000  0.000000  0.000000  0.000000  1.000000  0.000000  0.000000  0.000000  1.000000  1.000000  0.000000  0.000000  0.000000  1.000000  0.000000  0.000000  0.000000  1.000000  0.000000  0.000000  
214.945399 0.002185  0.092032  -0.007251  0.998542  0.052155  -0.013886  -0.051850  0.998424  0.021489  0.014985  -0.020738  0.999673  0.000425  -0.001407  -0.002666  0.000000  0.000000  0.000000  2.000000  1.000000  0.000000  0.000000  0.000000  1.000000  0.000000  0.000000  0.000000  1.000000  0.999988  0.004753  -0.000838  -0.004752  0.999989  0.000556  0.000841  -0.000552  0.999999  1.000000  0.000000  0.000000  0.000000  1.000000  0.000000  0.000000  0.000000  1.000000  1.000000  0.000000  0.000000  0.000000  1.000000  0.000000  0.000000  0.000000  1.000000  0.000000  0.000000  
214.946405 0.002185  0.092030  -0.007254  0.998532  0.052363  -0.013875  -0.052056  0.998410  0.021613  0.014985  -0.020859  0.999670  0.000386  -0.001411  -0.002748  0.000000  0.000000  0.000000  2.000000  1.000000  0.000041  0.000051  -0.000041  1.000000  0.000007  -0.000051  -0.000007  1.000000  0.999986  0.005165  -0.000829  -0.005164  0.999987  0.000562  0.000832  -0.000558  0.999999  1.000000  0.000041  0.000051  -0.000041  1.000000  0.000007  -0.000051  -0.000007  1.000000  1.000000  0.000041  0.000051  -0.000041  1.000000  0.000007  -0.000051  -0.000007  1.000000  0.000000  0.005261  
214.947650 0.002185  0.092028  -0.007258  0.998519  0.052571  -0.014004  -0.052261  0.998399  0.021623  0.015119  -0.020859  0.999668  0.000302  -0.001469  -0.002794  0.022902  0.032405  0.173629  2.000000  1.000000  0.000256  0.000309  -0.000256  1.000000  0.000050  -0.000309  -0.000050  1.000000  0.999985  0.005373  -0.000958  -0.005373  0.999985  0.000687  0.000962  -0.000682  0.999999  1.000000  0.000044  0.000052  -0.000044  1.000000  0.000009  -0.000052  -0.000009  1.000000  1.000000  0.000256  0.000309  -0.000256  1.000000  0.000050  -0.000309  -0.000050  1.000000  0.000045  0.005501  
214.948899 0.002184  0.092024  -0.007262  0.998497  0.052982  -0.013995  -0.052673  0.998378  0.021629  0.015119  -0.020859  0.999668  0.000219  -0.001569  -0.002843  0.023208  0.031984  0.194409  2.000000  1.000000  0.000482  0.000581  -0.000482  1.000000  0.000093  -0.000581  -0.000093  1.000000  0.999983  0.005785  -0.000950  -0.005784  0.999983  0.000693  0.000954  -0.000688  0.999999  1.000000  0.000046  0.000057  -0.000046  1.000000  0.000009  -0.000057  -0.000009  1.000000  1.000000  0.000482  0.000581  -0.000482  1.000000  0.000093  -0.000581  -0.000093  1.000000  0.000048  0.005903  
214.949903 0.002185  0.092021  -0.007265  0.998487  0.053189  -0.013985  -0.052878  0.998364  0.021753  0.015119  -0.020980  0.999666  0.000162  -0.001649  -0.002930  0.027381  0.031824  0.201293  2.000000  0.999999  0.000669  0.000810  -0.000669  1.000000  0.000132  -0.000810  -0.000132  1.000000  0.999983  0.005785  -0.000949  -0.005784  0.999983  0.000815  0.000954  -0.000809  0.999999  1.000000  0.000046  0.000057  -0.000046  1.000000  0.000010  -0.000057  -0.000010  1.000000  0.999999  0.000669  0.000810  -0.000669  1.000000  0.000132  -0.000810  -0.000132  1.000000  0.000051  0.005918  
214.950904 0.002185  0.092018  -0.007269  0.998465  0.053600  -0.013976  -0.053289  0.998342  0.021759  0.015119  -0.020980  0.999666  0.000146  -0.001732  -0.003059  0.027585  0.031541  0.215142  2.000000  0.999999  0.000856  0.001039  -0.000856  1.000000  0.000172  -0.001039  -0.000173  0.999999  0.999983  0.005785  -0.000949  -0.005784  0.999983  0.000815  0.000954  -0.000809  0.999999  1.000000  0.000046  0.000057  -0.000046  1.000000  0.000010  -0.000057  -0.000010  1.000000  0.999999  0.000856  0.001039  -0.000856  1.000000  0.000172  -0.001039  -0.000173  0.999999  0.000053  0.005918  
214.952148 0.002184  0.092014  -0.007276  0.998454  0.053808  -0.013965  -0.053495  0.998328  0.021883  0.015119  -0.021102  0.999663  0.000066  -0.001927  -0.003341  0.031769  0.031392  0.222112  2.000000  0.999999  0.001045  0.001272  -0.001046  0.999999  0.000215  -0.001272  -0.000217  0.999999  0.999982  0.005991  -0.000944  -0.005990  0.999982  0.000818  0.000949  -0.000812  0.999999  1.000000  0.000048  0.000059  -0.000048  1.000000  0.000010  -0.000059  -0.000010  1.000000  0.999999  0.001045  0.001272  -0.001046  0.999999  0.000215  -0.001272  -0.000217  0.999999  0.000057  0.006119  
214.953151 0.002184  0.092010  -0.007281  0.998443  0.054013  -0.013960  -0.053700  0.998317  0.021885  0.015119  -0.021102  0.999663  0.000048  -0.002084  -0.003502  0.031861  0.031240  0.228961  2.000000  0.999998  0.001232  0.001501  -0.001233  0.999999  0.000256  -0.001501  -0.000258  0.999999  0.999983  0.005785  -0.000948  -0.005784  0.999983  0.000815  0.000953  -0.000809  0.999999  1.000000  0.000046  0.000057  -0.000046  1.000000  0.000010  -0.000057  -0.000010  1.000000  0.999998  0.001232  0.001501  -0.001233  0.999999  0.000256  -0.001501  -0.000258  0.999999  0.000057  0.005918  
214.954152 0.002184  0.092007  -0.007287  0.998443  0.054015  -0.013954  -0.053700  0.998315  0.022007  0.015119  -0.021223  0.999660  0.000023  -0.002256  -0.003737  0.035934  0.031224  0.228949  2.000000  0.999997  0.001416  0.001735  -0.001417  0.999999  0.000296  -0.001735  -0.000299  0.999998  0.999983  0.005782  -0.000814  -0.005782  0.999983  0.000815  0.000818  -0.000810  0.999999  1.000000  0.000045  0.000057  -0.000045  1.000000  0.000010  -0.000057  -0.000010  1.000000  0.999997  0.001416  0.001735  -0.001417  0.999999  0.000296  -0.001735  -0.000299  0.999998  0.000058  0.005896  
214.955402 0.002184  0.092002  -0.007294  0.998432  0.054220  -0.013949  -0.053906  0.998303  0.022009  0.015119  -0.021223  0.999660  -0.000006  -0.002468  -0.003945  0.036037  0.031082  0.235877  2.000000  0.999997  0.001641  0.002022  -0.001641  0.999999  0.000345  -0.002022  -0.000348  0.999998  0.999983  0.005782  -0.000814  -0.005782  0.999983  0.000693  0.000818  -0.000689  0.999999  1.000000  0.000045  0.000057  -0.000045  1.000000  0.000009  -0.000057  -0.000009  1.000000  0.999997  0.001641  0.002022  -0.001641  0.999999  0.000345  -0.002022  -0.000348  0.999998  0.000060  0.005880  
214.956653 0.002184  0.091999  -0.007300  0.998420  0.054428  -0.013938  -0.054111  0.998290  0.022133  0.015119  -0.021344  0.999658  -0.000093  -0.002658  -0.004159  0.040209  0.030921  0.242766  2.000000  0.999996  0.001852  0.002303  -0.001853  0.999998  0.000391  -0.002302  -0.000395  0.999997  0.999984  0.005574  -0.000684  -0.005573  0.999984  0.000811  0.000688  -0.000808  0.999999  1.000000  0.000042  0.000056  -0.000042  1.000000  0.000010  -0.000056  -0.000010  1.000000  0.999996  0.001852  0.002303  -0.001853  0.999998  0.000391  -0.002302  -0.000395  0.999997  0.000062  0.005674  
214.957897 0.002183  0.091995  -0.007306  0.998422  0.054425  -0.013804  -0.054112  0.998290  0.022126  0.014985  -0.021344  0.999660  -0.000164  -0.002793  -0.004207  0.039883  0.026222  0.240798  2.000000  0.999995  0.002044  0.002570  -0.002046  0.999998  0.000434  -0.002569  -0.000440  0.999997  0.999987  0.005156  -0.000425  -0.005156  0.999986  0.000683  0.000429  -0.000681  1.000000  1.000000  0.000037  0.000053  -0.000037  1.000000  0.000009  -0.000053  -0.000009  1.000000  0.999995  0.002044  0.002570  -0.002046  0.999998  0.000434  -0.002569  -0.000440  0.999997  0.000062  0.005219  
214.958898 0.002182  0.091993  -0.007310  0.998411  0.054630  -0.013800  -0.054317  0.998278  0.022129  0.014985  -0.021344  0.999660  -0.000210  -0.002862  -0.004263  0.040314  0.026295  0.249711  2.000000  0.999995  0.002044  0.002570  -0.002046  0.999998  0.000434  -0.002569  -0.000440  0.999997  0.999988  0.004951  -0.000429  -0.004950  0.999988  0.000680  0.000433  -0.000678  1.000000  1.000000  0.000000  0.000000  0.000000  1.000000  0.000000  0.000000  0.000000  1.000000  0.999995  0.002044  0.002570  -0.002046  0.999998  0.000434  -0.002569  -0.000440  0.999997  0.000063  0.000000  
214.960152 0.002181  0.091990  -0.007314  0.998411  0.054630  -0.013800  -0.054317  0.998278  0.022129  0.014985  -0.021344  0.999660  -0.000267  -0.002866  -0.004229  0.040112  0.026583  0.235869  2.000000  0.999995  0.002044  0.002570  -0.002046  0.999998  0.000434  -0.002569  -0.000440  0.999997  0.999990  0.004536  -0.000304  -0.004536  0.999989  0.000674  0.000308  -0.000673  1.000000  1.000000  0.000000  0.000000  0.000000  1.000000  0.000000  0.000000  0.000000  1.000000  0.999995  0.002044  0.002570  -0.002046  0.999998  0.000434  -0.002569  -0.000440  0.999997  0.000061  0.000000  
214.961421 0.002180  0.091988  -0.007318  0.998413  0.054627  -0.013666  -0.054317  0.998279  0.022122  0.014851  -0.021344  0.999662  -0.000332  -0.002833  -0.004222  0.035892  0.022199  0.228686  2.000000  0.999995  0.002044  0.002570  -0.002046  0.999998  0.000434  -0.002569  -0.000440  0.999997  0.999991  0.004122  -0.000180  -0.004122  0.999991  0.000667  0.000182  -0.000667  1.000000  1.000000  0.000000  0.000000  0.000000  1.000000  0.000000  0.000000  0.000000  1.000000  0.999995  0.002044  0.002570  -0.002046  0.999998  0.000434  -0.002569  -0.000440  0.999997  0.000058  0.000000  
214.962653 0.002178  0.091986  -0.007321  0.998413  0.054627  -0.013666  -0.054317  0.998279  0.022122  0.014851  -0.021344  0.999662  -0.000449  -0.002792  -0.004237  0.031746  0.017845  0.221777  2.000000  0.999995  0.002044  0.002570  -0.002046  0.999998  0.000434  -0.002569  -0.000440  0.999997  0.999993  0.003707  -0.000055  -0.003707  0.999993  0.000661  0.000057  -0.000661  1.000000  1.000000  0.000000  0.000000  0.000000  1.000000  0.000000  0.000000  0.000000  1.000000  0.999995  0.002044  0.002570  -0.002046  0.999998  0.000434  -0.002569  -0.000440  0.999997  0.000056  0.000000  
214.963901 0.002175  0.091983  -0.007325  0.998415  0.054625  -0.013533  -0.054317  0.998279  0.022114  0.014717  -0.021344  0.999664  -0.000656  -0.002751  -0.004271  0.031378  0.013386  0.213050  2.000000  0.999995  0.002044  0.002570  -0.002046  0.999998  0.000434  -0.002569  -0.000440  0.999997  0.999995  0.003084  0.000200  -0.003084  0.999995  0.000652  -0.000198  -0.000652  1.000000  1.000000  0.000000  0.000000  0.000000  1.000000  0.000000  0.000000  0.000000  1.000000  0.999995  0.002044  0.002570  -0.002046  0.999998  0.000434  -0.002569  -0.000440  0.999997  0.000054  0.000000  
214.965146 0.002172  0.091980  -0.007330  0.998415  0.054625  -0.013533  -0.054317  0.998279  0.022114  0.014717  -0.021344  0.999664  -0.000873  -0.002674  -0.004297  0.027158  0.009205  0.199294  2.000000  0.999995  0.002044  0.002570  -0.002046  0.999998  0.000434  -0.002569  -0.000440  0.999997  0.999996  0.002673  0.000191  -0.002673  0.999996  0.000646  -0.000189  -0.000646  1.000000  1.000000  0.000000  0.000000  0.000000  1.000000  0.000000  0.000000  0.000000  1.000000  0.999995  0.002044  0.002570  -0.002046  0.999998  0.000434  -0.002569  -0.000440  0.999997  0.000051  0.000000  
214.966149 0.002169  0.091978  -0.007335  0.998415  0.054625  -0.013533  -0.054317  0.998279  0.022114  0.014717  -0.021344  0.999664  -0.001080  -0.002596  -0.004276  0.027179  0.009571  0.187088  2.000000  0.999995  0.002044  0.002570  -0.002046  0.999998  0.000434  -0.002569  -0.000440  0.999997  0.999997  0.002464  0.000320  -0.002464  0.999997  0.000643  -0.000319  -0.000644  1.000000  1.000000  0.000000  0.000000  0.000000  1.000000  0.000000  0.000000  0.000000  1.000000  0.999995  0.002044  0.002570  -0.002046  0.999998  0.000434  -0.002569  -0.000440  0.999997  0.000049  0.000000  
214.967153 0.002165  0.091975  -0.007339  0.998417  0.054622  -0.013399  -0.054317  0.998279  0.022107  0.014584  -0.021344  0.999666  -0.001310  -0.002545  -0.004234  0.022808  0.000705  0.178473  2.000000  0.999995  0.002044  0.002570  -0.002046  0.999998  0.000434  -0.002569  -0.000440  0.999997  0.999997  0.002255  0.000450  -0.002255  0.999997  0.000518  -0.000449  -0.000519  1.000000  1.000000  0.000000  0.000000  0.000000  1.000000  0.000000  0.000000  0.000000  1.000000  0.999995  0.002044  0.002570  -0.002046  0.999998  0.000434  -0.002569  -0.000440  0.999997  0.000045  0.000000  
214.968156 0.002162  0.091973  -0.007343  0.998417  0.054622  -0.013399  -0.054317  0.998279  0.022107  0.014584  -0.021344  0.999666  -0.001544  -0.002443  -0.004122  0.000000  0.000000  0.000000  2.000000  0.999995  0.002044  0.002570  -0.002046  0.999998  0.000434  -0.002569  -0.000440  0.999997  0.999998  0.002047  0.000579  -0.002047  0.999998  0.000515  -0.000578  -0.000516  1.000000  1.000000  0.000000  0.000000  0.000000  1.000000  0.000000  0.000000  0.000000  1.000000  0.999995  0.002044  0.002570  -0.002046  0.999998  0.000434  -0.002569  -0.000440  0.999997  0.000043  0.000000  
214.969400 0.002158  0.091971  -0.007348  0.998417  0.054622  -0.013399  -0.054317  0.998279  0.022107  0.014584  -0.021344  0.999666  -0.001737  -0.002306  -0.003980  0.000000  0.000000  0.000000  2.000000  0.999995  0.002044  0.002570  -0.002046  0.999998  0.000434  -0.002569  -0.000440  0.999997  0.999999  0.001635  0.000570  -0.001635  0.999999  0.000509  -0.000569  -0.000510  1.000000  1.000000  0.000000  0.000000  0.000000  1.000000  0.000000  0.000000  0.000000  1.000000  0.999995  0.002044  0.002570  -0.002046  0.999998  0.000434  -0.002569  -0.000440  0.999997  0.000000  0.000000  
214.970403 0.002155  0.091969  -0.007352  0.998417  0.054622  -0.013399  -0.054317  0.998279  0.022107  0.014584  -0.021344  0.999666  -0.001994  -0.002209  -0.003846  0.000000  0.000000  0.000000  2.000000  0.999995  0.002044  0.002570  -0.002046  0.999998  0.000434  -0.002569  -0.000440  0.999997  0.999999  0.001429  0.000566  -0.001429  0.999999  0.000385  -0.000565  -0.000386  1.000000  1.000000  0.000000  0.000000  0.000000  1.000000  0.000000  0.000000  0.000000  1.000000  0.999995  0.002044  0.002570  -0.002046  0.999998  0.000434  -0.002569  -0.000440  0.999997  0.000000  0.000000  
214.971403 0.002151  0.091966  -0.007356  0.998419  0.054620  -0.013259  -0.054318  0.998276  0.022221  0.014450  -0.021466  0.999665  -0.002231  -0.002182  -0.003767  0.000000  0.000000  0.000000  2.000000  0.999995  0.002044  0.002570  -0.002046  0.999998  0.000434  -0.002569  -0.000440  0.999997  0.999999  0.001220  0.000695  -0.001221  0.999999  0.000503  -0.000695  -0.000504  1.000000  1.000000  0.000000  0.000000  0.000000  1.000000  0.000000  0.000000  0.000000  1.000000  0.999995  0.002044  0.002570  -0.002046  0.999998  0.000434  -0.002569  -0.000440  0.999997  0.000000  0.000000  
214.972710 0.002146  0.091963  -0.007362  0.998419  0.054620  -0.013259  -0.054318  0.998276  0.022221  0.014450  -0.021466  0.999665  -0.002469  -0.002155  -0.003770  0.000000  0.000000  0.000000  2.000000  0.999995  0.002044  0.002570  -0.002046  0.999998  0.000434  -0.002569  -0.000440  0.999997  0.999999  0.000809  0.000687  -0.000809  1.000000  0.000376  -0.000686  -0.000376  1.000000  1.000000  0.000000  0.000000  0.000000  1.000000  0.000000  0.000000  0.000000  1.000000  0.999995  0.002044  0.002570  -0.002046  0.999998  0.000434  -0.002569  -0.000440  0.999997  0.000000  0.000000  
214.973899 0.002141  0.091959  -0.007368  0.998421  0.054619  -0.013119  -0.054318  0.998274  0.022335  0.014316  -0.021587  0.999664  -0.002792  -0.002257  -0.003871  0.000000  0.000000  0.000000  2.000000  0.999995  0.002044  0.002570  -0.002046  0.999998  0.000434  -0.002569  -0.000440  0.999997  0.999999  0.000600  0.000816  -0.000600  1.000000  0.000373  -0.000816  -0.000373  1.000000  1.000000  0.000000  0.000000  0.000000  1.000000  0.000000  0.000000  0.000000  1.000000  0.999995  0.002044  0.002570  -0.002046  0.999998  0.000434  -0.002569  -0.000440  0.999997  0.000000  0.000000  
214.974903 0.002137  0.091955  -0.007373  0.998421  0.054619  -0.013119  -0.054318  0.998274  0.022335  0.014316  -0.021587  0.999664  -0.003000  -0.002364  -0.004023  0.000000  0.000000  0.000000  2.000000  0.999995  0.002044  0.002570  -0.002046  0.999998  0.000434  -0.002569  -0.000440  0.999997  0.999999  0.000600  0.000816  -0.000600  1.000000  0.000373  -0.000816  -0.000373  1.000000  1.000000  0.000000  0.000000  0.000000  1.000000  0.000000  0.000000  0.000000  1.000000  0.999995  0.002044  0.002570  -0.002046  0.999998  0.000434  -0.002569  -0.000440  0.999997  0.000000  0.000000  
214.975904 0.002134  0.091952  -0.007379  0.998421  0.054619  -0.013119  -0.054318  0.998274  0.022335  0.014316  -0.021587  0.999664  -0.003147  -0.002476  -0.004162  0.000000  0.000000  0.000000  2.000000  0.999995  0.002044  0.002570  -0.002046  0.999998  0.000434  -0.002569  -0.000440  0.999997  1.000000  0.000394  0.000811  -0.000395  1.000000  0.000370  -0.000811  -0.000370  1.000000  1.000000  0.000000  0.000000  0.000000  1.000000  0.000000  0.000000  0.000000  1.000000  0.999995  0.002044  0.002570  -0.002046  0.999998  0.000434  -0.002569  -0.000440  0.999997  0.000000  0.000000  
214.977155 0.002129  0.091948  -0.007386  0.998421  0.054619  -0.013119  -0.054318  0.998274  0.022335  0.014316  -0.021587  0.999664  -0.003316  -0.002575  -0.004410  0.000000  0.000000  0.000000  2.000000  0.999995  0.002044  0.002570  -0.002046  0.999998  0.000434  -0.002569  -0.000440  0.999997  1.000000  0.000188  0.000807  -0.000189  1.000000  0.000246  -0.000807  -0.000246  1.000000  1.000000  0.000000  0.000000  0.000000  1.000000  0.000000  0.000000  0.000000  1.000000  0.999995  0.002044  0.002570  -0.002046  0.999998  0.000434  -0.002569  -0.000440  0.999997  0.000000  0.000000  
214.978406 0.002125  0.091943  -0.007392  0.998421  0.054621  -0.013112  -0.054318  0.998271  0.022456  0.014316  -0.021708  0.999662  -0.003443  -0.002712  -0.004574  0.000000  0.000000  0.000000  2.000000  0.999995  0.002044  0.002570  -0.002046  0.999998  0.000434  -0.002569  -0.000440  0.999997  1.000000  0.000191  0.000673  -0.000192  1.000000  0.000367  -0.000673  -0.000367  1.000000  1.000000  0.000000  0.000000  0.000000  1.000000  0.000000  0.000000  0.000000  1.000000  0.999995  0.002044  0.002570  -0.002046  0.999998  0.000434  -0.002569  -0.000440  0.999997  0.000000  0.000000  
214.979648 0.002120  0.091939  -0.007398  0.998421  0.054621  -0.013112  -0.054318  0.998271  0.022456  0.014316  -0.021708  0.999662  -0.003541  -0.002857  -0.004679  0.000000  0.000000  0.000000  2.000000  0.999995  0.002044  0.002570  -0.002046  0.999998  0.000434  -0.002569  -0.000440  0.999997  1.000000  -0.000015  0.000669  0.000014  1.000000  0.000364  -0.000669  -0.000364  1.000000  1.000000  0.000000  0.000000  0.000000  1.000000  0.000000  0.000000  0.000000  1.000000  0.999995  0.002044  0.002570  -0.002046  0.999998  0.000434  -0.002569  -0.000440  0.999997  0.000000  0.000000  
214.980670 0.002117  0.091935  -0.007403  0.998410  0.054826  -0.013107  -0.054523  0.998260  0.022459  0.014316  -0.021708  0.999662  -0.003575  -0.002941  -0.004724  0.000000  0.000000  0.000000  2.000000  0.999995  0.002044  0.002570  -0.002046  0.999998  0.000434  -0.002569  -0.000440  0.999997  1.000000  0.000191  0.000673  -0.000192  1.000000  0.000367  -0.000673  -0.000367  1.000000  1.000000  0.000000  0.000000  0.000000  1.000000  0.000000  0.000000  0.000000  1.000000  0.999995  0.002044  0.002570  -0.002046  0.999998  0.000434  -0.002569  -0.000440  0.999997  0.000000  0.000000  
214.981899 0.002113  0.091931  -0.007408  0.998410  0.054828  -0.013101  -0.054523  0.998257  0.022580  0.014316  -0.021829  0.999659  -0.003550  -0.003037  -0.004694  0.000000  0.000000  0.000000  2.000000  0.999995  0.002044  0.002570  -0.002046  0.999998  0.000434  -0.002569  -0.000440  0.999997  1.000000  0.000194  0.000540  -0.000194  1.000000  0.000367  -0.000539  -0.000367  1.000000  1.000000  0.000000  0.000000  0.000000  1.000000  0.000000  0.000000  0.000000  1.000000  0.999995  0.002044  0.002570  -0.002046  0.999998  0.000434  -0.002569  -0.000440  0.999997  0.000000  0.000000  
214.983150 0.002109  0.091927  -0.007413  0.998410  0.054828  -0.013101  -0.054523  0.998257  0.022580  0.014316  -0.021829  0.999659  -0.003529  -0.003105  -0.004626  0.000000  0.000000  0.000000  2.000000  0.999995  0.002044  0.002570  -0.002046  0.999998  0.000434  -0.002569  -0.000440  0.999997  1.000000  0.000194  0.000540  -0.000194  1.000000  0.000488  -0.000539  -0.000488  1.000000  1.000000  0.000000  0.000000  0.000000  1.000000  0.000000  0.000000  0.000000  1.000000  0.999995  0.002044  0.002570  -0.002046  0.999998  0.000434  -0.002569  -0.000440  0.999997  0.000000  0.000000  
214.984399 0.002105  0.091923  -0.007417  0.998410  0.054828  -0.013101  -0.054523  0.998257  0.022580  0.014316  -0.021829  0.999659  -0.003490  -0.003216  -0.004576  0.000000  0.000000  0.000000  2.000000  0.999995  0.002044  0.002570  -0.002046  0.999998  0.000434  -0.002569  -0.000440  0.999997  1.000000  0.000197  0.000406  -0.000197  1.000000  0.000488  -0.000406  -0.000488  1.000000  1.000000  0.000000  0.000000  0.000000  1.000000  0.000000  0.000000  0.000000  1.000000  0.999995  0.002044  0.002570  -0.002046  0.999998  0.000434  -0.002569  -0.000440  0.999997  0.000000  0.000000  
214.985406 0.002103  0.091920  -0.007420  0.998410  0.054828  -0.013101  -0.054523  0.998257  0.022580  0.014316  -0.021829  0.999659  -0.003457  -0.003308  -0.004576  0.000000  0.000000  0.000000  2.000000  0.999995  0.002044  0.002570  -0.002046  0.999998  0.000434  -0.002569  -0.000440  0.999997  1.000000  0.000197  0.000406  -0.000197  1.000000  0.000488  -0.000406  -0.000488  1.000000  1.000000  0.000000  0.000000  0.000000  1.000000  0.000000  0.000000  0.000000  1.000000  0.999995  0.002044  0.002570  -0.002046  0.999998  0.000434  -0.002569  -0.000440  0.999997  0.000000  0.000000  
214.986408 0.002101  0.091917  -0.007424  0.998410  0.054828  -0.013101  -0.054523  0.998257  0.022580  0.014316  -0.021829  0.999659  -0.003321  -0.003307  -0.004562  0.000000  0.000000  0.000000  2.000000  0.999995  0.002044  0.002570  -0.002046  0.999998  0.000434  -0.002569  -0.000440  0.999997  1.000000  0.000197  0.000406  -0.000197  1.000000  0.000488  -0.000406  -0.000488  1.000000  1.000000  0.000000  0.000000  0.000000  1.000000  0.000000  0.000000  0.000000  1.000000  0.999995  0.002044  0.002570  -0.002046  0.999998  0.000434  -0.002569  -0.000440  0.999997  0.000000  0.000000  
214.987653 0.002099  0.091912  -0.007430  0.998410  0.054828  -0.013101  -0.054523  0.998257  0.022580  0.014316  -0.021829  0.999659  -0.003187  -0.003385  -0.004585  0.000000  0.000000  0.000000  2.000000  0.999995  0.002044  0.002570  -0.002046  0.999998  0.000434  -0.002569  -0.000440  0.999997  1.000000  0.000200  0.000272  -0.000200  1.000000  0.000488  -0.000272  -0.000488  1.000000  1.000000  0.000000  0.000000  0.000000  1.000000  0.000000  0.000000  0.000000  1.000000  0.999995  0.002044  0.002570  -0.002046  0.999998  0.000434  -0.002569  -0.000440  0.999997  0.000000  0.000000  
214.988654 0.002096  0.091909  -0.007435  0.998410  0.054828  -0.013101  -0.054523  0.998257  0.022580  0.014316  -0.021829  0.999659  -0.003069  -0.003395  -0.004570  0.000000  0.000000  0.000000  2.000000  0.999995  0.002044  0.002570  -0.002046  0.999998  0.000434  -0.002569  -0.000440  0.999997  1.000000  0.000200  0.000272  -0.000200  1.000000  0.000488  -0.000272  -0.000488  1.000000  1.000000  0.000000  0.000000  0.000000  1.000000  0.000000  0.000000  0.000000  1.000000  0.999995  0.002044  0.002570  -0.002046  0.999998  0.000434  -0.002569  -0.000440  0.999997  0.000000  0.000000  
214.989904 0.002094  0.091904  -0.007443  0.998410  0.054828  -0.013101  -0.054523  0.998257  0.022580  0.014316  -0.021829  0.999659  -0.002863  -0.003420  -0.004588  0.000000  0.000000  0.000000  2.000000  0.999995  0.002044  0.002570  -0.002046  0.999998  0.000434  -0.002569  -0.000440  0.999997  1.000000  0.000200  0.000272  -0.000200  1.000000  0.000488  -0.000272  -0.000488  1.000000  1.000000  0.000000  0.000000  0.000000  1.000000  0.000000  0.000000  0.000000  1.000000  0.999995  0.002044  0.002570  -0.002046  0.999998  0.000434  -0.002569  -0.000440  0.999997  0.000000  0.000000  
214.991155 0.002093  0.091900  -0.007449  0.998410  0.054829  -0.013094  -0.054523  0.998254  0.022701  0.014316  -0.021951  0.999657  -0.002668  -0.003409  -0.004567  0.000000  0.000000  0.000000  2.000000  0.999995  0.002044  0.002570  -0.002046  0.999998  0.000434  -0.002569  -0.000440  0.999997  1.000000  0.000200  0.000272  -0.000200  1.000000  0.000488  -0.000272  -0.000488  1.000000  1.000000  0.000000  0.000000  0.000000  1.000000  0.000000  0.000000  0.000000  1.000000  0.999995  0.002044  0.002570  -0.002046  0.999998  0.000434  -0.002569  -0.000440  0.999997  0.000000  0.000000  
214.992403 0.002092  0.091895  -0.007455  0.998410  0.054829  -0.013094  -0.054523  0.998254  0.022701  0.014316  -0.021951  0.999657  -0.002432  -0.003424  -0.004515  0.000000  0.000000  0.000000  2.000000  0.999995  0.002044  0.002570  -0.002046  0.999998  0.000434  -0.002569  -0.000440  0.999997  1.000000  0.000203  0.000138  -0.000203  1.000000  0.000488  -0.000138  -0.000488  1.000000  1.000000  0.000000  0.000000  0.000000  1.000000  0.000000  0.000000  0.000000  1.000000  0.999995  0.002044  0.002570  -0.002046  0.999998  0.000434  -0.002569  -0.000440  0.999997  0.000000  0.000000  
214.993403 0.002090  0.091892  -0.007460  0.998410  0.054829  -0.013094  -0.054523  0.998254  0.022701  0.014316  -0.021951  0.999657  -0.002283  -0.003444  -0.004518  0.000000  0.000000  0.000000  2.000000  0.999995  0.002044  0.002570  -0.002046  0.999998  0.000434  -0.002569  -0.000440  0.999997  1.000000  0.000203  0.000138  -0.000203  1.000000  0.000488  -0.000138  -0.000488  1.000000  1.000000  0.000000  0.000000  0.000000  1.000000  0.000000  0.000000  0.000000  1.000000  0.999995  0.002044  0.002570  -0.002046  0.999998  0.000434  -0.002569  -0.000440  0.999997  0.000000  0.000000  
214.994651 0.002090  0.091888  -0.007466  0.998399  0.055035  -0.013089  -0.054729  0.998243  0.022703  0.014316  -0.021951  0.999657  -0.001987  -0.003417  -0.004527  0.000000  0.000000  0.000000  2.000000  0.999995  0.002044  0.002570  -0.002046  0.999998  0.000434  -0.002569  -0.000440  0.999997  1.000000  0.000412  0.000009  -0.000412  1.000000  0.000370  -0.000009  -0.000370  1.000000  1.000000  0.000000  0.000000  0.000000  1.000000  0.000000  0.000000  0.000000  1.000000  0.999995  0.002044  0.002570  -0.002046  0.999998  0.000434  -0.002569  -0.000440  0.999997  0.000000  0.000000  
214.995903 0.002089  0.091883  -0.007472  0.998399  0.055037  -0.013083  -0.054729  0.998240  0.022825  0.014316  -0.022072  0.999654  -0.001741  -0.003391  -0.004561  0.000000  0.000000  0.000000  2.000000  0.999995  0.002044  0.002570  -0.002046  0.999998  0.000434  -0.002569  -0.000440  0.999997  1.000000  0.000412  0.000009  -0.000412  1.000000  0.000491  -0.000009  -0.000491  1.000000  1.000000  0.000000  0.000000  0.000000  1.000000  0.000000  0.000000  0.000000  1.000000  0.999995  0.002044  0.002570  -0.002046  0.999998  0.000434  -0.002569  -0.000440  0.999997  0.000000  0.000000  
214.997149 0.002088  0.091878  -0.007479  0.998399  0.055037  -0.013083  -0.054729  0.998240  0.022825  0.014316  -0.022072  0.999654  -0.001535  -0.003445  -0.004660  0.000000  0.000000  0.000000  2.000000  0.999995  0.002044  0.002570  -0.002046  0.999998  0.000434  -0.002569  -0.000440  0.999997  1.000000  0.000412  0.000009  -0.000412  1.000000  0.000491  -0.000009  -0.000491  1.000000  1.000000  0.000000  0.000000  0.000000  1.000000  0.000000  0.000000  0.000000  1.000000  0.999995  0.002044  0.002570  -0.002046  0.999998  0.000434  -0.002569  -0.000440  0.999997  0.000000  0.000000  
214.998149 0.002088  0.091875  -0.007484  0.998399  0.055037  -0.013083  -0.054729  0.998240  0.022825  0.014316  -0.022072  0.999654  -0.001371  -0.003451  -0.004770  0.000000  0.000000  0.000000  2.000000  0.999995  0.002044  0.002570  -0.002046  0.999998  0.000434  -0.002569  -0.000440  0.999997  1.000000  0.000412  0.000009  -0.000412  1.000000  0.000370  -0.000009  -0.000370  1.000000  1.000000  0.000000  0.000000  0.000000  1.000000  0.000000  0.000000  0.000000  1.000000  0.999995  0.002044  0.002570  -0.002046  0.999998  0.000434  -0.002569  -0.000440  0.999997  0.000000  0.000000  
214.999396 0.002087  0.091871  -0.007491  0.998387  0.055244  -0.013071  -0.054934  0.998226  0.022948  0.014316  -0.022193  0.999651  -0.001196  -0.003469  -0.004981  0.000000  0.000000  0.000000  2.000000  0.999995  0.002044  0.002570  -0.002046  0.999998  0.000434  -0.002569  -0.000440  0.999997  1.000000  0.000617  0.000014  -0.000617  1.000000  0.000494  -0.000013  -0.000494  1.000000  1.000000  0.000000  0.000000  0.000000  1.000000  0.000000  0.000000  0.000000  1.000000  0.999995  0.002044  0.002570  -0.002046  0.999998  0.000434  -0.002569  -0.000440  0.999997  0.000000  0.000000  
215.000402 0.002087  0.091867  -0.007496  0.998385  0.055247  -0.013205  -0.054934  0.998226  0.022956  0.014450  -0.022193  0.999649  -0.001052  -0.003500  -0.005082  0.000000  0.000000  0.000000  2.000000  0.999995  0.002044  0.002570  -0.002046  0.999998  0.000434  -0.002569  -0.000440  0.999997  1.000000  0.000620  -0.000120  -0.000620  1.000000  0.000494  0.000120  -0.000494  1.000000  1.000000  0.000000  0.000000  0.000000  1.000000  0.000000  0.000000  0.000000  1.000000  0.999995  0.002044  0.002570  -0.002046  0.999998  0.000434  -0.002569  -0.000440  0.999997  0.000000  0.000000  
215.001652 0.002086  0.091864  -0.007504  0.998385  0.055247  -0.013205  -0.054934  0.998226  0.022956  0.014450  -0.022193  0.999649  -0.000917  -0.003438  -0.005200  0.000000  0.000000  0.000000  2.000000  0.999995  0.002044  0.002570  -0.002046  0.999998  0.000434  -0.002569  -0.000440  0.999997  1.000000  0.000415  -0.000125  -0.000415  1.000000  0.000491  0.000125  -0.000491  1.000000  1.000000  0.000000  0.000000  0.000000  1.000000  0.000000  0.000000  0.000000  1.000000  0.999995  0.002044  0.002570  -0.002046  0.999998  0.000434  -0.002569  -0.000440  0.999997  0.000000  0.000000  
215.002904 0.002086  0.091861  -0.007510  0.998374  0.055452  -0.013200  -0.055140  0.998215  0.022958  0.014450  -0.022193  0.999649  -0.000810  -0.003372  -0.005264  0.000000  0.000000  0.000000  2.000000  0.999995  0.002044  0.002570  -0.002046  0.999998  0.000434  -0.002569  -0.000440  0.999997  1.000000  0.000620  -0.000120  -0.000620  1.000000  0.000373  0.000120  -0.000373  1.000000  1.000000  0.000000  0.000000  0.000000  1.000000  0.000000  0.000000  0.000000  1.000000  0.999995  0.002044  0.002570  -0.002046  0.999998  0.000434  -0.002569  -0.000440  0.999997  0.000000  0.000000  
