1-Time 2-Px 3-Py 4-Pz 5-R11 6-R21 7-R31 8-R12 9-R22 10-R32 11-R13 12-R23 13-R33 14-Vx 15-Vy 16-Vz 17-Wx 18-Wy 19-Wz 20-state 21-PR11 22-PR21 23-PR31 24-PR12 25-PR22 26-PR32 27-PR13 28-PR23 29-PR33 
11.360570 -0.001221  0.087842  -0.007457  0.991711  0.104050  -0.075386  0.065017  0.099680  0.992893  0.110825  -0.989564  0.092088  -0.000024  -0.000047  -0.000009  0.000000  0.000000  0.000000  2.000000  1.000000  0.000000  0.000000  0.000000  -0.000000  1.000000  0.000000  -1.000000  -0.000000  1.000000  0.000019  0.000204  -0.000019  1.000000  0.000144  -0.000204  -0.000144  1.000000  1.000000  0.000000  0.000000  0.000000  1.000000  0.000000  0.000000  0.000000  1.000000  1.000000  0.000000  0.000000  0.000000  1.000000  0.000000  0.000000  0.000000  1.000000  0.000000  0.000000  
11.361822 -0.001222  0.087841  -0.007458  0.991724  0.104061  -0.075194  0.064813  0.099779  0.992897  0.110825  -0.989553  0.092208  -0.000067  -0.000123  -0.000070  0.000000  0.000000  0.000000  2.000000  1.000000  0.000000  0.000000  0.000000  -0.000000  1.000000  0.000000  -1.000000  -0.000000  1.000000  0.000019  0.000204  -0.000019  1.000000  0.000144  -0.000204  -0.000144  1.000000  1.000000  0.000000  0.000000  0.000000  1.000000  0.000000  0.000000  0.000000  1.000000  1.000000  0.000000  0.000000  0.000000  -0.000000  1.000000  0.000000  -1.000000  -0.000000  0.000000  0.000000  
11.363072 -0.001224  0.087837  -0.007461  0.991748  0.104408  -0.074401  0.063994  0.099710  0.992957  0.111091  -0.989524  0.092206  -0.000225  -0.000373  -0.000271  0.000000  0.000000  0.000000  2.000000  1.000000  0.000000  0.000000  0.000000  -0.000000  1.000000  0.000000  -1.000000  -0.000000  0.999999  0.000361  0.000994  -0.000361  1.000000  0.000114  -0.000994  -0.000114  0.999999  1.000000  0.000000  0.000000  0.000000  1.000000  0.000000  0.000000  0.000000  1.000000  1.000000  0.000000  0.000000  0.000000  -0.000000  1.000000  0.000000  -1.000000  -0.000000  0.000000  0.000000  
11.364321 -0.001227  0.087833  -0.007465  0.991783  0.104766  -0.073416  0.062972  0.099740  0.993019  0.111357  -0.989483  0.092323  -0.000364  -0.000650  -0.000496  0.000000  0.000000  0.000000  2.000000  1.000000  0.000000  0.000000  0.000000  -0.000000  1.000000  0.000000  -1.000000  -0.000000  0.999998  0.000723  0.001987  -0.000723  1.000000  0.000107  -0.001987  -0.000108  0.999998  1.000000  0.000000  0.000000  0.000000  1.000000  0.000000  0.000000  0.000000  1.000000  1.000000  0.000000  0.000000  0.000000  -0.000000  1.000000  0.000000  -1.000000  -0.000000  0.000000  0.000000  
11.365571 -0.001228  0.087830  -0.007468  0.991792  0.105091  -0.072827  0.062357  0.099692  0.993063  0.111623  -0.989453  0.092320  -0.000478  -0.000881  -0.000713  0.000000  0.000000  0.000000  2.000000  1.000000  0.000000  0.000000  0.000000  -0.000000  1.000000  0.000000  -1.000000  -0.000000  0.999996  0.000913  0.002586  -0.000913  1.000000  0.000175  -0.002586  -0.000177  0.999997  1.000000  0.000000  0.000000  0.000000  1.000000  0.000000  0.000000  0.000000  1.000000  1.000000  0.000000  0.000000  0.000000  -0.000000  1.000000  0.000000  -1.000000  -0.000000  0.000000  0.000000  
11.366571 -0.001229  0.087827  -0.007470  0.991803  0.105256  -0.072444  0.061948  0.099777  0.993080  0.111756  -0.989427  0.092439  -0.000556  -0.001054  -0.000825  0.000000  0.000000  0.000000  2.000000  1.000000  0.000000  0.000000  0.000000  -0.000000  1.000000  0.000000  -1.000000  -0.000000  0.999995  0.001217  0.002969  -0.001218  0.999999  0.000099  -0.002969  -0.000103  0.999996  1.000000  0.000000  0.000000  0.000000  1.000000  0.000000  0.000000  0.000000  1.000000  1.000000  0.000000  0.000000  0.000000  -0.000000  1.000000  0.000000  -1.000000  -0.000000  0.000000  0.000000  
11.367820 -0.001231  0.087823  -0.007472  0.991836  0.105614  -0.071459  0.060925  0.099805  0.993140  0.112021  -0.989386  0.092556  -0.000683  -0.001323  -0.000955  0.000000  0.000000  0.000000  2.000000  1.000000  0.000000  0.000000  0.000000  -0.000000  1.000000  0.000000  -1.000000  -0.000000  0.999992  0.001560  0.003759  -0.001560  0.999999  0.000190  -0.003758  -0.000196  0.999993  1.000000  0.000000  0.000000  0.000000  1.000000  0.000000  0.000000  0.000000  1.000000  1.000000  0.000000  0.000000  0.000000  -0.000000  1.000000  0.000000  -1.000000  -0.000000  0.000000  0.000000  
11.368821 -0.001232  0.087820  -0.007473  0.991841  0.106084  -0.070691  0.060106  0.099863  0.993184  0.112420  -0.989330  0.092672  -0.000767  -0.001516  -0.001023  0.003002  -0.166159  0.069729  2.000000  1.000000  0.000000  0.000000  0.000000  -0.000000  1.000000  0.000000  -1.000000  -0.000000  0.999988  0.001903  0.004548  -0.001903  0.999998  0.000039  -0.004548  -0.000047  0.999990  1.000000  0.000000  0.000000  0.000000  1.000000  0.000000  0.000000  0.000000  1.000000  1.000000  0.000000  0.000000  0.000000  -0.000000  1.000000  0.000000  -1.000000  -0.000000  0.000000  0.000000  
11.370070 -0.001234  0.087817  -0.007474  0.991867  0.106740  -0.069335  0.058673  0.099982  0.993258  0.112952  -0.989247  0.092906  -0.000838  -0.001713  -0.001126  0.000314  -0.212361  0.092129  2.000000  1.000000  0.000093  0.000207  -0.000207  -0.000001  1.000000  0.000093  -1.000000  -0.000001  0.999980  0.002550  0.005720  -0.002551  0.999997  0.000054  -0.005720  -0.000068  0.999984  1.000000  0.000032  0.000072  -0.000032  1.000000  0.000001  -0.000072  -0.000001  1.000000  1.000000  0.000093  0.000207  -0.000207  -0.000001  1.000000  0.000093  -1.000000  -0.000001  0.000054  0.006263  
11.371070 -0.001235  0.087816  -0.007475  0.991881  0.107222  -0.068376  0.057649  0.100136  0.993302  0.113351  -0.989180  0.093142  -0.000948  -0.001783  -0.001182  -0.003918  -0.245319  0.108794  2.000000  1.000000  0.000239  0.000527  -0.000527  0.000000  1.000000  0.000239  -1.000000  0.000001  0.999973  0.003046  0.006701  -0.003046  0.999995  -0.000075  -0.006701  0.000055  0.999978  1.000000  0.000038  0.000084  -0.000038  1.000000  -0.000001  -0.000084  0.000001  1.000000  1.000000  0.000239  0.000527  -0.000527  0.000000  1.000000  0.000239  -1.000000  0.000001  0.000063  0.007361  
11.372079 -0.001237  0.087814  -0.007477  0.991883  0.107693  -0.067608  0.056830  0.100191  0.993344  0.113750  -0.989123  0.093258  -0.001104  -0.001934  -0.001325  -0.004834  -0.271345  0.124767  2.000000  1.000000  0.000410  0.000897  -0.000897  0.000007  1.000000  0.000410  -1.000000  0.000007  0.999964  0.003543  0.007681  -0.003541  0.999994  -0.000204  -0.007681  0.000177  0.999970  1.000000  0.000044  0.000096  -0.000044  1.000000  -0.000002  -0.000096  0.000002  1.000000  1.000000  0.000410  0.000897  -0.000897  0.000007  1.000000  0.000410  -1.000000  0.000007  0.000073  0.008461  
11.373321 -0.001241  0.087811  -0.007481  0.991880  0.108300  -0.066675  0.055805  0.100471  0.993374  0.114281  -0.989028  0.093612  -0.001337  -0.002086  -0.001588  -0.013095  -0.303913  0.145964  2.000000  0.999999  0.000658  0.001413  -0.001413  0.000023  0.999999  0.000658  -1.000000  0.000024  0.999954  0.004173  0.008648  -0.004170  0.999991  -0.000333  -0.008649  0.000297  0.999963  1.000000  0.000052  0.000108  -0.000052  1.000000  -0.000004  -0.000108  0.000004  1.000000  0.999999  0.000658  0.001413  -0.001413  0.000023  0.999999  0.000658  -1.000000  0.000024  0.000082  0.009607  
11.374323 -0.001244  0.087809  -0.007484  0.991876  0.108916  -0.065729  0.054781  0.100630  0.993415  0.114813  -0.988944  0.093846  -0.001543  -0.002278  -0.001853  -0.017257  -0.336359  0.167092  2.000000  0.999998  0.000886  0.001871  -0.001871  0.000051  0.999998  0.000886  -1.000000  0.000052  0.999942  0.004804  0.009615  -0.004798  0.999988  -0.000705  -0.009618  0.000659  0.999954  1.000000  0.000060  0.000120  -0.000060  1.000000  -0.000009  -0.000120  0.000009  1.000000  0.999998  0.000886  0.001871  -0.001871  0.000051  0.999998  0.000886  -1.000000  0.000052  0.000092  0.010770  
11.375575 -0.001248  0.087805  -0.007488  0.991865  0.109670  -0.064618  0.053551  0.101013  0.993443  0.115478  -0.988822  0.094318  -0.001811  -0.002559  -0.002133  -0.029528  -0.368406  0.192776  2.000000  0.999996  0.001215  0.002513  -0.002513  0.000101  0.999997  0.001215  -0.999999  0.000104  0.999926  0.005588  0.010771  -0.005579  0.999984  -0.000933  -0.010777  0.000873  0.999942  1.000000  0.000070  0.000135  -0.000070  1.000000  -0.000011  -0.000135  0.000011  1.000000  0.999996  0.001215  0.002513  -0.002513  0.000101  0.999997  0.001215  -0.999999  0.000104  0.000102  0.012169  
11.376824 -0.001253  0.087800  -0.007493  0.991854  0.110416  -0.063520  0.052322  0.101515  0.993457  0.116142  -0.988688  0.094911  -0.002097  -0.002756  -0.002310  -0.045067  -0.407278  0.219151  2.000000  0.999994  0.001520  0.003090  -0.003091  0.000160  0.999995  0.001520  -0.999999  0.000165  0.999909  0.006376  0.011926  -0.006360  0.999979  -0.001403  -0.011935  0.001327  0.999928  1.000000  0.000080  0.000149  -0.000080  1.000000  -0.000017  -0.000149  0.000017  1.000000  0.999994  0.001520  0.003090  -0.003091  0.000160  0.999995  0.001520  -0.999999  0.000165  0.000114  0.013593  
11.378074 -0.001258  0.087796  -0.007497  0.991818  0.111122  -0.062833  0.051501  0.102061  0.993444  0.116807  -0.988552  0.095503  -0.002272  -0.002752  -0.002354  -0.062159  -0.432479  0.244271  2.000000  0.999991  0.001947  0.003872  -0.003872  0.000262  0.999992  0.001946  -0.999998  0.000270  0.999892  0.007146  0.012877  -0.007122  0.999973  -0.001897  -0.012890  0.001805  0.999915  1.000000  0.000089  0.000161  -0.000089  1.000000  -0.000023  -0.000161  0.000023  1.000000  0.999991  0.001947  0.003872  -0.003872  0.000262  0.999992  0.001946  -0.999998  0.000270  0.000125  0.014843  
11.379326 -0.001263  0.087793  -0.007500  0.991793  0.111850  -0.061942  0.050476  0.102582  0.993443  0.117471  -0.988416  0.096095  -0.002442  -0.002718  -0.002314  -0.078426  -0.464395  0.269994  2.000000  0.999986  0.002421  0.004700  -0.004701  0.000396  0.999989  0.002420  -0.999997  0.000407  0.999876  0.007897  0.013622  -0.007865  0.999966  -0.002412  -0.013641  0.002305  0.999904  1.000000  0.000099  0.000170  -0.000099  1.000000  -0.000029  -0.000170  0.000029  1.000000  0.999986  0.002421  0.004700  -0.004701  0.000396  0.999989  0.002420  -0.999997  0.000407  0.000134  0.015922  
11.380570 -0.001267  0.087789  -0.007502  0.991771  0.112426  -0.061244  0.049656  0.103119  0.993429  0.118002  -0.988295  0.096688  -0.002569  -0.002735  -0.002259  -0.095535  -0.490100  0.290734  2.000000  0.999980  0.002936  0.005577  -0.005579  0.000560  0.999984  0.002933  -0.999996  0.000576  0.999860  0.008516  0.014380  -0.008475  0.999960  -0.002928  -0.014404  0.002806  0.999892  1.000000  0.000106  0.000180  -0.000106  1.000000  -0.000036  -0.000180  0.000036  1.000000  0.999980  0.002936  0.005577  -0.005579  0.000560  0.999984  0.002933  -0.999996  0.000576  0.000141  0.016958  
11.381571 -0.001270  0.087785  -0.007504  0.991748  0.113002  -0.060546  0.048837  0.103655  0.993414  0.118534  -0.988173  0.097281  -0.002716  -0.002824  -0.002265  -0.112587  -0.515567  0.311359  2.000000  0.999974  0.003383  0.006320  -0.006323  0.000714  0.999980  0.003378  -0.999994  0.000735  0.999843  0.009269  0.015124  -0.009218  0.999952  -0.003444  -0.015155  0.003304  0.999880  1.000000  0.000116  0.000189  -0.000116  1.000000  -0.000042  -0.000189  0.000042  1.000000  0.999974  0.003383  0.006320  -0.006323  0.000714  0.999980  0.003378  -0.999994  0.000735  0.000152  0.018057  
11.382823 -0.001274  0.087779  -0.007507  0.991709  0.113712  -0.059862  0.048016  0.104197  0.993397  0.119198  -0.988035  0.097873  -0.002893  -0.002944  -0.002357  -0.129595  -0.540633  0.336500  2.000000  0.999966  0.003978  0.007289  -0.007293  0.000936  0.999973  0.003971  -0.999992  0.000965  0.999830  0.009737  0.015689  -0.009678  0.999946  -0.003859  -0.015726  0.003706  0.999869  1.000000  0.000121  0.000196  -0.000121  1.000000  -0.000047  -0.000196  0.000047  1.000000  0.999966  0.003978  0.007289  -0.007293  0.000936  0.999973  0.003971  -0.999992  0.000965  0.000162  0.018850  
11.383825 -0.001276  0.087775  -0.007510  0.991674  0.114268  -0.059370  0.047400  0.104754  0.993368  0.119729  -0.987912  0.098465  -0.002946  -0.003029  -0.002544  -0.151501  -0.559323  0.356503  2.000000  0.999957  0.004474  0.008063  -0.008068  0.001141  0.999967  0.004465  -0.999989  0.001177  0.999831  0.009993  0.015453  -0.009927  0.999941  -0.004362  -0.015496  0.004208  0.999871  1.000000  0.000125  0.000193  -0.000125  1.000000  -0.000054  -0.000193  0.000054  1.000000  0.999957  0.004474  0.008063  -0.008068  0.001141  0.999967  0.004465  -0.999989  0.001177  0.000169  0.018896  
11.385067 -0.001279  0.087769  -0.007517  0.991633  0.114972  -0.058701  0.046580  0.105414  0.993337  0.120394  -0.987760  0.099176  -0.003060  -0.003216  -0.002837  -0.172606  -0.584530  0.381833  2.000000  0.999949  0.004992  0.008826  -0.008833  0.001375  0.999960  0.004979  -0.999987  0.001419  0.999829  0.010517  0.015188  -0.010440  0.999932  -0.005110  -0.015241  0.004950  0.999872  1.000000  0.000131  0.000190  -0.000131  1.000000  -0.000063  -0.000190  0.000063  1.000000  0.999949  0.004992  0.008826  -0.008833  0.001375  0.999960  0.004979  -0.999987  0.001419  0.000178  0.019148  
11.386070 -0.001282  0.087764  -0.007523  0.991581  0.115655  -0.058238  0.045964  0.106096  0.993293  0.121058  -0.987607  0.099887  -0.003131  -0.003493  -0.003250  -0.192957  -0.598083  0.403290  2.000000  0.999939  0.005534  0.009586  -0.009595  0.001641  0.999953  0.005518  -0.999983  0.001694  0.999824  0.011058  0.015128  -0.010973  0.999923  -0.005713  -0.015190  0.005546  0.999869  1.000000  0.000138  0.000189  -0.000138  1.000000  -0.000070  -0.000190  0.000070  1.000000  0.999939  0.005534  0.009586  -0.009595  0.001641  0.999953  0.005518  -0.999983  0.001694  0.000186  0.019567  
11.387320 -0.001286  0.087756  -0.007534  0.991530  0.116514  -0.057380  0.044939  0.106736  0.993271  0.121855  -0.987437  0.100596  -0.003152  -0.003834  -0.003734  -0.214618  -0.634089  0.436794  2.000000  0.999925  0.006245  0.010552  -0.010565  0.002009  0.999942  0.006223  -0.999978  0.002074  0.999809  0.011664  0.015675  -0.011566  0.999913  -0.006368  -0.015748  0.006185  0.999857  1.000000  0.000145  0.000196  -0.000145  1.000000  -0.000078  -0.000196  0.000078  1.000000  0.999925  0.006245  0.010552  -0.010565  0.002009  0.999942  0.006223  -0.999978  0.002074  0.000196  0.020523  
11.388323 -0.001289  0.087749  -0.007543  0.991476  0.117198  -0.056920  0.044323  0.107416  0.993226  0.122519  -0.987282  0.101306  -0.003173  -0.004166  -0.004115  -0.234513  -0.646949  0.457668  2.000000  0.999912  0.006844  0.011329  -0.011345  0.002336  0.999933  0.006817  -0.999974  0.002413  0.999808  0.012052  0.015423  -0.011946  0.999904  -0.006992  -0.015505  0.006807  0.999857  1.000000  0.000150  0.000193  -0.000150  1.000000  -0.000086  -0.000193  0.000086  1.000000  0.999912  0.006844  0.011329  -0.011345  0.002336  0.999933  0.006817  -0.999974  0.002413  0.000206  0.020755  
11.389329 -0.001292  0.087741  -0.007552  0.991421  0.117883  -0.056460  0.043707  0.108096  0.993179  0.123182  -0.987127  0.102016  -0.003208  -0.004513  -0.004555  -0.258113  -0.670067  0.485819  2.000000  0.999899  0.007456  0.012086  -0.012106  0.002690  0.999923  0.007422  -0.999969  0.002780  0.999812  0.012288  0.014979  -0.012177  0.999898  -0.007516  -0.015070  0.007332  0.999860  1.000000  0.000153  0.000188  -0.000153  1.000000  -0.000093  -0.000188  0.000093  1.000000  0.999899  0.007456  0.012086  -0.012106  0.002690  0.999923  0.007422  -0.999969  0.002780  0.000214  0.020750  
11.390575 -0.001297  0.087730  -0.007564  0.991365  0.118562  -0.056015  0.043091  0.108895  0.993119  0.123846  -0.986957  0.102846  -0.003223  -0.004999  -0.005102  -0.284233  -0.688793  0.510977  2.000000  0.999882  0.008227  0.012995  -0.013021  0.003173  0.999910  0.008185  -0.999961  0.003280  0.999824  0.012351  0.014140  -0.012236  0.999891  -0.008206  -0.014239  0.008031  0.999866  1.000000  0.000154  0.000177  -0.000154  1.000000  -0.000102  -0.000177  0.000101  1.000000  0.999882  0.008227  0.012995  -0.013021  0.003173  0.999910  0.008185  -0.999961  0.003280  0.000223  0.020456  
11.391824 -0.001302  0.087719  -0.007577  0.991318  0.119265  -0.055367  0.042271  0.109669  0.993069  0.124510  -0.986787  0.103675  -0.003294  -0.005424  -0.005597  -0.306822  -0.700519  0.530648  2.000000  0.999863  0.009007  0.013864  -0.013897  0.003699  0.999897  0.008955  -0.999953  0.003823  0.999828  0.012456  0.013706  -0.012333  0.999884  -0.008971  -0.013816  0.008801  0.999866  1.000000  0.000155  0.000172  -0.000155  1.000000  -0.000111  -0.000172  0.000111  1.000000  0.999863  0.009007  0.013864  -0.013897  0.003699  0.999897  0.008955  -0.999953  0.003823  0.000232  0.020543  
11.393123 -0.001309  0.087707  -0.007590  0.991269  0.119968  -0.054721  0.041451  0.110441  0.993018  0.125174  -0.986616  0.104504  -0.003379  -0.005974  -0.006223  -0.330256  -0.697426  0.543282  2.000000  0.999848  0.009643  0.014546  -0.014587  0.004153  0.999885  0.009582  -0.999945  0.004293  0.999826  0.012733  0.013666  -0.012603  0.999875  -0.009571  -0.013787  0.009397  0.999861  1.000000  0.000158  0.000172  -0.000158  1.000000  -0.000119  -0.000172  0.000119  1.000000  0.999848  0.009643  0.014546  -0.014587  0.004153  0.999885  0.009582  -0.999945  0.004293  0.000236  0.020950  
11.394330 -0.001316  0.087695  -0.007603  0.991235  0.120541  -0.054061  0.040632  0.111207  0.992966  0.125705  -0.986460  0.105335  -0.003544  -0.006599  -0.006982  -0.359743  -0.690348  0.552555  2.000000  0.999831  0.010288  0.015227  -0.015275  0.004639  0.999873  0.010216  -0.999936  0.004795  0.999824  0.012878  0.013641  -0.012740  0.999867  -0.010171  -0.013770  0.009996  0.999855  1.000000  0.000160  0.000171  -0.000160  1.000000  -0.000126  -0.000171  0.000126  1.000000  0.999831  0.010288  0.015227  -0.015275  0.004639  0.999873  0.010216  -0.999936  0.004795  0.000238  0.021299  
11.395573 -0.001324  0.087683  -0.007618  0.991176  0.121217  -0.053636  0.040016  0.112123  0.992888  0.126369  -0.986273  0.106283  -0.003798  -0.007144  -0.007814  -0.388029  -0.688305  0.570900  2.000000  0.999810  0.011097  0.016056  -0.016115  0.005278  0.999856  0.011010  -0.999924  0.005456  0.999833  0.012825  0.013019  -0.012686  0.999862  -0.010717  -0.013154  0.010550  0.999858  1.000000  0.000159  0.000164  -0.000159  1.000000  -0.000133  -0.000164  0.000133  1.000000  0.999810  0.011097  0.016056  -0.016115  0.005278  0.999856  0.011010  -0.999924  0.005456  0.000243  0.021144  
11.396826 -0.001332  0.087670  -0.007633  0.991116  0.121887  -0.053227  0.039401  0.113158  0.992795  0.127032  -0.986072  0.107350  -0.004120  -0.007613  -0.008664  -0.424274  -0.686441  0.584563  2.000000  0.999787  0.011901  0.016835  -0.016906  0.005954  0.999839  0.011798  -0.999911  0.006154  0.999849  0.012597  0.012001  -0.012462  0.999858  -0.011308  -0.012142  0.011157  0.999864  1.000000  0.000157  0.000151  -0.000157  1.000000  -0.000140  -0.000151  0.000140  1.000000  0.999787  0.011901  0.016835  -0.016906  0.005954  0.999839  0.011798  -0.999911  0.006154  0.000247  0.020711  
11.398072 -0.001342  0.087658  -0.007650  0.991038  0.122697  -0.052819  0.038785  0.114077  0.992715  0.127828  -0.985866  0.108296  -0.004527  -0.008067  -0.009587  -0.454220  -0.671337  0.597227  2.000000  0.999765  0.012698  0.017567  -0.017652  0.006661  0.999822  0.012579  -0.999897  0.006883  0.999852  0.012699  0.011565  -0.012562  0.999851  -0.011832  -0.011714  0.011685  0.999863  1.000000  0.000158  0.000145  -0.000158  1.000000  -0.000147  -0.000146  0.000147  1.000000  0.999765  0.012698  0.017567  -0.017652  0.006661  0.999822  0.012579  -0.999897  0.006883  0.000252  0.020817  
11.399322 -0.001351  0.087646  -0.007668  0.990976  0.123369  -0.052413  0.038169  0.115110  0.992619  0.128492  -0.985662  0.109363  -0.004919  -0.008436  -0.010384  -0.479966  -0.650780  0.600124  2.000000  0.999742  0.013501  0.018284  -0.018385  0.007393  0.999804  0.013364  -0.999882  0.007639  0.999852  0.012710  0.011552  -0.012569  0.999847  -0.012187  -0.011705  0.012040  0.999859  1.000000  0.000158  0.000145  -0.000158  1.000000  -0.000151  -0.000145  0.000151  1.000000  0.999742  0.013501  0.018284  -0.018385  0.007393  0.999804  0.013364  -0.999882  0.007639  0.000254  0.021019  
11.400322 -0.001360  0.087637  -0.007683  0.990948  0.123792  -0.051949  0.037555  0.115892  0.992552  0.128890  -0.985517  0.110194  -0.005341  -0.008789  -0.011066  -0.506087  -0.637514  0.599619  2.000000  0.999727  0.013984  0.018708  -0.018819  0.007851  0.999792  0.013834  -0.999871  0.008112  0.999855  0.012698  0.011337  -0.012554  0.999841  -0.012691  -0.011497  0.012547  0.999855  1.000000  0.000158  0.000143  -0.000158  1.000000  -0.000158  -0.000143  0.000158  1.000000  0.999727  0.013984  0.018708  -0.018819  0.007851  0.999792  0.013834  -0.999871  0.008112  0.000252  0.021191  
11.401570 -0.001370  0.087627  -0.007701  0.990901  0.124334  -0.051530  0.036941  0.116919  0.992454  0.129421  -0.985328  0.111262  -0.005834  -0.009020  -0.011621  -0.536031  -0.616127  0.597357  2.000000  0.999702  0.014793  0.019409  -0.019538  0.008644  0.999772  0.014622  -0.999853  0.008930  0.999858  0.012687  0.011119  -0.012540  0.999834  -0.013193  -0.011285  0.013052  0.999851  1.000000  0.000158  0.000140  -0.000158  1.000000  -0.000164  -0.000140  0.000164  1.000000  0.999702  0.014793  0.019409  -0.019538  0.008644  0.999772  0.014622  -0.999853  0.008930  0.000252  0.021375  
11.402818 -0.001382  0.087617  -0.007718  0.990855  0.124877  -0.051113  0.036326  0.117945  0.992356  0.129951  -0.985137  0.112330  -0.006268  -0.009057  -0.011956  -0.561665  -0.602164  0.596453  2.000000  0.999677  0.015592  0.020086  -0.020235  0.009462  0.999750  0.015398  -0.999834  0.009774  0.999864  0.012521  0.010713  -0.012375  0.999831  -0.013598  -0.010882  0.013463  0.999850  1.000000  0.000156  0.000135  -0.000156  1.000000  -0.000169  -0.000135  0.000169  1.000000  0.999677  0.015592  0.020086  -0.020235  0.009462  0.999750  0.015398  -0.999834  0.009774  0.000254  0.021323  
11.403822 -0.001390  0.087609  -0.007730  0.990817  0.125278  -0.050856  0.035916  0.118750  0.992274  0.130349  -0.984989  0.113160  -0.006645  -0.009087  -0.012191  -0.585759  -0.579947  0.594475  2.000000  0.999656  0.016228  0.020612  -0.020778  0.010136  0.999733  0.016015  -0.999817  0.010470  0.999864  0.012530  0.010702  -0.012380  0.999826  -0.013955  -0.010875  0.013821  0.999845  1.000000  0.000156  0.000135  -0.000156  1.000000  -0.000174  -0.000135  0.000174  1.000000  0.999656  0.016228  0.020612  -0.020778  0.010136  0.999733  0.016015  -0.999817  0.010470  0.000256  0.021551  
11.405073 -0.001403  0.087598  -0.007746  0.990770  0.125817  -0.050456  0.035302  0.119895  0.992159  0.130880  -0.984782  0.114347  -0.007166  -0.009133  -0.012401  -0.610504  -0.561035  0.588512  2.000000  0.999629  0.017012  0.021255  -0.021444  0.011002  0.999710  0.016773  -0.999795  0.011362  0.999874  0.012097  0.010326  -0.011950  0.999827  -0.014237  -0.010496  0.014112  0.999845  1.000000  0.000150  0.000130  -0.000150  1.000000  -0.000177  -0.000130  0.000177  1.000000  0.999629  0.017012  0.021255  -0.021444  0.011002  0.999710  0.016773  -0.999795  0.011362  0.000255  0.021306  
11.406325 -0.001415  0.087586  -0.007762  0.990721  0.126357  -0.050058  0.034687  0.121039  0.992041  0.131411  -0.984573  0.115533  -0.007715  -0.009181  -0.012728  -0.637288  -0.540944  0.582706  2.000000  0.999603  0.017776  0.021882  -0.022095  0.011892  0.999685  0.017510  -0.999771  0.012280  0.999879  0.011821  0.010138  -0.011670  0.999823  -0.014738  -0.010311  0.014618  0.999840  1.000000  0.000147  0.000128  -0.000147  1.000000  -0.000183  -0.000128  0.000183  1.000000  0.999603  0.017776  0.021882  -0.022095  0.011892  0.999685  0.017510  -0.999771  0.012280  0.000254  0.021401  
11.407574 -0.001428  0.087574  -0.007778  0.990700  0.126616  -0.049819  0.034278  0.122079  0.991928  0.131676  -0.984411  0.116604  -0.008104  -0.009199  -0.012928  -0.655376  -0.521224  0.567347  2.000000  0.999576  0.018517  0.022489  -0.022729  0.012806  0.999660  0.018223  -0.999747  0.013222  0.999887  0.011385  0.009765  -0.011237  0.999822  -0.015143  -0.009936  0.015031  0.999838  1.000000  0.000141  0.000123  -0.000141  1.000000  -0.000189  -0.000123  0.000189  1.000000  0.999576  0.018517  0.022489  -0.022729  0.012806  0.999660  0.018223  -0.999747  0.013222  0.000254  0.021276  
11.408824 -0.001441  0.087562  -0.007795  0.990668  0.127026  -0.049407  0.033665  0.123217  0.991809  0.132074  -0.984216  0.117791  -0.008509  -0.009218  -0.013174  -0.676132  -0.514855  0.558211  2.000000  0.999554  0.019091  0.022963  -0.023224  0.013563  0.999638  0.018773  -0.999726  0.014001  0.999890  0.011131  0.009782  -0.010978  0.999818  -0.015621  -0.009954  0.015512  0.999830  1.000000  0.000138  0.000123  -0.000138  1.000000  -0.000195  -0.000123  0.000195  1.000000  0.999554  0.019091  0.022963  -0.023224  0.013563  0.999638  0.018773  -0.999726  0.014001  0.000255  0.021494  
11.410075 -0.001452  0.087549  -0.007814  0.990642  0.127458  -0.048808  0.032847  0.124449  0.991682  0.132472  -0.984006  0.119098  -0.008824  -0.009207  -0.013511  -0.702638  -0.512628  0.553650  2.000000  0.999527  0.019786  0.023549  -0.023839  0.014535  0.999610  0.019436  -0.999699  0.015000  0.999898  0.010588  0.009629  -0.010433  0.999818  -0.016002  -0.009797  0.015900  0.999826  1.000000  0.000131  0.000121  -0.000131  1.000000  -0.000199  -0.000121  0.000199  1.000000  0.999527  0.019786  0.023549  -0.023839  0.014535  0.999610  0.019436  -0.999699  0.015000  0.000256  0.021431  
11.411324 -0.001464  0.087536  -0.007832  0.990609  0.127871  -0.048398  0.032234  0.125586  0.991559  0.132869  -0.983808  0.120285  -0.008992  -0.009295  -0.013736  -0.720430  -0.499428  0.543738  2.000000  0.999499  0.020460  0.024133  -0.024453  0.015536  0.999580  0.020077  -0.999670  0.016028  0.999900  0.010335  0.009646  -0.010175  0.999812  -0.016480  -0.009815  0.016380  0.999818  1.000000  0.000128  0.000122  -0.000128  1.000000  -0.000205  -0.000122  0.000205  1.000000  0.999499  0.020460  0.024133  -0.024453  0.015536  0.999580  0.020077  -0.999670  0.016028  0.000257  0.021676  
11.412324 -0.001472  0.087525  -0.007847  0.990587  0.128133  -0.048162  0.031825  0.126624  0.991440  0.133135  -0.983640  0.121355  -0.009101  -0.009317  -0.013827  -0.739725  -0.488816  0.534642  2.000000  0.999477  0.020990  0.024600  -0.024945  0.016355  0.999555  0.020578  -0.999646  0.016870  0.999901  0.010212  0.009651  -0.010049  0.999808  -0.016838  -0.009821  0.016739  0.999812  1.000000  0.000127  0.000122  -0.000127  1.000000  -0.000210  -0.000122  0.000210  1.000000  0.999477  0.020990  0.024600  -0.024945  0.016355  0.999555  0.020578  -0.999646  0.016870  0.000260  0.021894  
11.413574 -0.001481  0.087513  -0.007865  0.990553  0.128542  -0.047770  0.031211  0.127880  0.991298  0.133532  -0.983424  0.122660  -0.009051  -0.009316  -0.013831  -0.762508  -0.486785  0.525286  2.000000  0.999449  0.021631  0.025169  -0.025547  0.017401  0.999522  0.021182  -0.999615  0.017944  0.999909  0.009777  0.009280  -0.009617  0.999807  -0.017123  -0.009446  0.017033  0.999810  1.000000  0.000121  0.000117  -0.000121  1.000000  -0.000213  -0.000117  0.000213  1.000000  0.999449  0.021631  0.025169  -0.025547  0.017401  0.999522  0.021182  -0.999615  0.017944  0.000261  0.021758  
11.414823 -0.001489  0.087501  -0.007883  0.990507  0.129111  -0.047191  0.030393  0.129113  0.991164  0.134063  -0.983189  0.123963  -0.008927  -0.009375  -0.013782  -0.782394  -0.486600  0.521199  2.000000  0.999422  0.022251  0.025713  -0.026126  0.018464  0.999488  0.021764  -0.999582  0.019035  0.999916  0.009473  0.008894  -0.009316  0.999803  -0.017532  -0.009059  0.017448  0.999807  1.000000  0.000117  0.000112  -0.000117  1.000000  -0.000219  -0.000112  0.000219  1.000000  0.999422  0.022251  0.025713  -0.026126  0.018464  0.999488  0.021764  -0.999582  0.019035  0.000264  0.021790  
11.416071 -0.001497  0.087489  -0.007899  0.990489  0.129397  -0.046769  0.029780  0.130243  0.991035  0.134328  -0.983002  0.125151  -0.008711  -0.009453  -0.013676  -0.795582  -0.481469  0.503278  2.000000  0.999394  0.022857  0.026255  -0.026704  0.019550  0.999452  0.022331  -0.999548  0.020148  0.999918  0.009218  0.008916  -0.009059  0.999801  -0.017768  -0.009078  0.017686  0.999802  1.000000  0.000114  0.000112  -0.000114  1.000000  -0.000222  -0.000112  0.000222  1.000000  0.999394  0.022857  0.026255  -0.026704  0.019550  0.999452  0.022331  -0.999548  0.020148  0.000264  0.021881  
11.417327 -0.001504  0.087477  -0.007916  0.990460  0.129826  -0.046208  0.028963  0.131711  0.990865  0.134726  -0.982750  0.126694  -0.008439  -0.009642  -0.013647  -0.820200  -0.475836  0.484967  2.000000  0.999371  0.023334  0.026702  -0.027181  0.020442  0.999421  0.022774  -0.999519  0.021064  0.999915  0.009150  0.009324  -0.008978  0.999792  -0.018317  -0.009489  0.018232  0.999789  1.000000  0.000113  0.000118  -0.000113  1.000000  -0.000228  -0.000118  0.000228  1.000000  0.999371  0.023334  0.026702  -0.027181  0.020442  0.999421  0.022774  -0.999519  0.021064  0.000266  0.022465  
11.418568 -0.001511  0.087464  -0.007931  0.990447  0.130136  -0.045600  0.028146  0.132934  0.990725  0.134991  -0.982544  0.128001  -0.008193  -0.009844  -0.013604  -0.837005  -0.479443  0.473582  2.000000  0.999342  0.023912  0.027269  -0.027787  0.021583  0.999381  0.023309  -0.999481  0.022233  0.999917  0.008659  0.009581  -0.008479  0.999790  -0.018647  -0.009740  0.018565  0.999780  1.000000  0.000107  0.000121  -0.000107  1.000000  -0.000233  -0.000121  0.000233  1.000000  0.999342  0.023912  0.027269  -0.027787  0.021583  0.999381  0.023309  -0.999481  0.022233  0.000269  0.022650  
11.419570 -0.001516  0.087454  -0.007943  0.990428  0.130432  -0.045165  0.027534  0.133942  0.990607  0.135256  -0.982368  0.129069  -0.007903  -0.009886  -0.013563  -0.847797  -0.487183  0.461402  2.000000  0.999319  0.024356  0.027728  -0.028277  0.022510  0.999347  0.023716  -0.999450  0.023184  0.999919  0.008404  0.009606  -0.008220  0.999786  -0.019006  -0.009763  0.018925  0.999773  1.000000  0.000104  0.000121  -0.000104  1.000000  -0.000237  -0.000121  0.000237  1.000000  0.999319  0.024356  0.027728  -0.028277  0.022510  0.999347  0.023716  -0.999450  0.023184  0.000269  0.022862  
11.420573 -0.001521  0.087444  -0.007955  0.990409  0.130728  -0.044730  0.026921  0.134950  0.990487  0.135521  -0.982191  0.130136  -0.007598  -0.009963  -0.013534  -0.859643  -0.487745  0.452947  2.000000  0.999295  0.024789  0.028192  -0.028774  0.023446  0.999311  0.024111  -0.999418  0.024143  0.999920  0.008149  0.009631  -0.007965  0.999788  -0.019000  -0.009784  0.018922  0.999773  1.000000  0.000101  0.000121  -0.000101  1.000000  -0.000237  -0.000121  0.000237  1.000000  0.999295  0.024789  0.028192  -0.028774  0.023446  0.999311  0.024111  -0.999418  0.024143  0.000272  0.022776  
11.421827 -0.001527  0.087432  -0.007971  0.990376  0.131170  -0.044158  0.026104  0.136294  0.990324  0.135919  -0.981946  0.131558  -0.007080  -0.009959  -0.013482  -0.882900  -0.490588  0.442402  2.000000  0.999265  0.025316  0.028782  -0.029406  0.024623  0.999264  0.024589  -0.999376  0.025350  0.999918  0.007950  0.010059  -0.007756  0.999786  -0.019185  -0.010210  0.019105  0.999765  1.000000  0.000098  0.000127  -0.000098  1.000000  -0.000239  -0.000127  0.000239  1.000000  0.999265  0.025316  0.028782  -0.029406  0.024623  0.999264  0.024589  -0.999376  0.025350  0.000274  0.023044  
11.423074 -0.001534  0.087419  -0.007986  0.990348  0.131646  -0.043367  0.025083  0.137490  0.990185  0.136316  -0.981716  0.132861  -0.006726  -0.010006  -0.013429  -0.895973  -0.496327  0.437825  2.000000  0.999234  0.025836  0.029382  -0.030049  0.025821  0.999215  0.025057  -0.999333  0.026578  0.999916  0.007859  0.010267  -0.007657  0.999780  -0.019516  -0.010418  0.019436  0.999757  1.000000  0.000097  0.000129  -0.000097  1.000000  -0.000243  -0.000129  0.000243  1.000000  0.999234  0.025836  0.029382  -0.030049  0.025821  0.999215  0.025057  -0.999333  0.026578  0.000277  0.023379  
11.424325 -0.001541  0.087407  -0.008002  0.990332  0.131960  -0.042779  0.024267  0.138830  0.990019  0.136582  -0.981485  0.134285  -0.006303  -0.009966  -0.013249  -0.914690  -0.496161  0.428909  2.000000  0.999202  0.026349  0.030001  -0.030713  0.027033  0.999163  0.025516  -0.999287  0.027821  0.999915  0.007767  0.010476  -0.007559  0.999777  -0.019727  -0.010627  0.019646  0.999751  1.000000  0.000096  0.000132  -0.000096  1.000000  -0.000246  -0.000132  0.000246  1.000000  0.999202  0.026349  0.030001  -0.030713  0.027033  0.999163  0.025516  -0.999287  0.027821  0.000280  0.023616  
11.425574 -0.001547  0.087395  -0.008016  0.990296  0.132412  -0.042194  0.023450  0.140051  0.989867  0.136979  -0.981251  0.135587  -0.005972  -0.009876  -0.012929  -0.925096  -0.508130  0.420535  2.000000  0.999176  0.026760  0.030515  -0.031264  0.028021  0.999118  0.025881  -0.999249  0.028835  0.999913  0.007810  0.010667  -0.007593  0.999768  -0.020180  -0.010822  0.020098  0.999739  1.000000  0.000096  0.000134  -0.000096  1.000000  -0.000252  -0.000134  0.000252  1.000000  0.999176  0.026760  0.030515  -0.031264  0.028021  0.999118  0.025881  -0.999249  0.028835  0.000284  0.024092  
11.426824 -0.001553  0.087385  -0.008029  0.990265  0.132889  -0.041423  0.022429  0.141364  0.989704  0.137377  -0.980998  0.137007  -0.005643  -0.009689  -0.012587  -0.935517  -0.517426  0.414853  2.000000  0.999142  0.027271  0.031176  -0.031972  0.029265  0.999060  0.026333  -0.999200  0.030112  0.999907  0.007642  0.011299  -0.007413  0.999768  -0.020216  -0.011451  0.020130  0.999732  1.000000  0.000094  0.000142  -0.000094  1.000000  -0.000252  -0.000142  0.000252  1.000000  0.999142  0.027271  0.031176  -0.031972  0.029265  0.999060  0.026333  -0.999200  0.030112  0.000286  0.024354  
11.428074 -0.001558  0.087376  -0.008042  0.990246  0.133209  -0.040839  0.021613  0.142701  0.989530  0.137642  -0.980761  0.138430  -0.005344  -0.009469  -0.012182  -0.951208  -0.523981  0.396723  2.000000  0.999106  0.027781  0.031856  -0.032701  0.030524  0.998999  0.026781  -0.999148  0.031405  0.999905  0.007554  0.011508  -0.007317  0.999762  -0.020548  -0.011660  0.020462  0.999723  1.000000  0.000093  0.000145  -0.000093  1.000000  -0.000256  -0.000145  0.000256  1.000000  0.999106  0.027781  0.031856  -0.032701  0.030524  0.998999  0.026781  -0.999148  0.031405  0.000288  0.024699  
11.429327 -0.001563  0.087367  -0.008054  0.990227  0.133530  -0.040255  0.020797  0.144037  0.989354  0.137907  -0.980522  0.139852  -0.005123  -0.009255  -0.011838  -0.966920  -0.529399  0.387164  2.000000  0.999070  0.028287  0.032551  -0.033446  0.031788  0.998935  0.027222  -0.999094  0.032704  0.999903  0.007599  0.011698  -0.007358  0.999762  -0.020516  -0.011851  0.020428  0.999721  1.000000  0.000094  0.000147  -0.000093  1.000000  -0.000256  -0.000147  0.000256  1.000000  0.999070  0.028287  0.032551  -0.033446  0.031788  0.998935  0.027222  -0.999094  0.032704  0.000290  0.024775  
11.430566 -0.001569  0.087358  -0.008067  0.990207  0.133854  -0.039673  0.019980  0.145372  0.989175  0.138172  -0.980281  0.141274  -0.004980  -0.009057  -0.011611  -0.972497  -0.541146  0.379593  2.000000  0.999032  0.028792  0.033255  -0.034202  0.033058  0.998868  0.027660  -0.999039  0.034011  0.999903  0.007484  0.011705  -0.007241  0.999761  -0.020632  -0.011857  0.020546  0.999719  1.000000  0.000092  0.000147  -0.000092  1.000000  -0.000257  -0.000147  0.000257  1.000000  0.999032  0.028792  0.033255  -0.034202  0.033058  0.998868  0.027660  -0.999039  0.034011  0.000293  0.024840  
11.431567 -0.001573  0.087351  -0.008078  0.990182  0.134163  -0.039246  0.019368  0.146374  0.989040  0.138437  -0.980089  0.142339  -0.004909  -0.008904  -0.011457  -0.980366  -0.541310  0.375682  2.000000  0.999001  0.029194  0.033829  -0.034818  0.034078  0.998812  0.028006  -0.998993  0.035060  0.999898  0.007554  0.012101  -0.007303  0.999759  -0.020696  -0.012254  0.020606  0.999713  1.000000  0.000093  0.000152  -0.000093  1.000000  -0.000258  -0.000152  0.000258  1.000000  0.999001  0.029194  0.033829  -0.034818  0.034078  0.998812  0.028006  -0.998993  0.035060  0.000295  0.025101  
11.432572 -0.001578  0.087344  -0.008089  0.990160  0.134503  -0.038617  0.018552  0.147348  0.988911  0.138702  -0.979897  0.143403  -0.004836  -0.008652  -0.011350  -0.987173  -0.553226  0.371295  2.000000  0.998970  0.029594  0.034404  -0.035437  0.035101  0.998755  0.028349  -0.998945  0.036114  0.999899  0.007436  0.012110  -0.007183  0.999758  -0.020812  -0.012262  0.020723  0.999710  1.000000  0.000091  0.000152  -0.000091  1.000000  -0.000260  -0.000152  0.000260  1.000000  0.998970  0.029594  0.034404  -0.035437  0.035101  0.998755  0.028349  -0.998945  0.036114  0.000298  0.025167  
11.433823 -0.001584  0.087335  -0.008104  0.990120  0.134963  -0.038056  0.017736  0.148684  0.988726  0.139099  -0.979632  0.144821  -0.004769  -0.008464  -0.011363  -0.998321  -0.560173  0.368478  2.000000  0.998937  0.030001  0.034994  -0.036071  0.036134  0.998696  0.028697  -0.998897  0.037178  0.999893  0.007645  0.012483  -0.007380  0.999750  -0.021118  -0.012642  0.021024  0.999699  1.000000  0.000094  0.000157  -0.000094  1.000000  -0.000263  -0.000157  0.000263  1.000000  0.998937  0.030001  0.034994  -0.036071  0.036134  0.998696  0.028697  -0.998897  0.037178  0.000301  0.025659  
11.435073 -0.001590  0.087325  -0.008120  0.990078  0.135428  -0.037481  0.016919  0.149899  0.988557  0.139497  -0.979382  0.146120  -0.004793  -0.008275  -0.011391  -1.001253  -0.567096  0.365657  2.000000  0.998895  0.030511  0.035741  -0.036875  0.037432  0.998619  0.029131  -0.998833  0.038516  0.999891  0.007559  0.012694  -0.007290  0.999751  -0.021086  -0.012850  0.020991  0.999697  1.000000  0.000093  0.000160  -0.000093  1.000000  -0.000263  -0.000160  0.000263  1.000000  0.998895  0.030511  0.035741  -0.036875  0.037432  0.998619  0.029131  -0.998833  0.038516  0.000301  0.025710  
11.436321 -0.001597  0.087315  -0.008137  0.990035  0.135891  -0.036923  0.016103  0.151232  0.988367  0.139894  -0.979113  0.147537  -0.004767  -0.008068  -0.011457  -1.007043  -0.575414  0.365117  2.000000  0.998852  0.031021  0.036495  -0.037687  0.038734  0.998539  0.029562  -0.998768  0.039859  0.999891  0.007577  0.012682  -0.007306  0.999746  -0.021323  -0.012840  0.021228  0.999692  1.000000  0.000093  0.000160  -0.000093  1.000000  -0.000266  -0.000160  0.000266  1.000000  0.998852  0.031021  0.036495  -0.037687  0.038734  0.998539  0.029562  -0.998768  0.039859  0.000304  0.025904  
11.437321 -0.001603  0.087306  -0.008150  0.990008  0.136207  -0.036501  0.015491  0.152231  0.988223  0.140159  -0.978914  0.148600  -0.004842  -0.008023  -0.011539  -1.014375  -0.586607  0.369725  2.000000  0.998817  0.031430  0.037102  -0.038341  0.039774  0.998473  0.029907  -0.998714  0.040932  0.999892  0.007459  0.012693  -0.007192  0.999755  -0.020954  -0.012846  0.020860  0.999700  1.000000  0.000092  0.000160  -0.000092  1.000000  -0.000261  -0.000160  0.000261  1.000000  0.998817  0.031430  0.037102  -0.038341  0.039774  0.998473  0.029907  -0.998714  0.040932  0.000306  0.025573  
