1-Time 2-Px 3-Py 4-Pz 5-R11 6-R21 7-R31 8-R12 9-R22 10-R32 11-R13 12-R23 13-R33 14-Vx 15-Vy 16-Vz 17-Wx 18-Wy 19-Wz 20-state 21-PR11 22-PR21 23-PR31 24-PR12 25-PR22 26-PR32 27-PR13 28-PR23 29-PR33 
101.640112 0.001044  0.089908  -0.002882  0.998497  0.054698  0.003329  -0.054734  0.998431  0.011844  -0.002676  -0.012008  0.999924  -0.000075  -0.000006  -0.000060  0.000000  0.000000  0.000000  2.000000  1.000000  0.000000  0.000000  -0.000000  1.000000  0.000000  0.000000  -0.000000  1.000000  1.000000  0.000000  0.000000  -0.000000  1.000000  -0.000121  0.000000  0.000121  1.000000  1.000000  0.000000  0.000000  0.000000  1.000000  0.000000  0.000000  0.000000  1.000000  0.558315  0.679026  0.476664  -0.685887  0.701023  -0.195258  -0.466737  -0.217922  0.857127  0.000000  0.000000  
101.641114 0.001045  0.089908  -0.002883  0.998497  0.054698  0.003329  -0.054734  0.998431  0.011844  -0.002676  -0.012008  0.999924  -0.000061  -0.000009  -0.000092  0.000000  0.000000  0.000000  2.000000  1.000000  0.000000  0.000000  0.000000  1.000000  0.000000  0.000000  0.000000  1.000000  1.000000  0.000000  0.000000  -0.000000  1.000000  -0.000121  0.000000  0.000121  1.000000  1.000000  0.000000  0.000000  0.000000  1.000000  0.000000  0.000000  0.000000  1.000000  1.000000  0.000000  0.000000  0.000000  1.000000  0.000000  0.000000  0.000000  1.000000  0.000000  0.000000  
101.642126 0.001043  0.089905  -0.002884  0.998475  0.055109  0.003341  -0.055145  0.998407  0.011963  -0.002676  -0.012129  0.999923  -0.000158  -0.000163  -0.000183  0.000000  0.000000  0.000000  2.000000  1.000000  0.000000  0.000000  0.000000  1.000000  0.000000  0.000000  0.000000  1.000000  1.000000  0.000206  0.000002  -0.000206  1.000000  -0.000001  -0.000002  0.000001  1.000000  1.000000  0.000000  0.000000  0.000000  1.000000  0.000000  0.000000  0.000000  1.000000  1.000000  0.000000  0.000000  0.000000  1.000000  0.000000  0.000000  0.000000  1.000000  0.000000  0.000000  
101.643373 0.001042  0.089902  -0.002886  0.998452  0.055518  0.003479  -0.055556  0.998384  0.011955  -0.002810  -0.012129  0.999922  -0.000236  -0.000420  -0.000326  0.000000  0.000000  0.000000  2.000000  1.000000  0.000000  0.000000  0.000000  1.000000  0.000000  0.000000  0.000000  1.000000  1.000000  0.000616  0.000141  -0.000616  1.000000  -0.000002  -0.000141  0.000002  1.000000  1.000000  0.000000  0.000000  0.000000  1.000000  0.000000  0.000000  0.000000  1.000000  1.000000  0.000000  0.000000  0.000000  1.000000  0.000000  0.000000  0.000000  1.000000  0.000000  0.000000  
101.644620 0.001041  0.089898  -0.002889  0.998440  0.055724  0.003482  -0.055762  0.998373  0.011954  -0.002810  -0.012129  0.999922  -0.000295  -0.000705  -0.000491  0.000000  0.000000  0.000000  2.000000  1.000000  0.000000  0.000000  0.000000  1.000000  0.000000  0.000000  0.000000  1.000000  0.999999  0.001028  0.000146  -0.001028  0.999999  -0.000003  -0.000146  0.000003  1.000000  1.000000  0.000000  0.000000  0.000000  1.000000  0.000000  0.000000  0.000000  1.000000  1.000000  0.000000  0.000000  0.000000  1.000000  0.000000  0.000000  0.000000  1.000000  0.000000  0.000000  
101.645870 0.001040  0.089894  -0.002890  0.998417  0.056135  0.003493  -0.056173  0.998348  0.012074  -0.002810  -0.012251  0.999921  -0.000300  -0.000919  -0.000576  0.000000  0.000000  0.000000  2.000000  1.000000  0.000000  0.000000  0.000000  1.000000  0.000000  0.000000  0.000000  1.000000  0.999999  0.001233  0.000149  -0.001234  0.999999  0.000118  -0.000149  -0.000118  1.000000  1.000000  0.000000  0.000000  0.000000  1.000000  0.000000  0.000000  0.000000  1.000000  1.000000  0.000000  0.000000  0.000000  1.000000  0.000000  0.000000  0.000000  1.000000  0.000000  0.000000  
101.647119 0.001040  0.089891  -0.002892  0.998406  0.056340  0.003496  -0.056379  0.998336  0.012073  -0.002810  -0.012251  0.999921  -0.000353  -0.001165  -0.000708  0.000000  0.000000  0.000000  2.000000  1.000000  0.000000  0.000000  0.000000  1.000000  0.000000  0.000000  0.000000  1.000000  0.999999  0.001645  0.000154  -0.001645  0.999999  0.000117  -0.000154  -0.000117  1.000000  1.000000  0.000000  0.000000  0.000000  1.000000  0.000000  0.000000  0.000000  1.000000  1.000000  0.000000  0.000000  0.000000  1.000000  0.000000  0.000000  0.000000  1.000000  0.000000  0.000000  
101.648120 0.001039  0.089888  -0.002894  0.998383  0.056752  0.003374  -0.056790  0.998312  0.012200  -0.002676  -0.012372  0.999920  -0.000390  -0.001343  -0.000790  0.000000  0.000000  0.000000  2.000000  1.000000  0.000000  0.000000  0.000000  1.000000  0.000000  0.000000  0.000000  1.000000  0.999998  0.002059  0.000025  -0.002059  0.999998  0.000237  -0.000025  -0.000237  1.000000  1.000000  0.000000  0.000000  0.000000  1.000000  0.000000  0.000000  0.000000  1.000000  1.000000  0.000000  0.000000  0.000000  1.000000  0.000000  0.000000  0.000000  1.000000  0.000000  0.000000  
101.649370 0.001039  0.089885  -0.002895  0.998347  0.057369  0.003382  -0.057406  0.998276  0.012198  -0.002676  -0.012372  0.999920  -0.000408  -0.001548  -0.000894  0.000000  0.000000  0.000000  2.000000  1.000000  0.000000  0.000000  0.000000  1.000000  0.000000  0.000000  0.000000  1.000000  0.999997  0.002470  0.000031  -0.002470  0.999997  0.000236  -0.000030  -0.000236  1.000000  1.000000  0.000000  0.000000  0.000000  1.000000  0.000000  0.000000  0.000000  1.000000  1.000000  0.000000  0.000000  0.000000  1.000000  0.000000  0.000000  0.000000  1.000000  0.000000  0.000000  
101.650370 0.001039  0.089883  -0.002897  0.998324  0.057780  0.003387  -0.057817  0.998253  0.012197  -0.002676  -0.012372  0.999920  -0.000438  -0.001707  -0.001019  0.000000  0.000000  0.000000  2.000000  1.000000  0.000000  0.000000  0.000000  1.000000  0.000000  0.000000  0.000000  1.000000  0.999996  0.002882  0.000036  -0.002882  0.999996  0.000235  -0.000035  -0.000235  1.000000  1.000000  0.000000  0.000000  0.000000  1.000000  0.000000  0.000000  0.000000  1.000000  1.000000  0.000000  0.000000  0.000000  1.000000  0.000000  0.000000  0.000000  1.000000  0.000000  0.000000  
101.651620 0.001037  0.089879  -0.002900  0.998288  0.058396  0.003401  -0.058434  0.998215  0.012316  -0.002676  -0.012493  0.999918  -0.000511  -0.001945  -0.001205  0.000000  0.000000  0.000000  2.000000  1.000000  0.000000  0.000000  0.000000  1.000000  0.000000  0.000000  0.000000  1.000000  0.999994  0.003500  0.000044  -0.003500  0.999994  0.000354  -0.000042  -0.000355  1.000000  1.000000  0.000000  0.000000  0.000000  1.000000  0.000000  0.000000  0.000000  1.000000  1.000000  0.000000  0.000000  0.000000  1.000000  0.000000  0.000000  0.000000  1.000000  0.000000  0.000000  
101.652866 0.001037  0.089877  -0.002902  0.998251  0.059013  0.003409  -0.059050  0.998179  0.012313  -0.002676  -0.012493  0.999918  -0.000497  -0.002082  -0.001343  0.000000  0.000000  0.000000  2.000000  1.000000  0.000000  0.000000  0.000000  1.000000  0.000000  0.000000  0.000000  1.000000  0.999992  0.004117  0.000051  -0.004117  0.999991  0.000353  -0.000050  -0.000353  1.000000  1.000000  0.000000  0.000000  0.000000  1.000000  0.000000  0.000000  0.000000  1.000000  1.000000  0.000000  0.000000  0.000000  1.000000  0.000000  0.000000  0.000000  1.000000  0.000000  0.000000  
101.654115 0.001036  0.089875  -0.002903  0.998227  0.059424  0.003414  -0.059461  0.998155  0.012312  -0.002676  -0.012493  0.999918  -0.000542  -0.002238  -0.001436  0.000000  0.000000  0.000000  2.000000  1.000000  0.000000  0.000000  0.000000  1.000000  0.000000  0.000000  0.000000  1.000000  0.999989  0.004735  0.000059  -0.004735  0.999989  0.000351  -0.000057  -0.000351  1.000000  1.000000  0.000000  0.000000  0.000000  1.000000  0.000000  0.000000  0.000000  1.000000  1.000000  0.000000  0.000000  0.000000  1.000000  0.000000  0.000000  0.000000  1.000000  0.000000  0.000000  
101.655365 0.001035  0.089871  -0.002906  0.998190  0.060041  0.003414  -0.060078  0.998119  0.012189  -0.002676  -0.012372  0.999920  -0.000648  -0.002457  -0.001583  0.007671  -0.002203  0.179853  2.000000  1.000000  0.000196  0.000002  -0.000196  1.000000  0.000009  -0.000002  -0.000009  1.000000  0.999986  0.005352  0.000066  -0.005352  0.999986  0.000228  -0.000065  -0.000228  1.000000  1.000000  0.000067  0.000001  -0.000067  1.000000  0.000003  -0.000001  -0.000003  1.000000  1.000000  0.000196  0.000002  -0.000196  1.000000  0.000009  -0.000002  -0.000009  1.000000  0.000045  0.005357  
101.656615 0.001033  0.089866  -0.002909  0.998153  0.060657  0.003422  -0.060694  0.998082  0.012187  -0.002676  -0.012372  0.999920  -0.000746  -0.002684  -0.001702  0.007619  -0.002459  0.200719  2.000000  1.000000  0.000476  0.000006  -0.000476  1.000000  0.000020  -0.000006  -0.000020  1.000000  0.999983  0.005764  0.000071  -0.005764  0.999983  0.000227  -0.000070  -0.000227  1.000000  1.000000  0.000072  0.000001  -0.000072  1.000000  0.000003  -0.000001  -0.000003  1.000000  1.000000  0.000476  0.000006  -0.000476  1.000000  0.000020  -0.000006  -0.000020  1.000000  0.000048  0.005769  
101.657615 0.001031  0.089862  -0.002911  0.998128  0.061068  0.003427  -0.061105  0.998057  0.012185  -0.002676  -0.012372  0.999920  -0.000779  -0.002785  -0.001753  0.007579  -0.002628  0.214474  2.000000  1.000000  0.000785  0.000010  -0.000785  1.000000  0.000036  -0.000010  -0.000036  1.000000  0.999980  0.006381  0.000079  -0.006381  0.999980  0.000347  -0.000077  -0.000347  1.000000  1.000000  0.000080  0.000001  -0.000080  1.000000  0.000004  -0.000001  -0.000004  1.000000  1.000000  0.000785  0.000010  -0.000785  1.000000  0.000036  -0.000010  -0.000036  1.000000  0.000054  0.006391  
101.658616 0.001029  0.089858  -0.002913  0.998102  0.061479  0.003432  -0.061516  0.998032  0.012184  -0.002676  -0.012372  0.999920  -0.000860  -0.002850  -0.001716  0.007542  -0.002797  0.228289  2.000000  0.999999  0.001114  0.000014  -0.001114  0.999999  0.000053  -0.000014  -0.000053  1.000000  0.999977  0.006793  0.000084  -0.006793  0.999977  0.000345  -0.000082  -0.000346  1.000000  1.000000  0.000085  0.000001  -0.000085  1.000000  0.000004  -0.000001  -0.000004  1.000000  0.999999  0.001114  0.000014  -0.001114  0.999999  0.000053  -0.000014  -0.000053  1.000000  0.000057  0.006803  
101.659619 0.001027  0.089853  -0.002914  0.998077  0.061890  0.003437  -0.061927  0.998006  0.012183  -0.002676  -0.012372  0.999920  -0.000913  -0.002966  -0.001692  0.007504  -0.002966  0.242120  2.000000  0.999999  0.001464  0.000018  -0.001464  0.999999  0.000070  -0.000018  -0.000070  1.000000  0.999974  0.007205  0.000089  -0.007205  0.999974  0.000344  -0.000087  -0.000345  1.000000  1.000000  0.000090  0.000001  -0.000090  1.000000  0.000004  -0.000001  -0.000004  1.000000  0.999999  0.001464  0.000018  -0.001464  0.999999  0.000070  -0.000018  -0.000070  1.000000  0.000061  0.007214  
101.660632 0.001026  0.089849  -0.002915  0.998051  0.062300  0.003449  -0.062338  0.997979  0.012302  -0.002676  -0.012493  0.999918  -0.000972  -0.003077  -0.001652  0.011544  -0.003152  0.255978  2.000000  0.999998  0.001835  0.000022  -0.001835  0.999998  0.000091  -0.000022  -0.000091  1.000000  0.999971  0.007617  0.000095  -0.007617  0.999971  0.000464  -0.000092  -0.000465  1.000000  1.000000  0.000095  0.000001  -0.000095  1.000000  0.000006  -0.000001  -0.000006  1.000000  0.999998  0.001835  0.000022  -0.001835  0.999998  0.000091  -0.000022  -0.000091  1.000000  0.000064  0.007631  
101.661865 0.001024  0.089842  -0.002917  0.998012  0.062915  0.003590  -0.062955  0.997941  0.012292  -0.002810  -0.012493  0.999918  -0.001048  -0.003321  -0.001683  0.011470  -0.007903  0.276661  2.000000  0.999998  0.002228  0.000032  -0.002228  0.999998  0.000114  -0.000032  -0.000114  1.000000  0.999968  0.008027  0.000234  -0.008027  0.999968  0.000462  -0.000230  -0.000464  1.000000  1.000000  0.000100  0.000003  -0.000100  1.000000  0.000006  -0.000003  -0.000006  1.000000  0.999998  0.002228  0.000032  -0.002228  0.999998  0.000114  -0.000032  -0.000114  1.000000  0.000068  0.008043  
101.662869 0.001024  0.089836  -0.002919  0.997986  0.063326  0.003596  -0.063366  0.997915  0.012290  -0.002810  -0.012493  0.999918  -0.001048  -0.003522  -0.001710  0.011432  -0.008073  0.290492  2.000000  0.999997  0.002632  0.000044  -0.002632  0.999997  0.000132  -0.000044  -0.000132  1.000000  0.999968  0.008027  0.000234  -0.008027  0.999968  0.000341  -0.000231  -0.000343  1.000000  1.000000  0.000100  0.000003  -0.000100  1.000000  0.000004  -0.000003  -0.000004  1.000000  0.999997  0.002632  0.000044  -0.002632  0.999997  0.000132  -0.000044  -0.000132  1.000000  0.000071  0.008037  
101.664123 0.001022  0.089829  -0.002922  0.997960  0.063737  0.003601  -0.063776  0.997889  0.012289  -0.002810  -0.012493  0.999918  -0.001126  -0.003820  -0.001799  0.011391  -0.008242  0.304260  2.000000  0.999995  0.003044  0.000053  -0.003044  0.999995  0.000149  -0.000052  -0.000150  1.000000  0.999966  0.008234  0.000103  -0.008234  0.999966  0.000340  -0.000100  -0.000341  1.000000  1.000000  0.000103  0.000001  -0.000103  1.000000  0.000004  -0.000001  -0.000004  1.000000  0.999995  0.003044  0.000053  -0.003044  0.999995  0.000149  -0.000052  -0.000150  1.000000  0.000075  0.008242  
101.665369 0.001021  0.089821  -0.002925  0.997947  0.063942  0.003603  -0.063982  0.997875  0.012288  -0.002810  -0.012493  0.999918  -0.001165  -0.004079  -0.001879  0.011373  -0.008327  0.311191  2.000000  0.999994  0.003556  0.000059  -0.003556  0.999994  0.000171  -0.000058  -0.000171  1.000000  0.999966  0.008234  0.000103  -0.008234  0.999966  0.000340  -0.000100  -0.000341  1.000000  1.000000  0.000103  0.000001  -0.000103  1.000000  0.000004  -0.000001  -0.000004  1.000000  0.999994  0.003556  0.000059  -0.003556  0.999994  0.000171  -0.000058  -0.000171  1.000000  0.000078  0.008242  
101.666618 0.001020  0.089814  -0.002928  0.997934  0.064148  0.003606  -0.064187  0.997862  0.012287  -0.002810  -0.012493  0.999918  -0.001168  -0.004369  -0.001908  0.015431  -0.008394  0.318148  2.000000  0.999992  0.004065  0.000065  -0.004065  0.999992  0.000186  -0.000065  -0.000186  1.000000  0.999966  0.008234  0.000103  -0.008234  0.999966  0.000219  -0.000101  -0.000220  1.000000  1.000000  0.000103  0.000001  -0.000103  1.000000  0.000003  -0.000001  -0.000003  1.000000  0.999992  0.004065  0.000065  -0.004065  0.999992  0.000186  -0.000065  -0.000186  1.000000  0.000080  0.008238  
101.667871 0.001019  0.089806  -0.002932  0.997907  0.064558  0.003611  -0.064598  0.997836  0.012286  -0.002810  -0.012493  0.999918  -0.001215  -0.004741  -0.002031  0.015390  -0.008562  0.331927  2.000000  0.999990  0.004575  0.000072  -0.004575  0.999990  0.000200  -0.000071  -0.000200  1.000000  0.999968  0.008028  0.000100  -0.008028  0.999968  0.000220  -0.000098  -0.000220  1.000000  1.000000  0.000100  0.000001  -0.000100  1.000000  0.000003  -0.000001  -0.000003  1.000000  0.999990  0.004575  0.000072  -0.004575  0.999990  0.000200  -0.000071  -0.000200  1.000000  0.000082  0.008032  
101.669115 0.001018  0.089799  -0.002935  0.997894  0.064762  0.003747  -0.064804  0.997823  0.012276  -0.002944  -0.012493  0.999918  -0.001239  -0.005031  -0.002087  0.015353  -0.013145  0.338868  2.000000  0.999987  0.005074  0.000090  -0.005074  0.999987  0.000207  -0.000089  -0.000208  1.000000  0.999969  0.007819  0.000365  -0.007819  0.999969  0.000098  -0.000364  -0.000101  1.000000  1.000000  0.000098  0.000005  -0.000098  1.000000  0.000001  -0.000005  -0.000001  1.000000  0.999987  0.005074  0.000090  -0.005074  0.999987  0.000207  -0.000089  -0.000208  1.000000  0.000085  0.007828  
101.670116 0.001016  0.089793  -0.002937  0.997880  0.064968  0.003749  -0.065009  0.997809  0.012275  -0.002944  -0.012493  0.999918  -0.001256  -0.005258  -0.002089  0.015337  -0.013233  0.345868  2.000000  0.999985  0.005460  0.000108  -0.005460  0.999985  0.000212  -0.000107  -0.000213  1.000000  0.999971  0.007613  0.000363  -0.007613  0.999971  0.000099  -0.000362  -0.000101  1.000000  1.000000  0.000095  0.000005  -0.000095  1.000000  0.000001  -0.000005  -0.000001  1.000000  0.999985  0.005460  0.000108  -0.005460  0.999985  0.000212  -0.000107  -0.000213  1.000000  0.000087  0.007623  
101.671117 0.001015  0.089787  -0.002939  0.997867  0.065172  0.003877  -0.065215  0.997797  0.012145  -0.003077  -0.012372  0.999919  -0.001252  -0.005399  -0.002056  0.011236  -0.017708  0.345789  2.000000  0.999983  0.005833  0.000127  -0.005833  0.999983  0.000214  -0.000126  -0.000215  1.000000  0.999972  0.007406  0.000493  -0.007406  0.999973  -0.000023  -0.000493  0.000019  1.000000  1.000000  0.000093  0.000006  -0.000093  1.000000  -0.000000  -0.000006  0.000000  1.000000  0.999983  0.005833  0.000127  -0.005833  0.999983  0.000214  -0.000126  -0.000215  1.000000  0.000088  0.007422  
101.672365 0.001012  0.089780  -0.002941  0.997867  0.065172  0.003877  -0.065215  0.997797  0.012145  -0.003077  -0.012372  0.999919  -0.001293  -0.005564  -0.002010  0.007180  -0.017647  0.338931  2.000000  0.999981  0.006188  0.000152  -0.006188  0.999981  0.000207  -0.000151  -0.000208  1.000000  0.999975  0.006994  0.000488  -0.006994  0.999976  -0.000143  -0.000489  0.000140  1.000000  1.000000  0.000087  0.000006  -0.000087  1.000000  -0.000002  -0.000006  0.000002  1.000000  0.999981  0.006188  0.000152  -0.006188  0.999981  0.000207  -0.000151  -0.000208  1.000000  0.000084  0.007013  
101.673374 0.001010  0.089774  -0.002942  0.997853  0.065376  0.004005  -0.065420  0.997785  0.012014  -0.003211  -0.012251  0.999920  -0.001296  -0.005679  -0.001986  0.003076  -0.017536  0.331887  2.000000  0.999979  0.006519  0.000179  -0.006519  0.999979  0.000195  -0.000178  -0.000196  1.000000  0.999979  0.006375  0.000613  -0.006375  0.999980  -0.000263  -0.000615  0.000259  1.000000  1.000000  0.000080  0.000008  -0.000080  1.000000  -0.000003  -0.000008  0.000003  1.000000  0.999979  0.006519  0.000179  -0.006519  0.999979  0.000195  -0.000178  -0.000196  1.000000  0.000083  0.006410  
101.674614 0.001007  0.089766  -0.002943  0.997853  0.065376  0.004005  -0.065420  0.997785  0.012014  -0.003211  -0.012251  0.999920  -0.001376  -0.005802  -0.001948  0.003073  -0.017314  0.322404  2.000000  0.999976  0.006915  0.000218  -0.006915  0.999976  0.000178  -0.000216  -0.000180  1.000000  0.999981  0.006169  0.000611  -0.006169  0.999981  -0.000263  -0.000612  0.000259  1.000000  1.000000  0.000077  0.000008  -0.000077  1.000000  -0.000003  -0.000008  0.000003  1.000000  0.999976  0.006915  0.000218  -0.006915  0.999976  0.000178  -0.000216  -0.000180  1.000000  0.000081  0.006205  
101.675615 0.001004  0.089760  -0.002944  0.997852  0.065375  0.004131  -0.065420  0.997787  0.011885  -0.003345  -0.012129  0.999921  -0.001475  -0.005902  -0.001965  -0.005015  -0.021688  0.315457  2.000000  0.999974  0.007205  0.000250  -0.007205  0.999974  0.000164  -0.000248  -0.000165  1.000000  0.999984  0.005550  0.000736  -0.005550  0.999985  -0.000261  -0.000738  0.000257  1.000000  1.000000  0.000069  0.000009  -0.000069  1.000000  -0.000003  -0.000009  0.000003  1.000000  0.999974  0.007205  0.000250  -0.007205  0.999974  0.000164  -0.000248  -0.000165  1.000000  0.000079  0.005605  
101.676623 0.001001  0.089754  -0.002946  0.997839  0.065580  0.004134  -0.065625  0.997774  0.011884  -0.003345  -0.012129  0.999921  -0.001570  -0.005963  -0.001970  -0.005035  -0.021782  0.311131  2.000000  0.999972  0.007473  0.000286  -0.007473  0.999972  0.000150  -0.000285  -0.000153  1.000000  0.999987  0.005138  0.000731  -0.005138  0.999987  -0.000260  -0.000733  0.000256  1.000000  1.000000  0.000064  0.000009  -0.000064  1.000000  -0.000003  -0.000009  0.000003  1.000000  0.999972  0.007473  0.000286  -0.007473  0.999972  0.000150  -0.000285  -0.000153  1.000000  0.000078  0.005196  
101.677867 0.000997  0.089745  -0.002948  0.997839  0.065580  0.004134  -0.065625  0.997774  0.011884  -0.003345  -0.012129  0.999921  -0.001790  -0.006057  -0.001967  -0.008975  -0.025914  0.294792  2.000000  0.999971  0.007601  0.000304  -0.007601  0.999971  0.000144  -0.000303  -0.000146  1.000000  0.999989  0.004727  0.000726  -0.004726  0.999989  -0.000259  -0.000728  0.000255  1.000000  1.000000  0.000000  0.000000  0.000000  1.000000  0.000000  0.000000  0.000000  1.000000  0.999971  0.007601  0.000304  -0.007601  0.999971  0.000144  -0.000303  -0.000146  1.000000  0.000076  0.000000  
101.678961 0.000994  0.089739  -0.002950  0.997839  0.065581  0.004126  -0.065625  0.997775  0.011763  -0.003345  -0.012008  0.999922  -0.001915  -0.006063  -0.001909  -0.013043  -0.025860  0.282504  2.000000  0.999971  0.007601  0.000304  -0.007601  0.999971  0.000144  -0.000303  -0.000146  1.000000  0.999990  0.004315  0.000721  -0.004315  0.999991  -0.000257  -0.000722  0.000254  1.000000  1.000000  0.000000  0.000000  0.000000  1.000000  0.000000  0.000000  0.000000  1.000000  0.999971  0.007601  0.000304  -0.007601  0.999971  0.000144  -0.000303  -0.000146  1.000000  0.000071  0.000000  
101.680119 0.000990  0.089731  -0.002952  0.997839  0.065581  0.004126  -0.065625  0.997775  0.011763  -0.003345  -0.012008  0.999922  -0.002107  -0.006130  -0.001795  -0.013024  -0.025692  0.262676  2.000000  0.999971  0.007601  0.000304  -0.007601  0.999971  0.000144  -0.000303  -0.000146  1.000000  0.999992  0.003903  0.000716  -0.003903  0.999992  -0.000377  -0.000717  0.000374  1.000000  1.000000  0.000000  0.000000  0.000000  1.000000  0.000000  0.000000  0.000000  1.000000  0.999971  0.007601  0.000304  -0.007601  0.999971  0.000144  -0.000303  -0.000146  1.000000  0.000068  0.000000  
101.681120 0.000987  0.089725  -0.002953  0.997838  0.065579  0.004259  -0.065625  0.997775  0.011754  -0.003479  -0.012008  0.999922  -0.002230  -0.006142  -0.001714  -0.017072  -0.030029  0.248726  2.000000  0.999971  0.007601  0.000304  -0.007601  0.999971  0.000144  -0.000303  -0.000146  1.000000  0.999994  0.003490  0.000845  -0.003490  0.999994  -0.000376  -0.000846  0.000373  1.000000  1.000000  0.000000  0.000000  0.000000  1.000000  0.000000  0.000000  0.000000  1.000000  0.999971  0.007601  0.000304  -0.007601  0.999971  0.000144  -0.000303  -0.000146  1.000000  0.000063  0.000000  
101.682371 0.000982  0.089717  -0.002955  0.997838  0.065579  0.004259  -0.065625  0.997775  0.011754  -0.003479  -0.012008  0.999922  -0.002485  -0.006218  -0.001594  -0.017007  -0.029771  0.227947  2.000000  0.999971  0.007601  0.000304  -0.007601  0.999971  0.000144  -0.000303  -0.000146  1.000000  0.999996  0.002874  0.000704  -0.002874  0.999996  -0.000495  -0.000705  0.000493  1.000000  1.000000  0.000000  0.000000  0.000000  1.000000  0.000000  0.000000  0.000000  1.000000  0.999971  0.007601  0.000304  -0.007601  0.999971  0.000144  -0.000303  -0.000146  1.000000  0.000059  0.000000  
101.683371 0.000979  0.089710  -0.002956  0.997838  0.065580  0.004251  -0.065625  0.997777  0.011633  -0.003479  -0.011887  0.999923  -0.002683  -0.006277  -0.001520  -0.021042  -0.029592  0.214137  2.000000  0.999971  0.007601  0.000304  -0.007601  0.999971  0.000144  -0.000303  -0.000146  1.000000  0.999997  0.002462  0.000698  -0.002462  0.999997  -0.000615  -0.000700  0.000613  1.000000  1.000000  0.000000  0.000000  0.000000  1.000000  0.000000  0.000000  0.000000  1.000000  0.999971  0.007601  0.000304  -0.007601  0.999971  0.000144  -0.000303  -0.000146  1.000000  0.000054  0.000000  
101.684372 0.000975  0.089702  -0.002958  0.997838  0.065580  0.004251  -0.065625  0.997777  0.011633  -0.003479  -0.011887  0.999923  -0.002861  -0.006366  -0.001468  -0.016901  -0.029326  0.193376  2.000000  0.999971  0.007601  0.000304  -0.007601  0.999971  0.000144  -0.000303  -0.000146  1.000000  0.999998  0.002051  0.000693  -0.002050  0.999998  -0.000614  -0.000695  0.000612  1.000000  1.000000  0.000000  0.000000  0.000000  1.000000  0.000000  0.000000  0.000000  1.000000  0.999971  0.007601  0.000304  -0.007601  0.999971  0.000144  -0.000303  -0.000146  1.000000  0.000051  0.000000  
101.685613 0.000969  0.089692  -0.002961  0.997838  0.065578  0.004385  -0.065625  0.997777  0.011624  -0.003613  -0.011887  0.999923  -0.003132  -0.006556  -0.001552  -0.016884  -0.033681  0.179624  2.000000  0.999971  0.007601  0.000304  -0.007601  0.999971  0.000144  -0.000303  -0.000146  1.000000  0.999998  0.001845  0.000691  -0.001844  0.999998  -0.000613  -0.000692  0.000612  1.000000  1.000000  0.000000  0.000000  0.000000  1.000000  0.000000  0.000000  0.000000  1.000000  0.999971  0.007601  0.000304  -0.007601  0.999971  0.000144  -0.000303  -0.000146  1.000000  0.000046  0.000000  
101.686615 0.000964  0.089685  -0.002963  0.997838  0.065579  0.004377  -0.065625  0.997778  0.011503  -0.003613  -0.011765  0.999924  -0.003317  -0.006652  -0.001595  0.000000  0.000000  0.000000  2.000000  0.999971  0.007601  0.000304  -0.007601  0.999971  0.000144  -0.000303  -0.000146  1.000000  0.999998  0.001637  0.000822  -0.001637  0.999998  -0.000734  -0.000823  0.000732  0.999999  1.000000  0.000000  0.000000  0.000000  1.000000  0.000000  0.000000  0.000000  1.000000  0.999971  0.007601  0.000304  -0.007601  0.999971  0.000144  -0.000303  -0.000146  1.000000  0.000000  0.000000  
101.687627 0.000960  0.089677  -0.002966  0.997838  0.065579  0.004377  -0.065625  0.997778  0.011503  -0.003613  -0.011765  0.999924  -0.003477  -0.006789  -0.001701  0.000000  0.000000  0.000000  2.000000  0.999971  0.007601  0.000304  -0.007601  0.999971  0.000144  -0.000303  -0.000146  1.000000  0.999999  0.001432  0.000820  -0.001431  0.999999  -0.000733  -0.000821  0.000732  0.999999  1.000000  0.000000  0.000000  0.000000  1.000000  0.000000  0.000000  0.000000  1.000000  0.999971  0.007601  0.000304  -0.007601  0.999971  0.000144  -0.000303  -0.000146  1.000000  0.000000  0.000000  
101.688869 0.000954  0.089668  -0.002969  0.997838  0.065579  0.004377  -0.065625  0.997778  0.011503  -0.003613  -0.011765  0.999924  -0.003699  -0.006918  -0.001765  0.000000  0.000000  0.000000  2.000000  0.999971  0.007601  0.000304  -0.007601  0.999971  0.000144  -0.000303  -0.000146  1.000000  0.999999  0.001020  0.000815  -0.001019  0.999999  -0.000732  -0.000816  0.000731  0.999999  1.000000  0.000000  0.000000  0.000000  1.000000  0.000000  0.000000  0.000000  1.000000  0.999971  0.007601  0.000304  -0.007601  0.999971  0.000144  -0.000303  -0.000146  1.000000  0.000000  0.000000  
101.690119 0.000948  0.089658  -0.002972  0.997838  0.065579  0.004369  -0.065625  0.997779  0.011382  -0.003613  -0.011644  0.999926  -0.003853  -0.007002  -0.001916  0.000000  0.000000  0.000000  2.000000  0.999971  0.007601  0.000304  -0.007601  0.999971  0.000144  -0.000303  -0.000146  1.000000  0.999999  0.000816  0.000679  -0.000815  0.999999  -0.000852  -0.000679  0.000852  0.999999  1.000000  0.000000  0.000000  0.000000  1.000000  0.000000  0.000000  0.000000  1.000000  0.999971  0.007601  0.000304  -0.007601  0.999971  0.000144  -0.000303  -0.000146  1.000000  0.000000  0.000000  
101.691363 0.000942  0.089649  -0.002975  0.997838  0.065579  0.004369  -0.065625  0.997779  0.011382  -0.003613  -0.011644  0.999926  -0.003997  -0.007091  -0.002010  0.000000  0.000000  0.000000  2.000000  0.999971  0.007601  0.000304  -0.007601  0.999971  0.000144  -0.000303  -0.000146  1.000000  1.000000  0.000610  0.000676  -0.000609  0.999999  -0.000851  -0.000677  0.000851  0.999999  1.000000  0.000000  0.000000  0.000000  1.000000  0.000000  0.000000  0.000000  1.000000  0.999971  0.007601  0.000304  -0.007601  0.999971  0.000144  -0.000303  -0.000146  1.000000  0.000000  0.000000  
101.692364 0.000936  0.089641  -0.002978  0.997838  0.065579  0.004369  -0.065625  0.997779  0.011382  -0.003613  -0.011644  0.999926  -0.004144  -0.007141  -0.002075  0.000000  0.000000  0.000000  2.000000  0.999971  0.007601  0.000304  -0.007601  0.999971  0.000144  -0.000303  -0.000146  1.000000  1.000000  0.000405  0.000540  -0.000405  1.000000  -0.000729  -0.000540  0.000729  1.000000  1.000000  0.000000  0.000000  0.000000  1.000000  0.000000  0.000000  0.000000  1.000000  0.999971  0.007601  0.000304  -0.007601  0.999971  0.000144  -0.000303  -0.000146  1.000000  0.000000  0.000000  
101.693373 0.000931  0.089634  -0.002981  0.997838  0.065579  0.004369  -0.065625  0.997779  0.011382  -0.003613  -0.011644  0.999926  -0.004278  -0.007211  -0.002128  0.000000  0.000000  0.000000  2.000000  0.999971  0.007601  0.000304  -0.007601  0.999971  0.000144  -0.000303  -0.000146  1.000000  1.000000  0.000405  0.000540  -0.000405  1.000000  -0.000608  -0.000540  0.000608  1.000000  1.000000  0.000000  0.000000  0.000000  1.000000  0.000000  0.000000  0.000000  1.000000  0.999971  0.007601  0.000304  -0.007601  0.999971  0.000144  -0.000303  -0.000146  1.000000  0.000000  0.000000  
101.694619 0.000925  0.089625  -0.002983  0.997838  0.065579  0.004369  -0.065625  0.997779  0.011382  -0.003613  -0.011644  0.999926  -0.004448  -0.007263  -0.002164  0.000000  0.000000  0.000000  2.000000  0.999971  0.007601  0.000304  -0.007601  0.999971  0.000144  -0.000303  -0.000146  1.000000  1.000000  0.000201  0.000404  -0.000201  1.000000  -0.000607  -0.000404  0.000607  1.000000  1.000000  0.000000  0.000000  0.000000  1.000000  0.000000  0.000000  0.000000  1.000000  0.999971  0.007601  0.000304  -0.007601  0.999971  0.000144  -0.000303  -0.000146  1.000000  0.000000  0.000000  
101.695622 0.000920  0.089619  -0.002985  0.997838  0.065579  0.004369  -0.065625  0.997779  0.011382  -0.003613  -0.011644  0.999926  -0.004581  -0.007288  -0.002179  0.000000  0.000000  0.000000  2.000000  0.999971  0.007601  0.000304  -0.007601  0.999971  0.000144  -0.000303  -0.000146  1.000000  1.000000  0.000201  0.000404  -0.000201  1.000000  -0.000607  -0.000404  0.000607  1.000000  1.000000  0.000000  0.000000  0.000000  1.000000  0.000000  0.000000  0.000000  1.000000  0.999971  0.007601  0.000304  -0.007601  0.999971  0.000144  -0.000303  -0.000146  1.000000  0.000000  0.000000  
101.696876 0.000914  0.089610  -0.002987  0.997851  0.065374  0.004366  -0.065420  0.997793  0.011383  -0.003613  -0.011644  0.999926  -0.004741  -0.007329  -0.002211  0.000000  0.000000  0.000000  2.000000  0.999971  0.007601  0.000304  -0.007601  0.999971  0.000144  -0.000303  -0.000146  1.000000  1.000000  -0.000003  0.000268  0.000003  1.000000  -0.000485  -0.000268  0.000485  1.000000  1.000000  0.000000  0.000000  0.000000  1.000000  0.000000  0.000000  0.000000  1.000000  0.999971  0.007601  0.000304  -0.007601  0.999971  0.000144  -0.000303  -0.000146  1.000000  0.000000  0.000000  
101.698125 0.000907  0.089601  -0.002989  0.997852  0.065375  0.004233  -0.065420  0.997793  0.011392  -0.003479  -0.011644  0.999926  -0.004831  -0.007331  -0.002239  0.000000  0.000000  0.000000  2.000000  0.999971  0.007601  0.000304  -0.007601  0.999971  0.000144  -0.000303  -0.000146  1.000000  1.000000  -0.000207  0.000131  0.000207  1.000000  -0.000484  -0.000131  0.000484  1.000000  1.000000  0.000000  0.000000  0.000000  1.000000  0.000000  0.000000  0.000000  1.000000  0.999971  0.007601  0.000304  -0.007601  0.999971  0.000144  -0.000303  -0.000146  1.000000  0.000000  0.000000  
101.699367 0.000902  0.089593  -0.002992  0.997852  0.065375  0.004233  -0.065420  0.997793  0.011392  -0.003479  -0.011644  0.999926  -0.004875  -0.007314  -0.002280  0.000000  0.000000  0.000000  2.000000  0.999971  0.007601  0.000304  -0.007601  0.999971  0.000144  -0.000303  -0.000146  1.000000  1.000000  -0.000207  0.000131  0.000207  1.000000  -0.000484  -0.000131  0.000484  1.000000  1.000000  0.000000  0.000000  0.000000  1.000000  0.000000  0.000000  0.000000  1.000000  0.999971  0.007601  0.000304  -0.007601  0.999971  0.000144  -0.000303  -0.000146  1.000000  0.000000  0.000000  
101.700368 0.000897  0.089586  -0.002995  0.997851  0.065374  0.004366  -0.065420  0.997793  0.011383  -0.003613  -0.011644  0.999926  -0.004865  -0.007219  -0.002291  0.000000  0.000000  0.000000  2.000000  0.999971  0.007601  0.000304  -0.007601  0.999971  0.000144  -0.000303  -0.000146  1.000000  1.000000  -0.000207  0.000131  0.000207  1.000000  -0.000363  -0.000131  0.000363  1.000000  1.000000  0.000000  0.000000  0.000000  1.000000  0.000000  0.000000  0.000000  1.000000  0.999971  0.007601  0.000304  -0.007601  0.999971  0.000144  -0.000303  -0.000146  1.000000  0.000000  0.000000  
101.701621 0.000891  0.089577  -0.002999  0.997838  0.065579  0.004369  -0.065625  0.997779  0.011382  -0.003613  -0.011644  0.999926  -0.004844  -0.007195  -0.002366  0.000000  0.000000  0.000000  2.000000  0.999971  0.007601  0.000304  -0.007601  0.999971  0.000144  -0.000303  -0.000146  1.000000  1.000000  -0.000002  0.000134  0.000002  1.000000  -0.000364  -0.000134  0.000364  1.000000  1.000000  0.000000  0.000000  0.000000  1.000000  0.000000  0.000000  0.000000  1.000000  0.999971  0.007601  0.000304  -0.007601  0.999971  0.000144  -0.000303  -0.000146  1.000000  0.000000  0.000000  
101.702866 0.000886  0.089568  -0.003002  0.997838  0.065579  0.004369  -0.065625  0.997779  0.011382  -0.003613  -0.011644  0.999926  -0.004793  -0.007125  -0.002338  0.000000  0.000000  0.000000  2.000000  0.999971  0.007601  0.000304  -0.007601  0.999971  0.000144  -0.000303  -0.000146  1.000000  1.000000  -0.000002  0.000134  0.000002  1.000000  -0.000364  -0.000134  0.000364  1.000000  1.000000  0.000000  0.000000  0.000000  1.000000  0.000000  0.000000  0.000000  1.000000  0.999971  0.007601  0.000304  -0.007601  0.999971  0.000144  -0.000303  -0.000146  1.000000  0.000000  0.000000  
101.703870 0.000883  0.089561  -0.003005  0.997838  0.065581  0.004235  -0.065625  0.997779  0.011391  -0.003479  -0.011644  0.999926  -0.004733  -0.007103  -0.002383  0.000000  0.000000  0.000000  2.000000  0.999971  0.007601  0.000304  -0.007601  0.999971  0.000144  -0.000303  -0.000146  1.000000  1.000000  -0.000000  0.000000  -0.000000  1.000000  -0.000243  0.000000  0.000243  1.000000  1.000000  0.000000  0.000000  0.000000  1.000000  0.000000  0.000000  0.000000  1.000000  0.999971  0.007601  0.000304  -0.007601  0.999971  0.000144  -0.000303  -0.000146  1.000000  0.000000  0.000000  
101.705115 0.000879  0.089552  -0.003007  0.997838  0.065581  0.004235  -0.065625  0.997779  0.011391  -0.003479  -0.011644  0.999926  -0.004625  -0.007062  -0.002345  0.000000  0.000000  0.000000  2.000000  0.999971  0.007601  0.000304  -0.007601  0.999971  0.000144  -0.000303  -0.000146  1.000000  1.000000  -0.000000  0.000000  -0.000000  1.000000  -0.000243  0.000000  0.000243  1.000000  1.000000  0.000000  0.000000  0.000000  1.000000  0.000000  0.000000  0.000000  1.000000  0.999971  0.007601  0.000304  -0.007601  0.999971  0.000144  -0.000303  -0.000146  1.000000  0.000000  0.000000  
101.706119 0.000875  0.089546  -0.003010  0.997838  0.065581  0.004235  -0.065625  0.997779  0.011391  -0.003479  -0.011644  0.999926  -0.004502  -0.006983  -0.002352  0.000000  0.000000  0.000000  2.000000  0.999971  0.007601  0.000304  -0.007601  0.999971  0.000144  -0.000303  -0.000146  1.000000  1.000000  -0.000000  0.000000  -0.000000  1.000000  -0.000243  0.000000  0.000243  1.000000  1.000000  0.000000  0.000000  0.000000  1.000000  0.000000  0.000000  0.000000  1.000000  0.999971  0.007601  0.000304  -0.007601  0.999971  0.000144  -0.000303  -0.000146  1.000000  0.000000  0.000000  
101.707364 0.000871  0.089537  -0.003013  0.997838  0.065581  0.004235  -0.065625  0.997779  0.011391  -0.003479  -0.011644  0.999926  -0.004303  -0.006936  -0.002288  0.000000  0.000000  0.000000  2.000000  0.999971  0.007601  0.000304  -0.007601  0.999971  0.000144  -0.000303  -0.000146  1.000000  1.000000  0.000002  -0.000134  -0.000002  1.000000  -0.000121  0.000134  0.000121  1.000000  1.000000  0.000000  0.000000  0.000000  1.000000  0.000000  0.000000  0.000000  1.000000  0.999971  0.007601  0.000304  -0.007601  0.999971  0.000144  -0.000303  -0.000146  1.000000  0.000000  0.000000  
101.708365 0.000868  0.089530  -0.003016  0.997838  0.065581  0.004235  -0.065625  0.997779  0.011391  -0.003479  -0.011644  0.999926  -0.004196  -0.006951  -0.002325  0.000000  0.000000  0.000000  2.000000  0.999971  0.007601  0.000304  -0.007601  0.999971  0.000144  -0.000303  -0.000146  1.000000  1.000000  0.000002  -0.000134  -0.000002  1.000000  -0.000121  0.000134  0.000121  1.000000  1.000000  0.000000  0.000000  0.000000  1.000000  0.000000  0.000000  0.000000  1.000000  0.999971  0.007601  0.000304  -0.007601  0.999971  0.000144  -0.000303  -0.000146  1.000000  0.000000  0.000000  
101.709368 0.000866  0.089523  -0.003018  0.997824  0.065785  0.004371  -0.065831  0.997766  0.011381  -0.003613  -0.011644  0.999926  -0.004013  -0.006926  -0.002311  0.000000  0.000000  0.000000  2.000000  0.999971  0.007601  0.000304  -0.007601  0.999971  0.000144  -0.000303  -0.000146  1.000000  1.000000  0.000207  -0.000131  -0.000207  1.000000  -0.000122  0.000131  0.000122  1.000000  1.000000  0.000000  0.000000  0.000000  1.000000  0.000000  0.000000  0.000000  1.000000  0.999971  0.007601  0.000304  -0.007601  0.999971  0.000144  -0.000303  -0.000146  1.000000  0.000000  0.000000  
101.710370 0.000863  0.089516  -0.003020  0.997824  0.065784  0.004379  -0.065831  0.997765  0.011502  -0.003613  -0.011765  0.999924  -0.003903  -0.006999  -0.002349  0.000000  0.000000  0.000000  2.000000  0.999971  0.007601  0.000304  -0.007601  0.999971  0.000144  -0.000303  -0.000146  1.000000  1.000000  0.000206  0.000002  -0.000206  1.000000  0.000121  -0.000002  -0.000121  1.000000  1.000000  0.000000  0.000000  0.000000  1.000000  0.000000  0.000000  0.000000  1.000000  0.999971  0.007601  0.000304  -0.007601  0.999971  0.000144  -0.000303  -0.000146  1.000000  0.000000  0.000000  
101.711372 0.000860  0.089509  -0.003022  0.997824  0.065784  0.004379  -0.065831  0.997765  0.011502  -0.003613  -0.011765  0.999924  -0.003721  -0.007009  -0.002420  0.000000  0.000000  0.000000  2.000000  0.999971  0.007601  0.000304  -0.007601  0.999971  0.000144  -0.000303  -0.000146  1.000000  1.000000  0.000206  0.000002  -0.000206  1.000000  0.000121  -0.000002  -0.000121  1.000000  1.000000  0.000000  0.000000  0.000000  1.000000  0.000000  0.000000  0.000000  1.000000  0.999971  0.007601  0.000304  -0.007601  0.999971  0.000144  -0.000303  -0.000146  1.000000  0.000000  0.000000  
101.712621 0.000857  0.089500  -0.003025  0.997824  0.065784  0.004379  -0.065831  0.997765  0.011502  -0.003613  -0.011765  0.999924  -0.003502  -0.007018  -0.002462  0.000000  0.000000  0.000000  2.000000  0.999971  0.007601  0.000304  -0.007601  0.999971  0.000144  -0.000303  -0.000146  1.000000  1.000000  0.000206  0.000002  -0.000206  1.000000  0.000121  -0.000002  -0.000121  1.000000  1.000000  0.000000  0.000000  0.000000  1.000000  0.000000  0.000000  0.000000  1.000000  0.999971  0.007601  0.000304  -0.007601  0.999971  0.000144  -0.000303  -0.000146  1.000000  0.000000  0.000000  
101.713866 0.000854  0.089492  -0.003027  0.997824  0.065784  0.004379  -0.065831  0.997765  0.011502  -0.003613  -0.011765  0.999924  -0.003324  -0.006974  -0.002395  0.000000  0.000000  0.000000  2.000000  0.999971  0.007601  0.000304  -0.007601  0.999971  0.000144  -0.000303  -0.000146  1.000000  1.000000  0.000206  0.000002  -0.000206  1.000000  0.000121  -0.000002  -0.000121  1.000000  1.000000  0.000000  0.000000  0.000000  1.000000  0.000000  0.000000  0.000000  1.000000  0.999971  0.007601  0.000304  -0.007601  0.999971  0.000144  -0.000303  -0.000146  1.000000  0.000000  0.000000  
