1-Time 2-Px 3-Py 4-Pz 5-R11 6-R21 7-R31 8-R12 9-R22 10-R32 11-R13 12-R23 13-R33 14-Vx 15-Vy 16-Vz 17-Wx 18-Wy 19-Wz 20-state 21-PR11 22-PR21 23-PR31 24-PR12 25-PR22 26-PR32 27-PR13 28-PR23 29-PR33 
94.594832 0.011485  0.097950  -0.000492  0.996935  0.076512  0.016341  -0.018884  0.032635  0.999289  0.075925  -0.996534  0.033979  -0.000003  0.000018  0.000134  0.000000  0.000000  0.000000  2.000000  1.000000  0.000000  0.000000  0.000000  -0.000000  1.000000  0.000000  -1.000000  -0.000000  1.000000  0.000000  0.000000  -0.000000  1.000000  0.000000  0.000000  0.000000  1.000000  1.000000  0.000000  0.000000  0.000000  1.000000  0.000000  0.000000  0.000000  1.000000  0.648241  0.641204  0.410659  -0.426553  -0.140951  0.893412  0.630742  -0.754314  0.182138  0.000000  0.000000  
94.595834 0.011485  0.097950  -0.000492  0.996931  0.076519  0.016547  -0.019090  0.032619  0.999286  0.075925  -0.996534  0.033979  -0.000003  0.000018  0.000136  0.000000  0.000000  0.000000  2.000000  1.000000  0.000000  0.000000  0.000000  -0.000000  1.000000  0.000000  -1.000000  -0.000000  1.000000  0.000000  0.000000  -0.000000  1.000000  0.000000  0.000000  0.000000  1.000000  1.000000  0.000000  0.000000  0.000000  1.000000  0.000000  0.000000  0.000000  1.000000  1.000000  0.000000  0.000000  0.000000  -0.000000  1.000000  0.000000  -1.000000  -0.000000  0.000000  0.000000  
94.596842 0.011487  0.097951  -0.000492  0.996927  0.076526  0.016753  -0.019295  0.032603  0.999282  0.075925  -0.996534  0.033979  0.000095  0.000047  0.000125  0.000000  0.000000  0.000000  2.000000  1.000000  0.000000  0.000000  0.000000  -0.000000  1.000000  0.000000  -1.000000  -0.000000  1.000000  0.000014  0.000410  -0.000014  1.000000  0.000031  -0.000410  -0.000031  1.000000  1.000000  0.000000  0.000000  0.000000  1.000000  0.000000  0.000000  0.000000  1.000000  1.000000  0.000000  0.000000  0.000000  -0.000000  1.000000  0.000000  -1.000000  -0.000000  0.000000  0.000000  
94.597844 0.011489  0.097951  -0.000492  0.996925  0.076412  0.017374  -0.019911  0.032559  0.999271  0.075791  -0.996545  0.033980  0.000285  0.000085  0.000148  0.000000  0.000000  0.000000  2.000000  1.000000  0.000000  0.000000  0.000000  -0.000000  1.000000  0.000000  -1.000000  -0.000000  1.000000  -0.000106  0.000825  0.000106  1.000000  0.000063  -0.000825  -0.000062  1.000000  1.000000  0.000000  0.000000  0.000000  1.000000  0.000000  0.000000  0.000000  1.000000  1.000000  0.000000  0.000000  0.000000  -0.000000  1.000000  0.000000  -1.000000  -0.000000  0.000000  0.000000  
94.599090 0.011492  0.097952  -0.000491  0.996923  0.076301  0.017987  -0.020527  0.032635  0.999257  0.075658  -0.996551  0.034101  0.000484  0.000099  0.000182  0.000000  0.000000  0.000000  2.000000  1.000000  0.000000  0.000000  0.000000  -0.000000  1.000000  0.000000  -1.000000  -0.000000  0.999999  -0.000211  0.001650  0.000211  1.000000  0.000004  -0.001650  -0.000003  0.999999  1.000000  0.000000  0.000000  0.000000  1.000000  0.000000  0.000000  0.000000  1.000000  1.000000  0.000000  0.000000  0.000000  -0.000000  1.000000  0.000000  -1.000000  -0.000000  0.000000  0.000000  
94.600336 0.011496  0.097952  -0.000491  0.996924  0.076182  0.018403  -0.020937  0.032607  0.999249  0.075524  -0.996561  0.034101  0.000742  0.000136  0.000171  0.000000  0.000000  0.000000  2.000000  1.000000  0.000000  0.000000  0.000000  -0.000000  1.000000  0.000000  -1.000000  -0.000000  0.999998  -0.000331  0.002065  0.000331  1.000000  0.000035  -0.002065  -0.000034  0.999998  1.000000  0.000000  0.000000  0.000000  1.000000  0.000000  0.000000  0.000000  1.000000  1.000000  0.000000  0.000000  0.000000  -0.000000  1.000000  0.000000  -1.000000  -0.000000  0.000000  0.000000  
94.601338 0.011500  0.097953  -0.000490  0.996915  0.076195  0.018814  -0.021348  0.032575  0.999241  0.075524  -0.996561  0.034101  0.000985  0.000176  0.000194  0.000000  0.000000  0.000000  2.000000  1.000000  0.000000  0.000000  0.000000  -0.000000  1.000000  0.000000  -1.000000  -0.000000  0.999997  -0.000451  0.002480  0.000451  1.000000  0.000066  -0.002480  -0.000065  0.999997  1.000000  0.000000  0.000000  0.000000  1.000000  0.000000  0.000000  0.000000  1.000000  1.000000  0.000000  0.000000  0.000000  -0.000000  1.000000  0.000000  -1.000000  -0.000000  0.000000  0.000000  
94.602588 0.011505  0.097953  -0.000490  0.996902  0.076217  0.019422  -0.021964  0.032649  0.999226  0.075524  -0.996557  0.034222  0.001321  0.000225  0.000251  0.000000  0.000000  0.000000  2.000000  1.000000  0.000000  0.000000  0.000000  -0.000000  1.000000  0.000000  -1.000000  -0.000000  0.999996  -0.000303  0.002886  0.000303  1.000000  -0.000024  -0.002886  0.000025  0.999996  1.000000  0.000000  0.000000  0.000000  1.000000  0.000000  0.000000  0.000000  1.000000  1.000000  0.000000  0.000000  0.000000  -0.000000  1.000000  0.000000  -1.000000  -0.000000  0.000000  0.000000  
94.603589 0.011509  0.097954  -0.000489  0.996878  0.076373  0.020025  -0.022579  0.032721  0.999209  0.075658  -0.996542  0.034343  0.001604  0.000272  0.000308  0.000000  0.000000  0.000000  2.000000  1.000000  0.000000  0.000000  0.000000  -0.000000  1.000000  0.000000  -1.000000  -0.000000  0.999994  -0.000148  0.003497  0.000148  1.000000  0.000023  -0.003497  -0.000022  0.999994  1.000000  0.000000  0.000000  0.000000  1.000000  0.000000  0.000000  0.000000  1.000000  1.000000  0.000000  0.000000  0.000000  -0.000000  1.000000  0.000000  -1.000000  -0.000000  0.000000  0.000000  
94.604590 0.011512  0.097955  -0.000487  0.996849  0.076534  0.020844  -0.023400  0.032655  0.999193  0.075791  -0.996532  0.034342  0.001833  0.000316  0.000365  0.000000  0.000000  0.000000  2.000000  1.000000  0.000000  0.000000  0.000000  -0.000000  1.000000  0.000000  -1.000000  -0.000000  0.999991  0.000014  0.004313  -0.000014  1.000000  -0.000036  -0.004313  0.000036  0.999991  1.000000  0.000000  0.000000  0.000000  1.000000  0.000000  0.000000  0.000000  1.000000  1.000000  0.000000  0.000000  0.000000  -0.000000  1.000000  0.000000  -1.000000  -0.000000  0.000000  0.000000  
94.605590 0.011515  0.097955  -0.000487  0.996845  0.076420  0.021465  -0.024016  0.032610  0.999180  0.075658  -0.996542  0.034343  0.002033  0.000330  0.000399  0.000880  -0.172642  -0.003078  2.000000  1.000000  0.000000  0.000000  0.000000  -0.000000  1.000000  0.000000  -1.000000  -0.000000  0.999988  -0.000099  0.004933  0.000099  1.000000  0.000011  -0.004933  -0.000010  0.999988  1.000000  0.000000  0.000000  0.000000  1.000000  0.000000  0.000000  0.000000  1.000000  1.000000  0.000000  0.000000  0.000000  -0.000000  1.000000  0.000000  -1.000000  -0.000000  0.000000  0.000000  
94.606832 0.011519  0.097957  -0.000486  0.996835  0.076317  0.022283  -0.024837  0.032672  0.999157  0.075524  -0.996548  0.034464  0.002274  0.000454  0.000456  -0.001112  -0.200401  -0.006615  2.000000  1.000000  -0.000007  0.000342  -0.000342  0.000001  1.000000  -0.000007  -1.000000  0.000001  0.999983  -0.000204  0.005758  0.000204  1.000000  -0.000048  -0.005758  0.000049  0.999983  1.000000  -0.000003  0.000072  0.000003  1.000000  -0.000001  -0.000072  0.000001  1.000000  1.000000  -0.000007  0.000342  -0.000342  0.000001  1.000000  -0.000007  -1.000000  0.000001  0.000048  0.005762  
94.607835 0.011521  0.097958  -0.000485  0.996824  0.076213  0.023102  -0.025658  0.032734  0.999135  0.075391  -0.996554  0.034585  0.002470  0.000552  0.000524  -0.003117  -0.228817  -0.010178  2.000000  1.000000  -0.000016  0.000655  -0.000655  0.000002  1.000000  -0.000016  -1.000000  0.000002  0.999978  -0.000176  0.006579  0.000176  1.000000  0.000014  -0.006579  -0.000013  0.999978  1.000000  -0.000002  0.000082  0.000002  1.000000  0.000000  -0.000082  -0.000000  1.000000  1.000000  -0.000016  0.000655  -0.000655  0.000002  1.000000  -0.000016  -1.000000  0.000002  0.000055  0.006581  
94.608836 0.011524  0.097959  -0.000484  0.996802  0.076240  0.023924  -0.026479  0.032671  0.999115  0.075391  -0.996554  0.034585  0.002683  0.000646  0.000559  -0.001014  -0.255687  -0.009198  2.000000  0.999999  -0.000031  0.001010  -0.001010  0.000005  0.999999  -0.000031  -1.000000  0.000005  0.999973  -0.000281  0.007404  0.000281  1.000000  -0.000045  -0.007404  0.000047  0.999973  1.000000  -0.000004  0.000093  0.000004  1.000000  -0.000001  -0.000093  0.000001  1.000000  0.999999  -0.000031  0.001010  -0.001010  0.000005  0.999999  -0.000031  -1.000000  0.000005  0.000062  0.007410  
94.610088 0.011529  0.097962  -0.000482  0.996785  0.076146  0.024939  -0.027505  0.032839  0.999082  0.075257  -0.996556  0.034827  0.002999  0.000867  0.000718  -0.006570  -0.290374  -0.012473  2.000000  0.999999  -0.000043  0.001414  -0.001414  0.000010  0.999999  -0.000043  -1.000000  0.000010  0.999964  -0.000245  0.008430  0.000245  1.000000  -0.000088  -0.008430  0.000090  0.999964  1.000000  -0.000003  0.000105  0.000003  1.000000  -0.000001  -0.000105  0.000001  1.000000  0.999999  -0.000043  0.001414  -0.001414  0.000010  0.999999  -0.000043  -1.000000  0.000010  0.000070  0.008434  
94.611335 0.011533  0.097966  -0.000479  0.996762  0.076176  0.025752  -0.028326  0.032897  0.999057  0.075257  -0.996552  0.034948  0.003157  0.001066  0.000863  -0.008554  -0.317969  -0.011502  2.000000  0.999998  -0.000066  0.001974  -0.001974  0.000023  0.999998  -0.000066  -1.000000  0.000023  0.999957  -0.000348  0.009255  0.000351  1.000000  -0.000268  -0.009255  0.000272  0.999957  1.000000  -0.000004  0.000116  0.000004  1.000000  -0.000003  -0.000116  0.000003  1.000000  0.999998  -0.000066  0.001974  -0.001974  0.000023  0.999998  -0.000066  -1.000000  0.000023  0.000077  0.009266  
94.612340 0.011536  0.097970  -0.000478  0.996738  0.076210  0.026557  -0.029147  0.033077  0.999028  0.075257  -0.996543  0.035190  0.003208  0.001254  0.000885  -0.014611  -0.345430  -0.010502  2.000000  0.999997  -0.000082  0.002463  -0.002463  0.000040  0.999997  -0.000082  -1.000000  0.000039  0.999949  -0.000319  0.010076  0.000322  1.000000  -0.000328  -0.010076  0.000331  0.999949  1.000000  -0.000004  0.000126  0.000004  1.000000  -0.000004  -0.000126  0.000004  1.000000  0.999997  -0.000082  0.002463  -0.002463  0.000040  0.999997  -0.000082  -1.000000  0.000039  0.000085  0.010086  
94.613587 0.011540  0.097975  -0.000476  0.996718  0.076114  0.027580  -0.030173  0.033123  0.998996  0.075124  -0.996549  0.035311  0.003254  0.001528  0.001003  -0.016100  -0.380119  -0.013778  2.000000  0.999995  -0.000106  0.003131  -0.003131  0.000066  0.999995  -0.000106  -1.000000  0.000066  0.999938  -0.000414  0.011106  0.000420  1.000000  -0.000492  -0.011106  0.000497  0.999938  1.000000  -0.000005  0.000139  0.000005  1.000000  -0.000006  -0.000139  0.000006  1.000000  0.999995  -0.000106  0.003131  -0.003131  0.000066  0.999995  -0.000106  -1.000000  0.000066  0.000093  0.011125  
94.614837 0.011544  0.097978  -0.000475  0.996702  0.076015  0.028389  -0.030994  0.033307  0.998964  0.074991  -0.996550  0.035553  0.003273  0.001747  0.001020  -0.022187  -0.407815  -0.017262  2.000000  0.999993  -0.000131  0.003856  -0.003856  0.000101  0.999993  -0.000131  -1.000000  0.000101  0.999929  -0.000383  0.011927  0.000391  1.000000  -0.000673  -0.011927  0.000677  0.999929  1.000000  -0.000005  0.000149  0.000005  1.000000  -0.000008  -0.000149  0.000008  1.000000  0.999993  -0.000131  0.003856  -0.003856  0.000101  0.999993  -0.000131  -1.000000  0.000101  0.000100  0.011953  
94.615837 0.011547  0.097981  -0.000475  0.996677  0.076049  0.029194  -0.031815  0.033487  0.998933  0.074991  -0.996542  0.035795  0.003272  0.001932  0.001042  -0.028255  -0.435468  -0.016250  2.000000  0.999990  -0.000156  0.004478  -0.004478  0.000136  0.999990  -0.000156  -1.000000  0.000135  0.999919  -0.000487  0.012752  0.000496  1.000000  -0.000732  -0.012752  0.000738  0.999918  1.000000  -0.000006  0.000159  0.000006  1.000000  -0.000009  -0.000159  0.000009  1.000000  0.999990  -0.000156  0.004478  -0.004478  0.000136  0.999990  -0.000156  -1.000000  0.000135  0.000107  0.012783  
94.617088 0.011550  0.097984  -0.000475  0.996660  0.075947  0.030012  -0.032636  0.033550  0.998904  0.074857  -0.996547  0.035916  0.003173  0.002051  0.000986  -0.030267  -0.463101  -0.019745  2.000000  0.999986  -0.000190  0.005301  -0.005301  0.000191  0.999986  -0.000191  -1.000000  0.000190  0.999910  -0.000596  0.013373  0.000608  0.999999  -0.000928  -0.013372  0.000936  0.999910  1.000000  -0.000008  0.000167  0.000008  1.000000  -0.000012  -0.000167  0.000012  1.000000  0.999986  -0.000190  0.005301  -0.005301  0.000191  0.999986  -0.000191  -1.000000  0.000190  0.000116  0.013419  
94.618335 0.011554  0.097987  -0.000476  0.996636  0.075856  0.031026  -0.033662  0.033718  0.998864  0.074724  -0.996549  0.036158  0.003039  0.002219  0.000867  -0.035848  -0.497789  -0.022971  2.000000  0.999982  -0.000218  0.005980  -0.005980  0.000243  0.999982  -0.000219  -1.000000  0.000242  0.999905  -0.000578  0.013783  0.000594  0.999999  -0.001141  -0.013783  0.001149  0.999904  1.000000  -0.000007  0.000172  0.000007  1.000000  -0.000014  -0.000172  0.000014  1.000000  0.999982  -0.000218  0.005980  -0.005980  0.000243  0.999982  -0.000219  -1.000000  0.000242  0.000123  0.013843  
94.619337 0.011556  0.097989  -0.000477  0.996615  0.075881  0.031634  -0.034278  0.033793  0.998841  0.074724  -0.996544  0.036279  0.002981  0.002328  0.000708  -0.038356  -0.518420  -0.022210  2.000000  0.999978  -0.000244  0.006664  -0.006664  0.000299  0.999978  -0.000246  -1.000000  0.000298  0.999905  -0.000443  0.013779  0.000458  0.999999  -0.001143  -0.013778  0.001149  0.999904  1.000000  -0.000006  0.000172  0.000006  1.000000  -0.000014  -0.000172  0.000014  1.000000  0.999978  -0.000244  0.006664  -0.006664  0.000299  0.999978  -0.000246  -1.000000  0.000298  0.000128  0.013834  
94.620588 0.011559  0.097991  -0.000478  0.996586  0.075916  0.032438  -0.035098  0.033973  0.998806  0.074724  -0.996535  0.036521  0.002913  0.002403  0.000573  -0.044434  -0.546132  -0.021177  2.000000  0.999972  -0.000266  0.007532  -0.007532  0.000375  0.999972  -0.000269  -1.000000  0.000373  0.999902  -0.000300  0.013979  0.000318  0.999999  -0.001251  -0.013979  0.001255  0.999902  1.000000  -0.000004  0.000175  0.000004  1.000000  -0.000016  -0.000175  0.000016  1.000000  0.999972  -0.000266  0.007532  -0.007532  0.000375  0.999972  -0.000269  -1.000000  0.000373  0.000135  0.014039  
94.621589 0.011561  0.097992  -0.000481  0.996565  0.075941  0.033046  -0.035714  0.034047  0.998782  0.074724  -0.996531  0.036642  0.002855  0.002381  0.000355  -0.046933  -0.566654  -0.020405  2.000000  0.999966  -0.000277  0.008247  -0.008247  0.000444  0.999966  -0.000281  -1.000000  0.000442  0.999897  -0.000148  0.014385  0.000169  0.999999  -0.001464  -0.014384  0.001467  0.999895  1.000000  -0.000002  0.000180  0.000002  1.000000  -0.000018  -0.000180  0.000018  1.000000  0.999966  -0.000277  0.008247  -0.008247  0.000444  0.999966  -0.000281  -1.000000  0.000442  0.000141  0.014460  
94.622834 0.011563  0.097992  -0.000483  0.996535  0.075973  0.033859  -0.036534  0.034105  0.998750  0.074724  -0.996526  0.036763  0.002780  0.002256  0.000103  -0.048931  -0.594309  -0.019394  2.000000  0.999958  -0.000293  0.009154  -0.009153  0.000534  0.999958  -0.000297  -1.000000  0.000531  0.999893  -0.000273  0.014595  0.000294  0.999999  -0.001447  -0.014594  0.001451  0.999892  1.000000  -0.000004  0.000182  0.000004  1.000000  -0.000018  -0.000182  0.000018  1.000000  0.999958  -0.000293  0.009154  -0.009153  0.000534  0.999958  -0.000297  -1.000000  0.000531  0.000147  0.014669  
94.624084 0.011565  0.097992  -0.000487  0.996514  0.075872  0.034677  -0.037355  0.034169  0.998718  0.074590  -0.996532  0.036884  0.002673  0.002128  -0.000293  -0.050559  -0.617113  -0.022689  2.000000  0.999949  -0.000319  0.010066  -0.010066  0.000628  0.999949  -0.000326  -1.000000  0.000624  0.999893  -0.000539  0.014604  0.000560  0.999999  -0.001445  -0.014604  0.001453  0.999892  1.000000  -0.000007  0.000183  0.000007  1.000000  -0.000018  -0.000183  0.000018  1.000000  0.999949  -0.000319  0.010066  -0.010066  0.000628  0.999949  -0.000326  -1.000000  0.000624  0.000154  0.014686  
94.625085 0.011567  0.097991  -0.000490  0.996491  0.075898  0.035285  -0.037971  0.034243  0.998692  0.074590  -0.996527  0.037005  0.002541  0.001945  -0.000579  -0.053050  -0.637598  -0.021920  2.000000  0.999942  -0.000350  0.010789  -0.010789  0.000706  0.999942  -0.000357  -1.000000  0.000702  0.999896  -0.000678  0.014404  0.000701  0.999999  -0.001580  -0.014403  0.001590  0.999895  1.000000  -0.000009  0.000180  0.000009  1.000000  -0.000020  -0.000180  0.000020  1.000000  0.999942  -0.000350  0.010789  -0.010789  0.000706  0.999942  -0.000357  -1.000000  0.000702  0.000160  0.014507  
94.626334 0.011569  0.097991  -0.000496  0.996467  0.075928  0.035883  -0.038586  0.034439  0.998662  0.074590  -0.996518  0.037247  0.002391  0.001660  -0.001093  -0.060111  -0.651354  -0.021356  2.000000  0.999934  -0.000378  0.011519  -0.011519  0.000789  0.999933  -0.000387  -1.000000  0.000785  0.999893  -0.000535  0.014604  0.000560  0.999998  -0.001688  -0.014604  0.001696  0.999892  1.000000  -0.000007  0.000183  0.000007  1.000000  -0.000021  -0.000183  0.000021  1.000000  0.999934  -0.000378  0.011519  -0.011519  0.000789  0.999933  -0.000387  -1.000000  0.000785  0.000164  0.014712  
94.627584 0.011571  0.097991  -0.000501  0.996443  0.075953  0.036491  -0.039202  0.034513  0.998635  0.074590  -0.996514  0.037368  0.002279  0.001382  -0.001574  -0.064192  -0.651141  -0.016857  2.000000  0.999923  -0.000407  0.012421  -0.012421  0.000899  0.999922  -0.000419  -1.000000  0.000894  0.999896  -0.000405  0.014395  0.000432  0.999998  -0.001826  -0.014394  0.001832  0.999895  1.000000  -0.000005  0.000180  0.000005  1.000000  -0.000023  -0.000180  0.000023  1.000000  0.999923  -0.000407  0.012421  -0.012421  0.000899  0.999922  -0.000419  -1.000000  0.000894  0.000164  0.014517  
94.628584 0.011574  0.097991  -0.000506  0.996417  0.076105  0.036888  -0.039612  0.034597  0.998616  0.074724  -0.996499  0.037488  0.002245  0.001116  -0.001988  -0.064708  -0.643979  -0.008109  2.000000  0.999914  -0.000421  0.013126  -0.013125  0.000993  0.999913  -0.000434  -0.999999  0.000988  0.999902  -0.000151  0.013974  0.000177  0.999998  -0.001859  -0.013974  0.001861  0.999901  1.000000  -0.000002  0.000175  0.000002  1.000000  -0.000023  -0.000175  0.000023  1.000000  0.999914  -0.000421  0.013126  -0.013125  0.000993  0.999913  -0.000434  -0.999999  0.000988  0.000162  0.014099  
94.629589 0.011576  0.097991  -0.000511  0.996401  0.076129  0.037280  -0.040022  0.034808  0.998592  0.074724  -0.996490  0.037730  0.002189  0.000841  -0.002396  -0.073973  -0.642369  -0.003853  2.000000  0.999905  -0.000428  0.013809  -0.013808  0.001092  0.999904  -0.000443  -0.999999  0.001086  0.999908  -0.000164  0.013564  0.000192  0.999998  -0.002011  -0.013564  0.002014  0.999906  1.000000  -0.000002  0.000170  0.000002  1.000000  -0.000025  -0.000170  0.000025  1.000000  0.999905  -0.000428  0.013809  -0.013808  0.001092  0.999904  -0.000443  -0.999999  0.001086  0.000162  0.013714  
94.630839 0.011578  0.097990  -0.000517  0.996386  0.076026  0.037884  -0.040638  0.035009  0.998560  0.074590  -0.996491  0.037972  0.002092  0.000593  -0.002829  -0.080500  -0.650706  -0.003248  2.000000  0.999893  -0.000437  0.014621  -0.014620  0.001221  0.999892  -0.000455  -0.999999  0.001214  0.999919  -0.000191  0.012744  0.000218  0.999998  -0.002075  -0.012743  0.002077  0.999917  1.000000  -0.000003  0.000159  0.000003  1.000000  -0.000026  -0.000159  0.000026  1.000000  0.999893  -0.000437  0.014621  -0.014620  0.001221  0.999892  -0.000455  -0.999999  0.001214  0.000162  0.012914  
94.632083 0.011581  0.097990  -0.000523  0.996369  0.076050  0.038276  -0.041048  0.035220  0.998536  0.074590  -0.996482  0.038214  0.002034  0.000396  -0.003196  -0.085023  -0.644086  -0.007837  2.000000  0.999881  -0.000448  0.015412  -0.015411  0.001354  0.999880  -0.000469  -0.999999  0.001347  0.999921  -0.000196  0.012539  0.000222  0.999998  -0.002090  -0.012538  0.002093  0.999919  1.000000  -0.000003  0.000157  0.000003  1.000000  -0.000026  -0.000157  0.000026  1.000000  0.999881  -0.000448  0.015412  -0.015411  0.001354  0.999880  -0.000469  -0.999999  0.001347  0.000164  0.012714  
94.633085 0.011583  0.097990  -0.000528  0.996362  0.075936  0.038683  -0.041459  0.035315  0.998516  0.074457  -0.996487  0.038335  0.001974  0.000232  -0.003500  -0.089575  -0.637518  -0.016961  2.000000  0.999874  -0.000457  0.015875  -0.015874  0.001439  0.999873  -0.000479  -0.999999  0.001432  0.999924  -0.000334  0.012339  0.000362  0.999997  -0.002227  -0.012338  0.002231  0.999921  1.000000  -0.000004  0.000154  0.000004  1.000000  -0.000028  -0.000154  0.000028  1.000000  0.999874  -0.000457  0.015875  -0.015874  0.001439  0.999873  -0.000479  -0.999999  0.001432  0.000162  0.012543  
94.634338 0.011585  0.097990  -0.000534  0.996345  0.075960  0.039076  -0.041869  0.035526  0.998491  0.074457  -0.996478  0.038577  0.001937  0.000045  -0.003888  -0.095917  -0.622310  -0.022237  2.000000  0.999862  -0.000470  0.016615  -0.016614  0.001586  0.999861  -0.000497  -0.999999  0.001578  0.999934  -0.000229  0.011513  0.000256  0.999997  -0.002411  -0.011513  0.002414  0.999931  1.000000  -0.000003  0.000144  0.000003  1.000000  -0.000030  -0.000144  0.000030  1.000000  0.999862  -0.000470  0.016615  -0.016614  0.001586  0.999861  -0.000497  -0.999999  0.001578  0.000158  0.011766  
94.635588 0.011586  0.097989  -0.000540  0.996336  0.075977  0.039263  -0.042074  0.035753  0.998475  0.074457  -0.996468  0.038818  0.001826  -0.000127  -0.004102  -0.104278  -0.603303  -0.018022  2.000000  0.999850  -0.000482  0.017324  -0.017323  0.001736  0.999848  -0.000512  -0.999998  0.001727  0.999938  -0.000108  0.011098  0.000135  0.999997  -0.002444  -0.011098  0.002445  0.999935  1.000000  -0.000002  0.000139  0.000002  1.000000  -0.000031  -0.000139  0.000031  1.000000  0.999850  -0.000482  0.017324  -0.017323  0.001736  0.999848  -0.000512  -0.999998  0.001727  0.000154  0.011365  
94.636839 0.011587  0.097988  -0.000546  0.996328  0.075993  0.039450  -0.042279  0.035979  0.998458  0.074457  -0.996459  0.039060  0.001716  -0.000242  -0.004375  -0.111339  -0.580577  -0.014585  2.000000  0.999838  -0.000488  0.017987  -0.017986  0.001887  0.999836  -0.000521  -0.999998  0.001878  0.999947  -0.000138  0.010278  0.000162  0.999997  -0.002384  -0.010277  0.002385  0.999944  1.000000  -0.000002  0.000128  0.000002  1.000000  -0.000030  -0.000128  0.000030  1.000000  0.999838  -0.000488  0.017987  -0.017986  0.001887  0.999836  -0.000521  -0.999998  0.001878  0.000150  0.010552  
94.638088 0.011588  0.097988  -0.000552  0.996309  0.076144  0.039632  -0.042484  0.036200  0.998441  0.074590  -0.996439  0.039302  0.001627  -0.000273  -0.004539  -0.116002  -0.554915  -0.006206  2.000000  0.999827  -0.000480  0.018600  -0.018599  0.002041  0.999825  -0.000518  -0.999998  0.002031  0.999955  0.000100  0.009447  -0.000077  0.999997  -0.002446  -0.009447  0.002446  0.999952  1.000000  0.000001  0.000118  -0.000001  1.000000  -0.000031  -0.000118  0.000031  1.000000  0.999827  -0.000480  0.018600  -0.018599  0.002041  0.999825  -0.000518  -0.999998  0.002031  0.000143  0.009759  
94.639334 0.011590  0.097987  -0.000559  0.996300  0.076156  0.039829  -0.042689  0.036306  0.998429  0.074590  -0.996435  0.039422  0.001600  -0.000321  -0.004696  -0.118069  -0.527596  -0.007157  2.000000  0.999816  -0.000466  0.019162  -0.019161  0.002199  0.999814  -0.000508  -0.999997  0.002189  0.999961  0.000212  0.008826  -0.000190  0.999997  -0.002494  -0.008827  0.002492  0.999958  1.000000  0.000003  0.000110  -0.000003  1.000000  -0.000031  -0.000110  0.000031  1.000000  0.999816  -0.000466  0.019162  -0.019161  0.002199  0.999814  -0.000508  -0.999997  0.002189  0.000136  0.009174  
94.640584 0.011592  0.097986  -0.000565  0.996291  0.076173  0.040016  -0.042894  0.036532  0.998411  0.074590  -0.996425  0.039664  0.001627  -0.000366  -0.004874  -0.121183  -0.504328  -0.003626  2.000000  0.999806  -0.000451  0.019683  -0.019682  0.002362  0.999803  -0.000498  -0.999997  0.002353  0.999966  0.000190  0.008211  -0.000169  0.999996  -0.002661  -0.008211  0.002659  0.999963  1.000000  0.000002  0.000103  -0.000002  1.000000  -0.000033  -0.000103  0.000033  1.000000  0.999806  -0.000451  0.019683  -0.019682  0.002362  0.999803  -0.000498  -0.999997  0.002353  0.000130  0.008633  
94.641833 0.011594  0.097985  -0.000572  0.996282  0.076195  0.040193  -0.043099  0.036880  0.998390  0.074590  -0.996411  0.040027  0.001583  -0.000410  -0.004991  -0.129923  -0.480049  -0.004252  2.000000  0.999798  -0.000440  0.020071  -0.020069  0.002500  0.999795  -0.000490  -0.999997  0.002491  0.999971  0.000168  0.007595  -0.000147  0.999996  -0.002828  -0.007596  0.002827  0.999967  1.000000  0.000002  0.000095  -0.000002  1.000000  -0.000035  -0.000095  0.000035  1.000000  0.999798  -0.000440  0.020071  -0.020069  0.002500  0.999795  -0.000490  -0.999997  0.002491  0.000124  0.008106  
94.642834 0.011596  0.097985  -0.000578  0.996282  0.076200  0.040184  -0.043099  0.037001  0.998385  0.074590  -0.996406  0.040148  0.001608  -0.000439  -0.004999  -0.131875  -0.452028  -0.000766  2.000000  0.999791  -0.000430  0.020435  -0.020434  0.002644  0.999788  -0.000484  -0.999996  0.002635  0.999976  0.000146  0.006980  -0.000125  0.999996  -0.002995  -0.006980  0.002995  0.999971  1.000000  0.000002  0.000087  -0.000002  1.000000  -0.000037  -0.000087  0.000037  1.000000  0.999791  -0.000430  0.020435  -0.020434  0.002644  0.999788  -0.000484  -0.999996  0.002635  0.000119  0.007597  
94.644084 0.011599  0.097984  -0.000585  0.996274  0.076218  0.040371  -0.043304  0.037227  0.998368  0.074590  -0.996396  0.040389  0.001595  -0.000453  -0.005117  -0.133413  -0.431500  -0.001437  2.000000  0.999783  -0.000418  0.020851  -0.020849  0.002832  0.999779  -0.000477  -0.999996  0.002823  0.999980  0.000123  0.006364  -0.000103  0.999995  -0.003041  -0.006365  0.003041  0.999975  1.000000  0.000001  0.000080  -0.000001  1.000000  -0.000038  -0.000080  0.000038  1.000000  0.999783  -0.000418  0.020851  -0.020849  0.002832  0.999779  -0.000477  -0.999996  0.002823  0.000113  0.007055  
94.645087 0.011601  0.097984  -0.000590  0.996274  0.076227  0.040353  -0.043304  0.037470  0.998359  0.074590  -0.996386  0.040631  0.001620  -0.000481  -0.005123  -0.137159  -0.400499  0.001831  2.000000  0.999776  -0.000403  0.021156  -0.021155  0.002990  0.999772  -0.000466  -0.999995  0.002981  0.999982  0.000241  0.005949  -0.000222  0.999995  -0.003194  -0.005949  0.003193  0.999977  1.000000  0.000003  0.000074  -0.000003  1.000000  -0.000040  -0.000074  0.000040  1.000000  0.999776  -0.000403  0.021156  -0.021155  0.002990  0.999772  -0.000466  -0.999995  0.002981  0.000108  0.006756  
94.646336 0.011605  0.097983  -0.000597  0.996255  0.076383  0.040525  -0.043509  0.037811  0.998337  0.074724  -0.996361  0.040993  0.001740  -0.000481  -0.005176  -0.143303  -0.372558  0.009877  2.000000  0.999769  -0.000379  0.021494  -0.021493  0.003197  0.999764  -0.000448  -0.999995  0.003189  0.999987  0.000343  0.005123  -0.000326  0.999994  -0.003377  -0.005124  0.003375  0.999981  1.000000  0.000004  0.000064  -0.000004  1.000000  -0.000042  -0.000064  0.000042  1.000000  0.999769  -0.000379  0.021494  -0.021493  0.003197  0.999764  -0.000448  -0.999995  0.003189  0.000102  0.006145  
94.647588 0.011609  0.097983  -0.000603  0.996245  0.076526  0.040501  -0.043508  0.038048  0.998328  0.074857  -0.996341  0.041234  0.001843  -0.000476  -0.005157  -0.147782  -0.349027  0.013533  2.000000  0.999769  -0.000379  0.021494  -0.021493  0.003197  0.999764  -0.000448  -0.999995  0.003189  0.999990  0.000319  0.004507  -0.000303  0.999994  -0.003544  -0.004508  0.003543  0.999984  1.000000  0.000000  0.000000  0.000000  1.000000  0.000000  0.000000  0.000000  1.000000  0.999769  -0.000379  0.021494  -0.021493  0.003197  0.999764  -0.000448  -0.999995  0.003189  0.000095  0.000000  
94.648838 0.011613  0.097983  -0.000608  0.996236  0.076544  0.040688  -0.043713  0.038274  0.998311  0.074857  -0.996331  0.041476  0.001934  -0.000467  -0.005124  -0.150971  -0.323861  0.017136  2.000000  0.999769  -0.000379  0.021494  -0.021493  0.003197  0.999764  -0.000448  -0.999995  0.003189  0.999992  0.000304  0.004097  -0.000289  0.999993  -0.003695  -0.004098  0.003694  0.999985  1.000000  0.000000  0.000000  0.000000  1.000000  0.000000  0.000000  0.000000  1.000000  0.999769  -0.000379  0.021494  -0.021493  0.003197  0.999764  -0.000448  -0.999995  0.003189  0.000092  0.000000  
94.650091 0.011617  0.097983  -0.000614  0.996227  0.076562  0.040875  -0.043919  0.038501  0.998293  0.074857  -0.996321  0.041718  0.002107  -0.000484  -0.005128  -0.156591  -0.303157  0.016383  2.000000  0.999769  -0.000379  0.021494  -0.021493  0.003197  0.999764  -0.000448  -0.999995  0.003189  0.999992  0.000296  0.003892  -0.000281  0.999993  -0.003832  -0.003893  0.003831  0.999985  1.000000  0.000000  0.000000  0.000000  1.000000  0.000000  0.000000  0.000000  1.000000  0.999769  -0.000379  0.021494  -0.021493  0.003197  0.999764  -0.000448  -0.999995  0.003189  0.000087  0.000000  
94.651337 0.011620  0.097982  -0.000620  0.996217  0.076710  0.040841  -0.043918  0.038858  0.998279  0.074991  -0.996296  0.042080  0.002247  -0.000474  -0.005084  -0.162760  -0.275467  0.019884  2.000000  0.999769  -0.000379  0.021494  -0.021493  0.003197  0.999764  -0.000448  -0.999995  0.003189  0.999994  0.000547  0.003470  -0.000534  0.999992  -0.003863  -0.003472  0.003861  0.999987  1.000000  0.000000  0.000000  0.000000  1.000000  0.000000  0.000000  0.000000  1.000000  0.999769  -0.000379  0.021494  -0.021493  0.003197  0.999764  -0.000448  -0.999995  0.003189  0.000082  0.000000  
94.652338 0.011623  0.097981  -0.000624  0.996208  0.076728  0.041028  -0.044123  0.039084  0.998261  0.074991  -0.996286  0.042322  0.002410  -0.000487  -0.005052  -0.167841  -0.261622  0.019383  2.000000  0.999769  -0.000379  0.021494  -0.021493  0.003197  0.999764  -0.000448  -0.999995  0.003189  0.999995  0.000540  0.003265  -0.000527  0.999992  -0.003879  -0.003267  0.003877  0.999987  1.000000  0.000000  0.000000  0.000000  1.000000  0.000000  0.000000  0.000000  1.000000  0.999769  -0.000379  0.021494  -0.021493  0.003197  0.999764  -0.000448  -0.999995  0.003189  0.000079  0.000000  
94.653339 0.011626  0.097980  -0.000627  0.996208  0.076738  0.041010  -0.044123  0.039327  0.998252  0.074991  -0.996275  0.042563  0.002513  -0.000464  -0.004914  -0.173490  -0.240761  0.023100  2.000000  0.999769  -0.000379  0.021494  -0.021493  0.003197  0.999764  -0.000448  -0.999995  0.003189  0.999996  0.000648  0.002644  -0.000638  0.999992  -0.003925  -0.002646  0.003923  0.999989  1.000000  0.000000  0.000000  0.000000  1.000000  0.000000  0.000000  0.000000  1.000000  0.999769  -0.000379  0.021494  -0.021493  0.003197  0.999764  -0.000448  -0.999995  0.003189  0.000075  0.000000  
94.654587 0.011629  0.097980  -0.000632  0.996188  0.076889  0.041191  -0.044328  0.039547  0.998234  0.075124  -0.996255  0.042805  0.002595  -0.000413  -0.004756  -0.179122  -0.219915  0.026811  2.000000  0.999769  -0.000379  0.021494  -0.021493  0.003197  0.999764  -0.000448  -0.999995  0.003189  0.999996  0.000783  0.002638  -0.000772  0.999992  -0.004046  -0.002641  0.004044  0.999988  1.000000  0.000000  0.000000  0.000000  1.000000  0.000000  0.000000  0.000000  1.000000  0.999769  -0.000379  0.021494  -0.021493  0.003197  0.999764  -0.000448  -0.999995  0.003189  0.000073  0.000000  
94.655849 0.011632  0.097980  -0.000635  0.996169  0.077045  0.041363  -0.044533  0.039889  0.998211  0.075257  -0.996229  0.043167  0.002659  -0.000357  -0.004559  -0.186782  -0.204279  0.030554  2.000000  0.999769  -0.000379  0.021494  -0.021493  0.003197  0.999764  -0.000448  -0.999995  0.003189  0.999997  0.000899  0.002222  -0.000890  0.999991  -0.004077  -0.002225  0.004075  0.999989  1.000000  0.000000  0.000000  0.000000  1.000000  0.000000  0.000000  0.000000  1.000000  0.999769  -0.000379  0.021494  -0.021493  0.003197  0.999764  -0.000448  -0.999995  0.003189  0.000069  0.000000  
94.657086 0.011635  0.097981  -0.000638  0.996169  0.077055  0.041344  -0.044533  0.040131  0.998202  0.075257  -0.996219  0.043408  0.002727  -0.000271  -0.004310  -0.190362  -0.178341  0.029733  2.000000  0.999769  -0.000379  0.021494  -0.021493  0.003197  0.999764  -0.000448  -0.999995  0.003189  0.999997  0.000900  0.002221  -0.000891  0.999990  -0.004319  -0.002225  0.004317  0.999988  1.000000  0.000000  0.000000  0.000000  1.000000  0.000000  0.000000  0.000000  1.000000  0.999769  -0.000379  0.021494  -0.021493  0.003197  0.999764  -0.000448  -0.999995  0.003189  0.000067  0.000000  
94.658088 0.011638  0.097982  -0.000641  0.996160  0.077079  0.041521  -0.044738  0.040478  0.998178  0.075257  -0.996203  0.043771  0.002763  -0.000155  -0.004073  -0.197312  -0.177445  0.025131  2.000000  0.999769  -0.000379  0.021494  -0.021493  0.003197  0.999764  -0.000448  -0.999995  0.003189  0.999998  0.000758  0.002022  -0.000749  0.999990  -0.004334  -0.002025  0.004333  0.999989  1.000000  0.000000  0.000000  0.000000  1.000000  0.000000  0.000000  0.000000  1.000000  0.999769  -0.000379  0.021494  -0.021493  0.003197  0.999764  -0.000448  -0.999995  0.003189  0.000065  0.000000  
94.659333 0.011641  0.097983  -0.000643  0.996150  0.077227  0.041488  -0.044737  0.040835  0.998164  0.075391  -0.996177  0.044133  0.002804  -0.000043  -0.003806  -0.206490  -0.156345  0.028732  2.000000  0.999769  -0.000379  0.021494  -0.021493  0.003197  0.999764  -0.000448  -0.999995  0.003189  0.999998  0.000892  0.002016  -0.000883  0.999990  -0.004456  -0.002020  0.004454  0.999988  1.000000  0.000000  0.000000  0.000000  1.000000  0.000000  0.000000  0.000000  1.000000  0.999769  -0.000379  0.021494  -0.021493  0.003197  0.999764  -0.000448  -0.999995  0.003189  0.000065  0.000000  
94.660333 0.011644  0.097985  -0.000645  0.996141  0.077245  0.041674  -0.044942  0.041062  0.998145  0.075391  -0.996166  0.044375  0.002840  0.000102  -0.003516  -0.207023  -0.149514  0.028490  2.000000  0.999769  -0.000379  0.021494  -0.021493  0.003197  0.999764  -0.000448  -0.999995  0.003189  0.999997  0.000902  0.002220  -0.000892  0.999989  -0.004683  -0.002225  0.004681  0.999987  1.000000  0.000000  0.000000  0.000000  1.000000  0.000000  0.000000  0.000000  1.000000  0.999769  -0.000379  0.021494  -0.021493  0.003197  0.999764  -0.000448  -0.999995  0.003189  0.000066  0.000000  
94.661581 0.011648  0.097987  -0.000647  0.996131  0.077274  0.041842  -0.045147  0.041530  0.998117  0.075391  -0.996145  0.044858  0.002813  0.000269  -0.003237  -0.215657  -0.142495  0.032720  2.000000  0.999769  -0.000379  0.021494  -0.021493  0.003197  0.999764  -0.000448  -0.999995  0.003189  0.999998  0.000894  0.002015  -0.000884  0.999989  -0.004698  -0.002019  0.004697  0.999987  1.000000  0.000000  0.000000  0.000000  1.000000  0.000000  0.000000  0.000000  1.000000  0.999769  -0.000379  0.021494  -0.021493  0.003197  0.999764  -0.000448  -0.999995  0.003189  0.000064  0.000000  
94.662834 0.011651  0.097989  -0.000649  0.996131  0.077289  0.041814  -0.045147  0.041893  0.998102  0.075391  -0.996128  0.045220  0.002757  0.000406  -0.002979  -0.221375  -0.121851  0.036380  2.000000  0.999769  -0.000379  0.021494  -0.021493  0.003197  0.999764  -0.000448  -0.999995  0.003189  0.999998  0.000895  0.002015  -0.000885  0.999988  -0.004820  -0.002019  0.004818  0.999986  1.000000  0.000000  0.000000  0.000000  1.000000  0.000000  0.000000  0.000000  1.000000  0.999769  -0.000379  0.021494  -0.021493  0.003197  0.999764  -0.000448  -0.999995  0.003189  0.000064  0.000000  
94.663836 0.011654  0.097991  -0.000650  0.996132  0.077175  0.042007  -0.045353  0.042125  0.998082  0.075257  -0.996127  0.045463  0.002742  0.000531  -0.002822  -0.225289  -0.121956  0.031923  2.000000  0.999769  -0.000379  0.021494  -0.021493  0.003197  0.999764  -0.000448  -0.999995  0.003189  0.999998  0.000762  0.002020  -0.000752  0.999988  -0.004941  -0.002024  0.004939  0.999986  1.000000  0.000000  0.000000  0.000000  1.000000  0.000000  0.000000  0.000000  1.000000  0.999769  -0.000379  0.021494  -0.021493  0.003197  0.999764  -0.000448  -0.999995  0.003189  0.000065  0.000000  
94.664840 0.011656  0.097992  -0.000652  0.996132  0.077190  0.041979  -0.045353  0.042489  0.998067  0.075257  -0.996111  0.045825  0.002673  0.000655  -0.002562  -0.232252  -0.109160  0.031638  2.000000  0.999767  -0.000346  0.021570  -0.021569  0.003387  0.999762  -0.000419  -0.999994  0.003378  0.999998  0.000762  0.002020  -0.000752  0.999987  -0.005062  -0.002024  0.005061  0.999985  1.000000  0.000009  0.000025  -0.000009  1.000000  -0.000063  -0.000025  0.000063  1.000000  0.999767  -0.000346  0.021570  -0.021569  0.003387  0.999762  -0.000419  -0.999994  0.003378  0.000064  0.005503  
94.666085 0.011660  0.097994  -0.000654  0.996123  0.077214  0.042156  -0.045558  0.042836  0.998043  0.075257  -0.996094  0.046188  0.002646  0.000825  -0.002278  -0.236481  -0.109221  0.031691  2.000000  0.999765  -0.000306  0.021679  -0.021678  0.003644  0.999758  -0.000385  -0.999993  0.003637  0.999997  0.000639  0.002231  -0.000627  0.999986  -0.005289  -0.002234  0.005288  0.999984  1.000000  0.000008  0.000028  -0.000008  1.000000  -0.000066  -0.000028  0.000066  1.000000  0.999765  -0.000306  0.021679  -0.021678  0.003644  0.999758  -0.000385  -0.999993  0.003637  0.000067  0.005775  
94.667088 0.011662  0.097995  -0.000655  0.996113  0.077233  0.042343  -0.045763  0.043062  0.998024  0.075257  -0.996083  0.046429  0.002603  0.000960  -0.002050  -0.240383  -0.109330  0.027196  2.000000  0.999763  -0.000269  0.021780  -0.021779  0.003906  0.999755  -0.000354  -0.999992  0.003899  0.999998  0.000630  0.002026  -0.000619  0.999986  -0.005305  -0.002029  0.005303  0.999984  1.000000  0.000008  0.000025  -0.000008  1.000000  -0.000066  -0.000025  0.000066  1.000000  0.999763  -0.000269  0.021780  -0.021779  0.003906  0.999755  -0.000354  -0.999992  0.003899  0.000066  0.005713  
94.668336 0.011664  0.097996  -0.000656  0.996113  0.077249  0.042315  -0.045763  0.043425  0.998008  0.075257  -0.996066  0.046792  0.002552  0.001007  -0.001938  -0.244476  -0.109329  0.027231  2.000000  0.999760  -0.000226  0.021920  -0.021919  0.004237  0.999751  -0.000318  -0.999991  0.004231  0.999997  0.000507  0.002237  -0.000495  0.999985  -0.005410  -0.002240  0.005409  0.999983  1.000000  0.000006  0.000028  -0.000006  1.000000  -0.000068  -0.000028  0.000068  1.000000  0.999760  -0.000226  0.021920  -0.021919  0.004237  0.999751  -0.000318  -0.999991  0.004231  0.000067  0.005876  
94.669339 0.011666  0.097996  -0.000657  0.996104  0.077273  0.042492  -0.045968  0.043773  0.997983  0.075257  -0.996049  0.047154  0.002506  0.001027  -0.001719  -0.248527  -0.109310  0.027261  2.000000  0.999757  -0.000195  0.022029  -0.022028  0.004504  0.999747  -0.000294  -0.999990  0.004499  0.999997  0.000507  0.002237  -0.000495  0.999985  -0.005410  -0.002240  0.005409  0.999983  1.000000  0.000006  0.000028  -0.000006  1.000000  -0.000068  -0.000028  0.000068  1.000000  0.999757  -0.000195  0.022029  -0.022028  0.004504  0.999747  -0.000294  -0.999990  0.004499  0.000068  0.005876  
