1-Time 2-Px 3-Py 4-Pz 5-R11 6-R21 7-R31 8-R12 9-R22 10-R32 11-R13 12-R23 13-R33 14-Vx 15-Vy 16-Vz 17-Wx 18-Wy 19-Wz 20-state 21-PR11 22-PR21 23-PR31 24-PR12 25-PR22 26-PR32 27-PR13 28-PR23 29-PR33 
29.427936 0.002016  0.090715  -0.006690  0.997014  0.065616  -0.040718  -0.064540  0.997545  0.027187  0.042401  -0.024478  0.998801  -0.000099  0.000196  0.000022  0.000000  0.000000  0.000000  2.000000  1.000000  0.000000  0.000000  -0.000000  1.000000  0.000000  0.000000  -0.000000  1.000000  1.000000  -0.000000  -0.000000  -0.000000  1.000000  0.000000  0.000000  0.000000  1.000000  1.000000  0.000000  0.000000  0.000000  1.000000  0.000000  0.000000  0.000000  1.000000  0.399971  0.762470  0.508590  -0.508536  0.646278  -0.568960  -0.762505  -0.031069  0.646236  0.000000  0.000000  
29.428943 0.002016  0.090715  -0.006690  0.997014  0.065616  -0.040718  -0.064540  0.997545  0.027187  0.042401  -0.024478  0.998801  -0.000091  0.000173  0.000032  0.000000  0.000000  0.000000  2.000000  1.000000  0.000000  0.000000  0.000000  1.000000  0.000000  0.000000  0.000000  1.000000  1.000000  -0.000000  -0.000000  -0.000000  1.000000  0.000000  0.000000  0.000000  1.000000  1.000000  0.000000  0.000000  0.000000  1.000000  0.000000  0.000000  0.000000  1.000000  1.000000  0.000000  0.000000  0.000000  1.000000  0.000000  0.000000  0.000000  1.000000  0.000000  0.000000  
29.430192 0.002016  0.090713  -0.006693  0.996982  0.066030  -0.040840  -0.064951  0.997517  0.027212  0.042535  -0.024477  0.998795  -0.000128  -0.000018  -0.000185  0.000000  0.000000  0.000000  2.000000  1.000000  0.000000  0.000000  0.000000  1.000000  0.000000  0.000000  0.000000  1.000000  1.000000  0.000209  -0.000129  -0.000209  1.000000  0.000009  0.000129  -0.000009  1.000000  1.000000  0.000000  0.000000  0.000000  1.000000  0.000000  0.000000  0.000000  1.000000  1.000000  0.000000  0.000000  0.000000  1.000000  0.000000  0.000000  0.000000  1.000000  0.000000  0.000000  
29.431193 0.002014  0.090710  -0.006696  0.996949  0.066449  -0.040954  -0.065361  0.997487  0.027359  0.042669  -0.024598  0.998786  -0.000208  -0.000232  -0.000389  0.000000  0.000000  0.000000  2.000000  1.000000  0.000000  0.000000  0.000000  1.000000  0.000000  0.000000  0.000000  1.000000  1.000000  0.000829  -0.000247  -0.000829  1.000000  0.000156  0.000247  -0.000156  1.000000  1.000000  0.000000  0.000000  0.000000  1.000000  0.000000  0.000000  0.000000  1.000000  1.000000  0.000000  0.000000  0.000000  1.000000  0.000000  0.000000  0.000000  1.000000  0.000000  0.000000  
29.432443 0.002014  0.090706  -0.006700  0.996916  0.066868  -0.041068  -0.065771  0.997456  0.027505  0.042802  -0.024719  0.998778  -0.000234  -0.000503  -0.000674  0.000000  0.000000  0.000000  2.000000  1.000000  0.000000  0.000000  0.000000  1.000000  0.000000  0.000000  0.000000  1.000000  0.999999  0.001244  -0.000371  -0.001244  0.999999  0.000295  0.000371  -0.000295  1.000000  1.000000  0.000000  0.000000  0.000000  1.000000  0.000000  0.000000  0.000000  1.000000  1.000000  0.000000  0.000000  0.000000  1.000000  0.000000  0.000000  0.000000  1.000000  0.000000  0.000000  
29.433692 0.002013  0.090702  -0.006704  0.996897  0.067081  -0.041187  -0.065976  0.997438  0.027644  0.042936  -0.024840  0.998769  -0.000253  -0.000796  -0.000949  0.000000  0.000000  0.000000  2.000000  1.000000  0.000000  0.000000  0.000000  1.000000  0.000000  0.000000  0.000000  1.000000  0.999999  0.001453  -0.000499  -0.001452  0.999999  0.000426  0.000500  -0.000425  1.000000  1.000000  0.000000  0.000000  0.000000  1.000000  0.000000  0.000000  0.000000  1.000000  1.000000  0.000000  0.000000  0.000000  1.000000  0.000000  0.000000  0.000000  1.000000  0.000000  0.000000  
29.434693 0.002013  0.090699  -0.006706  0.996864  0.067500  -0.041301  -0.066386  0.997407  0.027790  0.043070  -0.024961  0.998760  -0.000243  -0.001008  -0.001128  0.000000  0.000000  0.000000  2.000000  1.000000  0.000000  0.000000  0.000000  1.000000  0.000000  0.000000  0.000000  1.000000  0.999998  0.001662  -0.000628  -0.001661  0.999998  0.000556  0.000629  -0.000555  1.000000  1.000000  0.000000  0.000000  0.000000  1.000000  0.000000  0.000000  0.000000  1.000000  1.000000  0.000000  0.000000  0.000000  1.000000  0.000000  0.000000  0.000000  1.000000  0.000000  0.000000  
29.435694 0.002013  0.090696  -0.006709  0.996825  0.067923  -0.041548  -0.066795  0.997375  0.027946  0.043337  -0.025082  0.998746  -0.000246  -0.001216  -0.001272  0.000000  0.000000  0.000000  2.000000  1.000000  0.000000  0.000000  0.000000  1.000000  0.000000  0.000000  0.000000  1.000000  0.999998  0.002076  -0.000751  -0.002076  0.999998  0.000695  0.000752  -0.000694  0.999999  1.000000  0.000000  0.000000  0.000000  1.000000  0.000000  0.000000  0.000000  1.000000  1.000000  0.000000  0.000000  0.000000  1.000000  0.000000  0.000000  0.000000  1.000000  0.000000  0.000000  
29.436945 0.002013  0.090693  -0.006712  0.996758  0.068756  -0.041783  -0.067615  0.997315  0.028119  0.043605  -0.025203  0.998731  -0.000275  -0.001431  -0.001481  0.000000  0.000000  0.000000  2.000000  1.000000  0.000000  0.000000  0.000000  1.000000  0.000000  0.000000  0.000000  1.000000  0.999995  0.002906  -0.000998  -0.002905  0.999996  0.000732  0.001000  -0.000729  0.999999  1.000000  0.000000  0.000000  0.000000  1.000000  0.000000  0.000000  0.000000  1.000000  1.000000  0.000000  0.000000  0.000000  1.000000  0.000000  0.000000  0.000000  1.000000  0.000000  0.000000  
29.438195 0.002012  0.090689  -0.006716  0.996710  0.069375  -0.041899  -0.068231  0.997272  0.028154  0.043738  -0.025203  0.998725  -0.000332  -0.001727  -0.001785  0.000000  0.000000  0.000000  2.000000  1.000000  0.000000  0.000000  0.000000  1.000000  0.000000  0.000000  0.000000  1.000000  0.999992  0.003735  -0.001244  -0.003734  0.999993  0.000890  0.001247  -0.000885  0.999999  1.000000  0.000000  0.000000  0.000000  1.000000  0.000000  0.000000  0.000000  1.000000  1.000000  0.000000  0.000000  0.000000  1.000000  0.000000  0.000000  0.000000  1.000000  0.000000  0.000000  
29.439196 0.002011  0.090687  -0.006720  0.996656  0.070003  -0.042140  -0.068845  0.997225  0.028320  0.044006  -0.025324  0.998710  -0.000402  -0.001901  -0.002076  0.000000  0.000000  0.000000  2.000000  1.000000  0.000000  0.000000  0.000000  1.000000  0.000000  0.000000  0.000000  1.000000  0.999989  0.004359  -0.001495  -0.004357  0.999990  0.001039  0.001500  -0.001033  0.999998  1.000000  0.000000  0.000000  0.000000  1.000000  0.000000  0.000000  0.000000  1.000000  1.000000  0.000000  0.000000  0.000000  1.000000  0.000000  0.000000  0.000000  1.000000  0.000000  0.000000  
29.440447 0.002009  0.090684  -0.006726  0.996588  0.070831  -0.042383  -0.069665  0.997167  0.028373  0.044273  -0.025324  0.998698  -0.000476  -0.002109  -0.002455  0.036026  0.058618  0.174299  2.000000  1.000000  0.000000  0.000000  0.000000  1.000000  0.000000  0.000000  0.000000  1.000000  0.999986  0.004982  -0.001747  -0.004980  0.999987  0.001068  0.001752  -0.001059  0.999998  1.000000  0.000000  0.000000  0.000000  1.000000  0.000000  0.000000  0.000000  1.000000  1.000000  0.000000  0.000000  0.000000  1.000000  0.000000  0.000000  0.000000  1.000000  0.000000  0.000000  
29.441697 0.002009  0.090682  -0.006730  0.996518  0.071659  -0.042626  -0.070485  0.997108  0.028427  0.044540  -0.025323  0.998687  -0.000509  -0.002237  -0.002770  0.037250  0.066913  0.202143  2.000000  1.000000  0.000271  0.000239  -0.000271  1.000000  0.000068  -0.000239  -0.000068  1.000000  0.999981  0.005812  -0.001993  -0.005809  0.999983  0.001105  0.002000  -0.001094  0.999997  1.000000  0.000058  0.000050  -0.000058  1.000000  0.000014  -0.000050  -0.000014  1.000000  1.000000  0.000271  0.000239  -0.000271  1.000000  0.000068  -0.000239  -0.000068  1.000000  0.000052  0.006242  
29.442946 0.002008  0.090679  -0.006736  0.996442  0.072490  -0.043003  -0.071304  0.997048  0.028490  0.044941  -0.025323  0.998669  -0.000545  -0.002443  -0.003121  0.038498  0.079707  0.230113  2.000000  1.000000  0.000584  0.000513  -0.000584  1.000000  0.000138  -0.000513  -0.000138  1.000000  0.999975  0.006641  -0.002240  -0.006638  0.999977  0.001144  0.002247  -0.001129  0.999997  1.000000  0.000066  0.000058  -0.000066  1.000000  0.000014  -0.000058  -0.000014  1.000000  1.000000  0.000584  0.000513  -0.000584  1.000000  0.000138  -0.000513  -0.000138  1.000000  0.000060  0.007100  
29.444198 0.002007  0.090675  -0.006742  0.996371  0.073323  -0.043237  -0.072124  0.996984  0.028666  0.045209  -0.025444  0.998653  -0.000620  -0.002650  -0.003499  0.043813  0.087985  0.257957  2.000000  0.999999  0.000873  0.000763  -0.000873  1.000000  0.000200  -0.000763  -0.000201  1.000000  0.999969  0.007474  -0.002619  -0.007470  0.999971  0.001305  0.002629  -0.001285  0.999996  1.000000  0.000075  0.000064  -0.000075  1.000000  0.000016  -0.000064  -0.000016  1.000000  0.999999  0.000873  0.000763  -0.000873  1.000000  0.000200  -0.000763  -0.000201  1.000000  0.000067  0.008025  
29.445442 0.002006  0.090671  -0.006749  0.996299  0.074151  -0.043480  -0.072944  0.996922  0.028721  0.045476  -0.025443  0.998641  -0.000610  -0.002743  -0.003699  0.045075  0.096307  0.285888  2.000000  0.999999  0.001274  0.001113  -0.001274  0.999999  0.000282  -0.001112  -0.000284  0.999999  0.999961  0.008303  -0.002865  -0.008299  0.999965  0.001344  0.002876  -0.001320  0.999995  1.000000  0.000083  0.000072  -0.000083  1.000000  0.000017  -0.000072  -0.000017  1.000000  0.999999  0.001274  0.001113  -0.001274  0.999999  0.000282  -0.001112  -0.000284  0.999999  0.000075  0.008884  
29.446443 0.002005  0.090668  -0.006753  0.996241  0.074778  -0.043720  -0.073558  0.996872  0.028889  0.045743  -0.025564  0.998626  -0.000628  -0.002772  -0.003752  0.050099  0.104749  0.306813  2.000000  0.999998  0.001623  0.001417  -0.001623  0.999999  0.000351  -0.001417  -0.000353  0.999999  0.999955  0.008927  -0.003116  -0.008922  0.999959  0.001496  0.003129  -0.001468  0.999994  1.000000  0.000090  0.000077  -0.000090  1.000000  0.000019  -0.000077  -0.000019  1.000000  0.999998  0.001623  0.001417  -0.001623  0.999999  0.000351  -0.001417  -0.000353  0.999999  0.000080  0.009571  
29.447697 0.002004  0.090663  -0.006757  0.996162  0.075615  -0.044086  -0.074377  0.996806  0.029075  0.046144  -0.025685  0.998605  -0.000638  -0.002824  -0.003795  0.055467  0.117534  0.334828  2.000000  0.999996  0.002095  0.001828  -0.002096  0.999998  0.000446  -0.001827  -0.000450  0.999998  0.999947  0.009757  -0.003361  -0.009751  0.999951  0.001657  0.003377  -0.001624  0.999993  1.000000  0.000097  0.000085  -0.000097  1.000000  0.000021  -0.000085  -0.000021  1.000000  0.999996  0.002095  0.001828  -0.002096  0.999998  0.000446  -0.001827  -0.000450  0.999998  0.000088  0.010449  
29.448942 0.002003  0.090656  -0.006761  0.996104  0.076243  -0.044326  -0.074991  0.996755  0.029244  0.046411  -0.025806  0.998589  -0.000752  -0.002996  -0.003811  0.060509  0.125981  0.355787  2.000000  0.999994  0.002607  0.002269  -0.002609  0.999996  0.000550  -0.002268  -0.000556  0.999997  0.999937  0.010586  -0.003605  -0.010580  0.999942  0.001819  0.003624  -0.001781  0.999992  1.000000  0.000105  0.000092  -0.000105  1.000000  0.000022  -0.000092  -0.000023  1.000000  0.999994  0.002607  0.002269  -0.002609  0.999996  0.000550  -0.002268  -0.000556  0.999997  0.000095  0.011328  
29.449947 0.002002  0.090651  -0.006766  0.996045  0.076871  -0.044565  -0.075606  0.996704  0.029412  0.046679  -0.025926  0.998573  -0.000763  -0.003180  -0.003964  0.065541  0.134395  0.376660  2.000000  0.999992  0.003043  0.002644  -0.003045  0.999995  0.000641  -0.002642  -0.000649  0.999996  0.999932  0.011005  -0.003861  -0.010998  0.999938  0.001962  0.003882  -0.001919  0.999991  1.000000  0.000111  0.000095  -0.000111  1.000000  0.000024  -0.000095  -0.000024  1.000000  0.999992  0.003043  0.002644  -0.003045  0.999995  0.000641  -0.002642  -0.000649  0.999996  0.000101  0.011823  
29.451197 0.002001  0.090643  -0.006772  0.995970  0.077704  -0.044798  -0.076425  0.996636  0.029590  0.046946  -0.026047  0.998558  -0.000807  -0.003467  -0.004172  0.070902  0.142660  0.404522  2.000000  0.999989  0.003606  0.003122  -0.003608  0.999993  0.000762  -0.003119  -0.000773  0.999995  0.999929  0.011215  -0.003988  -0.011207  0.999935  0.001975  0.004009  -0.001930  0.999990  1.000000  0.000113  0.000096  -0.000113  1.000000  0.000024  -0.000096  -0.000024  1.000000  0.999989  0.003606  0.003122  -0.003608  0.999993  0.000762  -0.003119  -0.000773  0.999995  0.000107  0.012062  
29.452442 0.002001  0.090636  -0.006779  0.995910  0.078332  -0.045036  -0.077039  0.996584  0.029759  0.047213  -0.026168  0.998542  -0.000793  -0.003725  -0.004398  0.075381  0.149944  0.422231  2.000000  0.999986  0.004068  0.003515  -0.004071  0.999991  0.000863  -0.003511  -0.000877  0.999993  0.999926  0.011424  -0.004114  -0.011415  0.999933  0.002108  0.004138  -0.002061  0.999989  1.000000  0.000116  0.000098  -0.000116  1.000000  0.000026  -0.000098  -0.000026  1.000000  0.999986  0.004068  0.003515  -0.004071  0.999991  0.000863  -0.003511  -0.000877  0.999993  0.000113  0.012320  
29.453442 0.001999  0.090629  -0.006785  0.995871  0.078751  -0.045148  -0.077449  0.996548  0.029909  0.047347  -0.026289  0.998533  -0.000799  -0.004005  -0.004574  0.080703  0.155248  0.439514  2.000000  0.999982  0.004539  0.003912  -0.004542  0.999989  0.000964  -0.003907  -0.000982  0.999992  0.999923  0.011634  -0.004241  -0.011625  0.999930  0.002121  0.004266  -0.002072  0.999989  1.000000  0.000119  0.000099  -0.000119  1.000000  0.000026  -0.000099  -0.000026  1.000000  0.999982  0.004539  0.003912  -0.004542  0.999989  0.000964  -0.003907  -0.000982  0.999992  0.000116  0.012559  
29.454442 0.001998  0.090622  -0.006792  0.995833  0.079170  -0.045259  -0.077858  0.996511  0.030059  0.047481  -0.026410  0.998523  -0.000811  -0.004305  -0.004708  0.085430  0.159364  0.453453  2.000000  0.999978  0.005018  0.004315  -0.005023  0.999987  0.001065  -0.004310  -0.001086  0.999990  0.999921  0.011840  -0.004234  -0.011831  0.999928  0.002132  0.004259  -0.002082  0.999989  1.000000  0.000120  0.000102  -0.000120  1.000000  0.000026  -0.000102  -0.000026  1.000000  0.999978  0.005018  0.004315  -0.005023  0.999987  0.001065  -0.004310  -0.001086  0.999990  0.000120  0.012750  
29.455704 0.001998  0.090613  -0.006800  0.995788  0.079593  -0.045503  -0.078267  0.996474  0.030219  0.047748  -0.026531  0.998507  -0.000793  -0.004773  -0.004911  0.090171  0.167939  0.467414  2.000000  0.999973  0.005620  0.004829  -0.005626  0.999983  0.001191  -0.004822  -0.001218  0.999988  0.999922  0.011836  -0.004099  -0.011828  0.999928  0.002134  0.004124  -0.002085  0.999989  1.000000  0.000118  0.000102  -0.000118  1.000000  0.000026  -0.000102  -0.000026  1.000000  0.999973  0.005620  0.004829  -0.005626  0.999983  0.001191  -0.004822  -0.001218  0.999988  0.000125  0.012703  
29.456943 0.001998  0.090605  -0.006807  0.995750  0.080013  -0.045614  -0.078677  0.996437  0.030369  0.047882  -0.026652  0.998497  -0.000762  -0.005103  -0.005057  0.094915  0.172075  0.481420  2.000000  0.999968  0.006095  0.005235  -0.006102  0.999981  0.001288  -0.005227  -0.001320  0.999985  0.999923  0.011634  -0.004238  -0.011626  0.999930  0.002006  0.004261  -0.001957  0.999989  1.000000  0.000119  0.000099  -0.000119  1.000000  0.000025  -0.000099  -0.000025  1.000000  0.999968  0.006095  0.005235  -0.006102  0.999981  0.001288  -0.005227  -0.001320  0.999985  0.000130  0.012540  
29.457953 0.001997  0.090599  -0.006813  0.995711  0.080426  -0.045735  -0.079086  0.996404  0.030399  0.048015  -0.026651  0.998491  -0.000735  -0.005441  -0.005157  0.095570  0.176210  0.495336  2.000000  0.999963  0.006558  0.005633  -0.006566  0.999977  0.001387  -0.005624  -0.001424  0.999983  0.999927  0.011422  -0.003975  -0.011414  0.999933  0.001996  0.003998  -0.001951  0.999990  1.000000  0.000115  0.000099  -0.000115  1.000000  0.000025  -0.000099  -0.000025  1.000000  0.999963  0.006558  0.005633  -0.006566  0.999977  0.001387  -0.005624  -0.001424  0.999983  0.000133  0.012254  
29.459197 0.001996  0.090591  -0.006818  0.995678  0.080837  -0.045722  -0.079496  0.996371  0.030418  0.048015  -0.026651  0.998491  -0.000758  -0.005605  -0.005096  0.095902  0.176069  0.502347  2.000000  0.999957  0.007014  0.006023  -0.007023  0.999974  0.001483  -0.006013  -0.001525  0.999981  0.999929  0.011216  -0.003981  -0.011209  0.999935  0.001988  0.004003  -0.001943  0.999990  1.000000  0.000113  0.000096  -0.000113  1.000000  0.000025  -0.000096  -0.000025  1.000000  0.999957  0.007014  0.006023  -0.007023  0.999974  0.001483  -0.006013  -0.001525  0.999981  0.000134  0.012063  
29.460448 0.001995  0.090585  -0.006824  0.995655  0.081045  -0.045849  -0.079701  0.996354  0.030438  0.048149  -0.026651  0.998485  -0.000741  -0.005780  -0.005011  0.091573  0.176205  0.495414  2.000000  0.999952  0.007456  0.006404  -0.007466  0.999971  0.001574  -0.006392  -0.001621  0.999978  0.999932  0.011007  -0.003853  -0.011000  0.999938  0.001858  0.003873  -0.001816  0.999991  1.000000  0.000111  0.000095  -0.000111  1.000000  0.000023  -0.000095  -0.000023  1.000000  0.999952  0.007456  0.006404  -0.007466  0.999971  0.001574  -0.006392  -0.001621  0.999978  0.000133  0.011806  
29.461697 0.001993  0.090578  -0.006828  0.995639  0.081250  -0.045843  -0.079905  0.996337  0.030447  0.048149  -0.026651  0.998485  -0.000763  -0.005901  -0.004960  0.087249  0.167367  0.488292  2.000000  0.999945  0.007986  0.006860  -0.007997  0.999967  0.001684  -0.006846  -0.001738  0.999975  0.999940  0.010383  -0.003602  -0.010377  0.999944  0.001829  0.003621  -0.001791  0.999992  1.000000  0.000104  0.000090  -0.000104  1.000000  0.000023  -0.000090  -0.000023  1.000000  0.999945  0.007986  0.006860  -0.007997  0.999967  0.001684  -0.006846  -0.001738  0.999975  0.000131  0.011138  
29.462943 0.001991  0.090571  -0.006833  0.995622  0.081456  -0.045837  -0.080110  0.996321  0.030457  0.048149  -0.026651  0.998485  -0.000802  -0.006023  -0.004970  0.082869  0.167538  0.481457  2.000000  0.999937  0.008485  0.007294  -0.008498  0.999962  0.001792  -0.007278  -0.001854  0.999972  0.999947  0.009759  -0.003351  -0.009753  0.999951  0.001799  0.003368  -0.001766  0.999993  1.000000  0.000097  0.000085  -0.000097  1.000000  0.000022  -0.000085  -0.000022  1.000000  0.999937  0.008485  0.007294  -0.008498  0.999962  0.001792  -0.007278  -0.001854  0.999972  0.000131  0.010471  
29.463943 0.001989  0.090565  -0.006836  0.995606  0.081661  -0.045830  -0.080315  0.996304  0.030466  0.048149  -0.026651  0.998485  -0.000900  -0.006092  -0.004990  0.078829  0.163024  0.481382  2.000000  0.999932  0.008859  0.007627  -0.008873  0.999959  0.001878  -0.007610  -0.001945  0.999969  0.999952  0.009341  -0.003095  -0.009335  0.999955  0.001779  0.003111  -0.001750  0.999994  1.000000  0.000092  0.000082  -0.000092  1.000000  0.000022  -0.000082  -0.000022  1.000000  0.999932  0.008859  0.007627  -0.008873  0.999959  0.001878  -0.007610  -0.001945  0.999969  0.000130  0.009997  
29.465193 0.001985  0.090557  -0.006842  0.995589  0.081866  -0.045824  -0.080520  0.996287  0.030475  0.048149  -0.026651  0.998485  -0.001123  -0.006164  -0.004976  0.077919  0.152920  0.470267  2.000000  0.999925  0.009282  0.008009  -0.009298  0.999955  0.001977  -0.007990  -0.002051  0.999966  0.999962  0.008302  -0.002721  -0.008298  0.999964  0.001609  0.002735  -0.001586  0.999995  1.000000  0.000081  0.000073  -0.000081  1.000000  0.000020  -0.000073  -0.000020  1.000000  0.999925  0.009282  0.008009  -0.009298  0.999955  0.001977  -0.007990  -0.002051  0.999966  0.000125  0.008881  
29.466443 0.001980  0.090548  -0.006848  0.995596  0.081862  -0.045691  -0.080521  0.996287  0.030465  0.048015  -0.026651  0.998491  -0.001427  -0.006266  -0.004975  0.073261  0.141402  0.446226  2.000000  0.999918  0.009663  0.008363  -0.009681  0.999951  0.002072  -0.008343  -0.002153  0.999963  0.999968  0.007674  -0.002337  -0.007671  0.999969  0.001578  0.002349  -0.001560  0.999996  1.000000  0.000073  0.000068  -0.000073  1.000000  0.000020  -0.000068  -0.000020  1.000000  0.999918  0.009663  0.008363  -0.009681  0.999951  0.002072  -0.008343  -0.002153  0.999963  0.000119  0.008174  
29.467690 0.001975  0.090540  -0.006854  0.995596  0.081868  -0.045681  -0.080521  0.996284  0.030586  0.048015  -0.026773  0.998488  -0.001637  -0.006252  -0.004921  0.071771  0.131799  0.421766  2.000000  0.999913  0.009937  0.008625  -0.009956  0.999948  0.002146  -0.008603  -0.002232  0.999961  0.999973  0.007051  -0.002085  -0.007047  0.999974  0.001548  0.002096  -0.001534  0.999997  1.000000  0.000067  0.000063  -0.000067  1.000000  0.000019  -0.000063  -0.000019  1.000000  0.999913  0.009937  0.008625  -0.009956  0.999948  0.002146  -0.008603  -0.002232  0.999961  0.000114  0.007512  
29.468692 0.001971  0.090532  -0.006859  0.995579  0.082073  -0.045675  -0.080726  0.996267  0.030595  0.048015  -0.026773  0.998488  -0.001861  -0.006283  -0.004782  0.067388  0.124412  0.404289  2.000000  0.999909  0.010187  0.008869  -0.010207  0.999945  0.002218  -0.008846  -0.002309  0.999958  0.999976  0.006632  -0.001829  -0.006630  0.999977  0.001407  0.001838  -0.001395  0.999997  1.000000  0.000061  0.000060  -0.000061  1.000000  0.000018  -0.000060  -0.000018  1.000000  0.999909  0.010187  0.008869  -0.010207  0.999945  0.002218  -0.008846  -0.002309  0.999958  0.000110  0.007021  
29.469694 0.001967  0.090526  -0.006863  0.995579  0.082073  -0.045675  -0.080726  0.996267  0.030595  0.048015  -0.026773  0.998488  -0.002149  -0.006239  -0.004597  0.066245  0.119318  0.387239  2.000000  0.999904  0.010414  0.009100  -0.010436  0.999943  0.002285  -0.009076  -0.002380  0.999956  0.999981  0.006008  -0.001578  -0.006006  0.999981  0.001378  0.001586  -0.001368  0.999998  1.000000  0.000055  0.000055  -0.000055  1.000000  0.000017  -0.000055  -0.000017  1.000000  0.999904  0.010414  0.009100  -0.010436  0.999943  0.002285  -0.009076  -0.002380  0.999956  0.000105  0.006362  
29.470942 0.001961  0.090518  -0.006868  0.995586  0.082069  -0.045542  -0.080726  0.996267  0.030584  0.047882  -0.026773  0.998494  -0.002524  -0.006223  -0.004403  0.065302  0.106445  0.366221  2.000000  0.999899  0.010660  0.009359  -0.010683  0.999940  0.002358  -0.009334  -0.002458  0.999953  0.999986  0.005175  -0.001199  -0.005174  0.999986  0.001095  0.001205  -0.001089  0.999999  1.000000  0.000045  0.000049  -0.000045  1.000000  0.000014  -0.000049  -0.000014  1.000000  0.999899  0.010660  0.009359  -0.010683  0.999940  0.002358  -0.009334  -0.002458  0.999953  0.000097  0.005423  
29.471942 0.001956  0.090511  -0.006873  0.995575  0.082271  -0.045402  -0.080932  0.996250  0.030583  0.047748  -0.026773  0.998501  -0.002788  -0.006259  -0.004365  0.064385  0.093621  0.345367  2.000000  0.999898  0.010704  0.009409  -0.010727  0.999940  0.002371  -0.009383  -0.002472  0.999953  0.999987  0.004962  -0.000937  -0.004961  0.999987  0.000964  0.000942  -0.000959  0.999999  1.000000  0.000000  0.000000  0.000000  1.000000  0.000000  0.000000  0.000000  1.000000  0.999898  0.010704  0.009409  -0.010727  0.999940  0.002371  -0.009383  -0.002472  0.999953  0.000093  0.000000  
29.472945 0.001949  0.090503  -0.006878  0.995575  0.082271  -0.045402  -0.080932  0.996250  0.030583  0.047748  -0.026773  0.998501  -0.003169  -0.006380  -0.004377  0.063467  0.085227  0.324524  2.000000  0.999898  0.010704  0.009409  -0.010727  0.999940  0.002371  -0.009383  -0.002472  0.999953  0.999991  0.004129  -0.000558  -0.004129  0.999991  0.000803  0.000561  -0.000801  1.000000  1.000000  0.000000  0.000000  0.000000  1.000000  0.000000  0.000000  0.000000  1.000000  0.999898  0.010704  0.009409  -0.010727  0.999940  0.002371  -0.009383  -0.002472  0.999953  0.000086  0.000000  
29.473954 0.001943  0.090496  -0.006885  0.995582  0.082267  -0.045269  -0.080932  0.996251  0.030572  0.047614  -0.026773  0.998507  -0.003553  -0.006483  -0.004483  0.058648  0.073143  0.299198  2.000000  0.999898  0.010704  0.009409  -0.010727  0.999940  0.002371  -0.009383  -0.002472  0.999953  0.999993  0.003707  -0.000168  -0.003707  0.999993  0.000661  0.000170  -0.000661  1.000000  1.000000  0.000000  0.000000  0.000000  1.000000  0.000000  0.000000  0.000000  1.000000  0.999898  0.010704  0.009409  -0.010727  0.999940  0.002371  -0.009383  -0.002472  0.999953  0.000081  0.000000  
29.475202 0.001935  0.090486  -0.006894  0.995588  0.082264  -0.045136  -0.080933  0.996251  0.030561  0.047481  -0.026773  0.998513  -0.004056  -0.006700  -0.004747  0.057373  0.060371  0.271167  2.000000  0.999898  0.010704  0.009409  -0.010727  0.999940  0.002371  -0.009383  -0.002472  0.999953  0.999995  0.003289  0.000088  -0.003289  0.999994  0.000520  -0.000087  -0.000520  1.000000  1.000000  0.000000  0.000000  0.000000  1.000000  0.000000  0.000000  0.000000  1.000000  0.999898  0.010704  0.009409  -0.010727  0.999940  0.002371  -0.009383  -0.002472  0.999953  0.000072  0.000000  
29.476448 0.001926  0.090476  -0.006903  0.995578  0.082465  -0.044996  -0.081138  0.996234  0.030559  0.047347  -0.026773  0.998520  -0.004555  -0.006898  -0.005055  0.052382  0.042934  0.250050  2.000000  0.999898  0.010704  0.009409  -0.010727  0.999940  0.002371  -0.009383  -0.002472  0.999953  0.999995  0.003076  0.000350  -0.003076  0.999995  0.000389  -0.000349  -0.000390  1.000000  1.000000  0.000000  0.000000  0.000000  1.000000  0.000000  0.000000  0.000000  1.000000  0.999898  0.010704  0.009409  -0.010727  0.999940  0.002371  -0.009383  -0.002472  0.999953  0.000068  0.000000  
29.477693 0.001918  0.090467  -0.006913  0.995584  0.082462  -0.044863  -0.081139  0.996235  0.030549  0.047213  -0.026774  0.998526  -0.004955  -0.007038  -0.005385  0.046966  0.029731  0.227101  2.000000  0.999898  0.010704  0.009409  -0.010727  0.999940  0.002371  -0.009383  -0.002472  0.999953  0.999997  0.002449  0.000735  -0.002449  0.999997  0.000359  -0.000734  -0.000361  1.000000  1.000000  0.000000  0.000000  0.000000  1.000000  0.000000  0.000000  0.000000  1.000000  0.999898  0.010704  0.009409  -0.010727  0.999940  0.002371  -0.009383  -0.002472  0.999953  0.000059  0.000000  
29.478693 0.001910  0.090460  -0.006920  0.995590  0.082458  -0.044730  -0.081139  0.996235  0.030538  0.047080  -0.026774  0.998532  -0.005318  -0.007109  -0.005654  0.042321  0.017021  0.207889  2.000000  0.999898  0.010704  0.009409  -0.010727  0.999940  0.002371  -0.009383  -0.002472  0.999953  0.999998  0.002034  0.000858  -0.002034  0.999998  0.000218  -0.000857  -0.000220  1.000000  1.000000  0.000000  0.000000  0.000000  1.000000  0.000000  0.000000  0.000000  1.000000  0.999898  0.010704  0.009409  -0.010727  0.999940  0.002371  -0.009383  -0.002472  0.999953  0.000053  0.000000  
29.479695 0.001902  0.090453  -0.006928  0.995590  0.082458  -0.044730  -0.081139  0.996235  0.030538  0.047080  -0.026774  0.998532  -0.005680  -0.007145  -0.005929  0.036976  0.012951  0.185488  2.000000  0.999898  0.010704  0.009409  -0.010727  0.999940  0.002371  -0.009383  -0.002472  0.999953  0.999998  0.001825  0.000986  -0.001825  0.999998  0.000208  -0.000986  -0.000210  0.999999  1.000000  0.000000  0.000000  0.000000  1.000000  0.000000  0.000000  0.000000  1.000000  0.999898  0.010704  0.009409  -0.010727  0.999940  0.002371  -0.009383  -0.002472  0.999953  0.000049  0.000000  
29.480695 0.001893  0.090445  -0.006936  0.995596  0.082454  -0.044597  -0.081140  0.996235  0.030527  0.046946  -0.026774  0.998539  -0.006038  -0.007210  -0.006107  0.000000  0.000000  0.000000  2.000000  0.999898  0.010704  0.009409  -0.010727  0.999940  0.002371  -0.009383  -0.002472  0.999953  0.999998  0.001407  0.001242  -0.001407  0.999999  0.000189  -0.001242  -0.000191  0.999999  1.000000  0.000000  0.000000  0.000000  1.000000  0.000000  0.000000  0.000000  1.000000  0.999898  0.010704  0.009409  -0.010727  0.999940  0.002371  -0.009383  -0.002472  0.999953  0.000044  0.000000  
29.481948 0.001883  0.090436  -0.006946  0.995580  0.082660  -0.044591  -0.081345  0.996218  0.030536  0.046946  -0.026774  0.998539  -0.006397  -0.007244  -0.006337  0.000000  0.000000  0.000000  2.000000  0.999898  0.010704  0.009409  -0.010727  0.999940  0.002371  -0.009383  -0.002472  0.999953  0.999998  0.001407  0.001242  -0.001407  0.999999  0.000189  -0.001242  -0.000191  0.999999  1.000000  0.000000  0.000000  0.000000  1.000000  0.000000  0.000000  0.000000  1.000000  0.999898  0.010704  0.009409  -0.010727  0.999940  0.002371  -0.009383  -0.002472  0.999953  0.000000  0.000000  
29.483192 0.001871  0.090427  -0.006954  0.995586  0.082656  -0.044457  -0.081345  0.996218  0.030525  0.046812  -0.026774  0.998545  -0.006769  -0.007250  -0.006490  0.000000  0.000000  0.000000  2.000000  0.999898  0.010704  0.009409  -0.010727  0.999940  0.002371  -0.009383  -0.002472  0.999953  0.999998  0.001197  0.001371  -0.001198  0.999999  0.000179  -0.001370  -0.000181  0.999999  1.000000  0.000000  0.000000  0.000000  1.000000  0.000000  0.000000  0.000000  1.000000  0.999898  0.010704  0.009409  -0.010727  0.999940  0.002371  -0.009383  -0.002472  0.999953  0.000000  0.000000  
29.484194 0.001862  0.090420  -0.006961  0.995586  0.082656  -0.044457  -0.081345  0.996218  0.030525  0.046812  -0.026774  0.998545  -0.007119  -0.007311  -0.006662  0.000000  0.000000  0.000000  2.000000  0.999898  0.010704  0.009409  -0.010727  0.999940  0.002371  -0.009383  -0.002472  0.999953  0.999999  0.000992  0.001365  -0.000992  0.999999  0.000169  -0.001365  -0.000171  0.999999  1.000000  0.000000  0.000000  0.000000  1.000000  0.000000  0.000000  0.000000  1.000000  0.999898  0.010704  0.009409  -0.010727  0.999940  0.002371  -0.009383  -0.002472  0.999953  0.000000  0.000000  
29.485443 0.001851  0.090412  -0.006969  0.995592  0.082652  -0.044324  -0.081346  0.996219  0.030514  0.046679  -0.026774  0.998551  -0.007492  -0.007303  -0.006864  0.000000  0.000000  0.000000  2.000000  0.999898  0.010704  0.009409  -0.010727  0.999940  0.002371  -0.009383  -0.002472  0.999953  0.999998  0.000988  0.001499  -0.000989  0.999999  0.000169  -0.001499  -0.000171  0.999999  1.000000  0.000000  0.000000  0.000000  1.000000  0.000000  0.000000  0.000000  1.000000  0.999898  0.010704  0.009409  -0.010727  0.999940  0.002371  -0.009383  -0.002472  0.999953  0.000000  0.000000  
29.486693 0.001840  0.090403  -0.006977  0.995592  0.082652  -0.044324  -0.081346  0.996219  0.030514  0.046679  -0.026774  0.998551  -0.007879  -0.007335  -0.007063  0.000000  0.000000  0.000000  2.000000  0.999898  0.010704  0.009409  -0.010727  0.999940  0.002371  -0.009383  -0.002472  0.999953  0.999999  0.000786  0.001360  -0.000787  1.000000  0.000160  -0.001359  -0.000161  0.999999  1.000000  0.000000  0.000000  0.000000  1.000000  0.000000  0.000000  0.000000  1.000000  0.999898  0.010704  0.009409  -0.010727  0.999940  0.002371  -0.009383  -0.002472  0.999953  0.000000  0.000000  
29.487945 0.001828  0.090393  -0.006988  0.995592  0.082652  -0.044324  -0.081346  0.996219  0.030514  0.046679  -0.026774  0.998551  -0.008079  -0.007314  -0.007272  0.000000  0.000000  0.000000  2.000000  0.999898  0.010704  0.009409  -0.010727  0.999940  0.002371  -0.009383  -0.002472  0.999953  0.999999  0.000786  0.001360  -0.000786  1.000000  0.000038  -0.001360  -0.000040  0.999999  1.000000  0.000000  0.000000  0.000000  1.000000  0.000000  0.000000  0.000000  1.000000  0.999898  0.010704  0.009409  -0.010727  0.999940  0.002371  -0.009383  -0.002472  0.999953  0.000000  0.000000  
29.489216 0.001817  0.090385  -0.006998  0.995598  0.082649  -0.044191  -0.081346  0.996219  0.030503  0.046545  -0.026774  0.998557  -0.008349  -0.007253  -0.007442  0.000000  0.000000  0.000000  2.000000  0.999898  0.010704  0.009409  -0.010727  0.999940  0.002371  -0.009383  -0.002472  0.999953  0.999999  0.000581  0.001354  -0.000581  1.000000  0.000029  -0.001354  -0.000030  0.999999  1.000000  0.000000  0.000000  0.000000  1.000000  0.000000  0.000000  0.000000  1.000000  0.999898  0.010704  0.009409  -0.010727  0.999940  0.002371  -0.009383  -0.002472  0.999953  0.000000  0.000000  
29.490447 0.001807  0.090376  -0.007009  0.995598  0.082649  -0.044191  -0.081346  0.996219  0.030503  0.046545  -0.026774  0.998557  -0.008457  -0.007221  -0.007579  0.000000  0.000000  0.000000  2.000000  0.999898  0.010704  0.009409  -0.010727  0.999940  0.002371  -0.009383  -0.002472  0.999953  0.999999  0.000581  0.001354  -0.000581  1.000000  0.000029  -0.001354  -0.000030  0.999999  1.000000  0.000000  0.000000  0.000000  1.000000  0.000000  0.000000  0.000000  1.000000  0.999898  0.010704  0.009409  -0.010727  0.999940  0.002371  -0.009383  -0.002472  0.999953  0.000000  0.000000  
29.491693 0.001796  0.090366  -0.007020  0.995598  0.082649  -0.044191  -0.081346  0.996219  0.030503  0.046545  -0.026774  0.998557  -0.008558  -0.007230  -0.007698  0.000000  0.000000  0.000000  2.000000  0.999898  0.010704  0.009409  -0.010727  0.999940  0.002371  -0.009383  -0.002472  0.999953  0.999999  0.000581  0.001354  -0.000581  1.000000  0.000029  -0.001354  -0.000030  0.999999  1.000000  0.000000  0.000000  0.000000  1.000000  0.000000  0.000000  0.000000  1.000000  0.999898  0.010704  0.009409  -0.010727  0.999940  0.002371  -0.009383  -0.002472  0.999953  0.000000  0.000000  
29.492697 0.001789  0.090359  -0.007029  0.995598  0.082649  -0.044191  -0.081346  0.996219  0.030503  0.046545  -0.026774  0.998557  -0.008605  -0.007195  -0.007734  0.000000  0.000000  0.000000  2.000000  0.999898  0.010704  0.009409  -0.010727  0.999940  0.002371  -0.009383  -0.002472  0.999953  0.999999  0.000379  0.001215  -0.000379  1.000000  0.000019  -0.001215  -0.000020  0.999999  1.000000  0.000000  0.000000  0.000000  1.000000  0.000000  0.000000  0.000000  1.000000  0.999898  0.010704  0.009409  -0.010727  0.999940  0.002371  -0.009383  -0.002472  0.999953  0.000000  0.000000  
29.493944 0.001780  0.090350  -0.007039  0.995582  0.082854  -0.044185  -0.081551  0.996202  0.030513  0.046545  -0.026774  0.998557  -0.008570  -0.007236  -0.007791  0.000000  0.000000  0.000000  2.000000  0.999898  0.010704  0.009409  -0.010727  0.999940  0.002371  -0.009383  -0.002472  0.999953  0.999999  0.000382  0.001081  -0.000382  1.000000  0.000019  -0.001081  -0.000020  0.999999  1.000000  0.000000  0.000000  0.000000  1.000000  0.000000  0.000000  0.000000  1.000000  0.999898  0.010704  0.009409  -0.010727  0.999940  0.002371  -0.009383  -0.002472  0.999953  0.000000  0.000000  
29.494947 0.001773  0.090343  -0.007047  0.995582  0.082854  -0.044185  -0.081551  0.996202  0.030513  0.046545  -0.026774  0.998557  -0.008458  -0.007228  -0.007834  0.000000  0.000000  0.000000  2.000000  0.999898  0.010704  0.009409  -0.010727  0.999940  0.002371  -0.009383  -0.002472  0.999953  0.999999  0.000592  0.000953  -0.000592  1.000000  0.000029  -0.000953  -0.000029  1.000000  1.000000  0.000000  0.000000  0.000000  1.000000  0.000000  0.000000  0.000000  1.000000  0.999898  0.010704  0.009409  -0.010727  0.999940  0.002371  -0.009383  -0.002472  0.999953  0.000000  0.000000  
29.496254 0.001764  0.090333  -0.007058  0.995582  0.082854  -0.044185  -0.081551  0.996202  0.030513  0.046545  -0.026774  0.998557  -0.008308  -0.007201  -0.007844  0.000000  0.000000  0.000000  2.000000  0.999898  0.010704  0.009409  -0.010727  0.999940  0.002371  -0.009383  -0.002472  0.999953  1.000000  0.000390  0.000814  -0.000390  1.000000  0.000019  -0.000814  -0.000019  1.000000  1.000000  0.000000  0.000000  0.000000  1.000000  0.000000  0.000000  0.000000  1.000000  0.999898  0.010704  0.009409  -0.010727  0.999940  0.002371  -0.009383  -0.002472  0.999953  0.000000  0.000000  
29.497443 0.001755  0.090323  -0.007068  0.995582  0.082854  -0.044185  -0.081551  0.996202  0.030513  0.046545  -0.026774  0.998557  -0.008169  -0.007318  -0.007994  0.000000  0.000000  0.000000  2.000000  0.999898  0.010704  0.009409  -0.010727  0.999940  0.002371  -0.009383  -0.002472  0.999953  1.000000  0.000393  0.000680  -0.000393  1.000000  0.000019  -0.000680  -0.000019  1.000000  1.000000  0.000000  0.000000  0.000000  1.000000  0.000000  0.000000  0.000000  1.000000  0.999898  0.010704  0.009409  -0.010727  0.999940  0.002371  -0.009383  -0.002472  0.999953  0.000000  0.000000  
29.498443 0.001749  0.090315  -0.007077  0.995582  0.082859  -0.044175  -0.081551  0.996198  0.030633  0.046545  -0.026896  0.998554  -0.007998  -0.007376  -0.008117  0.000000  0.000000  0.000000  2.000000  0.999898  0.010704  0.009409  -0.010727  0.999940  0.002371  -0.009383  -0.002472  0.999953  1.000000  0.000393  0.000680  -0.000393  1.000000  0.000140  -0.000680  -0.000141  1.000000  1.000000  0.000000  0.000000  0.000000  1.000000  0.000000  0.000000  0.000000  1.000000  0.999898  0.010704  0.009409  -0.010727  0.999940  0.002371  -0.009383  -0.002472  0.999953  0.000000  0.000000  
29.499693 0.001741  0.090304  -0.007088  0.995565  0.083064  -0.044168  -0.081756  0.996181  0.030642  0.046545  -0.026896  0.998554  -0.007786  -0.007500  -0.008315  0.000000  0.000000  0.000000  2.000000  0.999898  0.010704  0.009409  -0.010727  0.999940  0.002371  -0.009383  -0.002472  0.999953  1.000000  0.000602  0.000552  -0.000602  1.000000  0.000150  -0.000552  -0.000150  1.000000  1.000000  0.000000  0.000000  0.000000  1.000000  0.000000  0.000000  0.000000  1.000000  0.999898  0.010704  0.009409  -0.010727  0.999940  0.002371  -0.009383  -0.002472  0.999953  0.000000  0.000000  
29.500943 0.001733  0.090294  -0.007099  0.995565  0.083070  -0.044158  -0.081756  0.996177  0.030763  0.046545  -0.027017  0.998551  -0.007542  -0.007610  -0.008456  0.000000  0.000000  0.000000  2.000000  0.999898  0.010704  0.009409  -0.010727  0.999940  0.002371  -0.009383  -0.002472  0.999953  1.000000  0.000606  0.000418  -0.000606  1.000000  0.000271  -0.000418  -0.000272  1.000000  1.000000  0.000000  0.000000  0.000000  1.000000  0.000000  0.000000  0.000000  1.000000  0.999898  0.010704  0.009409  -0.010727  0.999940  0.002371  -0.009383  -0.002472  0.999953  0.000000  0.000000  
29.501943 0.001727  0.090286  -0.007108  0.995565  0.083070  -0.044158  -0.081756  0.996177  0.030763  0.046545  -0.027017  0.998551  -0.007346  -0.007645  -0.008560  0.000000  0.000000  0.000000  2.000000  0.999898  0.010704  0.009409  -0.010727  0.999940  0.002371  -0.009383  -0.002472  0.999953  1.000000  0.000400  0.000412  -0.000400  1.000000  0.000262  -0.000412  -0.000262  1.000000  1.000000  0.000000  0.000000  0.000000  1.000000  0.000000  0.000000  0.000000  1.000000  0.999898  0.010704  0.009409  -0.010727  0.999940  0.002371  -0.009383  -0.002472  0.999953  0.000000  0.000000  
29.503193 0.001720  0.090277  -0.007118  0.995548  0.083275  -0.044152  -0.081961  0.996160  0.030772  0.046545  -0.027017  0.998551  -0.007036  -0.007642  -0.008570  0.000000  0.000000  0.000000  2.000000  0.999898  0.010704  0.009409  -0.010727  0.999940  0.002371  -0.009383  -0.002472  0.999953  1.000000  0.000609  0.000284  -0.000610  1.000000  0.000271  -0.000284  -0.000272  1.000000  1.000000  0.000000  0.000000  0.000000  1.000000  0.000000  0.000000  0.000000  1.000000  0.999898  0.010704  0.009409  -0.010727  0.999940  0.002371  -0.009383  -0.002472  0.999953  0.000000  0.000000  
