1-Time 2-Px 3-Py 4-Pz 5-R11 6-R21 7-R31 8-R12 9-R22 10-R32 11-R13 12-R23 13-R33 14-Vx 15-Vy 16-Vz 17-Wx 18-Wy 19-Wz 20-state 21-PR11 22-PR21 23-PR31 24-PR12 25-PR22 26-PR32 27-PR13 28-PR23 29-PR33 
199.962207 0.003336  0.093001  -0.006767  0.997472  0.068599  -0.018534  -0.068283  0.997518  0.017195  0.019667  -0.015886  0.999680  -0.000046  0.000046  0.000224  0.000000  0.000000  0.000000  2.000000  1.000000  0.000000  0.000000  -0.000000  1.000000  0.000000  0.000000  -0.000000  1.000000  1.000000  0.000000  0.000000  0.000000  1.000000  0.000000  0.000000  -0.000000  1.000000  1.000000  0.000000  0.000000  0.000000  1.000000  0.000000  0.000000  0.000000  1.000000  0.681685  0.401061  0.611928  -0.406448  0.903028  -0.139068  -0.608363  -0.153917  0.778591  0.000000  0.000000  
199.963209 0.003336  0.093001  -0.006768  0.997472  0.068599  -0.018534  -0.068283  0.997518  0.017195  0.019667  -0.015886  0.999680  -0.000064  0.000016  0.000170  0.000000  0.000000  0.000000  2.000000  1.000000  0.000000  0.000000  0.000000  1.000000  0.000000  0.000000  0.000000  1.000000  1.000000  0.000000  0.000000  0.000000  1.000000  0.000000  0.000000  -0.000000  1.000000  1.000000  0.000000  0.000000  0.000000  1.000000  0.000000  0.000000  0.000000  1.000000  1.000000  0.000000  0.000000  0.000000  1.000000  0.000000  0.000000  0.000000  1.000000  0.000000  0.000000  
199.964458 0.003335  0.092999  -0.006771  0.997444  0.069010  -0.018526  -0.068693  0.997489  0.017203  0.019667  -0.015886  0.999680  -0.000084  -0.000104  -0.000050  0.000000  0.000000  0.000000  2.000000  1.000000  0.000000  0.000000  0.000000  1.000000  0.000000  0.000000  0.000000  1.000000  1.000000  0.000206  0.000003  -0.000206  1.000000  0.000004  -0.000003  -0.000004  1.000000  1.000000  0.000000  0.000000  0.000000  1.000000  0.000000  0.000000  0.000000  1.000000  1.000000  0.000000  0.000000  0.000000  1.000000  0.000000  0.000000  0.000000  1.000000  0.000000  0.000000  
199.965707 0.003335  0.092996  -0.006775  0.997401  0.069628  -0.018507  -0.069310  0.997445  0.017335  0.019667  -0.016007  0.999678  -0.000091  -0.000298  -0.000333  0.000000  0.000000  0.000000  2.000000  1.000000  0.000000  0.000000  0.000000  1.000000  0.000000  0.000000  0.000000  1.000000  1.000000  0.000823  0.000013  -0.000823  1.000000  0.000137  -0.000013  -0.000137  1.000000  1.000000  0.000000  0.000000  0.000000  1.000000  0.000000  0.000000  0.000000  1.000000  1.000000  0.000000  0.000000  0.000000  1.000000  0.000000  0.000000  0.000000  1.000000  0.000000  0.000000  
199.966956 0.003335  0.092993  -0.006779  0.997373  0.070041  -0.018492  -0.069720  0.997414  0.017464  0.019667  -0.016129  0.999676  -0.000051  -0.000499  -0.000630  0.000000  0.000000  0.000000  2.000000  1.000000  0.000000  0.000000  0.000000  1.000000  0.000000  0.000000  0.000000  1.000000  0.999999  0.001235  0.000020  -0.001235  0.999999  0.000146  -0.000020  -0.000146  1.000000  1.000000  0.000000  0.000000  0.000000  1.000000  0.000000  0.000000  0.000000  1.000000  1.000000  0.000000  0.000000  0.000000  1.000000  0.000000  0.000000  0.000000  1.000000  0.000000  0.000000  
199.967957 0.003336  0.092991  -0.006782  0.997356  0.070249  -0.018622  -0.069925  0.997399  0.017477  0.019801  -0.016129  0.999674  -0.000012  -0.000641  -0.000845  0.000000  0.000000  0.000000  2.000000  1.000000  0.000000  0.000000  0.000000  1.000000  0.000000  0.000000  0.000000  1.000000  0.999999  0.001649  -0.000107  -0.001649  0.999999  0.000275  0.000108  -0.000275  1.000000  1.000000  0.000000  0.000000  0.000000  1.000000  0.000000  0.000000  0.000000  1.000000  1.000000  0.000000  0.000000  0.000000  1.000000  0.000000  0.000000  0.000000  1.000000  0.000000  0.000000  
199.968957 0.003337  0.092989  -0.006784  0.997324  0.070664  -0.018739  -0.070336  0.997368  0.017615  0.019935  -0.016250  0.999669  0.000053  -0.000775  -0.000997  0.000000  0.000000  0.000000  2.000000  1.000000  0.000000  0.000000  0.000000  1.000000  0.000000  0.000000  0.000000  1.000000  0.999998  0.001854  -0.000104  -0.001854  0.999998  0.000279  0.000104  -0.000279  1.000000  1.000000  0.000000  0.000000  0.000000  1.000000  0.000000  0.000000  0.000000  1.000000  1.000000  0.000000  0.000000  0.000000  1.000000  0.000000  0.000000  0.000000  1.000000  0.000000  0.000000  
199.969960 0.003337  0.092988  -0.006786  0.997292  0.071076  -0.018865  -0.070746  0.997338  0.017632  0.020068  -0.016250  0.999667  0.000072  -0.000890  -0.001186  0.000000  0.000000  0.000000  2.000000  1.000000  0.000000  0.000000  0.000000  1.000000  0.000000  0.000000  0.000000  1.000000  0.999997  0.002270  -0.000364  -0.002270  0.999997  0.000409  0.000365  -0.000408  1.000000  1.000000  0.000000  0.000000  0.000000  1.000000  0.000000  0.000000  0.000000  1.000000  1.000000  0.000000  0.000000  0.000000  1.000000  0.000000  0.000000  0.000000  1.000000  0.000000  0.000000  
199.970961 0.003338  0.092986  -0.006789  0.997246  0.071695  -0.018988  -0.071362  0.997294  0.017653  0.020202  -0.016250  0.999664  0.000128  -0.001001  -0.001347  0.000000  0.000000  0.000000  2.000000  1.000000  0.000000  0.000000  0.000000  1.000000  0.000000  0.000000  0.000000  1.000000  0.999996  0.002890  -0.000488  -0.002890  0.999996  0.000422  0.000489  -0.000421  1.000000  1.000000  0.000000  0.000000  0.000000  1.000000  0.000000  0.000000  0.000000  1.000000  1.000000  0.000000  0.000000  0.000000  1.000000  0.000000  0.000000  0.000000  1.000000  0.000000  0.000000  
199.971965 0.003338  0.092984  -0.006791  0.997196  0.072317  -0.019235  -0.071977  0.997247  0.017805  0.020470  -0.016371  0.999656  0.000144  -0.001099  -0.001513  0.000000  0.000000  0.000000  2.000000  1.000000  0.000000  0.000000  0.000000  1.000000  0.000000  0.000000  0.000000  1.000000  0.999994  0.003510  -0.000611  -0.003509  0.999994  0.000556  0.000613  -0.000554  1.000000  1.000000  0.000000  0.000000  0.000000  1.000000  0.000000  0.000000  0.000000  1.000000  1.000000  0.000000  0.000000  0.000000  1.000000  0.000000  0.000000  0.000000  1.000000  0.000000  0.000000  
199.973206 0.003339  0.092982  -0.006796  0.997134  0.073141  -0.019354  -0.072798  0.997187  0.017831  0.020604  -0.016371  0.999654  0.000186  -0.001271  -0.001884  0.000000  0.000000  0.000000  2.000000  1.000000  0.000000  0.000000  0.000000  1.000000  0.000000  0.000000  0.000000  1.000000  0.999990  0.004337  -0.000865  -0.004337  0.999990  0.000574  0.000868  -0.000570  0.999999  1.000000  0.000000  0.000000  0.000000  1.000000  0.000000  0.000000  0.000000  1.000000  1.000000  0.000000  0.000000  0.000000  1.000000  0.000000  0.000000  0.000000  1.000000  0.000000  0.000000  
199.974212 0.003339  0.092980  -0.006800  0.997086  0.073759  -0.019476  -0.073414  0.997142  0.017853  0.020737  -0.016371  0.999651  0.000221  -0.001370  -0.002152  0.019795  0.033170  0.173448  2.000000  1.000000  0.000043  0.000050  -0.000043  1.000000  0.000007  -0.000050  -0.000007  1.000000  0.999986  0.005163  -0.000986  -0.005162  0.999987  0.000592  0.000989  -0.000587  0.999999  1.000000  0.000043  0.000050  -0.000043  1.000000  0.000007  -0.000050  -0.000007  1.000000  1.000000  0.000043  0.000050  -0.000043  1.000000  0.000007  -0.000050  -0.000007  1.000000  0.000044  0.005289  
199.975461 0.003340  0.092979  -0.006805  0.997007  0.074787  -0.019591  -0.074440  0.997065  0.017883  0.020871  -0.016371  0.999648  0.000313  -0.001448  -0.002468  0.020508  0.037108  0.208098  2.000000  1.000000  0.000273  0.000319  -0.000273  1.000000  0.000045  -0.000319  -0.000045  1.000000  0.999981  0.005988  -0.001106  -0.005987  0.999982  0.000610  0.001110  -0.000603  0.999999  1.000000  0.000049  0.000058  -0.000049  1.000000  0.000008  -0.000058  -0.000008  1.000000  1.000000  0.000273  0.000319  -0.000273  1.000000  0.000045  -0.000319  -0.000045  1.000000  0.000051  0.006119  
199.976711 0.003341  0.092978  -0.006809  0.996943  0.075610  -0.019710  -0.075261  0.997003  0.017909  0.021005  -0.016371  0.999645  0.000375  -0.001552  -0.002804  0.021085  0.041157  0.235830  2.000000  1.000000  0.000537  0.000632  -0.000537  1.000000  0.000083  -0.000632  -0.000083  1.000000  0.999976  0.006813  -0.001226  -0.006813  0.999977  0.000628  0.001230  -0.000619  0.999999  1.000000  0.000056  0.000066  -0.000056  1.000000  0.000008  -0.000066  -0.000008  1.000000  1.000000  0.000537  0.000632  -0.000537  1.000000  0.000083  -0.000632  -0.000083  1.000000  0.000058  0.006951  
199.977961 0.003342  0.092976  -0.006815  0.996859  0.076643  -0.019949  -0.076287  0.996922  0.018070  0.021272  -0.016492  0.999638  0.000457  -0.001685  -0.003167  0.025899  0.049572  0.270550  2.000000  0.999999  0.000782  0.000922  -0.000783  1.000000  0.000115  -0.000922  -0.000115  1.000000  0.999968  0.007847  -0.001477  -0.007846  0.999969  0.000651  0.001482  -0.000640  0.999999  1.000000  0.000065  0.000076  -0.000065  1.000000  0.000008  -0.000076  -0.000008  1.000000  0.999999  0.000782  0.000922  -0.000783  1.000000  0.000115  -0.000922  -0.000115  1.000000  0.000067  0.008011  
199.979207 0.003343  0.092973  -0.006821  0.996790  0.077469  -0.020201  -0.077107  0.996858  0.018108  0.021540  -0.016492  0.999632  0.000497  -0.001757  -0.003412  0.026509  0.058122  0.298394  2.000000  0.999998  0.001126  0.001323  -0.001126  0.999999  0.000163  -0.001323  -0.000164  0.999999  0.999961  0.008672  -0.001596  -0.008671  0.999962  0.000791  0.001603  -0.000777  0.999998  1.000000  0.000072  0.000084  -0.000072  1.000000  0.000010  -0.000084  -0.000010  1.000000  0.999998  0.001126  0.001323  -0.001126  0.999999  0.000163  -0.001323  -0.000164  0.999999  0.000074  0.008853  
199.980207 0.003344  0.092971  -0.006826  0.996737  0.078089  -0.020456  -0.077722  0.996810  0.018141  0.021807  -0.016492  0.999626  0.000605  -0.001742  -0.003532  0.026983  0.066785  0.319325  2.000000  0.999998  0.001429  0.001669  -0.001430  0.999999  0.000202  -0.001669  -0.000204  0.999999  0.999955  0.009294  -0.001853  -0.009293  0.999956  0.000807  0.001860  -0.000789  0.999998  1.000000  0.000078  0.000089  -0.000078  1.000000  0.000010  -0.000089  -0.000010  1.000000  0.999998  0.001429  0.001669  -0.001430  0.999999  0.000202  -0.001669  -0.000204  0.999999  0.000080  0.009511  
199.981208 0.003345  0.092969  -0.006830  0.996685  0.078707  -0.020578  -0.078338  0.996761  0.018164  0.021941  -0.016492  0.999623  0.000653  -0.001699  -0.003591  0.027432  0.070935  0.340100  2.000000  0.999996  0.001758  0.002037  -0.001758  0.999998  0.000242  -0.002037  -0.000245  0.999998  0.999949  0.009916  -0.002110  -0.009914  0.999951  0.000823  0.002118  -0.000802  0.999997  1.000000  0.000085  0.000094  -0.000085  1.000000  0.000010  -0.000094  -0.000010  1.000000  0.999996  0.001758  0.002037  -0.001758  0.999998  0.000242  -0.002037  -0.000245  0.999998  0.000085  0.010171  
199.982456 0.003346  0.092965  -0.006834  0.996631  0.079329  -0.020824  -0.078953  0.996710  0.018319  0.022209  -0.016613  0.999615  0.000674  -0.001776  -0.003628  0.031993  0.079581  0.361053  2.000000  0.999994  0.002203  0.002528  -0.002204  0.999998  0.000294  -0.002528  -0.000299  0.999997  0.999939  0.010744  -0.002363  -0.010742  0.999942  0.000965  0.002373  -0.000939  0.999997  1.000000  0.000093  0.000101  -0.000093  1.000000  0.000012  -0.000101  -0.000012  1.000000  0.999994  0.002203  0.002528  -0.002204  0.999998  0.000294  -0.002528  -0.000299  0.999997  0.000093  0.011042  
199.983456 0.003347  0.092962  -0.006839  0.996579  0.079947  -0.020946  -0.079568  0.996661  0.018342  0.022343  -0.016613  0.999612  0.000674  -0.001857  -0.003729  0.032451  0.083735  0.381857  2.000000  0.999992  0.002583  0.002947  -0.002584  0.999997  0.000341  -0.002946  -0.000348  0.999996  0.999932  0.011363  -0.002486  -0.011361  0.999935  0.000980  0.002497  -0.000951  0.999996  1.000000  0.000098  0.000107  -0.000098  1.000000  0.000012  -0.000107  -0.000012  1.000000  0.999992  0.002583  0.002947  -0.002584  0.999997  0.000341  -0.002946  -0.000348  0.999996  0.000098  0.011672  
199.984456 0.003348  0.092959  -0.006843  0.996527  0.080567  -0.021058  -0.080183  0.996609  0.018487  0.022476  -0.016734  0.999607  0.000760  -0.001987  -0.003873  0.036996  0.087883  0.402747  2.000000  0.999990  0.002984  0.003387  -0.002985  0.999995  0.000391  -0.003386  -0.000401  0.999994  0.999927  0.011777  -0.002611  -0.011775  0.999930  0.001112  0.002624  -0.001081  0.999996  1.000000  0.000102  0.000111  -0.000102  1.000000  0.000014  -0.000111  -0.000014  1.000000  0.999990  0.002984  0.003387  -0.002985  0.999995  0.000391  -0.003386  -0.000401  0.999994  0.000103  0.012114  
199.985457 0.003350  0.092955  -0.006849  0.996457  0.081390  -0.021176  -0.081004  0.996542  0.018515  0.022610  -0.016734  0.999604  0.000806  -0.002149  -0.004075  0.037602  0.091913  0.430420  2.000000  0.999988  0.003295  0.003723  -0.003297  0.999994  0.000431  -0.003722  -0.000443  0.999993  0.999924  0.011985  -0.002742  -0.011982  0.999928  0.001118  0.002755  -0.001085  0.999996  1.000000  0.000105  0.000113  -0.000105  1.000000  0.000014  -0.000113  -0.000014  1.000000  0.999988  0.003295  0.003723  -0.003297  0.999994  0.000431  -0.003722  -0.000443  0.999993  0.000109  0.012345  
199.986459 0.003351  0.092951  -0.006854  0.996421  0.081805  -0.021292  -0.081414  0.996506  0.018655  0.022744  -0.016855  0.999599  0.000897  -0.002323  -0.004331  0.041999  0.096153  0.444314  2.000000  0.999984  0.003720  0.004179  -0.003722  0.999993  0.000480  -0.004177  -0.000496  0.999991  0.999922  0.012194  -0.002872  -0.012191  0.999925  0.001003  0.002884  -0.000968  0.999995  1.000000  0.000107  0.000114  -0.000107  1.000000  0.000012  -0.000114  -0.000012  1.000000  0.999984  0.003720  0.004179  -0.003722  0.999993  0.000480  -0.004177  -0.000496  0.999991  0.000114  0.012566  
199.987717 0.003352  0.092944  -0.006862  0.996347  0.082630  -0.021543  -0.082234  0.996438  0.018695  0.023011  -0.016855  0.999593  0.000919  -0.002611  -0.004576  0.042635  0.104658  0.471975  2.000000  0.999980  0.004266  0.004752  -0.004269  0.999991  0.000546  -0.004750  -0.000566  0.999989  0.999919  0.012402  -0.003001  -0.012399  0.999923  0.001009  0.003013  -0.000972  0.999995  1.000000  0.000110  0.000115  -0.000110  1.000000  0.000012  -0.000115  -0.000012  1.000000  0.999980  0.004266  0.004752  -0.004269  0.999991  0.000546  -0.004750  -0.000566  0.999989  0.000119  0.012799  
199.988956 0.003353  0.092938  -0.006871  0.996310  0.083043  -0.021669  -0.082644  0.996403  0.018715  0.023145  -0.016855  0.999590  0.000989  -0.002857  -0.004788  0.042980  0.108971  0.486075  2.000000  0.999974  0.004827  0.005342  -0.004830  0.999988  0.000605  -0.005339  -0.000631  0.999986  0.999913  0.012816  -0.003127  -0.012813  0.999917  0.001022  0.003140  -0.000982  0.999995  1.000000  0.000114  0.000119  -0.000114  1.000000  0.000013  -0.000119  -0.000013  1.000000  0.999974  0.004827  0.005342  -0.004830  0.999988  0.000605  -0.005339  -0.000631  0.999986  0.000125  0.013230  
199.989959 0.003355  0.092933  -0.006877  0.996256  0.083663  -0.021780  -0.083259  0.996349  0.018860  0.023279  -0.016976  0.999585  0.001003  -0.003106  -0.004912  0.047527  0.113076  0.506814  2.000000  0.999969  0.005278  0.005815  -0.005282  0.999986  0.000650  -0.005811  -0.000681  0.999983  0.999916  0.012610  -0.003131  -0.012607  0.999920  0.000898  0.003142  -0.000858  0.999995  1.000000  0.000113  0.000117  -0.000113  1.000000  0.000011  -0.000117  -0.000011  1.000000  0.999969  0.005278  0.005815  -0.005282  0.999986  0.000650  -0.005811  -0.000681  0.999983  0.000129  0.013023  
199.991215 0.003357  0.092927  -0.006885  0.996219  0.084076  -0.021906  -0.083669  0.996315  0.018880  0.023413  -0.016976  0.999582  0.001029  -0.003443  -0.005207  0.047846  0.117314  0.520585  2.000000  0.999962  0.005835  0.006404  -0.005839  0.999983  0.000709  -0.006399  -0.000747  0.999979  0.999916  0.012608  -0.002996  -0.012605  0.999920  0.001021  0.003008  -0.000983  0.999995  1.000000  0.000111  0.000118  -0.000111  1.000000  0.000013  -0.000118  -0.000013  1.000000  0.999962  0.005835  0.006404  -0.005839  0.999983  0.000709  -0.006399  -0.000747  0.999979  0.000134  0.012998  
199.992461 0.003358  0.092922  -0.006892  0.996160  0.084695  -0.022161  -0.084283  0.996262  0.018916  0.023680  -0.016976  0.999575  0.001061  -0.003671  -0.005313  0.048393  0.126034  0.541785  2.000000  0.999955  0.006380  0.006978  -0.006386  0.999979  0.000765  -0.006973  -0.000810  0.999975  0.999922  0.012194  -0.002869  -0.012192  0.999925  0.000891  0.002880  -0.000856  0.999995  1.000000  0.000107  0.000114  -0.000107  1.000000  0.000011  -0.000114  -0.000011  1.000000  0.999955  0.006380  0.006978  -0.006386  0.999979  0.000765  -0.006973  -0.000810  0.999975  0.000138  0.012558  
199.993714 0.003359  0.092917  -0.006898  0.996126  0.085103  -0.022163  -0.084693  0.996230  0.018805  0.023680  -0.016855  0.999577  0.001074  -0.003865  -0.005332  0.044455  0.125921  0.548554  2.000000  0.999949  0.006810  0.007425  -0.006816  0.999976  0.000806  -0.007419  -0.000856  0.999972  0.999924  0.011988  -0.002873  -0.011986  0.999928  0.000888  0.002883  -0.000854  0.999995  1.000000  0.000106  0.000112  -0.000106  1.000000  0.000011  -0.000112  -0.000011  1.000000  0.999949  0.006810  0.007425  -0.006816  0.999976  0.000806  -0.007419  -0.000856  0.999972  0.000140  0.012359  
199.994960 0.003360  0.092911  -0.006904  0.996105  0.085310  -0.022293  -0.084898  0.996212  0.018821  0.023814  -0.016855  0.999574  0.001048  -0.004054  -0.005280  0.040119  0.130627  0.534870  2.000000  0.999941  0.007334  0.007967  -0.007341  0.999973  0.000848  -0.007960  -0.000907  0.999968  0.999929  0.011576  -0.002881  -0.011574  0.999933  0.000759  0.002890  -0.000725  0.999996  1.000000  0.000104  0.000107  -0.000104  1.000000  0.000009  -0.000107  -0.000009  1.000000  0.999941  0.007334  0.007967  -0.007341  0.999973  0.000848  -0.007960  -0.000907  0.999968  0.000140  0.011953  
199.996206 0.003360  0.092906  -0.006909  0.996070  0.085720  -0.022285  -0.085308  0.996177  0.018830  0.023814  -0.016855  0.999574  0.001017  -0.004190  -0.005305  0.039790  0.129555  0.530481  2.000000  0.999933  0.007835  0.008483  -0.007843  0.999969  0.000890  -0.008476  -0.000957  0.999964  0.999936  0.010957  -0.002758  -0.010955  0.999940  0.000744  0.002766  -0.000714  0.999996  1.000000  0.000098  0.000101  -0.000098  1.000000  0.000009  -0.000101  -0.000009  1.000000  0.999933  0.007835  0.008483  -0.007843  0.999969  0.000890  -0.008476  -0.000957  0.999964  0.000138  0.011322  
199.997209 0.003360  0.092901  -0.006914  0.996052  0.085926  -0.022281  -0.085513  0.996159  0.018834  0.023814  -0.016855  0.999574  0.000930  -0.004337  -0.005419  0.036109  0.126207  0.535262  2.000000  0.999927  0.008220  0.008882  -0.008229  0.999966  0.000923  -0.008874  -0.000996  0.999960  0.999941  0.010543  -0.002631  -0.010541  0.999944  0.000734  0.002639  -0.000707  0.999996  1.000000  0.000094  0.000098  -0.000094  1.000000  0.000009  -0.000098  -0.000009  1.000000  0.999927  0.008220  0.008882  -0.008229  0.999966  0.000923  -0.008874  -0.000996  0.999960  0.000138  0.010890  
199.998456 0.003359  0.092896  -0.006920  0.996014  0.086335  -0.022417  -0.085923  0.996126  0.018734  0.023948  -0.016733  0.999573  0.000774  -0.004417  -0.005442  0.032045  0.130658  0.534996  2.000000  0.999919  0.008664  0.009341  -0.008673  0.999962  0.000956  -0.009333  -0.001037  0.999956  0.999952  0.009509  -0.002382  -0.009508  0.999955  0.000467  0.002387  -0.000445  0.999997  1.000000  0.000085  0.000088  -0.000085  1.000000  0.000006  -0.000088  -0.000006  1.000000  0.999919  0.008664  0.009341  -0.008673  0.999962  0.000956  -0.009333  -0.001037  0.999956  0.000137  0.009814  
199.999706 0.003357  0.092889  -0.006927  0.995996  0.086540  -0.022413  -0.086128  0.996108  0.018739  0.023948  -0.016733  0.999573  0.000516  -0.004586  -0.005502  0.027671  0.120805  0.523857  2.000000  0.999911  0.009085  0.009773  -0.009095  0.999958  0.000981  -0.009763  -0.001069  0.999952  0.999956  0.009095  -0.002255  -0.009094  0.999959  0.000459  0.002260  -0.000438  0.999997  1.000000  0.000081  0.000084  -0.000081  1.000000  0.000006  -0.000084  -0.000006  1.000000  0.999911  0.009085  0.009773  -0.009095  0.999958  0.000981  -0.009763  -0.001069  0.999952  0.000135  0.009381  
200.000711 0.003355  0.092884  -0.006933  0.995978  0.086745  -0.022409  -0.086333  0.996090  0.018743  0.023948  -0.016733  0.999573  0.000269  -0.004656  -0.005533  0.027460  0.117578  0.507052  2.000000  0.999906  0.009322  0.010021  -0.009332  0.999956  0.000995  -0.010011  -0.001088  0.999949  0.999960  0.008681  -0.002129  -0.008680  0.999962  0.000449  0.002132  -0.000431  0.999998  1.000000  0.000077  0.000081  -0.000077  1.000000  0.000005  -0.000081  -0.000006  1.000000  0.999906  0.009322  0.010021  -0.009332  0.999956  0.000995  -0.010011  -0.001088  0.999949  0.000130  0.008949  
200.001957 0.003352  0.092878  -0.006941  0.995978  0.086743  -0.022420  -0.086333  0.996092  0.018623  0.023948  -0.016612  0.999575  0.000049  -0.004670  -0.005556  0.018760  0.108047  0.482220  2.000000  0.999899  0.009691  0.010416  -0.009702  0.999952  0.001014  -0.010406  -0.001115  0.999945  0.999966  0.008059  -0.001873  -0.008059  0.999967  0.000313  0.001875  -0.000298  0.999998  1.000000  0.000071  0.000076  -0.000071  1.000000  0.000004  -0.000076  -0.000004  1.000000  0.999899  0.009691  0.010416  -0.009702  0.999952  0.001014  -0.010406  -0.001115  0.999945  0.000126  0.008280  
200.003209 0.003349  0.092871  -0.006948  0.995957  0.086950  -0.022549  -0.086538  0.996074  0.018639  0.024081  -0.016612  0.999572  -0.000250  -0.004716  -0.005475  0.018358  0.109382  0.458468  2.000000  0.999892  0.010032  0.010783  -0.010043  0.999949  0.001026  -0.010772  -0.001134  0.999941  0.999969  0.007645  -0.001746  -0.007645  0.999971  0.000183  0.001747  -0.000170  0.999998  1.000000  0.000067  0.000072  -0.000067  1.000000  0.000002  -0.000072  -0.000002  1.000000  0.999892  0.010032  0.010783  -0.010043  0.999949  0.001026  -0.010772  -0.001134  0.999941  0.000120  0.007844  
200.004212 0.003346  0.092867  -0.006953  0.995943  0.087153  -0.022412  -0.086743  0.996056  0.018632  0.023948  -0.016612  0.999575  -0.000505  -0.004665  -0.005376  0.018052  0.099667  0.447649  2.000000  0.999886  0.010283  0.011053  -0.010295  0.999946  0.001032  -0.011041  -0.001145  0.999938  0.999974  0.007024  -0.001488  -0.007023  0.999975  0.000167  0.001490  -0.000157  0.999999  1.000000  0.000060  0.000067  -0.000060  1.000000  0.000002  -0.000067  -0.000002  1.000000  0.999886  0.010283  0.011053  -0.010295  0.999946  0.001032  -0.011041  -0.001145  0.999938  0.000113  0.007181  
200.005215 0.003343  0.092862  -0.006958  0.995943  0.087153  -0.022412  -0.086743  0.996056  0.018632  0.023948  -0.016612  0.999575  -0.000861  -0.004680  -0.005255  0.017456  0.096566  0.416693  2.000000  0.999881  0.010512  0.011311  -0.010525  0.999944  0.001032  -0.011299  -0.001151  0.999935  0.999977  0.006610  -0.001362  -0.006610  0.999978  0.000036  0.001362  -0.000027  0.999999  1.000000  0.000056  0.000063  -0.000056  1.000000  0.000000  -0.000063  -0.000000  1.000000  0.999881  0.010512  0.011311  -0.010525  0.999944  0.001032  -0.011299  -0.001151  0.999935  0.000109  0.006749  
200.006460 0.003338  0.092855  -0.006965  0.995925  0.087355  -0.022419  -0.086948  0.996041  0.018516  0.023948  -0.016491  0.999577  -0.001241  -0.004765  -0.005236  0.012943  0.092450  0.395922  2.000000  0.999875  0.010761  0.011590  -0.010774  0.999941  0.001024  -0.011579  -0.001149  0.999932  0.999984  0.005576  -0.001112  -0.005576  0.999984  -0.000110  0.001111  0.000116  0.999999  1.000000  0.000047  0.000053  -0.000047  1.000000  -0.000001  -0.000053  0.000001  1.000000  0.999875  0.010761  0.011590  -0.010774  0.999941  0.001024  -0.011579  -0.001149  0.999932  0.000103  0.005687  
200.007711 0.003333  0.092847  -0.006974  0.995928  0.087353  -0.022286  -0.086949  0.996041  0.018504  0.023814  -0.016491  0.999580  -0.001720  -0.004910  -0.005362  0.008112  0.079505  0.361115  2.000000  0.999869  0.010979  0.011852  -0.010992  0.999939  0.001008  -0.011840  -0.001138  0.999929  0.999986  0.005160  -0.000851  -0.005160  0.999987  -0.000242  0.000850  0.000246  1.000000  1.000000  0.000041  0.000051  -0.000041  1.000000  -0.000003  -0.000051  0.000003  1.000000  0.999869  0.010979  0.011852  -0.010992  0.999939  0.001008  -0.011840  -0.001138  0.999929  0.000095  0.005236  
200.008961 0.003327  0.092840  -0.006983  0.995910  0.087555  -0.022293  -0.087154  0.996025  0.018388  0.023814  -0.016370  0.999582  -0.002188  -0.005038  -0.005574  0.003612  0.070863  0.340154  2.000000  0.999869  0.010979  0.011852  -0.010992  0.999939  0.001008  -0.011840  -0.001138  0.999929  0.999988  0.004746  -0.000725  -0.004747  0.999989  -0.000373  0.000723  0.000376  1.000000  1.000000  0.000000  0.000000  0.000000  1.000000  0.000000  0.000000  0.000000  1.000000  0.999869  0.010979  0.011852  -0.010992  0.999939  0.001008  -0.011840  -0.001138  0.999929  0.000089  0.000000  
200.010214 0.003320  0.092832  -0.006992  0.995913  0.087553  -0.022159  -0.087154  0.996025  0.018376  0.023680  -0.016370  0.999586  -0.002685  -0.005193  -0.005804  0.003162  0.057718  0.319196  2.000000  0.999869  0.010979  0.011852  -0.010992  0.999939  0.001008  -0.011840  -0.001138  0.999929  0.999991  0.004127  -0.000601  -0.004127  0.999991  -0.000387  0.000600  0.000390  1.000000  1.000000  0.000000  0.000000  0.000000  1.000000  0.000000  0.000000  0.000000  1.000000  0.999869  0.010979  0.011852  -0.010992  0.999939  0.001008  -0.011840  -0.001138  0.999929  0.000083  0.000000  
200.011460 0.003313  0.092825  -0.007001  0.995913  0.087553  -0.022159  -0.087154  0.996025  0.018376  0.023680  -0.016370  0.999586  -0.003142  -0.005328  -0.006054  0.002572  0.049182  0.291387  2.000000  0.999869  0.010979  0.011852  -0.010992  0.999939  0.001008  -0.011840  -0.001138  0.999929  0.999993  0.003709  -0.000207  -0.003709  0.999993  -0.000519  0.000205  0.000520  1.000000  1.000000  0.000000  0.000000  0.000000  1.000000  0.000000  0.000000  0.000000  1.000000  0.999869  0.010979  0.011852  -0.010992  0.999939  0.001008  -0.011840  -0.001138  0.999929  0.000075  0.000000  
200.012706 0.003307  0.092818  -0.007011  0.995895  0.087755  -0.022166  -0.087359  0.996010  0.018260  0.023680  -0.016249  0.999588  -0.003555  -0.005439  -0.006317  -0.005832  0.044544  0.275204  2.000000  0.999869  0.010979  0.011852  -0.010992  0.999939  0.001008  -0.011840  -0.001138  0.999929  0.999995  0.003295  -0.000080  -0.003295  0.999994  -0.000650  0.000078  0.000650  1.000000  1.000000  0.000000  0.000000  0.000000  1.000000  0.000000  0.000000  0.000000  1.000000  0.999869  0.010979  0.011852  -0.010992  0.999939  0.001008  -0.011840  -0.001138  0.999929  0.000071  0.000000  
200.013719 0.003301  0.092813  -0.007018  0.995895  0.087755  -0.022166  -0.087359  0.996010  0.018260  0.023680  -0.016249  0.999588  -0.003877  -0.005482  -0.006469  -0.010555  0.036346  0.249575  2.000000  0.999869  0.010979  0.011852  -0.010992  0.999939  0.001008  -0.011840  -0.001138  0.999929  0.999996  0.002881  0.000047  -0.002881  0.999996  -0.000660  -0.000049  0.000659  1.000000  1.000000  0.000000  0.000000  0.000000  1.000000  0.000000  0.000000  0.000000  1.000000  0.999869  0.010979  0.011852  -0.010992  0.999939  0.001008  -0.011840  -0.001138  0.999929  0.000066  0.000000  
200.014729 0.003294  0.092807  -0.007026  0.995895  0.087755  -0.022166  -0.087359  0.996010  0.018260  0.023680  -0.016249  0.999588  -0.004252  -0.005548  -0.006650  -0.011029  0.032225  0.228982  2.000000  0.999869  0.010979  0.011852  -0.010992  0.999939  0.001008  -0.011840  -0.001138  0.999929  0.999996  0.002673  0.000177  -0.002673  0.999996  -0.000543  -0.000179  0.000543  1.000000  1.000000  0.000000  0.000000  0.000000  1.000000  0.000000  0.000000  0.000000  1.000000  0.999869  0.010979  0.011852  -0.010992  0.999939  0.001008  -0.011840  -0.001138  0.999929  0.000058  0.000000  
200.015959 0.003285  0.092798  -0.007036  0.995899  0.087751  -0.022044  -0.087359  0.996012  0.018127  0.023546  -0.016127  0.999593  -0.004661  -0.005654  -0.006747  -0.015742  0.023685  0.201060  2.000000  0.999869  0.010979  0.011852  -0.010992  0.999939  0.001008  -0.011840  -0.001138  0.999929  0.999997  0.002465  0.000307  -0.002465  0.999997  -0.000670  -0.000309  0.000669  1.000000  1.000000  0.000000  0.000000  0.000000  1.000000  0.000000  0.000000  0.000000  1.000000  0.999869  0.010979  0.011852  -0.010992  0.999939  0.001008  -0.011840  -0.001138  0.999929  0.000052  0.000000  
200.016966 0.003279  0.092793  -0.007043  0.995881  0.087956  -0.022040  -0.087564  0.995994  0.018132  0.023546  -0.016127  0.999593  -0.004951  -0.005692  -0.006851  -0.019962  0.019285  0.194019  2.000000  0.999869  0.010979  0.011852  -0.010992  0.999939  0.001008  -0.011840  -0.001138  0.999929  0.999997  0.002465  0.000307  -0.002465  0.999997  -0.000670  -0.000309  0.000669  1.000000  1.000000  0.000000  0.000000  0.000000  1.000000  0.000000  0.000000  0.000000  1.000000  0.999869  0.010979  0.011852  -0.010992  0.999939  0.001008  -0.011840  -0.001138  0.999929  0.000049  0.000000  
200.018217 0.003270  0.092786  -0.007051  0.995881  0.087956  -0.022040  -0.087564  0.995994  0.018132  0.023546  -0.016127  0.999593  -0.005318  -0.005711  -0.006938  -0.020447  0.015142  0.173319  2.000000  0.999869  0.010979  0.011852  -0.010992  0.999939  0.001008  -0.011840  -0.001138  0.999929  0.999998  0.002054  0.000301  -0.002053  0.999998  -0.000679  -0.000302  0.000679  1.000000  1.000000  0.000000  0.000000  0.000000  1.000000  0.000000  0.000000  0.000000  1.000000  0.999869  0.010979  0.011852  -0.010992  0.999939  0.001008  -0.011840  -0.001138  0.999929  0.000045  0.000000  
200.019458 0.003261  0.092779  -0.007059  0.995881  0.087956  -0.022040  -0.087564  0.995994  0.018132  0.023546  -0.016127  0.999593  -0.005634  -0.005768  -0.007030  0.000000  0.000000  0.000000  2.000000  0.999869  0.010979  0.011852  -0.010992  0.999939  0.001008  -0.011840  -0.001138  0.999929  0.999998  0.001848  0.000297  -0.001848  0.999998  -0.000563  -0.000299  0.000562  1.000000  1.000000  0.000000  0.000000  0.000000  1.000000  0.000000  0.000000  0.000000  1.000000  0.999869  0.010979  0.011852  -0.010992  0.999939  0.001008  -0.011840  -0.001138  0.999929  0.000000  0.000000  
200.020464 0.003254  0.092774  -0.007067  0.995881  0.087956  -0.022040  -0.087564  0.995994  0.018132  0.023546  -0.016127  0.999593  -0.005892  -0.005799  -0.007195  0.000000  0.000000  0.000000  2.000000  0.999869  0.010979  0.011852  -0.010992  0.999939  0.001008  -0.011840  -0.001138  0.999929  0.999999  0.001640  0.000428  -0.001640  0.999998  -0.000568  -0.000429  0.000567  1.000000  1.000000  0.000000  0.000000  0.000000  1.000000  0.000000  0.000000  0.000000  1.000000  0.999869  0.010979  0.011852  -0.010992  0.999939  0.001008  -0.011840  -0.001138  0.999929  0.000000  0.000000  
200.021713 0.003246  0.092766  -0.007076  0.995881  0.087953  -0.022051  -0.087564  0.995996  0.018011  0.023546  -0.016006  0.999595  -0.006106  -0.005829  -0.007301  0.000000  0.000000  0.000000  2.000000  0.999869  0.010979  0.011852  -0.010992  0.999939  0.001008  -0.011840  -0.001138  0.999929  0.999999  0.001228  0.000421  -0.001228  0.999999  -0.000699  -0.000422  0.000698  1.000000  1.000000  0.000000  0.000000  0.000000  1.000000  0.000000  0.000000  0.000000  1.000000  0.999869  0.010979  0.011852  -0.010992  0.999939  0.001008  -0.011840  -0.001138  0.999929  0.000000  0.000000  
200.022960 0.003238  0.092759  -0.007086  0.995881  0.087953  -0.022051  -0.087564  0.995996  0.018011  0.023546  -0.016006  0.999595  -0.006283  -0.005784  -0.007415  0.000000  0.000000  0.000000  2.000000  0.999869  0.010979  0.011852  -0.010992  0.999939  0.001008  -0.011840  -0.001138  0.999929  0.999999  0.001228  0.000421  -0.001228  0.999999  -0.000577  -0.000422  0.000577  1.000000  1.000000  0.000000  0.000000  0.000000  1.000000  0.000000  0.000000  0.000000  1.000000  0.999869  0.010979  0.011852  -0.010992  0.999939  0.001008  -0.011840  -0.001138  0.999929  0.000000  0.000000  
200.023962 0.003231  0.092753  -0.007095  0.995881  0.087953  -0.022051  -0.087564  0.995996  0.018011  0.023546  -0.016006  0.999595  -0.006397  -0.005793  -0.007501  0.000000  0.000000  0.000000  2.000000  0.999869  0.010979  0.011852  -0.010992  0.999939  0.001008  -0.011840  -0.001138  0.999929  0.999999  0.001020  0.000552  -0.001020  0.999999  -0.000582  -0.000552  0.000582  1.000000  1.000000  0.000000  0.000000  0.000000  1.000000  0.000000  0.000000  0.000000  1.000000  0.999869  0.010979  0.011852  -0.010992  0.999939  0.001008  -0.011840  -0.001138  0.999929  0.000000  0.000000  
200.025207 0.003224  0.092746  -0.007106  0.995881  0.087953  -0.022051  -0.087564  0.995996  0.018011  0.023546  -0.016006  0.999595  -0.006422  -0.005795  -0.007596  0.000000  0.000000  0.000000  2.000000  0.999869  0.010979  0.011852  -0.010992  0.999939  0.001008  -0.011840  -0.001138  0.999929  0.999999  0.001023  0.000418  -0.001022  0.999999  -0.000582  -0.000418  0.000582  1.000000  1.000000  0.000000  0.000000  0.000000  1.000000  0.000000  0.000000  0.000000  1.000000  0.999869  0.010979  0.011852  -0.010992  0.999939  0.001008  -0.011840  -0.001138  0.999929  0.000000  0.000000  
200.026216 0.003218  0.092740  -0.007114  0.995881  0.087953  -0.022051  -0.087564  0.995996  0.018011  0.023546  -0.016006  0.999595  -0.006447  -0.005803  -0.007624  0.000000  0.000000  0.000000  2.000000  0.999869  0.010979  0.011852  -0.010992  0.999939  0.001008  -0.011840  -0.001138  0.999929  1.000000  0.000817  0.000415  -0.000816  0.999999  -0.000587  -0.000415  0.000587  1.000000  1.000000  0.000000  0.000000  0.000000  1.000000  0.000000  0.000000  0.000000  1.000000  0.999869  0.010979  0.011852  -0.010992  0.999939  0.001008  -0.011840  -0.001138  0.999929  0.000000  0.000000  
200.027455 0.003212  0.092732  -0.007123  0.995881  0.087956  -0.022040  -0.087564  0.995994  0.018132  0.023546  -0.016127  0.999593  -0.006409  -0.005868  -0.007659  0.000000  0.000000  0.000000  2.000000  0.999869  0.010979  0.011852  -0.010992  0.999939  0.001008  -0.011840  -0.001138  0.999929  1.000000  0.000817  0.000415  -0.000817  1.000000  -0.000345  -0.000415  0.000344  1.000000  1.000000  0.000000  0.000000  0.000000  1.000000  0.000000  0.000000  0.000000  1.000000  0.999869  0.010979  0.011852  -0.010992  0.999939  0.001008  -0.011840  -0.001138  0.999929  0.000000  0.000000  
200.028457 0.003208  0.092726  -0.007131  0.995881  0.087956  -0.022040  -0.087564  0.995994  0.018132  0.023546  -0.016127  0.999593  -0.006316  -0.005879  -0.007647  0.000000  0.000000  0.000000  2.000000  0.999869  0.010979  0.011852  -0.010992  0.999939  0.001008  -0.011840  -0.001138  0.999929  1.000000  0.000613  0.000278  -0.000613  1.000000  -0.000349  -0.000278  0.000349  1.000000  1.000000  0.000000  0.000000  0.000000  1.000000  0.000000  0.000000  0.000000  1.000000  0.999869  0.010979  0.011852  -0.010992  0.999939  0.001008  -0.011840  -0.001138  0.999929  0.000000  0.000000  
200.029707 0.003202  0.092718  -0.007140  0.995881  0.087956  -0.022040  -0.087564  0.995994  0.018132  0.023546  -0.016127  0.999593  -0.006164  -0.005913  -0.007640  0.000000  0.000000  0.000000  2.000000  0.999869  0.010979  0.011852  -0.010992  0.999939  0.001008  -0.011840  -0.001138  0.999929  1.000000  0.000407  0.000274  -0.000407  1.000000  -0.000233  -0.000274  0.000233  1.000000  1.000000  0.000000  0.000000  0.000000  1.000000  0.000000  0.000000  0.000000  1.000000  0.999869  0.010979  0.011852  -0.010992  0.999939  0.001008  -0.011840  -0.001138  0.999929  0.000000  0.000000  
200.030708 0.003197  0.092711  -0.007148  0.995881  0.087956  -0.022040  -0.087564  0.995994  0.018132  0.023546  -0.016127  0.999593  -0.006004  -0.005931  -0.007641  0.000000  0.000000  0.000000  2.000000  0.999869  0.010979  0.011852  -0.010992  0.999939  0.001008  -0.011840  -0.001138  0.999929  1.000000  0.000407  0.000274  -0.000407  1.000000  -0.000233  -0.000274  0.000233  1.000000  1.000000  0.000000  0.000000  0.000000  1.000000  0.000000  0.000000  0.000000  1.000000  0.999869  0.010979  0.011852  -0.010992  0.999939  0.001008  -0.011840  -0.001138  0.999929  0.000000  0.000000  
200.031957 0.003193  0.092703  -0.007158  0.995881  0.087956  -0.022040  -0.087564  0.995994  0.018132  0.023546  -0.016127  0.999593  -0.005721  -0.005970  -0.007674  0.000000  0.000000  0.000000  2.000000  0.999869  0.010979  0.011852  -0.010992  0.999939  0.001008  -0.011840  -0.001138  0.999929  1.000000  0.000409  0.000140  -0.000409  1.000000  -0.000233  -0.000141  0.000233  1.000000  1.000000  0.000000  0.000000  0.000000  1.000000  0.000000  0.000000  0.000000  1.000000  0.999869  0.010979  0.011852  -0.010992  0.999939  0.001008  -0.011840  -0.001138  0.999929  0.000000  0.000000  
200.033207 0.003188  0.092695  -0.007167  0.995881  0.087958  -0.022029  -0.087564  0.995992  0.018253  0.023546  -0.016249  0.999591  -0.005452  -0.006066  -0.007755  0.000000  0.000000  0.000000  2.000000  0.999869  0.010979  0.011852  -0.010992  0.999939  0.001008  -0.011840  -0.001138  0.999929  1.000000  0.000409  0.000140  -0.000409  1.000000  0.000010  -0.000140  -0.000010  1.000000  1.000000  0.000000  0.000000  0.000000  1.000000  0.000000  0.000000  0.000000  1.000000  0.999869  0.010979  0.011852  -0.010992  0.999939  0.001008  -0.011840  -0.001138  0.999929  0.000000  0.000000  
200.034211 0.003185  0.092689  -0.007175  0.995881  0.087958  -0.022029  -0.087564  0.995992  0.018253  0.023546  -0.016249  0.999591  -0.005199  -0.006132  -0.007807  0.000000  0.000000  0.000000  2.000000  0.999869  0.010979  0.011852  -0.010992  0.999939  0.001008  -0.011840  -0.001138  0.999929  1.000000  0.000204  0.000137  -0.000204  1.000000  0.000005  -0.000137  -0.000005  1.000000  1.000000  0.000000  0.000000  0.000000  1.000000  0.000000  0.000000  0.000000  1.000000  0.999869  0.010979  0.011852  -0.010992  0.999939  0.001008  -0.011840  -0.001138  0.999929  0.000000  0.000000  
200.035457 0.003181  0.092681  -0.007184  0.995881  0.087961  -0.022019  -0.087564  0.995989  0.018374  0.023546  -0.016370  0.999589  -0.004872  -0.006178  -0.007852  0.000000  0.000000  0.000000  2.000000  0.999869  0.010979  0.011852  -0.010992  0.999939  0.001008  -0.011840  -0.001138  0.999929  1.000000  0.000204  0.000137  -0.000204  1.000000  0.000005  -0.000137  -0.000005  1.000000  1.000000  0.000000  0.000000  0.000000  1.000000  0.000000  0.000000  0.000000  1.000000  0.999869  0.010979  0.011852  -0.010992  0.999939  0.001008  -0.011840  -0.001138  0.999929  0.000000  0.000000  
200.036465 0.003178  0.092676  -0.007192  0.995881  0.087961  -0.022019  -0.087564  0.995989  0.018374  0.023546  -0.016370  0.999589  -0.004556  -0.006136  -0.007871  0.000000  0.000000  0.000000  2.000000  0.999869  0.010979  0.011852  -0.010992  0.999939  0.001008  -0.011840  -0.001138  0.999929  1.000000  0.000206  0.000003  -0.000206  1.000000  0.000247  -0.000003  -0.000247  1.000000  1.000000  0.000000  0.000000  0.000000  1.000000  0.000000  0.000000  0.000000  1.000000  0.999869  0.010979  0.011852  -0.010992  0.999939  0.001008  -0.011840  -0.001138  0.999929  0.000000  0.000000  
