1-Time 2-Px 3-Py 4-Pz 5-R11 6-R21 7-R31 8-R12 9-R22 10-R32 11-R13 12-R23 13-R33 14-Vx 15-Vy 16-Vz 17-Wx 18-Wy 19-Wz 20-state 21-PR11 22-PR21 23-PR31 24-PR12 25-PR22 26-PR32 27-PR13 28-PR23 29-PR33 
137.986572 0.006799  0.099028  -0.001664  0.999292  -0.015280  -0.034369  0.034782  0.027622  0.999013  -0.014316  -0.999502  0.028134  0.000254  0.000307  0.000310  0.000000  0.000000  0.000000  2.000000  1.000000  0.000000  0.000000  0.000000  -0.000000  1.000000  0.000000  -1.000000  -0.000000  1.000000  0.000000  0.000000  0.000000  1.000000  -0.000000  -0.000000  0.000000  1.000000  1.000000  0.000000  0.000000  0.000000  1.000000  0.000000  0.000000  0.000000  1.000000  0.711270  0.579835  0.397348  -0.410764  -0.115856  0.904351  0.570410  -0.806454  0.155771  0.000000  0.000000  
137.987573 0.006800  0.099029  -0.001664  0.999292  -0.015280  -0.034369  0.034782  0.027622  0.999013  -0.014316  -0.999502  0.028134  0.000246  0.000329  0.000300  0.000000  0.000000  0.000000  2.000000  1.000000  0.000000  0.000000  0.000000  -0.000000  1.000000  0.000000  -1.000000  -0.000000  1.000000  0.000000  0.000000  0.000000  1.000000  -0.000000  -0.000000  0.000000  1.000000  1.000000  0.000000  0.000000  0.000000  1.000000  0.000000  0.000000  0.000000  1.000000  1.000000  0.000000  0.000000  0.000000  -0.000000  1.000000  0.000000  -1.000000  -0.000000  0.000000  0.000000  
137.988828 0.006802  0.099030  -0.001663  0.999294  -0.015147  -0.034373  0.034782  0.027627  0.999013  -0.014182  -0.999504  0.028134  0.000339  0.000361  0.000287  0.000000  0.000000  0.000000  2.000000  1.000000  0.000000  0.000000  0.000000  -0.000000  1.000000  0.000000  -1.000000  -0.000000  1.000000  0.000134  -0.000004  -0.000134  1.000000  0.000000  0.000004  0.000000  1.000000  1.000000  0.000000  0.000000  0.000000  1.000000  0.000000  0.000000  0.000000  1.000000  1.000000  0.000000  0.000000  0.000000  -0.000000  1.000000  0.000000  -1.000000  -0.000000  0.000000  0.000000  
137.990079 0.006803  0.099031  -0.001663  0.999289  -0.015019  -0.034582  0.034987  0.027629  0.999006  -0.014048  -0.999505  0.028134  0.000446  0.000390  0.000242  0.000000  0.000000  0.000000  2.000000  1.000000  0.000000  0.000000  0.000000  -0.000000  1.000000  0.000000  -1.000000  -0.000000  1.000000  0.000262  -0.000213  -0.000262  1.000000  0.000003  0.000213  -0.000003  1.000000  1.000000  0.000000  0.000000  0.000000  1.000000  0.000000  0.000000  0.000000  1.000000  1.000000  0.000000  0.000000  0.000000  -0.000000  1.000000  0.000000  -1.000000  -0.000000  0.000000  0.000000  
137.991324 0.006806  0.099032  -0.001663  0.999293  -0.014751  -0.034590  0.034988  0.027638  0.999006  -0.013781  -0.999509  0.028135  0.000582  0.000449  0.000217  0.000000  0.000000  0.000000  2.000000  1.000000  0.000000  0.000000  0.000000  -0.000000  1.000000  0.000000  -1.000000  -0.000000  1.000000  0.000395  -0.000217  -0.000395  1.000000  0.000003  0.000217  -0.000003  1.000000  1.000000  0.000000  0.000000  0.000000  1.000000  0.000000  0.000000  0.000000  1.000000  1.000000  0.000000  0.000000  0.000000  -0.000000  1.000000  0.000000  -1.000000  -0.000000  0.000000  0.000000  
137.992573 0.006809  0.099033  -0.001663  0.999287  -0.014624  -0.034799  0.035193  0.027640  0.998998  -0.013647  -0.999511  0.028135  0.000756  0.000516  0.000224  0.000000  0.000000  0.000000  2.000000  1.000000  0.000000  0.000000  0.000000  -0.000000  1.000000  0.000000  -1.000000  -0.000000  1.000000  0.000657  -0.000430  -0.000657  1.000000  0.000006  0.000430  -0.000006  1.000000  1.000000  0.000000  0.000000  0.000000  1.000000  0.000000  0.000000  0.000000  1.000000  1.000000  0.000000  0.000000  0.000000  -0.000000  1.000000  0.000000  -1.000000  -0.000000  0.000000  0.000000  
137.993574 0.006812  0.099035  -0.001663  0.999289  -0.014494  -0.034801  0.035193  0.027766  0.998995  -0.013513  -0.999509  0.028256  0.000935  0.000602  0.000189  0.000000  0.000000  0.000000  2.000000  1.000000  0.000000  0.000000  0.000000  -0.000000  1.000000  0.000000  -1.000000  -0.000000  1.000000  0.000657  -0.000430  -0.000657  1.000000  -0.000115  0.000430  0.000116  1.000000  1.000000  0.000000  0.000000  0.000000  1.000000  0.000000  0.000000  0.000000  1.000000  1.000000  0.000000  0.000000  0.000000  -0.000000  1.000000  0.000000  -1.000000  -0.000000  0.000000  0.000000  
137.994825 0.006815  0.099037  -0.001663  0.999289  -0.014494  -0.034801  0.035193  0.027766  0.998995  -0.013513  -0.999509  0.028256  0.001164  0.000692  0.000152  0.000000  0.000000  0.000000  2.000000  1.000000  0.000000  0.000000  0.000000  -0.000000  1.000000  0.000000  -1.000000  -0.000000  1.000000  0.000791  -0.000434  -0.000791  1.000000  -0.000115  0.000434  0.000116  1.000000  1.000000  0.000000  0.000000  0.000000  1.000000  0.000000  0.000000  0.000000  1.000000  1.000000  0.000000  0.000000  0.000000  -0.000000  1.000000  0.000000  -1.000000  -0.000000  0.000000  0.000000  
137.996074 0.006820  0.099039  -0.001663  0.999293  -0.014231  -0.034807  0.035194  0.027896  0.998991  -0.013246  -0.999510  0.028377  0.001470  0.000798  0.000177  0.000000  0.000000  0.000000  2.000000  1.000000  0.000000  0.000000  0.000000  -0.000000  1.000000  0.000000  -1.000000  -0.000000  0.999999  0.000925  -0.000438  -0.000925  1.000000  -0.000237  0.000438  0.000237  1.000000  1.000000  0.000000  0.000000  0.000000  1.000000  0.000000  0.000000  0.000000  1.000000  1.000000  0.000000  0.000000  0.000000  -0.000000  1.000000  0.000000  -1.000000  -0.000000  0.000000  0.000000  
137.997075 0.006823  0.099040  -0.001662  0.999287  -0.014103  -0.035016  0.035399  0.027898  0.998984  -0.013112  -0.999511  0.028377  0.001644  0.000865  0.000185  0.000000  0.000000  0.000000  2.000000  1.000000  0.000000  0.000000  0.000000  -0.000000  1.000000  0.000000  -1.000000  -0.000000  0.999999  0.001186  -0.000651  -0.001186  0.999999  -0.000234  0.000651  0.000235  1.000000  1.000000  0.000000  0.000000  0.000000  1.000000  0.000000  0.000000  0.000000  1.000000  1.000000  0.000000  0.000000  0.000000  -0.000000  1.000000  0.000000  -1.000000  -0.000000  0.000000  0.000000  
137.998096 0.006826  0.099041  -0.001661  0.999283  -0.013846  -0.035228  0.035605  0.028026  0.998973  -0.012844  -0.999511  0.028499  0.001802  0.000933  0.000224  0.000000  0.000000  0.000000  2.000000  1.000000  0.000000  0.000000  0.000000  -0.000000  1.000000  0.000000  -1.000000  -0.000000  0.999999  0.001320  -0.000655  -0.001320  0.999999  -0.000355  0.000655  0.000356  1.000000  1.000000  0.000000  0.000000  0.000000  1.000000  0.000000  0.000000  0.000000  1.000000  1.000000  0.000000  0.000000  0.000000  -0.000000  1.000000  0.000000  -1.000000  -0.000000  0.000000  0.000000  
137.999328 0.006830  0.099044  -0.001661  0.999287  -0.013583  -0.035234  0.035605  0.028156  0.998969  -0.012577  -0.999511  0.028620  0.002085  0.001108  0.000220  0.000000  0.000000  0.000000  2.000000  1.000000  0.000000  0.000000  0.000000  -0.000000  1.000000  0.000000  -1.000000  -0.000000  0.999998  0.001581  -0.000869  -0.001582  0.999999  -0.000352  0.000868  0.000353  1.000000  1.000000  0.000000  0.000000  0.000000  1.000000  0.000000  0.000000  0.000000  1.000000  1.000000  0.000000  0.000000  0.000000  -0.000000  1.000000  0.000000  -1.000000  -0.000000  0.000000  0.000000  
138.000581 0.006833  0.099046  -0.001661  0.999284  -0.013188  -0.035451  0.035811  0.028168  0.998962  -0.012175  -0.999516  0.028620  0.002297  0.001242  0.000162  0.000000  0.000000  0.000000  2.000000  1.000000  0.000000  0.000000  0.000000  -0.000000  1.000000  0.000000  -1.000000  -0.000000  0.999997  0.001977  -0.001086  -0.001977  0.999998  -0.000470  0.001085  0.000473  0.999999  1.000000  0.000000  0.000000  0.000000  1.000000  0.000000  0.000000  0.000000  1.000000  1.000000  0.000000  0.000000  0.000000  -0.000000  1.000000  0.000000  -1.000000  -0.000000  0.000000  0.000000  
138.001828 0.006837  0.099050  -0.001662  0.999280  -0.012930  -0.035663  0.036017  0.028296  0.998951  -0.011908  -0.999516  0.028741  0.002481  0.001428  0.000104  0.000000  0.000000  0.000000  2.000000  1.000000  0.000000  0.000000  0.000000  -0.000000  1.000000  0.000000  -1.000000  -0.000000  0.999996  0.002372  -0.001304  -0.002373  0.999997  -0.000589  0.001302  0.000592  0.999999  1.000000  0.000000  0.000000  0.000000  1.000000  0.000000  0.000000  0.000000  1.000000  1.000000  0.000000  0.000000  0.000000  -0.000000  1.000000  0.000000  -1.000000  -0.000000  0.000000  0.000000  
138.002847 0.006840  0.099053  -0.001662  0.999283  -0.012668  -0.035669  0.036017  0.028427  0.998947  -0.011640  -0.999516  0.028863  0.002684  0.001615  0.000135  0.000000  0.000000  0.000000  2.000000  1.000000  0.000000  0.000000  0.000000  -0.000000  1.000000  0.000000  -1.000000  -0.000000  0.999996  0.002639  -0.001312  -0.002640  0.999996  -0.000710  0.001310  0.000713  0.999999  1.000000  0.000000  0.000000  0.000000  1.000000  0.000000  0.000000  0.000000  1.000000  1.000000  0.000000  0.000000  0.000000  -0.000000  1.000000  0.000000  -1.000000  -0.000000  0.000000  0.000000  
138.004075 0.006844  0.099056  -0.001662  0.999281  -0.012277  -0.035885  0.036223  0.028560  0.998936  -0.011239  -0.999517  0.028984  0.002795  0.001741  0.000068  0.000000  0.000000  0.000000  2.000000  1.000000  0.000000  0.000000  0.000000  -0.000000  1.000000  0.000000  -1.000000  -0.000000  0.999995  0.002901  -0.001525  -0.002902  0.999996  -0.000707  0.001523  0.000711  0.999999  1.000000  0.000000  0.000000  0.000000  1.000000  0.000000  0.000000  0.000000  1.000000  1.000000  0.000000  0.000000  0.000000  -0.000000  1.000000  0.000000  -1.000000  -0.000000  0.000000  0.000000  
138.005079 0.006847  0.099060  -0.001662  0.999283  -0.012009  -0.035892  0.036223  0.028570  0.998935  -0.010971  -0.999520  0.028984  0.002933  0.001956  0.000123  0.000000  0.000000  0.000000  2.000000  1.000000  0.000000  0.000000  0.000000  -0.000000  1.000000  0.000000  -1.000000  -0.000000  0.999994  0.003168  -0.001533  -0.003169  0.999995  -0.000828  0.001531  0.000833  0.999998  1.000000  0.000000  0.000000  0.000000  1.000000  0.000000  0.000000  0.000000  1.000000  1.000000  0.000000  0.000000  0.000000  -0.000000  1.000000  0.000000  -1.000000  -0.000000  0.000000  0.000000  
138.006328 0.006852  0.099064  -0.001661  0.999279  -0.011757  -0.036103  0.036429  0.028819  0.998921  -0.010704  -0.999515  0.029227  0.003067  0.002168  0.000166  0.000000  0.000000  0.000000  2.000000  1.000000  0.000000  0.000000  0.000000  -0.000000  1.000000  0.000000  -1.000000  -0.000000  0.999992  0.003563  -0.001751  -0.003565  0.999993  -0.000947  0.001748  0.000953  0.999998  1.000000  0.000000  0.000000  0.000000  1.000000  0.000000  0.000000  0.000000  1.000000  1.000000  0.000000  0.000000  0.000000  -0.000000  1.000000  0.000000  -1.000000  -0.000000  0.000000  0.000000  
138.007581 0.006856  0.099069  -0.001659  0.999283  -0.011360  -0.036113  0.036429  0.028955  0.998917  -0.010302  -0.999516  0.029348  0.003166  0.002409  0.000264  0.000000  0.000000  0.000000  2.000000  1.000000  0.000000  0.000000  0.000000  -0.000000  1.000000  0.000000  -1.000000  -0.000000  0.999991  0.003964  -0.001764  -0.003966  0.999991  -0.001189  0.001759  0.001196  0.999998  1.000000  0.000000  0.000000  0.000000  1.000000  0.000000  0.000000  0.000000  1.000000  1.000000  0.000000  0.000000  0.000000  -0.000000  1.000000  0.000000  -1.000000  -0.000000  0.000000  0.000000  
138.008829 0.006860  0.099074  -0.001658  0.999280  -0.010970  -0.036329  0.036635  0.029089  0.998905  -0.009901  -0.999517  0.029469  0.003204  0.002571  0.000363  0.000000  0.000000  0.000000  2.000000  1.000000  0.000000  0.000000  0.000000  -0.000000  1.000000  0.000000  -1.000000  -0.000000  0.999989  0.004359  -0.001982  -0.004361  0.999990  -0.001308  0.001976  0.001316  0.999997  1.000000  0.000000  0.000000  0.000000  1.000000  0.000000  0.000000  0.000000  1.000000  1.000000  0.000000  0.000000  0.000000  -0.000000  1.000000  0.000000  -1.000000  -0.000000  0.000000  0.000000  
138.010075 0.006864  0.099078  -0.001655  0.999276  -0.010579  -0.036546  0.036841  0.029222  0.998894  -0.009500  -0.999517  0.029591  0.003184  0.002709  0.000505  0.000000  0.000000  0.000000  2.000000  1.000000  0.000000  0.000000  0.000000  -0.000000  1.000000  0.000000  -1.000000  -0.000000  0.999988  0.004492  -0.001986  -0.004495  0.999989  -0.001429  0.001980  0.001438  0.999997  1.000000  0.000000  0.000000  0.000000  1.000000  0.000000  0.000000  0.000000  1.000000  1.000000  0.000000  0.000000  0.000000  -0.000000  1.000000  0.000000  -1.000000  -0.000000  0.000000  0.000000  
138.011078 0.006867  0.099080  -0.001654  0.999278  -0.010316  -0.036552  0.036841  0.029353  0.998890  -0.009232  -0.999516  0.029712  0.003156  0.002791  0.000604  -0.052167  0.074079  0.168759  2.000000  1.000000  0.000000  0.000000  0.000000  -0.000000  1.000000  0.000000  -1.000000  -0.000000  0.999987  0.004626  -0.001991  -0.004629  0.999988  -0.001551  0.001984  0.001560  0.999997  1.000000  0.000000  0.000000  0.000000  1.000000  0.000000  0.000000  0.000000  1.000000  1.000000  0.000000  0.000000  0.000000  -0.000000  1.000000  0.000000  -1.000000  -0.000000  0.000048  0.000000  
138.012324 0.006871  0.099083  -0.001652  0.999275  -0.009930  -0.036767  0.037047  0.029608  0.998875  -0.008831  -0.999512  0.029955  0.003143  0.002872  0.000671  -0.060271  0.081431  0.182088  2.000000  1.000000  0.000000  0.000000  0.000000  -0.000000  1.000000  0.000000  -1.000000  -0.000000  0.999986  0.004899  -0.001794  -0.004902  0.999987  -0.001675  0.001786  0.001684  0.999997  1.000000  0.000000  0.000000  0.000000  1.000000  0.000000  0.000000  0.000000  1.000000  1.000000  0.000000  0.000000  0.000000  -0.000000  1.000000  0.000000  -1.000000  -0.000000  0.000051  0.000000  
138.013575 0.006874  0.099086  -0.001650  0.999278  -0.009534  -0.036778  0.037047  0.029744  0.998871  -0.008429  -0.999512  0.030076  0.003108  0.002899  0.000726  -0.064360  0.081831  0.195559  2.000000  1.000000  0.000127  -0.000050  0.000050  0.000043  1.000000  0.000127  -1.000000  0.000043  0.999985  0.005160  -0.002008  -0.005164  0.999985  -0.001673  0.001999  0.001683  0.999997  1.000000  0.000065  -0.000025  -0.000065  1.000000  -0.000021  0.000025  0.000021  1.000000  1.000000  0.000127  -0.000050  0.000050  0.000043  1.000000  0.000127  -1.000000  0.000043  0.000055  0.005786  
138.014825 0.006877  0.099088  -0.001649  0.999281  -0.009137  -0.036789  0.037047  0.029880  0.998867  -0.008028  -0.999512  0.030197  0.003077  0.002886  0.000835  -0.068458  0.082244  0.209058  2.000000  1.000000  0.000455  -0.000175  0.000175  0.000157  1.000000  0.000455  -1.000000  0.000157  0.999983  0.005427  -0.002017  -0.005431  0.999983  -0.001915  0.002007  0.001926  0.999996  1.000000  0.000068  -0.000025  -0.000068  1.000000  -0.000024  0.000025  0.000024  1.000000  1.000000  0.000455  -0.000175  0.000175  0.000157  1.000000  0.000455  -1.000000  0.000157  0.000059  0.006100  
138.016076 0.006881  0.099091  -0.001647  0.999277  -0.008747  -0.037006  0.037253  0.030015  0.998855  -0.007626  -0.999511  0.030319  0.003055  0.002885  0.000970  -0.072473  0.089566  0.222332  2.000000  1.000000  0.000799  -0.000304  0.000304  0.000279  1.000000  0.000799  -1.000000  0.000279  0.999981  0.005688  -0.002232  -0.005693  0.999982  -0.001913  0.002221  0.001925  0.999996  1.000000  0.000071  -0.000028  -0.000071  1.000000  -0.000024  0.000028  0.000024  1.000000  1.000000  0.000799  -0.000304  0.000304  0.000279  1.000000  0.000799  -1.000000  0.000279  0.000063  0.006405  
138.017328 0.006885  0.099094  -0.001645  0.999280  -0.008355  -0.037016  0.037253  0.030272  0.998847  -0.007225  -0.999507  0.030561  0.003057  0.002861  0.001150  -0.079979  0.089247  0.233863  2.000000  0.999999  0.001153  -0.000433  0.000433  0.000404  1.000000  0.001154  -0.999999  0.000403  0.999982  0.005694  -0.002027  -0.005698  0.999982  -0.002037  0.002015  0.002049  0.999996  1.000000  0.000071  -0.000025  -0.000071  1.000000  -0.000026  0.000025  0.000026  1.000000  0.999999  0.001153  -0.000433  0.000433  0.000404  1.000000  0.001154  -0.999999  0.000403  0.000064  0.006380  
138.018333 0.006887  0.099096  -0.001643  0.999274  -0.008099  -0.037229  0.037459  0.030401  0.998836  -0.006957  -0.999505  0.030683  0.003062  0.002819  0.001276  -0.084642  0.097027  0.240032  2.000000  0.999999  0.001441  -0.000537  0.000536  0.000508  1.000000  0.001442  -0.999999  0.000507  0.999982  0.005694  -0.002028  -0.005698  0.999982  -0.002038  0.002016  0.002049  0.999996  1.000000  0.000071  -0.000025  -0.000071  1.000000  -0.000026  0.000025  0.000026  1.000000  0.999999  0.001441  -0.000537  0.000536  0.000508  1.000000  0.001442  -0.999999  0.000507  0.000068  0.006380  
138.019575 0.006891  0.099100  -0.001640  0.999276  -0.007836  -0.037236  0.037459  0.030532  0.998832  -0.006690  -0.999503  0.030804  0.003024  0.002770  0.001471  -0.088104  0.089545  0.242784  2.000000  0.999998  0.001735  -0.000638  0.000637  0.000619  1.000000  0.001735  -0.999998  0.000618  0.999980  0.005961  -0.002037  -0.005966  0.999980  -0.002281  0.002024  0.002293  0.999995  1.000000  0.000075  -0.000025  -0.000075  1.000000  -0.000029  0.000025  0.000029  1.000000  0.999998  0.001735  -0.000638  0.000637  0.000619  1.000000  0.001735  -0.999998  0.000618  0.000069  0.006702  
138.020575 0.006894  0.099102  -0.001638  0.999278  -0.007573  -0.037243  0.037459  0.030664  0.998828  -0.006422  -0.999501  0.030925  0.003001  0.002693  0.001562  -0.092937  0.090444  0.249311  2.000000  0.999998  0.002026  -0.000732  0.000731  0.000731  0.999999  0.002027  -0.999998  0.000729  0.999982  0.005700  -0.001824  -0.005704  0.999981  -0.002284  0.001811  0.002294  0.999996  1.000000  0.000071  -0.000023  -0.000071  1.000000  -0.000029  0.000023  0.000029  1.000000  0.999998  0.002026  -0.000732  0.000731  0.000731  0.999999  0.002027  -0.999998  0.000729  0.000069  0.006407  
138.021828 0.006898  0.099106  -0.001635  0.999279  -0.007315  -0.037250  0.037459  0.030916  0.998820  -0.006155  -0.999495  0.031168  0.002928  0.002617  0.001677  -0.101175  0.083551  0.249486  2.000000  0.999997  0.002388  -0.000841  0.000839  0.000876  0.999999  0.002388  -0.999997  0.000874  0.999982  0.005840  -0.001623  -0.005843  0.999980  -0.002287  0.001610  0.002296  0.999996  1.000000  0.000073  -0.000020  -0.000073  1.000000  -0.000029  0.000020  0.000029  1.000000  0.999997  0.002388  -0.000841  0.000839  0.000876  0.999999  0.002388  -0.999997  0.000874  0.000071  0.006480  
138.023079 0.006901  0.099109  -0.001632  0.999273  -0.007059  -0.037463  0.037665  0.031046  0.998808  -0.005887  -0.999493  0.031289  0.002868  0.002496  0.001730  -0.101100  0.090749  0.258215  2.000000  0.999996  0.002743  -0.000942  0.000940  0.001025  0.999999  0.002743  -0.999996  0.001023  0.999982  0.005705  -0.001620  -0.005709  0.999981  -0.002409  0.001607  0.002418  0.999996  1.000000  0.000071  -0.000020  -0.000071  1.000000  -0.000030  0.000020  0.000030  1.000000  0.999996  0.002743  -0.000942  0.000940  0.001025  0.999999  0.002743  -0.999996  0.001023  0.000072  0.006403  
138.024329 0.006904  0.099112  -0.001630  0.999275  -0.006796  -0.037471  0.037665  0.031177  0.998804  -0.005620  -0.999491  0.031410  0.002769  0.002444  0.001785  -0.105185  0.090892  0.262683  2.000000  0.999995  0.003094  -0.001044  0.001040  0.001178  0.999999  0.003095  -0.999995  0.001175  0.999983  0.005571  -0.001617  -0.005575  0.999982  -0.002409  0.001603  0.002418  0.999996  1.000000  0.000070  -0.000020  -0.000070  1.000000  -0.000030  0.000020  0.000030  1.000000  0.999995  0.003094  -0.001044  0.001040  0.001178  0.999999  0.003095  -0.999995  0.001175  0.000074  0.006283  
138.025579 0.006906  0.099115  -0.001627  0.999277  -0.006404  -0.037482  0.037665  0.031434  0.998796  -0.005218  -0.999485  0.031653  0.002722  0.002399  0.001840  -0.109293  0.091219  0.271682  2.000000  0.999993  0.003442  -0.001145  0.001140  0.001335  0.999998  0.003444  -0.999993  0.001331  0.999983  0.005571  -0.001618  -0.005575  0.999981  -0.002531  0.001604  0.002540  0.999995  1.000000  0.000070  -0.000020  -0.000070  1.000000  -0.000032  0.000020  0.000032  1.000000  0.999993  0.003442  -0.001145  0.001140  0.001335  0.999998  0.003444  -0.999993  0.001331  0.000075  0.006331  
138.026824 0.006909  0.099117  -0.001624  0.999270  -0.006152  -0.037694  0.037871  0.031685  0.998780  -0.004951  -0.999479  0.031895  0.002649  0.002359  0.001961  -0.117489  0.091268  0.271717  2.000000  0.999992  0.003722  -0.001226  0.001220  0.001465  0.999998  0.003724  -0.999992  0.001461  0.999983  0.005571  -0.001619  -0.005575  0.999981  -0.002531  0.001605  0.002540  0.999995  1.000000  0.000070  -0.000020  -0.000070  1.000000  -0.000032  0.000020  0.000032  1.000000  0.999992  0.003722  -0.001226  0.001220  0.001465  0.999998  0.003724  -0.999992  0.001461  0.000076  0.006331  
138.027826 0.006911  0.099119  -0.001621  0.999271  -0.006023  -0.037698  0.037871  0.031812  0.998776  -0.004817  -0.999476  0.032017  0.002580  0.002338  0.002038  -0.117645  0.084304  0.267598  2.000000  0.999991  0.003998  -0.001307  0.001300  0.001599  0.999998  0.004000  -0.999991  0.001593  0.999984  0.005437  -0.001616  -0.005441  0.999982  -0.002653  0.001601  0.002662  0.999995  1.000000  0.000068  -0.000020  -0.000068  1.000000  -0.000033  0.000020  0.000033  1.000000  0.999991  0.003998  -0.001307  0.001300  0.001599  0.999998  0.004000  -0.999991  0.001593  0.000077  0.006264  
138.029075 0.006913  0.099121  -0.001618  0.999272  -0.005765  -0.037705  0.037871  0.032064  0.998768  -0.004549  -0.999469  0.032259  0.002536  0.002315  0.002132  -0.121675  0.084305  0.267429  2.000000  0.999990  0.004331  -0.001398  0.001390  0.001767  0.999997  0.004333  -0.999989  0.001761  0.999986  0.005176  -0.001402  -0.005179  0.999983  -0.002656  0.001388  0.002663  0.999995  1.000000  0.000065  -0.000017  -0.000065  1.000000  -0.000033  0.000017  0.000033  1.000000  0.999990  0.004331  -0.001398  0.001390  0.001767  0.999997  0.004333  -0.999989  0.001761  0.000076  0.005986  
138.030325 0.006915  0.099123  -0.001615  0.999273  -0.005636  -0.037708  0.037871  0.032190  0.998764  -0.004415  -0.999466  0.032380  0.002389  0.002260  0.002188  -0.124774  0.076621  0.260939  2.000000  0.999988  0.004653  -0.001480  0.001471  0.001940  0.999997  0.004656  -0.999987  0.001933  0.999987  0.005048  -0.001193  -0.005052  0.999983  -0.002780  0.001179  0.002786  0.999995  1.000000  0.000063  -0.000015  -0.000063  1.000000  -0.000035  0.000015  0.000035  1.000000  0.999988  0.004653  -0.001480  0.001471  0.001940  0.999997  0.004656  -0.999987  0.001933  0.000075  0.005887  
138.031575 0.006916  0.099126  -0.001611  0.999273  -0.005512  -0.037711  0.037871  0.032438  0.998756  -0.004282  -0.999459  0.032623  0.002283  0.002278  0.002369  -0.129980  0.070123  0.254350  2.000000  0.999988  0.004716  -0.001495  0.001486  0.001975  0.999997  0.004719  -0.999987  0.001967  0.999987  0.004914  -0.001190  -0.004918  0.999984  -0.002901  0.001176  0.002907  0.999995  1.000000  0.000000  0.000000  0.000000  1.000000  0.000000  0.000000  0.000000  1.000000  0.999988  0.004716  -0.001495  0.001486  0.001975  0.999997  0.004719  -0.999987  0.001967  0.000074  0.000000  
138.032577 0.006918  0.099129  -0.001608  0.999274  -0.005383  -0.037715  0.037871  0.032564  0.998752  -0.004148  -0.999455  0.032744  0.002164  0.002253  0.002448  -0.128909  0.069431  0.247763  2.000000  0.999988  0.004716  -0.001495  0.001486  0.001975  0.999997  0.004719  -0.999987  0.001967  0.999989  0.004647  -0.001182  -0.004650  0.999985  -0.002902  0.001169  0.002907  0.999995  1.000000  0.000000  0.000000  0.000000  1.000000  0.000000  0.000000  0.000000  1.000000  0.999988  0.004716  -0.001495  0.001486  0.001975  0.999997  0.004719  -0.999987  0.001967  0.000073  0.000000  
138.033828 0.006920  0.099132  -0.001604  0.999275  -0.005125  -0.037723  0.037871  0.032816  0.998744  -0.003880  -0.999448  0.032987  0.002108  0.002274  0.002514  -0.137059  0.062599  0.247956  2.000000  0.999988  0.004716  -0.001495  0.001486  0.001975  0.999997  0.004719  -0.999987  0.001967  0.999989  0.004520  -0.000973  -0.004522  0.999985  -0.003025  0.000959  0.003030  0.999995  1.000000  0.000000  0.000000  0.000000  1.000000  0.000000  0.000000  0.000000  1.000000  0.999988  0.004716  -0.001495  0.001486  0.001975  0.999997  0.004719  -0.999987  0.001967  0.000073  0.000000  
138.035081 0.006922  0.099135  -0.001602  0.999268  -0.004873  -0.037936  0.038077  0.033068  0.998728  -0.003613  -0.999441  0.033229  0.001983  0.002243  0.002516  -0.138150  0.069948  0.245261  2.000000  0.999988  0.004716  -0.001495  0.001486  0.001975  0.999997  0.004719  -0.999987  0.001967  0.999990  0.004379  -0.001175  -0.004382  0.999985  -0.003145  0.001162  0.003150  0.999994  1.000000  0.000000  0.000000  0.000000  1.000000  0.000000  0.000000  0.000000  1.000000  0.999988  0.004716  -0.001495  0.001486  0.001975  0.999997  0.004719  -0.999987  0.001967  0.000072  0.000000  
138.036325 0.006925  0.099138  -0.001599  0.999269  -0.004749  -0.037939  0.038077  0.033315  0.998719  -0.003479  -0.999434  0.033472  0.001879  0.002226  0.002498  -0.141140  0.062428  0.239026  2.000000  0.999988  0.004716  -0.001495  0.001486  0.001975  0.999997  0.004719  -0.999987  0.001967  0.999990  0.004245  -0.001172  -0.004248  0.999986  -0.003024  0.001159  0.003029  0.999995  1.000000  0.000000  0.000000  0.000000  1.000000  0.000000  0.000000  0.000000  1.000000  0.999988  0.004716  -0.001495  0.001486  0.001975  0.999997  0.004719  -0.999987  0.001967  0.000071  0.000000  
138.037325 0.006926  0.099140  -0.001598  0.999269  -0.004620  -0.037943  0.038077  0.033441  0.998715  -0.003345  -0.999430  0.033593  0.001796  0.002156  0.002393  -0.142353  0.062704  0.232055  2.000000  0.999988  0.004716  -0.001495  0.001486  0.001975  0.999997  0.004719  -0.999987  0.001967  0.999991  0.004118  -0.000962  -0.004121  0.999987  -0.003147  0.000949  0.003151  0.999995  1.000000  0.000000  0.000000  0.000000  1.000000  0.000000  0.000000  0.000000  1.000000  0.999988  0.004716  -0.001495  0.001486  0.001975  0.999997  0.004719  -0.999987  0.001967  0.000071  0.000000  
138.038326 0.006928  0.099142  -0.001597  0.999270  -0.004495  -0.037947  0.038077  0.033689  0.998707  -0.003211  -0.999422  0.033835  0.001751  0.002171  0.002352  -0.145255  0.055218  0.225850  2.000000  0.999988  0.004716  -0.001495  0.001486  0.001975  0.999997  0.004719  -0.999987  0.001967  0.999992  0.003984  -0.000958  -0.003987  0.999987  -0.003148  0.000946  0.003151  0.999995  1.000000  0.000000  0.000000  0.000000  1.000000  0.000000  0.000000  0.000000  1.000000  0.999988  0.004716  -0.001495  0.001486  0.001975  0.999997  0.004719  -0.999987  0.001967  0.000069  0.000000  
138.039579 0.006930  0.099145  -0.001595  0.999278  -0.004359  -0.037745  0.037871  0.033816  0.998710  -0.003077  -0.999419  0.033956  0.001730  0.002185  0.002263  -0.146539  0.041435  0.214635  2.000000  0.999988  0.004716  -0.001495  0.001486  0.001975  0.999997  0.004719  -0.999987  0.001967  0.999993  0.003590  -0.000740  -0.003592  0.999989  -0.003149  0.000729  0.003152  0.999995  1.000000  0.000000  0.000000  0.000000  1.000000  0.000000  0.000000  0.000000  1.000000  0.999988  0.004716  -0.001495  0.001486  0.001975  0.999997  0.004719  -0.999987  0.001967  0.000066  0.000000  
138.040828 0.006932  0.099147  -0.001594  0.999278  -0.004369  -0.037744  0.037871  0.034058  0.998702  -0.003077  -0.999410  0.034199  0.001679  0.002148  0.002181  -0.150639  0.041192  0.205665  2.000000  0.999988  0.004716  -0.001495  0.001486  0.001975  0.999997  0.004719  -0.999987  0.001967  0.999994  0.003463  -0.000530  -0.003464  0.999989  -0.003272  0.000519  0.003274  0.999995  1.000000  0.000000  0.000000  0.000000  1.000000  0.000000  0.000000  0.000000  1.000000  0.999988  0.004716  -0.001495  0.001486  0.001975  0.999997  0.004719  -0.999987  0.001967  0.000065  0.000000  
138.042078 0.006935  0.099150  -0.001591  0.999278  -0.004244  -0.037747  0.037871  0.034305  0.998694  -0.002944  -0.999402  0.034441  0.001686  0.002184  0.002092  -0.150675  0.034033  0.196869  2.000000  0.999988  0.004716  -0.001495  0.001486  0.001975  0.999997  0.004719  -0.999987  0.001967  0.999995  0.003195  -0.000522  -0.003197  0.999989  -0.003394  0.000511  0.003395  0.999994  1.000000  0.000000  0.000000  0.000000  1.000000  0.000000  0.000000  0.000000  1.000000  0.999988  0.004716  -0.001495  0.001486  0.001975  0.999997  0.004719  -0.999987  0.001967  0.000063  0.000000  
138.043325 0.006937  0.099153  -0.001589  0.999279  -0.004120  -0.037751  0.037871  0.034553  0.998685  -0.002810  -0.999394  0.034684  0.001721  0.002226  0.002057  -0.154777  0.033781  0.187896  2.000000  0.999988  0.004716  -0.001495  0.001486  0.001975  0.999997  0.004719  -0.999987  0.001967  0.999995  0.003061  -0.000518  -0.003063  0.999990  -0.003272  0.000508  0.003274  0.999995  1.000000  0.000000  0.000000  0.000000  1.000000  0.000000  0.000000  0.000000  1.000000  0.999988  0.004716  -0.001495  0.001486  0.001975  0.999997  0.004719  -0.999987  0.001967  0.000062  0.000000  
138.044328 0.006939  0.099156  -0.001587  0.999279  -0.003991  -0.037755  0.037871  0.034679  0.998681  -0.002676  -0.999391  0.034805  0.001716  0.002274  0.002017  -0.154768  0.033508  0.178882  2.000000  0.999988  0.004716  -0.001495  0.001486  0.001975  0.999997  0.004719  -0.999987  0.001967  0.999996  0.002935  -0.000308  -0.002936  0.999990  -0.003395  0.000298  0.003396  0.999994  1.000000  0.000000  0.000000  0.000000  1.000000  0.000000  0.000000  0.000000  1.000000  0.999988  0.004716  -0.001495  0.001486  0.001975  0.999997  0.004719  -0.999987  0.001967  0.000062  0.000000  
138.045574 0.006941  0.099158  -0.001585  0.999279  -0.003866  -0.037759  0.037871  0.034926  0.998672  -0.002542  -0.999382  0.035048  0.001771  0.002290  0.001961  0.000000  0.000000  0.000000  2.000000  0.999988  0.004716  -0.001495  0.001486  0.001975  0.999997  0.004719  -0.999987  0.001967  0.999996  0.002801  -0.000304  -0.002802  0.999990  -0.003516  0.000294  0.003517  0.999994  1.000000  0.000000  0.000000  0.000000  1.000000  0.000000  0.000000  0.000000  1.000000  0.999988  0.004716  -0.001495  0.001486  0.001975  0.999997  0.004719  -0.999987  0.001967  0.000061  0.000000  
138.046824 0.006944  0.099162  -0.001583  0.999280  -0.003742  -0.037763  0.037871  0.035174  0.998663  -0.002408  -0.999374  0.035290  0.001816  0.002310  0.001832  -0.161644  0.026002  0.164268  2.000000  0.999988  0.004716  -0.001495  0.001486  0.001975  0.999997  0.004719  -0.999987  0.001967  0.999996  0.002674  -0.000094  -0.002675  0.999991  -0.003396  0.000085  0.003396  0.999994  1.000000  0.000000  0.000000  0.000000  1.000000  0.000000  0.000000  0.000000  1.000000  0.999988  0.004716  -0.001495  0.001486  0.001975  0.999997  0.004719  -0.999987  0.001967  0.000000  0.000000  
138.047824 0.006946  0.099164  -0.001581  0.999280  -0.003746  -0.037762  0.037871  0.035295  0.998659  -0.002408  -0.999370  0.035411  0.001847  0.002323  0.001723  -0.161720  0.018873  0.155615  2.000000  0.999988  0.004716  -0.001495  0.001486  0.001975  0.999997  0.004719  -0.999987  0.001967  0.999997  0.002407  -0.000085  -0.002407  0.999991  -0.003396  0.000077  0.003396  0.999994  1.000000  0.000000  0.000000  0.000000  1.000000  0.000000  0.000000  0.000000  1.000000  0.999988  0.004716  -0.001495  0.001486  0.001975  0.999997  0.004719  -0.999987  0.001967  0.000057  0.000000  
138.048824 0.006949  0.099167  -0.001579  0.999280  -0.003622  -0.037766  0.037871  0.035542  0.998650  -0.002275  -0.999362  0.035654  0.001900  0.002338  0.001672  -0.165735  0.018750  0.151123  2.000000  0.999988  0.004716  -0.001495  0.001486  0.001975  0.999997  0.004719  -0.999987  0.001967  0.999997  0.002407  -0.000086  -0.002407  0.999991  -0.003396  0.000077  0.003396  0.999994  1.000000  0.000000  0.000000  0.000000  1.000000  0.000000  0.000000  0.000000  1.000000  0.999988  0.004716  -0.001495  0.001486  0.001975  0.999997  0.004719  -0.999987  0.001967  0.000056  0.000000  
138.049825 0.006952  0.099170  -0.001578  0.999280  -0.003493  -0.037770  0.037871  0.035668  0.998646  -0.002141  -0.999358  0.035775  0.001972  0.002370  0.001603  -0.165757  0.018622  0.146679  2.000000  0.999988  0.004716  -0.001495  0.001486  0.001975  0.999997  0.004719  -0.999987  0.001967  0.999997  0.002273  -0.000081  -0.002273  0.999991  -0.003518  0.000073  0.003518  0.999994  1.000000  0.000000  0.000000  0.000000  1.000000  0.000000  0.000000  0.000000  1.000000  0.999988  0.004716  -0.001495  0.001486  0.001975  0.999997  0.004719  -0.999987  0.001967  0.000056  0.000000  
138.050829 0.006954  0.099173  -0.001577  0.999280  -0.003502  -0.037770  0.037871  0.035911  0.998637  -0.002141  -0.999349  0.036017  0.002027  0.002402  0.001511  -0.169770  0.018495  0.142191  2.000000  0.999988  0.004716  -0.001495  0.001486  0.001975  0.999997  0.004719  -0.999987  0.001967  0.999997  0.002273  -0.000082  -0.002273  0.999991  -0.003518  0.000074  0.003518  0.999994  1.000000  0.000000  0.000000  0.000000  1.000000  0.000000  0.000000  0.000000  1.000000  0.999988  0.004716  -0.001495  0.001486  0.001975  0.999997  0.004719  -0.999987  0.001967  0.000055  0.000000  
138.052076 0.006959  0.099177  -0.001575  0.999281  -0.003377  -0.037774  0.037871  0.036158  0.998628  -0.002007  -0.999340  0.036260  0.002185  0.002471  0.001551  -0.169774  0.018380  0.137729  2.000000  0.999988  0.004716  -0.001495  0.001486  0.001975  0.999997  0.004719  -0.999987  0.001967  0.999997  0.002273  -0.000082  -0.002273  0.999991  -0.003518  0.000074  0.003518  0.999994  1.000000  0.000000  0.000000  0.000000  1.000000  0.000000  0.000000  0.000000  1.000000  0.999988  0.004716  -0.001495  0.001486  0.001975  0.999997  0.004719  -0.999987  0.001967  0.000055  0.000000  
138.053082 0.006961  0.099179  -0.001574  0.999281  -0.003382  -0.037773  0.037871  0.036279  0.998624  -0.002007  -0.999336  0.036381  0.002272  0.002516  0.001575  -0.171189  0.011175  0.125602  2.000000  0.999988  0.004716  -0.001495  0.001486  0.001975  0.999997  0.004719  -0.999987  0.001967  0.999998  0.002139  -0.000078  -0.002140  0.999991  -0.003639  0.000070  0.003639  0.999993  1.000000  0.000000  0.000000  0.000000  1.000000  0.000000  0.000000  0.000000  1.000000  0.999988  0.004716  -0.001495  0.001486  0.001975  0.999997  0.004719  -0.999987  0.001967  0.000054  0.000000  
138.054329 0.006965  0.099183  -0.001571  0.999281  -0.003258  -0.037777  0.037871  0.036526  0.998615  -0.001873  -0.999327  0.036623  0.002383  0.002582  0.001617  -0.171209  0.011054  0.121119  2.000000  0.999988  0.004716  -0.001495  0.001486  0.001975  0.999997  0.004719  -0.999987  0.001967  0.999998  0.002006  -0.000074  -0.002006  0.999991  -0.003639  0.000066  0.003639  0.999993  1.000000  0.000000  0.000000  0.000000  1.000000  0.000000  0.000000  0.000000  1.000000  0.999988  0.004716  -0.001495  0.001486  0.001975  0.999997  0.004719  -0.999987  0.001967  0.000054  0.000000  
138.055579 0.006970  0.099187  -0.001569  0.999281  -0.003267  -0.037776  0.037871  0.036769  0.998606  -0.001873  -0.999318  0.036866  0.002513  0.002699  0.001669  -0.173839  0.010679  0.111201  2.000000  0.999988  0.004716  -0.001495  0.001486  0.001975  0.999997  0.004719  -0.999987  0.001967  0.999998  0.001746  0.000142  -0.001745  0.999992  -0.003640  -0.000148  0.003639  0.999993  1.000000  0.000000  0.000000  0.000000  1.000000  0.000000  0.000000  0.000000  1.000000  0.999988  0.004716  -0.001495  0.001486  0.001975  0.999997  0.004719  -0.999987  0.001967  0.000052  0.000000  
138.056580 0.006973  0.099190  -0.001567  0.999281  -0.003142  -0.037781  0.037871  0.037016  0.998597  -0.001739  -0.999310  0.037108  0.002595  0.002750  0.001735  -0.175289  0.003723  0.107855  2.000000  0.999988  0.004716  -0.001495  0.001486  0.001975  0.999997  0.004719  -0.999987  0.001967  0.999998  0.001746  0.000141  -0.001745  0.999992  -0.003518  -0.000148  0.003518  0.999994  1.000000  0.000000  0.000000  0.000000  1.000000  0.000000  0.000000  0.000000  1.000000  0.999988  0.004716  -0.001495  0.001486  0.001975  0.999997  0.004719  -0.999987  0.001967  0.000052  0.000000  
138.057829 0.006977  0.099194  -0.001565  0.999281  -0.003151  -0.037780  0.037871  0.037258  0.998588  -0.001739  -0.999301  0.037351  0.002758  0.002822  0.001686  -0.179369  0.003431  0.098869  2.000000  0.999988  0.004716  -0.001495  0.001486  0.001975  0.999997  0.004719  -0.999987  0.001967  0.999999  0.001612  0.000146  -0.001612  0.999993  -0.003518  -0.000152  0.003518  0.999994  1.000000  0.000000  0.000000  0.000000  1.000000  0.000000  0.000000  0.000000  1.000000  0.999988  0.004716  -0.001495  0.001486  0.001975  0.999997  0.004719  -0.999987  0.001967  0.000050  0.000000  
138.059076 0.006981  0.099198  -0.001562  0.999281  -0.003027  -0.037784  0.037871  0.037505  0.998579  -0.001606  -0.999292  0.037593  0.002853  0.002856  0.001674  -0.179390  0.003456  0.098879  2.000000  0.999988  0.004716  -0.001495  0.001486  0.001975  0.999997  0.004719  -0.999987  0.001967  0.999999  0.001612  0.000146  -0.001612  0.999992  -0.003640  -0.000151  0.003639  0.999993  1.000000  0.000000  0.000000  0.000000  1.000000  0.000000  0.000000  0.000000  1.000000  0.999988  0.004716  -0.001495  0.001486  0.001975  0.999997  0.004719  -0.999987  0.001967  0.000050  0.000000  
138.060324 0.006985  0.099201  -0.001561  0.999281  -0.003032  -0.037784  0.037871  0.037627  0.998574  -0.001606  -0.999287  0.037714  0.002973  0.002882  0.001596  -0.177903  0.003283  0.093602  2.000000  0.999988  0.004716  -0.001495  0.001486  0.001975  0.999997  0.004719  -0.999987  0.001967  0.999999  0.001471  -0.000056  -0.001471  0.999992  -0.003639  0.000050  0.003639  0.999993  1.000000  0.000000  0.000000  0.000000  1.000000  0.000000  0.000000  0.000000  1.000000  0.999988  0.004716  -0.001495  0.001486  0.001975  0.999997  0.004719  -0.999987  0.001967  0.000050  0.000000  
138.061326 0.006989  0.099204  -0.001560  0.999282  -0.002907  -0.037788  0.037871  0.037874  0.998565  -0.001472  -0.999278  0.037957  0.003066  0.002914  0.001583  -0.179391  0.003333  0.094384  2.000000  0.999988  0.004716  -0.001495  0.001486  0.001975  0.999997  0.004719  -0.999987  0.001967  0.999999  0.001604  -0.000061  -0.001605  0.999992  -0.003639  0.000055  0.003639  0.999993  1.000000  0.000000  0.000000  0.000000  1.000000  0.000000  0.000000  0.000000  1.000000  0.999988  0.004716  -0.001495  0.001486  0.001975  0.999997  0.004719  -0.999987  0.001967  0.000050  0.000000  
138.062575 0.006993  0.099208  -0.001558  0.999290  -0.002775  -0.037587  0.037665  0.038122  0.998563  -0.001338  -0.999269  0.038199  0.003165  0.002957  0.001586  -0.181981  -0.003536  0.093852  2.000000  0.999988  0.004716  -0.001495  0.001486  0.001975  0.999997  0.004719  -0.999987  0.001967  0.999999  0.001612  0.000145  -0.001612  0.999992  -0.003639  -0.000150  0.003639  0.999993  1.000000  0.000000  0.000000  0.000000  1.000000  0.000000  0.000000  0.000000  1.000000  0.999988  0.004716  -0.001495  0.001486  0.001975  0.999997  0.004719  -0.999987  0.001967  0.000051  0.000000  
