1-Time 2-Px 3-Py 4-Pz 5-R11 6-R21 7-R31 8-R12 9-R22 10-R32 11-R13 12-R23 13-R33 14-Vx 15-Vy 16-Vz 17-Wx 18-Wy 19-Wz 20-state 21-PR11 22-PR21 23-PR31 24-PR12 25-PR22 26-PR32 27-PR13 28-PR23 29-PR33 
49.496698 0.005851  0.094407  -0.000034  0.996564  0.082477  -0.007636  -0.082251  0.996268  0.026186  0.009767  -0.025468  0.999628  -0.001443  0.004180  -0.002012  0.000000  0.000000  0.000000  2.000000  1.000000  0.000000  0.000000  -0.000000  1.000000  0.000000  0.000000  -0.000000  1.000000  1.000000  -0.000206  -0.000005  0.000206  1.000000  -0.000245  0.000005  0.000245  1.000000  1.000000  0.000000  0.000000  0.000000  1.000000  0.000000  0.000000  0.000000  1.000000  0.399734  0.861147  0.314067  -0.791768  0.497024  -0.355065  -0.461862  -0.106737  0.880506  0.000000  0.000000  
49.497705 0.005850  0.094411  -0.000036  0.996564  0.082477  -0.007636  -0.082251  0.996268  0.026186  0.009767  -0.025468  0.999628  -0.001443  0.004177  -0.002011  0.000000  0.000000  0.000000  2.000000  1.000000  0.000000  0.000000  0.000000  1.000000  0.000000  0.000000  0.000000  1.000000  1.000000  -0.000206  -0.000005  0.000206  1.000000  -0.000123  0.000005  0.000123  1.000000  1.000000  0.000000  0.000000  0.000000  1.000000  0.000000  0.000000  0.000000  1.000000  1.000000  0.000000  0.000000  0.000000  1.000000  0.000000  0.000000  0.000000  1.000000  0.000000  0.000000  
49.498955 0.005849  0.094416  -0.000039  0.996513  0.083092  -0.007620  -0.082867  0.996216  0.026191  0.009767  -0.025468  0.999628  -0.001415  0.004169  -0.002077  0.000000  0.000000  0.000000  2.000000  1.000000  0.000000  0.000000  0.000000  1.000000  0.000000  0.000000  0.000000  1.000000  1.000000  0.000206  0.000005  -0.000206  1.000000  -0.000119  -0.000005  0.000119  1.000000  1.000000  0.000000  0.000000  0.000000  1.000000  0.000000  0.000000  0.000000  1.000000  1.000000  0.000000  0.000000  0.000000  1.000000  0.000000  0.000000  0.000000  1.000000  0.000000  0.000000  
49.499955 0.005848  0.094420  -0.000041  0.996479  0.083503  -0.007599  -0.083277  0.996179  0.026315  0.009767  -0.025590  0.999625  -0.001402  0.004087  -0.002138  0.000000  0.000000  0.000000  2.000000  1.000000  0.000000  0.000000  0.000000  1.000000  0.000000  0.000000  0.000000  1.000000  1.000000  0.000823  0.000021  -0.000823  1.000000  0.000008  -0.000021  -0.000008  1.000000  1.000000  0.000000  0.000000  0.000000  1.000000  0.000000  0.000000  0.000000  1.000000  1.000000  0.000000  0.000000  0.000000  1.000000  0.000000  0.000000  0.000000  1.000000  0.000000  0.000000  
49.501205 0.005847  0.094423  -0.000044  0.996410  0.084324  -0.007567  -0.084098  0.996107  0.026442  0.009767  -0.025711  0.999622  -0.001344  0.003987  -0.002159  0.000000  0.000000  0.000000  2.000000  1.000000  0.000000  0.000000  0.000000  1.000000  0.000000  0.000000  0.000000  1.000000  0.999999  0.001441  0.000037  -0.001441  0.999999  0.000135  -0.000037  -0.000135  1.000000  1.000000  0.000000  0.000000  0.000000  1.000000  0.000000  0.000000  0.000000  1.000000  1.000000  0.000000  0.000000  0.000000  1.000000  0.000000  0.000000  0.000000  1.000000  0.000000  0.000000  
49.502255 0.005847  0.094426  -0.000047  0.996392  0.084529  -0.007561  -0.084303  0.996089  0.026444  0.009767  -0.025711  0.999622  -0.001272  0.003886  -0.002217  0.000000  0.000000  0.000000  2.000000  1.000000  0.000000  0.000000  0.000000  1.000000  0.000000  0.000000  0.000000  1.000000  0.999998  0.001852  0.000048  -0.001852  0.999998  0.000139  -0.000047  -0.000139  1.000000  1.000000  0.000000  0.000000  0.000000  1.000000  0.000000  0.000000  0.000000  1.000000  1.000000  0.000000  0.000000  0.000000  1.000000  0.000000  0.000000  0.000000  1.000000  0.000000  0.000000  
49.503473 0.005847  0.094430  -0.000050  0.996340  0.085145  -0.007535  -0.084918  0.996034  0.026569  0.009767  -0.025832  0.999619  -0.001112  0.003798  -0.002245  0.000000  0.000000  0.000000  2.000000  1.000000  0.000000  0.000000  0.000000  1.000000  0.000000  0.000000  0.000000  1.000000  0.999997  0.002264  0.000059  -0.002264  0.999997  0.000265  -0.000058  -0.000265  1.000000  1.000000  0.000000  0.000000  0.000000  1.000000  0.000000  0.000000  0.000000  1.000000  1.000000  0.000000  0.000000  0.000000  1.000000  0.000000  0.000000  0.000000  1.000000  0.000000  0.000000  
49.504708 0.005848  0.094434  -0.000053  0.996286  0.085765  -0.007641  -0.085534  0.995977  0.026706  0.009901  -0.025953  0.999614  -0.000926  0.003752  -0.002257  0.000000  0.000000  0.000000  2.000000  1.000000  0.000000  0.000000  0.000000  1.000000  0.000000  0.000000  0.000000  1.000000  0.999996  0.002885  -0.000059  -0.002885  0.999996  0.000392  0.000060  -0.000392  1.000000  1.000000  0.000000  0.000000  0.000000  1.000000  0.000000  0.000000  0.000000  1.000000  1.000000  0.000000  0.000000  0.000000  1.000000  0.000000  0.000000  0.000000  1.000000  0.000000  0.000000  
49.505710 0.005848  0.094437  -0.000054  0.996232  0.086384  -0.007758  -0.086149  0.995924  0.026722  0.010035  -0.025953  0.999613  -0.000806  0.003708  -0.002235  0.000000  0.000000  0.000000  2.000000  1.000000  0.000000  0.000000  0.000000  1.000000  0.000000  0.000000  0.000000  1.000000  0.999994  0.003505  -0.000177  -0.003505  0.999994  0.000399  0.000178  -0.000398  1.000000  1.000000  0.000000  0.000000  0.000000  1.000000  0.000000  0.000000  0.000000  1.000000  1.000000  0.000000  0.000000  0.000000  1.000000  0.000000  0.000000  0.000000  1.000000  0.000000  0.000000  
49.506712 0.005849  0.094440  -0.000057  0.996159  0.087208  -0.007859  -0.086969  0.995849  0.026861  0.010169  -0.026075  0.999608  -0.000693  0.003616  -0.002286  0.000000  0.000000  0.000000  2.000000  1.000000  0.000000  0.000000  0.000000  1.000000  0.000000  0.000000  0.000000  1.000000  0.999990  0.004538  -0.000283  -0.004538  0.999990  0.000531  0.000285  -0.000530  1.000000  1.000000  0.000000  0.000000  0.000000  1.000000  0.000000  0.000000  0.000000  1.000000  1.000000  0.000000  0.000000  0.000000  1.000000  0.000000  0.000000  0.000000  1.000000  0.000000  0.000000  
49.507956 0.005850  0.094444  -0.000061  0.996069  0.088234  -0.007820  -0.087994  0.995755  0.026990  0.010169  -0.026196  0.999605  -0.000483  0.003490  -0.002376  0.022247  0.008649  0.187108  2.000000  1.000000  0.000201  -0.000010  -0.000201  1.000000  0.000020  0.000010  -0.000020  1.000000  0.999984  0.005567  -0.000256  -0.005567  0.999984  0.000541  0.000259  -0.000540  1.000000  1.000000  0.000070  -0.000003  -0.000070  1.000000  0.000007  0.000003  -0.000007  1.000000  1.000000  0.000201  -0.000010  -0.000201  1.000000  0.000020  0.000010  -0.000020  1.000000  0.000045  0.005599  
49.508957 0.005851  0.094447  -0.000064  0.996015  0.088849  -0.007804  -0.088609  0.995701  0.026995  0.010169  -0.026196  0.999605  -0.000280  0.003419  -0.002407  0.022284  0.008050  0.206283  2.000000  1.000000  0.000500  -0.000022  -0.000500  1.000000  0.000054  0.000022  -0.000053  1.000000  0.999981  0.006184  -0.000239  -0.006184  0.999981  0.000669  0.000243  -0.000667  1.000000  1.000000  0.000077  -0.000003  -0.000077  1.000000  0.000008  0.000003  -0.000008  1.000000  1.000000  0.000500  -0.000022  -0.000500  1.000000  0.000054  0.000022  -0.000053  1.000000  0.000051  0.006225  
49.510210 0.005853  0.094452  -0.000067  0.995923  0.089874  -0.007776  -0.089635  0.995609  0.027003  0.010169  -0.026196  0.999605  0.000010  0.003374  -0.002418  0.022795  0.007215  0.242407  2.000000  1.000000  0.000925  -0.000036  -0.000925  1.000000  0.000096  0.000036  -0.000096  1.000000  0.999974  0.007213  -0.000212  -0.007213  0.999974  0.000679  0.000217  -0.000678  1.000000  1.000000  0.000090  -0.000003  -0.000090  1.000000  0.000008  0.000003  -0.000008  1.000000  1.000000  0.000925  -0.000036  -0.000925  1.000000  0.000096  0.000036  -0.000096  1.000000  0.000059  0.007248  
49.511210 0.005856  0.094455  -0.000069  0.995867  0.090490  -0.007748  -0.090250  0.995550  0.027128  0.010169  -0.026317  0.999602  0.000270  0.003300  -0.002451  0.027077  0.006661  0.263135  2.000000  0.999999  0.001306  -0.000046  -0.001306  0.999999  0.000134  0.000047  -0.000134  1.000000  0.999969  0.007830  -0.000195  -0.007830  0.999969  0.000807  0.000201  -0.000805  1.000000  1.000000  0.000098  -0.000002  -0.000098  1.000000  0.000010  0.000002  -0.000010  1.000000  0.999999  0.001306  -0.000046  -0.001306  0.999999  0.000134  0.000047  -0.000134  1.000000  0.000065  0.007874  
49.512456 0.005858  0.094459  -0.000072  0.995774  0.091514  -0.007720  -0.091275  0.995456  0.027136  0.010169  -0.026317  0.999602  0.000569  0.003235  -0.002454  0.027203  0.005717  0.295337  2.000000  0.999998  0.001731  -0.000055  -0.001731  0.999998  0.000175  0.000056  -0.000175  1.000000  0.999961  0.008859  -0.000168  -0.008859  0.999960  0.000817  0.000175  -0.000815  1.000000  1.000000  0.000111  -0.000002  -0.000111  1.000000  0.000010  0.000002  -0.000010  1.000000  0.999998  0.001731  -0.000055  -0.001731  0.999998  0.000175  0.000056  -0.000175  1.000000  0.000073  0.008899  
49.513456 0.005861  0.094462  -0.000075  0.995698  0.092335  -0.007687  -0.092095  0.995377  0.027263  0.010169  -0.026438  0.999599  0.000800  0.003156  -0.002468  0.031780  0.005026  0.325445  2.000000  0.999998  0.002200  -0.000063  -0.002200  0.999998  0.000222  0.000064  -0.000222  1.000000  0.999953  0.009683  -0.000145  -0.009682  0.999953  0.001068  0.000155  -0.001066  0.999999  1.000000  0.000121  -0.000002  -0.000121  1.000000  0.000013  0.000002  -0.000013  1.000000  0.999998  0.002200  -0.000063  -0.002200  0.999998  0.000222  0.000064  -0.000222  1.000000  0.000080  0.009742  
49.514457 0.005864  0.094464  -0.000078  0.995640  0.092953  -0.007803  -0.092710  0.995319  0.027281  0.010302  -0.026438  0.999597  0.001059  0.003060  -0.002541  0.032009  0.008982  0.346298  2.000000  0.999996  0.002705  -0.000073  -0.002705  0.999996  0.000276  0.000074  -0.000275  1.000000  0.999947  0.010303  -0.000262  -0.010303  0.999946  0.001075  0.000273  -0.001072  0.999999  1.000000  0.000129  -0.000003  -0.000129  1.000000  0.000013  0.000003  -0.000013  1.000000  0.999996  0.002705  -0.000073  -0.002705  0.999996  0.000276  0.000074  -0.000275  1.000000  0.000085  0.010363  
49.515711 0.005866  0.094465  -0.000082  0.995563  0.093774  -0.007769  -0.093529  0.995239  0.027408  0.010302  -0.026560  0.999594  0.001282  0.002858  -0.002582  0.036438  0.008060  0.380939  2.000000  0.999994  0.003382  -0.000089  -0.003382  0.999994  0.000349  0.000090  -0.000349  1.000000  0.999938  0.011127  -0.000239  -0.011126  0.999937  0.001205  0.000252  -0.001202  0.999999  1.000000  0.000139  -0.000003  -0.000139  1.000000  0.000015  0.000003  -0.000015  1.000000  0.999994  0.003382  -0.000089  -0.003382  0.999994  0.000349  0.000090  -0.000349  1.000000  0.000092  0.011194  
49.516718 0.005869  0.094465  -0.000085  0.995505  0.094389  -0.007741  -0.094144  0.995178  0.027533  0.010302  -0.026681  0.999591  0.001483  0.002683  -0.002602  0.040698  0.007489  0.401435  2.000000  0.999992  0.003959  -0.000100  -0.003959  0.999992  0.000411  0.000102  -0.000411  1.000000  0.999931  0.011744  -0.000221  -0.011744  0.999930  0.001332  0.000237  -0.001329  0.999999  1.000000  0.000147  -0.000003  -0.000147  1.000000  0.000017  0.000003  -0.000017  1.000000  0.999992  0.003959  -0.000100  -0.003959  0.999992  0.000411  0.000102  -0.000411  1.000000  0.000099  0.011821  
49.517956 0.005872  0.094465  -0.000089  0.995427  0.095209  -0.007718  -0.094964  0.995100  0.027540  0.010302  -0.026681  0.999591  0.001657  0.002437  -0.002669  0.040659  0.006714  0.425776  2.000000  0.999989  0.004727  -0.000114  -0.004726  0.999989  0.000495  0.000116  -0.000494  1.000000  0.999921  0.012567  -0.000199  -0.012567  0.999920  0.001340  0.000216  -0.001338  0.999999  1.000000  0.000157  -0.000003  -0.000157  1.000000  0.000017  0.000003  -0.000017  1.000000  0.999989  0.004727  -0.000114  -0.004726  0.999989  0.000495  0.000116  -0.000494  1.000000  0.000106  0.012640  
49.518959 0.005874  0.094463  -0.000091  0.995369  0.095824  -0.007689  -0.095579  0.995037  0.027665  0.010302  -0.026802  0.999588  0.001817  0.002138  -0.002696  0.045277  0.006199  0.450015  2.000000  0.999986  0.005378  -0.000123  -0.005378  0.999985  0.000567  0.000126  -0.000566  1.000000  0.999913  0.013184  -0.000181  -0.013184  0.999912  0.001468  0.000200  -0.001465  0.999999  1.000000  0.000165  -0.000002  -0.000165  1.000000  0.000018  0.000002  -0.000018  1.000000  0.999986  0.005378  -0.000123  -0.005378  0.999985  0.000567  0.000126  -0.000566  1.000000  0.000112  0.013267  
49.519960 0.005877  0.094462  -0.000095  0.995309  0.096440  -0.007661  -0.096194  0.994975  0.027791  0.010302  -0.026923  0.999584  0.001982  0.001765  -0.002824  0.049559  0.005627  0.470735  2.000000  0.999983  0.005878  -0.000130  -0.005878  0.999983  0.000622  0.000133  -0.000621  1.000000  0.999910  0.013390  -0.000175  -0.013390  0.999909  0.001470  0.000195  -0.001467  0.999999  1.000000  0.000167  -0.000002  -0.000167  1.000000  0.000018  0.000002  -0.000018  1.000000  0.999983  0.005878  -0.000130  -0.005878  0.999983  0.000622  0.000133  -0.000621  1.000000  0.000118  0.013472  
49.521212 0.005880  0.094459  -0.000100  0.995250  0.097054  -0.007644  -0.096808  0.994915  0.027795  0.010302  -0.026923  0.999584  0.002121  0.001296  -0.002982  0.049759  0.005081  0.491401  2.000000  0.999977  0.006714  -0.000141  -0.006714  0.999977  0.000713  0.000145  -0.000712  1.000000  0.999910  0.013390  -0.000174  -0.013390  0.999909  0.001470  0.000193  -0.001467  0.999999  1.000000  0.000167  -0.000002  -0.000167  1.000000  0.000018  0.000002  -0.000018  1.000000  0.999977  0.006714  -0.000141  -0.006714  0.999977  0.000713  0.000145  -0.000712  1.000000  0.000124  0.013472  
49.522214 0.005882  0.094455  -0.000105  0.995210  0.097464  -0.007632  -0.097218  0.994875  0.027798  0.010302  -0.026923  0.999584  0.002247  0.000910  -0.003076  0.049899  0.004718  0.505247  2.000000  0.999973  0.007374  -0.000149  -0.007374  0.999973  0.000784  0.000155  -0.000783  1.000000  0.999913  0.013184  -0.000179  -0.013184  0.999912  0.001346  0.000197  -0.001344  0.999999  1.000000  0.000165  -0.000002  -0.000165  1.000000  0.000017  0.000002  -0.000017  1.000000  0.999973  0.007374  -0.000149  -0.007374  0.999973  0.000784  0.000155  -0.000783  1.000000  0.000127  0.013254  
49.523456 0.005885  0.094451  -0.000111  0.995150  0.098078  -0.007615  -0.097833  0.994814  0.027803  0.010302  -0.026923  0.999584  0.002264  0.000369  -0.003286  0.054191  0.004205  0.526067  2.000000  0.999966  0.008200  -0.000161  -0.008200  0.999966  0.000866  0.000168  -0.000865  1.000000  0.999913  0.013184  -0.000179  -0.013184  0.999912  0.001225  0.000196  -0.001223  0.999999  1.000000  0.000165  -0.000002  -0.000165  1.000000  0.000015  0.000002  -0.000015  1.000000  0.999966  0.008200  -0.000161  -0.008200  0.999966  0.000866  0.000168  -0.000865  1.000000  0.000130  0.013243  
49.524461 0.005887  0.094448  -0.000117  0.995131  0.098280  -0.007476  -0.098038  0.994795  0.027792  0.010169  -0.026923  0.999586  0.002358  -0.000064  -0.003452  0.054209  -0.000471  0.532709  2.000000  0.999961  0.008854  -0.000164  -0.008854  0.999960  0.000928  0.000173  -0.000926  1.000000  0.999916  0.012971  0.000083  -0.012971  0.999915  0.001221  -0.000067  -0.001222  0.999999  1.000000  0.000162  0.000001  -0.000162  1.000000  0.000015  -0.000001  -0.000015  1.000000  0.999961  0.008854  -0.000164  -0.008854  0.999960  0.000928  0.000173  -0.000926  1.000000  0.000134  0.013029  
49.525706 0.005890  0.094444  -0.000124  0.995070  0.098894  -0.007459  -0.098652  0.994734  0.027796  0.010169  -0.026923  0.999586  0.002345  -0.000599  -0.003715  0.054425  -0.001014  0.553547  2.000000  0.999953  0.009652  -0.000156  -0.009652  0.999953  0.000998  0.000166  -0.000996  0.999999  0.999921  0.012556  0.000205  -0.012556  0.999921  0.001096  -0.000191  -0.001098  0.999999  1.000000  0.000157  0.000002  -0.000157  1.000000  0.000014  -0.000002  -0.000014  1.000000  0.999953  0.009652  -0.000156  -0.009652  0.999953  0.000998  0.000166  -0.000996  0.999999  0.000137  0.012606  
49.526707 0.005891  0.094441  -0.000129  0.995050  0.099099  -0.007453  -0.098857  0.994713  0.027798  0.010169  -0.026923  0.999586  0.002296  -0.001050  -0.003943  0.054513  -0.001196  0.560664  2.000000  0.999947  0.010277  -0.000144  -0.010277  0.999947  0.001051  0.000155  -0.001049  0.999999  0.999924  0.012347  0.000333  -0.012347  0.999923  0.000973  -0.000321  -0.000977  0.999999  1.000000  0.000154  0.000004  -0.000154  1.000000  0.000012  -0.000004  -0.000012  1.000000  0.999947  0.010277  -0.000144  -0.010277  0.999947  0.001051  0.000155  -0.001049  0.999999  0.000141  0.012390  
49.527712 0.005892  0.094438  -0.000135  0.995031  0.099300  -0.007314  -0.099062  0.994693  0.027786  0.010035  -0.026923  0.999587  0.002238  -0.001482  -0.004175  0.054527  -0.005871  0.567286  2.000000  0.999942  0.010730  -0.000130  -0.010730  0.999942  0.001087  0.000142  -0.001086  0.999999  0.999929  0.011932  0.000456  -0.011932  0.999928  0.000967  -0.000444  -0.000972  0.999999  1.000000  0.000149  0.000006  -0.000149  1.000000  0.000012  -0.000006  -0.000012  1.000000  0.999942  0.010730  -0.000130  -0.010730  0.999942  0.001087  0.000142  -0.001086  0.999999  0.000143  0.011980  
49.528958 0.005893  0.094434  -0.000143  0.995010  0.099505  -0.007309  -0.099267  0.994673  0.027787  0.010035  -0.026923  0.999587  0.002074  -0.002009  -0.004434  0.050321  -0.005543  0.553523  2.000000  0.999935  0.011445  -0.000102  -0.011445  0.999934  0.001144  0.000115  -0.001143  0.999999  0.999938  0.011109  0.000434  -0.011109  0.999938  0.000838  -0.000424  -0.000842  1.000000  1.000000  0.000139  0.000005  -0.000139  1.000000  0.000011  -0.000005  -0.000011  1.000000  0.999935  0.011445  -0.000102  -0.011445  0.999934  0.001144  0.000115  -0.001143  0.999999  0.000139  0.011149  
49.530210 0.005894  0.094429  -0.000150  0.994991  0.099705  -0.007182  -0.099472  0.994656  0.027655  0.009901  -0.026802  0.999592  0.001930  -0.002362  -0.004654  0.046003  -0.009461  0.532652  2.000000  0.999927  0.012121  -0.000070  -0.012121  0.999926  0.001192  0.000085  -0.001191  0.999999  0.999945  0.010488  0.000549  -0.010488  0.999945  0.000709  -0.000542  -0.000715  1.000000  1.000000  0.000131  0.000007  -0.000131  1.000000  0.000009  -0.000007  -0.000009  1.000000  0.999927  0.012121  -0.000070  -0.012121  0.999926  0.001192  0.000085  -0.001191  0.999999  0.000136  0.010526  
49.531659 0.005894  0.094424  -0.000158  0.994971  0.099910  -0.007176  -0.099677  0.994635  0.027657  0.009901  -0.026802  0.999592  0.001675  -0.002727  -0.004880  0.041516  -0.009070  0.515410  2.000000  0.999919  0.012748  -0.000036  -0.012748  0.999918  0.001232  0.000052  -0.001232  0.999999  0.999951  0.009870  0.000533  -0.009871  0.999951  0.000582  -0.000527  -0.000587  1.000000  1.000000  0.000123  0.000007  -0.000123  1.000000  0.000007  -0.000007  -0.000007  1.000000  0.999919  0.012748  -0.000036  -0.012748  0.999918  0.001232  0.000052  -0.001232  0.999999  0.000132  0.009902  
49.532713 0.005892  0.094419  -0.000165  0.994951  0.100110  -0.007050  -0.099882  0.994619  0.027524  0.009767  -0.026681  0.999596  0.001427  -0.003056  -0.005145  0.033339  -0.013518  0.514632  2.000000  0.999914  0.013105  -0.000013  -0.013105  0.999913  0.001251  0.000030  -0.001250  0.999999  0.999957  0.009250  0.000649  -0.009250  0.999957  0.000453  -0.000645  -0.000459  1.000000  1.000000  0.000116  0.000008  -0.000116  1.000000  0.000006  -0.000008  -0.000006  1.000000  0.999914  0.013105  -0.000013  -0.013105  0.999913  0.001251  0.000030  -0.001250  0.999999  0.000130  0.009284  
49.533961 0.005891  0.094412  -0.000173  0.994953  0.100107  -0.006917  -0.099882  0.994619  0.027511  0.009633  -0.026681  0.999598  0.001002  -0.003475  -0.005492  0.033334  -0.021889  0.490828  2.000000  0.999907  0.013645  0.000028  -0.013645  0.999906  0.001275  -0.000011  -0.001276  0.999999  0.999966  0.008217  0.000755  -0.008217  0.999966  0.000321  -0.000752  -0.000327  1.000000  1.000000  0.000103  0.000009  -0.000103  1.000000  0.000004  -0.000009  -0.000004  1.000000  0.999907  0.013645  0.000028  -0.013645  0.999906  0.001275  -0.000011  -0.001276  0.999999  0.000125  0.008258  
49.535210 0.005888  0.094406  -0.000181  0.994953  0.100106  -0.006929  -0.099882  0.994622  0.027390  0.009633  -0.026560  0.999601  0.000650  -0.003688  -0.005686  0.025010  -0.025840  0.469966  2.000000  0.999900  0.014125  0.000078  -0.014125  0.999899  0.001293  -0.000060  -0.001294  0.999999  0.999972  0.007391  0.000866  -0.007391  0.999973  0.000192  -0.000864  -0.000198  1.000000  1.000000  0.000092  0.000011  -0.000092  1.000000  0.000002  -0.000011  -0.000002  1.000000  0.999900  0.014125  0.000078  -0.014125  0.999899  0.001293  -0.000060  -0.001294  0.999999  0.000118  0.007444  
49.536215 0.005886  0.094401  -0.000188  0.994932  0.100311  -0.006923  -0.100087  0.994602  0.027391  0.009633  -0.026560  0.999601  0.000339  -0.003870  -0.005876  0.020757  -0.029813  0.449033  2.000000  0.999897  0.014386  0.000110  -0.014386  0.999896  0.001297  -0.000091  -0.001298  0.999999  0.999977  0.006773  0.000849  -0.006773  0.999977  0.000065  -0.000849  -0.000071  1.000000  1.000000  0.000085  0.000011  -0.000085  1.000000  0.000001  -0.000011  -0.000001  1.000000  0.999897  0.014386  0.000110  -0.014386  0.999896  0.001297  -0.000091  -0.001298  0.999999  0.000113  0.006827  
49.537458 0.005883  0.094394  -0.000197  0.994933  0.100307  -0.006790  -0.100087  0.994602  0.027378  0.009500  -0.026560  0.999602  0.000025  -0.004024  -0.006055  0.020290  -0.033309  0.417868  2.000000  0.999892  0.014720  0.000158  -0.014720  0.999891  0.001299  -0.000138  -0.001302  0.999999  0.999979  0.006358  0.000972  -0.006358  0.999980  0.000060  -0.000972  -0.000066  1.000000  1.000000  0.000079  0.000012  -0.000079  1.000000  0.000001  -0.000012  -0.000001  1.000000  0.999892  0.014720  0.000158  -0.014720  0.999891  0.001299  -0.000138  -0.001302  0.999999  0.000106  0.006432  
49.538466 0.005880  0.094389  -0.000204  0.994933  0.100306  -0.006802  -0.100087  0.994605  0.027257  0.009500  -0.026438  0.999605  -0.000348  -0.004155  -0.006196  0.012032  -0.032856  0.393654  2.000000  0.999887  0.015022  0.000206  -0.015022  0.999886  0.001296  -0.000186  -0.001299  0.999999  0.999983  0.005741  0.000955  -0.005741  0.999984  -0.000188  -0.000956  0.000183  1.000000  1.000000  0.000072  0.000012  -0.000072  1.000000  -0.000002  -0.000012  0.000002  1.000000  0.999887  0.015022  0.000206  -0.015022  0.999886  0.001296  -0.000186  -0.001299  0.999999  0.000100  0.005823  
49.539711 0.005876  0.094383  -0.000213  0.994935  0.100303  -0.006669  -0.100087  0.994606  0.027244  0.009366  -0.026439  0.999607  -0.000799  -0.004310  -0.006335  0.011650  -0.036356  0.363195  2.000000  0.999883  0.015291  0.000256  -0.015291  0.999882  0.001285  -0.000236  -0.001289  0.999999  0.999986  0.005120  0.001072  -0.005120  0.999987  -0.000195  -0.001073  0.000189  0.999999  1.000000  0.000064  0.000013  -0.000064  1.000000  -0.000002  -0.000013  0.000002  1.000000  0.999883  0.015291  0.000256  -0.015291  0.999882  0.001285  -0.000236  -0.001289  0.999999  0.000092  0.005235  
49.540960 0.005873  0.094377  -0.000221  0.994935  0.100303  -0.006669  -0.100087  0.994606  0.027244  0.009366  -0.026439  0.999607  -0.001204  -0.004482  -0.006427  0.007322  -0.035737  0.331324  2.000000  0.999883  0.015291  0.000256  -0.015291  0.999882  0.001285  -0.000236  -0.001289  0.999999  0.999991  0.004091  0.001045  -0.004091  0.999992  -0.000326  -0.001047  0.000321  0.999999  1.000000  0.000000  0.000000  0.000000  1.000000  0.000000  0.000000  0.000000  1.000000  0.999883  0.015291  0.000256  -0.015291  0.999882  0.001285  -0.000236  -0.001289  0.999999  0.000086  0.000000  
49.541961 0.005869  0.094371  -0.000230  0.994936  0.100298  -0.006548  -0.100087  0.994609  0.027110  0.009232  -0.026317  0.999611  -0.001545  -0.004614  -0.006609  0.002953  -0.039482  0.303515  2.000000  0.999883  0.015291  0.000256  -0.015291  0.999882  0.001285  -0.000236  -0.001289  0.999999  0.999993  0.003470  0.001162  -0.003470  0.999994  -0.000574  -0.001164  0.000570  0.999999  1.000000  0.000000  0.000000  0.000000  1.000000  0.000000  0.000000  0.000000  1.000000  0.999883  0.015291  0.000256  -0.015291  0.999882  0.001285  -0.000236  -0.001289  0.999999  0.000078  0.000000  
49.543213 0.005864  0.094365  -0.000239  0.994937  0.100295  -0.006415  -0.100087  0.994610  0.027097  0.009098  -0.026317  0.999612  -0.001937  -0.004746  -0.006787  -0.001477  -0.043076  0.268765  2.000000  0.999883  0.015291  0.000256  -0.015291  0.999882  0.001285  -0.000236  -0.001289  0.999999  0.999995  0.003055  0.001285  -0.003054  0.999995  -0.000578  -0.001287  0.000575  0.999999  1.000000  0.000000  0.000000  0.000000  1.000000  0.000000  0.000000  0.000000  1.000000  0.999883  0.015291  0.000256  -0.015291  0.999882  0.001285  -0.000236  -0.001289  0.999999  0.000070  0.000000  
49.544460 0.005860  0.094359  -0.000249  0.994937  0.100294  -0.006427  -0.100087  0.994613  0.026976  0.009098  -0.026196  0.999615  -0.002301  -0.004853  -0.006950  -0.009881  -0.046847  0.241018  2.000000  0.999883  0.015291  0.000256  -0.015291  0.999882  0.001285  -0.000236  -0.001289  0.999999  0.999996  0.002644  0.001274  -0.002643  0.999996  -0.000704  -0.001276  0.000700  0.999999  1.000000  0.000000  0.000000  0.000000  1.000000  0.000000  0.000000  0.000000  1.000000  0.999883  0.015291  0.000256  -0.015291  0.999882  0.001285  -0.000236  -0.001289  0.999999  0.000064  0.000000  
49.545462 0.005856  0.094355  -0.000257  0.994938  0.100291  -0.006294  -0.100087  0.994613  0.026963  0.008964  -0.026196  0.999617  -0.002609  -0.004920  -0.007023  -0.010098  -0.050798  0.220162  2.000000  0.999883  0.015291  0.000256  -0.015291  0.999882  0.001285  -0.000236  -0.001289  0.999999  0.999997  0.002229  0.001397  -0.002228  0.999997  -0.000708  -0.001398  0.000704  0.999999  1.000000  0.000000  0.000000  0.000000  1.000000  0.000000  0.000000  0.000000  1.000000  0.999883  0.015291  0.000256  -0.015291  0.999882  0.001285  -0.000236  -0.001289  0.999999  0.000060  0.000000  
49.546706 0.005850  0.094349  -0.000266  0.994938  0.100291  -0.006294  -0.100087  0.994613  0.026963  0.008964  -0.026196  0.999617  -0.002944  -0.004939  -0.007177  -0.014262  -0.049865  0.197831  2.000000  0.999883  0.015291  0.000256  -0.015291  0.999882  0.001285  -0.000236  -0.001289  0.999999  0.999998  0.001821  0.001252  -0.001820  0.999998  -0.000711  -0.001254  0.000709  0.999999  1.000000  0.000000  0.000000  0.000000  1.000000  0.000000  0.000000  0.000000  1.000000  0.999883  0.015291  0.000256  -0.015291  0.999882  0.001285  -0.000236  -0.001289  0.999999  0.000052  0.000000  
49.547962 0.005845  0.094343  -0.000276  0.994939  0.100286  -0.006173  -0.100087  0.994617  0.026829  0.008831  -0.026075  0.999621  -0.003170  -0.004945  -0.007322  0.000000  0.000000  0.000000  2.000000  0.999883  0.015291  0.000256  -0.015291  0.999882  0.001285  -0.000236  -0.001289  0.999999  0.999998  0.001405  0.001375  -0.001404  0.999999  -0.000715  -0.001376  0.000713  0.999999  1.000000  0.000000  0.000000  0.000000  1.000000  0.000000  0.000000  0.000000  1.000000  0.999883  0.015291  0.000256  -0.015291  0.999882  0.001285  -0.000236  -0.001289  0.999999  0.000046  0.000000  
49.549210 0.005838  0.094337  -0.000285  0.994941  0.100283  -0.006040  -0.100088  0.994617  0.026815  0.008697  -0.026075  0.999622  -0.003494  -0.004964  -0.007417  0.000000  0.000000  0.000000  2.000000  0.999883  0.015291  0.000256  -0.015291  0.999882  0.001285  -0.000236  -0.001289  0.999999  0.999999  0.000998  0.001231  -0.000997  0.999999  -0.000840  -0.001231  0.000839  0.999999  1.000000  0.000000  0.000000  0.000000  1.000000  0.000000  0.000000  0.000000  1.000000  0.999883  0.015291  0.000256  -0.015291  0.999882  0.001285  -0.000236  -0.001289  0.999999  0.000000  0.000000  
49.550210 0.005833  0.094332  -0.000293  0.994941  0.100283  -0.006040  -0.100088  0.994617  0.026815  0.008697  -0.026075  0.999622  -0.003705  -0.004916  -0.007469  0.000000  0.000000  0.000000  2.000000  0.999883  0.015291  0.000256  -0.015291  0.999882  0.001285  -0.000236  -0.001289  0.999999  0.999999  0.000788  0.001359  -0.000787  0.999999  -0.000842  -0.001360  0.000841  0.999999  1.000000  0.000000  0.000000  0.000000  1.000000  0.000000  0.000000  0.000000  1.000000  0.999883  0.015291  0.000256  -0.015291  0.999882  0.001285  -0.000236  -0.001289  0.999999  0.000000  0.000000  
49.551460 0.005827  0.094326  -0.000301  0.994921  0.100484  -0.005902  -0.100292  0.994597  0.026803  0.008563  -0.026075  0.999623  -0.003884  -0.004902  -0.007448  0.000000  0.000000  0.000000  2.000000  0.999883  0.015291  0.000256  -0.015291  0.999882  0.001285  -0.000236  -0.001289  0.999999  0.999999  0.000788  0.001359  -0.000787  0.999999  -0.000721  -0.001360  0.000720  0.999999  1.000000  0.000000  0.000000  0.000000  1.000000  0.000000  0.000000  0.000000  1.000000  0.999883  0.015291  0.000256  -0.015291  0.999882  0.001285  -0.000236  -0.001289  0.999999  0.000000  0.000000  
49.552727 0.005822  0.094320  -0.000309  0.994921  0.100484  -0.005902  -0.100292  0.994597  0.026803  0.008563  -0.026075  0.999623  -0.004050  -0.004816  -0.007374  0.000000  0.000000  0.000000  2.000000  0.999883  0.015291  0.000256  -0.015291  0.999882  0.001285  -0.000236  -0.001289  0.999999  0.999999  0.000582  0.001354  -0.000582  1.000000  -0.000722  -0.001354  0.000722  0.999999  1.000000  0.000000  0.000000  0.000000  1.000000  0.000000  0.000000  0.000000  1.000000  0.999883  0.015291  0.000256  -0.015291  0.999882  0.001285  -0.000236  -0.001289  0.999999  0.000000  0.000000  
49.553755 0.005818  0.094316  -0.000315  0.994922  0.100481  -0.005769  -0.100293  0.994597  0.026790  0.008429  -0.026075  0.999624  -0.004121  -0.004798  -0.007291  0.000000  0.000000  0.000000  2.000000  0.999883  0.015291  0.000256  -0.015291  0.999882  0.001285  -0.000236  -0.001289  0.999999  0.999999  0.000377  0.001348  -0.000376  1.000000  -0.000603  -0.001348  0.000602  0.999999  1.000000  0.000000  0.000000  0.000000  1.000000  0.000000  0.000000  0.000000  1.000000  0.999883  0.015291  0.000256  -0.015291  0.999882  0.001285  -0.000236  -0.001289  0.999999  0.000000  0.000000  
49.554958 0.005813  0.094311  -0.000322  0.994922  0.100481  -0.005769  -0.100293  0.994597  0.026790  0.008429  -0.026075  0.999624  -0.004199  -0.004695  -0.007165  0.000000  0.000000  0.000000  2.000000  0.999883  0.015291  0.000256  -0.015291  0.999882  0.001285  -0.000236  -0.001289  0.999999  0.999999  0.000377  0.001348  -0.000376  1.000000  -0.000603  -0.001348  0.000602  0.999999  1.000000  0.000000  0.000000  0.000000  1.000000  0.000000  0.000000  0.000000  1.000000  0.999883  0.015291  0.000256  -0.015291  0.999882  0.001285  -0.000236  -0.001289  0.999999  0.000000  0.000000  
49.555967 0.005810  0.094307  -0.000327  0.994922  0.100481  -0.005769  -0.100293  0.994597  0.026790  0.008429  -0.026075  0.999624  -0.004215  -0.004628  -0.007052  0.000000  0.000000  0.000000  2.000000  0.999883  0.015291  0.000256  -0.015291  0.999882  0.001285  -0.000236  -0.001289  0.999999  0.999999  0.000380  0.001215  -0.000379  1.000000  -0.000603  -0.001215  0.000603  0.999999  1.000000  0.000000  0.000000  0.000000  1.000000  0.000000  0.000000  0.000000  1.000000  0.999883  0.015291  0.000256  -0.015291  0.999882  0.001285  -0.000236  -0.001289  0.999999  0.000000  0.000000  
49.557211 0.005806  0.094302  -0.000335  0.994923  0.100477  -0.005635  -0.100293  0.994598  0.026776  0.008295  -0.026075  0.999626  -0.004175  -0.004539  -0.006904  0.000000  0.000000  0.000000  2.000000  0.999883  0.015291  0.000256  -0.015291  0.999882  0.001285  -0.000236  -0.001289  0.999999  0.999999  0.000377  0.001348  -0.000376  1.000000  -0.000482  -0.001348  0.000481  0.999999  1.000000  0.000000  0.000000  0.000000  1.000000  0.000000  0.000000  0.000000  1.000000  0.999883  0.015291  0.000256  -0.015291  0.999882  0.001285  -0.000236  -0.001289  0.999999  0.000000  0.000000  
49.558460 0.005802  0.094297  -0.000343  0.994923  0.100478  -0.005623  -0.100293  0.994594  0.026897  0.008295  -0.026196  0.999622  -0.004063  -0.004453  -0.006749  0.000000  0.000000  0.000000  2.000000  0.999883  0.015291  0.000256  -0.015291  0.999882  0.001285  -0.000236  -0.001289  0.999999  0.999999  0.000174  0.001209  -0.000174  1.000000  -0.000362  -0.001209  0.000362  0.999999  1.000000  0.000000  0.000000  0.000000  1.000000  0.000000  0.000000  0.000000  1.000000  0.999883  0.015291  0.000256  -0.015291  0.999882  0.001285  -0.000236  -0.001289  0.999999  0.000000  0.000000  
49.559707 0.005799  0.094292  -0.000350  0.994924  0.100474  -0.005490  -0.100293  0.994595  0.026883  0.008162  -0.026196  0.999624  -0.003948  -0.004401  -0.006568  0.000000  0.000000  0.000000  2.000000  0.999883  0.015291  0.000256  -0.015291  0.999882  0.001285  -0.000236  -0.001289  0.999999  0.999999  0.000171  0.001343  -0.000170  1.000000  -0.000241  -0.001343  0.000241  0.999999  1.000000  0.000000  0.000000  0.000000  1.000000  0.000000  0.000000  0.000000  1.000000  0.999883  0.015291  0.000256  -0.015291  0.999882  0.001285  -0.000236  -0.001289  0.999999  0.000000  0.000000  
49.560960 0.005797  0.094287  -0.000357  0.994926  0.100471  -0.005357  -0.100293  0.994595  0.026870  0.008028  -0.026196  0.999625  -0.003781  -0.004380  -0.006390  0.000000  0.000000  0.000000  2.000000  0.999883  0.015291  0.000256  -0.015291  0.999882  0.001285  -0.000236  -0.001289  0.999999  0.999999  0.000174  0.001209  -0.000174  1.000000  -0.000241  -0.001209  0.000241  0.999999  1.000000  0.000000  0.000000  0.000000  1.000000  0.000000  0.000000  0.000000  1.000000  0.999883  0.015291  0.000256  -0.015291  0.999882  0.001285  -0.000236  -0.001289  0.999999  0.000000  0.000000  
49.562207 0.005795  0.094282  -0.000363  0.994905  0.100676  -0.005352  -0.100498  0.994574  0.026871  0.008028  -0.026196  0.999625  -0.003542  -0.004288  -0.006148  0.000000  0.000000  0.000000  2.000000  0.999883  0.015291  0.000256  -0.015291  0.999882  0.001285  -0.000236  -0.001289  0.999999  0.999999  0.000380  0.001215  -0.000380  1.000000  -0.000118  -0.001215  0.000118  0.999999  1.000000  0.000000  0.000000  0.000000  1.000000  0.000000  0.000000  0.000000  1.000000  0.999883  0.015291  0.000256  -0.015291  0.999882  0.001285  -0.000236  -0.001289  0.999999  0.000000  0.000000  
49.563207 0.005793  0.094278  -0.000368  0.994905  0.100676  -0.005352  -0.100498  0.994574  0.026871  0.008028  -0.026196  0.999625  -0.003298  -0.004232  -0.006023  0.000000  0.000000  0.000000  2.000000  0.999883  0.015291  0.000256  -0.015291  0.999882  0.001285  -0.000236  -0.001289  0.999999  0.999999  0.000380  0.001215  -0.000380  1.000000  -0.000118  -0.001215  0.000118  0.999999  1.000000  0.000000  0.000000  0.000000  1.000000  0.000000  0.000000  0.000000  1.000000  0.999883  0.015291  0.000256  -0.015291  0.999882  0.001285  -0.000236  -0.001289  0.999999  0.000000  0.000000  
49.564455 0.005792  0.094274  -0.000374  0.994906  0.100673  -0.005206  -0.100498  0.994571  0.026978  0.007894  -0.026318  0.999622  -0.003023  -0.004150  -0.005766  0.000000  0.000000  0.000000  2.000000  0.999883  0.015291  0.000256  -0.015291  0.999882  0.001285  -0.000236  -0.001289  0.999999  0.999999  0.000380  0.001215  -0.000380  1.000000  0.000003  -0.001215  -0.000004  0.999999  1.000000  0.000000  0.000000  0.000000  1.000000  0.000000  0.000000  0.000000  1.000000  0.999883  0.015291  0.000256  -0.015291  0.999882  0.001285  -0.000236  -0.001289  0.999999  0.000000  0.000000  
49.565455 0.005791  0.094270  -0.000379  0.994906  0.100673  -0.005206  -0.100498  0.994571  0.026978  0.007894  -0.026318  0.999622  -0.002762  -0.004073  -0.005599  0.000000  0.000000  0.000000  2.000000  0.999883  0.015291  0.000256  -0.015291  0.999882  0.001285  -0.000236  -0.001289  0.999999  0.999999  0.000383  0.001081  -0.000384  1.000000  0.000125  -0.001081  -0.000125  0.999999  1.000000  0.000000  0.000000  0.000000  1.000000  0.000000  0.000000  0.000000  1.000000  0.999883  0.015291  0.000256  -0.015291  0.999882  0.001285  -0.000236  -0.001289  0.999999  0.000000  0.000000  
49.566705 0.005790  0.094265  -0.000385  0.994886  0.100875  -0.005055  -0.100703  0.994548  0.027086  0.007760  -0.026439  0.999620  -0.002406  -0.003971  -0.005443  0.000000  0.000000  0.000000  2.000000  0.999883  0.015291  0.000256  -0.015291  0.999882  0.001285  -0.000236  -0.001289  0.999999  0.999999  0.000586  0.001220  -0.000586  1.000000  0.000126  -0.001220  -0.000127  0.999999  1.000000  0.000000  0.000000  0.000000  1.000000  0.000000  0.000000  0.000000  1.000000  0.999883  0.015291  0.000256  -0.015291  0.999882  0.001285  -0.000236  -0.001289  0.999999  0.000000  0.000000  
49.567955 0.005789  0.094260  -0.000391  0.994886  0.100875  -0.005055  -0.100703  0.994548  0.027086  0.007760  -0.026439  0.999620  -0.002077  -0.003925  -0.005285  0.000000  0.000000  0.000000  2.000000  0.999883  0.015291  0.000256  -0.015291  0.999882  0.001285  -0.000236  -0.001289  0.999999  0.999999  0.000589  0.001086  -0.000589  1.000000  0.000247  -0.001086  -0.000248  0.999999  1.000000  0.000000  0.000000  0.000000  1.000000  0.000000  0.000000  0.000000  1.000000  0.999883  0.015291  0.000256  -0.015291  0.999882  0.001285  -0.000236  -0.001289  0.999999  0.000000  0.000000  
49.568960 0.005789  0.094256  -0.000395  0.994887  0.100872  -0.004910  -0.100703  0.994545  0.027194  0.007626  -0.026560  0.999618  -0.001827  -0.003909  -0.005247  0.000000  0.000000  0.000000  2.000000  0.999883  0.015291  0.000256  -0.015291  0.999882  0.001285  -0.000236  -0.001289  0.999999  0.999999  0.000585  0.001220  -0.000586  1.000000  0.000490  -0.001220  -0.000491  0.999999  1.000000  0.000000  0.000000  0.000000  1.000000  0.000000  0.000000  0.000000  1.000000  0.999883  0.015291  0.000256  -0.015291  0.999882  0.001285  -0.000236  -0.001289  0.999999  0.000000  0.000000  
49.569962 0.005789  0.094253  -0.000399  0.994867  0.101077  -0.004905  -0.100908  0.994524  0.027195  0.007626  -0.026560  0.999618  -0.001585  -0.003839  -0.005140  0.000000  0.000000  0.000000  2.000000  0.999883  0.015291  0.000256  -0.015291  0.999882  0.001285  -0.000236  -0.001289  0.999999  0.999999  0.000791  0.001226  -0.000792  1.000000  0.000491  -0.001225  -0.000492  0.999999  1.000000  0.000000  0.000000  0.000000  1.000000  0.000000  0.000000  0.000000  1.000000  0.999883  0.015291  0.000256  -0.015291  0.999882  0.001285  -0.000236  -0.001289  0.999999  0.000000  0.000000  
49.571208 0.005789  0.094249  -0.000405  0.994867  0.101077  -0.004892  -0.100908  0.994521  0.027315  0.007626  -0.026681  0.999615  -0.001354  -0.003772  -0.005058  0.000000  0.000000  0.000000  2.000000  0.999883  0.015291  0.000256  -0.015291  0.999882  0.001285  -0.000236  -0.001289  0.999999  0.999999  0.000795  0.001092  -0.000795  0.999999  0.000613  -0.001091  -0.000614  0.999999  1.000000  0.000000  0.000000  0.000000  1.000000  0.000000  0.000000  0.000000  1.000000  0.999883  0.015291  0.000256  -0.015291  0.999882  0.001285  -0.000236  -0.001289  0.999999  0.000000  0.000000  
