1-Time 2-Px 3-Py 4-Pz 5-R11 6-R21 7-R31 8-R12 9-R22 10-R32 11-R13 12-R23 13-R33 14-Vx 15-Vy 16-Vz 17-Wx 18-Wy 19-Wz 20-state 21-PR11 22-PR21 23-PR31 24-PR12 25-PR22 26-PR32 27-PR13 28-PR23 29-PR33 
245.082989 0.007351  0.096916  -0.000644  0.999798  -0.006832  -0.018913  0.019144  0.035529  0.999185  -0.006155  -0.999345  0.035653  -0.000551  0.001327  -0.000727  0.000000  0.000000  0.000000  2.000000  1.000000  0.000000  0.000000  0.000000  -0.000000  1.000000  0.000000  -1.000000  -0.000000  1.000000  0.000015  0.000411  -0.000015  1.000000  -0.000003  -0.000411  0.000003  1.000000  1.000000  0.000000  0.000000  0.000000  1.000000  0.000000  0.000000  0.000000  1.000000  0.640923  0.543829  0.541726  -0.532846  -0.192791  0.823958  0.552532  -0.816750  0.166213  0.000000  0.000000  
245.083993 0.007350  0.096917  -0.000645  0.999798  -0.006832  -0.018913  0.019144  0.035529  0.999185  -0.006155  -0.999345  0.035653  -0.000559  0.001350  -0.000737  0.000000  0.000000  0.000000  2.000000  1.000000  0.000000  0.000000  0.000000  -0.000000  1.000000  0.000000  -1.000000  -0.000000  1.000000  0.000015  0.000411  -0.000015  1.000000  -0.000003  -0.000411  0.000003  1.000000  1.000000  0.000000  0.000000  0.000000  1.000000  0.000000  0.000000  0.000000  1.000000  1.000000  0.000000  0.000000  0.000000  -0.000000  1.000000  0.000000  -1.000000  -0.000000  0.000000  0.000000  
245.084999 0.007350  0.096918  -0.000645  0.999798  -0.006832  -0.018913  0.019144  0.035529  0.999185  -0.006155  -0.999345  0.035653  -0.000515  0.001376  -0.000748  0.000000  0.000000  0.000000  2.000000  1.000000  0.000000  0.000000  0.000000  -0.000000  1.000000  0.000000  -1.000000  -0.000000  1.000000  0.000015  0.000411  -0.000015  1.000000  -0.000003  -0.000411  0.000003  1.000000  1.000000  0.000000  0.000000  0.000000  1.000000  0.000000  0.000000  0.000000  1.000000  1.000000  0.000000  0.000000  0.000000  -0.000000  1.000000  0.000000  -1.000000  -0.000000  0.000000  0.000000  
245.086244 0.007351  0.096921  -0.000647  0.999799  -0.006699  -0.018918  0.019144  0.035532  0.999185  -0.006021  -0.999346  0.035653  -0.000406  0.001401  -0.000793  0.000000  0.000000  0.000000  2.000000  1.000000  0.000000  0.000000  0.000000  -0.000000  1.000000  0.000000  -1.000000  -0.000000  1.000000  0.000148  0.000407  -0.000148  1.000000  -0.000003  -0.000407  0.000002  1.000000  1.000000  0.000000  0.000000  0.000000  1.000000  0.000000  0.000000  0.000000  1.000000  1.000000  0.000000  0.000000  0.000000  -0.000000  1.000000  0.000000  -1.000000  -0.000000  0.000000  0.000000  
245.087492 0.007352  0.096923  -0.000647  0.999799  -0.006567  -0.018922  0.019145  0.035656  0.999181  -0.005887  -0.999343  0.035774  -0.000281  0.001460  -0.000784  0.000000  0.000000  0.000000  2.000000  1.000000  0.000000  0.000000  0.000000  -0.000000  1.000000  0.000000  -1.000000  -0.000000  1.000000  0.000275  0.000196  -0.000275  1.000000  -0.000123  -0.000196  0.000123  1.000000  1.000000  0.000000  0.000000  0.000000  1.000000  0.000000  0.000000  0.000000  1.000000  1.000000  0.000000  0.000000  0.000000  -0.000000  1.000000  0.000000  -1.000000  -0.000000  0.000000  0.000000  
245.088741 0.007354  0.096924  -0.000649  0.999799  -0.006567  -0.018922  0.019145  0.035656  0.999181  -0.005887  -0.999343  0.035774  -0.000163  0.001462  -0.000818  0.000000  0.000000  0.000000  2.000000  1.000000  0.000000  0.000000  0.000000  -0.000000  1.000000  0.000000  -1.000000  -0.000000  1.000000  0.000275  0.000196  -0.000275  1.000000  -0.000123  -0.000196  0.000123  1.000000  1.000000  0.000000  0.000000  0.000000  1.000000  0.000000  0.000000  0.000000  1.000000  1.000000  0.000000  0.000000  0.000000  -0.000000  1.000000  0.000000  -1.000000  -0.000000  0.000000  0.000000  
245.089991 0.007356  0.096927  -0.000650  0.999799  -0.006569  -0.018921  0.019145  0.035777  0.999176  -0.005887  -0.999338  0.035896  0.000028  0.001521  -0.000842  0.000000  0.000000  0.000000  2.000000  1.000000  0.000000  0.000000  0.000000  -0.000000  1.000000  0.000000  -1.000000  -0.000000  1.000000  0.000275  0.000196  -0.000275  1.000000  -0.000244  -0.000196  0.000244  1.000000  1.000000  0.000000  0.000000  0.000000  1.000000  0.000000  0.000000  0.000000  1.000000  1.000000  0.000000  0.000000  0.000000  -0.000000  1.000000  0.000000  -1.000000  -0.000000  0.000000  0.000000  
245.091240 0.007358  0.096929  -0.000651  0.999800  -0.006436  -0.018926  0.019145  0.035780  0.999176  -0.005753  -0.999339  0.035896  0.000236  0.001532  -0.000844  0.000000  0.000000  0.000000  2.000000  1.000000  0.000000  0.000000  0.000000  -0.000000  1.000000  0.000000  -1.000000  -0.000000  1.000000  0.000409  0.000191  -0.000408  1.000000  -0.000244  -0.000191  0.000244  1.000000  1.000000  0.000000  0.000000  0.000000  1.000000  0.000000  0.000000  0.000000  1.000000  1.000000  0.000000  0.000000  0.000000  -0.000000  1.000000  0.000000  -1.000000  -0.000000  0.000000  0.000000  
245.092490 0.007361  0.096931  -0.000652  0.999800  -0.006438  -0.018925  0.019145  0.035901  0.999172  -0.005753  -0.999335  0.036017  0.000488  0.001569  -0.000857  0.000000  0.000000  0.000000  2.000000  1.000000  0.000000  0.000000  0.000000  -0.000000  1.000000  0.000000  -1.000000  -0.000000  1.000000  0.000409  0.000191  -0.000408  1.000000  -0.000365  -0.000191  0.000365  1.000000  1.000000  0.000000  0.000000  0.000000  1.000000  0.000000  0.000000  0.000000  1.000000  1.000000  0.000000  0.000000  0.000000  -0.000000  1.000000  0.000000  -1.000000  -0.000000  0.000000  0.000000  
245.093490 0.007363  0.096932  -0.000652  0.999801  -0.006307  -0.018929  0.019145  0.036025  0.999168  -0.005620  -0.999331  0.036138  0.000690  0.001561  -0.000816  0.000000  0.000000  0.000000  2.000000  1.000000  0.000000  0.000000  0.000000  -0.000000  1.000000  0.000000  -1.000000  -0.000000  1.000000  0.000542  0.000186  -0.000542  1.000000  -0.000486  -0.000187  0.000486  1.000000  1.000000  0.000000  0.000000  0.000000  1.000000  0.000000  0.000000  0.000000  1.000000  1.000000  0.000000  0.000000  0.000000  -0.000000  1.000000  0.000000  -1.000000  -0.000000  0.000000  0.000000  
245.094491 0.007365  0.096934  -0.000653  0.999798  -0.006180  -0.019140  0.019350  0.036026  0.999164  -0.005486  -0.999332  0.036138  0.000855  0.001547  -0.000807  0.000000  0.000000  0.000000  2.000000  1.000000  0.000000  0.000000  0.000000  -0.000000  1.000000  0.000000  -1.000000  -0.000000  1.000000  0.000676  0.000182  -0.000676  1.000000  -0.000486  -0.000182  0.000486  1.000000  1.000000  0.000000  0.000000  0.000000  1.000000  0.000000  0.000000  0.000000  1.000000  1.000000  0.000000  0.000000  0.000000  -0.000000  1.000000  0.000000  -1.000000  -0.000000  0.000000  0.000000  
245.095740 0.007368  0.096936  -0.000654  0.999798  -0.006049  -0.019144  0.019350  0.036150  0.999159  -0.005352  -0.999328  0.036259  0.001107  0.001585  -0.000821  0.000000  0.000000  0.000000  2.000000  1.000000  0.000000  0.000000  0.000000  -0.000000  1.000000  0.000000  -1.000000  -0.000000  1.000000  0.000795  -0.000235  -0.000795  1.000000  -0.000605  0.000234  0.000605  1.000000  1.000000  0.000000  0.000000  0.000000  1.000000  0.000000  0.000000  0.000000  1.000000  1.000000  0.000000  0.000000  0.000000  -0.000000  1.000000  0.000000  -1.000000  -0.000000  0.000000  0.000000  
245.096993 0.007371  0.096938  -0.000655  0.999799  -0.005918  -0.019148  0.019350  0.036273  0.999155  -0.005218  -0.999324  0.036381  0.001351  0.001566  -0.000878  0.000000  0.000000  0.000000  2.000000  1.000000  0.000000  0.000000  0.000000  -0.000000  1.000000  0.000000  -1.000000  -0.000000  1.000000  0.000928  -0.000240  -0.000929  0.999999  -0.000727  0.000239  0.000727  1.000000  1.000000  0.000000  0.000000  0.000000  1.000000  0.000000  0.000000  0.000000  1.000000  1.000000  0.000000  0.000000  0.000000  -0.000000  1.000000  0.000000  -1.000000  -0.000000  0.000000  0.000000  
245.098238 0.007374  0.096939  -0.000657  0.999800  -0.005786  -0.019152  0.019350  0.036397  0.999150  -0.005084  -0.999321  0.036502  0.001582  0.001583  -0.000880  0.000000  0.000000  0.000000  2.000000  1.000000  0.000000  0.000000  0.000000  -0.000000  1.000000  0.000000  -1.000000  -0.000000  0.999999  0.001062  -0.000245  -0.001062  0.999999  -0.000848  0.000244  0.000848  1.000000  1.000000  0.000000  0.000000  0.000000  1.000000  0.000000  0.000000  0.000000  1.000000  1.000000  0.000000  0.000000  0.000000  -0.000000  1.000000  0.000000  -1.000000  -0.000000  0.000000  0.000000  
245.099245 0.007376  0.096941  -0.000659  0.999801  -0.005655  -0.019156  0.019350  0.036521  0.999146  -0.004951  -0.999317  0.036623  0.001778  0.001549  -0.001002  0.000000  0.000000  0.000000  2.000000  1.000000  0.000000  0.000000  0.000000  -0.000000  1.000000  0.000000  -1.000000  -0.000000  0.999999  0.001062  -0.000245  -0.001062  0.999999  -0.000969  0.000244  0.000969  1.000000  1.000000  0.000000  0.000000  0.000000  1.000000  0.000000  0.000000  0.000000  1.000000  1.000000  0.000000  0.000000  0.000000  -0.000000  1.000000  0.000000  -1.000000  -0.000000  0.000000  0.000000  
245.100489 0.007380  0.096943  -0.000661  0.999801  -0.005524  -0.019161  0.019350  0.036645  0.999141  -0.004817  -0.999313  0.036744  0.001944  0.001536  -0.000994  0.000000  0.000000  0.000000  2.000000  1.000000  0.000000  0.000000  0.000000  -0.000000  1.000000  0.000000  -1.000000  -0.000000  0.999999  0.001196  -0.000250  -0.001196  0.999999  -0.001090  0.000249  0.001091  0.999999  1.000000  0.000000  0.000000  0.000000  1.000000  0.000000  0.000000  0.000000  1.000000  1.000000  0.000000  0.000000  0.000000  -0.000000  1.000000  0.000000  -1.000000  -0.000000  0.000000  0.000000  
245.101493 0.007383  0.096944  -0.000662  0.999801  -0.005526  -0.019160  0.019350  0.036766  0.999137  -0.004817  -0.999309  0.036866  0.002080  0.001517  -0.001012  0.000000  0.000000  0.000000  2.000000  1.000000  0.000000  0.000000  0.000000  -0.000000  1.000000  0.000000  -1.000000  -0.000000  0.999999  0.001329  -0.000255  -0.001330  0.999998  -0.001212  0.000253  0.001212  0.999999  1.000000  0.000000  0.000000  0.000000  1.000000  0.000000  0.000000  0.000000  1.000000  1.000000  0.000000  0.000000  0.000000  -0.000000  1.000000  0.000000  -1.000000  -0.000000  0.000000  0.000000  
245.102494 0.007385  0.096945  -0.000664  0.999802  -0.005397  -0.019164  0.019350  0.037011  0.999127  -0.004683  -0.999300  0.037108  0.002187  0.001517  -0.001051  0.000000  0.000000  0.000000  2.000000  1.000000  0.000000  0.000000  0.000000  -0.000000  1.000000  0.000000  -1.000000  -0.000000  0.999999  0.001463  -0.000260  -0.001464  0.999998  -0.001333  0.000258  0.001333  0.999999  1.000000  0.000000  0.000000  0.000000  1.000000  0.000000  0.000000  0.000000  1.000000  1.000000  0.000000  0.000000  0.000000  -0.000000  1.000000  0.000000  -1.000000  -0.000000  0.000000  0.000000  
245.103744 0.007388  0.096948  -0.000664  0.999802  -0.005266  -0.019168  0.019350  0.037135  0.999123  -0.004549  -0.999296  0.037229  0.002329  0.001528  -0.001019  0.000000  0.000000  0.000000  2.000000  1.000000  0.000000  0.000000  0.000000  -0.000000  1.000000  0.000000  -1.000000  -0.000000  0.999999  0.001597  -0.000265  -0.001597  0.999997  -0.001576  0.000263  0.001576  0.999999  1.000000  0.000000  0.000000  0.000000  1.000000  0.000000  0.000000  0.000000  1.000000  1.000000  0.000000  0.000000  0.000000  -0.000000  1.000000  0.000000  -1.000000  -0.000000  0.000000  0.000000  
245.104998 0.007392  0.096949  -0.000665  0.999804  -0.005003  -0.019177  0.019350  0.037382  0.999114  -0.004282  -0.999289  0.037472  0.002405  0.001461  -0.000993  0.000000  0.000000  0.000000  2.000000  1.000000  0.000000  0.000000  0.000000  -0.000000  1.000000  0.000000  -1.000000  -0.000000  0.999998  0.001730  -0.000271  -0.001731  0.999997  -0.001697  0.000268  0.001697  0.999999  1.000000  0.000000  0.000000  0.000000  1.000000  0.000000  0.000000  0.000000  1.000000  1.000000  0.000000  0.000000  0.000000  -0.000000  1.000000  0.000000  -1.000000  -0.000000  0.000000  0.000000  
245.106244 0.007395  0.096951  -0.000666  0.999804  -0.004871  -0.019181  0.019351  0.037506  0.999109  -0.004148  -0.999285  0.037593  0.002437  0.001412  -0.000999  0.000000  0.000000  0.000000  2.000000  1.000000  0.000000  0.000000  0.000000  -0.000000  1.000000  0.000000  -1.000000  -0.000000  0.999998  0.001730  -0.000271  -0.001731  0.999997  -0.001939  0.000268  0.001940  0.999998  1.000000  0.000000  0.000000  0.000000  1.000000  0.000000  0.000000  0.000000  1.000000  1.000000  0.000000  0.000000  0.000000  -0.000000  1.000000  0.000000  -1.000000  -0.000000  0.000000  0.000000  
245.107495 0.007397  0.096951  -0.000667  0.999805  -0.004742  -0.019185  0.019351  0.037751  0.999100  -0.004014  -0.999276  0.037835  0.002394  0.001307  -0.001020  0.000000  0.000000  0.000000  2.000000  1.000000  0.000000  0.000000  0.000000  -0.000000  1.000000  0.000000  -1.000000  -0.000000  0.999998  0.001730  -0.000272  -0.001731  0.999996  -0.002061  0.000268  0.002061  0.999998  1.000000  0.000000  0.000000  0.000000  1.000000  0.000000  0.000000  0.000000  1.000000  1.000000  0.000000  0.000000  0.000000  -0.000000  1.000000  0.000000  -1.000000  -0.000000  0.000000  0.000000  
245.108742 0.007399  0.096951  -0.000668  0.999805  -0.004613  -0.019189  0.019351  0.037996  0.999091  -0.003880  -0.999267  0.038078  0.002351  0.001201  -0.001041  0.000000  0.000000  0.000000  2.000000  1.000000  0.000000  0.000000  0.000000  -0.000000  1.000000  0.000000  -1.000000  -0.000000  0.999998  0.001864  -0.000277  -0.001865  0.999996  -0.002182  0.000273  0.002183  0.999998  1.000000  0.000000  0.000000  0.000000  1.000000  0.000000  0.000000  0.000000  1.000000  1.000000  0.000000  0.000000  0.000000  -0.000000  1.000000  0.000000  -1.000000  -0.000000  0.000000  0.000000  
245.109991 0.007402  0.096951  -0.000669  0.999806  -0.004484  -0.019193  0.019351  0.038241  0.999081  -0.003746  -0.999258  0.038320  0.002361  0.001099  -0.001063  0.000000  0.000000  0.000000  2.000000  1.000000  0.000000  0.000000  0.000000  -0.000000  1.000000  0.000000  -1.000000  -0.000000  0.999998  0.002131  -0.000287  -0.002132  0.999995  -0.002303  0.000283  0.002304  0.999997  1.000000  0.000000  0.000000  0.000000  1.000000  0.000000  0.000000  0.000000  1.000000  1.000000  0.000000  0.000000  0.000000  -0.000000  1.000000  0.000000  -1.000000  -0.000000  0.000000  0.000000  
245.111240 0.007404  0.096951  -0.000671  0.999806  -0.004353  -0.019198  0.019351  0.038365  0.999076  -0.003613  -0.999254  0.038441  0.002279  0.000977  -0.001067  0.000000  0.000000  0.000000  2.000000  1.000000  0.000000  0.000000  0.000000  -0.000000  1.000000  0.000000  -1.000000  -0.000000  0.999998  0.002131  -0.000288  -0.002132  0.999994  -0.002546  0.000283  0.002547  0.999997  1.000000  0.000000  0.000000  0.000000  1.000000  0.000000  0.000000  0.000000  1.000000  1.000000  0.000000  0.000000  0.000000  -0.000000  1.000000  0.000000  -1.000000  -0.000000  0.000000  0.000000  
245.112241 0.007405  0.096951  -0.000671  0.999807  -0.004224  -0.019202  0.019351  0.038610  0.999067  -0.003479  -0.999245  0.038684  0.002224  0.000877  -0.001056  0.000000  0.000000  0.000000  2.000000  1.000000  0.000000  0.000000  0.000000  -0.000000  1.000000  0.000000  -1.000000  -0.000000  0.999997  0.002265  -0.000293  -0.002266  0.999994  -0.002546  0.000288  0.002547  0.999997  1.000000  0.000000  0.000000  0.000000  1.000000  0.000000  0.000000  0.000000  1.000000  1.000000  0.000000  0.000000  0.000000  -0.000000  1.000000  0.000000  -1.000000  -0.000000  0.000000  0.000000  
245.113491 0.007407  0.096951  -0.000673  0.999807  -0.004095  -0.019206  0.019351  0.038855  0.999057  -0.003345  -0.999236  0.038926  0.002189  0.000775  -0.000987  0.000000  0.000000  0.000000  2.000000  1.000000  0.000000  0.000000  0.000000  -0.000000  1.000000  0.000000  -1.000000  -0.000000  0.999997  0.002265  -0.000294  -0.002266  0.999994  -0.002667  0.000288  0.002668  0.999996  1.000000  0.000000  0.000000  0.000000  1.000000  0.000000  0.000000  0.000000  1.000000  1.000000  0.000000  0.000000  0.000000  -0.000000  1.000000  0.000000  -1.000000  -0.000000  0.000000  0.000000  
245.114498 0.007409  0.096951  -0.000674  0.999808  -0.003964  -0.019211  0.019351  0.038978  0.999053  -0.003211  -0.999232  0.039048  0.002107  0.000618  -0.000984  0.000000  0.000000  0.000000  2.000000  1.000000  0.000000  0.000000  0.000000  -0.000000  1.000000  0.000000  -1.000000  -0.000000  0.999997  0.002265  -0.000295  -0.002266  0.999993  -0.002910  0.000288  0.002911  0.999996  1.000000  0.000000  0.000000  0.000000  1.000000  0.000000  0.000000  0.000000  1.000000  1.000000  0.000000  0.000000  0.000000  -0.000000  1.000000  0.000000  -1.000000  -0.000000  0.000000  0.000000  
245.115742 0.007411  0.096950  -0.000676  0.999808  -0.003835  -0.019215  0.019351  0.039223  0.999043  -0.003077  -0.999223  0.039290  0.002030  0.000505  -0.000989  0.000000  0.000000  0.000000  2.000000  1.000000  0.000000  0.000000  0.000000  -0.000000  1.000000  0.000000  -1.000000  -0.000000  0.999997  0.002407  -0.000095  -0.002407  0.999993  -0.003032  0.000087  0.003033  0.999995  1.000000  0.000000  0.000000  0.000000  1.000000  0.000000  0.000000  0.000000  1.000000  1.000000  0.000000  0.000000  0.000000  -0.000000  1.000000  0.000000  -1.000000  -0.000000  0.000000  0.000000  
245.116745 0.007413  0.096951  -0.000676  0.999808  -0.003706  -0.019219  0.019351  0.039468  0.999033  -0.002944  -0.999214  0.039532  0.001942  0.000412  -0.000961  0.000000  0.000000  0.000000  2.000000  1.000000  0.000000  0.000000  0.000000  -0.000000  1.000000  0.000000  -1.000000  -0.000000  0.999997  0.002273  -0.000090  -0.002273  0.999992  -0.003154  0.000083  0.003154  0.999995  1.000000  0.000000  0.000000  0.000000  1.000000  0.000000  0.000000  0.000000  1.000000  1.000000  0.000000  0.000000  0.000000  -0.000000  1.000000  0.000000  -1.000000  -0.000000  0.000000  0.000000  
245.118027 0.007414  0.096951  -0.000678  0.999808  -0.003710  -0.019218  0.019351  0.039711  0.999024  -0.002944  -0.999204  0.039775  0.001837  0.000283  -0.000936  0.000000  0.000000  0.000000  2.000000  1.000000  0.000000  0.000000  0.000000  -0.000000  1.000000  0.000000  -1.000000  -0.000000  0.999997  0.002273  -0.000090  -0.002273  0.999992  -0.003275  0.000083  0.003275  0.999995  1.000000  0.000000  0.000000  0.000000  1.000000  0.000000  0.000000  0.000000  1.000000  1.000000  0.000000  0.000000  0.000000  -0.000000  1.000000  0.000000  -1.000000  -0.000000  0.000000  0.000000  
245.119244 0.007416  0.096951  -0.000679  0.999809  -0.003581  -0.019223  0.019351  0.039956  0.999014  -0.002810  -0.999195  0.040017  0.001708  0.000169  -0.000991  0.000000  0.000000  0.000000  2.000000  1.000000  0.000000  0.000000  0.000000  -0.000000  1.000000  0.000000  -1.000000  -0.000000  0.999997  0.002273  -0.000091  -0.002273  0.999992  -0.003396  0.000083  0.003396  0.999994  1.000000  0.000000  0.000000  0.000000  1.000000  0.000000  0.000000  0.000000  1.000000  1.000000  0.000000  0.000000  0.000000  -0.000000  1.000000  0.000000  -1.000000  -0.000000  0.000000  0.000000  
245.120498 0.007417  0.096951  -0.000680  0.999809  -0.003455  -0.019227  0.019351  0.040322  0.998999  -0.002676  -0.999181  0.040381  0.001575  0.000054  -0.001044  0.000000  0.000000  0.000000  2.000000  1.000000  0.000000  0.000000  0.000000  -0.000000  1.000000  0.000000  -1.000000  -0.000000  0.999998  0.002139  -0.000086  -0.002139  0.999992  -0.003518  0.000079  0.003518  0.999994  1.000000  0.000000  0.000000  0.000000  1.000000  0.000000  0.000000  0.000000  1.000000  1.000000  0.000000  0.000000  0.000000  -0.000000  1.000000  0.000000  -1.000000  -0.000000  0.000000  0.000000  
245.121741 0.007418  0.096950  -0.000682  0.999809  -0.003459  -0.019226  0.019351  0.040564  0.998990  -0.002676  -0.999171  0.040623  0.001472  -0.000031  -0.001076  0.000000  0.000000  0.000000  2.000000  1.000000  0.000000  0.000000  0.000000  -0.000000  1.000000  0.000000  -1.000000  -0.000000  0.999998  0.002139  -0.000087  -0.002139  0.999991  -0.003760  0.000079  0.003760  0.999993  1.000000  0.000000  0.000000  0.000000  1.000000  0.000000  0.000000  0.000000  1.000000  1.000000  0.000000  0.000000  0.000000  -0.000000  1.000000  0.000000  -1.000000  -0.000000  0.000000  0.000000  
245.122741 0.007419  0.096950  -0.000683  0.999810  -0.003330  -0.019231  0.019351  0.040809  0.998980  -0.002542  -0.999161  0.040866  0.001376  -0.000060  -0.001064  0.000000  0.000000  0.000000  2.000000  1.000000  0.000000  0.000000  0.000000  -0.000000  1.000000  0.000000  -1.000000  -0.000000  0.999998  0.002139  -0.000087  -0.002139  0.999990  -0.003881  0.000079  0.003882  0.999992  1.000000  0.000000  0.000000  0.000000  1.000000  0.000000  0.000000  0.000000  1.000000  1.000000  0.000000  0.000000  0.000000  -0.000000  1.000000  0.000000  -1.000000  -0.000000  0.000000  0.000000  
245.123745 0.007419  0.096950  -0.000684  0.999810  -0.003201  -0.019235  0.019351  0.041054  0.998970  -0.002408  -0.999152  0.041108  0.001294  -0.000093  -0.001085  -0.167109  0.011082  0.107572  2.000000  1.000000  0.000000  0.000000  0.000000  -0.000000  1.000000  0.000000  -1.000000  -0.000000  0.999998  0.002139  -0.000088  -0.002139  0.999990  -0.004003  0.000079  0.004003  0.999992  1.000000  0.000000  0.000000  0.000000  1.000000  0.000000  0.000000  0.000000  1.000000  1.000000  0.000000  0.000000  0.000000  -0.000000  1.000000  0.000000  -1.000000  -0.000000  0.000050  0.000000  
245.124991 0.007419  0.096949  -0.000685  0.999810  -0.003208  -0.019234  0.019351  0.041417  0.998955  -0.002408  -0.999137  0.041472  0.001157  -0.000172  -0.001066  -0.175315  0.004020  0.103360  2.000000  1.000000  0.000000  0.000000  0.000000  -0.000000  1.000000  0.000000  -1.000000  -0.000000  0.999998  0.002005  -0.000083  -0.002006  0.999990  -0.004003  0.000075  0.004003  0.999992  1.000000  0.000000  0.000000  0.000000  1.000000  0.000000  0.000000  0.000000  1.000000  1.000000  0.000000  0.000000  0.000000  -0.000000  1.000000  0.000000  -1.000000  -0.000000  0.000050  0.000000  
245.125992 0.007419  0.096949  -0.000686  0.999810  -0.003079  -0.019239  0.019351  0.041662  0.998944  -0.002275  -0.999127  0.041714  0.001045  -0.000173  -0.001017  -0.179390  0.004039  0.103358  2.000000  1.000000  0.000000  0.000000  0.000000  -0.000000  1.000000  0.000000  -1.000000  -0.000000  0.999998  0.001872  -0.000078  -0.001872  0.999989  -0.004245  0.000070  0.004245  0.999991  1.000000  0.000000  0.000000  0.000000  1.000000  0.000000  0.000000  0.000000  1.000000  1.000000  0.000000  0.000000  0.000000  -0.000000  1.000000  0.000000  -1.000000  -0.000000  0.000052  0.000000  
245.127241 0.007420  0.096948  -0.000686  0.999810  -0.003086  -0.019238  0.019351  0.042026  0.998929  -0.002275  -0.999112  0.042078  0.000950  -0.000202  -0.001005  -0.187557  0.003888  0.098870  2.000000  1.000000  0.000000  0.000000  0.000000  -0.000000  1.000000  0.000000  -1.000000  -0.000000  0.999998  0.001872  -0.000079  -0.001872  0.999989  -0.004245  0.000071  0.004245  0.999991  1.000000  0.000000  0.000000  0.000000  1.000000  0.000000  0.000000  0.000000  1.000000  1.000000  0.000000  0.000000  0.000000  -0.000000  1.000000  0.000000  -1.000000  -0.000000  0.000053  0.000000  
245.128490 0.007420  0.096948  -0.000687  0.999814  -0.003085  -0.019031  0.019145  0.042390  0.998918  -0.002275  -0.999096  0.042441  0.000856  -0.000195  -0.000923  -0.195880  -0.003183  0.094718  2.000000  1.000000  0.000000  0.000000  0.000000  -0.000000  1.000000  0.000000  -1.000000  -0.000000  0.999998  0.001747  0.000132  -0.001746  0.999989  -0.004367  -0.000140  0.004367  0.999990  1.000000  0.000000  0.000000  0.000000  1.000000  0.000000  0.000000  0.000000  1.000000  1.000000  0.000000  0.000000  0.000000  -0.000000  1.000000  0.000000  -1.000000  -0.000000  0.000054  0.000000  
245.129740 0.007420  0.096948  -0.000687  0.999814  -0.002958  -0.019036  0.019145  0.042756  0.998902  -0.002141  -0.999081  0.042805  0.000725  -0.000194  -0.000839  -0.202220  -0.003132  0.093874  2.000000  1.000000  0.000000  0.000000  0.000000  -0.000000  1.000000  0.000000  -1.000000  -0.000000  0.999998  0.001747  0.000131  -0.001746  0.999988  -0.004489  -0.000139  0.004488  0.999990  1.000000  0.000000  0.000000  0.000000  1.000000  0.000000  0.000000  0.000000  1.000000  1.000000  0.000000  0.000000  0.000000  -0.000000  1.000000  0.000000  -1.000000  -0.000000  0.000056  0.000000  
245.130741 0.007420  0.096948  -0.000687  0.999814  -0.002963  -0.019035  0.019145  0.042998  0.998892  -0.002141  -0.999071  0.043047  0.000626  -0.000164  -0.000770  -0.206255  -0.003293  0.089414  2.000000  1.000000  0.000000  0.000000  0.000000  -0.000000  1.000000  0.000000  -1.000000  -0.000000  0.999999  0.001613  0.000137  -0.001612  0.999988  -0.004610  -0.000144  0.004610  0.999989  1.000000  0.000000  0.000000  0.000000  1.000000  0.000000  0.000000  0.000000  1.000000  1.000000  0.000000  0.000000  0.000000  -0.000000  1.000000  0.000000  -1.000000  -0.000000  0.000056  0.000000  
245.131996 0.007420  0.096948  -0.000688  0.999815  -0.002836  -0.019040  0.019145  0.043364  0.998876  -0.002007  -0.999055  0.043411  0.000489  -0.000198  -0.000770  -0.216073  -0.003298  0.090137  2.000000  1.000000  0.000000  0.000000  0.000000  -0.000000  1.000000  0.000000  -1.000000  -0.000000  0.999999  0.001613  0.000136  -0.001612  0.999987  -0.004853  -0.000144  0.004852  0.999988  1.000000  0.000000  0.000000  0.000000  1.000000  0.000000  0.000000  0.000000  1.000000  1.000000  0.000000  0.000000  0.000000  -0.000000  1.000000  0.000000  -1.000000  -0.000000  0.000057  0.000000  
245.133001 0.007421  0.096949  -0.000689  0.999815  -0.002843  -0.019039  0.019145  0.043728  0.998860  -0.002007  -0.999039  0.043774  0.000422  -0.000175  -0.000769  -0.224216  -0.003458  0.085641  2.000000  1.000000  0.000000  0.000000  0.000000  -0.000000  1.000000  0.000000  -1.000000  -0.000000  0.999999  0.001479  0.000141  -0.001479  0.999987  -0.004974  -0.000149  0.004974  0.999988  1.000000  0.000000  0.000000  0.000000  1.000000  0.000000  0.000000  0.000000  1.000000  1.000000  0.000000  0.000000  0.000000  -0.000000  1.000000  0.000000  -1.000000  -0.000000  0.000059  0.000000  
245.134245 0.007421  0.096949  -0.000690  0.999819  -0.002841  -0.018832  0.018939  0.044092  0.998848  -0.002007  -0.999023  0.044138  0.000341  -0.000150  -0.000725  -0.228367  -0.010530  0.081450  2.000000  1.000000  0.000069  0.000010  -0.000010  0.000256  1.000000  0.000069  -1.000000  0.000256  0.999999  0.001355  0.000352  -0.001353  0.999986  -0.005096  -0.000359  0.005095  0.999987  1.000000  0.000017  0.000004  -0.000017  1.000000  -0.000064  -0.000004  0.000064  1.000000  1.000000  0.000069  0.000010  -0.000010  0.000256  1.000000  0.000069  -1.000000  0.000256  0.000060  0.005284  
245.135246 0.007420  0.096949  -0.000691  0.999819  -0.002845  -0.018831  0.018939  0.044334  0.998837  -0.002007  -0.999013  0.044380  0.000228  -0.000133  -0.000735  -0.232405  -0.010698  0.076946  2.000000  1.000000  0.000130  0.000028  -0.000028  0.000519  1.000000  0.000130  -1.000000  0.000519  0.999999  0.001221  0.000358  -0.001219  0.999985  -0.005338  -0.000364  0.005338  0.999986  1.000000  0.000015  0.000005  -0.000015  1.000000  -0.000067  -0.000005  0.000067  1.000000  1.000000  0.000130  0.000028  -0.000028  0.000519  1.000000  0.000130  -1.000000  0.000519  0.000061  0.005488  
245.136496 0.007420  0.096950  -0.000692  0.999819  -0.002854  -0.018830  0.018939  0.044819  0.998816  -0.002007  -0.998991  0.044865  0.000162  -0.000053  -0.000668  -0.240552  -0.010855  0.072455  2.000000  1.000000  0.000200  0.000051  -0.000051  0.000849  1.000000  0.000200  -1.000000  0.000849  0.999999  0.001088  0.000363  -0.001086  0.999985  -0.005338  -0.000369  0.005338  0.999986  1.000000  0.000014  0.000005  -0.000014  1.000000  -0.000067  -0.000005  0.000067  1.000000  1.000000  0.000200  0.000051  -0.000051  0.000849  1.000000  0.000200  -1.000000  0.000849  0.000062  0.005460  
245.137744 0.007420  0.096949  -0.000693  0.999823  -0.002718  -0.018629  0.018733  0.045185  0.998803  -0.001873  -0.998975  0.045228  0.000101  -0.000033  -0.000679  -0.244694  -0.017749  0.072761  2.000000  1.000000  0.000268  0.000076  -0.000077  0.001190  0.999999  0.000268  -0.999999  0.001190  0.999999  0.001097  0.000569  -0.001094  0.999984  -0.005460  -0.000575  0.005460  0.999985  1.000000  0.000014  0.000007  -0.000014  1.000000  -0.000068  -0.000007  0.000068  1.000000  1.000000  0.000268  0.000076  -0.000077  0.001190  0.999999  0.000268  -0.999999  0.001190  0.000063  0.005598  
245.138992 0.007420  0.096950  -0.000693  0.999823  -0.002725  -0.018628  0.018733  0.045549  0.998786  -0.001873  -0.998958  0.045592  0.000056  0.000020  -0.000625  -0.248770  -0.017916  0.068272  2.000000  1.000000  0.000323  0.000105  -0.000105  0.001473  0.999999  0.000322  -0.999999  0.001473  0.999999  0.001097  0.000568  -0.001094  0.999983  -0.005703  -0.000574  0.005702  0.999984  1.000000  0.000014  0.000007  -0.000014  1.000000  -0.000071  -0.000007  0.000071  1.000000  1.000000  0.000323  0.000105  -0.000105  0.001473  0.999999  0.000322  -0.999999  0.001473  0.000065  0.005835  
245.140245 0.007420  0.096950  -0.000694  0.999823  -0.002734  -0.018627  0.018733  0.046033  0.998764  -0.001873  -0.998936  0.046076  0.000043  0.000104  -0.000570  -0.260957  -0.018082  0.063774  2.000000  1.000000  0.000384  0.000141  -0.000141  0.001832  0.999998  0.000384  -0.999998  0.001832  0.999999  0.000964  0.000574  -0.000961  0.999983  -0.005824  -0.000580  0.005823  0.999983  1.000000  0.000012  0.000007  -0.000012  1.000000  -0.000073  -0.000007  0.000073  1.000000  1.000000  0.000384  0.000141  -0.000141  0.001832  0.999998  0.000384  -0.999998  0.001832  0.000066  0.005931  
245.141491 0.007420  0.096951  -0.000694  0.999827  -0.002731  -0.018420  0.018527  0.046397  0.998751  -0.001873  -0.998919  0.046440  0.000012  0.000151  -0.000549  -0.265099  -0.025362  0.055098  2.000000  1.000000  0.000440  0.000184  -0.000185  0.002199  0.999998  0.000440  -0.999997  0.002199  0.999999  0.000840  0.000785  -0.000835  0.999983  -0.005824  -0.000790  0.005824  0.999983  1.000000  0.000010  0.000010  -0.000010  1.000000  -0.000073  -0.000010  0.000073  1.000000  1.000000  0.000440  0.000184  -0.000185  0.002199  0.999998  0.000440  -0.999997  0.002199  0.000068  0.005937  
245.142494 0.007420  0.096951  -0.000694  0.999827  -0.002738  -0.018419  0.018527  0.046761  0.998734  -0.001873  -0.998902  0.046803  -0.000032  0.000207  -0.000513  -0.269135  -0.025534  0.050605  2.000000  1.000000  0.000480  0.000224  -0.000225  0.002496  0.999997  0.000480  -0.999997  0.002496  0.999999  0.000707  0.000791  -0.000702  0.999982  -0.005946  -0.000796  0.005945  0.999982  1.000000  0.000009  0.000010  -0.000009  1.000000  -0.000074  -0.000010  0.000074  1.000000  1.000000  0.000480  0.000224  -0.000225  0.002496  0.999997  0.000480  -0.999997  0.002496  0.000069  0.006039  
245.143495 0.007420  0.096951  -0.000695  0.999831  -0.002599  -0.018219  0.018321  0.047006  0.998727  -0.001739  -0.998891  0.047046  -0.000019  0.000204  -0.000546  -0.273211  -0.032436  0.050905  2.000000  1.000000  0.000516  0.000266  -0.000267  0.002798  0.999996  0.000515  -0.999996  0.002798  0.999999  0.000717  0.000997  -0.000711  0.999981  -0.006067  -0.001001  0.006067  0.999981  1.000000  0.000009  0.000012  -0.000009  1.000000  -0.000076  -0.000012  0.000076  1.000000  1.000000  0.000516  0.000266  -0.000267  0.002798  0.999996  0.000515  -0.999996  0.002798  0.000070  0.006190  
245.144740 0.007420  0.096951  -0.000696  0.999831  -0.002608  -0.018218  0.018321  0.047491  0.998704  -0.001739  -0.998868  0.047530  -0.000027  0.000223  -0.000548  -0.281440  -0.032426  0.050930  2.000000  1.000000  0.000562  0.000328  -0.000330  0.003180  0.999995  0.000561  -0.999995  0.003180  0.999999  0.000717  0.000996  -0.000711  0.999981  -0.006189  -0.001001  0.006188  0.999980  1.000000  0.000009  0.000012  -0.000009  1.000000  -0.000077  -0.000012  0.000077  1.000000  1.000000  0.000562  0.000328  -0.000330  0.003180  0.999995  0.000561  -0.999995  0.003180  0.000071  0.006309  
245.145744 0.007420  0.096951  -0.000696  0.999834  -0.002603  -0.018012  0.018116  0.047734  0.998696  -0.001739  -0.998857  0.047773  -0.000013  0.000223  -0.000590  -0.281447  -0.039523  0.046745  2.000000  1.000000  0.000598  0.000380  -0.000382  0.003491  0.999994  0.000597  -0.999994  0.003491  0.999999  0.000727  0.001202  -0.000720  0.999980  -0.006310  -0.001206  0.006310  0.999979  1.000000  0.000009  0.000015  -0.000009  1.000000  -0.000079  -0.000015  0.000079  1.000000  1.000000  0.000598  0.000380  -0.000382  0.003491  0.999994  0.000597  -0.999994  0.003491  0.000073  0.006464  
245.146990 0.007421  0.096952  -0.000696  0.999834  -0.002611  -0.018011  0.018116  0.048218  0.998673  -0.001739  -0.998833  0.048257  0.000046  0.000278  -0.000538  -0.291247  -0.039378  0.041914  2.000000  1.000000  0.000631  0.000440  -0.000443  0.003805  0.999993  0.000629  -0.999993  0.003805  0.999999  0.000594  0.001208  -0.000586  0.999980  -0.006310  -0.001212  0.006310  0.999979  1.000000  0.000007  0.000015  -0.000007  1.000000  -0.000079  -0.000015  0.000079  1.000000  1.000000  0.000631  0.000440  -0.000443  0.003805  0.999993  0.000629  -0.999993  0.003805  0.000073  0.006452  
245.147993 0.007421  0.096953  -0.000697  0.999838  -0.002608  -0.017804  0.017910  0.048582  0.998659  -0.001739  -0.998816  0.048621  0.000046  0.000278  -0.000538  -0.295608  -0.046269  0.042272  2.000000  1.000000  0.000661  0.000503  -0.000506  0.004125  0.999991  0.000659  -0.999991  0.004126  0.999999  0.000604  0.001413  -0.000595  0.999979  -0.006432  -0.001417  0.006431  0.999978  1.000000  0.000007  0.000018  -0.000007  1.000000  -0.000080  -0.000018  0.000080  1.000000  1.000000  0.000661  0.000503  -0.000506  0.004125  0.999991  0.000659  -0.999991  0.004126  0.000075  0.006613  
245.149030 0.007422  0.096953  -0.000697  0.999838  -0.002612  -0.017803  0.017910  0.048824  0.998647  -0.001739  -0.998804  0.048863  0.000085  0.000288  -0.000514  -0.297387  -0.046737  0.038051  2.000000  1.000000  0.000690  0.000563  -0.000567  0.004450  0.999990  0.000688  -0.999990  0.004450  0.999999  0.000595  0.001208  -0.000587  0.999978  -0.006553  -0.001211  0.006552  0.999978  1.000000  0.000007  0.000015  -0.000007  1.000000  -0.000082  -0.000015  0.000082  1.000000  1.000000  0.000690  0.000563  -0.000567  0.004450  0.999990  0.000688  -0.999990  0.004450  0.000077  0.006689  
245.150246 0.007423  0.096953  -0.000698  0.999842  -0.002611  -0.017597  0.017704  0.049309  0.998627  -0.001739  -0.998780  0.049348  0.000161  0.000302  -0.000450  -0.301857  -0.053896  0.033937  2.000000  1.000000  0.000715  0.000629  -0.000633  0.004780  0.999988  0.000712  -0.999988  0.004781  0.999999  0.000472  0.001420  -0.000462  0.999978  -0.006674  -0.001423  0.006674  0.999977  1.000000  0.000006  0.000018  -0.000006  1.000000  -0.000083  -0.000018  0.000083  1.000000  1.000000  0.000715  0.000629  -0.000633  0.004780  0.999988  0.000712  -0.999988  0.004781  0.000077  0.006840  
245.151495 0.007423  0.096953  -0.000699  0.999846  -0.002475  -0.017396  0.017498  0.049797  0.998606  -0.001606  -0.998756  0.049832  0.000189  0.000248  -0.000454  -0.309955  -0.060580  0.038754  2.000000  0.999999  0.000750  0.000717  -0.000721  0.005196  0.999986  0.000746  -0.999986  0.005197  0.999999  0.000606  0.001413  -0.000597  0.999978  -0.006674  -0.001417  0.006674  0.999977  1.000000  0.000008  0.000018  -0.000008  1.000000  -0.000083  -0.000018  0.000083  1.000000  0.999999  0.000750  0.000717  -0.000721  0.005196  0.999986  0.000746  -0.999986  0.005197  0.000079  0.006849  
245.152747 0.007424  0.096954  -0.000700  0.999846  -0.002482  -0.017396  0.017498  0.050160  0.998588  -0.001606  -0.998738  0.050196  0.000288  0.000266  -0.000438  -0.309974  -0.060776  0.034286  2.000000  0.999999  0.000782  0.000819  -0.000823  0.005616  0.999984  0.000777  -0.999984  0.005617  0.999999  0.000484  0.001625  -0.000473  0.999977  -0.006796  -0.001628  0.006795  0.999976  1.000000  0.000006  0.000020  -0.000006  1.000000  -0.000085  -0.000020  0.000085  1.000000  0.999999  0.000782  0.000819  -0.000823  0.005616  0.999984  0.000777  -0.999984  0.005617  0.000080  0.007004  
245.153995 0.007425  0.096954  -0.000700  0.999849  -0.002480  -0.017189  0.017292  0.050645  0.998567  -0.001606  -0.998714  0.050680  0.000340  0.000284  -0.000474  -0.315714  -0.067365  0.029905  2.000000  0.999999  0.000812  0.000928  -0.000933  0.006038  0.999981  0.000807  -0.999981  0.006039  0.999998  0.000495  0.001830  -0.000482  0.999977  -0.006796  -0.001833  0.006795  0.999975  1.000000  0.000006  0.000023  -0.000006  1.000000  -0.000085  -0.000023  0.000085  1.000000  0.999999  0.000812  0.000928  -0.000933  0.006038  0.999981  0.000807  -0.999981  0.006039  0.000081  0.007055  
245.155246 0.007426  0.096954  -0.000701  0.999853  -0.002475  -0.016982  0.017086  0.051009  0.998552  -0.001606  -0.998695  0.051044  0.000422  0.000237  -0.000486  -0.318356  -0.074831  0.030499  2.000000  0.999999  0.000837  0.001014  -0.001019  0.006381  0.999979  0.000830  -0.999979  0.006381  0.999999  0.000485  0.001624  -0.000474  0.999976  -0.006917  -0.001628  0.006916  0.999975  1.000000  0.000006  0.000020  -0.000006  1.000000  -0.000086  -0.000020  0.000086  1.000000  0.999999  0.000837  0.001014  -0.001019  0.006381  0.999979  0.000830  -0.999979  0.006381  0.000083  0.007122  
245.156495 0.007427  0.096954  -0.000703  0.999853  -0.002484  -0.016981  0.017086  0.051493  0.998527  -0.001606  -0.998670  0.051528  0.000472  0.000203  -0.000574  -0.323792  -0.074406  0.025814  2.000000  0.999999  0.000868  0.001128  -0.001134  0.006811  0.999976  0.000860  -0.999976  0.006812  0.999998  0.000496  0.001830  -0.000483  0.999976  -0.006918  -0.001833  0.006917  0.999974  1.000000  0.000006  0.000023  -0.000006  1.000000  -0.000086  -0.000023  0.000086  1.000000  0.999999  0.000868  0.001128  -0.001134  0.006811  0.999976  0.000860  -0.999976  0.006812  0.000082  0.007172  
245.157741 0.007428  0.096953  -0.000704  0.999856  -0.002479  -0.016775  0.016881  0.051857  0.998512  -0.001606  -0.998651  0.051892  0.000530  0.000146  -0.000651  -0.322232  -0.074973  0.026047  2.000000  0.999999  0.000900  0.001250  -0.001256  0.007245  0.999973  0.000890  -0.999973  0.007246  0.999998  0.000508  0.002035  -0.000493  0.999975  -0.007039  -0.002039  0.007038  0.999973  1.000000  0.000006  0.000025  -0.000006  1.000000  -0.000088  -0.000025  0.000088  1.000000  0.999999  0.000900  0.001250  -0.001256  0.007245  0.999973  0.000890  -0.999973  0.007246  0.000084  0.007345  
245.158992 0.007428  0.096953  -0.000706  0.999860  -0.002477  -0.016568  0.016675  0.052342  0.998490  -0.001606  -0.998626  0.052376  0.000593  0.000109  -0.000772  -0.327678  -0.081414  0.021730  2.000000  0.999999  0.000923  0.001372  -0.001379  0.007680  0.999970  0.000912  -0.999970  0.007682  0.999998  0.000375  0.002042  -0.000361  0.999976  -0.006918  -0.002044  0.006917  0.999974  1.000000  0.000005  0.000026  -0.000005  1.000000  -0.000086  -0.000026  0.000086  1.000000  0.999999  0.000923  0.001372  -0.001379  0.007680  0.999970  0.000912  -0.999970  0.007682  0.000085  0.007222  
