1-Time 2-Px 3-Py 4-Pz 5-R11 6-R21 7-R31 8-R12 9-R22 10-R32 11-R13 12-R23 13-R33 14-Vx 15-Vy 16-Vz 17-Wx 18-Wy 19-Wz 20-state
25.737614 -0.003971  -0.010894  0.014546  0.633717  0.760145  0.143465  -0.771903  0.633537  0.052888  -0.050688  -0.144257  0.988241  0.000167  0.000466  0.000821  0.000000  0.000000  0.000000  1.000000  
25.738722 -0.003971  -0.010894  0.014547  0.633717  0.760145  0.143465  -0.771903  0.633537  0.052888  -0.050688  -0.144257  0.988241  0.000125  0.000441  0.000899  0.000000  0.000000  0.000000  1.000000  
25.739971 -0.003966  -0.010887  0.014538  0.633717  0.760145  0.143465  -0.771903  0.633537  0.052888  -0.050688  -0.144257  0.988241  0.000492  0.000900  0.000220  0.000000  0.000000  0.000000  1.000000  
25.740981 -0.003958  -0.010878  0.014526  0.633717  0.760145  0.143465  -0.771903  0.633537  0.052888  -0.050688  -0.144257  0.988241  0.004437  0.005330  -0.006868  0.000000  0.000000  0.000000  1.000000  
25.742220 -0.003952  -0.010870  0.014515  0.633717  0.760163  0.143373  -0.771903  0.633543  0.052811  -0.050688  -0.144137  0.988259  0.004577  0.005689  -0.007421  0.000000  0.000000  0.000000  1.000000  
25.743471 -0.003948  -0.010867  0.014509  0.633717  0.760163  0.143373  -0.771903  0.633543  0.052811  -0.050688  -0.144137  0.988259  0.004170  0.005031  -0.006772  0.000000  0.000000  0.000000  1.000000  
25.744719 -0.003944  -0.010863  0.014504  0.633558  0.760310  0.143292  -0.772033  0.633393  0.052705  -0.050688  -0.144017  0.988276  0.003981  0.004691  -0.006206  0.000000  0.000000  0.000000  1.000000  
25.745732 -0.003942  -0.010857  0.014500  0.633558  0.760328  0.143199  -0.772033  0.633400  0.052628  -0.050688  -0.143898  0.988294  0.003765  0.004833  -0.005922  0.000000  0.000000  0.000000  1.000000  
25.746734 -0.003940  -0.010850  0.014495  0.633558  0.760328  0.143199  -0.772033  0.633400  0.052628  -0.050688  -0.143898  0.988294  0.003601  0.005082  -0.005849  0.000000  0.000000  0.000000  1.000000  
25.747735 -0.003938  -0.010843  0.014488  0.633558  0.760328  0.143199  -0.772033  0.633400  0.052628  -0.050688  -0.143898  0.988294  0.003461  0.005300  -0.005946  0.000000  0.000000  0.000000  1.000000  
25.748972 -0.003934  -0.010834  0.014480  0.633562  0.760357  0.143023  -0.772038  0.633391  0.052653  -0.050554  -0.143779  0.988318  0.003427  0.005471  -0.006000  0.000000  0.000000  0.000000  1.000000  
25.749973 -0.003930  -0.010827  0.014472  0.633562  0.760357  0.143023  -0.772038  0.633391  0.052653  -0.050554  -0.143779  0.988318  0.003433  0.005583  -0.006154  0.000000  0.000000  0.000000  1.000000  
25.750974 -0.003927  -0.010820  0.014465  0.633562  0.760375  0.142931  -0.772038  0.633398  0.052577  -0.050554  -0.143659  0.988335  0.003389  0.005737  -0.006289  0.000000  0.000000  0.000000  1.000000  
25.751992 -0.003923  -0.010811  0.014453  0.633562  0.760392  0.142839  -0.772038  0.633404  0.052500  -0.050554  -0.143539  0.988353  0.003479  0.005943  -0.006638  0.000000  0.000000  0.000000  1.000000  
25.753025 -0.003917  -0.010800  0.014438  0.633562  0.760409  0.142747  -0.772038  0.633410  0.052423  -0.050554  -0.143419  0.988370  0.003708  0.006318  -0.007320  0.000000  0.000000  0.000000  1.000000  
25.754220 -0.003904  -0.010782  0.014417  0.633403  0.760540  0.142757  -0.772169  0.633254  0.052394  -0.050554  -0.143419  0.988370  0.004376  0.007338  -0.008510  0.000000  0.000000  0.000000  1.000000  
25.755221 -0.003894  -0.010766  0.014401  0.633403  0.760557  0.142665  -0.772169  0.633260  0.052317  -0.050554  -0.143299  0.988387  0.004604  0.007872  -0.008871  0.000000  0.000000  0.000000  1.000000  
25.756471 -0.003884  -0.010748  0.014386  0.633403  0.760574  0.142573  -0.772169  0.633266  0.052240  -0.050554  -0.143179  0.988405  0.004727  0.008442  -0.008953  0.000000  0.000000  0.000000  1.000000  
25.757721 -0.003879  -0.010734  0.014377  0.633403  0.760592  0.142481  -0.772169  0.633273  0.052163  -0.050554  -0.143059  0.988422  0.004747  0.008983  -0.008994  0.000000  0.000000  0.000000  1.000000  
25.758722 -0.003876  -0.010725  0.014372  0.633403  0.760592  0.142481  -0.772169  0.633273  0.052163  -0.050554  -0.143059  0.988422  0.004817  0.009568  -0.009173  0.000000  0.000000  0.000000  1.000000  
25.759977 -0.003870  -0.010710  0.014360  0.633399  0.760579  0.142565  -0.772163  0.633288  0.052061  -0.050688  -0.143058  0.988415  0.004991  0.010162  -0.009635  0.000000  0.000000  0.000000  1.000000  
25.761223 -0.003863  -0.010695  0.014344  0.633399  0.760597  0.142472  -0.772163  0.633294  0.051984  -0.050688  -0.142939  0.988433  0.005293  0.010640  -0.010301  0.000000  0.000000  0.000000  1.000000  
25.762224 -0.003857  -0.010683  0.014328  0.633399  0.760597  0.142472  -0.772163  0.633294  0.051984  -0.050688  -0.142939  0.988433  0.005505  0.010911  -0.010986  0.000000  0.000000  0.000000  1.000000  
25.763227 -0.003852  -0.010673  0.014312  0.633395  0.760585  0.142556  -0.772158  0.633309  0.051882  -0.050822  -0.142938  0.988426  0.005613  0.011199  -0.011695  0.000000  0.000000  0.000000  1.000000  
25.764476 -0.003846  -0.010660  0.014291  0.633395  0.760585  0.142556  -0.772158  0.633309  0.051882  -0.050822  -0.142938  0.988426  0.005774  0.011452  -0.012399  0.000000  0.000000  0.000000  1.000000  
25.765479 -0.003840  -0.010649  0.014277  0.633395  0.760567  0.142648  -0.772158  0.633302  0.051959  -0.050822  -0.143057  0.988409  0.005938  0.011774  -0.012842  0.000000  0.000000  0.000000  1.000000  
25.766727 -0.003831  -0.010632  0.014261  0.633395  0.760567  0.142648  -0.772158  0.633302  0.051959  -0.050822  -0.143057  0.988409  0.006173  0.012131  -0.013090  0.000000  0.000000  0.000000  1.000000  
25.768029 -0.003823  -0.010615  0.014245  0.633390  0.760555  0.142732  -0.772153  0.633317  0.051856  -0.050955  -0.143056  0.988402  0.006143  0.012311  -0.012784  0.000000  0.000000  0.000000  1.000000  
25.769224 -0.003816  -0.010597  0.014232  0.633386  0.760543  0.142816  -0.772148  0.633332  0.051754  -0.051089  -0.143055  0.988395  0.005857  0.012267  -0.012233  0.000000  0.000000  0.000000  1.000000  
25.770470 -0.003809  -0.010580  0.014223  0.633386  0.760526  0.142908  -0.772148  0.633326  0.051831  -0.051089  -0.143175  0.988378  0.005451  0.012129  -0.011599  0.000000  0.000000  0.000000  1.000000  
25.771471 -0.003806  -0.010568  0.014219  0.633541  0.760383  0.142982  -0.772012  0.633497  0.051758  -0.051222  -0.143174  0.988371  0.005201  0.011975  -0.011147  0.000000  0.000000  0.000000  1.000000  
25.772471 -0.003804  -0.010558  0.014214  0.633541  0.760383  0.142982  -0.772012  0.633497  0.051758  -0.051222  -0.143174  0.988371  0.005111  0.011946  -0.011071  0.000000  0.000000  0.000000  1.000000  
25.773721 -0.003801  -0.010547  0.014203  0.633695  0.760223  0.143147  -0.771876  0.633662  0.051762  -0.051356  -0.143293  0.988347  0.005023  0.011846  -0.011314  0.000000  0.000000  0.000000  1.000000  
25.774723 -0.003799  -0.010538  0.014189  0.633695  0.760223  0.143147  -0.771876  0.633662  0.051762  -0.051356  -0.143293  0.988347  0.004855  0.011713  -0.011614  0.000000  0.000000  0.000000  1.000000  
25.775976 -0.003794  -0.010525  0.014170  0.633854  0.760075  0.143229  -0.771746  0.633812  0.051869  -0.051356  -0.143413  0.988330  0.004691  0.011554  -0.011826  0.000000  0.000000  0.000000  1.000000  
25.777220 -0.003790  -0.010512  0.014152  0.634009  0.759915  0.143394  -0.771610  0.633977  0.051873  -0.051490  -0.143532  0.988305  0.004469  0.011409  -0.011789  0.000000  0.000000  0.000000  1.000000  
25.778470 -0.003788  -0.010502  0.014137  0.634004  0.759886  0.143570  -0.771605  0.633986  0.051847  -0.051623  -0.143651  0.988281  0.004216  0.011195  -0.011359  0.000000  0.000000  0.000000  1.000000  
25.779482 -0.003786  -0.010494  0.014129  0.634163  0.759738  0.143652  -0.771474  0.634136  0.051954  -0.051623  -0.143771  0.988264  0.003975  0.011058  -0.010797  0.000000  0.000000  0.000000  1.000000  
25.780727 -0.003783  -0.010481  0.014120  0.634317  0.759578  0.143817  -0.771338  0.634301  0.051958  -0.051757  -0.143890  0.988239  0.003615  0.010892  -0.010246  0.000000  0.000000  0.000000  1.000000  
25.781804 -0.003781  -0.010469  0.014114  0.634472  0.759417  0.143983  -0.771202  0.634466  0.051963  -0.051891  -0.144009  0.988215  0.003326  0.010703  -0.009690  0.000000  0.000000  0.000000  1.000000  
25.782985 -0.003778  -0.010455  0.014103  0.634631  0.759252  0.144156  -0.771072  0.634610  0.052146  -0.051891  -0.144248  0.988180  0.003032  0.010642  -0.009517  0.000000  0.000000  0.000000  1.000000  
25.784049 -0.003777  -0.010446  0.014093  0.634944  0.758961  0.144311  -0.770805  0.634931  0.052181  -0.052024  -0.144367  0.988156  0.002637  0.010235  -0.009424  0.000000  0.000000  0.000000  1.000000  
25.785261 -0.003776  -0.010436  0.014079  0.635098  0.758800  0.144476  -0.770669  0.635096  0.052185  -0.052158  -0.144486  0.988131  0.002232  0.009770  -0.009769  0.000000  0.000000  0.000000  1.000000  
25.786474 -0.003777  -0.010427  0.014064  0.635415  0.758521  0.144547  -0.770407  0.635402  0.052322  -0.052158  -0.144606  0.988114  0.001878  0.009404  -0.010425  0.000000  0.000000  0.000000  1.000000  
25.787475 -0.003778  -0.010420  0.014051  0.635569  0.758360  0.144712  -0.770271  0.635566  0.052327  -0.052291  -0.144725  0.988089  0.001720  0.009195  -0.010918  0.000000  0.000000  0.000000  1.000000  
25.788732 -0.003780  -0.010411  0.014033  0.635728  0.758194  0.144885  -0.770140  0.635710  0.052511  -0.052291  -0.144964  0.988054  0.001389  0.009031  -0.011256  0.000000  0.000000  0.000000  1.000000  
25.789970 -0.003782  -0.010401  0.014014  0.636045  0.757915  0.144955  -0.769878  0.636015  0.052648  -0.052291  -0.145084  0.988037  0.000987  0.008884  -0.011340  0.000000  0.000000  0.000000  1.000000  
25.790971 -0.003783  -0.010392  0.014003  0.636357  0.757623  0.145110  -0.769611  0.636336  0.052683  -0.052425  -0.145203  0.988012  0.000703  0.008847  -0.011145  0.000000  0.000000  0.000000  1.000000  
25.791977 -0.003784  -0.010383  0.013993  0.636516  0.757474  0.145191  -0.769480  0.636486  0.052790  -0.052425  -0.145323  0.987994  0.000376  0.008719  -0.010735  0.000000  0.000000  0.000000  1.000000  
25.793221 -0.003788  -0.010373  0.013985  0.636991  0.757063  0.145250  -0.769087  0.636947  0.052957  -0.052425  -0.145443  0.987977  -0.000008  0.008728  -0.010298  0.000000  0.000000  0.000000  1.000000  
25.794473 -0.003791  -0.010362  0.013976  0.637307  0.756766  0.145412  -0.768824  0.637246  0.053171  -0.052425  -0.145682  0.987941  -0.000343  0.008781  -0.010180  0.101860  -0.028202  -0.177282  1.000000  
25.795733 -0.003793  -0.010349  0.013962  0.637624  0.756486  0.145482  -0.768562  0.637551  0.053308  -0.052425  -0.145802  0.987924  -0.000672  0.008751  -0.010588  0.103395  -0.026410  -0.192388  1.000000  
25.796978 -0.003794  -0.010335  0.013944  0.637782  0.756319  0.145654  -0.768431  0.637694  0.053493  -0.052425  -0.146042  0.987888  -0.001018  0.008704  -0.011225  0.111936  -0.020941  -0.198608  1.000000  
25.798230 -0.003797  -0.010323  0.013923  0.638099  0.756039  0.145724  -0.768168  0.637998  0.053630  -0.052425  -0.146162  0.987871  -0.001303  0.008619  -0.011823  0.116735  -0.018929  -0.212297  1.000000  
25.799476 -0.003802  -0.010313  0.013903  0.638419  0.755753  0.145801  -0.767910  0.638282  0.053947  -0.052291  -0.146402  0.987842  -0.001679  0.008535  -0.012275  0.125585  -0.007999  -0.224636  1.000000  
25.800477 -0.003806  -0.010306  0.013888  0.638735  0.755473  0.145870  -0.767648  0.638586  0.054084  -0.052291  -0.146522  0.987824  -0.002041  0.008505  -0.012563  0.125946  -0.002520  -0.230798  1.000000  
25.801483 -0.003812  -0.010298  0.013873  0.638893  0.755324  0.145950  -0.767516  0.638735  0.054192  -0.052291  -0.146642  0.987807  -0.002394  0.008578  -0.012744  0.130349  -0.001504  -0.237579  1.000000  
25.802724 -0.003818  -0.010286  0.013856  0.639214  0.755055  0.145935  -0.767258  0.639024  0.054431  -0.052158  -0.146763  0.987796  -0.002689  0.008795  -0.012779  0.135176  0.004966  -0.250691  1.000000  
25.803972 -0.003826  -0.010274  0.013840  0.639372  0.754888  0.146107  -0.767127  0.639167  0.054616  -0.052158  -0.147003  0.987760  -0.003063  0.009011  -0.012604  0.139280  0.009461  -0.250055  1.000000  
25.805221 -0.003832  -0.010261  0.013825  0.639692  0.754620  0.146091  -0.766869  0.639456  0.054855  -0.052024  -0.147123  0.987749  -0.003272  0.009181  -0.012447  0.143704  0.014931  -0.256251  1.000000  
25.806471 -0.003839  -0.010248  0.013811  0.640170  0.754202  0.146156  -0.766479  0.639893  0.055202  -0.051891  -0.147364  0.987720  -0.003652  0.009284  -0.012438  0.148853  0.026895  -0.275447  1.000000  
25.807721 -0.003845  -0.010234  0.013796  0.640486  0.753903  0.146316  -0.766215  0.640190  0.055418  -0.051891  -0.147604  0.987684  -0.003848  0.009611  -0.012836  0.152029  0.027723  -0.279961  1.000000  
25.808971 -0.003850  -0.010219  0.013778  0.640963  0.753503  0.146288  -0.765825  0.640634  0.055687  -0.051757  -0.147724  0.987673  -0.003996  0.009894  -0.013477  0.152940  0.038633  -0.292602  1.000000  
25.809971 -0.003853  -0.010207  0.013760  0.641278  0.753203  0.146448  -0.765561  0.640930  0.055903  -0.051757  -0.147964  0.987638  -0.004099  0.010050  -0.014039  0.157176  0.044054  -0.298374  1.000000  
25.811223 -0.003857  -0.010191  0.013739  0.641756  0.752802  0.146420  -0.765170  0.641373  0.056172  -0.051623  -0.148085  0.987626  -0.004236  0.010163  -0.014417  0.153796  0.050518  -0.311226  1.000000  
25.812228 -0.003862  -0.010179  0.013724  0.642071  0.752502  0.146579  -0.764906  0.641670  0.056388  -0.051623  -0.148324  0.987590  -0.004499  0.010263  -0.014404  0.158206  0.055987  -0.317323  1.000000  
25.813476 -0.003868  -0.010166  0.013706  0.642547  0.752101  0.146551  -0.764514  0.642112  0.056658  -0.051490  -0.148445  0.987579  -0.004749  0.010428  -0.014264  0.158986  0.066887  -0.329712  1.000000  
25.814477 -0.003875  -0.010156  0.013695  0.643019  0.751687  0.146607  -0.764117  0.642570  0.056826  -0.051490  -0.148565  0.987561  -0.004911  0.010583  -0.013882  0.159717  0.068947  -0.343313  1.000000  
25.815725 -0.003883  -0.010142  0.013682  0.643653  0.751152  0.146566  -0.763593  0.643166  0.057126  -0.051356  -0.148686  0.987550  -0.005054  0.010870  -0.013452  0.156296  0.079807  -0.355359  1.000000  
25.816737 -0.003890  -0.010131  0.013672  0.644124  0.750737  0.146622  -0.763195  0.643623  0.057294  -0.051356  -0.148806  0.987532  -0.005094  0.011042  -0.013158  0.158249  0.082513  -0.371827  1.000000  
25.817974 -0.003895  -0.010115  0.013656  0.644753  0.750171  0.146756  -0.762664  0.644227  0.057571  -0.051356  -0.149045  0.987496  -0.005016  0.011303  -0.013107  0.161793  0.088364  -0.381810  1.000000  
25.819220 -0.003901  -0.010100  0.013639  0.645385  0.749635  0.146715  -0.762138  0.644823  0.057871  -0.051222  -0.149166  0.987485  -0.004966  0.011452  -0.013167  0.162848  0.095859  -0.401518  1.000000  
25.820469 -0.003905  -0.010084  0.013620  0.646169  0.748954  0.146746  -0.761474  0.645587  0.058101  -0.051222  -0.149286  0.987466  -0.004760  0.011658  -0.013503  0.164051  0.103418  -0.421464  1.000000  
25.821718 -0.003910  -0.010069  0.013602  0.646796  0.748386  0.146879  -0.760941  0.646189  0.058378  -0.051222  -0.149525  0.987430  -0.004633  0.011781  -0.013718  0.164642  0.105468  -0.434687  1.000000  
25.822719 -0.003912  -0.010055  0.013586  0.647422  0.747836  0.146922  -0.760408  0.646798  0.058578  -0.051222  -0.149645  0.987412  -0.004491  0.011903  -0.013970  0.165349  0.107543  -0.448221  1.000000  
25.823975 -0.003916  -0.010039  0.013567  0.648205  0.747152  0.146952  -0.759741  0.647560  0.058807  -0.051222  -0.149765  0.987394  -0.004417  0.011978  -0.013959  0.167779  0.111544  -0.472380  1.000000  
25.825218 -0.003920  -0.010024  0.013550  0.649143  0.746316  0.147061  -0.758940  0.648469  0.059146  -0.051222  -0.150004  0.987358  -0.004412  0.011935  -0.013769  0.167876  0.114837  -0.495740  1.000000  
25.826219 -0.003925  -0.010012  0.013539  0.649767  0.745764  0.147102  -0.758405  0.649076  0.059346  -0.051222  -0.150124  0.987339  -0.004545  0.011931  -0.013378  0.168940  0.117944  -0.516056  1.000000  
25.827220 -0.003931  -0.010001  0.013529  0.650548  0.745059  0.147222  -0.757736  0.649829  0.059655  -0.051222  -0.150364  0.987303  -0.004634  0.011877  -0.012984  0.174043  0.121084  -0.536347  1.000000  
25.828469 -0.003940  -0.009988  0.013516  0.651483  0.744238  0.147238  -0.756932  0.650741  0.059916  -0.051222  -0.150483  0.987285  -0.004794  0.011840  -0.012662  0.176106  0.126444  -0.571149  1.000000  
25.829518 -0.003947  -0.009977  0.013506  0.652106  0.743684  0.147279  -0.756395  0.651347  0.060116  -0.051222  -0.150603  0.987266  -0.004706  0.011943  -0.012572  0.173600  0.124798  -0.588326  1.000000  
25.830723 -0.003954  -0.009962  0.013492  0.653040  0.742843  0.147385  -0.755589  0.652250  0.060456  -0.051222  -0.150843  0.987230  -0.004699  0.012003  -0.012665  0.179347  0.129191  -0.616442  1.000000  
25.831979 -0.003961  -0.009947  0.013475  0.653973  0.742019  0.147400  -0.754782  0.653160  0.060717  -0.051222  -0.150962  0.987212  -0.004657  0.012100  -0.012989  0.176653  0.128973  -0.644403  1.000000  
25.833222 -0.003967  -0.009930  0.013457  0.654905  0.741176  0.147505  -0.753974  0.654061  0.061058  -0.051222  -0.151202  0.987175  -0.004678  0.012135  -0.013017  0.182181  0.133231  -0.671788  1.000000  
25.834471 -0.003973  -0.009915  0.013441  0.655835  0.740350  0.147519  -0.753164  0.654969  0.061320  -0.051222  -0.151322  0.987157  -0.004720  0.012132  -0.012915  0.179846  0.134072  -0.706612  1.000000  
25.835723 -0.003980  -0.009899  0.013426  0.656770  0.739518  0.147536  -0.752359  0.655852  0.061760  -0.051089  -0.151562  0.987127  -0.004915  0.012141  -0.012742  0.184883  0.137293  -0.727041  1.000000  
25.836970 -0.003987  -0.009883  0.013413  0.657699  0.738671  0.147639  -0.751547  0.656750  0.062102  -0.051089  -0.151802  0.987090  -0.005136  0.012165  -0.012274  0.184774  0.140446  -0.748128  1.000000  
25.837973 -0.003993  -0.009870  0.013402  0.658472  0.737977  0.147664  -0.750869  0.657503  0.062334  -0.051089  -0.151921  0.987071  -0.005341  0.012178  -0.011950  0.187324  0.140366  -0.775495  1.000000  
25.839221 -0.004002  -0.009854  0.013391  0.659558  0.736988  0.147755  -0.749925  0.658527  0.062885  -0.050955  -0.152282  0.987023  -0.005765  0.012159  -0.011434  0.192784  0.149213  -0.802172  1.000000  
25.840222 -0.004010  -0.009842  0.013382  0.660334  0.736306  0.147692  -0.749251  0.659263  0.063216  -0.050822  -0.152402  0.987011  -0.006000  0.012140  -0.011184  0.193730  0.152422  -0.822620  1.000000  
25.841471 -0.004021  -0.009828  0.013370  0.661259  0.735437  0.147882  -0.748434  0.660149  0.063639  -0.050822  -0.152762  0.986955  -0.006338  0.012129  -0.011080  0.198930  0.155843  -0.843324  1.000000  
25.842473 -0.004030  -0.009817  0.013360  0.662187  0.734599  0.147894  -0.747622  0.661026  0.064081  -0.050688  -0.153002  0.986925  -0.006504  0.012102  -0.011119  0.202586  0.158819  -0.863305  1.000000  
25.843720 -0.004040  -0.009802  0.013345  0.663115  0.733759  0.147905  -0.746809  0.661902  0.064523  -0.050554  -0.153242  0.986895  -0.006522  0.012281  -0.011299  0.207617  0.166489  -0.882915  1.000000  
25.844723 -0.004048  -0.009790  0.013333  0.664041  0.732919  0.147915  -0.745994  0.662777  0.064965  -0.050421  -0.153483  0.986864  -0.006659  0.012305  -0.011437  0.209984  0.170228  -0.904133  1.000000  
25.845724 -0.004056  -0.009776  0.013321  0.664962  0.732064  0.148012  -0.745173  0.663665  0.065308  -0.050421  -0.153722  0.986827  -0.006766  0.012428  -0.011394  0.217652  0.173016  -0.923400  1.000000  
25.846728 -0.004063  -0.009762  0.013308  0.665733  0.731358  0.148034  -0.744493  0.664387  0.065720  -0.050287  -0.153963  0.986796  -0.006966  0.012522  -0.011308  0.222399  0.179727  -0.936538  1.000000  
25.847982 -0.004072  -0.009744  0.013296  0.666963  0.730223  0.148103  -0.743401  0.665552  0.066304  -0.050153  -0.154323  0.986747  -0.007163  0.012593  -0.010958  0.229201  0.189010  -0.963609  1.000000  
25.849227 -0.004081  -0.009727  0.013286  0.668043  0.729237  0.148096  -0.742449  0.666548  0.066957  -0.049886  -0.154684  0.986704  -0.007357  0.012728  -0.010499  0.238185  0.196825  -0.983293  1.000000  
25.850510 -0.004092  -0.009709  0.013279  0.669116  0.728235  0.148176  -0.741490  0.667559  0.067511  -0.049753  -0.155044  0.986654  -0.007573  0.012806  -0.009938  0.242605  0.203433  -0.995031  1.000000  
25.851725 -0.004103  -0.009692  0.013271  0.670346  0.727109  0.148152  -0.740397  0.668702  0.068194  -0.049485  -0.155405  0.986611  -0.007859  0.012923  -0.009597  0.252312  0.217031  -1.022157  1.000000  
25.852971 -0.004113  -0.009674  0.013263  0.671416  0.726105  0.148229  -0.739435  0.669708  0.068749  -0.049352  -0.155765  0.986560  -0.008005  0.013034  -0.009323  0.257069  0.223947  -1.035289  1.000000  
25.853974 -0.004122  -0.009660  0.013255  0.672490  0.725131  0.148128  -0.738477  0.670706  0.069320  -0.049084  -0.156007  0.986536  -0.008103  0.013124  -0.009241  0.264267  0.235234  -1.052445  1.000000  
25.855221 -0.004132  -0.009644  0.013244  0.673714  0.724000  0.148099  -0.737378  0.671843  0.070004  -0.048817  -0.156368  0.986492  -0.008126  0.013242  -0.009215  0.270727  0.247445  -1.066520  1.000000  
25.856223 -0.004141  -0.009630  0.013234  0.674781  0.722991  0.148172  -0.736411  0.672845  0.070559  -0.048683  -0.156728  0.986441  -0.008115  0.013421  -0.009211  0.275751  0.255384  -1.086185  1.000000  
25.857471 -0.004153  -0.009613  0.013223  0.676153  0.721718  0.148125  -0.735169  0.674127  0.071273  -0.048416  -0.157089  0.986397  -0.008152  0.013616  -0.009118  0.284851  0.267784  -1.105475  1.000000  
25.858721 -0.004163  -0.009594  0.013212  0.677523  0.720442  0.148076  -0.733924  0.675406  0.071987  -0.048149  -0.157450  0.986353  -0.008210  0.013866  -0.008818  0.290029  0.280420  -1.125364  1.000000  
25.859973 -0.004173  -0.009575  0.013202  0.678890  0.719146  0.148112  -0.732677  0.676673  0.072783  -0.047882  -0.157930  0.986289  -0.008175  0.014086  -0.008431  0.300728  0.291258  -1.140767  1.000000  
25.861223 -0.004185  -0.009556  0.013195  0.680104  0.717988  0.148161  -0.731567  0.677790  0.073549  -0.047614  -0.158411  0.986225  -0.008319  0.014166  -0.007927  0.311574  0.304064  -1.155624  1.000000  
25.862236 -0.004194  -0.009541  0.013190  0.681162  0.716971  0.148225  -0.730591  0.678782  0.074106  -0.047481  -0.158771  0.986173  -0.008484  0.014255  -0.007445  0.320196  0.310801  -1.168022  1.000000  
25.863499 -0.004205  -0.009522  0.013185  0.682523  0.715687  0.148168  -0.729337  0.680051  0.074821  -0.047213  -0.159131  0.986128  -0.008607  0.014380  -0.007100  0.329056  0.323039  -1.186494  1.000000  
25.864725 -0.004218  -0.009502  0.013179  0.684032  0.714243  0.148179  -0.727940  0.681455  0.075649  -0.046946  -0.159612  0.986063  -0.008753  0.014559  -0.006954  0.338633  0.336886  -1.213123  1.000000  
25.865729 -0.004227  -0.009488  0.013173  0.685239  0.713077  0.148220  -0.726821  0.682563  0.076416  -0.046679  -0.160092  0.985998  -0.008877  0.014557  -0.006974  0.351996  0.346043  -1.239760  1.000000  
25.866795 -0.004237  -0.009473  0.013165  0.686294  0.712068  0.148187  -0.725842  0.683530  0.077070  -0.046411  -0.160453  0.985952  -0.008938  0.014550  -0.007075  0.355705  0.356591  -1.248855  1.000000  
25.867978 -0.004250  -0.009455  0.013156  0.687944  0.710476  0.148175  -0.724295  0.685072  0.077929  -0.046144  -0.160933  0.985886  -0.009134  0.014659  -0.007110  0.366059  0.367687  -1.284912  1.000000  
25.869222 -0.004264  -0.009437  0.013146  0.689443  0.709022  0.148177  -0.722886  0.686464  0.078758  -0.045877  -0.161414  0.985820  -0.009390  0.014682  -0.007071  0.375143  0.380399  -1.304220  1.000000  
25.870470 -0.004279  -0.009419  0.013139  0.690938  0.707548  0.148261  -0.721474  0.687843  0.079670  -0.045610  -0.162014  0.985734  -0.009597  0.014775  -0.006832  0.388450  0.389763  -1.330719  1.000000  
25.871473 -0.004292  -0.009405  0.013134  0.692129  0.706375  0.148295  -0.720339  0.688963  0.080260  -0.045476  -0.162373  0.985681  -0.009915  0.014783  -0.006513  0.393107  0.396795  -1.343570  1.000000  
25.872721 -0.004308  -0.009386  0.013130  0.693767  0.704771  0.148272  -0.718779  0.690490  0.081121  -0.045209  -0.162853  0.985614  -0.010263  0.014887  -0.005979  0.398585  0.407297  -1.376913  1.000000  
25.873766 -0.004321  -0.009370  0.013127  0.694959  0.703591  0.148296  -0.717644  0.691579  0.081890  -0.044941  -0.163334  0.985547  -0.010546  0.014917  -0.005625  0.406442  0.413749  -1.387427  1.000000  
25.874971 -0.004337  -0.009351  0.013123  0.696590  0.701982  0.148267  -0.716077  0.693099  0.082751  -0.044674  -0.163814  0.985479  -0.010935  0.014989  -0.005261  0.413457  0.422400  -1.417838  1.000000  
25.876001 -0.004351  -0.009336  0.013121  0.697924  0.700656  0.148269  -0.714794  0.694327  0.083551  -0.044407  -0.164294  0.985411  -0.011292  0.014933  -0.005049  0.425052  0.432716  -1.441222  1.000000  
25.877221 -0.004370  -0.009316  0.013116  0.699696  0.698879  0.148301  -0.713076  0.695973  0.084527  -0.044139  -0.164893  0.985323  -0.011777  0.015005  -0.004941  0.435761  0.441178  -1.470569  1.000000  
25.878471 -0.004390  -0.009299  0.013110  0.701318  0.697260  0.148263  -0.711498  0.697481  0.085389  -0.043872  -0.165373  0.985255  -0.012336  0.014915  -0.005025  0.440737  0.450547  -1.496591  1.000000  
25.879489 -0.004405  -0.009284  0.013105  0.702497  0.696070  0.148274  -0.710350  0.698555  0.086160  -0.043605  -0.165853  0.985186  -0.012721  0.014809  -0.005027  0.447925  0.459129  -1.507326  1.000000  
25.880726 -0.004427  -0.009266  0.013096  0.704112  0.694410  0.148398  -0.708766  0.700035  0.087192  -0.043337  -0.166572  0.985076  -0.013315  0.014771  -0.005105  0.461181  0.464573  -1.534929  1.000000  
25.881733 -0.004444  -0.009252  0.013092  0.705432  0.693071  0.148387  -0.707468  0.701246  0.087993  -0.043070  -0.167052  0.985007  -0.013872  0.014794  -0.004912  0.469906  0.472850  -1.554294  1.000000  
25.882977 -0.004467  -0.009235  0.013087  0.707040  0.691405  0.148504  -0.705877  0.702718  0.089027  -0.042802  -0.167771  0.984896  -0.014471  0.014670  -0.004609  0.482656  0.477060  -1.574520  1.000000  
25.884220 -0.004491  -0.009217  0.013085  0.708649  0.689770  0.148440  -0.704286  0.704180  0.090069  -0.042401  -0.168371  0.984811  -0.015152  0.014695  -0.004111  0.488008  0.488366  -1.594073  1.000000  
25.885224 -0.004512  -0.009203  0.013083  0.709961  0.688406  0.148503  -0.702980  0.705370  0.090957  -0.042134  -0.168970  0.984720  -0.015770  0.014650  -0.003767  0.499689  0.493127  -1.606841  1.000000  
25.886470 -0.004537  -0.009185  0.013083  0.711559  0.686749  0.148525  -0.701378  0.706840  0.091907  -0.041867  -0.169569  0.984629  -0.016334  0.014685  -0.003402  0.508111  0.496258  -1.620554  1.000000  
25.887470 -0.004557  -0.009170  0.013082  0.712721  0.685526  0.148601  -0.700213  0.707882  0.092765  -0.041599  -0.170168  0.984537  -0.016811  0.014693  -0.003218  0.516604  0.500584  -1.626447  1.000000  
25.888471 -0.004576  -0.009154  0.013080  0.714169  0.684028  0.148554  -0.698752  0.709214  0.093599  -0.041332  -0.170648  0.984465  -0.017356  0.014737  -0.003194  0.524865  0.506615  -1.646707  1.000000  
25.889492 -0.004597  -0.009138  0.013077  0.715327  0.682802  0.148625  -0.697582  0.710251  0.094458  -0.041065  -0.171247  0.984372  -0.017778  0.014709  -0.003195  0.532584  0.512607  -1.651323  1.000000  
25.890720 -0.004622  -0.009119  0.013074  0.716917  0.681151  0.148540  -0.695972  0.711690  0.095502  -0.040664  -0.171847  0.984284  -0.018264  0.014698  -0.003131  0.537277  0.518450  -1.664905  1.000000  
25.891721 -0.004643  -0.009103  0.013071  0.718213  0.679774  0.148586  -0.694650  0.712860  0.096392  -0.040396  -0.172445  0.984190  -0.018754  0.014740  -0.003124  0.545921  0.526222  -1.678388  1.000000  
25.892723 -0.004664  -0.009088  0.013069  0.719506  0.678413  0.148547  -0.693326  0.714039  0.097196  -0.040129  -0.172925  0.984117  -0.019104  0.014730  -0.003007  0.549915  0.529039  -1.691150  1.000000  
25.893723 -0.004687  -0.009074  0.013067  0.720797  0.677033  0.148587  -0.691999  0.715204  0.098088  -0.039861  -0.173523  0.984023  -0.019684  0.014756  -0.002726  0.558199  0.532216  -1.704659  1.000000  
25.894986 -0.004715  -0.009055  0.013067  0.722516  0.675224  0.148468  -0.690227  0.716766  0.099162  -0.039460  -0.174123  0.983933  -0.020055  0.014794  -0.002274  0.561840  0.541732  -1.716546  1.000000  
25.896000 -0.004738  -0.009039  0.013067  0.723943  0.673691  0.148482  -0.688745  0.718062  0.100085  -0.039193  -0.174722  0.983838  -0.020488  0.014869  -0.001853  0.569900  0.544691  -1.729314  1.000000  
25.897233 -0.004767  -0.009020  0.013069  0.725512  0.672006  0.148457  -0.687115  0.719464  0.101216  -0.038792  -0.175440  0.983726  -0.020971  0.014988  -0.001326  0.575667  0.555405  -1.739527  1.000000  
25.898476 -0.004797  -0.009001  0.013071  0.727215  0.670153  0.148503  -0.685328  0.721016  0.102287  -0.038524  -0.176158  0.983608  -0.021357  0.015147  -0.000948  0.582336  0.555232  -1.749610  1.000000  
25.899728 -0.004826  -0.008980  0.013072  0.728917  0.668313  0.148448  -0.683539  0.722545  0.103450  -0.038123  -0.176876  0.983494  -0.021671  0.015380  -0.000775  0.590348  0.562967  -1.761838  1.000000  
25.900973 -0.004856  -0.008959  0.013072  0.730611  0.666453  0.148485  -0.681744  0.724086  0.104523  -0.037856  -0.177594  0.983375  -0.021935  0.015558  -0.000745  0.598748  0.566546  -1.775630  1.000000  
25.901976 -0.004879  -0.008941  0.013071  0.732021  0.664924  0.148399  -0.680245  0.725373  0.105359  -0.037589  -0.178073  0.983299  -0.022153  0.015758  -0.000791  0.598290  0.570480  -1.780137  1.000000  
25.903220 -0.004907  -0.008919  0.013070  0.733710  0.663074  0.148331  -0.678445  0.726888  0.106523  -0.037187  -0.178791  0.983184  -0.022428  0.015914  -0.000701  0.606308  0.578293  -1.792535  1.000000  
25.904220 -0.004931  -0.008901  0.013069  0.735112  0.661522  0.148319  -0.676939  0.728154  0.107448  -0.036920  -0.179389  0.983085  -0.022652  0.016115  -0.000600  0.610458  0.581674  -1.805895  1.000000  
25.905220 -0.004956  -0.008883  0.013069  0.736512  0.659949  0.148384  -0.675431  0.729403  0.108462  -0.036653  -0.180106  0.982964  -0.022976  0.016222  -0.000469  0.622949  0.586474  -1.813907  1.000000  
25.906470 -0.004987  -0.008860  0.013070  0.738185  0.658073  0.148400  -0.673616  0.730919  0.109537  -0.036385  -0.180824  0.982842  -0.023270  0.016490  -0.000081  0.626244  0.590579  -1.817799  1.000000  
25.907721 -0.005019  -0.008838  0.013073  0.739996  0.656060  0.148292  -0.671648  0.732549  0.110732  -0.035984  -0.181541  0.982725  -0.023684  0.016694  0.000285  0.633921  0.592949  -1.824450  1.000000  
25.908970 -0.005053  -0.008815  0.013076  0.741660  0.654177  0.148299  -0.669824  0.734053  0.111809  -0.035717  -0.182258  0.982602  -0.024077  0.017023  0.000659  0.638484  0.596070  -1.833003  1.000000  
25.909973 -0.005079  -0.008795  0.013079  0.743182  0.652459  0.148246  -0.668149  0.735432  0.112766  -0.035449  -0.182856  0.982500  -0.024334  0.017308  0.000811  0.642164  0.603373  -1.843927  1.000000  
25.911222 -0.005113  -0.008772  0.013081  0.744978  0.650436  0.148123  -0.666167  0.737044  0.113962  -0.035048  -0.183574  0.982381  -0.024599  0.017628  0.000926  0.641691  0.606900  -1.856339  1.000000  
25.912227 -0.005140  -0.008752  0.013083  0.746492  0.648730  0.147983  -0.664485  0.738427  0.114830  -0.034781  -0.184052  0.982301  -0.024872  0.017895  0.000922  0.641961  0.611412  -1.876294  1.000000  
25.913241 -0.005166  -0.008731  0.013083  0.747865  0.647156  0.147942  -0.662953  0.739658  0.115757  -0.034513  -0.184649  0.982198  -0.025029  0.018262  0.000859  0.641978  0.616107  -1.883369  1.000000  
25.914475 -0.005200  -0.008704  0.013083  0.749644  0.645104  0.147904  -0.660955  0.741270  0.116866  -0.034246  -0.185366  0.982073  -0.025328  0.018688  0.000748  0.642284  0.615926  -1.898631  1.000000  
25.915476 -0.005227  -0.008683  0.013083  0.751146  0.643371  0.147831  -0.659262  0.742625  0.117825  -0.033978  -0.185963  0.981969  -0.025610  0.018983  0.000754  0.646308  0.619379  -1.911791  1.000000  
25.916476 -0.005254  -0.008662  0.013083  0.752508  0.641789  0.147780  -0.657720  0.743843  0.118753  -0.033711  -0.186560  0.981865  -0.025854  0.019296  0.000770  0.649982  0.621535  -1.917896  1.000000  
25.917728 -0.005289  -0.008633  0.013083  0.754272  0.639726  0.147729  -0.655709  0.745438  0.119863  -0.033443  -0.187276  0.981738  -0.026210  0.019694  0.000920  0.650195  0.625631  -1.931755  1.000000  
25.918973 -0.005325  -0.008605  0.013085  0.756031  0.637659  0.147673  -0.653694  0.747027  0.120973  -0.033176  -0.187993  0.981610  -0.026650  0.020059  0.001101  0.649920  0.624993  -1.945399  1.000000  
25.919977 -0.005355  -0.008583  0.013088  0.757382  0.636069  0.147610  -0.652142  0.748232  0.121902  -0.032909  -0.188590  0.981504  -0.027000  0.020352  0.001296  0.653917  0.628507  -1.958549  1.000000  
25.921221 -0.005393  -0.008554  0.013090  0.759131  0.634013  0.147469  -0.650118  0.749824  0.122923  -0.032641  -0.189186  0.981399  -0.027519  0.020697  0.001306  0.649898  0.632413  -1.972048  1.000000  
25.922470 -0.005431  -0.008526  0.013091  0.760875  0.631935  0.147399  -0.648090  0.751395  0.124034  -0.032374  -0.189902  0.981269  -0.027843  0.021095  0.001233  0.653587  0.630616  -1.979421  1.000000  
25.923721 -0.005469  -0.008496  0.013092  0.762610  0.629834  0.147425  -0.646054  0.752977  0.125061  -0.032240  -0.190617  0.981135  -0.028259  0.021540  0.001114  0.652757  0.627284  -1.990310  1.000000  
25.924721 -0.005499  -0.008472  0.013091  0.763945  0.628233  0.147348  -0.644488  0.754163  0.125991  -0.031972  -0.191214  0.981028  -0.028489  0.021909  0.000839  0.656230  0.628360  -1.989940  1.000000  
25.925971 -0.005537  -0.008441  0.013090  0.765671  0.626142  0.147289  -0.642444  0.755748  0.126927  -0.031839  -0.191810  0.980916  -0.028780  0.022423  0.000593  0.652487  0.622765  -1.999790  1.000000  
25.927221 -0.005576  -0.008409  0.013089  0.767394  0.624050  0.147201  -0.640398  0.757295  0.128041  -0.031571  -0.192525  0.980784  -0.029076  0.022858  0.000406  0.651898  0.622008  -2.012523  1.000000  
25.928221 -0.005607  -0.008383  0.013089  0.768845  0.622282  0.147112  -0.638661  0.758627  0.128826  -0.031438  -0.193002  0.980695  -0.029405  0.023251  0.000370  0.647527  0.619851  -2.019306  1.000000  
25.929235 -0.005638  -0.008356  0.013089  0.770162  0.620650  0.147122  -0.637080  0.759812  0.129673  -0.031304  -0.193597  0.980582  -0.029678  0.023616  0.000401  0.647636  0.619103  -2.022011  1.000000  
25.930474 -0.005678  -0.008323  0.013091  0.771737  0.618701  0.147075  -0.635178  0.761247  0.130581  -0.031170  -0.194193  0.980468  -0.030042  0.024042  0.000483  0.647908  0.615754  -2.030072  1.000000  
25.931727 -0.005717  -0.008288  0.013093  0.773437  0.616575  0.147072  -0.633113  0.762788  0.131612  -0.031036  -0.194907  0.980331  -0.030415  0.024570  0.000631  0.647104  0.610052  -2.031200  1.000000  
25.932973 -0.005757  -0.008253  0.013095  0.775262  0.614305  0.146963  -0.630884  0.764466  0.132582  -0.030903  -0.195502  0.980216  -0.030707  0.024997  0.000713  0.642891  0.605129  -2.045952  1.000000  
25.934220 -0.005797  -0.008218  0.013097  0.776951  0.612189  0.146877  -0.628809  0.766010  0.133522  -0.030769  -0.196098  0.980102  -0.030965  0.025455  0.000720  0.634562  0.603518  -2.053210  1.000000  
25.935472 -0.005836  -0.008182  0.013097  0.778763  0.609910  0.146760  -0.626570  0.767673  0.134493  -0.030635  -0.196693  0.979986  -0.031195  0.026009  0.000577  0.630165  0.597381  -2.061368  1.000000  
25.936721 -0.005876  -0.008147  0.013096  0.780569  0.607626  0.146638  -0.624325  0.769329  0.135463  -0.030501  -0.197288  0.979871  -0.031210  0.026396  0.000388  0.626137  0.596978  -2.075472  1.000000  
25.937970 -0.005915  -0.008111  0.013095  0.782496  0.605180  0.146483  -0.621914  0.771103  0.136465  -0.030368  -0.197883  0.979755  -0.031264  0.026827  0.000230  0.622182  0.593490  -2.097213  1.000000  
25.938970 -0.005946  -0.008081  0.013095  0.783903  0.603361  0.146466  -0.620141  0.772405  0.137171  -0.030368  -0.198358  0.979659  -0.031269  0.027291  0.000219  0.617767  0.585763  -2.098448  1.000000  
25.939972 -0.005976  -0.008051  0.013095  0.785308  0.601560  0.146344  -0.618366  0.773686  0.137959  -0.030234  -0.198835  0.979567  -0.031269  0.027648  0.000264  0.613071  0.585886  -2.101117  1.000000  
25.941219 -0.006015  -0.008013  0.013096  0.787214  0.599079  0.146281  -0.615938  0.775456  0.138880  -0.030234  -0.199429  0.979446  -0.031314  0.028121  0.000424  0.609067  0.576817  -2.116865  1.000000  
25.942220 -0.006045  -0.007982  0.013097  0.788736  0.597112  0.146124  -0.613994  0.776850  0.139699  -0.030100  -0.199905  0.979353  -0.031290  0.028462  0.000512  0.608933  0.574866  -2.124478  1.000000  
25.943220 -0.006076  -0.007950  0.013100  0.790251  0.595120  0.146067  -0.612044  0.778254  0.140437  -0.030100  -0.200380  0.979256  -0.031260  0.028834  0.000726  0.605328  0.570192  -2.140382  1.000000  
25.944472 -0.006114  -0.007910  0.013102  0.792015  0.592808  0.145917  -0.609766  0.779864  0.141410  -0.029966  -0.200974  0.979138  -0.031259  0.029307  0.000814  0.600679  0.568211  -2.146251  1.000000  
25.945727 -0.006152  -0.007870  0.013105  0.793644  0.590630  0.145896  -0.607644  0.781362  0.142274  -0.029966  -0.201568  0.979016  -0.031089  0.029751  0.000913  0.596448  0.557288  -2.146071  1.000000  
25.946729 -0.006183  -0.007837  0.013106  0.795143  0.588645  0.145759  -0.605682  0.782767  0.142919  -0.029966  -0.201924  0.978943  -0.031061  0.030076  0.000862  0.588364  0.552131  -2.160858  1.000000  
25.947975 -0.006221  -0.007797  0.013107  0.797012  0.586176  0.145497  -0.603226  0.784495  0.143828  -0.029833  -0.202400  0.978848  -0.030975  0.030472  0.000855  0.580168  0.551701  -2.174855  1.000000  
25.949251 -0.006260  -0.007754  0.013108  0.798871  0.583680  0.145335  -0.600762  0.786231  0.144658  -0.029833  -0.202875  0.978750  -0.030798  0.030912  0.000792  0.571655  0.546437  -2.187954  1.000000  
25.950471 -0.006299  -0.007713  0.013110  0.800726  0.581201  0.145065  -0.598294  0.787943  0.145567  -0.029699  -0.203351  0.978655  -0.030820  0.031310  0.000847  0.564589  0.547140  -2.206365  1.000000  
25.951474 -0.006329  -0.007679  0.013111  0.802324  0.579020  0.144956  -0.596149  0.789425  0.146338  -0.029699  -0.203826  0.978557  -0.030735  0.031738  0.001003  0.560324  0.543100  -2.226128  1.000000  
25.952721 -0.006368  -0.007636  0.013114  0.804165  0.576531  0.144677  -0.593671  0.791122  0.147247  -0.029565  -0.204301  0.978462  -0.030704  0.032252  0.001259  0.552291  0.547180  -2.239361  1.000000  
25.953970 -0.006406  -0.007592  0.013118  0.806237  0.573689  0.144439  -0.590853  0.793063  0.148137  -0.029565  -0.204776  0.978362  -0.030698  0.032661  0.001514  0.548762  0.545071  -2.267994  1.000000  
25.954971 -0.006437  -0.007556  0.013121  0.807940  0.571370  0.144114  -0.588529  0.794643  0.148919  -0.029431  -0.205133  0.978292  -0.030783  0.033032  0.001724  0.541126  0.551643  -2.294778  1.000000  
25.955972 -0.006468  -0.007520  0.013124  0.809512  0.569189  0.143922  -0.586365  0.796114  0.149594  -0.029431  -0.205489  0.978217  -0.030720  0.033443  0.001921  0.537305  0.547869  -2.316412  1.000000  
