1-Time 2-Px 3-Py 4-Pz 5-R11 6-R21 7-R31 8-R12 9-R22 10-R32 11-R13 12-R23 13-R33 14-Vx 15-Vy 16-Vz 17-Wx 18-Wy 19-Wz 20-state
131.493604 0.017691  0.011457  0.017773  0.322491  0.788209  0.524143  -0.882957  0.450059  -0.133541  -0.341154  -0.419730  0.841095  -0.000235  0.000210  0.000167  0.000000  0.000000  0.000000  1.000000  
131.494624 0.017689  0.011456  0.017774  0.322491  0.788273  0.524047  -0.882957  0.450043  -0.133596  -0.341154  -0.419628  0.841146  -0.002435  -0.001413  0.000341  0.000000  0.000000  0.000000  1.000000  
131.495864 0.017676  0.011444  0.017760  0.322491  0.788273  0.524047  -0.882957  0.450043  -0.133596  -0.341154  -0.419628  0.841146  -0.007378  -0.006882  -0.006753  0.000000  0.000000  0.000000  1.000000  
131.496878 0.017661  0.011430  0.017744  0.322491  0.788336  0.523952  -0.882957  0.450027  -0.133651  -0.341154  -0.419526  0.841197  -0.010068  -0.009211  -0.009591  0.000000  0.000000  0.000000  1.000000  
131.498112 0.017646  0.011416  0.017730  0.322673  0.788244  0.523979  -0.882891  0.450189  -0.133543  -0.341154  -0.419526  0.841197  -0.010728  -0.009685  -0.010170  0.000000  0.000000  0.000000  1.000000  
131.499119 0.017637  0.011410  0.017722  0.322673  0.788244  0.523979  -0.882891  0.450189  -0.133543  -0.341154  -0.419526  0.841197  -0.010274  -0.009062  -0.009772  0.000000  0.000000  0.000000  1.000000  
131.500361 0.017625  0.011402  0.017714  0.322673  0.788244  0.523979  -0.882891  0.450189  -0.133543  -0.341154  -0.419526  0.841197  -0.010145  -0.008549  -0.009136  0.000000  0.000000  0.000000  1.000000  
131.501372 0.017611  0.011395  0.017705  0.322673  0.788244  0.523979  -0.882891  0.450189  -0.133543  -0.341154  -0.419526  0.841197  -0.010661  -0.008320  -0.009052  0.000000  0.000000  0.000000  1.000000  
131.502376 0.017595  0.011388  0.017697  0.322673  0.788244  0.523979  -0.882891  0.450189  -0.133543  -0.341154  -0.419526  0.841197  -0.011348  -0.008117  -0.009022  0.000000  0.000000  0.000000  1.000000  
131.503623 0.017576  0.011381  0.017685  0.322673  0.788307  0.523883  -0.882891  0.450173  -0.133597  -0.341154  -0.419424  0.841248  -0.011817  -0.007851  -0.009052  0.000000  0.000000  0.000000  1.000000  
131.504859 0.017560  0.011372  0.017675  0.322689  0.788390  0.523749  -0.882934  0.450104  -0.133546  -0.341028  -0.419342  0.841340  -0.011888  -0.007747  -0.008920  0.000000  0.000000  0.000000  1.000000  
131.506102 0.017545  0.011363  0.017664  0.322689  0.788453  0.523654  -0.882934  0.450088  -0.133601  -0.341028  -0.419240  0.841390  -0.011944  -0.007734  -0.008958  0.000000  0.000000  0.000000  1.000000  
131.507102 0.017529  0.011355  0.017651  0.322689  0.788453  0.523654  -0.882934  0.450088  -0.133601  -0.341028  -0.419240  0.841390  -0.012236  -0.007709  -0.009218  0.000000  0.000000  0.000000  1.000000  
131.508102 0.017509  0.011346  0.017636  0.322871  0.788424  0.523585  -0.882867  0.450234  -0.133548  -0.341028  -0.419138  0.841441  -0.012770  -0.007825  -0.009614  0.000000  0.000000  0.000000  1.000000  
131.509352 0.017481  0.011328  0.017614  0.323068  0.788478  0.523383  -0.882844  0.450311  -0.133443  -0.340902  -0.418954  0.841584  -0.013925  -0.008551  -0.010600  0.000000  0.000000  0.000000  1.000000  
131.510602 0.017452  0.011304  0.017591  0.323084  0.788624  0.523153  -0.882886  0.450226  -0.133447  -0.340777  -0.418770  0.841726  -0.015156  -0.009496  -0.011473  0.000000  0.000000  0.000000  1.000000  
131.511858 0.017425  0.011281  0.017571  0.323265  0.788658  0.522989  -0.882820  0.450356  -0.133448  -0.340777  -0.418566  0.841828  -0.015761  -0.009891  -0.011588  0.000000  0.000000  0.000000  1.000000  
131.513104 0.017397  0.011264  0.017555  0.323265  0.788722  0.522893  -0.882820  0.450340  -0.133503  -0.340777  -0.418464  0.841878  -0.016572  -0.010186  -0.011658  0.000000  0.000000  0.000000  1.000000  
131.514357 0.017371  0.011248  0.017541  0.323613  0.788580  0.522891  -0.882644  0.450701  -0.133448  -0.340902  -0.418341  0.841888  -0.017806  -0.010753  -0.012067  0.000000  0.000000  0.000000  1.000000  
131.515359 0.017350  0.011236  0.017529  0.323795  0.788551  0.522823  -0.882577  0.450847  -0.133395  -0.340902  -0.418239  0.841939  -0.018368  -0.011029  -0.012353  0.000000  0.000000  0.000000  1.000000  
131.516608 0.017325  0.011221  0.017507  0.323977  0.788458  0.522851  -0.882511  0.451010  -0.133287  -0.340902  -0.418239  0.841939  -0.018841  -0.011526  -0.013136  0.000000  0.000000  0.000000  1.000000  
131.517861 0.017303  0.011206  0.017482  0.324158  0.788429  0.522783  -0.882444  0.451156  -0.133235  -0.340902  -0.418137  0.841990  -0.018953  -0.011986  -0.013965  0.000000  0.000000  0.000000  1.000000  
131.519103 0.017282  0.011190  0.017455  0.324340  0.788399  0.522714  -0.882377  0.451302  -0.133182  -0.340902  -0.418035  0.842041  -0.019178  -0.012511  -0.015070  0.000000  0.000000  0.000000  1.000000  
131.520104 0.017265  0.011176  0.017433  0.324506  0.788350  0.522685  -0.882267  0.451501  -0.133235  -0.341028  -0.417913  0.842050  -0.019597  -0.013036  -0.016166  0.000000  0.000000  0.000000  1.000000  
131.521107 0.017247  0.011162  0.017411  0.324687  0.788257  0.522712  -0.882201  0.451663  -0.133127  -0.341028  -0.417913  0.842050  -0.019885  -0.013464  -0.016934  0.000000  0.000000  0.000000  1.000000  
131.522127 0.017228  0.011147  0.017390  0.324869  0.788228  0.522644  -0.882134  0.451809  -0.133074  -0.341028  -0.417810  0.842101  -0.020056  -0.013966  -0.017429  0.000000  0.000000  0.000000  1.000000  
131.523352 0.017200  0.011125  0.017363  0.325051  0.788135  0.522672  -0.882067  0.451971  -0.132967  -0.341028  -0.417810  0.842101  -0.020280  -0.014524  -0.017961  0.000000  0.000000  0.000000  1.000000  
131.524354 0.017178  0.011108  0.017344  0.325232  0.788169  0.522508  -0.882000  0.452101  -0.132969  -0.341028  -0.417606  0.842202  -0.020167  -0.014648  -0.017973  0.000000  0.000000  0.000000  1.000000  
131.525602 0.017152  0.011086  0.017325  0.325611  0.788065  0.522428  -0.881909  0.452357  -0.132703  -0.340902  -0.417524  0.842294  -0.019989  -0.014514  -0.017734  0.000000  0.000000  0.000000  1.000000  
131.526602 0.017132  0.011072  0.017312  0.325793  0.788099  0.522264  -0.881842  0.452487  -0.132705  -0.340902  -0.417320  0.842395  -0.019857  -0.014185  -0.017528  0.000000  0.000000  0.000000  1.000000  
131.527603 0.017111  0.011060  0.017301  0.325974  0.788069  0.522196  -0.881775  0.452633  -0.132652  -0.340902  -0.417218  0.842446  -0.019751  -0.014013  -0.017467  0.000000  0.000000  0.000000  1.000000  
131.528852 0.017085  0.011048  0.017283  0.326156  0.788102  0.522032  -0.881707  0.452763  -0.132655  -0.340902  -0.417013  0.842547  -0.019740  -0.013784  -0.017724  0.000000  0.000000  0.000000  1.000000  
131.529853 0.017065  0.011037  0.017265  0.326321  0.788116  0.521907  -0.881597  0.452946  -0.132763  -0.341028  -0.416789  0.842607  -0.019719  -0.013648  -0.018085  0.000000  0.000000  0.000000  1.000000  
131.530876 0.017047  0.011030  0.017245  0.326503  0.788086  0.521839  -0.881530  0.453092  -0.132710  -0.341028  -0.416686  0.842658  -0.019448  -0.013410  -0.018390  0.000000  0.000000  0.000000  1.000000  
131.532110 0.017026  0.011020  0.017219  0.326684  0.788120  0.521675  -0.881463  0.453222  -0.132713  -0.341028  -0.416482  0.842759  -0.019331  -0.013064  -0.018566  0.000000  0.000000  0.000000  1.000000  
131.533110 0.017007  0.011011  0.017199  0.326882  0.788172  0.521472  -0.881439  0.453300  -0.132610  -0.340902  -0.416298  0.842901  -0.019422  -0.012790  -0.018458  0.000000  0.000000  0.000000  1.000000  
131.534360 0.016981  0.010997  0.017176  0.327063  0.788142  0.521404  -0.881371  0.453446  -0.132557  -0.340902  -0.416196  0.842951  -0.019833  -0.012647  -0.018262  0.000000  0.000000  0.000000  1.000000  
131.535370 0.016957  0.010984  0.017158  0.327245  0.788112  0.521335  -0.881304  0.453592  -0.132505  -0.340902  -0.416093  0.843002  -0.020318  -0.012564  -0.017926  0.000000  0.000000  0.000000  1.000000  
131.536381 0.016934  0.010970  0.017141  0.327410  0.788062  0.521306  -0.881194  0.453791  -0.132558  -0.341028  -0.415971  0.843011  -0.020533  -0.012452  -0.017632  0.000000  0.000000  0.000000  1.000000  
131.537601 0.016903  0.010953  0.017119  0.327410  0.788126  0.521211  -0.881194  0.453774  -0.132613  -0.341028  -0.415869  0.843062  -0.020881  -0.012411  -0.017318  0.000000  0.000000  0.000000  1.000000  
131.538851 0.016872  0.010935  0.017097  0.327410  0.788189  0.521115  -0.881194  0.453758  -0.132668  -0.341028  -0.415766  0.843112  -0.021146  -0.012109  -0.017084  0.000000  0.000000  0.000000  1.000000  
131.539854 0.016847  0.010920  0.017078  0.327592  0.788095  0.521142  -0.881126  0.453921  -0.132561  -0.341028  -0.415766  0.843112  -0.021366  -0.011805  -0.017228  0.000000  0.000000  0.000000  1.000000  
131.541101 0.016816  0.010903  0.017053  0.327773  0.788065  0.521074  -0.881059  0.454067  -0.132509  -0.341028  -0.415664  0.843163  -0.021754  -0.011704  -0.017685  0.000000  0.000000  0.000000  1.000000  
131.542102 0.016793  0.010892  0.017030  0.327773  0.788128  0.520978  -0.881059  0.454051  -0.132564  -0.341028  -0.415562  0.843213  -0.021916  -0.011585  -0.018437  0.000000  0.000000  0.000000  1.000000  
131.543102 0.016770  0.010883  0.017007  0.327954  0.788098  0.520910  -0.880991  0.454197  -0.132512  -0.341028  -0.415460  0.843263  -0.022046  -0.011491  -0.019135  0.000000  0.000000  0.000000  1.000000  
131.544352 0.016742  0.010872  0.016977  0.327938  0.788142  0.520854  -0.880949  0.454233  -0.132673  -0.341154  -0.415337  0.843273  -0.022136  -0.011376  -0.019810  0.000000  0.000000  0.000000  1.000000  
131.545601 0.016714  0.010860  0.016949  0.327938  0.788268  0.520663  -0.880949  0.454201  -0.132783  -0.341154  -0.415132  0.843374  -0.022474  -0.011379  -0.020054  0.000000  0.000000  0.000000  1.000000  
131.546852 0.016684  0.010847  0.016923  0.328120  0.788238  0.520594  -0.880881  0.454347  -0.132731  -0.341154  -0.415030  0.843424  -0.023100  -0.011635  -0.020132  0.000000  0.000000  0.000000  1.000000  
131.547863 0.016659  0.010835  0.016904  0.328104  0.788345  0.520443  -0.880838  0.454367  -0.132947  -0.341280  -0.414805  0.843484  -0.023611  -0.011909  -0.020005  0.000000  0.000000  0.000000  1.000000  
131.549103 0.016624  0.010817  0.016883  0.328285  0.788377  0.520279  -0.880771  0.454497  -0.132950  -0.341280  -0.414601  0.843584  -0.024175  -0.012205  -0.019880  0.000000  0.000000  0.000000  1.000000  
131.550104 0.016594  0.010801  0.016866  0.328285  0.788504  0.520087  -0.880771  0.454464  -0.133060  -0.341280  -0.414396  0.843685  -0.024611  -0.012410  -0.019804  0.000000  0.000000  0.000000  1.000000  
131.551107 0.016566  0.010787  0.016847  0.328285  0.788630  0.519896  -0.880771  0.454432  -0.133170  -0.341280  -0.414191  0.843785  -0.024977  -0.012458  -0.019968  0.000000  0.000000  0.000000  1.000000  
131.552108 0.016539  0.010772  0.016825  0.328451  0.788580  0.519867  -0.880660  0.454630  -0.133224  -0.341405  -0.414069  0.843795  -0.025067  -0.012496  -0.020257  0.000000  0.000000  0.000000  1.000000  
131.553351 0.016506  0.010752  0.016795  0.328616  0.788656  0.519647  -0.880550  0.454796  -0.133388  -0.341531  -0.413742  0.843904  -0.025200  -0.012620  -0.020762  0.000000  0.000000  0.000000  1.000000  
131.554353 0.016480  0.010737  0.016769  0.328781  0.788669  0.519523  -0.880439  0.454978  -0.133498  -0.341657  -0.413517  0.843963  -0.025229  -0.012626  -0.021210  0.000000  0.000000  0.000000  1.000000  
131.555601 0.016448  0.010719  0.016737  0.328946  0.788745  0.519303  -0.880329  0.455143  -0.133662  -0.341783  -0.413190  0.844073  -0.025339  -0.012696  -0.021719  0.000000  0.000000  0.000000  1.000000  
131.556851 0.016416  0.010703  0.016703  0.329112  0.788821  0.519083  -0.880218  0.455309  -0.133827  -0.341908  -0.412862  0.844182  -0.025538  -0.012864  -0.022216  0.000000  0.000000  0.000000  1.000000  
131.558101 0.016384  0.010688  0.016669  0.329261  0.788877  0.518903  -0.880065  0.455526  -0.134097  -0.342160  -0.412515  0.844250  -0.025708  -0.012983  -0.022562  0.000000  0.000000  0.000000  1.000000  
131.559351 0.016353  0.010672  0.016636  0.329591  0.788840  0.518750  -0.879843  0.455905  -0.134261  -0.342411  -0.412168  0.844318  -0.025962  -0.013298  -0.022785  0.000000  0.000000  0.000000  1.000000  
131.560351 0.016326  0.010657  0.016611  0.329740  0.788833  0.518666  -0.879690  0.456138  -0.134476  -0.342663  -0.411923  0.844335  -0.026279  -0.013798  -0.022971  0.000000  0.000000  0.000000  1.000000  
131.561601 0.016291  0.010635  0.016579  0.330054  0.788839  0.518457  -0.879425  0.456553  -0.134802  -0.343040  -0.411453  0.844411  -0.026658  -0.014384  -0.023346  0.000000  0.000000  0.000000  1.000000  
131.562851 0.016252  0.010611  0.016547  0.330367  0.788907  0.518154  -0.879160  0.456950  -0.135183  -0.343417  -0.410880  0.844537  -0.027122  -0.014953  -0.023839  0.000000  0.000000  0.000000  1.000000  
131.563853 0.016222  0.010592  0.016520  0.330697  0.788931  0.517906  -0.878938  0.457312  -0.135403  -0.343668  -0.410430  0.844653  -0.027279  -0.015231  -0.024487  0.000000  0.000000  0.000000  1.000000  
131.564865 0.016192  0.010574  0.016492  0.330829  0.789093  0.517575  -0.878741  0.457546  -0.135891  -0.344045  -0.409858  0.844778  -0.027288  -0.015425  -0.025313  -0.176136  -0.038109  -0.177849  1.000000  
131.566115 0.016155  0.010551  0.016454  0.331142  0.789161  0.517272  -0.878475  0.457943  -0.136273  -0.344422  -0.409285  0.844902  -0.027372  -0.015674  -0.026175  -0.190194  -0.043441  -0.187772  1.000000  
131.567357 0.016119  0.010529  0.016416  0.331455  0.789290  0.516873  -0.878209  0.458322  -0.136711  -0.344799  -0.408610  0.845075  -0.027591  -0.015941  -0.026911  -0.205650  -0.049908  -0.205195  1.000000  
131.568608 0.016083  0.010507  0.016379  0.331768  0.789420  0.516475  -0.877943  0.458700  -0.137149  -0.345175  -0.407934  0.845248  -0.027768  -0.016152  -0.027308  -0.221245  -0.056423  -0.222752  1.000000  
131.569851 0.016045  0.010484  0.016344  0.332080  0.789549  0.516077  -0.877677  0.459079  -0.137588  -0.345552  -0.407259  0.845419  -0.028129  -0.016381  -0.027490  -0.241342  -0.065261  -0.232592  1.000000  
131.570853 0.016016  0.010468  0.016318  0.332392  0.789615  0.515775  -0.877410  0.459473  -0.137971  -0.345929  -0.406686  0.845541  -0.028380  -0.016510  -0.027452  -0.257233  -0.075177  -0.246230  1.000000  
131.571854 0.015986  0.010452  0.016292  0.332524  0.789837  0.515349  -0.877212  0.459687  -0.138517  -0.346305  -0.406010  0.845712  -0.028661  -0.016810  -0.027345  -0.275194  -0.084574  -0.257923  1.000000  
131.573102 0.015950  0.010431  0.016261  0.332819  0.790008  0.514896  -0.876901  0.460098  -0.139119  -0.346807  -0.405212  0.845889  -0.029056  -0.017180  -0.027159  -0.294770  -0.097239  -0.269329  1.000000  
131.574351 0.015911  0.010410  0.016227  0.332934  0.790336  0.514319  -0.876659  0.460328  -0.139882  -0.347309  -0.404311  0.846114  -0.029493  -0.017572  -0.027243  -0.320644  -0.106623  -0.280892  1.000000  
131.575353 0.015878  0.010389  0.016198  0.333245  0.790463  0.513922  -0.876392  0.460703  -0.140323  -0.347686  -0.403635  0.846282  -0.029944  -0.017908  -0.027560  -0.334810  -0.114129  -0.300738  1.000000  
131.576602 0.015835  0.010362  0.016161  0.333556  0.790777  0.513238  -0.876124  0.461026  -0.140933  -0.348062  -0.402651  0.846596  -0.030385  -0.018193  -0.027904  -0.365032  -0.123646  -0.312407  1.000000  
131.577602 0.015801  0.010340  0.016130  0.333490  0.791135  0.512727  -0.875950  0.461107  -0.141748  -0.348564  -0.401852  0.846769  -0.030625  -0.018403  -0.028278  -0.382344  -0.134920  -0.315710  1.000000  
131.578852 0.015759  0.010312  0.016090  0.333801  0.791385  0.512139  -0.875682  0.461446  -0.142302  -0.348940  -0.400970  0.847032  -0.030864  -0.018655  -0.028720  -0.404045  -0.144320  -0.327107  1.000000  
131.579854 0.015727  0.010291  0.016058  0.333914  0.791649  0.511658  -0.875438  0.461688  -0.143012  -0.349441  -0.400171  0.847204  -0.031023  -0.018840  -0.028958  -0.425829  -0.157751  -0.340527  1.000000  
131.580880 0.015694  0.010271  0.016027  0.334044  0.791993  0.511040  -0.875238  0.461862  -0.143673  -0.349817  -0.399289  0.847465  -0.031234  -0.019023  -0.028953  -0.446929  -0.168498  -0.354630  1.000000  
131.582107 0.015652  0.010245  0.015990  0.334174  0.792398  0.510326  -0.875038  0.462017  -0.144390  -0.350193  -0.398304  0.847773  -0.031666  -0.019285  -0.028900  -0.475886  -0.175510  -0.355732  1.000000  
131.583128 0.015619  0.010223  0.015963  0.334304  0.792741  0.509708  -0.874838  0.462189  -0.145051  -0.350569  -0.397421  0.848032  -0.031885  -0.019481  -0.028659  -0.499720  -0.185166  -0.362118  1.000000  
131.584359 0.015578  0.010197  0.015931  0.334597  0.793031  0.509065  -0.874525  0.462555  -0.145770  -0.351071  -0.396416  0.848295  -0.032147  -0.019706  -0.028469  -0.522090  -0.194954  -0.373916  1.000000  
131.585360 0.015546  0.010176  0.015905  0.334727  0.793372  0.508447  -0.874324  0.462725  -0.146432  -0.351446  -0.395533  0.848551  -0.032354  -0.019990  -0.028415  -0.546403  -0.203278  -0.377600  1.000000  
131.586611 0.015506  0.010151  0.015873  0.334840  0.793818  0.507677  -0.874080  0.462908  -0.147313  -0.351947  -0.394424  0.848860  -0.032548  -0.020364  -0.028438  -0.574834  -0.215759  -0.383206  1.000000  
131.587857 0.015463  0.010125  0.015838  0.335132  0.794167  0.506937  -0.873766  0.463252  -0.148090  -0.352448  -0.393315  0.849166  -0.032953  -0.020794  -0.028622  -0.600935  -0.221437  -0.392773  1.000000  
131.589102 0.015420  0.010095  0.015803  0.335244  0.794672  0.506071  -0.873521  0.463414  -0.149029  -0.352949  -0.392102  0.849519  -0.033284  -0.021300  -0.028753  -0.635958  -0.232735  -0.390616  1.000000  
131.590102 0.015385  0.010071  0.015776  0.335553  0.794977  0.505387  -0.873250  0.463725  -0.149645  -0.353325  -0.391115  0.849818  -0.033410  -0.021545  -0.028651  -0.662006  -0.234295  -0.398223  1.000000  
131.591352 0.015340  0.010041  0.015741  0.335845  0.795385  0.504551  -0.872935  0.464047  -0.150481  -0.353825  -0.389902  0.850167  -0.033548  -0.021761  -0.028493  -0.690424  -0.238742  -0.399892  1.000000  
131.592602 0.015296  0.010010  0.015708  0.335956  0.795948  0.503587  -0.872689  0.464185  -0.151477  -0.354326  -0.388586  0.850561  -0.033671  -0.021978  -0.027984  -0.721254  -0.246008  -0.395657  1.000000  
131.593852 0.015250  0.009981  0.015678  0.336247  0.796414  0.502655  -0.872374  0.464486  -0.152371  -0.354826  -0.387269  0.850953  -0.033904  -0.022099  -0.027458  -0.747534  -0.252442  -0.395911  1.000000  
131.594852 0.015215  0.009958  0.015655  0.336538  0.796697  0.502012  -0.872058  0.464840  -0.153096  -0.355327  -0.386261  0.851202  -0.034124  -0.022241  -0.026880  -0.761499  -0.254206  -0.403537  1.000000  
131.595854 0.015180  0.009935  0.015632  0.336666  0.797154  0.501200  -0.871856  0.464963  -0.153876  -0.355702  -0.385169  0.851540  -0.034330  -0.022414  -0.026360  -0.787747  -0.261218  -0.399189  1.000000  
131.597101 0.015135  0.009907  0.015605  0.337119  0.797563  0.500243  -0.871425  0.465452  -0.154831  -0.356327  -0.383728  0.851929  -0.034465  -0.022542  -0.025685  -0.813572  -0.267083  -0.408472  1.000000  
131.598113 0.015100  0.009882  0.015583  0.337246  0.798018  0.499431  -0.871222  0.465571  -0.155612  -0.356702  -0.382636  0.852264  -0.034671  -0.022795  -0.025335  -0.838739  -0.272382  -0.405587  1.000000  
131.599358 0.015054  0.009851  0.015555  0.337698  0.798425  0.498475  -0.870791  0.466056  -0.156570  -0.357327  -0.381194  0.852648  -0.034935  -0.023085  -0.025068  -0.864737  -0.274239  -0.413013  1.000000  
131.600362 0.015018  0.009827  0.015531  0.338005  0.798782  0.497695  -0.870518  0.466337  -0.157250  -0.357702  -0.380101  0.852979  -0.035232  -0.023367  -0.024931  -0.884830  -0.274574  -0.412643  1.000000  
131.601364 0.014981  0.009802  0.015508  0.338294  0.799180  0.496859  -0.870201  0.466645  -0.158093  -0.358201  -0.378885  0.853310  -0.035579  -0.023671  -0.024749  -0.902666  -0.280463  -0.421972  1.000000  
131.602603 0.014933  0.009770  0.015478  0.338761  0.799601  0.495862  -0.869813  0.467077  -0.158948  -0.358701  -0.377461  0.853731  -0.035947  -0.024074  -0.024413  -0.922434  -0.275683  -0.433501  1.000000  
131.603855 0.014882  0.009733  0.015450  0.339211  0.800002  0.494907  -0.869380  0.467555  -0.159911  -0.359325  -0.376018  0.854105  -0.036461  -0.024532  -0.023915  -0.944213  -0.277601  -0.440837  1.000000  
131.605127 0.014832  0.009699  0.015427  0.339678  0.800480  0.493813  -0.868991  0.467964  -0.160826  -0.359825  -0.374490  0.854566  -0.036831  -0.024802  -0.023093  -0.965443  -0.275342  -0.446009  1.000000  
131.606355 0.014780  0.009663  0.015406  0.340127  0.800937  0.492761  -0.868556  0.468417  -0.161849  -0.360449  -0.372942  0.854980  -0.037414  -0.025178  -0.022249  -0.983867  -0.281674  -0.455489  1.000000  
131.607602 0.014728  0.009629  0.015387  0.340575  0.801393  0.491710  -0.868122  0.468868  -0.162874  -0.361073  -0.371393  0.855391  -0.037826  -0.025387  -0.021438  -1.003253  -0.281059  -0.468699  1.000000  
131.608602 0.014685  0.009602  0.015372  0.340862  0.801782  0.490875  -0.867801  0.469165  -0.163724  -0.361572  -0.370175  0.855708  -0.038306  -0.025669  -0.020743  -1.017038  -0.283045  -0.476128  1.000000  
131.609633 0.014644  0.009576  0.015357  0.341166  0.802249  0.489901  -0.867526  0.469394  -0.164524  -0.361946  -0.368871  0.856113  -0.038648  -0.025821  -0.020170  -1.033837  -0.276595  -0.479342  1.000000  
131.610851 0.014591  0.009543  0.015338  0.341613  0.802759  0.488752  -0.867089  0.469819  -0.165610  -0.362570  -0.367218  0.856560  -0.039304  -0.026140  -0.019637  -1.050536  -0.278407  -0.491227  1.000000  
131.611854 0.014548  0.009516  0.015321  0.341881  0.803245  0.487765  -0.866723  0.470115  -0.166683  -0.363193  -0.365771  0.856914  -0.039780  -0.026452  -0.019203  -1.071411  -0.284347  -0.499974  1.000000  
131.613104 0.014495  0.009481  0.015302  0.342148  0.803907  0.486485  -0.866356  0.470349  -0.167928  -0.363816  -0.364012  0.857399  -0.040355  -0.026735  -0.018801  -1.093622  -0.290852  -0.509224  1.000000  
131.614359 0.014440  0.009445  0.015281  0.342594  0.804588  0.485044  -0.865918  0.470703  -0.169189  -0.364439  -0.362045  0.857967  -0.041061  -0.027140  -0.018232  -1.126423  -0.292946  -0.515915  1.000000  
131.615679 0.014384  0.009409  0.015262  0.342860  0.805245  0.483763  -0.865550  0.470930  -0.170437  -0.365062  -0.360285  0.858443  -0.041563  -0.027383  -0.017405  -1.146712  -0.293006  -0.524308  1.000000  
131.616859 0.014326  0.009372  0.015245  0.343305  0.805921  0.482321  -0.865111  0.471277  -0.171702  -0.365685  -0.358315  0.859002  -0.042387  -0.027830  -0.016739  -1.179295  -0.300234  -0.534488  1.000000  
131.617859 0.014279  0.009341  0.015232  0.343589  0.806416  0.481291  -0.864787  0.471515  -0.172674  -0.366183  -0.356885  0.859385  -0.042992  -0.028034  -0.015945  -1.196737  -0.298286  -0.539833  1.000000  
131.619104 0.014219  0.009302  0.015218  0.343854  0.807124  0.479911  -0.864418  0.471711  -0.173983  -0.366806  -0.355019  0.859893  -0.043647  -0.028291  -0.015083  -1.221302  -0.303441  -0.541197  1.000000  
131.620108 0.014171  0.009271  0.015206  0.344137  0.807616  0.478880  -0.864094  0.471945  -0.174957  -0.367303  -0.353588  0.860270  -0.044127  -0.028531  -0.014723  -1.234649  -0.305666  -0.548315  1.000000  
131.621355 0.014111  0.009232  0.015193  0.344580  0.808223  0.477536  -0.863653  0.472301  -0.176170  -0.367925  -0.351720  0.860769  -0.044666  -0.028745  -0.014218  -1.252398  -0.308250  -0.555446  1.000000  
131.622356 0.014063  0.009201  0.015180  0.344862  0.808711  0.476504  -0.863328  0.472530  -0.177147  -0.368423  -0.350288  0.861140  -0.045057  -0.028991  -0.014031  -1.266106  -0.310612  -0.562714  1.000000  
131.623604 0.014004  0.009163  0.015163  0.345126  0.809469  0.475025  -0.862957  0.472692  -0.178518  -0.369045  -0.348315  0.861674  -0.045487  -0.029315  -0.013889  -1.290414  -0.315826  -0.563877  1.000000  
131.624605 0.013955  0.009133  0.015149  0.345408  0.810068  0.473797  -0.862631  0.472872  -0.179611  -0.369542  -0.346673  0.862123  -0.045974  -0.029592  -0.013855  -1.314629  -0.316671  -0.563328  1.000000  
131.625608 0.013907  0.009104  0.015136  0.345512  0.810763  0.472531  -0.862376  0.472883  -0.180802  -0.370040  -0.345030  0.862569  -0.046298  -0.029760  -0.013663  -1.334747  -0.321671  -0.564510  1.000000  
131.626854 0.013846  0.009065  0.015121  0.345970  0.811432  0.471044  -0.861979  0.473159  -0.181972  -0.370537  -0.343073  0.863136  -0.046830  -0.030058  -0.013308  -1.354984  -0.318649  -0.562104  1.000000  
131.627857 0.013797  0.009034  0.015109  0.346074  0.812122  0.469777  -0.861723  0.473164  -0.183165  -0.371034  -0.341429  0.863574  -0.047256  -0.030330  -0.013047  -1.376867  -0.321112  -0.559080  1.000000  
131.629121 0.013735  0.008994  0.015097  0.346513  0.812883  0.468135  -0.861279  0.473431  -0.184560  -0.371655  -0.339242  0.864169  -0.047735  -0.030554  -0.012459  -1.402962  -0.324726  -0.562363  1.000000  
131.630238 0.013685  0.008963  0.015089  0.346635  0.813642  0.466724  -0.861069  0.473365  -0.185704  -0.372028  -0.337510  0.864686  -0.047753  -0.030524  -0.011877  -1.424387  -0.326882  -0.553755  1.000000  
131.631372 0.013621  0.008923  0.015079  0.346896  0.814437  0.465141  -0.860695  0.473479  -0.187140  -0.372648  -0.335426  0.865230  -0.048557  -0.030956  -0.011437  -1.456342  -0.335813  -0.550839  1.000000  
131.632609 0.013556  0.008882  0.015070  0.347353  0.815260  0.463355  -0.860296  0.473670  -0.188490  -0.373145  -0.333149  0.865895  -0.048999  -0.031151  -0.010987  -1.489267  -0.332954  -0.548553  1.000000  
131.633613 0.013505  0.008850  0.015062  0.347455  0.816050  0.461885  -0.860039  0.473613  -0.189801  -0.373642  -0.331292  0.866394  -0.049181  -0.031170  -0.010788  -1.515987  -0.336348  -0.541934  1.000000  
131.634863 0.013441  0.008808  0.015051  0.347911  0.816921  0.459998  -0.859639  0.473772  -0.191210  -0.374138  -0.328908  0.867087  -0.049489  -0.031368  -0.010544  -1.549484  -0.337798  -0.541508  1.000000  
131.636107 0.013377  0.008767  0.015039  0.348190  0.817829  0.458169  -0.859310  0.473782  -0.192658  -0.374634  -0.326627  0.867735  -0.049752  -0.031492  -0.010401  -1.579508  -0.337054  -0.532764  1.000000  
131.637108 0.013325  0.008734  0.015029  0.348487  0.818473  0.456792  -0.859027  0.473866  -0.193712  -0.375006  -0.324890  0.868226  -0.050061  -0.031682  -0.010257  -1.599554  -0.333747  -0.530409  1.000000  
131.638358 0.013260  0.008693  0.015017  0.348942  0.819276  0.455001  -0.858625  0.474037  -0.195069  -0.375502  -0.322607  0.868863  -0.050455  -0.031898  -0.009916  -1.627874  -0.330734  -0.527946  1.000000  
131.639607 0.013194  0.008651  0.015008  0.349220  0.820228  0.453069  -0.858295  0.474011  -0.196578  -0.375998  -0.320218  0.869532  -0.050839  -0.032176  -0.009348  -1.656280  -0.333572  -0.525007  1.000000  
131.640857 0.013126  0.008609  0.015002  0.349497  0.821120  0.451235  -0.857965  0.474005  -0.198030  -0.376494  -0.317933  0.870156  -0.051299  -0.032477  -0.008663  -1.682912  -0.331302  -0.518662  1.000000  
131.642107 0.013058  0.008566  0.014996  0.349951  0.821910  0.449441  -0.857562  0.474163  -0.199391  -0.376990  -0.315647  0.870773  -0.051772  -0.032807  -0.008050  -1.703168  -0.324155  -0.514568  1.000000  
131.643356 0.012989  0.008522  0.014992  0.350247  0.822864  0.447461  -0.857278  0.474084  -0.200795  -0.377362  -0.313271  0.871470  -0.052270  -0.033121  -0.007390  -1.723387  -0.317029  -0.510461  1.000000  
131.644357 0.012933  0.008486  0.014989  0.350561  0.823613  0.445835  -0.857040  0.474061  -0.201862  -0.377610  -0.311333  0.872056  -0.053188  -0.033680  -0.007043  -1.737612  -0.311213  -0.504112  1.000000  
131.645607 0.012861  0.008442  0.014986  0.350857  0.824557  0.443852  -0.856755  0.473975  -0.203268  -0.377981  -0.308955  0.872741  -0.053264  -0.033763  -0.006547  -1.765798  -0.304791  -0.501276  1.000000  
131.646857 0.012791  0.008397  0.014983  0.351347  0.825469  0.441765  -0.856445  0.473992  -0.204533  -0.378229  -0.306485  0.873504  -0.054306  -0.034459  -0.006238  -1.781718  -0.292850  -0.494490  1.000000  
131.647882 0.012735  0.008361  0.014981  0.351662  0.826259  0.440035  -0.856206  0.473935  -0.205660  -0.378477  -0.304438  0.874113  -0.053864  -0.034146  -0.005675  -1.802988  -0.283548  -0.492669  1.000000  
131.649111 0.012663  0.008316  0.014980  0.352152  0.827213  0.437845  -0.855895  0.473920  -0.206985  -0.378724  -0.301859  0.874899  -0.054440  -0.034491  -0.005122  -1.836558  -0.272328  -0.487452  1.000000  
131.650360 0.012592  0.008271  0.014980  0.352642  0.828108  0.435753  -0.855584  0.473926  -0.208254  -0.378972  -0.299384  0.875642  -0.054953  -0.034703  -0.004382  -1.858496  -0.258680  -0.488055  1.000000  
131.651360 0.012533  0.008235  0.014982  0.352955  0.828938  0.433918  -0.855345  0.473834  -0.209442  -0.379220  -0.297226  0.876270  -0.055487  -0.034929  -0.003516  -1.886678  -0.251223  -0.484283  1.000000  
131.652605 0.012459  0.008190  0.014987  0.353464  0.829890  0.431678  -0.855080  0.473772  -0.210662  -0.379343  -0.294658  0.877083  -0.056022  -0.035162  -0.002486  -1.915530  -0.235638  -0.477470  1.000000  
131.653607 0.012399  0.008153  0.014992  0.353973  0.830627  0.429840  -0.854815  0.473809  -0.211654  -0.379467  -0.292513  0.877747  -0.056574  -0.035449  -0.001463  -1.930392  -0.219546  -0.484252  1.000000  
131.654856 0.012323  0.008106  0.015000  0.354462  0.831553  0.427641  -0.854502  0.473776  -0.212985  -0.379715  -0.289925  0.878499  -0.057157  -0.035777  -0.000442  -1.954795  -0.208142  -0.479027  1.000000  
131.655863 0.012261  0.008068  0.015006  0.354813  0.832393  0.425711  -0.854356  0.473601  -0.213959  -0.379715  -0.287793  0.879200  -0.057660  -0.036111  0.000372  -1.972081  -0.190033  -0.478344  1.000000  
131.657106 0.012182  0.008017  0.015014  0.355146  0.833419  0.423420  -0.854163  0.473354  -0.215271  -0.379839  -0.285217  0.879985  -0.058403  -0.036561  0.001163  -1.995361  -0.180815  -0.467297  1.000000  
131.658107 0.012119  0.007978  0.015020  0.355478  0.834183  0.421632  -0.853970  0.473235  -0.216297  -0.379962  -0.283172  0.880592  -0.058995  -0.036887  0.001851  -2.008924  -0.166929  -0.468369  1.000000  
131.659356 0.012039  0.007927  0.015027  0.356005  0.835013  0.419539  -0.853750  0.473172  -0.217300  -0.379962  -0.280821  0.881344  -0.059588  -0.037275  0.002526  -2.023584  -0.149716  -0.470073  1.000000  
131.660607 0.011959  0.007877  0.015036  0.356337  0.836073  0.417140  -0.853556  0.472890  -0.218671  -0.380086  -0.278132  0.882143  -0.060147  -0.037625  0.003320  -2.039634  -0.133394  -0.461724  1.000000  
131.661611 0.011895  0.007837  0.015043  0.356689  0.836888  0.415201  -0.853410  0.472702  -0.219646  -0.380086  -0.275991  0.882816  -0.060712  -0.037942  0.004070  -2.056497  -0.120636  -0.453522  1.000000  
131.662853 0.011814  0.007787  0.015054  0.357040  0.837899  0.412854  -0.853263  0.472406  -0.220852  -0.380086  -0.273420  0.883615  -0.061485  -0.038382  0.004883  -2.062432  -0.104930  -0.446853  1.000000  
131.663860 0.011749  0.007746  0.015066  0.357235  0.838814  0.410820  -0.853236  0.472008  -0.221803  -0.379962  -0.271291  0.884325  -0.061886  -0.038580  0.005713  -2.077819  -0.083485  -0.435390  1.000000  
131.664860 0.011684  0.007705  0.015078  0.357586  0.839664  0.408774  -0.853089  0.471787  -0.222837  -0.379962  -0.269037  0.885013  -0.062447  -0.038937  0.006505  -2.092960  -0.075249  -0.428725  1.000000  
131.666109 0.011601  0.007654  0.015094  0.357938  0.840706  0.406318  -0.852942  0.471456  -0.224099  -0.379962  -0.266352  0.885825  -0.063110  -0.039434  0.007494  -2.112573  -0.057938  -0.418682  1.000000  
131.667356 0.011518  0.007602  0.015112  0.358133  0.841851  0.403768  -0.852915  0.470915  -0.225335  -0.379839  -0.263679  0.886677  -0.063754  -0.039842  0.008433  -2.134188  -0.043603  -0.403394  1.000000  
131.668603 0.011434  0.007550  0.015131  0.358504  0.842940  0.401158  -0.852814  0.470517  -0.226544  -0.379715  -0.260896  0.887553  -0.064365  -0.040221  0.009299  -2.150432  -0.023620  -0.396240  1.000000  
131.669605 0.011365  0.007508  0.015145  0.358699  0.843875  0.399010  -0.852787  0.470080  -0.227550  -0.379591  -0.258649  0.888263  -0.064906  -0.040524  0.009819  -2.169101  -0.009578  -0.384539  1.000000  
131.670854 0.011279  0.007454  0.015163  0.359070  0.844902  0.396498  -0.852686  0.469704  -0.228702  -0.379467  -0.255968  0.889092  -0.065498  -0.040899  0.010472  -2.185341  0.010546  -0.377591  1.000000  
131.671859 0.011210  0.007411  0.015177  0.359265  0.845777  0.394448  -0.852659  0.469291  -0.229650  -0.379343  -0.253824  0.889759  -0.065870  -0.041116  0.011048  -2.204364  0.027131  -0.361574  1.000000  
131.673103 0.011123  0.007356  0.015196  0.359460  0.846934  0.391780  -0.852632  0.468707  -0.230938  -0.379220  -0.251031  0.890604  -0.066412  -0.041471  0.011746  -2.225407  0.036777  -0.348559  1.000000  
131.674103 0.011052  0.007312  0.015212  0.359636  0.847785  0.389772  -0.852558  0.468320  -0.231994  -0.379220  -0.248869  0.891211  -0.066928  -0.041747  0.012439  -2.233396  0.048719  -0.344556  1.000000  
131.675353 0.010964  0.007257  0.015234  0.360007  0.848784  0.387249  -0.852456  0.467934  -0.233144  -0.379096  -0.246179  0.892010  -0.067426  -0.042029  0.013331  -2.244089  0.058572  -0.334613  1.000000  
131.676603 0.010875  0.007201  0.015257  0.360202  0.849917  0.384572  -0.852429  0.467341  -0.234430  -0.378972  -0.243378  0.892831  -0.068079  -0.042394  0.014248  -2.261284  0.070827  -0.317316  1.000000  
131.677853 0.010785  0.007146  0.015281  0.360397  0.851042  0.381891  -0.852401  0.466745  -0.235713  -0.378848  -0.240574  0.893643  -0.068637  -0.042692  0.015079  -2.278035  0.080872  -0.307779  1.000000  
131.678853 0.010713  0.007102  0.015300  0.360612  0.851895  0.379781  -0.852420  0.466289  -0.236546  -0.378600  -0.238432  0.894322  -0.069135  -0.042978  0.015660  -2.282993  0.095294  -0.296447  1.000000  
131.679862 0.010640  0.007057  0.015319  0.360807  0.852730  0.377716  -0.852393  0.465860  -0.237489  -0.378477  -0.236275  0.894947  -0.069600  -0.043255  0.016142  -2.290254  0.104461  -0.282905  1.000000  
131.681110 0.010549  0.007000  0.015343  0.361002  0.853788  0.375131  -0.852365  0.465285  -0.238713  -0.378353  -0.233572  0.895708  -0.070147  -0.043601  0.016581  -2.299762  0.112878  -0.267088  1.000000  
131.682356 0.010458  0.006942  0.015366  0.361198  0.854883  0.372439  -0.852337  0.464677  -0.239992  -0.378229  -0.230759  0.896489  -0.070741  -0.044066  0.016932  -2.314308  0.116166  -0.250474  1.000000  
131.683606 0.010365  0.006884  0.015390  0.361237  0.856077  0.369647  -0.852431  0.463862  -0.241235  -0.377981  -0.227955  0.897311  -0.071289  -0.044468  0.017314  -2.326106  0.122870  -0.228780  1.000000  
131.684607 0.010291  0.006837  0.015411  0.361432  0.856977  0.367364  -0.852403  0.463365  -0.242286  -0.377857  -0.225572  0.897965  -0.071710  -0.044726  0.017777  -2.340750  0.129092  -0.220487  1.000000  
131.685853 0.010196  0.006779  0.015437  0.361628  0.858048  0.364663  -0.852375  0.462748  -0.243560  -0.377733  -0.222752  0.898721  -0.072226  -0.045053  0.018263  -2.350768  0.133522  -0.206280  1.000000  
131.686853 0.010120  0.006732  0.015459  0.361843  0.858902  0.362433  -0.852393  0.462248  -0.244442  -0.377486  -0.220486  0.899383  -0.072708  -0.045284  0.018818  -2.360968  0.144129  -0.196792  1.000000  
131.687863 0.010044  0.006686  0.015483  0.361862  0.859834  0.360197  -0.852440  0.461597  -0.245508  -0.377362  -0.218206  0.899991  -0.073087  -0.045397  0.019467  -2.380325  0.149172  -0.182957  1.000000  
131.689103 0.009948  0.006628  0.015514  0.362077  0.860850  0.357544  -0.852458  0.460975  -0.246611  -0.377114  -0.215499  0.900747  -0.073656  -0.045639  0.020157  -2.384953  0.155151  -0.174416  1.000000  
131.690108 0.009871  0.006581  0.015539  0.362272  0.861674  0.355354  -0.852430  0.460496  -0.247600  -0.376990  -0.213216  0.901342  -0.074092  -0.045799  0.020684  -2.397520  0.161208  -0.161530  1.000000  
131.691353 0.009773  0.006522  0.015570  0.362487  0.862761  0.352487  -0.852448  0.459809  -0.248812  -0.376742  -0.210286  0.902134  -0.074655  -0.046020  0.021269  -2.406928  0.168091  -0.158372  1.000000  
131.692603 0.009675  0.006464  0.015601  0.362527  0.863932  0.349565  -0.852541  0.458940  -0.250095  -0.376494  -0.207353  0.902916  -0.075203  -0.046282  0.021727  -2.426015  0.172595  -0.139332  1.000000  
131.693853 0.009577  0.006404  0.015632  0.362742  0.864957  0.346796  -0.852559  0.458277  -0.251247  -0.376246  -0.204526  0.903664  -0.075738  -0.046536  0.022180  -2.430652  0.175126  -0.137547  1.000000  
131.695106 0.009478  0.006344  0.015662  0.362957  0.865974  0.344023  -0.852577  0.457611  -0.252397  -0.375998  -0.201697  0.904402  -0.076330  -0.046744  0.022630  -2.435555  0.181541  -0.124618  1.000000  
131.696357 0.009378  0.006284  0.015692  0.363016  0.867086  0.341148  -0.852716  0.456739  -0.253505  -0.375626  -0.198876  0.905181  -0.076893  -0.046937  0.023028  -2.441989  0.191033  -0.114574  1.000000  
131.697605 0.009278  0.006224  0.015724  0.363250  0.868053  0.338427  -0.852780  0.456075  -0.254485  -0.375254  -0.196162  0.905927  -0.077530  -0.047144  0.023614  -2.444981  0.197783  -0.106814  1.000000  
131.698613 0.009196  0.006176  0.015750  0.363290  0.868851  0.336331  -0.852872  0.455439  -0.255312  -0.375006  -0.194095  0.906475  -0.077952  -0.047203  0.024051  -2.438473  0.201844  -0.100900  1.000000  
131.699858 0.009095  0.006115  0.015785  0.363349  0.869978  0.333341  -0.853011  0.454530  -0.256467  -0.374634  -0.191156  0.907253  -0.078544  -0.047398  0.024684  -2.448217  0.207176  -0.086964  1.000000  
131.701106 0.008993  0.006055  0.015820  0.363388  0.871045  0.330500  -0.853103  0.453673  -0.257676  -0.374386  -0.188315  0.907950  -0.079037  -0.047498  0.025243  -2.455044  0.209751  -0.080318  1.000000  
131.702353 0.008890  0.005995  0.015855  0.363622  0.872058  0.327556  -0.853166  0.452938  -0.258757  -0.374014  -0.185370  0.908709  -0.079534  -0.047607  0.025618  -2.459164  0.216467  -0.078166  1.000000  
131.703353 0.008808  0.005948  0.015883  0.363681  0.872919  0.325191  -0.853304  0.452209  -0.259574  -0.373642  -0.183084  0.909325  -0.079862  -0.047635  0.025899  -2.468699  0.223810  -0.064869  1.000000  
131.704354 0.008726  0.005901  0.015910  0.363721  0.873763  0.322871  -0.853396  0.451502  -0.260501  -0.373393  -0.180787  0.909887  -0.080230  -0.047695  0.026008  -2.475286  0.226531  -0.058152  1.000000  
131.705356 0.008643  0.005854  0.015939  0.363779  0.874572  0.320607  -0.853534  0.450803  -0.261260  -0.373021  -0.178608  0.910469  -0.080585  -0.047692  0.026235  -2.477643  0.238032  -0.049370  1.000000  
131.706356 0.008561  0.005807  0.015966  0.363838  0.875413  0.318235  -0.853672  0.450071  -0.262071  -0.372648  -0.176317  0.911068  -0.080900  -0.047659  0.026388  -2.480420  0.245231  -0.041705  1.000000  
131.707603 0.008457  0.005748  0.016001  0.363740  0.876580  0.315120  -0.853930  0.448944  -0.263159  -0.372152  -0.173369  0.911837  -0.081233  -0.047729  0.026631  -2.490001  0.255412  -0.026988  1.000000  
131.708603 0.008374  0.005701  0.016030  0.363799  0.877407  0.312743  -0.854067  0.448209  -0.263965  -0.371779  -0.171073  0.912422  -0.081612  -0.047659  0.026985  -2.496677  0.258313  -0.020382  1.000000  
