1-Time 2-Px 3-Py 4-Pz 5-R11 6-R21 7-R31 8-R12 9-R22 10-R32 11-R13 12-R23 13-R33 14-Vx 15-Vy 16-Vz 17-Wx 18-Wy 19-Wz 20-state
60.687271 -0.012254  0.041627  -0.002595  0.957934  -0.128472  0.256626  -0.203753  0.325276  0.923407  -0.202106  -0.936851  0.285417  -0.005643  0.005868  0.015443  0.000000  0.000000  0.000000  1.000000  
60.688373 -0.012257  0.041630  -0.002586  0.957934  -0.128472  0.256626  -0.203753  0.325276  0.923407  -0.202106  -0.936851  0.285417  -0.003191  0.004413  0.012345  0.000000  0.000000  0.000000  1.000000  
60.689598 -0.012261  0.041624  -0.002570  0.957961  -0.128318  0.256604  -0.203758  0.325362  0.923375  -0.201975  -0.936843  0.285538  -0.003122  -0.001663  0.012305  0.000000  0.000000  0.000000  1.000000  
60.690599 -0.012263  0.041613  -0.002559  0.958003  -0.128385  0.256414  -0.203561  0.325336  0.923428  -0.201975  -0.936843  0.285538  -0.002830  -0.004784  0.012135  0.000000  0.000000  0.000000  1.000000  
60.691600 -0.012265  0.041603  -0.002548  0.958003  -0.128385  0.256414  -0.203561  0.325336  0.923428  -0.201975  -0.936843  0.285538  -0.002601  -0.006119  0.011780  0.000000  0.000000  0.000000  1.000000  
60.692616 -0.012266  0.041594  -0.002539  0.958003  -0.128416  0.256399  -0.203561  0.325224  0.923468  -0.201975  -0.936877  0.285425  -0.002377  -0.006611  0.011268  0.000000  0.000000  0.000000  1.000000  
60.693852 -0.012266  0.041580  -0.002528  0.958003  -0.128447  0.256383  -0.203561  0.325112  0.923507  -0.201975  -0.936912  0.285311  -0.001944  -0.007515  0.010733  0.000000  0.000000  0.000000  1.000000  
60.694854 -0.012265  0.041566  -0.002520  0.958045  -0.128576  0.256162  -0.203364  0.324861  0.923639  -0.201975  -0.936981  0.285084  -0.001468  -0.008415  0.010325  0.000000  0.000000  0.000000  1.000000  
60.696103 -0.012260  0.041546  -0.002508  0.958071  -0.128485  0.256109  -0.203369  0.324723  0.923686  -0.201844  -0.937041  0.284978  -0.000640  -0.009501  0.010190  0.000000  0.000000  0.000000  1.000000  
60.697348 -0.012253  0.041525  -0.002495  0.958113  -0.128582  0.255903  -0.203172  0.324584  0.923778  -0.201844  -0.937076  0.284864  0.000148  -0.010502  0.010229  0.000000  0.000000  0.000000  1.000000  
60.698349 -0.012246  0.041505  -0.002484  0.958128  -0.128803  0.255735  -0.202969  0.324472  0.923862  -0.201975  -0.937085  0.284743  0.000770  -0.011312  0.010294  0.000000  0.000000  0.000000  1.000000  
60.699600 -0.012238  0.041481  -0.002471  0.958128  -0.128834  0.255719  -0.202969  0.324360  0.923902  -0.201975  -0.937119  0.284629  0.001329  -0.012131  0.010325  0.000000  0.000000  0.000000  1.000000  
60.700848 -0.012233  0.041458  -0.002460  0.958102  -0.128988  0.255741  -0.202964  0.324274  0.923933  -0.202106  -0.937128  0.284507  0.001583  -0.012745  0.010188  0.000000  0.000000  0.000000  1.000000  
60.701848 -0.012232  0.041435  -0.002452  0.958143  -0.129054  0.255550  -0.202766  0.324247  0.923986  -0.202106  -0.937128  0.284507  0.001601  -0.013444  0.010075  0.000000  0.000000  0.000000  1.000000  
60.702848 -0.012230  0.041408  -0.002442  0.958143  -0.129054  0.255550  -0.202766  0.324247  0.923986  -0.202106  -0.937128  0.284507  0.001645  -0.014715  0.009994  0.000000  0.000000  0.000000  1.000000  
60.703851 -0.012229  0.041375  -0.002432  0.958185  -0.129121  0.255360  -0.202569  0.324221  0.924038  -0.202106  -0.937128  0.284507  0.002069  -0.017094  0.009743  0.000000  0.000000  0.000000  1.000000  
60.705098 -0.012226  0.041336  -0.002418  0.958185  -0.129121  0.255360  -0.202569  0.324221  0.924038  -0.202106  -0.937128  0.284507  0.002383  -0.018841  0.009766  0.000000  0.000000  0.000000  1.000000  
60.706105 -0.012224  0.041304  -0.002405  0.958253  -0.129065  0.255133  -0.202378  0.324168  0.924099  -0.201975  -0.937154  0.284515  0.002681  -0.020414  0.009841  0.000000  0.000000  0.000000  1.000000  
60.707347 -0.012222  0.041263  -0.002392  0.958253  -0.129065  0.255133  -0.202378  0.324168  0.924099  -0.201975  -0.937154  0.284515  0.002888  -0.022204  0.009903  0.000000  0.000000  0.000000  1.000000  
60.708348 -0.012220  0.041229  -0.002382  0.958212  -0.128999  0.255323  -0.202575  0.324195  0.924046  -0.201975  -0.937154  0.284515  0.003120  -0.023832  0.009955  0.000000  0.000000  0.000000  1.000000  
60.709359 -0.012217  0.041194  -0.002374  0.958212  -0.128999  0.255323  -0.202575  0.324195  0.924046  -0.201975  -0.937154  0.284515  0.003283  -0.025286  0.010032  0.000000  0.000000  0.000000  1.000000  
60.710606 -0.012210  0.041151  -0.002362  0.958265  -0.128784  0.255233  -0.202586  0.324031  0.924101  -0.201713  -0.937240  0.284417  0.003479  -0.026889  0.010048  0.000000  0.000000  0.000000  1.000000  
60.711607 -0.012203  0.041116  -0.002353  0.958291  -0.128661  0.255196  -0.202592  0.324005  0.924109  -0.201582  -0.937266  0.284425  0.003572  -0.028310  0.010046  0.000000  0.000000  0.000000  1.000000  
60.712851 -0.012193  0.041070  -0.002342  0.958344  -0.128447  0.255106  -0.202603  0.323841  0.924164  -0.201320  -0.937352  0.284327  0.003756  -0.029866  0.009843  0.000000  0.000000  0.000000  1.000000  
60.714103 -0.012183  0.041023  -0.002335  0.958355  -0.128166  0.255206  -0.202811  0.323703  0.924167  -0.201058  -0.937438  0.284229  0.003827  -0.031371  0.009428  0.000000  0.000000  0.000000  1.000000  
60.715348 -0.012176  0.040975  -0.002330  0.958339  -0.128007  0.255343  -0.203014  0.323591  0.924161  -0.200926  -0.937498  0.284123  0.003931  -0.033085  0.008973  0.000000  0.000000  0.000000  1.000000  
60.716599 -0.012170  0.040924  -0.002326  0.958308  -0.127629  0.255649  -0.203420  0.323592  0.924072  -0.200664  -0.937549  0.284139  0.004168  -0.034691  0.008501  0.000000  0.000000  0.000000  1.000000  
60.717848 -0.012164  0.040870  -0.002320  0.958345  -0.127194  0.255728  -0.203634  0.323540  0.924043  -0.200271  -0.937627  0.284162  0.004391  -0.035855  0.008131  0.000000  0.000000  0.000000  1.000000  
60.719098 -0.012157  0.040815  -0.002311  0.958355  -0.126882  0.255844  -0.203842  0.323514  0.924006  -0.200009  -0.937678  0.284178  0.004769  -0.036902  0.007883  0.000000  0.000000  0.000000  1.000000  
60.720098 -0.012152  0.040772  -0.002302  0.958366  -0.126539  0.255975  -0.204051  0.323600  0.923930  -0.199747  -0.937694  0.284307  0.005007  -0.037647  0.007616  0.000000  0.000000  0.000000  1.000000  
60.721098 -0.012148  0.040729  -0.002295  0.958376  -0.126227  0.256091  -0.204259  0.323574  0.923893  -0.199484  -0.937746  0.284322  0.005095  -0.038356  0.007392  0.000000  0.000000  0.000000  1.000000  
60.722350 -0.012143  0.040677  -0.002285  0.958370  -0.125694  0.256375  -0.204670  0.323659  0.923772  -0.199091  -0.937788  0.284459  0.005386  -0.039201  0.007101  0.000000  0.000000  0.000000  1.000000  
60.723624 -0.012136  0.040628  -0.002274  0.958364  -0.125162  0.256659  -0.205082  0.323744  0.923651  -0.198698  -0.937830  0.284596  0.005649  -0.039511  0.007030  0.000000  0.000000  0.000000  1.000000  
60.724853 -0.012126  0.040580  -0.002263  0.958357  -0.124598  0.256958  -0.205493  0.323941  0.923491  -0.198304  -0.937837  0.284847  0.005911  -0.039786  0.007100  0.000000  0.000000  0.000000  1.000000  
60.725854 -0.012116  0.040542  -0.002252  0.958366  -0.124224  0.257103  -0.205701  0.324138  0.923375  -0.198042  -0.937818  0.285090  0.006098  -0.040097  0.007146  0.000000  0.000000  0.000000  1.000000  
60.727101 -0.012104  0.040494  -0.002238  0.958359  -0.123660  0.257402  -0.206113  0.324334  0.923215  -0.197649  -0.937825  0.285340  0.006266  -0.040332  0.007337  0.000000  0.000000  0.000000  1.000000  
60.728350 -0.012093  0.040445  -0.002224  0.958335  -0.122875  0.257867  -0.206727  0.324640  0.922970  -0.197124  -0.937822  0.285712  0.006372  -0.040439  0.007623  0.000000  0.000000  0.000000  1.000000  
60.729351 -0.012085  0.040405  -0.002215  0.958370  -0.122346  0.257990  -0.206941  0.324922  0.922823  -0.196730  -0.937794  0.286077  0.006447  -0.040612  0.007966  -0.066982  -0.070871  0.209615  1.000000  
60.730600 -0.012076  0.040354  -0.002204  0.958362  -0.121751  0.258302  -0.207352  0.325228  0.922622  -0.196337  -0.937765  0.286441  0.006592  -0.040720  0.008377  -0.086026  -0.078578  0.230773  1.000000  
60.731601 -0.012068  0.040312  -0.002195  0.958353  -0.121155  0.258613  -0.207763  0.325534  0.922422  -0.195943  -0.937736  0.286805  0.006840  -0.040744  0.008874  -0.102357  -0.094067  0.249619  1.000000  
60.732848 -0.012058  0.040258  -0.002182  0.958319  -0.120650  0.258977  -0.208169  0.325978  0.922173  -0.195681  -0.937647  0.287276  0.007069  -0.040787  0.009251  -0.120396  -0.103501  0.260045  1.000000  
60.733848 -0.012049  0.040214  -0.002171  0.958352  -0.120121  0.259098  -0.208383  0.326259  0.922026  -0.195287  -0.937617  0.287640  0.007341  -0.040756  0.009463  -0.135231  -0.112431  0.276815  1.000000  
60.735098 -0.012038  0.040158  -0.002160  0.958318  -0.119615  0.259460  -0.208789  0.326702  0.921777  -0.195025  -0.937528  0.288110  0.007592  -0.040917  0.009528  -0.155390  -0.123651  0.291716  1.000000  
60.736348 -0.012026  0.040104  -0.002151  0.958308  -0.118987  0.259784  -0.209200  0.327118  0.921536  -0.194631  -0.937462  0.288588  0.008037  -0.040979  0.009427  -0.175765  -0.140423  0.306307  1.000000  
60.737348 -0.012016  0.040062  -0.002145  0.958316  -0.118580  0.259942  -0.209408  0.327424  0.921380  -0.194369  -0.937407  0.288944  0.008471  -0.040975  0.009341  -0.189368  -0.144251  0.316969  1.000000  
60.738620 -0.012000  0.040010  -0.002136  0.958280  -0.118074  0.260303  -0.209814  0.327866  0.921131  -0.194106  -0.937316  0.289414  0.009036  -0.041210  0.009195  -0.206908  -0.147954  0.327419  1.000000  
60.739848 -0.011983  0.039957  -0.002127  0.958288  -0.117603  0.260488  -0.210022  0.328396  0.920895  -0.193844  -0.937190  0.289998  0.009503  -0.041530  0.009083  -0.226833  -0.151841  0.331160  1.000000  
60.741099 -0.011966  0.039904  -0.002115  0.958252  -0.117065  0.260863  -0.210428  0.328949  0.920605  -0.193581  -0.937064  0.290582  0.009888  -0.041902  0.008949  -0.253743  -0.163314  0.339385  1.000000  
60.742101 -0.011953  0.039859  -0.002106  0.958190  -0.116649  0.261274  -0.210828  0.329528  0.920306  -0.193450  -0.936912  0.291158  0.010105  -0.042300  0.008754  -0.282954  -0.178862  0.341879  1.000000  
60.743103 -0.011940  0.039814  -0.002097  0.958172  -0.116300  0.261496  -0.211031  0.330083  0.920060  -0.193318  -0.936760  0.291734  0.010351  -0.042732  0.008654  -0.303284  -0.180091  0.337639  1.000000  
60.744354 -0.011925  0.039757  -0.002084  0.958110  -0.115819  0.261936  -0.211431  0.330885  0.919680  -0.193187  -0.936537  0.292537  0.010713  -0.043247  0.008742  -0.337168  -0.186426  0.339643  1.000000  
60.745602 -0.011910  0.039699  -0.002071  0.958049  -0.115338  0.262374  -0.211831  0.331686  0.919300  -0.193056  -0.936313  0.293339  0.011105  -0.043716  0.008873  -0.371116  -0.194137  0.337444  1.000000  
60.746851 -0.011896  0.039641  -0.002058  0.958030  -0.114892  0.262637  -0.212034  0.332575  0.918932  -0.192925  -0.936052  0.294256  0.011413  -0.044068  0.008948  -0.403692  -0.195321  0.333263  1.000000  
60.748100 -0.011882  0.039582  -0.002044  0.957993  -0.114224  0.263063  -0.212439  0.333571  0.918477  -0.192662  -0.935780  0.295293  0.011640  -0.044367  0.008990  -0.438038  -0.199979  0.332625  1.000000  
60.749349 -0.011868  0.039522  -0.002031  0.957906  -0.113799  0.263565  -0.212834  0.334620  0.918004  -0.192662  -0.935457  0.296314  0.011867  -0.044666  0.009031  -0.475752  -0.208880  0.326219  1.000000  
60.750600 -0.011852  0.039463  -0.002020  0.957843  -0.113251  0.264028  -0.213234  0.335642  0.917538  -0.192531  -0.935157  0.297343  0.012068  -0.044890  0.009070  -0.508045  -0.211354  0.317848  1.000000  
60.751605 -0.011840  0.039418  -0.002011  0.957755  -0.112888  0.264502  -0.213628  0.336467  0.917144  -0.192531  -0.934904  0.298137  0.012210  -0.045103  0.009243  -0.537942  -0.223419  0.309681  1.000000  
60.752849 -0.011826  0.039360  -0.002001  0.957667  -0.112460  0.265003  -0.214023  0.337514  0.916667  -0.192531  -0.934578  0.299157  0.012276  -0.045451  0.009361  -0.570576  -0.227291  0.296984  1.000000  
60.754098 -0.011809  0.039301  -0.001992  0.957535  -0.111929  0.265705  -0.214614  0.338695  0.916093  -0.192531  -0.934215  0.300291  0.012300  -0.045851  0.009385  -0.608610  -0.237626  0.286309  1.000000  
60.755349 -0.011792  0.039241  -0.001982  0.957402  -0.111365  0.266419  -0.215205  0.339986  0.915476  -0.192531  -0.933813  0.301537  0.012244  -0.046336  0.009342  -0.642535  -0.250930  0.279609  1.000000  
60.756599 -0.011777  0.039178  -0.001973  0.957269  -0.110799  0.267133  -0.215797  0.341276  0.914857  -0.192531  -0.933410  0.302783  0.012129  -0.046915  0.009174  -0.678923  -0.254757  0.267071  1.000000  
60.757602 -0.011765  0.039126  -0.001966  0.957205  -0.110244  0.267590  -0.216196  0.342292  0.914382  -0.192399  -0.933104  0.303810  0.012069  -0.047357  0.008953  -0.708692  -0.263775  0.260838  1.000000  
60.758851 -0.011751  0.039061  -0.001960  0.957071  -0.109610  0.268328  -0.216788  0.343801  0.913676  -0.192399  -0.932623  0.305281  0.012015  -0.047967  0.008604  -0.750953  -0.271048  0.246046  1.000000  
60.760101 -0.011736  0.038995  -0.001954  0.956893  -0.108935  0.269239  -0.217576  0.345221  0.912953  -0.192399  -0.932178  0.306638  0.011998  -0.048512  0.008162  -0.786121  -0.289188  0.233256  1.000000  
60.761103 -0.011723  0.038943  -0.001949  0.956758  -0.108394  0.269935  -0.218167  0.346395  0.912367  -0.192399  -0.931805  0.307768  0.012100  -0.048930  0.007728  -0.814614  -0.302182  0.227127  1.000000  
60.762352 -0.011708  0.038875  -0.001942  0.956558  -0.107456  0.271017  -0.219157  0.348027  0.911508  -0.192268  -0.931306  0.309358  0.012161  -0.049542  0.007260  -0.866040  -0.326581  0.226965  1.000000  
60.763604 -0.011692  0.038808  -0.001936  0.956422  -0.106780  0.271761  -0.219748  0.349640  0.910748  -0.192268  -0.930779  0.310939  0.012304  -0.050042  0.006793  -0.908010  -0.336907  0.216536  1.000000  
60.764849 -0.011675  0.038742  -0.001929  0.956266  -0.105874  0.272664  -0.220541  0.351356  0.909896  -0.192137  -0.930236  0.312640  0.012457  -0.050373  0.006503  -0.955606  -0.351030  0.216840  1.000000  
60.766098 -0.011658  0.038679  -0.001922  0.956084  -0.105087  0.273605  -0.221328  0.353098  0.909030  -0.192137  -0.929666  0.314332  0.012568  -0.050761  0.006236  -1.003059  -0.367868  0.208585  1.000000  
60.767099 -0.011644  0.038628  -0.001917  0.955902  -0.104364  0.274518  -0.222116  0.354617  0.908246  -0.192137  -0.929169  0.315798  0.012730  -0.051167  0.006001  -1.047782  -0.389826  0.206666  1.000000  
60.768349 -0.011626  0.038564  -0.001909  0.955698  -0.103310  0.275625  -0.223105  0.356567  0.907240  -0.192006  -0.928540  0.317722  0.012898  -0.051609  0.005845  -1.105529  -0.410649  0.209351  1.000000  
60.769598 -0.011608  0.038498  -0.001903  0.955514  -0.102379  0.276609  -0.223892  0.358742  0.906188  -0.192006  -0.927805  0.319861  0.012995  -0.051945  0.005680  -1.160136  -0.428650  0.205837  1.000000  
60.770848 -0.011590  0.038432  -0.001896  0.955283  -0.101369  0.277776  -0.224876  0.360934  0.905073  -0.192006  -0.927066  0.321998  0.013051  -0.052255  0.005550  -1.226783  -0.454097  0.206033  1.000000  
60.771850 -0.011576  0.038379  -0.001892  0.955097  -0.100532  0.278717  -0.225662  0.362772  0.904142  -0.192006  -0.926439  0.323797  0.013214  -0.052416  0.005270  -1.274429  -0.468210  0.206626  1.000000  
60.773099 -0.011559  0.038311  -0.001889  0.954818  -0.099404  0.280075  -0.226842  0.365088  0.902914  -0.192006  -0.925651  0.326043  0.013379  -0.052610  0.005025  -1.331051  -0.497378  0.211982  1.000000  
60.774351 -0.011542  0.038243  -0.001887  0.954562  -0.098116  0.281399  -0.228027  0.367479  0.901644  -0.191874  -0.924842  0.328409  0.013552  -0.052817  0.004689  -1.392814  -0.522569  0.221348  1.000000  
60.775611 -0.011522  0.038174  -0.001885  0.954279  -0.096908  0.282772  -0.229206  0.370004  0.900312  -0.191874  -0.923962  0.330875  0.013897  -0.052996  0.004412  -1.462063  -0.553453  0.228466  1.000000  
60.776852 -0.011501  0.038103  -0.001884  0.954020  -0.095573  0.284097  -0.230391  0.372495  0.898981  -0.191743  -0.923100  0.333349  0.014232  -0.053252  0.004029  -1.524783  -0.580406  0.233982  1.000000  
60.778102 -0.011480  0.038032  -0.001882  0.953687  -0.094239  0.285656  -0.231765  0.375138  0.897528  -0.191743  -0.922166  0.335923  0.014593  -0.053507  0.003682  -1.589692  -0.619952  0.243951  1.000000  
60.779351 -0.011456  0.037963  -0.001881  0.953400  -0.092906  0.287048  -0.232943  0.377973  0.896032  -0.191743  -0.921143  0.338717  0.015006  -0.053712  0.003370  -1.664239  -0.646623  0.249730  1.000000  
60.780600 -0.011433  0.037893  -0.001881  0.953137  -0.091445  0.288389  -0.234127  0.380772  0.894537  -0.191612  -0.920136  0.341518  0.015462  -0.054116  0.002890  -1.724613  -0.664886  0.261970  1.000000  
60.781848 -0.011409  0.037822  -0.001883  0.952847  -0.090097  0.289768  -0.235304  0.383595  0.893021  -0.191612  -0.919096  0.344307  0.015920  -0.054640  0.002341  -1.800145  -0.689142  0.272309  1.000000  
60.783098 -0.011385  0.037750  -0.001885  0.952507  -0.088661  0.291325  -0.236677  0.386429  0.891435  -0.191612  -0.918048  0.347092  0.016265  -0.055161  0.001713  -1.872029  -0.720653  0.284927  1.000000  
60.784098 -0.011367  0.037691  -0.001886  0.952214  -0.087403  0.292660  -0.237853  0.388915  0.890040  -0.191612  -0.917118  0.349541  0.016583  -0.055595  0.001267  -1.926410  -0.739606  0.292695  1.000000  
60.785098 -0.011348  0.037632  -0.001890  0.951968  -0.086218  0.293807  -0.238833  0.391377  0.888697  -0.191612  -0.916182  0.351987  0.016864  -0.056007  0.000669  -1.990095  -0.758040  0.301173  1.000000  
60.786099 -0.011329  0.037572  -0.001893  0.951697  -0.085076  0.295016  -0.239807  0.394080  0.887239  -0.191743  -0.915130  0.354643  0.017258  -0.056510  0.000041  -2.055227  -0.778116  0.305267  1.000000  
60.787349 -0.011306  0.037497  -0.001898  0.951351  -0.083429  0.296600  -0.241178  0.397427  0.885373  -0.191743  -0.913833  0.357971  0.017640  -0.057018  -0.000570  -2.129670  -0.804198  0.311733  1.000000  
60.788603 -0.011283  0.037422  -0.001904  0.950927  -0.081735  0.298424  -0.242738  0.401026  0.883321  -0.191874  -0.912413  0.361506  0.017961  -0.057504  -0.001163  -2.221965  -0.837031  0.321626  1.000000  
60.789849 -0.011260  0.037347  -0.001910  0.950552  -0.080111  0.300057  -0.244102  0.404597  0.881315  -0.192006  -0.910979  0.365035  0.018220  -0.057914  -0.001602  -2.302097  -0.856229  0.326087  1.000000  
60.791099 -0.011237  0.037272  -0.001915  0.950174  -0.078439  0.301690  -0.245465  0.408266  0.879242  -0.192137  -0.909487  0.368669  0.018433  -0.058253  -0.002029  -2.387127  -0.875881  0.331278  1.000000  
60.792122 -0.011218  0.037212  -0.001920  0.949870  -0.076980  0.303020  -0.246639  0.411132  0.877576  -0.192137  -0.908320  0.371536  0.018634  -0.058365  -0.002499  -2.455353  -0.889645  0.334074  1.000000  
60.793356 -0.011193  0.037138  -0.001927  0.949464  -0.075329  0.304703  -0.247994  0.415024  0.875360  -0.192399  -0.906687  0.375369  0.018797  -0.058699  -0.003013  -2.547905  -0.917781  0.337998  1.000000  
60.794602 -0.011169  0.037064  -0.001934  0.949080  -0.073549  0.306328  -0.249356  0.418873  0.873136  -0.192531  -0.905061  0.379205  0.018873  -0.059049  -0.003587  -2.633325  -0.938972  0.339542  1.000000  
60.795605 -0.011150  0.037004  -0.001942  0.948695  -0.071942  0.307899  -0.250716  0.422183  0.871150  -0.192662  -0.903652  0.382485  0.018826  -0.059315  -0.004100  -2.710452  -0.958644  0.344926  1.000000  
60.796849 -0.011126  0.036927  -0.001953  0.948283  -0.070179  0.309571  -0.252070  0.426251  0.868775  -0.192925  -0.901879  0.386517  0.018810  -0.059696  -0.004795  -2.800783  -0.979980  0.346976  1.000000  
60.797850 -0.011108  0.036865  -0.001962  0.948023  -0.068572  0.310725  -0.253046  0.429586  0.866847  -0.192925  -0.900419  0.389905  0.018831  -0.059947  -0.005233  -2.871253  -0.986981  0.347902  1.000000  
60.799098 -0.011085  0.036787  -0.001975  0.947608  -0.066671  0.312402  -0.254399  0.433945  0.864276  -0.193187  -0.898469  0.394249  0.018759  -0.060268  -0.005927  -2.956690  -0.999741  0.347263  1.000000  
60.800098 -0.011067  0.036724  -0.001986  0.947268  -0.065033  0.313775  -0.255562  0.437408  0.862184  -0.193318  -0.896908  0.397723  0.018680  -0.060524  -0.006484  -3.029447  -1.019188  0.353365  1.000000  
60.801348 -0.011045  0.036644  -0.002000  0.946820  -0.062860  0.315562  -0.257115  0.441826  0.859466  -0.193450  -0.894896  0.402168  0.018604  -0.060895  -0.007163  -3.118368  -1.038303  0.360463  1.000000  
60.802348 -0.011028  0.036580  -0.002014  0.946424  -0.061108  0.317092  -0.258473  0.445279  0.857274  -0.193581  -0.893304  0.405627  0.018493  -0.061123  -0.007700  -3.194921  -1.053863  0.365151  1.000000  
60.803349 -0.011011  0.036517  -0.002026  0.946001  -0.059383  0.318679  -0.259822  0.448959  0.854943  -0.193844  -0.891577  0.409286  0.018497  -0.061383  -0.008283  -3.268592  -1.075058  0.367745  1.000000  
60.804599 -0.010990  0.036439  -0.002043  0.945467  -0.057071  0.320678  -0.261561  0.453685  0.851913  -0.194106  -0.889333  0.414017  0.018338  -0.061578  -0.009036  -3.366154  -1.097496  0.367193  1.000000  
60.805603 -0.010972  0.036376  -0.002057  0.945065  -0.055086  0.322209  -0.262916  0.457615  0.849390  -0.194237  -0.887442  0.417993  0.018294  -0.061767  -0.009709  -3.440099  -1.107934  0.371134  1.000000  
60.806848 -0.010950  0.036298  -0.002075  0.944555  -0.052907  0.324063  -0.264451  0.462428  0.846301  -0.194631  -0.885077  0.422797  0.018197  -0.062079  -0.010546  -3.535472  -1.125597  0.364316  1.000000  
60.807848 -0.010932  0.036237  -0.002090  0.944148  -0.050894  0.325568  -0.265805  0.466327  0.843734  -0.194762  -0.883147  0.426754  0.018139  -0.062106  -0.011092  -3.609545  -1.132270  0.366637  1.000000  
60.808853 -0.010915  0.036175  -0.002106  0.943769  -0.048999  0.326955  -0.266957  0.470438  0.841084  -0.195025  -0.881072  0.430904  0.017889  -0.062271  -0.011864  -3.700639  -1.143714  0.365739  1.000000  
60.810101 -0.010894  0.036098  -0.002127  0.943222  -0.046400  0.328906  -0.268691  0.475579  0.837633  -0.195287  -0.878448  0.436110  0.017697  -0.062430  -0.012600  -3.792586  -1.162777  0.365848  1.000000  
60.811101 -0.010877  0.036035  -0.002143  0.942728  -0.044279  0.330610  -0.270230  0.479674  0.834798  -0.195550  -0.876329  0.440237  0.017503  -0.062538  -0.013187  -3.874037  -1.183703  0.369946  1.000000  
60.812351 -0.010857  0.035957  -0.002164  0.942206  -0.041731  0.332424  -0.271760  0.485096  0.831161  -0.195943  -0.873464  0.445720  0.017331  -0.062594  -0.013806  -3.997075  -1.203196  0.369300  1.000000  
60.813601 -0.010837  0.035879  -0.002183  0.941707  -0.039050  0.334160  -0.273297  0.490459  0.827502  -0.196206  -0.870589  0.451196  0.017112  -0.062664  -0.014291  -4.093171  -1.207868  0.368970  1.000000  
60.814602 -0.010821  0.035814  -0.002199  0.941262  -0.036857  0.335660  -0.274639  0.494786  0.824476  -0.196468  -0.868233  0.455601  0.016984  -0.062808  -0.014624  -4.187320  -1.219691  0.368816  1.000000  
60.815606 -0.010806  0.035750  -0.002216  0.940815  -0.034650  0.337146  -0.275980  0.499096  0.821425  -0.196730  -0.865854  0.459994  0.016809  -0.062730  -0.014995  -4.267167  -1.232284  0.375116  1.000000  
60.816848 -0.010786  0.035670  -0.002238  0.940226  -0.031756  0.339068  -0.277701  0.504821  0.817336  -0.197124  -0.862640  0.465827  0.016719  -0.062754  -0.015449  -4.363611  -1.250575  0.377253  1.000000  
60.818098 -0.010766  0.035591  -0.002260  0.939717  -0.028873  0.340733  -0.279234  0.510376  0.813354  -0.197386  -0.859467  0.471546  0.016601  -0.062773  -0.015838  -4.456853  -1.250455  0.379797  1.000000  
60.819098 -0.010749  0.035528  -0.002279  0.939263  -0.026491  0.342176  -0.280573  0.514912  0.810028  -0.197649  -0.856834  0.476205  0.016578  -0.062810  -0.016179  -4.539317  -1.258776  0.379931  1.000000  
60.820101 -0.010732  0.035464  -0.002299  0.938807  -0.024052  0.343604  -0.281911  0.519524  0.806611  -0.197911  -0.854117  0.480952  0.016523  -0.062859  -0.016631  -4.634645  -1.269411  0.385039  1.000000  
60.821365 -0.010711  0.035386  -0.002325  0.938265  -0.021054  0.345276  -0.283433  0.525417  0.802249  -0.198304  -0.850585  0.487013  0.016461  -0.062791  -0.017203  -4.740660  -1.276826  0.386847  1.000000  
60.822600 -0.010690  0.035307  -0.002353  0.937687  -0.017857  0.347021  -0.285156  0.531147  0.797853  -0.198567  -0.847091  0.492958  0.016459  -0.063026  -0.017791  -4.838813  -1.291087  0.398210  1.000000  
60.823608 -0.010673  0.035244  -0.002376  0.937224  -0.015238  0.348394  -0.286491  0.535968  0.794142  -0.198829  -0.844101  0.497957  0.016348  -0.063086  -0.018262  -4.920336  -1.296951  0.403240  1.000000  
60.824849 -0.010653  0.035164  -0.002404  0.936641  -0.011913  0.350088  -0.288212  0.541822  0.789533  -0.199091  -0.840409  0.504059  0.016324  -0.063290  -0.018798  -5.019067  -1.302633  0.409846  1.000000  
60.825859 -0.010637  0.035100  -0.002427  0.936114  -0.009232  0.351575  -0.289738  0.546396  0.785814  -0.199353  -0.837476  0.508815  0.016245  -0.063385  -0.019249  -5.100508  -1.310933  0.419797  1.000000  
60.826872 -0.010622  0.035035  -0.002451  0.935585  -0.006362  0.353045  -0.291264  0.551324  0.781797  -0.199616  -0.834267  0.513958  0.016191  -0.063445  -0.019686  -5.187643  -1.328292  0.431387  1.000000  
60.828101 -0.010604  0.034954  -0.002480  0.934907  -0.002662  0.354884  -0.293165  0.557765  0.776500  -0.200009  -0.829995  0.520678  0.016055  -0.063740  -0.020371  -5.314451  -1.348802  0.441720  1.000000  
60.829102 -0.010589  0.034888  -0.002503  0.934397  0.000397  0.356233  -0.294697  0.562685  0.772360  -0.200140  -0.826671  0.525888  0.015991  -0.063887  -0.020889  -5.395460  -1.364315  0.458205  1.000000  
60.830349 -0.010571  0.034805  -0.002534  0.933798  0.004093  0.357776  -0.296411  0.568910  0.767126  -0.200402  -0.822390  0.532460  0.015900  -0.064088  -0.021598  -5.492033  -1.364501  0.465008  1.000000  
60.831354 -0.010557  0.034739  -0.002558  0.933258  0.007130  0.359136  -0.297932  0.573885  0.762819  -0.200664  -0.818905  0.537707  0.015785  -0.064189  -0.021999  -5.585814  -1.375028  0.472655  1.000000  
60.832599 -0.010538  0.034657  -0.002589  0.932679  0.011063  0.360539  -0.299653  0.580171  0.757370  -0.200795  -0.814420  0.544428  0.015695  -0.064382  -0.022588  -5.698992  -1.375985  0.489095  1.000000  
60.833601 -0.010523  0.034591  -0.002613  0.932158  0.014372  0.361766  -0.301180  0.585312  0.752795  -0.200926  -0.810681  0.549932  0.015600  -0.064577  -0.023026  -5.777124  -1.379755  0.501749  1.000000  
60.834848 -0.010504  0.034508  -0.002646  0.931511  0.018383  0.363249  -0.303090  0.591317  0.747316  -0.201058  -0.806230  0.556389  0.015483  -0.064879  -0.023473  -5.873526  -1.377195  0.520469  1.000000  
60.835848 -0.010489  0.034441  -0.002672  0.930985  0.021730  0.364411  -0.304616  0.596377  0.742660  -0.201189  -0.802410  0.561837  0.015354  -0.065128  -0.023883  -5.956592  -1.380152  0.531557  1.000000  
60.836849 -0.010473  0.034374  -0.002698  0.930456  0.025227  0.365534  -0.306140  0.601669  0.737748  -0.201320  -0.798347  0.567550  0.015256  -0.065376  -0.024097  -6.051601  -1.380548  0.546784  1.000000  
60.837849 -0.010458  0.034306  -0.002725  0.929925  0.028652  0.366631  -0.307664  0.606743  0.732944  -0.201451  -0.794382  0.573040  0.015160  -0.065744  -0.024480  -6.132091  -1.386733  0.565549  1.000000  
60.838852 -0.010444  0.034236  -0.002753  0.929455  0.031878  0.367555  -0.308995  0.611607  0.728326  -0.201582  -0.790520  0.578311  0.015012  -0.066155  -0.024767  -6.189592  -1.384002  0.574862  1.000000  
60.840098 -0.010425  0.034149  -0.002789  0.928727  0.036386  0.368973  -0.311090  0.617896  0.722099  -0.201713  -0.785417  0.585177  0.014905  -0.066695  -0.025297  -6.285893  -1.388970  0.595882  1.000000  
60.841099 -0.010412  0.034076  -0.002819  0.928214  0.040097  0.369880  -0.312620  0.623070  0.716975  -0.201713  -0.781138  0.590877  0.014800  -0.067176  -0.025693  -6.370846  -1.380638  0.611784  1.000000  
60.842103 -0.010398  0.034003  -0.002849  0.927698  0.043777  0.370757  -0.314148  0.628114  0.711888  -0.201713  -0.776889  0.596452  0.014747  -0.067793  -0.026228  -6.452339  -1.380618  0.637595  1.000000  
60.843355 -0.010381  0.033910  -0.002888  0.927023  0.048312  0.371878  -0.316048  0.634413  0.705431  -0.201844  -0.771483  0.603385  0.014646  -0.068548  -0.026899  -6.544811  -1.384658  0.659229  1.000000  
60.844355 -0.010367  0.033834  -0.002921  0.926502  0.052070  0.372671  -0.317575  0.639446  0.700183  -0.201844  -0.767071  0.608984  0.014600  -0.069389  -0.027551  -6.619864  -1.381369  0.679049  1.000000  
60.845603 -0.010350  0.033739  -0.002962  0.925714  0.057008  0.373903  -0.319863  0.645566  0.693493  -0.201844  -0.761574  0.615844  0.014484  -0.070031  -0.028215  -6.702296  -1.388570  0.709192  1.000000  
60.846849 -0.010332  0.033642  -0.003003  0.924947  0.062295  0.374957  -0.322157  0.651996  0.686378  -0.201713  -0.755659  0.623131  0.014501  -0.071023  -0.028869  -6.807776  -1.389140  0.746108  1.000000  
60.847854 -0.010318  0.033563  -0.003036  0.924348  0.066239  0.375756  -0.323871  0.656853  0.680920  -0.201713  -0.751104  0.628614  0.014449  -0.071899  -0.029469  -6.876598  -1.396017  0.773709  1.000000  
60.849098 -0.010300  0.033463  -0.003078  0.923571  0.071478  0.376707  -0.326162  0.662976  0.673855  -0.201582  -0.745220  0.635619  0.014358  -0.073103  -0.030153  -6.963560  -1.396380  0.811590  1.000000  
60.850099 -0.010286  0.033382  -0.003110  0.922965  0.075455  0.377415  -0.327873  0.667724  0.668314  -0.201582  -0.740575  0.641026  0.014303  -0.074062  -0.030549  -7.016810  -1.399786  0.831977  1.000000  
60.851348 -0.010267  0.033278  -0.003151  0.922177  0.080826  0.378227  -0.330161  0.673867  0.660982  -0.201451  -0.734418  0.648110  0.014221  -0.075391  -0.031129  -7.106971  -1.405025  0.874345  1.000000  
60.852348 -0.010253  0.033193  -0.003183  0.921589  0.085063  0.378731  -0.331878  0.678709  0.655142  -0.201320  -0.729464  0.653722  0.014152  -0.076573  -0.031476  -7.183488  -1.401641  0.902532  1.000000  
60.853349 -0.010239  0.033106  -0.003216  0.920930  0.089361  0.379346  -0.333784  0.683322  0.649352  -0.201189  -0.724627  0.659119  0.014096  -0.077840  -0.031858  -7.227472  -1.406522  0.930481  1.000000  
60.854599 -0.010222  0.032995  -0.003257  0.920102  0.094649  0.380070  -0.336058  0.689204  0.641921  -0.201189  -0.718359  0.665945  0.014018  -0.079308  -0.032187  -7.299500  -1.401416  0.961140  1.000000  
60.855612 -0.010208  0.032904  -0.003290  0.919478  0.098837  0.380515  -0.337762  0.693907  0.635932  -0.201189  -0.713249  0.671415  0.014013  -0.080608  -0.032480  -7.380465  -1.400376  0.986583  1.000000  
60.856848 -0.010191  0.032787  -0.003333  0.918590  0.104030  0.381274  -0.340014  0.699779  0.628251  -0.201451  -0.706744  0.678182  0.013973  -0.082255  -0.032773  -7.444505  -1.403496  1.006650  1.000000  
60.857848 -0.010177  0.032692  -0.003367  0.917767  0.108360  0.382049  -0.342075  0.704381  0.621958  -0.201713  -0.701502  0.683525  0.013995  -0.083734  -0.032991  -7.480834  -1.411308  1.028400  1.000000  
60.858851 -0.010164  0.032595  -0.003400  0.917011  0.112422  0.382692  -0.343944  0.708724  0.615964  -0.201975  -0.696471  0.688574  0.014010  -0.085163  -0.033071  -7.515077  -1.414541  1.046135  1.000000  
60.859852 -0.010150  0.032494  -0.003434  0.916225  0.116506  0.383352  -0.345803  0.713195  0.609732  -0.202368  -0.691215  0.693735  0.014039  -0.086834  -0.033178  -7.563439  -1.426118  1.066587  1.000000  
60.860854 -0.010136  0.032392  -0.003467  0.915363  0.120660  0.384124  -0.347848  0.717440  0.603558  -0.202761  -0.686091  0.698689  0.014044  -0.088680  -0.033120  -7.601461  -1.440413  1.082276  1.000000  
60.862101 -0.010118  0.032259  -0.003507  0.914158  0.126003  0.385278  -0.350624  0.722749  0.595564  -0.203416  -0.679527  0.704887  0.014007  -0.091075  -0.033058  -7.642458  -1.472716  1.105087  1.000000  
60.863351 -0.010101  0.032123  -0.003547  0.912896  0.131518  0.386424  -0.353594  0.727765  0.587647  -0.203940  -0.673098  0.710878  0.013947  -0.093588  -0.032936  -7.668083  -1.500654  1.139236  1.000000  
60.864596 -0.010084  0.031983  -0.003585  0.911673  0.136876  0.387451  -0.356362  0.732823  0.579635  -0.204595  -0.666510  0.716872  0.013888  -0.095993  -0.032805  -7.709409  -1.531936  1.162886  1.000000  
60.865600 -0.010071  0.031869  -0.003616  0.910614  0.141287  0.388356  -0.358760  0.736706  0.573198  -0.205119  -0.661288  0.721543  0.013756  -0.098383  -0.032640  -7.727670  -1.552799  1.181120  1.000000  
60.866848 -0.010056  0.031722  -0.003653  0.909225  0.146909  0.389523  -0.361894  0.741403  0.565114  -0.205774  -0.654782  0.727268  0.013618  -0.100917  -0.032436  -7.737736  -1.589172  1.212680  1.000000  
60.867848 -0.010044  0.031602  -0.003683  0.908151  0.151364  0.390322  -0.364285  0.745155  0.558606  -0.206297  -0.649487  0.731853  0.013478  -0.103197  -0.032243  -7.753353  -1.614467  1.236371  1.000000  
60.868849 -0.010032  0.031482  -0.003711  0.906969  0.155865  0.391297  -0.366850  0.748781  0.552041  -0.206952  -0.644231  0.736300  0.013366  -0.105681  -0.031910  -7.776720  -1.652829  1.266092  1.000000  
60.869851 -0.010020  0.031360  -0.003737  0.905881  0.160454  0.391962  -0.369234  0.752546  0.545290  -0.207475  -0.638693  0.740962  0.013273  -0.107809  -0.031356  -7.799161  -1.675033  1.289107  1.000000  
60.871101 -0.010005  0.031205  -0.003767  0.904429  0.166146  0.392942  -0.372338  0.757025  0.536915  -0.208261  -0.631909  0.746538  0.013083  -0.110497  -0.030565  -7.809529  -1.716290  1.317007  1.000000  
60.872349 -0.009991  0.031049  -0.003793  0.903017  0.171587  0.393851  -0.375240  0.761411  0.528628  -0.209177  -0.625149  0.751953  0.012900  -0.112740  -0.029548  -7.811112  -1.752226  1.334807  1.000000  
60.873350 -0.009979  0.030924  -0.003812  0.901880  0.176113  0.394457  -0.377602  0.764929  0.521825  -0.209831  -0.619571  0.756375  0.012783  -0.114921  -0.028446  -7.823321  -1.779060  1.358103  1.000000  
60.874351 -0.009967  0.030797  -0.003827  0.900737  0.180610  0.395036  -0.379959  0.768322  0.515085  -0.210485  -0.614054  0.760680  0.012593  -0.116561  -0.027293  -7.826875  -1.808705  1.378618  1.000000  
60.875351 -0.009956  0.030669  -0.003841  0.899534  0.185405  0.395554  -0.382510  0.771645  0.508183  -0.211008  -0.608431  0.765041  0.012418  -0.118594  -0.025895  -7.834211  -1.834881  1.402891  1.000000  
60.876365 -0.009944  0.030539  -0.003852  0.898377  0.189982  0.396011  -0.384860  0.774975  0.501294  -0.211662  -0.602760  0.769337  0.012252  -0.120136  -0.024430  -7.831904  -1.858035  1.417907  1.000000  
60.877606 -0.009930  0.030375  -0.003863  0.896949  0.195560  0.396534  -0.387750  0.778872  0.492959  -0.212446  -0.595915  0.774437  0.012073  -0.122240  -0.022442  -7.820827  -1.882616  1.429211  1.000000  
60.878852 -0.009915  0.030208  -0.003871  0.895616  0.201168  0.396740  -0.390461  0.782804  0.484518  -0.213100  -0.588854  0.779641  0.011971  -0.124173  -0.020416  -7.813885  -1.907664  1.446255  1.000000  
60.880099 -0.009899  0.030038  -0.003876  0.894114  0.207022  0.397118  -0.393535  0.786442  0.476066  -0.213754  -0.581937  0.784639  0.011932  -0.125928  -0.018326  -7.810318  -1.933401  1.473702  1.000000  
60.881102 -0.009886  0.029899  -0.003879  0.892953  0.211690  0.397270  -0.395880  0.789389  0.469194  -0.214276  -0.576239  0.788691  0.011936  -0.127556  -0.016296  -7.795394  -1.957963  1.491860  1.000000  
60.882348 -0.009869  0.029723  -0.003880  0.891431  0.217580  0.397506  -0.398945  0.792854  0.460679  -0.214930  -0.569246  0.793577  0.012011  -0.129444  -0.013860  -7.779679  -1.985559  1.517571  1.000000  
60.883350 -0.009854  0.029582  -0.003879  0.890198  0.222458  0.397567  -0.401477  0.795530  0.453815  -0.215322  -0.563599  0.797491  0.012220  -0.130870  -0.011891  -7.770348  -2.011890  1.544710  1.000000  
60.884598 -0.009835  0.029403  -0.003877  0.888683  0.228447  0.397561  -0.404542  0.798791  0.445285  -0.215844  -0.556547  0.802288  0.012517  -0.132470  -0.009756  -7.756989  -2.027045  1.571880  1.000000  
60.885599 -0.009819  0.029259  -0.003874  0.887434  0.233203  0.397589  -0.407065  0.801167  0.438668  -0.216236  -0.551134  0.805912  0.012788  -0.133851  -0.007872  -7.735578  -2.048576  1.603783  1.000000  
60.886848 -0.009798  0.029079  -0.003867  0.885730  0.239549  0.397616  -0.410485  0.804158  0.429921  -0.216759  -0.544010  0.810598  0.013221  -0.135529  -0.005586  -7.709591  -2.072334  1.652014  1.000000  
60.887852 -0.009781  0.028934  -0.003861  0.884464  0.244373  0.397498  -0.412999  0.806449  0.423168  -0.217151  -0.538443  0.814202  0.013655  -0.136997  -0.003678  -7.689498  -2.076526  1.679283  1.000000  
60.889100 -0.009758  0.028753  -0.003852  0.882849  0.250595  0.397215  -0.416237  0.809231  0.414599  -0.217543  -0.531364  0.818736  0.014185  -0.138586  -0.001728  -7.680890  -2.083939  1.732384  1.000000  
60.890352 -0.009735  0.028572  -0.003841  0.881135  0.256994  0.396932  -0.419649  0.811862  0.405924  -0.217934  -0.524246  0.823208  0.014773  -0.139954  0.000173  -7.669268  -2.093341  1.782316  1.000000  
60.891601 -0.009713  0.028390  -0.003828  0.879408  0.263306  0.396625  -0.423055  0.814297  0.397424  -0.218326  -0.517292  0.827492  0.015234  -0.141113  0.001750  -7.648953  -2.087248  1.827539  1.000000  
60.892604 -0.009696  0.028245  -0.003816  0.878045  0.268441  0.396203  -0.425743  0.816259  0.390466  -0.218587  -0.511527  0.830999  0.015589  -0.141963  0.003115  -7.640296  -2.082488  1.860594  1.000000  
60.893608 -0.009679  0.028100  -0.003802  0.876700  0.273545  0.395691  -0.428439  0.818035  0.383743  -0.218718  -0.505957  0.834368  0.015996  -0.142817  0.004680  -7.626375  -2.066490  1.893387  1.000000  
60.894852 -0.009659  0.027919  -0.003782  0.875017  0.279961  0.394926  -0.431865  0.820038  0.375541  -0.218718  -0.499160  0.838452  0.016276  -0.143650  0.006361  -7.606350  -2.045055  1.941383  1.000000  
60.896101 -0.009639  0.027736  -0.003759  0.873295  0.286606  0.393970  -0.435272  0.822245  0.366677  -0.218848  -0.491701  0.842814  0.016503  -0.144176  0.007984  -7.610181  -2.024691  1.985850  1.000000  
60.897353 -0.009619  0.027555  -0.003734  0.871405  0.293459  0.393110  -0.439043  0.824024  0.358086  -0.218848  -0.484630  0.846900  0.016713  -0.144558  0.009883  -7.592432  -2.004661  2.038410  1.000000  
60.898355 -0.009604  0.027409  -0.003712  0.869889  0.299070  0.392237  -0.442103  0.825367  0.351161  -0.218718  -0.478881  0.850198  0.016723  -0.144794  0.011299  -7.592537  -1.980013  2.083919  1.000000  
60.899600 -0.009585  0.027228  -0.003685  0.868061  0.305703  0.391171  -0.445681  0.826984  0.342734  -0.218718  -0.471852  0.854119  0.016662  -0.144956  0.012987  -7.568734  -1.959105  2.136599  1.000000  
60.900848 -0.009567  0.027049  -0.003657  0.866153  0.312558  0.389983  -0.449443  0.828410  0.334271  -0.218587  -0.464805  0.858007  0.016555  -0.144946  0.014542  -7.551490  -1.929851  2.193478  1.000000  
60.902099 -0.009548  0.026870  -0.003629  0.864160  0.319634  0.388667  -0.453389  0.829644  0.325776  -0.218326  -0.457739  0.861863  0.016442  -0.145305  0.016025  -7.543458  -1.908458  2.262763  1.000000  
60.903354 -0.009531  0.026690  -0.003600  0.862243  0.326390  0.387307  -0.457148  0.830727  0.317661  -0.218065  -0.450957  0.865497  0.016031  -0.144670  0.017386  -7.506463  -1.868528  2.329482  1.000000  
