1-Time 2-Px 3-Py 4-Pz 5-R11 6-R21 7-R31 8-R12 9-R22 10-R32 11-R13 12-R23 13-R33 14-Vx 15-Vy 16-Vz 17-Wx 18-Wy 19-Wz 20-state
116.154893 0.018378  0.007615  0.011992  0.386371  0.773573  0.502298  -0.878326  0.474814  -0.055633  -0.281534  -0.419686  0.862903  0.015814  0.007102  0.009466  -0.621663  -0.364929  0.656877  1.000000  
116.156047 0.018390  0.007619  0.012000  0.386009  0.773890  0.502087  -0.878485  0.474482  -0.055955  -0.281534  -0.419477  0.863005  0.016367  0.005831  0.011039  0.000000  0.000000  0.000000  1.000000  
116.157284 0.018398  0.007617  0.012004  0.385451  0.774343  0.501817  -0.878689  0.474035  -0.056543  -0.281663  -0.419146  0.863124  0.010370  0.000933  0.006201  0.000000  0.000000  0.000000  1.000000  
116.158299 0.018398  0.007609  0.012003  0.384908  0.774757  0.501594  -0.878926  0.473543  -0.056968  -0.281663  -0.418937  0.863225  0.006899  -0.001814  0.003687  0.000000  0.000000  0.000000  1.000000  
116.159610 0.018405  0.007606  0.012006  0.383988  0.775404  0.501299  -0.879288  0.472776  -0.057762  -0.281791  -0.418606  0.863344  0.006229  -0.002087  0.003198  0.000000  0.000000  0.000000  1.000000  
116.160787 0.018415  0.007606  0.012014  0.383068  0.776051  0.501003  -0.879648  0.472007  -0.058556  -0.281919  -0.418276  0.863462  0.006843  -0.001506  0.004059  0.000000  0.000000  0.000000  1.000000  
116.162020 0.018422  0.007607  0.012022  0.382510  0.776441  0.500825  -0.879850  0.471565  -0.059085  -0.282048  -0.418050  0.863530  0.006575  -0.001123  0.004544  0.000000  0.000000  0.000000  1.000000  
116.163053 0.018422  0.007607  0.012028  0.381951  0.776831  0.500646  -0.880051  0.471122  -0.059615  -0.282176  -0.417824  0.863597  0.005741  -0.000987  0.004620  -0.444227  -0.343450  0.510912  1.000000  
116.164268 0.018422  0.007609  0.012033  0.381770  0.777050  0.500445  -0.880130  0.470948  -0.059832  -0.282176  -0.417614  0.863698  0.004906  -0.000680  0.004616  -0.417699  -0.306621  0.461750  1.000000  
116.165290 0.018423  0.007610  0.012038  0.381770  0.777171  0.500256  -0.880130  0.470933  -0.059946  -0.282176  -0.417405  0.863800  0.004546  -0.000447  0.004638  -0.399273  -0.275259  0.414630  1.000000  
116.166525 0.018428  0.007610  0.012044  0.381604  0.777412  0.500009  -0.880243  0.470707  -0.060058  -0.282048  -0.417212  0.863935  0.004436  -0.000406  0.004620  -0.382160  -0.241969  0.390164  1.000000  
116.167772 0.018430  0.007608  0.012047  0.381060  0.777824  0.499784  -0.880478  0.470212  -0.060480  -0.282048  -0.417002  0.864036  0.004208  -0.000548  0.004418  -0.377370  -0.238460  0.393939  1.000000  
116.168773 0.018429  0.007605  0.012048  0.380864  0.777959  0.499723  -0.880522  0.470096  -0.060747  -0.282176  -0.416881  0.864053  0.003799  -0.000689  0.004145  -0.362694  -0.236050  0.373575  1.000000  
116.170021 0.018422  0.007598  0.012045  0.380849  0.778058  0.499580  -0.880488  0.470133  -0.060967  -0.282304  -0.416655  0.864120  0.003011  -0.001149  0.003602  -0.348467  -0.224187  0.338008  1.000000  
116.171031 0.018413  0.007586  0.012041  0.381030  0.778082  0.499404  -0.880409  0.470278  -0.060978  -0.282304  -0.416445  0.864221  0.001507  -0.002231  0.002710  -0.337830  -0.204305  0.305067  1.000000  
116.172272 0.018400  0.007568  0.012037  0.381226  0.778250  0.498993  -0.880365  0.470358  -0.060997  -0.282176  -0.416042  0.864457  0.000098  -0.003243  0.002178  -0.338275  -0.177172  0.275810  1.000000  
116.173277 0.018390  0.007555  0.012036  0.381226  0.778371  0.498804  -0.880365  0.470343  -0.061111  -0.282176  -0.415832  0.864558  -0.000538  -0.003591  0.002177  -0.332874  -0.167253  0.260437  1.000000  
116.174294 0.018384  0.007548  0.012037  0.381423  0.778417  0.498582  -0.880321  0.470437  -0.061017  -0.282048  -0.415639  0.864693  -0.001255  -0.003861  0.002114  -0.324761  -0.147425  0.240246  1.000000  
116.175365 0.018377  0.007543  0.012041  0.381604  0.778502  0.498311  -0.880243  0.470575  -0.061085  -0.282048  -0.415324  0.864844  -0.002402  -0.004310  0.001955  -0.322663  -0.135240  0.218601  1.000000  
116.176525 0.018368  0.007534  0.012043  0.381770  0.778564  0.498086  -0.880130  0.470764  -0.061260  -0.282176  -0.414993  0.864961  -0.003586  -0.004910  0.001556  -0.319469  -0.129448  0.195582  1.000000  
116.177775 0.018359  0.007526  0.012041  0.381951  0.778588  0.497910  -0.880051  0.470910  -0.061272  -0.282176  -0.414783  0.865061  -0.004181  -0.005359  0.001005  -0.309923  -0.118415  0.176823  1.000000  
116.179020 0.018353  0.007519  0.012034  0.382132  0.778612  0.497734  -0.879972  0.471055  -0.061284  -0.282176  -0.414574  0.865162  -0.004636  -0.006062  0.000071  -0.301437  -0.108565  0.160068  1.000000  
116.180024 0.018351  0.007514  0.012028  0.382314  0.778635  0.497557  -0.879894  0.471200  -0.061295  -0.282176  -0.414364  0.865263  -0.004931  -0.006517  -0.000675  -0.296674  -0.100675  0.146402  1.000000  
116.181274 0.018348  0.007508  0.012022  0.382314  0.778696  0.497463  -0.879894  0.471193  -0.061353  -0.282176  -0.414259  0.865313  -0.005410  -0.006907  -0.001483  -0.287070  -0.095824  0.139366  1.000000  
116.182274 0.018343  0.007502  0.012016  0.382510  0.778681  0.497335  -0.879850  0.471295  -0.061201  -0.282048  -0.414170  0.865397  -0.005877  -0.007185  -0.002038  -0.278764  -0.084623  0.129773  1.000000  
116.183525 0.018333  0.007493  0.012009  0.382510  0.778741  0.497241  -0.879850  0.471288  -0.061258  -0.282048  -0.414065  0.865447  -0.006513  -0.007625  -0.002625  -0.270721  -0.080870  0.124034  1.000000  
116.184774 0.018318  0.007479  0.012003  0.382510  0.778741  0.497241  -0.879850  0.471288  -0.061258  -0.282048  -0.414065  0.865447  -0.007063  -0.008068  -0.002874  -0.259251  -0.077444  0.118779  1.000000  
116.186032 0.018303  0.007462  0.012000  0.382329  0.778899  0.497133  -0.879928  0.471120  -0.061418  -0.282048  -0.413960  0.865498  -0.007314  -0.008159  -0.002709  -0.249057  -0.073303  0.110928  1.000000  
116.187038 0.018291  0.007451  0.012001  0.382344  0.778981  0.496993  -0.879963  0.471062  -0.061369  -0.281919  -0.413871  0.865582  -0.007343  -0.007916  -0.002432  -0.236983  -0.057095  0.097768  1.000000  
116.188274 0.018279  0.007442  0.012004  0.381996  0.779318  0.496732  -0.880155  0.470675  -0.061581  -0.281791  -0.413678  0.865716  -0.007431  -0.007545  -0.002137  -0.233298  -0.049772  0.093064  1.000000  
116.189277 0.018269  0.007440  0.012004  0.381996  0.779378  0.496638  -0.880155  0.470668  -0.061638  -0.281791  -0.413573  0.865766  -0.007683  -0.007212  -0.002162  -0.217435  -0.034289  0.071246  1.000000  
116.190528 0.018256  0.007438  0.012002  0.381815  0.779535  0.496531  -0.880234  0.470500  -0.061798  -0.281791  -0.413468  0.865817  -0.007990  -0.006862  -0.002754  0.000000  0.000000  0.000000  1.000000  
116.191774 0.018245  0.007437  0.011995  0.381453  0.779849  0.496316  -0.880391  0.470164  -0.062116  -0.281791  -0.413258  0.865917  -0.008134  -0.006382  -0.003286  -0.199231  -0.009150  0.039795  1.000000  
116.193022 0.018237  0.007438  0.011986  0.381090  0.780163  0.496101  -0.880548  0.469827  -0.062435  -0.281791  -0.413047  0.866017  -0.008148  -0.005760  -0.003559  -0.195876  -0.002196  0.035505  1.000000  
116.194270 0.018229  0.007440  0.011980  0.380546  0.780573  0.495873  -0.880783  0.469330  -0.062855  -0.281791  -0.412837  0.866117  -0.008367  -0.005193  -0.003485  0.000000  0.000000  0.000000  1.000000  
116.195270 0.018220  0.007441  0.011976  0.380380  0.780812  0.495625  -0.880896  0.469103  -0.062964  -0.281663  -0.412643  0.866251  -0.008786  -0.004815  -0.003366  -0.201605  -0.006705  0.055244  1.000000  
116.196276 0.018211  0.007440  0.011974  0.380017  0.781125  0.495409  -0.881052  0.468767  -0.063282  -0.281663  -0.412433  0.866352  -0.009228  -0.004547  -0.003095  -0.205099  -0.013669  0.059713  1.000000  
116.197523 0.018197  0.007437  0.011972  0.379836  0.781282  0.495302  -0.881131  0.468598  -0.063441  -0.281663  -0.412328  0.866402  -0.009676  -0.004183  -0.002745  0.000000  0.000000  0.000000  1.000000  
116.198771 0.018180  0.007432  0.011969  0.379488  0.781557  0.495135  -0.881322  0.468218  -0.063595  -0.281534  -0.412239  0.866486  -0.009974  -0.003792  -0.002518  -0.197430  -0.002648  0.057141  1.000000  
116.199772 0.018166  0.007427  0.011967  0.379125  0.781809  0.495014  -0.881478  0.467888  -0.063856  -0.281534  -0.412134  0.866536  -0.010097  -0.003464  -0.002399  -0.198900  -0.004338  0.071534  1.000000  
116.201023 0.018149  0.007419  0.011960  0.378580  0.782158  0.494879  -0.881712  0.467398  -0.064218  -0.281534  -0.412029  0.866586  -0.010224  -0.002876  -0.002673  0.000000  0.000000  0.000000  1.000000  
116.202275 0.018135  0.007412  0.011952  0.378217  0.782411  0.494758  -0.881867  0.467068  -0.064479  -0.281534  -0.411924  0.866636  -0.010266  -0.002436  -0.003316  0.000000  0.000000  0.000000  1.000000  
116.203532 0.018124  0.007410  0.011939  0.378021  0.782545  0.494695  -0.881911  0.466949  -0.064744  -0.281663  -0.411803  0.866651  -0.010140  -0.002083  -0.004409  -0.190016  -0.039362  0.113629  1.000000  
116.204777 0.018114  0.007412  0.011926  0.377839  0.782701  0.494587  -0.881988  0.466780  -0.064902  -0.281663  -0.411698  0.866701  -0.009898  -0.001774  -0.005142  -0.184254  -0.044691  0.124599  1.000000  
116.205781 0.018106  0.007414  0.011916  0.377658  0.782857  0.494479  -0.882066  0.466611  -0.065061  -0.281663  -0.411592  0.866751  -0.009817  -0.001604  -0.005653  -0.185603  -0.050759  0.137621  1.000000  
116.207069 0.018098  0.007417  0.011904  0.377673  0.782999  0.494243  -0.882101  0.466545  -0.065067  -0.281534  -0.411398  0.866885  -0.009679  -0.001394  -0.005863  -0.185137  -0.048242  0.153254  1.000000  
116.208273 0.018090  0.007416  0.011894  0.377673  0.783119  0.494053  -0.882101  0.466529  -0.065180  -0.281534  -0.411188  0.866985  -0.009758  -0.001544  -0.006059  -0.187372  -0.051136  0.159493  1.000000  
116.209328 0.018082  0.007413  0.011887  0.377673  0.783239  0.493863  -0.882101  0.466513  -0.065293  -0.281534  -0.410978  0.867085  -0.009812  -0.001827  -0.006134  -0.187026  -0.051003  0.159211  1.000000  
116.210520 0.018068  0.007407  0.011878  0.377658  0.783337  0.493719  -0.882066  0.466548  -0.065513  -0.281663  -0.410751  0.867150  -0.009989  -0.002281  -0.006588  -0.191826  -0.057507  0.162232  1.000000  
116.211769 0.018054  0.007400  0.011868  0.378021  0.783324  0.493461  -0.881911  0.466847  -0.065480  -0.281663  -0.410436  0.867300  -0.010132  -0.002651  -0.007012  -0.191999  -0.055830  0.148452  1.000000  
116.212769 0.018042  0.007393  0.011857  0.378202  0.783348  0.493284  -0.881833  0.466992  -0.065492  -0.281663  -0.410225  0.867399  -0.010060  -0.002870  -0.007750  -0.200083  -0.055811  0.148457  1.000000  
116.214017 0.018030  0.007386  0.011840  0.378580  0.783356  0.492980  -0.881712  0.467240  -0.065352  -0.281534  -0.409926  0.867583  -0.009797  -0.003056  -0.008562  -0.204338  -0.046104  0.138525  1.000000  
116.215019 0.018020  0.007379  0.011827  0.378943  0.783343  0.492722  -0.881556  0.467539  -0.065319  -0.281534  -0.409610  0.867732  -0.009483  -0.003111  -0.009194  -0.210269  -0.040748  0.127677  1.000000  
116.216024 0.018011  0.007372  0.011812  0.379306  0.783270  0.492559  -0.881400  0.467846  -0.065230  -0.281534  -0.409399  0.867831  -0.009200  -0.003079  -0.009985  -0.210829  -0.031921  0.108788  1.000000  
116.217268 0.017997  0.007363  0.011792  0.379851  0.783160  0.492314  -0.881165  0.468306  -0.065096  -0.281534  -0.409084  0.867980  -0.009187  -0.003300  -0.010631  -0.211289  -0.024641  0.083130  1.000000  
116.218518 0.017985  0.007357  0.011773  0.380213  0.783147  0.492056  -0.881009  0.468605  -0.065064  -0.281534  -0.408768  0.868129  -0.009244  -0.003511  -0.011085  -0.209412  -0.020166  0.063330  1.000000  
116.219519 0.017976  0.007355  0.011760  0.380576  0.783073  0.491893  -0.880852  0.468911  -0.064975  -0.281534  -0.408557  0.868228  -0.009388  -0.003805  -0.011304  -0.209570  -0.014509  0.051427  1.000000  
116.220523 0.017966  0.007351  0.011747  0.381120  0.782962  0.491648  -0.880617  0.469371  -0.064842  -0.281534  -0.408241  0.868377  -0.009525  -0.004111  -0.011428  -0.209927  -0.003218  0.027625  1.000000  
116.221528 0.017954  0.007346  0.011734  0.381664  0.782791  0.491498  -0.880381  0.469839  -0.064652  -0.281534  -0.408030  0.868476  -0.009875  -0.004750  -0.011664  -0.201882  0.010970  -0.002151  1.000000  
116.222534 0.017940  0.007338  0.011721  0.382404  0.782545  0.491315  -0.880101  0.470418  -0.064255  -0.281406  -0.407836  0.868609  -0.010389  -0.005299  -0.012043  -0.190122  0.032061  -0.036223  1.000000  
116.223775 0.017920  0.007326  0.011702  0.382947  0.782433  0.491070  -0.879865  0.470878  -0.064123  -0.281406  -0.407520  0.868757  -0.011084  -0.005953  -0.012653  -0.184531  0.046253  -0.066257  1.000000  
116.225024 0.017897  0.007313  0.011682  0.383506  0.782402  0.490683  -0.879663  0.471280  -0.063942  -0.281277  -0.407114  0.868989  -0.011790  -0.006485  -0.013484  -0.182957  0.060411  -0.096293  1.000000  
116.226272 0.017874  0.007299  0.011659  0.384049  0.782290  0.490438  -0.879426  0.471740  -0.063810  -0.281277  -0.406798  0.869137  -0.012367  -0.006916  -0.014343  -0.175863  0.073950  -0.125311  1.000000  
116.227518 0.017850  0.007285  0.011634  0.384592  0.782236  0.490098  -0.879188  0.472192  -0.063736  -0.281277  -0.406376  0.869334  -0.012983  -0.007312  -0.015044  -0.180278  0.085156  -0.149168  1.000000  
116.228768 0.017826  0.007272  0.011611  0.385135  0.782182  0.489758  -0.878951  0.472644  -0.063663  -0.281277  -0.405954  0.869531  -0.013712  -0.007646  -0.015628  -0.182751  0.095110  -0.180875  1.000000  
116.229768 0.017808  0.007264  0.011594  0.385512  0.782247  0.489358  -0.878826  0.472886  -0.063584  -0.281149  -0.405548  0.869762  -0.014419  -0.007780  -0.015842  -0.187175  0.110318  -0.202844  1.000000  
116.230769 0.017788  0.007255  0.011579  0.385889  0.782311  0.488958  -0.878702  0.473128  -0.063506  -0.281021  -0.405142  0.869993  -0.015071  -0.007878  -0.015803  -0.191588  0.125503  -0.224806  1.000000  
116.232024 0.017764  0.007247  0.011560  0.386431  0.782374  0.488428  -0.878464  0.473564  -0.063548  -0.281021  -0.404509  0.870287  -0.015810  -0.007876  -0.015755  -0.201897  0.143407  -0.262800  1.000000  
116.233268 0.017741  0.007240  0.011542  0.386627  0.782595  0.487919  -0.878418  0.473637  -0.063629  -0.280892  -0.403997  0.870567  -0.016596  -0.007979  -0.015675  -0.212550  0.155806  -0.268821  1.000000  
116.234270 0.017722  0.007234  0.011528  0.386989  0.782636  0.487566  -0.878259  0.473929  -0.063658  -0.280892  -0.403574  0.870763  -0.017068  -0.008098  -0.015677  -0.218941  0.164156  -0.286823  1.000000  
116.235517 0.017697  0.007226  0.011510  0.387170  0.782893  0.487009  -0.878179  0.474044  -0.063902  -0.280892  -0.402940  0.871056  -0.017913  -0.008379  -0.015844  -0.235297  0.169622  -0.298815  1.000000  
116.236520 0.017675  0.007217  0.011494  0.387366  0.783054  0.486595  -0.878134  0.474124  -0.063925  -0.280764  -0.402533  0.871286  -0.018585  -0.008636  -0.016027  -0.245518  0.172312  -0.304811  1.000000  
116.237537 0.017653  0.007206  0.011476  0.387546  0.783251  0.486134  -0.878054  0.474247  -0.064113  -0.280764  -0.402005  0.871530  -0.019199  -0.008787  -0.016319  -0.257870  0.176444  -0.313462  1.000000  
116.238778 0.017624  0.007193  0.011452  0.387742  0.783529  0.485529  -0.878009  0.474312  -0.064251  -0.280635  -0.401386  0.871856  -0.019789  -0.008890  -0.016709  -0.270311  0.181871  -0.315393  1.000000  
116.240030 0.017595  0.007179  0.011428  0.387923  0.783784  0.484972  -0.877929  0.474427  -0.064497  -0.280635  -0.400752  0.872148  -0.020164  -0.008912  -0.016873  -0.282385  0.189797  -0.321720  1.000000  
116.241276 0.017567  0.007165  0.011406  0.388119  0.784061  0.484368  -0.877884  0.474492  -0.064635  -0.280507  -0.400132  0.872473  -0.020436  -0.008917  -0.016789  -0.298701  0.193711  -0.319906  1.000000  
116.242520 0.017540  0.007150  0.011385  0.388300  0.784315  0.483811  -0.877804  0.474606  -0.064881  -0.280507  -0.399497  0.872764  -0.020723  -0.008959  -0.016524  -0.312952  0.190784  -0.314071  1.000000  
116.243522 0.017518  0.007140  0.011369  0.388480  0.784570  0.483253  -0.877724  0.474721  -0.065127  -0.280507  -0.398862  0.873055  -0.020909  -0.008969  -0.016354  -0.329256  0.186540  -0.316038  1.000000  
116.244768 0.017492  0.007129  0.011351  0.388676  0.784903  0.482553  -0.877678  0.474778  -0.065324  -0.280378  -0.398136  0.873427  -0.021032  -0.009012  -0.016206  -0.345455  0.184853  -0.302279  1.000000  
116.245768 0.017473  0.007120  0.011336  0.388857  0.785157  0.481995  -0.877598  0.474892  -0.065570  -0.280378  -0.397500  0.873717  -0.021003  -0.009035  -0.016153  -0.363776  0.181948  -0.296397  1.000000  
116.247018 0.017452  0.007110  0.011318  0.389038  0.785526  0.481247  -0.877518  0.474990  -0.065932  -0.280378  -0.396652  0.874102  -0.020800  -0.009100  -0.016143  -0.386860  0.177452  -0.288000  1.000000  
116.248024 0.017435  0.007103  0.011301  0.389414  0.785702  0.480654  -0.877392  0.475217  -0.065973  -0.280250  -0.396032  0.874425  -0.020728  -0.009294  -0.016300  -0.402265  0.182825  -0.288566  1.000000  
116.249267 0.017412  0.007092  0.011280  0.389775  0.786031  0.479824  -0.877231  0.475468  -0.066294  -0.280250  -0.395077  0.874857  -0.020665  -0.009459  -0.016520  -0.425283  0.178416  -0.280439  1.000000  
116.250267 0.017393  0.007081  0.011261  0.390137  0.786242  0.479184  -0.877071  0.475736  -0.066500  -0.280250  -0.394334  0.875192  -0.020634  -0.009790  -0.016782  -0.445940  0.178438  -0.280812  1.000000  
116.251267 0.017373  0.007067  0.011243  0.390498  0.786453  0.478543  -0.876910  0.476003  -0.066707  -0.280250  -0.393591  0.875526  -0.020586  -0.010087  -0.016976  -0.469757  0.172672  -0.268764  1.000000  
116.252520 0.017348  0.007050  0.011223  0.390874  0.786858  0.477569  -0.876784  0.476198  -0.066981  -0.280122  -0.392544  0.876037  -0.020379  -0.010411  -0.016916  -0.501929  0.166954  -0.256909  1.000000  
116.253534 0.017327  0.007037  0.011206  0.391431  0.787048  0.476799  -0.876576  0.476571  -0.067041  -0.279993  -0.391709  0.876452  -0.020124  -0.010563  -0.016632  -0.526128  0.172136  -0.257100  1.000000  
116.254769 0.017300  0.007020  0.011188  0.391972  0.787331  0.475886  -0.876334  0.476975  -0.067325  -0.279993  -0.390645  0.876927  -0.020018  -0.010798  -0.016312  -0.550874  0.167913  -0.259247  1.000000  
116.255770 0.017279  0.007007  0.011175  0.392528  0.787519  0.475115  -0.876126  0.477349  -0.067388  -0.279865  -0.389809  0.877339  -0.019965  -0.010924  -0.015995  -0.569271  0.174571  -0.263509  1.000000  
116.256772 0.017258  0.006994  0.011162  0.393250  0.787587  0.474407  -0.875803  0.477932  -0.067460  -0.279865  -0.388958  0.877717  -0.020060  -0.011117  -0.015885  -0.587607  0.177115  -0.269621  1.000000  
116.258020 0.017233  0.006978  0.011144  0.393986  0.787789  0.473459  -0.875513  0.478451  -0.067543  -0.279736  -0.387908  0.878223  -0.019696  -0.011121  -0.015557  -0.610200  0.183746  -0.273988  1.000000  
116.259266 0.017208  0.006963  0.011125  0.394903  0.787949  0.472429  -0.875141  0.479125  -0.067588  -0.279608  -0.386751  0.878774  -0.019616  -0.011364  -0.015517  -0.631805  0.190170  -0.289904  1.000000  
116.260272 0.017187  0.006949  0.011109  0.395639  0.788090  0.471576  -0.874849  0.479653  -0.067615  -0.279479  -0.385806  0.879230  -0.019722  -0.011740  -0.015653  -0.651468  0.194244  -0.298540  1.000000  
116.261517 0.017160  0.006933  0.011086  0.396734  0.788147  0.470559  -0.874394  0.480489  -0.067567  -0.279351  -0.384648  0.879778  -0.020084  -0.012169  -0.015970  -0.662655  0.207249  -0.318443  1.000000  
116.262518 0.017138  0.006919  0.011069  0.397470  0.788229  0.469801  -0.874101  0.481026  -0.067539  -0.279222  -0.383809  0.880185  -0.020399  -0.012565  -0.016102  -0.676625  0.214195  -0.333411  1.000000  
116.263768 0.017109  0.006902  0.011046  0.398580  0.788360  0.468639  -0.873677  0.481808  -0.067445  -0.278965  -0.382557  0.880811  -0.020855  -0.013079  -0.016188  -0.695045  0.234152  -0.357903  1.000000  
116.264768 0.017083  0.006884  0.011029  0.399495  0.788396  0.467799  -0.873301  0.482499  -0.067383  -0.278837  -0.381610  0.881263  -0.021322  -0.013517  -0.016098  -0.706375  0.248305  -0.379689  1.000000  
116.266017 0.017049  0.006861  0.011009  0.400604  0.788522  0.466636  -0.872874  0.483283  -0.067294  -0.278580  -0.380357  0.881886  -0.021954  -0.013988  -0.015888  -0.721215  0.269524  -0.406485  1.000000  
116.267268 0.017013  0.006838  0.010991  0.401729  0.788666  0.465424  -0.872480  0.484020  -0.067100  -0.278194  -0.379117  0.882541  -0.022692  -0.014367  -0.015688  -0.737916  0.287964  -0.427255  1.000000  
116.268517 0.016977  0.006817  0.010974  0.402838  0.788787  0.464259  -0.872051  0.484805  -0.067017  -0.277937  -0.377861  0.883160  -0.023344  -0.014692  -0.015529  -0.752707  0.304966  -0.455911  1.000000  
116.269771 0.016941  0.006795  0.010957  0.404141  0.788882  0.462963  -0.871571  0.485699  -0.066792  -0.277552  -0.376512  0.883858  -0.024030  -0.014990  -0.015429  -0.772071  0.335490  -0.491184  1.000000  
116.270788 0.016911  0.006778  0.010942  0.404890  0.789142  0.461866  -0.871305  0.486168  -0.066845  -0.277295  -0.375361  0.884427  -0.024534  -0.015228  -0.015531  -0.790248  0.346926  -0.507572  1.000000  
116.272028 0.016875  0.006758  0.010922  0.406028  0.789353  0.460504  -0.870938  0.486856  -0.066613  -0.276780  -0.374024  0.885155  -0.025214  -0.015507  -0.015772  -0.809437  0.376262  -0.531265  1.000000  
116.273276 0.016838  0.006738  0.010902  0.407151  0.789484  0.459286  -0.870537  0.487599  -0.066432  -0.276395  -0.372778  0.885801  -0.026085  -0.015897  -0.015934  -0.820469  0.401441  -0.556845  1.000000  
116.274527 0.016801  0.006717  0.010883  0.408109  0.789733  0.458004  -0.870251  0.488135  -0.066241  -0.275880  -0.371545  0.886479  -0.026862  -0.016163  -0.015859  -0.833210  0.423754  -0.576206  1.000000  
116.275770 0.016762  0.006695  0.010865  0.409068  0.790036  0.456625  -0.869964  0.488664  -0.066111  -0.275366  -0.370204  0.887199  -0.027569  -0.016522  -0.015674  -0.850310  0.450264  -0.594057  1.000000  
116.276773 0.016730  0.006676  0.010851  0.409831  0.790250  0.455569  -0.869727  0.489100  -0.066006  -0.274980  -0.369170  0.887750  -0.028394  -0.016931  -0.015333  -0.856895  0.469977  -0.607454  1.000000  
116.277827 0.016697  0.006657  0.010839  0.410610  0.790428  0.454558  -0.869522  0.489500  -0.065735  -0.274465  -0.368257  0.888288  -0.029042  -0.017282  -0.014897  -0.864151  0.486340  -0.613797  1.000000  
116.279017 0.016654  0.006631  0.010825  0.411404  0.790736  0.453303  -0.869349  0.489841  -0.065477  -0.273822  -0.367141  0.888948  -0.029986  -0.017756  -0.014400  -0.869190  0.510826  -0.619668  1.000000  
116.280025 0.016619  0.006609  0.010814  0.412183  0.790910  0.452290  -0.869142  0.490244  -0.065209  -0.273307  -0.366226  0.889484  -0.030583  -0.018041  -0.014057  -0.874568  0.533479  -0.624324  1.000000  
116.281077 0.016584  0.006587  0.010803  0.412782  0.791185  0.451262  -0.869020  0.490485  -0.065035  -0.272792  -0.365310  0.890018  -0.030909  -0.018177  -0.013664  -0.879458  0.551070  -0.622800  1.000000  
116.282267 0.016541  0.006562  0.010789  0.413576  0.791541  0.449908  -0.868844  0.490821  -0.064841  -0.272149  -0.364084  0.890718  -0.031490  -0.018443  -0.013479  -0.885944  0.573200  -0.630069  1.000000  
116.283268 0.016508  0.006542  0.010778  0.414175  0.791758  0.448975  -0.868720  0.491072  -0.064609  -0.271634  -0.363274  0.891205  -0.031815  -0.018635  -0.013285  -0.884966  0.586914  -0.624414  1.000000  
116.284268 0.016475  0.006522  0.010765  0.414595  0.792183  0.447835  -0.868680  0.491144  -0.064589  -0.271118  -0.362247  0.891780  -0.032046  -0.018799  -0.013216  -0.896640  0.598415  -0.613026  1.000000  
116.285517 0.016434  0.006498  0.010750  0.415389  0.792534  0.446478  -0.868502  0.491485  -0.064398  -0.270474  -0.361017  0.892474  -0.032411  -0.019011  -0.013042  -0.903070  0.616701  -0.612912  1.000000  
116.286524 0.016402  0.006481  0.010740  0.415809  0.792955  0.445337  -0.868461  0.491559  -0.064379  -0.269959  -0.359988  0.893046  -0.032498  -0.019023  -0.012698  -0.915108  0.627347  -0.594287  1.000000  
116.287787 0.016362  0.006459  0.010729  0.416407  0.793382  0.444015  -0.868335  0.491782  -0.064389  -0.269444  -0.358742  0.893703  -0.032747  -0.019165  -0.012021  -0.924944  0.636101  -0.583519  1.000000  
116.289026 0.016323  0.006436  0.010721  0.417022  0.793881  0.442545  -0.868239  0.491954  -0.064352  -0.268800  -0.357399  0.894434  -0.032867  -0.019303  -0.011323  -0.937416  0.646865  -0.565433  1.000000  
116.290027 0.016291  0.006417  0.010716  0.417620  0.794196  0.441414  -0.868111  0.492195  -0.064244  -0.268284  -0.356367  0.895001  -0.033097  -0.019491  -0.010635  -0.943800  0.656225  -0.554995  1.000000  
116.291277 0.016249  0.006393  0.010711  0.418234  0.794637  0.440037  -0.868015  0.492377  -0.064149  -0.267639  -0.355130  0.895685  -0.033126  -0.019515  -0.009734  -0.953746  0.664327  -0.530579  1.000000  
116.292516 0.016207  0.006367  0.010709  0.418848  0.795022  0.438756  -0.867917  0.492569  -0.063995  -0.266995  -0.354000  0.896325  -0.033239  -0.019674  -0.008891  -0.960454  0.672409  -0.514253  1.000000  
116.293523 0.016173  0.006345  0.010707  0.419446  0.795331  0.437622  -0.867787  0.492812  -0.063890  -0.266479  -0.352965  0.896886  -0.033165  -0.019726  -0.008168  -0.966088  0.677904  -0.497534  1.000000  
116.294768 0.016132  0.006317  0.010703  0.420059  0.795818  0.436146  -0.867688  0.492991  -0.063857  -0.265834  -0.351615  0.897607  -0.033085  -0.019820  -0.007543  -0.978420  0.683220  -0.475448  1.000000  
116.295768 0.016100  0.006296  0.010700  0.420642  0.796051  0.435159  -0.867524  0.493286  -0.063802  -0.265447  -0.350674  0.898090  -0.032859  -0.019773  -0.007030  -0.980280  0.684934  -0.460185  1.000000  
116.297018 0.016059  0.006269  0.010698  0.421255  0.796481  0.433777  -0.867424  0.493474  -0.063711  -0.264802  -0.349430  0.898765  -0.032671  -0.019784  -0.006263  -0.986292  0.685070  -0.439381  1.000000  
116.298267 0.016020  0.006244  0.010696  0.422046  0.796859  0.432310  -0.867236  0.493820  -0.063591  -0.264157  -0.348077  0.899480  -0.032525  -0.019830  -0.005424  -0.994436  0.691910  -0.423075  1.000000  
116.299517 0.015979  0.006219  0.010696  0.422838  0.797182  0.430939  -0.867047  0.494175  -0.063414  -0.263512  -0.346830  0.900150  -0.032451  -0.019885  -0.004238  -0.996457  0.692222  -0.402366  1.000000  
116.300518 0.015948  0.006199  0.010698  0.423598  0.797410  0.429769  -0.866793  0.494622  -0.063394  -0.263124  -0.345667  0.900711  -0.032388  -0.019989  -0.003338  -0.999313  0.693095  -0.404587  1.000000  
116.301768 0.015909  0.006174  0.010702  0.424389  0.797781  0.428298  -0.866602  0.494972  -0.063280  -0.262479  -0.344309  0.901419  -0.032269  -0.020089  -0.002338  -1.002813  0.695460  -0.389952  1.000000  
116.302774 0.015878  0.006154  0.010706  0.425164  0.797973  0.427170  -0.866378  0.495387  -0.063095  -0.261962  -0.343265  0.901967  -0.032326  -0.020354  -0.001505  -1.002716  0.699785  -0.380115  1.000000  
116.303784 0.015844  0.006132  0.010710  0.425939  0.798215  0.425944  -0.866153  0.495795  -0.062971  -0.261446  -0.342111  0.902555  -0.032424  -0.020579  -0.000718  -1.009035  0.700209  -0.382288  1.000000  
116.305020 0.015803  0.006105  0.010715  0.426908  0.798527  0.424386  -0.865871  0.496305  -0.062834  -0.260800  -0.340640  0.903298  -0.032584  -0.020848  -0.000020  -1.013444  0.707932  -0.380238  1.000000  
116.306025 0.015767  0.006082  0.010719  0.427683  0.798713  0.423255  -0.865644  0.496724  -0.062654  -0.260283  -0.339593  0.903841  -0.032688  -0.021079  0.000484  -1.015886  0.710874  -0.378232  1.000000  
116.307275 0.015724  0.006053  0.010725  0.428829  0.798866  0.421805  -0.865271  0.497409  -0.062374  -0.259637  -0.338228  0.904539  -0.032731  -0.021287  0.001102  -1.018305  0.712633  -0.385537  1.000000  
116.308622 0.015679  0.006023  0.010730  0.429812  0.799189  0.420189  -0.865016  0.497883  -0.062135  -0.258862  -0.336764  0.905307  -0.032691  -0.021342  0.001600  -1.025749  0.716345  -0.390009  1.000000  
116.309773 0.015635  0.005993  0.010736  0.430957  0.799335  0.418735  -0.864639  0.498571  -0.061860  -0.258216  -0.335396  0.905999  -0.033076  -0.021624  0.002246  -1.036214  0.720851  -0.398796  1.000000  
116.311017 0.015589  0.005963  0.010744  0.432117  0.799498  0.417226  -0.864291  0.499221  -0.061479  -0.257440  -0.334039  0.906721  -0.033468  -0.021824  0.002975  -1.040736  0.731295  -0.412602  1.000000  
116.312023 0.015553  0.005941  0.010751  0.433084  0.799639  0.415951  -0.864000  0.499762  -0.061174  -0.256794  -0.332888  0.907327  -0.033758  -0.021946  0.003549  -1.041699  0.737690  -0.422511  1.000000  
116.313267 0.015508  0.005912  0.010761  0.434243  0.799746  0.414535  -0.863648  0.500423  -0.060738  -0.256018  -0.331637  0.908004  -0.034146  -0.022121  0.004289  -1.044437  0.746725  -0.435400  1.000000  
116.314268 0.015470  0.005890  0.010770  0.435209  0.799882  0.413257  -0.863353  0.500968  -0.060437  -0.255371  -0.330484  0.908607  -0.034516  -0.022294  0.004980  -1.043456  0.757500  -0.453388  1.000000  
116.315517 0.015424  0.005862  0.010780  0.436190  0.800086  0.411826  -0.863087  0.501467  -0.060091  -0.254595  -0.329231  0.909279  -0.034959  -0.022497  0.005490  -1.042911  0.765655  -0.464823  1.000000  
116.316769 0.015375  0.005832  0.010791  0.437363  0.800253  0.410253  -0.862760  0.502087  -0.059614  -0.253689  -0.327877  0.910021  -0.035663  -0.022806  0.006009  -1.038437  0.780816  -0.481879  1.000000  
116.318017 0.015325  0.005802  0.010800  0.438552  0.800437  0.408623  -0.862461  0.502669  -0.059031  -0.252653  -0.326533  0.910792  -0.036285  -0.023098  0.006249  -1.037043  0.801588  -0.489739  1.000000  
116.319036 0.015284  0.005777  0.010808  0.439531  0.800533  0.407381  -0.862189  0.503189  -0.058570  -0.251877  -0.325496  0.911378  -0.036843  -0.023396  0.006509  -1.033562  0.815877  -0.505506  1.000000  
116.320297 0.015233  0.005744  0.010815  0.440363  0.800918  0.405723  -0.862067  0.503446  -0.058159  -0.250841  -0.324149  0.912144  -0.037361  -0.023620  0.006606  -1.032094  0.829848  -0.508298  1.000000  
116.321523 0.015182  0.005714  0.010824  0.441373  0.801244  0.403977  -0.861852  0.503864  -0.057728  -0.249804  -0.322689  0.912946  -0.037872  -0.023747  0.006822  -1.042306  0.847183  -0.517956  1.000000  
116.322529 0.015140  0.005688  0.010832  0.441996  0.801589  0.402609  -0.861757  0.504052  -0.057499  -0.249027  -0.321537  0.913564  -0.038376  -0.023867  0.007089  -1.046459  0.858886  -0.514242  1.000000  
116.323781 0.015088  0.005658  0.010842  0.443005  0.801861  0.400957  -0.861538  0.504482  -0.057010  -0.247990  -0.320184  0.914321  -0.038859  -0.023868  0.007470  -1.047601  0.871169  -0.525079  1.000000  
116.325023 0.015035  0.005628  0.010854  0.443820  0.802310  0.399152  -0.861379  0.504773  -0.056837  -0.247083  -0.318596  0.915121  -0.039419  -0.023937  0.007783  -1.054859  0.881291  -0.529997  1.000000  
116.326272 0.014983  0.005599  0.010866  0.444681  0.802717  0.397372  -0.861306  0.504966  -0.056217  -0.245786  -0.317260  0.915934  -0.039905  -0.023968  0.008119  -1.063785  0.905931  -0.522167  1.000000  
116.327518 0.014931  0.005570  0.010878  0.445348  0.803253  0.395537  -0.861294  0.505029  -0.055849  -0.244618  -0.315801  0.916751  -0.040297  -0.023985  0.008206  -1.071947  0.918773  -0.511711  1.000000  
116.328767 0.014880  0.005541  0.010891  0.446192  0.803682  0.393710  -0.861188  0.505259  -0.055401  -0.243451  -0.314339  0.917564  -0.040614  -0.024012  0.008336  -1.080787  0.934804  -0.507242  1.000000  
116.329768 0.014837  0.005517  0.010900  0.446814  0.804010  0.392333  -0.861085  0.505458  -0.055179  -0.242672  -0.313177  0.918167  -0.041028  -0.024104  0.008408  -1.084066  0.948190  -0.503676  1.000000  
116.330771 0.014794  0.005494  0.010910  0.447465  0.804375  0.390841  -0.861039  0.505584  -0.054739  -0.241633  -0.312035  0.918829  -0.041320  -0.024131  0.008421  -1.086213  0.962011  -0.492581  1.000000  
116.332019 0.014740  0.005463  0.010921  0.448161  0.804889  0.388981  -0.861077  0.505589  -0.054095  -0.240205  -0.310699  0.919656  -0.041702  -0.024207  0.008484  -1.088896  0.984526  -0.478922  1.000000  
116.333019 0.014696  0.005437  0.010930  0.448649  0.805418  0.387320  -0.861148  0.505511  -0.053688  -0.239036  -0.309452  0.920381  -0.041949  -0.024271  0.008653  -1.098449  0.998862  -0.461043  1.000000  
116.334267 0.014641  0.005405  0.010942  0.449343  0.805972  0.385358  -0.861182  0.505515  -0.053107  -0.237606  -0.308000  0.921238  -0.042234  -0.024372  0.008856  -1.103368  1.019524  -0.441710  1.000000  
116.335516 0.014585  0.005373  0.010956  0.450213  0.806418  0.383404  -0.861121  0.505688  -0.052446  -0.236177  -0.306545  0.922090  -0.042560  -0.024415  0.009314  -1.109432  1.041424  -0.428173  1.000000  
116.336517 0.014541  0.005348  0.010969  0.450699  0.806891  0.381835  -0.861187  0.505624  -0.051979  -0.235006  -0.305404  0.922768  -0.042723  -0.024399  0.009692  -1.113593  1.057624  -0.409797  1.000000  
116.337529 0.014497  0.005323  0.010982  0.451377  0.807322  0.380119  -0.861186  0.505686  -0.051386  -0.233706  -0.304159  0.923509  -0.042860  -0.024350  0.010093  -1.124232  1.080019  -0.388420  1.000000  
116.338780 0.014442  0.005292  0.010999  0.452111  0.807918  0.377975  -0.861293  0.505595  -0.050477  -0.231884  -0.302726  0.924439  -0.043053  -0.024406  0.010477  -1.134075  1.106512  -0.359469  1.000000  
116.340025 0.014388  0.005262  0.011016  0.452816  0.808516  0.375845  -0.861342  0.505574  -0.049850  -0.230322  -0.301158  0.925341  -0.043124  -0.024378  0.010822  -1.144307  1.125073  -0.333828  1.000000  
116.341273 0.014335  0.005233  0.011033  0.453519  0.809065  0.373810  -0.861388  0.505562  -0.049162  -0.228759  -0.299700  0.926202  -0.043267  -0.024439  0.011103  -1.154186  1.147754  -0.306542  1.000000  
116.342516 0.014280  0.005202  0.011050  0.454222  0.809610  0.371772  -0.861432  0.505555  -0.048474  -0.227196  -0.298238  0.927058  -0.043400  -0.024536  0.011473  -1.165101  1.163300  -0.283155  1.000000  
116.343521 0.014236  0.005177  0.011065  0.454895  0.810023  0.370044  -0.861419  0.505633  -0.047883  -0.225893  -0.296981  0.927779  -0.043590  -0.024674  0.011785  -1.174628  1.185155  -0.268892  1.000000  
116.344767 0.014181  0.005146  0.011083  0.455596  0.810515  0.368099  -0.861458  0.505638  -0.047135  -0.224328  -0.295627  0.928591  -0.043746  -0.024792  0.012216  -1.181133  1.200387  -0.245818  1.000000  
116.345768 0.014136  0.005119  0.011100  0.456254  0.810904  0.366425  -0.861414  0.505756  -0.046655  -0.223154  -0.294357  0.929277  -0.043913  -0.025003  0.012669  -1.196708  1.212240  -0.227824  1.000000  
116.346769 0.014089  0.005091  0.011117  0.456748  0.811367  0.364779  -0.861489  0.505681  -0.046080  -0.221850  -0.293206  0.929953  -0.044148  -0.025184  0.013333  -1.201025  1.225117  -0.212560  1.000000  
116.348019 0.014031  0.005057  0.011140  0.457610  0.811770  0.362797  -0.861400  0.505891  -0.045430  -0.220415  -0.291724  0.930760  -0.044357  -0.025334  0.014033  -1.212597  1.237048  -0.194691  1.000000  
116.349267 0.013971  0.005022  0.011166  0.458662  0.812083  0.360762  -0.861240  0.506238  -0.044597  -0.218848  -0.290248  0.931591  -0.044641  -0.025537  0.014946  -1.215462  1.252043  -0.186637  1.000000  
116.350517 0.013912  0.004986  0.011192  0.459714  0.812348  0.358823  -0.861076  0.506594  -0.043705  -0.217281  -0.288882  0.932382  -0.044922  -0.025787  0.015763  -1.215781  1.267781  -0.191086  1.000000  
116.351769 0.013852  0.004952  0.011218  0.460750  0.812634  0.356841  -0.860884  0.506983  -0.042987  -0.215844  -0.287392  0.933176  -0.045291  -0.026032  0.016504  -1.215467  1.283397  -0.187642  1.000000  
116.352772 0.013804  0.004924  0.011240  0.461581  0.812855  0.355261  -0.860732  0.507291  -0.042379  -0.214669  -0.286223  0.933806  -0.045500  -0.026185  0.016967  -1.218392  1.293609  -0.192950  1.000000  
116.354023 0.013745  0.004889  0.011268  0.462453  0.813255  0.353205  -0.860654  0.507485  -0.041628  -0.213100  -0.284737  0.934619  -0.045834  -0.026447  0.017703  -1.219271  1.314680  -0.188405  1.000000  
116.355024 0.013696  0.004862  0.011290  0.463283  0.813427  0.351719  -0.860499  0.507803  -0.040962  -0.211923  -0.283677  0.935209  -0.046150  -0.026676  0.018267  -1.213422  1.329271  -0.190605  1.000000  
116.356027 0.013648  0.004835  0.011313  0.464098  0.813620  0.350192  -0.860316  0.508152  -0.040469  -0.210877  -0.282494  0.935803  -0.046530  -0.026970  0.018994  -1.214191  1.329209  -0.192542  1.000000  
116.357276 0.013588  0.004800  0.011342  0.465144  0.813863  0.348236  -0.860134  0.508529  -0.039588  -0.209307  -0.281115  0.936571  -0.046944  -0.027279  0.019787  -1.207671  1.345778  -0.203575  1.000000  
116.358525 0.013525  0.004764  0.011374  0.465985  0.814212  0.346289  -0.859997  0.508802  -0.039064  -0.207999  -0.279604  0.937314  -0.047435  -0.027612  0.020713  -1.208445  1.349772  -0.204660  1.000000  
116.359525 0.013475  0.004735  0.011400  0.466813  0.814414  0.344696  -0.859832  0.509126  -0.038466  -0.206821  -0.278425  0.937926  -0.047843  -0.027843  0.021464  -1.207494  1.364440  -0.208921  1.000000  
116.360528 0.013424  0.004705  0.011428  0.467626  0.814554  0.343260  -0.859641  0.509489  -0.037918  -0.205774  -0.277349  0.938475  -0.048244  -0.028000  0.022232  -1.202551  1.366285  -0.217235  1.000000  
116.361774 0.013359  0.004668  0.011462  0.468642  0.814788  0.341315  -0.859400  0.509939  -0.037328  -0.204464  -0.275832  0.939208  -0.048691  -0.028255  0.023058  -1.204498  1.365846  -0.233897  1.000000  
116.362775 0.013307  0.004638  0.011490  0.469277  0.815027  0.339867  -0.859302  0.510138  -0.036854  -0.203416  -0.274754  0.939751  -0.049059  -0.028412  0.023711  -1.195536  1.363312  -0.243661  1.000000  
116.363775 0.013255  0.004609  0.011518  0.469925  0.815282  0.338358  -0.859227  0.510308  -0.036270  -0.202237  -0.273682  0.940318  -0.049346  -0.028433  0.024228  -1.192128  1.362933  -0.245543  1.000000  
116.365025 0.013189  0.004572  0.011554  0.470762  0.815528  0.336597  -0.859076  0.510606  -0.035631  -0.200926  -0.272388  0.940975  -0.049772  -0.028578  0.024896  -1.183353  1.360301  -0.255664  1.000000  
116.366345 0.013124  0.004535  0.011589  0.471598  0.815771  0.334833  -0.858923  0.510908  -0.034994  -0.199616  -0.271093  0.941628  -0.049847  -0.028510  0.025320  -1.171861  1.354477  -0.265162  1.000000  
116.367522 0.013059  0.004499  0.011625  0.472270  0.816133  0.332999  -0.858888  0.511013  -0.034316  -0.198173  -0.269802  0.942303  -0.050539  -0.028806  0.026123  -1.166334  1.350973  -0.264547  1.000000  
116.368522 0.013007  0.004472  0.011654  0.472902  0.816319  0.331643  -0.858781  0.511227  -0.033785  -0.197124  -0.268832  0.942800  -0.050808  -0.028776  0.026611  -1.157558  1.335505  -0.277985  1.000000  
116.369525 0.012954  0.004443  0.011684  0.473547  0.816520  0.330224  -0.858696  0.511412  -0.033144  -0.195943  -0.267867  0.943321  -0.051162  -0.028873  0.027071  -1.143545  1.333222  -0.286356  1.000000  
116.370527 0.012901  0.004415  0.011715  0.474001  0.816808  0.328858  -0.858685  0.511461  -0.032683  -0.194893  -0.266894  0.943814  -0.051512  -0.028912  0.027622  -1.133608  1.326717  -0.283061  1.000000  
