1-Time 2-Px 3-Py 4-Pz 5-R11 6-R21 7-R31 8-R12 9-R22 10-R32 11-R13 12-R23 13-R33 14-Vx 15-Vy 16-Vz 17-Wx 18-Wy 19-Wz 20-state
124.523881 -0.006142  -0.007433  0.002487  0.674699  0.710116  0.201286  -0.730262  0.681858  0.042268  -0.107234  -0.175510  0.978620  0.000076  -0.000192  0.000670  0.000000  0.000000  0.000000  1.000000  
124.525010 -0.006141  -0.007433  0.002486  0.674699  0.710116  0.201286  -0.730262  0.681858  0.042268  -0.107234  -0.175510  0.978620  0.001593  -0.000498  -0.001486  0.000000  0.000000  0.000000  1.000000  
124.526256 -0.006136  -0.007429  0.002482  0.674699  0.710116  0.201286  -0.730262  0.681858  0.042268  -0.107234  -0.175510  0.978620  0.003059  0.002010  -0.002510  0.000000  0.000000  0.000000  1.000000  
124.527274 -0.006129  -0.007424  0.002479  0.674699  0.710116  0.201286  -0.730262  0.681858  0.042268  -0.107234  -0.175510  0.978620  0.004220  0.003102  -0.002848  0.000000  0.000000  0.000000  1.000000  
124.528511 -0.006124  -0.007420  0.002475  0.674699  0.710116  0.201286  -0.730262  0.681858  0.042268  -0.107234  -0.175510  0.978620  0.004078  0.003072  -0.002843  0.000000  0.000000  0.000000  1.000000  
124.529514 -0.006121  -0.007419  0.002473  0.674699  0.710141  0.201200  -0.730262  0.681864  0.042185  -0.107234  -0.175391  0.978641  0.003875  0.002778  -0.002808  0.000000  0.000000  0.000000  1.000000  
124.530777 -0.006117  -0.007416  0.002470  0.674699  0.710141  0.201200  -0.730262  0.681864  0.042185  -0.107234  -0.175391  0.978641  0.003850  0.002622  -0.002625  0.000000  0.000000  0.000000  1.000000  
124.531788 -0.006112  -0.007413  0.002467  0.674699  0.710141  0.201200  -0.730262  0.681864  0.042185  -0.107234  -0.175391  0.978641  0.004000  0.002691  -0.002638  0.000000  0.000000  0.000000  1.000000  
124.533005 -0.006106  -0.007409  0.002464  0.674699  0.710141  0.201200  -0.730262  0.681864  0.042185  -0.107234  -0.175391  0.978641  0.004051  0.002757  -0.002630  0.000000  0.000000  0.000000  1.000000  
124.534006 -0.006104  -0.007407  0.002461  0.674699  0.710141  0.201200  -0.730262  0.681864  0.042185  -0.107234  -0.175391  0.978641  0.003903  0.002686  -0.002711  0.000000  0.000000  0.000000  1.000000  
124.535008 -0.006101  -0.007405  0.002457  0.674699  0.710141  0.201200  -0.730262  0.681864  0.042185  -0.107234  -0.175391  0.978641  0.003805  0.002605  -0.002845  0.000000  0.000000  0.000000  1.000000  
124.536009 -0.006097  -0.007402  0.002454  0.674699  0.710141  0.201200  -0.730262  0.681864  0.042185  -0.107234  -0.175391  0.978641  0.003767  0.002651  -0.002834  0.000000  0.000000  0.000000  1.000000  
124.537256 -0.006092  -0.007398  0.002449  0.674699  0.710141  0.201200  -0.730262  0.681864  0.042185  -0.107234  -0.175391  0.978641  0.003802  0.002714  -0.002918  0.000000  0.000000  0.000000  1.000000  
124.538506 -0.006086  -0.007392  0.002444  0.674548  0.710281  0.201209  -0.730401  0.681717  0.042144  -0.107234  -0.175391  0.978641  0.003921  0.002870  -0.003017  0.000000  0.000000  0.000000  1.000000  
124.539506 -0.006080  -0.007387  0.002439  0.674539  0.710265  0.201298  -0.730390  0.681735  0.042047  -0.107367  -0.175388  0.978627  0.004089  0.003108  -0.003177  0.000000  0.000000  0.000000  1.000000  
124.540756 -0.006070  -0.007377  0.002432  0.674539  0.710265  0.201298  -0.730390  0.681735  0.042047  -0.107367  -0.175388  0.978627  0.004534  0.003612  -0.003525  0.000000  0.000000  0.000000  1.000000  
124.542008 -0.006062  -0.007368  0.002426  0.674539  0.710265  0.201298  -0.730390  0.681735  0.042047  -0.107367  -0.175388  0.978627  0.004581  0.003827  -0.003628  0.000000  0.000000  0.000000  1.000000  
124.543260 -0.006055  -0.007361  0.002422  0.674539  0.710265  0.201298  -0.730390  0.681735  0.042047  -0.107367  -0.175388  0.978627  0.004693  0.003950  -0.003581  0.000000  0.000000  0.000000  1.000000  
124.544264 -0.006051  -0.007356  0.002419  0.674539  0.710265  0.201298  -0.730390  0.681735  0.042047  -0.107367  -0.175388  0.978627  0.004754  0.004242  -0.003622  0.000000  0.000000  0.000000  1.000000  
124.545513 -0.006046  -0.007350  0.002414  0.674539  0.710265  0.201298  -0.730390  0.681735  0.042047  -0.107367  -0.175388  0.978627  0.004793  0.004442  -0.003720  0.000000  0.000000  0.000000  1.000000  
124.546767 -0.006040  -0.007343  0.002409  0.674539  0.710290  0.201212  -0.730390  0.681740  0.041965  -0.107367  -0.175270  0.978648  0.004803  0.004655  -0.003904  0.000000  0.000000  0.000000  1.000000  
124.548011 -0.006035  -0.007337  0.002403  0.674539  0.710290  0.201212  -0.730390  0.681740  0.041965  -0.107367  -0.175270  0.978648  0.004774  0.004851  -0.004064  0.000000  0.000000  0.000000  1.000000  
124.549257 -0.006033  -0.007333  0.002397  0.674539  0.710290  0.201212  -0.730390  0.681740  0.041965  -0.107367  -0.175270  0.978648  0.004719  0.004925  -0.004167  0.000000  0.000000  0.000000  1.000000  
124.550505 -0.006030  -0.007329  0.002392  0.674539  0.710290  0.201212  -0.730390  0.681740  0.041965  -0.107367  -0.175270  0.978648  0.004625  0.005005  -0.004251  0.000000  0.000000  0.000000  1.000000  
124.551506 -0.006025  -0.007323  0.002387  0.674689  0.710149  0.201203  -0.730251  0.681886  0.042006  -0.107367  -0.175270  0.978648  0.004679  0.005190  -0.004350  0.000000  0.000000  0.000000  1.000000  
124.552756 -0.006018  -0.007315  0.002381  0.674679  0.710133  0.201292  -0.730241  0.681903  0.041910  -0.107500  -0.175267  0.978634  0.004738  0.005420  -0.004462  0.000000  0.000000  0.000000  1.000000  
124.553758 -0.006015  -0.007308  0.002376  0.674679  0.710133  0.201292  -0.730241  0.681903  0.041910  -0.107500  -0.175267  0.978634  0.004672  0.005544  -0.004436  0.000000  0.000000  0.000000  1.000000  
124.555006 -0.006009  -0.007301  0.002371  0.674670  0.710093  0.201467  -0.730230  0.681915  0.041897  -0.107633  -0.175383  0.978599  0.004419  0.005431  -0.004279  0.000000  0.000000  0.000000  1.000000  
124.556255 -0.006005  -0.007293  0.002367  0.674820  0.709953  0.201458  -0.730091  0.682061  0.041938  -0.107633  -0.175383  0.978599  0.004152  0.005301  -0.004154  0.000000  0.000000  0.000000  1.000000  
124.557505 -0.006000  -0.007286  0.002364  0.674820  0.709953  0.201458  -0.730091  0.682061  0.041938  -0.107633  -0.175383  0.978599  0.003903  0.005189  -0.004000  0.000000  0.000000  0.000000  1.000000  
124.558763 -0.005997  -0.007281  0.002359  0.674810  0.709937  0.201547  -0.730081  0.682079  0.041842  -0.107766  -0.175381  0.978585  0.003758  0.005100  -0.004094  0.000000  0.000000  0.000000  1.000000  
124.560033 -0.005994  -0.007277  0.002355  0.674960  0.709796  0.201538  -0.729942  0.682225  0.041883  -0.107766  -0.175381  0.978585  0.003547  0.005019  -0.004122  0.000000  0.000000  0.000000  1.000000  
124.561262 -0.005992  -0.007273  0.002349  0.674960  0.709796  0.201538  -0.729942  0.682225  0.041883  -0.107766  -0.175381  0.978585  0.003369  0.004899  -0.004180  0.000000  0.000000  0.000000  1.000000  
124.562266 -0.005990  -0.007269  0.002344  0.674951  0.709780  0.201627  -0.729931  0.682242  0.041787  -0.107899  -0.175378  0.978571  0.003202  0.004769  -0.004215  0.000000  0.000000  0.000000  1.000000  
124.563510 -0.005988  -0.007264  0.002339  0.674951  0.709780  0.201627  -0.729931  0.682242  0.041787  -0.107899  -0.175378  0.978571  0.003121  0.004794  -0.004140  0.000000  0.000000  0.000000  1.000000  
124.564760 -0.005985  -0.007260  0.002335  0.675101  0.709640  0.201619  -0.729792  0.682388  0.041829  -0.107899  -0.175378  0.978571  0.003119  0.004786  -0.004025  0.000000  0.000000  0.000000  1.000000  
124.566007 -0.005981  -0.007254  0.002331  0.675091  0.709624  0.201708  -0.729782  0.682405  0.041733  -0.108032  -0.175376  0.978556  0.003062  0.004782  -0.003863  0.000000  0.000000  0.000000  1.000000  
124.567010 -0.005977  -0.007248  0.002328  0.675241  0.709484  0.201699  -0.729643  0.682551  0.041774  -0.108032  -0.175376  0.978556  0.003005  0.004706  -0.003759  0.000000  0.000000  0.000000  1.000000  
124.568257 -0.005973  -0.007240  0.002325  0.675241  0.709484  0.201699  -0.729643  0.682551  0.041774  -0.108032  -0.175376  0.978556  0.002891  0.004767  -0.003585  0.000000  0.000000  0.000000  1.000000  
124.569507 -0.005970  -0.007233  0.002321  0.675231  0.709468  0.201788  -0.729632  0.682569  0.041678  -0.108165  -0.175373  0.978542  0.002723  0.004692  -0.003481  0.000000  0.000000  0.000000  1.000000  
124.570759 -0.005968  -0.007228  0.002317  0.675382  0.709327  0.201779  -0.729493  0.682715  0.041720  -0.108165  -0.175373  0.978542  0.002550  0.004552  -0.003398  0.000000  0.000000  0.000000  1.000000  
124.572006 -0.005965  -0.007223  0.002314  0.675382  0.709303  0.201865  -0.729493  0.682710  0.041802  -0.108165  -0.175492  0.978521  0.002431  0.004424  -0.003443  0.000000  0.000000  0.000000  1.000000  
124.573012 -0.005963  -0.007218  0.002310  0.675382  0.709303  0.201865  -0.729493  0.682710  0.041802  -0.108165  -0.175492  0.978521  0.002382  0.004413  -0.003466  0.000000  0.000000  0.000000  1.000000  
124.574256 -0.005962  -0.007214  0.002305  0.675522  0.709146  0.201946  -0.729343  0.682873  0.041748  -0.108298  -0.175489  0.978507  0.002239  0.004386  -0.003539  0.000000  0.000000  0.000000  1.000000  
124.575257 -0.005962  -0.007211  0.002301  0.675522  0.709146  0.201946  -0.729343  0.682873  0.041748  -0.108298  -0.175489  0.978507  0.002081  0.004332  -0.003579  0.000000  0.000000  0.000000  1.000000  
124.576510 -0.005961  -0.007205  0.002296  0.675522  0.709146  0.201946  -0.729343  0.682873  0.041748  -0.108298  -0.175489  0.978507  0.001983  0.004421  -0.003439  0.000000  0.000000  0.000000  1.000000  
124.577512 -0.005959  -0.007200  0.002294  0.675682  0.709021  0.201848  -0.729215  0.683002  0.041885  -0.108165  -0.175492  0.978521  0.002002  0.004478  -0.003310  0.000000  0.000000  0.000000  1.000000  
124.578512 -0.005957  -0.007195  0.002292  0.675682  0.709046  0.201762  -0.729215  0.683007  0.041803  -0.108165  -0.175373  0.978542  0.002018  0.004633  -0.003143  0.000000  0.000000  0.000000  1.000000  
124.579760 -0.005954  -0.007190  0.002290  0.675682  0.709046  0.201762  -0.729215  0.683007  0.041803  -0.108165  -0.175373  0.978542  0.002016  0.004694  -0.002969  0.000000  0.000000  0.000000  1.000000  
124.580761 -0.005952  -0.007184  0.002287  0.675682  0.709046  0.201762  -0.729215  0.683007  0.041803  -0.108165  -0.175373  0.978542  0.001971  0.004747  -0.002970  0.000000  0.000000  0.000000  1.000000  
124.582013 -0.005948  -0.007175  0.002284  0.675832  0.708905  0.201753  -0.729076  0.683153  0.041844  -0.108165  -0.175373  0.978542  0.001909  0.004816  -0.002920  0.000000  0.000000  0.000000  1.000000  
124.583256 -0.005945  -0.007167  0.002280  0.675842  0.708921  0.201664  -0.729086  0.683135  0.041940  -0.108032  -0.175376  0.978556  0.001843  0.004856  -0.002999  0.000000  0.000000  0.000000  1.000000  
124.584257 -0.005944  -0.007162  0.002276  0.675842  0.708921  0.201664  -0.729086  0.683135  0.041940  -0.108032  -0.175376  0.978556  0.001786  0.004836  -0.003020  0.000000  0.000000  0.000000  1.000000  
124.585257 -0.005941  -0.007157  0.002273  0.675842  0.708921  0.201664  -0.729086  0.683135  0.041940  -0.108032  -0.175376  0.978556  0.001785  0.004836  -0.003020  0.000000  0.000000  0.000000  1.000000  
124.586507 -0.005940  -0.007152  0.002270  0.675852  0.708937  0.201575  -0.729097  0.683118  0.042036  -0.107899  -0.175378  0.978571  0.001721  0.004844  -0.002994  0.000000  0.000000  0.000000  1.000000  
124.587759 -0.005938  -0.007146  0.002266  0.676002  0.708796  0.201567  -0.728958  0.683264  0.042078  -0.107899  -0.175378  0.978571  0.001677  0.004899  -0.002996  0.000000  0.000000  0.000000  1.000000  
124.589007 -0.005937  -0.007139  0.002263  0.676012  0.708837  0.201392  -0.728968  0.683252  0.042091  -0.107766  -0.175262  0.978606  0.001698  0.005068  -0.002825  0.000000  0.000000  0.000000  1.000000  
124.590257 -0.005936  -0.007134  0.002260  0.676012  0.708837  0.201392  -0.728968  0.683252  0.042091  -0.107766  -0.175262  0.978606  0.001770  0.005127  -0.002686  0.000000  0.000000  0.000000  1.000000  
124.591257 -0.005933  -0.007129  0.002259  0.676021  0.708853  0.201303  -0.728979  0.683235  0.042187  -0.107633  -0.175265  0.978620  0.001888  0.005170  -0.002556  0.000000  0.000000  0.000000  1.000000  
124.592513 -0.005930  -0.007122  0.002257  0.676031  0.708869  0.201214  -0.728990  0.683218  0.042283  -0.107500  -0.175267  0.978634  0.001970  0.005269  -0.002435  0.000000  0.000000  0.000000  1.000000  
124.593767 -0.005926  -0.007114  0.002255  0.676191  0.708744  0.201116  -0.728861  0.683346  0.042420  -0.107367  -0.175270  0.978648  0.002093  0.005399  -0.002403  0.000000  0.000000  0.000000  1.000000  
124.595015 -0.005922  -0.007106  0.002252  0.676201  0.708784  0.200941  -0.728871  0.683334  0.042433  -0.107234  -0.175154  0.978684  0.002143  0.005469  -0.002492  0.000000  0.000000  0.000000  1.000000  
124.596262 -0.005918  -0.007098  0.002248  0.676210  0.708800  0.200852  -0.728882  0.683317  0.042529  -0.107101  -0.175156  0.978698  0.002216  0.005484  -0.002528  0.000000  0.000000  0.000000  1.000000  
124.597510 -0.005914  -0.007090  0.002245  0.676370  0.708700  0.200668  -0.728753  0.683451  0.042584  -0.106968  -0.175040  0.978733  0.002221  0.005444  -0.002430  0.000000  0.000000  0.000000  1.000000  
124.598765 -0.005911  -0.007084  0.002243  0.676380  0.708716  0.200579  -0.728764  0.683434  0.042680  -0.106835  -0.175042  0.978747  0.002231  0.005369  -0.002356  0.000000  0.000000  0.000000  1.000000  
124.600006 -0.005908  -0.007078  0.002240  0.676399  0.708772  0.200315  -0.728785  0.683405  0.042789  -0.106569  -0.174929  0.978797  0.002221  0.005300  -0.002229  0.000000  0.000000  0.000000  1.000000  
124.601007 -0.005907  -0.007074  0.002239  0.676569  0.708663  0.200128  -0.728666  0.683516  0.043022  -0.106303  -0.174934  0.978825  0.002249  0.005325  -0.002139  0.000000  0.000000  0.000000  1.000000  
124.602257 -0.005905  -0.007068  0.002237  0.676578  0.708703  0.199953  -0.728677  0.683504  0.043035  -0.106169  -0.174818  0.978860  0.002265  0.005370  -0.002035  0.000000  0.000000  0.000000  1.000000  
124.603257 -0.005903  -0.007063  0.002235  0.676598  0.708735  0.199775  -0.728697  0.683470  0.043227  -0.105903  -0.174823  0.978888  0.002312  0.005379  -0.001992  0.000000  0.000000  0.000000  1.000000  
124.604507 -0.005902  -0.007057  0.002233  0.676767  0.708651  0.199501  -0.728579  0.683587  0.043377  -0.105637  -0.174709  0.978937  0.002343  0.005406  -0.001938  0.000000  0.000000  0.000000  1.000000  
124.605508 -0.005899  -0.007052  0.002231  0.676786  0.708682  0.199323  -0.728600  0.683553  0.043569  -0.105371  -0.174714  0.978965  0.002424  0.005383  -0.001994  0.000000  0.000000  0.000000  1.000000  
124.606787 -0.005896  -0.007045  0.002228  0.676955  0.708598  0.199050  -0.728481  0.683670  0.043719  -0.105105  -0.174600  0.979014  0.002392  0.005409  -0.002041  0.000000  0.000000  0.000000  1.000000  
124.608014 -0.005892  -0.007038  0.002224  0.676975  0.708653  0.198786  -0.728501  0.683641  0.043828  -0.104839  -0.174486  0.979063  0.002402  0.005424  -0.002196  0.000000  0.000000  0.000000  1.000000  
124.609262 -0.005889  -0.007030  0.002221  0.677153  0.708560  0.198509  -0.728393  0.683735  0.044157  -0.104440  -0.174493  0.979104  0.002379  0.005374  -0.002184  0.000000  0.000000  0.000000  1.000000  
124.610266 -0.005887  -0.007025  0.002218  0.677172  0.708616  0.198245  -0.728413  0.683707  0.044266  -0.104174  -0.174380  0.979152  0.002243  0.005261  -0.002161  0.000000  0.000000  0.000000  1.000000  
124.611513 -0.005884  -0.007018  0.002216  0.677360  0.708563  0.197793  -0.728314  0.683790  0.044607  -0.103641  -0.174271  0.979228  0.002139  0.005177  -0.002082  0.000000  0.000000  0.000000  1.000000  
124.612515 -0.005883  -0.007014  0.002214  0.677529  0.708478  0.197519  -0.728195  0.683907  0.044757  -0.103375  -0.174157  0.979277  0.002051  0.005074  -0.002052  0.000000  0.000000  0.000000  1.000000  
124.613766 -0.005882  -0.007009  0.002212  0.677566  0.708565  0.197076  -0.728236  0.683844  0.045058  -0.102843  -0.174048  0.979352  0.001899  0.004980  -0.001997  0.000000  0.000000  0.000000  1.000000  
124.614769 -0.005881  -0.007005  0.002211  0.677744  0.708496  0.196713  -0.728126  0.683944  0.045303  -0.102444  -0.173936  0.979414  0.001831  0.004923  -0.001994  0.000000  0.000000  0.000000  1.000000  
124.616014 -0.005881  -0.007000  0.002208  0.677931  0.708442  0.196260  -0.728027  0.684027  0.045644  -0.101911  -0.173827  0.979489  0.001771  0.004934  -0.002119  -0.049083  0.212479  -0.038982  1.000000  
124.617015 -0.005879  -0.006996  0.002205  0.677959  0.708514  0.195907  -0.728057  0.683982  0.045849  -0.101512  -0.173715  0.979550  0.001740  0.004907  -0.002192  -0.053898  0.224546  -0.029855  1.000000  
124.618257 -0.005877  -0.006990  0.002202  0.677987  0.708585  0.195553  -0.728086  0.683936  0.046054  -0.101113  -0.173603  0.979611  0.001731  0.004873  -0.002183  -0.057520  0.235905  -0.027281  1.000000  
124.619258 -0.005875  -0.006985  0.002199  0.678164  0.708515  0.195189  -0.727977  0.684037  0.046299  -0.100713  -0.173492  0.979672  0.001801  0.004839  -0.002242  -0.057298  0.247935  -0.032739  1.000000  
124.620508 -0.005873  -0.006979  0.002196  0.678192  0.708587  0.194835  -0.728006  0.683992  0.046504  -0.100314  -0.173380  0.979733  0.001772  0.004874  -0.002292  -0.061408  0.256841  -0.031186  1.000000  
124.621510 -0.005871  -0.006973  0.002194  0.678378  0.708556  0.194296  -0.727906  0.684081  0.046761  -0.099781  -0.173151  0.979828  0.001728  0.004875  -0.002321  -0.068321  0.273577  -0.034569  1.000000  
124.622511 -0.005869  -0.006968  0.002191  0.678555  0.708486  0.193933  -0.727795  0.684182  0.047006  -0.099382  -0.173039  0.979888  0.001652  0.004839  -0.002279  -0.071642  0.283414  -0.039729  1.000000  
124.623756 -0.005866  -0.006962  0.002189  0.678592  0.708573  0.193489  -0.727834  0.684120  0.047307  -0.098849  -0.172930  0.979961  0.001614  0.004751  -0.002228  -0.076443  0.295470  -0.030694  1.000000  
124.624757 -0.005865  -0.006957  0.002188  0.678628  0.708659  0.193045  -0.727873  0.684058  0.047607  -0.098317  -0.172820  0.980034  0.001495  0.004683  -0.002101  -0.076457  0.308589  -0.028387  1.000000  
124.625757 -0.005864  -0.006954  0.002187  0.678813  0.708605  0.192592  -0.727771  0.684142  0.047948  -0.097784  -0.172710  0.980107  0.001437  0.004549  -0.002022  -0.079823  0.327368  -0.032012  1.000000  
124.626763 -0.005863  -0.006951  0.002186  0.678840  0.708676  0.192238  -0.727800  0.684097  0.048152  -0.097385  -0.172598  0.980166  0.001398  0.004423  -0.001999  -0.080494  0.334422  -0.031526  1.000000  
124.628012 -0.005863  -0.006947  0.002184  0.678875  0.708785  0.191708  -0.727838  0.684041  0.048370  -0.096852  -0.172369  0.980259  0.001308  0.004295  -0.001963  -0.088656  0.343686  -0.022255  1.000000  
124.629259 -0.005861  -0.006943  0.002182  0.679060  0.708730  0.191254  -0.727736  0.684126  0.048710  -0.096319  -0.172259  0.980331  0.001368  0.004226  -0.002011  -0.088711  0.360998  -0.026907  1.000000  
124.630262 -0.005860  -0.006940  0.002181  0.679087  0.708824  0.190813  -0.727764  0.684087  0.048832  -0.095920  -0.172028  0.980411  0.001446  0.004263  -0.001915  -0.096889  0.365401  -0.026168  1.000000  
124.631507 -0.005858  -0.006935  0.002179  0.679122  0.708933  0.190284  -0.727801  0.684032  0.049050  -0.095387  -0.171799  0.980503  0.001474  0.004228  -0.001866  -0.104909  0.374411  -0.016947  1.000000  
124.632507 -0.005856  -0.006930  0.002177  0.679156  0.709019  0.189839  -0.727839  0.683970  0.049350  -0.094854  -0.171689  0.980574  0.001547  0.004199  -0.001791  -0.105831  0.386443  -0.015573  1.000000  
124.633757 -0.005853  -0.006925  0.002176  0.679349  0.709002  0.189210  -0.727745  0.684044  0.049703  -0.094188  -0.171462  0.980678  0.001525  0.004159  -0.001620  -0.109932  0.399674  -0.013298  1.000000  
124.634760 -0.005851  -0.006921  0.002175  0.679384  0.709111  0.188679  -0.727782  0.683989  0.049921  -0.093655  -0.171233  0.980769  0.001536  0.004137  -0.001519  -0.118109  0.408493  -0.011785  1.000000  
124.636007 -0.005849  -0.006916  0.002175  0.679426  0.709234  0.188060  -0.727827  0.683918  0.050235  -0.092989  -0.171006  0.980872  0.001488  0.003982  -0.001342  -0.121222  0.418320  -0.009443  1.000000  
124.637013 -0.005849  -0.006913  0.002174  0.679610  0.709202  0.187519  -0.727724  0.684009  0.050491  -0.092456  -0.170776  0.980962  0.001414  0.003818  -0.001231  -0.129376  0.427220  -0.007951  1.000000  
124.638258 -0.005847  -0.006910  0.002173  0.679644  0.709309  0.186989  -0.727760  0.683955  0.050709  -0.091924  -0.170547  0.981052  0.001383  0.003645  -0.001100  -0.133427  0.435920  -0.006484  1.000000  
124.639276 -0.005846  -0.006907  0.002173  0.679677  0.709394  0.186544  -0.727796  0.683894  0.051010  -0.091391  -0.170436  0.981121  0.001322  0.003503  -0.001019  -0.135180  0.442542  0.000967  1.000000  
124.640506 -0.005846  -0.006905  0.002171  0.679877  0.709414  0.185738  -0.727709  0.683959  0.051375  -0.090591  -0.170092  0.981255  0.001201  0.003306  -0.001096  -0.146318  0.456734  0.003964  1.000000  
124.641506 -0.005846  -0.006904  0.002169  0.679910  0.709499  0.185293  -0.727745  0.683899  0.051675  -0.090058  -0.169981  0.981324  0.001132  0.003191  -0.001117  -0.146364  0.461164  0.004677  1.000000  
124.642760 -0.005846  -0.006903  0.002168  0.680109  0.709519  0.184486  -0.727657  0.683964  0.052040  -0.089259  -0.169636  0.981456  0.001106  0.003020  -0.001136  -0.154465  0.474248  0.006870  1.000000  
124.643767 -0.005846  -0.006901  0.002166  0.680141  0.709625  0.183956  -0.727692  0.683911  0.052258  -0.088725  -0.169406  0.981544  0.001037  0.002968  -0.001125  -0.159845  0.478129  0.006836  1.000000  
124.645012 -0.005846  -0.006900  0.002164  0.680340  0.709622  0.183235  -0.727604  0.683970  0.052706  -0.087926  -0.169180  0.981655  0.000924  0.002696  -0.001116  -0.164048  0.491662  0.009074  1.000000  
124.646260 -0.005845  -0.006898  0.002164  0.680537  0.709640  0.182427  -0.727515  0.684036  0.053070  -0.087126  -0.168835  0.981786  0.000845  0.002512  -0.001009  -0.170771  0.496215  0.010408  1.000000  
124.647261 -0.005845  -0.006896  0.002164  0.680577  0.709762  0.181806  -0.727557  0.683967  0.053384  -0.086460  -0.168606  0.981884  0.000773  0.002336  -0.000914  -0.172222  0.509178  0.011914  1.000000  
124.648507 -0.005844  -0.006894  0.002162  0.680774  0.709779  0.180998  -0.727468  0.684034  0.053748  -0.085660  -0.168261  0.982014  0.000617  0.002119  -0.000906  -0.180581  0.522934  0.014114  1.000000  
124.649509 -0.005845  -0.006893  0.002162  0.680813  0.709900  0.180377  -0.727509  0.683965  0.054062  -0.084993  -0.168032  0.982111  0.000450  0.001890  -0.000886  -0.184627  0.531593  0.015553  1.000000  
124.650758 -0.005845  -0.006893  0.002162  0.681017  0.709932  0.179479  -0.727427  0.684016  0.054521  -0.084060  -0.167688  0.982250  0.000288  0.001606  -0.000900  -0.191196  0.544658  0.018343  1.000000  
124.651766 -0.005845  -0.006892  0.002160  0.681205  0.709933  0.178760  -0.727328  0.684100  0.054789  -0.083393  -0.167340  0.982366  0.000214  0.001424  -0.000944  -0.200292  0.554633  0.012333  1.000000  
124.652768 -0.005847  -0.006893  0.002159  0.681400  0.709927  0.178038  -0.727236  0.684161  0.055235  -0.082593  -0.167113  0.982472  0.000025  0.001177  -0.001008  -0.204375  0.563365  0.013760  1.000000  
124.653774 -0.005847  -0.006894  0.002158  0.681595  0.709942  0.177228  -0.727144  0.684230  0.055598  -0.081793  -0.166766  0.982598  -0.000069  0.000949  -0.001025  -0.211910  0.577722  0.009129  1.000000  
124.655010 -0.005849  -0.006895  0.002157  0.681804  0.709988  0.176239  -0.727067  0.684266  0.056153  -0.080726  -0.166423  0.982744  -0.000246  0.000684  -0.000991  -0.220252  0.591322  0.011284  1.000000  
124.656014 -0.005851  -0.006897  0.002156  0.681991  0.709966  0.175606  -0.726966  0.684345  0.056503  -0.080060  -0.166194  0.982838  -0.000357  0.000474  -0.000958  -0.223730  0.601273  0.005910  1.000000  
124.657014 -0.005852  -0.006898  0.002155  0.682034  0.710121  0.174807  -0.727012  0.684269  0.056829  -0.079259  -0.165847  0.982961  -0.000368  0.000346  -0.000854  -0.230078  0.609635  0.007986  1.000000  
124.658015 -0.005854  -0.006899  0.002155  0.682227  0.710113  0.174083  -0.726918  0.684332  0.057275  -0.078459  -0.165619  0.983064  -0.000475  0.000199  -0.000799  -0.231433  0.624697  0.002630  1.000000  
124.659262 -0.005855  -0.006901  0.002155  0.682434  0.710157  0.173093  -0.726838  0.684370  0.057829  -0.077392  -0.165275  0.983206  -0.000564  -0.000030  -0.000655  -0.235582  0.646850  0.006242  1.000000  
124.660516 -0.005855  -0.006902  0.002154  0.682640  0.710200  0.172102  -0.726758  0.684408  0.058382  -0.076325  -0.164931  0.983348  -0.000619  -0.000248  -0.000659  -0.239219  0.661498  0.001525  1.000000  
124.661765 -0.005856  -0.006904  0.002154  0.682852  0.710257  0.171021  -0.726684  0.684431  0.059032  -0.075124  -0.164588  0.983497  -0.000717  -0.000451  -0.000616  -0.246812  0.684641  -0.001644  1.000000  
124.662769 -0.005857  -0.006905  0.002154  0.683056  0.710299  0.170029  -0.726601  0.684471  0.059585  -0.074057  -0.164243  0.983636  -0.000842  -0.000732  -0.000616  -0.250910  0.702169  0.001172  1.000000  
124.664014 -0.005859  -0.006907  0.002153  0.683267  0.710355  0.168947  -0.726525  0.684495  0.060234  -0.072856  -0.163900  0.983783  -0.000984  -0.000969  -0.000657  -0.254563  0.721188  -0.002821  1.000000  
124.665269 -0.005860  -0.006909  0.002152  0.683476  0.710431  0.167778  -0.726448  0.684527  0.060799  -0.071655  -0.163437  0.983948  -0.001074  -0.001133  -0.000651  -0.262213  0.739942  -0.006870  1.000000  
124.666518 -0.005864  -0.006912  0.002153  0.683690  0.710500  0.166604  -0.726376  0.684536  0.061543  -0.070320  -0.163094  0.984101  -0.001237  -0.001355  -0.000493  -0.266467  0.762238  -0.003339  1.000000  
124.667758 -0.005866  -0.006916  0.002153  0.683904  0.710589  0.165344  -0.726303  0.684554  0.062204  -0.068985  -0.162632  0.984272  -0.001295  -0.001514  -0.000381  -0.274228  0.790117  -0.005915  1.000000  
124.668761 -0.005868  -0.006918  0.002155  0.684104  0.710627  0.164350  -0.726216  0.684596  0.062756  -0.067917  -0.162286  0.984404  -0.001366  -0.001570  -0.000230  -0.275589  0.806808  -0.009136  1.000000  
124.670009 -0.005870  -0.006920  0.002156  0.684309  0.710700  0.163180  -0.726134  0.684631  0.063321  -0.066716  -0.161821  0.984562  -0.001345  -0.001669  -0.000056  -0.283790  0.819917  -0.007212  1.000000  
124.671257 -0.005872  -0.006923  0.002158  0.684369  0.710907  0.162017  -0.726198  0.684497  0.064030  -0.065381  -0.161477  0.984708  -0.001370  -0.001715  0.000118  -0.287972  0.841895  -0.003764  1.000000  
124.672506 -0.005873  -0.006925  0.002160  0.684578  0.710993  0.160755  -0.726120  0.684518  0.064690  -0.064046  -0.161013  0.984872  -0.001327  -0.001708  0.000290  -0.296213  0.859491  -0.001123  1.000000  
124.673507 -0.005874  -0.006926  0.002161  0.684774  0.711028  0.159760  -0.726029  0.684562  0.065241  -0.062977  -0.160666  0.984998  -0.001332  -0.001709  0.000437  -0.299931  0.878459  -0.005188  1.000000  
124.674759 -0.005875  -0.006927  0.002164  0.684831  0.711253  0.158511  -0.726090  0.684438  0.065868  -0.061642  -0.160201  0.985158  -0.001356  -0.001756  0.000611  -0.304608  0.894806  0.004125  1.000000  
124.676006 -0.005876  -0.006930  0.002166  0.685037  0.711335  0.157247  -0.726008  0.684461  0.066527  -0.060307  -0.159736  0.985316  -0.001381  -0.001803  0.000785  -0.312353  0.913569  -0.000023  1.000000  
124.677017 -0.005878  -0.006932  0.002168  0.685230  0.711369  0.156251  -0.725913  0.684507  0.067077  -0.059238  -0.159388  0.985437  -0.001404  -0.001849  0.000958  -0.315007  0.929789  0.001111  1.000000  
124.678263 -0.005880  -0.006934  0.002170  0.685279  0.711576  0.155091  -0.725965  0.684401  0.067608  -0.058036  -0.158921  0.985584  -0.001475  -0.001905  0.001108  -0.319725  0.941944  0.009725  1.000000  
124.679510 -0.005881  -0.006937  0.002173  0.685476  0.711641  0.153917  -0.725874  0.684441  0.068171  -0.056834  -0.158454  0.985729  -0.001452  -0.001942  0.001306  -0.323964  0.950848  0.010786  1.000000  
124.680511 -0.005883  -0.006940  0.002175  0.685517  0.711813  0.152933  -0.725918  0.684343  0.068689  -0.055765  -0.158105  0.985846  -0.001433  -0.001967  0.001502  -0.328200  0.964262  0.012693  1.000000  
124.681778 -0.005886  -0.006943  0.002179  0.685717  0.711891  0.151668  -0.725830  0.684369  0.069347  -0.054429  -0.157638  0.985996  -0.001469  -0.002009  0.001726  -0.332299  0.977163  0.014464  1.000000  
124.683009 -0.005888  -0.006946  0.002183  0.685916  0.711968  0.150402  -0.725741  0.684397  0.070005  -0.053093  -0.157171  0.986143  -0.001431  -0.001988  0.001902  -0.333915  0.987188  0.016828  1.000000  
124.684258 -0.005890  -0.006949  0.002186  0.686114  0.712044  0.149136  -0.725651  0.684425  0.070663  -0.051757  -0.156703  0.986289  -0.001388  -0.001980  0.002076  -0.338140  1.000458  0.018568  1.000000  
124.685506 -0.005892  -0.006951  0.002190  0.686165  0.712274  0.147793  -0.725706  0.684292  0.071386  -0.050287  -0.156237  0.986439  -0.001416  -0.001958  0.002166  -0.342828  1.017036  0.027776  1.000000  
124.686514 -0.005893  -0.006953  0.002193  0.686351  0.712320  0.146707  -0.725603  0.684352  0.071851  -0.049218  -0.155766  0.986567  -0.001380  -0.002000  0.002326  -0.349885  1.025453  0.027561  1.000000  
124.687775 -0.005894  -0.006955  0.002197  0.686545  0.712393  0.145439  -0.725509  0.684382  0.072508  -0.047882  -0.155298  0.986707  -0.001367  -0.002017  0.002424  -0.353971  1.038351  0.029273  1.000000  
124.689025 -0.005895  -0.006958  0.002201  0.686742  0.712496  0.143994  -0.725418  0.684408  0.073178  -0.046411  -0.154710  0.986869  -0.001395  -0.002127  0.002578  -0.362264  1.051585  0.030918  1.000000  
124.690262 -0.005897  -0.006961  0.002205  0.686934  0.712567  0.142725  -0.725321  0.684440  0.073834  -0.045075  -0.154241  0.987005  -0.001421  -0.002177  0.002757  -0.366719  1.061095  0.031918  1.000000  
124.691510 -0.005899  -0.006964  0.002210  0.687124  0.712654  0.141369  -0.725223  0.684482  0.074407  -0.043738  -0.153651  0.987157  -0.001494  -0.002235  0.002911  -0.371895  1.065451  0.033264  1.000000  
124.692512 -0.005901  -0.006967  0.002213  0.687309  0.712691  0.140277  -0.725119  0.684522  0.075050  -0.042535  -0.153300  0.987264  -0.001544  -0.002316  0.002990  -0.375244  1.070115  0.032431  1.000000  
124.693538 -0.005904  -0.006970  0.002217  0.687493  0.712745  0.139098  -0.725014  0.684571  0.075609  -0.041332  -0.152828  0.987388  -0.001620  -0.002363  0.003162  -0.379058  1.077843  0.033360  1.000000  
124.694563 -0.005906  -0.006974  0.002221  0.687672  0.712784  0.138009  -0.724904  0.684636  0.076073  -0.040263  -0.152356  0.987505  -0.001672  -0.002431  0.003257  -0.387120  1.077209  0.032939  1.000000  
124.695761 -0.005910  -0.006978  0.002225  0.688011  0.712723  0.136631  -0.724663  0.684804  0.076851  -0.038792  -0.151886  0.987637  -0.001708  -0.002535  0.003293  -0.388299  1.088547  0.028300  1.000000  
124.696775 -0.005913  -0.006982  0.002229  0.688188  0.712759  0.135541  -0.724551  0.684871  0.077314  -0.037722  -0.151413  0.987751  -0.001775  -0.002590  0.003296  -0.392213  1.089883  0.021067  1.000000  
124.697791 -0.005914  -0.006985  0.002231  0.688361  0.712765  0.134629  -0.724435  0.684943  0.077763  -0.036786  -0.151059  0.987840  -0.001785  -0.002644  0.003295  -0.391045  1.084169  0.018622  1.000000  
124.699028 -0.005917  -0.006990  0.002234  0.688544  0.712844  0.133270  -0.724328  0.684991  0.078333  -0.035449  -0.150467  0.987979  -0.001857  -0.002765  0.003277  -0.399556  1.089092  0.018798  1.000000  
124.700318 -0.005920  -0.006994  0.002238  0.688725  0.712922  0.131910  -0.724220  0.685040  0.078903  -0.034112  -0.149874  0.988116  -0.001878  -0.002928  0.003248  -0.403281  1.087613  0.018168  1.000000  
124.701511 -0.005922  -0.006998  0.002242  0.689054  0.712842  0.130620  -0.723969  0.685227  0.079583  -0.032775  -0.149402  0.988233  -0.001961  -0.003037  0.003263  -0.403936  1.090829  0.010838  1.000000  
124.702773 -0.005925  -0.007003  0.002247  0.689232  0.712917  0.129260  -0.723858  0.685277  0.080151  -0.031438  -0.148809  0.988366  -0.002085  -0.003227  0.003344  -0.407730  1.091460  0.003403  1.000000  
124.703776 -0.005928  -0.007007  0.002250  0.689401  0.712934  0.128259  -0.723737  0.685362  0.080516  -0.030501  -0.148333  0.988467  -0.002216  -0.003300  0.003352  -0.411928  1.086909  0.002237  1.000000  
124.705008 -0.005931  -0.007013  0.002254  0.689729  0.712864  0.126876  -0.723485  0.685537  0.081289  -0.029030  -0.147860  0.988582  -0.002356  -0.003508  0.003333  -0.412098  1.093078  -0.004438  1.000000  
124.706008 -0.005934  -0.007017  0.002258  0.689902  0.712907  0.125692  -0.723368  0.685595  0.081844  -0.027827  -0.147386  0.988688  -0.002381  -0.003676  0.003312  -0.416040  1.098513  -0.011050  1.000000  
124.707012 -0.005937  -0.007023  0.002261  0.690071  0.712920  0.124685  -0.723247  0.685658  0.082386  -0.026757  -0.147030  0.988770  -0.002451  -0.003792  0.003292  -0.416898  1.098475  -0.009930  1.000000  
124.708282 -0.005941  -0.007029  0.002265  0.690244  0.712975  0.123409  -0.723130  0.685703  0.083036  -0.025419  -0.146556  0.988876  -0.002484  -0.004001  0.003253  -0.415892  1.103261  -0.018133  1.000000  
124.709512 -0.005946  -0.007036  0.002270  0.690565  0.712873  0.122201  -0.722870  0.685885  0.083794  -0.024081  -0.146201  0.988962  -0.002622  -0.004146  0.003266  -0.412039  1.109457  -0.024771  1.000000  
124.710514 -0.005949  -0.007041  0.002274  0.690731  0.712884  0.121193  -0.722746  0.685949  0.084335  -0.023011  -0.145844  0.989040  -0.002637  -0.004241  0.003260  -0.412001  1.110572  -0.032018  1.000000  
124.711514 -0.005951  -0.007045  0.002278  0.690898  0.712893  0.120180  -0.722623  0.685990  0.085054  -0.021807  -0.145608  0.989102  -0.002645  -0.004305  0.003385  -0.408376  1.115619  -0.031699  1.000000  
124.712525 -0.005955  -0.007051  0.002283  0.691065  0.712916  0.119079  -0.722499  0.686041  0.085690  -0.020604  -0.145252  0.989180  -0.002767  -0.004431  0.003488  -0.408240  1.119059  -0.031404  1.000000  
124.713774 -0.005959  -0.007057  0.002289  0.691234  0.712951  0.117882  -0.722378  0.686054  0.086600  -0.019132  -0.145016  0.989244  -0.002797  -0.004544  0.003642  -0.400059  1.124352  -0.037970  1.000000  
124.714793 -0.005962  -0.007063  0.002294  0.691247  0.713087  0.116977  -0.722392  0.685963  0.087199  -0.018062  -0.144779  0.989299  -0.002912  -0.004728  0.003824  -0.396189  1.118094  -0.032141  1.000000  
124.716035 -0.005967  -0.007069  0.002301  0.691412  0.713108  0.115871  -0.722267  0.685991  0.088013  -0.016724  -0.144543  0.989357  -0.003059  -0.004851  0.003988  -0.385626  1.119243  -0.030992  1.000000  
124.717286 -0.005972  -0.007077  0.002309  0.691576  0.713128  0.114764  -0.722140  0.686020  0.088826  -0.015386  -0.144306  0.989414  -0.003203  -0.005078  0.004236  -0.376475  1.118393  -0.033050  1.000000  
124.718512 -0.005977  -0.007084  0.002317  0.691738  0.713135  0.113744  -0.722012  0.686038  0.089722  -0.014048  -0.144189  0.989450  -0.003341  -0.005224  0.004505  -0.360753  1.114826  -0.034165  1.000000  
124.719760 -0.005983  -0.007092  0.002325  0.691898  0.713141  0.112728  -0.721881  0.686082  0.090440  -0.012844  -0.143951  0.989501  -0.003513  -0.005347  0.004757  -0.354185  1.110734  -0.033580  1.000000  
124.720762 -0.005987  -0.007098  0.002332  0.692056  0.713120  0.111890  -0.721748  0.686129  0.091144  -0.011774  -0.143833  0.989532  -0.003573  -0.005421  0.005006  -0.341914  1.111242  -0.040692  1.000000  
124.722008 -0.005993  -0.007106  0.002342  0.692066  0.713266  0.110887  -0.721759  0.686001  0.092016  -0.010436  -0.143715  0.989564  -0.003751  -0.005559  0.005380  -0.330465  1.109313  -0.027470  1.000000  
124.723013 -0.005998  -0.007112  0.002350  0.692222  0.713245  0.110048  -0.721624  0.686048  0.092720  -0.009366  -0.143596  0.989592  -0.003857  -0.005627  0.005727  -0.317068  1.100404  -0.030772  1.000000  
124.724265 -0.006003  -0.007120  0.002360  0.692378  0.713250  0.109026  -0.721490  0.686067  0.093615  -0.008028  -0.143478  0.989621  -0.003925  -0.005721  0.006005  -0.301573  1.102401  -0.031236  1.000000  
124.725271 -0.006007  -0.007126  0.002370  0.692384  0.713356  0.108292  -0.721496  0.685957  0.094379  -0.006957  -0.143479  0.989629  -0.003988  -0.005737  0.006426  -0.289220  1.095088  -0.025211  1.000000  
124.726515 -0.006013  -0.007133  0.002382  0.692538  0.713348  0.107361  -0.721359  0.685990  0.095178  -0.005753  -0.143360  0.989654  -0.004159  -0.005881  0.007044  -0.274961  1.090639  -0.024684  1.000000  
124.727545 -0.006017  -0.007139  0.002392  0.692542  0.713467  0.106541  -0.721363  0.685891  0.095859  -0.004683  -0.143241  0.989677  -0.004175  -0.005851  0.007376  -0.265443  1.092919  -0.012197  1.000000  
124.728770 -0.006024  -0.007146  0.002406  0.692694  0.713445  0.105695  -0.721224  0.685914  0.096741  -0.003479  -0.143242  0.989682  -0.004312  -0.005945  0.007809  -0.247448  1.089059  -0.011716  1.000000  
124.729784 -0.006028  -0.007152  0.002417  0.692844  0.713410  0.104947  -0.721083  0.685976  0.097348  -0.002542  -0.143122  0.989702  -0.004376  -0.005962  0.008232  -0.233154  1.083677  -0.014181  1.000000  
124.731035 -0.006033  -0.007159  0.002431  0.692994  0.713388  0.104101  -0.720942  0.685998  0.098228  -0.001338  -0.143122  0.989704  -0.004408  -0.006007  0.008696  -0.217253  1.080112  -0.015118  1.000000  
124.732053 -0.006038  -0.007166  0.002443  0.693143  0.713340  0.103438  -0.720800  0.686049  0.098918  -0.000401  -0.143122  0.989705  -0.004513  -0.006005  0.009105  -0.200850  1.072641  -0.009176  1.000000  
124.733267 -0.006045  -0.007174  0.002457  0.693291  0.713318  0.102591  -0.720657  0.686071  0.099798  0.000803  -0.143122  0.989705  -0.004584  -0.006086  0.009516  -0.183645  1.075087  -0.008080  1.000000  
124.734280 -0.006050  -0.007181  0.002469  0.693439  0.713283  0.101836  -0.720513  0.686108  0.100583  0.001873  -0.143122  0.989703  -0.004674  -0.006121  0.009858  -0.168894  1.069594  -0.010370  1.000000  
124.735283 -0.006056  -0.007187  0.002482  0.693585  0.713235  0.101173  -0.720369  0.686158  0.101271  0.002810  -0.143122  0.989701  -0.004700  -0.006105  0.010206  -0.155578  1.065601  -0.009834  1.000000  
124.736524 -0.006062  -0.007195  0.002498  0.693731  0.713213  0.100325  -0.720223  0.686181  0.102150  0.004014  -0.143121  0.989697  -0.004754  -0.006140  0.010737  -0.136785  1.055476  -0.006008  1.000000  
124.737526 -0.006068  -0.007201  0.002511  0.693877  0.713151  0.099753  -0.720078  0.686245  0.102743  0.004817  -0.143121  0.989694  -0.004810  -0.006088  0.011035  -0.124641  1.046048  -0.007501  1.000000  
124.738772 -0.006075  -0.007209  0.002527  0.694169  0.712975  0.098975  -0.719788  0.686428  0.103547  0.005887  -0.143120  0.989688  -0.004922  -0.006113  0.011440  -0.108521  1.038657  -0.015910  1.000000  
124.739772 -0.006080  -0.007215  0.002539  0.694313  0.712927  0.098310  -0.719641  0.686478  0.104234  0.006824  -0.143119  0.989682  -0.004960  -0.006077  0.011686  -0.099696  1.034648  -0.015262  1.000000  
124.741008 -0.006087  -0.007222  0.002556  0.694605  0.712737  0.097623  -0.719350  0.686675  0.104942  0.007760  -0.143118  0.989675  -0.005080  -0.006106  0.011931  -0.087727  1.018139  -0.024825  1.000000  
