1-Time 2-Px 3-Py 4-Pz 5-R11 6-R21 7-R31 8-R12 9-R22 10-R32 11-R13 12-R23 13-R33 14-Vx 15-Vy 16-Vz 17-Wx 18-Wy 19-Wz 20-state
26.485659 0.012379  0.025485  -0.041268  0.769410  -0.201842  0.606026  -0.285877  0.739625  0.609286  -0.571212  -0.642040  0.511373  0.000065  0.000678  -0.000224  0.000000  0.000000  0.000000  1.000000  
26.486710 0.012379  0.025485  -0.041268  0.769410  -0.201842  0.606026  -0.285877  0.739625  0.609286  -0.571212  -0.642040  0.511373  0.000064  0.000631  -0.000207  0.000000  0.000000  0.000000  1.000000  
26.487953 0.012376  0.025471  -0.041237  0.769410  -0.201842  0.606026  -0.285877  0.739625  0.609286  -0.571212  -0.642040  0.511373  -0.000153  -0.000271  0.001841  0.000000  0.000000  0.000000  1.000000  
26.488965 0.012372  0.025456  -0.041196  0.769410  -0.201842  0.606026  -0.285877  0.739625  0.609286  -0.571212  -0.642040  0.511373  -0.002533  -0.009623  0.023851  0.000000  0.000000  0.000000  1.000000  
26.490222 0.012366  0.025441  -0.041154  0.769410  -0.201842  0.606026  -0.285877  0.739625  0.609286  -0.571212  -0.642040  0.511373  -0.003184  -0.010171  0.026680  0.000000  0.000000  0.000000  1.000000  
26.491444 0.012356  0.025430  -0.041129  0.769469  -0.202068  0.605876  -0.285718  0.739509  0.609501  -0.571212  -0.642102  0.511295  -0.004143  -0.009904  0.025281  0.000000  0.000000  0.000000  1.000000  
26.492449 0.012345  0.025420  -0.041113  0.769469  -0.202068  0.605876  -0.285718  0.739509  0.609501  -0.571212  -0.642102  0.511295  -0.005207  -0.009977  0.023858  0.000000  0.000000  0.000000  1.000000  
26.493452 0.012333  0.025407  -0.041095  0.769410  -0.201989  0.605977  -0.285877  0.739477  0.609466  -0.571212  -0.642164  0.511217  -0.006204  -0.010340  0.023065  0.000000  0.000000  0.000000  1.000000  
26.494477 0.012322  0.025396  -0.041076  0.769410  -0.202062  0.605953  -0.285877  0.739403  0.609555  -0.571212  -0.642226  0.511139  -0.006704  -0.010436  0.022479  0.000000  0.000000  0.000000  1.000000  
26.495696 0.012315  0.025385  -0.041052  0.769338  -0.202216  0.605992  -0.285850  0.739359  0.609621  -0.571321  -0.642228  0.511014  -0.006577  -0.010215  0.022154  0.000000  0.000000  0.000000  1.000000  
26.496696 0.012313  0.025377  -0.041030  0.769280  -0.202211  0.606069  -0.286008  0.739253  0.609676  -0.571321  -0.642352  0.510858  -0.006179  -0.010051  0.022086  0.000000  0.000000  0.000000  1.000000  
26.497701 0.012307  0.025365  -0.041006  0.769208  -0.202365  0.606108  -0.285982  0.739209  0.609742  -0.571431  -0.642354  0.510732  -0.006120  -0.010183  0.022285  0.000000  0.000000  0.000000  1.000000  
26.498711 0.012298  0.025352  -0.040976  0.769077  -0.202441  0.606249  -0.286113  0.739132  0.609772  -0.571541  -0.642418  0.510529  -0.006338  -0.010409  0.022843  0.000000  0.000000  0.000000  1.000000  
26.499952 0.012282  0.025331  -0.040933  0.768875  -0.202670  0.606429  -0.286218  0.739012  0.609869  -0.571761  -0.642484  0.510200  -0.006934  -0.010977  0.023908  0.000000  0.000000  0.000000  1.000000  
26.501201 0.012263  0.025302  -0.040884  0.768744  -0.202746  0.606569  -0.286350  0.738936  0.609899  -0.571870  -0.642548  0.509997  -0.007735  -0.012213  0.025574  0.000000  0.000000  0.000000  1.000000  
26.502212 0.012248  0.025271  -0.040839  0.768614  -0.202895  0.606685  -0.286482  0.738786  0.610020  -0.571980  -0.642673  0.509715  -0.008819  -0.014089  0.028143  0.000000  0.000000  0.000000  1.000000  
26.503474 0.012228  0.025229  -0.040779  0.768483  -0.203118  0.606776  -0.286613  0.738562  0.610229  -0.572090  -0.642861  0.509356  -0.009842  -0.015653  0.028955  0.000000  0.000000  0.000000  1.000000  
26.504698 0.012208  0.025189  -0.040728  0.768483  -0.203339  0.606702  -0.286613  0.738339  0.610498  -0.572090  -0.643046  0.509122  -0.010687  -0.017080  0.029407  0.000000  0.000000  0.000000  1.000000  
26.505944 0.012186  0.025154  -0.040689  0.768424  -0.203481  0.606729  -0.286771  0.738085  0.610731  -0.572090  -0.643293  0.508810  -0.011646  -0.018735  0.029873  0.000000  0.000000  0.000000  1.000000  
26.506944 0.012167  0.025125  -0.040662  0.768437  -0.203396  0.606741  -0.286956  0.737949  0.610809  -0.571980  -0.643476  0.508701  -0.012303  -0.020040  0.030628  0.000000  0.000000  0.000000  1.000000  
26.507946 0.012148  0.025096  -0.040626  0.768508  -0.203536  0.606604  -0.286983  0.737696  0.611101  -0.571870  -0.643722  0.508514  -0.012773  -0.021180  0.031854  0.000000  0.000000  0.000000  1.000000  
26.509196 0.012129  0.025062  -0.040569  0.768580  -0.203676  0.606466  -0.287010  0.737444  0.611394  -0.571761  -0.643967  0.508328  -0.012998  -0.022430  0.034175  0.000000  0.000000  0.000000  1.000000  
26.510198 0.012121  0.025040  -0.040511  0.768593  -0.203590  0.606479  -0.287195  0.737307  0.611472  -0.571651  -0.644150  0.508219  -0.013085  -0.023226  0.036700  0.000000  0.000000  0.000000  1.000000  
26.511444 0.012113  0.025015  -0.040432  0.768605  -0.203579  0.606467  -0.287380  0.737096  0.611639  -0.571541  -0.644395  0.508032  -0.013357  -0.024273  0.040307  0.000000  0.000000  0.000000  1.000000  
26.512445 0.012104  0.024992  -0.040368  0.768618  -0.203493  0.606480  -0.287565  0.736960  0.611716  -0.571431  -0.644578  0.507923  -0.013760  -0.025285  0.043286  0.000000  0.000000  0.000000  1.000000  
26.513694 0.012086  0.024960  -0.040293  0.768630  -0.203334  0.606517  -0.287750  0.736897  0.611705  -0.571321  -0.644700  0.507892  -0.014177  -0.026142  0.045583  0.000000  0.000000  0.000000  1.000000  
26.514697 0.012068  0.024934  -0.040241  0.768714  -0.203095  0.606491  -0.287962  0.736804  0.611717  -0.571102  -0.644882  0.507908  -0.014508  -0.026779  0.046780  0.000000  0.000000  0.000000  1.000000  
26.515712 0.012047  0.024908  -0.040195  0.768726  -0.202936  0.606529  -0.288147  0.736742  0.611705  -0.570992  -0.645003  0.507877  -0.014883  -0.027157  0.047316  0.000000  0.000000  0.000000  1.000000  
26.516951 0.012022  0.024874  -0.040145  0.768881  -0.202615  0.606439  -0.288385  0.736618  0.611741  -0.570662  -0.645245  0.507941  -0.015284  -0.026970  0.047036  0.000000  0.000000  0.000000  1.000000  
26.518211 0.011996  0.024836  -0.040095  0.769024  -0.202600  0.606263  -0.288439  0.736409  0.611968  -0.570443  -0.645488  0.507879  -0.015685  -0.026634  0.046441  0.000000  0.000000  0.000000  1.000000  
26.519446 0.011973  0.024798  -0.040042  0.769179  -0.202280  0.606174  -0.288678  0.736285  0.612004  -0.570113  -0.645729  0.507942  -0.015896  -0.026553  0.046324  0.139634  -0.043057  0.091015  1.000000  
26.520693 0.011953  0.024761  -0.039984  0.769334  -0.202033  0.606060  -0.288917  0.736087  0.612129  -0.569783  -0.646033  0.507926  -0.015864  -0.026652  0.047516  0.143727  -0.039164  0.104947  1.000000  
26.521698 0.011938  0.024733  -0.039934  0.769548  -0.201863  0.605844  -0.288997  0.735922  0.612290  -0.569453  -0.646274  0.507989  -0.015532  -0.026607  0.049293  0.140974  -0.035594  0.119916  1.000000  
26.522945 0.011921  0.024700  -0.039865  0.769774  -0.201535  0.605667  -0.289263  0.735693  0.612440  -0.569013  -0.646637  0.508021  -0.015128  -0.026430  0.050741  0.139970  -0.028692  0.136425  1.000000  
26.523946 0.011910  0.024675  -0.039802  0.769987  -0.201365  0.605452  -0.289343  0.735528  0.612601  -0.568683  -0.646878  0.508083  -0.014869  -0.026240  0.051974  0.143917  -0.015999  0.143443  1.000000  
26.525195 0.011901  0.024645  -0.039723  0.770343  -0.201107  0.605085  -0.289477  0.735227  0.612899  -0.568133  -0.647300  0.508161  -0.014666  -0.026376  0.052515  0.147990  -0.002214  0.160948  1.000000  
26.526445 0.011894  0.024615  -0.039652  0.770699  -0.200701  0.604766  -0.289610  0.735074  0.613018  -0.567582  -0.647599  0.508396  -0.014705  -0.026779  0.051810  0.143961  0.014355  0.181943  1.000000  
26.527446 0.011888  0.024590  -0.039602  0.770983  -0.200304  0.604536  -0.289717  0.735027  0.613025  -0.567141  -0.647776  0.508662  -0.014465  -0.026851  0.050856  0.136911  0.032863  0.197617  1.000000  
26.528694 0.011873  0.024558  -0.039546  0.771338  -0.199825  0.604241  -0.289850  0.734949  0.613056  -0.566590  -0.648013  0.508975  -0.014177  -0.026798  0.049844  0.127623  0.053606  0.213575  1.000000  
26.529695 0.011859  0.024534  -0.039502  0.771622  -0.199427  0.604011  -0.289957  0.734901  0.613062  -0.566149  -0.648189  0.509241  -0.013932  -0.026682  0.049219  0.119350  0.074580  0.230987  1.000000  
26.530695 0.011843  0.024509  -0.039457  0.771905  -0.198955  0.603804  -0.290064  0.734928  0.612980  -0.565708  -0.648304  0.509585  -0.013630  -0.026575  0.049289  0.107104  0.092832  0.245014  1.000000  
26.531707 0.011830  0.024484  -0.039406  0.772118  -0.198565  0.603660  -0.290143  0.734985  0.612873  -0.565377  -0.648359  0.509883  -0.013037  -0.026385  0.050099  0.091519  0.109163  0.257559  1.000000  
26.532953 0.011817  0.024450  -0.039332  0.772532  -0.198091  0.603287  -0.290117  0.735015  0.612850  -0.564825  -0.648470  0.510352  -0.012188  -0.026220  0.051733  0.070879  0.134805  0.271720  1.000000  
26.533956 0.011808  0.024422  -0.039266  0.772814  -0.197620  0.603079  -0.290224  0.735041  0.612768  -0.564383  -0.648584  0.510697  -0.011510  -0.025999  0.053279  0.050506  0.145908  0.285814  1.000000  
26.535206 0.011797  0.024388  -0.039178  0.773157  -0.197227  0.602769  -0.290171  0.735102  0.612721  -0.563941  -0.648635  0.511119  -0.010817  -0.025786  0.055422  0.033923  0.165966  0.292852  1.000000  
26.536449 0.011785  0.024357  -0.039093  0.773570  -0.196752  0.602394  -0.290144  0.735131  0.612697  -0.563388  -0.648745  0.511589  -0.010314  -0.025485  0.057046  0.013271  0.186065  0.299998  1.000000  
26.537456 0.011777  0.024334  -0.039030  0.773781  -0.196362  0.602249  -0.290223  0.735189  0.612591  -0.563057  -0.648798  0.511886  -0.009960  -0.025239  0.057575  -0.003025  0.191599  0.307008  1.000000  
26.538695 0.011770  0.024305  -0.038957  0.774123  -0.195970  0.601938  -0.290170  0.735249  0.612544  -0.562614  -0.648849  0.512309  -0.009516  -0.025141  0.057292  -0.023549  0.204475  0.314150  1.000000  
26.539959 0.011766  0.024274  -0.038889  0.774524  -0.195728  0.601500  -0.289956  0.735270  0.612620  -0.562172  -0.648898  0.512732  -0.009106  -0.025112  0.056539  -0.036218  0.226171  0.314036  1.000000  
26.541194 0.011764  0.024240  -0.038819  0.774866  -0.195335  0.601188  -0.289902  0.735331  0.612573  -0.561729  -0.648948  0.513154  -0.008780  -0.025388  0.056358  -0.048365  0.241564  0.315031  1.000000  
26.542195 0.011762  0.024211  -0.038759  0.775137  -0.195024  0.600940  -0.289822  0.735422  0.612501  -0.561397  -0.648938  0.513530  -0.008536  -0.025676  0.056954  -0.060807  0.258761  0.318519  1.000000  
26.543444 0.011756  0.024173  -0.038680  0.775478  -0.194559  0.600651  -0.289767  0.735558  0.612364  -0.560954  -0.648924  0.514032  -0.008066  -0.026111  0.058413  -0.077296  0.273197  0.318459  1.000000  
26.544447 0.011749  0.024139  -0.038612  0.775678  -0.194329  0.600467  -0.289660  0.735680  0.612268  -0.560733  -0.648854  0.514361  -0.007410  -0.026763  0.060342  -0.086426  0.284488  0.314026  1.000000  
26.545695 0.011740  0.024095  -0.038523  0.776008  -0.194169  0.600092  -0.289419  0.735731  0.612320  -0.560400  -0.648843  0.514737  -0.006904  -0.027628  0.062298  -0.090294  0.301189  0.308027  1.000000  
26.546944 0.011732  0.024050  -0.038427  0.776208  -0.193867  0.599931  -0.289312  0.735928  0.612135  -0.560178  -0.648711  0.515145  -0.006325  -0.028523  0.064400  -0.102732  0.307251  0.297324  1.000000  
26.547946 0.011727  0.024014  -0.038351  0.776338  -0.193719  0.599811  -0.289178  0.736080  0.612014  -0.560068  -0.648582  0.515428  -0.005952  -0.029066  0.065440  -0.115025  0.308927  0.290233  1.000000  
26.548953 0.011722  0.023978  -0.038276  0.776467  -0.193498  0.599714  -0.289045  0.736307  0.611805  -0.559957  -0.648391  0.515789  -0.005719  -0.029579  0.066045  -0.132635  0.314900  0.278449  1.000000  
26.550203 0.011714  0.023937  -0.038189  0.776597  -0.193278  0.599617  -0.288911  0.736534  0.611595  -0.559846  -0.648199  0.516150  -0.005503  -0.030057  0.065960  -0.149088  0.313767  0.267709  1.000000  
26.551450 0.011706  0.023899  -0.038111  0.776657  -0.193066  0.599608  -0.288751  0.736865  0.611272  -0.559846  -0.647886  0.516543  -0.005244  -0.030672  0.065551  -0.169865  0.314483  0.250044  1.000000  
26.552452 0.011699  0.023869  -0.038050  0.776716  -0.192999  0.599553  -0.288591  0.737048  0.611127  -0.559846  -0.647698  0.516779  -0.005194  -0.031026  0.065344  -0.182424  0.315035  0.232309  1.000000  
26.553695 0.011692  0.023832  -0.037969  0.776775  -0.192787  0.599544  -0.288431  0.737378  0.610803  -0.559846  -0.647384  0.517171  -0.005145  -0.031542  0.065844  -0.203064  0.308506  0.214639  1.000000  
26.554698 0.011688  0.023799  -0.037897  0.776775  -0.192496  0.599638  -0.288431  0.737675  0.610445  -0.559846  -0.647133  0.517486  -0.005307  -0.032248  0.067312  -0.223446  0.297342  0.200440  1.000000  
26.555946 0.011684  0.023754  -0.037796  0.776835  -0.192285  0.599629  -0.288271  0.738005  0.610121  -0.559846  -0.646819  0.517878  -0.005411  -0.032932  0.069346  -0.244052  0.287932  0.179191  1.000000  
26.557194 0.011680  0.023708  -0.037689  0.776835  -0.191921  0.599745  -0.288271  0.738375  0.609674  -0.559846  -0.646505  0.518270  -0.005429  -0.033552  0.071392  -0.258267  0.274575  0.163635  1.000000  
26.558444 0.011674  0.023658  -0.037581  0.776764  -0.191638  0.599926  -0.288245  0.738775  0.609202  -0.559957  -0.646132  0.518615  -0.005474  -0.034313  0.073275  -0.274447  0.257986  0.142551  1.000000  
26.559450 0.011666  0.023619  -0.037500  0.776754  -0.191580  0.599959  -0.288059  0.739061  0.608942  -0.560068  -0.645822  0.518882  -0.005472  -0.034689  0.074197  -0.285059  0.247852  0.118946  1.000000  
26.560555 0.011658  0.023578  -0.037423  0.776754  -0.191362  0.600029  -0.288059  0.739282  0.608673  -0.560068  -0.645633  0.519117  -0.005467  -0.034810  0.074012  -0.288160  0.235887  0.104413  1.000000  
26.561695 0.011649  0.023526  -0.037333  0.776624  -0.190927  0.600335  -0.288193  0.739721  0.608077  -0.560178  -0.645260  0.519461  -0.005608  -0.035514  0.074220  -0.302952  0.219386  0.093431  1.000000  
26.562944 0.011643  0.023476  -0.037245  0.776624  -0.190635  0.600428  -0.288193  0.740016  0.607718  -0.560178  -0.645008  0.519774  -0.005649  -0.035848  0.073707  -0.310853  0.201079  0.079395  1.000000  
26.563948 0.011638  0.023437  -0.037175  0.776554  -0.190425  0.600585  -0.288167  0.740341  0.607335  -0.560289  -0.644697  0.520040  -0.005595  -0.036118  0.073395  -0.318954  0.187211  0.061867  1.000000  
26.564959 0.011633  0.023399  -0.037105  0.776554  -0.190279  0.600632  -0.288167  0.740488  0.607155  -0.560289  -0.644571  0.520196  -0.005476  -0.036469  0.073439  -0.321355  0.173058  0.051798  1.000000  
26.566196 0.011628  0.023353  -0.037016  0.776424  -0.189916  0.600914  -0.288301  0.740851  0.606648  -0.560400  -0.644260  0.520462  -0.005318  -0.036894  0.074011  -0.334565  0.148897  0.040957  1.000000  
26.567209 0.011624  0.023316  -0.036943  0.776294  -0.189626  0.601173  -0.288435  0.741141  0.606230  -0.560511  -0.644012  0.520649  -0.005120  -0.037436  0.075002  -0.341215  0.131638  0.027234  1.000000  
26.568446 0.011620  0.023270  -0.036845  0.776235  -0.189181  0.601390  -0.288594  0.741474  0.605747  -0.560511  -0.643760  0.520962  -0.004928  -0.038045  0.076200  -0.353123  0.111498  0.020270  1.000000  
26.569446 0.011617  0.023231  -0.036764  0.776046  -0.188738  0.601773  -0.288888  0.741802  0.605205  -0.560622  -0.643512  0.521149  -0.004833  -0.038382  0.076770  -0.369845  0.088919  0.020263  1.000000  
26.570693 0.011613  0.023182  -0.036662  0.775927  -0.188067  0.602137  -0.289207  0.742247  0.604507  -0.560622  -0.643196  0.521539  -0.004825  -0.038786  0.077038  -0.389321  0.060055  0.020482  1.000000  
26.571695 0.011610  0.023142  -0.036582  0.775867  -0.187622  0.602352  -0.289367  0.742579  0.604023  -0.560622  -0.642942  0.521851  -0.004902  -0.039009  0.076483  -0.400537  0.044849  0.010166  1.000000  
26.572943 0.011604  0.023092  -0.036490  0.775748  -0.187024  0.602692  -0.289686  0.742949  0.603415  -0.560622  -0.642689  0.522163  -0.004862  -0.039079  0.075533  -0.412813  0.020027  0.006807  1.000000  
26.574193 0.011597  0.023043  -0.036405  0.775629  -0.186352  0.603053  -0.290006  0.743391  0.602716  -0.560622  -0.642372  0.522552  -0.004789  -0.038999  0.074277  -0.428421  -0.001639  0.007036  1.000000  
26.575193 0.011591  0.023004  -0.036339  0.775639  -0.185826  0.603202  -0.290192  0.743692  0.602255  -0.560511  -0.642177  0.522911  -0.004625  -0.038933  0.073522  -0.443994  -0.017720  0.014241  1.000000  
26.576442 0.011586  0.022956  -0.036252  0.775590  -0.185000  0.603519  -0.290537  0.744176  0.601490  -0.560400  -0.641854  0.523426  -0.004337  -0.038736  0.073196  -0.463616  -0.033796  0.021469  1.000000  
26.577539 0.011584  0.022919  -0.036177  0.775600  -0.184474  0.603667  -0.290723  0.744476  0.601029  -0.560289  -0.641658  0.523785  -0.004070  -0.038235  0.073169  -0.477578  -0.050126  0.028861  1.000000  
26.578692 0.011583  0.022872  -0.036076  0.775481  -0.183874  0.604004  -0.291043  0.744843  0.600419  -0.560289  -0.641404  0.524096  -0.003767  -0.038312  0.074441  -0.487216  -0.061556  0.032423  1.000000  
26.579693 0.011582  0.022837  -0.035992  0.775431  -0.183194  0.604274  -0.291388  0.745180  0.599834  -0.560178  -0.641208  0.524455  -0.003496  -0.038088  0.075374  -0.498526  -0.071990  0.046626  1.000000  
26.580693 0.011582  0.022801  -0.035911  0.775441  -0.182740  0.604398  -0.291574  0.745405  0.599463  -0.560068  -0.641075  0.524735  -0.003248  -0.038053  0.076132  -0.506246  -0.080836  0.053809  1.000000  
26.581703 0.011581  0.022765  -0.035831  0.775321  -0.182140  0.604734  -0.291894  0.745771  0.598852  -0.560068  -0.640820  0.525046  -0.002989  -0.037978  0.076555  -0.521777  -0.099299  0.068710  1.000000  
26.582946 0.011577  0.022719  -0.035739  0.775271  -0.181459  0.605002  -0.292239  0.746106  0.598266  -0.559957  -0.640623  0.525405  -0.002894  -0.038007  0.076450  -0.529119  -0.104476  0.078799  1.000000  
26.583955 0.011574  0.022682  -0.035668  0.775150  -0.180932  0.605315  -0.292558  0.746398  0.597745  -0.559957  -0.640432  0.525638  -0.002898  -0.037916  0.075654  -0.536896  -0.118653  0.090317  1.000000  
26.585195 0.011571  0.022635  -0.035584  0.775040  -0.180097  0.605705  -0.293064  0.746769  0.597034  -0.559846  -0.640235  0.525996  -0.002912  -0.037780  0.074389  -0.544054  -0.128094  0.103853  1.000000  
26.586196 0.011567  0.022597  -0.035519  0.774919  -0.179495  0.606038  -0.293383  0.747133  0.596422  -0.559846  -0.639980  0.526307  -0.002958  -0.037697  0.073421  -0.556130  -0.142459  0.115628  1.000000  
26.587443 0.011563  0.022548  -0.035437  0.774807  -0.178586  0.606449  -0.293888  0.747575  0.595619  -0.559735  -0.639718  0.526742  -0.002836  -0.037576  0.072575  -0.567803  -0.150079  0.133555  1.000000  
26.588444 0.011559  0.022508  -0.035370  0.774686  -0.178057  0.606759  -0.294207  0.747865  0.595097  -0.559735  -0.639526  0.526975  -0.002757  -0.037604  0.072471  -0.570740  -0.157599  0.139668  1.000000  
26.589693 0.011554  0.022459  -0.035283  0.774505  -0.177227  0.607234  -0.294685  0.748335  0.594269  -0.559735  -0.639207  0.527363  -0.002595  -0.037650  0.072762  -0.586154  -0.172337  0.157586  1.000000  
26.590693 0.011551  0.022420  -0.035207  0.774392  -0.176464  0.607599  -0.295190  0.748630  0.593646  -0.559624  -0.639072  0.527643  -0.002457  -0.037680  0.073300  -0.595154  -0.179901  0.169842  1.000000  
26.591950 0.011549  0.022372  -0.035107  0.774210  -0.175706  0.608051  -0.295668  0.749027  0.592907  -0.559624  -0.638816  0.527953  -0.002336  -0.037656  0.073817  -0.602186  -0.190123  0.184139  1.000000  
26.593193 0.011549  0.022325  -0.035008  0.773957  -0.175028  0.608568  -0.296120  0.749453  0.592143  -0.559735  -0.638502  0.528215  -0.002291  -0.037722  0.073870  -0.613944  -0.203368  0.195126  1.000000  
26.594195 0.011549  0.022287  -0.034931  0.773835  -0.174498  0.608876  -0.296438  0.749740  0.591620  -0.559735  -0.638310  0.528447  -0.002261  -0.037821  0.073386  -0.621653  -0.212162  0.202443  1.000000  
26.595443 0.011547  0.022241  -0.034840  0.773652  -0.173666  0.609346  -0.296916  0.750206  0.590789  -0.559735  -0.637990  0.528835  -0.002390  -0.037911  0.072675  -0.632374  -0.216300  0.211539  1.000000  
26.596693 0.011543  0.022195  -0.034757  0.773399  -0.172986  0.609861  -0.297367  0.750630  0.590023  -0.559846  -0.637675  0.529096  -0.002479  -0.038009  0.071670  -0.640059  -0.224958  0.218815  1.000000  
26.597696 0.011539  0.022158  -0.034692  0.773145  -0.172306  0.610375  -0.297818  0.751054  0.589256  -0.559957  -0.637361  0.529358  -0.002636  -0.038040  0.071010  -0.657373  -0.238492  0.224559  1.000000  
26.598950 0.011533  0.022111  -0.034608  0.772961  -0.171546  0.610822  -0.298295  0.751446  0.588514  -0.559957  -0.637104  0.529667  -0.002759  -0.038075  0.070701  -0.660861  -0.244291  0.235355  1.000000  
26.599953 0.011529  0.022072  -0.034539  0.772706  -0.170864  0.611335  -0.298746  0.751868  0.587747  -0.560068  -0.636789  0.529928  -0.002844  -0.038147  0.070855  -0.668712  -0.251414  0.235567  1.000000  
26.601196 0.011524  0.022022  -0.034447  0.772320  -0.170107  0.612033  -0.299328  0.752354  0.586827  -0.560289  -0.636417  0.530141  -0.002860  -0.038296  0.071492  -0.672743  -0.265945  0.236124  1.000000  
26.602445 0.011520  0.021971  -0.034352  0.772066  -0.169425  0.612544  -0.299777  0.752775  0.586058  -0.560400  -0.636102  0.530402  -0.002862  -0.038397  0.072401  -0.680372  -0.277466  0.240000  1.000000  
26.603445 0.011516  0.021931  -0.034278  0.771740  -0.168895  0.613100  -0.300200  0.753154  0.585354  -0.560622  -0.635794  0.530537  -0.002874  -0.038441  0.072896  -0.680203  -0.287471  0.236790  1.000000  
26.604457 0.011512  0.021891  -0.034204  0.771485  -0.168286  0.613588  -0.300649  0.753502  0.584675  -0.560733  -0.635543  0.530720  -0.002891  -0.038412  0.073064  -0.683632  -0.301822  0.237175  1.000000  
26.605694 0.011507  0.021842  -0.034116  0.771097  -0.167600  0.614263  -0.301230  0.753914  0.583844  -0.560954  -0.635235  0.530855  -0.003011  -0.038481  0.072597  -0.679633  -0.319307  0.234372  1.000000  
26.606943 0.011504  0.021793  -0.034030  0.770639  -0.166993  0.615003  -0.301783  0.754357  0.582986  -0.561286  -0.634869  0.530942  -0.003016  -0.038577  0.071816  -0.677582  -0.333732  0.229399  1.000000  
26.607950 0.011503  0.021754  -0.033967  0.770313  -0.166461  0.615556  -0.302204  0.754734  0.582279  -0.561508  -0.634560  0.531076  -0.003135  -0.038664  0.070551  -0.685604  -0.351069  0.226535  1.000000  
26.609194 0.011502  0.021704  -0.033886  0.769924  -0.165773  0.616227  -0.302783  0.755145  0.581446  -0.561729  -0.634252  0.531211  -0.003164  -0.038885  0.069647  -0.684963  -0.368085  0.223535  1.000000  
26.610509 0.011500  0.021654  -0.033806  0.769472  -0.164929  0.617018  -0.303520  0.755589  0.580484  -0.561951  -0.633943  0.531345  -0.003111  -0.038951  0.068628  -0.692677  -0.392012  0.225644  1.000000  
26.611693 0.011498  0.021604  -0.033724  0.768949  -0.164163  0.617873  -0.304229  0.756063  0.579495  -0.562283  -0.633577  0.531431  -0.003038  -0.039395  0.068888  -0.696273  -0.411269  0.225042  1.000000  
26.612943 0.011495  0.021552  -0.033635  0.768559  -0.163548  0.618522  -0.304807  0.756400  0.578750  -0.562504  -0.633333  0.531488  -0.002840  -0.039797  0.069429  -0.695741  -0.428352  0.222076  1.000000  
26.613944 0.011492  0.021510  -0.033562  0.768168  -0.162857  0.619190  -0.305384  0.756808  0.577912  -0.562725  -0.633024  0.531621  -0.002718  -0.040087  0.069802  -0.703687  -0.442789  0.222654  1.000000  
26.614967 0.011491  0.021467  -0.033487  0.767776  -0.162241  0.619837  -0.305960  0.757144  0.577166  -0.562946  -0.632780  0.531678  -0.002514  -0.040323  0.069978  -0.704596  -0.458944  0.217716  1.000000  
26.616197 0.011490  0.021414  -0.033394  0.767321  -0.161393  0.620622  -0.306695  0.757584  0.576199  -0.563167  -0.632471  0.531811  -0.002259  -0.040557  0.070029  -0.708633  -0.478067  0.222124  1.000000  
26.617198 0.011489  0.021373  -0.033325  0.766858  -0.160854  0.621333  -0.307242  0.757950  0.575425  -0.563499  -0.632169  0.531819  -0.002089  -0.040574  0.069665  -0.704355  -0.493803  0.212082  1.000000  
26.618446 0.011488  0.021323  -0.033243  0.766338  -0.159848  0.622234  -0.308133  0.758420  0.574328  -0.563720  -0.631860  0.531952  -0.001801  -0.040493  0.068814  -0.712028  -0.512642  0.216350  1.000000  
26.619446 0.011487  0.021286  -0.033181  0.765874  -0.159232  0.622962  -0.308679  0.758855  0.573459  -0.564052  -0.631493  0.532036  -0.001637  -0.040422  0.068224  -0.715858  -0.529943  0.213497  1.000000  
26.620693 0.011487  0.021238  -0.033106  0.765352  -0.158224  0.623860  -0.309569  0.759323  0.572360  -0.564273  -0.631184  0.532168  -0.001300  -0.040263  0.067353  -0.721588  -0.547145  0.212557  1.000000  
26.621943 0.011489  0.021192  -0.033027  0.764823  -0.157526  0.624685  -0.310271  0.759719  0.571453  -0.564604  -0.630882  0.532175  -0.001008  -0.040141  0.066885  -0.721491  -0.564426  0.209761  1.000000  
26.622943 0.011492  0.021153  -0.032962  0.764363  -0.156748  0.625443  -0.311001  0.760083  0.570571  -0.564825  -0.630637  0.532231  -0.000724  -0.040097  0.067029  -0.727139  -0.580575  0.215522  1.000000  
26.623949 0.011495  0.021115  -0.032895  0.763903  -0.155970  0.626199  -0.311731  0.760446  0.569689  -0.565046  -0.630393  0.532286  -0.000467  -0.039937  0.067181  -0.734721  -0.599332  0.219747  1.000000  
26.625193 0.011498  0.021065  -0.032809  0.763307  -0.155113  0.627138  -0.312588  0.760872  0.568649  -0.565377  -0.630090  0.532293  -0.000118  -0.040125  0.067893  -0.736190  -0.620283  0.222418  1.000000  
26.626443 0.011501  0.021015  -0.032724  0.762781  -0.154176  0.628009  -0.313473  0.761265  0.567636  -0.565597  -0.629845  0.532348  0.000215  -0.039927  0.067762  -0.738024  -0.636964  0.228385  1.000000  
26.627519 0.011503  0.020974  -0.032658  0.762318  -0.153396  0.628762  -0.314201  0.761625  0.566750  -0.565818  -0.629601  0.532403  0.000527  -0.039700  0.067118  -0.735974  -0.646877  0.231891  1.000000  
26.628693 0.011507  0.020922  -0.032580  0.761719  -0.152536  0.629696  -0.315055  0.762048  0.565706  -0.566149  -0.629298  0.532409  0.000987  -0.039873  0.066554  -0.739385  -0.664625  0.231366  1.000000  
26.629693 0.011510  0.020880  -0.032520  0.761254  -0.151830  0.630428  -0.315781  0.762337  0.564911  -0.566369  -0.629118  0.532387  0.001244  -0.039843  0.065670  -0.738982  -0.680385  0.239029  1.000000  
26.630943 0.011515  0.020829  -0.032450  0.760658  -0.150734  0.631410  -0.316819  0.762757  0.563762  -0.566590  -0.628873  0.532442  0.001641  -0.039732  0.064197  -0.742642  -0.696134  0.246745  1.000000  
26.631951 0.011519  0.020789  -0.032395  0.760192  -0.150027  0.632139  -0.317544  0.763045  0.562964  -0.566810  -0.628693  0.532420  0.002053  -0.039557  0.063027  -0.740537  -0.705996  0.252559  1.000000  
26.633196 0.011525  0.020740  -0.032327  0.759594  -0.148929  0.633117  -0.318580  0.763462  0.561812  -0.567031  -0.628448  0.532475  0.002453  -0.039528  0.062124  -0.748282  -0.723402  0.267482  1.000000  
26.634196 0.011530  0.020702  -0.032272  0.759060  -0.148064  0.633960  -0.319459  0.763778  0.560882  -0.567251  -0.628267  0.532453  0.002923  -0.039534  0.061623  -0.752265  -0.739552  0.275292  1.000000  
26.635447 0.011538  0.020655  -0.032201  0.758323  -0.146884  0.635116  -0.320620  0.764255  0.559568  -0.567582  -0.627964  0.532458  0.003435  -0.039563  0.061330  -0.763702  -0.759369  0.286554  1.000000  
26.636695 0.011547  0.020608  -0.032125  0.757650  -0.145860  0.636153  -0.321624  0.764700  0.558384  -0.567912  -0.627661  0.532463  0.003931  -0.039590  0.061174  -0.771686  -0.772259  0.297700  1.000000  
26.637947 0.011556  0.020559  -0.032050  0.756910  -0.144755  0.637286  -0.322782  0.765105  0.557158  -0.568243  -0.627423  0.532391  0.004318  -0.039570  0.060717  -0.776918  -0.790249  0.310170  1.000000  
26.639193 0.011565  0.020511  -0.031977  0.756167  -0.143571  0.638434  -0.323938  0.765577  0.555838  -0.568573  -0.627120  0.532396  0.004618  -0.039619  0.059949  -0.788626  -0.810170  0.321468  1.000000  
26.640193 0.011571  0.020472  -0.031923  0.755627  -0.142702  0.639269  -0.324812  0.765887  0.554900  -0.568793  -0.626939  0.532374  0.004854  -0.039592  0.058939  -0.792965  -0.822941  0.328667  1.000000  
26.641443 0.011577  0.020422  -0.031860  0.754948  -0.141674  0.640298  -0.325810  0.766326  0.553708  -0.569123  -0.626636  0.532378  0.005099  -0.039540  0.057583  -0.796546  -0.829909  0.332828  1.000000  
26.642693 0.011585  0.020371  -0.031802  0.754338  -0.140568  0.641260  -0.326837  0.766730  0.552542  -0.569343  -0.626391  0.532431  0.005370  -0.039530  0.056071  -0.807276  -0.842440  0.346548  1.000000  
26.643693 0.011591  0.020330  -0.031756  0.753724  -0.139773  0.642155  -0.327677  0.767070  0.551571  -0.569673  -0.626152  0.532359  0.005653  -0.039443  0.054803  -0.807278  -0.853851  0.350565  1.000000  
26.644943 0.011601  0.020279  -0.031697  0.753111  -0.138743  0.643097  -0.328702  0.767405  0.550495  -0.569893  -0.625971  0.532336  0.005984  -0.039408  0.053865  -0.809035  -0.860181  0.358930  1.000000  
26.645948 0.011609  0.020238  -0.031647  0.752427  -0.137789  0.644102  -0.329695  0.767771  0.549389  -0.570223  -0.625733  0.532264  0.006319  -0.039385  0.053491  -0.815126  -0.878034  0.365644  1.000000  
26.647197 0.011620  0.020187  -0.031584  0.751674  -0.136676  0.645218  -0.330842  0.768165  0.548148  -0.570552  -0.625494  0.532191  0.006688  -0.039501  0.053170  -0.820267  -0.887778  0.377224  1.000000  
26.648447 0.011631  0.020135  -0.031521  0.750918  -0.135562  0.646332  -0.331987  0.768557  0.546905  -0.570882  -0.625255  0.532119  0.007025  -0.039730  0.052870  -0.819118  -0.899155  0.384130  1.000000  
26.649448 0.011640  0.020094  -0.031472  0.750230  -0.134605  0.647331  -0.332976  0.768919  0.545793  -0.571212  -0.625015  0.532046  0.007239  -0.039938  0.052347  -0.827114  -0.914843  0.391757  1.000000  
26.650449 0.011650  0.020053  -0.031425  0.749678  -0.133808  0.648134  -0.333840  0.769153  0.544935  -0.571431  -0.624899  0.531947  0.007501  -0.040132  0.051516  -0.819008  -0.918914  0.395463  1.000000  
26.651450 0.011659  0.020011  -0.031380  0.748987  -0.132849  0.649130  -0.334826  0.769514  0.543820  -0.571761  -0.624660  0.531874  0.007596  -0.040406  0.050493  -0.827007  -0.934570  0.403084  1.000000  
26.652700 0.011671  0.019959  -0.031327  0.748086  -0.131649  0.650412  -0.336088  0.769961  0.542406  -0.572200  -0.624362  0.531751  0.007775  -0.040725  0.048970  -0.835198  -0.950200  0.410669  1.000000  
26.653943 0.011681  0.019905  -0.031278  0.747252  -0.130607  0.651580  -0.337194  0.770380  0.541124  -0.572638  -0.624065  0.531628  0.007916  -0.041025  0.047529  -0.836651  -0.961082  0.411565  1.000000  
26.654944 0.011689  0.019862  -0.031240  0.746556  -0.129724  0.652553  -0.338175  0.770671  0.540096  -0.572967  -0.623890  0.531479  0.007990  -0.041294  0.046388  -0.839697  -0.973033  0.418556  1.000000  
26.655950 0.011697  0.019817  -0.031201  0.745858  -0.128762  0.653541  -0.339156  0.771026  0.538974  -0.573296  -0.623650  0.531406  0.008182  -0.041612  0.045485  -0.843675  -0.984169  0.422432  1.000000  
26.657193 0.011706  0.019762  -0.031151  0.744950  -0.127558  0.654812  -0.340409  0.771467  0.537550  -0.573735  -0.623352  0.531282  0.008296  -0.041963  0.044978  -0.852951  -0.998973  0.426777  1.000000  
26.658195 0.011714  0.019717  -0.031108  0.744319  -0.126518  0.655731  -0.341418  0.771785  0.536453  -0.573954  -0.623171  0.531258  0.008418  -0.042293  0.044710  -0.860120  -1.011303  0.434028  1.000000  
26.659443 0.011725  0.019660  -0.031051  0.743335  -0.125152  0.657107  -0.342821  0.772248  0.534889  -0.574392  -0.622872  0.531134  0.008564  -0.042805  0.044826  -0.872387  -1.031277  0.445317  1.000000  
26.660509 0.011734  0.019614  -0.031003  0.742560  -0.124027  0.658196  -0.343948  0.772623  0.533623  -0.574721  -0.622632  0.531060  0.008569  -0.042778  0.044293  -0.878547  -1.044566  0.451943  1.000000  
26.661693 0.011746  0.019558  -0.030946  0.741572  -0.122738  0.659550  -0.345346  0.773017  0.532147  -0.575158  -0.622398  0.530861  0.008696  -0.043270  0.044205  -0.885819  -1.064580  0.453817  1.000000  
26.662694 0.011756  0.019513  -0.030905  0.740864  -0.121770  0.660524  -0.346317  0.773364  0.531012  -0.575487  -0.622158  0.530786  0.008781  -0.043557  0.043508  -0.893536  -1.075209  0.457427  1.000000  
26.663952 0.011768  0.019457  -0.030856  0.739940  -0.120323  0.661824  -0.347743  0.773783  0.529466  -0.575815  -0.621918  0.530712  0.008809  -0.043864  0.042695  -0.901040  -1.087843  0.464772  1.000000  
26.664960 0.011777  0.019412  -0.030820  0.739158  -0.119274  0.662887  -0.348863  0.774087  0.528285  -0.576143  -0.621742  0.530562  0.008769  -0.044114  0.041715  -0.900970  -1.095845  0.471905  1.000000  
26.666201 0.011788  0.019354  -0.030775  0.738229  -0.117825  0.664180  -0.350284  0.774501  0.526734  -0.576471  -0.621502  0.530487  0.008774  -0.044548  0.040985  -0.909589  -1.107533  0.475965  1.000000  
26.667208 0.011797  0.019306  -0.030740  0.737439  -0.116540  0.665283  -0.351585  0.774790  0.525441  -0.576690  -0.621385  0.530387  0.008682  -0.044898  0.040457  -0.913354  -1.116888  0.490193  1.000000  
26.668449 0.011808  0.019246  -0.030693  0.736435  -0.115164  0.666633  -0.352969  0.775236  0.523854  -0.577127  -0.621085  0.530262  0.008692  -0.045368  0.040264  -0.925999  -1.135715  0.494454  1.000000  
26.669695 0.011818  0.019186  -0.030645  0.735426  -0.113633  0.668010  -0.354535  0.775603  0.522250  -0.577455  -0.620909  0.530111  0.008741  -0.045765  0.040289  -0.930555  -1.148768  0.505588  1.000000  
26.670700 0.011826  0.019137  -0.030605  0.734555  -0.112185  0.669211  -0.355981  0.775907  0.520812  -0.577673  -0.620792  0.530011  0.008767  -0.046156  0.040417  -0.938927  -1.160620  0.519629  1.000000  
26.671951 0.011835  0.019074  -0.030556  0.733538  -0.110652  0.670580  -0.357542  0.776269  0.519202  -0.578001  -0.620615  0.529860  0.008745  -0.046616  0.040321  -0.946510  -1.177948  0.530939  1.000000  
26.673193 0.011844  0.019012  -0.030508  0.732445  -0.108957  0.672052  -0.359251  0.776649  0.517450  -0.578328  -0.620439  0.529710  0.008710  -0.046998  0.039981  -0.963064  -1.199558  0.549313  1.000000  
26.674193 0.011853  0.018963  -0.030471  0.731713  -0.107827  0.673030  -0.360388  0.776901  0.516280  -0.578547  -0.620321  0.529609  0.008684  -0.047265  0.039410  -0.967109  -1.206474  0.559241  1.000000  
26.675193 0.011861  0.018913  -0.030438  0.730905  -0.106536  0.674112  -0.361675  0.777173  0.514969  -0.578765  -0.620203  0.529508  0.008624  -0.047527  0.038497  -0.975332  -1.219205  0.570146  1.000000  
26.676197 0.011870  0.018864  -0.030405  0.730020  -0.105084  0.675298  -0.363110  0.777465  0.513517  -0.578983  -0.620085  0.529408  0.008537  -0.047821  0.037481  -0.983555  -1.234585  0.585533  1.000000  
26.677197 0.011878  0.018815  -0.030373  0.729133  -0.103632  0.676480  -0.364543  0.777754  0.512062  -0.579201  -0.619968  0.529307  0.008452  -0.048103  0.036670  -0.995545  -1.245616  0.598774  1.000000  
26.678443 0.011889  0.018753  -0.030335  0.728016  -0.101616  0.677987  -0.366423  0.778165  0.510092  -0.579419  -0.619785  0.529282  0.008380  -0.048423  0.036020  -1.015856  -1.263930  0.620406  1.000000  
26.679443 0.011897  0.018704  -0.030303  0.727046  -0.100002  0.679267  -0.368001  0.778468  0.508491  -0.579637  -0.619668  0.529181  0.008321  -0.048763  0.035654  -1.028073  -1.277847  0.638241  1.000000  
26.680446 0.011905  0.018653  -0.030269  0.726218  -0.098473  0.680376  -0.369462  0.778709  0.507060  -0.579746  -0.619609  0.529131  0.008263  -0.049059  0.035593  -1.044122  -1.291847  0.656055  1.000000  
26.681706 0.011915  0.018589  -0.030225  0.725157  -0.096462  0.681793  -0.371369  0.779008  0.505205  -0.579855  -0.619550  0.529080  0.008142  -0.049429  0.035520  -1.061012  -1.303189  0.685872  1.000000  
26.682950 0.011925  0.018524  -0.030179  0.724015  -0.094207  0.683321  -0.373421  0.779382  0.503111  -0.579964  -0.619426  0.529105  0.008117  -0.049765  0.035518  -1.083490  -1.321213  0.712469  1.000000  
26.683954 0.011932  0.018472  -0.030145  0.723099  -0.092516  0.684521  -0.375024  0.779631  0.501529  -0.580073  -0.619367  0.529055  0.008103  -0.050726  0.035672  -1.093968  -1.327055  0.736026  1.000000  
26.685202 0.011941  0.018407  -0.030106  0.721946  -0.090342  0.686027  -0.377071  0.779933  0.499522  -0.580182  -0.619308  0.529004  0.007932  -0.050306  0.034527  -1.109992  -1.339068  0.764249  1.000000  
26.686505 0.011949  0.018341  -0.030071  0.720778  -0.087849  0.687577  -0.379299  0.780269  0.497306  -0.580182  -0.619244  0.529079  0.007849  -0.050339  0.033393  -1.132194  -1.353402  0.795105  1.000000  
26.687699 0.011957  0.018275  -0.030040  0.719613  -0.085673  0.689070  -0.381338  0.780557  0.495289  -0.580291  -0.619185  0.529029  0.007757  -0.050750  0.032333  -1.154732  -1.372661  0.828719  1.000000  
26.688943 0.011966  0.018211  -0.030009  0.718511  -0.083423  0.690494  -0.383411  0.780801  0.493301  -0.580291  -0.619185  0.529029  0.007707  -0.050952  0.031405  -1.167166  -1.381126  0.853744  1.000000  
26.689944 0.011973  0.018159  -0.029985  0.717641  -0.081655  0.691610  -0.385037  0.780988  0.491736  -0.580291  -0.619185  0.529029  0.007614  -0.051124  0.030679  -1.177523  -1.385088  0.871548  1.000000  
26.691194 0.011983  0.018092  -0.029953  0.716597  -0.079331  0.692962  -0.387140  0.781181  0.489774  -0.580182  -0.619244  0.529079  0.007537  -0.051474  0.030120  -1.191717  -1.387450  0.906567  1.000000  
26.692197 0.011991  0.018038  -0.029927  0.715558  -0.077155  0.694279  -0.389057  0.781449  0.487823  -0.580182  -0.619180  0.529155  0.007474  -0.051959  0.029895  -1.215865  -1.403976  0.938717  1.000000  
26.693443 0.011999  0.017971  -0.029892  0.714353  -0.074742  0.695783  -0.391265  0.781684  0.485677  -0.580182  -0.619180  0.529155  0.007335  -0.052142  0.029531  -1.234019  -1.413441  0.966518  1.000000  
26.694477 0.012006  0.017917  -0.029863  0.713371  -0.072577  0.697018  -0.393213  0.781841  0.483847  -0.580073  -0.619239  0.529205  0.007214  -0.052388  0.029207  -1.251273  -1.424892  0.998286  1.000000  
26.695693 0.012014  0.017847  -0.029828  0.712222  -0.070005  0.698455  -0.395451  0.782080  0.481632  -0.579964  -0.619234  0.529330  0.007144  -0.052908  0.028723  -1.275686  -1.434214  1.031211  1.000000  
26.696693 0.012020  0.017791  -0.029803  0.711161  -0.067912  0.699742  -0.397356  0.782264  0.479761  -0.579964  -0.619234  0.529330  0.007007  -0.053270  0.028140  -1.286431  -1.443775  1.051450  1.000000  
26.697694 0.012026  0.017735  -0.029780  0.710162  -0.065746  0.700962  -0.399296  0.782403  0.477921  -0.579855  -0.619293  0.529381  0.006925  -0.053492  0.027316  -1.306497  -1.453324  1.083069  1.000000  
26.698703 0.012032  0.017678  -0.029757  0.709241  -0.063655  0.702086  -0.401087  0.782580  0.476128  -0.579746  -0.619288  0.529506  0.006780  -0.053851  0.026327  -1.321366  -1.457486  1.109277  1.000000  
26.699952 0.012040  0.017608  -0.029733  0.708134  -0.061009  0.703437  -0.403352  0.782748  0.473933  -0.579528  -0.619341  0.529682  0.006727  -0.054178  0.025298  -1.341396  -1.459718  1.140910  1.000000  
