1-Time 2-Px 3-Py 4-Pz 5-R11 6-R21 7-R31 8-R12 9-R22 10-R32 11-R13 12-R23 13-R33 14-Vx 15-Vy 16-Vz 17-Wx 18-Wy 19-Wz 20-state
19.120860 -0.010003  0.016391  0.015337  0.883928  0.467362  -0.015604  -0.465851  0.877188  -0.116294  -0.040664  0.110065  0.993092  0.000734  0.000129  0.000555  0.000000  0.000000  0.000000  1.000000  
19.121900 -0.010003  0.016391  0.015337  0.883928  0.467362  -0.015604  -0.465851  0.877188  -0.116294  -0.040664  0.110065  0.993092  0.000866  0.000257  0.000484  0.000000  0.000000  0.000000  1.000000  
19.122901 -0.010000  0.016387  0.015331  0.883928  0.467364  -0.015548  -0.465851  0.877202  -0.116188  -0.040664  0.109945  0.993106  0.002003  -0.002048  -0.003373  0.000000  0.000000  0.000000  1.000000  
19.123909 -0.009996  0.016380  0.015321  0.883928  0.467366  -0.015491  -0.465851  0.877216  -0.116082  -0.040664  0.109824  0.993119  0.002625  -0.003900  -0.005777  0.000000  0.000000  0.000000  1.000000  
19.125149 -0.009991  0.016373  0.015310  0.883933  0.467355  -0.015552  -0.465854  0.877237  -0.115913  -0.040530  0.109704  0.993138  0.003160  -0.004485  -0.006932  0.000000  0.000000  0.000000  1.000000  
19.126150 -0.009987  0.016369  0.015301  0.883933  0.467357  -0.015495  -0.465854  0.877251  -0.115807  -0.040530  0.109584  0.993151  0.003302  -0.004374  -0.007208  0.000000  0.000000  0.000000  1.000000  
19.127165 -0.009982  0.016364  0.015292  0.883933  0.467359  -0.015439  -0.465854  0.877265  -0.115700  -0.040530  0.109463  0.993164  0.003550  -0.004458  -0.007455  0.000000  0.000000  0.000000  1.000000  
19.128423 -0.009976  0.016358  0.015282  0.883933  0.467361  -0.015382  -0.465854  0.877279  -0.115594  -0.040530  0.109343  0.993177  0.003811  -0.004581  -0.007604  0.000000  0.000000  0.000000  1.000000  
19.129670 -0.009967  0.016350  0.015272  0.884029  0.467182  -0.015301  -0.465672  0.877389  -0.115491  -0.040530  0.109223  0.993191  0.004238  -0.004822  -0.007653  0.000000  0.000000  0.000000  1.000000  
19.130907 -0.009958  0.016342  0.015263  0.884034  0.467169  -0.015419  -0.465674  0.877396  -0.115429  -0.040396  0.109223  0.993196  0.004624  -0.004988  -0.007661  0.000000  0.000000  0.000000  1.000000  
19.131916 -0.009951  0.016335  0.015255  0.884034  0.467169  -0.015419  -0.465674  0.877396  -0.115429  -0.040396  0.109223  0.993196  0.004873  -0.005221  -0.007663  0.000000  0.000000  0.000000  1.000000  
19.132919 -0.009944  0.016327  0.015245  0.884034  0.467169  -0.015419  -0.465674  0.877396  -0.115429  -0.040396  0.109223  0.993196  0.005093  -0.005428  -0.007831  0.000000  0.000000  0.000000  1.000000  
19.134150 -0.009935  0.016317  0.015230  0.884034  0.467169  -0.015419  -0.465674  0.877396  -0.115429  -0.040396  0.109223  0.993196  0.005308  -0.005692  -0.008226  0.000000  0.000000  0.000000  1.000000  
19.135170 -0.009927  0.016310  0.015217  0.884130  0.466988  -0.015395  -0.465492  0.877492  -0.115432  -0.040396  0.109223  0.993196  0.005489  -0.005797  -0.008613  0.000000  0.000000  0.000000  1.000000  
19.136401 -0.009916  0.016298  0.015197  0.884130  0.466988  -0.015395  -0.465492  0.877492  -0.115432  -0.040396  0.109223  0.993196  0.005924  -0.006288  -0.009502  0.000000  0.000000  0.000000  1.000000  
19.137401 -0.009908  0.016286  0.015179  0.884134  0.466975  -0.015513  -0.465495  0.877499  -0.115370  -0.040263  0.109224  0.993201  0.006263  -0.006908  -0.010425  0.000000  0.000000  0.000000  1.000000  
19.138650 -0.009898  0.016270  0.015158  0.884134  0.466975  -0.015513  -0.465495  0.877499  -0.115370  -0.040263  0.109224  0.993201  0.006602  -0.007479  -0.011078  0.000000  0.000000  0.000000  1.000000  
19.139899 -0.009888  0.016255  0.015141  0.884139  0.466962  -0.015630  -0.465497  0.877506  -0.115308  -0.040129  0.109224  0.993207  0.006886  -0.007995  -0.011399  0.000000  0.000000  0.000000  1.000000  
19.140900 -0.009880  0.016243  0.015127  0.884139  0.466962  -0.015630  -0.465497  0.877506  -0.115308  -0.040129  0.109224  0.993207  0.007186  -0.008471  -0.011744  0.000000  0.000000  0.000000  1.000000  
19.142150 -0.009870  0.016228  0.015111  0.884139  0.466964  -0.015574  -0.465497  0.877520  -0.115202  -0.040129  0.109104  0.993220  0.007486  -0.009117  -0.012109  0.000000  0.000000  0.000000  1.000000  
19.143401 -0.009859  0.016212  0.015092  0.884043  0.467145  -0.015597  -0.465679  0.877424  -0.115198  -0.040129  0.109104  0.993220  0.007798  -0.009717  -0.012707  0.000000  0.000000  0.000000  1.000000  
19.144405 -0.009851  0.016200  0.015075  0.884043  0.467145  -0.015597  -0.465679  0.877424  -0.115198  -0.040129  0.109104  0.993220  0.007915  -0.010112  -0.013319  0.000000  0.000000  0.000000  1.000000  
19.145654 -0.009839  0.016184  0.015050  0.884043  0.467147  -0.015541  -0.465679  0.877437  -0.115092  -0.040129  0.108983  0.993233  0.008096  -0.010683  -0.014298  0.000000  0.000000  0.000000  1.000000  
19.146903 -0.009826  0.016166  0.015024  0.883947  0.467327  -0.015564  -0.465861  0.877341  -0.115089  -0.040129  0.108983  0.993233  0.008337  -0.011261  -0.015396  0.000000  0.000000  0.000000  1.000000  
19.148154 -0.009814  0.016147  0.014996  0.883943  0.467342  -0.015390  -0.465859  0.877348  -0.115044  -0.040263  0.108862  0.993241  0.008581  -0.011843  -0.016399  0.000000  0.000000  0.000000  1.000000  
19.149414 -0.009802  0.016129  0.014969  0.883847  0.467523  -0.015414  -0.466041  0.877252  -0.115041  -0.040263  0.108862  0.993241  0.008759  -0.012465  -0.017240  0.000000  0.000000  0.000000  1.000000  
19.150651 -0.009790  0.016111  0.014945  0.883842  0.467537  -0.015240  -0.466038  0.877259  -0.114997  -0.040396  0.108741  0.993249  0.008852  -0.012954  -0.017634  0.000000  0.000000  0.000000  1.000000  
19.151657 -0.009781  0.016096  0.014927  0.883746  0.467718  -0.015263  -0.466220  0.877163  -0.114994  -0.040396  0.108741  0.993249  0.008866  -0.013316  -0.017681  0.000000  0.000000  0.000000  1.000000  
19.152900 -0.009770  0.016076  0.014908  0.883751  0.467707  -0.015324  -0.466223  0.877184  -0.114825  -0.040263  0.108621  0.993268  0.008958  -0.013587  -0.017471  0.000000  0.000000  0.000000  1.000000  
19.154154 -0.009758  0.016057  0.014892  0.883751  0.467707  -0.015324  -0.466223  0.877184  -0.114825  -0.040263  0.108621  0.993268  0.009129  -0.013828  -0.017309  0.000000  0.000000  0.000000  1.000000  
19.155428 -0.009746  0.016039  0.014876  0.883746  0.467720  -0.015207  -0.466220  0.877177  -0.114887  -0.040396  0.108621  0.993262  0.009234  -0.014040  -0.017236  0.000000  0.000000  0.000000  1.000000  
19.156652 -0.009735  0.016022  0.014859  0.883650  0.467902  -0.015173  -0.466402  0.877095  -0.114778  -0.040396  0.108500  0.993275  0.009301  -0.014175  -0.017281  0.000000  0.000000  0.000000  1.000000  
19.157900 -0.009722  0.016005  0.014839  0.883650  0.467904  -0.015117  -0.466402  0.877109  -0.114671  -0.040396  0.108380  0.993288  0.009426  -0.014228  -0.017389  0.000000  0.000000  0.000000  1.000000  
19.158900 -0.009711  0.015993  0.014821  0.883645  0.467917  -0.014999  -0.466400  0.877102  -0.114733  -0.040530  0.108379  0.993283  0.009650  -0.014241  -0.017528  0.000000  0.000000  0.000000  1.000000  
19.160151 -0.009695  0.015975  0.014797  0.883645  0.467919  -0.014942  -0.466400  0.877116  -0.114627  -0.040530  0.108259  0.993296  0.009868  -0.014350  -0.017571  0.000000  0.000000  0.000000  1.000000  
19.161157 -0.009685  0.015960  0.014778  0.883645  0.467921  -0.014886  -0.466400  0.877130  -0.114521  -0.040530  0.108138  0.993309  0.009919  -0.014475  -0.017408  0.000000  0.000000  0.000000  1.000000  
19.162403 -0.009672  0.015941  0.014757  0.883640  0.467935  -0.014711  -0.466397  0.877137  -0.114476  -0.040664  0.108017  0.993317  0.009916  -0.014574  -0.017068  0.000000  0.000000  0.000000  1.000000  
19.163656 -0.009662  0.015921  0.014737  0.883640  0.467939  -0.014598  -0.466397  0.877165  -0.114263  -0.040664  0.107776  0.993343  0.009795  -0.014585  -0.016421  0.000000  0.000000  0.000000  1.000000  
19.164900 -0.009651  0.015903  0.014720  0.883635  0.467953  -0.014424  -0.466395  0.877172  -0.114219  -0.040797  0.107655  0.993351  0.009727  -0.014617  -0.015948  0.000000  0.000000  0.000000  1.000000  
19.165901 -0.009642  0.015888  0.014706  0.883631  0.467969  -0.014192  -0.466392  0.877193  -0.114068  -0.040931  0.107414  0.993372  0.009700  -0.014647  -0.015582  0.000000  0.000000  0.000000  1.000000  
19.167152 -0.009631  0.015868  0.014688  0.883727  0.467792  -0.014056  -0.466210  0.877317  -0.113858  -0.040931  0.107173  0.993398  0.009717  -0.014690  -0.015420  0.000000  0.000000  0.000000  1.000000  
19.168400 -0.009621  0.015847  0.014669  0.883722  0.467808  -0.013824  -0.466208  0.877338  -0.113708  -0.041065  0.106931  0.993418  0.009641  -0.014813  -0.015497  0.000000  0.000000  0.000000  1.000000  
19.169404 -0.009612  0.015831  0.014653  0.883722  0.467812  -0.013711  -0.466208  0.877365  -0.113495  -0.041065  0.106690  0.993444  0.009589  -0.014783  -0.015733  0.000000  0.000000  0.000000  1.000000  
19.170652 -0.009601  0.015813  0.014632  0.883722  0.467815  -0.013597  -0.466208  0.877393  -0.113282  -0.041065  0.106449  0.993470  0.009558  -0.014780  -0.016093  0.000000  0.000000  0.000000  1.000000  
19.171654 -0.009591  0.015800  0.014613  0.883722  0.467818  -0.013484  -0.466208  0.877420  -0.113069  -0.041065  0.106208  0.993496  0.009588  -0.014780  -0.016402  0.000000  0.000000  0.000000  1.000000  
19.172718 -0.009581  0.015787  0.014595  0.883717  0.467834  -0.013253  -0.466205  0.877441  -0.112918  -0.041198  0.105966  0.993516  0.009490  -0.014712  -0.016441  0.000000  0.000000  0.000000  1.000000  
19.173900 -0.009571  0.015770  0.014574  0.883717  0.467837  -0.013139  -0.466205  0.877468  -0.112705  -0.041198  0.105725  0.993542  0.009303  -0.014850  -0.016463  0.000000  0.000000  0.000000  1.000000  
19.174900 -0.009564  0.015755  0.014560  0.883813  0.467660  -0.013003  -0.466023  0.877592  -0.112495  -0.041198  0.105484  0.993567  0.008928  -0.014957  -0.016080  0.000000  0.000000  0.000000  1.000000  
19.175902 -0.009558  0.015739  0.014548  0.883813  0.467663  -0.012889  -0.466023  0.877619  -0.112282  -0.041198  0.105243  0.993593  0.008638  -0.014958  -0.015664  0.000000  0.000000  0.000000  1.000000  
19.177175 -0.009551  0.015720  0.014533  0.883813  0.467668  -0.012719  -0.466023  0.877660  -0.111963  -0.041198  0.104882  0.993631  0.008237  -0.014926  -0.015117  0.000000  0.000000  0.000000  1.000000  
19.178404 -0.009544  0.015702  0.014518  0.883813  0.467672  -0.012549  -0.466023  0.877701  -0.111643  -0.041198  0.104520  0.993669  0.007957  -0.014878  -0.014868  0.000000  0.000000  0.000000  1.000000  
19.179406 -0.009539  0.015687  0.014505  0.883909  0.467495  -0.012413  -0.465841  0.877824  -0.111433  -0.041198  0.104279  0.993694  0.007756  -0.014898  -0.014793  0.000000  0.000000  0.000000  1.000000  
19.180653 -0.009532  0.015668  0.014487  0.883909  0.467499  -0.012242  -0.465841  0.877864  -0.111114  -0.041198  0.103917  0.993732  0.007475  -0.014892  -0.014883  0.000000  0.000000  0.000000  1.000000  
19.181654 -0.009527  0.015653  0.014469  0.884010  0.467310  -0.012167  -0.465662  0.878007  -0.110735  -0.041065  0.103556  0.993776  0.007265  -0.014892  -0.015145  0.000000  0.000000  0.000000  1.000000  
19.182900 -0.009520  0.015633  0.014447  0.884010  0.467316  -0.011940  -0.465662  0.878061  -0.110309  -0.041065  0.103074  0.993826  0.006960  -0.014814  -0.015372  0.000000  0.000000  0.000000  1.000000  
19.184150 -0.009512  0.015612  0.014422  0.884105  0.467141  -0.011691  -0.465480  0.878211  -0.109885  -0.041065  0.102592  0.993876  0.006835  -0.014835  -0.015679  0.000000  0.000000  0.000000  1.000000  
19.185150 -0.009505  0.015598  0.014404  0.884201  0.466965  -0.011499  -0.465298  0.878347  -0.109568  -0.041065  0.102230  0.993913  0.006598  -0.014897  -0.015755  0.215690  -0.025793  -0.031739  1.000000  
19.186150 -0.009499  0.015583  0.014386  0.884201  0.466969  -0.011329  -0.465298  0.878387  -0.109248  -0.041065  0.101869  0.993950  0.006375  -0.014952  -0.015750  0.225936  -0.026729  -0.038888  1.000000  
19.187403 -0.009493  0.015564  0.014365  0.884297  0.466793  -0.011080  -0.465116  0.878536  -0.108824  -0.041065  0.101386  0.993999  0.006105  -0.015093  -0.015640  0.242506  -0.027444  -0.045766  1.000000  
19.188708 -0.009487  0.015544  0.014346  0.884398  0.466606  -0.010949  -0.464936  0.878691  -0.108338  -0.040931  0.100905  0.994054  0.005703  -0.015250  -0.015406  0.254542  -0.019174  -0.053492  1.000000  
19.189900 -0.009480  0.015523  0.014327  0.884493  0.466430  -0.010700  -0.464754  0.878839  -0.107914  -0.040931  0.100422  0.994103  0.005593  -0.015409  -0.015510  0.265327  -0.019751  -0.059976  1.000000  
19.190900 -0.009474  0.015506  0.014312  0.884589  0.466253  -0.010508  -0.464572  0.878974  -0.107597  -0.040931  0.100061  0.994139  0.005567  -0.015552  -0.015698  0.273765  -0.020456  -0.066818  1.000000  
19.192152 -0.009468  0.015484  0.014292  0.884689  0.466064  -0.010434  -0.464392  0.879116  -0.107217  -0.040797  0.099699  0.994181  0.005533  -0.015754  -0.016100  0.284439  -0.012379  -0.075181  1.000000  
19.193400 -0.009460  0.015463  0.014269  0.884785  0.465888  -0.010186  -0.464210  0.879263  -0.106793  -0.040797  0.099217  0.994229  0.005614  -0.015935  -0.016620  0.294483  -0.012965  -0.081380  1.000000  
19.194407 -0.009453  0.015446  0.014249  0.884885  0.465699  -0.010112  -0.464031  0.879404  -0.106413  -0.040664  0.098856  0.994271  0.005694  -0.016069  -0.017082  0.301272  -0.004815  -0.089861  1.000000  
19.195408 -0.009446  0.015429  0.014229  0.884986  0.465510  -0.010039  -0.463851  0.879545  -0.106033  -0.040530  0.098494  0.994312  0.005813  -0.016190  -0.017461  0.305569  0.003445  -0.097647  1.000000  
19.196654 -0.009437  0.015408  0.014205  0.885081  0.465332  -0.009848  -0.463669  0.879679  -0.105715  -0.040530  0.098133  0.994348  0.006036  -0.016308  -0.017616  0.311232  0.003441  -0.096871  1.000000  
19.197654 -0.009428  0.015390  0.014186  0.885277  0.464962  -0.009753  -0.463307  0.879915  -0.105337  -0.040396  0.097771  0.994389  0.006210  -0.016433  -0.017667  0.315823  0.006502  -0.110969  1.000000  
19.198901 -0.009419  0.015369  0.014163  0.885472  0.464593  -0.009602  -0.462945  0.880164  -0.104853  -0.040263  0.097289  0.994441  0.006308  -0.016483  -0.017557  0.323076  0.014139  -0.126558  1.000000  
19.199905 -0.009412  0.015352  0.014146  0.885568  0.464416  -0.009355  -0.462762  0.880310  -0.104428  -0.040263  0.096807  0.994488  0.006352  -0.016643  -0.017455  0.335546  0.013472  -0.133415  1.000000  
19.201151 -0.009404  0.015330  0.014124  0.885763  0.464047  -0.009205  -0.462400  0.880558  -0.103943  -0.040129  0.096325  0.994541  0.006392  -0.016859  -0.017464  0.340273  0.016606  -0.147663  1.000000  
19.202151 -0.009397  0.015312  0.014106  0.885858  0.463870  -0.008958  -0.462218  0.880704  -0.103517  -0.040129  0.095842  0.994587  0.006485  -0.017075  -0.017584  0.348707  0.020435  -0.154985  1.000000  
19.203404 -0.009388  0.015288  0.014082  0.886048  0.463513  -0.008635  -0.461853  0.880957  -0.102987  -0.040129  0.095239  0.994645  0.006751  -0.017387  -0.017968  0.361424  0.019106  -0.168700  1.000000  
19.204651 -0.009378  0.015264  0.014055  0.886243  0.463143  -0.008486  -0.461491  0.881204  -0.102501  -0.039995  0.094757  0.994697  0.006912  -0.017566  -0.018408  0.369884  0.022951  -0.176040  1.000000  
19.205691 -0.009371  0.015244  0.014033  0.886438  0.462773  -0.008337  -0.461128  0.881450  -0.102016  -0.039861  0.094275  0.994748  0.007016  -0.017705  -0.018898  0.378096  0.026076  -0.189994  1.000000  
19.206902 -0.009361  0.015219  0.014003  0.886632  0.462403  -0.008189  -0.460766  0.881695  -0.101530  -0.039728  0.093793  0.994799  0.007222  -0.018002  -0.019604  0.383528  0.029315  -0.204606  1.000000  
19.207903 -0.009353  0.015198  0.013980  0.886822  0.462043  -0.007923  -0.460401  0.881935  -0.101105  -0.039728  0.093310  0.994844  0.007371  -0.018210  -0.019949  0.392800  0.027755  -0.216424  1.000000  
19.208903 -0.009344  0.015179  0.013956  0.887016  0.461673  -0.007775  -0.460038  0.882180  -0.100619  -0.039594  0.092828  0.994895  0.007546  -0.018389  -0.020199  0.397022  0.031603  -0.223630  1.000000  
19.209906 -0.009334  0.015159  0.013935  0.887115  0.461484  -0.007649  -0.459858  0.882329  -0.100132  -0.039460  0.092346  0.994945  0.007766  -0.018567  -0.020282  0.404668  0.035757  -0.232801  1.000000  
19.210908 -0.009325  0.015140  0.013915  0.887309  0.461113  -0.007558  -0.459495  0.882561  -0.099752  -0.039327  0.091984  0.994984  0.007861  -0.018723  -0.020288  0.404878  0.035162  -0.239648  1.000000  
19.212154 -0.009314  0.015115  0.013892  0.887503  0.460743  -0.007356  -0.459132  0.882817  -0.099159  -0.039193  0.091381  0.995044  0.007931  -0.018974  -0.020257  0.414247  0.038078  -0.251767  1.000000  
19.213403 -0.009302  0.015091  0.013869  0.887697  0.460373  -0.007154  -0.458769  0.883072  -0.098565  -0.039059  0.090778  0.995105  0.008044  -0.019150  -0.020306  0.418452  0.042406  -0.261467  1.000000  
19.214404 -0.009293  0.015071  0.013849  0.887895  0.459991  -0.007127  -0.458408  0.883320  -0.098017  -0.038792  0.090296  0.995159  0.008137  -0.019291  -0.020398  0.422512  0.050080  -0.275747  1.000000  
19.215657 -0.009282  0.015046  0.013822  0.888088  0.459621  -0.006926  -0.458045  0.883574  -0.097423  -0.038658  0.089693  0.995219  0.008344  -0.019572  -0.020785  0.422726  0.054055  -0.283000  1.000000  
19.216903 -0.009271  0.015020  0.013794  0.888281  0.459251  -0.006670  -0.457681  0.883840  -0.096722  -0.038524  0.088969  0.995289  0.008544  -0.019841  -0.021139  0.431197  0.058052  -0.290320  1.000000  
19.218151 -0.009260  0.014992  0.013765  0.888568  0.458700  -0.006395  -0.457135  0.884199  -0.096022  -0.038391  0.088245  0.995359  0.008583  -0.020094  -0.021365  0.443981  0.056906  -0.304085  1.000000  
19.219151 -0.009252  0.014970  0.013740  0.888766  0.458318  -0.006314  -0.456774  0.884456  -0.095366  -0.038123  0.087642  0.995422  0.008666  -0.020236  -0.021679  0.452707  0.064714  -0.318720  1.000000  
19.220151 -0.009243  0.014948  0.013717  0.888958  0.457948  -0.006116  -0.456410  0.884708  -0.094771  -0.037990  0.087039  0.995480  0.008751  -0.020382  -0.021778  0.461041  0.068688  -0.325945  1.000000  
19.221151 -0.009234  0.014926  0.013693  0.889151  0.457577  -0.005918  -0.456046  0.884959  -0.094176  -0.037856  0.086436  0.995538  0.008849  -0.020511  -0.021807  0.469436  0.072677  -0.333208  1.000000  
19.222402 -0.009223  0.014899  0.013665  0.889437  0.457024  -0.005646  -0.455499  0.885315  -0.093475  -0.037722  0.085712  0.995606  0.008910  -0.020638  -0.021744  0.478592  0.071046  -0.344368  1.000000  
19.223658 -0.009211  0.014873  0.013638  0.889628  0.456654  -0.005338  -0.455135  0.885587  -0.092665  -0.037589  0.084867  0.995683  0.008967  -0.020694  -0.021553  0.494647  0.071175  -0.353797  1.000000  
19.224901 -0.009199  0.014847  0.013613  0.889918  0.456091  -0.005131  -0.454590  0.885958  -0.091795  -0.037321  0.084022  0.995765  0.008979  -0.020807  -0.021496  0.507236  0.078430  -0.365316  1.000000  
19.225904 -0.009190  0.014825  0.013593  0.890110  0.455720  -0.004880  -0.454226  0.886217  -0.091091  -0.037187  0.083298  0.995831  0.008970  -0.020969  -0.021512  0.519591  0.078007  -0.372108  1.000000  
19.227175 -0.009179  0.014798  0.013565  0.890399  0.455157  -0.004675  -0.453681  0.886585  -0.090221  -0.036920  0.082453  0.995911  0.008948  -0.021182  -0.021845  0.531888  0.082726  -0.382174  1.000000  
19.228405 -0.009166  0.014770  0.013537  0.890688  0.454593  -0.004470  -0.453135  0.886953  -0.089350  -0.036653  0.081608  0.995990  0.009071  -0.021384  -0.022146  0.548684  0.086864  -0.389630  1.000000  
19.229410 -0.009156  0.014749  0.013513  0.890879  0.454221  -0.004277  -0.452771  0.887199  -0.088753  -0.036519  0.081005  0.996044  0.009149  -0.021461  -0.022443  0.552760  0.091560  -0.390001  1.000000  
19.230655 -0.009144  0.014722  0.013484  0.891167  0.453657  -0.004075  -0.452225  0.887564  -0.087881  -0.036251  0.080160  0.996123  0.009170  -0.021629  -0.022518  0.565135  0.095681  -0.397197  1.000000  
19.231658 -0.009135  0.014700  0.013462  0.891450  0.453102  -0.003864  -0.451677  0.887902  -0.087285  -0.036118  0.079556  0.996176  0.009204  -0.021697  -0.022510  0.569657  0.099152  -0.411276  1.000000  
19.232902 -0.009124  0.014672  0.013435  0.891738  0.452538  -0.003664  -0.451130  0.888265  -0.086413  -0.035850  0.078711  0.996253  0.009223  -0.021726  -0.022349  0.578146  0.107832  -0.418969  1.000000  
19.234151 -0.009113  0.014645  0.013411  0.892025  0.451973  -0.003465  -0.450584  0.888626  -0.085541  -0.035583  0.077866  0.996329  0.009247  -0.021723  -0.021971  0.589702  0.111039  -0.422651  1.000000  
19.235151 -0.009104  0.014623  0.013392  0.892307  0.451417  -0.003257  -0.450035  0.888962  -0.084944  -0.035449  0.077262  0.996380  0.009294  -0.021665  -0.021635  0.594233  0.114534  -0.436638  1.000000  
19.236151 -0.009095  0.014602  0.013374  0.892593  0.450852  -0.003115  -0.449488  0.889311  -0.084178  -0.035182  0.076537  0.996446  0.009285  -0.021662  -0.021298  0.607597  0.119663  -0.447546  1.000000  
19.237401 -0.009084  0.014576  0.013350  0.892971  0.450104  -0.002847  -0.448757  0.889773  -0.083198  -0.034914  0.075571  0.996529  0.009286  -0.021556  -0.020971  0.620092  0.123930  -0.454794  1.000000  
19.238402 -0.009076  0.014555  0.013332  0.893257  0.449539  -0.002707  -0.448210  0.890120  -0.082432  -0.034647  0.074846  0.996593  0.009214  -0.021580  -0.020813  0.628504  0.127493  -0.468759  1.000000  
19.239404 -0.009067  0.014534  0.013312  0.893538  0.448982  -0.002449  -0.447660  0.890461  -0.081726  -0.034513  0.074121  0.996652  0.009188  -0.021548  -0.020767  0.635944  0.125560  -0.478530  1.000000  
19.240651 -0.009056  0.014508  0.013286  0.893826  0.448408  -0.002321  -0.447114  0.890831  -0.080684  -0.034112  0.073155  0.996737  0.009131  -0.021517  -0.020792  0.652069  0.134814  -0.479237  1.000000  
19.241651 -0.009048  0.014487  0.013263  0.894110  0.447842  -0.002129  -0.446566  0.891184  -0.079810  -0.033845  0.072310  0.996808  0.009041  -0.021484  -0.020834  0.664573  0.138446  -0.493163  1.000000  
19.242653 -0.009040  0.014466  0.013242  0.894482  0.447101  -0.001803  -0.445832  0.891624  -0.078995  -0.033711  0.071464  0.996873  0.008899  -0.021399  -0.020756  0.677083  0.137647  -0.506704  1.000000  
19.243909 -0.009031  0.014440  0.013216  0.894769  0.446526  -0.001625  -0.445285  0.891999  -0.077844  -0.033310  0.070376  0.996964  0.008641  -0.021338  -0.020549  0.694950  0.147642  -0.518330  1.000000  
19.245155 -0.009023  0.014414  0.013191  0.895143  0.445776  -0.001313  -0.444552  0.892459  -0.076752  -0.033042  0.069288  0.997049  0.008390  -0.021255  -0.020251  0.710892  0.150408  -0.528765  1.000000  
19.246405 -0.009015  0.014388  0.013168  0.895517  0.445026  -0.001057  -0.443819  0.892908  -0.075769  -0.032775  0.068321  0.997125  0.008170  -0.021160  -0.019907  0.724044  0.151349  -0.539173  1.000000  
19.247405 -0.009008  0.014368  0.013152  0.895799  0.444459  -0.000872  -0.443269  0.893254  -0.074893  -0.032507  0.067475  0.997191  0.008012  -0.020987  -0.019560  0.732293  0.155675  -0.546279  1.000000  
19.248658 -0.009000  0.014344  0.013132  0.896171  0.443708  -0.000566  -0.442535  0.893709  -0.073799  -0.032240  0.066387  0.997273  0.007765  -0.020731  -0.019243  0.740754  0.159606  -0.560213  1.000000  
19.249903 -0.008991  0.014320  0.013111  0.896543  0.442956  -0.000261  -0.441801  0.894162  -0.072706  -0.031972  0.065299  0.997353  0.007621  -0.020531  -0.019038  0.753204  0.159615  -0.567063  1.000000  
19.251151 -0.008983  0.014297  0.013090  0.896918  0.442197  -0.000077  -0.441068  0.894617  -0.071553  -0.031571  0.064211  0.997437  0.007480  -0.020290  -0.018940  0.763479  0.166633  -0.576596  1.000000  
19.252151 -0.008975  0.014279  0.013072  0.897194  0.441636  0.000276  -0.440516  0.894962  -0.070626  -0.031438  0.063243  0.997503  0.007361  -0.020094  -0.018904  0.777966  0.168525  -0.581296  1.000000  
19.253401 -0.008967  0.014257  0.013049  0.897568  0.440876  0.000456  -0.439783  0.895413  -0.069472  -0.031036  0.062155  0.997584  0.007242  -0.019877  -0.018848  0.786619  0.177082  -0.595728  1.000000  
19.254651 -0.008958  0.014234  0.013026  0.897937  0.440123  0.000753  -0.439047  0.895858  -0.068376  -0.030769  0.061067  0.997659  0.007048  -0.019659  -0.018662  0.794681  0.177118  -0.602329  1.000000  
19.255662 -0.008953  0.014216  0.013008  0.898306  0.439370  0.000996  -0.438311  0.896294  -0.067389  -0.030501  0.060099  0.997726  0.006892  -0.019374  -0.018415  0.802942  0.181068  -0.616116  1.000000  
19.256693 -0.008947  0.014198  0.012992  0.898584  0.438801  0.001223  -0.437760  0.896637  -0.066401  -0.030234  0.059131  0.997792  0.006725  -0.019122  -0.018035  0.810277  0.180902  -0.622184  1.000000  
19.257901 -0.008939  0.014177  0.012971  0.899045  0.437855  0.001463  -0.436840  0.897178  -0.065137  -0.029833  0.057922  0.997875  0.006611  -0.018873  -0.017664  0.825430  0.188207  -0.632221  1.000000  
19.258901 -0.008935  0.014160  0.012955  0.899321  0.437285  0.001687  -0.436288  0.897518  -0.064148  -0.029565  0.056954  0.997939  0.006450  -0.018683  -0.017400  0.837480  0.192638  -0.639088  1.000000  
19.259902 -0.008930  0.014142  0.012940  0.899687  0.436531  0.001923  -0.435551  0.897946  -0.063159  -0.029298  0.055986  0.998002  0.006311  -0.018425  -0.017078  0.845830  0.192238  -0.652602  1.000000  
19.260907 -0.008925  0.014126  0.012925  0.900056  0.435769  0.002037  -0.434815  0.898375  -0.062112  -0.028896  0.055018  0.998067  0.006164  -0.018160  -0.016849  0.856924  0.202926  -0.665312  1.000000  
19.262153 -0.008918  0.014106  0.012906  0.900421  0.435013  0.002375  -0.434077  0.898815  -0.060904  -0.028629  0.053808  0.998141  0.006119  -0.017776  -0.016711  0.873045  0.203569  -0.665112  1.000000  
19.263156 -0.008912  0.014091  0.012889  0.900785  0.434257  0.002659  -0.433338  0.899245  -0.059804  -0.028362  0.052719  0.998207  0.006086  -0.017473  -0.016738  0.889591  0.203218  -0.678725  1.000000  
19.264404 -0.008905  0.014071  0.012867  0.901241  0.433309  0.002937  -0.432416  0.899779  -0.058428  -0.027960  0.051387  0.998287  0.006004  -0.017213  -0.016877  0.905896  0.208000  -0.685704  1.000000  
19.265651 -0.008898  0.014052  0.012845  0.901607  0.432546  0.003149  -0.431678  0.900215  -0.057160  -0.027559  0.050177  0.998360  0.005895  -0.016975  -0.016927  0.914732  0.215433  -0.687341  1.000000  
19.266653 -0.008892  0.014037  0.012828  0.901968  0.431789  0.003426  -0.430939  0.900638  -0.056059  -0.027292  0.049087  0.998422  0.005817  -0.016725  -0.016846  0.926400  0.217494  -0.699704  1.000000  
19.267653 -0.008886  0.014023  0.012812  0.902329  0.431031  0.003702  -0.430199  0.901060  -0.054958  -0.027024  0.047998  0.998482  0.005742  -0.016484  -0.016697  0.938657  0.217703  -0.706413  1.000000  
19.268901 -0.008879  0.014005  0.012793  0.902782  0.430082  0.003918  -0.429275  0.901577  -0.053688  -0.026623  0.046787  0.998550  0.005659  -0.016169  -0.016449  0.946860  0.222560  -0.713412  1.000000  
19.270151 -0.008872  0.013987  0.012776  0.903144  0.429317  0.004173  -0.428536  0.902009  -0.052310  -0.026222  0.045455  0.998622  0.005566  -0.015906  -0.016110  0.959198  0.225487  -0.714388  1.000000  
19.271151 -0.008868  0.013973  0.012763  0.903503  0.428558  0.004442  -0.427795  0.902424  -0.051207  -0.025954  0.044365  0.998678  0.005457  -0.015565  -0.015759  0.971112  0.228116  -0.720136  1.000000  
19.272402 -0.008862  0.013956  0.012748  0.903952  0.427607  0.004755  -0.426869  0.902946  -0.049717  -0.025553  0.042912  0.998752  0.005358  -0.015235  -0.015395  0.983370  0.233141  -0.727060  1.000000  
19.273651 -0.008856  0.013939  0.012731  0.904401  0.426655  0.005013  -0.425943  0.903458  -0.048336  -0.025151  0.041580  0.998819  0.005328  -0.014919  -0.015181  0.991496  0.235664  -0.734693  1.000000  
19.274652 -0.008851  0.013927  0.012718  0.904757  0.425895  0.005276  -0.425200  0.903866  -0.047231  -0.024884  0.040490  0.998870  0.005337  -0.014718  -0.015035  0.999632  0.236008  -0.741352  1.000000  
19.275654 -0.008846  0.013914  0.012704  0.905113  0.425135  0.005537  -0.424458  0.904272  -0.046126  -0.024616  0.039399  0.998920  0.005376  -0.014514  -0.015101  1.007640  0.236336  -0.747919  1.000000  
19.276901 -0.008839  0.013898  0.012685  0.905558  0.424182  0.005838  -0.423530  0.904782  -0.044634  -0.024215  0.037946  0.998986  0.005392  -0.014151  -0.014969  1.019789  0.241396  -0.754764  1.000000  
19.277911 -0.008833  0.013885  0.012670  0.905913  0.423421  0.006095  -0.422787  0.905183  -0.043528  -0.023948  0.036855  0.999034  0.005345  -0.013899  -0.014864  1.032015  0.243752  -0.767461  1.000000  
19.279160 -0.008827  0.013870  0.012651  0.906356  0.422468  0.006340  -0.421858  0.905682  -0.042144  -0.023546  0.035523  0.999091  0.005258  -0.013637  -0.014648  1.040235  0.248853  -0.774403  1.000000  
19.280407 -0.008821  0.013854  0.012634  0.906798  0.421513  0.006633  -0.420929  0.906182  -0.040649  -0.023145  0.034069  0.999151  0.005210  -0.013419  -0.014295  1.052351  0.249497  -0.781005  1.000000  
19.281656 -0.008815  0.013839  0.012617  0.907239  0.420558  0.006923  -0.419999  0.906679  -0.039154  -0.022744  0.032615  0.999209  0.005076  -0.013224  -0.013989  1.060447  0.254701  -0.787815  1.000000  
19.282902 -0.008808  0.013823  0.012601  0.907766  0.419416  0.007218  -0.418882  0.907259  -0.037657  -0.022343  0.031161  0.999265  0.005039  -0.013018  -0.013773  1.072944  0.259586  -0.801645  1.000000  
19.284151 -0.008803  0.013807  0.012585  0.908202  0.418464  0.007572  -0.417950  0.907743  -0.036327  -0.022075  0.029827  0.999311  0.004965  -0.012945  -0.013613  1.076136  0.258033  -0.801551  1.000000  
19.285151 -0.008798  0.013795  0.012573  0.908554  0.417697  0.007744  -0.417206  0.908136  -0.035052  -0.021674  0.028615  0.999355  0.004935  -0.012783  -0.013509  1.088190  0.263011  -0.808353  1.000000  
19.286151 -0.008793  0.013783  0.012560  0.908988  0.416745  0.008043  -0.416273  0.908610  -0.033830  -0.021406  0.027403  0.999395  0.005005  -0.012686  -0.013536  1.097056  0.261714  -0.814627  1.000000  
19.287401 -0.008787  0.013768  0.012542  0.909424  0.415788  0.008318  -0.415340  0.909091  -0.032332  -0.021005  0.025949  0.999443  0.005022  -0.012589  -0.013675  1.105048  0.262506  -0.821186  1.000000  
19.288402 -0.008781  0.013756  0.012528  0.909773  0.415020  0.008483  -0.414595  0.909476  -0.031056  -0.020604  0.024737  0.999482  0.005111  -0.012461  -0.013757  1.113107  0.267612  -0.828006  1.000000  
19.289404 -0.008775  0.013744  0.012514  0.910119  0.414254  0.008767  -0.413848  0.909857  -0.029834  -0.020336  0.023525  0.999516  0.005157  -0.012393  -0.013849  1.120145  0.270393  -0.827986  1.000000  
19.290651 -0.008767  0.013730  0.012497  0.910637  0.413109  0.009040  -0.412727  0.910414  -0.028333  -0.019935  0.022070  0.999558  0.005247  -0.012257  -0.013784  1.130687  0.271861  -0.836425  1.000000  
19.291653 -0.008761  0.013718  0.012484  0.910981  0.412343  0.009320  -0.411979  0.910790  -0.027110  -0.019667  0.020858  0.999589  0.005284  -0.012181  -0.013641  1.135866  0.272125  -0.834146  1.000000  
19.292678 -0.008755  0.013707  0.012471  0.911412  0.411386  0.009481  -0.411044  0.911249  -0.025831  -0.019266  0.019645  0.999621  0.005309  -0.012087  -0.013457  1.140199  0.274999  -0.847011  1.000000  
19.293904 -0.008748  0.013693  0.012455  0.911839  0.410429  0.009861  -0.410108  0.911711  -0.024384  -0.018998  0.018190  0.999654  0.005337  -0.012016  -0.013281  1.147777  0.273719  -0.847203  1.000000  
19.294908 -0.008742  0.013681  0.012443  0.912181  0.409662  0.010134  -0.409359  0.912080  -0.023160  -0.018731  0.016978  0.999680  0.005418  -0.011925  -0.013107  1.152727  0.277285  -0.846890  1.000000  
19.295910 -0.008736  0.013669  0.012431  0.912607  0.408705  0.010459  -0.408422  0.912532  -0.021823  -0.018463  0.015644  0.999707  0.005441  -0.011890  -0.013041  1.160783  0.273335  -0.860143  1.000000  
19.297155 -0.008730  0.013655  0.012414  0.913117  0.407555  0.010762  -0.407297  0.913072  -0.020207  -0.018062  0.014068  0.999738  0.005517  -0.011856  -0.013089  1.168959  0.278901  -0.866919  1.000000  
19.298401 -0.008722  0.013639  0.012397  0.913542  0.406592  0.011107  -0.406360  0.913526  -0.018481  -0.017661  0.012370  0.999768  0.005628  -0.011800  -0.013207  1.183442  0.277557  -0.866308  1.000000  
19.299408 -0.008717  0.013627  0.012380  0.913962  0.405633  0.011594  -0.405420  0.913971  -0.017085  -0.017527  0.010915  0.999787  0.005697  -0.011750  -0.013465  1.197102  0.271855  -0.879655  1.000000  
19.300651 -0.008709  0.013612  0.012360  0.914469  0.404480  0.011935  -0.404294  0.914500  -0.015356  -0.017125  0.009217  0.999811  0.005777  -0.011793  -0.013768  1.207625  0.274957  -0.885999  1.000000  
19.301651 -0.008702  0.013601  0.012344  0.914804  0.403710  0.012364  -0.403541  0.914853  -0.014071  -0.016992  0.007883  0.999825  0.005916  -0.011689  -0.013934  1.215774  0.271626  -0.885728  1.000000  
19.302901 -0.008694  0.013586  0.012323  0.915305  0.402556  0.012820  -0.402413  0.915374  -0.012394  -0.016724  0.006185  0.999841  0.005955  -0.011691  -0.014141  1.233668  0.267234  -0.895381  1.000000  
19.303901 -0.008688  0.013574  0.012308  0.915723  0.401595  0.013123  -0.401472  0.915804  -0.011051  -0.016456  0.004851  0.999853  0.006004  -0.011685  -0.014251  1.237519  0.267245  -0.898926  1.000000  
19.305151 -0.008679  0.013561  0.012288  0.916222  0.400440  0.013572  -0.400343  0.916318  -0.009372  -0.016189  0.003153  0.999864  0.006087  -0.011656  -0.014427  1.245590  0.264033  -0.905386  1.000000  
19.306154 -0.008672  0.013550  0.012274  0.916638  0.399478  0.013869  -0.399401  0.916741  -0.008028  -0.015921  0.001819  0.999872  0.006106  -0.011651  -0.014468  1.253435  0.264948  -0.911838  1.000000  
19.307402 -0.008664  0.013535  0.012255  0.917053  0.398513  0.014212  -0.398459  0.917163  -0.006572  -0.015654  0.000364  0.999877  0.006187  -0.011687  -0.014651  1.255444  0.263852  -0.911083  1.000000  
19.308652 -0.008655  0.013521  0.012237  0.917548  0.397357  0.014601  -0.397328  0.917663  -0.005001  -0.015386  -0.001213  0.999881  0.006278  -0.011656  -0.014847  1.259109  0.260610  -0.917320  1.000000  
19.309653 -0.008648  0.013510  0.012220  0.917877  0.396584  0.014964  -0.396573  0.917995  -0.003822  -0.015252  -0.002426  0.999881  0.006326  -0.011619  -0.015066  1.263217  0.257258  -0.917130  1.000000  
19.310658 -0.008642  0.013499  0.012204  0.918286  0.395619  0.015373  -0.395628  0.918407  -0.002529  -0.015119  -0.003760  0.999879  0.006428  -0.011550  -0.015391  1.269012  0.251615  -0.923984  1.000000  
19.311662 -0.008634  0.013488  0.012187  0.918697  0.394655  0.015608  -0.394685  0.918816  -0.001293  -0.014851  -0.004973  0.999877  0.006568  -0.011484  -0.015682  1.268745  0.252731  -0.923667  1.000000  
19.312905 -0.008625  0.013474  0.012164  0.919185  0.393494  0.016155  -0.393550  0.919303  0.000340  -0.014717  -0.006671  0.999869  0.006674  -0.011419  -0.016020  1.280760  0.245036  -0.930028  1.000000  
19.314159 -0.008617  0.013461  0.012141  0.919674  0.392330  0.016622  -0.392416  0.919785  0.002139  -0.014450  -0.008490  0.999860  0.006769  -0.011286  -0.016209  1.292747  0.241979  -0.936462  1.000000  
19.315402 -0.008607  0.013449  0.012119  0.920160  0.391166  0.017161  -0.391281  0.920264  0.003774  -0.014316  -0.010188  0.999846  0.006904  -0.011126  -0.016366  1.300942  0.234516  -0.936215  1.000000  
19.316652 -0.008598  0.013436  0.012097  0.920725  0.389811  0.017694  -0.389955  0.920818  0.005415  -0.014182  -0.011886  0.999829  0.006987  -0.010931  -0.016404  1.309049  0.226889  -0.949592  1.000000  
19.317901 -0.008589  0.013425  0.012076  0.921288  0.388453  0.018270  -0.388628  0.921367  0.007169  -0.014048  -0.013705  0.999807  0.007059  -0.010715  -0.016531  1.318541  0.217401  -0.961936  1.000000  
19.319151 -0.008580  0.013412  0.012053  0.921769  0.387282  0.018842  -0.387491  0.921830  0.008921  -0.013915  -0.015524  0.999783  0.007077  -0.010617  -0.016676  1.330565  0.210033  -0.968434  1.000000  
19.320151 -0.008573  0.013403  0.012035  0.922248  0.386118  0.019270  -0.386353  0.922293  0.010338  -0.013781  -0.016979  0.999761  0.007116  -0.010481  -0.016974  1.338607  0.206850  -0.975033  1.000000  
19.321152 -0.008565  0.013394  0.012016  0.922645  0.385142  0.019773  -0.385403  0.922676  0.011589  -0.013781  -0.018313  0.999737  0.007117  -0.010370  -0.017188  1.345501  0.196455  -0.982858  1.000000  
19.322402 -0.008556  0.013383  0.011991  0.923202  0.383783  0.020238  -0.384074  0.923209  0.013125  -0.013647  -0.019890  0.999709  0.007181  -0.010134  -0.017643  1.346564  0.189181  -0.990364  1.000000  
19.323653 -0.008547  0.013371  0.011966  0.923675  0.382607  0.020872  -0.382933  0.923659  0.014718  -0.013647  -0.021587  0.999674  0.007240  -0.009958  -0.018094  1.353521  0.181592  -0.996137  1.000000  
19.324901 -0.008537  0.013362  0.011940  0.924228  0.381243  0.021374  -0.381602  0.924182  0.016369  -0.013513  -0.023285  0.999638  0.007326  -0.009695  -0.018473  1.358792  0.177154  -1.008363  1.000000  
19.325906 -0.008530  0.013353  0.011920  0.924620  0.380262  0.021865  -0.380651  0.924551  0.017624  -0.013513  -0.024619  0.999606  0.007329  -0.009521  -0.018688  1.358558  0.169565  -1.008094  1.000000  
19.327174 -0.008521  0.013345  0.011894  0.925246  0.378699  0.022525  -0.379127  0.925142  0.019344  -0.013513  -0.026437  0.999559  0.007328  -0.009168  -0.018867  1.364592  0.154824  -1.022426  1.000000  
19.328405 -0.008511  0.013336  0.011871  0.925791  0.377326  0.023138  -0.377794  0.925653  0.020948  -0.013513  -0.028135  0.999513  0.007340  -0.008831  -0.018963  1.365485  0.147771  -1.036685  1.000000  
19.329408 -0.008504  0.013330  0.011851  0.926257  0.376152  0.023614  -0.376650  0.926089  0.022212  -0.013513  -0.029468  0.999474  0.007362  -0.008563  -0.019090  1.361187  0.140270  -1.043340  1.000000  
19.330654 -0.008495  0.013323  0.011828  0.926876  0.374582  0.024259  -0.375124  0.926666  0.023937  -0.013513  -0.031287  0.999419  0.007362  -0.008154  -0.019146  1.365443  0.133278  -1.057115  1.000000  
19.331655 -0.008488  0.013317  0.011809  0.927416  0.373211  0.024767  -0.373788  0.927169  0.025322  -0.013513  -0.032741  0.999373  0.007325  -0.007939  -0.019268  1.373709  0.125951  -1.077763  1.000000  
19.332658 -0.008481  0.013312  0.011789  0.927875  0.372025  0.025402  -0.372641  0.927593  0.026652  -0.013647  -0.034196  0.999322  0.007320  -0.007641  -0.019446  1.373776  0.118622  -1.084593  1.000000  
19.333901 -0.008472  0.013306  0.011762  0.928564  0.370259  0.026026  -0.370921  0.928230  0.028388  -0.013647  -0.036014  0.999258  0.007318  -0.007228  -0.019730  1.379092  0.110867  -1.103216  1.000000  
19.335151 -0.008464  0.013299  0.011735  0.929172  0.368677  0.026774  -0.369391  0.928787  0.030072  -0.013781  -0.037832  0.999189  0.007264  -0.006943  -0.019980  1.383264  0.099667  -1.116975  1.000000  
19.336151 -0.008457  0.013294  0.011713  0.929703  0.367299  0.027266  -0.368051  0.929273  0.031463  -0.013781  -0.039286  0.999133  0.007234  -0.006679  -0.020220  1.387469  0.092571  -1.130818  1.000000  
19.337154 -0.008451  0.013289  0.011690  0.930308  0.365728  0.027746  -0.366520  0.929830  0.032861  -0.013781  -0.040741  0.999075  0.007160  -0.006355  -0.020424  1.399038  0.086420  -1.160926  1.000000  
