1-Time 2-Px 3-Py 4-Pz 5-R11 6-R21 7-R31 8-R12 9-R22 10-R32 11-R13 12-R23 13-R33 14-Vx 15-Vy 16-Vz 17-Wx 18-Wy 19-Wz 20-state
153.477452 -0.007677  0.009493  -0.050233  0.620258  0.272418  0.735573  -0.645273  0.710386  0.281024  -0.445985  -0.648953  0.616407  0.000463  -0.000024  0.002464  0.000000  0.000000  0.000000  1.000000  
153.478479 -0.007678  0.009493  -0.050233  0.620217  0.272358  0.735630  -0.645230  0.710449  0.280964  -0.446105  -0.648910  0.616366  -0.000931  -0.000084  -0.000343  0.000000  0.000000  0.000000  1.000000  
153.479741 -0.007672  0.009484  -0.050194  0.620217  0.272358  0.735630  -0.645230  0.710449  0.280964  -0.446105  -0.648910  0.616366  0.002744  -0.004323  0.019332  0.000000  0.000000  0.000000  1.000000  
153.480978 -0.007663  0.009473  -0.050132  0.620217  0.272447  0.735597  -0.645230  0.710483  0.280878  -0.446105  -0.648835  0.616445  0.004411  -0.006251  0.031164  0.000000  0.000000  0.000000  1.000000  
153.481979 -0.007656  0.009468  -0.050092  0.620217  0.272447  0.735597  -0.645230  0.710483  0.280878  -0.446105  -0.648835  0.616445  0.004918  -0.005947  0.033291  0.000000  0.000000  0.000000  1.000000  
153.483230 -0.007651  0.009467  -0.050057  0.620217  0.272447  0.735597  -0.645230  0.710483  0.280878  -0.446105  -0.648835  0.616445  0.004786  -0.004821  0.031977  0.000000  0.000000  0.000000  1.000000  
153.484492 -0.007650  0.009466  -0.050032  0.620175  0.272476  0.735621  -0.645187  0.710579  0.280733  -0.446224  -0.648717  0.616482  0.003999  -0.003945  0.029666  0.000000  0.000000  0.000000  1.000000  
153.485502 -0.007652  0.009465  -0.050012  0.620175  0.272476  0.735621  -0.645187  0.710579  0.280733  -0.446224  -0.648717  0.616482  0.003232  -0.003606  0.028462  0.000000  0.000000  0.000000  1.000000  
153.486735 -0.007651  0.009462  -0.049985  0.620175  0.272476  0.735621  -0.645187  0.710579  0.280733  -0.446224  -0.648717  0.616482  0.002883  -0.003506  0.027496  0.000000  0.000000  0.000000  1.000000  
153.487995 -0.007642  0.009455  -0.049953  0.620001  0.272473  0.735769  -0.645271  0.710552  0.280608  -0.446344  -0.648748  0.616362  0.003414  -0.003739  0.027257  0.000000  0.000000  0.000000  1.000000  
153.489227 -0.007632  0.009444  -0.049914  0.619960  0.272324  0.735860  -0.645228  0.710580  0.280635  -0.446464  -0.648780  0.616243  0.003927  -0.004241  0.027791  0.000000  0.000000  0.000000  1.000000  
153.490475 -0.007628  0.009433  -0.049867  0.619877  0.272114  0.736007  -0.645142  0.710672  0.280602  -0.446703  -0.648768  0.616082  0.003890  -0.004739  0.028689  0.000000  0.000000  0.000000  1.000000  
153.491476 -0.007627  0.009425  -0.049829  0.619661  0.271962  0.736245  -0.645184  0.710673  0.280504  -0.446943  -0.648831  0.615842  0.003657  -0.004943  0.029374  0.000000  0.000000  0.000000  1.000000  
153.492725 -0.007627  0.009413  -0.049774  0.619446  0.271720  0.736516  -0.645225  0.710640  0.280492  -0.447182  -0.648968  0.615523  0.003356  -0.005323  0.030614  0.000000  0.000000  0.000000  1.000000  
153.493725 -0.007625  0.009399  -0.049721  0.619271  0.271538  0.736729  -0.645309  0.710545  0.280540  -0.447302  -0.649148  0.615246  0.003472  -0.006232  0.033842  0.000000  0.000000  0.000000  1.000000  
153.494975 -0.007618  0.009377  -0.049649  0.619097  0.271356  0.736943  -0.645393  0.710449  0.280587  -0.447421  -0.649329  0.614969  0.003506  -0.006988  0.035498  0.000000  0.000000  0.000000  1.000000  
153.495981 -0.007609  0.009360  -0.049596  0.618923  0.271263  0.737123  -0.645478  0.710388  0.280548  -0.447541  -0.649434  0.614770  0.003542  -0.007515  0.035523  0.000000  0.000000  0.000000  1.000000  
153.497225 -0.007598  0.009346  -0.049545  0.618749  0.271081  0.737337  -0.645562  0.710293  0.280596  -0.447661  -0.649615  0.614492  0.003783  -0.008222  0.036037  0.000000  0.000000  0.000000  1.000000  
153.498475 -0.007593  0.009335  -0.049504  0.618616  0.271049  0.737460  -0.645689  0.710169  0.280616  -0.447661  -0.649764  0.614335  0.003805  -0.008781  0.036582  0.000000  0.000000  0.000000  1.000000  
153.499725 -0.007594  0.009325  -0.049455  0.618616  0.270870  0.737526  -0.645689  0.710101  0.280788  -0.447661  -0.649913  0.614177  0.003766  -0.009461  0.038182  0.000000  0.000000  0.000000  1.000000  
153.500730 -0.007595  0.009316  -0.049404  0.618483  0.270837  0.737649  -0.645817  0.709977  0.280809  -0.447661  -0.650062  0.614019  0.003846  -0.009940  0.040162  0.000000  0.000000  0.000000  1.000000  
153.501732 -0.007591  0.009305  -0.049340  0.618483  0.270747  0.737682  -0.645817  0.709943  0.280895  -0.447661  -0.650136  0.613941  0.003997  -0.010452  0.043006  0.000000  0.000000  0.000000  1.000000  
153.502977 -0.007582  0.009290  -0.049247  0.618350  0.270894  0.737740  -0.645944  0.709887  0.280743  -0.447661  -0.650136  0.613941  0.004031  -0.011018  0.047133  0.000000  0.000000  0.000000  1.000000  
153.503986 -0.007575  0.009276  -0.049166  0.618350  0.270804  0.737773  -0.645944  0.709853  0.280829  -0.447661  -0.650210  0.613862  0.003848  -0.011442  0.050632  0.000000  0.000000  0.000000  1.000000  
153.505228 -0.007572  0.009259  -0.049071  0.618217  0.270950  0.737831  -0.646071  0.709797  0.280677  -0.447661  -0.650210  0.613862  0.003781  -0.011788  0.053984  0.000000  0.000000  0.000000  1.000000  
153.506475 -0.007574  0.009247  -0.048993  0.618084  0.271186  0.737856  -0.646198  0.709776  0.280439  -0.447661  -0.650136  0.613941  0.003531  -0.011850  0.055743  0.000000  0.000000  0.000000  1.000000  
153.507475 -0.007578  0.009242  -0.048946  0.617951  0.271332  0.737913  -0.646326  0.709720  0.280287  -0.447661  -0.650136  0.613941  0.003344  -0.011616  0.056139  0.000000  0.000000  0.000000  1.000000  
153.508725 -0.007582  0.009235  -0.048894  0.617818  0.271478  0.737971  -0.646453  0.709664  0.280135  -0.447661  -0.650136  0.613941  0.002879  -0.010875  0.055148  0.000000  0.000000  0.000000  1.000000  
153.509725 -0.007583  0.009227  -0.048850  0.617726  0.271774  0.737939  -0.646623  0.709579  0.279957  -0.447541  -0.650105  0.614061  0.002389  -0.010135  0.054147  0.000000  0.000000  0.000000  1.000000  
153.510975 -0.007579  0.009211  -0.048790  0.617726  0.271774  0.737939  -0.646623  0.709579  0.279957  -0.447541  -0.650105  0.614061  0.002009  -0.009935  0.053782  0.000000  0.000000  0.000000  1.000000  
153.511982 -0.007574  0.009198  -0.048739  0.617634  0.272069  0.737907  -0.646794  0.709494  0.279778  -0.447421  -0.650074  0.614181  0.001608  -0.010014  0.054623  0.000000  0.000000  0.000000  1.000000  
153.513224 -0.007569  0.009181  -0.048674  0.617542  0.272276  0.737908  -0.646964  0.709375  0.279686  -0.447302  -0.650118  0.614222  0.001629  -0.010412  0.055900  0.000000  0.000000  0.000000  1.000000  
153.514225 -0.007567  0.009169  -0.048616  0.617409  0.272422  0.737965  -0.647091  0.709319  0.279534  -0.447302  -0.650118  0.614222  0.001780  -0.010697  0.057312  0.000000  0.000000  0.000000  1.000000  
153.515225 -0.007566  0.009155  -0.048552  0.617450  0.272482  0.737908  -0.647135  0.709256  0.279593  -0.447182  -0.650161  0.614263  0.001942  -0.010993  0.058559  0.000000  0.000000  0.000000  1.000000  
153.516484 -0.007563  0.009136  -0.048467  0.617492  0.272542  0.737852  -0.647178  0.709193  0.279653  -0.447062  -0.650205  0.614304  0.001894  -0.011423  0.059206  0.000000  0.000000  0.000000  1.000000  
153.517783 -0.007557  0.009117  -0.048386  0.617707  0.272605  0.737648  -0.647137  0.709157  0.279838  -0.446823  -0.650217  0.614465  0.001705  -0.011676  0.058152  0.000000  0.000000  0.000000  1.000000  
153.518980 -0.007547  0.009100  -0.048312  0.617790  0.272994  0.737435  -0.647224  0.709133  0.279698  -0.446584  -0.650080  0.614784  0.001912  -0.011721  0.056962  0.000000  0.000000  0.000000  1.000000  
153.519986 -0.007541  0.009088  -0.048258  0.617964  0.273176  0.737221  -0.647140  0.709228  0.279652  -0.446464  -0.649900  0.615061  0.002121  -0.011583  0.055103  0.000000  0.000000  0.000000  1.000000  
153.521239 -0.007538  0.009078  -0.048196  0.618139  0.273448  0.736974  -0.647056  0.709357  0.279519  -0.446344  -0.649645  0.615417  0.002449  -0.011486  0.054018  0.000000  0.000000  0.000000  1.000000  
153.522476 -0.007538  0.009071  -0.048133  0.618272  0.273749  0.736750  -0.646929  0.709583  0.279240  -0.446344  -0.649271  0.615811  0.002734  -0.011529  0.054391  0.000000  0.000000  0.000000  1.000000  
153.523478 -0.007537  0.009066  -0.048077  0.618447  0.274020  0.736503  -0.646844  0.709712  0.279107  -0.446224  -0.649016  0.616167  0.003018  -0.011459  0.055401  0.000000  0.000000  0.000000  1.000000  
153.524725 -0.007532  0.009056  -0.047992  0.618621  0.274559  0.736156  -0.646760  0.709943  0.278716  -0.446105  -0.648536  0.616759  0.003355  -0.011348  0.057424  0.000000  0.000000  0.000000  1.000000  
153.525727 -0.007524  0.009046  -0.047913  0.618754  0.274948  0.735899  -0.646633  0.710202  0.278350  -0.446105  -0.648087  0.617231  0.003690  -0.011229  0.059407  0.000000  0.000000  0.000000  1.000000  
153.526975 -0.007512  0.009031  -0.047809  0.619062  0.275430  0.735460  -0.646421  0.710523  0.278024  -0.445985  -0.647531  0.617901  0.004105  -0.011158  0.062043  0.000000  0.000000  0.000000  1.000000  
153.527981 -0.007505  0.009020  -0.047729  0.619195  0.275908  0.735169  -0.646294  0.710815  0.277572  -0.445985  -0.647006  0.618451  0.004352  -0.010935  0.063981  0.000000  0.000000  0.000000  1.000000  
153.529225 -0.007498  0.009009  -0.047640  0.619328  0.276475  0.734843  -0.646166  0.711141  0.277033  -0.445985  -0.646405  0.619078  0.004592  -0.010657  0.065167  -0.219312  0.047485  0.041007  1.000000  
153.530225 -0.007495  0.009000  -0.047576  0.619552  0.276657  0.734586  -0.645868  0.711519  0.276758  -0.446105  -0.645911  0.619507  0.004699  -0.010362  0.065074  -0.238430  0.057766  0.025065  1.000000  
153.531225 -0.007490  0.008991  -0.047518  0.619685  0.277134  0.734294  -0.645740  0.711811  0.276305  -0.446105  -0.645385  0.620055  0.004976  -0.009854  0.064382  -0.267721  0.062223  0.020810  1.000000  
153.532475 -0.007479  0.008979  -0.047448  0.619910  0.277493  0.733968  -0.645442  0.712255  0.275857  -0.446224  -0.644740  0.620640  0.005338  -0.009466  0.063621  -0.295040  0.072515  0.004849  1.000000  
153.533725 -0.007462  0.008965  -0.047371  0.620308  0.277854  0.733495  -0.645059  0.712728  0.275532  -0.446224  -0.644062  0.621343  0.005776  -0.009182  0.063728  -0.326141  0.085809  -0.007905  1.000000  
153.534735 -0.007448  0.008951  -0.047300  0.620400  0.278270  0.733260  -0.644888  0.713081  0.275018  -0.446344  -0.643492  0.621848  0.006272  -0.009269  0.064910  -0.351117  0.092342  -0.019804  1.000000  
153.535985 -0.007435  0.008933  -0.047203  0.620756  0.278482  0.732878  -0.644462  0.713581  0.274718  -0.446464  -0.642845  0.622431  0.006995  -0.009851  0.067306  -0.367239  0.107102  -0.040207  1.000000  
153.537227 -0.007425  0.008915  -0.047100  0.621113  0.278870  0.732428  -0.644036  0.714148  0.274245  -0.446584  -0.642047  0.623169  0.007576  -0.010473  0.069761  -0.395717  0.121876  -0.060649  1.000000  
153.538230 -0.007417  0.008902  -0.047016  0.621295  0.279167  0.732160  -0.643694  0.714653  0.273733  -0.446823  -0.641356  0.623708  0.008138  -0.011128  0.071912  -0.418989  0.129009  -0.080034  1.000000  
153.539475 -0.007405  0.008889  -0.046910  0.621609  0.279583  0.731734  -0.643224  0.715313  0.273111  -0.447062  -0.640437  0.624480  0.008609  -0.011350  0.073317  -0.447442  0.137489  -0.107015  1.000000  
153.540477 -0.007393  0.008878  -0.046826  0.621791  0.280056  0.731399  -0.642882  0.715883  0.272424  -0.447302  -0.639594  0.625173  0.008924  -0.011332  0.073747  -0.481956  0.140097  -0.122142  1.000000  
153.541725 -0.007377  0.008866  -0.046722  0.622105  0.280648  0.730905  -0.642412  0.716608  0.271626  -0.447541  -0.638522  0.626097  0.009171  -0.011200  0.073825  -0.518651  0.148516  -0.149191  1.000000  
153.542725 -0.007365  0.008858  -0.046643  0.622327  0.281268  0.730477  -0.642113  0.717147  0.270910  -0.447661  -0.637643  0.626906  0.009441  -0.011005  0.073692  -0.549496  0.157312  -0.164005  1.000000  
153.543982 -0.007352  0.008852  -0.046551  0.622599  0.281976  0.729973  -0.641599  0.717996  0.269875  -0.448020  -0.636374  0.627939  0.009920  -0.010581  0.073777  -0.602660  0.163732  -0.195592  1.000000  
153.545225 -0.007341  0.008849  -0.046458  0.622779  0.282978  0.729431  -0.641257  0.718757  0.268660  -0.448259  -0.635068  0.629088  0.010296  -0.010025  0.074522  -0.656325  0.161733  -0.212315  1.000000  
153.546225 -0.007332  0.008846  -0.046378  0.623050  0.283506  0.728995  -0.640743  0.719538  0.267795  -0.448618  -0.633948  0.629962  0.010541  -0.009703  0.076002  -0.705711  0.163770  -0.240121  1.000000  
153.547225 -0.007320  0.008839  -0.046289  0.623098  0.284477  0.728575  -0.640529  0.720171  0.266602  -0.448857  -0.632792  0.630953  0.010757  -0.009475  0.078553  -0.755457  0.155423  -0.257435  1.000000  
153.548475 -0.007303  0.008828  -0.046166  0.623367  0.285269  0.728035  -0.640014  0.721045  0.265472  -0.449215  -0.631439  0.632052  0.010797  -0.009324  0.081732  -0.799985  0.150266  -0.276930  1.000000  
153.549479 -0.007287  0.008817  -0.046062  0.623547  0.286001  0.727593  -0.639672  0.721702  0.264513  -0.449454  -0.630357  0.632962  0.010987  -0.009215  0.083794  -0.843916  0.146180  -0.293224  1.000000  
153.550725 -0.007268  0.008803  -0.045937  0.623816  0.286791  0.727052  -0.639157  0.722572  0.263378  -0.449813  -0.629000  0.634056  0.011250  -0.008916  0.085815  -0.880280  0.145327  -0.316594  1.000000  
153.551737 -0.007256  0.008793  -0.045844  0.623953  0.287463  0.726669  -0.638771  0.723285  0.262355  -0.450171  -0.627873  0.634919  0.011539  -0.008504  0.086435  -0.913870  0.136935  -0.333887  1.000000  
153.552978 -0.007242  0.008782  -0.045743  0.624221  0.288250  0.726127  -0.638256  0.724151  0.261217  -0.450530  -0.626512  0.636007  0.011792  -0.008194  0.086251  -0.958770  0.129372  -0.353886  1.000000  
153.553979 -0.007232  0.008774  -0.045668  0.624357  0.289008  0.725708  -0.637870  0.724892  0.260103  -0.450888  -0.625305  0.636941  0.011910  -0.007953  0.085663  -0.992120  0.123864  -0.367904  1.000000  
153.554979 -0.007219  0.008766  -0.045595  0.624451  0.289620  0.725384  -0.637440  0.725659  0.259014  -0.451366  -0.624131  0.637754  0.012002  -0.007810  0.084882  -1.017477  0.112030  -0.388373  1.000000  
153.556225 -0.007202  0.008755  -0.045496  0.624717  0.290667  0.724735  -0.636925  0.726612  0.257606  -0.451724  -0.622533  0.639061  0.012100  -0.007645  0.084487  -1.056192  0.107531  -0.410076  1.000000  
153.557226 -0.007187  0.008746  -0.045413  0.624810  0.291453  0.724339  -0.636495  0.727437  0.256337  -0.452201  -0.621200  0.640019  0.012274  -0.007723  0.084678  -1.085547  0.098664  -0.427290  1.000000  
153.558228 -0.007172  0.008738  -0.045326  0.624945  0.292384  0.723848  -0.636109  0.728231  0.255039  -0.452559  -0.619831  0.641093  0.012556  -0.007868  0.085560  -1.123087  0.092932  -0.441304  1.000000  
153.559475 -0.007156  0.008730  -0.045210  0.625037  0.293607  0.723273  -0.635678  0.729205  0.253324  -0.453037  -0.618106  0.642420  0.012765  -0.008101  0.086962  -1.171988  0.082615  -0.451009  1.000000  
153.560475 -0.007145  0.008724  -0.045116  0.625171  0.294624  0.722744  -0.635291  0.730024  0.251933  -0.453394  -0.616654  0.643562  0.013024  -0.008393  0.088383  -1.216760  0.072414  -0.460635  1.000000  
153.561725 -0.007130  0.008717  -0.044994  0.625219  0.296050  0.722119  -0.634818  0.731139  0.249885  -0.453990  -0.614647  0.645060  0.013085  -0.008411  0.089369  -1.273815  0.055541  -0.476635  1.000000  
153.562729 -0.007118  0.008712  -0.044898  0.625353  0.297151  0.721550  -0.634430  0.731980  0.248401  -0.454348  -0.613111  0.646268  0.013034  -0.008189  0.089371  -1.319277  0.052770  -0.487312  1.000000  
153.563976 -0.007101  0.008706  -0.044778  0.625531  0.298598  0.720798  -0.633827  0.733206  0.246316  -0.454944  -0.610940  0.647903  0.012813  -0.007666  0.088871  -1.384537  0.035731  -0.503243  1.000000  
153.565225 -0.007085  0.008702  -0.044664  0.625751  0.300100  0.719983  -0.633268  0.734367  0.244289  -0.455420  -0.608806  0.649575  0.012674  -0.007076  0.088147  -1.442992  0.029191  -0.512983  1.000000  
153.566225 -0.007074  0.008699  -0.044576  0.625840  0.301490  0.719325  -0.632837  0.735372  0.242377  -0.455897  -0.606904  0.651019  0.012531  -0.006584  0.087594  -1.503177  0.018684  -0.522242  1.000000  
153.567475 -0.007062  0.008697  -0.044471  0.626146  0.302866  0.718480  -0.632104  0.736670  0.240338  -0.456492  -0.604641  0.652705  0.012441  -0.005938  0.087440  -1.564512  0.012185  -0.535924  1.000000  
153.568485 -0.007052  0.008695  -0.044384  0.626407  0.304069  0.717744  -0.631587  0.737639  0.238717  -0.456849  -0.602852  0.654109  0.012356  -0.005495  0.088244  -1.621951  0.007999  -0.543400  1.000000  
153.569732 -0.007039  0.008691  -0.044270  0.626582  0.305679  0.716907  -0.630983  0.738891  0.236431  -0.457444  -0.600500  0.655854  0.012189  -0.005102  0.089822  -1.680070  0.001252  -0.557269  1.000000  
153.570977 -0.007025  0.008682  -0.044143  0.626885  0.307133  0.716019  -0.630250  0.740199  0.234288  -0.458039  -0.598143  0.657591  0.011988  -0.004956  0.091745  -1.733800  -0.005599  -0.571004  1.000000  
153.571980 -0.007013  0.008673  -0.044037  0.627058  0.308391  0.715327  -0.629645  0.741323  0.232351  -0.458634  -0.596100  0.659029  0.011814  -0.004948  0.093289  -1.779217  -0.015539  -0.587776  1.000000  
153.573230 -0.006998  0.008662  -0.043910  0.627360  0.310013  0.714361  -0.628911  0.742673  0.230017  -0.459228  -0.593573  0.660894  0.011565  -0.005024  0.094413  -1.836995  -0.019396  -0.598326  1.000000  
153.574475 -0.006986  0.008654  -0.043795  0.627616  0.311576  0.713455  -0.628134  0.744070  0.227614  -0.459941  -0.590999  0.662702  0.011331  -0.005068  0.094353  -1.880280  -0.025339  -0.614484  1.000000  
153.575475 -0.006978  0.008649  -0.043711  0.627916  0.312674  0.712711  -0.627399  0.745239  0.225810  -0.460535  -0.588944  0.664118  0.011091  -0.005020  0.093639  -1.918270  -0.025167  -0.634699  1.000000  
153.576475 -0.006971  0.008644  -0.043631  0.628041  0.314039  0.712000  -0.626750  0.746447  0.223611  -0.461247  -0.586682  0.665623  0.010805  -0.004959  0.092366  -1.966761  -0.039812  -0.646822  1.000000  
153.577725 -0.006961  0.008638  -0.043532  0.628423  0.315613  0.710966  -0.625841  0.747939  0.221156  -0.461960  -0.583931  0.667546  0.010449  -0.004958  0.091081  -2.018337  -0.038975  -0.669377  1.000000  
153.578725 -0.006953  0.008632  -0.043449  0.628675  0.316992  0.710129  -0.625062  0.749250  0.218911  -0.462671  -0.581499  0.669174  0.010091  -0.005057  0.090115  -2.068675  -0.045453  -0.690411  1.000000  
153.579977 -0.006941  0.008624  -0.043340  0.628838  0.318946  0.709109  -0.624195  0.750872  0.215805  -0.463620  -0.578329  0.671262  0.009756  -0.005305  0.089731  -2.138496  -0.060075  -0.709917  1.000000  
153.581225 -0.006932  0.008615  -0.043223  0.629300  0.320728  0.707895  -0.623112  0.752584  0.212955  -0.464450  -0.575110  0.673450  0.009508  -0.005578  0.090181  -2.201361  -0.061666  -0.736972  1.000000  
153.582475 -0.006925  0.008608  -0.043101  0.629675  0.322713  0.706658  -0.622201  0.754162  0.210012  -0.465161  -0.571923  0.675670  0.009129  -0.005977  0.091362  -2.275464  -0.062453  -0.751636  1.000000  
153.583725 -0.006918  0.008602  -0.042974  0.630133  0.324569  0.705399  -0.621117  0.755873  0.207050  -0.465989  -0.568604  0.677896  0.008758  -0.006159  0.092559  -2.347369  -0.058500  -0.778346  1.000000  
153.584734 -0.006913  0.008597  -0.042871  0.630505  0.326031  0.704391  -0.620205  0.757276  0.204641  -0.466700  -0.565894  0.679673  0.008323  -0.006297  0.093089  -2.412703  -0.059771  -0.799517  1.000000  
153.585741 -0.006907  0.008591  -0.042769  0.630920  0.327713  0.703238  -0.619337  0.758667  0.202104  -0.467291  -0.563053  0.681623  0.007946  -0.006171  0.093022  -2.471305  -0.056507  -0.818684  1.000000  
153.586979 -0.006900  0.008583  -0.042645  0.631327  0.329755  0.701917  -0.618207  0.760466  0.198775  -0.468237  -0.559422  0.683960  0.007534  -0.005995  0.092775  -2.547871  -0.060782  -0.844367  1.000000  
153.587983 -0.006893  0.008578  -0.042553  0.631739  0.331512  0.700718  -0.617338  0.761858  0.196129  -0.468828  -0.556482  0.685950  0.007164  -0.005706  0.092011  -2.607094  -0.057907  -0.863763  1.000000  
153.589225 -0.006887  0.008573  -0.042444  0.632141  0.333711  0.699310  -0.616206  0.763673  0.192594  -0.469773  -0.552666  0.688384  0.006705  -0.005487  0.091617  -2.677923  -0.061257  -0.889407  1.000000  
153.590226 -0.006884  0.008568  -0.042359  0.632378  0.335646  0.698169  -0.615422  0.765046  0.189631  -0.470482  -0.549587  0.690362  0.006416  -0.005456  0.091678  -2.746432  -0.063599  -0.911621  1.000000  
153.591226 -0.006882  0.008563  -0.042273  0.632695  0.337452  0.697011  -0.614464  0.766549  0.186647  -0.471308  -0.546378  0.692343  0.006027  -0.005488  0.092099  -2.801554  -0.064867  -0.933973  1.000000  
153.592475 -0.006877  0.008553  -0.042159  0.633091  0.339801  0.695508  -0.613331  0.768359  0.182894  -0.472252  -0.542365  0.694851  0.005674  -0.005731  0.093091  -2.878319  -0.066420  -0.963993  1.000000  
153.593725 -0.006873  0.008540  -0.042039  0.633484  0.342059  0.694042  -0.612196  0.770127  0.179222  -0.473195  -0.538424  0.697270  0.005275  -0.006150  0.094196  -2.941250  -0.068909  -0.986167  1.000000  
153.594975 -0.006865  0.008526  -0.041914  0.633920  0.344613  0.692378  -0.611106  0.771889  0.175322  -0.474020  -0.534256  0.699911  0.005054  -0.006531  0.095062  -3.016559  -0.071746  -1.008381  1.000000  
153.595977 -0.006861  0.008513  -0.041819  0.634229  0.346563  0.691121  -0.610145  0.773370  0.172111  -0.474845  -0.530841  0.701947  0.004788  -0.006922  0.095234  -3.067362  -0.074035  -1.030620  1.000000  
153.597227 -0.006858  0.008499  -0.041705  0.634615  0.349051  0.689513  -0.609009  0.775141  0.168122  -0.475786  -0.526612  0.704491  0.004538  -0.007432  0.094655  -3.141695  -0.081280  -1.048061  1.000000  
153.598475 -0.006855  0.008485  -0.041600  0.635170  0.351504  0.687754  -0.607785  0.776933  0.164233  -0.476610  -0.522322  0.707123  0.004262  -0.007962  0.093155  -3.208611  -0.083381  -1.069329  1.000000  
153.599725 -0.006853  0.008471  -0.041497  0.635550  0.354140  0.686047  -0.606647  0.778697  0.160029  -0.477551  -0.517895  0.709739  0.004026  -0.008371  0.091634  -3.282964  -0.087288  -1.091169  1.000000  
153.600727 -0.006850  0.008459  -0.041414  0.635897  0.356279  0.684617  -0.605728  0.780098  0.156654  -0.478256  -0.514307  0.711870  0.003842  -0.008826  0.090424  -3.343966  -0.090755  -1.105427  1.000000  
153.601741 -0.006845  0.008445  -0.041326  0.636319  0.358120  0.683263  -0.604634  0.781585  0.153439  -0.479078  -0.510760  0.713869  0.003672  -0.009364  0.089368  -3.404322  -0.092008  -1.125971  1.000000  
153.602977 -0.006840  0.008425  -0.041210  0.636740  0.360863  0.681425  -0.603538  0.783256  0.149170  -0.479900  -0.506249  0.716525  0.003519  -0.010179  0.089554  -3.480301  -0.097007  -1.140970  1.000000  
153.603980 -0.006836  0.008409  -0.041112  0.637081  0.363065  0.679935  -0.602617  0.784622  0.145671  -0.480604  -0.502545  0.718657  0.003472  -0.011123  0.090256  -3.541545  -0.097484  -1.152422  1.000000  
153.604981 -0.006835  0.008390  -0.041011  0.637420  0.365260  0.678440  -0.601696  0.785971  0.142164  -0.481308  -0.498833  0.720769  0.003299  -0.012069  0.091362  -3.606811  -0.101854  -1.159335  1.000000  
153.606225 -0.006834  0.008366  -0.040882  0.637711  0.367974  0.676698  -0.600730  0.787466  0.137912  -0.482129  -0.494461  0.723229  0.003173  -0.013148  0.092726  -3.668730  -0.103873  -1.163583  1.000000  
153.607226 -0.006834  0.008344  -0.040778  0.638046  0.370155  0.675191  -0.599808  0.788778  0.134385  -0.482832  -0.490729  0.725299  0.002916  -0.014153  0.093572  -3.725754  -0.108494  -1.170425  1.000000  
153.608228 -0.006835  0.008322  -0.040676  0.638304  0.372620  0.673589  -0.599062  0.789967  0.130682  -0.483418  -0.486936  0.727462  0.002605  -0.014946  0.093972  -3.786107  -0.109879  -1.166940  1.000000  
153.609475 -0.006835  0.008293  -0.040552  0.638590  0.375473  0.671731  -0.598094  0.791426  0.126208  -0.484237  -0.482354  0.729965  0.002155  -0.015983  0.094037  -3.835849  -0.114526  -1.164037  1.000000  
153.610475 -0.006836  0.008269  -0.040458  0.638845  0.377842  0.670158  -0.597347  0.792559  0.122584  -0.484823  -0.478629  0.732025  0.001851  -0.016715  0.093866  -3.891026  -0.117512  -1.162702  1.000000  
153.611475 -0.006839  0.008243  -0.040368  0.639100  0.380284  0.668532  -0.596599  0.793689  0.118856  -0.485408  -0.474807  0.734124  0.001334  -0.017745  0.093696  -3.931688  -0.121077  -1.159888  1.000000  
153.612725 -0.006846  0.008210  -0.040257  0.639381  0.383272  0.666554  -0.595631  0.795105  0.114159  -0.486226  -0.470012  0.736664  0.000741  -0.019022  0.093850  -3.998954  -0.132704  -1.156058  1.000000  
153.613975 -0.006855  0.008174  -0.040144  0.639585  0.386298  0.664609  -0.594838  0.796342  0.109574  -0.486928  -0.465417  0.739113  -0.000002  -0.020317  0.094288  -4.054694  -0.138850  -1.147534  1.000000  
153.615225 -0.006864  0.008136  -0.040025  0.639910  0.389310  0.662535  -0.593913  0.797658  0.104922  -0.487629  -0.460629  0.741646  -0.000860  -0.021895  0.095411  -4.097690  -0.143659  -1.137171  1.000000  
153.616225 -0.006872  0.008103  -0.039921  0.640038  0.391803  0.660940  -0.593296  0.798608  0.101121  -0.488213  -0.456855  0.743594  -0.001598  -0.023280  0.096637  -4.139207  -0.155931  -1.127337  1.000000  
153.617475 -0.006883  0.008058  -0.039787  0.640360  0.394635  0.658940  -0.592371  0.799848  0.096644  -0.488913  -0.452224  0.745961  -0.002711  -0.024982  0.098046  -4.173855  -0.165474  -1.112768  1.000000  
153.618483 -0.006893  0.008022  -0.039677  0.640655  0.396833  0.657332  -0.591666  0.800775  0.093225  -0.489380  -0.448646  0.747813  -0.003805  -0.026506  0.098957  -4.201581  -0.164600  -1.100447  1.000000  
153.619730 -0.006909  0.007975  -0.039541  0.640853  0.400049  0.655186  -0.590871  0.801919  0.088304  -0.490080  -0.443720  0.750290  -0.004923  -0.027988  0.099678  -4.245146  -0.167158  -1.089116  1.000000  
153.620979 -0.006927  0.007928  -0.039410  0.641220  0.403210  0.652885  -0.589989  0.803084  0.083477  -0.490663  -0.438722  0.752843  -0.006302  -0.029643  0.099785  -4.284534  -0.166042  -1.075210  1.000000  
153.622225 -0.006947  0.007880  -0.039279  0.641585  0.406279  0.650620  -0.589107  0.804210  0.078738  -0.491246  -0.433801  0.755311  -0.007533  -0.030962  0.099937  -4.320191  -0.164713  -1.061449  1.000000  
153.623226 -0.006964  0.007841  -0.039174  0.641876  0.408756  0.648779  -0.588400  0.805093  0.074900  -0.491712  -0.429818  0.757282  -0.008596  -0.032104  0.100151  -4.355449  -0.165631  -1.050370  1.000000  
153.624227 -0.006980  0.007800  -0.039065  0.642214  0.411188  0.646904  -0.587738  0.805910  0.071222  -0.492061  -0.425950  0.759238  -0.009796  -0.033419  0.100783  -4.378538  -0.162738  -1.036841  1.000000  
153.625475 -0.007000  0.007747  -0.038923  0.642625  0.414185  0.644581  -0.586899  0.806914  0.066623  -0.492527  -0.421118  0.761628  -0.010998  -0.034771  0.102304  -4.398535  -0.159562  -1.022326  1.000000  
153.626475 -0.007019  0.007704  -0.038806  0.643010  0.416638  0.642612  -0.586281  0.807654  0.063001  -0.492760  -0.417262  0.763597  -0.012015  -0.035926  0.104145  -4.417520  -0.150427  -1.005052  1.000000  
153.627725 -0.007044  0.007647  -0.038653  0.643298  0.419932  0.640176  -0.585574  0.808537  0.058058  -0.493226  -0.412219  0.766031  -0.013244  -0.037481  0.106915  -4.451934  -0.147939  -0.983922  1.000000  
153.628726 -0.007065  0.007602  -0.038529  0.643682  0.422441  0.638136  -0.584955  0.809244  0.054326  -0.493458  -0.408249  0.768005  -0.014247  -0.038827  0.109477  -4.471180  -0.140813  -0.968296  1.000000  
153.629975 -0.007091  0.007543  -0.038373  0.644137  0.425273  0.635791  -0.584159  0.810100  0.049962  -0.493807  -0.403585  0.770242  -0.015390  -0.040247  0.111958  -4.477344  -0.133987  -0.945029  1.000000  
153.630975 -0.007112  0.007495  -0.038250  0.644351  0.427887  0.633818  -0.583628  0.810716  0.046017  -0.494156  -0.399565  0.772112  -0.016159  -0.041102  0.113226  -4.495758  -0.132564  -0.926663  1.000000  
153.631981 -0.007133  0.007445  -0.038129  0.644733  0.430364  0.631749  -0.583008  0.811366  0.042268  -0.494389  -0.395566  0.774020  -0.017134  -0.042197  0.114188  -4.517096  -0.125092  -0.911876  1.000000  
153.633227 -0.007161  0.007380  -0.037980  0.645235  0.433350  0.629190  -0.582256  0.812128  0.037756  -0.494622  -0.390711  0.776334  -0.018076  -0.043382  0.114947  -4.525973  -0.110812  -0.891539  1.000000  
153.634478 -0.007190  0.007316  -0.037834  0.645615  0.436488  0.626625  -0.581636  0.812775  0.033108  -0.494854  -0.385842  0.778617  -0.018977  -0.044550  0.115624  -4.540309  -0.103106  -0.861156  1.000000  
153.635484 -0.007214  0.007264  -0.037718  0.646045  0.438740  0.624606  -0.581060  0.813319  0.029707  -0.494970  -0.382125  0.780375  -0.019716  -0.045635  0.116443  -4.542515  -0.087755  -0.848868  1.000000  
153.636495 -0.007239  0.007212  -0.037597  0.646474  0.440982  0.622580  -0.580483  0.813847  0.026302  -0.495087  -0.378401  0.782114  -0.020285  -0.046548  0.117472  -4.544103  -0.079260  -0.833796  1.000000  
153.637728 -0.007269  0.007144  -0.037440  0.646952  0.443929  0.619984  -0.579951  0.814353  0.022073  -0.495087  -0.373841  0.784304  -0.021009  -0.047873  0.119329  -4.542359  -0.059981  -0.812914  1.000000  
153.638975 -0.007300  0.007074  -0.037274  0.647548  0.446917  0.617208  -0.579284  0.814934  0.017671  -0.495087  -0.368982  0.786601  -0.021649  -0.049088  0.121304  -4.541427  -0.037620  -0.796830  1.000000  
153.639983 -0.007325  0.007018  -0.037137  0.648025  0.449235  0.615021  -0.578751  0.815380  0.014223  -0.495087  -0.365161  0.788382  -0.022262  -0.050134  0.123019  -4.544063  -0.021822  -0.785392  1.000000  
153.641227 -0.007356  0.006948  -0.036960  0.648502  0.452211  0.612332  -0.578217  0.815823  0.009881  -0.495087  -0.360469  0.790539  -0.022878  -0.051277  0.125114  -4.540095  -0.005879  -0.767030  1.000000  
153.642475 -0.007390  0.006879  -0.036785  0.649027  0.455206  0.609550  -0.577727  0.816211  0.005604  -0.494970  -0.355791  0.792728  -0.023417  -0.052075  0.126648  -4.535248  0.018215  -0.744463  1.000000  
153.643725 -0.007424  0.006812  -0.036615  0.649601  0.458292  0.606619  -0.577280  0.816545  0.001295  -0.494738  -0.351030  0.794992  -0.023983  -0.052661  0.127626  -4.539202  0.045485  -0.727569  1.000000  
153.644978 -0.007460  0.006746  -0.036447  0.650057  0.461381  0.603782  -0.576967  0.816762  -0.002945  -0.494505  -0.346448  0.797144  -0.024589  -0.053183  0.128491  -4.533223  0.067349  -0.700276  1.000000  
153.646225 -0.007495  0.006679  -0.036278  0.650512  0.464453  0.600931  -0.576653  0.816958  -0.007187  -0.494273  -0.341853  0.799269  -0.025249  -0.053583  0.129542  -4.528135  0.090801  -0.680442  1.000000  
153.647225 -0.007525  0.006626  -0.036141  0.650848  0.467167  0.598457  -0.576473  0.817044  -0.010861  -0.494040  -0.337926  0.801081  -0.025757  -0.053827  0.130701  -4.543553  0.111610  -0.654060  1.000000  
153.648475 -0.007562  0.006557  -0.035968  0.651284  0.470585  0.595298  -0.576380  0.817039  -0.015286  -0.493575  -0.333162  0.803360  -0.026403  -0.054117  0.132501  -4.562149  0.133757  -0.622615  1.000000  
153.649725 -0.007602  0.006488  -0.035787  0.651669  0.473734  0.592371  -0.576243  0.817046  -0.019485  -0.493226  -0.328652  0.805429  -0.027042  -0.054352  0.134561  -4.548018  0.160635  -0.594690  1.000000  
153.651002 -0.007642  0.006419  -0.035604  0.652104  0.476896  0.589347  -0.576149  0.817003  -0.023614  -0.492760  -0.324153  0.807535  -0.027652  -0.054574  0.136992  -4.525782  0.187600  -0.558712  1.000000  
153.652235 -0.007683  0.006349  -0.035418  0.652420  0.480066  0.586416  -0.576189  0.816848  -0.027666  -0.492294  -0.319837  0.809537  -0.028419  -0.054829  0.139286  -4.517160  0.210469  -0.520778  1.000000  
153.653479 -0.007725  0.006279  -0.035231  0.652786  0.483321  0.583328  -0.576273  0.816641  -0.031743  -0.491712  -0.315434  0.811616  -0.029202  -0.054886  0.140878  -4.507512  0.233714  -0.483041  1.000000  
153.654729 -0.007767  0.006209  -0.035045  0.653200  0.486658  0.580081  -0.576399  0.816381  -0.035847  -0.491013  -0.310943  0.813770  -0.029975  -0.054890  0.141818  -4.500771  0.261418  -0.443593  1.000000  
153.655981 -0.007809  0.006140  -0.034863  0.653446  0.490040  0.576947  -0.576617  0.816033  -0.040040  -0.490430  -0.306513  0.815799  -0.030676  -0.054772  0.142105  -4.501166  0.283044  -0.400797  1.000000  
153.657226 -0.007853  0.006072  -0.034684  0.653741  0.493434  0.573712  -0.576877  0.815637  -0.044159  -0.489730  -0.302093  0.817866  -0.031396  -0.054762  0.142419  -4.487118  0.307680  -0.363944  1.000000  
153.658475 -0.007897  0.006005  -0.034505  0.654036  0.496668  0.570577  -0.577137  0.815231  -0.048076  -0.489030  -0.297858  0.819836  -0.032005  -0.054681  0.143028  -4.467849  0.330328  -0.321800  1.000000  
153.659725 -0.007940  0.005939  -0.034321  0.654379  0.500050  0.567220  -0.577440  0.814768  -0.052114  -0.488213  -0.293433  0.821916  -0.032579  -0.054719  0.144181  -4.472604  0.357613  -0.278064  1.000000  
153.660975 -0.007984  0.005874  -0.034128  0.654603  0.503441  0.563953  -0.577877  0.814196  -0.056068  -0.487395  -0.289193  0.823901  -0.033051  -0.054593  0.145556  -4.457039  0.384710  -0.237988  1.000000  
153.662283 -0.008028  0.005807  -0.033928  0.654896  0.506751  0.560638  -0.578135  0.813719  -0.060171  -0.486694  -0.284719  0.825872  -0.033537  -0.054321  0.147114  -4.436799  0.408708  -0.193054  1.000000  
153.663474 -0.008074  0.005741  -0.033725  0.655118  0.510235  0.557208  -0.578572  0.813092  -0.064312  -0.485875  -0.280253  0.827879  -0.034127  -0.054397  0.149497  -4.446604  0.434203  -0.152440  1.000000  
153.664475 -0.008110  0.005688  -0.033564  0.655242  0.513104  0.554420  -0.578922  0.812559  -0.067806  -0.485291  -0.276536  0.829470  -0.034458  -0.054247  0.150764  -4.451591  0.445628  -0.120676  1.000000  
153.665725 -0.008155  0.005623  -0.033365  0.655463  0.516547  0.550950  -0.579357  0.811893  -0.071937  -0.484472  -0.272045  0.831432  -0.034794  -0.053974  0.151650  -4.465760  0.464757  -0.076593  1.000000  
153.666975 -0.008201  0.005559  -0.033170  0.655803  0.519735  0.547538  -0.579658  0.811322  -0.075851  -0.483652  -0.267642  0.833336  -0.035151  -0.053657  0.152533  -4.467784  0.486559  -0.038239  1.000000  
153.667983 -0.008237  0.005508  -0.033015  0.655974  0.522380  0.544808  -0.580050  0.810745  -0.078963  -0.482949  -0.264218  0.834835  -0.035309  -0.053229  0.152732  -4.461317  0.504115  -0.003083  1.000000  
153.669254 -0.008281  0.005443  -0.032821  0.656361  0.525620  0.541214  -0.580392  0.810108  -0.082892  -0.482012  -0.259709  0.836789  -0.035393  -0.052771  0.153023  -4.457884  0.526323  0.035052  1.000000  
153.670477 -0.008325  0.005378  -0.032626  0.656580  0.528912  0.537731  -0.580826  0.809376  -0.086903  -0.481191  -0.255269  0.838626  -0.035522  -0.052576  0.154020  -4.458680  0.545756  0.071446  1.000000  
153.671479 -0.008360  0.005326  -0.032468  0.656869  0.531407  0.534911  -0.581081  0.808855  -0.089990  -0.480487  -0.251716  0.840102  -0.035616  -0.052356  0.155091  -4.459313  0.558595  0.099454  1.000000  
153.672481 -0.008397  0.005274  -0.032308  0.657158  0.533887  0.532080  -0.581337  0.808322  -0.093073  -0.479783  -0.248154  0.841563  -0.035674  -0.052231  0.156269  -4.452565  0.573803  0.121645  1.000000  
153.673728 -0.008441  0.005209  -0.032105  0.657494  0.536954  0.528566  -0.581634  0.807651  -0.096961  -0.478961  -0.243681  0.843336  -0.035748  -0.052197  0.157759  -4.447179  0.593790  0.144634  1.000000  
153.674734 -0.008477  0.005156  -0.031941  0.657662  0.539503  0.525754  -0.582024  0.806993  -0.100048  -0.478256  -0.240204  0.844733  -0.035820  -0.052149  0.158626  -4.444005  0.603189  0.170783  1.000000  
153.675980 -0.008522  0.005090  -0.031736  0.657997  0.542530  0.522208  -0.582321  0.806289  -0.103926  -0.477433  -0.235710  0.846462  -0.035893  -0.052168  0.159452  -4.442042  0.619379  0.191958  1.000000  
153.676981 -0.008559  0.005038  -0.031573  0.658284  0.544945  0.519324  -0.582575  0.805704  -0.106995  -0.476728  -0.232112  0.847853  -0.036080  -0.052335  0.160219  -4.428278  0.633303  0.206380  1.000000  
153.677981 -0.008595  0.004985  -0.031411  0.658570  0.547408  0.516363  -0.582828  0.805094  -0.110158  -0.476022  -0.228404  0.849256  -0.036034  -0.052207  0.159921  -4.422627  0.643111  0.219228  1.000000  
153.678993 -0.008632  0.004934  -0.031253  0.658808  0.549770  0.513541  -0.583039  0.804506  -0.113295  -0.475433  -0.224775  0.850552  -0.035999  -0.051977  0.159229  -4.419391  0.648500  0.230595  1.000000  
153.680229 -0.008679  0.004870  -0.031056  0.659262  0.552554  0.509959  -0.583198  0.803852  -0.117051  -0.474609  -0.220240  0.852197  -0.036101  -0.051909  0.159226  -4.413481  0.662927  0.231320  1.000000  
153.681287 -0.008716  0.004819  -0.030898  0.659547  0.554967  0.506961  -0.583451  0.803204  -0.120204  -0.473902  -0.216507  0.853546  -0.035991  -0.051677  0.158679  -4.405124  0.673776  0.237830  1.000000  
153.682475 -0.008763  0.004756  -0.030698  0.659879  0.557935  0.503257  -0.583744  0.802389  -0.124153  -0.473077  -0.211848  0.855172  -0.036267  -0.051812  0.159656  -4.420832  0.685845  0.244154  1.000000  
153.683475 -0.008801  0.004705  -0.030534  0.659996  0.560397  0.500361  -0.584090  0.801632  -0.127379  -0.472488  -0.208186  0.856396  -0.036433  -0.051861  0.160353  -4.427419  0.687551  0.253984  1.000000  
153.684479 -0.008839  0.004653  -0.030367  0.660280  0.562700  0.497393  -0.584341  0.800959  -0.130422  -0.471780  -0.204532  0.857665  -0.036595  -0.051840  0.161158  -4.422409  0.692700  0.258399  1.000000  
153.685481 -0.008876  0.004602  -0.030198  0.660563  0.565047  0.494347  -0.584592  0.800259  -0.133558  -0.471072  -0.200767  0.858943  -0.036750  -0.051747  0.161884  -4.421604  0.702337  0.257875  1.000000  
153.686482 -0.008914  0.004550  -0.030030  0.660799  0.567418  0.491306  -0.584801  0.799548  -0.136864  -0.470482  -0.196876  0.860167  -0.036911  -0.051722  0.162582  -4.429862  0.703506  0.254743  1.000000  
153.687728 -0.008962  0.004486  -0.029820  0.661176  0.570245  0.487511  -0.585134  0.798652  -0.140615  -0.469537  -0.192288  0.861719  -0.037143  -0.051673  0.163167  -4.426366  0.713632  0.253444  1.000000  
153.688728 -0.009001  0.004434  -0.029656  0.661290  0.572627  0.484555  -0.585478  0.797829  -0.143819  -0.468946  -0.188590  0.862857  -0.037322  -0.051575  0.163234  -4.433236  0.712950  0.256197  1.000000  
153.689979 -0.009049  0.004371  -0.029454  0.661498  0.575499  0.480855  -0.585905  0.796818  -0.147637  -0.468119  -0.184074  0.864281  -0.037543  -0.051524  0.163139  -4.425008  0.714325  0.252324  1.000000  
153.691040 -0.009088  0.004319  -0.029293  0.661732  0.577741  0.477834  -0.586113  0.796067  -0.150828  -0.467528  -0.180257  0.865405  -0.037601  -0.051158  0.162123  -4.423005  0.713783  0.248650  1.000000  
153.692224 -0.009137  0.004255  -0.029093  0.661818  0.580791  0.474002  -0.586675  0.794884  -0.154828  -0.466700  -0.175617  0.866804  -0.037952  -0.051301  0.162607  -4.444302  0.717616  0.258168  1.000000  
