1-Time 2-Px 3-Py 4-Pz 5-R11 6-R21 7-R31 8-R12 9-R22 10-R32 11-R13 12-R23 13-R33 14-Vx 15-Vy 16-Vz 17-Wx 18-Wy 19-Wz 20-state
79.831036 0.025922  0.021106  0.038943  0.940952  0.215884  -0.260777  -0.261563  0.952634  -0.155153  0.214930  0.214201  0.952850  -0.001667  -0.001294  -0.001259  0.000000  0.000000  0.000000  1.000000  
79.832295 0.025918  0.021102  0.038938  0.940952  0.215884  -0.260777  -0.261563  0.952634  -0.155153  0.214930  0.214201  0.952850  -0.004014  -0.004043  -0.004391  0.000000  0.000000  0.000000  1.000000  
79.833469 0.025895  0.021068  0.038904  0.940898  0.216080  -0.260809  -0.261757  0.952590  -0.155099  0.214930  0.214201  0.952850  -0.012199  -0.017058  -0.017336  0.000000  0.000000  0.000000  1.000000  
79.834471 0.025870  0.021035  0.038870  0.940898  0.216080  -0.260809  -0.261757  0.952590  -0.155099  0.214930  0.214201  0.952850  -0.016027  -0.021887  -0.022639  0.000000  0.000000  0.000000  1.000000  
79.835478 0.025850  0.021010  0.038841  0.940925  0.216107  -0.260686  -0.261765  0.952582  -0.155133  0.214799  0.214207  0.952878  -0.016981  -0.022553  -0.024040  0.000000  0.000000  0.000000  1.000000  
79.836480 0.025837  0.020996  0.038821  0.940871  0.216303  -0.260718  -0.261958  0.952538  -0.155080  0.214799  0.214207  0.952878  -0.016275  -0.020918  -0.023165  0.000000  0.000000  0.000000  1.000000  
79.837723 0.025825  0.020986  0.038801  0.940871  0.216303  -0.260718  -0.261958  0.952538  -0.155080  0.214799  0.214207  0.952878  -0.015008  -0.018412  -0.021873  0.000000  0.000000  0.000000  1.000000  
79.838727 0.025810  0.020979  0.038780  0.940817  0.216500  -0.260750  -0.262152  0.952493  -0.155026  0.214799  0.214207  0.952878  -0.015014  -0.016930  -0.021765  0.000000  0.000000  0.000000  1.000000  
79.839979 0.025782  0.020967  0.038750  0.940817  0.216500  -0.260750  -0.262152  0.952493  -0.155026  0.214799  0.214207  0.952878  -0.016032  -0.015872  -0.022057  0.000000  0.000000  0.000000  1.000000  
79.841228 0.025751  0.020949  0.038722  0.940790  0.216440  -0.260899  -0.262144  0.952482  -0.155107  0.214930  0.214317  0.952824  -0.017138  -0.015709  -0.022139  0.000000  0.000000  0.000000  1.000000  
79.842239 0.025729  0.020930  0.038701  0.940736  0.216605  -0.260957  -0.262338  0.952419  -0.155169  0.214930  0.214432  0.952798  -0.017516  -0.015954  -0.021967  0.000000  0.000000  0.000000  1.000000  
79.843479 0.025706  0.020907  0.038673  0.940654  0.216678  -0.261191  -0.262524  0.952325  -0.155428  0.215061  0.214773  0.952692  -0.017633  -0.016251  -0.022055  0.000000  0.000000  0.000000  1.000000  
79.844723 0.025681  0.020885  0.038635  0.940626  0.216587  -0.261366  -0.262516  0.952295  -0.155625  0.215191  0.214997  0.952612  -0.017904  -0.016344  -0.022835  0.000000  0.000000  0.000000  1.000000  
79.845970 0.025645  0.020858  0.038584  0.940599  0.216464  -0.261567  -0.262509  0.952246  -0.155937  0.215322  0.215338  0.952505  -0.018818  -0.016815  -0.024348  0.000000  0.000000  0.000000  1.000000  
79.847220 0.025601  0.020819  0.038527  0.940517  0.216505  -0.261827  -0.262694  0.952134  -0.156311  0.215453  0.215793  0.952373  -0.021214  -0.018938  -0.027568  0.000000  0.000000  0.000000  1.000000  
79.848222 0.025566  0.020785  0.038483  0.940435  0.216578  -0.262061  -0.262880  0.952040  -0.156569  0.215583  0.216134  0.952266  -0.022276  -0.019193  -0.028567  0.000000  0.000000  0.000000  1.000000  
79.849470 0.025526  0.020741  0.038433  0.940407  0.216423  -0.262289  -0.262873  0.951972  -0.156997  0.215714  0.216589  0.952133  -0.022978  -0.019636  -0.029106  0.000000  0.000000  0.000000  1.000000  
79.850719 0.025488  0.020700  0.038391  0.940435  0.216356  -0.262245  -0.262880  0.951907  -0.157377  0.215583  0.216942  0.952082  -0.023932  -0.020379  -0.029701  0.000000  0.000000  0.000000  1.000000  
79.851720 0.025455  0.020671  0.038359  0.940409  0.216516  -0.262207  -0.263082  0.951816  -0.157588  0.215453  0.217179  0.952057  -0.025305  -0.021499  -0.030568  0.000000  0.000000  0.000000  1.000000  
79.852726 0.025422  0.020646  0.038324  0.940436  0.216480  -0.262137  -0.263089  0.951770  -0.157854  0.215322  0.217417  0.952033  -0.027156  -0.023021  -0.031998  0.000000  0.000000  0.000000  1.000000  
79.853977 0.025382  0.020617  0.038273  0.940438  0.216701  -0.261950  -0.263299  0.951691  -0.157984  0.215061  0.217545  0.952063  -0.028329  -0.024254  -0.033579  0.000000  0.000000  0.000000  1.000000  
79.855228 0.025347  0.020588  0.038216  0.940465  0.216697  -0.261854  -0.263306  0.951664  -0.158134  0.214930  0.217667  0.952064  -0.028626  -0.025268  -0.035443  0.000000  0.000000  0.000000  1.000000  
79.856474 0.025315  0.020552  0.038152  0.940493  0.216693  -0.261758  -0.263314  0.951637  -0.158283  0.214799  0.217789  0.952066  -0.028636  -0.026163  -0.037626  0.000000  0.000000  0.000000  1.000000  
79.857721 0.025283  0.020509  0.038084  0.940494  0.216945  -0.261545  -0.263523  0.951576  -0.158298  0.214538  0.217802  0.952122  -0.029118  -0.027437  -0.040439  0.000000  0.000000  0.000000  1.000000  
79.858971 0.025243  0.020462  0.038015  0.940549  0.217001  -0.261300  -0.263539  0.951560  -0.158367  0.214276  0.217814  0.952178  -0.030298  -0.029173  -0.042952  0.000000  0.000000  0.000000  1.000000  
79.859972 0.025208  0.020423  0.037961  0.940550  0.217222  -0.261113  -0.263748  0.951481  -0.158497  0.214015  0.217943  0.952207  -0.031191  -0.030687  -0.044442  0.000000  0.000000  0.000000  1.000000  
79.861220 0.025164  0.020377  0.037898  0.940606  0.217530  -0.260655  -0.263972  0.951405  -0.158581  0.213492  0.217968  0.952319  -0.031465  -0.031657  -0.045004  0.000000  0.000000  0.000000  1.000000  
79.862221 0.025132  0.020345  0.037855  0.940688  0.217583  -0.260313  -0.263995  0.951362  -0.158800  0.213100  0.218103  0.952376  -0.031190  -0.031576  -0.044755  0.000000  0.000000  0.000000  1.000000  
79.863470 0.025094  0.020308  0.037811  0.940717  0.218083  -0.259792  -0.264421  0.951213  -0.158981  0.212446  0.218250  0.952488  -0.030901  -0.031127  -0.044160  0.000000  0.000000  0.000000  1.000000  
79.864720 0.025053  0.020271  0.037770  0.940772  0.218329  -0.259387  -0.264646  0.951098  -0.159296  0.211923  0.218507  0.952546  -0.030987  -0.030809  -0.043629  0.000000  0.000000  0.000000  1.000000  
79.865720 0.025019  0.020239  0.037735  0.940826  0.218605  -0.258955  -0.264870  0.951002  -0.159496  0.211400  0.218648  0.952630  -0.031206  -0.030760  -0.043861  -0.127768  -0.090874  0.123860  1.000000  
79.866970 0.024977  0.020199  0.037687  0.940880  0.218883  -0.258524  -0.265094  0.950906  -0.159696  0.210877  0.218788  0.952713  -0.031284  -0.031181  -0.044414  -0.131744  -0.108196  0.127734  1.000000  
79.867972 0.024949  0.020170  0.037644  0.940962  0.218967  -0.258156  -0.265117  0.950882  -0.159800  0.210485  0.218807  0.952796  -0.030950  -0.031472  -0.044828  -0.131765  -0.121244  0.130703  1.000000  
79.868979 0.024926  0.020146  0.037596  0.940961  0.219471  -0.257731  -0.265535  0.950760  -0.159832  0.209962  0.218832  0.952905  -0.030375  -0.031504  -0.045117  -0.131395  -0.138271  0.142351  1.000000  
79.870230 0.024899  0.020120  0.037537  0.941014  0.219811  -0.257246  -0.265759  0.950702  -0.159802  0.209438  0.218742  0.953041  -0.029881  -0.031205  -0.045180  -0.125877  -0.154316  0.152923  1.000000  
79.871476 0.024867  0.020089  0.037477  0.941012  0.220346  -0.256794  -0.266177  0.950599  -0.159720  0.208915  0.218651  0.953177  -0.029988  -0.030767  -0.044819  -0.113881  -0.171835  0.169704  1.000000  
79.872723 0.024825  0.020050  0.037421  0.941065  0.220717  -0.256283  -0.266401  0.950561  -0.159576  0.208392  0.218445  0.953339  -0.030516  -0.030531  -0.044057  -0.097769  -0.193650  0.174713  1.000000  
79.873971 0.024777  0.020005  0.037368  0.941144  0.221115  -0.255648  -0.266633  0.950514  -0.159466  0.207737  0.218245  0.953527  -0.030968  -0.030305  -0.042968  -0.077567  -0.219706  0.180634  1.000000  
79.875223 0.024730  0.019961  0.037318  0.941168  0.221740  -0.255020  -0.267059  0.950441  -0.159189  0.207083  0.217929  0.953742  -0.031172  -0.030024  -0.041795  -0.050848  -0.244805  0.201279  1.000000  
79.876470 0.024685  0.019924  0.037270  0.941217  0.222392  -0.254268  -0.267491  0.950360  -0.158948  0.206297  0.217619  0.953983  -0.031321  -0.029530  -0.041059  -0.024976  -0.274023  0.214877  1.000000  
79.877719 0.024641  0.019890  0.037219  0.941295  0.222820  -0.253606  -0.267723  0.950332  -0.158724  0.205643  0.217302  0.954196  -0.031728  -0.029322  -0.041129  0.000897  -0.296343  0.225564  1.000000  
79.878969 0.024595  0.019857  0.037162  0.941343  0.223471  -0.252853  -0.268156  0.950250  -0.158484  0.204857  0.216991  0.954436  -0.032238  -0.029134  -0.042162  0.030591  -0.325284  0.239055  1.000000  
79.879976 0.024559  0.019829  0.037112  0.941367  0.223842  -0.252436  -0.268372  0.950238  -0.158191  0.204464  0.216662  0.954595  -0.032366  -0.028858  -0.043487  0.060796  -0.339585  0.250625  1.000000  
79.881220 0.024516  0.019794  0.037045  0.941416  0.224241  -0.251895  -0.268596  0.950218  -0.157933  0.203940  0.216339  0.954781  -0.032368  -0.028470  -0.044895  0.080470  -0.349917  0.251569  1.000000  
79.882470 0.024476  0.019761  0.036977  0.941440  0.224612  -0.251477  -0.268812  0.950205  -0.157641  0.203547  0.216010  0.954939  -0.032458  -0.028171  -0.045948  0.106131  -0.352840  0.259159  1.000000  
79.883719 0.024436  0.019730  0.036913  0.941437  0.224954  -0.251182  -0.269021  0.950200  -0.157314  0.203285  0.215674  0.955071  -0.032988  -0.028085  -0.046406  0.122262  -0.357188  0.260089  1.000000  
79.884720 0.024401  0.019705  0.036864  0.941407  0.225238  -0.251037  -0.269222  0.950184  -0.157067  0.203154  0.215448  0.955149  -0.033876  -0.028359  -0.046447  0.135797  -0.355694  0.266600  1.000000  
79.885729 0.024362  0.019677  0.036819  0.941404  0.225550  -0.250769  -0.269431  0.950160  -0.156855  0.202892  0.215229  0.955255  -0.035182  -0.028852  -0.046186  0.146491  -0.357217  0.275409  1.000000  
79.886988 0.024306  0.019639  0.036767  0.941430  0.225700  -0.250537  -0.269438  0.950228  -0.156429  0.202761  0.214771  0.955385  -0.036387  -0.028964  -0.045770  0.165289  -0.358502  0.268553  1.000000  
79.888221 0.024249  0.019598  0.036715  0.941401  0.226014  -0.250364  -0.269639  0.950230  -0.156067  0.202630  0.214429  0.955490  -0.037203  -0.028974  -0.045661  0.177614  -0.350100  0.272101  1.000000  
79.889229 0.024202  0.019563  0.036670  0.941401  0.226075  -0.250309  -0.269639  0.950268  -0.155836  0.202630  0.214197  0.955542  -0.037668  -0.028681  -0.045915  0.189730  -0.345511  0.265575  1.000000  
79.890470 0.024146  0.019521  0.036608  0.941371  0.226419  -0.250108  -0.269841  0.950289  -0.155359  0.202499  0.213740  0.955672  -0.038360  -0.028829  -0.046768  0.205762  -0.332623  0.267952  1.000000  
79.891719 0.024091  0.019481  0.036536  0.941371  0.226510  -0.250026  -0.269841  0.950346  -0.155013  0.202499  0.213392  0.955750  -0.039061  -0.029122  -0.048427  0.220462  -0.316740  0.257445  1.000000  
79.892719 0.024047  0.019450  0.036474  0.941427  0.226436  -0.249884  -0.269647  0.950467  -0.154603  0.202499  0.212928  0.955853  -0.039544  -0.029334  -0.049669  0.237792  -0.306693  0.241351  1.000000  
79.893719 0.024004  0.019421  0.036410  0.941427  0.226557  -0.249774  -0.269647  0.950542  -0.154142  0.202499  0.212464  0.955957  -0.040054  -0.029606  -0.051036  0.258744  -0.288932  0.231831  1.000000  
79.894970 0.023952  0.019385  0.036327  0.941427  0.226739  -0.249609  -0.269647  0.950654  -0.153450  0.202499  0.211769  0.956111  -0.040488  -0.029622  -0.052362  0.289872  -0.272904  0.221190  1.000000  
79.895976 0.023911  0.019356  0.036262  0.941427  0.226890  -0.249472  -0.269647  0.950747  -0.152874  0.202499  0.211189  0.956239  -0.040998  -0.029679  -0.053061  0.312744  -0.256790  0.210490  1.000000  
79.897221 0.023858  0.019317  0.036184  0.941401  0.227045  -0.249430  -0.269639  0.950866  -0.152147  0.202630  0.210487  0.956366  -0.041891  -0.030122  -0.053766  0.335800  -0.236456  0.198900  1.000000  
79.898469 0.023801  0.019272  0.036109  0.941404  0.226976  -0.249479  -0.269431  0.951039  -0.151435  0.202892  0.209779  0.956466  -0.043066  -0.031057  -0.054458  0.354478  -0.215779  0.179204  1.000000  
79.899719 0.023739  0.019226  0.036036  0.941434  0.226935  -0.249406  -0.269229  0.951203  -0.150759  0.203023  0.209077  0.956592  -0.044109  -0.031961  -0.055224  0.374523  -0.198516  0.154618  1.000000  
79.900970 0.023676  0.019178  0.035961  0.941381  0.227093  -0.249459  -0.269214  0.951346  -0.149881  0.203285  0.208253  0.956716  -0.045176  -0.032984  -0.056751  0.397330  -0.173921  0.142119  1.000000  
79.901970 0.023628  0.019140  0.035900  0.941411  0.227022  -0.249414  -0.269013  0.951491  -0.149320  0.203416  0.207667  0.956816  -0.045249  -0.033330  -0.057889  0.406692  -0.159519  0.125073  1.000000  
79.902978 0.023582  0.019101  0.035836  0.941384  0.227116  -0.249427  -0.269006  0.951571  -0.148824  0.203547  0.207197  0.956890  -0.045232  -0.033659  -0.059357  0.415188  -0.137433  0.106923  1.000000  
79.903980 0.023537  0.019063  0.035768  0.941387  0.227018  -0.249505  -0.268797  0.951723  -0.148227  0.203809  0.206605  0.956962  -0.045098  -0.033914  -0.061129  0.424439  -0.114045  0.087766  1.000000  
79.905232 0.023481  0.019014  0.035679  0.941390  0.226921  -0.249583  -0.268588  0.951875  -0.147631  0.204071  0.206014  0.957034  -0.045026  -0.034385  -0.062882  0.429786  -0.086306  0.067689  1.000000  
79.906479 0.023427  0.018965  0.035589  0.941393  0.226823  -0.249661  -0.268379  0.952026  -0.147035  0.204333  0.205422  0.957105  -0.045035  -0.034940  -0.064205  0.433615  -0.055601  0.040040  1.000000  
79.907721 0.023375  0.018920  0.035500  0.941395  0.226756  -0.249712  -0.268171  0.952194  -0.146323  0.204595  0.204714  0.957201  -0.044850  -0.035434  -0.064951  0.441694  -0.029278  0.013398  1.000000  
79.908971 0.023326  0.018878  0.035417  0.941424  0.226715  -0.249640  -0.267969  0.952355  -0.145647  0.204726  0.204011  0.957323  -0.044530  -0.035905  -0.065049  0.451108  -0.005848  -0.005647  1.000000  
79.910220 0.023277  0.018836  0.035338  0.941427  0.226679  -0.249665  -0.267760  0.952540  -0.144819  0.204988  0.203187  0.957442  -0.044366  -0.036287  -0.064764  0.464619  0.022000  -0.025634  1.000000  
79.911471 0.023225  0.018790  0.035259  0.941455  0.226699  -0.249538  -0.267559  0.952734  -0.143911  0.205119  0.202252  0.957612  -0.044344  -0.036804  -0.064722  0.480750  0.035245  -0.049315  1.000000  
79.912720 0.023172  0.018739  0.035177  0.941484  0.226719  -0.249412  -0.267358  0.952927  -0.143003  0.205250  0.201317  0.957781  -0.044274  -0.037406  -0.065212  0.498342  0.049970  -0.066367  1.000000  
79.913970 0.023117  0.018684  0.035090  0.941513  0.226769  -0.249258  -0.267156  0.953137  -0.141979  0.205381  0.200266  0.957973  -0.043913  -0.037967  -0.066124  0.519968  0.060323  -0.082434  1.000000  
79.915223 0.023064  0.018628  0.034998  0.941541  0.226849  -0.249077  -0.266955  0.953362  -0.140839  0.205512  0.199098  0.958188  -0.043166  -0.038535  -0.067375  0.546644  0.067184  -0.090168  1.000000  
79.916470 0.023015  0.018573  0.034902  0.941570  0.226929  -0.248897  -0.266754  0.953586  -0.139699  0.205643  0.197930  0.958402  -0.042483  -0.039060  -0.068613  0.572195  0.073147  -0.105140  1.000000  
79.917470 0.022976  0.018529  0.034823  0.941625  0.226944  -0.248675  -0.266560  0.953751  -0.138940  0.205643  0.197116  0.958570  -0.041889  -0.039466  -0.069732  0.587030  0.076166  -0.112615  1.000000  
79.918475 0.022937  0.018486  0.034742  0.941679  0.227019  -0.248399  -0.266366  0.953949  -0.137950  0.205643  0.196070  0.958785  -0.041529  -0.039832  -0.070701  0.612422  0.077769  -0.126616  1.000000  
79.919477 0.022898  0.018443  0.034664  0.941734  0.227064  -0.248150  -0.266172  0.954129  -0.137075  0.205643  0.195139  0.958974  -0.041088  -0.040043  -0.071325  0.636412  0.081472  -0.135166  1.000000  
79.920725 0.022851  0.018391  0.034570  0.941789  0.227198  -0.247819  -0.265978  0.954358  -0.135853  0.205643  0.193859  0.959234  -0.040592  -0.040309  -0.071656  0.662082  0.078771  -0.148333  1.000000  
79.921729 0.022815  0.018351  0.034501  0.941844  0.227272  -0.247543  -0.265784  0.954553  -0.134862  0.205643  0.192812  0.959445  -0.040007  -0.040303  -0.071278  0.685025  0.077462  -0.154878  1.000000  
79.922973 0.022772  0.018302  0.034419  0.941898  0.227406  -0.247212  -0.265591  0.954779  -0.133639  0.205643  0.191532  0.959701  -0.039538  -0.040638  -0.070948  0.709651  0.077631  -0.154840  1.000000  
79.924220 0.022726  0.018253  0.034338  0.941927  0.227514  -0.247005  -0.265389  0.955010  -0.132381  0.205774  0.190246  0.959929  -0.039384  -0.041218  -0.070969  0.732747  0.080797  -0.162329  1.000000  
79.925223 0.022688  0.018211  0.034269  0.941981  0.227587  -0.246729  -0.265195  0.955201  -0.131389  0.205774  0.189198  0.960136  -0.039282  -0.041766  -0.071369  0.747589  0.079543  -0.168880  1.000000  
79.926470 0.022640  0.018154  0.034180  0.942009  0.227695  -0.246522  -0.264994  0.955429  -0.130131  0.205905  0.187911  0.960361  -0.039058  -0.042407  -0.071934  0.766602  0.078345  -0.175439  1.000000  
79.927720 0.022592  0.018094  0.034090  0.942037  0.227833  -0.246288  -0.264792  0.955671  -0.128756  0.206035  0.186508  0.960606  -0.038614  -0.042999  -0.072479  0.791049  0.078538  -0.175351  1.000000  
79.928720 0.022554  0.018046  0.034015  0.942011  0.228108  -0.246135  -0.264785  0.955833  -0.127562  0.206166  0.185337  0.960805  -0.038127  -0.043312  -0.072820  0.808733  0.078035  -0.173828  1.000000  
79.929970 0.022507  0.017985  0.033923  0.942093  0.228078  -0.245847  -0.264390  0.956134  -0.126121  0.206297  0.183817  0.961069  -0.037795  -0.043614  -0.072872  0.834431  0.073148  -0.180908  1.000000  
79.931220 0.022458  0.017924  0.033831  0.942094  0.228252  -0.245681  -0.264181  0.956407  -0.124478  0.206559  0.182174  0.961325  -0.037801  -0.043965  -0.072661  0.863874  0.077120  -0.180209  1.000000  
79.932470 0.022408  0.017865  0.033741  0.942122  0.228478  -0.245364  -0.263979  0.956685  -0.122753  0.206690  0.180420  0.961628  -0.037864  -0.044252  -0.072086  0.898956  0.071659  -0.185831  1.000000  
79.933720 0.022360  0.017810  0.033655  0.942231  0.228530  -0.244898  -0.263591  0.957001  -0.121113  0.206690  0.178670  0.961954  -0.037831  -0.044294  -0.071159  0.937964  0.061815  -0.190569  1.000000  
79.934720 0.022322  0.017765  0.033589  0.942258  0.228666  -0.244665  -0.263390  0.957230  -0.119736  0.206821  0.177265  0.962186  -0.037760  -0.044519  -0.070413  0.966278  0.062015  -0.190506  1.000000  
79.935727 0.022284  0.017719  0.033521  0.942286  0.228862  -0.244376  -0.263189  0.957485  -0.118126  0.206952  0.175625  0.962459  -0.037784  -0.044825  -0.069878  1.005745  0.056566  -0.196243  1.000000  
79.936976 0.022234  0.017660  0.033436  0.942341  0.228926  -0.244104  -0.262786  0.957834  -0.116183  0.207214  0.173631  0.962764  -0.038175  -0.045532  -0.069914  1.052784  0.055982  -0.204305  1.000000  
79.938226 0.022183  0.017598  0.033347  0.942395  0.228990  -0.243832  -0.262383  0.958178  -0.114238  0.207475  0.171635  0.963066  -0.038641  -0.046425  -0.070499  1.095956  0.054958  -0.210824  1.000000  
79.939475 0.022132  0.017533  0.033255  0.942423  0.229003  -0.243714  -0.261972  0.958510  -0.112375  0.207868  0.169751  0.963315  -0.038974  -0.047386  -0.071058  1.131186  0.062793  -0.219103  1.000000  
79.940720 0.022081  0.017467  0.033164  0.942450  0.229045  -0.243568  -0.261562  0.958853  -0.110395  0.208261  0.167750  0.963580  -0.039179  -0.048077  -0.071338  1.170660  0.066261  -0.226536  1.000000  
79.941721 0.022040  0.017414  0.033091  0.942424  0.229197  -0.243529  -0.261346  0.959104  -0.108713  0.208653  0.166099  0.963782  -0.039316  -0.048546  -0.071364  1.203488  0.075389  -0.228188  1.000000  
79.942721 0.021999  0.017360  0.033021  0.942450  0.229151  -0.243469  -0.260935  0.959399  -0.107081  0.209046  0.164448  0.963980  -0.039582  -0.048948  -0.071138  1.230147  0.083229  -0.236338  1.000000  
79.943976 0.021945  0.017292  0.032937  0.942450  0.229233  -0.243394  -0.260517  0.959761  -0.104833  0.209569  0.162208  0.964246  -0.040038  -0.049452  -0.070548  1.269199  0.100039  -0.246125  1.000000  
79.945220 0.021891  0.017225  0.032858  0.942502  0.229088  -0.243327  -0.259905  0.960152  -0.102750  0.210092  0.160084  0.964487  -0.040406  -0.049882  -0.069683  1.296573  0.110317  -0.259644  1.000000  
79.946470 0.021838  0.017161  0.032781  0.942554  0.228974  -0.243234  -0.259293  0.960550  -0.100549  0.210616  0.157842  0.964742  -0.040678  -0.050169  -0.068713  1.329940  0.121485  -0.275052  1.000000  
79.947719 0.021786  0.017099  0.032705  0.942525  0.229038  -0.243288  -0.258868  0.960901  -0.098264  0.211270  0.155596  0.964964  -0.040863  -0.050477  -0.067900  1.368939  0.142691  -0.285468  1.000000  
79.948720 0.021746  0.017050  0.032644  0.942549  0.229054  -0.243177  -0.258457  0.961201  -0.096397  0.211662  0.153710  0.965180  -0.040948  -0.050657  -0.067442  1.395746  0.155091  -0.294234  1.000000  
79.949720 0.021705  0.017000  0.032580  0.942599  0.228854  -0.243172  -0.257845  0.961549  -0.094545  0.212185  0.151819  0.965365  -0.041131  -0.051007  -0.067266  1.425292  0.170718  -0.310399  1.000000  
79.950720 0.021663  0.016946  0.032512  0.942568  0.228832  -0.243312  -0.257420  0.961852  -0.092608  0.212839  0.149923  0.965517  -0.041461  -0.051533  -0.067321  1.452102  0.191974  -0.320658  1.000000  
79.951977 0.021610  0.016879  0.032426  0.942589  0.228732  -0.243324  -0.256800  0.962241  -0.090255  0.213492  0.147559  0.965737  -0.041632  -0.052118  -0.067261  1.489473  0.213980  -0.340099  1.000000  
79.953013 0.021567  0.016823  0.032354  0.942557  0.228743  -0.243439  -0.256374  0.962545  -0.088201  0.214146  0.145546  0.965898  -0.041654  -0.052411  -0.067148  1.518697  0.235221  -0.349857  1.000000  
79.954226 0.021514  0.016753  0.032267  0.942629  0.228507  -0.243381  -0.255560  0.962991  -0.085663  0.214799  0.142947  0.966141  -0.041850  -0.052888  -0.066995  1.560800  0.250468  -0.372827  1.000000  
79.955227 0.021472  0.016697  0.032198  0.942596  0.228521  -0.243499  -0.255135  0.963284  -0.083608  0.215453  0.140933  0.966291  -0.041976  -0.053127  -0.066803  1.591561  0.272033  -0.382804  1.000000  
79.956478 0.021418  0.016630  0.032117  0.942666  0.228287  -0.243446  -0.254321  0.963716  -0.081068  0.216106  0.138334  0.966521  -0.042173  -0.053120  -0.066022  1.627728  0.287166  -0.405200  1.000000  
79.957720 0.021364  0.016562  0.032038  0.942655  0.228265  -0.243509  -0.253693  0.964108  -0.078328  0.216890  0.135613  0.966731  -0.042331  -0.053158  -0.065537  1.668301  0.305452  -0.418296  1.000000  
79.958721 0.021321  0.016509  0.031975  0.942699  0.228131  -0.243463  -0.253081  0.964436  -0.076239  0.217412  0.133486  0.966909  -0.042309  -0.053086  -0.065254  1.699445  0.319886  -0.436699  1.000000  
79.959977 0.021270  0.016444  0.031897  0.942715  0.228100  -0.243433  -0.252461  0.964800  -0.073647  0.218065  0.130886  0.967118  -0.042110  -0.052893  -0.065136  1.732686  0.331897  -0.451415  1.000000  
79.961220 0.021221  0.016380  0.031816  0.942701  0.228082  -0.243502  -0.251833  0.965170  -0.070905  0.218848  0.128164  0.967305  -0.041828  -0.052900  -0.065460  1.764208  0.350056  -0.463865  1.000000  
79.962220 0.021183  0.016331  0.031749  0.942691  0.228151  -0.243475  -0.251415  0.965434  -0.068764  0.219370  0.126036  0.967466  -0.041577  -0.052856  -0.065864  1.789599  0.366193  -0.475808  1.000000  
79.963470 0.021136  0.016268  0.031664  0.942704  0.228153  -0.243422  -0.250795  0.965784  -0.066054  0.220023  0.123318  0.967669  -0.041314  -0.053011  -0.066423  1.820615  0.388472  -0.485097  1.000000  
79.964470 0.021100  0.016219  0.031596  0.942717  0.228009  -0.243510  -0.250175  0.966088  -0.063929  0.220676  0.121187  0.967789  -0.041016  -0.052937  -0.066701  1.838813  0.401629  -0.496393  1.000000  
79.965720 0.021053  0.016156  0.031512  0.942699  0.228028  -0.243559  -0.249547  0.966435  -0.061067  0.221459  0.118348  0.967962  -0.040667  -0.052726  -0.066668  1.864361  0.422989  -0.512071  1.000000  
79.966970 0.021007  0.016092  0.031429  0.942732  0.227851  -0.243597  -0.248725  0.966821  -0.058255  0.222241  0.115508  0.968125  -0.040256  -0.052508  -0.066483  1.889412  0.439919  -0.526853  1.000000  
79.967977 0.020969  0.016040  0.031367  0.942742  0.227770  -0.243636  -0.248105  0.967119  -0.055895  0.222894  0.113142  0.968255  -0.039994  -0.052340  -0.066002  1.915394  0.457080  -0.538776  1.000000  
79.969223 0.020922  0.015977  0.031291  0.942801  0.227611  -0.243555  -0.247291  0.967484  -0.053115  0.223546  0.110306  0.968432  -0.039524  -0.051733  -0.065113  1.939445  0.464881  -0.555100  1.000000  
79.970226 0.020884  0.015928  0.031230  0.942809  0.227504  -0.243625  -0.246671  0.967763  -0.050871  0.224198  0.108057  0.968534  -0.039207  -0.051255  -0.064539  1.957879  0.473873  -0.562000  1.000000  
79.971227 0.020846  0.015880  0.031170  0.942845  0.227442  -0.243544  -0.246058  0.968039  -0.048543  0.224719  0.105694  0.968674  -0.038767  -0.050826  -0.064202  1.984213  0.482496  -0.572739  1.000000  
79.972478 0.020802  0.015821  0.031090  0.942822  0.227501  -0.243578  -0.245430  0.968343  -0.045561  0.225501  0.102737  0.968811  -0.038068  -0.050214  -0.064253  2.014941  0.491940  -0.579347  1.000000  
79.973722 0.020760  0.015763  0.031007  0.942848  0.227393  -0.243577  -0.244608  0.968690  -0.042511  0.226284  0.099663  0.968949  -0.037301  -0.049694  -0.064573  2.040890  0.500821  -0.592746  1.000000  
79.974722 0.020727  0.015717  0.030940  0.942852  0.227352  -0.243600  -0.243988  0.968952  -0.040031  0.226935  0.097179  0.969049  -0.036772  -0.049310  -0.064908  2.064631  0.510933  -0.592652  1.000000  
79.975723 0.020696  0.015671  0.030870  0.942835  0.227523  -0.243507  -0.243569  0.969157  -0.037533  0.227456  0.094699  0.969173  -0.036262  -0.048946  -0.065176  2.092881  0.516648  -0.592087  1.000000  
79.976970 0.020656  0.015614  0.030785  0.942858  0.227421  -0.243513  -0.242747  0.969477  -0.034483  0.228238  0.091624  0.969284  -0.035750  -0.048626  -0.065338  2.118199  0.521069  -0.604616  1.000000  
79.978220 0.020616  0.015556  0.030702  0.942880  0.227320  -0.243522  -0.241925  0.969786  -0.031432  0.229020  0.088550  0.969386  -0.035308  -0.048277  -0.065229  2.140769  0.530849  -0.610898  1.000000  
79.979470 0.020576  0.015498  0.030622  0.942851  0.227510  -0.243458  -0.241297  0.970048  -0.027977  0.229801  0.085124  0.969508  -0.034966  -0.048019  -0.064955  2.177064  0.537141  -0.609779  1.000000  
79.980470 0.020543  0.015453  0.030560  0.942880  0.227517  -0.243337  -0.240684  0.970271  -0.025410  0.230322  0.082526  0.969609  -0.034542  -0.047648  -0.064555  2.199667  0.533285  -0.614633  1.000000  
79.981720 0.020502  0.015396  0.030486  0.942869  0.227471  -0.243425  -0.239854  0.970558  -0.022090  0.231233  0.079215  0.969668  -0.034181  -0.047143  -0.063953  2.230789  0.543355  -0.620866  1.000000  
79.982970 0.020462  0.015339  0.030413  0.942886  0.227408  -0.243418  -0.239032  0.970827  -0.018920  0.232014  0.076024  0.969737  -0.033772  -0.046759  -0.063583  2.251920  0.544057  -0.628737  1.000000  
79.983976 0.020431  0.015293  0.030355  0.942931  0.227210  -0.243426  -0.238217  0.971074  -0.016370  0.232665  0.073424  0.969781  -0.033269  -0.046388  -0.063404  2.267046  0.548463  -0.633623  1.000000  
79.985226 0.020393  0.015238  0.030281  0.942916  0.227113  -0.243578  -0.237388  0.971324  -0.013286  0.233575  0.070350  0.969790  -0.032591  -0.045946  -0.063306  2.281189  0.554030  -0.639048  1.000000  
79.986476 0.020358  0.015184  0.030205  0.942849  0.227278  -0.243680  -0.236752  0.971520  -0.009916  0.234486  0.067040  0.969805  -0.031879  -0.045591  -0.063264  2.306685  0.565593  -0.631594  1.000000  
79.987728 0.020324  0.015130  0.030127  0.942831  0.227246  -0.243782  -0.235922  0.971750  -0.006595  0.235396  0.063732  0.969808  -0.031258  -0.045256  -0.063024  2.324736  0.572323  -0.634620  1.000000  
79.988975 0.020290  0.015076  0.030050  0.942841  0.227255  -0.243734  -0.235100  0.971966  -0.003189  0.236177  0.060308  0.969837  -0.030752  -0.045000  -0.062573  2.351605  0.578185  -0.639993  1.000000  
79.989975 0.020263  0.015032  0.029989  0.942850  0.227089  -0.243854  -0.234277  0.972170  -0.000490  0.236957  0.057591  0.969812  -0.030419  -0.044879  -0.062066  2.369396  0.586894  -0.648048  1.000000  
79.991222 0.020227  0.014978  0.029916  0.942827  0.227066  -0.243966  -0.233447  0.972365  0.002830  0.237866  0.054285  0.969780  -0.030154  -0.044711  -0.061273  2.390805  0.593275  -0.657975  1.000000  
79.992225 0.020197  0.014932  0.029859  0.942816  0.227141  -0.243937  -0.232827  0.972502  0.005666  0.238516  0.051453  0.969775  -0.029984  -0.044650  -0.060503  2.410534  0.599406  -0.656673  1.000000  
79.993470 0.020160  0.014876  0.029789  0.942869  0.226989  -0.243874  -0.231810  0.972718  0.009141  0.239296  0.047914  0.969764  -0.029839  -0.044539  -0.059655  2.434456  0.603596  -0.670298  1.000000  
79.994470 0.020129  0.014830  0.029732  0.942856  0.227067  -0.243850  -0.231190  0.972835  0.011977  0.239945  0.045083  0.969739  -0.029742  -0.044567  -0.059281  2.458311  0.605315  -0.668667  1.000000  
79.995470 0.020099  0.014784  0.029676  0.942843  0.227178  -0.243800  -0.230569  0.972941  0.014931  0.240595  0.042136  0.969711  -0.029598  -0.044588  -0.058944  2.482534  0.607915  -0.671975  1.000000  
79.996720 0.020062  0.014726  0.029603  0.942860  0.227086  -0.243818  -0.229545  0.973119  0.018672  0.241504  0.038362  0.969641  -0.029397  -0.044667  -0.058840  2.513012  0.614160  -0.676852  1.000000  
79.997720 0.020033  0.014679  0.029544  0.942892  0.226970  -0.243803  -0.228731  0.973253  0.021457  0.242153  0.035534  0.969587  -0.029141  -0.044751  -0.058951  2.521105  0.614166  -0.683372  1.000000  
79.998970 0.019997  0.014621  0.029468  0.942859  0.227025  -0.243879  -0.227901  0.973363  0.025012  0.243061  0.031998  0.969483  -0.028901  -0.044844  -0.059171  2.549067  0.625312  -0.681978  1.000000  
79.999977 0.019970  0.014574  0.029407  0.942856  0.226910  -0.243997  -0.227078  0.973479  0.027827  0.243840  0.029169  0.969377  -0.028728  -0.045014  -0.059295  2.567219  0.631078  -0.687212  1.000000  
80.001222 0.019935  0.014518  0.029333  0.942899  0.226774  -0.243958  -0.226062  0.973610  0.031301  0.244618  0.025636  0.969280  -0.028685  -0.045154  -0.059136  2.585309  0.637366  -0.691940  1.000000  
80.002245 0.019907  0.014472  0.029276  0.942893  0.226693  -0.244054  -0.225240  0.973702  0.034233  0.245397  0.022692  0.969157  -0.028674  -0.045273  -0.058704  2.603010  0.643946  -0.701886  1.000000  
80.003476 0.019871  0.014415  0.029208  0.942900  0.226590  -0.244122  -0.224216  0.973804  0.037854  0.246305  0.019044  0.969005  -0.028854  -0.045521  -0.058160  2.622300  0.650736  -0.706807  1.000000  
80.004728 0.019835  0.014358  0.029142  0.942860  0.226720  -0.244158  -0.223386  0.973840  0.041642  0.247212  0.015279  0.968841  -0.028997  -0.045699  -0.057449  2.644198  0.657248  -0.711256  1.000000  
80.005973 0.019797  0.014298  0.029076  0.942864  0.226653  -0.244206  -0.222362  0.973907  0.045380  0.248120  0.011515  0.968661  -0.029124  -0.046041  -0.056952  2.666795  0.663978  -0.715856  1.000000  
80.007222 0.019758  0.014238  0.029009  0.942865  0.226619  -0.244231  -0.221338  0.973953  0.049235  0.249027  0.007636  0.968466  -0.029247  -0.046312  -0.056624  2.693237  0.675217  -0.720541  1.000000  
80.008470 0.019719  0.014176  0.028942  0.942898  0.226619  -0.244106  -0.220322  0.973977  0.053177  0.249804  0.003641  0.968290  -0.029324  -0.046664  -0.056483  2.718132  0.677316  -0.731393  1.000000  
80.009720 0.019681  0.014114  0.028870  0.942851  0.226734  -0.244182  -0.219492  0.973957  0.056845  0.250711  0.000000  0.968062  -0.029383  -0.046979  -0.056575  2.725796  0.684504  -0.729000  1.000000  
80.010970 0.019644  0.014052  0.028797  0.942880  0.226680  -0.244119  -0.218476  0.973962  0.060550  0.251488  -0.003757  0.967853  -0.029348  -0.047259  -0.056757  2.739781  0.686871  -0.733056  1.000000  
80.011972 0.019615  0.014001  0.028737  0.942928  0.226680  -0.243932  -0.217669  0.973945  0.063655  0.252006  -0.006925  0.967701  -0.029291  -0.047517  -0.056766  2.757854  0.684259  -0.737399  1.000000  
80.012974 0.019586  0.013951  0.028678  0.942942  0.226742  -0.243820  -0.216855  0.973900  0.067025  0.252653  -0.010328  0.967502  -0.029331  -0.047756  -0.056621  2.787890  0.686171  -0.741806  1.000000  
80.014232 0.019549  0.013888  0.028606  0.942923  0.227014  -0.243643  -0.216033  0.973783  0.071251  0.253430  -0.014549  0.967244  -0.029455  -0.048067  -0.056288  2.823790  0.684475  -0.738852  1.000000  
80.015482 0.019513  0.013825  0.028535  0.942990  0.226829  -0.243554  -0.214823  0.973758  0.075139  0.254207  -0.018534  0.966972  -0.029519  -0.048469  -0.056019  2.848392  0.682385  -0.749482  1.000000  
80.016733 0.019477  0.013761  0.028466  0.943011  0.226847  -0.243455  -0.213807  0.973670  0.079076  0.254983  -0.022517  0.966683  -0.029605  -0.048918  -0.055823  2.870690  0.680600  -0.753408  1.000000  
80.017735 0.019448  0.013710  0.028410  0.943098  0.226713  -0.243245  -0.212806  0.973617  0.082364  0.255500  -0.025914  0.966462  -0.029722  -0.049403  -0.055954  2.895242  0.678147  -0.764485  1.000000  
80.018984 0.019410  0.013643  0.028339  0.943149  0.226761  -0.243000  -0.211798  0.973488  0.086389  0.256147  -0.030011  0.966172  -0.029763  -0.050022  -0.056171  2.912875  0.671962  -0.768109  1.000000  
80.020251 0.019373  0.013575  0.028269  0.943166  0.226845  -0.242857  -0.210782  0.973329  0.090559  0.256923  -0.034223  0.965826  -0.029737  -0.050566  -0.056404  2.942803  0.669989  -0.764757  1.000000  
80.021475 0.019336  0.013506  0.028198  0.943257  0.226727  -0.242612  -0.209579  0.973200  0.094650  0.257570  -0.038433  0.965495  -0.029716  -0.051286  -0.056810  2.970096  0.669034  -0.776061  1.000000  
80.022477 0.019306  0.013450  0.028140  0.943295  0.226770  -0.242425  -0.208773  0.973055  0.097867  0.258087  -0.041706  0.965221  -0.029560  -0.051751  -0.057094  2.983877  0.666878  -0.780427  1.000000  
80.023724 0.019270  0.013380  0.028068  0.943383  0.226743  -0.242107  -0.207570  0.972855  0.102310  0.258733  -0.046263  0.964840  -0.029464  -0.052260  -0.057271  3.016830  0.661222  -0.790970  1.000000  
80.024977 0.019234  0.013312  0.027997  0.943504  0.226623  -0.241750  -0.206375  0.972674  0.106369  0.259250  -0.050469  0.964491  -0.029278  -0.052681  -0.057130  3.034832  0.655437  -0.794849  1.000000  
80.025980 0.019204  0.013256  0.027942  0.943580  0.226529  -0.241541  -0.205374  0.972508  0.109770  0.259767  -0.053970  0.964162  -0.029273  -0.053005  -0.056844  3.050802  0.653588  -0.805850  1.000000  
80.026981 0.019175  0.013201  0.027889  0.943655  0.226318  -0.241446  -0.204373  0.972384  0.112697  0.260283  -0.057002  0.963848  -0.029281  -0.053385  -0.056440  3.052373  0.647104  -0.810416  1.000000  
80.028221 0.019138  0.013131  0.027822  0.943770  0.226172  -0.241131  -0.203178  0.972170  0.116636  0.260800  -0.061085  0.963458  -0.029370  -0.053915  -0.056128  3.069788  0.637230  -0.821593  1.000000  
80.029232 0.019107  0.013074  0.027769  0.943876  0.226073  -0.240808  -0.202185  0.971967  0.120006  0.261188  -0.064583  0.963125  -0.029430  -0.054259  -0.055819  3.086829  0.630855  -0.825899  1.000000  
80.030477 0.019069  0.013002  0.027701  0.943988  0.226017  -0.240421  -0.200989  0.971676  0.124296  0.261704  -0.069012  0.962678  -0.029605  -0.054840  -0.055625  3.121635  0.620963  -0.830293  1.000000  
80.031720 0.019030  0.012929  0.027632  0.944099  0.225991  -0.240012  -0.199794  0.971349  0.128702  0.262221  -0.073555  0.962201  -0.029850  -0.055566  -0.055655  3.152587  0.611307  -0.834726  1.000000  
80.032723 0.018998  0.012868  0.027576  0.944201  0.225893  -0.239702  -0.198801  0.971100  0.132069  0.262608  -0.077047  0.961822  -0.030022  -0.056131  -0.055633  3.167744  0.604760  -0.839496  1.000000  
80.033973 0.018956  0.012792  0.027503  0.944349  0.225640  -0.239358  -0.197411  0.970799  0.136305  0.263124  -0.081468  0.961316  -0.030290  -0.056803  -0.055786  3.189636  0.595446  -0.857007  1.000000  
80.034981 0.018924  0.012730  0.027445  0.944448  0.225602  -0.239002  -0.196417  0.970488  0.139905  0.263512  -0.085189  0.960887  -0.030488  -0.057241  -0.055865  3.219046  0.585597  -0.862182  1.000000  
80.035994 0.018890  0.012668  0.027388  0.944586  0.225364  -0.238680  -0.195229  0.970209  0.143455  0.263899  -0.088908  0.960444  -0.030707  -0.057678  -0.055806  3.233798  0.579941  -0.873260  1.000000  
80.037224 0.018846  0.012589  0.027316  0.944763  0.225130  -0.238201  -0.193846  0.969838  0.147778  0.264286  -0.093441  0.959907  -0.031202  -0.058318  -0.055932  3.256115  0.566732  -0.885282  1.000000  
80.038235 0.018811  0.012526  0.027260  0.944897  0.224836  -0.237945  -0.192658  0.969564  0.151090  0.264673  -0.096922  0.959455  -0.031568  -0.058797  -0.055756  3.262847  0.561195  -0.896590  1.000000  
80.039479 0.018767  0.012449  0.027191  0.945105  0.224618  -0.237327  -0.191282  0.969139  0.155502  0.264931  -0.101569  0.958903  -0.032120  -0.059376  -0.055625  3.294375  0.543778  -0.915450  1.000000  
80.040727 0.018722  0.012371  0.027123  0.945275  0.224413  -0.236842  -0.189899  0.968689  0.159937  0.265318  -0.106208  0.958293  -0.032749  -0.060056  -0.055521  3.322924  0.535071  -0.927066  1.000000  
80.041746 0.018685  0.012309  0.027070  0.945365  0.224377  -0.236515  -0.188905  0.968284  0.163528  0.265705  -0.109915  0.957768  -0.033165  -0.060389  -0.055458  3.339043  0.533973  -0.931412  1.000000  
80.042990 0.018638  0.012231  0.027002  0.945567  0.224101  -0.235971  -0.187528  0.967838  0.167700  0.265963  -0.114320  0.957181  -0.033828  -0.060962  -0.055508  3.345009  0.521734  -0.952103  1.000000  
80.044227 0.018590  0.012151  0.026932  0.945731  0.223867  -0.235533  -0.186145  0.967348  0.172012  0.266350  -0.118834  0.956523  -0.034502  -0.061568  -0.055799  3.351493  0.514053  -0.961302  1.000000  
80.045490 0.018541  0.012071  0.026861  0.945894  0.223663  -0.235075  -0.184761  0.966816  0.176439  0.266737  -0.123459  0.955829  -0.035303  -0.062190  -0.056072  3.372537  0.504809  -0.967293  1.000000  
80.046497 0.018500  0.012005  0.026803  0.946051  0.223414  -0.234678  -0.183579  0.966394  0.179949  0.266995  -0.127159  0.955272  -0.035848  -0.062498  -0.056053  3.388816  0.495846  -0.979722  1.000000  
80.047723 0.018448  0.011922  0.026732  0.946209  0.223210  -0.234234  -0.182195  0.965822  0.184372  0.267382  -0.131778  0.954537  -0.036660  -0.063076  -0.056272  3.404106  0.492865  -0.983850  1.000000  
80.048725 0.018405  0.011856  0.026673  0.946363  0.222961  -0.233848  -0.181013  0.965368  0.187879  0.267639  -0.135472  0.953948  -0.037366  -0.063436  -0.056264  3.417847  0.488095  -0.997678  1.000000  
80.049997 0.018352  0.011773  0.026601  0.946553  0.222768  -0.233265  -0.179636  0.964737  0.192389  0.267897  -0.140204  0.953191  -0.038082  -0.063730  -0.056181  3.433401  0.475930  -1.009993  1.000000  
80.051222 0.018297  0.011689  0.026528  0.946777  0.222404  -0.232702  -0.178063  0.964105  0.196966  0.268155  -0.145047  0.952394  -0.038959  -0.064196  -0.056315  3.451488  0.469264  -1.020057  1.000000  
