1-Time 2-Px 3-Py 4-Pz 5-R11 6-R21 7-R31 8-R12 9-R22 10-R32 11-R13 12-R23 13-R33 14-Vx 15-Vy 16-Vz 17-Wx 18-Wy 19-Wz 20-state
139.766589 0.009796  0.014553  -0.002991  0.834101  0.240908  0.496225  -0.551325  0.393111  0.735870  -0.017794  -0.887371  0.460713  -0.000683  0.000712  0.002111  0.000000  0.000000  0.000000  1.000000  
139.767609 0.009796  0.014554  -0.002989  0.834101  0.240969  0.496196  -0.551325  0.393200  0.735822  -0.017794  -0.887315  0.460821  -0.000937  0.000899  0.002879  0.000000  0.000000  0.000000  1.000000  
139.768856 0.009789  0.014546  -0.002984  0.834101  0.240969  0.496196  -0.551325  0.393200  0.735822  -0.017794  -0.887315  0.460821  -0.003766  -0.003598  0.003698  0.000000  0.000000  0.000000  1.000000  
139.769857 0.009780  0.014536  -0.002980  0.834101  0.240969  0.496196  -0.551325  0.393200  0.735822  -0.017794  -0.887315  0.460821  -0.005436  -0.005575  0.003711  0.000000  0.000000  0.000000  1.000000  
139.770984 0.009774  0.014529  -0.002975  0.834101  0.241029  0.496166  -0.551325  0.393290  0.735774  -0.017794  -0.887259  0.460928  -0.005355  -0.005798  0.003795  0.000000  0.000000  0.000000  1.000000  
139.772106 0.009768  0.014523  -0.002971  0.834101  0.241029  0.496166  -0.551325  0.393290  0.735774  -0.017794  -0.887259  0.460928  -0.005435  -0.005672  0.003785  0.000000  0.000000  0.000000  1.000000  
139.773109 0.009761  0.014517  -0.002968  0.834101  0.240969  0.496196  -0.551325  0.393200  0.735822  -0.017794  -0.887315  0.460821  -0.005661  -0.005770  0.003674  0.000000  0.000000  0.000000  1.000000  
139.774126 0.009753  0.014509  -0.002965  0.834101  0.240969  0.496196  -0.551325  0.393200  0.735822  -0.017794  -0.887315  0.460821  -0.005944  -0.006051  0.003630  0.000000  0.000000  0.000000  1.000000  
139.775370 0.009745  0.014501  -0.002960  0.834101  0.240969  0.496196  -0.551325  0.393200  0.735822  -0.017794  -0.887315  0.460821  -0.006042  -0.006154  0.003629  0.000000  0.000000  0.000000  1.000000  
139.776611 0.009739  0.014492  -0.002955  0.834101  0.240969  0.496196  -0.551325  0.393200  0.735822  -0.017794  -0.887315  0.460821  -0.005898  -0.006252  0.003702  0.000000  0.000000  0.000000  1.000000  
139.777614 0.009734  0.014485  -0.002952  0.834099  0.240869  0.496247  -0.551324  0.393266  0.735788  -0.017928  -0.887313  0.460820  -0.005766  -0.006296  0.003645  0.000000  0.000000  0.000000  1.000000  
139.778857 0.009726  0.014475  -0.002947  0.834099  0.240869  0.496247  -0.551324  0.393266  0.735788  -0.017928  -0.887313  0.460820  -0.005814  -0.006515  0.003698  0.000000  0.000000  0.000000  1.000000  
139.780110 0.009717  0.014464  -0.002941  0.834099  0.240869  0.496247  -0.551324  0.393266  0.735788  -0.017928  -0.887313  0.460820  -0.005987  -0.006690  0.003794  0.000000  0.000000  0.000000  1.000000  
139.781110 0.009708  0.014455  -0.002935  0.834099  0.240869  0.496247  -0.551324  0.393266  0.735788  -0.017928  -0.887313  0.460820  -0.006164  -0.006906  0.003891  0.000000  0.000000  0.000000  1.000000  
139.782358 0.009694  0.014436  -0.002929  0.834099  0.240869  0.496247  -0.551324  0.393266  0.735788  -0.017928  -0.887313  0.460820  -0.006778  -0.007856  0.004056  0.000000  0.000000  0.000000  1.000000  
139.783616 0.009677  0.014412  -0.002922  0.834101  0.240969  0.496196  -0.551325  0.393200  0.735822  -0.017794  -0.887315  0.460821  -0.007548  -0.009081  0.004191  0.000000  0.000000  0.000000  1.000000  
139.784856 0.009661  0.014389  -0.002913  0.834101  0.240969  0.496196  -0.551325  0.393200  0.735822  -0.017794  -0.887315  0.460821  -0.007942  -0.009802  0.004440  0.000000  0.000000  0.000000  1.000000  
139.786106 0.009646  0.014370  -0.002906  0.834101  0.240969  0.496196  -0.551325  0.393200  0.735822  -0.017794  -0.887315  0.460821  -0.008457  -0.010644  0.004597  0.000000  0.000000  0.000000  1.000000  
139.787357 0.009633  0.014351  -0.002900  0.834101  0.240969  0.496196  -0.551325  0.393200  0.735822  -0.017794  -0.887315  0.460821  -0.008845  -0.011380  0.004715  0.000000  0.000000  0.000000  1.000000  
139.788357 0.009622  0.014334  -0.002895  0.834101  0.240908  0.496225  -0.551325  0.393111  0.735870  -0.017794  -0.887371  0.460713  -0.009137  -0.012118  0.004830  0.000000  0.000000  0.000000  1.000000  
139.789358 0.009612  0.014318  -0.002890  0.834101  0.240908  0.496225  -0.551325  0.393111  0.735870  -0.017794  -0.887371  0.460713  -0.009297  -0.012655  0.004930  0.000000  0.000000  0.000000  1.000000  
139.790607 0.009601  0.014300  -0.002882  0.834103  0.241007  0.496173  -0.551326  0.393046  0.735904  -0.017661  -0.887373  0.460714  -0.009487  -0.013252  0.005107  0.000000  0.000000  0.000000  1.000000  
139.791620 0.009594  0.014286  -0.002875  0.834103  0.241007  0.496173  -0.551326  0.393046  0.735904  -0.017661  -0.887373  0.460714  -0.009717  -0.013836  0.005375  0.000000  0.000000  0.000000  1.000000  
139.792860 0.009587  0.014269  -0.002867  0.834103  0.241007  0.496173  -0.551326  0.393046  0.735904  -0.017661  -0.887373  0.460714  -0.009744  -0.014275  0.005586  0.000000  0.000000  0.000000  1.000000  
139.794109 0.009576  0.014250  -0.002858  0.833989  0.241088  0.496325  -0.551498  0.392996  0.735802  -0.017661  -0.887373  0.460714  -0.009911  -0.014848  0.005840  0.000000  0.000000  0.000000  1.000000  
139.795109 0.009567  0.014233  -0.002852  0.833989  0.241149  0.496296  -0.551498  0.393085  0.735754  -0.017661  -0.887317  0.460822  -0.010016  -0.015415  0.005921  0.000000  0.000000  0.000000  1.000000  
139.796406 0.009554  0.014211  -0.002845  0.833989  0.241149  0.496296  -0.551498  0.393085  0.735754  -0.017661  -0.887317  0.460822  -0.010108  -0.016060  0.005968  0.000000  0.000000  0.000000  1.000000  
139.797609 0.009541  0.014185  -0.002837  0.833991  0.241308  0.496215  -0.551499  0.393109  0.735740  -0.017527  -0.887263  0.460930  -0.009993  -0.016387  0.006022  0.000000  0.000000  0.000000  1.000000  
139.798856 0.009529  0.014161  -0.002828  0.833878  0.241449  0.496337  -0.551671  0.393149  0.735590  -0.017527  -0.887207  0.461038  -0.009569  -0.016339  0.006156  0.000000  0.000000  0.000000  1.000000  
139.799856 0.009521  0.014145  -0.002821  0.833880  0.241608  0.496256  -0.551672  0.393172  0.735577  -0.017393  -0.887153  0.461147  -0.009284  -0.016259  0.006110  0.000000  0.000000  0.000000  1.000000  
139.801106 0.009511  0.014126  -0.002813  0.833880  0.241668  0.496227  -0.551672  0.393261  0.735529  -0.017393  -0.887097  0.461254  -0.009048  -0.016277  0.006195  0.000000  0.000000  0.000000  1.000000  
139.802106 0.009504  0.014111  -0.002807  0.833766  0.241749  0.496378  -0.551844  0.393212  0.735427  -0.017393  -0.887097  0.461254  -0.008748  -0.016283  0.006259  0.000000  0.000000  0.000000  1.000000  
139.803108 0.009498  0.014096  -0.002802  0.833766  0.241809  0.496349  -0.551844  0.393301  0.735379  -0.017393  -0.887041  0.461362  -0.008508  -0.016150  0.006322  0.000000  0.000000  0.000000  1.000000  
139.804356 0.009491  0.014079  -0.002793  0.833766  0.241870  0.496320  -0.551844  0.393390  0.735332  -0.017393  -0.886986  0.461470  -0.008084  -0.015914  0.006498  0.000000  0.000000  0.000000  1.000000  
139.805356 0.009487  0.014068  -0.002783  0.833652  0.242011  0.496442  -0.552016  0.393429  0.735182  -0.017393  -0.886930  0.461577  -0.007748  -0.015755  0.006693  0.000000  0.000000  0.000000  1.000000  
139.806361 0.009484  0.014056  -0.002775  0.833654  0.242170  0.496361  -0.552017  0.393453  0.735168  -0.017259  -0.886876  0.461686  -0.007496  -0.015600  0.006822  0.000000  0.000000  0.000000  1.000000  
139.807615 0.009479  0.014040  -0.002765  0.833541  0.242371  0.496454  -0.552188  0.393582  0.734970  -0.017259  -0.886764  0.461901  -0.007316  -0.015510  0.006870  0.000000  0.000000  0.000000  1.000000  
139.808860 0.009471  0.014023  -0.002758  0.833427  0.242513  0.496575  -0.552360  0.393621  0.734820  -0.017259  -0.886708  0.462009  -0.007115  -0.015419  0.006752  0.000000  0.000000  0.000000  1.000000  
139.809863 0.009464  0.014007  -0.002753  0.833427  0.242633  0.496517  -0.552360  0.393799  0.734725  -0.017259  -0.886595  0.462224  -0.006935  -0.015351  0.006704  0.000000  0.000000  0.000000  1.000000  
139.811112 0.009456  0.013988  -0.002745  0.833313  0.242895  0.496579  -0.552532  0.394016  0.734479  -0.017259  -0.886427  0.462546  -0.006637  -0.015178  0.006757  0.000000  0.000000  0.000000  1.000000  
139.812361 0.009449  0.013968  -0.002738  0.833199  0.243097  0.496672  -0.552703  0.394145  0.734281  -0.017259  -0.886315  0.462761  -0.006257  -0.014721  0.006674  0.000000  0.000000  0.000000  1.000000  
139.813362 0.009444  0.013954  -0.002732  0.833086  0.243298  0.496764  -0.552875  0.394273  0.734084  -0.017259  -0.886203  0.462976  -0.005961  -0.014418  0.006632  0.000000  0.000000  0.000000  1.000000  
139.814610 0.009438  0.013938  -0.002725  0.832970  0.243461  0.496878  -0.553045  0.394555  0.733803  -0.017393  -0.886032  0.463298  -0.005651  -0.014045  0.006529  0.000000  0.000000  0.000000  1.000000  
139.815614 0.009434  0.013927  -0.002719  0.832856  0.243663  0.496970  -0.553216  0.394683  0.733605  -0.017393  -0.885920  0.463513  -0.005351  -0.013722  0.006501  0.000000  0.000000  0.000000  1.000000  
139.816860 0.009429  0.013914  -0.002712  0.832742  0.243986  0.497003  -0.553388  0.394989  0.733312  -0.017393  -0.885695  0.463942  -0.005065  -0.013364  0.006488  0.000000  0.000000  0.000000  1.000000  
139.818106 0.009426  0.013901  -0.002704  0.832626  0.244149  0.497117  -0.553558  0.395271  0.733031  -0.017527  -0.885524  0.464263  -0.004747  -0.013021  0.006483  0.000000  0.000000  0.000000  1.000000  
139.819106 0.009424  0.013891  -0.002697  0.832624  0.244231  0.497079  -0.553557  0.395603  0.732853  -0.017661  -0.885353  0.464585  -0.004492  -0.012752  0.006457  0.000000  0.000000  0.000000  1.000000  
139.820111 0.009422  0.013881  -0.002691  0.832510  0.244494  0.497141  -0.553728  0.395819  0.732606  -0.017661  -0.885183  0.464907  -0.004397  -0.012618  0.006277  0.000000  0.000000  0.000000  1.000000  
139.821357 0.009418  0.013868  -0.002685  0.832280  0.244799  0.497376  -0.554069  0.396140  0.732175  -0.017794  -0.884956  0.465335  -0.004357  -0.012497  0.006015  0.000000  0.000000  0.000000  1.000000  
139.822357 0.009414  0.013857  -0.002680  0.832164  0.245024  0.497460  -0.554239  0.396510  0.731846  -0.017928  -0.884728  0.465763  -0.004381  -0.012480  0.005773  0.000000  0.000000  0.000000  1.000000  
139.823614 0.009408  0.013840  -0.002676  0.832048  0.245309  0.497514  -0.554409  0.396969  0.731468  -0.018062  -0.884443  0.466299  -0.004290  -0.012387  0.005581  -0.214071  -0.110451  0.042564  1.000000  
139.824863 0.009401  0.013823  -0.002671  0.831932  0.245594  0.497567  -0.554579  0.397427  0.731090  -0.018196  -0.884158  0.466834  -0.004216  -0.012247  0.005465  -0.230526  -0.118659  0.041833  1.000000  
139.826110 0.009397  0.013808  -0.002664  0.831814  0.245781  0.497673  -0.554748  0.397951  0.730677  -0.018463  -0.883870  0.467368  -0.003971  -0.011969  0.005400  -0.251471  -0.129164  0.037176  1.000000  
139.827360 0.009392  0.013793  -0.002659  0.831697  0.246126  0.497696  -0.554918  0.398498  0.730250  -0.018597  -0.883528  0.468010  -0.003771  -0.011705  0.005310  -0.271581  -0.139247  0.032420  1.000000  
139.828361 0.009389  0.013781  -0.002654  0.831581  0.246412  0.497749  -0.555088  0.398956  0.729871  -0.018731  -0.883241  0.468544  -0.003636  -0.011551  0.005242  -0.287875  -0.141315  0.028487  1.000000  
139.829607 0.009386  0.013767  -0.002650  0.831460  0.246562  0.497876  -0.555255  0.399633  0.729374  -0.019132  -0.882894  0.469183  -0.003505  -0.011397  0.005029  -0.305937  -0.154549  0.015717  1.000000  
139.830609 0.009383  0.013757  -0.002647  0.831342  0.246810  0.497952  -0.555423  0.400244  0.728910  -0.019400  -0.882547  0.469823  -0.003378  -0.011352  0.004813  -0.333020  -0.166104  0.011162  1.000000  
139.831613 0.009382  0.013747  -0.002644  0.831223  0.246998  0.498056  -0.555591  0.400766  0.728495  -0.019667  -0.882258  0.470356  -0.003217  -0.011287  0.004603  -0.349431  -0.176389  0.006486  1.000000  
139.832856 0.009381  0.013735  -0.002640  0.831102  0.247209  0.498154  -0.555758  0.401530  0.727947  -0.020068  -0.881851  0.471101  -0.003076  -0.011239  0.004404  -0.370917  -0.181208  -0.005319  1.000000  
139.833857 0.009379  0.013724  -0.002636  0.830983  0.247459  0.498228  -0.555926  0.402140  0.727482  -0.020336  -0.881503  0.471740  -0.003070  -0.011320  0.004161  -0.391269  -0.191434  -0.009929  1.000000  
139.834857 0.009377  0.013713  -0.002633  0.830976  0.247527  0.498206  -0.555921  0.402866  0.727083  -0.020737  -0.881152  0.472378  -0.003042  -0.011396  0.003966  -0.415490  -0.191646  -0.024899  1.000000  
139.836176 0.009373  0.013698  -0.002630  0.830740  0.247883  0.498422  -0.556259  0.403666  0.726381  -0.021139  -0.880686  0.473229  -0.003076  -0.011486  0.003696  -0.442678  -0.213408  -0.034343  1.000000  
139.837357 0.009367  0.013681  -0.002626  0.830616  0.248058  0.498542  -0.556423  0.404582  0.725746  -0.021674  -0.880216  0.474078  -0.003081  -0.011668  0.003663  -0.468339  -0.220480  -0.049785  1.000000  
139.838607 0.009362  0.013664  -0.002622  0.830492  0.248295  0.498631  -0.556588  0.405585  0.725059  -0.022209  -0.879688  0.475033  -0.003040  -0.011693  0.003599  -0.496751  -0.228902  -0.065407  1.000000  
139.839619 0.009358  0.013651  -0.002618  0.830255  0.248653  0.498847  -0.556925  0.406382  0.724354  -0.022610  -0.879219  0.475882  -0.002896  -0.011660  0.003588  -0.525515  -0.249330  -0.071216  1.000000  
139.840881 0.009355  0.013636  -0.002613  0.830128  0.248793  0.498989  -0.557087  0.407449  0.723629  -0.023279  -0.878685  0.476834  -0.002816  -0.011663  0.003511  -0.549772  -0.259818  -0.090840  1.000000  
139.842111 0.009351  0.013621  -0.002609  0.829888  0.249176  0.499197  -0.557422  0.408486  0.722786  -0.023814  -0.878095  0.477894  -0.002768  -0.011617  0.003370  -0.582937  -0.274621  -0.103330  1.000000  
139.843112 0.009349  0.013610  -0.002606  0.829648  0.249439  0.499465  -0.557756  0.409346  0.722041  -0.024349  -0.877619  0.478739  -0.002716  -0.011553  0.003224  -0.607586  -0.289254  -0.115773  1.000000  
139.844360 0.009348  0.013597  -0.002603  0.829404  0.249727  0.499725  -0.558089  0.410446  0.721159  -0.025018  -0.877024  0.479795  -0.002583  -0.011505  0.003152  -0.635109  -0.301398  -0.127099  1.000000  
139.845610 0.009347  0.013586  -0.002601  0.829042  0.250064  0.500157  -0.558589  0.411647  0.720087  -0.025820  -0.876365  0.480955  -0.002438  -0.011409  0.003055  -0.667922  -0.326283  -0.143968  1.000000  
139.846857 0.009345  0.013574  -0.002598  0.828795  0.250318  0.500440  -0.558919  0.412897  0.719115  -0.026623  -0.875704  0.482114  -0.002480  -0.011491  0.003006  -0.696430  -0.345104  -0.163994  1.000000  
139.847859 0.009344  0.013562  -0.002595  0.828435  0.250634  0.500878  -0.559421  0.413854  0.718174  -0.027292  -0.875161  0.483061  -0.002459  -0.011569  0.002930  -0.727021  -0.368769  -0.174377  1.000000  
139.849107 0.009341  0.013548  -0.002592  0.828070  0.250977  0.501308  -0.559920  0.415050  0.717094  -0.028094  -0.874496  0.484218  -0.002553  -0.011603  0.002881  -0.756125  -0.391847  -0.187302  1.000000  
139.850357 0.009338  0.013533  -0.002590  0.827706  0.251443  0.501677  -0.560418  0.416418  0.715910  -0.028896  -0.873712  0.485585  -0.002539  -0.011623  0.002833  -0.790610  -0.413522  -0.202366  1.000000  
139.851610 0.009333  0.013518  -0.002587  0.827218  0.251804  0.502300  -0.561082  0.417863  0.714547  -0.029966  -0.872918  0.486947  -0.002460  -0.011626  0.002805  -0.830466  -0.448278  -0.217430  1.000000  
139.852857 0.009330  0.013502  -0.002584  0.826847  0.252301  0.502660  -0.561577  0.419465  0.713219  -0.030903  -0.872005  0.488520  -0.002322  -0.011550  0.002714  -0.868615  -0.469679  -0.232098  1.000000  
139.853857 0.009328  0.013490  -0.002582  0.826367  0.252836  0.503181  -0.562246  0.420536  0.712060  -0.031571  -0.871334  0.489673  -0.002179  -0.011382  0.002592  -0.900880  -0.494627  -0.242782  1.000000  
139.855107 0.009326  0.013475  -0.002579  0.825995  0.253277  0.503570  -0.562739  0.422047  0.710775  -0.032507  -0.870476  0.491137  -0.002071  -0.011256  0.002448  -0.934851  -0.521854  -0.253946  1.000000  
139.856360 0.009325  0.013463  -0.002578  0.825386  0.253920  0.504244  -0.563569  0.423688  0.709139  -0.033577  -0.869490  0.492808  -0.001868  -0.011117  0.002213  -0.979990  -0.565805  -0.269573  1.000000  
139.857612 0.009325  0.013452  -0.002576  0.824888  0.254385  0.504825  -0.564225  0.425444  0.707564  -0.034781  -0.868496  0.494474  -0.001721  -0.010913  0.002121  -1.021244  -0.593360  -0.289706  1.000000  
139.858613 0.009325  0.013443  -0.002576  0.824516  0.254808  0.505219  -0.564719  0.426709  0.706408  -0.035583  -0.867751  0.495724  -0.001553  -0.010790  0.001955  -1.050229  -0.616562  -0.302085  1.000000  
139.859616 0.009327  0.013435  -0.002575  0.824139  0.255199  0.505636  -0.565209  0.428124  0.705159  -0.036519  -0.866939  0.497075  -0.001374  -0.010700  0.001895  -1.083528  -0.645848  -0.311028  1.000000  
139.860860 0.009327  0.013424  -0.002573  0.823524  0.255920  0.506273  -0.566034  0.429838  0.703452  -0.037589  -0.865878  0.498842  -0.001292  -0.010609  0.001824  -1.129668  -0.681498  -0.316446  1.000000  
139.862109 0.009327  0.013412  -0.002571  0.823016  0.256365  0.506875  -0.566683  0.431732  0.701767  -0.038926  -0.864803  0.500600  -0.001204  -0.010578  0.001726  -1.171406  -0.715373  -0.332881  1.000000  
139.863112 0.009326  0.013402  -0.002570  0.822514  0.256882  0.507427  -0.567337  0.433322  0.700258  -0.039995  -0.863854  0.502152  -0.001112  -0.010434  0.001631  -1.208908  -0.746984  -0.345398  1.000000  
139.864358 0.009325  0.013389  -0.002570  0.822002  0.257459  0.507964  -0.567983  0.435378  0.698457  -0.041332  -0.862648  0.504114  -0.001034  -0.010344  0.001412  -1.252667  -0.776816  -0.362560  1.000000  
139.865607 0.009324  0.013376  -0.002571  0.821483  0.258008  0.508525  -0.568624  0.437579  0.696556  -0.042802  -0.861369  0.506174  -0.000801  -0.010218  0.001219  -1.302581  -0.810808  -0.378455  1.000000  
139.866609 0.009323  0.013366  -0.002572  0.821089  0.258353  0.508987  -0.569102  0.439276  0.695097  -0.044006  -0.860401  0.507714  -0.000663  -0.010109  0.000979  -1.339650  -0.836260  -0.393954  1.000000  
139.867856 0.009324  0.013353  -0.002574  0.820448  0.259064  0.509657  -0.569909  0.441499  0.693024  -0.045476  -0.859049  0.509870  -0.000443  -0.009924  0.000668  -1.390634  -0.876861  -0.406392  1.000000  
139.868857 0.009324  0.013344  -0.002576  0.820056  0.259634  0.509999  -0.570388  0.443291  0.691485  -0.046545  -0.857953  0.511615  -0.000284  -0.009739  0.000382  -1.434518  -0.899066  -0.420323  1.000000  
139.870106 0.009326  0.013334  -0.002578  0.819523  0.260108  0.510613  -0.571019  0.445538  0.689516  -0.048149  -0.856644  0.513656  0.000002  -0.009445  0.000050  -1.480478  -0.929644  -0.443156  1.000000  
139.871107 0.009328  0.013326  -0.002582  0.819122  0.260591  0.511009  -0.571492  0.447387  0.687926  -0.049352  -0.855533  0.515391  0.000179  -0.009262  -0.000262  -1.513775  -0.950067  -0.458543  1.000000  
139.872357 0.009330  0.013317  -0.002585  0.818468  0.261168  0.511763  -0.572289  0.449571  0.685836  -0.050955  -0.854211  0.517423  0.000388  -0.009137  -0.000574  -1.555397  -0.984125  -0.473568  1.000000  
139.873358 0.009333  0.013309  -0.002589  0.817940  0.261784  0.512293  -0.572923  0.451589  0.683979  -0.052291  -0.852958  0.519354  0.000498  -0.009077  -0.000888  -1.606596  -1.016619  -0.488466  1.000000  
139.874374 0.009334  0.013301  -0.002592  0.817410  0.262404  0.512821  -0.573555  0.453602  0.682114  -0.053628  -0.851698  0.521282  0.000497  -0.009050  -0.001169  -1.651334  -1.042115  -0.502855  1.000000  
139.875615 0.009336  0.013291  -0.002597  0.816747  0.263310  0.513412  -0.574346  0.456182  0.679724  -0.055231  -0.850039  0.523816  0.000595  -0.009037  -0.001613  -1.710399  -1.074936  -0.513595  1.000000  
139.876862 0.009337  0.013279  -0.002602  0.816082  0.264349  0.513936  -0.575135  0.458917  0.677211  -0.056834  -0.848242  0.526550  0.000693  -0.009023  -0.002056  -1.777150  -1.101761  -0.527485  1.000000  
139.877862 0.009338  0.013270  -0.002607  0.815664  0.265016  0.514256  -0.575594  0.461130  0.675315  -0.058170  -0.846833  0.528668  0.000785  -0.008946  -0.002474  -1.826974  -1.120016  -0.541359  1.000000  
139.878888 0.009338  0.013261  -0.002612  0.815125  0.265782  0.514714  -0.576220  0.463282  0.673305  -0.059505  -0.845417  0.530782  0.000905  -0.008818  -0.002811  -1.875289  -1.137403  -0.554720  1.000000  
139.880123 0.009339  0.013250  -0.002620  0.814446  0.266748  0.515289  -0.576998  0.466057  0.670719  -0.061241  -0.843585  0.533491  0.000972  -0.008670  -0.003303  -1.934863  -1.167294  -0.572293  1.000000  
139.881357 0.009340  0.013240  -0.002627  0.813757  0.267693  0.515888  -0.577769  0.468969  0.668021  -0.063111  -0.841670  0.536291  0.001104  -0.008566  -0.003689  -1.998648  -1.189219  -0.589423  1.000000  
139.882357 0.009341  0.013232  -0.002634  0.813078  0.268516  0.516530  -0.578547  0.471335  0.665678  -0.064713  -0.840085  0.538582  0.001208  -0.008399  -0.004115  -2.044767  -1.218383  -0.606755  1.000000  
139.883608 0.009344  0.013223  -0.002641  0.812382  0.269478  0.517124  -0.579312  0.474226  0.662953  -0.066582  -0.838147  0.541365  0.001380  -0.008162  -0.004430  -2.098208  -1.239865  -0.622384  1.000000  
139.884855 0.009348  0.013216  -0.002649  0.811563  0.270673  0.517786  -0.580242  0.477211  0.659992  -0.068451  -0.836066  0.544342  0.001544  -0.007979  -0.004744  -2.164568  -1.269383  -0.638679  1.000000  
139.886105 0.009352  0.013209  -0.002658  0.810844  0.271534  0.518460  -0.580990  0.480289  0.657094  -0.070587  -0.834021  0.547198  0.001568  -0.007841  -0.005106  -2.218616  -1.297845  -0.665942  1.000000  
139.887355 0.009355  0.013201  -0.002667  0.809889  0.272696  0.519342  -0.582074  0.483177  0.654010  -0.072589  -0.831972  0.550049  0.001653  -0.007703  -0.005491  -2.277750  -1.331237  -0.674630  1.000000  
139.888356 0.009358  0.013195  -0.002675  0.809186  0.273660  0.519931  -0.582833  0.485799  0.651387  -0.074323  -0.830126  0.552600  0.001685  -0.007626  -0.005733  -2.332389  -1.358691  -0.687177  1.000000  
139.889609 0.009360  0.013185  -0.002686  0.808343  0.274932  0.520571  -0.583743  0.488956  0.648202  -0.076325  -0.827850  0.555733  0.001677  -0.007637  -0.006179  -2.398963  -1.388713  -0.702524  1.000000  
139.890868 0.009363  0.013176  -0.002695  0.807487  0.276252  0.521200  -0.584644  0.492318  0.644836  -0.078459  -0.825414  0.559050  0.001812  -0.007516  -0.006562  -2.476559  -1.421988  -0.722680  1.000000  
139.892109 0.009366  0.013167  -0.002706  0.806523  0.277738  0.521902  -0.585720  0.495322  0.641551  -0.080326  -0.823115  0.562166  0.001909  -0.007348  -0.006821  -2.532027  -1.444286  -0.724730  1.000000  
139.893110 0.009367  0.013159  -0.002714  0.805815  0.278765  0.522449  -0.586473  0.497754  0.638976  -0.081927  -0.821299  0.564585  0.001997  -0.007209  -0.007060  -2.574132  -1.461416  -0.732719  1.000000  
139.894359 0.009370  0.013151  -0.002725  0.804825  0.280222  0.523194  -0.587529  0.501013  0.635449  -0.084060  -0.818817  0.567866  0.002156  -0.007053  -0.007352  -2.642451  -1.497159  -0.741404  1.000000  
139.895612 0.009374  0.013143  -0.002736  0.803709  0.281924  0.523994  -0.588746  0.504349  0.631672  -0.086193  -0.816181  0.571332  0.002346  -0.006824  -0.007561  -2.710751  -1.532399  -0.736490  1.000000  
139.896859 0.009378  0.013135  -0.002747  0.802700  0.283512  0.524684  -0.589786  0.507865  0.627874  -0.088459  -0.813446  0.574874  0.002528  -0.006652  -0.007757  -2.783537  -1.569676  -0.746560  1.000000  
139.898107 0.009383  0.013129  -0.002757  0.801695  0.285138  0.525339  -0.590828  0.511219  0.624161  -0.090591  -0.810772  0.578310  0.002664  -0.006495  -0.007977  -2.845542  -1.599433  -0.746944  1.000000  
139.899355 0.009389  0.013124  -0.002768  0.800797  0.286650  0.525886  -0.591694  0.514752  0.620426  -0.092856  -0.807999  0.581821  0.002830  -0.006307  -0.008123  -2.912251  -1.627752  -0.756063  1.000000  
139.900606 0.009395  0.013118  -0.002779  0.799772  0.288281  0.526554  -0.592720  0.518205  0.616560  -0.095121  -0.805207  0.585315  0.002961  -0.006258  -0.008344  -2.984225  -1.659695  -0.757759  1.000000  
139.901606 0.009398  0.013113  -0.002789  0.799037  0.289632  0.526928  -0.593452  0.520840  0.613629  -0.096719  -0.803019  0.588053  0.003001  -0.006184  -0.008474  -3.035603  -1.675422  -0.760786  1.000000  
139.902712 0.009402  0.013107  -0.002798  0.798157  0.291054  0.527478  -0.594329  0.523679  0.610355  -0.098583  -0.800655  0.590960  0.003034  -0.006135  -0.008554  -3.088096  -1.696064  -0.762502  1.000000  
139.903855 0.009406  0.013098  -0.002810  0.797129  0.292936  0.527991  -0.595351  0.527159  0.606350  -0.100713  -0.797679  0.594613  0.003135  -0.006199  -0.008719  -3.161358  -1.722433  -0.763750  1.000000  
139.904856 0.009410  0.013091  -0.002819  0.796363  0.294336  0.528368  -0.596057  0.530097  0.603086  -0.102577  -0.795213  0.597591  0.003279  -0.006099  -0.008788  -3.213996  -1.741536  -0.769775  1.000000  
139.906106 0.009415  0.013083  -0.002832  0.795426  0.296092  0.528797  -0.596890  0.533868  0.598922  -0.104972  -0.792032  0.601387  0.003412  -0.006063  -0.008894  -3.275732  -1.764549  -0.780647  1.000000  
139.907364 0.009420  0.013074  -0.002843  0.794350  0.297889  0.529406  -0.597873  0.537615  0.594574  -0.107500  -0.788817  0.605154  0.003625  -0.006016  -0.009008  -3.341775  -1.800670  -0.793762  1.000000  
139.908608 0.009424  0.013065  -0.002855  0.793290  0.299870  0.529876  -0.598869  0.541208  0.590297  -0.109761  -0.785603  0.608918  0.003697  -0.006042  -0.009111  -3.399439  -1.829138  -0.790586  1.000000  
139.909612 0.009429  0.013059  -0.002866  0.792508  0.301443  0.530154  -0.599560  0.544212  0.586823  -0.111623  -0.782921  0.612025  0.003870  -0.006014  -0.009257  -3.455054  -1.845360  -0.791756  1.000000  
139.910615 0.009434  0.013052  -0.002876  0.791722  0.303025  0.530426  -0.600248  0.547197  0.583333  -0.113484  -0.780225  0.615118  0.004008  -0.006026  -0.009354  -3.508557  -1.862673  -0.791065  1.000000  
139.911615 0.009439  0.013046  -0.002886  0.791045  0.304419  0.530639  -0.600761  0.550291  0.579885  -0.115478  -0.777502  0.618188  0.004134  -0.006027  -0.009407  -3.554558  -1.870117  -0.803366  1.000000  
139.912857 0.009446  0.013038  -0.002899  0.790091  0.306465  0.530882  -0.601577  0.553995  0.575496  -0.117737  -0.774060  0.622068  0.004314  -0.006138  -0.009637  -3.619266  -1.887317  -0.802522  1.000000  
139.913858 0.009451  0.013031  -0.002910  0.789294  0.308075  0.531134  -0.602255  0.556922  0.571950  -0.119597  -0.771315  0.625115  0.004300  -0.006356  -0.009790  -3.665640  -1.897787  -0.806972  1.000000  
139.914891 0.009457  0.013024  -0.002921  0.788508  0.309970  0.531201  -0.602940  0.559975  0.568235  -0.121323  -0.768340  0.628438  0.004395  -0.006498  -0.009946  -3.720769  -1.906594  -0.798798  1.000000  
139.916105 0.009462  0.013013  -0.002936  0.787417  0.312360  0.531419  -0.603906  0.563744  0.563463  -0.123581  -0.764607  0.632538  0.004368  -0.006836  -0.010132  -3.787608  -1.923507  -0.787451  1.000000  
139.917107 0.009466  0.013004  -0.002947  0.786734  0.314012  0.531456  -0.604412  0.566809  0.559833  -0.125439  -0.761658  0.635721  0.004410  -0.007092  -0.010232  -3.847782  -1.923240  -0.795231  1.000000  
139.918163 0.009470  0.012994  -0.002957  0.786035  0.315592  0.531555  -0.604905  0.569916  0.556134  -0.127430  -0.758681  0.638878  0.004399  -0.007299  -0.010249  -3.882489  -1.922332  -0.797947  1.000000  
139.919357 0.009476  0.012981  -0.002970  0.785167  0.317703  0.531581  -0.605525  0.573793  0.551454  -0.129819  -0.754869  0.642900  0.004500  -0.007577  -0.010419  -3.948978  -1.932463  -0.805510  1.000000  
139.920605 0.009481  0.012968  -0.002985  0.784183  0.319960  0.531679  -0.606312  0.577443  0.546759  -0.132074  -0.751123  0.646816  0.004513  -0.007878  -0.010566  -3.991330  -1.935822  -0.800543  1.000000  
139.921665 0.009484  0.012957  -0.002996  0.783361  0.321832  0.531761  -0.606966  0.580417  0.542870  -0.133930  -0.748024  0.650017  0.004538  -0.008171  -0.010642  -4.038463  -1.945971  -0.801840  1.000000  
139.922857 0.009490  0.012943  -0.003010  0.782368  0.324306  0.531719  -0.607745  0.584205  0.537914  -0.136184  -0.743996  0.654159  0.004629  -0.008546  -0.010864  -4.103853  -1.950809  -0.805846  1.000000  
139.924138 0.009496  0.012929  -0.003025  0.781356  0.326780  0.531693  -0.608507  0.588082  0.532803  -0.138569  -0.739848  0.658349  0.004613  -0.008937  -0.010981  -4.171615  -1.955655  -0.806289  1.000000  
139.925363 0.009502  0.012914  -0.003040  0.780243  0.329480  0.531662  -0.609449  0.591667  0.527733  -0.140689  -0.735780  0.662446  0.004646  -0.009379  -0.011141  -4.226201  -1.956176  -0.801577  1.000000  
139.926622 0.009509  0.012899  -0.003056  0.779110  0.332117  0.531683  -0.610374  0.595277  0.522580  -0.142941  -0.731672  0.666501  0.004623  -0.009870  -0.011316  -4.271571  -1.959271  -0.791328  1.000000  
139.927867 0.009515  0.012882  -0.003070  0.778113  0.334720  0.531510  -0.611145  0.598857  0.517564  -0.145059  -0.727553  0.670541  0.004559  -0.010499  -0.011385  -4.322262  -1.957956  -0.785922  1.000000  
139.929119 0.009520  0.012864  -0.003084  0.776970  0.337512  0.531416  -0.612060  0.602515  0.512209  -0.147309  -0.723229  0.674714  0.004440  -0.011148  -0.011449  -4.377914  -1.966994  -0.771326  1.000000  
139.930360 0.009524  0.012844  -0.003099  0.775822  0.340254  0.531345  -0.612970  0.606071  0.506898  -0.149559  -0.718961  0.678769  0.004323  -0.011804  -0.011518  -4.430529  -1.971419  -0.761489  1.000000  
139.931625 0.009528  0.012823  -0.003112  0.774812  0.343152  0.530955  -0.613727  0.609781  0.501503  -0.151675  -0.714432  0.683067  0.004256  -0.012389  -0.011430  -4.490277  -1.971801  -0.758439  1.000000  
139.932857 0.009532  0.012801  -0.003127  0.773671  0.346122  0.530691  -0.614640  0.613318  0.496043  -0.153791  -0.709958  0.687246  0.004201  -0.013131  -0.011533  -4.548389  -1.974035  -0.745030  1.000000  
139.933858 0.009535  0.012782  -0.003136  0.772700  0.348556  0.530512  -0.615428  0.616111  0.491585  -0.155509  -0.706339  0.690581  0.004132  -0.013658  -0.011427  -4.587284  -1.982190  -0.731903  1.000000  
139.934858 0.009538  0.012763  -0.003148  0.771711  0.350797  0.530476  -0.616199  0.618817  0.487200  -0.157359  -0.702856  0.693708  0.004015  -0.014239  -0.011493  -4.614559  -1.990391  -0.718923  1.000000  
139.935863 0.009542  0.012744  -0.003159  0.770861  0.353184  0.530127  -0.616821  0.621687  0.482739  -0.159077  -0.699118  0.697086  0.003978  -0.014833  -0.011482  -4.656948  -1.987386  -0.703330  1.000000  
139.937108 0.009545  0.012718  -0.003172  0.769704  0.356261  0.529749  -0.617717  0.625136  0.477107  -0.161190  -0.694466  0.701238  0.003901  -0.015622  -0.011383  -4.706474  -1.983137  -0.682538  1.000000  
139.938359 0.009550  0.012691  -0.003186  0.768542  0.359350  0.529349  -0.618607  0.628540  0.471447  -0.163302  -0.689786  0.705356  0.003886  -0.016368  -0.011345  -4.752412  -1.983258  -0.668032  1.000000  
139.939360 0.009554  0.012670  -0.003197  0.767555  0.361956  0.529005  -0.619377  0.631292  0.466736  -0.165018  -0.685900  0.708739  0.003760  -0.017165  -0.011215  -4.792486  -1.988512  -0.651088  1.000000  
139.940609 0.009559  0.012643  -0.003209  0.766386  0.365066  0.528564  -0.620259  0.634614  0.461026  -0.167129  -0.681170  0.712794  0.003711  -0.017836  -0.011069  -4.829736  -1.991374  -0.633092  1.000000  
139.941638 0.009563  0.012620  -0.003218  0.765392  0.367625  0.528230  -0.621021  0.637242  0.456351  -0.168844  -0.677329  0.716043  0.003550  -0.018700  -0.010855  -4.862470  -1.993455  -0.610935  1.000000  
139.942864 0.009566  0.012587  -0.003230  0.764179  0.370743  0.527807  -0.621865  0.640704  0.450314  -0.171217  -0.672345  0.720164  0.003417  -0.019647  -0.010656  -4.915573  -2.011457  -0.593885  1.000000  
139.944111 0.009569  0.012553  -0.003242  0.762996  0.373885  0.527302  -0.622732  0.643896  0.444526  -0.173326  -0.667539  0.724120  0.003264  -0.020752  -0.010542  -4.960337  -2.010737  -0.576642  1.000000  
139.945114 0.009571  0.012523  -0.003250  0.761974  0.376338  0.527035  -0.623467  0.646420  0.439806  -0.175171  -0.663710  0.727190  0.003187  -0.021762  -0.010284  -4.973732  -2.018936  -0.565204  1.000000  
139.946398 0.009574  0.012484  -0.003261  0.760636  0.379629  0.526607  -0.624467  0.649559  0.433721  -0.177410  -0.658753  0.731143  0.003086  -0.022960  -0.010032  -4.996791  -2.029550  -0.543080  1.000000  
139.947606 0.009576  0.012443  -0.003269  0.759422  0.382670  0.526158  -0.625304  0.652623  0.427876  -0.179648  -0.653947  0.734901  0.002991  -0.024143  -0.009676  -5.037376  -2.042072  -0.519671  1.000000  
139.948607 0.009577  0.012408  -0.003276  0.758407  0.385154  0.525809  -0.626042  0.654935  0.423239  -0.181358  -0.650166  0.737830  0.002855  -0.025261  -0.009462  -5.057567  -2.047562  -0.494438  1.000000  
139.949609 0.009579  0.012372  -0.003282  0.757388  0.387646  0.525446  -0.626776  0.657218  0.418588  -0.183069  -0.646371  0.740737  0.002776  -0.026535  -0.009073  -5.072705  -2.057817  -0.477706  1.000000  
139.950859 0.009581  0.012325  -0.003288  0.756052  0.390982  0.524899  -0.627771  0.660078  0.412554  -0.185173  -0.641428  0.744500  0.002618  -0.027911  -0.008581  -5.103131  -2.065177  -0.447466  1.000000  
139.952107 0.009583  0.012277  -0.003293  0.754711  0.394265  0.524373  -0.628760  0.662840  0.406576  -0.187276  -0.636552  0.748150  0.002496  -0.029422  -0.008008  -5.123206  -2.069178  -0.427461  1.000000  
139.953359 0.009584  0.012226  -0.003296  0.753196  0.397439  0.524154  -0.629866  0.665483  0.400500  -0.189641  -0.631802  0.751573  0.002265  -0.031063  -0.007293  -5.128388  -2.082629  -0.403225  1.000000  
139.954616 0.009585  0.012173  -0.003297  0.751656  0.400500  0.524035  -0.630949  0.668086  0.394417  -0.192137  -0.627106  0.754866  0.001934  -0.032945  -0.006405  -5.135692  -2.108868  -0.386172  1.000000  
139.955859 0.009585  0.012119  -0.003296  0.750150  0.403893  0.523590  -0.632057  0.670676  0.388198  -0.194369  -0.622145  0.758391  0.001667  -0.034524  -0.005649  -5.153581  -2.124707  -0.359092  1.000000  
139.957108 0.009584  0.012063  -0.003296  0.748638  0.407235  0.523165  -0.633159  0.673169  0.382038  -0.196599  -0.617254  0.761804  0.001350  -0.036252  -0.004859  -5.166231  -2.138862  -0.339962  1.000000  
139.958114 0.009582  0.012017  -0.003294  0.747442  0.409865  0.522820  -0.633998  0.675167  0.377089  -0.198435  -0.613319  0.764502  0.001013  -0.037723  -0.004042  -5.175039  -2.151580  -0.325321  1.000000  
139.959363 0.009579  0.011958  -0.003290  0.745790  0.413431  0.522371  -0.635241  0.677532  0.370700  -0.200664  -0.608296  0.767925  0.000633  -0.039247  -0.003104  -5.188876  -2.169594  -0.295577  1.000000  
139.960611 0.009576  0.011899  -0.003284  0.744263  0.416807  0.521866  -0.636323  0.679887  0.364480  -0.202892  -0.603345  0.771239  0.000238  -0.040850  -0.001831  -5.190014  -2.178387  -0.272559  1.000000  
139.961614 0.009573  0.011851  -0.003276  0.742945  0.419665  0.521454  -0.637318  0.681635  0.359444  -0.204595  -0.599379  0.773877  -0.000120  -0.041830  -0.000808  -5.193620  -2.193767  -0.247163  1.000000  
139.962630 0.009570  0.011801  -0.003268  0.741644  0.422590  0.520943  -0.638325  0.683298  0.354463  -0.206166  -0.595417  0.776514  -0.000443  -0.042847  0.000261  -5.190079  -2.201745  -0.220026  1.000000  
139.963858 0.009566  0.011739  -0.003254  0.739993  0.426259  0.520302  -0.639561  0.685427  0.348070  -0.208261  -0.590334  0.779829  -0.000842  -0.044168  0.001678  -5.198817  -2.213971  -0.195092  1.000000  
139.965107 0.009561  0.011675  -0.003239  0.738336  0.429874  0.519680  -0.640789  0.687461  0.341741  -0.210354  -0.585325  0.783036  -0.001320  -0.045377  0.003170  -5.207618  -2.225357  -0.157248  1.000000  
139.966356 0.009556  0.011611  -0.003220  0.736696  0.433559  0.518947  -0.642029  0.689393  0.335463  -0.212316  -0.580314  0.786230  -0.001776  -0.046382  0.004670  -5.204361  -2.231845  -0.129324  1.000000  
139.967612 0.009551  0.011545  -0.003201  0.734940  0.437514  0.518117  -0.643433  0.691174  0.329048  -0.214146  -0.575204  0.789482  -0.002180  -0.047504  0.006388  -5.209062  -2.246569  -0.085276  1.000000  
139.968855 0.009546  0.011478  -0.003179  0.733311  0.441272  0.517237  -0.644678  0.692954  0.322808  -0.215975  -0.570170  0.792629  -0.002519  -0.048465  0.007838  -5.207937  -2.253218  -0.057568  1.000000  
139.969856 0.009541  0.011422  -0.003160  0.731854  0.444319  0.516692  -0.645806  0.694252  0.317726  -0.217543  -0.566212  0.795034  -0.002902  -0.049353  0.009095  -5.196986  -2.262194  -0.028280  1.000000  
139.971106 0.009536  0.011352  -0.003136  0.730239  0.448208  0.515617  -0.647059  0.695928  0.311446  -0.219240  -0.561064  0.798211  -0.003320  -0.050493  0.010871  -5.201401  -2.265182  0.009570  1.000000  
139.972111 0.009531  0.011295  -0.003116  0.728797  0.451446  0.514832  -0.648196  0.697177  0.306246  -0.220676  -0.556903  0.800726  -0.003588  -0.051363  0.012122  -5.201775  -2.266253  0.044732  1.000000  
139.973356 0.009525  0.011224  -0.003091  0.726884  0.455452  0.514007  -0.649718  0.698549  0.299827  -0.222502  -0.551899  0.803679  -0.003803  -0.052101  0.013489  -5.192298  -2.276540  0.093096  1.000000  
139.974364 0.009520  0.011166  -0.003069  0.725322  0.458835  0.513203  -0.651013  0.699541  0.294660  -0.223807  -0.547825  0.806101  -0.004016  -0.052983  0.014918  -5.202491  -2.281282  0.136273  1.000000  
139.975618 0.009514  0.011095  -0.003040  0.723444  0.463085  0.512036  -0.652562  0.700791  0.288194  -0.225371  -0.542627  0.809174  -0.004183  -0.053644  0.016325  -5.199529  -2.280851  0.190867  1.000000  
139.976864 0.009507  0.011023  -0.003011  0.721583  0.467330  0.510803  -0.654123  0.701903  0.281877  -0.226805  -0.537526  0.812173  -0.004392  -0.054455  0.017692  -5.197645  -2.276982  0.247700  1.000000  
139.978108 0.009501  0.010951  -0.002981  0.719717  0.471577  0.509531  -0.655678  0.702963  0.275551  -0.228238  -0.532408  0.815138  -0.004541  -0.055090  0.018914  -5.208825  -2.274620  0.304410  1.000000  
139.979356 0.009493  0.010879  -0.002950  0.717824  0.475835  0.508242  -0.657206  0.704051  0.269058  -0.229801  -0.527156  0.818107  -0.004655  -0.055667  0.019929  -5.221037  -2.278001  0.346129  1.000000  
139.980606 0.009486  0.010807  -0.002918  0.715836  0.480343  0.506803  -0.658916  0.704891  0.262600  -0.231103  -0.521919  0.821092  -0.004829  -0.056250  0.021010  -5.231124  -2.270400  0.405318  1.000000  
139.981856 0.009478  0.010734  -0.002885  0.713819  0.484739  0.505460  -0.660598  0.705691  0.256147  -0.232535  -0.516749  0.823953  -0.005082  -0.056734  0.021912  -5.233567  -2.269471  0.459147  1.000000  
139.983105 0.009470  0.010662  -0.002853  0.711798  0.489196  0.504015  -0.662272  0.706466  0.249602  -0.233966  -0.511461  0.826842  -0.005294  -0.057076  0.022590  -5.250537  -2.256581  0.512388  1.000000  
139.984108 0.009462  0.010603  -0.002826  0.710159  0.493000  0.502619  -0.663754  0.706862  0.244494  -0.234746  -0.507245  0.829215  -0.005587  -0.057411  0.023296  -5.270767  -2.240417  0.565412  1.000000  
