1-Time 2-Px 3-Py 4-Pz 5-R11 6-R21 7-R31 8-R12 9-R22 10-R32 11-R13 12-R23 13-R33 14-Vx 15-Vy 16-Vz 17-Wx 18-Wy 19-Wz 20-state
19.782050 -0.007009  -0.008825  -0.031668  0.729885  0.103057  0.675757  -0.663842  0.342648  0.664760  -0.163038  -0.933794  0.318507  0.000058  -0.000004  -0.000036  0.000000  0.000000  0.000000  1.000000  
19.783258 -0.007008  -0.008826  -0.031665  0.729885  0.103057  0.675757  -0.663842  0.342648  0.664760  -0.163038  -0.933794  0.318507  0.000113  -0.000017  0.000198  0.000000  0.000000  0.000000  1.000000  
19.784270 -0.007004  -0.008824  -0.031643  0.729885  0.103057  0.675757  -0.663842  0.342648  0.664760  -0.163038  -0.933794  0.318507  0.000440  0.000117  0.001677  0.000000  0.000000  0.000000  1.000000  
19.785560 -0.006996  -0.008821  -0.031602  0.729885  0.103057  0.675757  -0.663842  0.342648  0.664760  -0.163038  -0.933794  0.318507  0.000952  0.000299  0.004410  0.000000  0.000000  0.000000  1.000000  
19.786756 -0.006990  -0.008816  -0.031570  0.729885  0.103139  0.675744  -0.663842  0.342729  0.664718  -0.163038  -0.933755  0.318621  0.004356  0.001997  0.021925  0.000000  0.000000  0.000000  1.000000  
19.788010 -0.006984  -0.008808  -0.031549  0.729869  0.103129  0.675763  -0.663827  0.342893  0.664648  -0.163170  -0.933696  0.318727  0.004402  0.003065  0.020756  0.000000  0.000000  0.000000  1.000000  
19.789261 -0.006979  -0.008797  -0.031536  0.729869  0.103211  0.675751  -0.663827  0.342974  0.664607  -0.163170  -0.933657  0.318840  0.004259  0.004008  0.018908  0.000000  0.000000  0.000000  1.000000  
19.790273 -0.006977  -0.008789  -0.031526  0.729732  0.103363  0.675875  -0.663978  0.343033  0.664426  -0.163170  -0.933619  0.318953  0.004018  0.004538  0.017695  0.000000  0.000000  0.000000  1.000000  
19.791512 -0.006973  -0.008783  -0.031512  0.729732  0.103363  0.675875  -0.663978  0.343033  0.664426  -0.163170  -0.933619  0.318953  0.003913  0.004596  0.016913  0.000000  0.000000  0.000000  1.000000  
19.792758 -0.006967  -0.008781  -0.031493  0.729732  0.103445  0.675862  -0.663978  0.343114  0.664384  -0.163170  -0.933580  0.319067  0.004034  0.004278  0.016737  0.000000  0.000000  0.000000  1.000000  
19.794005 -0.006962  -0.008778  -0.031468  0.729732  0.103445  0.675862  -0.663978  0.343114  0.664384  -0.163170  -0.933580  0.319067  0.004042  0.004033  0.017056  0.000000  0.000000  0.000000  1.000000  
19.795006 -0.006959  -0.008774  -0.031447  0.729595  0.103516  0.675999  -0.664128  0.343093  0.664245  -0.163170  -0.933580  0.319067  0.003971  0.004034  0.017334  0.000000  0.000000  0.000000  1.000000  
19.796007 -0.006955  -0.008768  -0.031426  0.729595  0.103516  0.675999  -0.664128  0.343093  0.664245  -0.163170  -0.933580  0.319067  0.003925  0.004157  0.017642  0.000000  0.000000  0.000000  1.000000  
19.797254 -0.006949  -0.008760  -0.031394  0.729306  0.103483  0.676317  -0.664414  0.343054  0.663980  -0.163302  -0.933598  0.318946  0.003982  0.004356  0.018309  0.000000  0.000000  0.000000  1.000000  
19.798255 -0.006942  -0.008754  -0.031360  0.729290  0.103308  0.676361  -0.664399  0.343057  0.663992  -0.163434  -0.933616  0.318826  0.004410  0.004785  0.020341  0.000000  0.000000  0.000000  1.000000  
19.799505 -0.006929  -0.008747  -0.031310  0.729153  0.103297  0.676510  -0.664549  0.342955  0.663895  -0.163434  -0.933655  0.318713  0.004828  0.005059  0.021681  0.000000  0.000000  0.000000  1.000000  
19.800505 -0.006917  -0.008741  -0.031277  0.729153  0.103215  0.676523  -0.664549  0.342875  0.663936  -0.163434  -0.933693  0.318600  0.005261  0.005347  0.021781  0.000000  0.000000  0.000000  1.000000  
19.801755 -0.006904  -0.008730  -0.031248  0.729032  0.103378  0.676628  -0.664714  0.342769  0.663826  -0.163302  -0.933714  0.318607  0.005694  0.005754  0.021438  0.000000  0.000000  0.000000  1.000000  
19.802758 -0.006898  -0.008719  -0.031233  0.729032  0.103378  0.676628  -0.664714  0.342769  0.663826  -0.163302  -0.933714  0.318607  0.005852  0.006053  0.021428  0.000000  0.000000  0.000000  1.000000  
19.804008 -0.006893  -0.008704  -0.031210  0.729032  0.103378  0.676628  -0.664714  0.342769  0.663826  -0.163302  -0.933714  0.318607  0.005833  0.006340  0.021909  0.000000  0.000000  0.000000  1.000000  
19.805257 -0.006890  -0.008692  -0.031175  0.729032  0.103460  0.676615  -0.664714  0.342850  0.663784  -0.163302  -0.933675  0.318720  0.005838  0.006485  0.023431  0.000000  0.000000  0.000000  1.000000  
19.806261 -0.006886  -0.008686  -0.031136  0.729032  0.103460  0.676615  -0.664714  0.342850  0.663784  -0.163302  -0.933675  0.318720  0.005901  0.006579  0.025293  0.000000  0.000000  0.000000  1.000000  
19.807279 -0.006881  -0.008682  -0.031089  0.729032  0.103542  0.676603  -0.664714  0.342931  0.663743  -0.163302  -0.933637  0.318833  0.005930  0.006680  0.027603  0.000000  0.000000  0.000000  1.000000  
19.808508 -0.006877  -0.008676  -0.031026  0.729032  0.103624  0.676590  -0.664714  0.343011  0.663701  -0.163302  -0.933598  0.318946  0.005796  0.006957  0.030287  0.000000  0.000000  0.000000  1.000000  
19.809509 -0.006875  -0.008669  -0.030978  0.729169  0.103635  0.676441  -0.664564  0.343113  0.663799  -0.163302  -0.933559  0.319060  0.005650  0.007257  0.032170  0.000000  0.000000  0.000000  1.000000  
19.810757 -0.006876  -0.008655  -0.030932  0.729169  0.103718  0.676428  -0.664564  0.343193  0.663757  -0.163302  -0.933521  0.319173  0.005384  0.007668  0.033460  0.000000  0.000000  0.000000  1.000000  
19.812008 -0.006874  -0.008640  -0.030897  0.729290  0.103555  0.676323  -0.664399  0.343299  0.663868  -0.163434  -0.933500  0.319166  0.005130  0.008163  0.033673  0.000000  0.000000  0.000000  1.000000  
19.813255 -0.006868  -0.008626  -0.030865  0.729426  0.103566  0.676174  -0.664249  0.343401  0.663965  -0.163434  -0.933461  0.319279  0.004857  0.008601  0.032863  0.000000  0.000000  0.000000  1.000000  
19.814255 -0.006863  -0.008617  -0.030837  0.729563  0.103495  0.676037  -0.664099  0.343422  0.664104  -0.163434  -0.933461  0.319279  0.004529  0.008833  0.032075  0.000000  0.000000  0.000000  1.000000  
19.815505 -0.006855  -0.008607  -0.030802  0.729684  0.103414  0.675920  -0.663934  0.343608  0.664173  -0.163566  -0.933402  0.319385  0.004180  0.008952  0.031631  0.000000  0.000000  0.000000  1.000000  
19.816755 -0.006850  -0.008597  -0.030769  0.729957  0.103273  0.675646  -0.663633  0.343650  0.664451  -0.163566  -0.933402  0.319385  0.003532  0.008796  0.032227  0.000000  0.000000  0.000000  1.000000  
19.817755 -0.006848  -0.008591  -0.030741  0.730094  0.103202  0.675509  -0.663483  0.343672  0.664590  -0.163566  -0.933402  0.319385  0.003278  0.008528  0.032818  0.000000  0.000000  0.000000  1.000000  
19.818758 -0.006848  -0.008585  -0.030708  0.730230  0.103131  0.675372  -0.663332  0.343693  0.664729  -0.163566  -0.933402  0.319385  0.003008  0.008058  0.034029  0.000000  0.000000  0.000000  1.000000  
19.820008 -0.006849  -0.008581  -0.030658  0.730503  0.102990  0.675099  -0.663032  0.343735  0.665007  -0.163566  -0.933402  0.319385  0.002726  0.007510  0.035069  0.000000  0.000000  0.000000  1.000000  
19.821257 -0.006848  -0.008579  -0.030601  0.730913  0.102777  0.674688  -0.662580  0.343799  0.665424  -0.163566  -0.933402  0.319385  0.002492  0.007124  0.035648  0.000000  0.000000  0.000000  1.000000  
19.822258 -0.006846  -0.008576  -0.030556  0.731185  0.102717  0.674401  -0.662279  0.343922  0.665660  -0.163566  -0.933363  0.319498  0.002344  0.007062  0.035531  0.000000  0.000000  0.000000  1.000000  
19.823506 -0.006841  -0.008570  -0.030506  0.731594  0.102587  0.673978  -0.661828  0.344066  0.666035  -0.163566  -0.933324  0.319612  0.002399  0.007082  0.034640  0.000000  0.000000  0.000000  1.000000  
19.824756 -0.006838  -0.008558  -0.030468  0.731987  0.102445  0.673573  -0.661361  0.344375  0.666339  -0.163698  -0.933226  0.319831  0.002579  0.007106  0.033266  0.000000  0.000000  0.000000  1.000000  
19.826006 -0.006835  -0.008544  -0.030435  0.732395  0.102314  0.673149  -0.660909  0.344519  0.666713  -0.163698  -0.933187  0.319944  0.002795  0.007128  0.032688  0.000000  0.000000  0.000000  1.000000  
19.827026 -0.006832  -0.008532  -0.030407  0.732787  0.102172  0.672744  -0.660442  0.344827  0.667016  -0.163830  -0.933089  0.320163  0.002778  0.007131  0.032693  -0.015409  0.161978  -0.074458  1.000000  
19.828255 -0.006827  -0.008519  -0.030359  0.733314  0.102039  0.672189  -0.659823  0.345238  0.667416  -0.163962  -0.932952  0.320496  0.002700  0.007069  0.033836  -0.031254  0.187942  -0.083376  1.000000  
19.829504 -0.006821  -0.008510  -0.030299  0.733705  0.101896  0.671784  -0.659356  0.345546  0.667718  -0.164094  -0.932853  0.320715  0.002544  0.006996  0.035562  -0.034569  0.210522  -0.095693  1.000000  
19.830507 -0.006817  -0.008504  -0.030246  0.733960  0.101824  0.671517  -0.659039  0.345834  0.667882  -0.164226  -0.932755  0.320934  0.002484  0.006810  0.037213  -0.044800  0.223703  -0.105171  1.000000  
19.831754 -0.006814  -0.008497  -0.030184  0.734334  0.101587  0.671143  -0.658556  0.346225  0.668156  -0.164490  -0.932635  0.321146  0.002425  0.006691  0.038980  -0.048006  0.243140  -0.125777  1.000000  
19.832755 -0.006813  -0.008491  -0.030138  0.734724  0.101443  0.670738  -0.658088  0.346533  0.668457  -0.164622  -0.932536  0.321365  0.002389  0.006675  0.040375  -0.052704  0.260911  -0.136625  1.000000  
19.834005 -0.006811  -0.008482  -0.030086  0.735114  0.101299  0.670332  -0.657619  0.346841  0.668759  -0.164754  -0.932437  0.321584  0.002569  0.006827  0.040897  -0.057395  0.278658  -0.147467  1.000000  
19.835005 -0.006809  -0.008476  -0.030045  0.735369  0.101226  0.670064  -0.657302  0.347128  0.668922  -0.164886  -0.932339  0.321803  0.002709  0.006984  0.040865  -0.059659  0.292409  -0.157435  1.000000  
19.836007 -0.006804  -0.008470  -0.030005  0.735623  0.101071  0.669809  -0.656984  0.347334  0.669127  -0.165018  -0.932279  0.321909  0.003019  0.007347  0.040437  -0.060942  0.301373  -0.164785  1.000000  
19.837257 -0.006794  -0.008462  -0.029956  0.735995  0.100833  0.669435  -0.656500  0.347725  0.669399  -0.165282  -0.932159  0.322121  0.003453  0.007592  0.040024  -0.061587  0.317798  -0.179960  1.000000  
19.838506 -0.006784  -0.008452  -0.029908  0.736249  0.100759  0.669167  -0.656182  0.348012  0.669561  -0.165414  -0.932060  0.322340  0.003823  0.007826  0.039970  -0.063309  0.328906  -0.188517  1.000000  
19.839511 -0.006776  -0.008443  -0.029864  0.736486  0.100591  0.668932  -0.655850  0.348382  0.669695  -0.165678  -0.931940  0.322551  0.004146  0.007789  0.040889  -0.066705  0.335030  -0.200809  1.000000  
19.840762 -0.006769  -0.008431  -0.029806  0.736723  0.100424  0.668696  -0.655517  0.348752  0.669828  -0.165942  -0.931819  0.322763  0.004435  0.007631  0.042625  -0.068429  0.346438  -0.209568  1.000000  
19.842007 -0.006761  -0.008419  -0.029738  0.736808  0.100235  0.668631  -0.655321  0.349183  0.669795  -0.166338  -0.931678  0.322967  0.004701  0.007526  0.044672  -0.075886  0.339260  -0.220572  1.000000  
19.843256 -0.006752  -0.008408  -0.029661  0.737045  0.100148  0.668383  -0.654988  0.349634  0.669886  -0.166602  -0.931518  0.323291  0.004994  0.007397  0.046524  -0.083483  0.345569  -0.233232  1.000000  
19.844258 -0.006745  -0.008400  -0.029597  0.737281  0.100061  0.668135  -0.654655  0.350084  0.669976  -0.166865  -0.931359  0.323616  0.005200  0.007432  0.047545  -0.090420  0.348944  -0.243985  1.000000  
19.845505 -0.006737  -0.008389  -0.029522  0.737500  0.099961  0.667908  -0.654307  0.350699  0.669995  -0.167261  -0.931138  0.324046  0.005341  0.007689  0.048298  -0.104614  0.349521  -0.252720  1.000000  
19.846505 -0.006731  -0.008379  -0.029469  0.737719  0.099861  0.667681  -0.653958  0.351313  0.670013  -0.167657  -0.930917  0.324475  0.005515  0.007985  0.048447  -0.121718  0.347977  -0.267677  1.000000  
19.847505 -0.006727  -0.008365  -0.029422  0.737803  0.099752  0.667605  -0.653762  0.351825  0.669936  -0.168053  -0.930736  0.324792  0.005828  0.008536  0.048560  -0.133866  0.343509  -0.280488  1.000000  
19.848808 -0.006720  -0.008347  -0.029366  0.738005  0.099639  0.667398  -0.653398  0.352603  0.669882  -0.168580  -0.930453  0.325326  0.006138  0.009138  0.048663  -0.152703  0.343327  -0.299254  1.000000  
19.850005 -0.006712  -0.008330  -0.029303  0.738206  0.099525  0.667193  -0.653034  0.353380  0.669827  -0.169108  -0.930171  0.325861  0.006484  0.009798  0.049673  -0.171836  0.335195  -0.314305  1.000000  
19.851255 -0.006701  -0.008314  -0.029230  0.738407  0.099411  0.666987  -0.652670  0.354157  0.669772  -0.169635  -0.929887  0.326395  0.006704  0.010386  0.051206  -0.193077  0.322832  -0.329028  1.000000  
19.852258 -0.006692  -0.008302  -0.029167  0.738608  0.099135  0.666806  -0.652306  0.354771  0.669802  -0.170163  -0.929683  0.326703  0.006750  0.010726  0.052823  -0.201047  0.316880  -0.345947  1.000000  
19.853505 -0.006681  -0.008286  -0.029085  0.738791  0.098927  0.666635  -0.651927  0.355629  0.669716  -0.170822  -0.929377  0.327229  0.006820  0.011058  0.054837  -0.218232  0.303028  -0.364905  1.000000  
19.854507 -0.006674  -0.008274  -0.029020  0.738990  0.098650  0.666454  -0.651562  0.356243  0.669745  -0.171349  -0.929171  0.327537  0.006820  0.011330  0.056338  -0.225154  0.294552  -0.378542  1.000000  
19.855512 -0.006667  -0.008260  -0.028957  0.739190  0.098454  0.666262  -0.651197  0.356937  0.669730  -0.171876  -0.928926  0.327957  0.006921  0.011589  0.057567  -0.238394  0.282012  -0.393300  1.000000  
19.856758 -0.006657  -0.008243  -0.028883  0.739505  0.098170  0.665954  -0.650664  0.357815  0.669780  -0.172535  -0.928618  0.328482  0.007090  0.011905  0.057949  -0.250671  0.276130  -0.410735  1.000000  
19.857762 -0.006647  -0.008229  -0.028827  0.739704  0.097892  0.665774  -0.650298  0.358427  0.669808  -0.173063  -0.928411  0.328789  0.007223  0.012262  0.057591  -0.255618  0.264921  -0.421037  1.000000  
19.859008 -0.006635  -0.008213  -0.028759  0.740000  0.097595  0.665488  -0.649749  0.359467  0.669783  -0.173853  -0.928040  0.329418  0.007451  0.012683  0.056852  -0.267644  0.257223  -0.442361  1.000000  
19.860259 -0.006624  -0.008197  -0.028691  0.740314  0.097310  0.665181  -0.649215  0.360342  0.669830  -0.174512  -0.927731  0.329942  0.007614  0.013025  0.056286  -0.277450  0.249035  -0.455716  1.000000  
19.861506 -0.006615  -0.008179  -0.028626  0.740725  0.096924  0.664780  -0.648498  0.361564  0.669868  -0.175434  -0.927296  0.330674  0.007741  0.013266  0.056337  -0.298706  0.249794  -0.483064  1.000000  
19.862755 -0.006609  -0.008160  -0.028558  0.741135  0.096456  0.664391  -0.647779  0.362702  0.669947  -0.176356  -0.926900  0.331293  0.007838  0.013465  0.057043  -0.311030  0.244981  -0.506669  1.000000  
19.863755 -0.006604  -0.008144  -0.028498  0.741579  0.096092  0.663948  -0.647091  0.363596  0.670128  -0.177015  -0.926587  0.331816  0.007787  0.013602  0.058026  -0.324526  0.247261  -0.530249  1.000000  
19.864755 -0.006598  -0.008128  -0.028433  0.742004  0.095715  0.663527  -0.646386  0.364651  0.670234  -0.177805  -0.926212  0.332442  0.007775  0.013723  0.058926  -0.338269  0.252366  -0.556094  1.000000  
19.865756 -0.006591  -0.008113  -0.028363  0.742410  0.095243  0.663141  -0.645666  0.365787  0.670310  -0.178726  -0.925812  0.333059  0.007670  0.013848  0.059867  -0.356062  0.255991  -0.586192  1.000000  
19.867004 -0.006583  -0.008093  -0.028276  0.742930  0.094681  0.662640  -0.644775  0.367104  0.670447  -0.179779  -0.925349  0.333780  0.007490  0.014154  0.060573  -0.369505  0.262230  -0.617634  1.000000  
19.868007 -0.006576  -0.008075  -0.028210  0.743351  0.094299  0.662221  -0.644069  0.368156  0.670550  -0.180569  -0.924970  0.334404  0.007255  0.014563  0.060428  -0.386238  0.270917  -0.644375  1.000000  
19.869257 -0.006571  -0.008051  -0.028133  0.743999  0.093737  0.661573  -0.643023  0.369571  0.670775  -0.181622  -0.924462  0.335236  0.006993  0.015094  0.060092  -0.402302  0.284838  -0.673577  1.000000  
19.870258 -0.006567  -0.008030  -0.028078  0.744532  0.093262  0.661041  -0.642146  0.370802  0.670936  -0.182542  -0.924017  0.335962  0.006751  0.015558  0.059620  -0.422670  0.296106  -0.701484  1.000000  
19.871505 -0.006562  -0.008005  -0.028014  0.745138  0.092588  0.660451  -0.641066  0.372456  0.671052  -0.183858  -0.923420  0.336887  0.006414  0.016064  0.058931  -0.445699  0.309042  -0.744243  1.000000  
19.872514 -0.006558  -0.007986  -0.027959  0.745667  0.092189  0.659911  -0.640186  0.373766  0.671164  -0.184778  -0.922930  0.337723  0.006064  0.016467  0.058854  -0.465751  0.322716  -0.778558  1.000000  
19.873758 -0.006553  -0.007965  -0.027885  0.746307  0.091697  0.659256  -0.639135  0.375256  0.671334  -0.185830  -0.922375  0.338662  0.005522  0.016855  0.059225  -0.484964  0.340210  -0.809193  1.000000  
19.875007 -0.006550  -0.007943  -0.027804  0.747037  0.090936  0.658533  -0.637897  0.376922  0.671578  -0.187145  -0.921770  0.339583  0.005091  0.017111  0.060048  -0.498698  0.360933  -0.850549  1.000000  
19.876009 -0.006547  -0.007925  -0.027738  0.747540  0.090436  0.658031  -0.636997  0.378307  0.671653  -0.188196  -0.921252  0.340407  0.004742  0.017467  0.061074  -0.509608  0.376728  -0.885294  1.000000  
19.877255 -0.006547  -0.007902  -0.027657  0.748115  0.089733  0.657474  -0.635893  0.380112  0.671681  -0.189641  -0.920578  0.341428  0.004263  0.017754  0.062015  -0.528218  0.386183  -0.921018  1.000000  
19.878505 -0.006546  -0.007878  -0.027577  0.748797  0.088775  0.656827  -0.634617  0.381930  0.671856  -0.191218  -0.919918  0.342326  0.003892  0.018058  0.062448  -0.538857  0.410526  -0.971985  1.000000  
19.879755 -0.006545  -0.007851  -0.027500  0.749345  0.087972  0.656310  -0.633493  0.383808  0.671847  -0.192793  -0.919213  0.343334  0.003517  0.018426  0.062210  -0.552495  0.422134  -1.013659  1.000000  
19.881005 -0.006543  -0.007825  -0.027424  0.750020  0.087165  0.655647  -0.632212  0.385782  0.671923  -0.194369  -0.918463  0.344451  0.003070  0.019034  0.061326  -0.569855  0.440719  -1.059438  1.000000  
19.882006 -0.006542  -0.007802  -0.027368  0.750470  0.086543  0.655214  -0.631271  0.387396  0.671879  -0.195681  -0.917842  0.345361  0.002703  0.019454  0.060407  -0.588267  0.451348  -1.090449  1.000000  
19.883260 -0.006541  -0.007771  -0.027298  0.751117  0.085635  0.654591  -0.629969  0.389443  0.671917  -0.197386  -0.917061  0.346465  0.002287  0.020029  0.059918  -0.606785  0.468074  -1.137640  1.000000  
19.884505 -0.006543  -0.007741  -0.027228  0.751889  0.084801  0.653813  -0.628510  0.391667  0.671991  -0.199091  -0.916191  0.347788  0.001725  0.020342  0.059444  -0.633742  0.487242  -1.180442  1.000000  
19.885505 -0.006546  -0.007715  -0.027169  0.752310  0.084155  0.653412  -0.627548  0.393432  0.671859  -0.200533  -0.915494  0.348795  0.001299  0.020646  0.059923  -0.653400  0.494405  -1.217275  1.000000  
19.886754 -0.006550  -0.007684  -0.027087  0.752923  0.083299  0.652815  -0.626222  0.395709  0.671759  -0.202368  -0.914590  0.350103  0.000731  0.021082  0.060933  -0.679404  0.504269  -1.264609  1.000000  
19.888011 -0.006553  -0.007654  -0.026998  0.753553  0.082612  0.652176  -0.624910  0.397986  0.671636  -0.204071  -0.913664  0.351528  0.000126  0.021648  0.062178  -0.711206  0.521249  -1.314498  1.000000  
19.889014 -0.006557  -0.007630  -0.026924  0.754092  0.081954  0.651635  -0.623787  0.399841  0.671578  -0.205512  -0.912913  0.352639  -0.000391  0.022112  0.062959  -0.734637  0.529505  -1.347019  1.000000  
19.890259 -0.006562  -0.007598  -0.026833  0.754564  0.081405  0.651158  -0.622609  0.402333  0.671183  -0.207345  -0.911867  0.354270  -0.000885  0.022821  0.063608  -0.770221  0.532492  -1.392724  1.000000  
19.891260 -0.006566  -0.007571  -0.026764  0.755096  0.080819  0.650614  -0.621482  0.404263  0.671068  -0.208784  -0.911065  0.355485  -0.001310  0.023389  0.063814  -0.793708  0.542125  -1.421509  1.000000  
19.892507 -0.006571  -0.007535  -0.026685  0.755538  0.080169  0.650182  -0.620281  0.406825  0.670630  -0.210746  -0.909981  0.357099  -0.001675  0.024227  0.063751  -0.830320  0.540062  -1.460615  1.000000  
19.893755 -0.006575  -0.007498  -0.026611  0.756080  0.079337  0.649653  -0.618905  0.409475  0.670289  -0.212839  -0.908865  0.358698  -0.001925  0.025068  0.063408  -0.862509  0.535139  -1.502204  1.000000  
19.894756 -0.006577  -0.007468  -0.026551  0.756578  0.078724  0.649147  -0.617753  0.411553  0.670078  -0.214407  -0.907979  0.360004  -0.002160  0.025681  0.063276  -0.891358  0.537472  -1.534430  1.000000  
19.896011 -0.006579  -0.007432  -0.026473  0.757110  0.077962  0.648619  -0.616371  0.414275  0.669674  -0.216498  -0.906807  0.361705  -0.002490  0.026259  0.063509  -0.927595  0.534798  -1.573376  1.000000  
19.897254 -0.006584  -0.007396  -0.026391  0.757613  0.077022  0.648144  -0.614968  0.416986  0.669281  -0.218718  -0.905644  0.363280  -0.002857  0.026748  0.064324  -0.950801  0.531035  -1.610350  1.000000  
19.898255 -0.006588  -0.007367  -0.026322  0.758052  0.076288  0.647717  -0.613772  0.419285  0.668942  -0.220545  -0.904644  0.364663  -0.003140  0.026965  0.065077  -0.982104  0.523299  -1.649610  1.000000  
19.899255 -0.006593  -0.007339  -0.026252  0.758487  0.075473  0.647303  -0.612575  0.421498  0.668649  -0.222372  -0.903683  0.365934  -0.003375  0.027236  0.066182  -1.004291  0.519898  -1.685067  1.000000  
19.900258 -0.006598  -0.007310  -0.026182  0.758917  0.074733  0.646884  -0.611375  0.423788  0.668299  -0.224198  -0.902673  0.367310  -0.003554  0.027487  0.066863  -1.031162  0.513362  -1.720391  1.000000  
19.901505 -0.006605  -0.007274  -0.026095  0.759649  0.073679  0.646146  -0.609647  0.426589  0.668096  -0.226414  -0.901439  0.368977  -0.003767  0.027799  0.067243  -1.055727  0.516931  -1.754129  1.000000  
19.902507 -0.006609  -0.007245  -0.026024  0.760045  0.072915  0.645766  -0.608423  0.429026  0.667651  -0.228368  -0.900345  0.370442  -0.003849  0.028087  0.067263  -1.081179  0.507613  -1.790792  1.000000  
19.903755 -0.006615  -0.007209  -0.025939  0.760590  0.071907  0.645238  -0.606807  0.432111  0.667133  -0.230842  -0.898949  0.372293  -0.003972  0.028413  0.066910  -1.116573  0.498783  -1.841875  1.000000  
19.904755 -0.006619  -0.007179  -0.025875  0.761051  0.071015  0.644793  -0.605381  0.434862  0.666640  -0.233055  -0.897693  0.373943  -0.003998  0.028782  0.066297  -1.152163  0.493556  -1.884663  1.000000  
19.905762 -0.006623  -0.007147  -0.025812  0.761505  0.070039  0.644363  -0.603953  0.437526  0.666192  -0.235266  -0.896474  0.375479  -0.003916  0.029148  0.065665  -1.184004  0.482670  -1.930091  1.000000  
19.907009 -0.006628  -0.007106  -0.025734  0.762126  0.068987  0.643742  -0.602149  0.440839  0.665641  -0.237866  -0.894931  0.377515  -0.003925  0.029549  0.065455  -1.221937  0.482498  -1.975835  1.000000  
19.908010 -0.006631  -0.007074  -0.025670  0.762617  0.068267  0.643238  -0.600753  0.443422  0.665186  -0.239815  -0.893710  0.379172  -0.003923  0.029725  0.065781  -1.257667  0.483449  -2.002165  1.000000  
19.909260 -0.006634  -0.007034  -0.025582  0.763319  0.067094  0.642529  -0.598764  0.446886  0.664662  -0.242542  -0.892071  0.381290  -0.003971  0.029874  0.066667  -1.299374  0.482802  -2.047937  1.000000  
19.910505 -0.006639  -0.006995  -0.025488  0.764113  0.066210  0.641676  -0.596850  0.449965  0.664305  -0.244748  -0.890588  0.383342  -0.004079  0.030034  0.067832  -1.333516  0.487168  -2.081628  1.000000  
19.911755 -0.006643  -0.006957  -0.025393  0.764672  0.065191  0.641114  -0.595008  0.453476  0.663569  -0.247471  -0.888881  0.385550  -0.004141  0.030202  0.068780  -1.375079  0.487596  -2.123453  1.000000  
19.913005 -0.006649  -0.006919  -0.025299  0.765369  0.064164  0.640385  -0.593025  0.456917  0.662984  -0.250063  -0.887192  0.387761  -0.004121  0.030415  0.069399  -1.416818  0.489603  -2.161395  1.000000  
19.914255 -0.006655  -0.006881  -0.025212  0.765854  0.063020  0.639919  -0.591133  0.460632  0.662102  -0.253042  -0.885351  0.390030  -0.004141  0.030552  0.069304  -1.456722  0.473199  -2.205965  1.000000  
19.915255 -0.006660  -0.006850  -0.025149  0.766192  0.061970  0.639616  -0.589634  0.463540  0.661409  -0.255500  -0.883906  0.391700  -0.004115  0.030666  0.068921  -1.482049  0.467040  -2.237106  1.000000  
19.916256 -0.006665  -0.006819  -0.025086  0.766551  0.061164  0.639264  -0.588153  0.466528  0.660626  -0.257828  -0.882389  0.393592  -0.004062  0.030804  0.068436  -1.512694  0.462692  -2.271619  1.000000  
19.917504 -0.006670  -0.006782  -0.025008  0.767219  0.059716  0.638599  -0.585910  0.470308  0.659939  -0.260929  -0.880480  0.395817  -0.004038  0.030867  0.067754  -1.547588  0.462720  -2.328001  1.000000  
19.918507 -0.006674  -0.006752  -0.024945  0.767652  0.058632  0.638179  -0.584242  0.473281  0.659292  -0.263383  -0.878958  0.397571  -0.003944  0.030976  0.067399  -1.576551  0.458832  -2.371806  1.000000  
19.919755 -0.006679  -0.006715  -0.024865  0.768176  0.057343  0.637666  -0.582147  0.477104  0.658390  -0.266479  -0.876974  0.399881  -0.003960  0.030907  0.067356  -1.602371  0.449272  -2.420739  1.000000  
19.920757 -0.006683  -0.006685  -0.024800  0.768590  0.056325  0.637257  -0.580471  0.480138  0.657664  -0.268928  -0.875383  0.401724  -0.003991  0.030817  0.067499  -1.627057  0.448472  -2.462024  1.000000  
19.922008 -0.006688  -0.006647  -0.024716  0.769179  0.054983  0.636663  -0.578185  0.484176  0.656716  -0.272149  -0.873241  0.404209  -0.004006  0.030618  0.067877  -1.665007  0.448328  -2.513965  1.000000  
19.923009 -0.006692  -0.006617  -0.024647  0.769486  0.053750  0.636398  -0.576435  0.487478  0.655811  -0.274980  -0.871479  0.406091  -0.004098  0.030458  0.068211  -1.688201  0.445321  -2.569688  1.000000  
19.924020 -0.006696  -0.006587  -0.024575  0.769960  0.052676  0.635914  -0.574566  0.490721  0.655032  -0.277552  -0.869723  0.408102  -0.004199  0.030315  0.068247  -1.715920  0.444969  -2.606161  1.000000  
19.925258 -0.006702  -0.006549  -0.024487  0.770450  0.051202  0.635441  -0.572219  0.494935  0.653915  -0.281021  -0.867420  0.410621  -0.004265  0.030288  0.067867  -1.754362  0.442074  -2.663923  1.000000  
19.926506 -0.006707  -0.006510  -0.024402  0.770953  0.049812  0.634941  -0.569888  0.499063  0.652812  -0.284357  -0.865133  0.413141  -0.004353  0.030292  0.067153  -1.788159  0.440360  -2.716792  1.000000  
19.927507 -0.006712  -0.006479  -0.024339  0.771361  0.048701  0.634532  -0.567983  0.502415  0.651900  -0.287050  -0.863254  0.415205  -0.004348  0.030311  0.066315  -1.820080  0.439278  -2.754244  1.000000  
19.928755 -0.006719  -0.006441  -0.024262  0.772068  0.047242  0.633782  -0.565323  0.506689  0.650904  -0.290381  -0.860834  0.417905  -0.004408  0.030336  0.065669  -1.857372  0.448321  -2.799982  1.000000  
19.929755 -0.006725  -0.006410  -0.024202  0.772536  0.045996  0.633303  -0.563227  0.510172  0.650000  -0.293196  -0.858842  0.420032  -0.004480  0.030372  0.065205  -1.893946  0.447147  -2.850347  1.000000  
19.930755 -0.006731  -0.006378  -0.024140  0.772845  0.044832  0.633010  -0.561261  0.513778  0.648859  -0.296137  -0.856751  0.422234  -0.004581  0.030437  0.065183  -1.929260  0.441108  -2.895880  1.000000  
19.931756 -0.006737  -0.006347  -0.024074  0.773141  0.043664  0.632729  -0.559292  0.517372  0.647703  -0.299075  -0.854646  0.424422  -0.004638  0.030555  0.065398  -1.966361  0.428753  -2.938728  1.000000  
19.933004 -0.006743  -0.006308  -0.023990  0.773573  0.042074  0.632309  -0.556698  0.521848  0.646345  -0.302775  -0.852000  0.427110  -0.004778  0.030575  0.065792  -1.998913  0.427970  -2.984273  1.000000  
19.934005 -0.006749  -0.006277  -0.023920  0.773989  0.040878  0.631878  -0.554583  0.525353  0.645324  -0.305579  -0.849902  0.429288  -0.004877  0.030679  0.066226  -2.029711  0.422651  -3.025052  1.000000  
19.935006 -0.006754  -0.006246  -0.023851  0.774246  0.039769  0.631634  -0.552599  0.528980  0.644061  -0.308508  -0.847702  0.431537  -0.004974  0.030785  0.066600  -2.058131  0.416286  -3.051704  1.000000  
19.936012 -0.006759  -0.006214  -0.023785  0.774525  0.038747  0.631355  -0.550635  0.532528  0.642818  -0.311307  -0.845525  0.433792  -0.005021  0.030893  0.066525  -2.090563  0.408070  -3.081949  1.000000  
19.937258 -0.006765  -0.006174  -0.023707  0.774710  0.037284  0.631217  -0.548129  0.537287  0.640998  -0.315246  -0.842575  0.436677  -0.005036  0.031056  0.066073  -2.129508  0.389460  -3.129515  1.000000  
19.938509 -0.006769  -0.006134  -0.023632  0.774761  0.035773  0.631242  -0.545775  0.541858  0.639155  -0.319179  -0.839708  0.439335  -0.005035  0.031158  0.065140  -2.167304  0.360478  -3.181701  1.000000  
19.939516 -0.006773  -0.006103  -0.023573  0.774928  0.034553  0.631105  -0.543747  0.545486  0.637796  -0.322221  -0.837407  0.441500  -0.004960  0.031219  0.064293  -2.196505  0.339433  -3.219936  1.000000  
19.940762 -0.006778  -0.006064  -0.023501  0.775166  0.032962  0.630897  -0.541061  0.550184  0.636043  -0.326144  -0.834393  0.444318  -0.004914  0.031326  0.063363  -2.236041  0.315617  -3.275249  1.000000  
19.942008 -0.006782  -0.006025  -0.023428  0.775308  0.031722  0.630786  -0.538553  0.554941  0.634036  -0.329936  -0.831285  0.447334  -0.004871  0.031357  0.062828  -2.279488  0.294692  -3.322254  1.000000  
19.943256 -0.006788  -0.005985  -0.023352  0.775430  0.030476  0.630698  -0.536039  0.559672  0.632004  -0.333723  -0.828154  0.450323  -0.004773  0.031423  0.062748  -2.320575  0.269171  -3.362002  1.000000  
19.944505 -0.006793  -0.005946  -0.023272  0.775605  0.028942  0.630555  -0.533333  0.564371  0.630113  -0.337630  -0.825014  0.453164  -0.004665  0.031424  0.063040  -2.357025  0.259456  -3.399233  1.000000  
19.945562 -0.006798  -0.005914  -0.023207  0.775802  0.027737  0.630366  -0.531119  0.568063  0.628662  -0.340651  -0.822517  0.455436  -0.004511  0.031325  0.062996  -2.377996  0.253649  -3.425720  1.000000  
19.946754 -0.006803  -0.005875  -0.023124  0.775899  0.026330  0.630307  -0.528375  0.573004  0.626486  -0.344673  -0.819129  0.458506  -0.004405  0.031459  0.063393  -2.419030  0.241625  -3.470278  1.000000  
19.948006 -0.006807  -0.005834  -0.023040  0.776120  0.024890  0.630094  -0.525491  0.577861  0.624449  -0.348564  -0.815756  0.461569  -0.004250  0.031554  0.063151  -2.473371  0.221571  -3.511919  1.000000  
19.949258 -0.006810  -0.005793  -0.022960  0.776288  0.023819  0.629928  -0.522813  0.582637  0.622255  -0.352198  -0.812383  0.464747  -0.003998  0.031781  0.062788  -2.519091  0.207544  -3.536935  1.000000  
19.950505 -0.006814  -0.005749  -0.022885  0.776318  0.022320  0.629947  -0.520049  0.587417  0.620072  -0.356202  -0.808976  0.467630  -0.003843  0.032098  0.062185  -2.557323  0.187502  -3.575367  1.000000  
19.951755 -0.006817  -0.005705  -0.022811  0.776297  0.021346  0.630005  -0.517493  0.592270  0.617591  -0.359950  -0.805457  0.470824  -0.003626  0.032354  0.061773  -2.603685  0.160623  -3.595168  1.000000  
19.952756 -0.006819  -0.005670  -0.022751  0.776460  0.020206  0.629843  -0.515065  0.596200  0.615836  -0.363068  -0.802582  0.473333  -0.003478  0.032552  0.061727  -2.630808  0.157605  -3.615770  1.000000  
19.953756 -0.006822  -0.005637  -0.022690  0.776395  0.019308  0.629951  -0.512953  0.600102  0.613805  -0.366183  -0.799690  0.475821  -0.003429  0.032688  0.061863  -2.665290  0.135724  -3.630783  1.000000  
19.955005 -0.006825  -0.005596  -0.022611  0.776677  0.017889  0.629645  -0.509929  0.604683  0.611825  -0.369791  -0.796265  0.478766  -0.003328  0.032814  0.062263  -2.692665  0.130066  -3.651769  1.000000  
19.956015 -0.006828  -0.005563  -0.022546  0.776727  0.016720  0.629616  -0.507677  0.608267  0.610144  -0.372773  -0.793556  0.480946  -0.003338  0.032847  0.062736  -2.718009  0.117309  -3.664949  1.000000  
19.957264 -0.006833  -0.005523  -0.022464  0.776676  0.015592  0.629708  -0.504910  0.613128  0.607569  -0.376618  -0.789830  0.484074  -0.003309  0.032973  0.063346  -2.757709  0.094583  -3.687399  1.000000  
19.958508 -0.006836  -0.005484  -0.022382  0.776998  0.014409  0.629339  -0.501712  0.618000  0.605278  -0.380210  -0.786046  0.487413  -0.003130  0.032953  0.063611  -2.799559  0.081086  -3.705260  1.000000  
19.959508 -0.006839  -0.005451  -0.022318  0.776998  0.013534  0.629358  -0.499449  0.621812  0.603242  -0.383178  -0.783050  0.489906  -0.002978  0.033025  0.063563  -2.830435  0.062123  -3.712349  1.000000  
19.960758 -0.006842  -0.005410  -0.022240  0.776971  0.012570  0.629411  -0.496723  0.626473  0.600664  -0.386759  -0.779341  0.492995  -0.002885  0.033050  0.063257  -2.859682  0.043411  -3.711059  1.000000  
19.962005 -0.006845  -0.005370  -0.022164  0.777069  0.011714  0.629306  -0.493861  0.631198  0.598072  -0.390211  -0.775534  0.496269  -0.002739  0.033155  0.062809  -2.901394  0.036084  -3.717038  1.000000  
19.963256 -0.006847  -0.005328  -0.022089  0.777046  0.010830  0.629351  -0.491156  0.635745  0.595478  -0.393658  -0.771823  0.499322  -0.002584  0.033175  0.062249  -2.934883  0.019800  -3.711786  1.000000  
19.964505 -0.006848  -0.005287  -0.022014  0.776958  0.009933  0.629475  -0.488418  0.640390  0.592746  -0.397222  -0.767985  0.502408  -0.002489  0.033068  0.062048  -2.961509  0.005684  -3.712804  1.000000  
19.965505 -0.006851  -0.005254  -0.021952  0.776967  0.009220  0.629474  -0.486195  0.643977  0.590684  -0.399921  -0.764989  0.504832  -0.002464  0.033000  0.062218  -2.982236  -0.003845  -3.715469  1.000000  
19.966755 -0.006854  -0.005211  -0.021872  0.776689  0.008901  0.629821  -0.483799  0.648725  0.587447  -0.403352  -0.760971  0.508164  -0.002478  0.032893  0.062650  -3.028150  -0.030330  -3.699509  1.000000  
19.967755 -0.006857  -0.005178  -0.021805  0.776419  0.008826  0.630155  -0.482079  0.652353  0.584837  -0.405922  -0.757864  0.510755  -0.002529  0.032786  0.063080  -3.062792  -0.041796  -3.680506  1.000000  
19.968755 -0.006860  -0.005147  -0.021736  0.776390  0.008262  0.630198  -0.479850  0.656021  0.582564  -0.408610  -0.754697  0.513293  -0.002560  0.032675  0.063616  -3.085881  -0.047973  -3.674460  1.000000  
19.970005 -0.006865  -0.005106  -0.021649  0.776405  0.007627  0.630188  -0.477212  0.660253  0.579944  -0.411661  -0.751005  0.516263  -0.002621  0.032618  0.064082  -3.113239  -0.047258  -3.653686  1.000000  
19.971005 -0.006867  -0.005074  -0.021582  0.776251  0.007272  0.630382  -0.475138  0.663947  0.577424  -0.414341  -0.747744  0.518844  -0.002595  0.032642  0.064287  -3.137649  -0.064377  -3.640500  1.000000  
19.972009 -0.006871  -0.005042  -0.021517  0.776133  0.007002  0.630531  -0.473091  0.667569  0.574923  -0.416897  -0.744515  0.521435  -0.002610  0.032604  0.064197  -3.167778  -0.069509  -3.639178  1.000000  
19.973255 -0.006876  -0.005003  -0.021439  0.776151  0.006597  0.630513  -0.470258  0.672197  0.571847  -0.420057  -0.740343  0.524829  -0.002707  0.032572  0.063962  -3.194147  -0.068381  -3.620635  1.000000  
19.974256 -0.006879  -0.004971  -0.021379  0.776007  0.006249  0.630693  -0.468207  0.675706  0.569389  -0.422605  -0.737145  0.527278  -0.002698  0.032503  0.063751  -3.222379  -0.079044  -3.600889  1.000000  
19.975507 -0.006882  -0.004932  -0.021303  0.776088  0.005469  0.630601  -0.465210  0.680072  0.566641  -0.425755  -0.733125  0.530340  -0.002696  0.032452  0.063558  -3.249468  -0.079621  -3.596963  1.000000  
19.976755 -0.006886  -0.004894  -0.021225  0.776152  0.004917  0.630527  -0.462429  0.684239  0.563894  -0.428658  -0.729241  0.533347  -0.002750  0.032247  0.063666  -3.256063  -0.079125  -3.558160  1.000000  
19.977758 -0.006888  -0.004864  -0.021161  0.776067  0.004810  0.630632  -0.460433  0.687650  0.561373  -0.430954  -0.726026  0.535877  -0.002833  0.032065  0.063931  -3.277836  -0.085981  -3.530504  1.000000  
19.979006 -0.006892  -0.004827  -0.021081  0.776145  0.004102  0.630541  -0.457459  0.691884  0.558594  -0.433970  -0.721997  0.538879  -0.002948  0.031811  0.064230  -3.286560  -0.085628  -3.520881  1.000000  
19.980008 -0.006895  -0.004799  -0.021014  0.776131  0.003926  0.630559  -0.455301  0.695322  0.556083  -0.436259  -0.718688  0.541448  -0.003054  0.031393  0.064627  -3.309232  -0.087001  -3.496252  1.000000  
19.981256 -0.006900  -0.004764  -0.020933  0.776039  0.003659  0.630674  -0.452674  0.699520  0.552954  -0.439146  -0.714604  0.544511  -0.003168  0.030965  0.064767  -3.324120  -0.084498  -3.471455  1.000000  
19.982504 -0.006905  -0.004729  -0.020852  0.775931  0.003390  0.630808  -0.450046  0.703689  0.549801  -0.442029  -0.710500  0.547540  -0.003275  0.030521  0.064685  -3.337798  -0.089155  -3.444430  1.000000  
19.983505 -0.006910  -0.004703  -0.020789  0.775645  0.003342  0.631161  -0.448174  0.707040  0.547024  -0.444427  -0.707166  0.549909  -0.003398  0.030110  0.064314  -3.357823  -0.103007  -3.416945  1.000000  
19.984505 -0.006914  -0.004676  -0.020728  0.775544  0.003390  0.631285  -0.446201  0.710344  0.544350  -0.446584  -0.703847  0.552415  -0.003408  0.029757  0.063745  -3.383339  -0.112188  -3.384804  1.000000  
19.985506 -0.006919  -0.004649  -0.020667  0.775525  0.003214  0.631309  -0.444067  0.713564  0.541877  -0.448737  -0.700583  0.554814  -0.003524  0.029350  0.063161  -3.398676  -0.117102  -3.366821  1.000000  
19.986757 -0.006925  -0.004617  -0.020593  0.775325  0.003174  0.631554  -0.441624  0.717586  0.538552  -0.451485  -0.696463  0.557764  -0.003692  0.028856  0.062672  -3.422711  -0.123618  -3.334680  1.000000  
19.988007 -0.006933  -0.004585  -0.020519  0.775164  0.003138  0.631753  -0.439210  0.721468  0.535329  -0.454110  -0.692440  0.560634  -0.003859  0.028342  0.062360  -3.430066  -0.135899  -3.290094  1.000000  
19.989017 -0.006938  -0.004560  -0.020457  0.774968  0.003182  0.631992  -0.437205  0.724799  0.532464  -0.456373  -0.688953  0.563088  -0.004055  0.027849  0.062417  -3.449178  -0.154407  -3.258083  1.000000  
19.990261 -0.006945  -0.004531  -0.020377  0.774781  0.003378  0.632220  -0.434789  0.728824  0.528937  -0.458990  -0.684693  0.566148  -0.004254  0.027180  0.062754  -3.470864  -0.160704  -3.226681  1.000000  
19.991527 -0.006951  -0.004503  -0.020294  0.774473  0.003186  0.632599  -0.432313  0.732716  0.525579  -0.461841  -0.680527  0.568846  -0.004445  0.026465  0.062979  -3.473904  -0.174182  -3.204073  1.000000  
19.992758 -0.006958  -0.004477  -0.020211  0.774238  0.002844  0.632888  -0.429677  0.736579  0.522331  -0.464687  -0.676346  0.571509  -0.004748  0.025747  0.063292  -3.481224  -0.187660  -3.185308  1.000000  
19.994007 -0.006966  -0.004452  -0.020132  0.774008  0.002814  0.633169  -0.427259  0.740325  0.519007  -0.467291  -0.672243  0.574220  -0.005009  0.024962  0.063148  -3.486637  -0.192695  -3.153779  1.000000  
19.995258 -0.006974  -0.004428  -0.020054  0.773709  0.002630  0.633535  -0.424811  0.744025  0.515716  -0.470010  -0.668147  0.576776  -0.005186  0.024151  0.062876  -3.491864  -0.202438  -3.129283  1.000000  
19.996505 -0.006982  -0.004407  -0.019979  0.773341  0.002293  0.633986  -0.422332  0.747677  0.512460  -0.472842  -0.664059  0.579177  -0.005404  0.023264  0.062503  -3.470977  -0.205409  -3.116170  1.000000  
19.997505 -0.006990  -0.004391  -0.019920  0.773064  0.002196  0.634325  -0.420323  0.750718  0.509657  -0.475080  -0.660619  0.581276  -0.005645  0.022467  0.062111  -3.464340  -0.205277  -3.114339  1.000000  
19.998755 -0.007000  -0.004373  -0.019846  0.772694  0.002252  0.634775  -0.418064  0.754296  0.506221  -0.477668  -0.656530  0.583782  -0.005969  0.021448  0.061861  -3.462779  -0.220153  -3.085923  1.000000  
