1-Time 2-Px 3-Py 4-Pz 5-R11 6-R21 7-R31 8-R12 9-R22 10-R32 11-R13 12-R23 13-R33 14-Vx 15-Vy 16-Vz 17-Wx 18-Wy 19-Wz 20-state
168.985435 0.008285  -0.008323  -0.000192  0.686478  0.713542  0.140020  -0.726936  0.678109  0.108316  -0.017661  -0.176142  0.984206  0.002004  0.001623  0.000305  0.000000  0.000000  0.000000  1.000000  
168.986466 0.008287  -0.008322  -0.000191  0.686478  0.713542  0.140020  -0.726936  0.678109  0.108316  -0.017661  -0.176142  0.984206  0.001991  0.000567  0.001048  0.000000  0.000000  0.000000  1.000000  
168.987475 0.008287  -0.008319  -0.000190  0.686478  0.713542  0.140020  -0.726936  0.678109  0.108316  -0.017661  -0.176142  0.984206  0.000893  0.001876  0.001101  0.000000  0.000000  0.000000  1.000000  
168.988477 0.008286  -0.008315  -0.000190  0.686478  0.713542  0.140020  -0.726936  0.678109  0.108316  -0.017661  -0.176142  0.984206  0.000184  0.002685  0.000833  0.000000  0.000000  0.000000  1.000000  
168.989728 0.008284  -0.008312  -0.000188  0.686329  0.713681  0.140042  -0.727077  0.677962  0.108287  -0.017661  -0.176142  0.984206  -0.000265  0.002752  0.000960  0.000000  0.000000  0.000000  1.000000  
168.990961 0.008284  -0.008308  -0.000187  0.686329  0.713681  0.140042  -0.727077  0.677962  0.108287  -0.017661  -0.176142  0.984206  -0.000177  0.002830  0.001027  0.000000  0.000000  0.000000  1.000000  
168.991982 0.008283  -0.008305  -0.000184  0.686179  0.713821  0.140064  -0.727218  0.677815  0.108258  -0.017661  -0.176142  0.984206  -0.000325  0.002868  0.001233  0.000000  0.000000  0.000000  1.000000  
168.993213 0.008280  -0.008299  -0.000184  0.686179  0.713821  0.140064  -0.727218  0.677815  0.108258  -0.017661  -0.176142  0.984206  -0.000727  0.003147  0.001133  0.000000  0.000000  0.000000  1.000000  
168.994231 0.008276  -0.008295  -0.000183  0.686029  0.713961  0.140086  -0.727360  0.677668  0.108230  -0.017661  -0.176142  0.984206  -0.001044  0.003319  0.001043  0.000000  0.000000  0.000000  1.000000  
168.995464 0.008273  -0.008288  -0.000182  0.686029  0.713961  0.140086  -0.727360  0.677668  0.108230  -0.017661  -0.176142  0.984206  -0.001258  0.003573  0.001029  0.000000  0.000000  0.000000  1.000000  
168.996481 0.008271  -0.008283  -0.000180  0.685879  0.714100  0.140109  -0.727501  0.677521  0.108201  -0.017661  -0.176142  0.984206  -0.001346  0.003730  0.001112  0.000000  0.000000  0.000000  1.000000  
168.997733 0.008268  -0.008276  -0.000179  0.685881  0.714116  0.140018  -0.727503  0.677504  0.108297  -0.017527  -0.176142  0.984209  -0.001426  0.003905  0.001124  0.000000  0.000000  0.000000  1.000000  
168.998984 0.008266  -0.008268  -0.000177  0.685731  0.714239  0.140127  -0.727644  0.677344  0.108350  -0.017527  -0.176262  0.984187  -0.001488  0.004119  0.001162  0.000000  0.000000  0.000000  1.000000  
169.000221 0.008262  -0.008261  -0.000176  0.685731  0.714239  0.140127  -0.727644  0.677344  0.108350  -0.017527  -0.176262  0.984187  -0.001642  0.004272  0.001143  0.000000  0.000000  0.000000  1.000000  
169.001274 0.008258  -0.008253  -0.000174  0.685582  0.714378  0.140150  -0.727785  0.677197  0.108321  -0.017527  -0.176262  0.984187  -0.001930  0.004659  0.001170  0.000000  0.000000  0.000000  1.000000  
169.002466 0.008255  -0.008244  -0.000173  0.685582  0.714378  0.140150  -0.727785  0.677197  0.108321  -0.017527  -0.176262  0.984187  -0.002146  0.005058  0.001128  0.000000  0.000000  0.000000  1.000000  
169.003712 0.008251  -0.008234  -0.000172  0.685430  0.714518  0.140176  -0.727924  0.677080  0.108114  -0.017661  -0.176142  0.984206  -0.002279  0.005399  0.001205  0.000000  0.000000  0.000000  1.000000  
169.004712 0.008248  -0.008226  -0.000170  0.685430  0.714518  0.140176  -0.727924  0.677080  0.108114  -0.017661  -0.176142  0.984206  -0.002396  0.005722  0.001230  0.000000  0.000000  0.000000  1.000000  
169.005712 0.008246  -0.008218  -0.000168  0.685430  0.714518  0.140176  -0.727924  0.677080  0.108114  -0.017661  -0.176142  0.984206  -0.002559  0.006095  0.001254  0.000000  0.000000  0.000000  1.000000  
169.006965 0.008242  -0.008207  -0.000168  0.685430  0.714518  0.140176  -0.727924  0.677080  0.108114  -0.017661  -0.176142  0.984206  -0.002767  0.006519  0.001122  0.000000  0.000000  0.000000  1.000000  
169.007968 0.008239  -0.008198  -0.000166  0.685430  0.714518  0.140176  -0.727924  0.677080  0.108114  -0.017661  -0.176142  0.984206  -0.002736  0.006875  0.001216  0.000000  0.000000  0.000000  1.000000  
169.009212 0.008236  -0.008186  -0.000164  0.685428  0.714502  0.140266  -0.727923  0.677097  0.108018  -0.017794  -0.176142  0.984204  -0.002694  0.007233  0.001272  0.000000  0.000000  0.000000  1.000000  
169.010214 0.008235  -0.008177  -0.000163  0.685428  0.714502  0.140266  -0.727923  0.677097  0.108018  -0.017794  -0.176142  0.984204  -0.002599  0.007534  0.001316  0.000000  0.000000  0.000000  1.000000  
169.011467 0.008232  -0.008165  -0.000159  0.685428  0.714485  0.140353  -0.727923  0.677084  0.108100  -0.017794  -0.176261  0.984183  -0.002576  0.007830  0.001396  0.000000  0.000000  0.000000  1.000000  
169.012728 0.008230  -0.008153  -0.000155  0.685578  0.714346  0.140330  -0.727781  0.677231  0.108129  -0.017794  -0.176261  0.984183  -0.002562  0.008205  0.001548  0.000000  0.000000  0.000000  1.000000  
169.013969 0.008227  -0.008141  -0.000152  0.685580  0.714362  0.140240  -0.727783  0.677214  0.108225  -0.017661  -0.176261  0.984185  -0.002602  0.008515  0.001652  0.000000  0.000000  0.000000  1.000000  
169.014971 0.008224  -0.008130  -0.000151  0.685580  0.714362  0.140240  -0.727783  0.677214  0.108225  -0.017661  -0.176261  0.984185  -0.002553  0.008889  0.001701  0.000000  0.000000  0.000000  1.000000  
169.015975 0.008221  -0.008120  -0.000149  0.685730  0.714222  0.140218  -0.727642  0.677361  0.108254  -0.017661  -0.176261  0.984185  -0.002523  0.009080  0.001679  0.000000  0.000000  0.000000  1.000000  
169.017219 0.008219  -0.008105  -0.000147  0.685730  0.714222  0.140218  -0.727642  0.677361  0.108254  -0.017661  -0.176261  0.984185  -0.002438  0.009367  0.001775  0.000000  0.000000  0.000000  1.000000  
169.018465 0.008214  -0.008092  -0.000145  0.685730  0.714222  0.140218  -0.727642  0.677361  0.108254  -0.017661  -0.176261  0.984185  -0.002479  0.009611  0.001853  0.000000  0.000000  0.000000  1.000000  
169.019714 0.008210  -0.008079  -0.000143  0.685730  0.714222  0.140218  -0.727642  0.677361  0.108254  -0.017661  -0.176261  0.984185  -0.002553  0.009824  0.001852  0.000000  0.000000  0.000000  1.000000  
169.020962 0.008205  -0.008066  -0.000141  0.685879  0.714100  0.140109  -0.727501  0.677521  0.108201  -0.017661  -0.176142  0.984206  -0.002628  0.010042  0.001851  0.000000  0.000000  0.000000  1.000000  
169.022211 0.008201  -0.008053  -0.000140  0.685879  0.714083  0.140195  -0.727501  0.677508  0.108283  -0.017661  -0.176261  0.984185  -0.002706  0.010195  0.001825  0.000000  0.000000  0.000000  1.000000  
169.023212 0.008197  -0.008042  -0.000138  0.685881  0.714099  0.140105  -0.727503  0.677491  0.108379  -0.017527  -0.176262  0.984187  -0.002768  0.010255  0.001877  0.000000  0.000000  0.000000  1.000000  
169.024214 0.008193  -0.008030  -0.000136  0.685881  0.714099  0.140105  -0.727503  0.677491  0.108379  -0.017527  -0.176262  0.984187  -0.002925  0.010420  0.001929  0.000000  0.000000  0.000000  1.000000  
169.025462 0.008187  -0.008017  -0.000133  0.686031  0.713960  0.140083  -0.727361  0.677638  0.108408  -0.017527  -0.176262  0.984187  -0.003108  0.010562  0.001924  0.000000  0.000000  0.000000  1.000000  
169.026715 0.008181  -0.008003  -0.000131  0.686032  0.713976  0.139992  -0.727363  0.677621  0.108503  -0.017393  -0.176262  0.984190  -0.003391  0.010652  0.001773  0.000000  0.000000  0.000000  1.000000  
169.027964 0.008177  -0.007990  -0.000129  0.686182  0.713836  0.139970  -0.727222  0.677768  0.108532  -0.017393  -0.176262  0.984190  -0.003508  0.010667  0.001693  0.000000  0.000000  0.000000  1.000000  
169.029216 0.008171  -0.007976  -0.000129  0.686184  0.713836  0.139966  -0.727223  0.677738  0.108710  -0.017259  -0.176382  0.984170  -0.003710  0.010748  0.001536  0.000000  0.000000  0.000000  1.000000  
169.030217 0.008165  -0.007965  -0.000127  0.686335  0.713712  0.139853  -0.727084  0.677867  0.108835  -0.017125  -0.176382  0.984173  -0.003890  0.010854  0.001537  0.000000  0.000000  0.000000  1.000000  
169.031220 0.008161  -0.007953  -0.000126  0.686335  0.713712  0.139853  -0.727084  0.677867  0.108835  -0.017125  -0.176382  0.984173  -0.004035  0.010873  0.001485  0.000000  0.000000  0.000000  1.000000  
169.032238 0.008156  -0.007942  -0.000124  0.686486  0.713589  0.139741  -0.726944  0.677997  0.108959  -0.016992  -0.176383  0.984175  -0.004151  0.010933  0.001513  0.000000  0.000000  0.000000  1.000000  
169.033481 0.008150  -0.007929  -0.000123  0.686637  0.713466  0.139628  -0.726804  0.678127  0.109084  -0.016858  -0.176383  0.984177  -0.004350  0.010881  0.001410  0.000000  0.000000  0.000000  1.000000  
169.034747 0.008144  -0.007916  -0.000120  0.686639  0.713482  0.139537  -0.726806  0.678110  0.109180  -0.016724  -0.176384  0.984179  -0.004435  0.010814  0.001512  0.000000  0.000000  0.000000  1.000000  
169.035986 0.008136  -0.007903  -0.000119  0.686790  0.713358  0.139424  -0.726666  0.678239  0.109304  -0.016590  -0.176384  0.984182  -0.004585  0.010845  0.001461  0.000000  0.000000  0.000000  1.000000  
169.037212 0.008130  -0.007888  -0.000118  0.686941  0.713235  0.139311  -0.726527  0.678369  0.109428  -0.016456  -0.176384  0.984184  -0.004706  0.010916  0.001491  0.000000  0.000000  0.000000  1.000000  
169.038212 0.008126  -0.007878  -0.000116  0.686944  0.713267  0.139131  -0.726530  0.678335  0.109620  -0.016189  -0.176385  0.984188  -0.004739  0.010885  0.001411  0.000000  0.000000  0.000000  1.000000  
169.039462 0.008120  -0.007864  -0.000115  0.687095  0.713144  0.139017  -0.726390  0.678464  0.109744  -0.016055  -0.176385  0.984190  -0.004790  0.010874  0.001386  0.000000  0.000000  0.000000  1.000000  
169.040462 0.008115  -0.007854  -0.000114  0.687248  0.713020  0.138900  -0.726251  0.678564  0.110046  -0.015788  -0.176506  0.984173  -0.004790  0.010876  0.001227  0.000000  0.000000  0.000000  1.000000  
169.041462 0.008110  -0.007843  -0.000114  0.687399  0.712896  0.138787  -0.726112  0.678693  0.110170  -0.015654  -0.176506  0.984175  -0.004823  0.010846  0.001148  0.000000  0.000000  0.000000  1.000000  
169.042714 0.008105  -0.007829  -0.000114  0.687551  0.712789  0.138583  -0.725973  0.678806  0.110390  -0.015386  -0.176507  0.984179  -0.004885  0.010912  0.001041  0.000000  0.000000  0.000000  1.000000  
169.043715 0.008100  -0.007818  -0.000113  0.687703  0.712665  0.138466  -0.725834  0.678905  0.110692  -0.015119  -0.176627  0.984162  -0.004884  0.010910  0.001041  0.000000  0.000000  0.000000  1.000000  
169.044724 0.008095  -0.007807  -0.000113  0.687855  0.712558  0.138262  -0.725696  0.679017  0.110912  -0.014851  -0.176628  0.984166  -0.004900  0.010902  0.001050  0.000000  0.000000  0.000000  1.000000  
169.045969 0.008089  -0.007793  -0.000110  0.688157  0.712311  0.138035  -0.725415  0.679276  0.111160  -0.014584  -0.176628  0.984170  -0.004866  0.010860  0.001102  0.000000  0.000000  0.000000  1.000000  
169.046983 0.008084  -0.007782  -0.000108  0.688309  0.712203  0.137831  -0.725276  0.679389  0.111379  -0.014316  -0.176629  0.984173  -0.004926  0.010820  0.001096  0.000000  0.000000  0.000000  1.000000  
169.048045 0.008078  -0.007772  -0.000106  0.688461  0.712079  0.137713  -0.725137  0.679487  0.111681  -0.014048  -0.176749  0.984156  -0.004898  0.010826  0.001115  0.000000  0.000000  0.000000  1.000000  
169.049221 0.008071  -0.007757  -0.000105  0.688614  0.711988  0.137418  -0.725000  0.679582  0.111996  -0.013647  -0.176750  0.984161  -0.005005  0.010956  0.001026  0.000000  0.000000  0.000000  1.000000  
169.050467 0.008064  -0.007743  -0.000103  0.688916  0.711757  0.137100  -0.724720  0.679824  0.112339  -0.013246  -0.176751  0.984166  -0.005048  0.011065  0.001051  0.000000  0.000000  0.000000  1.000000  
169.051722 0.008058  -0.007728  -0.000102  0.689219  0.711526  0.136777  -0.724441  0.680035  0.112859  -0.012711  -0.176871  0.984152  -0.004979  0.011070  0.001066  0.000000  0.000000  0.000000  1.000000  
169.052964 0.008051  -0.007713  -0.000100  0.689373  0.711435  0.136477  -0.724304  0.680099  0.113352  -0.012175  -0.176992  0.984137  -0.005045  0.011143  0.001119  0.000000  0.000000  0.000000  1.000000  
169.054212 0.008045  -0.007698  -0.000097  0.689676  0.711220  0.136067  -0.724025  0.680323  0.113789  -0.011640  -0.176993  0.984143  -0.005126  0.011227  0.001225  0.026763  0.223467  -0.134186  1.000000  
169.055213 0.008038  -0.007687  -0.000095  0.689828  0.711112  0.135857  -0.723886  0.680404  0.114186  -0.011239  -0.177113  0.984126  -0.005210  0.011284  0.001334  0.031027  0.238605  -0.132901  1.000000  
169.056214 0.008032  -0.007674  -0.000092  0.689981  0.711038  0.135470  -0.723749  0.680482  0.114595  -0.010704  -0.177114  0.984132  -0.005284  0.011456  0.001463  0.031065  0.253101  -0.137325  1.000000  
169.057462 0.008025  -0.007659  -0.000090  0.690283  0.710806  0.135145  -0.723468  0.680692  0.115114  -0.010169  -0.177235  0.984116  -0.005381  0.011559  0.001622  0.034901  0.269808  -0.139785  1.000000  
169.058716 0.008017  -0.007644  -0.000087  0.690435  0.710715  0.134844  -0.723330  0.680756  0.115606  -0.009633  -0.177355  0.984100  -0.005525  0.011759  0.001796  0.035218  0.286544  -0.145325  1.000000  
169.059728 0.008011  -0.007631  -0.000084  0.690588  0.710624  0.134543  -0.723192  0.680820  0.116097  -0.009098  -0.177475  0.984083  -0.005568  0.011744  0.001937  0.038920  0.297463  -0.141793  1.000000  
169.060962 0.008003  -0.007615  -0.000079  0.690889  0.710410  0.134126  -0.722911  0.681012  0.116711  -0.008429  -0.177596  0.984067  -0.005763  0.011862  0.002063  0.043074  0.321843  -0.151332  1.000000  
169.061962 0.007996  -0.007602  -0.000076  0.691042  0.710352  0.133647  -0.722773  0.681073  0.117214  -0.007760  -0.177597  0.984073  -0.005876  0.012052  0.002143  0.042997  0.339449  -0.148194  1.000000  
169.062969 0.007988  -0.007589  -0.000074  0.691193  0.710261  0.133345  -0.722634  0.681136  0.117705  -0.007225  -0.177717  0.984055  -0.006038  0.012246  0.002150  0.047041  0.353738  -0.152513  1.000000  
169.063975 0.007981  -0.007576  -0.000070  0.691345  0.710187  0.132952  -0.722495  0.681182  0.118291  -0.006556  -0.177837  0.984038  -0.006081  0.012287  0.002361  0.051485  0.374844  -0.150755  1.000000  
169.065221 0.007973  -0.007560  -0.000066  0.691497  0.710129  0.132468  -0.722356  0.681210  0.118971  -0.005753  -0.177957  0.984021  -0.006178  0.012387  0.002519  0.055454  0.396920  -0.146711  1.000000  
169.066222 0.007966  -0.007547  -0.000062  0.691649  0.710055  0.132074  -0.722216  0.681256  0.119557  -0.005084  -0.178077  0.984003  -0.006272  0.012482  0.002677  0.059446  0.415338  -0.150117  1.000000  
169.067531 0.007958  -0.007530  -0.000056  0.691800  0.709982  0.131680  -0.722076  0.681302  0.120142  -0.004415  -0.178197  0.983985  -0.006392  0.012581  0.002982  0.063311  0.432218  -0.146624  1.000000  
169.068718 0.007949  -0.007514  -0.000050  0.692099  0.709784  0.131170  -0.721794  0.681476  0.120849  -0.003613  -0.178317  0.983966  -0.006596  0.012751  0.003232  0.067482  0.456464  -0.149719  1.000000  
169.069965 0.007940  -0.007496  -0.000043  0.692250  0.709743  0.130593  -0.721653  0.681487  0.121624  -0.002676  -0.178437  0.983948  -0.006656  0.012914  0.003516  0.066805  0.474774  -0.144508  1.000000  
169.071212 0.007931  -0.007478  -0.000037  0.692548  0.709546  0.130082  -0.721369  0.681661  0.122330  -0.001873  -0.178557  0.983928  -0.006750  0.013076  0.003697  0.071375  0.497656  -0.149296  1.000000  
169.072215 0.007923  -0.007464  -0.000032  0.692697  0.709490  0.129596  -0.721228  0.681689  0.123009  -0.001070  -0.178676  0.983907  -0.006901  0.013196  0.003970  0.075316  0.515300  -0.146052  1.000000  
169.073462 0.007913  -0.007447  -0.000025  0.693143  0.709169  0.128967  -0.720800  0.681991  0.123836  -0.000134  -0.178796  0.983886  -0.007017  0.013352  0.004111  0.078721  0.539847  -0.153574  1.000000  
169.074462 0.007905  -0.007433  -0.000019  0.693291  0.709129  0.128389  -0.720657  0.682001  0.124609  0.000803  -0.178915  0.983864  -0.007194  0.013471  0.004346  0.078641  0.562303  -0.149677  1.000000  
169.075462 0.007896  -0.007419  -0.000014  0.693587  0.708917  0.127962  -0.720371  0.682159  0.125397  0.001606  -0.179153  0.983820  -0.007338  0.013490  0.004450  0.087306  0.585535  -0.154357  1.000000  
169.076463 0.007887  -0.007405  -0.000008  0.693883  0.708703  0.127539  -0.720084  0.682350  0.126006  0.002275  -0.179272  0.983797  -0.007467  0.013558  0.004684  0.090556  0.595128  -0.157429  1.000000  
169.077464 0.007877  -0.007392  -0.000002  0.694178  0.708507  0.127025  -0.719797  0.682522  0.126710  0.003077  -0.179391  0.983773  -0.007636  0.013561  0.004924  0.090446  0.613873  -0.160920  1.000000  
169.078713 0.007866  -0.007374  0.000006  0.694471  0.708328  0.126413  -0.719508  0.682645  0.127685  0.004148  -0.179629  0.983726  -0.007792  0.013633  0.005154  0.098351  0.635936  -0.156896  1.000000  
169.079721 0.007857  -0.007360  0.000013  0.694765  0.708132  0.125898  -0.719220  0.682817  0.128388  0.004951  -0.179748  0.983700  -0.007966  0.013746  0.005386  0.102273  0.654677  -0.160420  1.000000  
169.080724 0.007848  -0.007346  0.000020  0.695058  0.707938  0.125377  -0.718930  0.682956  0.129268  0.005887  -0.179986  0.983652  -0.008138  0.013812  0.005661  0.106947  0.673112  -0.159152  1.000000  
169.081967 0.007835  -0.007330  0.000029  0.695497  0.707619  0.124736  -0.718496  0.683223  0.130268  0.006957  -0.180223  0.983601  -0.008385  0.013856  0.005829  0.114948  0.693501  -0.169523  1.000000  
169.083219 0.007823  -0.007313  0.000038  0.695935  0.707302  0.124094  -0.718060  0.683490  0.131267  0.008028  -0.180460  0.983550  -0.008665  0.013831  0.006033  0.118783  0.712334  -0.172959  1.000000  
169.084220 0.007814  -0.007299  0.000046  0.696224  0.707125  0.123479  -0.717767  0.683610  0.132239  0.009098  -0.180697  0.983497  -0.008846  0.013821  0.006219  0.126713  0.735649  -0.175644  1.000000  
169.085471 0.007801  -0.007282  0.000055  0.696659  0.706824  0.122744  -0.717328  0.683859  0.133331  0.010302  -0.180934  0.983441  -0.009091  0.013808  0.006429  0.130531  0.759064  -0.178299  1.000000  
169.086712 0.007787  -0.007264  0.000064  0.697094  0.706507  0.122099  -0.716890  0.684124  0.134327  0.011373  -0.181170  0.983386  -0.009331  0.013798  0.006595  0.134390  0.779502  -0.188607  1.000000  
169.087714 0.007777  -0.007251  0.000073  0.697529  0.706173  0.121545  -0.716451  0.684406  0.135229  0.012309  -0.181407  0.983331  -0.009522  0.013734  0.006769  0.138204  0.795252  -0.199651  1.000000  
169.088962 0.007762  -0.007234  0.000084  0.697959  0.705891  0.120714  -0.716008  0.684635  0.136412  0.013647  -0.181642  0.983270  -0.009751  0.013709  0.007081  0.146207  0.824091  -0.201769  1.000000  
169.089964 0.007751  -0.007221  0.000091  0.698390  0.705574  0.120066  -0.715566  0.684898  0.137406  0.014717  -0.181878  0.983211  -0.010005  0.013701  0.007175  0.149798  0.843367  -0.211771  1.000000  
169.091212 0.007736  -0.007204  0.000102  0.698818  0.705292  0.119233  -0.715120  0.685126  0.138587  0.016055  -0.182113  0.983147  -0.010177  0.013702  0.007434  0.153467  0.868066  -0.221200  1.000000  
169.092212 0.007724  -0.007191  0.000110  0.699245  0.704994  0.118490  -0.714673  0.685371  0.139673  0.017259  -0.182348  0.983083  -0.010406  0.013653  0.007627  0.157106  0.888179  -0.231387  1.000000  
169.093462 0.007709  -0.007173  0.000120  0.699815  0.704588  0.117533  -0.714078  0.685725  0.140970  0.018731  -0.182581  0.983012  -0.010612  0.013629  0.007732  0.159393  0.911350  -0.244859  1.000000  
169.094731 0.007694  -0.007157  0.000132  0.700383  0.704169  0.116660  -0.713481  0.686062  0.142349  0.020202  -0.182934  0.982918  -0.010899  0.013502  0.007994  0.168143  0.938400  -0.256825  1.000000  
169.095989 0.007678  -0.007140  0.000143  0.700944  0.703785  0.115600  -0.712878  0.686362  0.143914  0.021941  -0.183285  0.982815  -0.011155  0.013505  0.008095  0.175547  0.972969  -0.271264  1.000000  
169.097217 0.007663  -0.007123  0.000154  0.701506  0.703398  0.114545  -0.712275  0.686697  0.145300  0.023546  -0.183516  0.982735  -0.011314  0.013514  0.008228  0.179410  1.010483  -0.286584  1.000000  
169.098224 0.007650  -0.007110  0.000162  0.701923  0.703119  0.113702  -0.711818  0.686921  0.146474  0.024884  -0.183749  0.982658  -0.011574  0.013483  0.008286  0.182439  1.032700  -0.295239  1.000000  
169.099468 0.007634  -0.007094  0.000173  0.702480  0.702720  0.112729  -0.711211  0.687236  0.147940  0.026489  -0.184099  0.982551  -0.011841  0.013432  0.008368  0.189867  1.061893  -0.303724  1.000000  
169.100823 0.007618  -0.007077  0.000184  0.703034  0.702321  0.111753  -0.710601  0.687550  0.149404  0.028094  -0.184448  0.982441  -0.011966  0.013293  0.008410  0.196516  1.082743  -0.311878  1.000000  
169.101961 0.007601  -0.007061  0.000195  0.703440  0.702064  0.110806  -0.710134  0.687718  0.150844  0.029699  -0.184797  0.982328  -0.012271  0.013353  0.008580  0.202939  1.106866  -0.318870  1.000000  
169.102963 0.007587  -0.007047  0.000205  0.703993  0.701649  0.109919  -0.709522  0.688048  0.152212  0.031170  -0.185146  0.982217  -0.012436  0.013327  0.008711  0.211909  1.136182  -0.331527  1.000000  
169.103968 0.007574  -0.007034  0.000214  0.704401  0.701372  0.109069  -0.709057  0.688268  0.153379  0.032507  -0.185377  0.982130  -0.012610  0.013312  0.008732  0.215257  1.154960  -0.334772  1.000000  
169.105212 0.007557  -0.007017  0.000226  0.705090  0.700851  0.107961  -0.708291  0.688705  0.154953  0.034246  -0.185723  0.982005  -0.012781  0.013358  0.008894  0.218249  1.181203  -0.350787  1.000000  
169.106462 0.007540  -0.007000  0.000238  0.705626  0.700491  0.106789  -0.707663  0.688978  0.156595  0.036118  -0.186068  0.981873  -0.012913  0.013364  0.008946  0.223552  1.213456  -0.353739  1.000000  
169.107714 0.007524  -0.006983  0.000249  0.706160  0.700118  0.105700  -0.707033  0.689232  0.158318  0.037990  -0.186532  0.981714  -0.012993  0.013382  0.009022  0.234570  1.242445  -0.361969  1.000000  
169.108962 0.007507  -0.006966  0.000262  0.706836  0.699605  0.104576  -0.706254  0.689627  0.160061  0.039861  -0.186994  0.981552  -0.013047  0.013378  0.009104  0.239421  1.277768  -0.373965  1.000000  
169.109963 0.007493  -0.006953  0.000272  0.707229  0.699336  0.103709  -0.705775  0.689806  0.161397  0.041332  -0.187340  0.981425  -0.013159  0.013364  0.009217  0.244776  1.295115  -0.372455  1.000000  
169.111027 0.007481  -0.006940  0.000282  0.707766  0.698926  0.102807  -0.705149  0.690128  0.162753  0.042802  -0.187686  0.981296  -0.013136  0.013324  0.009224  0.249237  1.318963  -0.385430  1.000000  
169.112214 0.007464  -0.006922  0.000294  0.708285  0.698575  0.101616  -0.704504  0.690358  0.164562  0.044808  -0.188145  0.981119  -0.013246  0.013390  0.009335  0.254697  1.351467  -0.381836  1.000000  
169.113221 0.007451  -0.006909  0.000304  0.708813  0.698184  0.100617  -0.703868  0.690660  0.166007  0.046411  -0.188488  0.980978  -0.013230  0.013436  0.009461  0.259584  1.378398  -0.395617  1.000000  
169.114472 0.007434  -0.006893  0.000318  0.709469  0.697693  0.099386  -0.703071  0.691031  0.167831  0.048416  -0.188946  0.980793  -0.013296  0.013362  0.009669  0.266276  1.407478  -0.403654  1.000000  
169.115721 0.007417  -0.006876  0.000331  0.709982  0.697316  0.098364  -0.702422  0.691253  0.169624  0.050287  -0.189524  0.980588  -0.013454  0.013468  0.009860  0.277241  1.430817  -0.405599  1.000000  
169.116971 0.007400  -0.006860  0.000345  0.710632  0.696828  0.097128  -0.701618  0.691620  0.171444  0.052291  -0.189980  0.980394  -0.013424  0.013426  0.009974  0.283924  1.464450  -0.412792  1.000000  
169.118219 0.007383  -0.006844  0.000358  0.711272  0.696347  0.095878  -0.700806  0.691947  0.173436  0.054429  -0.190553  0.980167  -0.013399  0.013332  0.010082  0.294756  1.492510  -0.413933  1.000000  
169.119464 0.007366  -0.006828  0.000371  0.711770  0.696004  0.094671  -0.700142  0.692167  0.175230  0.056433  -0.191007  0.979965  -0.013423  0.013290  0.010110  0.301594  1.516426  -0.416061  1.000000  
169.120712 0.007349  -0.006811  0.000384  0.712552  0.695365  0.093472  -0.699182  0.692650  0.177145  0.058437  -0.191579  0.979736  -0.013426  0.013292  0.010266  0.311883  1.542510  -0.431542  1.000000  
169.121962 0.007332  -0.006795  0.000398  0.713186  0.694871  0.092307  -0.698365  0.692988  0.179037  0.060440  -0.192150  0.979503  -0.013441  0.013254  0.010377  0.319764  1.558782  -0.435743  1.000000  
169.123212 0.007314  -0.006778  0.000413  0.713816  0.694378  0.091138  -0.697544  0.693324  0.180926  0.062443  -0.192720  0.979265  -0.013525  0.013210  0.010583  0.329225  1.580835  -0.436876  1.000000  
169.124462 0.007298  -0.006763  0.000428  0.714442  0.693886  0.089965  -0.696720  0.693658  0.182813  0.064446  -0.193290  0.979023  -0.013516  0.013130  0.010814  0.336047  1.601082  -0.439758  1.000000  
169.125462 0.007284  -0.006750  0.000441  0.714941  0.693494  0.089025  -0.696058  0.693923  0.184320  0.066048  -0.193744  0.978826  -0.013566  0.013116  0.010941  0.339603  1.611404  -0.444471  1.000000  
169.126712 0.007267  -0.006734  0.000456  0.715547  0.693042  0.087659  -0.695216  0.694216  0.186384  0.068318  -0.194308  0.978559  -0.013609  0.013027  0.011150  0.350095  1.631167  -0.447294  1.000000  
169.127717 0.007253  -0.006722  0.000469  0.716040  0.692642  0.086797  -0.694549  0.694456  0.187971  0.069920  -0.194880  0.978332  -0.013691  0.012916  0.011328  0.360656  1.640736  -0.451411  1.000000  
169.128961 0.007234  -0.006707  0.000485  0.716788  0.692032  0.085480  -0.693558  0.694906  0.189956  0.072055  -0.195443  0.978064  -0.013782  0.012813  0.011511  0.366771  1.661588  -0.460768  1.000000  
169.129964 0.007219  -0.006695  0.000498  0.717268  0.691653  0.084519  -0.692879  0.695123  0.191630  0.073790  -0.196012  0.977821  -0.013914  0.012754  0.011691  0.377298  1.675883  -0.464097  1.000000  
169.130965 0.007204  -0.006684  0.000511  0.717887  0.691132  0.083517  -0.692051  0.695481  0.193319  0.075524  -0.196579  0.977575  -0.013984  0.012630  0.011820  0.387072  1.696431  -0.473183  1.000000  
169.131965 0.007190  -0.006672  0.000524  0.718354  0.690774  0.082457  -0.691360  0.695676  0.195079  0.077392  -0.197144  0.977315  -0.014052  0.012569  0.011973  0.393787  1.716497  -0.475876  1.000000  
169.132969 0.007174  -0.006659  0.000538  0.718967  0.690256  0.081449  -0.690526  0.696030  0.196764  0.079126  -0.197709  0.977062  -0.014163  0.012515  0.012170  0.403865  1.728894  -0.478625  1.000000  
169.134211 0.007155  -0.006645  0.000555  0.719687  0.689662  0.080103  -0.689511  0.696427  0.198908  0.081393  -0.198384  0.976739  -0.014300  0.012370  0.012407  0.410100  1.745556  -0.488818  1.000000  
169.135478 0.007135  -0.006630  0.000572  0.720419  0.689022  0.079026  -0.688507  0.696833  0.200953  0.083393  -0.199180  0.976408  -0.014474  0.012241  0.012760  0.427494  1.756426  -0.499124  1.000000  
169.136713 0.007115  -0.006616  0.000589  0.721271  0.688289  0.077629  -0.687336  0.697365  0.203106  0.085660  -0.199852  0.976075  -0.014691  0.012133  0.012956  0.433296  1.773519  -0.509158  1.000000  
169.137714 0.007100  -0.006604  0.000603  0.721878  0.687747  0.076785  -0.686497  0.697703  0.204774  0.087259  -0.200535  0.975793  -0.014831  0.012074  0.013101  0.443454  1.780502  -0.520708  1.000000  
169.138962 0.007080  -0.006590  0.000622  0.722571  0.687172  0.075411  -0.685458  0.698044  0.207079  0.089658  -0.201320  0.975414  -0.015002  0.011924  0.013335  0.453299  1.799651  -0.522652  1.000000  
169.139964 0.007064  -0.006579  0.000636  0.723311  0.686490  0.074517  -0.684465  0.698518  0.208756  0.091257  -0.202000  0.975125  -0.015097  0.011827  0.013450  0.466831  1.808634  -0.541173  1.000000  
169.141212 0.007043  -0.006565  0.000655  0.724003  0.685898  0.073229  -0.683427  0.698872  0.210964  0.093522  -0.202785  0.974747  -0.015332  0.011684  0.013667  0.476409  1.825422  -0.550902  1.000000  
169.142212 0.007026  -0.006554  0.000670  0.724587  0.685383  0.072277  -0.682569  0.699181  0.212711  0.095254  -0.203461  0.974438  -0.015561  0.011599  0.013795  0.482251  1.830517  -0.555114  1.000000  
169.143462 0.007006  -0.006541  0.000688  0.725401  0.684663  0.070924  -0.681365  0.699624  0.215100  0.097651  -0.204359  0.974013  -0.015713  0.011496  0.014001  0.495568  1.847217  -0.564586  1.000000  
169.144462 0.006989  -0.006530  0.000704  0.725967  0.684171  0.069870  -0.680492  0.699909  0.216930  0.099515  -0.205030  0.973684  -0.015882  0.011411  0.014107  0.505596  1.857613  -0.568417  1.000000  
169.145465 0.006972  -0.006519  0.000719  0.726669  0.683537  0.068767  -0.679466  0.700332  0.218772  0.101379  -0.205699  0.973350  -0.016007  0.011322  0.014286  0.510495  1.874825  -0.584565  1.000000  
169.146722 0.006950  -0.006505  0.000739  0.727467  0.682824  0.067400  -0.678250  0.700764  0.221149  0.103774  -0.206592  0.972908  -0.016215  0.011278  0.014539  0.524019  1.891799  -0.594394  1.000000  
169.147967 0.006929  -0.006490  0.000759  0.728269  0.682094  0.066122  -0.677038  0.701211  0.223433  0.106036  -0.207487  0.972474  -0.016356  0.011321  0.014743  0.533118  1.899757  -0.605474  1.000000  
169.149214 0.006907  -0.006475  0.000778  0.729055  0.681387  0.064744  -0.675812  0.701635  0.225801  0.108431  -0.208376  0.972020  -0.016537  0.011282  0.014932  0.545521  1.917389  -0.621447  1.000000  
169.150216 0.006890  -0.006464  0.000795  0.729727  0.680773  0.063611  -0.674762  0.701999  0.227801  0.110426  -0.209155  0.971628  -0.016670  0.011283  0.015101  0.554703  1.933474  -0.630727  1.000000  
169.151462 0.006868  -0.006449  0.000816  0.730513  0.680057  0.062236  -0.673538  0.702462  0.229987  0.112686  -0.209926  0.971202  -0.016748  0.011340  0.015350  0.559170  1.942652  -0.633029  1.000000  
169.152465 0.006850  -0.006438  0.000832  0.731199  0.679406  0.061285  -0.672501  0.702858  0.231804  0.114414  -0.210709  0.970830  -0.016924  0.011287  0.015502  0.569480  1.951921  -0.645307  1.000000  
169.153712 0.006828  -0.006422  0.000853  0.732250  0.678391  0.059968  -0.670968  0.703536  0.234177  0.116674  -0.211713  0.970343  -0.017055  0.011404  0.015601  0.579897  1.964980  -0.667195  1.000000  
169.154961 0.006805  -0.006407  0.000873  0.733006  0.677689  0.058646  -0.669720  0.703912  0.236608  0.119065  -0.212711  0.969834  -0.017253  0.011416  0.015832  0.592477  1.981407  -0.675978  1.000000  
169.155964 0.006788  -0.006395  0.000890  0.733655  0.677086  0.057490  -0.668652  0.704258  0.238589  0.121058  -0.213483  0.969417  -0.017282  0.011533  0.015960  0.602672  1.995337  -0.687603  1.000000  
169.157211 0.006765  -0.006380  0.000911  0.734537  0.676245  0.056107  -0.667245  0.704764  0.241023  0.123448  -0.214477  0.968896  -0.017379  0.011614  0.016104  0.608993  2.006852  -0.702206  1.000000  
169.158212 0.006748  -0.006368  0.000929  0.735188  0.675625  0.055038  -0.666181  0.705123  0.242909  0.125307  -0.215249  0.968486  -0.017498  0.011693  0.016294  0.617954  2.019140  -0.712325  1.000000  
169.159462 0.006725  -0.006353  0.000952  0.735909  0.674950  0.053680  -0.664905  0.705432  0.245494  0.127828  -0.216354  0.967911  -0.017573  0.011816  0.016558  0.630828  2.034296  -0.714027  1.000000  
169.160730 0.006702  -0.006337  0.000974  0.736772  0.674111  0.052362  -0.663484  0.705894  0.247998  0.130217  -0.217459  0.967344  -0.017744  0.011885  0.016729  0.644316  2.043244  -0.725714  1.000000  
169.161962 0.006681  -0.006320  0.000996  0.737751  0.673152  0.050889  -0.661894  0.706469  0.250594  0.132737  -0.218559  0.966754  -0.017717  0.012098  0.016907  0.653464  2.057053  -0.746747  1.000000  
169.162971 0.006662  -0.006307  0.001015  0.738382  0.672536  0.049882  -0.660816  0.706782  0.252550  0.134593  -0.219441  0.966297  -0.017781  0.012190  0.017125  0.664461  2.065196  -0.752562  1.000000  
169.163972 0.006645  -0.006293  0.001034  0.739144  0.671776  0.048820  -0.659582  0.707230  0.254513  0.136449  -0.220323  0.965836  -0.017782  0.012321  0.017329  0.672955  2.068543  -0.764115  1.000000  
169.165222 0.006622  -0.006276  0.001058  0.740117  0.670798  0.047505  -0.657991  0.707779  0.257093  0.138834  -0.221537  0.965218  -0.017813  0.012552  0.017505  0.684732  2.088093  -0.779341  1.000000  
169.166468 0.006600  -0.006258  0.001083  0.740933  0.669992  0.046139  -0.656535  0.708163  0.259743  0.141352  -0.222744  0.964575  -0.017841  0.012779  0.017834  0.701156  2.098268  -0.781373  1.000000  
169.167567 0.006582  -0.006244  0.001103  0.741515  0.669425  0.045002  -0.655417  0.708389  0.261941  0.143471  -0.223728  0.964034  -0.017731  0.012830  0.017925  0.707983  2.111021  -0.779522  1.000000  
169.168713 0.006560  -0.006226  0.001129  0.742452  0.668481  0.043570  -0.653799  0.708900  0.264589  0.145986  -0.224931  0.963376  -0.017850  0.013110  0.018429  0.721240  2.127821  -0.798699  1.000000  
169.169961 0.006538  -0.006208  0.001154  0.743261  0.667664  0.042282  -0.652342  0.709287  0.267137  0.148368  -0.226135  0.962730  -0.017826  0.013304  0.018735  0.731430  2.140226  -0.797239  1.000000  
169.170961 0.006520  -0.006194  0.001175  0.743960  0.666956  0.041155  -0.651059  0.709603  0.269416  0.150485  -0.227229  0.962144  -0.017863  0.013405  0.019014  0.743455  2.156775  -0.805218  1.000000  
169.171964 0.006503  -0.006179  0.001198  0.744653  0.666256  0.039942  -0.649773  0.709948  0.271604  0.152601  -0.228204  0.961580  -0.017805  0.013646  0.019427  0.754148  2.172547  -0.817155  1.000000  
169.173212 0.006481  -0.006161  0.001225  0.745427  0.665468  0.038619  -0.648289  0.710265  0.274308  0.155113  -0.229513  0.960866  -0.017797  0.013847  0.019766  0.767637  2.180114  -0.816116  1.000000  
169.174212 0.006464  -0.006145  0.001247  0.746273  0.664581  0.037533  -0.646869  0.710777  0.276326  0.156963  -0.230493  0.960331  -0.017725  0.014084  0.019988  0.774706  2.181066  -0.834785  1.000000  
169.175462 0.006443  -0.006126  0.001275  0.747149  0.663678  0.036043  -0.645208  0.711199  0.279109  0.159605  -0.231792  0.959583  -0.017634  0.014374  0.020421  0.785905  2.198124  -0.842090  1.000000  
169.176712 0.006421  -0.006106  0.001303  0.748034  0.662756  0.034641  -0.643556  0.711634  0.281803  0.162114  -0.233091  0.958847  -0.017559  0.014495  0.020716  0.797236  2.207039  -0.851525  1.000000  
169.177716 0.006405  -0.006091  0.001326  0.748827  0.661922  0.033422  -0.642096  0.712056  0.284059  0.164226  -0.234171  0.958224  -0.017492  0.014682  0.021092  0.807913  2.222745  -0.863231  1.000000  
169.178962 0.006385  -0.006070  0.001355  0.749679  0.661032  0.031909  -0.640420  0.712457  0.286823  0.166865  -0.235460  0.957452  -0.017333  0.014894  0.021429  0.815483  2.231520  -0.868008  1.000000  
169.179976 0.006368  -0.006055  0.001380  0.750459  0.660205  0.030677  -0.638951  0.712868  0.289069  0.168976  -0.236535  0.956817  -0.017259  0.014956  0.021791  0.826085  2.242958  -0.880755  1.000000  
169.181219 0.006348  -0.006035  0.001410  0.751425  0.659173  0.029169  -0.637110  0.713357  0.291912  0.171613  -0.237933  0.956000  -0.017056  0.015131  0.022204  0.844291  2.261957  -0.894631  1.000000  
169.182220 0.006332  -0.006019  0.001435  0.752191  0.658350  0.028003  -0.635633  0.713721  0.294233  0.173721  -0.239119  0.955323  -0.017108  0.015360  0.022685  0.857188  2.281470  -0.898435  1.000000  
169.183221 0.006316  -0.006002  0.001460  0.752951  0.657530  0.026832  -0.634152  0.714080  0.296549  0.175829  -0.240302  0.954641  -0.016865  0.015381  0.022836  0.868364  2.290250  -0.903761  1.000000  
169.184461 0.006297  -0.005982  0.001492  0.754040  0.656337  0.025416  -0.632156  0.714667  0.299381  0.178331  -0.241812  0.953795  -0.016641  0.015565  0.023223  0.881481  2.302322  -0.921057  1.000000  
169.185466 0.006281  -0.005965  0.001519  0.754915  0.655377  0.024169  -0.630512  0.715148  0.301691  0.180437  -0.242990  0.953099  -0.016498  0.015707  0.023623  0.892571  2.315095  -0.934067  1.000000  
169.186712 0.006263  -0.005945  0.001551  0.755948  0.654241  0.022617  -0.628474  0.715641  0.304759  0.183200  -0.244596  0.952161  -0.016265  0.015851  0.023934  0.909147  2.336153  -0.953762  1.000000  
169.187713 0.006249  -0.005928  0.001578  0.756808  0.653289  0.021354  -0.626821  0.716109  0.307056  0.185304  -0.245768  0.951452  -0.016041  0.016016  0.024291  0.919115  2.346094  -0.969589  1.000000  
169.188961 0.006230  -0.005907  0.001612  0.757820  0.652163  0.019783  -0.624772  0.716584  0.310108  0.188065  -0.247367  0.950495  -0.015856  0.016138  0.024716  0.930917  2.366191  -0.983417  1.000000  
169.189962 0.006216  -0.005890  0.001640  0.758536  0.651367  0.018570  -0.623266  0.716905  0.312389  0.190167  -0.248532  0.949773  -0.015613  0.016261  0.025178  0.939109  2.373894  -0.986051  1.000000  
169.191212 0.006199  -0.005869  0.001675  0.759656  0.650103  0.016994  -0.621049  0.717459  0.315515  0.192925  -0.250238  0.948768  -0.015423  0.016379  0.025545  0.955293  2.391143  -1.011463  1.000000  
169.192214 0.006185  -0.005852  0.001703  0.760464  0.649191  0.015682  -0.619362  0.717841  0.317954  0.195156  -0.251505  0.947976  -0.015219  0.016424  0.025964  0.965861  2.408017  -1.017844  1.000000  
169.193461 0.006168  -0.005830  0.001739  0.761583  0.647912  0.014183  -0.617150  0.718398  0.320983  0.197780  -0.253209  0.946979  -0.014989  0.016553  0.026342  0.981625  2.425221  -1.032535  1.000000  
169.194462 0.006155  -0.005813  0.001769  0.762521  0.646836  0.012887  -0.615314  0.718920  0.323331  0.199878  -0.254476  0.946198  -0.014762  0.016694  0.026805  0.990507  2.434277  -1.047135  1.000000  
169.195464 0.006141  -0.005796  0.001798  0.763450  0.645761  0.011661  -0.613473  0.719396  0.325761  0.201975  -0.255856  0.945380  -0.014590  0.016701  0.027072  0.998676  2.450548  -1.067353  1.000000  
169.196480 0.006128  -0.005779  0.001827  0.764351  0.644718  0.010328  -0.611612  0.719843  0.328263  0.204202  -0.257225  0.944530  -0.014376  0.016756  0.027391  1.009465  2.464010  -1.080218  1.000000  
169.197720 0.006112  -0.005758  0.001864  0.765533  0.643338  0.008700  -0.609204  0.720435  0.331427  0.206952  -0.259019  0.943441  -0.014153  0.016875  0.027711  1.023873  2.483865  -1.106595  1.000000  
169.198721 0.006099  -0.005741  0.001894  0.766415  0.642303  0.007427  -0.607333  0.720826  0.334002  0.209177  -0.260495  0.942543  -0.013914  0.016914  0.028117  1.037283  2.499823  -1.120455  1.000000  
169.199728 0.006087  -0.005723  0.001925  0.767310  0.641246  0.006245  -0.605475  0.721231  0.336491  0.211270  -0.261974  0.941666  -0.013734  0.016984  0.028521  1.048194  2.510073  -1.140594  1.000000  
169.200962 0.006073  -0.005701  0.001963  0.768435  0.639912  0.004484  -0.603033  0.721769  0.339706  0.214146  -0.263746  0.940521  -0.013380  0.017073  0.028759  1.057897  2.530308  -1.166579  1.000000  
169.201964 0.006061  -0.005685  0.001994  0.769436  0.638716  0.003213  -0.601008  0.722289  0.342182  0.216236  -0.265218  0.939628  -0.013207  0.017069  0.029077  1.069301  2.538412  -1.188624  1.000000  
169.202966 0.006050  -0.005667  0.002026  0.770304  0.637673  0.001926  -0.599137  0.722712  0.344562  0.218326  -0.266572  0.938761  -0.012938  0.017106  0.029402  1.073941  2.549420  -1.203020  1.000000  
