1-Time 2-Px 3-Py 4-Pz 5-R11 6-R21 7-R31 8-R12 9-R22 10-R32 11-R13 12-R23 13-R33 14-Vx 15-Vy 16-Vz 17-Wx 18-Wy 19-Wz 20-state
64.136107 -0.001562  -0.003982  -0.045013  0.593813  0.274742  0.756243  -0.665993  0.695236  0.270370  -0.451485  -0.664202  0.595817  -0.007237  -0.000737  0.000878  0.000000  0.000000  0.000000  1.000000  
64.137229 -0.001565  -0.003982  -0.045013  0.593813  0.274742  0.756243  -0.665993  0.695236  0.270370  -0.451485  -0.664202  0.595817  -0.004555  -0.000333  -0.000493  0.000000  0.000000  0.000000  1.000000  
64.138484 -0.001565  -0.003984  -0.044987  0.593950  0.274691  0.756154  -0.665871  0.695325  0.270441  -0.451485  -0.664129  0.595897  -0.001661  -0.001244  0.013427  0.000000  0.000000  0.000000  1.000000  
64.139501 -0.001564  -0.003988  -0.044941  0.593950  0.274691  0.756154  -0.665871  0.695325  0.270441  -0.451485  -0.664129  0.595897  -0.000669  -0.001916  0.024617  0.000000  0.000000  0.000000  1.000000  
64.140722 -0.001562  -0.003989  -0.044888  0.593950  0.274691  0.756154  -0.665871  0.695325  0.270441  -0.451485  -0.664129  0.595897  -0.000058  -0.001645  0.029975  0.000000  0.000000  0.000000  1.000000  
64.141723 -0.001563  -0.003985  -0.044862  0.593950  0.274782  0.756120  -0.665871  0.695358  0.270357  -0.451485  -0.664057  0.595978  -0.000164  -0.000596  0.029249  0.000000  0.000000  0.000000  1.000000  
64.142974 -0.001566  -0.003978  -0.044841  0.594047  0.274580  0.756118  -0.665704  0.695481  0.270453  -0.451605  -0.664012  0.595937  -0.000515  0.000590  0.026780  0.000000  0.000000  0.000000  1.000000  
64.143980 -0.001571  -0.003971  -0.044826  0.594047  0.274672  0.756084  -0.665704  0.695514  0.270368  -0.451605  -0.663940  0.596018  -0.001206  0.001444  0.025223  0.000000  0.000000  0.000000  1.000000  
64.145010 -0.001578  -0.003966  -0.044811  0.594047  0.274672  0.756084  -0.665704  0.695514  0.270368  -0.451605  -0.663940  0.596018  -0.001845  0.001900  0.023906  0.000000  0.000000  0.000000  1.000000  
64.146227 -0.001581  -0.003963  -0.044788  0.593870  0.274848  0.756160  -0.665781  0.695556  0.270069  -0.451724  -0.663822  0.596058  -0.001964  0.002005  0.023311  0.000000  0.000000  0.000000  1.000000  
64.147230 -0.001580  -0.003962  -0.044764  0.593870  0.274848  0.756160  -0.665781  0.695556  0.270069  -0.451724  -0.663822  0.596058  -0.001649  0.001880  0.023302  0.000000  0.000000  0.000000  1.000000  
64.148235 -0.001579  -0.003963  -0.044736  0.593829  0.274697  0.756246  -0.665736  0.695590  0.270094  -0.451843  -0.663850  0.595937  -0.001467  0.001622  0.023752  0.000000  0.000000  0.000000  1.000000  
64.149244 -0.001583  -0.003964  -0.044706  0.593789  0.274546  0.756333  -0.665691  0.695623  0.270119  -0.451963  -0.663877  0.595816  -0.001609  0.001450  0.024183  0.000000  0.000000  0.000000  1.000000  
64.150478 -0.001589  -0.003961  -0.044667  0.593572  0.274387  0.756561  -0.665723  0.695634  0.270013  -0.452201  -0.663932  0.595574  -0.001901  0.001491  0.024839  0.000000  0.000000  0.000000  1.000000  
64.151478 -0.001592  -0.003961  -0.044632  0.593394  0.274288  0.756736  -0.665800  0.695578  0.269966  -0.452321  -0.664031  0.595373  -0.002021  0.001438  0.025535  0.000000  0.000000  0.000000  1.000000  
64.152725 -0.001594  -0.003963  -0.044575  0.593177  0.274129  0.756964  -0.665831  0.695589  0.269860  -0.452559  -0.664085  0.595131  -0.001861  0.001364  0.029144  0.000000  0.000000  0.000000  1.000000  
64.153976 -0.001593  -0.003968  -0.044510  0.592999  0.273938  0.757172  -0.665908  0.695501  0.269898  -0.452679  -0.664257  0.594849  -0.001847  0.001204  0.030387  0.000000  0.000000  0.000000  1.000000  
64.155224 -0.001587  -0.003969  -0.044453  0.592959  0.273695  0.757292  -0.665863  0.695502  0.270007  -0.452798  -0.664356  0.594647  -0.001610  0.001364  0.030224  0.000000  0.000000  0.000000  1.000000  
64.156226 -0.001584  -0.003965  -0.044422  0.592782  0.273595  0.757466  -0.665940  0.695446  0.269961  -0.452917  -0.664455  0.594446  -0.001469  0.001455  0.030184  0.000000  0.000000  0.000000  1.000000  
64.157475 -0.001589  -0.003957  -0.044392  0.592645  0.273647  0.757555  -0.666062  0.695357  0.269889  -0.452917  -0.664527  0.594365  -0.001660  0.001595  0.030516  0.000000  0.000000  0.000000  1.000000  
64.158478 -0.001597  -0.003951  -0.044363  0.592645  0.273647  0.757555  -0.666062  0.695357  0.269889  -0.452917  -0.664527  0.594365  -0.001887  0.001466  0.031613  0.000000  0.000000  0.000000  1.000000  
64.159724 -0.001607  -0.003946  -0.044311  0.592604  0.273496  0.757641  -0.666017  0.695391  0.269914  -0.453037  -0.664554  0.594244  -0.002028  0.001462  0.033570  0.000000  0.000000  0.000000  1.000000  
64.160727 -0.001609  -0.003943  -0.044253  0.592604  0.273496  0.757641  -0.666017  0.695391  0.269914  -0.453037  -0.664554  0.594244  -0.001945  0.001374  0.036272  0.000000  0.000000  0.000000  1.000000  
64.161734 -0.001609  -0.003942  -0.044186  0.592467  0.273731  0.757664  -0.666139  0.695367  0.269674  -0.453037  -0.664482  0.594325  -0.001954  0.001319  0.039413  0.000000  0.000000  0.000000  1.000000  
64.162978 -0.001612  -0.003941  -0.044094  0.592467  0.273731  0.757664  -0.666139  0.695367  0.269674  -0.453037  -0.664482  0.594325  -0.002160  0.001471  0.043234  0.000000  0.000000  0.000000  1.000000  
64.163978 -0.001617  -0.003938  -0.044024  0.592467  0.273823  0.757630  -0.666139  0.695400  0.269589  -0.453037  -0.664410  0.594405  -0.002374  0.001716  0.045937  0.000000  0.000000  0.000000  1.000000  
64.164979 -0.001625  -0.003931  -0.043967  0.592467  0.273914  0.757597  -0.666139  0.695433  0.269505  -0.453037  -0.664338  0.594486  -0.002567  0.002073  0.048065  0.000000  0.000000  0.000000  1.000000  
64.166228 -0.001636  -0.003920  -0.043912  0.592330  0.274149  0.757619  -0.666260  0.695409  0.269265  -0.453037  -0.664265  0.594567  -0.002939  0.002782  0.048791  0.000000  0.000000  0.000000  1.000000  
64.167473 -0.001645  -0.003907  -0.043865  0.592370  0.274300  0.757533  -0.666306  0.695375  0.269240  -0.452917  -0.664238  0.594688  -0.003403  0.003671  0.048167  0.000000  0.000000  0.000000  1.000000  
64.168476 -0.001650  -0.003900  -0.043825  0.592370  0.274392  0.757500  -0.666306  0.695408  0.269155  -0.452917  -0.664166  0.594768  -0.003697  0.004381  0.047357  0.000000  0.000000  0.000000  1.000000  
64.169723 -0.001654  -0.003895  -0.043770  0.592507  0.274341  0.757411  -0.666184  0.695497  0.269227  -0.452917  -0.664094  0.594849  -0.004313  0.004960  0.046935  0.000000  0.000000  0.000000  1.000000  
64.170724 -0.001657  -0.003892  -0.043726  0.592548  0.274492  0.757325  -0.666229  0.695463  0.269202  -0.452798  -0.664067  0.594970  -0.004758  0.005029  0.047328  0.000000  0.000000  0.000000  1.000000  
64.171724 -0.001662  -0.003889  -0.043683  0.592548  0.274492  0.757325  -0.666229  0.695463  0.269202  -0.452798  -0.664067  0.594970  -0.005125  0.004874  0.048462  0.000000  0.000000  0.000000  1.000000  
64.172974 -0.001672  -0.003886  -0.043625  0.592588  0.274643  0.757239  -0.666274  0.695429  0.269177  -0.452679  -0.664040  0.595091  -0.005311  0.004502  0.050279  0.000000  0.000000  0.000000  1.000000  
64.174223 -0.001683  -0.003884  -0.043556  0.592806  0.274710  0.757044  -0.666243  0.695386  0.269368  -0.452440  -0.664058  0.595252  -0.005255  0.004225  0.051859  0.000000  0.000000  0.000000  1.000000  
64.175473 -0.001691  -0.003885  -0.043479  0.593023  0.274776  0.756850  -0.666211  0.695342  0.269558  -0.452201  -0.664076  0.595413  -0.005476  0.003912  0.052659  0.000000  0.000000  0.000000  1.000000  
64.176724 -0.001695  -0.003884  -0.043403  0.593378  0.274884  0.756533  -0.666057  0.695421  0.269736  -0.451963  -0.663949  0.595736  -0.005714  0.003827  0.052184  0.000000  0.000000  0.000000  1.000000  
64.177728 -0.001695  -0.003881  -0.043348  0.593555  0.275075  0.756324  -0.665980  0.695509  0.269698  -0.451843  -0.663777  0.596018  -0.005679  0.004040  0.050602  0.000000  0.000000  0.000000  1.000000  
64.178734 -0.001698  -0.003876  -0.043298  0.593773  0.275325  0.756062  -0.665948  0.695532  0.269720  -0.451605  -0.663650  0.596340  -0.005510  0.004187  0.049211  0.000000  0.000000  0.000000  1.000000  
64.179981 -0.001706  -0.003864  -0.043246  0.594127  0.275615  0.755678  -0.665794  0.695676  0.269728  -0.451366  -0.663378  0.596823  -0.005299  0.004406  0.048015  0.000000  0.000000  0.000000  1.000000  
64.181230 -0.001714  -0.003848  -0.043194  0.594522  0.275964  0.755240  -0.665684  0.695755  0.269796  -0.451008  -0.663151  0.597347  -0.005158  0.004678  0.047987  0.000000  0.000000  0.000000  1.000000  
64.182477 -0.001720  -0.003836  -0.043129  0.595014  0.276294  0.754732  -0.665407  0.696022  0.269791  -0.450769  -0.662733  0.597990  -0.004991  0.004773  0.049211  0.000000  0.000000  0.000000  1.000000  
64.183727 -0.001723  -0.003827  -0.043046  0.595408  0.276733  0.754260  -0.665297  0.696134  0.269774  -0.450410  -0.662432  0.598594  -0.004850  0.004809  0.051413  0.000000  0.000000  0.000000  1.000000  
64.184980 -0.001724  -0.003823  -0.042952  0.595940  0.277121  0.753698  -0.665063  0.696336  0.269827  -0.450052  -0.662057  0.599277  -0.004660  0.004794  0.053974  -0.140667  0.138019  0.014915  1.000000  
64.186229 -0.001727  -0.003818  -0.042862  0.596431  0.277540  0.753155  -0.664785  0.696637  0.269736  -0.449813  -0.661565  0.600000  -0.004490  0.004860  0.056373  -0.168963  0.165421  0.008358  1.000000  
64.187475 -0.001734  -0.003812  -0.042782  0.596785  0.277919  0.752734  -0.664629  0.696816  0.269659  -0.449574  -0.661217  0.600563  -0.004358  0.005048  0.057980  -0.189794  0.186830  0.002604  1.000000  
64.188479 -0.001742  -0.003808  -0.042724  0.597139  0.278298  0.752313  -0.664472  0.696995  0.269581  -0.449335  -0.660869  0.601124  -0.004296  0.005214  0.058424  -0.206360  0.200390  0.000914  1.000000  
64.189724 -0.001749  -0.003802  -0.042660  0.597589  0.278566  0.751857  -0.664148  0.697330  0.269513  -0.449215  -0.660403  0.601726  -0.004107  0.005631  0.057709  -0.229650  0.220208  -0.004896  1.000000  
64.190974 -0.001751  -0.003797  -0.042596  0.597983  0.279094  0.751347  -0.664036  0.697477  0.269410  -0.448857  -0.660024  0.602408  -0.003876  0.005906  0.057132  -0.244800  0.243027  -0.007426  1.000000  
64.191980 -0.001748  -0.003792  -0.042544  0.598433  0.279269  0.750924  -0.663711  0.697780  0.269426  -0.448737  -0.659630  0.602929  -0.003628  0.006167  0.056312  -0.257776  0.257652  -0.016474  1.000000  
64.193225 -0.001746  -0.003787  -0.042472  0.598924  0.279684  0.750378  -0.663430  0.698083  0.269333  -0.448498  -0.659133  0.603650  -0.003330  0.006135  0.056715  -0.279126  0.279568  -0.022530  1.000000  
64.194474 -0.001749  -0.003782  -0.042394  0.599277  0.280152  0.749921  -0.663273  0.698296  0.269169  -0.448259  -0.658709  0.604290  -0.003129  0.005819  0.058151  -0.298974  0.292335  -0.024088  1.000000  
64.195482 -0.001753  -0.003779  -0.042326  0.599590  0.280469  0.749552  -0.663071  0.698542  0.269029  -0.448139  -0.658313  0.604810  -0.002878  0.005119  0.060307  -0.315548  0.306860  -0.029379  1.000000  
64.196737 -0.001758  -0.003776  -0.042234  0.600080  0.280883  0.749005  -0.662789  0.698846  0.268934  -0.447900  -0.657814  0.605530  -0.002702  0.004381  0.062595  -0.331597  0.331145  -0.039499  1.000000  
64.197981 -0.001761  -0.003772  -0.042135  0.600393  0.281562  0.748499  -0.662586  0.699222  0.268454  -0.447780  -0.657123  0.606368  -0.002586  0.003973  0.064139  -0.359232  0.337592  -0.047663  1.000000  
64.199231 -0.001761  -0.003768  -0.042034  0.600747  0.282209  0.747972  -0.662428  0.699501  0.268119  -0.447541  -0.656549  0.607166  -0.002523  0.003827  0.064793  -0.387575  0.350910  -0.045794  1.000000  
64.200475 -0.001763  -0.003762  -0.041938  0.601060  0.282978  0.747430  -0.662225  0.699910  0.267554  -0.447421  -0.655782  0.608082  -0.002542  0.003985  0.065145  -0.422229  0.360093  -0.054396  1.000000  
64.201727 -0.001769  -0.003753  -0.041852  0.601372  0.283745  0.746887  -0.662021  0.700318  0.266988  -0.447302  -0.655014  0.608997  -0.002618  0.004253  0.065079  -0.460868  0.372225  -0.059653  1.000000  
64.202974 -0.001777  -0.003742  -0.041773  0.601549  0.284747  0.746363  -0.661942  0.700700  0.266182  -0.447182  -0.654171  0.609991  -0.002583  0.004511  0.065357  -0.502722  0.373772  -0.067465  1.000000  
64.203977 -0.001783  -0.003732  -0.041706  0.601725  0.285476  0.745942  -0.661862  0.700984  0.265631  -0.447062  -0.653548  0.610746  -0.002535  0.004865  0.066124  -0.535289  0.373681  -0.067694  1.000000  
64.205224 -0.001788  -0.003722  -0.041614  0.601902  0.286385  0.745451  -0.661783  0.701332  0.264909  -0.446943  -0.652776  0.611658  -0.002486  0.005194  0.068019  -0.576176  0.370654  -0.071310  1.000000  
64.206225 -0.001790  -0.003717  -0.041529  0.602078  0.287113  0.745029  -0.661703  0.701615  0.264358  -0.446823  -0.652152  0.612411  -0.002754  0.005198  0.070627  -0.604734  0.370607  -0.071569  1.000000  
64.207227 -0.001790  -0.003714  -0.041439  0.602215  0.287782  0.744660  -0.661579  0.701963  0.263745  -0.446823  -0.651483  0.613123  -0.002880  0.005166  0.073000  -0.632303  0.359908  -0.074287  1.000000  
64.208474 -0.001792  -0.003710  -0.041325  0.602391  0.288599  0.744201  -0.661499  0.702277  0.263107  -0.446703  -0.650782  0.613954  -0.003077  0.005026  0.075723  -0.655665  0.354000  -0.077283  1.000000  
64.209474 -0.001795  -0.003707  -0.041238  0.602391  0.289411  0.743886  -0.661499  0.702564  0.262340  -0.446703  -0.650111  0.614664  -0.003073  0.005000  0.077098  -0.678877  0.346356  -0.076679  1.000000  
64.210477 -0.001801  -0.003703  -0.041158  0.602527  0.289988  0.743551  -0.661375  0.702878  0.261812  -0.446703  -0.649515  0.615294  -0.003193  0.005058  0.077887  -0.698100  0.335722  -0.079330  1.000000  
64.211732 -0.001807  -0.003697  -0.041066  0.602567  0.291038  0.743108  -0.661419  0.703163  0.260934  -0.446584  -0.648736  0.616201  -0.003251  0.005244  0.077887  -0.729673  0.318760  -0.074394  1.000000  
64.212984 -0.001811  -0.003691  -0.040977  0.602567  0.291940  0.742754  -0.661419  0.703479  0.260081  -0.446584  -0.647988  0.616988  -0.003444  0.005406  0.077174  -0.752056  0.300388  -0.076186  1.000000  
64.214231 -0.001815  -0.003687  -0.040884  0.602608  0.293079  0.742273  -0.661463  0.703792  0.259118  -0.446464  -0.647133  0.617972  -0.003608  0.005369  0.076621  -0.781909  0.280650  -0.070522  1.000000  
64.215232 -0.001819  -0.003685  -0.040807  0.602784  0.293892  0.741808  -0.661384  0.704103  0.258478  -0.446344  -0.646426  0.618797  -0.003748  0.005204  0.076636  -0.801408  0.273023  -0.069891  1.000000  
64.216478 -0.001824  -0.003680  -0.040705  0.602824  0.294940  0.741359  -0.661428  0.704383  0.257600  -0.446224  -0.645643  0.619701  -0.003769  0.004959  0.077733  -0.827148  0.256354  -0.060837  1.000000  
64.217723 -0.001833  -0.003673  -0.040599  0.602865  0.296167  0.740837  -0.661472  0.704725  0.256550  -0.446105  -0.644708  0.620759  -0.003829  0.004773  0.079299  -0.855169  0.242274  -0.055540  1.000000  
64.218973 -0.001842  -0.003665  -0.040483  0.602905  0.297392  0.740313  -0.661516  0.705065  0.255500  -0.445985  -0.643771  0.621817  -0.003917  0.004462  0.081530  -0.885292  0.233175  -0.047427  1.000000  
64.219975 -0.001848  -0.003660  -0.040385  0.603081  0.298293  0.739807  -0.661436  0.705403  0.254773  -0.445865  -0.642984  0.622717  -0.004090  0.004218  0.083306  -0.915147  0.222964  -0.042890  1.000000  
64.221223 -0.001853  -0.003653  -0.040261  0.603162  0.299664  0.739187  -0.661524  0.705708  0.253698  -0.445626  -0.642011  0.623891  -0.004177  0.004328  0.084537  -0.953069  0.209423  -0.030460  1.000000  
64.222223 -0.001857  -0.003646  -0.040164  0.603202  0.300708  0.738730  -0.661568  0.705982  0.252818  -0.445506  -0.641221  0.624788  -0.004456  0.004510  0.085038  -0.979662  0.197311  -0.025459  1.000000  
64.223473 -0.001863  -0.003636  -0.040049  0.603418  0.302022  0.738017  -0.661532  0.706377  0.251809  -0.445266  -0.640168  0.626037  -0.004742  0.004952  0.085090  -1.014547  0.188321  -0.017238  1.000000  
64.224756 -0.001872  -0.003624  -0.039944  0.603675  0.303302  0.737282  -0.661540  0.706676  0.250947  -0.444907  -0.639232  0.627249  -0.005039  0.005497  0.084787  -1.045813  0.186848  -0.009965  1.000000  
64.225975 -0.001883  -0.003612  -0.039842  0.603795  0.304816  0.736559  -0.661672  0.706942  0.249847  -0.444547  -0.638216  0.628536  -0.005333  0.005918  0.085168  -1.080275  0.182652  0.004798  1.000000  
64.227226 -0.001893  -0.003602  -0.039738  0.604011  0.306214  0.735801  -0.661635  0.707363  0.248750  -0.444308  -0.637080  0.629857  -0.005610  0.006210  0.086172  -1.114522  0.176826  0.016220  1.000000  
64.228238 -0.001901  -0.003597  -0.039647  0.604268  0.307400  0.735096  -0.661642  0.707629  0.247973  -0.443948  -0.636213  0.630986  -0.005964  0.006296  0.087609  -1.142868  0.176912  0.023629  1.000000  
64.229482 -0.001909  -0.003592  -0.039525  0.604524  0.308763  0.734313  -0.661649  0.707954  0.247024  -0.443588  -0.635190  0.632269  -0.006273  0.006356  0.089597  -1.162417  0.178741  0.034121  1.000000  
64.230730 -0.001919  -0.003590  -0.039398  0.604821  0.310271  0.733433  -0.661700  0.708246  0.246051  -0.443109  -0.634129  0.633668  -0.006552  0.006190  0.091214  -1.185665  0.186680  0.043224  1.000000  
64.231986 -0.001931  -0.003587  -0.039276  0.605117  0.311688  0.732588  -0.661750  0.708506  0.245163  -0.442629  -0.633143  0.634988  -0.006861  0.006027  0.092585  -1.201963  0.189998  0.053982  1.000000  
64.233225 -0.001943  -0.003581  -0.039162  0.605413  0.313280  0.731663  -0.661801  0.708825  0.244104  -0.442149  -0.631999  0.636461  -0.007079  0.005897  0.092819  -1.227871  0.196592  0.070337  1.000000  
64.234227 -0.001953  -0.003576  -0.039075  0.605669  0.314458  0.730946  -0.661807  0.709087  0.243325  -0.441789  -0.631119  0.637583  -0.007352  0.005848  0.092127  -1.242145  0.204607  0.077060  1.000000  
64.235475 -0.001965  -0.003568  -0.038969  0.606101  0.315900  0.729965  -0.661732  0.709469  0.242415  -0.441308  -0.629969  0.639051  -0.007695  0.005950  0.090945  -1.263648  0.218623  0.082035  1.000000  
64.236725 -0.001975  -0.003560  -0.038861  0.606436  0.317720  0.728896  -0.661824  0.709781  0.241246  -0.440708  -0.628701  0.640712  -0.008043  0.006005  0.090162  -1.300394  0.231369  0.094493  1.000000  
64.237975 -0.001987  -0.003552  -0.038749  0.606908  0.319390  0.727773  -0.661792  0.710157  0.240226  -0.440107  -0.627429  0.642370  -0.008470  0.005862  0.089612  -1.324252  0.254077  0.100617  1.000000  
64.238975 -0.001998  -0.003545  -0.038658  0.607203  0.320882  0.726869  -0.661840  0.710441  0.239250  -0.439627  -0.626345  0.643755  -0.008775  0.005742  0.089911  -1.359564  0.265796  0.110633  1.000000  
64.239981 -0.002011  -0.003539  -0.038564  0.607499  0.322460  0.725924  -0.661888  0.710753  0.238189  -0.439146  -0.625180  0.645214  -0.009109  0.005446  0.090741  -1.388869  0.282986  0.118612  1.000000  
64.241223 -0.002029  -0.003531  -0.038441  0.608009  0.324354  0.724651  -0.661898  0.711122  0.237059  -0.438425  -0.623779  0.647058  -0.009628  0.005194  0.092213  -1.427218  0.304141  0.131810  1.000000  
64.242223 -0.002043  -0.003525  -0.038340  0.608304  0.325926  0.723697  -0.661945  0.711431  0.235996  -0.437944  -0.622606  0.648512  -0.009969  0.005132  0.093225  -1.457192  0.318302  0.136517  1.000000  
64.243223 -0.002056  -0.003519  -0.038236  0.608639  0.327553  0.722681  -0.662035  0.711678  0.234998  -0.437342  -0.621469  0.650006  -0.010348  0.005171  0.094154  -1.486143  0.338561  0.147398  1.000000  
64.244475 -0.002074  -0.003513  -0.038108  0.609109  0.329555  0.721373  -0.662000  0.712161  0.233629  -0.436740  -0.619855  0.651949  -0.010948  0.005293  0.094470  -1.524444  0.360185  0.150525  1.000000  
64.245479 -0.002088  -0.003508  -0.038010  0.609443  0.331263  0.720308  -0.662089  0.712433  0.232544  -0.436138  -0.618631  0.653513  -0.011391  0.005494  0.094250  -1.565893  0.376271  0.163818  1.000000  
64.246728 -0.002107  -0.003501  -0.037897  0.609953  0.333313  0.718930  -0.662096  0.712852  0.231239  -0.435416  -0.617045  0.655491  -0.011944  0.005852  0.093532  -1.604415  0.401295  0.169954  1.000000  
64.247986 -0.002128  -0.003492  -0.037793  0.610286  0.335536  0.717611  -0.662184  0.713289  0.229634  -0.434813  -0.615333  0.657497  -0.012516  0.006087  0.092734  -1.645710  0.418731  0.177172  1.000000  
64.249226 -0.002148  -0.003483  -0.037691  0.610659  0.337811  0.716226  -0.662315  0.713661  0.228093  -0.434090  -0.613654  0.659541  -0.012994  0.006183  0.092319  -1.688162  0.436499  0.184423  1.000000  
64.250482 -0.002168  -0.003477  -0.037580  0.611031  0.339994  0.714874  -0.662445  0.714004  0.226639  -0.433367  -0.612048  0.661506  -0.013614  0.006027  0.092673  -1.724550  0.452931  0.199082  1.000000  
64.251726 -0.002186  -0.003475  -0.037461  0.611364  0.342203  0.713534  -0.662532  0.714431  0.225032  -0.432764  -0.610316  0.663498  -0.014104  0.005695  0.093406  -1.757315  0.467118  0.204616  1.000000  
64.252974 -0.002205  -0.003473  -0.037338  0.611775  0.344518  0.712066  -0.662704  0.714735  0.223556  -0.431919  -0.608655  0.665571  -0.014529  0.005257  0.094123  -1.799622  0.484231  0.217502  1.000000  
64.253974 -0.002221  -0.003473  -0.037238  0.612108  0.346287  0.710922  -0.662790  0.715021  0.222383  -0.431316  -0.607314  0.667185  -0.014892  0.004804  0.094624  -1.822512  0.497821  0.222840  1.000000  
64.254975 -0.002239  -0.003472  -0.037143  0.612303  0.348371  0.709734  -0.663002  0.715288  0.220889  -0.430712  -0.605806  0.668944  -0.015189  0.004460  0.094804  -1.869234  0.504625  0.234300  1.000000  
64.255982 -0.002257  -0.003471  -0.037049  0.612460  0.350397  0.708601  -0.663171  0.715610  0.219330  -0.430229  -0.604254  0.670656  -0.015443  0.004029  0.094323  -1.908373  0.507147  0.243898  1.000000  
64.257224 -0.002279  -0.003470  -0.036937  0.612869  0.353037  0.706934  -0.663341  0.716010  0.217507  -0.429384  -0.602242  0.673004  -0.015809  0.003589  0.093355  -1.950915  0.524159  0.251569  1.000000  
64.258225 -0.002297  -0.003469  -0.036848  0.613064  0.355110  0.705726  -0.663552  0.716266  0.216014  -0.428779  -0.600716  0.674751  -0.016125  0.003287  0.092336  -1.987186  0.527161  0.261184  1.000000  
64.259227 -0.002314  -0.003468  -0.036759  0.613259  0.357263  0.704469  -0.663762  0.716546  0.214434  -0.428175  -0.599103  0.676566  -0.016296  0.003063  0.091474  -2.029902  0.529769  0.270577  1.000000  
64.260477 -0.002334  -0.003465  -0.036644  0.613492  0.360064  0.702838  -0.664014  0.716944  0.212313  -0.427449  -0.596947  0.678927  -0.016389  0.002845  0.091093  -2.089784  0.536105  0.282819  1.000000  
64.261741 -0.002355  -0.003463  -0.036527  0.613763  0.362912  0.701134  -0.664308  0.717277  0.210258  -0.426602  -0.594818  0.681324  -0.016527  0.002407  0.091375  -2.150533  0.543626  0.294174  1.000000  
64.262977 -0.002377  -0.003462  -0.036406  0.614073  0.365977  0.699268  -0.664643  0.717597  0.208097  -0.425634  -0.592550  0.683900  -0.016653  0.001944  0.092561  -2.208892  0.552162  0.310009  1.000000  
64.263984 -0.002396  -0.003463  -0.036305  0.614266  0.368364  0.697844  -0.664852  0.717934  0.206257  -0.425029  -0.590659  0.685910  -0.016759  0.001364  0.093899  -2.262606  0.556566  0.318721  1.000000  
64.265230 -0.002418  -0.003466  -0.036174  0.614574  0.371412  0.695954  -0.665186  0.718242  0.204097  -0.424059  -0.588371  0.688471  -0.016946  0.000788  0.095305  -2.325936  0.562389  0.338443  1.000000  
64.266475 -0.002439  -0.003471  -0.036043  0.614920  0.374505  0.693988  -0.665560  0.718487  0.202006  -0.422969  -0.586108  0.691068  -0.017132  0.000296  0.096121  -2.378360  0.572636  0.353493  1.000000  
64.267477 -0.002456  -0.003476  -0.035942  0.615150  0.376842  0.692517  -0.665810  0.718727  0.200322  -0.422241  -0.584313  0.693031  -0.017303  -0.000195  0.096268  -2.417949  0.575923  0.362756  1.000000  
64.268725 -0.002478  -0.003484  -0.035821  0.615457  0.379699  0.690682  -0.666141  0.718970  0.198339  -0.421270  -0.582161  0.695428  -0.017406  -0.000763  0.096129  -2.460806  0.578705  0.379343  1.000000  
64.269974 -0.002502  -0.003494  -0.035708  0.615801  0.382767  0.688679  -0.666513  0.719198  0.196251  -0.420178  -0.579866  0.698002  -0.017532  -0.001467  0.095634  -2.500512  0.587606  0.394083  1.000000  
64.270974 -0.002522  -0.003503  -0.035620  0.616067  0.385304  0.687024  -0.666802  0.719416  0.194464  -0.419328  -0.577912  0.700130  -0.017714  -0.002122  0.095354  -2.546367  0.586907  0.407667  1.000000  
64.271981 -0.002542  -0.003512  -0.035530  0.616471  0.387604  0.685366  -0.666963  0.719686  0.192905  -0.418477  -0.576035  0.702183  -0.017792  -0.002854  0.095371  -2.579353  0.599595  0.415239  1.000000  
64.273224 -0.002566  -0.003528  -0.035411  0.616813  0.390647  0.683328  -0.667333  0.719899  0.190821  -0.417383  -0.573708  0.704734  -0.017880  -0.003897  0.095831  -2.622633  0.602938  0.431690  1.000000  
64.274474 -0.002589  -0.003545  -0.035284  0.617191  0.393815  0.681164  -0.667742  0.720073  0.188720  -0.416167  -0.571319  0.707389  -0.018130  -0.005165  0.096765  -2.660545  0.615313  0.448600  1.000000  
64.275724 -0.002614  -0.003563  -0.035153  0.617706  0.396742  0.678996  -0.668024  0.720300  0.186848  -0.414950  -0.569003  0.709966  -0.018401  -0.006658  0.097990  -2.698620  0.630614  0.458593  1.000000  
64.276724 -0.002634  -0.003578  -0.035047  0.618007  0.399375  0.677175  -0.668349  0.720463  0.185048  -0.413976  -0.566951  0.712173  -0.018595  -0.007655  0.098809  -2.735568  0.633592  0.474757  1.000000  
64.277973 -0.002660  -0.003597  -0.034915  0.618420  0.402728  0.674808  -0.668796  0.720610  0.182847  -0.412636  -0.564386  0.714983  -0.018866  -0.008995  0.099431  -2.779714  0.651702  0.494812  1.000000  
64.278987 -0.002682  -0.003613  -0.034812  0.618895  0.405247  0.672862  -0.669033  0.720791  0.181259  -0.411539  -0.562347  0.717218  -0.019097  -0.010117  0.099353  -2.813076  0.668458  0.505281  1.000000  
64.280230 -0.002710  -0.003633  -0.034686  0.619268  0.408446  0.670581  -0.669437  0.720961  0.179079  -0.410319  -0.559809  0.719897  -0.019493  -0.011241  0.099071  -2.858178  0.680176  0.519668  1.000000  
64.281233 -0.002732  -0.003649  -0.034586  0.619603  0.411096  0.668649  -0.669799  0.721051  0.177355  -0.409221  -0.557750  0.722117  -0.019869  -0.012110  0.098748  -2.892633  0.694516  0.536861  1.000000  
64.282483 -0.002760  -0.003671  -0.034460  0.620150  0.414337  0.666138  -0.670112  0.721283  0.175212  -0.407877  -0.555045  0.724956  -0.020323  -0.013090  0.098678  -2.937589  0.713711  0.548821  1.000000  
64.283727 -0.002791  -0.003696  -0.034334  0.620630  0.417813  0.663513  -0.670632  0.721316  0.173078  -0.406288  -0.552390  0.727870  -0.020852  -0.014204  0.099237  -2.985853  0.732542  0.568433  1.000000  
64.284974 -0.002822  -0.003722  -0.034205  0.621073  0.421306  0.660886  -0.671110  0.721417  0.170787  -0.404821  -0.549598  0.730795  -0.021331  -0.015325  0.100413  -3.021987  0.752567  0.581131  1.000000  
64.286223 -0.002855  -0.003750  -0.034070  0.621688  0.424525  0.658241  -0.671498  0.721505  0.168882  -0.403230  -0.547000  0.733619  -0.021881  -0.016436  0.102004  -3.052724  0.786125  0.595205  1.000000  
64.287224 -0.002881  -0.003774  -0.033960  0.622091  0.427224  0.656112  -0.671933  0.721466  0.167313  -0.401882  -0.544947  0.735883  -0.022323  -0.017345  0.103243  -3.070550  0.801422  0.612715  1.000000  
64.288474 -0.002913  -0.003807  -0.033821  0.622463  0.430923  0.653334  -0.672612  0.721356  0.165041  -0.400166  -0.542173  0.738861  -0.022926  -0.018504  0.104421  -3.115569  0.831255  0.639208  1.000000  
64.289723 -0.002946  -0.003840  -0.033684  0.623007  0.434428  0.650488  -0.673200  0.721256  0.163070  -0.398326  -0.539502  0.741804  -0.023499  -0.019563  0.104901  -3.138153  0.861381  0.658895  1.000000  
64.290724 -0.002973  -0.003868  -0.033579  0.623404  0.437171  0.648265  -0.673630  0.721225  0.161423  -0.396976  -0.537322  0.744107  -0.023978  -0.020398  0.104871  -3.164578  0.884965  0.672687  1.000000  
64.291728 -0.002999  -0.003895  -0.033478  0.623698  0.440024  0.646049  -0.674225  0.721029  0.159806  -0.395502  -0.535253  0.746379  -0.024398  -0.021222  0.104510  -3.178757  0.903897  0.692041  1.000000  
64.292973 -0.003033  -0.003929  -0.033355  0.624271  0.443459  0.643141  -0.674845  0.720845  0.158008  -0.393535  -0.532660  0.749269  -0.024870  -0.022139  0.103985  -3.189859  0.934402  0.710294  1.000000  
64.293973 -0.003061  -0.003957  -0.033256  0.624561  0.446367  0.640844  -0.675437  0.720661  0.156313  -0.392058  -0.530476  0.751589  -0.025322  -0.022970  0.103817  -3.205481  0.957661  0.731597  1.000000  
64.294998 -0.003089  -0.003986  -0.033154  0.624848  0.449265  0.638534  -0.676027  0.720472  0.154621  -0.390581  -0.528281  0.753901  -0.025715  -0.023950  0.103711  -3.219858  0.977745  0.749569  1.000000  
64.296230 -0.003124  -0.004023  -0.033022  0.625239  0.452913  0.635567  -0.676730  0.720273  0.152458  -0.388732  -0.525430  0.756843  -0.026182  -0.024946  0.104292  -3.244502  0.998785  0.767389  1.000000  
64.297482 -0.003161  -0.004063  -0.032883  0.625559  0.456633  0.632584  -0.677635  0.719835  0.150494  -0.386636  -0.522804  0.759730  -0.026739  -0.026128  0.105114  -3.265894  1.026134  0.798004  1.000000  
64.298732 -0.003199  -0.004104  -0.032741  0.625979  0.460141  0.629619  -0.678370  0.719537  0.148593  -0.384660  -0.520131  0.762561  -0.027300  -0.027374  0.106338  -3.289026  1.054059  0.820847  1.000000  
64.299983 -0.003237  -0.004145  -0.032597  0.626326  0.464027  0.626414  -0.679307  0.719073  0.146547  -0.382436  -0.517314  0.765591  -0.027661  -0.028300  0.107172  -3.310808  1.082212  0.850932  1.000000  
64.300989 -0.003268  -0.004177  -0.032481  0.626531  0.467101  0.623920  -0.680091  0.718665  0.144904  -0.380705  -0.515109  0.767937  -0.027998  -0.028928  0.107673  -3.327820  1.102384  0.876269  1.000000  
64.302224 -0.003307  -0.004218  -0.032337  0.626695  0.470978  0.620832  -0.681113  0.718126  0.142757  -0.378600  -0.512322  0.770836  -0.028461  -0.029614  0.108087  -3.356977  1.120375  0.914204  1.000000  
64.303473 -0.003345  -0.004258  -0.032196  0.627030  0.474736  0.617624  -0.682040  0.717628  0.140823  -0.376370  -0.509545  0.773763  -0.028778  -0.030087  0.108338  -3.374418  1.149174  0.943837  1.000000  
64.304474 -0.003375  -0.004291  -0.032083  0.627259  0.477740  0.615070  -0.682853  0.717139  0.139365  -0.374510  -0.507420  0.776059  -0.029065  -0.030562  0.108568  -3.383932  1.167233  0.966672  1.000000  
64.305724 -0.003412  -0.004332  -0.031942  0.627338  0.481805  0.611810  -0.684069  0.716384  0.137273  -0.372152  -0.504637  0.779002  -0.029362  -0.031006  0.109204  -3.413304  1.188146  1.013811  1.000000  
64.306727 -0.003443  -0.004366  -0.031828  0.627418  0.485003  0.609195  -0.685006  0.715804  0.135619  -0.370288  -0.502391  0.781338  -0.029585  -0.031375  0.110014  -3.424839  1.205794  1.043643  1.000000  
64.307975 -0.003481  -0.004409  -0.031680  0.627562  0.488721  0.606068  -0.686013  0.715217  0.133606  -0.368174  -0.499616  0.784112  -0.029907  -0.032026  0.111853  -3.437415  1.221146  1.070264  1.000000  
64.309224 -0.003520  -0.004453  -0.031526  0.627626  0.492583  0.602866  -0.687218  0.714409  0.131721  -0.365810  -0.496972  0.786894  -0.030133  -0.032655  0.113858  -3.442649  1.233325  1.108748  1.000000  
64.310475 -0.003558  -0.004499  -0.031367  0.627717  0.496399  0.599632  -0.688456  0.713530  0.130012  -0.363318  -0.494431  0.789644  -0.030334  -0.033254  0.115738  -3.448369  1.259515  1.150197  1.000000  
64.311750 -0.003597  -0.004547  -0.031206  0.627770  0.500369  0.596268  -0.689653  0.712741  0.127979  -0.360948  -0.491560  0.792518  -0.030539  -0.033872  0.117263  -3.463465  1.274814  1.192478  1.000000  
64.312980 -0.003636  -0.004596  -0.031047  0.627707  0.504293  0.593020  -0.691012  0.711747  0.126174  -0.358451  -0.488984  0.795240  -0.030648  -0.034370  0.118620  -3.465182  1.291587  1.234638  1.000000  
64.313981 -0.003667  -0.004633  -0.030922  0.627762  0.507328  0.590367  -0.691930  0.711120  0.124662  -0.356577  -0.486751  0.797450  -0.030695  -0.034740  0.119390  -3.466007  1.303928  1.257279  1.000000  
64.315231 -0.003704  -0.004679  -0.030768  0.627830  0.511000  0.587119  -0.693152  0.710204  0.123089  -0.354076  -0.484241  0.800088  -0.030579  -0.035094  0.119982  -3.461764  1.323642  1.295287  1.000000  
64.316477 -0.003742  -0.004725  -0.030612  0.627893  0.514582  0.583914  -0.694369  0.709268  0.121614  -0.351572  -0.481812  0.802654  -0.030571  -0.035560  0.121024  -3.454103  1.333334  1.332137  1.000000  
64.317478 -0.003771  -0.004762  -0.030484  0.627761  0.517607  0.581377  -0.695373  0.708556  0.120015  -0.349817  -0.479615  0.804734  -0.030455  -0.035853  0.121800  -3.459716  1.334474  1.356865  1.000000  
64.318724 -0.003807  -0.004809  -0.030318  0.627781  0.521325  0.578023  -0.696549  0.707703  0.118225  -0.347435  -0.476841  0.807411  -0.030369  -0.036275  0.123548  -3.454810  1.347861  1.376786  1.000000  
64.319980 -0.003843  -0.004856  -0.030146  0.627683  0.525351  0.574474  -0.697883  0.706716  0.116238  -0.344924  -0.473876  0.810227  -0.030219  -0.036610  0.125567  -3.466022  1.358728  1.416176  1.000000  
64.321224 -0.003880  -0.004904  -0.029969  0.627579  0.529215  0.571030  -0.699213  0.705695  0.114437  -0.342411  -0.471090  0.812913  -0.030168  -0.037055  0.127960  -3.474393  1.365950  1.450523  1.000000  
64.322473 -0.003917  -0.004951  -0.029789  0.627612  0.532845  0.567608  -0.700410  0.704763  0.112853  -0.339896  -0.468386  0.815528  -0.030111  -0.037320  0.130082  -3.472182  1.375445  1.466950  1.000000  
64.323474 -0.003947  -0.004990  -0.029645  0.627633  0.535692  0.564899  -0.701304  0.704088  0.111503  -0.338008  -0.466149  0.817592  -0.030012  -0.037602  0.131770  -3.468922  1.385396  1.485408  1.000000  
64.324724 -0.003984  -0.005038  -0.029465  0.627511  0.539431  0.561466  -0.702622  0.703037  0.109826  -0.335488  -0.463415  0.820179  -0.029909  -0.037745  0.133287  -3.465176  1.395557  1.509143  1.000000  
64.325974 -0.004020  -0.005086  -0.029286  0.627383  0.543150  0.558014  -0.703935  0.701980  0.108163  -0.332966  -0.460665  0.822752  -0.029690  -0.037764  0.134583  -3.458944  1.407359  1.537903  1.000000  
64.326974 -0.004049  -0.005124  -0.029145  0.627275  0.546070  0.555278  -0.704982  0.701123  0.106894  -0.330947  -0.458513  0.824767  -0.029639  -0.037879  0.135458  -3.455777  1.412638  1.556590  1.000000  
64.327983 -0.004077  -0.005162  -0.029004  0.627105  0.548896  0.552678  -0.705961  0.700354  0.105469  -0.329178  -0.456309  0.826694  -0.029389  -0.037767  0.136325  -3.451596  1.415288  1.571072  1.000000  
64.329243 -0.004113  -0.005209  -0.028827  0.626931  0.552456  0.549318  -0.707230  0.699315  0.103845  -0.326777  -0.453597  0.829136  -0.029199  -0.037785  0.137743  -3.442010  1.410940  1.589554  1.000000  
64.330482 -0.004149  -0.005257  -0.028646  0.626780  0.556169  0.545732  -0.708527  0.698251  0.102148  -0.324247  -0.450690  0.831711  -0.029117  -0.037905  0.139609  -3.434848  1.422827  1.603003  1.000000  
64.331731 -0.004185  -0.005304  -0.028460  0.626594  0.559755  0.542268  -0.709788  0.697214  0.100466  -0.321841  -0.447847  0.834177  -0.029015  -0.038005  0.141644  -3.429182  1.426091  1.613438  1.000000  
64.332977 -0.004220  -0.005352  -0.028270  0.626576  0.563152  0.538760  -0.710947  0.696231  0.099078  -0.319306  -0.445110  0.836613  -0.028897  -0.038111  0.143218  -3.416463  1.437040  1.623886  1.000000  
64.334227 -0.004254  -0.005400  -0.028078  0.626232  0.566711  0.535419  -0.712328  0.695044  0.097481  -0.316896  -0.442440  0.838942  -0.028771  -0.038150  0.144830  -3.403854  1.429872  1.641073  1.000000  
64.335475 -0.004289  -0.005448  -0.027889  0.626083  0.570121  0.531961  -0.713639  0.693868  0.096263  -0.314230  -0.439897  0.841279  -0.028682  -0.038169  0.145861  -3.380289  1.440527  1.646413  1.000000  
64.336475 -0.004318  -0.005486  -0.027739  0.625937  0.572984  0.529049  -0.714658  0.692993  0.094995  -0.312197  -0.437550  0.843257  -0.028674  -0.038192  0.146416  -3.373426  1.446435  1.650208  1.000000  
64.337725 -0.004353  -0.005532  -0.027554  0.625573  0.576552  0.525591  -0.716026  0.691803  0.093356  -0.309780  -0.434738  0.845600  -0.028508  -0.038094  0.146618  -3.366272  1.450580  1.666320  1.000000  
64.338727 -0.004380  -0.005569  -0.027407  0.625391  0.579410  0.522657  -0.717008  0.690975  0.091940  -0.307872  -0.432248  0.847571  -0.028356  -0.037936  0.146880  -3.368500  1.455500  1.661907  1.000000  
64.339976 -0.004415  -0.005614  -0.027223  0.625164  0.582862  0.519077  -0.718240  0.689905  0.090351  -0.305452  -0.429306  0.849939  -0.028231  -0.037753  0.147128  -3.367193  1.451384  1.665902  1.000000  
64.341225 -0.004448  -0.005659  -0.027035  0.624810  0.586410  0.515495  -0.719626  0.688655  0.088839  -0.302903  -0.426471  0.852275  -0.028027  -0.037557  0.147769  -3.357804  1.455225  1.674435  1.000000  
64.342474 -0.004481  -0.005704  -0.026844  0.624624  0.589894  0.511732  -0.720909  0.687490  0.087451  -0.300224  -0.423536  0.854683  -0.027847  -0.037339  0.148782  -3.356284  1.465777  1.673365  1.000000  
64.343729 -0.004514  -0.005748  -0.026651  0.624108  0.593602  0.508061  -0.722414  0.686119  0.085782  -0.297670  -0.420568  0.857039  -0.027774  -0.037254  0.150257  -3.355615  1.465950  1.686683  1.000000  
64.344992 -0.004547  -0.005792  -0.026457  0.623758  0.597060  0.504425  -0.723815  0.684802  0.084488  -0.294987  -0.417811  0.859312  -0.027444  -0.036893  0.150764  -3.349679  1.469253  1.694012  1.000000  
64.346226 -0.004579  -0.005835  -0.026263  0.623427  0.600594  0.500625  -0.725240  0.683448  0.083215  -0.292173  -0.414951  0.861656  -0.027196  -0.036691  0.151550  -3.358165  1.480296  1.700720  1.000000  
64.347227 -0.004602  -0.005869  -0.026110  0.623086  0.603388  0.497681  -0.726355  0.682407  0.082031  -0.290125  -0.412605  0.863472  -0.026899  -0.036399  0.151686  -3.353911  1.487305  1.711678  1.000000  
64.348476 -0.004632  -0.005912  -0.025922  0.622541  0.607011  0.493944  -0.727839  0.681015  0.080428  -0.287563  -0.409581  0.865766  -0.026591  -0.036000  0.151402  -3.353909  1.488269  1.725726  1.000000  
64.349749 -0.004662  -0.005954  -0.025737  0.622013  0.610705  0.490039  -0.729348  0.679584  0.078848  -0.284870  -0.406454  0.868127  -0.026205  -0.035555  0.150793  -3.345884  1.492016  1.732953  1.000000  
64.350973 -0.004691  -0.005996  -0.025553  0.621628  0.614176  0.486175  -0.730722  0.678265  0.077469  -0.282176  -0.403416  0.870421  -0.025876  -0.035267  0.150744  -3.343850  1.500419  1.736776  1.000000  
64.351981 -0.004715  -0.006030  -0.025405  0.621290  0.616994  0.483029  -0.731849  0.677177  0.076343  -0.279993  -0.400936  0.872270  -0.025456  -0.034991  0.150573  -3.349449  1.503061  1.745971  1.000000  
64.353224 -0.004743  -0.006072  -0.025220  0.620764  0.620538  0.479149  -0.733370  0.675673  0.075067  -0.277166  -0.397993  0.874517  -0.025025  -0.034729  0.150699  -3.346169  1.512880  1.764998  1.000000  
64.354474 -0.004770  -0.006114  -0.025031  0.620405  0.624012  0.475086  -0.734784  0.674262  0.073916  -0.274208  -0.394944  0.876829  -0.024647  -0.034560  0.151038  -3.345714  1.528404  1.771817  1.000000  
64.355724 -0.004798  -0.006157  -0.024839  0.620038  0.627518  0.470930  -0.736192  0.672857  0.072701  -0.271247  -0.391772  0.879170  -0.024171  -0.034379  0.151482  -3.349293  1.544111  1.778454  1.000000  
