1-Time 2-Px 3-Py 4-Pz 5-R11 6-R21 7-R31 8-R12 9-R22 10-R32 11-R13 12-R23 13-R33 14-Vx 15-Vy 16-Vz 17-Wx 18-Wy 19-Wz 20-state
145.733717 0.006104  -0.001660  -0.042538  0.623954  0.332393  0.707246  -0.640616  0.735872  0.219324  -0.447541  -0.589921  0.672086  0.000075  0.000397  -0.000122  0.000000  0.000000  0.000000  1.000000  
145.734805 0.006104  -0.001661  -0.042538  0.623954  0.332393  0.707246  -0.640616  0.735872  0.219324  -0.447541  -0.589921  0.672086  -0.000205  -0.001001  0.000463  0.000000  0.000000  0.000000  1.000000  
145.736062 0.006105  -0.001666  -0.042501  0.623954  0.332393  0.707246  -0.640616  0.735872  0.219324  -0.447541  -0.589921  0.672086  0.000522  -0.002914  0.018620  0.000000  0.000000  0.000000  1.000000  
145.737304 0.006105  -0.001672  -0.042446  0.623863  0.332600  0.707228  -0.640787  0.735747  0.219243  -0.447421  -0.589960  0.672131  0.000453  -0.003707  0.028629  0.000000  0.000000  0.000000  1.000000  
145.738313 0.006105  -0.001674  -0.042412  0.623863  0.332600  0.707228  -0.640787  0.735747  0.219243  -0.447421  -0.589960  0.672131  0.000277  -0.003234  0.029844  0.000000  0.000000  0.000000  1.000000  
145.739315 0.006103  -0.001673  -0.042390  0.623863  0.332685  0.707188  -0.640787  0.735774  0.219153  -0.447421  -0.589879  0.672203  -0.000059  -0.002353  0.028308  0.000000  0.000000  0.000000  1.000000  
145.740560 0.006098  -0.001669  -0.042371  0.623731  0.332837  0.707233  -0.640916  0.735705  0.219008  -0.447421  -0.589879  0.672203  -0.000881  -0.001330  0.025866  0.000000  0.000000  0.000000  1.000000  
145.741810 0.006088  -0.001666  -0.042352  0.623731  0.332837  0.707233  -0.640916  0.735705  0.219008  -0.447421  -0.589879  0.672203  -0.002022  -0.000717  0.024060  0.000000  0.000000  0.000000  1.000000  
145.743056 0.006080  -0.001664  -0.042331  0.623599  0.332988  0.707278  -0.641044  0.735637  0.218862  -0.447421  -0.589879  0.672203  -0.002644  -0.000388  0.023046  0.000000  0.000000  0.000000  1.000000  
145.744064 0.006079  -0.001663  -0.042311  0.623467  0.333140  0.707323  -0.641173  0.735568  0.218717  -0.447421  -0.589879  0.672203  -0.002509  -0.000227  0.022729  0.000000  0.000000  0.000000  1.000000  
145.745305 0.006078  -0.001663  -0.042280  0.623335  0.333205  0.707409  -0.641301  0.735473  0.218660  -0.447421  -0.589960  0.672131  -0.002283  -0.000249  0.023000  0.000000  0.000000  0.000000  1.000000  
145.746558 0.006073  -0.001665  -0.042244  0.623203  0.333185  0.707535  -0.641429  0.735352  0.218693  -0.447421  -0.590124  0.671988  -0.002469  -0.000382  0.023612  0.000000  0.000000  0.000000  1.000000  
145.747805 0.006064  -0.001667  -0.042206  0.623030  0.333196  0.707683  -0.641515  0.735313  0.218572  -0.447541  -0.590166  0.671872  -0.002907  -0.000456  0.024236  0.000000  0.000000  0.000000  1.000000  
145.748805 0.006056  -0.001670  -0.042170  0.622765  0.333327  0.707853  -0.641771  0.735123  0.218459  -0.447541  -0.590328  0.671729  -0.003223  -0.000632  0.025021  0.000000  0.000000  0.000000  1.000000  
145.750055 0.006049  -0.001677  -0.042115  0.622592  0.333165  0.708082  -0.641856  0.735031  0.218516  -0.447661  -0.590533  0.671469  -0.003733  -0.001024  0.028056  0.000000  0.000000  0.000000  1.000000  
145.751305 0.006043  -0.001687  -0.042053  0.622459  0.333059  0.708248  -0.641984  0.734883  0.218638  -0.447661  -0.590778  0.671254  -0.004222  -0.001186  0.028893  0.000000  0.000000  0.000000  1.000000  
145.752308 0.006041  -0.001692  -0.042010  0.622327  0.333038  0.708374  -0.642113  0.734762  0.218670  -0.447661  -0.590940  0.671110  -0.004393  -0.001247  0.028894  0.000000  0.000000  0.000000  1.000000  
145.753559 0.006037  -0.001693  -0.041971  0.622237  0.333073  0.708438  -0.642284  0.734583  0.218767  -0.447541  -0.591143  0.671012  -0.004540  -0.001245  0.028934  0.000000  0.000000  0.000000  1.000000  
145.754565 0.006030  -0.001691  -0.041948  0.622105  0.333138  0.708523  -0.642412  0.734488  0.218710  -0.447541  -0.591224  0.670940  -0.004890  -0.001340  0.029434  0.000000  0.000000  0.000000  1.000000  
145.755807 0.006016  -0.001689  -0.041914  0.622146  0.333107  0.708501  -0.642455  0.734405  0.218864  -0.447421  -0.591345  0.670914  -0.005320  -0.001385  0.030199  0.000000  0.000000  0.000000  1.000000  
145.756811 0.006006  -0.001688  -0.041874  0.622014  0.333172  0.708586  -0.642583  0.734310  0.218807  -0.447421  -0.591427  0.670842  -0.005434  -0.001514  0.032079  0.000000  0.000000  0.000000  1.000000  
145.757868 0.005999  -0.001687  -0.041823  0.622056  0.333228  0.708524  -0.642626  0.734253  0.218872  -0.447302  -0.591466  0.670887  -0.005442  -0.001555  0.034335  0.000000  0.000000  0.000000  1.000000  
145.759056 0.005997  -0.001685  -0.041745  0.621965  0.333434  0.708507  -0.642797  0.734127  0.218790  -0.447182  -0.591506  0.670932  -0.005417  -0.001524  0.037746  0.000000  0.000000  0.000000  1.000000  
145.760067 0.005996  -0.001684  -0.041678  0.622006  0.333489  0.708444  -0.642840  0.734070  0.218855  -0.447062  -0.591545  0.670976  -0.005568  -0.001437  0.040754  0.000000  0.000000  0.000000  1.000000  
145.761305 0.005987  -0.001683  -0.041599  0.621957  0.333750  0.708364  -0.643054  0.733888  0.218838  -0.446823  -0.591624  0.671066  -0.005843  -0.001241  0.043725  0.000000  0.000000  0.000000  1.000000  
145.762557 0.005973  -0.001681  -0.041531  0.621999  0.333891  0.708262  -0.643097  0.733858  0.218813  -0.446703  -0.591583  0.671183  -0.006153  -0.000993  0.045729  0.000000  0.000000  0.000000  1.000000  
145.763559 0.005963  -0.001676  -0.041489  0.622082  0.334001  0.708137  -0.643183  0.733744  0.218943  -0.446464  -0.591662  0.671272  -0.006330  -0.000449  0.046116  0.000000  0.000000  0.000000  1.000000  
145.764807 0.005950  -0.001670  -0.041444  0.622032  0.334348  0.708016  -0.643397  0.733588  0.218837  -0.446224  -0.591659  0.671434  -0.006693  0.000475  0.045468  0.000000  0.000000  0.000000  1.000000  
145.766055 0.005940  -0.001667  -0.041397  0.622074  0.334489  0.707913  -0.643440  0.733557  0.218813  -0.446105  -0.591617  0.671550  -0.006981  0.001322  0.044510  0.000000  0.000000  0.000000  1.000000  
145.767305 0.005931  -0.001666  -0.041345  0.622157  0.334599  0.707788  -0.643525  0.733444  0.218942  -0.445865  -0.591696  0.671640  -0.007284  0.001731  0.044355  0.000000  0.000000  0.000000  1.000000  
145.768560 0.005923  -0.001666  -0.041294  0.622240  0.334709  0.707663  -0.643611  0.733330  0.219071  -0.445626  -0.591775  0.671729  -0.007618  0.001799  0.045539  0.000000  0.000000  0.000000  1.000000  
145.769811 0.005913  -0.001665  -0.041242  0.622323  0.334819  0.707538  -0.643697  0.733216  0.219200  -0.445386  -0.591854  0.671819  -0.007561  0.001724  0.047044  0.000000  0.000000  0.000000  1.000000  
145.771059 0.005901  -0.001665  -0.041180  0.622406  0.334929  0.707414  -0.643783  0.733102  0.219329  -0.445146  -0.591932  0.671908  -0.007465  0.001610  0.048573  0.000000  0.000000  0.000000  1.000000  
145.772059 0.005891  -0.001665  -0.041123  0.622530  0.335180  0.707185  -0.643911  0.732958  0.219435  -0.444787  -0.591969  0.672114  -0.007532  0.001495  0.049315  0.000000  0.000000  0.000000  1.000000  
145.773311 0.005882  -0.001666  -0.041050  0.622745  0.335225  0.706974  -0.643868  0.732940  0.219620  -0.444547  -0.591966  0.672275  -0.007731  0.001323  0.049595  0.000000  0.000000  0.000000  1.000000  
145.774563 0.005877  -0.001665  -0.040982  0.622910  0.335617  0.706643  -0.644039  0.732765  0.219701  -0.444068  -0.591960  0.672597  -0.008056  0.001327  0.048388  0.000000  0.000000  0.000000  1.000000  
145.775806 0.005871  -0.001661  -0.040922  0.623167  0.335974  0.706247  -0.644039  0.732770  0.219685  -0.443708  -0.591751  0.673018  -0.008018  0.001537  0.046860  0.000000  0.000000  0.000000  1.000000  
145.776807 0.005862  -0.001656  -0.040881  0.623382  0.336190  0.705954  -0.643996  0.732805  0.219694  -0.443468  -0.591585  0.673323  -0.007913  0.001798  0.045772  0.000000  0.000000  0.000000  1.000000  
145.778055 0.005848  -0.001646  -0.040834  0.623679  0.336687  0.705454  -0.644038  0.732781  0.219653  -0.442989  -0.591333  0.673860  -0.007949  0.002142  0.045100  0.000000  0.000000  0.000000  1.000000  
145.779056 0.005837  -0.001637  -0.040792  0.623894  0.336989  0.705120  -0.643995  0.732843  0.219573  -0.442749  -0.591084  0.674236  -0.007984  0.002450  0.045252  0.000000  0.000000  0.000000  1.000000  
145.780063 0.005829  -0.001631  -0.040740  0.624151  0.337430  0.704682  -0.643994  0.732875  0.219468  -0.442389  -0.590792  0.674728  -0.007911  0.002577  0.046441  -0.083610  0.140529  0.139821  1.000000  
145.781305 0.005823  -0.001625  -0.040661  0.624407  0.337957  0.704202  -0.643993  0.732934  0.219274  -0.442029  -0.590417  0.675291  -0.007677  0.002758  0.048317  -0.109168  0.157583  0.138233  1.000000  
145.782305 0.005818  -0.001623  -0.040593  0.624754  0.338192  0.703781  -0.643821  0.733093  0.219249  -0.441789  -0.590086  0.675738  -0.007535  0.002936  0.050323  -0.128327  0.176488  0.130233  1.000000  
145.783307 0.005814  -0.001620  -0.040524  0.624969  0.338578  0.703405  -0.643777  0.733182  0.219079  -0.441549  -0.589753  0.676185  -0.007387  0.003127  0.052178  -0.146477  0.187963  0.123871  1.000000  
145.784557 0.005805  -0.001615  -0.040446  0.625275  0.338843  0.703005  -0.643562  0.733424  0.218900  -0.441428  -0.589300  0.676658  -0.007319  0.003404  0.053924  -0.169717  0.203551  0.112920  1.000000  
145.785805 0.005794  -0.001609  -0.040377  0.625490  0.339398  0.702546  -0.643518  0.733567  0.218551  -0.441188  -0.588803  0.677248  -0.007226  0.003723  0.054421  -0.198994  0.210963  0.111133  1.000000  
145.786805 0.005787  -0.001605  -0.040326  0.625796  0.339662  0.702146  -0.643302  0.733809  0.218372  -0.441068  -0.588348  0.677721  -0.007064  0.004030  0.054162  -0.218181  0.226526  0.100133  1.000000  
145.787811 0.005783  -0.001601  -0.040278  0.626102  0.339841  0.701787  -0.643087  0.734025  0.218281  -0.440948  -0.587976  0.678122  -0.006880  0.004400  0.053243  -0.232711  0.235057  0.090957  1.000000  
145.789059 0.005781  -0.001597  -0.040220  0.626540  0.340038  0.701300  -0.642742  0.734364  0.218156  -0.440828  -0.587438  0.678665  -0.006614  0.004672  0.052518  -0.250466  0.252925  0.072759  1.000000  
145.790059 0.005779  -0.001593  -0.040170  0.626846  0.340301  0.700899  -0.642527  0.734606  0.217975  -0.440708  -0.586983  0.679137  -0.006416  0.004766  0.052573  -0.266651  0.259025  0.062813  1.000000  
145.791063 0.005776  -0.001591  -0.040114  0.626978  0.340744  0.700565  -0.642397  0.734861  0.217495  -0.440708  -0.586406  0.679636  -0.006145  0.004599  0.053390  -0.291161  0.262471  0.047935  1.000000  
145.792310 0.005767  -0.001588  -0.040038  0.627375  0.340970  0.700100  -0.642010  0.735283  0.217214  -0.440708  -0.585746  0.680204  -0.005940  0.004189  0.055219  -0.310536  0.271364  0.030814  1.000000  
145.793312 0.005759  -0.001586  -0.039972  0.627639  0.341261  0.699721  -0.641752  0.735608  0.216878  -0.440708  -0.585168  0.680701  -0.005635  0.003736  0.057041  -0.332959  0.272746  0.015432  1.000000  
145.794557 0.005752  -0.001584  -0.039885  0.627994  0.341601  0.699237  -0.641322  0.736137  0.216352  -0.440828  -0.584304  0.681366  -0.005405  0.003296  0.059020  -0.357430  0.278887  -0.012329  1.000000  
145.795805 0.005748  -0.001578  -0.039793  0.628258  0.342145  0.698733  -0.641063  0.736540  0.215747  -0.440828  -0.583477  0.682074  -0.005151  0.003234  0.060144  -0.384781  0.281266  -0.024629  1.000000  
145.797055 0.005744  -0.001571  -0.039700  0.628613  0.342652  0.698166  -0.640633  0.737121  0.215041  -0.440948  -0.582445  0.682878  -0.005048  0.003479  0.060583  -0.427723  0.285591  -0.047944  1.000000  
145.798305 0.005738  -0.001562  -0.039617  0.629008  0.343213  0.697534  -0.640245  0.737645  0.214398  -0.440948  -0.581451  0.683725  -0.005062  0.003850  0.060511  -0.467564  0.290998  -0.068133  1.000000  
145.799305 0.005732  -0.001552  -0.039555  0.629099  0.343937  0.697096  -0.640073  0.738057  0.213492  -0.441068  -0.580500  0.684455  -0.004985  0.004238  0.060447  -0.509294  0.284764  -0.081840  1.000000  
145.800555 0.005722  -0.001538  -0.039483  0.629453  0.344440  0.696527  -0.639642  0.738635  0.212782  -0.441188  -0.579465  0.685254  -0.004889  0.004801  0.060571  -0.549034  0.286655  -0.104958  1.000000  
145.801807 0.005714  -0.001525  -0.039406  0.629674  0.345180  0.695960  -0.639341  0.739167  0.211839  -0.441308  -0.578345  0.686122  -0.004894  0.005402  0.061539  -0.586971  0.282106  -0.122399  1.000000  
145.803055 0.005708  -0.001514  -0.039317  0.629896  0.346002  0.695351  -0.639040  0.739723  0.210804  -0.441428  -0.577142  0.687058  -0.004913  0.005811  0.063313  -0.636523  0.272487  -0.138966  1.000000  
145.804057 0.005705  -0.001507  -0.039239  0.630118  0.346487  0.694909  -0.638738  0.740176  0.210127  -0.441549  -0.576270  0.687712  -0.005069  0.006017  0.065384  -0.666813  0.270251  -0.157200  1.000000  
145.805064 0.005701  -0.001501  -0.039157  0.630339  0.346970  0.694467  -0.638437  0.740628  0.209450  -0.441669  -0.575397  0.688365  -0.005278  0.006177  0.067690  -0.697790  0.259324  -0.178066  1.000000  
145.806308 0.005693  -0.001495  -0.039057  0.630429  0.347943  0.693898  -0.638265  0.741109  0.208269  -0.441789  -0.574190  0.689296  -0.005406  0.006336  0.069503  -0.738708  0.245515  -0.190087  1.000000  
145.807308 0.005685  -0.001490  -0.038982  0.630650  0.348509  0.693413  -0.637963  0.741584  0.207500  -0.441909  -0.573232  0.690016  -0.005463  0.006566  0.070394  -0.761099  0.243135  -0.208506  1.000000  
145.808315 0.005677  -0.001482  -0.038914  0.630740  0.349227  0.692970  -0.637791  0.741987  0.206587  -0.442029  -0.572273  0.690735  -0.005451  0.007058  0.070574  -0.789485  0.229214  -0.220359  1.000000  
145.809555 0.005668  -0.001471  -0.038836  0.630961  0.350128  0.692314  -0.637489  0.742560  0.205456  -0.442149  -0.570977  0.691729  -0.005573  0.007516  0.069930  -0.831260  0.215514  -0.232577  1.000000  
145.810556 0.005663  -0.001461  -0.038774  0.631092  0.350899  0.691804  -0.637360  0.742906  0.204607  -0.442149  -0.570054  0.692490  -0.005747  0.007924  0.069039  -0.849001  0.210538  -0.241135  1.000000  
145.811805 0.005656  -0.001450  -0.038694  0.631182  0.352034  0.691145  -0.637188  0.743428  0.203241  -0.442269  -0.568671  0.693550  -0.005935  0.008248  0.068232  -0.895911  0.190803  -0.253260  1.000000  
145.813055 0.005648  -0.001437  -0.038610  0.631402  0.353099  0.690400  -0.636886  0.744045  0.201926  -0.442389  -0.567203  0.694675  -0.006090  0.008470  0.068230  -0.936757  0.180141  -0.262264  1.000000  
145.814305 0.005639  -0.001422  -0.038522  0.631492  0.354315  0.689695  -0.636714  0.744586  0.200467  -0.442509  -0.565732  0.695797  -0.006200  0.008639  0.069003  -0.984578  0.168880  -0.263534  1.000000  
145.815306 0.005630  -0.001411  -0.038447  0.631754  0.355262  0.688967  -0.636454  0.745096  0.199396  -0.442509  -0.564465  0.696825  -0.006284  0.008656  0.070225  -1.018153  0.165643  -0.274276  1.000000  
145.816311 0.005621  -0.001398  -0.038368  0.631885  0.356362  0.688279  -0.636323  0.745531  0.198182  -0.442509  -0.563196  0.697851  -0.006414  0.008722  0.071443  -1.062030  0.157889  -0.272621  1.000000  
145.817555 0.005610  -0.001385  -0.038263  0.632147  0.357640  0.687375  -0.636063  0.746133  0.196746  -0.442509  -0.561586  0.699147  -0.006682  0.008831  0.072707  -1.105897  0.152766  -0.273488  1.000000  
145.818565 0.005603  -0.001374  -0.038178  0.632278  0.358903  0.686596  -0.635933  0.746611  0.195348  -0.442509  -0.560143  0.700304  -0.006923  0.009118  0.073207  -1.158854  0.146203  -0.274080  1.000000  
145.819810 0.005594  -0.001358  -0.038074  0.632540  0.360426  0.685556  -0.635673  0.747278  0.193638  -0.442509  -0.558273  0.701796  -0.007155  0.009675  0.073582  -1.214151  0.141127  -0.274955  1.000000  
145.821060 0.005583  -0.001340  -0.037980  0.632932  0.361709  0.684517  -0.635282  0.747993  0.192156  -0.442509  -0.556483  0.703216  -0.007446  0.010513  0.073051  -1.263724  0.144571  -0.279959  1.000000  
145.822308 0.005570  -0.001321  -0.037893  0.633235  0.363362  0.683360  -0.635063  0.748623  0.190417  -0.442389  -0.554556  0.704812  -0.007620  0.011302  0.072648  -1.327403  0.143578  -0.272645  1.000000  
145.823309 0.005560  -0.001306  -0.037827  0.633455  0.364492  0.682554  -0.634760  0.749239  0.188996  -0.442509  -0.552979  0.705975  -0.007773  0.011756  0.072533  -1.371857  0.139711  -0.275685  1.000000  
145.824311 0.005550  -0.001292  -0.037757  0.633716  0.365673  0.681679  -0.634500  0.749801  0.187641  -0.442509  -0.551436  0.707180  -0.007971  0.012148  0.073089  -1.418751  0.139928  -0.270524  1.000000  
145.825313 0.005542  -0.001278  -0.037682  0.633978  0.366934  0.680758  -0.634239  0.750382  0.186192  -0.442509  -0.549805  0.708449  -0.008188  0.012427  0.074010  -1.463369  0.139464  -0.270712  1.000000  
145.826558 0.005531  -0.001264  -0.037580  0.634369  0.368368  0.679618  -0.633847  0.751127  0.184518  -0.442509  -0.547826  0.709980  -0.008467  0.012586  0.075540  -1.505392  0.146312  -0.273035  1.000000  
145.827806 0.005520  -0.001251  -0.037472  0.634760  0.369881  0.678430  -0.633455  0.751889  0.182750  -0.442509  -0.545757  0.711572  -0.008730  0.012607  0.077151  -1.554422  0.145727  -0.273374  1.000000  
145.829055 0.005505  -0.001239  -0.037367  0.635152  0.371554  0.677149  -0.633063  0.752691  0.180796  -0.442509  -0.543510  0.713290  -0.009040  0.012438  0.078175  -1.603175  0.151256  -0.273419  1.000000  
145.830306 0.005489  -0.001226  -0.037270  0.635500  0.373089  0.675976  -0.632629  0.753518  0.178862  -0.442629  -0.541309  0.714888  -0.009357  0.012291  0.078506  -1.657306  0.151839  -0.276059  1.000000  
145.831555 0.005474  -0.001213  -0.037178  0.635891  0.374835  0.674642  -0.632236  0.754331  0.176810  -0.442629  -0.538965  0.716657  -0.009653  0.012174  0.077883  -1.705221  0.157270  -0.276150  1.000000  
145.832805 0.005458  -0.001199  -0.037087  0.636239  0.376607  0.673325  -0.631801  0.755211  0.174596  -0.442749  -0.536492  0.718435  -0.010059  0.012243  0.076831  -1.762776  0.160394  -0.281347  1.000000  
145.834055 0.005444  -0.001185  -0.036995  0.636759  0.378350  0.671855  -0.631277  0.756132  0.172491  -0.442749  -0.533962  0.720318  -0.010386  0.012195  0.076059  -1.821505  0.170809  -0.288675  1.000000  
145.835055 0.005433  -0.001173  -0.036920  0.636977  0.379942  0.670749  -0.630973  0.756838  0.170498  -0.442869  -0.531828  0.721822  -0.010671  0.012107  0.075673  -1.878539  0.170244  -0.289084  1.000000  
145.836056 0.005420  -0.001160  -0.036843  0.637367  0.381588  0.669443  -0.630580  0.757607  0.168523  -0.442869  -0.529549  0.723495  -0.010857  0.011975  0.075769  -1.932601  0.180641  -0.296336  1.000000  
145.837306 0.005404  -0.001145  -0.036744  0.637886  0.383559  0.667820  -0.630055  0.758572  0.166131  -0.442869  -0.526736  0.725545  -0.011116  0.011704  0.076642  -1.999267  0.190882  -0.303814  1.000000  
145.838319 0.005390  -0.001133  -0.036659  0.638275  0.385275  0.666459  -0.629661  0.759350  0.164058  -0.442869  -0.524357  0.727267  -0.011355  0.011471  0.077925  -2.062294  0.202808  -0.313812  1.000000  
145.839561 0.005374  -0.001118  -0.036549  0.638793  0.387314  0.664779  -0.629135  0.760320  0.161565  -0.442869  -0.521442  0.729360  -0.011682  0.011317  0.079348  -2.133577  0.213034  -0.321481  1.000000  
145.840809 0.005358  -0.001104  -0.036435  0.639269  0.389456  0.663068  -0.628567  0.761368  0.158813  -0.442989  -0.518307  0.731518  -0.011974  0.011201  0.080454  -2.202101  0.223354  -0.336964  1.000000  
145.842055 0.005341  -0.001093  -0.036324  0.639786  0.391800  0.661185  -0.628040  0.762396  0.155939  -0.442989  -0.515018  0.733837  -0.012365  0.011070  0.080891  -2.281856  0.233380  -0.344889  1.000000  
145.843322 0.005323  -0.001081  -0.036222  0.640390  0.393929  0.659333  -0.627340  0.763543  0.153125  -0.443109  -0.511686  0.736093  -0.012797  0.011023  0.080336  -2.352723  0.239706  -0.362998  1.000000  
145.844561 0.005303  -0.001068  -0.036132  0.640993  0.396049  0.657475  -0.626639  0.764678  0.150305  -0.443228  -0.508344  0.738333  -0.013107  0.011108  0.079734  -2.422904  0.253469  -0.383784  1.000000  
145.845809 0.005281  -0.001055  -0.036045  0.641466  0.398396  0.655592  -0.626070  0.765738  0.147249  -0.443348  -0.504902  0.740619  -0.013504  0.011042  0.079243  -2.494931  0.256000  -0.397411  1.000000  
145.847058 0.005260  -0.001044  -0.035957  0.642110  0.400783  0.653503  -0.625409  0.766856  0.144205  -0.443348  -0.501302  0.743060  -0.013876  0.010877  0.078958  -2.568078  0.269290  -0.418276  1.000000  
145.848065 0.005244  -0.001037  -0.035880  0.642454  0.402795  0.651927  -0.624971  0.767706  0.141560  -0.443468  -0.498381  0.744951  -0.014123  0.010600  0.079293  -2.629718  0.268054  -0.426634  1.000000  
145.849317 0.005224  -0.001029  -0.035778  0.643054  0.405194  0.649845  -0.624268  0.768864  0.138340  -0.443588  -0.494638  0.747371  -0.014494  0.010137  0.079966  -2.697321  0.273661  -0.445246  1.000000  
145.850555 0.005205  -0.001022  -0.035673  0.643654  0.407581  0.647756  -0.623564  0.770008  0.135111  -0.443708  -0.490882  0.749772  -0.014787  0.009586  0.080678  -2.766636  0.279301  -0.464191  1.000000  
145.851555 0.005189  -0.001015  -0.035590  0.644125  0.409646  0.645983  -0.622993  0.770958  0.132303  -0.443828  -0.487662  0.751799  -0.014986  0.009283  0.080918  -2.824006  0.279200  -0.481440  1.000000  
145.852555 0.005172  -0.001008  -0.035511  0.644723  0.411543  0.644177  -0.622288  0.771982  0.129622  -0.443948  -0.484434  0.753813  -0.015262  0.008867  0.080849  -2.890640  0.283372  -0.499210  1.000000  
145.853558 0.005155  -0.001000  -0.035434  0.645320  0.413511  0.642317  -0.621583  0.773011  0.126841  -0.444068  -0.481106  0.755871  -0.015486  0.008619  0.080331  -2.942851  0.293661  -0.515908  1.000000  
145.854563 0.005138  -0.000993  -0.035358  0.645917  0.415469  0.640451  -0.620877  0.774030  0.124053  -0.444188  -0.477769  0.757914  -0.015753  0.008308  0.079246  -3.017649  0.297651  -0.533867  1.000000  
145.855809 0.005118  -0.000983  -0.035266  0.646640  0.418110  0.637997  -0.620038  0.775285  0.120356  -0.444308  -0.473409  0.760575  -0.016058  0.008105  0.077951  -3.093994  0.303487  -0.553432  1.000000  
145.856811 0.005101  -0.000976  -0.035193  0.647235  0.420202  0.636016  -0.619331  0.776308  0.117365  -0.444427  -0.469867  0.762698  -0.016283  0.007914  0.076643  -3.174797  0.307293  -0.571939  1.000000  
145.858059 0.005080  -0.000969  -0.035099  0.647914  0.422771  0.633618  -0.618449  0.777574  0.113579  -0.444667  -0.465450  0.765263  -0.016479  0.007565  0.076208  -3.255002  0.307835  -0.593660  1.000000  
145.859307 0.005057  -0.000964  -0.035004  0.648548  0.424975  0.631492  -0.617525  0.778809  0.110089  -0.445027  -0.461360  0.767527  -0.016619  0.007091  0.076406  -3.319031  0.304621  -0.617855  1.000000  
145.860308 0.005038  -0.000963  -0.034924  0.649097  0.426990  0.629566  -0.616775  0.779833  0.107004  -0.445266  -0.457756  0.769543  -0.016800  0.006501  0.077112  -3.377609  0.305493  -0.631649  1.000000  
145.861555 0.005015  -0.000964  -0.034818  0.649729  0.429627  0.627115  -0.615849  0.781111  0.102929  -0.445626  -0.453084  0.772096  -0.016912  0.005654  0.078369  -3.458293  0.301656  -0.656041  1.000000  
145.862555 0.004996  -0.000967  -0.034730  0.650106  0.431739  0.625272  -0.615191  0.782057  0.099628  -0.445985  -0.449431  0.774022  -0.017039  0.004948  0.079242  -3.517398  0.298567  -0.672417  1.000000  
145.863805 0.004974  -0.000972  -0.034620  0.650608  0.434285  0.622981  -0.614399  0.783171  0.095690  -0.446344  -0.445016  0.776362  -0.017192  0.004027  0.079990  -3.583529  0.287573  -0.686306  1.000000  
145.864805 0.004955  -0.000979  -0.034535  0.650984  0.436377  0.621124  -0.613740  0.784085  0.092377  -0.446703  -0.441344  0.778249  -0.017437  0.003150  0.080123  -3.628912  0.282082  -0.696791  1.000000  
145.866055 0.004930  -0.000987  -0.034435  0.651441  0.438858  0.618893  -0.612906  0.785201  0.088351  -0.447182  -0.436878  0.780491  -0.017803  0.002015  0.079753  -3.678733  0.270328  -0.717948  1.000000  
145.867306 0.004903  -0.000996  -0.034342  0.651771  0.441414  0.616724  -0.612205  0.786194  0.084284  -0.447661  -0.432496  0.782654  -0.018236  0.000953  0.079226  -3.731018  0.251856  -0.728692  1.000000  
145.868307 0.004880  -0.001002  -0.034270  0.651892  0.443653  0.614987  -0.611813  0.786855  0.080888  -0.448020  -0.428988  0.784377  -0.018657  0.000017  0.078805  -3.771697  0.234517  -0.731802  1.000000  
145.869308 0.004856  -0.001010  -0.034195  0.652094  0.445905  0.613141  -0.611247  0.787660  0.077256  -0.448498  -0.425158  0.786187  -0.019135  -0.001060  0.078903  -3.823681  0.216417  -0.742035  1.000000  
145.870313 0.004830  -0.001020  -0.034116  0.652296  0.448223  0.611232  -0.610680  0.788457  0.073522  -0.448976  -0.421226  0.788029  -0.019725  -0.002199  0.079121  -3.870990  0.198075  -0.752050  1.000000  
145.871561 0.004797  -0.001033  -0.034008  0.652498  0.451051  0.608933  -0.610113  0.789295  0.069113  -0.449454  -0.416614  0.790205  -0.020542  -0.003689  0.080271  -3.921180  0.177481  -0.755735  1.000000  
145.872563 0.004769  -0.001045  -0.033917  0.652573  0.453292  0.607186  -0.609679  0.789935  0.065531  -0.449932  -0.412952  0.791853  -0.021361  -0.005063  0.081444  -3.959144  0.156404  -0.752634  1.000000  
145.873808 0.004731  -0.001060  -0.033798  0.652729  0.456352  0.604721  -0.609071  0.790793  0.060653  -0.450530  -0.407908  0.794125  -0.022505  -0.006430  0.083067  -4.019919  0.130527  -0.752330  1.000000  
145.875058 0.004690  -0.001075  -0.033676  0.652885  0.459471  0.602186  -0.608462  0.791628  0.055673  -0.451127  -0.402755  0.796412  -0.023543  -0.007450  0.084623  -4.081465  0.103363  -0.752548  1.000000  
145.876306 0.004649  -0.001090  -0.033554  0.653039  0.462431  0.599748  -0.607853  0.792418  0.050877  -0.451724  -0.397783  0.798570  -0.024687  -0.008409  0.085700  -4.133544  0.080782  -0.756834  1.000000  
145.877306 0.004615  -0.001103  -0.033456  0.653237  0.464691  0.597782  -0.607285  0.793086  0.047109  -0.452201  -0.393797  0.800274  -0.025672  -0.009117  0.086394  -4.161326  0.065780  -0.763748  1.000000  
145.878555 0.004573  -0.001120  -0.033333  0.653391  0.467627  0.595319  -0.606675  0.793824  0.042300  -0.452798  -0.388804  0.802375  -0.027011  -0.009873  0.087252  -4.207525  0.039947  -0.762169  1.000000  
145.879556 0.004539  -0.001134  -0.033233  0.653507  0.469998  0.593321  -0.606282  0.794314  0.038569  -0.453156  -0.384926  0.804041  -0.028190  -0.010499  0.088223  -4.237595  0.018883  -0.758158  1.000000  
145.880805 0.004497  -0.001154  -0.033107  0.653783  0.472890  0.590713  -0.605538  0.795104  0.033678  -0.453752  -0.379717  0.806179  -0.029352  -0.011306  0.090051  -4.286929  -0.003586  -0.760209  1.000000  
145.882055 0.004454  -0.001175  -0.032975  0.653934  0.475860  0.588155  -0.604928  0.795761  0.028754  -0.454348  -0.374595  0.808237  -0.030449  -0.012193  0.092645  -4.322170  -0.029112  -0.751682  1.000000  
145.883305 0.004409  -0.001200  -0.032839  0.654209  0.478581  0.585637  -0.604183  0.796483  0.024042  -0.454944  -0.369560  0.810217  -0.031363  -0.013175  0.095445  -4.345240  -0.055109  -0.749307  1.000000  
145.884307 0.004374  -0.001222  -0.032724  0.654482  0.480581  0.583691  -0.603437  0.797152  0.020289  -0.455540  -0.365500  0.811723  -0.032103  -0.014102  0.098080  -4.370932  -0.077257  -0.752449  1.000000  
145.885331 0.004340  -0.001245  -0.032608  0.654675  0.482843  0.581603  -0.602868  0.797673  0.016389  -0.456016  -0.361359  0.813307  -0.032734  -0.015082  0.100567  -4.389011  -0.102429  -0.746932  1.000000  
145.886558 0.004296  -0.001276  -0.032463  0.654947  0.485529  0.579056  -0.602122  0.798319  0.011658  -0.456611  -0.356298  0.815204  -0.033400  -0.016215  0.103034  -4.408383  -0.124360  -0.743693  1.000000  
145.887559 0.004262  -0.001301  -0.032349  0.655262  0.487536  0.577009  -0.601417  0.798896  0.007964  -0.457087  -0.352242  0.816699  -0.033857  -0.017079  0.104544  -4.411324  -0.139833  -0.749007  1.000000  
145.888563 0.004227  -0.001326  -0.032237  0.655532  0.489500  0.575037  -0.600670  0.799486  0.004191  -0.457682  -0.348155  0.818117  -0.034155  -0.018058  0.105775  -4.435644  -0.161380  -0.741772  1.000000  
145.889812 0.004183  -0.001358  -0.032100  0.655924  0.492194  0.572284  -0.599789  0.800158  -0.000730  -0.458277  -0.342770  0.820055  -0.034385  -0.019183  0.106791  -4.472281  -0.176723  -0.739402  1.000000  
145.891058 0.004139  -0.001390  -0.031963  0.656191  0.494830  0.569699  -0.599041  0.800699  -0.005485  -0.458871  -0.337674  0.821835  -0.034539  -0.020387  0.107895  -4.486160  -0.194732  -0.731104  1.000000  
145.892309 0.004096  -0.001424  -0.031821  0.656580  0.497287  0.567105  -0.598159  0.801314  -0.010129  -0.459466  -0.332568  0.823583  -0.034605  -0.021548  0.109127  -4.493599  -0.207209  -0.733685  1.000000  
145.893555 0.004055  -0.001458  -0.031670  0.657136  0.499598  0.564424  -0.597182  0.801973  -0.014589  -0.459941  -0.327477  0.825356  -0.034593  -0.022703  0.111062  -4.506939  -0.212931  -0.739934  1.000000  
145.894805 0.004013  -0.001492  -0.031512  0.657568  0.502058  0.561731  -0.596340  0.802503  -0.019172  -0.460416  -0.322376  0.827098  -0.034595  -0.023813  0.113354  -4.514665  -0.216542  -0.739988  1.000000  
145.895805 0.003979  -0.001520  -0.031381  0.658090  0.503956  0.559415  -0.595580  0.802974  -0.022736  -0.460654  -0.318214  0.828576  -0.034560  -0.024429  0.115040  -4.531913  -0.214191  -0.741097  1.000000  
145.897055 0.003935  -0.001556  -0.031213  0.658566  0.506555  0.556501  -0.594778  0.803421  -0.027451  -0.461010  -0.312916  0.830393  -0.034545  -0.025492  0.117627  -4.557143  -0.211939  -0.743436  1.000000  
145.898305 0.003891  -0.001593  -0.031045  0.659254  0.508897  0.553541  -0.593923  0.803897  -0.031714  -0.461129  -0.307853  0.832218  -0.034574  -0.026180  0.119561  -4.563311  -0.195792  -0.754670  1.000000  
145.899305 0.003854  -0.001621  -0.030911  0.659697  0.510885  0.551177  -0.593338  0.804182  -0.035235  -0.461247  -0.303791  0.833644  -0.034671  -0.026657  0.120867  -4.564337  -0.184739  -0.753766  1.000000  
145.900342 0.003818  -0.001650  -0.030778  0.660262  0.512695  0.548815  -0.592618  0.804556  -0.038646  -0.461366  -0.299721  0.835050  -0.034707  -0.026976  0.121768  -4.552748  -0.168733  -0.761815  1.000000  
145.901643 0.003771  -0.001686  -0.030614  0.660871  0.515120  0.545803  -0.591938  0.804843  -0.042865  -0.461366  -0.294753  0.836817  -0.034836  -0.027207  0.122628  -4.547711  -0.151573  -0.763710  1.000000  
145.902806 0.003722  -0.001722  -0.030450  0.661480  0.517658  0.542655  -0.591257  0.805096  -0.047285  -0.461366  -0.289571  0.838624  -0.035367  -0.027664  0.124786  -4.566146  -0.131240  -0.768488  1.000000  
145.904062 0.003672  -0.001758  -0.030286  0.662013  0.520240  0.539527  -0.590753  0.805204  -0.051550  -0.461247  -0.284601  0.840389  -0.035847  -0.028035  0.126702  -4.550324  -0.108544  -0.761507  1.000000  
145.905311 0.003619  -0.001795  -0.030119  0.662545  0.522932  0.536261  -0.590249  0.805275  -0.056013  -0.461129  -0.279416  0.842192  -0.036383  -0.028286  0.128754  -4.550381  -0.088943  -0.751713  1.000000  
145.906564 0.003566  -0.001831  -0.029948  0.663002  0.525733  0.532948  -0.589922  0.805197  -0.060417  -0.460891  -0.274342  0.843988  -0.037044  -0.028532  0.130880  -4.546045  -0.061411  -0.743463  1.000000  
145.907809 0.003513  -0.001870  -0.029773  0.663458  0.528255  0.529877  -0.589594  0.805126  -0.064431  -0.460654  -0.269666  0.845623  -0.037842  -0.028848  0.132769  -4.534331  -0.036489  -0.731414  1.000000  
145.909056 0.003457  -0.001908  -0.029595  0.663839  0.531079  0.526567  -0.589444  0.804885  -0.068675  -0.460297  -0.264793  0.847355  -0.038855  -0.029179  0.134348  -4.529699  -0.013796  -0.713946  1.000000  
145.910057 0.003411  -0.001939  -0.029453  0.664220  0.533247  0.523888  -0.589293  0.804710  -0.071942  -0.459941  -0.260939  0.848743  -0.039690  -0.029369  0.135220  -4.524225  0.006097  -0.692663  1.000000  
145.911305 0.003351  -0.001978  -0.029278  0.664647  0.536060  0.520466  -0.589183  0.804407  -0.076109  -0.459466  -0.256063  0.850484  -0.040712  -0.029508  0.135780  -4.510667  0.039130  -0.670788  1.000000  
145.912307 0.003304  -0.002008  -0.029140  0.664952  0.538326  0.517730  -0.589209  0.804079  -0.079310  -0.458990  -0.252314  0.851860  -0.041622  -0.029643  0.136012  -4.504617  0.065356  -0.646733  1.000000  
145.913555 0.003242  -0.002045  -0.028965  0.665303  0.541290  0.514177  -0.589275  0.803605  -0.083506  -0.458396  -0.247435  0.853609  -0.042725  -0.029741  0.136505  -4.506232  0.097329  -0.614218  1.000000  
145.914805 0.003181  -0.002082  -0.028788  0.665654  0.544168  0.510672  -0.589341  0.803121  -0.087601  -0.457801  -0.242648  0.855301  -0.043699  -0.029748  0.137096  -4.499306  0.131047  -0.582899  1.000000  
145.916057 0.003119  -0.002120  -0.028605  0.666050  0.547048  0.507066  -0.589448  0.802594  -0.091618  -0.457087  -0.237867  0.857024  -0.044830  -0.029904  0.138451  -4.496633  0.170941  -0.547290  1.000000  
145.917307 0.003056  -0.002155  -0.028417  0.666400  0.549943  0.503462  -0.589513  0.802057  -0.095805  -0.456492  -0.232953  0.858690  -0.045747  -0.029835  0.139857  -4.501390  0.202060  -0.510221  1.000000  
145.918308 0.003005  -0.002183  -0.028264  0.666629  0.552312  0.500558  -0.589715  0.801518  -0.099022  -0.455897  -0.229175  0.860021  -0.046604  -0.029821  0.141487  -4.505939  0.230374  -0.476398  1.000000  
145.919555 0.002939  -0.002218  -0.028070  0.667070  0.555149  0.496818  -0.589861  0.800915  -0.102953  -0.455063  -0.224376  0.861727  -0.047494  -0.029732  0.143391  -4.494483  0.270419  -0.437529  1.000000  
145.920805 0.002874  -0.002252  -0.027871  0.667389  0.558126  0.493039  -0.590143  0.800179  -0.106982  -0.454229  -0.219565  0.863405  -0.048335  -0.029550  0.145369  -4.490670  0.310965  -0.399083  1.000000  
145.921807 0.002821  -0.002279  -0.027713  0.667616  0.560501  0.490028  -0.590344  0.799582  -0.110286  -0.453633  -0.215656  0.864702  -0.048962  -0.029325  0.146722  -4.494803  0.339666  -0.364841  1.000000  
145.923059 0.002757  -0.002313  -0.027519  0.668056  0.563210  0.486309  -0.590488  0.798939  -0.114108  -0.452798  -0.210929  0.866304  -0.049733  -0.029041  0.147963  -4.490336  0.380341  -0.318500  1.000000  
145.924060 0.002705  -0.002342  -0.027366  0.668283  0.565432  0.483410  -0.590688  0.798341  -0.117211  -0.452201  -0.207214  0.867512  -0.050198  -0.028870  0.148664  -4.489913  0.405785  -0.285892  1.000000  
145.925307 0.002640  -0.002377  -0.027176  0.668767  0.568118  0.479576  -0.590871  0.797649  -0.120949  -0.451246  -0.202480  0.869125  -0.050685  -0.028641  0.149575  -4.489990  0.442432  -0.244336  1.000000  
145.926554 0.002573  -0.002412  -0.026986  0.669205  0.570818  0.475744  -0.591012  0.796941  -0.124857  -0.450410  -0.197616  0.870677  -0.051160  -0.028433  0.150655  -4.482678  0.474924  -0.214286  1.000000  
145.927557 0.002520  -0.002441  -0.026832  0.669475  0.573064  0.472653  -0.591252  0.796270  -0.127969  -0.449693  -0.193784  0.871908  -0.051436  -0.028340  0.151642  -4.481860  0.501747  -0.172978  1.000000  
145.928558 0.002468  -0.002469  -0.026676  0.669868  0.575016  0.469717  -0.591352  0.795737  -0.130788  -0.448976  -0.190158  0.873075  -0.051689  -0.028276  0.152732  -4.470871  0.526031  -0.148740  1.000000  
145.929805 0.002403  -0.002507  -0.026475  0.670426  0.577317  0.466083  -0.591354  0.795150  -0.134299  -0.448139  -0.185583  0.874489  -0.051890  -0.028253  0.154312  -4.463805  0.550275  -0.122753  1.000000  
145.930805 0.002350  -0.002536  -0.026312  0.670817  0.579293  0.463059  -0.591454  0.794579  -0.137210  -0.447421  -0.181835  0.875643  -0.052085  -0.028237  0.155492  -4.457147  0.571063  -0.100563  1.000000  
145.932057 0.002285  -0.002572  -0.026105  0.671375  0.581665  0.459261  -0.591455  0.793931  -0.140909  -0.446584  -0.177030  0.877054  -0.052286  -0.028241  0.156756  -4.446005  0.598545  -0.072947  1.000000  
145.933328 0.002218  -0.002606  -0.025900  0.671932  0.583903  0.455593  -0.591454  0.793301  -0.144413  -0.445745  -0.172427  0.878396  -0.052565  -0.028217  0.157985  -4.428570  0.624897  -0.056265  1.000000  
145.934558 0.002151  -0.002640  -0.025696  0.672655  0.586026  0.451784  -0.591354  0.792745  -0.147840  -0.444787  -0.167719  0.879793  -0.052529  -0.028130  0.158268  -4.415018  0.648643  -0.045305  1.000000  
145.935805 0.002085  -0.002673  -0.025492  0.673211  0.588272  0.448021  -0.591352  0.792067  -0.151435  -0.443948  -0.162990  0.881104  -0.052589  -0.028070  0.158636  -4.398300  0.672856  -0.036528  1.000000  
145.936805 0.002032  -0.002699  -0.025327  0.673767  0.590063  0.444819  -0.591348  0.791524  -0.154260  -0.443109  -0.159108  0.882236  -0.052585  -0.027990  0.159086  -4.392988  0.692783  -0.028312  1.000000  
145.937809 0.001979  -0.002725  -0.025163  0.674278  0.591660  0.441914  -0.591305  0.791043  -0.156874  -0.442389  -0.155529  0.883234  -0.052720  -0.027900  0.159713  -4.380458  0.711472  -0.028771  1.000000  
145.938831 0.001926  -0.002751  -0.024997  0.674832  0.593366  0.438769  -0.591300  0.790501  -0.159600  -0.441549  -0.151741  0.884313  -0.052720  -0.027700  0.160393  -4.364873  0.732640  -0.026774  1.000000  
145.940061 0.001858  -0.002784  -0.024787  0.675387  0.595530  0.434967  -0.591295  0.789773  -0.163187  -0.440708  -0.146980  0.885536  -0.052949  -0.027543  0.161980  -4.355439  0.746077  -0.027909  1.000000  
145.941310 0.001790  -0.002817  -0.024574  0.675985  0.597685  0.431065  -0.591327  0.789016  -0.166693  -0.439747  -0.142218  0.886790  -0.053098  -0.027423  0.163477  -4.347452  0.763472  -0.028130  1.000000  
145.942555 0.001722  -0.002850  -0.024359  0.676538  0.599698  0.427386  -0.591319  0.788298  -0.170082  -0.438906  -0.137654  0.887926  -0.053252  -0.027264  0.164882  -4.329740  0.771609  -0.034758  1.000000  
145.943556 0.001667  -0.002876  -0.024188  0.676925  0.601426  0.424335  -0.591411  0.787622  -0.172871  -0.438184  -0.133936  0.888851  -0.053373  -0.027121  0.165904  -4.319826  0.780876  -0.031979  1.000000  
145.944805 0.001599  -0.002910  -0.023975  0.677355  0.603560  0.420601  -0.591542  0.786754  -0.176341  -0.437342  -0.129357  0.889943  -0.053585  -0.026927  0.166692  -4.301597  0.788688  -0.038801  1.000000  
145.945805 0.001544  -0.002937  -0.023806  0.677741  0.605254  0.417533  -0.591633  0.786057  -0.179124  -0.436620  -0.125627  0.890832  -0.053764  -0.026704  0.167070  -4.289244  0.795164  -0.043164  1.000000  
145.946805 0.001488  -0.002962  -0.023639  0.678127  0.606833  0.414605  -0.591724  0.785394  -0.181713  -0.435898  -0.122107  0.891674  -0.053976  -0.026478  0.167213  -4.268659  0.803737  -0.044852  1.000000  
145.948057 0.001420  -0.002993  -0.023432  0.678434  0.609020  0.410878  -0.591992  0.784386  -0.185162  -0.435054  -0.117617  0.892689  -0.054172  -0.026289  0.167601  -4.248721  0.807962  -0.048405  1.000000  
145.949305 0.001352  -0.003023  -0.023226  0.678741  0.611185  0.407140  -0.592260  0.783362  -0.188605  -0.434211  -0.113118  0.893681  -0.054171  -0.026002  0.167443  -4.231291  0.806469  -0.046764  1.000000  
145.950555 0.001283  -0.003054  -0.023016  0.679047  0.613377  0.403315  -0.592527  0.782301  -0.192138  -0.433367  -0.108505  0.894662  -0.054387  -0.025858  0.167719  -4.215197  0.806220  -0.051256  1.000000  
