1-Time 2-Px 3-Py 4-Pz 5-R11 6-R21 7-R31 8-R12 9-R22 10-R32 11-R13 12-R23 13-R33 14-Vx 15-Vy 16-Vz 17-Wx 18-Wy 19-Wz 20-state
23.319254 -0.008904  0.007282  0.020259  0.625858  0.777096  0.066515  -0.778862  0.618243  0.105590  0.040931  -0.117890  0.992183  0.003548  0.005811  0.011984  0.000000  0.000000  0.000000  1.000000  
23.320346 -0.008903  0.007285  0.020263  0.625858  0.777096  0.066515  -0.778862  0.618243  0.105590  0.040931  -0.117890  0.992183  0.001527  0.003031  0.005996  0.000000  0.000000  0.000000  1.000000  
23.321348 -0.008898  0.007286  0.020260  0.625858  0.777104  0.066421  -0.778862  0.618256  0.105515  0.040931  -0.117770  0.992197  0.003578  0.002332  0.000801  0.000000  0.000000  0.000000  1.000000  
23.322594 -0.008890  0.007285  0.020247  0.625858  0.777104  0.066421  -0.778862  0.618256  0.105515  0.040931  -0.117770  0.992197  0.004805  0.000947  -0.003722  0.000000  0.000000  0.000000  1.000000  
23.323596 -0.008883  0.007286  0.020240  0.625858  0.777104  0.066421  -0.778862  0.618256  0.105515  0.040931  -0.117770  0.992197  0.005224  0.000817  -0.004676  0.000000  0.000000  0.000000  1.000000  
23.324851 -0.008876  0.007286  0.020233  0.625858  0.777112  0.066326  -0.778862  0.618268  0.105440  0.040931  -0.117650  0.992211  0.005285  0.000619  -0.004853  0.000000  0.000000  0.000000  1.000000  
23.326116 -0.008869  0.007285  0.020226  0.625861  0.777102  0.066410  -0.778867  0.618281  0.105336  0.040797  -0.117650  0.992217  0.005459  0.000479  -0.004993  0.000000  0.000000  0.000000  1.000000  
23.327345 -0.008861  0.007285  0.020219  0.625861  0.777110  0.066315  -0.778867  0.618293  0.105261  0.040797  -0.117530  0.992231  0.005518  0.000361  -0.005158  0.000000  0.000000  0.000000  1.000000  
23.328352 -0.008855  0.007285  0.020213  0.626022  0.776983  0.066294  -0.778738  0.618453  0.105275  0.040797  -0.117530  0.992231  0.005572  0.000314  -0.005158  0.000000  0.000000  0.000000  1.000000  
23.329603 -0.008846  0.007286  0.020207  0.626022  0.776999  0.066105  -0.778738  0.618479  0.105125  0.040797  -0.117289  0.992259  0.005814  0.000364  -0.005183  0.000000  0.000000  0.000000  1.000000  
23.330850 -0.008836  0.007285  0.020198  0.626022  0.777007  0.066011  -0.778738  0.618492  0.105050  0.040797  -0.117169  0.992274  0.006025  0.000221  -0.005421  0.000000  0.000000  0.000000  1.000000  
23.332097 -0.008828  0.007283  0.020185  0.626022  0.777023  0.065822  -0.778738  0.618517  0.104900  0.040797  -0.116928  0.992302  0.006054  0.000048  -0.005857  0.000000  0.000000  0.000000  1.000000  
23.333099 -0.008821  0.007282  0.020173  0.626022  0.777031  0.065728  -0.778738  0.618530  0.104825  0.040797  -0.116808  0.992316  0.006138  -0.000039  -0.006337  0.000000  0.000000  0.000000  1.000000  
23.334099 -0.008813  0.007281  0.020157  0.626022  0.777039  0.065634  -0.778738  0.618543  0.104750  0.040797  -0.116687  0.992330  0.006302  -0.000080  -0.007024  0.000000  0.000000  0.000000  1.000000  
23.335344 -0.008801  0.007279  0.020132  0.626022  0.777055  0.065445  -0.778738  0.618568  0.104600  0.040797  -0.116447  0.992359  0.006810  -0.000379  -0.008736  0.000000  0.000000  0.000000  1.000000  
23.336345 -0.008792  0.007276  0.020111  0.626022  0.777070  0.065257  -0.778738  0.618593  0.104450  0.040797  -0.116206  0.992387  0.007085  -0.000708  -0.009952  0.000000  0.000000  0.000000  1.000000  
23.337345 -0.008783  0.007272  0.020090  0.626022  0.777078  0.065163  -0.778738  0.618606  0.104375  0.040797  -0.116085  0.992401  0.007239  -0.000870  -0.010645  0.000000  0.000000  0.000000  1.000000  
23.338348 -0.008775  0.007268  0.020075  0.625861  0.777222  0.064996  -0.778867  0.618471  0.104211  0.040797  -0.115845  0.992429  0.007304  -0.001179  -0.011152  0.000000  0.000000  0.000000  1.000000  
23.339596 -0.008767  0.007263  0.020060  0.625861  0.777229  0.064901  -0.778867  0.618484  0.104136  0.040797  -0.115724  0.992443  0.007412  -0.001530  -0.011748  0.000000  0.000000  0.000000  1.000000  
23.340845 -0.008758  0.007258  0.020042  0.625704  0.777363  0.064817  -0.779000  0.618361  0.103869  0.040664  -0.115484  0.992477  0.007523  -0.001864  -0.012387  0.000000  0.000000  0.000000  1.000000  
23.341851 -0.008749  0.007253  0.020024  0.625704  0.777371  0.064723  -0.779000  0.618374  0.103794  0.040664  -0.115364  0.992491  0.007744  -0.002143  -0.013179  0.000000  0.000000  0.000000  1.000000  
23.343102 -0.008739  0.007247  0.019998  0.625547  0.777496  0.064733  -0.779133  0.618238  0.103602  0.040530  -0.115244  0.992510  0.007892  -0.002608  -0.014590  0.000000  0.000000  0.000000  1.000000  
23.344106 -0.008729  0.007241  0.019974  0.625547  0.777504  0.064639  -0.779133  0.618251  0.103527  0.040530  -0.115124  0.992524  0.008030  -0.002947  -0.015671  0.000000  0.000000  0.000000  1.000000  
23.345111 -0.008719  0.007235  0.019948  0.625390  0.777629  0.064649  -0.779266  0.618115  0.103336  0.040396  -0.115004  0.992543  0.008158  -0.003459  -0.017189  0.000000  0.000000  0.000000  1.000000  
23.346348 -0.008706  0.007226  0.019914  0.625397  0.777626  0.064627  -0.779274  0.618164  0.102978  0.040129  -0.114764  0.992582  0.008490  -0.003926  -0.018640  0.000000  0.000000  0.000000  1.000000  
23.347597 -0.008694  0.007215  0.019880  0.625240  0.777751  0.064637  -0.779407  0.618029  0.102787  0.039995  -0.114645  0.992601  0.008793  -0.004512  -0.020117  0.000000  0.000000  0.000000  1.000000  
23.348846 -0.008681  0.007206  0.019849  0.625086  0.777867  0.064730  -0.779544  0.617905  0.102491  0.039728  -0.114525  0.992626  0.008937  -0.004973  -0.020871  0.000000  0.000000  0.000000  1.000000  
23.350094 -0.008670  0.007198  0.019822  0.624929  0.777993  0.064739  -0.779677  0.617769  0.102299  0.039594  -0.114406  0.992645  0.008918  -0.005443  -0.021042  0.000000  0.000000  0.000000  1.000000  
23.351097 -0.008660  0.007191  0.019802  0.624772  0.778118  0.064749  -0.779810  0.617633  0.102107  0.039460  -0.114286  0.992664  0.008954  -0.005738  -0.020908  0.000000  0.000000  0.000000  1.000000  
23.352112 -0.008650  0.007183  0.019786  0.624775  0.778124  0.064643  -0.779814  0.617670  0.101854  0.039327  -0.114046  0.992697  0.008995  -0.006046  -0.020626  0.000000  0.000000  0.000000  1.000000  
23.353347 -0.008639  0.007173  0.019768  0.624621  0.778240  0.064736  -0.779951  0.617546  0.101558  0.039059  -0.113926  0.992721  0.009115  -0.006359  -0.020471  0.000000  0.000000  0.000000  1.000000  
23.354594 -0.008628  0.007163  0.019750  0.624467  0.778356  0.064829  -0.780087  0.617422  0.101263  0.038792  -0.113807  0.992745  0.009284  -0.006666  -0.020653  0.000000  0.000000  0.000000  1.000000  
23.355601 -0.008618  0.007156  0.019732  0.624313  0.778480  0.064826  -0.780224  0.617310  0.100892  0.038524  -0.113567  0.992783  0.009439  -0.006902  -0.021028  0.000000  0.000000  0.000000  1.000000  
23.356847 -0.008605  0.007147  0.019704  0.624159  0.778596  0.064919  -0.780360  0.617185  0.100596  0.038257  -0.113448  0.992807  0.009594  -0.007050  -0.021337  0.000000  0.000000  0.000000  1.000000  
23.358095 -0.008588  0.007136  0.019672  0.624007  0.778710  0.064999  -0.780501  0.617085  0.100122  0.037856  -0.113209  0.992850  0.010045  -0.007354  -0.021747  -0.142067  -0.107770  0.077228  1.000000  
23.359096 -0.008575  0.007127  0.019646  0.624014  0.778691  0.065165  -0.780509  0.617109  0.099915  0.037589  -0.113210  0.992860  0.010277  -0.007605  -0.021935  -0.138070  -0.116656  0.076224  1.000000  
23.360101 -0.008564  0.007117  0.019621  0.623859  0.778807  0.065257  -0.780645  0.616984  0.099619  0.037321  -0.113091  0.992883  0.010381  -0.007849  -0.021774  -0.138911  -0.127307  0.082677  1.000000  
23.361348 -0.008552  0.007104  0.019593  0.623705  0.778923  0.065349  -0.780781  0.616859  0.099323  0.037054  -0.112972  0.992907  0.010259  -0.008057  -0.021279  -0.133474  -0.135898  0.087808  1.000000  
23.362597 -0.008540  0.007092  0.019568  0.623550  0.779032  0.065535  -0.780917  0.616723  0.099102  0.036786  -0.112973  0.992917  0.010217  -0.008279  -0.020721  -0.126187  -0.146762  0.094399  1.000000  
23.363600 -0.008530  0.007082  0.019549  0.623556  0.779005  0.065796  -0.780925  0.616734  0.098969  0.036519  -0.113094  0.992913  0.010268  -0.008410  -0.020319  -0.118047  -0.155699  0.093366  1.000000  
23.364846 -0.008518  0.007069  0.019524  0.623405  0.779103  0.066065  -0.781065  0.616609  0.098644  0.036118  -0.113096  0.992927  0.010313  -0.008716  -0.020155  -0.112789  -0.168494  0.097883  1.000000  
23.365848 -0.008508  0.007058  0.019504  0.623250  0.779211  0.066251  -0.781201  0.616473  0.098423  0.035850  -0.113097  0.992937  0.010221  -0.009020  -0.020176  -0.104449  -0.178124  0.103688  1.000000  
23.367095 -0.008498  0.007043  0.019477  0.623259  0.779175  0.066594  -0.781212  0.616496  0.098186  0.035449  -0.113219  0.992937  0.010150  -0.009359  -0.020645  -0.093103  -0.192988  0.103006  1.000000  
23.368345 -0.008487  0.007028  0.019447  0.623104  0.779283  0.066780  -0.781347  0.616360  0.097964  0.035182  -0.113220  0.992947  0.010140  -0.009635  -0.021428  -0.084268  -0.200254  0.101162  1.000000  
23.369594 -0.008475  0.007016  0.019415  0.623110  0.779264  0.066945  -0.781355  0.616383  0.097757  0.034914  -0.113221  0.992956  0.010210  -0.009810  -0.022346  -0.080238  -0.209103  0.100150  1.000000  
23.370595 -0.008465  0.007006  0.019387  0.622955  0.779380  0.067037  -0.781490  0.616258  0.097460  0.034647  -0.113102  0.992979  0.010241  -0.009949  -0.022970  -0.076855  -0.215298  0.100510  1.000000  
23.371597 -0.008454  0.006997  0.019361  0.622957  0.779371  0.067119  -0.781494  0.616270  0.097357  0.034513  -0.113102  0.992984  0.010200  -0.010196  -0.023295  -0.076226  -0.217943  0.099167  1.000000  
23.372851 -0.008443  0.006984  0.019331  0.622963  0.779352  0.067285  -0.781501  0.616294  0.097149  0.034246  -0.113103  0.992993  0.009821  -0.010346  -0.023146  -0.068993  -0.223434  0.092641  1.000000  
23.373876 -0.008435  0.006972  0.019311  0.622805  0.779469  0.067388  -0.781633  0.616145  0.097031  0.034112  -0.113104  0.992997  0.009475  -0.010480  -0.022622  -0.064614  -0.228505  0.098933  1.000000  
23.375096 -0.008427  0.006958  0.019290  0.622647  0.779587  0.067490  -0.781765  0.615997  0.096913  0.033978  -0.113104  0.993002  0.009107  -0.010634  -0.022135  -0.060131  -0.226893  0.098252  1.000000  
23.376098 -0.008421  0.006948  0.019272  0.622650  0.779577  0.067573  -0.781768  0.616008  0.096809  0.033845  -0.113105  0.993006  0.008889  -0.010611  -0.021760  -0.056073  -0.226768  0.098215  1.000000  
23.377100 -0.008414  0.006937  0.019253  0.622653  0.779568  0.067656  -0.781772  0.616020  0.096705  0.033711  -0.113105  0.993011  0.008740  -0.010636  -0.021701  -0.048658  -0.223353  0.092689  1.000000  
23.378351 -0.008404  0.006924  0.019224  0.622495  0.779685  0.067759  -0.781904  0.615872  0.096587  0.033577  -0.113106  0.993015  0.008550  -0.010730  -0.022009  -0.044600  -0.223358  0.092707  1.000000  
23.379599 -0.008394  0.006909  0.019193  0.622334  0.779804  0.067873  -0.782032  0.615699  0.096648  0.033577  -0.113226  0.993002  0.008390  -0.010854  -0.022490  -0.036464  -0.214435  0.093737  1.000000  
23.380850 -0.008384  0.006894  0.019157  0.622175  0.779921  0.067976  -0.782163  0.615551  0.096530  0.033443  -0.113227  0.993006  0.008278  -0.010897  -0.023153  -0.032403  -0.214428  0.093750  1.000000  
23.382095 -0.008374  0.006877  0.019118  0.622017  0.780030  0.068173  -0.782295  0.615390  0.096487  0.033310  -0.113348  0.992997  0.008249  -0.011053  -0.023909  -0.019785  -0.213564  0.099865  1.000000  
23.383097 -0.008366  0.006865  0.019088  0.621856  0.780157  0.068193  -0.782423  0.615230  0.096473  0.033310  -0.113348  0.992997  0.008202  -0.011094  -0.024366  0.000000  0.000000  0.000000  1.000000  
23.384344 -0.008356  0.006849  0.019051  0.621698  0.780266  0.068390  -0.782554  0.615069  0.096429  0.033176  -0.113469  0.992988  0.008072  -0.011267  -0.024696  0.000000  0.000000  0.000000  1.000000  
23.385594 -0.008346  0.006834  0.019017  0.621381  0.780500  0.068595  -0.782817  0.614772  0.096193  0.032909  -0.113470  0.992996  0.007930  -0.011481  -0.024692  0.000000  0.000000  0.000000  1.000000  
23.386844 -0.008337  0.006819  0.018985  0.621061  0.780744  0.068717  -0.783076  0.614462  0.096061  0.032775  -0.113470  0.993001  0.007686  -0.011711  -0.024619  0.000000  0.000000  0.000000  1.000000  
23.387846 -0.008330  0.006805  0.018961  0.620903  0.780869  0.068725  -0.783208  0.614325  0.095868  0.032641  -0.113350  0.993019  0.007566  -0.011886  -0.024631  0.000000  0.000000  0.000000  1.000000  
23.388862 -0.008323  0.006792  0.018939  0.620744  0.780986  0.068827  -0.783339  0.614176  0.095750  0.032507  -0.113351  0.993023  0.007498  -0.012053  -0.024866  0.000000  0.000000  0.000000  1.000000  
23.390097 -0.008313  0.006777  0.018908  0.620586  0.781112  0.068834  -0.783470  0.614039  0.095557  0.032374  -0.113231  0.993041  0.007629  -0.012123  -0.025596  0.000000  0.000000  0.000000  1.000000  
23.391344 -0.008300  0.006761  0.018874  0.620263  0.781373  0.068779  -0.783726  0.613729  0.095454  0.032374  -0.113110  0.993055  0.007910  -0.012220  -0.026247  0.000000  0.000000  0.000000  1.000000  
23.392346 -0.008291  0.006749  0.018845  0.619943  0.781616  0.068901  -0.783984  0.613419  0.095322  0.032240  -0.113111  0.993059  0.008085  -0.012397  -0.026846  0.000000  0.000000  0.000000  1.000000  
23.393348 -0.008281  0.006735  0.018815  0.619623  0.781867  0.068927  -0.784243  0.613120  0.095115  0.032106  -0.112991  0.993077  0.008187  -0.012621  -0.027316  0.001859  -0.167027  0.155010  1.000000  
23.394595 -0.008269  0.006717  0.018778  0.619305  0.782118  0.068941  -0.784505  0.612845  0.094729  0.031839  -0.112751  0.993113  0.008320  -0.012822  -0.027632  -0.006118  -0.163317  0.162408  1.000000  
23.395597 -0.008259  0.006703  0.018749  0.619149  0.782234  0.069031  -0.784639  0.612719  0.094432  0.031571  -0.112631  0.993135  0.008507  -0.012915  -0.027638  -0.010244  -0.163307  0.162420  1.000000  
23.396846 -0.008246  0.006685  0.018716  0.618990  0.782367  0.068943  -0.784769  0.612593  0.094165  0.031438  -0.112391  0.993167  0.008679  -0.012983  -0.027328  -0.022291  -0.155135  0.170312  1.000000  
23.398093 -0.008234  0.006667  0.018684  0.618672  0.782617  0.068956  -0.785031  0.612317  0.093779  0.031170  -0.112151  0.993202  0.008758  -0.013147  -0.026896  -0.030017  -0.154609  0.175744  1.000000  
23.399094 -0.008225  0.006654  0.018659  0.618351  0.782877  0.068887  -0.785289  0.612029  0.093498  0.031036  -0.111911  0.993233  0.008843  -0.013258  -0.026568  -0.037687  -0.151691  0.189884  1.000000  
23.400099 -0.008216  0.006639  0.018632  0.618195  0.782993  0.068976  -0.785423  0.611903  0.093200  0.030769  -0.111791  0.993255  0.008956  -0.013448  -0.026514  -0.037826  -0.153694  0.198339  1.000000  
23.401344 -0.008203  0.006619  0.018599  0.618038  0.783125  0.068874  -0.785556  0.611799  0.092755  0.030501  -0.111430  0.993304  0.009198  -0.013715  -0.026624  -0.049695  -0.156850  0.196266  1.000000  
23.402594 -0.008189  0.006598  0.018562  0.617881  0.783250  0.068868  -0.785690  0.611684  0.092383  0.030234  -0.111190  0.993339  0.009536  -0.014008  -0.027049  -0.057599  -0.162018  0.202589  1.000000  
23.403596 -0.008177  0.006581  0.018529  0.617727  0.783373  0.068848  -0.785827  0.611591  0.091833  0.029833  -0.110830  0.993391  0.009928  -0.014309  -0.027772  -0.070464  -0.167989  0.204036  1.000000  
23.404598 -0.008164  0.006564  0.018495  0.617568  0.783506  0.068759  -0.785957  0.611463  0.091566  0.029699  -0.110590  0.993422  0.010226  -0.014618  -0.028427  -0.077700  -0.167157  0.208959  1.000000  
23.405845 -0.008147  0.006543  0.018450  0.617413  0.783630  0.068739  -0.786093  0.611370  0.091016  0.029298  -0.110229  0.993474  0.010537  -0.014933  -0.029241  -0.090654  -0.177478  0.209761  1.000000  
23.406845 -0.008135  0.006526  0.018415  0.617254  0.783763  0.068650  -0.786223  0.611242  0.090749  0.029164  -0.109989  0.993505  0.010766  -0.015308  -0.029661  -0.097811  -0.176757  0.214874  1.000000  
23.408094 -0.008119  0.006503  0.018374  0.617097  0.783904  0.068452  -0.786357  0.611148  0.090229  0.028896  -0.109508  0.993566  0.010943  -0.015678  -0.029910  -0.114025  -0.181124  0.214405  1.000000  
23.409357 -0.008104  0.006480  0.018336  0.616939  0.784045  0.068254  -0.786490  0.611053  0.089709  0.028629  -0.109026  0.993626  0.011210  -0.016043  -0.029963  -0.135345  -0.191464  0.215147  1.000000  
23.410599 -0.008089  0.006456  0.018301  0.616782  0.784178  0.068152  -0.786623  0.610947  0.089264  0.028362  -0.108666  0.993674  0.011366  -0.016474  -0.029950  -0.147669  -0.195959  0.214756  1.000000  
23.411602 -0.008077  0.006438  0.018273  0.616625  0.784319  0.067953  -0.786756  0.610852  0.088744  0.028094  -0.108184  0.993734  0.011473  -0.016778  -0.030019  -0.168045  -0.204807  0.213741  1.000000  
23.412853 -0.008063  0.006415  0.018237  0.616468  0.784460  0.067755  -0.786888  0.610756  0.088224  0.027827  -0.107703  0.993794  0.011632  -0.017072  -0.030302  -0.184403  -0.209231  0.213302  1.000000  
23.414096 -0.008048  0.006394  0.018199  0.616310  0.784609  0.067461  -0.787021  0.610671  0.087631  0.027559  -0.107101  0.993866  0.011875  -0.017394  -0.030759  -0.208930  -0.213671  0.212880  1.000000  
23.415345 -0.008033  0.006372  0.018158  0.616153  0.784749  0.067263  -0.787154  0.610574  0.087111  0.027292  -0.106620  0.993925  0.012079  -0.017606  -0.031335  -0.225519  -0.212867  0.206068  1.000000  
23.416595 -0.008017  0.006348  0.018113  0.615995  0.784898  0.066968  -0.787286  0.610487  0.086517  0.027024  -0.106018  0.993997  0.012237  -0.017829  -0.031935  -0.246159  -0.216518  0.198768  1.000000  
23.417595 -0.008004  0.006328  0.018076  0.615837  0.785047  0.066674  -0.787419  0.610400  0.085924  0.026757  -0.105416  0.994068  0.012365  -0.018023  -0.032357  -0.260137  -0.219840  0.203534  1.000000  
23.418597 -0.007991  0.006308  0.018039  0.615680  0.785188  0.066475  -0.787551  0.610303  0.085405  0.026489  -0.104934  0.994126  0.012372  -0.018213  -0.032651  -0.279020  -0.225464  0.198029  1.000000  
23.419597 -0.007979  0.006288  0.018004  0.615360  0.785454  0.066292  -0.787810  0.610043  0.084872  0.026222  -0.104452  0.994184  0.012368  -0.018425  -0.032741  -0.290959  -0.230520  0.204390  1.000000  
23.420851 -0.007964  0.006263  0.017961  0.615202  0.785602  0.065997  -0.787942  0.609954  0.084278  0.025954  -0.103850  0.994254  0.012229  -0.018685  -0.032517  -0.311494  -0.238584  0.196554  1.000000  
23.422095 -0.007949  0.006239  0.017921  0.614882  0.785884  0.065624  -0.788201  0.609714  0.083598  0.025687  -0.103127  0.994336  0.012164  -0.018812  -0.032338  -0.329227  -0.241000  0.194579  1.000000  
23.423344 -0.007935  0.006213  0.017881  0.614561  0.786158  0.065345  -0.788460  0.609462  0.082991  0.025419  -0.102525  0.994406  0.012050  -0.019019  -0.032326  -0.345490  -0.245396  0.194213  1.000000  
23.424345 -0.007924  0.006192  0.017847  0.614241  0.786432  0.065065  -0.788718  0.609210  0.082385  0.025151  -0.101922  0.994474  0.012001  -0.019210  -0.032617  -0.357459  -0.246033  0.201126  1.000000  
23.425346 -0.007912  0.006171  0.017813  0.613918  0.786706  0.064799  -0.788973  0.608937  0.081958  0.025018  -0.101440  0.994527  0.011945  -0.019319  -0.032979  -0.372721  -0.243554  0.203364  1.000000  
23.426357 -0.007901  0.006151  0.017777  0.613760  0.786854  0.064502  -0.789105  0.608846  0.081365  0.024750  -0.100838  0.994595  0.011929  -0.019462  -0.033635  -0.384836  -0.247835  0.202903  1.000000  
23.427600 -0.007886  0.006125  0.017729  0.613276  0.787260  0.064143  -0.789489  0.608440  0.080672  0.024483  -0.100114  0.994675  0.012013  -0.019663  -0.034423  -0.401085  -0.253001  0.209472  1.000000  
23.428849 -0.007869  0.006101  0.017682  0.612955  0.787548  0.063671  -0.789747  0.608205  0.079919  0.024215  -0.099271  0.994766  0.012118  -0.019825  -0.035020  -0.421543  -0.252894  0.209618  1.000000  
23.429849 -0.007858  0.006081  0.017645  0.612634  0.787821  0.063389  -0.790004  0.607950  0.079314  0.023948  -0.098668  0.994832  0.012058  -0.020002  -0.035292  -0.434164  -0.255930  0.214367  1.000000  
23.431094 -0.007843  0.006056  0.017602  0.612312  0.788116  0.062820  -0.790261  0.607723  0.078487  0.023680  -0.097703  0.994934  0.012060  -0.020078  -0.035342  -0.458263  -0.256496  0.221328  1.000000  
23.432095 -0.007832  0.006037  0.017569  0.611991  0.788396  0.062441  -0.790518  0.607476  0.077809  0.023413  -0.096980  0.995011  0.011862  -0.020041  -0.035063  -0.474226  -0.254768  0.230671  1.000000  
23.433096 -0.007821  0.006018  0.017538  0.611667  0.788676  0.062077  -0.790773  0.607208  0.077310  0.023279  -0.096376  0.995073  0.011748  -0.019998  -0.034647  -0.486311  -0.250907  0.238121  1.000000  
23.434101 -0.007811  0.005999  0.017507  0.611345  0.788955  0.061697  -0.791029  0.606960  0.076632  0.023011  -0.095653  0.995149  0.011552  -0.019918  -0.034264  -0.502514  -0.251509  0.245128  1.000000  
23.435344 -0.007798  0.005975  0.017471  0.611023  0.789249  0.061126  -0.791286  0.606729  0.075807  0.022744  -0.094688  0.995247  0.011429  -0.019912  -0.033820  -0.518463  -0.249969  0.250092  1.000000  
23.436345 -0.007788  0.005955  0.017441  0.610701  0.789535  0.060649  -0.791542  0.606488  0.075056  0.022476  -0.093843  0.995333  0.011339  -0.019945  -0.033563  -0.539057  -0.252638  0.259246  1.000000  
23.437345 -0.007777  0.005935  0.017409  0.610379  0.789814  0.060268  -0.791798  0.606237  0.074379  0.022209  -0.093119  0.995407  0.011316  -0.019934  -0.033540  -0.555315  -0.257721  0.265829  1.000000  
23.438347 -0.007766  0.005915  0.017376  0.610054  0.790107  0.059709  -0.792052  0.605984  0.073734  0.022075  -0.092274  0.995489  0.011282  -0.019894  -0.033595  -0.571155  -0.254401  0.280121  1.000000  
23.439604 -0.007751  0.005890  0.017333  0.609734  0.790398  0.059120  -0.792310  0.605768  0.072731  0.021674  -0.091188  0.995598  0.011349  -0.019775  -0.033726  -0.591532  -0.259376  0.286789  1.000000  
23.440845 -0.007736  0.005866  0.017288  0.609411  0.790697  0.058449  -0.792566  0.605541  0.071835  0.021406  -0.090102  0.995702  0.011346  -0.019652  -0.033726  -0.610880  -0.257734  0.291465  1.000000  
23.442095 -0.007721  0.005842  0.017245  0.609090  0.790988  0.057859  -0.792823  0.605321  0.070833  0.021005  -0.089016  0.995809  0.011404  -0.019598  -0.033641  -0.630980  -0.262596  0.298033  1.000000  
23.443100 -0.007709  0.005823  0.017211  0.608767  0.791272  0.057379  -0.793078  0.605074  0.070084  0.020737  -0.088171  0.995890  0.011277  -0.019580  -0.033289  -0.644248  -0.265217  0.307566  1.000000  
23.444347 -0.007696  0.005798  0.017172  0.608443  0.791569  0.056705  -0.793333  0.604843  0.069189  0.020470  -0.087084  0.995991  0.011162  -0.019594  -0.032767  -0.664557  -0.265647  0.314664  1.000000  
23.445597 -0.007683  0.005773  0.017135  0.608122  0.791865  0.056017  -0.793590  0.604628  0.068115  0.020068  -0.085876  0.996104  0.011045  -0.019555  -0.032216  -0.684896  -0.270505  0.321364  1.000000  
23.446846 -0.007671  0.005748  0.017101  0.607798  0.792168  0.055246  -0.793845  0.604402  0.067147  0.019801  -0.084668  0.996212  0.010954  -0.019583  -0.031751  -0.705230  -0.270879  0.328507  1.000000  
23.448093 -0.007658  0.005725  0.017065  0.607476  0.792462  0.054555  -0.794101  0.604183  0.066074  0.019400  -0.083461  0.996322  0.010881  -0.019510  -0.031503  -0.719743  -0.272787  0.325623  1.000000  
23.449094 -0.007648  0.005706  0.017037  0.607316  0.792626  0.053962  -0.794230  0.604102  0.065265  0.019132  -0.082494  0.996408  0.010895  -0.019535  -0.031339  -0.736076  -0.272575  0.325853  1.000000  
23.450094 -0.007639  0.005687  0.017008  0.606992  0.792913  0.053381  -0.794484  0.603856  0.064445  0.018864  -0.081528  0.996493  0.010841  -0.019472  -0.031343  -0.752099  -0.272943  0.332845  1.000000  
23.451095 -0.007628  0.005668  0.016978  0.606831  0.793076  0.052787  -0.794613  0.603772  0.063636  0.018597  -0.080561  0.996576  0.010792  -0.019418  -0.031361  -0.768592  -0.276544  0.325843  1.000000  
23.452095 -0.007618  0.005650  0.016948  0.606670  0.793245  0.052096  -0.794742  0.603694  0.062754  0.018329  -0.079474  0.996668  0.010744  -0.019320  -0.031244  -0.787370  -0.277881  0.321881  1.000000  
23.453345 -0.007606  0.005627  0.016912  0.606346  0.793549  0.051224  -0.794996  0.603468  0.061715  0.018062  -0.078144  0.996778  0.010659  -0.019223  -0.030985  -0.811945  -0.277577  0.322162  1.000000  
23.454594 -0.007594  0.005604  0.016876  0.606023  0.793847  0.050433  -0.795251  0.603247  0.060571  0.017661  -0.076815  0.996889  0.010460  -0.019084  -0.030475  -0.832616  -0.281782  0.322115  1.000000  
23.455602 -0.007585  0.005587  0.016850  0.605697  0.794137  0.049768  -0.795502  0.602987  0.059859  0.017527  -0.075847  0.996965  0.010219  -0.018909  -0.029726  -0.844590  -0.276940  0.322611  1.000000  
23.456845 -0.007576  0.005565  0.016819  0.605374  0.794439  0.048879  -0.795757  0.602770  0.058643  0.017125  -0.074397  0.997082  0.009847  -0.018778  -0.028866  -0.866158  -0.279454  0.326780  1.000000  
23.458095 -0.007566  0.005543  0.016790  0.605049  0.794746  0.047908  -0.796010  0.602543  0.057533  0.016858  -0.072946  0.997193  0.009563  -0.018656  -0.028102  -0.890556  -0.279111  0.327103  1.000000  
23.459351 -0.007558  0.005521  0.016761  0.604725  0.795045  0.047016  -0.796264  0.602322  0.056318  0.016456  -0.071494  0.997305  0.009130  -0.018402  -0.027387  -0.914321  -0.280372  0.323190  1.000000  
23.460353 -0.007552  0.005503  0.016736  0.604564  0.795215  0.046225  -0.796392  0.602241  0.055365  0.016189  -0.070285  0.997396  0.008867  -0.018310  -0.027078  -0.930704  -0.283917  0.316148  1.000000  
23.461603 -0.007543  0.005481  0.016703  0.604076  0.795636  0.045343  -0.796771  0.601851  0.054142  0.015788  -0.068834  0.997503  0.008649  -0.018135  -0.026955  -0.947461  -0.286308  0.320384  1.000000  
23.462852 -0.007534  0.005458  0.016668  0.603750  0.795938  0.044368  -0.797023  0.601616  0.053035  0.015520  -0.067382  0.997607  0.008388  -0.018100  -0.026889  -0.971743  -0.287692  0.316462  1.000000  
23.463868 -0.007528  0.005440  0.016640  0.603424  0.796228  0.043585  -0.797274  0.601366  0.052074  0.015252  -0.066172  0.997692  0.008182  -0.018090  -0.026940  -0.987761  -0.287275  0.316622  1.000000  
23.465101 -0.007520  0.005418  0.016605  0.602934  0.796652  0.042619  -0.797650  0.600964  0.050960  0.014985  -0.064720  0.997791  0.007841  -0.017939  -0.026794  -1.004381  -0.287546  0.323982  1.000000  
23.466346 -0.007513  0.005397  0.016573  0.602445  0.797074  0.041635  -0.798027  0.600571  0.049667  0.014584  -0.063147  0.997898  0.007516  -0.017784  -0.026464  -1.024876  -0.292195  0.330935  1.000000  
23.467596 -0.007506  0.005375  0.016543  0.602119  0.797371  0.040655  -0.798278  0.600328  0.048563  0.014316  -0.061695  0.997992  0.007112  -0.017669  -0.025983  -1.041524  -0.291293  0.324431  1.000000  
23.468845 -0.007500  0.005354  0.016517  0.601628  0.797790  0.039685  -0.798653  0.599918  0.047451  0.014048  -0.060242  0.998085  0.006721  -0.017569  -0.025302  -1.053729  -0.286916  0.332039  1.000000  
23.469846 -0.007495  0.005337  0.016497  0.601137  0.798199  0.038906  -0.799027  0.599495  0.046486  0.013781  -0.059032  0.998161  0.006449  -0.017476  -0.024839  -1.065864  -0.287074  0.339215  1.000000  
23.470867 -0.007491  0.005321  0.016478  0.600809  0.798487  0.038037  -0.799276  0.599228  0.045636  0.013647  -0.057821  0.998234  0.006124  -0.017362  -0.024292  -1.073121  -0.282507  0.346488  1.000000  
23.472094 -0.007486  0.005300  0.016453  0.600317  0.798898  0.037160  -0.799650  0.598808  0.044600  0.013379  -0.056489  0.998314  0.005806  -0.017352  -0.024015  -1.081253  -0.280520  0.351050  1.000000  
23.473095 -0.007481  0.005284  0.016433  0.599825  0.799304  0.036378  -0.800024  0.598379  0.043638  0.013112  -0.055278  0.998385  0.005626  -0.017285  -0.023759  -1.093522  -0.280691  0.358237  1.000000  
23.474345 -0.007476  0.005263  0.016408  0.599333  0.799721  0.035304  -0.800397  0.597965  0.042459  0.012844  -0.053704  0.998474  0.005466  -0.017238  -0.023524  -1.109599  -0.280674  0.365431  1.000000  
23.475346 -0.007471  0.005246  0.016386  0.599005  0.800009  0.034334  -0.800645  0.597698  0.041540  0.012711  -0.052372  0.998547  0.005369  -0.017137  -0.023317  -1.123026  -0.273570  0.369460  1.000000  
23.476351 -0.007466  0.005230  0.016365  0.598511  0.800415  0.033469  -0.801016  0.597259  0.040687  0.012577  -0.051161  0.998611  0.005200  -0.017034  -0.022885  -1.130978  -0.269111  0.376914  1.000000  
23.477598 -0.007461  0.005208  0.016341  0.598017  0.800832  0.032311  -0.801387  0.596833  0.039618  0.012443  -0.049586  0.998692  0.004985  -0.016944  -0.022223  -1.141897  -0.262922  0.388195  1.000000  
23.478867 -0.007455  0.005188  0.016318  0.597524  0.801243  0.031232  -0.801759  0.596410  0.038444  0.012175  -0.048012  0.998773  0.004849  -0.016801  -0.021460  -1.153958  -0.262813  0.395388  1.000000  
23.480099 -0.007451  0.005166  0.016298  0.597030  0.801659  0.029974  -0.802129  0.595985  0.037305  0.012042  -0.046316  0.998854  0.004606  -0.016812  -0.020436  -1.171519  -0.255793  0.406507  1.000000  
23.481345 -0.007445  0.005145  0.016280  0.596535  0.802070  0.028812  -0.802499  0.595552  0.036240  0.011908  -0.044740  0.998928  0.004524  -0.016750  -0.019498  -1.184085  -0.246751  0.414447  1.000000  
23.482595 -0.007440  0.005124  0.016264  0.596040  0.802478  0.027649  -0.802868  0.595118  0.035177  0.011774  -0.043165  0.998999  0.004417  -0.016721  -0.018626  -1.192334  -0.242103  0.422029  1.000000  
23.483596 -0.007436  0.005107  0.016250  0.595711  0.802753  0.026770  -0.803115  0.594834  0.034336  0.011640  -0.041954  0.999052  0.004327  -0.016718  -0.018101  -1.194390  -0.235588  0.425835  1.000000  
23.484847 -0.007431  0.005086  0.016231  0.595215  0.803155  0.025701  -0.803484  0.594392  0.033347  0.011506  -0.040499  0.999113  0.004271  -0.016732  -0.017665  -1.198344  -0.231349  0.440135  1.000000  
23.486095 -0.007425  0.005065  0.016212  0.594885  0.803436  0.024528  -0.803730  0.594117  0.032293  0.011373  -0.038924  0.999177  0.004334  -0.016836  -0.017427  -1.208544  -0.223201  0.437773  1.000000  
23.487345 -0.007419  0.005043  0.016193  0.594390  0.803835  0.023457  -0.804099  0.593671  0.031306  0.011239  -0.037470  0.999235  0.004394  -0.016836  -0.016950  -1.208532  -0.218456  0.445256  1.000000  
23.488348 -0.007414  0.005026  0.016178  0.594059  0.804107  0.022495  -0.804343  0.593378  0.030576  0.011239  -0.036258  0.999279  0.004467  -0.016927  -0.016565  -1.208366  -0.209287  0.452871  1.000000  
23.489596 -0.007408  0.005004  0.016163  0.593563  0.804505  0.021324  -0.804711  0.592932  0.029520  0.011105  -0.034682  0.999337  0.004456  -0.016942  -0.015883  -1.214907  -0.202928  0.456630  1.000000  
23.490845 -0.007402  0.004984  0.016150  0.593232  0.804782  0.020049  -0.804957  0.592654  0.028397  0.010971  -0.032985  0.999396  0.004435  -0.016924  -0.015025  -1.218881  -0.193238  0.457348  1.000000  
23.492095 -0.007396  0.004963  0.016139  0.592735  0.805178  0.018797  -0.805323  0.592201  0.027451  0.010971  -0.031409  0.999446  0.004491  -0.016900  -0.014036  -1.223023  -0.179181  0.458310  1.000000  
23.493098 -0.007392  0.004947  0.016133  0.592403  0.805446  0.017734  -0.805567  0.591905  0.026653  0.010971  -0.030075  0.999487  0.004488  -0.016876  -0.013147  -1.229130  -0.171034  0.462791  1.000000  
23.494113 -0.007387  0.004930  0.016127  0.592072  0.805711  0.016767  -0.805811  0.591605  0.025929  0.010971  -0.028863  0.999523  0.004457  -0.016866  -0.012413  -1.227425  -0.160249  0.459688  1.000000  
23.495350 -0.007381  0.004910  0.016119  0.591740  0.805980  0.015507  -0.806054  0.591314  0.024989  0.010971  -0.027287  0.999567  0.004531  -0.016776  -0.011649  -1.229135  -0.151430  0.457098  1.000000  
23.496597 -0.007375  0.004889  0.016111  0.591409  0.806246  0.014227  -0.806299  0.591026  0.023871  0.010837  -0.025589  0.999614  0.004621  -0.016775  -0.011050  -1.237603  -0.145927  0.450673  1.000000  
23.497845 -0.007369  0.004869  0.016100  0.590911  0.806633  0.012970  -0.806664  0.590565  0.022931  0.010837  -0.024013  0.999653  0.004676  -0.016714  -0.010638  -1.241859  -0.131774  0.451501  1.000000  
23.499096 -0.007362  0.004848  0.016088  0.590578  0.806895  0.011707  -0.806908  0.590268  0.021995  0.010837  -0.022437  0.999690  0.004749  -0.016693  -0.010176  -1.245985  -0.122101  0.452066  1.000000  
23.500345 -0.007356  0.004827  0.016077  0.590080  0.807277  0.010448  -0.807272  0.589804  0.021058  0.010837  -0.020860  0.999724  0.004803  -0.016698  -0.009796  -1.246101  -0.112405  0.452633  1.000000  
23.501595 -0.007350  0.004807  0.016067  0.589581  0.807657  0.009187  -0.807636  0.589337  0.020122  0.010837  -0.019284  0.999755  0.004828  -0.016569  -0.009081  -1.252184  -0.101974  0.449435  1.000000  
23.502847 -0.007346  0.004786  0.016058  0.589082  0.808033  0.008024  -0.808000  0.588867  0.019260  0.010837  -0.017829  0.999782  0.004712  -0.016593  -0.008487  -1.256184  -0.092424  0.449868  1.000000  
23.503848 -0.007341  0.004770  0.016052  0.588750  0.808283  0.007130  -0.808244  0.588559  0.018434  0.010704  -0.016616  0.999805  0.004695  -0.016455  -0.007895  -1.250288  -0.092275  0.446766  1.000000  
23.504849 -0.007337  0.004754  0.016048  0.588418  0.808535  0.006059  -0.808486  0.588250  0.017646  0.010704  -0.015282  0.999826  0.004641  -0.016409  -0.007441  -1.254418  -0.086972  0.440101  1.000000  
23.506094 -0.007331  0.004734  0.016042  0.587918  0.808907  0.004696  -0.808850  0.587780  0.016645  0.010704  -0.013584  0.999850  0.004588  -0.016370  -0.006989  -1.256596  -0.076926  0.443898  1.000000  
23.507095 -0.007327  0.004718  0.016037  0.587418  0.809275  0.003627  -0.809213  0.587302  0.015858  0.010704  -0.012250  0.999868  0.004610  -0.016336  -0.006802  -1.260678  -0.071902  0.444138  1.000000  
23.508095 -0.007323  0.004702  0.016031  0.587084  0.809522  0.002474  -0.809453  0.586988  0.015182  0.010837  -0.010916  0.999882  0.004591  -0.016320  -0.006763  -1.264516  -0.062408  0.444424  1.000000  
23.509099 -0.007317  0.004687  0.016025  0.586584  0.809887  0.001403  -0.809816  0.586508  0.014398  0.010837  -0.009582  0.999895  0.004674  -0.016233  -0.006796  -1.264576  -0.057357  0.444645  1.000000  
23.510102 -0.007313  0.004671  0.016018  0.586251  0.810130  0.000230  -0.810057  0.586195  0.013544  0.010837  -0.008126  0.999908  0.004652  -0.016196  -0.006867  -1.266864  -0.052436  0.441574  1.000000  
23.511348 -0.007306  0.004652  0.016009  0.585584  0.810611  -0.001135  -0.810540  0.585549  0.012549  0.010837  -0.006428  0.999921  0.004714  -0.016077  -0.006853  -1.270827  -0.042894  0.448772  1.000000  
23.512598 -0.007299  0.004633  0.016001  0.585082  0.810970  -0.002682  -0.810900  0.585070  0.011594  0.010971  -0.004609  0.999929  0.004763  -0.015947  -0.006700  -1.283225  -0.033173  0.449115  1.000000  
23.513845 -0.007292  0.004616  0.015995  0.584581  0.811326  -0.003954  -0.811261  0.584587  0.010674  0.010971  -0.003032  0.999935  0.004764  -0.015773  -0.006325  -1.283176  -0.032619  0.456095  1.000000  
23.514847 -0.007287  0.004601  0.015991  0.584080  0.811681  -0.005030  -0.811622  0.584099  0.009897  0.010971  -0.001698  0.999938  0.004790  -0.015697  -0.006039  -1.288655  -0.027540  0.459302  1.000000  
23.516096 -0.007281  0.004582  0.015986  0.583579  0.812031  -0.006403  -0.811983  0.583614  0.008909  0.010971  0.000000  0.999940  0.004793  -0.015512  -0.005537  -1.295286  -0.022457  0.463243  1.000000  
23.517345 -0.007275  0.004565  0.015982  0.583076  0.812381  -0.007757  -0.812342  0.583126  0.008102  0.011105  0.001577  0.999937  0.004831  -0.015313  -0.005229  -1.296700  -0.012836  0.466491  1.000000  
23.518594 -0.007268  0.004547  0.015977  0.582407  0.812846  -0.009130  -0.812822  0.582469  0.007119  0.011105  0.003275  0.999933  0.004949  -0.015161  -0.005126  -1.303459  -0.012229  0.477358  1.000000  
23.519601 -0.007263  0.004532  0.015971  0.582072  0.813073  -0.010212  -0.813061  0.582144  0.006346  0.011105  0.004609  0.999928  0.004998  -0.015058  -0.005174  -1.303171  -0.007093  0.477324  1.000000  
23.520850 -0.007256  0.004515  0.015962  0.581402  0.813534  -0.011588  -0.813540  0.581484  0.005367  0.011105  0.006307  0.999918  0.005125  -0.014874  -0.005391  -1.307167  -0.001907  0.484300  1.000000  
23.522094 -0.007250  0.004496  0.015953  0.581067  0.813750  -0.013145  -0.813778  0.581158  0.004424  0.011239  0.008126  0.999904  0.005127  -0.014782  -0.005629  -1.312750  0.003326  0.480443  1.000000  
23.523095 -0.007245  0.004483  0.015945  0.580564  0.814090  -0.014228  -0.814137  0.580661  0.003657  0.011239  0.009460  0.999892  0.005217  -0.014628  -0.005775  -1.312826  0.003897  0.487357  1.000000  
23.524097 -0.007239  0.004469  0.015937  0.580229  0.814308  -0.015412  -0.814376  0.580331  0.002818  0.011239  0.010916  0.999877  0.005208  -0.014555  -0.005853  -1.321447  0.004549  0.487549  1.000000  
23.525348 -0.007234  0.004452  0.015929  0.579726  0.814635  -0.016991  -0.814734  0.579832  0.001702  0.011239  0.012856  0.999854  0.005135  -0.014370  -0.005860  -1.332919  0.005355  0.494189  1.000000  
23.526351 -0.007229  0.004439  0.015922  0.579389  0.814847  -0.018254  -0.814972  0.579500  0.000975  0.011373  0.014312  0.999833  0.005115  -0.014225  -0.005784  -1.335679  0.015178  0.498276  1.000000  
23.527604 -0.007223  0.004422  0.015917  0.578886  0.815170  -0.019737  -0.815329  0.578997  -0.000067  0.011373  0.016131  0.999805  0.004989  -0.014087  -0.005615  -1.343601  0.016022  0.498165  1.000000  
23.528853 -0.007219  0.004407  0.015912  0.578549  0.815369  -0.021298  -0.815566  0.578663  -0.001003  0.011506  0.017950  0.999773  0.004857  -0.013877  -0.005524  -1.351784  0.021365  0.498170  1.000000  
23.530097 -0.007214  0.004392  0.015907  0.578045  0.815687  -0.022782  -0.815924  0.578156  -0.002042  0.011506  0.019769  0.999738  0.004783  -0.013671  -0.005550  -1.360151  0.022214  0.498213  1.000000  
23.531344 -0.007209  0.004377  0.015901  0.577708  0.815880  -0.024345  -0.816160  0.577818  -0.002974  0.011640  0.021588  0.999699  0.004701  -0.013450  -0.005669  -1.368492  0.027553  0.491301  1.000000  
23.532346 -0.007205  0.004364  0.015896  0.577371  0.816077  -0.025710  -0.816397  0.577479  -0.003766  0.011774  0.023164  0.999662  0.004600  -0.013332  -0.005777  -1.380621  0.032734  0.491226  1.000000  
23.533595 -0.007201  0.004350  0.015888  0.576867  0.816382  -0.027297  -0.816753  0.576967  -0.004870  0.011774  0.025104  0.999616  0.004490  -0.013078  -0.005946  -1.393650  0.037726  0.494040  1.000000  
23.534846 -0.007196  0.004336  0.015879  0.576362  0.816685  -0.028863  -0.817108  0.576455  -0.005792  0.011908  0.026923  0.999567  0.004408  -0.012856  -0.006064  -1.401588  0.043023  0.493908  1.000000  
23.536095 -0.007192  0.004322  0.015870  0.575856  0.816985  -0.030430  -0.817463  0.575943  -0.006713  0.012042  0.028741  0.999514  0.004219  -0.012577  -0.006048  -1.404984  0.048785  0.490921  1.000000  
23.537095 -0.007188  0.004311  0.015865  0.575518  0.817174  -0.031699  -0.817698  0.575599  -0.007429  0.012175  0.030196  0.999470  0.004080  -0.012308  -0.005832  -1.409037  0.053968  0.490815  1.000000  
23.538104 -0.007186  0.004301  0.015859  0.575181  0.817366  -0.032870  -0.817934  0.575256  -0.008074  0.012309  0.031530  0.999427  0.003863  -0.012127  -0.005692  -1.408636  0.054534  0.483679  1.000000  
