1-Time 2-Px 3-Py 4-Pz 5-R11 6-R21 7-R31 8-R12 9-R22 10-R32 11-R13 12-R23 13-R33 14-Vx 15-Vy 16-Vz 17-Wx 18-Wy 19-Wz 20-state
46.020695 -0.000726  -0.020343  -0.001395  0.662725  0.740743  0.109982  -0.748849  0.656418  0.091321  -0.004549  -0.142881  0.989729  -0.000106  0.000294  -0.000272  0.000000  0.000000  0.000000  1.000000  
46.021727 -0.000726  -0.020343  -0.001395  0.662725  0.740756  0.109895  -0.748850  0.656404  0.091420  -0.004415  -0.142881  0.989730  0.000000  0.000000  0.000000  0.000000  0.000000  0.000000  1.000000  
46.022730 -0.000722  -0.020336  -0.001394  0.662725  0.740756  0.109895  -0.748850  0.656404  0.091420  -0.004415  -0.142881  0.989730  0.002317  0.003940  0.000512  0.000000  0.000000  0.000000  1.000000  
46.023980 -0.000715  -0.020322  -0.001394  0.662725  0.740756  0.109895  -0.748850  0.656404  0.091420  -0.004415  -0.142881  0.989730  0.003672  0.007027  0.000510  0.000000  0.000000  0.000000  1.000000  
46.025224 -0.000711  -0.020312  -0.001393  0.662725  0.740769  0.109805  -0.748850  0.656415  0.091340  -0.004415  -0.142761  0.989747  0.003589  0.007318  0.000460  0.000000  0.000000  0.000000  1.000000  
46.026224 -0.000708  -0.020306  -0.001390  0.662725  0.740782  0.109715  -0.748850  0.656426  0.091261  -0.004415  -0.142641  0.989765  0.003316  0.007034  0.000940  0.000000  0.000000  0.000000  1.000000  
46.027476 -0.000706  -0.020299  -0.001386  0.662725  0.740782  0.109715  -0.748850  0.656426  0.091261  -0.004415  -0.142641  0.989765  0.003043  0.006861  0.001331  0.000000  0.000000  0.000000  1.000000  
46.028485 -0.000703  -0.020289  -0.001384  0.662725  0.740783  0.109713  -0.748849  0.656451  0.091082  -0.004549  -0.142521  0.989781  0.002988  0.007217  0.001429  0.000000  0.000000  0.000000  1.000000  
46.029729 -0.000702  -0.020276  -0.001384  0.662570  0.740918  0.109732  -0.748986  0.656299  0.091059  -0.004549  -0.142521  0.989781  0.002754  0.007687  0.001276  0.000000  0.000000  0.000000  1.000000  
46.030983 -0.000702  -0.020265  -0.001383  0.662571  0.740931  0.109644  -0.748986  0.656285  0.091159  -0.004415  -0.142521  0.989782  0.002358  0.007864  0.001172  0.000000  0.000000  0.000000  1.000000  
46.031984 -0.000703  -0.020256  -0.001382  0.662571  0.740931  0.109644  -0.748986  0.656285  0.091159  -0.004415  -0.142521  0.989782  0.002062  0.007926  0.001231  0.000000  0.000000  0.000000  1.000000  
46.033230 -0.000701  -0.020243  -0.001380  0.662571  0.740931  0.109644  -0.748986  0.656285  0.091159  -0.004415  -0.142521  0.989782  0.002002  0.008163  0.001272  0.000000  0.000000  0.000000  1.000000  
46.034478 -0.000698  -0.020227  -0.001377  0.662571  0.740943  0.109556  -0.748987  0.656270  0.091258  -0.004282  -0.142521  0.989783  0.002076  0.008604  0.001324  0.000000  0.000000  0.000000  1.000000  
46.035726 -0.000694  -0.020208  -0.001377  0.662571  0.740943  0.109556  -0.748987  0.656270  0.091258  -0.004282  -0.142521  0.989783  0.002179  0.009148  0.001228  0.000000  0.000000  0.000000  1.000000  
46.036726 -0.000689  -0.020190  -0.001377  0.662571  0.740931  0.109644  -0.748986  0.656285  0.091159  -0.004415  -0.142521  0.989782  0.002481  0.010238  0.001194  0.000000  0.000000  0.000000  1.000000  
46.037727 -0.000681  -0.020169  -0.001376  0.662571  0.740931  0.109644  -0.748986  0.656285  0.091159  -0.004415  -0.142521  0.989782  0.002714  0.011178  0.001245  0.000000  0.000000  0.000000  1.000000  
46.038975 -0.000673  -0.020142  -0.001374  0.662571  0.740931  0.109644  -0.748986  0.656285  0.091159  -0.004415  -0.142521  0.989782  0.002801  0.012006  0.001303  0.000000  0.000000  0.000000  1.000000  
46.039982 -0.000668  -0.020123  -0.001371  0.662571  0.740931  0.109644  -0.748986  0.656285  0.091159  -0.004415  -0.142521  0.989782  0.002908  0.012846  0.001469  0.000000  0.000000  0.000000  1.000000  
46.041229 -0.000665  -0.020101  -0.001368  0.662571  0.740944  0.109554  -0.748986  0.656296  0.091079  -0.004415  -0.142401  0.989799  0.002957  0.013886  0.001471  0.000000  0.000000  0.000000  1.000000  
46.042475 -0.000662  -0.020078  -0.001366  0.662571  0.740944  0.109554  -0.748986  0.656296  0.091079  -0.004415  -0.142401  0.989799  0.002930  0.014720  0.001397  0.000000  0.000000  0.000000  1.000000  
46.043476 -0.000659  -0.020058  -0.001363  0.662571  0.740957  0.109464  -0.748986  0.656307  0.090999  -0.004415  -0.142281  0.989817  0.002981  0.015386  0.001434  0.000000  0.000000  0.000000  1.000000  
46.044482 -0.000657  -0.020039  -0.001360  0.662571  0.740957  0.109464  -0.748986  0.656307  0.090999  -0.004415  -0.142281  0.989817  0.003029  0.016062  0.001609  0.000000  0.000000  0.000000  1.000000  
46.045733 -0.000656  -0.020017  -0.001356  0.662571  0.740957  0.109464  -0.748986  0.656307  0.090999  -0.004415  -0.142281  0.989817  0.003133  0.016802  0.001859  0.000000  0.000000  0.000000  1.000000  
46.046982 -0.000657  -0.019996  -0.001350  0.662725  0.740835  0.109358  -0.748850  0.656445  0.091121  -0.004282  -0.142281  0.989817  0.003083  0.017367  0.002127  0.000000  0.000000  0.000000  1.000000  
46.047986 -0.000655  -0.019976  -0.001345  0.662725  0.740835  0.109358  -0.748850  0.656445  0.091121  -0.004282  -0.142281  0.989817  0.003141  0.018144  0.002339  0.000000  0.000000  0.000000  1.000000  
46.049234 -0.000650  -0.019948  -0.001341  0.662880  0.740725  0.109161  -0.748714  0.656594  0.091163  -0.004148  -0.142161  0.989835  0.003247  0.018885  0.002427  0.000000  0.000000  0.000000  1.000000  
46.050475 -0.000645  -0.019920  -0.001337  0.662880  0.740725  0.109161  -0.748714  0.656594  0.091163  -0.004148  -0.142161  0.989835  0.003340  0.019534  0.002679  0.000000  0.000000  0.000000  1.000000  
46.051477 -0.000641  -0.019897  -0.001335  0.663034  0.740590  0.109142  -0.748578  0.656747  0.091186  -0.004148  -0.142161  0.989835  0.003265  0.019873  0.002812  0.000000  0.000000  0.000000  1.000000  
46.052725 -0.000638  -0.019870  -0.001330  0.663188  0.740442  0.109213  -0.748441  0.656888  0.091288  -0.004148  -0.142281  0.989818  0.002872  0.019937  0.003004  0.000000  0.000000  0.000000  1.000000  
46.053725 -0.000635  -0.019848  -0.001327  0.663188  0.740442  0.109213  -0.748441  0.656888  0.091288  -0.004148  -0.142281  0.989818  0.002571  0.019928  0.003200  0.000000  0.000000  0.000000  1.000000  
46.054725 -0.000634  -0.019828  -0.001323  0.663342  0.740307  0.109195  -0.748305  0.657041  0.091310  -0.004148  -0.142281  0.989818  0.002295  0.020001  0.003299  0.000000  0.000000  0.000000  1.000000  
46.055981 -0.000635  -0.019804  -0.001320  0.663497  0.740184  0.109088  -0.748169  0.657179  0.091432  -0.004014  -0.142281  0.989818  0.002037  0.020081  0.003277  0.000000  0.000000  0.000000  1.000000  
46.057225 -0.000637  -0.019783  -0.001317  0.663651  0.740049  0.109069  -0.748032  0.657331  0.091454  -0.004014  -0.142281  0.989818  0.001701  0.019970  0.003282  0.000000  0.000000  0.000000  1.000000  
46.058475 -0.000639  -0.019761  -0.001313  0.663805  0.739913  0.109050  -0.747895  0.657484  0.091477  -0.004014  -0.142281  0.989818  0.001301  0.019805  0.003325  0.000000  0.000000  0.000000  1.000000  
46.059475 -0.000641  -0.019744  -0.001310  0.663959  0.739790  0.108944  -0.747759  0.657622  0.091598  -0.003880  -0.142281  0.989819  0.001090  0.019707  0.003363  0.000000  0.000000  0.000000  1.000000  
46.060729 -0.000644  -0.019722  -0.001304  0.664113  0.739668  0.108837  -0.747623  0.657760  0.091720  -0.003746  -0.142281  0.989819  0.000819  0.019665  0.003451  0.000000  0.000000  0.000000  1.000000  
46.061979 -0.000645  -0.019700  -0.001298  0.664421  0.739397  0.108799  -0.747349  0.658064  0.091764  -0.003746  -0.142281  0.989819  0.000775  0.019717  0.003451  0.000000  0.000000  0.000000  1.000000  
46.062981 -0.000645  -0.019681  -0.001294  0.664575  0.739287  0.108602  -0.747213  0.658213  0.091806  -0.003613  -0.142161  0.989837  0.000666  0.019639  0.003377  0.000000  0.000000  0.000000  1.000000  
46.063987 -0.000643  -0.019660  -0.001290  0.664729  0.739152  0.108584  -0.747076  0.658365  0.091828  -0.003613  -0.142161  0.989837  0.000486  0.019530  0.003476  0.000000  0.000000  0.000000  1.000000  
46.065234 -0.000640  -0.019632  -0.001286  0.665037  0.738893  0.108458  -0.746803  0.658656  0.091972  -0.003479  -0.142161  0.989837  0.000293  0.019463  0.003482  0.000000  0.000000  0.000000  1.000000  
46.066475 -0.000639  -0.019606  -0.001281  0.665344  0.738635  0.108332  -0.746529  0.658946  0.092115  -0.003345  -0.142161  0.989838  0.000119  0.019416  0.003611  0.000000  0.000000  0.000000  1.000000  
46.067479 -0.000640  -0.019587  -0.001276  0.665498  0.738512  0.108225  -0.746392  0.659083  0.092237  -0.003211  -0.142161  0.989838  -0.000150  0.019187  0.003692  0.000000  0.000000  0.000000  1.000000  
46.068726 -0.000642  -0.019565  -0.001270  0.665806  0.738253  0.108098  -0.746119  0.659373  0.092380  -0.003077  -0.142161  0.989839  -0.000443  0.018879  0.003790  0.000000  0.000000  0.000000  1.000000  
46.069975 -0.000644  -0.019543  -0.001266  0.666114  0.738007  0.107884  -0.745845  0.659649  0.092622  -0.002810  -0.142161  0.989839  -0.000696  0.018603  0.003805  0.000000  0.000000  0.000000  1.000000  
46.070976 -0.000647  -0.019526  -0.001262  0.666421  0.737748  0.107757  -0.745571  0.659938  0.092765  -0.002676  -0.142162  0.989840  -0.000822  0.018533  0.003821  -0.007542  0.082495  -0.162937  1.000000  
46.071982 -0.000651  -0.019510  -0.001260  0.666575  0.737624  0.107650  -0.745434  0.660076  0.092886  -0.002542  -0.142162  0.989840  -0.000955  0.018540  0.003839  -0.007527  0.087904  -0.169095  1.000000  
46.073226 -0.000655  -0.019488  -0.001257  0.666729  0.737514  0.107454  -0.745297  0.660200  0.093106  -0.002275  -0.142162  0.989841  -0.001109  0.018519  0.003766  -0.003424  0.096991  -0.173261  1.000000  
46.074475 -0.000658  -0.019466  -0.001254  0.667036  0.737267  0.107239  -0.745023  0.660475  0.093347  -0.002007  -0.142162  0.989841  -0.001141  0.018485  0.003725  -0.003405  0.107791  -0.185611  1.000000  
46.075725 -0.000659  -0.019443  -0.001250  0.667189  0.737144  0.107132  -0.744886  0.660612  0.093468  -0.001873  -0.142162  0.989842  -0.001033  0.018577  0.003641  -0.003397  0.113184  -0.191772  1.000000  
46.076726 -0.000659  -0.019424  -0.001247  0.667343  0.737033  0.106936  -0.744749  0.660736  0.093687  -0.001606  -0.142162  0.989842  -0.000951  0.018697  0.003502  -0.003438  0.117593  -0.191127  1.000000  
46.077975 -0.000659  -0.019397  -0.001244  0.667497  0.736935  0.106651  -0.744612  0.660845  0.094005  -0.001204  -0.142162  0.989843  -0.000933  0.018975  0.003338  -0.003461  0.131838  -0.196051  1.000000  
46.078985 -0.000658  -0.019374  -0.001242  0.667650  0.736825  0.106455  -0.744475  0.660968  0.094224  -0.000937  -0.142162  0.989843  -0.001032  0.019094  0.003232  0.000545  0.137332  -0.196988  1.000000  
46.079991 -0.000657  -0.019350  -0.001239  0.667803  0.736714  0.106259  -0.744337  0.661092  0.094443  -0.000669  -0.142162  0.989843  -0.001154  0.019100  0.003187  0.000533  0.147153  -0.202469  1.000000  
46.081229 -0.000657  -0.019323  -0.001234  0.667957  0.736616  0.105974  -0.744200  0.661201  0.094761  -0.000268  -0.142162  0.989843  -0.001172  0.019188  0.003207  0.000485  0.159256  -0.198995  1.000000  
46.082232 -0.000659  -0.019303  -0.001230  0.667957  0.736654  0.105709  -0.744200  0.661159  0.095057  0.000134  -0.142162  0.989843  -0.001273  0.019248  0.003135  -0.003646  0.172925  -0.191828  1.000000  
46.083476 -0.000662  -0.019278  -0.001225  0.668110  0.736556  0.105423  -0.744062  0.661268  0.095374  0.000535  -0.142162  0.989843  -0.001366  0.019442  0.003053  -0.003677  0.187299  -0.196798  1.000000  
46.084727 -0.000665  -0.019252  -0.001220  0.668263  0.736458  0.105138  -0.743925  0.661377  0.095691  0.000937  -0.142162  0.989843  -0.001411  0.019781  0.003100  -0.003721  0.200636  -0.194862  1.000000  
46.085975 -0.000668  -0.019224  -0.001215  0.668416  0.736373  0.104765  -0.743787  0.661472  0.096107  0.001472  -0.142162  0.989842  -0.001400  0.020180  0.003139  -0.003765  0.212271  -0.191394  1.000000  
46.086976 -0.000671  -0.019202  -0.001212  0.668415  0.736398  0.104588  -0.743786  0.661418  0.096483  0.001873  -0.142282  0.989824  -0.001329  0.020528  0.003183  0.000230  0.226393  -0.184181  1.000000  
46.087982 -0.000672  -0.019180  -0.001208  0.668568  0.736300  0.104303  -0.743648  0.661527  0.096800  0.002275  -0.142282  0.989824  -0.001151  0.020898  0.003334  0.000187  0.239694  -0.182220  1.000000  
46.089226 -0.000674  -0.019151  -0.001202  0.668873  0.736079  0.103909  -0.743371  0.661773  0.097236  0.002810  -0.142282  0.989822  -0.001104  0.021347  0.003511  0.000119  0.254089  -0.187192  1.000000  
46.090475 -0.000674  -0.019120  -0.001196  0.669025  0.736006  0.103446  -0.743232  0.661854  0.097750  0.003479  -0.142281  0.989820  -0.000989  0.021927  0.003602  0.000030  0.271933  -0.184658  1.000000  
46.091725 -0.000672  -0.019087  -0.001191  0.669176  0.735908  0.103160  -0.743093  0.661937  0.098245  0.004014  -0.142401  0.989801  -0.000851  0.022478  0.003702  0.004015  0.286340  -0.173757  1.000000  
46.092975 -0.000670  -0.019052  -0.001187  0.669481  0.735687  0.102765  -0.742816  0.662183  0.098681  0.004549  -0.142401  0.989799  -0.000738  0.022986  0.003811  0.007985  0.300592  -0.178689  1.000000  
46.093975 -0.000669  -0.019026  -0.001182  0.669632  0.735589  0.102479  -0.742676  0.662292  0.098997  0.004951  -0.142400  0.989797  -0.000709  0.023229  0.003974  0.007942  0.313895  -0.176816  1.000000  
46.095229 -0.000668  -0.018994  -0.001176  0.669936  0.735355  0.102172  -0.742399  0.662527  0.099513  0.005486  -0.142520  0.989777  -0.000729  0.023371  0.004127  0.011911  0.327083  -0.174854  1.000000  
46.096232 -0.000668  -0.018969  -0.001171  0.670087  0.735269  0.101797  -0.742258  0.662621  0.099928  0.006021  -0.142520  0.989774  -0.000724  0.023666  0.004224  0.011942  0.342077  -0.167490  1.000000  
46.097493 -0.000670  -0.018938  -0.001164  0.670390  0.735048  0.101401  -0.741980  0.662867  0.100362  0.006556  -0.142519  0.989770  -0.000697  0.024044  0.004264  0.011853  0.356252  -0.172340  1.000000  
46.098731 -0.000672  -0.018906  -0.001158  0.670693  0.734839  0.100915  -0.741700  0.663099  0.100895  0.007225  -0.142518  0.989766  -0.000569  0.024479  0.004361  0.011769  0.368770  -0.163645  1.000000  
46.099978 -0.000673  -0.018875  -0.001151  0.670994  0.734617  0.100518  -0.741420  0.663319  0.101508  0.007894  -0.142638  0.989743  -0.000437  0.024818  0.004537  0.015743  0.387606  -0.167926  1.000000  
46.100982 -0.000673  -0.018849  -0.001146  0.671297  0.734395  0.100121  -0.741141  0.663565  0.101942  0.008429  -0.142637  0.989739  -0.000261  0.025087  0.004710  0.015667  0.400886  -0.165974  1.000000  
46.102225 -0.000674  -0.018815  -0.001136  0.671750  0.734062  0.099524  -0.740721  0.663933  0.102593  0.009232  -0.142636  0.989732  -0.000143  0.025453  0.005009  0.015529  0.419805  -0.170315  1.000000  
46.103225 -0.000675  -0.018788  -0.001129  0.672051  0.733840  0.099126  -0.740440  0.664179  0.103026  0.009767  -0.142635  0.989727  -0.000044  0.025819  0.005225  0.015273  0.431513  -0.180579  1.000000  
46.104228 -0.000674  -0.018759  -0.001121  0.672352  0.733606  0.098816  -0.740160  0.664412  0.103539  0.010302  -0.142755  0.989704  0.000029  0.026214  0.005453  0.019379  0.444009  -0.180770  1.000000  
46.105476 -0.000673  -0.018721  -0.001110  0.672805  0.733260  0.098307  -0.739739  0.664794  0.104090  0.010971  -0.142754  0.989697  0.000040  0.026545  0.005794  0.019221  0.463819  -0.191919  1.000000  
46.106476 -0.000671  -0.018691  -0.001102  0.673257  0.732889  0.097975  -0.739319  0.665178  0.104623  0.011506  -0.142873  0.989674  0.000082  0.026843  0.006027  0.023127  0.474708  -0.204308  1.000000  
46.107726 -0.000670  -0.018655  -0.001093  0.673707  0.732555  0.097375  -0.738896  0.665546  0.105271  0.012309  -0.142872  0.989665  -0.000033  0.026956  0.006403  0.022887  0.490029  -0.216080  1.000000  
46.108976 -0.000672  -0.018619  -0.001082  0.674155  0.732222  0.096774  -0.738471  0.665886  0.106096  0.013246  -0.142990  0.989636  -0.000220  0.027160  0.006726  0.026494  0.510157  -0.224729  1.000000  
46.110225 -0.000675  -0.018585  -0.001071  0.674755  0.731752  0.096150  -0.737906  0.666377  0.106941  0.014182  -0.143108  0.989605  -0.000457  0.027264  0.007032  0.030196  0.530692  -0.242499  1.000000  
46.111229 -0.000677  -0.018557  -0.001062  0.675202  0.731418  0.095547  -0.737480  0.666744  0.107586  0.014985  -0.143106  0.989594  -0.000558  0.027440  0.007267  0.029921  0.550220  -0.253498  1.000000  
46.112236 -0.000680  -0.018531  -0.001053  0.675651  0.731059  0.095122  -0.737056  0.667112  0.108214  0.015654  -0.143225  0.989566  -0.000643  0.027629  0.007534  0.033900  0.566591  -0.274792  1.000000  
46.113482 -0.000684  -0.018496  -0.001042  0.676246  0.730602  0.094405  -0.736486  0.667588  0.109153  0.016724  -0.143343  0.989532  -0.000828  0.027815  0.007851  0.037511  0.587343  -0.292717  1.000000  
46.114486 -0.000688  -0.018468  -0.001033  0.676691  0.730256  0.093889  -0.736058  0.667941  0.109878  0.017527  -0.143461  0.989501  -0.001004  0.027927  0.008090  0.041258  0.607118  -0.303796  1.000000  
46.115734 -0.000692  -0.018432  -0.001021  0.677133  0.729947  0.093103  -0.735626  0.668279  0.110715  0.018597  -0.143458  0.989482  -0.001251  0.028210  0.008469  0.040808  0.626901  -0.314922  1.000000  
46.116980 -0.000695  -0.018395  -0.001008  0.677724  0.729490  0.092383  -0.735053  0.668753  0.111651  0.019667  -0.143575  0.989444  -0.001442  0.028489  0.008706  0.040268  0.647811  -0.332868  1.000000  
46.118225 -0.000697  -0.018357  -0.000994  0.678313  0.729045  0.091571  -0.734477  0.669213  0.112684  0.020871  -0.143691  0.989402  -0.001510  0.028750  0.008997  0.043739  0.673135  -0.350196  1.000000  
46.119475 -0.000699  -0.018317  -0.000981  0.678749  0.728738  0.090781  -0.734039  0.669522  0.113696  0.022075  -0.143808  0.989359  -0.001763  0.028930  0.009218  0.047258  0.697399  -0.360636  1.000000  
46.120475 -0.000702  -0.018286  -0.000970  0.679185  0.728418  0.090079  -0.733602  0.669846  0.114611  0.023145  -0.143924  0.989318  -0.001964  0.029058  0.009343  0.050391  0.715645  -0.367977  1.000000  
46.121475 -0.000705  -0.018254  -0.000958  0.679621  0.728098  0.089377  -0.733163  0.670168  0.115524  0.024215  -0.144041  0.989275  -0.002275  0.029130  0.009613  0.050241  0.741484  -0.382094  1.000000  
46.122725 -0.000711  -0.018216  -0.000944  0.680202  0.727656  0.088558  -0.732579  0.670598  0.116730  0.025553  -0.144276  0.989208  -0.002695  0.029260  0.009911  0.057733  0.770218  -0.391826  1.000000  
46.123725 -0.000715  -0.018186  -0.000932  0.680482  0.727487  0.087787  -0.732276  0.670756  0.117721  0.026757  -0.144391  0.989159  -0.002939  0.029403  0.010198  0.061299  0.797931  -0.394747  1.000000  
46.124977 -0.000722  -0.018149  -0.000917  0.681060  0.727056  0.086877  -0.731688  0.671199  0.118843  0.028094  -0.144506  0.989105  -0.003210  0.029567  0.010413  0.060598  0.826737  -0.404499  1.000000  
46.125979 -0.000728  -0.018119  -0.000904  0.681340  0.726864  0.086282  -0.731386  0.671356  0.119816  0.029164  -0.144741  0.989040  -0.003454  0.029701  0.010684  0.067730  0.843566  -0.404906  1.000000  
46.127224 -0.000735  -0.018082  -0.000889  0.681910  0.726448  0.085277  -0.730789  0.671755  0.121211  0.030769  -0.144974  0.988957  -0.003655  0.029940  0.010925  0.074961  0.880375  -0.412994  1.000000  
46.128229 -0.000740  -0.018051  -0.000876  0.682185  0.726281  0.084502  -0.730481  0.671912  0.122198  0.031972  -0.145089  0.988902  -0.003764  0.030175  0.011228  0.079148  0.905434  -0.413736  1.000000  
46.129230 -0.000745  -0.018020  -0.000863  0.682606  0.725988  0.083611  -0.730027  0.672204  0.123298  0.033310  -0.145202  0.988841  -0.003883  0.030376  0.011517  0.081796  0.930901  -0.419368  1.000000  
46.130232 -0.000750  -0.017988  -0.000849  0.683025  0.725685  0.082806  -0.729572  0.672480  0.124479  0.034647  -0.145436  0.988761  -0.003979  0.030611  0.011773  0.085828  0.961722  -0.426172  1.000000  
46.131234 -0.000753  -0.017956  -0.000836  0.683440  0.725406  0.081822  -0.729112  0.672757  0.125673  0.036118  -0.145548  0.988692  -0.004023  0.030832  0.011997  0.089189  0.993919  -0.428423  1.000000  
46.132481 -0.000757  -0.017913  -0.000820  0.683996  0.724996  0.080806  -0.728502  0.673123  0.127239  0.037856  -0.145898  0.988575  -0.004099  0.031089  0.012206  0.100528  1.026104  -0.430515  1.000000  
46.133725 -0.000761  -0.017871  -0.000803  0.684550  0.724596  0.079699  -0.727890  0.673504  0.128722  0.039594  -0.146128  0.988473  -0.004137  0.031325  0.012330  0.102778  1.059667  -0.434646  1.000000  
46.134727 -0.000764  -0.017838  -0.000789  0.684962  0.724295  0.078888  -0.727428  0.673777  0.129897  0.040931  -0.146360  0.988384  -0.004298  0.031460  0.012634  0.110136  1.087143  -0.437405  1.000000  
46.135983 -0.000769  -0.017796  -0.000771  0.685507  0.723909  0.077687  -0.726806  0.674142  0.131473  0.042802  -0.146589  0.988271  -0.004407  0.031548  0.012832  0.114302  1.131570  -0.435503  1.000000  
46.137225 -0.000775  -0.017757  -0.000754  0.686049  0.723514  0.076570  -0.726182  0.674490  0.133128  0.044674  -0.146936  0.988137  -0.004504  0.031570  0.013116  0.124566  1.163254  -0.432745  1.000000  
46.138225 -0.000781  -0.017726  -0.000738  0.686448  0.723242  0.075573  -0.725705  0.674733  0.134491  0.046278  -0.147165  0.988029  -0.004535  0.031678  0.013367  0.128962  1.199780  -0.432223  1.000000  
46.139226 -0.000786  -0.017695  -0.000723  0.686993  0.722830  0.074547  -0.725085  0.675124  0.135869  0.047882  -0.147394  0.987918  -0.004492  0.031831  0.013492  0.136173  1.227499  -0.434969  1.000000  
46.140229 -0.000792  -0.017663  -0.000708  0.687387  0.722558  0.073547  -0.724604  0.675365  0.137229  0.049485  -0.147622  0.987805  -0.004531  0.032005  0.013699  0.139539  1.254482  -0.430872  1.000000  
46.141478 -0.000799  -0.017623  -0.000688  0.688067  0.722018  0.072481  -0.723827  0.675841  0.138974  0.051356  -0.148087  0.987640  -0.004532  0.032123  0.014065  0.150416  1.287457  -0.439455  1.000000  
46.142478 -0.000803  -0.017590  -0.000672  0.688605  0.721608  0.071448  -0.723200  0.676229  0.140346  0.052959  -0.148314  0.987521  -0.004462  0.032239  0.014242  0.156370  1.313256  -0.437260  1.000000  
46.143483 -0.000807  -0.017558  -0.000656  0.689136  0.721203  0.070409  -0.722565  0.676584  0.141894  0.054696  -0.148659  0.987375  -0.004366  0.032336  0.014481  0.164691  1.347542  -0.444105  1.000000  
46.144483 -0.000811  -0.017526  -0.000639  0.689664  0.720799  0.069369  -0.721927  0.676939  0.143440  0.056433  -0.149004  0.987225  -0.004301  0.032414  0.014667  0.170452  1.377298  -0.441022  1.000000  
46.145734 -0.000815  -0.017484  -0.000619  0.690327  0.720284  0.068113  -0.721133  0.677412  0.145189  0.058437  -0.149346  0.987057  -0.004237  0.032496  0.014968  0.178684  1.412149  -0.447870  1.000000  
46.146736 -0.000818  -0.017451  -0.000602  0.690855  0.719867  0.067158  -0.720496  0.677778  0.146635  0.060039  -0.149691  0.986908  -0.004212  0.032516  0.015201  0.189813  1.439627  -0.450368  1.000000  
46.147985 -0.000822  -0.017409  -0.000581  0.691511  0.719346  0.065984  -0.719696  0.678230  0.148462  0.062043  -0.150152  0.986714  -0.004228  0.032515  0.015519  0.200669  1.467247  -0.452696  1.000000  
46.148986 -0.000825  -0.017377  -0.000563  0.692028  0.718944  0.064934  -0.719048  0.678580  0.149999  0.063779  -0.150494  0.986551  -0.004253  0.032368  0.015778  0.207629  1.495014  -0.455156  1.000000  
46.150245 -0.000831  -0.017338  -0.000541  0.692825  0.718284  0.063722  -0.718099  0.679176  0.151834  0.065781  -0.150953  0.986350  -0.004365  0.032169  0.016086  0.217731  1.519899  -0.471679  1.000000  
46.151491 -0.000838  -0.017300  -0.000519  0.693458  0.717793  0.062355  -0.717276  0.679594  0.153842  0.068051  -0.151409  0.986126  -0.004416  0.031998  0.016383  0.224319  1.552270  -0.473271  1.000000  
46.152730 -0.000845  -0.017263  -0.000496  0.694241  0.717149  0.061044  -0.716312  0.680172  0.155765  0.070187  -0.151864  0.985906  -0.004471  0.031851  0.016692  0.234443  1.582924  -0.489485  1.000000  
46.153977 -0.000852  -0.017226  -0.000474  0.694872  0.716639  0.059847  -0.715488  0.680581  0.157754  0.072322  -0.152439  0.985663  -0.004476  0.031773  0.016932  0.249129  1.606531  -0.492395  1.000000  
46.154977 -0.000858  -0.017197  -0.000454  0.695519  0.716102  0.058750  -0.714681  0.681070  0.159292  0.074057  -0.152778  0.985482  -0.004491  0.031611  0.017114  0.253182  1.627275  -0.503575  1.000000  
46.155989 -0.000864  -0.017167  -0.000437  0.696156  0.715572  0.057644  -0.713864  0.681524  0.161005  0.075925  -0.153235  0.985269  -0.004500  0.031388  0.017317  0.261366  1.655785  -0.518569  1.000000  
46.157226 -0.000870  -0.017130  -0.000414  0.696915  0.714940  0.056313  -0.712878  0.682060  0.163092  0.078192  -0.153805  0.985002  -0.004519  0.031259  0.017506  0.271145  1.686480  -0.534473  1.000000  
46.158226 -0.000875  -0.017100  -0.000395  0.697691  0.714278  0.055080  -0.711911  0.682677  0.164727  0.080060  -0.154141  0.984800  -0.004569  0.031130  0.017662  0.274379  1.707753  -0.552054  1.000000  
46.159227 -0.000880  -0.017069  -0.000376  0.698325  0.713737  0.054056  -0.711092  0.683140  0.166338  0.081793  -0.154597  0.984586  -0.004617  0.031000  0.017850  0.284470  1.723127  -0.562986  1.000000  
46.160228 -0.000885  -0.017040  -0.000358  0.698956  0.713196  0.053030  -0.710271  0.683601  0.167945  0.083527  -0.155052  0.984369  -0.004781  0.030761  0.017959  0.290507  1.738725  -0.573859  1.000000  
46.161230 -0.000890  -0.017009  -0.000338  0.699575  0.712665  0.051995  -0.709438  0.684025  0.169728  0.085393  -0.155624  0.984118  -0.004928  0.030569  0.018201  0.304449  1.754180  -0.584660  1.000000  
46.162234 -0.000895  -0.016979  -0.000319  0.700200  0.712126  0.050962  -0.708611  0.684483  0.171331  0.087126  -0.156078  0.983895  -0.005104  0.030257  0.018333  0.309105  1.769811  -0.595430  1.000000  
46.163485 -0.000903  -0.016943  -0.000295  0.700933  0.711500  0.049607  -0.707603  0.685005  0.173399  0.089392  -0.156643  0.983602  -0.005322  0.029948  0.018498  0.318648  1.789522  -0.605360  1.000000  
46.164736 -0.000913  -0.016909  -0.000270  0.701662  0.710869  0.048334  -0.706590  0.685502  0.175546  0.091657  -0.157327  0.983284  -0.005643  0.029574  0.018665  0.332265  1.809599  -0.615264  1.000000  
46.165986 -0.000923  -0.016875  -0.000246  0.702394  0.710231  0.047063  -0.705582  0.686034  0.177514  0.093789  -0.157892  0.982992  -0.005881  0.029271  0.018775  0.337679  1.820802  -0.626515  1.000000  
46.167231 -0.000933  -0.016841  -0.000222  0.703103  0.709618  0.045688  -0.704552  0.686511  0.179747  0.096186  -0.158570  0.982651  -0.006100  0.029099  0.018876  0.351126  1.841233  -0.636478  1.000000  
46.168232 -0.000941  -0.016814  -0.000204  0.703690  0.709110  0.044539  -0.703690  0.686906  0.181605  0.098184  -0.159135  0.982362  -0.006200  0.028931  0.018895  0.360688  1.856862  -0.647123  1.000000  
46.169476 -0.000950  -0.016779  -0.000180  0.704389  0.708495  0.043241  -0.702651  0.687355  0.183914  0.100580  -0.159931  0.981991  -0.006373  0.028777  0.018926  0.374527  1.872118  -0.650760  1.000000  
46.170727 -0.000959  -0.016745  -0.000157  0.705218  0.707762  0.041722  -0.701453  0.687953  0.186237  0.103109  -0.160604  0.981619  -0.006501  0.028654  0.018996  0.379610  1.896539  -0.665786  1.000000  
46.172000 -0.000969  -0.016709  -0.000133  0.705915  0.707137  0.040507  -0.700414  0.688410  0.188446  0.105371  -0.161399  0.981248  -0.006700  0.028478  0.018977  0.392452  1.906841  -0.670063  1.000000  
46.173227 -0.000977  -0.016674  -0.000109  0.706742  0.706387  0.039156  -0.699216  0.688993  0.190751  0.107766  -0.162190  0.980857  -0.006898  0.028378  0.019086  0.406332  1.919323  -0.681080  1.000000  
46.174475 -0.000987  -0.016637  -0.000085  0.707407  0.705797  0.037745  -0.698148  0.689412  0.193136  0.110293  -0.162977  0.980446  -0.007116  0.028281  0.019119  0.415426  1.933158  -0.683967  1.000000  
46.175476 -0.000993  -0.016608  -0.000067  0.707977  0.705283  0.036665  -0.697273  0.689806  0.194881  0.112154  -0.163537  0.980141  -0.007201  0.028170  0.019097  0.425237  1.943167  -0.688310  1.000000  
46.176725 -0.001004  -0.016573  -0.000043  0.708798  0.704524  0.035392  -0.696071  0.690394  0.197082  0.114414  -0.164327  0.979748  -0.007388  0.028120  0.019110  0.434130  1.954893  -0.699053  1.000000  
46.177983 -0.001014  -0.016538  -0.000019  0.709601  0.703778  0.034106  -0.694854  0.690938  0.199454  0.116807  -0.165231  0.979313  -0.007569  0.027985  0.019033  0.446736  1.970171  -0.708615  1.000000  
46.179003 -0.001023  -0.016511  -0.000000  0.710290  0.703137  0.032965  -0.693812  0.691429  0.201373  0.118800  -0.165904  0.978960  -0.007770  0.027894  0.018886  0.455549  1.982285  -0.720150  1.000000  
46.180234 -0.001035  -0.016476  0.000023  0.710927  0.702554  0.031616  -0.692721  0.691805  0.203821  0.121323  -0.166803  0.978498  -0.007872  0.027928  0.018872  0.469710  2.000307  -0.715199  1.000000  
46.181482 -0.001046  -0.016442  0.000045  0.711713  0.701816  0.030313  -0.691490  0.692337  0.206180  0.123714  -0.167703  0.978044  -0.007894  0.027995  0.018763  0.482134  2.007256  -0.726250  1.000000  
46.182733 -0.001056  -0.016406  0.000069  0.712481  0.701096  0.028911  -0.690243  0.692849  0.208626  0.126236  -0.168598  0.977568  -0.007940  0.028126  0.018789  0.495481  2.023543  -0.730097  1.000000  
46.183984 -0.001066  -0.016369  0.000093  0.713242  0.700378  0.027503  -0.688990  0.693356  0.211067  0.128757  -0.169491  0.977085  -0.007971  0.028289  0.018819  0.504521  2.038365  -0.732822  1.000000  
46.185231 -0.001076  -0.016332  0.000117  0.713996  0.699660  0.026174  -0.687732  0.693833  0.213587  0.131278  -0.170500  0.976573  -0.008009  0.028476  0.018865  0.521695  2.049098  -0.736362  1.000000  
46.186475 -0.001086  -0.016294  0.000142  0.714897  0.698789  0.024804  -0.686335  0.694491  0.215932  0.133665  -0.171393  0.976093  -0.008071  0.028641  0.019011  0.528489  2.055047  -0.752709  1.000000  
46.187477 -0.001093  -0.016263  0.000161  0.715563  0.698146  0.023725  -0.685277  0.694974  0.217733  0.135521  -0.172059  0.975720  -0.008056  0.028811  0.019009  0.539498  2.058011  -0.752856  1.000000  
46.188727 -0.001102  -0.016224  0.000186  0.716439  0.697292  0.022333  -0.683857  0.695580  0.220243  0.138039  -0.173064  0.975189  -0.008095  0.029001  0.019057  0.552550  2.069031  -0.756287  1.000000  
46.189994 -0.001113  -0.016186  0.000211  0.717462  0.696282  0.020984  -0.682297  0.696341  0.222663  0.140424  -0.174069  0.974670  -0.008210  0.029104  0.019130  0.563657  2.080450  -0.772578  1.000000  
46.191228 -0.001124  -0.016147  0.000236  0.718309  0.695454  0.019399  -0.680854  0.696949  0.225167  0.143073  -0.174948  0.974127  -0.008256  0.029318  0.019193  0.566585  2.094780  -0.780444  1.000000  
46.192475 -0.001135  -0.016109  0.000260  0.719177  0.694592  0.018082  -0.679431  0.697556  0.227572  0.145456  -0.175949  0.973593  -0.008303  0.029534  0.019200  0.578665  2.106675  -0.790405  1.000000  
46.193475 -0.001144  -0.016079  0.000280  0.719802  0.693972  0.016968  -0.678341  0.697976  0.229526  0.147442  -0.176723  0.973155  -0.008368  0.029778  0.019326  0.587860  2.112981  -0.794821  1.000000  
46.194482 -0.001153  -0.016048  0.000301  0.720561  0.693209  0.015887  -0.677099  0.698509  0.231566  0.149427  -0.177614  0.972690  -0.008332  0.029910  0.019473  0.597558  2.123284  -0.807549  1.000000  
46.195495 -0.001162  -0.016017  0.000322  0.721162  0.692609  0.014754  -0.675988  0.698878  0.233687  0.151543  -0.178500  0.972200  -0.008376  0.030131  0.019668  0.610463  2.137209  -0.809811  1.000000  
46.196733 -0.001174  -0.015978  0.000348  0.722145  0.691611  0.013449  -0.674400  0.699581  0.236161  0.153923  -0.179612  0.971621  -0.008375  0.030495  0.019856  0.621697  2.146729  -0.827262  1.000000  
46.197737 -0.001182  -0.015945  0.000370  0.722888  0.690855  0.012352  -0.673146  0.700100  0.238188  0.155906  -0.180498  0.971140  -0.008372  0.030750  0.020151  0.629750  2.149518  -0.838740  1.000000  
46.198983 -0.001192  -0.015904  0.000397  0.723719  0.690006  0.011083  -0.671698  0.700650  0.240649  0.158284  -0.181606  0.970549  -0.008419  0.031006  0.020324  0.641266  2.152229  -0.849652  1.000000  
46.199987 -0.001200  -0.015870  0.000420  0.724467  0.689236  0.010070  -0.670451  0.701178  0.242580  0.160134  -0.182493  0.970079  -0.008406  0.031266  0.020522  0.645168  2.150541  -0.861694  1.000000  
46.200988 -0.001208  -0.015837  0.000443  0.725041  0.688647  0.008997  -0.669322  0.701497  0.244766  0.162246  -0.183488  0.969540  -0.008438  0.031494  0.020739  0.658961  2.155736  -0.858792  1.000000  
46.202234 -0.001218  -0.015794  0.000472  0.725974  0.687680  0.007647  -0.667696  0.702126  0.247388  0.164754  -0.184703  0.968886  -0.008494  0.031768  0.021025  0.669533  2.169157  -0.874768  1.000000  
46.203480 -0.001229  -0.015752  0.000500  0.726899  0.686716  0.006289  -0.666065  0.702749  0.250003  0.167261  -0.185916  0.968225  -0.008605  0.031959  0.021256  0.679882  2.173887  -0.892309  1.000000  
46.204485 -0.001238  -0.015719  0.000523  0.727472  0.686118  0.005212  -0.664938  0.703101  0.252004  0.169240  -0.186792  0.967712  -0.008643  0.032125  0.021449  0.688530  2.179659  -0.895999  1.000000  
46.205732 -0.001250  -0.015679  0.000552  0.728228  0.685324  0.003798  -0.663432  0.703554  0.254695  0.171876  -0.187996  0.967014  -0.008728  0.032228  0.021834  0.700883  2.191458  -0.898653  1.000000  
46.206736 -0.001258  -0.015647  0.000576  0.728910  0.684605  0.002646  -0.662133  0.703991  0.256860  0.173985  -0.188980  0.966445  -0.008720  0.032332  0.022019  0.708437  2.203161  -0.908025  1.000000  
46.207988 -0.001270  -0.015607  0.000606  0.729686  0.683780  0.001410  -0.660648  0.704466  0.259366  0.176356  -0.190188  0.965778  -0.008712  0.032500  0.022388  0.721778  2.204500  -0.905347  1.000000  
46.209233 -0.001282  -0.015566  0.000637  0.730574  0.682834  0.000018  -0.658993  0.705059  0.261954  0.178858  -0.191388  0.965080  -0.008768  0.032705  0.022764  0.725065  2.214042  -0.917746  1.000000  
46.210484 -0.001293  -0.015524  0.000667  0.731453  0.681890  -0.001382  -0.657332  0.705646  0.264534  0.181358  -0.192586  0.964375  -0.008688  0.032927  0.023001  0.734471  2.216917  -0.932070  1.000000  
46.211730 -0.001303  -0.015481  0.000698  0.732459  0.680806  -0.002762  -0.655515  0.706334  0.267194  0.183858  -0.193898  0.963639  -0.008632  0.033103  0.023387  0.740304  2.223234  -0.951417  1.000000  
46.212997 -0.001314  -0.015439  0.000731  0.733302  0.679890  -0.004191  -0.653827  0.706856  0.269933  0.186488  -0.195202  0.962870  -0.008662  0.033133  0.023726  0.753438  2.234184  -0.963800  1.000000  
46.214234 -0.001324  -0.015397  0.000764  0.734290  0.678813  -0.005589  -0.651999  0.707529  0.272579  0.188984  -0.196508  0.962117  -0.008732  0.033218  0.024057  0.760285  2.234538  -0.975139  1.000000  
46.215236 -0.001333  -0.015363  0.000790  0.734924  0.678116  -0.006701  -0.650671  0.707895  0.274795  0.191086  -0.197593  0.961480  -0.008706  0.033237  0.024278  0.772410  2.240486  -0.978125  1.000000  
46.216479 -0.001343  -0.015320  0.000822  0.735895  0.677048  -0.008032  -0.648833  0.708521  0.277514  0.193581  -0.199010  0.960688  -0.008808  0.033310  0.024574  0.787213  2.248942  -0.987432  1.000000  
46.217740 -0.001355  -0.015278  0.000855  0.736838  0.676002  -0.009551  -0.646973  0.709155  0.280225  0.196206  -0.200301  0.959887  -0.008902  0.033292  0.024899  0.797499  2.260969  -0.995620  1.000000  
46.218977 -0.001368  -0.015237  0.000890  0.737677  0.675068  -0.010745  -0.645293  0.709643  0.282848  0.198567  -0.201717  0.959105  -0.008991  0.033270  0.025255  0.809510  2.264237  -0.999065  1.000000  
46.219980 -0.001378  -0.015204  0.000917  0.738437  0.674219  -0.011762  -0.643814  0.710109  0.285042  0.200533  -0.202913  0.958443  -0.009097  0.033305  0.025528  0.817451  2.268912  -1.005055  1.000000  
46.221225 -0.001392  -0.015164  0.000952  0.739374  0.673167  -0.013127  -0.641956  0.710704  0.287735  0.203023  -0.204317  0.957620  -0.009217  0.033286  0.025939  0.831264  2.267421  -1.015275  1.000000  
46.222225 -0.001403  -0.015132  0.000979  0.740252  0.672179  -0.014216  -0.640317  0.711296  0.289917  0.204988  -0.205509  0.956946  -0.009292  0.033291  0.026111  0.840902  2.272237  -1.032141  1.000000  
46.223229 -0.001412  -0.015099  0.001007  0.740993  0.671338  -0.015334  -0.638827  0.711779  0.292011  0.206952  -0.206582  0.956292  -0.009334  0.033324  0.026359  0.848662  2.278771  -1.040045  1.000000  
46.224475 -0.001425  -0.015058  0.001042  0.742036  0.670150  -0.016782  -0.636803  0.712492  0.294682  0.209438  -0.207977  0.955448  -0.009385  0.033300  0.026585  0.853862  2.284584  -1.051283  1.000000  
46.225726 -0.001436  -0.015016  0.001077  0.742960  0.669092  -0.018083  -0.634945  0.713077  0.297266  0.211793  -0.209375  0.954623  -0.009403  0.033302  0.026886  0.859795  2.284113  -1.061510  1.000000  
46.226975 -0.001447  -0.014973  0.001111  0.743961  0.667934  -0.019648  -0.632891  0.713755  0.300005  0.214407  -0.210757  0.953735  -0.009441  0.033354  0.027108  0.864208  2.293798  -1.076546  1.000000  
46.227979 -0.001456  -0.014940  0.001139  0.744825  0.666939  -0.020677  -0.631251  0.714334  0.302076  0.216236  -0.211942  0.953060  -0.009484  0.033328  0.027177  0.870846  2.297370  -1.086478  1.000000  
46.228993 -0.001465  -0.014906  0.001166  0.745553  0.666095  -0.021649  -0.629761  0.714770  0.304147  0.218065  -0.213125  0.952379  -0.009488  0.033246  0.027272  0.879676  2.293277  -1.089281  1.000000  
46.230232 -0.001476  -0.014865  0.001201  0.746747  0.664716  -0.022832  -0.627615  0.715600  0.306620  0.220154  -0.214638  0.951558  -0.009527  0.033193  0.027444  0.887617  2.292464  -1.114216  1.000000  
46.231486 -0.001487  -0.014824  0.001236  0.747781  0.663510  -0.024059  -0.625599  0.716266  0.309173  0.222372  -0.216142  0.950701  -0.009572  0.033043  0.027580  0.892148  2.289509  -1.131882  1.000000  
46.232734 -0.001499  -0.014783  0.001270  0.748933  0.662160  -0.025360  -0.623425  0.717061  0.311714  0.224589  -0.217643  0.949838  -0.009571  0.033020  0.027665  0.894779  2.283174  -1.150667  1.000000  
46.233981 -0.001511  -0.014743  0.001304  0.749948  0.660968  -0.026446  -0.621400  0.717634  0.314427  0.226805  -0.219370  0.948913  -0.009514  0.032960  0.027604  0.908396  2.278862  -1.161141  1.000000  
46.235228 -0.001522  -0.014702  0.001339  0.750953  0.659777  -0.027622  -0.619370  0.718236  0.317047  0.229020  -0.220979  0.948008  -0.009360  0.032991  0.027623  0.916655  2.276218  -1.178481  1.000000  
46.236229 -0.001531  -0.014669  0.001365  0.751815  0.658762  -0.028427  -0.617743  0.718768  0.319008  0.230582  -0.222274  0.947326  -0.009261  0.033014  0.027502  0.922884  2.262765  -1.191756  1.000000  
46.237475 -0.001541  -0.014627  0.001399  0.752828  0.657555  -0.029522  -0.615725  0.719373  0.321535  0.232665  -0.223883  0.946437  -0.009107  0.033083  0.027525  0.931127  2.255945  -1.210096  1.000000  
46.238730 -0.001549  -0.014593  0.001425  0.753652  0.656568  -0.030438  -0.614073  0.719874  0.323568  0.234356  -0.225166  0.945715  -0.008784  0.032619  0.026973  0.931660  2.235501  -1.210884  1.000000  
