1-Time 2-Px 3-Py 4-Pz 5-R11 6-R21 7-R31 8-R12 9-R22 10-R32 11-R13 12-R23 13-R33 14-Vx 15-Vy 16-Vz 17-Wx 18-Wy 19-Wz 20-state
93.749143 -0.009425  0.024215  -0.027266  0.664124  0.361557  0.654382  -0.703264  0.599129  0.382706  -0.253689  -0.714368  0.652166  0.000743  0.001012  0.003640  0.000000  0.000000  0.000000  1.000000  
93.750264 -0.009425  0.024215  -0.027265  0.664148  0.361623  0.654322  -0.703289  0.599059  0.382769  -0.253559  -0.714393  0.652189  0.000436  0.000548  0.002286  0.000000  0.000000  0.000000  1.000000  
93.751503 -0.009422  0.024207  -0.027244  0.664148  0.361702  0.654278  -0.703289  0.599106  0.382697  -0.253559  -0.714314  0.652276  0.001860  -0.003856  0.011122  0.000000  0.000000  0.000000  1.000000  
93.752751 -0.009417  0.024196  -0.027216  0.664026  0.361970  0.654253  -0.703450  0.599008  0.382553  -0.253430  -0.714260  0.652385  0.002426  -0.005967  0.015683  0.000000  0.000000  0.000000  1.000000  
93.754001 -0.009414  0.024186  -0.027193  0.663881  0.362094  0.654332  -0.703587  0.598934  0.382418  -0.253430  -0.714260  0.652385  0.002518  -0.006440  0.016427  0.000000  0.000000  0.000000  1.000000  
93.755249 -0.009411  0.024179  -0.027174  0.663905  0.362159  0.654272  -0.703612  0.598864  0.382482  -0.253301  -0.714285  0.652408  0.002531  -0.006301  0.016027  0.000000  0.000000  0.000000  1.000000  
93.756249 -0.009409  0.024170  -0.027161  0.663905  0.362159  0.654272  -0.703612  0.598864  0.382482  -0.253301  -0.714285  0.652408  0.002463  -0.006603  0.015692  0.000000  0.000000  0.000000  1.000000  
93.757251 -0.009406  0.024159  -0.027146  0.663760  0.362282  0.654350  -0.703748  0.598790  0.382347  -0.253301  -0.714285  0.652408  0.002459  -0.007238  0.015544  0.000000  0.000000  0.000000  1.000000  
93.758252 -0.009400  0.024147  -0.027131  0.663783  0.362348  0.654291  -0.703773  0.598720  0.382410  -0.253171  -0.714310  0.652431  0.002842  -0.007768  0.015448  0.000000  0.000000  0.000000  1.000000  
93.759253 -0.009392  0.024135  -0.027115  0.663638  0.362471  0.654369  -0.703910  0.598645  0.382276  -0.253171  -0.714310  0.652431  0.003382  -0.008191  0.015582  0.000000  0.000000  0.000000  1.000000  
93.760506 -0.009382  0.024120  -0.027092  0.663638  0.362471  0.654369  -0.703910  0.598645  0.382276  -0.253171  -0.714310  0.652431  0.003983  -0.008637  0.015837  0.000000  0.000000  0.000000  1.000000  
93.761757 -0.009374  0.024102  -0.027067  0.663470  0.362450  0.654552  -0.704022  0.598594  0.382150  -0.253301  -0.714364  0.652321  0.004176  -0.009191  0.016280  0.000000  0.000000  0.000000  1.000000  
93.762759 -0.009371  0.024088  -0.027046  0.663325  0.362573  0.654630  -0.704158  0.598519  0.382015  -0.253301  -0.714364  0.652321  0.004126  -0.009550  0.016676  0.000000  0.000000  0.000000  1.000000  
93.764004 -0.009367  0.024068  -0.027014  0.663157  0.362551  0.654813  -0.704270  0.598468  0.381890  -0.253430  -0.714418  0.652212  0.004037  -0.010156  0.017388  0.000000  0.000000  0.000000  1.000000  
93.765251 -0.009361  0.024042  -0.026977  0.663035  0.362740  0.654832  -0.704431  0.598324  0.381818  -0.253301  -0.714443  0.652235  0.004252  -0.011575  0.019232  0.000000  0.000000  0.000000  1.000000  
93.766253 -0.009356  0.024018  -0.026942  0.662890  0.362783  0.654954  -0.704568  0.598203  0.381756  -0.253301  -0.714522  0.652148  0.004435  -0.012837  0.020471  0.000000  0.000000  0.000000  1.000000  
93.767502 -0.009349  0.023987  -0.026902  0.662745  0.362907  0.655033  -0.704704  0.598128  0.381621  -0.253301  -0.714522  0.652148  0.004618  -0.014127  0.021240  0.000000  0.000000  0.000000  1.000000  
93.768752 -0.009343  0.023959  -0.026870  0.662600  0.362950  0.655155  -0.704841  0.598007  0.381559  -0.253301  -0.714601  0.652061  0.004786  -0.015404  0.021879  0.000000  0.000000  0.000000  1.000000  
93.770000 -0.009339  0.023930  -0.026843  0.662478  0.363059  0.655218  -0.705002  0.597816  0.381560  -0.253171  -0.714705  0.651998  0.004866  -0.016889  0.022451  0.000000  0.000000  0.000000  1.000000  
93.771001 -0.009336  0.023905  -0.026819  0.662356  0.363248  0.655237  -0.705163  0.597672  0.381489  -0.253042  -0.714730  0.652020  0.004940  -0.017981  0.023131  0.000000  0.000000  0.000000  1.000000  
93.772003 -0.009331  0.023880  -0.026790  0.662234  0.363436  0.655256  -0.705324  0.597527  0.381418  -0.252912  -0.714755  0.652043  0.005038  -0.018807  0.023965  0.000000  0.000000  0.000000  1.000000  
93.773250 -0.009322  0.023849  -0.026747  0.662135  0.363611  0.655259  -0.705509  0.597267  0.381482  -0.252653  -0.714884  0.652002  0.005219  -0.019838  0.025611  0.000000  0.000000  0.000000  1.000000  
93.774252 -0.009313  0.023826  -0.026709  0.662013  0.363799  0.655278  -0.705670  0.597122  0.381411  -0.252524  -0.714909  0.652025  0.005281  -0.020609  0.027012  0.000000  0.000000  0.000000  1.000000  
93.775500 -0.009304  0.023795  -0.026660  0.661768  0.364176  0.655316  -0.705992  0.596833  0.381269  -0.252265  -0.714959  0.652070  0.005157  -0.021642  0.028804  0.000000  0.000000  0.000000  1.000000  
93.776500 -0.009300  0.023769  -0.026623  0.661646  0.364364  0.655334  -0.706153  0.596688  0.381197  -0.252136  -0.714984  0.652093  0.005000  -0.022449  0.029937  0.000000  0.000000  0.000000  1.000000  
93.777507 -0.009297  0.023743  -0.026588  0.661524  0.364552  0.655353  -0.706314  0.596543  0.381126  -0.252006  -0.715009  0.652116  0.005011  -0.023393  0.031040  0.000000  0.000000  0.000000  1.000000  
93.778756 -0.009293  0.023711  -0.026549  0.661401  0.364820  0.655328  -0.706475  0.596444  0.380982  -0.251877  -0.714955  0.652225  0.004997  -0.024160  0.031526  0.000000  0.000000  0.000000  1.000000  
93.780003 -0.009288  0.023679  -0.026513  0.661156  0.365276  0.655321  -0.706796  0.596201  0.380768  -0.251618  -0.714925  0.652357  0.005001  -0.024568  0.031446  0.000000  0.000000  0.000000  1.000000  
93.781004 -0.009282  0.023651  -0.026485  0.661179  0.365421  0.655217  -0.706821  0.596177  0.380759  -0.251488  -0.714871  0.652467  0.005016  -0.024881  0.031012  0.000000  0.000000  0.000000  1.000000  
93.782004 -0.009277  0.023621  -0.026457  0.661080  0.365753  0.655132  -0.707006  0.596008  0.380680  -0.251229  -0.714842  0.652599  0.005013  -0.025226  0.030706  0.000000  0.000000  0.000000  1.000000  
93.783253 -0.009270  0.023585  -0.026425  0.660980  0.366086  0.655047  -0.707191  0.595839  0.380600  -0.250970  -0.714812  0.652731  0.005066  -0.025679  0.030547  0.000000  0.000000  0.000000  1.000000  
93.784254 -0.009265  0.023557  -0.026400  0.660880  0.366419  0.654961  -0.707376  0.595670  0.380520  -0.250711  -0.714783  0.652863  0.005102  -0.026061  0.030698  0.000000  0.000000  0.000000  1.000000  
93.785500 -0.009258  0.023523  -0.026364  0.660803  0.366817  0.654816  -0.707586  0.595431  0.380505  -0.250322  -0.714778  0.653017  0.005275  -0.026315  0.031134  -0.047247  -0.053404  0.187728  1.000000  
93.786518 -0.009251  0.023495  -0.026330  0.660826  0.366962  0.654712  -0.707610  0.595408  0.380497  -0.250193  -0.714723  0.653127  0.005526  -0.026517  0.031747  -0.049936  -0.045836  0.187992  1.000000  
93.787751 -0.009238  0.023459  -0.026280  0.660872  0.367171  0.654548  -0.707659  0.595314  0.380552  -0.249934  -0.714693  0.653258  0.005804  -0.026854  0.032318  -0.054005  -0.042819  0.191413  1.000000  
93.789001 -0.009223  0.023423  -0.026230  0.660940  0.367526  0.654280  -0.707732  0.595197  0.380599  -0.249545  -0.714609  0.653499  0.006108  -0.027353  0.032495  0.000000  0.000000  0.000000  1.000000  
93.790001 -0.009212  0.023393  -0.026194  0.660963  0.367750  0.654131  -0.707757  0.595219  0.380519  -0.249416  -0.714475  0.653695  0.006372  -0.027661  0.032253  0.000000  0.000000  0.000000  1.000000  
93.791251 -0.009200  0.023358  -0.026155  0.661031  0.368184  0.653818  -0.707830  0.595148  0.380494  -0.249027  -0.714311  0.654023  0.006802  -0.027890  0.031704  0.000000  0.000000  0.000000  1.000000  
93.792501 -0.009190  0.023324  -0.026120  0.661077  0.368552  0.653565  -0.707879  0.595147  0.380406  -0.248768  -0.714122  0.654328  0.007121  -0.028001  0.031166  0.000000  0.000000  0.000000  1.000000  
93.793757 -0.009179  0.023289  -0.026086  0.661268  0.368877  0.653188  -0.707791  0.595268  0.380379  -0.248508  -0.713853  0.654719  0.007697  -0.028177  0.030894  -0.110454  0.021474  0.211983  1.000000  
93.794758 -0.009169  0.023260  -0.026055  0.661436  0.369057  0.652916  -0.707679  0.595412  0.380361  -0.248379  -0.713639  0.655001  0.008061  -0.028386  0.031074  -0.119191  0.031389  0.202926  1.000000  
93.796008 -0.009154  0.023223  -0.026011  0.661627  0.369461  0.652494  -0.707592  0.595579  0.380262  -0.248120  -0.713291  0.655479  0.008570  -0.028540  0.031666  -0.140160  0.047387  0.200497  1.000000  
93.797254 -0.009140  0.023185  -0.025962  0.661796  0.369799  0.652131  -0.707480  0.595816  0.380099  -0.247990  -0.712918  0.655934  0.009090  -0.028607  0.032644  -0.157085  0.060368  0.194771  1.000000  
93.798505 -0.009127  0.023149  -0.025914  0.661964  0.370137  0.651769  -0.707368  0.596053  0.379936  -0.247860  -0.712544  0.656389  0.009568  -0.028628  0.033814  -0.178067  0.073326  0.189012  1.000000  
93.799751 -0.009114  0.023115  -0.025865  0.662110  0.370409  0.651466  -0.707231  0.596360  0.379709  -0.247860  -0.712146  0.656821  0.009916  -0.028547  0.034781  -0.197418  0.079544  0.175172  1.000000  
93.800751 -0.009102  0.023087  -0.025826  0.662401  0.370480  0.651130  -0.706959  0.596697  0.379688  -0.247860  -0.711827  0.657166  0.010344  -0.028600  0.035310  -0.208438  0.091258  0.158397  1.000000  
93.801760 -0.009088  0.023058  -0.025787  0.662569  0.370738  0.650812  -0.706846  0.596888  0.379596  -0.247731  -0.711533  0.657534  0.010695  -0.028690  0.035586  -0.222972  0.101907  0.150605  1.000000  
93.803008 -0.009069  0.023020  -0.025738  0.663005  0.370764  0.650352  -0.706437  0.597347  0.379636  -0.247731  -0.711134  0.657965  0.011106  -0.028753  0.035329  -0.240489  0.115585  0.125825  1.000000  
93.804257 -0.009049  0.022982  -0.025695  0.663296  0.370991  0.649926  -0.706164  0.597776  0.379469  -0.247731  -0.710655  0.658483  0.011352  -0.028905  0.035012  -0.258023  0.132312  0.104340  1.000000  
93.805507 -0.009032  0.022943  -0.025653  0.663419  0.371197  0.649683  -0.706003  0.598152  0.379176  -0.247860  -0.710231  0.658891  0.011656  -0.029067  0.035095  -0.274979  0.133088  0.085313  1.000000  
93.806762 -0.009016  0.022905  -0.025608  0.663710  0.371423  0.649257  -0.705730  0.598580  0.379008  -0.247860  -0.709751  0.659408  0.012064  -0.029259  0.035647  -0.294227  0.144849  0.068338  1.000000  
93.808008 -0.009000  0.022865  -0.025558  0.663977  0.371584  0.648891  -0.705433  0.599078  0.378775  -0.247990  -0.709247  0.659902  0.012454  -0.029641  0.036715  -0.307751  0.155474  0.040207  1.000000  
93.809259 -0.008984  0.022824  -0.025502  0.664245  0.371823  0.648480  -0.705135  0.599622  0.378469  -0.248120  -0.708662  0.660481  0.012705  -0.030090  0.037991  -0.328504  0.162883  0.019747  1.000000  
93.810510 -0.008966  0.022782  -0.025440  0.664367  0.372185  0.648147  -0.704974  0.600088  0.378028  -0.248249  -0.708077  0.661060  0.012948  -0.030425  0.039259  -0.352050  0.164849  0.000819  1.000000  
93.811759 -0.008948  0.022741  -0.025379  0.664635  0.372423  0.647736  -0.704676  0.600632  0.377721  -0.248379  -0.707491  0.661638  0.013182  -0.030609  0.040217  -0.367276  0.170467  -0.022820  1.000000  
93.813009 -0.008933  0.022702  -0.025321  0.664734  0.372719  0.647464  -0.704491  0.601166  0.377215  -0.248638  -0.706880  0.662193  0.013260  -0.030741  0.040825  -0.388279  0.168081  -0.045205  1.000000  
93.814257 -0.008918  0.022665  -0.025269  0.664834  0.373093  0.647146  -0.704306  0.601746  0.376636  -0.248897  -0.706189  0.662833  0.013416  -0.030952  0.041094  -0.413355  0.162609  -0.070898  1.000000  
93.815261 -0.008906  0.022636  -0.025229  0.664956  0.373376  0.646858  -0.704145  0.602166  0.376267  -0.249027  -0.705682  0.663324  0.013478  -0.031019  0.041177  -0.430231  0.163217  -0.089957  1.000000  
93.816524 -0.008889  0.022599  -0.025178  0.665200  0.373625  0.646462  -0.703822  0.602822  0.375819  -0.249286  -0.704989  0.663963  0.013485  -0.031128  0.041252  -0.455380  0.160784  -0.112360  1.000000  
93.817749 -0.008871  0.022561  -0.025123  0.665299  0.373999  0.646144  -0.703637  0.603400  0.375238  -0.249545  -0.704296  0.664601  0.013452  -0.031170  0.041761  -0.478286  0.155188  -0.125866  1.000000  
93.818751 -0.008858  0.022529  -0.025078  0.665398  0.374215  0.645917  -0.703451  0.603887  0.374802  -0.249804  -0.703764  0.665067  0.013315  -0.031186  0.042306  -0.496849  0.146014  -0.148021  1.000000  
93.819999 -0.008841  0.022490  -0.025019  0.665474  0.374523  0.645660  -0.703241  0.604533  0.374155  -0.250193  -0.703045  0.665681  0.013143  -0.031276  0.043415  -0.515267  0.137424  -0.164469  1.000000  
93.821000 -0.008830  0.022457  -0.024970  0.665549  0.374753  0.645449  -0.703031  0.605132  0.373580  -0.250582  -0.702407  0.666208  0.012997  -0.031433  0.044384  -0.533743  0.126987  -0.185383  1.000000  
93.822249 -0.008816  0.022415  -0.024906  0.665625  0.375061  0.645192  -0.702821  0.605776  0.372931  -0.250970  -0.701687  0.666820  0.012899  -0.031641  0.045531  -0.552250  0.113467  -0.209570  1.000000  
93.823249 -0.008803  0.022381  -0.024855  0.665723  0.375355  0.644920  -0.702636  0.606306  0.372420  -0.251229  -0.701072  0.667370  0.012921  -0.031767  0.046160  -0.568401  0.104202  -0.219411  1.000000  
93.824500 -0.008786  0.022338  -0.024793  0.665798  0.375662  0.644663  -0.702425  0.606948  0.371769  -0.251618  -0.700351  0.667980  0.012970  -0.031827  0.046482  -0.584697  0.088825  -0.235826  1.000000  
93.825749 -0.008768  0.022296  -0.024734  0.665995  0.375858  0.644346  -0.702053  0.607781  0.371112  -0.252136  -0.699524  0.668651  0.012954  -0.031836  0.046342  -0.599049  0.075156  -0.259938  1.000000  
93.826751 -0.008755  0.022262  -0.024689  0.666214  0.375961  0.644059  -0.701705  0.608454  0.370666  -0.252524  -0.698883  0.669175  0.012919  -0.031910  0.046026  -0.607677  0.072454  -0.282071  1.000000  
93.827762 -0.008741  0.022230  -0.024647  0.666289  0.376190  0.643848  -0.701495  0.609049  0.370087  -0.252912  -0.698241  0.669698  0.013053  -0.032025  0.045715  -0.622504  0.055635  -0.292948  1.000000  
93.829005 -0.008724  0.022190  -0.024595  0.666484  0.376384  0.643532  -0.701122  0.609878  0.369427  -0.253430  -0.697412  0.670365  0.013105  -0.032155  0.045632  -0.637056  0.047925  -0.310694  1.000000  
93.830255 -0.008707  0.022152  -0.024539  0.666656  0.376514  0.643279  -0.700725  0.610774  0.368700  -0.254077  -0.696557  0.671009  0.013280  -0.032342  0.046030  -0.653265  0.032219  -0.327072  1.000000  
93.831506 -0.008688  0.022111  -0.024477  0.666971  0.376595  0.642904  -0.700190  0.611791  0.368031  -0.254724  -0.695621  0.671735  0.013444  -0.032526  0.046731  -0.668734  0.022952  -0.353025  1.000000  
93.832750 -0.008669  0.022070  -0.024411  0.667141  0.376724  0.642652  -0.699791  0.612684  0.367302  -0.255371  -0.694764  0.672375  0.013465  -0.032719  0.047482  -0.684899  0.007308  -0.369273  1.000000  
93.833751 -0.008654  0.022037  -0.024358  0.667503  0.376854  0.642200  -0.699305  0.613519  0.366834  -0.255759  -0.693956  0.673062  0.013542  -0.032814  0.048024  -0.703291  0.002623  -0.383527  1.000000  
93.834753 -0.008641  0.022004  -0.024305  0.667840  0.376842  0.641857  -0.698794  0.614376  0.366374  -0.256276  -0.693204  0.673639  0.013542  -0.032960  0.048417  -0.711844  -0.000342  -0.405577  1.000000  
93.836001 -0.008626  0.021962  -0.024242  0.668153  0.376920  0.641485  -0.698257  0.615388  0.365698  -0.256923  -0.692264  0.674360  0.013604  -0.032986  0.048496  -0.726201  -0.008240  -0.423078  1.000000  
93.837001 -0.008613  0.021929  -0.024193  0.668465  0.376842  0.641206  -0.697720  0.616309  0.365171  -0.257570  -0.691486  0.674911  0.013729  -0.032973  0.048342  -0.738781  -0.014329  -0.448348  1.000000  
93.838259 -0.008596  0.021886  -0.024134  0.668919  0.376869  0.640715  -0.697045  0.617440  0.364550  -0.258216  -0.690462  0.675713  0.013835  -0.032931  0.047971  -0.755181  -0.022569  -0.469612  1.000000  
93.839501 -0.008577  0.021843  -0.024075  0.669349  0.376831  0.640289  -0.696344  0.618636  0.363861  -0.258991  -0.689411  0.676488  0.013919  -0.032938  0.047823  -0.763884  -0.023916  -0.495622  1.000000  
93.840751 -0.008557  0.021801  -0.024016  0.669778  0.376714  0.639909  -0.695643  0.619786  0.363245  -0.259767  -0.688442  0.677177  0.014039  -0.032971  0.047877  -0.776575  -0.030278  -0.520965  1.000000  
93.841751 -0.008542  0.021768  -0.023967  0.670230  0.376583  0.639513  -0.694965  0.620824  0.362769  -0.260413  -0.687578  0.677806  0.014177  -0.032987  0.048120  -0.783313  -0.028770  -0.547566  1.000000  
93.842753 -0.008528  0.021735  -0.023917  0.670681  0.376450  0.639119  -0.694288  0.621860  0.362290  -0.261058  -0.686714  0.678434  0.014194  -0.033024  0.048664  -0.789982  -0.027312  -0.574128  1.000000  
93.843756 -0.008514  0.021701  -0.023867  0.671106  0.376252  0.638789  -0.693584  0.622961  0.361745  -0.261833  -0.685823  0.679036  0.014227  -0.033135  0.049349  -0.796514  -0.025913  -0.600625  1.000000  
93.844757 -0.008500  0.021669  -0.023814  0.671531  0.376130  0.638414  -0.692880  0.624105  0.361123  -0.262608  -0.684850  0.679719  0.014221  -0.033236  0.049904  -0.809952  -0.024856  -0.632521  1.000000  
93.846007 -0.008483  0.021626  -0.023747  0.672047  0.375906  0.638002  -0.691987  0.625543  0.360348  -0.263641  -0.683660  0.680516  0.014176  -0.033455  0.050388  -0.816095  -0.028066  -0.668039  1.000000  
93.847009 -0.008468  0.021592  -0.023695  0.672469  0.375782  0.637631  -0.691281  0.626682  0.359722  -0.264415  -0.682684  0.681195  0.014071  -0.033566  0.050357  -0.829329  -0.027154  -0.700227  1.000000  
93.848253 -0.008453  0.021548  -0.023632  0.672983  0.375554  0.637223  -0.690386  0.628115  0.358942  -0.265447  -0.681491  0.681988  0.013929  -0.033705  0.050139  -0.836025  -0.029411  -0.730368  1.000000  
93.849254 -0.008442  0.021514  -0.023585  0.673519  0.375312  0.636799  -0.689514  0.629436  0.358301  -0.266350  -0.680405  0.682720  0.013731  -0.033779  0.049693  -0.848972  -0.026760  -0.765056  1.000000  
93.850501 -0.008430  0.021472  -0.023530  0.674145  0.375042  0.636296  -0.688452  0.631093  0.357429  -0.267511  -0.679018  0.683646  0.013473  -0.033796  0.049110  -0.864065  -0.022811  -0.807606  1.000000  
93.851750 -0.008419  0.021430  -0.023475  0.674794  0.374833  0.635730  -0.687414  0.632681  0.356619  -0.268542  -0.677655  0.684595  0.013202  -0.033793  0.048698  -0.879173  -0.015831  -0.846982  1.000000  
93.852751 -0.008409  0.021397  -0.023428  0.675299  0.374521  0.635378  -0.686514  0.634058  0.355905  -0.269573  -0.676538  0.685293  0.012936  -0.033760  0.048684  -0.888762  -0.016420  -0.877691  1.000000  
93.853751 -0.008398  0.021363  -0.023379  0.675687  0.374402  0.635036  -0.685777  0.635292  0.355124  -0.270474  -0.675446  0.686015  0.012700  -0.033738  0.048828  -0.898352  -0.016035  -0.911646  1.000000  
93.854758 -0.008387  0.021330  -0.023327  0.676189  0.374164  0.634642  -0.684875  0.636708  0.354328  -0.271505  -0.674243  0.686790  0.012336  -0.033597  0.049118  -0.910789  -0.013936  -0.946063  1.000000  
93.856001 -0.008375  0.021290  -0.023259  0.676752  0.373834  0.634235  -0.683755  0.638519  0.353233  -0.272921  -0.672712  0.687730  0.011875  -0.033528  0.049678  -0.927675  -0.021744  -0.990615  1.000000  
93.857252 -0.008365  0.021251  -0.023192  0.677146  0.373647  0.633925  -0.682746  0.640354  0.351859  -0.274465  -0.671070  0.688719  0.011344  -0.033347  0.050089  -0.952679  -0.032472  -1.029594  1.000000  
93.858504 -0.008354  0.021213  -0.023126  0.677678  0.373326  0.633546  -0.681595  0.642261  0.350612  -0.276009  -0.669424  0.689703  0.010879  -0.033149  0.050244  -0.974510  -0.042601  -1.074202  1.000000  
93.859751 -0.008343  0.021174  -0.023063  0.678232  0.373144  0.633061  -0.680469  0.644141  0.349348  -0.277423  -0.667717  0.690789  0.010455  -0.032973  0.050106  -0.997027  -0.042571  -1.110578  1.000000  
93.860754 -0.008335  0.021143  -0.023014  0.678555  0.373043  0.632773  -0.679674  0.645567  0.348263  -0.278580  -0.666395  0.691600  0.010061  -0.032797  0.049766  -1.013041  -0.050536  -1.135652  1.000000  
93.861764 -0.008328  0.021112  -0.022968  0.678990  0.372823  0.632436  -0.678711  0.647171  0.347162  -0.279865  -0.664961  0.692461  0.009526  -0.032527  0.049282  -1.032847  -0.059260  -1.169690  1.000000  
93.863004 -0.008320  0.021073  -0.022910  0.679343  0.372642  0.632164  -0.677667  0.649085  0.345625  -0.281534  -0.663194  0.693478  0.008996  -0.032239  0.048954  -1.057066  -0.077508  -1.204624  1.000000  
93.864004 -0.008315  0.021041  -0.022865  0.679746  0.372356  0.631900  -0.676674  0.650743  0.344451  -0.282946  -0.661729  0.694303  0.008608  -0.032030  0.048789  -1.075133  -0.090742  -1.243853  1.000000  
93.865023 -0.008311  0.021011  -0.022820  0.680146  0.372068  0.631639  -0.675680  0.652396  0.343274  -0.284357  -0.660261  0.695123  0.008238  -0.031803  0.048826  -1.094279  -0.105517  -1.274313  1.000000  
93.866252 -0.008304  0.020973  -0.022761  0.680488  0.371960  0.631333  -0.674630  0.654334  0.341645  -0.286025  -0.658401  0.696202  0.007928  -0.031597  0.049112  -1.124717  -0.128908  -1.304760  1.000000  
93.867503 -0.008298  0.020935  -0.022699  0.680939  0.371730  0.630982  -0.673411  0.656446  0.339996  -0.287819  -0.656427  0.697326  0.007522  -0.031320  0.049447  -1.154567  -0.143105  -1.343717  1.000000  
93.868751 -0.008291  0.020898  -0.022635  0.681385  0.371498  0.630637  -0.672189  0.658549  0.338341  -0.289612  -0.654448  0.698443  0.007161  -0.030982  0.049588  -1.179001  -0.159287  -1.374710  1.000000  
93.869751 -0.008284  0.020870  -0.022584  0.681772  0.371358  0.630301  -0.671188  0.660262  0.336988  -0.291021  -0.652800  0.699399  0.006863  -0.030717  0.049511  -1.204329  -0.179263  -1.400580  1.000000  
93.870760 -0.008279  0.020842  -0.022537  0.682129  0.371154  0.630036  -0.670157  0.662031  0.335566  -0.292557  -0.651122  0.700322  0.006534  -0.030344  0.048918  -1.235348  -0.194628  -1.431678  1.000000  
93.872002 -0.008271  0.020809  -0.022481  0.682535  0.370932  0.629726  -0.668902  0.664215  0.333750  -0.294475  -0.649021  0.701467  0.006345  -0.029990  0.048192  -1.265198  -0.222176  -1.464466  1.000000  
93.873251 -0.008263  0.020776  -0.022425  0.683046  0.370509  0.629421  -0.667476  0.666527  0.331992  -0.296520  -0.646889  0.702574  0.006173  -0.029637  0.047575  -1.292152  -0.244711  -1.499960  1.000000  
93.874501 -0.008255  0.020743  -0.022371  0.683443  0.370359  0.629079  -0.666215  0.668733  0.330083  -0.298436  -0.644694  0.703779  0.005967  -0.029252  0.046871  -1.325508  -0.269193  -1.528950  1.000000  
93.875751 -0.008248  0.020710  -0.022314  0.683805  0.370147  0.628810  -0.664923  0.670989  0.328101  -0.300479  -0.642468  0.704945  0.005795  -0.028908  0.046695  -1.358424  -0.293763  -1.557475  1.000000  
93.876755 -0.008243  0.020683  -0.022266  0.684250  0.369813  0.628523  -0.663713  0.672899  0.326638  -0.302137  -0.640660  0.705880  0.005648  -0.028586  0.046784  -1.385803  -0.309980  -1.587968  1.000000  
93.878005 -0.008238  0.020650  -0.022205  0.684739  0.369611  0.628108  -0.662275  0.675293  0.324610  -0.304178  -0.638254  0.707183  0.005525  -0.028101  0.047031  -1.426007  -0.331507  -1.623142  1.000000  
93.879259 -0.008233  0.020619  -0.022143  0.685252  0.369468  0.627633  -0.660862  0.677616  0.322641  -0.306089  -0.635869  0.708505  0.005439  -0.027631  0.047448  -1.458779  -0.350415  -1.644979  1.000000  
93.880535 -0.008227  0.020588  -0.022080  0.685836  0.369060  0.627235  -0.659249  0.680123  0.320662  -0.308253  -0.633425  0.709755  0.005394  -0.027087  0.047701  -1.492601  -0.371136  -1.676736  1.000000  
93.881758 -0.008222  0.020558  -0.022019  0.686337  0.368836  0.626818  -0.657830  0.682387  0.318760  -0.310162  -0.631117  0.710979  0.005277  -0.026623  0.047789  -1.523005  -0.393864  -1.703425  1.000000  
93.882999 -0.008216  0.020527  -0.021960  0.686938  0.368560  0.626322  -0.656239  0.684851  0.316749  -0.312197  -0.628604  0.712314  0.005229  -0.026240  0.047567  -1.554624  -0.412374  -1.733970  1.000000  
93.884004 -0.008211  0.020504  -0.021915  0.687458  0.368088  0.626029  -0.654844  0.686883  0.315232  -0.313976  -0.626660  0.713244  0.005197  -0.025711  0.047079  -1.577442  -0.426421  -1.760767  1.000000  
93.885251 -0.008204  0.020477  -0.021862  0.688016  0.367746  0.625617  -0.653217  0.689384  0.313140  -0.316134  -0.624109  0.714525  0.005130  -0.025266  0.046566  -1.603080  -0.435424  -1.788390  1.000000  
93.886254 -0.008200  0.020455  -0.021820  0.688391  0.367564  0.625311  -0.651959  0.691399  0.311316  -0.317911  -0.621985  0.715589  0.005036  -0.024865  0.046286  -1.630835  -0.453217  -1.810879  1.000000  
93.887265 -0.008195  0.020433  -0.021778  0.688927  0.367298  0.624877  -0.650585  0.693424  0.309682  -0.319559  -0.619884  0.716677  0.004936  -0.024508  0.046102  -1.655080  -0.456707  -1.835681  1.000000  
93.888506 -0.008190  0.020406  -0.021723  0.689498  0.367160  0.624329  -0.648979  0.695910  0.307466  -0.321587  -0.617173  0.718108  0.004793  -0.024136  0.046176  -1.686219  -0.466437  -1.856548  1.000000  
93.889750 -0.008184  0.020378  -0.021664  0.690031  0.366883  0.623902  -0.647341  0.698403  0.305260  -0.323740  -0.614516  0.719418  0.004647  -0.023860  0.046419  -1.713023  -0.480478  -1.878548  1.000000  
93.890753 -0.008180  0.020354  -0.021615  0.690418  0.366754  0.623550  -0.646102  0.700324  0.303478  -0.325385  -0.612404  0.720476  0.004550  -0.023616  0.046620  -1.735623  -0.489021  -1.898932  1.000000  
93.891754 -0.008176  0.020332  -0.021566  0.690933  0.366479  0.623141  -0.644719  0.702312  0.301819  -0.327030  -0.610288  0.721527  0.004477  -0.023435  0.046704  -1.754587  -0.494621  -1.916806  1.000000  
93.893000 -0.008172  0.020304  -0.021505  0.691612  0.366110  0.622604  -0.642960  0.704792  0.299785  -0.329052  -0.607645  0.722836  0.004348  -0.023124  0.046682  -1.776016  -0.492342  -1.943009  1.000000  
93.894008 -0.008170  0.020282  -0.021460  0.692018  0.366034  0.622198  -0.641745  0.706632  0.298052  -0.330568  -0.605550  0.723902  0.004263  -0.022809  0.046293  -1.796712  -0.494586  -1.951263  1.000000  
93.895257 -0.008167  0.020255  -0.021405  0.692684  0.365735  0.621632  -0.639980  0.709125  0.295918  -0.332587  -0.602810  0.725262  0.004128  -0.022571  0.045808  -1.824793  -0.497117  -1.973179  1.000000  
93.896257 -0.008163  0.020235  -0.021362  0.693179  0.365601  0.621159  -0.638588  0.711149  0.294062  -0.334227  -0.600503  0.726422  0.004069  -0.022306  0.045450  -1.844704  -0.495516  -1.992008  1.000000  
93.897511 -0.008159  0.020210  -0.021308  0.693668  0.365458  0.620697  -0.636930  0.713632  0.291632  -0.336370  -0.597637  0.727795  0.003991  -0.021898  0.044906  -1.870352  -0.502988  -2.008593  1.000000  
93.898753 -0.008154  0.020186  -0.021253  0.694314  0.365299  0.620068  -0.635156  0.716158  0.289300  -0.338385  -0.594705  0.729261  0.003882  -0.021613  0.044885  -1.898687  -0.506519  -2.030820  1.000000  
93.899753 -0.008150  0.020168  -0.021208  0.694793  0.365158  0.619615  -0.633757  0.718150  0.287423  -0.340022  -0.592385  0.730387  0.003745  -0.021325  0.045016  -1.916871  -0.506433  -2.042126  1.000000  
93.901002 -0.008147  0.020144  -0.021151  0.695262  0.365008  0.619177  -0.632090  0.720594  0.284968  -0.342160  -0.589503  0.731719  0.003634  -0.021088  0.045366  -1.938521  -0.511062  -2.055959  1.000000  
93.902250 -0.008143  0.020121  -0.021092  0.695723  0.364931  0.618704  -0.630420  0.723057  0.282416  -0.344296  -0.586527  0.733107  0.003485  -0.020857  0.045803  -1.966261  -0.516782  -2.061736  1.000000  
93.903250 -0.008141  0.020102  -0.021044  0.696186  0.364933  0.618183  -0.629014  0.725085  0.280343  -0.345929  -0.584017  0.734342  0.003337  -0.020652  0.045964  -1.989993  -0.518210  -2.069437  1.000000  
93.904252 -0.008138  0.020083  -0.020997  0.696678  0.364840  0.617682  -0.627638  0.726984  0.278506  -0.347435  -0.581710  0.735461  0.003215  -0.020374  0.046017  -2.006125  -0.513932  -2.080915  1.000000  
93.905501 -0.008134  0.020058  -0.020940  0.697250  0.364682  0.617131  -0.625816  0.729517  0.275969  -0.349567  -0.578630  0.736879  0.003105  -0.020138  0.045780  -2.029344  -0.511629  -2.096662  1.000000  
93.906508 -0.008132  0.020039  -0.020897  0.697732  0.364660  0.616599  -0.624436  0.731429  0.274029  -0.351071  -0.576225  0.738047  0.003012  -0.019883  0.045308  -2.049202  -0.509478  -2.096747  1.000000  
93.907752 -0.008128  0.020014  -0.020845  0.698325  0.364478  0.616035  -0.622640  0.733850  0.271629  -0.353074  -0.573254  0.739404  0.003009  -0.019638  0.044772  -2.061440  -0.505276  -2.106080  1.000000  
93.908753 -0.008125  0.019995  -0.020805  0.698726  0.364337  0.615663  -0.621193  0.735843  0.269545  -0.354826  -0.570784  0.740476  0.003032  -0.019492  0.044427  -2.076966  -0.513675  -2.114739  1.000000  
93.910000 -0.008121  0.019971  -0.020754  0.699142  0.364394  0.615157  -0.619504  0.738278  0.266758  -0.356952  -0.567594  0.741905  0.003066  -0.019286  0.044118  -2.098753  -0.524775  -2.115526  1.000000  
93.911011 -0.008118  0.019953  -0.020711  0.699568  0.364306  0.614724  -0.618084  0.740197  0.264726  -0.358576  -0.565145  0.742990  0.003084  -0.019115  0.044082  -2.114984  -0.526565  -2.119164  1.000000  
93.912255 -0.008113  0.019930  -0.020656  0.700098  0.364207  0.614179  -0.616246  0.742679  0.262047  -0.360699  -0.561945  0.744389  0.003148  -0.018969  0.044133  -2.140658  -0.535267  -2.130173  1.000000  
93.913504 -0.008108  0.019908  -0.020598  0.700583  0.363974  0.613764  -0.614374  0.745161  0.259384  -0.362944  -0.558800  0.745664  0.003148  -0.018836  0.044381  -2.156019  -0.542287  -2.135878  1.000000  
93.914510 -0.008104  0.019890  -0.020551  0.700955  0.363900  0.613384  -0.612915  0.747125  0.257175  -0.364689  -0.556220  0.746741  0.003156  -0.018792  0.044487  -2.177200  -0.548082  -2.133010  1.000000  
93.915750 -0.008099  0.019868  -0.020494  0.701462  0.363794  0.612866  -0.611069  0.749560  0.254470  -0.366806  -0.553004  0.748091  0.003214  -0.018749  0.044526  -2.191034  -0.549185  -2.137580  1.000000  
93.916753 -0.008096  0.019851  -0.020449  0.701822  0.363790  0.612456  -0.609605  0.751531  0.252156  -0.368547  -0.550326  0.749209  0.003229  -0.018624  0.044355  -2.208564  -0.558973  -2.137898  1.000000  
93.918002 -0.008092  0.019829  -0.020394  0.702352  0.363810  0.611837  -0.607786  0.753917  0.249409  -0.370537  -0.547039  0.750634  0.003305  -0.018501  0.044042  -2.223552  -0.558310  -2.141261  1.000000  
93.919251 -0.008088  0.019807  -0.020341  0.702924  0.363635  0.611284  -0.605755  0.756487  0.246554  -0.372773  -0.543597  0.752026  0.003318  -0.018369  0.043704  -2.248276  -0.565306  -2.154218  1.000000  
93.920251 -0.008085  0.019790  -0.020299  0.703389  0.363471  0.610846  -0.604140  0.758492  0.244344  -0.374510  -0.540905  0.753103  0.003356  -0.018208  0.043454  -2.259655  -0.567897  -2.157019  1.000000  
93.921266 -0.008081  0.019772  -0.020257  0.703687  0.363406  0.610541  -0.602636  0.760458  0.241936  -0.376370  -0.538181  0.754126  0.003401  -0.018127  0.043444  -2.276064  -0.582527  -2.165363  1.000000  
93.922505 -0.008077  0.019751  -0.020203  0.704111  0.363381  0.610067  -0.600741  0.762904  0.238929  -0.378600  -0.534725  0.755467  0.003438  -0.017835  0.043508  -2.300199  -0.592713  -2.167648  1.000000  
93.923751 -0.008073  0.019729  -0.020147  0.704649  0.363272  0.609511  -0.598698  0.765435  0.235945  -0.380828  -0.531171  0.756853  0.003471  -0.017685  0.043847  -2.324275  -0.605003  -2.179151  1.000000  
93.925001 -0.008068  0.019709  -0.020089  0.705178  0.363086  0.609010  -0.596652  0.767917  0.233044  -0.383054  -0.527704  0.758154  0.003551  -0.017444  0.044383  -2.340534  -0.612708  -2.191702  1.000000  
93.926003 -0.008065  0.019692  -0.020041  0.705610  0.362986  0.608569  -0.595026  0.769883  0.230704  -0.384784  -0.524902  0.759223  0.003539  -0.017413  0.044696  -2.351368  -0.619246  -2.196596  1.000000  
93.927003 -0.008060  0.019675  -0.019994  0.705996  0.362758  0.608257  -0.593365  0.771853  0.228387  -0.386636  -0.522159  0.760173  0.003554  -0.017305  0.044903  -2.362490  -0.629251  -2.204569  1.000000  
93.928009 -0.008056  0.019657  -0.019948  0.706416  0.362582  0.607874  -0.591735  0.773767  0.226129  -0.388362  -0.519442  0.761154  0.003549  -0.017248  0.044871  -2.369151  -0.635252  -2.206329  1.000000  
93.929259 -0.008052  0.019636  -0.019892  0.707074  0.362355  0.607244  -0.589567  0.776242  0.223292  -0.390457  -0.515895  0.762493  0.003493  -0.017255  0.044687  -2.382793  -0.636034  -2.221101  1.000000  
93.930505 -0.008049  0.019615  -0.019839  0.707561  0.362232  0.606750  -0.587508  0.778668  0.220254  -0.392673  -0.512313  0.763769  0.003414  -0.017128  0.044395  -2.395147  -0.641093  -2.231061  1.000000  
93.931550 -0.008047  0.019598  -0.019797  0.707919  0.362145  0.606384  -0.585838  0.780636  0.217720  -0.394518  -0.509371  0.764785  0.003350  -0.017082  0.044069  -2.406609  -0.650798  -2.235373  1.000000  
93.932751 -0.008044  0.019576  -0.019745  0.708268  0.362107  0.605999  -0.583919  0.782924  0.214635  -0.396730  -0.505874  0.765961  0.003240  -0.017180  0.044061  -2.419356  -0.665213  -2.241221  1.000000  
93.933752 -0.008043  0.019558  -0.019700  0.708653  0.361997  0.605614  -0.582279  0.784794  0.212248  -0.398449  -0.503047  0.766930  0.003144  -0.017162  0.044137  -2.423960  -0.671541  -2.251011  1.000000  
93.934757 -0.008041  0.019540  -0.019655  0.708913  0.362121  0.605236  -0.580783  0.786603  0.209636  -0.400166  -0.500124  0.767947  0.002987  -0.017189  0.044368  -2.437287  -0.682519  -2.250388  1.000000  
93.936001 -0.008040  0.019518  -0.019598  0.709358  0.362139  0.604703  -0.578712  0.788991  0.206365  -0.402372  -0.496336  0.769251  0.002829  -0.017212  0.044678  -2.455310  -0.692626  -2.257275  1.000000  
93.937003 -0.008039  0.019502  -0.019550  0.709725  0.362099  0.604298  -0.577066  0.790844  0.203863  -0.404087  -0.493406  0.770237  0.002696  -0.017177  0.045049  -2.471477  -0.706666  -2.264946  1.000000  
93.938251 -0.008038  0.019481  -0.019490  0.710195  0.362091  0.603749  -0.575024  0.793129  0.200736  -0.406166  -0.489732  0.771487  0.002452  -0.017158  0.045333  -2.490040  -0.708648  -2.263911  1.000000  
93.939251 -0.008036  0.019465  -0.019443  0.710590  0.362099  0.603279  -0.573409  0.794912  0.198285  -0.407755  -0.486825  0.772488  0.002288  -0.017094  0.045430  -2.495736  -0.709521  -2.265796  1.000000  
93.940501 -0.008035  0.019445  -0.019385  0.711087  0.362139  0.602670  -0.571397  0.797120  0.195206  -0.409709  -0.483172  0.773747  0.002071  -0.017041  0.045298  -2.506105  -0.711803  -2.264648  1.000000  
93.941751 -0.008034  0.019425  -0.019329  0.711575  0.362249  0.602027  -0.569382  0.799332  0.192020  -0.411661  -0.479420  0.775043  0.001801  -0.016992  0.045179  -2.521915  -0.714153  -2.271230  1.000000  
93.942757 -0.008033  0.019408  -0.019285  0.711951  0.362252  0.601580  -0.567762  0.801073  0.189548  -0.413245  -0.476504  0.775998  0.001568  -0.016869  0.044962  -2.530062  -0.713665  -2.268401  1.000000  
93.944005 -0.008033  0.019387  -0.019230  0.712381  0.362236  0.601081  -0.565709  0.803266  0.186378  -0.415315  -0.472810  0.777151  0.001288  -0.016859  0.044885  -2.544822  -0.719674  -2.270161  1.000000  
93.945006 -0.008034  0.019370  -0.019186  0.712788  0.362213  0.600612  -0.564121  0.804917  0.184056  -0.416775  -0.470011  0.778067  0.001057  -0.016888  0.044956  -2.547124  -0.715981  -2.266829  1.000000  
93.946008 -0.008035  0.019354  -0.019142  0.713189  0.362117  0.600194  -0.562531  0.806535  0.181827  -0.418234  -0.467304  0.778914  0.000799  -0.016845  0.045175  -2.545699  -0.712252  -2.263898  1.000000  
93.947260 -0.008037  0.019332  -0.019084  0.713640  0.362218  0.599596  -0.560507  0.808662  0.178601  -0.420178  -0.463535  0.780119  0.000504  -0.016810  0.045487  -2.554617  -0.718464  -2.257311  1.000000  
93.948505 -0.008040  0.019309  -0.019025  0.714127  0.362438  0.598883  -0.558516  0.810752  0.175333  -0.421998  -0.459696  0.781407  0.000175  -0.016912  0.045764  -2.565878  -0.717765  -2.254350  1.000000  
93.949751 -0.008042  0.019287  -0.018966  0.714491  0.362824  0.598215  -0.556670  0.812747  0.171931  -0.423817  -0.455852  0.782674  -0.000056  -0.016878  0.045963  -2.583140  -0.720987  -2.239422  1.000000  
93.950758 -0.008045  0.019270  -0.018920  0.714868  0.362939  0.597694  -0.555075  0.814372  0.169381  -0.425271  -0.452850  0.783627  -0.000328  -0.016785  0.045931  -2.591793  -0.716411  -2.234028  1.000000  
93.952007 -0.008048  0.019250  -0.018864  0.715264  0.363224  0.597047  -0.553261  0.816255  0.166225  -0.426965  -0.449218  0.784795  -0.000613  -0.016718  0.045694  -2.599677  -0.714387  -2.215043  1.000000  
93.953254 -0.008051  0.019230  -0.018809  0.715653  0.363652  0.596320  -0.551446  0.818159  0.162863  -0.428658  -0.445392  0.786052  -0.000894  -0.016708  0.045427  -2.610742  -0.710792  -2.204028  1.000000  
93.954500 -0.008054  0.019211  -0.018756  0.715855  0.364318  0.595671  -0.549959  0.819818  0.159510  -0.430229  -0.441780  0.787231  -0.001230  -0.016700  0.045015  -2.624077  -0.711438  -2.172158  1.000000  
93.955501 -0.008056  0.019196  -0.018712  0.716189  0.364618  0.595085  -0.548576  0.821221  0.157040  -0.431437  -0.438919  0.788170  -0.001394  -0.016598  0.044879  -2.627298  -0.701711  -2.149170  1.000000  
93.956501 -0.008059  0.019180  -0.018667  0.716586  0.364701  0.594556  -0.547010  0.822723  0.154622  -0.432764  -0.436028  0.789047  -0.001683  -0.016573  0.044842  -2.637649  -0.697597  -2.139407  1.000000  
93.957751 -0.008064  0.019160  -0.018609  0.716886  0.365123  0.593936  -0.545372  0.824394  0.151472  -0.434331  -0.432504  0.790124  -0.002026  -0.016553  0.045035  -2.645105  -0.692220  -2.113270  1.000000  
93.958757 -0.008068  0.019144  -0.018562  0.717161  0.365445  0.593406  -0.543952  0.825814  0.148821  -0.435657  -0.429513  0.791026  -0.002361  -0.016481  0.045306  -2.652204  -0.698616  -2.094488  1.000000  
93.960000 -0.008074  0.019123  -0.018499  0.717562  0.365766  0.592723  -0.542164  0.827548  0.145680  -0.437222  -0.425887  0.792122  -0.002693  -0.016516  0.045831  -2.656579  -0.692060  -2.073937  1.000000  
93.961005 -0.008080  0.019106  -0.018449  0.717875  0.366131  0.592118  -0.540777  0.828908  0.143082  -0.438425  -0.422919  0.793047  -0.002989  -0.016530  0.046168  -2.664207  -0.684973  -2.052778  1.000000  
93.962252 -0.008088  0.019084  -0.018386  0.718264  0.366233  0.591582  -0.538988  0.830559  0.140229  -0.439987  -0.419577  0.793956  -0.003402  -0.016543  0.046586  -2.656662  -0.676039  -2.033034  1.000000  
93.963501 -0.008096  0.019062  -0.018323  0.718584  0.366551  0.590997  -0.537380  0.832087  0.137312  -0.441428  -0.416260  0.794901  -0.003721  -0.016431  0.046839  -2.652047  -0.665814  -2.009203  1.000000  
93.964505 -0.008103  0.019046  -0.018274  0.718836  0.366796  0.590538  -0.535955  0.833426  0.134736  -0.442749  -0.413355  0.795683  -0.004128  -0.016366  0.046932  -2.649817  -0.661304  -1.999342  1.000000  
93.965507 -0.008109  0.019029  -0.018225  0.719084  0.366970  0.590128  -0.534529  0.834737  0.132257  -0.444068  -0.410544  0.796403  -0.004380  -0.016338  0.047116  -2.641632  -0.659699  -1.983545  1.000000  
