1-Time 2-Px 3-Py 4-Pz 5-R11 6-R21 7-R31 8-R12 9-R22 10-R32 11-R13 12-R23 13-R33 14-Vx 15-Vy 16-Vz 17-Wx 18-Wy 19-Wz 20-state
124.766880 -0.005227  -0.006130  0.009755  0.696003  0.695994  0.176555  -0.716063  0.691006  0.098814  -0.053227  -0.195200  0.979318  -0.000357  0.001369  0.001499  0.000000  0.000000  0.000000  1.000000  
124.767987 -0.005228  -0.006129  0.009757  0.696003  0.695994  0.176555  -0.716063  0.691006  0.098814  -0.053227  -0.195200  0.979318  -0.001057  0.001116  0.002824  0.000000  0.000000  0.000000  1.000000  
124.768994 -0.005225  -0.006126  0.009754  0.696151  0.695852  0.176535  -0.715920  0.691149  0.098851  -0.053227  -0.195200  0.979318  0.001288  0.002541  -0.000750  0.000000  0.000000  0.000000  1.000000  
124.770226 -0.005219  -0.006119  0.009746  0.696151  0.695852  0.176535  -0.715920  0.691149  0.098851  -0.053227  -0.195200  0.979318  0.002658  0.003773  -0.003100  0.000000  0.000000  0.000000  1.000000  
124.771477 -0.005215  -0.006115  0.009740  0.696151  0.695852  0.176535  -0.715920  0.691149  0.098851  -0.053227  -0.195200  0.979318  0.002864  0.003700  -0.003518  0.000000  0.000000  0.000000  1.000000  
124.772478 -0.005213  -0.006113  0.009739  0.696151  0.695873  0.176451  -0.715920  0.691161  0.098767  -0.053227  -0.195081  0.979342  0.002676  0.003355  -0.003140  0.000000  0.000000  0.000000  1.000000  
124.773488 -0.005210  -0.006110  0.009737  0.696151  0.695873  0.176451  -0.715920  0.691161  0.098767  -0.053227  -0.195081  0.979342  0.002747  0.003206  -0.002997  0.000000  0.000000  0.000000  1.000000  
124.774730 -0.005206  -0.006106  0.009733  0.696151  0.695873  0.176451  -0.715920  0.691161  0.098767  -0.053227  -0.195081  0.979342  0.002793  0.003181  -0.002910  0.000000  0.000000  0.000000  1.000000  
124.775980 -0.005203  -0.006101  0.009731  0.696151  0.695895  0.176366  -0.715920  0.691173  0.098683  -0.053227  -0.194962  0.979365  0.002753  0.003359  -0.002817  0.000000  0.000000  0.000000  1.000000  
124.777222 -0.005200  -0.006097  0.009726  0.696303  0.695770  0.176255  -0.715782  0.691298  0.098813  -0.053093  -0.194964  0.979372  0.002677  0.003355  -0.002888  0.000000  0.000000  0.000000  1.000000  
124.778223 -0.005198  -0.006093  0.009723  0.696303  0.695792  0.176170  -0.715782  0.691310  0.098729  -0.053093  -0.194845  0.979396  0.002648  0.003365  -0.002971  0.000000  0.000000  0.000000  1.000000  
124.779224 -0.005195  -0.006090  0.009718  0.696303  0.695792  0.176170  -0.715782  0.691310  0.098729  -0.053093  -0.194845  0.979396  0.002646  0.003350  -0.003099  0.000000  0.000000  0.000000  1.000000  
124.780473 -0.005191  -0.006084  0.009712  0.696308  0.695831  0.175994  -0.715787  0.691303  0.098739  -0.052959  -0.194727  0.979427  0.002686  0.003477  -0.003268  0.000000  0.000000  0.000000  1.000000  
124.781473 -0.005187  -0.006080  0.009705  0.696308  0.695831  0.175994  -0.715787  0.691303  0.098739  -0.052959  -0.194727  0.979427  0.002783  0.003558  -0.003539  0.000000  0.000000  0.000000  1.000000  
124.782473 -0.005181  -0.006073  0.009695  0.696308  0.695853  0.175910  -0.715787  0.691315  0.098656  -0.052959  -0.194609  0.979450  0.003047  0.003811  -0.004083  0.000000  0.000000  0.000000  1.000000  
124.783724 -0.005172  -0.006062  0.009681  0.696308  0.695853  0.175910  -0.715787  0.691315  0.098656  -0.052959  -0.194609  0.979450  0.003550  0.004342  -0.004981  0.000000  0.000000  0.000000  1.000000  
124.784724 -0.005165  -0.006053  0.009671  0.696308  0.695874  0.175826  -0.715787  0.691327  0.098572  -0.052959  -0.194490  0.979474  0.003709  0.004576  -0.005239  0.000000  0.000000  0.000000  1.000000  
124.785730 -0.005161  -0.006046  0.009664  0.696308  0.695874  0.175826  -0.715787  0.691327  0.098572  -0.052959  -0.194490  0.979474  0.003703  0.004715  -0.005292  0.000000  0.000000  0.000000  1.000000  
124.786974 -0.005157  -0.006039  0.009660  0.696308  0.695895  0.175741  -0.715787  0.691339  0.098488  -0.052959  -0.194371  0.979497  0.003795  0.004942  -0.005279  0.000000  0.000000  0.000000  1.000000  
124.787982 -0.005154  -0.006034  0.009656  0.696308  0.695917  0.175657  -0.715787  0.691351  0.098404  -0.052959  -0.194252  0.979521  0.003826  0.005201  -0.005475  0.000000  0.000000  0.000000  1.000000  
124.789225 -0.005149  -0.006027  0.009648  0.696308  0.695917  0.175657  -0.715787  0.691351  0.098404  -0.052959  -0.194252  0.979521  0.003921  0.005463  -0.005838  0.000000  0.000000  0.000000  1.000000  
124.790474 -0.005145  -0.006020  0.009637  0.696308  0.695917  0.175657  -0.715787  0.691351  0.098404  -0.052959  -0.194252  0.979521  0.003926  0.005610  -0.006412  0.000000  0.000000  0.000000  1.000000  
124.791474 -0.005142  -0.006015  0.009626  0.696308  0.695917  0.175657  -0.715787  0.691351  0.098404  -0.052959  -0.194252  0.979521  0.003993  0.005688  -0.006906  0.000000  0.000000  0.000000  1.000000  
124.792721 -0.005139  -0.006010  0.009613  0.696308  0.695938  0.175572  -0.715787  0.691363  0.098320  -0.052959  -0.194133  0.979545  0.004003  0.005670  -0.007427  0.000000  0.000000  0.000000  1.000000  
124.793972 -0.005134  -0.006005  0.009600  0.696308  0.695938  0.175572  -0.715787  0.691363  0.098320  -0.052959  -0.194133  0.979545  0.004117  0.005801  -0.008023  0.000000  0.000000  0.000000  1.000000  
124.795221 -0.005128  -0.005997  0.009588  0.696308  0.695938  0.175572  -0.715787  0.691363  0.098320  -0.052959  -0.194133  0.979545  0.004231  0.005913  -0.008335  0.000000  0.000000  0.000000  1.000000  
124.796222 -0.005124  -0.005991  0.009578  0.696308  0.695938  0.175572  -0.715787  0.691363  0.098320  -0.052959  -0.194133  0.979545  0.004293  0.006029  -0.008576  0.000000  0.000000  0.000000  1.000000  
124.797472 -0.005119  -0.005983  0.009569  0.696308  0.695938  0.175572  -0.715787  0.691363  0.098320  -0.052959  -0.194133  0.979545  0.004159  0.006000  -0.008389  0.000000  0.000000  0.000000  1.000000  
124.798722 -0.005114  -0.005975  0.009562  0.696308  0.695938  0.175572  -0.715787  0.691363  0.098320  -0.052959  -0.194133  0.979545  0.003864  0.005788  -0.007945  0.000000  0.000000  0.000000  1.000000  
124.799722 -0.005111  -0.005969  0.009559  0.696455  0.695796  0.175552  -0.715643  0.691506  0.098356  -0.052959  -0.194133  0.979545  0.003616  0.005587  -0.007476  0.000000  0.000000  0.000000  1.000000  
124.800754 -0.005109  -0.005965  0.009557  0.696455  0.695796  0.175552  -0.715643  0.691506  0.098356  -0.052959  -0.194133  0.979545  0.003499  0.005376  -0.007204  0.000000  0.000000  0.000000  1.000000  
124.801976 -0.005106  -0.005961  0.009553  0.696603  0.695653  0.175532  -0.715500  0.691649  0.098392  -0.052959  -0.194133  0.979545  0.003413  0.005218  -0.007208  0.000000  0.000000  0.000000  1.000000  
124.803225 -0.005104  -0.005957  0.009545  0.696603  0.695632  0.175616  -0.715500  0.691637  0.098476  -0.052959  -0.194252  0.979521  0.003253  0.005086  -0.007292  0.000000  0.000000  0.000000  1.000000  
124.804226 -0.005103  -0.005953  0.009537  0.696750  0.695490  0.175596  -0.715356  0.691781  0.098512  -0.052959  -0.194252  0.979521  0.003077  0.004866  -0.007364  0.000000  0.000000  0.000000  1.000000  
124.805474 -0.005099  -0.005949  0.009525  0.696750  0.695490  0.175596  -0.715356  0.691781  0.098512  -0.052959  -0.194252  0.979521  0.003098  0.004704  -0.007354  0.000000  0.000000  0.000000  1.000000  
124.806723 -0.005097  -0.005945  0.009516  0.696897  0.695326  0.175660  -0.715213  0.691912  0.098633  -0.052959  -0.194371  0.979497  0.003029  0.004575  -0.007131  0.000000  0.000000  0.000000  1.000000  
124.807979 -0.005094  -0.005942  0.009508  0.697044  0.695183  0.175640  -0.715070  0.692055  0.098669  -0.052959  -0.194371  0.979497  0.002993  0.004453  -0.006723  0.000000  0.000000  0.000000  1.000000  
124.809223 -0.005091  -0.005938  0.009504  0.697192  0.695020  0.175704  -0.714926  0.692186  0.098789  -0.052959  -0.194490  0.979474  0.002842  0.004351  -0.006274  0.000000  0.000000  0.000000  1.000000  
124.810491 -0.005087  -0.005932  0.009500  0.697339  0.694856  0.175768  -0.714782  0.692317  0.098909  -0.052959  -0.194609  0.979450  0.002702  0.004259  -0.005651  0.000000  0.000000  0.000000  1.000000  
124.811722 -0.005084  -0.005926  0.009495  0.697486  0.694671  0.175916  -0.714639  0.692436  0.099113  -0.052959  -0.194846  0.979403  0.002558  0.004078  -0.005279  0.000000  0.000000  0.000000  1.000000  
124.812972 -0.005081  -0.005922  0.009490  0.697780  0.694364  0.175959  -0.714352  0.692710  0.099270  -0.052959  -0.194965  0.979379  0.002348  0.003768  -0.005067  0.000000  0.000000  0.000000  1.000000  
124.814222 -0.005079  -0.005919  0.009484  0.697927  0.694200  0.176023  -0.714208  0.692841  0.099390  -0.052959  -0.195084  0.979356  0.002224  0.003507  -0.005153  0.000000  0.000000  0.000000  1.000000  
124.815223 -0.005078  -0.005917  0.009478  0.698074  0.694036  0.176087  -0.714064  0.692972  0.099510  -0.052959  -0.195203  0.979332  0.002113  0.003308  -0.005367  0.000000  0.000000  0.000000  1.000000  
124.816224 -0.005077  -0.005915  0.009472  0.698368  0.693729  0.176130  -0.713777  0.693245  0.099667  -0.052959  -0.195321  0.979308  0.002024  0.003217  -0.005584  0.000000  0.000000  0.000000  1.000000  
124.817493 -0.005078  -0.005913  0.009463  0.698520  0.693583  0.176102  -0.713638  0.693357  0.099881  -0.052826  -0.195442  0.979292  0.001885  0.003111  -0.005819  0.000000  0.000000  0.000000  1.000000  
124.818726 -0.005077  -0.005909  0.009453  0.698814  0.693277  0.176145  -0.713350  0.693631  0.100037  -0.052826  -0.195560  0.979268  0.001772  0.003048  -0.005850  0.000000  0.000000  0.000000  1.000000  
124.819977 -0.005076  -0.005905  0.009445  0.699112  0.692988  0.176096  -0.713068  0.693885  0.100288  -0.052692  -0.195681  0.979251  0.001610  0.003021  -0.005627  0.000000  0.000000  0.000000  1.000000  
124.820978 -0.005075  -0.005902  0.009442  0.699259  0.692824  0.176159  -0.712924  0.694016  0.100408  -0.052692  -0.195799  0.979227  0.001506  0.002989  -0.005280  0.000000  0.000000  0.000000  1.000000  
124.822224 -0.005074  -0.005898  0.009440  0.699558  0.692513  0.176194  -0.712641  0.694258  0.100742  -0.052559  -0.196038  0.979187  0.001405  0.003082  -0.004839  0.000000  0.000000  0.000000  1.000000  
124.823473 -0.005075  -0.005894  0.009437  0.699851  0.692206  0.176237  -0.712353  0.694531  0.100899  -0.052559  -0.196157  0.979163  0.001139  0.003115  -0.004603  0.078066  0.045637  -0.159998  1.000000  
124.824723 -0.005073  -0.005887  0.009432  0.700149  0.691896  0.176271  -0.712069  0.694772  0.101234  -0.052425  -0.196396  0.979122  0.001048  0.003229  -0.004661  0.086944  0.052773  -0.172679  1.000000  
124.825972 -0.005071  -0.005880  0.009425  0.700301  0.691750  0.176242  -0.711930  0.694884  0.101448  -0.052291  -0.196516  0.979105  0.000943  0.003296  -0.004841  0.090617  0.058061  -0.177095  1.000000  
124.827222 -0.005071  -0.005875  0.009416  0.700447  0.691564  0.176389  -0.711786  0.695002  0.101653  -0.052291  -0.196754  0.979058  0.000784  0.003289  -0.005103  0.099896  0.059922  -0.185352  1.000000  
124.828474 -0.005071  -0.005872  0.009406  0.700599  0.691418  0.176360  -0.711647  0.695113  0.101867  -0.052158  -0.196874  0.979040  0.000595  0.003250  -0.005409  0.104314  0.065691  -0.191226  1.000000  
124.829722 -0.005072  -0.005868  0.009397  0.700901  0.691126  0.176302  -0.711368  0.695335  0.102295  -0.051891  -0.197114  0.979006  0.000386  0.003310  -0.005572  0.112835  0.075908  -0.196288  1.000000  
124.830723 -0.005073  -0.005865  0.009390  0.701053  0.690980  0.176273  -0.711229  0.695446  0.102508  -0.051757  -0.197234  0.978989  0.000255  0.003463  -0.005701  0.116386  0.081076  -0.200671  1.000000  
124.831979 -0.005075  -0.005859  0.009381  0.701204  0.690813  0.176327  -0.711089  0.695545  0.102807  -0.051623  -0.197473  0.978948  0.000123  0.003683  -0.005685  0.125350  0.086085  -0.201204  1.000000  
124.833222 -0.005077  -0.005854  0.009374  0.701360  0.690664  0.176290  -0.710955  0.695624  0.103198  -0.051356  -0.197713  0.978914  0.000017  0.003811  -0.005534  0.128719  0.095524  -0.204548  1.000000  
124.834472 -0.005078  -0.005848  0.009368  0.701516  0.690536  0.176168  -0.710820  0.695716  0.103505  -0.051089  -0.197835  0.978903  -0.000135  0.003912  -0.005276  0.132727  0.104279  -0.202783  1.000000  
124.835477 -0.005078  -0.005843  0.009364  0.701667  0.690369  0.176222  -0.710681  0.695814  0.103804  -0.050955  -0.198073  0.978862  -0.000200  0.004048  -0.005318  0.141980  0.109589  -0.203588  1.000000  
124.836726 -0.005079  -0.005836  0.009358  0.701823  0.690220  0.176184  -0.710546  0.695894  0.104195  -0.050688  -0.198314  0.978827  -0.000243  0.004251  -0.005513  0.146356  0.119780  -0.208535  1.000000  
124.837726 -0.005080  -0.005830  0.009352  0.701974  0.690053  0.176238  -0.710406  0.695991  0.104493  -0.050554  -0.198552  0.978786  -0.000311  0.004412  -0.005790  0.154534  0.124246  -0.207691  1.000000  
124.838975 -0.005079  -0.005822  0.009342  0.702276  0.689761  0.176178  -0.710127  0.696212  0.104921  -0.050287  -0.198793  0.978751  -0.000269  0.004589  -0.006311  0.158914  0.134444  -0.212642  1.000000  
124.839978 -0.005078  -0.005815  0.009333  0.702431  0.689612  0.176140  -0.709992  0.696291  0.105312  -0.050020  -0.199033  0.978715  -0.000378  0.004657  -0.006562  0.162936  0.143281  -0.210816  1.000000  
124.841221 -0.005078  -0.005808  0.009323  0.702733  0.689320  0.176079  -0.709712  0.696511  0.105740  -0.049753  -0.199273  0.978680  -0.000498  0.004736  -0.006646  0.165979  0.152253  -0.214041  1.000000  
124.842221 -0.005079  -0.005803  0.009317  0.703039  0.689068  0.175843  -0.709437  0.696725  0.106176  -0.049352  -0.199395  0.978676  -0.000540  0.004787  -0.006615  0.166285  0.166753  -0.218108  1.000000  
124.843222 -0.005080  -0.005799  0.009311  0.703195  0.688920  0.175804  -0.709301  0.696804  0.106567  -0.049084  -0.199635  0.978640  -0.000612  0.004929  -0.006436  0.171724  0.177010  -0.218132  1.000000  
124.844471 -0.005082  -0.005793  0.009305  0.703642  0.688484  0.175721  -0.708876  0.697165  0.107031  -0.048817  -0.199875  0.978604  -0.000723  0.005052  -0.006220  0.175023  0.187051  -0.227984  1.000000  
124.845722 -0.005084  -0.005786  0.009300  0.703943  0.688171  0.175742  -0.708596  0.697371  0.107543  -0.048550  -0.200234  0.978544  -0.000698  0.005211  -0.005962  0.184635  0.197520  -0.228100  1.000000  
124.846725 -0.005084  -0.005781  0.009296  0.704248  0.687898  0.175588  -0.708319  0.697572  0.108063  -0.048149  -0.200475  0.978515  -0.000615  0.005312  -0.005767  0.188597  0.206331  -0.226230  1.000000  
124.847978 -0.005085  -0.005774  0.009289  0.704694  0.687462  0.175503  -0.707893  0.697932  0.108526  -0.047882  -0.200715  0.978479  -0.000565  0.005384  -0.005717  0.189244  0.217927  -0.237927  1.000000  
124.849222 -0.005085  -0.005767  0.009282  0.705145  0.687024  0.175409  -0.707472  0.698260  0.109167  -0.047481  -0.201075  0.978424  -0.000441  0.005450  -0.005844  0.196074  0.230680  -0.239993  1.000000  
124.850223 -0.005084  -0.005762  0.009275  0.705595  0.686607  0.175231  -0.707049  0.698600  0.109723  -0.047080  -0.201316  0.978394  -0.000412  0.005481  -0.005997  0.200714  0.242177  -0.251600  1.000000  
124.851223 -0.005083  -0.005756  0.009267  0.705895  0.686294  0.175250  -0.706768  0.698805  0.110234  -0.046812  -0.201675  0.978333  -0.000235  0.005551  -0.006240  0.208758  0.250976  -0.249764  1.000000  
124.852223 -0.005082  -0.005750  0.009260  0.706340  0.685858  0.175163  -0.706340  0.699163  0.110697  -0.046545  -0.201915  0.978296  -0.000134  0.005570  -0.006337  0.213423  0.258125  -0.262267  1.000000  
124.853226 -0.005081  -0.005744  0.009253  0.706790  0.685420  0.175066  -0.705917  0.699489  0.111338  -0.046144  -0.202275  0.978241  -0.000090  0.005517  -0.006332  0.223626  0.274930  -0.268465  1.000000  
124.854476 -0.005081  -0.005737  0.009246  0.707239  0.684981  0.174969  -0.705494  0.699814  0.111978  -0.045743  -0.202634  0.978186  -0.000147  0.005382  -0.006031  0.227957  0.285205  -0.273360  1.000000  
124.855480 -0.005081  -0.005733  0.009242  0.707828  0.684401  0.174857  -0.704920  0.700312  0.112476  -0.045476  -0.202874  0.978148  -0.000217  0.005246  -0.005800  0.232942  0.293754  -0.292675  1.000000  
124.856722 -0.005084  -0.005728  0.009238  0.708421  0.683797  0.174818  -0.704349  0.700764  0.113237  -0.045075  -0.203352  0.978068  -0.000325  0.005147  -0.005464  0.244463  0.310077  -0.314417  1.000000  
124.857723 -0.005085  -0.005725  0.009234  0.708869  0.683380  0.174635  -0.703924  0.701101  0.113792  -0.044674  -0.203593  0.978036  -0.000353  0.005112  -0.005303  0.246757  0.322964  -0.321963  1.000000  
124.858972 -0.005089  -0.005720  0.009230  0.709461  0.682775  0.174594  -0.703353  0.701550  0.114552  -0.044273  -0.204071  0.977954  -0.000476  0.005043  -0.005170  0.257727  0.333246  -0.337551  1.000000  
124.859976 -0.005090  -0.005716  0.009227  0.710052  0.682192  0.174469  -0.702781  0.702013  0.115228  -0.043872  -0.204431  0.977897  -0.000498  0.005001  -0.005149  0.268895  0.349060  -0.358766  1.000000  
124.860976 -0.005091  -0.005711  0.009222  0.710499  0.681732  0.174449  -0.702354  0.702320  0.115952  -0.043471  -0.204909  0.977815  -0.000483  0.004918  -0.005218  0.279562  0.358060  -0.367621  1.000000  
124.862222 -0.005093  -0.005706  0.009215  0.711234  0.680983  0.174381  -0.701635  0.702907  0.116748  -0.043070  -0.205387  0.977733  -0.000572  0.004817  -0.005191  0.291010  0.370906  -0.396474  1.000000  
124.863474 -0.005096  -0.005700  0.009208  0.711828  0.680398  0.174242  -0.701065  0.703333  0.117600  -0.042535  -0.205866  0.977655  -0.000752  0.004756  -0.005189  0.299953  0.384053  -0.414843  1.000000  
124.864723 -0.005097  -0.005694  0.009203  0.712569  0.679666  0.174067  -0.700352  0.703865  0.118665  -0.041867  -0.206465  0.977558  -0.000869  0.004693  -0.005057  0.310674  0.404060  -0.434486  1.000000  
124.865972 -0.005100  -0.005688  0.009198  0.713305  0.678915  0.173983  -0.699633  0.704415  0.119638  -0.041332  -0.207062  0.977454  -0.001179  0.004620  -0.004670  0.323590  0.417207  -0.452712  1.000000  
124.866976 -0.005102  -0.005683  0.009196  0.713893  0.678310  0.173933  -0.699057  0.704857  0.120397  -0.040931  -0.207540  0.977370  -0.001361  0.004570  -0.004379  0.335224  0.433839  -0.474782  1.000000  
124.868249 -0.005107  -0.005679  0.009193  0.714628  0.677558  0.173846  -0.698337  0.705404  0.121370  -0.040396  -0.208137  0.977265  -0.001784  0.004339  -0.003916  0.348256  0.448180  -0.499515  1.000000  
124.869477 -0.005112  -0.005674  0.009190  0.715218  0.676930  0.173864  -0.697764  0.705795  0.122392  -0.039861  -0.208853  0.977134  -0.002130  0.004194  -0.003721  0.365118  0.455912  -0.512220  1.000000  
124.870725 -0.005118  -0.005671  0.009187  0.715951  0.676157  0.173855  -0.697042  0.706323  0.123450  -0.039327  -0.209568  0.977003  -0.002439  0.004078  -0.003603  0.382120  0.469221  -0.530484  1.000000  
124.871728 -0.005123  -0.005668  0.009184  0.716536  0.675551  0.173800  -0.696463  0.706761  0.124209  -0.038926  -0.210046  0.976916  -0.002632  0.004028  -0.003546  0.390954  0.478029  -0.549656  1.000000  
124.872973 -0.005129  -0.005665  0.009179  0.717128  0.674944  0.173720  -0.695891  0.707128  0.125322  -0.038257  -0.210762  0.976788  -0.002843  0.003939  -0.003619  0.407569  0.489994  -0.561184  1.000000  
124.874222 -0.005134  -0.005660  0.009173  0.717859  0.674170  0.173706  -0.695166  0.707652  0.126379  -0.037722  -0.211477  0.976655  -0.003068  0.003939  -0.003779  0.424210  0.501912  -0.572632  1.000000  
124.875224 -0.005138  -0.005656  0.009169  0.718442  0.673543  0.173729  -0.694585  0.708071  0.127224  -0.037321  -0.212073  0.976541  -0.003193  0.003879  -0.003743  0.437071  0.510791  -0.591743  1.000000  
124.876472 -0.005144  -0.005652  0.009164  0.719170  0.672748  0.173793  -0.693859  0.708577  0.128368  -0.036786  -0.212906  0.976380  -0.003426  0.003816  -0.003661  0.454025  0.518502  -0.598214  1.000000  
124.877723 -0.005148  -0.005646  0.009161  0.719902  0.671974  0.173761  -0.693136  0.709060  0.129602  -0.036118  -0.213740  0.976223  -0.003600  0.003808  -0.003397  0.474412  0.534959  -0.614675  1.000000  
124.878973 -0.005154  -0.005642  0.009160  0.720771  0.671054  0.173712  -0.692259  0.709716  0.130695  -0.035583  -0.214455  0.976086  -0.003864  0.003702  -0.003105  0.487083  0.543910  -0.633637  1.000000  
124.879979 -0.005159  -0.005638  0.009159  0.721351  0.670405  0.173809  -0.691675  0.710113  0.131626  -0.035182  -0.215168  0.975943  -0.004096  0.003673  -0.002807  0.503272  0.545543  -0.640010  1.000000  
124.881223 -0.005165  -0.005632  0.009158  0.722222  0.669463  0.173825  -0.690800  0.710712  0.132981  -0.034513  -0.216120  0.975757  -0.004325  0.003591  -0.002584  0.520182  0.560368  -0.658503  1.000000  
124.882473 -0.005171  -0.005628  0.009157  0.722949  0.668688  0.173783  -0.690072  0.711187  0.134215  -0.033845  -0.216953  0.975595  -0.004496  0.003515  -0.002484  0.536237  0.570947  -0.663034  1.000000  
124.883724 -0.005178  -0.005625  0.009154  0.723821  0.667767  0.173698  -0.689197  0.711761  0.135660  -0.033042  -0.217906  0.975410  -0.004609  0.003479  -0.002521  0.556799  0.588797  -0.679966  1.000000  
124.884975 -0.005185  -0.005621  0.009151  0.724684  0.666782  0.173880  -0.688314  0.712356  0.137012  -0.032507  -0.218974  0.975189  -0.004653  0.003466  -0.002544  0.581255  0.596580  -0.692054  1.000000  
124.885978 -0.005190  -0.005619  0.009147  0.725263  0.666133  0.173954  -0.687729  0.712707  0.138119  -0.031972  -0.219806  0.975020  -0.004713  0.003506  -0.002634  0.597753  0.603254  -0.697975  1.000000  
124.886999 -0.005195  -0.005615  0.009143  0.725983  0.665337  0.173998  -0.686994  0.713194  0.139263  -0.031438  -0.220638  0.974849  -0.004770  0.003508  -0.002607  0.617661  0.612108  -0.701335  1.000000  
124.888229 -0.005201  -0.005611  0.009140  0.726843  0.664352  0.174171  -0.686108  0.713781  0.140615  -0.030903  -0.221705  0.974624  -0.004767  0.003497  -0.002510  0.638577  0.620397  -0.713872  1.000000  
124.889474 -0.005207  -0.005607  0.009137  0.727708  0.663431  0.174072  -0.685226  0.714342  0.142060  -0.030100  -0.222657  0.974432  -0.004795  0.003521  -0.002315  0.654679  0.634082  -0.725819  1.000000  
124.890474 -0.005212  -0.005603  0.009136  0.728425  0.662613  0.174189  -0.684488  0.714804  0.143289  -0.029565  -0.223606  0.974231  -0.004842  0.003497  -0.002092  0.675516  0.645021  -0.736344  1.000000  
124.891722 -0.005218  -0.005599  0.009135  0.729287  0.661650  0.174244  -0.683604  0.715324  0.144907  -0.028763  -0.224792  0.973982  -0.004954  0.003482  -0.001847  0.698199  0.656273  -0.740274  1.000000  
124.892722 -0.005224  -0.005595  0.009135  0.730001  0.660811  0.174435  -0.682863  0.715763  0.146224  -0.028228  -0.225859  0.973751  -0.005020  0.003395  -0.001744  0.718268  0.662710  -0.745523  1.000000  
124.893723 -0.005230  -0.005592  0.009134  0.730858  0.659868  0.174418  -0.681973  0.716333  0.147579  -0.027559  -0.226808  0.973550  -0.005108  0.003388  -0.001794  0.740750  0.676385  -0.764040  1.000000  
124.894971 -0.005236  -0.005588  0.009131  0.731853  0.658735  0.174528  -0.680932  0.716999  0.149144  -0.026890  -0.227993  0.973291  -0.005127  0.003327  -0.001912  0.760915  0.684339  -0.775806  1.000000  
124.895977 -0.005242  -0.005585  0.009128  0.732564  0.657917  0.174631  -0.680188  0.717448  0.150374  -0.026355  -0.228940  0.973084  -0.005197  0.003233  -0.002033  0.776813  0.690610  -0.780871  1.000000  
124.897222 -0.005250  -0.005582  0.009125  0.733559  0.656784  0.174717  -0.679146  0.718069  0.152114  -0.025553  -0.230243  0.972798  -0.005326  0.003118  -0.002177  0.801309  0.703347  -0.791937  1.000000  
124.898224 -0.005256  -0.005580  0.009122  0.734270  0.655989  0.174719  -0.678402  0.718491  0.153433  -0.024884  -0.231191  0.972590  -0.005327  0.003053  -0.002197  0.815461  0.710305  -0.796957  1.000000  
124.899472 -0.005264  -0.005578  0.009119  0.735398  0.654685  0.174861  -0.677203  0.719259  0.155121  -0.024215  -0.232492  0.972297  -0.005507  0.002985  -0.002188  0.835449  0.721065  -0.821491  1.000000  
124.900473 -0.005272  -0.005575  0.009117  0.736246  0.653742  0.174825  -0.676304  0.719811  0.156476  -0.023546  -0.233440  0.972086  -0.005593  0.003014  -0.002119  0.851511  0.733380  -0.832359  1.000000  
124.901494 -0.005279  -0.005573  0.009116  0.737090  0.652754  0.174961  -0.675403  0.720362  0.157829  -0.023011  -0.234504  0.971843  -0.005793  0.002914  -0.001947  0.869918  0.741279  -0.844793  1.000000  
124.902725 -0.005287  -0.005570  0.009115  0.738076  0.651621  0.175027  -0.674352  0.720962  0.159570  -0.022209  -0.235804  0.971547  -0.005905  0.002896  -0.001704  0.890674  0.751579  -0.863734  1.000000  
124.903726 -0.005295  -0.005567  0.009114  0.738919  0.650656  0.175060  -0.673450  0.721485  0.161011  -0.021540  -0.236868  0.971303  -0.006083  0.002828  -0.001604  0.908280  0.764124  -0.873674  1.000000  
124.904980 -0.005304  -0.005564  0.009114  0.739903  0.649547  0.175021  -0.672398  0.722056  0.162839  -0.020604  -0.238169  0.971005  -0.006318  0.002694  -0.001500  0.926759  0.781251  -0.884142  1.000000  
124.906222 -0.005313  -0.005561  0.009112  0.741022  0.648265  0.175040  -0.671189  0.722778  0.164615  -0.019801  -0.239468  0.970702  -0.006532  0.002606  -0.001573  0.943155  0.795845  -0.901679  1.000000  
124.907224 -0.005322  -0.005559  0.009110  0.741858  0.647255  0.175236  -0.670280  0.723291  0.166057  -0.019266  -0.240648  0.970421  -0.006702  0.002543  -0.001720  0.963268  0.799740  -0.914362  1.000000  
124.908473 -0.005332  -0.005556  0.009106  0.742972  0.645952  0.175324  -0.669068  0.723983  0.167920  -0.018463  -0.242064  0.970085  -0.006917  0.002424  -0.001861  0.983377  0.812772  -0.924945  1.000000  
124.909722 -0.005343  -0.005554  0.009102  0.744084  0.644649  0.175406  -0.667853  0.724670  0.169784  -0.017661  -0.243479  0.969745  -0.007267  0.002266  -0.001958  1.003832  0.827566  -0.942403  1.000000  
124.910725 -0.005353  -0.005553  0.009099  0.745054  0.643513  0.175459  -0.666787  0.725282  0.171349  -0.016992  -0.244658  0.969461  -0.007564  0.002139  -0.001981  1.019686  0.837378  -0.960479  1.000000  
124.911775 -0.005363  -0.005552  0.009096  0.746021  0.642331  0.175681  -0.665719  0.725891  0.172916  -0.016456  -0.245953  0.969142  -0.007826  0.002068  -0.001974  1.037960  0.840073  -0.971358  1.000000  
124.912998 -0.005377  -0.005551  0.009095  0.747126  0.641027  0.175748  -0.664498  0.726563  0.174780  -0.015654  -0.247367  0.968795  -0.008211  0.001957  -0.001829  1.054774  0.849671  -0.983719  1.000000  
124.914068 -0.005388  -0.005551  0.009093  0.748089  0.639844  0.175962  -0.663426  0.727164  0.176347  -0.015119  -0.248661  0.968472  -0.008434  0.001850  -0.001769  1.068303  0.853482  -1.000498  1.000000  
124.915221 -0.005401  -0.005549  0.009093  0.749052  0.638643  0.176230  -0.662354  0.727695  0.178178  -0.014450  -0.250191  0.968089  -0.008800  0.001822  -0.001612  1.090964  0.857990  -1.006907  1.000000  
124.916275 -0.005412  -0.005546  0.009091  0.750013  0.637506  0.176260  -0.661280  0.728286  0.179743  -0.013781  -0.251367  0.967794  -0.008976  0.001839  -0.001660  1.101540  0.866410  -1.019236  1.000000  
124.917470 -0.005426  -0.005544  0.009090  0.751243  0.636004  0.176444  -0.659895  0.729070  0.181647  -0.013112  -0.252895  0.967405  -0.009338  0.001789  -0.001666  1.118688  0.877244  -1.036209  1.000000  
124.918476 -0.005437  -0.005542  0.009088  0.752063  0.634970  0.176677  -0.658971  0.729522  0.183179  -0.012577  -0.254188  0.967073  -0.009637  0.001722  -0.001789  1.135439  0.882999  -1.051452  1.000000  
124.919476 -0.005448  -0.005539  0.009086  0.753018  0.633810  0.176772  -0.657892  0.730078  0.184834  -0.011908  -0.255480  0.966741  -0.009900  0.001701  -0.001964  1.150988  0.887291  -1.063738  1.000000  
124.920725 -0.005462  -0.005537  0.009082  0.754242  0.632286  0.177015  -0.656501  0.730823  0.186827  -0.011239  -0.257123  0.966313  -0.010249  0.001643  -0.002089  1.167066  0.893984  -1.082785  1.000000  
124.921725 -0.005474  -0.005535  0.009080  0.755191  0.631121  0.177121  -0.655417  0.731415  0.188308  -0.010704  -0.258297  0.966006  -0.010472  0.001637  -0.002091  1.174624  0.894072  -1.096242  1.000000  
124.922972 -0.005490  -0.005533  0.009077  0.756410  0.629596  0.177352  -0.654021  0.732148  0.190302  -0.010035  -0.259938  0.965573  -0.010787  0.001650  -0.002066  1.186427  0.899231  -1.108484  1.000000  
124.923973 -0.005503  -0.005530  0.009075  0.757356  0.628414  0.177503  -0.652935  0.732663  0.192046  -0.009366  -0.261345  0.965200  -0.011107  0.001698  -0.001906  1.202066  0.903922  -1.120781  1.000000  
124.925223 -0.005520  -0.005529  0.009074  0.758569  0.626887  0.177722  -0.651534  0.733383  0.194041  -0.008697  -0.262986  0.964761  -0.011455  0.001692  -0.001763  1.217800  0.909003  -1.132952  1.000000  
124.926476 -0.005537  -0.005526  0.009074  0.759779  0.625338  0.178010  -0.650131  0.734074  0.196125  -0.008028  -0.264742  0.964286  -0.011827  0.001741  -0.001504  1.233171  0.909714  -1.145876  1.000000  
124.927777 -0.005555  -0.005524  0.009073  0.760987  0.623788  0.178291  -0.648726  0.734757  0.198211  -0.007359  -0.266497  0.963808  -0.012029  0.001844  -0.001481  1.250764  0.913353  -1.155960  1.000000  
124.928779 -0.005568  -0.005521  0.009072  0.762057  0.622405  0.178553  -0.647474  0.735376  0.199998  -0.006824  -0.268018  0.963390  -0.012259  0.001987  -0.001424  1.266197  0.913828  -1.169025  1.000000  
124.929973 -0.005584  -0.005518  0.009070  0.763259  0.620876  0.178744  -0.646064  0.736070  0.201995  -0.006155  -0.269655  0.962937  -0.012417  0.002082  -0.001576  1.281913  0.914826  -1.180425  1.000000  
124.930993 -0.005598  -0.005515  0.009068  0.764191  0.619637  0.179060  -0.644965  0.736599  0.203574  -0.005753  -0.271057  0.962546  -0.012643  0.002130  -0.001612  1.295017  0.914764  -1.190416  1.000000  
124.932251 -0.005614  -0.005511  0.009065  0.765520  0.617933  0.179272  -0.643392  0.737383  0.205698  -0.005084  -0.272808  0.962055  -0.012741  0.002230  -0.001734  1.314382  0.915621  -1.203404  1.000000  
124.933471 -0.005631  -0.005507  0.009061  0.766845  0.616206  0.179551  -0.641817  0.738135  0.207913  -0.004415  -0.274676  0.961527  -0.012941  0.002320  -0.001794  1.328424  0.917810  -1.219700  1.000000  
124.934528 -0.005644  -0.005503  0.009059  0.767902  0.614813  0.179807  -0.640554  0.738774  0.209531  -0.004014  -0.276076  0.961128  -0.013073  0.002445  -0.001723  1.340190  0.914137  -1.236333  1.000000  
124.935727 -0.005661  -0.005499  0.009057  0.769221  0.613107  0.179996  -0.638974  0.739536  0.211658  -0.003345  -0.277825  0.960626  -0.013294  0.002588  -0.001665  1.358061  0.918741  -1.258315  1.000000  
124.936974 -0.005679  -0.005494  0.009056  0.770536  0.611371  0.180277  -0.637390  0.740314  0.213703  -0.002810  -0.279572  0.960121  -0.013507  0.002697  -0.001527  1.369568  0.915787  -1.272618  1.000000  
124.937996 -0.005694  -0.005491  0.009055  0.771455  0.610135  0.180534  -0.636280  0.740761  0.215458  -0.002275  -0.281086  0.959680  -0.013609  0.002773  -0.001456  1.383931  0.912448  -1.271607  1.000000  
124.939221 -0.005712  -0.005487  0.009054  0.772634  0.608527  0.180919  -0.634850  0.741374  0.217557  -0.001739  -0.282949  0.959133  -0.013691  0.002915  -0.001393  1.397109  0.908696  -1.281672  1.000000  
124.940225 -0.005727  -0.005483  0.009053  0.773679  0.607138  0.181121  -0.633577  0.741934  0.219350  -0.001204  -0.284461  0.958687  -0.013822  0.003011  -0.001425  1.407898  0.913997  -1.292141  1.000000  
124.941273 -0.005742  -0.005479  0.009051  0.774722  0.605748  0.181318  -0.632302  0.742489  0.221144  -0.000669  -0.285972  0.958238  -0.013812  0.003181  -0.001529  1.416666  0.911617  -1.296340  1.000000  
124.942472 -0.005760  -0.005474  0.009048  0.776022  0.603985  0.181637  -0.630706  0.743206  0.223283  -0.000134  -0.287832  0.957681  -0.013885  0.003388  -0.001695  1.434149  0.915187  -1.309135  1.000000  
124.943722 -0.005778  -0.005469  0.009043  0.777448  0.602099  0.181801  -0.628947  0.744014  0.225541  0.000535  -0.289690  0.957120  -0.014091  0.003528  -0.001929  1.442280  0.916791  -1.325796  1.000000  
124.944745 -0.005793  -0.005464  0.009041  0.778483  0.600707  0.181978  -0.627665  0.744550  0.227336  0.001070  -0.291198  0.956662  -0.014135  0.003636  -0.001929  1.452212  0.921473  -1.335538  1.000000  
124.945786 -0.005807  -0.005459  0.009038  0.779644  0.599131  0.182202  -0.626222  0.745228  0.229089  0.001472  -0.292706  0.956201  -0.014165  0.003765  -0.002007  1.460469  0.920920  -1.357360  1.000000  
124.947032 -0.005826  -0.005453  0.009035  0.780931  0.597343  0.182563  -0.624615  0.745887  0.231321  0.002007  -0.294677  0.955595  -0.014377  0.003873  -0.002017  1.473963  0.919771  -1.361813  1.000000  
124.948221 -0.005845  -0.005447  0.009033  0.782342  0.595422  0.182794  -0.622844  0.746688  0.233502  0.002542  -0.296531  0.955020  -0.014539  0.003987  -0.001954  1.488819  0.924027  -1.378737  1.000000  
124.949275 -0.005861  -0.005443  0.009031  0.783366  0.594006  0.183018  -0.621553  0.747170  0.235390  0.003077  -0.298152  0.954513  -0.014712  0.004034  -0.001911  1.496379  0.923106  -1.387632  1.000000  
124.950498 -0.005881  -0.005438  0.009029  0.784770  0.592083  0.183233  -0.619777  0.747955  0.237572  0.003613  -0.300003  0.953931  -0.014910  0.004087  -0.001890  1.505029  0.926041  -1.401797  1.000000  
124.951504 -0.005898  -0.005434  0.009026  0.785916  0.590480  0.183495  -0.618321  0.748570  0.239420  0.004014  -0.301622  0.953419  -0.015067  0.004152  -0.001993  1.520362  0.927488  -1.414756  1.000000  
124.952726 -0.005918  -0.005429  0.009023  0.787312  0.588532  0.183764  -0.616538  0.749309  0.241695  0.004549  -0.303587  0.952793  -0.015217  0.004225  -0.002127  1.532905  0.930502  -1.428728  1.000000  
124.953976 -0.005938  -0.005424  0.009019  0.788705  0.586596  0.183982  -0.614752  0.750123  0.243711  0.004951  -0.305319  0.952237  -0.015348  0.004282  -0.002374  1.535935  0.923949  -1.444106  1.000000  
124.955224 -0.005959  -0.005418  0.009013  0.790093  0.584647  0.184233  -0.612963  0.750844  0.245988  0.005486  -0.307281  0.951603  -0.015433  0.004359  -0.002638  1.539072  0.926499  -1.456837  1.000000  
124.956242 -0.005975  -0.005414  0.009009  0.791226  0.583029  0.184495  -0.611497  0.751486  0.247670  0.005753  -0.308781  0.951116  -0.015594  0.004398  -0.002841  1.545992  0.923629  -1.470777  1.000000  
124.957472 -0.005996  -0.005409  0.009004  0.792481  0.581222  0.184811  -0.609865  0.752126  0.249742  0.006155  -0.310626  0.950512  -0.015745  0.004347  -0.002931  1.549414  0.920620  -1.478829  1.000000  
124.958491 -0.006013  -0.005404  0.009000  0.793482  0.579768  0.185081  -0.608558  0.752580  0.251557  0.006556  -0.312239  0.949981  -0.015850  0.004385  -0.002923  1.554784  0.920024  -1.480628  1.000000  
124.959790 -0.006034  -0.005398  0.008996  0.794857  0.577724  0.185571  -0.606758  0.753288  0.253775  0.006824  -0.314311  0.949295  -0.016125  0.004422  -0.002979  1.565048  0.910219  -1.490666  1.000000  
124.960972 -0.006055  -0.005392  0.008993  0.796227  0.575736  0.185880  -0.604955  0.753992  0.255980  0.007225  -0.316267  0.948643  -0.016323  0.004394  -0.002968  1.576350  0.916115  -1.507508  1.000000  
124.961973 -0.006073  -0.005388  0.008990  0.797345  0.574090  0.186178  -0.603477  0.754570  0.257759  0.007493  -0.317877  0.948102  -0.016497  0.004389  -0.003000  1.583354  0.911767  -1.514885  1.000000  
124.963223 -0.006095  -0.005383  0.008986  0.798831  0.571920  0.186486  -0.601504  0.755343  0.260097  0.007894  -0.319945  0.947403  -0.016670  0.004344  -0.003154  1.590728  0.909502  -1.528778  1.000000  
124.964474 -0.006118  -0.005378  0.008981  0.800313  0.569737  0.186815  -0.599527  0.756163  0.262269  0.008162  -0.321898  0.946739  -0.016915  0.004308  -0.003376  1.600167  0.910320  -1.544999  1.000000  
124.965498 -0.006137  -0.005374  0.008976  0.801420  0.568087  0.187091  -0.598042  0.756718  0.264051  0.008429  -0.323504  0.946189  -0.017031  0.004251  -0.003543  1.604543  0.903377  -1.549773  1.000000  
124.966530 -0.006155  -0.005370  0.008970  0.802771  0.566124  0.187251  -0.596224  0.757501  0.265912  0.008697  -0.325110  0.945636  -0.017140  0.004181  -0.003777  1.610014  0.906667  -1.567513  1.000000  
124.967728 -0.006178  -0.005366  0.008963  0.804239  0.563935  0.187553  -0.594238  0.758294  0.268088  0.008964  -0.327058  0.944962  -0.017381  0.004202  -0.004066  1.617339  0.905606  -1.593629  1.000000  
124.968981 -0.006202  -0.005361  0.008956  0.805703  0.561745  0.187845  -0.592248  0.759077  0.270267  0.009232  -0.329005  0.944283  -0.017577  0.004191  -0.004211  1.619087  0.905730  -1.612825  1.000000  
124.970225 -0.006225  -0.005355  0.008949  0.807406  0.559203  0.188117  -0.589922  0.760107  0.272449  0.009366  -0.330951  0.943601  -0.017808  0.004203  -0.004312  1.622489  0.900468  -1.643056  1.000000  
124.971475 -0.006249  -0.005350  0.008943  0.809100  0.556695  0.188275  -0.587591  0.761099  0.274709  0.009633  -0.332896  0.942914  -0.018010  0.004180  -0.004361  1.626776  0.904384  -1.671467  1.000000  
124.972475 -0.006268  -0.005345  0.008937  0.810307  0.554866  0.188482  -0.585924  0.761782  0.276371  0.009767  -0.334382  0.942387  -0.018107  0.004240  -0.004487  1.625012  0.897914  -1.686292  1.000000  
124.973724 -0.006291  -0.005339  0.008931  0.811992  0.552317  0.188721  -0.583585  0.762779  0.278560  0.009901  -0.336324  0.941694  -0.018392  0.004250  -0.004654  1.631751  0.892644  -1.713549  1.000000  
124.974782 -0.006310  -0.005334  0.008926  0.813310  0.550327  0.188855  -0.581744  0.763561  0.280265  0.010035  -0.337808  0.941162  -0.018442  0.004263  -0.004718  1.631131  0.891739  -1.735911  1.000000  
124.975972 -0.006334  -0.005328  0.008917  0.814863  0.547907  0.189199  -0.579564  0.764390  0.282512  0.010169  -0.339861  0.940421  -0.018630  0.004286  -0.005059  1.634675  0.884497  -1.752038  1.000000  
124.976973 -0.006353  -0.005323  0.008910  0.816053  0.546071  0.189375  -0.577885  0.765043  0.284180  0.010302  -0.341343  0.939882  -0.018701  0.004389  -0.005359  1.632449  0.883960  -1.763515  1.000000  
124.978225 -0.006379  -0.005317  0.008901  0.817478  0.543813  0.189729  -0.575867  0.765836  0.286134  0.010302  -0.343167  0.939218  -0.018866  0.004406  -0.005728  1.625564  0.869746  -1.773031  1.000000  
124.979474 -0.006404  -0.005311  0.008890  0.819016  0.541408  0.189976  -0.573676  0.766669  0.288294  0.010436  -0.345102  0.938507  -0.019013  0.004433  -0.006055  1.629048  0.865066  -1.788909  1.000000  
124.980722 -0.006429  -0.005305  0.008880  0.820548  0.538963  0.190316  -0.571482  0.767518  0.290385  0.010436  -0.347037  0.937793  -0.019147  0.004543  -0.006327  1.627034  0.855542  -1.810865  1.000000  
124.981972 -0.006454  -0.005299  0.008870  0.821956  0.536688  0.190667  -0.569453  0.768184  0.292604  0.010570  -0.349083  0.937032  -0.019273  0.004638  -0.006502  1.630791  0.849197  -1.820375  1.000000  
124.982973 -0.006474  -0.005293  0.008862  0.823127  0.534782  0.190972  -0.567759  0.768789  0.294302  0.010570  -0.350674  0.936438  -0.019371  0.004762  -0.006606  1.635055  0.842128  -1.830604  1.000000  
124.983978 -0.006495  -0.005288  0.008854  0.824410  0.532739  0.191146  -0.565894  0.769532  0.295947  0.010570  -0.352150  0.935884  -0.019556  0.004863  -0.006757  1.639211  0.839066  -1.847828  1.000000  
