1-Time 2-Px 3-Py 4-Pz 5-R11 6-R21 7-R31 8-R12 9-R22 10-R32 11-R13 12-R23 13-R33 14-Vx 15-Vy 16-Vz 17-Wx 18-Wy 19-Wz 20-state
108.153183 0.019187  0.016397  0.002299  0.805076  0.182103  0.564527  -0.589747  0.347845  0.728836  -0.063645  -0.919697  0.387437  0.018800  0.003701  -0.001479  0.000000  0.000000  0.000000  1.000000  
108.154369 0.019198  0.016398  0.002298  0.805069  0.181867  0.564613  -0.589742  0.347741  0.728890  -0.063779  -0.919783  0.387210  0.011535  0.001351  -0.000717  0.000000  0.000000  0.000000  1.000000  
108.155371 0.019200  0.016388  0.002296  0.804948  0.181870  0.564785  -0.589908  0.347615  0.728816  -0.063779  -0.919830  0.387099  0.006517  -0.004143  -0.001526  0.000000  0.000000  0.000000  1.000000  
108.156629 0.019196  0.016372  0.002291  0.804941  0.181702  0.564849  -0.589903  0.347600  0.728827  -0.063912  -0.919869  0.386984  0.002915  -0.007614  -0.002308  0.000000  0.000000  0.000000  1.000000  
108.157854 0.019198  0.016362  0.002288  0.804813  0.181537  0.565085  -0.590063  0.347458  0.728765  -0.064046  -0.919955  0.386757  0.002504  -0.007749  -0.002365  0.000000  0.000000  0.000000  1.000000  
108.158872 0.019202  0.016356  0.002287  0.804813  0.181400  0.565129  -0.590063  0.347282  0.728849  -0.064046  -0.920049  0.386534  0.002683  -0.007307  -0.002126  0.000000  0.000000  0.000000  1.000000  
108.160107 0.019201  0.016347  0.002286  0.804684  0.181166  0.565387  -0.590224  0.347052  0.728828  -0.064179  -0.920181  0.386196  0.002116  -0.007283  -0.001927  0.000000  0.000000  0.000000  1.000000  
108.161108 0.019198  0.016340  0.002284  0.804684  0.181029  0.565431  -0.590224  0.346875  0.728912  -0.064179  -0.920275  0.385973  0.001381  -0.007274  -0.001900  0.000000  0.000000  0.000000  1.000000  
108.162354 0.019196  0.016334  0.002282  0.804556  0.180864  0.565666  -0.590385  0.346734  0.728850  -0.064313  -0.920361  0.385746  0.000986  -0.006948  -0.001861  0.000000  0.000000  0.000000  1.000000  
108.163368 0.019195  0.016329  0.002281  0.804549  0.180628  0.565752  -0.590380  0.346630  0.728903  -0.064446  -0.920446  0.385519  0.000839  -0.006797  -0.001794  0.000000  0.000000  0.000000  1.000000  
108.164391 0.019196  0.016321  0.002279  0.804427  0.180630  0.565924  -0.590545  0.346504  0.728829  -0.064446  -0.920493  0.385408  0.000801  -0.006814  -0.001772  0.000000  0.000000  0.000000  1.000000  
108.165604 0.019193  0.016313  0.002277  0.804299  0.180465  0.566159  -0.590706  0.346363  0.728766  -0.064580  -0.920579  0.385181  0.000504  -0.006859  -0.001767  0.000000  0.000000  0.000000  1.000000  
108.166853 0.019186  0.016302  0.002275  0.804292  0.180228  0.566244  -0.590701  0.346259  0.728819  -0.064713  -0.920664  0.384954  -0.000039  -0.007007  -0.001770  0.000000  0.000000  0.000000  1.000000  
108.167853 0.019178  0.016290  0.002275  0.804292  0.180091  0.566288  -0.590701  0.346082  0.728903  -0.064713  -0.920757  0.384731  -0.000599  -0.007337  -0.001679  0.000000  0.000000  0.000000  1.000000  
108.168853 0.019166  0.016271  0.002272  0.804292  0.180022  0.566310  -0.590701  0.345994  0.728945  -0.064713  -0.920804  0.384619  -0.001790  -0.008460  -0.001784  0.000000  0.000000  0.000000  1.000000  
108.170103 0.019148  0.016241  0.002270  0.804170  0.179956  0.566504  -0.590866  0.345780  0.728912  -0.064713  -0.920897  0.384396  -0.003437  -0.009960  -0.001786  0.000000  0.000000  0.000000  1.000000  
108.171104 0.019133  0.016218  0.002268  0.804170  0.179888  0.566525  -0.590866  0.345692  0.728954  -0.064713  -0.920944  0.384284  -0.004317  -0.010659  -0.001654  0.000000  0.000000  0.000000  1.000000  
108.172105 0.019120  0.016199  0.002268  0.804163  0.179651  0.566610  -0.590861  0.345588  0.729008  -0.064847  -0.921029  0.384058  -0.005114  -0.011170  -0.001414  0.000000  0.000000  0.000000  1.000000  
108.173360 0.019106  0.016178  0.002270  0.804156  0.179345  0.566717  -0.590856  0.345395  0.729103  -0.064980  -0.921161  0.383719  -0.006291  -0.012075  -0.001167  0.000000  0.000000  0.000000  1.000000  
108.174628 0.019092  0.016157  0.002270  0.804149  0.179108  0.566802  -0.590851  0.345292  0.729157  -0.065114  -0.921246  0.383492  -0.007424  -0.012990  -0.001078  0.000000  0.000000  0.000000  1.000000  
108.175856 0.019078  0.016136  0.002269  0.804149  0.178902  0.566867  -0.590851  0.345026  0.729282  -0.065114  -0.921385  0.383157  -0.008082  -0.013849  -0.001013  0.000000  0.000000  0.000000  1.000000  
108.176872 0.019070  0.016121  0.002267  0.804142  0.178665  0.566952  -0.590845  0.344922  0.729335  -0.065247  -0.921470  0.382930  -0.008514  -0.014491  -0.001036  0.000000  0.000000  0.000000  1.000000  
108.178109 0.019063  0.016103  0.002266  0.804142  0.178528  0.566995  -0.590845  0.344745  0.729419  -0.065247  -0.921563  0.382707  -0.008994  -0.015278  -0.001015  0.000000  0.000000  0.000000  1.000000  
108.179357 0.019057  0.016085  0.002267  0.804135  0.178222  0.567101  -0.590840  0.344553  0.729514  -0.065381  -0.921694  0.382368  -0.009251  -0.015787  -0.000850  0.000000  0.000000  0.000000  1.000000  
108.180607 0.019049  0.016066  0.002266  0.804135  0.178084  0.567144  -0.590840  0.344376  0.729598  -0.065381  -0.921787  0.382144  -0.009724  -0.016578  -0.000705  0.000000  0.000000  0.000000  1.000000  
108.181854 0.019037  0.016044  0.002266  0.804128  0.177847  0.567229  -0.590835  0.344272  0.729651  -0.065514  -0.921872  0.381917  -0.009991  -0.017387  -0.000625  0.205354  -0.071922  -0.041210  1.000000  
108.183103 0.019024  0.016016  0.002264  0.804128  0.177779  0.567250  -0.590835  0.344183  0.729693  -0.065514  -0.921918  0.381805  -0.010154  -0.018014  -0.000664  0.200805  -0.068898  -0.039483  1.000000  
108.184354 0.019011  0.015986  0.002265  0.804135  0.177809  0.567231  -0.590840  0.344022  0.729765  -0.065381  -0.921972  0.381697  -0.009806  -0.018104  -0.000428  0.000000  0.000000  0.000000  1.000000  
108.185603 0.018999  0.015960  0.002267  0.804135  0.177740  0.567252  -0.590840  0.343933  0.729807  -0.065381  -0.922019  0.381585  -0.009306  -0.017878  -0.000130  0.000000  0.000000  0.000000  1.000000  
108.186604 0.018991  0.015943  0.002270  0.804257  0.177601  0.567124  -0.590675  0.343881  0.729965  -0.065381  -0.922065  0.381473  -0.008967  -0.017673  0.000100  0.000000  0.000000  0.000000  1.000000  
108.187605 0.018983  0.015929  0.002273  0.804250  0.177433  0.567186  -0.590670  0.343866  0.729977  -0.065514  -0.922103  0.381358  -0.008666  -0.017476  0.000250  0.000000  0.000000  0.000000  1.000000  
108.188606 0.018978  0.015916  0.002274  0.804250  0.177364  0.567208  -0.590670  0.343777  0.730018  -0.065514  -0.922149  0.381246  -0.008330  -0.017240  0.000240  0.000000  0.000000  0.000000  1.000000  
108.189853 0.018970  0.015899  0.002274  0.804250  0.177364  0.567208  -0.590670  0.343777  0.730018  -0.065514  -0.922149  0.381246  -0.007901  -0.016933  0.000260  0.000000  0.000000  0.000000  1.000000  
108.190854 0.018965  0.015888  0.002273  0.804242  0.177196  0.567270  -0.590664  0.343762  0.730030  -0.065648  -0.922187  0.381131  -0.007541  -0.016542  0.000240  0.000000  0.000000  0.000000  1.000000  
108.191880 0.018961  0.015878  0.002275  0.804364  0.177125  0.567120  -0.590499  0.343798  0.730146  -0.065648  -0.922187  0.381131  -0.007250  -0.016210  0.000518  0.000000  0.000000  0.000000  1.000000  
108.193108 0.018956  0.015865  0.002277  0.804364  0.177125  0.567120  -0.590499  0.343798  0.730146  -0.065648  -0.922187  0.381131  -0.007119  -0.015858  0.000760  0.000000  0.000000  0.000000  1.000000  
108.194358 0.018951  0.015852  0.002280  0.804357  0.177025  0.567161  -0.590494  0.343871  0.730116  -0.065781  -0.922179  0.381128  -0.007111  -0.015561  0.000889  0.000000  0.000000  0.000000  1.000000  
108.195359 0.018944  0.015839  0.002279  0.804479  0.177023  0.566989  -0.590328  0.343996  0.730191  -0.065781  -0.922133  0.381239  -0.007078  -0.015402  0.000816  0.000000  0.000000  0.000000  1.000000  
108.196606 0.018933  0.015819  0.002276  0.804471  0.176993  0.567009  -0.590323  0.344158  0.730119  -0.065915  -0.922079  0.381348  -0.007042  -0.015208  0.000720  0.000000  0.000000  0.000000  1.000000  
108.197607 0.018923  0.015802  0.002274  0.804471  0.177061  0.566988  -0.590323  0.344246  0.730078  -0.065915  -0.922032  0.381460  -0.006968  -0.014928  0.000677  0.000000  0.000000  0.000000  1.000000  
108.198853 0.018912  0.015781  0.002273  0.804464  0.177031  0.567007  -0.590318  0.344408  0.730006  -0.066048  -0.921978  0.381568  -0.006944  -0.014504  0.000618  0.000000  0.000000  0.000000  1.000000  
108.199853 0.018905  0.015766  0.002272  0.804579  0.176929  0.566877  -0.590147  0.344606  0.730050  -0.066182  -0.921923  0.381677  -0.006779  -0.013971  0.000483  0.000000  0.000000  0.000000  1.000000  
108.200854 0.018899  0.015754  0.002272  0.804693  0.176896  0.566725  -0.589976  0.344892  0.730053  -0.066315  -0.921823  0.381897  -0.006523  -0.013382  0.000265  0.000000  0.000000  0.000000  1.000000  
108.202104 0.018892  0.015743  0.002269  0.804800  0.176764  0.566614  -0.589800  0.345252  0.730026  -0.066582  -0.921714  0.382114  -0.006318  -0.012865  -0.000153  0.000000  0.000000  0.000000  1.000000  
108.203356 0.018884  0.015731  0.002265  0.804914  0.176730  0.566462  -0.589629  0.345538  0.730028  -0.066716  -0.921613  0.382334  -0.006314  -0.012509  -0.000596  0.000000  0.000000  0.000000  1.000000  
108.204603 0.018878  0.015721  0.002261  0.805014  0.176498  0.566393  -0.589447  0.345970  0.729970  -0.067116  -0.921495  0.382547  -0.006221  -0.012137  -0.000856  0.000000  0.000000  0.000000  1.000000  
108.205720 0.018874  0.015712  0.002259  0.805121  0.176434  0.566261  -0.589271  0.346418  0.729901  -0.067383  -0.921339  0.382876  -0.006127  -0.011806  -0.000952  0.000000  0.000000  0.000000  1.000000  
108.206856 0.018867  0.015702  0.002257  0.805341  0.176199  0.566020  -0.588923  0.346974  0.729917  -0.067784  -0.921175  0.383200  -0.006257  -0.011757  -0.001224  0.000000  0.000000  0.000000  1.000000  
108.208113 0.018859  0.015690  0.002253  0.805441  0.176104  0.565909  -0.588741  0.347583  0.729774  -0.068184  -0.920963  0.383637  -0.006526  -0.011750  -0.001673  0.000000  0.000000  0.000000  1.000000  
108.209357 0.018846  0.015674  0.002249  0.805653  0.175837  0.565689  -0.588388  0.348300  0.729717  -0.068718  -0.920743  0.384070  -0.006983  -0.011899  -0.002065  0.000000  0.000000  0.000000  1.000000  
108.210360 0.018835  0.015660  0.002244  0.805866  0.175570  0.565469  -0.588034  0.349017  0.729659  -0.069252  -0.920523  0.384502  -0.007292  -0.011897  -0.002329  0.000000  0.000000  0.000000  1.000000  
108.211610 0.018822  0.015641  0.002237  0.806070  0.175271  0.565270  -0.587675  0.349895  0.729528  -0.069920  -0.920247  0.385042  -0.007402  -0.011812  -0.002632  -0.109780  0.057670  -0.184741  1.000000  
108.212920 0.018808  0.015623  0.002230  0.806395  0.174900  0.564922  -0.587149  0.350808  0.729513  -0.070587  -0.919970  0.385582  -0.007425  -0.011503  -0.002919  -0.132505  0.067948  -0.213022  1.000000  
108.214107 0.018797  0.015607  0.002225  0.806598  0.174669  0.564703  -0.586789  0.351773  0.729338  -0.071254  -0.919645  0.386233  -0.007531  -0.011277  -0.003181  -0.160355  0.070392  -0.243736  1.000000  
108.215356 0.018787  0.015594  0.002219  0.806793  0.174338  0.564527  -0.586424  0.352809  0.729132  -0.072055  -0.919311  0.386880  -0.007677  -0.011057  -0.003535  -0.187879  0.072664  -0.273976  1.000000  
108.216356 0.018779  0.015584  0.002213  0.806996  0.174037  0.564331  -0.586063  0.353685  0.728998  -0.072722  -0.919031  0.387419  -0.007881  -0.011019  -0.003893  -0.209592  0.076038  -0.297598  1.000000  
108.217604 0.018768  0.015573  0.002203  0.807302  0.173533  0.564048  -0.585524  0.354828  0.728875  -0.073656  -0.918686  0.388061  -0.008085  -0.010981  -0.004252  -0.236842  0.078255  -0.327591  1.000000  
108.218853 0.018757  0.015561  0.002194  0.807479  0.173069  0.563937  -0.585145  0.356095  0.728561  -0.074724  -0.918283  0.388810  -0.008335  -0.011063  -0.004643  -0.268131  0.076990  -0.365832  1.000000  
108.219854 0.018748  0.015551  0.002188  0.807550  0.172809  0.563915  -0.584943  0.357093  0.728235  -0.075524  -0.917944  0.389454  -0.008636  -0.011220  -0.004878  -0.294300  0.073446  -0.396525  1.000000  
108.221103 0.018736  0.015537  0.002180  0.807854  0.172371  0.563614  -0.584403  0.358322  0.728065  -0.076458  -0.917548  0.390206  -0.009144  -0.011490  -0.005231  -0.322589  0.081269  -0.425831  1.000000  
108.222353 0.018720  0.015522  0.002173  0.808027  0.171974  0.563486  -0.584022  0.359675  0.727704  -0.077525  -0.917093  0.391064  -0.009626  -0.011723  -0.005486  -0.354339  0.073557  -0.461447  1.000000  
108.223356 0.018705  0.015507  0.002165  0.808209  0.171540  0.563359  -0.583646  0.360778  0.727459  -0.078459  -0.916741  0.391702  -0.010107  -0.011958  -0.005827  -0.377456  0.073899  -0.495508  1.000000  
108.224626 0.018684  0.015488  0.002155  0.808500  0.171136  0.563063  -0.583098  0.362252  0.727166  -0.079526  -0.916235  0.392670  -0.010610  -0.012092  -0.006177  -0.415368  0.081052  -0.536387  1.000000  
108.225857 0.018665  0.015471  0.002146  0.808791  0.170799  0.562748  -0.582548  0.363812  0.726828  -0.080593  -0.915679  0.393747  -0.010998  -0.012080  -0.006373  -0.447408  0.078813  -0.570509  1.000000  
108.226866 0.018651  0.015459  0.002139  0.808969  0.170431  0.562603  -0.582171  0.365001  0.726534  -0.081527  -0.915275  0.394494  -0.011180  -0.011872  -0.006445  -0.474862  0.081475  -0.606092  1.000000  
108.228107 0.018634  0.015445  0.002131  0.809359  0.169886  0.562207  -0.581440  0.366825  0.726201  -0.082860  -0.914647  0.395671  -0.011578  -0.011658  -0.006644  -0.512876  0.090588  -0.653585  1.000000  
108.229355 0.018615  0.015433  0.002124  0.809627  0.169415  0.561963  -0.580875  0.368611  0.725748  -0.084193  -0.914015  0.396847  -0.012018  -0.011429  -0.006717  -0.548414  0.086983  -0.696476  1.000000  
108.230376 0.018602  0.015425  0.002119  0.809783  0.168982  0.561869  -0.580482  0.370114  0.725297  -0.085393  -0.913488  0.397804  -0.012413  -0.011292  -0.006616  -0.579192  0.085098  -0.734336  1.000000  
108.231611 0.018587  0.015417  0.002111  0.810038  0.168478  0.561652  -0.579908  0.372057  0.724762  -0.086860  -0.912792  0.399082  -0.012713  -0.011065  -0.006577  -0.618912  0.079581  -0.781577  1.000000  
108.232853 0.018572  0.015409  0.002103  0.810291  0.168041  0.561418  -0.579333  0.374084  0.724179  -0.088326  -0.912043  0.400469  -0.012961  -0.010811  -0.006508  -0.656992  0.075038  -0.817617  1.000000  
108.233853 0.018558  0.015400  0.002097  0.810443  0.167675  0.561309  -0.578937  0.375670  0.723674  -0.089525  -0.911459  0.401532  -0.013365  -0.010754  -0.006442  -0.688538  0.066685  -0.853163  1.000000  
108.235103 0.018540  0.015389  0.002090  0.810682  0.167068  0.561144  -0.578352  0.377676  0.723097  -0.091124  -0.910741  0.402799  -0.013773  -0.010624  -0.006405  -0.723436  0.062638  -0.895496  1.000000  
108.236103 0.018523  0.015379  0.002085  0.810949  0.166690  0.560871  -0.577787  0.379380  0.722657  -0.092323  -0.910102  0.403969  -0.014215  -0.010505  -0.006362  -0.761796  0.058098  -0.931258  1.000000  
108.237104 0.018507  0.015368  0.002079  0.811205  0.166212  0.560643  -0.577214  0.381153  0.722182  -0.093655  -0.909448  0.405133  -0.014486  -0.010393  -0.006367  -0.796585  0.055743  -0.969254  1.000000  
108.238356 0.018485  0.015354  0.002070  0.811427  0.165707  0.560471  -0.576618  0.383485  0.721423  -0.095387  -0.908560  0.406720  -0.014640  -0.010234  -0.006371  -0.837523  0.042790  -1.004986  1.000000  
108.239610 0.018463  0.015338  0.002059  0.811657  0.165233  0.560278  -0.576027  0.385656  0.720738  -0.096985  -0.907727  0.408199  -0.014751  -0.009995  -0.006401  -0.875813  0.035677  -1.044758  1.000000  
108.240854 0.018443  0.015326  0.002050  0.811981  0.164547  0.560010  -0.575252  0.388085  0.720052  -0.098849  -0.906815  0.409774  -0.014796  -0.009655  -0.006366  -0.911489  0.028911  -1.082670  1.000000  
108.241861 0.018429  0.015318  0.002044  0.812228  0.164132  0.559774  -0.574674  0.389935  0.719514  -0.100181  -0.906097  0.411038  -0.014802  -0.009368  -0.006337  -0.946367  0.025317  -1.114843  1.000000  
108.243107 0.018411  0.015309  0.002036  0.812428  0.163591  0.559642  -0.574063  0.392411  0.718655  -0.102044  -0.905125  0.412718  -0.014854  -0.008988  -0.006325  -0.991024  0.013958  -1.155887  1.000000  
108.244109 0.018397  0.015304  0.002030  0.812647  0.163044  0.559483  -0.573466  0.394483  0.717997  -0.103641  -0.904323  0.414076  -0.014822  -0.008727  -0.006394  -1.021493  0.004498  -1.190410  1.000000  
108.245359 0.018381  0.015299  0.002021  0.812936  0.162358  0.559263  -0.572667  0.397298  0.717082  -0.105770  -0.903213  0.415955  -0.014783  -0.008391  -0.006522  -1.064298  -0.002882  -1.237007  1.000000  
108.246605 0.018365  0.015295  0.002013  0.813102  0.161820  0.559177  -0.572033  0.400162  0.715994  -0.107899  -0.902045  0.417940  -0.014803  -0.008132  -0.006562  -1.116725  -0.023015  -1.278307  1.000000  
108.247615 0.018352  0.015290  0.002006  0.813313  0.161338  0.559010  -0.571431  0.402310  0.715272  -0.109495  -0.901175  0.419397  -0.014904  -0.008020  -0.006556  -1.151684  -0.029173  -1.305163  1.000000  
108.248853 0.018332  0.015281  0.001999  0.813707  0.160700  0.558620  -0.570457  0.405317  0.714350  -0.111623  -0.899941  0.421482  -0.015009  -0.007950  -0.006562  -1.200594  -0.028587  -1.339867  1.000000  
108.249853 0.018316  0.015273  0.001992  0.813899  0.160251  0.558470  -0.569843  0.407700  0.713485  -0.113351  -0.898944  0.423144  -0.015151  -0.007832  -0.006664  -1.239064  -0.030704  -1.373895  1.000000  
108.250854 0.018299  0.015266  0.001986  0.814192  0.159619  0.558223  -0.569049  0.410180  0.712696  -0.115212  -0.897928  0.424796  -0.015185  -0.007689  -0.006712  -1.284696  -0.039567  -1.416867  1.000000  
108.252104 0.018278  0.015255  0.001977  0.814456  0.159127  0.557978  -0.568236  0.413225  0.711585  -0.117338  -0.896618  0.426975  -0.015255  -0.007523  -0.006757  -1.335475  -0.044372  -1.455248  1.000000  
108.253354 0.018257  0.015245  0.001968  0.814703  0.158467  0.557806  -0.567411  0.416246  0.710481  -0.119597  -0.895337  0.429033  -0.015199  -0.007231  -0.006751  -1.378785  -0.052321  -1.489399  1.000000  
108.254603 0.018236  0.015236  0.001959  0.814958  0.158039  0.557555  -0.566593  0.419365  0.709300  -0.121722  -0.893956  0.431308  -0.015160  -0.006814  -0.006694  -1.430731  -0.063816  -1.525643  1.000000  
108.255688 0.018220  0.015231  0.001953  0.815235  0.157603  0.557272  -0.565791  0.422083  0.708327  -0.123581  -0.892753  0.433267  -0.015049  -0.006364  -0.006573  -1.472714  -0.071850  -1.560248  1.000000  
108.256856 0.018201  0.015226  0.001944  0.815454  0.157043  0.557111  -0.564948  0.425411  0.707007  -0.125970  -0.891271  0.435624  -0.015192  -0.006163  -0.006707  -1.527248  -0.082468  -1.602167  1.000000  
108.258123 0.018183  0.015220  0.001934  0.815769  0.156363  0.556841  -0.563924  0.428917  0.705705  -0.128492  -0.889708  0.438074  -0.015265  -0.006022  -0.006859  -1.581439  -0.093781  -1.645298  1.000000  
108.259359 0.018165  0.015216  0.001923  0.816078  0.155681  0.556580  -0.562897  0.432414  0.704390  -0.131013  -0.888134  0.440515  -0.015304  -0.005871  -0.007033  -1.632495  -0.102015  -1.688339  1.000000  
108.260609 0.018145  0.015210  0.001911  0.816380  0.154996  0.556328  -0.561866  0.435902  0.703062  -0.133532  -0.886547  0.442949  -0.015569  -0.005940  -0.007216  -1.677169  -0.111169  -1.720536  1.000000  
108.261856 0.018124  0.015202  0.001900  0.816775  0.154189  0.555971  -0.560653  0.439566  0.701748  -0.136184  -0.884877  0.445473  -0.015949  -0.006147  -0.007407  -1.728020  -0.111158  -1.771653  1.000000  
108.263102 0.018101  0.015193  0.001890  0.817049  0.153604  0.555732  -0.559604  0.443357  0.700198  -0.138834  -0.883086  0.448202  -0.016184  -0.006259  -0.007573  -1.782723  -0.118598  -1.810370  1.000000  
108.264108 0.018083  0.015185  0.001880  0.817377  0.153070  0.555396  -0.558594  0.446449  0.699040  -0.140954  -0.881620  0.450421  -0.016304  -0.006255  -0.007792  -1.827395  -0.117074  -1.846665  1.000000  
108.265355 0.018060  0.015175  0.001869  0.817752  0.152387  0.555032  -0.557369  0.450253  0.697576  -0.143603  -0.879801  0.453131  -0.016517  -0.006272  -0.008001  -1.881623  -0.124859  -1.884991  1.000000  
108.266603 0.018035  0.015166  0.001858  0.818201  0.151549  0.554599  -0.555950  0.454378  0.696031  -0.146515  -0.877823  0.456026  -0.016762  -0.006245  -0.008230  -1.941850  -0.124581  -1.937004  1.000000  
108.267606 0.018016  0.015158  0.001848  0.818495  0.150908  0.554340  -0.554919  0.457510  0.694801  -0.148765  -0.876305  0.458212  -0.016920  -0.006161  -0.008384  -1.979443  -0.130062  -1.970863  1.000000  
108.268853 0.017994  0.015150  0.001838  0.818910  0.149965  0.553982  -0.553480  0.461678  0.693190  -0.151807  -0.874279  0.461076  -0.017011  -0.006150  -0.008430  -2.030916  -0.134820  -2.018390  1.000000  
108.269854 0.017975  0.015144  0.001830  0.819174  0.149357  0.553757  -0.552431  0.465025  0.691789  -0.154187  -0.872608  0.463446  -0.017132  -0.006047  -0.008564  -2.082223  -0.140543  -2.066083  1.000000  
108.271104 0.017954  0.015140  0.001820  0.819572  0.148607  0.553370  -0.550982  0.469419  0.689974  -0.157227  -0.870380  0.466603  -0.017214  -0.005926  -0.008603  -2.145650  -0.139922  -2.113696  1.000000  
108.272104 0.017937  0.015135  0.001812  0.819786  0.147869  0.553250  -0.549902  0.472959  0.688416  -0.159869  -0.868588  0.469039  -0.017442  -0.005971  -0.008650  -2.188566  -0.148778  -2.153096  1.000000  
108.273355 0.017915  0.015130  0.001802  0.820147  0.147016  0.552943  -0.548432  0.477390  0.686528  -0.163038  -0.866305  0.472158  -0.017627  -0.005941  -0.008721  -2.255108  -0.158773  -2.204214  1.000000  
108.274633 0.017894  0.015125  0.001791  0.820496  0.146160  0.552651  -0.546956  0.481805  0.684619  -0.166206  -0.864003  0.475263  -0.017784  -0.005977  -0.008638  -2.303835  -0.157262  -2.245851  1.000000  
108.275859 0.017870  0.015116  0.001780  0.820778  0.145080  0.552517  -0.545437  0.486478  0.682523  -0.169767  -0.861563  0.478423  -0.018103  -0.006193  -0.008610  -2.364134  -0.168903  -2.303118  1.000000  
108.276864 0.017850  0.015109  0.001771  0.821051  0.144338  0.552306  -0.544158  0.490309  0.680801  -0.172535  -0.859514  0.481111  -0.018252  -0.006231  -0.008636  -2.409056  -0.175035  -2.344914  1.000000  
108.278108 0.017825  0.015099  0.001760  0.821440  0.143381  0.551977  -0.542471  0.495079  0.678692  -0.175961  -0.856936  0.484457  -0.018426  -0.006254  -0.008615  -2.467780  -0.179283  -2.396812  1.000000  
108.279355 0.017802  0.015089  0.001749  0.821796  0.142390  0.551703  -0.540764  0.499974  0.676461  -0.179516  -0.854254  0.487876  -0.018452  -0.006223  -0.008633  -2.527698  -0.192385  -2.449896  1.000000  
108.280373 0.017783  0.015084  0.001740  0.822170  0.141632  0.551342  -0.539314  0.503727  0.674833  -0.182148  -0.852173  0.490533  -0.018400  -0.006081  -0.008627  -2.568705  -0.189398  -2.488255  1.000000  
108.281604 0.017759  0.015076  0.001728  0.822521  0.140729  0.551048  -0.537609  0.508523  0.672593  -0.185567  -0.849470  0.493928  -0.018418  -0.005971  -0.008633  -2.622927  -0.197007  -2.528351  1.000000  
108.282853 0.017736  0.015069  0.001716  0.822728  0.139967  0.550933  -0.536054  0.513494  0.670053  -0.189116  -0.846601  0.497496  -0.018348  -0.005804  -0.008679  -2.685424  -0.211493  -2.580245  1.000000  
108.283853 0.017719  0.015065  0.001707  0.822876  0.139126  0.550925  -0.534703  0.517662  0.667921  -0.192268  -0.844198  0.500363  -0.018291  -0.005616  -0.008737  -2.736183  -0.222478  -2.628440  1.000000  
108.284853 0.017702  0.015062  0.001697  0.823058  0.138407  0.550835  -0.533376  0.521612  0.665906  -0.195156  -0.841882  0.503139  -0.018223  -0.005504  -0.008843  -2.782696  -0.234011  -2.679756  1.000000  
108.286104 0.017682  0.015059  0.001687  0.823489  0.136967  0.550551  -0.531252  0.526710  0.663587  -0.199091  -0.838938  0.506504  -0.018182  -0.005370  -0.008875  -2.822422  -0.239904  -2.738585  1.000000  
108.287104 0.017664  0.015056  0.001679  0.823625  0.136150  0.550549  -0.529900  0.530686  0.661497  -0.202106  -0.836562  0.509232  -0.018163  -0.005272  -0.008922  -2.874359  -0.249977  -2.787819  1.000000  
108.288356 0.017643  0.015053  0.001668  0.823745  0.135554  0.550517  -0.528300  0.535935  0.658538  -0.205774  -0.833306  0.513087  -0.018185  -0.005190  -0.008935  -2.933070  -0.266938  -2.820619  1.000000  
108.289603 0.017620  0.015048  0.001657  0.823959  0.134981  0.550338  -0.526524  0.541344  0.655530  -0.209438  -0.829896  0.517116  -0.018294  -0.005140  -0.008961  -3.005624  -0.280831  -2.863096  1.000000  
108.290853 0.017596  0.015043  0.001646  0.824025  0.134358  0.550391  -0.524896  0.546677  0.652402  -0.213231  -0.826494  0.521000  -0.018261  -0.004906  -0.008942  -3.076294  -0.303143  -2.907199  1.000000  
108.291872 0.017577  0.015038  0.001638  0.824115  0.133875  0.550375  -0.523523  0.550970  0.649889  -0.216236  -0.823717  0.524149  -0.018173  -0.004596  -0.008862  -3.133171  -0.323493  -2.939819  1.000000  
108.293108 0.017554  0.015034  0.001627  0.824236  0.133114  0.550378  -0.521697  0.556417  0.646709  -0.220154  -0.820171  0.528064  -0.018107  -0.004286  -0.008847  -3.201027  -0.347268  -2.984844  1.000000  
108.294356 0.017532  0.015031  0.001616  0.824233  0.132469  0.550538  -0.520033  0.561806  0.643382  -0.224067  -0.816594  0.531947  -0.017957  -0.003825  -0.008877  -3.260106  -0.369531  -3.025319  1.000000  
108.295358 0.017514  0.015030  0.001607  0.824287  0.131987  0.550572  -0.518644  0.566032  0.640793  -0.227065  -0.813749  0.535028  -0.017943  -0.003592  -0.008862  -3.308559  -0.392748  -3.058161  1.000000  
108.296606 0.017492  0.015027  0.001595  0.824361  0.131363  0.550611  -0.516798  0.571548  0.637379  -0.230973  -0.809985  0.539050  -0.017784  -0.003145  -0.008802  -3.372168  -0.419775  -3.090345  1.000000  
108.297610 0.017475  0.015027  0.001585  0.824260  0.130559  0.550954  -0.515317  0.576171  0.634410  -0.234616  -0.806834  0.542194  -0.017703  -0.002866  -0.008843  -3.427558  -0.448546  -3.130088  1.000000  
108.298853 0.017455  0.015026  0.001574  0.824117  0.130336  0.551220  -0.513813  0.581592  0.630672  -0.238386  -0.802971  0.546268  -0.017603  -0.002551  -0.008812  -3.493162  -0.484057  -3.144822  1.000000  
108.300103 0.017436  0.015026  0.001562  0.824037  0.129707  0.551488  -0.512115  0.586836  0.627186  -0.242283  -0.799250  0.549999  -0.017504  -0.002353  -0.008932  -3.552016  -0.517141  -3.176557  1.000000  
108.301103 0.017420  0.015025  0.001551  0.824087  0.129684  0.551419  -0.510736  0.591138  0.624263  -0.245008  -0.796077  0.553383  -0.017428  -0.002255  -0.009083  -3.593418  -0.529415  -3.181531  1.000000  
108.302104 0.017403  0.015022  0.001540  0.824205  0.129515  0.551282  -0.509167  0.595577  0.621319  -0.247860  -0.792789  0.556822  -0.017454  -0.002289  -0.009230  -3.647745  -0.535801  -3.193709  1.000000  
108.303357 0.017380  0.015018  0.001526  0.824322  0.129071  0.551212  -0.507131  0.601108  0.617646  -0.251618  -0.788676  0.560963  -0.017562  -0.002336  -0.009498  -3.716898  -0.552390  -3.220665  1.000000  
108.304603 0.017358  0.015013  0.001512  0.824259  0.128573  0.551422  -0.505223  0.606687  0.613743  -0.255630  -0.784474  0.565026  -0.017445  -0.002309  -0.009649  -3.775551  -0.580888  -3.246632  1.000000  
108.305659 0.017340  0.015009  0.001501  0.824385  0.128101  0.551343  -0.503435  0.611181  0.610747  -0.258733  -0.781056  0.568339  -0.017295  -0.002311  -0.009764  -3.819900  -0.586508  -3.254378  1.000000  
108.306856 0.017317  0.015003  0.001489  0.824526  0.127444  0.551285  -0.501193  0.616690  0.607042  -0.262608  -0.776822  0.572351  -0.017354  -0.002354  -0.009976  -3.869933  -0.597850  -3.278600  1.000000  
108.308110 0.017295  0.014999  0.001475  0.824780  0.126814  0.551049  -0.498793  0.622207  0.603377  -0.266350  -0.772514  0.576438  -0.017230  -0.002379  -0.010172  -3.926780  -0.609033  -3.293217  1.000000  
108.309359 0.017272  0.014995  0.001461  0.825016  0.126448  0.550781  -0.496388  0.627976  0.599371  -0.270088  -0.767891  0.580857  -0.017288  -0.002447  -0.010324  -3.991615  -0.618607  -3.312527  1.000000  
108.310361 0.017254  0.014992  0.001450  0.825288  0.125779  0.550526  -0.494240  0.632475  0.596407  -0.273178  -0.764300  0.584139  -0.017339  -0.002515  -0.010472  -4.029070  -0.621058  -3.335199  1.000000  
108.311616 0.017231  0.014987  0.001438  0.825425  0.125166  0.550461  -0.491786  0.638201  0.592323  -0.277166  -0.759627  0.588342  -0.017435  -0.002710  -0.010496  -4.091195  -0.635187  -3.363307  1.000000  
108.312861 0.017208  0.014983  0.001425  0.825673  0.124574  0.550223  -0.489174  0.643929  0.588273  -0.281021  -0.754876  0.592613  -0.017593  -0.002927  -0.010556  -4.141084  -0.638124  -3.382108  1.000000  
108.314121 0.017184  0.014979  0.001413  0.826034  0.123932  0.549827  -0.486406  0.649586  0.584335  -0.284742  -0.750119  0.596861  -0.017865  -0.003195  -0.010533  -4.190210  -0.624760  -3.400134  1.000000  
108.315362 0.017159  0.014973  0.001401  0.826373  0.123284  0.549463  -0.483631  0.655200  0.580356  -0.288460  -0.745328  0.601064  -0.018227  -0.003582  -0.010503  -4.247972  -0.622736  -3.411926  1.000000  
108.316608 0.017132  0.014964  0.001388  0.826724  0.122850  0.549031  -0.480871  0.660860  0.576217  -0.292045  -0.740386  0.605424  -0.018747  -0.004069  -0.010532  -4.313516  -0.618672  -3.419850  1.000000  
108.317609 0.017109  0.014955  0.001378  0.826764  0.122549  0.549039  -0.478846  0.665532  0.572515  -0.295242  -0.736240  0.608920  -0.018982  -0.004373  -0.010458  -4.350473  -0.622752  -3.437185  1.000000  
108.318609 0.017087  0.014946  0.001368  0.826859  0.122285  0.548955  -0.476858  0.669936  0.569028  -0.298181  -0.732279  0.612255  -0.019305  -0.004723  -0.010345  -4.390522  -0.627718  -3.456198  1.000000  
108.319615 0.017064  0.014936  0.001358  0.826906  0.122004  0.548946  -0.474845  0.674428  0.565393  -0.301245  -0.728191  0.615621  -0.019593  -0.005150  -0.010302  -4.410958  -0.627160  -3.461483  1.000000  
108.320859 0.017036  0.014924  0.001346  0.827152  0.121476  0.548692  -0.472048  0.679979  0.561071  -0.304942  -0.723100  0.619788  -0.019984  -0.005569  -0.010197  -4.454074  -0.622247  -3.477477  1.000000  
108.321862 0.017013  0.014915  0.001335  0.827242  0.121295  0.548597  -0.470069  0.684239  0.557541  -0.307744  -0.719100  0.623048  -0.020312  -0.005968  -0.010207  -4.475109  -0.619890  -3.484940  1.000000  
108.323114 0.016984  0.014902  0.001322  0.827391  0.121188  0.548396  -0.467453  0.689835  0.552825  -0.311307  -0.713752  0.627413  -0.020728  -0.006488  -0.010205  -4.526758  -0.612250  -3.490472  1.000000  
108.324359 0.016954  0.014889  0.001309  0.827579  0.120788  0.548199  -0.464642  0.695386  0.548221  -0.314992  -0.708413  0.631610  -0.021209  -0.007102  -0.010124  -4.564655  -0.609018  -3.506267  1.000000  
108.325374 0.016932  0.014879  0.001300  0.827684  0.120580  0.548087  -0.462463  0.699811  0.544420  -0.317911  -0.704078  0.634986  -0.021495  -0.007572  -0.010052  -4.597918  -0.603384  -3.512887  1.000000  
108.326608 0.016903  0.014866  0.001288  0.827834  0.120178  0.547949  -0.459644  0.705271  0.539741  -0.321587  -0.698678  0.639086  -0.021864  -0.008111  -0.009976  -4.632551  -0.595569  -3.522861  1.000000  
108.327615 0.016879  0.014855  0.001279  0.827814  0.120116  0.547992  -0.457628  0.709598  0.535768  -0.324500  -0.694293  0.642384  -0.022270  -0.008698  -0.009868  -4.654776  -0.585617  -3.523844  1.000000  
108.328858 0.016848  0.014840  0.001269  0.828003  0.120009  0.547730  -0.454844  0.715007  0.530927  -0.327915  -0.688740  0.646613  -0.022711  -0.009342  -0.009788  -4.692227  -0.565151  -3.537972  1.000000  
108.329955 0.016823  0.014828  0.001261  0.828126  0.120030  0.547540  -0.452694  0.719260  0.527003  -0.330568  -0.684293  0.649975  -0.023031  -0.009861  -0.009670  -4.716777  -0.553293  -3.529024  1.000000  
108.331108 0.016789  0.014809  0.001249  0.828241  0.120039  0.547365  -0.449882  0.724810  0.521782  -0.334101  -0.678410  0.654321  -0.023615  -0.010528  -0.009602  -4.772782  -0.557950  -3.560198  1.000000  
108.332109 0.016762  0.014795  0.001242  0.828296  0.120046  0.547279  -0.447706  0.729095  0.517668  -0.336874  -0.673803  0.657652  -0.023926  -0.010989  -0.009412  -4.797737  -0.563108  -3.568645  1.000000  
108.333359 0.016728  0.014776  0.001233  0.828322  0.120087  0.547230  -0.445080  0.734290  0.512564  -0.340273  -0.668130  0.661677  -0.024292  -0.011504  -0.009135  -4.829023  -0.567289  -3.569070  1.000000  
108.334609 0.016694  0.014756  0.001224  0.828239  0.120416  0.547285  -0.442621  0.739532  0.507129  -0.343668  -0.662263  0.665807  -0.024666  -0.011973  -0.008906  -4.868487  -0.566262  -3.562891  1.000000  
108.335609 0.016668  0.014741  0.001217  0.828161  0.120581  0.547367  -0.440608  0.743670  0.502811  -0.346431  -0.657582  0.669007  -0.024930  -0.012387  -0.008699  -4.902665  -0.577535  -3.562626  1.000000  
108.336859 0.016634  0.014721  0.001208  0.828135  0.120765  0.547365  -0.437973  0.748838  0.497415  -0.349817  -0.651658  0.673030  -0.025269  -0.012896  -0.008485  -4.939023  -0.582885  -3.549371  1.000000  
108.337862 0.016608  0.014704  0.001200  0.828030  0.120937  0.547485  -0.435956  0.752897  0.493040  -0.352574  -0.646932  0.676145  -0.025507  -0.013422  -0.008249  -4.970666  -0.600532  -3.542102  1.000000  
108.339109 0.016576  0.014682  0.001190  0.827802  0.120691  0.547885  -0.433227  0.758005  0.487588  -0.356452  -0.640985  0.679765  -0.025692  -0.014030  -0.008138  -4.982823  -0.623535  -3.551683  1.000000  
108.340110 0.016550  0.014662  0.001183  0.827584  0.120723  0.548207  -0.431162  0.762063  0.483073  -0.359450  -0.636150  0.682722  -0.025853  -0.014634  -0.007931  -5.009338  -0.654305  -3.538107  1.000000  
108.341364 0.016516  0.014634  0.001175  0.827360  0.120195  0.548660  -0.428234  0.767072  0.477719  -0.363442  -0.630201  0.686117  -0.026207  -0.015691  -0.007664  -5.026659  -0.673161  -3.544421  1.000000  
108.342609 0.016481  0.014603  0.001168  0.827068  0.119844  0.549177  -0.425495  0.771904  0.472353  -0.367303  -0.624341  0.689410  -0.026509  -0.016795  -0.007455  -5.035156  -0.702221  -3.541243  1.000000  
108.343620 0.016453  0.014575  0.001162  0.826931  0.119372  0.549486  -0.423059  0.775805  0.468131  -0.370412  -0.619577  0.692039  -0.026802  -0.017948  -0.007230  -5.043355  -0.725922  -3.537866  1.000000  
108.344858 0.016415  0.014538  0.001154  0.826639  0.118672  0.550077  -0.420122  0.780486  0.462968  -0.374386  -0.613807  0.695037  -0.027316  -0.019443  -0.007130  -5.042083  -0.756615  -3.546355  1.000000  
108.346109 0.016376  0.014498  0.001149  0.826449  0.117653  0.550582  -0.416819  0.785252  0.457865  -0.378477  -0.607895  0.698011  -0.027489  -0.020908  -0.006690  -5.039152  -0.791730  -3.568085  1.000000  
108.347365 0.016336  0.014457  0.001144  0.826229  0.116776  0.551098  -0.413513  0.790071  0.452543  -0.382560  -0.601790  0.701068  -0.027908  -0.022412  -0.006393  -5.026481  -0.811215  -3.579371  1.000000  
108.348604 0.016294  0.014414  0.001140  0.825981  0.115842  0.551666  -0.410204  0.794775  0.447287  -0.386636  -0.595746  0.703988  -0.028459  -0.023839  -0.006067  -5.021623  -0.832525  -3.603036  1.000000  
108.349853 0.016252  0.014373  0.001138  0.825621  0.114949  0.552392  -0.407063  0.799289  0.442082  -0.390704  -0.589851  0.706701  -0.029044  -0.025302  -0.005632  -5.016782  -0.860912  -3.619616  1.000000  
108.351103 0.016207  0.014333  0.001135  0.825186  0.114266  0.553183  -0.403896  0.803993  0.436421  -0.394887  -0.583557  0.709595  -0.029827  -0.026716  -0.005251  -5.015694  -0.896910  -3.633350  1.000000  
108.352103 0.016170  0.014300  0.001133  0.824928  0.113375  0.553751  -0.401037  0.807780  0.432043  -0.398326  -0.578479  0.711828  -0.030541  -0.027767  -0.004835  -5.007492  -0.917540  -3.660513  1.000000  
108.353104 0.016130  0.014268  0.001133  0.824697  0.112494  0.554275  -0.398199  0.811440  0.427787  -0.401637  -0.573506  0.713987  -0.031419  -0.028798  -0.004275  -4.994273  -0.943036  -3.683297  1.000000  
108.354354 0.016078  0.014227  0.001135  0.824478  0.111480  0.554805  -0.394541  0.816068  0.422338  -0.405677  -0.567102  0.716813  -0.032693  -0.029937  -0.003528  -4.987105  -0.966974  -3.704230  1.000000  
108.355358 0.016035  0.014195  0.001140  0.824251  0.110817  0.555275  -0.391725  0.819708  0.417887  -0.408854  -0.561959  0.719055  -0.033958  -0.030941  -0.002704  -4.982963  -0.987362  -3.721289  1.000000  
108.356602 0.015977  0.014152  0.001146  0.824155  0.109651  0.555648  -0.387942  0.824080  0.412786  -0.412636  -0.555759  0.721708  -0.035485  -0.031788  -0.001785  -4.964269  -1.000470  -3.739973  1.000000  
108.357603 0.015929  0.014116  0.001153  0.823965  0.108832  0.556092  -0.384956  0.827653  0.408412  -0.415802  -0.550588  0.723852  -0.036875  -0.032493  -0.000984  -4.953773  -1.012676  -3.765463  1.000000  
108.358609 0.015878  0.014078  0.001162  0.823804  0.108019  0.556488  -0.381992  0.831104  0.404163  -0.418842  -0.545525  0.725929  -0.038327  -0.033156  -0.000035  -4.934473  -1.036551  -3.785212  1.000000  
108.359613 0.015826  0.014038  0.001171  0.823703  0.106971  0.556840  -0.378859  0.834490  0.400115  -0.421877  -0.540540  0.727899  -0.039962  -0.033855  0.001124  -4.926133  -1.055549  -3.825065  1.000000  
108.360856 0.015760  0.013987  0.001185  0.823372  0.106006  0.557513  -0.375221  0.838713  0.394677  -0.425755  -0.534157  0.730349  -0.041624  -0.034559  0.002323  -4.887493  -1.075793  -3.837503  1.000000  
108.362107 0.015694  0.013933  0.001200  0.823245  0.105073  0.557877  -0.371485  0.842808  0.389452  -0.429263  -0.527858  0.732871  -0.043367  -0.035448  0.003635  -4.854948  -1.088366  -3.851426  1.000000  
108.363357 0.015628  0.013879  0.001215  0.823066  0.104182  0.558308  -0.367943  0.846655  0.384438  -0.432643  -0.521844  0.735186  -0.045203  -0.036296  0.005079  -4.821287  -1.100695  -3.867921  1.000000  
108.364604 0.015562  0.013823  0.001230  0.822861  0.103501  0.558737  -0.364401  0.850587  0.379095  -0.436018  -0.515547  0.737631  -0.046782  -0.037324  0.006292  -4.789424  -1.110666  -3.889390  1.000000  
108.365604 0.015509  0.013778  0.001242  0.822709  0.103020  0.559050  -0.361703  0.853549  0.374999  -0.438545  -0.510725  0.739485  -0.047940  -0.038187  0.007288  -4.759926  -1.115240  -3.897331  1.000000  
108.366853 0.015444  0.013720  0.001258  0.822384  0.102259  0.559668  -0.358332  0.857180  0.369919  -0.441909  -0.504762  0.741574  -0.049166  -0.039335  0.008430  -4.716244  -1.132847  -3.908677  1.000000  
108.368103 0.015379  0.013662  0.001273  0.821760  0.102183  0.560597  -0.355447  0.860856  0.364123  -0.445386  -0.498484  0.743737  -0.050071  -0.040387  0.009295  -4.693688  -1.159196  -3.909799  1.000000  
108.369103 0.015327  0.013613  0.001284  0.821537  0.101963  0.560963  -0.352944  0.863653  0.359908  -0.447780  -0.493667  0.745511  -0.050912  -0.041626  0.010105  -4.673301  -1.158096  -3.896799  1.000000  
108.370355 0.015260  0.013553  0.001301  0.821241  0.101662  0.561452  -0.349816  0.867083  0.354676  -0.450769  -0.487679  0.747647  -0.051721  -0.042768  0.010721  -4.639707  -1.158946  -3.886001  1.000000  
108.371355 0.015205  0.013504  0.001314  0.820933  0.101396  0.561951  -0.347291  0.869834  0.350396  -0.453275  -0.482812  0.749289  -0.052381  -0.043911  0.011331  -4.623671  -1.157760  -3.873826  1.000000  
