1-Time 2-Px 3-Py 4-Pz 5-R11 6-R21 7-R31 8-R12 9-R22 10-R32 11-R13 12-R23 13-R33 14-Vx 15-Vy 16-Vz 17-Wx 18-Wy 19-Wz 20-state
7.723219 -0.043271  0.055428  -0.017380  0.901925  0.278301  0.330272  -0.427957  0.472889  0.770214  0.058170  -0.836017  0.545611  0.000000  0.000000  0.000000  0.000000  0.000000  0.000000  1.000000  
7.724296 -0.043271  0.055429  -0.017380  0.901925  0.278301  0.330272  -0.427957  0.472889  0.770214  0.058170  -0.836017  0.545611  0.000074  0.000469  -0.000170  0.000000  0.000000  0.000000  1.000000  
7.725302 -0.043263  0.055419  -0.017383  0.901925  0.278301  0.330272  -0.427957  0.472889  0.770214  0.058170  -0.836017  0.545611  0.004720  -0.005103  -0.002045  0.000000  0.000000  0.000000  1.000000  
7.726558 -0.043246  0.055399  -0.017390  0.901925  0.278301  0.330272  -0.427957  0.472889  0.770214  0.058170  -0.836017  0.545611  0.008434  -0.009759  -0.003492  0.000000  0.000000  0.000000  1.000000  
7.727798 -0.043224  0.055375  -0.017397  0.901925  0.278221  0.330339  -0.427957  0.472702  0.770328  0.058170  -0.836150  0.545408  0.011134  -0.012494  -0.004047  0.000000  0.000000  0.000000  1.000000  
7.729047 -0.043197  0.055347  -0.017405  0.901925  0.278061  0.330474  -0.427957  0.472328  0.770558  0.058170  -0.836414  0.545003  0.013484  -0.014732  -0.004634  0.000000  0.000000  0.000000  1.000000  
7.730061 -0.043170  0.055320  -0.017416  0.901925  0.277940  0.330575  -0.427957  0.472048  0.770729  0.058170  -0.836612  0.544698  0.015514  -0.016674  -0.005632  0.000000  0.000000  0.000000  1.000000  
7.731107 -0.043139  0.055287  -0.017429  0.902013  0.277723  0.330518  -0.427771  0.471824  0.770969  0.058170  -0.836811  0.544394  0.017527  -0.018687  -0.006588  0.000000  0.000000  0.000000  1.000000  
7.732294 -0.043094  0.055241  -0.017443  0.902094  0.277567  0.330428  -0.427582  0.471459  0.771297  0.058303  -0.837068  0.543983  0.020253  -0.021436  -0.007267  0.000000  0.000000  0.000000  1.000000  
7.733295 -0.043055  0.055202  -0.017453  0.902182  0.277390  0.330337  -0.427397  0.471329  0.771480  0.058303  -0.837200  0.543780  0.022199  -0.023167  -0.007496  0.000000  0.000000  0.000000  1.000000  
7.734296 -0.043014  0.055163  -0.017462  0.902277  0.277071  0.330344  -0.427214  0.471154  0.771688  0.058170  -0.837404  0.543480  0.023924  -0.024710  -0.007670  0.000000  0.000000  0.000000  1.000000  
7.735544 -0.042962  0.055111  -0.017475  0.902386  0.276510  0.330517  -0.427038  0.470980  0.771891  0.057769  -0.837687  0.543086  0.025786  -0.026448  -0.007969  0.000000  0.000000  0.000000  1.000000  
7.736608 -0.042920  0.055069  -0.017486  0.902488  0.276130  0.330556  -0.426859  0.470945  0.772011  0.057502  -0.837832  0.542891  0.026893  -0.027514  -0.008141  0.000000  0.000000  0.000000  1.000000  
7.737796 -0.042868  0.055015  -0.017499  0.902495  0.275949  0.330689  -0.426863  0.470806  0.772095  0.057368  -0.837970  0.542692  0.028264  -0.029032  -0.008382  0.000000  0.000000  0.000000  1.000000  
7.739045 -0.042816  0.054958  -0.017510  0.902685  0.275512  0.330536  -0.426497  0.470922  0.772226  0.057101  -0.838049  0.542599  0.030370  -0.031418  -0.008675  0.000000  0.000000  0.000000  1.000000  
7.740111 -0.042771  0.054910  -0.017517  0.902779  0.275273  0.330476  -0.426315  0.470933  0.772320  0.056967  -0.838121  0.542501  0.033215  -0.034370  -0.009041  0.000000  0.000000  0.000000  1.000000  
7.741296 -0.042714  0.054851  -0.017526  0.902867  0.275176  0.330317  -0.426129  0.470989  0.772388  0.056967  -0.838121  0.542501  0.035686  -0.036840  -0.009180  0.000000  0.000000  0.000000  1.000000  
7.742548 -0.042659  0.054790  -0.017535  0.902874  0.275035  0.330416  -0.426132  0.470943  0.772414  0.056834  -0.838193  0.542404  0.037976  -0.039294  -0.009305  0.000000  0.000000  0.000000  1.000000  
7.743558 -0.042615  0.054740  -0.017544  0.902874  0.274995  0.330449  -0.426132  0.470850  0.772471  0.056834  -0.838259  0.542302  0.039820  -0.041561  -0.009553  0.000000  0.000000  0.000000  1.000000  
7.744562 -0.042570  0.054687  -0.017553  0.902786  0.275092  0.330608  -0.426318  0.470793  0.772403  0.056834  -0.838259  0.542302  0.041143  -0.043336  -0.009515  0.000000  0.000000  0.000000  1.000000  
7.745805 -0.042511  0.054620  -0.017569  0.902685  0.275351  0.330669  -0.426497  0.470547  0.772454  0.057101  -0.838312  0.542192  0.042693  -0.045413  -0.009506  0.000000  0.000000  0.000000  1.000000  
7.747052 -0.042451  0.054551  -0.017586  0.902583  0.275571  0.330764  -0.426677  0.470207  0.772562  0.057368  -0.838431  0.541980  0.043568  -0.046761  -0.009690  0.000000  0.000000  0.000000  1.000000  
7.748055 -0.042402  0.054494  -0.017601  0.902393  0.275887  0.331018  -0.427042  0.469810  0.772602  0.057635  -0.838549  0.541769  0.044196  -0.048008  -0.010026  0.000000  0.000000  0.000000  1.000000  
7.749304 -0.042341  0.054420  -0.017621  0.902196  0.276264  0.331240  -0.427403  0.469271  0.772730  0.058036  -0.838727  0.541451  0.044867  -0.049637  -0.010614  0.000000  0.000000  0.000000  1.000000  
7.750304 -0.042292  0.054360  -0.017642  0.902006  0.276539  0.331528  -0.427768  0.468780  0.772826  0.058303  -0.838911  0.541137  0.045411  -0.050899  -0.011272  0.000000  0.000000  0.000000  1.000000  
7.751553 -0.042228  0.054283  -0.017671  0.901721  0.276972  0.331943  -0.428315  0.468090  0.772941  0.058704  -0.839153  0.540717  0.046285  -0.052588  -0.012408  0.208848  -0.001917  0.024030  1.000000  
7.752554 -0.042178  0.054221  -0.017696  0.901530  0.277247  0.332232  -0.428680  0.467598  0.773037  0.058971  -0.839337  0.540404  0.046799  -0.053754  -0.013375  0.215026  -0.008731  0.038657  1.000000  
7.753804 -0.042114  0.054143  -0.017728  0.901244  0.277678  0.332648  -0.429226  0.466907  0.773151  0.059372  -0.839579  0.539983  0.047577  -0.055202  -0.014755  0.227077  -0.018573  0.060260  1.000000  
7.755053 -0.042049  0.054063  -0.017758  0.900957  0.278109  0.333065  -0.429772  0.466215  0.773265  0.059772  -0.839821  0.539563  0.048307  -0.056719  -0.016127  0.244610  -0.028647  0.082840  1.000000  
7.756054 -0.041996  0.053998  -0.017783  0.900765  0.278423  0.333321  -0.430136  0.465816  0.773303  0.060039  -0.839938  0.539351  0.048732  -0.057816  -0.017290  0.253556  -0.035361  0.097880  1.000000  
7.757059 -0.041944  0.053933  -0.017808  0.900566  0.278798  0.333545  -0.430497  0.465274  0.773429  0.060440  -0.840114  0.539032  0.049755  -0.059566  -0.018641  0.262505  -0.039647  0.116681  1.000000  
7.758069 -0.041892  0.053869  -0.017831  0.900374  0.279151  0.333767  -0.430860  0.464969  0.773410  0.060707  -0.840166  0.538921  0.049705  -0.059851  -0.019666  0.255107  -0.046374  0.131678  1.000000  
7.759302 -0.041827  0.053790  -0.017858  0.900086  0.279621  0.334152  -0.431406  0.464369  0.773466  0.061108  -0.840341  0.538602  0.050319  -0.060721  -0.020520  0.254585  -0.056104  0.153152  1.000000  
7.760303 -0.041774  0.053726  -0.017878  0.899982  0.279879  0.334215  -0.431584  0.464120  0.773516  0.061375  -0.840393  0.538492  0.050793  -0.061532  -0.021158  0.244694  -0.057493  0.165583  1.000000  
7.761552 -0.041706  0.053646  -0.017900  0.899693  0.280429  0.334532  -0.432129  0.463708  0.773460  0.061776  -0.840437  0.538376  0.051308  -0.062271  -0.021486  0.236382  -0.075274  0.186636  1.000000  
7.762552 -0.041651  0.053582  -0.017916  0.899404  0.281019  0.334815  -0.432674  0.463388  0.773346  0.062176  -0.840416  0.538363  0.051795  -0.062806  -0.021630  0.227700  -0.091793  0.214387  1.000000  
7.763553 -0.041596  0.053516  -0.017929  0.899203  0.281473  0.334972  -0.433033  0.463032  0.773358  0.062577  -0.840461  0.538247  0.052140  -0.063221  -0.021403  0.220829  -0.099510  0.240709  1.000000  
7.764807 -0.041528  0.053435  -0.017946  0.898987  0.282171  0.334966  -0.433385  0.462672  0.773377  0.063245  -0.840425  0.538225  0.052567  -0.063717  -0.020983  0.206193  -0.105709  0.282032  1.000000  
7.766053 -0.041460  0.053351  -0.017962  0.898778  0.282725  0.335060  -0.433741  0.462267  0.773420  0.063779  -0.840462  0.538104  0.052897  -0.064170  -0.020231  0.199803  -0.108838  0.316636  1.000000  
7.767062 -0.041406  0.053284  -0.017977  0.898576  0.283220  0.335184  -0.434100  0.462003  0.773376  0.064179  -0.840440  0.538091  0.053179  -0.064582  -0.019448  0.192047  -0.108064  0.342261  1.000000  
7.768302 -0.041336  0.053197  -0.017995  0.898277  0.283828  0.335471  -0.434639  0.461445  0.773406  0.064713  -0.840542  0.537868  0.053549  -0.065156  -0.018622  0.197894  -0.119198  0.376142  1.000000  
7.769303 -0.041281  0.053127  -0.018011  0.897985  0.284376  0.335789  -0.435183  0.461029  0.773349  0.065114  -0.840585  0.537752  0.053847  -0.065630  -0.017940  0.200058  -0.138549  0.409952  1.000000  
7.770551 -0.041211  0.053036  -0.018033  0.897692  0.284883  0.336141  -0.435726  0.460518  0.773347  0.065514  -0.840693  0.537534  0.054181  -0.066420  -0.017495  0.208290  -0.150893  0.436525  1.000000  
7.771801 -0.041143  0.052944  -0.018057  0.897399  0.285389  0.336494  -0.436269  0.460007  0.773346  0.065915  -0.840801  0.537316  0.054311  -0.067081  -0.017051  0.213643  -0.158603  0.462612  1.000000  
7.772801 -0.041089  0.052868  -0.018078  0.897203  0.285658  0.336787  -0.436630  0.459509  0.773437  0.066182  -0.840982  0.537000  0.054424  -0.067815  -0.016801  0.228625  -0.166813  0.481614  1.000000  
7.773853 -0.041034  0.052792  -0.018100  0.896910  0.286164  0.337140  -0.437173  0.458997  0.773435  0.066582  -0.841090  0.536782  0.054433  -0.068520  -0.016691  0.233220  -0.170919  0.499509  1.000000  
7.775053 -0.040966  0.052696  -0.018129  0.896525  0.286722  0.337688  -0.437899  0.458332  0.773418  0.066983  -0.841262  0.536461  0.054766  -0.069772  -0.017029  0.243111  -0.183858  0.518956  1.000000  
7.776054 -0.040911  0.052618  -0.018152  0.896230  0.287185  0.338077  -0.438441  0.457725  0.773471  0.067383  -0.841435  0.536141  0.054849  -0.070806  -0.017367  0.252202  -0.190714  0.533853  1.000000  
7.777306 -0.040842  0.052518  -0.018181  0.895935  0.287648  0.338466  -0.438983  0.457117  0.773523  0.067784  -0.841607  0.535820  0.054812  -0.072089  -0.017942  0.257318  -0.202486  0.541231  1.000000  
7.778308 -0.040789  0.052437  -0.018202  0.895647  0.288050  0.338885  -0.439528  0.456653  0.773488  0.068051  -0.841722  0.535606  0.054715  -0.073127  -0.018461  0.257885  -0.208430  0.544921  1.000000  
7.779553 -0.040722  0.052336  -0.018226  0.895261  0.288606  0.339433  -0.440253  0.455985  0.773469  0.068451  -0.841893  0.535285  0.054680  -0.074532  -0.019038  0.256799  -0.216042  0.551526  1.000000  
7.780553 -0.040668  0.052254  -0.018244  0.895063  0.288955  0.339658  -0.440614  0.455673  0.773448  0.068718  -0.841943  0.535173  0.054626  -0.075419  -0.019242  0.248895  -0.218591  0.547760  1.000000  
7.781803 -0.040601  0.052151  -0.018264  0.894675  0.289550  0.340173  -0.441338  0.455098  0.773374  0.069119  -0.842049  0.534954  0.054609  -0.076722  -0.019421  0.245434  -0.222099  0.555099  1.000000  
7.783051 -0.040535  0.052047  -0.018281  0.894369  0.290194  0.340429  -0.441874  0.454625  0.773345  0.069653  -0.842083  0.534832  0.054321  -0.077852  -0.019286  0.229500  -0.219897  0.558796  1.000000  
7.784091 -0.040484  0.051963  -0.018292  0.894162  0.290643  0.340590  -0.442230  0.454262  0.773355  0.070053  -0.842124  0.534715  0.053863  -0.078715  -0.019000  0.219071  -0.221580  0.562591  1.000000  
7.785303 -0.040420  0.051856  -0.018304  0.893855  0.291286  0.340847  -0.442766  0.453789  0.773327  0.070587  -0.842157  0.534592  0.053652  -0.079940  -0.018414  0.210124  -0.221156  0.569878  1.000000  
7.786552 -0.040356  0.051749  -0.018316  0.893547  0.291970  0.341068  -0.443301  0.453408  0.773243  0.071121  -0.842125  0.534572  0.053341  -0.081012  -0.017547  0.199484  -0.217300  0.570944  1.000000  
7.787553 -0.040305  0.051662  -0.018326  0.893347  0.292317  0.341294  -0.443660  0.453094  0.773222  0.071388  -0.842174  0.534460  0.053152  -0.081779  -0.016843  0.194474  -0.221487  0.570157  1.000000  
7.788811 -0.040241  0.051552  -0.018339  0.892956  0.292993  0.341738  -0.444383  0.452703  0.773036  0.071788  -0.842149  0.534444  0.053028  -0.082872  -0.015966  0.186912  -0.227173  0.573431  1.000000  
7.790055 -0.040178  0.051440  -0.018354  0.892655  0.293533  0.342059  -0.444921  0.452277  0.772975  0.072188  -0.842190  0.534327  0.052413  -0.083788  -0.014853  0.185039  -0.234960  0.581816  1.000000  
7.791303 -0.040116  0.051326  -0.018370  0.892355  0.294073  0.342380  -0.445460  0.451851  0.772914  0.072589  -0.842230  0.534209  0.052053  -0.084780  -0.014140  0.185262  -0.235041  0.581837  1.000000  
7.792556 -0.040053  0.051210  -0.018390  0.891961  0.294706  0.342861  -0.446181  0.451364  0.772783  0.072989  -0.842270  0.534091  0.051688  -0.085919  -0.013459  0.190022  -0.243271  0.581656  1.000000  
7.793809 -0.039990  0.051092  -0.018412  0.891576  0.295196  0.343441  -0.446907  0.450832  0.772674  0.073256  -0.842383  0.533876  0.051428  -0.087033  -0.013260  0.194758  -0.253994  0.577670  1.000000  
7.795044 -0.039926  0.050970  -0.018437  0.891089  0.295837  0.344152  -0.447811  0.450095  0.772580  0.073656  -0.842553  0.533554  0.051331  -0.088378  -0.013447  0.207513  -0.277628  0.584106  1.000000  
7.796046 -0.039874  0.050871  -0.018458  0.890795  0.296233  0.344574  -0.448353  0.449624  0.772540  0.073923  -0.842665  0.533339  0.051203  -0.089545  -0.013704  0.212180  -0.285852  0.583869  1.000000  
7.797294 -0.039809  0.050744  -0.018485  0.890408  0.296678  0.345190  -0.449077  0.448997  0.772484  0.074190  -0.842843  0.533022  0.051064  -0.091039  -0.014271  0.222889  -0.301490  0.581089  1.000000  
7.798297 -0.039757  0.050642  -0.018507  0.890011  0.297266  0.345707  -0.449797  0.448413  0.772405  0.074590  -0.842947  0.532801  0.051016  -0.092318  -0.014904  0.226190  -0.308193  0.587222  1.000000  
7.799544 -0.039692  0.050512  -0.018535  0.889521  0.297861  0.346456  -0.450699  0.447579  0.772362  0.074991  -0.843180  0.532376  0.051158  -0.093985  -0.015888  0.239530  -0.319936  0.594503  1.000000  
7.800546 -0.039639  0.050407  -0.018556  0.889122  0.298447  0.346974  -0.451418  0.446993  0.772282  0.075391  -0.843283  0.532156  0.051272  -0.095254  -0.016610  0.240218  -0.325803  0.598008  1.000000  
7.801793 -0.039573  0.050274  -0.018581  0.888714  0.299091  0.347465  -0.452131  0.446261  0.772288  0.075925  -0.843443  0.531827  0.051417  -0.096955  -0.017475  0.245047  -0.329385  0.605384  1.000000  
7.802794 -0.039519  0.050166  -0.018600  0.888407  0.299584  0.347824  -0.452666  0.445735  0.772278  0.076325  -0.843546  0.531606  0.051566  -0.098314  -0.018087  0.241694  -0.332948  0.612711  1.000000  
7.804046 -0.039452  0.050031  -0.018623  0.887998  0.300311  0.348243  -0.453379  0.445189  0.772175  0.076858  -0.843576  0.531482  0.051764  -0.100018  -0.018760  0.235418  -0.330069  0.614114  1.000000  
7.805050 -0.039399  0.049922  -0.018641  0.887690  0.300845  0.348566  -0.453913  0.444756  0.772111  0.077259  -0.843614  0.531363  0.051978  -0.101269  -0.019188  0.230054  -0.330735  0.616218  1.000000  
7.806301 -0.039332  0.049786  -0.018663  0.887288  0.301428  0.349085  -0.454630  0.444167  0.772028  0.077659  -0.843716  0.531142  0.052235  -0.102703  -0.019539  0.226291  -0.333283  0.612324  1.000000  
7.807311 -0.039279  0.049677  -0.018680  0.886886  0.302095  0.349531  -0.455346  0.443763  0.771838  0.078059  -0.843690  0.531125  0.052443  -0.103915  -0.019660  0.216625  -0.341875  0.620841  1.000000  
7.808551 -0.039213  0.049539  -0.018701  0.886483  0.302719  0.350014  -0.456062  0.443266  0.771701  0.078459  -0.843728  0.531006  0.052659  -0.105109  -0.019609  0.207532  -0.342705  0.623266  1.000000  
7.809797 -0.039145  0.049399  -0.018723  0.886173  0.303293  0.350301  -0.456595  0.442924  0.771582  0.078859  -0.843701  0.530989  0.052897  -0.106459  -0.019401  0.199715  -0.342800  0.623277  1.000000  
7.810800 -0.039092  0.049287  -0.018742  0.885862  0.303868  0.350588  -0.457128  0.442581  0.771464  0.079259  -0.843674  0.530972  0.053031  -0.107337  -0.019237  0.191821  -0.340452  0.626949  1.000000  
7.812052 -0.039024  0.049146  -0.018767  0.885467  0.304433  0.351097  -0.457847  0.442227  0.771240  0.079526  -0.843656  0.530961  0.053239  -0.108305  -0.019101  0.185511  -0.348145  0.624498  1.000000  
7.813296 -0.038956  0.049003  -0.018794  0.885061  0.305098  0.351543  -0.458561  0.441820  0.771049  0.079926  -0.843629  0.530944  0.053425  -0.109283  -0.019130  0.181235  -0.356905  0.626699  1.000000  
7.814298 -0.038901  0.048886  -0.018817  0.884759  0.305528  0.351930  -0.459098  0.441434  0.770950  0.080193  -0.843675  0.530830  0.053573  -0.110175  -0.019107  0.185474  -0.359278  0.622837  1.000000  
7.815298 -0.038846  0.048768  -0.018841  0.884352  0.306149  0.352413  -0.459812  0.440933  0.770812  0.080593  -0.843712  0.530711  0.053775  -0.111062  -0.019359  0.186773  -0.370920  0.630116  1.000000  
7.816546 -0.038774  0.048619  -0.018873  0.883944  0.306770  0.352896  -0.460525  0.440431  0.770673  0.080993  -0.843749  0.530591  0.054101  -0.112192  -0.019847  0.191667  -0.379155  0.630045  1.000000  
7.817793 -0.038702  0.048466  -0.018907  0.883441  0.307480  0.353537  -0.461419  0.439865  0.770462  0.081393  -0.843786  0.530472  0.054450  -0.113334  -0.020494  0.192987  -0.390801  0.637319  1.000000  
7.818798 -0.038645  0.048343  -0.018935  0.883117  0.308109  0.353799  -0.461945  0.439372  0.770428  0.081927  -0.843813  0.530346  0.054730  -0.114396  -0.021132  0.197325  -0.386105  0.644908  1.000000  
7.820049 -0.038572  0.048188  -0.018969  0.882602  0.308875  0.354415  -0.462833  0.438658  0.770302  0.082460  -0.843905  0.530118  0.055126  -0.115611  -0.021864  0.202702  -0.395312  0.655765  1.000000  
7.821294 -0.038499  0.048031  -0.019005  0.882086  0.309640  0.355032  -0.463721  0.437943  0.770175  0.082993  -0.843996  0.529890  0.055569  -0.117059  -0.022778  0.208149  -0.404633  0.666803  1.000000  
7.822295 -0.038440  0.047904  -0.019033  0.881770  0.310167  0.355357  -0.464250  0.437500  0.770108  0.083393  -0.844032  0.529769  0.056005  -0.118302  -0.023533  0.208387  -0.402327  0.670533  1.000000  
7.823296 -0.038381  0.047776  -0.019061  0.881347  0.310884  0.355778  -0.464955  0.436940  0.770000  0.083927  -0.844058  0.529643  0.056424  -0.119555  -0.024361  0.208642  -0.397583  0.677938  1.000000  
7.824297 -0.038320  0.047648  -0.019088  0.881030  0.311410  0.356103  -0.465483  0.436497  0.769932  0.084327  -0.844094  0.529523  0.056793  -0.120505  -0.024937  0.204841  -0.395330  0.681661  1.000000  
7.825550 -0.038245  0.047488  -0.019124  0.880607  0.312125  0.356525  -0.466188  0.435935  0.769824  0.084860  -0.844120  0.529396  0.057293  -0.121853  -0.025772  0.198098  -0.390386  0.687098  1.000000  
7.826551 -0.038186  0.047360  -0.019150  0.880182  0.312883  0.356908  -0.466891  0.435466  0.769663  0.085393  -0.844081  0.529372  0.057681  -0.122941  -0.026338  0.186713  -0.391561  0.698346  1.000000  
7.827553 -0.038127  0.047232  -0.019176  0.879863  0.313451  0.357196  -0.467419  0.435114  0.769542  0.085793  -0.844052  0.529354  0.058055  -0.123898  -0.026652  0.178205  -0.383318  0.698273  1.000000  
7.828569 -0.038068  0.047104  -0.019201  0.879544  0.314019  0.357483  -0.467946  0.434761  0.769421  0.086193  -0.844023  0.529336  0.058267  -0.124540  -0.026810  0.165617  -0.377400  0.694169  1.000000  
7.829802 -0.037993  0.046944  -0.019233  0.879117  0.314776  0.357867  -0.468648  0.434290  0.769260  0.086726  -0.843984  0.529311  0.058752  -0.125672  -0.026974  0.153281  -0.369570  0.694768  1.000000  
7.830851 -0.037933  0.046815  -0.019259  0.878797  0.315386  0.358116  -0.469175  0.434029  0.769086  0.087126  -0.843890  0.529395  0.058774  -0.125949  -0.026943  0.141062  -0.368906  0.693442  1.000000  
7.832055 -0.037859  0.046652  -0.019289  0.878466  0.316096  0.358303  -0.469695  0.433715  0.768946  0.087659  -0.843786  0.529472  0.059223  -0.127245  -0.026849  0.124208  -0.357854  0.687097  1.000000  
7.833299 -0.037784  0.046490  -0.019319  0.878037  0.316894  0.358648  -0.470396  0.433334  0.768732  0.088192  -0.843682  0.529550  0.059308  -0.127746  -0.026544  0.112363  -0.357945  0.687202  1.000000  
7.834548 -0.037710  0.046327  -0.019350  0.877694  0.317659  0.358810  -0.470910  0.432872  0.768678  0.088859  -0.843632  0.529518  0.059449  -0.128222  -0.026268  0.108117  -0.349734  0.687311  1.000000  
7.835549 -0.037650  0.046196  -0.019375  0.877372  0.318268  0.359059  -0.471435  0.432608  0.768504  0.089259  -0.843537  0.529602  0.059561  -0.128671  -0.026077  0.099942  -0.350285  0.689117  1.000000  
7.836800 -0.037575  0.046030  -0.019407  0.876931  0.319122  0.359380  -0.472129  0.432079  0.768376  0.089925  -0.843487  0.529570  0.059654  -0.129200  -0.025878  0.096304  -0.345737  0.696999  1.000000  
7.838047 -0.037499  0.045862  -0.019440  0.876488  0.319974  0.359701  -0.472823  0.431548  0.768248  0.090591  -0.843435  0.529538  0.059740  -0.129776  -0.025740  0.092588  -0.340909  0.704320  1.000000  
7.839296 -0.037423  0.045694  -0.019474  0.876045  0.320782  0.360061  -0.473515  0.430923  0.768172  0.091257  -0.843448  0.529403  0.059839  -0.130269  -0.025674  0.097008  -0.338466  0.707886  1.000000  
7.840571 -0.037346  0.045526  -0.019508  0.875504  0.321678  0.360579  -0.474388  0.430230  0.768022  0.091924  -0.843460  0.529268  0.059855  -0.130645  -0.025583  0.102822  -0.344522  0.720754  1.000000  
7.841799 -0.037271  0.045357  -0.019544  0.875058  0.322528  0.360900  -0.475079  0.429696  0.767894  0.092590  -0.843408  0.529235  0.060078  -0.131473  -0.025836  0.103222  -0.337601  0.732753  1.000000  
7.843049 -0.037195  0.045188  -0.019579  0.874623  0.323234  0.361323  -0.475776  0.429122  0.767784  0.093123  -0.843430  0.529107  0.060188  -0.132135  -0.026014  0.107594  -0.335162  0.736378  1.000000  
7.844051 -0.037135  0.045052  -0.019607  0.874176  0.324039  0.361683  -0.476466  0.428492  0.767708  0.093789  -0.843441  0.528971  0.060182  -0.132601  -0.026235  0.108512  -0.333888  0.751410  1.000000  
7.845057 -0.037075  0.044917  -0.019635  0.873739  0.324788  0.362067  -0.477161  0.428009  0.767545  0.094321  -0.843399  0.528944  0.060200  -0.133030  -0.026388  0.104735  -0.331455  0.755039  1.000000  
7.846070 -0.037015  0.044783  -0.019662  0.873400  0.325448  0.362293  -0.477677  0.427591  0.767457  0.094854  -0.843356  0.528917  0.060197  -0.133357  -0.026497  0.104957  -0.326490  0.762261  1.000000  
7.847298 -0.036942  0.044615  -0.019695  0.872951  0.326295  0.362614  -0.478365  0.427052  0.767329  0.095520  -0.843302  0.528884  0.060166  -0.133779  -0.026651  0.100554  -0.319524  0.764561  1.000000  
7.848547 -0.036869  0.044448  -0.019727  0.872500  0.327141  0.362936  -0.479053  0.426512  0.767200  0.096186  -0.843248  0.528849  0.059985  -0.133956  -0.026829  0.092807  -0.316999  0.767763  1.000000  
7.849795 -0.036798  0.044283  -0.019757  0.872037  0.328085  0.363195  -0.479734  0.425916  0.767106  0.096985  -0.843182  0.528808  0.059850  -0.134205  -0.026761  0.084700  -0.305678  0.770701  1.000000  
7.851044 -0.036727  0.044117  -0.019787  0.871585  0.328974  0.363477  -0.480420  0.425466  0.766925  0.097651  -0.843063  0.528876  0.059553  -0.134215  -0.026622  0.072215  -0.298393  0.771760  1.000000  
7.852045 -0.036670  0.043986  -0.019810  0.871242  0.329676  0.363663  -0.480933  0.425138  0.766786  0.098184  -0.842954  0.528950  0.059295  -0.134026  -0.026394  0.064392  -0.295015  0.774510  1.000000  
7.853294 -0.036601  0.043822  -0.019837  0.870887  0.330476  0.363787  -0.481439  0.424755  0.766681  0.098849  -0.842834  0.529018  0.058921  -0.133818  -0.026058  0.055544  -0.284398  0.768267  1.000000  
7.854297 -0.036545  0.043692  -0.019859  0.870532  0.331231  0.363951  -0.481945  0.424277  0.766627  0.099515  -0.842778  0.528982  0.058480  -0.133409  -0.025629  0.051798  -0.279158  0.776452  1.000000  
7.855545 -0.036476  0.043530  -0.019885  0.870076  0.332118  0.364232  -0.482629  0.423824  0.766448  0.100181  -0.842657  0.529049  0.058131  -0.133322  -0.025145  0.044154  -0.277289  0.779587  1.000000  
7.856800 -0.036408  0.043367  -0.019910  0.869608  0.333102  0.364452  -0.483307  0.423315  0.766303  0.100979  -0.842525  0.529108  0.057447  -0.132633  -0.024370  0.039909  -0.266701  0.783579  1.000000  
7.857857 -0.036353  0.043236  -0.019931  0.869262  0.333802  0.364637  -0.483817  0.422982  0.766164  0.101512  -0.842414  0.529182  0.056853  -0.131806  -0.023753  0.036231  -0.266792  0.784064  1.000000  
7.859046 -0.036285  0.043073  -0.019955  0.868804  0.334642  0.364958  -0.484500  0.422433  0.766036  0.102177  -0.842357  0.529145  0.056678  -0.131995  -0.023212  0.036592  -0.264201  0.787269  1.000000  
7.860049 -0.036231  0.042942  -0.019975  0.868444  0.335395  0.365122  -0.485003  0.421951  0.765983  0.102843  -0.842299  0.529109  0.056246  -0.131725  -0.022704  0.037582  -0.265183  0.798333  1.000000  
7.861077 -0.036178  0.042811  -0.019996  0.868097  0.336093  0.365308  -0.485512  0.421617  0.765844  0.103375  -0.842188  0.529182  0.055716  -0.131189  -0.022187  0.037572  -0.261342  0.801060  1.000000  
7.862324 -0.036111  0.042649  -0.020023  0.867648  0.336834  0.365691  -0.486200  0.421120  0.765681  0.103907  -0.842141  0.529152  0.055180  -0.130789  -0.021722  0.042641  -0.266992  0.804404  1.000000  
7.863578 -0.036046  0.042487  -0.020050  0.867174  0.337770  0.365951  -0.486873  0.420511  0.765588  0.104706  -0.842070  0.529108  0.054761  -0.130443  -0.021465  0.047132  -0.262018  0.811668  1.000000  
7.864827 -0.035980  0.042326  -0.020079  0.866724  0.338464  0.366376  -0.487559  0.419919  0.765476  0.105238  -0.842087  0.528976  0.054375  -0.130060  -0.021308  0.051563  -0.262086  0.811781  1.000000  
7.866043 -0.035915  0.042166  -0.020106  0.866261  0.339301  0.366698  -0.488238  0.419364  0.765348  0.105903  -0.842027  0.528938  0.054161  -0.130072  -0.021255  0.056303  -0.263558  0.813427  1.000000  
7.867044 -0.035863  0.042039  -0.020127  0.865809  0.340038  0.367081  -0.488923  0.418863  0.765185  0.106436  -0.841979  0.528908  0.053852  -0.129824  -0.021173  0.057318  -0.269265  0.816894  1.000000  
7.868045 -0.035811  0.041912  -0.020147  0.865470  0.340636  0.367328  -0.489437  0.418579  0.765012  0.106835  -0.841878  0.528987  0.053545  -0.129519  -0.021025  0.053585  -0.271563  0.813123  1.000000  
7.869297 -0.035746  0.041754  -0.020172  0.865004  0.341470  0.367650  -0.490114  0.418021  0.764883  0.107500  -0.841818  0.528949  0.053243  -0.129194  -0.020888  0.049751  -0.270355  0.812265  1.000000  
7.870301 -0.035695  0.041629  -0.020190  0.864663  0.342067  0.367896  -0.490627  0.417736  0.764710  0.107899  -0.841717  0.529028  0.052905  -0.128783  -0.020704  0.041250  -0.267104  0.805427  1.000000  
7.871543 -0.035632  0.041473  -0.020211  0.864310  0.342761  0.368080  -0.491132  0.417395  0.764572  0.108431  -0.841604  0.529099  0.052615  -0.128387  -0.020368  0.037192  -0.264690  0.798380  1.000000  
7.872544 -0.035582  0.041349  -0.020227  0.863956  0.343455  0.368265  -0.491637  0.417053  0.764434  0.108963  -0.841490  0.529171  0.052352  -0.128031  -0.020087  0.028713  -0.256490  0.798451  1.000000  
7.873550 -0.035532  0.041226  -0.020241  0.863614  0.344051  0.368510  -0.492149  0.416766  0.764261  0.109362  -0.841389  0.529249  0.052001  -0.127403  -0.019695  0.025046  -0.259577  0.797097  1.000000  
7.874553 -0.035482  0.041102  -0.020255  0.863259  0.344744  0.368695  -0.492653  0.416423  0.764123  0.109894  -0.841275  0.529320  0.051710  -0.126963  -0.019299  0.016567  -0.255309  0.787131  1.000000  
7.875797 -0.035420  0.040948  -0.020272  0.862802  0.345567  0.368994  -0.493335  0.416101  0.763859  0.110426  -0.841097  0.529493  0.051537  -0.126685  -0.018755  0.008277  -0.256485  0.783109  1.000000  
7.876799 -0.035370  0.040826  -0.020285  0.862446  0.346259  0.369178  -0.493838  0.415756  0.763722  0.110958  -0.840982  0.529563  0.051302  -0.126089  -0.018235  0.004531  -0.256184  0.782422  1.000000  
7.878046 -0.035308  0.040673  -0.020302  0.861987  0.347082  0.369477  -0.494519  0.415432  0.763458  0.111490  -0.840803  0.529735  0.051040  -0.125497  -0.017545  -0.002544  -0.259718  0.779590  1.000000  
7.879046 -0.035259  0.040551  -0.020315  0.861541  0.347761  0.369879  -0.495206  0.415071  0.763209  0.111889  -0.840701  0.529814  0.050838  -0.125041  -0.016950  -0.006290  -0.262026  0.775837  1.000000  
7.880050 -0.035210  0.040430  -0.020329  0.861196  0.348355  0.370123  -0.495715  0.414780  0.763036  0.112287  -0.840599  0.529891  0.050559  -0.124503  -0.016374  -0.010033  -0.271258  0.770730  1.000000  
7.881294 -0.035148  0.040279  -0.020346  0.860748  0.349078  0.370483  -0.496402  0.414509  0.762737  0.112686  -0.840432  0.530071  0.050197  -0.123670  -0.015582  -0.013769  -0.275930  0.763299  1.000000  
7.882294 -0.035099  0.040158  -0.020361  0.860402  0.349671  0.370727  -0.496911  0.414218  0.762564  0.113085  -0.840330  0.530149  0.050018  -0.123191  -0.015158  -0.013469  -0.278199  0.759494  1.000000  
7.883543 -0.035037  0.040007  -0.020380  0.859940  0.350447  0.371067  -0.497589  0.413797  0.762350  0.113617  -0.840214  0.530219  0.049842  -0.122786  -0.014834  -0.013085  -0.280481  0.755735  1.000000  
7.884543 -0.034989  0.039886  -0.020396  0.859606  0.350942  0.371372  -0.498104  0.413560  0.762142  0.113883  -0.840124  0.530304  0.049623  -0.122417  -0.014618  -0.011989  -0.288566  0.745570  1.000000  
7.885543 -0.034940  0.039765  -0.020413  0.859156  0.351619  0.371773  -0.498789  0.413194  0.761892  0.114281  -0.840021  0.530382  0.049515  -0.122242  -0.014589  -0.014995  -0.296643  0.745428  1.000000  
7.886545 -0.034892  0.039644  -0.020430  0.858719  0.352198  0.372235  -0.499481  0.412884  0.761607  0.114547  -0.839931  0.530467  0.049313  -0.121874  -0.014577  -0.014773  -0.308634  0.736568  1.000000  
7.887793 -0.034832  0.039493  -0.020452  0.858267  0.352875  0.372635  -0.500165  0.412516  0.761358  0.114946  -0.839827  0.530545  0.049171  -0.121655  -0.014766  -0.013631  -0.314724  0.731772  1.000000  
7.888798 -0.034783  0.039372  -0.020469  0.857815  0.353596  0.372992  -0.500848  0.412240  0.761058  0.115345  -0.839659  0.530724  0.049081  -0.121528  -0.014965  -0.021516  -0.321347  0.728713  1.000000  
7.890047 -0.034723  0.039221  -0.020491  0.857259  0.354356  0.373549  -0.501708  0.411798  0.760731  0.115743  -0.839556  0.530801  0.048921  -0.121302  -0.015271  -0.023531  -0.334923  0.722439  1.000000  
7.891055 -0.034675  0.039101  -0.020507  0.856805  0.355077  0.373905  -0.502390  0.411520  0.760431  0.116142  -0.839388  0.530979  0.048760  -0.121021  -0.015516  -0.026529  -0.343179  0.722910  1.000000  
7.892299 -0.034615  0.038950  -0.020526  0.856234  0.355978  0.374356  -0.503240  0.411111  0.760090  0.116674  -0.839206  0.531150  0.048676  -0.120942  -0.015675  -0.033506  -0.348864  0.726639  1.000000  
7.893547 -0.034555  0.038800  -0.020546  0.855675  0.356782  0.374868  -0.504097  0.410758  0.759713  0.117072  -0.839038  0.531328  0.048603  -0.120836  -0.015804  -0.040432  -0.361701  0.719064  1.000000  
7.894795 -0.034495  0.038649  -0.020563  0.855011  0.357671  0.375536  -0.505130  0.410330  0.759259  0.117471  -0.838869  0.531507  0.048482  -0.120756  -0.015874  -0.050721  -0.375558  0.722575  1.000000  
7.896050 -0.034434  0.038499  -0.020581  0.854450  0.358519  0.376003  -0.505986  0.410066  0.758831  0.117870  -0.838636  0.531786  0.048368  -0.120596  -0.015879  -0.062884  -0.385256  0.716352  1.000000  
7.897293 -0.034374  0.038348  -0.020598  0.853888  0.359322  0.376513  -0.506841  0.409709  0.758453  0.118268  -0.838467  0.531964  0.048297  -0.120665  -0.015756  -0.065817  -0.395789  0.712621  1.000000  
7.898293 -0.034327  0.038227  -0.020612  0.853534  0.359956  0.376711  -0.507344  0.409499  0.758230  0.118667  -0.838297  0.532142  0.048191  -0.120640  -0.015750  -0.073684  -0.395675  0.712652  1.000000  
7.899543 -0.034266  0.038077  -0.020633  0.852971  0.360803  0.377177  -0.508198  0.409232  0.757803  0.119065  -0.838064  0.532422  0.048180  -0.120590  -0.015765  -0.084797  -0.403735  0.712586  1.000000  
7.900543 -0.034219  0.037957  -0.020650  0.852629  0.361340  0.377434  -0.508708  0.409077  0.757543  0.119331  -0.837907  0.532608  0.048124  -0.120530  -0.015795  -0.087127  -0.408426  0.706684  1.000000  
7.901544 -0.034171  0.037837  -0.020668  0.852287  0.361877  0.377692  -0.509218  0.408923  0.757284  0.119597  -0.837751  0.532794  0.048109  -0.120519  -0.015841  -0.092412  -0.410602  0.701240  1.000000  
7.902793 -0.034110  0.037685  -0.020692  0.851721  0.362724  0.378156  -0.510070  0.408653  0.756856  0.119995  -0.837517  0.533073  0.048063  -0.120506  -0.015952  -0.099442  -0.418642  0.701243  1.000000  
7.904050 -0.034050  0.037532  -0.020716  0.851168  0.363428  0.378724  -0.510930  0.408348  0.756441  0.120261  -0.837360  0.533259  0.048051  -0.120591  -0.016116  -0.100794  -0.431310  0.695245  1.000000  
7.905294 -0.033989  0.037380  -0.020743  0.850614  0.364178  0.379248  -0.511789  0.408133  0.755976  0.120526  -0.837139  0.533546  0.048167  -0.120782  -0.016511  -0.102919  -0.449789  0.691417  1.000000  
7.906543 -0.033927  0.037227  -0.020770  0.850046  0.364978  0.379754  -0.512640  0.407767  0.755597  0.120925  -0.836969  0.533723  0.048241  -0.120939  -0.016959  -0.101772  -0.457732  0.691383  1.000000  
7.907549 -0.033878  0.037104  -0.020792  0.849595  0.365552  0.380210  -0.513323  0.407443  0.755308  0.121191  -0.836877  0.533807  0.048360  -0.121064  -0.017439  -0.103092  -0.460322  0.685726  1.000000  
7.908550 -0.033828  0.036981  -0.020815  0.849264  0.365991  0.380526  -0.513839  0.407342  0.755011  0.121323  -0.836733  0.534002  0.048459  -0.121228  -0.018045  -0.105346  -0.464582  0.680104  1.000000  
7.909799 -0.033765  0.036827  -0.020843  0.848799  0.366706  0.380876  -0.514513  0.407049  0.754710  0.121722  -0.836563  0.534178  0.048666  -0.121494  -0.018743  -0.106635  -0.467303  0.674641  1.000000  
7.911043 -0.033700  0.036673  -0.020872  0.848347  0.367325  0.381286  -0.515195  0.406814  0.754372  0.121987  -0.836406  0.534364  0.048955  -0.121797  -0.019434  -0.106380  -0.469513  0.670926  1.000000  
7.912052 -0.033649  0.036550  -0.020895  0.847895  0.367898  0.381740  -0.515876  0.406487  0.754082  0.122253  -0.836313  0.534448  0.049116  -0.121827  -0.020172  -0.105284  -0.477488  0.670671  1.000000  
7.913313 -0.033585  0.036396  -0.020924  0.847548  0.368432  0.381994  -0.516383  0.406326  0.753822  0.122519  -0.836156  0.534633  0.049387  -0.121938  -0.020836  -0.109826  -0.476163  0.659195  1.000000  
7.914543 -0.033520  0.036243  -0.020953  0.847095  0.369097  0.382358  -0.517063  0.406180  0.753434  0.122784  -0.835934  0.534919  0.049771  -0.122280  -0.021418  -0.116057  -0.478086  0.657900  1.000000  
7.915544 -0.033469  0.036120  -0.020976  0.846747  0.369632  0.382612  -0.517569  0.406018  0.753174  0.123050  -0.835776  0.535105  0.050026  -0.122457  -0.021781  -0.122483  -0.472718  0.652255  1.000000  
7.916560 -0.033417  0.035998  -0.020997  0.846506  0.370036  0.382755  -0.517901  0.405840  0.753042  0.123315  -0.835684  0.535188  0.050215  -0.122475  -0.021985  -0.123816  -0.463194  0.640799  1.000000  
7.917800 -0.033353  0.035845  -0.021024  0.846051  0.370700  0.383118  -0.518580  0.405693  0.752654  0.123581  -0.835461  0.535474  0.050543  -0.122602  -0.022211  -0.127691  -0.465555  0.637361  1.000000  
7.919045 -0.033287  0.035694  -0.021051  0.845823  0.371102  0.383232  -0.518920  0.405755  0.752386  0.123714  -0.835252  0.535769  0.050883  -0.122609  -0.022323  -0.138157  -0.452921  0.618936  1.000000  
7.920052 -0.033235  0.035572  -0.021072  0.845474  0.371636  0.383484  -0.519425  0.405591  0.752126  0.123979  -0.835094  0.535954  0.051066  -0.122493  -0.022330  -0.138745  -0.449358  0.611532  1.000000  
7.921297 -0.033169  0.035421  -0.021100  0.845246  0.371991  0.383642  -0.519764  0.405562  0.751907  0.124112  -0.834950  0.536148  0.051371  -0.122377  -0.022389  -0.141017  -0.439096  0.589222  1.000000  
7.922300 -0.033117  0.035300  -0.021122  0.844911  0.372430  0.383955  -0.520278  0.405456  0.751609  0.124245  -0.834806  0.536341  0.051527  -0.122363  -0.022373  -0.145761  -0.435513  0.581691  1.000000  
7.923311 -0.033064  0.035179  -0.021145  0.844682  0.372785  0.384113  -0.520617  0.405427  0.751390  0.124377  -0.834662  0.536535  0.051756  -0.122052  -0.022344  -0.147204  -0.428477  0.566640  1.000000  
7.924552 -0.032997  0.035029  -0.021174  0.844347  0.373270  0.384380  -0.521130  0.405411  0.751043  0.124510  -0.834453  0.536829  0.052060  -0.121860  -0.022426  -0.153656  -0.415884  0.548256  1.000000  
7.925799 -0.032929  0.034879  -0.021203  0.844104  0.373720  0.384477  -0.521460  0.405322  0.750862  0.124776  -0.834294  0.537014  0.052308  -0.121592  -0.022438  -0.151920  -0.400852  0.533616  1.000000  
7.927046 -0.032861  0.034729  -0.021232  0.843767  0.374112  0.384834  -0.521972  0.405123  0.750613  0.124908  -0.834215  0.537106  0.052579  -0.121473  -0.022481  -0.149339  -0.393955  0.518634  1.000000  
7.928053 -0.032806  0.034608  -0.021255  0.843430  0.374551  0.385145  -0.522484  0.405015  0.750315  0.125041  -0.834071  0.537299  0.052817  -0.121314  -0.022457  -0.149145  -0.398576  0.511037  1.000000  
7.929295 -0.032738  0.034458  -0.021284  0.843187  0.374954  0.385287  -0.522814  0.404835  0.750183  0.125307  -0.833978  0.537382  0.053060  -0.120989  -0.022427  -0.143358  -0.383591  0.496346  1.000000  
7.930301 -0.032682  0.034338  -0.021306  0.842957  0.375309  0.385443  -0.523152  0.404803  0.749964  0.125439  -0.833833  0.537576  0.053277  -0.120744  -0.022398  -0.144057  -0.380021  0.488841  1.000000  
7.931542 -0.032613  0.034189  -0.021333  0.842727  0.375617  0.385645  -0.523490  0.404681  0.749794  0.125572  -0.833754  0.537668  0.053687  -0.120704  -0.022396  -0.139586  -0.373550  0.477562  1.000000  
7.932543 -0.032557  0.034071  -0.021353  0.842483  0.376020  0.385786  -0.523820  0.404499  0.749662  0.125838  -0.833660  0.537750  0.053888  -0.120320  -0.022271  -0.137072  -0.361965  0.470256  1.000000  
7.933793 -0.032488  0.033924  -0.021378  0.842361  0.376245  0.385834  -0.523984  0.404454  0.749572  0.125970  -0.833581  0.537842  0.054208  -0.120008  -0.022195  -0.132214  -0.343710  0.448118  1.000000  
7.935044 -0.032418  0.033777  -0.021403  0.842117  0.376694  0.385929  -0.524313  0.404363  0.749391  0.126236  -0.833422  0.538026  0.054493  -0.119708  -0.022058  -0.132517  -0.323318  0.437138  1.000000  
7.936049 -0.032362  0.033662  -0.021422  0.842210  0.376986  0.385439  -0.524131  0.404927  0.749214  0.126369  -0.833016  0.538624  0.054712  -0.119272  -0.021805  -0.157050  -0.296608  0.414863  1.000000  
7.937292 -0.032292  0.033519  -0.021443  0.842720  0.377365  0.383951  -0.523246  0.406379  0.749046  0.126634  -0.832137  0.539918  0.055022  -0.118762  -0.021391  -0.207847  -0.242353  0.378727  1.000000  
7.938542 -0.032222  0.033386  -0.021457  0.843459  0.377476  0.382215  -0.522022  0.408045  0.748994  0.126767  -0.831271  0.541220  0.055264  -0.117614  -0.020413  -0.261591  -0.181414  0.334551  1.000000  
7.939793 -0.032155  0.033266  -0.021466  0.843767  0.378198  0.380820  -0.521492  0.409945  0.748326  0.126899  -0.830007  0.543125  0.055334  -0.115641  -0.019024  -0.336219  -0.145780  0.301396  1.000000  
7.940807 -0.032101  0.033176  -0.021470  0.844011  0.378532  0.379947  -0.521162  0.411579  0.747658  0.126634  -0.829046  0.544653  0.055135  -0.113329  -0.017727  -0.396940  -0.121805  0.266383  1.000000  
