1-Time 2-Px 3-Py 4-Pz 5-R11 6-R21 7-R31 8-R12 9-R22 10-R32 11-R13 12-R23 13-R33 14-Vx 15-Vy 16-Vz 17-Wx 18-Wy 19-Wz 20-state 21-PR11 22-PR21 23-PR31 24-PR12 25-PR22 26-PR32 27-PR13 28-PR23 29-PR33 
36.555852 0.014842  0.102822  -0.021743  0.992475  0.080388  -0.092361  -0.076773  0.996161  0.042054  0.095387  -0.034647  0.994837  -0.000001  -0.000173  0.000229  0.000000  0.000000  0.000000  2.000000  
36.557107 0.014843  0.102822  -0.021742  0.992459  0.080593  -0.092352  -0.076978  0.996145  0.042073  0.095387  -0.034647  0.994837  0.000081  -0.000138  0.000241  0.000000  0.000000  0.000000  2.000000  
36.558107 0.014847  0.102825  -0.021741  0.992415  0.081019  -0.092458  -0.077385  0.996106  0.042242  0.095520  -0.034767  0.994820  0.000325  0.000027  0.000375  0.000000  0.000000  0.000000  2.000000  
36.559353 0.014852  0.102829  -0.021738  0.992361  0.081250  -0.092837  -0.077587  0.996083  0.042413  0.095920  -0.034886  0.994778  0.000718  0.000287  0.000524  0.000000  0.000000  0.000000  2.000000  
36.560601 0.014858  0.102832  -0.021737  0.992319  0.081475  -0.093084  -0.077789  0.996060  0.042574  0.096186  -0.035006  0.994748  0.001125  0.000463  0.000586  0.000000  0.000000  0.000000  2.000000  
36.561603 0.014864  0.102833  -0.021737  0.992261  0.081906  -0.093322  -0.078195  0.996021  0.042754  0.096452  -0.035126  0.994718  0.001515  0.000584  0.000632  0.000000  0.000000  0.000000  2.000000  
36.562851 0.014872  0.102836  -0.021735  0.992187  0.082553  -0.093541  -0.078806  0.995959  0.043074  0.096719  -0.035366  0.994683  0.002085  0.000831  0.000718  0.000000  0.000000  0.000000  2.000000  
36.563856 0.014879  0.102839  -0.021734  0.992112  0.083178  -0.093780  -0.079417  0.995907  0.043153  0.096985  -0.035365  0.994657  0.002565  0.000985  0.000736  0.000000  0.000000  0.000000  2.000000  
36.565111 0.014887  0.102841  -0.021733  0.992021  0.084019  -0.093999  -0.080232  0.995832  0.043373  0.097251  -0.035485  0.994627  0.003073  0.001170  0.000776  0.000000  0.000000  0.000000  2.000000  
36.566362 0.014895  0.102843  -0.021732  0.991932  0.084659  -0.094360  -0.080841  0.995774  0.043584  0.097651  -0.035604  0.994584  0.003656  0.001392  0.000870  0.000000  0.000000  0.000000  2.000000  
36.567605 0.014905  0.102847  -0.021731  0.991813  0.085510  -0.094844  -0.081654  0.995697  0.043826  0.098184  -0.035723  0.994527  0.004315  0.001696  0.000879  0.058869  0.078820  0.188825  2.000000  
36.568608 0.014913  0.102852  -0.021731  0.991723  0.086151  -0.095204  -0.082263  0.995637  0.044038  0.098583  -0.035842  0.994483  0.004851  0.002039  0.000852  0.064998  0.091559  0.209947  2.000000  
36.569857 0.014924  0.102858  -0.021731  0.991619  0.086796  -0.095697  -0.082871  0.995577  0.044262  0.099116  -0.035961  0.994426  0.005552  0.002453  0.000849  0.071143  0.108777  0.231202  2.000000  
36.571107 0.014936  0.102864  -0.021731  0.991498  0.087659  -0.096170  -0.083683  0.995493  0.044627  0.099648  -0.036200  0.994364  0.006330  0.002847  0.000804  0.081398  0.126013  0.252540  2.000000  
36.572358 0.014950  0.102872  -0.021731  0.991375  0.088509  -0.096652  -0.084495  0.995413  0.044872  0.100181  -0.036319  0.994306  0.007128  0.003292  0.000732  0.088221  0.142945  0.280611  2.000000  
36.573368 0.014962  0.102880  -0.021731  0.991265  0.089367  -0.096991  -0.085308  0.995328  0.045228  0.100580  -0.036558  0.994257  0.007652  0.003601  0.000601  0.099114  0.155362  0.308535  2.000000  
36.574604 0.014978  0.102889  -0.021729  0.991145  0.090018  -0.097615  -0.085914  0.995265  0.045466  0.101246  -0.036676  0.994185  0.008329  0.003987  0.000577  0.104714  0.177415  0.323289  2.000000  
36.575857 0.014993  0.102896  -0.021726  0.991037  0.090676  -0.098095  -0.086522  0.995196  0.045814  0.101778  -0.036916  0.994122  0.008932  0.004346  0.000693  0.114977  0.194569  0.344518  2.000000  
36.577111 0.015009  0.102904  -0.021723  0.990916  0.091327  -0.098718  -0.087128  0.995132  0.046053  0.102444  -0.037034  0.994049  0.009509  0.004650  0.000836  0.121214  0.216257  0.365943  2.000000  
36.578365 0.015024  0.102910  -0.021721  0.990775  0.092195  -0.099320  -0.087938  0.995043  0.046435  0.103109  -0.037272  0.993971  0.009917  0.004818  0.000908  0.132220  0.237657  0.394240  2.000000  
36.579606 0.015039  0.102914  -0.021719  0.990670  0.092642  -0.099952  -0.088340  0.994997  0.046655  0.103774  -0.037390  0.993898  0.010361  0.005012  0.001033  0.137103  0.264368  0.402142  2.000000  
36.580653 0.015049  0.102917  -0.021716  0.990592  0.093091  -0.100308  -0.088744  0.994946  0.046973  0.104174  -0.037630  0.993847  0.010590  0.005054  0.001124  0.146497  0.276888  0.415796  2.000000  
36.581858 0.015063  0.102920  -0.021712  0.990518  0.093328  -0.100817  -0.088943  0.994920  0.047162  0.104706  -0.037748  0.993787  0.010978  0.005035  0.001284  0.151595  0.295003  0.423962  2.000000  
36.583108 0.015078  0.102924  -0.021709  0.990425  0.093770  -0.101315  -0.089345  0.994873  0.047372  0.105238  -0.037867  0.993726  0.011306  0.004945  0.001467  0.157239  0.312584  0.438571  2.000000  
36.584358 0.015092  0.102928  -0.021708  0.990332  0.094212  -0.101814  -0.089748  0.994827  0.047583  0.105770  -0.037985  0.993665  0.011591  0.004868  0.001529  0.157396  0.331718  0.449413  2.000000  
36.585361 0.015104  0.102932  -0.021706  0.990286  0.094440  -0.102058  -0.089949  0.994801  0.047748  0.106036  -0.038104  0.993632  0.011747  0.004860  0.001658  0.163474  0.343053  0.460194  2.000000  
36.586368 0.015115  0.102937  -0.021704  0.990224  0.094672  -0.102434  -0.090149  0.994774  0.047926  0.106436  -0.038223  0.993585  0.011802  0.004745  0.001822  0.168317  0.356209  0.467522  2.000000  
36.587605 0.015131  0.102945  -0.021700  0.990182  0.094700  -0.102819  -0.090146  0.994767  0.048083  0.106835  -0.038342  0.993537  0.011848  0.004708  0.002055  0.167103  0.365783  0.454305  2.000000  
36.588605 0.015143  0.102952  -0.021697  0.990125  0.094733  -0.103337  -0.090140  0.994760  0.048252  0.107367  -0.038460  0.993475  0.011807  0.004614  0.002242  0.169233  0.376395  0.444276  2.000000  
36.589856 0.015156  0.102960  -0.021693  0.990082  0.094773  -0.103711  -0.090136  0.994746  0.048529  0.107766  -0.038700  0.993423  0.011699  0.004584  0.002354  0.169388  0.379892  0.434246  2.000000  
36.591112 0.015168  0.102966  -0.021689  0.990024  0.094807  -0.104229  -0.090131  0.994739  0.048698  0.108298  -0.038818  0.993360  0.011439  0.004537  0.002455  0.168815  0.389005  0.427645  2.000000  
36.592355 0.015180  0.102973  -0.021684  0.989995  0.094830  -0.104483  -0.090129  0.994732  0.048843  0.108564  -0.038937  0.993327  0.011160  0.004523  0.002632  0.166831  0.389803  0.407134  2.000000  
36.593367 0.015188  0.102976  -0.021681  0.989966  0.094840  -0.104747  -0.090126  0.994731  0.048867  0.108830  -0.038936  0.993298  0.010836  0.004443  0.002740  0.160682  0.390447  0.386411  2.000000  
36.594368 0.015195  0.102980  -0.021676  0.989952  0.094858  -0.104868  -0.090125  0.994724  0.049000  0.108963  -0.039056  0.993278  0.010582  0.004426  0.002884  0.158601  0.386640  0.365616  2.000000  
36.595603 0.015203  0.102983  -0.021669  0.989923  0.094868  -0.105133  -0.090122  0.994723  0.049024  0.109229  -0.039055  0.993249  0.010299  0.004451  0.003118  0.151313  0.384437  0.342372  2.000000  
36.596873 0.015210  0.102986  -0.021663  0.989912  0.094687  -0.105396  -0.089916  0.994736  0.049147  0.109495  -0.039174  0.993215  0.009750  0.004452  0.003334  0.148313  0.379942  0.303468  2.000000  
36.598104 0.015217  0.102990  -0.021656  0.989883  0.094710  -0.105649  -0.089913  0.994729  0.049292  0.109761  -0.039294  0.993181  0.009268  0.004420  0.003560  0.145822  0.372998  0.287324  2.000000  
36.599109 0.015222  0.102993  -0.021651  0.989872  0.094516  -0.105924  -0.089706  0.994748  0.049294  0.110027  -0.039293  0.993152  0.008789  0.004421  0.003875  0.139448  0.368378  0.254985  2.000000  
36.600364 0.015228  0.102999  -0.021644  0.989861  0.094334  -0.106188  -0.089500  0.994760  0.049417  0.110293  -0.039412  0.993117  0.008222  0.004408  0.004134  0.135524  0.361948  0.225506  2.000000  
36.601609 0.015235  0.103006  -0.021637  0.989832  0.094358  -0.106441  -0.089497  0.994753  0.049561  0.110559  -0.039531  0.993083  0.007701  0.004403  0.004425  0.129002  0.352663  0.192490  2.000000  
36.602858 0.015242  0.103013  -0.021630  0.989821  0.094163  -0.106716  -0.089291  0.994772  0.049563  0.110825  -0.039530  0.993054  0.007116  0.004359  0.004621  0.121095  0.341954  0.163339  2.000000  
36.604105 0.015248  0.103020  -0.021624  0.989821  0.094176  -0.106704  -0.089291  0.994766  0.049684  0.110825  -0.039650  0.993049  0.006553  0.004288  0.004785  0.114169  0.325100  0.135414  2.000000  
36.605106 0.015252  0.103026  -0.021620  0.989824  0.093990  -0.106835  -0.089086  0.994778  0.049794  0.110958  -0.039770  0.993029  0.006170  0.004284  0.004890  0.112015  0.316956  0.114649  2.000000  
36.606110 0.015255  0.103030  -0.021616  0.989824  0.093990  -0.106835  -0.089086  0.994778  0.049794  0.110958  -0.039770  0.993029  0.005782  0.004244  0.004886  0.105944  0.298143  0.087239  2.000000  
36.607353 0.015258  0.103036  -0.021612  0.989828  0.093790  -0.106978  -0.088881  0.994797  0.049784  0.111091  -0.039770  0.993014  0.005247  0.004215  0.004829  0.094886  0.281292  0.059094  2.000000  
36.608358 0.015260  0.103040  -0.021609  0.989813  0.093809  -0.107099  -0.088879  0.994791  0.049917  0.111224  -0.039889  0.992995  0.004846  0.004228  0.004776  0.092651  0.270596  0.044657  2.000000  
36.609605 0.015263  0.103044  -0.021604  0.989831  0.093604  -0.107109  -0.088676  0.994810  0.049895  0.111224  -0.039889  0.992995  0.004386  0.004289  0.004705  0.086386  0.249048  0.023343  2.000000  
36.610859 0.015265  0.103049  -0.021599  0.989835  0.093404  -0.107252  -0.088470  0.994829  0.049885  0.111357  -0.039889  0.992980  0.004029  0.004409  0.004597  0.076708  0.233921  0.002243  2.000000  
36.612108 0.015268  0.103054  -0.021593  0.989853  0.093213  -0.107251  -0.088267  0.994842  0.049983  0.111357  -0.040009  0.992975  0.003769  0.004515  0.004559  0.073856  0.219443  -0.018722  2.000000  
36.613366 0.015273  0.103060  -0.021587  0.989853  0.093213  -0.107251  -0.088267  0.994842  0.049983  0.111357  -0.040009  0.992975  0.003598  0.004654  0.004489  0.068319  0.202157  -0.033041  2.000000  
36.614603 0.015278  0.103068  -0.021582  0.989871  0.093008  -0.107261  -0.088063  0.994861  0.049961  0.111357  -0.040009  0.992975  0.003576  0.004793  0.004407  0.058467  0.186677  -0.054617  2.000000  
36.615609 0.015283  0.103073  -0.021578  0.989874  0.092821  -0.107392  -0.087858  0.994874  0.050071  0.111490  -0.040129  0.992955  0.003544  0.004889  0.004295  0.057695  0.182440  -0.061636  2.000000  
36.616858 0.015290  0.103082  -0.021573  0.989892  0.092616  -0.107403  -0.087654  0.994893  0.050049  0.111490  -0.040129  0.992955  0.003503  0.004948  0.004152  0.000000  0.000000  0.000000  2.000000  
36.618106 0.015297  0.103091  -0.021567  0.989877  0.092622  -0.107535  -0.087653  0.994892  0.050061  0.111623  -0.040129  0.992940  0.003586  0.005118  0.004079  0.000000  0.000000  0.000000  2.000000  
36.619358 0.015305  0.103100  -0.021563  0.989895  0.092417  -0.107545  -0.087449  0.994911  0.050039  0.111623  -0.040129  0.992940  0.003777  0.005212  0.004012  0.000000  0.000000  0.000000  2.000000  
36.620361 0.015313  0.103107  -0.021560  0.989899  0.092231  -0.107677  -0.087244  0.994924  0.050149  0.111756  -0.040248  0.992920  0.004009  0.005332  0.003917  0.000000  0.000000  0.000000  2.000000  
36.621606 0.015321  0.103115  -0.021556  0.989917  0.092026  -0.107687  -0.087040  0.994943  0.050127  0.111756  -0.040248  0.992920  0.004341  0.005497  0.003879  0.000000  0.000000  0.000000  2.000000  
36.622608 0.015328  0.103121  -0.021553  0.989917  0.092026  -0.107687  -0.087040  0.994943  0.050127  0.111756  -0.040248  0.992920  0.004645  0.005606  0.003865  0.000000  0.000000  0.000000  2.000000  
36.623855 0.015336  0.103128  -0.021550  0.989934  0.091821  -0.107697  -0.086836  0.994962  0.050105  0.111756  -0.040248  0.992920  0.005060  0.005835  0.003794  0.000000  0.000000  0.000000  2.000000  
36.625112 0.015346  0.103136  -0.021547  0.989967  0.091611  -0.107575  -0.086634  0.994981  0.050071  0.111623  -0.040249  0.992935  0.005505  0.005996  0.003647  0.000000  0.000000  0.000000  2.000000  
36.626129 0.015353  0.103142  -0.021545  0.989967  0.091624  -0.107564  -0.086634  0.994975  0.050192  0.111623  -0.040369  0.992930  0.005858  0.006149  0.003482  0.000000  0.000000  0.000000  2.000000  
36.627356 0.015363  0.103151  -0.021542  0.989985  0.091419  -0.107575  -0.086430  0.994994  0.050170  0.111623  -0.040369  0.992930  0.006342  0.006407  0.003272  0.000000  0.000000  0.000000  2.000000  
36.628602 0.015375  0.103161  -0.021539  0.989970  0.091437  -0.107696  -0.086429  0.994987  0.050302  0.111756  -0.040489  0.992911  0.006749  0.006612  0.003132  0.000000  0.000000  0.000000  2.000000  
36.629856 0.015386  0.103172  -0.021536  0.989988  0.091246  -0.107695  -0.086225  0.995000  0.050400  0.111756  -0.040610  0.992906  0.007174  0.006918  0.003029  0.000000  0.000000  0.000000  2.000000  
36.631101 0.015399  0.103184  -0.021532  0.989973  0.091264  -0.107816  -0.086224  0.994993  0.050533  0.111889  -0.040730  0.992886  0.007566  0.007155  0.002905  0.000000  0.000000  0.000000  2.000000  
36.632108 0.015409  0.103195  -0.021529  0.989973  0.091277  -0.107805  -0.086224  0.994987  0.050653  0.111889  -0.040850  0.992881  0.007904  0.007394  0.002833  0.000000  0.000000  0.000000  2.000000  
36.633368 0.015423  0.103208  -0.021525  0.989973  0.091303  -0.107783  -0.086224  0.994975  0.050895  0.111889  -0.041091  0.992871  0.008237  0.007639  0.002804  0.000000  0.000000  0.000000  2.000000  
36.634607 0.015436  0.103220  -0.021520  0.989973  0.091316  -0.107772  -0.086224  0.994969  0.051015  0.111889  -0.041211  0.992866  0.008585  0.007910  0.002835  0.000000  0.000000  0.000000  2.000000  
36.635610 0.015447  0.103230  -0.021516  0.989958  0.091322  -0.107905  -0.086222  0.994968  0.051027  0.112021  -0.041211  0.992851  0.008863  0.008163  0.002892  0.000000  0.000000  0.000000  2.000000  
36.636857 0.015460  0.103242  -0.021511  0.989958  0.091335  -0.107893  -0.086222  0.994962  0.051148  0.112021  -0.041331  0.992846  0.009138  0.008423  0.002978  0.000000  0.000000  0.000000  2.000000  
36.638104 0.015472  0.103255  -0.021506  0.989958  0.091348  -0.107882  -0.086222  0.994956  0.051268  0.112021  -0.041452  0.992841  0.009426  0.008719  0.003013  0.000000  0.000000  0.000000  2.000000  
36.639105 0.015483  0.103265  -0.021503  0.989943  0.091367  -0.108004  -0.086221  0.994949  0.051400  0.112154  -0.041571  0.992821  0.009654  0.009010  0.003098  0.000000  0.000000  0.000000  2.000000  
36.640359 0.015496  0.103277  -0.021498  0.989925  0.091585  -0.107982  -0.086425  0.994924  0.051543  0.112154  -0.041692  0.992816  0.009978  0.009398  0.003232  0.000000  0.000000  0.000000  2.000000  
36.641606 0.015510  0.103290  -0.021493  0.989925  0.091611  -0.107960  -0.086425  0.994912  0.051785  0.112154  -0.041933  0.992806  0.010216  0.009674  0.003369  0.000000  0.000000  0.000000  2.000000  
36.642854 0.015525  0.103305  -0.021489  0.989910  0.091630  -0.108081  -0.086423  0.994905  0.051917  0.112287  -0.042052  0.992786  0.010514  0.010030  0.003460  0.000000  0.000000  0.000000  2.000000  
36.644108 0.015540  0.103320  -0.021483  0.989910  0.091656  -0.108059  -0.086423  0.994892  0.052158  0.112287  -0.042293  0.992775  0.010737  0.010303  0.003636  0.000000  0.000000  0.000000  2.000000  
36.645352 0.015556  0.103335  -0.021479  0.989910  0.091682  -0.108036  -0.086423  0.994880  0.052400  0.112287  -0.042534  0.992765  0.010966  0.010563  0.003746  0.000000  0.000000  0.000000  2.000000  
36.646360 0.015568  0.103347  -0.021475  0.989878  0.091906  -0.108147  -0.086626  0.994854  0.052554  0.112420  -0.042654  0.992745  0.011111  0.010702  0.003784  0.000000  0.000000  0.000000  2.000000  
36.647603 0.015584  0.103363  -0.021470  0.989863  0.091938  -0.108257  -0.086625  0.994840  0.052807  0.112553  -0.042894  0.992719  0.011268  0.010888  0.003844  0.000000  0.000000  0.000000  2.000000  
36.648614 0.015596  0.103375  -0.021466  0.989863  0.091964  -0.108235  -0.086625  0.994828  0.053048  0.112553  -0.043135  0.992709  0.011404  0.010981  0.003871  0.000000  0.000000  0.000000  2.000000  
36.649859 0.015611  0.103389  -0.021461  0.989848  0.091983  -0.108356  -0.086623  0.994821  0.053181  0.112686  -0.043255  0.992689  0.011515  0.011077  0.003861  0.000000  0.000000  0.000000  2.000000  
36.651112 0.015626  0.103402  -0.021457  0.989865  0.091804  -0.108344  -0.086419  0.994827  0.053400  0.112686  -0.043495  0.992678  0.011643  0.011147  0.003851  0.000000  0.000000  0.000000  2.000000  
36.652361 0.015641  0.103415  -0.021452  0.989850  0.091823  -0.108466  -0.086418  0.994820  0.053532  0.112819  -0.043615  0.992658  0.011760  0.011207  0.003813  0.000000  0.000000  0.000000  2.000000  
36.653369 0.015652  0.103426  -0.021448  0.989850  0.091849  -0.108443  -0.086418  0.994807  0.053773  0.112819  -0.043856  0.992647  0.011835  0.011239  0.003825  0.000000  0.000000  0.000000  2.000000  
36.654607 0.015667  0.103439  -0.021443  0.989850  0.091863  -0.108432  -0.086418  0.994800  0.053894  0.112819  -0.043976  0.992642  0.011923  0.011281  0.003835  0.000000  0.000000  0.000000  2.000000  
36.655609 0.015679  0.103450  -0.021439  0.989835  0.091882  -0.108553  -0.086417  0.994793  0.054026  0.112952  -0.044096  0.992621  0.011992  0.011321  0.003897  0.000000  0.000000  0.000000  2.000000  
36.656859 0.015694  0.103463  -0.021434  0.989835  0.091908  -0.108531  -0.086417  0.994780  0.054267  0.112952  -0.044337  0.992611  0.012057  0.011340  0.003894  0.000000  0.000000  0.000000  2.000000  
36.658105 0.015709  0.103478  -0.021428  0.989838  0.091722  -0.108663  -0.086212  0.994792  0.054377  0.113085  -0.044457  0.992590  0.012113  0.011326  0.003935  0.000000  0.000000  0.000000  2.000000  
36.659107 0.015721  0.103490  -0.021424  0.989823  0.091755  -0.108773  -0.086210  0.994778  0.054630  0.113218  -0.044697  0.992564  0.012075  0.011338  0.003956  0.000000  0.000000  0.000000  2.000000  
36.660352 0.015736  0.103504  -0.021420  0.989823  0.091768  -0.108762  -0.086210  0.994771  0.054751  0.113218  -0.044817  0.992559  0.012047  0.011237  0.003940  0.000000  0.000000  0.000000  2.000000  
36.661356 0.015748  0.103515  -0.021416  0.989826  0.091595  -0.108884  -0.086005  0.994776  0.054981  0.113351  -0.045057  0.992533  0.011975  0.011175  0.003927  0.000000  0.000000  0.000000  2.000000  
36.662358 0.015759  0.103525  -0.021413  0.989826  0.091609  -0.108873  -0.086005  0.994770  0.055102  0.113351  -0.045178  0.992527  0.011865  0.011026  0.003852  0.000000  0.000000  0.000000  2.000000  
36.663366 0.015769  0.103535  -0.021409  0.989810  0.091628  -0.108994  -0.086004  0.994763  0.055234  0.113484  -0.045297  0.992507  0.011729  0.010908  0.003845  0.000000  0.000000  0.000000  2.000000  
36.664601 0.015782  0.103548  -0.021405  0.989828  0.091449  -0.108983  -0.085800  0.994768  0.055453  0.113484  -0.045538  0.992496  0.011610  0.010797  0.003790  0.000000  0.000000  0.000000  2.000000  
36.665609 0.015792  0.103556  -0.021401  0.989813  0.091469  -0.109104  -0.085799  0.994761  0.055585  0.113617  -0.045658  0.992475  0.011458  0.010674  0.003820  0.000000  0.000000  0.000000  2.000000  
36.666856 0.015804  0.103567  -0.021397  0.989831  0.091277  -0.109104  -0.085595  0.994773  0.055683  0.113617  -0.045778  0.992469  0.011252  0.010520  0.003759  0.000000  0.000000  0.000000  2.000000  
36.668108 0.015815  0.103577  -0.021394  0.989815  0.091297  -0.109226  -0.085594  0.994765  0.055815  0.113750  -0.045898  0.992449  0.011024  0.010307  0.003692  0.000000  0.000000  0.000000  2.000000  
36.669364 0.015826  0.103588  -0.021389  0.989815  0.091310  -0.109215  -0.085594  0.994759  0.055936  0.113750  -0.046018  0.992443  0.010794  0.010101  0.003647  0.000000  0.000000  0.000000  2.000000  
36.670605 0.015837  0.103598  -0.021386  0.989833  0.091118  -0.109215  -0.085390  0.994771  0.056034  0.113750  -0.046139  0.992438  0.010530  0.009887  0.003541  0.000000  0.000000  0.000000  2.000000  
36.671606 0.015845  0.103606  -0.021382  0.989818  0.091124  -0.109347  -0.085389  0.994770  0.056046  0.113883  -0.046138  0.992422  0.010283  0.009701  0.003496  0.000000  0.000000  0.000000  2.000000  
36.672609 0.015854  0.103614  -0.021379  0.989818  0.091138  -0.109336  -0.085389  0.994763  0.056166  0.113883  -0.046258  0.992417  0.009998  0.009431  0.003396  0.000000  0.000000  0.000000  2.000000  
36.673854 0.015864  0.103625  -0.021375  0.989835  0.090933  -0.109348  -0.085185  0.994782  0.056144  0.113883  -0.046258  0.992417  0.009707  0.009162  0.003315  0.000000  0.000000  0.000000  2.000000  
36.675103 0.015875  0.103635  -0.021371  0.989820  0.090952  -0.109469  -0.085184  0.994775  0.056276  0.114016  -0.046378  0.992396  0.009389  0.008887  0.003313  0.000000  0.000000  0.000000  2.000000  
36.676111 0.015883  0.103643  -0.021367  0.989820  0.090952  -0.109469  -0.085184  0.994775  0.056276  0.114016  -0.046378  0.992396  0.009153  0.008648  0.003324  0.000000  0.000000  0.000000  2.000000  
36.677355 0.015892  0.103652  -0.021362  0.989820  0.090952  -0.109469  -0.085184  0.994775  0.056276  0.114016  -0.046378  0.992396  0.008881  0.008424  0.003365  0.000000  0.000000  0.000000  2.000000  
36.678359 0.015898  0.103658  -0.021359  0.989838  0.090747  -0.109481  -0.084980  0.994793  0.056253  0.114016  -0.046378  0.992396  0.008613  0.008188  0.003346  0.000000  0.000000  0.000000  2.000000  
36.679603 0.015906  0.103665  -0.021353  0.989823  0.090754  -0.109613  -0.084979  0.994793  0.056265  0.114149  -0.046377  0.992381  0.008263  0.007831  0.003446  0.000000  0.000000  0.000000  2.000000  
36.680606 0.015912  0.103670  -0.021350  0.989823  0.090754  -0.109613  -0.084979  0.994793  0.056265  0.114149  -0.046377  0.992381  0.007998  0.007603  0.003438  0.000000  0.000000  0.000000  2.000000  
36.681858 0.015919  0.103677  -0.021345  0.989838  0.090747  -0.109481  -0.084980  0.994793  0.056253  0.114016  -0.046378  0.992396  0.007654  0.007281  0.003509  0.000000  0.000000  0.000000  2.000000  
36.683105 0.015926  0.103683  -0.021341  0.989838  0.090734  -0.109492  -0.084980  0.994800  0.056133  0.114016  -0.046258  0.992401  0.007387  0.007020  0.003530  0.000000  0.000000  0.000000  2.000000  
36.684106 0.015931  0.103688  -0.021337  0.989838  0.090734  -0.109492  -0.084980  0.994800  0.056133  0.114016  -0.046258  0.992401  0.007165  0.006843  0.003596  0.000000  0.000000  0.000000  2.000000  
36.685109 0.015936  0.103693  -0.021333  0.989838  0.090734  -0.109492  -0.084980  0.994800  0.056133  0.114016  -0.046258  0.992401  0.006873  0.006594  0.003627  0.000000  0.000000  0.000000  2.000000  
36.686110 0.015942  0.103698  -0.021329  0.989838  0.090734  -0.109492  -0.084980  0.994800  0.056133  0.114016  -0.046258  0.992401  0.006669  0.006386  0.003660  0.000000  0.000000  0.000000  2.000000  
36.687359 0.015948  0.103705  -0.021324  0.989838  0.090721  -0.109503  -0.084980  0.994807  0.056012  0.114016  -0.046137  0.992407  0.006346  0.006115  0.003699  0.000000  0.000000  0.000000  2.000000  
36.688605 0.015954  0.103711  -0.021320  0.989838  0.090721  -0.109503  -0.084980  0.994807  0.056012  0.114016  -0.046137  0.992407  0.006092  0.005875  0.003757  0.000000  0.000000  0.000000  2.000000  
36.689607 0.015959  0.103716  -0.021316  0.989820  0.090926  -0.109491  -0.085184  0.994788  0.056034  0.114016  -0.046137  0.992407  0.005818  0.005636  0.003770  0.000000  0.000000  0.000000  2.000000  
36.690851 0.015964  0.103722  -0.021310  0.989820  0.090912  -0.109502  -0.085184  0.994795  0.055914  0.114016  -0.046017  0.992413  0.005572  0.005404  0.003828  0.000000  0.000000  0.000000  2.000000  
36.691854 0.015968  0.103726  -0.021306  0.989820  0.090912  -0.109502  -0.085184  0.994795  0.055914  0.114016  -0.046017  0.992413  0.005332  0.005196  0.003831  0.000000  0.000000  0.000000  2.000000  
36.692857 0.015972  0.103730  -0.021302  0.989803  0.091104  -0.109502  -0.085387  0.994783  0.055816  0.114016  -0.045896  0.992418  0.005118  0.004982  0.003899  0.000000  0.000000  0.000000  2.000000  
36.694106 0.015977  0.103734  -0.021296  0.989803  0.091091  -0.109513  -0.085387  0.994790  0.055695  0.114016  -0.045776  0.992424  0.004878  0.004748  0.003952  0.000000  0.000000  0.000000  2.000000  
36.695355 0.015981  0.103739  -0.021291  0.989785  0.091282  -0.109512  -0.085591  0.994778  0.055597  0.114016  -0.045656  0.992429  0.004705  0.004618  0.004005  0.000000  0.000000  0.000000  2.000000  
36.696356 0.015984  0.103742  -0.021286  0.989785  0.091282  -0.109512  -0.085591  0.994778  0.055597  0.114016  -0.045656  0.992429  0.004536  0.004522  0.004065  0.000000  0.000000  0.000000  2.000000  
36.697356 0.015987  0.103745  -0.021282  0.989785  0.091269  -0.109524  -0.085591  0.994785  0.055476  0.114016  -0.045535  0.992435  0.004376  0.004376  0.004036  0.000000  0.000000  0.000000  2.000000  
36.698372 0.015991  0.103748  -0.021278  0.989767  0.091474  -0.109512  -0.085795  0.994766  0.055499  0.114016  -0.045535  0.992435  0.004236  0.004260  0.004082  0.000000  0.000000  0.000000  2.000000  
36.699605 0.015995  0.103753  -0.021274  0.989767  0.091460  -0.109523  -0.085795  0.994773  0.055378  0.114016  -0.045415  0.992440  0.004088  0.004166  0.004067  0.000000  0.000000  0.000000  2.000000  
36.700625 0.015999  0.103757  -0.021270  0.989750  0.091665  -0.109512  -0.085999  0.994754  0.055401  0.114016  -0.045415  0.992440  0.003953  0.004097  0.004108  0.000000  0.000000  0.000000  2.000000  
36.701857 0.016003  0.103763  -0.021265  0.989732  0.091857  -0.109512  -0.086203  0.994742  0.055303  0.114016  -0.045295  0.992446  0.003863  0.004063  0.004118  0.000000  0.000000  0.000000  2.000000  
36.703105 0.016008  0.103768  -0.021259  0.989732  0.091857  -0.109512  -0.086203  0.994742  0.055303  0.114016  -0.045295  0.992446  0.003760  0.003978  0.004154  0.000000  0.000000  0.000000  2.000000  
36.704358 0.016012  0.103773  -0.021256  0.989714  0.092048  -0.109511  -0.086406  0.994729  0.055204  0.114016  -0.045174  0.992451  0.003656  0.003906  0.004055  0.000000  0.000000  0.000000  2.000000  
36.705358 0.016015  0.103777  -0.021253  0.989696  0.092253  -0.109500  -0.086610  0.994710  0.055227  0.114016  -0.045174  0.992451  0.003558  0.003841  0.003982  0.000000  0.000000  0.000000  2.000000  
36.706368 0.016019  0.103781  -0.021250  0.989679  0.092458  -0.109489  -0.086814  0.994691  0.055250  0.114016  -0.045174  0.992451  0.003497  0.003796  0.003859  0.000000  0.000000  0.000000  2.000000  
36.707603 0.016023  0.103786  -0.021246  0.989679  0.092444  -0.109500  -0.086814  0.994698  0.055129  0.114016  -0.045054  0.992457  0.003425  0.003787  0.003761  0.000000  0.000000  0.000000  2.000000  
36.708608 0.016026  0.103789  -0.021244  0.989661  0.092649  -0.109488  -0.087018  0.994679  0.055151  0.114016  -0.045054  0.992457  0.003408  0.003773  0.003605  0.000000  0.000000  0.000000  2.000000  
36.709853 0.016031  0.103794  -0.021240  0.989643  0.092854  -0.109477  -0.087221  0.994660  0.055174  0.114016  -0.045054  0.992457  0.003424  0.003796  0.003477  0.000000  0.000000  0.000000  2.000000  
36.710856 0.016034  0.103797  -0.021238  0.989625  0.093059  -0.109466  -0.087425  0.994641  0.055197  0.114016  -0.045054  0.992457  0.003399  0.003786  0.003363  0.000000  0.000000  0.000000  2.000000  
36.712102 0.016039  0.103802  -0.021234  0.989607  0.093264  -0.109454  -0.087629  0.994622  0.055219  0.114016  -0.045054  0.992457  0.003466  0.003869  0.003311  0.000000  0.000000  0.000000  2.000000  
36.713367 0.016043  0.103807  -0.021231  0.989589  0.093468  -0.109443  -0.087832  0.994602  0.055242  0.114016  -0.045054  0.992457  0.003481  0.003890  0.003182  0.000000  0.000000  0.000000  2.000000  
36.714601 0.016048  0.103812  -0.021227  0.989571  0.093673  -0.109432  -0.088036  0.994583  0.055264  0.114016  -0.045054  0.992457  0.003566  0.003947  0.003107  0.000000  0.000000  0.000000  2.000000  
36.715609 0.016053  0.103817  -0.021224  0.989571  0.093673  -0.109432  -0.088036  0.994583  0.055264  0.114016  -0.045054  0.992457  0.003613  0.004001  0.003004  0.000000  0.000000  0.000000  2.000000  
36.716858 0.016058  0.103823  -0.021222  0.989553  0.093878  -0.109420  -0.088240  0.994564  0.055287  0.114016  -0.045054  0.992457  0.003655  0.003994  0.002800  0.000000  0.000000  0.000000  2.000000  
36.718108 0.016063  0.103829  -0.021219  0.989534  0.094083  -0.109409  -0.088444  0.994544  0.055309  0.114016  -0.045054  0.992457  0.003716  0.004024  0.002703  0.000000  0.000000  0.000000  2.000000  
36.719359 0.016069  0.103835  -0.021216  0.989516  0.094301  -0.109386  -0.088647  0.994518  0.055452  0.114016  -0.045174  0.992451  0.003785  0.004103  0.002615  0.000000  0.000000  0.000000  2.000000  
36.720359 0.016073  0.103839  -0.021214  0.989498  0.094505  -0.109375  -0.088851  0.994499  0.055475  0.114016  -0.045174  0.992451  0.003836  0.004134  0.002559  0.000000  0.000000  0.000000  2.000000  
36.721363 0.016077  0.103844  -0.021212  0.989480  0.094710  -0.109363  -0.089055  0.994479  0.055497  0.114016  -0.045174  0.992451  0.003869  0.004157  0.002545  0.000000  0.000000  0.000000  2.000000  
36.722368 0.016081  0.103848  -0.021210  0.989480  0.094723  -0.109352  -0.089055  0.994473  0.055618  0.114016  -0.045295  0.992446  0.003927  0.004186  0.002438  0.000000  0.000000  0.000000  2.000000  
36.723369 0.016084  0.103852  -0.021208  0.989461  0.094928  -0.109340  -0.089258  0.994453  0.055640  0.114016  -0.045295  0.992446  0.003954  0.004242  0.002414  0.000000  0.000000  0.000000  2.000000  
36.724603 0.016089  0.103857  -0.021206  0.989443  0.095146  -0.109317  -0.089462  0.994427  0.055784  0.114016  -0.045415  0.992440  0.003956  0.004259  0.002333  0.000000  0.000000  0.000000  2.000000  
36.725851 0.016094  0.103862  -0.021203  0.989458  0.095153  -0.109173  -0.089464  0.994421  0.055892  0.113883  -0.045536  0.992450  0.004011  0.004345  0.002331  0.000000  0.000000  0.000000  2.000000  
36.726853 0.016098  0.103866  -0.021201  0.989440  0.095358  -0.109162  -0.089667  0.994401  0.055915  0.113883  -0.045536  0.992450  0.004057  0.004371  0.002273  0.000000  0.000000  0.000000  2.000000  
36.727856 0.016102  0.103871  -0.021199  0.989421  0.095576  -0.109139  -0.089871  0.994375  0.056058  0.113883  -0.045656  0.992445  0.004071  0.004404  0.002174  0.000000  0.000000  0.000000  2.000000  
36.729101 0.016107  0.103876  -0.021197  0.989421  0.095589  -0.109127  -0.089871  0.994368  0.056178  0.113883  -0.045777  0.992439  0.004059  0.004417  0.002137  0.000000  0.000000  0.000000  2.000000  
36.730104 0.016112  0.103881  -0.021195  0.989402  0.095807  -0.109104  -0.090075  0.994341  0.056322  0.113883  -0.045897  0.992433  0.004066  0.004440  0.002049  0.000000  0.000000  0.000000  2.000000  
36.731352 0.016116  0.103887  -0.021192  0.989402  0.095820  -0.109092  -0.090075  0.994334  0.056442  0.113883  -0.046018  0.992428  0.004024  0.004435  0.002019  0.000000  0.000000  0.000000  2.000000  
36.732361 0.016120  0.103891  -0.021190  0.989384  0.096038  -0.109069  -0.090278  0.994308  0.056585  0.113883  -0.046138  0.992422  0.003990  0.004414  0.002023  0.000000  0.000000  0.000000  2.000000  
36.733369 0.016124  0.103896  -0.021188  0.989384  0.096052  -0.109058  -0.090278  0.994301  0.056706  0.113883  -0.046258  0.992417  0.003948  0.004377  0.002055  0.000000  0.000000  0.000000  2.000000  
36.734606 0.016128  0.103901  -0.021185  0.989365  0.096269  -0.109034  -0.090482  0.994274  0.056849  0.113883  -0.046379  0.992411  0.003908  0.004346  0.002072  0.000000  0.000000  0.000000  2.000000  
36.735608 0.016132  0.103905  -0.021183  0.989365  0.096269  -0.109034  -0.090482  0.994274  0.056849  0.113883  -0.046379  0.992411  0.003878  0.004315  0.002049  0.000000  0.000000  0.000000  2.000000  
36.736858 0.016136  0.103910  -0.021181  0.989362  0.096481  -0.108879  -0.090687  0.994248  0.056980  0.113750  -0.046500  0.992421  0.003802  0.004289  0.002024  0.000000  0.000000  0.000000  2.000000  
36.738104 0.016140  0.103914  -0.021178  0.989362  0.096494  -0.108867  -0.090687  0.994241  0.057100  0.113750  -0.046620  0.992415  0.003717  0.004245  0.002023  0.000000  0.000000  0.000000  2.000000  
36.739106 0.016143  0.103918  -0.021177  0.989343  0.096712  -0.108843  -0.090891  0.994214  0.057243  0.113750  -0.046741  0.992409  0.003703  0.004197  0.001996  0.000000  0.000000  0.000000  2.000000  
36.740108 0.016146  0.103922  -0.021174  0.989358  0.096719  -0.108699  -0.090892  0.994208  0.057352  0.113617  -0.046862  0.992419  0.003679  0.004216  0.002041  0.000000  0.000000  0.000000  2.000000  
36.741356 0.016150  0.103926  -0.021172  0.989340  0.096937  -0.108676  -0.091096  0.994181  0.057495  0.113617  -0.046982  0.992413  0.003591  0.004124  0.001973  0.000000  0.000000  0.000000  2.000000  
36.742359 0.016154  0.103930  -0.021170  0.989340  0.096950  -0.108664  -0.091096  0.994174  0.057615  0.113617  -0.047102  0.992407  0.003563  0.004073  0.001984  0.000000  0.000000  0.000000  2.000000  
36.743366 0.016157  0.103934  -0.021168  0.989336  0.097149  -0.108520  -0.091301  0.994155  0.057626  0.113484  -0.047103  0.992423  0.003493  0.004011  0.001978  0.000000  0.000000  0.000000  2.000000  
36.744607 0.016161  0.103938  -0.021166  0.989336  0.097162  -0.108508  -0.091301  0.994148  0.057746  0.113484  -0.047223  0.992417  0.003440  0.003927  0.001983  0.000000  0.000000  0.000000  2.000000  
36.745851 0.016166  0.103943  -0.021163  0.989317  0.097393  -0.108473  -0.091505  0.994114  0.058010  0.113484  -0.047464  0.992405  0.003416  0.003871  0.002021  0.000000  0.000000  0.000000  2.000000  
36.746853 0.016169  0.103946  -0.021161  0.989317  0.097393  -0.108473  -0.091505  0.994114  0.058010  0.113484  -0.047464  0.992405  0.003371  0.003786  0.001984  0.000000  0.000000  0.000000  2.000000  
36.748108 0.016173  0.103950  -0.021158  0.989313  0.097604  -0.108317  -0.091710  0.994087  0.058140  0.113351  -0.047585  0.992415  0.003317  0.003679  0.002024  0.000000  0.000000  0.000000  2.000000  
36.749109 0.016176  0.103953  -0.021156  0.989294  0.097822  -0.108293  -0.091913  0.994060  0.058283  0.113351  -0.047706  0.992409  0.003272  0.003565  0.002033  0.000000  0.000000  0.000000  2.000000  
36.750364 0.016180  0.103956  -0.021153  0.989291  0.098033  -0.108137  -0.092118  0.994033  0.058414  0.113218  -0.047827  0.992418  0.003244  0.003458  0.002016  0.000000  0.000000  0.000000  2.000000  
36.751609 0.016183  0.103958  -0.021151  0.989291  0.098047  -0.108125  -0.092118  0.994026  0.058534  0.113218  -0.047947  0.992413  0.003220  0.003289  0.002029  0.000000  0.000000  0.000000  2.000000  
36.752858 0.016187  0.103962  -0.021148  0.989268  0.098449  -0.107969  -0.092527  0.993986  0.058566  0.113085  -0.047948  0.992428  0.003206  0.003209  0.002062  0.000000  0.000000  0.000000  2.000000  
36.754105 0.016190  0.103964  -0.021145  0.989249  0.098667  -0.107944  -0.092731  0.993959  0.058709  0.113085  -0.048068  0.992422  0.003169  0.003109  0.002085  0.000000  0.000000  0.000000  2.000000  
36.755105 0.016193  0.103967  -0.021143  0.989245  0.098878  -0.107788  -0.092936  0.993932  0.058840  0.112952  -0.048189  0.992431  0.003136  0.002998  0.002055  0.000000  0.000000  0.000000  2.000000  
36.756113 0.016196  0.103970  -0.021141  0.989225  0.099083  -0.107776  -0.093139  0.993912  0.058862  0.112952  -0.048189  0.992431  0.003135  0.002937  0.002140  0.000000  0.000000  0.000000  2.000000  
36.757357 0.016200  0.103973  -0.021138  0.989221  0.099294  -0.107620  -0.093345  0.993885  0.058992  0.112819  -0.048311  0.992440  0.003088  0.002867  0.002154  0.000000  0.000000  0.000000  2.000000  
36.758366 0.016203  0.103975  -0.021136  0.989217  0.099506  -0.107463  -0.093550  0.993858  0.059122  0.112686  -0.048432  0.992450  0.003074  0.002788  0.002187  0.000000  0.000000  0.000000  2.000000  
36.759607 0.016207  0.103978  -0.021133  0.989178  0.099928  -0.107427  -0.093957  0.993809  0.059287  0.112686  -0.048552  0.992444  0.003023  0.002660  0.002188  0.000000  0.000000  0.000000  2.000000  
36.760851 0.016210  0.103981  -0.021130  0.989155  0.100331  -0.107270  -0.094366  0.993769  0.059319  0.112553  -0.048553  0.992459  0.002939  0.002564  0.002217  0.000000  0.000000  0.000000  2.000000  
36.761857 0.016213  0.103983  -0.021127  0.989131  0.100746  -0.107101  -0.094774  0.993721  0.059471  0.112420  -0.048674  0.992468  0.002915  0.002464  0.002242  0.000000  0.000000  0.000000  2.000000  
36.763103 0.016216  0.103985  -0.021124  0.989126  0.100957  -0.106945  -0.094979  0.993693  0.059601  0.112287  -0.048795  0.992477  0.002855  0.002345  0.002239  0.102765  -0.060965  0.154095  2.000000  
36.764103 0.016218  0.103987  -0.021122  0.989087  0.101366  -0.106920  -0.095387  0.993652  0.059645  0.112287  -0.048795  0.992477  0.002787  0.002285  0.002234  0.103544  -0.061292  0.160911  2.000000  
36.765109 0.016220  0.103988  -0.021120  0.989063  0.101769  -0.106763  -0.095795  0.993611  0.059676  0.112154  -0.048796  0.992492  0.002739  0.002207  0.002292  0.101930  -0.066996  0.175853  2.000000  
36.766109 0.016222  0.103990  -0.021117  0.989038  0.102185  -0.106594  -0.096204  0.993562  0.059827  0.112021  -0.048917  0.992501  0.002674  0.002122  0.002335  0.102627  -0.067307  0.182610  2.000000  
36.767358 0.016224  0.103991  -0.021114  0.989013  0.102587  -0.106437  -0.096613  0.993520  0.059858  0.111889  -0.048918  0.992516  0.002595  0.002062  0.002370  0.100102  -0.072474  0.196132  2.000000  
36.768361 0.016226  0.103993  -0.021112  0.988988  0.102990  -0.106281  -0.097021  0.993479  0.059889  0.111756  -0.048918  0.992531  0.002516  0.002000  0.002350  0.100844  -0.077012  0.207992  2.000000  
36.769362 0.016228  0.103994  -0.021110  0.988963  0.103405  -0.106111  -0.097430  0.993430  0.060041  0.111623  -0.049039  0.992540  0.002447  0.001939  0.002344  0.102389  -0.077975  0.216491  2.000000  
36.770368 0.016230  0.103996  -0.021107  0.988938  0.103808  -0.105954  -0.097839  0.993388  0.060071  0.111490  -0.049040  0.992555  0.002358  0.001845  0.002329  0.099828  -0.083121  0.229942  2.000000  
36.771608 0.016232  0.103998  -0.021104  0.988907  0.104408  -0.105653  -0.098452  0.993325  0.060110  0.111224  -0.049042  0.992585  0.002238  0.001780  0.002334  0.097310  -0.092812  0.243321  2.000000  
36.772609 0.016234  0.104000  -0.021102  0.988860  0.105015  -0.105484  -0.099065  0.993261  0.060162  0.111091  -0.049042  0.992599  0.002199  0.001750  0.002352  0.095554  -0.098322  0.263717  2.000000  
36.773856 0.016236  0.104001  -0.021100  0.988814  0.105622  -0.105314  -0.099677  0.993196  0.060214  0.110958  -0.049043  0.992614  0.002071  0.001626  0.002300  0.092223  -0.098182  0.275149  2.000000  
36.775112 0.016238  0.104003  -0.021097  0.988761  0.106427  -0.105000  -0.100494  0.993110  0.060274  0.110692  -0.049045  0.992644  0.001998  0.001588  0.002246  0.091964  -0.109317  0.304426  2.000000  
36.776380 0.016239  0.104004  -0.021095  0.988707  0.107219  -0.104700  -0.101311  0.993031  0.060213  0.110426  -0.048926  0.992679  0.001871  0.001438  0.002239  0.086040  -0.119225  0.324390  2.000000  
36.777601 0.016241  0.104005  -0.021093  0.988617  0.108234  -0.104505  -0.102330  0.992921  0.060307  0.110293  -0.048926  0.992694  0.001785  0.001355  0.002161  0.084382  -0.119683  0.349223  2.000000  
