1-Time 2-Px 3-Py 4-Pz 5-R11 6-R21 7-R31 8-R12 9-R22 10-R32 11-R13 12-R23 13-R33 14-Vx 15-Vy 16-Vz 17-Wx 18-Wy 19-Wz 20-state 21-PR11 22-PR21 23-PR31 24-PR12 25-PR22 26-PR32 27-PR13 28-PR23 29-PR33 
228.762558 0.014013  0.101105  -0.026026  0.999018  -0.035804  0.026103  -0.023245  0.078043  0.996679  -0.037722  -0.996307  0.077134  -0.000718  -0.000147  -0.000923  0.000000  0.000000  0.000000  2.000000  
228.763560 0.014012  0.101104  -0.026026  0.999028  -0.035537  0.026082  -0.023245  0.078037  0.996679  -0.037455  -0.996317  0.077135  -0.000726  -0.000146  -0.000881  0.000000  0.000000  0.000000  2.000000  
228.764796 0.014015  0.101107  -0.026026  0.999038  -0.035414  0.025875  -0.023039  0.078269  0.996666  -0.037321  -0.996303  0.077377  -0.000488  0.000012  -0.000712  0.000000  0.000000  0.000000  2.000000  
228.765797 0.014018  0.101109  -0.026024  0.999038  -0.035411  0.025880  -0.023039  0.078389  0.996657  -0.037321  -0.996294  0.077498  -0.000219  0.000200  -0.000521  0.000000  0.000000  0.000000  2.000000  
228.767047 0.014021  0.101112  -0.026022  0.999047  -0.035288  0.025673  -0.022834  0.078621  0.996643  -0.037187  -0.996280  0.077740  0.000080  0.000418  -0.000307  0.000000  0.000000  0.000000  2.000000  
228.768048 0.014025  0.101115  -0.026020  0.999052  -0.035148  0.025671  -0.022834  0.078860  0.996624  -0.037054  -0.996266  0.077982  0.000393  0.000612  -0.000087  0.000000  0.000000  0.000000  2.000000  
228.769050 0.014030  0.101118  -0.026019  0.999057  -0.035158  0.025474  -0.022628  0.079094  0.996610  -0.037054  -0.996247  0.078224  0.000707  0.000826  0.000043  0.000000  0.000000  0.000000  2.000000  
228.770051 0.014034  0.101121  -0.026019  0.999062  -0.035168  0.025277  -0.022423  0.079329  0.996596  -0.037054  -0.996228  0.078466  0.001086  0.001046  0.000118  0.000000  0.000000  0.000000  2.000000  
228.771294 0.014040  0.101123  -0.026019  0.999071  -0.035195  0.024876  -0.022011  0.079556  0.996587  -0.037054  -0.996209  0.078707  0.001503  0.001183  0.000171  0.000000  0.000000  0.000000  2.000000  
228.772297 0.014044  0.101125  -0.026019  0.999085  -0.035088  0.024463  -0.021600  0.079780  0.996578  -0.036920  -0.996195  0.078949  0.001882  0.001377  0.000295  0.000000  0.000000  0.000000  2.000000  
228.773558 0.014050  0.101128  -0.026017  0.999094  -0.034963  0.024260  -0.021394  0.080133  0.996555  -0.036786  -0.996171  0.079312  0.002310  0.001571  0.000406  0.000000  0.000000  0.000000  2.000000  
228.774794 0.014057  0.101132  -0.026016  0.999103  -0.034990  0.023859  -0.020983  0.080360  0.996545  -0.036786  -0.996152  0.079554  0.002855  0.001832  0.000549  0.000000  0.000000  0.000000  2.000000  
228.776047 0.014063  0.101135  -0.026016  0.999111  -0.035014  0.023461  -0.020572  0.080708  0.996525  -0.036786  -0.996123  0.079916  0.003350  0.002111  0.000613  0.000000  0.000000  0.000000  2.000000  
228.777298 0.014069  0.101139  -0.026017  0.999115  -0.035173  0.023074  -0.020160  0.081059  0.996505  -0.036920  -0.996088  0.080278  0.003835  0.002360  0.000571  0.000000  0.000000  0.000000  2.000000  
228.778567 0.014077  0.101145  -0.026017  0.999119  -0.035181  0.022882  -0.019955  0.081415  0.996481  -0.036920  -0.996059  0.080641  0.004379  0.002718  0.000628  0.000000  0.000000  0.000000  2.000000  
228.779799 0.014086  0.101151  -0.026017  0.999127  -0.035206  0.022484  -0.019543  0.081763  0.996460  -0.036920  -0.996030  0.081003  0.004779  0.002959  0.000528  0.000000  0.000000  0.000000  2.000000  
228.781046 0.014094  0.101157  -0.026018  0.999130  -0.035365  0.022098  -0.019132  0.082113  0.996439  -0.037054  -0.995995  0.081365  0.005047  0.003140  0.000391  0.000000  0.000000  0.000000  2.000000  
228.782047 0.014101  0.101163  -0.026017  0.999134  -0.035374  0.021905  -0.018926  0.082469  0.996414  -0.037054  -0.995966  0.081728  0.005322  0.003393  0.000309  -0.169982  0.144603  0.074217  2.000000  
228.783047 0.014109  0.101169  -0.026017  0.999138  -0.035383  0.021713  -0.018720  0.082824  0.996388  -0.037054  -0.995936  0.082090  0.005556  0.003641  0.000198  -0.182182  0.151340  0.069246  2.000000  
228.784297 0.014119  0.101177  -0.026016  0.999146  -0.035410  0.021316  -0.018309  0.083172  0.996367  -0.037054  -0.995906  0.082453  0.005856  0.003933  0.000222  -0.189317  0.171110  0.058501  2.000000  
228.785299 0.014126  0.101183  -0.026015  0.999149  -0.035419  0.021124  -0.018103  0.083527  0.996341  -0.037054  -0.995876  0.082815  0.006021  0.004127  0.000303  -0.199942  0.176462  0.053078  2.000000  
228.786300 0.014133  0.101189  -0.026013  0.999148  -0.035562  0.020942  -0.017897  0.083885  0.996315  -0.037187  -0.995841  0.083177  0.006236  0.004421  0.000397  -0.213244  0.183454  0.039402  2.000000  
228.787550 0.014141  0.101195  -0.026010  0.999152  -0.035569  0.020755  -0.017692  0.084361  0.996278  -0.037187  -0.995800  0.083660  0.006429  0.004666  0.000560  -0.225222  0.189627  0.029828  2.000000  
228.788794 0.014150  0.101204  -0.026005  0.999159  -0.035594  0.020362  -0.017280  0.084830  0.996246  -0.037187  -0.995760  0.084143  0.006612  0.005026  0.000729  -0.237002  0.203108  0.024182  2.000000  
228.789797 0.014157  0.101210  -0.026002  0.999159  -0.035589  0.020370  -0.017280  0.085071  0.996225  -0.037187  -0.995739  0.084385  0.006712  0.005228  0.000952  -0.245160  0.202369  0.015192  2.000000  
228.791047 0.014165  0.101218  -0.025997  0.999162  -0.035597  0.020182  -0.017075  0.085547  0.996188  -0.037187  -0.995698  0.084868  0.006778  0.005537  0.001262  -0.257160  0.208540  0.005608  2.000000  
228.792292 0.014173  0.101227  -0.025992  0.999169  -0.035625  0.019785  -0.016663  0.085895  0.996165  -0.037187  -0.995667  0.085230  0.006935  0.005858  0.001665  -0.266716  0.220168  -0.000033  2.000000  
228.793297 0.014180  0.101235  -0.025988  0.999173  -0.035635  0.019593  -0.016458  0.086250  0.996138  -0.037187  -0.995636  0.085593  0.007003  0.006078  0.001949  -0.276991  0.228268  -0.009619  2.000000  
228.794558 0.014190  0.101245  -0.025983  0.999176  -0.035644  0.019405  -0.016252  0.086726  0.996100  -0.037187  -0.995594  0.086076  0.007065  0.006356  0.002345  -0.284935  0.227714  -0.014175  2.000000  
228.795800 0.014200  0.101256  -0.025976  0.999179  -0.035652  0.019218  -0.016046  0.087202  0.996061  -0.037187  -0.995552  0.086559  0.007183  0.006736  0.002824  -0.297031  0.234319  -0.019299  2.000000  
228.797047 0.014211  0.101268  -0.025969  0.999174  -0.035776  0.019247  -0.016046  0.087688  0.996019  -0.037321  -0.995505  0.087041  0.007306  0.007008  0.003303  -0.302891  0.225164  -0.023103  2.000000  
228.798297 0.014223  0.101280  -0.025961  0.999178  -0.035787  0.019055  -0.015840  0.088043  0.995991  -0.037321  -0.995474  0.087404  0.007490  0.007293  0.003775  -0.305497  0.226709  -0.027866  2.000000  
228.799297 0.014233  0.101290  -0.025953  0.999181  -0.035796  0.018867  -0.015635  0.088519  0.995952  -0.037321  -0.995431  0.087887  0.007625  0.007529  0.004214  -0.315083  0.231835  -0.028295  2.000000  
228.800298 0.014244  0.101300  -0.025946  0.999176  -0.035922  0.018892  -0.015635  0.088883  0.995919  -0.037455  -0.995394  0.088248  0.007855  0.007793  0.004595  -0.319356  0.217588  -0.031642  2.000000  
228.801300 0.014254  0.101310  -0.025937  0.999179  -0.035934  0.018700  -0.015429  0.089238  0.995891  -0.037455  -0.995362  0.088611  0.008068  0.008068  0.005082  -0.322240  0.212089  -0.035882  2.000000  
228.802562 0.014267  0.101321  -0.025925  0.999179  -0.035925  0.018717  -0.015429  0.089721  0.995847  -0.037455  -0.995319  0.089094  0.008366  0.008364  0.005670  -0.330493  0.205088  -0.035361  2.000000  
228.803796 0.014279  0.101332  -0.025913  0.999182  -0.035936  0.018525  -0.015223  0.090076  0.995819  -0.037455  -0.995286  0.089456  0.008671  0.008608  0.006176  -0.330974  0.197935  -0.039355  2.000000  
228.805042 0.014292  0.101343  -0.025902  0.999185  -0.035946  0.018338  -0.015017  0.090552  0.995778  -0.037455  -0.995243  0.089939  0.008937  0.008730  0.006601  -0.336299  0.196270  -0.039098  2.000000  
228.806044 0.014303  0.101352  -0.025892  0.999185  -0.035942  0.018346  -0.015017  0.090794  0.995756  -0.037455  -0.995221  0.090180  0.009237  0.008878  0.007002  -0.336832  0.182607  -0.037981  2.000000  
228.807294 0.014316  0.101363  -0.025881  0.999185  -0.035933  0.018364  -0.015017  0.091277  0.995712  -0.037455  -0.995177  0.090663  0.009560  0.009061  0.007523  -0.341385  0.169311  -0.032443  2.000000  
228.808548 0.014330  0.101374  -0.025868  0.999189  -0.035945  0.018172  -0.014812  0.091632  0.995683  -0.037455  -0.995144  0.091025  0.009848  0.009129  0.007903  -0.341558  0.169385  -0.032521  2.000000  
228.809548 0.014342  0.101384  -0.025858  0.999189  -0.035938  0.018185  -0.014812  0.091994  0.995649  -0.037455  -0.995111  0.091387  0.010127  0.009303  0.008338  -0.345926  0.155617  -0.031372  2.000000  
228.810794 0.014357  0.101397  -0.025845  0.999189  -0.035932  0.018198  -0.014812  0.092356  0.995616  -0.037455  -0.995077  0.091749  0.010448  0.009397  0.008751  -0.346420  0.142323  -0.025797  2.000000  
228.811797 0.014369  0.101408  -0.025835  0.999189  -0.035925  0.018211  -0.014812  0.092719  0.995582  -0.037455  -0.995044  0.092111  0.010689  0.009462  0.009083  -0.346665  0.135477  -0.025252  2.000000  
228.813047 0.014384  0.101421  -0.025824  0.999189  -0.035918  0.018224  -0.014812  0.093081  0.995548  -0.037455  -0.995010  0.092473  0.010881  0.009532  0.009244  -0.345031  0.123936  -0.024541  2.000000  
228.814297 0.014399  0.101433  -0.025813  0.999189  -0.035910  0.018242  -0.014812  0.093564  0.995503  -0.037455  -0.994965  0.092956  0.011051  0.009553  0.009364  -0.346266  0.115923  -0.023766  2.000000  
228.815297 0.014410  0.101444  -0.025805  0.999189  -0.035905  0.018250  -0.014812  0.093805  0.995480  -0.037455  -0.994943  0.093198  0.011122  0.009589  0.009416  -0.343643  0.108123  -0.022992  2.000000  
228.816550 0.014425  0.101457  -0.025793  0.999192  -0.035918  0.018058  -0.014606  0.094160  0.995450  -0.037455  -0.994909  0.093560  0.011271  0.009688  0.009405  -0.339701  0.108542  -0.018601  2.000000  
228.817577 0.014437  0.101468  -0.025784  0.999192  -0.035914  0.018067  -0.014606  0.094402  0.995427  -0.037455  -0.994886  0.093801  0.011345  0.009785  0.009365  -0.334397  0.095518  -0.017541  2.000000  
228.818802 0.014452  0.101481  -0.025774  0.999192  -0.035907  0.018080  -0.014606  0.094764  0.995393  -0.037455  -0.994852  0.094163  0.011493  0.009970  0.009289  -0.334995  0.088722  -0.016977  2.000000  
228.820046 0.014466  0.101494  -0.025763  0.999192  -0.035900  0.018093  -0.014606  0.095126  0.995358  -0.037455  -0.994818  0.094525  0.011589  0.010114  0.009221  -0.331191  0.081832  -0.016395  2.000000  
228.821293 0.014480  0.101507  -0.025753  0.999192  -0.035896  0.018102  -0.014606  0.095368  0.995335  -0.037455  -0.994795  0.094766  0.011619  0.010234  0.009189  -0.327400  0.074947  -0.015799  2.000000  
228.822299 0.014491  0.101517  -0.025744  0.999192  -0.035892  0.018111  -0.014606  0.095609  0.995312  -0.037455  -0.994772  0.095008  0.011667  0.010302  0.009049  -0.323569  0.068053  -0.015198  2.000000  
228.823306 0.014501  0.101527  -0.025737  0.999192  -0.035887  0.018119  -0.014606  0.095851  0.995289  -0.037455  -0.994749  0.095249  0.011608  0.010342  0.008918  -0.319789  0.061170  -0.014594  2.000000  
228.824543 0.014515  0.101540  -0.025727  0.999192  -0.035881  0.018132  -0.014606  0.096213  0.995254  -0.037455  -0.994714  0.095611  0.011552  0.010345  0.008686  -0.317532  0.053851  -0.013878  2.000000  
228.825792 0.014530  0.101553  -0.025718  0.999197  -0.035743  0.018128  -0.014606  0.096452  0.995230  -0.037321  -0.994696  0.095853  0.011535  0.010359  0.008443  -0.309618  0.047408  -0.008825  2.000000  
228.826795 0.014541  0.101564  -0.025711  0.999197  -0.035739  0.018137  -0.014606  0.096694  0.995207  -0.037321  -0.994672  0.096094  0.011499  0.010402  0.008236  -0.305514  0.047396  -0.008838  2.000000  
228.828045 0.014555  0.101577  -0.025703  0.999197  -0.035732  0.018150  -0.014606  0.097056  0.995172  -0.037321  -0.994637  0.096456  0.011426  0.010416  0.008048  -0.301726  0.040974  -0.003785  2.000000  
228.829050 0.014567  0.101588  -0.025697  0.999197  -0.035728  0.018159  -0.014606  0.097297  0.995148  -0.037321  -0.994614  0.096697  0.011397  0.010452  0.007837  -0.296323  0.034426  -0.003193  2.000000  
228.830296 0.014581  0.101601  -0.025691  0.999197  -0.035723  0.018167  -0.014606  0.097539  0.995125  -0.037321  -0.994590  0.096939  0.011375  0.010475  0.007599  -0.289853  0.034556  0.001264  2.000000  
228.831297 0.014592  0.101611  -0.025684  0.999197  -0.035719  0.018176  -0.014606  0.097780  0.995101  -0.037321  -0.994567  0.097180  0.011325  0.010438  0.007424  -0.286068  0.027729  0.001891  2.000000  
228.832550 0.014606  0.101624  -0.025678  0.999194  -0.035694  0.018390  -0.014812  0.098029  0.995073  -0.037321  -0.994543  0.097421  0.011309  0.010443  0.007132  -0.278326  0.020908  0.002522  2.000000  
228.833562 0.014617  0.101634  -0.025672  0.999194  -0.035690  0.018398  -0.014812  0.098270  0.995050  -0.037321  -0.994520  0.097662  0.011211  0.010359  0.006924  -0.276585  0.014183  0.003181  2.000000  
228.834566 0.014628  0.101644  -0.025665  0.999194  -0.035688  0.018403  -0.014812  0.098391  0.995038  -0.037321  -0.994508  0.097783  0.011135  0.010332  0.006758  -0.268375  0.014181  0.003177  2.000000  
228.835796 0.014641  0.101657  -0.025658  0.999194  -0.035683  0.018411  -0.014812  0.098632  0.995014  -0.037321  -0.994484  0.098024  0.011134  0.010333  0.006567  -0.264741  0.007307  0.003826  2.000000  
228.836800 0.014652  0.101666  -0.025652  0.999194  -0.035681  0.018416  -0.014812  0.098753  0.995002  -0.037321  -0.994472  0.098145  0.011084  0.010296  0.006390  -0.256537  0.007307  0.003823  2.000000  
228.838043 0.014664  0.101678  -0.025644  0.999194  -0.035676  0.018424  -0.014812  0.098994  0.994978  -0.037321  -0.994448  0.098386  0.011038  0.010245  0.006292  -0.252790  0.000426  0.004477  2.000000  
228.839045 0.014675  0.101687  -0.025638  0.999194  -0.035672  0.018433  -0.014812  0.099236  0.994954  -0.037321  -0.994424  0.098627  0.010996  0.010176  0.006137  -0.250701  0.000424  0.004440  2.000000  
228.840045 0.014685  0.101697  -0.025632  0.999194  -0.035670  0.018437  -0.014812  0.099356  0.994942  -0.037321  -0.994412  0.098748  0.010891  0.010113  0.006064  -0.240543  0.000428  0.004477  2.000000  
228.841049 0.014695  0.101706  -0.025626  0.999190  -0.035647  0.018646  -0.015018  0.099484  0.994926  -0.037321  -0.994400  0.098869  0.010828  0.010052  0.006020  -0.232628  -0.006453  0.005137  2.000000  
228.842314 0.014708  0.101719  -0.025618  0.999195  -0.035509  0.018642  -0.015018  0.099724  0.994902  -0.037187  -0.994381  0.099110  0.010750  0.009988  0.006014  -0.228503  -0.006020  0.009613  2.000000  
228.843557 0.014721  0.101731  -0.025609  0.999195  -0.035505  0.018650  -0.015018  0.099965  0.994878  -0.037187  -0.994357  0.099352  0.010628  0.009936  0.006072  -0.222648  -0.005969  0.009538  2.000000  
228.844799 0.014734  0.101745  -0.025601  0.999195  -0.035500  0.018659  -0.015018  0.100207  0.994853  -0.037187  -0.994333  0.099593  0.010592  0.009970  0.006195  -0.220414  -0.006016  0.009619  2.000000  
228.846048 0.014747  0.101758  -0.025592  0.999192  -0.035475  0.018872  -0.015223  0.100455  0.994825  -0.037187  -0.994309  0.099834  0.010528  0.010011  0.006275  -0.216864  -0.019778  0.010959  2.000000  
228.847300 0.014760  0.101772  -0.025583  0.999192  -0.035473  0.018877  -0.015223  0.100576  0.994813  -0.037187  -0.994297  0.099955  0.010437  0.010001  0.006428  -0.208904  -0.019794  0.010974  2.000000  
228.848314 0.014770  0.101782  -0.025576  0.999192  -0.035468  0.018885  -0.015223  0.100817  0.994788  -0.037187  -0.994273  0.100196  0.010355  0.010027  0.006518  -0.204632  -0.019772  0.010970  2.000000  
228.849550 0.014782  0.101795  -0.025567  0.999192  -0.035466  0.018890  -0.015223  0.100938  0.994776  -0.037187  -0.994260  0.100316  0.010323  0.010049  0.006564  -0.198916  -0.019609  0.010883  2.000000  
228.850647 0.014792  0.101805  -0.025560  0.999192  -0.035464  0.018894  -0.015223  0.101059  0.994764  -0.037187  -0.994248  0.100437  0.010153  0.009985  0.006579  -0.195800  -0.019700  0.010939  2.000000  
228.851796 0.014804  0.101817  -0.025551  0.999194  -0.035305  0.019094  -0.015429  0.101305  0.994736  -0.037054  -0.994229  0.100679  0.010125  0.010063  0.006715  -0.192659  -0.026207  0.016136  2.000000  
228.852796 0.014813  0.101827  -0.025544  0.999194  -0.035303  0.019098  -0.015429  0.101426  0.994723  -0.037054  -0.994217  0.100799  0.010059  0.010104  0.006805  -0.188563  -0.026201  0.016139  2.000000  
228.854045 0.014824  0.101839  -0.025534  0.999194  -0.035301  0.019102  -0.015429  0.101546  0.994711  -0.037054  -0.994204  0.100920  0.010004  0.010166  0.006963  -0.184494  -0.026199  0.016144  2.000000  
228.855295 0.014837  0.101852  -0.025524  0.999199  -0.035165  0.019093  -0.015429  0.101665  0.994699  -0.036920  -0.994197  0.101041  0.009942  0.010222  0.007117  -0.176333  -0.026195  0.016150  2.000000  
228.856299 0.014846  0.101862  -0.025517  0.999199  -0.035163  0.019097  -0.015429  0.101786  0.994687  -0.036920  -0.994185  0.101162  0.009841  0.010190  0.007191  -0.172252  -0.026192  0.016155  2.000000  
228.857548 0.014858  0.101875  -0.025507  0.999199  -0.035161  0.019102  -0.015429  0.101906  0.994674  -0.036920  -0.994172  0.101282  0.009813  0.010222  0.007271  0.000000  0.000000  0.000000  2.000000  
228.858556 0.014867  0.101885  -0.025499  0.999201  -0.035004  0.019297  -0.015635  0.102032  0.994658  -0.036786  -0.994165  0.101403  0.009772  0.010233  0.007339  0.000000  0.000000  0.000000  2.000000  
228.859792 0.014880  0.101898  -0.025490  0.999201  -0.035002  0.019301  -0.015635  0.102153  0.994646  -0.036786  -0.994153  0.101524  0.009699  0.010182  0.007382  0.000000  0.000000  0.000000  2.000000  
228.860794 0.014890  0.101908  -0.025483  0.999201  -0.035000  0.019306  -0.015635  0.102273  0.994633  -0.036786  -0.994140  0.101644  0.009659  0.010154  0.007402  0.000000  0.000000  0.000000  2.000000  
228.861797 0.014899  0.101919  -0.025475  0.999201  -0.035000  0.019306  -0.015635  0.102273  0.994633  -0.036786  -0.994140  0.101644  0.009631  0.010203  0.007387  0.000000  0.000000  0.000000  2.000000  
228.862799 0.014909  0.101929  -0.025467  0.999206  -0.034864  0.019296  -0.015635  0.102392  0.994621  -0.036653  -0.994133  0.101766  0.009588  0.010116  0.007454  0.000000  0.000000  0.000000  2.000000  
228.863804 0.014919  0.101940  -0.025460  0.999206  -0.034862  0.019300  -0.015635  0.102513  0.994609  -0.036653  -0.994121  0.101886  0.009614  0.010145  0.007476  0.000000  0.000000  0.000000  2.000000  
228.865049 0.014932  0.101953  -0.025451  0.999214  -0.034750  0.019082  -0.015429  0.102503  0.994613  -0.036519  -0.994125  0.101887  0.009643  0.010186  0.007548  0.000000  0.000000  0.000000  2.000000  
228.866297 0.014943  0.101965  -0.025441  0.999214  -0.034750  0.019082  -0.015429  0.102503  0.994613  -0.036519  -0.994125  0.101887  0.009603  0.010158  0.007568  0.000000  0.000000  0.000000  2.000000  
228.867301 0.014952  0.101974  -0.025434  0.999219  -0.034615  0.019073  -0.015429  0.102622  0.994601  -0.036385  -0.994118  0.102008  0.009620  0.010130  0.007533  0.000000  0.000000  0.000000  2.000000  
228.868549 0.014964  0.101986  -0.025425  0.999227  -0.034503  0.018854  -0.015224  0.102613  0.994605  -0.036251  -0.994123  0.102008  0.009661  0.010127  0.007556  0.000000  0.000000  0.000000  2.000000  
228.869797 0.014976  0.101998  -0.025416  0.999227  -0.034503  0.018854  -0.015224  0.102613  0.994605  -0.036251  -0.994123  0.102008  0.009609  0.010077  0.007478  0.000000  0.000000  0.000000  2.000000  
228.870798 0.014986  0.102008  -0.025408  0.999235  -0.034391  0.018636  -0.015018  0.102604  0.994609  -0.036118  -0.994128  0.102009  0.009629  0.010051  0.007445  0.000000  0.000000  0.000000  2.000000  
228.872046 0.014998  0.102020  -0.025399  0.999235  -0.034391  0.018636  -0.015018  0.102604  0.994609  -0.036118  -0.994128  0.102009  0.009652  0.010029  0.007414  0.000000  0.000000  0.000000  2.000000  
228.873318 0.015011  0.102033  -0.025390  0.999243  -0.034279  0.018417  -0.014813  0.102595  0.994613  -0.035984  -0.994132  0.102009  0.009694  0.010027  0.007397  0.000000  0.000000  0.000000  2.000000  
228.874545 0.015023  0.102046  -0.025380  0.999247  -0.034146  0.018404  -0.014813  0.102593  0.994613  -0.035850  -0.994137  0.102010  0.009713  0.010010  0.007411  0.000000  0.000000  0.000000  2.000000  
228.875547 0.015033  0.102056  -0.025373  0.999250  -0.034167  0.018199  -0.014607  0.102586  0.994617  -0.035850  -0.994137  0.102010  0.009755  0.010016  0.007443  0.000000  0.000000  0.000000  2.000000  
228.876792 0.015046  0.102069  -0.025363  0.999258  -0.034055  0.017981  -0.014401  0.102577  0.994621  -0.035717  -0.994142  0.102010  0.009792  0.009986  0.007513  0.000000  0.000000  0.000000  2.000000  
228.877794 0.015057  0.102080  -0.025355  0.999263  -0.033922  0.017967  -0.014401  0.102575  0.994621  -0.035583  -0.994147  0.102011  0.009860  0.010047  0.007517  0.000000  0.000000  0.000000  2.000000  
228.878805 0.015067  0.102090  -0.025347  0.999266  -0.033946  0.017758  -0.014196  0.102447  0.994637  -0.035583  -0.994159  0.101890  0.009848  0.010002  0.007512  0.000000  0.000000  0.000000  2.000000  
228.880068 0.015081  0.102103  -0.025336  0.999274  -0.033834  0.017540  -0.013990  0.102438  0.994641  -0.035449  -0.994164  0.101891  0.009947  0.010038  0.007632  0.000000  0.000000  0.000000  2.000000  
228.881299 0.015093  0.102115  -0.025326  0.999281  -0.033722  0.017321  -0.013784  0.102429  0.994645  -0.035316  -0.994169  0.101891  0.010042  0.010059  0.007701  0.000000  0.000000  0.000000  2.000000  
228.882561 0.015106  0.102128  -0.025316  0.999289  -0.033612  0.017099  -0.013579  0.102300  0.994661  -0.035182  -0.994186  0.101771  0.010124  0.010152  0.007808  0.000000  0.000000  0.000000  2.000000  
228.883798 0.015119  0.102140  -0.025307  0.999296  -0.033500  0.016880  -0.013373  0.102291  0.994665  -0.035048  -0.994190  0.101771  0.010163  0.010110  0.007792  0.000000  0.000000  0.000000  2.000000  
228.884803 0.015128  0.102150  -0.025299  0.999301  -0.033369  0.016863  -0.013373  0.102169  0.994677  -0.034914  -0.994207  0.101651  0.010156  0.010104  0.007788  0.000000  0.000000  0.000000  2.000000  
228.886049 0.015141  0.102163  -0.025289  0.999308  -0.033257  0.016644  -0.013167  0.102160  0.994681  -0.034781  -0.994212  0.101652  0.010208  0.010170  0.007877  0.000000  0.000000  0.000000  2.000000  
228.887303 0.015154  0.102175  -0.025279  0.999316  -0.033147  0.016422  -0.012962  0.102031  0.994697  -0.034647  -0.994229  0.101532  0.010209  0.010174  0.007881  0.000000  0.000000  0.000000  2.000000  
228.888553 0.015167  0.102189  -0.025269  0.999323  -0.033037  0.016200  -0.012756  0.101902  0.994713  -0.034513  -0.994246  0.101411  0.010288  0.010265  0.007991  0.000000  0.000000  0.000000  2.000000  
228.889797 0.015180  0.102202  -0.025258  0.999330  -0.032925  0.015981  -0.012550  0.101893  0.994716  -0.034379  -0.994250  0.101412  0.010273  0.010301  0.008032  0.000000  0.000000  0.000000  2.000000  
228.891044 0.015193  0.102216  -0.025248  0.999342  -0.032682  0.015745  -0.012345  0.101763  0.994732  -0.034112  -0.994272  0.101292  0.010288  0.010358  0.008048  0.000000  0.000000  0.000000  2.000000  
228.892044 0.015203  0.102227  -0.025240  0.999349  -0.032572  0.015523  -0.012139  0.101634  0.994748  -0.033978  -0.994289  0.101172  0.010277  0.010388  0.008044  0.000000  0.000000  0.000000  2.000000  
228.893292 0.015216  0.102240  -0.025230  0.999356  -0.032460  0.015305  -0.011933  0.101625  0.994751  -0.033845  -0.994293  0.101173  0.010277  0.010398  0.008087  0.000000  0.000000  0.000000  2.000000  
228.894294 0.015227  0.102252  -0.025222  0.999363  -0.032349  0.015083  -0.011728  0.101497  0.994767  -0.033711  -0.994310  0.101052  0.010260  0.010450  0.008033  0.000000  0.000000  0.000000  2.000000  
228.895298 0.015237  0.102262  -0.025213  0.999367  -0.032216  0.015069  -0.011728  0.101495  0.994767  -0.033577  -0.994314  0.101053  0.010249  0.010451  0.008075  0.000000  0.000000  0.000000  2.000000  
228.896301 0.015247  0.102273  -0.025205  0.999374  -0.032106  0.014847  -0.011522  0.101366  0.994782  -0.033443  -0.994331  0.100933  0.010212  0.010496  0.008061  0.000000  0.000000  0.000000  2.000000  
228.897550 0.015259  0.102286  -0.025195  0.999381  -0.031996  0.014625  -0.011316  0.101237  0.994798  -0.033310  -0.994348  0.100813  0.010217  0.010538  0.008062  0.000000  0.000000  0.000000  2.000000  
228.898562 0.015269  0.102296  -0.025187  0.999388  -0.031883  0.014406  -0.011111  0.101229  0.994801  -0.033176  -0.994352  0.100813  0.010169  0.010545  0.008085  0.000000  0.000000  0.000000  2.000000  
228.899797 0.015281  0.102309  -0.025177  0.999399  -0.031640  0.014171  -0.010905  0.101099  0.994817  -0.032909  -0.994373  0.100693  0.010170  0.010591  0.008130  0.000000  0.000000  0.000000  2.000000  
228.900801 0.015291  0.102319  -0.025169  0.999405  -0.031529  0.013949  -0.010699  0.100971  0.994832  -0.032775  -0.994390  0.100573  0.010142  0.010610  0.008123  0.000000  0.000000  0.000000  2.000000  
228.902048 0.015303  0.102332  -0.025159  0.999412  -0.031419  0.013727  -0.010494  0.100842  0.994847  -0.032641  -0.994406  0.100453  0.010107  0.010588  0.008148  0.000000  0.000000  0.000000  2.000000  
228.903048 0.015312  0.102342  -0.025151  0.999416  -0.031287  0.013709  -0.010494  0.100720  0.994859  -0.032507  -0.994423  0.100333  0.010017  0.010577  0.008086  0.000000  0.000000  0.000000  2.000000  
228.904299 0.015324  0.102355  -0.025142  0.999423  -0.031177  0.013487  -0.010288  0.100591  0.994875  -0.032374  -0.994439  0.100213  0.009993  0.010545  0.008022  0.000000  0.000000  0.000000  2.000000  
228.905548 0.015337  0.102368  -0.025133  0.999429  -0.031066  0.013265  -0.010082  0.100463  0.994890  -0.032240  -0.994456  0.100092  0.009930  0.010486  0.007978  0.000000  0.000000  0.000000  2.000000  
228.906556 0.015346  0.102379  -0.025126  0.999436  -0.030955  0.013043  -0.009877  0.100335  0.994905  -0.032106  -0.994472  0.099972  0.009861  0.010447  0.007881  0.000000  0.000000  0.000000  2.000000  
228.907794 0.015358  0.102391  -0.025116  0.999442  -0.030844  0.012821  -0.009671  0.100206  0.994920  -0.031972  -0.994488  0.099852  0.009770  0.010398  0.007858  0.000000  0.000000  0.000000  2.000000  
228.908794 0.015368  0.102401  -0.025109  0.999446  -0.030713  0.012804  -0.009671  0.100084  0.994932  -0.031839  -0.994505  0.099732  0.009762  0.010344  0.007804  0.000000  0.000000  0.000000  2.000000  
228.910047 0.015380  0.102414  -0.025100  0.999452  -0.030602  0.012582  -0.009465  0.099956  0.994947  -0.031705  -0.994521  0.099612  0.009710  0.010324  0.007722  0.000000  0.000000  0.000000  2.000000  
228.911292 0.015391  0.102426  -0.025091  0.999459  -0.030491  0.012361  -0.009259  0.099828  0.994962  -0.031571  -0.994537  0.099491  0.009611  0.010227  0.007650  0.000000  0.000000  0.000000  2.000000  
228.912302 0.015400  0.102435  -0.025083  0.999463  -0.030359  0.012344  -0.009259  0.099706  0.994974  -0.031438  -0.994554  0.099371  0.009537  0.010125  0.007602  0.000000  0.000000  0.000000  2.000000  
228.913560 0.015411  0.102446  -0.025074  0.999469  -0.030248  0.012122  -0.009054  0.099578  0.994989  -0.031304  -0.994570  0.099251  0.009470  0.010051  0.007546  0.000000  0.000000  0.000000  2.000000  
228.914561 0.015419  0.102455  -0.025067  0.999473  -0.030118  0.012101  -0.009054  0.099335  0.995013  -0.031170  -0.994598  0.099010  0.009397  0.009940  0.007451  0.000000  0.000000  0.000000  2.000000  
228.915797 0.015430  0.102466  -0.025058  0.999479  -0.030007  0.011879  -0.008848  0.099207  0.995027  -0.031036  -0.994614  0.098890  0.009294  0.009794  0.007367  0.000000  0.000000  0.000000  2.000000  
228.917046 0.015441  0.102477  -0.025049  0.999485  -0.029896  0.011658  -0.008642  0.099079  0.995042  -0.030903  -0.994630  0.098770  0.009215  0.009679  0.007308  0.000000  0.000000  0.000000  2.000000  
228.918047 0.015449  0.102485  -0.025043  0.999489  -0.029764  0.011641  -0.008642  0.098957  0.995054  -0.030769  -0.994646  0.098649  0.009159  0.009539  0.007215  0.000000  0.000000  0.000000  2.000000  
228.919049 0.015458  0.102494  -0.025036  0.999495  -0.029653  0.011419  -0.008437  0.098829  0.995069  -0.030635  -0.994663  0.098529  0.009045  0.009402  0.007183  0.000000  0.000000  0.000000  2.000000  
228.920305 0.015468  0.102505  -0.025028  0.999499  -0.029521  0.011403  -0.008437  0.098707  0.995081  -0.030501  -0.994679  0.098409  0.008931  0.009252  0.007098  0.000000  0.000000  0.000000  2.000000  
228.921543 0.015479  0.102515  -0.025020  0.999503  -0.029391  0.011382  -0.008437  0.098465  0.995105  -0.030368  -0.994706  0.098168  0.008837  0.009117  0.007020  0.000000  0.000000  0.000000  2.000000  
228.922558 0.015487  0.102523  -0.025014  0.999509  -0.029279  0.011161  -0.008231  0.098337  0.995119  -0.030234  -0.994722  0.098048  0.008774  0.008934  0.006926  0.000000  0.000000  0.000000  2.000000  
228.923794 0.015498  0.102533  -0.025006  0.999513  -0.029148  0.011144  -0.008231  0.098215  0.995131  -0.030100  -0.994738  0.097927  0.008678  0.008800  0.006848  0.000000  0.000000  0.000000  2.000000  
228.925042 0.015508  0.102544  -0.024998  0.999517  -0.029016  0.011127  -0.008231  0.098093  0.995143  -0.029966  -0.994754  0.097807  0.008573  0.008658  0.006770  0.000000  0.000000  0.000000  2.000000  
228.926047 0.015516  0.102551  -0.024992  0.999517  -0.029017  0.011124  -0.008231  0.097973  0.995155  -0.029966  -0.994766  0.097687  0.008466  0.008475  0.006692  0.000000  0.000000  0.000000  2.000000  
228.927296 0.015526  0.102561  -0.024984  0.999525  -0.028752  0.011094  -0.008231  0.097850  0.995167  -0.029699  -0.994786  0.097567  0.008411  0.008374  0.006597  0.000000  0.000000  0.000000  2.000000  
228.928553 0.015535  0.102570  -0.024977  0.999529  -0.028621  0.011078  -0.008231  0.097728  0.995179  -0.029565  -0.994802  0.097446  0.008313  0.008230  0.006475  0.000000  0.000000  0.000000  2.000000  
228.929796 0.015545  0.102579  -0.024970  0.999535  -0.028510  0.010853  -0.008025  0.097480  0.995205  -0.029431  -0.994829  0.097205  0.008240  0.008111  0.006372  0.000000  0.000000  0.000000  2.000000  
228.930800 0.015552  0.102586  -0.024964  0.999539  -0.028378  0.010836  -0.008025  0.097358  0.995217  -0.029298  -0.994845  0.097085  0.008118  0.007947  0.006283  0.000000  0.000000  0.000000  2.000000  
228.932046 0.015562  0.102595  -0.024956  0.999541  -0.028227  0.011025  -0.008231  0.097242  0.995227  -0.029164  -0.994860  0.096965  0.008044  0.007877  0.006225  0.000000  0.000000  0.000000  2.000000  
228.933047 0.015569  0.102602  -0.024951  0.999545  -0.028095  0.011009  -0.008231  0.097120  0.995239  -0.029030  -0.994876  0.096845  0.007946  0.007766  0.006108  0.000000  0.000000  0.000000  2.000000  
228.934301 0.015578  0.102611  -0.024943  0.999552  -0.027830  0.010979  -0.008231  0.096997  0.995251  -0.028763  -0.994895  0.096725  0.007828  0.007619  0.006066  0.000000  0.000000  0.000000  2.000000  
228.935549 0.015587  0.102620  -0.024936  0.999556  -0.027698  0.010963  -0.008231  0.096875  0.995262  -0.028629  -0.994911  0.096604  0.007737  0.007529  0.005999  0.000000  0.000000  0.000000  2.000000  
228.936554 0.015594  0.102627  -0.024930  0.999560  -0.027566  0.010947  -0.008231  0.096753  0.995274  -0.028495  -0.994927  0.096484  0.007634  0.007436  0.005971  0.000000  0.000000  0.000000  2.000000  
228.937794 0.015602  0.102636  -0.024923  0.999564  -0.027435  0.010930  -0.008231  0.096632  0.995286  -0.028362  -0.994942  0.096364  0.007498  0.007348  0.005920  0.000000  0.000000  0.000000  2.000000  
228.939044 0.015611  0.102645  -0.024917  0.999568  -0.027303  0.010914  -0.008231  0.096510  0.995298  -0.028228  -0.994957  0.096243  0.007379  0.007306  0.005836  0.000000  0.000000  0.000000  2.000000  
228.940044 0.015617  0.102652  -0.024911  0.999570  -0.027150  0.011106  -0.008437  0.096514  0.995296  -0.028094  -0.994961  0.096244  0.007266  0.007241  0.005803  0.000000  0.000000  0.000000  2.000000  
228.941292 0.015625  0.102661  -0.024905  0.999577  -0.026885  0.011077  -0.008437  0.096391  0.995308  -0.027827  -0.994980  0.096124  0.007142  0.007148  0.005660  0.000000  0.000000  0.000000  2.000000  
228.942293 0.015632  0.102667  -0.024900  0.999581  -0.026753  0.011061  -0.008437  0.096270  0.995320  -0.027693  -0.994996  0.096003  0.007069  0.007113  0.005609  0.000000  0.000000  0.000000  2.000000  
228.943308 0.015638  0.102674  -0.024895  0.999585  -0.026620  0.011048  -0.008437  0.096268  0.995320  -0.027559  -0.994999  0.096004  0.006939  0.007068  0.005569  0.000000  0.000000  0.000000  2.000000  
228.944548 0.015645  0.102683  -0.024888  0.999588  -0.026488  0.011032  -0.008437  0.096147  0.995331  -0.027425  -0.995015  0.095883  0.006822  0.007036  0.005528  0.000000  0.000000  0.000000  2.000000  
228.945553 0.015651  0.102689  -0.024884  0.999596  -0.026222  0.011007  -0.008438  0.096144  0.995332  -0.027158  -0.995022  0.095884  0.006719  0.006999  0.005408  0.000000  0.000000  0.000000  2.000000  
228.946559 0.015657  0.102696  -0.024879  0.999599  -0.026090  0.010991  -0.008438  0.096022  0.995343  -0.027024  -0.995037  0.095764  0.006578  0.006947  0.005361  0.000000  0.000000  0.000000  2.000000  
228.947796 0.015664  0.102704  -0.024873  0.999601  -0.025939  0.011180  -0.008643  0.095906  0.995353  -0.026890  -0.995052  0.095643  0.006498  0.006891  0.005250  0.000000  0.000000  0.000000  2.000000  
228.949047 0.015672  0.102712  -0.024867  0.999608  -0.025672  0.011154  -0.008643  0.095904  0.995353  -0.026623  -0.995060  0.095644  0.006372  0.006847  0.005166  0.000000  0.000000  0.000000  2.000000  
228.950299 0.015678  0.102719  -0.024861  0.999615  -0.025407  0.011125  -0.008643  0.095781  0.995365  -0.026355  -0.995078  0.095524  0.006228  0.006750  0.005109  0.000000  0.000000  0.000000  2.000000  
228.951301 0.015684  0.102726  -0.024857  0.999619  -0.025274  0.011112  -0.008644  0.095779  0.995365  -0.026222  -0.995082  0.095524  0.006133  0.006684  0.004992  0.000000  0.000000  0.000000  2.000000  
228.952553 0.015691  0.102734  -0.024851  0.999622  -0.025143  0.011097  -0.008644  0.095658  0.995377  -0.026088  -0.995097  0.095404  0.006055  0.006644  0.004936  0.000000  0.000000  0.000000  2.000000  
228.953560 0.015697  0.102740  -0.024846  0.999629  -0.024876  0.011071  -0.008644  0.095655  0.995377  -0.025820  -0.995104  0.095405  0.005988  0.006569  0.004881  0.000000  0.000000  0.000000  2.000000  
228.954796 0.015704  0.102747  -0.024840  0.999633  -0.024743  0.011058  -0.008644  0.095654  0.995377  -0.025687  -0.995107  0.095405  0.005876  0.006465  0.004803  0.000000  0.000000  0.000000  2.000000  
228.956045 0.015710  0.102754  -0.024835  0.999638  -0.024459  0.011235  -0.008849  0.095536  0.995387  -0.025419  -0.995125  0.095285  0.005789  0.006349  0.004784  0.000000  0.000000  0.000000  2.000000  
228.957045 0.015716  0.102760  -0.024830  0.999641  -0.024325  0.011222  -0.008850  0.095535  0.995387  -0.025285  -0.995129  0.095285  0.005716  0.006314  0.004732  0.000000  0.000000  0.000000  2.000000  
228.958294 0.015723  0.102767  -0.024825  0.999648  -0.024059  0.011197  -0.008850  0.095533  0.995387  -0.025018  -0.995136  0.095286  0.005669  0.006221  0.004688  0.000000  0.000000  0.000000  2.000000  
228.959546 0.015729  0.102775  -0.024819  0.999651  -0.023927  0.011181  -0.008850  0.095411  0.995399  -0.024884  -0.995150  0.095166  0.005575  0.006126  0.004618  0.000000  0.000000  0.000000  2.000000  
228.960550 0.015734  0.102780  -0.024815  0.999654  -0.023794  0.011168  -0.008850  0.095409  0.995399  -0.024750  -0.995154  0.095166  0.005557  0.006071  0.004603  0.000000  0.000000  0.000000  2.000000  
228.961795 0.015740  0.102787  -0.024810  0.999661  -0.023528  0.011143  -0.008850  0.095407  0.995399  -0.024483  -0.995160  0.095167  0.005438  0.005950  0.004513  0.000000  0.000000  0.000000  2.000000  
228.963045 0.015746  0.102793  -0.024805  0.999664  -0.023396  0.011127  -0.008850  0.095285  0.995411  -0.024349  -0.995175  0.095046  0.005379  0.005892  0.004470  0.000000  0.000000  0.000000  2.000000  
228.964047 0.015751  0.102798  -0.024800  0.999671  -0.023130  0.011102  -0.008850  0.095283  0.995411  -0.024081  -0.995181  0.095047  0.005293  0.005777  0.004451  0.000000  0.000000  0.000000  2.000000  
228.965047 0.015756  0.102804  -0.024797  0.999672  -0.022977  0.011294  -0.009056  0.095286  0.995409  -0.023948  -0.995185  0.095047  0.005240  0.005721  0.004370  0.000000  0.000000  0.000000  2.000000  
228.966300 0.015761  0.102810  -0.024792  0.999675  -0.022845  0.011278  -0.009056  0.095164  0.995420  -0.023814  -0.995199  0.094927  0.005144  0.005627  0.004339  0.000000  0.000000  0.000000  2.000000  
228.967549 0.015767  0.102816  -0.024786  0.999682  -0.022579  0.011253  -0.009056  0.095162  0.995421  -0.023546  -0.995206  0.094927  0.005030  0.005484  0.004299  0.000000  0.000000  0.000000  2.000000  
228.968611 0.015772  0.102821  -0.024782  0.999685  -0.022446  0.011240  -0.009056  0.095161  0.995421  -0.023413  -0.995209  0.094928  0.004940  0.005397  0.004237  0.000000  0.000000  0.000000  2.000000  
228.969802 0.015777  0.102827  -0.024777  0.999688  -0.022313  0.011228  -0.009056  0.095160  0.995421  -0.023279  -0.995212  0.094928  0.004862  0.005330  0.004230  0.000000  0.000000  0.000000  2.000000  
228.971051 0.015783  0.102833  -0.024772  0.999689  -0.022161  0.011417  -0.009262  0.095042  0.995430  -0.023145  -0.995227  0.094807  0.004802  0.005270  0.004185  0.000000  0.000000  0.000000  2.000000  
228.972053 0.015787  0.102838  -0.024767  0.999692  -0.022028  0.011404  -0.009262  0.095041  0.995430  -0.023011  -0.995230  0.094808  0.004745  0.005184  0.004188  0.000000  0.000000  0.000000  2.000000  
228.973057 0.015792  0.102843  -0.024763  0.999695  -0.021895  0.011392  -0.009262  0.095040  0.995430  -0.022878  -0.995233  0.094808  0.004674  0.005122  0.004183  0.000000  0.000000  0.000000  2.000000  
228.974063 0.015796  0.102848  -0.024759  0.999698  -0.021762  0.011379  -0.009262  0.095039  0.995431  -0.022744  -0.995236  0.094808  0.004655  0.005064  0.004166  0.000000  0.000000  0.000000  2.000000  
228.975299 0.015802  0.102854  -0.024753  0.999704  -0.021495  0.011354  -0.009262  0.095036  0.995431  -0.022476  -0.995242  0.094809  0.004584  0.005013  0.004211  0.000000  0.000000  0.000000  2.000000  
228.976300 0.015806  0.102858  -0.024748  0.999706  -0.021344  0.011543  -0.009468  0.094918  0.995440  -0.022343  -0.995256  0.094688  0.004556  0.004956  0.004236  0.000000  0.000000  0.000000  2.000000  
228.977546 0.015811  0.102864  -0.024743  0.999709  -0.021211  0.011531  -0.009468  0.094917  0.995440  -0.022209  -0.995259  0.094689  0.004521  0.004887  0.004244  0.000000  0.000000  0.000000  2.000000  
228.978550 0.015816  0.102868  -0.024739  0.999711  -0.021078  0.011518  -0.009468  0.094916  0.995440  -0.022075  -0.995262  0.094689  0.004493  0.004831  0.004268  0.000000  0.000000  0.000000  2.000000  
228.979797 0.015821  0.102874  -0.024733  0.999717  -0.020812  0.011493  -0.009468  0.094913  0.995441  -0.021807  -0.995268  0.094690  0.004450  0.004764  0.004296  0.000000  0.000000  0.000000  2.000000  
