1-Time 2-Px 3-Py 4-Pz 5-R11 6-R21 7-R31 8-R12 9-R22 10-R32 11-R13 12-R23 13-R33 14-Vx 15-Vy 16-Vz 17-Wx 18-Wy 19-Wz 20-state 21-PR11 22-PR21 23-PR31 24-PR12 25-PR22 26-PR32 27-PR13 28-PR23 29-PR33 
38.270244 0.012521  0.098074  -0.021884  0.987010  0.070542  -0.144342  -0.069608  0.997508  0.011517  0.144795  -0.001320  0.989461  0.000119  -0.000379  -0.000338  0.000000  0.000000  0.000000  2.000000  
38.271264 0.012522  0.098074  -0.021884  0.987010  0.070542  -0.144342  -0.069608  0.997508  0.011517  0.144795  -0.001320  0.989461  0.000213  -0.000298  -0.000278  0.000000  0.000000  0.000000  2.000000  
38.272499 0.012525  0.098075  -0.021883  0.986923  0.070971  -0.144725  -0.070011  0.997477  0.011726  0.145192  -0.001440  0.989402  0.000443  -0.000201  -0.000165  0.000000  0.000000  0.000000  2.000000  
38.273501 0.012528  0.098076  -0.021882  0.986846  0.070972  -0.145253  -0.070005  0.997477  0.011763  0.145721  -0.001440  0.989325  0.000631  -0.000109  -0.000082  0.000000  0.000000  0.000000  2.000000  
38.274772 0.012532  0.098076  -0.021881  0.986748  0.070991  -0.145904  -0.069998  0.997476  0.011931  0.146383  -0.001560  0.989227  0.000933  -0.000061  0.000037  0.000000  0.000000  0.000000  2.000000  
38.276006 0.012537  0.098076  -0.021881  0.986636  0.071233  -0.146545  -0.070194  0.997458  0.012250  0.147045  -0.001800  0.989128  0.001292  -0.000013  0.000144  0.000000  0.000000  0.000000  2.000000  
38.277257 0.012543  0.098076  -0.021879  0.986528  0.071644  -0.147068  -0.070595  0.997429  0.012348  0.147574  -0.001800  0.989049  0.001710  0.000013  0.000248  0.000000  0.000000  0.000000  2.000000  
38.278259 0.012549  0.098075  -0.021879  0.986406  0.072279  -0.147579  -0.071199  0.997383  0.012598  0.148103  -0.001919  0.988970  0.002048  0.000007  0.000341  0.000000  0.000000  0.000000  2.000000  
38.279501 0.012555  0.098074  -0.021877  0.986267  0.073101  -0.148097  -0.072005  0.997323  0.012758  0.148633  -0.001919  0.988891  0.002482  -0.000017  0.000503  0.000000  0.000000  0.000000  2.000000  
38.280501 0.012561  0.098073  -0.021877  0.986158  0.073531  -0.148610  -0.072405  0.997291  0.012979  0.149162  -0.002039  0.988811  0.002810  -0.000080  0.000542  0.000000  0.000000  0.000000  2.000000  
38.281503 0.012566  0.098073  -0.021877  0.986009  0.073943  -0.149396  -0.072803  0.997260  0.013098  0.149956  -0.002039  0.988691  0.003153  -0.000040  0.000497  0.091718  0.175261  0.095954  2.000000  
38.282507 0.012571  0.098075  -0.021879  0.985858  0.074356  -0.150183  -0.073200  0.997230  0.013219  0.150749  -0.002038  0.988570  0.003469  0.000074  0.000387  0.089710  0.202186  0.109652  2.000000  
38.283750 0.012578  0.098076  -0.021882  0.985667  0.074768  -0.151232  -0.073593  0.997199  0.013359  0.151807  -0.002038  0.988408  0.003911  0.000187  0.000173  0.087770  0.238197  0.123409  2.000000  
38.284752 0.012584  0.098078  -0.021885  0.985474  0.075200  -0.152273  -0.073987  0.997166  0.013622  0.152865  -0.002158  0.988245  0.004269  0.000270  -0.000051  0.089888  0.274115  0.137141  2.000000  
38.286002 0.012593  0.098080  -0.021888  0.985264  0.075818  -0.153319  -0.074583  0.997119  0.013796  0.153923  -0.002157  0.988080  0.004824  0.000412  -0.000272  0.088989  0.310067  0.157720  2.000000  
38.287013 0.012602  0.098082  -0.021891  0.985089  0.076249  -0.154227  -0.074978  0.997086  0.014050  0.154848  -0.002277  0.987936  0.005279  0.000497  -0.000515  0.095472  0.342448  0.171917  2.000000  
38.288257 0.012614  0.098085  -0.021893  0.984877  0.076867  -0.155272  -0.075574  0.997039  0.014226  0.155906  -0.002276  0.987769  0.005851  0.000620  -0.000748  0.093583  0.374389  0.190467  2.000000  
38.289504 0.012626  0.098087  -0.021892  0.984658  0.077299  -0.156443  -0.075965  0.997005  0.014502  0.157095  -0.002396  0.987581  0.006361  0.000724  -0.000732  0.096558  0.417905  0.205805  2.000000  
38.290754 0.012638  0.098086  -0.021890  0.984416  0.077732  -0.157745  -0.076354  0.996971  0.014790  0.158416  -0.002515  0.987369  0.006838  0.000724  -0.000629  0.098783  0.462778  0.219561  2.000000  
38.291758 0.012648  0.098085  -0.021888  0.984215  0.078165  -0.158783  -0.076746  0.996937  0.015058  0.159473  -0.002634  0.987199  0.007153  0.000663  -0.000548  0.102045  0.498625  0.240144  2.000000  
38.293004 0.012660  0.098084  -0.021884  0.983926  0.078579  -0.160356  -0.077131  0.996904  0.015247  0.161058  -0.002634  0.986941  0.007531  0.000581  -0.000335  0.100287  0.552587  0.253937  2.000000  
38.294257 0.012671  0.098080  -0.021879  0.983635  0.078994  -0.161930  -0.077516  0.996872  0.015438  0.162642  -0.002633  0.986682  0.007835  0.000369  -0.000167  0.098522  0.606385  0.267658  2.000000  
38.295257 0.012680  0.098076  -0.021875  0.983418  0.079017  -0.163236  -0.077499  0.996869  0.015662  0.163962  -0.002752  0.986463  0.008067  0.000208  0.000091  0.102765  0.651257  0.267725  2.000000  
38.296501 0.012690  0.098071  -0.021871  0.983144  0.079432  -0.164677  -0.077884  0.996836  0.015844  0.165414  -0.002751  0.986220  0.008309  -0.000154  0.000396  0.101062  0.700867  0.281580  2.000000  
38.297502 0.012700  0.098068  -0.021868  0.982929  0.079640  -0.165857  -0.078071  0.996820  0.015972  0.166602  -0.002751  0.986020  0.008611  -0.000487  0.000746  0.102307  0.741319  0.288467  2.000000  
38.298752 0.012713  0.098064  -0.021863  0.982690  0.079849  -0.167169  -0.078255  0.996803  0.016111  0.167921  -0.002750  0.985797  0.009031  -0.000852  0.001286  0.100590  0.786260  0.302248  2.000000  
38.300005 0.012724  0.098062  -0.021859  0.982449  0.080058  -0.168480  -0.078440  0.996786  0.016250  0.169240  -0.002750  0.985571  0.009249  -0.001057  0.001752  0.097790  0.831096  0.309154  2.000000  
38.301263 0.012736  0.098060  -0.021854  0.982206  0.080267  -0.169791  -0.078624  0.996770  0.016390  0.170558  -0.002749  0.985344  0.009357  -0.001381  0.002468  0.098300  0.869084  0.313537  2.000000  
38.302497 0.012748  0.098060  -0.021848  0.981954  0.080271  -0.171236  -0.078604  0.996769  0.016506  0.172008  -0.002748  0.985092  0.009434  -0.001528  0.003004  0.092373  0.904787  0.300071  2.000000  
38.303510 0.012757  0.098060  -0.021842  0.981731  0.080480  -0.172415  -0.078789  0.996752  0.016636  0.173194  -0.002748  0.984884  0.009393  -0.001749  0.003489  0.089322  0.930038  0.302537  2.000000  
38.304755 0.012767  0.098058  -0.021834  0.981453  0.080505  -0.173982  -0.078767  0.996750  0.016883  0.174775  -0.002866  0.984604  0.009256  -0.001921  0.003868  0.094122  0.958753  0.307138  2.000000  
38.306006 0.012776  0.098056  -0.021826  0.981219  0.080509  -0.175295  -0.078748  0.996750  0.016989  0.176093  -0.002866  0.984369  0.009048  -0.002045  0.004244  0.085912  0.984201  0.302812  2.000000  
38.307349 0.012785  0.098052  -0.021818  0.981007  0.080512  -0.176476  -0.078731  0.996749  0.017084  0.177278  -0.002865  0.984157  0.008695  -0.002184  0.004532  0.078462  1.003385  0.281463  2.000000  
38.308505 0.012792  0.098047  -0.021809  0.980793  0.080516  -0.177657  -0.078714  0.996749  0.017178  0.178463  -0.002864  0.983942  0.008462  -0.002377  0.004930  0.074438  1.029181  0.255082  2.000000  
38.309509 0.012797  0.098041  -0.021800  0.980602  0.080541  -0.178697  -0.078699  0.996747  0.017384  0.179516  -0.002983  0.983751  0.008233  -0.002532  0.005198  0.076434  1.047040  0.241470  2.000000  
38.310754 0.012803  0.098034  -0.021788  0.980386  0.080544  -0.179878  -0.078681  0.996747  0.017478  0.180700  -0.002983  0.983534  0.007937  -0.002650  0.005704  0.069183  1.060756  0.221097  2.000000  
38.312001 0.012809  0.098027  -0.021775  0.980152  0.080753  -0.181055  -0.078866  0.996730  0.017610  0.181885  -0.002982  0.983315  0.007583  -0.002817  0.006250  0.067689  1.065402  0.212503  2.000000  
38.313002 0.012814  0.098022  -0.021764  0.979957  0.080756  -0.182104  -0.078850  0.996729  0.017695  0.182937  -0.002981  0.983120  0.007215  -0.002990  0.006865  0.065596  1.074418  0.198972  2.000000  
38.314263 0.012820  0.098015  -0.021749  0.979704  0.080533  -0.183559  -0.078627  0.996748  0.017652  0.184384  -0.002861  0.982850  0.006826  -0.003206  0.007543  0.053588  1.082892  0.173207  2.000000  
38.315501 0.012827  0.098010  -0.021733  0.979482  0.080536  -0.184739  -0.078609  0.996748  0.017747  0.185567  -0.002861  0.982627  0.006520  -0.003393  0.008283  0.051465  1.083324  0.159597  2.000000  
38.316502 0.012833  0.098007  -0.021722  0.979284  0.080539  -0.185787  -0.078593  0.996747  0.017831  0.186619  -0.002860  0.982428  0.006247  -0.003563  0.008807  0.044002  1.092582  0.139235  2.000000  
38.317504 0.012839  0.098004  -0.021710  0.979134  0.080542  -0.186573  -0.078581  0.996747  0.017894  0.187408  -0.002860  0.982278  0.005984  -0.003815  0.009241  0.042562  1.088023  0.131316  2.000000  
38.318504 0.012844  0.098000  -0.021698  0.978984  0.080544  -0.187359  -0.078569  0.996747  0.017957  0.188196  -0.002859  0.982127  0.005762  -0.003993  0.009566  0.035389  1.083575  0.111960  2.000000  
38.319752 0.012849  0.097994  -0.021685  0.978808  0.080524  -0.188286  -0.078555  0.996749  0.017910  0.189116  -0.002739  0.981951  0.005472  -0.004270  0.009970  0.028775  1.074612  0.097428  2.000000  
38.321001 0.012853  0.097988  -0.021673  0.978631  0.080526  -0.189203  -0.078540  0.996749  0.017983  0.190035  -0.002739  0.981773  0.005118  -0.004560  0.010239  0.022660  1.061825  0.084654  2.000000  
38.322260 0.012857  0.097981  -0.021660  0.978427  0.080529  -0.190250  -0.078524  0.996748  0.018067  0.191086  -0.002738  0.981569  0.004828  -0.004767  0.010592  0.016237  1.047529  0.070973  2.000000  
38.323505 0.012859  0.097974  -0.021647  0.978248  0.080509  -0.191176  -0.078510  0.996750  0.018020  0.192006  -0.002619  0.981390  0.004485  -0.004861  0.010764  0.009799  1.025176  0.057219  2.000000  
38.324757 0.012861  0.097966  -0.021633  0.978043  0.080512  -0.192223  -0.078493  0.996750  0.018104  0.193056  -0.002618  0.981184  0.004196  -0.004887  0.010991  0.004564  1.002622  0.050393  2.000000  
38.326003 0.012863  0.097959  -0.021617  0.977904  0.080308  -0.193012  -0.078280  0.996767  0.018127  0.193844  -0.002618  0.981029  0.003932  -0.004885  0.011290  0.002135  0.980351  0.036715  2.000000  
38.327004 0.012865  0.097953  -0.021604  0.977775  0.080310  -0.193666  -0.078269  0.996766  0.018180  0.194500  -0.002618  0.980899  0.003701  -0.004884  0.011407  -0.000331  0.962459  0.023048  2.000000  
38.328257 0.012868  0.097947  -0.021589  0.977619  0.080312  -0.194451  -0.078257  0.996766  0.018243  0.195287  -0.002617  0.980743  0.003492  -0.004913  0.011497  -0.001565  0.944221  0.016185  2.000000  
38.329502 0.012872  0.097940  -0.021573  0.977462  0.080314  -0.195236  -0.078244  0.996766  0.018305  0.196074  -0.002617  0.980586  0.003353  -0.004957  0.011538  -0.002791  0.927655  0.009279  2.000000  
38.330503 0.012875  0.097935  -0.021561  0.977358  0.080316  -0.195759  -0.078236  0.996766  0.018347  0.196599  -0.002616  0.980480  0.003158  -0.005037  0.011456  -0.004076  0.908365  0.002479  2.000000  
38.331752 0.012879  0.097931  -0.021546  0.977226  0.080317  -0.196413  -0.078225  0.996766  0.018400  0.197255  -0.002616  0.980349  0.002971  -0.005073  0.011471  -0.004043  0.883127  0.002410  2.000000  
38.333009 0.012884  0.097926  -0.021532  0.977068  0.080296  -0.197207  -0.078213  0.996768  0.018341  0.198042  -0.002497  0.980190  0.002814  -0.005078  0.011506  -0.008088  0.860935  0.002297  2.000000  
38.334258 0.012889  0.097920  -0.021518  0.976936  0.080273  -0.197870  -0.078202  0.996770  0.018273  0.198698  -0.002378  0.980058  0.002771  -0.005103  0.011520  -0.017597  0.827443  -0.004590  2.000000  
38.335499 0.012893  0.097914  -0.021505  0.976803  0.080275  -0.198524  -0.078191  0.996770  0.018325  0.199353  -0.002377  0.979925  0.002733  -0.005114  0.011528  -0.017462  0.807442  -0.004588  2.000000  
38.336500 0.012896  0.097909  -0.021493  0.976697  0.080252  -0.199056  -0.078183  0.996772  0.018246  0.199878  -0.002258  0.979818  0.002755  -0.005107  0.011637  -0.021511  0.789553  -0.004682  2.000000  
38.337551 0.012900  0.097903  -0.021483  0.976617  0.080253  -0.199448  -0.078176  0.996772  0.018277  0.200271  -0.002258  0.979738  0.002826  -0.005077  0.011627  -0.021659  0.767843  -0.004782  2.000000  
38.338749 0.012904  0.097896  -0.021470  0.976536  0.080230  -0.199850  -0.078170  0.996774  0.018188  0.200664  -0.002139  0.979658  0.002936  -0.005067  0.011595  -0.025566  0.744989  -0.004842  2.000000  
38.340003 0.012908  0.097888  -0.021459  0.976429  0.080231  -0.200372  -0.078161  0.996774  0.018230  0.201189  -0.002139  0.979550  0.003098  -0.005077  0.011329  -0.029613  0.722612  -0.004853  2.000000  
38.341263 0.012912  0.097881  -0.021450  0.976349  0.080207  -0.200774  -0.078155  0.996776  0.018140  0.201582  -0.002020  0.979470  0.003244  -0.005095  0.010907  -0.034974  0.695845  -0.011700  2.000000  
38.342497 0.012917  0.097874  -0.021441  0.976268  0.080208  -0.201166  -0.078149  0.996776  0.018172  0.201975  -0.002020  0.979389  0.003355  -0.005127  0.010473  -0.034990  0.664696  -0.011779  2.000000  
38.343505 0.012921  0.097869  -0.021434  0.976187  0.080233  -0.201548  -0.078142  0.996774  0.018324  0.202368  -0.002138  0.979307  0.003454  -0.005058  0.010058  -0.029871  0.638563  -0.005124  2.000000  
38.344757 0.012926  0.097864  -0.021427  0.976095  0.080029  -0.202074  -0.077933  0.996790  0.018324  0.202892  -0.002138  0.979199  0.003597  -0.005029  0.009540  -0.027144  0.611620  -0.012018  2.000000  
38.346003 0.012933  0.097859  -0.021419  0.976014  0.080030  -0.202466  -0.077926  0.996790  0.018355  0.203285  -0.002138  0.979117  0.003734  -0.004981  0.009026  -0.026932  0.584298  -0.011974  2.000000  
38.347004 0.012938  0.097855  -0.021413  0.975932  0.080031  -0.202858  -0.077920  0.996790  0.018387  0.203678  -0.002138  0.979036  0.003857  -0.004967  0.008630  -0.027170  0.562255  -0.012142  2.000000  
38.348253 0.012946  0.097851  -0.021404  0.975851  0.080032  -0.203250  -0.077913  0.996790  0.018418  0.204071  -0.002137  0.978954  0.004080  -0.004886  0.008316  -0.026958  0.544312  -0.012076  2.000000  
38.349255 0.012952  0.097848  -0.021398  0.975823  0.080032  -0.203380  -0.077911  0.996790  0.018428  0.204202  -0.002137  0.978926  0.004257  -0.004819  0.008021  -0.023105  0.521699  -0.012272  2.000000  
38.350262 0.012959  0.097845  -0.021391  0.975769  0.080008  -0.203651  -0.077906  0.996792  0.018328  0.204464  -0.002018  0.978872  0.004474  -0.004704  0.007683  -0.027182  0.503578  -0.012343  2.000000  
38.351264 0.012965  0.097841  -0.021385  0.975698  0.080214  -0.203908  -0.078103  0.996776  0.018391  0.204726  -0.002018  0.978817  0.004692  -0.004584  0.007313  -0.025819  0.490023  -0.005592  2.000000  
38.352499 0.012973  0.097837  -0.021378  0.975644  0.080189  -0.204179  -0.078099  0.996778  0.018291  0.204988  -0.001900  0.978763  0.004896  -0.004453  0.006985  -0.029914  0.463277  -0.005687  2.000000  
38.353505 0.012979  0.097833  -0.021374  0.975589  0.080190  -0.204440  -0.078094  0.996778  0.018312  0.205250  -0.001899  0.978708  0.005130  -0.004324  0.006530  -0.025622  0.450476  -0.005688  2.000000  
38.354753 0.012987  0.097828  -0.021369  0.975534  0.080166  -0.204711  -0.078090  0.996780  0.018212  0.205512  -0.001781  0.978653  0.005420  -0.004126  0.006117  -0.029674  0.423773  -0.005775  2.000000  
38.356003 0.012997  0.097824  -0.021364  0.975479  0.080166  -0.204972  -0.078085  0.996780  0.018233  0.205774  -0.001781  0.978598  0.005777  -0.003894  0.005797  -0.028303  0.405867  0.000911  2.000000  
38.357005 0.013004  0.097820  -0.021361  0.975424  0.080167  -0.205233  -0.078081  0.996780  0.018254  0.206035  -0.001780  0.978543  0.006021  -0.003765  0.005492  -0.028576  0.387260  0.000869  2.000000  
38.358022 0.013012  0.097817  -0.021358  0.975397  0.080167  -0.205363  -0.078079  0.996780  0.018264  0.206166  -0.001780  0.978515  0.006291  -0.003606  0.005253  -0.028523  0.373064  0.000837  2.000000  
38.359264 0.013023  0.097813  -0.021355  0.975326  0.080373  -0.205621  -0.078275  0.996763  0.018327  0.206428  -0.001780  0.978460  0.006627  -0.003452  0.004967  -0.027136  0.355125  0.007572  2.000000  
38.360271 0.013032  0.097811  -0.021352  0.975298  0.080373  -0.205751  -0.078273  0.996763  0.018338  0.206559  -0.001780  0.978433  0.006881  -0.003376  0.004813  -0.027129  0.341585  0.007540  2.000000  
38.361516 0.013042  0.097807  -0.021348  0.975271  0.080398  -0.205872  -0.078271  0.996761  0.018469  0.206690  -0.001899  0.978405  0.007148  -0.003300  0.004526  -0.023054  0.323644  0.007520  2.000000  
38.362751 0.013053  0.097804  -0.021346  0.975243  0.080398  -0.206002  -0.078269  0.996761  0.018480  0.206821  -0.001899  0.978377  0.007309  -0.003258  0.004132  -0.018991  0.301404  0.007455  2.000000  
38.363751 0.013060  0.097801  -0.021344  0.975188  0.080399  -0.206263  -0.078264  0.996761  0.018501  0.207083  -0.001899  0.978322  0.007436  -0.003235  0.003774  -0.018826  0.294359  0.007381  2.000000  
38.364759 0.013068  0.097798  -0.021343  0.975144  0.080604  -0.206390  -0.078463  0.996744  0.018554  0.207214  -0.001899  0.978294  0.007505  -0.003225  0.003396  -0.013495  0.278773  0.014158  2.000000  
38.366001 0.013077  0.097794  -0.021341  0.975117  0.080629  -0.206511  -0.078461  0.996742  0.018685  0.207345  -0.002017  0.978266  0.007574  -0.003213  0.003007  -0.005337  0.260813  0.014119  2.000000  
38.367002 0.013084  0.097791  -0.021340  0.975089  0.080630  -0.206641  -0.078458  0.996742  0.018696  0.207475  -0.002017  0.978238  0.007669  -0.003157  0.002701  -0.005290  0.254196  0.013992  2.000000  
38.368003 0.013091  0.097788  -0.021338  0.975089  0.080630  -0.206641  -0.078458  0.996742  0.018696  0.207475  -0.002017  0.978238  0.007687  -0.003135  0.002524  -0.001254  0.238422  0.014060  2.000000  
38.369252 0.013100  0.097785  -0.021335  0.975061  0.080630  -0.206772  -0.078456  0.996742  0.018706  0.207606  -0.002017  0.978210  0.007725  -0.003018  0.002314  -0.001250  0.229321  0.014034  2.000000  
38.370499 0.013110  0.097782  -0.021333  0.975061  0.080630  -0.206772  -0.078456  0.996742  0.018706  0.207606  -0.002017  0.978210  0.007786  -0.002892  0.002171  -0.001237  0.214057  0.013890  2.000000  
38.371501 0.013117  0.097780  -0.021330  0.975017  0.080835  -0.206898  -0.078655  0.996725  0.018759  0.207737  -0.002017  0.978183  0.007802  -0.002815  0.002136  0.004253  0.206977  0.020761  2.000000  
38.372503 0.013125  0.097778  -0.021327  0.975017  0.080835  -0.206898  -0.078655  0.996725  0.018759  0.207737  -0.002017  0.978183  0.007778  -0.002684  0.002166  0.000177  0.193385  0.020734  2.000000  
38.373750 0.013134  0.097775  -0.021324  0.974990  0.080861  -0.207019  -0.078652  0.996723  0.018891  0.207868  -0.002136  0.978155  0.007693  -0.002610  0.002153  0.004225  0.182847  0.020552  2.000000  
38.374778 0.013141  0.097774  -0.021321  0.974978  0.080656  -0.207153  -0.078449  0.996740  0.018859  0.207999  -0.002136  0.978127  0.007566  -0.002532  0.002108  0.004263  0.170705  0.020672  2.000000  
38.376005 0.013150  0.097771  -0.021319  0.974950  0.080681  -0.207274  -0.078447  0.996737  0.018990  0.208130  -0.002254  0.978099  0.007470  -0.002521  0.002044  0.000000  0.000000  0.000000  2.000000  
38.377259 0.013158  0.097768  -0.021317  0.974923  0.080707  -0.207395  -0.078445  0.996735  0.019121  0.208261  -0.002373  0.978070  0.007285  -0.002509  0.001959  0.000000  0.000000  0.000000  2.000000  
38.378268 0.013163  0.097764  -0.021317  0.974923  0.080707  -0.207395  -0.078445  0.996735  0.019121  0.208261  -0.002373  0.978070  0.007080  -0.002569  0.001860  0.000000  0.000000  0.000000  2.000000  
38.379501 0.013170  0.097760  -0.021316  0.974923  0.080732  -0.207385  -0.078445  0.996733  0.019242  0.208261  -0.002491  0.978070  0.006961  -0.002586  0.001778  0.000000  0.000000  0.000000  2.000000  
38.380502 0.013175  0.097756  -0.021315  0.974895  0.080758  -0.207505  -0.078443  0.996730  0.019374  0.208392  -0.002610  0.978042  0.006786  -0.002622  0.001749  0.000000  0.000000  0.000000  2.000000  
38.381749 0.013181  0.097752  -0.021315  0.974911  0.080577  -0.207500  -0.078242  0.996745  0.019452  0.208392  -0.002729  0.978042  0.006582  -0.002687  0.001698  0.000000  0.000000  0.000000  2.000000  
38.382752 0.013186  0.097748  -0.021314  0.974911  0.080603  -0.207490  -0.078242  0.996742  0.019573  0.208392  -0.002847  0.978041  0.006406  -0.002724  0.001620  0.000000  0.000000  0.000000  2.000000  
38.384002 0.013191  0.097744  -0.021313  0.974883  0.080628  -0.207611  -0.078240  0.996740  0.019704  0.208522  -0.002966  0.978013  0.006196  -0.002740  0.001520  0.000000  0.000000  0.000000  2.000000  
38.385252 0.013197  0.097740  -0.021312  0.974899  0.080448  -0.207605  -0.078039  0.996754  0.019782  0.208522  -0.003084  0.978013  0.005868  -0.002866  0.001384  0.000000  0.000000  0.000000  2.000000  
38.386264 0.013201  0.097737  -0.021312  0.974899  0.080473  -0.207595  -0.078039  0.996752  0.019903  0.208522  -0.003203  0.978012  0.005678  -0.002883  0.001248  0.000000  0.000000  0.000000  2.000000  
38.387501 0.013206  0.097734  -0.021312  0.974871  0.080499  -0.207716  -0.078037  0.996749  0.020034  0.208653  -0.003322  0.977984  0.005418  -0.002960  0.001017  0.000000  0.000000  0.000000  2.000000  
38.388502 0.013211  0.097731  -0.021312  0.974887  0.080319  -0.207710  -0.077836  0.996763  0.020113  0.208653  -0.003440  0.977984  0.005198  -0.003008  0.000815  0.000000  0.000000  0.000000  2.000000  
38.389748 0.013215  0.097728  -0.021312  0.974887  0.080369  -0.207691  -0.077836  0.996758  0.020354  0.208653  -0.003677  0.977983  0.004957  -0.003061  0.000639  0.000000  0.000000  0.000000  2.000000  
38.390749 0.013219  0.097725  -0.021312  0.974860  0.080395  -0.207811  -0.077834  0.996756  0.020486  0.208784  -0.003796  0.977954  0.004691  -0.003076  0.000503  0.000000  0.000000  0.000000  2.000000  
38.391751 0.013223  0.097723  -0.021312  0.974860  0.080420  -0.207802  -0.077834  0.996753  0.020607  0.208784  -0.003915  0.977954  0.004561  -0.003084  0.000411  0.000000  0.000000  0.000000  2.000000  
38.392756 0.013225  0.097720  -0.021312  0.974848  0.080241  -0.207927  -0.077631  0.996767  0.020695  0.208915  -0.004033  0.977925  0.004307  -0.003070  0.000376  0.000000  0.000000  0.000000  2.000000  
38.394002 0.013229  0.097716  -0.021311  0.974848  0.080291  -0.207907  -0.077631  0.996762  0.020937  0.208915  -0.004270  0.977924  0.004103  -0.003051  0.000369  0.000000  0.000000  0.000000  2.000000  
38.395006 0.013231  0.097712  -0.021311  0.974848  0.080316  -0.207897  -0.077631  0.996760  0.021058  0.208915  -0.004389  0.977924  0.003896  -0.003037  0.000323  0.000000  0.000000  0.000000  2.000000  
38.396007 0.013233  0.097709  -0.021311  0.974864  0.080136  -0.207892  -0.077430  0.996774  0.021136  0.208915  -0.004508  0.977923  0.003717  -0.003045  0.000285  0.000000  0.000000  0.000000  2.000000  
38.397254 0.013236  0.097704  -0.021312  0.974864  0.080187  -0.207872  -0.077430  0.996769  0.021378  0.208915  -0.004745  0.977922  0.003488  -0.003036  0.000169  0.000000  0.000000  0.000000  2.000000  
38.398257 0.013238  0.097701  -0.021312  0.974864  0.080237  -0.207853  -0.077430  0.996763  0.021620  0.208915  -0.004982  0.977921  0.003391  -0.003017  0.000101  0.000000  0.000000  0.000000  2.000000  
38.399502 0.013241  0.097697  -0.021314  0.974864  0.080288  -0.207834  -0.077430  0.996758  0.021861  0.208915  -0.005219  0.977920  0.003156  -0.003009  -0.000103  0.000000  0.000000  0.000000  2.000000  
38.400502 0.013243  0.097694  -0.021316  0.974864  0.080338  -0.207814  -0.077430  0.996753  0.022103  0.208915  -0.005457  0.977919  0.002995  -0.003025  -0.000265  0.000000  0.000000  0.000000  2.000000  
38.401754 0.013246  0.097690  -0.021318  0.974864  0.080389  -0.207795  -0.077430  0.996747  0.022345  0.208915  -0.005694  0.977917  0.002835  -0.003042  -0.000426  0.000000  0.000000  0.000000  2.000000  
38.402755 0.013249  0.097687  -0.021320  0.974880  0.080234  -0.207780  -0.077230  0.996758  0.022544  0.208915  -0.005931  0.977916  0.002728  -0.003080  -0.000550  0.000000  0.000000  0.000000  2.000000  
38.403998 0.013251  0.097684  -0.021322  0.974880  0.080284  -0.207760  -0.077230  0.996753  0.022786  0.208915  -0.006168  0.977914  0.002588  -0.003070  -0.000702  0.000000  0.000000  0.000000  2.000000  
38.405002 0.013254  0.097682  -0.021324  0.974880  0.080335  -0.207741  -0.077230  0.996747  0.023028  0.208915  -0.006405  0.977913  0.002485  -0.003086  -0.000823  0.000000  0.000000  0.000000  2.000000  
38.406004 0.013256  0.097679  -0.021324  0.974880  0.080385  -0.207721  -0.077230  0.996742  0.023269  0.208915  -0.006643  0.977911  0.002375  -0.003061  -0.000850  0.000000  0.000000  0.000000  2.000000  
38.407302 0.013259  0.097676  -0.021325  0.974880  0.080461  -0.207692  -0.077230  0.996733  0.023632  0.208915  -0.006999  0.977909  0.002311  -0.003026  -0.000884  0.000000  0.000000  0.000000  2.000000  
38.408499 0.013262  0.097672  -0.021326  0.974907  0.080510  -0.207542  -0.077232  0.996728  0.023864  0.208784  -0.007236  0.977935  0.002313  -0.003018  -0.000945  0.000000  0.000000  0.000000  2.000000  
38.409504 0.013264  0.097669  -0.021327  0.974907  0.080586  -0.207513  -0.077232  0.996719  0.024226  0.208784  -0.007592  0.977932  0.002262  -0.002968  -0.001025  0.166638  0.018196  -0.040508  2.000000  
38.410751 0.013266  0.097665  -0.021328  0.974935  0.080635  -0.207363  -0.077234  0.996713  0.024458  0.208653  -0.007829  0.977958  0.002235  -0.003002  -0.001093  0.169344  0.009136  -0.040227  2.000000  
38.411751 0.013269  0.097662  -0.021328  0.974919  0.080890  -0.207338  -0.077435  0.996690  0.024742  0.208653  -0.008067  0.977956  0.002243  -0.002923  -0.001088  0.177713  0.009145  -0.027023  2.000000  
38.412756 0.013270  0.097659  -0.021329  0.974919  0.080941  -0.207318  -0.077435  0.996684  0.024984  0.208653  -0.008304  0.977954  0.002183  -0.002893  -0.001080  0.183333  0.009227  -0.027251  2.000000  
38.414002 0.013273  0.097656  -0.021329  0.974947  0.080990  -0.207168  -0.077437  0.996678  0.025215  0.208522  -0.008541  0.977980  0.002222  -0.002783  -0.001052  0.185866  0.000159  -0.027073  2.000000  
38.415254 0.013276  0.097654  -0.021330  0.974947  0.081065  -0.207139  -0.077437  0.996669  0.025578  0.208522  -0.008897  0.977977  0.002253  -0.002694  -0.000935  0.195420  0.000124  -0.020300  2.000000  
38.416255 0.013278  0.097652  -0.021330  0.974975  0.081114  -0.206989  -0.077439  0.996663  0.025810  0.208392  -0.009135  0.978003  0.002228  -0.002619  -0.000818  0.197929  -0.004334  -0.020169  2.000000  
38.417502 0.013282  0.097650  -0.021330  0.974959  0.081395  -0.206954  -0.077640  0.996637  0.026215  0.208392  -0.009491  0.977999  0.002242  -0.002491  -0.000657  0.205036  -0.008905  -0.013594  2.000000  
38.418749 0.013285  0.097649  -0.021329  0.974987  0.081469  -0.206794  -0.077642  0.996627  0.026567  0.208261  -0.009847  0.978024  0.002262  -0.002400  -0.000499  0.212884  -0.013335  -0.006804  2.000000  
38.419750 0.013287  0.097647  -0.021330  0.974987  0.081544  -0.206764  -0.077642  0.996618  0.026930  0.208261  -0.010203  0.978020  0.002263  -0.002341  -0.000403  0.222809  -0.017942  -0.006896  2.000000  
38.420997 0.013290  0.097645  -0.021330  0.975015  0.081618  -0.206604  -0.077644  0.996608  0.027282  0.208130  -0.010559  0.978044  0.002245  -0.002249  -0.000384  0.229043  -0.022251  -0.006875  2.000000  
38.422003 0.013292  0.097643  -0.021331  0.975026  0.081872  -0.206448  -0.077847  0.996584  0.027556  0.207999  -0.010796  0.978069  0.002202  -0.002216  -0.000405  0.233807  -0.027031  0.006562  2.000000  
38.423007 0.013293  0.097642  -0.021331  0.975054  0.081945  -0.206288  -0.077849  0.996574  0.027908  0.207868  -0.011153  0.978093  0.002181  -0.002099  -0.000366  0.244031  -0.035732  0.006435  2.000000  
38.424247 0.013295  0.097639  -0.021332  0.975038  0.082225  -0.206252  -0.078050  0.996547  0.028313  0.207868  -0.011509  0.978089  0.002094  -0.002067  -0.000350  0.249632  -0.035806  0.013142  2.000000  
38.425252 0.013296  0.097636  -0.021332  0.975066  0.082299  -0.206092  -0.078052  0.996537  0.028665  0.207737  -0.011865  0.978113  0.002051  -0.001989  -0.000334  0.257595  -0.040252  0.013090  2.000000  
38.426267 0.013297  0.097635  -0.021332  0.975093  0.082347  -0.205941  -0.078055  0.996530  0.028897  0.207606  -0.012102  0.978138  0.001996  -0.001907  -0.000278  0.261081  -0.045128  0.019911  2.000000  
38.427279 0.013298  0.097633  -0.021332  0.975077  0.082627  -0.205905  -0.078255  0.996503  0.029302  0.207606  -0.012458  0.978133  0.001929  -0.001857  -0.000256  0.266477  -0.045174  0.026651  2.000000  
38.428502 0.013300  0.097631  -0.021331  0.975105  0.082701  -0.205745  -0.078258  0.996492  0.029654  0.207475  -0.012815  0.978156  0.001815  -0.001777  -0.000147  0.270758  -0.049713  0.026617  2.000000  
38.429505 0.013301  0.097629  -0.021329  0.975089  0.082981  -0.205708  -0.078458  0.996464  0.030059  0.207475  -0.013171  0.978152  0.001752  -0.001716  -0.000000  0.280359  -0.049785  0.033373  2.000000  
38.430751 0.013302  0.097627  -0.021328  0.975117  0.083054  -0.205548  -0.078461  0.996453  0.030411  0.207345  -0.013527  0.978174  0.001576  -0.001716  0.000114  0.282087  -0.053844  0.033040  2.000000  
38.431755 0.013302  0.097627  -0.021327  0.975144  0.083127  -0.205387  -0.078463  0.996442  0.030763  0.207214  -0.013883  0.978197  0.001480  -0.001660  0.000190  0.289931  -0.058863  0.040020  2.000000  
38.433001 0.013303  0.097626  -0.021325  0.975128  0.083406  -0.205350  -0.078663  0.996414  0.031168  0.207214  -0.014239  0.978192  0.001310  -0.001580  0.000272  0.293040  -0.058465  0.046388  2.000000  
38.434002 0.013302  0.097624  -0.021325  0.975156  0.083479  -0.205190  -0.078666  0.996403  0.031520  0.207083  -0.014596  0.978215  0.001101  -0.001583  0.000352  0.295479  -0.063466  0.046706  2.000000  
38.435248 0.013302  0.097624  -0.021324  0.975167  0.083757  -0.205022  -0.078869  0.996374  0.031914  0.206952  -0.014952  0.978237  0.000896  -0.001508  0.000402  0.298515  -0.067492  0.052967  2.000000  
38.436249 0.013301  0.097622  -0.021323  0.975167  0.083832  -0.204992  -0.078869  0.996362  0.032277  0.206952  -0.015308  0.978231  0.000710  -0.001482  0.000506  0.302630  -0.067524  0.052959  2.000000  
38.437252 0.013300  0.097622  -0.021322  0.975178  0.084084  -0.204834  -0.079072  0.996337  0.032550  0.206821  -0.015546  0.978255  0.000486  -0.001374  0.000586  0.304452  -0.072170  0.059684  2.000000  
38.438256 0.013298  0.097620  -0.021322  0.975206  0.084132  -0.204683  -0.079074  0.996330  0.032781  0.206690  -0.015783  0.978279  0.000273  -0.001363  0.000621  0.306424  -0.072654  0.060057  2.000000  
38.439502 0.013296  0.097619  -0.021321  0.975245  0.084407  -0.204385  -0.079279  0.996301  0.033165  0.206428  -0.016140  0.978329  0.000041  -0.001249  0.000702  0.305386  -0.081095  0.066156  2.000000  
38.440507 0.013295  0.097619  -0.021320  0.975256  0.084685  -0.204217  -0.079482  0.996271  0.033559  0.206297  -0.016497  0.978350  -0.000142  -0.001116  0.000763  0.313373  -0.081859  0.073439  2.000000  
38.441756 0.013293  0.097618  -0.021320  0.975283  0.084757  -0.204056  -0.079484  0.996259  0.033911  0.206166  -0.016853  0.978372  -0.000357  -0.001015  0.000804  0.316039  -0.086299  0.066596  2.000000  
38.443006 0.013290  0.097617  -0.021319  0.975294  0.085034  -0.203887  -0.079687  0.996229  0.034305  0.206035  -0.017210  0.978393  -0.000633  -0.000969  0.000799  0.317490  -0.086419  0.073341  2.000000  
38.444274 0.013288  0.097616  -0.021319  0.975333  0.085308  -0.203588  -0.079893  0.996200  0.034688  0.205774  -0.017567  0.978442  -0.000859  -0.000875  0.000684  0.322723  -0.095447  0.079900  2.000000  
38.445501 0.013287  0.097616  -0.021319  0.975360  0.085405  -0.203416  -0.079895  0.996183  0.035160  0.205643  -0.018042  0.978461  -0.000974  -0.000789  0.000630  0.327041  -0.100051  0.079859  2.000000  
38.446502 0.013286  0.097615  -0.021318  0.975371  0.085657  -0.203258  -0.080098  0.996157  0.035433  0.205512  -0.018280  0.978484  -0.001110  -0.000797  0.000581  0.328454  -0.100163  0.086604  2.000000  
38.447503 0.013284  0.097615  -0.021318  0.975410  0.085931  -0.202958  -0.080303  0.996127  0.035816  0.205250  -0.018637  0.978532  -0.001228  -0.000767  0.000473  0.328496  -0.109206  0.086455  2.000000  
38.448752 0.013283  0.097614  -0.021317  0.975464  0.085999  -0.202666  -0.080308  0.996114  0.036157  0.204988  -0.018994  0.978580  -0.001311  -0.000756  0.000486  0.328438  -0.113720  0.086341  2.000000  
38.450002 0.013282  0.097613  -0.021317  0.975502  0.086298  -0.202356  -0.080513  0.996079  0.036660  0.204726  -0.019470  0.978626  -0.001356  -0.000717  0.000477  0.335214  -0.117375  0.092238  2.000000  
38.451263 0.013281  0.097613  -0.021315  0.975540  0.086571  -0.202056  -0.080719  0.996048  0.037043  0.204464  -0.019827  0.978673  -0.001315  -0.000630  0.000553  0.333774  -0.122839  0.092852  2.000000  
38.452499 0.013280  0.097612  -0.021314  0.975622  0.086636  -0.201633  -0.080725  0.996035  0.037373  0.204071  -0.020185  0.978748  -0.001304  -0.000656  0.000562  0.333881  -0.136408  0.092631  2.000000  
38.453747 0.013279  0.097612  -0.021312  0.975660  0.086885  -0.201343  -0.080931  0.996009  0.037635  0.203809  -0.020424  0.978798  -0.001201  -0.000557  0.000658  0.328502  -0.139890  0.098480  2.000000  
38.454752 0.013279  0.097612  -0.021311  0.975725  0.087155  -0.200912  -0.081138  0.995978  0.038006  0.203416  -0.020782  0.978872  -0.001096  -0.000509  0.000661  0.332558  -0.148857  0.098307  2.000000  
38.456001 0.013279  0.097612  -0.021309  0.975806  0.087220  -0.200489  -0.081145  0.995965  0.038336  0.203023  -0.021140  0.978946  -0.000984  -0.000437  0.000763  0.328463  -0.162265  0.098012  2.000000  
38.457010 0.013279  0.097612  -0.021308  0.975843  0.087468  -0.200198  -0.081350  0.995938  0.038597  0.202761  -0.021378  0.978995  -0.000846  -0.000358  0.000790  0.328582  -0.166819  0.097941  2.000000  
38.458255 0.013280  0.097613  -0.021306  0.975908  0.087737  -0.199767  -0.081558  0.995907  0.038968  0.202368  -0.021736  0.979068  -0.000688  -0.000288  0.000881  0.325779  -0.175828  0.104394  2.000000  
38.459273 0.013280  0.097614  -0.021305  0.975988  0.087776  -0.199354  -0.081565  0.995898  0.039177  0.201975  -0.021976  0.979144  -0.000513  -0.000171  0.000955  0.322761  -0.190567  0.098134  2.000000  
38.460502 0.013281  0.097614  -0.021303  0.976052  0.088045  -0.198922  -0.081773  0.995866  0.039547  0.201582  -0.022334  0.979217  -0.000333  -0.000082  0.001056  0.321668  -0.198187  0.103873  2.000000  
38.461508 0.013282  0.097615  -0.021300  0.976116  0.088313  -0.198490  -0.081980  0.995834  0.039918  0.201189  -0.022692  0.979290  -0.000236  -0.000041  0.001220  0.325712  -0.208983  0.111270  2.000000  
38.462752 0.013283  0.097615  -0.021297  0.976179  0.088581  -0.198058  -0.082188  0.995802  0.040288  0.200795  -0.023050  0.979362  -0.000036  0.000085  0.001412  0.323004  -0.220678  0.110028  2.000000  
38.464001 0.013284  0.097616  -0.021295  0.976269  0.088846  -0.197495  -0.082398  0.995770  0.040647  0.200271  -0.023409  0.979461  0.000070  0.000120  0.001508  0.324364  -0.234227  0.116413  2.000000  
38.465002 0.013285  0.097616  -0.021291  0.976333  0.089089  -0.197073  -0.082606  0.995743  0.040896  0.199878  -0.023649  0.979535  0.000220  0.000164  0.001687  0.322924  -0.245182  0.117129  2.000000  
38.466264 0.013285  0.097616  -0.021287  0.976422  0.089353  -0.196510  -0.082816  0.995711  0.041255  0.199353  -0.024008  0.979634  0.000348  0.000233  0.001871  0.322810  -0.258654  0.116751  2.000000  
38.467502 0.013286  0.097615  -0.021283  0.976511  0.089593  -0.195957  -0.083026  0.995683  0.041492  0.198829  -0.024248  0.979734  0.000457  0.000248  0.002046  0.320159  -0.272366  0.123203  2.000000  
38.468749 0.013287  0.097615  -0.021279  0.976556  0.090064  -0.195516  -0.083435  0.995632  0.041902  0.198435  -0.024607  0.979805  0.000535  0.000232  0.002196  0.318935  -0.279274  0.128654  2.000000  
38.469751 0.013287  0.097615  -0.021276  0.976618  0.090283  -0.195104  -0.083642  0.995609  0.042029  0.198042  -0.024727  0.979882  0.000541  0.000215  0.002359  0.314855  -0.290818  0.136275  2.000000  
38.470997 0.013288  0.097615  -0.021271  0.976689  0.090727  -0.194542  -0.084054  0.995563  0.042306  0.197517  -0.024968  0.979981  0.000638  0.000231  0.002569  0.313561  -0.301941  0.141512  2.000000  
38.472003 0.013289  0.097615  -0.021267  0.976733  0.091174  -0.194111  -0.084463  0.995516  0.042594  0.197124  -0.025208  0.980054  0.000665  0.000192  0.002777  0.313506  -0.313694  0.149217  2.000000  
38.473005 0.013289  0.097615  -0.021262  0.976742  0.092007  -0.193673  -0.085274  0.995436  0.042840  0.196730  -0.025329  0.980130  0.000649  0.000177  0.002995  0.312261  -0.320533  0.174578  2.000000  
38.474268 0.013290  0.097615  -0.021256  0.976759  0.093042  -0.193095  -0.086288  0.995337  0.043114  0.196206  -0.025450  0.980232  0.000617  0.000087  0.003261  0.309668  -0.330137  0.201235  2.000000  
38.475499 0.013290  0.097614  -0.021249  0.976756  0.094281  -0.192507  -0.087504  0.995217  0.043426  0.195681  -0.025572  0.980334  0.000596  -0.000000  0.003575  0.305695  -0.344436  0.241159  2.000000  
38.476506 0.013290  0.097613  -0.021244  0.976725  0.095500  -0.192062  -0.088718  0.995101  0.043629  0.195287  -0.025574  0.980413  0.000563  -0.000121  0.003787  0.302788  -0.352525  0.276848  2.000000  
38.477750 0.013291  0.097609  -0.021237  0.976745  0.096712  -0.191354  -0.089936  0.994984  0.043806  0.194631  -0.025577  0.980543  0.000527  -0.000427  0.003998  0.293568  -0.371701  0.310563  2.000000  
38.478751 0.013292  0.097605  -0.021232  0.976755  0.097700  -0.190798  -0.090951  0.994890  0.043833  0.194106  -0.025461  0.980650  0.000550  -0.000721  0.004219  0.289542  -0.378013  0.341187  2.000000  
38.479751 0.013293  0.097601  -0.021228  0.976739  0.098667  -0.190385  -0.091964  0.994801  0.043751  0.193712  -0.025225  0.980734  0.000583  -0.001011  0.004292  0.272908  -0.386346  0.371048  2.000000  
38.481002 0.013296  0.097594  -0.021221  0.976708  0.100041  -0.189824  -0.093381  0.994669  0.043734  0.193187  -0.024990  0.980844  0.000698  -0.001426  0.004451  0.260718  -0.396432  0.411678  2.000000  
38.482003 0.013297  0.097588  -0.021217  0.976669  0.101237  -0.189390  -0.094595  0.994551  0.043810  0.192793  -0.024873  0.980924  0.000777  -0.001815  0.004556  0.256492  -0.401741  0.452112  2.000000  
38.483005 0.013299  0.097582  -0.021212  0.976628  0.102409  -0.188969  -0.095809  0.994437  0.043765  0.192399  -0.024637  0.981007  0.000848  -0.002271  0.004675  0.246864  -0.406978  0.485903  2.000000  
38.484006 0.013301  0.097574  -0.021207  0.976586  0.103605  -0.188535  -0.097023  0.994316  0.043838  0.192006  -0.024520  0.981087  0.000913  -0.002827  0.004768  0.238528  -0.407905  0.526489  2.000000  
38.485249 0.013303  0.097562  -0.021201  0.976481  0.105392  -0.188087  -0.098840  0.994134  0.043907  0.191612  -0.024284  0.981170  0.001031  -0.003486  0.004837  0.231126  -0.410370  0.576061  2.000000  
38.486250 0.013305  0.097553  -0.021196  0.976368  0.106977  -0.187780  -0.100453  0.993971  0.043948  0.191349  -0.024047  0.981227  0.001109  -0.004144  0.004895  0.222016  -0.410424  0.628461  2.000000  
38.487502 0.013307  0.097539  -0.021190  0.976189  0.109176  -0.187445  -0.102669  0.993737  0.044105  0.191086  -0.023810  0.981284  0.001203  -0.005148  0.004982  0.216361  -0.407624  0.703083  2.000000  
