1-Time 2-Px 3-Py 4-Pz 5-R11 6-R21 7-R31 8-R12 9-R22 10-R32 11-R13 12-R23 13-R33 14-Vx 15-Vy 16-Vz 17-Wx 18-Wy 19-Wz 20-state 21-PR11 22-PR21 23-PR31 24-PR12 25-PR22 26-PR32 27-PR13 28-PR23 29-PR33 
235.039817 0.011913  0.100462  -0.021331  0.993411  0.053922  -0.101131  0.097042  0.073708  0.992547  0.060974  -0.995821  0.067989  -0.000341  0.001115  0.005698  0.053852  -0.139238  0.288880  2.000000  
235.041050 0.011913  0.100464  -0.021321  0.993434  0.054230  -0.100734  0.096632  0.073591  0.992596  0.061241  -0.995813  0.067867  -0.000286  0.001246  0.006071  0.062488  -0.146524  0.285052  2.000000  
235.042298 0.011916  0.100467  -0.021311  0.993464  0.055086  -0.099971  0.095809  0.073623  0.992673  0.062043  -0.995764  0.067864  -0.000089  0.001410  0.006399  0.064186  -0.172881  0.304957  2.000000  
235.043298 0.011918  0.100471  -0.021301  0.993462  0.055792  -0.099600  0.095396  0.073544  0.992719  0.062710  -0.995730  0.067741  0.000085  0.001575  0.006647  0.072266  -0.177446  0.316407  2.000000  
235.044299 0.011921  0.100475  -0.021291  0.993431  0.056615  -0.099443  0.095186  0.073488  0.992743  0.063512  -0.995688  0.067616  0.000293  0.001764  0.007045  0.076780  -0.182973  0.334497  2.000000  
235.045305 0.011923  0.100478  -0.021283  0.993428  0.057320  -0.099073  0.094773  0.073407  0.992789  0.064179  -0.995653  0.067493  0.000457  0.001922  0.007301  0.081995  -0.190733  0.346625  2.000000  
235.046306 0.011927  0.100483  -0.021273  0.993443  0.058028  -0.098504  0.094156  0.073435  0.992845  0.064847  -0.995610  0.067490  0.000733  0.002142  0.007587  0.087002  -0.203568  0.361059  2.000000  
235.047556 0.011932  0.100488  -0.021262  0.993488  0.058911  -0.097529  0.093128  0.073329  0.992950  0.065648  -0.995566  0.067365  0.001078  0.002421  0.007877  0.092876  -0.230194  0.376368  2.000000  
235.048802 0.011937  0.100494  -0.021249  0.993559  0.059946  -0.096161  0.091691  0.073330  0.993084  0.066582  -0.995505  0.067361  0.001454  0.002731  0.008195  0.095986  -0.276881  0.402139  2.000000  
235.049802 0.011941  0.100499  -0.021240  0.993572  0.060923  -0.095413  0.090867  0.073486  0.993148  0.067517  -0.995434  0.067478  0.001769  0.002981  0.008465  0.092650  -0.293688  0.422726  2.000000  
235.050808 0.011946  0.100505  -0.021229  0.993592  0.061779  -0.094649  0.090044  0.073508  0.993221  0.068318  -0.995379  0.067474  0.002060  0.003277  0.008716  0.090763  -0.315672  0.440798  2.000000  
235.052053 0.011951  0.100513  -0.021218  0.993601  0.063049  -0.093708  0.089013  0.073551  0.993311  0.069519  -0.995296  0.067468  0.002439  0.003712  0.008943  0.092771  -0.341100  0.474163  2.000000  
235.053303 0.011956  0.100522  -0.021207  0.993599  0.064439  -0.092783  0.087982  0.073724  0.993390  0.070854  -0.995195  0.067583  0.002822  0.004191  0.009034  0.087183  -0.373515  0.508144  2.000000  
235.054549 0.011961  0.100531  -0.021197  0.993584  0.065963  -0.091868  0.086950  0.073906  0.993467  0.072322  -0.995081  0.067696  0.003250  0.004704  0.009117  0.085257  -0.398456  0.545834  2.000000  
235.055553 0.011967  0.100539  -0.021190  0.993576  0.067355  -0.090943  0.085919  0.074073  0.993545  0.073656  -0.994976  0.067810  0.003627  0.005142  0.009053  0.079248  -0.423433  0.583507  2.000000  
235.056816 0.011974  0.100550  -0.021181  0.993555  0.068890  -0.090020  0.084887  0.074129  0.993629  0.075124  -0.994866  0.067803  0.003989  0.005626  0.008932  0.081491  -0.448331  0.621079  2.000000  
235.058048 0.011983  0.100560  -0.021171  0.993530  0.070414  -0.089105  0.083855  0.074301  0.993704  0.076592  -0.994747  0.067916  0.004363  0.006012  0.008831  0.075712  -0.473671  0.659270  2.000000  
235.059050 0.011992  0.100568  -0.021163  0.993513  0.071806  -0.088181  0.082823  0.074460  0.993779  0.077926  -0.994635  0.068030  0.004813  0.006327  0.008738  0.069237  -0.494242  0.695671  2.000000  
235.060054 0.012002  0.100576  -0.021153  0.993487  0.073040  -0.087462  0.081997  0.074740  0.993826  0.079126  -0.994525  0.068264  0.005345  0.006676  0.008786  0.059449  -0.517074  0.729810  2.000000  
235.061303 0.012014  0.100586  -0.021142  0.993443  0.074687  -0.086567  0.080964  0.075036  0.993889  0.080726  -0.994380  0.068497  0.005852  0.006904  0.008742  0.049714  -0.541678  0.772010  2.000000  
235.062305 0.012026  0.100595  -0.021132  0.993384  0.076049  -0.086053  0.080342  0.075218  0.993925  0.082060  -0.994263  0.068610  0.006382  0.007207  0.008775  0.047091  -0.552877  0.808856  2.000000  
235.063568 0.012038  0.100604  -0.021120  0.993344  0.077565  -0.085150  0.079310  0.075497  0.993987  0.083527  -0.994125  0.068843  0.006857  0.007448  0.008735  0.037351  -0.577224  0.850694  2.000000  
235.064803 0.012050  0.100613  -0.021110  0.993291  0.079203  -0.084266  0.078277  0.075904  0.994038  0.085127  -0.993965  0.069195  0.007327  0.007592  0.008604  0.023712  -0.602138  0.893509  2.000000  
235.065825 0.012059  0.100618  -0.021104  0.993252  0.080438  -0.083550  0.077451  0.076173  0.994082  0.086326  -0.993845  0.069429  0.007644  0.007549  0.008358  0.013437  -0.619717  0.930106  2.000000  
235.067053 0.012071  0.100625  -0.021097  0.993188  0.081929  -0.082863  0.076623  0.076581  0.994115  0.087793  -0.993692  0.069782  0.008005  0.007463  0.008015  -0.001237  -0.631006  0.972222  2.000000  
235.068096 0.012079  0.100630  -0.021094  0.993132  0.083298  -0.082157  0.075796  0.076856  0.994157  0.089125  -0.993557  0.070015  0.008362  0.007305  0.007646  -0.011334  -0.648170  1.008186  2.000000  
235.069302 0.012091  0.100637  -0.021089  0.993035  0.084906  -0.081686  0.075172  0.077287  0.994171  0.090724  -0.993387  0.070366  0.008763  0.007156  0.007277  -0.025929  -0.659491  1.055391  2.000000  
235.070556 0.012101  0.100643  -0.021086  0.992975  0.086266  -0.080993  0.074345  0.077678  0.994203  0.092057  -0.993239  0.070719  0.008987  0.006877  0.006965  -0.040595  -0.670765  1.092606  2.000000  
235.071805 0.012112  0.100649  -0.021082  0.992927  0.087651  -0.080085  0.073313  0.077928  0.994260  0.093389  -0.993098  0.070951  0.009179  0.006606  0.006629  -0.050943  -0.683040  1.111367  2.000000  
235.073049 0.012123  0.100656  -0.021078  0.992849  0.089144  -0.079403  0.072486  0.078324  0.994289  0.094854  -0.992934  0.071302  0.009340  0.006349  0.006181  -0.065851  -0.688295  1.134588  2.000000  
235.074050 0.012131  0.100661  -0.021075  0.992791  0.090233  -0.078887  0.071865  0.078587  0.994314  0.095920  -0.992815  0.071536  0.009278  0.006142  0.005809  -0.075678  -0.695177  1.139509  2.000000  
235.075301 0.012140  0.100667  -0.021072  0.992721  0.091595  -0.078197  0.071038  0.078969  0.994343  0.097251  -0.992660  0.071888  0.009041  0.005883  0.005220  -0.089925  -0.707468  1.158494  2.000000  
235.076554 0.012149  0.100673  -0.021069  0.992636  0.093089  -0.077517  0.070210  0.079359  0.994371  0.098716  -0.992490  0.072238  0.008717  0.005588  0.004616  -0.106580  -0.704912  1.185538  2.000000  
235.077804 0.012157  0.100678  -0.021066  0.992547  0.094574  -0.076850  0.069383  0.079866  0.994388  0.100181  -0.992309  0.072709  0.008362  0.005261  0.003990  -0.123092  -0.689541  1.202708  2.000000  
235.078805 0.012163  0.100681  -0.021065  0.992482  0.095655  -0.076349  0.068762  0.080243  0.994401  0.101246  -0.992175  0.073062  0.008112  0.004997  0.003473  -0.135747  -0.674801  1.210704  2.000000  
235.080052 0.012169  0.100686  -0.021062  0.992403  0.097008  -0.075674  0.067936  0.080737  0.994418  0.102577  -0.992003  0.073534  0.007732  0.004738  0.003028  -0.147660  -0.666882  1.219457  2.000000  
235.081303 0.012176  0.100690  -0.021060  0.992334  0.098221  -0.075003  0.067110  0.081341  0.994424  0.103774  -0.991835  0.074126  0.007440  0.004606  0.002724  -0.165871  -0.660366  1.218591  2.000000  
235.082304 0.012180  0.100693  -0.021057  0.992306  0.099056  -0.074280  0.066287  0.081675  0.994452  0.104573  -0.991724  0.074481  0.007105  0.004453  0.002631  -0.175274  -0.659650  1.215064  2.000000  
235.083567 0.012184  0.100698  -0.021054  0.992275  0.100022  -0.073386  0.065259  0.082237  0.994474  0.105504  -0.991581  0.075075  0.006673  0.004332  0.002561  -0.194644  -0.660084  1.196578  2.000000  
235.084808 0.012189  0.100703  -0.021049  0.992229  0.101122  -0.072504  0.064231  0.082806  0.994494  0.106569  -0.991422  0.075668  0.006257  0.004247  0.002594  -0.210652  -0.653767  1.183054  2.000000  
235.086055 0.012193  0.100709  -0.021044  0.992181  0.102082  -0.071805  0.063407  0.083265  0.994508  0.107500  -0.991285  0.076141  0.005806  0.004210  0.002650  -0.222682  -0.647934  1.165134  2.000000  
235.087301 0.012197  0.100716  -0.021038  0.992143  0.103200  -0.070721  0.062174  0.083808  0.994540  0.108564  -0.991124  0.076733  0.005348  0.004234  0.002842  -0.237409  -0.655699  1.148101  2.000000  
235.088302 0.012201  0.100721  -0.021034  0.992107  0.104030  -0.070014  0.061352  0.084255  0.994554  0.109362  -0.990999  0.077207  0.005036  0.004254  0.002915  -0.248856  -0.656147  1.134632  2.000000  
235.089550 0.012204  0.100727  -0.021029  0.992052  0.105125  -0.069149  0.060323  0.084936  0.994559  0.110426  -0.990825  0.077919  0.004615  0.004275  0.002986  -0.266213  -0.650575  1.121214  2.000000  
235.090565 0.012206  0.100732  -0.021027  0.992040  0.105841  -0.068229  0.059298  0.085350  0.994585  0.111091  -0.990713  0.078394  0.004234  0.004246  0.002994  -0.275611  -0.657495  1.098843  2.000000  
235.091800 0.012209  0.100738  -0.021024  0.992038  0.106559  -0.067130  0.058068  0.085981  0.994603  0.111756  -0.990582  0.079109  0.003895  0.004299  0.003037  -0.286964  -0.673981  1.070059  2.000000  
235.093054 0.012213  0.100744  -0.021018  0.992045  0.107296  -0.065828  0.056634  0.086589  0.994633  0.112420  -0.990449  0.079824  0.003630  0.004339  0.003225  -0.303954  -0.688706  1.039193  2.000000  
235.094304 0.012217  0.100750  -0.021012  0.992051  0.108035  -0.064526  0.055200  0.087195  0.994661  0.113085  -0.990316  0.080539  0.003428  0.004416  0.003505  -0.318115  -0.703973  1.013783  2.000000  
235.095305 0.012220  0.100754  -0.021006  0.992046  0.108616  -0.063611  0.054176  0.087716  0.994671  0.113617  -0.990206  0.081134  0.003288  0.004472  0.003781  -0.328968  -0.712015  0.992136  2.000000  
235.096554 0.012226  0.100760  -0.020997  0.992047  0.109358  -0.062311  0.052742  0.088319  0.994695  0.114281  -0.990071  0.081849  0.003270  0.004622  0.004191  -0.335621  -0.727852  0.963921  2.000000  
235.097556 0.012230  0.100765  -0.020989  0.992040  0.109934  -0.061411  0.051718  0.088958  0.994692  0.114813  -0.989950  0.082564  0.003304  0.004720  0.004496  -0.353077  -0.742796  0.936712  2.000000  
235.098565 0.012235  0.100770  -0.020981  0.992031  0.110518  -0.060499  0.050693  0.089475  0.994698  0.115345  -0.989838  0.083159  0.003354  0.004832  0.004867  -0.358981  -0.757472  0.915396  2.000000  
235.099805 0.012240  0.100776  -0.020971  0.992026  0.111258  -0.059215  0.049260  0.090193  0.994705  0.116009  -0.989690  0.083993  0.003399  0.004905  0.005176  -0.372326  -0.779667  0.890745  2.000000  
235.100806 0.012245  0.100781  -0.020964  0.992014  0.111844  -0.058304  0.048236  0.090707  0.994709  0.116541  -0.989577  0.084588  0.003483  0.004892  0.005374  -0.382372  -0.794228  0.874082  2.000000  
235.102075 0.012250  0.100787  -0.020956  0.992014  0.112606  -0.056818  0.046598  0.091399  0.994724  0.117205  -0.989427  0.085422  0.003576  0.004826  0.005528  -0.398628  -0.822633  0.849181  2.000000  
235.103303 0.012256  0.100794  -0.020949  0.992011  0.113371  -0.055333  0.044961  0.092088  0.994735  0.117870  -0.989276  0.086255  0.003749  0.004856  0.005655  -0.407422  -0.851011  0.832736  2.000000  
235.104549 0.012262  0.100800  -0.020941  0.991996  0.114119  -0.054054  0.043527  0.092798  0.994733  0.118534  -0.989124  0.087088  0.003914  0.004868  0.005908  -0.424726  -0.873095  0.813021  2.000000  
235.105554 0.012268  0.100806  -0.020933  0.991985  0.114730  -0.052941  0.042299  0.093283  0.994741  0.119065  -0.989007  0.087682  0.004133  0.004986  0.006249  -0.430353  -0.887196  0.796325  2.000000  
235.106565 0.012273  0.100813  -0.020925  0.991973  0.115336  -0.051843  0.041071  0.093887  0.994735  0.119597  -0.988880  0.088396  0.004327  0.005068  0.006671  -0.443478  -0.909852  0.772794  2.000000  
235.107803 0.012280  0.100821  -0.020915  0.991959  0.116109  -0.050363  0.039434  0.094568  0.994737  0.120261  -0.988724  0.089229  0.004498  0.005210  0.006984  -0.451524  -0.937671  0.752332  2.000000  
235.109049 0.012286  0.100828  -0.020906  0.991942  0.116878  -0.048897  0.037798  0.095367  0.994724  0.120925  -0.988557  0.090181  0.004656  0.005316  0.007174  -0.463722  -0.966201  0.733149  2.000000  
235.110053 0.012291  0.100834  -0.020898  0.991923  0.117490  -0.047802  0.036570  0.095966  0.994713  0.121456  -0.988426  0.090894  0.004776  0.005411  0.007325  -0.473171  -0.989528  0.714006  2.000000  
235.111302 0.012297  0.100840  -0.020890  0.991900  0.118269  -0.046325  0.034933  0.096640  0.994706  0.122120  -0.988268  0.091726  0.004812  0.005463  0.007258  -0.476644  -1.015431  0.702654  2.000000  
235.112315 0.012301  0.100845  -0.020884  0.991877  0.118884  -0.045232  0.033706  0.097236  0.994690  0.122651  -0.988135  0.092439  0.004786  0.005451  0.007144  -0.486959  -1.031393  0.691552  2.000000  
235.113567 0.012307  0.100852  -0.020877  0.991833  0.119800  -0.043770  0.032069  0.097910  0.994678  0.123448  -0.987958  0.093269  0.004777  0.005461  0.006903  -0.493222  -1.055445  0.691280  2.000000  
235.114804 0.012313  0.100859  -0.020871  0.991779  0.120698  -0.042513  0.030637  0.098606  0.994655  0.124245  -0.987780  0.094098  0.004846  0.005512  0.006715  -0.496807  -1.063296  0.686599  2.000000  
235.115805 0.012318  0.100864  -0.020865  0.991749  0.121323  -0.041409  0.029409  0.099076  0.994645  0.124776  -0.987656  0.094691  0.004862  0.005532  0.006590  -0.502535  -1.086430  0.680568  2.000000  
235.117158 0.012324  0.100870  -0.020859  0.991696  0.122244  -0.039950  0.027773  0.099743  0.994626  0.125572  -0.987475  0.095520  0.004847  0.005492  0.006469  -0.506175  -1.096332  0.671160  2.000000  
235.118304 0.012329  0.100876  -0.020852  0.991639  0.123168  -0.038493  0.026137  0.100407  0.994603  0.126369  -0.987293  0.096348  0.004877  0.005482  0.006468  -0.512583  -1.120907  0.667163  2.000000  
235.119558 0.012335  0.100881  -0.020846  0.991579  0.124094  -0.037038  0.024501  0.101068  0.994578  0.127165  -0.987110  0.097176  0.004799  0.005384  0.006316  -0.513125  -1.141091  0.665317  2.000000  
235.120801 0.012340  0.100886  -0.020840  0.991516  0.125027  -0.035569  0.022866  0.101606  0.994562  0.127961  -0.986937  0.097885  0.004699  0.005207  0.006058  -0.514637  -1.154337  0.667358  2.000000  
235.121804 0.012344  0.100889  -0.020836  0.991457  0.125792  -0.034482  0.021639  0.102069  0.994542  0.128625  -0.986792  0.098475  0.004629  0.004976  0.005770  -0.513923  -1.153473  0.672547  2.000000  
235.123053 0.012348  0.100893  -0.020833  0.991362  0.126817  -0.033438  0.020412  0.102656  0.994507  0.129553  -0.986600  0.099181  0.004436  0.004674  0.005304  -0.512017  -1.148995  0.681696  2.000000  
235.124298 0.012352  0.100896  -0.020830  0.991286  0.127730  -0.032193  0.018981  0.103333  0.994466  0.130349  -0.986411  0.100008  0.004323  0.004423  0.004910  -0.515246  -1.148108  0.687132  2.000000  
235.125550 0.012355  0.100898  -0.020829  0.991190  0.128780  -0.030947  0.017551  0.103889  0.994434  0.131278  -0.986216  0.100713  0.004109  0.004115  0.004342  -0.513417  -1.153413  0.697438  2.000000  
235.126800 0.012358  0.100900  -0.020829  0.991109  0.129699  -0.029689  0.016121  0.104440  0.994401  0.132074  -0.986038  0.101420  0.003930  0.003817  0.003844  -0.508418  -1.152198  0.702691  2.000000  
235.127801 0.012360  0.100901  -0.020829  0.991036  0.130449  -0.028813  0.015099  0.104919  0.994366  0.132737  -0.985888  0.102009  0.003758  0.003548  0.003442  -0.507678  -1.151243  0.707807  2.000000  
235.128808 0.012361  0.100903  -0.020829  0.990983  0.131089  -0.027718  0.013874  0.105369  0.994336  0.133267  -0.985755  0.102600  0.003524  0.003294  0.003052  -0.503833  -1.153697  0.709351  2.000000  
235.130053 0.012363  0.100905  -0.020828  0.990895  0.132013  -0.026464  0.012444  0.105913  0.994298  0.134063  -0.985573  0.103306  0.003263  0.002967  0.002723  -0.498901  -1.152689  0.714781  2.000000  
235.131053 0.012364  0.100907  -0.020827  0.990817  0.132765  -0.025590  0.011423  0.106388  0.994259  0.134726  -0.985421  0.103894  0.003030  0.002750  0.002462  -0.497396  -1.148821  0.719139  2.000000  
235.132302 0.012366  0.100910  -0.020825  0.990724  0.133695  -0.024322  0.009994  0.106807  0.994230  0.135521  -0.985250  0.104480  0.002725  0.002498  0.002150  -0.490181  -1.144261  0.724863  2.000000  
235.133303 0.012367  0.100910  -0.020824  0.990661  0.134318  -0.023436  0.008974  0.107277  0.994189  0.136051  -0.985114  0.105070  0.002508  0.002300  0.001898  -0.490488  -1.137077  0.724997  2.000000  
235.134559 0.012368  0.100912  -0.020823  0.990544  0.135359  -0.022388  0.007749  0.107722  0.994151  0.136979  -0.984923  0.105654  0.002142  0.001963  0.001450  -0.482855  -1.121227  0.733004  2.000000  
235.135804 0.012368  0.100913  -0.020822  0.990442  0.136270  -0.021328  0.006525  0.108162  0.994112  0.137774  -0.984749  0.106240  0.001825  0.001734  0.001129  -0.474759  -1.113405  0.737674  2.000000  
235.136805 0.012368  0.100913  -0.020822  0.990357  0.137052  -0.020237  0.005301  0.108480  0.994085  0.138437  -0.984606  0.106707  0.001622  0.001546  0.000889  -0.465856  -1.112329  0.742752  2.000000  
235.138050 0.012368  0.100913  -0.020822  0.990271  0.137853  -0.018976  0.003874  0.109008  0.994033  0.139099  -0.984436  0.107414  0.001377  0.001339  0.000717  -0.462002  -1.105081  0.743117  2.000000  
235.139057 0.012368  0.100913  -0.020821  0.990181  0.138615  -0.018092  0.002854  0.109351  0.993999  0.139762  -0.984291  0.107881  0.001126  0.001172  0.000580  -0.453911  -1.096940  0.747349  2.000000  
235.140299 0.012368  0.100913  -0.020820  0.990071  0.139530  -0.017036  0.001631  0.109783  0.993954  0.140557  -0.984113  0.108466  0.000887  0.001025  0.000642  -0.442784  -1.082485  0.751537  2.000000  
235.141301 0.012368  0.100913  -0.020818  0.989978  0.140296  -0.016136  0.000611  0.110002  0.993931  0.141219  -0.983980  0.108814  0.000750  0.000943  0.000778  -0.434411  -1.072096  0.754548  2.000000  
235.142549 0.012369  0.100914  -0.020815  0.989864  0.141235  -0.014877  -0.000815  0.110402  0.993887  0.142014  -0.983801  0.109398  0.000623  0.000877  0.000959  -0.426476  -1.064419  0.759207  2.000000  
235.143564 0.012369  0.100915  -0.020813  0.989767  0.142024  -0.013774  -0.002038  0.110587  0.993864  0.142676  -0.983666  0.109745  0.000546  0.000813  0.001099  -0.413535  -1.063775  0.759686  2.000000  
235.144800 0.012370  0.100916  -0.020812  0.989629  0.143097  -0.012531  -0.003464  0.110982  0.993816  0.143603  -0.983466  0.110327  0.000469  0.000743  0.001078  -0.404468  -1.062651  0.764898  2.000000  
235.145807 0.012370  0.100916  -0.020811  0.989547  0.143756  -0.011415  -0.004686  0.111164  0.993791  0.144133  -0.983350  0.110676  0.000400  0.000618  0.001087  -0.392517  -1.057924  0.761325  2.000000  
235.147057 0.012371  0.100917  -0.020810  0.989401  0.144878  -0.009747  -0.006518  0.111374  0.993757  0.145059  -0.983161  0.111138  0.000322  0.000504  0.001029  -0.382970  -1.071330  0.773756  2.000000  
235.148303 0.012371  0.100917  -0.020809  0.989273  0.145847  -0.008271  -0.008147  0.111611  0.993719  0.145854  -0.982991  0.111602  0.000287  0.000466  0.000991  -0.368636  -1.067086  0.771852  2.000000  
235.149557 0.012372  0.100918  -0.020808  0.989138  0.146840  -0.006573  -0.009978  0.111694  0.993693  0.146648  -0.982834  0.111946  0.000289  0.000444  0.001038  -0.350611  -1.073263  0.773210  2.000000  
235.150560 0.012373  0.100920  -0.020805  0.989005  0.147788  -0.005284  -0.011403  0.111835  0.993661  0.147442  -0.982676  0.112290  0.000356  0.000488  0.001147  -0.341216  -1.074489  0.779251  2.000000  
235.151804 0.012374  0.100921  -0.020802  0.988846  0.148890  -0.003825  -0.013030  0.112061  0.993616  0.148368  -0.982484  0.112751  0.000373  0.000545  0.001329  -0.331165  -1.080406  0.785230  2.000000  
235.153052 0.012375  0.100923  -0.020798  0.988681  0.150017  -0.002144  -0.014860  0.112133  0.993582  0.149294  -0.982304  0.113093  0.000473  0.000655  0.001606  -0.311856  -1.093438  0.787364  2.000000  
235.154300 0.012377  0.100925  -0.020793  0.988488  0.151298  -0.000275  -0.016892  0.112168  0.993546  0.150353  -0.982103  0.113432  0.000588  0.000774  0.001852  -0.295614  -1.113093  0.794844  2.000000  
235.155302 0.012378  0.100926  -0.020789  0.988342  0.152248  0.001011  -0.018314  0.112296  0.993506  0.151146  -0.981942  0.113775  0.000648  0.000905  0.002061  -0.284565  -1.125477  0.801152  2.000000  
235.156553 0.012379  0.100928  -0.020785  0.988160  0.153400  0.002875  -0.020346  0.112446  0.993450  0.152072  -0.981746  0.114235  0.000717  0.000980  0.002130  -0.272403  -1.144739  0.808497  2.000000  
235.157553 0.012381  0.100931  -0.020782  0.987982  0.154505  0.004367  -0.021970  0.112414  0.993419  0.152998  -0.981576  0.114457  0.000819  0.001086  0.002231  -0.256228  -1.163718  0.820167  2.000000  
235.158801 0.012383  0.100934  -0.020779  0.987771  0.155790  0.006214  -0.024000  0.112552  0.993356  0.154055  -0.981357  0.114914  0.000862  0.001206  0.002282  -0.245193  -1.178862  0.834932  2.000000  
235.159804 0.012384  0.100936  -0.020776  0.987585  0.156896  0.007685  -0.025623  0.112633  0.993306  0.154981  -0.981171  0.115254  0.000986  0.001371  0.002400  -0.233064  -1.197322  0.846420  2.000000  
235.161050 0.012386  0.100940  -0.020773  0.987358  0.158204  0.009754  -0.027855  0.112609  0.993249  0.156038  -0.980964  0.115592  0.001044  0.001539  0.002462  -0.215754  -1.222761  0.858979  2.000000  
235.162057 0.012388  0.100943  -0.020771  0.987164  0.159311  0.011243  -0.029477  0.112562  0.993207  0.156963  -0.980790  0.115813  0.001131  0.001706  0.002571  -0.203122  -1.238488  0.871710  2.000000  
235.163303 0.012390  0.100946  -0.020769  0.986884  0.160881  0.013278  -0.031706  0.112520  0.993144  0.158284  -0.980539  0.116145  0.001247  0.001904  0.002686  -0.186080  -1.265253  0.896303  2.000000  
235.164556 0.012393  0.100949  -0.020767  0.986605  0.162429  0.015109  -0.033730  0.112505  0.993079  0.159605  -0.980285  0.116477  0.001360  0.002066  0.002694  -0.172394  -1.290187  0.913318  2.000000  
235.165556 0.012394  0.100951  -0.020766  0.986390  0.163559  0.016800  -0.035553  0.112412  0.993026  0.160530  -0.980108  0.116697  0.001397  0.002117  0.002629  -0.157271  -1.320110  0.928136  2.000000  
235.166558 0.012396  0.100954  -0.020765  0.986129  0.164951  0.018459  -0.037373  0.112305  0.992971  0.161718  -0.979887  0.116911  0.001507  0.002230  0.002547  -0.144670  -1.337896  0.948757  2.000000  
235.167806 0.012399  0.100957  -0.020764  0.985795  0.166676  0.020680  -0.039799  0.112200  0.992888  0.163170  -0.979607  0.117240  0.001600  0.002330  0.002335  -0.125660  -1.367936  0.980055  2.000000  
235.169053 0.012402  0.100959  -0.020765  0.985452  0.168401  0.022899  -0.042224  0.112087  0.992801  0.164622  -0.979325  0.117567  0.001682  0.002339  0.001926  -0.111731  -1.400447  1.004740  2.000000  
235.170054 0.012404  0.100961  -0.020766  0.985152  0.169924  0.024540  -0.044040  0.111957  0.992737  0.165942  -0.979077  0.117778  0.001797  0.002356  0.001587  -0.095600  -1.429420  1.033651  2.000000  
235.171301 0.012407  0.100963  -0.020767  0.984782  0.171756  0.026537  -0.046258  0.111860  0.992647  0.167525  -0.978768  0.118103  0.001872  0.002335  0.001267  -0.086724  -1.453970  1.061391  2.000000  
235.172312 0.012409  0.100964  -0.020769  0.984460  0.173301  0.028380  -0.048275  0.111683  0.992571  0.168844  -0.978516  0.118313  0.001887  0.002271  0.000902  -0.070274  -1.483127  1.090655  2.000000  
235.173564 0.012412  0.100966  -0.020770  0.984053  0.175264  0.030359  -0.050489  0.111564  0.992474  0.170558  -0.978180  0.118634  0.002006  0.002184  0.000565  -0.059719  -1.506365  1.121195  2.000000  
235.174801 0.012416  0.100967  -0.020772  0.983639  0.177227  0.032336  -0.052701  0.111437  0.992373  0.172272  -0.977841  0.118954  0.002083  0.002066  0.000264  -0.046246  -1.523009  1.156131  2.000000  
235.175825 0.012418  0.100968  -0.020774  0.983285  0.178878  0.033956  -0.054509  0.111269  0.992294  0.173721  -0.977559  0.119160  0.002125  0.001924  -0.000054  -0.037067  -1.538206  1.184670  2.000000  
235.177049 0.012421  0.100969  -0.020776  0.982833  0.180966  0.035937  -0.056717  0.110999  0.992201  0.175566  -0.977205  0.119357  0.002175  0.001761  -0.000320  -0.026245  -1.548566  1.219508  2.000000  
235.178050 0.012423  0.100969  -0.020779  0.982490  0.182490  0.037549  -0.058524  0.110947  0.992102  0.176883  -0.976928  0.119684  0.002185  0.001589  -0.000637  -0.022337  -1.558369  1.243510  2.000000  
235.179057 0.012425  0.100969  -0.020781  0.982119  0.184135  0.039189  -0.060328  0.110641  0.992028  0.178331  -0.976654  0.119771  0.002204  0.001389  -0.000943  -0.007226  -1.574516  1.277206  2.000000  
235.180308 0.012427  0.100969  -0.020787  0.981645  0.186226  0.041144  -0.062531  0.110468  0.991911  0.180174  -0.976277  0.120085  0.002213  0.001182  -0.001408  -0.002549  -1.583961  1.310961  2.000000  
235.181555 0.012428  0.100968  -0.020794  0.981152  0.188418  0.042900  -0.064528  0.110197  0.991813  0.182148  -0.975887  0.120278  0.002144  0.000896  -0.001963  0.008344  -1.591465  1.347813  2.000000  
235.182558 0.012430  0.100966  -0.020799  0.980737  0.190196  0.044499  -0.066326  0.109982  0.991718  0.183726  -0.975566  0.120479  0.002070  0.000618  -0.002405  0.014719  -1.601089  1.381641  2.000000  
235.183566 0.012431  0.100965  -0.020805  0.980317  0.191967  0.046120  -0.068122  0.109641  0.991634  0.185304  -0.975258  0.120561  0.002007  0.000408  -0.002777  0.024072  -1.603991  1.404089  2.000000  
235.184807 0.012432  0.100963  -0.020813  0.979762  0.194308  0.048061  -0.070314  0.109297  0.991519  0.187408  -0.974832  0.120748  0.001916  0.000140  -0.003194  0.035388  -1.612388  1.447378  2.000000  
235.186052 0.012434  0.100960  -0.020822  0.979198  0.196648  0.050001  -0.072502  0.108944  0.991400  0.189510  -0.974403  0.120935  0.001829  -0.000207  -0.003711  0.045248  -1.613196  1.482693  2.000000  
235.187299 0.012436  0.100957  -0.020830  0.978625  0.198980  0.051963  -0.074689  0.108460  0.991291  0.191612  -0.973983  0.121003  0.001781  -0.000461  -0.004084  0.061541  -1.615433  1.515118  2.000000  
235.188300 0.012436  0.100955  -0.020837  0.978125  0.201006  0.053550  -0.076474  0.108069  0.991198  0.193450  -0.973611  0.121076  0.001651  -0.000724  -0.004454  0.071645  -1.617873  1.553868  2.000000  
235.189300 0.012437  0.100951  -0.020844  0.977619  0.203024  0.055160  -0.078257  0.107551  0.991115  0.195287  -0.973249  0.121031  0.001554  -0.001036  -0.004848  0.085000  -1.619176  1.583377  2.000000  
235.190301 0.012439  0.100948  -0.020851  0.977132  0.204916  0.056762  -0.080040  0.107156  0.991015  0.196993  -0.972896  0.121107  0.001461  -0.001345  -0.005299  0.096588  -1.621484  1.615651  2.000000  
235.191549 0.012440  0.100942  -0.020861  0.976526  0.207240  0.058722  -0.082217  0.106637  0.990893  0.199091  -0.972461  0.121173  0.001373  -0.001742  -0.005725  0.107707  -1.617033  1.647203  2.000000  
235.192549 0.012441  0.100938  -0.020869  0.975999  0.209252  0.060332  -0.083994  0.106097  0.990802  0.200926  -0.972089  0.121127  0.001317  -0.002049  -0.006090  0.119608  -1.619995  1.679842  2.000000  
235.193563 0.012443  0.100933  -0.020876  0.975465  0.211262  0.061942  -0.085769  0.105550  0.990708  0.202761  -0.971714  0.121080  0.001265  -0.002415  -0.006434  0.130288  -1.615151  1.705571  2.000000  
235.194800 0.012445  0.100927  -0.020885  0.974761  0.213852  0.064099  -0.088135  0.104817  0.990578  0.205119  -0.971226  0.121019  0.001267  -0.002829  -0.006690  0.148181  -1.622708  1.747157  2.000000  
235.195807 0.012447  0.100921  -0.020892  0.974184  0.215987  0.065692  -0.089903  0.104241  0.990480  0.207083  -0.970816  0.120968  0.001258  -0.003168  -0.006873  0.161002  -1.612779  1.777213  2.000000  
235.197057 0.012450  0.100915  -0.020900  0.973451  0.218679  0.067629  -0.092059  0.103520  0.990358  0.209569  -0.970290  0.120903  0.001366  -0.003525  -0.006943  0.176873  -1.607413  1.813113  2.000000  
235.198302 0.012453  0.100907  -0.020909  0.972715  0.221250  0.069813  -0.094414  0.102633  0.990228  0.211923  -0.969801  0.120722  0.001450  -0.003876  -0.006991  0.193431  -1.602446  1.840202  2.000000  
235.199303 0.012456  0.100901  -0.020915  0.972076  0.223605  0.071197  -0.095968  0.101932  0.990151  0.214146  -0.969335  0.120545  0.001594  -0.004143  -0.006986  0.209499  -1.584514  1.878970  2.000000  
235.200555 0.012459  0.100893  -0.020923  0.971291  0.226298  0.073366  -0.098314  0.101011  0.990016  0.216628  -0.968806  0.120360  0.001744  -0.004513  -0.006979  0.227324  -1.585942  1.905866  2.000000  
235.201556 0.012463  0.100887  -0.020930  0.970652  0.228431  0.075191  -0.100269  0.100225  0.989900  0.218587  -0.968388  0.120188  0.001880  -0.004831  -0.006977  0.247409  -1.589497  1.933935  2.000000  
235.202566 0.012466  0.100881  -0.020936  0.970035  0.230431  0.077033  -0.102224  0.099445  0.989778  0.220415  -0.967994  0.120020  0.002055  -0.005069  -0.006944  0.263848  -1.593078  1.952286  2.000000  
235.203805 0.012470  0.100873  -0.020945  0.969219  0.233102  0.079231  -0.104560  0.098371  0.989642  0.222894  -0.967464  0.119716  0.002216  -0.005372  -0.006939  0.289491  -1.595727  1.979981  2.000000  
235.205063 0.012475  0.100865  -0.020953  0.968340  0.235917  0.081619  -0.107087  0.097222  0.989485  0.225501  -0.966898  0.119408  0.002445  -0.005628  -0.006868  0.315327  -1.597890  2.007146  2.000000  
235.206300 0.012480  0.100857  -0.020960  0.967491  0.238687  0.083600  -0.109212  0.096158  0.989357  0.228108  -0.966324  0.119099  0.002705  -0.005784  -0.006741  0.335547  -1.593038  2.032739  2.000000  
235.207300 0.012484  0.100851  -0.020965  0.966747  0.241047  0.085426  -0.111144  0.095175  0.989236  0.230322  -0.965835  0.118801  0.002875  -0.005922  -0.006573  0.356561  -1.595880  2.060182  2.000000  
235.208303 0.012489  0.100845  -0.020971  0.966055  0.243156  0.087255  -0.113080  0.094333  0.989098  0.232274  -0.965389  0.118627  0.003119  -0.006020  -0.006414  0.374753  -1.606547  2.084998  2.000000  
235.209549 0.012495  0.100837  -0.020976  0.965066  0.246196  0.089645  -0.115583  0.092985  0.988936  0.235136  -0.964749  0.118192  0.003381  -0.006086  -0.006176  0.402125  -1.614165  2.121079  2.000000  
235.210567 0.012500  0.100831  -0.020980  0.964324  0.248425  0.091459  -0.117509  0.092108  0.988791  0.237217  -0.964262  0.118014  0.003607  -0.006152  -0.005967  0.423843  -1.617783  2.145680  2.000000  
235.211809 0.012507  0.100822  -0.020984  0.963372  0.251208  0.093853  -0.120010  0.090884  0.988604  0.239815  -0.963657  0.117703  0.003857  -0.006248  -0.005703  0.447527  -1.627882  2.169964  2.000000  
235.213054 0.012514  0.100814  -0.020989  0.962433  0.253954  0.096075  -0.122308  0.089578  0.988441  0.242412  -0.963059  0.117274  0.004125  -0.006288  -0.005422  0.475336  -1.638022  2.194060  2.000000  
235.214056 0.012520  0.100809  -0.020992  0.961637  0.256176  0.098127  -0.124421  0.088499  0.988275  0.244489  -0.962570  0.116977  0.004327  -0.006283  -0.005186  0.494070  -1.648549  2.213266  2.000000  
235.215309 0.012527  0.100801  -0.020995  0.960641  0.259050  0.100305  -0.126706  0.087273  0.988094  0.247212  -0.961913  0.116661  0.004582  -0.006298  -0.004913  0.515092  -1.644802  2.235483  2.000000  
235.216556 0.012534  0.100793  -0.020999  0.959573  0.262051  0.102704  -0.129178  0.085842  0.987899  0.250063  -0.961229  0.116223  0.004782  -0.006314  -0.004641  0.539262  -1.654057  2.263471  2.000000  
235.217556 0.012540  0.100786  -0.021003  0.958739  0.264367  0.104540  -0.131076  0.084766  0.987742  0.252265  -0.960690  0.115921  0.004955  -0.006343  -0.004433  0.556962  -1.658250  2.277312  2.000000  
235.218565 0.012546  0.100779  -0.021006  0.957808  0.266841  0.106768  -0.133360  0.083555  0.987539  0.254595  -0.960112  0.115615  0.005160  -0.006336  -0.004177  0.579298  -1.681279  2.302325  2.000000  
235.219813 0.012554  0.100771  -0.021011  0.956640  0.269978  0.109327  -0.136009  0.082130  0.987297  0.257570  -0.959357  0.115288  0.005377  -0.006361  -0.003936  0.599902  -1.690411  2.330585  2.000000  
235.221055 0.012561  0.100762  -0.021016  0.955524  0.272839  0.111951  -0.138662  0.080605  0.987054  0.260283  -0.958677  0.114853  0.005527  -0.006417  -0.003783  0.625868  -1.707051  2.355196  2.000000  
235.222302 0.012569  0.100754  -0.021022  0.954358  0.275819  0.114562  -0.141302  0.079046  0.986806  0.263124  -0.957954  0.114412  0.005647  -0.006461  -0.003750  0.648249  -1.724223  2.375176  2.000000  
235.223564 0.012576  0.100745  -0.021028  0.953177  0.278805  0.117140  -0.143936  0.077591  0.986540  0.265963  -0.957208  0.114088  0.005778  -0.006522  -0.003743  0.664672  -1.733424  2.398072  2.000000  
235.224802 0.012584  0.100736  -0.021036  0.951945  0.281894  0.119739  -0.146557  0.075980  0.986280  0.268928  -0.956432  0.113642  0.005887  -0.006580  -0.003863  0.687875  -1.751391  2.419299  2.000000  
235.225803 0.012591  0.100730  -0.021041  0.950932  0.284437  0.121756  -0.148607  0.074727  0.986069  0.271376  -0.955778  0.113330  0.005947  -0.006615  -0.004057  0.700797  -1.758176  2.437283  2.000000  
235.227051 0.012598  0.100721  -0.021051  0.949670  0.287524  0.124323  -0.151215  0.073205  0.985787  0.274337  -0.954972  0.112999  0.006034  -0.006696  -0.004373  0.719631  -1.774849  2.457132  2.000000  
235.228310 0.012606  0.100712  -0.021059  0.948324  0.290744  0.127079  -0.154005  0.071587  0.985473  0.277423  -0.954119  0.112663  0.006085  -0.006725  -0.004670  0.737473  -1.793329  2.485778  2.000000  
235.229555 0.012614  0.100704  -0.021068  0.947062  0.293783  0.129481  -0.156402  0.069972  0.985212  0.280378  -0.953308  0.112216  0.006132  -0.006728  -0.004997  0.755321  -1.804986  2.496186  2.000000  
235.230562 0.012621  0.100698  -0.021076  0.946041  0.296061  0.131735  -0.158636  0.068648  0.984948  0.282561  -0.952699  0.111910  0.006189  -0.006753  -0.005340  0.768960  -1.822943  2.506715  2.000000  
235.231803 0.012629  0.100689  -0.021085  0.944756  0.298988  0.134321  -0.161221  0.067084  0.984636  0.285383  -0.951896  0.111581  0.006225  -0.006776  -0.005695  0.776523  -1.826997  2.525297  2.000000  
235.233052 0.012638  0.100682  -0.021095  0.943350  0.302059  0.137299  -0.164181  0.065358  0.984263  0.288332  -0.951046  0.111248  0.006291  -0.006728  -0.005994  0.789953  -1.846188  2.543984  2.000000  
235.234053 0.012645  0.100676  -0.021103  0.942179  0.304691  0.139511  -0.166376  0.063931  0.983988  0.290893  -0.950303  0.110927  0.006382  -0.006687  -0.006297  0.802226  -1.860341  2.569241  2.000000  
235.235055 0.012652  0.100670  -0.021111  0.940995  0.307315  0.141724  -0.168565  0.062491  0.983708  0.293452  -0.949554  0.110606  0.006451  -0.006598  -0.006615  0.811465  -1.866609  2.586497  2.000000  
235.236082 0.012659  0.100664  -0.021121  0.939722  0.310183  0.143908  -0.170734  0.060994  0.983427  0.296265  -0.948718  0.110276  0.006520  -0.006535  -0.007009  0.825109  -1.884310  2.613772  2.000000  
235.237301 0.012668  0.100657  -0.021133  0.938096  0.313714  0.146832  -0.173633  0.059110  0.983035  0.299713  -0.947676  0.109922  0.006627  -0.006430  -0.007413  0.838625  -1.902000  2.645380  2.000000  
235.238550 0.012678  0.100651  -0.021146  0.936565  0.316955  0.149621  -0.176342  0.057197  0.982666  0.302903  -0.946714  0.109461  0.006776  -0.006246  -0.007871  0.854738  -1.917835  2.668760  2.000000  
235.239556 0.012686  0.100647  -0.021157  0.935327  0.319564  0.151799  -0.178503  0.055820  0.982355  0.305452  -0.945919  0.109253  0.006894  -0.006075  -0.008265  0.859844  -1.928302  2.682996  2.000000  
235.240801 0.012697  0.100642  -0.021172  0.933722  0.322907  0.154577  -0.181187  0.053849  0.981973  0.308762  -0.944897  0.108786  0.007076  -0.005833  -0.008706  0.872595  -1.939608  2.703949  2.000000  
235.241802 0.012706  0.100639  -0.021184  0.932379  0.325635  0.156944  -0.183517  0.052353  0.981621  0.311434  -0.944045  0.108572  0.007269  -0.005583  -0.009074  0.881989  -1.948818  2.732267  2.000000  
235.242803 0.012715  0.100636  -0.021197  0.931140  0.328191  0.158961  -0.185464  0.050884  0.981333  0.313976  -0.943240  0.108248  0.007480  -0.005291  -0.009439  0.889143  -1.951970  2.749507  2.000000  
235.243806 0.012724  0.100633  -0.021210  0.929811  0.330873  0.161167  -0.187589  0.049311  0.981009  0.316642  -0.942386  0.107918  0.007673  -0.005030  -0.009800  0.898682  -1.961707  2.772801  2.000000  
235.245056 0.012738  0.100631  -0.021227  0.928103  0.334203  0.164111  -0.190428  0.047325  0.980560  0.319940  -0.941312  0.107564  0.008024  -0.004602  -0.010409  0.911930  -1.982801  2.800434  2.000000  
235.246061 0.012749  0.100630  -0.021241  0.926791  0.336650  0.166508  -0.192745  0.045824  0.980178  0.322347  -0.940514  0.107357  0.008315  -0.004236  -0.010805  0.918989  -1.999665  2.810087  2.000000  
235.247309 0.012763  0.100629  -0.021259  0.925091  0.339835  0.169467  -0.195573  0.043827  0.979709  0.325512  -0.939463  0.107006  0.008714  -0.003797  -0.011411  0.928334  -2.016835  2.825351  2.000000  
235.248576 0.012779  0.100629  -0.021278  0.923329  0.343108  0.172455  -0.198380  0.041665  0.979239  0.328799  -0.938372  0.106536  0.009203  -0.003266  -0.011981  0.941511  -2.019200  2.836941  2.000000  
235.249806 0.012796  0.100630  -0.021296  0.921504  0.346532  0.175345  -0.201165  0.039693  0.978753  0.332209  -0.937198  0.106288  0.009705  -0.002743  -0.012495  0.947607  -2.030584  2.858965  2.000000  
235.250811 0.012810  0.100631  -0.021312  0.920133  0.349033  0.177570  -0.203249  0.038059  0.978387  0.334732  -0.936337  0.105960  0.010202  -0.002236  -0.013010  0.953423  -2.032960  2.874814  2.000000  
235.252053 0.012829  0.100635  -0.021331  0.918228  0.352534  0.180490  -0.206003  0.035904  0.977893  0.338259  -0.935110  0.105591  0.010920  -0.001544  -0.013404  0.963047  -2.041899  2.903274  2.000000  
235.253053 0.012845  0.100638  -0.021346  0.916743  0.355167  0.182861  -0.208248  0.034261  0.977476  0.340902  -0.934175  0.105371  0.011397  -0.001057  -0.013683  0.967623  -2.051312  2.921329  2.000000  
235.254299 0.012866  0.100643  -0.021365  0.915026  0.358033  0.185850  -0.211030  0.032208  0.976949  0.343794  -0.933153  0.105027  0.012178  -0.000321  -0.014047  0.979471  -2.063436  2.922978  2.000000  
235.255306 0.012885  0.100649  -0.021381  0.913602  0.360519  0.188034  -0.213080  0.030638  0.976554  0.346305  -0.932249  0.104810  0.012922  0.000392  -0.014355  0.983393  -2.067233  2.926505  2.000000  
235.256549 0.012909  0.100657  -0.021401  0.911808  0.363621  0.190751  -0.215633  0.028689  0.976053  0.349441  -0.931105  0.104567  0.013706  0.001158  -0.014621  0.985045  -2.065583  2.936669  2.000000  
235.257799 0.012933  0.100666  -0.021421  0.909860  0.366820  0.193902  -0.218537  0.026423  0.975471  0.352699  -0.929917  0.104205  0.014572  0.002006  -0.014968  0.999203  -2.081572  2.941126  2.000000  
235.259049 0.012960  0.100678  -0.021442  0.907892  0.370027  0.197008  -0.221428  0.024255  0.974875  0.355952  -0.928704  0.103955  0.015534  0.002997  -0.015196  1.005741  -2.097961  2.956386  2.000000  
