1-Time 2-Px 3-Py 4-Pz 5-R11 6-R21 7-R31 8-R12 9-R22 10-R32 11-R13 12-R23 13-R33 14-Vx 15-Vy 16-Vz 17-Wx 18-Wy 19-Wz 20-state 21-PR11 22-PR21 23-PR31 24-PR12 25-PR22 26-PR32 27-PR13 28-PR23 29-PR33 
59.967032 0.012601  0.097865  -0.027273  0.987638  0.108313  -0.113309  -0.100380  0.992228  0.073535  0.120394  -0.061252  0.990835  0.001173  0.001206  0.001096  0.052579  -0.118942  0.190594  2.000000  
59.968049 0.012602  0.097866  -0.027272  0.987634  0.108509  -0.113162  -0.100585  0.992207  0.073545  0.120261  -0.061253  0.990851  0.001207  0.001256  0.001024  0.052967  -0.124335  0.191774  2.000000  
59.969289 0.012606  0.097869  -0.027272  0.987513  0.109566  -0.113192  -0.101600  0.992076  0.073916  0.120394  -0.061493  0.990820  0.001455  0.001402  0.000953  0.063681  -0.116717  0.212982  2.000000  
59.970299 0.012611  0.097872  -0.027271  0.987397  0.110427  -0.113368  -0.102410  0.991965  0.074277  0.120659  -0.061731  0.990773  0.001666  0.001478  0.000856  0.074359  -0.108980  0.233962  2.000000  
59.971538 0.012617  0.097873  -0.027271  0.987281  0.111302  -0.113530  -0.103219  0.991845  0.074759  0.120925  -0.062089  0.990718  0.001996  0.001460  0.000739  0.089166  -0.096873  0.255422  2.000000  
59.972788 0.012625  0.097875  -0.027271  0.987163  0.112176  -0.113691  -0.104029  0.991724  0.075241  0.121191  -0.062448  0.990663  0.002377  0.001442  0.000607  0.103110  -0.084313  0.269965  2.000000  
59.974036 0.012634  0.097877  -0.027271  0.987023  0.113255  -0.113836  -0.105042  0.991579  0.075747  0.121456  -0.062806  0.990608  0.002859  0.001508  0.000498  0.117919  -0.076668  0.291074  2.000000  
59.975037 0.012641  0.097879  -0.027271  0.986866  0.114342  -0.114112  -0.106052  0.991431  0.076267  0.121855  -0.063164  0.990536  0.003249  0.001545  0.000423  0.133615  -0.060497  0.319681  2.000000  
59.976039 0.012647  0.097881  -0.027270  0.986702  0.115611  -0.114253  -0.107268  0.991269  0.076677  0.122120  -0.063402  0.990488  0.003610  0.001611  0.000426  0.141972  -0.053718  0.354489  2.000000  
59.977288 0.012656  0.097885  -0.027269  0.986497  0.117093  -0.114509  -0.108684  0.991080  0.077126  0.122519  -0.063639  0.990424  0.004029  0.001707  0.000409  0.155192  -0.038364  0.396529  2.000000  
59.978536 0.012665  0.097889  -0.027269  0.986274  0.118597  -0.114882  -0.110098  0.990878  0.077710  0.123050  -0.063995  0.990335  0.004552  0.001935  0.000340  0.172608  -0.018587  0.439052  2.000000  
59.979787 0.012674  0.097896  -0.027270  0.986072  0.119896  -0.115268  -0.111309  0.990699  0.078272  0.123581  -0.064351  0.990246  0.005138  0.002273  0.000258  0.184264  0.002012  0.467883  2.000000  
59.981036 0.012685  0.097903  -0.027269  0.985845  0.121386  -0.115653  -0.112723  0.990502  0.078738  0.124112  -0.064587  0.990164  0.005758  0.002615  0.000248  0.197650  0.021794  0.510458  2.000000  
59.982281 0.012698  0.097911  -0.027268  0.985592  0.123094  -0.116004  -0.114338  0.990268  0.079350  0.124643  -0.064943  0.990074  0.006478  0.003051  0.000325  0.215239  0.046055  0.553703  2.000000  
59.983285 0.012710  0.097919  -0.027266  0.985407  0.124176  -0.116419  -0.115345  0.990117  0.079771  0.125174  -0.065179  0.989992  0.007122  0.003472  0.000433  0.222820  0.066655  0.582468  2.000000  
59.984286 0.012723  0.097928  -0.027264  0.985214  0.125467  -0.116669  -0.116556  0.989931  0.080322  0.125572  -0.065536  0.989918  0.007774  0.003892  0.000500  0.238246  0.081195  0.619476  2.000000  
59.985297 0.012736  0.097935  -0.027262  0.985026  0.126564  -0.117066  -0.117562  0.989768  0.080865  0.126103  -0.065892  0.989826  0.008360  0.004233  0.000615  0.254932  0.102796  0.646048  2.000000  
59.986304 0.012750  0.097941  -0.027259  0.984838  0.127660  -0.117463  -0.118568  0.989603  0.081409  0.126634  -0.066247  0.989735  0.008949  0.004591  0.000841  0.271561  0.118398  0.681284  2.000000  
59.987538 0.012767  0.097947  -0.027254  0.984589  0.128993  -0.118088  -0.119772  0.989398  0.082130  0.127430  -0.066721  0.989601  0.009628  0.004927  0.001152  0.292493  0.151982  0.718211  2.000000  
59.988785 0.012785  0.097953  -0.027249  0.984356  0.130331  -0.118565  -0.120978  0.989183  0.082956  0.128094  -0.067315  0.989475  0.010226  0.005069  0.001454  0.313357  0.176455  0.754371  2.000000  
59.989785 0.012799  0.097955  -0.027245  0.984128  0.131461  -0.119204  -0.121978  0.989001  0.083656  0.128890  -0.067788  0.989339  0.010680  0.005068  0.001662  0.333417  0.205930  0.783933  2.000000  
59.991036 0.012817  0.097958  -0.027240  0.983891  0.132800  -0.119676  -0.123183  0.988781  0.084485  0.129553  -0.068382  0.989212  0.011305  0.005078  0.001984  0.358220  0.230302  0.819697  2.000000  
59.992039 0.012830  0.097958  -0.027234  0.983729  0.133499  -0.120232  -0.123780  0.988662  0.085001  0.130217  -0.068736  0.989100  0.011822  0.005000  0.002328  0.368395  0.260697  0.835774  2.000000  
59.993289 0.012848  0.097958  -0.027228  0.983557  0.134423  -0.120606  -0.124581  0.988496  0.085766  0.130747  -0.069331  0.988989  0.012416  0.004665  0.002764  0.391434  0.281442  0.857601  2.000000  
59.994298 0.012862  0.097959  -0.027225  0.983402  0.135309  -0.120880  -0.125385  0.988350  0.086276  0.131145  -0.069687  0.988911  0.012826  0.004341  0.003032  0.402201  0.297740  0.879148  2.000000  
59.995535 0.012880  0.097960  -0.027221  0.983229  0.136233  -0.121251  -0.126185  0.988181  0.087042  0.131676  -0.070282  0.988798  0.013347  0.003944  0.003270  0.426389  0.318195  0.908421  2.000000  
59.996782 0.012898  0.097963  -0.027216  0.983054  0.137143  -0.121637  -0.126986  0.988021  0.087689  0.132206  -0.070757  0.988694  0.013689  0.003647  0.003491  0.441514  0.339057  0.930745  2.000000  
59.997783 0.012913  0.097966  -0.027211  0.982967  0.137613  -0.121814  -0.127386  0.987930  0.088132  0.132472  -0.071114  0.988632  0.013925  0.003263  0.003733  0.454931  0.352087  0.939070  2.000000  
59.999039 0.012931  0.097971  -0.027205  0.982862  0.138107  -0.122104  -0.127784  0.987827  0.088713  0.132869  -0.071590  0.988545  0.014100  0.002907  0.004037  0.460450  0.361910  0.918706  2.000000  
60.000286 0.012950  0.097976  -0.027197  0.982730  0.138805  -0.122375  -0.128384  0.987694  0.089319  0.133267  -0.072065  0.988457  0.014225  0.002731  0.004344  0.464339  0.363643  0.905073  2.000000  
60.001535 0.012966  0.097981  -0.027189  0.982623  0.139300  -0.122664  -0.128782  0.987590  0.089900  0.133665  -0.072541  0.988368  0.014233  0.002530  0.004584  0.466777  0.368517  0.891613  2.000000  
60.002557 0.012979  0.097983  -0.027183  0.982535  0.139771  -0.122839  -0.129182  0.987497  0.090344  0.133930  -0.072898  0.988306  0.014091  0.002322  0.004761  0.468811  0.371943  0.884840  2.000000  
60.003789 0.012993  0.097985  -0.027174  0.982464  0.140247  -0.122864  -0.129584  0.987394  0.090891  0.134063  -0.073376  0.988253  0.013854  0.002193  0.005059  0.470656  0.368693  0.864594  2.000000  
60.004789 0.013003  0.097985  -0.027166  0.982419  0.140490  -0.122943  -0.129784  0.987342  0.091174  0.134195  -0.073615  0.988217  0.013562  0.002004  0.005293  0.463275  0.361366  0.836698  2.000000  
60.006041 0.013015  0.097984  -0.027156  0.982348  0.140966  -0.122968  -0.130186  0.987238  0.091720  0.134328  -0.074093  0.988163  0.013184  0.001763  0.005612  0.466355  0.354974  0.795162  2.000000  
60.007289 0.013025  0.097981  -0.027145  0.982250  0.141630  -0.122991  -0.130790  0.987116  0.092173  0.134461  -0.074451  0.988118  0.012703  0.001544  0.005911  0.462921  0.347567  0.767117  2.000000  
60.008538 0.013034  0.097978  -0.027134  0.982178  0.142091  -0.123032  -0.131192  0.987023  0.092600  0.134593  -0.074809  0.988073  0.012129  0.001376  0.006247  0.459582  0.335742  0.738854  2.000000  
60.009788 0.013042  0.097975  -0.027125  0.982151  0.142339  -0.122961  -0.131394  0.986960  0.092985  0.134593  -0.075169  0.988046  0.011454  0.001044  0.006557  0.459497  0.320073  0.703623  2.000000  
60.011038 0.013050  0.097971  -0.027116  0.982079  0.142800  -0.123002  -0.131796  0.986866  0.093412  0.134726  -0.075527  0.988000  0.010800  0.000659  0.006880  0.454235  0.309196  0.661520  2.000000  
60.012281 0.013058  0.097968  -0.027108  0.982024  0.143266  -0.122894  -0.132201  0.986761  0.093942  0.134726  -0.076006  0.987964  0.010190  0.000251  0.007084  0.454148  0.293517  0.626347  2.000000  
60.013289 0.013065  0.097966  -0.027102  0.981988  0.143692  -0.122689  -0.132608  0.986681  0.094214  0.134593  -0.076247  0.987963  0.009546  -0.000178  0.007129  0.450540  0.277323  0.597620  2.000000  
60.014533 0.013072  0.097963  -0.027097  0.981923  0.144351  -0.122430  -0.133216  0.986547  0.094751  0.134461  -0.076728  0.987944  0.008753  -0.000720  0.007020  0.449253  0.253553  0.577691  2.000000  
60.015533 0.013077  0.097961  -0.027093  0.981869  0.144786  -0.122356  -0.133621  0.986465  0.095040  0.134461  -0.076968  0.987925  0.008162  -0.001150  0.006856  0.440573  0.235532  0.546799  2.000000  
60.016781 0.013082  0.097957  -0.027087  0.981831  0.145227  -0.122133  -0.134027  0.986372  0.095432  0.134328  -0.077329  0.987915  0.007513  -0.001627  0.006671  0.435262  0.212139  0.527180  2.000000  
60.017784 0.013085  0.097953  -0.027083  0.981804  0.145460  -0.122078  -0.134230  0.986319  0.095696  0.134328  -0.077568  0.987896  0.006926  -0.002049  0.006505  0.425497  0.189798  0.488591  2.000000  
60.019054 0.013089  0.097947  -0.027079  0.981738  0.146088  -0.121853  -0.134838  0.986207  0.095993  0.134195  -0.077809  0.987895  0.006214  -0.002562  0.006206  0.410387  0.159580  0.465463  2.000000  
60.020289 0.013091  0.097940  -0.027075  0.981701  0.146513  -0.121647  -0.135245  0.986125  0.096264  0.134063  -0.078050  0.987894  0.005524  -0.002975  0.005785  0.396567  0.133005  0.439612  2.000000  
60.021294 0.013092  0.097934  -0.027071  0.981663  0.146938  -0.121440  -0.135652  0.986042  0.096535  0.133930  -0.078291  0.987893  0.004952  -0.003331  0.005428  0.385833  0.103513  0.427159  2.000000  
60.022536 0.013093  0.097926  -0.027065  0.981624  0.147378  -0.121216  -0.136058  0.985948  0.096926  0.133798  -0.078652  0.987883  0.004377  -0.003660  0.005134  0.381945  0.085258  0.415713  2.000000  
60.023539 0.013094  0.097920  -0.027060  0.981586  0.147788  -0.121027  -0.136465  0.985877  0.097077  0.133665  -0.078774  0.987891  0.003991  -0.003898  0.004919  0.366086  0.060430  0.396549  2.000000  
60.024786 0.013097  0.097912  -0.027055  0.981530  0.148224  -0.120951  -0.136869  0.985792  0.097366  0.133665  -0.079013  0.987872  0.003626  -0.004166  0.004724  0.357324  0.047499  0.378760  2.000000  
60.025787 0.013099  0.097907  -0.027050  0.981473  0.148659  -0.120875  -0.137273  0.985708  0.097655  0.133665  -0.079253  0.987853  0.003298  -0.004343  0.004494  0.350405  0.030854  0.366878  2.000000  
60.027039 0.013103  0.097902  -0.027045  0.981434  0.149083  -0.120668  -0.137680  0.985624  0.097926  0.133532  -0.079494  0.987851  0.003070  -0.004493  0.004241  0.337299  0.013283  0.358676  2.000000  
60.028289 0.013107  0.097896  -0.027041  0.981378  0.149518  -0.120591  -0.138084  0.985539  0.098214  0.133532  -0.079734  0.987832  0.002852  -0.004641  0.004102  0.329161  -0.000299  0.357582  2.000000  
60.029535 0.013112  0.097892  -0.027038  0.981321  0.149968  -0.120496  -0.138488  0.985441  0.098623  0.133532  -0.080093  0.987803  0.002654  -0.004845  0.003955  0.324264  -0.013375  0.349733  2.000000  
60.030536 0.013116  0.097887  -0.027036  0.981292  0.150186  -0.120458  -0.138690  0.985398  0.098767  0.133532  -0.080213  0.987793  0.002601  -0.004987  0.003821  0.315313  -0.026387  0.341906  2.000000  
60.031536 0.013121  0.097883  -0.027034  0.981235  0.150620  -0.120381  -0.139094  0.985313  0.099056  0.133532  -0.080453  0.987773  0.002654  -0.005020  0.003615  0.311288  -0.035459  0.341204  2.000000  
60.032569 0.013125  0.097878  -0.027033  0.981206  0.150853  -0.120324  -0.139296  0.985257  0.099319  0.133532  -0.080692  0.987754  0.002683  -0.005099  0.003389  0.306882  -0.040001  0.340452  2.000000  
60.033787 0.013131  0.097871  -0.027030  0.981149  0.151287  -0.120246  -0.139700  0.985171  0.099608  0.133532  -0.080932  0.987734  0.002876  -0.005144  0.003283  0.300653  -0.044262  0.337639  2.000000  
60.034787 0.013135  0.097866  -0.027029  0.981138  0.151523  -0.120040  -0.139904  0.985105  0.099972  0.133400  -0.081293  0.987723  0.003003  -0.005183  0.003151  0.304696  -0.053258  0.336929  2.000000  
60.036035 0.013141  0.097858  -0.027028  0.981109  0.151755  -0.119982  -0.140106  0.985050  0.100236  0.133400  -0.081532  0.987703  0.003328  -0.005158  0.002897  0.295746  -0.057299  0.329812  2.000000  
60.037040 0.013146  0.097852  -0.027027  0.981080  0.151987  -0.119925  -0.140308  0.984994  0.100500  0.133400  -0.081772  0.987683  0.003666  -0.005114  0.002657  0.292261  -0.061271  0.318466  2.000000  
60.038040 0.013152  0.097846  -0.027026  0.981051  0.152233  -0.119849  -0.140510  0.984926  0.100883  0.133400  -0.082131  0.987653  0.003953  -0.005090  0.002369  0.293949  -0.060873  0.315880  2.000000  
60.039287 0.013160  0.097840  -0.027025  0.980976  0.152693  -0.119882  -0.140912  0.984825  0.101309  0.133532  -0.082489  0.987605  0.004311  -0.005003  0.002140  0.293974  -0.060984  0.315833  2.000000  
60.040294 0.013167  0.097836  -0.027022  0.980917  0.153142  -0.119785  -0.141316  0.984725  0.101717  0.133532  -0.082849  0.987575  0.004619  -0.004894  0.002018  0.297250  -0.066611  0.324782  2.000000  
60.041536 0.013177  0.097833  -0.027017  0.980888  0.153389  -0.119708  -0.141518  0.984656  0.102100  0.133532  -0.083208  0.987545  0.005091  -0.004751  0.001985  0.296374  -0.066191  0.317980  2.000000  
60.042538 0.013186  0.097831  -0.027015  0.980841  0.153646  -0.119762  -0.141717  0.984586  0.102502  0.133665  -0.083566  0.987497  0.005466  -0.004582  0.001904  0.295462  -0.056793  0.311863  2.000000  
60.043785 0.013198  0.097829  -0.027009  0.980783  0.154095  -0.119664  -0.142121  0.984485  0.102909  0.133665  -0.083925  0.987467  0.005965  -0.004345  0.002052  0.294521  -0.056349  0.304994  2.000000  
60.045038 0.013210  0.097829  -0.027003  0.980724  0.154544  -0.119565  -0.142525  0.984384  0.103317  0.133665  -0.084284  0.987436  0.006453  -0.004001  0.002243  0.294612  -0.051998  0.305458  2.000000  
60.046284 0.013223  0.097829  -0.026996  0.980666  0.154993  -0.119466  -0.142928  0.984283  0.103724  0.133665  -0.084644  0.987405  0.006896  -0.003624  0.002596  0.292098  -0.047222  0.303221  2.000000  
60.047531 0.013235  0.097830  -0.026989  0.980607  0.155441  -0.119367  -0.143332  0.984181  0.104132  0.133665  -0.085003  0.987374  0.007377  -0.003195  0.002909  0.296145  -0.047315  0.303211  2.000000  
60.048532 0.013245  0.097831  -0.026984  0.980548  0.155890  -0.119267  -0.143736  0.984079  0.104539  0.133665  -0.085362  0.987343  0.007757  -0.002769  0.003146  0.301787  -0.043193  0.305202  2.000000  
60.049533 0.013255  0.097832  -0.026979  0.980488  0.156324  -0.119186  -0.144140  0.983989  0.104827  0.133665  -0.085602  0.987323  0.008111  -0.002350  0.003427  0.300165  -0.038592  0.303944  2.000000  
60.050786 0.013269  0.097833  -0.026972  0.980399  0.156975  -0.119064  -0.144745  0.983854  0.105258  0.133665  -0.085961  0.987291  0.008669  -0.001665  0.003785  0.305068  -0.039240  0.310650  2.000000  
60.052036 0.013282  0.097836  -0.026966  0.980310  0.157640  -0.118923  -0.145351  0.983706  0.105809  0.133665  -0.086440  0.987250  0.009065  -0.001079  0.004050  0.311722  -0.030745  0.314054  2.000000  
60.053040 0.013294  0.097838  -0.026962  0.980250  0.158089  -0.118822  -0.145754  0.983602  0.106216  0.133665  -0.086799  0.987218  0.009433  -0.000554  0.004311  0.315728  -0.030833  0.313973  2.000000  
60.054296 0.013308  0.097841  -0.026956  0.980177  0.158742  -0.118549  -0.146362  0.983455  0.106747  0.133532  -0.087280  0.987194  0.009898  0.000126  0.004560  0.324702  -0.031517  0.320739  2.000000  
60.055300 0.013320  0.097844  -0.026951  0.980087  0.159407  -0.118405  -0.146968  0.983305  0.107297  0.133532  -0.087759  0.987151  0.010240  0.000573  0.004704  0.333742  -0.032208  0.327523  2.000000  
60.056539 0.013336  0.097848  -0.026946  0.979996  0.160086  -0.118242  -0.147573  0.983141  0.107967  0.133532  -0.088358  0.987098  0.010656  0.001101  0.004803  0.346964  -0.028456  0.334815  2.000000  
60.057786 0.013353  0.097853  -0.026941  0.979856  0.160979  -0.118186  -0.148377  0.982941  0.108680  0.133665  -0.088955  0.987026  0.010976  0.001543  0.004837  0.359006  -0.025655  0.352748  2.000000  
60.058810 0.013366  0.097857  -0.026937  0.979795  0.161441  -0.118063  -0.148781  0.982822  0.109206  0.133665  -0.089434  0.986983  0.011193  0.001869  0.004803  0.369812  -0.025974  0.355352  2.000000  
60.060039 0.013383  0.097863  -0.026932  0.979672  0.162322  -0.117874  -0.149588  0.982622  0.109899  0.133665  -0.090032  0.986929  0.011531  0.002257  0.004746  0.384249  -0.027328  0.369349  2.000000  
60.061287 0.013400  0.097868  -0.026926  0.979548  0.163202  -0.117685  -0.150394  0.982421  0.110592  0.133665  -0.090631  0.986874  0.011814  0.002608  0.004610  0.398328  -0.028669  0.383001  2.000000  
60.062291 0.013413  0.097872  -0.026922  0.979455  0.163852  -0.117557  -0.150999  0.982280  0.111022  0.133665  -0.090990  0.986841  0.012045  0.002853  0.004533  0.401475  -0.029767  0.393931  2.000000  
60.063533 0.013430  0.097878  -0.026918  0.979331  0.164718  -0.117386  -0.151806  0.982090  0.111595  0.133665  -0.091469  0.986796  0.012365  0.003181  0.004369  0.414318  -0.031315  0.410371  2.000000  
60.064533 0.013443  0.097883  -0.026914  0.979237  0.165381  -0.117237  -0.152411  0.981934  0.112144  0.133665  -0.091947  0.986752  0.012519  0.003378  0.004309  0.420742  -0.027946  0.420869  2.000000  
60.065536 0.013456  0.097888  -0.026910  0.979142  0.166030  -0.117107  -0.153015  0.981791  0.112574  0.133665  -0.092306  0.986718  0.012691  0.003670  0.004217  0.426580  -0.029264  0.434372  2.000000  
60.066788 0.013473  0.097895  -0.026906  0.978998  0.166908  -0.117064  -0.153819  0.981597  0.113167  0.133798  -0.092783  0.986656  0.012941  0.003996  0.004106  0.433447  -0.026805  0.455120  2.000000  
60.068039 0.013491  0.097903  -0.026900  0.978903  0.167571  -0.116912  -0.154423  0.981439  0.113715  0.133798  -0.093262  0.986611  0.013144  0.004344  0.004093  0.439293  -0.028200  0.468625  2.000000  
60.069304 0.013508  0.097911  -0.026896  0.978776  0.168435  -0.116737  -0.155229  0.981245  0.114288  0.133798  -0.093741  0.986565  0.013370  0.004730  0.003987  0.443641  -0.033733  0.478653  2.000000  
60.070535 0.013526  0.097920  -0.026892  0.978630  0.169312  -0.116691  -0.156033  0.981049  0.114880  0.133930  -0.094218  0.986502  0.013474  0.005010  0.003908  0.451131  -0.031028  0.495708  2.000000  
60.071539 0.013540  0.097926  -0.026889  0.978533  0.169961  -0.116558  -0.156637  0.980902  0.115309  0.133930  -0.094577  0.986467  0.013550  0.005246  0.003829  0.452586  -0.032725  0.513398  2.000000  
60.072789 0.013557  0.097935  -0.026886  0.978404  0.170839  -0.116360  -0.157443  0.980691  0.116000  0.133930  -0.095175  0.986410  0.013623  0.005457  0.003645  0.462654  -0.038692  0.526663  2.000000  
60.074036 0.013574  0.097943  -0.026884  0.978224  0.171917  -0.116287  -0.158447  0.980457  0.116617  0.134063  -0.095652  0.986346  0.013640  0.005609  0.003470  0.466615  -0.036621  0.549823  2.000000  
60.075040 0.013588  0.097948  -0.026882  0.978126  0.172579  -0.116131  -0.159051  0.980294  0.117164  0.134063  -0.096130  0.986299  0.013654  0.005713  0.003291  0.474703  -0.037171  0.554533  2.000000  
60.076289 0.013604  0.097954  -0.026881  0.977977  0.173455  -0.116081  -0.159854  0.980092  0.117757  0.134195  -0.096607  0.986235  0.013588  0.005754  0.003006  0.480475  -0.034168  0.568352  2.000000  
60.077535 0.013620  0.097960  -0.026880  0.977827  0.174332  -0.116029  -0.160656  0.979889  0.118349  0.134328  -0.097084  0.986170  0.013544  0.005826  0.002786  0.486489  -0.031195  0.582455  2.000000  
60.078781 0.013635  0.097966  -0.026879  0.977694  0.175195  -0.115847  -0.161461  0.979688  0.118920  0.134328  -0.097562  0.986122  0.013474  0.005780  0.002562  0.492438  -0.032406  0.591227  2.000000  
60.079781 0.013647  0.097969  -0.026879  0.977577  0.175869  -0.115818  -0.162062  0.979520  0.119488  0.134461  -0.098039  0.986057  0.013402  0.005715  0.002323  0.497447  -0.028846  0.598402  2.000000  
60.080783 0.013659  0.097973  -0.026879  0.977476  0.176516  -0.115680  -0.162666  0.979367  0.119916  0.134461  -0.098398  0.986021  0.013321  0.005594  0.002029  0.502414  -0.029660  0.605169  2.000000  
60.081786 0.013671  0.097977  -0.026878  0.977324  0.177377  -0.115647  -0.163468  0.979176  0.120389  0.134593  -0.098755  0.985968  0.013223  0.005476  0.001819  0.503479  -0.026328  0.617425  2.000000  
60.083036 0.013687  0.097982  -0.026878  0.977189  0.178226  -0.115483  -0.164272  0.978985  0.120841  0.134593  -0.099114  0.985932  0.013081  0.005298  0.001483  0.501188  -0.027611  0.625892  2.000000  
60.084036 0.013699  0.097987  -0.026878  0.977070  0.178885  -0.115473  -0.164873  0.978829  0.121290  0.134726  -0.099471  0.985878  0.012956  0.005127  0.001214  0.501158  -0.018957  0.626684  2.000000  
60.085037 0.013712  0.097992  -0.026877  0.976916  0.179746  -0.115438  -0.165674  0.978635  0.121763  0.134858  -0.099828  0.985823  0.012853  0.005034  0.001041  0.498372  -0.015599  0.639427  2.000000  
60.086037 0.013723  0.097996  -0.026877  0.976779  0.180594  -0.115272  -0.166479  0.978442  0.122215  0.134858  -0.100186  0.985787  0.012701  0.004836  0.000838  0.496041  -0.016992  0.647612  2.000000  
60.087041 0.013736  0.098000  -0.026877  0.976624  0.181455  -0.115235  -0.167280  0.978246  0.122688  0.134991  -0.100543  0.985732  0.012538  0.004627  0.000691  0.492831  -0.013623  0.660039  2.000000  
60.088041 0.013747  0.098005  -0.026876  0.976468  0.182316  -0.115198  -0.168081  0.978049  0.123161  0.135123  -0.100900  0.985678  0.012455  0.004561  0.000656  0.489880  -0.014563  0.666995  2.000000  
60.089288 0.013761  0.098009  -0.026875  0.976277  0.183378  -0.115134  -0.169083  0.977814  0.123658  0.135256  -0.101257  0.985623  0.012179  0.004313  0.000540  0.483533  -0.011590  0.675240  2.000000  
60.090300 0.013772  0.098012  -0.026874  0.976120  0.184224  -0.115118  -0.169884  0.977630  0.124012  0.135389  -0.101494  0.985580  0.012055  0.004192  0.000533  0.475186  -0.007496  0.681017  2.000000  
60.091536 0.013785  0.098016  -0.026873  0.975891  0.185487  -0.115027  -0.171086  0.977354  0.124533  0.135521  -0.101851  0.985525  0.011836  0.004031  0.000495  0.470241  -0.005267  0.696418  2.000000  
60.092786 0.013798  0.098019  -0.026872  0.975697  0.186534  -0.114983  -0.172088  0.977130  0.124911  0.135654  -0.102088  0.985483  0.011650  0.003810  0.000508  0.463114  -0.001745  0.703596  2.000000  
60.094036 0.013810  0.098021  -0.026871  0.975465  0.187796  -0.114890  -0.173290  0.976851  0.125431  0.135786  -0.102445  0.985427  0.011458  0.003671  0.000571  0.460772  0.001028  0.723605  2.000000  
60.095060 0.013820  0.098023  -0.026870  0.975322  0.188628  -0.114741  -0.174093  0.976665  0.125763  0.135786  -0.102684  0.985403  0.011281  0.003498  0.000555  0.457365  0.000135  0.730012  2.000000  
60.096287 0.013833  0.098026  -0.026869  0.975089  0.189876  -0.114670  -0.175294  0.976399  0.126165  0.135919  -0.102921  0.985359  0.011120  0.003338  0.000626  0.451332  -0.001483  0.743893  2.000000  
60.097534 0.013845  0.098028  -0.026869  0.974836  0.191151  -0.114703  -0.176492  0.976112  0.126709  0.136184  -0.103276  0.985286  0.010923  0.003143  0.000632  0.450562  0.005117  0.759052  2.000000  
60.098781 0.013858  0.098030  -0.026867  0.974599  0.192398  -0.114630  -0.177693  0.975842  0.127111  0.136316  -0.103513  0.985243  0.010796  0.002963  0.000702  0.444354  0.007927  0.772979  2.000000  
60.099787 0.013868  0.098032  -0.026866  0.974380  0.193457  -0.114711  -0.178689  0.975608  0.127513  0.136582  -0.103748  0.985181  0.010647  0.002750  0.000786  0.438312  0.010729  0.787000  2.000000  
60.101032 0.013882  0.098034  -0.026865  0.974103  0.194904  -0.114610  -0.180090  0.975295  0.127938  0.136714  -0.103985  0.985138  0.010560  0.002536  0.000815  0.433179  0.012841  0.807956  2.000000  
60.102035 0.013892  0.098035  -0.026863  0.973881  0.195949  -0.114714  -0.181086  0.975073  0.128223  0.136979  -0.104101  0.985089  0.010411  0.002322  0.000899  0.426931  0.020153  0.822133  2.000000  
60.103042 0.013902  0.098036  -0.026861  0.973639  0.197195  -0.114637  -0.182285  0.974796  0.128625  0.137112  -0.104338  0.985045  0.010311  0.002083  0.000969  0.422078  0.017814  0.843086  2.000000  
60.104292 0.013914  0.098037  -0.026858  0.973339  0.198655  -0.114662  -0.183681  0.974475  0.129076  0.137377  -0.104573  0.984983  0.010169  0.001815  0.001155  0.414938  0.025145  0.863815  2.000000  
60.105301 0.013923  0.098037  -0.026856  0.973131  0.199686  -0.114634  -0.184680  0.974251  0.129336  0.137509  -0.104690  0.984952  0.010070  0.001596  0.001183  0.405406  0.027792  0.870788  2.000000  
60.106302 0.013933  0.098038  -0.026852  0.972866  0.200930  -0.114709  -0.185875  0.973983  0.129645  0.137774  -0.104806  0.984903  0.010017  0.001441  0.001384  0.398377  0.030820  0.891604  2.000000  
60.107535 0.013944  0.098037  -0.026848  0.972523  0.202576  -0.114730  -0.187470  0.973630  0.130002  0.138039  -0.104922  0.984854  0.009945  0.001271  0.001605  0.392069  0.031341  0.918989  2.000000  
60.108536 0.013953  0.098037  -0.026845  0.972311  0.203592  -0.114725  -0.188467  0.973418  0.130145  0.138172  -0.104920  0.984835  0.009868  0.001130  0.001802  0.379994  0.035147  0.933827  2.000000  
60.109786 0.013965  0.098038  -0.026840  0.971924  0.205436  -0.114717  -0.190261  0.973018  0.130526  0.138437  -0.105035  0.984786  0.009800  0.001020  0.002071  0.372718  0.035830  0.968487  2.000000  
60.110786 0.013974  0.098038  -0.026835  0.971652  0.206666  -0.114815  -0.191455  0.972758  0.130719  0.138702  -0.105031  0.984749  0.009766  0.000924  0.002327  0.363434  0.042489  0.989812  2.000000  
60.111789 0.013983  0.098040  -0.026830  0.971396  0.207895  -0.114757  -0.192651  0.972483  0.131004  0.138834  -0.105149  0.984718  0.009707  0.000863  0.002654  0.358234  0.040132  1.010214  2.000000  
60.113035 0.013995  0.098042  -0.026823  0.971023  0.209538  -0.114929  -0.194240  0.972131  0.131270  0.139232  -0.105143  0.984662  0.009672  0.000869  0.002980  0.347132  0.050128  1.030360  2.000000  
60.114295 0.014008  0.098044  -0.026816  0.970625  0.211366  -0.114944  -0.196031  0.971736  0.131535  0.139497  -0.105139  0.984625  0.009577  0.000839  0.003439  0.333555  0.051857  1.066392  2.000000  
60.115297 0.014017  0.098046  -0.026810  0.970305  0.212794  -0.115012  -0.197422  0.971424  0.131753  0.139762  -0.105135  0.984588  0.009511  0.000853  0.003782  0.324328  0.053998  1.087080  2.000000  
60.116537 0.014028  0.098047  -0.026803  0.969859  0.214835  -0.114973  -0.199412  0.970963  0.132161  0.140027  -0.105250  0.984538  0.009456  0.000831  0.004071  0.323635  0.053586  1.119623  2.000000  
60.117783 0.014039  0.098048  -0.026796  0.969410  0.216861  -0.114958  -0.201400  0.970513  0.132451  0.140292  -0.105246  0.984501  0.009351  0.000841  0.004381  0.312423  0.054220  1.153922  2.000000  
60.118786 0.014048  0.098049  -0.026790  0.969040  0.218486  -0.114998  -0.202989  0.970148  0.132694  0.140557  -0.105242  0.984463  0.009298  0.000851  0.004632  0.305860  0.056788  1.184323  2.000000  
60.119789 0.014057  0.098050  -0.026784  0.968668  0.220097  -0.115064  -0.204577  0.969797  0.132820  0.140822  -0.105119  0.984439  0.009184  0.000839  0.004914  0.297667  0.058329  1.211941  2.000000  
60.121038 0.014066  0.098050  -0.026776  0.968147  0.222334  -0.115149  -0.206758  0.969288  0.133163  0.141219  -0.105113  0.984382  0.009060  0.000820  0.005168  0.291471  0.067244  1.254441  2.000000  
60.122038 0.014074  0.098049  -0.026770  0.967768  0.223958  -0.115187  -0.208345  0.968914  0.133407  0.141484  -0.105109  0.984345  0.008966  0.000824  0.005349  0.286459  0.069422  1.275411  2.000000  
60.123289 0.014084  0.098049  -0.026763  0.967257  0.226165  -0.115169  -0.210528  0.968415  0.133607  0.141749  -0.104985  0.984320  0.008861  0.000774  0.005519  0.276102  0.069422  1.316464  2.000000  
60.124533 0.014093  0.098049  -0.026755  0.966722  0.228399  -0.115252  -0.212705  0.967891  0.133952  0.142146  -0.104979  0.984263  0.008731  0.000746  0.005677  0.273175  0.074639  1.351788  2.000000  
60.125538 0.014101  0.098049  -0.026749  0.966289  0.230205  -0.115289  -0.214488  0.967477  0.134105  0.142411  -0.104856  0.984238  0.008638  0.000726  0.005803  0.264898  0.074134  1.382203  2.000000  
60.126786 0.014111  0.098049  -0.026741  0.965719  0.232622  -0.115214  -0.216866  0.966899  0.134447  0.142676  -0.104852  0.984200  0.008501  0.000642  0.005901  0.262667  0.074080  1.422371  2.000000  
60.128033 0.014121  0.098050  -0.026733  0.965169  0.234838  -0.115323  -0.219040  0.966376  0.134678  0.143073  -0.104727  0.984156  0.008364  0.000589  0.005997  0.251684  0.079217  1.457180  2.000000  
60.129039 0.014129  0.098052  -0.026727  0.964679  0.236840  -0.115331  -0.221018  0.965901  0.134857  0.143338  -0.104603  0.984130  0.008211  0.000532  0.005996  0.244760  0.077604  1.489206  2.000000  
60.130296 0.014138  0.098053  -0.026719  0.964074  0.239253  -0.115412  -0.223387  0.965320  0.135113  0.143735  -0.104478  0.984086  0.008102  0.000504  0.006058  0.238812  0.077654  1.530259  2.000000  
60.131533 0.014148  0.098055  -0.026711  0.963463  0.241663  -0.115491  -0.225755  0.964733  0.135371  0.144133  -0.104352  0.984041  0.007993  0.000504  0.006128  0.231995  0.080830  1.566672  2.000000  
60.132781 0.014157  0.098056  -0.026704  0.962865  0.244045  -0.115472  -0.228126  0.964159  0.135483  0.144397  -0.104109  0.984028  0.007809  0.000473  0.006146  0.221086  0.077264  1.600541  2.000000  
60.133782 0.014164  0.098056  -0.026698  0.962336  0.246056  -0.115607  -0.230094  0.963662  0.135695  0.144795  -0.103984  0.983983  0.007716  0.000470  0.006132  0.217259  0.083265  1.628186  2.000000  
60.134793 0.014171  0.098056  -0.026692  0.961775  0.248251  -0.115585  -0.232263  0.963112  0.135902  0.145059  -0.103860  0.983957  0.007584  0.000437  0.006106  0.215216  0.081061  1.668592  2.000000  
60.136041 0.014179  0.098056  -0.026686  0.961064  0.251025  -0.115510  -0.235025  0.962419  0.136063  0.145324  -0.103618  0.983943  0.007500  0.000432  0.006050  0.206314  0.076056  1.717068  2.000000  
60.137291 0.014187  0.098056  -0.026679  0.960375  0.253626  -0.115559  -0.237582  0.961750  0.136350  0.145721  -0.103492  0.983898  0.007354  0.000450  0.005952  0.203521  0.076884  1.750520  2.000000  
60.138301 0.014193  0.098055  -0.026675  0.959846  0.255604  -0.115596  -0.239550  0.961252  0.136418  0.145986  -0.103249  0.983884  0.007281  0.000416  0.005853  0.200570  0.077944  1.784422  2.000000  
60.139539 0.014201  0.098055  -0.026669  0.959095  0.258386  -0.115648  -0.242301  0.960535  0.136615  0.146383  -0.103005  0.983851  0.007167  0.000407  0.005729  0.193941  0.078962  1.819573  2.000000  
60.140787 0.014209  0.098054  -0.026664  0.958386  0.260968  -0.115728  -0.244852  0.959863  0.136788  0.146780  -0.102760  0.983817  0.007065  0.000370  0.005563  0.187282  0.079965  1.854267  2.000000  
60.142038 0.014218  0.098054  -0.026660  0.957619  0.263759  -0.115747  -0.247599  0.959113  0.137104  0.147177  -0.102634  0.983771  0.006963  0.000273  0.005299  0.190146  0.078146  1.893244  2.000000  
60.143290 0.014226  0.098054  -0.026655  0.956896  0.266337  -0.115827  -0.250146  0.958426  0.137281  0.147574  -0.102390  0.983737  0.006860  0.000151  0.005081  0.187281  0.076870  1.928968  2.000000  
60.144290 0.014233  0.098054  -0.026652  0.956340  0.268308  -0.115863  -0.252105  0.957902  0.137353  0.147839  -0.102147  0.983722  0.006788  0.000083  0.004837  0.183018  0.077373  1.947814  2.000000  
60.145302 0.014239  0.098053  -0.026649  0.955657  0.270685  -0.115971  -0.254452  0.957260  0.137509  0.148236  -0.101902  0.983688  0.006714  -0.000009  0.004640  0.175819  0.080404  1.983310  2.000000  
60.146543 0.014247  0.098052  -0.026645  0.955021  0.272863  -0.116107  -0.256600  0.956667  0.137641  0.148633  -0.101657  0.983653  0.006609  -0.000188  0.004371  0.169538  0.079977  1.990914  2.000000  
60.147781 0.014255  0.098051  -0.026642  0.954273  0.275420  -0.116219  -0.259139  0.955973  0.137707  0.149030  -0.101293  0.983631  0.006541  -0.000299  0.004133  0.161537  0.085024  2.009520  2.000000  
60.148781 0.014260  0.098050  -0.026639  0.953572  0.277791  -0.116327  -0.261480  0.955312  0.137867  0.149427  -0.101049  0.983596  0.006404  -0.000446  0.003942  0.158112  0.086885  2.037047  2.000000  
60.149783 0.014265  0.098048  -0.026636  0.952920  0.279965  -0.116463  -0.263623  0.954703  0.138003  0.149823  -0.100804  0.983561  0.006329  -0.000512  0.003746  0.157747  0.089585  2.057788  2.000000  
60.151036 0.014272  0.098047  -0.026633  0.952043  0.282908  -0.116519  -0.266548  0.953874  0.138122  0.150220  -0.100440  0.983537  0.006177  -0.000632  0.003545  0.150412  0.087133  2.084306  2.000000  
60.152286 0.014278  0.098045  -0.026629  0.951157  0.285849  -0.116576  -0.269470  0.953035  0.138242  0.150617  -0.100076  0.983514  0.006067  -0.000726  0.003326  0.143985  0.088430  2.118342  2.000000  
60.153292 0.014283  0.098044  -0.026627  0.950431  0.288213  -0.116684  -0.271802  0.952348  0.138407  0.151014  -0.099831  0.983478  0.005960  -0.000762  0.003205  0.142932  0.088835  2.142062  2.000000  
60.154305 0.014287  0.098042  -0.026624  0.949641  0.290757  -0.116798  -0.274328  0.951613  0.138482  0.151411  -0.099467  0.983454  0.005823  -0.000844  0.003049  0.135428  0.090838  2.168769  2.000000  
60.155538 0.014293  0.098041  -0.026621  0.948788  0.293494  -0.116884  -0.277047  0.950810  0.138582  0.151807  -0.099103  0.983429  0.005687  -0.000910  0.002907  0.132079  0.091614  2.186405  2.000000  
60.156786 0.014299  0.098040  -0.026618  0.947812  0.296620  -0.116913  -0.280153  0.949877  0.138733  0.152204  -0.098739  0.983405  0.005532  -0.000953  0.002816  0.124726  0.093660  2.213723  2.000000  
60.157786 0.014303  0.098040  -0.026615  0.947059  0.298961  -0.117057  -0.282477  0.949181  0.138789  0.152601  -0.098375  0.983380  0.005383  -0.000933  0.002763  0.119523  0.094290  2.238776  2.000000  
60.158786 0.014307  0.098039  -0.026613  0.946299  0.301314  -0.117165  -0.284798  0.948462  0.138961  0.152998  -0.098131  0.983342  0.005180  -0.000995  0.002719  0.118263  0.097794  2.253147  2.000000  
60.160038 0.014312  0.098038  -0.026610  0.945415  0.304042  -0.117252  -0.287506  0.947629  0.139068  0.153394  -0.097767  0.983317  0.004953  -0.001006  0.002613  0.113081  0.096968  2.266948  2.000000  
60.161286 0.014316  0.098037  -0.026608  0.944464  0.306947  -0.117348  -0.290406  0.946741  0.139086  0.153791  -0.097283  0.983303  0.004716  -0.001073  0.002498  0.104811  0.095541  2.286441  2.000000  
60.162295 0.014319  0.098036  -0.026606  0.943685  0.309294  -0.117457  -0.292720  0.946002  0.139263  0.154187  -0.097039  0.983265  0.004484  -0.001048  0.002428  0.104560  0.098317  2.306419  2.000000  
60.163534 0.014323  0.098034  -0.026605  0.942656  0.312389  -0.117525  -0.295808  0.945035  0.139309  0.154584  -0.096556  0.983250  0.004260  -0.001060  0.002324  0.100471  0.097120  2.327454  2.000000  
60.164536 0.014325  0.098033  -0.026603  0.941883  0.314704  -0.117546  -0.298124  0.944303  0.139335  0.154848  -0.096194  0.983244  0.004065  -0.001074  0.002248  0.096145  0.098583  2.335852  2.000000  
60.165782 0.014328  0.098032  -0.026601  0.940899  0.317613  -0.117607  -0.301012  0.943366  0.139474  0.155245  -0.095830  0.983217  0.003807  -0.000999  0.002164  0.090030  0.098488  2.342665  2.000000  
60.167033 0.014330  0.098031  -0.026599  0.939905  0.320504  -0.117707  -0.303897  0.942436  0.139501  0.155642  -0.095347  0.983201  0.003550  -0.000964  0.002046  0.084944  0.097985  2.355919  2.000000  
60.168045 0.014332  0.098030  -0.026597  0.939092  0.322825  -0.117854  -0.306199  0.941681  0.139571  0.156038  -0.094983  0.983174  0.003380  -0.000907  0.002023  0.081325  0.104703  2.369254  2.000000  
60.169289 0.014334  0.098030  -0.026595  0.938083  0.325710  -0.117956  -0.309078  0.940735  0.139601  0.156434  -0.094500  0.983157  0.003146  -0.000819  0.001966  0.073601  0.101823  2.375922  2.000000  
60.170300 0.014337  0.098031  -0.026593  0.937277  0.328014  -0.117979  -0.311381  0.939970  0.139633  0.156699  -0.094138  0.983150  0.002948  -0.000707  0.001882  0.069698  0.104052  2.387895  2.000000  
60.171538 0.014339  0.098032  -0.026591  0.936251  0.330894  -0.118082  -0.314254  0.939009  0.139667  0.157095  -0.093655  0.983133  0.002696  -0.000581  0.001811  0.063577  0.104295  2.395431  2.000000  
60.172787 0.014342  0.098033  -0.026589  0.935151  0.333978  -0.118117  -0.317316  0.937953  0.139840  0.157492  -0.093292  0.983104  0.002527  -0.000425  0.001749  0.066236  0.100134  2.415937  2.000000  
60.174037 0.014344  0.098035  -0.026587  0.934153  0.336670  -0.118374  -0.319982  0.937038  0.139896  0.158020  -0.092807  0.983065  0.002347  -0.000267  0.001729  0.060329  0.104804  2.423095  2.000000  
60.175040 0.014346  0.098036  -0.026585  0.933253  0.339157  -0.118372  -0.322467  0.936177  0.139958  0.158284  -0.092445  0.983056  0.002216  -0.000083  0.001645  0.055464  0.103342  2.429967  2.000000  
60.176289 0.014348  0.098039  -0.026584  0.932105  0.342228  -0.118573  -0.325512  0.935106  0.140067  0.158813  -0.091960  0.983017  0.002096  0.000158  0.001619  0.055266  0.107595  2.457760  2.000000  
60.177536 0.014350  0.098042  -0.026582  0.930900  0.345476  -0.118621  -0.328751  0.933958  0.140159  0.159209  -0.091477  0.982998  0.001987  0.000457  0.001651  0.054906  0.103694  2.489867  2.000000  
60.178781 0.014352  0.098044  -0.026581  0.929752  0.348527  -0.118700  -0.331794  0.932871  0.140229  0.159605  -0.090994  0.982978  0.001900  0.000662  0.001593  0.051602  0.101122  2.496358  2.000000  
60.179783 0.014353  0.098046  -0.026580  0.928752  0.351180  -0.118713  -0.334458  0.931923  0.140208  0.159869  -0.090514  0.982980  0.001841  0.000898  0.001512  0.044729  0.098447  2.517258  2.000000  
60.180784 0.014355  0.098049  -0.026579  0.927793  0.353664  -0.118837  -0.336920  0.931018  0.140321  0.160266  -0.090150  0.982949  0.001843  0.001183  0.001477  0.046800  0.098704  2.523531  2.000000  
60.182038 0.014358  0.098052  -0.026577  0.926618  0.356705  -0.118918  -0.339952  0.929904  0.140396  0.160662  -0.089667  0.982928  0.001877  0.001510  0.001461  0.044799  0.099117  2.529711  2.000000  
60.183286 0.014362  0.098057  -0.026575  0.925412  0.359753  -0.119122  -0.342973  0.928776  0.140519  0.161190  -0.089182  0.982886  0.001943  0.001782  0.001416  0.041810  0.101091  2.536578  2.000000  
60.184532 0.014366  0.098061  -0.026574  0.924145  0.362977  -0.119175  -0.346187  0.927567  0.140624  0.161586  -0.088700  0.982864  0.002049  0.002078  0.001353  0.044973  0.101053  2.550096  2.000000  
60.185537 0.014370  0.098066  -0.026573  0.923227  0.365258  -0.119330  -0.348446  0.926706  0.140720  0.161982  -0.088336  0.982832  0.002194  0.002388  0.001362  0.041934  0.101813  2.549190  2.000000  
60.186538 0.014374  0.098070  -0.026572  0.922302  0.367536  -0.119484  -0.350702  0.925839  0.140817  0.162378  -0.087973  0.982799  0.002351  0.002566  0.001286  0.038948  0.106197  2.542935  2.000000  
