1-Time 2-Px 3-Py 4-Pz 5-R11 6-R21 7-R31 8-R12 9-R22 10-R32 11-R13 12-R23 13-R33 14-Vx 15-Vy 16-Vz 17-Wx 18-Wy 19-Wz 20-state 21-PR11 22-PR21 23-PR31 24-PR12 25-PR22 26-PR32 27-PR13 28-PR23 29-PR33 
55.704667 0.007102  0.095059  -0.020123  0.991336  0.059429  -0.117134  -0.057413  0.998140  0.020513  0.118135  -0.013610  0.992904  0.001256  0.001172  0.001620  0.170229  -0.065878  -0.145005  2.000000  
55.705674 0.007104  0.095061  -0.020121  0.991336  0.059457  -0.117120  -0.057413  0.998135  0.020755  0.118135  -0.013851  0.992901  0.001349  0.001276  0.001784  0.174265  -0.065837  -0.144983  2.000000  
55.706919 0.007107  0.095063  -0.020118  0.991305  0.059489  -0.117371  -0.057411  0.998129  0.021012  0.118401  -0.014091  0.992866  0.001513  0.001290  0.001896  0.179235  -0.052423  -0.138035  2.000000  
55.707921 0.007111  0.095064  -0.020115  0.991261  0.059741  -0.117610  -0.057613  0.998109  0.021415  0.118667  -0.014452  0.992829  0.001707  0.001352  0.001980  0.192237  -0.043473  -0.131041  2.000000  
55.709174 0.007116  0.095066  -0.020112  0.991198  0.059792  -0.118118  -0.057609  0.998101  0.021809  0.119198  -0.014813  0.992760  0.001953  0.001394  0.002100  0.197080  -0.021026  -0.123895  2.000000  
55.710175 0.007120  0.095067  -0.020109  0.991166  0.059839  -0.118362  -0.057608  0.998093  0.022188  0.119464  -0.015173  0.992723  0.002197  0.001381  0.002129  0.205209  -0.012003  -0.123786  2.000000  
55.711175 0.007125  0.095069  -0.020107  0.991106  0.060094  -0.118733  -0.057809  0.998072  0.022599  0.119862  -0.015534  0.992669  0.002451  0.001420  0.002209  0.215016  0.005843  -0.109838  2.000000  
55.712176 0.007131  0.095070  -0.020104  0.991050  0.060552  -0.118967  -0.058215  0.998038  0.023026  0.120128  -0.015895  0.992631  0.002745  0.001408  0.002227  0.225718  0.014609  -0.089147  2.000000  
55.713425 0.007138  0.095071  -0.020100  0.990966  0.061218  -0.119328  -0.058824  0.997992  0.023487  0.120526  -0.016255  0.992577  0.003083  0.001411  0.002362  0.237079  0.032257  -0.061404  2.000000  
55.714439 0.007143  0.095072  -0.020099  0.990893  0.061679  -0.119694  -0.059229  0.997958  0.023923  0.120925  -0.016615  0.992523  0.003344  0.001414  0.002361  0.247610  0.045472  -0.040602  2.000000  
55.715675 0.007149  0.095074  -0.020096  0.990792  0.062348  -0.120187  -0.059837  0.997910  0.024392  0.121456  -0.016975  0.992452  0.003640  0.001425  0.002334  0.255116  0.067617  -0.012838  2.000000  
55.716677 0.007154  0.095077  -0.020096  0.990714  0.062592  -0.120697  -0.060037  0.997891  0.024691  0.121987  -0.017215  0.992382  0.003905  0.001508  0.002282  0.260009  0.090000  -0.005656  2.000000  
55.717923 0.007161  0.095080  -0.020094  0.990579  0.063266  -0.121453  -0.060643  0.997842  0.025177  0.122784  -0.017574  0.992278  0.004212  0.001616  0.002211  0.268306  0.116517  0.029077  2.000000  
55.718924 0.007167  0.095083  -0.020093  0.990472  0.063718  -0.122090  -0.061046  0.997809  0.025510  0.123448  -0.017814  0.992191  0.004486  0.001697  0.002119  0.269999  0.143297  0.043217  2.000000  
55.720170 0.007175  0.095087  -0.020091  0.990331  0.064206  -0.122976  -0.061447  0.997769  0.026102  0.124377  -0.018293  0.992066  0.004786  0.001806  0.002062  0.281656  0.174430  0.071214  2.000000  
55.721178 0.007182  0.095090  -0.020089  0.990239  0.064671  -0.123472  -0.061850  0.997732  0.026549  0.124908  -0.018653  0.991993  0.005175  0.001946  0.002026  0.291361  0.196598  0.085276  2.000000  
55.722434 0.007192  0.095095  -0.020085  0.990083  0.065350  -0.124359  -0.062454  0.997681  0.027046  0.125838  -0.019011  0.991869  0.005517  0.002110  0.002071  0.295559  0.231962  0.120180  2.000000  
55.723671 0.007201  0.095099  -0.020079  0.989943  0.066042  -0.125104  -0.063059  0.997626  0.027658  0.126634  -0.019491  0.991758  0.005831  0.002228  0.002261  0.307315  0.258601  0.148203  2.000000  
55.724671 0.007209  0.095102  -0.020073  0.989845  0.066306  -0.125737  -0.063258  0.997602  0.028089  0.127298  -0.019850  0.991666  0.006105  0.002351  0.002488  0.313117  0.285308  0.162424  2.000000  
55.725674 0.007217  0.095103  -0.020067  0.989700  0.066782  -0.126628  -0.063658  0.997563  0.028563  0.128227  -0.020208  0.991539  0.006245  0.002345  0.002721  0.318939  0.316478  0.176714  2.000000  
55.726923 0.007226  0.095105  -0.020058  0.989519  0.067279  -0.127775  -0.064055  0.997520  0.029177  0.129421  -0.020686  0.991374  0.006438  0.002373  0.003078  0.329749  0.361027  0.198140  2.000000  
55.728176 0.007234  0.095105  -0.020050  0.989336  0.067777  -0.128921  -0.064452  0.997476  0.029791  0.130615  -0.021164  0.991207  0.006535  0.002303  0.003405  0.336627  0.405694  0.219699  2.000000  
55.729425 0.007242  0.095105  -0.020041  0.989134  0.068279  -0.130199  -0.064848  0.997432  0.030415  0.131941  -0.021641  0.991021  0.006654  0.002180  0.003825  0.347465  0.450158  0.241153  2.000000  
55.730677 0.007250  0.095104  -0.020033  0.988979  0.068571  -0.131218  -0.065043  0.997401  0.030995  0.133002  -0.022119  0.990869  0.006717  0.001933  0.004238  0.353258  0.490101  0.255672  2.000000  
55.731921 0.007258  0.095103  -0.020025  0.988828  0.069051  -0.132106  -0.065442  0.997360  0.031473  0.133930  -0.022476  0.990736  0.006833  0.001689  0.004697  0.356103  0.525790  0.277166  2.000000  
55.732923 0.007264  0.095102  -0.020020  0.988707  0.069322  -0.132868  -0.065638  0.997333  0.031916  0.134726  -0.022834  0.990620  0.006883  0.001457  0.004973  0.361986  0.552357  0.291488  2.000000  
55.734175 0.007272  0.095103  -0.020012  0.988567  0.069614  -0.133753  -0.065833  0.997302  0.032489  0.135654  -0.023312  0.990482  0.006941  0.001233  0.005392  0.371249  0.588281  0.299301  2.000000  
55.735175 0.007278  0.095103  -0.020006  0.988444  0.069887  -0.134514  -0.066029  0.997274  0.032932  0.136449  -0.023670  0.990364  0.006914  0.001050  0.005705  0.376210  0.614861  0.306746  2.000000  
55.736426 0.007286  0.095105  -0.019998  0.988298  0.069978  -0.135538  -0.066020  0.997256  0.033487  0.137509  -0.024147  0.990206  0.006779  0.000842  0.006083  0.381496  0.641105  0.305118  2.000000  
55.737428 0.007291  0.095106  -0.019991  0.988155  0.070272  -0.136422  -0.066214  0.997224  0.034060  0.138437  -0.024624  0.990065  0.006650  0.000722  0.006293  0.388801  0.668582  0.308252  2.000000  
55.738669 0.007298  0.095107  -0.019982  0.988007  0.070348  -0.137454  -0.066204  0.997210  0.034494  0.139497  -0.024980  0.989907  0.006447  0.000552  0.006480  0.385863  0.685348  0.306413  2.000000  
55.739671 0.007303  0.095108  -0.019974  0.987876  0.070422  -0.138353  -0.066196  0.997195  0.034919  0.140424  -0.025337  0.989767  0.006205  0.000402  0.006593  0.386073  0.703100  0.307012  2.000000  
55.740671 0.007306  0.095108  -0.019967  0.987744  0.070513  -0.139244  -0.066187  0.997177  0.035465  0.141352  -0.025814  0.989623  0.005986  0.000324  0.006673  0.389406  0.725429  0.300957  2.000000  
55.741674 0.007310  0.095108  -0.019958  0.987612  0.070588  -0.140143  -0.066178  0.997162  0.035890  0.142279  -0.026171  0.989481  0.005714  0.000222  0.006808  0.392729  0.743298  0.294717  2.000000  
55.742919 0.007313  0.095106  -0.019947  0.987459  0.070668  -0.141174  -0.066168  0.997147  0.036323  0.143338  -0.026527  0.989318  0.005323  0.000009  0.006970  0.386208  0.765977  0.275104  2.000000  
55.743922 0.007314  0.095104  -0.019938  0.987344  0.070740  -0.141941  -0.066160  0.997132  0.036739  0.144133  -0.026884  0.989193  0.005003  -0.000133  0.007110  0.388498  0.783881  0.262054  2.000000  
55.744924 0.007316  0.095101  -0.019928  0.987209  0.070818  -0.142839  -0.066151  0.997117  0.037164  0.145059  -0.027240  0.989048  0.004676  -0.000247  0.007320  0.389190  0.804338  0.244254  2.000000  
55.746174 0.007316  0.095098  -0.019916  0.987054  0.070899  -0.143870  -0.066141  0.997102  0.037598  0.146118  -0.027595  0.988882  0.004178  -0.000374  0.007630  0.385281  0.815695  0.236134  2.000000  
55.747427 0.007317  0.095095  -0.019903  0.986911  0.070776  -0.144908  -0.065927  0.997101  0.038001  0.147177  -0.027951  0.988715  0.003668  -0.000522  0.008025  0.384876  0.827316  0.210994  2.000000  
55.748428 0.007317  0.095093  -0.019892  0.986773  0.070855  -0.145806  -0.065918  0.997085  0.038426  0.148103  -0.028307  0.988567  0.003259  -0.000644  0.008347  0.384037  0.834153  0.196208  2.000000  
55.749673 0.007316  0.095091  -0.019880  0.986627  0.070733  -0.146844  -0.065704  0.997083  0.038829  0.149162  -0.028662  0.988397  0.002755  -0.000777  0.008587  0.379551  0.846151  0.170866  2.000000  
55.750921 0.007316  0.095090  -0.019868  0.986447  0.070822  -0.148005  -0.065692  0.997067  0.039271  0.150353  -0.029016  0.988207  0.002213  -0.000980  0.008860  0.373837  0.860165  0.157875  2.000000  
55.751924 0.007315  0.095088  -0.019860  0.986340  0.070694  -0.148779  -0.065481  0.997066  0.039656  0.151146  -0.029372  0.988075  0.001708  -0.001193  0.009014  0.375064  0.864936  0.137643  2.000000  
55.753173 0.007313  0.095086  -0.019851  0.986199  0.070776  -0.149677  -0.065472  0.997049  0.040080  0.152072  -0.029727  0.987922  0.001186  -0.001406  0.008990  0.368219  0.865423  0.117447  2.000000  
55.754174 0.007311  0.095084  -0.019843  0.986076  0.070854  -0.150442  -0.065463  0.997033  0.040495  0.152865  -0.030083  0.987789  0.000664  -0.001659  0.009011  0.366450  0.870456  0.104192  2.000000  
55.755174 0.007309  0.095081  -0.019837  0.985988  0.070706  -0.151093  -0.065254  0.997036  0.040750  0.153526  -0.030320  0.987679  0.000223  -0.001830  0.008946  0.359327  0.866011  0.083736  2.000000  
55.756425 0.007305  0.095079  -0.019828  0.985864  0.070785  -0.151858  -0.065245  0.997020  0.041165  0.154320  -0.030675  0.987545  -0.000329  -0.001957  0.008849  0.353402  0.852968  0.070062  2.000000  
55.757671 0.007300  0.095075  -0.019819  0.985733  0.070683  -0.152755  -0.065033  0.997012  0.041678  0.155245  -0.031150  0.987385  -0.000786  -0.002065  0.008708  0.351631  0.846424  0.049464  2.000000  
55.758671 0.007296  0.095073  -0.019811  0.985629  0.070741  -0.153397  -0.065026  0.997001  0.041964  0.155906  -0.031386  0.987273  -0.001179  -0.002112  0.008628  0.346669  0.833314  0.042577  2.000000  
55.759676 0.007292  0.095070  -0.019802  0.985517  0.070617  -0.154171  -0.064815  0.996998  0.042347  0.156699  -0.031741  0.987136  -0.001597  -0.002124  0.008538  0.343426  0.826941  0.029223  2.000000  
55.760922 0.007287  0.095066  -0.019791  0.985392  0.070699  -0.154936  -0.064807  0.996981  0.042762  0.157492  -0.032096  0.986999  -0.001902  -0.002146  0.008489  0.337414  0.818484  0.015643  2.000000  
55.761930 0.007284  0.095064  -0.019782  0.985300  0.070572  -0.155578  -0.064597  0.996979  0.043136  0.158152  -0.032452  0.986881  -0.002179  -0.002155  0.008366  0.335307  0.814175  0.002128  2.000000  
55.763176 0.007280  0.095061  -0.019771  0.985172  0.070654  -0.156343  -0.064589  0.996961  0.043551  0.158945  -0.032807  0.986742  -0.002456  -0.002203  0.008291  0.329226  0.810182  -0.011335  2.000000  
55.764179 0.007278  0.095059  -0.019762  0.985101  0.070505  -0.156862  -0.064380  0.996964  0.043795  0.159473  -0.033043  0.986649  -0.002600  -0.002208  0.008173  0.324201  0.801630  -0.018190  2.000000  
55.765425 0.007276  0.095057  -0.019750  0.984973  0.070569  -0.157635  -0.064372  0.996952  0.044088  0.160266  -0.033278  0.986513  -0.002708  -0.002220  0.008165  0.314864  0.797042  -0.024856  2.000000  
55.766671 0.007274  0.095056  -0.019739  0.984857  0.070449  -0.158409  -0.064161  0.996948  0.044470  0.161058  -0.033633  0.986372  -0.002779  -0.002173  0.008159  0.308701  0.784047  -0.038588  2.000000  
55.767673 0.007272  0.095055  -0.019731  0.984749  0.070510  -0.159050  -0.064154  0.996936  0.044755  0.161718  -0.033869  0.986256  -0.002809  -0.002145  0.008226  0.306130  0.782077  -0.037945  2.000000  
55.768674 0.007272  0.095054  -0.019722  0.984654  0.070346  -0.159709  -0.063944  0.996944  0.044886  0.162378  -0.033984  0.986143  -0.002712  -0.002052  0.008317  0.295295  0.770692  -0.045382  2.000000  
55.769923 0.007271  0.095053  -0.019712  0.984559  0.070203  -0.160360  -0.063734  0.996946  0.045137  0.163038  -0.034220  0.986026  -0.002577  -0.001927  0.008420  0.286027  0.752938  -0.052472  2.000000  
55.771183 0.007270  0.095052  -0.019703  0.984450  0.070284  -0.160992  -0.063727  0.996928  0.045543  0.163698  -0.034575  0.985904  -0.002374  -0.001828  0.008489  0.281779  0.739197  -0.052536  2.000000  
55.772420 0.007269  0.095051  -0.019694  0.984375  0.070136  -0.161511  -0.063519  0.996930  0.045785  0.164226  -0.034811  0.985808  -0.002125  -0.001686  0.008449  0.274469  0.720385  -0.059097  2.000000  
55.773420 0.007269  0.095049  -0.019688  0.984310  0.070190  -0.161889  -0.063515  0.996918  0.046053  0.164622  -0.035048  0.985734  -0.001865  -0.001583  0.008353  0.270451  0.707222  -0.059306  2.000000  
55.774435 0.007269  0.095048  -0.019683  0.984257  0.070038  -0.162276  -0.063308  0.996920  0.046287  0.165018  -0.035285  0.985659  -0.001568  -0.001492  0.008106  0.267272  0.690290  -0.067065  2.000000  
55.775669 0.007269  0.095046  -0.019677  0.984190  0.070091  -0.162654  -0.063303  0.996908  0.046554  0.165414  -0.035521  0.985584  -0.001293  -0.001374  0.007739  0.261149  0.671702  -0.066768  2.000000  
55.776671 0.007270  0.095045  -0.019673  0.984137  0.069940  -0.163041  -0.063097  0.996910  0.046787  0.165810  -0.035758  0.985509  -0.000992  -0.001257  0.007443  0.259959  0.653949  -0.073929  2.000000  
55.777673 0.007270  0.095044  -0.019669  0.984048  0.069999  -0.163551  -0.063091  0.996897  0.047063  0.166338  -0.035994  0.985412  -0.000751  -0.001171  0.007059  0.256894  0.640304  -0.067372  2.000000  
55.778677 0.007271  0.095043  -0.019666  0.983995  0.069868  -0.163930  -0.062884  0.996894  0.047417  0.166734  -0.036350  0.985332  -0.000509  -0.001060  0.006654  0.257861  0.623372  -0.075250  2.000000  
55.779923 0.007273  0.095043  -0.019661  0.983905  0.069927  -0.164439  -0.062878  0.996881  0.047693  0.167261  -0.036586  0.985234  -0.000214  -0.000971  0.006256  0.252738  0.604726  -0.068109  2.000000  
55.780923 0.007275  0.095043  -0.019656  0.983874  0.069771  -0.164695  -0.062673  0.996883  0.047918  0.167525  -0.036823  0.985180  0.000011  -0.000880  0.005945  0.249619  0.578590  -0.076367  2.000000  
55.781923 0.007277  0.095043  -0.019651  0.983807  0.069826  -0.165073  -0.062669  0.996871  0.048185  0.167921  -0.037059  0.985104  0.000211  -0.000817  0.005710  0.248573  0.569064  -0.068958  2.000000  
55.783173 0.007279  0.095044  -0.019646  0.983739  0.069881  -0.165450  -0.062664  0.996858  0.048452  0.168316  -0.037296  0.985027  0.000422  -0.000703  0.005397  0.242450  0.551413  -0.070085  2.000000  
55.784173 0.007280  0.095044  -0.019641  0.983694  0.069911  -0.165705  -0.062661  0.996851  0.048589  0.168580  -0.037414  0.984978  0.000633  -0.000631  0.005073  0.236343  0.533451  -0.069852  2.000000  
55.785175 0.007282  0.095044  -0.019638  0.983649  0.069941  -0.165960  -0.062659  0.996845  0.048727  0.168844  -0.037531  0.984928  0.000766  -0.000567  0.004794  0.231259  0.519772  -0.064099  2.000000  
55.786436 0.007283  0.095045  -0.019633  0.983604  0.069972  -0.166214  -0.062656  0.996838  0.048865  0.169108  -0.037649  0.984878  0.000929  -0.000431  0.004435  0.222907  0.496981  -0.064702  2.000000  
55.787675 0.007285  0.095046  -0.019630  0.983572  0.069817  -0.166470  -0.062450  0.996840  0.049089  0.169371  -0.037886  0.984824  0.001063  -0.000267  0.004152  0.218897  0.479268  -0.065205  2.000000  
55.788676 0.007285  0.095046  -0.019628  0.983526  0.069847  -0.166725  -0.062447  0.996834  0.049226  0.169635  -0.038004  0.984774  0.001114  -0.000154  0.003905  0.210692  0.461291  -0.065713  2.000000  
55.789920 0.007287  0.095047  -0.019626  0.983481  0.069878  -0.166979  -0.062445  0.996827  0.049364  0.169899  -0.038122  0.984724  0.001167  0.000010  0.003612  0.203708  0.443267  -0.059434  2.000000  
55.791173 0.007288  0.095049  -0.019625  0.983436  0.069908  -0.167234  -0.062442  0.996820  0.049502  0.170163  -0.038239  0.984674  0.001239  0.000215  0.003288  0.196609  0.420487  -0.053289  2.000000  
55.792425 0.007290  0.095050  -0.019624  0.983390  0.069959  -0.167480  -0.062439  0.996808  0.049760  0.170426  -0.038476  0.984619  0.001300  0.000401  0.003051  0.190964  0.408220  -0.053053  2.000000  
55.793430 0.007291  0.095051  -0.019624  0.983367  0.069984  -0.167603  -0.062437  0.996801  0.049889  0.170558  -0.038595  0.984591  0.001333  0.000517  0.002827  0.185399  0.388677  -0.047354  2.000000  
55.794437 0.007292  0.095052  -0.019625  0.983345  0.070030  -0.167717  -0.062436  0.996789  0.050140  0.170690  -0.038833  0.984559  0.001312  0.000621  0.002484  0.185342  0.370649  -0.047904  2.000000  
55.795675 0.007293  0.095053  -0.019625  0.983322  0.070056  -0.167840  -0.062434  0.996782  0.050269  0.170822  -0.038951  0.984532  0.001251  0.000645  0.002074  0.181290  0.348296  -0.048670  2.000000  
55.796676 0.007294  0.095053  -0.019626  0.983299  0.070102  -0.167955  -0.062433  0.996770  0.050519  0.170954  -0.039189  0.984499  0.001180  0.000670  0.001701  0.182419  0.334572  -0.042262  2.000000  
55.797926 0.007294  0.095053  -0.019628  0.983276  0.070148  -0.168069  -0.062432  0.996757  0.050769  0.171085  -0.039427  0.984467  0.001036  0.000610  0.001191  0.183545  0.311858  -0.036194  2.000000  
55.798927 0.007294  0.095053  -0.019629  0.983253  0.070173  -0.168192  -0.062430  0.996751  0.050898  0.171217  -0.039546  0.984439  0.000944  0.000584  0.000806  0.179438  0.293871  -0.036803  2.000000  
55.800236 0.007294  0.095052  -0.019631  0.983230  0.070219  -0.168307  -0.062429  0.996738  0.051149  0.171349  -0.039784  0.984407  0.000827  0.000527  0.000361  0.180287  0.275207  -0.030539  2.000000  
55.801429 0.007294  0.095052  -0.019633  0.983230  0.070240  -0.168298  -0.062429  0.996732  0.051269  0.171349  -0.039903  0.984402  0.000736  0.000449  0.000032  0.173599  0.257463  -0.024387  2.000000  
55.802438 0.007295  0.095052  -0.019633  0.983208  0.070266  -0.168421  -0.062427  0.996725  0.051399  0.171481  -0.040022  0.984374  0.000666  0.000461  -0.000254  0.173507  0.243870  -0.024855  2.000000  
55.803675 0.007295  0.095053  -0.019634  0.983208  0.070286  -0.168412  -0.062427  0.996719  0.051520  0.171481  -0.040141  0.984369  0.000645  0.000445  -0.000392  0.166559  0.230203  -0.018501  2.000000  
55.804925 0.007296  0.095054  -0.019633  0.983208  0.070306  -0.168404  -0.062427  0.996713  0.051641  0.171481  -0.040260  0.984364  0.000594  0.000420  -0.000486  0.162482  0.212243  -0.019149  2.000000  
55.806171 0.007296  0.095056  -0.019633  0.983208  0.070327  -0.168395  -0.062427  0.996706  0.051761  0.171481  -0.040380  0.984360  0.000565  0.000461  -0.000494  0.157119  0.197157  -0.019471  2.000000  
55.807173 0.007298  0.095057  -0.019633  0.983208  0.070347  -0.168387  -0.062427  0.996700  0.051882  0.171481  -0.040499  0.984355  0.000544  0.000464  -0.000569  0.154239  0.183540  -0.013194  2.000000  
55.808173 0.007298  0.095059  -0.019632  0.983208  0.070368  -0.168378  -0.062427  0.996694  0.052003  0.171481  -0.040619  0.984350  0.000505  0.000505  -0.000537  0.000000  0.000000  0.000000  2.000000  
55.809174 0.007299  0.095060  -0.019632  0.983220  0.070163  -0.168389  -0.062225  0.996708  0.051969  0.171481  -0.040619  0.984350  0.000494  0.000540  -0.000516  0.000000  0.000000  0.000000  2.000000  
55.810179 0.007300  0.095061  -0.019633  0.983243  0.070178  -0.168249  -0.062226  0.996702  0.052081  0.171349  -0.040739  0.984368  0.000484  0.000564  -0.000523  0.000000  0.000000  0.000000  2.000000  
55.811433 0.007301  0.095062  -0.019633  0.983243  0.070198  -0.168241  -0.062226  0.996696  0.052202  0.171349  -0.040858  0.984363  0.000484  0.000619  -0.000433  0.000000  0.000000  0.000000  2.000000  
55.812676 0.007302  0.095063  -0.019633  0.983279  0.070008  -0.168111  -0.062025  0.996704  0.052280  0.171217  -0.040979  0.984381  0.000515  0.000702  -0.000324  0.000000  0.000000  0.000000  2.000000  
55.813924 0.007302  0.095063  -0.019634  0.983279  0.070048  -0.168094  -0.062025  0.996692  0.052522  0.171217  -0.041217  0.984371  0.000537  0.000717  -0.000299  0.000000  0.000000  0.000000  2.000000  
55.815173 0.007303  0.095063  -0.019635  0.983315  0.069858  -0.167965  -0.061824  0.996700  0.052600  0.171085  -0.041338  0.984389  0.000600  0.000752  -0.000214  0.000000  0.000000  0.000000  2.000000  
55.816174 0.007304  0.095063  -0.019635  0.983337  0.069873  -0.167825  -0.061826  0.996694  0.052712  0.170954  -0.041458  0.984406  0.000658  0.000781  -0.000128  0.000000  0.000000  0.000000  2.000000  
55.817425 0.007305  0.095064  -0.019635  0.983350  0.069709  -0.167819  -0.061623  0.996696  0.052920  0.170954  -0.041697  0.984396  0.000719  0.000759  -0.000131  0.000000  0.000000  0.000000  2.000000  
55.818435 0.007307  0.095064  -0.019636  0.983373  0.069723  -0.167679  -0.061625  0.996690  0.053032  0.170822  -0.041817  0.984414  0.000781  0.000772  -0.000144  0.000000  0.000000  0.000000  2.000000  
55.819673 0.007308  0.095065  -0.019635  0.983386  0.069538  -0.167682  -0.061422  0.996697  0.053119  0.170822  -0.041937  0.984409  0.000859  0.000765  -0.000125  0.000000  0.000000  0.000000  2.000000  
55.820674 0.007310  0.095066  -0.019636  0.983408  0.069553  -0.167542  -0.061424  0.996691  0.053231  0.170690  -0.042057  0.984427  0.000919  0.000764  -0.000174  0.000000  0.000000  0.000000  2.000000  
55.821919 0.007312  0.095068  -0.019636  0.983421  0.069368  -0.167544  -0.061221  0.996699  0.053318  0.170690  -0.042177  0.984422  0.000979  0.000742  -0.000177  0.000000  0.000000  0.000000  2.000000  
55.822919 0.007314  0.095069  -0.019635  0.983444  0.069363  -0.167413  -0.061223  0.996699  0.053310  0.170558  -0.042178  0.984444  0.001067  0.000730  -0.000222  0.000000  0.000000  0.000000  2.000000  
55.823924 0.007317  0.095071  -0.019635  0.983456  0.069178  -0.167416  -0.061020  0.996707  0.053396  0.170558  -0.042297  0.984439  0.001179  0.000763  -0.000146  0.000000  0.000000  0.000000  2.000000  
55.825173 0.007320  0.095074  -0.019633  0.983479  0.069192  -0.167276  -0.061022  0.996701  0.053509  0.170426  -0.042417  0.984457  0.001291  0.000835  -0.000057  0.000000  0.000000  0.000000  2.000000  
55.826174 0.007321  0.095076  -0.019633  0.983514  0.068982  -0.167155  -0.060821  0.996716  0.053466  0.170294  -0.042418  0.984480  0.001351  0.000889  -0.000018  0.000000  0.000000  0.000000  2.000000  
55.827174 0.007324  0.095078  -0.019631  0.983514  0.069002  -0.167147  -0.060821  0.996709  0.053587  0.170294  -0.042538  0.984475  0.001473  0.000975  0.000107  0.000000  0.000000  0.000000  2.000000  
55.828179 0.007326  0.095080  -0.019631  0.983527  0.068797  -0.167158  -0.060618  0.996723  0.053553  0.170294  -0.042538  0.984475  0.001620  0.001100  0.000189  0.000000  0.000000  0.000000  2.000000  
55.829426 0.007328  0.095082  -0.019629  0.983539  0.068612  -0.167161  -0.060416  0.996731  0.053639  0.170294  -0.042657  0.984469  0.001686  0.001218  0.000333  0.000000  0.000000  0.000000  2.000000  
55.830673 0.007331  0.095085  -0.019628  0.983562  0.068626  -0.167021  -0.060417  0.996725  0.053752  0.170163  -0.042778  0.984487  0.001807  0.001402  0.000453  0.000000  0.000000  0.000000  2.000000  
55.831674 0.007334  0.095086  -0.019628  0.983575  0.068421  -0.167032  -0.060214  0.996739  0.053718  0.170163  -0.042778  0.984487  0.001961  0.001557  0.000493  0.000000  0.000000  0.000000  2.000000  
55.832924 0.007337  0.095089  -0.019627  0.983575  0.068441  -0.167024  -0.060214  0.996732  0.053839  0.170163  -0.042897  0.984482  0.002070  0.001690  0.000575  0.000000  0.000000  0.000000  2.000000  
55.834174 0.007341  0.095092  -0.019627  0.983587  0.068277  -0.167018  -0.060012  0.996733  0.054046  0.170163  -0.043136  0.984471  0.002218  0.001874  0.000610  0.000000  0.000000  0.000000  2.000000  
55.835431 0.007345  0.095095  -0.019626  0.983587  0.068297  -0.167010  -0.060012  0.996727  0.054167  0.170163  -0.043255  0.984466  0.002351  0.001981  0.000650  0.000000  0.000000  0.000000  2.000000  
55.836674 0.007349  0.095099  -0.019625  0.983599  0.068112  -0.167013  -0.059809  0.996734  0.054253  0.170163  -0.043375  0.984461  0.002475  0.002114  0.000683  0.000000  0.000000  0.000000  2.000000  
55.837674 0.007352  0.095102  -0.019626  0.983599  0.068132  -0.167004  -0.059809  0.996728  0.054374  0.170163  -0.043494  0.984456  0.002588  0.002192  0.000665  0.000000  0.000000  0.000000  2.000000  
55.838920 0.007357  0.095106  -0.019624  0.983599  0.068152  -0.166996  -0.059809  0.996721  0.054495  0.170163  -0.043613  0.984450  0.002718  0.002288  0.000676  0.000000  0.000000  0.000000  2.000000  
55.840174 0.007362  0.095109  -0.019623  0.983612  0.067968  -0.166999  -0.059607  0.996729  0.054582  0.170163  -0.043733  0.984445  0.002855  0.002354  0.000657  0.000000  0.000000  0.000000  2.000000  
55.841175 0.007366  0.095112  -0.019623  0.983612  0.067988  -0.166991  -0.059607  0.996722  0.054703  0.170163  -0.043852  0.984440  0.003010  0.002437  0.000668  0.000000  0.000000  0.000000  2.000000  
55.842434 0.007371  0.095115  -0.019621  0.983612  0.067988  -0.166991  -0.059607  0.996722  0.054703  0.170163  -0.043852  0.984440  0.003170  0.002491  0.000685  0.000000  0.000000  0.000000  2.000000  
55.843677 0.007377  0.095119  -0.019619  0.983624  0.067803  -0.166994  -0.059404  0.996729  0.054789  0.170163  -0.043972  0.984434  0.003331  0.002586  0.000723  0.000000  0.000000  0.000000  2.000000  
55.844943 0.007382  0.095123  -0.019616  0.983624  0.067823  -0.166986  -0.059404  0.996723  0.054910  0.170163  -0.044091  0.984429  0.003526  0.002687  0.000830  0.000000  0.000000  0.000000  2.000000  
55.846173 0.007388  0.095128  -0.019614  0.983624  0.067843  -0.166977  -0.059404  0.996716  0.055031  0.170163  -0.044211  0.984424  0.003705  0.002810  0.000925  0.000000  0.000000  0.000000  2.000000  
55.847175 0.007393  0.095132  -0.019611  0.983624  0.067864  -0.166969  -0.059404  0.996709  0.055152  0.170163  -0.044330  0.984418  0.003871  0.002972  0.001098  0.000000  0.000000  0.000000  2.000000  
55.848425 0.007398  0.095137  -0.019608  0.983601  0.067890  -0.167093  -0.059403  0.996702  0.055281  0.170294  -0.044448  0.984390  0.004008  0.003113  0.001256  0.000000  0.000000  0.000000  2.000000  
55.849426 0.007403  0.095141  -0.019605  0.983601  0.067890  -0.167093  -0.059403  0.996702  0.055281  0.170294  -0.044448  0.984390  0.004153  0.003230  0.001440  0.000000  0.000000  0.000000  2.000000  
55.850436 0.007408  0.095145  -0.019602  0.983601  0.067910  -0.167084  -0.059403  0.996696  0.055402  0.170294  -0.044568  0.984385  0.004238  0.003342  0.001658  0.000000  0.000000  0.000000  2.000000  
55.851673 0.007414  0.095150  -0.019598  0.983613  0.067725  -0.167087  -0.059201  0.996703  0.055488  0.170294  -0.044687  0.984379  0.004342  0.003431  0.001834  0.000000  0.000000  0.000000  2.000000  
55.852922 0.007420  0.095156  -0.019594  0.983613  0.067766  -0.167071  -0.059201  0.996689  0.055730  0.170294  -0.044926  0.984369  0.004417  0.003578  0.002092  0.000000  0.000000  0.000000  2.000000  
55.853922 0.007424  0.095160  -0.019591  0.983613  0.067786  -0.167063  -0.059201  0.996682  0.055851  0.170294  -0.045045  0.984363  0.004468  0.003690  0.002261  0.000000  0.000000  0.000000  2.000000  
55.854928 0.007428  0.095165  -0.019588  0.983613  0.067806  -0.167055  -0.059201  0.996676  0.055972  0.170294  -0.045165  0.984358  0.004499  0.003772  0.002370  0.000000  0.000000  0.000000  2.000000  
55.856176 0.007434  0.095170  -0.019585  0.983613  0.067826  -0.167046  -0.059201  0.996669  0.056093  0.170294  -0.045284  0.984352  0.004510  0.003882  0.002512  0.000000  0.000000  0.000000  2.000000  
55.857420 0.007439  0.095175  -0.019581  0.983613  0.067847  -0.167038  -0.059201  0.996662  0.056213  0.170294  -0.045404  0.984347  0.004531  0.003957  0.002620  0.000000  0.000000  0.000000  2.000000  
55.858433 0.007444  0.095179  -0.019579  0.983613  0.067847  -0.167038  -0.059201  0.996662  0.056213  0.170294  -0.045404  0.984347  0.004530  0.004022  0.002750  0.000000  0.000000  0.000000  2.000000  
55.859671 0.007449  0.095184  -0.019574  0.983613  0.067867  -0.167030  -0.059201  0.996655  0.056334  0.170294  -0.045523  0.984341  0.004539  0.004085  0.002846  0.000000  0.000000  0.000000  2.000000  
55.860678 0.007454  0.095187  -0.019571  0.983613  0.067887  -0.167022  -0.059201  0.996648  0.056455  0.170294  -0.045642  0.984336  0.004538  0.004072  0.002938  0.000000  0.000000  0.000000  2.000000  
55.861926 0.007459  0.095193  -0.019566  0.983613  0.067908  -0.167013  -0.059201  0.996642  0.056576  0.170294  -0.045762  0.984330  0.004512  0.004116  0.003057  0.000000  0.000000  0.000000  2.000000  
55.863175 0.007465  0.095198  -0.019561  0.983625  0.067723  -0.167017  -0.058998  0.996649  0.056663  0.170294  -0.045881  0.984324  0.004513  0.004150  0.003194  0.000000  0.000000  0.000000  2.000000  
55.864437 0.007470  0.095203  -0.019556  0.983625  0.067743  -0.167009  -0.058998  0.996642  0.056783  0.170294  -0.046000  0.984319  0.004489  0.004151  0.003270  0.000000  0.000000  0.000000  2.000000  
55.865674 0.007475  0.095208  -0.019551  0.983625  0.067763  -0.167000  -0.058998  0.996635  0.056904  0.170294  -0.046120  0.984313  0.004431  0.004132  0.003369  0.000000  0.000000  0.000000  2.000000  
55.866921 0.007481  0.095213  -0.019546  0.983638  0.067578  -0.167004  -0.058796  0.996642  0.056991  0.170294  -0.046239  0.984308  0.004368  0.004096  0.003411  0.000000  0.000000  0.000000  2.000000  
55.867923 0.007485  0.095217  -0.019541  0.983638  0.067578  -0.167004  -0.058796  0.996642  0.056991  0.170294  -0.046239  0.984308  0.004359  0.004091  0.003553  0.000000  0.000000  0.000000  2.000000  
55.869172 0.007489  0.095222  -0.019537  0.983638  0.067598  -0.166996  -0.058796  0.996635  0.057112  0.170294  -0.046359  0.984302  0.004282  0.004045  0.003595  0.000000  0.000000  0.000000  2.000000  
55.870429 0.007494  0.095227  -0.019532  0.983650  0.067414  -0.166999  -0.058593  0.996642  0.057198  0.170294  -0.046478  0.984296  0.004204  0.004042  0.003679  0.000000  0.000000  0.000000  2.000000  
55.871676 0.007498  0.095232  -0.019528  0.983650  0.067434  -0.166991  -0.058593  0.996635  0.057319  0.170294  -0.046597  0.984291  0.004154  0.004020  0.003739  0.000000  0.000000  0.000000  2.000000  
55.872921 0.007503  0.095236  -0.019523  0.983662  0.067249  -0.166995  -0.058391  0.996642  0.057406  0.170294  -0.046717  0.984285  0.004072  0.003969  0.003777  0.000000  0.000000  0.000000  2.000000  
55.873923 0.007506  0.095240  -0.019520  0.983674  0.067044  -0.167007  -0.058188  0.996656  0.057371  0.170294  -0.046717  0.984285  0.004005  0.003958  0.003803  0.000000  0.000000  0.000000  2.000000  
55.875174 0.007511  0.095244  -0.019517  0.983674  0.067064  -0.166998  -0.058188  0.996649  0.057492  0.170294  -0.046836  0.984280  0.003955  0.003903  0.003726  0.000000  0.000000  0.000000  2.000000  
55.876420 0.007516  0.095249  -0.019513  0.983686  0.066879  -0.167002  -0.057986  0.996656  0.057579  0.170294  -0.046956  0.984274  0.003897  0.003874  0.003643  0.000000  0.000000  0.000000  2.000000  
55.877428 0.007519  0.095252  -0.019510  0.983698  0.066694  -0.167006  -0.057783  0.996662  0.057665  0.170294  -0.047075  0.984268  0.003875  0.003843  0.003584  0.000000  0.000000  0.000000  2.000000  
55.878433 0.007523  0.095255  -0.019508  0.983709  0.066489  -0.167018  -0.057581  0.996676  0.057631  0.170294  -0.047075  0.984268  0.003814  0.003741  0.003472  0.000000  0.000000  0.000000  2.000000  
55.879674 0.007528  0.095259  -0.019504  0.983721  0.066304  -0.167022  -0.057378  0.996683  0.057717  0.170294  -0.047194  0.984262  0.003784  0.003660  0.003364  0.000000  0.000000  0.000000  2.000000  
55.880675 0.007532  0.095262  -0.019502  0.983721  0.066324  -0.167014  -0.057378  0.996676  0.057838  0.170294  -0.047314  0.984257  0.003752  0.003577  0.003254  0.000000  0.000000  0.000000  2.000000  
55.881923 0.007537  0.095266  -0.019499  0.983745  0.065934  -0.167029  -0.056973  0.996696  0.057890  0.170294  -0.047433  0.984251  0.003732  0.003493  0.003106  0.000000  0.000000  0.000000  2.000000  
55.882923 0.007541  0.095269  -0.019496  0.983722  0.065940  -0.167161  -0.056972  0.996696  0.057898  0.170426  -0.047432  0.984228  0.003731  0.003437  0.003016  0.000000  0.000000  0.000000  2.000000  
55.883924 0.007544  0.095272  -0.019494  0.983734  0.065756  -0.167165  -0.056769  0.996702  0.057984  0.170426  -0.047551  0.984222  0.003740  0.003358  0.002934  0.000000  0.000000  0.000000  2.000000  
55.884924 0.007548  0.095275  -0.019491  0.983757  0.065365  -0.167181  -0.056364  0.996722  0.058037  0.170426  -0.047671  0.984217  0.003739  0.003302  0.002844  0.000000  0.000000  0.000000  2.000000  
55.886173 0.007553  0.095279  -0.019488  0.983769  0.065181  -0.167185  -0.056162  0.996728  0.058123  0.170426  -0.047790  0.984211  0.003749  0.003223  0.002762  0.000000  0.000000  0.000000  2.000000  
55.887420 0.007557  0.095283  -0.019485  0.983780  0.064996  -0.167189  -0.055959  0.996735  0.058209  0.170426  -0.047910  0.984205  0.003700  0.003190  0.002638  0.000000  0.000000  0.000000  2.000000  
55.888422 0.007560  0.095286  -0.019483  0.983803  0.064605  -0.167205  -0.055554  0.996754  0.058262  0.170426  -0.048029  0.984199  0.003717  0.003165  0.002603  0.000000  0.000000  0.000000  2.000000  
55.889669 0.007564  0.095291  -0.019480  0.983815  0.064441  -0.167201  -0.055351  0.996754  0.058469  0.170426  -0.048268  0.984188  0.003709  0.003212  0.002549  0.000000  0.000000  0.000000  2.000000  
55.890672 0.007569  0.095295  -0.019478  0.983826  0.064256  -0.167206  -0.055149  0.996760  0.058555  0.170426  -0.048387  0.984182  0.003719  0.003232  0.002466  0.000000  0.000000  0.000000  2.000000  
55.891919 0.007573  0.095300  -0.019475  0.983849  0.063866  -0.167222  -0.054744  0.996779  0.058607  0.170426  -0.048507  0.984176  0.003738  0.003305  0.002430  0.000000  0.000000  0.000000  2.000000  
55.892919 0.007577  0.095303  -0.019473  0.983860  0.063681  -0.167226  -0.054541  0.996785  0.058694  0.170426  -0.048626  0.984170  0.003699  0.003302  0.002403  0.000000  0.000000  0.000000  2.000000  
55.893924 0.007581  0.095307  -0.019471  0.983882  0.063291  -0.167243  -0.054136  0.996804  0.058746  0.170426  -0.048745  0.984164  0.003719  0.003375  0.002368  0.000000  0.000000  0.000000  2.000000  
55.894941 0.007585  0.095312  -0.019468  0.983916  0.063120  -0.167108  -0.053935  0.996803  0.058946  0.170294  -0.048985  0.984175  0.003725  0.003448  0.002369  0.000000  0.000000  0.000000  2.000000  
55.896173 0.007591  0.095317  -0.019465  0.983938  0.062729  -0.167125  -0.053530  0.996822  0.058998  0.170294  -0.049105  0.984169  0.003771  0.003553  0.002396  0.070113  0.008896  -0.183899  2.000000  
55.897174 0.007595  0.095321  -0.019462  0.983949  0.062565  -0.167122  -0.053327  0.996820  0.059206  0.170294  -0.049343  0.984157  0.003826  0.003661  0.002383  0.073571  0.008855  -0.182364  2.000000  
55.898424 0.007601  0.095326  -0.019458  0.983971  0.062195  -0.167131  -0.052922  0.996832  0.059379  0.170294  -0.049582  0.984145  0.003901  0.003757  0.002432  0.075902  0.009626  -0.197496  2.000000  
55.899426 0.007606  0.095330  -0.019455  0.983993  0.061805  -0.167148  -0.052517  0.996850  0.059431  0.170294  -0.049701  0.984139  0.003974  0.003812  0.002435  0.076984  0.010218  -0.209380  2.000000  
55.900672 0.007612  0.095336  -0.019452  0.984026  0.061633  -0.167014  -0.052316  0.996849  0.059631  0.170163  -0.049941  0.984150  0.004093  0.003940  0.002466  0.081054  0.005802  -0.209631  2.000000  
55.901674 0.007617  0.095341  -0.019449  0.984048  0.061263  -0.167023  -0.051910  0.996859  0.059804  0.170163  -0.050180  0.984138  0.004233  0.004059  0.002509  0.082754  0.006504  -0.223121  2.000000  
55.902924 0.007624  0.095347  -0.019445  0.984092  0.060887  -0.166902  -0.051506  0.996870  0.059970  0.170031  -0.050420  0.984148  0.004397  0.004196  0.002570  0.086349  0.002443  -0.231991  2.000000  
55.903924 0.007630  0.095353  -0.019442  0.984102  0.060722  -0.166899  -0.051304  0.996868  0.060178  0.170031  -0.050659  0.984136  0.004547  0.004315  0.002628  0.094501  0.002471  -0.231985  2.000000  
55.905173 0.007637  0.095359  -0.019438  0.984146  0.060345  -0.166778  -0.050900  0.996879  0.060344  0.169899  -0.050899  0.984146  0.004739  0.004476  0.002708  0.095452  -0.001291  -0.243819  2.000000  
55.906174 0.007644  0.095365  -0.019435  0.984157  0.060180  -0.166776  -0.050697  0.996877  0.060552  0.169899  -0.051137  0.984134  0.004921  0.004610  0.002822  0.100313  -0.001257  -0.245823  2.000000  
55.907177 0.007650  0.095371  -0.019431  0.984200  0.059804  -0.166655  -0.050293  0.996887  0.060718  0.169767  -0.051377  0.984144  0.005074  0.004748  0.002923  0.103247  -0.005363  -0.252904  2.000000  
55.908423 0.007658  0.095379  -0.019426  0.984233  0.059632  -0.166521  -0.050092  0.996885  0.060919  0.169635  -0.051617  0.984154  0.005265  0.004916  0.003053  0.110521  -0.009745  -0.251095  2.000000  
55.909674 0.007666  0.095388  -0.019422  0.984276  0.059275  -0.166393  -0.049687  0.996888  0.061207  0.169503  -0.051977  0.984158  0.005482  0.005136  0.003141  0.118411  -0.013911  -0.260168  2.000000  
55.910677 0.007673  0.095395  -0.019418  0.984286  0.059110  -0.166391  -0.049485  0.996885  0.061414  0.169503  -0.052215  0.984145  0.005659  0.005317  0.003210  0.122479  -0.013863  -0.260152  2.000000  
55.911678 0.007680  0.095401  -0.019414  0.984329  0.058753  -0.166264  -0.049081  0.996887  0.061702  0.169371  -0.052575  0.984149  0.005844  0.005505  0.003284  0.129463  -0.017943  -0.267172  2.000000  
55.912924 0.007689  0.095410  -0.019408  0.984385  0.058594  -0.165992  -0.048880  0.996877  0.062017  0.169108  -0.052935  0.984175  0.006030  0.005750  0.003448  0.137651  -0.031355  -0.267901  2.000000  
55.914173 0.007698  0.095419  -0.019403  0.984427  0.058237  -0.165865  -0.048476  0.996879  0.062305  0.168976  -0.053295  0.984178  0.006263  0.005976  0.003562  0.144718  -0.035449  -0.275084  2.000000  
55.915175 0.007706  0.095426  -0.019398  0.984460  0.058065  -0.165732  -0.048275  0.996876  0.062507  0.168844  -0.053535  0.984188  0.006439  0.006185  0.003713  0.148755  -0.039876  -0.275213  2.000000  
55.916426 0.007716  0.095435  -0.019392  0.984515  0.057906  -0.165461  -0.048074  0.996866  0.062822  0.168580  -0.053895  0.984213  0.006667  0.006383  0.003870  0.159692  -0.048405  -0.273411  2.000000  
55.917671 0.007726  0.095445  -0.019385  0.984580  0.057541  -0.165203  -0.047671  0.996868  0.063104  0.168316  -0.054256  0.984239  0.006900  0.006603  0.004068  0.165121  -0.057702  -0.276151  2.000000  
55.918673 0.007735  0.095453  -0.019380  0.984612  0.057369  -0.165070  -0.047469  0.996865  0.063306  0.168185  -0.054496  0.984248  0.007109  0.006776  0.004244  0.169243  -0.062152  -0.276443  2.000000  
55.919674 0.007744  0.095460  -0.019375  0.984667  0.057209  -0.164800  -0.047269  0.996854  0.063622  0.167921  -0.054856  0.984273  0.007292  0.006941  0.004364  0.178569  -0.071411  -0.270069  2.000000  
55.920677 0.007752  0.095468  -0.019369  0.984721  0.057029  -0.164536  -0.047068  0.996851  0.063817  0.167657  -0.055098  0.984305  0.007494  0.007057  0.004500  0.182661  -0.080333  -0.270529  2.000000  
55.921922 0.007763  0.095477  -0.019362  0.984785  0.056683  -0.164271  -0.046665  0.996844  0.064221  0.167393  -0.055578  0.984322  0.007686  0.007170  0.004680  0.193788  -0.088886  -0.277890  2.000000  
