1-Time 2-Px 3-Py 4-Pz 5-R11 6-R21 7-R31 8-R12 9-R22 10-R32 11-R13 12-R23 13-R33 14-Vx 15-Vy 16-Vz 17-Wx 18-Wy 19-Wz 20-state 21-PR11 22-PR21 23-PR31 24-PR12 25-PR22 26-PR32 27-PR13 28-PR23 29-PR33 
101.951326 0.013029  0.096529  -0.036139  0.980153  0.090618  -0.176318  -0.086588  0.995779  0.030432  0.178331  -0.014560  0.983863  0.000236  0.000166  0.000154  0.000000  0.000000  0.000000  2.000000  
101.952333 0.013029  0.096529  -0.036139  0.980153  0.090639  -0.176307  -0.086588  0.995776  0.030552  0.178331  -0.014680  0.983861  0.000294  0.000139  0.000188  0.000000  0.000000  0.000000  2.000000  
101.953577 0.013033  0.096529  -0.036138  0.980022  0.091057  -0.176819  -0.086983  0.995737  0.030671  0.178858  -0.014678  0.983765  0.000511  0.000167  0.000274  0.000000  0.000000  0.000000  2.000000  
101.954580 0.013036  0.096529  -0.036137  0.979891  0.091496  -0.177319  -0.087378  0.995695  0.030912  0.179384  -0.014796  0.983668  0.000714  0.000140  0.000299  0.000000  0.000000  0.000000  2.000000  
101.955829 0.013041  0.096528  -0.036136  0.979747  0.091551  -0.178084  -0.087366  0.995687  0.031223  0.180174  -0.015033  0.983520  0.001033  0.000059  0.000393  0.000000  0.000000  0.000000  2.000000  
101.957077 0.013047  0.096527  -0.036134  0.979609  0.091788  -0.178721  -0.087557  0.995663  0.031439  0.180832  -0.015150  0.983397  0.001415  -0.000050  0.000475  0.000000  0.000000  0.000000  2.000000  
101.958080 0.013052  0.096526  -0.036134  0.979458  0.092455  -0.179204  -0.088153  0.995598  0.031839  0.181358  -0.015387  0.983297  0.001776  -0.000105  0.000499  0.000000  0.000000  0.000000  2.000000  
101.959330 0.013059  0.096525  -0.036133  0.979264  0.093306  -0.179821  -0.088948  0.995517  0.032166  0.182016  -0.015505  0.983173  0.002227  -0.000243  0.000524  0.000000  0.000000  0.000000  2.000000  
101.960333 0.013065  0.096523  -0.036133  0.979112  0.093951  -0.180314  -0.089544  0.995454  0.032446  0.182542  -0.015622  0.983074  0.002570  -0.000353  0.000533  0.000000  0.000000  0.000000  2.000000  
101.961574 0.013072  0.096522  -0.036133  0.978935  0.094599  -0.180937  -0.090138  0.995391  0.032738  0.183200  -0.015740  0.982950  0.003048  -0.000437  0.000528  0.000000  0.000000  0.000000  2.000000  
101.962575 0.013077  0.096523  -0.036134  0.978732  0.095226  -0.181703  -0.090729  0.995331  0.032923  0.183989  -0.015737  0.982802  0.003389  -0.000413  0.000396  0.084667  0.182074  0.152472  2.000000  
101.963823 0.013084  0.096524  -0.036138  0.978479  0.095880  -0.182718  -0.091315  0.995267  0.033254  0.185041  -0.015853  0.982603  0.003774  -0.000338  0.000097  0.092613  0.217759  0.173453  2.000000  
101.964825 0.013089  0.096525  -0.036142  0.978268  0.096326  -0.183609  -0.091702  0.995222  0.033536  0.185962  -0.015970  0.982427  0.004139  -0.000236  -0.000163  0.099283  0.248995  0.187521  2.000000  
101.966078 0.013097  0.096527  -0.036146  0.978013  0.096958  -0.184635  -0.092287  0.995160  0.033748  0.187013  -0.015966  0.982228  0.004645  -0.000107  -0.000484  0.103148  0.289113  0.208502  2.000000  
101.967326 0.013108  0.096529  -0.036152  0.977756  0.097612  -0.185649  -0.092872  0.995095  0.034082  0.188065  -0.016082  0.982025  0.005216  0.000020  -0.000844  0.104947  0.322246  0.220891  2.000000  
101.968328 0.013117  0.096531  -0.036154  0.977548  0.098262  -0.186400  -0.093461  0.995029  0.034392  0.188853  -0.016199  0.981872  0.005686  0.000174  -0.001076  0.112858  0.348677  0.241543  2.000000  
101.969334 0.013128  0.096534  -0.036155  0.977358  0.098708  -0.187159  -0.093849  0.994983  0.034665  0.189641  -0.016315  0.981718  0.006169  0.000304  -0.001257  0.120466  0.378176  0.257470  2.000000  
101.970587 0.013142  0.096535  -0.036154  0.977142  0.099178  -0.188036  -0.094235  0.994932  0.035072  0.190561  -0.016551  0.981536  0.006869  0.000443  -0.001241  0.131263  0.409320  0.271531  2.000000  
101.971828 0.013156  0.096534  -0.036150  0.976880  0.099833  -0.189047  -0.094818  0.994865  0.035410  0.191612  -0.016666  0.981329  0.007435  0.000444  -0.001093  0.135292  0.445077  0.292612  2.000000  
101.972861 0.013169  0.096533  -0.036147  0.976636  0.100283  -0.190066  -0.095201  0.994817  0.035710  0.192662  -0.016782  0.981122  0.007929  0.000444  -0.000923  0.141925  0.480256  0.306421  2.000000  
101.974077 0.013184  0.096530  -0.036143  0.976385  0.100555  -0.191210  -0.095379  0.994786  0.036106  0.193844  -0.017016  0.980885  0.008405  0.000332  -0.000648  0.151738  0.521230  0.314304  2.000000  
101.975080 0.013196  0.096527  -0.036139  0.976139  0.101006  -0.192228  -0.095761  0.994738  0.036408  0.194893  -0.017131  0.980675  0.008821  0.000200  -0.000398  0.154504  0.557014  0.328549  2.000000  
101.976080 0.013207  0.096523  -0.036133  0.975956  0.101022  -0.193142  -0.095743  0.994737  0.036497  0.195812  -0.017128  0.980492  0.009284  0.000071  -0.000070  0.154649  0.588475  0.329016  2.000000  
101.977329 0.013222  0.096518  -0.036128  0.975754  0.101266  -0.194036  -0.095926  0.994710  0.036747  0.196730  -0.017243  0.980306  0.009799  -0.000305  0.000424  0.160100  0.624121  0.336296  2.000000  
101.978337 0.013235  0.096515  -0.036124  0.975603  0.101482  -0.194681  -0.096114  0.994688  0.036852  0.197386  -0.017241  0.980174  0.010345  -0.000570  0.000946  0.161455  0.646274  0.343319  2.000000  
101.979575 0.013251  0.096512  -0.036118  0.975431  0.101927  -0.195306  -0.096503  0.994640  0.037117  0.198042  -0.017358  0.980040  0.010892  -0.000877  0.001496  0.164235  0.668752  0.357468  2.000000  
101.980578 0.013264  0.096510  -0.036114  0.975352  0.101934  -0.195697  -0.096495  0.994640  0.037156  0.198435  -0.017356  0.979960  0.011409  -0.001128  0.002109  0.164311  0.682265  0.357688  2.000000  
101.981823 0.013280  0.096509  -0.036108  0.975227  0.102172  -0.196199  -0.096685  0.994613  0.037368  0.198960  -0.017473  0.979852  0.011833  -0.001261  0.002781  0.168419  0.694482  0.361863  2.000000  
101.982825 0.013294  0.096509  -0.036102  0.975147  0.102179  -0.196590  -0.096677  0.994613  0.037407  0.199353  -0.017472  0.979772  0.012118  -0.001412  0.003431  0.163165  0.703461  0.355279  2.000000  
101.984077 0.013311  0.096509  -0.036093  0.975014  0.102214  -0.197230  -0.096664  0.994607  0.037593  0.200009  -0.017588  0.979636  0.012436  -0.001560  0.004199  0.160822  0.703765  0.341905  2.000000  
101.985078 0.013324  0.096510  -0.036086  0.974907  0.102248  -0.197739  -0.096653  0.994601  0.037765  0.200533  -0.017705  0.979527  0.012583  -0.001661  0.004672  0.159675  0.699199  0.335055  2.000000  
101.986342 0.013340  0.096509  -0.036075  0.974801  0.102281  -0.198249  -0.096643  0.994596  0.037937  0.201058  -0.017822  0.979417  0.012624  -0.001679  0.005141  0.155762  0.695798  0.330853  2.000000  
101.987575 0.013355  0.096507  -0.036064  0.974720  0.102312  -0.198627  -0.096635  0.994591  0.038097  0.201451  -0.017939  0.979334  0.012595  -0.001725  0.005596  0.153388  0.686011  0.321528  2.000000  
101.988831 0.013370  0.096503  -0.036052  0.974666  0.102341  -0.198876  -0.096629  0.994585  0.038243  0.201713  -0.018057  0.979278  0.012570  -0.001882  0.006130  0.144100  0.674173  0.290000  2.000000  
101.990075 0.013383  0.096497  -0.036039  0.974640  0.102344  -0.199006  -0.096627  0.994585  0.038256  0.201844  -0.018057  0.979251  0.012483  -0.002031  0.006625  0.139082  0.655737  0.267224  2.000000  
101.991325 0.013396  0.096490  -0.036025  0.974613  0.102370  -0.199124  -0.096624  0.994580  0.038390  0.201975  -0.018175  0.979222  0.012393  -0.002157  0.007145  0.133879  0.638237  0.240003  2.000000  
101.992331 0.013407  0.096486  -0.036012  0.974586  0.102373  -0.199255  -0.096621  0.994580  0.038403  0.202106  -0.018174  0.979195  0.012316  -0.002153  0.007781  0.127009  0.616793  0.221141  2.000000  
101.993575 0.013420  0.096479  -0.035996  0.974532  0.102377  -0.199515  -0.096616  0.994580  0.038429  0.202368  -0.018173  0.979141  0.012127  -0.002306  0.008493  0.119068  0.590232  0.200347  2.000000  
101.994829 0.013433  0.096474  -0.035980  0.974478  0.102382  -0.199776  -0.096611  0.994579  0.038454  0.202630  -0.018172  0.979087  0.011885  -0.002508  0.009268  0.112435  0.563512  0.186326  2.000000  
101.996076 0.013446  0.096469  -0.035964  0.974471  0.102180  -0.199914  -0.096407  0.994600  0.038426  0.202761  -0.018172  0.979060  0.011738  -0.002642  0.009863  0.106248  0.532560  0.157379  2.000000  
101.997330 0.013460  0.096466  -0.035949  0.974471  0.102180  -0.199914  -0.096407  0.994600  0.038426  0.202761  -0.018172  0.979060  0.011537  -0.002821  0.010311  0.093649  0.492394  0.130781  2.000000  
101.998330 0.013472  0.096464  -0.035938  0.974471  0.102180  -0.199914  -0.096407  0.994600  0.038426  0.202761  -0.018172  0.979060  0.011324  -0.003081  0.010715  0.086916  0.465677  0.116766  2.000000  
101.999573 0.013485  0.096461  -0.035927  0.974471  0.102180  -0.199914  -0.096407  0.994600  0.038426  0.202761  -0.018172  0.979060  0.011081  -0.003299  0.010901  0.079509  0.439830  0.101989  2.000000  
102.000830 0.013497  0.096457  -0.035916  0.974498  0.102178  -0.199784  -0.096410  0.994600  0.038413  0.202630  -0.018172  0.979087  0.010852  -0.003542  0.010943  0.071457  0.400036  0.081111  2.000000  
102.002090 0.013507  0.096452  -0.035906  0.974525  0.102175  -0.199654  -0.096413  0.994600  0.038400  0.202499  -0.018173  0.979114  0.010532  -0.003761  0.010882  0.059838  0.354205  0.060587  2.000000  
102.003336 0.013517  0.096447  -0.035898  0.974525  0.102175  -0.199654  -0.096413  0.994600  0.038400  0.202499  -0.018173  0.979114  0.010170  -0.003847  0.010604  0.053050  0.313947  0.046311  2.000000  
102.004338 0.013523  0.096442  -0.035891  0.974525  0.102175  -0.199654  -0.096413  0.994600  0.038400  0.202499  -0.018173  0.979114  0.009874  -0.003878  0.010372  0.047620  0.278084  0.038898  2.000000  
102.005343 0.013530  0.096436  -0.035884  0.974518  0.101973  -0.199792  -0.096210  0.994621  0.038372  0.202630  -0.018172  0.979087  0.009596  -0.003937  0.010099  0.040811  0.246857  0.024787  2.000000  
102.006581 0.013538  0.096429  -0.035873  0.974518  0.101973  -0.199792  -0.096210  0.994621  0.038372  0.202630  -0.018172  0.979087  0.009227  -0.003999  0.009873  0.035374  0.215571  0.017459  2.000000  
102.007830 0.013545  0.096421  -0.035864  0.974518  0.101973  -0.199792  -0.096210  0.994621  0.038372  0.202630  -0.018172  0.979087  0.008868  -0.004128  0.009477  0.034002  0.184246  0.010112  2.000000  
102.009077 0.013554  0.096415  -0.035855  0.974545  0.101970  -0.199661  -0.096212  0.994621  0.038359  0.202499  -0.018173  0.979114  0.008538  -0.004128  0.008903  0.000000  0.000000  0.000000  2.000000  
102.010079 0.013561  0.096410  -0.035849  0.974545  0.101970  -0.199661  -0.096212  0.994621  0.038359  0.202499  -0.018173  0.979114  0.008403  -0.004183  0.008570  0.000000  0.000000  0.000000  2.000000  
102.011079 0.013569  0.096406  -0.035843  0.974518  0.101973  -0.199792  -0.096210  0.994621  0.038372  0.202630  -0.018172  0.979087  0.008117  -0.004229  0.008001  0.000000  0.000000  0.000000  2.000000  
102.012328 0.013578  0.096402  -0.035836  0.974518  0.101949  -0.199804  -0.096210  0.994626  0.038251  0.202630  -0.018054  0.979089  0.007842  -0.004274  0.007535  0.000000  0.000000  0.000000  2.000000  
102.013575 0.013588  0.096399  -0.035831  0.974491  0.101951  -0.199935  -0.096207  0.994626  0.038264  0.202761  -0.018053  0.979062  0.007530  -0.004359  0.006994  0.000000  0.000000  0.000000  2.000000  
102.014575 0.013595  0.096397  -0.035827  0.974464  0.101953  -0.200065  -0.096204  0.994625  0.038277  0.202892  -0.018053  0.979035  0.007353  -0.004310  0.006641  0.000000  0.000000  0.000000  2.000000  
102.015823 0.013605  0.096394  -0.035822  0.974437  0.101931  -0.200208  -0.096202  0.994630  0.038169  0.203023  -0.017933  0.979010  0.007257  -0.004221  0.006260  0.000000  0.000000  0.000000  2.000000  
102.016828 0.013613  0.096391  -0.035819  0.974437  0.101931  -0.200208  -0.096202  0.994630  0.038169  0.203023  -0.017933  0.979010  0.007181  -0.004165  0.005906  0.000000  0.000000  0.000000  2.000000  
102.018079 0.013621  0.096386  -0.035816  0.974410  0.101910  -0.200350  -0.096199  0.994634  0.038062  0.203154  -0.017814  0.978985  0.007093  -0.004116  0.005608  0.000000  0.000000  0.000000  2.000000  
102.019082 0.013628  0.096383  -0.035813  0.974410  0.101910  -0.200350  -0.096199  0.994634  0.038062  0.203154  -0.017814  0.978985  0.007078  -0.004024  0.005338  0.000000  0.000000  0.000000  2.000000  
102.020084 0.013634  0.096378  -0.035812  0.974410  0.101910  -0.200350  -0.096199  0.994634  0.038062  0.203154  -0.017814  0.978985  0.007075  -0.003913  0.004920  0.000000  0.000000  0.000000  2.000000  
102.021335 0.013641  0.096373  -0.035810  0.974410  0.101910  -0.200350  -0.096199  0.994634  0.038062  0.203154  -0.017814  0.978985  0.007037  -0.003787  0.004263  0.000000  0.000000  0.000000  2.000000  
102.022579 0.013650  0.096368  -0.035809  0.974383  0.101936  -0.200468  -0.096196  0.994629  0.038195  0.203285  -0.017932  0.978955  0.007080  -0.003636  0.003707  0.000000  0.000000  0.000000  2.000000  
102.023827 0.013658  0.096363  -0.035808  0.974356  0.101939  -0.200599  -0.096194  0.994629  0.038208  0.203416  -0.017932  0.978928  0.007046  -0.003559  0.003264  0.000000  0.000000  0.000000  2.000000  
102.025080 0.013667  0.096360  -0.035807  0.974328  0.101965  -0.200717  -0.096191  0.994624  0.038342  0.203547  -0.018050  0.978899  0.007044  -0.003330  0.002766  0.000000  0.000000  0.000000  2.000000  
102.026340 0.013677  0.096358  -0.035804  0.974274  0.101995  -0.200965  -0.096185  0.994619  0.038488  0.203809  -0.018168  0.978842  0.007080  -0.003141  0.002408  0.000000  0.000000  0.000000  2.000000  
102.027579 0.013688  0.096357  -0.035801  0.974274  0.101995  -0.200965  -0.096185  0.994619  0.038488  0.203809  -0.018168  0.978842  0.007193  -0.002929  0.002242  0.000000  0.000000  0.000000  2.000000  
102.028825 0.013700  0.096357  -0.035797  0.974247  0.102021  -0.201083  -0.096183  0.994614  0.038621  0.203940  -0.018286  0.978813  0.007340  -0.002713  0.002148  0.000000  0.000000  0.000000  2.000000  
102.029828 0.013709  0.096358  -0.035792  0.974200  0.102229  -0.201205  -0.096381  0.994593  0.038676  0.204071  -0.018286  0.978785  0.007411  -0.002576  0.002199  0.000000  0.000000  0.000000  2.000000  
102.031077 0.013721  0.096358  -0.035788  0.974200  0.102229  -0.201205  -0.096381  0.994593  0.038676  0.204071  -0.018286  0.978785  0.007563  -0.002302  0.002211  0.000000  0.000000  0.000000  2.000000  
102.032079 0.013729  0.096358  -0.035785  0.974173  0.102255  -0.201323  -0.096378  0.994588  0.038809  0.204202  -0.018404  0.978756  0.007662  -0.002111  0.002232  0.000000  0.000000  0.000000  2.000000  
102.033080 0.013738  0.096358  -0.035782  0.974173  0.102255  -0.201323  -0.096378  0.994588  0.038809  0.204202  -0.018404  0.978756  0.007781  -0.001864  0.002221  0.000000  0.000000  0.000000  2.000000  
102.034339 0.013748  0.096358  -0.035778  0.974153  0.102460  -0.201315  -0.096579  0.994567  0.038851  0.204202  -0.018404  0.978756  0.007910  -0.001561  0.002270  0.000000  0.000000  0.000000  2.000000  
102.035341 0.013757  0.096357  -0.035775  0.974126  0.102487  -0.201433  -0.096576  0.994562  0.038984  0.204333  -0.018522  0.978726  0.008098  -0.001285  0.002401  0.000000  0.000000  0.000000  2.000000  
102.036578 0.013766  0.096357  -0.035772  0.974126  0.102487  -0.201433  -0.096576  0.994562  0.038984  0.204333  -0.018522  0.978726  0.008245  -0.000926  0.002559  0.000000  0.000000  0.000000  2.000000  
102.037830 0.013777  0.096357  -0.035767  0.974126  0.102512  -0.201421  -0.096576  0.994557  0.039105  0.204333  -0.018641  0.978724  0.008418  -0.000638  0.002772  0.000000  0.000000  0.000000  2.000000  
102.039080 0.013788  0.096357  -0.035764  0.974133  0.102763  -0.201257  -0.096779  0.994527  0.039375  0.204202  -0.018879  0.978747  0.008596  -0.000287  0.003009  0.000000  0.000000  0.000000  2.000000  
102.040332 0.013800  0.096358  -0.035759  0.974133  0.102811  -0.201232  -0.096779  0.994517  0.039616  0.204202  -0.019116  0.978742  0.008747  -0.000037  0.003153  0.000000  0.000000  0.000000  2.000000  
102.041580 0.013812  0.096361  -0.035754  0.974113  0.103041  -0.201212  -0.096980  0.994491  0.039778  0.204202  -0.019235  0.978740  0.008843  0.000214  0.003337  0.000000  0.000000  0.000000  2.000000  
102.042583 0.013821  0.096363  -0.035750  0.974113  0.103089  -0.201187  -0.096980  0.994481  0.040019  0.204202  -0.019472  0.978735  0.008848  0.000380  0.003400  0.000000  0.000000  0.000000  2.000000  
102.043825 0.013833  0.096366  -0.035746  0.974113  0.103138  -0.201162  -0.096980  0.994472  0.040261  0.204202  -0.019710  0.978730  0.008894  0.000563  0.003375  0.000000  0.000000  0.000000  2.000000  
102.045074 0.013845  0.096369  -0.035742  0.974093  0.103367  -0.201141  -0.097180  0.994446  0.040423  0.204202  -0.019828  0.978728  0.008902  0.000752  0.003342  0.000000  0.000000  0.000000  2.000000  
102.046078 0.013854  0.096371  -0.035737  0.974093  0.103392  -0.201128  -0.097180  0.994441  0.040543  0.204202  -0.019947  0.978726  0.008903  0.000875  0.003362  0.000000  0.000000  0.000000  2.000000  
102.047323 0.013865  0.096374  -0.035733  0.974100  0.103643  -0.200965  -0.097383  0.994410  0.040813  0.204071  -0.020185  0.978748  0.008891  0.001052  0.003400  0.000000  0.000000  0.000000  2.000000  
102.048327 0.013873  0.096376  -0.035728  0.974100  0.103667  -0.200952  -0.097383  0.994405  0.040933  0.204071  -0.020304  0.978745  0.008870  0.001245  0.003544  0.000000  0.000000  0.000000  2.000000  
102.049575 0.013883  0.096379  -0.035722  0.974127  0.103689  -0.200809  -0.097386  0.994400  0.041041  0.203940  -0.020423  0.978770  0.008876  0.001435  0.003721  0.000000  0.000000  0.000000  2.000000  
102.050832 0.013893  0.096382  -0.035716  0.974107  0.103918  -0.200788  -0.097587  0.994374  0.041203  0.203940  -0.020542  0.978768  0.008875  0.001687  0.003882  0.000000  0.000000  0.000000  2.000000  
102.052081 0.013903  0.096385  -0.035709  0.974135  0.103939  -0.200645  -0.097589  0.994369  0.041311  0.203809  -0.020661  0.978793  0.008813  0.001909  0.004078  0.000000  0.000000  0.000000  2.000000  
102.053329 0.013913  0.096389  -0.035702  0.974135  0.103988  -0.200620  -0.097589  0.994359  0.041552  0.203809  -0.020899  0.978788  0.008766  0.002159  0.004256  0.000000  0.000000  0.000000  2.000000  
102.054334 0.013921  0.096392  -0.035698  0.974162  0.104009  -0.200477  -0.097592  0.994354  0.041659  0.203678  -0.021018  0.978812  0.008677  0.002362  0.004339  0.000000  0.000000  0.000000  2.000000  
102.055341 0.013928  0.096395  -0.035694  0.974162  0.104058  -0.200452  -0.097592  0.994344  0.041901  0.203678  -0.021255  0.978807  0.008518  0.002473  0.004346  0.000000  0.000000  0.000000  2.000000  
102.056577 0.013937  0.096399  -0.035690  0.974162  0.104107  -0.200427  -0.097592  0.994334  0.042142  0.203678  -0.021493  0.978802  0.008354  0.002598  0.004268  0.000000  0.000000  0.000000  2.000000  
102.057579 0.013944  0.096403  -0.035687  0.974189  0.104128  -0.200284  -0.097595  0.994329  0.042249  0.203547  -0.021612  0.978827  0.008216  0.002706  0.004188  0.000000  0.000000  0.000000  2.000000  
102.058579 0.013952  0.096406  -0.035685  0.974189  0.104177  -0.200258  -0.097595  0.994319  0.042491  0.203547  -0.021850  0.978821  0.008023  0.002752  0.004152  0.000000  0.000000  0.000000  2.000000  
102.059828 0.013959  0.096410  -0.035682  0.974216  0.104222  -0.200103  -0.097598  0.994309  0.042719  0.203416  -0.022088  0.978843  0.007766  0.002807  0.004045  0.000000  0.000000  0.000000  2.000000  
102.061081 0.013967  0.096414  -0.035679  0.974216  0.104271  -0.200077  -0.097598  0.994298  0.042960  0.203416  -0.022325  0.978838  0.007518  0.002863  0.003894  0.000000  0.000000  0.000000  2.000000  
102.062326 0.013974  0.096417  -0.035677  0.974243  0.104316  -0.199922  -0.097600  0.994288  0.043188  0.203285  -0.022563  0.978860  0.007220  0.002832  0.003659  0.000000  0.000000  0.000000  2.000000  
102.063327 0.013979  0.096419  -0.035675  0.974243  0.104365  -0.199897  -0.097600  0.994278  0.043429  0.203285  -0.022801  0.978854  0.007009  0.002804  0.003526  0.000000  0.000000  0.000000  2.000000  
102.064330 0.013983  0.096420  -0.035673  0.974270  0.104386  -0.199754  -0.097603  0.994273  0.043537  0.203154  -0.022920  0.978878  0.006788  0.002801  0.003339  0.000000  0.000000  0.000000  2.000000  
102.065339 0.013988  0.096421  -0.035672  0.974270  0.104435  -0.199728  -0.097603  0.994262  0.043778  0.203154  -0.023158  0.978873  0.006519  0.002713  0.003070  0.000000  0.000000  0.000000  2.000000  
102.066577 0.013993  0.096424  -0.035669  0.974317  0.104251  -0.199594  -0.097405  0.994279  0.043844  0.203023  -0.023277  0.978897  0.006256  0.002657  0.002754  0.000000  0.000000  0.000000  2.000000  
102.067825 0.013998  0.096426  -0.035668  0.974344  0.104296  -0.199439  -0.097408  0.994268  0.044073  0.202892  -0.023515  0.978919  0.005968  0.002556  0.002494  0.000000  0.000000  0.000000  2.000000  
102.068832 0.014003  0.096429  -0.035666  0.974344  0.104320  -0.199426  -0.097408  0.994263  0.044193  0.202892  -0.023634  0.978916  0.005749  0.002541  0.002235  0.000000  0.000000  0.000000  2.000000  
102.070077 0.014009  0.096432  -0.035664  0.974364  0.104164  -0.199410  -0.097207  0.994274  0.044393  0.202892  -0.023871  0.978910  0.005506  0.002442  0.002055  0.000000  0.000000  0.000000  2.000000  
102.071085 0.014013  0.096434  -0.035662  0.974391  0.104185  -0.199267  -0.097210  0.994269  0.044501  0.202761  -0.023991  0.978934  0.005249  0.002427  0.001969  0.000000  0.000000  0.000000  2.000000  
102.072328 0.014019  0.096438  -0.035659  0.974391  0.104234  -0.199242  -0.097210  0.994258  0.044742  0.202761  -0.024228  0.978928  0.005070  0.002389  0.001927  0.000000  0.000000  0.000000  2.000000  
102.073332 0.014022  0.096441  -0.035658  0.974438  0.104050  -0.199108  -0.097012  0.994274  0.044809  0.202630  -0.024348  0.978953  0.004826  0.002336  0.001821  0.000000  0.000000  0.000000  2.000000  
102.074339 0.014026  0.096443  -0.035656  0.974438  0.104074  -0.199095  -0.097012  0.994269  0.044929  0.202630  -0.024466  0.978950  0.004606  0.002291  0.001809  0.000000  0.000000  0.000000  2.000000  
102.075343 0.014029  0.096445  -0.035654  0.974465  0.104119  -0.198940  -0.097015  0.994258  0.045158  0.202499  -0.024704  0.978971  0.004406  0.002209  0.001779  0.000000  0.000000  0.000000  2.000000  
102.076578 0.014032  0.096447  -0.035653  0.974512  0.103935  -0.198806  -0.096817  0.994274  0.045224  0.202368  -0.024824  0.978995  0.004176  0.002152  0.001696  0.000000  0.000000  0.000000  2.000000  
102.077579 0.014035  0.096449  -0.035652  0.974512  0.103983  -0.198781  -0.096817  0.994263  0.045466  0.202368  -0.025061  0.978989  0.003949  0.002102  0.001636  0.000000  0.000000  0.000000  2.000000  
102.078826 0.014037  0.096450  -0.035652  0.974539  0.104004  -0.198638  -0.096819  0.994258  0.045573  0.202237  -0.025181  0.979013  0.003737  0.002074  0.001502  0.000000  0.000000  0.000000  2.000000  
102.079831 0.014039  0.096451  -0.035652  0.974586  0.103820  -0.198504  -0.096621  0.994274  0.045640  0.202106  -0.025300  0.979037  0.003575  0.002043  0.001351  0.000000  0.000000  0.000000  2.000000  
102.081073 0.014042  0.096453  -0.035651  0.974613  0.103865  -0.198349  -0.096624  0.994263  0.045868  0.201975  -0.025538  0.979058  0.003378  0.002011  0.001291  0.000000  0.000000  0.000000  2.000000  
102.082077 0.014044  0.096454  -0.035651  0.974640  0.103885  -0.198206  -0.096627  0.994258  0.045976  0.201844  -0.025658  0.979082  0.003217  0.001933  0.001171  0.000000  0.000000  0.000000  2.000000  
102.083328 0.014047  0.096456  -0.035650  0.974666  0.103930  -0.198050  -0.096629  0.994247  0.046204  0.201713  -0.025896  0.979102  0.003031  0.001934  0.001104  0.000000  0.000000  0.000000  2.000000  
102.084575 0.014051  0.096459  -0.035648  0.974693  0.103951  -0.197907  -0.096632  0.994242  0.046312  0.201582  -0.026016  0.979126  0.002962  0.001930  0.001124  0.000000  0.000000  0.000000  2.000000  
102.085584 0.014054  0.096461  -0.035646  0.974720  0.103995  -0.197752  -0.096635  0.994231  0.046540  0.201451  -0.026254  0.979147  0.002849  0.001876  0.001099  0.000000  0.000000  0.000000  2.000000  
102.086829 0.014057  0.096463  -0.035644  0.974747  0.104016  -0.197609  -0.096637  0.994226  0.046648  0.201320  -0.026373  0.979170  0.002747  0.001795  0.001081  0.000000  0.000000  0.000000  2.000000  
102.087830 0.014060  0.096465  -0.035642  0.974774  0.104036  -0.197466  -0.096640  0.994221  0.046755  0.201189  -0.026493  0.979194  0.002640  0.001744  0.001098  0.000000  0.000000  0.000000  2.000000  
102.088830 0.014063  0.096467  -0.035639  0.974801  0.104056  -0.197323  -0.096643  0.994215  0.046863  0.201058  -0.026612  0.979218  0.002577  0.001663  0.001153  0.000000  0.000000  0.000000  2.000000  
102.090078 0.014066  0.096469  -0.035636  0.974847  0.103896  -0.197177  -0.096445  0.994226  0.047051  0.200926  -0.026851  0.979238  0.002491  0.001610  0.001203  0.000000  0.000000  0.000000  2.000000  
102.091330 0.014069  0.096471  -0.035633  0.974874  0.103916  -0.197034  -0.096447  0.994220  0.047159  0.200795  -0.026970  0.979262  0.002505  0.001641  0.001358  0.000000  0.000000  0.000000  2.000000  
102.092330 0.014071  0.096473  -0.035631  0.974881  0.104141  -0.196881  -0.096651  0.994194  0.047307  0.200664  -0.027090  0.979285  0.002462  0.001616  0.001427  0.000000  0.000000  0.000000  2.000000  
102.093576 0.014073  0.096474  -0.035628  0.974907  0.104162  -0.196738  -0.096653  0.994188  0.047414  0.200533  -0.027209  0.979309  0.002447  0.001619  0.001612  0.000000  0.000000  0.000000  2.000000  
102.094824 0.014076  0.096476  -0.035624  0.974961  0.104178  -0.196464  -0.096659  0.994183  0.047509  0.200271  -0.027330  0.979359  0.002472  0.001681  0.001874  0.000000  0.000000  0.000000  2.000000  
102.095826 0.014079  0.096478  -0.035621  0.974987  0.104198  -0.196321  -0.096661  0.994178  0.047617  0.200140  -0.027449  0.979383  0.002494  0.001712  0.002041  0.000000  0.000000  0.000000  2.000000  
102.097075 0.014081  0.096481  -0.035617  0.975014  0.104219  -0.196178  -0.096664  0.994172  0.047724  0.200009  -0.027569  0.979406  0.002480  0.001770  0.002223  0.000000  0.000000  0.000000  2.000000  
102.098077 0.014084  0.096483  -0.035615  0.975067  0.104235  -0.195905  -0.096669  0.994167  0.047819  0.199747  -0.027689  0.979456  0.002510  0.001802  0.002352  0.000000  0.000000  0.000000  2.000000  
102.099323 0.014088  0.096486  -0.035611  0.975074  0.104483  -0.195739  -0.096873  0.994134  0.048088  0.199616  -0.027927  0.979476  0.002533  0.001886  0.002505  0.000000  0.000000  0.000000  2.000000  
102.100328 0.014090  0.096489  -0.035608  0.975101  0.104503  -0.195596  -0.096875  0.994129  0.048195  0.199484  -0.028047  0.979500  0.002515  0.001915  0.002545  0.000000  0.000000  0.000000  2.000000  
102.101578 0.014094  0.096492  -0.035606  0.975127  0.104523  -0.195453  -0.096878  0.994123  0.048303  0.199353  -0.028166  0.979523  0.002526  0.001969  0.002603  0.000000  0.000000  0.000000  2.000000  
102.102581 0.014097  0.096495  -0.035603  0.975154  0.104543  -0.195310  -0.096880  0.994118  0.048411  0.199222  -0.028286  0.979546  0.002513  0.001997  0.002596  0.000000  0.000000  0.000000  2.000000  
102.103827 0.014101  0.096498  -0.035600  0.975160  0.104768  -0.195157  -0.097084  0.994091  0.048558  0.199091  -0.028406  0.979569  0.002545  0.002025  0.002618  0.000000  0.000000  0.000000  2.000000  
102.105078 0.014104  0.096500  -0.035596  0.975187  0.104811  -0.195001  -0.097087  0.994080  0.048787  0.198960  -0.028644  0.979589  0.002539  0.002061  0.002682  0.000000  0.000000  0.000000  2.000000  
102.106078 0.014107  0.096502  -0.035593  0.975187  0.104835  -0.194988  -0.097087  0.994074  0.048907  0.198960  -0.028763  0.979585  0.002569  0.002088  0.002701  0.000000  0.000000  0.000000  2.000000  
102.107080 0.014109  0.096504  -0.035590  0.975193  0.105036  -0.194848  -0.097290  0.994052  0.048934  0.198829  -0.028764  0.979612  0.002595  0.002117  0.002768  0.000000  0.000000  0.000000  2.000000  
102.108332 0.014113  0.096506  -0.035586  0.975220  0.105056  -0.194705  -0.097293  0.994047  0.049042  0.198698  -0.028883  0.979635  0.002652  0.002173  0.002856  0.000000  0.000000  0.000000  2.000000  
102.109577 0.014116  0.096509  -0.035582  0.975220  0.105079  -0.194692  -0.097293  0.994041  0.049162  0.198698  -0.029002  0.979632  0.002677  0.002228  0.002826  0.000000  0.000000  0.000000  2.000000  
102.110824 0.014118  0.096512  -0.035578  0.975226  0.105304  -0.194539  -0.097496  0.994014  0.049310  0.198567  -0.029122  0.979655  0.002646  0.002247  0.002839  0.000000  0.000000  0.000000  2.000000  
102.111828 0.014121  0.096515  -0.035575  0.975226  0.105327  -0.194526  -0.097496  0.994008  0.049431  0.198567  -0.029241  0.979651  0.002728  0.002311  0.002862  0.000000  0.000000  0.000000  2.000000  
102.113078 0.014124  0.096518  -0.035573  0.975232  0.105552  -0.194372  -0.097699  0.993980  0.049578  0.198435  -0.029360  0.979674  0.002678  0.002340  0.002784  0.000000  0.000000  0.000000  2.000000  
102.114324 0.014128  0.096523  -0.035569  0.975232  0.105575  -0.194360  -0.097699  0.993974  0.049699  0.198435  -0.029479  0.979671  0.002715  0.002449  0.002812  0.000000  0.000000  0.000000  2.000000  
102.115338 0.014130  0.096526  -0.035567  0.975232  0.105575  -0.194360  -0.097699  0.993974  0.049699  0.198435  -0.029479  0.979671  0.002655  0.002475  0.002776  0.000000  0.000000  0.000000  2.000000  
102.116578 0.014134  0.096530  -0.035564  0.975212  0.105803  -0.194337  -0.097900  0.993946  0.049859  0.198435  -0.029598  0.979667  0.002650  0.002545  0.002761  0.000000  0.000000  0.000000  2.000000  
102.117826 0.014137  0.096534  -0.035562  0.975212  0.105827  -0.194324  -0.097900  0.993940  0.049980  0.198435  -0.029717  0.979663  0.002586  0.002599  0.002676  0.000000  0.000000  0.000000  2.000000  
102.118838 0.014139  0.096537  -0.035560  0.975212  0.105851  -0.194311  -0.097900  0.993934  0.050100  0.198435  -0.029835  0.979660  0.002539  0.002641  0.002664  0.000000  0.000000  0.000000  2.000000  
102.120077 0.014142  0.096540  -0.035558  0.975192  0.106079  -0.194288  -0.098101  0.993906  0.050261  0.198435  -0.029954  0.979656  0.002515  0.002678  0.002539  0.000000  0.000000  0.000000  2.000000  
102.121187 0.014144  0.096542  -0.035557  0.975192  0.106102  -0.194275  -0.098101  0.993900  0.050382  0.198435  -0.030073  0.979652  0.002432  0.002675  0.002397  0.000000  0.000000  0.000000  2.000000  
102.122343 0.014146  0.096544  -0.035555  0.975172  0.106307  -0.194265  -0.098302  0.993878  0.050422  0.198435  -0.030073  0.979652  0.002386  0.002658  0.002224  0.000000  0.000000  0.000000  2.000000  
102.123579 0.014149  0.096547  -0.035554  0.975172  0.106330  -0.194252  -0.098302  0.993872  0.050542  0.198435  -0.030192  0.979649  0.002361  0.002658  0.002061  0.000000  0.000000  0.000000  2.000000  
102.124827 0.014151  0.096549  -0.035552  0.975152  0.106559  -0.194228  -0.098502  0.993844  0.050703  0.198435  -0.030311  0.979645  0.002334  0.002611  0.001937  0.000000  0.000000  0.000000  2.000000  
102.125828 0.014153  0.096551  -0.035551  0.975152  0.106559  -0.194228  -0.098502  0.993844  0.050703  0.198435  -0.030311  0.979645  0.002308  0.002625  0.001829  0.000000  0.000000  0.000000  2.000000  
102.126832 0.014156  0.096554  -0.035549  0.975152  0.106582  -0.194215  -0.098502  0.993838  0.050823  0.198435  -0.030430  0.979641  0.002332  0.002594  0.001744  0.000000  0.000000  0.000000  2.000000  
102.128075 0.014159  0.096557  -0.035546  0.975131  0.106787  -0.194205  -0.098703  0.993816  0.050863  0.198435  -0.030430  0.979641  0.002326  0.002580  0.001737  0.000000  0.000000  0.000000  2.000000  
102.129328 0.014162  0.096560  -0.035544  0.975131  0.106810  -0.194192  -0.098703  0.993810  0.050984  0.198435  -0.030548  0.979638  0.002300  0.002483  0.001669  0.000000  0.000000  0.000000  2.000000  
102.130338 0.014165  0.096563  -0.035543  0.975111  0.107015  -0.194181  -0.098904  0.993788  0.051024  0.198435  -0.030548  0.979638  0.002300  0.002469  0.001618  0.000000  0.000000  0.000000  2.000000  
102.131575 0.014168  0.096566  -0.035541  0.975111  0.107038  -0.194168  -0.098904  0.993782  0.051144  0.198435  -0.030667  0.979634  0.002250  0.002387  0.001583  0.000000  0.000000  0.000000  2.000000  
102.132828 0.014170  0.096569  -0.035539  0.975111  0.107038  -0.194168  -0.098904  0.993782  0.051144  0.198435  -0.030667  0.979634  0.002263  0.002288  0.001586  0.000000  0.000000  0.000000  2.000000  
102.134077 0.014173  0.096571  -0.035536  0.975091  0.107267  -0.194145  -0.099105  0.993754  0.051305  0.198435  -0.030786  0.979630  0.002226  0.002252  0.001561  0.000000  0.000000  0.000000  2.000000  
102.135342 0.014175  0.096574  -0.035535  0.975091  0.107267  -0.194145  -0.099105  0.993754  0.051305  0.198435  -0.030786  0.979630  0.002211  0.002204  0.001549  0.000000  0.000000  0.000000  2.000000  
102.136577 0.014177  0.096575  -0.035533  0.975070  0.107471  -0.194134  -0.099305  0.993731  0.051345  0.198435  -0.030786  0.979630  0.002185  0.002145  0.001578  0.000000  0.000000  0.000000  2.000000  
102.137597 0.014179  0.096576  -0.035532  0.975070  0.107495  -0.194121  -0.099305  0.993725  0.051465  0.198435  -0.030905  0.979627  0.002152  0.002121  0.001557  0.000000  0.000000  0.000000  2.000000  
102.138831 0.014181  0.096578  -0.035529  0.975050  0.107699  -0.194111  -0.099506  0.993703  0.051505  0.198435  -0.030905  0.979627  0.002132  0.002071  0.001592  0.000000  0.000000  0.000000  2.000000  
102.140081 0.014183  0.096580  -0.035528  0.975050  0.107699  -0.194111  -0.099506  0.993703  0.051505  0.198435  -0.030905  0.979627  0.002074  0.001988  0.001600  0.000000  0.000000  0.000000  2.000000  
102.141331 0.014185  0.096581  -0.035526  0.975056  0.107923  -0.193957  -0.099710  0.993675  0.051652  0.198304  -0.031025  0.979649  0.002051  0.001926  0.001579  0.000000  0.000000  0.000000  2.000000  
102.142333 0.014187  0.096583  -0.035524  0.975056  0.107923  -0.193957  -0.099710  0.993675  0.051652  0.198304  -0.031025  0.979649  0.001995  0.001847  0.001593  0.000000  0.000000  0.000000  2.000000  
102.143578 0.014190  0.096585  -0.035522  0.975035  0.108151  -0.193933  -0.099910  0.993646  0.051813  0.198304  -0.031143  0.979646  0.001932  0.001793  0.001551  0.000000  0.000000  0.000000  2.000000  
102.144824 0.014192  0.096588  -0.035520  0.975014  0.108356  -0.193922  -0.100111  0.993624  0.051853  0.198304  -0.031143  0.979646  0.001907  0.001737  0.001576  0.000000  0.000000  0.000000  2.000000  
102.145829 0.014194  0.096589  -0.035519  0.975014  0.108356  -0.193922  -0.100111  0.993624  0.051853  0.198304  -0.031143  0.979646  0.001810  0.001655  0.001517  0.000000  0.000000  0.000000  2.000000  
102.146833 0.014195  0.096591  -0.035517  0.974994  0.108561  -0.193912  -0.100312  0.993602  0.051893  0.198304  -0.031143  0.979646  0.001788  0.001602  0.001544  0.000000  0.000000  0.000000  2.000000  
102.148073 0.014197  0.096593  -0.035516  0.975020  0.108556  -0.193781  -0.100314  0.993602  0.051879  0.198173  -0.031144  0.979672  0.001686  0.001545  0.001428  0.000000  0.000000  0.000000  2.000000  
102.149328 0.014198  0.096594  -0.035514  0.975000  0.108761  -0.193770  -0.100515  0.993580  0.051919  0.198173  -0.031144  0.979672  0.001630  0.001464  0.001437  0.000000  0.000000  0.000000  2.000000  
102.150577 0.014199  0.096596  -0.035513  0.975005  0.108961  -0.193629  -0.100719  0.993558  0.051946  0.198042  -0.031145  0.979699  0.001579  0.001465  0.001454  0.000000  0.000000  0.000000  2.000000  
102.151829 0.014200  0.096597  -0.035511  0.974984  0.109189  -0.193605  -0.100919  0.993529  0.052106  0.198042  -0.031264  0.979695  0.001504  0.001438  0.001406  0.000000  0.000000  0.000000  2.000000  
102.152830 0.014201  0.096598  -0.035510  0.974984  0.109189  -0.193605  -0.100919  0.993529  0.052106  0.198042  -0.031264  0.979695  0.001413  0.001406  0.001404  0.000000  0.000000  0.000000  2.000000  
102.153833 0.014201  0.096599  -0.035510  0.974990  0.109390  -0.193464  -0.101123  0.993507  0.052132  0.197911  -0.031265  0.979721  0.001374  0.001404  0.001329  0.000000  0.000000  0.000000  2.000000  
102.155077 0.014203  0.096600  -0.035509  0.974969  0.109594  -0.193454  -0.101324  0.993485  0.052172  0.197911  -0.031265  0.979721  0.001313  0.001380  0.001235  0.000000  0.000000  0.000000  2.000000  
102.156078 0.014203  0.096602  -0.035508  0.974975  0.109795  -0.193312  -0.101527  0.993462  0.052198  0.197780  -0.031266  0.979748  0.001224  0.001380  0.001180  0.000000  0.000000  0.000000  2.000000  
102.157081 0.014204  0.096603  -0.035508  0.974954  0.109999  -0.193302  -0.101728  0.993440  0.052238  0.197780  -0.031266  0.979748  0.001142  0.001346  0.001083  0.000000  0.000000  0.000000  2.000000  
102.158081 0.014205  0.096605  -0.035507  0.974980  0.109995  -0.193171  -0.101730  0.993440  0.052225  0.197649  -0.031266  0.979774  0.001097  0.001345  0.001054  0.000000  0.000000  0.000000  2.000000  
102.159330 0.014207  0.096606  -0.035507  0.974959  0.110223  -0.193147  -0.101931  0.993411  0.052385  0.197649  -0.031385  0.979770  0.001046  0.001321  0.000920  0.000000  0.000000  0.000000  2.000000  
102.160575 0.014207  0.096607  -0.035507  0.974964  0.110423  -0.193006  -0.102135  0.993389  0.052411  0.197517  -0.031386  0.979797  0.000958  0.001237  0.000811  0.000000  0.000000  0.000000  2.000000  
102.161575 0.014208  0.096609  -0.035507  0.974970  0.110624  -0.192865  -0.102338  0.993367  0.052437  0.197386  -0.031387  0.979823  0.000877  0.001200  0.000663  0.000000  0.000000  0.000000  2.000000  
102.162823 0.014209  0.096609  -0.035507  0.974954  0.111028  -0.192713  -0.102742  0.993321  0.052503  0.197255  -0.031388  0.979850  0.000849  0.001124  0.000592  0.000000  0.000000  0.000000  2.000000  
102.163823 0.014210  0.096610  -0.035507  0.974959  0.111229  -0.192572  -0.102946  0.993299  0.052529  0.197124  -0.031389  0.979876  0.000861  0.001122  0.000502  0.000000  0.000000  0.000000  2.000000  
102.164825 0.014211  0.096610  -0.035508  0.974964  0.111429  -0.192430  -0.103149  0.993277  0.052554  0.196993  -0.031390  0.979902  0.000830  0.001011  0.000428  0.000000  0.000000  0.000000  2.000000  
102.166078 0.014212  0.096611  -0.035508  0.974969  0.111629  -0.192289  -0.103353  0.993254  0.052580  0.196862  -0.031390  0.979929  0.000798  0.000969  0.000255  0.000000  0.000000  0.000000  2.000000  
102.167327 0.014213  0.096611  -0.035508  0.974952  0.112034  -0.192137  -0.103757  0.993208  0.052645  0.196730  -0.031391  0.979955  0.000822  0.000897  0.000174  0.000000  0.000000  0.000000  2.000000  
102.168328 0.014214  0.096611  -0.035509  0.974957  0.112234  -0.191996  -0.103961  0.993186  0.052671  0.196599  -0.031392  0.979981  0.000847  0.000867  0.000091  0.000000  0.000000  0.000000  2.000000  
102.169335 0.014214  0.096611  -0.035509  0.974962  0.112458  -0.191841  -0.104164  0.993157  0.052817  0.196468  -0.031512  0.980004  0.000847  0.000784  0.000038  0.000000  0.000000  0.000000  2.000000  
102.170340 0.014215  0.096612  -0.035509  0.974971  0.112859  -0.191559  -0.104571  0.993111  0.052868  0.196206  -0.031513  0.980056  0.000821  0.000755  -0.000028  0.050449  -0.077355  0.167271  2.000000  
