1-Time 2-Px 3-Py 4-Pz 5-R11 6-R21 7-R31 8-R12 9-R22 10-R32 11-R13 12-R23 13-R33 14-Vx 15-Vy 16-Vz 17-Wx 18-Wy 19-Wz 20-state 21-PR11 22-PR21 23-PR31 24-PR12 25-PR22 26-PR32 27-PR13 28-PR23 29-PR33 
132.234245 0.010324  0.095235  -0.008624  0.997997  0.053557  0.033669  -0.038028  0.082585  0.995858  0.050554  -0.995144  0.084456  0.000017  0.001783  0.000403  0.000000  0.000000  0.000000  2.000000  
132.235247 0.010324  0.095236  -0.008624  0.997997  0.053553  0.033675  -0.038028  0.082464  0.995868  0.050554  -0.995154  0.084335  -0.000022  0.001696  0.000333  0.000000  0.000000  0.000000  2.000000  
132.236496 0.010325  0.095237  -0.008624  0.997988  0.053458  0.034090  -0.038439  0.082568  0.995844  0.050421  -0.995151  0.084457  -0.000010  0.001505  0.000268  0.000000  0.000000  0.000000  2.000000  
132.237500 0.010327  0.095237  -0.008624  0.997979  0.053359  0.034511  -0.038851  0.082551  0.995829  0.050287  -0.995157  0.084457  0.000095  0.001401  0.000267  0.000000  0.000000  0.000000  2.000000  
132.238751 0.010329  0.095239  -0.008622  0.997984  0.053114  0.034732  -0.039057  0.082671  0.995811  0.050020  -0.995160  0.084579  0.000209  0.001272  0.000277  0.000000  0.000000  0.000000  2.000000  
132.239998 0.010333  0.095241  -0.008621  0.997975  0.053019  0.035147  -0.039468  0.082775  0.995786  0.049886  -0.995157  0.084700  0.000398  0.001216  0.000383  0.000000  0.000000  0.000000  2.000000  
132.241000 0.010336  0.095242  -0.008619  0.997967  0.053036  0.035352  -0.039673  0.082765  0.995779  0.049886  -0.995157  0.084700  0.000559  0.001110  0.000431  0.000000  0.000000  0.000000  2.000000  
132.242250 0.010340  0.095244  -0.008617  0.997950  0.053079  0.035749  -0.040084  0.082984  0.995744  0.049886  -0.995136  0.084942  0.000850  0.001099  0.000524  0.000000  0.000000  0.000000  2.000000  
132.243252 0.010343  0.095245  -0.008616  0.997934  0.053117  0.036153  -0.040495  0.083083  0.995720  0.049886  -0.995126  0.085062  0.001079  0.001029  0.000572  0.000000  0.000000  0.000000  2.000000  
132.244252 0.010346  0.095246  -0.008615  0.997925  0.053139  0.036351  -0.040700  0.083193  0.995702  0.049886  -0.995116  0.085183  0.001299  0.000984  0.000611  0.000000  0.000000  0.000000  2.000000  
132.245257 0.010349  0.095247  -0.008614  0.997915  0.053044  0.036766  -0.041112  0.083297  0.995676  0.049753  -0.995112  0.085304  0.001540  0.000994  0.000661  0.000000  0.000000  0.000000  2.000000  
132.246509 0.010353  0.095248  -0.008613  0.997911  0.052822  0.037186  -0.041523  0.083528  0.995640  0.049485  -0.995104  0.085547  0.001830  0.000982  0.000753  0.000000  0.000000  0.000000  2.000000  
132.247751 0.010357  0.095249  -0.008612  0.997892  0.052749  0.037800  -0.042140  0.083743  0.995596  0.049352  -0.995090  0.085789  0.002126  0.000993  0.000799  0.000000  0.000000  0.000000  2.000000  
132.249000 0.010361  0.095251  -0.008611  0.997879  0.052544  0.038425  -0.042756  0.083963  0.995551  0.049084  -0.995083  0.086031  0.002469  0.001065  0.000925  0.000000  0.000000  0.000000  2.000000  
132.250250 0.010365  0.095254  -0.008609  0.997859  0.052477  0.039032  -0.043373  0.084299  0.995496  0.048951  -0.995058  0.086394  0.002780  0.001192  0.001067  -0.027402  -0.190107  -0.033237  2.000000  
132.251253 0.010369  0.095256  -0.008607  0.997848  0.052389  0.039441  -0.043784  0.084524  0.995459  0.048817  -0.995043  0.086636  0.002956  0.001309  0.001149  -0.039302  -0.197395  -0.037113  2.000000  
132.252500 0.010373  0.095260  -0.008605  0.997836  0.052310  0.039837  -0.044195  0.084992  0.995401  0.048683  -0.995008  0.087119  0.003093  0.001481  0.001213  -0.054915  -0.211929  -0.044829  2.000000  
132.253751 0.010377  0.095263  -0.008604  0.997815  0.052244  0.040444  -0.044812  0.085327  0.995345  0.048550  -0.994982  0.087482  0.003187  0.001589  0.001231  -0.070215  -0.233011  -0.047499  2.000000  
132.255000 0.010382  0.095267  -0.008603  0.997794  0.052184  0.041046  -0.045428  0.085784  0.995278  0.048416  -0.994946  0.087965  0.003289  0.001768  0.001182  -0.084847  -0.252101  -0.049739  2.000000  
132.256251 0.010385  0.095271  -0.008603  0.997781  0.052106  0.041442  -0.045840  0.086252  0.995218  0.048283  -0.994910  0.088449  0.003235  0.001858  0.001036  -0.105250  -0.268303  -0.053374  2.000000  
132.257501 0.010390  0.095275  -0.008603  0.997762  0.052162  0.041826  -0.046250  0.086713  0.995159  0.048283  -0.994867  0.088931  0.003252  0.002032  0.000962  -0.124922  -0.282013  -0.052109  2.000000  
132.258745 0.010393  0.095278  -0.008603  0.997740  0.052103  0.042428  -0.046867  0.087170  0.995090  0.048149  -0.994830  0.089415  0.003206  0.002177  0.000865  -0.144337  -0.303149  -0.054745  2.000000  
132.259751 0.010395  0.095281  -0.008602  0.997730  0.052137  0.042613  -0.047072  0.087521  0.995050  0.048149  -0.994797  0.089777  0.003174  0.002332  0.000872  -0.156173  -0.309937  -0.054067  2.000000  
132.260767 0.010398  0.095283  -0.008601  0.997711  0.052193  0.042998  -0.047483  0.087982  0.994990  0.048149  -0.994754  0.090259  0.003155  0.002441  0.000823  -0.175782  -0.323549  -0.052775  2.000000  
132.262009 0.010400  0.095286  -0.008601  0.997698  0.052118  0.043394  -0.047894  0.088450  0.994929  0.048015  -0.994716  0.090743  0.003043  0.002488  0.000776  -0.191460  -0.337792  -0.055973  2.000000  
132.263253 0.010402  0.095287  -0.008601  0.997678  0.052175  0.043779  -0.048305  0.088911  0.994868  0.048015  -0.994672  0.091225  0.002891  0.002531  0.000697  -0.211197  -0.351639  -0.054708  2.000000  
132.264518 0.010403  0.095289  -0.008601  0.997658  0.052233  0.044163  -0.048716  0.089372  0.994806  0.048015  -0.994628  0.091708  0.002710  0.002494  0.000651  -0.226755  -0.365315  -0.053389  2.000000  
132.265753 0.010405  0.095291  -0.008601  0.997638  0.052297  0.044541  -0.049127  0.089954  0.994734  0.048015  -0.994572  0.092311  0.002541  0.002422  0.000476  -0.247086  -0.372662  -0.052731  2.000000  
132.266754 0.010407  0.095292  -0.008603  0.997628  0.052332  0.044727  -0.049332  0.090305  0.994692  0.048015  -0.994538  0.092673  0.002406  0.002316  0.000237  -0.259482  -0.365092  -0.048754  2.000000  
132.267754 0.010409  0.095294  -0.008604  0.997617  0.052372  0.044906  -0.049537  0.090777  0.994638  0.048015  -0.994493  0.093155  0.002342  0.002243  0.000052  -0.275837  -0.364309  -0.039709  2.000000  
132.269000 0.010412  0.095297  -0.008606  0.997597  0.052437  0.045284  -0.049948  0.091359  0.994565  0.048015  -0.994436  0.093759  0.002247  0.002142  -0.000155  -0.289800  -0.360976  -0.034813  2.000000  
132.270251 0.010416  0.095299  -0.008607  0.997587  0.052478  0.045463  -0.050154  0.091831  0.994511  0.048015  -0.994391  0.094241  0.002217  0.002083  -0.000272  -0.304438  -0.363555  -0.030510  2.000000  
132.271503 0.010420  0.095302  -0.008608  0.997576  0.052525  0.045636  -0.050359  0.092423  0.994446  0.048015  -0.994334  0.094844  0.002202  0.002019  -0.000319  -0.321065  -0.356663  -0.030998  2.000000  
132.272751 0.010424  0.095305  -0.008608  0.997572  0.052439  0.045821  -0.050565  0.093022  0.994379  0.047882  -0.994282  0.095448  0.002257  0.001937  -0.000361  -0.333694  -0.350241  -0.035953  2.000000  
132.273996 0.010428  0.095307  -0.008607  0.997562  0.052486  0.045994  -0.050770  0.093614  0.994313  0.047882  -0.994224  0.096051  0.002322  0.001885  -0.000318  -0.347526  -0.340614  -0.036160  2.000000  
132.274998 0.010431  0.095309  -0.008606  0.997551  0.052527  0.046174  -0.050975  0.094086  0.994258  0.047882  -0.994177  0.096533  0.002331  0.001785  -0.000337  -0.359715  -0.340253  -0.031617  2.000000  
132.276246 0.010435  0.095311  -0.008604  0.997545  0.052688  0.046129  -0.050975  0.094682  0.994202  0.048015  -0.994112  0.097135  0.002398  0.001769  -0.000201  -0.376865  -0.318937  -0.024486  2.000000  
132.277259 0.010437  0.095311  -0.008603  0.997528  0.052863  0.046295  -0.051180  0.095147  0.994147  0.048149  -0.994059  0.097617  0.002475  0.001696  -0.000163  -0.388733  -0.306502  -0.012400  2.000000  
132.278505 0.010440  0.095312  -0.008602  0.997528  0.052886  0.046269  -0.051180  0.095629  0.994100  0.048149  -0.994011  0.098099  0.002555  0.001600  -0.000090  -0.393827  -0.285439  -0.009703  2.000000  
132.279749 0.010444  0.095313  -0.008600  0.997518  0.052933  0.046442  -0.051385  0.096221  0.994033  0.048149  -0.993951  0.098702  0.002687  0.001568  0.000047  -0.403115  -0.275891  -0.005698  2.000000  
132.280752 0.010446  0.095313  -0.008599  0.997507  0.052976  0.046621  -0.051591  0.096692  0.993976  0.048149  -0.993903  0.099184  0.002739  0.001498  0.000145  -0.410908  -0.270466  0.002685  2.000000  
132.281781 0.010450  0.095315  -0.008597  0.997507  0.052998  0.046595  -0.051591  0.097175  0.993929  0.048149  -0.993855  0.099667  0.002850  0.001546  0.000389  -0.419346  -0.256037  0.005965  2.000000  
132.283001 0.010454  0.095318  -0.008595  0.997496  0.053053  0.046761  -0.051796  0.097887  0.993849  0.048149  -0.993782  0.100390  0.002943  0.001547  0.000581  -0.428586  -0.242094  0.009304  2.000000  
132.284248 0.010459  0.095321  -0.008593  0.997486  0.053101  0.046933  -0.052001  0.098479  0.993780  0.048149  -0.993721  0.100993  0.003041  0.001580  0.000886  -0.433516  -0.233294  0.008697  2.000000  
132.285251 0.010463  0.095324  -0.008590  0.997475  0.053144  0.047112  -0.052207  0.098950  0.993722  0.048149  -0.993672  0.101475  0.003085  0.001606  0.001129  -0.438395  -0.221340  0.012064  2.000000  
132.286496 0.010467  0.095328  -0.008586  0.997468  0.053306  0.047066  -0.052206  0.099546  0.993662  0.048283  -0.993604  0.102077  0.003168  0.001717  0.001437  -0.442617  -0.206446  0.019805  2.000000  
132.287500 0.010472  0.095332  -0.008583  0.997458  0.053355  0.047238  -0.052412  0.100138  0.993592  0.048283  -0.993542  0.102679  0.003218  0.001821  0.001687  -0.450992  -0.204686  0.019724  2.000000  
132.288501 0.010476  0.095335  -0.008580  0.997447  0.053398  0.047417  -0.052617  0.100609  0.993534  0.048283  -0.993492  0.103161  0.003288  0.001920  0.001884  -0.455379  -0.192169  0.023130  2.000000  
132.289750 0.010480  0.095338  -0.008576  0.997436  0.053454  0.047583  -0.052823  0.101321  0.993451  0.048283  -0.993417  0.103884  0.003336  0.001992  0.002047  -0.463796  -0.190589  0.023045  2.000000  
132.290998 0.010485  0.095341  -0.008572  0.997425  0.053504  0.047755  -0.053028  0.101912  0.993379  0.048283  -0.993354  0.104487  0.003382  0.002032  0.002174  -0.468646  -0.176549  0.026259  2.000000  
132.292245 0.010488  0.095343  -0.008568  0.997403  0.053581  0.048125  -0.053439  0.102613  0.993285  0.048283  -0.993277  0.105210  0.003413  0.002126  0.002334  -0.472592  -0.176495  0.026372  2.000000  
132.293252 0.010491  0.095346  -0.008565  0.997392  0.053625  0.048303  -0.053644  0.103084  0.993225  0.048283  -0.993226  0.105692  0.003472  0.002280  0.002504  -0.476615  -0.176476  0.026445  2.000000  
132.294253 0.010494  0.095348  -0.008560  0.997381  0.053670  0.048482  -0.053849  0.103555  0.993165  0.048283  -0.993175  0.106174  0.003470  0.002355  0.002730  -0.481164  -0.171142  0.026081  2.000000  
132.295504 0.010499  0.095351  -0.008553  0.997364  0.053848  0.048646  -0.054054  0.104018  0.993105  0.048416  -0.993117  0.106655  0.003578  0.002551  0.003080  -0.477279  -0.162369  0.029691  2.000000  
132.296504 0.010503  0.095354  -0.008548  0.997352  0.053893  0.048824  -0.054260  0.104489  0.993045  0.048416  -0.993065  0.107137  0.003610  0.002672  0.003318  -0.481450  -0.162399  0.029768  2.000000  
132.297750 0.010507  0.095358  -0.008542  0.997335  0.054077  0.048982  -0.054464  0.105073  0.992972  0.048550  -0.992993  0.107738  0.003646  0.002749  0.003571  -0.481349  -0.161902  0.034298  2.000000  
132.298752 0.010512  0.095362  -0.008537  0.997312  0.054150  0.049358  -0.054875  0.105653  0.992888  0.048550  -0.992928  0.108340  0.003717  0.002867  0.003820  -0.485295  -0.163208  0.034679  2.000000  
132.299999 0.010518  0.095367  -0.008531  0.997301  0.054202  0.049529  -0.055080  0.106244  0.992813  0.048550  -0.992862  0.108943  0.003772  0.002976  0.003974  -0.489423  -0.163206  0.034771  2.000000  
132.301248 0.010524  0.095372  -0.008526  0.997290  0.054254  0.049701  -0.055286  0.106835  0.992739  0.048550  -0.992795  0.109545  0.003843  0.003000  0.004049  -0.489391  -0.161828  0.034570  2.000000  
132.302498 0.010530  0.095377  -0.008522  0.997267  0.054328  0.050076  -0.055696  0.107415  0.992653  0.048550  -0.992729  0.110147  0.003911  0.003041  0.004079  -0.489122  -0.169585  0.040156  2.000000  
132.303500 0.010535  0.095381  -0.008518  0.997255  0.054374  0.050254  -0.055902  0.107885  0.992590  0.048550  -0.992675  0.110628  0.003963  0.003042  0.004074  -0.489053  -0.168142  0.039890  2.000000  
132.304511 0.010540  0.095384  -0.008515  0.997244  0.054421  0.050432  -0.056107  0.108355  0.992528  0.048550  -0.992622  0.111110  0.004048  0.003146  0.004152  -0.488746  -0.174949  0.040685  2.000000  
132.305750 0.010545  0.095388  -0.008511  0.997220  0.054497  0.050808  -0.056518  0.108935  0.992441  0.048550  -0.992554  0.111712  0.004125  0.003203  0.004162  -0.488739  -0.182332  0.037097  2.000000  
132.306758 0.010550  0.095391  -0.008507  0.997209  0.054538  0.050992  -0.056723  0.109285  0.992391  0.048550  -0.992513  0.112073  0.004194  0.003235  0.004214  -0.484358  -0.184198  0.033000  2.000000  
132.307998 0.010555  0.095394  -0.008503  0.997197  0.054585  0.051170  -0.056928  0.109755  0.992327  0.048550  -0.992459  0.112555  0.004253  0.003239  0.004150  -0.484072  -0.189481  0.033527  2.000000  
132.309254 0.010560  0.095396  -0.008498  0.997167  0.054788  0.051537  -0.057338  0.110206  0.992253  0.048683  -0.992398  0.113036  0.004383  0.003253  0.004082  -0.479540  -0.197410  0.039122  2.000000  
132.310263 0.010564  0.095399  -0.008495  0.997155  0.054829  0.051722  -0.057544  0.110556  0.992203  0.048683  -0.992356  0.113397  0.004377  0.003216  0.003987  -0.475279  -0.197317  0.039191  2.000000  
132.311502 0.010568  0.095401  -0.008491  0.997143  0.054877  0.051899  -0.057749  0.111026  0.992138  0.048683  -0.992301  0.113878  0.004377  0.003102  0.003800  -0.471375  -0.202634  0.039724  2.000000  
132.312503 0.010573  0.095404  -0.008488  0.997131  0.054919  0.052083  -0.057954  0.111376  0.992087  0.048683  -0.992260  0.114239  0.004451  0.003078  0.003637  -0.467326  -0.202615  0.039810  2.000000  
132.313506 0.010578  0.095406  -0.008486  0.997120  0.054961  0.052268  -0.058160  0.111726  0.992036  0.048683  -0.992218  0.114600  0.004440  0.002991  0.003445  -0.458700  -0.204155  0.040228  2.000000  
132.314516 0.010582  0.095408  -0.008485  0.997108  0.055009  0.052445  -0.058365  0.112196  0.991971  0.048683  -0.992162  0.115082  0.004427  0.002848  0.003217  -0.458268  -0.210960  0.041067  2.000000  
132.315750 0.010588  0.095411  -0.008483  0.997096  0.055058  0.052623  -0.058570  0.112666  0.991905  0.048683  -0.992106  0.115563  0.004400  0.002725  0.003020  -0.454403  -0.211036  0.041201  2.000000  
132.316999 0.010593  0.095414  -0.008480  0.997083  0.055107  0.052800  -0.058775  0.113135  0.991840  0.048683  -0.992050  0.116044  0.004371  0.002623  0.002918  -0.446577  -0.209750  0.036540  2.000000  
132.317999 0.010597  0.095416  -0.008479  0.997071  0.055149  0.052984  -0.058981  0.113485  0.991787  0.048683  -0.992008  0.116405  0.004275  0.002502  0.002761  -0.442192  -0.211503  0.036951  2.000000  
132.319251 0.010602  0.095419  -0.008476  0.997059  0.055192  0.053168  -0.059186  0.113835  0.991735  0.048683  -0.991965  0.116766  0.004191  0.002363  0.002606  -0.429859  -0.211433  0.037058  2.000000  
132.320504 0.010606  0.095421  -0.008475  0.997040  0.055374  0.053330  -0.059391  0.114296  0.991670  0.048817  -0.991902  0.117247  0.004083  0.002258  0.002446  -0.426426  -0.209238  0.041298  2.000000  
132.321748 0.010609  0.095422  -0.008473  0.997028  0.055417  0.053514  -0.059596  0.114646  0.991617  0.048817  -0.991860  0.117608  0.003959  0.002108  0.002268  -0.413611  -0.210927  0.041765  2.000000  
132.322750 0.010612  0.095424  -0.008472  0.997022  0.055321  0.053721  -0.059802  0.114883  0.991577  0.048683  -0.991837  0.117849  0.003874  0.002040  0.002102  -0.405483  -0.211422  0.037373  2.000000  
132.323750 0.010614  0.095424  -0.008471  0.997022  0.055341  0.053700  -0.059802  0.115244  0.991535  0.048683  -0.991794  0.118210  0.003739  0.001933  0.001863  -0.402459  -0.202847  0.036371  2.000000  
132.325018 0.010616  0.095425  -0.008470  0.997010  0.055384  0.053884  -0.060007  0.115593  0.991482  0.048683  -0.991751  0.118571  0.003559  0.001801  0.001639  -0.397731  -0.198033  0.031506  2.000000  
132.326248 0.010619  0.095426  -0.008470  0.996998  0.055427  0.054068  -0.060212  0.115943  0.991429  0.048683  -0.991708  0.118932  0.003407  0.001753  0.001446  -0.390673  -0.196519  0.031351  2.000000  
132.327257 0.010620  0.095427  -0.008470  0.996985  0.055464  0.054259  -0.060417  0.116172  0.991390  0.048683  -0.991679  0.119172  0.003166  0.001568  0.001253  -0.381593  -0.198606  0.027221  2.000000  
132.328258 0.010622  0.095428  -0.008469  0.996979  0.055617  0.054223  -0.060417  0.116524  0.991348  0.048817  -0.991629  0.119533  0.002980  0.001476  0.001160  -0.373887  -0.191277  0.031007  2.000000  
132.329503 0.010624  0.095430  -0.008468  0.996966  0.055660  0.054407  -0.060622  0.116874  0.991295  0.048817  -0.991586  0.119893  0.002776  0.001451  0.001155  -0.365957  -0.184338  0.030299  2.000000  
132.330512 0.010626  0.095431  -0.008466  0.996954  0.055698  0.054597  -0.060828  0.117103  0.991255  0.048817  -0.991557  0.120134  0.002576  0.001358  0.001131  -0.357676  -0.184262  0.030355  2.000000  
132.331750 0.010627  0.095433  -0.008464  0.996954  0.055718  0.054577  -0.060828  0.117463  0.991213  0.048817  -0.991513  0.120495  0.002325  0.001269  0.001080  -0.350025  -0.177467  0.029661  2.000000  
132.332751 0.010629  0.095434  -0.008463  0.996941  0.055762  0.054761  -0.061033  0.117813  0.991159  0.048817  -0.991469  0.120856  0.002198  0.001214  0.001077  -0.347124  -0.175985  0.029480  2.000000  
132.333751 0.010630  0.095435  -0.008462  0.996941  0.055775  0.054747  -0.061033  0.118053  0.991130  0.048817  -0.991440  0.121096  0.001985  0.001128  0.001057  -0.339720  -0.162365  0.027954  2.000000  
132.334752 0.010632  0.095436  -0.008460  0.996929  0.055819  0.054931  -0.061238  0.118402  0.991076  0.048817  -0.991396  0.121457  0.001870  0.001068  0.001017  -0.334434  -0.163723  0.028269  2.000000  
132.335996 0.010633  0.095436  -0.008459  0.996916  0.055857  0.055122  -0.061443  0.118631  0.991036  0.048817  -0.991366  0.121697  0.001675  0.000992  0.000967  -0.326239  -0.163692  0.028325  2.000000  
132.337001 0.010633  0.095437  -0.008458  0.996916  0.055877  0.055101  -0.061443  0.118992  0.990992  0.048817  -0.991322  0.122058  0.001549  0.000937  0.000964  -0.322836  -0.149953  0.026773  2.000000  
132.338248 0.010634  0.095437  -0.008457  0.996903  0.055915  0.055292  -0.061648  0.119221  0.990952  0.048817  -0.991292  0.122299  0.001394  0.000896  0.000982  -0.316128  -0.148707  0.026597  2.000000  
132.339513 0.010634  0.095437  -0.008455  0.996903  0.055935  0.055271  -0.061648  0.119581  0.990909  0.048817  -0.991247  0.122659  0.001240  0.000847  0.001052  -0.310808  -0.143542  0.021600  2.000000  
132.340752 0.010635  0.095438  -0.008453  0.996891  0.055973  0.055462  -0.061854  0.119810  0.990868  0.048817  -0.991218  0.122900  0.001130  0.000843  0.001147  -0.303139  -0.136739  0.020844  2.000000  
132.342001 0.010635  0.095439  -0.008452  0.996884  0.056119  0.055432  -0.061853  0.120042  0.990840  0.048951  -0.991181  0.123139  0.001032  0.000796  0.001212  -0.296893  -0.128256  0.024326  2.000000  
132.343248 0.010636  0.095440  -0.008450  0.996884  0.056132  0.055418  -0.061853  0.120283  0.990811  0.048951  -0.991151  0.123380  0.000955  0.000802  0.001289  -0.289153  -0.121446  0.023557  2.000000  
132.344255 0.010636  0.095441  -0.008449  0.996871  0.056171  0.055608  -0.062059  0.120511  0.990770  0.048951  -0.991122  0.123620  0.000841  0.000744  0.001250  -0.283501  -0.122489  0.023805  2.000000  
132.345502 0.010637  0.095442  -0.008448  0.996871  0.056184  0.055595  -0.062059  0.120752  0.990741  0.048951  -0.991091  0.123861  0.000759  0.000715  0.001233  -0.277340  -0.114618  0.022815  2.000000  
132.346754 0.010638  0.095443  -0.008446  0.996859  0.056223  0.055785  -0.062264  0.120981  0.990700  0.048951  -0.991061  0.124101  0.000678  0.000638  0.001187  -0.267385  -0.115548  0.023051  2.000000  
132.348004 0.010638  0.095444  -0.008445  0.996859  0.056236  0.055771  -0.062264  0.121221  0.990671  0.048951  -0.991031  0.124342  0.000585  0.000633  0.001160  -0.263636  -0.108676  0.022253  2.000000  
132.349250 0.010639  0.095445  -0.008444  0.996859  0.056250  0.055758  -0.062264  0.121461  0.990641  0.048951  -0.991001  0.124582  0.000535  0.000655  0.001119  -0.257799  -0.100988  0.021278  2.000000  
132.350250 0.010640  0.095446  -0.008443  0.996859  0.056263  0.055744  -0.062264  0.121702  0.990612  0.048951  -0.990971  0.124822  0.000515  0.000705  0.001098  -0.252160  -0.095519  0.016192  2.000000  
132.351251 0.010640  0.095447  -0.008442  0.996859  0.056270  0.055737  -0.062264  0.121822  0.990597  0.048951  -0.990956  0.124943  0.000449  0.000708  0.001138  -0.248361  -0.088633  0.015367  2.000000  
132.352502 0.010640  0.095448  -0.008440  0.996852  0.056416  0.055707  -0.062263  0.122054  0.990569  0.049084  -0.990919  0.125182  0.000416  0.000762  0.001154  -0.242698  -0.080040  0.023296  2.000000  
132.353750 0.010641  0.095450  -0.008439  0.996839  0.056454  0.055897  -0.062469  0.122282  0.990527  0.049084  -0.990888  0.125423  0.000427  0.000842  0.001156  -0.238234  -0.086808  0.024148  2.000000  
132.354997 0.010641  0.095451  -0.008437  0.996839  0.056461  0.055890  -0.062469  0.122403  0.990513  0.049084  -0.990873  0.125543  0.000429  0.000885  0.001184  -0.230641  -0.080054  0.023347  2.000000  
132.356006 0.010642  0.095452  -0.008436  0.996839  0.056468  0.055884  -0.062469  0.122523  0.990498  0.049084  -0.990858  0.125663  0.000451  0.000917  0.001120  -0.224541  -0.073785  0.022694  2.000000  
132.357250 0.010642  0.095454  -0.008435  0.996852  0.056449  0.055673  -0.062263  0.122654  0.990494  0.049084  -0.990843  0.125783  0.000435  0.000991  0.001054  -0.219411  -0.059595  0.020848  2.000000  
132.358496 0.010642  0.095455  -0.008435  0.996845  0.056595  0.055642  -0.062263  0.122887  0.990466  0.049218  -0.990806  0.126023  0.000422  0.001022  0.000981  -0.215343  -0.059585  0.020865  2.000000  
132.359508 0.010642  0.095456  -0.008435  0.996845  0.056595  0.055642  -0.062263  0.122887  0.990466  0.049218  -0.990806  0.126023  0.000403  0.000988  0.000923  -0.205156  -0.053195  0.020190  2.000000  
132.360751 0.010643  0.095457  -0.008435  0.996845  0.056609  0.055629  -0.062263  0.123127  0.990436  0.049218  -0.990775  0.126263  0.000341  0.000993  0.000837  -0.197423  -0.046349  0.019364  2.000000  
132.362000 0.010644  0.095458  -0.008435  0.996839  0.056748  0.055605  -0.062263  0.123239  0.990422  0.049352  -0.990753  0.126382  0.000367  0.000986  0.000764  -0.189584  -0.038925  0.022981  2.000000  
132.363250 0.010644  0.095460  -0.008435  0.996839  0.056755  0.055598  -0.062263  0.123359  0.990407  0.049352  -0.990738  0.126503  0.000373  0.001030  0.000670  -0.181472  -0.038928  0.022996  2.000000  
132.364251 0.010645  0.095460  -0.008435  0.996839  0.056761  0.055591  -0.062263  0.123479  0.990392  0.049352  -0.990723  0.126623  0.000395  0.001001  0.000644  -0.177787  -0.032074  0.022151  2.000000  
132.365502 0.010646  0.095461  -0.008435  0.996845  0.056868  0.055370  -0.062057  0.123482  0.990404  0.049485  -0.990716  0.126622  0.000404  0.001002  0.000551  0.000000  0.000000  0.000000  2.000000  
132.366750 0.010647  0.095463  -0.008435  0.996845  0.056875  0.055363  -0.062057  0.123603  0.990389  0.049485  -0.990701  0.126742  0.000454  0.000989  0.000408  0.000000  0.000000  0.000000  2.000000  
132.368000 0.010648  0.095463  -0.008435  0.996845  0.056882  0.055356  -0.062057  0.123723  0.990374  0.049485  -0.990685  0.126862  0.000479  0.000940  0.000293  0.000000  0.000000  0.000000  2.000000  
132.369251 0.010649  0.095464  -0.008435  0.996838  0.057021  0.055333  -0.062056  0.123835  0.990361  0.049619  -0.990663  0.126982  0.000553  0.000899  0.000121  0.000000  0.000000  0.000000  2.000000  
132.370513 0.010650  0.095465  -0.008435  0.996832  0.057153  0.055316  -0.062056  0.123826  0.990362  0.049753  -0.990657  0.126981  0.000599  0.000906  0.000069  0.000000  0.000000  0.000000  2.000000  
132.371516 0.010651  0.095466  -0.008436  0.996845  0.057134  0.055105  -0.061851  0.123958  0.990358  0.049753  -0.990641  0.127101  0.000613  0.000857  -0.000015  0.000000  0.000000  0.000000  2.000000  
132.372751 0.010652  0.095467  -0.008435  0.996838  0.057266  0.055088  -0.061850  0.123950  0.990359  0.049886  -0.990635  0.127100  0.000677  0.000834  -0.000009  0.000000  0.000000  0.000000  2.000000  
132.373998 0.010653  0.095467  -0.008435  0.996838  0.057266  0.055088  -0.061850  0.123950  0.990359  0.049886  -0.990635  0.127100  0.000709  0.000780  -0.000025  0.000000  0.000000  0.000000  2.000000  
132.375245 0.010654  0.095468  -0.008436  0.996831  0.057399  0.055071  -0.061850  0.123942  0.990360  0.050020  -0.990628  0.127099  0.000721  0.000740  -0.000051  0.000000  0.000000  0.000000  2.000000  
132.376246 0.010655  0.095469  -0.008435  0.996844  0.057380  0.054860  -0.061645  0.124074  0.990356  0.050020  -0.990613  0.127219  0.000769  0.000718  -0.000009  0.000000  0.000000  0.000000  2.000000  
132.377258 0.010655  0.095469  -0.008436  0.996837  0.057512  0.054843  -0.061644  0.124066  0.990357  0.050153  -0.990606  0.127218  0.000804  0.000701  -0.000035  0.000000  0.000000  0.000000  2.000000  
132.378515 0.010656  0.095470  -0.008436  0.996837  0.057512  0.054843  -0.061644  0.124066  0.990357  0.050153  -0.990606  0.127218  0.000813  0.000676  -0.000025  0.000000  0.000000  0.000000  2.000000  
132.379753 0.010658  0.095471  -0.008436  0.996831  0.057644  0.054826  -0.061644  0.124057  0.990358  0.050287  -0.990599  0.127218  0.000853  0.000666  -0.000029  0.000000  0.000000  0.000000  2.000000  
132.381000 0.010659  0.095472  -0.008436  0.996831  0.057644  0.054826  -0.061644  0.124057  0.990358  0.050287  -0.990599  0.127218  0.000849  0.000644  -0.000088  0.000000  0.000000  0.000000  2.000000  
132.382000 0.010660  0.095473  -0.008436  0.996831  0.057644  0.054826  -0.061644  0.124057  0.990358  0.050287  -0.990599  0.127218  0.000890  0.000648  -0.000056  0.000000  0.000000  0.000000  2.000000  
132.383250 0.010662  0.095473  -0.008436  0.996837  0.057751  0.054605  -0.061438  0.124061  0.990371  0.050421  -0.990593  0.127217  0.000903  0.000645  -0.000092  0.000000  0.000000  0.000000  2.000000  
132.384255 0.010663  0.095474  -0.008437  0.996830  0.057883  0.054588  -0.061438  0.124053  0.990372  0.050554  -0.990586  0.127216  0.000894  0.000587  -0.000140  0.000000  0.000000  0.000000  2.000000  
132.385505 0.010664  0.095475  -0.008437  0.996830  0.057877  0.054595  -0.061438  0.123933  0.990387  0.050554  -0.990601  0.127096  0.000953  0.000632  -0.000131  0.000000  0.000000  0.000000  2.000000  
132.386508 0.010665  0.095475  -0.008438  0.996823  0.058009  0.054578  -0.061438  0.123925  0.990388  0.050688  -0.990595  0.127095  0.000953  0.000632  -0.000131  0.000000  0.000000  0.000000  2.000000  
132.387759 0.010666  0.095476  -0.008437  0.996836  0.057984  0.054374  -0.061232  0.123937  0.990399  0.050688  -0.990595  0.127095  0.000965  0.000620  -0.000086  0.000000  0.000000  0.000000  2.000000  
132.388996 0.010667  0.095477  -0.008437  0.996829  0.058109  0.054364  -0.061232  0.123808  0.990415  0.050822  -0.990603  0.126974  0.000950  0.000610  -0.000085  0.000000  0.000000  0.000000  2.000000  
132.390001 0.010668  0.095477  -0.008436  0.996829  0.058109  0.054364  -0.061232  0.123808  0.990415  0.050822  -0.990603  0.126974  0.000984  0.000653  -0.000028  0.000000  0.000000  0.000000  2.000000  
132.391246 0.010669  0.095478  -0.008436  0.996822  0.058242  0.054347  -0.061231  0.123800  0.990416  0.050955  -0.990597  0.126973  0.000984  0.000654  -0.000028  0.000000  0.000000  0.000000  2.000000  
132.392250 0.010670  0.095479  -0.008436  0.996822  0.058235  0.054354  -0.061231  0.123680  0.990431  0.050955  -0.990612  0.126853  0.000998  0.000672  -0.000006  0.000000  0.000000  0.000000  2.000000  
132.393540 0.010671  0.095480  -0.008436  0.996835  0.058210  0.054151  -0.061026  0.123692  0.990442  0.050955  -0.990612  0.126853  0.000981  0.000652  -0.000028  0.000000  0.000000  0.000000  2.000000  
132.394748 0.010672  0.095481  -0.008436  0.996828  0.058335  0.054141  -0.061026  0.123564  0.990458  0.051089  -0.990621  0.126732  0.000955  0.000646  0.000009  0.000000  0.000000  0.000000  2.000000  
132.395750 0.010674  0.095482  -0.008435  0.996828  0.058335  0.054141  -0.061026  0.123564  0.990458  0.051089  -0.990621  0.126732  0.001006  0.000729  0.000041  0.000000  0.000000  0.000000  2.000000  
132.396750 0.010675  0.095483  -0.008435  0.996840  0.058310  0.053937  -0.060821  0.123576  0.990470  0.051089  -0.990621  0.126732  0.000984  0.000757  0.000067  0.000000  0.000000  0.000000  2.000000  
132.398000 0.010676  0.095485  -0.008436  0.996834  0.058436  0.053927  -0.060820  0.123448  0.990486  0.051222  -0.990629  0.126611  0.001004  0.000810  0.000079  0.000000  0.000000  0.000000  2.000000  
132.399000 0.010678  0.095487  -0.008435  0.996834  0.058436  0.053927  -0.060820  0.123448  0.990486  0.051222  -0.990629  0.126611  0.001013  0.000868  0.000126  0.000000  0.000000  0.000000  2.000000  
132.400000 0.010679  0.095488  -0.008435  0.996834  0.058429  0.053934  -0.060820  0.123327  0.990501  0.051222  -0.990644  0.126491  0.001003  0.000892  0.000116  0.000000  0.000000  0.000000  2.000000  
132.401249 0.010680  0.095489  -0.008435  0.996846  0.058397  0.053737  -0.060615  0.123219  0.990527  0.051222  -0.990660  0.126370  0.001051  0.000937  0.000140  0.000000  0.000000  0.000000  2.000000  
132.402526 0.010682  0.095490  -0.008435  0.996846  0.058397  0.053737  -0.060615  0.123219  0.990527  0.051222  -0.990660  0.126370  0.001083  0.000987  0.000115  0.000000  0.000000  0.000000  2.000000  
132.403753 0.010684  0.095491  -0.008435  0.996859  0.058365  0.053540  -0.060410  0.123111  0.990553  0.051222  -0.990675  0.126250  0.001127  0.001013  0.000100  0.000000  0.000000  0.000000  2.000000  
132.404998 0.010685  0.095493  -0.008435  0.996852  0.058498  0.053524  -0.060409  0.123103  0.990554  0.051356  -0.990668  0.126249  0.001152  0.001023  0.000084  0.000000  0.000000  0.000000  2.000000  
132.406001 0.010687  0.095493  -0.008435  0.996852  0.058491  0.053531  -0.060409  0.122983  0.990568  0.051356  -0.990684  0.126129  0.001184  0.001036  0.000049  0.000000  0.000000  0.000000  2.000000  
132.407246 0.010689  0.095495  -0.008434  0.996864  0.058466  0.053327  -0.060204  0.122995  0.990579  0.051356  -0.990684  0.126129  0.001226  0.001077  0.000091  0.000000  0.000000  0.000000  2.000000  
132.408251 0.010691  0.095496  -0.008434  0.996864  0.058459  0.053334  -0.060204  0.122875  0.990594  0.051356  -0.990699  0.126009  0.001303  0.001099  0.000089  0.000000  0.000000  0.000000  2.000000  
132.409513 0.010693  0.095498  -0.008434  0.996876  0.058428  0.053137  -0.059999  0.122767  0.990620  0.051356  -0.990714  0.125889  0.001351  0.001132  0.000094  0.000000  0.000000  0.000000  2.000000  
132.410752 0.010695  0.095500  -0.008434  0.996876  0.058428  0.053137  -0.059999  0.122767  0.990620  0.051356  -0.990714  0.125889  0.001458  0.001181  0.000113  0.000000  0.000000  0.000000  2.000000  
132.411999 0.010698  0.095501  -0.008434  0.996889  0.058396  0.052940  -0.059794  0.122659  0.990646  0.051356  -0.990729  0.125769  0.001496  0.001138  0.000117  0.000000  0.000000  0.000000  2.000000  
132.413003 0.010700  0.095502  -0.008434  0.996889  0.058396  0.052940  -0.059794  0.122659  0.990646  0.051356  -0.990729  0.125769  0.001587  0.001154  0.000078  0.000000  0.000000  0.000000  2.000000  
132.414250 0.010703  0.095504  -0.008434  0.996889  0.058389  0.052947  -0.059794  0.122538  0.990661  0.051356  -0.990745  0.125649  0.001686  0.001190  0.000079  0.000000  0.000000  0.000000  2.000000  
132.415504 0.010706  0.095507  -0.008434  0.996901  0.058364  0.052743  -0.059588  0.122550  0.990672  0.051356  -0.990745  0.125649  0.001769  0.001219  0.000097  0.000000  0.000000  0.000000  2.000000  
132.416505 0.010708  0.095508  -0.008435  0.996901  0.058358  0.052750  -0.059588  0.122430  0.990687  0.051356  -0.990760  0.125528  0.001824  0.001233  0.000025  0.000000  0.000000  0.000000  2.000000  
132.417750 0.010711  0.095509  -0.008435  0.996913  0.058333  0.052546  -0.059383  0.122442  0.990697  0.051356  -0.990760  0.125528  0.001907  0.001271  0.000063  0.000000  0.000000  0.000000  2.000000  
132.418752 0.010713  0.095510  -0.008435  0.996913  0.058326  0.052553  -0.059383  0.122322  0.990712  0.051356  -0.990775  0.125408  0.001932  0.001264  -0.000008  0.000000  0.000000  0.000000  2.000000  
132.419996 0.010715  0.095512  -0.008436  0.996926  0.058301  0.052349  -0.059178  0.122334  0.990723  0.051356  -0.990775  0.125408  0.002010  0.001258  -0.000085  0.000000  0.000000  0.000000  2.000000  
132.420997 0.010718  0.095513  -0.008436  0.996926  0.058295  0.052357  -0.059178  0.122214  0.990738  0.051356  -0.990790  0.125288  0.002083  0.001313  -0.000078  0.000000  0.000000  0.000000  2.000000  
132.422000 0.010720  0.095514  -0.008437  0.996938  0.058270  0.052153  -0.058973  0.122226  0.990749  0.051356  -0.990790  0.125288  0.002153  0.001302  -0.000142  0.000000  0.000000  0.000000  2.000000  
132.423001 0.010723  0.095516  -0.008437  0.996938  0.058270  0.052153  -0.058973  0.122226  0.990749  0.051356  -0.990790  0.125288  0.002187  0.001354  -0.000167  0.000000  0.000000  0.000000  2.000000  
132.424305 0.010726  0.095518  -0.008437  0.996938  0.058263  0.052160  -0.058973  0.122106  0.990764  0.051356  -0.990806  0.125168  0.002237  0.001373  -0.000217  0.000000  0.000000  0.000000  2.000000  
132.425503 0.010729  0.095520  -0.008438  0.996950  0.058238  0.051956  -0.058767  0.122118  0.990774  0.051356  -0.990806  0.125168  0.002274  0.001372  -0.000301  0.000000  0.000000  0.000000  2.000000  
132.426504 0.010732  0.095522  -0.008438  0.996950  0.058232  0.051963  -0.058767  0.121998  0.990789  0.051356  -0.990821  0.125048  0.002347  0.001427  -0.000293  0.000000  0.000000  0.000000  2.000000  
132.427508 0.010734  0.095523  -0.008439  0.996962  0.058207  0.051759  -0.058562  0.122010  0.990800  0.051356  -0.990821  0.125048  0.002357  0.001442  -0.000367  0.000000  0.000000  0.000000  2.000000  
132.428750 0.010738  0.095525  -0.008439  0.996962  0.058207  0.051759  -0.058562  0.122010  0.990800  0.051356  -0.990821  0.125048  0.002412  0.001444  -0.000371  0.000000  0.000000  0.000000  2.000000  
132.429753 0.010741  0.095527  -0.008440  0.996962  0.058207  0.051759  -0.058562  0.122010  0.990800  0.051356  -0.990821  0.125048  0.002428  0.001442  -0.000416  0.000000  0.000000  0.000000  2.000000  
132.431000 0.010744  0.095529  -0.008441  0.996974  0.058175  0.051562  -0.058357  0.121901  0.990825  0.051356  -0.990836  0.124927  0.002481  0.001463  -0.000459  0.000000  0.000000  0.000000  2.000000  
132.432250 0.010747  0.095531  -0.008442  0.996974  0.058175  0.051562  -0.058357  0.121901  0.990825  0.051356  -0.990836  0.124927  0.002471  0.001488  -0.000469  0.000000  0.000000  0.000000  2.000000  
132.433503 0.010750  0.095532  -0.008443  0.996974  0.058169  0.051569  -0.058357  0.121781  0.990840  0.051356  -0.990851  0.124807  0.002537  0.001486  -0.000510  0.000000  0.000000  0.000000  2.000000  
132.434519 0.010753  0.095534  -0.008443  0.996986  0.058144  0.051365  -0.058152  0.121793  0.990851  0.051356  -0.990851  0.124807  0.002555  0.001538  -0.000498  0.000000  0.000000  0.000000  2.000000  
132.435748 0.010756  0.095536  -0.008444  0.996986  0.058144  0.051365  -0.058152  0.121793  0.990851  0.051356  -0.990851  0.124807  0.002571  0.001537  -0.000535  0.000000  0.000000  0.000000  2.000000  
132.437006 0.010759  0.095537  -0.008445  0.996986  0.058138  0.051372  -0.058152  0.121673  0.990865  0.051356  -0.990866  0.124687  0.002582  0.001533  -0.000572  0.000000  0.000000  0.000000  2.000000  
132.438247 0.010762  0.095539  -0.008446  0.996998  0.058113  0.051168  -0.057946  0.121685  0.990876  0.051356  -0.990866  0.124687  0.002584  0.001534  -0.000577  0.000000  0.000000  0.000000  2.000000  
132.439250 0.010765  0.095541  -0.008447  0.996998  0.058113  0.051168  -0.057946  0.121685  0.990876  0.051356  -0.990866  0.124687  0.002606  0.001536  -0.000615  0.000000  0.000000  0.000000  2.000000  
132.440506 0.010768  0.095543  -0.008448  0.996998  0.058113  0.051168  -0.057946  0.121685  0.990876  0.051356  -0.990866  0.124687  0.002568  0.001522  -0.000677  0.000000  0.000000  0.000000  2.000000  
132.441746 0.010771  0.095545  -0.008448  0.996998  0.058106  0.051175  -0.057946  0.121565  0.990891  0.051356  -0.990881  0.124567  0.002558  0.001528  -0.000645  0.000000  0.000000  0.000000  2.000000  
132.442756 0.010773  0.095547  -0.008449  0.996998  0.058106  0.051175  -0.057946  0.121565  0.990891  0.051356  -0.990881  0.124567  0.002514  0.001522  -0.000672  0.000000  0.000000  0.000000  2.000000  
132.444006 0.010776  0.095549  -0.008450  0.996991  0.058239  0.051158  -0.057946  0.121557  0.990892  0.051490  -0.990874  0.124566  0.002514  0.001522  -0.000672  0.000000  0.000000  0.000000  2.000000  
132.445249 0.010779  0.095551  -0.008450  0.996991  0.058239  0.051158  -0.057946  0.121557  0.990892  0.051490  -0.990874  0.124566  0.002504  0.001526  -0.000640  0.000000  0.000000  0.000000  2.000000  
132.446250 0.010782  0.095552  -0.008451  0.996991  0.058239  0.051158  -0.057946  0.121557  0.990892  0.051490  -0.990874  0.124566  0.002491  0.001529  -0.000604  0.000000  0.000000  0.000000  2.000000  
132.447502 0.010785  0.095554  -0.008450  0.996991  0.058239  0.051158  -0.057946  0.121557  0.990892  0.051490  -0.990874  0.124566  0.002479  0.001533  -0.000568  0.000000  0.000000  0.000000  2.000000  
132.448750 0.010787  0.095555  -0.008451  0.996991  0.058233  0.051165  -0.057946  0.121437  0.990906  0.051490  -0.990890  0.124446  0.002437  0.001508  -0.000554  0.000000  0.000000  0.000000  2.000000  
132.449999 0.010790  0.095557  -0.008452  0.996991  0.058233  0.051165  -0.057946  0.121437  0.990906  0.051490  -0.990890  0.124446  0.002394  0.001482  -0.000539  0.000000  0.000000  0.000000  2.000000  
132.451000 0.010792  0.095559  -0.008451  0.996991  0.058233  0.051165  -0.057946  0.121437  0.990906  0.051490  -0.990890  0.124446  0.002354  0.001513  -0.000471  0.000000  0.000000  0.000000  2.000000  
132.452248 0.010795  0.095560  -0.008452  0.996991  0.058233  0.051165  -0.057946  0.121437  0.990906  0.051490  -0.990890  0.124446  0.002324  0.001484  -0.000493  0.000000  0.000000  0.000000  2.000000  
132.453496 0.010797  0.095562  -0.008453  0.996984  0.058365  0.051149  -0.057946  0.121429  0.990907  0.051623  -0.990883  0.124445  0.002274  0.001464  -0.000449  0.000000  0.000000  0.000000  2.000000  
132.454514 0.010798  0.095563  -0.008453  0.996984  0.058365  0.051149  -0.057946  0.121429  0.990907  0.051623  -0.990883  0.124445  0.002199  0.001463  -0.000400  0.000000  0.000000  0.000000  2.000000  
