1-Time 2-Px 3-Py 4-Pz 5-R11 6-R21 7-R31 8-R12 9-R22 10-R32 11-R13 12-R23 13-R33 14-Vx 15-Vy 16-Vz 17-Wx 18-Wy 19-Wz 20-state 21-PR11 22-PR21 23-PR31 24-PR12 25-PR22 26-PR32 27-PR13 28-PR23 29-PR33 
208.227275 0.013074  0.101995  -0.017042  0.995916  0.051262  -0.074325  -0.047809  0.997726  0.047514  0.076592  -0.043766  0.996102  -0.000211  0.000098  0.000218  0.000000  0.000000  0.000000  2.000000  
208.228285 0.013074  0.101996  -0.017041  0.995926  0.051247  -0.074198  -0.047809  0.997732  0.047386  0.076458  -0.043646  0.996117  -0.000161  0.000161  0.000301  0.000000  0.000000  0.000000  2.000000  
208.229538 0.013077  0.101999  -0.017040  0.995906  0.051458  -0.074321  -0.048014  0.997721  0.047408  0.076592  -0.043646  0.996107  0.000078  0.000371  0.000339  0.000000  0.000000  0.000000  2.000000  
208.230538 0.013081  0.102002  -0.017039  0.995875  0.051684  -0.074572  -0.048218  0.997704  0.047557  0.076858  -0.043766  0.996081  0.000328  0.000556  0.000386  0.000000  0.000000  0.000000  2.000000  
208.231547 0.013084  0.102003  -0.017038  0.995865  0.051690  -0.074705  -0.048217  0.997704  0.047564  0.076992  -0.043765  0.996071  0.000572  0.000661  0.000427  0.000000  0.000000  0.000000  2.000000  
208.232783 0.013089  0.102005  -0.017038  0.995835  0.051916  -0.074955  -0.048421  0.997687  0.047713  0.077259  -0.043885  0.996045  0.000960  0.000784  0.000482  0.000000  0.000000  0.000000  2.000000  
208.234035 0.013096  0.102007  -0.017038  0.995804  0.052342  -0.075062  -0.048831  0.997659  0.047872  0.077392  -0.044005  0.996029  0.001398  0.000934  0.000481  0.000000  0.000000  0.000000  2.000000  
208.235283 0.013102  0.102009  -0.017037  0.995763  0.052764  -0.075308  -0.049240  0.997637  0.047916  0.077659  -0.044004  0.996008  0.001860  0.001035  0.000497  0.000000  0.000000  0.000000  2.000000  
208.236537 0.013108  0.102011  -0.017036  0.995733  0.053190  -0.075415  -0.049649  0.997609  0.048074  0.077792  -0.044125  0.995993  0.002257  0.001155  0.000513  0.000000  0.000000  0.000000  2.000000  
208.237791 0.013114  0.102012  -0.017035  0.995691  0.053613  -0.075662  -0.050058  0.997586  0.048119  0.078059  -0.044124  0.995972  0.002669  0.001229  0.000585  0.000000  0.000000  0.000000  2.000000  
208.239030 0.013120  0.102016  -0.017033  0.995629  0.054246  -0.076031  -0.050672  0.997552  0.048186  0.078459  -0.044123  0.995940  0.003146  0.001466  0.000659  0.000000  0.000000  0.000000  2.000000  
208.240283 0.013128  0.102021  -0.017031  0.995576  0.054684  -0.076404  -0.051080  0.997523  0.048359  0.078859  -0.044242  0.995904  0.003659  0.001790  0.000809  0.000000  0.000000  0.000000  2.000000  
208.241544 0.013135  0.102026  -0.017030  0.995523  0.055113  -0.076783  -0.051488  0.997500  0.048411  0.079259  -0.044241  0.995872  0.004171  0.002077  0.000818  0.000000  0.000000  0.000000  2.000000  
208.242778 0.013144  0.102032  -0.017029  0.995449  0.055762  -0.077279  -0.052101  0.997458  0.048607  0.079793  -0.044359  0.995824  0.004653  0.002416  0.000890  0.000000  0.000000  0.000000  2.000000  
208.243783 0.013152  0.102038  -0.017028  0.995395  0.056200  -0.077651  -0.052509  0.997428  0.048781  0.080193  -0.044479  0.995786  0.005135  0.002746  0.000884  0.000000  0.000000  0.000000  2.000000  
208.244795 0.013161  0.102045  -0.017027  0.995341  0.056647  -0.078017  -0.052917  0.997392  0.049076  0.080593  -0.044719  0.995743  0.005517  0.003026  0.000842  0.025881  0.100062  0.177000  2.000000  
208.246036 0.013171  0.102053  -0.017024  0.995276  0.057290  -0.078378  -0.053530  0.997350  0.049267  0.080993  -0.044838  0.995706  0.005940  0.003340  0.000970  0.035706  0.117135  0.198526  2.000000  
208.247036 0.013179  0.102058  -0.017021  0.995221  0.057738  -0.078743  -0.053938  0.997314  0.049562  0.081393  -0.045078  0.995662  0.006228  0.003614  0.001092  0.044998  0.129979  0.212938  2.000000  
208.248284 0.013189  0.102063  -0.017018  0.995156  0.058192  -0.079241  -0.054345  0.997276  0.049866  0.081927  -0.045318  0.995608  0.006510  0.003867  0.001301  0.058386  0.151850  0.227796  2.000000  
208.249538 0.013199  0.102068  -0.017015  0.995078  0.058652  -0.079871  -0.054752  0.997238  0.050177  0.082593  -0.045557  0.995542  0.006728  0.004034  0.001513  0.067663  0.178052  0.242658  2.000000  
208.250547 0.013206  0.102072  -0.017012  0.995022  0.059101  -0.080235  -0.055160  0.997201  0.050474  0.082993  -0.045797  0.995497  0.006914  0.004192  0.001654  0.081017  0.190829  0.256969  2.000000  
208.251786 0.013214  0.102074  -0.017008  0.994955  0.059356  -0.080875  -0.055362  0.997175  0.050769  0.083660  -0.046036  0.995430  0.007051  0.004248  0.001847  0.089829  0.217528  0.265219  2.000000  
208.253035 0.013221  0.102076  -0.017005  0.994888  0.059801  -0.081379  -0.055769  0.997143  0.050953  0.084193  -0.046154  0.995380  0.007119  0.004185  0.001943  0.099163  0.234870  0.279802  2.000000  
208.254280 0.013231  0.102078  -0.017001  0.994831  0.060051  -0.081886  -0.055971  0.997117  0.051242  0.084727  -0.046394  0.995324  0.007282  0.004111  0.002108  0.107958  0.257055  0.287817  2.000000  
208.255281 0.013238  0.102082  -0.016999  0.994785  0.060484  -0.082123  -0.056380  0.997085  0.051412  0.084993  -0.046513  0.995295  0.007355  0.004042  0.002126  0.117238  0.269884  0.302179  2.000000  
208.256282 0.013246  0.102085  -0.016996  0.994739  0.060718  -0.082504  -0.056582  0.997065  0.051572  0.085393  -0.046633  0.995255  0.007489  0.004046  0.002306  0.121979  0.283134  0.309808  2.000000  
208.257529 0.013255  0.102091  -0.016993  0.994705  0.060757  -0.082888  -0.056580  0.997051  0.051837  0.085793  -0.046872  0.995210  0.007500  0.004027  0.002417  0.129133  0.294162  0.307922  2.000000  
208.258543 0.013262  0.102097  -0.016990  0.994659  0.060991  -0.083269  -0.056783  0.997032  0.051997  0.086193  -0.046991  0.995170  0.007493  0.003986  0.002594  0.138916  0.309620  0.317822  2.000000  
208.259782 0.013272  0.102104  -0.016985  0.994613  0.061036  -0.083786  -0.056781  0.997017  0.052270  0.086726  -0.047231  0.995112  0.007461  0.003952  0.002799  0.145429  0.320777  0.309078  2.000000  
208.261028 0.013281  0.102112  -0.016980  0.994566  0.061072  -0.084310  -0.056778  0.997010  0.052421  0.087259  -0.047349  0.995060  0.007356  0.003978  0.002953  0.144973  0.334441  0.302907  2.000000  
208.262038 0.013287  0.102117  -0.016976  0.994531  0.061101  -0.084701  -0.056776  0.997002  0.052565  0.087659  -0.047468  0.995019  0.007210  0.003940  0.003038  0.146235  0.341585  0.305581  2.000000  
208.263282 0.013294  0.102123  -0.016970  0.994484  0.061147  -0.085218  -0.056773  0.996988  0.052837  0.088192  -0.047707  0.994960  0.006999  0.003958  0.003194  0.153402  0.351264  0.292332  2.000000  
208.264284 0.013300  0.102127  -0.016965  0.994472  0.060965  -0.085488  -0.056567  0.996993  0.052955  0.088459  -0.047827  0.994931  0.006845  0.003980  0.003357  0.151712  0.356623  0.271868  2.000000  
208.265285 0.013304  0.102130  -0.016960  0.994449  0.060988  -0.085746  -0.056566  0.996986  0.053091  0.088725  -0.047946  0.994901  0.006670  0.003975  0.003523  0.154700  0.361762  0.258335  2.000000  
208.266285 0.013308  0.102133  -0.016955  0.994425  0.061011  -0.086004  -0.056565  0.996979  0.053228  0.088992  -0.048066  0.994872  0.006502  0.004022  0.003679  0.154176  0.366555  0.251703  2.000000  
208.267536 0.013312  0.102135  -0.016949  0.994401  0.060836  -0.086407  -0.056358  0.996984  0.053353  0.089392  -0.048185  0.994830  0.006256  0.004006  0.003839  0.156609  0.372028  0.231283  2.000000  
208.268782 0.013317  0.102138  -0.016942  0.994377  0.060870  -0.086658  -0.056356  0.996970  0.053610  0.089658  -0.048425  0.994795  0.005957  0.004093  0.004024  0.163057  0.368390  0.210401  2.000000  
208.269783 0.013320  0.102141  -0.016938  0.994352  0.060694  -0.087060  -0.056150  0.996975  0.053736  0.090058  -0.048544  0.994753  0.005671  0.004077  0.004185  0.161936  0.373460  0.196854  2.000000  
208.271028 0.013325  0.102146  -0.016932  0.994340  0.060513  -0.087329  -0.055944  0.996980  0.053854  0.090325  -0.048663  0.994723  0.005390  0.004057  0.004345  0.162979  0.366915  0.174572  2.000000  
208.272032 0.013329  0.102150  -0.016926  0.994327  0.060331  -0.087599  -0.055738  0.996986  0.053972  0.090591  -0.048783  0.994693  0.005192  0.004107  0.004577  0.161280  0.363396  0.153912  2.000000  
208.273278 0.013335  0.102157  -0.016919  0.994303  0.060365  -0.087850  -0.055736  0.996972  0.054228  0.090858  -0.049023  0.994657  0.004963  0.004095  0.004763  0.164423  0.358776  0.127311  2.000000  
208.274281 0.013340  0.102162  -0.016914  0.994290  0.060184  -0.088120  -0.055530  0.996977  0.054346  0.091124  -0.049143  0.994626  0.004700  0.004026  0.004866  0.162678  0.355239  0.106475  2.000000  
208.275533 0.013345  0.102169  -0.016908  0.994289  0.059996  -0.088257  -0.055325  0.996982  0.054456  0.091257  -0.049263  0.994608  0.004442  0.003979  0.004954  0.155556  0.344376  0.084751  2.000000  
208.276535 0.013349  0.102173  -0.016904  0.994288  0.059808  -0.088393  -0.055119  0.996988  0.054566  0.091391  -0.049383  0.994590  0.004311  0.003914  0.004923  0.155035  0.339132  0.064389  2.000000  
208.277540 0.013351  0.102177  -0.016901  0.994276  0.059825  -0.088519  -0.055119  0.996981  0.054695  0.091524  -0.049503  0.994572  0.004068  0.003807  0.004879  0.149765  0.326278  0.050032  2.000000  
208.278786 0.013355  0.102181  -0.016895  0.994288  0.059620  -0.088530  -0.054914  0.996993  0.054677  0.091524  -0.049503  0.994572  0.003809  0.003751  0.004858  0.139817  0.309291  0.028557  2.000000  
208.280033 0.013357  0.102185  -0.016891  0.994287  0.059432  -0.088667  -0.054709  0.996998  0.054787  0.091657  -0.049623  0.994553  0.003632  0.003749  0.004694  0.132839  0.298828  0.007466  2.000000  
208.281033 0.013359  0.102188  -0.016887  0.994286  0.059234  -0.088811  -0.054503  0.997010  0.054776  0.091790  -0.049622  0.994541  0.003488  0.003755  0.004633  0.127586  0.286104  -0.006814  2.000000  
208.282034 0.013361  0.102191  -0.016882  0.994286  0.059244  -0.088804  -0.054503  0.997003  0.054896  0.091790  -0.049743  0.994535  0.003391  0.003846  0.004608  0.123353  0.271187  -0.021453  2.000000  
208.283283 0.013364  0.102197  -0.016875  0.994285  0.059057  -0.088941  -0.054298  0.997009  0.055006  0.091924  -0.049863  0.994517  0.003299  0.003999  0.004669  0.118067  0.258427  -0.035831  2.000000  
208.284283 0.013368  0.102201  -0.016870  0.994296  0.058851  -0.088952  -0.054093  0.997021  0.054988  0.091924  -0.049863  0.994517  0.003295  0.004081  0.004715  0.112110  0.245873  -0.057107  2.000000  
208.285538 0.013373  0.102207  -0.016863  0.994307  0.058657  -0.088957  -0.053889  0.997026  0.055091  0.091924  -0.049983  0.994511  0.003316  0.004235  0.004683  0.106779  0.228563  -0.071693  2.000000  
208.286540 0.013377  0.102213  -0.016859  0.994307  0.058657  -0.088957  -0.053889  0.997026  0.055091  0.091924  -0.049983  0.994511  0.003369  0.004314  0.004689  0.102072  0.219907  -0.078993  2.000000  
208.287781 0.013383  0.102220  -0.016853  0.994318  0.058462  -0.088961  -0.053684  0.997031  0.055193  0.091924  -0.050104  0.994505  0.003383  0.004411  0.004609  0.101457  0.202339  -0.086744  2.000000  
208.289034 0.013389  0.102227  -0.016848  0.994329  0.058257  -0.088972  -0.053479  0.997043  0.055175  0.091924  -0.050104  0.994505  0.003369  0.004412  0.004493  0.092035  0.185041  -0.101355  2.000000  
208.290280 0.013396  0.102235  -0.016843  0.994341  0.058250  -0.088839  -0.053480  0.997044  0.055168  0.091790  -0.050105  0.994517  0.003472  0.004446  0.004431  0.000000  0.000000  0.000000  2.000000  
208.291283 0.013402  0.102240  -0.016840  0.994352  0.058045  -0.088851  -0.053275  0.997056  0.055150  0.091790  -0.050105  0.994517  0.003601  0.004494  0.004360  0.000000  0.000000  0.000000  2.000000  
208.292534 0.013408  0.102245  -0.016836  0.994363  0.057840  -0.088862  -0.053070  0.997068  0.055131  0.091790  -0.050105  0.994517  0.003783  0.004563  0.004313  0.000000  0.000000  0.000000  2.000000  
208.293784 0.013415  0.102250  -0.016832  0.994375  0.057833  -0.088729  -0.053071  0.997068  0.055124  0.091657  -0.050105  0.994529  0.004034  0.004607  0.004224  0.000000  0.000000  0.000000  2.000000  
208.294796 0.013420  0.102254  -0.016830  0.994399  0.057621  -0.088608  -0.052867  0.997080  0.055099  0.091524  -0.050106  0.994542  0.004243  0.004661  0.004166  0.000000  0.000000  0.000000  2.000000  
208.296034 0.013427  0.102259  -0.016826  0.994423  0.057608  -0.088342  -0.052868  0.997081  0.055085  0.091257  -0.050107  0.994566  0.004553  0.004738  0.004025  0.000000  0.000000  0.000000  2.000000  
208.297035 0.013433  0.102263  -0.016824  0.994435  0.057590  -0.088216  -0.052869  0.997088  0.054957  0.091124  -0.049987  0.994584  0.004840  0.004779  0.003819  0.000000  0.000000  0.000000  2.000000  
208.298284 0.013441  0.102269  -0.016821  0.994458  0.057378  -0.088094  -0.052665  0.997100  0.054932  0.090991  -0.049988  0.994596  0.005126  0.004843  0.003566  0.000000  0.000000  0.000000  2.000000  
208.299285 0.013447  0.102274  -0.016819  0.994458  0.057378  -0.088094  -0.052665  0.997100  0.054932  0.090991  -0.049988  0.994596  0.005320  0.004873  0.003338  0.000000  0.000000  0.000000  2.000000  
208.300536 0.013456  0.102282  -0.016817  0.994470  0.057382  -0.087955  -0.052665  0.997094  0.055045  0.090858  -0.050109  0.994602  0.005540  0.004967  0.003101  0.000000  0.000000  0.000000  2.000000  
208.301548 0.013463  0.102288  -0.016814  0.994493  0.057171  -0.087833  -0.052461  0.997106  0.055020  0.090724  -0.050109  0.994615  0.005739  0.005016  0.002955  0.000000  0.000000  0.000000  2.000000  
208.302783 0.013472  0.102297  -0.016811  0.994493  0.057171  -0.087833  -0.052461  0.997106  0.055020  0.090724  -0.050109  0.994615  0.005958  0.005107  0.002744  0.000000  0.000000  0.000000  2.000000  
208.304034 0.013482  0.102306  -0.016808  0.994516  0.056959  -0.087711  -0.052257  0.997118  0.054995  0.090591  -0.050110  0.994627  0.006169  0.005228  0.002669  0.000000  0.000000  0.000000  2.000000  
208.305035 0.013489  0.102313  -0.016804  0.994516  0.056948  -0.087718  -0.052257  0.997125  0.054874  0.090591  -0.049989  0.994633  0.006259  0.005285  0.002598  0.000000  0.000000  0.000000  2.000000  
208.306281 0.013497  0.102321  -0.016801  0.994528  0.056941  -0.087585  -0.052258  0.997125  0.054867  0.090458  -0.049990  0.994645  0.006342  0.005403  0.002603  0.000000  0.000000  0.000000  2.000000  
208.307532 0.013506  0.102329  -0.016797  0.994552  0.056917  -0.087327  -0.052259  0.997133  0.054732  0.090191  -0.049871  0.994675  0.006507  0.005574  0.002590  0.000000  0.000000  0.000000  2.000000  
208.308534 0.013512  0.102335  -0.016794  0.994552  0.056907  -0.087333  -0.052259  0.997139  0.054611  0.090191  -0.049750  0.994681  0.006603  0.005715  0.002578  0.000000  0.000000  0.000000  2.000000  
208.309536 0.013519  0.102341  -0.016791  0.994564  0.056900  -0.087201  -0.052260  0.997140  0.054604  0.090058  -0.049751  0.994693  0.006680  0.005825  0.002584  0.000000  0.000000  0.000000  2.000000  
208.310783 0.013527  0.102348  -0.016788  0.994576  0.056883  -0.087075  -0.052260  0.997147  0.054477  0.089925  -0.049631  0.994711  0.006770  0.006015  0.002608  0.000000  0.000000  0.000000  2.000000  
208.311786 0.013535  0.102355  -0.016785  0.994576  0.056872  -0.087081  -0.052260  0.997153  0.054356  0.089925  -0.049510  0.994717  0.006878  0.006220  0.002650  0.000000  0.000000  0.000000  2.000000  
208.313038 0.013543  0.102363  -0.016782  0.994599  0.056660  -0.086960  -0.052056  0.997165  0.054331  0.089792  -0.049510  0.994729  0.006963  0.006357  0.002622  0.000000  0.000000  0.000000  2.000000  
208.314283 0.013553  0.102371  -0.016780  0.994611  0.056654  -0.086827  -0.052057  0.997165  0.054324  0.089658  -0.049511  0.994741  0.007044  0.006455  0.002589  0.000000  0.000000  0.000000  2.000000  
208.315535 0.013563  0.102380  -0.016778  0.994611  0.056654  -0.086827  -0.052057  0.997165  0.054324  0.089658  -0.049511  0.994741  0.007130  0.006570  0.002609  0.000000  0.000000  0.000000  2.000000  
208.316536 0.013571  0.102387  -0.016776  0.994623  0.056647  -0.086694  -0.052058  0.997166  0.054317  0.089525  -0.049512  0.994753  0.007184  0.006602  0.002557  0.000000  0.000000  0.000000  2.000000  
208.317541 0.013578  0.102394  -0.016774  0.994623  0.056647  -0.086694  -0.052058  0.997166  0.054317  0.089525  -0.049512  0.994753  0.007207  0.006613  0.002530  0.000000  0.000000  0.000000  2.000000  
208.318783 0.013588  0.102403  -0.016771  0.994635  0.056641  -0.086561  -0.052058  0.997166  0.054310  0.089392  -0.049512  0.994765  0.007233  0.006592  0.002502  0.000000  0.000000  0.000000  2.000000  
208.319785 0.013595  0.102410  -0.016768  0.994635  0.056641  -0.086561  -0.052058  0.997166  0.054310  0.089392  -0.049512  0.994765  0.007242  0.006590  0.002463  0.000000  0.000000  0.000000  2.000000  
208.321030 0.013605  0.102418  -0.016764  0.994647  0.056634  -0.086428  -0.052059  0.997167  0.054303  0.089259  -0.049513  0.994777  0.007282  0.006553  0.002451  0.000000  0.000000  0.000000  2.000000  
208.322032 0.013612  0.102424  -0.016762  0.994647  0.056623  -0.086435  -0.052059  0.997173  0.054182  0.089259  -0.049392  0.994783  0.007303  0.006527  0.002421  0.000000  0.000000  0.000000  2.000000  
208.323279 0.013620  0.102430  -0.016758  0.994647  0.056623  -0.086435  -0.052059  0.997173  0.054182  0.089259  -0.049392  0.994783  0.007312  0.006495  0.002422  0.000000  0.000000  0.000000  2.000000  
208.324280 0.013627  0.102436  -0.016755  0.994659  0.056617  -0.086302  -0.052059  0.997173  0.054175  0.089125  -0.049393  0.994795  0.007326  0.006481  0.002439  0.000000  0.000000  0.000000  2.000000  
208.325283 0.013634  0.102443  -0.016751  0.994659  0.056606  -0.086309  -0.052059  0.997180  0.054054  0.089125  -0.049272  0.994801  0.007345  0.006515  0.002500  0.000000  0.000000  0.000000  2.000000  
208.326283 0.013642  0.102450  -0.016748  0.994659  0.056606  -0.086309  -0.052059  0.997180  0.054054  0.089125  -0.049272  0.994801  0.007414  0.006554  0.002590  0.000000  0.000000  0.000000  2.000000  
208.327534 0.013651  0.102458  -0.016743  0.994671  0.056589  -0.086183  -0.052060  0.997187  0.053926  0.088992  -0.049152  0.994819  0.007434  0.006623  0.002752  0.000000  0.000000  0.000000  2.000000  
208.328538 0.013659  0.102466  -0.016739  0.994671  0.056589  -0.086183  -0.052060  0.997187  0.053926  0.088992  -0.049152  0.994819  0.007482  0.006662  0.002881  0.000000  0.000000  0.000000  2.000000  
208.329539 0.013667  0.102473  -0.016735  0.994671  0.056589  -0.086183  -0.052060  0.997187  0.053926  0.088992  -0.049152  0.994819  0.007504  0.006675  0.002990  0.000000  0.000000  0.000000  2.000000  
208.330547 0.013675  0.102480  -0.016730  0.994671  0.056589  -0.086183  -0.052060  0.997187  0.053926  0.088992  -0.049152  0.994819  0.007481  0.006673  0.003212  0.000000  0.000000  0.000000  2.000000  
208.331547 0.013683  0.102487  -0.016726  0.994671  0.056589  -0.086183  -0.052060  0.997187  0.053926  0.088992  -0.049152  0.994819  0.007464  0.006657  0.003339  0.000000  0.000000  0.000000  2.000000  
208.332787 0.013692  0.102496  -0.016722  0.994671  0.056589  -0.086183  -0.052060  0.997187  0.053926  0.088992  -0.049152  0.994819  0.007432  0.006612  0.003407  0.000000  0.000000  0.000000  2.000000  
208.333796 0.013699  0.102502  -0.016719  0.994671  0.056589  -0.086183  -0.052060  0.997187  0.053926  0.088992  -0.049152  0.994819  0.007388  0.006557  0.003470  0.000000  0.000000  0.000000  2.000000  
208.335037 0.013708  0.102509  -0.016714  0.994683  0.056583  -0.086050  -0.052061  0.997187  0.053919  0.088859  -0.049153  0.994831  0.007362  0.006483  0.003543  0.000000  0.000000  0.000000  2.000000  
208.336286 0.013716  0.102515  -0.016709  0.994683  0.056583  -0.086050  -0.052061  0.997187  0.053919  0.088859  -0.049153  0.994831  0.007332  0.006416  0.003660  0.000000  0.000000  0.000000  2.000000  
208.337538 0.013724  0.102521  -0.016705  0.994683  0.056583  -0.086050  -0.052061  0.997187  0.053919  0.088859  -0.049153  0.994831  0.007270  0.006326  0.003736  0.000000  0.000000  0.000000  2.000000  
208.338539 0.013731  0.102526  -0.016701  0.994683  0.056583  -0.086050  -0.052061  0.997187  0.053919  0.088859  -0.049153  0.994831  0.007238  0.006280  0.003803  0.000000  0.000000  0.000000  2.000000  
208.339783 0.013739  0.102533  -0.016695  0.994683  0.056583  -0.086050  -0.052061  0.997187  0.053919  0.088859  -0.049153  0.994831  0.007204  0.006179  0.003845  0.000000  0.000000  0.000000  2.000000  
208.341034 0.013747  0.102539  -0.016690  0.994695  0.056576  -0.085917  -0.052061  0.997188  0.053912  0.088725  -0.049153  0.994843  0.007149  0.006074  0.003897  0.000000  0.000000  0.000000  2.000000  
208.342278 0.013755  0.102547  -0.016684  0.994695  0.056576  -0.085917  -0.052061  0.997188  0.053912  0.088725  -0.049153  0.994843  0.007080  0.006015  0.003963  0.000000  0.000000  0.000000  2.000000  
208.343280 0.013762  0.102553  -0.016679  0.994695  0.056576  -0.085917  -0.052061  0.997188  0.053912  0.088725  -0.049153  0.994843  0.007014  0.005935  0.004005  0.000000  0.000000  0.000000  2.000000  
208.344539 0.013771  0.102561  -0.016673  0.994695  0.056576  -0.085917  -0.052061  0.997188  0.053912  0.088725  -0.049153  0.994843  0.006920  0.005830  0.004100  0.000000  0.000000  0.000000  2.000000  
208.345543 0.013778  0.102567  -0.016668  0.994695  0.056576  -0.085917  -0.052061  0.997188  0.053912  0.088725  -0.049153  0.994843  0.006848  0.005802  0.004157  0.000000  0.000000  0.000000  2.000000  
208.346548 0.013784  0.102574  -0.016662  0.994695  0.056576  -0.085917  -0.052061  0.997188  0.053912  0.088725  -0.049153  0.994843  0.006754  0.005747  0.004305  0.000000  0.000000  0.000000  2.000000  
208.347787 0.013793  0.102582  -0.016656  0.994684  0.056781  -0.085906  -0.052266  0.997176  0.053930  0.088725  -0.049153  0.994843  0.006718  0.005732  0.004428  0.000000  0.000000  0.000000  2.000000  
208.349033 0.013800  0.102589  -0.016649  0.994684  0.056781  -0.085906  -0.052266  0.997176  0.053930  0.088725  -0.049153  0.994843  0.006598  0.005705  0.004569  0.000000  0.000000  0.000000  2.000000  
208.350033 0.013806  0.102593  -0.016644  0.994684  0.056771  -0.085913  -0.052266  0.997182  0.053809  0.088725  -0.049033  0.994849  0.006500  0.005653  0.004680  0.000000  0.000000  0.000000  2.000000  
208.351283 0.013813  0.102600  -0.016638  0.994684  0.056771  -0.085913  -0.052266  0.997182  0.053809  0.088725  -0.049033  0.994849  0.006429  0.005652  0.004765  0.000000  0.000000  0.000000  2.000000  
208.352283 0.013818  0.102605  -0.016633  0.994684  0.056771  -0.085913  -0.052266  0.997182  0.053809  0.088725  -0.049033  0.994849  0.006366  0.005679  0.004857  0.000000  0.000000  0.000000  2.000000  
208.353533 0.013825  0.102611  -0.016627  0.994684  0.056771  -0.085913  -0.052266  0.997182  0.053809  0.088725  -0.049033  0.994849  0.006310  0.005627  0.004907  0.000000  0.000000  0.000000  2.000000  
208.354778 0.013833  0.102617  -0.016621  0.994685  0.056970  -0.085769  -0.052471  0.997171  0.053820  0.088592  -0.049033  0.994860  0.006248  0.005624  0.004953  0.000000  0.000000  0.000000  2.000000  
208.355784 0.013839  0.102622  -0.016616  0.994685  0.056970  -0.085769  -0.052471  0.997171  0.053820  0.088592  -0.049033  0.994860  0.006200  0.005621  0.005016  0.000000  0.000000  0.000000  2.000000  
208.357035 0.013846  0.102628  -0.016611  0.994685  0.056980  -0.085762  -0.052471  0.997165  0.053941  0.088592  -0.049154  0.994854  0.006160  0.005532  0.004939  0.000000  0.000000  0.000000  2.000000  
208.358284 0.013854  0.102636  -0.016606  0.994685  0.056980  -0.085762  -0.052471  0.997165  0.053941  0.088592  -0.049154  0.994854  0.006133  0.005504  0.004919  0.000000  0.000000  0.000000  2.000000  
208.359535 0.013862  0.102643  -0.016601  0.994674  0.057185  -0.085751  -0.052676  0.997153  0.053958  0.088592  -0.049154  0.994854  0.006081  0.005441  0.004784  0.000000  0.000000  0.000000  2.000000  
208.360779 0.013870  0.102649  -0.016595  0.994686  0.057179  -0.085618  -0.052677  0.997153  0.053951  0.088459  -0.049154  0.994866  0.006047  0.005334  0.004758  0.000000  0.000000  0.000000  2.000000  
208.361784 0.013876  0.102655  -0.016591  0.994686  0.057179  -0.085618  -0.052677  0.997153  0.053951  0.088459  -0.049154  0.994866  0.006019  0.005264  0.004647  0.000000  0.000000  0.000000  2.000000  
208.362785 0.013882  0.102660  -0.016586  0.994686  0.057169  -0.085625  -0.052677  0.997160  0.053830  0.088459  -0.049034  0.994872  0.005989  0.005215  0.004623  0.000000  0.000000  0.000000  2.000000  
208.363785 0.013888  0.102665  -0.016581  0.994675  0.057374  -0.085614  -0.052882  0.997148  0.053848  0.088459  -0.049034  0.994872  0.005980  0.005176  0.004571  0.000000  0.000000  0.000000  2.000000  
208.364787 0.013894  0.102670  -0.016577  0.994687  0.057367  -0.085481  -0.052882  0.997148  0.053841  0.088326  -0.049034  0.994884  0.006020  0.005205  0.004555  0.000000  0.000000  0.000000  2.000000  
208.366032 0.013901  0.102676  -0.016571  0.994687  0.057367  -0.085481  -0.052882  0.997148  0.053841  0.088326  -0.049034  0.994884  0.005991  0.005158  0.004534  0.000000  0.000000  0.000000  2.000000  
208.367033 0.013907  0.102681  -0.016567  0.994687  0.057367  -0.085481  -0.052882  0.997148  0.053841  0.088326  -0.049034  0.994884  0.006013  0.005150  0.004504  0.000000  0.000000  0.000000  2.000000  
208.368035 0.013913  0.102686  -0.016562  0.994699  0.057361  -0.085348  -0.052883  0.997149  0.053834  0.088192  -0.049035  0.994896  0.006011  0.005173  0.004456  0.000000  0.000000  0.000000  2.000000  
208.369052 0.013918  0.102691  -0.016557  0.994688  0.057566  -0.085337  -0.053088  0.997137  0.053851  0.088192  -0.049035  0.994896  0.006032  0.005197  0.004473  0.000000  0.000000  0.000000  2.000000  
208.370281 0.013926  0.102698  -0.016552  0.994688  0.057566  -0.085337  -0.053088  0.997137  0.053851  0.088192  -0.049035  0.994896  0.006021  0.005172  0.004419  0.000000  0.000000  0.000000  2.000000  
208.371547 0.013934  0.102705  -0.016547  0.994700  0.057559  -0.085204  -0.053088  0.997137  0.053844  0.088059  -0.049035  0.994908  0.006020  0.005247  0.004420  0.000000  0.000000  0.000000  2.000000  
208.372782 0.013941  0.102712  -0.016542  0.994700  0.057559  -0.085204  -0.053088  0.997137  0.053844  0.088059  -0.049035  0.994908  0.006032  0.005333  0.004431  0.000000  0.000000  0.000000  2.000000  
208.374028 0.013949  0.102719  -0.016536  0.994700  0.057559  -0.085204  -0.053088  0.997137  0.053844  0.088059  -0.049035  0.994908  0.006006  0.005305  0.004411  0.000000  0.000000  0.000000  2.000000  
208.375034 0.013955  0.102725  -0.016532  0.994700  0.057758  -0.085060  -0.053294  0.997126  0.053855  0.087926  -0.049036  0.994919  0.005991  0.005327  0.004401  0.000000  0.000000  0.000000  2.000000  
208.376282 0.013963  0.102732  -0.016528  0.994700  0.057758  -0.085060  -0.053294  0.997126  0.053855  0.087926  -0.049036  0.994919  0.005957  0.005328  0.004376  0.000000  0.000000  0.000000  2.000000  
208.377533 0.013970  0.102739  -0.016523  0.994712  0.057752  -0.084927  -0.053294  0.997126  0.053847  0.087793  -0.049037  0.994931  0.005955  0.005330  0.004332  0.000000  0.000000  0.000000  2.000000  
208.378549 0.013976  0.102744  -0.016518  0.994712  0.057752  -0.084927  -0.053294  0.997126  0.053847  0.087793  -0.049037  0.994931  0.005912  0.005332  0.004251  0.000000  0.000000  0.000000  2.000000  
208.379784 0.013983  0.102750  -0.016513  0.994724  0.057745  -0.084794  -0.053295  0.997126  0.053840  0.087659  -0.049037  0.994943  0.005907  0.005342  0.004252  0.000000  0.000000  0.000000  2.000000  
208.380788 0.013988  0.102756  -0.016509  0.994724  0.057745  -0.084794  -0.053295  0.997126  0.053840  0.087659  -0.049037  0.994943  0.005901  0.005383  0.004198  0.000000  0.000000  0.000000  2.000000  
208.382033 0.013995  0.102762  -0.016503  0.994724  0.057745  -0.084794  -0.053295  0.997126  0.053840  0.087659  -0.049037  0.994943  0.005883  0.005390  0.004236  0.000000  0.000000  0.000000  2.000000  
208.383282 0.014002  0.102769  -0.016498  0.994725  0.057944  -0.084650  -0.053500  0.997115  0.053851  0.087526  -0.049038  0.994955  0.005891  0.005471  0.004244  0.000000  0.000000  0.000000  2.000000  
208.384282 0.014008  0.102775  -0.016493  0.994725  0.057944  -0.084650  -0.053500  0.997115  0.053851  0.087526  -0.049038  0.994955  0.005878  0.005520  0.004231  0.000000  0.000000  0.000000  2.000000  
208.385283 0.014014  0.102781  -0.016488  0.994725  0.057944  -0.084650  -0.053500  0.997115  0.053851  0.087526  -0.049038  0.994955  0.005828  0.005517  0.004241  0.000000  0.000000  0.000000  2.000000  
208.386547 0.014021  0.102789  -0.016483  0.994725  0.057944  -0.084650  -0.053500  0.997115  0.053851  0.087526  -0.049038  0.994955  0.005822  0.005570  0.004287  0.000000  0.000000  0.000000  2.000000  
208.387781 0.014028  0.102796  -0.016477  0.994736  0.057947  -0.084510  -0.053501  0.997109  0.053964  0.087393  -0.049159  0.994960  0.005749  0.005592  0.004326  0.000000  0.000000  0.000000  2.000000  
208.389034 0.014035  0.102804  -0.016471  0.994736  0.057947  -0.084510  -0.053501  0.997109  0.053964  0.087393  -0.049159  0.994960  0.005682  0.005614  0.004369  0.000000  0.000000  0.000000  2.000000  
208.390283 0.014042  0.102812  -0.016465  0.994736  0.057947  -0.084510  -0.053501  0.997109  0.053964  0.087393  -0.049159  0.994960  0.005649  0.005666  0.004393  0.000000  0.000000  0.000000  2.000000  
208.391283 0.014047  0.102818  -0.016461  0.994736  0.057947  -0.084510  -0.053501  0.997109  0.053964  0.087393  -0.049159  0.994960  0.005576  0.005689  0.004432  0.000000  0.000000  0.000000  2.000000  
208.392283 0.014052  0.102824  -0.016456  0.994736  0.057947  -0.084510  -0.053501  0.997109  0.053964  0.087393  -0.049159  0.994960  0.005561  0.005772  0.004516  0.000000  0.000000  0.000000  2.000000  
208.393532 0.014059  0.102831  -0.016451  0.994748  0.057941  -0.084377  -0.053502  0.997109  0.053957  0.087259  -0.049160  0.994972  0.005538  0.005823  0.004496  0.000000  0.000000  0.000000  2.000000  
208.394545 0.014064  0.102837  -0.016447  0.994748  0.057941  -0.084377  -0.053502  0.997109  0.053957  0.087259  -0.049160  0.994972  0.005469  0.005838  0.004496  0.000000  0.000000  0.000000  2.000000  
208.395783 0.014071  0.102844  -0.016441  0.994748  0.057941  -0.084377  -0.053502  0.997109  0.053957  0.087259  -0.049160  0.994972  0.005489  0.005894  0.004507  0.000000  0.000000  0.000000  2.000000  
208.396785 0.014076  0.102850  -0.016436  0.994748  0.057941  -0.084377  -0.053502  0.997109  0.053957  0.087259  -0.049160  0.994972  0.005495  0.005950  0.004559  0.000000  0.000000  0.000000  2.000000  
208.397786 0.014082  0.102856  -0.016432  0.994748  0.057941  -0.084377  -0.053502  0.997109  0.053957  0.087259  -0.049160  0.994972  0.005495  0.005978  0.004520  0.000000  0.000000  0.000000  2.000000  
208.399033 0.014089  0.102864  -0.016426  0.994748  0.057951  -0.084370  -0.053502  0.997102  0.054078  0.087259  -0.049280  0.994966  0.005510  0.006027  0.004527  0.000000  0.000000  0.000000  2.000000  
208.400283 0.014097  0.102872  -0.016421  0.994760  0.057945  -0.084237  -0.053502  0.997103  0.054071  0.087126  -0.049281  0.994978  0.005549  0.006057  0.004511  0.000000  0.000000  0.000000  2.000000  
208.401548 0.014104  0.102879  -0.016415  0.994760  0.057945  -0.084237  -0.053502  0.997103  0.054071  0.087126  -0.049281  0.994978  0.005539  0.006001  0.004461  0.000000  0.000000  0.000000  2.000000  
208.402785 0.014111  0.102886  -0.016409  0.994749  0.058150  -0.084226  -0.053707  0.997091  0.054088  0.087126  -0.049281  0.994978  0.005555  0.005983  0.004474  0.000000  0.000000  0.000000  2.000000  
208.404035 0.014119  0.102894  -0.016404  0.994749  0.058160  -0.084219  -0.053707  0.997084  0.054209  0.087126  -0.049402  0.994972  0.005607  0.005990  0.004468  0.000000  0.000000  0.000000  2.000000  
208.405279 0.014126  0.102902  -0.016398  0.994749  0.058160  -0.084219  -0.053707  0.997084  0.054209  0.087126  -0.049402  0.994972  0.005623  0.006018  0.004524  0.000000  0.000000  0.000000  2.000000  
208.406531 0.014133  0.102910  -0.016392  0.994749  0.058160  -0.084219  -0.053707  0.997084  0.054209  0.087126  -0.049402  0.994972  0.005665  0.006051  0.004510  0.000000  0.000000  0.000000  2.000000  
208.407535 0.014138  0.102916  -0.016387  0.994749  0.058160  -0.084219  -0.053707  0.997084  0.054209  0.087126  -0.049402  0.994972  0.005677  0.006029  0.004523  0.000000  0.000000  0.000000  2.000000  
208.408780 0.014146  0.102924  -0.016382  0.994749  0.058160  -0.084219  -0.053707  0.997084  0.054209  0.087126  -0.049402  0.994972  0.005731  0.006086  0.004561  0.000000  0.000000  0.000000  2.000000  
208.409780 0.014151  0.102930  -0.016377  0.994760  0.058153  -0.084086  -0.053708  0.997085  0.054202  0.086993  -0.049402  0.994983  0.005761  0.006142  0.004539  0.000000  0.000000  0.000000  2.000000  
208.411028 0.014158  0.102938  -0.016371  0.994760  0.058153  -0.084086  -0.053708  0.997085  0.054202  0.086993  -0.049402  0.994983  0.005767  0.006198  0.004591  0.000000  0.000000  0.000000  2.000000  
208.412036 0.014165  0.102945  -0.016367  0.994749  0.058359  -0.084075  -0.053912  0.997073  0.054220  0.086993  -0.049402  0.994983  0.005812  0.006236  0.004583  0.000000  0.000000  0.000000  2.000000  
208.413304 0.014172  0.102953  -0.016361  0.994749  0.058359  -0.084075  -0.053912  0.997073  0.054220  0.086993  -0.049402  0.994983  0.005835  0.006286  0.004555  0.000000  0.000000  0.000000  2.000000  
208.414539 0.014180  0.102962  -0.016355  0.994749  0.058359  -0.084075  -0.053912  0.997073  0.054220  0.086993  -0.049402  0.994983  0.005868  0.006321  0.004581  0.000000  0.000000  0.000000  2.000000  
208.415783 0.014189  0.102970  -0.016349  0.994749  0.058359  -0.084075  -0.053912  0.997073  0.054220  0.086993  -0.049402  0.994983  0.005917  0.006411  0.004620  0.000000  0.000000  0.000000  2.000000  
208.416783 0.014195  0.102977  -0.016344  0.994738  0.058564  -0.084064  -0.054117  0.997061  0.054237  0.086993  -0.049402  0.994983  0.005946  0.006443  0.004643  0.000000  0.000000  0.000000  2.000000  
208.418032 0.014203  0.102985  -0.016338  0.994738  0.058564  -0.084064  -0.054117  0.997061  0.054237  0.086993  -0.049402  0.994983  0.005965  0.006461  0.004656  0.000000  0.000000  0.000000  2.000000  
208.419034 0.014209  0.102992  -0.016334  0.994738  0.058564  -0.084064  -0.054117  0.997061  0.054237  0.086993  -0.049402  0.994983  0.005993  0.006492  0.004679  0.000000  0.000000  0.000000  2.000000  
208.420280 0.014216  0.102999  -0.016328  0.994727  0.058779  -0.084045  -0.054322  0.997042  0.054375  0.086993  -0.049523  0.994977  0.006029  0.006484  0.004661  0.000000  0.000000  0.000000  2.000000  
208.421544 0.014224  0.103007  -0.016322  0.994727  0.058779  -0.084045  -0.054322  0.997042  0.054375  0.086993  -0.049523  0.994977  0.006092  0.006515  0.004710  0.000000  0.000000  0.000000  2.000000  
208.422783 0.014232  0.103015  -0.016316  0.994716  0.058985  -0.084034  -0.054527  0.997030  0.054392  0.086993  -0.049523  0.994977  0.006106  0.006518  0.004674  0.000000  0.000000  0.000000  2.000000  
208.424030 0.014239  0.103024  -0.016310  0.994727  0.058978  -0.083901  -0.054527  0.997030  0.054385  0.086860  -0.049523  0.994989  0.006178  0.006558  0.004730  0.000000  0.000000  0.000000  2.000000  
208.425034 0.014246  0.103030  -0.016306  0.994716  0.059183  -0.083890  -0.054732  0.997018  0.054402  0.086860  -0.049523  0.994989  0.006221  0.006592  0.004717  0.000000  0.000000  0.000000  2.000000  
208.426284 0.014254  0.103039  -0.016300  0.994716  0.059183  -0.083890  -0.054732  0.997018  0.054402  0.086860  -0.049523  0.994989  0.006268  0.006630  0.004707  0.000000  0.000000  0.000000  2.000000  
208.427534 0.014262  0.103048  -0.016294  0.994705  0.059389  -0.083879  -0.054937  0.997006  0.054420  0.086860  -0.049523  0.994989  0.006267  0.006667  0.004709  0.000000  0.000000  0.000000  2.000000  
208.428534 0.014269  0.103055  -0.016289  0.994693  0.059594  -0.083868  -0.055142  0.996993  0.054437  0.086860  -0.049523  0.994989  0.006286  0.006652  0.004723  0.000000  0.000000  0.000000  2.000000  
208.429537 0.014275  0.103062  -0.016284  0.994693  0.059594  -0.083868  -0.055142  0.996993  0.054437  0.086860  -0.049523  0.994989  0.006287  0.006690  0.004726  0.000000  0.000000  0.000000  2.000000  
208.430538 0.014281  0.103069  -0.016280  0.994682  0.059799  -0.083856  -0.055347  0.996981  0.054454  0.086860  -0.049523  0.994989  0.006275  0.006714  0.004718  0.000000  0.000000  0.000000  2.000000  
208.431547 0.014288  0.103076  -0.016275  0.994671  0.059994  -0.083852  -0.055551  0.996975  0.054350  0.086860  -0.049403  0.994995  0.006286  0.006729  0.004726  0.000000  0.000000  0.000000  2.000000  
208.432786 0.014295  0.103085  -0.016269  0.994659  0.060199  -0.083841  -0.055756  0.996963  0.054368  0.086860  -0.049403  0.994995  0.006278  0.006758  0.004721  0.000000  0.000000  0.000000  2.000000  
208.434033 0.014303  0.103093  -0.016263  0.994648  0.060405  -0.083830  -0.055961  0.996951  0.054385  0.086860  -0.049403  0.994995  0.006292  0.006772  0.004734  0.000000  0.000000  0.000000  2.000000  
208.435033 0.014309  0.103100  -0.016258  0.994636  0.060610  -0.083819  -0.056166  0.996938  0.054402  0.086860  -0.049403  0.994995  0.006296  0.006816  0.004737  0.000000  0.000000  0.000000  2.000000  
208.436282 0.014317  0.103107  -0.016252  0.994624  0.060815  -0.083808  -0.056370  0.996926  0.054420  0.086860  -0.049403  0.994995  0.006272  0.006792  0.004720  0.000000  0.000000  0.000000  2.000000  
208.437284 0.014323  0.103114  -0.016248  0.994613  0.061020  -0.083796  -0.056575  0.996913  0.054437  0.086860  -0.049403  0.994995  0.006275  0.006784  0.004676  0.000000  0.000000  0.000000  2.000000  
208.438285 0.014329  0.103121  -0.016243  0.994601  0.061226  -0.083785  -0.056780  0.996901  0.054454  0.086860  -0.049403  0.994995  0.006304  0.006815  0.004699  0.000000  0.000000  0.000000  2.000000  
208.439533 0.014337  0.103129  -0.016237  0.994578  0.061646  -0.083755  -0.057189  0.996869  0.054609  0.086860  -0.049523  0.994989  0.006294  0.006818  0.004739  0.000000  0.000000  0.000000  2.000000  
208.440778 0.014345  0.103138  -0.016232  0.994566  0.061851  -0.083744  -0.057394  0.996856  0.054627  0.086860  -0.049523  0.994989  0.006278  0.006824  0.004683  0.000000  0.000000  0.000000  2.000000  
208.441782 0.014351  0.103145  -0.016228  0.994554  0.062057  -0.083733  -0.057599  0.996843  0.054644  0.086860  -0.049523  0.994989  0.006274  0.006812  0.004632  0.000000  0.000000  0.000000  2.000000  
208.443031 0.014359  0.103153  -0.016222  0.994530  0.062467  -0.083710  -0.058008  0.996818  0.054678  0.086860  -0.049523  0.994989  0.006257  0.006792  0.004623  0.000000  0.000000  0.000000  2.000000  
208.444279 0.014367  0.103162  -0.016216  0.994518  0.062672  -0.083699  -0.058213  0.996805  0.054696  0.086860  -0.049523  0.994989  0.006231  0.006766  0.004604  0.000000  0.000000  0.000000  2.000000  
208.445290 0.014373  0.103169  -0.016212  0.994494  0.063083  -0.083677  -0.058623  0.996779  0.054730  0.086860  -0.049523  0.994989  0.006224  0.006749  0.004549  0.000000  0.000000  0.000000  2.000000  
208.446539 0.014380  0.103177  -0.016207  0.994482  0.063288  -0.083665  -0.058827  0.996766  0.054747  0.086860  -0.049523  0.994989  0.006181  0.006726  0.004475  0.000000  0.000000  0.000000  2.000000  
